sl_100_86400_20280413 Coordinates.csv
2028/04/13 07:47:00.0000 UTC

Generated: Tue Oct  8 21:44:00 2024,
Start: 2028/04/13 07:47:00.00, Stop: 2028/04/14 07:47:00.00,
TIME_UNITS,STARLINK-32138 - X-Coordinate,STARLINK-2370 - X-Coordinate,STARLINK-5091 - X-Coordinate,STARLINK-6080 - X-Coordinate,STARLINK-5127 - X-Coordinate,STARLINK-30503 - X-Coordinate,STARLINK-5372 - X-Coordinate,STARLINK-30853 - X-Coordinate,STARLINK-6329 - X-Coordinate,STARLINK-2398 - X-Coordinate,STARLINK-31852 - X-Coordinate,STARLINK-1982 - X-Coordinate,STARLINK-4301 - X-Coordinate,STARLINK-4512 - X-Coordinate,STARLINK-4056 - X-Coordinate,STARLINK-3924 - X-Coordinate,STARLINK-30269 - X-Coordinate,STARLINK-1420 - X-Coordinate,STARLINK-4476 - X-Coordinate,STARLINK-30957 - X-Coordinate,STARLINK-5713 - X-Coordinate,STARLINK-11084 [DTC] - X-Coordinate,STARLINK-3285 - X-Coordinate,STARLINK-5548 - X-Coordinate,STARLINK-3792 - X-Coordinate,STARLINK-5819 - X-Coordinate,STARLINK-4146 - X-Coordinate,STARLINK-6155 - X-Coordinate,STARLINK-31418 - X-Coordinate,STARLINK-1981 - X-Coordinate,STARLINK-1695 - X-Coordinate,STARLINK-4639 - X-Coordinate,STARLINK-3279 - X-Coordinate,STARLINK-6077 - X-Coordinate,STARLINK-31232 - X-Coordinate,STARLINK-30563 - X-Coordinate,STARLINK-4077 - X-Coordinate,STARLINK-2171 - X-Coordinate,STARLINK-30262 - X-Coordinate,STARLINK-1400 - X-Coordinate,STARLINK-3057 - X-Coordinate,STARLINK-3321 - X-Coordinate,STARLINK-31647 - X-Coordinate,STARLINK-3901 - X-Coordinate,STARLINK-1219 - X-Coordinate,STARLINK-4767 - X-Coordinate,STARLINK-3996 - X-Coordinate,STARLINK-4485 - X-Coordinate,STARLINK-3244 - X-Coordinate,STARLINK-4162 - X-Coordinate,STARLINK-6190 - X-Coordinate,STARLINK-5146 - X-Coordinate,STARLINK-5789 - X-Coordinate,STARLINK-31569 - X-Coordinate,STARLINK-30261 - X-Coordinate,STARLINK-5422 - X-Coordinate,STARLINK-31769 - X-Coordinate,STARLINK-2565 - X-Coordinate,STARLINK-31004 - X-Coordinate,STARLINK-4092 - X-Coordinate,STARLINK-31528 - X-Coordinate,STARLINK-4669 - X-Coordinate,STARLINK-5360 - X-Coordinate,STARLINK-5660 - X-Coordinate,STARLINK-2029 - X-Coordinate,STARLINK-4095 - X-Coordinate,STARLINK-3858 - X-Coordinate,STARLINK-3325 - X-Coordinate,STARLINK-4754 - X-Coordinate,STARLINK-30444 - X-Coordinate,STARLINK-1130 (DARKSAT) - X-Coordinate,STARLINK-4193 - X-Coordinate,STARLINK-5101 - X-Coordinate,STARLINK-4737 - X-Coordinate,STARLINK-3302 - X-Coordinate,STARLINK-30551 - X-Coordinate,STARLINK-5361 - X-Coordinate,STARLINK-4521 - X-Coordinate,STARLINK-5547 - X-Coordinate,STARLINK-2509 - X-Coordinate,STARLINK-5599 - X-Coordinate,STARLINK-4344 - X-Coordinate,STARLINK-4409 - X-Coordinate,STARLINK-31099 - X-Coordinate,STARLINK-3292 - X-Coordinate,STARLINK-6317 - X-Coordinate,STARLINK-11272 [DTC] - X-Coordinate,STARLINK-30227 - X-Coordinate,STARLINK-2021 - X-Coordinate,STARLINK-30145 - X-Coordinate,STARLINK-30192 - X-Coordinate,STARLINK-30771 - X-Coordinate,STARLINK-31979 - X-Coordinate,STARLINK-4400 - X-Coordinate,STARLINK-5279 - X-Coordinate,STARLINK-1230 - X-Coordinate,STARLINK-30612 - X-Coordinate,STARLINK-5632 - X-Coordinate,STARLINK-31220 - X-Coordinate,STARLINK-3052 - X-Coordinate,MoonARTEMIS1 - X-Coordinate,MoonARTEMIS2 - X-Coordinate,MoonIOAGEO - X-Coordinate,MoonIOAGNO - X-Coordinate,MoonIOAGNO 0001 - X-Coordinate,MoonIOAGSO - X-Coordinate,MoonIOAGSO 0001 - X-Coordinate,MoonLRO - X-Coordinate,MarsSat1 - X-Coordinate,MarsSat2 - X-Coordinate,MarsSat3 - X-Coordinate,MarsSat4 - X-Coordinate,Moon - X-Coordinate,Mars - X-Coordinate,STARLINK-32138 - Y-Coordinate,STARLINK-2370 - Y-Coordinate,STARLINK-5091 - Y-Coordinate,STARLINK-6080 - Y-Coordinate,STARLINK-5127 - Y-Coordinate,STARLINK-30503 - Y-Coordinate,STARLINK-5372 - Y-Coordinate,STARLINK-30853 - Y-Coordinate,STARLINK-6329 - Y-Coordinate,STARLINK-2398 - Y-Coordinate,STARLINK-31852 - Y-Coordinate,STARLINK-1982 - Y-Coordinate,STARLINK-4301 - Y-Coordinate,STARLINK-4512 - Y-Coordinate,STARLINK-4056 - Y-Coordinate,STARLINK-3924 - Y-Coordinate,STARLINK-30269 - Y-Coordinate,STARLINK-1420 - Y-Coordinate,STARLINK-4476 - Y-Coordinate,STARLINK-30957 - Y-Coordinate,STARLINK-5713 - Y-Coordinate,STARLINK-11084 [DTC] - Y-Coordinate,STARLINK-3285 - Y-Coordinate,STARLINK-5548 - Y-Coordinate,STARLINK-3792 - Y-Coordinate,STARLINK-5819 - Y-Coordinate,STARLINK-4146 - Y-Coordinate,STARLINK-6155 - Y-Coordinate,STARLINK-31418 - Y-Coordinate,STARLINK-1981 - Y-Coordinate,STARLINK-1695 - Y-Coordinate,STARLINK-4639 - Y-Coordinate,STARLINK-3279 - Y-Coordinate,STARLINK-6077 - Y-Coordinate,STARLINK-31232 - Y-Coordinate,STARLINK-30563 - Y-Coordinate,STARLINK-4077 - Y-Coordinate,STARLINK-2171 - Y-Coordinate,STARLINK-30262 - Y-Coordinate,STARLINK-1400 - Y-Coordinate,STARLINK-3057 - Y-Coordinate,STARLINK-3321 - Y-Coordinate,STARLINK-31647 - Y-Coordinate,STARLINK-3901 - Y-Coordinate,STARLINK-1219 - Y-Coordinate,STARLINK-4767 - Y-Coordinate,STARLINK-3996 - Y-Coordinate,STARLINK-4485 - Y-Coordinate,STARLINK-3244 - Y-Coordinate,STARLINK-4162 - Y-Coordinate,STARLINK-6190 - Y-Coordinate,STARLINK-5146 - Y-Coordinate,STARLINK-5789 - Y-Coordinate,STARLINK-31569 - Y-Coordinate,STARLINK-30261 - Y-Coordinate,STARLINK-5422 - Y-Coordinate,STARLINK-31769 - Y-Coordinate,STARLINK-2565 - Y-Coordinate,STARLINK-31004 - Y-Coordinate,STARLINK-4092 - Y-Coordinate,STARLINK-31528 - Y-Coordinate,STARLINK-4669 - Y-Coordinate,STARLINK-5360 - Y-Coordinate,STARLINK-5660 - Y-Coordinate,STARLINK-2029 - Y-Coordinate,STARLINK-4095 - Y-Coordinate,STARLINK-3858 - Y-Coordinate,STARLINK-3325 - Y-Coordinate,STARLINK-4754 - Y-Coordinate,STARLINK-30444 - Y-Coordinate,STARLINK-1130 (DARKSAT) - Y-Coordinate,STARLINK-4193 - Y-Coordinate,STARLINK-5101 - Y-Coordinate,STARLINK-4737 - Y-Coordinate,STARLINK-3302 - Y-Coordinate,STARLINK-30551 - Y-Coordinate,STARLINK-5361 - Y-Coordinate,STARLINK-4521 - Y-Coordinate,STARLINK-5547 - Y-Coordinate,STARLINK-2509 - Y-Coordinate,STARLINK-5599 - Y-Coordinate,STARLINK-4344 - Y-Coordinate,STARLINK-4409 - Y-Coordinate,STARLINK-31099 - Y-Coordinate,STARLINK-3292 - Y-Coordinate,STARLINK-6317 - Y-Coordinate,STARLINK-11272 [DTC] - Y-Coordinate,STARLINK-30227 - Y-Coordinate,STARLINK-2021 - Y-Coordinate,STARLINK-30145 - Y-Coordinate,STARLINK-30192 - Y-Coordinate,STARLINK-30771 - Y-Coordinate,STARLINK-31979 - Y-Coordinate,STARLINK-4400 - Y-Coordinate,STARLINK-5279 - Y-Coordinate,STARLINK-1230 - Y-Coordinate,STARLINK-30612 - Y-Coordinate,STARLINK-5632 - Y-Coordinate,STARLINK-31220 - Y-Coordinate,STARLINK-3052 - Y-Coordinate,MoonARTEMIS1 - Y-Coordinate,MoonARTEMIS2 - Y-Coordinate,MoonIOAGEO - Y-Coordinate,MoonIOAGNO - Y-Coordinate,MoonIOAGNO 0001 - Y-Coordinate,MoonIOAGSO - Y-Coordinate,MoonIOAGSO 0001 - Y-Coordinate,MoonLRO - Y-Coordinate,MarsSat1 - Y-Coordinate,MarsSat2 - Y-Coordinate,MarsSat3 - Y-Coordinate,MarsSat4 - Y-Coordinate,Moon - Y-Coordinate,Mars - Y-Coordinate,STARLINK-32138 - Z-Coordinate,STARLINK-2370 - Z-Coordinate,STARLINK-5091 - Z-Coordinate,STARLINK-6080 - Z-Coordinate,STARLINK-5127 - Z-Coordinate,STARLINK-30503 - Z-Coordinate,STARLINK-5372 - Z-Coordinate,STARLINK-30853 - Z-Coordinate,STARLINK-6329 - Z-Coordinate,STARLINK-2398 - Z-Coordinate,STARLINK-31852 - Z-Coordinate,STARLINK-1982 - Z-Coordinate,STARLINK-4301 - Z-Coordinate,STARLINK-4512 - Z-Coordinate,STARLINK-4056 - Z-Coordinate,STARLINK-3924 - Z-Coordinate,STARLINK-30269 - Z-Coordinate,STARLINK-1420 - Z-Coordinate,STARLINK-4476 - Z-Coordinate,STARLINK-30957 - Z-Coordinate,STARLINK-5713 - Z-Coordinate,STARLINK-11084 [DTC] - Z-Coordinate,STARLINK-3285 - Z-Coordinate,STARLINK-5548 - Z-Coordinate,STARLINK-3792 - Z-Coordinate,STARLINK-5819 - Z-Coordinate,STARLINK-4146 - Z-Coordinate,STARLINK-6155 - Z-Coordinate,STARLINK-31418 - Z-Coordinate,STARLINK-1981 - Z-Coordinate,STARLINK-1695 - Z-Coordinate,STARLINK-4639 - Z-Coordinate,STARLINK-3279 - Z-Coordinate,STARLINK-6077 - Z-Coordinate,STARLINK-31232 - Z-Coordinate,STARLINK-30563 - Z-Coordinate,STARLINK-4077 - Z-Coordinate,STARLINK-2171 - Z-Coordinate,STARLINK-30262 - Z-Coordinate,STARLINK-1400 - Z-Coordinate,STARLINK-3057 - Z-Coordinate,STARLINK-3321 - Z-Coordinate,STARLINK-31647 - Z-Coordinate,STARLINK-3901 - Z-Coordinate,STARLINK-1219 - Z-Coordinate,STARLINK-4767 - Z-Coordinate,STARLINK-3996 - Z-Coordinate,STARLINK-4485 - Z-Coordinate,STARLINK-3244 - Z-Coordinate,STARLINK-4162 - Z-Coordinate,STARLINK-6190 - Z-Coordinate,STARLINK-5146 - Z-Coordinate,STARLINK-5789 - Z-Coordinate,STARLINK-31569 - Z-Coordinate,STARLINK-30261 - Z-Coordinate,STARLINK-5422 - Z-Coordinate,STARLINK-31769 - Z-Coordinate,STARLINK-2565 - Z-Coordinate,STARLINK-31004 - Z-Coordinate,STARLINK-4092 - Z-Coordinate,STARLINK-31528 - Z-Coordinate,STARLINK-4669 - Z-Coordinate,STARLINK-5360 - Z-Coordinate,STARLINK-5660 - Z-Coordinate,STARLINK-2029 - Z-Coordinate,STARLINK-4095 - Z-Coordinate,STARLINK-3858 - Z-Coordinate,STARLINK-3325 - Z-Coordinate,STARLINK-4754 - Z-Coordinate,STARLINK-30444 - Z-Coordinate,STARLINK-1130 (DARKSAT) - Z-Coordinate,STARLINK-4193 - Z-Coordinate,STARLINK-5101 - Z-Coordinate,STARLINK-4737 - Z-Coordinate,STARLINK-3302 - Z-Coordinate,STARLINK-30551 - Z-Coordinate,STARLINK-5361 - Z-Coordinate,STARLINK-4521 - Z-Coordinate,STARLINK-5547 - Z-Coordinate,STARLINK-2509 - Z-Coordinate,STARLINK-5599 - Z-Coordinate,STARLINK-4344 - Z-Coordinate,STARLINK-4409 - Z-Coordinate,STARLINK-31099 - Z-Coordinate,STARLINK-3292 - Z-Coordinate,STARLINK-6317 - Z-Coordinate,STARLINK-11272 [DTC] - Z-Coordinate,STARLINK-30227 - Z-Coordinate,STARLINK-2021 - Z-Coordinate,STARLINK-30145 - Z-Coordinate,STARLINK-30192 - Z-Coordinate,STARLINK-30771 - Z-Coordinate,STARLINK-31979 - Z-Coordinate,STARLINK-4400 - Z-Coordinate,STARLINK-5279 - Z-Coordinate,STARLINK-1230 - Z-Coordinate,STARLINK-30612 - Z-Coordinate,STARLINK-5632 - Z-Coordinate,STARLINK-31220 - Z-Coordinate,STARLINK-3052 - Z-Coordinate,MoonARTEMIS1 - Z-Coordinate,MoonARTEMIS2 - Z-Coordinate,MoonIOAGEO - Z-Coordinate,MoonIOAGNO - Z-Coordinate,MoonIOAGNO 0001 - Z-Coordinate,MoonIOAGSO - Z-Coordinate,MoonIOAGSO 0001 - Z-Coordinate,MoonLRO - Z-Coordinate,MarsSat1 - Z-Coordinate,MarsSat2 - Z-Coordinate,MarsSat3 - Z-Coordinate,MarsSat4 - Z-Coordinate,Moon - Z-Coordinate,Mars - Z-Coordinate,
SECONDS,km,km,km,km,km,km,km,km,km,km,km,km,km,km,km,km,km,km,km,km,km,km,km,km,km,km,km,km,km,km,km,km,km,km,km,km,km,km,km,km,km,km,km,km,km,km,km,km,km,km,km,km,km,km,km,km,km,km,km,km,km,km,km,km,km,km,km,km,km,km,km,km,km,km,km,km,km,km,km,km,km,km,km,km,km,km,km,km,km,km,km,km,km,km,km,km,km,km,km,km,km,km,km,km,km,km,km,km,km,km,km,km,km,km,km,km,km,km,km,km,km,km,km,km,km,km,km,km,km,km,km,km,km,km,km,km,km,km,km,km,km,km,km,km,km,km,km,km,km,km,km,km,km,km,km,km,km,km,km,km,km,km,km,km,km,km,km,km,km,km,km,km,km,km,km,km,km,km,km,km,km,km,km,km,km,km,km,km,km,km,km,km,km,km,km,km,km,km,km,km,km,km,km,km,km,km,km,km,km,km,km,km,km,km,km,km,km,km,km,km,km,km,km,km,km,km,km,km,km,km,km,km,km,km,km,km,km,km,km,km,km,km,km,km,km,km,km,km,km,km,km,km,km,km,km,km,km,km,km,km,km,km,km,km,km,km,km,km,km,km,km,km,km,km,km,km,km,km,km,km,km,km,km,km,km,km,km,km,km,km,km,km,km,km,km,km,km,km,km,km,km,km,km,km,km,km,km,km,km,km,km,km,km,km,km,km,km,km,km,km,km,km,km,km,km,km,km,km,km,km,km,km,km,km,km,km,km,km,km,km,km,km,
0.000,4811.9493,6776.2404,4129.3353,3389.2969,1862.1080,3837.5402,-5925.3655,2435.3758,-1073.8316,802.0992,1282.7087,6278.6127,0.0000,4646.9155,3250.4978,3145.3440,3722.8689,-5545.9418,3840.6409,3916.6304,5070.2948,-4417.1862,-4180.0935,-1905.4952,-1485.6197,4081.2721,-5375.6270,-1832.5120,-5177.0776,-5773.3270,-5492.7888,4173.8860,4379.4975,3624.5018,-1466.8443,-960.9525,-6861.9557,-6037.4455,-4375.0607,-5456.0737,6819.7364,-5373.3157,-2411.1047,4111.1039,2629.4570,5586.5548,665.2515,6196.4590,6687.5776,6897.0214,1567.4322,4026.5822,-3456.3893,-2391.0310,6800.4445,-5152.1949,5415.4484,-5294.4931,-4687.7284,-6049.8337,3800.3636,-4827.6485,413.6638,-4898.6546,-4861.9496,-2331.1488,-368.1474,5459.0696,-2432.9336,-815.5617,4464.7354,6527.5086,-4713.9187,-3767.7097,6385.6110,-4981.4839,-4958.6552,-4225.4833,-4860.3984,6136.1122,-2138.1133,-4586.6107,960.0049,-2142.0304,4036.7669,-88.8726,-554.0384,-6327.9252,948.5166,-5299.5156,-5255.6847,893.0090,4191.9115,-1069.1480,277.4243,6851.6226,-810.7785,-3802.4715,-2758.0071,3043.1466,-149659.0397,-136713.8744,-144315.9664,-144669.6126,-148751.5253,-147171.7799,-139378.5706,-142250.8603,-184292388.4581,-184286161.6287,-184283450.6303,-184288275.3697,-142092.0444,-184288608.4995,-2249.5035,-555.6704,-3513.7000,-3828.3166,3768.4542,-3458.2153,434.0006,-6422.8063,5632.5738,-4005.8475,-4818.5697,-1671.4669,0.0000,-937.7827,2725.5181,6022.2334,-4429.3542,-871.0454,-1696.3197,-5718.6075,4296.1845,3489.1708,456.6060,-73.5144,-3931.3240,5380.0153,2787.3994,6558.2411,3764.6809,1967.3757,-413.3513,-5119.1104,-928.6571,-3588.4127,6408.2667,-6715.3139,-690.0567,2608.3386,-2860.7608,-1797.1701,1181.6540,2575.3795,-5377.8547,4525.6042,-4095.1225,2546.7962,6507.0337,-2397.9039,-22.0336,7.3834,5798.7403,-2694.1989,-3899.1075,4369.3635,1248.9139,4043.9874,-302.7578,-2215.9265,2044.8719,14.8923,1641.1048,4727.9131,-5544.0066,-4613.3924,-2982.8949,-4500.2871,-6044.2265,-3166.3069,3399.8870,6228.8426,-1896.3318,-1484.1736,2512.3592,1726.7809,421.4234,-1232.6541,4219.9454,1283.9562,1507.6760,-828.6291,1255.7839,-1981.2674,-1562.0223,6338.1351,916.4359,-5502.3799,-4204.6442,1649.1557,4280.1680,-4395.4831,-2599.4415,-4580.8403,-425.5221,-2131.6980,4140.0620,387.2866,4175.3288,-4185.0101,-4780.3039,1070.0013,-303495.9820,-327658.8837,-307873.9733,-308286.8090,-315865.4746,-314611.1535,-316035.6170,-313525.8927,305790215.9959,305768662.1230,305823822.5186,305803120.5875,-313507.6888,305810054.7698,4288.1388,491.7754,-4293.7789,-4670.1235,5479.9239,4594.9433,3562.6523,702.7359,3878.5354,-5410.6808,4629.9018,2286.1004,0.0000,-5036.7961,5449.8453,-1184.7706,3797.3649,4001.2896,-5469.0385,-210.4641,-1880.5658,-3709.9343,-5492.1526,6656.1952,-5484.8201,-1639.3224,3317.4237,1227.2783,2294.5664,-3226.1498,-4126.6932,2050.0135,5248.7595,-4709.4907,-1866.0160,-657.9736,375.2532,-2138.8261,-4377.3057,3792.7183,-728.8988,3489.5676,3451.7770,-3191.6499,4873.2224,3174.4789,2174.4916,-1727.0231,1819.6230,227.9519,-3500.6689,4912.5148,4557.7365,-4641.0850,119.2891,-2174.3282,-4140.6975,3647.8617,4676.8204,-3210.9157,-5522.7963,-1267.5607,-4143.2512,-1651.6464,3656.6606,-4693.3522,-3297.8352,-2824.6782,-5515.9858,-2930.3077,4750.6250,1631.4511,4410.2973,-5520.0322,2609.0991,4649.5892,-2331.9956,5302.8968,-4699.7895,-2893.6928,-6503.4016,-4818.6353,-6699.0944,1772.8383,5522.1778,-4218.3123,-5245.3036,-2266.8299,-5321.1228,88.9992,-3738.2431,-5034.1211,5362.2196,-6499.0600,-5516.4660,-66.1093,-5348.0680,-4032.7163,-4083.9719,-6162.1727,-167333.1219,-166778.8095,-166832.4185,-165050.6282,-162272.2866,-171693.8750,-176058.9820,-166044.3610,42867700.9365,42848051.1765,42869868.1151,42868419.7854,-167854.4252,42870785.6629,
3600.000,-4713.7592,-5059.4876,-2366.0576,161.7938,-5275.7655,-368.5166,3569.6011,44.6595,-2789.6674,3673.1639,2965.3196,-3068.4386,0.0000,-1753.9671,-6188.2473,-3849.1700,282.3891,6819.2120,-2748.2629,-1396.4360,-6240.4769,-597.4196,4287.0131,4540.7063,5166.6932,-3804.9193,1582.0740,-470.8155,1091.6824,2155.7159,2815.7707,-2820.0864,-4793.0024,-940.5716,-1466.3715,2714.4665,5267.6245,5198.0182,5281.1262,6874.5489,-5614.2928,1569.4004,3917.6876,-4142.9615,1872.4229,-4102.3289,-2660.2747,-4998.2331,-6295.9829,-5443.5599,-1934.1530,17.0341,5607.4593,-1717.7209,-5811.3411,1696.8643,-3094.8158,6728.7843,2405.3826,2931.8636,-5327.1874,3012.4729,2599.3257,5227.7466,6571.1949,5194.1674,2225.9902,-1827.4336,-525.4973,-1561.4412,-4337.2380,-3672.7930,1618.4355,1660.0316,-6583.0588,5054.5647,3329.3379,1519.8504,3022.8633,-5996.6004,-764.8582,4823.8799,-5632.6004,576.5479,-5045.8571,3791.5911,4761.1586,3505.5683,-4632.6060,5733.0509,4940.9238,1987.6084,-2482.2600,-693.7156,-4478.9503,-5271.4895,-3887.4597,4848.1988,5164.8020,-6350.5727,-68728.3278,-50799.0022,-60228.8110,-60647.9208,-66312.5166,-63657.2612,-57634.4266,-59605.3619,-257207025.8670,-257192128.3087,-257205272.0656,-257199461.6723,-59517.0119,-257204287.3070,4947.0191,2320.4730,6316.4618,5832.4662,-1198.9534,5684.7589,-3629.7189,6250.9350,-4336.6248,4839.8055,5542.4460,3245.3929,0.0000,4289.1141,-319.9987,-3141.1517,5124.9242,-1040.2842,5500.5838,5969.6119,-2266.6426,-4081.7765,-4348.8027,3905.8479,1677.5421,-4768.1505,-3873.0806,-6453.7523,-4898.8753,-3594.3441,-3096.5131,5876.0791,4395.0206,6204.2347,-4232.3280,4178.8984,-1235.0820,-3967.4564,-1732.1820,139.8621,-758.0515,-3851.8534,1214.5446,-559.6506,4151.7262,1001.8386,-3645.7725,3760.2709,1493.2535,1656.1150,-1997.8224,4543.7448,415.2669,-5971.5747,1302.7937,-4189.2305,4350.4083,406.0653,-5315.3411,-2888.2583,2258.4605,-5293.7554,6303.8848,1358.4444,1329.6491,4430.4367,6436.8203,3900.5262,-6000.4269,-6721.0088,5168.1663,3000.3729,-5204.3756,-5415.2994,1165.8896,-2803.0650,-5897.3869,-4770.1337,-5093.3622,2759.0597,-4656.4505,4988.7624,1896.9248,-6405.2335,3017.1644,3698.3393,4369.1731,-3837.9642,-4441.8027,1655.3121,-1308.3420,6366.1275,4809.0529,6245.3206,-3415.9212,1543.9865,-3664.5414,4898.2670,1030.6002,30.8201,-333495.4578,-352948.1410,-333386.5166,-335000.4808,-341830.8160,-340372.9805,-341547.4388,-339456.5740,247617114.4983,247598666.3632,247650281.4644,247637588.2100,-339164.6943,247636453.5727,-108.6366,3925.6109,1504.6415,3712.6275,-4308.9142,-3934.9152,-4712.6247,2925.5836,-4633.2423,2989.7784,-2629.8951,-5253.8984,0.0000,5121.2421,-3069.9714,4771.3350,-4657.1656,62.9434,3103.9804,-3247.9077,-1903.0631,5317.0161,3234.6422,-3506.8330,4255.9490,-3333.5550,-5503.3190,2443.4391,-4595.9383,5465.7030,5448.3659,2306.4835,-2326.6829,2950.4858,5149.3500,4639.8224,-4301.4884,-2255.8461,3933.1665,399.0157,-4049.5728,-5522.7633,-5470.7461,5471.7868,-5181.6193,-5482.1323,-5219.3918,-2834.5157,2475.4998,3893.3969,6354.8639,-5206.2187,-4056.5448,2763.2596,-3521.5508,5201.7675,4235.1158,923.6934,-3759.7508,5460.6264,3743.8519,-3195.6766,1229.5987,4326.4596,1006.0219,1030.3150,-1073.9526,5394.8240,3394.6430,-647.1401,-822.7588,-5007.1729,-4292.3570,3930.6950,1749.1056,-3833.0768,-1401.0380,-4765.4270,3575.2407,-1772.5848,5096.1939,-132.5074,3565.5392,2550.7889,-3633.4230,4458.4927,1912.9955,4555.5850,2499.5803,3426.9729,4697.3443,1600.7818,-4170.0226,2873.1020,3975.3457,-4121.3274,4242.6935,-837.0221,4389.0417,2812.6725,-168020.0882,-167268.8299,-166167.3821,-167663.2112,-161860.5098,-168607.3017,-177253.6060,-169877.9096,42942573.6904,42924039.6127,42954057.8452,42941926.1406,-168125.7185,42948563.7707,
7200.000,2100.1670,718.8037,75.3571,-2943.7021,6864.4307,-2529.0083,-788.8826,-3196.1465,5939.0919,-5401.8763,-5296.0065,-1144.8654,0.0000,-599.5196,6660.5803,4250.3675,-3975.3999,-4938.2625,1346.7578,-2193.1521,5167.6413,5006.2976,-3414.2512,-3118.3343,-6897.0613,2608.2976,2580.6348,3212.1394,3510.7043,1878.3333,-178.0725,-332.3986,3613.4297,-1367.1821,4910.3879,-4482.2668,-1803.4631,-1789.2480,-4576.5616,-5052.5755,2165.7828,2493.4720,-5020.8777,3950.6488,-5321.2847,2265.4861,4886.2835,1042.8064,3246.3415,1772.9380,3488.4101,-3249.2903,-6363.7292,4367.6137,2928.8522,2782.1760,351.2175,-4408.3241,-105.8496,600.7659,5311.0057,871.2933,-4327.4468,-4637.4490,-4479.3341,-5485.6465,-3341.9062,-2486.0165,2330.2394,3477.9373,1915.3103,-558.8713,1268.5405,14.2044,3843.3336,-4137.4488,-125.9068,598.5520,-947.5764,2527.5311,1782.6619,-1755.2890,6733.4432,1976.9593,4710.9512,-6447.2511,-5545.4198,233.1965,5767.6085,-4483.2849,-4037.9332,-3393.0971,758.5831,3012.8480,6482.1381,1459.3277,6325.8944,-3596.1857,-6200.9584,6610.6969,18251.2509,38955.8071,27846.6107,28510.8018,20145.2306,26487.4632,27966.8905,26954.6650,-312564991.7263,-312542798.2042,-312568816.5885,-312562088.0150,26886.1278,-312562912.7475,-4988.1698,-4104.9389,-6544.1963,-6246.5444,-722.2914,-6389.7642,6201.7990,-3931.6753,2501.5726,-3646.1572,-4047.3516,-4850.9186,0.0000,-6589.6064,-1364.4250,-1331.3211,-5016.0525,2517.3023,-6634.6892,-4569.3708,-1058.8783,3872.5108,5919.7681,-5933.8938,71.8406,1225.9367,4849.3282,4043.1853,4793.5798,5161.2010,6126.7362,-4501.1972,-5497.7753,-6777.6054,888.0428,377.7002,3797.6037,4170.5058,5025.1206,1734.8816,-1300.3338,5011.9492,3072.4143,-3785.2803,-3851.7527,-4873.9004,-265.0013,-4083.0032,-3089.5917,-3743.0465,-2341.5305,-5695.8072,2527.2820,5065.6746,-4138.2993,4005.9189,-6715.0760,1958.5822,6913.4998,5651.1376,-4378.1443,4061.5877,-4839.5712,2738.3793,1461.5615,-2615.9457,-3742.6522,-4544.5886,6459.5186,4620.2477,-5320.4325,-4611.8551,6634.6516,6895.6898,-2787.7862,5520.9884,5459.6792,6779.9842,6853.1385,-3751.8922,6675.3285,-4510.6455,339.9142,3967.8469,-5021.9743,-1580.6408,-2303.2563,5632.0158,3225.3698,2340.9752,4847.7742,-5192.5051,-6783.8099,-5703.2816,2356.4440,-3926.7284,2574.3705,-2914.0684,2434.6699,-132.3314,-342298.6078,-355832.5040,-337860.8686,-342565.6233,-346430.5240,-342849.7311,-346114.7760,-342967.4631,172544714.8601,172531271.0324,172572722.0610,172572380.1641,-343445.7074,172563172.4006,-4175.3465,-5400.3069,2215.0493,-465.7793,408.9427,809.1981,2987.6133,-4697.3619,2534.6444,1841.6936,-1405.3697,4749.0416,0.0000,-2005.6530,-1265.6706,-5267.4734,2639.4330,-4114.5577,1277.3770,4722.4626,4445.8737,-2315.1208,1033.2943,-1789.0692,-334.0925,6308.5146,4182.7684,-4613.3833,3302.2865,-4176.2003,-3127.1029,-5247.0939,-2107.5866,560.6423,-4673.5471,-5125.6426,5472.1197,5206.1789,-509.1925,-4355.6322,6472.0186,4043.4667,3462.0072,-4198.3033,2087.0355,4344.6273,4850.5810,5408.2088,-5293.3476,-5523.5222,-5540.4348,2162.7994,1059.4647,1243.7398,4693.3097,-4883.1176,-1155.7281,-4805.4713,562.9046,-3822.1433,439.9001,5468.4114,2413.1366,-4362.0879,-4881.6761,3265.9798,4716.4534,-4579.1083,819.8378,3806.9495,-3776.4673,5082.6598,1556.8794,178.9500,-5029.9453,667.2450,4230.4736,1181.2287,-256.7827,5109.9813,-791.7975,4959.7542,1638.1347,-5321.6239,-584.4988,-1995.3970,3052.9876,-4017.1997,1940.6466,-4678.0395,-2920.6911,2923.0031,-138.4029,2495.7177,114.8249,5426.0295,-23.1660,5159.5366,-1650.8560,2129.0438,-168694.9005,-167755.8920,-166011.5237,-170003.6291,-161882.4906,-166029.3936,-177777.7512,-166640.4282,43017818.7733,43000146.5834,43037350.5507,43021328.4457,-168381.3605,43026326.2768,
10800.000,2332.9947,3343.9902,2807.4164,4493.7369,-5399.0144,4227.4012,-1560.7667,5913.7758,-6828.4150,4348.8517,5231.5690,4046.1634,0.0000,2126.2025,-4125.3714,-4264.2642,5827.2148,932.4280,1085.3050,5510.9839,-2945.0874,-5873.2234,740.7612,100.2188,5492.4374,-2245.0817,-4973.0709,-5664.9972,-6016.3078,-4317.9353,-1655.1407,4220.1179,-359.9145,3333.7752,-6576.5154,5260.9775,-1413.7597,-2612.6925,1662.7531,1279.0976,978.5646,-4779.1052,4413.2586,-3172.4433,6029.1772,-737.6622,-6017.5497,3488.2979,695.6865,1896.2616,-4970.8823,4503.3567,4837.7657,-5096.1977,279.3146,-5808.5192,2268.1920,254.0235,-2060.3970,-2849.6389,-2727.4768,-4977.0841,5015.6198,3371.0213,616.4772,4049.3663,4374.6893,5219.1651,-3367.0775,-5057.9453,2403.1922,3767.7872,-3285.6414,-1762.0125,184.6088,1815.9424,-3733.3808,-2066.4006,-1457.4888,2225.4372,-1673.3652,-943.5474,-3179.2764,-4932.5493,-2136.0714,6686.1107,3509.5615,-3257.8817,-4606.3715,2481.6147,2369.2222,4021.2795,1392.6311,-2317.3506,-5508.9960,2122.9027,-5355.9273,2114.4660,4698.6055,-3603.1605,106073.1522,126778.8370,114281.5262,113997.8966,105131.7233,114787.2505,112205.6844,111696.5017,-346588683.0154,-346560955.6959,-346594170.0083,-346593035.0262,111673.0174,-346586743.3709,3506.4933,5248.6404,4383.4470,4264.5031,2172.4486,4703.8890,-6733.1930,881.3329,-385.6777,-187.6795,265.7132,5459.4750,0.0000,6128.4431,2800.2007,4898.1920,3610.8761,-4073.0072,4785.7041,2543.8631,4668.8820,-1868.8736,-5043.3689,3523.8350,-1710.8577,3394.2878,-4790.0365,-729.8852,-3125.9265,-5375.8798,-6545.3910,2447.4989,4552.4835,4791.5673,1691.8331,-3979.7479,-5964.9922,-4110.0565,-5716.3262,-4052.5752,4478.9962,-4989.9360,-5107.7425,6119.0839,2376.3201,6857.4541,3087.6109,4102.4508,4860.2441,5587.1798,4629.7573,4731.2077,-4242.0702,-1364.7912,6258.6343,-3454.2226,5787.3291,-4646.0766,-5925.9517,-6198.8431,4594.7692,-2464.8568,1319.1520,-5804.5626,-4742.3134,-1064.4268,-627.4318,4449.9809,-3985.0970,-887.6103,3357.2158,5467.8088,-5729.3663,-5187.7333,4623.2437,-6032.0141,-3800.9610,-5798.0126,-5944.6630,4418.8211,-5428.3515,42.3004,-1741.5113,-769.0772,4865.6777,-656.5788,-2014.3308,-6027.6733,-21.7639,-5776.2308,-6507.3619,1194.4250,5095.8534,1440.7714,-151.1071,5802.4648,-76.0484,-1395.9849,-4465.5412,924.4609,-328475.9450,-336054.6966,-320929.5245,-329571.7701,-329298.7920,-323277.7683,-329381.4158,-326942.9768,85697228.3027,85690234.2650,85717469.5200,85725262.2581,-326059.6776,85714661.4453,5370.7480,2773.7162,-4554.4092,-3092.1903,3723.0597,2800.0958,529.6666,3446.0953,1096.8499,-5197.9353,4343.8828,-1149.9665,0.0000,-2398.0964,4779.3423,2309.8592,980.4327,5479.6038,-4843.4559,-3359.6446,-4153.4857,-2730.2442,-4676.1621,5961.5057,-3827.3761,-5637.5236,-233.1471,3897.6870,550.0661,143.7225,-1327.4602,4895.4161,5170.1382,-3757.0763,739.6568,1701.9849,-3188.7244,-4913.2837,-3321.6078,5411.0550,-5242.1022,-27.4981,1062.9602,157.6024,2342.6324,-513.2388,-1349.0099,-4260.9744,4884.7167,3570.1274,1452.3017,2234.2636,2562.6822,-4302.2910,-2934.6507,1381.4955,-2812.7103,4956.5241,2950.2275,-579.4134,-4367.6005,-4055.6511,-4602.8124,1702.1276,4796.9029,-5495.2383,-5294.4544,848.6369,-4548.6886,-4658.2095,5388.3679,-1851.9808,2100.6728,-4198.7836,5127.7923,2882.4814,-4412.4492,3127.2972,-3242.0465,-4717.0600,-4019.4402,-6878.8581,-5922.0604,4786.9872,4405.7497,-1708.0910,-5397.0203,952.4983,-5130.1824,2800.3282,-592.9722,-5433.9208,4316.2080,-6359.7446,-4156.4287,-2993.8304,-4241.2660,-6468.8121,-2258.9605,-5877.1540,-169315.4015,-168235.0930,-166475.1301,-168311.1777,-162325.8454,-169252.7057,-177654.4170,-170178.1630,43093599.1924,43076388.2719,43119102.0745,43103293.6162,-168621.3569,43104073.1549,
14400.000,-6028.3105,-4983.5639,-5504.5192,-5044.7380,1654.8953,-4999.9383,3481.7958,-6688.2660,5164.3038,-2211.4292,-3651.8991,-4810.6542,0.0000,-3410.6194,45.9678,2950.6804,-5614.2780,2853.3158,-4230.4559,-6924.4445,523.6498,3475.0048,3140.2466,883.6780,-1840.7057,2678.5002,5087.6920,6558.6824,5503.5265,4692.2641,3076.0918,-6709.4906,-3799.3333,-4980.8654,4810.8901,-3555.2429,3224.4698,5650.3095,2631.2648,2138.4865,-2221.6897,4921.3039,-1197.8820,972.4722,-4379.4970,-986.3214,4581.5966,-5976.9560,-3503.9331,-3898.1836,4319.6132,-4332.0689,-1269.7226,4374.0044,-2755.6717,5969.4347,-4522.4625,2978.3457,4220.2380,3766.2280,-1603.0052,6813.7806,-4955.4275,-1256.4643,2389.3267,-2276.8438,-4910.5769,-5433.6102,4280.5906,5793.0113,-6096.7523,-4833.9507,4615.8802,3924.0406,-3290.3108,1729.4248,6449.5791,3579.5471,4058.9502,-5344.5655,2090.1998,557.6520,-1955.7751,6607.9384,-2046.0402,-4443.1030,-813.4765,4778.7055,2605.1876,-190.8733,269.6882,-4340.8974,-4116.4443,-1841.7512,2733.3919,-3954.7067,2330.9914,-1738.9191,-862.4618,-501.4888,189302.1723,207022.5965,193520.6981,191629.8044,183271.1976,192969.4196,189878.1981,189218.3434,-356956627.0230,-356925403.1952,-356959311.8226,-356965511.6349,189495.1739,-356954304.4367,-1841.6180,-4230.2234,-1185.9798,-429.3603,-3800.7380,-996.7259,4685.0015,1718.8354,-2181.2190,4737.2778,4166.3917,-3733.1361,0.0000,-2882.5752,-4431.7582,-5852.1933,-598.9450,5332.5383,-1539.5698,-378.2619,-6781.6443,-2089.1990,3020.3389,1889.8050,3701.0636,-6197.1136,2601.9297,-2069.2328,-311.1383,3135.6291,3759.3257,-743.7983,-2960.7689,-1159.5874,-3114.4295,4982.7782,6003.2652,3684.4597,4269.5793,5864.5153,-6520.6089,2707.2173,4686.1317,-5551.0586,805.2884,-5785.8350,-4155.8416,-3373.1336,-5780.3392,-5652.6383,-4209.8745,-1273.7507,4993.8477,-3323.5408,-6306.4686,1718.8698,-2100.8149,5979.6516,2863.6079,3461.6419,-3919.9934,914.5794,2766.9296,6513.8973,6287.3745,4987.3585,4203.4413,-2580.4670,-243.0048,-2721.2356,-1108.4888,-4162.2508,2554.0676,1440.1534,-5735.1271,4799.6355,1715.2297,2237.9369,3020.6606,-4172.8211,1419.1434,5081.8365,-133.2000,-1588.0505,-3721.2673,3049.0441,5954.9482,4214.0138,-4045.5733,6819.6707,5847.8120,3318.8132,-1197.3484,2321.8449,-3149.7436,-5395.7734,-3541.6474,5455.9275,5033.1623,-3135.6155,-290974.3502,-294815.7167,-283641.1246,-293455.2027,-291427.7812,-284636.4559,-292231.2087,-287089.4124,-6997660.5228,-6997289.7418,-6984962.8559,-6974858.4094,-288080.5678,-6981118.4839,-2645.8825,1924.7483,3999.8109,4708.2503,-5537.8072,-4685.1168,-3748.0292,-4.6125,-4077.3468,4300.0059,-3967.7228,-3234.1188,0.0000,5267.5718,-5310.4411,2131.4865,-4019.0249,-3324.9395,5208.4412,-54.6424,1180.4665,5370.6856,5358.6595,-6621.6584,5522.5921,1630.3181,-3890.2349,-775.7502,-3990.1528,3952.7389,4859.6217,-1512.1763,-4952.4425,4678.0266,3711.2932,2988.5342,-1146.7767,1513.8006,4603.8639,-2918.8259,980.1443,-4031.3274,-4832.2084,3960.6564,-5269.7165,-3665.2078,-3056.2973,140.5803,-1538.3572,664.8469,3436.7025,-5231.5186,-4640.0434,4005.3837,-687.2154,2990.2387,4644.3234,-1303.5900,-4709.2250,4539.5780,5433.1360,-129.8992,3966.5144,1983.1856,-866.0650,4188.6469,2388.1275,3393.0042,5419.2504,2646.4940,-2796.9502,-2618.9396,-4506.0161,5478.8073,-2021.9642,-4699.1799,1798.8889,-5473.7939,4715.2270,836.3945,6466.1193,4683.5467,6642.5952,-1317.9914,-5454.2571,4346.6314,3044.6512,2686.6131,4921.9373,924.7825,3733.7692,4138.9706,-5320.1642,6236.5143,5486.2629,-1542.0429,5342.4055,3911.3825,4573.5421,6169.7816,-169644.8187,-168702.8569,-167498.2816,-166168.5986,-163202.4083,-172929.5866,-176871.5543,-167375.1408,43170042.2735,43152782.7574,43199163.9991,43185556.7842,-168845.7148,43181804.3784,
18000.000,6520.3556,4396.2935,6651.8449,4867.0930,2206.4694,5017.9651,-5017.0306,4740.7272,-2014.4013,180.9514,1311.3719,4177.3577,0.0000,4759.2751,3334.6787,258.0543,4084.1647,-4719.8261,6434.9367,5717.6392,1776.7612,-309.7845,-6259.0620,1169.7622,-1843.7878,-2311.9277,-3897.3875,-4958.6311,-2978.3257,-4021.0547,-4534.4144,6252.2680,6560.9010,5873.7138,-380.9240,-677.2820,-3878.6046,-5967.6939,-6093.4156,-3879.8210,2026.6665,-3913.3383,-3357.7133,2616.5488,1972.2937,3314.9809,-688.6360,5439.3558,4481.1021,4299.7866,-829.6678,3742.5558,-2797.3899,-2558.2681,4285.4734,-3937.7150,5755.2955,-4192.3791,-5864.4338,-4200.1405,5376.5056,-5320.3165,4021.9436,-1811.6869,-3734.7380,756.5366,3779.3546,4018.8176,-4902.4601,-4859.9240,6432.6821,4307.7994,-5334.5163,-5730.7201,4491.4712,-5188.7399,-6613.5257,-5060.2704,-6085.7157,5443.0850,-3649.2301,1921.8899,4502.7271,-5530.6208,5676.7381,992.8203,-1363.9192,-5091.1563,-859.0248,-2449.3836,-3551.1274,3749.2276,5977.9283,6024.1540,-33.5749,4224.3578,554.0893,1853.1365,-3500.2458,3089.1761,256531.1349,274525.8167,260489.1144,257604.9297,249640.6053,258430.5121,256082.1261,256098.9571,-342961877.2906,-342929335.8337,-342958274.1073,-342970040.2756,255436.8997,-342958784.3868,30.7778,481.0508,-1634.0609,-3547.3264,5291.4418,-3064.5323,-978.4114,-3644.9451,4817.7805,-6771.9554,-6661.2923,-214.5641,0.0000,-1308.2066,5520.5915,4519.9375,-3212.2343,-4932.4101,-1170.9699,-1916.2019,6170.0460,5837.4489,-1173.3673,-5986.2984,-5523.7566,5663.0574,1388.2712,3901.2157,4333.7985,1077.6549,585.2851,-854.5690,1491.1230,-2404.9569,4098.0176,-4062.2023,-3199.6957,-2060.7513,-1899.5581,-5485.3835,5462.6821,1379.7657,-3152.4231,3216.3808,-4595.0580,2485.5587,4157.8718,1015.5603,4511.8377,2994.0213,2681.1099,-3135.6934,-5016.0031,6276.1409,3809.4547,1566.9866,-2116.2994,-4164.8341,744.3849,1224.9589,3118.9772,1100.3786,-5567.2383,-4977.1055,-4208.5816,-6858.4486,-5380.9893,-1126.4287,3903.2203,4842.1135,-884.0093,491.4273,1478.2947,2074.8134,4688.8538,-2790.1556,557.2732,1822.8316,343.2853,1943.8265,2795.4168,-6660.1010,3994.4475,2902.5560,2513.2195,-5307.2558,-6312.2828,-472.9983,6671.0626,-5003.5156,-3689.9944,-5745.8625,-2294.8044,-2535.6273,6066.3735,2085.9014,6327.4462,-6623.7084,-4589.8478,5505.3180,-228853.6684,-234697.2789,-228392.9684,-238122.4936,-235079.0937,-228553.9202,-236747.2116,-233075.3585,-99213343.3283,-99205288.2209,-99205621.5739,-99197807.1055,-231881.3830,-99197318.1267,-2046.5353,-5193.4308,-936.0282,-3415.7871,3857.0625,3640.3470,4673.2327,-3459.6772,4543.0337,75.1854,532.4946,5465.9038,0.0000,-4844.5359,2484.2136,-5205.1467,4570.0098,-1008.0423,-2175.0022,3413.9910,2531.0237,-3355.4736,-2695.2143,3290.6623,-3716.6992,3281.8089,5524.1007,-2850.7568,4305.5398,-5503.7836,-5144.4269,-2841.2794,1551.2896,-2808.1737,-5459.2979,-5435.4539,4727.0827,2808.6759,-2395.9167,-1529.6049,3793.6387,5516.1688,5038.9545,-5512.0866,4737.0914,5528.2707,5448.8641,4051.6934,-2767.3064,-4495.8820,-6362.7024,4876.1052,3867.5947,-615.1122,3856.3694,-5448.0482,-2994.4315,-3380.9957,3621.2718,-5270.2634,-2997.0805,4202.7805,-928.0661,-4470.1059,-3789.7875,-225.0373,2057.3220,-5513.1051,-2933.8463,963.2834,-2014.8503,5348.1904,4165.3681,-3237.0714,-2381.6076,3643.3256,1928.6865,4327.4787,-3288.6914,3633.5664,-5224.5947,253.1080,-3463.4250,-2991.8727,3025.2866,-4349.9983,1922.2114,-4666.5541,-1499.9279,-4052.7827,-4704.6350,16.6748,2359.5310,-2279.5373,-3289.8464,4980.2099,-2516.9117,917.9140,-3716.1860,-2913.8800,-168454.8209,-169156.4101,-168866.9120,-164643.8005,-164551.0151,-175617.3584,-175379.8393,-170230.7885,43247231.4128,43229350.4806,43277689.1234,43266957.0769,-169054.4430,43259519.9209,
21600.000,-3687.1405,-2954.9159,-5228.3432,-3618.6003,-4350.4513,-3996.2913,5781.1785,-887.5482,-1081.9103,2009.9057,1520.5002,-3254.3262,0.0000,-5282.5582,-4691.2824,-4240.4021,-2119.8028,4631.8113,-5888.6649,-2639.3765,-4036.0672,-2004.4319,6694.3923,-3572.7865,3930.4893,-198.3240,2585.7344,1307.2595,19.9797,3148.0214,5255.9760,-3195.0229,-6298.4503,-5107.0650,-3902.2439,5072.7132,4238.9845,4172.4134,6565.6730,4192.4006,-2142.3854,2804.4873,6467.4248,-5914.5278,-27.0217,-5590.3185,-3677.4157,-3088.2360,-4265.6317,-4043.0743,-3724.7298,-2970.6430,5531.4851,-430.5119,-5144.7663,1407.8196,-4779.3852,4070.4783,6015.5233,4112.8349,-6518.1590,1772.7714,-1738.5665,4986.8879,4090.0948,1065.8688,-438.4843,-2321.2906,4101.8356,1900.9591,-3126.1889,-3377.2380,5054.6013,5564.3338,-4305.2431,6889.6827,4266.8673,5376.4810,6270.1981,-3524.7208,4961.0534,-2984.8360,-3026.6335,1926.5143,-6690.6935,2122.1155,3349.1196,4593.7758,-853.1345,5008.2803,6204.6200,-1242.6642,-5087.1750,-6161.1136,-1772.9671,-3955.0626,-2404.0335,-685.1402,6137.8562,-3356.4269,301555.0637,324944.4995,310950.0330,307711.5798,300115.6880,307841.7388,306451.0119,304320.3167,-305560235.9477,-305528534.3642,-305548691.8485,-305562465.1098,305325.4134,-305556221.8254,2418.0990,4153.9776,3601.9462,5899.7197,-5367.6048,5639.3160,-2634.1095,4981.3127,-6466.9634,4735.7348,5759.9332,4457.1332,0.0000,4248.1250,-4713.0530,-2408.0167,6170.7617,2080.3124,2738.4748,4339.1950,-3152.9155,-6230.7512,-406.4433,5611.0909,5659.1581,-2892.8728,-5248.8782,-4914.5365,-6682.2686,-5065.2265,-3985.7185,2900.1461,158.3355,4634.4977,-4615.9273,2580.5321,-1198.5433,-1170.4715,-777.0481,2319.5279,-1543.3011,-5237.9814,1557.3776,-797.7961,6800.5525,977.7501,-3925.9399,2793.7163,-952.9504,1404.4402,-1889.8649,6068.1469,4106.5438,-5953.8309,238.0297,-5150.3074,4777.1760,-372.8772,-3435.2204,-5005.6872,-1762.2678,-3807.5512,6144.5589,2329.4698,-611.5412,5594.9431,4532.7346,5022.7775,-5392.5082,-5330.2161,3010.8559,3874.4553,-4560.7854,-3923.4210,-1211.5578,656.7410,-3123.5537,-4313.9767,-2929.7244,2129.5415,-4782.3336,3669.3737,-5970.9088,-3825.1727,-1118.0635,6377.2325,2598.6984,-3588.3340,-6177.3846,1516.3349,1159.4110,5295.0699,3911.7372,129.9538,-6584.3672,2572.1213,-6003.5425,4493.9308,3057.9988,-5720.4443,-156156.1661,-159495.0047,-158739.8278,-167635.8514,-163586.2106,-158262.2789,-166061.2847,-159930.9052,-184656058.5646,-184640635.8648,-184649425.6424,-184645847.4588,-160986.3721,-184640033.3006,5210.6684,4516.1851,-2741.1581,-19.2717,224.2679,-348.0865,-2782.5288,4689.9108,-2244.5619,-4415.3736,3293.3335,-4132.6878,0.0000,1352.6312,1879.9280,4865.7711,-2331.4006,4660.2888,-2312.7200,-4727.5790,-4636.4213,-1609.2816,-1688.7394,1956.0231,-485.8994,-6320.2697,-3678.7130,4683.3019,-1280.9092,3454.1278,1943.7375,5396.7591,2816.5719,-769.8266,3174.8242,3739.0852,-5325.7736,-5393.5163,-1656.0967,4938.6217,-6445.2410,-3532.5030,-1574.4378,3443.0048,-1138.6956,-3957.5287,-4319.5086,-5461.0836,5370.3752,5402.8524,5540.8875,-1436.9758,-752.7631,-3271.1222,-4620.7941,4359.9601,-928.4655,5431.0787,-375.6150,2205.1874,-1414.4046,-5447.0067,-2699.7805,4195.6242,5363.0434,-3909.8671,-5179.9188,4132.8253,-1407.7212,-4005.3058,5219.6685,-4597.1360,-1320.3710,-1125.1052,5262.0053,-391.6353,-4460.2735,-457.5051,-192.5061,-5456.9434,927.8364,-5084.0323,-1826.3382,5428.5704,1299.4880,1680.5134,-5247.2788,3717.1458,-2938.5655,4466.1658,2897.6954,-4187.3392,2324.5107,-3140.9757,-1060.4468,-4989.9347,-2198.6945,-5253.0274,249.3774,-2085.1097,-167474.7262,-169593.4727,-170270.1805,-163665.2277,-166444.5798,-177452.3744,-173086.2150,-168220.5561,43325200.6751,43306114.8236,43354934.5210,43346659.8251,-169247.5513,43337219.7559,
25200.000,-287.4100,1378.4675,1638.2213,973.2550,4622.8292,1463.9014,-4904.0235,-2977.9079,3291.4509,-4397.3981,-4468.6609,2064.3400,0.0000,3755.5512,4451.1514,6728.3010,-86.8022,-3758.3082,2456.4174,-765.2090,5753.3030,3543.8631,-4193.7357,2874.0693,-4330.8831,4045.4501,-1212.6975,2723.4745,2613.4767,-1899.4549,-3919.0291,-516.9515,3441.2096,2328.4814,5624.7479,-6708.5308,-4280.4104,-1832.9425,-3809.5916,-4057.8640,3373.3666,-1492.8180,-6096.2537,6772.3175,-1608.5020,6171.8137,6114.6724,668.1691,3828.4150,3610.4436,6453.1547,1248.3111,-6069.5312,3965.5980,5126.7637,504.3379,1296.5633,-3458.6346,-3947.6175,-2551.3406,4803.2025,1575.4486,-1699.7426,-6788.0404,-3833.7847,-3513.3911,-3811.3937,850.7753,-1199.4931,2144.6294,-1352.3729,2273.6210,-3114.2772,-2668.3532,3779.6915,-5968.4411,-777.6233,-3337.1591,-4005.7730,1290.6289,-4037.7602,390.8049,45.7447,2268.8687,4807.4231,-4040.2867,-4903.0304,-3267.4629,3029.9734,-6356.3984,-6840.4062,-2755.3946,1150.1939,1789.3879,3059.3372,3272.2153,3644.0450,-2341.7752,-5966.3702,2567.5624,327995.5782,355030.3247,341769.8141,338689.7730,331835.7153,338369.5346,337220.7088,337423.1608,-247305008.0289,-247276090.9084,-247285922.8020,-247298600.0220,335994.6624,-247300197.8607,-5075.1017,-6661.3209,-4820.3158,-5931.2085,2988.1307,-5972.2121,4833.7269,-5500.2552,5923.4641,-291.2388,-2284.9975,-6575.0256,0.0000,-4982.9810,1473.6298,622.6588,-6792.7064,2281.1431,-3705.1882,-6116.7482,-649.3332,2499.7016,2293.5986,-1698.4940,-3147.8616,291.7598,6783.3077,5235.4815,5643.6993,6577.4993,5045.0711,-5137.2737,-2579.4043,-5264.0979,3608.0167,-918.7501,4797.3366,4842.6358,3499.1381,2217.1443,-2812.9737,6710.9355,380.9928,-953.3093,-5878.1007,-3121.4676,3169.8935,-6098.3443,-3310.1003,-5148.2603,2078.9670,-6125.0539,-1770.1230,3053.1583,-3925.5386,6863.6410,-5261.7977,4839.3533,4781.9206,5871.2997,-785.4869,5988.5170,-4830.7446,253.5466,4937.0309,-2184.1073,-2993.1434,-6855.8642,4779.8441,4725.8666,-5045.6226,-6455.8460,5736.3610,4240.6723,-3160.0704,1654.5701,5455.2860,4767.7784,4396.4808,-5864.0051,4134.4470,906.2394,3509.5899,4716.8937,-1184.7138,-5261.2321,2299.7438,6080.7518,2975.8806,1827.2830,1068.9526,-3167.7015,-4140.6204,1206.5725,4008.6359,-5837.2541,2364.0297,-1062.8440,-231.7193,2768.3761,-76800.2295,-73973.3927,-79115.6675,-86634.7950,-80998.8856,-77957.9550,-83985.1083,-80752.4504,-257494424.4229,-257472583.6031,-257484776.4207,-257484322.6548,-79850.5743,-257477875.2826,-4572.0970,-450.2064,4665.4843,3420.9808,-4189.6710,-3181.4877,-818.0950,-2933.0964,-1450.1413,5135.8386,-4609.7525,58.5362,0.0000,2966.1451,-5085.9677,-1374.9646,-1361.6132,-5322.0664,5256.1298,3167.1292,3753.0661,5145.9373,4984.9963,-6086.4735,4351.9972,5628.3345,-523.4667,-3620.5897,-2759.3117,815.7952,2539.2934,-4607.6066,-5407.7028,3862.7447,1418.7234,770.7412,2521.2140,4573.0350,4427.1296,-5111.3585,5386.2909,-711.4378,-3069.2091,853.7149,-3232.1879,-111.4166,357.6970,3071.2121,-4740.8885,-2845.2376,-1526.1639,-2945.0186,-2844.8275,4600.1671,2467.5522,-471.1525,4133.4134,-3311.4186,-3118.5969,2415.9671,4876.8410,2980.3898,4658.1565,-1362.5094,-2634.2798,5517.9387,4893.0482,-164.1753,4844.5108,4581.2059,-4353.0160,812.2045,-2347.0894,4732.5851,-4853.8781,-3120.6069,4166.4298,-3729.7593,3533.1417,3252.1220,3855.7572,6857.2553,5974.1052,-4534.3408,-4824.2116,1994.1550,4005.1097,-464.6014,5415.2169,-1922.6858,587.4074,5415.9695,-5311.4318,6560.6231,4698.3359,1517.2807,5259.0346,6434.1253,3371.6471,5822.4725,-166954.4831,-170012.0613,-171383.7784,-163159.8662,-168963.4069,-178553.0186,-169905.6902,-170083.7490,43403932.5850,43383102.8422,43431160.7552,43423785.6263,-169425.0512,43414903.8570,
28800.000,3080.8219,838.8992,2425.4148,2676.8690,-3997.0319,2181.9168,2056.2632,5249.5279,-4571.8353,5620.9665,6182.1532,53.1127,0.0000,-51.5440,-3689.5573,-6102.8724,2577.3362,2765.4201,1964.3294,3240.1967,-5907.5577,-4565.9425,412.9466,1380.4484,4062.1235,-6705.6423,-842.0707,-5361.1835,-4657.9065,-493.0319,218.8967,3073.5033,78.6489,1671.3256,-4657.0229,4677.3345,3103.0968,2.0169,-347.1705,3574.6061,-4642.3606,-679.1103,2790.6160,-4446.5562,3461.5791,-3998.9829,-5642.2213,1122.8217,-3155.7026,-2340.4065,-5802.3982,1789.0450,4790.9774,-6363.5121,-3663.3668,-2062.9808,3261.9849,1947.4575,165.8453,-952.7846,-1828.1876,-3370.1904,5133.8520,6058.8093,2111.3204,5754.3467,6560.3023,976.7759,-2947.0700,-5484.8284,4213.0872,-370.1225,-364.2038,-1790.3854,-3029.3873,3012.0818,-2248.8922,-710.0088,49.6175,575.1302,382.2385,4206.1582,856.9322,-4932.1739,-1548.9212,4924.6993,4491.6251,741.6673,-5281.8872,5275.6597,4973.6510,6140.5539,3597.7624,3467.3079,-4392.6496,-1430.0902,-4639.6886,5653.3690,3702.1214,-2491.0682,334929.8767,362838.3222,351074.7568,348499.7799,344600.4419,348150.9200,344891.1021,343854.3969,-172172732.7640,-172148125.9478,-172148298.5755,-172160100.6495,345486.1559,-172167495.0414,6072.0381,5473.0086,5343.3190,4308.1555,1207.4369,4563.8803,-5343.2406,4429.5121,-3013.1543,-3382.4547,-1573.9204,5585.6087,0.0000,4270.6527,2886.9741,1051.2866,4862.4560,-5793.1505,4574.4333,6123.4166,3543.2634,2600.9184,-4576.9272,-1803.9629,-1181.7697,687.1262,-5278.8065,-4366.5804,-1741.7150,-5134.7270,-4339.7960,6128.0428,5206.7652,4871.7304,-301.3930,-1526.3649,-5880.9336,-6854.8743,-5621.7240,-5575.7893,5021.6566,-5209.3828,-3038.6895,2546.8889,2357.1168,3882.9725,-1057.6900,6618.1979,6050.4089,6299.5904,-1705.7109,3868.6854,-1740.4377,447.5707,5735.8741,-5415.5848,4236.0982,-6372.6349,-5074.2670,-4196.3221,4155.3231,-5802.0890,2708.5588,-2425.2301,-6041.8192,-1224.5063,1565.1423,5601.9888,-3362.6485,-3509.7693,5332.9636,5932.6776,-5191.6609,-4042.9730,6060.0081,-4079.9935,-6415.7554,-4073.0407,-5083.0860,6677.0575,-2565.8928,-3057.5791,1914.6183,-4788.0829,4180.8670,1957.5067,-4978.0675,-6144.3072,820.3538,-3989.7629,-3088.3258,1010.4262,3840.1645,724.8706,243.6904,6009.2640,2307.5424,-1213.7240,-3424.8161,1889.4365,5765.7603,16441.4370,5481.3331,-308.7400,8041.0995,7511.6879,6019.6023,6936.2731,-312757425.2094,-312730679.4181,-312741384.0864,-312741170.0023,6419.5407,-312739958.9972,555.4566,-3983.1153,-3659.7731,-4714.5814,5501.4709,4712.4543,3899.3336,-721.5159,4234.7505,-1699.2966,2376.5315,4025.2205,0.0000,-5440.6611,5075.3625,-3038.2572,4195.6913,2520.3446,-4769.5539,289.2919,-478.9890,-4222.2367,-5169.3564,6540.9929,-5463.0550,-1688.6317,4367.7250,286.3462,4632.0555,-4583.8654,-5337.9639,921.7618,4527.1579,-4654.5950,-4995.6123,-4721.2318,1861.4666,-907.1888,-3842.5308,1886.3272,-1295.1040,4479.2913,5438.4647,-4617.1216,5466.4045,4084.8625,3811.6978,1421.9548,1216.5479,-1575.3782,-3429.1302,5424.7394,4683.7376,-2374.6505,1216.9980,-3748.8857,-4241.3793,-1389.3446,4717.2624,-5329.5651,-5198.7594,1484.8578,-3791.7225,-2329.2233,-2246.3244,-3618.2251,-1426.8420,-3934.0106,-5282.8174,-2375.2901,47.6651,3479.2306,4571.0016,-5300.2549,1372.0946,4715.2021,-1265.5610,5525.1500,-4705.7196,1318.6218,-6458.5452,-4597.6328,-6621.2087,816.9691,5268.7720,-4471.6125,683.2736,-3099.4774,-4353.4748,-1920.6015,-3752.1728,-2894.9664,4340.0078,-5948.3668,-5318.7651,2981.0205,-4454.5083,-3846.9972,-4658.6804,-6213.1290,-166650.4529,-170410.3524,-171956.8466,-163088.3026,-171209.2212,-178983.2540,-167235.0097,-169126.8189,43483359.2577,43460346.1995,43506597.8212,43497332.6760,-169586.9555,43492572.1977,
32400.000,-4051.9901,-3766.5434,-5154.0176,-5846.1010,3271.5209,-5542.4685,1957.8078,-5509.5699,5212.4170,-3834.9423,-5186.5905,-3222.2905,0.0000,-4158.8093,2847.4734,2817.4469,-5061.6748,-1289.4255,-4943.2463,-4583.1898,3717.0152,3948.5545,2600.4190,-5864.2819,-3611.2974,6075.4303,3708.7238,5836.5900,5559.7012,3779.2560,4142.2514,-4004.4771,-2497.8099,-5148.9509,2552.7011,-778.1552,-63.7223,1582.0275,3654.5166,-1974.6896,3941.1967,3721.9148,1013.3108,350.8415,-5272.1997,-191.6500,3323.3135,-2827.8935,1492.9867,-409.9116,2769.1757,-5152.4392,-2749.9224,5789.5698,498.0729,3795.7681,-6324.7426,1057.7966,3730.1218,4935.5984,-698.8222,3979.0426,-6888.6874,-3006.0329,1468.7500,-6068.6600,-6207.0635,-3470.0115,6165.3877,6633.1754,-4611.8180,-2666.5887,4182.6433,5362.1536,1341.2268,424.6199,4121.4200,4762.5701,3777.5432,-2585.3099,4091.3205,-6730.3741,1251.5675,5255.9952,-1186.2830,-5060.6143,-997.2069,2679.3943,6023.1686,-1792.5929,-1488.9474,-6610.8000,-6185.7465,-5295.7568,5209.9862,-1925.9191,4450.6251,-6649.2850,-791.2660,3281.1185,322067.5862,347850.4105,338314.7245,336441.2189,336676.8165,336493.9245,330378.4816,334992.2391,-85291775.7440,-85272394.1884,-85265394.7244,-85282086.0887,333174.0899,-85286625.7543,-3927.7246,-1793.4338,-4594.9085,-2070.3018,-5069.8346,-2476.2199,4776.5351,-1448.3143,-1065.6317,4618.6929,4086.8215,-2651.2206,0.0000,-3225.1801,-6008.4964,-3137.2881,-1558.6940,6506.6952,-4665.6752,-3771.8472,-4914.2459,-5445.9747,6055.5500,1983.8918,5018.5747,-769.7327,2041.5501,1868.6894,-2631.6729,2141.7584,3101.9166,-4556.7997,-6390.6563,-3825.6216,-4032.5175,4478.8628,4681.2470,5838.2916,5742.1574,6079.3564,-4484.0474,2101.8943,5562.7114,-4332.4132,1577.3922,-4160.4554,-2461.0910,-3823.8701,-6052.9690,-4776.6860,-555.6239,-1098.0914,5191.6055,-3140.6388,-5508.8882,1622.3532,-2279.0705,4491.3319,4692.2750,1737.6282,-6522.1417,2611.7525,-464.0836,4239.3575,3968.2862,3236.9600,178.7121,-2259.2226,2004.7538,1529.1499,-2569.6894,-3169.4160,3778.0449,3600.0131,-6102.3970,5994.1957,4983.2099,3219.0010,4989.6186,-3949.5753,1837.3729,1640.8309,-5967.4851,2966.8756,-6372.9037,2160.2523,4628.8790,4292.0908,-3322.4551,4916.7951,4892.2439,773.9440,-2887.3201,-4140.4414,-3778.2345,-3727.2103,-5167.3469,1688.2613,6262.7494,-5361.1163,87174.2528,106011.2600,89798.8254,85859.2722,94726.7575,92933.8845,95489.3895,92285.1721,-346673689.0794,-346643965.9113,-346649265.3669,-346649950.6681,92386.8627,-346655146.5179,3845.0195,5381.1027,322.3220,3062.5344,-3379.8915,-3328.5977,-4634.2709,3893.7758,-4443.9744,-3148.5121,1662.9719,-5489.7910,0.0000,4474.3163,-1897.0184,5445.6584,-4470.0873,1885.9146,1129.6894,-3592.4653,-3122.3952,-404.9577,2084.4703,-3137.0046,3069.4671,-3289.6096,-5464.8429,3204.5872,-2910.7609,5345.6803,4522.0409,3313.9874,-777.5215,2634.8274,4878.5202,5067.2713,-5085.2134,-3357.2114,313.9403,2557.3740,-3584.5804,-5433.8761,-3844.4330,5341.4899,-4159.0017,-5526.1689,-5523.2716,-4954.6992,3019.9473,4952.5617,6335.6116,-4471.0627,-3681.4085,-1712.8324,-4156.8338,5517.5341,1139.6533,4992.2535,-3498.6438,4405.2952,2122.4176,-4966.1516,591.2476,4569.3620,5287.9293,-623.3744,-3000.0846,5523.7948,2407.2596,-1304.1292,4269.9632,-5514.1814,-4044.5892,2418.9852,2948.9867,-3461.7484,-2453.6708,-3836.8025,2951.3080,-4945.1562,5302.6336,-435.3333,3296.4737,3379.7733,-2394.2043,4202.6352,-4804.3829,4708.3110,401.5074,4465.4701,4694.5078,-1669.9475,-176.6611,1604.8198,2479.1854,-5437.1404,330.0839,-1067.6169,2681.9706,2954.8776,-166475.1596,-170786.5764,-171879.2084,-163438.1623,-169422.2660,-178766.0807,-170365.6015,-169798.8152,43563366.7934,43537882.3638,43581440.4795,43567756.9336,-169733.2783,43570224.7515,
36000.000,4082.7883,5998.0622,5752.6409,6901.5070,-2086.5759,6914.8307,-5371.7598,4454.2266,-4946.9030,-728.7870,1367.9578,6023.0337,0.0000,6539.9483,-1273.7253,1004.6202,6442.5856,-1339.1747,5369.2824,5082.9917,253.2489,-668.1592,-3916.2964,6574.8376,2452.5308,-2446.9713,-6105.0045,-4699.6646,-4256.8477,-6344.5638,-6602.6477,4143.5242,3587.1694,6563.3299,-613.8305,-2398.2894,-3889.5663,-3447.5473,-5032.6734,-1228.1451,-582.4583,-6210.3642,-3348.7280,3121.3467,5620.5022,4176.6618,-858.4288,4627.9563,1571.5060,4051.0338,144.3879,6807.5468,553.1341,-2141.4523,3411.8352,-5354.6287,6197.1521,-4721.5559,-6043.1013,-6831.7255,2258.1909,-4190.8696,6009.4892,-874.0531,-5337.3618,3537.1354,3249.5969,5773.5374,-6615.2577,-5371.3682,3677.7673,5663.4480,-6571.7635,-6212.0766,1720.7500,-3062.6804,-4950.4738,-6587.2097,-5828.7592,4718.9024,-6553.2960,4557.6772,-3653.2870,-4124.8416,2752.1969,4343.4087,-3921.4482,-5766.3030,-4003.0392,-2532.6833,-1985.9521,3792.2739,5414.8177,2947.0089,-4240.8188,5421.9063,-1967.3378,4159.3860,-1765.9588,-3384.1292,290162.8332,311006.9121,304262.4487,303180.6786,305172.4501,303956.0936,296347.7247,298084.8825,7407702.9089,7421696.0335,7432171.3141,7407916.3570,299806.7648,7412238.0794,-655.4391,-1742.0176,2097.9234,-175.5513,6533.1312,242.9389,-3564.5458,-2615.3212,4452.9168,-4004.5821,-4981.5025,-284.4170,0.0000,2123.0805,6321.6513,5279.5989,-1585.3498,-4457.7655,2860.1205,-157.4865,5041.0064,4815.4862,-5213.5220,320.1951,-6329.3790,1575.4820,970.7559,1891.4235,5191.9159,527.7217,-1802.5712,659.6122,4759.5576,2034.3071,6700.2050,-6179.5796,-2630.4082,-2386.5079,-3041.6427,-4184.4043,2706.6811,740.8015,-5927.7818,5572.8586,-3992.6703,4257.3107,5799.1429,-483.8449,3993.1450,2161.6016,4139.9523,-972.1723,-6895.1686,4670.2051,4015.6607,2234.2049,-469.5799,-1172.9348,-3404.0844,266.0633,6092.8576,1999.7123,-1776.3833,-5576.3515,-909.5816,-3920.0281,-2697.0682,-1077.9602,-514.4749,1317.1016,-2247.0487,115.3468,-1941.8814,-2224.6960,3914.5691,-6218.3468,-1407.8124,-2063.0953,-3683.4980,-372.6987,-2036.4900,759.4553,5570.3553,765.3694,6007.8909,-5220.2272,-2738.6153,-1769.5200,4127.4214,-4960.9377,-5997.1923,-2673.8072,400.2955,5049.1733,5079.8075,891.5736,5157.5891,-1633.3865,-6528.9763,5734.7891,162896.7813,189054.8810,168618.0227,166415.9865,174783.2975,173026.8585,176085.1026,172276.3598,-356928896.0492,-356898307.9356,-356895813.4945,-356906898.7794,172625.7544,-356909393.7772,-5444.5567,-2737.5919,3197.5182,474.3614,-889.4316,-145.2605,2541.3505,-4588.8569,1915.0153,5405.6720,-4444.0548,3327.6441,0.0000,-714.9176,-2500.7205,-4323.5667,1981.0647,-5098.2625,3228.0845,4704.2407,4702.0876,4654.3537,2286.8246,-2193.5714,1259.4027,6295.5544,3079.4184,-4720.6153,-1095.6124,-2656.5914,-686.4489,-5504.3679,-3494.8021,947.1429,-1200.5804,-1593.1513,5058.0617,5487.5071,3435.5302,-5338.2125,6372.2615,2931.5104,-590.4261,-2597.5043,111.7628,3494.7936,3624.5373,5036.7490,-5448.7074,-5155.0122,-5584.6587,645.5745,411.0676,4451.7822,4468.8391,-3736.1611,2803.5290,-4763.2978,156.4639,-347.9642,2304.4133,5060.9811,2948.0422,-4021.1488,-4087.7922,4438.5844,5438.1178,-3646.6128,1944.8980,4164.2872,-5259.9812,3918.7850,1049.8234,2003.4835,-5436.7014,83.6663,4606.8512,-311.8649,610.4906,4917.3446,-1130.2828,5164.5888,1937.7868,-5510.9466,-2025.2961,-1386.7066,4740.4272,-3394.7156,3786.3805,-4053.9040,-2902.8081,5043.7435,-4145.6347,3690.8190,1940.6194,4102.9613,4011.1816,5298.3650,1147.2208,1978.5489,-166386.8822,-171138.9267,-171210.9003,-164221.2872,-167186.2728,-177889.4511,-173948.6324,-170026.8672,43643802.6519,43615756.1502,43655853.4877,43641210.3575,-169864.0352,43647861.4919,
39600.000,-3690.0248,-5430.1737,-4750.5477,-5264.1992,-261.1192,-5578.5845,6640.4996,-2753.1342,3230.7018,5229.7519,3295.4591,-6471.9811,0.0000,-5947.9351,-1524.3922,-3475.1218,-5624.6432,4563.1100,-4069.2424,-4886.3846,-4223.2612,-4010.7166,4149.4048,-2730.9116,182.2471,-1698.2703,6231.9290,2839.4651,567.5550,6280.6611,5838.1694,-4109.1274,-4078.3142,-5634.7816,-1289.4248,3817.4510,6602.0237,5312.2079,4809.0073,4892.0263,-3850.0808,6313.2296,4049.7679,-4602.7936,-3380.4088,-5932.5453,-921.4155,-5516.6678,-5003.9327,-6598.9309,-1353.9858,-5408.5314,1719.9701,-2544.1288,-6291.3255,5328.4623,-3327.7046,6581.8042,6053.3037,5182.2134,-3505.9855,3947.2009,-3018.2821,3894.6915,6607.0481,823.7586,252.5042,-6165.4537,4312.7008,2758.1748,-2344.1878,-6616.5620,6431.3736,4535.6254,-5112.0325,4489.3462,5035.5254,5449.1697,5725.9074,-5669.2991,5651.1845,728.0206,2915.8851,2739.0589,-3660.0620,-2260.2720,6678.3605,6888.7230,-236.7346,5570.6541,4268.8503,396.6789,-2566.2950,405.0844,930.3432,-6759.4553,-2366.5533,335.1252,3863.2936,1208.3691,241036.6843,254644.1573,250970.3205,250684.1154,253693.4643,252324.7816,244121.3986,249033.8791,99598518.7036,99607762.5321,99617534.9853,99594976.2043,247461.5467,99602038.2600,4882.4796,3606.6059,1742.6566,2503.3837,-5169.1316,2096.6011,1672.0971,5885.5463,-5865.8220,2791.4641,4582.7159,2142.2933,0.0000,-259.3419,-4155.9664,-5944.6193,3660.5249,1328.9623,931.8312,3912.8262,-4371.1531,-2373.8797,1771.5180,-1601.7198,4958.1982,-3659.0517,-2710.3308,-5383.3022,-5289.2479,-2223.0283,-182.9881,3590.8231,-758.6331,763.9453,-5794.7301,4711.2958,872.2437,-1416.4556,-1532.3747,1587.5804,-1647.9532,-2427.4670,3059.2118,-4782.6157,4492.9060,-3483.0262,-6805.6597,3735.6928,-1471.5783,75.6567,-6638.0803,2380.6674,5955.0380,-5079.3777,-2074.4603,-4356.1250,3723.4266,-1511.1434,898.2676,-2044.7788,-2765.6312,-5351.7064,4100.5067,5641.5670,-1463.1368,4182.8964,5352.9173,3075.2753,-1792.5312,-4498.2155,6019.9748,1915.0994,-334.3687,-720.5926,-1204.9588,4096.9686,-2733.9588,-94.7981,797.3155,3586.0807,1569.8769,-753.2259,-1678.6248,-4747.3027,-2806.7046,6137.4821,700.0238,-642.4905,-4141.2972,3938.0251,5450.5590,4763.5391,3329.8839,-1527.3233,-4525.7244,1184.9352,-3439.2214,2600.4765,3822.5858,-3634.0471,228613.8113,260313.0256,237025.8801,236281.3671,244258.6262,242730.4829,245043.2360,242827.3338,-342823738.5505,-342794291.8122,-342783411.5386,-342809699.0903,242064.0021,-342803638.8103,3028.6750,-2002.1570,-4715.3559,-3737.4246,4574.4477,3508.1166,1072.6699,2329.9050,1766.7407,-3286.3729,3801.9538,994.6237,0.0000,-3520.2932,5300.6086,359.5570,1704.8932,4991.1744,-5487.5461,-2989.7289,-3282.2428,-4870.8545,-5243.5734,6159.2968,-4809.3324,-5663.0866,1235.0638,3284.6246,4230.7509,-1790.2837,-3640.0403,4242.9549,5511.0894,-3981.9851,-3387.6527,-3116.5385,-1839.9501,-4198.3474,-4584.3701,4572.8022,-5564.4323,1403.1969,4567.6831,-1870.4069,3979.7433,698.7879,609.3761,-1654.8269,4557.4378,2009.7372,1534.4509,3565.3383,3087.8167,-3751.2527,-1991.4163,-489.1527,-4651.2648,835.5590,3257.3217,-3984.8920,-5262.5202,-1746.5036,-4707.2766,985.5229,-434.9819,-5435.8512,-4340.0762,-558.9593,-5108.5289,-4497.3750,2102.7106,220.4919,2559.3577,-5153.5082,4487.1680,3323.0735,-3875.4852,4235.8577,-3815.4099,-1300.5905,-3744.2870,-6863.7883,-6074.0856,4220.4075,5134.2346,-2298.3386,-594.1092,-58.1967,-5507.3210,926.9191,-615.4621,-4926.9396,5369.3147,-6738.4638,-5128.6073,51.4583,-5409.9365,-6433.4908,-4195.2735,-5806.1554,-166362.0111,-171465.4686,-170166.0865,-165476.5199,-165568.1911,-176304.0419,-176542.6360,-169444.1066,43724485.5296,43694021.6863,43729979.0424,43720529.1657,-169979.2430,43725482.3924,
43200.000,2295.2240,1647.4550,2992.4242,1867.9854,3599.2743,2353.0176,-5510.8441,570.1982,67.7201,-6527.2705,-6136.6414,3808.5615,0.0000,3200.8951,4826.5079,4206.0807,2497.0801,-6593.7751,2411.3903,3542.7595,6326.9971,6687.1624,-4105.6337,-2420.4724,-3779.2346,3893.4284,-3433.5448,-738.6363,3940.5480,-3226.7261,-2748.3509,3528.7297,4420.2002,3254.3935,3552.5223,-4082.6241,-6370.7663,-5780.2772,-3441.4239,-6826.8619,6578.8480,-3473.0469,-4068.9027,4403.3700,-883.1620,5184.6764,2484.6142,4003.5033,6857.2484,6248.0008,1341.0215,1610.9440,-4124.6989,5594.6516,6687.5780,-2755.9097,-358.7713,-4808.5342,-4379.6704,-1078.5772,4712.3931,-2256.7084,-544.9598,-5207.4054,-3922.8698,-4635.9254,-2624.1127,3720.1341,-922.8640,-26.3134,377.2894,4441.6844,-4111.2595,-1937.2372,6827.6200,-5068.9147,-4079.9063,-2594.6066,-4174.1972,3851.2899,-2540.7238,-4839.4256,1362.6580,-1448.9891,4503.3626,-1103.6578,-5113.8982,-5299.8722,4396.8717,-6110.8387,-5102.0732,-3507.0816,-228.2933,-1105.6690,3405.2855,4709.7452,6046.0509,-3927.1416,-5323.9964,2801.7988,177504.5915,182342.3763,181685.1797,182038.1108,186055.4070,184486.0434,176681.3873,178209.3737,184988343.5576,184994208.7291,184999358.4174,184987744.8857,179416.0503,184990677.9917,-6235.6341,-4073.8134,-5318.1858,-4754.7740,2377.8029,-4501.4156,1134.2607,-6735.6468,5367.3322,-984.5308,-2945.1592,-3321.8654,0.0000,-2646.8413,1261.7581,3902.0764,-4770.3742,1145.4775,-4958.5533,-5936.6860,2753.5264,-52.6910,2643.8110,-398.5429,-2354.9504,5500.5236,3612.3640,6878.1135,3755.7862,3407.1873,3084.2708,-5938.2500,-3455.5366,-4028.0444,2036.0095,-352.3924,742.8247,3787.0325,5440.1173,436.2953,1656.1668,3462.2317,1720.4873,1459.1999,-4071.3583,964.5891,4630.4868,-4766.8074,-409.6351,-1649.8261,5922.4033,-3822.5094,-2963.4253,3869.9532,-194.6903,4560.3448,-6119.1623,3053.9768,2571.5150,4001.9037,-1550.7512,5873.6175,-5904.4382,-3724.4033,3084.0200,-4186.7023,-6363.3302,-3821.6513,4608.4238,6611.7241,-6229.5155,-3137.4386,3117.7929,4388.2960,-794.7737,-236.4191,5538.9600,3296.8304,2978.2637,-4584.1859,789.4501,-2188.4860,-1763.3468,6759.5979,-1552.4682,-5091.9595,1611.1630,2789.2584,3903.4826,-1479.9220,-2852.1638,-5736.5802,-6296.5437,-3934.0843,3334.4806,-2711.6161,1502.8309,-4337.7021,396.5506,1272.9323,280501.2718,315285.4725,290687.6553,291104.6121,298717.5926,297450.7992,298807.7662,295275.1590,-305321642.7717,-305294924.0955,-305276843.5484,-305313458.3886,296303.0881,-305301458.7314,1589.2648,5201.2016,3238.0518,4658.9472,-5407.3775,-4705.6789,-4057.8930,1403.5836,-4386.5653,-1536.0011,-260.2028,-4691.3754,0.0000,5516.6892,-4790.7066,3814.4025,-4363.7096,-1680.1788,4125.4776,-553.3730,-261.5844,820.3565,4885.3749,-6494.6453,5269.3351,1679.6132,-4790.9725,175.8590,-4084.2059,5042.6301,5489.3234,-357.1269,-4029.9486,4606.8850,5459.0973,5435.4812,-2574.3923,248.5560,2226.0976,-812.9900,1542.4433,-4873.7541,-5219.0066,5089.7012,-5499.1420,-4480.5231,-4471.6370,-2899.3634,-926.9065,2408.6490,3364.7294,-5527.1882,-4720.7814,121.8690,-1757.8420,4371.6681,2981.7288,3713.8508,-4732.1384,5438.6538,4781.1837,-2777.8365,3577.0910,2634.6545,4580.8452,2934.5927,378.3614,4385.4024,5066.8174,2065.0637,2681.2497,-4241.3564,-4638.0445,4949.2791,-736.8638,-4728.6009,685.0450,-5493.6582,4641.2441,-3298.5937,6412.2120,4457.4449,6557.5643,-345.5964,-5008.7652,4558.5326,-4092.8848,3453.5856,3583.8281,2798.6226,3747.6129,1355.3951,-2639.2304,5566.6699,4979.1792,-4198.0269,2785.5787,3722.5301,4301.2578,6219.1537,-166385.6937,-171764.0375,-169055.6684,-167276.7741,-164496.4116,-173916.7976,-178284.0096,-170844.4103,43805217.0999,43772744.8518,43803943.9505,43802366.3951,-170078.9200,43803087.4266,
46800.000,795.3579,3194.1665,-907.7557,1580.4014,-6305.2718,1122.3571,2939.7985,2220.4714,-3884.8076,4055.1805,5844.7365,559.5094,0.0000,-207.7852,-6730.6927,-4122.3731,1627.7586,5759.0089,-910.9197,-767.1544,-5875.5146,-5036.9695,3719.2929,4699.7562,6480.0243,-3645.9499,-926.7448,-1724.4698,-6611.9897,-1120.9254,-513.7200,-1457.7066,-3902.2070,-656.4650,-5503.4485,3892.8892,3395.9773,3724.7651,982.4101,5570.8130,-5953.3510,-851.3650,3594.9525,-3678.0783,4905.7679,-3166.9982,-4234.5777,-45.2143,-5812.3014,-3032.6615,-1836.5112,2392.8032,5977.5396,-5733.6305,-4546.2365,-1583.0529,3164.5997,247.7302,2082.9696,-2804.3640,-5086.4717,-1188.1726,3232.8016,5134.1620,-946.1772,5981.2655,3633.6771,582.8245,-1716.2617,-2185.9824,2654.6800,-195.5590,952.1898,-168.5895,-5526.8843,4920.1788,1678.1131,-160.1187,2138.1530,474.0413,-289.7997,4764.9229,-5866.0924,-396.9678,-4752.1596,4685.8980,664.6706,1791.7468,-6198.8720,4563.0679,5009.2151,4501.1444,2115.7663,-1043.3765,-6349.8953,-438.2044,-6557.1086,4746.1585,5455.3187,-6240.1912,103238.2057,98693.8887,100701.4963,101109.1840,106716.3078,104072.2370,98040.8742,100797.4452,257749213.0487,257753596.0671,257751125.8008,257754083.9073,99943.4947,257750468.5213,4523.5612,4015.1564,6846.8536,6174.9585,159.0960,6149.2310,-4302.0597,4968.4649,-3782.1200,-1882.1004,-141.4500,4377.4470,0.0000,5591.3841,965.4717,320.2464,5151.8667,-2632.6720,6830.0046,5782.5140,23.0675,2136.8707,-5637.6705,4179.1264,98.0050,-4940.7224,-4336.8454,-5689.9488,-1409.2340,-4577.2182,-5799.5994,5612.8126,5698.3341,6447.1876,1971.8376,-4240.2138,-2776.0776,-4381.0482,-6493.9148,-2031.5860,-1390.2779,-4413.0119,-5443.5060,2999.0751,3432.7403,2849.0201,-570.7701,4197.6135,1864.7040,3229.2072,-2180.4255,5130.0939,-535.4831,-717.9065,2804.8463,-3934.7995,5971.9289,-4117.4171,-5703.4679,-5469.3153,4497.9466,-4080.3557,6122.9550,35.7092,-4426.1365,3137.2468,4444.6346,4198.3364,-6430.4974,-6372.7992,3195.1574,4188.5035,-5652.5150,-6717.6083,2241.4700,-3641.5909,-6035.3997,-6092.6162,-6046.6031,4081.2364,-4351.6681,5009.5908,1903.4116,-5797.0923,4721.6649,3110.9232,-4213.7838,-4745.7879,-2928.9537,-2181.7428,-1077.7181,4113.8769,6153.0313,6771.7792,-2150.4736,4188.6328,315.9078,4929.5611,-3912.8411,-267.5207,315472.8625,350518.7654,326124.5559,327742.9814,334620.6412,333140.3690,334263.5470,333105.3975,-246982985.0199,-246959879.5012,-246937278.4435,-246975557.2199,331896.5892,-246963246.5423,-5063.5038,-4494.2539,266.6736,-2702.6270,2825.8320,2960.6648,4562.8848,-4256.6988,4303.2298,5080.1942,-3499.4340,5282.4928,0.0000,-4064.2682,1247.7477,-5521.9032,4324.2290,-2746.7388,-75.8717,3739.7190,3617.6836,3921.3240,-1478.7115,2913.6534,-2389.8666,3237.6978,5289.0588,-3548.4640,740.1588,-5040.6844,-3667.9752,-3777.7754,-48.7276,-2483.7941,-3543.9452,-3655.5983,5326.9755,3828.8809,1811.4089,-3513.1261,3313.0668,5239.8349,2026.2377,-5004.5922,3409.9608,5439.3299,5403.6962,5420.7319,-3292.2410,-5295.4066,-6342.9942,3949.1443,3454.8808,3584.2211,4381.9576,-5445.1812,918.0052,-5417.3523,3346.2479,-3019.7873,-1221.2865,5394.2503,-282.7596,-4655.7198,-5054.2368,1420.3494,3805.2604,-5463.0860,-1888.9311,1609.3387,-5384.0606,5460.8532,3891.2436,-1565.7243,-3502.5849,3243.7254,2916.7265,3245.8741,-2613.1826,5448.7460,-5422.9682,556.0241,-3191.8928,-3768.9524,1686.0937,-4054.2175,5209.3589,-4710.2946,672.6738,-4677.8381,-4701.7743,3135.3579,-2075.1800,-976.7374,-1631.3758,5408.6951,1874.7456,1148.1848,-1425.2218,-3054.8922,-166447.9003,-172032.1105,-168203.9678,-169702.3043,-163897.9245,-170642.7805,-179291.1329,-169086.9945,43885794.8549,43852006.0930,43877866.0157,43884481.6162,-170163.0856,43880676.5678,
50400.000,-4591.9673,-6020.9893,-1635.5424,-3907.1273,6501.7314,-3555.6681,-227.3395,-5032.6738,6484.7215,-115.4276,-3200.1563,-4134.3467,0.0000,-1832.2946,5726.6153,3815.4802,-4858.6305,-2187.8223,-1018.6178,-2918.4444,3672.7089,340.5651,-2061.1198,-2959.3486,-6422.9299,2582.4531,4443.5174,4340.1548,5843.7510,4363.1053,2590.8440,-2077.4958,1609.4641,-1611.5743,5334.2874,-2690.6793,386.2985,390.1602,2453.9445,-1805.0442,2857.9579,4274.0649,-1842.3690,2770.4695,-6453.0989,1266.9823,5526.7842,-4364.2221,2374.8582,-1117.9733,3521.4857,-4619.7058,-6167.0739,3701.7175,1184.7812,5364.1593,-4664.2973,4079.5798,145.9794,4606.9912,3363.9131,5020.9508,-4647.5478,-4241.6647,4658.9058,-4870.4012,-4126.6610,-4416.3395,3107.5074,4001.7603,-5567.6956,-3672.9112,1749.0798,1746.9815,1825.0218,-3711.5019,1943.6980,1915.3086,81.4066,-4861.0605,1389.5115,-1549.8174,6593.9636,3085.8129,3294.2678,-6785.9218,3225.4155,1897.8739,5197.9163,-2114.7021,-4267.5045,-4154.1740,-3508.5588,2796.6153,6293.3598,-3431.0204,3631.8874,-3448.6355,-3401.6061,6676.1413,22572.7690,9006.7389,13129.0485,12426.5412,20760.5073,14446.1779,12941.4514,13606.6223,312915333.6810,312920326.6425,312908672.4639,312924227.1349,14044.9662,312915864.1621,-1570.2492,-3175.2359,-5658.8033,-5633.7192,-1795.0180,-5904.6871,6532.0765,-1789.5277,1844.4419,5057.8964,3909.6273,-4952.1233,0.0000,-6666.6205,-2368.4146,-4459.6009,-4656.3887,3724.5483,-5486.9965,-4206.5209,-3525.6701,-4193.1035,5939.3146,-5809.5455,1518.8965,1379.9802,4687.8634,2630.6940,-1434.5553,5048.0186,6340.2795,-3580.9223,-5333.2538,-6650.6988,-4150.7290,6193.8559,5035.9439,4142.6367,4509.9368,3730.2211,-620.3463,4914.6537,6029.7694,-6097.7418,-2257.9528,-6093.8528,-2991.6502,-3219.1296,-3485.2906,-4874.9003,-2134.0689,-5131.6881,3158.2823,-3490.0027,-5312.9776,3150.8309,-2763.8314,4593.0903,6935.3890,4810.9534,-5128.3129,1716.2414,-4023.4811,3932.0247,4712.4428,-284.4987,-243.9995,-4333.9328,5658.4794,3659.0951,594.8370,-4926.5522,6661.5598,6034.7276,-3733.6079,5850.6636,4690.1389,6554.1356,6843.4888,-3159.7999,6693.6806,-4231.7349,402.6512,2772.9914,-5443.9275,-918.3634,5628.4380,5928.5574,369.5051,5579.1311,4661.9077,13.9055,-2631.4791,-4671.0065,447.5760,-5195.0139,-2593.8706,-2708.8177,5429.0838,149.9701,331377.9090,363826.1203,340976.8243,345677.7653,349611.4768,345974.9672,349229.5098,345434.4999,-171790289.2287,-171770791.3855,-171747342.1567,-171778909.3048,346569.0986,-171771404.2650,4800.1900,366.7670,-3624.2111,-954.3693,1507.9100,608.5070,-2318.9815,4367.3630,-1602.6585,-4512.1245,4557.9666,-2429.0881,0.0000,31.2197,3054.6308,3610.9675,-1646.2673,5368.9542,-4048.7136,-4683.1757,-4669.8941,-5268.0984,-2884.2531,2357.2553,-2041.5640,-6307.1691,-2456.9390,4694.4393,3164.6238,1736.7085,-649.9706,5532.1078,4070.7742,-1153.1484,-1002.0413,-922.8431,-4717.3019,-5527.5610,-4486.1236,5491.9989,-6321.3602,-2312.2769,2629.5605,1628.0415,878.6368,-3020.0638,-2843.4672,-4212.4071,5491.4392,4744.9299,5584.8296,121.8966,-98.9339,-4523.8378,-4271.1142,2974.3026,-4143.5572,2919.5530,31.7482,-1588.8788,-3162.1376,-4375.2310,-3206.8768,3802.0540,1427.9900,-4891.6514,-5520.6940,3071.4559,-2494.3733,-4320.4710,3842.6651,-3126.6180,-806.3041,-2858.0789,5515.2194,193.7245,-4699.2201,1038.5398,-1052.7572,-3620.0069,1265.1570,-5283.1254,-2123.9371,5531.7758,2681.7716,1056.5219,-1838.1049,3010.3892,-4514.4523,3428.2744,2879.7779,-5465.1365,5222.6980,-4268.4589,-2798.6882,-2894.2949,-5174.0731,-5387.9105,-2465.1841,-1934.2599,-166541.5117,-172266.6304,-167861.8154,-171854.0230,-163733.3250,-167879.8368,-179627.9670,-171504.3176,43966025.2192,43931903.0343,43951859.7889,43965722.6553,-170231.7608,43958249.7896,
54000.000,6703.5148,5457.9525,4362.7239,4903.8791,-3741.7777,4762.3474,-2040.1425,6579.2136,-6591.1965,-2760.9367,-11.5022,5367.8922,0.0000,3017.3869,-2146.0265,-2837.4473,6029.9640,-2107.3041,3616.3714,5982.6892,-987.3980,3823.8340,-1186.5959,-87.6923,3440.5844,-2348.7367,-5593.4737,-6230.7005,-2373.0992,-5225.9515,-3582.4740,5565.2635,2234.3471,3542.0925,-2156.9591,-246.5301,-3057.9811,-4461.8565,-5593.6356,-2171.8591,272.4847,-5395.3634,-1613.0169,-1078.1022,5116.3919,311.3191,-4892.5729,6581.0543,1470.5967,3961.6980,-5125.2372,4794.2474,3995.9344,-907.9437,1871.3205,-6498.1862,4995.3394,-5639.8714,-2357.4833,-4419.5282,448.1532,-6862.7381,5062.3257,2719.8037,-5299.4014,2709.2285,4381.4518,5883.1437,-3841.7239,-5360.8172,6056.2264,5337.4188,-3623.1689,-3377.3859,2128.4524,1025.6519,-5384.6307,-3141.7776,-2511.9878,6558.3483,-1347.1071,-1052.1940,-2791.1576,-5710.3655,201.3049,6295.7521,-4580.2390,-4306.6205,-2727.3149,-338.2253,2709.4899,3419.9799,4706.3998,-1113.0009,-3661.7739,5063.6464,541.0326,2064.3246,-541.2643,-3825.9237,-59729.1820,-81036.9125,-75432.2038,-75219.5530,-66350.9133,-75955.4404,-73426.0505,-72733.4034,346722026.0645,346729497.7026,346708829.2547,346730832.5978,-72864.6802,346722340.5299,-841.9929,713.3243,2611.5627,2792.3694,3109.2098,3266.7763,-6488.0635,-1242.0739,414.8608,-6182.5667,-6469.4291,3809.3571,0.0000,4758.1106,3666.2576,6250.5687,2717.3487,-4750.5686,2037.3968,2126.7096,6268.9675,5170.8156,-4126.3742,2974.8824,-3048.7205,3262.8220,-3556.5147,688.2502,4399.5582,-3614.9309,-3757.4673,1424.0169,3512.0950,4347.2589,4365.2115,-4847.7463,-6097.8782,-3724.1586,-1085.0249,-5272.9831,3982.1142,-3774.3902,-3899.1880,6207.3484,-241.4548,6785.3559,4595.4189,1951.4693,5166.7725,5530.6381,4409.2688,2760.0247,-4576.6559,6456.4562,6493.5228,-1836.5277,-1890.2682,-3345.3776,-5565.1699,-1380.5402,4172.3892,203.8889,180.8019,-6339.6805,-2600.9394,-3616.7401,-3907.3342,3404.3915,-2223.0370,239.4523,-3003.0940,4171.9346,-5216.1629,-2616.9843,5161.8809,-5877.9172,-2539.4071,-3990.6328,-5016.9989,1700.3422,-5803.3455,-411.3712,-1657.8331,362.5430,4346.9710,-1324.8057,-3817.9441,-5385.2694,3344.5802,-6876.8153,-6369.1300,-4422.1790,-2013.2757,-96.7780,2236.4605,4330.5011,4986.3812,-1691.9118,-5038.4890,682.1791,327147.1151,354425.6031,334210.7359,342855.0670,342656.8563,336552.5128,342679.6396,340401.9863,-84876339.1809,-84859515.9809,-84839225.0985,-84858671.2346,339361.7706,-84858487.1145,-1034.5451,4011.5347,4672.5660,3996.4327,-4917.9839,-3819.1334,-1354.3053,-1697.4678,-2101.4666,245.1392,-2137.6362,-2049.3781,0.0000,3996.0687,-5459.2516,633.0494,-2065.6477,-4542.7323,5491.5396,2779.1843,2711.9353,2003.1032,5408.8823,-6271.7437,5143.6716,5653.8241,-1959.2484,-2938.2873,-4618.1081,2668.8775,4501.7207,-3857.7314,-5514.3582,4074.7472,4783.5445,4774.3601,1088.1695,3737.2508,3728.1297,-3869.6699,5688.9453,-2104.9064,-5380.0213,2788.4265,-4621.7294,-1313.2000,-1592.1955,64.2062,-4384.9932,-1154.3833,-1608.0613,-4141.6054,-3340.2585,1936.8080,1460.8797,1399.4531,4232.5391,1810.6856,-3413.2123,5032.4721,5463.1052,367.4384,4718.3587,-631.6418,3326.3547,5210.8243,3604.8811,1237.4821,5295.8379,4373.8369,691.3060,-1281.9528,-2789.7277,5406.6873,-4080.4993,-3535.5420,3506.6110,-4689.1446,4045.5728,-893.7992,3574.5542,6835.3459,6120.7699,-3900.2139,-5371.3186,2564.7865,-3152.3128,550.8330,5361.0742,87.1806,609.8131,3967.4859,-4525.0634,6814.2485,5392.5355,-1655.0414,4623.4825,6394.4574,4616.6519,5749.4684,-166661.2897,-172463.7473,-168139.3342,-169973.1221,-163990.2470,-170918.2650,-179317.5122,-168787.7519,44045736.0839,44012550.9470,44026042.0281,44045255.6281,-170284.9675,44035807.0655,
57600.000,-5302.0713,-2755.1435,-6293.3289,-5024.0620,-446.5051,-5063.1981,3851.8933,-5645.6560,4316.1285,3876.3960,2674.4473,-4539.3652,0.0000,-4092.3261,-1985.8621,341.1947,-5230.1656,4855.7613,-5879.6526,-6888.5640,-1398.9290,-5033.2801,4871.4782,851.7322,682.3710,2894.7982,4624.5193,6128.0767,-1560.9969,4340.3560,4274.7743,-6909.3880,-5774.0518,-5188.4533,-2622.2487,4184.5170,4040.2377,6316.0665,6515.5956,4419.8226,-1653.9855,4550.8002,5308.2675,-1894.2929,-2306.6343,-2126.2474,1722.5897,-5489.6711,-3920.8551,-4737.1479,4516.1464,-3918.6232,-116.4173,-1790.4044,-3829.3976,4813.2355,-4035.4855,4429.1437,4508.8849,3493.6823,-4605.3884,5356.6273,-4780.0868,-279.5345,3675.1404,-811.6099,-3646.7551,-4948.8722,4502.3773,5695.1624,-2957.4122,-4764.9690,4813.2443,5044.0135,-4442.1088,2625.0197,6906.8623,4363.0779,4944.2193,-4839.7580,1884.9916,511.1857,-2336.2316,6497.4502,-4304.0552,-3555.0194,3928.8620,5162.6592,436.5973,2695.6738,-0.8324,-2243.4360,-4680.5686,-3321.5873,394.0763,-4553.7925,-3439.1867,-1831.1547,4639.1648,-189.5443,-138745.2046,-165745.4090,-159287.4740,-157478.0187,-149102.1557,-158741.9870,-155716.7804,-155233.9365,356862659.8679,356873808.3192,356846084.2243,356866603.5313,-155297.6005,356863288.8761,2499.3802,3158.2140,669.1435,1342.7989,-4502.0720,819.8071,3955.0904,3393.5211,-3009.3668,3631.4312,5957.4539,-475.8765,0.0000,-711.4325,-4929.2044,-5227.5078,633.4478,4842.2867,1314.2919,24.7141,-6690.7507,-3330.2712,1830.2177,2500.1700,4734.1387,-6073.7185,409.5603,-3147.8124,-6143.1674,-10.2722,-712.9063,255.8358,-1616.6472,-636.8644,-3757.4756,1927.8066,4587.6368,2785.7691,-1994.0897,5274.2499,-6503.1690,520.7256,1031.3287,-3843.8572,3708.0010,-4493.1841,-4452.9938,250.1160,-5685.5337,-3863.3381,-4082.8950,1414.4314,5063.1441,-6204.2740,-5297.8519,-743.1490,5380.0105,-253.9787,2322.7833,-3280.1904,-2900.9453,-1884.8772,3724.2545,6265.0670,-1775.7013,6488.9038,5811.7554,-624.7388,-2100.7758,-3529.9522,3916.2047,-1198.3640,1719.8516,-1457.5628,-5297.9536,4346.6629,291.1076,-240.8060,1675.3696,917.4072,1994.9303,5370.1251,-379.5867,-2385.4066,-2764.1227,3730.0353,-941.9878,2628.1420,-6324.4152,5242.8705,5845.6225,6477.7608,4949.2481,3188.6102,-5200.6471,-988.4644,-5862.4768,5613.2765,3589.9257,-3024.8635,302878.2099,322988.0370,306223.3210,316051.8122,314095.7281,307221.2705,314843.1121,310000.2898,7826228.0688,7842073.8531,7855612.5353,7848890.2900,310695.1742,7843143.1766,-3515.7950,-5381.8496,-2786.4545,-4572.4366,5219.3511,4635.8485,4182.9320,-2079.9385,4496.9464,4195.4117,-1940.6813,5152.3080,0.0000,-5530.5029,4414.0485,-4488.3962,4486.3660,753.6244,-3350.1739,785.8283,968.3238,2984.7787,-4555.6646,6400.9608,-4985.9174,-1737.7783,5107.2011,-666.4528,2459.4742,-5365.1255,-5346.8746,-247.8681,3418.3216,-4567.9082,-5074.3139,-5027.7567,3207.1167,373.5077,-146.2610,-335.0256,-1851.4081,5164.1628,4168.8721,-5404.9341,5325.1277,4799.1129,4966.2283,4102.8715,598.0208,-3208.2521,-3357.0638,5499.0922,4719.1725,2137.4769,2247.3999,-4891.1656,-1149.4753,-5165.3054,4722.6103,-4893.7010,-4243.1596,3865.1496,-3368.3717,-2948.4850,-5419.7068,-2218.8441,647.1319,-4788.9647,-4817.7987,-1772.2225,-4707.3149,4823.9464,4674.6681,-4479.9168,55.9334,4708.3433,-122.8469,5341.6978,-4553.0387,4724.3422,-6396.0635,-4367.6383,-6529.8805,-164.8046,4635.8306,-4639.9685,5385.6273,-3788.8023,-2705.0638,-3563.8704,-3765.9557,271.3779,449.1064,-5170.3843,-4520.4485,5028.2217,-677.1120,-3656.2492,-3566.2031,-6260.4282,-166803.2783,-172618.4106,-168976.4325,-167644.3208,-164680.5401,-174408.0520,-178347.7217,-171943.5516,44124787.9513,44094075.5303,44100537.2327,44122197.8428,-170322.7294,44113348.3690,
61200.000,1105.4438,-17.9900,6114.2365,4348.8725,3755.7757,4602.4179,-5284.1442,2322.2940,-1003.5877,-4076.2641,-4504.3803,3038.1538,0.0000,4958.9425,4544.2630,3309.8452,3428.2595,-5190.3070,5999.4794,5217.1190,3495.7911,3837.5700,-6865.3236,1311.3116,-3732.3515,-2514.7222,-2946.9822,-3573.1705,4128.0967,-2967.3913,-4527.0420,5181.3528,6852.4790,5918.3187,6028.5684,-6626.6370,-4147.2855,-5416.1754,-4162.9779,-4636.4999,1645.0326,-3095.4702,-6739.2034,5171.5648,-201.7690,4380.0816,2721.1880,2343.3096,4522.8329,4186.8195,-1043.8710,2942.8060,-3750.4520,4195.0486,4861.7966,-1862.8892,1341.6027,-2151.2748,-6038.3896,-2309.3566,6710.8030,-1479.5494,3487.0977,-2886.4136,-1524.0924,-805.3721,1020.7452,2949.5743,-4546.9993,-4172.3190,-2023.4027,3291.6746,-5389.9357,-5514.3944,4730.9177,-5803.0345,-5682.2785,-5160.2781,-6358.0125,1438.6634,-3600.0481,1976.1447,4616.0641,-4422.1593,6703.6294,23.0003,-2587.6572,-4906.4844,1273.2552,-4811.9117,-3377.6635,-168.3722,2257.1958,6472.0835,1946.5110,3251.4859,4321.1505,1903.5483,-6702.6536,2800.7740,-209676.9018,-239781.4461,-233062.9620,-230260.1941,-222270.1460,-231003.8166,-228726.7397,-228185.2125,342646039.1714,342661002.0642,342629760.0993,342642911.4352,-228039.0148,342647395.7856,-3942.6631,-6271.1307,-3104.6646,-4868.2125,5346.4577,-4478.3766,-113.8450,-4681.0035,5456.0160,1362.4612,-2378.8583,-3787.2903,0.0000,-3227.7541,5173.1953,2715.6530,-4347.0780,-2892.6553,-3237.9509,-2395.0246,4373.6988,-1278.7821,-0.5246,-6232.9819,-5577.1681,5609.5699,3701.3664,4510.1256,5162.1597,4237.8803,4491.2499,-1873.0863,44.4678,-2788.3505,2774.0917,644.6990,-684.1248,-478.8357,4053.6975,-2732.1587,6018.0170,3665.9645,1135.0209,847.1183,-6393.0522,733.7959,3723.2943,-3457.5307,3884.8499,-36.7264,2672.9608,-5260.7341,-4850.7484,2806.0855,1849.9084,4127.2143,-6067.0730,4608.7509,1179.9451,6325.6657,1572.6536,3859.3584,-5988.8780,-4181.6823,5819.0219,-6490.8558,-5125.2282,-3306.6008,5044.3759,5185.9809,-4113.5547,-3063.3335,2244.1203,4097.4276,3082.6830,-2277.9604,2067.8635,3771.3755,1583.1576,-4310.4424,2253.2934,-6613.2643,4197.4595,3384.5773,1353.7804,-5744.2521,5468.6103,1464.4606,6541.4844,-1595.6761,-3843.1511,-5309.1973,-5097.8992,-2413.4289,6581.5195,-3490.8034,3684.4849,-6549.9312,-1471.3111,5550.6871,259855.4959,271592.0775,258816.2479,268567.9351,265592.6923,258992.5527,267205.8723,262827.1873,99989917.2329,100006852.2905,100011226.8584,100012262.3753,262345.3239,100006241.2429,5460.4973,2664.1567,-881.3637,2290.4806,-2264.5432,-2585.4129,-4493.1235,4505.0669,-4156.4292,-5243.0361,4511.8182,-4895.8505,0.0000,3567.7402,-616.8373,5395.3966,-4168.7778,3495.3775,-1016.1721,-3896.9588,-4046.3732,-5393.6787,816.3464,-2755.2179,1625.5513,-3245.5169,-5039.5829,3834.6577,1601.0547,4550.1646,2571.0445,4172.6999,838.2750,2301.0829,1614.0070,1445.5118,-5487.0697,-4278.0258,-3565.5936,4289.4074,-3092.0010,-4977.1181,76.6133,4470.4887,-2579.1750,-5306.4204,-5131.6956,-5451.5659,3525.6263,5474.7391,6315.3113,-3376.1194,-3235.2784,-4568.7411,-4562.7302,5195.1904,-2817.7297,4512.0833,-3211.5879,1227.0641,241.7169,-5497.9946,-58.4022,4697.5316,3119.8570,-2221.2574,-4500.9607,5294.5334,1313.6348,-1934.8089,5007.4426,-5228.5463,-3746.5242,631.4909,3978.8103,-3037.3375,-3359.1060,-2627.0217,2227.2857,-5107.0969,5494.4921,-737.3771,3020.5893,4101.9433,-982.5494,3866.5240,-2978.8901,4642.5757,-1760.0180,4650.1042,4691.5775,-4347.5370,3932.3538,274.2848,701.3500,-4939.5587,-3798.2967,-1296.9802,10.4855,3095.3039,-166964.4337,-172723.6863,-170158.9147,-165933.6096,-165843.0525,-176908.9413,-176669.2722,-168594.0433,44203082.9677,44176584.0808,44175483.5583,44195547.2999,-170345.0709,44190873.6734,
64800.000,3170.4939,1928.9770,-3428.4685,-2555.7256,-4962.0398,-2949.8024,5742.4136,1859.3522,-1928.7927,3574.4632,5328.4347,-1585.0672,0.0000,-4562.0255,-4955.4833,-6288.1135,-1322.6438,4035.2663,-3183.8687,-1947.8388,-5193.8371,-1895.2712,5802.7639,-3536.2270,4701.6340,-38.1208,1418.7479,-488.0723,-4995.7251,1638.7619,3324.9374,-1482.4930,-4835.6953,-4879.8070,-6073.5639,5518.5585,4045.7599,2953.0085,-326.5589,3914.4244,-1856.3394,1726.5815,4561.9484,-6734.8435,1889.6793,-5987.4760,-5978.1283,728.9438,-4179.5980,-3376.8127,-3540.1520,-1642.9305,5942.9561,-5645.3667,-5143.3202,-610.8743,2587.0420,106.1248,5874.7691,333.1344,-5678.0587,-2358.9641,-871.4028,5764.5775,-471.9009,2708.9196,2944.8820,-1150.6215,2923.9890,796.0751,5586.1973,-1839.5070,4789.9211,3571.6043,-4020.5076,6914.1330,2448.3376,4260.0965,5644.1288,1464.4372,5169.7020,-2838.6685,-2916.3666,323.5831,-6049.9855,2805.1993,580.0318,3948.4388,-2904.1774,5988.2571,6149.2155,3595.6490,2125.1782,-5022.3988,-3158.5426,-1857.4941,-4023.5491,-597.7751,5735.0453,-3122.7600,-268134.4989,-298501.1542,-292082.9051,-288919.5496,-281289.6182,-288969.7363,-287646.5520,-286486.2870,305043498.7175,305061146.0555,305030996.7472,305038939.6207,-286476.7498,305045770.2216,4999.4983,6207.9103,4492.5599,6276.1881,-4317.8453,6165.2663,-3287.7941,5270.7997,-6533.7948,-5394.5741,-2190.3136,6557.4283,0.0000,5155.3533,-3220.0170,-387.5133,6677.7151,-1018.7947,3907.9984,4767.7378,-504.8961,5679.6042,-1555.8777,5379.3148,4240.6032,-2938.7638,-6528.6410,-5120.5264,-1316.8904,-6650.9928,-5706.8325,3908.2861,1828.1131,4746.8082,-839.3968,-2375.5045,-3621.7917,-3004.0114,-5059.5260,-1624.2830,-2469.4560,-6490.8483,-2742.9253,1326.5619,6361.6665,2412.0115,-2835.4310,6123.2611,6.4525,4283.9906,-2035.3175,6646.3633,3556.7232,1593.3451,2306.7882,-6525.1079,4262.8827,-6792.9521,-3682.6434,-5986.5988,384.9418,-5494.6722,5953.7303,1407.6629,-6551.3640,3613.3644,3117.7287,6349.6006,-5507.7968,-5253.3566,3610.2523,6269.7816,-4984.6185,-4669.9367,1036.7082,86.9615,-4423.6529,-5141.8483,-3731.0468,6447.3433,-4416.0994,3352.2331,-5884.5891,-4161.1324,392.6929,6292.5226,-6403.3518,-5046.6206,-3681.8445,-2128.0106,1483.6678,2277.9409,3569.8100,-188.4126,-4997.4139,6454.9174,875.5367,4264.9571,-1282.8076,-5930.3177,200500.4025,203590.1334,195042.5314,203963.3215,199978.4419,194589.0251,202399.1853,197210.7021,185324300.6309,185344136.9340,185338840.5725,185339944.3415,197334.2081,185340538.4273,-3419.2160,2042.8040,3970.3544,1395.7637,-2138.7490,-1093.8819,2060.4416,-4061.4162,1252.7670,1998.9107,-3639.5029,1399.7844,0.0000,617.3665,-3594.6942,-2805.8522,1271.7465,-5507.7723,4689.4645,4633.3707,4512.1090,3081.8986,3410.9542,-2589.8516,2747.3578,6282.2259,1756.7975,-4635.6417,-4429.3541,-801.5936,1910.0502,-5516.0674,-4584.0395,1327.1318,3007.0505,3208.8572,4262.3452,5472.8331,4543.5962,-5436.0490,6223.4162,1619.9014,-4290.1434,-636.6561,-1878.9071,2477.1550,1939.3700,3007.3005,-5534.7287,-4230.0592,-5627.9253,-923.9275,-245.3466,3438.5716,3996.6335,-2157.8730,4644.5250,-396.9899,-251.1395,3293.9781,3886.9495,3385.5257,3426.9454,-3579.5499,1674.4289,5212.4162,5387.0114,-2478.0134,2984.0760,4437.3415,-1401.8626,2188.1790,529.6312,3599.7932,-5531.8227,-501.2449,4706.0619,-1782.1596,1457.1921,1716.6137,-1465.6753,5359.3819,2233.5458,-5527.1059,-3320.4212,-751.5146,-2035.0838,-2615.0289,5037.7044,-2656.9548,-2884.9347,5370.5377,-5424.2394,4744.2975,3546.1064,1403.0081,5437.0482,5430.4754,3532.6284,1826.9143,-167142.3849,-172769.5190,-171375.8920,-164769.3250,-167550.6978,-178557.3740,-174189.1095,-172120.2981,44280571.2583,44260087.5544,44251039.1784,44265813.8691,-170352.0181,44268382.9522,
68400.000,-5174.2257,-3468.8798,-696.1935,-557.4396,4466.4023,-67.5925,-4441.0018,-4944.0063,3808.5668,-1578.1563,-4368.2427,-153.0175,0.0000,1971.9145,4084.9993,6570.6926,-936.2189,-2608.0527,-1302.4996,-1319.6600,5850.6011,-190.7457,-2330.9634,2493.0833,-4288.1328,3970.8079,188.1572,4170.4106,4514.1880,234.0031,-56.5589,-2048.9394,1112.5279,1815.4454,3354.7710,-1348.1942,-3409.4296,-586.3193,4379.5620,-3005.1462,3266.7142,-96.8461,-108.2801,5192.9564,-3250.5671,5411.3095,6306.8945,-2570.9045,3681.6990,2296.2456,6351.8316,-649.0906,-5878.6188,5004.5042,4407.9581,2197.2863,-5960.4469,1891.7906,-3487.5427,2778.0296,2560.3179,4315.0896,-2709.5053,-6833.8671,2771.0403,-4870.2333,-6197.3577,-435.9161,607.0485,3240.7679,-5752.7792,227.6743,-2501.6164,509.0221,3164.0042,-5402.4068,1098.3629,-1102.5971,-2593.9514,-3051.0663,-4493.5224,67.5923,-89.8791,3596.7923,3010.9756,-4419.9520,2446.2038,-2080.2295,4695.6090,-5114.1171,-6881.5231,-6296.4704,-5928.3655,-209.0925,4021.8453,2.0796,3346.3492,-2576.0726,-2635.9273,2475.0457,-310405.4740,-338245.1582,-332662.2926,-329646.4150,-322745.2742,-329252.4714,-328154.9558,-326751.0225,246622506.4729,246640611.5548,246616349.9893,246627053.6556,-326893.4700,246625605.2608,-4310.9041,-2671.8294,-5145.9278,-5450.5243,996.0721,-5588.2175,5074.1372,-4714.7988,5263.2095,5936.1950,5225.0938,-6202.7295,0.0000,-4924.4700,-711.7610,-1307.3577,-6431.2889,5022.0793,-4207.4899,-6299.9884,-3010.6486,-6460.1797,3462.4938,-1273.6559,-552.2533,468.6352,6388.1907,4900.9084,-3382.7685,5942.7857,4587.3215,-5660.5826,-4170.7406,-5237.0404,-2421.0985,3867.7326,5997.1138,6073.4346,4793.7719,5434.8895,-1917.9311,6339.3552,4254.9255,-2712.7590,-3322.1649,-3871.6167,1235.1765,-6183.3602,-4126.1157,-6503.4333,2300.4742,-5094.3407,-872.6403,-4597.2365,-5246.5719,6123.2403,-1450.5817,5136.2270,4832.9810,3032.7081,-3260.8791,5254.8512,-4293.7571,1103.8314,3452.1713,278.9325,-1206.0715,-6624.3404,4230.9815,4419.8686,-1431.3604,-6503.5385,5730.6959,4107.3901,-4985.5915,2237.0542,6081.8919,4591.3622,4806.8193,-5370.3701,4032.5434,1216.3186,3098.1276,4747.3470,-2896.7899,-4520.6986,3418.2997,6513.1361,-480.8016,4473.3824,740.3663,549.7721,-1774.3192,900.0702,992.2314,-6128.2109,-5099.4394,-892.2149,4331.0175,3065.6939,128253.8175,123395.0773,118960.4409,126502.8062,120924.5666,117828.9355,123864.3985,119758.9275,258005381.3387,258028923.6783,258015898.7484,258017252.3040,119741.5241,258022064.2560,-1156.3184,-5230.4784,-4568.5761,-4234.6079,5173.1394,4071.6222,1601.0926,999.7276,2397.4370,2848.7729,-40.8188,2988.1812,0.0000,-4438.8195,5522.3121,-1638.8985,2385.6495,3937.5401,-5304.4560,-2586.4145,-2100.0784,1893.2661,-5516.0501,6333.7724,-5390.1375,-5688.2748,2615.3850,2537.0090,3791.9548,-3498.6556,-5131.1451,3400.1422,5380.9119,-4179.6671,-5442.8245,-5452.2823,-352.2855,-3257.5789,-2077.0673,2972.0164,-5844.1904,2738.3734,5336.8356,-3639.5195,5081.7634,1877.2651,2490.7397,1496.0098,4171.9438,231.1123,1616.2911,4608.3404,3553.2412,345.2678,-937.7864,-2303.4410,-2989.4889,-4049.3115,3540.1642,-5477.7292,-5518.0583,1000.4247,-4722.7475,244.0708,-5141.4905,-4890.7961,-2770.6685,-1930.3731,-5444.1702,-4245.8877,-3329.9886,2261.2887,2986.1022,-5524.3528,3587.9613,3712.5833,-3105.9943,5033.1184,-4260.0776,2910.7322,-3458.8591,-6835.4297,-6213.7983,3520.4159,5492.7999,-2844.8495,5259.3467,-1066.3590,-5025.0205,-1124.3554,-637.8392,-2675.4979,2874.8155,-6860.0423,-5521.6681,3079.8523,-3079.2193,-6389.9628,-4629.5079,-5731.7621,-167335.2704,-172740.2687,-172303.1064,-164078.4609,-169883.6797,-179471.7251,-170822.3487,-168536.2769,44357254.1558,44344351.1742,44327388.4787,44339212.7718,-170343.5981,44345876.1790,
72000.000,4673.1602,4760.9445,4311.9988,4142.2359,-3481.1528,3743.2764,1206.0148,5855.5449,-4854.3640,-2172.1634,1203.6836,2716.0091,0.0000,2158.8145,-3039.2690,-3777.6082,3455.9673,1212.9272,4940.5392,3585.0465,-4518.7142,2820.0829,-1471.0056,1910.2348,3520.1546,-6710.4841,-2501.7542,-5930.1815,-2787.9096,-2964.0231,-4082.3061,3915.2592,2125.8045,2230.5067,-80.4298,-3089.1498,1303.2197,-1123.9141,-5970.7431,1615.7068,-4863.1755,-2387.0703,-3766.9298,-1224.6673,4661.7991,-2190.7473,-4071.7790,3613.4973,-2869.6061,-245.6586,-5787.9949,3823.1329,4266.7096,-1707.7570,-2112.4931,-3454.1737,6630.1298,-4103.3406,-444.5310,-5734.3733,608.8396,-4448.9061,5835.4560,5285.5107,-5008.3741,5986.0779,6671.6670,2388.0481,-4589.2570,-6090.5681,3290.4391,2185.1580,-1197.9576,-4655.6734,-2003.0285,2175.7310,-3634.6574,-3178.2017,-1552.3449,3963.4623,990.7078,4499.4656,827.2893,-5445.4542,390.9374,5029.0881,-5414.6314,-828.7738,-5606.8291,1921.5489,5107.2087,6160.9265,6589.7998,4836.2757,-4698.1704,2782.0287,-1827.6424,5841.2494,-807.6638,-2532.6716,-333690.9403,-356558.4331,-352298.9579,-349774.1777,-345806.1573,-349359.1088,-346109.8900,-347237.0342,171371319.7261,171387309.9676,171372560.0325,171384254.2945,-346703.0991,171374906.2331,1081.8799,-1992.3680,4901.6404,3328.1090,3305.6441,3657.7219,-5298.1233,2480.4274,-1828.1832,-3476.4694,-5603.2246,3254.8087,0.0000,3656.7345,4752.2478,2877.4791,3867.7884,-6789.0393,4148.0753,5844.8367,4945.8685,3167.3969,-5335.0191,-2076.5833,-3780.8196,464.3414,-3589.5718,-3383.2362,6201.7715,-2908.0240,-2603.8689,5642.1083,5962.3967,4772.8395,5630.9850,-4929.9257,-5619.0654,-6746.0645,-2616.4552,-6539.7480,4512.2579,-3618.6679,-5131.1738,3940.3610,-960.3074,4155.1265,1641.4303,3038.8820,6301.8739,5686.1217,-1963.7896,2050.2174,-2772.1782,5327.0889,5994.9709,-2832.3640,-1301.4661,-888.8190,-5070.5837,311.5960,5878.8723,-2266.3852,2044.7428,-3100.4099,1050.0342,-3134.0620,-442.6586,4002.4166,-2558.8344,-2969.6074,-2415.8996,3897.8110,-4948.9789,-3314.7510,6588.7526,-4628.0937,-5863.5567,-3397.4503,-5097.3297,1274.1752,-2647.8722,-3163.7794,2359.0511,-4223.4032,5472.2649,835.1244,738.0699,-5532.6066,3631.3502,-5150.4317,-2824.7970,-2342.0807,-19.5638,1546.2479,3193.1471,3114.6387,6387.3346,-1236.2511,-6342.5838,1576.1550,47394.8925,36203.8479,35342.9149,41151.9802,32834.0289,33334.4364,34851.7861,34530.0467,313073080.7249,313099590.3231,313083250.0501,313090035.9357,34449.3016,313090627.0408,4857.4835,4443.8161,2263.6931,4424.3338,-4979.7929,-4533.2295,-4312.7502,2683.2701,-4598.8147,-5400.0293,3671.6926,-5438.8305,0.0000,5445.8609,-4001.2217,4989.3292,-4596.9233,154.9464,2417.0295,-1045.9344,-1679.1315,-5241.2061,4135.9375,-6343.1676,4574.6449,1728.7461,-5352.3822,1120.4094,-214.2060,5495.2180,4875.7861,813.9610,-2763.6739,4504.1321,3858.1124,3539.6950,-3808.1682,-1030.2284,-1990.6692,1428.6566,2092.9146,-5386.0491,-2494.3718,5512.7952,-4993.5508,-5081.6713,-5323.2637,-4987.5624,-303.7153,3891.1068,3292.2378,-5378.9549,-4710.6721,-3878.7613,-2731.3328,5247.1234,-934.6506,5345.8833,-4720.0148,3717.7844,3545.2474,-4731.5517,3119.6390,3219.9761,4438.5123,1416.7105,-1685.5054,5093.1536,4490.9692,1441.7480,5423.4832,-5253.1733,-4712.4685,3856.1653,590.7615,-4685.6838,-470.2431,-5112.0697,4410.0582,-5422.6172,6340.6725,4222.5998,6459.0918,637.8076,-4203.8676,4683.4314,-3952.6203,4060.3003,1682.6767,4137.2234,3761.3128,-1910.7356,1780.4600,4682.2211,3907.0575,-5451.8604,-1584.0418,3528.7840,2482.8062,6264.8415,-167541.6230,-172609.1433,-172689.8386,-163821.6208,-171942.0975,-179715.9532,-167967.9377,-172019.3395,44433184.1123,44428760.6461,44404745.5728,44418445.0857,-170319.8393,44423353.3272,
75600.000,-3089.8549,-4744.7625,-5923.0851,-6590.6683,2441.1644,-6430.9023,2833.6832,-4945.1658,5207.0040,5767.0355,3173.3615,-5374.3811,0.0000,-5729.8125,1836.8975,-383.7632,-5656.4325,815.5173,-5935.3760,-4718.6173,1130.2539,-5233.5119,3771.5205,-6146.4728,-2576.7929,6139.5215,5076.9973,5570.9509,-345.4405,5648.3889,6689.2753,-4281.0234,-3754.5090,-5469.1656,-2132.4185,5203.8346,2238.8641,2619.6679,4928.9514,971.8326,4611.4175,5138.6691,5161.7317,-2854.5119,-5276.2615,-2221.3997,1061.1844,-4419.2029,888.4692,-2940.5052,2872.0152,-6317.3126,-2095.3960,-2904.8616,-1487.8842,4724.4031,-4005.9052,5560.4779,4199.2945,6351.7282,-2548.5849,3817.1036,-6916.9305,-1756.3854,5468.3096,-4635.5645,-4077.8171,-4706.1768,6783.6660,6514.1964,-415.0557,-4941.9981,4859.2749,6532.2283,-246.0141,1186.9355,4810.3812,6257.0212,4880.5550,-4495.3360,3566.2848,-6699.9215,1358.7606,5052.4278,-2636.0277,-4944.4805,5767.1037,4206.4091,4253.7417,2395.4201,-1721.3540,-2843.0440,-3805.0659,-5273.0205,4314.5313,-5538.2224,-1113.5836,-6613.2525,3290.1047,3473.2564,-336294.7226,-352307.9161,-349777.7520,-347939.3831,-348100.2011,-347932.2406,-341793.5415,-343909.8711,84426680.1127,84438789.2432,84434479.5632,84440767.4537,-344616.3991,84430251.7807,3471.0351,4884.3012,-3249.9343,-971.0433,-6256.6714,-1355.5696,4546.3319,1233.2298,-2250.6763,322.4967,4011.6203,260.1408,0.0000,-2385.3058,-6665.8824,-4620.7140,-404.3840,5436.4224,-2842.7958,-3090.4081,-5224.6738,1389.1923,5790.4920,1973.4838,6348.9238,-543.5557,16.1259,295.3366,-5796.5647,-385.7208,849.6894,-2985.9771,-5560.4530,-3696.0223,-6468.9818,4276.2474,3475.2163,4392.7123,-1266.6528,4735.9385,-4384.0481,204.0388,3902.8373,-4992.6207,4127.9871,-4111.7009,-4949.6709,1560.8116,-5749.8823,-2916.4921,-375.8662,671.9843,5892.5397,-4307.1056,-4874.1517,-1457.3875,3646.4123,-2996.5820,4599.8165,-2457.1002,-6369.8186,-2280.8750,177.4066,4756.7444,-4005.5432,4181.7264,2380.2721,-225.1827,1119.6729,770.3148,5938.0003,-328.9494,3414.6794,2197.7787,-5312.7705,6227.7374,3268.7371,2202.2589,4551.1566,3309.3240,2068.7915,1574.6807,-6154.8480,1686.1504,-6383.1440,3173.0756,-3399.9304,3105.5487,-4670.8570,4717.8274,4828.9403,3533.3305,2399.1055,-4465.4276,-5377.9280,411.9992,-4452.1908,1583.6767,5859.7337,-5106.8519,-37195.0841,-52320.3158,-50617.6762,-46664.8206,-55534.4570,-53740.3562,-56243.5776,-53114.3763,346769720.7919,346797115.3252,346783352.2672,346794855.5922,-53164.6443,346788325.8506,-5014.7983,-322.6252,1452.0877,-1882.0788,1638.4100,2158.8105,4390.4084,-4665.0469,3967.8179,3532.2182,-4502.9132,4295.9463,0.0000,-3048.8207,-59.3398,-5107.3148,3967.4207,-4175.3275,2034.9926,4023.5845,4361.0136,4000.7763,-178.5746,2525.4891,-862.8685,3193.4426,4677.8337,-4101.5395,-3547.2614,-3943.5299,-1362.5997,-4545.3426,-1644.7182,-2142.4080,538.1353,1035.2150,5524.9394,4642.3823,4522.7286,-4913.1535,2806.8717,4607.0534,-2201.1449,-3805.7495,1623.9494,5089.4768,4674.7122,5005.5754,-3775.0830,-5523.6616,-6322.2445,2703.0983,2975.2764,4384.5303,4664.7008,-4815.4222,4136.3805,-2537.7350,3046.3187,682.8752,703.2512,5234.2336,367.9760,-4724.9582,-177.3461,2938.1280,5011.9780,-5060.4001,-760.7358,2222.8515,-3285.3284,4784.4622,3568.5254,284.0219,-4422.3099,2794.2050,3729.2772,1925.5979,-1849.2415,3930.9098,-5606.5208,857.9208,-2913.7891,-4427.3728,225.2305,-3681.3116,-803.6643,-4536.4395,2739.9251,-4412.0116,-4698.8183,5138.1188,-5142.2081,363.9469,212.3360,4023.1823,5046.7883,1377.1201,1377.3113,-3194.0736,-167760.2817,-172323.0559,-172426.1078,-163986.4465,-169968.0928,-179313.0583,-170915.0431,-168623.9726,44508461.3007,44512474.6366,44483347.8035,44500151.8415,-170280.7714,44500814.3701,
79200.000,1434.6876,2167.8936,5440.5659,6540.7813,-822.7944,6684.6391,-5864.8410,3129.1797,-4555.5088,-6387.5160,-6355.3688,6370.0999,0.0000,6725.7790,183.0637,3594.1756,6408.8426,-3603.4948,4547.5391,5117.2992,3055.3238,5295.0652,-4360.4997,6351.3381,691.1467,-2564.3545,-6352.6887,-3892.9145,4081.0167,-6412.5917,-6077.2639,4073.7979,4113.5091,6541.5320,3397.1756,-4689.8821,-5673.4287,-4350.9808,-2506.3633,-4284.9999,-1517.3044,-6484.5046,-4350.7433,5015.0573,3822.6824,5446.1856,1187.8681,4550.8933,2356.4860,5898.4191,-48.5120,6288.3929,-97.8487,6219.4899,5077.1589,-5135.7056,-350.0834,-4461.4332,-6150.7304,-3593.7403,3538.5358,-2990.3152,5357.2294,-2053.5795,-2692.6236,828.7466,174.0459,6101.7975,-5956.7479,-4722.2306,-1697.5998,6393.5485,-6758.0537,-5426.1738,3467.5235,-3515.2026,-5046.3247,-6422.7038,-6118.5495,3830.2473,-6336.5250,4200.5649,-3626.2939,-3558.0016,3600.9433,3867.2400,-2280.4694,-6553.9374,-476.3963,-5704.8977,-1706.1510,-1706.7335,-280.0500,1999.1923,-1866.4860,6308.9299,4707.2808,3901.6613,-4671.9356,-3656.8088,-317752.2606,-325604.0103,-325213.0504,-324152.2325,-326072.5924,-324871.5675,-317236.3967,-321772.2708,-8276850.8197,-8268814.7114,-8265219.8909,-8267791.6025,-320725.0993,-8273827.8587,-6514.1545,-5026.1511,-2.4157,-1310.1621,6303.6974,-897.6318,-3219.9435,-4954.6235,5138.5040,1914.0535,-1574.9081,-2604.3435,0.0000,955.6796,5588.0674,5575.4528,-2463.8685,-2140.2667,-311.3275,-958.9606,4497.1489,-4104.0655,-3673.0622,393.9465,-5960.0394,1472.1152,2501.9611,3503.4198,3004.3572,2531.5473,915.1369,-1335.0667,2428.9545,1742.3004,3787.3681,-991.1460,-1213.3725,-387.3260,5201.5549,-1633.3734,2897.8702,2197.5697,-169.2772,4713.6852,-5014.6285,3799.1214,6718.0989,-4890.3832,3416.6050,66.3705,4058.2824,-2308.6300,-6905.5448,2320.2773,2916.7992,4433.7379,-5337.0751,4620.7371,-3176.6576,3558.6698,3825.7951,5783.5431,-2455.6029,-5720.7339,4548.5454,-4182.1267,-4660.0839,-2689.8775,610.0942,2254.3159,-6419.4492,-2277.2230,-1525.4230,41.5733,2440.7778,-5922.3368,841.0279,-620.2862,-2645.2423,-5640.4491,-2370.9246,795.6274,5400.5717,2311.2572,4439.5206,-5735.3445,4090.9427,-440.6778,4279.3512,-3439.8494,-6093.9927,-4591.4236,-4962.8089,4061.9680,5133.7205,-2695.0115,1218.2108,-1616.2344,-2618.8432,5637.7090,-120311.5282,-136395.5206,-133593.2792,-131384.2219,-139768.4846,-138002.4804,-140994.5903,-137867.4380,356796407.0287,356822205.2070,356816442.0873,356827306.0149,-137565.2293,356815991.7880,1470.6529,-4069.4494,-4270.5041,-1851.6713,2708.2095,1540.1527,-1823.8901,3644.2145,-925.1315,1188.6428,1866.1615,-356.4162,0.0000,-1292.0638,4056.5023,1875.0413,-918.8456,5469.7998,-5173.3555,-4586.5987,-4261.9992,703.4422,-3917.0883,2749.6336,-3426.4899,-6293.7024,-1060.4587,4513.4839,4528.3295,-200.6779,-3097.1286,5419.4302,4976.6417,-1528.5572,-4565.6224,-4849.8052,-3754.1435,-5365.0183,-3626.2430,5130.0841,-6149.1251,-934.7711,5258.0273,-413.1794,2778.0310,-1937.8856,-1007.8017,-1581.0723,5542.2973,3572.3924,5627.8098,1671.0201,556.8671,-1502.7415,-3685.5446,1244.1027,-4238.7133,-2255.2457,438.8704,-4619.4951,-4524.4217,-2210.2174,-3653.2612,3312.9066,-4252.6737,-5436.1906,-5080.7514,1810.6187,-3471.2121,-4548.5708,-1456.4310,-1204.8180,-282.1529,-4266.4345,5450.7968,776.1460,-4656.6698,2458.2910,-1877.4932,425.7432,1599.0071,-5472.0147,-2417.2499,5460.2879,3870.6497,412.2940,4837.5569,2163.7170,-5385.0117,1733.9531,2861.8740,-4809.2258,4670.2162,-5232.3942,-4220.1229,170.5338,-4801.3426,-5516.0031,-4295.6822,-1782.3001,-167990.3164,-171747.2407,-171572.1537,-164584.7947,-167547.3706,-178250.9939,-174312.4732,-171652.8651,44583227.1257,44594879.0409,44563421.2440,44582116.8041,-170226.4252,44578259.2813,
82800.000,487.2121,2311.2112,-3714.6303,-3983.1790,-1926.2777,-4366.4327,6585.8791,-1010.0214,2332.2690,3097.8427,6351.9606,-4407.5807,0.0000,-4809.1382,-3200.2934,-4693.8906,-4794.6832,6004.2074,-2315.9969,-4732.6588,-6031.6380,-1764.3872,4113.5395,-2147.3856,2385.8204,-1532.6382,4902.6170,1817.6576,-6498.1508,4181.8760,2754.3745,-3729.9693,-4132.4030,-5339.5616,-4310.3009,2963.1539,6876.8736,5584.1037,-215.3683,6531.2674,-3011.7207,5017.4463,2809.3919,-4899.3350,-99.1285,-6038.4595,-2608.7419,-2811.2373,-5599.5607,-6626.3204,-1085.5272,-3312.3679,2426.1193,-6287.9888,-6867.4272,3471.1161,3980.9644,469.5797,5867.4004,-1071.2624,-4265.9047,1362.6617,-2023.8763,4570.0609,-2212.0861,3539.3749,2866.4172,-5080.0521,2841.2554,1917.7691,3290.1587,-5008.0183,6090.1534,2569.7120,-6191.2532,4714.4491,4476.4235,3972.6859,5281.0497,-987.2602,5773.6412,1173.6327,2640.2671,2101.3591,-4131.8570,-1425.8824,-2974.3708,6488.6486,-3909.8027,6456.5543,3971.5108,4829.4282,3180.6124,1106.0790,-2176.5145,-3894.0126,-6613.9948,612.3368,5100.0179,1532.1158,-278889.5733,-276951.4163,-280048.3917,-279771.1798,-282712.2624,-281356.8397,-273133.7387,-275451.0457,-100411970.8694,-100406729.9913,-100400583.7365,-100410645.7669,-276499.0707,-100409921.9031,6050.5790,3504.3019,3843.3456,3530.9469,-3904.2557,3222.5997,1104.3035,6824.7886,-5939.3340,-3420.6732,-1111.5939,3649.7375,0.0000,1259.7318,-2659.6706,-4349.6563,4201.0262,-1006.5971,4251.7254,4481.0716,-3045.7917,4373.1331,-470.4157,-1481.1208,3404.9527,-3678.0899,-3626.1278,-6328.7627,301.7088,-3531.2898,-3158.2732,5034.3473,2027.8543,1181.7058,900.3711,-3596.5681,-518.3432,-3049.2840,-6810.5104,-936.6554,-1959.8262,-3370.9206,-4330.9658,-2152.5766,4301.7499,-2323.4872,-5444.0493,5519.4521,-969.7880,1801.0402,-6653.0735,3425.8637,5288.2492,460.0717,-721.1098,-5081.1886,5418.7427,-4253.3306,440.4278,-4280.9651,538.0595,-6323.0660,4673.5498,5203.6126,-3695.0326,3923.3158,6002.2282,3918.6363,-3044.8377,-5256.0941,3157.3464,3505.8068,-898.6263,-3319.1506,209.8923,3270.7133,-4557.7960,-1963.1181,-635.5055,5055.0772,2040.0300,-618.1312,-1378.8885,-5800.7900,-308.5098,6033.1908,-3809.2110,-1832.2942,-3487.6319,1166.9613,5666.2802,4743.4326,5995.3291,357.3756,-3574.8122,3705.3757,1378.5627,2713.1477,-1826.6193,-3691.9193,-196732.7972,-211113.6624,-208399.6274,-207654.3217,-215657.0128,-214118.2761,-216359.6342,-212792.5911,342469827.3449,342492112.0329,342497267.8889,342501242.2100,-213409.3180,342490058.8328,3130.4112,5360.7046,4373.1778,4412.9406,-5375.9126,-4300.0143,-1872.1305,-306.0913,-2706.2585,-4966.4685,2185.2541,-3846.5238,0.0000,4793.9960,-5525.5685,2556.9097,-2716.8304,-3250.8701,4895.0695,2360.0978,1412.9544,-4818.4882,5527.0831,-6433.4418,5504.3638,5678.9383,-3255.8862,-2135.9172,-1995.8295,4184.5025,5443.9911,-2935.2626,-5151.8098,4258.7757,5213.5725,4962.8291,-427.1491,2699.6092,-49.8012,-1984.6736,5947.7984,-3355.3998,-4483.6110,4336.0774,-5392.9115,-2452.0239,-3340.9457,-2964.7488,-3973.2923,661.8233,-1689.6384,-5004.9972,-3771.3261,-2564.2793,372.9995,3108.1045,1133.5266,5281.5209,-3682.5091,5223.9136,5382.2877,-2338.1818,4688.9132,115.1685,5226.8709,4435.7506,1803.7929,2558.8114,5513.6326,4077.8921,5029.1145,-3191.2372,-3197.6519,5465.2743,-3072.6350,-3896.3287,2635.5163,-5305.5490,4420.9924,-4495.1773,3283.4937,6800.1110,6254.9463,-3143.1267,-5533.3553,3086.4708,-4704.9916,1540.8425,4465.4990,2080.7716,632.1096,1107.1933,-761.6028,6805.9750,5474.9204,-4273.7554,980.6300,6346.5586,4202.2062,5673.0820,-168230.9512,-170376.0349,-170342.3015,-165655.5191,-165744.9621,-176480.4364,-176721.1805,-168843.5548,44657655.0642,44675820.9136,44645084.3140,44663196.3242,-170156.8327,44655688.0341,
86400.000,-3139.0230,-6045.9794,1619.9002,291.0679,5041.5090,751.6972,-5016.6693,-1464.8954,1229.1845,1871.5413,-3250.0573,189.7700,0.0000,1515.7983,5950.6690,4308.8102,1172.2135,-6177.0134,440.9849,3136.1172,6456.6144,-3425.5074,-3731.1544,-2919.9312,-5537.7916,3675.4872,-1018.7254,442.4462,5759.1477,108.3893,1059.5770,2571.7121,3828.6622,2912.6418,4571.7176,-1201.1532,-4955.1812,-4944.6284,2818.2432,-5908.6986,6188.6386,-1124.6168,-1197.1337,3686.7545,-4185.3582,4386.5409,3830.8512,-949.7189,6886.0258,4253.3055,1129.0035,-1013.2847,-4721.9379,3386.5679,5928.1664,343.1437,-5405.2728,4257.8491,-4055.0170,4774.3381,4657.4989,1563.7073,-1421.9073,-5369.3545,6013.4555,-6064.2059,-4092.8863,1492.0623,552.6797,701.1087,-4656.7936,1071.7752,-3464.4419,146.4857,6519.2349,-5093.2230,-2802.1762,-703.7690,-3360.6015,-3266.6992,-2907.7417,-5052.0115,1761.0793,-653.3362,4470.2585,-2136.7894,6171.3881,-3856.8923,6403.6997,-4746.4948,-4957.7406,-5289.2763,-4174.3791,-1053.4350,5779.0652,-622.2901,5061.6494,-4006.0277,-4359.0224,2541.1053,-221806.3744,-210624.3671,-217010.6930,-217362.8648,-221315.2564,-219756.3718,-211940.8538,-215781.2807,-185690480.2359,-185685895.2629,-185683516.8400,-185695544.1691,-214696.5069,-185689610.5350,-2669.6623,-1748.5845,-6495.0662,-5459.6782,833.4194,-5306.5698,1833.0558,-5918.6947,4968.3175,4520.7680,3863.0657,-4138.8400,0.0000,-4175.7308,-252.5140,687.5170,-4977.1493,2873.9567,-6728.9978,-6050.1724,739.9604,-3371.7081,4508.1965,-729.5092,-558.0185,5620.3730,4065.2665,6722.2250,-2944.8081,4203.0650,5385.9737,-6268.1186,-5379.6223,-4461.4030,-4647.4536,6576.4560,2121.2804,4544.3584,4996.9523,2515.0459,2105.7982,4019.3172,6715.1307,-2076.9824,-3157.6571,-761.3006,1616.5238,-4073.4109,-804.5481,-3062.2029,6022.6470,-4502.1398,-1969.2741,-3657.4790,-1636.2963,4195.6177,-3062.5935,3184.3973,3092.5151,4432.1528,-4270.9674,4108.0960,-6143.0205,-2643.9381,2410.5119,-3241.5544,-4878.0970,-4139.1074,5516.7589,6800.8567,1631.1695,-4039.2401,3700.8235,6137.8085,-1929.6132,765.2082,6235.2048,4943.2050,4318.6275,-2908.5934,306.4826,-2366.5510,-1963.7735,6798.3031,-3773.1387,-4608.1240,2671.1334,3811.5129,2463.9129,2105.7285,-3080.4479,-2805.8360,-3905.1612,-5406.2909,1979.2067,-4191.2589,-2903.0785,-4494.7021,5164.1239,1476.7496,-261536.1151,-276287.5726,-270286.8573,-270707.9520,-278354.6961,-277075.5159,-278364.8955,-276940.9551,304768782.7174,304786693.9669,304801919.8703,304795186.8888,-275883.6446,304789161.0360,-5455.1790,-2625.3153,-1730.6009,-4249.1912,4649.0635,4368.1869,4409.5823,-3248.1410,4659.2825,4676.4916,-4577.2548,5496.0055,0.0000,-5301.1211,3503.1604,-5343.3578,4661.9060,-1098.7795,-1423.9459,1273.5833,2323.9512,4712.1174,-3685.3219,6236.6095,-4092.7280,-1786.7593,5483.3413,-1592.1414,-2109.2610,-5472.0858,-4150.5334,-1406.3943,2016.8796,-4450.0201,-2054.7493,-1334.6252,4310.5279,1634.1377,3669.4723,-2501.0055,-2393.5289,5497.6795,401.6159,-5446.7759,4468.0039,5283.0218,5492.0539,5432.4003,-28.0364,-4494.2059,-3284.4826,5129.5303,4663.3331,4622.1341,3153.2896,-5470.0469,2808.6954,-4252.4722,4692.8253,-2109.1221,-2771.6289,5276.1947,-2881.1603,-3493.9311,-2007.6486,-620.2108,2629.2269,-5334.5477,-4141.1628,-1133.2594,-4678.7434,5471.3031,4719.9978,-3151.1292,-1263.5085,4629.1025,1027.4514,4765.9048,-4246.7912,5238.8653,-6316.1226,-4129.0899,-6425.2843,-1141.4552,3668.7626,-4720.1788,472.8955,-4302.9667,-632.4742,-4527.6023,-3779.5928,3340.8450,-3739.8181,-4194.4264,-3210.8341,5388.5848,3539.0359,-3460.7060,-1195.8030,-6304.0450,-168481.4642,-168856.1512,-169047.5310,-167271.5325,-164489.1494,-173908.3324,-178277.6493,-171057.2050,44731939.4286,44755453.0553,44728162.4783,44742557.2219,-170072.0272,44733100.6021,
