sl_20_5400_20280503 Coordinates.csv
2028/05/03 07:47:00.0000 UTC

Generated: Tue Oct  8 21:40:17 2024,
Start: 2028/05/03 07:47:00.00, Stop: 2028/05/03 09:17:00.00,
TIME_UNITS,STARLINK-5227 - X-Coordinate,STARLINK-3523 - X-Coordinate,STARLINK-3116 - X-Coordinate,STARLINK-2642 - X-Coordinate,STARLINK-3060 - X-Coordinate,STARLINK-6272 - X-Coordinate,STARLINK-3175 - X-Coordinate,STARLINK-4501 - X-Coordinate,STARLINK-2516 - X-Coordinate,STARLINK-5991 - X-Coordinate,STARLINK-3081 - X-Coordinate,STARLINK-31209 - X-Coordinate,STARLINK-5528 - X-Coordinate,STARLINK-31793 - X-Coordinate,STARLINK-30115 - X-Coordinate,STARLINK-3960 - X-Coordinate,STARLINK-3980 - X-Coordinate,STARLINK-5788 - X-Coordinate,STARLINK-30545 - X-Coordinate,STARLINK-4479 - X-Coordinate,MoonARTEMIS1 - X-Coordinate,MoonARTEMIS2 - X-Coordinate,MoonIOAGEO - X-Coordinate,MoonIOAGNO - X-Coordinate,MoonIOAGNO 0001 - X-Coordinate,MoonIOAGSO - X-Coordinate,MoonIOAGSO 0001 - X-Coordinate,MoonLRO - X-Coordinate,MarsSat1 - X-Coordinate,MarsSat2 - X-Coordinate,MarsSat3 - X-Coordinate,MarsSat4 - X-Coordinate,Moon - X-Coordinate,Mars - X-Coordinate,STARLINK-5227 - Y-Coordinate,STARLINK-3523 - Y-Coordinate,STARLINK-3116 - Y-Coordinate,STARLINK-2642 - Y-Coordinate,STARLINK-3060 - Y-Coordinate,STARLINK-6272 - Y-Coordinate,STARLINK-3175 - Y-Coordinate,STARLINK-4501 - Y-Coordinate,STARLINK-2516 - Y-Coordinate,STARLINK-5991 - Y-Coordinate,STARLINK-3081 - Y-Coordinate,STARLINK-31209 - Y-Coordinate,STARLINK-5528 - Y-Coordinate,STARLINK-31793 - Y-Coordinate,STARLINK-30115 - Y-Coordinate,STARLINK-3960 - Y-Coordinate,STARLINK-3980 - Y-Coordinate,STARLINK-5788 - Y-Coordinate,STARLINK-30545 - Y-Coordinate,STARLINK-4479 - Y-Coordinate,MoonARTEMIS1 - Y-Coordinate,MoonARTEMIS2 - Y-Coordinate,MoonIOAGEO - Y-Coordinate,MoonIOAGNO - Y-Coordinate,MoonIOAGNO 0001 - Y-Coordinate,MoonIOAGSO - Y-Coordinate,MoonIOAGSO 0001 - Y-Coordinate,MoonLRO - Y-Coordinate,MarsSat1 - Y-Coordinate,MarsSat2 - Y-Coordinate,MarsSat3 - Y-Coordinate,MarsSat4 - Y-Coordinate,Moon - Y-Coordinate,Mars - Y-Coordinate,STARLINK-5227 - Z-Coordinate,STARLINK-3523 - Z-Coordinate,STARLINK-3116 - Z-Coordinate,STARLINK-2642 - Z-Coordinate,STARLINK-3060 - Z-Coordinate,STARLINK-6272 - Z-Coordinate,STARLINK-3175 - Z-Coordinate,STARLINK-4501 - Z-Coordinate,STARLINK-2516 - Z-Coordinate,STARLINK-5991 - Z-Coordinate,STARLINK-3081 - Z-Coordinate,STARLINK-31209 - Z-Coordinate,STARLINK-5528 - Z-Coordinate,STARLINK-31793 - Z-Coordinate,STARLINK-30115 - Z-Coordinate,STARLINK-3960 - Z-Coordinate,STARLINK-3980 - Z-Coordinate,STARLINK-5788 - Z-Coordinate,STARLINK-30545 - Z-Coordinate,STARLINK-4479 - Z-Coordinate,MoonARTEMIS1 - Z-Coordinate,MoonARTEMIS2 - Z-Coordinate,MoonIOAGEO - Z-Coordinate,MoonIOAGNO - Z-Coordinate,MoonIOAGNO 0001 - Z-Coordinate,MoonIOAGSO - Z-Coordinate,MoonIOAGSO 0001 - Z-Coordinate,MoonLRO - Z-Coordinate,MarsSat1 - Z-Coordinate,MarsSat2 - Z-Coordinate,MarsSat3 - Z-Coordinate,MarsSat4 - Z-Coordinate,Moon - Z-Coordinate,Mars - Z-Coordinate,
SECONDS,km,km,km,km,km,km,km,km,km,km,km,km,km,km,km,km,km,km,km,km,km,km,km,km,km,km,km,km,km,km,km,km,km,km,km,km,km,km,km,km,km,km,km,km,km,km,km,km,km,km,km,km,km,km,km,km,km,km,km,km,km,km,km,km,km,km,km,km,km,km,km,km,km,km,km,km,km,km,km,km,km,km,km,km,km,km,km,km,km,km,km,km,km,km,km,km,km,km,km,km,km,km,
0.000,3707.0650,6802.6052,2716.4559,1270.8700,-1897.7414,-3004.7069,-5865.3852,5754.5460,3560.2311,-759.1403,-764.5026,-2480.5481,-5255.8560,6816.5852,0.0000,5310.8798,2989.9214,-4965.1832,-441.2485,3212.1729,349146.6792,365276.8227,356680.3199,356393.1914,355080.3060,356175.1795,363965.9991,361229.2823,-209710028.7675,-209684648.7625,-209706244.5920,-209709706.6777,360571.7972,-209706272.7082,-4898.8036,-561.2609,5607.2314,4412.3810,-6554.7966,-4114.2960,-3320.3311,218.5801,-2228.5575,595.4733,5091.0391,6130.0965,1804.6216,-513.4798,0.0000,-278.4244,-4178.9722,1549.2556,5433.5216,5594.8682,60791.5615,30497.1654,54331.9463,53745.7259,45243.0139,46924.5414,48228.2602,51101.8764,282996808.4749,282937742.9628,282950787.2588,282989490.8255,49701.9598,282976900.2913,3140.9944,911.1775,3040.7334,-5132.0333,1408.0263,4685.0922,1263.6521,3812.8486,5457.6809,6873.8776,-4685.6459,-1708.2553,-4151.7585,43.3761,0.0000,-4401.8030,-4486.5975,4515.1062,-4300.0975,-2328.3336,59400.8699,56452.8521,58932.8809,60598.9623,63457.1157,54084.2840,49635.4339,58728.4268,77935415.0881,77938580.3227,77933514.4932,77935039.1347,57861.1031,77932781.3049,
300.000,2896.0025,6598.5748,2849.4763,2878.2582,-2522.9400,-4485.2460,-5887.5006,4674.2340,2025.6999,-2515.3056,-40.0256,-1014.8812,-3873.7640,6387.5375,0.0000,5872.1162,2014.6824,-4476.1776,1486.4642,4453.8220,347798.8745,364514.5474,355669.9126,355377.9009,353955.7694,355096.3094,362783.4632,360188.4812,-215837138.2506,-215810797.7883,-215832586.5003,-215837266.1462,359458.6098,-215833297.6423,-6084.1942,-1755.5253,4182.4773,2984.8641,-6458.6982,-2546.1981,-1913.0730,-1330.5639,-3779.3828,-790.8122,6291.1165,5881.2842,3376.2209,-1690.7089,0.0000,-1919.2922,-5672.4043,3549.5600,5848.0822,5182.3983,68018.9348,38201.3745,61986.0103,61305.0335,52805.3324,54491.0894,55822.8019,58851.6929,278350284.2241,278291647.7566,278304308.9881,278342851.3593,57293.3070,278330427.5858,1495.7052,-909.3562,4734.3170,-5498.4233,-711.9009,4615.6411,2944.1637,4904.7153,5389.1924,6422.3845,-2976.0471,-3323.4947,-4660.4147,-1759.3846,0.0000,-3078.8754,-3207.1920,3849.5419,-3434.3574,-570.3025,59239.9610,56303.5026,58892.7492,60296.5436,63398.8201,54200.3344,49401.8236,58128.1601,77941283.0050,77943992.6149,77938821.4529,77941020.3013,57729.3975,77938394.3698,
600.000,1811.2955,5727.6470,2752.0069,4242.7261,-2902.6021,-5561.0172,-5329.0762,3158.2019,332.7473,-3946.1494,649.8873,587.2000,-2143.9935,5298.7810,0.0000,5868.2856,867.3398,-3582.6626,3250.5609,5235.4112,346302.9744,363589.4565,354502.3579,354209.5267,352673.2541,353864.2781,361440.6347,358925.8829,-221861327.8062,-221834036.2634,-221856010.7772,-221861895.1995,358185.5712,-221857404.8715,-6655.4352,-2782.9828,2314.4115,1299.8183,-5708.5657,-762.6332,-283.8476,-2793.7407,-4992.4141,-2163.5193,6861.3274,5046.7403,4658.4883,-2713.8276,0.0000,-3341.3159,-6579.6822,5196.0539,5724.9738,4244.5410,75215.4297,45887.9930,69613.1124,68838.6825,60342.8591,62038.1307,63389.6317,66455.3760,273571119.8476,273512936.7831,273525216.7462,273563537.4031,64859.8259,273551317.8817,-311.8931,-2630.6437,5921.7441,-5266.5107,-2756.8432,4050.7557,4298.9167,5466.5672,4734.2920,5289.6666,-951.7444,-4567.3257,-4672.2206,-3365.8866,0.0000,-1422.2793,-1567.7387,2764.5846,-2202.9025,1250.8134,59078.8444,56154.1919,58850.3603,59989.4922,63337.1474,54322.6526,49173.0690,57496.2299,77947149.4266,77949404.4839,77944128.1312,77946996.9840,57597.6494,77944007.2455,
900.000,541.9544,4276.0494,2449.9045,5224.2265,-3024.6424,-6122.8476,-4258.0596,1362.4411,-1353.2710,-4904.7796,1261.6050,2171.4954,-234.3443,3663.3145,0.0000,5286.3543,-352.1063,-2362.1613,4687.5493,5491.8377,344659.7257,362501.9324,353178.1498,352889.0963,351233.2432,352479.9567,359938.2398,357446.2219,-227779726.5564,-227751493.9838,-227773647.5050,-227780720.9591,356753.2331,-227775723.6505,-6561.4829,-3559.9842,192.0570,-474.3795,-4372.9243,1066.4075,1412.2222,-4029.7034,-5739.6745,-3360.4288,6737.8881,3722.6594,5527.2578,-3496.3744,0.0000,-4415.8503,-6803.7155,6326.4343,5065.7223,2862.4855,82378.0437,53553.5752,77209.9167,76343.0833,67852.2559,69563.0297,70925.3496,73903.0402,268661594.2936,268603888.7330,268615789.3615,268653828.8848,72398.1498,268641850.0286,-2085.7050,-4065.1912,6476.5858,-4461.3356,-4511.7829,3050.9191,5178.2326,5437.9351,3564.0506,3595.4556,1173.3683,-5301.5943,-4185.9769,-4597.5233,0.0000,388.6909,247.9951,1378.3463,-736.5870,2933.3744,58917.5207,56004.9211,58805.5440,59677.7784,63272.1265,54451.2543,48949.1242,56872.4155,77953014.2381,77954815.9393,77949434.5942,77952968.6461,57465.8591,77949619.9320,
1200.000,-804.0104,2389.4374,1981.7466,5716.0562,-2899.7691,-6108.8246,-2791.6305,-533.0594,-2872.2662,-5300.7269,1760.7928,3581.0164,1673.0583,1650.8012,0.0000,4171.2091,-1537.8461,-921.7577,5667.0584,5211.5323,342869.9361,361252.4305,351697.8480,351417.7552,349636.2940,350944.3171,358277.0723,355759.2002,-233589514.0712,-233560351.1844,-233582677.2078,-233590921.0633,355162.2182,-233585433.6773,-5819.1027,-4025.2948,-1967.5246,-2164.9420,-2581.2474,2769.6953,3008.7899,-4914.1904,-5936.2941,-4232.4743,5928.8393,2052.0677,5894.0999,-3972.6616,0.0000,-5050.8393,-6319.4325,6830.3359,3922.3734,1165.0218,89503.7934,61194.6833,84773.0999,83814.6110,75330.1969,77063.2311,78426.5767,81195.8138,263624048.6371,263566844.4042,263578367.7543,263616067.9469,79904.9244,263604364.9970,-3633.7009,-5057.3652,6339.9615,-3169.9488,-5793.0708,1723.3655,5485.1689,4821.9453,2005.6764,1519.3127,3173.9623,-5445.0817,-3253.2630,-5317.9842,0.0000,2157.3878,2035.7749,-158.1107,808.3308,4291.0431,58755.9909,55855.6918,58758.1349,59361.3877,63203.7850,54586.1301,48729.9458,56296.2410,77958877.3255,77960226.9903,77954740.9080,77958934.7643,57334.0266,77955232.4293,
1500.000,-2108.5913,257.6955,1393.9321,5656.7192,-2557.6496,-5511.4375,-1082.9796,-2342.4090,-4084.7120,-5108.9396,2123.1047,4671.2207,3398.8979,-530.5508,0.0000,2622.7714,-2587.1082,611.0707,6103.8688,4435.8317,340934.4734,359841.4791,350062.0781,349796.7723,347883.0374,349258.4387,356457.9933,353878.2986,-239287921.7125,-239257839.8833,-239280332.1948,-239289725.0137,353413.2198,-239283766.4375,-4509.9540,-4144.1236,-3941.6070,-3611.2399,-510.6958,4190.8746,4344.6160,-5352.4618,-5550.5528,-4662.4466,4513.8935,209.1451,5715.4585,-4102.5674,0.0000,-5198.7012,-5176.9887,6660.4280,2393.9465,-683.6525,96589.7158,68807.8891,92299.3522,91249.5978,82773.3707,84536.2703,85889.9568,88345.7154,258460884.9630,258404205.5849,258415353.8205,258452657.8272,87376.8090,258441264.7621,-4788.9096,-5499.9594,5526.4712,-1532.5061,-6467.3018,210.6661,5185.9567,3684.9773,228.8385,-718.2613,4837.7689,-4981.9870,-1973.1973,-5447.8685,0.0000,3691.5030,3594.2178,-1677.3676,2266.8899,5173.6941,58594.2556,55706.5052,58707.9724,59040.3266,63132.1489,54727.2367,48515.4928,55803.2707,77964738.5756,77965637.6464,77960047.1385,77964894.8270,57202.1520,77960844.7372,
1800.000,-3253.8835,-1904.3686,736.1029,5037.9955,-2041.8358,-4379.4974,694.8481,-3892.0948,-4884.5972,-4370.9709,2333.8905,5324.5659,4783.4535,-2655.5489,0.0000,786.9928,-3408.7567,2099.6372,5965.3534,3252.9119,338854.2654,358269.6790,348271.5307,348027.5452,345974.1776,347423.5141,354481.9309,351819.1918,-244872233.9537,-244841245.2001,-244863897.8783,-244874415.4962,351507.0014,-244868006.5231,-2770.9591,-3909.9676,-5524.8362,-4680.0853,1631.7318,5202.9592,5279.8244,-5289.6888,-4608.7238,-4580.5885,2636.1231,-1618.7423,4998.0872,-3874.3653,0.0000,-4859.3931,-3496.3916,5836.8651,618.0461,-2500.0766,103632.8694,76389.7755,99785.3794,98644.3222,90178.4810,91979.7846,93312.1574,95374.2836,253174565.2211,253118433.9093,253129209.2865,253166061.7103,94810.4781,253155011.1587,-5427.2420,-5345.2622,4122.6881,272.5013,-6464.4917,-1324.6752,4313.5728,2149.7099,-1572.9409,-2879.6428,5988.5705,-3963.5354,-482.2054,-4972.9385,0.0000,4824.3489,4747.8866,-3014.1347,3483.2464,5483.9508,58432.3157,55557.3630,58654.9009,58714.6294,63057.2426,54874.4864,48305.7264,55421.8159,77970597.8757,77971047.9168,77965353.3516,77970848.3325,57070.2354,77966456.8560,
2100.000,-4132.3672,-3878.4437,57.2451,3907.8593,-1404.3253,-2814.3393,2366.4678,-5037.8212,-5208.5991,-3188.0796,2387.2306,5463.2413,5701.5219,-4504.9471,0.0000,-1158.2242,-3930.7924,3410.1283,5273.5474,1787.4176,336630.2990,356537.7035,346326.9621,346111.6058,343910.4912,345440.8584,352349.8800,349598.0110,-250339789.6740,-250307906.6497,-250330714.0668,-250342329.6777,349444.3967,-250335492.9268,-779.4995,-3344.4918,-6550.9195,-5278.2043,3629.7037,5719.6940,5710.6883,-4718.0057,-3193.7738,-3974.6911,486.7440,-3249.7713,3799.9214,-3305.6663,0.0000,-4078.5240,-1454.3163,4444.5989,-1241.5957,-4099.8278,110630.3356,83936.9380,107227.9031,105994.9956,97542.2488,99391.5263,100689.8708,102310.1657,247767610.0515,247712049.6832,247722454.5355,247758801.5500,102202.6229,247748124.7069,-5480.3384,-4609.8811,2278.2908,2047.6382,-5784.7896,-2717.9156,2964.2268,382.0442,-3203.7324,-4735.9606,6504.8634,-2502.6508,1060.3698,-3945.5557,0.0000,5433.0788,5367.1674,-4023.3810,4327.4986,5187.6657,58270.1720,55408.2663,58598.7704,58384.3683,62979.0891,55027.7317,48100.6101,55170.5053,77976455.1142,77976457.8107,77970659.6133,77976794.7872,56938.2769,77972068.7854,
2400.000,-4656.6303,-5464.4559,-597.3677,2367.4002,-700.4174,-960.5875,3771.5031,-5678.1991,-5040.4915,-1707.3569,2284.7410,5058.7876,6073.9221,-5887.8651,0.0000,-3020.5201,-4106.1907,4423.3822,4101.8254,187.1792,334263.6199,354646.2978,344229.1930,344050.6254,341692.8268,343311.9182,350062.9014,347229.7143,-255687983.4262,-255655219.4101,-255678176.2321,-255690860.4759,347226.3090,-255683620.3098,1264.7207,-2495.6575,-6910.7519,-5360.4335,5279.0190,5702.5971,5581.4935,-3679.1069,-1437.8872,-2893.1951,-1714.9057,-4525.6539,2225.9032,-2442.4684,0.0000,-2941.1304,735.0100,2624.0869,-3010.3374,-5316.2353,117579.2198,91445.9863,114623.6625,113297.7457,104861.4132,106769.3770,108019.8154,109186.0514,242242597.5828,242187630.6829,242197667.4057,242233456.8649,109549.9528,242223183.4105,-4942.4703,-3373.0972,190.3374,3598.4228,-4498.5219,-3819.9444,1286.9900,-1426.9305,-4486.8031,-6091.6408,6332.3274,-761.9615,2489.3834,-2479.2515,0.0000,5451.8292,5382.6363,-4595.9675,4709.5713,4317.5266,58107.8255,55259.2168,58539.4367,58049.6660,62897.7099,55186.7467,47900.1096,55056.9890,77982310.1799,77981867.3372,77975965.9894,77982733.7047,56806.2766,77977680.5255,
2700.000,-4767.9217,-6500.8847,-1188.3183,561.8050,15.7528,1007.4674,4780.1556,-5763.7146,-4410.5652,-103.1499,2034.5691,4137.1982,5874.2938,-6661.7440,0.0000,-4612.1679,-3916.8113,5045.3319,2566.8317,-1391.6538,331755.3318,352596.2790,341979.1091,341846.4196,339322.1047,341038.2834,347622.1217,344726.7803,-260914266.6790,-260880635.5636,-260903736.7498,-260917457.8032,344853.7108,-260909840.2435,3159.4161,-1434.1711,-6564.6620,-4932.6723,6408.4244,5163.1164,4891.9687,-2261.7105,490.2497,-1441.0507,-3743.9335,-5327.2135,418.9217,-1356.1658,0.0000,-1562.1694,2842.5151,556.7330,-4519.0660,-6017.8693,124476.6526,98913.5457,121969.4156,120548.5955,112132.7334,114111.3632,115298.7370,116035.4028,236602162.2031,236547810.9255,236557481.9617,236592663.5061,116849.1969,236582821.5282,-3871.1331,-1768.8058,-1917.9923,4755.0032,-2739.5404,-4513.2142,-532.6143,-3081.9397,-5283.7061,-6804.6493,5489.2410,1064.0136,3651.7827,-736.7050,0.0000,4878.6173,4792.5892,-4670.1432,4588.7117,2969.5714,57945.2770,55110.2159,58476.7615,57710.7130,62813.1252,55351.2007,47704.1929,55077.8169,77988162.9630,77987276.5051,77981272.5460,77988664.6035,56674.2346,77983292.0764,
3000.000,-4442.8784,-6881.7269,-1683.2565,-1333.5843,694.8211,2902.3508,5305.3181,-5299.9733,-3390.6134,1443.5123,1650.8303,2778.3613,5130.5097,-6747.6806,0.0000,-5769.0384,-3375.2660,5215.3810,816.7064,-2799.8002,329106.5959,350388.5359,339577.6607,339500.9511,336799.3159,338621.7003,345028.7326,342098.3538,-266016149.0310,-265981665.3105,-266004906.1128,-266019629.7834,342327.6436,-266011662.4239,4719.5009,-248.2565,-5546.9255,-4049.4484,6897.9359,4160.0427,3699.0129,-593.9668,2401.8278,230.8479,-5392.9341,-5585.7714,-1453.2578,-138.3933,0.0000,-74.8572,4648.2895,-1553.2320,-5620.3568,-6123.1307,131319.7912,106336.2587,129261.9402,127743.4368,119352.9896,121415.6736,122523.4100,122889.3896,230848993.3029,230795279.4138,230804587.2381,230839112.3976,124097.1050,230829728.3170,-2381.2962,28.5168,-3821.7999,5390.8923,-692.0310,-4724.0180,-2293.3912,-4404.9067,-5508.7868,-6800.5572,4064.6138,2770.7429,4423.1495,1088.0178,0.0000,3775.5281,3663.2130,-4237.9190,3977.7481,1292.8363,57782.5275,54961.2650,58410.6128,57367.7907,62725.3537,55520.6245,47512.8299,55219.3375,77994013.3544,77992685.3235,77986579.3488,77994587.0063,56542.1509,77988903.4379,
3300.000,-3697.6173,-6568.0510,-2057.2523,-3130.5120,1294.8335,4541.1121,5309.8224,-4345.1164,-2085.5100,2765.0609,1153.4804,1109.4549,3920.7767,-6139.0632,0.0000,-6367.7749,-2524.5823,4912.1999,-983.2170,-3909.0150,326318.6303,348024.0283,337025.8621,337016.3295,334125.5216,336064.0868,342283.9904,339349.8776,-270991199.3980,-270955878.1556,-270979254.1166,-270994943.9406,339649.2171,-270986655.8578,5795.2935,963.1138,-3961.8545,-2806.7729,6692.4839,2792.8396,2112.1702,1168.3169,4106.2311,1941.3144,-6493.5102,-5288.8994,-3213.6894,1106.1568,0.0000,1382.1091,5964.7044,-3498.7109,-6202.9714,-5610.1812,138105.8203,113710.7866,136498.0353,134877.9975,126518.9850,128680.6752,129690.6383,129774.3130,224985833.9933,224932778.8537,224941725.9580,224975548.2523,131290.4499,224966646.7501,-633.5762,1822.6922,-5318.8923,5436.6484,1428.4643,-4430.0129,-3801.1162,-5254.0803,-5137.8954,-6079.6642,2209.1284,4166.9854,4720.9985,2791.2178,0.0000,2262.1887,2121.3918,-3345.8837,2941.7776,-527.0489,57619.5780,54812.3657,58340.8652,57021.3024,62634.4130,55694.3643,47325.9925,55459.3391,77999861.2458,77998093.8011,77991886.4640,78000500.4384,56410.0257,77994514.6101,
3600.000,-2588.3441,-5592.4262,-2292.5162,-4646.5613,1782.8419,5762.7490,4808.1164,-3002.1833,-622.4811,3725.2347,568.4070,-707.0873,2365.1376,-4902.1525,0.0000,-6339.4191,-1435.4392,4156.4962,-2666.0106,-4623.7923,323392.7093,345503.7865,334324.7914,334394.8051,331301.8526,333367.5482,339389.2155,336483.1677,-275837047.1710,-275800904.0661,-275824411.0174,-275841028.3599,336819.6088,-275832450.0217,6287.3283,2098.0969,-1972.2257,-1331.4447,5808.7888,1191.7745,283.3023,2856.2672,5429.7230,3498.1513,-6934.1117,-4479.9232,-4692.9971,2268.3984,0.0000,2677.4164,6656.3728,-5089.8798,-6203.3718,-4520.6823,144831.9534,121033.8109,143674.5223,141947.8026,133627.5467,135904.9301,136797.2569,136709.6610,219015479.7977,218963104.3469,218971693.2256,219004768.2601,138426.0282,218996372.2095,1182.8340,3417.5467,-6251.1466,4887.2498,3398.0436,-3662.4576,-4890.1333,-5538.8181,-4210.8056,-4717.0225,119.4176,5096.4960,4513.4737,4182.6890,0.0000,502.9786,340.6536,-2090.4156,1591.3720,-2288.6595,57456.4297,54663.5194,58267.4000,56671.8149,62540.3192,55871.5199,47143.6546,55769.1390,78005706.5303,78003501.9468,77997193.9576,78006404.4265,56277.8591,78000125.5930,
3900.000,-1207.9124,-4055.4504,-2377.8500,-5723.7248,2135.4488,6443.9629,3862.5883,-1407.7118,860.9826,4233.1655,-72.5815,-2489.6019,613.4297,-3168.4940,0.0000,-5677.7437,-200.8708,3010.3256,-4078.7051,-4889.2975,320330.1627,342828.9115,331475.5905,331638.7528,328329.5089,330534.3927,336345.7916,333496.8426,-280551383.3463,-280514434.6010,-280538068.6599,-280555572.8191,333840.0639,-280546735.9909,6155.9747,3060.2524,218.0946,231.9399,4334.1808,-494.2513,-1608.2221,4303.8973,6233.0575,4719.4903,-6671.9652,-3251.5851,-5745.6671,3244.1454,0.0000,3698.9512,6654.6156,-6172.8011,-5612.9796,-2956.5548,151495.4341,128302.0347,150788.2461,148948.1257,140675.5277,143087.2058,143840.1329,143706.8151,212940777.3189,212889102.0581,212897335.1930,212929620.7531,145500.6617,212921751.1528,2870.8180,4638.7596,-6520.5598,3802.6353,5008.7047,-2503.0394,-5441.3049,-5228.7666,-2827.2352,-2855.3368,-1982.9880,5455.4544,3822.6862,5107.2324,0.0000,-1310.9026,-1478.4616,-607.5967,70.8482,-3797.4609,57293.0835,54514.7278,58190.1056,56320.1152,62443.0872,56050.8625,46965.7922,56115.8607,78011549.1020,78008909.7690,78002501.8959,78012298.4974,56145.6511,78005736.3865,
4200.000,321.6402,-2114.8627,-2308.2436,-6245.1406,2338.4463,6511.8626,2575.5029,282.0613,2229.7189,4252.3622,-732.1570,-4055.4228,-1169.1309,-1120.3434,0.0000,-4440.9704,1071.3055,1572.6400,-5096.3188,-4694.7505,317132.3751,340000.5740,328479.4645,328750.6392,325209.7586,327567.1441,333155.1650,330387.0025,-285131961.6258,-285094224.0108,-285117981.5774,-285136329.8920,330711.8942,-285127267.5400,5424.5587,3766.4080,2385.1040,1735.0972,2417.4345,-2111.2616,-3373.0925,5364.1202,6426.4697,5455.2001,-5737.3499,-1735.0559,-6264.4839,3943.1387,0.0000,4363.3659,5964.4666,-6644.6747,-4480.1452,-1070.0754,158093.5371,135512.1845,157836.0765,155873.9347,147659.8078,150226.4773,150816.1668,150768.3587,206764622.8816,206713667.8582,206721547.7045,206753003.8456,152511.1993,206745679.7564,4247.1270,5353.0919,-6098.8219,2301.3730,6090.7279,-1075.4882,-5394.5162,-4356.8912,-1136.6420,-690.8553,-3875.6813,5203.7958,2722.4345,5461.9112,0.0000,-2982.5532,-3131.3707,941.3621,-1457.2652,-4887.4697,57129.5407,54365.9924,58108.8774,55967.2855,62342.7304,56230.7251,46792.3829,56464.7220,78017388.8560,78014317.2766,78007810.3451,78018182.1768,56013.4018,78011346.9907,
4500.000,1859.8765,31.2039,-2084.9288,-6148.2547,2385.8756,5952.2166,1077.8214,1906.1978,3363.0530,3803.4044,-1368.4539,-5239.5600,-2817.5139,1028.8969,0.0000,-2746.4636,2267.6433,-28.8524,-5632.9029,-4072.2510,313800.7851,337020.0139,325337.6816,325732.9627,321943.9375,324468.5443,329818.8443,327148.0597,-289576599.4869,-289538090.3074,-289561968.0603,-289581116.0204,327436.4777,-289571862.2129,4175.6595,4153.4662,4307.1833,3040.1127,253.0023,-3514.1154,-4830.6952,5923.6211,5980.3179,5605.7946,-4229.6205,-85.7831,-6191.7582,4297.0829,0.0000,4622.3964,4663.2687,-6463.9667,-2906.3389,951.3567,164623.5694,142661.0115,164814.9094,162719.8327,154577.2952,157321.9096,157722.2936,157887.9086,200489961.1512,200439745.9439,200447274.9151,200477864.0498,159454.5180,200471102.5343,5162.5558,5482.7824,-5030.0450,547.8844,6530.4912,467.3937,-4754.8317,-3016.2214,677.5619,1546.9907,-5359.3146,4369.5278,1330.4650,5207.2548,0.0000,-4331.0661,-4432.7952,2387.7302,-2829.8407,-5439.2728,56965.8025,54217.3148,58023.6185,55614.8033,62239.2614,56408.8578,46623.4065,56781.2313,78023225.6887,78019724.4778,78013119.3718,78024054.9883,55881.1114,78016957.4055,
4800.000,3260.8937,2164.7541,-1715.9751,-5432.6769,2278.9418,4812.0567,-483.8962,3314.1463,4165.4010,2959.7207,-1936.7226,-5912.1948,-4182.2332,3057.0162,0.0000,-759.0985,3278.8569,-1648.8974,-5648.4690,-3091.7062,310336.8848,333888.5403,322051.5722,322588.1516,318533.4482,321241.5368,326338.3992,323773.6351,-293883179.2233,-293843916.3037,-293867911.1958,-293887812.5574,324015.2581,-293878402.3627,2541.3192,4183.7407,5787.4541,4032.1505,-1939.2207,-4579.5299,-5827.3337,5915.2872,4929.7438,5136.0295,-2305.7834,1532.3860,-5526.0616,4266.1797,0.0000,4465.4351,2891.2955,-5654.1300,-1036.8683,2903.9178,171082.8711,149745.2929,171721.6677,169480.0028,161424.9281,164372.8054,164555.4841,165050.3990,194119783.7299,194070327.4335,194077507.8878,194107194.8699,166327.5244,194101010.9347,5518.0852,5013.7666,-3426.5895,-1265.6539,6282.0131,1960.0860,-3591.9948,-1350.4392,2417.9549,3620.2902,-6278.4701,3045.7507,-204.0812,4371.5042,0.0000,-5211.1061,-5237.4865,3573.8750,-3900.7460,-5392.5917,56801.8702,54068.6965,57934.2394,55264.6714,62132.6913,56582.2413,46458.8443,57033.2488,78029059.4976,78025131.3813,78018429.0425,78029916.4522,55748.7799,78022567.6309,
5100.000,4387.1153,4070.1479,-1217.2398,-4161.4311,2025.1759,3196.0111,-1961.4791,4379.7056,4574.1801,1836.8748,-2391.7022,-5993.3093,-5143.0140,4756.0020,0.0000,1325.1426,4009.3359,-3137.8659,-5151.2633,-1852.8422,306742.2187,330607.5303,318622.5295,319318.3987,314979.7595,317889.2118,322715.4600,320257.4527,-298049648.9532,-298009650.6223,-298033759.8754,-298054366.7786,320449.7442,-298044836.1609,688.6511,3848.5721,6674.1909,4629.4761,-3936.3831,-5216.9012,-6252.5562,5326.7199,3372.3463,4080.9161,-163.4885,2963.4404,-4323.4661,3843.7023,0.0000,3918.4912,835.9994,-4300.4961,952.8127,4587.6461,177468.8173,156761.8336,178553.3032,176148.1740,168199.6759,171378.4947,171312.7459,172232.7790,187657127.7302,187608448.9417,187615283.1677,187644035.3729,173127.1561,187638441.9135,5275.3541,3997.1299,-1458.0457,-2940.7378,5371.4799,3242.2979,-2033.2871,461.1283,3894.9467,5308.6666,-6537.2962,1380.5557,-1716.7905,3047.6195,0.0000,-5528.1883,-5455.9812,4370.6222,-4556.3537,-4752.4748,56637.7451,53920.1393,57840.6584,54919.5791,62023.0300,56746.8580,46298.6796,57192.9003,78034890.1818,78030537.9953,78023739.4242,78035766.0842,55616.4075,78028177.6670,
5400.000,5122.7467,5556.0119,-613.2708,-2455.2311,1638.0558,1256.5995,-3218.9954,5012.4874,4564.1907,576.9755,-2690.7422,-5462.6650,-5619.3371,5953.6340,0.0000,3298.4683,4385.7131,-4355.5352,-4195.5173,-475.2388,303018.3829,327178.4290,315052.0080,315925.4066,311284.4059,314414.6840,318951.7166,316594.1741,-302074023.5977,-302033308.6727,-302057529.7721,-302078792.8628,316741.5090,-302069178.5746,-1197.4227,3169.9557,6877.1797,4789.7091,-5535.3987,-5375.8058,-6051.9253,4203.4298,1458.9303,2543.1654,1979.3641,4074.3453,-2692.8960,3058.0727,0.0000,3040.1359,-1287.9726,-2540.8906,2873.6713,5826.6350,183778.8181,163707.4676,185306.7970,182717.6425,174898.5404,178338.1291,177991.1247,179405.1174,181105074.3265,181057191.1312,181063681.3341,181091468.7376,179850.3831,181086476.4865,4460.6365,2543.7178,666.1509,-4294.6181,3894.5874,4176.3813,-250.1090,2222.8175,4947.7711,6433.1506,-6108.7966,-439.4319,-3045.8397,1383.2238,0.0000,-5248.3223,-5064.0189,4691.3180,-4727.3268,-3588.8030,56473.4287,53771.6447,57742.8018,54583.0888,61910.2864,56897.4308,46142.8972,57238.3325,78040717.6414,78035944.3283,78029050.5838,78041603.3948,55483.9942,78033787.5136,
