sl_20_5400_20280803 Coordinates.csv
2028/08/03 07:47:00.0000 UTC

Generated: Tue Oct  8 21:40:19 2024,
Start: 2028/08/03 07:47:00.00, Stop: 2028/08/03 09:17:00.00,
TIME_UNITS,STARLINK-4810 - X-Coordinate,STARLINK-3967 - X-Coordinate,STARLINK-6293 - X-Coordinate,STARLINK-30203 - X-Coordinate,STARLINK-30969 - X-Coordinate,STARLINK-32262 - X-Coordinate,STARLINK-3392 - X-Coordinate,STARLINK-5698 - X-Coordinate,STARLINK-32159 - X-Coordinate,STARLINK-32107 - X-Coordinate,STARLINK-1997 - X-Coordinate,STARLINK-5313 - X-Coordinate,STARLINK-31888 - X-Coordinate,STARLINK-31765 - X-Coordinate,STARLINK-4083 - X-Coordinate,STARLINK-31900 - X-Coordinate,STARLINK-11130 [DTC] - X-Coordinate,STARLINK-3278 - X-Coordinate,STARLINK-3552 - X-Coordinate,STARLINK-2550 - X-Coordinate,MoonARTEMIS1 - X-Coordinate,MoonARTEMIS2 - X-Coordinate,MoonIOAGEO - X-Coordinate,MoonIOAGNO - X-Coordinate,MoonIOAGNO 0001 - X-Coordinate,MoonIOAGSO - X-Coordinate,MoonIOAGSO 0001 - X-Coordinate,MoonLRO - X-Coordinate,MarsSat1 - X-Coordinate,MarsSat2 - X-Coordinate,MarsSat3 - X-Coordinate,MarsSat4 - X-Coordinate,Moon - X-Coordinate,Mars - X-Coordinate,STARLINK-4810 - Y-Coordinate,STARLINK-3967 - Y-Coordinate,STARLINK-6293 - Y-Coordinate,STARLINK-30203 - Y-Coordinate,STARLINK-30969 - Y-Coordinate,STARLINK-32262 - Y-Coordinate,STARLINK-3392 - Y-Coordinate,STARLINK-5698 - Y-Coordinate,STARLINK-32159 - Y-Coordinate,STARLINK-32107 - Y-Coordinate,STARLINK-1997 - Y-Coordinate,STARLINK-5313 - Y-Coordinate,STARLINK-31888 - Y-Coordinate,STARLINK-31765 - Y-Coordinate,STARLINK-4083 - Y-Coordinate,STARLINK-31900 - Y-Coordinate,STARLINK-11130 [DTC] - Y-Coordinate,STARLINK-3278 - Y-Coordinate,STARLINK-3552 - Y-Coordinate,STARLINK-2550 - Y-Coordinate,MoonARTEMIS1 - Y-Coordinate,MoonARTEMIS2 - Y-Coordinate,MoonIOAGEO - Y-Coordinate,MoonIOAGNO - Y-Coordinate,MoonIOAGNO 0001 - Y-Coordinate,MoonIOAGSO - Y-Coordinate,MoonIOAGSO 0001 - Y-Coordinate,MoonLRO - Y-Coordinate,MarsSat1 - Y-Coordinate,MarsSat2 - Y-Coordinate,MarsSat3 - Y-Coordinate,MarsSat4 - Y-Coordinate,Moon - Y-Coordinate,Mars - Y-Coordinate,STARLINK-4810 - Z-Coordinate,STARLINK-3967 - Z-Coordinate,STARLINK-6293 - Z-Coordinate,STARLINK-30203 - Z-Coordinate,STARLINK-30969 - Z-Coordinate,STARLINK-32262 - Z-Coordinate,STARLINK-3392 - Z-Coordinate,STARLINK-5698 - Z-Coordinate,STARLINK-32159 - Z-Coordinate,STARLINK-32107 - Z-Coordinate,STARLINK-1997 - Z-Coordinate,STARLINK-5313 - Z-Coordinate,STARLINK-31888 - Z-Coordinate,STARLINK-31765 - Z-Coordinate,STARLINK-4083 - Z-Coordinate,STARLINK-31900 - Z-Coordinate,STARLINK-11130 [DTC] - Z-Coordinate,STARLINK-3278 - Z-Coordinate,STARLINK-3552 - Z-Coordinate,STARLINK-2550 - Z-Coordinate,MoonARTEMIS1 - Z-Coordinate,MoonARTEMIS2 - Z-Coordinate,MoonIOAGEO - Z-Coordinate,MoonIOAGNO - Z-Coordinate,MoonIOAGNO 0001 - Z-Coordinate,MoonIOAGSO - Z-Coordinate,MoonIOAGSO 0001 - Z-Coordinate,MoonLRO - Z-Coordinate,MarsSat1 - Z-Coordinate,MarsSat2 - Z-Coordinate,MarsSat3 - Z-Coordinate,MarsSat4 - Z-Coordinate,Moon - Z-Coordinate,Mars - Z-Coordinate,
SECONDS,km,km,km,km,km,km,km,km,km,km,km,km,km,km,km,km,km,km,km,km,km,km,km,km,km,km,km,km,km,km,km,km,km,km,km,km,km,km,km,km,km,km,km,km,km,km,km,km,km,km,km,km,km,km,km,km,km,km,km,km,km,km,km,km,km,km,km,km,km,km,km,km,km,km,km,km,km,km,km,km,km,km,km,km,km,km,km,km,km,km,km,km,km,km,km,km,km,km,km,km,km,km,
0.000,-6212.8434,2590.2469,4332.9318,-4224.9824,5804.2095,0.0000,912.3188,-6823.8622,4066.4274,4957.3783,3621.3085,-3579.1821,-6685.9146,-1858.6026,-526.4971,2017.4747,-621.2876,5286.1268,-1037.4191,-156.2586,269225.3585,289460.2979,270371.7718,271297.9902,279767.6417,278204.4155,276803.6510,276932.6770,-270338497.8008,-270330027.3580,-270352415.3049,-270352455.9335,275309.0836,-270349313.5580,-2200.5444,3367.0313,3219.1350,-3869.8540,-3437.5955,0.0000,5016.6541,-1054.6846,2309.7550,-550.9238,-4344.8056,5722.2952,-971.2616,-5649.1664,4258.4656,4579.4989,4157.2091,2406.2640,6560.8282,4659.3621,-239128.5689,-243781.0166,-245383.6022,-246114.4779,-247532.8612,-246284.5820,-238618.7497,-242585.8377,160627847.8137,160654929.4762,160634351.4080,160645520.9547,-241968.4519,160640498.4875,1976.6449,-5451.5933,4297.9905,3869.4118,-1582.2711,0.0000,4318.2848,579.5567,-5026.9463,-4645.6248,3690.1483,-1618.1627,-452.3139,3310.4815,5410.6788,-4637.1651,-5254.9045,3748.6943,-1870.9195,5040.8792,-149901.2180,-154478.6335,-150580.6984,-149443.4559,-146241.4046,-155373.6992,-160197.8898,-151350.6367,138154790.6164,138188861.2756,138183068.5562,138159246.6156,-151880.2285,138166637.9966,
300.000,-6795.6509,4370.0912,5707.7326,-5708.8094,5032.3103,0.0000,2370.9215,-6848.3914,5475.4636,4530.6358,1712.0202,-2583.1222,-6654.5682,-3265.7104,1481.7590,3924.4036,1387.0515,4875.0495,337.8185,1697.8164,273966.1055,294438.9253,275387.2414,276400.9626,284865.6916,283288.4465,281872.8839,281794.0450,-273779986.3536,-273771468.5331,-273793238.4568,-273794625.3572,280376.8362,-273790722.9620,-1076.8174,2265.8617,1784.9063,-2729.5952,-4760.1867,0.0000,3556.8897,453.2431,970.3332,-2661.6924,-4434.8887,5366.6855,562.0465,-4242.7843,4790.4451,3606.9533,4755.0072,578.7897,5963.7164,5275.1475,-233512.0505,-237712.1826,-239436.8193,-240171.8629,-241709.7192,-240407.5341,-232851.8704,-236702.7249,154687044.6413,154714699.8893,154693441.6856,154704542.2444,-236133.4457,154699699.3254,192.3255,-4850.6960,3444.5111,2789.8447,-60.1150,0.0000,5133.6802,-965.2356,-4027.0501,-4341.7232,4794.1869,-3565.1435,1107.3180,4199.9001,4749.8585,-4258.7083,-4554.3275,4864.5754,-3457.3652,4057.1675,-149779.0010,-154421.3617,-150435.2385,-149557.3934,-146115.4340,-155060.8481,-160235.0004,-150854.2414,138153408.6073,138187448.4177,138181946.7348,138157927.1823,-151821.1475,138165323.5048,
600.000,-6691.3389,5734.1104,6533.9803,-6636.5798,3771.5374,0.0000,3621.0478,-6209.0785,6346.0221,3684.7613,-398.8733,-1286.8345,-5929.2693,-4377.2345,3317.2166,5444.1968,3218.5731,4024.1622,1715.5958,3350.5428,278597.5944,299288.4512,280281.2640,281381.2722,289840.1703,288242.6101,286821.3427,286424.5470,-277090949.5952,-277082402.8058,-277103532.1142,-277106246.2669,285320.9735,-277101607.5964,153.4973,990.9756,206.6934,-1349.8714,-5619.6233,0.0000,1735.9561,1926.4017,-425.1940,-4503.2324,-4104.3227,4493.4132,2047.7087,-2415.5541,4892.8038,2307.9246,4885.5128,-1338.2625,4784.8706,5391.9048,-227805.1877,-231541.7267,-233381.4039,-234115.6120,-235778.5480,-234417.4865,-226979.0181,-230682.8506,148672548.2272,148700784.6279,148678869.4481,148689822.9777,-230192.2760,148685210.7073,-1613.0666,-3726.9746,2217.6418,1409.5120,1468.4745,0.0000,5338.2642,-2406.5819,-2584.1200,-3549.9569,5344.7254,-5132.3459,2539.6143,4614.9513,3576.1259,-3402.9709,-3322.1634,5456.2194,-4669.1040,2627.5835,-149659.0913,-154363.6168,-150292.3295,-149675.6369,-145992.6581,-154741.6215,-160267.1833,-150429.5915,138152031.7416,138186032.9300,138180813.5726,138156639.0743,-151761.9788,138164008.7687,
900.000,-5914.3885,6540.3972,6725.7373,-6916.8499,2134.2583,0.0000,4526.3658,-4970.4284,6581.5321,2497.8244,-2486.7938,192.6489,-4587.6373,-5082.8190,4802.1547,6418.6452,4681.2870,2824.5724,2970.6040,4643.8080,283117.8161,304006.7713,285051.5800,286236.9554,294688.8212,293063.8770,291646.8240,290842.7154,-280269810.2826,-280261253.2366,-280281720.5165,-280285737.7461,290139.2709,-280280390.3814,1386.4612,-342.6243,-1371.5001,147.9356,-5942.9024,0.0000,-242.9804,3235.8562,-1749.9413,-5886.1368,-3395.1268,3206.3756,3344.7184,-357.1503,4542.8394,806.3555,4520.6043,-3157.0466,3149.3435,4984.4204,-222009.5639,-225272.4233,-227220.0422,-227947.8154,-229742.0263,-228316.7200,-221002.6428,-224538.3207,142587225.8803,142616050.4272,142593502.0837,142604233.5518,-224147.5604,142599899.9149,-3242.1457,-2200.9262,750.3253,-122.7732,2839.2904,0.0000,4907.8070,-3590.2823,-856.4575,-2358.9061,5278.4640,-6153.8561,3679.8773,4508.8302,2016.0272,-2165.4877,-1701.5365,5460.1755,-5375.5556,909.1333,-149541.3502,-154305.3893,-150152.1310,-149798.1863,-145873.0482,-154416.0324,-160294.4822,-150105.3307,138150660.0472,138184614.8594,138179669.1797,138155380.3915,-151702.7225,138162693.7884,
1200.000,-4547.9369,6701.3479,6259.3982,-6522.3127,271.2161,0.0000,4981.8883,-3255.1413,6149.5612,1078.8707,-4327.3034,1714.1364,-2772.0863,-5308.7155,5796.4931,6744.0710,5625.4892,1396.3558,3984.5703,5458.8744,287524.7915,308591.8399,289695.9851,290966.1609,299409.4423,297749.1959,296347.1711,295074.8142,-283315054.1508,-283306505.8461,-283326290.8672,-283331582.3370,294829.5593,-283325557.2135,2516.0600,-1618.2241,-2808.0660,1632.4377,-5708.7170,0.0000,-2163.4248,4266.3613,-2887.1613,-6667.6020,-2382.6752,1646.9444,4328.9104,1720.9249,3759.5595,-756.6906,3682.2851,-4695.6755,1225.3127,4078.9396,-216126.8663,-218907.0910,-220955.4723,-221670.5569,-223602.8763,-222107.5262,-214925.2443,-218281.9710,136433978.6507,136463397.7531,136440240.6530,136450678.2174,-218001.9633,136446667.9644,-4517.3575,-436.9073,-798.3418,-1641.8536,3905.0685,0.0000,3893.3253,-4390.0865,965.6849,-902.2068,4603.0352,-6522.0610,4397.1145,3893.4390,238.0501,-684.7943,118.3950,4876.0833,-5500.8349,-909.2650,-149425.6517,-154246.6690,-150014.7970,-149925.0193,-145756.5775,-154084.1284,-160316.9382,-149903.3426,138149293.5499,138183194.2522,138178513.6724,138154149.2784,-151643.3786,138161378.5639,
1500.000,-2734.2098,6193.8526,5176.6774,-5492.4596,-1642.5283,0.0000,4926.3405,-1231.5067,5086.5881,-441.6146,-5720.2571,3125.6662,-674.2467,-5025.5647,6211.3448,6382.8829,5959.6073,-123.4883,4657.0489,5727.4013,291816.5746,313041.6710,294212.3318,295567.1628,303999.8878,302295.4844,300920.2754,299153.0546,-286225230.6339,-286216710.3362,-286235794.0516,-286242326.7247,299389.7258,-286235657.6869,3442.9547,-2727.3685,-3976.4682,2973.6586,-4948.2900,0.0000,-3819.2155,4926.1134,-3740.3816,-6766.6426,-1167.7065,-21.8275,4904.6212,3607.0985,2603.7259,-2235.9846,2442.8617,-5796.4264,-793.3437,2752.2564,-210158.8773,-212448.5917,-214590.4824,-215285.9074,-217363.8632,-215792.1994,-208749.3715,-211926.4016,130215739.9471,130245759.4201,130222018.5076,130232093.6548,-211758.1943,130228448.2234,-5300.2778,1374.3898,-2260.5557,-2984.2540,4551.4381,0.0000,2415.2606,-4720.9328,2681.1519,656.1982,3396.1536,-6198.2994,4609.0439,2838.1053,-1565.6674,872.8767,1924.4044,3766.6830,-5031.4695,-2627.8448,-149311.8813,-154187.4456,-149880.4762,-150056.0834,-145643.2206,-153746.0027,-160334.5901,-149836.5776,138147932.2729,138181771.1533,138177347.1732,138152943.9370,-151583.9472,138160063.0951,
1800.000,-659.1489,5062.8199,3580.7530,-3929.2788,-3424.2057,0.0000,4350.6669,903.2804,3495.2049,-1923.4129,-6511.8632,4279.4393,1485.5580,-4252.3465,6017.0076,5368.3295,5659.3919,-1594.0749,4915.1898,5436.8014,295991.2560,317354.3390,298598.5306,300038.3761,308458.0687,306699.6183,305364.0777,303113.0114,-288998953.5563,-288990480.7809,-289008845.3263,-289016582.3910,303817.7149,-289009305.7842,4082.7423,-3578.9039,-4776.2337,4054.2286,-3741.1256,0.0000,-5036.8627,5154.5072,-4241.3334,-6172.9837,133.4632,-1632.1370,5013.7322,5111.3804,1173.5995,-3495.4961,919.3861,-6342.1401,-2706.3551,1125.3032,-204107.4669,-205899.8288,-208127.9098,-208795.9180,-211027.7940,-209373.0267,-202477.6211,-205483.0436,123935474.1377,123966099.1935,123941799.8935,123951447.5424,-205419.0075,123948205.0123,-5506.2220,3036.7712,-3478.2133,-4005.9068,4709.1408,0.0000,649.4751,-4547.6770,4100.4490,2140.5395,1796.9464,-5216.5872,4291.3710,1461.9411,-3200.4366,2332.3224,3504.5423,2251.2865,-4017.7668,-4058.3004,-149199.9343,-154127.7082,-149749.3111,-150191.2864,-145532.9537,-153401.8089,-160347.4744,-149907.4225,138146576.2368,138180345.6069,138176169.8097,138151762.6364,-151524.4282,138158747.3822,
2100.000,1466.7876,3417.2763,1626.0342,-1986.6627,-4900.8387,0.0000,3301.2385,2942.1955,1533.9329,-3229.3796,-6612.2619,5047.1781,3481.5312,-3055.8396,5244.4686,3801.5857,4769.1570,-2883.6254,4721.7514,4629.4950,300046.9653,321527.9799,302852.5510,304378.3767,312781.9540,310958.4194,309676.5691,306990.3974,-291634901.7934,-291626496.2864,-291644124.9766,-291653026.2415,308111.5294,-291645180.5366,4373.2007,-4106.1716,-5141.1860,4779.2958,-2206.4308,0.0000,-5694.1308,4927.4673,-4354.8704,-4948.3177,1399.8106,-3028.0472,4641.4479,6084.8025,-403.3367,-4420.8147,-737.3078,-6269.1448,-4326.6808,-648.0683,-197974.5862,-199263.7467,-201570.6394,-202202.6135,-204597.5165,-202852.2764,-196112.6363,-198961.3632,117596175.1375,117627410.3761,117602578.5402,117611737.1167,-198987.1998,117608932.1914,-5112.9340,4370.1871,-4320.0598,-4597.5086,4361.3164,0.0000,-1193.6892,-3888.6554,5066.9496,3383.2770,-9.8993,-3680.3324,3480.5020,-79.5140,-4490.3230,3529.3077,4673.4787,493.1492,-2568.7647,-5044.5131,-149089.7146,-154067.4454,-149621.4383,-150330.4829,-145425.7542,-153051.7809,-160355.6256,-150106.9351,138145225.4600,138178917.6562,138174981.7141,138150603.7183,-151464.8218,138157431.4251,
2400.000,3429.7268,1419.4472,-497.1399,145.0673,-5926.0604,0.0000,1876.8050,4688.2293,-599.0225,-4238.0224,-6006.2670,5334.6005,5106.0741,-1545.2680,3980.5175,1841.4141,3395.1285,-3881.2658,4080.4763,3396.6030,303981.8734,325560.7916,306972.4228,308585.9243,316969.5715,315068.6425,313855.7926,310817.5286,-294131819.9007,-294123501.6203,-294140378.9440,-294150401.2027,312269.2314,-294142026.6532,4280.1567,-4271.6716,-5044.3064,5084.3822,-491.2391,0.0000,-5732.5000,4260.0483,-4080.5885,-3219.6780,2516.6617,-4080.5292,3818.3538,6434.4927,-1981.7742,-4929.3248,-2357.6877,-5575.0469,-5498.8585,-2395.7565,-191762.2613,-192543.3289,-194921.6022,-195507.9857,-198075.9185,-196232.1854,-189657.1060,-192368.3134,111200864.9808,111232714.3820,111207376.2347,111215987.7231,-192465.6101,111213651.7337,-4162.8428,5230.4655,-4695.6361,-4695.9161,3545.2512,0.0000,-2894.8715,-2813.8559,5474.1544,4244.2193,-1815.6335,-1752.1163,2269.4792,-1612.0048,-5297.0430,4329.2234,5294.4002,-1318.1686,-840.9996,-5479.2735,-148981.1345,-154006.6454,-149496.9876,-150473.4567,-145321.6012,-152696.2591,-160359.0758,-150415.2028,138143879.9581,138177487.3434,138173783.0224,138149465.5991,-151405.1279,138156115.2238,
2700.000,5033.6493,-731.7361,-2581.1135,2257.7990,-6394.7822,0.0000,219.2287,5973.3909,-2686.0834,-4854.5802,-4755.5575,5093.3495,6191.6345,137.5677,2357.4894,-312.2940,1692.2282,-4506.4348,3037.8842,1867.3018,307794.1943,329451.0349,310956.2372,312659.9919,321019.0086,319026.9604,317899.8437,314619.9450,-296488518.7120,-296480307.8093,-296496419.4218,-296507516.7909,316288.9426,-296498655.1183,3801.5912,-4068.9567,-4499.1013,4940.7407,1243.6450,0.0000,-5161.8597,3206.0090,-3451.3693,-1165.8390,3385.8257,-4699.6089,2618.4038,6132.5663,-3411.8643,-4977.1982,-3770.9343,-4320.1325,-6114.3097,-3943.9546,-185472.5888,-185741.5969,-188183.7741,-188713.9900,-191465.9262,-189514.9435,-183113.7632,-185708.1219,104752592.3806,104785059.2965,104759241.3834,104767251.3586,-185857.1179,104765412.2842,-2758.7847,5524.8119,-4564.6734,-4290.6040,2348.4643,0.0000,-4252.2427,-1437.7987,5277.1926,4626.3553,-3411.9946,363.0009,797.4625,-2962.5390,-5534.4003,4642.2036,5294.8087,-2987.5511,978.1383,-5315.4227,-148874.1127,-153945.2958,-149376.0824,-150619.8976,-145220.4750,-152335.7248,-160357.8553,-150802.9203,138142539.7445,138176054.7101,138172573.8743,138148346.7711,-151345.3467,138154798.7783,
3000.000,6120.0755,-2820.7254,-4421.0343,4145.7168,-6254.2893,0.0000,-1500.8547,6675.1551,-4512.5505,-5019.6436,-2991.9185,4328.5624,6628.3924,1831.6699,539.1610,-2439.1337,-153.7108,-4714.9182,1680.7778,195.2713,311482.1867,333197.0342,314802.1478,316599.8004,324928.4135,322829.9498,321806.8719,318413.6899,-298703875.9060,-298695792.7056,-298711125.4200,-298723249.6525,320168.8461,-298713943.7581,2969.4557,-3521.9379,-3557.6932,4357.9850,2838.6985,0.0000,-4057.1237,1854.1130,-2529.3586,1001.5053,3933.7235,-4842.2499,1152.7073,5217.8282,-4553.1647,-4562.7669,-4822.8725,-2621.9990,-6121.7970,-5134.1138,-179107.7310,-178861.6091,-181360.1742,-181822.5439,-184770.5038,-182702.6774,-176485.3843,-178982.4543,98254431.2750,98287518.4228,98261247.5608,98268605.2040,-179164.6419,98267287.7068,-1053.3802,5221.5569,-3941.2062,-3424.7465,899.4378,0.0000,-5105.4873,92.3855,4497.6186,4486.6464,-4615.5383,2439.3296,-766.2634,-3979.1028,-5177.0429,4433.0751,4674.7025,-4335.6598,2690.8722,-4570.6558,-148768.5746,-153883.3837,-149258.8393,-150769.3695,-145122.3574,-151970.8474,-160351.9922,-151234.0558,138141204.8298,138174619.7967,138171354.4126,138147245.8011,-151285.4781,138153482.0887,
3300.000,6584.2242,-4637.0063,-5834.7865,5625.1971,-5510.4482,0.0000,-3101.6140,6728.5873,-5888.7709,-4714.7195,-902.6327,3100.6310,6375.6269,3372.2409,-1295.6479,-4320.7978,-1946.2458,-4501.0452,129.3580,-1456.4660,315044.1553,336797.1782,318508.3718,320404.8616,328695.9958,326474.0780,325575.0818,322203.6565,-300776836.5408,-300768901.5211,-300783443.2978,-300796544.0742,323907.1864,-300786837.7751,1848.6174,-2681.9938,-2305.9665,3383.8169,4150.4009,0.0000,-2547.8308,321.1469,-1399.9173,3059.6798,4116.7974,-4514.9144,-440.5457,3790.3785,-5288.1803,-3726.2380,-5392.7980,-644.0910,-5531.6531,-5839.0218,-172669.9122,-171906.4594,-174453.8635,-174835.5332,-177992.6516,-175797.4321,-169774.7873,-172190.9244,91709479.3617,91743188.8176,91716492.0456,91723150.1477,-172391.1387,91722375.6186,767.2359,4353.4193,-2892.1443,-2190.8483,-646.1856,0.0000,-5354.2619,1612.6339,3221.1757,3840.7675,-5288.5765,4255.1426,-2241.9758,-4547.6802,-4263.0131,3725.2277,3506.5556,-5218.2156,4110.9303,-3325.7572,-148664.4510,-153820.8956,-149145.3673,-150921.2682,-145027.2315,-151602.5466,-160341.5126,-151669.2560,138139875.2224,138173182.6429,138170124.7824,138146161.3290,-151225.5223,138152165.1548,
3600.000,6385.6648,-5996.3981,-6681.0817,6552.8191,-4228.0824,0.0000,-4408.9186,6132.6436,-6670.1976,-3964.3692,1289.8274,1520.6179,5465.3185,4606.4929,-2970.3808,-5763.5586,-3499.2155,-3896.2054,-1473.4288,-2931.1515,318478.4527,340249.9207,322073.1906,324075.0284,332320.0272,329955.6947,329202.7336,325983.2086,-302706413.5563,-302698647.3299,-302712387.2644,-302726412.4641,327502.2707,-302716350.2497,532.5663,-1623.2648,-856.1110,2100.6875,5064.1859,0.0000,-802.6165,-1257.9283,-163.9967,4797.9508,3924.0331,-3770.5156,-2009.0765,2000.1726,-5534.4848,-2545.9085,-5407.6091,1420.3654,-4413.3126,-5976.6405,-166161.4148,-164879.2757,-167467.9432,-167754.8272,-171135.4053,-168801.1533,-162984.8314,-165331.8599,85120856.6216,85155189.8148,85128094.3464,85134009.2999,-165539.6019,85133795.9137,2503.8228,3014.0960,-1530.3892,-721.1932,-2122.4962,0.0000,-4969.3777,2959.7215,1588.6459,2761.4093,-5354.3936,5616.8611,-3460.4389,-4604.7093,-2889.9702,2598.0912,1927.1065,-5541.0921,5084.0967,-1716.3300,-148561.6780,-153757.8172,-149035.7686,-151074.7645,-144935.0816,-151232.0762,-160326.4409,-152069.5000,138138550.9279,138171743.2877,138168885.1309,138145092.0643,-151165.4791,138150847.9769,
3900.000,5551.9625,-6760.0774,-6873.9768,6839.6959,-2525.2747,0.0000,-5274.8895,4949.8251,-6773.1852,-2834.6492,3351.3717,-260.1126,3997.6908,5408.4645,-4327.6243,-6618.5029,-4656.2522,-2964.3175,-2975.1359,-4093.1125,321783.4797,343553.7808,325494.9513,327610.5520,335798.8423,333271.0337,332688.1447,329735.0340,-304491688.2448,-304484111.5379,-304497039.8479,-304511935.8022,330952.4692,-304501562.6110,-863.9978,-436.4341,663.0220,619.3632,5504.2837,0.0000,989.4562,-2741.8047,1070.5860,6039.2997,3376.8492,-2700.4508,-3401.0033,31.1150,-5254.2884,-1131.1300,-4851.5442,3367.2209,-2886.7370,-5520.1612,-159584.5765,-157783.2190,-160405.5534,-160582.3128,-164201.8347,-161715.6732,-156118.4149,-158403.1880,78491703.8311,78526661.5387,78499194.7165,78504326.4988,-158613.0603,78504689.2758,3966.2183,1348.3947,-2.9725,826.1471,-3371.3450,0.0000,-3995.9912,3989.0309,-219.5512,1370.2656,-4805.4840,6379.7701,-4282.3753,-4143.8685,-1205.2462,1178.3997,121.5604,-5269.8903,5504.9348,81.5215,-148460.1961,-153694.1339,-148930.1374,-151228.7286,-144845.8933,-150861.1355,-160306.7993,-152399.5015,138137231.9496,138170301.7690,138167635.6072,138144036.7832,-151105.3488,138149530.5547,
4200.000,4174.8324,-6849.3027,-6392.1199,6460.4255,-562.2074,0.0000,-5594.5887,3299.3041,-6184.4456,-1427.7335,5060.8953,-2064.6998,2129.5955,5691.6868,-5244.0872,-6797.3677,-5306.7905,-1795.0273,-4228.2877,-4840.3841,324957.6874,346707.3439,328772.0673,331012.1441,339130.8397,336416.2355,336029.6901,333432.9867,-306131810.6881,-306124444.3207,-306136552.3306,-306152264.0606,334256.2164,-306141625.0734,-2215.0287,778.6764,2117.0995,-930.2973,5439.5143,0.0000,2638.9627,-3995.4427,2198.3139,6658.8412,2526.7227,-1423.1425,-4479.2859,-1917.6399,-4460.1844,387.5482,-3769.9183,5001.3236,-1109.1100,-4502.7277,-152941.7870,-150621.4816,-153269.8709,-153319.9562,-157195.0426,-154542.7053,-149178.4749,-151403.2990,71825181.0651,71860763.4073,71832952.6586,71837264.8075,-151614.5767,71838215.6811,4994.4853,-463.3370,1524.7460,2284.3855,-4259.3487,0.0000,-2548.6625,4590.1926,-2003.5163,-175.6127,-3704.3547,6463.0288,-4614.1464,-3216.7251,609.6361,-374.0032,-1698.2731,-4433.3897,5327.9565,1870.3819,-148359.9499,-153629.8300,-148828.5604,-151381.6299,-144759.6534,-150492.0159,-160282.6084,-152630.4713,138135918.2882,138168858.1242,138166376.3616,138142994.3253,-151045.1313,138148212.8885,
4500.000,2399.5163,-6253.9464,-5281.4124,5455.4683,1474.1432,0.0000,-5319.1654,1344.5047,-4962.7211,127.0537,6233.8567,-3708.4060,57.4499,5418.6444,-5642.0785,-6282.0131,-5396.5847,-495.3211,-5104.7888,-5113.6976,327999.5774,349709.2619,331903.0189,334281.0338,342314.4822,339387.4051,339225.8038,337044.5601,-307626000.1622,-307618865.0275,-307630145.1530,-307646616.5924,337412.0115,-307635757.0412,-3394.4171,1921.1914,3378.0633,-2410.6017,4884.7052,0.0000,3975.9262,-4902.2568,3124.7222,6596.7490,1450.7828,-70.7459,-5134.8113,-3651.5594,-3215.9545,1870.2887,-2265.8972,6155.9251,741.5316,-3015.7586,-146235.4854,-143397.2862,-146064.1084,-145969.9078,-150118.1632,-147283.8583,-142167.9852,-144331.7682,65124466.1899,65160672.6266,65132545.4207,65136005.0028,-144547.2468,65137552.8920,5476.4169,-2224.9539,2887.1435,3496.2363,-4691.9536,0.0000,-798.5092,4698.8514,-3566.4015,-1701.6932,-2176.8544,5857.8144,-4418.0425,-1927.2161,2358.5890,-1884.3326,-3319.2658,-3120.7103,4572.3463,3453.5103,-148260.8879,-153564.8892,-148731.1164,-151531.4081,-144676.3501,-150127.7887,-160253.8869,-152742.0251,138134609.9419,138167412.3899,138165107.5453,138141963.5894,-150984.8267,138146894.9780,
4800.000,408.9780,-5033.5920,-3650.5902,3926.6406,3387.8040,0.0000,-4463.5767,-723.3502,-3232.4142,1685.0438,6742.6224,-5017.4771,-2003.3037,4605.9758,-5496.0896,-5126.2340,-4931.4796,819.8813,-5509.0894,-4900.7832,330907.7030,352558.2542,334886.3550,337419.0035,345348.2979,342180.7320,342274.9794,340533.6259,-308973545.5098,-308966662.5536,-308977108.2841,-308994282.4893,340418.4189,-308983247.4805,-4287.6063,2897.2371,4335.3043,-3688.2124,3897.9851,0.0000,4867.4997,-5374.8283,3773.8551,5864.0486,245.4827,1224.5108,-5297.1298,-5000.0885,-1631.8921,3180.7734,-490.4845,6709.9482,2484.1189,-1200.7418,-139468.1578,-136113.8843,-138791.5123,-138534.6742,-142974.3612,-139940.6898,-135089.9556,-137189.8570,58392753.3491,58429582.6761,58401166.4826,58403744.0573,-137414.1975,58405894.9422,5359.5390,-3746.1147,3936.5270,4331.0826,-4623.1851,0.0000,1046.6435,4303.4204,-4736.4121,-3035.9448,-398.3654,4628.2036,-3716.3559,-420.3405,3852.5112,-3182.8257,-4552.2657,-1472.2970,3319.9492,4656.8781,-148162.9620,-153499.2943,-148637.8762,-151675.3143,-144595.9726,-149772.5368,-160220.6517,-152723.2029,138133306.9064,138165964.6019,138163829.3105,138140943.5299,-150924.4349,138145576.8235,
5100.000,-1595.1532,-3311.0645,-1660.2379,2026.3856,4992.4404,0.0000,-3107.2602,-2704.0397,-1170.2057,3099.6368,6531.1417,-5847.6731,-3840.2990,3324.4798,-4833.7302,-3449.7070,-3974.3474,2037.5641,-5388.8878,-4235.6746,333680.6704,355253.1077,337720.6928,340428.3670,348230.8803,344792.7076,345175.7711,343863.1435,-310173805.4778,-310167195.6779,-310176801.5589,-310194620.9076,343274.0692,-310183455.2572,-4802.5873,3627.2019,4905.1509,-4646.0535,2574.5591,0.0000,5231.4418,-5363.3139,4093.7976,4540.6153,-981.4476,2343.1820,-4942.0469,-5833.6284,145.0317,4198.5604,1372.9592,6601.3038,3952.2952,764.5623,-132642.3347,-128774.5549,-131455.3611,-131017.3812,-135766.8302,-132514.8262,-127947.4305,-129980.7575,51633251.4402,51670701.7867,51642024.0362,51643693.6134,-130218.5855,51646450.6144,4656.6107,-4863.0368,4559.2575,4699.0755,-4060.3123,0.0000,2767.0965,3446.2716,-5385.5470,-4028.4020,1426.0920,2904.7601,-2588.9743,1133.9772,4930.0688,-4123.9755,-5254.0405,334.7355,1706.6533,5348.4582,-148066.1271,-153433.0273,-148548.9024,-151809.7307,-144518.5114,-149431.6149,-160182.9180,-152572.6915,138132009.1748,138164514.7952,138162541.8096,138139933.1532,-150863.9562,138144258.4248,
5400.000,-3413.0159,-1259.4271,493.3954,-57.7875,6129.3130,0.0000,-1387.0921,-4407.7952,1013.4284,4235.8972,5621.7318,-6100.6534,-5266.0057,1693.4613,-3731.1725,-1425.0322,-2636.2116,3056.1216,-4742.0724,-3193.4941,336317.1391,357792.6773,340404.7192,343311.8330,350960.8896,347220.4866,347926.7942,346997.6428,-311226209.0236,-311219893.3688,-311228654.9825,-311247061.3615,345977.6598,-311235809.4423,-4879.4272,4051.6063,5037.8631,-5193.8719,1037.6689,0.0000,5043.5914,-4860.8419,4060.0526,2765.8875,-2120.2308,3189.6219,-4095.3044,-6076.2343,1945.0379,4829.7645,3127.6851,5834.4472,5010.4882,2683.8295,-125760.5889,-121382.6032,-124058.9638,-123422.1528,-128498.7916,-125008.1925,-120743.4875,-122709.5824,44849182.5851,44887251.4118,44858339.4574,44859078.4516,-122963.5965,44862441.9109,3444.2774,-5455.9362,4687.9865,4560.6802,-3063.1287,0.0000,4157.9178,2219.2855,-5443.1084,-4567.9099,3085.7362,871.1004,-1164.6468,2560.1575,5475.1622,-4602.6983,-5343.3632,2105.6409,-92.2105,5452.5523,-147970.3410,-153366.0693,-148464.2492,-151929.9996,-144443.9581,-149111.8929,-160140.6992,-152298.4116,138130716.7378,138163063.0043,138161245.1953,138138931.5140,-150803.3904,138142939.7821,
