sl_100_86400_20270830 Contact Analysis.csv
2027/08/30 07:47:00.0000 UTC

Generated: Tue Oct  8 16:25:12 2024,
Start: 2027/08/30 07:47:00.00, Stop: 2027/08/31 07:47:00.00,
Analysis,Rise,Set,Duration,
ID,SECONDS,SECONDS,SECONDS,
Contact STARLINK-3836 - STARLINK-4347,3458.473,4128.971,670.498,
Contact STARLINK-3836 - STARLINK-4347,17773.095,18454.138,681.043,
Contact STARLINK-3836 - STARLINK-4347,32084.699,32783.735,699.035,
Contact STARLINK-3836 - STARLINK-4347,46399.976,47108.195,708.219,
Contact STARLINK-3836 - STARLINK-4347,60711.024,61438.395,727.371,
Contact STARLINK-3836 - STARLINK-4347,75027.281,75761.833,734.551,
Contact STARLINK-3836 - STARLINK-1481,0.000,489.029,489.029,
Contact STARLINK-3836 - STARLINK-1481,7562.944,17572.735,10009.791,
Contact STARLINK-3836 - STARLINK-1481,24652.038,31798.990,7146.951,
Contact STARLINK-3836 - STARLINK-1481,38886.784,40346.311,1459.527,
Contact STARLINK-3836 - STARLINK-1481,47442.166,54569.172,7127.005,
Contact STARLINK-3836 - STARLINK-1481,61680.184,68805.786,7125.602,
Contact STARLINK-3836 - STARLINK-1481,78778.672,85877.510,7098.839,
Contact STARLINK-3836 - STARLINK-5335,632.657,13894.795,13262.137,
Contact STARLINK-3836 - STARLINK-5335,14902.251,28195.316,13293.065,
Contact STARLINK-3836 - STARLINK-5335,29197.353,42465.266,13267.913,
Contact STARLINK-3836 - STARLINK-5335,43485.499,53883.399,10397.901,
Contact STARLINK-3836 - STARLINK-5335,57798.493,68159.167,10360.674,
Contact STARLINK-3836 - STARLINK-5335,72103.551,82406.051,10302.500,
Contact STARLINK-3836 - STARLINK-3328,78799.770,79284.534,484.764,
Contact STARLINK-3836 - STARLINK-31933,86092.880,86400.000,307.120,
Contact STARLINK-3836 - STARLINK-32211,3356.288,3925.376,569.088,
Contact STARLINK-3836 - STARLINK-32211,17375.084,18134.318,759.234,
Contact STARLINK-3836 - STARLINK-32211,28622.776,29468.117,845.341,
Contact STARLINK-3836 - STARLINK-32211,42716.810,43600.291,883.481,
Contact STARLINK-3836 - STARLINK-32211,56842.597,57701.198,858.601,
Contact STARLINK-3836 - STARLINK-32211,68170.551,68954.561,784.010,
Contact STARLINK-3836 - STARLINK-32211,82371.576,82980.474,608.898,
Contact STARLINK-3836 - STARLINK-5718,0.000,6607.881,6607.881,
Contact STARLINK-3836 - STARLINK-5718,7644.768,20844.820,13200.051,
Contact STARLINK-3836 - STARLINK-5718,21970.847,32233.198,10262.351,
Contact STARLINK-3836 - STARLINK-5718,36332.966,46469.547,10136.581,
Contact STARLINK-3836 - STARLINK-5718,53564.450,60677.633,7113.183,
Contact STARLINK-3836 - STARLINK-5718,67920.311,74895.529,6975.218,
Contact STARLINK-3836 - STARLINK-5718,82320.741,83399.940,1079.199,
Contact STARLINK-3836 - STARLINK-4621,10091.059,10914.702,823.643,
Contact STARLINK-3836 - STARLINK-4621,21516.783,25252.532,3735.749,
Contact STARLINK-3836 - STARLINK-4621,35810.458,39601.157,3790.700,
Contact STARLINK-3836 - STARLINK-4621,50093.414,51070.882,977.469,
Contact STARLINK-3836 - STARLINK-4621,64395.820,65396.992,1001.171,
Contact STARLINK-3836 - STARLINK-4621,78688.151,79732.546,1044.395,
Contact STARLINK-3836 - STARLINK-5250,3586.949,7428.750,3841.800,
Contact STARLINK-3836 - STARLINK-5250,17857.479,21702.740,3845.261,
Contact STARLINK-3836 - STARLINK-5250,32120.419,33118.672,998.253,
Contact STARLINK-3836 - STARLINK-5250,46391.457,47384.473,993.016,
Contact STARLINK-3836 - STARLINK-5250,60654.878,61657.772,1002.895,
Contact STARLINK-3836 - STARLINK-5250,74926.428,75923.020,996.592,
Contact STARLINK-3836 - STARLINK-5250,86340.695,86400.000,59.305,
Contact STARLINK-3836 - STARLINK-3081,0.000,612.749,612.749,
Contact STARLINK-3836 - STARLINK-3081,14215.366,14898.522,683.156,
Contact STARLINK-3836 - STARLINK-3081,28624.747,29178.100,553.353,
Contact STARLINK-3836 - STARLINK-3081,43082.302,43410.701,328.398,
Contact STARLINK-3836 - STARLINK-30611,6596.514,13626.523,7030.010,
Contact STARLINK-3836 - STARLINK-30611,20952.027,22007.379,1055.353,
Contact STARLINK-3836 - STARLINK-30190,39595.671,39964.883,369.212,
Contact STARLINK-3836 - STARLINK-30190,53799.337,54501.492,702.155,
Contact STARLINK-3836 - STARLINK-30190,68066.869,68973.771,906.902,
Contact STARLINK-3836 - STARLINK-30190,82379.294,83400.674,1021.380,
Contact STARLINK-3836 - STARLINK-5215,32349.195,32849.642,500.447,
Contact STARLINK-3836 - STARLINK-5215,46622.413,47092.838,470.425,
Contact STARLINK-3836 - STARLINK-5215,60862.246,61368.148,505.902,
Contact STARLINK-3836 - STARLINK-5215,75135.316,75611.453,476.137,
Contact STARLINK-3836 - STARLINK-4125,0.000,3141.255,3141.255,
Contact STARLINK-3836 - STARLINK-4125,10229.712,17426.539,7196.827,
Contact STARLINK-3836 - STARLINK-4125,24497.890,31693.536,7195.645,
Contact STARLINK-3836 - STARLINK-4125,33042.962,40267.512,7224.550,
Contact STARLINK-3836 - STARLINK-4125,47312.016,54533.632,7221.616,
Contact STARLINK-3836 - STARLINK-4125,61561.612,71662.686,10101.073,
Contact STARLINK-3836 - STARLINK-4125,78673.931,85944.859,7270.928,
Contact STARLINK-3836 - STARLINK-32081,3173.035,4042.427,869.392,
Contact STARLINK-3836 - STARLINK-32081,17349.485,18189.069,839.584,
Contact STARLINK-3836 - STARLINK-32081,28699.657,29497.270,797.613,
Contact STARLINK-3836 - STARLINK-32081,42900.090,43619.737,719.648,
Contact STARLINK-3836 - STARLINK-32081,57118.653,57724.577,605.923,
Contact STARLINK-3836 - STARLINK-1301,0.000,74851.027,74851.027,
Contact STARLINK-3836 - STARLINK-1301,75959.945,82913.128,6953.183,
Contact STARLINK-3836 - STARLINK-2751,6614.490,13715.036,7100.546,
Contact STARLINK-3836 - STARLINK-2751,15128.235,22328.830,7200.595,
Contact STARLINK-3836 - STARLINK-2751,29368.554,36640.085,7271.531,
Contact STARLINK-3836 - STARLINK-2751,43576.674,53829.686,10253.012,
Contact STARLINK-3836 - STARLINK-2751,57820.341,68165.938,10345.597,
Contact STARLINK-3836 - STARLINK-2751,72033.422,82472.775,10439.353,
Contact STARLINK-3836 - STARLINK-2751,83418.006,86400.000,2981.994,
Contact STARLINK-3836 - STARLINK-1015,78979.823,79204.782,224.959,
Contact STARLINK-3836 - STARLINK-32235,64159.908,65034.863,874.955,
Contact STARLINK-3836 - STARLINK-32235,75299.575,82029.894,6730.320,
Contact STARLINK-3836 - STARLINK-11266 [DTC],3451.826,3636.883,185.057,
Contact STARLINK-3836 - STARLINK-6044,0.000,7118.299,7118.299,
Contact STARLINK-3836 - STARLINK-4617,0.000,121.803,121.803,
Contact STARLINK-3836 - STARLINK-30196,0.000,57207.600,57207.600,
Contact STARLINK-3836 - STARLINK-30196,57980.371,71206.246,13225.875,
Contact STARLINK-3836 - STARLINK-30196,72469.333,79698.468,7229.135,
Contact STARLINK-3836 - STARLINK-31407,0.000,51447.588,51447.588,
Contact STARLINK-3836 - STARLINK-30171,38998.862,39749.311,750.449,
Contact STARLINK-3836 - STARLINK-30171,50279.590,54197.394,3917.804,
Contact STARLINK-3836 - STARLINK-30171,64436.870,71519.650,7082.780,
Contact STARLINK-3836 - STARLINK-30171,78561.925,85952.989,7391.063,
Contact STARLINK-3836 - STARLINK-31827,21551.726,22005.697,453.971,
Contact STARLINK-3836 - STARLINK-31827,35558.844,36273.422,714.578,
Contact STARLINK-3836 - STARLINK-31827,49611.361,50495.227,883.866,
Contact STARLINK-3836 - STARLINK-31827,60885.432,61840.226,954.794,
Contact STARLINK-3836 - STARLINK-31827,75013.043,75986.387,973.344,
Contact STARLINK-3836 - STARLINK-31827,86335.047,86400.000,64.953,
Contact STARLINK-3836 - STARLINK-31800,14704.521,86159.100,71454.578,
Contact STARLINK-3836 - STARLINK-3533,3150.236,3687.121,536.885,
Contact STARLINK-3836 - STARLINK-3533,43074.459,43672.790,598.330,
Contact STARLINK-3836 - STARLINK-3533,57335.471,57951.182,615.711,
Contact STARLINK-3836 - STARLINK-3533,71594.120,72231.561,637.441,
Contact STARLINK-3836 - STARLINK-3533,85856.016,86400.000,543.984,
Contact STARLINK-3836 - STARLINK-31987,21468.974,21739.122,270.148,
Contact STARLINK-3836 - STARLINK-31987,35512.915,36022.727,509.812,
Contact STARLINK-3836 - STARLINK-31987,46779.524,47417.951,638.426,
Contact STARLINK-3836 - STARLINK-31987,60881.042,61643.426,762.384,
Contact STARLINK-3836 - STARLINK-31987,75009.334,75842.221,832.887,
Contact STARLINK-3836 - STARLINK-31987,86319.935,86400.000,80.065,
Contact STARLINK-3836 - STARLINK-6311,442.299,14219.333,13777.034,
Contact STARLINK-3836 - STARLINK-6311,14723.874,28500.444,13776.570,
Contact STARLINK-3836 - STARLINK-6311,29033.995,42738.961,13704.965,
Contact STARLINK-3836 - STARLINK-6311,43344.134,56996.457,13652.322,
Contact STARLINK-3836 - STARLINK-6311,57677.861,68385.803,10707.941,
Contact STARLINK-3836 - STARLINK-6311,72003.859,82603.999,10600.140,
Contact STARLINK-3836 - STARLINK-6311,83474.548,86400.000,2925.452,
Contact STARLINK-3836 - STARLINK-2228,21126.364,22074.888,948.524,
Contact STARLINK-3836 - STARLINK-2228,32339.052,36163.608,3824.556,
Contact STARLINK-3836 - STARLINK-2228,46457.833,47361.636,903.803,
Contact STARLINK-3836 - STARLINK-2228,60695.733,61246.787,551.054,
Contact STARLINK-3836 - STARLINK-1736,33266.504,86400.000,53133.496,
Contact STARLINK-3836 - STARLINK-30425,67310.165,86400.000,19089.835,
Contact STARLINK-3836 - STARLINK-3346,0.000,86400.000,86400.000,
Contact STARLINK-3836 - STARLINK-30320,0.000,28189.930,28189.930,
Contact STARLINK-3836 - STARLINK-30320,29380.588,36333.289,6952.701,
Contact STARLINK-3836 - STARLINK-31919,0.000,3762.471,3762.471,
Contact STARLINK-3836 - STARLINK-31919,14119.759,15042.212,922.453,
Contact STARLINK-3836 - STARLINK-31919,28297.969,29106.662,808.693,
Contact STARLINK-3836 - STARLINK-31600,0.000,735.250,735.250,
Contact STARLINK-3836 - STARLINK-31600,7703.622,17688.708,9985.086,
Contact STARLINK-3836 - STARLINK-31600,24736.627,31707.732,6971.105,
Contact STARLINK-3836 - STARLINK-31600,39027.652,40086.481,1058.829,
Contact STARLINK-3836 - STARLINK-5978,10576.163,10802.387,226.224,
Contact STARLINK-3836 - STARLINK-30613,0.000,404.989,404.989,
Contact STARLINK-3836 - STARLINK-30613,14139.996,14756.815,616.819,
Contact STARLINK-3836 - STARLINK-30613,28396.446,29102.732,706.286,
Contact STARLINK-3836 - STARLINK-30613,42663.223,43438.194,774.970,
Contact STARLINK-3836 - STARLINK-30613,56932.935,57770.735,837.800,
Contact STARLINK-3836 - STARLINK-30613,68353.475,72095.647,3742.172,
Contact STARLINK-3836 - STARLINK-30613,82634.428,86400.000,3765.572,
Contact STARLINK-3836 - STARLINK-31764,0.000,69101.495,69101.495,
Contact STARLINK-3836 - STARLINK-4402,7115.925,7521.060,405.135,
Contact STARLINK-3836 - STARLINK-4402,21404.302,21847.748,443.447,
Contact STARLINK-3836 - STARLINK-4402,35707.818,36160.460,452.642,
Contact STARLINK-3836 - STARLINK-4402,49997.951,50485.322,487.371,
Contact STARLINK-3836 - STARLINK-6255,6490.911,7603.325,1112.413,
Contact STARLINK-3836 - STARLINK-6255,14901.914,25057.628,10155.714,
Contact STARLINK-3836 - STARLINK-6255,28995.473,86400.000,57404.527,
Contact STARLINK-3836 - STARLINK-3898,6516.138,13927.630,7411.492,
Contact STARLINK-3836 - STARLINK-3898,15053.889,28208.315,13154.427,
Contact STARLINK-3836 - STARLINK-3898,29321.755,42466.413,13144.658,
Contact STARLINK-3836 - STARLINK-3898,43561.195,53881.783,10320.587,
Contact STARLINK-3836 - STARLINK-3898,57829.181,68161.910,10332.729,
Contact STARLINK-3836 - STARLINK-3898,72068.944,82419.844,10350.899,
Contact STARLINK-3836 - STARLINK-3898,83472.169,86400.000,2927.831,
Contact STARLINK-3836 - STARLINK-31539,6881.660,7427.751,546.091,
Contact STARLINK-3836 - STARLINK-31539,20869.997,21671.988,801.990,
Contact STARLINK-3836 - STARLINK-31539,32108.721,33018.962,910.242,
Contact STARLINK-3836 - STARLINK-31539,46201.960,47157.622,955.662,
Contact STARLINK-3836 - STARLINK-31539,57504.783,61259.611,3754.828,
Contact STARLINK-3836 - STARLINK-31539,71670.035,72506.435,836.400,
Contact STARLINK-3836 - STARLINK-31539,85896.627,86400.000,503.373,
Contact STARLINK-3836 - STARLINK-30367,649.514,7901.518,7252.004,
Contact STARLINK-3836 - STARLINK-30367,14870.435,22281.844,7411.409,
Contact STARLINK-3836 - STARLINK-30367,29126.676,39501.055,10374.379,
Contact STARLINK-3836 - STARLINK-30367,43383.250,53818.455,10435.206,
Contact STARLINK-3836 - STARLINK-30367,57676.341,68136.107,10459.766,
Contact STARLINK-3836 - STARLINK-30367,69119.303,82411.967,13292.664,
Contact STARLINK-3836 - STARLINK-30367,83433.781,86400.000,2966.219,
Contact STARLINK-3836 - STARLINK-5151,3130.759,4011.535,880.776,
Contact STARLINK-3836 - STARLINK-5151,17327.034,18211.231,884.197,
Contact STARLINK-3836 - STARLINK-5151,28687.954,32404.720,3716.767,
Contact STARLINK-3836 - STARLINK-5151,42894.400,43756.163,861.763,
Contact STARLINK-3836 - STARLINK-5151,57104.794,57941.734,836.940,
Contact STARLINK-3836 - STARLINK-5151,71322.188,72119.873,797.685,
Contact STARLINK-3836 - STARLINK-5151,82699.508,83459.140,759.632,
Contact STARLINK-3836 - STARLINK-31463,71740.778,72299.367,558.589,
Contact STARLINK-3836 - STARLINK-31463,85786.873,86400.000,613.127,
Contact STARLINK-3836 - MoonARTEMIS1,0.000,13618.260,13618.260,
Contact STARLINK-3836 - MoonARTEMIS1,14591.725,24991.761,10400.036,
Contact STARLINK-3836 - MoonARTEMIS1,26226.303,30684.801,4458.498,
Contact STARLINK-3836 - MoonARTEMIS1,34014.018,42077.657,8063.640,
Contact STARLINK-3836 - MoonARTEMIS1,43444.473,53474.077,10029.604,
Contact STARLINK-3836 - MoonARTEMIS1,54916.719,70574.491,15657.771,
Contact STARLINK-3836 - MoonARTEMIS1,72140.725,81978.484,9837.759,
Contact STARLINK-3836 - MoonARTEMIS1,83625.459,86400.000,2774.541,
Contact STARLINK-3836 - MoonARTEMIS2,0.000,13618.512,13618.512,
Contact STARLINK-3836 - MoonARTEMIS2,14841.210,25001.565,10160.355,
Contact STARLINK-3836 - MoonARTEMIS2,26335.890,42079.864,15743.974,
Contact STARLINK-3836 - MoonARTEMIS2,43511.475,47371.433,3859.958,
Contact STARLINK-3836 - MoonARTEMIS2,55032.860,70601.520,15568.661,
Contact STARLINK-3836 - MoonARTEMIS2,72294.962,82010.230,9715.267,
Contact STARLINK-3836 - MoonARTEMIS2,83774.592,86400.000,2625.408,
Contact STARLINK-3836 - MoonIOAGEO,0.000,13067.692,13067.692,
Contact STARLINK-3836 - MoonIOAGEO,17105.342,24985.084,7879.742,
Contact STARLINK-3836 - MoonIOAGEO,26282.506,42080.155,15797.649,
Contact STARLINK-3836 - MoonIOAGEO,43479.795,53481.178,10001.383,
Contact STARLINK-3836 - MoonIOAGEO,61389.862,70582.763,9192.901,
Contact STARLINK-3836 - MoonIOAGEO,72257.752,81986.437,9728.685,
Contact STARLINK-3836 - MoonIOAGEO,83695.783,86400.000,2704.217,
Contact STARLINK-3836 - MoonIOAGNO,0.000,13631.656,13631.656,
Contact STARLINK-3836 - MoonIOAGNO,14725.030,25055.233,10330.204,
Contact STARLINK-3836 - MoonIOAGNO,26229.340,42104.133,15874.793,
Contact STARLINK-3836 - MoonIOAGNO,43476.019,53478.972,10002.953,
Contact STARLINK-3836 - MoonIOAGNO,55031.783,70623.349,15591.566,
Contact STARLINK-3836 - MoonIOAGNO,72242.359,82011.431,9769.072,
Contact STARLINK-3836 - MoonIOAGNO,83692.355,86400.000,2707.645,
Contact STARLINK-3836 - MoonIOAGNO 0001,0.000,13682.594,13682.594,
Contact STARLINK-3836 - MoonIOAGNO 0001,14632.119,24995.509,10363.389,
Contact STARLINK-3836 - MoonIOAGNO 0001,26203.134,42124.762,15921.628,
Contact STARLINK-3836 - MoonIOAGNO 0001,43528.678,53523.755,9995.076,
Contact STARLINK-3836 - MoonIOAGNO 0001,54999.715,70574.999,15575.284,
Contact STARLINK-3836 - MoonIOAGNO 0001,72224.537,82014.680,9790.142,
Contact STARLINK-3836 - MoonIOAGNO 0001,83731.194,86400.000,2668.806,
Contact STARLINK-3836 - MoonIOAGSO,0.000,7943.974,7943.974,
Contact STARLINK-3836 - MoonIOAGSO,14719.533,24926.718,10207.185,
Contact STARLINK-3836 - MoonIOAGSO,26270.793,42055.883,15785.090,
Contact STARLINK-3836 - MoonIOAGSO,43521.524,52208.202,8686.678,
Contact STARLINK-3836 - MoonIOAGSO,55058.001,70543.525,15485.525,
Contact STARLINK-3836 - MoonIOAGSO,72238.646,81963.668,9725.022,
Contact STARLINK-3836 - MoonIOAGSO,83710.583,86400.000,2689.417,
Contact STARLINK-3836 - MoonIOAGSO 0001,0.000,13540.165,13540.165,
Contact STARLINK-3836 - MoonIOAGSO 0001,14737.413,24986.769,10249.356,
Contact STARLINK-3836 - MoonIOAGSO 0001,26235.757,30552.304,4316.546,
Contact STARLINK-3836 - MoonIOAGSO 0001,33316.540,42034.987,8718.448,
Contact STARLINK-3836 - MoonIOAGSO 0001,43526.559,53435.163,9908.603,
Contact STARLINK-3836 - MoonIOAGSO 0001,55021.668,70590.288,15568.620,
Contact STARLINK-3836 - MoonIOAGSO 0001,77966.024,81963.121,3997.096,
Contact STARLINK-3836 - MoonIOAGSO 0001,83702.593,86400.000,2697.407,
Contact STARLINK-3836 - MoonLRO,0.000,10771.463,10771.463,
Contact STARLINK-3836 - MoonLRO,20488.702,24481.278,3992.576,
Contact STARLINK-3836 - MoonLRO,27293.846,30697.568,3403.722,
Contact STARLINK-3836 - MoonLRO,34129.321,38121.245,3991.924,
Contact STARLINK-3836 - MoonLRO,49263.576,51791.481,2527.905,
Contact STARLINK-3836 - MoonLRO,55004.969,58653.839,3648.870,
Contact STARLINK-3836 - MoonLRO,61426.972,70585.359,9158.387,
Contact STARLINK-3836 - MoonLRO,75117.369,76279.233,1161.864,
Contact STARLINK-3836 - MarsSat1,0.000,2284.596,2284.596,
Contact STARLINK-3836 - MarsSat1,4416.810,13696.535,9279.725,
Contact STARLINK-3836 - MarsSat1,15828.874,25108.467,9279.593,
Contact STARLINK-3836 - MarsSat1,27240.862,30814.431,3573.569,
Contact STARLINK-3836 - MarsSat1,32946.829,42226.360,9279.531,
Contact STARLINK-3836 - MarsSat1,44358.714,53638.303,9279.589,
Contact STARLINK-3836 - MarsSat1,55770.546,59344.282,3573.736,
Contact STARLINK-3836 - MarsSat1,61476.446,70756.261,9279.815,
Contact STARLINK-3836 - MarsSat1,72888.213,82168.264,9280.051,
Contact STARLINK-3836 - MarsSat1,84299.933,86400.000,2100.067,
Contact STARLINK-3836 - MarsSat2,0.000,2284.573,2284.573,
Contact STARLINK-3836 - MarsSat2,4416.795,13696.551,9279.756,
Contact STARLINK-3836 - MarsSat2,15828.896,25108.513,9279.617,
Contact STARLINK-3836 - MarsSat2,27240.912,30814.489,3573.577,
Contact STARLINK-3836 - MarsSat2,32946.891,42226.439,9279.548,
Contact STARLINK-3836 - MarsSat2,44358.796,53638.390,9279.594,
Contact STARLINK-3836 - MarsSat2,55770.634,59344.368,3573.734,
Contact STARLINK-3836 - MarsSat2,61476.529,70756.329,9279.800,
Contact STARLINK-3836 - MarsSat2,72888.274,82168.300,9280.026,
Contact STARLINK-3836 - MarsSat2,84299.959,86400.000,2100.041,
Contact STARLINK-3836 - MarsSat3,0.000,2284.534,2284.534,
Contact STARLINK-3836 - MarsSat3,4416.744,13696.466,9279.722,
Contact STARLINK-3836 - MarsSat3,15828.812,25108.459,9279.647,
Contact STARLINK-3836 - MarsSat3,27240.868,30814.459,3573.591,
Contact STARLINK-3836 - MarsSat3,32946.868,42226.434,9279.566,
Contact STARLINK-3836 - MarsSat3,44358.793,53638.384,9279.592,
Contact STARLINK-3836 - MarsSat3,55770.625,59344.355,3573.729,
Contact STARLINK-3836 - MarsSat3,61476.512,70756.293,9279.782,
Contact STARLINK-3836 - MarsSat3,72888.233,82168.241,9280.008,
Contact STARLINK-3836 - MarsSat3,84299.896,86400.000,2100.104,
Contact STARLINK-3836 - MarsSat4,0.000,2284.621,2284.621,
Contact STARLINK-3836 - MarsSat4,4416.828,7990.560,3573.732,
Contact STARLINK-3836 - MarsSat4,15828.827,25108.467,9279.640,
Contact STARLINK-3836 - MarsSat4,27240.872,30814.455,3573.583,
Contact STARLINK-3836 - MarsSat4,32946.858,41360.071,8413.213,
Contact STARLINK-3836 - MarsSat4,44358.707,53638.323,9279.616,
Contact STARLINK-3836 - MarsSat4,55770.580,59344.333,3573.753,
Contact STARLINK-3836 - MarsSat4,61476.503,70756.305,9279.802,
Contact STARLINK-3836 - MarsSat4,75534.667,82168.248,6633.581,
Contact STARLINK-3836 - MarsSat4,84299.921,86400.000,2100.079,
Contact STARLINK-2071 - STARLINK-5501,32309.512,32465.838,156.326,
Contact STARLINK-2071 - STARLINK-5501,46549.855,46905.426,355.570,
Contact STARLINK-2071 - STARLINK-5501,60844.994,61289.967,444.972,
Contact STARLINK-2071 - STARLINK-5501,75133.767,75680.941,547.174,
Contact STARLINK-2071 - STARLINK-5562,3377.879,4172.945,795.066,
Contact STARLINK-2071 - STARLINK-5562,17700.562,18515.128,814.566,
Contact STARLINK-2071 - STARLINK-5562,32036.655,32845.394,808.739,
Contact STARLINK-2071 - STARLINK-5562,46363.556,47183.277,819.720,
Contact STARLINK-2071 - STARLINK-5562,60702.700,61510.380,807.681,
Contact STARLINK-2071 - STARLINK-5562,75033.197,75844.611,811.414,
Contact STARLINK-2071 - STARLINK-31217,3115.620,3775.246,659.626,
Contact STARLINK-2071 - STARLINK-31217,11226.234,21267.382,10041.148,
Contact STARLINK-2071 - STARLINK-31217,22240.889,35537.325,13296.436,
Contact STARLINK-2071 - STARLINK-31217,36236.958,46688.107,10451.150,
Contact STARLINK-2071 - STARLINK-31217,50556.750,60407.365,9850.614,
Contact STARLINK-2071 - STARLINK-5905,0.000,673.182,673.182,
Contact STARLINK-2071 - STARLINK-5905,14134.912,14927.299,792.387,
Contact STARLINK-2071 - STARLINK-5905,28465.266,29190.146,724.881,
Contact STARLINK-2071 - STARLINK-5905,42817.007,43430.919,613.912,
Contact STARLINK-2071 - STARLINK-5905,57162.441,57678.658,516.217,
Contact STARLINK-2071 - STARLINK-30214,666.443,7807.295,7140.852,
Contact STARLINK-2071 - STARLINK-30214,14984.480,22124.184,7139.704,
Contact STARLINK-2071 - STARLINK-30214,29300.747,36441.087,7140.340,
Contact STARLINK-2071 - STARLINK-30214,43647.326,50729.452,7082.126,
Contact STARLINK-2071 - STARLINK-30214,60872.524,65018.591,4146.068,
Contact STARLINK-2071 - STARLINK-30214,75233.760,82137.470,6903.710,
Contact STARLINK-2071 - STARLINK-30190,0.000,6471.047,6471.047,
Contact STARLINK-2071 - STARLINK-30190,14022.289,15027.499,1005.210,
Contact STARLINK-2071 - STARLINK-30190,28539.039,29260.908,721.869,
Contact STARLINK-2071 - STARLINK-4651,25121.887,25226.452,104.564,
Contact STARLINK-2071 - STARLINK-31617,0.000,24815.382,24815.382,
Contact STARLINK-2071 - STARLINK-5765,7180.114,7715.253,535.139,
Contact STARLINK-2071 - STARLINK-32235,0.000,12232.225,12232.225,
Contact STARLINK-2071 - STARLINK-11266 [DTC],40249.893,86400.000,46150.107,
Contact STARLINK-2071 - STARLINK-30355,0.000,2891.241,2891.241,
Contact STARLINK-2071 - STARLINK-30355,3916.409,11003.372,7086.963,
Contact STARLINK-2071 - STARLINK-2602,13995.741,14805.452,809.711,
Contact STARLINK-2071 - STARLINK-2602,25199.581,28936.411,3736.830,
Contact STARLINK-2071 - STARLINK-2602,39276.007,40176.429,900.422,
Contact STARLINK-2071 - STARLINK-2602,53451.315,54142.167,690.852,
Contact STARLINK-2071 - STARLINK-4617,78869.406,79769.368,899.962,
Contact STARLINK-2071 - STARLINK-30472,46760.787,47059.670,298.883,
Contact STARLINK-2071 - STARLINK-30472,60995.041,61418.063,423.021,
Contact STARLINK-2071 - STARLINK-30472,75231.661,75773.763,542.102,
Contact STARLINK-2071 - STARLINK-30825,0.000,69.088,69.088,
Contact STARLINK-2071 - STARLINK-31627,656.760,7665.181,7008.421,
Contact STARLINK-2071 - STARLINK-31627,17656.284,24692.694,7036.410,
Contact STARLINK-2071 - STARLINK-31627,31867.183,38837.913,6970.730,
Contact STARLINK-2071 - STARLINK-31627,46094.365,47322.631,1228.266,
Contact STARLINK-2071 - STARLINK-31627,57507.413,61413.422,3906.009,
Contact STARLINK-2071 - STARLINK-31627,71821.616,72662.606,840.990,
Contact STARLINK-2071 - STARLINK-31627,86188.353,86400.000,211.647,
Contact STARLINK-2071 - STARLINK-4413,10511.612,11251.824,740.212,
Contact STARLINK-2071 - STARLINK-4413,24840.292,25582.331,742.039,
Contact STARLINK-2071 - STARLINK-4413,39165.520,39917.088,751.568,
Contact STARLINK-2071 - STARLINK-4413,53495.184,54246.623,751.439,
Contact STARLINK-2071 - STARLINK-4413,67820.079,68581.677,761.598,
Contact STARLINK-2071 - STARLINK-4413,82150.854,82910.117,759.264,
Contact STARLINK-2071 - STARLINK-32094,83665.501,86400.000,2734.499,
Contact STARLINK-2071 - STARLINK-4127,7194.225,7868.389,674.164,
Contact STARLINK-2071 - STARLINK-4127,21470.105,22163.302,693.197,
Contact STARLINK-2071 - STARLINK-4127,35744.058,36460.428,716.370,
Contact STARLINK-2071 - STARLINK-4127,50020.965,50754.307,733.342,
Contact STARLINK-2071 - STARLINK-4127,64296.217,65050.091,753.873,
Contact STARLINK-2071 - STARLINK-4127,78574.070,79343.015,768.945,
Contact STARLINK-2071 - STARLINK-6372,6689.983,7923.214,1233.230,
Contact STARLINK-2071 - STARLINK-6372,21076.515,22144.559,1068.044,
Contact STARLINK-2071 - STARLINK-6372,35449.588,36375.225,925.637,
Contact STARLINK-2071 - STARLINK-6372,49878.030,50554.554,676.524,
Contact STARLINK-2071 - STARLINK-30425,3565.539,7279.973,3714.433,
Contact STARLINK-2071 - STARLINK-30425,17848.598,18368.200,519.602,
Contact STARLINK-2071 - STARLINK-4772,0.000,6496.047,6496.047,
Contact STARLINK-2071 - STARLINK-4772,13845.140,15034.112,1188.973,
Contact STARLINK-2071 - STARLINK-4772,28079.644,29278.493,1198.849,
Contact STARLINK-2071 - STARLINK-4772,36631.977,43507.654,6875.677,
Contact STARLINK-2071 - STARLINK-4772,53726.807,57746.468,4019.661,
Contact STARLINK-2071 - STARLINK-4772,67968.961,69130.510,1161.548,
Contact STARLINK-2071 - STARLINK-4772,82227.227,83351.575,1124.348,
Contact STARLINK-2071 - STARLINK-31919,71307.204,72098.218,791.014,
Contact STARLINK-2071 - STARLINK-31919,82470.947,83535.236,1064.289,
Contact STARLINK-2071 - STARLINK-31600,82325.637,82861.234,535.596,
Contact STARLINK-2071 - STARLINK-4687,0.000,196.424,196.424,
Contact STARLINK-2071 - STARLINK-4687,13725.875,14484.866,758.991,
Contact STARLINK-2071 - STARLINK-4687,25135.666,25922.499,786.833,
Contact STARLINK-2071 - STARLINK-4687,39389.801,40227.287,837.485,
Contact STARLINK-2071 - STARLINK-4687,53662.859,54513.824,850.966,
Contact STARLINK-2071 - STARLINK-4687,67919.237,68816.356,897.119,
Contact STARLINK-2071 - STARLINK-4687,82193.411,83101.732,908.321,
Contact STARLINK-2071 - STARLINK-5978,85998.236,86400.000,401.764,
Contact STARLINK-2071 - STARLINK-31502,0.000,342.838,342.838,
Contact STARLINK-2071 - STARLINK-31502,10697.826,14505.402,3807.575,
Contact STARLINK-2071 - STARLINK-31502,24831.368,25806.266,974.899,
Contact STARLINK-2071 - STARLINK-31502,39002.627,39895.650,893.023,
Contact STARLINK-2071 - STARLINK-31502,50377.743,51129.726,751.983,
Contact STARLINK-2071 - STARLINK-31502,64671.929,65098.043,426.114,
Contact STARLINK-2071 - STARLINK-4631,0.000,274.346,274.346,
Contact STARLINK-2071 - STARLINK-4631,10780.225,14555.187,3774.962,
Contact STARLINK-2071 - STARLINK-4631,25056.552,28848.088,3791.536,
Contact STARLINK-2071 - STARLINK-4631,39320.480,40277.140,956.659,
Contact STARLINK-2071 - STARLINK-4631,53597.412,54557.069,959.657,
Contact STARLINK-2071 - STARLINK-4631,67862.219,68848.702,986.484,
Contact STARLINK-2071 - STARLINK-4631,82139.745,83127.993,988.248,
Contact STARLINK-2071 - STARLINK-5807,61127.393,61673.607,546.213,
Contact STARLINK-2071 - STARLINK-5807,75426.748,76036.649,609.900,
Contact STARLINK-2071 - STARLINK-31722,0.000,60218.881,60218.881,
Contact STARLINK-2071 - STARLINK-1581,0.000,64455.979,64455.979,
Contact STARLINK-2071 - STARLINK-1581,65444.574,72618.499,7173.925,
Contact STARLINK-2071 - STARLINK-4290,6951.547,7366.983,415.437,
Contact STARLINK-2071 - STARLINK-4290,21160.961,21669.854,508.892,
Contact STARLINK-2071 - STARLINK-4290,35314.525,36026.442,711.918,
Contact STARLINK-2071 - STARLINK-4290,46674.266,47475.650,801.384,
Contact STARLINK-2071 - STARLINK-4290,60903.908,61758.289,854.381,
Contact STARLINK-2071 - STARLINK-4290,75089.996,76082.226,992.230,
Contact STARLINK-2071 - STARLINK-3167,10640.262,11319.522,679.261,
Contact STARLINK-2071 - STARLINK-3167,24916.659,25502.729,586.070,
Contact STARLINK-2071 - STARLINK-3167,39190.251,39688.216,497.966,
Contact STARLINK-2071 - STARLINK-5049,0.000,361.158,361.158,
Contact STARLINK-2071 - STARLINK-5049,13802.888,14636.978,834.090,
Contact STARLINK-2071 - STARLINK-5049,28135.733,28915.499,779.766,
Contact STARLINK-2071 - STARLINK-5049,53959.363,54591.927,632.564,
Contact STARLINK-2071 - STARLINK-5049,68309.700,68852.953,543.253,
Contact STARLINK-2071 - STARLINK-5049,82684.514,83089.252,404.738,
Contact STARLINK-2071 - MoonARTEMIS1,864.404,10148.840,9284.436,
Contact STARLINK-2071 - MoonARTEMIS1,12299.997,15872.367,3572.370,
Contact STARLINK-2071 - MoonARTEMIS1,23739.233,27326.859,3587.626,
Contact STARLINK-2071 - MoonARTEMIS1,35167.703,38754.511,3586.808,
Contact STARLINK-2071 - MoonARTEMIS1,40876.069,50181.711,9305.642,
Contact STARLINK-2071 - MoonARTEMIS1,52297.957,55898.106,3600.149,
Contact STARLINK-2071 - MoonARTEMIS1,58010.434,67335.299,9324.865,
Contact STARLINK-2071 - MoonARTEMIS1,69437.601,78778.173,9340.573,
Contact STARLINK-2071 - MoonARTEMIS1,80867.349,84501.863,3634.514,
Contact STARLINK-2071 - MoonARTEMIS2,915.159,10206.833,9291.674,
Contact STARLINK-2071 - MoonARTEMIS2,12342.031,15923.402,3581.371,
Contact STARLINK-2071 - MoonARTEMIS2,18054.367,27353.803,9299.436,
Contact STARLINK-2071 - MoonARTEMIS2,29476.172,38777.625,9301.453,
Contact STARLINK-2071 - MoonARTEMIS2,40891.654,47447.170,6555.517,
Contact STARLINK-2071 - MoonARTEMIS2,52321.013,55942.725,3621.712,
Contact STARLINK-2071 - MoonARTEMIS2,58042.639,67402.521,9359.882,
Contact STARLINK-2071 - MoonARTEMIS2,69481.961,78859.546,9377.585,
Contact STARLINK-2071 - MoonARTEMIS2,80918.072,84587.502,3669.430,
Contact STARLINK-2071 - MoonIOAGEO,878.248,10164.255,9286.007,
Contact STARLINK-2071 - MoonIOAGEO,18030.555,27336.756,9306.201,
Contact STARLINK-2071 - MoonIOAGEO,29463.043,38763.830,9300.787,
Contact STARLINK-2071 - MoonIOAGEO,40883.647,50197.855,9314.207,
Contact STARLINK-2071 - MoonIOAGEO,52311.265,55924.865,3613.600,
Contact STARLINK-2071 - MoonIOAGEO,63749.521,67384.302,3634.781,
Contact STARLINK-2071 - MoonIOAGEO,69466.601,78822.340,9355.738,
Contact STARLINK-2071 - MoonIOAGEO,80890.139,84535.590,3645.451,
Contact STARLINK-2071 - MoonIOAGNO,882.522,10174.734,9292.211,
Contact STARLINK-2071 - MoonIOAGNO,12323.061,15904.317,3581.255,
Contact STARLINK-2071 - MoonIOAGNO,18046.216,27341.201,9294.985,
Contact STARLINK-2071 - MoonIOAGNO,29474.904,38767.944,9293.041,
Contact STARLINK-2071 - MoonIOAGNO,40891.182,50201.481,9310.299,
Contact STARLINK-2071 - MoonIOAGNO,52315.410,55942.423,3627.013,
Contact STARLINK-2071 - MoonIOAGNO,58046.536,67390.043,9343.508,
Contact STARLINK-2071 - MoonIOAGNO,69481.864,78822.983,9341.119,
Contact STARLINK-2071 - MoonIOAGNO,80900.747,84538.052,3637.305,
Contact STARLINK-2071 - MoonIOAGNO 0001,902.901,10180.050,9277.149,
Contact STARLINK-2071 - MoonIOAGNO 0001,12325.964,15892.027,3566.063,
Contact STARLINK-2071 - MoonIOAGNO 0001,18033.647,27318.890,9285.243,
Contact STARLINK-2071 - MoonIOAGNO 0001,29452.618,38784.080,9331.462,
Contact STARLINK-2071 - MoonIOAGNO 0001,40906.564,50221.222,9314.658,
Contact STARLINK-2071 - MoonIOAGNO 0001,52333.767,55935.898,3602.131,
Contact STARLINK-2071 - MoonIOAGNO 0001,58042.393,67364.444,9322.051,
Contact STARLINK-2071 - MoonIOAGNO 0001,69454.151,78834.861,9380.710,
Contact STARLINK-2071 - MoonIOAGNO 0001,80908.440,84561.516,3653.076,
Contact STARLINK-2071 - MoonIOAGSO,880.578,8855.205,7974.627,
Contact STARLINK-2071 - MoonIOAGSO,12309.125,15882.611,3573.486,
Contact STARLINK-2071 - MoonIOAGSO,23728.033,27318.083,3590.050,
Contact STARLINK-2071 - MoonIOAGSO,29442.540,38762.019,9319.479,
Contact STARLINK-2071 - MoonIOAGSO,40879.622,50210.377,9330.755,
Contact STARLINK-2071 - MoonIOAGSO,58021.617,67366.276,9344.659,
Contact STARLINK-2071 - MoonIOAGSO,69443.477,78815.474,9371.997,
Contact STARLINK-2071 - MoonIOAGSO,80878.671,84542.002,3663.331,
Contact STARLINK-2071 - MoonIOAGSO 0001,870.297,10160.596,9290.299,
Contact STARLINK-2071 - MoonIOAGSO 0001,12300.695,15881.779,3581.084,
Contact STARLINK-2071 - MoonIOAGSO 0001,18019.727,27328.909,9309.182,
Contact STARLINK-2071 - MoonIOAGSO 0001,35165.342,38760.409,3595.066,
Contact STARLINK-2071 - MoonIOAGSO 0001,40873.515,50200.635,9327.120,
Contact STARLINK-2071 - MoonIOAGSO 0001,52300.881,55923.771,3622.889,
Contact STARLINK-2071 - MoonIOAGSO 0001,58018.947,67374.022,9355.076,
Contact STARLINK-2071 - MoonIOAGSO 0001,69462.975,73096.786,3633.811,
Contact STARLINK-2071 - MoonIOAGSO 0001,80878.258,84536.279,3658.021,
Contact STARLINK-2071 - MoonLRO,880.625,10173.514,9292.888,
Contact STARLINK-2071 - MoonLRO,13654.408,15890.259,2235.851,
Contact STARLINK-2071 - MoonLRO,20507.475,21605.612,1098.137,
Contact STARLINK-2071 - MoonLRO,35169.207,38149.180,2979.973,
Contact STARLINK-2071 - MoonLRO,40947.820,44490.898,3543.078,
Contact STARLINK-2071 - MoonLRO,63747.967,65476.650,1728.683,
Contact STARLINK-2071 - MoonLRO,69457.908,78821.923,9364.015,
Contact STARLINK-2071 - MoonLRO,81914.022,84545.717,2631.695,
Contact STARLINK-2071 - MarsSat1,0.000,17670.412,17670.412,
Contact STARLINK-2071 - MarsSat1,18627.908,46244.818,27616.910,
Contact STARLINK-2071 - MarsSat1,47241.711,74814.204,27572.493,
Contact STARLINK-2071 - MarsSat1,75856.461,86240.938,10384.477,
Contact STARLINK-2071 - MarsSat2,0.000,17670.160,17670.160,
Contact STARLINK-2071 - MarsSat2,18627.989,46244.352,27616.362,
Contact STARLINK-2071 - MarsSat2,47241.960,74814.285,27572.324,
Contact STARLINK-2071 - MarsSat2,75856.741,86241.169,10384.429,
Contact STARLINK-2071 - MarsSat3,0.000,17670.457,17670.457,
Contact STARLINK-2071 - MarsSat3,18627.683,46244.482,27616.799,
Contact STARLINK-2071 - MarsSat3,47241.988,74814.474,27572.485,
Contact STARLINK-2071 - MarsSat3,75856.605,86241.320,10384.714,
Contact STARLINK-2071 - MarsSat4,0.000,9030.895,9030.895,
Contact STARLINK-2071 - MarsSat4,12905.154,17670.455,4765.301,
Contact STARLINK-2071 - MarsSat4,18627.741,46244.657,27616.917,
Contact STARLINK-2071 - MarsSat4,47241.611,73689.547,26447.936,
Contact STARLINK-2071 - MarsSat4,75856.536,86241.094,10384.558,
Contact STARLINK-4640 - STARLINK-4347,7177.388,11011.963,3834.575,
Contact STARLINK-4640 - STARLINK-4347,21491.155,25335.814,3844.659,
Contact STARLINK-4640 - STARLINK-4347,35798.305,39637.328,3839.023,
Contact STARLINK-4640 - STARLINK-4347,50127.276,51078.936,951.660,
Contact STARLINK-4640 - STARLINK-4347,64448.740,65381.650,932.911,
Contact STARLINK-4640 - STARLINK-4347,78791.362,79663.665,872.304,
Contact STARLINK-4640 - STARLINK-5501,6915.754,13935.989,7020.235,
Contact STARLINK-4640 - STARLINK-5501,21122.893,28366.968,7244.075,
Contact STARLINK-4640 - STARLINK-5501,35343.700,42768.504,7424.804,
Contact STARLINK-4640 - STARLINK-5501,43922.020,57103.044,13181.024,
Contact STARLINK-4640 - STARLINK-5501,58222.628,71396.550,13173.922,
Contact STARLINK-4640 - STARLINK-5501,72608.134,79936.043,7327.909,
Contact STARLINK-4640 - STARLINK-5562,10189.387,11206.180,1016.793,
Contact STARLINK-4640 - STARLINK-5562,24486.956,25547.859,1060.904,
Contact STARLINK-4640 - STARLINK-5562,35939.687,39862.909,3923.222,
Contact STARLINK-4640 - STARLINK-5562,50274.992,54179.995,3905.003,
Contact STARLINK-4640 - STARLINK-5562,64607.868,68468.394,3860.526,
Contact STARLINK-4640 - STARLINK-5562,78972.735,79894.096,921.362,
Contact STARLINK-4640 - STARLINK-5335,0.000,589.952,589.952,
Contact STARLINK-4640 - STARLINK-5335,14150.928,14902.932,752.003,
Contact STARLINK-4640 - STARLINK-5335,28402.025,29208.960,806.935,
Contact STARLINK-4640 - STARLINK-5335,42655.702,43512.395,856.693,
Contact STARLINK-4640 - STARLINK-5335,56914.809,57810.375,895.566,
Contact STARLINK-4640 - STARLINK-5335,68324.158,72105.946,3781.788,
Contact STARLINK-4640 - STARLINK-5335,82588.500,83539.293,950.793,
Contact STARLINK-4640 - STARLINK-5698,0.000,86400.000,86400.000,
Contact STARLINK-4640 - STARLINK-31933,39492.136,46434.970,6942.834,
Contact STARLINK-4640 - STARLINK-31933,47547.851,86400.000,38852.149,
Contact STARLINK-4640 - STARLINK-32211,0.000,25335.186,25335.186,
Contact STARLINK-4640 - STARLINK-4621,0.000,438.922,438.922,
Contact STARLINK-4640 - STARLINK-4621,13977.441,14743.036,765.595,
Contact STARLINK-4640 - STARLINK-4621,28286.040,29041.011,754.971,
Contact STARLINK-4640 - STARLINK-4621,42588.891,43343.576,754.685,
Contact STARLINK-4640 - STARLINK-4621,56897.552,57641.451,743.899,
Contact STARLINK-4640 - STARLINK-4621,68342.461,69081.293,738.832,
Contact STARLINK-4640 - STARLINK-4621,82646.993,83382.083,735.090,
Contact STARLINK-4640 - STARLINK-30312,0.000,21029.403,21029.403,
Contact STARLINK-4640 - STARLINK-30312,21617.608,32341.952,10724.344,
Contact STARLINK-4640 - STARLINK-30312,36018.007,46476.845,10458.839,
Contact STARLINK-4640 - STARLINK-30312,53322.456,60625.055,7302.599,
Contact STARLINK-4640 - STARLINK-30312,67777.830,69085.701,1307.870,
Contact STARLINK-4640 - STARLINK-30312,82214.688,83201.805,987.117,
Contact STARLINK-4640 - STARLINK-5250,0.000,298.125,298.125,
Contact STARLINK-4640 - STARLINK-5250,10674.946,14572.169,3897.224,
Contact STARLINK-4640 - STARLINK-5250,24920.234,28833.592,3913.357,
Contact STARLINK-4640 - STARLINK-5250,39178.270,40246.433,1068.163,
Contact STARLINK-4640 - STARLINK-5250,53425.980,54516.966,1090.986,
Contact STARLINK-4640 - STARLINK-5250,67686.275,68775.217,1088.943,
Contact STARLINK-4640 - STARLINK-5250,79090.775,83043.326,3952.551,
Contact STARLINK-4640 - STARLINK-3081,17358.109,86400.000,69041.891,
Contact STARLINK-4640 - STARLINK-30611,0.000,467.212,467.212,
Contact STARLINK-4640 - STARLINK-30611,14234.967,14526.839,291.872,
Contact STARLINK-4640 - STARLINK-5215,39493.290,39880.843,387.552,
Contact STARLINK-4640 - STARLINK-5215,53722.069,54149.829,427.760,
Contact STARLINK-4640 - STARLINK-5215,67964.942,68404.153,439.211,
Contact STARLINK-4640 - STARLINK-32081,10443.267,10875.752,432.486,
Contact STARLINK-4640 - STARLINK-1301,86360.341,86400.000,39.659,
Contact STARLINK-4640 - STARLINK-31617,71797.378,72325.667,528.289,
Contact STARLINK-4640 - STARLINK-31617,85812.202,86400.000,587.798,
Contact STARLINK-4640 - STARLINK-2751,82647.427,83128.269,480.842,
Contact STARLINK-4640 - STARLINK-32235,57141.837,57879.263,737.426,
Contact STARLINK-4640 - STARLINK-32235,68329.594,69175.758,846.163,
Contact STARLINK-4640 - STARLINK-32235,82369.826,83240.562,870.736,
Contact STARLINK-4640 - STARLINK-6044,3598.505,4218.915,620.410,
Contact STARLINK-4640 - STARLINK-6044,17859.801,18590.707,730.905,
Contact STARLINK-4640 - STARLINK-6044,32141.615,32941.280,799.665,
Contact STARLINK-4640 - STARLINK-6044,46422.749,47293.036,870.287,
Contact STARLINK-4640 - STARLINK-6044,60722.104,61625.884,903.779,
Contact STARLINK-4640 - STARLINK-6044,75020.014,75960.700,940.686,
Contact STARLINK-4640 - STARLINK-4617,3327.561,3914.689,587.129,
Contact STARLINK-4640 - STARLINK-4617,17644.369,18219.571,575.202,
Contact STARLINK-4640 - STARLINK-4617,31962.732,32521.925,559.192,
Contact STARLINK-4640 - STARLINK-4617,46276.719,46829.556,552.837,
Contact STARLINK-4640 - STARLINK-4617,86355.796,86400.000,44.204,
Contact STARLINK-4640 - STARLINK-30472,6682.965,13807.800,7124.834,
Contact STARLINK-4640 - STARLINK-30472,21031.247,22330.885,1299.638,
Contact STARLINK-4640 - STARLINK-30472,35374.636,36552.229,1177.593,
Contact STARLINK-4640 - STARLINK-30472,49751.729,50737.859,986.130,
Contact STARLINK-4640 - STARLINK-30472,64128.730,64925.690,796.961,
Contact STARLINK-4640 - STARLINK-30196,3198.649,4001.605,802.956,
Contact STARLINK-4640 - STARLINK-30196,17440.720,18291.527,850.806,
Contact STARLINK-4640 - STARLINK-30196,31691.665,32572.484,880.819,
Contact STARLINK-4640 - STARLINK-30196,43091.468,46857.557,3766.089,
Contact STARLINK-4640 - STARLINK-30196,57340.087,58281.512,941.425,
Contact STARLINK-4640 - STARLINK-30196,71596.895,72556.503,959.608,
Contact STARLINK-4640 - STARLINK-30196,85849.626,86400.000,550.374,
Contact STARLINK-4640 - STARLINK-31627,75375.381,76019.291,643.909,
Contact STARLINK-4640 - STARLINK-3182,84684.284,86400.000,1715.716,
Contact STARLINK-4640 - STARLINK-31827,28460.092,29167.534,707.442,
Contact STARLINK-4640 - STARLINK-31827,42495.958,43388.343,892.386,
Contact STARLINK-4640 - STARLINK-31827,53756.653,54732.449,975.796,
Contact STARLINK-4640 - STARLINK-31827,67866.660,68877.987,1011.328,
Contact STARLINK-4640 - STARLINK-31827,79174.130,83000.765,3826.635,
Contact STARLINK-4640 - STARLINK-31800,3510.919,7213.629,3702.710,
Contact STARLINK-4640 - STARLINK-31800,17806.851,18340.292,533.441,
Contact STARLINK-4640 - STARLINK-31987,28372.099,28937.204,565.105,
Contact STARLINK-4640 - STARLINK-31987,39568.887,43251.951,3683.064,
Contact STARLINK-4640 - STARLINK-31987,53611.433,54653.543,1042.110,
Contact STARLINK-4640 - STARLINK-31987,67706.375,68865.964,1159.589,
Contact STARLINK-4640 - STARLINK-31987,78998.828,83061.414,4062.586,
Contact STARLINK-4640 - STARLINK-6311,14258.061,14978.956,720.894,
Contact STARLINK-4640 - STARLINK-6311,28505.230,29281.936,776.706,
Contact STARLINK-4640 - STARLINK-6311,42756.312,43581.011,824.699,
Contact STARLINK-4640 - STARLINK-6311,57010.645,57876.787,866.142,
Contact STARLINK-4640 - STARLINK-6311,71268.471,72169.025,900.555,
Contact STARLINK-4640 - STARLINK-6311,82676.816,86400.000,3723.184,
Contact STARLINK-4640 - STARLINK-2228,2966.201,3637.967,671.766,
Contact STARLINK-4640 - STARLINK-2228,14117.934,14972.087,854.153,
Contact STARLINK-4640 - STARLINK-2228,28136.281,29059.330,923.049,
Contact STARLINK-4640 - STARLINK-2228,39402.538,40277.604,875.065,
Contact STARLINK-4640 - STARLINK-2228,53555.163,54231.913,676.750,
Contact STARLINK-4640 - STARLINK-1736,3506.556,7239.711,3733.155,
Contact STARLINK-4640 - STARLINK-1736,17655.799,18549.993,894.194,
Contact STARLINK-4640 - STARLINK-1736,31826.448,32671.320,844.872,
Contact STARLINK-4640 - STARLINK-1736,43172.155,43959.079,786.924,
Contact STARLINK-4640 - STARLINK-1736,57367.555,58055.326,687.771,
Contact STARLINK-4640 - STARLINK-1736,71592.663,72122.516,529.853,
Contact STARLINK-4640 - STARLINK-30425,21128.740,22063.126,934.386,
Contact STARLINK-4640 - STARLINK-30425,32336.662,36187.881,3851.219,
Contact STARLINK-4640 - STARLINK-30425,46417.358,47420.950,1003.592,
Contact STARLINK-4640 - STARLINK-30425,60602.945,61374.007,771.063,
Contact STARLINK-4640 - STARLINK-30320,3034.857,3609.024,574.168,
Contact STARLINK-4640 - STARLINK-6255,82773.488,83175.121,401.633,
Contact STARLINK-4640 - STARLINK-3898,14245.788,14698.992,453.205,
Contact STARLINK-4640 - STARLINK-3898,28486.363,28962.841,476.477,
Contact STARLINK-4640 - STARLINK-3898,42724.288,43229.824,505.536,
Contact STARLINK-4640 - STARLINK-3898,68358.765,68903.449,544.684,
Contact STARLINK-4640 - STARLINK-3898,82598.828,83168.220,569.392,
Contact STARLINK-4640 - STARLINK-30842,0.000,86400.000,86400.000,
Contact STARLINK-4640 - STARLINK-31539,0.000,702.261,702.261,
Contact STARLINK-4640 - STARLINK-31539,13689.395,14935.662,1246.267,
Contact STARLINK-4640 - STARLINK-31539,22128.581,31892.385,9763.804,
Contact STARLINK-4640 - STARLINK-31539,39082.762,40318.929,1236.167,
Contact STARLINK-4640 - STARLINK-31539,53299.906,54313.285,1013.379,
Contact STARLINK-4640 - STARLINK-31539,64764.398,65419.902,655.503,
Contact STARLINK-4640 - STARLINK-5807,0.000,32052.417,32052.417,
Contact STARLINK-4640 - STARLINK-5807,32559.768,46150.632,13590.863,
Contact STARLINK-4640 - STARLINK-5807,47076.578,54609.520,7532.942,
Contact STARLINK-4640 - STARLINK-5807,61670.240,68650.047,6979.806,
Contact STARLINK-4640 - STARLINK-30367,0.000,229.224,229.224,
Contact STARLINK-4640 - STARLINK-30367,14157.204,14631.249,474.045,
Contact STARLINK-4640 - STARLINK-30367,28384.523,28992.122,607.600,
Contact STARLINK-4640 - STARLINK-30367,42624.722,43340.206,715.484,
Contact STARLINK-4640 - STARLINK-30367,56877.851,57675.196,797.345,
Contact STARLINK-4640 - STARLINK-30367,68285.540,72003.762,3718.222,
Contact STARLINK-4640 - STARLINK-30367,82551.111,83460.455,909.343,
Contact STARLINK-4640 - STARLINK-5151,10232.223,11050.860,818.637,
Contact STARLINK-4640 - STARLINK-2388,0.000,86400.000,86400.000,
Contact STARLINK-4640 - STARLINK-1700,6483.296,13876.354,7393.058,
Contact STARLINK-4640 - STARLINK-1700,15031.714,28168.197,13136.483,
Contact STARLINK-4640 - STARLINK-1700,29249.453,42475.735,13226.282,
Contact STARLINK-4640 - STARLINK-1700,43498.234,53908.428,10410.194,
Contact STARLINK-4640 - STARLINK-1700,57728.837,68182.854,10454.017,
Contact STARLINK-4640 - STARLINK-1700,69128.203,82470.156,13341.953,
Contact STARLINK-4640 - STARLINK-1700,83396.137,86400.000,3003.863,
Contact STARLINK-4640 - STARLINK-31463,0.000,86400.000,86400.000,
Contact STARLINK-4640 - MoonARTEMIS1,0.000,2151.819,2151.819,
Contact STARLINK-4640 - MoonARTEMIS1,4325.389,13585.824,9260.435,
Contact STARLINK-4640 - MoonARTEMIS1,15760.179,25027.726,9267.547,
Contact STARLINK-4640 - MoonARTEMIS1,27202.118,30749.956,3547.838,
Contact STARLINK-4640 - MoonARTEMIS1,33948.769,42154.003,8205.234,
Contact STARLINK-4640 - MoonARTEMIS1,44319.026,53567.634,9248.607,
Contact STARLINK-4640 - MoonARTEMIS1,55732.950,59276.773,3543.823,
Contact STARLINK-4640 - MoonARTEMIS1,61441.869,70698.761,9256.893,
Contact STARLINK-4640 - MoonARTEMIS1,72862.806,82125.344,9262.538,
Contact STARLINK-4640 - MoonARTEMIS1,84287.477,86400.000,2112.523,
Contact STARLINK-4640 - MoonARTEMIS2,0.000,2216.302,2216.302,
Contact STARLINK-4640 - MoonARTEMIS2,4386.073,13638.436,9252.363,
Contact STARLINK-4640 - MoonARTEMIS2,15806.642,25057.520,9250.878,
Contact STARLINK-4640 - MoonARTEMIS2,27223.960,30765.406,3541.446,
Contact STARLINK-4640 - MoonARTEMIS2,32930.855,42174.783,9243.928,
Contact STARLINK-4640 - MoonARTEMIS2,44337.308,47359.292,3021.983,
Contact STARLINK-4640 - MoonARTEMIS2,55768.305,59322.836,3554.532,
Contact STARLINK-4640 - MoonARTEMIS2,61485.128,70759.220,9274.092,
Contact STARLINK-4640 - MoonARTEMIS2,72915.848,82192.888,9277.040,
Contact STARLINK-4640 - MoonARTEMIS2,84343.958,86400.000,2056.042,
Contact STARLINK-4640 - MoonIOAGEO,0.000,2171.153,2171.153,
Contact STARLINK-4640 - MoonIOAGEO,4342.400,13004.088,8661.688,
Contact STARLINK-4640 - MoonIOAGEO,17239.166,25046.103,7806.937,
Contact STARLINK-4640 - MoonIOAGEO,27215.097,30756.372,3541.275,
Contact STARLINK-4640 - MoonIOAGEO,32922.232,42162.822,9240.591,
Contact STARLINK-4640 - MoonIOAGEO,44328.011,53587.725,9259.714,
Contact STARLINK-4640 - MoonIOAGEO,61476.438,70749.943,9273.506,
Contact STARLINK-4640 - MoonIOAGEO,72908.277,82161.509,9253.231,
Contact STARLINK-4640 - MoonIOAGEO,84315.314,86400.000,2084.686,
Contact STARLINK-4640 - MoonIOAGNO,0.000,2170.350,2170.350,
Contact STARLINK-4640 - MoonIOAGNO,4346.996,13611.323,9264.327,
Contact STARLINK-4640 - MoonIOAGNO,15778.222,25020.326,9242.104,
Contact STARLINK-4640 - MoonIOAGNO,27187.335,30728.125,3540.790,
Contact STARLINK-4640 - MoonIOAGNO,32895.676,42154.167,9258.491,
Contact STARLINK-4640 - MoonIOAGNO,44324.143,53604.138,9279.995,
Contact STARLINK-4640 - MoonIOAGNO,55765.835,59310.842,3545.007,
Contact STARLINK-4640 - MoonIOAGNO,61469.124,70723.161,9254.036,
Contact STARLINK-4640 - MoonIOAGNO,72880.208,82145.098,9264.890,
Contact STARLINK-4640 - MoonIOAGNO,84303.024,86400.000,2096.976,
Contact STARLINK-4640 - MoonIOAGNO 0001,0.000,2170.787,2170.787,
Contact STARLINK-4640 - MoonIOAGNO 0001,4340.134,13588.011,9247.877,
Contact STARLINK-4640 - MoonIOAGNO 0001,15759.136,25022.874,9263.738,
Contact STARLINK-4640 - MoonIOAGNO 0001,27198.760,30752.417,3553.657,
Contact STARLINK-4640 - MoonIOAGNO 0001,32920.393,42164.869,9244.476,
Contact STARLINK-4640 - MoonIOAGNO 0001,44327.802,53579.569,9251.767,
Contact STARLINK-4640 - MoonIOAGNO 0001,55742.818,59291.269,3548.451,
Contact STARLINK-4640 - MoonIOAGNO 0001,61455.284,70732.531,9277.247,
Contact STARLINK-4640 - MoonIOAGNO 0001,72900.626,82163.005,9262.379,
Contact STARLINK-4640 - MoonIOAGNO 0001,84314.224,86400.000,2085.776,
Contact STARLINK-4640 - MoonIOAGSO,0.000,2186.448,2186.448,
Contact STARLINK-4640 - MoonIOAGSO,4353.706,7890.147,3536.441,
Contact STARLINK-4640 - MoonIOAGSO,15792.166,25055.680,9263.514,
Contact STARLINK-4640 - MoonIOAGSO,27225.965,30768.216,3542.251,
Contact STARLINK-4640 - MoonIOAGSO,32936.579,42182.275,9245.696,
Contact STARLINK-4640 - MoonIOAGSO,44345.607,52203.157,7857.549,
Contact STARLINK-4640 - MoonIOAGSO,55766.868,59322.900,3556.032,
Contact STARLINK-4640 - MoonIOAGSO,61489.902,70759.251,9269.349,
Contact STARLINK-4640 - MoonIOAGSO,72920.662,82180.264,9259.602,
Contact STARLINK-4640 - MoonIOAGSO,84334.925,86400.000,2065.075,
Contact STARLINK-4640 - MoonIOAGSO 0001,0.000,2205.365,2205.365,
Contact STARLINK-4640 - MoonIOAGSO 0001,4377.452,13627.319,9249.868,
Contact STARLINK-4640 - MoonIOAGSO 0001,15796.358,25034.503,9238.145,
Contact STARLINK-4640 - MoonIOAGSO 0001,27199.462,30488.988,3289.526,
Contact STARLINK-4640 - MoonIOAGSO 0001,33425.828,42190.679,8764.851,
Contact STARLINK-4640 - MoonIOAGSO 0001,44359.737,53619.253,9259.516,
Contact STARLINK-4640 - MoonIOAGSO 0001,55783.527,59328.020,3544.493,
Contact STARLINK-4640 - MoonIOAGSO 0001,61489.378,70733.171,9243.794,
Contact STARLINK-4640 - MoonIOAGSO 0001,78616.013,82177.231,3561.218,
Contact STARLINK-4640 - MoonIOAGSO 0001,84337.923,86400.000,2062.077,
Contact STARLINK-4640 - MoonLRO,6824.876,10810.419,3985.543,
Contact STARLINK-4640 - MoonLRO,21494.241,24443.276,2949.035,
Contact STARLINK-4640 - MoonLRO,27330.506,30743.547,3413.041,
Contact STARLINK-4640 - MoonLRO,34150.224,36459.345,2309.121,
Contact STARLINK-4640 - MoonLRO,50050.892,51797.078,1746.187,
Contact STARLINK-4640 - MoonLRO,55765.136,58614.424,2849.288,
Contact STARLINK-4640 - MoonLRO,61475.861,70737.084,9261.223,
Contact STARLINK-4640 - MoonLRO,75093.493,76452.959,1359.466,
Contact STARLINK-4640 - MarsSat1,0.000,3341.798,3341.798,
Contact STARLINK-4640 - MarsSat1,5337.486,9043.759,3706.273,
Contact STARLINK-4640 - MarsSat1,11037.838,20447.755,9409.916,
Contact STARLINK-4640 - MarsSat1,22438.619,31851.818,9413.199,
Contact STARLINK-4640 - MarsSat1,33839.470,48957.988,15118.518,
Contact STARLINK-4640 - MarsSat1,50940.827,60362.165,9421.338,
Contact STARLINK-4640 - MarsSat1,62341.797,71766.428,9424.631,
Contact STARLINK-4640 - MarsSat1,73742.860,77468.602,3725.742,
Contact STARLINK-4640 - MarsSat1,79443.439,86400.000,6956.561,
Contact STARLINK-4640 - MarsSat2,0.000,3341.831,3341.831,
Contact STARLINK-4640 - MarsSat2,5337.516,9043.757,3706.240,
Contact STARLINK-4640 - MarsSat2,11037.818,20447.693,9409.875,
Contact STARLINK-4640 - MarsSat2,22438.518,31851.730,9413.212,
Contact STARLINK-4640 - MarsSat2,33839.330,48957.949,15118.619,
Contact STARLINK-4640 - MarsSat2,50940.732,60362.198,9421.465,
Contact STARLINK-4640 - MarsSat2,62341.785,71766.526,9424.740,
Contact STARLINK-4640 - MarsSat2,73742.931,77468.718,3725.787,
Contact STARLINK-4640 - MarsSat2,79443.539,86400.000,6956.461,
Contact STARLINK-4640 - MarsSat3,0.000,3341.855,3341.855,
Contact STARLINK-4640 - MarsSat3,5337.577,9043.771,3706.194,
Contact STARLINK-4640 - MarsSat3,11037.884,20447.690,9409.806,
Contact STARLINK-4640 - MarsSat3,22438.560,31851.745,9413.185,
Contact STARLINK-4640 - MarsSat3,33839.365,48957.993,15118.628,
Contact STARLINK-4640 - MarsSat3,50940.784,60362.238,9421.454,
Contact STARLINK-4640 - MarsSat3,62341.841,71766.544,9424.702,
Contact STARLINK-4640 - MarsSat3,73742.977,77468.719,3725.742,
Contact STARLINK-4640 - MarsSat3,79443.573,86400.000,6956.427,
Contact STARLINK-4640 - MarsSat4,0.000,3341.874,3341.874,
Contact STARLINK-4640 - MarsSat4,5337.550,9031.055,3693.505,
Contact STARLINK-4640 - MarsSat4,11037.882,20447.708,9409.827,
Contact STARLINK-4640 - MarsSat4,22438.576,31851.766,9413.190,
Contact STARLINK-4640 - MarsSat4,33839.394,48957.920,15118.526,
Contact STARLINK-4640 - MarsSat4,50940.760,60362.182,9421.423,
Contact STARLINK-4640 - MarsSat4,62341.790,71766.508,9424.718,
Contact STARLINK-4640 - MarsSat4,75534.550,77468.664,1934.115,
Contact STARLINK-4640 - MarsSat4,79443.514,86400.000,6956.486,
Contact STARLINK-2644 - STARLINK-4347,3065.123,3757.720,692.597,
Contact STARLINK-2644 - STARLINK-4347,17382.379,18062.592,680.213,
Contact STARLINK-2644 - STARLINK-4347,43146.759,43819.872,673.113,
Contact STARLINK-2644 - STARLINK-4347,57465.288,58123.451,658.163,
Contact STARLINK-2644 - STARLINK-4347,71776.538,72435.567,659.029,
Contact STARLINK-2644 - STARLINK-4347,86095.912,86400.000,304.088,
Contact STARLINK-2644 - STARLINK-31217,0.000,268.000,268.000,
Contact STARLINK-2644 - STARLINK-31217,10682.841,11496.533,813.692,
Contact STARLINK-2644 - STARLINK-31217,24892.219,25477.749,585.531,
Contact STARLINK-2644 - STARLINK-3328,0.000,86400.000,86400.000,
Contact STARLINK-2644 - STARLINK-32211,68036.529,68478.728,442.199,
Contact STARLINK-2644 - STARLINK-32211,79175.143,79908.208,733.065,
Contact STARLINK-2644 - STARLINK-4621,6803.676,7620.443,816.767,
Contact STARLINK-2644 - STARLINK-4621,21108.342,21924.313,815.972,
Contact STARLINK-2644 - STARLINK-4621,35428.211,36211.922,783.711,
Contact STARLINK-2644 - STARLINK-4621,49738.724,50509.966,771.242,
Contact STARLINK-2644 - STARLINK-4621,61194.743,61940.411,745.668,
Contact STARLINK-2644 - STARLINK-4621,75525.477,76217.382,691.905,
Contact STARLINK-2644 - STARLINK-2618,86000.844,86400.000,399.156,
Contact STARLINK-2644 - STARLINK-5905,0.000,2901.242,2901.242,
Contact STARLINK-2644 - STARLINK-5905,10156.480,11484.311,1327.830,
Contact STARLINK-2644 - STARLINK-5905,18727.636,25767.278,7039.642,
Contact STARLINK-2644 - STARLINK-5905,33001.521,40053.528,7052.007,
Contact STARLINK-2644 - STARLINK-5905,47297.456,54319.575,7022.120,
Contact STARLINK-2644 - STARLINK-5905,64455.638,71434.625,6978.987,
Contact STARLINK-2644 - STARLINK-5905,78756.242,85694.164,6937.921,
Contact STARLINK-2644 - STARLINK-5250,17995.973,18140.229,144.255,
Contact STARLINK-2644 - STARLINK-5576,0.000,86400.000,86400.000,
Contact STARLINK-2644 - STARLINK-30611,6640.060,7468.231,828.171,
Contact STARLINK-2644 - STARLINK-30611,17894.650,21717.677,3823.027,
Contact STARLINK-2644 - STARLINK-30611,31983.833,33088.331,1104.498,
Contact STARLINK-2644 - STARLINK-30611,46114.008,47270.733,1156.725,
Contact STARLINK-2644 - STARLINK-30611,57431.003,61441.251,4010.248,
Contact STARLINK-2644 - STARLINK-30611,71593.326,72753.848,1160.521,
Contact STARLINK-2644 - STARLINK-30611,85795.700,86400.000,604.300,
Contact STARLINK-2644 - STARLINK-30190,10184.602,11410.795,1226.193,
Contact STARLINK-2644 - STARLINK-30190,24516.700,25797.626,1280.926,
Contact STARLINK-2644 - STARLINK-30190,38893.440,40139.110,1245.670,
Contact STARLINK-2644 - STARLINK-30190,53341.918,54410.823,1068.905,
Contact STARLINK-2644 - STARLINK-30190,67845.627,68627.845,782.218,
Contact STARLINK-2644 - STARLINK-5215,3327.239,4293.836,966.596,
Contact STARLINK-2644 - STARLINK-5215,17584.186,18535.321,951.135,
Contact STARLINK-2644 - STARLINK-5215,31832.367,32785.671,953.304,
Contact STARLINK-2644 - STARLINK-5215,46089.749,47026.666,936.917,
Contact STARLINK-2644 - STARLINK-5215,57492.184,61276.672,3784.488,
Contact STARLINK-2644 - STARLINK-5215,71740.791,72672.835,932.044,
Contact STARLINK-2644 - STARLINK-5215,85998.807,86400.000,401.193,
Contact STARLINK-2644 - STARLINK-4125,0.000,2841.837,2841.837,
Contact STARLINK-2644 - STARLINK-4125,4261.882,11351.238,7089.356,
Contact STARLINK-2644 - STARLINK-4125,21527.912,25438.436,3910.524,
Contact STARLINK-2644 - STARLINK-4125,35994.572,36708.222,713.649,
Contact STARLINK-2644 - STARLINK-32081,28623.010,29004.241,381.231,
Contact STARLINK-2644 - STARLINK-32081,42680.961,43252.314,571.354,
Contact STARLINK-2644 - STARLINK-32081,53949.845,54628.390,678.546,
Contact STARLINK-2644 - STARLINK-32081,68051.923,68832.644,780.720,
Contact STARLINK-2644 - STARLINK-32081,82172.355,83017.858,845.503,
Contact STARLINK-2644 - STARLINK-2751,744.248,7581.592,6837.343,
Contact STARLINK-2644 - STARLINK-2751,17895.030,21829.715,3934.685,
Contact STARLINK-2644 - STARLINK-2751,32182.237,36057.112,3874.875,
Contact STARLINK-2644 - STARLINK-2751,46491.479,47442.971,951.492,
Contact STARLINK-2644 - STARLINK-2751,60786.129,61681.049,894.921,
Contact STARLINK-2644 - STARLINK-2751,75106.451,75893.868,787.417,
Contact STARLINK-2644 - STARLINK-1015,0.000,86400.000,86400.000,
Contact STARLINK-2644 - STARLINK-11266 [DTC],2886.346,3674.104,787.758,
Contact STARLINK-2644 - STARLINK-11266 [DTC],14108.085,14942.627,834.542,
Contact STARLINK-2644 - STARLINK-11266 [DTC],28180.430,28983.514,803.084,
Contact STARLINK-2644 - STARLINK-11266 [DTC],39476.051,40178.555,702.504,
Contact STARLINK-2644 - STARLINK-11266 [DTC],53659.914,54108.301,448.387,
Contact STARLINK-2644 - STARLINK-30355,68370.296,68816.483,446.188,
Contact STARLINK-2644 - STARLINK-30355,82579.562,83140.001,560.440,
Contact STARLINK-2644 - STARLINK-30316,522.016,10544.082,10022.065,
Contact STARLINK-2644 - STARLINK-30316,17484.717,24603.649,7118.932,
Contact STARLINK-2644 - STARLINK-30316,31704.961,33016.426,1311.464,
Contact STARLINK-2644 - STARLINK-30316,43153.384,46933.432,3780.047,
Contact STARLINK-2644 - STARLINK-2602,4326.793,11242.164,6915.371,
Contact STARLINK-2644 - STARLINK-2602,21266.552,22405.802,1139.250,
Contact STARLINK-2644 - STARLINK-2602,35623.852,36159.637,535.785,
Contact STARLINK-2644 - STARLINK-4413,17628.774,18029.374,400.600,
Contact STARLINK-2644 - STARLINK-4413,31744.635,32560.362,815.728,
Contact STARLINK-2644 - STARLINK-4413,43107.835,46983.055,3875.220,
Contact STARLINK-2644 - STARLINK-4413,57351.325,61391.673,4040.349,
Contact STARLINK-2644 - STARLINK-4413,71611.105,78632.306,7021.201,
Contact STARLINK-2644 - STARLINK-4413,85906.102,86400.000,493.898,
Contact STARLINK-2644 - STARLINK-31407,29316.745,86400.000,57083.255,
Contact STARLINK-2644 - STARLINK-30171,0.000,86400.000,86400.000,
Contact STARLINK-2644 - STARLINK-5660,0.000,86400.000,86400.000,
Contact STARLINK-2644 - STARLINK-32094,3216.715,10105.952,6889.236,
Contact STARLINK-2644 - STARLINK-32094,17333.432,18559.840,1226.409,
Contact STARLINK-2644 - STARLINK-32094,25824.818,32615.930,6791.112,
Contact STARLINK-2644 - STARLINK-32094,42899.023,43803.254,904.230,
Contact STARLINK-2644 - STARLINK-32094,57282.047,57649.391,367.344,
Contact STARLINK-2644 - STARLINK-30767,0.000,506.737,506.737,
Contact STARLINK-2644 - STARLINK-30767,13791.755,14781.118,989.363,
Contact STARLINK-2644 - STARLINK-30767,28062.123,29054.812,992.689,
Contact STARLINK-2644 - STARLINK-30767,39480.814,43324.604,3843.790,
Contact STARLINK-2644 - STARLINK-30767,53757.077,54739.371,982.293,
Contact STARLINK-2644 - STARLINK-30767,68034.058,69006.373,972.315,
Contact STARLINK-2644 - STARLINK-30767,82314.951,83269.657,954.706,
Contact STARLINK-2644 - STARLINK-31800,69059.991,86400.000,17340.009,
Contact STARLINK-2644 - STARLINK-4254,232.469,10709.346,10476.877,
Contact STARLINK-2644 - STARLINK-4254,14447.795,24995.586,10547.791,
Contact STARLINK-2644 - STARLINK-4254,25834.674,39296.372,13461.698,
Contact STARLINK-2644 - STARLINK-4254,40086.808,53569.756,13482.948,
Contact STARLINK-2644 - STARLINK-4254,54320.145,67855.138,13534.993,
Contact STARLINK-2644 - STARLINK-4254,68587.081,82112.342,13525.260,
Contact STARLINK-2644 - STARLINK-4254,82836.918,86400.000,3563.082,
Contact STARLINK-2644 - STARLINK-3533,0.000,704.531,704.531,
Contact STARLINK-2644 - STARLINK-3533,14149.494,14956.923,807.430,
Contact STARLINK-2644 - STARLINK-3533,28418.322,29209.794,791.473,
Contact STARLINK-2644 - STARLINK-3533,42689.305,43460.846,771.540,
Contact STARLINK-2644 - STARLINK-3533,56959.711,57712.086,752.375,
Contact STARLINK-2644 - STARLINK-3533,68377.125,69112.125,735.000,
Contact STARLINK-2644 - STARLINK-3533,82650.118,83361.135,711.017,
Contact STARLINK-2644 - STARLINK-2228,46409.188,46834.428,425.241,
Contact STARLINK-2644 - STARLINK-2228,57524.456,58206.723,682.267,
Contact STARLINK-2644 - STARLINK-2228,71497.907,72341.136,843.230,
Contact STARLINK-2644 - STARLINK-2228,82726.071,86400.000,3673.929,
Contact STARLINK-2644 - STARLINK-4772,10148.862,11030.159,881.297,
Contact STARLINK-2644 - STARLINK-4772,21538.638,25237.904,3699.266,
Contact STARLINK-2644 - STARLINK-4772,35783.331,36608.766,825.435,
Contact STARLINK-2644 - STARLINK-4772,50015.126,50828.594,813.468,
Contact STARLINK-2644 - STARLINK-4772,64261.756,65033.598,771.842,
Contact STARLINK-2644 - STARLINK-4772,78494.851,79252.075,757.225,
Contact STARLINK-2644 - STARLINK-30320,21036.510,21811.597,775.087,
Contact STARLINK-2644 - STARLINK-30320,32169.331,38949.262,6779.932,
Contact STARLINK-2644 - STARLINK-30320,46183.451,47456.803,1273.352,
Contact STARLINK-2644 - STARLINK-30320,54618.755,61591.046,6972.292,
Contact STARLINK-2644 - STARLINK-30320,71595.958,78432.286,6836.328,
Contact STARLINK-2644 - STARLINK-30320,85851.141,86400.000,548.859,
Contact STARLINK-2644 - STARLINK-31919,39326.583,40173.047,846.465,
Contact STARLINK-2644 - STARLINK-31919,53351.173,54373.110,1021.937,
Contact STARLINK-2644 - STARLINK-31919,64606.598,68527.269,3920.671,
Contact STARLINK-2644 - STARLINK-31919,78718.240,79808.804,1090.565,
Contact STARLINK-2644 - STARLINK-31639,418.558,13817.718,13399.160,
Contact STARLINK-2644 - STARLINK-31639,14499.030,25151.293,10652.263,
Contact STARLINK-2644 - STARLINK-31639,25833.436,39255.490,13422.053,
Contact STARLINK-2644 - STARLINK-31639,40089.774,53275.483,13185.710,
Contact STARLINK-2644 - STARLINK-31639,54379.357,64470.543,10091.186,
Contact STARLINK-2644 - STARLINK-31639,71603.194,78434.803,6831.609,
Contact STARLINK-2644 - STARLINK-31639,86078.318,86400.000,321.682,
Contact STARLINK-2644 - STARLINK-31600,25034.305,25512.794,478.488,
Contact STARLINK-2644 - STARLINK-31600,33022.670,86400.000,53377.330,
Contact STARLINK-2644 - STARLINK-30613,0.000,411.729,411.729,
Contact STARLINK-2644 - STARLINK-30613,13728.159,14670.449,942.291,
Contact STARLINK-2644 - STARLINK-30613,25192.492,28927.707,3735.215,
Contact STARLINK-2644 - STARLINK-30613,39527.596,40323.171,795.575,
Contact STARLINK-2644 - STARLINK-30613,53884.756,54551.111,666.355,
Contact STARLINK-2644 - STARLINK-30613,68250.968,68769.420,518.452,
Contact STARLINK-2644 - STARLINK-30613,82681.478,82924.102,242.624,
Contact STARLINK-2644 - STARLINK-31764,49213.231,86400.000,37186.769,
Contact STARLINK-2644 - STARLINK-4402,32332.722,32983.813,651.090,
Contact STARLINK-2644 - STARLINK-4402,46614.570,47302.161,687.591,
Contact STARLINK-2644 - STARLINK-4402,60888.451,61626.828,738.377,
Contact STARLINK-2644 - STARLINK-4402,75177.577,75937.638,760.061,
Contact STARLINK-2644 - STARLINK-31502,7194.381,7867.628,673.247,
Contact STARLINK-2644 - STARLINK-5618,3324.340,4088.671,764.331,
Contact STARLINK-2644 - STARLINK-5618,17578.248,18355.961,777.713,
Contact STARLINK-2644 - STARLINK-5618,31817.192,32637.860,820.668,
Contact STARLINK-2644 - STARLINK-5618,46072.318,46903.890,831.571,
Contact STARLINK-2644 - STARLINK-5618,57470.735,58322.229,851.493,
Contact STARLINK-2644 - STARLINK-5618,71711.876,72601.769,889.893,
Contact STARLINK-2644 - STARLINK-5618,85968.649,86400.000,431.351,
Contact STARLINK-2644 - STARLINK-6255,407.038,7587.647,7180.609,
Contact STARLINK-2644 - STARLINK-6255,17628.439,24658.502,7030.063,
Contact STARLINK-2644 - STARLINK-6255,31990.014,38874.956,6884.942,
Contact STARLINK-2644 - STARLINK-6255,46390.488,47377.248,986.761,
Contact STARLINK-2644 - STARLINK-6255,60800.700,61552.515,751.815,
Contact STARLINK-2644 - STARLINK-6255,75336.699,75600.222,263.523,
Contact STARLINK-2644 - STARLINK-3898,6661.558,7521.873,860.315,
Contact STARLINK-2644 - STARLINK-3898,20923.582,21765.396,841.814,
Contact STARLINK-2644 - STARLINK-3898,32341.035,33152.436,811.401,
Contact STARLINK-2644 - STARLINK-3898,46623.729,47375.405,751.676,
Contact STARLINK-2644 - STARLINK-3898,60888.462,61616.181,727.719,
Contact STARLINK-2644 - STARLINK-3898,75175.428,75834.823,659.395,
Contact STARLINK-2644 - STARLINK-31539,82793.220,83407.099,613.879,
Contact STARLINK-2644 - STARLINK-31722,0.000,66.920,66.920,
Contact STARLINK-2644 - STARLINK-30367,6499.687,7306.409,806.722,
Contact STARLINK-2644 - STARLINK-5151,68393.876,68747.382,353.505,
Contact STARLINK-2644 - STARLINK-5151,82514.672,83005.310,490.638,
Contact STARLINK-2644 - STARLINK-6142,71473.481,72528.171,1054.690,
Contact STARLINK-2644 - STARLINK-6142,79846.641,86400.000,6553.359,
Contact STARLINK-2644 - STARLINK-5049,4019.365,14245.315,10225.950,
Contact STARLINK-2644 - STARLINK-5049,18234.261,28620.799,10386.537,
Contact STARLINK-2644 - STARLINK-5049,32444.845,42958.074,10513.229,
Contact STARLINK-2644 - STARLINK-5049,43840.105,57280.516,13440.411,
Contact STARLINK-2644 - STARLINK-5049,58122.939,71557.029,13434.091,
Contact STARLINK-2644 - STARLINK-5049,72412.812,85816.326,13403.514,
Contact STARLINK-2644 - MoonARTEMIS1,0.000,5878.569,5878.569,
Contact STARLINK-2644 - MoonARTEMIS1,7206.286,17419.441,10213.156,
Contact STARLINK-2644 - MoonARTEMIS1,18667.809,31024.752,12356.943,
Contact STARLINK-2644 - MoonARTEMIS1,34057.605,46138.217,12080.613,
Contact STARLINK-2644 - MoonARTEMIS1,47308.381,57594.033,10285.651,
Contact STARLINK-2644 - MoonARTEMIS1,58764.333,74796.420,16032.086,
Contact STARLINK-2644 - MoonARTEMIS1,75981.981,86268.152,10286.172,
Contact STARLINK-2644 - MoonARTEMIS2,0.000,6133.848,6133.848,
Contact STARLINK-2644 - MoonARTEMIS2,7272.680,17614.623,10341.943,
Contact STARLINK-2644 - MoonARTEMIS2,18728.944,46198.921,27469.978,
Contact STARLINK-2644 - MoonARTEMIS2,53111.503,74986.339,21874.836,
Contact STARLINK-2644 - MoonARTEMIS2,76163.828,86400.000,10236.172,
Contact STARLINK-2644 - MoonIOAGEO,0.000,5942.130,5942.130,
Contact STARLINK-2644 - MoonIOAGEO,7224.366,11713.853,4489.487,
Contact STARLINK-2644 - MoonIOAGEO,18702.727,46179.040,27476.313,
Contact STARLINK-2644 - MoonIOAGEO,47330.009,57113.462,9783.453,
Contact STARLINK-2644 - MoonIOAGEO,61286.139,74916.853,13630.714,
Contact STARLINK-2644 - MoonIOAGEO,76119.073,86335.271,10216.197,
Contact STARLINK-2644 - MoonIOAGNO,0.000,5958.846,5958.846,
Contact STARLINK-2644 - MoonIOAGNO,7254.923,17530.347,10275.424,
Contact STARLINK-2644 - MoonIOAGNO,18650.775,46186.930,27536.155,
Contact STARLINK-2644 - MoonIOAGNO,47341.646,74943.027,27601.381,
Contact STARLINK-2644 - MoonIOAGNO,76024.946,86349.656,10324.710,
Contact STARLINK-2644 - MoonIOAGNO 0001,0.000,17462.919,17462.919,
Contact STARLINK-2644 - MoonIOAGNO 0001,18638.169,46272.017,27633.848,
Contact STARLINK-2644 - MoonIOAGNO 0001,47295.886,74910.797,27614.911,
Contact STARLINK-2644 - MoonIOAGNO 0001,76108.430,86400.000,10291.570,
Contact STARLINK-2644 - MoonIOAGSO,0.000,5981.147,5981.147,
Contact STARLINK-2644 - MoonIOAGSO,12991.792,17480.575,4488.783,
Contact STARLINK-2644 - MoonIOAGSO,18753.479,46217.184,27463.706,
Contact STARLINK-2644 - MoonIOAGSO,47362.547,51960.680,4598.133,
Contact STARLINK-2644 - MoonIOAGSO,55018.166,74868.609,19850.443,
Contact STARLINK-2644 - MoonIOAGSO,76161.780,86344.424,10182.644,
Contact STARLINK-2644 - MoonIOAGSO 0001,0.000,5988.852,5988.852,
Contact STARLINK-2644 - MoonIOAGSO 0001,7314.841,17482.537,10167.696,
Contact STARLINK-2644 - MoonIOAGSO 0001,18738.484,28982.677,10244.192,
Contact STARLINK-2644 - MoonIOAGSO 0001,33315.803,46195.432,12879.629,
Contact STARLINK-2644 - MoonIOAGSO 0001,47443.468,73900.514,26457.045,
Contact STARLINK-2644 - MoonIOAGSO 0001,76748.377,86320.188,9571.811,
Contact STARLINK-2644 - MoonLRO,1527.462,3940.553,2413.091,
Contact STARLINK-2644 - MoonLRO,13670.875,17488.605,3817.730,
Contact STARLINK-2644 - MoonLRO,20473.183,23240.141,2766.958,
Contact STARLINK-2644 - MoonLRO,27297.114,31297.158,4000.044,
Contact STARLINK-2644 - MoonLRO,34148.327,38108.124,3959.797,
Contact STARLINK-2644 - MoonLRO,41637.521,44947.925,3310.404,
Contact STARLINK-2644 - MoonLRO,47807.214,51810.357,4003.143,
Contact STARLINK-2644 - MoonLRO,54607.215,57708.336,3101.120,
Contact STARLINK-2644 - MoonLRO,61429.551,72284.347,10854.796,
Contact STARLINK-2644 - MoonLRO,81940.434,85990.714,4050.280,
Contact STARLINK-2644 - MarsSat1,0.000,7101.153,7101.153,
Contact STARLINK-2644 - MarsSat1,9155.962,12800.749,3644.786,
Contact STARLINK-2644 - MarsSat1,14857.097,24199.879,9342.782,
Contact STARLINK-2644 - MarsSat1,26259.265,35598.932,9339.667,
Contact STARLINK-2644 - MarsSat1,37661.290,41298.433,3637.143,
Contact STARLINK-2644 - MarsSat1,43362.251,52697.392,9335.141,
Contact STARLINK-2644 - MarsSat1,54764.078,64096.306,9332.227,
Contact STARLINK-2644 - MarsSat1,66165.797,75495.178,9329.381,
Contact STARLINK-2644 - MarsSat1,77567.422,81194.597,3627.175,
Contact STARLINK-2644 - MarsSat1,83268.200,86400.000,3131.800,
Contact STARLINK-2644 - MarsSat2,0.000,7101.146,7101.146,
Contact STARLINK-2644 - MarsSat2,9155.962,12800.763,3644.801,
Contact STARLINK-2644 - MarsSat2,14857.099,24199.926,9342.826,
Contact STARLINK-2644 - MarsSat2,26259.275,35599.005,9339.731,
Contact STARLINK-2644 - MarsSat2,37661.319,41298.517,3637.198,
Contact STARLINK-2644 - MarsSat2,43362.294,52697.488,9335.195,
Contact STARLINK-2644 - MarsSat2,54764.150,64096.395,9332.244,
Contact STARLINK-2644 - MarsSat2,66165.886,75495.240,9329.354,
Contact STARLINK-2644 - MarsSat2,77567.503,81194.641,3627.138,
Contact STARLINK-2644 - MarsSat2,83268.268,86400.000,3131.732,
Contact STARLINK-2644 - MarsSat3,0.000,7101.072,7101.072,
Contact STARLINK-2644 - MarsSat3,9155.904,12800.669,3644.765,
Contact STARLINK-2644 - MarsSat3,14857.028,24199.861,9342.833,
Contact STARLINK-2644 - MarsSat3,26259.234,35598.988,9339.754,
Contact STARLINK-2644 - MarsSat3,37661.320,41298.512,3637.191,
Contact STARLINK-2644 - MarsSat3,43362.305,52697.484,9335.179,
Contact STARLINK-2644 - MarsSat3,54764.161,64096.371,9332.211,
Contact STARLINK-2644 - MarsSat3,66165.875,75495.190,9329.315,
Contact STARLINK-2644 - MarsSat3,77567.461,81194.578,3627.117,
Contact STARLINK-2644 - MarsSat3,83268.209,86400.000,3131.791,
Contact STARLINK-2644 - MarsSat4,0.000,7101.155,7101.155,
Contact STARLINK-2644 - MarsSat4,14857.049,24199.872,9342.823,
Contact STARLINK-2644 - MarsSat4,26259.249,35598.965,9339.716,
Contact STARLINK-2644 - MarsSat4,37661.294,41298.443,3637.149,
Contact STARLINK-2644 - MarsSat4,43362.225,52697.408,9335.183,
Contact STARLINK-2644 - MarsSat4,54764.090,64096.374,9332.284,
Contact STARLINK-2644 - MarsSat4,66165.870,73689.467,7523.597,
Contact STARLINK-2644 - MarsSat4,77567.434,81194.578,3627.145,
Contact STARLINK-2644 - MarsSat4,83268.206,86400.000,3131.794,
Contact STARLINK-4347 - STARLINK-5501,7021.013,7789.907,768.894,
Contact STARLINK-4347 - STARLINK-5501,21421.503,22180.999,759.497,
Contact STARLINK-4347 - STARLINK-5501,35811.733,36582.565,770.833,
Contact STARLINK-4347 - STARLINK-5501,50212.591,50973.248,760.657,
Contact STARLINK-4347 - STARLINK-5501,64602.940,65374.702,771.763,
Contact STARLINK-4347 - STARLINK-5501,79004.136,79765.006,760.869,
Contact STARLINK-4347 - STARLINK-5562,10148.259,10870.976,722.717,
Contact STARLINK-4347 - STARLINK-5562,24526.693,25261.860,735.168,
Contact STARLINK-4347 - STARLINK-5562,38918.137,39640.290,722.153,
Contact STARLINK-4347 - STARLINK-5562,53296.519,54031.235,734.716,
Contact STARLINK-4347 - STARLINK-5562,67688.005,68409.599,721.594,
Contact STARLINK-4347 - STARLINK-5562,79195.949,82800.603,3604.654,
Contact STARLINK-4347 - STARLINK-5335,32356.239,32501.579,145.340,
Contact STARLINK-4347 - STARLINK-5335,46641.074,46928.878,287.804,
Contact STARLINK-4347 - STARLINK-5335,60920.747,61359.546,438.799,
Contact STARLINK-4347 - STARLINK-5335,75241.948,75751.096,509.148,
Contact STARLINK-4347 - STARLINK-5698,6918.086,7777.063,858.977,
Contact STARLINK-4347 - STARLINK-5698,21288.849,22135.092,846.244,
Contact STARLINK-4347 - STARLINK-5698,35648.868,36502.591,853.723,
Contact STARLINK-4347 - STARLINK-5698,50019.471,50860.666,841.195,
Contact STARLINK-4347 - STARLINK-5698,64379.585,65227.940,848.355,
Contact STARLINK-4347 - STARLINK-5698,78749.999,79586.095,836.095,
Contact STARLINK-4347 - STARLINK-3328,3172.292,3721.201,548.909,
Contact STARLINK-4347 - STARLINK-3328,17508.626,18048.860,540.234,
Contact STARLINK-4347 - STARLINK-3328,71972.006,72511.473,539.467,
Contact STARLINK-4347 - STARLINK-3328,86308.162,86400.000,91.838,
Contact STARLINK-4347 - STARLINK-31933,50224.991,54019.716,3794.725,
Contact STARLINK-4347 - STARLINK-31933,64254.760,65489.154,1234.394,
Contact STARLINK-4347 - STARLINK-31933,72754.714,79678.041,6923.326,
Contact STARLINK-4347 - STARLINK-32211,6783.550,13755.513,6971.963,
Contact STARLINK-4347 - STARLINK-32211,21054.015,22172.687,1118.672,
Contact STARLINK-4347 - STARLINK-32211,35537.696,36046.600,508.904,
Contact STARLINK-4347 - STARLINK-5718,6547.986,7308.318,760.332,
Contact STARLINK-4347 - STARLINK-5718,20910.759,21657.187,746.428,
Contact STARLINK-4347 - STARLINK-5718,32397.741,36012.286,3614.545,
Contact STARLINK-4347 - STARLINK-5718,46752.808,47493.973,741.165,
Contact STARLINK-4347 - STARLINK-5718,61114.776,61843.498,728.722,
Contact STARLINK-4347 - STARLINK-5718,75469.833,76198.469,728.636,
Contact STARLINK-4347 - STARLINK-2618,0.000,131.971,131.971,
Contact STARLINK-4347 - STARLINK-2618,13752.379,14503.307,750.928,
Contact STARLINK-4347 - STARLINK-2618,28128.240,28859.174,730.934,
Contact STARLINK-4347 - STARLINK-2618,42490.183,43230.203,740.020,
Contact STARLINK-4347 - STARLINK-2618,53985.636,54720.685,735.049,
Contact STARLINK-4347 - STARLINK-2618,68362.607,69075.599,712.992,
Contact STARLINK-4347 - STARLINK-2618,82725.185,83446.112,720.927,
Contact STARLINK-4347 - STARLINK-30312,21582.182,22234.586,652.405,
Contact STARLINK-4347 - STARLINK-30312,35869.747,36676.569,806.822,
Contact STARLINK-4347 - STARLINK-30312,50184.196,51077.660,893.464,
Contact STARLINK-4347 - STARLINK-30312,64494.683,65495.890,1001.207,
Contact STARLINK-4347 - STARLINK-30312,78822.938,79882.380,1059.442,
Contact STARLINK-4347 - STARLINK-5250,3312.879,10126.615,6813.735,
Contact STARLINK-4347 - STARLINK-5250,17511.697,24631.109,7119.412,
Contact STARLINK-4347 - STARLINK-5250,31694.803,39103.073,7408.269,
Contact STARLINK-4347 - STARLINK-5250,40244.546,53591.905,13347.359,
Contact STARLINK-4347 - STARLINK-5250,54438.586,68039.642,13601.056,
Contact STARLINK-4347 - STARLINK-5250,68692.036,82558.243,13866.207,
Contact STARLINK-4347 - STARLINK-5250,82858.827,86400.000,3541.173,
Contact STARLINK-4347 - STARLINK-3081,7066.898,7656.568,589.670,
Contact STARLINK-4347 - STARLINK-3081,21447.018,22090.486,643.468,
Contact STARLINK-4347 - STARLINK-3081,35805.748,36546.541,740.793,
Contact STARLINK-4347 - STARLINK-3081,50195.378,50970.873,775.495,
Contact STARLINK-4347 - STARLINK-3081,64565.291,65415.583,850.291,
Contact STARLINK-4347 - STARLINK-3081,78961.313,79833.457,872.145,
Contact STARLINK-4347 - STARLINK-5576,0.000,532.952,532.952,
Contact STARLINK-4347 - STARLINK-5576,14315.352,14896.401,581.050,
Contact STARLINK-4347 - STARLINK-5576,28677.320,29250.755,573.435,
Contact STARLINK-4347 - STARLINK-5576,43031.254,43614.286,583.031,
Contact STARLINK-4347 - STARLINK-5576,57393.634,57968.207,574.573,
Contact STARLINK-4347 - STARLINK-5576,71747.490,72331.790,584.301,
Contact STARLINK-4347 - STARLINK-5576,86110.297,86400.000,289.703,
Contact STARLINK-4347 - STARLINK-30214,25193.149,25314.992,121.844,
Contact STARLINK-4347 - STARLINK-30214,53990.871,54037.015,46.144,
Contact STARLINK-4347 - STARLINK-30611,17501.965,18054.357,552.392,
Contact STARLINK-4347 - STARLINK-30611,28762.809,32436.493,3673.684,
Contact STARLINK-4347 - STARLINK-30611,42895.730,43884.531,988.801,
Contact STARLINK-4347 - STARLINK-30611,57098.707,58138.616,1039.909,
Contact STARLINK-4347 - STARLINK-30611,71341.866,72351.383,1009.517,
Contact STARLINK-4347 - STARLINK-30611,82786.410,86400.000,3613.590,
Contact STARLINK-4347 - STARLINK-5215,0.000,3883.050,3883.050,
Contact STARLINK-4347 - STARLINK-5215,14185.466,18264.167,4078.701,
Contact STARLINK-4347 - STARLINK-5215,28470.517,35511.977,7041.460,
Contact STARLINK-4347 - STARLINK-5215,42746.865,49874.511,7127.646,
Contact STARLINK-4347 - STARLINK-5215,57059.969,64212.881,7152.912,
Contact STARLINK-4347 - STARLINK-5215,71366.233,78543.772,7177.539,
Contact STARLINK-4347 - STARLINK-5215,85712.397,86400.000,687.603,
Contact STARLINK-4347 - STARLINK-4125,17954.666,18297.124,342.458,
Contact STARLINK-4347 - STARLINK-4125,32305.492,32607.572,302.080,
Contact STARLINK-4347 - STARLINK-4125,46649.701,46923.320,273.619,
Contact STARLINK-4347 - STARLINK-4125,60997.175,61237.041,239.866,
Contact STARLINK-4347 - STARLINK-32081,269.881,10783.684,10513.804,
Contact STARLINK-4347 - STARLINK-32081,14679.725,21931.926,7252.201,
Contact STARLINK-4347 - STARLINK-32081,32306.334,32915.209,608.876,
Contact STARLINK-4347 - STARLINK-1301,6556.035,7285.838,729.803,
Contact STARLINK-4347 - STARLINK-1301,20901.537,21630.150,728.613,
Contact STARLINK-4347 - STARLINK-1301,32376.600,33106.546,729.946,
Contact STARLINK-4347 - STARLINK-1301,46719.406,47452.547,733.141,
Contact STARLINK-4347 - STARLINK-1301,61064.123,61797.663,733.540,
Contact STARLINK-4347 - STARLINK-1301,75407.296,76143.278,735.982,
Contact STARLINK-4347 - STARLINK-2751,3185.213,3711.062,525.850,
Contact STARLINK-4347 - STARLINK-2751,17493.648,18082.388,588.740,
Contact STARLINK-4347 - STARLINK-2751,31787.013,32468.777,681.764,
Contact STARLINK-4347 - STARLINK-2751,46102.429,46833.371,730.941,
Contact STARLINK-4347 - STARLINK-2751,57549.759,61212.066,3662.308,
Contact STARLINK-4347 - STARLINK-2751,71853.375,72706.248,852.873,
Contact STARLINK-4347 - STARLINK-2751,86176.039,86400.000,223.961,
Contact STARLINK-4347 - STARLINK-5765,0.000,71.057,71.057,
Contact STARLINK-4347 - STARLINK-5765,13834.995,14414.902,579.907,
Contact STARLINK-4347 - STARLINK-32235,86277.068,86400.000,122.932,
Contact STARLINK-4347 - STARLINK-11266 [DTC],0.000,4297.755,4297.755,
Contact STARLINK-4347 - STARLINK-30316,2957.142,3672.761,715.619,
Contact STARLINK-4347 - STARLINK-30316,14266.274,15081.922,815.648,
Contact STARLINK-4347 - STARLINK-30316,28442.502,29302.427,859.926,
Contact STARLINK-4347 - STARLINK-30316,42646.594,43496.186,849.593,
Contact STARLINK-4347 - STARLINK-30316,56907.261,57633.014,725.753,
Contact STARLINK-4347 - STARLINK-30316,68351.225,68908.091,556.866,
Contact STARLINK-4347 - STARLINK-2602,82450.123,83025.385,575.262,
Contact STARLINK-4347 - STARLINK-30472,10265.381,10804.972,539.592,
Contact STARLINK-4347 - STARLINK-30472,79166.400,79713.816,547.416,
Contact STARLINK-4347 - STARLINK-30825,82438.937,82912.191,473.254,
Contact STARLINK-4347 - STARLINK-31627,10673.047,10978.937,305.890,
Contact STARLINK-4347 - STARLINK-3182,39425.039,39941.345,516.306,
Contact STARLINK-4347 - STARLINK-3182,53579.465,54299.059,719.594,
Contact STARLINK-4347 - STARLINK-3182,67786.645,68603.383,816.738,
Contact STARLINK-4347 - STARLINK-3182,79164.272,82897.120,3732.848,
Contact STARLINK-4347 - STARLINK-4413,0.000,520.041,520.041,
Contact STARLINK-4347 - STARLINK-4413,14227.806,14907.401,679.595,
Contact STARLINK-4347 - STARLINK-4413,28619.121,29280.181,661.060,
Contact STARLINK-4347 - STARLINK-4413,42996.019,43667.517,671.498,
Contact STARLINK-4347 - STARLINK-4413,57387.401,58040.223,652.822,
Contact STARLINK-4347 - STARLINK-4413,71764.309,72427.536,663.227,
Contact STARLINK-4347 - STARLINK-4413,86155.761,86400.000,244.239,
Contact STARLINK-4347 - STARLINK-31407,3594.081,4281.857,687.776,
Contact STARLINK-4347 - STARLINK-31407,17759.688,18487.229,727.541,
Contact STARLINK-4347 - STARLINK-31407,31936.778,32682.705,745.927,
Contact STARLINK-4347 - STARLINK-31407,46128.833,46861.472,732.639,
Contact STARLINK-4347 - STARLINK-31407,57491.148,58196.596,705.447,
Contact STARLINK-4347 - STARLINK-31407,71701.584,72358.805,657.221,
Contact STARLINK-4347 - STARLINK-31407,85933.198,86400.000,466.802,
Contact STARLINK-4347 - STARLINK-30171,3180.436,3746.515,566.078,
Contact STARLINK-4347 - STARLINK-30171,17532.160,18091.736,559.576,
Contact STARLINK-4347 - STARLINK-30171,31881.870,32440.414,558.544,
Contact STARLINK-4347 - STARLINK-5660,0.000,651.834,651.834,
Contact STARLINK-4347 - STARLINK-5660,14329.342,15015.395,686.054,
Contact STARLINK-4347 - STARLINK-5660,28692.372,29370.968,678.596,
Contact STARLINK-4347 - STARLINK-5660,43048.697,43734.637,685.940,
Contact STARLINK-4347 - STARLINK-5660,57412.072,58089.866,677.794,
Contact STARLINK-4347 - STARLINK-5660,71768.313,72453.619,685.306,
Contact STARLINK-4347 - STARLINK-5660,86132.050,86400.000,267.950,
Contact STARLINK-4347 - STARLINK-32094,2869.973,3784.568,914.596,
Contact STARLINK-4347 - STARLINK-32094,14177.420,18009.942,3832.522,
Contact STARLINK-4347 - STARLINK-32094,28391.696,29336.321,944.625,
Contact STARLINK-4347 - STARLINK-32094,42685.076,43418.131,733.054,
Contact STARLINK-4347 - STARLINK-4127,25159.188,25692.702,533.513,
Contact STARLINK-4347 - STARLINK-4127,39496.129,40042.836,546.707,
Contact STARLINK-4347 - STARLINK-4127,53817.723,54408.391,590.668,
Contact STARLINK-4347 - STARLINK-4127,68156.963,68756.178,599.215,
Contact STARLINK-4347 - STARLINK-4127,82481.709,83118.457,636.749,
Contact STARLINK-4347 - STARLINK-31827,60914.002,61722.529,808.527,
Contact STARLINK-4347 - STARLINK-31827,69125.850,82232.163,13106.313,
Contact STARLINK-4347 - STARLINK-31827,82988.627,86400.000,3411.373,
Contact STARLINK-4347 - STARLINK-31800,6853.881,7351.590,497.709,
Contact STARLINK-4347 - STARLINK-31800,32306.779,32964.210,657.431,
Contact STARLINK-4347 - STARLINK-31800,46461.162,47177.511,716.349,
Contact STARLINK-4347 - STARLINK-31800,60627.139,61381.091,753.952,
Contact STARLINK-4347 - STARLINK-31800,71972.044,72730.861,758.817,
Contact STARLINK-4347 - STARLINK-31800,86171.971,86400.000,228.029,
Contact STARLINK-4347 - STARLINK-4254,0.000,711.988,711.988,
Contact STARLINK-4347 - STARLINK-4254,14216.367,15061.370,845.003,
Contact STARLINK-4347 - STARLINK-4254,28552.749,29397.683,844.934,
Contact STARLINK-4347 - STARLINK-4254,42879.431,43745.270,865.839,
Contact STARLINK-4347 - STARLINK-4254,57218.269,58079.226,860.957,
Contact STARLINK-4347 - STARLINK-4254,71547.249,72424.572,877.323,
Contact STARLINK-4347 - STARLINK-4254,85889.022,86400.000,510.978,
Contact STARLINK-4347 - STARLINK-3533,0.000,10022.832,10022.832,
Contact STARLINK-4347 - STARLINK-3533,17402.958,18544.290,1141.332,
Contact STARLINK-4347 - STARLINK-3533,31981.822,32636.195,654.373,
Contact STARLINK-4347 - STARLINK-31987,58362.538,68254.487,9891.950,
Contact STARLINK-4347 - STARLINK-31987,72093.788,86400.000,14306.212,
Contact STARLINK-4347 - STARLINK-6311,46723.059,46893.462,170.403,
Contact STARLINK-4347 - STARLINK-6311,60982.217,61336.506,354.289,
Contact STARLINK-4347 - STARLINK-6311,75295.025,75726.804,431.779,
Contact STARLINK-4347 - STARLINK-2228,40469.955,47311.904,6841.949,
Contact STARLINK-4347 - STARLINK-2228,54240.001,64335.503,10095.502,
Contact STARLINK-4347 - STARLINK-2228,71455.279,72575.146,1119.867,
Contact STARLINK-4347 - STARLINK-1736,61147.904,61211.649,63.744,
Contact STARLINK-4347 - STARLINK-1736,75156.835,75637.879,481.044,
Contact STARLINK-4347 - STARLINK-30425,35851.554,36222.622,371.068,
Contact STARLINK-4347 - STARLINK-30425,75329.036,75940.383,611.347,
Contact STARLINK-4347 - STARLINK-3346,6513.749,7255.357,741.608,
Contact STARLINK-4347 - STARLINK-3346,17959.872,18703.560,743.688,
Contact STARLINK-4347 - STARLINK-3346,32268.223,33013.756,745.533,
Contact STARLINK-4347 - STARLINK-3346,46575.968,47323.233,747.265,
Contact STARLINK-4347 - STARLINK-3346,60884.040,61633.742,749.701,
Contact STARLINK-4347 - STARLINK-3346,75193.254,75941.661,748.407,
Contact STARLINK-4347 - STARLINK-30320,31786.038,32434.090,648.052,
Contact STARLINK-4347 - STARLINK-30320,43038.821,43871.838,833.017,
Contact STARLINK-4347 - STARLINK-30320,57175.189,58097.067,921.878,
Contact STARLINK-4347 - STARLINK-30320,71366.351,72267.737,901.385,
Contact STARLINK-4347 - STARLINK-30320,82778.823,83545.294,766.470,
Contact STARLINK-4347 - STARLINK-31919,6540.523,7345.194,804.671,
Contact STARLINK-4347 - STARLINK-31639,3042.784,3743.767,700.983,
Contact STARLINK-4347 - STARLINK-31639,17247.739,18010.355,762.617,
Contact STARLINK-4347 - STARLINK-31639,28618.126,29417.732,799.606,
Contact STARLINK-4347 - STARLINK-31639,42839.400,43669.298,829.898,
Contact STARLINK-4347 - STARLINK-31639,57087.895,57892.257,804.362,
Contact STARLINK-4347 - STARLINK-31639,71342.669,72110.340,767.671,
Contact STARLINK-4347 - STARLINK-31639,82765.267,83465.721,700.454,
Contact STARLINK-4347 - STARLINK-31600,17981.387,18404.066,422.679,
Contact STARLINK-4347 - STARLINK-31764,6625.038,7248.845,623.807,
Contact STARLINK-4347 - STARLINK-31764,17949.036,18624.814,675.778,
Contact STARLINK-4347 - STARLINK-31764,32112.209,32837.305,725.096,
Contact STARLINK-4347 - STARLINK-31764,46288.535,47034.583,746.048,
Contact STARLINK-4347 - STARLINK-31764,60475.278,61223.265,747.987,
Contact STARLINK-4347 - STARLINK-31764,71836.380,72561.784,725.404,
Contact STARLINK-4347 - STARLINK-31764,86055.454,86400.000,344.546,
Contact STARLINK-4347 - STARLINK-31502,82441.890,82903.291,461.401,
Contact STARLINK-4347 - STARLINK-5618,0.000,522.882,522.882,
Contact STARLINK-4347 - STARLINK-5618,13685.833,14878.077,1192.244,
Contact STARLINK-4347 - STARLINK-5618,22289.918,29207.329,6917.411,
Contact STARLINK-4347 - STARLINK-5618,36605.929,43548.173,6942.244,
Contact STARLINK-4347 - STARLINK-5618,53808.528,57862.387,4053.860,
Contact STARLINK-4347 - STARLINK-5618,68164.540,72187.721,4023.181,
Contact STARLINK-4347 - STARLINK-5618,82505.625,86400.000,3894.375,
Contact STARLINK-4347 - STARLINK-6255,3010.221,3837.672,827.451,
Contact STARLINK-4347 - STARLINK-6255,17377.101,18204.353,827.252,
Contact STARLINK-4347 - STARLINK-6255,31732.503,32583.080,850.577,
Contact STARLINK-4347 - STARLINK-6255,46099.360,46950.076,850.716,
Contact STARLINK-4347 - STARLINK-6255,57588.208,61329.157,3740.949,
Contact STARLINK-4347 - STARLINK-6255,71943.351,75696.451,3753.100,
Contact STARLINK-4347 - STARLINK-6255,86310.238,86400.000,89.762,
Contact STARLINK-4347 - STARLINK-3898,17715.788,18020.257,304.469,
Contact STARLINK-4347 - STARLINK-3898,31937.294,32451.135,513.842,
Contact STARLINK-4347 - STARLINK-3898,46208.608,46832.582,623.975,
Contact STARLINK-4347 - STARLINK-3898,60471.485,61222.037,750.552,
Contact STARLINK-4347 - STARLINK-3898,71895.711,72719.909,824.199,
Contact STARLINK-4347 - STARLINK-3898,86190.301,86400.000,209.699,
Contact STARLINK-4347 - STARLINK-30842,7025.439,7819.295,793.856,
Contact STARLINK-4347 - STARLINK-30842,21392.624,22176.812,784.188,
Contact STARLINK-4347 - STARLINK-30842,35749.749,36543.266,793.517,
Contact STARLINK-4347 - STARLINK-30842,50116.851,50900.791,783.940,
Contact STARLINK-4347 - STARLINK-30842,64474.202,65266.933,792.731,
Contact STARLINK-4347 - STARLINK-30842,78841.191,79624.495,783.304,
Contact STARLINK-4347 - STARLINK-31539,32239.929,39274.732,7034.803,
Contact STARLINK-4347 - STARLINK-31539,43367.222,53578.878,10211.656,
Contact STARLINK-4347 - STARLINK-31539,54691.707,61984.771,7293.064,
Contact STARLINK-4347 - STARLINK-31539,75047.009,75767.737,720.729,
Contact STARLINK-4347 - STARLINK-5807,10197.983,10990.027,792.044,
Contact STARLINK-4347 - STARLINK-5807,24578.825,25383.775,804.950,
Contact STARLINK-4347 - STARLINK-5807,38973.458,39763.682,790.224,
Contact STARLINK-4347 - STARLINK-5807,53354.394,54157.325,802.931,
Contact STARLINK-4347 - STARLINK-5807,67749.106,68537.105,787.999,
Contact STARLINK-4347 - STARLINK-5807,82130.122,82930.659,800.537,
Contact STARLINK-4347 - STARLINK-30367,3249.104,3885.031,635.926,
Contact STARLINK-4347 - STARLINK-30367,17618.661,18258.460,639.799,
Contact STARLINK-4347 - STARLINK-30367,31969.640,32648.903,679.263,
Contact STARLINK-4347 - STARLINK-30367,46338.921,47023.183,684.262,
Contact STARLINK-4347 - STARLINK-30367,60689.988,61413.732,723.744,
Contact STARLINK-4347 - STARLINK-30367,75059.056,75788.837,729.782,
Contact STARLINK-4347 - STARLINK-4290,25175.781,25680.310,504.529,
Contact STARLINK-4347 - STARLINK-4290,39582.464,39902.044,319.580,
Contact STARLINK-4347 - STARLINK-5151,507.642,13668.041,13160.400,
Contact STARLINK-4347 - STARLINK-5151,14890.203,22104.183,7213.980,
Contact STARLINK-4347 - STARLINK-5151,32287.270,36130.007,3842.737,
Contact STARLINK-4347 - STARLINK-6142,0.000,233.149,233.149,
Contact STARLINK-4347 - STARLINK-6142,13942.233,14592.240,650.008,
Contact STARLINK-4347 - STARLINK-6142,28309.548,28937.810,628.262,
Contact STARLINK-4347 - STARLINK-6142,42665.159,43296.416,631.256,
Contact STARLINK-4347 - STARLINK-6142,57033.660,57640.881,607.221,
Contact STARLINK-4347 - STARLINK-2388,10213.675,10980.477,766.802,
Contact STARLINK-4347 - STARLINK-2388,24510.982,25305.334,794.352,
Contact STARLINK-4347 - STARLINK-2388,35955.951,39615.593,3659.642,
Contact STARLINK-4347 - STARLINK-2388,50270.323,51066.868,796.545,
Contact STARLINK-4347 - STARLINK-2388,64574.804,65384.293,809.489,
Contact STARLINK-4347 - STARLINK-2388,78892.941,79689.005,796.064,
Contact STARLINK-4347 - STARLINK-1700,7032.246,7789.650,757.404,
Contact STARLINK-4347 - STARLINK-1700,21374.500,22124.539,750.039,
Contact STARLINK-4347 - STARLINK-1700,35707.411,36468.001,760.591,
Contact STARLINK-4347 - STARLINK-1700,50049.621,50802.913,753.292,
Contact STARLINK-4347 - STARLINK-1700,64383.250,65145.599,762.349,
Contact STARLINK-4347 - STARLINK-1700,78725.308,79480.642,755.334,
Contact STARLINK-4347 - STARLINK-31463,24509.528,25319.644,810.116,
Contact STARLINK-4347 - STARLINK-31463,35781.605,39652.385,3870.781,
Contact STARLINK-4347 - STARLINK-31463,49957.362,51061.920,1104.558,
Contact STARLINK-4347 - STARLINK-31463,64197.483,65262.661,1065.178,
Contact STARLINK-4347 - STARLINK-31463,78527.451,79371.172,843.720,
Contact STARLINK-4347 - MoonARTEMIS1,0.000,31068.039,31068.039,
Contact STARLINK-4347 - MoonARTEMIS1,33973.053,86400.000,52426.947,
Contact STARLINK-4347 - MoonARTEMIS2,0.000,47341.816,47341.816,
Contact STARLINK-4347 - MoonARTEMIS2,51255.329,86400.000,35144.671,
Contact STARLINK-4347 - MoonIOAGEO,0.000,12983.696,12983.696,
Contact STARLINK-4347 - MoonIOAGEO,17171.208,57263.972,40092.764,
Contact STARLINK-4347 - MoonIOAGEO,61440.311,86400.000,24959.689,
Contact STARLINK-4347 - MoonIOAGNO,0.000,86400.000,86400.000,
Contact STARLINK-4347 - MoonIOAGNO 0001,0.000,86400.000,86400.000,
Contact STARLINK-4347 - MoonIOAGSO,0.000,8820.455,8820.455,
Contact STARLINK-4347 - MoonIOAGSO,11695.436,52226.875,40531.439,
Contact STARLINK-4347 - MoonIOAGSO,55021.451,86400.000,31378.549,
Contact STARLINK-4347 - MoonIOAGSO 0001,0.000,30490.361,30490.361,
Contact STARLINK-4347 - MoonIOAGSO 0001,33425.760,73975.346,40549.586,
Contact STARLINK-4347 - MoonIOAGSO 0001,76684.798,86400.000,9715.202,
Contact STARLINK-4347 - MoonLRO,30.891,17644.668,17613.777,
Contact STARLINK-4347 - MoonLRO,20467.832,24451.568,3983.736,
Contact STARLINK-4347 - MoonLRO,27320.711,31269.811,3949.099,
Contact STARLINK-4347 - MoonLRO,34168.870,38120.398,3951.528,
Contact STARLINK-4347 - MoonLRO,40985.840,44984.125,3998.285,
Contact STARLINK-4347 - MoonLRO,47784.981,51821.904,4036.922,
Contact STARLINK-4347 - MoonLRO,54597.834,58631.659,4033.826,
Contact STARLINK-4347 - MoonLRO,61442.929,79158.005,17715.075,
Contact STARLINK-4347 - MoonLRO,81927.204,86007.814,4080.610,
Contact STARLINK-4347 - MarsSat1,0.000,3160.250,3160.250,
Contact STARLINK-4347 - MarsSat1,5105.567,8911.850,3806.283,
Contact STARLINK-4347 - MarsSat1,10856.963,20415.064,9558.102,
Contact STARLINK-4347 - MarsSat1,22359.770,31918.295,9558.524,
Contact STARLINK-4347 - MarsSat1,33862.578,37669.913,3807.335,
Contact STARLINK-4347 - MarsSat1,39613.973,49173.146,9559.172,
Contact STARLINK-4347 - MarsSat1,51116.737,60676.363,9559.626,
Contact STARLINK-4347 - MarsSat1,62619.467,77931.152,15311.685,
Contact STARLINK-4347 - MarsSat1,79873.547,86400.000,6526.453,
Contact STARLINK-4347 - MarsSat2,0.000,3160.277,3160.277,
Contact STARLINK-4347 - MarsSat2,5105.599,8911.850,3806.251,
Contact STARLINK-4347 - MarsSat2,10856.944,20415.017,9558.073,
Contact STARLINK-4347 - MarsSat2,22359.671,31918.213,9558.542,
Contact STARLINK-4347 - MarsSat2,33862.431,37669.817,3807.386,
Contact STARLINK-4347 - MarsSat2,39613.818,49173.032,9559.215,
Contact STARLINK-4347 - MarsSat2,51116.599,60676.254,9559.655,
Contact STARLINK-4347 - MarsSat2,62619.386,77931.093,15311.707,
Contact STARLINK-4347 - MarsSat2,79873.571,86400.000,6526.429,
Contact STARLINK-4347 - MarsSat3,0.000,3160.335,3160.335,
Contact STARLINK-4347 - MarsSat3,5105.688,8911.947,3806.259,
Contact STARLINK-4347 - MarsSat3,10857.059,20415.113,9558.054,
Contact STARLINK-4347 - MarsSat3,22359.757,31918.248,9558.490,
Contact STARLINK-4347 - MarsSat3,33862.472,37669.832,3807.360,
Contact STARLINK-4347 - MarsSat3,39613.851,49173.038,9559.187,
Contact STARLINK-4347 - MarsSat3,51116.636,60676.276,9559.641,
Contact STARLINK-4347 - MarsSat3,62619.439,77931.160,15311.721,
Contact STARLINK-4347 - MarsSat3,79873.642,86400.000,6526.358,
Contact STARLINK-4347 - MarsSat4,0.000,3160.224,3160.224,
Contact STARLINK-4347 - MarsSat4,5105.596,8911.870,3806.274,
Contact STARLINK-4347 - MarsSat4,10857.019,20415.098,9558.080,
Contact STARLINK-4347 - MarsSat4,22359.758,31918.257,9558.500,
Contact STARLINK-4347 - MarsSat4,33862.503,37669.876,3807.373,
Contact STARLINK-4347 - MarsSat4,43179.546,49173.150,5993.603,
Contact STARLINK-4347 - MarsSat4,51116.690,60676.292,9559.602,
Contact STARLINK-4347 - MarsSat4,62619.410,77931.172,15311.762,
Contact STARLINK-4347 - MarsSat4,79873.610,86400.000,6526.390,
Contact STARLINK-5501 - STARLINK-5562,0.000,86400.000,86400.000,
Contact STARLINK-5501 - STARLINK-5138,53920.049,54631.272,711.223,
Contact STARLINK-5501 - STARLINK-5138,68246.762,69000.304,753.542,
Contact STARLINK-5501 - STARLINK-5138,82572.751,83370.675,797.924,
Contact STARLINK-5501 - STARLINK-5698,0.000,86400.000,86400.000,
Contact STARLINK-5501 - STARLINK-31933,39174.605,39969.267,794.661,
Contact STARLINK-5501 - STARLINK-31933,53266.745,54285.642,1018.897,
Contact STARLINK-5501 - STARLINK-31933,64620.142,68484.667,3864.525,
Contact STARLINK-5501 - STARLINK-31933,78913.387,79772.268,858.881,
Contact STARLINK-5501 - STARLINK-1909,0.000,299.302,299.302,
Contact STARLINK-5501 - STARLINK-1909,13956.181,14662.751,706.570,
Contact STARLINK-5501 - STARLINK-1909,28279.296,29026.824,747.528,
Contact STARLINK-5501 - STARLINK-1909,42608.773,43385.003,776.229,
Contact STARLINK-5501 - STARLINK-1909,56938.717,57742.118,803.400,
Contact STARLINK-5501 - STARLINK-1909,71273.576,72094.914,821.338,
Contact STARLINK-5501 - STARLINK-1909,82742.948,86400.000,3657.052,
Contact STARLINK-5501 - STARLINK-32211,6929.085,13645.057,6715.972,
Contact STARLINK-5501 - STARLINK-32211,21140.244,22123.723,983.478,
Contact STARLINK-5501 - STARLINK-32211,35475.014,36162.732,687.718,
Contact STARLINK-5501 - STARLINK-30312,10303.891,11207.198,903.307,
Contact STARLINK-5501 - STARLINK-30312,24645.045,25599.224,954.179,
Contact STARLINK-5501 - STARLINK-30312,38999.726,39978.025,978.299,
Contact STARLINK-5501 - STARLINK-30312,53347.792,54363.098,1015.306,
Contact STARLINK-5501 - STARLINK-30312,67709.407,68734.941,1025.533,
Contact STARLINK-5501 - STARLINK-30312,79197.217,83113.050,3915.833,
Contact STARLINK-5501 - STARLINK-5250,10315.468,11051.844,736.376,
Contact STARLINK-5501 - STARLINK-5250,24677.815,25381.486,703.671,
Contact STARLINK-5501 - STARLINK-5250,39047.336,39702.656,655.320,
Contact STARLINK-5501 - STARLINK-5250,53414.748,54027.289,612.541,
Contact STARLINK-5501 - STARLINK-3081,433.109,7614.573,7181.464,
Contact STARLINK-5501 - STARLINK-3081,14863.190,22029.228,7166.039,
Contact STARLINK-5501 - STARLINK-3081,29270.239,36465.155,7194.917,
Contact STARLINK-5501 - STARLINK-3081,43701.205,50878.951,7177.746,
Contact STARLINK-5501 - STARLINK-3081,58109.227,65313.879,7204.652,
Contact STARLINK-5501 - STARLINK-3081,72541.102,79726.791,7185.689,
Contact STARLINK-5501 - STARLINK-32081,6962.715,7770.519,807.804,
Contact STARLINK-5501 - STARLINK-32081,21281.229,21926.332,645.103,
Contact STARLINK-5501 - STARLINK-32081,35650.610,36032.519,381.909,
Contact STARLINK-5501 - STARLINK-31617,17605.491,18023.803,418.312,
Contact STARLINK-5501 - STARLINK-31617,42961.422,43815.252,853.830,
Contact STARLINK-5501 - STARLINK-31617,57142.243,58047.467,905.224,
Contact STARLINK-5501 - STARLINK-31617,71393.933,72210.022,816.090,
Contact STARLINK-5501 - STARLINK-32235,3360.393,3672.962,312.568,
Contact STARLINK-5501 - STARLINK-32235,28568.507,29358.186,789.678,
Contact STARLINK-5501 - STARLINK-32235,42704.514,43495.288,790.774,
Contact STARLINK-5501 - STARLINK-32235,68346.410,68746.002,399.593,
Contact STARLINK-5501 - STARLINK-11266 [DTC],7161.646,7308.045,146.399,
Contact STARLINK-5501 - STARLINK-11266 [DTC],86202.870,86400.000,197.130,
Contact STARLINK-5501 - STARLINK-4617,0.000,709.977,709.977,
Contact STARLINK-5501 - STARLINK-4617,14377.445,15095.867,718.422,
Contact STARLINK-5501 - STARLINK-4617,28771.382,29493.136,721.754,
Contact STARLINK-5501 - STARLINK-4617,43176.960,43878.408,701.448,
Contact STARLINK-5501 - STARLINK-4617,57571.606,58274.963,703.357,
Contact STARLINK-5501 - STARLINK-4617,71977.896,72659.549,681.653,
Contact STARLINK-5501 - STARLINK-4617,86373.298,86400.000,26.702,
Contact STARLINK-5501 - STARLINK-30472,0.000,7030.292,7030.292,
Contact STARLINK-5501 - STARLINK-30472,7912.844,86400.000,78487.156,
Contact STARLINK-5501 - STARLINK-30196,0.000,304.745,304.745,
Contact STARLINK-5501 - STARLINK-30196,14040.785,14503.264,462.479,
Contact STARLINK-5501 - STARLINK-30825,82419.422,82987.606,568.184,
Contact STARLINK-5501 - STARLINK-31627,32393.340,32813.474,420.135,
Contact STARLINK-5501 - STARLINK-31627,46277.579,47444.977,1167.398,
Contact STARLINK-5501 - STARLINK-31627,54735.368,61833.704,7098.336,
Contact STARLINK-5501 - STARLINK-31627,68909.485,76111.231,7201.747,
Contact STARLINK-5501 - STARLINK-31627,86103.909,86400.000,296.091,
Contact STARLINK-5501 - STARLINK-3182,67646.821,68612.202,965.381,
Contact STARLINK-5501 - STARLINK-3182,75975.758,86103.035,10127.277,
Contact STARLINK-5501 - STARLINK-30331,0.000,540.161,540.161,
Contact STARLINK-5501 - STARLINK-30331,14180.032,14922.490,742.458,
Contact STARLINK-5501 - STARLINK-30331,28526.356,29310.019,783.663,
Contact STARLINK-5501 - STARLINK-30331,42882.140,43688.410,806.270,
Contact STARLINK-5501 - STARLINK-30331,57233.184,58071.122,837.938,
Contact STARLINK-5501 - STARLINK-30331,71592.586,72445.906,853.319,
Contact STARLINK-5501 - STARLINK-30331,85947.954,86400.000,452.046,
Contact STARLINK-5501 - STARLINK-31827,0.000,326.768,326.768,
Contact STARLINK-5501 - STARLINK-31827,13803.471,14579.414,775.943,
Contact STARLINK-5501 - STARLINK-31827,25161.867,28805.064,3643.197,
Contact STARLINK-5501 - STARLINK-31827,39386.003,40163.176,777.173,
Contact STARLINK-5501 - STARLINK-31827,53640.853,54335.622,694.769,
Contact STARLINK-5501 - STARLINK-31827,67927.937,68474.808,546.871,
Contact STARLINK-5501 - STARLINK-31800,0.000,6651.466,6651.466,
Contact STARLINK-5501 - STARLINK-31800,13844.708,14719.805,875.097,
Contact STARLINK-5501 - STARLINK-3533,6942.824,7415.449,472.625,
Contact STARLINK-5501 - STARLINK-3533,21348.303,21703.366,355.063,
Contact STARLINK-5501 - STARLINK-31987,0.000,60.427,60.427,
Contact STARLINK-5501 - STARLINK-31987,25048.046,25810.564,762.519,
Contact STARLINK-5501 - STARLINK-31987,39259.937,40076.809,816.872,
Contact STARLINK-5501 - STARLINK-31987,53495.071,54320.920,825.849,
Contact STARLINK-5501 - STARLINK-31987,67759.922,68534.186,774.264,
Contact STARLINK-5501 - STARLINK-31987,79189.632,79887.708,698.077,
Contact STARLINK-5501 - STARLINK-2228,0.000,287.049,287.049,
Contact STARLINK-5501 - STARLINK-2228,13655.043,14416.321,761.279,
Contact STARLINK-5501 - STARLINK-2228,25015.515,25676.707,661.192,
Contact STARLINK-5501 - STARLINK-2228,39283.768,39685.016,401.249,
Contact STARLINK-5501 - STARLINK-1736,0.000,3843.321,3843.321,
Contact STARLINK-5501 - STARLINK-1736,14109.458,15134.041,1024.583,
Contact STARLINK-5501 - STARLINK-1736,28591.585,29111.295,519.711,
Contact STARLINK-5501 - STARLINK-30425,17236.490,24767.117,7530.627,
Contact STARLINK-5501 - STARLINK-30425,25387.050,38809.855,13422.804,
Contact STARLINK-5501 - STARLINK-30425,39684.739,46928.603,7243.864,
Contact STARLINK-5501 - STARLINK-31919,6816.599,7449.788,633.189,
Contact STARLINK-5501 - STARLINK-5978,0.000,360.727,360.727,
Contact STARLINK-5501 - STARLINK-5978,14038.333,14769.590,731.257,
Contact STARLINK-5501 - STARLINK-5978,28447.612,29184.758,737.146,
Contact STARLINK-5501 - STARLINK-5978,42862.521,43593.617,731.097,
Contact STARLINK-5501 - STARLINK-5978,57271.800,58008.784,736.985,
Contact STARLINK-5501 - STARLINK-5978,71686.703,72417.639,730.936,
Contact STARLINK-5501 - STARLINK-5978,86095.982,86400.000,304.018,
Contact STARLINK-5501 - STARLINK-31764,0.000,546.003,546.003,
Contact STARLINK-5501 - STARLINK-30842,0.000,86400.000,86400.000,
Contact STARLINK-5501 - STARLINK-31539,10508.672,11354.011,845.339,
Contact STARLINK-5501 - STARLINK-31539,24703.614,25543.156,839.541,
Contact STARLINK-5501 - STARLINK-31539,38960.535,39669.738,709.203,
Contact STARLINK-5501 - STARLINK-5807,0.000,86400.000,86400.000,
Contact STARLINK-5501 - STARLINK-31722,71691.591,72199.535,507.944,
Contact STARLINK-5501 - STARLINK-31722,85778.218,86400.000,621.782,
Contact STARLINK-5501 - STARLINK-1581,32282.469,32732.149,449.681,
Contact STARLINK-5501 - STARLINK-1581,46345.094,47150.623,805.529,
Contact STARLINK-5501 - STARLINK-1581,60514.230,61460.744,946.514,
Contact STARLINK-5501 - STARLINK-1581,71887.208,75724.119,3836.911,
Contact STARLINK-5501 - STARLINK-1581,86148.700,86400.000,251.300,
Contact STARLINK-5501 - STARLINK-5151,6907.800,7802.066,894.266,
Contact STARLINK-5501 - STARLINK-5151,21237.215,22020.329,783.114,
Contact STARLINK-5501 - STARLINK-5151,35588.893,36217.300,628.407,
Contact STARLINK-5501 - STARLINK-2388,4471.666,86400.000,81928.334,
Contact STARLINK-5501 - STARLINK-1700,0.000,86400.000,86400.000,
Contact STARLINK-5501 - STARLINK-31463,10713.064,10939.638,226.574,
Contact STARLINK-5501 - STARLINK-31463,24589.783,25524.397,934.614,
Contact STARLINK-5501 - STARLINK-31463,35865.283,39868.974,4003.691,
Contact STARLINK-5501 - STARLINK-31463,50069.901,56938.633,6868.731,
Contact STARLINK-5501 - STARLINK-31463,64374.766,65418.212,1043.446,
Contact STARLINK-5501 - STARLINK-31463,78854.095,79400.387,546.291,
Contact STARLINK-5501 - MoonARTEMIS1,0.000,13256.414,13256.414,
Contact STARLINK-5501 - MoonARTEMIS1,14764.556,24921.271,10156.715,
Contact STARLINK-5501 - MoonARTEMIS1,26272.257,30769.128,4496.871,
Contact STARLINK-5501 - MoonARTEMIS1,33923.746,42326.743,8402.997,
Contact STARLINK-5501 - MoonARTEMIS1,43564.898,53925.009,10360.111,
Contact STARLINK-5501 - MoonARTEMIS1,55089.472,71386.154,16296.682,
Contact STARLINK-5501 - MoonARTEMIS1,72355.427,86400.000,14044.573,
Contact STARLINK-5501 - MoonARTEMIS2,0.000,13422.017,13422.017,
Contact STARLINK-5501 - MoonARTEMIS2,14703.536,25034.750,10331.214,
Contact STARLINK-5501 - MoonARTEMIS2,26228.505,42410.518,16182.013,
Contact STARLINK-5501 - MoonARTEMIS2,43541.171,47368.490,3827.319,
Contact STARLINK-5501 - MoonARTEMIS2,51398.567,86400.000,35001.433,
Contact STARLINK-5501 - MoonIOAGEO,0.000,13003.544,13003.544,
Contact STARLINK-5501 - MoonIOAGEO,17268.675,24981.174,7712.499,
Contact STARLINK-5501 - MoonIOAGEO,26262.564,42363.313,16100.749,
Contact STARLINK-5501 - MoonIOAGEO,43550.165,57332.765,13782.600,
Contact STARLINK-5501 - MoonIOAGEO,61321.597,71724.106,10402.510,
Contact STARLINK-5501 - MoonIOAGEO,72206.851,86400.000,14193.149,
Contact STARLINK-5501 - MoonIOAGNO,0.000,13335.086,13335.086,
Contact STARLINK-5501 - MoonIOAGNO,14721.638,24922.358,10200.720,
Contact STARLINK-5501 - MoonIOAGNO,26218.040,42347.234,16129.194,
Contact STARLINK-5501 - MoonIOAGNO,43532.793,71659.227,28126.434,
Contact STARLINK-5501 - MoonIOAGNO,72133.785,86400.000,14266.215,
Contact STARLINK-5501 - MoonIOAGNO 0001,0.000,13275.496,13275.496,
Contact STARLINK-5501 - MoonIOAGNO 0001,14720.472,24906.479,10186.007,
Contact STARLINK-5501 - MoonIOAGNO 0001,26281.265,42410.100,16128.835,
Contact STARLINK-5501 - MoonIOAGNO 0001,43473.503,71584.697,28111.194,
Contact STARLINK-5501 - MoonIOAGNO 0001,72288.186,86400.000,14111.814,
Contact STARLINK-5501 - MoonIOAGSO,0.000,7499.837,7499.837,
Contact STARLINK-5501 - MoonIOAGSO,14774.885,24984.560,10209.675,
Contact STARLINK-5501 - MoonIOAGSO,26320.274,42422.128,16101.855,
Contact STARLINK-5501 - MoonIOAGSO,43556.913,52199.023,8642.110,
Contact STARLINK-5501 - MoonIOAGSO,55126.005,71648.180,16522.175,
Contact STARLINK-5501 - MoonIOAGSO,72344.667,86400.000,14055.333,
Contact STARLINK-5501 - MoonIOAGSO 0001,0.000,13356.775,13356.775,
Contact STARLINK-5501 - MoonIOAGSO 0001,14787.467,24942.945,10155.478,
Contact STARLINK-5501 - MoonIOAGSO 0001,26266.434,30492.588,4226.155,
Contact STARLINK-5501 - MoonIOAGSO 0001,33415.829,42436.317,9020.488,
Contact STARLINK-5501 - MoonIOAGSO 0001,43593.124,71619.172,28026.048,
Contact STARLINK-5501 - MoonIOAGSO 0001,76707.700,86400.000,9692.300,
Contact STARLINK-5501 - MoonLRO,0.000,10796.223,10796.223,
Contact STARLINK-5501 - MoonLRO,20523.050,24441.614,3918.564,
Contact STARLINK-5501 - MoonLRO,27332.418,30753.030,3420.612,
Contact STARLINK-5501 - MoonLRO,34133.366,38154.349,4020.983,
Contact STARLINK-5501 - MoonLRO,49297.359,51784.997,2487.638,
Contact STARLINK-5501 - MoonLRO,55057.998,58608.050,3550.053,
Contact STARLINK-5501 - MoonLRO,61474.366,71635.045,10160.679,
Contact STARLINK-5501 - MoonLRO,75079.523,79167.170,4087.646,
Contact STARLINK-5501 - MoonLRO,81909.320,85978.420,4069.100,
Contact STARLINK-5501 - MarsSat1,0.000,9519.278,9519.278,
Contact STARLINK-5501 - MarsSat1,11264.538,21051.203,9786.665,
Contact STARLINK-5501 - MarsSat1,22803.855,38349.015,15545.160,
Contact STARLINK-5501 - MarsSat1,40112.512,49880.875,9768.363,
Contact STARLINK-5501 - MarsSat1,51651.411,67178.672,15527.261,
Contact STARLINK-5501 - MarsSat1,68959.523,78710.521,9750.998,
Contact STARLINK-5501 - MarsSat1,80498.148,86400.000,5901.852,
Contact STARLINK-5501 - MarsSat2,0.000,9519.285,9519.285,
Contact STARLINK-5501 - MarsSat2,11264.533,21051.297,9786.764,
Contact STARLINK-5501 - MarsSat2,22803.837,38349.182,15545.345,
Contact STARLINK-5501 - MarsSat2,40112.525,49881.044,9768.519,
Contact STARLINK-5501 - MarsSat2,51651.476,67178.768,15527.292,
Contact STARLINK-5501 - MarsSat2,68959.652,78710.545,9750.893,
Contact STARLINK-5501 - MarsSat2,80498.272,86400.000,5901.728,
Contact STARLINK-5501 - MarsSat3,0.000,9519.142,9519.142,
Contact STARLINK-5501 - MarsSat3,11264.462,21051.173,9786.711,
Contact STARLINK-5501 - MarsSat3,22803.773,38349.150,15545.377,
Contact STARLINK-5501 - MarsSat3,40112.544,49881.017,9768.473,
Contact STARLINK-5501 - MarsSat3,51651.506,67178.705,15527.198,
Contact STARLINK-5501 - MarsSat3,68959.640,78710.455,9750.815,
Contact STARLINK-5501 - MarsSat3,80498.211,86400.000,5901.789,
Contact STARLINK-5501 - MarsSat4,0.000,9031.017,9031.017,
Contact STARLINK-5501 - MarsSat4,11264.520,21051.184,9786.664,
Contact STARLINK-5501 - MarsSat4,22803.800,38349.082,15545.282,
Contact STARLINK-5501 - MarsSat4,43179.689,49880.903,6701.213,
Contact STARLINK-5501 - MarsSat4,51651.378,67178.743,15527.365,
Contact STARLINK-5501 - MarsSat4,68959.628,78710.465,9750.838,
Contact STARLINK-5501 - MarsSat4,80498.168,86400.000,5901.832,
Contact STARLINK-5562 - STARLINK-5138,0.000,299.455,299.455,
Contact STARLINK-5562 - STARLINK-5138,13886.755,14642.902,756.147,
Contact STARLINK-5562 - STARLINK-5138,28227.908,28982.561,754.653,
Contact STARLINK-5562 - STARLINK-5138,42565.798,43326.464,760.666,
Contact STARLINK-5562 - STARLINK-5138,56907.787,57665.301,757.515,
Contact STARLINK-5562 - STARLINK-5138,68379.868,72009.576,3629.708,
Contact STARLINK-5562 - STARLINK-5138,82717.249,83482.661,765.412,
Contact STARLINK-5562 - STARLINK-31217,32145.882,32503.026,357.144,
Contact STARLINK-5562 - STARLINK-31217,57558.968,58117.651,558.683,
Contact STARLINK-5562 - STARLINK-31217,71688.254,72337.954,649.701,
Contact STARLINK-5562 - STARLINK-31217,85830.538,86400.000,569.462,
Contact STARLINK-5562 - STARLINK-5698,10098.349,11192.497,1094.148,
Contact STARLINK-5562 - STARLINK-5698,24487.171,25553.925,1066.754,
Contact STARLINK-5562 - STARLINK-5698,38901.775,39899.254,997.479,
Contact STARLINK-5562 - STARLINK-5698,53297.849,54253.880,956.031,
Contact STARLINK-5562 - STARLINK-5698,67722.844,68589.751,866.907,
Contact STARLINK-5562 - STARLINK-5698,82128.692,82935.127,806.435,
Contact STARLINK-5562 - STARLINK-31933,0.000,229.422,229.422,
Contact STARLINK-5562 - STARLINK-31933,13869.305,14510.565,641.259,
Contact STARLINK-5562 - STARLINK-31933,25185.761,25914.481,728.721,
Contact STARLINK-5562 - STARLINK-31933,39357.706,40141.956,784.250,
Contact STARLINK-5562 - STARLINK-31933,53546.905,54353.127,806.222,
Contact STARLINK-5562 - STARLINK-31933,67775.184,68524.463,749.279,
Contact STARLINK-5562 - STARLINK-31933,79176.475,79843.593,667.119,
Contact STARLINK-5562 - STARLINK-1909,0.000,462.500,462.500,
Contact STARLINK-5562 - STARLINK-1909,14058.419,14794.989,736.570,
Contact STARLINK-5562 - STARLINK-1909,28397.548,29128.272,730.725,
Contact STARLINK-5562 - STARLINK-1909,42737.651,43461.352,723.701,
Contact STARLINK-5562 - STARLINK-1909,57077.592,57793.843,716.251,
Contact STARLINK-5562 - STARLINK-1909,71416.857,72127.675,710.817,
Contact STARLINK-5562 - STARLINK-1909,85757.523,86400.000,642.477,
Contact STARLINK-5562 - STARLINK-32211,10130.725,10919.404,788.678,
Contact STARLINK-5562 - STARLINK-32211,21501.675,22240.414,738.739,
Contact STARLINK-5562 - STARLINK-32211,35744.369,36363.162,618.793,
Contact STARLINK-5562 - STARLINK-32211,50062.988,50411.289,348.301,
Contact STARLINK-5562 - STARLINK-30312,10531.016,11347.203,816.187,
Contact STARLINK-5562 - STARLINK-30312,24885.707,25713.026,827.319,
Contact STARLINK-5562 - STARLINK-30312,39249.568,40068.790,819.222,
Contact STARLINK-5562 - STARLINK-30312,53604.629,54434.297,829.668,
Contact STARLINK-5562 - STARLINK-30312,67969.485,68789.149,819.664,
Contact STARLINK-5562 - STARLINK-30312,82325.079,83154.179,829.100,
Contact STARLINK-5562 - STARLINK-5250,10536.630,11064.386,527.756,
Contact STARLINK-5562 - STARLINK-5250,24870.039,25407.904,537.866,
Contact STARLINK-5562 - STARLINK-5250,39213.764,39740.875,527.111,
Contact STARLINK-5562 - STARLINK-5250,53545.536,54085.944,540.407,
Contact STARLINK-5562 - STARLINK-5250,67888.991,68419.202,530.211,
Contact STARLINK-5562 - STARLINK-3081,6790.193,7777.416,987.223,
Contact STARLINK-5562 - STARLINK-3081,21205.684,22189.874,984.191,
Contact STARLINK-5562 - STARLINK-3081,35604.371,36619.192,1014.820,
Contact STARLINK-5562 - STARLINK-3081,50021.179,51030.425,1009.246,
Contact STARLINK-5562 - STARLINK-3081,64421.223,65458.414,1037.191,
Contact STARLINK-5562 - STARLINK-3081,78839.519,79868.257,1028.738,
Contact STARLINK-5562 - STARLINK-5057,0.000,494.595,494.595,
Contact STARLINK-5562 - STARLINK-5057,14300.103,14826.323,526.221,
Contact STARLINK-5562 - STARLINK-5057,28611.383,29156.982,545.599,
Contact STARLINK-5562 - STARLINK-5057,42919.316,43492.151,572.835,
Contact STARLINK-5562 - STARLINK-5057,57230.063,57823.307,593.243,
Contact STARLINK-5562 - STARLINK-5057,71535.822,72160.653,624.832,
Contact STARLINK-5562 - STARLINK-5057,85846.889,86400.000,553.111,
Contact STARLINK-5562 - STARLINK-30214,3110.376,4053.793,943.417,
Contact STARLINK-5562 - STARLINK-30214,17493.131,18469.731,976.599,
Contact STARLINK-5562 - STARLINK-30214,31882.906,32863.502,980.596,
Contact STARLINK-5562 - STARLINK-30214,46266.604,47277.405,1010.802,
Contact STARLINK-5562 - STARLINK-30214,60657.520,61669.662,1012.142,
Contact STARLINK-5562 - STARLINK-30214,75041.993,76081.696,1039.702,
Contact STARLINK-5562 - STARLINK-32081,21475.770,22101.279,625.510,
Contact STARLINK-5562 - STARLINK-32081,35725.287,36313.191,587.904,
Contact STARLINK-5562 - STARLINK-32081,49991.533,50509.265,517.731,
Contact STARLINK-5562 - STARLINK-31617,3204.569,4030.137,825.567,
Contact STARLINK-5562 - STARLINK-31617,17394.753,18242.741,847.988,
Contact STARLINK-5562 - STARLINK-31617,28779.462,32407.658,3628.196,
Contact STARLINK-5562 - STARLINK-31617,43049.220,43716.374,667.154,
Contact STARLINK-5562 - STARLINK-31617,57352.254,57817.851,465.597,
Contact STARLINK-5562 - STARLINK-32235,3176.199,3951.456,775.257,
Contact STARLINK-5562 - STARLINK-32235,17342.663,18044.614,701.952,
Contact STARLINK-5562 - STARLINK-32235,28717.320,29279.470,562.150,
Contact STARLINK-5562 - STARLINK-32235,43004.766,43256.304,251.539,
Contact STARLINK-5562 - STARLINK-11266 [DTC],7120.652,7619.091,498.439,
Contact STARLINK-5562 - STARLINK-11266 [DTC],21247.823,21761.214,513.391,
Contact STARLINK-5562 - STARLINK-11266 [DTC],46638.192,47254.235,616.043,
Contact STARLINK-5562 - STARLINK-11266 [DTC],60753.178,61408.379,655.200,
Contact STARLINK-5562 - STARLINK-11266 [DTC],86170.767,86400.000,229.233,
Contact STARLINK-5562 - STARLINK-30355,6730.164,7209.490,479.326,
Contact STARLINK-5562 - STARLINK-30355,61162.931,61814.341,651.410,
Contact STARLINK-5562 - STARLINK-30355,75486.792,76183.402,696.610,
Contact STARLINK-5562 - STARLINK-2602,82627.861,83256.745,628.884,
Contact STARLINK-5562 - STARLINK-32254,82799.147,83350.670,551.523,
Contact STARLINK-5562 - STARLINK-30472,0.000,6602.720,6602.720,
Contact STARLINK-5562 - STARLINK-30472,7578.978,20974.969,13395.991,
Contact STARLINK-5562 - STARLINK-30472,21963.761,35359.172,13395.411,
Contact STARLINK-5562 - STARLINK-30472,36327.957,49712.311,13384.353,
Contact STARLINK-5562 - STARLINK-30472,50730.994,61197.319,10466.326,
Contact STARLINK-5562 - STARLINK-30472,65114.154,75556.897,10442.744,
Contact STARLINK-5562 - STARLINK-30472,79533.051,86400.000,6866.949,
Contact STARLINK-5562 - STARLINK-30825,68377.300,68955.651,578.351,
Contact STARLINK-5562 - STARLINK-30825,82554.484,83279.139,724.654,
Contact STARLINK-5562 - STARLINK-31627,3406.443,4227.940,821.497,
Contact STARLINK-5562 - STARLINK-31627,17427.192,18724.127,1296.935,
Contact STARLINK-5562 - STARLINK-31627,25912.187,33057.075,7144.888,
Contact STARLINK-5562 - STARLINK-31627,40137.293,47296.148,7158.855,
Contact STARLINK-5562 - STARLINK-31627,57358.724,61404.619,4045.895,
Contact STARLINK-5562 - STARLINK-31627,71848.846,72613.018,764.173,
Contact STARLINK-5562 - STARLINK-3182,53759.054,54522.454,763.400,
Contact STARLINK-5562 - STARLINK-3182,67921.482,68887.849,966.367,
Contact STARLINK-5562 - STARLINK-3182,82115.909,83219.163,1103.254,
Contact STARLINK-5562 - STARLINK-32094,75466.934,76180.503,713.569,
Contact STARLINK-5562 - STARLINK-30331,0.000,643.866,643.866,
Contact STARLINK-5562 - STARLINK-30331,14218.619,14997.468,778.849,
Contact STARLINK-5562 - STARLINK-30331,28581.360,29355.361,774.002,
Contact STARLINK-5562 - STARLINK-30331,42949.511,43709.132,759.621,
Contact STARLINK-5562 - STARLINK-30331,57312.586,58066.617,754.031,
Contact STARLINK-5562 - STARLINK-30331,71680.310,72420.697,740.387,
Contact STARLINK-5562 - STARLINK-30331,86043.647,86400.000,356.353,
Contact STARLINK-5562 - STARLINK-31827,0.000,425.720,425.720,
Contact STARLINK-5562 - STARLINK-31827,13979.610,14605.458,625.848,
Contact STARLINK-5562 - STARLINK-31827,53832.685,54310.789,478.104,
Contact STARLINK-5562 - STARLINK-31827,68059.028,68498.253,439.225,
Contact STARLINK-5562 - STARLINK-30767,6852.935,7267.320,414.385,
Contact STARLINK-5562 - STARLINK-30767,21214.845,21609.970,395.125,
Contact STARLINK-5562 - STARLINK-3533,7035.423,7645.966,610.543,
Contact STARLINK-5562 - STARLINK-3533,21384.184,21976.374,592.190,
Contact STARLINK-5562 - STARLINK-3533,35718.941,36320.629,601.688,
Contact STARLINK-5562 - STARLINK-3533,50067.926,50650.845,582.919,
Contact STARLINK-5562 - STARLINK-3533,64402.745,64995.004,592.259,
Contact STARLINK-5562 - STARLINK-3533,78751.841,79325.146,573.305,
Contact STARLINK-5562 - STARLINK-31987,0.000,315.794,315.794,
Contact STARLINK-5562 - STARLINK-31987,13822.567,14547.144,724.577,
Contact STARLINK-5562 - STARLINK-31987,39454.963,40152.019,697.056,
Contact STARLINK-5562 - STARLINK-31987,53694.774,54377.971,683.197,
Contact STARLINK-5562 - STARLINK-31987,67943.680,68594.470,650.790,
Contact STARLINK-5562 - STARLINK-31987,82184.586,82819.147,634.560,
Contact STARLINK-5562 - STARLINK-31021,0.000,404.656,404.656,
Contact STARLINK-5562 - STARLINK-31021,14044.675,14773.764,729.089,
Contact STARLINK-5562 - STARLINK-31021,28409.958,29140.003,730.045,
Contact STARLINK-5562 - STARLINK-31021,42773.029,43509.660,736.631,
Contact STARLINK-5562 - STARLINK-31021,57138.526,57875.719,737.193,
Contact STARLINK-5562 - STARLINK-31021,71501.080,72245.926,744.845,
Contact STARLINK-5562 - STARLINK-31021,85866.782,86400.000,533.218,
Contact STARLINK-5562 - STARLINK-2228,0.000,241.187,241.187,
Contact STARLINK-5562 - STARLINK-2228,78890.174,79360.556,470.382,
Contact STARLINK-5562 - STARLINK-30425,0.000,7150.153,7150.153,
Contact STARLINK-5562 - STARLINK-30425,10937.855,21232.904,10295.049,
Contact STARLINK-5562 - STARLINK-30425,28268.934,29456.810,1187.875,
Contact STARLINK-5562 - STARLINK-31919,7098.152,7591.166,493.014,
Contact STARLINK-5562 - STARLINK-5978,0.000,488.774,488.774,
Contact STARLINK-5562 - STARLINK-5978,14190.178,14893.154,702.977,
Contact STARLINK-5562 - STARLINK-5978,28589.885,29300.259,710.374,
Contact STARLINK-5562 - STARLINK-5978,42992.316,43704.264,711.949,
Contact STARLINK-5562 - STARLINK-5978,57392.134,58111.228,719.094,
Contact STARLINK-5562 - STARLINK-5978,71794.933,72514.869,719.936,
Contact STARLINK-5562 - STARLINK-5978,86194.855,86400.000,205.145,
Contact STARLINK-5562 - STARLINK-30613,6930.988,7203.778,272.791,
Contact STARLINK-5562 - STARLINK-31502,82621.169,83447.472,826.303,
Contact STARLINK-5562 - STARLINK-5618,64736.557,65182.399,445.842,
Contact STARLINK-5562 - STARLINK-5618,79027.901,79566.165,538.264,
Contact STARLINK-5562 - STARLINK-30842,0.000,2893.939,2893.939,
Contact STARLINK-5562 - STARLINK-30842,10153.058,11506.762,1353.705,
Contact STARLINK-5562 - STARLINK-30842,24542.193,25864.782,1322.588,
Contact STARLINK-5562 - STARLINK-30842,38959.581,40213.770,1254.189,
Contact STARLINK-5562 - STARLINK-30842,53357.672,54563.476,1205.805,
Contact STARLINK-5562 - STARLINK-30842,67785.661,68902.787,1117.125,
Contact STARLINK-5562 - STARLINK-30842,82194.499,83242.547,1048.049,
Contact STARLINK-5562 - STARLINK-31539,0.000,61.918,61.918,
Contact STARLINK-5562 - STARLINK-31539,10722.444,11392.637,670.193,
Contact STARLINK-5562 - STARLINK-31539,24937.428,25551.461,614.033,
Contact STARLINK-5562 - STARLINK-31539,39166.668,39696.161,529.493,
Contact STARLINK-5562 - STARLINK-31539,64765.787,65170.480,404.693,
Contact STARLINK-5562 - STARLINK-31539,78989.586,79321.824,332.238,
Contact STARLINK-5562 - STARLINK-5807,0.000,3180.903,3180.903,
Contact STARLINK-5562 - STARLINK-5807,3833.437,17604.034,13770.597,
Contact STARLINK-5562 - STARLINK-5807,18180.152,32020.181,13840.029,
Contact STARLINK-5562 - STARLINK-5807,32593.840,46451.766,13857.926,
Contact STARLINK-5562 - STARLINK-5807,46932.209,60867.167,13934.958,
Contact STARLINK-5562 - STARLINK-5807,61347.520,75313.605,13966.085,
Contact STARLINK-5562 - STARLINK-5807,75671.178,86400.000,10728.822,
Contact STARLINK-5562 - STARLINK-31722,17806.348,18373.244,566.896,
Contact STARLINK-5562 - STARLINK-31722,31970.282,32600.347,630.065,
Contact STARLINK-5562 - STARLINK-31722,46133.035,46826.148,693.114,
Contact STARLINK-5562 - STARLINK-31722,57474.064,58196.696,722.632,
Contact STARLINK-5562 - STARLINK-31722,71661.616,72399.406,737.790,
Contact STARLINK-5562 - STARLINK-31722,85858.084,86400.000,541.916,
Contact STARLINK-5562 - STARLINK-1581,3567.419,7241.910,3674.491,
Contact STARLINK-5562 - STARLINK-1581,17720.328,18683.420,963.092,
Contact STARLINK-5562 - STARLINK-1581,31943.771,32928.070,984.299,
Contact STARLINK-5562 - STARLINK-1581,46204.717,47135.462,930.746,
Contact STARLINK-5562 - STARLINK-1581,60531.120,61277.892,746.772,
Contact STARLINK-5562 - STARLINK-4290,35373.950,36020.460,646.509,
Contact STARLINK-5562 - STARLINK-4290,46754.592,50427.935,3673.344,
Contact STARLINK-5562 - STARLINK-4290,61015.661,64825.339,3809.677,
Contact STARLINK-5562 - STARLINK-4290,75282.947,76320.358,1037.411,
Contact STARLINK-5562 - STARLINK-5151,7199.844,7925.698,725.854,
Contact STARLINK-5562 - STARLINK-5151,21491.311,22168.804,677.493,
Contact STARLINK-5562 - STARLINK-5151,35775.417,36419.701,644.283,
Contact STARLINK-5562 - STARLINK-5151,50078.665,50651.371,572.706,
Contact STARLINK-5562 - STARLINK-5151,64372.484,64892.550,520.066,
Contact STARLINK-5562 - STARLINK-2388,0.000,3007.151,3007.151,
Contact STARLINK-5562 - STARLINK-2388,10188.252,17390.248,7201.997,
Contact STARLINK-5562 - STARLINK-2388,24450.577,31753.882,7303.306,
Contact STARLINK-5562 - STARLINK-2388,33044.591,46074.903,13030.313,
Contact STARLINK-5562 - STARLINK-2388,47358.906,54657.524,7298.618,
Contact STARLINK-5562 - STARLINK-2388,61737.630,68921.570,7183.940,
Contact STARLINK-5562 - STARLINK-2388,76124.685,83158.875,7034.191,
Contact STARLINK-5562 - STARLINK-1700,0.000,3161.620,3161.620,
Contact STARLINK-5562 - STARLINK-1700,4241.114,17421.612,13180.498,
Contact STARLINK-5562 - STARLINK-1700,24477.934,31650.772,7172.838,
Contact STARLINK-5562 - STARLINK-1700,39000.602,40179.947,1179.345,
Contact STARLINK-5562 - STARLINK-1700,53522.938,54354.699,831.761,
Contact STARLINK-5562 - STARLINK-31463,10652.398,11423.340,770.942,
Contact STARLINK-5562 - STARLINK-31463,24833.601,25693.373,859.772,
Contact STARLINK-5562 - STARLINK-31463,39058.407,39918.822,860.415,
Contact STARLINK-5562 - STARLINK-31463,53304.656,54123.645,818.988,
Contact STARLINK-5562 - STARLINK-31463,64734.188,65455.167,720.979,
Contact STARLINK-5562 - STARLINK-31463,79078.171,79563.336,485.164,
Contact STARLINK-5562 - MoonARTEMIS1,0.000,7131.387,7131.387,
Contact STARLINK-5562 - MoonARTEMIS1,8171.387,31087.172,22915.785,
Contact STARLINK-5562 - MoonARTEMIS1,33926.155,86400.000,52473.845,
Contact STARLINK-5562 - MoonARTEMIS2,0.000,7186.260,7186.260,
Contact STARLINK-5562 - MoonARTEMIS2,7799.452,47396.224,39596.773,
Contact STARLINK-5562 - MoonARTEMIS2,51392.334,86400.000,35007.666,
Contact STARLINK-5562 - MoonIOAGEO,0.000,7146.499,7146.499,
Contact STARLINK-5562 - MoonIOAGEO,8082.241,12948.111,4865.870,
Contact STARLINK-5562 - MoonIOAGEO,17322.908,57365.310,40042.402,
Contact STARLINK-5562 - MoonIOAGEO,61244.350,86400.000,25155.650,
Contact STARLINK-5562 - MoonIOAGNO,0.000,7187.061,7187.061,
Contact STARLINK-5562 - MoonIOAGNO,8009.934,86400.000,78390.066,
Contact STARLINK-5562 - MoonIOAGNO 0001,0.000,7068.889,7068.889,
Contact STARLINK-5562 - MoonIOAGNO 0001,8077.482,86400.000,78322.518,
Contact STARLINK-5562 - MoonIOAGSO,0.000,7135.388,7135.388,
Contact STARLINK-5562 - MoonIOAGSO,11652.455,52217.092,40564.637,
Contact STARLINK-5562 - MoonIOAGSO,55104.399,86400.000,31295.601,
Contact STARLINK-5562 - MoonIOAGSO 0001,0.000,30417.776,30417.776,
Contact STARLINK-5562 - MoonIOAGSO 0001,33429.579,73973.267,40543.688,
Contact STARLINK-5562 - MoonIOAGSO 0001,76688.188,86400.000,9711.812,
Contact STARLINK-5562 - MoonLRO,0.000,3984.228,3984.228,
Contact STARLINK-5562 - MoonLRO,8014.012,17614.330,9600.318,
Contact STARLINK-5562 - MoonLRO,20507.511,24438.253,3930.742,
Contact STARLINK-5562 - MoonLRO,27338.770,31290.581,3951.810,
Contact STARLINK-5562 - MoonLRO,34142.815,38149.734,4006.919,
Contact STARLINK-5562 - MoonLRO,40947.628,44984.675,4037.047,
Contact STARLINK-5562 - MoonLRO,47780.189,51794.830,4014.642,
Contact STARLINK-5562 - MoonLRO,54634.750,58609.707,3974.956,
Contact STARLINK-5562 - MoonLRO,61476.916,79169.512,17692.596,
Contact STARLINK-5562 - MoonLRO,81904.404,85987.569,4083.166,
Contact STARLINK-5562 - MarsSat1,756.466,10356.638,9600.172,
Contact STARLINK-5562 - MarsSat1,12269.065,16113.255,3844.189,
Contact STARLINK-5562 - MarsSat1,18025.355,27626.483,9601.128,
Contact STARLINK-5562 - MarsSat1,29537.922,39139.734,9601.812,
Contact STARLINK-5562 - MarsSat1,41050.491,44896.376,3845.886,
Contact STARLINK-5562 - MarsSat1,46806.781,56409.694,9602.913,
Contact STARLINK-5562 - MarsSat1,58319.380,67923.036,9603.656,
Contact STARLINK-5562 - MarsSat1,69831.998,85193.015,15361.016,
Contact STARLINK-5562 - MarsSat2,756.408,10356.654,9600.246,
Contact STARLINK-5562 - MarsSat2,12269.090,16113.322,3844.233,
Contact STARLINK-5562 - MarsSat2,18025.415,27626.625,9601.210,
Contact STARLINK-5562 - MarsSat2,29538.035,39139.902,9601.867,
Contact STARLINK-5562 - MarsSat2,41050.631,44896.535,3845.904,
Contact STARLINK-5562 - MarsSat2,46806.922,56409.794,9602.872,
Contact STARLINK-5562 - MarsSat2,58319.498,67923.048,9603.550,
Contact STARLINK-5562 - MarsSat2,69832.067,85192.925,15360.859,
Contact STARLINK-5562 - MarsSat3,756.357,10356.552,9600.195,
Contact STARLINK-5562 - MarsSat3,12268.968,16113.226,3844.258,
Contact STARLINK-5562 - MarsSat3,18025.300,27626.570,9601.269,
Contact STARLINK-5562 - MarsSat3,29537.981,39139.860,9601.880,
Contact STARLINK-5562 - MarsSat3,41050.609,44896.491,3845.882,
Contact STARLINK-5562 - MarsSat3,46806.903,56409.739,9602.836,
Contact STARLINK-5562 - MarsSat3,58319.465,67922.984,9603.519,
Contact STARLINK-5562 - MarsSat3,69832.008,85192.874,15360.866,
Contact STARLINK-5562 - MarsSat4,756.476,9030.996,8274.520,
Contact STARLINK-5562 - MarsSat4,12269.005,16113.228,3844.224,
Contact STARLINK-5562 - MarsSat4,18025.313,27626.550,9601.237,
Contact STARLINK-5562 - MarsSat4,29537.972,39139.811,9601.839,
Contact STARLINK-5562 - MarsSat4,43179.665,44896.433,1716.768,
Contact STARLINK-5562 - MarsSat4,46806.791,56409.756,9602.965,
Contact STARLINK-5562 - MarsSat4,58319.447,67923.036,9603.588,
Contact STARLINK-5562 - MarsSat4,69832.041,85192.951,15360.911,
Contact STARLINK-1481 - STARLINK-5335,10230.518,11081.321,850.803,
Contact STARLINK-1481 - STARLINK-5335,24536.671,25311.738,775.067,
Contact STARLINK-1481 - STARLINK-5335,35985.243,36692.529,707.286,
Contact STARLINK-1481 - STARLINK-5335,50301.364,50913.228,611.865,
Contact STARLINK-1481 - STARLINK-5335,64639.599,65111.620,472.021,
Contact STARLINK-1481 - STARLINK-5335,78999.419,79288.625,289.206,
Contact STARLINK-1481 - STARLINK-3328,53397.891,54087.714,689.824,
Contact STARLINK-1481 - STARLINK-3328,61556.104,71842.898,10286.794,
Contact STARLINK-1481 - STARLINK-3328,72575.900,86400.000,13824.100,
Contact STARLINK-1481 - STARLINK-32211,43199.640,43879.385,679.746,
Contact STARLINK-1481 - STARLINK-32211,56974.842,58293.483,1318.641,
Contact STARLINK-1481 - STARLINK-32211,65333.317,75372.773,10039.457,
Contact STARLINK-1481 - STARLINK-32211,79329.933,86400.000,7070.067,
Contact STARLINK-1481 - STARLINK-5718,0.000,54799.234,54799.234,
Contact STARLINK-1481 - STARLINK-4621,10242.406,10979.537,737.131,
Contact STARLINK-1481 - STARLINK-4621,24540.100,25266.722,726.623,
Contact STARLINK-1481 - STARLINK-4621,35976.536,36698.662,722.127,
Contact STARLINK-1481 - STARLINK-4621,50268.862,50992.359,723.497,
Contact STARLINK-1481 - STARLINK-4621,64568.924,65277.169,708.245,
Contact STARLINK-1481 - STARLINK-4621,78861.510,79570.538,709.028,
Contact STARLINK-1481 - STARLINK-5905,28335.876,29211.685,875.809,
Contact STARLINK-1481 - STARLINK-5905,36744.103,43753.816,7009.713,
Contact STARLINK-1481 - STARLINK-5905,50746.730,61182.858,10436.128,
Contact STARLINK-1481 - STARLINK-5905,61969.491,86400.000,24430.509,
Contact STARLINK-1481 - STARLINK-5250,7165.394,7554.024,388.630,
Contact STARLINK-1481 - STARLINK-5250,21476.609,21741.259,264.650,
Contact STARLINK-1481 - STARLINK-30611,10122.401,11027.952,905.550,
Contact STARLINK-1481 - STARLINK-30611,21438.356,22346.457,908.101,
Contact STARLINK-1481 - STARLINK-30611,35594.482,36483.533,889.050,
Contact STARLINK-1481 - STARLINK-30611,49754.038,50616.923,862.885,
Contact STARLINK-1481 - STARLINK-30611,61090.917,61914.538,823.621,
Contact STARLINK-1481 - STARLINK-30611,75274.024,76024.735,750.711,
Contact STARLINK-1481 - STARLINK-30190,28224.572,35379.348,7154.776,
Contact STARLINK-1481 - STARLINK-30190,36590.929,50129.729,13538.800,
Contact STARLINK-1481 - STARLINK-30190,50537.866,78753.748,28215.882,
Contact STARLINK-1481 - STARLINK-30190,79347.694,86400.000,7052.306,
Contact STARLINK-1481 - STARLINK-5215,6911.279,7807.901,896.622,
Contact STARLINK-1481 - STARLINK-5215,21151.084,22045.385,894.300,
Contact STARLINK-1481 - STARLINK-5215,35391.568,36282.040,890.472,
Contact STARLINK-1481 - STARLINK-5215,46784.309,50518.465,3734.155,
Contact STARLINK-1481 - STARLINK-5215,61025.543,61907.039,881.495,
Contact STARLINK-1481 - STARLINK-5215,75267.735,76141.886,874.151,
Contact STARLINK-1481 - STARLINK-4125,0.000,86400.000,86400.000,
Contact STARLINK-1481 - STARLINK-32081,17841.432,18516.394,674.962,
Contact STARLINK-1481 - STARLINK-32081,31891.223,32751.070,859.847,
Contact STARLINK-1481 - STARLINK-32081,43147.565,46969.393,3821.828,
Contact STARLINK-1481 - STARLINK-32081,57233.901,58320.747,1086.845,
Contact STARLINK-1481 - STARLINK-32081,71353.947,72484.421,1130.474,
Contact STARLINK-1481 - STARLINK-32081,82660.209,86400.000,3739.791,
Contact STARLINK-1481 - STARLINK-1301,0.000,6598.093,6598.093,
Contact STARLINK-1481 - STARLINK-1301,7817.001,15080.579,7263.578,
Contact STARLINK-1481 - STARLINK-1301,22174.419,29241.008,7066.590,
Contact STARLINK-1481 - STARLINK-1301,39445.320,43347.944,3902.624,
Contact STARLINK-1481 - STARLINK-1301,53903.197,54611.356,708.159,
Contact STARLINK-1481 - STARLINK-2751,10089.936,11057.708,967.772,
Contact STARLINK-1481 - STARLINK-2751,21492.721,25312.110,3819.389,
Contact STARLINK-1481 - STARLINK-2751,35752.042,36716.495,964.454,
Contact STARLINK-1481 - STARLINK-2751,50006.966,50973.235,966.270,
Contact STARLINK-1481 - STARLINK-2751,64271.666,65220.058,948.391,
Contact STARLINK-1481 - STARLINK-2751,78531.669,79471.672,940.002,
Contact STARLINK-1481 - STARLINK-1015,67379.606,86400.000,19020.394,
Contact STARLINK-1481 - STARLINK-11266 [DTC],3525.011,7236.570,3711.560,
Contact STARLINK-1481 - STARLINK-11266 [DTC],17573.379,18462.563,889.185,
Contact STARLINK-1481 - STARLINK-11266 [DTC],31695.120,32432.216,737.096,
Contact STARLINK-1481 - STARLINK-11266 [DTC],43051.897,43549.672,497.775,
Contact STARLINK-1481 - STARLINK-30355,86235.910,86400.000,164.090,
Contact STARLINK-1481 - STARLINK-30316,21511.672,21977.290,465.618,
Contact STARLINK-1481 - STARLINK-2602,0.000,497.292,497.292,
Contact STARLINK-1481 - STARLINK-6044,0.000,593.875,593.875,
Contact STARLINK-1481 - STARLINK-6044,14047.133,14809.580,762.447,
Contact STARLINK-1481 - STARLINK-6044,28466.373,29002.033,535.659,
Contact STARLINK-1481 - STARLINK-4617,0.000,188.813,188.813,
Contact STARLINK-1481 - STARLINK-4617,13878.684,14477.598,598.914,
Contact STARLINK-1481 - STARLINK-4617,53934.001,54503.938,569.937,
Contact STARLINK-1481 - STARLINK-4617,68232.270,68806.357,574.087,
Contact STARLINK-1481 - STARLINK-4617,82543.838,83095.230,551.392,
Contact STARLINK-1481 - STARLINK-30196,0.000,95.010,95.010,
Contact STARLINK-1481 - STARLINK-30196,25176.655,25613.907,437.252,
Contact STARLINK-1481 - STARLINK-30196,39556.813,39745.496,188.682,
Contact STARLINK-1481 - STARLINK-31407,0.000,597.945,597.945,
Contact STARLINK-1481 - STARLINK-31407,7423.945,17652.302,10228.357,
Contact STARLINK-1481 - STARLINK-31407,18648.982,31708.000,13059.018,
Contact STARLINK-1481 - STARLINK-31407,32790.508,42877.861,10087.353,
Contact STARLINK-1481 - STARLINK-31407,49925.328,51227.861,1302.533,
Contact STARLINK-1481 - STARLINK-31407,64389.731,64968.455,578.724,
Contact STARLINK-1481 - STARLINK-30171,21556.322,25571.832,4015.510,
Contact STARLINK-1481 - STARLINK-30171,32479.314,86400.000,53920.686,
Contact STARLINK-1481 - STARLINK-5660,64566.689,64830.686,263.997,
Contact STARLINK-1481 - STARLINK-5660,78442.178,79513.693,1071.516,
Contact STARLINK-1481 - STARLINK-32094,6976.417,7832.995,856.578,
Contact STARLINK-1481 - STARLINK-32094,21152.358,21866.019,713.661,
Contact STARLINK-1481 - STARLINK-30767,3146.398,4101.572,955.174,
Contact STARLINK-1481 - STARLINK-30767,17369.907,18400.592,1030.685,
Contact STARLINK-1481 - STARLINK-30767,28757.748,32683.128,3925.380,
Contact STARLINK-1481 - STARLINK-30767,43003.163,46968.734,3965.572,
Contact STARLINK-1481 - STARLINK-30767,57244.910,64097.567,6852.657,
Contact STARLINK-1481 - STARLINK-30767,71502.607,72654.124,1151.517,
Contact STARLINK-1481 - STARLINK-30767,85756.773,86400.000,643.227,
Contact STARLINK-1481 - STARLINK-31800,25098.156,28832.105,3733.949,
Contact STARLINK-1481 - STARLINK-31800,38963.234,40280.982,1317.748,
Contact STARLINK-1481 - STARLINK-31800,47348.990,57328.952,9979.962,
Contact STARLINK-1481 - STARLINK-31800,64206.689,71416.476,7209.787,
Contact STARLINK-1481 - STARLINK-31800,72681.700,79837.657,7155.958,
Contact STARLINK-1481 - STARLINK-4254,35827.889,36344.114,516.225,
Contact STARLINK-1481 - STARLINK-4254,50014.086,50665.574,651.489,
Contact STARLINK-1481 - STARLINK-4254,64228.454,64959.171,730.717,
Contact STARLINK-1481 - STARLINK-4254,75598.786,79260.162,3661.376,
Contact STARLINK-1481 - STARLINK-3533,3330.304,7216.945,3886.641,
Contact STARLINK-1481 - STARLINK-3533,17583.520,18610.166,1026.646,
Contact STARLINK-1481 - STARLINK-3533,31850.355,32843.992,993.637,
Contact STARLINK-1481 - STARLINK-3533,46108.609,47085.967,977.358,
Contact STARLINK-1481 - STARLINK-3533,57521.611,61314.299,3792.688,
Contact STARLINK-1481 - STARLINK-3533,71796.293,72699.295,903.002,
Contact STARLINK-1481 - STARLINK-3533,86062.034,86400.000,337.966,
Contact STARLINK-1481 - STARLINK-6311,10310.833,11185.156,874.323,
Contact STARLINK-1481 - STARLINK-6311,24613.138,25412.420,799.282,
Contact STARLINK-1481 - STARLINK-6311,38915.652,39639.778,724.126,
Contact STARLINK-1481 - STARLINK-6311,50366.975,51012.241,645.266,
Contact STARLINK-1481 - STARLINK-6311,64697.831,65210.995,513.163,
Contact STARLINK-1481 - STARLINK-6311,79041.164,79397.533,356.369,
Contact STARLINK-1481 - STARLINK-2228,35938.434,36154.076,215.642,
Contact STARLINK-1481 - STARLINK-2228,60949.933,61702.909,752.976,
Contact STARLINK-1481 - STARLINK-2228,74951.167,75789.828,838.660,
Contact STARLINK-1481 - STARLINK-2228,86188.287,86400.000,211.713,
Contact STARLINK-1481 - STARLINK-1736,39574.544,39914.552,340.008,
Contact STARLINK-1481 - STARLINK-1736,53575.359,54185.892,610.532,
Contact STARLINK-1481 - STARLINK-1736,67616.478,68416.465,799.987,
Contact STARLINK-1481 - STARLINK-1736,78876.039,79774.072,898.033,
Contact STARLINK-1481 - STARLINK-30425,82011.493,82982.574,971.081,
Contact STARLINK-1481 - STARLINK-3346,0.000,6825.068,6825.068,
Contact STARLINK-1481 - STARLINK-3346,7552.234,21017.165,13464.931,
Contact STARLINK-1481 - STARLINK-3346,21788.205,32379.283,10591.078,
Contact STARLINK-1481 - STARLINK-3346,36055.351,46593.205,10537.854,
Contact STARLINK-1481 - STARLINK-3346,47456.631,60784.364,13327.733,
Contact STARLINK-1481 - STARLINK-3346,61692.683,74998.554,13305.872,
Contact STARLINK-1481 - STARLINK-3346,75960.164,86360.479,10400.316,
Contact STARLINK-1481 - STARLINK-30320,10368.899,11268.606,899.707,
Contact STARLINK-1481 - STARLINK-30320,24455.226,25382.606,927.380,
Contact STARLINK-1481 - STARLINK-30320,35741.818,36656.095,914.277,
Contact STARLINK-1481 - STARLINK-30320,49872.743,50725.211,852.468,
Contact STARLINK-1481 - STARLINK-30320,75412.862,75946.699,533.837,
Contact STARLINK-1481 - STARLINK-31919,3253.833,10169.481,6915.649,
Contact STARLINK-1481 - STARLINK-31919,11562.182,18752.964,7190.782,
Contact STARLINK-1481 - STARLINK-31919,25528.081,35771.898,10243.818,
Contact STARLINK-1481 - STARLINK-31919,36775.260,49801.758,13026.498,
Contact STARLINK-1481 - STARLINK-31919,50943.229,58177.720,7234.491,
Contact STARLINK-1481 - STARLINK-31919,68116.241,72020.490,3904.249,
Contact STARLINK-1481 - STARLINK-31639,10225.733,10986.486,760.754,
Contact STARLINK-1481 - STARLINK-31639,35924.084,36245.176,321.091,
Contact STARLINK-1481 - STARLINK-31600,0.000,64005.551,64005.551,
Contact STARLINK-1481 - STARLINK-30613,0.000,4288.347,4288.347,
Contact STARLINK-1481 - STARLINK-30613,11335.218,18605.492,7270.274,
Contact STARLINK-1481 - STARLINK-30613,25610.212,35743.821,10133.609,
Contact STARLINK-1481 - STARLINK-30613,39893.664,49990.111,10096.447,
Contact STARLINK-1481 - STARLINK-30613,57078.350,64225.952,7147.602,
Contact STARLINK-1481 - STARLINK-30613,71436.941,72742.850,1305.909,
Contact STARLINK-1481 - STARLINK-30613,85801.998,86400.000,598.002,
Contact STARLINK-1481 - STARLINK-31764,0.000,328.023,328.023,
Contact STARLINK-1481 - STARLINK-31764,10664.253,14710.591,4046.338,
Contact STARLINK-1481 - STARLINK-31764,24596.243,31815.083,7218.840,
Contact STARLINK-1481 - STARLINK-31764,32987.874,40321.455,7333.582,
Contact STARLINK-1481 - STARLINK-31764,47081.370,57192.531,10111.161,
Contact STARLINK-1481 - STARLINK-31764,64127.396,65561.764,1434.368,
Contact STARLINK-1481 - STARLINK-31764,72693.612,79465.898,6772.286,
Contact STARLINK-1481 - STARLINK-5618,6890.121,7473.116,582.995,
Contact STARLINK-1481 - STARLINK-5618,21127.377,21735.640,608.262,
Contact STARLINK-1481 - STARLINK-5618,46756.237,47405.238,649.001,
Contact STARLINK-1481 - STARLINK-5618,60994.741,61666.409,671.668,
Contact STARLINK-1481 - STARLINK-5618,75234.982,75925.005,690.023,
Contact STARLINK-1481 - STARLINK-6255,7120.913,11028.837,3907.924,
Contact STARLINK-1481 - STARLINK-6255,21380.321,25321.560,3941.239,
Contact STARLINK-1481 - STARLINK-6255,35658.761,42462.752,6803.991,
Contact STARLINK-1481 - STARLINK-6255,49940.724,51031.356,1090.632,
Contact STARLINK-1481 - STARLINK-6255,64241.685,65292.502,1050.816,
Contact STARLINK-1481 - STARLINK-6255,78546.002,79550.711,1004.709,
Contact STARLINK-1481 - STARLINK-3898,10166.896,11111.968,945.072,
Contact STARLINK-1481 - STARLINK-3898,21563.068,25348.003,3784.936,
Contact STARLINK-1481 - STARLINK-3898,35812.130,36738.458,926.329,
Contact STARLINK-1481 - STARLINK-3898,50056.233,50978.738,922.505,
Contact STARLINK-1481 - STARLINK-3898,64307.396,65211.752,904.356,
Contact STARLINK-1481 - STARLINK-3898,78553.361,79450.135,896.774,
Contact STARLINK-1481 - STARLINK-31539,61087.865,61371.038,283.173,
Contact STARLINK-1481 - STARLINK-31539,74965.991,75688.846,722.855,
Contact STARLINK-1481 - STARLINK-31539,86156.305,86400.000,243.695,
Contact STARLINK-1481 - STARLINK-30367,7168.313,11011.209,3842.896,
Contact STARLINK-1481 - STARLINK-30367,21471.361,25269.271,3797.910,
Contact STARLINK-1481 - STARLINK-30367,35788.920,36670.078,881.159,
Contact STARLINK-1481 - STARLINK-30367,50112.914,50913.814,800.899,
Contact STARLINK-1481 - STARLINK-30367,64455.400,65138.765,683.365,
Contact STARLINK-1481 - STARLINK-30367,78810.274,79351.754,541.480,
Contact STARLINK-1481 - STARLINK-5151,32100.314,32612.750,512.436,
Contact STARLINK-1481 - STARLINK-5151,46174.478,46896.058,721.580,
Contact STARLINK-1481 - STARLINK-5151,57462.061,58294.551,832.490,
Contact STARLINK-1481 - STARLINK-5151,71593.309,72521.025,927.717,
Contact STARLINK-1481 - STARLINK-5151,85715.190,86400.000,684.810,
Contact STARLINK-1481 - STARLINK-5049,67721.109,86400.000,18678.891,
Contact STARLINK-1481 - MoonARTEMIS1,0.000,6222.574,6222.574,
Contact STARLINK-1481 - MoonARTEMIS1,8325.420,17652.053,9326.634,
Contact STARLINK-1481 - MoonARTEMIS1,19741.231,23371.548,3630.317,
Contact STARLINK-1481 - MoonARTEMIS1,25452.346,29095.250,3642.905,
Contact STARLINK-1481 - MoonARTEMIS1,36854.425,46189.874,9335.449,
Contact STARLINK-1481 - MoonARTEMIS1,48247.341,57596.685,9349.344,
Contact STARLINK-1481 - MoonARTEMIS1,59646.934,63303.044,3656.110,
Contact STARLINK-1481 - MoonARTEMIS1,65348.594,74721.098,9372.504,
Contact STARLINK-1481 - MoonARTEMIS1,76755.358,86146.321,9390.963,
Contact STARLINK-1481 - MoonARTEMIS2,0.000,6299.553,6299.553,
Contact STARLINK-1481 - MoonARTEMIS2,8371.908,17711.885,9339.977,
Contact STARLINK-1481 - MoonARTEMIS2,19774.442,23416.624,3642.182,
Contact STARLINK-1481 - MoonARTEMIS2,25474.860,34821.247,9346.387,
Contact STARLINK-1481 - MoonARTEMIS2,36872.590,46214.528,9341.938,
Contact STARLINK-1481 - MoonARTEMIS2,53976.447,63377.004,9400.557,
Contact STARLINK-1481 - MoonARTEMIS2,65393.787,74814.180,9420.393,
Contact STARLINK-1481 - MoonARTEMIS2,76809.667,86248.943,9439.277,
Contact STARLINK-1481 - MoonIOAGEO,0.000,6243.224,6243.224,
Contact STARLINK-1481 - MoonIOAGEO,8338.713,11959.102,3620.389,
Contact STARLINK-1481 - MoonIOAGEO,19759.801,23397.540,3637.739,
Contact STARLINK-1481 - MoonIOAGEO,25467.639,34806.237,9338.598,
Contact STARLINK-1481 - MoonIOAGEO,36863.573,46203.514,9339.941,
Contact STARLINK-1481 - MoonIOAGEO,48256.981,57123.171,8866.191,
Contact STARLINK-1481 - MoonIOAGEO,65389.744,74789.834,9400.090,
Contact STARLINK-1481 - MoonIOAGEO,76798.269,86186.512,9388.242,
Contact STARLINK-1481 - MoonIOAGNO,0.000,6254.714,6254.714,
Contact STARLINK-1481 - MoonIOAGNO,8354.197,17672.812,9318.615,
Contact STARLINK-1481 - MoonIOAGNO,19741.263,23372.572,3631.309,
Contact STARLINK-1481 - MoonIOAGNO,25436.575,34779.584,9343.009,
Contact STARLINK-1481 - MoonIOAGNO,36838.900,46205.266,9366.367,
Contact STARLINK-1481 - MoonIOAGNO,48264.313,63350.860,15086.547,
Contact STARLINK-1481 - MoonIOAGNO,65365.565,74758.936,9393.371,
Contact STARLINK-1481 - MoonIOAGNO,76765.465,86179.366,9413.901,
Contact STARLINK-1481 - MoonIOAGNO 0001,0.000,6240.700,6240.700,
Contact STARLINK-1481 - MoonIOAGNO 0001,8325.114,17651.993,9326.880,
Contact STARLINK-1481 - MoonIOAGNO 0001,19733.874,23365.939,3632.065,
Contact STARLINK-1481 - MoonIOAGNO 0001,25447.959,34807.866,9359.907,
Contact STARLINK-1481 - MoonIOAGNO 0001,36858.782,46210.342,9351.560,
Contact STARLINK-1481 - MoonIOAGNO 0001,48248.435,63331.178,15082.743,
Contact STARLINK-1481 - MoonIOAGNO 0001,65364.178,74784.152,9419.974,
Contact STARLINK-1481 - MoonIOAGNO 0001,76793.493,86198.972,9405.479,
Contact STARLINK-1481 - MoonIOAGSO,0.000,6252.334,6252.334,
Contact STARLINK-1481 - MoonIOAGSO,14062.644,17691.277,3628.634,
Contact STARLINK-1481 - MoonIOAGSO,19776.381,23405.464,3629.083,
Contact STARLINK-1481 - MoonIOAGSO,25484.021,34822.009,9337.987,
Contact STARLINK-1481 - MoonIOAGSO,36885.291,46223.409,9338.118,
Contact STARLINK-1481 - MoonIOAGSO,48266.613,51925.054,3658.442,
Contact STARLINK-1481 - MoonIOAGSO,55088.066,63370.844,8282.778,
Contact STARLINK-1481 - MoonIOAGSO,65407.667,74798.595,9390.928,
Contact STARLINK-1481 - MoonIOAGSO,76818.743,86211.668,9392.925,
Contact STARLINK-1481 - MoonIOAGSO 0001,0.000,6281.628,6281.628,
Contact STARLINK-1481 - MoonIOAGSO 0001,8375.067,17689.416,9314.350,
Contact STARLINK-1481 - MoonIOAGSO 0001,19767.717,23387.659,3619.942,
Contact STARLINK-1481 - MoonIOAGSO 0001,25456.674,29085.187,3628.513,
Contact STARLINK-1481 - MoonIOAGSO 0001,36877.200,46243.388,9366.189,
Contact STARLINK-1481 - MoonIOAGSO 0001,48298.287,51954.376,3656.089,
Contact STARLINK-1481 - MoonIOAGSO 0001,54001.234,63365.501,9364.267,
Contact STARLINK-1481 - MoonIOAGSO 0001,65392.121,73890.992,8498.871,
Contact STARLINK-1481 - MoonIOAGSO 0001,76798.400,86218.419,9420.019,
Contact STARLINK-1481 - MoonLRO,0.000,3964.988,3964.988,
Contact STARLINK-1481 - MoonLRO,14055.019,17612.963,3557.944,
Contact STARLINK-1481 - MoonLRO,20499.543,23381.757,2882.214,
Contact STARLINK-1481 - MoonLRO,27306.262,29093.851,1787.588,
Contact STARLINK-1481 - MoonLRO,42568.735,44945.202,2376.467,
Contact STARLINK-1481 - MoonLRO,48273.696,51782.716,3509.020,
Contact STARLINK-1481 - MoonLRO,54634.204,57640.346,3006.143,
Contact STARLINK-1481 - MoonLRO,68259.847,72311.011,4051.164,
Contact STARLINK-1481 - MoonLRO,82499.319,85962.002,3462.682,
Contact STARLINK-1481 - MarsSat1,0.000,2027.928,2027.928,
Contact STARLINK-1481 - MarsSat1,3907.050,13417.353,9510.303,
Contact STARLINK-1481 - MarsSat1,15296.541,24806.681,9510.140,
Contact STARLINK-1481 - MarsSat1,26686.084,41890.440,15204.356,
Contact STARLINK-1481 - MarsSat1,43770.405,53279.460,9509.054,
Contact STARLINK-1481 - MarsSat1,55159.942,64668.381,9508.439,
Contact STARLINK-1481 - MarsSat1,66549.499,70362.812,3813.313,
Contact STARLINK-1481 - MarsSat1,72244.298,81751.620,9507.322,
Contact STARLINK-1481 - MarsSat1,83633.953,86400.000,2766.047,
Contact STARLINK-1481 - MarsSat2,0.000,2027.936,2027.936,
Contact STARLINK-1481 - MarsSat2,3907.091,13417.347,9510.257,
Contact STARLINK-1481 - MarsSat2,15296.490,24806.669,9510.179,
Contact STARLINK-1481 - MarsSat2,26685.974,41890.464,15204.489,
Contact STARLINK-1481 - MarsSat2,43770.309,53279.531,9509.221,
Contact STARLINK-1481 - MarsSat2,55159.921,64668.492,9508.570,
Contact STARLINK-1481 - MarsSat2,66549.569,70362.932,3813.362,
Contact STARLINK-1481 - MarsSat2,72244.405,81751.729,9507.325,
Contact STARLINK-1481 - MarsSat2,83634.094,86400.000,2765.906,
Contact STARLINK-1481 - MarsSat3,0.000,2027.920,2027.920,
Contact STARLINK-1481 - MarsSat3,3907.129,13417.274,9510.145,
Contact STARLINK-1481 - MarsSat3,15296.509,24806.619,9510.110,
Contact STARLINK-1481 - MarsSat3,26685.988,41890.483,15204.496,
Contact STARLINK-1481 - MarsSat3,43770.358,53279.555,9509.197,
Contact STARLINK-1481 - MarsSat3,55159.978,64668.492,9508.515,
Contact STARLINK-1481 - MarsSat3,66549.612,70362.913,3813.301,
Contact STARLINK-1481 - MarsSat3,72244.433,81751.665,9507.232,
Contact STARLINK-1481 - MarsSat3,83634.079,86400.000,2765.921,
Contact STARLINK-1481 - MarsSat4,0.000,2028.007,2028.007,
Contact STARLINK-1481 - MarsSat4,3907.137,7722.683,3815.546,
Contact STARLINK-1481 - MarsSat4,15296.524,24806.643,9510.119,
Contact STARLINK-1481 - MarsSat4,26686.017,41360.134,14674.117,
Contact STARLINK-1481 - MarsSat4,43770.326,53279.449,9509.122,
Contact STARLINK-1481 - MarsSat4,55159.902,64668.470,9508.568,
Contact STARLINK-1481 - MarsSat4,66549.564,70362.903,3813.340,
Contact STARLINK-1481 - MarsSat4,75534.603,81751.636,6217.034,
Contact STARLINK-1481 - MarsSat4,83634.019,86400.000,2765.981,
Contact STARLINK-5138 - STARLINK-31217,76892.195,86400.000,9507.805,
Contact STARLINK-5138 - STARLINK-31933,0.000,43951.434,43951.434,
Contact STARLINK-5138 - STARLINK-1909,0.000,86400.000,86400.000,
Contact STARLINK-5138 - STARLINK-4621,3112.833,3993.039,880.206,
Contact STARLINK-5138 - STARLINK-4621,17414.632,18347.720,933.088,
Contact STARLINK-5138 - STARLINK-4621,31706.102,32715.830,1009.728,
Contact STARLINK-5138 - STARLINK-4621,43150.373,47058.293,3907.921,
Contact STARLINK-5138 - STARLINK-4621,57468.080,61413.997,3945.917,
Contact STARLINK-5138 - STARLINK-4621,71775.375,75746.633,3971.258,
Contact STARLINK-5138 - STARLINK-4621,86102.062,86400.000,297.938,
Contact STARLINK-5138 - STARLINK-30312,57191.034,57903.419,712.385,
Contact STARLINK-5138 - STARLINK-30312,65511.657,72617.297,7105.640,
Contact STARLINK-5138 - STARLINK-30312,79574.322,86400.000,6825.678,
Contact STARLINK-5138 - STARLINK-5057,6532.408,13927.586,7395.178,
Contact STARLINK-5138 - STARLINK-5057,14733.117,86400.000,71666.883,
Contact STARLINK-5138 - STARLINK-4651,457.837,7602.793,7144.956,
Contact STARLINK-5138 - STARLINK-4651,17606.929,24741.217,7134.288,
Contact STARLINK-5138 - STARLINK-4651,31885.549,39034.192,7148.643,
Contact STARLINK-5138 - STARLINK-4651,46188.879,53305.104,7116.224,
Contact STARLINK-5138 - STARLINK-4651,60467.488,61885.346,1417.858,
Contact STARLINK-5138 - STARLINK-4651,69054.559,76156.075,7101.516,
Contact STARLINK-5138 - STARLINK-4651,83333.155,86400.000,3066.845,
Contact STARLINK-5138 - STARLINK-31617,39048.691,39676.346,627.655,
Contact STARLINK-5138 - STARLINK-31617,50034.710,57086.116,7051.406,
Contact STARLINK-5138 - STARLINK-31617,58380.532,71376.827,12996.296,
Contact STARLINK-5138 - STARLINK-31617,72375.734,82684.747,10309.013,
Contact STARLINK-5138 - STARLINK-32235,35304.181,42640.557,7336.376,
Contact STARLINK-5138 - STARLINK-32235,43555.416,53903.359,10347.943,
Contact STARLINK-5138 - STARLINK-32235,57728.328,67592.666,9864.338,
Contact STARLINK-5138 - STARLINK-2602,60640.486,61661.055,1020.569,
Contact STARLINK-5138 - STARLINK-2602,68942.453,78756.247,9813.794,
Contact STARLINK-5138 - STARLINK-2602,85797.762,86400.000,602.238,
Contact STARLINK-5138 - STARLINK-6044,10122.242,10966.959,844.717,
Contact STARLINK-5138 - STARLINK-6044,21586.232,25310.464,3724.232,
Contact STARLINK-5138 - STARLINK-6044,35923.033,39659.773,3736.740,
Contact STARLINK-5138 - STARLINK-6044,50254.003,51133.784,879.781,
Contact STARLINK-5138 - STARLINK-6044,64595.903,65470.204,874.301,
Contact STARLINK-5138 - STARLINK-6044,78932.626,79811.236,878.609,
Contact STARLINK-5138 - STARLINK-32254,0.000,25127.101,25127.101,
Contact STARLINK-5138 - STARLINK-32254,25598.340,39431.841,13833.501,
Contact STARLINK-5138 - STARLINK-32254,39878.069,53705.650,13827.581,
Contact STARLINK-5138 - STARLINK-32254,54137.320,68010.315,13872.995,
Contact STARLINK-5138 - STARLINK-32254,68416.996,86400.000,17983.004,
Contact STARLINK-5138 - STARLINK-4617,6822.934,7409.572,586.637,
Contact STARLINK-5138 - STARLINK-4617,21242.018,21665.341,423.323,
Contact STARLINK-5138 - STARLINK-30472,0.000,451.652,451.652,
Contact STARLINK-5138 - STARLINK-30472,13756.680,14759.246,1002.567,
Contact STARLINK-5138 - STARLINK-30472,25199.451,29063.124,3863.672,
Contact STARLINK-5138 - STARLINK-30472,39505.139,43368.786,3863.647,
Contact STARLINK-5138 - STARLINK-30472,53809.124,57670.630,3861.506,
Contact STARLINK-5138 - STARLINK-30472,68116.810,69112.526,995.716,
Contact STARLINK-5138 - STARLINK-30472,82422.708,83415.503,992.795,
Contact STARLINK-5138 - STARLINK-30196,7198.479,7918.566,720.087,
Contact STARLINK-5138 - STARLINK-30196,21474.509,22219.646,745.137,
Contact STARLINK-5138 - STARLINK-30196,35761.620,36509.632,748.012,
Contact STARLINK-5138 - STARLINK-30196,50038.084,50810.233,772.149,
Contact STARLINK-5138 - STARLINK-30196,64325.360,65100.040,774.679,
Contact STARLINK-5138 - STARLINK-30196,78602.216,79400.205,797.989,
Contact STARLINK-5138 - STARLINK-30825,15123.911,22039.168,6915.256,
Contact STARLINK-5138 - STARLINK-30825,28977.238,39486.598,10509.360,
Contact STARLINK-5138 - STARLINK-30825,40065.461,86400.000,46334.539,
Contact STARLINK-5138 - STARLINK-31627,53848.819,54370.919,522.099,
Contact STARLINK-5138 - STARLINK-31627,67956.264,68651.380,695.116,
Contact STARLINK-5138 - STARLINK-31627,82095.774,82899.456,803.682,
Contact STARLINK-5138 - STARLINK-3182,3158.816,10101.368,6942.553,
Contact STARLINK-5138 - STARLINK-3182,17342.474,18631.167,1288.694,
Contact STARLINK-5138 - STARLINK-3182,25853.075,32845.133,6992.058,
Contact STARLINK-5138 - STARLINK-3182,42919.151,47017.357,4098.206,
Contact STARLINK-5138 - STARLINK-3182,57179.621,58341.236,1161.615,
Contact STARLINK-5138 - STARLINK-3182,71451.580,72478.851,1027.271,
Contact STARLINK-5138 - STARLINK-3182,85779.603,86400.000,620.397,
Contact STARLINK-5138 - STARLINK-4413,6615.320,7484.546,869.226,
Contact STARLINK-5138 - STARLINK-4413,20955.262,21822.623,867.361,
Contact STARLINK-5138 - STARLINK-4413,35312.175,36143.330,831.155,
Contact STARLINK-5138 - STARLINK-4413,46794.721,50475.197,3680.476,
Contact STARLINK-5138 - STARLINK-4413,61143.775,61932.182,788.407,
Contact STARLINK-5138 - STARLINK-4413,75512.320,76241.614,729.294,
Contact STARLINK-5138 - STARLINK-4127,3004.473,4037.018,1032.546,
Contact STARLINK-5138 - STARLINK-4127,17305.962,18322.787,1016.825,
Contact STARLINK-5138 - STARLINK-4127,28743.342,32618.319,3874.977,
Contact STARLINK-5138 - STARLINK-4127,43035.220,46903.559,3868.338,
Contact STARLINK-5138 - STARLINK-4127,57337.423,58335.608,998.185,
Contact STARLINK-5138 - STARLINK-4127,71629.691,72630.602,1000.911,
Contact STARLINK-5138 - STARLINK-4127,85932.419,86400.000,467.581,
Contact STARLINK-5138 - STARLINK-30331,0.000,3096.045,3096.045,
Contact STARLINK-5138 - STARLINK-30331,3835.170,17303.352,13468.183,
Contact STARLINK-5138 - STARLINK-30331,18270.332,28668.153,10397.821,
Contact STARLINK-5138 - STARLINK-30331,32645.730,42860.129,10214.400,
Contact STARLINK-5138 - STARLINK-30331,49929.486,57077.052,7147.566,
Contact STARLINK-5138 - STARLINK-30331,64370.098,71249.276,6879.178,
Contact STARLINK-5138 - STARLINK-30331,78760.372,79780.566,1020.194,
Contact STARLINK-5138 - STARLINK-31827,0.000,47298.665,47298.665,
Contact STARLINK-5138 - STARLINK-31800,10456.306,10968.793,512.487,
Contact STARLINK-5138 - STARLINK-31987,0.000,47612.657,47612.657,
Contact STARLINK-5138 - STARLINK-31021,0.000,86400.000,86400.000,
Contact STARLINK-5138 - STARLINK-2228,0.000,13743.792,13743.792,
Contact STARLINK-5138 - STARLINK-2228,14614.658,18977.313,4362.655,
Contact STARLINK-5138 - STARLINK-1736,10132.150,11135.022,1002.872,
Contact STARLINK-5138 - STARLINK-1736,21480.185,25276.766,3796.581,
Contact STARLINK-5138 - STARLINK-1736,35699.600,36570.244,870.644,
Contact STARLINK-5138 - STARLINK-1736,49946.221,50659.230,713.009,
Contact STARLINK-5138 - STARLINK-30425,0.000,350.535,350.535,
Contact STARLINK-5138 - STARLINK-30425,13785.563,14552.887,767.324,
Contact STARLINK-5138 - STARLINK-30425,25020.055,25865.511,845.455,
Contact STARLINK-5138 - STARLINK-30425,39113.890,39955.581,841.692,
Contact STARLINK-5138 - STARLINK-30425,64644.684,65156.393,511.710,
Contact STARLINK-5138 - STARLINK-5978,0.000,39147.501,39147.501,
Contact STARLINK-5138 - STARLINK-5978,46655.133,47352.294,697.161,
Contact STARLINK-5138 - STARLINK-4402,4013.244,11218.117,7204.873,
Contact STARLINK-5138 - STARLINK-4402,18359.997,28395.926,10035.929,
Contact STARLINK-5138 - STARLINK-4402,35572.750,42698.813,7126.063,
Contact STARLINK-5138 - STARLINK-4402,49913.447,57004.760,7091.313,
Contact STARLINK-5138 - STARLINK-4402,64283.693,71292.973,7009.280,
Contact STARLINK-5138 - STARLINK-4402,78639.182,79871.063,1231.881,
Contact STARLINK-5138 - STARLINK-31502,46510.959,46992.683,481.724,
Contact STARLINK-5138 - STARLINK-31502,57566.101,61436.633,3870.532,
Contact STARLINK-5138 - STARLINK-31502,71542.940,78538.199,6995.259,
Contact STARLINK-5138 - STARLINK-31502,85647.788,86400.000,752.212,
Contact STARLINK-5138 - STARLINK-30842,53868.778,54496.285,627.507,
Contact STARLINK-5138 - STARLINK-30842,68149.631,68837.465,687.833,
Contact STARLINK-5138 - STARLINK-30842,82425.336,83183.733,758.397,
Contact STARLINK-5138 - STARLINK-31539,0.000,8893.698,8893.698,
Contact STARLINK-5138 - STARLINK-5807,0.000,421.643,421.643,
Contact STARLINK-5138 - STARLINK-5807,14128.286,14800.740,672.454,
Contact STARLINK-5138 - STARLINK-5807,28442.061,29165.716,723.655,
Contact STARLINK-5138 - STARLINK-5807,42751.376,43535.647,784.271,
Contact STARLINK-5138 - STARLINK-5807,57073.234,57892.455,819.221,
Contact STARLINK-5138 - STARLINK-5807,71390.058,72254.829,864.771,
Contact STARLINK-5138 - STARLINK-5807,85719.373,86400.000,680.627,
Contact STARLINK-5138 - STARLINK-31722,75730.220,86400.000,10669.780,
Contact STARLINK-5138 - STARLINK-2388,0.000,576.494,576.494,
Contact STARLINK-5138 - STARLINK-2388,14082.639,14823.804,741.165,
Contact STARLINK-5138 - STARLINK-2388,28372.360,29057.543,685.183,
Contact STARLINK-5138 - STARLINK-2388,42651.800,43301.071,649.272,
Contact STARLINK-5138 - STARLINK-2388,68380.965,68913.883,532.918,
Contact STARLINK-5138 - STARLINK-2388,82668.788,83148.978,480.190,
Contact STARLINK-5138 - STARLINK-3167,6667.642,7315.059,647.417,
Contact STARLINK-5138 - STARLINK-3167,17948.978,21697.716,3748.738,
Contact STARLINK-5138 - STARLINK-3167,32070.911,38896.418,6825.507,
Contact STARLINK-5138 - STARLINK-3167,46238.459,47475.173,1236.715,
Contact STARLINK-5138 - STARLINK-3167,54728.586,61788.642,7060.056,
Contact STARLINK-5138 - STARLINK-3167,68918.940,76068.485,7149.545,
Contact STARLINK-5138 - STARLINK-3167,83102.071,86400.000,3297.929,
Contact STARLINK-5138 - STARLINK-1700,0.000,45.904,45.904,
Contact STARLINK-5138 - STARLINK-1700,25197.274,25776.336,579.063,
Contact STARLINK-5138 - STARLINK-1700,39484.234,40067.172,582.938,
Contact STARLINK-5138 - STARLINK-1700,53766.260,54362.681,596.420,
Contact STARLINK-5138 - STARLINK-1700,68053.364,68653.347,599.982,
Contact STARLINK-5138 - STARLINK-1700,82335.559,82948.673,613.114,
Contact STARLINK-5138 - STARLINK-31463,0.000,4252.799,4252.799,
Contact STARLINK-5138 - STARLINK-31463,14212.524,15260.570,1048.046,
Contact STARLINK-5138 - MoonARTEMIS1,0.000,3001.718,3001.718,
Contact STARLINK-5138 - MoonARTEMIS1,4994.747,20254.713,15259.966,
Contact STARLINK-5138 - MoonARTEMIS1,22225.322,31086.899,8861.578,
Contact STARLINK-5138 - MoonARTEMIS1,33920.937,48942.946,15022.009,
Contact STARLINK-5138 - MoonARTEMIS1,50876.527,60413.530,9537.003,
Contact STARLINK-5138 - MoonARTEMIS1,62339.805,71893.243,9553.438,
Contact STARLINK-5138 - MoonARTEMIS1,73811.828,77636.065,3824.237,
Contact STARLINK-5138 - MoonARTEMIS1,79550.954,86400.000,6849.046,
Contact STARLINK-5138 - MoonARTEMIS2,0.000,3121.072,3121.072,
Contact STARLINK-5138 - MoonARTEMIS2,5095.644,8859.429,3763.785,
Contact STARLINK-5138 - MoonARTEMIS2,10827.751,20332.372,9504.621,
Contact STARLINK-5138 - MoonARTEMIS2,22288.375,31797.995,9509.620,
Contact STARLINK-5138 - MoonARTEMIS2,33741.384,47384.584,13643.200,
Contact STARLINK-5138 - MoonARTEMIS2,51406.740,60501.257,9094.516,
Contact STARLINK-5138 - MoonARTEMIS2,62428.659,77751.618,15322.959,
Contact STARLINK-5138 - MoonARTEMIS2,79669.373,86400.000,6730.627,
Contact STARLINK-5138 - MoonIOAGEO,0.000,3034.747,3034.747,
Contact STARLINK-5138 - MoonIOAGEO,5019.592,13086.171,8066.579,
Contact STARLINK-5138 - MoonIOAGEO,17329.049,20293.049,2964.001,
Contact STARLINK-5138 - MoonIOAGEO,22253.507,31777.279,9523.773,
Contact STARLINK-5138 - MoonIOAGEO,33719.167,48966.835,15247.668,
Contact STARLINK-5138 - MoonIOAGEO,50903.690,54718.367,3814.677,
Contact STARLINK-5138 - MoonIOAGEO,62404.483,71981.387,9576.904,
Contact STARLINK-5138 - MoonIOAGEO,73890.979,77713.360,3822.381,
Contact STARLINK-5138 - MoonIOAGEO,79617.646,86400.000,6782.354,
Contact STARLINK-5138 - MoonIOAGNO,0.000,3037.953,3037.953,
Contact STARLINK-5138 - MoonIOAGNO,5023.337,20283.714,15260.377,
Contact STARLINK-5138 - MoonIOAGNO,22257.350,31748.322,9490.972,
Contact STARLINK-5138 - MoonIOAGNO,33713.372,48978.800,15265.427,
Contact STARLINK-5138 - MoonIOAGNO,50916.314,60482.073,9565.759,
Contact STARLINK-5138 - MoonIOAGNO,62417.095,71947.585,9530.489,
Contact STARLINK-5138 - MoonIOAGNO,73880.205,77682.571,3802.366,
Contact STARLINK-5138 - MoonIOAGNO,79609.536,86400.000,6790.464,
Contact STARLINK-5138 - MoonIOAGNO 0001,0.000,3054.463,3054.463,
Contact STARLINK-5138 - MoonIOAGNO 0001,5048.716,20257.288,15208.572,
Contact STARLINK-5138 - MoonIOAGNO 0001,22227.605,31773.700,9546.095,
Contact STARLINK-5138 - MoonIOAGNO 0001,33726.425,48980.474,15254.049,
Contact STARLINK-5138 - MoonIOAGNO 0001,50930.094,60451.613,9521.519,
Contact STARLINK-5138 - MoonIOAGNO 0001,62386.803,71957.401,9570.598,
Contact STARLINK-5138 - MoonIOAGNO 0001,73877.913,77714.889,3836.977,
Contact STARLINK-5138 - MoonIOAGNO 0001,79633.640,86400.000,6766.360,
Contact STARLINK-5138 - MoonIOAGSO,0.000,3056.197,3056.197,
Contact STARLINK-5138 - MoonIOAGSO,5036.439,8793.097,3756.658,
Contact STARLINK-5138 - MoonIOAGSO,11682.918,20294.315,8611.396,
Contact STARLINK-5138 - MoonIOAGSO,22235.726,31782.285,9546.559,
Contact STARLINK-5138 - MoonIOAGSO,33709.700,48986.028,15276.328,
Contact STARLINK-5138 - MoonIOAGSO,56655.866,60489.404,3833.538,
Contact STARLINK-5138 - MoonIOAGSO,62394.932,71986.981,9592.049,
Contact STARLINK-5138 - MoonIOAGSO,73877.018,77728.839,3851.821,
Contact STARLINK-5138 - MoonIOAGSO,79618.432,86400.000,6781.568,
Contact STARLINK-5138 - MoonIOAGSO 0001,0.000,3071.115,3071.115,
Contact STARLINK-5138 - MoonIOAGSO 0001,5030.901,20287.599,15256.698,
Contact STARLINK-5138 - MoonIOAGSO 0001,22239.777,30533.248,8293.471,
Contact STARLINK-5138 - MoonIOAGSO 0001,33708.543,49012.513,15303.970,
Contact STARLINK-5138 - MoonIOAGSO 0001,50920.873,60493.309,9572.436,
Contact STARLINK-5138 - MoonIOAGSO 0001,62400.174,71953.725,9553.552,
Contact STARLINK-5138 - MoonIOAGSO 0001,79610.684,86400.000,6789.316,
Contact STARLINK-5138 - MoonLRO,6848.236,8798.262,1950.025,
Contact STARLINK-5138 - MoonLRO,13676.896,14538.600,861.704,
Contact STARLINK-5138 - MoonLRO,27972.025,31297.556,3325.531,
Contact STARLINK-5138 - MoonLRO,34134.583,37503.952,3369.369,
Contact STARLINK-5138 - MoonLRO,40982.661,43248.832,2266.170,
Contact STARLINK-5138 - MoonLRO,56661.223,58651.908,1990.684,
Contact STARLINK-5138 - MoonLRO,62395.359,71957.568,9562.208,
Contact STARLINK-5138 - MoonLRO,75112.923,77704.085,2591.162,
Contact STARLINK-5138 - MoonLRO,81949.051,83449.232,1500.180,
Contact STARLINK-5138 - MarsSat1,735.995,10159.909,9423.914,
Contact STARLINK-5138 - MarsSat1,12173.293,21592.501,9419.208,
Contact STARLINK-5138 - MarsSat1,23610.487,27308.798,3698.311,
Contact STARLINK-5138 - MarsSat1,29329.033,38741.372,9412.339,
Contact STARLINK-5138 - MarsSat1,40766.011,50173.910,9407.900,
Contact STARLINK-5138 - MarsSat1,52202.832,55890.167,3687.335,
Contact STARLINK-5138 - MarsSat1,57921.189,67322.671,9401.482,
Contact STARLINK-5138 - MarsSat1,69357.820,78755.191,9397.370,
Contact STARLINK-5138 - MarsSat1,80794.372,84471.466,3677.093,
Contact STARLINK-5138 - MarsSat2,736.060,10159.896,9423.836,
Contact STARLINK-5138 - MarsSat2,12173.266,21592.405,9419.139,
Contact STARLINK-5138 - MarsSat2,23610.389,27308.673,3698.284,
Contact STARLINK-5138 - MarsSat2,29328.916,38741.226,9412.311,
Contact STARLINK-5138 - MarsSat2,40765.890,50173.793,9407.903,
Contact STARLINK-5138 - MarsSat2,52202.759,55890.080,3687.321,
Contact STARLINK-5138 - MarsSat2,57921.154,67322.661,9401.507,
Contact STARLINK-5138 - MarsSat2,69357.863,78755.248,9397.385,
Contact STARLINK-5138 - MarsSat2,80794.468,84471.544,3677.075,
Contact STARLINK-5138 - MarsSat3,736.100,10159.985,9423.885,
Contact STARLINK-5138 - MarsSat3,12173.317,21592.471,9419.154,
Contact STARLINK-5138 - MarsSat3,23610.420,27308.722,3698.302,
Contact STARLINK-5138 - MarsSat3,29328.944,38741.263,9412.318,
Contact STARLINK-5138 - MarsSat3,40765.929,50173.836,9407.907,
Contact STARLINK-5138 - MarsSat3,52202.808,55890.129,3687.320,
Contact STARLINK-5138 - MarsSat3,57921.204,67322.716,9401.511,
Contact STARLINK-5138 - MarsSat3,69357.908,78755.299,9397.391,
Contact STARLINK-5138 - MarsSat3,80794.493,84471.586,3677.093,
Contact STARLINK-5138 - MarsSat4,736.065,9031.035,8294.970,
Contact STARLINK-5138 - MarsSat4,12173.322,21592.478,9419.156,
Contact STARLINK-5138 - MarsSat4,23610.438,27308.739,3698.301,
Contact STARLINK-5138 - MarsSat4,29328.969,38741.304,9412.335,
Contact STARLINK-5138 - MarsSat4,43179.616,50173.855,6994.239,
Contact STARLINK-5138 - MarsSat4,52202.774,55890.113,3687.340,
Contact STARLINK-5138 - MarsSat4,57921.159,67322.671,9401.512,
Contact STARLINK-5138 - MarsSat4,69357.865,78755.258,9397.393,
Contact STARLINK-5138 - MarsSat4,80794.437,84471.523,3677.086,
Contact STARLINK-31217 - STARLINK-3328,0.000,427.680,427.680,
Contact STARLINK-31217 - STARLINK-3328,10737.960,14498.884,3760.924,
Contact STARLINK-31217 - STARLINK-3328,24956.459,25703.477,747.018,
Contact STARLINK-31217 - STARLINK-1909,72173.994,86400.000,14226.006,
Contact STARLINK-31217 - STARLINK-2618,6769.449,7766.432,996.983,
Contact STARLINK-31217 - STARLINK-2618,20942.507,21884.803,942.296,
Contact STARLINK-31217 - STARLINK-2618,32350.852,33110.643,759.791,
Contact STARLINK-31217 - STARLINK-5905,0.000,32218.916,32218.916,
Contact STARLINK-31217 - STARLINK-5057,50696.629,86400.000,35703.371,
Contact STARLINK-31217 - STARLINK-5576,10282.731,11343.314,1060.583,
Contact STARLINK-31217 - STARLINK-5576,24471.569,25427.723,956.154,
Contact STARLINK-31217 - STARLINK-5576,35908.824,36611.374,702.551,
Contact STARLINK-31217 - STARLINK-30214,31997.420,32898.966,901.546,
Contact STARLINK-31217 - STARLINK-30214,46074.206,47135.374,1061.168,
Contact STARLINK-31217 - STARLINK-30214,57430.396,61237.871,3807.476,
Contact STARLINK-31217 - STARLINK-30214,71759.072,72416.896,657.823,
Contact STARLINK-31217 - STARLINK-30190,0.000,29722.705,29722.705,
Contact STARLINK-31217 - STARLINK-4125,0.000,3631.627,3631.627,
Contact STARLINK-31217 - STARLINK-4125,14225.903,14737.402,511.498,
Contact STARLINK-31217 - STARLINK-4651,58400.245,71347.082,12946.837,
Contact STARLINK-31217 - STARLINK-4651,72029.235,86400.000,14370.765,
Contact STARLINK-31217 - STARLINK-1015,0.000,381.585,381.585,
Contact STARLINK-31217 - STARLINK-1015,10651.948,14550.970,3899.022,
Contact STARLINK-31217 - STARLINK-1015,24825.157,25817.105,991.948,
Contact STARLINK-31217 - STARLINK-1015,39103.408,39802.939,699.531,
Contact STARLINK-31217 - STARLINK-5765,6761.070,7796.000,1034.930,
Contact STARLINK-31217 - STARLINK-5765,20868.320,21944.581,1076.260,
Contact STARLINK-31217 - STARLINK-5765,32226.607,33191.069,964.462,
Contact STARLINK-31217 - STARLINK-5765,46536.233,47139.837,603.605,
Contact STARLINK-31217 - STARLINK-11266 [DTC],78524.366,79603.291,1078.925,
Contact STARLINK-31217 - STARLINK-30355,179.525,10644.734,10465.209,
Contact STARLINK-31217 - STARLINK-30355,11464.522,24514.169,13049.647,
Contact STARLINK-31217 - STARLINK-30355,25893.974,32686.012,6792.038,
Contact STARLINK-31217 - STARLINK-2602,0.000,6868.268,6868.268,
Contact STARLINK-31217 - STARLINK-2602,13635.645,15192.821,1557.176,
Contact STARLINK-31217 - STARLINK-2602,21996.246,31846.372,9850.126,
Contact STARLINK-31217 - STARLINK-2602,33167.316,40176.861,7009.546,
Contact STARLINK-31217 - STARLINK-2602,49940.200,56801.971,6861.770,
Contact STARLINK-31217 - STARLINK-2602,58348.935,65093.075,6744.140,
Contact STARLINK-31217 - STARLINK-2602,75158.273,76153.570,995.297,
Contact STARLINK-31217 - STARLINK-2602,86384.867,86400.000,15.133,
Contact STARLINK-31217 - STARLINK-6044,68082.078,68473.881,391.803,
Contact STARLINK-31217 - STARLINK-32254,72368.915,86400.000,14031.085,
Contact STARLINK-31217 - STARLINK-4617,38992.679,39741.877,749.198,
Contact STARLINK-31217 - STARLINK-4617,50223.773,54018.446,3794.673,
Contact STARLINK-31217 - STARLINK-4617,64372.430,65362.145,989.715,
Contact STARLINK-31217 - STARLINK-4617,78612.981,79455.425,842.445,
Contact STARLINK-31217 - STARLINK-30472,71528.254,72132.170,603.916,
Contact STARLINK-31217 - STARLINK-30472,82687.363,86400.000,3712.637,
Contact STARLINK-31217 - STARLINK-31627,17942.500,18338.910,396.410,
Contact STARLINK-31217 - STARLINK-31627,31877.663,32463.401,585.737,
Contact STARLINK-31217 - STARLINK-31627,43045.974,43742.546,696.572,
Contact STARLINK-31217 - STARLINK-31627,57021.123,57826.412,805.289,
Contact STARLINK-31217 - STARLINK-31627,68216.075,69078.722,862.647,
Contact STARLINK-31217 - STARLINK-31627,82225.555,83128.361,902.805,
Contact STARLINK-31217 - STARLINK-4413,39126.548,39733.470,606.922,
Contact STARLINK-31217 - STARLINK-4413,50362.229,54017.074,3654.846,
Contact STARLINK-31217 - STARLINK-4413,64486.478,65390.771,904.293,
Contact STARLINK-31217 - STARLINK-4413,78674.822,79544.847,870.025,
Contact STARLINK-31217 - STARLINK-30171,0.000,452.157,452.157,
Contact STARLINK-31217 - STARLINK-30171,10742.691,14466.622,3723.931,
Contact STARLINK-31217 - STARLINK-30171,25118.978,25557.752,438.774,
Contact STARLINK-31217 - STARLINK-5660,0.000,40.983,40.983,
Contact STARLINK-31217 - STARLINK-5660,10338.648,11324.574,985.926,
Contact STARLINK-31217 - STARLINK-5660,24612.141,25328.916,716.775,
Contact STARLINK-31217 - STARLINK-4127,60885.879,61586.120,700.241,
Contact STARLINK-31217 - STARLINK-4127,74841.314,75879.630,1038.316,
Contact STARLINK-31217 - STARLINK-4127,86090.107,86400.000,309.893,
Contact STARLINK-31217 - STARLINK-30331,53390.645,54388.436,997.791,
Contact STARLINK-31217 - STARLINK-30331,61372.606,86400.000,25027.394,
Contact STARLINK-31217 - STARLINK-30767,0.000,15937.706,15937.706,
Contact STARLINK-31217 - STARLINK-31021,55904.310,86400.000,30495.690,
Contact STARLINK-31217 - STARLINK-6372,6697.144,7580.012,882.869,
Contact STARLINK-31217 - STARLINK-6372,17916.678,21819.604,3902.926,
Contact STARLINK-31217 - STARLINK-6372,32054.864,33125.121,1070.257,
Contact STARLINK-31217 - STARLINK-6372,46310.335,47149.593,839.259,
Contact STARLINK-31217 - STARLINK-4772,2992.694,3729.507,736.813,
Contact STARLINK-31217 - STARLINK-4772,8196.331,71704.006,63507.675,
Contact STARLINK-31217 - STARLINK-4687,38762.967,85883.810,47120.842,
Contact STARLINK-31217 - STARLINK-5978,49730.792,57118.028,7387.236,
Contact STARLINK-31217 - STARLINK-5978,57817.662,82385.940,24568.278,
Contact STARLINK-31217 - STARLINK-30613,0.000,9953.479,9953.479,
Contact STARLINK-31217 - STARLINK-4402,53906.057,54581.903,675.846,
Contact STARLINK-31217 - STARLINK-4402,67747.779,69053.802,1306.023,
Contact STARLINK-31217 - STARLINK-4402,76185.115,83267.770,7082.655,
Contact STARLINK-31217 - STARLINK-31502,0.000,114.889,114.889,
Contact STARLINK-31217 - STARLINK-31502,24765.145,25447.050,681.905,
Contact STARLINK-31217 - STARLINK-31502,35885.615,36688.824,803.209,
Contact STARLINK-31217 - STARLINK-31502,49783.851,50744.740,960.888,
Contact STARLINK-31217 - STARLINK-31502,60921.167,61969.676,1048.509,
Contact STARLINK-31217 - STARLINK-31502,74860.122,75981.997,1121.876,
Contact STARLINK-31217 - STARLINK-31502,86005.090,86400.000,394.910,
Contact STARLINK-31217 - STARLINK-4631,33299.454,79999.494,46700.039,
Contact STARLINK-31217 - STARLINK-5807,86068.476,86400.000,331.524,
Contact STARLINK-31217 - STARLINK-31722,0.000,86400.000,86400.000,
Contact STARLINK-31217 - STARLINK-1581,3496.647,4303.657,807.009,
Contact STARLINK-31217 - STARLINK-1581,17441.134,18387.667,946.533,
Contact STARLINK-31217 - STARLINK-1581,28615.587,32438.797,3823.210,
Contact STARLINK-31217 - STARLINK-1581,42603.523,43674.711,1071.188,
Contact STARLINK-31217 - STARLINK-1581,53798.747,60511.529,6712.782,
Contact STARLINK-31217 - STARLINK-1581,67798.922,68929.281,1130.359,
Contact STARLINK-31217 - STARLINK-1581,79013.689,82929.989,3916.300,
Contact STARLINK-31217 - STARLINK-4290,6534.826,7576.985,1042.159,
Contact STARLINK-31217 - STARLINK-4290,17806.232,21667.259,3861.027,
Contact STARLINK-31217 - STARLINK-4290,31958.256,32898.151,939.895,
Contact STARLINK-31217 - STARLINK-4290,46171.086,46878.055,706.969,
Contact STARLINK-31217 - STARLINK-6142,6993.228,10837.881,3844.653,
Contact STARLINK-31217 - STARLINK-6142,21121.475,22145.067,1023.592,
Contact STARLINK-31217 - STARLINK-6142,35348.212,36189.240,841.028,
Contact STARLINK-31217 - STARLINK-3167,61197.084,65122.144,3925.060,
Contact STARLINK-31217 - STARLINK-3167,74994.176,82308.570,7314.395,
Contact STARLINK-31217 - STARLINK-3167,83308.726,86400.000,3091.274,
Contact STARLINK-31217 - STARLINK-5049,0.000,491.505,491.505,
Contact STARLINK-31217 - STARLINK-5049,7770.416,17782.122,10011.706,
Contact STARLINK-31217 - STARLINK-5049,21769.506,31846.177,10076.671,
Contact STARLINK-31217 - STARLINK-5049,38974.991,40164.251,1189.260,
Contact STARLINK-31217 - MoonARTEMIS1,1850.415,5339.158,3488.743,
Contact STARLINK-31217 - MoonARTEMIS1,7459.105,16566.722,9107.617,
Contact STARLINK-31217 - MoonARTEMIS1,18683.277,27806.843,9123.566,
Contact STARLINK-31217 - MoonARTEMIS1,35506.933,38999.340,3492.406,
Contact STARLINK-31217 - MoonARTEMIS1,41097.651,50191.740,9094.089,
Contact STARLINK-31217 - MoonARTEMIS1,52289.860,55791.732,3501.871,
Contact STARLINK-31217 - MoonARTEMIS1,57889.445,66997.108,9107.662,
Contact STARLINK-31217 - MoonARTEMIS1,69093.937,78208.575,9114.638,
Contact STARLINK-31217 - MoonARTEMIS1,80304.750,86400.000,6095.250,
Contact STARLINK-31217 - MoonARTEMIS2,1948.828,5436.801,3487.972,
Contact STARLINK-31217 - MoonARTEMIS2,7550.703,16642.011,9091.308,
Contact STARLINK-31217 - MoonARTEMIS2,18751.386,27841.938,9090.552,
Contact STARLINK-31217 - MoonARTEMIS2,29946.383,39032.692,9086.310,
Contact STARLINK-31217 - MoonARTEMIS2,41130.363,47459.816,6329.454,
Contact STARLINK-31217 - MoonARTEMIS2,52338.544,55851.661,3513.116,
Contact STARLINK-31217 - MoonARTEMIS2,57955.371,67080.873,9125.502,
Contact STARLINK-31217 - MoonARTEMIS2,69182.449,78303.493,9121.044,
Contact STARLINK-31217 - MoonARTEMIS2,80403.985,86400.000,5996.015,
Contact STARLINK-31217 - MoonIOAGEO,1878.061,5365.197,3487.136,
Contact STARLINK-31217 - MoonIOAGEO,7482.420,10978.683,3496.262,
Contact STARLINK-31217 - MoonIOAGEO,18711.921,27823.573,9111.652,
Contact STARLINK-31217 - MoonIOAGEO,29927.112,39013.479,9086.366,
Contact STARLINK-31217 - MoonIOAGEO,41112.655,50213.713,9101.058,
Contact STARLINK-31217 - MoonIOAGEO,52316.989,55829.022,3512.033,
Contact STARLINK-31217 - MoonIOAGEO,61172.356,67065.871,5893.515,
Contact STARLINK-31217 - MoonIOAGEO,69163.846,78269.690,9105.844,
Contact STARLINK-31217 - MoonIOAGEO,80360.318,86400.000,6039.682,
Contact STARLINK-31217 - MoonIOAGNO,1880.008,5372.694,3492.686,
Contact STARLINK-31217 - MoonIOAGNO,7493.449,16602.971,9109.522,
Contact STARLINK-31217 - MoonIOAGNO,18717.540,27800.073,9082.533,
Contact STARLINK-31217 - MoonIOAGNO,29913.501,39001.095,9087.594,
Contact STARLINK-31217 - MoonIOAGNO,41109.403,50227.900,9118.497,
Contact STARLINK-31217 - MoonIOAGNO,52336.217,55848.396,3512.179,
Contact STARLINK-31217 - MoonIOAGNO,57951.090,67048.293,9097.203,
Contact STARLINK-31217 - MoonIOAGNO,69152.481,78247.270,9094.789,
Contact STARLINK-31217 - MoonIOAGNO,80349.106,86400.000,6050.894,
Contact STARLINK-31217 - MoonIOAGNO 0001,1902.073,5378.046,3475.973,
Contact STARLINK-31217 - MoonIOAGNO 0001,7498.880,16577.634,9078.754,
Contact STARLINK-31217 - MoonIOAGNO 0001,18693.159,27799.291,9106.132,
Contact STARLINK-31217 - MoonIOAGNO 0001,29913.429,39026.081,9112.652,
Contact STARLINK-31217 - MoonIOAGNO 0001,41134.306,50223.332,9089.026,
Contact STARLINK-31217 - MoonIOAGNO 0001,52330.885,55823.148,3492.263,
Contact STARLINK-31217 - MoonIOAGNO 0001,57928.769,67033.656,9104.887,
Contact STARLINK-31217 - MoonIOAGNO 0001,69134.133,78272.756,9138.622,
Contact STARLINK-31217 - MoonIOAGNO 0001,80372.440,86400.000,6027.560,
Contact STARLINK-31217 - MoonIOAGSO,1894.274,5380.284,3486.010,
Contact STARLINK-31217 - MoonIOAGSO,13101.241,16603.594,3502.353,
Contact STARLINK-31217 - MoonIOAGSO,18707.368,27822.294,9114.926,
Contact STARLINK-31217 - MoonIOAGSO,29918.519,39030.728,9112.209,
Contact STARLINK-31217 - MoonIOAGSO,41126.895,50226.935,9100.039,
Contact STARLINK-31217 - MoonIOAGSO,57937.873,67067.624,9129.751,
Contact STARLINK-31217 - MoonIOAGSO,69155.028,78281.269,9126.242,
Contact STARLINK-31217 - MoonIOAGSO,80367.897,86400.000,6032.103,
Contact STARLINK-31217 - MoonIOAGSO 0001,1896.647,5396.478,3499.832,
Contact STARLINK-31217 - MoonIOAGSO 0001,7500.850,16604.847,9103.997,
Contact STARLINK-31217 - MoonIOAGSO 0001,18708.040,27803.170,9095.130,
Contact STARLINK-31217 - MoonIOAGSO 0001,35518.086,39029.425,3511.339,
Contact STARLINK-31217 - MoonIOAGSO 0001,41125.700,50249.137,9123.436,
Contact STARLINK-31217 - MoonIOAGSO 0001,52339.156,55854.687,3515.532,
Contact STARLINK-31217 - MoonIOAGSO 0001,57944.511,67055.256,9110.745,
Contact STARLINK-31217 - MoonIOAGSO 0001,69149.021,72651.105,3502.084,
Contact STARLINK-31217 - MoonIOAGSO 0001,80360.061,86400.000,6039.939,
Contact STARLINK-31217 - MoonLRO,1894.708,3972.486,2077.778,
Contact STARLINK-31217 - MoonLRO,13658.937,16595.032,2936.095,
Contact STARLINK-31217 - MoonLRO,20501.678,22202.089,1700.411,
Contact STARLINK-31217 - MoonLRO,35517.972,38135.069,2617.097,
Contact STARLINK-31217 - MoonLRO,41119.759,44623.887,3504.128,
Contact STARLINK-31217 - MoonLRO,63544.168,65482.003,1937.835,
Contact STARLINK-31217 - MoonLRO,69147.142,78262.293,9115.151,
Contact STARLINK-31217 - MoonLRO,81942.923,83871.231,1928.308,
Contact STARLINK-31217 - MarsSat1,0.000,6611.989,6611.989,
Contact STARLINK-31217 - MarsSat1,8713.317,17784.808,9071.491,
Contact STARLINK-31217 - MarsSat1,19888.812,23371.214,3482.402,
Contact STARLINK-31217 - MarsSat1,25476.521,34544.000,9067.478,
Contact STARLINK-31217 - MarsSat1,36651.849,45716.738,9064.888,
Contact STARLINK-31217 - MarsSat1,47827.047,56889.430,9062.383,
Contact STARLINK-31217 - MarsSat1,59002.125,68062.099,9059.974,
Contact STARLINK-31217 - MarsSat1,70177.114,73648.435,3471.322,
Contact STARLINK-31217 - MarsSat1,75764.584,84821.128,9056.544,
Contact STARLINK-31217 - MarsSat2,0.000,6612.006,6612.006,
Contact STARLINK-31217 - MarsSat2,8713.317,17784.745,9071.427,
Contact STARLINK-31217 - MarsSat2,19888.744,23371.121,3482.376,
Contact STARLINK-31217 - MarsSat2,25476.431,34543.876,9067.445,
Contact STARLINK-31217 - MarsSat2,36651.742,45716.629,9064.887,
Contact STARLINK-31217 - MarsSat2,47826.968,56889.376,9062.408,
Contact STARLINK-31217 - MarsSat2,59002.108,68062.117,9060.009,
Contact STARLINK-31217 - MarsSat2,70177.164,73648.485,3471.321,
Contact STARLINK-31217 - MarsSat2,75764.660,84821.217,9056.556,
Contact STARLINK-31217 - MarsSat3,0.000,6612.066,6612.066,
Contact STARLINK-31217 - MarsSat3,8713.358,17784.798,9071.439,
Contact STARLINK-31217 - MarsSat3,19888.770,23371.161,3482.391,
Contact STARLINK-31217 - MarsSat3,25476.452,34543.908,9067.456,
Contact STARLINK-31217 - MarsSat3,36651.772,45716.668,9064.896,
Contact STARLINK-31217 - MarsSat3,47827.009,56889.423,9062.413,
Contact STARLINK-31217 - MarsSat3,59002.153,68062.163,9060.010,
Contact STARLINK-31217 - MarsSat3,70177.201,73648.527,3471.326,
Contact STARLINK-31217 - MarsSat3,75764.688,84821.238,9056.550,
Contact STARLINK-31217 - MarsSat4,0.000,6612.041,6612.041,
Contact STARLINK-31217 - MarsSat4,14301.081,17784.803,3483.721,
Contact STARLINK-31217 - MarsSat4,19888.782,23371.174,3482.392,
Contact STARLINK-31217 - MarsSat4,25476.471,34543.934,9067.462,
Contact STARLINK-31217 - MarsSat4,36651.791,45716.682,9064.891,
Contact STARLINK-31217 - MarsSat4,47826.986,56889.390,9062.404,
Contact STARLINK-31217 - MarsSat4,59002.109,68062.122,9060.014,
Contact STARLINK-31217 - MarsSat4,70177.164,73648.490,3471.326,
Contact STARLINK-31217 - MarsSat4,75764.648,84821.182,9056.535,
Contact STARLINK-5335 - STARLINK-5698,0.000,206.974,206.974,
Contact STARLINK-5335 - STARLINK-5698,13704.412,14521.598,817.185,
Contact STARLINK-5335 - STARLINK-5698,25178.244,28841.172,3662.928,
Contact STARLINK-5335 - STARLINK-5698,39518.213,40294.114,775.901,
Contact STARLINK-5335 - STARLINK-5698,53864.750,54606.640,741.890,
Contact STARLINK-5335 - STARLINK-5698,68206.064,68924.378,718.314,
Contact STARLINK-5335 - STARLINK-5698,82554.440,83235.035,680.594,
Contact STARLINK-5335 - STARLINK-31933,46052.927,46872.364,819.437,
Contact STARLINK-5335 - STARLINK-31933,57254.436,58322.809,1068.373,
Contact STARLINK-5335 - STARLINK-31933,71345.375,72544.071,1198.696,
Contact STARLINK-5335 - STARLINK-31933,79854.253,86400.000,6545.747,
Contact STARLINK-5335 - STARLINK-32211,0.000,3725.948,3725.948,
Contact STARLINK-5335 - STARLINK-32211,14028.293,15020.381,992.088,
Contact STARLINK-5335 - STARLINK-32211,28276.500,29056.390,779.890,
Contact STARLINK-5335 - STARLINK-5718,10209.769,11379.794,1170.025,
Contact STARLINK-5335 - STARLINK-5718,24533.214,25698.590,1165.377,
Contact STARLINK-5335 - STARLINK-5718,33122.840,40022.954,6900.114,
Contact STARLINK-5335 - STARLINK-5718,47446.317,54341.681,6895.365,
Contact STARLINK-5335 - STARLINK-5718,64631.184,68665.970,4034.786,
Contact STARLINK-5335 - STARLINK-5718,78949.162,82984.629,4035.466,
Contact STARLINK-5335 - STARLINK-4621,0.000,3137.638,3137.638,
Contact STARLINK-5335 - STARLINK-4621,4233.327,17498.714,13265.387,
Contact STARLINK-5335 - STARLINK-4621,18592.009,31871.348,13279.339,
Contact STARLINK-5335 - STARLINK-4621,32926.240,46225.532,13299.292,
Contact STARLINK-5335 - STARLINK-4621,47291.498,60593.051,13301.553,
Contact STARLINK-5335 - STARLINK-4621,61632.238,74939.974,13307.736,
Contact STARLINK-5335 - STARLINK-4621,76004.380,86400.000,10395.620,
Contact STARLINK-5335 - STARLINK-30312,2975.639,4083.453,1107.814,
Contact STARLINK-5335 - STARLINK-30312,17300.753,18395.977,1095.224,
Contact STARLINK-5335 - STARLINK-30312,28756.273,32719.429,3963.156,
Contact STARLINK-5335 - STARLINK-30312,43069.931,47031.911,3961.980,
Contact STARLINK-5335 - STARLINK-30312,57395.061,61355.370,3960.310,
Contact STARLINK-5335 - STARLINK-30312,71708.692,75667.811,3959.119,
Contact STARLINK-5335 - STARLINK-30312,86033.831,86400.000,366.169,
Contact STARLINK-5335 - STARLINK-5250,0.000,10691.495,10691.495,
Contact STARLINK-5335 - STARLINK-5250,11206.925,24925.599,13718.674,
Contact STARLINK-5335 - STARLINK-5250,25547.824,39169.167,13621.343,
Contact STARLINK-5335 - STARLINK-5250,39928.257,53401.177,13472.920,
Contact STARLINK-5335 - STARLINK-5250,54269.669,64790.809,10521.140,
Contact STARLINK-5335 - STARLINK-5250,68650.534,79035.718,10385.185,
Contact STARLINK-5335 - STARLINK-5250,82994.961,86400.000,3405.039,
Contact STARLINK-5335 - STARLINK-3081,0.000,276.251,276.251,
Contact STARLINK-5335 - STARLINK-3081,13781.755,14664.858,883.103,
Contact STARLINK-5335 - STARLINK-3081,28150.060,29048.099,898.038,
Contact STARLINK-5335 - STARLINK-3081,42519.439,43430.975,911.536,
Contact STARLINK-5335 - STARLINK-3081,56894.284,57807.637,913.353,
Contact STARLINK-5335 - STARLINK-3081,68395.467,72184.670,3789.203,
Contact STARLINK-5335 - STARLINK-3081,82773.067,86400.000,3626.933,
Contact STARLINK-5335 - STARLINK-30611,0.000,34508.585,34508.585,
Contact STARLINK-5335 - STARLINK-5215,296.813,7517.481,7220.668,
Contact STARLINK-5335 - STARLINK-4125,10124.122,10840.668,716.545,
Contact STARLINK-5335 - STARLINK-4125,21579.679,22261.161,681.482,
Contact STARLINK-5335 - STARLINK-4125,35905.713,36529.981,624.267,
Contact STARLINK-5335 - STARLINK-4125,50225.032,50805.906,580.874,
Contact STARLINK-5335 - STARLINK-4125,64557.823,65067.948,510.125,
Contact STARLINK-5335 - STARLINK-4125,78883.843,79337.158,453.315,
Contact STARLINK-5335 - STARLINK-32081,0.000,3642.227,3642.227,
Contact STARLINK-5335 - STARLINK-32081,14371.250,14767.125,395.875,
Contact STARLINK-5335 - STARLINK-1301,7050.107,11092.497,4042.390,
Contact STARLINK-5335 - STARLINK-1301,21347.564,25403.329,4055.765,
Contact STARLINK-5335 - STARLINK-1301,35660.683,42586.327,6925.645,
Contact STARLINK-5335 - STARLINK-1301,49958.967,56913.529,6954.562,
Contact STARLINK-5335 - STARLINK-1301,64272.482,65496.287,1223.805,
Contact STARLINK-5335 - STARLINK-1301,78571.551,79822.862,1251.311,
Contact STARLINK-5335 - STARLINK-31617,86370.004,86400.000,29.996,
Contact STARLINK-5335 - STARLINK-2751,0.000,86400.000,86400.000,
Contact STARLINK-5335 - STARLINK-32235,55456.791,86400.000,30943.209,
Contact STARLINK-5335 - STARLINK-30316,0.000,4136.669,4136.669,
Contact STARLINK-5335 - STARLINK-30196,0.000,86400.000,86400.000,
Contact STARLINK-5335 - STARLINK-4413,32344.353,32740.014,395.661,
Contact STARLINK-5335 - STARLINK-4413,46703.478,47094.324,390.846,
Contact STARLINK-5335 - STARLINK-4413,61044.653,61465.430,420.778,
Contact STARLINK-5335 - STARLINK-4413,75404.169,75819.318,415.149,
Contact STARLINK-5335 - STARLINK-31407,3916.896,14024.022,10107.126,
Contact STARLINK-5335 - STARLINK-31407,20897.714,28062.230,7164.516,
Contact STARLINK-5335 - STARLINK-31407,29507.801,36377.780,6869.978,
Contact STARLINK-5335 - STARLINK-31827,29429.267,79156.322,49727.054,
Contact STARLINK-5335 - STARLINK-31827,86121.141,86400.000,278.859,
Contact STARLINK-5335 - STARLINK-31800,10485.078,10882.578,397.500,
Contact STARLINK-5335 - STARLINK-31800,21349.861,28443.887,7094.025,
Contact STARLINK-5335 - STARLINK-31800,35253.079,42725.740,7472.661,
Contact STARLINK-5335 - STARLINK-31800,43695.117,51175.527,7480.410,
Contact STARLINK-5335 - STARLINK-31800,58009.843,65047.595,7037.752,
Contact STARLINK-5335 - STARLINK-31987,32098.243,38988.810,6890.567,
Contact STARLINK-5335 - STARLINK-31987,46109.806,53316.381,7206.575,
Contact STARLINK-5335 - STARLINK-31987,54551.053,61872.198,7321.145,
Contact STARLINK-5335 - STARLINK-31987,68737.167,78839.802,10102.635,
Contact STARLINK-5335 - STARLINK-31987,85905.341,86400.000,494.659,
Contact STARLINK-5335 - STARLINK-6311,0.000,86400.000,86400.000,
Contact STARLINK-5335 - STARLINK-2228,9634.232,13982.657,4348.425,
Contact STARLINK-5335 - STARLINK-2228,14661.652,47632.249,32970.597,
Contact STARLINK-5335 - STARLINK-1736,35586.480,36190.219,603.740,
Contact STARLINK-5335 - STARLINK-1736,43356.911,86400.000,43043.089,
Contact STARLINK-5335 - STARLINK-30425,64322.764,65305.506,982.742,
Contact STARLINK-5335 - STARLINK-30425,72558.071,82539.263,9981.192,
Contact STARLINK-5335 - STARLINK-3346,7019.418,11099.544,4080.126,
Contact STARLINK-5335 - STARLINK-3346,21263.799,28258.462,6994.663,
Contact STARLINK-5335 - STARLINK-3346,35530.120,42541.636,7011.516,
Contact STARLINK-5335 - STARLINK-3346,49790.911,51118.990,1328.079,
Contact STARLINK-5335 - STARLINK-3346,64072.871,65389.534,1316.663,
Contact STARLINK-5335 - STARLINK-3346,72635.341,79666.150,7030.810,
Contact STARLINK-5335 - STARLINK-30320,0.000,41167.051,41167.051,
Contact STARLINK-5335 - STARLINK-31919,0.000,349.472,349.472,
Contact STARLINK-5335 - STARLINK-31639,0.000,10049.988,10049.988,
Contact STARLINK-5335 - STARLINK-31600,10272.253,11145.820,873.568,
Contact STARLINK-5335 - STARLINK-31764,4285.439,11240.886,6955.447,
Contact STARLINK-5335 - STARLINK-31764,18197.502,28379.594,10182.092,
Contact STARLINK-5335 - STARLINK-31764,29468.396,42404.161,12935.765,
Contact STARLINK-5335 - STARLINK-31764,43756.376,50737.525,6981.148,
Contact STARLINK-5335 - STARLINK-4402,6878.706,7358.112,479.406,
Contact STARLINK-5335 - STARLINK-4402,21218.529,21698.211,479.682,
Contact STARLINK-5335 - STARLINK-4402,35573.135,36023.329,450.194,
Contact STARLINK-5335 - STARLINK-6255,0.000,86400.000,86400.000,
Contact STARLINK-5335 - STARLINK-3898,0.000,86400.000,86400.000,
Contact STARLINK-5335 - STARLINK-31539,3375.837,10258.420,6882.583,
Contact STARLINK-5335 - STARLINK-31539,11637.346,24625.404,12988.058,
Contact STARLINK-5335 - STARLINK-31539,25569.192,35912.123,10342.931,
Contact STARLINK-5335 - STARLINK-31539,39816.957,49792.600,9975.643,
Contact STARLINK-5335 - STARLINK-31539,57306.959,57941.114,634.154,
Contact STARLINK-5335 - STARLINK-30367,0.000,86400.000,86400.000,
Contact STARLINK-5335 - STARLINK-5151,0.000,3639.013,3639.013,
Contact STARLINK-5335 - STARLINK-5151,14167.584,14930.516,762.932,
Contact STARLINK-5335 - STARLINK-5151,28600.695,28954.199,353.504,
Contact STARLINK-5335 - STARLINK-2388,82793.373,83066.735,273.362,
Contact STARLINK-5335 - STARLINK-31463,28708.290,29491.187,782.897,
Contact STARLINK-5335 - STARLINK-31463,42776.594,43789.022,1012.428,
Contact STARLINK-5335 - STARLINK-31463,56916.081,58015.655,1099.574,
Contact STARLINK-5335 - STARLINK-31463,68264.029,72194.518,3930.489,
Contact STARLINK-5335 - STARLINK-31463,82495.212,83494.242,999.030,
Contact STARLINK-5335 - MoonARTEMIS1,0.000,1673.678,1673.678,
Contact STARLINK-5335 - MoonARTEMIS1,3814.017,13151.316,9337.300,
Contact STARLINK-5335 - MoonARTEMIS1,15302.428,24634.285,9331.857,
Contact STARLINK-5335 - MoonARTEMIS1,26795.059,30376.966,3581.907,
Contact STARLINK-5335 - MoonARTEMIS1,33975.397,41835.229,7859.832,
Contact STARLINK-5335 - MoonARTEMIS1,43994.358,53300.723,9306.365,
Contact STARLINK-5335 - MoonARTEMIS1,55463.017,64770.639,9307.622,
Contact STARLINK-5335 - MoonARTEMIS1,66935.527,70506.970,3571.443,
Contact STARLINK-5335 - MoonARTEMIS1,72672.839,81982.288,9309.449,
Contact STARLINK-5335 - MoonARTEMIS1,84149.255,86400.000,2250.745,
Contact STARLINK-5335 - MoonARTEMIS2,0.000,1725.133,1725.133,
Contact STARLINK-5335 - MoonARTEMIS2,3877.248,13194.190,9316.942,
Contact STARLINK-5335 - MoonARTEMIS2,15350.744,24660.572,9309.828,
Contact STARLINK-5335 - MoonARTEMIS2,26819.923,30392.307,3572.384,
Contact STARLINK-5335 - MoonARTEMIS2,32552.377,41850.356,9297.980,
Contact STARLINK-5335 - MoonARTEMIS2,44009.629,47364.000,3354.371,
Contact STARLINK-5335 - MoonARTEMIS2,55496.022,59072.567,3576.545,
Contact STARLINK-5335 - MoonARTEMIS2,61240.109,70557.688,9317.579,
Contact STARLINK-5335 - MoonARTEMIS2,72723.900,82040.136,9316.236,
Contact STARLINK-5335 - MoonARTEMIS2,84203.710,86400.000,2196.290,
Contact STARLINK-5335 - MoonIOAGEO,0.000,1687.273,1687.273,
Contact STARLINK-5335 - MoonIOAGEO,3830.309,13064.114,9233.805,
Contact STARLINK-5335 - MoonIOAGEO,17174.719,24644.557,7469.838,
Contact STARLINK-5335 - MoonIOAGEO,26803.958,30379.626,3575.668,
Contact STARLINK-5335 - MoonIOAGEO,32539.250,41842.505,9303.254,
Contact STARLINK-5335 - MoonIOAGEO,44003.823,53316.413,9312.591,
Contact STARLINK-5335 - MoonIOAGEO,61379.892,70541.271,9161.379,
Contact STARLINK-5335 - MoonIOAGEO,72706.663,82007.733,9301.070,
Contact STARLINK-5335 - MoonIOAGEO,84171.217,86400.000,2228.783,
Contact STARLINK-5335 - MoonIOAGNO,0.000,1690.795,1690.795,
Contact STARLINK-5335 - MoonIOAGNO,3832.044,13176.704,9344.660,
Contact STARLINK-5335 - MoonIOAGNO,15333.189,24655.501,9322.313,
Contact STARLINK-5335 - MoonIOAGNO,26811.285,30388.497,3577.212,
Contact STARLINK-5335 - MoonIOAGNO,32545.042,41848.157,9303.115,
Contact STARLINK-5335 - MoonIOAGNO,44007.402,53325.129,9317.727,
Contact STARLINK-5335 - MoonIOAGNO,55496.781,59074.059,3577.278,
Contact STARLINK-5335 - MoonIOAGNO,61241.978,70549.715,9307.737,
Contact STARLINK-5335 - MoonIOAGNO,72714.968,82013.521,9298.552,
Contact STARLINK-5335 - MoonIOAGNO,84176.708,86400.000,2223.292,
Contact STARLINK-5335 - MoonIOAGNO 0001,0.000,1711.985,1711.985,
Contact STARLINK-5335 - MoonIOAGNO 0001,3855.449,13175.826,9320.377,
Contact STARLINK-5335 - MoonIOAGNO 0001,15323.019,24632.895,9309.877,
Contact STARLINK-5335 - MoonIOAGNO 0001,26787.929,30372.885,3584.956,
Contact STARLINK-5335 - MoonIOAGNO 0001,32540.932,41865.352,9324.419,
Contact STARLINK-5335 - MoonIOAGNO 0001,44028.696,53334.171,9305.476,
Contact STARLINK-5335 - MoonIOAGNO 0001,55497.047,59064.893,3567.846,
Contact STARLINK-5335 - MoonIOAGNO 0001,66957.718,70526.376,3568.658,
Contact STARLINK-5335 - MoonIOAGNO 0001,72695.375,82026.212,9330.837,
Contact STARLINK-5335 - MoonIOAGNO 0001,84192.934,86400.000,2207.066,
Contact STARLINK-5335 - MoonIOAGSO,0.000,1690.811,1690.811,
Contact STARLINK-5335 - MoonIOAGSO,3840.069,7433.044,3592.974,
Contact STARLINK-5335 - MoonIOAGSO,15311.761,24625.105,9313.344,
Contact STARLINK-5335 - MoonIOAGSO,26785.175,30361.976,3576.801,
Contact STARLINK-5335 - MoonIOAGSO,32524.781,41842.482,9317.701,
Contact STARLINK-5335 - MoonIOAGSO,44008.905,52228.709,8219.804,
Contact STARLINK-5335 - MoonIOAGSO,55482.722,59050.993,3568.271,
Contact STARLINK-5335 - MoonIOAGSO,66950.719,70522.614,3571.895,
Contact STARLINK-5335 - MoonIOAGSO,72688.594,82003.556,9314.962,
Contact STARLINK-5335 - MoonIOAGSO,84169.996,86400.000,2230.004,
Contact STARLINK-5335 - MoonIOAGSO 0001,0.000,1680.349,1680.349,
Contact STARLINK-5335 - MoonIOAGSO 0001,3829.795,13154.021,9324.226,
Contact STARLINK-5335 - MoonIOAGSO 0001,15310.824,24637.130,9326.307,
Contact STARLINK-5335 - MoonIOAGSO 0001,26797.587,30376.449,3578.861,
Contact STARLINK-5335 - MoonIOAGSO 0001,33331.045,41836.707,8505.662,
Contact STARLINK-5335 - MoonIOAGSO 0001,44000.149,53310.591,9310.442,
Contact STARLINK-5335 - MoonIOAGSO 0001,55477.563,59050.877,3573.314,
Contact STARLINK-5335 - MoonIOAGSO 0001,66961.864,70536.294,3574.430,
Contact STARLINK-5335 - MoonIOAGSO 0001,78431.033,82000.965,3569.932,
Contact STARLINK-5335 - MoonIOAGSO 0001,84163.730,86400.000,2236.270,
Contact STARLINK-5335 - MoonLRO,6855.301,7425.586,570.285,
Contact STARLINK-5335 - MoonLRO,21053.451,24480.285,3426.833,
Contact STARLINK-5335 - MoonLRO,27294.120,30377.894,3083.774,
Contact STARLINK-5335 - MoonLRO,34137.948,36111.434,1973.485,
Contact STARLINK-5335 - MoonLRO,49749.718,51803.456,2053.738,
Contact STARLINK-5335 - MoonLRO,55483.895,58653.435,3169.539,
Contact STARLINK-5335 - MoonLRO,68264.616,70535.573,2270.956,
Contact STARLINK-5335 - MoonLRO,75120.061,76269.554,1149.492,
Contact STARLINK-5335 - MarsSat1,0.000,2549.077,2549.077,
Contact STARLINK-5335 - MarsSat1,4284.339,14024.907,9740.569,
Contact STARLINK-5335 - MarsSat1,15750.419,31239.099,15488.680,
Contact STARLINK-5335 - MarsSat1,32949.867,42715.467,9765.600,
Contact STARLINK-5335 - MarsSat1,44416.411,59930.373,15513.963,
Contact STARLINK-5335 - MarsSat1,61616.662,71407.261,9790.599,
Contact STARLINK-5335 - MarsSat1,73083.814,86400.000,13316.186,
Contact STARLINK-5335 - MarsSat2,0.000,2549.112,2549.112,
Contact STARLINK-5335 - MarsSat2,4284.309,14024.877,9740.568,
Contact STARLINK-5335 - MarsSat2,15750.460,31239.011,15488.551,
Contact STARLINK-5335 - MarsSat2,32949.983,42715.405,9765.421,
Contact STARLINK-5335 - MarsSat2,44416.561,59930.435,15513.874,
Contact STARLINK-5335 - MarsSat2,61616.814,71407.406,9790.592,
Contact STARLINK-5335 - MarsSat2,73083.925,86400.000,13316.075,
Contact STARLINK-5335 - MarsSat3,0.000,2549.120,2549.120,
Contact STARLINK-5335 - MarsSat3,4284.219,14024.843,9740.624,
Contact STARLINK-5335 - MarsSat3,15750.312,31239.017,15488.705,
Contact STARLINK-5335 - MarsSat3,32949.941,42715.452,9765.511,
Contact STARLINK-5335 - MarsSat3,44416.553,59930.487,15513.933,
Contact STARLINK-5335 - MarsSat3,61616.781,71407.425,9790.644,
Contact STARLINK-5335 - MarsSat3,73083.849,86400.000,13316.151,
Contact STARLINK-5335 - MarsSat4,0.000,2549.182,2549.182,
Contact STARLINK-5335 - MarsSat4,4284.365,8287.012,4002.647,
Contact STARLINK-5335 - MarsSat4,15750.338,31239.043,15488.705,
Contact STARLINK-5335 - MarsSat4,32949.922,41360.053,8410.131,
Contact STARLINK-5335 - MarsSat4,44416.400,59930.405,15514.005,
Contact STARLINK-5335 - MarsSat4,61616.767,71407.379,9790.612,
Contact STARLINK-5335 - MarsSat4,75534.680,86400.000,10865.320,
Contact STARLINK-5698 - STARLINK-31933,39224.450,39645.558,421.108,
Contact STARLINK-5698 - STARLINK-31933,50141.466,57180.992,7039.526,
Contact STARLINK-5698 - STARLINK-31933,64076.833,71478.045,7401.212,
Contact STARLINK-5698 - STARLINK-31933,72558.345,79921.568,7363.222,
Contact STARLINK-5698 - STARLINK-1909,82790.007,83288.565,498.558,
Contact STARLINK-5698 - STARLINK-32211,6426.374,13813.411,7387.037,
Contact STARLINK-5698 - STARLINK-32211,14935.331,22198.227,7262.896,
Contact STARLINK-5698 - STARLINK-32211,32256.288,33245.740,989.452,
Contact STARLINK-5698 - STARLINK-4621,0.000,90.906,90.906,
Contact STARLINK-5698 - STARLINK-4621,13705.948,14445.070,739.122,
Contact STARLINK-5698 - STARLINK-4621,25191.556,25928.288,736.732,
Contact STARLINK-5698 - STARLINK-4621,39549.057,40282.363,733.306,
Contact STARLINK-5698 - STARLINK-4621,53905.703,54636.221,730.519,
Contact STARLINK-5698 - STARLINK-4621,68263.151,68990.360,727.208,
Contact STARLINK-5698 - STARLINK-4621,82620.036,83343.997,723.961,
Contact STARLINK-5698 - STARLINK-30312,10131.189,11288.860,1157.671,
Contact STARLINK-5698 - STARLINK-30312,18707.757,25647.914,6940.157,
Contact STARLINK-5698 - STARLINK-30312,33029.343,39986.531,6957.188,
Contact STARLINK-5698 - STARLINK-30312,47332.337,54343.429,7011.093,
Contact STARLINK-5698 - STARLINK-30312,64508.622,68680.806,4172.183,
Contact STARLINK-5698 - STARLINK-30312,78832.046,85895.847,7063.801,
Contact STARLINK-5698 - STARLINK-5250,10249.720,11243.716,993.996,
Contact STARLINK-5698 - STARLINK-5250,24568.475,25545.630,977.155,
Contact STARLINK-5698 - STARLINK-5250,38895.961,39838.567,942.607,
Contact STARLINK-5698 - STARLINK-5250,50357.254,54135.718,3778.464,
Contact STARLINK-5698 - STARLINK-5250,64682.775,68423.292,3740.517,
Contact STARLINK-5698 - STARLINK-5250,79017.935,79854.137,836.202,
Contact STARLINK-5698 - STARLINK-3081,0.000,10437.715,10437.715,
Contact STARLINK-5698 - STARLINK-3081,11163.292,24954.693,13791.401,
Contact STARLINK-5698 - STARLINK-3081,25454.903,39391.013,13936.110,
Contact STARLINK-5698 - STARLINK-3081,39778.782,53868.311,14089.529,
Contact STARLINK-5698 - STARLINK-3081,54108.386,68194.758,14086.373,
Contact STARLINK-5698 - STARLINK-3081,68541.995,82554.955,14012.960,
Contact STARLINK-5698 - STARLINK-3081,82988.308,86400.000,3411.692,
Contact STARLINK-5698 - STARLINK-30611,0.000,54.060,54.060,
Contact STARLINK-5698 - STARLINK-32081,6814.526,7840.003,1025.476,
Contact STARLINK-5698 - STARLINK-32081,21207.475,21850.236,642.761,
Contact STARLINK-5698 - STARLINK-1301,3083.968,4204.149,1120.181,
Contact STARLINK-5698 - STARLINK-1301,17470.402,18460.322,989.920,
Contact STARLINK-5698 - STARLINK-1301,31935.564,32649.577,714.013,
Contact STARLINK-5698 - STARLINK-1301,46363.745,46864.700,500.955,
Contact STARLINK-5698 - STARLINK-31617,57345.430,57993.661,648.232,
Contact STARLINK-5698 - STARLINK-31617,71372.227,72309.980,937.753,
Contact STARLINK-5698 - STARLINK-31617,82658.154,86400.000,3741.846,
Contact STARLINK-5698 - STARLINK-32235,42798.867,43526.785,727.917,
Contact STARLINK-5698 - STARLINK-32235,53995.994,57720.074,3724.080,
Contact STARLINK-5698 - STARLINK-32235,68099.379,68987.956,888.576,
Contact STARLINK-5698 - STARLINK-32235,82328.771,82961.406,632.635,
Contact STARLINK-5698 - STARLINK-6044,3091.043,4167.059,1076.016,
Contact STARLINK-5698 - STARLINK-6044,17432.313,18562.448,1130.135,
Contact STARLINK-5698 - STARLINK-6044,31792.413,32942.474,1150.061,
Contact STARLINK-5698 - STARLINK-6044,46137.103,47334.310,1197.207,
Contact STARLINK-5698 - STARLINK-6044,60500.387,61711.321,1210.935,
Contact STARLINK-5698 - STARLINK-6044,69105.678,76099.601,6993.924,
Contact STARLINK-5698 - STARLINK-6044,83471.656,86400.000,2928.344,
Contact STARLINK-5698 - STARLINK-4617,2929.631,3662.472,732.841,
Contact STARLINK-5698 - STARLINK-4617,17289.081,18029.670,740.589,
Contact STARLINK-5698 - STARLINK-4617,28779.073,29520.613,741.540,
Contact STARLINK-5698 - STARLINK-4617,43144.840,43880.528,735.688,
Contact STARLINK-5698 - STARLINK-4617,57504.134,58247.905,743.771,
Contact STARLINK-5698 - STARLINK-4617,71870.127,72607.604,737.477,
Contact STARLINK-5698 - STARLINK-4617,86229.325,86400.000,170.675,
Contact STARLINK-5698 - STARLINK-30472,64050.886,64804.424,753.538,
Contact STARLINK-5698 - STARLINK-30472,75442.254,76345.760,903.507,
Contact STARLINK-5698 - STARLINK-30196,0.000,3817.008,3817.008,
Contact STARLINK-5698 - STARLINK-30196,14026.363,20971.858,6945.495,
Contact STARLINK-5698 - STARLINK-30196,28359.403,35271.091,6911.688,
Contact STARLINK-5698 - STARLINK-30196,42708.834,43838.462,1129.628,
Contact STARLINK-5698 - STARLINK-30196,57047.454,58133.237,1085.783,
Contact STARLINK-5698 - STARLINK-30196,71404.014,72410.204,1006.190,
Contact STARLINK-5698 - STARLINK-30196,85749.073,86400.000,650.927,
Contact STARLINK-5698 - STARLINK-31627,75142.900,76077.991,935.091,
Contact STARLINK-5698 - STARLINK-3182,78528.097,79244.311,716.214,
Contact STARLINK-5698 - STARLINK-3182,83631.005,86400.000,2768.995,
Contact STARLINK-5698 - STARLINK-31827,14001.803,14520.750,518.947,
Contact STARLINK-5698 - STARLINK-31827,28033.456,28845.033,811.577,
Contact STARLINK-5698 - STARLINK-31827,39315.646,40246.984,931.338,
Contact STARLINK-5698 - STARLINK-31827,53471.077,54446.351,975.274,
Contact STARLINK-5698 - STARLINK-31827,67688.538,68583.213,894.675,
Contact STARLINK-5698 - STARLINK-31827,79107.084,79849.075,741.991,
Contact STARLINK-5698 - STARLINK-31800,0.000,10215.377,10215.377,
Contact STARLINK-5698 - STARLINK-31800,11165.499,18511.858,7346.359,
Contact STARLINK-5698 - STARLINK-31800,28794.916,29355.227,560.311,
Contact STARLINK-5698 - STARLINK-31987,25126.612,25696.237,569.625,
Contact STARLINK-5698 - STARLINK-31987,39182.921,40047.881,864.960,
Contact STARLINK-5698 - STARLINK-31987,53305.043,54333.780,1028.736,
Contact STARLINK-5698 - STARLINK-31987,64645.059,68556.304,3911.245,
Contact STARLINK-5698 - STARLINK-31987,78870.593,79899.683,1029.090,
Contact STARLINK-5698 - STARLINK-6311,0.000,319.876,319.876,
Contact STARLINK-5698 - STARLINK-6311,13804.152,14624.786,820.634,
Contact STARLINK-5698 - STARLINK-6311,28144.628,28936.315,791.687,
Contact STARLINK-5698 - STARLINK-6311,42494.606,43238.352,743.746,
Contact STARLINK-5698 - STARLINK-6311,53972.443,54682.113,709.670,
Contact STARLINK-5698 - STARLINK-6311,68316.694,68989.852,673.158,
Contact STARLINK-5698 - STARLINK-6311,82672.337,83286.188,613.851,
Contact STARLINK-5698 - STARLINK-2228,0.000,317.554,317.554,
Contact STARLINK-5698 - STARLINK-2228,13694.480,14571.880,877.400,
Contact STARLINK-5698 - STARLINK-2228,24950.897,25877.559,926.662,
Contact STARLINK-5698 - STARLINK-2228,39130.931,39900.251,769.320,
Contact STARLINK-5698 - STARLINK-1736,3040.429,4140.844,1100.415,
Contact STARLINK-5698 - STARLINK-1736,11520.017,18376.134,6856.117,
Contact STARLINK-5698 - STARLINK-1736,28572.346,32524.997,3952.652,
Contact STARLINK-5698 - STARLINK-1736,42877.012,43790.511,913.499,
Contact STARLINK-5698 - STARLINK-1736,57288.701,57768.989,480.288,
Contact STARLINK-5698 - STARLINK-30425,21039.102,21705.839,666.737,
Contact STARLINK-5698 - STARLINK-30425,31950.755,39109.620,7158.865,
Contact STARLINK-5698 - STARLINK-30425,40293.191,47594.085,7300.894,
Contact STARLINK-5698 - STARLINK-30425,54533.312,61412.486,6879.174,
Contact STARLINK-5698 - STARLINK-3346,3434.775,3877.817,443.042,
Contact STARLINK-5698 - STARLINK-30320,0.000,493.940,493.940,
Contact STARLINK-5698 - STARLINK-31764,0.000,4233.631,4233.631,
Contact STARLINK-5698 - STARLINK-30842,0.000,86400.000,86400.000,
Contact STARLINK-5698 - STARLINK-31539,10492.837,11474.678,981.841,
Contact STARLINK-5698 - STARLINK-31539,24559.077,25716.917,1157.840,
Contact STARLINK-5698 - STARLINK-31539,35901.214,39829.681,3928.466,
Contact STARLINK-5698 - STARLINK-31539,50197.122,51032.228,835.106,
Contact STARLINK-5698 - STARLINK-5807,0.000,20770.751,20770.751,
Contact STARLINK-5698 - STARLINK-5807,21728.332,32066.847,10338.515,
Contact STARLINK-5698 - STARLINK-5807,39309.667,43360.075,4050.408,
Contact STARLINK-5698 - STARLINK-5807,53983.757,54585.342,601.585,
Contact STARLINK-5698 - STARLINK-1581,86285.303,86400.000,114.697,
Contact STARLINK-5698 - STARLINK-30367,39596.370,40006.520,410.150,
Contact STARLINK-5698 - STARLINK-30367,53936.035,54357.345,421.309,
Contact STARLINK-5698 - STARLINK-30367,68266.907,68716.868,449.961,
Contact STARLINK-5698 - STARLINK-30367,82607.105,83067.137,460.032,
Contact STARLINK-5698 - STARLINK-5151,6678.822,7891.716,1212.894,
Contact STARLINK-5698 - STARLINK-5151,21037.615,22009.264,971.649,
Contact STARLINK-5698 - STARLINK-5151,35456.080,36069.157,613.076,
Contact STARLINK-5698 - STARLINK-2388,5449.002,86400.000,80950.998,
Contact STARLINK-5698 - STARLINK-1700,0.000,86400.000,86400.000,
Contact STARLINK-5698 - STARLINK-31463,24298.570,25499.086,1200.516,
Contact STARLINK-5698 - STARLINK-31463,32516.654,71400.776,38884.122,
Contact STARLINK-5698 - STARLINK-31463,72072.533,82370.216,10297.684,
Contact STARLINK-5698 - MoonARTEMIS1,0.000,1717.774,1717.774,
Contact STARLINK-5698 - MoonARTEMIS1,3795.862,13251.189,9455.327,
Contact STARLINK-5698 - MoonARTEMIS1,15317.587,24797.426,9479.839,
Contact STARLINK-5698 - MoonARTEMIS1,26849.551,30573.571,3724.020,
Contact STARLINK-5698 - MoonARTEMIS1,33937.287,42064.726,8127.439,
Contact STARLINK-5698 - MoonARTEMIS1,44097.966,53570.780,9472.814,
Contact STARLINK-5698 - MoonARTEMIS1,55599.650,59327.489,3727.839,
Contact STARLINK-5698 - MoonARTEMIS1,61353.166,70846.864,9493.698,
Contact STARLINK-5698 - MoonARTEMIS1,72864.798,82373.668,9508.870,
Contact STARLINK-5698 - MoonARTEMIS1,84382.426,86400.000,2017.574,
Contact STARLINK-5698 - MoonARTEMIS2,0.000,1814.581,1814.581,
Contact STARLINK-5698 - MoonARTEMIS2,3862.035,13332.337,9470.302,
Contact STARLINK-5698 - MoonARTEMIS2,15370.645,24845.436,9474.791,
Contact STARLINK-5698 - MoonARTEMIS2,26876.236,30599.327,3723.091,
Contact STARLINK-5698 - MoonARTEMIS2,32627.147,42096.699,9469.552,
Contact STARLINK-5698 - MoonARTEMIS2,44120.333,47350.489,3230.157,
Contact STARLINK-5698 - MoonARTEMIS2,55643.651,59401.370,3757.719,
Contact STARLINK-5698 - MoonARTEMIS2,61408.327,70945.362,9537.035,
Contact STARLINK-5698 - MoonARTEMIS2,72935.440,82484.596,9549.156,
Contact STARLINK-5698 - MoonARTEMIS2,84460.785,86400.000,1939.215,
Contact STARLINK-5698 - MoonIOAGEO,0.000,1745.992,1745.992,
Contact STARLINK-5698 - MoonIOAGEO,3814.346,12986.309,9171.963,
Contact STARLINK-5698 - MoonIOAGEO,17228.356,24824.009,7595.652,
Contact STARLINK-5698 - MoonIOAGEO,26865.731,30582.519,3716.788,
Contact STARLINK-5698 - MoonIOAGEO,32617.085,42078.858,9461.774,
Contact STARLINK-5698 - MoonIOAGEO,44108.711,53602.493,9493.782,
Contact STARLINK-5698 - MoonIOAGEO,61396.681,70924.718,9528.037,
Contact STARLINK-5698 - MoonIOAGEO,72924.185,82428.509,9504.323,
Contact STARLINK-5698 - MoonIOAGEO,84419.488,86400.000,1980.512,
Contact STARLINK-5698 - MoonIOAGNO,0.000,1745.163,1745.163,
Contact STARLINK-5698 - MoonIOAGNO,3817.903,13292.891,9474.988,
Contact STARLINK-5698 - MoonIOAGNO,15338.096,24799.051,9460.955,
Contact STARLINK-5698 - MoonIOAGNO,26832.007,30553.318,3721.311,
Contact STARLINK-5698 - MoonIOAGNO,32584.083,42071.204,9487.121,
Contact STARLINK-5698 - MoonIOAGNO,44103.234,53626.656,9523.422,
Contact STARLINK-5698 - MoonIOAGNO,55640.921,59388.454,3747.533,
Contact STARLINK-5698 - MoonIOAGNO,61388.225,70899.400,9511.175,
Contact STARLINK-5698 - MoonIOAGNO,72888.625,82414.468,9525.843,
Contact STARLINK-5698 - MoonIOAGNO,84404.413,86400.000,1995.587,
Contact STARLINK-5698 - MoonIOAGNO 0001,0.000,1755.514,1755.514,
Contact STARLINK-5698 - MoonIOAGNO 0001,3809.800,13264.180,9454.381,
Contact STARLINK-5698 - MoonIOAGNO 0001,15315.152,24790.720,9475.568,
Contact STARLINK-5698 - MoonIOAGNO 0001,26845.361,30574.461,3729.100,
Contact STARLINK-5698 - MoonIOAGNO 0001,32614.618,42093.003,9478.385,
Contact STARLINK-5698 - MoonIOAGNO 0001,44108.060,53602.498,9494.438,
Contact STARLINK-5698 - MoonIOAGNO 0001,55611.783,59360.390,3748.607,
Contact STARLINK-5698 - MoonIOAGNO 0001,61370.132,70897.011,9526.879,
Contact STARLINK-5698 - MoonIOAGNO 0001,72913.727,82442.486,9528.759,
Contact STARLINK-5698 - MoonIOAGNO 0001,84420.207,86400.000,1979.793,
Contact STARLINK-5698 - MoonIOAGSO,0.000,1766.226,1766.226,
Contact STARLINK-5698 - MoonIOAGSO,3827.983,7517.529,3689.546,
Contact STARLINK-5698 - MoonIOAGSO,15354.291,24826.119,9471.828,
Contact STARLINK-5698 - MoonIOAGSO,26879.317,30587.722,3708.405,
Contact STARLINK-5698 - MoonIOAGSO,32634.463,42101.736,9467.273,
Contact STARLINK-5698 - MoonIOAGSO,44130.529,52194.521,8063.992,
Contact STARLINK-5698 - MoonIOAGSO,55641.269,59388.953,3747.683,
Contact STARLINK-5698 - MoonIOAGSO,61413.082,70924.025,9510.943,
Contact STARLINK-5698 - MoonIOAGSO,72938.484,82447.127,9508.643,
Contact STARLINK-5698 - MoonIOAGSO,84444.645,86400.000,1955.355,
Contact STARLINK-5698 - MoonIOAGSO 0001,0.000,1782.823,1782.823,
Contact STARLINK-5698 - MoonIOAGSO 0001,3855.044,13301.655,9446.611,
Contact STARLINK-5698 - MoonIOAGSO 0001,15360.830,24807.809,9446.980,
Contact STARLINK-5698 - MoonIOAGSO 0001,26847.983,30497.132,3649.149,
Contact STARLINK-5698 - MoonIOAGSO 0001,33405.652,42107.883,8702.231,
Contact STARLINK-5698 - MoonIOAGSO 0001,44147.070,53635.569,9488.499,
Contact STARLINK-5698 - MoonIOAGSO 0001,55662.305,59394.942,3732.637,
Contact STARLINK-5698 - MoonIOAGSO 0001,61412.877,70902.690,9489.813,
Contact STARLINK-5698 - MoonIOAGSO 0001,78676.839,82442.470,3765.631,
Contact STARLINK-5698 - MoonIOAGSO 0001,84448.200,86400.000,1951.800,
Contact STARLINK-5698 - MoonLRO,0.000,1764.632,1764.632,
Contact STARLINK-5698 - MoonLRO,6821.298,7525.320,704.022,
Contact STARLINK-5698 - MoonLRO,21099.258,24446.874,3347.615,
Contact STARLINK-5698 - MoonLRO,27325.916,30566.931,3241.015,
Contact STARLINK-5698 - MoonLRO,34135.565,36331.238,2195.674,
Contact STARLINK-5698 - MoonLRO,49879.786,51786.171,1906.385,
Contact STARLINK-5698 - MoonLRO,55639.651,58615.307,2975.656,
Contact STARLINK-5698 - MoonLRO,61463.688,70906.935,9443.248,
Contact STARLINK-5698 - MoonLRO,75086.546,76671.489,1584.943,
Contact STARLINK-5698 - MarsSat1,0.000,3138.953,3138.953,
Contact STARLINK-5698 - MarsSat1,5133.432,8882.671,3749.238,
Contact STARLINK-5698 - MarsSat1,10877.449,20370.051,9492.602,
Contact STARLINK-5698 - MarsSat1,22365.497,31857.337,9491.840,
Contact STARLINK-5698 - MarsSat1,33853.533,49088.070,15234.536,
Contact STARLINK-5698 - MarsSat1,51085.523,60575.113,9489.590,
Contact STARLINK-5698 - MarsSat1,62573.489,77805.561,15232.073,
Contact STARLINK-5698 - MarsSat1,79805.472,86400.000,6594.528,
Contact STARLINK-5698 - MarsSat2,0.000,3138.961,3138.961,
Contact STARLINK-5698 - MarsSat2,5133.453,8882.670,3749.217,
Contact STARLINK-5698 - MarsSat2,10877.436,20370.039,9492.602,
Contact STARLINK-5698 - MarsSat2,22365.433,31857.328,9491.896,
Contact STARLINK-5698 - MarsSat2,33853.453,49088.110,15234.657,
Contact STARLINK-5698 - MarsSat2,51085.502,60575.194,9489.692,
Contact STARLINK-5698 - MarsSat2,62573.539,77805.663,15232.124,
Contact STARLINK-5698 - MarsSat2,79805.589,86400.000,6594.411,
Contact STARLINK-5698 - MarsSat3,0.000,3138.943,3138.943,
Contact STARLINK-5698 - MarsSat3,5133.470,8882.625,3749.155,
Contact STARLINK-5698 - MarsSat3,10877.441,20369.982,9492.542,
Contact STARLINK-5698 - MarsSat3,22365.425,31857.318,9491.892,
Contact STARLINK-5698 - MarsSat3,33853.471,49088.134,15234.663,
Contact STARLINK-5698 - MarsSat3,51085.546,60575.207,9489.661,
Contact STARLINK-5698 - MarsSat3,62573.574,77805.625,15232.051,
Contact STARLINK-5698 - MarsSat3,79805.577,86400.000,6594.423,
Contact STARLINK-5698 - MarsSat4,0.000,3139.018,3139.018,
Contact STARLINK-5698 - MarsSat4,5133.501,8882.687,3749.186,
Contact STARLINK-5698 - MarsSat4,10877.468,20370.002,9492.534,
Contact STARLINK-5698 - MarsSat4,22365.447,31857.326,9491.879,
Contact STARLINK-5698 - MarsSat4,33853.487,49088.026,15234.539,
Contact STARLINK-5698 - MarsSat4,51085.468,60575.164,9489.696,
Contact STARLINK-5698 - MarsSat4,62573.527,77805.586,15232.059,
Contact STARLINK-5698 - MarsSat4,79805.522,86400.000,6594.478,
Contact STARLINK-3328 - STARLINK-32211,68197.432,68700.857,503.425,
Contact STARLINK-3328 - STARLINK-32211,82096.482,83050.207,953.725,
Contact STARLINK-3328 - STARLINK-4621,6863.238,7626.228,762.990,
Contact STARLINK-3328 - STARLINK-4621,21184.855,21954.165,769.310,
Contact STARLINK-3328 - STARLINK-4621,35518.232,36269.007,750.775,
Contact STARLINK-3328 - STARLINK-4621,49840.857,50595.958,755.101,
Contact STARLINK-3328 - STARLINK-4621,64175.891,64909.200,733.309,
Contact STARLINK-3328 - STARLINK-4621,78499.741,79234.949,735.208,
Contact STARLINK-3328 - STARLINK-5905,0.000,3199.276,3199.276,
Contact STARLINK-3328 - STARLINK-5905,10133.362,17513.265,7379.903,
Contact STARLINK-3328 - STARLINK-5905,18722.916,31811.037,13088.120,
Contact STARLINK-3328 - STARLINK-5905,33016.509,46117.830,13101.322,
Contact STARLINK-3328 - STARLINK-5905,47332.891,54689.862,7356.972,
Contact STARLINK-3328 - STARLINK-5905,61633.625,68990.938,7357.313,
Contact STARLINK-3328 - STARLINK-5905,75957.611,86139.658,10182.048,
Contact STARLINK-3328 - STARLINK-5576,0.000,86400.000,86400.000,
Contact STARLINK-3328 - STARLINK-30611,6813.769,7492.006,678.237,
Contact STARLINK-3328 - STARLINK-30611,20892.908,21767.121,874.214,
Contact STARLINK-3328 - STARLINK-30611,32187.862,33155.161,967.299,
Contact STARLINK-3328 - STARLINK-30611,46338.691,47357.861,1019.169,
Contact STARLINK-3328 - STARLINK-30611,60506.113,61543.620,1037.507,
Contact STARLINK-3328 - STARLINK-30611,71864.697,75690.359,3825.662,
Contact STARLINK-3328 - STARLINK-30611,86095.154,86400.000,304.846,
Contact STARLINK-3328 - STARLINK-30190,0.000,3014.016,3014.016,
Contact STARLINK-3328 - STARLINK-30190,10183.332,17456.672,7273.340,
Contact STARLINK-3328 - STARLINK-30190,24550.057,31827.277,7277.220,
Contact STARLINK-3328 - STARLINK-30190,38958.491,46154.687,7196.196,
Contact STARLINK-3328 - STARLINK-30190,53442.802,54711.956,1269.154,
Contact STARLINK-3328 - STARLINK-30190,67970.270,68946.456,976.186,
Contact STARLINK-3328 - STARLINK-30190,82666.312,83016.993,350.681,
Contact STARLINK-3328 - STARLINK-5215,3490.661,4321.784,831.123,
Contact STARLINK-3328 - STARLINK-5215,17758.856,18593.172,834.316,
Contact STARLINK-3328 - STARLINK-5215,32020.143,32871.799,851.656,
Contact STARLINK-3328 - STARLINK-5215,46288.737,47142.779,854.042,
Contact STARLINK-3328 - STARLINK-5215,60550.598,61420.791,870.193,
Contact STARLINK-3328 - STARLINK-5215,71963.046,75691.367,3728.321,
Contact STARLINK-3328 - STARLINK-5215,86232.195,86400.000,167.805,
Contact STARLINK-3328 - STARLINK-4125,0.000,86400.000,86400.000,
Contact STARLINK-3328 - STARLINK-32081,42938.593,43301.668,363.075,
Contact STARLINK-3328 - STARLINK-32081,56966.901,57620.413,653.513,
Contact STARLINK-3328 - STARLINK-32081,68236.631,69027.802,791.171,
Contact STARLINK-3328 - STARLINK-32081,82356.271,83253.972,897.701,
Contact STARLINK-3328 - STARLINK-2751,6658.388,7585.104,926.716,
Contact STARLINK-3328 - STARLINK-2751,20943.220,21874.670,931.450,
Contact STARLINK-3328 - STARLINK-2751,32376.909,36149.804,3772.895,
Contact STARLINK-3328 - STARLINK-2751,46676.470,50439.237,3762.767,
Contact STARLINK-3328 - STARLINK-2751,60961.471,61864.915,903.444,
Contact STARLINK-3328 - STARLINK-2751,75261.418,76139.476,878.058,
Contact STARLINK-3328 - STARLINK-1015,0.000,86400.000,86400.000,
Contact STARLINK-3328 - STARLINK-11266 [DTC],3042.827,3708.718,665.891,
Contact STARLINK-3328 - STARLINK-11266 [DTC],14236.492,15037.409,800.917,
Contact STARLINK-3328 - STARLINK-11266 [DTC],28288.183,29138.291,850.108,
Contact STARLINK-3328 - STARLINK-11266 [DTC],39576.893,40371.420,794.527,
Contact STARLINK-3328 - STARLINK-11266 [DTC],53755.412,54345.524,590.112,
Contact STARLINK-3328 - STARLINK-30355,14272.886,14750.775,477.889,
Contact STARLINK-3328 - STARLINK-30355,28552.606,29045.334,492.728,
Contact STARLINK-3328 - STARLINK-30355,42824.808,43347.120,522.312,
Contact STARLINK-3328 - STARLINK-30355,57105.334,57640.832,535.499,
Contact STARLINK-3328 - STARLINK-30316,774.856,7649.800,6874.944,
Contact STARLINK-3328 - STARLINK-30316,17745.181,21784.889,4039.709,
Contact STARLINK-3328 - STARLINK-30316,31961.332,33033.642,1072.310,
Contact STARLINK-3328 - STARLINK-30316,46286.622,47003.468,716.846,
Contact STARLINK-3328 - STARLINK-2602,0.000,3075.250,3075.250,
Contact STARLINK-3328 - STARLINK-2602,4228.122,11565.119,7336.997,
Contact STARLINK-3328 - STARLINK-2602,18369.500,25406.578,7037.078,
Contact STARLINK-3328 - STARLINK-4617,10591.173,11045.509,454.336,
Contact STARLINK-3328 - STARLINK-4617,24948.329,25352.060,403.731,
Contact STARLINK-3328 - STARLINK-4617,39289.808,39674.938,385.130,
Contact STARLINK-3328 - STARLINK-4413,57470.205,61239.019,3768.814,
Contact STARLINK-3328 - STARLINK-4413,71684.472,78589.791,6905.319,
Contact STARLINK-3328 - STARLINK-4413,85939.637,86400.000,460.363,
Contact STARLINK-3328 - STARLINK-31407,29493.423,86400.000,56906.577,
Contact STARLINK-3328 - STARLINK-30171,0.000,86400.000,86400.000,
Contact STARLINK-3328 - STARLINK-5660,0.000,86400.000,86400.000,
Contact STARLINK-3328 - STARLINK-32094,3431.403,7310.499,3879.097,
Contact STARLINK-3328 - STARLINK-32094,17542.939,18634.042,1091.103,
Contact STARLINK-3328 - STARLINK-32094,31709.560,32734.298,1024.737,
Contact STARLINK-3328 - STARLINK-32094,43098.548,43959.798,861.250,
Contact STARLINK-3328 - STARLINK-32094,57445.725,57882.502,436.778,
Contact STARLINK-3328 - STARLINK-30767,0.000,636.428,636.428,
Contact STARLINK-3328 - STARLINK-30767,13908.238,14925.396,1017.158,
Contact STARLINK-3328 - STARLINK-30767,28201.363,29217.821,1016.457,
Contact STARLINK-3328 - STARLINK-30767,42499.073,43505.982,1006.909,
Contact STARLINK-3328 - STARLINK-30767,53935.847,57797.602,3861.754,
Contact STARLINK-3328 - STARLINK-30767,68230.050,72084.940,3854.890,
Contact STARLINK-3328 - STARLINK-30767,82528.897,83516.062,987.165,
Contact STARLINK-3328 - STARLINK-31800,61070.259,68176.409,7106.150,
Contact STARLINK-3328 - STARLINK-31800,69141.302,86400.000,17258.698,
Contact STARLINK-3328 - STARLINK-4254,547.683,7691.859,7144.176,
Contact STARLINK-3328 - STARLINK-4254,14820.964,21987.850,7166.885,
Contact STARLINK-3328 - STARLINK-4254,31960.580,39132.900,7172.320,
Contact STARLINK-3328 - STARLINK-4254,46253.269,53412.020,7158.750,
Contact STARLINK-3328 - STARLINK-4254,60526.864,67707.701,7180.837,
Contact STARLINK-3328 - STARLINK-4254,69106.375,76271.759,7165.385,
Contact STARLINK-3328 - STARLINK-4254,83380.125,86400.000,3019.875,
Contact STARLINK-3328 - STARLINK-3533,14327.725,15003.145,675.420,
Contact STARLINK-3328 - STARLINK-3533,28606.986,29286.860,679.874,
Contact STARLINK-3328 - STARLINK-3533,42891.315,43566.034,674.719,
Contact STARLINK-3328 - STARLINK-3533,57170.565,57849.745,679.180,
Contact STARLINK-3328 - STARLINK-3533,71454.889,72128.905,674.017,
Contact STARLINK-3328 - STARLINK-3533,85734.129,86400.000,665.871,
Contact STARLINK-3328 - STARLINK-2228,46636.334,46918.973,282.639,
Contact STARLINK-3328 - STARLINK-2228,71711.186,72512.540,801.354,
Contact STARLINK-3328 - STARLINK-2228,85764.656,86400.000,635.344,
Contact STARLINK-3328 - STARLINK-4772,10158.951,11231.894,1072.943,
Contact STARLINK-3328 - STARLINK-4772,21582.220,25437.112,3854.892,
Contact STARLINK-3328 - STARLINK-4772,35875.108,39651.914,3776.805,
Contact STARLINK-3328 - STARLINK-4772,50157.618,51012.621,855.002,
Contact STARLINK-3328 - STARLINK-4772,64467.307,65195.930,728.622,
Contact STARLINK-3328 - STARLINK-4772,78768.391,79387.201,618.810,
Contact STARLINK-3328 - STARLINK-30320,21188.951,21893.355,704.405,
Contact STARLINK-3328 - STARLINK-30320,32367.991,36162.213,3794.222,
Contact STARLINK-3328 - STARLINK-30320,46429.222,47519.372,1090.150,
Contact STARLINK-3328 - STARLINK-30320,60551.970,61653.885,1101.916,
Contact STARLINK-3328 - STARLINK-30320,71910.159,75698.899,3788.740,
Contact STARLINK-3328 - STARLINK-30320,86199.445,86400.000,200.555,
Contact STARLINK-3328 - STARLINK-31919,28425.329,28816.679,391.350,
Contact STARLINK-3328 - STARLINK-31919,39478.741,43233.650,3754.909,
Contact STARLINK-3328 - STARLINK-31919,53468.969,54648.960,1179.991,
Contact STARLINK-3328 - STARLINK-31919,61900.981,68831.249,6930.268,
Contact STARLINK-3328 - STARLINK-31919,78883.706,85713.283,6829.576,
Contact STARLINK-3328 - STARLINK-31639,6458.481,7907.537,1449.056,
Contact STARLINK-3328 - STARLINK-31639,14940.679,22118.506,7177.828,
Contact STARLINK-3328 - STARLINK-31639,29148.016,39087.454,9939.438,
Contact STARLINK-3328 - STARLINK-31639,46259.151,47532.616,1273.465,
Contact STARLINK-3328 - STARLINK-31639,60570.125,61590.133,1020.009,
Contact STARLINK-3328 - STARLINK-31600,25021.917,86400.000,61378.083,
Contact STARLINK-3328 - STARLINK-30613,0.000,505.737,505.737,
Contact STARLINK-3328 - STARLINK-30613,13890.799,14778.789,887.990,
Contact STARLINK-3328 - STARLINK-30613,28237.528,29057.867,820.339,
Contact STARLINK-3328 - STARLINK-30613,42605.848,43316.807,710.959,
Contact STARLINK-3328 - STARLINK-31764,43989.091,86400.000,42410.909,
Contact STARLINK-3328 - STARLINK-4402,46745.000,47324.509,579.509,
Contact STARLINK-3328 - STARLINK-4402,61029.662,61681.549,651.887,
Contact STARLINK-3328 - STARLINK-4402,75333.598,76020.528,686.930,
Contact STARLINK-3328 - STARLINK-31502,0.000,2720.698,2720.698,
Contact STARLINK-3328 - STARLINK-31502,10187.233,10823.707,636.474,
Contact STARLINK-3328 - STARLINK-5618,3356.495,4178.000,821.506,
Contact STARLINK-3328 - STARLINK-5618,17644.074,18452.438,808.364,
Contact STARLINK-3328 - STARLINK-5618,31921.392,32737.415,816.022,
Contact STARLINK-3328 - STARLINK-5618,46209.117,47011.667,802.551,
Contact STARLINK-3328 - STARLINK-5618,60486.421,61296.588,810.167,
Contact STARLINK-3328 - STARLINK-5618,71912.471,72720.188,807.716,
Contact STARLINK-3328 - STARLINK-5618,86200.412,86400.000,199.588,
Contact STARLINK-3328 - STARLINK-6255,689.030,7576.711,6887.681,
Contact STARLINK-3328 - STARLINK-6255,17900.559,21865.904,3965.345,
Contact STARLINK-3328 - STARLINK-6255,32241.419,36134.800,3893.381,
Contact STARLINK-3328 - STARLINK-6255,46602.751,50414.218,3811.466,
Contact STARLINK-3328 - STARLINK-6255,60954.393,61826.805,872.412,
Contact STARLINK-3328 - STARLINK-6255,75331.382,76075.437,744.055,
Contact STARLINK-3328 - STARLINK-3898,6837.929,7545.954,708.024,
Contact STARLINK-3328 - STARLINK-3898,21094.770,21836.175,741.405,
Contact STARLINK-3328 - STARLINK-3898,35366.766,36110.990,744.224,
Contact STARLINK-3328 - STARLINK-3898,46778.653,50400.284,3621.631,
Contact STARLINK-3328 - STARLINK-3898,61036.712,61825.593,788.881,
Contact STARLINK-3328 - STARLINK-3898,75309.183,76099.917,790.734,
Contact STARLINK-3328 - STARLINK-31539,71943.786,72107.455,163.670,
Contact STARLINK-3328 - STARLINK-31539,85825.460,86400.000,574.540,
Contact STARLINK-3328 - STARLINK-31722,0.000,295.606,295.606,
Contact STARLINK-3328 - STARLINK-30367,6723.339,7334.671,611.332,
Contact STARLINK-3328 - STARLINK-5151,82739.805,83202.710,462.905,
Contact STARLINK-3328 - STARLINK-5049,0.000,86400.000,86400.000,
Contact STARLINK-3328 - MoonARTEMIS1,1561.827,5484.953,3923.126,
Contact STARLINK-3328 - MoonARTEMIS1,7293.878,17001.238,9707.360,
Contact STARLINK-3328 - MoonARTEMIS1,18764.707,28543.984,9779.278,
Contact STARLINK-3328 - MoonARTEMIS1,34051.653,45736.480,11684.827,
Contact STARLINK-3328 - MoonARTEMIS1,47417.900,57214.589,9796.689,
Contact STARLINK-3328 - MoonARTEMIS1,58876.666,74457.234,15580.567,
Contact STARLINK-3328 - MoonARTEMIS1,76080.742,85967.181,9886.438,
Contact STARLINK-3328 - MoonARTEMIS2,1610.878,5627.952,4017.074,
Contact STARLINK-3328 - MoonARTEMIS2,7341.159,17116.675,9775.515,
Contact STARLINK-3328 - MoonARTEMIS2,18801.969,28596.802,9794.833,
Contact STARLINK-3328 - MoonARTEMIS2,30261.787,45780.371,15518.584,
Contact STARLINK-3328 - MoonARTEMIS2,53183.917,57328.133,4144.216,
Contact STARLINK-3328 - MoonARTEMIS2,58927.637,74633.820,15706.183,
Contact STARLINK-3328 - MoonARTEMIS2,76163.612,86158.318,9994.706,
Contact STARLINK-3328 - MoonIOAGEO,1577.914,5521.399,3943.484,
Contact STARLINK-3328 - MoonIOAGEO,7307.238,11280.222,3972.984,
Contact STARLINK-3328 - MoonIOAGEO,18786.047,28566.365,9780.318,
Contact STARLINK-3328 - MoonIOAGEO,30257.252,45762.517,15505.265,
Contact STARLINK-3328 - MoonIOAGEO,47428.892,57106.541,9677.649,
Contact STARLINK-3328 - MoonIOAGEO,61307.350,74579.417,13272.067,
Contact STARLINK-3328 - MoonIOAGEO,76148.414,86039.683,9891.269,
Contact STARLINK-3328 - MoonIOAGNO,1572.207,5534.178,3961.970,
Contact STARLINK-3328 - MoonIOAGNO,7325.686,17052.967,9727.282,
Contact STARLINK-3328 - MoonIOAGNO,18759.046,28528.655,9769.609,
Contact STARLINK-3328 - MoonIOAGNO,30204.962,45765.375,15560.413,
Contact STARLINK-3328 - MoonIOAGNO,47435.558,57319.595,9884.037,
Contact STARLINK-3328 - MoonIOAGNO,58907.271,74552.378,15645.107,
Contact STARLINK-3328 - MoonIOAGNO,76090.296,86037.166,9946.871,
Contact STARLINK-3328 - MoonIOAGNO 0001,1559.344,5533.390,3974.046,
Contact STARLINK-3328 - MoonIOAGNO 0001,7282.587,17013.357,9730.770,
Contact STARLINK-3328 - MoonIOAGNO 0001,18750.053,28533.290,9783.237,
Contact STARLINK-3328 - MoonIOAGNO 0001,30253.950,45796.037,15542.087,
Contact STARLINK-3328 - MoonIOAGNO 0001,47409.239,57277.646,9868.406,
Contact STARLINK-3328 - MoonIOAGNO 0001,58877.998,74567.778,15689.779,
Contact STARLINK-3328 - MoonIOAGNO 0001,76140.458,86086.974,9946.516,
Contact STARLINK-3328 - MoonIOAGSO,1597.571,5542.120,3944.549,
Contact STARLINK-3328 - MoonIOAGSO,13063.486,17058.158,3994.672,
Contact STARLINK-3328 - MoonIOAGSO,18813.991,28562.875,9748.884,
Contact STARLINK-3328 - MoonIOAGSO,30288.568,34310.286,4021.718,
Contact STARLINK-3328 - MoonIOAGSO,36015.461,45796.332,9780.871,
Contact STARLINK-3328 - MoonIOAGSO,47444.991,51537.670,4092.679,
Contact STARLINK-3328 - MoonIOAGSO,58944.363,74569.081,15624.718,
Contact STARLINK-3328 - MoonIOAGSO,76182.962,86070.740,9887.778,
Contact STARLINK-3328 - MoonIOAGSO 0001,1628.018,5572.521,3944.503,
Contact STARLINK-3328 - MoonIOAGSO 0001,7360.265,17058.727,9698.462,
Contact STARLINK-3328 - MoonIOAGSO 0001,18805.167,28533.507,9728.340,
Contact STARLINK-3328 - MoonIOAGSO 0001,33312.264,45810.553,12498.289,
Contact STARLINK-3328 - MoonIOAGSO 0001,47492.880,57312.867,9819.987,
Contact STARLINK-3328 - MoonIOAGSO 0001,58957.023,73892.198,14935.174,
Contact STARLINK-3328 - MoonIOAGSO 0001,76770.819,86066.934,9296.115,
Contact STARLINK-3328 - MoonLRO,1593.048,3942.358,2349.310,
Contact STARLINK-3328 - MoonLRO,13673.598,17041.129,3367.531,
Contact STARLINK-3328 - MoonLRO,20477.400,22792.712,2315.312,
Contact STARLINK-3328 - MoonLRO,34142.753,38111.537,3968.785,
Contact STARLINK-3328 - MoonLRO,41718.703,44944.289,3225.585,
Contact STARLINK-3328 - MoonLRO,47811.768,51543.153,3731.385,
Contact STARLINK-3328 - MoonLRO,61428.762,72290.134,10861.371,
Contact STARLINK-3328 - MoonLRO,81946.856,85980.526,4033.671,
Contact STARLINK-3328 - MarsSat1,0.000,7066.870,7066.870,
Contact STARLINK-3328 - MarsSat1,9020.858,12784.119,3763.261,
Contact STARLINK-3328 - MarsSat1,14740.091,24218.520,9478.430,
Contact STARLINK-3328 - MarsSat1,26178.458,35652.791,9474.333,
Contact STARLINK-3328 - MarsSat1,37616.677,41369.882,3753.204,
Contact STARLINK-3328 - MarsSat1,43335.729,52803.983,9468.253,
Contact STARLINK-3328 - MarsSat1,54773.728,64237.992,9464.264,
Contact STARLINK-3328 - MarsSat1,66211.610,81388.852,15177.242,
Contact STARLINK-3328 - MarsSat1,83368.265,86400.000,3031.735,
Contact STARLINK-3328 - MarsSat2,0.000,7066.864,7066.864,
Contact STARLINK-3328 - MarsSat2,9020.857,12784.131,3763.274,
Contact STARLINK-3328 - MarsSat2,14740.075,24218.561,9478.486,
Contact STARLINK-3328 - MarsSat2,26178.426,35652.860,9474.434,
Contact STARLINK-3328 - MarsSat2,37616.658,41369.964,3753.306,
Contact STARLINK-3328 - MarsSat2,43335.728,52804.085,9468.357,
Contact STARLINK-3328 - MarsSat2,54773.778,64238.095,9464.318,
Contact STARLINK-3328 - MarsSat2,66211.705,81388.912,15177.207,
Contact STARLINK-3328 - MarsSat2,83368.367,86400.000,3031.633,
Contact STARLINK-3328 - MarsSat3,0.000,7066.787,7066.787,
Contact STARLINK-3328 - MarsSat3,9020.824,12784.030,3763.206,
Contact STARLINK-3328 - MarsSat3,14740.026,24218.491,9478.465,
Contact STARLINK-3328 - MarsSat3,26178.399,35652.845,9474.446,
Contact STARLINK-3328 - MarsSat3,37616.672,41369.963,3753.290,
Contact STARLINK-3328 - MarsSat3,43335.755,52804.085,9468.331,
Contact STARLINK-3328 - MarsSat3,54773.806,64238.073,9464.268,
Contact STARLINK-3328 - MarsSat3,66211.712,81388.841,15177.129,
Contact STARLINK-3328 - MarsSat3,83368.315,86400.000,3031.685,
Contact STARLINK-3328 - MarsSat4,0.000,7066.881,7066.881,
Contact STARLINK-3328 - MarsSat4,14740.049,24218.505,9478.457,
Contact STARLINK-3328 - MarsSat4,26178.421,35652.820,9474.399,
Contact STARLINK-3328 - MarsSat4,37616.656,41360.088,3743.432,
Contact STARLINK-3328 - MarsSat4,43335.681,52803.995,9468.314,
Contact STARLINK-3328 - MarsSat4,54773.723,64238.072,9464.349,
Contact STARLINK-3328 - MarsSat4,66211.690,81388.837,15177.147,
Contact STARLINK-3328 - MarsSat4,83368.293,86400.000,3031.707,
Contact STARLINK-31933 - STARLINK-1909,218.350,10766.298,10547.947,
Contact STARLINK-31933 - STARLINK-1909,14454.451,24646.126,10191.675,
Contact STARLINK-31933 - STARLINK-1909,31795.142,32930.322,1135.180,
Contact STARLINK-31933 - STARLINK-5718,75542.848,76041.664,498.815,
Contact STARLINK-31933 - STARLINK-4621,3280.621,3866.898,586.277,
Contact STARLINK-31933 - STARLINK-4621,17380.292,18139.912,759.620,
Contact STARLINK-31933 - STARLINK-4621,28690.435,29526.900,836.466,
Contact STARLINK-31933 - STARLINK-4621,42859.769,43727.838,868.069,
Contact STARLINK-31933 - STARLINK-4621,57080.438,57878.854,798.415,
Contact STARLINK-31933 - STARLINK-4621,71326.706,72003.384,676.678,
Contact STARLINK-31933 - STARLINK-4621,82760.685,83267.156,506.471,
Contact STARLINK-31933 - STARLINK-30312,18164.734,80231.032,62066.297,
Contact STARLINK-31933 - STARLINK-5250,42705.201,43240.756,535.555,
Contact STARLINK-31933 - STARLINK-5250,53633.236,60716.653,7083.418,
Contact STARLINK-31933 - STARLINK-5250,61955.146,75025.334,13070.188,
Contact STARLINK-31933 - STARLINK-5250,75923.069,86333.842,10410.773,
Contact STARLINK-31933 - STARLINK-3081,56764.445,60938.889,4174.444,
Contact STARLINK-31933 - STARLINK-3081,62071.583,86400.000,24328.417,
Contact STARLINK-31933 - STARLINK-5057,0.000,9815.497,9815.497,
Contact STARLINK-31933 - STARLINK-30214,0.000,452.650,452.650,
Contact STARLINK-31933 - STARLINK-30214,13986.462,14416.937,430.475,
Contact STARLINK-31933 - STARLINK-5215,82173.857,82982.907,809.050,
Contact STARLINK-31933 - STARLINK-1301,61130.578,61728.790,598.212,
Contact STARLINK-31933 - STARLINK-1301,75145.483,76020.633,875.150,
Contact STARLINK-31933 - STARLINK-4651,0.000,19087.842,19087.842,
Contact STARLINK-31933 - STARLINK-2751,57402.707,57809.999,407.291,
Contact STARLINK-31933 - STARLINK-2751,71368.064,72138.674,770.610,
Contact STARLINK-31933 - STARLINK-2751,82611.830,83529.480,917.651,
Contact STARLINK-31933 - STARLINK-32235,46310.410,47075.302,764.892,
Contact STARLINK-31933 - STARLINK-32235,57389.431,58298.952,909.521,
Contact STARLINK-31933 - STARLINK-32235,71258.067,72309.499,1051.432,
Contact STARLINK-31933 - STARLINK-32235,82376.341,83493.371,1117.030,
Contact STARLINK-31933 - STARLINK-6044,21447.143,22073.634,626.490,
Contact STARLINK-31933 - STARLINK-6044,35569.533,36346.105,776.572,
Contact STARLINK-31933 - STARLINK-6044,49732.956,50575.522,842.565,
Contact STARLINK-31933 - STARLINK-6044,61095.207,61927.917,832.709,
Contact STARLINK-31933 - STARLINK-6044,75335.943,76081.485,745.542,
Contact STARLINK-31933 - STARLINK-32254,0.000,33672.905,33672.905,
Contact STARLINK-31933 - STARLINK-4617,6737.355,7469.509,732.154,
Contact STARLINK-31933 - STARLINK-30472,0.000,241.742,241.742,
Contact STARLINK-31933 - STARLINK-30472,10699.974,14570.362,3870.388,
Contact STARLINK-31933 - STARLINK-30472,24781.734,25949.529,1167.795,
Contact STARLINK-31933 - STARLINK-30472,38965.499,40083.670,1118.171,
Contact STARLINK-31933 - STARLINK-30472,50381.147,54127.814,3746.667,
Contact STARLINK-31933 - STARLINK-30472,64778.558,65250.247,471.690,
Contact STARLINK-31933 - STARLINK-30196,46493.949,47411.231,917.282,
Contact STARLINK-31933 - STARLINK-30196,60580.935,61615.045,1034.111,
Contact STARLINK-31933 - STARLINK-30196,71894.936,75755.843,3860.908,
Contact STARLINK-31933 - STARLINK-30196,86092.845,86400.000,307.155,
Contact STARLINK-31933 - STARLINK-31627,0.000,335.873,335.873,
Contact STARLINK-31933 - STARLINK-3182,0.000,35779.521,35779.521,
Contact STARLINK-31933 - STARLINK-3182,36634.519,49635.891,13001.372,
Contact STARLINK-31933 - STARLINK-3182,50952.897,57912.083,6959.186,
Contact STARLINK-31933 - STARLINK-3182,68204.750,68900.831,696.081,
Contact STARLINK-31933 - STARLINK-4413,6704.284,7628.091,923.808,
Contact STARLINK-31933 - STARLINK-4413,21091.413,21639.128,547.715,
Contact STARLINK-31933 - STARLINK-4127,0.000,4255.701,4255.701,
Contact STARLINK-31933 - STARLINK-4127,11275.042,18333.108,7058.067,
Contact STARLINK-31933 - STARLINK-4127,28444.335,29502.146,1057.811,
Contact STARLINK-31933 - STARLINK-30331,6610.501,13686.668,7076.167,
Contact STARLINK-31933 - STARLINK-30331,21014.915,22014.236,999.321,
Contact STARLINK-31933 - STARLINK-31827,477.814,10544.486,10066.672,
Contact STARLINK-31933 - STARLINK-31827,17293.428,24545.795,7252.367,
Contact STARLINK-31933 - STARLINK-31827,25693.670,35756.107,10062.437,
Contact STARLINK-31933 - STARLINK-31827,42510.210,49780.512,7270.302,
Contact STARLINK-31933 - STARLINK-31827,50926.405,60990.232,10063.827,
Contact STARLINK-31933 - STARLINK-31827,67743.747,74990.200,7246.453,
Contact STARLINK-31933 - STARLINK-31827,76144.974,86199.383,10054.409,
Contact STARLINK-31933 - STARLINK-31987,0.000,86400.000,86400.000,
Contact STARLINK-31933 - STARLINK-6311,32364.440,32432.799,68.359,
Contact STARLINK-31933 - STARLINK-6311,46154.023,46954.619,800.596,
Contact STARLINK-31933 - STARLINK-6311,57367.790,64081.551,6713.761,
Contact STARLINK-31933 - STARLINK-6311,71461.575,72600.692,1139.117,
Contact STARLINK-31933 - STARLINK-6311,79964.183,86400.000,6435.817,
Contact STARLINK-31933 - STARLINK-31021,0.000,27671.116,27671.116,
Contact STARLINK-31933 - STARLINK-2228,702.217,7348.719,6646.502,
Contact STARLINK-31933 - STARLINK-2228,17562.647,18406.485,843.839,
Contact STARLINK-31933 - STARLINK-1736,21260.364,22028.092,767.729,
Contact STARLINK-31933 - STARLINK-1736,35280.607,36068.095,787.488,
Contact STARLINK-31933 - STARLINK-1736,46495.553,47301.184,805.632,
Contact STARLINK-31933 - STARLINK-1736,60512.912,61343.692,830.781,
Contact STARLINK-31933 - STARLINK-1736,71729.760,72574.796,845.036,
Contact STARLINK-31933 - STARLINK-1736,85754.241,86400.000,645.759,
Contact STARLINK-31933 - STARLINK-30425,0.000,436.600,436.600,
Contact STARLINK-31933 - STARLINK-30425,10723.350,11604.879,881.528,
Contact STARLINK-31933 - STARLINK-30425,24679.342,25561.457,882.114,
Contact STARLINK-31933 - STARLINK-30425,35849.791,36721.136,871.346,
Contact STARLINK-31933 - STARLINK-30425,49819.848,50663.753,843.904,
Contact STARLINK-31933 - STARLINK-30425,60999.122,61814.563,815.440,
Contact STARLINK-31933 - STARLINK-30425,74977.696,75748.619,770.923,
Contact STARLINK-31933 - STARLINK-30425,86166.981,86400.000,233.019,
Contact STARLINK-31933 - STARLINK-5978,369.847,10307.084,9937.237,
Contact STARLINK-31933 - STARLINK-5978,17691.065,18628.146,937.081,
Contact STARLINK-31933 - STARLINK-4402,0.000,3160.295,3160.295,
Contact STARLINK-31933 - STARLINK-4402,10214.484,11536.461,1321.977,
Contact STARLINK-31933 - STARLINK-6255,71508.307,72236.958,728.651,
Contact STARLINK-31933 - STARLINK-6255,82724.350,86400.000,3675.650,
Contact STARLINK-31933 - STARLINK-3898,57327.212,57914.585,587.373,
Contact STARLINK-31933 - STARLINK-3898,71331.245,72177.495,846.250,
Contact STARLINK-31933 - STARLINK-3898,82582.378,83539.410,957.031,
Contact STARLINK-31933 - STARLINK-30842,38899.807,39967.628,1067.821,
Contact STARLINK-31933 - STARLINK-30842,50082.307,57147.551,7065.244,
Contact STARLINK-31933 - STARLINK-30842,64201.378,71286.537,7085.159,
Contact STARLINK-31933 - STARLINK-30842,78498.058,79681.577,1183.520,
Contact STARLINK-31933 - STARLINK-5807,14222.438,14564.740,342.302,
Contact STARLINK-31933 - STARLINK-5807,28126.230,29055.471,929.241,
Contact STARLINK-31933 - STARLINK-5807,39387.060,43362.918,3975.859,
Contact STARLINK-31933 - STARLINK-5807,53570.732,54709.928,1139.195,
Contact STARLINK-31933 - STARLINK-5807,67905.218,68766.553,861.335,
Contact STARLINK-31933 - STARLINK-30367,57252.946,58159.083,906.137,
Contact STARLINK-31933 - STARLINK-30367,71293.999,72460.932,1166.934,
Contact STARLINK-31933 - STARLINK-30367,82615.796,86400.000,3784.204,
Contact STARLINK-31933 - STARLINK-2388,14077.115,14593.265,516.150,
Contact STARLINK-31933 - STARLINK-2388,25145.540,28970.790,3825.250,
Contact STARLINK-31933 - STARLINK-2388,39116.877,46072.947,6956.070,
Contact STARLINK-31933 - STARLINK-2388,47525.005,54586.556,7061.551,
Contact STARLINK-31933 - STARLINK-2388,61624.876,71509.399,9884.523,
Contact STARLINK-31933 - STARLINK-2388,78643.387,79919.501,1276.114,
Contact STARLINK-31933 - STARLINK-3167,6749.630,7429.476,679.846,
Contact STARLINK-31933 - STARLINK-1700,25154.103,25277.395,123.292,
Contact STARLINK-31933 - STARLINK-1700,38967.769,39758.057,790.288,
Contact STARLINK-31933 - STARLINK-1700,50173.834,56878.987,6705.153,
Contact STARLINK-31933 - STARLINK-1700,64250.833,65400.409,1149.576,
Contact STARLINK-31933 - STARLINK-1700,72741.028,79528.816,6787.788,
Contact STARLINK-31933 - STARLINK-31463,0.000,86400.000,86400.000,
Contact STARLINK-31933 - MoonARTEMIS1,0.000,3302.913,3302.913,
Contact STARLINK-31933 - MoonARTEMIS1,5448.232,8932.539,3484.307,
Contact STARLINK-31933 - MoonARTEMIS1,11079.441,20197.468,9118.027,
Contact STARLINK-31933 - MoonARTEMIS1,22348.480,31088.783,8740.302,
Contact STARLINK-31933 - MoonARTEMIS1,33922.199,42686.166,8763.967,
Contact STARLINK-31933 - MoonARTEMIS1,44829.998,48301.432,3471.433,
Contact STARLINK-31933 - MoonARTEMIS1,56065.353,59537.651,3472.298,
Contact STARLINK-31933 - MoonARTEMIS1,61685.705,70779.428,9093.723,
Contact STARLINK-31933 - MoonARTEMIS1,72930.594,82025.750,9095.156,
Contact STARLINK-31933 - MoonARTEMIS1,84180.388,86400.000,2219.612,
Contact STARLINK-31933 - MoonARTEMIS2,0.000,3390.105,3390.105,
Contact STARLINK-31933 - MoonARTEMIS2,5538.960,9011.849,3472.889,
Contact STARLINK-31933 - MoonARTEMIS2,11160.831,20252.218,9091.388,
Contact STARLINK-31933 - MoonARTEMIS2,22401.074,31487.153,9086.079,
Contact STARLINK-31933 - MoonARTEMIS2,33634.814,42711.795,9076.981,
Contact STARLINK-31933 - MoonARTEMIS2,44855.165,47352.485,2497.320,
Contact STARLINK-31933 - MoonARTEMIS2,56119.747,59594.911,3475.164,
Contact STARLINK-31933 - MoonARTEMIS2,61752.020,70851.836,9099.816,
Contact STARLINK-31933 - MoonARTEMIS2,73011.317,82103.947,9092.630,
Contact STARLINK-31933 - MoonARTEMIS2,84265.722,86400.000,2134.278,
Contact STARLINK-31933 - MoonIOAGEO,0.000,3327.688,3327.688,
Contact STARLINK-31933 - MoonIOAGEO,5472.095,8955.522,3483.427,
Contact STARLINK-31933 - MoonIOAGEO,17322.741,20225.767,2903.026,
Contact STARLINK-31933 - MoonIOAGEO,22375.478,31473.883,9098.405,
Contact STARLINK-31933 - MoonIOAGEO,33618.703,42697.734,9079.031,
Contact STARLINK-31933 - MoonIOAGEO,44844.208,48316.610,3472.402,
Contact STARLINK-31933 - MoonIOAGEO,61736.074,70839.361,9103.287,
Contact STARLINK-31933 - MoonIOAGEO,72993.835,82067.641,9073.805,
Contact STARLINK-31933 - MoonIOAGEO,84219.951,86400.000,2180.049,
Contact STARLINK-31933 - MoonIOAGNO,0.000,3330.484,3330.484,
Contact STARLINK-31933 - MoonIOAGNO,5479.569,8974.247,3494.678,
Contact STARLINK-31933 - MoonIOAGNO,11122.965,20213.654,9090.689,
Contact STARLINK-31933 - MoonIOAGNO,22363.031,31447.184,9084.154,
Contact STARLINK-31933 - MoonIOAGNO,33598.501,42691.358,9092.857,
Contact STARLINK-31933 - MoonIOAGNO,44843.629,48323.964,3480.335,
Contact STARLINK-31933 - MoonIOAGNO,56117.162,59582.339,3465.178,
Contact STARLINK-31933 - MoonIOAGNO,61736.780,70813.756,9076.976,
Contact STARLINK-31933 - MoonIOAGNO,72971.278,82051.856,9080.577,
Contact STARLINK-31933 - MoonIOAGNO,84210.857,86400.000,2189.143,
Contact STARLINK-31933 - MoonIOAGNO 0001,0.000,3335.569,3335.569,
Contact STARLINK-31933 - MoonIOAGNO 0001,5483.841,8953.002,3469.161,
Contact STARLINK-31933 - MoonIOAGNO 0001,11101.849,20196.520,9094.671,
Contact STARLINK-31933 - MoonIOAGNO 0001,22345.721,31470.433,9124.712,
Contact STARLINK-31933 - MoonIOAGNO 0001,33620.719,42706.426,9085.707,
Contact STARLINK-31933 - MoonIOAGNO 0001,44858.937,48322.426,3463.489,
Contact STARLINK-31933 - MoonIOAGNO 0001,56094.600,59560.280,3465.680,
Contact STARLINK-31933 - MoonIOAGNO 0001,61715.320,70818.919,9103.599,
Contact STARLINK-31933 - MoonIOAGNO 0001,72980.924,82072.204,9091.280,
Contact STARLINK-31933 - MoonIOAGNO 0001,84230.864,86400.000,2169.136,
Contact STARLINK-31933 - MoonIOAGSO,0.000,3344.335,3344.335,
Contact STARLINK-31933 - MoonIOAGSO,5486.460,8815.126,3328.666,
Contact STARLINK-31933 - MoonIOAGSO,11697.139,20232.200,8535.060,
Contact STARLINK-31933 - MoonIOAGSO,22374.786,31482.246,9107.459,
Contact STARLINK-31933 - MoonIOAGSO,33624.747,42718.453,9093.706,
Contact STARLINK-31933 - MoonIOAGSO,44863.939,48330.735,3466.795,
Contact STARLINK-31933 - MoonIOAGSO,56110.051,59590.245,3480.193,
Contact STARLINK-31933 - MoonIOAGSO,61741.735,70845.478,9103.743,
Contact STARLINK-31933 - MoonIOAGSO,72995.937,82085.959,9090.022,
Contact STARLINK-31933 - MoonIOAGSO,84238.555,86400.000,2161.445,
Contact STARLINK-31933 - MoonIOAGSO 0001,0.000,3363.109,3363.109,
Contact STARLINK-31933 - MoonIOAGSO 0001,5502.107,8986.888,3484.781,
Contact STARLINK-31933 - MoonIOAGSO 0001,11126.095,20224.764,9098.668,
Contact STARLINK-31933 - MoonIOAGSO 0001,22366.861,30509.195,8142.334,
Contact STARLINK-31933 - MoonIOAGSO 0001,33612.358,42726.909,9114.551,
Contact STARLINK-31933 - MoonIOAGSO 0001,44873.002,48353.132,3480.130,
Contact STARLINK-31933 - MoonIOAGSO 0001,56122.467,59595.034,3472.568,
Contact STARLINK-31933 - MoonIOAGSO 0001,61742.983,70821.140,9078.156,
Contact STARLINK-31933 - MoonIOAGSO 0001,78606.644,82082.112,3475.468,
Contact STARLINK-31933 - MoonIOAGSO 0001,84237.934,86400.000,2162.066,
Contact STARLINK-31933 - MoonLRO,6843.997,8969.086,2125.089,
Contact STARLINK-31933 - MoonLRO,13665.719,14593.858,928.140,
Contact STARLINK-31933 - MoonLRO,27987.088,31284.844,3297.756,
Contact STARLINK-31933 - MoonLRO,34148.931,37085.493,2936.562,
Contact STARLINK-31933 - MoonLRO,56109.374,58630.054,2520.680,
Contact STARLINK-31933 - MoonLRO,61731.636,70825.026,9093.389,
Contact STARLINK-31933 - MoonLRO,75109.515,76449.844,1340.329,
Contact STARLINK-31933 - MarsSat1,975.124,10040.064,9064.940,
Contact STARLINK-31933 - MarsSat1,12189.121,21253.850,9064.729,
Contact STARLINK-31933 - MarsSat1,23403.118,26860.757,3457.639,
Contact STARLINK-31933 - MarsSat1,29010.109,38074.586,9064.477,
Contact STARLINK-31933 - MarsSat1,40224.059,49288.425,9064.366,
Contact STARLINK-31933 - MarsSat1,51437.964,60502.285,9064.320,
Contact STARLINK-31933 - MarsSat1,62651.840,71716.192,9064.352,
Contact STARLINK-31933 - MarsSat1,73865.716,77323.173,3457.457,
Contact STARLINK-31933 - MarsSat1,79472.663,86400.000,6927.337,
Contact STARLINK-31933 - MarsSat2,975.177,10040.055,9064.878,
Contact STARLINK-31933 - MarsSat2,12189.098,21253.777,9064.679,
Contact STARLINK-31933 - MarsSat2,23403.037,26860.664,3457.626,
Contact STARLINK-31933 - MarsSat2,29010.010,38074.480,9064.470,
Contact STARLINK-31933 - MarsSat2,40223.955,49288.349,9064.394,
Contact STARLINK-31933 - MarsSat2,51437.899,60502.270,9064.372,
Contact STARLINK-31933 - MarsSat2,62651.838,71716.242,9064.403,
Contact STARLINK-31933 - MarsSat2,73865.775,77323.247,3457.471,
Contact STARLINK-31933 - MarsSat2,79472.743,86400.000,6927.257,
Contact STARLINK-31933 - MarsSat3,975.212,10040.103,9064.891,
Contact STARLINK-31933 - MarsSat3,12189.142,21253.808,9064.666,
Contact STARLINK-31933 - MarsSat3,23403.064,26860.689,3457.625,
Contact STARLINK-31933 - MarsSat3,29010.034,38074.510,9064.476,
Contact STARLINK-31933 - MarsSat3,40223.988,49288.389,9064.401,
Contact STARLINK-31933 - MarsSat3,51437.940,60502.313,9064.373,
Contact STARLINK-31933 - MarsSat3,62651.881,71716.277,9064.396,
Contact STARLINK-31933 - MarsSat3,73865.809,77323.273,3457.465,
Contact STARLINK-31933 - MarsSat3,79472.766,86400.000,6927.234,
Contact STARLINK-31933 - MarsSat4,975.181,9031.018,8055.837,
Contact STARLINK-31933 - MarsSat4,12189.146,21253.820,9064.674,
Contact STARLINK-31933 - MarsSat4,23403.079,26860.707,3457.629,
Contact STARLINK-31933 - MarsSat4,29010.055,38074.530,9064.476,
Contact STARLINK-31933 - MarsSat4,43179.575,49288.370,6108.795,
Contact STARLINK-31933 - MarsSat4,51437.913,60502.273,9064.360,
Contact STARLINK-31933 - MarsSat4,62651.841,71716.242,9064.401,
Contact STARLINK-31933 - MarsSat4,75534.600,77323.232,1788.632,
Contact STARLINK-31933 - MarsSat4,79472.721,86400.000,6927.279,
Contact STARLINK-1909 - STARLINK-4621,32002.692,32443.021,440.329,
Contact STARLINK-1909 - STARLINK-4621,46198.248,46897.932,699.684,
Contact STARLINK-1909 - STARLINK-4621,57578.977,61340.972,3761.995,
Contact STARLINK-1909 - STARLINK-4621,71820.331,75727.800,3907.469,
Contact STARLINK-1909 - STARLINK-4621,86094.574,86400.000,305.426,
Contact STARLINK-1909 - STARLINK-5057,3636.402,14241.372,10604.970,
Contact STARLINK-1909 - STARLINK-5057,14986.441,28597.051,13610.611,
Contact STARLINK-1909 - STARLINK-5057,29185.293,42941.585,13756.292,
Contact STARLINK-1909 - STARLINK-5057,43329.217,86400.000,43070.783,
Contact STARLINK-1909 - STARLINK-1301,10789.567,10961.564,171.997,
Contact STARLINK-1909 - STARLINK-1301,25051.867,25280.909,229.042,
Contact STARLINK-1909 - STARLINK-1301,39301.083,39613.370,312.287,
Contact STARLINK-1909 - STARLINK-4651,6531.532,7737.835,1206.303,
Contact STARLINK-1909 - STARLINK-4651,15095.923,22023.212,6927.289,
Contact STARLINK-1909 - STARLINK-4651,32239.828,36293.442,4053.614,
Contact STARLINK-1909 - STARLINK-4651,46534.166,50578.502,4044.336,
Contact STARLINK-1909 - STARLINK-4651,60813.594,67711.296,6897.702,
Contact STARLINK-1909 - STARLINK-4651,75108.378,76269.952,1161.574,
Contact STARLINK-1909 - STARLINK-31617,38871.273,86400.000,47528.727,
Contact STARLINK-1909 - STARLINK-32235,18979.821,64846.573,45866.752,
Contact STARLINK-1909 - STARLINK-2602,60899.968,61841.750,941.782,
Contact STARLINK-1909 - STARLINK-2602,74897.461,75986.962,1089.500,
Contact STARLINK-1909 - STARLINK-2602,86189.135,86400.000,210.865,
Contact STARLINK-1909 - STARLINK-6044,10275.912,11220.359,944.447,
Contact STARLINK-1909 - STARLINK-6044,24605.508,25560.257,954.750,
Contact STARLINK-1909 - STARLINK-6044,38927.425,39907.748,980.322,
Contact STARLINK-1909 - STARLINK-6044,50394.189,54236.897,3842.708,
Contact STARLINK-1909 - STARLINK-6044,64738.798,68573.237,3834.439,
Contact STARLINK-1909 - STARLINK-6044,79076.001,82891.956,3815.956,
Contact STARLINK-1909 - STARLINK-32254,617.432,7778.411,7160.979,
Contact STARLINK-1909 - STARLINK-32254,14883.933,22063.256,7179.322,
Contact STARLINK-1909 - STARLINK-32254,29167.285,39193.560,10026.276,
Contact STARLINK-1909 - STARLINK-32254,46297.182,53459.226,7162.044,
Contact STARLINK-1909 - STARLINK-32254,60563.706,67744.035,7180.329,
Contact STARLINK-1909 - STARLINK-32254,69137.030,76299.595,7162.565,
Contact STARLINK-1909 - STARLINK-32254,83403.565,86400.000,2996.435,
Contact STARLINK-1909 - STARLINK-4617,710.230,7760.589,7050.360,
Contact STARLINK-1909 - STARLINK-4617,20889.591,22027.302,1137.711,
Contact STARLINK-1909 - STARLINK-4617,35333.886,36247.303,913.417,
Contact STARLINK-1909 - STARLINK-4617,49785.028,50474.814,689.786,
Contact STARLINK-1909 - STARLINK-30472,0.000,728.144,728.144,
Contact STARLINK-1909 - STARLINK-30472,14024.819,15026.179,1001.359,
Contact STARLINK-1909 - STARLINK-30472,28326.285,29324.823,998.537,
Contact STARLINK-1909 - STARLINK-30472,42631.364,43620.046,988.682,
Contact STARLINK-1909 - STARLINK-30472,56935.721,57915.772,980.051,
Contact STARLINK-1909 - STARLINK-30472,68381.105,72208.140,3827.035,
Contact STARLINK-1909 - STARLINK-30472,82690.166,86400.000,3709.834,
Contact STARLINK-1909 - STARLINK-30196,10356.725,11030.550,673.825,
Contact STARLINK-1909 - STARLINK-30196,24631.167,25325.310,694.143,
Contact STARLINK-1909 - STARLINK-30196,38885.857,39638.687,752.830,
Contact STARLINK-1909 - STARLINK-30196,50298.673,51080.756,782.083,
Contact STARLINK-1909 - STARLINK-30196,64574.928,65373.678,798.750,
Contact STARLINK-1909 - STARLINK-30196,78833.078,79683.509,850.431,
Contact STARLINK-1909 - STARLINK-30825,6878.465,7885.829,1007.363,
Contact STARLINK-1909 - STARLINK-30825,20924.928,22217.052,1292.124,
Contact STARLINK-1909 - STARLINK-30825,29392.264,36476.628,7084.364,
Contact STARLINK-1909 - STARLINK-30825,43514.962,53539.812,10024.850,
Contact STARLINK-1909 - STARLINK-30825,60534.117,67717.367,7183.250,
Contact STARLINK-1909 - STARLINK-30825,69078.477,76185.448,7106.970,
Contact STARLINK-1909 - STARLINK-30825,83330.758,86400.000,3069.242,
Contact STARLINK-1909 - STARLINK-31627,68216.410,68841.756,625.346,
Contact STARLINK-1909 - STARLINK-31627,82316.001,83121.118,805.117,
Contact STARLINK-1909 - STARLINK-3182,3503.166,7386.866,3883.700,
Contact STARLINK-1909 - STARLINK-3182,17700.665,18754.065,1053.400,
Contact STARLINK-1909 - STARLINK-3182,31902.035,32955.030,1052.995,
Contact STARLINK-1909 - STARLINK-3182,46128.936,47130.854,1001.918,
Contact STARLINK-1909 - STARLINK-3182,57517.162,61302.073,3784.911,
Contact STARLINK-1909 - STARLINK-3182,71761.185,72623.082,861.897,
Contact STARLINK-1909 - STARLINK-3182,86037.223,86400.000,362.777,
Contact STARLINK-1909 - STARLINK-4413,6798.871,7596.297,797.426,
Contact STARLINK-1909 - STARLINK-4413,21129.395,21933.976,804.581,
Contact STARLINK-1909 - STARLINK-4413,35473.416,36257.666,784.250,
Contact STARLINK-1909 - STARLINK-4413,49806.607,50592.697,786.091,
Contact STARLINK-1909 - STARLINK-4413,64154.238,64912.871,758.633,
Contact STARLINK-1909 - STARLINK-4413,78490.584,79244.770,754.186,
Contact STARLINK-1909 - STARLINK-4127,3307.842,4226.791,918.949,
Contact STARLINK-1909 - STARLINK-4127,17603.802,18509.421,905.619,
Contact STARLINK-1909 - STARLINK-4127,31894.293,32797.722,903.429,
Contact STARLINK-1909 - STARLINK-4127,46191.010,47079.566,888.556,
Contact STARLINK-1909 - STARLINK-4127,60482.081,61367.278,885.197,
Contact STARLINK-1909 - STARLINK-4127,71917.576,75648.313,3730.736,
Contact STARLINK-1909 - STARLINK-4127,86215.392,86400.000,184.608,
Contact STARLINK-1909 - STARLINK-30331,0.000,86400.000,86400.000,
Contact STARLINK-1909 - STARLINK-31827,0.000,36266.870,36266.870,
Contact STARLINK-1909 - STARLINK-31800,0.000,79.785,79.785,
Contact STARLINK-1909 - STARLINK-31800,10684.928,11272.026,587.099,
Contact STARLINK-1909 - STARLINK-31987,0.000,33282.247,33282.247,
Contact STARLINK-1909 - STARLINK-31021,0.000,86400.000,86400.000,
Contact STARLINK-1909 - STARLINK-2228,0.000,13534.332,13534.332,
Contact STARLINK-1909 - STARLINK-1736,0.000,2967.851,2967.851,
Contact STARLINK-1909 - STARLINK-1736,10277.925,11470.061,1192.135,
Contact STARLINK-1909 - STARLINK-1736,24489.194,25583.735,1094.541,
Contact STARLINK-1909 - STARLINK-1736,35888.466,39663.155,3774.689,
Contact STARLINK-1909 - STARLINK-1736,50185.548,50874.362,688.813,
Contact STARLINK-1909 - STARLINK-30425,14046.336,14772.693,726.357,
Contact STARLINK-1909 - STARLINK-30425,28048.638,28945.794,897.157,
Contact STARLINK-1909 - STARLINK-30425,39306.373,40227.211,920.839,
Contact STARLINK-1909 - STARLINK-30425,53447.205,54260.395,813.190,
Contact STARLINK-1909 - STARLINK-4687,7138.214,7836.972,698.758,
Contact STARLINK-1909 - STARLINK-4687,21431.732,22110.375,678.643,
Contact STARLINK-1909 - STARLINK-4687,35765.381,36343.872,578.491,
Contact STARLINK-1909 - STARLINK-4687,50061.534,50614.643,553.109,
Contact STARLINK-1909 - STARLINK-4687,64408.989,64834.288,425.299,
Contact STARLINK-1909 - STARLINK-5978,0.000,73214.156,73214.156,
Contact STARLINK-1909 - STARLINK-4402,7094.705,11088.163,3993.457,
Contact STARLINK-1909 - STARLINK-4402,21395.745,25411.943,4016.198,
Contact STARLINK-1909 - STARLINK-4402,35715.263,39745.431,4030.168,
Contact STARLINK-1909 - STARLINK-4402,50023.508,56932.880,6909.372,
Contact STARLINK-1909 - STARLINK-4402,64350.985,65517.813,1166.828,
Contact STARLINK-1909 - STARLINK-4402,78667.376,79840.490,1173.114,
Contact STARLINK-1909 - STARLINK-31502,46692.710,47345.047,652.337,
Contact STARLINK-1909 - STARLINK-31502,60668.847,61637.581,968.734,
Contact STARLINK-1909 - STARLINK-31502,71915.022,75834.308,3919.286,
Contact STARLINK-1909 - STARLINK-31502,86037.597,86400.000,362.403,
Contact STARLINK-1909 - STARLINK-30842,0.000,311.454,311.454,
Contact STARLINK-1909 - STARLINK-30842,14100.116,14663.106,562.991,
Contact STARLINK-1909 - STARLINK-30842,28371.149,29005.442,634.292,
Contact STARLINK-1909 - STARLINK-30842,42645.141,43344.855,699.714,
Contact STARLINK-1909 - STARLINK-30842,56925.178,57678.120,752.942,
Contact STARLINK-1909 - STARLINK-30842,68350.836,72010.133,3659.297,
Contact STARLINK-1909 - STARLINK-30842,82634.600,83472.723,838.123,
Contact STARLINK-1909 - STARLINK-5807,0.000,695.039,695.039,
Contact STARLINK-1909 - STARLINK-5807,14292.481,15048.637,756.157,
Contact STARLINK-1909 - STARLINK-5807,28613.352,29397.720,784.369,
Contact STARLINK-1909 - STARLINK-5807,42934.972,43746.713,811.741,
Contact STARLINK-1909 - STARLINK-5807,57261.536,58090.010,828.474,
Contact STARLINK-1909 - STARLINK-5807,71587.865,72434.275,846.411,
Contact STARLINK-1909 - STARLINK-5807,85920.213,86400.000,479.787,
Contact STARLINK-1909 - STARLINK-31722,66274.980,86400.000,20125.020,
Contact STARLINK-1909 - STARLINK-1581,82129.079,82813.812,684.734,
Contact STARLINK-1909 - STARLINK-2388,2895.732,3685.788,790.055,
Contact STARLINK-1909 - STARLINK-2388,14309.457,15083.851,774.394,
Contact STARLINK-1909 - STARLINK-2388,28579.448,29328.690,749.242,
Contact STARLINK-1909 - STARLINK-2388,42845.707,43577.008,731.301,
Contact STARLINK-1909 - STARLINK-2388,57117.148,57820.349,703.201,
Contact STARLINK-1909 - STARLINK-2388,71384.974,72067.050,682.076,
Contact STARLINK-1909 - STARLINK-3167,6804.350,7664.666,860.316,
Contact STARLINK-1909 - STARLINK-3167,20984.154,21951.797,967.643,
Contact STARLINK-1909 - STARLINK-3167,32340.415,36215.163,3874.748,
Contact STARLINK-1909 - STARLINK-3167,46549.306,50485.948,3936.642,
Contact STARLINK-1909 - STARLINK-3167,60750.787,61891.844,1141.057,
Contact STARLINK-1909 - STARLINK-3167,74972.622,76136.595,1163.973,
Contact STARLINK-1909 - STARLINK-3167,83497.929,86400.000,2902.071,
Contact STARLINK-1909 - STARLINK-1700,0.000,366.945,366.945,
Contact STARLINK-1909 - STARLINK-1700,13942.569,14655.536,712.966,
Contact STARLINK-1909 - STARLINK-1700,28220.980,28946.296,725.316,
Contact STARLINK-1909 - STARLINK-1700,42501.672,43234.656,732.985,
Contact STARLINK-1909 - STARLINK-1700,53925.472,54666.128,740.656,
Contact STARLINK-1909 - STARLINK-1700,68204.389,68956.329,751.940,
Contact STARLINK-1909 - STARLINK-1700,82485.357,83244.380,759.022,
Contact STARLINK-1909 - STARLINK-31463,3261.271,4194.135,932.864,
Contact STARLINK-1909 - MoonARTEMIS1,0.000,3002.975,3002.975,
Contact STARLINK-1909 - MoonARTEMIS1,5079.119,8738.137,3659.017,
Contact STARLINK-1909 - MoonARTEMIS1,10805.575,20217.536,9411.961,
Contact STARLINK-1909 - MoonARTEMIS1,22263.980,31079.220,8815.240,
Contact STARLINK-1909 - MoonARTEMIS1,33932.351,43137.537,9205.186,
Contact STARLINK-1909 - MoonARTEMIS1,45142.939,48861.146,3718.207,
Contact STARLINK-1909 - MoonARTEMIS1,50860.966,60316.673,9455.708,
Contact STARLINK-1909 - MoonARTEMIS1,62301.932,71781.633,9479.701,
Contact STARLINK-1909 - MoonARTEMIS1,73748.536,77517.553,3769.017,
Contact STARLINK-1909 - MoonARTEMIS1,79473.923,86400.000,6926.077,
Contact STARLINK-1909 - MoonARTEMIS2,0.000,3100.728,3100.728,
Contact STARLINK-1909 - MoonARTEMIS2,5147.176,8829.636,3682.460,
Contact STARLINK-1909 - MoonARTEMIS2,10867.965,20284.685,9416.720,
Contact STARLINK-1909 - MoonARTEMIS2,22306.777,31733.734,9426.957,
Contact STARLINK-1909 - MoonARTEMIS2,33739.931,43168.909,9428.978,
Contact STARLINK-1909 - MoonARTEMIS2,45161.248,47398.880,2237.631,
Contact STARLINK-1909 - MoonARTEMIS2,51407.404,60400.345,8992.941,
Contact STARLINK-1909 - MoonARTEMIS2,62362.970,71892.776,9529.806,
Contact STARLINK-1909 - MoonARTEMIS2,73827.604,77637.576,3809.972,
Contact STARLINK-1909 - MoonARTEMIS2,79558.947,86400.000,6841.053,
Contact STARLINK-1909 - MoonIOAGEO,0.000,3028.694,3028.694,
Contact STARLINK-1909 - MoonIOAGEO,5095.227,8762.241,3667.014,
Contact STARLINK-1909 - MoonIOAGEO,17312.167,20247.866,2935.699,
Contact STARLINK-1909 - MoonIOAGEO,22280.821,31712.998,9432.177,
Contact STARLINK-1909 - MoonIOAGEO,33723.429,43153.119,9429.689,
Contact STARLINK-1909 - MoonIOAGEO,45155.664,48883.020,3727.356,
Contact STARLINK-1909 - MoonIOAGEO,50879.465,54625.192,3745.727,
Contact STARLINK-1909 - MoonIOAGEO,62343.662,71864.977,9521.315,
Contact STARLINK-1909 - MoonIOAGEO,73799.710,77592.411,3792.701,
Contact STARLINK-1909 - MoonIOAGEO,79517.746,86400.000,6882.254,
Contact STARLINK-1909 - MoonIOAGNO,0.000,3031.638,3031.638,
Contact STARLINK-1909 - MoonIOAGNO,5096.085,8776.916,3680.831,
Contact STARLINK-1909 - MoonIOAGNO,10834.851,20251.027,9416.176,
Contact STARLINK-1909 - MoonIOAGNO,22293.859,31701.320,9407.461,
Contact STARLINK-1909 - MoonIOAGNO,33730.496,43153.220,9422.724,
Contact STARLINK-1909 - MoonIOAGNO,45159.219,48890.215,3730.996,
Contact STARLINK-1909 - MoonIOAGNO,50883.421,60388.847,9505.426,
Contact STARLINK-1909 - MoonIOAGNO,62362.887,71847.407,9484.521,
Contact STARLINK-1909 - MoonIOAGNO,73807.241,77575.370,3768.129,
Contact STARLINK-1909 - MoonIOAGNO,79524.341,86400.000,6875.659,
Contact STARLINK-1909 - MoonIOAGNO 0001,0.000,3054.554,3054.554,
Contact STARLINK-1909 - MoonIOAGNO 0001,5123.113,8777.786,3654.674,
Contact STARLINK-1909 - MoonIOAGNO 0001,10839.955,20225.040,9385.085,
Contact STARLINK-1909 - MoonIOAGNO 0001,22268.223,31709.941,9441.719,
Contact STARLINK-1909 - MoonIOAGNO 0001,33731.018,43180.730,9449.711,
Contact STARLINK-1909 - MoonIOAGNO 0001,45188.241,48907.551,3719.310,
Contact STARLINK-1909 - MoonIOAGNO 0001,50908.094,60360.567,9452.473,
Contact STARLINK-1909 - MoonIOAGNO 0001,62339.806,71838.188,9498.382,
Contact STARLINK-1909 - MoonIOAGNO 0001,73789.068,77598.917,3809.850,
Contact STARLINK-1909 - MoonIOAGNO 0001,79536.001,86400.000,6863.999,
Contact STARLINK-1909 - MoonIOAGSO,0.000,3043.970,3043.970,
Contact STARLINK-1909 - MoonIOAGSO,5106.877,8774.194,3667.317,
Contact STARLINK-1909 - MoonIOAGSO,11654.359,20237.964,8583.606,
Contact STARLINK-1909 - MoonIOAGSO,22259.309,31704.738,9445.429,
Contact STARLINK-1909 - MoonIOAGSO,33706.882,43170.966,9464.084,
Contact STARLINK-1909 - MoonIOAGSO,45164.875,48901.761,3736.886,
Contact STARLINK-1909 - MoonIOAGSO,56607.101,60375.366,3768.265,
Contact STARLINK-1909 - MoonIOAGSO,62326.045,71855.300,9529.255,
Contact STARLINK-1909 - MoonIOAGSO,73776.130,77594.190,3818.060,
Contact STARLINK-1909 - MoonIOAGSO,79505.832,86400.000,6894.168,
Contact STARLINK-1909 - MoonIOAGSO 0001,0.000,3044.209,3044.209,
Contact STARLINK-1909 - MoonIOAGSO 0001,5091.518,8775.137,3683.619,
Contact STARLINK-1909 - MoonIOAGSO 0001,10814.974,20238.011,9423.038,
Contact STARLINK-1909 - MoonIOAGSO 0001,22269.486,30542.673,8273.187,
Contact STARLINK-1909 - MoonIOAGSO 0001,33714.182,43171.435,9457.253,
Contact STARLINK-1909 - MoonIOAGSO 0001,45151.786,48907.896,3756.110,
Contact STARLINK-1909 - MoonIOAGSO 0001,50876.145,60379.608,9503.463,
Contact STARLINK-1909 - MoonIOAGSO 0001,62333.329,71843.057,9509.728,
Contact STARLINK-1909 - MoonIOAGSO 0001,79505.610,86400.000,6894.390,
Contact STARLINK-1909 - MoonLRO,0.000,3046.962,3046.962,
Contact STARLINK-1909 - MoonLRO,6841.499,8775.799,1934.300,
Contact STARLINK-1909 - MoonLRO,13682.271,14503.807,821.536,
Contact STARLINK-1909 - MoonLRO,27991.205,31307.561,3316.356,
Contact STARLINK-1909 - MoonLRO,34125.503,37436.441,3310.939,
Contact STARLINK-1909 - MoonLRO,56615.623,58651.129,2035.505,
Contact STARLINK-1909 - MoonLRO,62335.190,71846.217,9511.026,
Contact STARLINK-1909 - MoonLRO,75103.601,77585.427,2481.826,
Contact STARLINK-1909 - MoonLRO,81951.723,83322.283,1370.560,
Contact STARLINK-1909 - MarsSat1,724.379,10463.001,9738.621,
Contact STARLINK-1909 - MarsSat1,12163.092,27602.556,15439.464,
Contact STARLINK-1909 - MarsSat1,29320.544,39028.818,9708.274,
Contact STARLINK-1909 - MarsSat1,40758.382,56167.995,15409.614,
Contact STARLINK-1909 - MarsSat1,57914.448,67593.999,9679.552,
Contact STARLINK-1909 - MarsSat1,69351.429,79019.962,9668.534,
Contact STARLINK-1909 - MarsSat1,80788.154,84732.941,3944.787,
Contact STARLINK-1909 - MarsSat2,724.449,10462.978,9738.530,
Contact STARLINK-1909 - MarsSat2,12163.063,27602.373,15439.310,
Contact STARLINK-1909 - MarsSat2,29320.419,39028.603,9708.183,
Contact STARLINK-1909 - MarsSat2,40758.267,56167.861,15409.595,
Contact STARLINK-1909 - MarsSat2,57914.454,67593.970,9679.517,
Contact STARLINK-1909 - MarsSat2,69351.530,79020.028,9668.498,
Contact STARLINK-1909 - MarsSat2,80788.308,84733.038,3944.730,
Contact STARLINK-1909 - MarsSat3,724.483,10463.121,9738.638,
Contact STARLINK-1909 - MarsSat3,12163.072,27602.448,15439.376,
Contact STARLINK-1909 - MarsSat3,29320.434,39028.654,9708.220,
Contact STARLINK-1909 - MarsSat3,40758.316,56167.928,15409.612,
Contact STARLINK-1909 - MarsSat3,57914.516,67594.050,9679.534,
Contact STARLINK-1909 - MarsSat3,69351.572,79020.108,9668.536,
Contact STARLINK-1909 - MarsSat3,80788.308,84733.107,3944.799,
Contact STARLINK-1909 - MarsSat4,724.497,9031.047,8306.550,
Contact STARLINK-1909 - MarsSat4,12163.103,27602.472,15439.369,
Contact STARLINK-1909 - MarsSat4,29320.468,39028.720,9708.252,
Contact STARLINK-1909 - MarsSat4,43179.655,56167.916,12988.261,
Contact STARLINK-1909 - MarsSat4,57914.434,67593.988,9679.554,
Contact STARLINK-1909 - MarsSat4,69351.521,79020.055,9668.534,
Contact STARLINK-1909 - MarsSat4,80788.231,84733.017,3944.786,
Contact STARLINK-32211 - STARLINK-5718,17716.258,18666.648,950.390,
Contact STARLINK-32211 - STARLINK-5718,31612.327,33051.459,1439.132,
Contact STARLINK-32211 - STARLINK-5718,40039.320,50035.075,9995.755,
Contact STARLINK-32211 - STARLINK-5718,57136.041,58424.262,1288.221,
Contact STARLINK-32211 - STARLINK-5718,71690.618,72156.885,466.267,
Contact STARLINK-32211 - STARLINK-4621,0.000,352.758,352.758,
Contact STARLINK-32211 - STARLINK-4621,13953.964,14423.339,469.375,
Contact STARLINK-32211 - STARLINK-2618,64468.047,64934.214,466.167,
Contact STARLINK-32211 - STARLINK-2618,78497.048,79221.061,724.013,
Contact STARLINK-32211 - STARLINK-5905,65074.656,86400.000,21325.344,
Contact STARLINK-32211 - STARLINK-30312,0.000,9487.643,9487.643,
Contact STARLINK-32211 - STARLINK-5250,0.000,648.420,648.420,
Contact STARLINK-32211 - STARLINK-5250,7619.051,17462.273,9843.223,
Contact STARLINK-32211 - STARLINK-5250,24806.275,25794.690,988.415,
Contact STARLINK-32211 - STARLINK-3081,4773.524,45703.718,40930.194,
Contact STARLINK-32211 - STARLINK-5576,79042.573,79836.009,793.436,
Contact STARLINK-32211 - STARLINK-30611,0.000,748.885,748.885,
Contact STARLINK-32211 - STARLINK-30611,13908.384,14784.680,876.296,
Contact STARLINK-32211 - STARLINK-30611,25125.304,28808.496,3683.192,
Contact STARLINK-32211 - STARLINK-30611,39154.384,40026.584,872.200,
Contact STARLINK-32211 - STARLINK-30611,50378.592,54047.801,3669.209,
Contact STARLINK-32211 - STARLINK-30611,64410.264,65258.421,848.158,
Contact STARLINK-32211 - STARLINK-30611,78453.805,79263.677,809.873,
Contact STARLINK-32211 - STARLINK-30190,51030.325,86400.000,35369.675,
Contact STARLINK-32211 - STARLINK-5215,0.000,311.216,311.216,
Contact STARLINK-32211 - STARLINK-5215,10696.922,14513.475,3816.553,
Contact STARLINK-32211 - STARLINK-5215,24771.325,25824.201,1052.876,
Contact STARLINK-32211 - STARLINK-5215,38918.246,39902.767,984.521,
Contact STARLINK-32211 - STARLINK-5215,50276.850,51125.077,848.227,
Contact STARLINK-32211 - STARLINK-5215,64545.972,65083.000,537.028,
Contact STARLINK-32211 - STARLINK-4125,57002.653,58129.049,1126.396,
Contact STARLINK-32211 - STARLINK-4125,65356.869,75268.289,9911.420,
Contact STARLINK-32211 - STARLINK-4125,82210.633,86400.000,4189.367,
Contact STARLINK-32211 - STARLINK-32081,0.000,86400.000,86400.000,
Contact STARLINK-32211 - STARLINK-1301,3599.526,4324.535,725.009,
Contact STARLINK-32211 - STARLINK-1301,17640.257,18557.507,917.250,
Contact STARLINK-32211 - STARLINK-1301,31755.014,32714.619,959.604,
Contact STARLINK-32211 - STARLINK-1301,43089.034,46817.408,3728.374,
Contact STARLINK-32211 - STARLINK-1301,57312.636,58047.992,735.356,
Contact STARLINK-32211 - STARLINK-2751,0.000,622.422,622.422,
Contact STARLINK-32211 - STARLINK-2751,13937.288,14813.204,875.916,
Contact STARLINK-32211 - STARLINK-2751,28061.023,28950.525,889.502,
Contact STARLINK-32211 - STARLINK-2751,39389.897,40230.352,840.456,
Contact STARLINK-32211 - STARLINK-2751,53592.197,54289.170,696.973,
Contact STARLINK-32211 - STARLINK-1015,82150.819,83100.422,949.603,
Contact STARLINK-32211 - STARLINK-30355,61113.428,61602.896,489.467,
Contact STARLINK-32211 - STARLINK-30355,75004.640,75970.994,966.354,
Contact STARLINK-32211 - STARLINK-30355,86225.532,86400.000,174.468,
Contact STARLINK-32211 - STARLINK-30316,14029.786,14405.413,375.627,
Contact STARLINK-32211 - STARLINK-30316,39183.028,39639.513,456.485,
Contact STARLINK-32211 - STARLINK-30316,50363.257,50853.509,490.252,
Contact STARLINK-32211 - STARLINK-30316,64337.363,64871.916,534.552,
Contact STARLINK-32211 - STARLINK-30316,75520.648,76082.822,562.174,
Contact STARLINK-32211 - STARLINK-6044,3517.534,4314.206,796.672,
Contact STARLINK-32211 - STARLINK-6044,17713.307,18479.685,766.377,
Contact STARLINK-32211 - STARLINK-6044,31949.604,32603.557,653.953,
Contact STARLINK-32211 - STARLINK-4617,82731.329,83152.113,420.783,
Contact STARLINK-32211 - STARLINK-30196,3238.444,4163.050,924.606,
Contact STARLINK-32211 - STARLINK-30196,17419.671,18242.467,822.797,
Contact STARLINK-32211 - STARLINK-30196,43187.338,43345.853,158.516,
Contact STARLINK-32211 - STARLINK-31407,3462.913,4078.813,615.901,
Contact STARLINK-32211 - STARLINK-31407,17430.063,18078.012,647.949,
Contact STARLINK-32211 - STARLINK-31407,28607.889,29272.851,664.962,
Contact STARLINK-32211 - STARLINK-31407,42584.894,43261.185,676.291,
Contact STARLINK-32211 - STARLINK-31407,53763.436,54455.287,691.852,
Contact STARLINK-32211 - STARLINK-31407,67733.051,68451.920,718.868,
Contact STARLINK-32211 - STARLINK-31407,78912.384,79645.195,732.811,
Contact STARLINK-32211 - STARLINK-30171,67939.317,68978.721,1039.404,
Contact STARLINK-32211 - STARLINK-30171,76345.336,83217.158,6871.822,
Contact STARLINK-32211 - STARLINK-5660,67782.354,68533.165,750.810,
Contact STARLINK-32211 - STARLINK-5660,78991.810,82804.677,3812.867,
Contact STARLINK-32211 - STARLINK-32094,0.000,240.027,240.027,
Contact STARLINK-32211 - STARLINK-32094,25029.838,25457.223,427.385,
Contact STARLINK-32211 - STARLINK-32094,50174.587,50653.714,479.127,
Contact STARLINK-32211 - STARLINK-32094,75311.209,75857.979,546.769,
Contact STARLINK-32211 - STARLINK-30767,43848.880,86400.000,42551.120,
Contact STARLINK-32211 - STARLINK-31800,6409.349,7327.280,917.931,
Contact STARLINK-32211 - STARLINK-31800,17595.435,18511.305,915.870,
Contact STARLINK-32211 - STARLINK-31800,28781.641,32488.807,3707.166,
Contact STARLINK-32211 - STARLINK-31800,42766.850,43672.536,905.686,
Contact STARLINK-32211 - STARLINK-31800,53953.328,57654.348,3701.019,
Contact STARLINK-32211 - STARLINK-31800,67934.308,68837.775,903.468,
Contact STARLINK-32211 - STARLINK-31800,79121.055,82814.535,3693.480,
Contact STARLINK-32211 - STARLINK-4254,39333.774,39993.347,659.572,
Contact STARLINK-32211 - STARLINK-4254,53391.954,54193.013,801.059,
Contact STARLINK-32211 - STARLINK-4254,64669.243,65521.824,852.581,
Contact STARLINK-32211 - STARLINK-4254,78800.352,79648.512,848.160,
Contact STARLINK-32211 - STARLINK-3533,21179.997,28426.816,7246.819,
Contact STARLINK-32211 - STARLINK-3533,29309.881,67881.271,38571.391,
Contact STARLINK-32211 - STARLINK-3533,74948.643,76014.493,1065.850,
Contact STARLINK-32211 - STARLINK-6311,0.000,3798.852,3798.852,
Contact STARLINK-32211 - STARLINK-6311,14135.313,15093.222,957.909,
Contact STARLINK-32211 - STARLINK-6311,28365.368,29141.092,775.724,
Contact STARLINK-32211 - STARLINK-2228,64417.231,64857.564,440.334,
Contact STARLINK-32211 - STARLINK-2228,75463.113,76090.891,627.778,
Contact STARLINK-32211 - STARLINK-1736,17816.699,18248.969,432.270,
Contact STARLINK-32211 - STARLINK-1736,43144.799,43372.008,227.209,
Contact STARLINK-32211 - STARLINK-30425,82783.095,82878.581,95.485,
Contact STARLINK-32211 - STARLINK-3346,17646.193,18464.980,818.786,
Contact STARLINK-32211 - STARLINK-3346,31689.200,32626.336,937.135,
Contact STARLINK-32211 - STARLINK-3346,42952.408,43926.421,974.013,
Contact STARLINK-32211 - STARLINK-3346,57065.772,58017.270,951.498,
Contact STARLINK-32211 - STARLINK-3346,68390.932,72055.816,3664.884,
Contact STARLINK-32211 - STARLINK-3346,82599.522,83251.862,652.340,
Contact STARLINK-32211 - STARLINK-30320,2975.443,3807.003,831.561,
Contact STARLINK-32211 - STARLINK-30320,14159.187,14990.511,831.324,
Contact STARLINK-32211 - STARLINK-30320,28141.049,28967.701,826.652,
Contact STARLINK-32211 - STARLINK-30320,39324.835,40151.118,826.283,
Contact STARLINK-32211 - STARLINK-30320,53302.478,54132.438,829.960,
Contact STARLINK-32211 - STARLINK-30320,64486.329,65315.746,829.417,
Contact STARLINK-32211 - STARLINK-30320,78468.274,79292.726,824.452,
Contact STARLINK-32211 - STARLINK-31639,14215.424,14548.210,332.787,
Contact STARLINK-32211 - STARLINK-31639,39368.741,39911.940,543.199,
Contact STARLINK-32211 - STARLINK-31639,64559.229,65237.667,678.437,
Contact STARLINK-32211 - STARLINK-31639,78565.749,79296.077,730.328,
Contact STARLINK-32211 - STARLINK-30613,32855.739,84729.951,51874.212,
Contact STARLINK-32211 - STARLINK-31764,3484.341,4356.134,871.793,
Contact STARLINK-32211 - STARLINK-31764,17461.395,18347.871,886.476,
Contact STARLINK-32211 - STARLINK-31764,28645.657,29538.452,892.795,
Contact STARLINK-32211 - STARLINK-31764,42629.205,43523.246,894.042,
Contact STARLINK-32211 - STARLINK-31764,53814.004,54713.270,899.266,
Contact STARLINK-32211 - STARLINK-31764,67792.486,68703.476,910.990,
Contact STARLINK-32211 - STARLINK-31764,78977.832,79892.917,915.085,
Contact STARLINK-32211 - STARLINK-5618,10648.213,11187.842,539.629,
Contact STARLINK-32211 - STARLINK-5618,24678.734,25407.694,728.960,
Contact STARLINK-32211 - STARLINK-5618,35938.404,36747.860,809.456,
Contact STARLINK-32211 - STARLINK-5618,50048.048,50888.135,840.087,
Contact STARLINK-32211 - STARLINK-5618,64176.957,65008.159,831.202,
Contact STARLINK-32211 - STARLINK-5618,75507.088,76277.710,770.622,
Contact STARLINK-32211 - STARLINK-6255,13977.657,14773.777,796.120,
Contact STARLINK-32211 - STARLINK-6255,28059.893,29001.605,941.711,
Contact STARLINK-32211 - STARLINK-6255,39379.653,40328.979,949.325,
Contact STARLINK-32211 - STARLINK-6255,53597.838,54420.000,822.161,
Contact STARLINK-32211 - STARLINK-6255,67924.217,68405.262,481.045,
Contact STARLINK-32211 - STARLINK-3898,0.000,745.381,745.381,
Contact STARLINK-32211 - STARLINK-3898,13982.677,14887.291,904.614,
Contact STARLINK-32211 - STARLINK-3898,28121.896,28982.527,860.631,
Contact STARLINK-32211 - STARLINK-3898,39459.850,40232.221,772.370,
Contact STARLINK-32211 - STARLINK-3898,53673.291,54253.604,580.313,
Contact STARLINK-32211 - STARLINK-30842,6632.806,13628.729,6995.924,
Contact STARLINK-32211 - STARLINK-30842,20965.788,21979.159,1013.370,
Contact STARLINK-32211 - STARLINK-5807,10140.586,11165.488,1024.902,
Contact STARLINK-32211 - STARLINK-30367,0.000,690.892,690.892,
Contact STARLINK-32211 - STARLINK-30367,13878.222,14910.869,1032.647,
Contact STARLINK-32211 - STARLINK-30367,28076.122,29025.651,949.529,
Contact STARLINK-32211 - STARLINK-30367,39508.325,40244.756,736.431,
Contact STARLINK-32211 - STARLINK-4290,75474.501,75698.859,224.358,
Contact STARLINK-32211 - STARLINK-5151,0.000,86400.000,86400.000,
Contact STARLINK-32211 - STARLINK-6142,78702.016,79261.927,559.911,
Contact STARLINK-32211 - STARLINK-2388,10156.148,10977.779,821.631,
Contact STARLINK-32211 - STARLINK-1700,6788.152,7906.656,1118.504,
Contact STARLINK-32211 - STARLINK-1700,21002.025,21950.651,948.627,
Contact STARLINK-32211 - STARLINK-5049,76480.122,86400.000,9919.878,
Contact STARLINK-32211 - MoonARTEMIS1,0.000,1886.133,1886.133,
Contact STARLINK-32211 - MoonARTEMIS1,4010.266,13115.542,9105.276,
Contact STARLINK-32211 - MoonARTEMIS1,15247.050,24351.949,9104.899,
Contact STARLINK-32211 - MoonARTEMIS1,26492.584,29972.753,3480.169,
Contact STARLINK-32211 - MoonARTEMIS1,37701.848,41166.859,3465.011,
Contact STARLINK-32211 - MoonARTEMIS1,48903.675,52369.494,3465.819,
Contact STARLINK-32211 - MoonARTEMIS1,54508.078,63578.139,9070.061,
Contact STARLINK-32211 - MoonARTEMIS1,65721.409,74791.048,9069.639,
Contact STARLINK-32211 - MoonARTEMIS1,76939.517,86007.583,9068.066,
Contact STARLINK-32211 - MoonARTEMIS2,0.000,1964.455,1964.455,
Contact STARLINK-32211 - MoonARTEMIS2,4100.278,13178.093,9077.815,
Contact STARLINK-32211 - MoonARTEMIS2,15316.483,24387.829,9071.346,
Contact STARLINK-32211 - MoonARTEMIS2,26527.780,35591.980,9064.200,
Contact STARLINK-32211 - MoonARTEMIS2,37731.453,41190.308,3458.855,
Contact STARLINK-32211 - MoonARTEMIS2,54554.969,63632.457,9077.489,
Contact STARLINK-32211 - MoonARTEMIS2,65788.083,74854.711,9066.628,
Contact STARLINK-32211 - MoonARTEMIS2,77014.947,86073.411,9058.464,
Contact STARLINK-32211 - MoonIOAGEO,0.000,1910.182,1910.182,
Contact STARLINK-32211 - MoonIOAGEO,4035.075,12992.290,8957.216,
Contact STARLINK-32211 - MoonIOAGEO,17156.710,24373.816,7217.106,
Contact STARLINK-32211 - MoonIOAGEO,26511.475,35579.715,9068.240,
Contact STARLINK-32211 - MoonIOAGEO,37715.293,41176.736,3461.444,
Contact STARLINK-32211 - MoonIOAGEO,48920.451,52388.682,3468.231,
Contact STARLINK-32211 - MoonIOAGEO,65777.257,74840.928,9063.670,
Contact STARLINK-32211 - MoonIOAGEO,76993.259,86035.566,9042.308,
Contact STARLINK-32211 - MoonIOAGNO,0.000,1908.994,1908.994,
Contact STARLINK-32211 - MoonIOAGNO,4039.600,13147.673,9108.074,
Contact STARLINK-32211 - MoonIOAGNO,15280.581,24347.683,9067.101,
Contact STARLINK-32211 - MoonIOAGNO,26486.915,35555.762,9068.847,
Contact STARLINK-32211 - MoonIOAGNO,37698.326,41165.213,3466.887,
Contact STARLINK-32211 - MoonIOAGNO,48929.591,52406.970,3477.379,
Contact STARLINK-32211 - MoonIOAGNO,54554.913,63609.535,9054.622,
Contact STARLINK-32211 - MoonIOAGNO,65762.038,74812.663,9050.625,
Contact STARLINK-32211 - MoonIOAGNO,76969.243,86027.739,9058.496,
Contact STARLINK-32211 - MoonIOAGNO 0001,0.000,1913.109,1913.109,
Contact STARLINK-32211 - MoonIOAGNO 0001,4044.620,13121.232,9076.612,
Contact STARLINK-32211 - MoonIOAGNO 0001,15255.984,24346.378,9090.394,
Contact STARLINK-32211 - MoonIOAGNO 0001,26485.566,35580.202,9094.636,
Contact STARLINK-32211 - MoonIOAGNO 0001,37721.425,41179.497,3458.072,
Contact STARLINK-32211 - MoonIOAGNO 0001,48927.041,52382.535,3455.495,
Contact STARLINK-32211 - MoonIOAGNO 0001,54531.494,63597.515,9066.021,
Contact STARLINK-32211 - MoonIOAGNO 0001,65749.800,74836.964,9087.165,
Contact STARLINK-32211 - MoonIOAGNO 0001,76992.120,86037.604,9045.484,
Contact STARLINK-32211 - MoonIOAGSO,0.000,1928.366,1928.366,
Contact STARLINK-32211 - MoonIOAGSO,4051.570,7527.457,3475.887,
Contact STARLINK-32211 - MoonIOAGSO,15283.595,24383.288,9099.693,
Contact STARLINK-32211 - MoonIOAGSO,26514.452,35596.985,9082.533,
Contact STARLINK-32211 - MoonIOAGSO,37731.685,41197.769,3466.084,
Contact STARLINK-32211 - MoonIOAGSO,48933.934,52184.364,3250.430,
Contact STARLINK-32211 - MoonIOAGSO,55115.145,63635.152,8520.007,
Contact STARLINK-32211 - MoonIOAGSO,65783.489,74853.709,9070.221,
Contact STARLINK-32211 - MoonIOAGSO,77004.202,86055.772,9051.571,
Contact STARLINK-32211 - MoonIOAGSO 0001,0.000,1947.737,1947.737,
Contact STARLINK-32211 - MoonIOAGSO 0001,4069.986,13163.177,9093.191,
Contact STARLINK-32211 - MoonIOAGSO 0001,15288.811,24362.613,9073.802,
Contact STARLINK-32211 - MoonIOAGSO 0001,26494.097,29962.704,3468.606,
Contact STARLINK-32211 - MoonIOAGSO 0001,37726.900,41203.881,3476.981,
Contact STARLINK-32211 - MoonIOAGSO 0001,43343.524,52424.130,9080.606,
Contact STARLINK-32211 - MoonIOAGSO 0001,54565.845,63627.939,9062.094,
Contact STARLINK-32211 - MoonIOAGSO 0001,65773.617,73901.371,8127.755,
Contact STARLINK-32211 - MoonIOAGSO 0001,76986.384,86064.137,9077.753,
Contact STARLINK-32211 - MoonLRO,6831.573,10809.047,3977.473,
Contact STARLINK-32211 - MoonLRO,20886.193,24356.693,3470.499,
Contact STARLINK-32211 - MoonLRO,27328.948,29967.902,2638.954,
Contact STARLINK-32211 - MoonLRO,48939.037,51785.976,2846.940,
Contact STARLINK-32211 - MoonLRO,54630.943,58005.516,3374.573,
Contact STARLINK-32211 - MoonLRO,68275.037,72324.410,4049.372,
Contact STARLINK-32211 - MoonLRO,82595.660,85959.948,3364.288,
Contact STARLINK-32211 - MarsSat1,0.000,2922.751,2922.751,
Contact STARLINK-32211 - MarsSat1,5067.436,14109.594,9042.158,
Contact STARLINK-32211 - MarsSat1,16253.525,19703.039,3449.514,
Contact STARLINK-32211 - MarsSat1,21846.573,30889.958,9043.386,
Contact STARLINK-32211 - MarsSat1,33032.658,42076.898,9044.240,
Contact STARLINK-32211 - MarsSat1,44218.712,53263.852,9045.140,
Contact STARLINK-32211 - MarsSat1,55404.734,64450.838,9046.104,
Contact STARLINK-32211 - MarsSat1,66590.741,70044.352,3453.610,
Contact STARLINK-32211 - MarsSat1,72183.749,81231.439,9047.690,
Contact STARLINK-32211 - MarsSat1,83369.790,86400.000,3030.210,
Contact STARLINK-32211 - MarsSat2,0.000,2922.792,2922.792,
Contact STARLINK-32211 - MarsSat2,5067.463,14109.558,9042.095,
Contact STARLINK-32211 - MarsSat2,16253.474,19702.971,3449.497,
Contact STARLINK-32211 - MarsSat2,21846.492,30889.851,9043.359,
Contact STARLINK-32211 - MarsSat2,33032.542,42076.792,9044.250,
Contact STARLINK-32211 - MarsSat2,44218.604,53263.790,9045.186,
Contact STARLINK-32211 - MarsSat2,55404.673,64450.842,9046.170,
Contact STARLINK-32211 - MarsSat2,66590.748,70044.389,3453.641,
Contact STARLINK-32211 - MarsSat2,72183.787,81231.522,9047.735,
Contact STARLINK-32211 - MarsSat2,83369.871,86400.000,3030.129,
Contact STARLINK-32211 - MarsSat3,0.000,2922.836,2922.836,
Contact STARLINK-32211 - MarsSat3,5067.516,14109.607,9042.091,
Contact STARLINK-32211 - MarsSat3,16253.528,19703.010,3449.482,
Contact STARLINK-32211 - MarsSat3,21846.534,30889.879,9043.345,
Contact STARLINK-32211 - MarsSat3,33032.572,42076.827,9044.254,
Contact STARLINK-32211 - MarsSat3,44218.640,53263.832,9045.193,
Contact STARLINK-32211 - MarsSat3,55404.716,64450.886,9046.170,
Contact STARLINK-32211 - MarsSat3,66590.793,70044.429,3453.636,
Contact STARLINK-32211 - MarsSat3,72183.830,81231.544,9047.715,
Contact STARLINK-32211 - MarsSat3,83369.897,86400.000,3030.103,
Contact STARLINK-32211 - MarsSat4,0.000,2922.804,2922.804,
Contact STARLINK-32211 - MarsSat4,5067.484,8516.208,3448.724,
Contact STARLINK-32211 - MarsSat4,16253.531,19703.018,3449.488,
Contact STARLINK-32211 - MarsSat4,21846.544,30889.900,9043.356,
Contact STARLINK-32211 - MarsSat4,33032.596,41360.088,8327.493,
Contact STARLINK-32211 - MarsSat4,44218.660,53263.805,9045.145,
Contact STARLINK-32211 - MarsSat4,55404.690,64450.845,9046.155,
Contact STARLINK-32211 - MarsSat4,66590.753,70044.391,3453.639,
Contact STARLINK-32211 - MarsSat4,75534.531,81231.495,5696.964,
Contact STARLINK-32211 - MarsSat4,83369.844,86400.000,3030.156,
Contact STARLINK-5718 - STARLINK-4621,10383.550,11176.837,793.287,
Contact STARLINK-5718 - STARLINK-4621,24732.032,25521.980,789.948,
Contact STARLINK-5718 - STARLINK-4621,39076.535,39872.385,795.850,
Contact STARLINK-5718 - STARLINK-4621,53425.155,54217.407,792.252,
Contact STARLINK-5718 - STARLINK-4621,67769.393,68568.103,798.710,
Contact STARLINK-5718 - STARLINK-4621,82118.148,82913.012,794.864,
Contact STARLINK-5718 - STARLINK-5250,6992.458,7892.630,900.172,
Contact STARLINK-5718 - STARLINK-5250,21284.753,22204.195,919.442,
Contact STARLINK-5718 - STARLINK-5250,35574.095,36518.672,944.577,
Contact STARLINK-5718 - STARLINK-5250,49869.074,50827.504,958.430,
Contact STARLINK-5718 - STARLINK-5250,64161.073,65139.318,978.245,
Contact STARLINK-5718 - STARLINK-5250,75597.311,79445.517,3848.206,
Contact STARLINK-5718 - STARLINK-3081,0.000,6876.572,6876.572,
Contact STARLINK-5718 - STARLINK-3081,14037.687,18282.070,4244.383,
Contact STARLINK-5718 - STARLINK-3081,28548.662,32497.306,3948.644,
Contact STARLINK-5718 - STARLINK-3081,43128.000,43851.556,723.556,
Contact STARLINK-5718 - STARLINK-30611,10242.961,11216.940,973.980,
Contact STARLINK-5718 - STARLINK-30611,24523.727,25332.215,808.488,
Contact STARLINK-5718 - STARLINK-30611,35989.431,36583.707,594.276,
Contact STARLINK-5718 - STARLINK-30190,71670.604,72427.653,757.048,
Contact STARLINK-5718 - STARLINK-30190,85769.248,86400.000,630.752,
Contact STARLINK-5718 - STARLINK-5215,7022.613,7930.842,908.230,
Contact STARLINK-5718 - STARLINK-5215,21330.031,22205.902,875.872,
Contact STARLINK-5718 - STARLINK-5215,35641.514,36477.283,835.769,
Contact STARLINK-5718 - STARLINK-5215,49954.873,50746.377,791.504,
Contact STARLINK-5718 - STARLINK-5215,64272.693,65011.434,738.741,
Contact STARLINK-5718 - STARLINK-5215,78593.337,79273.225,679.888,
Contact STARLINK-5718 - STARLINK-4125,0.000,36732.731,36732.731,
Contact STARLINK-5718 - STARLINK-32081,3542.159,7436.189,3894.030,
Contact STARLINK-5718 - STARLINK-32081,17675.138,24512.033,6836.895,
Contact STARLINK-5718 - STARLINK-32081,31876.155,33013.154,1136.999,
Contact STARLINK-5718 - STARLINK-32081,46127.810,47147.737,1019.927,
Contact STARLINK-5718 - STARLINK-32081,57580.308,61204.354,3624.046,
Contact STARLINK-5718 - STARLINK-1301,0.000,86400.000,86400.000,
Contact STARLINK-5718 - STARLINK-2751,10259.159,11220.574,961.415,
Contact STARLINK-5718 - STARLINK-2751,24585.152,25512.500,927.348,
Contact STARLINK-5718 - STARLINK-2751,38902.628,39812.346,909.717,
Contact STARLINK-5718 - STARLINK-2751,50361.229,54101.853,3740.624,
Contact STARLINK-5718 - STARLINK-2751,64690.668,65536.274,845.606,
Contact STARLINK-5718 - STARLINK-2751,79011.089,79833.166,822.077,
Contact STARLINK-5718 - STARLINK-32235,53884.192,54082.435,198.244,
Contact STARLINK-5718 - STARLINK-32235,67698.190,68456.531,758.340,
Contact STARLINK-5718 - STARLINK-32235,78899.273,79803.944,904.671,
Contact STARLINK-5718 - STARLINK-11266 [DTC],3596.600,7257.409,3660.809,
Contact STARLINK-5718 - STARLINK-11266 [DTC],17885.701,18363.325,477.624,
Contact STARLINK-5718 - STARLINK-6044,0.000,3813.400,3813.400,
Contact STARLINK-5718 - STARLINK-6044,14110.314,18158.285,4047.970,
Contact STARLINK-5718 - STARLINK-6044,28488.278,32484.565,3996.287,
Contact STARLINK-5718 - STARLINK-6044,42890.912,46819.843,3928.932,
Contact STARLINK-5718 - STARLINK-6044,57279.333,58278.115,998.781,
Contact STARLINK-5718 - STARLINK-6044,71695.895,72586.033,890.138,
Contact STARLINK-5718 - STARLINK-6044,86098.493,86400.000,301.507,
Contact STARLINK-5718 - STARLINK-4617,0.000,317.149,317.149,
Contact STARLINK-5718 - STARLINK-4617,14056.179,14663.351,607.173,
Contact STARLINK-5718 - STARLINK-4617,28408.095,29021.230,613.135,
Contact STARLINK-5718 - STARLINK-4617,42771.603,43366.715,595.113,
Contact STARLINK-5718 - STARLINK-4617,57123.789,57724.343,600.554,
Contact STARLINK-5718 - STARLINK-4617,71488.131,72069.027,580.896,
Contact STARLINK-5718 - STARLINK-4617,85840.659,86400.000,559.341,
Contact STARLINK-5718 - STARLINK-30196,0.000,492.140,492.140,
Contact STARLINK-5718 - STARLINK-30196,7847.049,14811.955,6964.905,
Contact STARLINK-5718 - STARLINK-30196,22131.407,29143.587,7012.180,
Contact STARLINK-5718 - STARLINK-30196,39282.574,43460.847,4178.273,
Contact STARLINK-5718 - STARLINK-30196,53583.195,60647.601,7064.406,
Contact STARLINK-5718 - STARLINK-30196,67872.021,74974.761,7102.739,
Contact STARLINK-5718 - STARLINK-30196,82175.117,86400.000,4224.883,
Contact STARLINK-5718 - STARLINK-31407,0.000,20943.398,20943.398,
Contact STARLINK-5718 - STARLINK-31407,21615.536,29005.614,7390.078,
Contact STARLINK-5718 - STARLINK-31827,50368.832,50955.569,586.737,
Contact STARLINK-5718 - STARLINK-31827,64418.500,65246.178,827.679,
Contact STARLINK-5718 - STARLINK-31827,78532.135,79471.138,939.003,
Contact STARLINK-5718 - STARLINK-31800,13675.387,21222.725,7547.339,
Contact STARLINK-5718 - STARLINK-31800,21868.681,46656.334,24787.653,
Contact STARLINK-5718 - STARLINK-31800,47463.150,54836.567,7373.417,
Contact STARLINK-5718 - STARLINK-3533,3381.354,7263.699,3882.345,
Contact STARLINK-5718 - STARLINK-3533,17691.329,18697.077,1005.748,
Contact STARLINK-5718 - STARLINK-3533,32011.826,32982.661,970.835,
Contact STARLINK-5718 - STARLINK-3533,46324.518,47276.500,951.982,
Contact STARLINK-5718 - STARLINK-3533,60648.181,61558.892,910.711,
Contact STARLINK-5718 - STARLINK-3533,74963.721,75849.883,886.162,
Contact STARLINK-5718 - STARLINK-31987,64470.148,64956.250,486.102,
Contact STARLINK-5718 - STARLINK-31987,78516.964,79301.451,784.487,
Contact STARLINK-5718 - STARLINK-6311,0.000,2909.466,2909.466,
Contact STARLINK-5718 - STARLINK-6311,10290.094,11504.314,1214.220,
Contact STARLINK-5718 - STARLINK-6311,24610.021,25819.531,1209.510,
Contact STARLINK-5718 - STARLINK-6311,38923.178,40141.636,1218.458,
Contact STARLINK-5718 - STARLINK-6311,47516.664,54456.545,6939.882,
Contact STARLINK-5718 - STARLINK-6311,61830.058,68778.330,6948.272,
Contact STARLINK-5718 - STARLINK-6311,79010.459,83092.929,4082.471,
Contact STARLINK-5718 - STARLINK-2228,24642.586,25301.224,658.638,
Contact STARLINK-5718 - STARLINK-2228,35815.130,36679.629,864.499,
Contact STARLINK-5718 - STARLINK-2228,49885.391,50795.665,910.274,
Contact STARLINK-5718 - STARLINK-2228,64066.001,64803.057,737.056,
Contact STARLINK-5718 - STARLINK-2228,75532.623,75888.473,355.850,
Contact STARLINK-5718 - STARLINK-1736,14341.009,14681.031,340.022,
Contact STARLINK-5718 - STARLINK-1736,28243.294,29153.076,909.783,
Contact STARLINK-5718 - STARLINK-1736,39485.741,43458.230,3972.489,
Contact STARLINK-5718 - STARLINK-1736,53617.456,60525.266,6907.810,
Contact STARLINK-5718 - STARLINK-1736,67812.443,69022.913,1210.470,
Contact STARLINK-5718 - STARLINK-1736,82100.857,83106.983,1006.126,
Contact STARLINK-5718 - STARLINK-30425,56906.360,64145.489,7239.129,
Contact STARLINK-5718 - STARLINK-30425,65188.980,75488.982,10300.003,
Contact STARLINK-5718 - STARLINK-30425,79308.066,86400.000,7091.934,
Contact STARLINK-5718 - STARLINK-3346,0.000,86400.000,86400.000,
Contact STARLINK-5718 - STARLINK-30320,0.000,207.029,207.029,
Contact STARLINK-5718 - STARLINK-30320,10446.433,11531.863,1085.430,
Contact STARLINK-5718 - STARLINK-30320,24679.633,25598.727,919.095,
Contact STARLINK-5718 - STARLINK-31919,2916.932,10304.323,7387.391,
Contact STARLINK-5718 - STARLINK-31919,11391.707,18738.763,7347.056,
Contact STARLINK-5718 - STARLINK-31919,25735.072,32596.164,6861.092,
Contact STARLINK-5718 - STARLINK-31600,0.000,29125.148,29125.148,
Contact STARLINK-5718 - STARLINK-30613,3040.864,3990.952,950.087,
Contact STARLINK-5718 - STARLINK-30613,17346.102,18355.003,1008.901,
Contact STARLINK-5718 - STARLINK-30613,28798.017,32700.814,3902.798,
Contact STARLINK-5718 - STARLINK-30613,43121.810,47062.432,3940.622,
Contact STARLINK-5718 - STARLINK-30613,57430.331,61406.835,3976.505,
Contact STARLINK-5718 - STARLINK-30613,71755.431,75766.420,4010.988,
Contact STARLINK-5718 - STARLINK-30613,86065.868,86400.000,334.132,
Contact STARLINK-5718 - STARLINK-31764,0.000,35187.304,35187.304,
Contact STARLINK-5718 - STARLINK-31764,36012.910,45994.348,9981.439,
Contact STARLINK-5718 - STARLINK-6255,10206.531,11115.906,909.375,
Contact STARLINK-5718 - STARLINK-6255,24533.329,25457.748,924.419,
Contact STARLINK-5718 - STARLINK-6255,35989.891,39811.933,3822.042,
Contact STARLINK-5718 - STARLINK-6255,50304.915,54152.825,3847.910,
Contact STARLINK-5718 - STARLINK-6255,64632.965,68505.566,3872.600,
Contact STARLINK-5718 - STARLINK-6255,78949.369,82845.581,3896.211,
Contact STARLINK-5718 - STARLINK-3898,10276.208,11326.309,1050.100,
Contact STARLINK-5718 - STARLINK-3898,24587.298,25605.436,1018.138,
Contact STARLINK-5718 - STARLINK-3898,38893.824,39888.433,994.609,
Contact STARLINK-5718 - STARLINK-3898,50344.012,54161.819,3817.807,
Contact STARLINK-5718 - STARLINK-3898,64663.349,68439.118,3775.770,
Contact STARLINK-5718 - STARLINK-3898,78978.016,79855.883,877.867,
Contact STARLINK-5718 - STARLINK-31539,35592.078,36421.676,829.598,
Contact STARLINK-5718 - STARLINK-31539,49617.902,50688.740,1070.839,
Contact STARLINK-5718 - STARLINK-31539,60912.464,67672.820,6760.356,
Contact STARLINK-5718 - STARLINK-31539,75119.837,76113.221,993.383,
Contact STARLINK-5718 - STARLINK-30367,10077.989,11237.854,1159.865,
Contact STARLINK-5718 - STARLINK-30367,18680.603,25575.376,6894.773,
Contact STARLINK-5718 - STARLINK-30367,35880.983,39917.815,4036.832,
Contact STARLINK-5718 - STARLINK-30367,50212.522,54254.353,4041.830,
Contact STARLINK-5718 - STARLINK-30367,64549.861,68595.779,4045.918,
Contact STARLINK-5718 - STARLINK-30367,78882.404,82931.328,4048.924,
Contact STARLINK-5718 - STARLINK-5151,3495.059,7395.256,3900.196,
Contact STARLINK-5718 - STARLINK-5151,17645.392,24545.027,6899.634,
Contact STARLINK-5718 - STARLINK-5151,31845.944,33093.270,1247.326,
Contact STARLINK-5718 - STARLINK-5151,46070.304,47328.969,1258.665,
Contact STARLINK-5718 - STARLINK-5151,54631.773,61515.896,6884.123,
Contact STARLINK-5718 - STARLINK-5151,71782.291,75679.967,3897.676,
Contact STARLINK-5718 - STARLINK-5151,86111.927,86400.000,288.073,
Contact STARLINK-5718 - STARLINK-31463,61081.511,61558.548,477.037,
Contact STARLINK-5718 - STARLINK-31463,69216.123,76286.175,7070.051,
Contact STARLINK-5718 - STARLINK-31463,83071.915,86400.000,3328.085,
Contact STARLINK-5718 - MoonARTEMIS1,0.000,6692.208,6692.208,
Contact STARLINK-5718 - MoonARTEMIS1,8723.001,12455.570,3732.569,
Contact STARLINK-5718 - MoonARTEMIS1,14478.737,23993.206,9514.469,
Contact STARLINK-5718 - MoonARTEMIS1,25998.939,29768.113,3769.173,
Contact STARLINK-5718 - MoonARTEMIS1,37492.017,41248.972,3756.955,
Contact STARLINK-5718 - MoonARTEMIS1,43232.674,52743.217,9510.543,
Contact STARLINK-5718 - MoonARTEMIS1,54722.041,64247.918,9525.877,
Contact STARLINK-5718 - MoonARTEMIS1,66219.033,81520.395,15301.362,
Contact STARLINK-5718 - MoonARTEMIS1,83477.066,86400.000,2922.934,
Contact STARLINK-5718 - MoonARTEMIS2,0.000,6792.779,6792.779,
Contact STARLINK-5718 - MoonARTEMIS2,8786.939,12546.365,3759.426,
Contact STARLINK-5718 - MoonARTEMIS2,14535.275,24049.519,9514.245,
Contact STARLINK-5718 - MoonARTEMIS2,26029.647,35544.030,9514.383,
Contact STARLINK-5718 - MoonARTEMIS2,37518.221,41284.965,3766.743,
Contact STARLINK-5718 - MoonARTEMIS2,43257.389,47027.307,3769.918,
Contact STARLINK-5718 - MoonARTEMIS2,54766.919,64342.464,9575.545,
Contact STARLINK-5718 - MoonARTEMIS2,66286.544,70110.100,3823.556,
Contact STARLINK-5718 - MoonARTEMIS2,72045.412,81641.307,9595.895,
Contact STARLINK-5718 - MoonARTEMIS2,83562.061,86400.000,2837.939,
Contact STARLINK-5718 - MoonIOAGEO,0.000,6718.778,6718.778,
Contact STARLINK-5718 - MoonIOAGEO,8740.905,12485.420,3744.516,
Contact STARLINK-5718 - MoonIOAGEO,17134.200,24023.839,6889.639,
Contact STARLINK-5718 - MoonIOAGEO,26017.986,35523.332,9505.346,
Contact STARLINK-5718 - MoonIOAGEO,37504.387,41264.521,3760.133,
Contact STARLINK-5718 - MoonIOAGEO,43243.953,52775.324,9531.371,
Contact STARLINK-5718 - MoonIOAGEO,66278.007,70087.731,3809.724,
Contact STARLINK-5718 - MoonIOAGEO,72034.403,81582.737,9548.334,
Contact STARLINK-5718 - MoonIOAGEO,83519.661,86400.000,2880.339,
Contact STARLINK-5718 - MoonIOAGNO,0.000,6732.896,6732.896,
Contact STARLINK-5718 - MoonIOAGNO,8759.954,12503.354,3743.400,
Contact STARLINK-5718 - MoonIOAGNO,14502.461,24000.696,9498.236,
Contact STARLINK-5718 - MoonIOAGNO,25982.768,35500.426,9517.658,
Contact STARLINK-5718 - MoonIOAGNO,37478.700,41255.212,3776.512,
Contact STARLINK-5718 - MoonIOAGNO,43235.233,52800.867,9565.634,
Contact STARLINK-5718 - MoonIOAGNO,54766.598,64314.289,9547.691,
Contact STARLINK-5718 - MoonIOAGNO,66250.728,81567.646,15316.918,
Contact STARLINK-5718 - MoonIOAGNO,83500.550,86400.000,2899.450,
Contact STARLINK-5718 - MoonIOAGNO 0001,0.000,6723.403,6723.403,
Contact STARLINK-5718 - MoonIOAGNO 0001,8728.005,12473.207,3745.202,
Contact STARLINK-5718 - MoonIOAGNO 0001,14476.327,23986.958,9510.631,
Contact STARLINK-5718 - MoonIOAGNO 0001,25993.530,35530.639,9537.109,
Contact STARLINK-5718 - MoonIOAGNO 0001,37502.556,41281.307,3778.750,
Contact STARLINK-5718 - MoonIOAGNO 0001,43242.984,52780.308,9537.323,
Contact STARLINK-5718 - MoonIOAGNO 0001,54734.184,64288.061,9553.878,
Contact STARLINK-5718 - MoonIOAGNO 0001,66245.928,70054.078,3808.150,
Contact STARLINK-5718 - MoonIOAGNO 0001,72018.686,81598.233,9579.547,
Contact STARLINK-5718 - MoonIOAGNO 0001,83520.160,86400.000,2879.840,
Contact STARLINK-5718 - MoonIOAGSO,0.000,6731.100,6731.100,
Contact STARLINK-5718 - MoonIOAGSO,14516.380,24024.302,9507.921,
Contact STARLINK-5718 - MoonIOAGSO,26032.706,35536.029,9503.323,
Contact STARLINK-5718 - MoonIOAGSO,37528.223,41287.505,3759.282,
Contact STARLINK-5718 - MoonIOAGSO,43268.253,52183.916,8915.663,
Contact STARLINK-5718 - MoonIOAGSO,55110.439,64322.439,9212.000,
Contact STARLINK-5718 - MoonIOAGSO,66293.026,70083.852,3790.826,
Contact STARLINK-5718 - MoonIOAGSO,72049.098,81598.849,9549.752,
Contact STARLINK-5718 - MoonIOAGSO,83546.350,86400.000,2853.650,
Contact STARLINK-5718 - MoonIOAGSO 0001,0.000,6757.003,6757.003,
Contact STARLINK-5718 - MoonIOAGSO 0001,8781.415,12510.477,3729.061,
Contact STARLINK-5718 - MoonIOAGSO 0001,14526.605,24008.338,9481.734,
Contact STARLINK-5718 - MoonIOAGSO 0001,26001.763,29756.736,3754.974,
Contact STARLINK-5718 - MoonIOAGSO 0001,37521.625,41291.244,3769.619,
Contact STARLINK-5718 - MoonIOAGSO 0001,43282.876,52810.377,9527.502,
Contact STARLINK-5718 - MoonIOAGSO 0001,54788.972,64318.069,9529.097,
Contact STARLINK-5718 - MoonIOAGSO 0001,66274.373,70066.321,3791.948,
Contact STARLINK-5718 - MoonIOAGSO 0001,77778.096,81591.975,3813.879,
Contact STARLINK-5718 - MoonIOAGSO 0001,83546.637,86400.000,2853.363,
Contact STARLINK-5718 - MoonLRO,0.000,3967.776,3967.776,
Contact STARLINK-5718 - MoonLRO,20501.580,24003.982,3502.402,
Contact STARLINK-5718 - MoonLRO,27310.883,29763.350,2452.468,
Contact STARLINK-5718 - MoonLRO,49011.750,51779.078,2767.328,
Contact STARLINK-5718 - MoonLRO,54762.925,58548.346,3785.420,
Contact STARLINK-5718 - MoonLRO,68259.818,70069.577,1809.759,
Contact STARLINK-5718 - MoonLRO,75093.328,75826.454,733.126,
Contact STARLINK-5718 - MarsSat1,0.000,2372.751,2372.751,
Contact STARLINK-5718 - MarsSat1,4374.661,13846.024,9471.363,
Contact STARLINK-5718 - MarsSat1,15849.297,31055.733,15206.436,
Contact STARLINK-5718 - MarsSat1,33061.184,42528.721,9467.536,
Contact STARLINK-5718 - MarsSat1,44535.693,59737.996,15202.303,
Contact STARLINK-5718 - MarsSat1,61747.341,71210.739,9463.398,
Contact STARLINK-5718 - MarsSat1,73221.738,82683.412,9461.675,
Contact STARLINK-5718 - MarsSat1,84696.131,86400.000,1703.869,
Contact STARLINK-5718 - MarsSat2,0.000,2372.754,2372.754,
Contact STARLINK-5718 - MarsSat2,4374.683,13846.022,9471.339,
Contact STARLINK-5718 - MarsSat2,15849.265,31055.737,15206.472,
Contact STARLINK-5718 - MarsSat2,33061.119,42528.751,9467.632,
Contact STARLINK-5718 - MarsSat2,44535.655,59738.080,15202.425,
Contact STARLINK-5718 - MarsSat2,61747.396,71210.840,9463.444,
Contact STARLINK-5718 - MarsSat2,73221.841,82683.498,9461.657,
Contact STARLINK-5718 - MarsSat2,84696.243,86400.000,1703.757,
Contact STARLINK-5718 - MarsSat3,0.000,2372.734,2372.734,
Contact STARLINK-5718 - MarsSat3,4374.692,13845.954,9471.262,
Contact STARLINK-5718 - MarsSat3,15849.247,31055.719,15206.472,
Contact STARLINK-5718 - MarsSat3,33061.130,42528.766,9467.636,
Contact STARLINK-5718 - MarsSat3,44535.691,59738.089,15202.398,
Contact STARLINK-5718 - MarsSat3,61747.427,71210.819,9463.392,
Contact STARLINK-5718 - MarsSat3,73221.844,82683.439,9461.595,
Contact STARLINK-5718 - MarsSat3,84696.205,86400.000,1703.795,
Contact STARLINK-5718 - MarsSat4,0.000,2372.814,2372.814,
Contact STARLINK-5718 - MarsSat4,4374.731,8109.419,3734.688,
Contact STARLINK-5718 - MarsSat4,15849.264,31055.728,15206.464,
Contact STARLINK-5718 - MarsSat4,33061.145,41360.107,8298.962,
Contact STARLINK-5718 - MarsSat4,44535.630,59738.045,15202.415,
Contact STARLINK-5718 - MarsSat4,61747.380,71210.811,9463.432,
Contact STARLINK-5718 - MarsSat4,75534.566,82683.424,7148.859,
Contact STARLINK-5718 - MarsSat4,84696.176,86400.000,1703.824,
Contact STARLINK-4621 - STARLINK-30312,0.000,677.349,677.349,
Contact STARLINK-4621 - STARLINK-30312,14055.834,15025.351,969.516,
Contact STARLINK-4621 - STARLINK-30312,28413.163,29361.174,948.010,
Contact STARLINK-4621 - STARLINK-30312,42758.472,43708.532,950.060,
Contact STARLINK-4621 - STARLINK-30312,57115.980,58043.973,927.993,
Contact STARLINK-4621 - STARLINK-30312,71461.503,72390.800,929.297,
Contact STARLINK-4621 - STARLINK-30312,85819.089,86400.000,580.911,
Contact STARLINK-4621 - STARLINK-5250,0.000,523.490,523.490,
Contact STARLINK-4621 - STARLINK-5250,13706.287,14793.624,1087.338,
Contact STARLINK-4621 - STARLINK-5250,28133.868,29019.974,886.106,
Contact STARLINK-4621 - STARLINK-5250,42558.652,43263.096,704.444,
Contact STARLINK-4621 - STARLINK-5057,32345.944,32746.841,400.897,
Contact STARLINK-4621 - STARLINK-5057,46589.691,47118.333,528.641,
Contact STARLINK-4621 - STARLINK-5057,60832.312,61491.033,658.722,
Contact STARLINK-4621 - STARLINK-5057,75106.931,75831.400,724.469,
Contact STARLINK-4621 - STARLINK-5576,6696.528,7263.218,566.690,
Contact STARLINK-4621 - STARLINK-5576,21045.789,21616.861,571.072,
Contact STARLINK-4621 - STARLINK-30611,0.000,3037.515,3037.515,
Contact STARLINK-4621 - STARLINK-30611,3846.101,14364.403,10518.302,
Contact STARLINK-4621 - STARLINK-30611,18211.580,28342.248,10130.668,
Contact STARLINK-4621 - STARLINK-30611,35697.404,36638.993,941.589,
Contact STARLINK-4621 - STARLINK-5215,10465.272,11007.085,541.813,
Contact STARLINK-4621 - STARLINK-4125,10087.611,10836.638,749.027,
Contact STARLINK-4621 - STARLINK-4125,21545.704,22293.609,747.904,
Contact STARLINK-4621 - STARLINK-4125,35872.491,36610.002,737.511,
Contact STARLINK-4621 - STARLINK-4125,50191.384,50935.585,744.201,
Contact STARLINK-4621 - STARLINK-4125,64518.914,65251.234,732.321,
Contact STARLINK-4621 - STARLINK-4125,78837.835,79576.787,738.952,
Contact STARLINK-4621 - STARLINK-1301,10473.612,11008.507,534.895,
Contact STARLINK-4621 - STARLINK-1301,24804.571,25352.521,547.949,
Contact STARLINK-4621 - STARLINK-1301,39120.901,39711.984,591.083,
Contact STARLINK-4621 - STARLINK-1301,53451.949,54056.030,604.081,
Contact STARLINK-4621 - STARLINK-1301,67768.722,68415.142,646.420,
Contact STARLINK-4621 - STARLINK-4651,3431.439,4072.460,641.021,
Contact STARLINK-4621 - STARLINK-4651,17757.984,18402.707,644.723,
Contact STARLINK-4621 - STARLINK-4651,32071.252,32745.761,674.509,
Contact STARLINK-4621 - STARLINK-4651,46399.136,47074.616,675.480,
Contact STARLINK-4621 - STARLINK-4651,60714.257,61415.705,701.448,
Contact STARLINK-4621 - STARLINK-4651,75043.261,75743.388,700.127,
Contact STARLINK-4621 - STARLINK-31617,82656.256,86400.000,3743.744,
Contact STARLINK-4621 - STARLINK-2751,3771.267,14227.664,10456.397,
Contact STARLINK-4621 - STARLINK-2751,18145.766,28542.054,10396.288,
Contact STARLINK-4621 - STARLINK-2751,32492.347,42853.142,10360.795,
Contact STARLINK-4621 - STARLINK-2751,49745.471,57148.354,7402.883,
Contact STARLINK-4621 - STARLINK-2751,64153.433,71438.914,7285.481,
Contact STARLINK-4621 - STARLINK-2751,78534.154,85715.614,7181.460,
Contact STARLINK-4621 - STARLINK-1015,6805.086,7508.313,703.226,
Contact STARLINK-4621 - STARLINK-1015,21143.116,21856.445,713.329,
Contact STARLINK-4621 - STARLINK-1015,35492.972,36191.931,698.959,
Contact STARLINK-4621 - STARLINK-1015,49831.129,50539.958,708.830,
Contact STARLINK-4621 - STARLINK-1015,64181.430,64875.016,693.586,
Contact STARLINK-4621 - STARLINK-1015,78519.756,79222.898,703.142,
Contact STARLINK-4621 - STARLINK-32235,51276.535,64124.198,12847.663,
Contact STARLINK-4621 - STARLINK-32235,64851.066,75379.270,10528.204,
Contact STARLINK-4621 - STARLINK-32235,76248.216,83550.616,7302.400,
Contact STARLINK-4621 - STARLINK-30316,6685.190,7845.549,1160.359,
Contact STARLINK-4621 - STARLINK-30316,21193.653,21721.754,528.100,
Contact STARLINK-4621 - STARLINK-2602,21372.185,21679.632,307.447,
Contact STARLINK-4621 - STARLINK-2602,46695.720,47192.405,496.685,
Contact STARLINK-4621 - STARLINK-2602,60759.175,61370.115,610.941,
Contact STARLINK-4621 - STARLINK-2602,86130.119,86400.000,269.881,
Contact STARLINK-4621 - STARLINK-32254,3274.239,3997.576,723.336,
Contact STARLINK-4621 - STARLINK-32254,17592.410,18322.619,730.209,
Contact STARLINK-4621 - STARLINK-32254,31898.073,32658.741,760.668,
Contact STARLINK-4621 - STARLINK-32254,46218.801,46981.161,762.360,
Contact STARLINK-4621 - STARLINK-32254,60527.349,61314.237,786.888,
Contact STARLINK-4621 - STARLINK-32254,71980.395,75634.422,3654.027,
Contact STARLINK-4621 - STARLINK-32254,86304.061,86400.000,95.939,
Contact STARLINK-4621 - STARLINK-30196,10671.894,11119.852,447.957,
Contact STARLINK-4621 - STARLINK-30196,24947.882,25520.787,572.905,
Contact STARLINK-4621 - STARLINK-30196,39209.494,39930.327,720.832,
Contact STARLINK-4621 - STARLINK-30196,53505.140,54312.704,807.564,
Contact STARLINK-4621 - STARLINK-30196,67783.555,68705.370,921.815,
Contact STARLINK-4621 - STARLINK-30196,82088.440,83079.710,991.270,
Contact STARLINK-4621 - STARLINK-30825,17935.132,18453.303,518.171,
Contact STARLINK-4621 - STARLINK-30825,32101.892,32756.400,654.507,
Contact STARLINK-4621 - STARLINK-30825,46302.559,47026.223,723.665,
Contact STARLINK-4621 - STARLINK-30825,60504.202,61293.706,789.504,
Contact STARLINK-4621 - STARLINK-30825,71880.756,72692.799,812.043,
Contact STARLINK-4621 - STARLINK-30825,86118.779,86400.000,281.221,
Contact STARLINK-4621 - STARLINK-3182,3257.555,3898.187,640.632,
Contact STARLINK-4621 - STARLINK-3182,17497.233,18153.068,655.835,
Contact STARLINK-4621 - STARLINK-3182,31727.029,32417.116,690.086,
Contact STARLINK-4621 - STARLINK-3182,43117.046,43822.363,705.317,
Contact STARLINK-4621 - STARLINK-3182,57360.968,58072.952,711.983,
Contact STARLINK-4621 - STARLINK-3182,71598.113,72329.257,731.144,
Contact STARLINK-4621 - STARLINK-3182,85845.214,86400.000,554.786,
Contact STARLINK-4621 - STARLINK-4413,3443.346,4164.821,721.475,
Contact STARLINK-4621 - STARLINK-4413,17824.520,18532.174,707.653,
Contact STARLINK-4621 - STARLINK-4413,32191.670,32912.723,721.053,
Contact STARLINK-4621 - STARLINK-4413,46572.826,47280.067,707.241,
Contact STARLINK-4621 - STARLINK-4413,60939.959,61660.630,720.671,
Contact STARLINK-4621 - STARLINK-4413,75321.091,76027.971,706.881,
Contact STARLINK-4621 - STARLINK-31407,10215.881,11010.747,794.866,
Contact STARLINK-4621 - STARLINK-31407,21515.003,25232.640,3717.637,
Contact STARLINK-4621 - STARLINK-31407,35690.310,36578.343,888.033,
Contact STARLINK-4621 - STARLINK-31407,49907.455,50718.684,811.230,
Contact STARLINK-4621 - STARLINK-30171,6941.599,7685.742,744.143,
Contact STARLINK-4621 - STARLINK-30171,21279.968,22030.099,750.131,
Contact STARLINK-4621 - STARLINK-30171,35628.452,36363.162,734.709,
Contact STARLINK-4621 - STARLINK-30171,49967.198,50707.187,739.988,
Contact STARLINK-4621 - STARLINK-30171,64316.538,65039.475,722.936,
Contact STARLINK-4621 - STARLINK-30171,78655.756,79383.077,727.321,
Contact STARLINK-4621 - STARLINK-5660,6725.883,7386.294,660.410,
Contact STARLINK-4621 - STARLINK-5660,21076.241,21742.001,665.760,
Contact STARLINK-4621 - STARLINK-5660,35441.460,36082.263,640.804,
Contact STARLINK-4621 - STARLINK-5660,49792.440,50437.478,645.038,
Contact STARLINK-4621 - STARLINK-4127,3132.986,3695.834,562.849,
Contact STARLINK-4621 - STARLINK-4127,17476.185,18023.020,546.835,
Contact STARLINK-4621 - STARLINK-4127,71953.600,72493.125,539.525,
Contact STARLINK-4621 - STARLINK-4127,86296.907,86400.000,103.093,
Contact STARLINK-4621 - STARLINK-31827,17160.987,18178.417,1017.431,
Contact STARLINK-4621 - STARLINK-31827,28293.487,35493.220,7199.734,
Contact STARLINK-4621 - STARLINK-31827,36731.738,49691.378,12959.640,
Contact STARLINK-4621 - STARLINK-31827,50969.134,58091.520,7122.386,
Contact STARLINK-4621 - STARLINK-31827,68329.813,69199.220,869.407,
Contact STARLINK-4621 - STARLINK-31800,24844.797,25422.886,578.089,
Contact STARLINK-4621 - STARLINK-31800,38890.843,39732.434,841.592,
Contact STARLINK-4621 - STARLINK-31800,50184.841,51121.589,936.748,
Contact STARLINK-4621 - STARLINK-31800,64366.200,65293.721,927.521,
Contact STARLINK-4621 - STARLINK-31800,78605.258,79408.950,803.691,
Contact STARLINK-4621 - STARLINK-4254,6642.369,7568.965,926.596,
Contact STARLINK-4621 - STARLINK-4254,21009.432,21863.709,854.278,
Contact STARLINK-4621 - STARLINK-4254,35413.783,36128.589,714.805,
Contact STARLINK-4621 - STARLINK-31987,3100.398,3941.605,841.208,
Contact STARLINK-4621 - STARLINK-31987,14350.165,18299.689,3949.525,
Contact STARLINK-4621 - STARLINK-31987,28505.045,35417.178,6912.133,
Contact STARLINK-4621 - STARLINK-31987,42729.685,43941.092,1211.407,
Contact STARLINK-4621 - STARLINK-31987,57046.546,58060.183,1013.637,
Contact STARLINK-4621 - STARLINK-31987,71440.244,72109.443,669.198,
Contact STARLINK-4621 - STARLINK-6311,0.000,2988.370,2988.370,
Contact STARLINK-4621 - STARLINK-6311,4292.154,17360.291,13068.137,
Contact STARLINK-4621 - STARLINK-6311,18632.947,31734.297,13101.350,
Contact STARLINK-4621 - STARLINK-6311,32952.479,46099.677,13147.199,
Contact STARLINK-4621 - STARLINK-6311,47299.707,54723.145,7423.437,
Contact STARLINK-4621 - STARLINK-6311,61625.319,69082.592,7457.273,
Contact STARLINK-4621 - STARLINK-6311,75979.994,86314.052,10334.059,
Contact STARLINK-4621 - STARLINK-31021,3444.750,3796.587,351.837,
Contact STARLINK-4621 - STARLINK-31021,17785.160,18163.542,378.382,
Contact STARLINK-4621 - STARLINK-31021,32101.107,32555.805,454.697,
Contact STARLINK-4621 - STARLINK-31021,46446.400,46917.591,471.191,
Contact STARLINK-4621 - STARLINK-31021,60770.513,61301.226,530.713,
Contact STARLINK-4621 - STARLINK-31021,75118.621,75659.928,541.307,
Contact STARLINK-4621 - STARLINK-2228,13720.604,21096.859,7376.256,
Contact STARLINK-4621 - STARLINK-2228,22042.801,29506.951,7464.150,
Contact STARLINK-4621 - STARLINK-2228,39359.059,40454.496,1095.437,
Contact STARLINK-4621 - STARLINK-1736,53285.475,54191.383,905.908,
Contact STARLINK-4621 - STARLINK-1736,64495.954,71454.903,6958.950,
Contact STARLINK-4621 - STARLINK-1736,78605.999,85709.702,7103.703,
Contact STARLINK-4621 - STARLINK-30425,78995.877,79809.492,813.615,
Contact STARLINK-4621 - STARLINK-3346,10373.690,11004.004,630.314,
Contact STARLINK-4621 - STARLINK-3346,24654.339,25326.284,671.945,
Contact STARLINK-4621 - STARLINK-3346,38925.624,39659.220,733.596,
Contact STARLINK-4621 - STARLINK-3346,50349.330,51118.381,769.052,
Contact STARLINK-4621 - STARLINK-3346,64637.341,65433.325,795.983,
Contact STARLINK-4621 - STARLINK-3346,78916.549,79758.353,841.803,
Contact STARLINK-4621 - STARLINK-30320,4307.558,11357.807,7050.249,
Contact STARLINK-4621 - STARLINK-30320,18312.472,28424.719,10112.247,
Contact STARLINK-4621 - STARLINK-30320,35441.385,36814.344,1372.959,
Contact STARLINK-4621 - STARLINK-30320,50084.520,50520.441,435.921,
Contact STARLINK-4621 - STARLINK-31639,6701.070,7876.418,1175.348,
Contact STARLINK-4621 - STARLINK-31639,21005.811,22029.101,1023.290,
Contact STARLINK-4621 - STARLINK-31639,35430.401,36069.600,639.199,
Contact STARLINK-4621 - STARLINK-31600,10293.219,11007.593,714.374,
Contact STARLINK-4621 - STARLINK-31600,35881.259,36511.748,630.489,
Contact STARLINK-4621 - STARLINK-31600,50100.169,50678.424,578.254,
Contact STARLINK-4621 - STARLINK-31600,64334.096,64829.508,495.413,
Contact STARLINK-4621 - STARLINK-4687,61107.011,61588.822,481.811,
Contact STARLINK-4621 - STARLINK-4687,75424.052,75931.873,507.821,
Contact STARLINK-4621 - STARLINK-31764,10486.955,11077.999,591.044,
Contact STARLINK-4621 - STARLINK-31764,24561.673,25363.946,802.273,
Contact STARLINK-4621 - STARLINK-31764,35859.846,39602.080,3742.234,
Contact STARLINK-4621 - STARLINK-31764,50026.461,50947.297,920.836,
Contact STARLINK-4621 - STARLINK-31764,64265.159,65068.641,803.482,
Contact STARLINK-4621 - STARLINK-4402,3537.747,7282.177,3744.430,
Contact STARLINK-4621 - STARLINK-4402,17901.485,21644.848,3743.363,
Contact STARLINK-4621 - STARLINK-4402,32252.704,33130.140,877.436,
Contact STARLINK-4621 - STARLINK-4402,46616.501,47480.671,864.170,
Contact STARLINK-4621 - STARLINK-4402,60967.714,61843.294,875.579,
Contact STARLINK-4621 - STARLINK-4402,75331.573,76193.753,862.180,
Contact STARLINK-4621 - STARLINK-31502,46549.115,46961.454,412.339,
Contact STARLINK-4621 - STARLINK-31502,71990.457,72574.262,583.805,
Contact STARLINK-4621 - STARLINK-31502,86143.577,86400.000,256.423,
Contact STARLINK-4621 - STARLINK-6255,6864.340,11065.028,4200.688,
Contact STARLINK-4621 - STARLINK-6255,21218.688,28304.400,7085.712,
Contact STARLINK-4621 - STARLINK-6255,35594.509,42668.324,7073.815,
Contact STARLINK-4621 - STARLINK-6255,49949.608,57036.275,7086.667,
Contact STARLINK-4621 - STARLINK-6255,64326.643,71400.317,7073.674,
Contact STARLINK-4621 - STARLINK-6255,78682.577,85767.533,7084.956,
Contact STARLINK-4621 - STARLINK-3898,0.000,2983.480,2983.480,
Contact STARLINK-4621 - STARLINK-3898,3815.502,17310.424,13494.922,
Contact STARLINK-4621 - STARLINK-3898,18158.205,28760.916,10602.711,
Contact STARLINK-4621 - STARLINK-3898,32481.168,43061.120,10579.953,
Contact STARLINK-4621 - STARLINK-3898,46875.512,57320.570,10445.057,
Contact STARLINK-4621 - STARLINK-3898,61248.323,71576.024,10327.701,
Contact STARLINK-4621 - STARLINK-3898,78549.343,85799.676,7250.333,
Contact STARLINK-4621 - STARLINK-30842,0.000,98.028,98.028,
Contact STARLINK-4621 - STARLINK-30842,13840.212,14448.827,608.615,
Contact STARLINK-4621 - STARLINK-30842,28197.384,28800.158,602.774,
Contact STARLINK-4621 - STARLINK-30842,68397.256,68982.796,585.539,
Contact STARLINK-4621 - STARLINK-30842,82754.794,83332.847,578.053,
Contact STARLINK-4621 - STARLINK-4631,61127.924,61628.821,500.897,
Contact STARLINK-4621 - STARLINK-4631,75448.652,75965.029,516.377,
Contact STARLINK-4621 - STARLINK-31539,0.000,3727.789,3727.789,
Contact STARLINK-4621 - STARLINK-31539,13911.354,15087.592,1176.238,
Contact STARLINK-4621 - STARLINK-31539,28178.805,29162.588,983.784,
Contact STARLINK-4621 - STARLINK-5807,0.000,260.713,260.713,
Contact STARLINK-4621 - STARLINK-5807,14017.197,14639.631,622.434,
Contact STARLINK-4621 - STARLINK-5807,28401.842,29013.107,611.265,
Contact STARLINK-4621 - STARLINK-5807,42781.185,43392.400,611.215,
Contact STARLINK-4621 - STARLINK-5807,57166.113,57765.565,599.452,
Contact STARLINK-4621 - STARLINK-5807,71545.037,72145.283,600.246,
Contact STARLINK-4621 - STARLINK-5807,85930.217,86400.000,469.783,
Contact STARLINK-4621 - STARLINK-30367,0.000,2952.834,2952.834,
Contact STARLINK-4621 - STARLINK-30367,4106.611,17321.351,13214.740,
Contact STARLINK-4621 - STARLINK-30367,18488.478,31703.009,13214.531,
Contact STARLINK-4621 - STARLINK-30367,32845.075,46070.298,13225.223,
Contact STARLINK-4621 - STARLINK-30367,47227.963,54702.528,7474.565,
Contact STARLINK-4621 - STARLINK-30367,61585.536,69068.791,7483.255,
Contact STARLINK-4621 - STARLINK-30367,75969.402,86317.218,10347.816,
Contact STARLINK-4621 - STARLINK-2388,0.000,385.228,385.228,
Contact STARLINK-4621 - STARLINK-2388,14083.124,14694.139,611.015,
Contact STARLINK-4621 - STARLINK-2388,28385.087,28998.677,613.590,
Contact STARLINK-4621 - STARLINK-2388,42682.149,43307.347,625.198,
Contact STARLINK-4621 - STARLINK-2388,56982.470,57613.543,631.073,
Contact STARLINK-4621 - STARLINK-2388,82718.436,83368.088,649.651,
Contact STARLINK-4621 - STARLINK-3167,17875.335,18454.643,579.308,
Contact STARLINK-4621 - STARLINK-3167,32128.182,32760.111,631.929,
Contact STARLINK-4621 - STARLINK-3167,46397.664,47049.270,651.606,
Contact STARLINK-4621 - STARLINK-3167,60656.233,61348.758,692.526,
Contact STARLINK-4621 - STARLINK-3167,74929.888,75633.687,703.799,
Contact STARLINK-4621 - STARLINK-3167,86345.369,86400.000,54.631,
Contact STARLINK-4621 - STARLINK-1700,68324.709,68743.828,419.119,
Contact STARLINK-4621 - STARLINK-1700,82651.850,83077.824,425.974,
Contact STARLINK-4621 - STARLINK-5049,6997.019,7364.236,367.218,
Contact STARLINK-4621 - STARLINK-5049,21340.185,21734.655,394.470,
Contact STARLINK-4621 - STARLINK-5049,35699.575,36088.484,388.909,
Contact STARLINK-4621 - STARLINK-5049,50043.677,50457.932,414.255,
Contact STARLINK-4621 - STARLINK-5049,64403.356,64811.419,408.063,
Contact STARLINK-4621 - STARLINK-31463,2855.906,3646.455,790.549,
Contact STARLINK-4621 - STARLINK-31463,14211.824,15027.238,815.413,
Contact STARLINK-4621 - STARLINK-31463,28429.577,29231.205,801.628,
Contact STARLINK-4621 - STARLINK-31463,42652.757,43427.947,775.190,
Contact STARLINK-4621 - STARLINK-31463,68310.422,68929.020,618.598,
Contact STARLINK-4621 - STARLINK-31463,82578.295,83081.995,503.700,
Contact STARLINK-4621 - MoonARTEMIS1,0.000,1590.584,1590.584,
Contact STARLINK-4621 - MoonARTEMIS1,3724.214,13066.153,9341.939,
Contact STARLINK-4621 - MoonARTEMIS1,15190.689,24540.460,9349.771,
Contact STARLINK-4621 - MoonARTEMIS1,26650.826,30277.139,3626.314,
Contact STARLINK-4621 - MoonARTEMIS1,33966.463,41758.429,7791.967,
Contact STARLINK-4621 - MoonARTEMIS1,43863.952,53238.403,9374.451,
Contact STARLINK-4621 - MoonARTEMIS1,55339.454,64717.223,9377.769,
Contact STARLINK-4621 - MoonARTEMIS1,66811.288,70456.287,3645.000,
Contact STARLINK-4621 - MoonARTEMIS1,72545.920,81933.818,9387.898,
Contact STARLINK-4621 - MoonARTEMIS1,84012.495,86400.000,2387.505,
Contact STARLINK-4621 - MoonARTEMIS2,0.000,1584.244,1584.244,
Contact STARLINK-4621 - MoonARTEMIS2,3695.730,13061.976,9366.246,
Contact STARLINK-4621 - MoonARTEMIS2,15166.820,24539.383,9372.564,
Contact STARLINK-4621 - MoonARTEMIS2,26638.830,41755.027,15116.197,
Contact STARLINK-4621 - MoonARTEMIS2,43852.609,47408.057,3555.448,
Contact STARLINK-4621 - MoonARTEMIS2,55317.381,64715.375,9397.993,
Contact STARLINK-4621 - MoonARTEMIS2,66778.135,70455.020,3676.886,
Contact STARLINK-4621 - MoonARTEMIS2,72508.589,81933.955,9425.367,
Contact STARLINK-4621 - MoonARTEMIS2,83969.431,86400.000,2430.569,
Contact STARLINK-4621 - MoonIOAGEO,0.000,1586.759,1586.759,
Contact STARLINK-4621 - MoonIOAGEO,3715.533,13062.686,9347.153,
Contact STARLINK-4621 - MoonIOAGEO,17249.961,24535.575,7285.615,
Contact STARLINK-4621 - MoonIOAGEO,26640.835,41757.345,15116.510,
Contact STARLINK-4621 - MoonIOAGEO,43859.756,53236.877,9377.122,
Contact STARLINK-4621 - MoonIOAGEO,66779.603,70447.239,3667.636,
Contact STARLINK-4621 - MoonIOAGEO,72511.596,81927.919,9416.323,
Contact STARLINK-4621 - MoonIOAGEO,83990.728,86400.000,2409.272,
Contact STARLINK-4621 - MoonIOAGNO,0.000,1590.622,1590.622,
Contact STARLINK-4621 - MoonIOAGNO,3713.641,13066.364,9352.723,
Contact STARLINK-4621 - MoonIOAGNO,15185.630,24559.931,9374.301,
Contact STARLINK-4621 - MoonIOAGNO,26670.422,30299.967,3629.545,
Contact STARLINK-4621 - MoonIOAGNO,32406.778,41768.232,9361.454,
Contact STARLINK-4621 - MoonIOAGNO,43865.939,53231.576,9365.637,
Contact STARLINK-4621 - MoonIOAGNO,55319.668,64731.133,9411.466,
Contact STARLINK-4621 - MoonIOAGNO,66805.811,70473.290,3667.480,
Contact STARLINK-4621 - MoonIOAGNO,72543.268,81945.408,9402.139,
Contact STARLINK-4621 - MoonIOAGNO,84005.739,86400.000,2394.261,
Contact STARLINK-4621 - MoonIOAGNO 0001,0.000,1603.323,1603.323,
Contact STARLINK-4621 - MoonIOAGNO 0001,3729.053,13081.390,9352.337,
Contact STARLINK-4621 - MoonIOAGNO 0001,15200.308,24543.159,9342.851,
Contact STARLINK-4621 - MoonIOAGNO 0001,26651.280,41773.434,15122.154,
Contact STARLINK-4621 - MoonIOAGNO 0001,43869.715,53255.699,9385.983,
Contact STARLINK-4621 - MoonIOAGNO 0001,55343.601,64721.794,9378.193,
Contact STARLINK-4621 - MoonIOAGNO 0001,66799.149,70448.275,3649.126,
Contact STARLINK-4621 - MoonIOAGNO 0001,72516.554,81942.961,9426.407,
Contact STARLINK-4621 - MoonIOAGNO 0001,83998.320,86400.000,2401.680,
Contact STARLINK-4621 - MoonIOAGSO,0.000,1578.367,1578.367,
Contact STARLINK-4621 - MoonIOAGSO,3708.523,7328.540,3620.017,
Contact STARLINK-4621 - MoonIOAGSO,15164.760,24514.888,9350.127,
Contact STARLINK-4621 - MoonIOAGSO,26622.784,35996.405,9373.621,
Contact STARLINK-4621 - MoonIOAGSO,38099.240,41743.664,3644.424,
Contact STARLINK-4621 - MoonIOAGSO,43844.224,52255.106,8410.882,
Contact STARLINK-4621 - MoonIOAGSO,55315.134,64688.895,9373.761,
Contact STARLINK-4621 - MoonIOAGSO,66761.687,70424.850,3663.163,
Contact STARLINK-4621 - MoonIOAGSO,72493.184,81910.262,9417.078,
Contact STARLINK-4621 - MoonIOAGSO,83969.831,86400.000,2430.169,
Contact STARLINK-4621 - MoonIOAGSO 0001,0.000,1560.335,1560.335,
Contact STARLINK-4621 - MoonIOAGSO 0001,3682.924,13039.994,9357.071,
Contact STARLINK-4621 - MoonIOAGSO 0001,15159.182,24536.661,9377.479,
Contact STARLINK-4621 - MoonIOAGSO 0001,26652.212,30282.818,3630.607,
Contact STARLINK-4621 - MoonIOAGSO 0001,33316.983,41734.733,8417.750,
Contact STARLINK-4621 - MoonIOAGSO 0001,43827.980,53209.320,9381.340,
Contact STARLINK-4621 - MoonIOAGSO 0001,55295.728,64701.726,9405.998,
Contact STARLINK-4621 - MoonIOAGSO 0001,66781.856,70454.634,3672.779,
Contact STARLINK-4621 - MoonIOAGSO 0001,78244.976,81911.432,3666.456,
Contact STARLINK-4621 - MoonIOAGSO 0001,83965.326,86400.000,2434.674,
Contact STARLINK-4621 - MoonLRO,6857.235,7317.458,460.223,
Contact STARLINK-4621 - MoonLRO,20909.584,24484.958,3575.374,
Contact STARLINK-4621 - MoonLRO,27293.595,30281.351,2987.757,
Contact STARLINK-4621 - MoonLRO,34138.618,36015.708,1877.090,
Contact STARLINK-4621 - MoonLRO,49584.857,51808.632,2223.774,
Contact STARLINK-4621 - MoonLRO,55316.160,58660.791,3344.631,
Contact STARLINK-4621 - MoonLRO,68262.888,70450.928,2188.040,
Contact STARLINK-4621 - MoonLRO,75118.239,76185.374,1067.136,
Contact STARLINK-4621 - MarsSat1,0.000,86400.000,86400.000,
Contact STARLINK-4621 - MarsSat2,0.000,86400.000,86400.000,
Contact STARLINK-4621 - MarsSat3,0.000,86400.000,86400.000,
Contact STARLINK-4621 - MarsSat4,0.000,9031.029,9031.029,
Contact STARLINK-4621 - MarsSat4,10824.359,86400.000,75575.641,
Contact STARLINK-2618 - STARLINK-5905,6513.711,7350.792,837.081,
Contact STARLINK-2618 - STARLINK-5905,17977.994,21694.499,3716.505,
Contact STARLINK-2618 - STARLINK-5905,32307.282,36035.631,3728.349,
Contact STARLINK-2618 - STARLINK-5905,46639.293,47509.328,870.035,
Contact STARLINK-2618 - STARLINK-5905,60968.953,61852.508,883.555,
Contact STARLINK-2618 - STARLINK-5905,75301.417,76192.987,891.570,
Contact STARLINK-2618 - STARLINK-5576,2885.459,3887.016,1001.557,
Contact STARLINK-2618 - STARLINK-5576,14332.446,18238.562,3906.116,
Contact STARLINK-2618 - STARLINK-5576,28665.439,32627.811,3962.372,
Contact STARLINK-2618 - STARLINK-5576,42952.850,46979.227,4026.377,
Contact STARLINK-2618 - STARLINK-5576,57286.136,61365.000,4078.864,
Contact STARLINK-2618 - STARLINK-5576,71576.350,78606.077,7029.727,
Contact STARLINK-2618 - STARLINK-5576,85909.773,86400.000,490.227,
Contact STARLINK-2618 - STARLINK-30214,82692.225,86400.000,3707.775,
Contact STARLINK-2618 - STARLINK-30611,67782.937,86400.000,18617.063,
Contact STARLINK-2618 - STARLINK-30190,3506.964,7382.828,3875.864,
Contact STARLINK-2618 - STARLINK-30190,17949.026,21770.921,3821.895,
Contact STARLINK-2618 - STARLINK-30190,35293.025,36148.496,855.471,
Contact STARLINK-2618 - STARLINK-30190,49759.660,50513.919,754.260,
Contact STARLINK-2618 - STARLINK-30190,64241.043,64864.824,623.781,
Contact STARLINK-2618 - STARLINK-32081,50347.358,50994.216,646.858,
Contact STARLINK-2618 - STARLINK-32081,64463.580,65288.942,825.363,
Contact STARLINK-2618 - STARLINK-32081,78628.795,79534.578,905.783,
Contact STARLINK-2618 - STARLINK-4651,14385.644,14948.626,562.982,
Contact STARLINK-2618 - STARLINK-4651,28738.204,29232.398,494.193,
Contact STARLINK-2618 - STARLINK-4651,43083.962,43523.297,439.336,
Contact STARLINK-2618 - STARLINK-4651,57449.933,57793.670,343.736,
Contact STARLINK-2618 - STARLINK-4651,71812.099,72068.167,256.068,
Contact STARLINK-2618 - STARLINK-5765,0.000,86400.000,86400.000,
Contact STARLINK-2618 - STARLINK-11266 [DTC],10445.183,11132.615,687.432,
Contact STARLINK-2618 - STARLINK-11266 [DTC],21587.810,25402.734,3814.924,
Contact STARLINK-2618 - STARLINK-11266 [DTC],35667.348,36688.544,1021.196,
Contact STARLINK-2618 - STARLINK-11266 [DTC],49930.191,50637.987,707.796,
Contact STARLINK-2618 - STARLINK-30355,0.000,2886.479,2886.479,
Contact STARLINK-2618 - STARLINK-30355,3762.305,14317.000,10554.695,
Contact STARLINK-2618 - STARLINK-30355,18108.274,28586.830,10478.555,
Contact STARLINK-2618 - STARLINK-30355,32476.126,42878.025,10401.899,
Contact STARLINK-2618 - STARLINK-30355,49714.406,57137.992,7423.586,
Contact STARLINK-2618 - STARLINK-30355,64074.884,71420.523,7345.640,
Contact STARLINK-2618 - STARLINK-30355,72709.078,85670.953,12961.875,
Contact STARLINK-2618 - STARLINK-30316,33007.995,86400.000,53392.005,
Contact STARLINK-2618 - STARLINK-2602,17733.862,18524.217,790.355,
Contact STARLINK-2618 - STARLINK-2602,31789.740,32685.693,895.953,
Contact STARLINK-2618 - STARLINK-2602,43108.366,43940.220,831.854,
Contact STARLINK-2618 - STARLINK-2602,57366.009,57900.585,534.576,
Contact STARLINK-2618 - STARLINK-30825,3152.935,3806.529,653.593,
Contact STARLINK-2618 - STARLINK-31627,0.000,2340.314,2340.314,
Contact STARLINK-2618 - STARLINK-3182,0.000,418.100,418.100,
Contact STARLINK-2618 - STARLINK-3182,14201.914,14504.172,302.257,
Contact STARLINK-2618 - STARLINK-4413,0.000,443.502,443.502,
Contact STARLINK-2618 - STARLINK-4413,13984.144,14814.776,830.632,
Contact STARLINK-2618 - STARLINK-4413,28365.625,29175.342,809.717,
Contact STARLINK-2618 - STARLINK-4413,42735.655,43546.542,810.887,
Contact STARLINK-2618 - STARLINK-4413,57116.845,57907.298,790.453,
Contact STARLINK-2618 - STARLINK-4413,71486.791,72278.467,791.677,
Contact STARLINK-2618 - STARLINK-4413,85867.629,86400.000,532.371,
Contact STARLINK-2618 - STARLINK-31407,71800.523,86400.000,14599.477,
Contact STARLINK-2618 - STARLINK-32094,32834.982,79832.724,46997.742,
Contact STARLINK-2618 - STARLINK-4127,0.000,130.187,130.187,
Contact STARLINK-2618 - STARLINK-4127,13897.630,14421.658,524.028,
Contact STARLINK-2618 - STARLINK-30767,7066.287,10915.902,3849.615,
Contact STARLINK-2618 - STARLINK-30767,21384.697,25258.678,3873.981,
Contact STARLINK-2618 - STARLINK-30767,35695.318,36728.075,1032.757,
Contact STARLINK-2618 - STARLINK-30767,50016.060,51059.080,1043.020,
Contact STARLINK-2618 - STARLINK-30767,64329.284,65398.119,1068.835,
Contact STARLINK-2618 - STARLINK-30767,78652.285,79726.854,1074.568,
Contact STARLINK-2618 - STARLINK-4254,85912.223,86400.000,487.777,
Contact STARLINK-2618 - STARLINK-3533,10488.768,11026.256,537.487,
Contact STARLINK-2618 - STARLINK-3533,24755.609,25389.017,633.407,
Contact STARLINK-2618 - STARLINK-3533,39042.322,39731.545,689.223,
Contact STARLINK-2618 - STARLINK-3533,53320.815,54082.587,761.771,
Contact STARLINK-2618 - STARLINK-3533,64751.311,68417.843,3666.532,
Contact STARLINK-2618 - STARLINK-3533,79047.678,79888.477,840.798,
Contact STARLINK-2618 - STARLINK-2228,68078.304,68724.795,646.491,
Contact STARLINK-2618 - STARLINK-2228,76310.214,83127.853,6817.639,
Contact STARLINK-2618 - STARLINK-6372,0.000,86400.000,86400.000,
Contact STARLINK-2618 - STARLINK-4772,3475.947,7243.103,3767.156,
Contact STARLINK-2618 - STARLINK-4772,17758.240,18663.784,905.543,
Contact STARLINK-2618 - STARLINK-4772,32045.970,32934.639,888.669,
Contact STARLINK-2618 - STARLINK-4772,46342.207,47196.530,854.323,
Contact STARLINK-2618 - STARLINK-4772,60643.332,61454.072,810.740,
Contact STARLINK-2618 - STARLINK-4772,74954.492,75701.067,746.576,
Contact STARLINK-2618 - STARLINK-30320,64938.540,86400.000,21461.460,
Contact STARLINK-2618 - STARLINK-31919,35860.208,36185.875,325.667,
Contact STARLINK-2618 - STARLINK-31919,49825.265,50552.558,727.293,
Contact STARLINK-2618 - STARLINK-31919,61080.869,64806.057,3725.188,
Contact STARLINK-2618 - STARLINK-31919,75211.895,76158.424,946.529,
Contact STARLINK-2618 - STARLINK-31639,47484.661,86400.000,38915.339,
Contact STARLINK-2618 - STARLINK-31600,60853.761,61326.545,472.785,
Contact STARLINK-2618 - STARLINK-31600,71978.465,75753.860,3775.395,
Contact STARLINK-2618 - STARLINK-31600,86036.931,86400.000,363.069,
Contact STARLINK-2618 - STARLINK-4687,3207.714,3924.697,716.984,
Contact STARLINK-2618 - STARLINK-4687,17546.050,18225.255,679.205,
Contact STARLINK-2618 - STARLINK-4687,31882.402,32528.290,645.888,
Contact STARLINK-2618 - STARLINK-4687,46224.656,46824.930,600.274,
Contact STARLINK-2618 - STARLINK-4687,86390.625,86400.000,9.375,
Contact STARLINK-2618 - STARLINK-30613,21552.977,22067.840,514.863,
Contact STARLINK-2618 - STARLINK-30613,35896.361,36417.567,521.207,
Contact STARLINK-2618 - STARLINK-30613,50247.097,50759.815,512.719,
Contact STARLINK-2618 - STARLINK-30613,64590.492,65109.519,519.027,
Contact STARLINK-2618 - STARLINK-30613,78941.214,79451.794,510.580,
Contact STARLINK-2618 - STARLINK-31764,86159.210,86400.000,240.790,
Contact STARLINK-2618 - STARLINK-4402,2937.258,3648.087,710.830,
Contact STARLINK-2618 - STARLINK-4402,28779.183,29476.829,697.646,
Contact STARLINK-2618 - STARLINK-4402,43131.838,43830.184,698.346,
Contact STARLINK-2618 - STARLINK-4402,57489.775,58178.135,688.360,
Contact STARLINK-2618 - STARLINK-4402,71842.582,72531.328,688.745,
Contact STARLINK-2618 - STARLINK-4402,86200.659,86400.000,199.341,
Contact STARLINK-2618 - STARLINK-31502,3180.578,4150.495,969.917,
Contact STARLINK-2618 - STARLINK-31502,17320.923,18346.249,1025.326,
Contact STARLINK-2618 - STARLINK-31502,28687.864,32469.851,3781.987,
Contact STARLINK-2618 - STARLINK-31502,42971.797,43702.430,730.633,
Contact STARLINK-2618 - STARLINK-5618,0.000,6529.288,6529.288,
Contact STARLINK-2618 - STARLINK-5618,7922.194,20978.558,13056.364,
Contact STARLINK-2618 - STARLINK-5618,22143.887,35409.135,13265.249,
Contact STARLINK-2618 - STARLINK-5618,36312.395,49854.892,13542.498,
Contact STARLINK-2618 - STARLINK-5618,50532.422,86400.000,35867.578,
Contact STARLINK-2618 - STARLINK-4631,3134.643,3985.548,850.905,
Contact STARLINK-2618 - STARLINK-4631,17466.097,18290.405,824.308,
Contact STARLINK-2618 - STARLINK-4631,31794.395,32598.790,804.395,
Contact STARLINK-2618 - STARLINK-4631,46128.966,46900.529,771.563,
Contact STARLINK-2618 - STARLINK-4631,57595.786,61206.285,3610.499,
Contact STARLINK-2618 - STARLINK-4631,71927.861,72647.541,719.680,
Contact STARLINK-2618 - STARLINK-4631,86267.465,86400.000,132.535,
Contact STARLINK-2618 - STARLINK-31722,6739.059,7778.485,1039.426,
Contact STARLINK-2618 - STARLINK-31722,21090.871,21760.511,669.640,
Contact STARLINK-2618 - STARLINK-1581,0.000,2762.889,2762.889,
Contact STARLINK-2618 - STARLINK-4290,0.000,74427.581,74427.581,
Contact STARLINK-2618 - STARLINK-5151,64739.921,65253.134,513.213,
Contact STARLINK-2618 - STARLINK-5151,78900.772,79577.191,676.419,
Contact STARLINK-2618 - STARLINK-6142,0.000,86400.000,86400.000,
Contact STARLINK-2618 - STARLINK-3167,2908.320,3739.627,831.307,
Contact STARLINK-2618 - STARLINK-3167,14355.115,15123.481,768.366,
Contact STARLINK-2618 - STARLINK-3167,28680.114,29336.706,656.592,
Contact STARLINK-2618 - STARLINK-3167,43013.140,43542.312,529.172,
Contact STARLINK-2618 - STARLINK-3167,57394.690,57699.181,304.491,
Contact STARLINK-2618 - STARLINK-5049,3285.739,4199.728,913.989,
Contact STARLINK-2618 - STARLINK-5049,17635.470,18541.778,906.308,
Contact STARLINK-2618 - STARLINK-5049,31975.972,32892.608,916.637,
Contact STARLINK-2618 - STARLINK-5049,46325.721,47234.634,908.913,
Contact STARLINK-2618 - STARLINK-5049,60666.185,61585.510,919.324,
Contact STARLINK-2618 - STARLINK-5049,75015.952,75927.512,911.560,
Contact STARLINK-2618 - MoonARTEMIS1,1583.403,5611.830,4028.427,
Contact STARLINK-2618 - MoonARTEMIS1,7358.159,17084.043,9725.885,
Contact STARLINK-2618 - MoonARTEMIS1,18907.424,28560.147,9652.723,
Contact STARLINK-2618 - MoonARTEMIS1,36195.045,45770.463,9575.418,
Contact STARLINK-2618 - MoonARTEMIS1,47688.983,57246.575,9557.592,
Contact STARLINK-2618 - MoonARTEMIS1,59191.916,62985.291,3793.375,
Contact STARLINK-2618 - MoonARTEMIS1,64945.033,74464.025,9518.992,
Contact STARLINK-2618 - MoonARTEMIS1,76453.198,85944.573,9491.375,
Contact STARLINK-2618 - MoonARTEMIS2,1713.711,5625.409,3911.698,
Contact STARLINK-2618 - MoonARTEMIS2,7472.069,17097.210,9625.141,
Contact STARLINK-2618 - MoonARTEMIS2,18981.982,28568.667,9586.686,
Contact STARLINK-2618 - MoonARTEMIS2,30482.488,34303.865,3821.377,
Contact STARLINK-2618 - MoonARTEMIS2,36228.294,45772.793,9544.499,
Contact STARLINK-2618 - MoonARTEMIS2,53485.458,57260.960,3775.502,
Contact STARLINK-2618 - MoonARTEMIS2,59249.900,63003.919,3754.020,
Contact STARLINK-2618 - MoonARTEMIS2,65010.798,74488.629,9477.830,
Contact STARLINK-2618 - MoonARTEMIS2,76525.358,85972.409,9447.050,
Contact STARLINK-2618 - MoonIOAGEO,1623.071,5613.521,3990.450,
Contact STARLINK-2618 - MoonIOAGEO,7388.842,11349.249,3960.407,
Contact STARLINK-2618 - MoonIOAGEO,18938.093,28558.929,9620.835,
Contact STARLINK-2618 - MoonIOAGEO,30461.225,34296.693,3835.468,
Contact STARLINK-2618 - MoonIOAGEO,36208.858,45774.269,9565.410,
Contact STARLINK-2618 - MoonIOAGEO,47706.741,57248.454,9541.713,
Contact STARLINK-2618 - MoonIOAGEO,64993.117,74473.364,9480.247,
Contact STARLINK-2618 - MoonIOAGEO,76497.778,85952.204,9454.426,
Contact STARLINK-2618 - MoonIOAGNO,1627.060,5606.315,3979.255,
Contact STARLINK-2618 - MoonIOAGNO,7398.892,17106.340,9707.448,
Contact STARLINK-2618 - MoonIOAGNO,18954.008,28589.379,9635.370,
Contact STARLINK-2618 - MoonIOAGNO,30462.764,34322.718,3859.954,
Contact STARLINK-2618 - MoonIOAGNO,36211.822,45777.034,9565.212,
Contact STARLINK-2618 - MoonIOAGNO,47709.137,57265.973,9556.836,
Contact STARLINK-2618 - MoonIOAGNO,59251.308,63015.252,3763.944,
Contact STARLINK-2618 - MoonIOAGNO,65007.362,74495.965,9488.604,
Contact STARLINK-2618 - MoonIOAGNO,76504.032,85960.940,9456.907,
Contact STARLINK-2618 - MoonIOAGNO 0001,1664.021,5645.947,3981.926,
Contact STARLINK-2618 - MoonIOAGNO 0001,7420.088,17106.035,9685.947,
Contact STARLINK-2618 - MoonIOAGNO 0001,18924.293,28551.959,9627.666,
Contact STARLINK-2618 - MoonIOAGNO 0001,30449.588,34306.842,3857.254,
Contact STARLINK-2618 - MoonIOAGNO 0001,36227.167,45801.871,9574.704,
Contact STARLINK-2618 - MoonIOAGNO 0001,47740.408,57273.890,9533.482,
Contact STARLINK-2618 - MoonIOAGNO 0001,59235.482,63003.933,3768.451,
Contact STARLINK-2618 - MoonIOAGNO 0001,64980.265,74471.919,9491.654,
Contact STARLINK-2618 - MoonIOAGNO 0001,76502.319,85976.076,9473.757,
Contact STARLINK-2618 - MoonIOAGSO,1641.899,5617.728,3975.829,
Contact STARLINK-2618 - MoonIOAGSO,13165.133,17062.535,3897.402,
Contact STARLINK-2618 - MoonIOAGSO,18922.861,28529.704,9606.843,
Contact STARLINK-2618 - MoonIOAGSO,30440.756,34272.073,3831.316,
Contact STARLINK-2618 - MoonIOAGSO,36200.747,45771.419,9570.672,
Contact STARLINK-2618 - MoonIOAGSO,47722.561,51520.155,3797.594,
Contact STARLINK-2618 - MoonIOAGSO,59222.403,62971.870,3749.467,
Contact STARLINK-2618 - MoonIOAGSO,64973.823,74449.963,9476.141,
Contact STARLINK-2618 - MoonIOAGSO,76481.970,85945.028,9463.057,
Contact STARLINK-2618 - MoonIOAGSO 0001,1637.014,5577.151,3940.137,
Contact STARLINK-2618 - MoonIOAGSO 0001,7400.113,17062.966,9662.853,
Contact STARLINK-2618 - MoonIOAGSO 0001,18926.788,28567.351,9640.563,
Contact STARLINK-2618 - MoonIOAGSO 0001,36200.793,45748.279,9547.486,
Contact STARLINK-2618 - MoonIOAGSO 0001,47710.166,57231.872,9521.706,
Contact STARLINK-2618 - MoonIOAGSO 0001,59224.576,62980.355,3755.779,
Contact STARLINK-2618 - MoonIOAGSO 0001,64983.356,73947.866,8964.510,
Contact STARLINK-2618 - MoonIOAGSO 0001,76679.901,85933.534,9253.633,
Contact STARLINK-2618 - MoonLRO,1642.814,3959.388,2316.574,
Contact STARLINK-2618 - MoonLRO,7402.182,17091.411,9689.229,
Contact STARLINK-2618 - MoonLRO,20474.183,22823.822,2349.639,
Contact STARLINK-2618 - MoonLRO,41961.404,44981.129,3019.725,
Contact STARLINK-2618 - MoonLRO,47776.913,51519.909,3742.996,
Contact STARLINK-2618 - MoonLRO,68303.516,72289.957,3986.441,
Contact STARLINK-2618 - MoonLRO,82239.216,85958.949,3719.733,
Contact STARLINK-2618 - MarsSat1,0.000,5803.550,5803.550,
Contact STARLINK-2618 - MarsSat1,7877.758,17289.428,9411.671,
Contact STARLINK-2618 - MarsSat1,19360.478,28775.369,9414.892,
Contact STARLINK-2618 - MarsSat1,30843.155,34518.364,3675.209,
Contact STARLINK-2618 - MarsSat1,36584.481,46004.408,9419.927,
Contact STARLINK-2618 - MarsSat1,48067.120,57490.539,9423.418,
Contact STARLINK-2618 - MarsSat1,59549.749,63233.641,3683.892,
Contact STARLINK-2618 - MarsSat1,65291.060,74719.924,9428.864,
Contact STARLINK-2618 - MarsSat1,76773.671,86206.313,9432.642,
Contact STARLINK-2618 - MarsSat2,0.000,5803.541,5803.541,
Contact STARLINK-2618 - MarsSat2,7877.753,17289.449,9411.696,
Contact STARLINK-2618 - MarsSat2,19360.525,28775.414,9414.888,
Contact STARLINK-2618 - MarsSat2,30843.240,34518.420,3675.180,
Contact STARLINK-2618 - MarsSat2,36584.580,46004.486,9419.906,
Contact STARLINK-2618 - MarsSat2,48067.230,57490.629,9423.399,
Contact STARLINK-2618 - MarsSat2,59549.845,63233.732,3683.886,
Contact STARLINK-2618 - MarsSat2,65291.141,74720.000,9428.859,
Contact STARLINK-2618 - MarsSat2,76773.709,86206.356,9432.647,
Contact STARLINK-2618 - MarsSat3,0.000,5803.482,5803.482,
Contact STARLINK-2618 - MarsSat3,7877.669,17289.365,9411.695,
Contact STARLINK-2618 - MarsSat3,19360.437,28775.375,9414.938,
Contact STARLINK-2618 - MarsSat3,30843.202,34518.404,3675.201,
Contact STARLINK-2618 - MarsSat3,36584.559,46004.489,9419.930,
Contact STARLINK-2618 - MarsSat3,48067.218,57490.625,9423.407,
Contact STARLINK-2618 - MarsSat3,59549.820,63233.716,3683.896,
Contact STARLINK-2618 - MarsSat3,65291.104,74719.955,9428.851,
Contact STARLINK-2618 - MarsSat3,76773.649,86206.283,9432.634,
Contact STARLINK-2618 - MarsSat4,0.000,5803.567,5803.567,
Contact STARLINK-2618 - MarsSat4,13619.071,17289.380,3670.309,
Contact STARLINK-2618 - MarsSat4,19360.448,28775.380,9414.933,
Contact STARLINK-2618 - MarsSat4,30843.194,34518.389,3675.195,
Contact STARLINK-2618 - MarsSat4,36584.526,46004.386,9419.861,
Contact STARLINK-2618 - MarsSat4,48067.124,57490.581,9423.457,
Contact STARLINK-2618 - MarsSat4,59549.808,63233.709,3683.901,
Contact STARLINK-2618 - MarsSat4,65291.122,73689.455,8398.333,
Contact STARLINK-2618 - MarsSat4,76773.649,86206.318,9432.669,
Contact STARLINK-5905 - STARLINK-5576,4059.613,11154.732,7095.119,
Contact STARLINK-5905 - STARLINK-5576,21249.559,28351.808,7102.250,
Contact STARLINK-5905 - STARLINK-5576,35581.780,42675.516,7093.736,
Contact STARLINK-5905 - STARLINK-5576,49899.616,57013.422,7113.805,
Contact STARLINK-5905 - STARLINK-5576,64231.864,71337.046,7105.182,
Contact STARLINK-5905 - STARLINK-5576,78549.858,85674.810,7124.951,
Contact STARLINK-5905 - STARLINK-30611,75318.906,76170.819,851.913,
Contact STARLINK-5905 - STARLINK-30190,0.000,86400.000,86400.000,
Contact STARLINK-5905 - STARLINK-4125,0.000,643.880,643.880,
Contact STARLINK-5905 - STARLINK-4125,7924.754,15026.945,7102.191,
Contact STARLINK-5905 - STARLINK-4125,22119.565,29425.836,7306.270,
Contact STARLINK-5905 - STARLINK-4125,36353.307,46687.890,10334.582,
Contact STARLINK-5905 - STARLINK-4125,50554.591,61065.984,10511.393,
Contact STARLINK-5905 - STARLINK-4125,61928.929,75459.609,13530.680,
Contact STARLINK-5905 - STARLINK-4125,76162.603,86400.000,10237.397,
Contact STARLINK-5905 - STARLINK-32081,65609.443,86400.000,20790.557,
Contact STARLINK-5905 - STARLINK-1015,0.000,3317.119,3317.119,
Contact STARLINK-5905 - STARLINK-1015,4248.056,17644.620,13396.565,
Contact STARLINK-5905 - STARLINK-1015,18586.008,31956.304,13370.297,
Contact STARLINK-5905 - STARLINK-1015,32896.898,46283.533,13386.635,
Contact STARLINK-5905 - STARLINK-1015,47235.400,60594.592,13359.192,
Contact STARLINK-5905 - STARLINK-1015,61546.616,74921.559,13374.943,
Contact STARLINK-5905 - STARLINK-1015,75885.670,86376.522,10490.852,
Contact STARLINK-5905 - STARLINK-5765,6487.051,7289.997,802.947,
Contact STARLINK-5905 - STARLINK-5765,17947.176,21604.104,3656.928,
Contact STARLINK-5905 - STARLINK-5765,32270.600,33053.787,783.188,
Contact STARLINK-5905 - STARLINK-5765,46597.971,47363.828,765.857,
Contact STARLINK-5905 - STARLINK-5765,60921.718,61677.462,755.743,
Contact STARLINK-5905 - STARLINK-5765,75249.502,75987.056,737.554,
Contact STARLINK-5905 - STARLINK-11266 [DTC],28498.410,35424.428,6926.018,
Contact STARLINK-5905 - STARLINK-11266 [DTC],42442.719,43915.478,1472.758,
Contact STARLINK-5905 - STARLINK-11266 [DTC],50952.945,57831.773,6878.828,
Contact STARLINK-5905 - STARLINK-30355,2943.185,4186.813,1243.628,
Contact STARLINK-5905 - STARLINK-30355,11525.979,18496.397,6970.417,
Contact STARLINK-5905 - STARLINK-30355,25841.888,32797.370,6955.481,
Contact STARLINK-5905 - STARLINK-30355,43017.542,47105.014,4087.472,
Contact STARLINK-5905 - STARLINK-30355,57327.680,61403.989,4076.309,
Contact STARLINK-5905 - STARLINK-30355,71646.739,78566.064,6919.325,
Contact STARLINK-5905 - STARLINK-30355,85958.776,86400.000,441.224,
Contact STARLINK-5905 - STARLINK-30316,21272.352,22060.327,787.975,
Contact STARLINK-5905 - STARLINK-30316,35377.517,36293.672,916.154,
Contact STARLINK-5905 - STARLINK-30316,46697.128,50477.398,3780.270,
Contact STARLINK-5905 - STARLINK-30316,60890.368,61788.347,897.979,
Contact STARLINK-5905 - STARLINK-30316,75137.539,75879.775,742.236,
Contact STARLINK-5905 - STARLINK-2602,0.000,27160.045,27160.045,
Contact STARLINK-5905 - STARLINK-4617,10798.161,11169.013,370.852,
Contact STARLINK-5905 - STARLINK-4617,25147.373,25531.090,383.717,
Contact STARLINK-5905 - STARLINK-4617,39477.992,39911.051,433.059,
Contact STARLINK-5905 - STARLINK-4617,53829.458,54270.765,441.307,
Contact STARLINK-5905 - STARLINK-4617,68164.065,68646.595,482.530,
Contact STARLINK-5905 - STARLINK-4617,82517.101,83004.635,487.534,
Contact STARLINK-5905 - STARLINK-31407,39039.676,39832.557,792.882,
Contact STARLINK-5905 - STARLINK-31407,50218.476,54146.944,3928.468,
Contact STARLINK-5905 - STARLINK-31407,64308.893,65513.006,1204.113,
Contact STARLINK-5905 - STARLINK-31407,78500.571,79624.530,1123.959,
Contact STARLINK-5905 - STARLINK-30171,0.000,3175.153,3175.153,
Contact STARLINK-5905 - STARLINK-30171,4255.928,17507.269,13251.341,
Contact STARLINK-5905 - STARLINK-30171,18576.145,31823.064,13246.919,
Contact STARLINK-5905 - STARLINK-30171,32881.000,46154.438,13273.438,
Contact STARLINK-5905 - STARLINK-30171,47201.880,60469.492,13267.612,
Contact STARLINK-5905 - STARLINK-30171,61507.492,71927.638,10420.146,
Contact STARLINK-5905 - STARLINK-30171,75829.066,86257.945,10428.879,
Contact STARLINK-5905 - STARLINK-5660,4072.414,11183.732,7111.318,
Contact STARLINK-5905 - STARLINK-5660,21266.027,28379.992,7113.965,
Contact STARLINK-5905 - STARLINK-5660,35599.497,42704.712,7105.215,
Contact STARLINK-5905 - STARLINK-5660,49922.301,57040.140,7117.839,
Contact STARLINK-5905 - STARLINK-5660,64255.898,71364.692,7108.794,
Contact STARLINK-5905 - STARLINK-5660,78578.891,85699.933,7121.043,
Contact STARLINK-5905 - STARLINK-32094,21131.073,21785.111,654.037,
Contact STARLINK-5905 - STARLINK-32094,32327.414,36090.916,3763.502,
Contact STARLINK-5905 - STARLINK-32094,46410.220,47463.712,1053.492,
Contact STARLINK-5905 - STARLINK-32094,60577.239,61604.295,1027.057,
Contact STARLINK-5905 - STARLINK-32094,71970.427,75664.483,3694.056,
Contact STARLINK-5905 - STARLINK-32094,86314.178,86400.000,85.822,
Contact STARLINK-5905 - STARLINK-30767,0.000,4123.481,4123.481,
Contact STARLINK-5905 - STARLINK-30767,11246.670,18488.091,7241.421,
Contact STARLINK-5905 - STARLINK-30767,25541.670,35706.123,10164.453,
Contact STARLINK-5905 - STARLINK-30767,39807.830,50039.858,10232.028,
Contact STARLINK-5905 - STARLINK-30767,56945.874,64400.627,7454.753,
Contact STARLINK-5905 - STARLINK-30767,65528.843,78733.914,13205.071,
Contact STARLINK-5905 - STARLINK-30767,79797.746,86400.000,6602.254,
Contact STARLINK-5905 - STARLINK-31800,78855.636,79863.261,1007.625,
Contact STARLINK-5905 - STARLINK-4254,7006.483,7895.392,888.909,
Contact STARLINK-5905 - STARLINK-4254,21302.698,22213.521,910.824,
Contact STARLINK-5905 - STARLINK-4254,35602.504,36527.969,925.465,
Contact STARLINK-5905 - STARLINK-4254,49900.457,50844.315,943.858,
Contact STARLINK-5905 - STARLINK-4254,64201.849,65157.180,955.332,
Contact STARLINK-5905 - STARLINK-4254,78501.481,79471.805,970.324,
Contact STARLINK-5905 - STARLINK-2228,86252.020,86400.000,147.980,
Contact STARLINK-5905 - STARLINK-6372,17971.490,18446.839,475.349,
Contact STARLINK-5905 - STARLINK-6372,32288.003,32792.685,504.682,
Contact STARLINK-5905 - STARLINK-6372,46609.824,47133.280,523.456,
Contact STARLINK-5905 - STARLINK-6372,60927.677,61477.781,550.104,
Contact STARLINK-5905 - STARLINK-6372,75250.365,75817.477,567.111,
Contact STARLINK-5905 - STARLINK-4772,0.000,42589.544,42589.544,
Contact STARLINK-5905 - STARLINK-30320,50045.014,50586.032,541.018,
Contact STARLINK-5905 - STARLINK-30320,64061.252,64874.124,812.872,
Contact STARLINK-5905 - STARLINK-30320,75330.168,76247.399,917.231,
Contact STARLINK-5905 - STARLINK-31919,34215.100,86400.000,52184.900,
Contact STARLINK-5905 - STARLINK-31639,10176.725,10822.455,645.729,
Contact STARLINK-5905 - STARLINK-31639,21466.571,22263.478,796.907,
Contact STARLINK-5905 - STARLINK-31639,35615.719,36527.738,912.020,
Contact STARLINK-5905 - STARLINK-31639,49791.626,50764.379,972.752,
Contact STARLINK-5905 - STARLINK-31639,61155.834,64967.060,3811.227,
Contact STARLINK-5905 - STARLINK-31639,75390.137,76309.022,918.885,
Contact STARLINK-5905 - STARLINK-31600,25086.777,32303.204,7216.427,
Contact STARLINK-5905 - STARLINK-31600,33057.449,85644.092,52586.643,
Contact STARLINK-5905 - STARLINK-30613,0.000,3624.382,3624.382,
Contact STARLINK-5905 - STARLINK-31764,53381.658,54107.618,725.960,
Contact STARLINK-5905 - STARLINK-31764,64555.531,71287.276,6731.744,
Contact STARLINK-5905 - STARLINK-31764,78628.509,79816.347,1187.837,
Contact STARLINK-5905 - STARLINK-31502,0.000,8715.324,8715.324,
Contact STARLINK-5905 - STARLINK-5618,6600.856,7281.874,681.018,
Contact STARLINK-5905 - STARLINK-5618,32321.297,33054.029,732.733,
Contact STARLINK-5905 - STARLINK-5618,46608.141,47373.503,765.363,
Contact STARLINK-5905 - STARLINK-5618,60902.062,61686.642,784.580,
Contact STARLINK-5905 - STARLINK-5618,75191.628,76003.341,811.713,
Contact STARLINK-5905 - STARLINK-31722,0.000,6870.884,6870.884,
Contact STARLINK-5905 - STARLINK-31722,13735.653,20774.966,7039.312,
Contact STARLINK-5905 - STARLINK-31722,28276.218,29006.128,729.910,
Contact STARLINK-5905 - STARLINK-1581,3216.709,3838.632,621.923,
Contact STARLINK-5905 - STARLINK-4290,3446.159,4282.006,835.847,
Contact STARLINK-5905 - STARLINK-4290,17755.875,18540.719,784.844,
Contact STARLINK-5905 - STARLINK-4290,32072.262,32792.319,720.056,
Contact STARLINK-5905 - STARLINK-4290,46392.159,47040.878,648.719,
Contact STARLINK-5905 - STARLINK-4290,60722.000,61279.017,557.017,
Contact STARLINK-5905 - STARLINK-6142,6678.352,7544.804,866.452,
Contact STARLINK-5905 - STARLINK-6142,20999.211,21875.839,876.628,
Contact STARLINK-5905 - STARLINK-6142,35327.856,36199.191,871.336,
Contact STARLINK-5905 - STARLINK-6142,46787.658,50530.196,3742.538,
Contact STARLINK-5905 - STARLINK-6142,61108.549,64853.534,3744.985,
Contact STARLINK-5905 - STARLINK-6142,75437.163,76315.259,878.096,
Contact STARLINK-5905 - STARLINK-5049,0.000,86400.000,86400.000,
Contact STARLINK-5905 - MoonARTEMIS1,1771.449,5364.301,3592.852,
Contact STARLINK-5905 - MoonARTEMIS1,7527.372,16877.446,9350.074,
Contact STARLINK-5905 - MoonARTEMIS1,19044.420,28400.334,9355.915,
Contact STARLINK-5905 - MoonARTEMIS1,36303.757,45622.728,9318.972,
Contact STARLINK-5905 - MoonARTEMIS1,47785.151,57110.890,9325.739,
Contact STARLINK-5905 - MoonARTEMIS1,59275.577,62857.257,3581.680,
Contact STARLINK-5905 - MoonARTEMIS1,65023.005,74353.717,9330.712,
Contact STARLINK-5905 - MoonARTEMIS1,76521.492,85854.750,9333.257,
Contact STARLINK-5905 - MoonARTEMIS2,1854.533,5439.018,3584.484,
Contact STARLINK-5905 - MoonARTEMIS2,7603.523,16933.793,9330.271,
Contact STARLINK-5905 - MoonARTEMIS2,19098.538,28424.134,9325.596,
Contact STARLINK-5905 - MoonARTEMIS2,30588.423,34166.844,3578.421,
Contact STARLINK-5905 - MoonARTEMIS2,36330.361,45643.309,9312.948,
Contact STARLINK-5905 - MoonARTEMIS2,53570.818,57158.783,3587.964,
Contact STARLINK-5905 - MoonARTEMIS2,59328.771,62915.033,3586.262,
Contact STARLINK-5905 - MoonARTEMIS2,65084.867,74423.683,9338.817,
Contact STARLINK-5905 - MoonARTEMIS2,76593.237,85928.756,9335.518,
Contact STARLINK-5905 - MoonIOAGEO,1796.327,5384.872,3588.544,
Contact STARLINK-5905 - MoonIOAGEO,7547.931,11141.457,3593.527,
Contact STARLINK-5905 - MoonIOAGEO,19070.120,28412.338,9342.218,
Contact STARLINK-5905 - MoonIOAGEO,30575.884,34154.338,3578.453,
Contact STARLINK-5905 - MoonIOAGEO,36316.049,45633.980,9317.931,
Contact STARLINK-5905 - MoonIOAGEO,47799.285,57115.391,9316.106,
Contact STARLINK-5905 - MoonIOAGEO,65074.442,74407.523,9333.081,
Contact STARLINK-5905 - MoonIOAGEO,76573.395,85885.565,9312.170,
Contact STARLINK-5905 - MoonIOAGNO,1795.653,5392.713,3597.060,
Contact STARLINK-5905 - MoonIOAGNO,7562.540,16899.970,9337.430,
Contact STARLINK-5905 - MoonIOAGNO,19062.741,28384.948,9322.207,
Contact STARLINK-5905 - MoonIOAGNO,30550.016,34130.509,3580.492,
Contact STARLINK-5905 - MoonIOAGNO,36296.664,45634.075,9337.411,
Contact STARLINK-5905 - MoonIOAGNO,47804.814,57152.457,9347.643,
Contact STARLINK-5905 - MoonIOAGNO,59318.378,62894.722,3576.345,
Contact STARLINK-5905 - MoonIOAGNO,65061.102,74381.411,9320.309,
Contact STARLINK-5905 - MoonIOAGNO,76549.425,85878.467,9329.042,
Contact STARLINK-5905 - MoonIOAGNO 0001,1804.834,5386.196,3581.362,
Contact STARLINK-5905 - MoonIOAGNO 0001,7548.887,16879.561,9330.674,
Contact STARLINK-5905 - MoonIOAGNO 0001,19044.667,28397.156,9352.490,
Contact STARLINK-5905 - MoonIOAGNO 0001,30569.357,34155.124,3585.767,
Contact STARLINK-5905 - MoonIOAGNO 0001,36319.531,45639.621,9320.090,
Contact STARLINK-5905 - MoonIOAGNO 0001,47805.532,57129.360,9323.828,
Contact STARLINK-5905 - MoonIOAGNO 0001,59297.307,62879.005,3581.698,
Contact STARLINK-5905 - MoonIOAGNO 0001,65048.553,74402.324,9353.771,
Contact STARLINK-5905 - MoonIOAGNO 0001,76571.641,85891.832,9320.191,
Contact STARLINK-5905 - MoonIOAGSO,1814.335,5395.855,3581.520,
Contact STARLINK-5905 - MoonIOAGSO,13318.538,16912.887,3594.350,
Contact STARLINK-5905 - MoonIOAGSO,19077.386,28419.525,9342.139,
Contact STARLINK-5905 - MoonIOAGSO,30582.673,34167.255,3584.582,
Contact STARLINK-5905 - MoonIOAGSO,36330.315,45651.590,9321.275,
Contact STARLINK-5905 - MoonIOAGSO,47814.044,51392.054,3578.010,
Contact STARLINK-5905 - MoonIOAGSO,59324.642,62912.713,3588.071,
Contact STARLINK-5905 - MoonIOAGSO,65081.371,74416.509,9335.138,
Contact STARLINK-5905 - MoonIOAGSO,76583.704,85905.558,9321.855,
Contact STARLINK-5905 - MoonIOAGSO 0001,1828.504,5419.965,3591.461,
Contact STARLINK-5905 - MoonIOAGSO 0001,7580.102,16913.278,9333.176,
Contact STARLINK-5905 - MoonIOAGSO 0001,19073.713,28393.558,9319.845,
Contact STARLINK-5905 - MoonIOAGSO 0001,36322.314,45667.680,9345.366,
Contact STARLINK-5905 - MoonIOAGSO 0001,47833.659,57165.424,9331.766,
Contact STARLINK-5905 - MoonIOAGSO 0001,59330.611,62908.799,3578.188,
Contact STARLINK-5905 - MoonIOAGSO 0001,65073.338,73891.302,8817.964,
Contact STARLINK-5905 - MoonIOAGSO 0001,76776.443,85911.690,9135.247,
Contact STARLINK-5905 - MoonLRO,1812.580,3959.839,2147.259,
Contact STARLINK-5905 - MoonLRO,13669.942,16897.539,3227.597,
Contact STARLINK-5905 - MoonLRO,20495.778,22650.012,2154.234,
Contact STARLINK-5905 - MoonLRO,42066.639,44951.065,2884.427,
Contact STARLINK-5905 - MoonLRO,47815.305,51395.120,3579.815,
Contact STARLINK-5905 - MoonLRO,68269.111,72312.628,4043.518,
Contact STARLINK-5905 - MoonLRO,82315.603,85891.698,3576.095,
Contact STARLINK-5905 - MarsSat1,0.000,6492.487,6492.487,
Contact STARLINK-5905 - MarsSat1,8600.988,17964.045,9363.057,
Contact STARLINK-5905 - MarsSat1,20071.103,23699.852,3628.749,
Contact STARLINK-5905 - MarsSat1,25806.174,35171.501,9365.327,
Contact STARLINK-5905 - MarsSat1,37276.323,46643.185,9366.863,
Contact STARLINK-5905 - MarsSat1,48746.471,52379.042,3632.570,
Contact STARLINK-5905 - MarsSat1,54481.547,63850.799,9369.251,
Contact STARLINK-5905 - MarsSat1,65951.722,75322.643,9370.921,
Contact STARLINK-5905 - MarsSat1,77421.954,81058.607,3636.652,
Contact STARLINK-5905 - MarsSat1,83157.102,86400.000,3242.898,
Contact STARLINK-5905 - MarsSat2,0.000,6492.501,6492.501,
Contact STARLINK-5905 - MarsSat2,8600.988,17963.992,9363.004,
Contact STARLINK-5905 - MarsSat2,20071.032,23699.775,3628.743,
Contact STARLINK-5905 - MarsSat2,25806.078,35171.405,9365.327,
Contact STARLINK-5905 - MarsSat2,37276.210,46643.116,9366.906,
Contact STARLINK-5905 - MarsSat2,48746.389,52379.000,3632.611,
Contact STARLINK-5905 - MarsSat2,54481.496,63850.826,9369.331,
Contact STARLINK-5905 - MarsSat2,65951.743,75322.728,9370.985,
Contact STARLINK-5905 - MarsSat2,77422.035,81058.706,3636.672,
Contact STARLINK-5905 - MarsSat2,83157.198,86400.000,3242.802,
Contact STARLINK-5905 - MarsSat3,0.000,6492.534,6492.534,
Contact STARLINK-5905 - MarsSat3,8601.037,17964.010,9362.974,
Contact STARLINK-5905 - MarsSat3,20071.065,23699.789,3628.724,
Contact STARLINK-5905 - MarsSat3,25806.105,35171.430,9365.326,
Contact STARLINK-5905 - MarsSat3,37276.241,46643.155,9366.914,
Contact STARLINK-5905 - MarsSat3,48746.431,52379.043,3632.612,
Contact STARLINK-5905 - MarsSat3,54481.541,63850.865,9369.324,
Contact STARLINK-5905 - MarsSat3,65951.786,75322.747,9370.961,
Contact STARLINK-5905 - MarsSat3,77422.063,81058.711,3636.648,
Contact STARLINK-5905 - MarsSat3,83157.212,86400.000,3242.788,
Contact STARLINK-5905 - MarsSat4,0.000,6492.540,6492.540,
Contact STARLINK-5905 - MarsSat4,14336.050,17964.021,3627.971,
Contact STARLINK-5905 - MarsSat4,20071.076,23699.807,3628.731,
Contact STARLINK-5905 - MarsSat4,25806.123,35171.448,9365.325,
Contact STARLINK-5905 - MarsSat4,37276.263,46643.124,9366.861,
Contact STARLINK-5905 - MarsSat4,48746.412,52378.994,3632.582,
Contact STARLINK-5905 - MarsSat4,54481.503,63850.823,9369.320,
Contact STARLINK-5905 - MarsSat4,65951.744,73689.440,7737.696,
Contact STARLINK-5905 - MarsSat4,77422.018,81058.660,3636.641,
Contact STARLINK-5905 - MarsSat4,83157.158,86400.000,3242.842,
Contact STARLINK-30312 - STARLINK-5250,0.000,6640.713,6640.713,
Contact STARLINK-30312 - STARLINK-5250,7676.198,20879.023,13202.824,
Contact STARLINK-30312 - STARLINK-5250,22069.488,29393.018,7323.530,
Contact STARLINK-30312 - STARLINK-5250,36436.396,43630.080,7193.684,
Contact STARLINK-30312 - STARLINK-5250,53697.306,57824.054,4126.748,
Contact STARLINK-30312 - STARLINK-5250,68107.495,72052.106,3944.611,
Contact STARLINK-30312 - STARLINK-5250,82490.555,83409.169,918.614,
Contact STARLINK-30312 - STARLINK-3081,71275.561,72096.180,820.618,
Contact STARLINK-30312 - STARLINK-3081,82586.103,86400.000,3813.897,
Contact STARLINK-30312 - STARLINK-30611,3022.125,3826.486,804.361,
Contact STARLINK-30312 - STARLINK-1301,6943.512,7502.227,558.715,
Contact STARLINK-30312 - STARLINK-1301,21271.590,21800.120,528.530,
Contact STARLINK-30312 - STARLINK-1301,35593.185,36104.194,511.009,
Contact STARLINK-30312 - STARLINK-1301,49922.945,50400.377,477.432,
Contact STARLINK-30312 - STARLINK-31617,74969.346,76026.256,1056.911,
Contact STARLINK-30312 - STARLINK-31617,83341.324,86400.000,3058.676,
Contact STARLINK-30312 - STARLINK-2751,3127.232,3634.164,506.933,
Contact STARLINK-30312 - STARLINK-32235,46356.850,47078.689,721.839,
Contact STARLINK-30312 - STARLINK-32235,57365.321,64293.110,6927.789,
Contact STARLINK-30312 - STARLINK-32235,71397.158,72739.777,1342.619,
Contact STARLINK-30312 - STARLINK-32235,85741.800,86400.000,658.200,
Contact STARLINK-30312 - STARLINK-2602,80205.479,86400.000,6194.521,
Contact STARLINK-30312 - STARLINK-6044,6684.824,7574.908,890.084,
Contact STARLINK-30312 - STARLINK-6044,21039.325,21934.990,895.665,
Contact STARLINK-30312 - STARLINK-6044,35397.250,36292.302,895.053,
Contact STARLINK-30312 - STARLINK-6044,49754.114,50649.967,895.854,
Contact STARLINK-30312 - STARLINK-6044,64113.830,65005.494,891.664,
Contact STARLINK-30312 - STARLINK-6044,78473.046,79360.759,887.713,
Contact STARLINK-30312 - STARLINK-30472,10349.282,11320.187,970.905,
Contact STARLINK-30312 - STARLINK-30472,24669.859,25643.657,973.799,
Contact STARLINK-30312 - STARLINK-30472,38997.765,39959.460,961.695,
Contact STARLINK-30312 - STARLINK-30472,53318.368,54282.879,964.512,
Contact STARLINK-30312 - STARLINK-30472,64777.795,68598.599,3820.804,
Contact STARLINK-30312 - STARLINK-30472,79105.785,82921.967,3816.182,
Contact STARLINK-30312 - STARLINK-30196,3513.279,7477.687,3964.408,
Contact STARLINK-30312 - STARLINK-30196,17825.151,21781.510,3956.359,
Contact STARLINK-30312 - STARLINK-30196,32133.666,36080.902,3947.237,
Contact STARLINK-30312 - STARLINK-30196,46446.595,47521.594,1074.999,
Contact STARLINK-30312 - STARLINK-30196,60756.106,61823.975,1067.869,
Contact STARLINK-30312 - STARLINK-30196,75070.114,76121.820,1051.706,
Contact STARLINK-30312 - STARLINK-30825,71457.649,86400.000,14942.351,
Contact STARLINK-30312 - STARLINK-31627,78863.963,79464.041,600.078,
Contact STARLINK-30312 - STARLINK-3182,42598.790,43820.287,1221.497,
Contact STARLINK-30312 - STARLINK-3182,50979.795,61199.031,10219.236,
Contact STARLINK-30312 - STARLINK-3182,64963.285,75599.686,10636.401,
Contact STARLINK-30312 - STARLINK-3182,76207.377,86400.000,10192.623,
Contact STARLINK-30312 - STARLINK-31827,17340.576,18304.998,964.422,
Contact STARLINK-30312 - STARLINK-31827,25541.745,35804.527,10262.782,
Contact STARLINK-30312 - STARLINK-31827,36614.173,50111.986,13497.813,
Contact STARLINK-30312 - STARLINK-31827,50686.330,64034.193,13347.863,
Contact STARLINK-30312 - STARLINK-31827,65101.092,72323.336,7222.244,
Contact STARLINK-30312 - STARLINK-31827,82797.579,83123.943,326.364,
Contact STARLINK-30312 - STARLINK-31800,6804.024,7799.875,995.850,
Contact STARLINK-30312 - STARLINK-31800,21062.678,21841.190,778.512,
Contact STARLINK-30312 - STARLINK-31987,13931.591,83736.006,69804.415,
Contact STARLINK-30312 - STARLINK-6311,3092.974,4174.167,1081.192,
Contact STARLINK-30312 - STARLINK-6311,17416.548,18481.194,1064.646,
Contact STARLINK-30312 - STARLINK-6311,31730.793,32797.024,1066.231,
Contact STARLINK-30312 - STARLINK-6311,43185.997,47103.827,3917.830,
Contact STARLINK-30312 - STARLINK-6311,57509.846,61419.548,3909.702,
Contact STARLINK-30312 - STARLINK-6311,71824.203,75726.120,3901.917,
Contact STARLINK-30312 - STARLINK-6311,86148.256,86400.000,251.744,
Contact STARLINK-30312 - STARLINK-2228,3159.548,4056.280,896.732,
Contact STARLINK-30312 - STARLINK-2228,11348.972,21346.646,9997.674,
Contact STARLINK-30312 - STARLINK-2228,28148.861,35270.156,7121.295,
Contact STARLINK-30312 - STARLINK-2228,42616.712,43446.820,830.108,
Contact STARLINK-30312 - STARLINK-1736,6782.338,7624.831,842.493,
Contact STARLINK-30312 - STARLINK-1736,20910.075,21867.100,957.024,
Contact STARLINK-30312 - STARLINK-1736,32243.829,36062.671,3818.842,
Contact STARLINK-30312 - STARLINK-1736,46449.730,47391.742,942.013,
Contact STARLINK-30312 - STARLINK-1736,60693.028,61518.275,825.247,
Contact STARLINK-30312 - STARLINK-30425,10671.475,10924.325,252.850,
Contact STARLINK-30312 - STARLINK-30425,24532.498,25281.969,749.471,
Contact STARLINK-30312 - STARLINK-30425,35744.579,36643.305,898.726,
Contact STARLINK-30312 - STARLINK-30425,49845.882,50758.130,912.247,
Contact STARLINK-30312 - STARLINK-30425,61193.010,61984.112,791.102,
Contact STARLINK-30312 - STARLINK-30425,75495.839,75899.401,403.562,
Contact STARLINK-30312 - STARLINK-3346,7165.502,7254.747,89.245,
Contact STARLINK-30312 - STARLINK-30320,3237.458,4178.046,940.588,
Contact STARLINK-30312 - STARLINK-30320,17517.236,18195.390,678.154,
Contact STARLINK-30312 - STARLINK-31764,6785.602,7516.323,730.721,
Contact STARLINK-30312 - STARLINK-31502,82682.061,86400.000,3717.939,
Contact STARLINK-30312 - STARLINK-3898,3043.608,3851.028,807.421,
Contact STARLINK-30312 - STARLINK-3898,17374.927,18104.710,729.783,
Contact STARLINK-30312 - STARLINK-3898,43165.308,43767.636,602.328,
Contact STARLINK-30312 - STARLINK-3898,57516.108,58001.824,485.715,
Contact STARLINK-30312 - STARLINK-3898,71862.044,72241.097,379.053,
Contact STARLINK-30312 - STARLINK-3898,86283.735,86400.000,116.265,
Contact STARLINK-30312 - STARLINK-30842,4326.568,11379.660,7053.092,
Contact STARLINK-30312 - STARLINK-30842,18642.588,25720.451,7077.863,
Contact STARLINK-30312 - STARLINK-30842,32971.438,40048.497,7077.059,
Contact STARLINK-30312 - STARLINK-30842,47288.375,54388.393,7100.018,
Contact STARLINK-30312 - STARLINK-30842,64476.613,68715.684,4239.070,
Contact STARLINK-30312 - STARLINK-30842,78806.573,85915.202,7108.629,
Contact STARLINK-30312 - STARLINK-31539,0.000,43376.484,43376.484,
Contact STARLINK-30312 - STARLINK-5807,0.000,215.931,215.931,
Contact STARLINK-30312 - STARLINK-5807,10585.512,14586.943,4001.430,
Contact STARLINK-30312 - STARLINK-5807,24932.692,28943.233,4010.541,
Contact STARLINK-30312 - STARLINK-5807,39296.253,43308.191,4011.938,
Contact STARLINK-30312 - STARLINK-5807,53649.561,60534.911,6885.350,
Contact STARLINK-30312 - STARLINK-5807,68019.693,74880.838,6861.145,
Contact STARLINK-30312 - STARLINK-5807,82379.453,83496.489,1117.037,
Contact STARLINK-30312 - STARLINK-30367,3063.833,3706.930,643.098,
Contact STARLINK-30312 - STARLINK-30367,17373.357,18066.389,693.032,
Contact STARLINK-30312 - STARLINK-30367,31670.011,32438.094,768.083,
Contact STARLINK-30312 - STARLINK-30367,43115.554,43927.475,811.920,
Contact STARLINK-30312 - STARLINK-30367,57431.282,58280.711,849.430,
Contact STARLINK-30312 - STARLINK-30367,71735.088,72645.221,910.133,
Contact STARLINK-30312 - STARLINK-30367,86053.818,86400.000,346.182,
Contact STARLINK-30312 - STARLINK-2388,0.000,373.303,373.303,
Contact STARLINK-30312 - STARLINK-2388,10441.586,17520.840,7079.253,
Contact STARLINK-30312 - STARLINK-2388,24708.272,31807.916,7099.644,
Contact STARLINK-30312 - STARLINK-2388,38998.085,46074.081,7075.995,
Contact STARLINK-30312 - STARLINK-2388,53280.840,54640.211,1359.371,
Contact STARLINK-30312 - STARLINK-2388,61866.877,68893.011,7026.133,
Contact STARLINK-30312 - STARLINK-2388,76162.535,83151.108,6988.573,
Contact STARLINK-30312 - STARLINK-1700,10136.584,11225.788,1089.204,
Contact STARLINK-30312 - STARLINK-1700,18718.999,25531.185,6812.186,
Contact STARLINK-30312 - STARLINK-1700,35894.533,39826.568,3932.035,
Contact STARLINK-30312 - STARLINK-1700,50213.360,54130.713,3917.353,
Contact STARLINK-30312 - STARLINK-1700,64522.577,68424.593,3902.016,
Contact STARLINK-30312 - STARLINK-1700,78842.918,79863.006,1020.089,
Contact STARLINK-30312 - STARLINK-31463,0.000,60646.814,60646.814,
Contact STARLINK-30312 - MoonARTEMIS1,0.000,2274.326,2274.326,
Contact STARLINK-30312 - MoonARTEMIS1,4376.685,13790.918,9414.233,
Contact STARLINK-30312 - MoonARTEMIS1,15894.971,19552.639,3657.667,
Contact STARLINK-30312 - MoonARTEMIS1,21658.132,31080.103,9421.972,
Contact STARLINK-30312 - MoonARTEMIS1,33927.001,42552.526,8625.525,
Contact STARLINK-30312 - MoonARTEMIS1,44648.372,59784.771,15136.399,
Contact STARLINK-30312 - MoonARTEMIS1,61884.030,71281.420,9397.389,
Contact STARLINK-30312 - MoonARTEMIS1,73383.425,82783.219,9399.794,
Contact STARLINK-30312 - MoonARTEMIS1,84888.587,86400.000,1511.413,
Contact STARLINK-30312 - MoonARTEMIS2,0.000,2370.188,2370.188,
Contact STARLINK-30312 - MoonARTEMIS2,4475.152,13867.391,9392.238,
Contact STARLINK-30312 - MoonARTEMIS2,15971.320,19614.208,3642.888,
Contact STARLINK-30312 - MoonARTEMIS2,21717.428,31103.080,9385.651,
Contact STARLINK-30312 - MoonARTEMIS2,33203.955,42580.548,9376.593,
Contact STARLINK-30312 - MoonARTEMIS2,44675.640,47348.456,2672.816,
Contact STARLINK-30312 - MoonARTEMIS2,51353.195,59847.688,8494.493,
Contact STARLINK-30312 - MoonARTEMIS2,61957.149,71360.744,9403.595,
Contact STARLINK-30312 - MoonARTEMIS2,73472.841,77115.094,3642.253,
Contact STARLINK-30312 - MoonARTEMIS2,79228.552,86400.000,7171.448,
Contact STARLINK-30312 - MoonIOAGEO,0.000,2302.384,2302.384,
Contact STARLINK-30312 - MoonIOAGEO,4402.690,12991.159,8588.469,
Contact STARLINK-30312 - MoonIOAGEO,17263.461,19583.315,2319.854,
Contact STARLINK-30312 - MoonIOAGEO,21687.246,31088.417,9401.171,
Contact STARLINK-30312 - MoonIOAGEO,33186.078,42565.164,9379.086,
Contact STARLINK-30312 - MoonIOAGEO,44663.823,48311.041,3647.218,
Contact STARLINK-30312 - MoonIOAGEO,50413.821,54067.514,3653.693,
Contact STARLINK-30312 - MoonIOAGEO,61939.196,71346.356,9407.160,
Contact STARLINK-30312 - MoonIOAGEO,73451.565,86400.000,12948.435,
Contact STARLINK-30312 - MoonIOAGNO,0.000,2303.157,2303.157,
Contact STARLINK-30312 - MoonIOAGNO,4407.606,13830.317,9422.711,
Contact STARLINK-30312 - MoonIOAGNO,15933.894,19573.724,3639.831,
Contact STARLINK-30312 - MoonIOAGNO,21679.320,31060.710,9381.390,
Contact STARLINK-30312 - MoonIOAGNO,33167.454,42558.445,9390.991,
Contact STARLINK-30312 - MoonIOAGNO,44663.549,48318.798,3655.249,
Contact STARLINK-30312 - MoonIOAGNO,50427.342,59833.803,9406.461,
Contact STARLINK-30312 - MoonIOAGNO,61941.853,71319.145,9377.293,
Contact STARLINK-30312 - MoonIOAGNO,73430.423,86400.000,12969.577,
Contact STARLINK-30312 - MoonIOAGNO 0001,0.000,2313.572,2313.572,
Contact STARLINK-30312 - MoonIOAGNO 0001,4420.192,13803.542,9383.350,
Contact STARLINK-30312 - MoonIOAGNO 0001,15909.230,19553.469,3644.239,
Contact STARLINK-30312 - MoonIOAGNO 0001,21657.771,31083.313,9425.542,
Contact STARLINK-30312 - MoonIOAGNO 0001,33187.843,42575.651,9387.809,
Contact STARLINK-30312 - MoonIOAGNO 0001,44682.828,48318.519,3635.691,
Contact STARLINK-30312 - MoonIOAGNO 0001,50426.799,59810.300,9383.501,
Contact STARLINK-30312 - MoonIOAGNO 0001,61918.197,71326.252,9408.054,
Contact STARLINK-30312 - MoonIOAGNO 0001,73439.513,86400.000,12960.487,
Contact STARLINK-30312 - MoonIOAGSO,0.000,2321.597,2321.597,
Contact STARLINK-30312 - MoonIOAGSO,4419.618,8065.941,3646.323,
Contact STARLINK-30312 - MoonIOAGSO,15928.424,19589.564,3661.139,
Contact STARLINK-30312 - MoonIOAGSO,21683.712,31095.686,9411.974,
Contact STARLINK-30312 - MoonIOAGSO,33188.459,42587.088,9398.629,
Contact STARLINK-30312 - MoonIOAGSO,44684.113,48326.470,3642.357,
Contact STARLINK-30312 - MoonIOAGSO,56184.091,59841.796,3657.705,
Contact STARLINK-30312 - MoonIOAGSO,61942.229,71352.386,9410.156,
Contact STARLINK-30312 - MoonIOAGSO,73451.051,77101.674,3650.622,
Contact STARLINK-30312 - MoonIOAGSO,79201.749,86400.000,7198.251,
Contact STARLINK-30312 - MoonIOAGSO 0001,0.000,2338.031,2338.031,
Contact STARLINK-30312 - MoonIOAGSO 0001,4430.358,13838.537,9408.179,
Contact STARLINK-30312 - MoonIOAGSO 0001,15931.359,19583.680,3652.321,
Contact STARLINK-30312 - MoonIOAGSO 0001,21678.800,30502.825,8824.025,
Contact STARLINK-30312 - MoonIOAGSO 0001,33393.751,42595.288,9201.537,
Contact STARLINK-30312 - MoonIOAGSO 0001,44690.732,48349.404,3658.672,
Contact STARLINK-30312 - MoonIOAGSO 0001,50444.144,59846.250,9402.106,
Contact STARLINK-30312 - MoonIOAGSO 0001,61943.916,71325.943,9382.026,
Contact STARLINK-30312 - MoonIOAGSO 0001,79190.968,86400.000,7209.032,
Contact STARLINK-30312 - MoonLRO,6843.350,10802.039,3958.689,
Contact STARLINK-30312 - MoonLRO,27424.236,31073.477,3649.242,
Contact STARLINK-30312 - MoonLRO,34150.777,36826.914,2676.137,
Contact STARLINK-30312 - MoonLRO,56184.124,58635.900,2451.775,
Contact STARLINK-30312 - MoonLRO,61933.629,71329.606,9395.977,
Contact STARLINK-30312 - MoonLRO,75115.039,77082.717,1967.677,
Contact STARLINK-30312 - MoonLRO,81933.649,82833.356,899.707,
Contact STARLINK-30312 - MarsSat1,0.000,3471.421,3471.421,
Contact STARLINK-30312 - MarsSat1,5592.427,9203.677,3611.250,
Contact STARLINK-30312 - MarsSat1,11325.249,20668.222,9342.973,
Contact STARLINK-30312 - MarsSat1,22790.869,32132.785,9341.917,
Contact STARLINK-30312 - MarsSat1,34256.431,37865.065,3608.635,
Contact STARLINK-30312 - MarsSat1,39989.183,49329.617,9340.434,
Contact STARLINK-30312 - MarsSat1,51454.629,60794.168,9339.539,
Contact STARLINK-30312 - MarsSat1,62920.013,66526.453,3606.439,
Contact STARLINK-30312 - MarsSat1,68652.692,77991.060,9338.367,
Contact STARLINK-30312 - MarsSat1,80118.044,86400.000,6281.956,
Contact STARLINK-30312 - MarsSat2,0.000,3471.459,3471.459,
Contact STARLINK-30312 - MarsSat2,5592.449,9203.673,3611.224,
Contact STARLINK-30312 - MarsSat2,11325.231,20668.147,9342.916,
Contact STARLINK-30312 - MarsSat2,22790.788,32132.673,9341.885,
Contact STARLINK-30312 - MarsSat2,34256.322,37864.951,3608.629,
Contact STARLINK-30312 - MarsSat2,39989.078,49329.533,9340.455,
Contact STARLINK-30312 - MarsSat2,51454.563,60794.149,9339.585,
Contact STARLINK-30312 - MarsSat2,62920.015,66526.469,3606.454,
Contact STARLINK-30312 - MarsSat2,68652.728,77991.133,9338.405,
Contact STARLINK-30312 - MarsSat2,80118.129,86400.000,6281.871,
Contact STARLINK-30312 - MarsSat3,0.000,3471.506,3471.506,
Contact STARLINK-30312 - MarsSat3,5592.492,9203.728,3611.235,
Contact STARLINK-30312 - MarsSat3,11325.275,20668.186,9342.910,
Contact STARLINK-30312 - MarsSat3,22790.815,32132.702,9341.887,
Contact STARLINK-30312 - MarsSat3,34256.350,37864.982,3608.633,
Contact STARLINK-30312 - MarsSat3,39989.111,49329.574,9340.463,
Contact STARLINK-30312 - MarsSat3,51454.606,60794.194,9339.588,
Contact STARLINK-30312 - MarsSat3,62920.058,66526.512,3606.454,
Contact STARLINK-30312 - MarsSat3,68652.768,77991.163,9338.396,
Contact STARLINK-30312 - MarsSat3,80118.151,86400.000,6281.849,
Contact STARLINK-30312 - MarsSat4,0.000,3471.475,3471.475,
Contact STARLINK-30312 - MarsSat4,5592.481,9031.037,3438.556,
Contact STARLINK-30312 - MarsSat4,11325.279,20668.196,9342.916,
Contact STARLINK-30312 - MarsSat4,22790.830,32132.724,9341.895,
Contact STARLINK-30312 - MarsSat4,34256.372,37865.006,3608.634,
Contact STARLINK-30312 - MarsSat4,43179.572,49329.561,6149.990,
Contact STARLINK-30312 - MarsSat4,51454.576,60794.153,9339.577,
Contact STARLINK-30312 - MarsSat4,62920.017,66526.472,3606.455,
Contact STARLINK-30312 - MarsSat4,68652.730,77991.121,9338.391,
Contact STARLINK-30312 - MarsSat4,80118.102,86400.000,6281.898,
Contact STARLINK-5250 - STARLINK-3081,10609.542,11302.382,692.840,
Contact STARLINK-5250 - STARLINK-3081,24882.556,25740.877,858.322,
Contact STARLINK-5250 - STARLINK-3081,39190.976,40144.346,953.371,
Contact STARLINK-5250 - STARLINK-3081,53498.916,54547.449,1048.532,
Contact STARLINK-5250 - STARLINK-3081,67835.944,68922.095,1086.151,
Contact STARLINK-5250 - STARLINK-3081,82172.231,83296.503,1124.272,
Contact STARLINK-5250 - STARLINK-30611,0.000,10157.236,10157.236,
Contact STARLINK-5250 - STARLINK-30611,11155.263,21487.787,10332.524,
Contact STARLINK-5250 - STARLINK-30611,25352.819,35554.275,10201.456,
Contact STARLINK-5250 - STARLINK-30611,42526.739,43970.829,1444.090,
Contact STARLINK-5250 - STARLINK-30611,56954.114,57895.811,941.697,
Contact STARLINK-5250 - STARLINK-5215,0.000,86400.000,86400.000,
Contact STARLINK-5250 - STARLINK-32081,0.000,6307.725,6307.725,
Contact STARLINK-5250 - STARLINK-32081,7585.663,11693.927,4108.264,
Contact STARLINK-5250 - STARLINK-1301,6819.893,7713.431,893.538,
Contact STARLINK-5250 - STARLINK-1301,21114.895,22003.863,888.969,
Contact STARLINK-5250 - STARLINK-1301,35413.618,36290.788,877.170,
Contact STARLINK-5250 - STARLINK-1301,49709.265,50580.549,871.284,
Contact STARLINK-5250 - STARLINK-1301,61147.355,64866.898,3719.542,
Contact STARLINK-5250 - STARLINK-1301,75446.880,76296.986,850.106,
Contact STARLINK-5250 - STARLINK-2751,0.000,10068.831,10068.831,
Contact STARLINK-5250 - STARLINK-2751,11245.790,18632.395,7386.605,
Contact STARLINK-5250 - STARLINK-2751,25521.151,35776.897,10255.746,
Contact STARLINK-5250 - STARLINK-2751,39816.550,50072.500,10255.950,
Contact STARLINK-5250 - STARLINK-2751,56959.662,64349.937,7390.275,
Contact STARLINK-5250 - STARLINK-2751,65521.509,78644.867,13123.358,
Contact STARLINK-5250 - STARLINK-2751,79817.911,86400.000,6582.089,
Contact STARLINK-5250 - STARLINK-32235,71553.702,86400.000,14846.298,
Contact STARLINK-5250 - STARLINK-30316,2899.157,4001.376,1102.220,
Contact STARLINK-5250 - STARLINK-30316,14338.083,15196.207,858.124,
Contact STARLINK-5250 - STARLINK-30196,6793.676,7387.617,593.941,
Contact STARLINK-5250 - STARLINK-30196,21087.331,21665.506,578.175,
Contact STARLINK-5250 - STARLINK-30196,61156.897,61599.095,442.198,
Contact STARLINK-5250 - STARLINK-30196,75495.091,75834.434,339.344,
Contact STARLINK-5250 - STARLINK-3182,82568.089,83073.468,505.379,
Contact STARLINK-5250 - STARLINK-4413,3340.924,3798.905,457.981,
Contact STARLINK-5250 - STARLINK-4413,17708.616,18103.193,394.577,
Contact STARLINK-5250 - STARLINK-4413,32061.160,32422.464,361.304,
Contact STARLINK-5250 - STARLINK-31407,6624.733,7601.079,976.346,
Contact STARLINK-5250 - STARLINK-31407,17934.709,21725.922,3791.213,
Contact STARLINK-5250 - STARLINK-31407,32115.149,32988.232,873.083,
Contact STARLINK-5250 - STARLINK-31407,46359.354,47009.981,650.627,
Contact STARLINK-5250 - STARLINK-32094,0.000,4058.383,4058.383,
Contact STARLINK-5250 - STARLINK-31827,42921.617,86400.000,43478.383,
Contact STARLINK-5250 - STARLINK-31800,7179.283,7662.303,483.020,
Contact STARLINK-5250 - STARLINK-31800,21146.692,21958.260,811.568,
Contact STARLINK-5250 - STARLINK-31800,32383.732,36165.179,3781.447,
Contact STARLINK-5250 - STARLINK-31800,46484.511,47491.502,1006.992,
Contact STARLINK-5250 - STARLINK-31800,60634.144,61603.264,969.120,
Contact STARLINK-5250 - STARLINK-31800,71997.347,75651.129,3653.782,
Contact STARLINK-5250 - STARLINK-31800,86273.893,86400.000,126.107,
Contact STARLINK-5250 - STARLINK-4254,3020.983,3701.162,680.179,
Contact STARLINK-5250 - STARLINK-4254,28728.070,29417.595,689.525,
Contact STARLINK-5250 - STARLINK-4254,42995.573,43718.701,723.128,
Contact STARLINK-5250 - STARLINK-4254,57281.608,58001.278,719.669,
Contact STARLINK-5250 - STARLINK-4254,71549.777,72301.696,751.919,
Contact STARLINK-5250 - STARLINK-4254,85835.907,86400.000,564.093,
Contact STARLINK-5250 - STARLINK-31987,42519.514,86400.000,43880.486,
Contact STARLINK-5250 - STARLINK-6311,139.931,10440.117,10300.186,
Contact STARLINK-5250 - STARLINK-6311,17327.662,24699.242,7371.580,
Contact STARLINK-5250 - STARLINK-6311,25909.324,38972.065,13062.741,
Contact STARLINK-5250 - STARLINK-6311,40250.089,47521.007,7270.919,
Contact STARLINK-5250 - STARLINK-6311,54565.693,61790.720,7225.027,
Contact STARLINK-5250 - STARLINK-6311,68912.165,76039.085,7126.921,
Contact STARLINK-5250 - STARLINK-6311,83232.241,86400.000,3167.759,
Contact STARLINK-5250 - STARLINK-2228,20005.742,66236.638,46230.896,
Contact STARLINK-5250 - STARLINK-1736,60738.483,61531.967,793.484,
Contact STARLINK-5250 - STARLINK-1736,71963.041,75816.869,3853.828,
Contact STARLINK-5250 - STARLINK-1736,86055.573,86400.000,344.427,
Contact STARLINK-5250 - STARLINK-30425,75278.352,76064.871,786.519,
Contact STARLINK-5250 - STARLINK-3346,6794.320,7701.964,907.644,
Contact STARLINK-5250 - STARLINK-3346,21047.536,21963.426,915.890,
Contact STARLINK-5250 - STARLINK-3346,35305.109,36220.494,915.385,
Contact STARLINK-5250 - STARLINK-3346,46710.265,50480.539,3770.275,
Contact STARLINK-5250 - STARLINK-3346,60965.463,61886.528,921.065,
Contact STARLINK-5250 - STARLINK-3346,75225.251,76141.283,916.032,
Contact STARLINK-5250 - STARLINK-30320,3308.867,10098.891,6790.024,
Contact STARLINK-5250 - STARLINK-30320,17284.326,18645.294,1360.969,
Contact STARLINK-5250 - STARLINK-30320,25717.536,32807.306,7089.770,
Contact STARLINK-5250 - STARLINK-30320,42740.336,49622.696,6882.359,
Contact STARLINK-5250 - STARLINK-30320,57089.592,57943.862,854.270,
Contact STARLINK-5250 - STARLINK-31639,3069.944,4110.363,1040.419,
Contact STARLINK-5250 - STARLINK-31639,17329.688,18218.478,888.790,
Contact STARLINK-5250 - STARLINK-31639,28761.363,29481.540,720.178,
Contact STARLINK-5250 - STARLINK-31639,43109.556,43502.262,392.705,
Contact STARLINK-5250 - STARLINK-31600,7116.385,7644.455,528.070,
Contact STARLINK-5250 - STARLINK-31764,6835.144,7697.411,862.267,
Contact STARLINK-5250 - STARLINK-31764,20910.680,21890.216,979.536,
Contact STARLINK-5250 - STARLINK-31764,32209.457,36026.734,3817.277,
Contact STARLINK-5250 - STARLINK-31764,46380.746,47301.876,921.130,
Contact STARLINK-5250 - STARLINK-31764,60601.830,61349.665,747.835,
Contact STARLINK-5250 - STARLINK-6255,2863.734,4311.659,1447.925,
Contact STARLINK-5250 - STARLINK-6255,11438.370,18651.141,7212.772,
Contact STARLINK-5250 - STARLINK-6255,25711.034,32997.303,7286.269,
Contact STARLINK-5250 - STARLINK-6255,40008.156,50195.462,10187.306,
Contact STARLINK-5250 - STARLINK-6255,54294.624,64512.851,10218.228,
Contact STARLINK-5250 - STARLINK-6255,68606.323,78835.443,10229.120,
Contact STARLINK-5250 - STARLINK-6255,85779.770,86400.000,620.230,
Contact STARLINK-5250 - STARLINK-3898,0.000,10172.004,10172.004,
Contact STARLINK-5250 - STARLINK-3898,11269.752,18728.970,7459.218,
Contact STARLINK-5250 - STARLINK-3898,25527.221,35860.197,10332.976,
Contact STARLINK-5250 - STARLINK-3898,39807.539,50144.581,10337.042,
Contact STARLINK-5250 - STARLINK-3898,54065.846,64410.928,10345.083,
Contact STARLINK-5250 - STARLINK-3898,65481.742,78694.458,13212.716,
Contact STARLINK-5250 - STARLINK-3898,79763.123,86400.000,6636.877,
Contact STARLINK-5250 - STARLINK-30842,10375.053,11164.375,789.322,
Contact STARLINK-5250 - STARLINK-30842,24704.489,25452.420,747.931,
Contact STARLINK-5250 - STARLINK-30842,39041.785,39732.186,690.401,
Contact STARLINK-5250 - STARLINK-30842,53377.170,54014.296,637.126,
Contact STARLINK-5250 - STARLINK-31539,7822.243,71261.846,63439.602,
Contact STARLINK-5250 - STARLINK-5807,10706.969,11386.346,679.377,
Contact STARLINK-5250 - STARLINK-5807,25061.336,25706.834,645.498,
Contact STARLINK-5250 - STARLINK-5807,39428.132,40013.688,585.556,
Contact STARLINK-5250 - STARLINK-5807,53787.756,54328.930,541.174,
Contact STARLINK-5250 - STARLINK-5807,68163.801,68626.573,462.772,
Contact STARLINK-5250 - STARLINK-5807,82531.214,82934.028,402.813,
Contact STARLINK-5250 - STARLINK-30367,0.000,79175.971,79175.971,
Contact STARLINK-5250 - STARLINK-30367,79870.402,86400.000,6529.598,
Contact STARLINK-5250 - STARLINK-5151,0.000,3471.552,3471.552,
Contact STARLINK-5250 - STARLINK-5151,7566.262,14617.573,7051.310,
Contact STARLINK-5250 - STARLINK-5151,25041.664,25680.500,638.836,
Contact STARLINK-5250 - STARLINK-2388,25065.079,25647.639,582.560,
Contact STARLINK-5250 - STARLINK-2388,39311.898,39919.225,607.327,
Contact STARLINK-5250 - STARLINK-2388,53550.535,54199.300,648.766,
Contact STARLINK-5250 - STARLINK-2388,67799.299,68468.912,669.613,
Contact STARLINK-5250 - STARLINK-2388,79195.482,79887.540,692.058,
Contact STARLINK-5250 - STARLINK-1700,10361.830,11022.068,660.238,
Contact STARLINK-5250 - STARLINK-1700,24651.404,25305.720,654.316,
Contact STARLINK-5250 - STARLINK-1700,50377.567,51010.720,633.153,
Contact STARLINK-5250 - STARLINK-1700,64667.306,65294.178,626.872,
Contact STARLINK-5250 - STARLINK-1700,78960.789,79573.438,612.649,
Contact STARLINK-5250 - STARLINK-31463,14058.916,14608.625,549.710,
Contact STARLINK-5250 - STARLINK-31463,25170.686,29020.594,3849.908,
Contact STARLINK-5250 - STARLINK-31463,39188.690,46176.292,6987.603,
Contact STARLINK-5250 - STARLINK-31463,53264.799,54722.137,1457.338,
Contact STARLINK-5250 - STARLINK-31463,61760.390,68875.903,7115.513,
Contact STARLINK-5250 - STARLINK-31463,78816.064,85775.179,6959.115,
Contact STARLINK-5250 - MoonARTEMIS1,0.000,7198.479,7198.479,
Contact STARLINK-5250 - MoonARTEMIS1,9274.308,12936.289,3661.980,
Contact STARLINK-5250 - MoonARTEMIS1,15002.761,24422.549,9419.787,
Contact STARLINK-5250 - MoonARTEMIS1,26465.899,30170.502,3704.603,
Contact STARLINK-5250 - MoonARTEMIS1,37903.609,41606.471,3702.861,
Contact STARLINK-5250 - MoonARTEMIS1,43619.869,53057.124,9437.254,
Contact STARLINK-5250 - MoonARTEMIS1,55058.852,64518.155,9459.302,
Contact STARLINK-5250 - MoonARTEMIS1,66503.812,70252.073,3748.261,
Contact STARLINK-5250 - MoonARTEMIS1,72228.257,81726.764,9498.507,
Contact STARLINK-5250 - MoonARTEMIS1,83681.135,86400.000,2718.865,
Contact STARLINK-5250 - MoonARTEMIS2,0.000,1559.695,1559.695,
Contact STARLINK-5250 - MoonARTEMIS2,3614.277,13018.951,9404.674,
Contact STARLINK-5250 - MoonARTEMIS2,15057.469,24474.168,9416.698,
Contact STARLINK-5250 - MoonARTEMIS2,26496.680,35921.739,9425.059,
Contact STARLINK-5250 - MoonARTEMIS2,37928.829,41639.517,3710.687,
Contact STARLINK-5250 - MoonARTEMIS2,43639.505,47346.181,3706.676,
Contact STARLINK-5250 - MoonARTEMIS2,55101.615,64611.829,9510.213,
Contact STARLINK-5250 - MoonARTEMIS2,66569.755,70358.581,3788.826,
Contact STARLINK-5250 - MoonARTEMIS2,72302.341,81849.758,9547.417,
Contact STARLINK-5250 - MoonARTEMIS2,83765.781,86400.000,2634.219,
Contact STARLINK-5250 - MoonIOAGEO,0.000,12962.326,12962.326,
Contact STARLINK-5250 - MoonIOAGEO,17205.232,24447.446,7242.215,
Contact STARLINK-5250 - MoonIOAGEO,26476.797,35900.772,9423.975,
Contact STARLINK-5250 - MoonIOAGEO,37914.148,41621.321,3707.173,
Contact STARLINK-5250 - MoonIOAGEO,43631.504,53088.967,9457.463,
Contact STARLINK-5250 - MoonIOAGEO,66550.350,70333.443,3783.093,
Contact STARLINK-5250 - MoonIOAGEO,72277.665,81787.887,9510.222,
Contact STARLINK-5250 - MoonIOAGEO,83715.434,86400.000,2684.566,
Contact STARLINK-5250 - MoonIOAGNO,0.000,12981.265,12981.265,
Contact STARLINK-5250 - MoonIOAGNO,15037.159,24442.323,9405.164,
Contact STARLINK-5250 - MoonIOAGNO,26486.867,35893.458,9406.591,
Contact STARLINK-5250 - MoonIOAGNO,37921.615,41620.345,3698.729,
Contact STARLINK-5250 - MoonIOAGNO,43636.427,53111.662,9475.235,
Contact STARLINK-5250 - MoonIOAGNO,55102.010,64589.702,9487.692,
Contact STARLINK-5250 - MoonIOAGNO,66565.072,70319.373,3754.301,
Contact STARLINK-5250 - MoonIOAGNO,72287.068,81778.104,9491.036,
Contact STARLINK-5250 - MoonIOAGNO,83722.167,86400.000,2677.833,
Contact STARLINK-5250 - MoonIOAGNO 0001,0.000,12965.193,12965.193,
Contact STARLINK-5250 - MoonIOAGNO 0001,15027.327,24418.027,9390.700,
Contact STARLINK-5250 - MoonIOAGNO 0001,26458.148,35914.761,9456.613,
Contact STARLINK-5250 - MoonIOAGNO 0001,37935.705,41647.702,3711.997,
Contact STARLINK-5250 - MoonIOAGNO 0001,43662.854,53103.373,9440.519,
Contact STARLINK-5250 - MoonIOAGNO 0001,55103.359,64560.726,9457.367,
Contact STARLINK-5250 - MoonIOAGNO 0001,66534.782,70300.617,3765.835,
Contact STARLINK-5250 - MoonIOAGNO 0001,72259.221,81807.743,9548.522,
Contact STARLINK-5250 - MoonIOAGNO 0001,83745.628,86400.000,2654.372,
Contact STARLINK-5250 - MoonIOAGSO,0.000,7235.266,7235.266,
Contact STARLINK-5250 - MoonIOAGSO,15011.629,24432.589,9420.960,
Contact STARLINK-5250 - MoonIOAGSO,26452.866,35901.467,9448.601,
Contact STARLINK-5250 - MoonIOAGSO,37906.320,41635.726,3729.406,
Contact STARLINK-5250 - MoonIOAGSO,43636.972,52232.322,8595.350,
Contact STARLINK-5250 - MoonIOAGSO,55085.191,64580.993,9495.802,
Contact STARLINK-5250 - MoonIOAGSO,66525.839,70321.623,3795.784,
Contact STARLINK-5250 - MoonIOAGSO,72252.312,81800.673,9548.361,
Contact STARLINK-5250 - MoonIOAGSO,83714.399,86400.000,2685.601,
Contact STARLINK-5250 - MoonIOAGSO 0001,0.000,12966.953,12966.953,
Contact STARLINK-5250 - MoonIOAGSO 0001,15009.502,24432.090,9422.588,
Contact STARLINK-5250 - MoonIOAGSO 0001,26469.250,30163.708,3694.459,
Contact STARLINK-5250 - MoonIOAGSO 0001,37905.230,41634.692,3729.462,
Contact STARLINK-5250 - MoonIOAGSO 0001,43625.880,53108.946,9483.065,
Contact STARLINK-5250 - MoonIOAGSO 0001,55077.427,64581.318,9503.891,
Contact STARLINK-5250 - MoonIOAGSO 0001,66540.077,70313.895,3773.818,
Contact STARLINK-5250 - MoonIOAGSO 0001,77985.726,81794.034,3808.309,
Contact STARLINK-5250 - MoonIOAGSO 0001,83706.241,86400.000,2693.759,
Contact STARLINK-5250 - MoonLRO,3577.409,7232.567,3655.159,
Contact STARLINK-5250 - MoonLRO,20738.433,24433.051,3694.618,
Contact STARLINK-5250 - MoonLRO,27304.203,30167.404,2863.201,
Contact STARLINK-5250 - MoonLRO,49364.018,51817.524,2453.506,
Contact STARLINK-5250 - MoonLRO,55084.860,58641.761,3556.900,
Contact STARLINK-5250 - MoonLRO,68286.928,70316.146,2029.217,
Contact STARLINK-5250 - MoonLRO,75126.327,76051.663,925.336,
Contact STARLINK-5250 - MarsSat1,0.000,3237.765,3237.765,
Contact STARLINK-5250 - MarsSat1,4887.681,20382.104,15494.423,
Contact STARLINK-5250 - MarsSat1,22051.616,31811.581,9759.964,
Contact STARLINK-5250 - MarsSat1,33493.772,48955.582,15461.810,
Contact STARLINK-5250 - MarsSat1,50656.254,60384.772,9728.517,
Contact STARLINK-5250 - MarsSat1,62097.447,71813.887,9716.440,
Contact STARLINK-5250 - MarsSat1,73538.333,77528.432,3990.100,
Contact STARLINK-5250 - MarsSat1,79258.676,86400.000,7141.324,
Contact STARLINK-5250 - MarsSat2,0.000,3237.842,3237.842,
Contact STARLINK-5250 - MarsSat2,4887.714,20381.968,15494.254,
Contact STARLINK-5250 - MarsSat2,22051.520,31811.369,9759.848,
Contact STARLINK-5250 - MarsSat2,33493.645,48955.388,15461.743,
Contact STARLINK-5250 - MarsSat2,50656.204,60384.669,9728.465,
Contact STARLINK-5250 - MarsSat2,62097.498,71813.896,9716.398,
Contact STARLINK-5250 - MarsSat2,73538.469,77528.489,3990.020,
Contact STARLINK-5250 - MarsSat2,79258.835,86400.000,7141.165,
Contact STARLINK-5250 - MarsSat3,0.000,3237.950,3237.950,
Contact STARLINK-5250 - MarsSat3,4887.738,20382.089,15494.351,
Contact STARLINK-5250 - MarsSat3,22051.512,31811.433,9759.921,
Contact STARLINK-5250 - MarsSat3,33493.673,48955.448,15461.775,
Contact STARLINK-5250 - MarsSat3,50656.269,60384.745,9728.476,
Contact STARLINK-5250 - MarsSat3,62097.555,71813.981,9716.426,
Contact STARLINK-5250 - MarsSat3,73538.495,77528.573,3990.078,
Contact STARLINK-5250 - MarsSat3,79258.838,86400.000,7141.162,
Contact STARLINK-5250 - MarsSat4,0.000,3237.826,3237.826,
Contact STARLINK-5250 - MarsSat4,4887.786,8952.633,4064.847,
Contact STARLINK-5250 - MarsSat4,10824.423,20382.092,9557.670,
Contact STARLINK-5250 - MarsSat4,22051.543,31811.470,9759.927,
Contact STARLINK-5250 - MarsSat4,33493.699,48955.509,15461.809,
Contact STARLINK-5250 - MarsSat4,50656.168,60384.702,9728.534,
Contact STARLINK-5250 - MarsSat4,62097.484,71813.923,9716.439,
Contact STARLINK-5250 - MarsSat4,75534.652,77528.525,1993.873,
Contact STARLINK-5250 - MarsSat4,79258.758,86400.000,7141.242,
Contact STARLINK-3081 - STARLINK-30611,0.000,211.270,211.270,
Contact STARLINK-3081 - STARLINK-30611,13653.435,14468.454,815.018,
Contact STARLINK-3081 - STARLINK-30611,25068.398,25855.760,787.362,
Contact STARLINK-3081 - STARLINK-30611,39362.081,40064.561,702.481,
Contact STARLINK-3081 - STARLINK-30611,53677.533,54253.266,575.733,
Contact STARLINK-3081 - STARLINK-5215,10437.528,11330.495,892.967,
Contact STARLINK-3081 - STARLINK-5215,24779.351,25679.199,899.848,
Contact STARLINK-3081 - STARLINK-5215,39137.613,40010.591,872.977,
Contact STARLINK-3081 - STARLINK-5215,53495.367,54343.403,848.035,
Contact STARLINK-3081 - STARLINK-5215,67871.463,68657.074,785.611,
Contact STARLINK-3081 - STARLINK-5215,82246.289,82972.926,726.637,
Contact STARLINK-3081 - STARLINK-32081,4120.463,14272.741,10152.279,
Contact STARLINK-3081 - STARLINK-32081,18212.507,28468.302,10255.795,
Contact STARLINK-3081 - STARLINK-32081,35487.546,42433.771,6946.224,
Contact STARLINK-3081 - STARLINK-32081,50376.490,50490.982,114.492,
Contact STARLINK-3081 - STARLINK-1301,0.000,3874.486,3874.486,
Contact STARLINK-3081 - STARLINK-1301,14379.970,18216.816,3836.847,
Contact STARLINK-3081 - STARLINK-1301,28784.044,32533.034,3748.990,
Contact STARLINK-3081 - STARLINK-1301,46093.321,46854.811,761.491,
Contact STARLINK-3081 - STARLINK-31617,71999.743,72346.375,346.632,
Contact STARLINK-3081 - STARLINK-31617,86038.872,86400.000,361.128,
Contact STARLINK-3081 - STARLINK-2751,0.000,132.918,132.918,
Contact STARLINK-3081 - STARLINK-2751,10789.135,14490.147,3701.012,
Contact STARLINK-3081 - STARLINK-2751,25160.077,28841.979,3681.902,
Contact STARLINK-3081 - STARLINK-2751,39536.101,40321.999,785.898,
Contact STARLINK-3081 - STARLINK-2751,53912.744,54671.274,758.530,
Contact STARLINK-3081 - STARLINK-2751,68295.999,69013.052,717.053,
Contact STARLINK-3081 - STARLINK-2751,82678.269,83356.746,678.476,
Contact STARLINK-3081 - STARLINK-32235,57330.716,57725.824,395.108,
Contact STARLINK-3081 - STARLINK-32235,71295.111,72055.853,760.742,
Contact STARLINK-3081 - STARLINK-32235,82563.737,83419.707,855.970,
Contact STARLINK-3081 - STARLINK-11266 [DTC],6977.372,10825.345,3847.973,
Contact STARLINK-3081 - STARLINK-11266 [DTC],21399.853,21901.093,501.240,
Contact STARLINK-3081 - STARLINK-30316,0.000,8.156,8.156,
Contact STARLINK-3081 - STARLINK-30316,10784.429,11315.665,531.236,
Contact STARLINK-3081 - STARLINK-30316,25155.437,25391.593,236.157,
Contact STARLINK-3081 - STARLINK-6044,2995.670,3852.726,857.056,
Contact STARLINK-3081 - STARLINK-6044,17404.735,18269.764,865.029,
Contact STARLINK-3081 - STARLINK-6044,31824.679,32675.619,850.940,
Contact STARLINK-3081 - STARLINK-6044,46234.455,47091.932,857.476,
Contact STARLINK-3081 - STARLINK-6044,60654.861,61497.331,842.471,
Contact STARLINK-3081 - STARLINK-6044,75065.343,75912.922,847.579,
Contact STARLINK-3081 - STARLINK-30472,61187.177,64812.988,3625.811,
Contact STARLINK-3081 - STARLINK-30472,75490.072,79247.179,3757.107,
Contact STARLINK-3081 - STARLINK-30196,0.000,3608.533,3608.533,
Contact STARLINK-3081 - STARLINK-30196,14213.835,15108.273,894.439,
Contact STARLINK-3081 - STARLINK-30196,28567.165,29480.813,913.647,
Contact STARLINK-3081 - STARLINK-30196,42931.329,43843.126,911.797,
Contact STARLINK-3081 - STARLINK-30196,57295.221,58205.024,909.804,
Contact STARLINK-3081 - STARLINK-30196,71668.949,72557.805,888.856,
Contact STARLINK-3081 - STARLINK-30196,86043.180,86400.000,356.820,
Contact STARLINK-3081 - STARLINK-31627,61180.790,61739.330,558.541,
Contact STARLINK-3081 - STARLINK-31627,75360.833,76093.223,732.390,
Contact STARLINK-3081 - STARLINK-3182,75385.237,86400.000,11014.763,
Contact STARLINK-3081 - STARLINK-31407,0.000,3633.117,3633.117,
Contact STARLINK-3081 - STARLINK-31407,14202.206,14864.234,662.028,
Contact STARLINK-3081 - STARLINK-32094,10548.772,11243.187,694.416,
Contact STARLINK-3081 - STARLINK-32094,24893.807,25318.229,424.423,
Contact STARLINK-3081 - STARLINK-31827,53971.120,54607.405,636.285,
Contact STARLINK-3081 - STARLINK-31827,68047.507,68974.520,927.012,
Contact STARLINK-3081 - STARLINK-31827,82218.703,83244.919,1026.215,
Contact STARLINK-3081 - STARLINK-30767,7164.534,7442.018,277.485,
Contact STARLINK-3081 - STARLINK-31800,3034.429,3955.801,921.373,
Contact STARLINK-3081 - STARLINK-31800,14368.308,18192.821,3824.513,
Contact STARLINK-3081 - STARLINK-31800,28624.431,29503.042,878.611,
Contact STARLINK-3081 - STARLINK-31800,43020.722,43519.984,499.261,
Contact STARLINK-3081 - STARLINK-3533,6799.209,13871.996,7072.787,
Contact STARLINK-3081 - STARLINK-3533,21212.530,28164.486,6951.956,
Contact STARLINK-3081 - STARLINK-3533,35629.397,36741.838,1112.441,
Contact STARLINK-3081 - STARLINK-3533,50101.649,50986.346,884.697,
Contact STARLINK-3081 - STARLINK-3533,64596.294,65204.470,608.177,
Contact STARLINK-3081 - STARLINK-31987,67999.693,68975.355,975.662,
Contact STARLINK-3081 - STARLINK-31987,82097.534,83368.930,1271.396,
Contact STARLINK-3081 - STARLINK-6311,0.000,363.120,363.120,
Contact STARLINK-3081 - STARLINK-6311,13859.826,14744.990,885.164,
Contact STARLINK-3081 - STARLINK-6311,28226.187,29122.975,896.788,
Contact STARLINK-3081 - STARLINK-6311,42595.650,43498.664,903.014,
Contact STARLINK-3081 - STARLINK-6311,56969.089,57869.529,900.439,
Contact STARLINK-3081 - STARLINK-6311,71344.811,72238.970,894.159,
Contact STARLINK-3081 - STARLINK-6311,85725.441,86400.000,674.559,
Contact STARLINK-3081 - STARLINK-2228,39361.497,40174.166,812.670,
Contact STARLINK-3081 - STARLINK-2228,53454.704,54371.217,916.513,
Contact STARLINK-3081 - STARLINK-2228,67705.530,68410.556,705.027,
Contact STARLINK-3081 - STARLINK-1736,3225.249,3829.383,604.134,
Contact STARLINK-3081 - STARLINK-1736,17394.227,18142.045,747.818,
Contact STARLINK-3081 - STARLINK-1736,28757.129,32413.808,3656.679,
Contact STARLINK-3081 - STARLINK-1736,42991.379,43811.611,820.233,
Contact STARLINK-3081 - STARLINK-1736,57251.084,58032.400,781.315,
Contact STARLINK-3081 - STARLINK-1736,71545.910,72219.820,673.910,
Contact STARLINK-3081 - STARLINK-30425,32171.557,32953.545,781.987,
Contact STARLINK-3081 - STARLINK-30425,46268.703,47180.684,911.981,
Contact STARLINK-3081 - STARLINK-30425,60496.788,61277.833,781.045,
Contact STARLINK-3081 - STARLINK-30425,71977.801,72459.006,481.205,
Contact STARLINK-3081 - STARLINK-3346,0.000,3833.229,3833.229,
Contact STARLINK-3081 - STARLINK-3346,14387.328,18089.374,3702.046,
Contact STARLINK-3081 - STARLINK-30320,0.000,459.776,459.776,
Contact STARLINK-3081 - STARLINK-30320,13878.065,14673.585,795.520,
Contact STARLINK-3081 - STARLINK-30320,28111.093,28849.034,737.941,
Contact STARLINK-3081 - STARLINK-30320,39527.084,40160.987,633.904,
Contact STARLINK-3081 - STARLINK-30320,53835.966,54263.541,427.575,
Contact STARLINK-3081 - STARLINK-31919,0.000,17351.829,17351.829,
Contact STARLINK-3081 - STARLINK-31919,18273.257,22531.372,4258.115,
Contact STARLINK-3081 - STARLINK-31639,0.000,76.928,76.928,
Contact STARLINK-3081 - STARLINK-31600,0.000,3727.388,3727.388,
Contact STARLINK-3081 - STARLINK-30613,7106.590,7717.488,610.898,
Contact STARLINK-3081 - STARLINK-31764,0.000,3832.735,3832.735,
Contact STARLINK-3081 - STARLINK-31764,14236.175,15155.293,919.117,
Contact STARLINK-3081 - STARLINK-31764,28605.384,29203.928,598.544,
Contact STARLINK-3081 - STARLINK-5618,10252.133,10993.011,740.877,
Contact STARLINK-3081 - STARLINK-5618,24614.543,25342.074,727.532,
Contact STARLINK-3081 - STARLINK-5618,38990.752,39676.674,685.922,
Contact STARLINK-3081 - STARLINK-5618,53356.217,54022.733,666.517,
Contact STARLINK-3081 - STARLINK-6255,0.000,56.074,56.074,
Contact STARLINK-3081 - STARLINK-6255,10759.062,14432.957,3673.896,
Contact STARLINK-3081 - STARLINK-6255,25162.282,28807.368,3645.087,
Contact STARLINK-3081 - STARLINK-6255,39567.551,40306.025,738.474,
Contact STARLINK-3081 - STARLINK-6255,53973.751,54678.816,705.065,
Contact STARLINK-3081 - STARLINK-6255,68383.128,69047.630,664.502,
Contact STARLINK-3081 - STARLINK-6255,82792.698,83417.068,624.370,
Contact STARLINK-3081 - STARLINK-3898,0.000,215.642,215.642,
Contact STARLINK-3081 - STARLINK-3898,13722.611,14566.237,843.627,
Contact STARLINK-3081 - STARLINK-3898,28076.337,28909.458,833.121,
Contact STARLINK-3081 - STARLINK-3898,39562.228,43251.151,3688.923,
Contact STARLINK-3081 - STARLINK-3898,53922.148,54719.711,797.563,
Contact STARLINK-3081 - STARLINK-3898,68290.585,69048.222,757.637,
Contact STARLINK-3081 - STARLINK-3898,82659.332,83377.649,718.317,
Contact STARLINK-3081 - STARLINK-30842,3116.650,10170.690,7054.040,
Contact STARLINK-3081 - STARLINK-30842,17420.316,24642.881,7222.564,
Contact STARLINK-3081 - STARLINK-30842,31754.610,39071.020,7316.410,
Contact STARLINK-3081 - STARLINK-30842,46089.079,53512.893,7423.814,
Contact STARLINK-3081 - STARLINK-30842,54707.000,67912.051,13205.051,
Contact STARLINK-3081 - STARLINK-30842,69065.151,82323.596,13258.445,
Contact STARLINK-3081 - STARLINK-30842,83450.447,86400.000,2949.553,
Contact STARLINK-3081 - STARLINK-31539,39169.001,40272.923,1103.922,
Contact STARLINK-3081 - STARLINK-31539,53272.739,54558.888,1286.149,
Contact STARLINK-3081 - STARLINK-31539,61854.323,68608.929,6754.605,
Contact STARLINK-3081 - STARLINK-5807,6816.285,7692.539,876.254,
Contact STARLINK-3081 - STARLINK-5807,21195.431,22141.596,946.164,
Contact STARLINK-3081 - STARLINK-5807,35534.288,36627.979,1093.691,
Contact STARLINK-3081 - STARLINK-5807,49920.795,51069.813,1149.018,
Contact STARLINK-3081 - STARLINK-5807,64270.745,71326.666,7055.921,
Contact STARLINK-3081 - STARLINK-5807,78662.249,85762.818,7100.569,
Contact STARLINK-3081 - STARLINK-1581,75378.863,75693.867,315.004,
Contact STARLINK-3081 - STARLINK-30367,0.000,151.560,151.560,
Contact STARLINK-3081 - STARLINK-30367,10751.633,14546.622,3794.990,
Contact STARLINK-3081 - STARLINK-30367,25141.532,28936.959,3795.427,
Contact STARLINK-3081 - STARLINK-30367,39535.665,43329.407,3793.742,
Contact STARLINK-3081 - STARLINK-30367,53928.221,57716.484,3788.262,
Contact STARLINK-3081 - STARLINK-30367,68325.649,72106.253,3780.604,
Contact STARLINK-3081 - STARLINK-30367,82720.931,86400.000,3679.069,
Contact STARLINK-3081 - STARLINK-5151,3995.173,42913.998,38918.825,
Contact STARLINK-3081 - STARLINK-5151,49883.357,54027.150,4143.793,
Contact STARLINK-3081 - STARLINK-2388,32299.952,36376.120,4076.168,
Contact STARLINK-3081 - STARLINK-2388,43542.130,53878.250,10336.120,
Contact STARLINK-3081 - STARLINK-2388,57654.659,68364.795,10710.136,
Contact STARLINK-3081 - STARLINK-2388,69001.216,82775.202,13773.986,
Contact STARLINK-3081 - STARLINK-2388,83298.795,86400.000,3101.205,
Contact STARLINK-3081 - STARLINK-1700,3281.656,7368.248,4086.592,
Contact STARLINK-3081 - STARLINK-1700,17576.888,24664.817,7087.929,
Contact STARLINK-3081 - STARLINK-1700,31913.019,39043.882,7130.863,
Contact STARLINK-3081 - STARLINK-1700,46252.326,53422.726,7170.400,
Contact STARLINK-3081 - STARLINK-1700,60630.880,67759.546,7128.666,
Contact STARLINK-3081 - STARLINK-1700,75011.794,82097.352,7085.558,
Contact STARLINK-3081 - STARLINK-31463,36958.014,86400.000,49441.986,
Contact STARLINK-3081 - MoonARTEMIS1,0.000,7077.392,7077.392,
Contact STARLINK-3081 - MoonARTEMIS1,9215.209,12866.225,3651.016,
Contact STARLINK-3081 - MoonARTEMIS1,15008.429,24448.220,9439.791,
Contact STARLINK-3081 - MoonARTEMIS1,26599.272,30241.359,3642.087,
Contact STARLINK-3081 - MoonARTEMIS1,33988.627,41797.460,7808.833,
Contact STARLINK-3081 - MoonARTEMIS1,43945.139,53359.246,9414.107,
Contact STARLINK-3081 - MoonARTEMIS1,55509.860,59141.754,3631.894,
Contact STARLINK-3081 - MoonARTEMIS1,61293.904,70709.324,9415.420,
Contact STARLINK-3081 - MoonARTEMIS1,72864.488,82280.037,9415.550,
Contact STARLINK-3081 - MoonARTEMIS1,84437.871,86400.000,1962.129,
Contact STARLINK-3081 - MoonARTEMIS2,0.000,7117.077,7117.077,
Contact STARLINK-3081 - MoonARTEMIS2,9265.191,12901.243,3636.052,
Contact STARLINK-3081 - MoonARTEMIS2,15050.653,24468.087,9417.434,
Contact STARLINK-3081 - MoonARTEMIS2,26619.243,30250.502,3631.259,
Contact STARLINK-3081 - MoonARTEMIS2,32402.016,41811.461,9409.445,
Contact STARLINK-3081 - MoonARTEMIS2,43961.449,47371.184,3409.735,
Contact STARLINK-3081 - MoonARTEMIS2,55538.910,59171.270,3632.360,
Contact STARLINK-3081 - MoonARTEMIS2,61329.009,70747.816,9418.807,
Contact STARLINK-3081 - MoonARTEMIS2,72906.294,82322.784,9416.490,
Contact STARLINK-3081 - MoonARTEMIS2,84480.932,86400.000,1919.068,
Contact STARLINK-3081 - MoonIOAGEO,0.000,7089.277,7089.277,
Contact STARLINK-3081 - MoonIOAGEO,9230.218,12880.119,3649.900,
Contact STARLINK-3081 - MoonIOAGEO,17151.736,24462.591,7310.855,
Contact STARLINK-3081 - MoonIOAGEO,26612.260,41802.930,15190.670,
Contact STARLINK-3081 - MoonIOAGEO,43952.728,53371.992,9419.265,
Contact STARLINK-3081 - MoonIOAGEO,61377.170,70744.847,9367.676,
Contact STARLINK-3081 - MoonIOAGEO,72902.375,82304.549,9402.174,
Contact STARLINK-3081 - MoonIOAGEO,84460.216,86400.000,1939.784,
Contact STARLINK-3081 - MoonIOAGNO,0.000,7101.043,7101.043,
Contact STARLINK-3081 - MoonIOAGNO,9245.630,12883.163,3637.533,
Contact STARLINK-3081 - MoonIOAGNO,15025.263,24435.803,9410.540,
Contact STARLINK-3081 - MoonIOAGNO,26583.991,41792.262,15208.271,
Contact STARLINK-3081 - MoonIOAGNO,43947.458,53384.284,9436.826,
Contact STARLINK-3081 - MoonIOAGNO,55536.983,59159.805,3622.823,
Contact STARLINK-3081 - MoonIOAGNO,61313.834,70716.994,9403.160,
Contact STARLINK-3081 - MoonIOAGNO,72874.399,82287.569,9413.169,
Contact STARLINK-3081 - MoonIOAGNO,84448.010,86400.000,1951.990,
Contact STARLINK-3081 - MoonIOAGNO 0001,0.000,7076.352,7076.352,
Contact STARLINK-3081 - MoonIOAGNO 0001,9218.803,12860.712,3641.909,
Contact STARLINK-3081 - MoonIOAGNO 0001,15005.647,24444.042,9438.395,
Contact STARLINK-3081 - MoonIOAGNO 0001,26596.072,41797.018,15200.946,
Contact STARLINK-3081 - MoonIOAGNO 0001,43949.026,53358.552,9409.526,
Contact STARLINK-3081 - MoonIOAGNO 0001,55514.452,59144.714,3630.262,
Contact STARLINK-3081 - MoonIOAGNO 0001,61302.476,70733.891,9431.415,
Contact STARLINK-3081 - MoonIOAGNO 0001,72896.913,82299.381,9402.468,
Contact STARLINK-3081 - MoonIOAGNO 0001,84455.271,86400.000,1944.729,
Contact STARLINK-3081 - MoonIOAGSO,0.000,7091.203,7091.203,
Contact STARLINK-3081 - MoonIOAGSO,15039.398,24478.063,9438.665,
Contact STARLINK-3081 - MoonIOAGSO,26625.671,30263.288,3637.616,
Contact STARLINK-3081 - MoonIOAGSO,32411.503,41820.982,9409.480,
Contact STARLINK-3081 - MoonIOAGSO,43969.759,52194.300,8224.540,
Contact STARLINK-3081 - MoonIOAGSO,55539.342,59178.746,3639.404,
Contact STARLINK-3081 - MoonIOAGSO,61337.764,70760.048,9422.284,
Contact STARLINK-3081 - MoonIOAGSO,72917.295,82323.459,9406.165,
Contact STARLINK-3081 - MoonIOAGSO,84478.740,86400.000,1921.260,
Contact STARLINK-3081 - MoonIOAGSO 0001,0.000,7123.163,7123.163,
Contact STARLINK-3081 - MoonIOAGSO 0001,9263.123,12904.966,3641.842,
Contact STARLINK-3081 - MoonIOAGSO 0001,15046.153,24455.730,9409.577,
Contact STARLINK-3081 - MoonIOAGSO 0001,26598.759,30233.307,3634.548,
Contact STARLINK-3081 - MoonIOAGSO 0001,33421.895,41830.009,8408.115,
Contact STARLINK-3081 - MoonIOAGSO 0001,43983.909,53403.400,9419.491,
Contact STARLINK-3081 - MoonIOAGSO 0001,55557.122,59183.679,3626.557,
Contact STARLINK-3081 - MoonIOAGSO 0001,61337.085,70730.921,9393.836,
Contact STARLINK-3081 - MoonIOAGSO 0001,78686.902,82322.224,3635.322,
Contact STARLINK-3081 - MoonIOAGSO 0001,84483.104,86400.000,1916.896,
Contact STARLINK-3081 - MoonLRO,3448.415,3982.687,534.272,
Contact STARLINK-3081 - MoonLRO,9239.084,10802.845,1563.761,
Contact STARLINK-3081 - MoonLRO,20817.503,24440.409,3622.906,
Contact STARLINK-3081 - MoonLRO,27335.194,30236.156,2900.962,
Contact STARLINK-3081 - MoonLRO,34147.864,36025.207,1877.343,
Contact STARLINK-3081 - MoonLRO,49749.590,51793.929,2044.339,
Contact STARLINK-3081 - MoonLRO,55538.159,58610.722,3072.563,
Contact STARLINK-3081 - MoonLRO,61469.331,70734.671,9265.340,
Contact STARLINK-3081 - MoonLRO,75096.164,76523.588,1427.424,
Contact STARLINK-3081 - MarsSat1,0.000,2277.346,2277.346,
Contact STARLINK-3081 - MarsSat1,4198.379,13830.668,9632.289,
Contact STARLINK-3081 - MarsSat1,15747.401,31160.807,15413.406,
Contact STARLINK-3081 - MarsSat1,33070.999,42714.283,9643.284,
Contact STARLINK-3081 - MarsSat1,44620.061,60044.562,15424.501,
Contact STARLINK-3081 - MarsSat1,61943.623,71598.173,9654.550,
Contact STARLINK-3081 - MarsSat1,73492.682,77375.023,3882.341,
Contact STARLINK-3081 - MarsSat1,79267.230,86400.000,7132.770,
Contact STARLINK-3081 - MarsSat2,0.000,2277.402,2277.402,
Contact STARLINK-3081 - MarsSat2,4198.424,13830.625,9632.201,
Contact STARLINK-3081 - MarsSat2,15747.337,31160.677,15413.340,
Contact STARLINK-3081 - MarsSat2,33070.837,42714.163,9643.326,
Contact STARLINK-3081 - MarsSat2,44619.897,60044.555,15424.658,
Contact STARLINK-3081 - MarsSat2,61943.557,71598.255,9654.698,
Contact STARLINK-3081 - MarsSat2,73492.704,77375.136,3882.432,
Contact STARLINK-3081 - MarsSat2,79267.289,86400.000,7132.711,
Contact STARLINK-3081 - MarsSat3,0.000,2277.448,2277.448,
Contact STARLINK-3081 - MarsSat3,4198.506,13830.669,9632.163,
Contact STARLINK-3081 - MarsSat3,15747.440,31160.706,15413.266,
Contact STARLINK-3081 - MarsSat3,33070.882,42714.210,9643.327,
Contact STARLINK-3081 - MarsSat3,44619.940,60044.612,15424.672,
Contact STARLINK-3081 - MarsSat3,61943.618,71598.297,9654.679,
Contact STARLINK-3081 - MarsSat3,73492.772,77375.163,3882.390,
Contact STARLINK-3081 - MarsSat3,79267.355,86400.000,7132.645,
Contact STARLINK-3081 - MarsSat4,0.000,2277.425,2277.425,
Contact STARLINK-3081 - MarsSat4,4198.425,8054.053,3855.628,
Contact STARLINK-3081 - MarsSat4,15747.435,31160.734,15413.299,
Contact STARLINK-3081 - MarsSat4,33070.914,41360.023,8289.109,
Contact STARLINK-3081 - MarsSat4,44620.006,60044.553,15424.547,
Contact STARLINK-3081 - MarsSat4,61943.577,71598.250,9654.673,
Contact STARLINK-3081 - MarsSat4,75534.548,77375.103,1840.555,
Contact STARLINK-3081 - MarsSat4,79267.309,86400.000,7132.691,
Contact STARLINK-5057 - STARLINK-30214,0.000,3718.201,3718.201,
Contact STARLINK-5057 - STARLINK-30214,14196.218,18009.875,3813.657,
Contact STARLINK-5057 - STARLINK-30214,28529.121,29436.896,907.775,
Contact STARLINK-5057 - STARLINK-30214,42871.107,43712.745,841.639,
Contact STARLINK-5057 - STARLINK-30214,57224.085,57977.243,753.158,
Contact STARLINK-5057 - STARLINK-30214,71588.918,72230.400,641.482,
Contact STARLINK-5057 - STARLINK-30214,85974.363,86400.000,425.637,
Contact STARLINK-5057 - STARLINK-4651,0.000,86400.000,86400.000,
Contact STARLINK-5057 - STARLINK-31617,0.000,308.550,308.550,
Contact STARLINK-5057 - STARLINK-31617,10717.299,14605.443,3888.143,
Contact STARLINK-5057 - STARLINK-31617,24739.382,31660.275,6920.893,
Contact STARLINK-5057 - STARLINK-31617,38816.702,40155.541,1338.839,
Contact STARLINK-5057 - STARLINK-31617,47307.864,54240.478,6932.614,
Contact STARLINK-5057 - STARLINK-31617,64354.422,65462.436,1108.014,
Contact STARLINK-5057 - STARLINK-31617,78645.328,79420.872,775.544,
Contact STARLINK-5057 - STARLINK-32235,0.000,77.954,77.954,
Contact STARLINK-5057 - STARLINK-32235,10388.206,11544.626,1156.420,
Contact STARLINK-5057 - STARLINK-32235,18751.757,25672.516,6920.760,
Contact STARLINK-5057 - STARLINK-32235,35664.434,42386.744,6722.309,
Contact STARLINK-5057 - STARLINK-32235,49989.054,50626.796,637.741,
Contact STARLINK-5057 - STARLINK-2602,35480.377,36542.102,1061.725,
Contact STARLINK-5057 - STARLINK-2602,43561.069,53991.443,10430.374,
Contact STARLINK-5057 - STARLINK-2602,54512.408,67947.144,13434.737,
Contact STARLINK-5057 - STARLINK-2602,68738.345,76099.371,7361.026,
Contact STARLINK-5057 - STARLINK-6044,10639.336,10971.881,332.546,
Contact STARLINK-5057 - STARLINK-6044,24915.843,25334.288,418.445,
Contact STARLINK-5057 - STARLINK-6044,39187.406,39701.779,514.373,
Contact STARLINK-5057 - STARLINK-6044,53477.083,54051.026,573.943,
Contact STARLINK-5057 - STARLINK-6044,67762.056,68404.887,642.831,
Contact STARLINK-5057 - STARLINK-6044,79196.945,79881.041,684.095,
Contact STARLINK-5057 - STARLINK-32254,0.000,86400.000,86400.000,
Contact STARLINK-5057 - STARLINK-4617,7002.865,10852.769,3849.904,
Contact STARLINK-5057 - STARLINK-4617,21329.056,22289.935,960.878,
Contact STARLINK-5057 - STARLINK-4617,35675.880,36573.310,897.430,
Contact STARLINK-5057 - STARLINK-4617,50015.077,50864.154,849.077,
Contact STARLINK-5057 - STARLINK-4617,64375.606,65133.805,758.199,
Contact STARLINK-5057 - STARLINK-4617,78728.047,79411.248,683.201,
Contact STARLINK-5057 - STARLINK-30472,14357.484,14560.287,202.803,
Contact STARLINK-5057 - STARLINK-30472,28539.915,28947.726,407.811,
Contact STARLINK-5057 - STARLINK-30472,42751.766,43305.648,553.882,
Contact STARLINK-5057 - STARLINK-30472,56988.759,57638.415,649.656,
Contact STARLINK-5057 - STARLINK-30472,68381.795,69101.145,719.350,
Contact STARLINK-5057 - STARLINK-30472,82626.150,83426.488,800.339,
Contact STARLINK-5057 - STARLINK-30825,0.000,76204.423,76204.423,
Contact STARLINK-5057 - STARLINK-31627,2851.703,3640.953,789.250,
Contact STARLINK-5057 - STARLINK-31627,14172.185,15000.035,827.850,
Contact STARLINK-5057 - STARLINK-31627,28329.075,29192.648,863.574,
Contact STARLINK-5057 - STARLINK-31627,42495.402,43375.585,880.182,
Contact STARLINK-5057 - STARLINK-31627,53833.248,54717.209,883.961,
Contact STARLINK-5057 - STARLINK-31627,68011.077,68888.885,877.808,
Contact STARLINK-5057 - STARLINK-31627,82199.179,83049.950,850.771,
Contact STARLINK-5057 - STARLINK-3182,3405.459,7410.900,4005.441,
Contact STARLINK-5057 - STARLINK-3182,17761.068,18633.319,872.251,
Contact STARLINK-5057 - STARLINK-3182,32168.562,32597.783,429.221,
Contact STARLINK-5057 - STARLINK-4413,6922.909,7868.484,945.575,
Contact STARLINK-5057 - STARLINK-4413,21208.869,22222.700,1013.831,
Contact STARLINK-5057 - STARLINK-4413,35519.498,36552.628,1033.130,
Contact STARLINK-5057 - STARLINK-4413,49824.460,50887.704,1063.244,
Contact STARLINK-5057 - STARLINK-4413,64155.376,65197.744,1042.367,
Contact STARLINK-5057 - STARLINK-4413,78481.581,79511.584,1030.004,
Contact STARLINK-5057 - STARLINK-4127,3326.236,4192.611,866.375,
Contact STARLINK-5057 - STARLINK-4127,17573.564,18494.007,920.444,
Contact STARLINK-5057 - STARLINK-4127,31807.965,32807.202,999.237,
Contact STARLINK-5057 - STARLINK-4127,46062.779,47101.036,1038.257,
Contact STARLINK-5057 - STARLINK-4127,57462.671,61406.025,3943.353,
Contact STARLINK-5057 - STARLINK-4127,71708.139,75693.302,3985.163,
Contact STARLINK-5057 - STARLINK-4127,85971.907,86400.000,428.093,
Contact STARLINK-5057 - STARLINK-30331,0.000,3055.299,3055.299,
Contact STARLINK-5057 - STARLINK-30331,4187.169,17389.527,13202.359,
Contact STARLINK-5057 - STARLINK-30331,18437.857,31698.910,13261.052,
Contact STARLINK-5057 - STARLINK-30331,32678.406,43141.551,10463.145,
Contact STARLINK-5057 - STARLINK-30331,46955.289,57437.382,10482.093,
Contact STARLINK-5057 - STARLINK-30331,61224.146,71705.878,10481.731,
Contact STARLINK-5057 - STARLINK-30331,72659.504,85971.745,13312.241,
Contact STARLINK-5057 - STARLINK-31827,6966.482,7893.745,927.263,
Contact STARLINK-5057 - STARLINK-31021,0.000,86400.000,86400.000,
Contact STARLINK-5057 - STARLINK-1736,10653.791,11060.934,407.143,
Contact STARLINK-5057 - STARLINK-6372,3193.114,3663.669,470.555,
Contact STARLINK-5057 - STARLINK-30425,0.000,720.278,720.278,
Contact STARLINK-5057 - STARLINK-30425,14031.677,14738.465,706.788,
Contact STARLINK-5057 - STARLINK-4687,0.000,86400.000,86400.000,
Contact STARLINK-5057 - STARLINK-5978,637.551,14026.765,13389.215,
Contact STARLINK-5057 - STARLINK-5978,14835.398,28431.109,13595.711,
Contact STARLINK-5057 - STARLINK-5978,29123.601,42704.399,13580.798,
Contact STARLINK-5057 - STARLINK-5978,43487.356,56941.660,13454.304,
Contact STARLINK-5057 - STARLINK-5978,57943.675,65431.889,7488.214,
Contact STARLINK-5057 - STARLINK-5978,72425.121,79597.205,7172.084,
Contact STARLINK-5057 - STARLINK-4402,0.000,3207.715,3207.715,
Contact STARLINK-5057 - STARLINK-4402,10169.503,17627.284,7457.781,
Contact STARLINK-5057 - STARLINK-4402,18711.706,32038.306,13326.600,
Contact STARLINK-5057 - STARLINK-4402,32916.189,46418.031,13501.842,
Contact STARLINK-5057 - STARLINK-4402,47178.156,60786.719,13608.563,
Contact STARLINK-5057 - STARLINK-4402,61426.632,75092.446,13665.814,
Contact STARLINK-5057 - STARLINK-4402,75763.217,86400.000,10636.783,
Contact STARLINK-5057 - STARLINK-31502,20839.397,22088.650,1249.253,
Contact STARLINK-5057 - STARLINK-31502,29158.470,39308.319,10149.849,
Contact STARLINK-5057 - STARLINK-31502,40306.252,53476.578,13170.326,
Contact STARLINK-5057 - STARLINK-31502,54370.015,64695.115,10325.100,
Contact STARLINK-5057 - STARLINK-31502,68625.751,78611.407,9985.656,
Contact STARLINK-5057 - STARLINK-31502,85914.519,86400.000,485.481,
Contact STARLINK-5057 - STARLINK-4631,0.000,86400.000,86400.000,
Contact STARLINK-5057 - STARLINK-5807,86157.535,86400.000,242.465,
Contact STARLINK-5057 - STARLINK-31722,47549.391,86400.000,38850.609,
Contact STARLINK-5057 - STARLINK-1581,14308.808,14515.248,206.439,
Contact STARLINK-5057 - STARLINK-1581,28282.522,28859.149,576.628,
Contact STARLINK-5057 - STARLINK-1581,39532.372,40263.154,730.782,
Contact STARLINK-5057 - STARLINK-1581,53628.282,54484.190,855.908,
Contact STARLINK-5057 - STARLINK-1581,67736.745,68692.511,955.766,
Contact STARLINK-5057 - STARLINK-1581,79041.842,82870.879,3829.037,
Contact STARLINK-5057 - STARLINK-3167,0.000,86400.000,86400.000,
Contact STARLINK-5057 - MoonARTEMIS1,200.720,9645.267,9444.548,
Contact STARLINK-5057 - MoonARTEMIS1,11660.583,21112.953,9452.371,
Contact STARLINK-5057 - MoonARTEMIS1,23131.944,26851.753,3719.809,
Contact STARLINK-5057 - MoonARTEMIS1,34583.716,38282.096,3698.380,
Contact STARLINK-5057 - MoonARTEMIS1,40289.926,49705.466,9415.541,
Contact STARLINK-5057 - MoonARTEMIS1,51715.932,61138.293,9422.361,
Contact STARLINK-5057 - MoonARTEMIS1,63152.286,66857.096,3704.810,
Contact STARLINK-5057 - MoonARTEMIS1,68873.328,78298.529,9425.201,
Contact STARLINK-5057 - MoonARTEMIS1,80320.327,86400.000,6079.673,
Contact STARLINK-5057 - MoonARTEMIS2,317.390,9736.791,9419.401,
Contact STARLINK-5057 - MoonARTEMIS2,11758.130,21173.388,9415.258,
Contact STARLINK-5057 - MoonARTEMIS2,23193.369,26889.368,3695.999,
Contact STARLINK-5057 - MoonARTEMIS2,28908.163,38314.127,9405.963,
Contact STARLINK-5057 - MoonARTEMIS2,40327.789,47422.394,7094.605,
Contact STARLINK-5057 - MoonARTEMIS2,51768.076,66933.180,15165.105,
Contact STARLINK-5057 - MoonARTEMIS2,68968.617,78382.895,9414.279,
Contact STARLINK-5057 - MoonARTEMIS2,80425.354,86400.000,5974.646,
Contact STARLINK-5057 - MoonIOAGEO,237.023,9672.838,9435.815,
Contact STARLINK-5057 - MoonIOAGEO,17427.990,21145.855,3717.864,
Contact STARLINK-5057 - MoonIOAGEO,23162.805,26872.902,3710.096,
Contact STARLINK-5057 - MoonIOAGEO,28886.877,38295.934,9409.057,
Contact STARLINK-5057 - MoonIOAGEO,40306.907,49725.134,9418.227,
Contact STARLINK-5057 - MoonIOAGEO,51744.661,55455.303,3710.641,
Contact STARLINK-5057 - MoonIOAGEO,63218.497,66922.244,3703.748,
Contact STARLINK-5057 - MoonIOAGEO,68950.713,78355.464,9404.751,
Contact STARLINK-5057 - MoonIOAGEO,80381.036,86400.000,6018.964,
Contact STARLINK-5057 - MoonIOAGNO,236.550,9695.605,9459.055,
Contact STARLINK-5057 - MoonIOAGNO,11712.665,21126.734,9414.069,
Contact STARLINK-5057 - MoonIOAGNO,23151.283,26840.198,3688.915,
Contact STARLINK-5057 - MoonIOAGNO,28866.112,38275.536,9409.424,
Contact STARLINK-5057 - MoonIOAGNO,40298.960,49739.752,9440.791,
Contact STARLINK-5057 - MoonIOAGNO,51765.589,61185.440,9419.851,
Contact STARLINK-5057 - MoonIOAGNO,63217.360,66897.146,3679.785,
Contact STARLINK-5057 - MoonIOAGNO,68932.716,78326.912,9394.196,
Contact STARLINK-5057 - MoonIOAGNO,80364.316,86400.000,6035.684,
Contact STARLINK-5057 - MoonIOAGNO 0001,261.683,9666.577,9404.894,
Contact STARLINK-5057 - MoonIOAGNO 0001,11691.031,21109.673,9418.642,
Contact STARLINK-5057 - MoonIOAGNO 0001,23128.245,26845.057,3716.811,
Contact STARLINK-5057 - MoonIOAGNO 0001,28864.807,38301.421,9436.614,
Contact STARLINK-5057 - MoonIOAGNO 0001,40326.230,49726.945,9400.715,
Contact STARLINK-5057 - MoonIOAGNO 0001,51756.961,61163.082,9406.121,
Contact STARLINK-5057 - MoonIOAGNO 0001,63191.555,66889.826,3698.272,
Contact STARLINK-5057 - MoonIOAGNO 0001,68917.603,78354.718,9437.115,
Contact STARLINK-5057 - MoonIOAGNO 0001,80390.676,86400.000,6009.324,
Contact STARLINK-5057 - MoonIOAGSO,256.597,8828.810,8572.213,
Contact STARLINK-5057 - MoonIOAGSO,11700.343,21154.505,9454.162,
Contact STARLINK-5057 - MoonIOAGSO,23155.770,26880.532,3724.762,
Contact STARLINK-5057 - MoonIOAGSO,28880.804,38318.562,9437.758,
Contact STARLINK-5057 - MoonIOAGSO,40324.774,49737.264,9412.490,
Contact STARLINK-5057 - MoonIOAGSO,57489.403,66932.897,9443.494,
Contact STARLINK-5057 - MoonIOAGSO,68946.942,78373.874,9426.932,
Contact STARLINK-5057 - MoonIOAGSO,80393.866,86400.000,6006.134,
Contact STARLINK-5057 - MoonIOAGSO 0001,261.543,9709.998,9448.455,
Contact STARLINK-5057 - MoonIOAGSO 0001,11708.900,21142.058,9433.158,
Contact STARLINK-5057 - MoonIOAGSO 0001,23149.164,26851.251,3702.087,
Contact STARLINK-5057 - MoonIOAGSO 0001,34594.375,38315.609,3721.233,
Contact STARLINK-5057 - MoonIOAGSO 0001,40323.981,49770.278,9446.297,
Contact STARLINK-5057 - MoonIOAGSO 0001,51776.576,66913.878,15137.301,
Contact STARLINK-5057 - MoonIOAGSO 0001,68934.361,72620.743,3686.382,
Contact STARLINK-5057 - MoonIOAGSO 0001,80384.175,86400.000,6015.825,
Contact STARLINK-5057 - MoonLRO,252.038,9685.631,9433.593,
Contact STARLINK-5057 - MoonLRO,13676.686,15411.405,1734.719,
Contact STARLINK-5057 - MoonLRO,34591.578,38117.724,3526.146,
Contact STARLINK-5057 - MoonLRO,40976.528,44019.924,3043.397,
Contact STARLINK-5057 - MoonLRO,57487.225,58652.047,1164.822,
Contact STARLINK-5057 - MoonLRO,63211.393,65476.853,2265.460,
Contact STARLINK-5057 - MoonLRO,68932.781,78346.385,9413.604,
Contact STARLINK-5057 - MoonLRO,81945.877,84070.836,2124.959,
Contact STARLINK-5057 - MarsSat1,1500.196,5084.376,3584.180,
Contact STARLINK-5057 - MarsSat1,12903.781,16486.563,3582.781,
Contact STARLINK-5057 - MarsSat1,18605.563,27888.779,9283.215,
Contact STARLINK-5057 - MarsSat1,30009.087,39290.996,9281.909,
Contact STARLINK-5057 - MarsSat1,41412.537,44992.100,3579.563,
Contact STARLINK-5057 - MarsSat1,47114.232,56394.302,9280.070,
Contact STARLINK-5057 - MarsSat1,58517.565,67796.513,9278.948,
Contact STARLINK-5057 - MarsSat1,69920.848,73497.631,3576.784,
Contact STARLINK-5057 - MarsSat1,81324.113,84899.912,3575.800,
Contact STARLINK-5057 - MarsSat2,1500.250,5084.404,3584.154,
Contact STARLINK-5057 - MarsSat2,12903.752,16486.509,3582.757,
Contact STARLINK-5057 - MarsSat2,18605.499,27888.670,9283.172,
Contact STARLINK-5057 - MarsSat2,30008.977,39290.874,9281.897,
Contact STARLINK-5057 - MarsSat2,41412.424,44991.988,3579.564,
Contact STARLINK-5057 - MarsSat2,47114.134,56394.239,9280.106,
Contact STARLINK-5057 - MarsSat2,58517.525,67796.520,9278.995,
Contact STARLINK-5057 - MarsSat2,69920.877,73497.670,3576.793,
Contact STARLINK-5057 - MarsSat2,81324.191,84899.993,3575.801,
Contact STARLINK-5057 - MarsSat3,1500.292,5084.463,3584.171,
Contact STARLINK-5057 - MarsSat3,12903.808,16486.570,3582.763,
Contact STARLINK-5057 - MarsSat3,18605.544,27888.707,9283.162,
Contact STARLINK-5057 - MarsSat3,30009.007,39290.906,9281.899,
Contact STARLINK-5057 - MarsSat3,41412.458,44992.024,3579.566,
Contact STARLINK-5057 - MarsSat3,47114.172,56394.283,9280.111,
Contact STARLINK-5057 - MarsSat3,58517.570,67796.566,9278.996,
Contact STARLINK-5057 - MarsSat3,69920.921,73497.714,3576.794,
Contact STARLINK-5057 - MarsSat3,81324.220,84900.020,3575.800,
Contact STARLINK-5057 - MarsSat4,1500.250,5084.423,3584.173,
Contact STARLINK-5057 - MarsSat4,12903.808,16486.572,3582.764,
Contact STARLINK-5057 - MarsSat4,18605.551,27888.724,9283.174,
Contact STARLINK-5057 - MarsSat4,30009.028,39290.937,9281.909,
Contact STARLINK-5057 - MarsSat4,43179.651,44992.051,1812.399,
Contact STARLINK-5057 - MarsSat4,47114.177,56394.259,9280.082,
Contact STARLINK-5057 - MarsSat4,58517.535,67796.526,9278.992,
Contact STARLINK-5057 - MarsSat4,69920.882,73497.679,3576.797,
Contact STARLINK-5057 - MarsSat4,81324.170,84899.964,3575.793,
Contact STARLINK-5576 - STARLINK-30611,32169.451,32706.704,537.253,
Contact STARLINK-5576 - STARLINK-30611,46148.973,47129.851,980.878,
Contact STARLINK-5576 - STARLINK-30611,57408.851,61453.645,4044.794,
Contact STARLINK-5576 - STARLINK-30611,71546.250,78531.461,6985.211,
Contact STARLINK-5576 - STARLINK-30611,85772.231,86400.000,627.769,
Contact STARLINK-5576 - STARLINK-30190,3965.106,11172.238,7207.132,
Contact STARLINK-5576 - STARLINK-30190,21300.180,25523.919,4223.739,
Contact STARLINK-5576 - STARLINK-30190,35783.982,39861.462,4077.480,
Contact STARLINK-5576 - STARLINK-30190,50284.818,54152.147,3867.329,
Contact STARLINK-5576 - STARLINK-30190,67754.924,68411.457,656.532,
Contact STARLINK-5576 - STARLINK-5215,3459.213,3699.274,240.061,
Contact STARLINK-5576 - STARLINK-5215,17657.373,18090.614,433.241,
Contact STARLINK-5576 - STARLINK-5215,31875.725,32461.779,586.054,
Contact STARLINK-5576 - STARLINK-5215,46122.319,46804.675,682.356,
Contact STARLINK-5576 - STARLINK-5215,57521.463,58277.095,755.633,
Contact STARLINK-5576 - STARLINK-5215,71772.080,72615.815,843.735,
Contact STARLINK-5576 - STARLINK-5215,86037.879,86400.000,362.121,
Contact STARLINK-5576 - STARLINK-32081,53893.941,54390.397,496.456,
Contact STARLINK-5576 - STARLINK-32081,67951.559,68728.511,776.953,
Contact STARLINK-5576 - STARLINK-32081,82074.853,82999.228,924.376,
Contact STARLINK-5576 - STARLINK-1015,0.000,86400.000,86400.000,
Contact STARLINK-5576 - STARLINK-5765,0.000,3657.588,3657.588,
Contact STARLINK-5576 - STARLINK-5765,14222.631,15067.722,845.092,
Contact STARLINK-5576 - STARLINK-5765,28648.791,29285.303,636.512,
Contact STARLINK-5576 - STARLINK-5765,43012.557,43565.137,552.581,
Contact STARLINK-5576 - STARLINK-5765,57566.531,57654.795,88.265,
Contact STARLINK-5576 - STARLINK-11266 [DTC],13919.427,14654.456,735.028,
Contact STARLINK-5576 - STARLINK-11266 [DTC],25119.046,28842.521,3723.475,
Contact STARLINK-5576 - STARLINK-11266 [DTC],39218.539,40112.349,893.811,
Contact STARLINK-5576 - STARLINK-11266 [DTC],53434.367,54095.109,660.742,
Contact STARLINK-5576 - STARLINK-30355,0.000,374.243,374.243,
Contact STARLINK-5576 - STARLINK-30355,13685.705,14672.172,986.467,
Contact STARLINK-5576 - STARLINK-30355,25150.647,28959.581,3808.934,
Contact STARLINK-5576 - STARLINK-30355,39488.102,43254.356,3766.255,
Contact STARLINK-5576 - STARLINK-30355,53818.038,54685.128,867.090,
Contact STARLINK-5576 - STARLINK-30355,68159.965,68966.496,806.531,
Contact STARLINK-5576 - STARLINK-30355,82494.020,83255.732,761.712,
Contact STARLINK-5576 - STARLINK-30316,6389.667,7239.022,849.355,
Contact STARLINK-5576 - STARLINK-30316,17455.857,24597.893,7142.036,
Contact STARLINK-5576 - STARLINK-30316,25830.288,38843.876,13013.588,
Contact STARLINK-5576 - STARLINK-30316,39967.510,50086.060,10118.551,
Contact STARLINK-5576 - STARLINK-30316,57193.952,61209.944,4015.992,
Contact STARLINK-5576 - STARLINK-2602,6876.540,13704.472,6827.932,
Contact STARLINK-5576 - STARLINK-2602,15184.526,22230.626,7046.100,
Contact STARLINK-5576 - STARLINK-2602,29299.939,36167.274,6867.334,
Contact STARLINK-5576 - STARLINK-4413,0.000,3662.653,3662.653,
Contact STARLINK-5576 - STARLINK-4413,14048.384,20930.074,6881.690,
Contact STARLINK-5576 - STARLINK-4413,28403.483,35307.671,6904.188,
Contact STARLINK-5576 - STARLINK-4413,42753.968,49697.932,6943.963,
Contact STARLINK-5576 - STARLINK-4413,57114.908,64069.390,6954.482,
Contact STARLINK-5576 - STARLINK-4413,71470.915,72703.261,1232.346,
Contact STARLINK-5576 - STARLINK-4413,85837.005,86400.000,562.995,
Contact STARLINK-5576 - STARLINK-31407,46520.685,86400.000,39879.315,
Contact STARLINK-5576 - STARLINK-30171,0.000,86400.000,86400.000,
Contact STARLINK-5576 - STARLINK-5660,0.000,86400.000,86400.000,
Contact STARLINK-5576 - STARLINK-32094,3456.278,3843.434,387.156,
Contact STARLINK-5576 - STARLINK-32094,17247.201,18368.037,1120.836,
Contact STARLINK-5576 - STARLINK-32094,28450.123,35494.196,7044.073,
Contact STARLINK-5576 - STARLINK-32094,42590.251,43975.925,1385.674,
Contact STARLINK-5576 - STARLINK-32094,56910.197,57965.038,1054.842,
Contact STARLINK-5576 - STARLINK-30767,0.000,193.067,193.067,
Contact STARLINK-5576 - STARLINK-30767,10671.590,14518.063,3846.474,
Contact STARLINK-5576 - STARLINK-30767,24982.021,28844.323,3862.302,
Contact STARLINK-5576 - STARLINK-30767,39291.187,40304.216,1013.029,
Contact STARLINK-5576 - STARLINK-30767,53602.661,54627.692,1025.031,
Contact STARLINK-5576 - STARLINK-30767,67912.864,68952.459,1039.594,
Contact STARLINK-5576 - STARLINK-30767,82225.356,83274.881,1049.525,
Contact STARLINK-5576 - STARLINK-31800,75067.805,86400.000,11332.195,
Contact STARLINK-5576 - STARLINK-4254,142.508,10592.033,10449.525,
Contact STARLINK-5576 - STARLINK-4254,11547.285,24949.892,13402.607,
Contact STARLINK-5576 - STARLINK-4254,25789.462,39318.710,13529.248,
Contact STARLINK-5576 - STARLINK-4254,40063.600,53675.506,13611.906,
Contact STARLINK-5576 - STARLINK-4254,54307.288,68039.687,13732.399,
Contact STARLINK-5576 - STARLINK-4254,68585.676,82396.035,13810.359,
Contact STARLINK-5576 - STARLINK-4254,82829.982,86400.000,3570.018,
Contact STARLINK-5576 - STARLINK-3533,0.000,147.854,147.854,
Contact STARLINK-5576 - STARLINK-3533,14086.216,14502.988,416.772,
Contact STARLINK-5576 - STARLINK-3533,28352.295,28849.858,497.563,
Contact STARLINK-5576 - STARLINK-3533,68327.445,68991.267,663.822,
Contact STARLINK-5576 - STARLINK-3533,82611.345,83320.469,709.124,
Contact STARLINK-5576 - STARLINK-2228,71469.351,72302.637,833.286,
Contact STARLINK-5576 - STARLINK-2228,82684.543,86400.000,3715.457,
Contact STARLINK-5576 - STARLINK-4772,6818.805,13700.890,6882.085,
Contact STARLINK-5576 - STARLINK-4772,21099.585,22258.264,1158.679,
Contact STARLINK-5576 - STARLINK-4772,35403.969,36495.334,1091.365,
Contact STARLINK-5576 - STARLINK-4772,49710.179,50731.131,1020.952,
Contact STARLINK-5576 - STARLINK-4772,61169.711,64940.454,3770.743,
Contact STARLINK-5576 - STARLINK-4772,75516.141,76300.471,784.330,
Contact STARLINK-5576 - STARLINK-30320,46312.591,47276.949,964.358,
Contact STARLINK-5576 - STARLINK-30320,54645.464,61645.483,7000.019,
Contact STARLINK-5576 - STARLINK-30320,71528.947,78627.859,7098.912,
Contact STARLINK-5576 - STARLINK-30320,85811.332,86400.000,588.668,
Contact STARLINK-5576 - STARLINK-31919,39326.594,39723.126,396.532,
Contact STARLINK-5576 - STARLINK-31919,50384.943,54179.232,3794.289,
Contact STARLINK-5576 - STARLINK-31919,64404.894,71283.234,6878.340,
Contact STARLINK-5576 - STARLINK-31919,78543.331,79770.753,1227.422,
Contact STARLINK-5576 - STARLINK-31639,17715.870,24872.644,7156.774,
Contact STARLINK-5576 - STARLINK-31639,28804.086,39406.224,10602.138,
Contact STARLINK-5576 - STARLINK-31639,39940.524,67736.788,27796.263,
Contact STARLINK-5576 - STARLINK-31639,68480.047,78852.206,10372.159,
Contact STARLINK-5576 - STARLINK-31639,85973.760,86400.000,426.240,
Contact STARLINK-5576 - STARLINK-31600,44159.156,86400.000,42240.844,
Contact STARLINK-5576 - STARLINK-4687,6766.773,7341.664,574.891,
Contact STARLINK-5576 - STARLINK-4687,21111.763,21619.734,507.971,
Contact STARLINK-5576 - STARLINK-30613,39565.536,39859.475,293.939,
Contact STARLINK-5576 - STARLINK-30613,53954.213,54146.752,192.538,
Contact STARLINK-5576 - STARLINK-30613,68320.779,68456.155,135.376,
Contact STARLINK-5576 - STARLINK-31764,60845.982,86400.000,25554.018,
Contact STARLINK-5576 - STARLINK-4402,3361.264,4081.869,720.605,
Contact STARLINK-5576 - STARLINK-4402,17712.149,18425.858,713.710,
Contact STARLINK-5576 - STARLINK-4402,32052.553,32778.666,726.113,
Contact STARLINK-5576 - STARLINK-4402,46403.542,47122.367,718.826,
Contact STARLINK-5576 - STARLINK-4402,60744.223,61474.703,730.480,
Contact STARLINK-5576 - STARLINK-4402,75095.293,75818.147,722.854,
Contact STARLINK-5576 - STARLINK-31502,471.602,13630.825,13159.222,
Contact STARLINK-5576 - STARLINK-31502,14825.233,21919.350,7094.117,
Contact STARLINK-5576 - STARLINK-5618,2946.260,4037.197,1090.938,
Contact STARLINK-5576 - STARLINK-5618,11535.017,18340.654,6805.637,
Contact STARLINK-5576 - STARLINK-5618,28702.512,32652.839,3950.327,
Contact STARLINK-5576 - STARLINK-5618,43004.969,46951.730,3946.761,
Contact STARLINK-5576 - STARLINK-5618,57322.381,61259.292,3936.911,
Contact STARLINK-5576 - STARLINK-5618,71629.477,72699.179,1069.702,
Contact STARLINK-5576 - STARLINK-5618,85951.990,86400.000,448.010,
Contact STARLINK-5576 - STARLINK-4631,6599.463,7465.373,865.910,
Contact STARLINK-5576 - STARLINK-4631,20934.888,21750.549,815.661,
Contact STARLINK-5576 - STARLINK-4631,35291.068,36014.306,723.238,
Contact STARLINK-5576 - STARLINK-4631,46772.939,47428.649,655.710,
Contact STARLINK-5576 - STARLINK-4631,61120.302,61701.880,581.577,
Contact STARLINK-5576 - STARLINK-4631,75501.224,75940.894,439.670,
Contact STARLINK-5576 - STARLINK-31539,82792.100,83341.486,549.386,
Contact STARLINK-5576 - STARLINK-31722,0.000,15.264,15.264,
Contact STARLINK-5576 - STARLINK-31722,10405.122,11273.988,868.865,
Contact STARLINK-5576 - STARLINK-31722,24749.609,25248.739,499.130,
Contact STARLINK-5576 - STARLINK-5151,82452.113,82933.844,481.732,
Contact STARLINK-5576 - STARLINK-6142,0.000,86400.000,86400.000,
Contact STARLINK-5576 - STARLINK-5049,207.168,14289.440,14082.272,
Contact STARLINK-5576 - STARLINK-5049,14548.573,28621.929,14073.356,
Contact STARLINK-5576 - STARLINK-5049,28911.306,42933.994,14022.688,
Contact STARLINK-5576 - STARLINK-5049,43252.860,57266.788,14013.928,
Contact STARLINK-5576 - STARLINK-5049,57615.435,86400.000,28784.565,
Contact STARLINK-5576 - MoonARTEMIS1,1205.004,16898.601,15693.597,
Contact STARLINK-5576 - MoonARTEMIS1,18528.016,28485.422,9957.405,
Contact STARLINK-5576 - MoonARTEMIS1,34054.300,45733.505,11679.204,
Contact STARLINK-5576 - MoonARTEMIS1,47353.208,57245.909,9892.701,
Contact STARLINK-5576 - MoonARTEMIS1,58874.814,74530.519,15655.705,
Contact STARLINK-5576 - MoonARTEMIS1,76179.427,86059.827,9880.399,
Contact STARLINK-5576 - MoonARTEMIS2,1320.804,17026.442,15705.638,
Contact STARLINK-5576 - MoonARTEMIS2,18615.735,28540.829,9925.095,
Contact STARLINK-5576 - MoonARTEMIS2,30138.336,45773.096,15634.760,
Contact STARLINK-5576 - MoonARTEMIS2,53186.958,57344.887,4157.930,
Contact STARLINK-5576 - MoonARTEMIS2,58974.564,74666.436,15691.872,
Contact STARLINK-5576 - MoonARTEMIS2,76323.912,86195.923,9872.011,
Contact STARLINK-5576 - MoonIOAGEO,1239.845,11157.201,9917.356,
Contact STARLINK-5576 - MoonIOAGEO,18569.903,28505.661,9935.758,
Contact STARLINK-5576 - MoonIOAGEO,30118.769,45759.203,15640.434,
Contact STARLINK-5576 - MoonIOAGEO,47377.278,57132.916,9755.638,
Contact STARLINK-5576 - MoonIOAGEO,61261.548,74620.845,13359.296,
Contact STARLINK-5576 - MoonIOAGEO,76283.002,86111.670,9828.668,
Contact STARLINK-5576 - MoonIOAGNO,1232.706,16969.956,15737.249,
Contact STARLINK-5576 - MoonIOAGNO,18547.694,28493.972,9946.278,
Contact STARLINK-5576 - MoonIOAGNO,30058.754,45763.794,15705.040,
Contact STARLINK-5576 - MoonIOAGNO,47386.067,57343.065,9956.997,
Contact STARLINK-5576 - MoonIOAGNO,58954.551,74621.692,15667.142,
Contact STARLINK-5576 - MoonIOAGNO,76235.414,86116.791,9881.377,
Contact STARLINK-5576 - MoonIOAGNO 0001,1233.473,16928.021,15694.548,
Contact STARLINK-5576 - MoonIOAGNO 0001,18519.603,28468.893,9949.290,
Contact STARLINK-5576 - MoonIOAGNO 0001,30105.946,45809.737,15703.791,
Contact STARLINK-5576 - MoonIOAGNO 0001,47381.491,57318.152,9936.661,
Contact STARLINK-5576 - MoonIOAGNO 0001,58911.125,74612.868,15701.743,
Contact STARLINK-5576 - MoonIOAGNO 0001,76279.260,86158.890,9879.630,
Contact STARLINK-5576 - MoonIOAGSO,1272.135,8825.517,7553.382,
Contact STARLINK-5576 - MoonIOAGSO,12806.263,16943.291,4137.028,
Contact STARLINK-5576 - MoonIOAGSO,18594.316,28481.022,9886.706,
Contact STARLINK-5576 - MoonIOAGSO,30140.345,45785.401,15645.056,
Contact STARLINK-5576 - MoonIOAGSO,47406.277,51550.307,4144.029,
Contact STARLINK-5576 - MoonIOAGSO,58968.348,74596.697,15628.349,
Contact STARLINK-5576 - MoonIOAGSO,76299.643,86125.471,9825.828,
Contact STARLINK-5576 - MoonIOAGSO 0001,1304.957,16944.501,15639.544,
Contact STARLINK-5576 - MoonIOAGSO 0001,18587.092,28481.108,9894.016,
Contact STARLINK-5576 - MoonIOAGSO 0001,33333.403,45779.286,12445.882,
Contact STARLINK-5576 - MoonIOAGSO 0001,47447.455,57311.490,9864.035,
Contact STARLINK-5576 - MoonIOAGSO 0001,58981.721,73905.103,14923.382,
Contact STARLINK-5576 - MoonIOAGSO 0001,76739.623,86114.361,9374.738,
Contact STARLINK-5576 - MoonLRO,1267.040,10792.885,9525.845,
Contact STARLINK-5576 - MoonLRO,13658.494,16946.503,3288.010,
Contact STARLINK-5576 - MoonLRO,20469.631,22715.364,2245.734,
Contact STARLINK-5576 - MoonLRO,34156.479,38108.141,3951.662,
Contact STARLINK-5576 - MoonLRO,41640.760,44955.761,3315.001,
Contact STARLINK-5576 - MoonLRO,47799.061,51554.458,3755.398,
Contact STARLINK-5576 - MoonLRO,61434.806,72285.066,10850.260,
Contact STARLINK-5576 - MoonLRO,82036.985,85990.638,3953.653,
Contact STARLINK-5576 - MarsSat1,0.000,6488.526,6488.526,
Contact STARLINK-5576 - MarsSat1,8574.919,17963.396,9388.477,
Contact STARLINK-5576 - MarsSat1,20051.901,23700.802,3648.901,
Contact STARLINK-5576 - MarsSat1,25790.348,35175.554,9385.206,
Contact STARLINK-5576 - MarsSat1,37267.146,46650.233,9383.088,
Contact STARLINK-5576 - MarsSat1,48743.822,52387.551,3643.729,
Contact STARLINK-5576 - MarsSat1,54482.119,63862.151,9380.032,
Contact STARLINK-5576 - MarsSat1,65958.646,75336.714,9378.068,
Contact STARLINK-5576 - MarsSat1,77435.094,81073.982,3638.888,
Contact STARLINK-5576 - MarsSat1,83173.291,86400.000,3226.709,
Contact STARLINK-5576 - MarsSat2,0.000,6488.521,6488.521,
Contact STARLINK-5576 - MarsSat2,8574.919,17963.412,9388.493,
Contact STARLINK-5576 - MarsSat2,20051.898,23700.827,3648.929,
Contact STARLINK-5576 - MarsSat2,25790.346,35175.599,9385.254,
Contact STARLINK-5576 - MarsSat2,37267.160,46650.302,9383.143,
Contact STARLINK-5576 - MarsSat2,48743.866,52387.629,3643.763,
Contact STARLINK-5576 - MarsSat2,54482.180,63862.238,9380.058,
Contact STARLINK-5576 - MarsSat2,65958.730,75336.787,9378.057,
Contact STARLINK-5576 - MarsSat2,77435.178,81074.041,3638.863,
Contact STARLINK-5576 - MarsSat2,83173.364,86400.000,3226.636,
Contact STARLINK-5576 - MarsSat3,0.000,6488.464,6488.464,
Contact STARLINK-5576 - MarsSat3,8574.873,17963.334,9388.461,
Contact STARLINK-5576 - MarsSat3,20051.842,23700.769,3648.927,
Contact STARLINK-5576 - MarsSat3,25790.309,35175.588,9385.279,
Contact STARLINK-5576 - MarsSat3,37267.163,46650.308,9383.145,
Contact STARLINK-5576 - MarsSat3,48743.883,52387.634,3643.750,
Contact STARLINK-5576 - MarsSat3,54482.195,63862.225,9380.030,
Contact STARLINK-5576 - MarsSat3,65958.725,75336.746,9378.021,
Contact STARLINK-5576 - MarsSat3,77435.142,81073.985,3638.843,
Contact STARLINK-5576 - MarsSat3,83173.311,86400.000,3226.689,
Contact STARLINK-5576 - MarsSat4,0.000,6488.543,6488.543,
Contact STARLINK-5576 - MarsSat4,14313.383,17963.350,3649.967,
Contact STARLINK-5576 - MarsSat4,20051.859,23700.783,3648.924,
Contact STARLINK-5576 - MarsSat4,25790.326,35175.573,9385.247,
Contact STARLINK-5576 - MarsSat4,37267.144,46650.208,9383.064,
Contact STARLINK-5576 - MarsSat4,48743.787,52387.553,3643.766,
Contact STARLINK-5576 - MarsSat4,54482.124,63862.218,9380.094,
Contact STARLINK-5576 - MarsSat4,65958.715,73689.471,7730.756,
Contact STARLINK-5576 - MarsSat4,77435.112,81073.975,3638.863,
Contact STARLINK-5576 - MarsSat4,83173.302,86400.000,3226.698,
Contact STARLINK-30214 - STARLINK-4651,0.000,482.501,482.501,
Contact STARLINK-30214 - STARLINK-4651,13745.567,14821.434,1075.867,
Contact STARLINK-30214 - STARLINK-4651,28080.425,29148.267,1067.842,
Contact STARLINK-30214 - STARLINK-4651,39548.670,43478.074,3929.404,
Contact STARLINK-30214 - STARLINK-4651,53884.251,57795.631,3911.380,
Contact STARLINK-30214 - STARLINK-4651,68232.174,72116.425,3884.251,
Contact STARLINK-30214 - STARLINK-4651,82576.800,86400.000,3823.200,
Contact STARLINK-30214 - STARLINK-31617,307.064,10564.200,10257.136,
Contact STARLINK-30214 - STARLINK-31617,17652.089,18871.285,1219.196,
Contact STARLINK-30214 - STARLINK-5765,24766.106,25567.784,801.678,
Contact STARLINK-30214 - STARLINK-5765,29748.766,86400.000,56651.234,
Contact STARLINK-30214 - STARLINK-32235,578.949,7396.968,6818.020,
Contact STARLINK-30214 - STARLINK-11266 [DTC],35730.733,36095.160,364.426,
Contact STARLINK-30214 - STARLINK-11266 [DTC],46774.133,50494.476,3720.342,
Contact STARLINK-30214 - STARLINK-11266 [DTC],60810.126,61840.837,1030.711,
Contact STARLINK-30214 - STARLINK-11266 [DTC],75019.197,75864.977,845.780,
Contact STARLINK-30214 - STARLINK-30355,21386.037,22110.835,724.798,
Contact STARLINK-30214 - STARLINK-30355,35583.201,36580.230,997.029,
Contact STARLINK-30214 - STARLINK-30355,49828.675,50998.551,1169.876,
Contact STARLINK-30214 - STARLINK-30355,64071.060,65422.570,1351.510,
Contact STARLINK-30214 - STARLINK-30355,72636.180,79814.067,7177.887,
Contact STARLINK-30214 - STARLINK-30316,67713.129,86400.000,18686.871,
Contact STARLINK-30214 - STARLINK-2602,42752.870,43583.762,830.891,
Contact STARLINK-30214 - STARLINK-2602,53952.627,57798.060,3845.433,
Contact STARLINK-30214 - STARLINK-2602,68115.366,69045.554,930.187,
Contact STARLINK-30214 - STARLINK-2602,82490.750,82910.471,419.721,
Contact STARLINK-30214 - STARLINK-32254,0.000,387.532,387.532,
Contact STARLINK-30214 - STARLINK-32254,13719.782,14696.382,976.601,
Contact STARLINK-30214 - STARLINK-32254,25196.424,28995.286,3798.862,
Contact STARLINK-30214 - STARLINK-32254,39550.203,43292.182,3741.979,
Contact STARLINK-30214 - STARLINK-32254,53905.821,54723.190,817.369,
Contact STARLINK-30214 - STARLINK-32254,68274.453,69002.385,727.933,
Contact STARLINK-30214 - STARLINK-32254,82646.650,83277.423,630.773,
Contact STARLINK-30214 - STARLINK-30825,0.000,722.756,722.756,
Contact STARLINK-30214 - STARLINK-30825,14001.126,14992.009,990.883,
Contact STARLINK-30214 - STARLINK-30825,28247.353,29217.945,970.592,
Contact STARLINK-30214 - STARLINK-30825,42531.231,43406.937,875.706,
Contact STARLINK-30214 - STARLINK-30825,53992.275,54724.529,732.254,
Contact STARLINK-30214 - STARLINK-30825,68388.786,68802.211,413.424,
Contact STARLINK-30214 - STARLINK-31627,0.000,48506.739,48506.739,
Contact STARLINK-30214 - STARLINK-3182,0.000,268.879,268.879,
Contact STARLINK-30214 - STARLINK-3182,10521.645,14522.957,4001.312,
Contact STARLINK-30214 - STARLINK-3182,24804.069,25885.838,1081.769,
Contact STARLINK-30214 - STARLINK-3182,39151.468,40035.828,884.360,
Contact STARLINK-30214 - STARLINK-3182,53560.148,54125.619,565.471,
Contact STARLINK-30214 - STARLINK-4413,82794.439,83131.854,337.415,
Contact STARLINK-30214 - STARLINK-32094,64315.324,71891.835,7576.511,
Contact STARLINK-30214 - STARLINK-32094,72250.402,86400.000,14149.598,
Contact STARLINK-30214 - STARLINK-4127,0.000,3019.833,3019.833,
Contact STARLINK-30214 - STARLINK-4127,4318.148,17348.724,13030.576,
Contact STARLINK-30214 - STARLINK-4127,18649.247,31687.934,13038.687,
Contact STARLINK-30214 - STARLINK-4127,33004.924,40273.398,7268.473,
Contact STARLINK-30214 - STARLINK-4127,47351.334,54600.646,7249.311,
Contact STARLINK-30214 - STARLINK-4127,61722.066,68902.566,7180.501,
Contact STARLINK-30214 - STARLINK-4127,76082.686,83215.922,7133.237,
Contact STARLINK-30214 - STARLINK-31021,0.000,544.961,544.961,
Contact STARLINK-30214 - STARLINK-31021,14203.111,14868.609,665.498,
Contact STARLINK-30214 - STARLINK-31021,28583.480,29193.076,609.596,
Contact STARLINK-30214 - STARLINK-31021,42971.835,43509.438,537.603,
Contact STARLINK-30214 - STARLINK-31021,57361.370,57824.760,463.391,
Contact STARLINK-30214 - STARLINK-31021,71764.975,72125.858,360.883,
Contact STARLINK-30214 - STARLINK-31021,86181.831,86400.000,218.169,
Contact STARLINK-30214 - STARLINK-6372,0.000,86400.000,86400.000,
Contact STARLINK-30214 - STARLINK-30425,0.000,13426.037,13426.037,
Contact STARLINK-30214 - STARLINK-4772,17619.118,18085.536,466.419,
Contact STARLINK-30214 - STARLINK-4772,31810.939,32477.638,666.699,
Contact STARLINK-30214 - STARLINK-4772,43188.639,46834.999,3646.360,
Contact STARLINK-30214 - STARLINK-4772,57430.474,58308.461,877.987,
Contact STARLINK-30214 - STARLINK-4772,71684.605,72637.797,953.192,
Contact STARLINK-30214 - STARLINK-4772,85957.419,86400.000,442.581,
Contact STARLINK-30214 - STARLINK-31919,86358.248,86400.000,41.752,
Contact STARLINK-30214 - STARLINK-4687,0.000,3672.505,3672.505,
Contact STARLINK-30214 - STARLINK-4687,14169.457,18016.439,3846.981,
Contact STARLINK-30214 - STARLINK-4687,28493.043,29490.314,997.271,
Contact STARLINK-30214 - STARLINK-4687,42816.611,43831.252,1014.642,
Contact STARLINK-30214 - STARLINK-4687,57147.778,58164.472,1016.694,
Contact STARLINK-30214 - STARLINK-4687,71478.676,72498.085,1019.409,
Contact STARLINK-30214 - STARLINK-4687,85817.390,86400.000,582.610,
Contact STARLINK-30214 - STARLINK-4402,0.000,389.447,389.447,
Contact STARLINK-30214 - STARLINK-4402,13963.215,14758.502,795.288,
Contact STARLINK-30214 - STARLINK-4402,28330.986,29124.629,793.643,
Contact STARLINK-30214 - STARLINK-4402,42696.847,43492.942,796.095,
Contact STARLINK-30214 - STARLINK-4402,57065.380,57858.299,792.920,
Contact STARLINK-30214 - STARLINK-4402,71431.864,72225.905,794.041,
Contact STARLINK-30214 - STARLINK-4402,85801.139,86400.000,598.861,
Contact STARLINK-30214 - STARLINK-31502,28377.549,29233.285,855.736,
Contact STARLINK-30214 - STARLINK-31502,36759.853,43583.964,6824.110,
Contact STARLINK-30214 - STARLINK-31502,53705.430,57767.184,4061.754,
Contact STARLINK-30214 - STARLINK-31502,67995.482,69011.857,1016.375,
Contact STARLINK-30214 - STARLINK-31502,82500.181,82868.387,368.205,
Contact STARLINK-30214 - STARLINK-4631,0.000,724.267,724.267,
Contact STARLINK-30214 - STARLINK-4631,14196.275,15087.143,890.868,
Contact STARLINK-30214 - STARLINK-4631,28506.311,29438.938,932.626,
Contact STARLINK-30214 - STARLINK-4631,42815.147,43792.009,976.862,
Contact STARLINK-30214 - STARLINK-4631,57134.242,58134.684,1000.442,
Contact STARLINK-30214 - STARLINK-4631,71451.862,72478.942,1027.080,
Contact STARLINK-30214 - STARLINK-4631,85779.573,86400.000,620.427,
Contact STARLINK-30214 - STARLINK-5807,6994.532,7386.107,391.575,
Contact STARLINK-30214 - STARLINK-5807,21370.095,21780.606,410.510,
Contact STARLINK-30214 - STARLINK-5807,35702.564,36222.869,520.305,
Contact STARLINK-30214 - STARLINK-5807,50081.792,50613.653,531.861,
Contact STARLINK-30214 - STARLINK-5807,64425.967,65044.082,618.115,
Contact STARLINK-30214 - STARLINK-5807,78807.277,79432.739,625.462,
Contact STARLINK-30214 - STARLINK-31722,6665.739,7306.094,640.355,
Contact STARLINK-30214 - STARLINK-31722,17830.270,21685.699,3855.430,
Contact STARLINK-30214 - STARLINK-31722,31929.255,33083.164,1153.909,
Contact STARLINK-30214 - STARLINK-31722,46146.598,47219.154,1072.556,
Contact STARLINK-30214 - STARLINK-31722,60521.742,61201.238,679.496,
Contact STARLINK-30214 - STARLINK-1581,0.000,42519.301,42519.301,
Contact STARLINK-30214 - STARLINK-1581,49915.951,50517.496,601.545,
Contact STARLINK-30214 - STARLINK-4290,10092.108,86400.000,76307.892,
Contact STARLINK-30214 - STARLINK-3167,0.000,519.723,519.723,
Contact STARLINK-30214 - STARLINK-3167,13845.106,14858.367,1013.262,
Contact STARLINK-30214 - STARLINK-3167,28101.797,29164.132,1062.335,
Contact STARLINK-30214 - STARLINK-3167,39519.911,43456.155,3936.244,
Contact STARLINK-30214 - STARLINK-3167,53808.219,57717.228,3909.009,
Contact STARLINK-30214 - STARLINK-3167,68127.655,69113.470,985.814,
Contact STARLINK-30214 - STARLINK-3167,82461.461,83342.598,881.137,
Contact STARLINK-30214 - MoonARTEMIS1,287.761,10236.121,9948.360,
Contact STARLINK-30214 - MoonARTEMIS1,11894.205,27531.720,15637.515,
Contact STARLINK-30214 - MoonARTEMIS1,35073.834,39037.136,3963.302,
Contact STARLINK-30214 - MoonARTEMIS1,40834.561,56298.402,15463.842,
Contact STARLINK-30214 - MoonARTEMIS1,58142.841,67810.948,9668.107,
Contact STARLINK-30214 - MoonARTEMIS1,69691.094,85084.537,15393.443,
Contact STARLINK-30214 - MoonARTEMIS2,469.633,10295.581,9825.949,
Contact STARLINK-30214 - MoonARTEMIS2,12033.486,27556.109,15522.623,
Contact STARLINK-30214 - MoonARTEMIS2,29354.432,39055.749,9701.316,
Contact STARLINK-30214 - MoonARTEMIS2,40879.592,47439.559,6559.967,
Contact STARLINK-30214 - MoonARTEMIS2,52433.780,56332.877,3899.098,
Contact STARLINK-30214 - MoonARTEMIS2,58225.178,67858.810,9633.632,
Contact STARLINK-30214 - MoonARTEMIS2,69793.556,85138.586,15345.030,
Contact STARLINK-30214 - MoonIOAGEO,346.916,10252.116,9905.200,
Contact STARLINK-30214 - MoonIOAGEO,17745.747,27537.595,9791.848,
Contact STARLINK-30214 - MoonIOAGEO,29326.442,39044.433,9717.991,
Contact STARLINK-30214 - MoonIOAGEO,40855.383,56318.969,15463.586,
Contact STARLINK-30214 - MoonIOAGEO,61189.876,67841.548,6651.672,
Contact STARLINK-30214 - MoonIOAGEO,69769.801,85103.727,15333.927,
Contact STARLINK-30214 - MoonIOAGNO,344.637,10260.422,9915.785,
Contact STARLINK-30214 - MoonIOAGNO,11970.592,27563.231,15592.639,
Contact STARLINK-30214 - MoonIOAGNO,29306.753,39060.878,9754.124,
Contact STARLINK-30214 - MoonIOAGNO,40851.550,56335.339,15483.789,
Contact STARLINK-30214 - MoonIOAGNO,58221.936,67863.205,9641.269,
Contact STARLINK-30214 - MoonIOAGNO,69765.803,85113.218,15347.415,
Contact STARLINK-30214 - MoonIOAGNO 0001,382.861,10286.778,9903.916,
Contact STARLINK-30214 - MoonIOAGNO 0001,11938.363,27521.224,15582.861,
Contact STARLINK-30214 - MoonIOAGNO 0001,29301.238,39073.441,9772.203,
Contact STARLINK-30214 - MoonIOAGNO 0001,40886.782,56340.734,15453.952,
Contact STARLINK-30214 - MoonIOAGNO 0001,58196.467,67831.754,9635.287,
Contact STARLINK-30214 - MoonIOAGNO 0001,69738.059,85132.753,15394.694,
Contact STARLINK-30214 - MoonIOAGSO,379.343,8821.785,8442.442,
Contact STARLINK-30214 - MoonIOAGSO,11952.518,27504.075,15551.557,
Contact STARLINK-30214 - MoonIOAGSO,29312.930,39030.860,9717.930,
Contact STARLINK-30214 - MoonIOAGSO,40872.257,50569.485,9697.228,
Contact STARLINK-30214 - MoonIOAGSO,58199.437,67813.589,9614.152,
Contact STARLINK-30214 - MoonIOAGSO,69751.898,85099.252,15347.354,
Contact STARLINK-30214 - MoonIOAGSO 0001,389.059,10227.730,9838.670,
Contact STARLINK-30214 - MoonIOAGSO 0001,11963.061,27536.978,15573.917,
Contact STARLINK-30214 - MoonIOAGSO 0001,35086.878,39028.559,3941.681,
Contact STARLINK-30214 - MoonIOAGSO 0001,40869.551,56300.568,15431.017,
Contact STARLINK-30214 - MoonIOAGSO 0001,58205.043,67834.568,9629.525,
Contact STARLINK-30214 - MoonIOAGSO 0001,69754.288,73597.007,3842.719,
Contact STARLINK-30214 - MoonIOAGSO 0001,76678.227,85089.515,8411.287,
Contact STARLINK-30214 - MoonLRO,372.479,10264.045,9891.565,
Contact STARLINK-30214 - MoonLRO,13643.437,16017.810,2374.374,
Contact STARLINK-30214 - MoonLRO,20494.396,21768.797,1274.401,
Contact STARLINK-30214 - MoonLRO,35085.893,38137.609,3051.716,
Contact STARLINK-30214 - MoonLRO,40957.489,44811.535,3854.047,
Contact STARLINK-30214 - MoonLRO,47774.067,50567.708,2793.640,
Contact STARLINK-30214 - MoonLRO,63980.762,65449.076,1468.314,
Contact STARLINK-30214 - MoonLRO,69752.790,79163.337,9410.547,
Contact STARLINK-30214 - MoonLRO,81903.929,85113.304,3209.375,
Contact STARLINK-30214 - MarsSat1,1302.898,10691.398,9388.499,
Contact STARLINK-30214 - MarsSat1,12809.621,16445.380,3635.759,
Contact STARLINK-30214 - MarsSat1,18562.962,27953.366,9390.404,
Contact STARLINK-30214 - MarsSat1,30069.605,39461.385,9391.780,
Contact STARLINK-30214 - MarsSat1,41576.199,45215.408,3639.210,
Contact STARLINK-30214 - MarsSat1,47329.482,56723.495,9394.013,
Contact STARLINK-30214 - MarsSat1,58836.029,68231.646,9395.617,
Contact STARLINK-30214 - MarsSat1,70342.557,73985.749,3643.192,
Contact STARLINK-30214 - MarsSat1,76095.815,85494.009,9398.195,
Contact STARLINK-30214 - MarsSat2,1302.877,10691.401,9388.524,
Contact STARLINK-30214 - MarsSat2,12809.632,16445.393,3635.761,
Contact STARLINK-30214 - MarsSat2,18562.987,27953.397,9390.409,
Contact STARLINK-30214 - MarsSat2,30069.655,39461.436,9391.781,
Contact STARLINK-30214 - MarsSat2,41576.271,45215.470,3639.199,
Contact STARLINK-30214 - MarsSat2,47329.563,56723.575,9394.011,
Contact STARLINK-30214 - MarsSat2,58836.116,68231.728,9395.612,
Contact STARLINK-30214 - MarsSat2,70342.631,73985.824,3643.194,
Contact STARLINK-30214 - MarsSat2,76095.875,85494.058,9398.184,
Contact STARLINK-30214 - MarsSat3,1302.847,10691.330,9388.483,
Contact STARLINK-30214 - MarsSat3,12809.549,16445.317,3635.767,
Contact STARLINK-30214 - MarsSat3,18562.909,27953.360,9390.451,
Contact STARLINK-30214 - MarsSat3,30069.622,39461.435,9391.813,
Contact STARLINK-30214 - MarsSat3,41576.269,45215.477,3639.208,
Contact STARLINK-30214 - MarsSat3,47329.563,56723.575,9394.012,
Contact STARLINK-30214 - MarsSat3,58836.106,68231.707,9395.601,
Contact STARLINK-30214 - MarsSat3,70342.597,73985.789,3643.192,
Contact STARLINK-30214 - MarsSat3,76095.827,85493.994,9398.167,
Contact STARLINK-30214 - MarsSat4,1302.932,9030.948,7728.016,
Contact STARLINK-30214 - MarsSat4,12809.578,16445.332,3635.755,
Contact STARLINK-30214 - MarsSat4,18562.922,27953.368,9390.446,
Contact STARLINK-30214 - MarsSat4,30069.623,39461.392,9391.769,
Contact STARLINK-30214 - MarsSat4,43179.634,45215.384,2035.750,
Contact STARLINK-30214 - MarsSat4,47329.466,56723.526,9394.060,
Contact STARLINK-30214 - MarsSat4,58836.077,68231.711,9395.634,
Contact STARLINK-30214 - MarsSat4,70342.607,73689.511,3346.904,
Contact STARLINK-30214 - MarsSat4,76095.817,85494.016,9398.199,
Contact STARLINK-30611 - STARLINK-30190,50023.765,50745.578,721.813,
Contact STARLINK-30611 - STARLINK-30190,64172.206,65148.207,976.001,
Contact STARLINK-30611 - STARLINK-30190,75566.588,79441.082,3874.493,
Contact STARLINK-30611 - STARLINK-5215,0.000,86400.000,86400.000,
Contact STARLINK-30611 - STARLINK-4125,7134.387,10858.752,3724.365,
Contact STARLINK-30611 - STARLINK-4125,21284.306,22213.567,929.261,
Contact STARLINK-30611 - STARLINK-4125,35461.449,36386.161,924.712,
Contact STARLINK-30611 - STARLINK-4125,49650.129,50546.900,896.771,
Contact STARLINK-30611 - STARLINK-4125,61018.404,61858.422,840.018,
Contact STARLINK-30611 - STARLINK-4125,75252.335,75974.731,722.396,
Contact STARLINK-30611 - STARLINK-32081,0.000,699.811,699.811,
Contact STARLINK-30611 - STARLINK-32081,13929.551,14774.833,845.283,
Contact STARLINK-30611 - STARLINK-32081,25189.672,28835.412,3645.740,
Contact STARLINK-30611 - STARLINK-32081,39271.844,40089.577,817.733,
Contact STARLINK-30611 - STARLINK-32081,53340.182,54164.536,824.354,
Contact STARLINK-30611 - STARLINK-32081,64600.469,65418.640,818.170,
Contact STARLINK-30611 - STARLINK-32081,78682.985,79478.804,795.819,
Contact STARLINK-30611 - STARLINK-2751,0.000,61243.557,61243.557,
Contact STARLINK-30611 - STARLINK-1015,20999.223,21606.948,607.725,
Contact STARLINK-30611 - STARLINK-1015,32270.544,33048.090,777.547,
Contact STARLINK-30611 - STARLINK-1015,46403.847,47304.961,901.113,
Contact STARLINK-30611 - STARLINK-1015,60561.619,61536.766,975.147,
Contact STARLINK-30611 - STARLINK-1015,71914.792,75727.398,3812.605,
Contact STARLINK-30611 - STARLINK-1015,86139.568,86400.000,260.432,
Contact STARLINK-30611 - STARLINK-5765,82220.514,86400.000,4179.486,
Contact STARLINK-30611 - STARLINK-30316,0.000,35909.606,35909.606,
Contact STARLINK-30611 - STARLINK-30316,36419.204,44032.343,7613.138,
Contact STARLINK-30611 - STARLINK-30316,53969.099,54861.333,892.234,
Contact STARLINK-30611 - STARLINK-4413,3505.676,4042.596,536.920,
Contact STARLINK-30611 - STARLINK-4413,17715.368,18298.294,582.925,
Contact STARLINK-30611 - STARLINK-4413,31914.959,32562.415,647.456,
Contact STARLINK-30611 - STARLINK-4413,46131.940,46810.697,678.757,
Contact STARLINK-30611 - STARLINK-4413,57504.424,58209.642,705.218,
Contact STARLINK-30611 - STARLINK-4413,71720.738,72456.540,735.803,
Contact STARLINK-30611 - STARLINK-4413,85951.918,86400.000,448.082,
Contact STARLINK-30611 - STARLINK-31407,7020.679,10994.945,3974.267,
Contact STARLINK-30611 - STARLINK-31407,20981.009,22270.030,1289.021,
Contact STARLINK-30611 - STARLINK-31407,29379.799,39168.173,9788.374,
Contact STARLINK-30611 - STARLINK-31407,46169.293,53227.681,7058.388,
Contact STARLINK-30611 - STARLINK-31407,54561.222,64474.305,9913.082,
Contact STARLINK-30611 - STARLINK-31407,71376.889,78530.234,7153.345,
Contact STARLINK-30611 - STARLINK-31407,79800.239,86400.000,6599.761,
Contact STARLINK-30611 - STARLINK-30171,6917.092,7589.648,672.556,
Contact STARLINK-30611 - STARLINK-30171,20968.578,21921.417,952.839,
Contact STARLINK-30611 - STARLINK-30171,32259.372,36180.586,3921.214,
Contact STARLINK-30611 - STARLINK-30171,46422.061,53232.623,6810.562,
Contact STARLINK-30611 - STARLINK-30171,60622.221,61737.473,1115.251,
Contact STARLINK-30611 - STARLINK-30171,74882.682,75859.832,977.150,
Contact STARLINK-30611 - STARLINK-30171,86328.352,86400.000,71.648,
Contact STARLINK-30611 - STARLINK-5660,31975.888,32987.252,1011.364,
Contact STARLINK-30611 - STARLINK-5660,40395.952,47342.248,6946.295,
Contact STARLINK-30611 - STARLINK-5660,54485.287,64446.724,9961.437,
Contact STARLINK-30611 - STARLINK-5660,71527.787,78600.539,7072.753,
Contact STARLINK-30611 - STARLINK-5660,85847.302,86400.000,552.698,
Contact STARLINK-30611 - STARLINK-32094,0.000,14666.303,14666.303,
Contact STARLINK-30611 - STARLINK-30767,64532.464,65372.590,840.126,
Contact STARLINK-30611 - STARLINK-30767,78554.878,79724.070,1169.192,
Contact STARLINK-30611 - STARLINK-31800,86163.450,86400.000,236.550,
Contact STARLINK-30611 - STARLINK-4254,11643.705,86400.000,74756.295,
Contact STARLINK-30611 - STARLINK-3533,39374.384,40167.990,793.606,
Contact STARLINK-30611 - STARLINK-3533,53401.929,54494.230,1092.301,
Contact STARLINK-30611 - STARLINK-3533,61861.507,68742.774,6881.267,
Contact STARLINK-30611 - STARLINK-3533,78818.317,85784.011,6965.695,
Contact STARLINK-30611 - STARLINK-6311,0.000,28786.652,28786.652,
Contact STARLINK-30611 - STARLINK-2228,31535.273,32812.319,1277.046,
Contact STARLINK-30611 - STARLINK-2228,39697.257,50074.927,10377.670,
Contact STARLINK-30611 - STARLINK-2228,50565.423,86400.000,35834.577,
Contact STARLINK-30611 - STARLINK-30320,0.000,86400.000,86400.000,
Contact STARLINK-30611 - STARLINK-31919,0.000,300.565,300.565,
Contact STARLINK-30611 - STARLINK-31919,10758.652,11501.688,743.036,
Contact STARLINK-30611 - STARLINK-31919,24823.988,25501.290,677.302,
Contact STARLINK-30611 - STARLINK-31919,50175.818,50665.921,490.103,
Contact STARLINK-30611 - STARLINK-31639,0.000,86400.000,86400.000,
Contact STARLINK-30611 - STARLINK-31600,10168.791,11108.212,939.421,
Contact STARLINK-30611 - STARLINK-31600,21409.294,22343.560,934.267,
Contact STARLINK-30611 - STARLINK-31600,35464.004,36383.640,919.636,
Contact STARLINK-30611 - STARLINK-31600,46707.015,50427.170,3720.155,
Contact STARLINK-30611 - STARLINK-31600,60759.691,61658.671,898.980,
Contact STARLINK-30611 - STARLINK-31600,74819.506,75693.703,874.197,
Contact STARLINK-30611 - STARLINK-31600,86066.555,86400.000,333.445,
Contact STARLINK-30611 - STARLINK-30613,25017.927,25313.432,295.505,
Contact STARLINK-30611 - STARLINK-30613,38993.400,39754.350,760.951,
Contact STARLINK-30611 - STARLINK-30613,50264.726,54078.660,3813.934,
Contact STARLINK-30611 - STARLINK-30613,64407.681,65487.950,1080.270,
Contact STARLINK-30611 - STARLINK-30613,78614.395,79694.948,1080.553,
Contact STARLINK-30611 - STARLINK-31764,21538.013,22027.128,489.115,
Contact STARLINK-30611 - STARLINK-31764,35439.781,36196.225,756.444,
Contact STARLINK-30611 - STARLINK-31764,46577.489,47514.562,937.073,
Contact STARLINK-30611 - STARLINK-31764,60508.665,61652.493,1143.828,
Contact STARLINK-30611 - STARLINK-31764,71676.984,78580.508,6903.525,
Contact STARLINK-30611 - STARLINK-31764,85660.132,86400.000,739.868,
Contact STARLINK-30611 - STARLINK-4402,6714.964,7253.262,538.298,
Contact STARLINK-30611 - STARLINK-4402,32379.368,32765.756,386.388,
Contact STARLINK-30611 - STARLINK-4402,46665.122,46912.040,246.918,
Contact STARLINK-30611 - STARLINK-5618,40391.716,86400.000,46008.284,
Contact STARLINK-30611 - STARLINK-6255,0.000,59102.070,59102.070,
Contact STARLINK-30611 - STARLINK-3898,0.000,55658.742,55658.742,
Contact STARLINK-30611 - STARLINK-31539,3486.391,3970.732,484.341,
Contact STARLINK-30611 - STARLINK-31539,17385.062,18126.256,741.195,
Contact STARLINK-30611 - STARLINK-31539,28525.344,29429.762,904.419,
Contact STARLINK-30611 - STARLINK-31539,42464.258,43546.602,1082.344,
Contact STARLINK-30611 - STARLINK-31539,53636.995,60449.198,6812.203,
Contact STARLINK-30611 - STARLINK-31539,67624.741,68882.552,1257.810,
Contact STARLINK-30611 - STARLINK-31539,78818.170,85753.800,6935.630,
Contact STARLINK-30611 - STARLINK-30367,0.000,46104.020,46104.020,
Contact STARLINK-30611 - STARLINK-5151,0.000,675.163,675.163,
Contact STARLINK-30611 - STARLINK-5151,13882.021,14805.363,923.342,
Contact STARLINK-30611 - STARLINK-5151,25155.579,28922.676,3767.096,
Contact STARLINK-30611 - STARLINK-5151,39254.862,40218.306,963.444,
Contact STARLINK-30611 - STARLINK-5151,53347.540,54339.947,992.407,
Contact STARLINK-30611 - STARLINK-5151,64627.456,68449.349,3821.893,
Contact STARLINK-30611 - STARLINK-5151,78734.462,79738.618,1004.156,
Contact STARLINK-30611 - STARLINK-6142,65560.434,72549.460,6989.025,
Contact STARLINK-30611 - STARLINK-6142,79388.111,86400.000,7011.889,
Contact STARLINK-30611 - STARLINK-5049,60887.083,61636.649,749.566,
Contact STARLINK-30611 - STARLINK-5049,75022.500,75916.384,893.884,
Contact STARLINK-30611 - STARLINK-5049,86358.869,86400.000,41.131,
Contact STARLINK-30611 - MoonARTEMIS1,0.000,1576.462,1576.462,
Contact STARLINK-30611 - MoonARTEMIS1,3711.257,12847.391,9136.134,
Contact STARLINK-30611 - MoonARTEMIS1,14995.695,24121.785,9126.090,
Contact STARLINK-30611 - MoonARTEMIS1,26282.584,29760.289,3477.705,
Contact STARLINK-30611 - MoonARTEMIS1,37551.237,46652.474,9101.237,
Contact STARLINK-30611 - MoonARTEMIS1,48817.420,52285.152,3467.732,
Contact STARLINK-30611 - MoonARTEMIS1,54452.135,63552.528,9100.393,
Contact STARLINK-30611 - MoonARTEMIS1,65723.450,74822.288,9098.838,
Contact STARLINK-30611 - MoonARTEMIS1,76996.573,86094.435,9097.862,
Contact STARLINK-30611 - MoonARTEMIS2,0.000,1609.945,1609.945,
Contact STARLINK-30611 - MoonARTEMIS2,3762.558,12876.029,9113.471,
Contact STARLINK-30611 - MoonARTEMIS2,15034.788,24140.443,9105.655,
Contact STARLINK-30611 - MoonARTEMIS2,26303.539,35402.029,9098.489,
Contact STARLINK-30611 - MoonARTEMIS2,37567.381,46660.471,9093.090,
Contact STARLINK-30611 - MoonARTEMIS2,54476.126,63582.733,9106.607,
Contact STARLINK-30611 - MoonARTEMIS2,65758.581,74860.415,9101.834,
Contact STARLINK-30611 - MoonARTEMIS2,77036.631,86136.614,9099.983,
Contact STARLINK-30611 - MoonIOAGEO,0.000,1584.628,1584.628,
Contact STARLINK-30611 - MoonIOAGEO,3724.316,12855.044,9130.728,
Contact STARLINK-30611 - MoonIOAGEO,17149.671,24127.707,6978.036,
Contact STARLINK-30611 - MoonIOAGEO,26289.363,35393.522,9104.159,
Contact STARLINK-30611 - MoonIOAGEO,37557.887,46658.848,9100.961,
Contact STARLINK-30611 - MoonIOAGEO,48827.016,52294.993,3467.977,
Contact STARLINK-30611 - MoonIOAGEO,65747.000,74843.157,9096.157,
Contact STARLINK-30611 - MoonIOAGEO,77018.288,86108.292,9090.004,
Contact STARLINK-30611 - MoonIOAGNO,0.000,1588.549,1588.549,
Contact STARLINK-30611 - MoonIOAGNO,3725.559,12864.722,9139.163,
Contact STARLINK-30611 - MoonIOAGNO,15022.140,24143.482,9121.343,
Contact STARLINK-30611 - MoonIOAGNO,26301.473,35406.047,9104.574,
Contact STARLINK-30611 - MoonIOAGNO,37566.669,46659.815,9093.146,
Contact STARLINK-30611 - MoonIOAGNO,48826.187,52296.716,3470.529,
Contact STARLINK-30611 - MoonIOAGNO,54475.663,63586.797,9111.134,
Contact STARLINK-30611 - MoonIOAGNO,65761.990,74855.446,9093.456,
Contact STARLINK-30611 - MoonIOAGNO,77029.465,86113.867,9084.402,
Contact STARLINK-30611 - MoonIOAGNO 0001,0.000,1607.695,1607.695,
Contact STARLINK-30611 - MoonIOAGNO 0001,3749.507,12870.201,9120.694,
Contact STARLINK-30611 - MoonIOAGNO 0001,15016.571,24122.822,9106.252,
Contact STARLINK-30611 - MoonIOAGNO 0001,26277.260,35404.267,9127.008,
Contact STARLINK-30611 - MoonIOAGNO 0001,37573.662,41045.668,3472.006,
Contact STARLINK-30611 - MoonIOAGNO 0001,48850.580,52314.505,3463.925,
Contact STARLINK-30611 - MoonIOAGNO 0001,54483.580,63572.383,9088.803,
Contact STARLINK-30611 - MoonIOAGNO 0001,65742.630,74842.020,9099.390,
Contact STARLINK-30611 - MoonIOAGNO 0001,77024.094,86130.523,9106.428,
Contact STARLINK-30611 - MoonIOAGSO,0.000,1584.019,1584.019,
Contact STARLINK-30611 - MoonIOAGSO,3731.628,7226.349,3494.721,
Contact STARLINK-30611 - MoonIOAGSO,14999.829,24107.456,9107.627,
Contact STARLINK-30611 - MoonIOAGSO,26269.380,35379.470,9110.091,
Contact STARLINK-30611 - MoonIOAGSO,37548.662,46662.676,9114.013,
Contact STARLINK-30611 - MoonIOAGSO,48835.656,52241.703,3406.047,
Contact STARLINK-30611 - MoonIOAGSO,55009.666,63554.992,8545.326,
Contact STARLINK-30611 - MoonIOAGSO,65728.721,74825.777,9097.056,
Contact STARLINK-30611 - MoonIOAGSO,77003.011,86107.233,9104.222,
Contact STARLINK-30611 - MoonIOAGSO 0001,0.000,1570.507,1570.507,
Contact STARLINK-30611 - MoonIOAGSO 0001,3717.684,12840.356,9122.672,
Contact STARLINK-30611 - MoonIOAGSO 0001,14997.445,24122.140,9124.695,
Contact STARLINK-30611 - MoonIOAGSO 0001,26285.175,29762.595,3477.420,
Contact STARLINK-30611 - MoonIOAGSO 0001,37549.008,46646.908,9097.900,
Contact STARLINK-30611 - MoonIOAGSO 0001,48818.234,52282.613,3464.379,
Contact STARLINK-30611 - MoonIOAGSO 0001,54456.645,63562.170,9105.525,
Contact STARLINK-30611 - MoonIOAGSO 0001,65740.058,73945.796,8205.738,
Contact STARLINK-30611 - MoonIOAGSO 0001,77011.104,86098.337,9087.232,
Contact STARLINK-30611 - MoonLRO,6857.840,7217.119,359.280,
Contact STARLINK-30611 - MoonLRO,20641.356,24128.436,3487.081,
Contact STARLINK-30611 - MoonLRO,27298.276,29760.667,2462.391,
Contact STARLINK-30611 - MoonLRO,43197.171,44962.602,1765.431,
Contact STARLINK-30611 - MoonLRO,48829.828,51820.392,2990.564,
Contact STARLINK-30611 - MoonLRO,54599.669,57937.362,3337.692,
Contact STARLINK-30611 - MoonLRO,68298.012,72287.251,3989.239,
Contact STARLINK-30611 - MoonLRO,82648.361,86002.158,3353.797,
Contact STARLINK-30611 - MarsSat1,0.000,2178.883,2178.883,
Contact STARLINK-30611 - MarsSat1,3911.106,13456.928,9545.822,
Contact STARLINK-30611 - MarsSat1,15176.242,24735.344,9559.102,
Contact STARLINK-30611 - MarsSat1,26441.389,41653.629,15212.241,
Contact STARLINK-30611 - MarsSat1,43339.185,52932.939,9593.754,
Contact STARLINK-30611 - MarsSat1,54604.473,64212.655,9608.182,
Contact STARLINK-30611 - MarsSat1,65869.844,75492.827,9622.983,
Contact STARLINK-30611 - MarsSat1,77135.284,86400.000,9264.716,
Contact STARLINK-30611 - MarsSat2,0.000,2178.895,2178.895,
Contact STARLINK-30611 - MarsSat2,3911.059,13456.918,9545.859,
Contact STARLINK-30611 - MarsSat2,15176.300,24735.315,9559.015,
Contact STARLINK-30611 - MarsSat2,26441.527,41653.628,15212.100,
Contact STARLINK-30611 - MarsSat2,43339.384,52933.000,9593.615,
Contact STARLINK-30611 - MarsSat2,54604.657,64212.786,9608.129,
Contact STARLINK-30611 - MarsSat2,65869.967,75492.998,9623.031,
Contact STARLINK-30611 - MarsSat2,77135.323,86400.000,9264.677,
Contact STARLINK-30611 - MarsSat3,0.000,2178.878,2178.878,
Contact STARLINK-30611 - MarsSat3,3910.954,13456.837,9545.883,
Contact STARLINK-30611 - MarsSat3,15176.138,24735.261,9559.123,
Contact STARLINK-30611 - MarsSat3,26441.432,41653.659,15212.227,
Contact STARLINK-30611 - MarsSat3,43339.355,52933.043,9593.688,
Contact STARLINK-30611 - MarsSat3,54604.616,64212.806,9608.190,
Contact STARLINK-30611 - MarsSat3,65869.894,75492.969,9623.074,
Contact STARLINK-30611 - MarsSat3,77135.215,86400.000,9264.785,
Contact STARLINK-30611 - MarsSat4,0.000,2178.978,2178.978,
Contact STARLINK-30611 - MarsSat4,3911.104,7817.899,3906.795,
Contact STARLINK-30611 - MarsSat4,15176.162,24735.291,9559.130,
Contact STARLINK-30611 - MarsSat4,26441.431,41360.112,14918.681,
Contact STARLINK-30611 - MarsSat4,43339.216,52932.906,9593.690,
Contact STARLINK-30611 - MarsSat4,54604.546,64212.761,9608.214,
Contact STARLINK-30611 - MarsSat4,65869.937,73689.388,7819.451,
Contact STARLINK-30611 - MarsSat4,77135.226,86400.000,9264.774,
Contact STARLINK-30190 - STARLINK-5215,64318.792,64908.232,589.441,
Contact STARLINK-30190 - STARLINK-5215,78543.095,79424.369,881.274,
Contact STARLINK-30190 - STARLINK-4125,13772.084,14837.827,1065.744,
Contact STARLINK-30190 - STARLINK-4125,22203.112,35358.269,13155.157,
Contact STARLINK-30190 - STARLINK-4125,36362.701,49901.621,13538.920,
Contact STARLINK-30190 - STARLINK-4125,50567.827,64325.619,13757.792,
Contact STARLINK-30190 - STARLINK-4125,64934.385,78574.327,13639.942,
Contact STARLINK-30190 - STARLINK-4125,79433.087,86400.000,6966.913,
Contact STARLINK-30190 - STARLINK-32081,51209.583,86400.000,35190.417,
Contact STARLINK-30190 - STARLINK-1301,71702.870,72020.716,317.846,
Contact STARLINK-30190 - STARLINK-1301,85900.342,86400.000,499.658,
Contact STARLINK-30190 - STARLINK-31617,0.000,549.645,549.645,
Contact STARLINK-30190 - STARLINK-2751,79110.202,79841.868,731.666,
Contact STARLINK-30190 - STARLINK-1015,0.000,3190.819,3190.819,
Contact STARLINK-30190 - STARLINK-1015,4229.502,17574.588,13345.086,
Contact STARLINK-30190 - STARLINK-1015,18673.175,31886.337,13213.162,
Contact STARLINK-30190 - STARLINK-1015,38957.235,46170.496,7213.261,
Contact STARLINK-30190 - STARLINK-1015,53528.718,54698.475,1169.756,
Contact STARLINK-30190 - STARLINK-1015,68146.799,68881.651,734.852,
Contact STARLINK-30190 - STARLINK-5765,3449.065,7365.901,3916.836,
Contact STARLINK-30190 - STARLINK-5765,17902.806,21704.301,3801.496,
Contact STARLINK-30190 - STARLINK-5765,32380.420,36015.548,3635.128,
Contact STARLINK-30190 - STARLINK-32235,0.000,353.332,353.332,
Contact STARLINK-30190 - STARLINK-11266 [DTC],28441.645,35682.999,7241.354,
Contact STARLINK-30190 - STARLINK-11266 [DTC],42513.112,49588.675,7075.563,
Contact STARLINK-30190 - STARLINK-30355,0.000,4170.936,4170.936,
Contact STARLINK-30190 - STARLINK-30355,11467.895,18579.506,7111.611,
Contact STARLINK-30190 - STARLINK-30355,25865.721,32939.560,7073.839,
Contact STARLINK-30190 - STARLINK-30355,40290.228,47272.722,6982.494,
Contact STARLINK-30190 - STARLINK-30355,60565.332,61555.203,989.871,
Contact STARLINK-30190 - STARLINK-30355,75099.098,75795.856,696.759,
Contact STARLINK-30190 - STARLINK-30316,21332.480,22081.863,749.383,
Contact STARLINK-30190 - STARLINK-30316,35474.181,36431.655,957.474,
Contact STARLINK-30190 - STARLINK-30316,49729.660,50665.211,935.550,
Contact STARLINK-30190 - STARLINK-2602,0.000,26364.463,26364.463,
Contact STARLINK-30190 - STARLINK-4617,10709.663,11156.169,446.507,
Contact STARLINK-30190 - STARLINK-31407,39093.573,40069.443,975.870,
Contact STARLINK-30190 - STARLINK-31407,47540.580,54402.624,6862.044,
Contact STARLINK-30190 - STARLINK-31407,64663.954,68523.099,3859.145,
Contact STARLINK-30190 - STARLINK-30171,0.000,2921.907,2921.907,
Contact STARLINK-30190 - STARLINK-30171,10106.408,17432.841,7326.433,
Contact STARLINK-30190 - STARLINK-30171,18697.969,31878.305,13180.336,
Contact STARLINK-30190 - STARLINK-30171,33037.819,46287.720,13249.900,
Contact STARLINK-30190 - STARLINK-30171,47443.273,60627.842,13184.569,
Contact STARLINK-30190 - STARLINK-30171,61887.829,74937.655,13049.826,
Contact STARLINK-30190 - STARLINK-30171,82210.224,83486.637,1276.413,
Contact STARLINK-30190 - STARLINK-5660,6926.731,11157.237,4230.506,
Contact STARLINK-30190 - STARLINK-5660,21327.862,25557.445,4229.583,
Contact STARLINK-30190 - STARLINK-5660,35761.157,39944.953,4183.797,
Contact STARLINK-30190 - STARLINK-5660,50208.117,54299.118,4091.001,
Contact STARLINK-30190 - STARLINK-5660,64689.072,68640.603,3951.531,
Contact STARLINK-30190 - STARLINK-5660,79186.335,82940.964,3754.628,
Contact STARLINK-30190 - STARLINK-32094,21221.754,21792.334,570.580,
Contact STARLINK-30190 - STARLINK-32094,32398.405,36261.696,3863.291,
Contact STARLINK-30190 - STARLINK-32094,46563.802,50509.482,3945.679,
Contact STARLINK-30190 - STARLINK-32094,60924.258,61774.378,850.121,
Contact STARLINK-30190 - STARLINK-30767,11393.458,21513.110,10119.651,
Contact STARLINK-30190 - STARLINK-30767,25375.761,86400.000,61024.239,
Contact STARLINK-30190 - STARLINK-31800,53771.505,54447.192,675.687,
Contact STARLINK-30190 - STARLINK-31800,67779.906,68893.034,1113.128,
Contact STARLINK-30190 - STARLINK-31800,76297.400,83107.054,6809.654,
Contact STARLINK-30190 - STARLINK-4254,7038.204,7787.957,749.754,
Contact STARLINK-30190 - STARLINK-4254,21357.328,22241.165,883.837,
Contact STARLINK-30190 - STARLINK-4254,35699.963,36670.862,970.900,
Contact STARLINK-30190 - STARLINK-4254,50061.882,51080.784,1018.902,
Contact STARLINK-30190 - STARLINK-4254,64443.621,65471.159,1027.538,
Contact STARLINK-30190 - STARLINK-4254,78844.837,79841.724,996.887,
Contact STARLINK-30190 - STARLINK-3533,46404.881,46839.604,434.723,
Contact STARLINK-30190 - STARLINK-3533,57484.512,61706.367,4221.855,
Contact STARLINK-30190 - STARLINK-3533,68722.138,82331.833,13609.694,
Contact STARLINK-30190 - STARLINK-3533,82800.155,86400.000,3599.845,
Contact STARLINK-30190 - STARLINK-2228,75170.081,76321.819,1151.738,
Contact STARLINK-30190 - STARLINK-1736,82336.213,83011.540,675.327,
Contact STARLINK-30190 - STARLINK-6372,3387.436,4261.059,873.623,
Contact STARLINK-30190 - STARLINK-6372,17876.257,18593.472,717.215,
Contact STARLINK-30190 - STARLINK-6372,32398.364,32893.066,494.702,
Contact STARLINK-30190 - STARLINK-30425,82648.939,83447.806,798.867,
Contact STARLINK-30190 - STARLINK-4772,0.000,31120.953,31120.953,
Contact STARLINK-30190 - STARLINK-3346,56962.477,57702.926,740.449,
Contact STARLINK-30190 - STARLINK-3346,68328.579,72199.051,3870.472,
Contact STARLINK-30190 - STARLINK-3346,82600.891,86400.000,3799.109,
Contact STARLINK-30190 - STARLINK-30320,50128.924,50896.708,767.784,
Contact STARLINK-30190 - STARLINK-30320,64254.343,65226.375,972.032,
Contact STARLINK-30190 - STARLINK-30320,78517.062,79416.415,899.354,
Contact STARLINK-30190 - STARLINK-31919,30073.513,70475.108,40401.596,
Contact STARLINK-30190 - STARLINK-31639,21528.619,22284.991,756.372,
Contact STARLINK-30190 - STARLINK-31639,35714.298,36667.166,952.868,
Contact STARLINK-30190 - STARLINK-31639,49979.651,50967.536,987.885,
Contact STARLINK-30190 - STARLINK-31639,64327.986,65186.247,858.261,
Contact STARLINK-30190 - STARLINK-31639,78776.358,79306.431,530.073,
Contact STARLINK-30190 - STARLINK-31600,25092.794,60671.352,35578.559,
Contact STARLINK-30190 - STARLINK-30613,25524.283,86400.000,60875.717,
Contact STARLINK-30190 - STARLINK-31764,39528.495,39942.456,413.961,
Contact STARLINK-30190 - STARLINK-31764,53440.891,54492.975,1052.084,
Contact STARLINK-30190 - STARLINK-31764,61916.023,68778.149,6862.126,
Contact STARLINK-30190 - STARLINK-31764,79102.775,82841.118,3738.343,
Contact STARLINK-30190 - STARLINK-31502,0.000,11893.390,11893.390,
Contact STARLINK-30190 - STARLINK-5618,20939.480,21602.740,663.260,
Contact STARLINK-30190 - STARLINK-5618,32391.655,36054.748,3663.093,
Contact STARLINK-30190 - STARLINK-5618,46722.117,50476.520,3754.403,
Contact STARLINK-30190 - STARLINK-5618,61079.956,64888.714,3808.758,
Contact STARLINK-30190 - STARLINK-5618,75446.295,79274.297,3828.002,
Contact STARLINK-30190 - STARLINK-6255,82072.117,82878.199,806.082,
Contact STARLINK-30190 - STARLINK-3898,79156.137,79786.307,630.170,
Contact STARLINK-30190 - STARLINK-31539,75122.818,82466.559,7343.742,
Contact STARLINK-30190 - STARLINK-31539,83179.605,86400.000,3220.395,
Contact STARLINK-30190 - STARLINK-31722,0.000,7081.011,7081.011,
Contact STARLINK-30190 - STARLINK-31722,7709.151,20943.670,13234.518,
Contact STARLINK-30190 - STARLINK-31722,28441.229,28982.894,541.665,
Contact STARLINK-30190 - STARLINK-1581,3025.993,3906.038,880.046,
Contact STARLINK-30190 - STARLINK-1581,17479.667,18002.401,522.734,
Contact STARLINK-30190 - STARLINK-4290,3310.335,4298.472,988.137,
Contact STARLINK-30190 - STARLINK-4290,17716.613,18617.440,900.828,
Contact STARLINK-30190 - STARLINK-4290,32160.680,32898.701,738.021,
Contact STARLINK-30190 - STARLINK-4290,46649.125,47136.436,487.312,
Contact STARLINK-30190 - STARLINK-5151,57426.803,86400.000,28973.197,
Contact STARLINK-30190 - STARLINK-6142,6537.209,7615.261,1078.052,
Contact STARLINK-30190 - STARLINK-6142,20995.717,21967.135,971.417,
Contact STARLINK-30190 - STARLINK-6142,35482.206,36291.089,808.883,
Contact STARLINK-30190 - STARLINK-6142,49996.702,50587.548,590.846,
Contact STARLINK-30190 - STARLINK-5049,0.000,60702.327,60702.327,
Contact STARLINK-30190 - STARLINK-5049,68328.878,68813.407,484.529,
Contact STARLINK-30190 - MoonARTEMIS1,1510.458,5188.680,3678.222,
Contact STARLINK-30190 - MoonARTEMIS1,7332.005,16832.518,9500.513,
Contact STARLINK-30190 - MoonARTEMIS1,18980.774,28486.461,9505.688,
Contact STARLINK-30190 - MoonARTEMIS1,36436.184,45901.883,9465.699,
Contact STARLINK-30190 - MoonARTEMIS1,48046.923,57519.417,9472.494,
Contact STARLINK-30190 - MoonARTEMIS1,59667.388,63330.550,3663.162,
Contact STARLINK-30190 - MoonARTEMIS1,65480.008,74956.647,9476.639,
Contact STARLINK-30190 - MoonARTEMIS1,77109.154,80771.458,3662.305,
Contact STARLINK-30190 - MoonARTEMIS1,82925.519,86400.000,3474.481,
Contact STARLINK-30190 - MoonARTEMIS2,1600.010,5267.008,3666.998,
Contact STARLINK-30190 - MoonARTEMIS2,7414.138,16891.312,9477.174,
Contact STARLINK-30190 - MoonARTEMIS2,19039.137,28510.862,9471.724,
Contact STARLINK-30190 - MoonARTEMIS2,30658.491,34318.008,3659.517,
Contact STARLINK-30190 - MoonARTEMIS2,36464.846,45923.268,9458.422,
Contact STARLINK-30190 - MoonARTEMIS2,53901.310,57569.554,3668.244,
Contact STARLINK-30190 - MoonARTEMIS2,59725.108,63390.594,3665.486,
Contact STARLINK-30190 - MoonARTEMIS2,65546.858,75028.549,9481.691,
Contact STARLINK-30190 - MoonARTEMIS2,77186.124,80846.004,3659.880,
Contact STARLINK-30190 - MoonARTEMIS2,83004.131,86400.000,3395.869,
Contact STARLINK-30190 - MoonIOAGEO,1537.446,5210.293,3672.847,
Contact STARLINK-30190 - MoonIOAGEO,7353.998,11032.024,3678.026,
Contact STARLINK-30190 - MoonIOAGEO,19008.041,28498.610,9490.569,
Contact STARLINK-30190 - MoonIOAGEO,30644.632,34304.956,3660.324,
Contact STARLINK-30190 - MoonIOAGEO,36449.284,45913.715,9464.432,
Contact STARLINK-30190 - MoonIOAGEO,48062.446,57102.235,9039.789,
Contact STARLINK-30190 - MoonIOAGEO,65535.446,75011.004,9475.558,
Contact STARLINK-30190 - MoonIOAGEO,77162.985,80814.562,3651.576,
Contact STARLINK-30190 - MoonIOAGEO,82965.697,86400.000,3434.303,
Contact STARLINK-30190 - MoonIOAGNO,1536.599,5217.860,3681.260,
Contact STARLINK-30190 - MoonIOAGNO,7368.167,16856.385,9488.219,
Contact STARLINK-30190 - MoonIOAGNO,19002.152,28470.554,9468.402,
Contact STARLINK-30190 - MoonIOAGNO,30619.345,34280.783,3661.438,
Contact STARLINK-30190 - MoonIOAGNO,36430.655,45914.518,9483.863,
Contact STARLINK-30190 - MoonIOAGNO,48068.798,57562.052,9493.254,
Contact STARLINK-30190 - MoonIOAGNO,59713.842,63368.663,3654.821,
Contact STARLINK-30190 - MoonIOAGNO,65521.793,74984.533,9462.740,
Contact STARLINK-30190 - MoonIOAGNO,77139.994,80796.024,3656.030,
Contact STARLINK-30190 - MoonIOAGNO,82952.608,86400.000,3447.392,
Contact STARLINK-30190 - MoonIOAGNO 0001,1548.722,5212.504,3663.782,
Contact STARLINK-30190 - MoonIOAGNO 0001,7357.563,16835.115,9477.552,
Contact STARLINK-30190 - MoonIOAGNO 0001,18982.332,28483.228,9500.895,
Contact STARLINK-30190 - MoonIOAGNO 0001,30637.728,34306.002,3668.274,
Contact STARLINK-30190 - MoonIOAGNO 0001,36454.219,45919.560,9465.341,
Contact STARLINK-30190 - MoonIOAGNO 0001,48070.688,57538.693,9468.005,
Contact STARLINK-30190 - MoonIOAGNO 0001,59692.095,63353.409,3661.314,
Contact STARLINK-30190 - MoonIOAGNO 0001,65508.348,75007.043,9498.695,
Contact STARLINK-30190 - MoonIOAGNO 0001,77162.459,80817.150,3654.691,
Contact STARLINK-30190 - MoonIOAGNO 0001,82972.059,86400.000,3427.941,
Contact STARLINK-30190 - MoonIOAGSO,1556.273,5222.212,3665.939,
Contact STARLINK-30190 - MoonIOAGSO,13190.146,16869.122,3678.976,
Contact STARLINK-30190 - MoonIOAGSO,19014.027,28505.853,9491.826,
Contact STARLINK-30190 - MoonIOAGSO,30649.913,34318.329,3668.416,
Contact STARLINK-30190 - MoonIOAGSO,36463.003,45931.475,9468.472,
Contact STARLINK-30190 - MoonIOAGSO,48077.664,51737.451,3659.787,
Contact STARLINK-30190 - MoonIOAGSO,59719.147,63388.298,3669.151,
Contact STARLINK-30190 - MoonIOAGSO,65540.729,75020.926,9480.197,
Contact STARLINK-30190 - MoonIOAGSO,77173.107,80831.517,3658.409,
Contact STARLINK-30190 - MoonIOAGSO,82983.886,86400.000,3416.114,
Contact STARLINK-30190 - MoonIOAGSO 0001,1568.977,5246.442,3677.465,
Contact STARLINK-30190 - MoonIOAGSO 0001,7386.010,16869.651,9483.641,
Contact STARLINK-30190 - MoonIOAGSO 0001,19010.863,28479.214,9468.351,
Contact STARLINK-30190 - MoonIOAGSO 0001,36455.435,45948.699,9493.264,
Contact STARLINK-30190 - MoonIOAGSO 0001,48096.879,57575.505,9478.626,
Contact STARLINK-30190 - MoonIOAGSO 0001,59724.319,63383.030,3658.712,
Contact STARLINK-30190 - MoonIOAGSO 0001,65532.225,73903.785,8371.560,
Contact STARLINK-30190 - MoonIOAGSO 0001,77156.441,80824.522,3668.080,
Contact STARLINK-30190 - MoonIOAGSO 0001,82981.282,86400.000,3418.718,
Contact STARLINK-30190 - MoonLRO,1554.474,3959.287,2404.813,
Contact STARLINK-30190 - MoonLRO,13669.197,16853.688,3184.491,
Contact STARLINK-30190 - MoonLRO,20497.097,22670.968,2173.871,
Contact STARLINK-30190 - MoonLRO,42265.261,44955.336,2690.075,
Contact STARLINK-30190 - MoonLRO,48079.534,51739.655,3660.120,
Contact STARLINK-30190 - MoonLRO,68273.479,72321.211,4047.732,
Contact STARLINK-30190 - MarsSat1,0.000,6321.104,6321.104,
Contact STARLINK-30190 - MarsSat1,8434.521,17919.994,9485.473,
Contact STARLINK-30190 - MarsSat1,20032.388,23719.470,3687.081,
Contact STARLINK-30190 - MarsSat1,25831.333,35318.462,9487.129,
Contact STARLINK-30190 - MarsSat1,37429.227,41117.974,3688.747,
Contact STARLINK-30190 - MarsSat1,43228.171,52717.028,9488.856,
Contact STARLINK-30190 - MarsSat1,54826.058,64316.142,9490.084,
Contact STARLINK-30190 - MarsSat1,66423.964,70115.733,3691.769,
Contact STARLINK-30190 - MarsSat1,72222.936,81715.001,9492.065,
Contact STARLINK-30190 - MarsSat1,83820.934,86400.000,2579.066,
Contact STARLINK-30190 - MarsSat2,0.000,6321.119,6321.119,
Contact STARLINK-30190 - MarsSat2,8434.523,17919.939,9485.417,
Contact STARLINK-30190 - MarsSat2,20032.318,23719.389,3687.071,
Contact STARLINK-30190 - MarsSat2,25831.238,35318.360,9487.122,
Contact STARLINK-30190 - MarsSat2,37429.114,41117.879,3688.765,
Contact STARLINK-30190 - MarsSat2,43228.068,52716.980,9488.912,
Contact STARLINK-30190 - MarsSat2,54826.007,64316.165,9490.158,
Contact STARLINK-30190 - MarsSat2,66423.986,70115.789,3691.803,
Contact STARLINK-30190 - MarsSat2,72222.990,81715.098,9492.108,
Contact STARLINK-30190 - MarsSat2,83821.029,86400.000,2578.971,
Contact STARLINK-30190 - MarsSat3,0.000,6321.158,6321.158,
Contact STARLINK-30190 - MarsSat3,8434.572,17919.965,9485.393,
Contact STARLINK-30190 - MarsSat3,20032.352,23719.409,3687.057,
Contact STARLINK-30190 - MarsSat3,25831.265,35318.387,9487.122,
Contact STARLINK-30190 - MarsSat3,37429.146,41117.913,3688.767,
Contact STARLINK-30190 - MarsSat3,43228.105,52717.023,9488.918,
Contact STARLINK-30190 - MarsSat3,54826.052,64316.205,9490.153,
Contact STARLINK-30190 - MarsSat3,66424.029,70115.822,3691.793,
Contact STARLINK-30190 - MarsSat3,72223.028,81715.106,9492.079,
Contact STARLINK-30190 - MarsSat3,83821.043,86400.000,2578.957,
Contact STARLINK-30190 - MarsSat4,0.000,6321.157,6321.157,
Contact STARLINK-30190 - MarsSat4,14233.461,17919.974,3686.513,
Contact STARLINK-30190 - MarsSat4,20032.362,23719.426,3687.063,
Contact STARLINK-30190 - MarsSat4,25831.284,35318.406,9487.123,
Contact STARLINK-30190 - MarsSat4,37429.167,41117.919,3688.752,
Contact STARLINK-30190 - MarsSat4,43228.115,52716.980,9488.865,
Contact STARLINK-30190 - MarsSat4,54826.016,64316.164,9490.148,
Contact STARLINK-30190 - MarsSat4,66423.988,70115.786,3691.798,
Contact STARLINK-30190 - MarsSat4,75534.541,81715.055,6180.514,
Contact STARLINK-30190 - MarsSat4,83820.990,86400.000,2579.010,
Contact STARLINK-5215 - STARLINK-4125,6743.063,7628.448,885.385,
Contact STARLINK-5215 - STARLINK-4125,21007.878,21898.872,890.994,
Contact STARLINK-5215 - STARLINK-4125,35275.060,36166.774,891.714,
Contact STARLINK-5215 - STARLINK-4125,46687.991,50436.877,3748.886,
Contact STARLINK-5215 - STARLINK-4125,60953.199,61851.932,898.733,
Contact STARLINK-5215 - STARLINK-4125,75220.650,76119.547,898.896,
Contact STARLINK-5215 - STARLINK-32081,0.000,572.822,572.822,
Contact STARLINK-5215 - STARLINK-32081,7627.714,17505.586,9877.873,
Contact STARLINK-5215 - STARLINK-32081,24717.174,25953.162,1235.988,
Contact STARLINK-5215 - STARLINK-32081,39036.957,39955.893,918.936,
Contact STARLINK-5215 - STARLINK-2751,0.000,86400.000,86400.000,
Contact STARLINK-5215 - STARLINK-1015,3572.946,4138.767,565.822,
Contact STARLINK-5215 - STARLINK-1015,17839.672,18448.486,608.814,
Contact STARLINK-5215 - STARLINK-1015,32102.158,32762.681,660.523,
Contact STARLINK-5215 - STARLINK-1015,46373.184,47068.096,694.912,
Contact STARLINK-5215 - STARLINK-1015,60640.369,61377.534,737.165,
Contact STARLINK-5215 - STARLINK-1015,74914.784,75679.555,764.770,
Contact STARLINK-5215 - STARLINK-1015,86333.372,86400.000,66.628,
Contact STARLINK-5215 - STARLINK-11266 [DTC],0.000,571.068,571.068,
Contact STARLINK-5215 - STARLINK-30316,0.000,21589.398,21589.398,
Contact STARLINK-5215 - STARLINK-30316,22108.126,35358.727,13250.602,
Contact STARLINK-5215 - STARLINK-30316,36608.054,43602.462,6994.409,
Contact STARLINK-5215 - STARLINK-4413,3149.994,3749.352,599.358,
Contact STARLINK-5215 - STARLINK-4413,17479.336,18070.461,591.125,
Contact STARLINK-5215 - STARLINK-4413,31796.934,32402.512,605.578,
Contact STARLINK-5215 - STARLINK-4413,57583.686,58186.273,602.587,
Contact STARLINK-5215 - STARLINK-4413,71901.762,72517.773,616.011,
Contact STARLINK-5215 - STARLINK-4413,86228.811,86400.000,171.189,
Contact STARLINK-5215 - STARLINK-31407,6959.343,7365.102,405.759,
Contact STARLINK-5215 - STARLINK-31407,20836.379,21733.934,897.555,
Contact STARLINK-5215 - STARLINK-31407,32038.691,33126.807,1088.115,
Contact STARLINK-5215 - STARLINK-31407,46113.312,47294.486,1181.174,
Contact STARLINK-5215 - STARLINK-31407,57419.039,61402.606,3983.567,
Contact STARLINK-5215 - STARLINK-31407,71610.779,72633.504,1022.725,
Contact STARLINK-5215 - STARLINK-31407,85903.661,86400.000,496.339,
Contact STARLINK-5215 - STARLINK-30171,3527.129,7271.293,3744.164,
Contact STARLINK-5215 - STARLINK-30171,17798.325,18712.537,914.212,
Contact STARLINK-5215 - STARLINK-30171,32066.086,33014.839,948.753,
Contact STARLINK-5215 - STARLINK-30171,46341.131,47309.973,968.843,
Contact STARLINK-5215 - STARLINK-30171,60612.870,61608.220,995.350,
Contact STARLINK-5215 - STARLINK-30171,74891.624,75899.636,1008.012,
Contact STARLINK-5215 - STARLINK-30171,86313.926,86400.000,86.074,
Contact STARLINK-5215 - STARLINK-5660,3248.509,3979.716,731.207,
Contact STARLINK-5215 - STARLINK-5660,17499.528,18320.787,821.259,
Contact STARLINK-5215 - STARLINK-5660,31746.901,32664.968,918.067,
Contact STARLINK-5215 - STARLINK-5660,43154.220,46992.083,3837.863,
Contact STARLINK-5215 - STARLINK-5660,57423.672,61323.195,3899.523,
Contact STARLINK-5215 - STARLINK-5660,71688.354,78507.605,6819.251,
Contact STARLINK-5215 - STARLINK-5660,85968.112,86400.000,431.888,
Contact STARLINK-5215 - STARLINK-32094,0.000,35227.704,35227.704,
Contact STARLINK-5215 - STARLINK-31827,71029.619,86400.000,15370.381,
Contact STARLINK-5215 - STARLINK-31800,46777.284,47249.543,472.258,
Contact STARLINK-5215 - STARLINK-31800,60640.679,61627.602,986.924,
Contact STARLINK-5215 - STARLINK-31800,71837.296,75856.487,4019.191,
Contact STARLINK-5215 - STARLINK-31800,85915.877,86400.000,484.123,
Contact STARLINK-5215 - STARLINK-4254,0.000,7118.271,7118.271,
Contact STARLINK-5215 - STARLINK-4254,11021.970,21419.050,10397.080,
Contact STARLINK-5215 - STARLINK-4254,25266.781,35698.792,10432.012,
Contact STARLINK-5215 - STARLINK-4254,36673.810,49995.088,13321.279,
Contact STARLINK-5215 - STARLINK-4254,50946.665,64270.492,13323.827,
Contact STARLINK-5215 - STARLINK-4254,65197.595,78561.939,13364.344,
Contact STARLINK-5215 - STARLINK-4254,79475.185,86400.000,6924.815,
Contact STARLINK-5215 - STARLINK-3533,0.000,0.300,0.300,
Contact STARLINK-5215 - STARLINK-3533,10638.897,11458.674,819.778,
Contact STARLINK-5215 - STARLINK-3533,24838.355,25797.179,958.824,
Contact STARLINK-5215 - STARLINK-3533,39087.960,40090.162,1002.201,
Contact STARLINK-5215 - STARLINK-3533,53297.567,54418.372,1120.806,
Contact STARLINK-5215 - STARLINK-3533,64684.077,68708.448,4024.371,
Contact STARLINK-5215 - STARLINK-3533,78937.619,83030.090,4092.471,
Contact STARLINK-5215 - STARLINK-31987,82408.418,86400.000,3991.582,
Contact STARLINK-5215 - STARLINK-2228,34175.543,82871.010,48695.467,
Contact STARLINK-5215 - STARLINK-3346,7140.619,7353.869,213.249,
Contact STARLINK-5215 - STARLINK-3346,21335.636,21652.182,316.546,
Contact STARLINK-5215 - STARLINK-3346,61157.144,61613.053,455.909,
Contact STARLINK-5215 - STARLINK-3346,75392.881,75871.374,478.493,
Contact STARLINK-5215 - STARLINK-30320,17569.752,18407.725,837.973,
Contact STARLINK-5215 - STARLINK-30320,25479.026,83566.775,58087.749,
Contact STARLINK-5215 - STARLINK-31919,10226.559,11239.667,1013.109,
Contact STARLINK-5215 - STARLINK-31919,24474.299,25234.438,760.139,
Contact STARLINK-5215 - STARLINK-31919,35991.633,36312.399,320.765,
Contact STARLINK-5215 - STARLINK-31639,0.000,10138.618,10138.618,
Contact STARLINK-5215 - STARLINK-31639,11230.897,21488.633,10257.736,
Contact STARLINK-5215 - STARLINK-31639,25393.328,35610.494,10217.166,
Contact STARLINK-5215 - STARLINK-31639,42481.061,49696.129,7215.068,
Contact STARLINK-5215 - STARLINK-31639,51065.615,58106.031,7040.416,
Contact STARLINK-5215 - STARLINK-31639,68278.148,72102.322,3824.174,
Contact STARLINK-5215 - STARLINK-31639,82737.371,83187.743,450.372,
Contact STARLINK-5215 - STARLINK-31600,6951.800,7886.857,935.057,
Contact STARLINK-5215 - STARLINK-31600,21098.522,22014.483,915.961,
Contact STARLINK-5215 - STARLINK-31600,35273.251,36113.823,840.572,
Contact STARLINK-5215 - STARLINK-31600,46636.576,47370.219,733.643,
Contact STARLINK-5215 - STARLINK-31600,60880.065,61402.005,521.939,
Contact STARLINK-5215 - STARLINK-30613,50215.064,50970.112,755.048,
Contact STARLINK-5215 - STARLINK-30613,64426.844,65362.164,935.320,
Contact STARLINK-5215 - STARLINK-30613,78674.473,79717.337,1042.865,
Contact STARLINK-5215 - STARLINK-31764,32391.382,33089.626,698.244,
Contact STARLINK-5215 - STARLINK-31764,46350.322,47378.531,1028.209,
Contact STARLINK-5215 - STARLINK-31764,54758.960,61589.867,6830.907,
Contact STARLINK-5215 - STARLINK-31764,71669.613,78537.299,6867.686,
Contact STARLINK-5215 - STARLINK-31764,85849.006,86400.000,550.994,
Contact STARLINK-5215 - STARLINK-5618,0.000,86400.000,86400.000,
Contact STARLINK-5215 - STARLINK-6255,0.000,67718.995,67718.995,
Contact STARLINK-5215 - STARLINK-6255,68465.676,78926.813,10461.137,
Contact STARLINK-5215 - STARLINK-6255,85991.865,86400.000,408.135,
Contact STARLINK-5215 - STARLINK-3898,0.000,86400.000,86400.000,
Contact STARLINK-5215 - STARLINK-31539,28337.994,29005.820,667.826,
Contact STARLINK-5215 - STARLINK-31539,36421.499,46591.593,10170.094,
Contact STARLINK-5215 - STARLINK-31539,47381.561,85937.903,38556.342,
Contact STARLINK-5215 - STARLINK-30367,0.000,53088.657,53088.657,
Contact STARLINK-5215 - STARLINK-5151,0.000,458.758,458.758,
Contact STARLINK-5215 - STARLINK-5151,10511.043,17481.359,6970.316,
Contact STARLINK-5215 - STARLINK-5151,24724.495,31656.284,6931.789,
Contact STARLINK-5215 - STARLINK-5151,38971.558,40140.869,1169.312,
Contact STARLINK-5215 - STARLINK-5151,47513.950,54289.211,6775.260,
Contact STARLINK-5215 - STARLINK-5151,64637.149,65587.492,950.343,
Contact STARLINK-5215 - STARLINK-5151,78946.920,79675.013,728.093,
Contact STARLINK-5215 - STARLINK-31463,53757.299,54273.496,516.197,
Contact STARLINK-5215 - STARLINK-31463,67782.679,68558.668,775.990,
Contact STARLINK-5215 - STARLINK-31463,79036.194,82804.293,3768.099,
Contact STARLINK-5215 - MoonARTEMIS1,0.000,6694.698,6694.698,
Contact STARLINK-5215 - MoonARTEMIS1,8862.798,12409.641,3546.843,
Contact STARLINK-5215 - MoonARTEMIS1,14576.714,23844.382,9267.669,
Contact STARLINK-5215 - MoonARTEMIS1,26007.059,29564.508,3557.449,
Contact STARLINK-5215 - MoonARTEMIS1,37421.436,46683.080,9261.643,
Contact STARLINK-5215 - MoonARTEMIS1,48833.175,52392.406,3559.231,
Contact STARLINK-5215 - MoonARTEMIS1,54540.691,63814.652,9273.961,
Contact STARLINK-5215 - MoonARTEMIS1,65957.761,75241.245,9283.484,
Contact STARLINK-5215 - MoonARTEMIS1,77376.968,80956.197,3579.229,
Contact STARLINK-5215 - MoonARTEMIS1,83087.276,86400.000,3312.724,
Contact STARLINK-5215 - MoonARTEMIS2,0.000,6744.370,6744.370,
Contact STARLINK-5215 - MoonARTEMIS2,8905.027,12454.827,3549.801,
Contact STARLINK-5215 - MoonARTEMIS2,14613.376,23873.751,9260.375,
Contact STARLINK-5215 - MoonARTEMIS2,26027.620,35288.340,9260.720,
Contact STARLINK-5215 - MoonARTEMIS2,37437.123,46697.281,9260.158,
Contact STARLINK-5215 - MoonARTEMIS2,54564.652,63863.746,9299.093,
Contact STARLINK-5215 - MoonARTEMIS2,65993.981,75303.474,9309.493,
Contact STARLINK-5215 - MoonARTEMIS2,77419.462,81022.682,3603.220,
Contact STARLINK-5215 - MoonARTEMIS2,83131.190,86400.000,3268.810,
Contact STARLINK-5215 - MoonIOAGEO,0.000,6706.695,6706.695,
Contact STARLINK-5215 - MoonIOAGEO,8872.808,12422.534,3549.725,
Contact STARLINK-5215 - MoonIOAGEO,17159.010,23856.259,6697.249,
Contact STARLINK-5215 - MoonIOAGEO,26013.495,35276.044,9262.548,
Contact STARLINK-5215 - MoonIOAGEO,37427.781,46692.962,9265.181,
Contact STARLINK-5215 - MoonIOAGEO,48842.592,52408.260,3565.669,
Contact STARLINK-5215 - MoonIOAGEO,65981.594,75279.011,9297.416,
Contact STARLINK-5215 - MoonIOAGEO,77399.116,80987.283,3588.168,
Contact STARLINK-5215 - MoonIOAGEO,83104.686,86400.000,3295.314,
Contact STARLINK-5215 - MoonIOAGNO,0.000,6706.560,6706.560,
Contact STARLINK-5215 - MoonIOAGNO,8875.886,12434.542,3558.656,
Contact STARLINK-5215 - MoonIOAGNO,14601.141,23866.546,9265.405,
Contact STARLINK-5215 - MoonIOAGNO,26026.651,35283.060,9256.409,
Contact STARLINK-5215 - MoonIOAGNO,37437.366,46694.628,9257.261,
Contact STARLINK-5215 - MoonIOAGNO,48841.447,52415.526,3574.079,
Contact STARLINK-5215 - MoonIOAGNO,54564.333,63861.438,9297.106,
Contact STARLINK-5215 - MoonIOAGNO,65997.888,75284.183,9286.295,
Contact STARLINK-5215 - MoonIOAGNO,77411.455,80992.227,3580.771,
Contact STARLINK-5215 - MoonIOAGNO,83113.735,86400.000,3286.265,
Contact STARLINK-5215 - MoonIOAGNO 0001,0.000,6728.182,6728.182,
Contact STARLINK-5215 - MoonIOAGNO 0001,8892.858,12435.022,3542.164,
Contact STARLINK-5215 - MoonIOAGNO 0001,14597.683,23844.710,9247.027,
Contact STARLINK-5215 - MoonIOAGNO 0001,26002.524,35287.238,9284.715,
Contact STARLINK-5215 - MoonIOAGNO 0001,37443.559,46718.179,9274.620,
Contact STARLINK-5215 - MoonIOAGNO 0001,48866.912,52427.770,3560.857,
Contact STARLINK-5215 - MoonIOAGNO 0001,54572.822,63841.588,9268.766,
Contact STARLINK-5215 - MoonIOAGNO 0001,65977.008,75278.404,9301.395,
Contact STARLINK-5215 - MoonIOAGNO 0001,77406.725,81004.981,3598.256,
Contact STARLINK-5215 - MoonIOAGNO 0001,83125.533,86400.000,3274.467,
Contact STARLINK-5215 - MoonIOAGSO,0.000,6716.009,6716.009,
Contact STARLINK-5215 - MoonIOAGSO,14579.916,23837.356,9257.440,
Contact STARLINK-5215 - MoonIOAGSO,25993.007,35265.129,9272.122,
Contact STARLINK-5215 - MoonIOAGSO,37417.463,46701.397,9283.934,
Contact STARLINK-5215 - MoonIOAGSO,48851.219,52235.082,3383.862,
Contact STARLINK-5215 - MoonIOAGSO,55014.898,63833.130,8818.231,
Contact STARLINK-5215 - MoonIOAGSO,65961.504,75263.646,9302.141,
Contact STARLINK-5215 - MoonIOAGSO,77382.575,80982.079,3599.504,
Contact STARLINK-5215 - MoonIOAGSO,83097.376,86400.000,3302.624,
Contact STARLINK-5215 - MoonIOAGSO 0001,0.000,6700.185,6700.185,
Contact STARLINK-5215 - MoonIOAGSO 0001,8863.386,12413.726,3550.340,
Contact STARLINK-5215 - MoonIOAGSO 0001,14576.415,23847.655,9271.239,
Contact STARLINK-5215 - MoonIOAGSO 0001,26009.508,29564.633,3555.125,
Contact STARLINK-5215 - MoonIOAGSO 0001,37418.269,46689.841,9271.571,
Contact STARLINK-5215 - MoonIOAGSO 0001,48832.200,52404.342,3572.142,
Contact STARLINK-5215 - MoonIOAGSO 0001,54543.618,63839.630,9296.012,
Contact STARLINK-5215 - MoonIOAGSO 0001,65974.440,73950.050,7975.609,
Contact STARLINK-5215 - MoonIOAGSO 0001,77390.851,80980.310,3589.459,
Contact STARLINK-5215 - MoonIOAGSO 0001,83092.526,86400.000,3307.474,
Contact STARLINK-5215 - MoonLRO,3170.917,3943.773,772.856,
Contact STARLINK-5215 - MoonLRO,20466.692,23853.014,3386.323,
Contact STARLINK-5215 - MoonLRO,27306.267,29563.399,2257.132,
Contact STARLINK-5215 - MoonLRO,43139.470,44968.652,1829.182,
Contact STARLINK-5215 - MoonLRO,48845.013,51819.733,2974.720,
Contact STARLINK-5215 - MoonLRO,54600.364,58132.520,3532.156,
Contact STARLINK-5215 - MoonLRO,68293.981,72287.360,3993.379,
Contact STARLINK-5215 - MarsSat1,0.000,13941.112,13941.112,
Contact STARLINK-5215 - MarsSat1,14822.807,42539.018,27716.211,
Contact STARLINK-5215 - MarsSat1,43381.218,53976.861,10595.643,
Contact STARLINK-5215 - MarsSat1,54806.377,82567.810,27761.433,
Contact STARLINK-5215 - MarsSat1,83374.264,86400.000,3025.736,
Contact STARLINK-5215 - MarsSat2,0.000,13940.945,13940.945,
Contact STARLINK-5215 - MarsSat2,14822.943,42538.457,27715.514,
Contact STARLINK-5215 - MarsSat2,43381.714,53976.494,10594.780,
Contact STARLINK-5215 - MarsSat2,54806.854,82568.173,27761.320,
Contact STARLINK-5215 - MarsSat2,83374.331,86400.000,3025.669,
Contact STARLINK-5215 - MarsSat3,0.000,13941.199,13941.199,
Contact STARLINK-5215 - MarsSat3,14822.516,42538.626,27716.110,
Contact STARLINK-5215 - MarsSat3,43381.654,53976.705,10595.051,
Contact STARLINK-5215 - MarsSat3,54806.768,82568.354,27761.586,
Contact STARLINK-5215 - MarsSat3,83374.009,86400.000,3025.991,
Contact STARLINK-5215 - MarsSat4,0.000,8221.368,8221.368,
Contact STARLINK-5215 - MarsSat4,14822.587,41360.126,26537.539,
Contact STARLINK-5215 - MarsSat4,43381.273,53976.622,10595.350,
Contact STARLINK-5215 - MarsSat4,54806.557,82568.095,27761.537,
Contact STARLINK-5215 - MarsSat4,83374.144,86400.000,3025.856,
Contact STARLINK-4125 - STARLINK-32081,17911.602,18148.857,237.255,
Contact STARLINK-4125 - STARLINK-32081,31862.969,32539.262,676.293,
Contact STARLINK-4125 - STARLINK-32081,43104.082,46829.956,3725.874,
Contact STARLINK-4125 - STARLINK-32081,57193.729,58222.758,1029.029,
Contact STARLINK-4125 - STARLINK-32081,71331.723,72424.858,1093.135,
Contact STARLINK-4125 - STARLINK-32081,82663.216,86400.000,3736.784,
Contact STARLINK-4125 - STARLINK-1301,0.000,337.277,337.277,
Contact STARLINK-4125 - STARLINK-1301,13804.822,14521.068,716.246,
Contact STARLINK-4125 - STARLINK-2751,7052.709,10905.393,3852.684,
Contact STARLINK-4125 - STARLINK-2751,21334.182,22332.590,998.408,
Contact STARLINK-4125 - STARLINK-2751,35624.598,36612.030,987.432,
Contact STARLINK-4125 - STARLINK-2751,49906.295,50900.184,993.890,
Contact STARLINK-4125 - STARLINK-2751,64197.013,65179.293,982.280,
Contact STARLINK-4125 - STARLINK-2751,78478.931,79467.211,988.279,
Contact STARLINK-4125 - STARLINK-1015,49959.486,86400.000,36440.514,
Contact STARLINK-4125 - STARLINK-11266 [DTC],3382.170,4209.705,827.535,
Contact STARLINK-4125 - STARLINK-11266 [DTC],17419.663,18319.243,899.580,
Contact STARLINK-4125 - STARLINK-11266 [DTC],28708.195,29548.098,839.903,
Contact STARLINK-4125 - STARLINK-11266 [DTC],42903.025,43500.801,597.776,
Contact STARLINK-4125 - STARLINK-30316,6999.890,7907.730,907.840,
Contact STARLINK-4125 - STARLINK-30316,21245.796,21952.812,707.016,
Contact STARLINK-4125 - STARLINK-2602,0.000,6373.844,6373.844,
Contact STARLINK-4125 - STARLINK-2602,10577.956,11569.674,991.718,
Contact STARLINK-4125 - STARLINK-6044,0.000,251.372,251.372,
Contact STARLINK-4125 - STARLINK-6044,14141.254,14422.306,281.052,
Contact STARLINK-4125 - STARLINK-4617,0.000,15.885,15.885,
Contact STARLINK-4125 - STARLINK-4617,39532.549,40126.893,594.344,
Contact STARLINK-4125 - STARLINK-4617,53873.315,54444.735,571.420,
Contact STARLINK-4125 - STARLINK-4617,68200.876,68776.460,575.584,
Contact STARLINK-4125 - STARLINK-4617,82542.225,83093.764,551.539,
Contact STARLINK-4125 - STARLINK-31407,0.000,74.800,74.800,
Contact STARLINK-4125 - STARLINK-31407,10139.562,17488.308,7348.745,
Contact STARLINK-4125 - STARLINK-31407,18459.307,31744.111,13284.804,
Contact STARLINK-4125 - STARLINK-31407,32462.703,42955.442,10492.739,
Contact STARLINK-4125 - STARLINK-31407,43877.300,56811.836,12934.536,
Contact STARLINK-4125 - STARLINK-31407,64203.019,64990.049,787.031,
Contact STARLINK-4125 - STARLINK-30171,0.000,86400.000,86400.000,
Contact STARLINK-4125 - STARLINK-5660,64280.532,64944.197,663.665,
Contact STARLINK-4125 - STARLINK-5660,75571.785,79463.844,3892.059,
Contact STARLINK-4125 - STARLINK-32094,6745.501,7707.440,961.939,
Contact STARLINK-4125 - STARLINK-32094,20933.859,21783.236,849.377,
Contact STARLINK-4125 - STARLINK-32094,32330.530,32998.777,668.247,
Contact STARLINK-4125 - STARLINK-32094,46734.022,46861.789,127.766,
Contact STARLINK-4125 - STARLINK-30767,2893.686,3975.908,1082.222,
Contact STARLINK-4125 - STARLINK-30767,14321.780,18275.708,3953.928,
Contact STARLINK-4125 - STARLINK-30767,28603.399,32567.188,3963.789,
Contact STARLINK-4125 - STARLINK-30767,42893.831,46865.626,3971.795,
Contact STARLINK-4125 - STARLINK-30767,57176.752,58300.851,1124.099,
Contact STARLINK-4125 - STARLINK-30767,71468.488,72590.508,1122.020,
Contact STARLINK-4125 - STARLINK-30767,85752.709,86400.000,647.291,
Contact STARLINK-4125 - STARLINK-31800,38918.891,40089.769,1170.878,
Contact STARLINK-4125 - STARLINK-31800,47241.408,57307.890,10066.482,
Contact STARLINK-4125 - STARLINK-31800,64045.394,71442.198,7396.804,
Contact STARLINK-4125 - STARLINK-31800,72539.783,79851.088,7311.305,
Contact STARLINK-4125 - STARLINK-4254,7054.336,7750.496,696.160,
Contact STARLINK-4125 - STARLINK-4254,21318.481,22051.817,733.336,
Contact STARLINK-4125 - STARLINK-4254,35601.914,36334.886,732.972,
Contact STARLINK-4125 - STARLINK-4254,49866.991,50635.265,768.274,
Contact STARLINK-4125 - STARLINK-4254,64150.631,64918.103,767.472,
Contact STARLINK-4125 - STARLINK-4254,75570.408,79217.660,3647.252,
Contact STARLINK-4125 - STARLINK-3533,3204.685,4128.752,924.067,
Contact STARLINK-4125 - STARLINK-3533,17480.397,18411.433,931.036,
Contact STARLINK-4125 - STARLINK-3533,31765.913,32684.810,918.898,
Contact STARLINK-4125 - STARLINK-3533,43190.417,46967.469,3777.052,
Contact STARLINK-4125 - STARLINK-3533,57466.132,61240.784,3774.652,
Contact STARLINK-4125 - STARLINK-3533,71751.711,72663.150,911.439,
Contact STARLINK-4125 - STARLINK-3533,86027.428,86400.000,372.572,
Contact STARLINK-4125 - STARLINK-6311,10210.837,10937.735,726.899,
Contact STARLINK-4125 - STARLINK-6311,24530.203,25206.201,675.997,
Contact STARLINK-4125 - STARLINK-6311,35983.001,36623.848,640.847,
Contact STARLINK-4125 - STARLINK-6311,50295.038,50900.100,605.062,
Contact STARLINK-4125 - STARLINK-6311,64621.225,65161.705,540.480,
Contact STARLINK-4125 - STARLINK-6311,78937.852,79433.349,495.497,
Contact STARLINK-4125 - STARLINK-2228,60878.865,61648.043,769.179,
Contact STARLINK-4125 - STARLINK-2228,74912.849,75757.776,844.927,
Contact STARLINK-4125 - STARLINK-2228,86185.985,86400.000,214.015,
Contact STARLINK-4125 - STARLINK-1736,53535.024,54069.353,534.330,
Contact STARLINK-4125 - STARLINK-1736,64746.491,65520.633,774.142,
Contact STARLINK-4125 - STARLINK-1736,78812.227,79782.457,970.230,
Contact STARLINK-4125 - STARLINK-30425,79165.206,83031.571,3866.365,
Contact STARLINK-4125 - STARLINK-3346,0.000,525.474,525.474,
Contact STARLINK-4125 - STARLINK-3346,7751.337,14862.878,7111.541,
Contact STARLINK-4125 - STARLINK-3346,21888.565,32085.614,10197.049,
Contact STARLINK-4125 - STARLINK-3346,36072.821,46451.307,10378.486,
Contact STARLINK-4125 - STARLINK-3346,47402.369,60793.640,13391.271,
Contact STARLINK-4125 - STARLINK-3346,61538.862,75174.815,13635.953,
Contact STARLINK-4125 - STARLINK-3346,75703.263,86400.000,10696.737,
Contact STARLINK-4125 - STARLINK-30320,10233.036,11075.445,842.408,
Contact STARLINK-4125 - STARLINK-30320,21486.854,25253.966,3767.112,
Contact STARLINK-4125 - STARLINK-30320,35604.233,36564.710,960.477,
Contact STARLINK-4125 - STARLINK-30320,49760.840,50663.485,902.645,
Contact STARLINK-4125 - STARLINK-30320,61128.429,61900.932,772.503,
Contact STARLINK-4125 - STARLINK-30320,75415.868,75871.148,455.280,
Contact STARLINK-4125 - STARLINK-31919,17203.853,18358.855,1155.003,
Contact STARLINK-4125 - STARLINK-31919,28330.111,35538.871,7208.761,
Contact STARLINK-4125 - STARLINK-31919,36746.082,49670.980,12924.898,
Contact STARLINK-4125 - STARLINK-31919,50874.430,58084.688,7210.258,
Contact STARLINK-4125 - STARLINK-31919,68056.636,69209.057,1152.422,
Contact STARLINK-4125 - STARLINK-31639,7082.547,10951.684,3869.136,
Contact STARLINK-4125 - STARLINK-31639,21337.870,22230.592,892.722,
Contact STARLINK-4125 - STARLINK-31639,35659.797,36274.952,615.156,
Contact STARLINK-4125 - STARLINK-31600,0.000,66888.169,66888.169,
Contact STARLINK-4125 - STARLINK-30613,0.000,4078.376,4078.376,
Contact STARLINK-4125 - STARLINK-30613,11200.473,18386.494,7186.021,
Contact STARLINK-4125 - STARLINK-30613,28389.466,35540.174,7150.708,
Contact STARLINK-4125 - STARLINK-30613,42729.275,49820.971,7091.696,
Contact STARLINK-4125 - STARLINK-30613,57059.213,64108.385,7049.172,
Contact STARLINK-4125 - STARLINK-30613,71413.194,72666.375,1253.181,
Contact STARLINK-4125 - STARLINK-30613,85756.426,86400.000,643.574,
Contact STARLINK-4125 - STARLINK-31764,24547.561,25886.911,1339.349,
Contact STARLINK-4125 - STARLINK-31764,32852.075,43104.704,10252.629,
Contact STARLINK-4125 - STARLINK-31764,46857.606,57231.943,10374.337,
Contact STARLINK-4125 - STARLINK-31764,58212.870,65588.777,7375.907,
Contact STARLINK-4125 - STARLINK-31764,72572.856,79423.250,6850.393,
Contact STARLINK-4125 - STARLINK-5618,6681.633,7348.533,666.900,
Contact STARLINK-4125 - STARLINK-5618,20960.076,21627.789,667.713,
Contact STARLINK-4125 - STARLINK-5618,32384.186,33049.598,665.412,
Contact STARLINK-4125 - STARLINK-5618,46666.110,47324.784,658.674,
Contact STARLINK-4125 - STARLINK-5618,60944.487,61604.011,659.524,
Contact STARLINK-4125 - STARLINK-5618,75226.499,75879.057,652.559,
Contact STARLINK-4125 - STARLINK-6255,6892.698,10894.787,4002.089,
Contact STARLINK-4125 - STARLINK-6255,21198.535,22342.993,1144.458,
Contact STARLINK-4125 - STARLINK-6255,35517.419,36645.121,1127.702,
Contact STARLINK-4125 - STARLINK-6255,49830.460,50953.395,1122.935,
Contact STARLINK-4125 - STARLINK-6255,64156.628,65248.223,1091.595,
Contact STARLINK-4125 - STARLINK-6255,78476.776,79549.415,1072.639,
Contact STARLINK-4125 - STARLINK-3898,7155.818,10937.856,3782.038,
Contact STARLINK-4125 - STARLINK-3898,21421.324,25206.760,3785.436,
Contact STARLINK-4125 - STARLINK-3898,35694.703,36625.044,930.342,
Contact STARLINK-4125 - STARLINK-3898,49960.345,50901.805,941.460,
Contact STARLINK-4125 - STARLINK-3898,64233.814,65170.563,936.749,
Contact STARLINK-4125 - STARLINK-3898,78499.590,79447.156,947.566,
Contact STARLINK-4125 - STARLINK-31539,60997.605,61322.859,325.254,
Contact STARLINK-4125 - STARLINK-31539,74899.632,75672.911,773.279,
Contact STARLINK-4125 - STARLINK-31539,86114.993,86400.000,285.007,
Contact STARLINK-4125 - STARLINK-30367,7015.796,10809.687,3793.892,
Contact STARLINK-4125 - STARLINK-30367,21346.579,22243.238,896.659,
Contact STARLINK-4125 - STARLINK-30367,35687.516,36528.228,840.712,
Contact STARLINK-4125 - STARLINK-30367,50025.695,50816.466,790.771,
Contact STARLINK-4125 - STARLINK-30367,64375.740,65092.348,716.608,
Contact STARLINK-4125 - STARLINK-30367,78723.465,79371.080,647.616,
Contact STARLINK-4125 - STARLINK-5151,57435.848,58184.193,748.345,
Contact STARLINK-4125 - STARLINK-5151,71559.879,72475.087,915.208,
Contact STARLINK-4125 - STARLINK-5151,85692.550,86400.000,707.450,
Contact STARLINK-4125 - STARLINK-5049,53743.955,60762.301,7018.346,
Contact STARLINK-4125 - STARLINK-5049,61926.583,86400.000,24473.417,
Contact STARLINK-4125 - MoonARTEMIS1,0.000,5950.546,5950.546,
Contact STARLINK-4125 - MoonARTEMIS1,8012.847,17430.986,9418.140,
Contact STARLINK-4125 - MoonARTEMIS1,19474.855,23176.566,3701.711,
Contact STARLINK-4125 - MoonARTEMIS1,25209.213,28927.028,3717.815,
Contact STARLINK-4125 - MoonARTEMIS1,36658.987,46094.607,9435.620,
Contact STARLINK-4125 - MoonARTEMIS1,48098.671,57550.827,9452.155,
Contact STARLINK-4125 - MoonARTEMIS1,59545.333,63282.284,3736.951,
Contact STARLINK-4125 - MoonARTEMIS1,65270.651,74751.276,9480.625,
Contact STARLINK-4125 - MoonARTEMIS1,76725.036,86228.456,9503.420,
Contact STARLINK-4125 - MoonARTEMIS2,0.000,6035.688,6035.688,
Contact STARLINK-4125 - MoonARTEMIS2,8058.377,17497.909,9439.532,
Contact STARLINK-4125 - MoonARTEMIS2,19507.888,23227.455,3719.567,
Contact STARLINK-4125 - MoonARTEMIS2,25231.898,34681.142,9449.244,
Contact STARLINK-4125 - MoonARTEMIS2,36677.004,46121.824,9444.820,
Contact STARLINK-4125 - MoonARTEMIS2,53851.383,63365.568,9514.184,
Contact STARLINK-4125 - MoonARTEMIS2,65316.639,74856.650,9540.010,
Contact STARLINK-4125 - MoonARTEMIS2,76781.019,86344.982,9563.962,
Contact STARLINK-4125 - MoonIOAGEO,0.000,5973.142,5973.142,
Contact STARLINK-4125 - MoonIOAGEO,8025.812,11714.339,3688.527,
Contact STARLINK-4125 - MoonIOAGEO,19493.399,23205.353,3711.954,
Contact STARLINK-4125 - MoonIOAGEO,25225.025,34664.235,9439.210,
Contact STARLINK-4125 - MoonIOAGEO,36668.254,46109.839,9441.586,
Contact STARLINK-4125 - MoonIOAGEO,48108.165,57118.164,9010.000,
Contact STARLINK-4125 - MoonIOAGEO,65312.906,74828.018,9515.112,
Contact STARLINK-4125 - MoonIOAGEO,76769.761,86273.372,9503.611,
Contact STARLINK-4125 - MoonIOAGNO,0.000,5984.329,5984.329,
Contact STARLINK-4125 - MoonIOAGNO,8041.439,17455.656,9414.218,
Contact STARLINK-4125 - MoonIOAGNO,19474.002,34636.124,15162.122,
Contact STARLINK-4125 - MoonIOAGNO,36641.366,46111.602,9470.236,
Contact STARLINK-4125 - MoonIOAGNO,48115.359,63337.749,15222.390,
Contact STARLINK-4125 - MoonIOAGNO,65286.559,74796.079,9509.520,
Contact STARLINK-4125 - MoonIOAGNO,76734.019,86266.606,9532.587,
Contact STARLINK-4125 - MoonIOAGNO 0001,0.000,5972.230,5972.230,
Contact STARLINK-4125 - MoonIOAGNO 0001,8010.787,17432.208,9421.421,
Contact STARLINK-4125 - MoonIOAGNO 0001,19466.499,23170.830,3704.330,
Contact STARLINK-4125 - MoonIOAGNO 0001,25204.506,34666.559,9462.053,
Contact STARLINK-4125 - MoonIOAGNO 0001,36662.431,46119.420,9456.989,
Contact STARLINK-4125 - MoonIOAGNO 0001,48097.837,57578.965,9481.128,
Contact STARLINK-4125 - MoonIOAGNO 0001,59550.713,63314.809,3764.096,
Contact STARLINK-4125 - MoonIOAGNO 0001,65285.885,74821.830,9535.945,
Contact STARLINK-4125 - MoonIOAGNO 0001,76764.397,86289.933,9525.537,
Contact STARLINK-4125 - MoonIOAGSO,0.000,5983.985,5983.985,
Contact STARLINK-4125 - MoonIOAGSO,13773.302,17472.819,3699.517,
Contact STARLINK-4125 - MoonIOAGSO,19511.623,23212.503,3700.880,
Contact STARLINK-4125 - MoonIOAGSO,25243.304,34679.806,9436.502,
Contact STARLINK-4125 - MoonIOAGSO,36691.573,46131.840,9440.267,
Contact STARLINK-4125 - MoonIOAGSO,48118.312,51858.336,3740.024,
Contact STARLINK-4125 - MoonIOAGSO,55079.713,63355.824,8276.111,
Contact STARLINK-4125 - MoonIOAGSO,65332.907,74835.382,9502.475,
Contact STARLINK-4125 - MoonIOAGSO,76792.352,86300.434,9508.082,
Contact STARLINK-4125 - MoonIOAGSO 0001,0.000,6013.721,6013.721,
Contact STARLINK-4125 - MoonIOAGSO 0001,8064.354,17471.620,9407.267,
Contact STARLINK-4125 - MoonIOAGSO 0001,19503.213,23194.851,3691.638,
Contact STARLINK-4125 - MoonIOAGSO 0001,25214.714,28916.857,3702.143,
Contact STARLINK-4125 - MoonIOAGSO 0001,36682.177,46151.759,9469.581,
Contact STARLINK-4125 - MoonIOAGSO 0001,48152.138,63350.879,15198.741,
Contact STARLINK-4125 - MoonIOAGSO 0001,65316.162,73890.439,8574.277,
Contact STARLINK-4125 - MoonIOAGSO 0001,76799.192,86306.696,9507.504,
Contact STARLINK-4125 - MoonLRO,0.000,3957.258,3957.258,
Contact STARLINK-4125 - MoonLRO,13765.655,17452.561,3686.906,
Contact STARLINK-4125 - MoonLRO,20494.636,23189.090,2694.454,
Contact STARLINK-4125 - MoonLRO,27301.895,28926.080,1624.185,
Contact STARLINK-4125 - MoonLRO,42397.371,44943.024,2545.653,
Contact STARLINK-4125 - MoonLRO,48125.485,51785.220,3659.736,
Contact STARLINK-4125 - MoonLRO,54631.685,57600.025,2968.340,
Contact STARLINK-4125 - MoonLRO,68259.894,72309.235,4049.341,
Contact STARLINK-4125 - MoonLRO,82494.968,85962.031,3467.063,
Contact STARLINK-4125 - MarsSat1,0.000,1796.138,1796.138,
Contact STARLINK-4125 - MarsSat1,3663.286,13231.104,9567.819,
Contact STARLINK-4125 - MarsSat1,15099.604,24665.944,9566.340,
Contact STARLINK-4125 - MarsSat1,26535.942,41817.931,15281.989,
Contact STARLINK-4125 - MarsSat1,43690.393,53252.414,9562.021,
Contact STARLINK-4125 - MarsSat1,55126.642,64686.782,9560.140,
Contact STARLINK-4125 - MarsSat1,66562.881,70403.930,3841.049,
Contact STARLINK-4125 - MarsSat1,72281.009,81838.157,9557.148,
Contact STARLINK-4125 - MarsSat1,83717.296,86400.000,2682.704,
Contact STARLINK-4125 - MarsSat2,0.000,1796.138,1796.138,
Contact STARLINK-4125 - MarsSat2,3663.324,13231.105,9567.780,
Contact STARLINK-4125 - MarsSat2,15099.560,24665.950,9566.390,
Contact STARLINK-4125 - MarsSat2,26535.844,41817.975,15282.131,
Contact STARLINK-4125 - MarsSat2,43690.313,53252.500,9562.187,
Contact STARLINK-4125 - MarsSat2,55126.637,64686.897,9560.260,
Contact STARLINK-4125 - MarsSat2,66562.962,70404.048,3841.087,
Contact STARLINK-4125 - MarsSat2,72281.122,81838.255,9557.133,
Contact STARLINK-4125 - MarsSat2,83717.436,86400.000,2682.564,
Contact STARLINK-4125 - MarsSat3,0.000,1796.114,1796.114,
Contact STARLINK-4125 - MarsSat3,3663.354,13231.018,9567.664,
Contact STARLINK-4125 - MarsSat3,15099.565,24665.890,9566.325,
Contact STARLINK-4125 - MarsSat3,26535.849,41817.989,15282.140,
Contact STARLINK-4125 - MarsSat3,43690.359,53252.517,9562.158,
Contact STARLINK-4125 - MarsSat3,55126.690,64686.890,9560.200,
Contact STARLINK-4125 - MarsSat3,66562.998,70404.022,3841.023,
Contact STARLINK-4125 - MarsSat3,72281.142,81838.184,9557.041,
Contact STARLINK-4125 - MarsSat3,83717.410,86400.000,2682.590,
Contact STARLINK-4125 - MarsSat4,0.000,1796.212,1796.212,
Contact STARLINK-4125 - MarsSat4,3663.375,7513.663,3850.289,
Contact STARLINK-4125 - MarsSat4,15099.582,24665.912,9566.330,
Contact STARLINK-4125 - MarsSat4,26535.878,41360.131,14824.253,
Contact STARLINK-4125 - MarsSat4,43690.316,53252.411,9562.095,
Contact STARLINK-4125 - MarsSat4,55126.609,64686.874,9560.266,
Contact STARLINK-4125 - MarsSat4,66562.953,70404.018,3841.065,
Contact STARLINK-4125 - MarsSat4,75534.610,81838.163,6303.553,
Contact STARLINK-4125 - MarsSat4,83717.357,86400.000,2682.643,
Contact STARLINK-32081 - STARLINK-1301,3492.159,7200.615,3708.457,
Contact STARLINK-32081 - STARLINK-1301,17705.540,18523.524,817.984,
Contact STARLINK-32081 - STARLINK-1301,31946.328,32653.333,707.005,
Contact STARLINK-32081 - STARLINK-2751,0.000,708.551,708.551,
Contact STARLINK-32081 - STARLINK-2751,13916.653,14839.818,923.165,
Contact STARLINK-32081 - STARLINK-2751,28197.705,28916.177,718.472,
Contact STARLINK-32081 - STARLINK-1015,68340.251,68990.366,650.116,
Contact STARLINK-32081 - STARLINK-1015,82419.641,83292.543,872.902,
Contact STARLINK-32081 - STARLINK-5765,64510.941,65107.314,596.372,
Contact STARLINK-32081 - STARLINK-5765,78592.054,79403.488,811.434,
Contact STARLINK-32081 - STARLINK-11266 [DTC],0.000,14124.750,14124.750,
Contact STARLINK-32081 - STARLINK-30355,61104.376,64961.599,3857.223,
Contact STARLINK-32081 - STARLINK-30355,75058.327,82190.592,7132.266,
Contact STARLINK-32081 - STARLINK-30355,83493.241,86400.000,2906.759,
Contact STARLINK-32081 - STARLINK-30316,0.000,626.965,626.965,
Contact STARLINK-32081 - STARLINK-30316,13775.686,14669.301,893.615,
Contact STARLINK-32081 - STARLINK-30316,25014.989,25898.999,884.010,
Contact STARLINK-32081 - STARLINK-30316,39069.538,39930.737,861.199,
Contact STARLINK-32081 - STARLINK-30316,50310.852,51158.438,847.585,
Contact STARLINK-32081 - STARLINK-30316,64359.362,65196.133,836.771,
Contact STARLINK-32081 - STARLINK-30316,78418.105,79223.722,805.617,
Contact STARLINK-32081 - STARLINK-6044,3579.640,4101.187,521.547,
Contact STARLINK-32081 - STARLINK-6044,17925.423,18214.532,289.109,
Contact STARLINK-32081 - STARLINK-30196,3543.568,3858.178,314.610,
Contact STARLINK-32081 - STARLINK-31407,3330.240,4217.877,887.637,
Contact STARLINK-32081 - STARLINK-31407,17355.195,18251.726,896.531,
Contact STARLINK-32081 - STARLINK-31407,28577.966,29476.117,898.151,
Contact STARLINK-32081 - STARLINK-31407,42609.704,43503.373,893.669,
Contact STARLINK-32081 - STARLINK-31407,53836.414,54723.802,887.388,
Contact STARLINK-32081 - STARLINK-31407,67871.682,68747.498,875.816,
Contact STARLINK-32081 - STARLINK-31407,79102.511,79963.853,861.342,
Contact STARLINK-32081 - STARLINK-30171,28796.832,29121.431,324.600,
Contact STARLINK-32081 - STARLINK-30171,42789.875,43504.283,714.408,
Contact STARLINK-32081 - STARLINK-30171,56872.956,57797.339,924.383,
Contact STARLINK-32081 - STARLINK-30171,68177.711,72033.659,3855.948,
Contact STARLINK-32081 - STARLINK-30171,82349.561,83394.663,1045.103,
Contact STARLINK-32081 - STARLINK-5660,53779.288,54575.593,796.305,
Contact STARLINK-32081 - STARLINK-5660,67913.646,68838.418,924.772,
Contact STARLINK-32081 - STARLINK-5660,82089.421,83058.661,969.240,
Contact STARLINK-32081 - STARLINK-32094,0.000,622.746,622.746,
Contact STARLINK-32081 - STARLINK-32094,7936.466,14645.805,6709.339,
Contact STARLINK-32081 - STARLINK-32094,24793.091,25855.463,1062.372,
Contact STARLINK-32081 - STARLINK-32094,38852.821,39856.022,1003.200,
Contact STARLINK-32081 - STARLINK-32094,50100.033,51057.167,957.135,
Contact STARLINK-32081 - STARLINK-32094,64158.083,65059.676,901.593,
Contact STARLINK-32081 - STARLINK-32094,75415.083,76251.087,836.004,
Contact STARLINK-32081 - STARLINK-30767,30055.663,86400.000,56344.337,
Contact STARLINK-32081 - STARLINK-31800,17860.038,18348.083,488.046,
Contact STARLINK-32081 - STARLINK-31800,31846.914,32417.250,570.336,
Contact STARLINK-32081 - STARLINK-31800,43041.365,43667.444,626.079,
Contact STARLINK-32081 - STARLINK-31800,57039.364,57725.050,685.687,
Contact STARLINK-32081 - STARLINK-31800,68241.215,68967.835,726.620,
Contact STARLINK-32081 - STARLINK-31800,82247.048,83017.958,770.911,
Contact STARLINK-32081 - STARLINK-4254,0.000,409.932,409.932,
Contact STARLINK-32081 - STARLINK-4254,13817.317,14651.030,833.713,
Contact STARLINK-32081 - STARLINK-4254,25129.570,28858.267,3728.698,
Contact STARLINK-32081 - STARLINK-4254,39294.147,40210.983,916.836,
Contact STARLINK-32081 - STARLINK-4254,53473.273,54385.256,911.983,
Contact STARLINK-32081 - STARLINK-4254,67682.446,68530.034,847.588,
Contact STARLINK-32081 - STARLINK-4254,79064.164,79831.487,767.323,
Contact STARLINK-32081 - STARLINK-3533,0.000,84872.712,84872.712,
Contact STARLINK-32081 - STARLINK-6311,2925.020,3687.253,762.233,
Contact STARLINK-32081 - STARLINK-2228,78367.801,79214.381,846.580,
Contact STARLINK-32081 - STARLINK-6372,64528.786,64907.930,379.144,
Contact STARLINK-32081 - STARLINK-6372,78558.165,79280.486,722.321,
Contact STARLINK-32081 - STARLINK-3346,3477.385,4362.563,885.178,
Contact STARLINK-32081 - STARLINK-3346,17634.105,18507.226,873.121,
Contact STARLINK-32081 - STARLINK-3346,31804.828,32637.564,832.736,
Contact STARLINK-32081 - STARLINK-3346,43149.194,43934.245,785.051,
Contact STARLINK-32081 - STARLINK-3346,57339.480,58045.519,706.039,
Contact STARLINK-32081 - STARLINK-3346,71549.747,72136.604,586.857,
Contact STARLINK-32081 - STARLINK-30320,3122.214,3601.165,478.950,
Contact STARLINK-32081 - STARLINK-30320,14296.797,14868.338,571.541,
Contact STARLINK-32081 - STARLINK-30320,28282.243,28934.703,652.460,
Contact STARLINK-32081 - STARLINK-30320,39471.827,40186.834,715.008,
Contact STARLINK-32081 - STARLINK-30320,53459.981,54251.106,791.125,
Contact STARLINK-32081 - STARLINK-30320,64659.168,65493.564,834.396,
Contact STARLINK-32081 - STARLINK-30320,78667.738,79536.742,869.004,
Contact STARLINK-32081 - STARLINK-31919,0.000,39020.359,39020.359,
Contact STARLINK-32081 - STARLINK-31919,39823.010,49894.344,10071.334,
Contact STARLINK-32081 - STARLINK-31919,57204.155,58099.922,895.767,
Contact STARLINK-32081 - STARLINK-31639,0.000,734.625,734.625,
Contact STARLINK-32081 - STARLINK-31639,13954.359,14819.463,865.104,
Contact STARLINK-32081 - STARLINK-31639,28034.876,28897.939,863.063,
Contact STARLINK-32081 - STARLINK-31639,39296.965,40162.972,866.007,
Contact STARLINK-32081 - STARLINK-31639,53371.775,54246.987,875.212,
Contact STARLINK-32081 - STARLINK-31639,64634.271,65511.622,877.351,
Contact STARLINK-32081 - STARLINK-31639,78715.602,79589.277,873.675,
Contact STARLINK-32081 - STARLINK-31600,6447.104,7227.804,780.700,
Contact STARLINK-32081 - STARLINK-31600,17712.022,18432.576,720.553,
Contact STARLINK-32081 - STARLINK-31600,31808.603,32422.006,613.403,
Contact STARLINK-32081 - STARLINK-31600,43084.524,43615.800,531.276,
Contact STARLINK-32081 - STARLINK-31600,57176.730,57611.869,435.138,
Contact STARLINK-32081 - STARLINK-30613,22715.208,86400.000,63684.792,
Contact STARLINK-32081 - STARLINK-31764,3545.464,4302.448,756.984,
Contact STARLINK-32081 - STARLINK-31764,17557.452,18351.981,794.530,
Contact STARLINK-32081 - STARLINK-31764,28769.771,29589.060,819.289,
Contact STARLINK-32081 - STARLINK-31764,42788.187,43632.567,844.381,
Contact STARLINK-32081 - STARLINK-31764,56808.347,57673.970,865.623,
Contact STARLINK-32081 - STARLINK-31764,68026.764,68904.945,878.181,
Contact STARLINK-32081 - STARLINK-31764,82052.389,82941.175,888.786,
Contact STARLINK-32081 - STARLINK-5618,10362.534,11340.911,978.376,
Contact STARLINK-32081 - STARLINK-5618,24498.934,25549.982,1051.048,
Contact STARLINK-32081 - STARLINK-5618,35835.939,39712.353,3876.414,
Contact STARLINK-32081 - STARLINK-5618,50041.615,51027.817,986.203,
Contact STARLINK-32081 - STARLINK-5618,64260.684,65153.936,893.252,
Contact STARLINK-32081 - STARLINK-5618,78533.126,79227.432,694.306,
Contact STARLINK-32081 - STARLINK-6255,0.000,748.508,748.508,
Contact STARLINK-32081 - STARLINK-6255,13868.745,14956.188,1087.443,
Contact STARLINK-32081 - STARLINK-6255,28136.015,29094.988,958.973,
Contact STARLINK-32081 - STARLINK-6255,39595.628,40360.953,765.325,
Contact STARLINK-32081 - STARLINK-3898,0.000,734.241,734.241,
Contact STARLINK-32081 - STARLINK-3898,14056.377,14819.593,763.216,
Contact STARLINK-32081 - STARLINK-3898,28377.160,28829.944,452.783,
Contact STARLINK-32081 - STARLINK-30842,7029.235,7681.957,652.722,
Contact STARLINK-32081 - STARLINK-5807,10315.901,10839.733,523.832,
Contact STARLINK-32081 - STARLINK-30367,0.000,6476.457,6476.457,
Contact STARLINK-32081 - STARLINK-30367,13955.072,14918.233,963.161,
Contact STARLINK-32081 - STARLINK-30367,28467.430,28818.911,351.481,
Contact STARLINK-32081 - STARLINK-4290,75492.891,76103.647,610.756,
Contact STARLINK-32081 - STARLINK-5151,0.000,86400.000,86400.000,
Contact STARLINK-32081 - STARLINK-6142,64705.952,65373.653,667.701,
Contact STARLINK-32081 - STARLINK-6142,78814.273,79656.756,842.482,
Contact STARLINK-32081 - STARLINK-1700,7011.287,7646.378,635.091,
Contact STARLINK-32081 - STARLINK-1700,21341.340,21675.148,333.807,
Contact STARLINK-32081 - STARLINK-5049,82422.123,86400.000,3977.877,
Contact STARLINK-32081 - MoonARTEMIS1,0.000,6969.034,6969.034,
Contact STARLINK-32081 - MoonARTEMIS1,8988.315,12630.725,3642.411,
Contact STARLINK-32081 - MoonARTEMIS1,14648.166,23963.157,9314.991,
Contact STARLINK-32081 - MoonARTEMIS1,25978.608,29634.256,3655.648,
Contact STARLINK-32081 - MoonARTEMIS1,37269.277,46550.152,9280.875,
Contact STARLINK-32081 - MoonARTEMIS1,48548.460,52194.595,3646.135,
Contact STARLINK-32081 - MoonARTEMIS1,54192.985,63489.782,9296.797,
Contact STARLINK-32081 - MoonARTEMIS1,65488.784,74791.469,9302.685,
Contact STARLINK-32081 - MoonARTEMIS1,76792.165,86098.508,9306.343,
Contact STARLINK-32081 - MoonARTEMIS2,0.000,7073.732,7073.732,
Contact STARLINK-32081 - MoonARTEMIS2,9091.095,12723.298,3632.203,
Contact STARLINK-32081 - MoonARTEMIS2,14738.368,24018.278,9279.910,
Contact STARLINK-32081 - MoonARTEMIS2,26028.452,35305.271,9276.820,
Contact STARLINK-32081 - MoonARTEMIS2,37308.876,46580.200,9271.324,
Contact STARLINK-32081 - MoonARTEMIS2,54256.305,63570.213,9313.908,
Contact STARLINK-32081 - MoonARTEMIS2,65583.121,74885.246,9302.125,
Contact STARLINK-32081 - MoonARTEMIS2,76901.905,86194.282,9292.378,
Contact STARLINK-32081 - MoonIOAGEO,0.000,6997.746,6997.746,
Contact STARLINK-32081 - MoonIOAGEO,9015.388,12662.446,3647.058,
Contact STARLINK-32081 - MoonIOAGEO,17115.100,23994.287,6879.187,
Contact STARLINK-32081 - MoonIOAGEO,26002.349,35286.351,9284.002,
Contact STARLINK-32081 - MoonIOAGEO,37286.537,46567.178,9280.641,
Contact STARLINK-32081 - MoonIOAGEO,48571.062,52222.761,3651.699,
Contact STARLINK-32081 - MoonIOAGEO,65563.326,74863.030,9299.704,
Contact STARLINK-32081 - MoonIOAGEO,76865.625,86138.630,9273.006,
Contact STARLINK-32081 - MoonIOAGNO,0.000,7013.707,7013.707,
Contact STARLINK-32081 - MoonIOAGNO,9034.715,12680.296,3645.581,
Contact STARLINK-32081 - MoonIOAGNO,14697.187,23968.703,9271.516,
Contact STARLINK-32081 - MoonIOAGNO,25989.276,35259.941,9270.665,
Contact STARLINK-32081 - MoonIOAGNO,37276.221,46570.501,9294.280,
Contact STARLINK-32081 - MoonIOAGNO,48578.466,52247.190,3668.724,
Contact STARLINK-32081 - MoonIOAGNO,54255.948,63542.026,9286.078,
Contact STARLINK-32081 - MoonIOAGNO,65557.850,74829.568,9271.717,
Contact STARLINK-32081 - MoonIOAGNO,76846.731,86130.071,9283.341,
Contact STARLINK-32081 - MoonIOAGNO 0001,0.000,7003.188,7003.188,
Contact STARLINK-32081 - MoonIOAGNO 0001,9029.692,12649.386,3619.694,
Contact STARLINK-32081 - MoonIOAGNO 0001,14672.416,23956.605,9284.189,
Contact STARLINK-32081 - MoonIOAGNO 0001,25968.947,35290.784,9321.836,
Contact STARLINK-32081 - MoonIOAGNO 0001,37302.968,46577.702,9274.734,
Contact STARLINK-32081 - MoonIOAGNO 0001,48594.687,52222.281,3627.594,
Contact STARLINK-32081 - MoonIOAGNO 0001,54238.480,63521.732,9283.252,
Contact STARLINK-32081 - MoonIOAGNO 0001,65531.505,74857.521,9326.016,
Contact STARLINK-32081 - MoonIOAGNO 0001,76867.872,86146.574,9278.701,
Contact STARLINK-32081 - MoonIOAGSO,0.000,7010.533,7010.533,
Contact STARLINK-32081 - MoonIOAGSO,14682.629,23998.058,9315.429,
Contact STARLINK-32081 - MoonIOAGSO,25989.999,35302.783,9312.785,
Contact STARLINK-32081 - MoonIOAGSO,37294.500,46589.341,9294.841,
Contact STARLINK-32081 - MoonIOAGSO,48591.094,52189.278,3598.183,
Contact STARLINK-32081 - MoonIOAGSO,55104.562,63565.652,8461.090,
Contact STARLINK-32081 - MoonIOAGSO,65557.275,74875.431,9318.156,
Contact STARLINK-32081 - MoonIOAGSO,76867.068,86164.914,9297.846,
Contact STARLINK-32081 - MoonIOAGSO 0001,0.000,7037.827,7037.827,
Contact STARLINK-32081 - MoonIOAGSO 0001,9034.940,12688.876,3653.937,
Contact STARLINK-32081 - MoonIOAGSO 0001,14685.957,23979.047,9293.090,
Contact STARLINK-32081 - MoonIOAGSO 0001,25984.008,29622.261,3638.253,
Contact STARLINK-32081 - MoonIOAGSO 0001,37289.671,46611.812,9322.141,
Contact STARLINK-32081 - MoonIOAGSO 0001,48600.310,52265.478,3665.167,
Contact STARLINK-32081 - MoonIOAGSO 0001,54253.966,63558.665,9304.699,
Contact STARLINK-32081 - MoonIOAGSO 0001,65554.994,73912.349,8357.355,
Contact STARLINK-32081 - MoonIOAGSO 0001,76852.902,86174.305,9321.403,
Contact STARLINK-32081 - MoonLRO,3381.502,3965.387,583.885,
Contact STARLINK-32081 - MoonLRO,9032.085,10809.501,1777.416,
Contact STARLINK-32081 - MoonLRO,20482.294,23973.773,3491.479,
Contact STARLINK-32081 - MoonLRO,27328.961,29629.828,2300.867,
Contact STARLINK-32081 - MoonLRO,42941.192,44977.764,2036.571,
Contact STARLINK-32081 - MoonLRO,48590.759,51792.973,3202.214,
Contact STARLINK-32081 - MoonLRO,54622.659,57890.284,3267.625,
Contact STARLINK-32081 - MoonLRO,68286.080,72324.274,4038.194,
Contact STARLINK-32081 - MoonLRO,82506.376,85965.232,3458.856,
Contact STARLINK-32081 - MarsSat1,0.000,2574.750,2574.750,
Contact STARLINK-32081 - MarsSat1,4678.197,13834.473,9156.277,
Contact STARLINK-32081 - MarsSat1,15940.260,25094.232,9153.971,
Contact STARLINK-32081 - MarsSat1,27202.271,30724.115,3521.844,
Contact STARLINK-32081 - MarsSat1,32833.247,41983.875,9150.628,
Contact STARLINK-32081 - MarsSat1,44095.131,53243.622,9148.491,
Contact STARLINK-32081 - MarsSat1,55356.925,64503.370,9146.445,
Contact STARLINK-32081 - MarsSat1,66618.652,70133.253,3514.602,
Contact STARLINK-32081 - MarsSat1,72249.500,81393.056,9143.556,
Contact STARLINK-32081 - MarsSat1,83511.182,86400.000,2888.818,
Contact STARLINK-32081 - MarsSat2,0.000,2574.799,2574.799,
Contact STARLINK-32081 - MarsSat2,4678.227,13834.435,9156.208,
Contact STARLINK-32081 - MarsSat2,15940.210,25094.130,9153.920,
Contact STARLINK-32081 - MarsSat2,27202.167,30723.995,3521.828,
Contact STARLINK-32081 - MarsSat2,32833.130,41983.751,9150.620,
Contact STARLINK-32081 - MarsSat2,44095.023,53243.537,9148.514,
Contact STARLINK-32081 - MarsSat2,55356.869,64503.352,9146.483,
Contact STARLINK-32081 - MarsSat2,66618.665,70133.269,3514.604,
Contact STARLINK-32081 - MarsSat2,72249.545,81393.124,9143.579,
Contact STARLINK-32081 - MarsSat2,83511.270,86400.000,2888.730,
Contact STARLINK-32081 - MarsSat3,0.000,2574.852,2574.852,
Contact STARLINK-32081 - MarsSat3,4678.278,13834.508,9156.230,
Contact STARLINK-32081 - MarsSat3,15940.260,25094.175,9153.915,
Contact STARLINK-32081 - MarsSat3,27202.197,30724.030,3521.833,
Contact STARLINK-32081 - MarsSat3,32833.160,41983.785,9150.625,
Contact STARLINK-32081 - MarsSat3,44095.061,53243.580,9148.519,
Contact STARLINK-32081 - MarsSat3,55356.914,64503.400,9146.486,
Contact STARLINK-32081 - MarsSat3,66618.710,70133.318,3514.607,
Contact STARLINK-32081 - MarsSat3,72249.586,81393.162,9143.576,
Contact STARLINK-32081 - MarsSat3,83511.292,86400.000,2888.708,
Contact STARLINK-32081 - MarsSat4,0.000,2574.795,2574.795,
Contact STARLINK-32081 - MarsSat4,4678.252,8204.653,3526.401,
Contact STARLINK-32081 - MarsSat4,15940.264,25094.188,9153.924,
Contact STARLINK-32081 - MarsSat4,27202.217,30724.052,3521.835,
Contact STARLINK-32081 - MarsSat4,32833.184,41360.098,8526.914,
Contact STARLINK-32081 - MarsSat4,44095.075,53243.572,9148.496,
Contact STARLINK-32081 - MarsSat4,55356.882,64503.360,9146.478,
Contact STARLINK-32081 - MarsSat4,66618.669,70133.278,3514.609,
Contact STARLINK-32081 - MarsSat4,75534.517,81393.114,5858.597,
Contact STARLINK-32081 - MarsSat4,83511.238,86400.000,2888.762,
Contact STARLINK-1301 - STARLINK-31617,67927.920,68517.433,589.512,
Contact STARLINK-1301 - STARLINK-31617,79086.551,82858.029,3771.478,
Contact STARLINK-1301 - STARLINK-32235,39385.827,39942.448,556.620,
Contact STARLINK-1301 - STARLINK-32235,53295.212,54201.262,906.050,
Contact STARLINK-1301 - STARLINK-32235,64522.514,65506.376,983.862,
Contact STARLINK-1301 - STARLINK-32235,78663.977,79530.325,866.348,
Contact STARLINK-1301 - STARLINK-6044,0.000,64670.339,64670.339,
Contact STARLINK-1301 - STARLINK-6044,65132.174,78702.624,13570.450,
Contact STARLINK-1301 - STARLINK-6044,79768.441,86400.000,6631.559,
Contact STARLINK-1301 - STARLINK-4617,0.000,410.382,410.382,
Contact STARLINK-1301 - STARLINK-4617,13889.769,14744.620,854.851,
Contact STARLINK-1301 - STARLINK-4617,28234.050,29091.103,857.053,
Contact STARLINK-1301 - STARLINK-4617,42592.841,43422.329,829.488,
Contact STARLINK-1301 - STARLINK-4617,56939.955,57766.067,826.112,
Contact STARLINK-1301 - STARLINK-4617,71302.507,72093.701,791.194,
Contact STARLINK-1301 - STARLINK-4617,82788.501,86400.000,3611.499,
Contact STARLINK-1301 - STARLINK-30196,0.000,86400.000,86400.000,
Contact STARLINK-1301 - STARLINK-31407,0.000,25003.941,25003.941,
Contact STARLINK-1301 - STARLINK-31827,10519.576,11083.286,563.710,
Contact STARLINK-1301 - STARLINK-31827,24582.695,25342.801,760.106,
Contact STARLINK-1301 - STARLINK-31827,35863.426,36719.627,856.201,
Contact STARLINK-1301 - STARLINK-31827,49995.687,50908.665,912.978,
Contact STARLINK-1301 - STARLINK-31827,64170.862,65055.243,884.381,
Contact STARLINK-1301 - STARLINK-31827,75535.498,76348.021,812.523,
Contact STARLINK-1301 - STARLINK-31800,0.000,54143.994,54143.994,
Contact STARLINK-1301 - STARLINK-3533,3505.524,3979.132,473.608,
Contact STARLINK-1301 - STARLINK-3533,17809.414,18263.446,454.032,
Contact STARLINK-1301 - STARLINK-3533,32120.113,32540.535,420.422,
Contact STARLINK-1301 - STARLINK-3533,46425.352,46823.484,398.132,
Contact STARLINK-1301 - STARLINK-31987,35795.531,36493.316,697.785,
Contact STARLINK-1301 - STARLINK-31987,49928.497,50734.884,806.387,
Contact STARLINK-1301 - STARLINK-31987,64087.664,64950.609,862.946,
Contact STARLINK-1301 - STARLINK-31987,75428.545,76309.300,880.755,
Contact STARLINK-1301 - STARLINK-6311,4175.917,11265.878,7089.961,
Contact STARLINK-1301 - STARLINK-6311,18489.926,25568.080,7078.154,
Contact STARLINK-1301 - STARLINK-6311,35656.907,42742.384,7085.477,
Contact STARLINK-1301 - STARLINK-6311,49954.753,57063.826,7109.074,
Contact STARLINK-1301 - STARLINK-6311,64268.845,71365.875,7097.030,
Contact STARLINK-1301 - STARLINK-6311,78567.010,85686.989,7119.979,
Contact STARLINK-1301 - STARLINK-2228,10251.065,11110.528,859.462,
Contact STARLINK-1301 - STARLINK-2228,21486.490,25222.300,3735.810,
Contact STARLINK-1301 - STARLINK-2228,35623.910,36443.601,819.691,
Contact STARLINK-1301 - STARLINK-1736,0.000,210.361,210.361,
Contact STARLINK-1301 - STARLINK-1736,8012.125,14975.870,6963.745,
Contact STARLINK-1301 - STARLINK-1736,21794.805,32385.366,10590.561,
Contact STARLINK-1301 - STARLINK-1736,32905.791,46672.765,13766.973,
Contact STARLINK-1301 - STARLINK-1736,47016.604,60583.326,13566.721,
Contact STARLINK-1301 - STARLINK-1736,61452.024,71650.781,10198.758,
Contact STARLINK-1301 - STARLINK-1736,78953.620,79904.892,951.272,
Contact STARLINK-1301 - STARLINK-30425,45034.911,86400.000,41365.089,
Contact STARLINK-1301 - STARLINK-3346,0.000,86400.000,86400.000,
Contact STARLINK-1301 - STARLINK-30320,0.000,2919.421,2919.421,
Contact STARLINK-1301 - STARLINK-30320,10187.953,11258.097,1070.144,
Contact STARLINK-1301 - STARLINK-31919,3127.045,4121.592,994.547,
Contact STARLINK-1301 - STARLINK-31919,17359.082,18178.176,819.095,
Contact STARLINK-1301 - STARLINK-31600,0.000,6908.944,6908.944,
Contact STARLINK-1301 - STARLINK-31600,13812.064,15166.479,1354.415,
Contact STARLINK-1301 - STARLINK-5978,10711.974,11282.296,570.322,
Contact STARLINK-1301 - STARLINK-5978,25110.342,25602.534,492.191,
Contact STARLINK-1301 - STARLINK-5978,39499.011,39933.266,434.256,
Contact STARLINK-1301 - STARLINK-5978,53915.125,54235.821,320.696,
Contact STARLINK-1301 - STARLINK-5978,68325.142,68545.195,220.053,
Contact STARLINK-1301 - STARLINK-30613,57535.451,58042.719,507.267,
Contact STARLINK-1301 - STARLINK-30613,71836.051,72393.538,557.487,
Contact STARLINK-1301 - STARLINK-30613,86129.410,86400.000,270.590,
Contact STARLINK-1301 - STARLINK-31764,0.000,39922.809,39922.809,
Contact STARLINK-1301 - STARLINK-3898,10263.015,10846.598,583.583,
Contact STARLINK-1301 - STARLINK-31539,7136.734,7866.671,729.937,
Contact STARLINK-1301 - STARLINK-31539,21193.748,22088.663,894.914,
Contact STARLINK-1301 - STARLINK-31539,35312.082,36249.397,937.314,
Contact STARLINK-1301 - STARLINK-31539,46644.392,47540.002,895.610,
Contact STARLINK-1301 - STARLINK-31539,60860.931,61602.645,741.713,
Contact STARLINK-1301 - STARLINK-30367,7144.137,7844.737,700.600,
Contact STARLINK-1301 - STARLINK-30367,21410.088,22235.456,825.368,
Contact STARLINK-1301 - STARLINK-30367,35704.710,36596.093,891.384,
Contact STARLINK-1301 - STARLINK-30367,49984.645,50972.850,988.204,
Contact STARLINK-1301 - STARLINK-30367,64287.064,65325.579,1038.515,
Contact STARLINK-1301 - STARLINK-30367,78575.977,79693.375,1117.398,
Contact STARLINK-1301 - STARLINK-5151,3435.043,4351.551,916.508,
Contact STARLINK-1301 - STARLINK-5151,17661.287,18569.183,907.896,
Contact STARLINK-1301 - STARLINK-5151,31904.796,32769.201,864.405,
Contact STARLINK-1301 - STARLINK-5151,46154.351,46963.586,809.235,
Contact STARLINK-1301 - STARLINK-5151,57565.816,58307.176,741.360,
Contact STARLINK-1301 - STARLINK-5151,71848.575,72468.133,619.558,
Contact STARLINK-1301 - STARLINK-5151,86144.285,86400.000,255.715,
Contact STARLINK-1301 - STARLINK-31463,46665.703,47255.436,589.733,
Contact STARLINK-1301 - STARLINK-31463,60692.943,61584.008,891.065,
Contact STARLINK-1301 - STARLINK-31463,71962.961,75851.197,3888.237,
Contact STARLINK-1301 - STARLINK-31463,86094.924,86400.000,305.076,
Contact STARLINK-1301 - MoonARTEMIS1,0.000,31001.156,31001.156,
Contact STARLINK-1301 - MoonARTEMIS1,33969.266,42438.861,8469.595,
Contact STARLINK-1301 - MoonARTEMIS1,43233.218,53898.503,10665.285,
Contact STARLINK-1301 - MoonARTEMIS1,54783.775,71098.730,16314.955,
Contact STARLINK-1301 - MoonARTEMIS1,72145.034,82567.366,10422.332,
Contact STARLINK-1301 - MoonARTEMIS1,83731.460,86400.000,2668.540,
Contact STARLINK-1301 - MoonARTEMIS2,0.000,13896.161,13896.161,
Contact STARLINK-1301 - MoonARTEMIS2,14404.958,42476.890,28071.932,
Contact STARLINK-1301 - MoonARTEMIS2,43323.640,47342.691,4019.051,
Contact STARLINK-1301 - MoonARTEMIS2,54946.469,71190.223,16243.754,
Contact STARLINK-1301 - MoonARTEMIS2,72390.815,82655.452,10264.637,
Contact STARLINK-1301 - MoonARTEMIS2,83979.924,86400.000,2420.076,
Contact STARLINK-1301 - MoonIOAGEO,0.000,12999.152,12999.152,
Contact STARLINK-1301 - MoonIOAGEO,17155.047,42461.412,25306.364,
Contact STARLINK-1301 - MoonIOAGEO,43273.787,53939.986,10666.198,
Contact STARLINK-1301 - MoonIOAGEO,61438.223,71150.267,9712.044,
Contact STARLINK-1301 - MoonIOAGEO,72344.347,82601.285,10256.938,
Contact STARLINK-1301 - MoonIOAGEO,83851.939,86400.000,2548.061,
Contact STARLINK-1301 - MoonIOAGNO,0.000,42502.576,42502.576,
Contact STARLINK-1301 - MoonIOAGNO,43234.931,53957.549,10722.618,
Contact STARLINK-1301 - MoonIOAGNO,54943.664,71215.492,16271.827,
Contact STARLINK-1301 - MoonIOAGNO,72255.578,82637.349,10381.772,
Contact STARLINK-1301 - MoonIOAGNO,83818.574,86400.000,2581.426,
Contact STARLINK-1301 - MoonIOAGNO 0001,0.000,42580.214,42580.214,
Contact STARLINK-1301 - MoonIOAGNO 0001,43255.830,71123.825,27867.995,
Contact STARLINK-1301 - MoonIOAGNO 0001,72297.286,82655.723,10358.437,
Contact STARLINK-1301 - MoonIOAGNO 0001,83879.879,86400.000,2520.121,
Contact STARLINK-1301 - MoonIOAGSO,0.000,8023.005,8023.005,
Contact STARLINK-1301 - MoonIOAGSO,11599.141,25157.675,13558.534,
Contact STARLINK-1301 - MoonIOAGSO,26049.392,42438.992,16389.599,
Contact STARLINK-1301 - MoonIOAGSO,43363.504,52186.086,8822.582,
Contact STARLINK-1301 - MoonIOAGSO,55104.769,71085.381,15980.611,
Contact STARLINK-1301 - MoonIOAGSO,72358.723,82572.624,10213.901,
Contact STARLINK-1301 - MoonIOAGSO,83904.643,86400.000,2495.357,
Contact STARLINK-1301 - MoonIOAGSO 0001,0.000,13661.134,13661.134,
Contact STARLINK-1301 - MoonIOAGSO 0001,14448.315,30532.857,16084.542,
Contact STARLINK-1301 - MoonIOAGSO 0001,33343.120,42402.582,9059.463,
Contact STARLINK-1301 - MoonIOAGSO 0001,43412.893,53879.764,10466.870,
Contact STARLINK-1301 - MoonIOAGSO 0001,54999.359,71158.224,16158.865,
Contact STARLINK-1301 - MoonIOAGSO 0001,78096.176,82566.007,4469.831,
Contact STARLINK-1301 - MoonIOAGSO 0001,83901.347,86400.000,2498.653,
Contact STARLINK-1301 - MoonLRO,0.000,10774.694,10774.694,
Contact STARLINK-1301 - MoonLRO,14349.524,17609.886,3260.362,
Contact STARLINK-1301 - MoonLRO,20502.651,24468.974,3966.322,
Contact STARLINK-1301 - MoonLRO,27303.863,31022.333,3718.470,
Contact STARLINK-1301 - MoonLRO,34120.823,38138.163,4017.339,
Contact STARLINK-1301 - MoonLRO,49132.726,51777.112,2644.386,
Contact STARLINK-1301 - MoonLRO,54927.748,58636.676,3708.929,
Contact STARLINK-1301 - MoonLRO,61441.331,71155.201,9713.870,
Contact STARLINK-1301 - MoonLRO,75095.364,76872.292,1776.928,
Contact STARLINK-1301 - MarsSat1,0.000,2732.318,2732.318,
Contact STARLINK-1301 - MarsSat1,4827.679,14183.542,9355.863,
Contact STARLINK-1301 - MarsSat1,16280.990,19909.138,3628.148,
Contact STARLINK-1301 - MarsSat1,22007.605,31360.299,9352.693,
Contact STARLINK-1301 - MarsSat1,33460.754,42811.426,9350.672,
Contact STARLINK-1301 - MarsSat1,44913.799,48536.982,3623.183,
Contact STARLINK-1301 - MarsSat1,50640.287,59988.085,9347.798,
Contact STARLINK-1301 - MarsSat1,62093.203,71439.181,9345.978,
Contact STARLINK-1301 - MarsSat1,73546.049,77164.725,3618.677,
Contact STARLINK-1301 - MarsSat1,79272.446,86400.000,7127.554,
Contact STARLINK-1301 - MarsSat2,0.000,2732.295,2732.295,
Contact STARLINK-1301 - MarsSat2,4827.671,14183.560,9355.889,
Contact STARLINK-1301 - MarsSat2,16281.002,19909.173,3628.172,
Contact STARLINK-1301 - MarsSat2,22007.626,31360.362,9352.736,
Contact STARLINK-1301 - MarsSat2,33460.794,42811.511,9350.716,
Contact STARLINK-1301 - MarsSat2,44913.863,48537.072,3623.210,
Contact STARLINK-1301 - MarsSat2,50640.361,59988.174,9347.813,
Contact STARLINK-1301 - MarsSat2,62093.287,71439.249,9345.961,
Contact STARLINK-1301 - MarsSat2,73546.123,77164.777,3618.654,
Contact STARLINK-1301 - MarsSat2,79272.508,86400.000,7127.492,
Contact STARLINK-1301 - MarsSat3,0.000,2732.250,2732.250,
Contact STARLINK-1301 - MarsSat3,4827.626,14183.470,9355.844,
Contact STARLINK-1301 - MarsSat3,16280.924,19909.094,3628.169,
Contact STARLINK-1301 - MarsSat3,22007.563,31360.332,9352.769,
Contact STARLINK-1301 - MarsSat3,33460.779,42811.506,9350.727,
Contact STARLINK-1301 - MarsSat3,44913.868,48537.069,3623.201,
Contact STARLINK-1301 - MarsSat3,50640.366,59988.158,9347.792,
Contact STARLINK-1301 - MarsSat3,62093.278,71439.209,9345.931,
Contact STARLINK-1301 - MarsSat3,73546.087,77164.725,3618.638,
Contact STARLINK-1301 - MarsSat3,79272.457,86400.000,7127.543,
Contact STARLINK-1301 - MarsSat4,0.000,2732.343,2732.343,
Contact STARLINK-1301 - MarsSat4,4827.709,8457.924,3630.215,
Contact STARLINK-1301 - MarsSat4,16280.941,19909.106,3628.165,
Contact STARLINK-1301 - MarsSat4,22007.578,31360.326,9352.749,
Contact STARLINK-1301 - MarsSat4,33460.771,41360.069,7899.298,
Contact STARLINK-1301 - MarsSat4,44913.776,48536.975,3623.198,
Contact STARLINK-1301 - MarsSat4,50640.277,59988.140,9347.863,
Contact STARLINK-1301 - MarsSat4,62093.263,71439.221,9345.958,
Contact STARLINK-1301 - MarsSat4,75534.597,77164.715,1630.118,
Contact STARLINK-1301 - MarsSat4,79272.440,86400.000,7127.560,
Contact STARLINK-4651 - STARLINK-31617,10372.412,11285.036,912.625,
Contact STARLINK-4651 - STARLINK-31617,24475.385,25473.901,998.517,
Contact STARLINK-4651 - STARLINK-31617,35791.390,39618.670,3827.279,
Contact STARLINK-4651 - STARLINK-31617,49978.582,50896.419,917.837,
Contact STARLINK-4651 - STARLINK-31617,64228.750,64938.944,710.194,
Contact STARLINK-4651 - STARLINK-5765,14329.725,14886.847,557.122,
Contact STARLINK-4651 - STARLINK-5765,28653.104,29165.038,511.933,
Contact STARLINK-4651 - STARLINK-5765,42968.608,43451.427,482.819,
Contact STARLINK-4651 - STARLINK-5765,57296.145,57725.439,429.295,
Contact STARLINK-4651 - STARLINK-5765,71615.068,72008.388,393.320,
Contact STARLINK-4651 - STARLINK-32235,10173.957,11054.231,880.274,
Contact STARLINK-4651 - STARLINK-32235,21400.736,22347.893,947.157,
Contact STARLINK-4651 - STARLINK-32235,35528.791,36370.198,841.407,
Contact STARLINK-4651 - STARLINK-11266 [DTC],78762.714,79341.140,578.426,
Contact STARLINK-4651 - STARLINK-2602,38449.079,84733.659,46284.581,
Contact STARLINK-4651 - STARLINK-32254,0.000,86400.000,86400.000,
Contact STARLINK-4651 - STARLINK-4617,6926.808,7721.134,794.326,
Contact STARLINK-4651 - STARLINK-4617,21262.340,22056.777,794.437,
Contact STARLINK-4651 - STARLINK-4617,35607.260,36383.958,776.699,
Contact STARLINK-4651 - STARLINK-4617,49943.771,50718.553,774.783,
Contact STARLINK-4651 - STARLINK-4617,64288.850,65045.512,756.663,
Contact STARLINK-4651 - STARLINK-4617,78626.120,79379.286,753.166,
Contact STARLINK-4651 - STARLINK-30825,0.000,86400.000,86400.000,
Contact STARLINK-4651 - STARLINK-31627,0.000,499.638,499.638,
Contact STARLINK-4651 - STARLINK-31627,13782.293,14698.843,916.550,
Contact STARLINK-4651 - STARLINK-31627,25149.293,28878.228,3728.935,
Contact STARLINK-4651 - STARLINK-31627,39374.022,40213.193,839.170,
Contact STARLINK-4651 - STARLINK-31627,53609.189,54370.093,760.904,
Contact STARLINK-4651 - STARLINK-31627,67868.085,68503.973,635.888,
Contact STARLINK-4651 - STARLINK-3182,0.000,38591.887,38591.887,
Contact STARLINK-4651 - STARLINK-4413,6578.204,13940.389,7362.185,
Contact STARLINK-4651 - STARLINK-4413,20917.630,28278.303,7360.673,
Contact STARLINK-4651 - STARLINK-4413,35301.219,42594.399,7293.180,
Contact STARLINK-4651 - STARLINK-4413,49671.644,56901.733,7230.089,
Contact STARLINK-4651 - STARLINK-4413,58325.782,65472.331,7146.549,
Contact STARLINK-4651 - STARLINK-4413,78492.553,79754.053,1261.499,
Contact STARLINK-4651 - STARLINK-4127,0.000,7140.235,7140.235,
Contact STARLINK-4651 - STARLINK-4127,11082.240,21474.157,10391.916,
Contact STARLINK-4651 - STARLINK-4127,25335.800,35780.890,10445.090,
Contact STARLINK-4651 - STARLINK-4127,39626.083,50114.047,10487.964,
Contact STARLINK-4651 - STARLINK-4127,51043.666,64421.441,13377.775,
Contact STARLINK-4651 - STARLINK-4127,65297.575,78754.108,13456.533,
Contact STARLINK-4651 - STARLINK-4127,79587.456,86400.000,6812.544,
Contact STARLINK-4651 - STARLINK-30331,6902.851,10916.599,4013.748,
Contact STARLINK-4651 - STARLINK-30331,21196.558,28089.639,6893.081,
Contact STARLINK-4651 - STARLINK-30331,35500.649,36671.371,1170.722,
Contact STARLINK-4651 - STARLINK-30331,49796.260,50984.880,1188.619,
Contact STARLINK-4651 - STARLINK-30331,64102.267,65288.896,1186.628,
Contact STARLINK-4651 - STARLINK-30331,72678.771,79600.455,6921.683,
Contact STARLINK-4651 - STARLINK-31827,6626.616,7547.027,920.411,
Contact STARLINK-4651 - STARLINK-31987,615.064,7406.487,6791.423,
Contact STARLINK-4651 - STARLINK-31987,17916.156,18535.523,619.366,
Contact STARLINK-4651 - STARLINK-31021,0.000,86400.000,86400.000,
Contact STARLINK-4651 - STARLINK-6372,0.000,568.592,568.592,
Contact STARLINK-4651 - STARLINK-6372,14078.215,14866.157,787.942,
Contact STARLINK-4651 - STARLINK-6372,28415.347,29155.485,740.138,
Contact STARLINK-4651 - STARLINK-6372,42748.380,43449.208,700.827,
Contact STARLINK-4651 - STARLINK-6372,57090.673,57733.367,642.694,
Contact STARLINK-4651 - STARLINK-6372,71428.774,72022.021,593.247,
Contact STARLINK-4651 - STARLINK-30425,0.000,322.997,322.997,
Contact STARLINK-4651 - STARLINK-4687,0.000,86400.000,86400.000,
Contact STARLINK-4651 - STARLINK-5978,6504.258,7637.755,1133.497,
Contact STARLINK-4651 - STARLINK-5978,15107.135,21994.058,6886.922,
Contact STARLINK-4651 - STARLINK-5978,32338.724,36324.862,3986.139,
Contact STARLINK-4651 - STARLINK-5978,46716.851,50662.017,3945.166,
Contact STARLINK-4651 - STARLINK-5978,61088.499,64973.624,3885.125,
Contact STARLINK-4651 - STARLINK-5978,75486.626,79291.846,3805.220,
Contact STARLINK-4651 - STARLINK-4402,0.000,6960.087,6960.087,
Contact STARLINK-4651 - STARLINK-4402,7505.066,21266.057,13760.991,
Contact STARLINK-4651 - STARLINK-4402,21881.248,35515.171,13633.922,
Contact STARLINK-4651 - STARLINK-4402,36297.640,49806.187,13508.547,
Contact STARLINK-4651 - STARLINK-4402,50688.756,64054.701,13365.944,
Contact STARLINK-4651 - STARLINK-4402,65103.772,75467.093,10363.321,
Contact STARLINK-4651 - STARLINK-4402,79504.533,86400.000,6895.467,
Contact STARLINK-4651 - STARLINK-31502,22756.261,86400.000,63643.739,
Contact STARLINK-4651 - STARLINK-4631,0.000,86400.000,86400.000,
Contact STARLINK-4651 - STARLINK-31722,50083.184,51021.321,938.136,
Contact STARLINK-4651 - STARLINK-31722,64021.238,65358.473,1337.234,
Contact STARLINK-4651 - STARLINK-31722,72435.125,82389.277,9954.152,
Contact STARLINK-4651 - STARLINK-1581,0.000,174.754,174.754,
Contact STARLINK-4651 - STARLINK-1581,13706.820,14424.976,718.156,
Contact STARLINK-4651 - STARLINK-1581,25012.214,25807.769,795.554,
Contact STARLINK-4651 - STARLINK-1581,39160.904,40019.236,858.332,
Contact STARLINK-4651 - STARLINK-1581,53328.585,54211.228,882.643,
Contact STARLINK-4651 - STARLINK-1581,64675.167,65552.439,877.272,
Contact STARLINK-4651 - STARLINK-1581,78873.293,79714.283,840.990,
Contact STARLINK-4651 - STARLINK-4290,0.000,430.645,430.645,
Contact STARLINK-4651 - STARLINK-4290,14172.954,14719.790,546.837,
Contact STARLINK-4651 - STARLINK-4290,28422.610,29002.091,579.481,
Contact STARLINK-4651 - STARLINK-4290,42669.610,43287.498,617.888,
Contact STARLINK-4651 - STARLINK-4290,68322.710,68992.072,669.362,
Contact STARLINK-4651 - STARLINK-4290,82573.455,83273.656,700.201,
Contact STARLINK-4651 - STARLINK-6142,3107.334,3628.217,520.883,
Contact STARLINK-4651 - STARLINK-3167,0.000,86400.000,86400.000,
Contact STARLINK-4651 - MoonARTEMIS1,186.127,9507.884,9321.757,
Contact STARLINK-4651 - MoonARTEMIS1,11665.412,20987.756,9322.344,
Contact STARLINK-4651 - MoonARTEMIS1,23151.272,26731.319,3580.047,
Contact STARLINK-4651 - MoonARTEMIS1,34623.136,38187.575,3564.439,
Contact STARLINK-4651 - MoonARTEMIS1,40345.540,49638.238,9292.699,
Contact STARLINK-4651 - MoonARTEMIS1,51799.024,61095.578,9296.554,
Contact STARLINK-4651 - MoonARTEMIS1,63259.007,66826.043,3567.036,
Contact STARLINK-4651 - MoonARTEMIS1,68990.756,78290.091,9299.335,
Contact STARLINK-4651 - MoonARTEMIS1,80457.239,86400.000,5942.761,
Contact STARLINK-4651 - MoonARTEMIS2,263.264,9567.197,9303.933,
Contact STARLINK-4651 - MoonARTEMIS2,11728.285,21027.557,9299.271,
Contact STARLINK-4651 - MoonARTEMIS2,23189.535,26756.271,3566.736,
Contact STARLINK-4651 - MoonARTEMIS2,28918.338,38208.993,9290.655,
Contact STARLINK-4651 - MoonARTEMIS2,40369.729,47420.678,7050.949,
Contact STARLINK-4651 - MoonARTEMIS2,51831.877,61142.735,9310.857,
Contact STARLINK-4651 - MoonARTEMIS2,63311.224,66880.005,3568.781,
Contact STARLINK-4651 - MoonARTEMIS2,69048.668,78351.998,9303.331,
Contact STARLINK-4651 - MoonARTEMIS2,80520.650,86400.000,5879.350,
Contact STARLINK-4651 - MoonIOAGEO,211.777,9526.001,9314.224,
Contact STARLINK-4651 - MoonIOAGEO,17430.742,21010.388,3579.645,
Contact STARLINK-4651 - MoonIOAGEO,23173.151,26746.460,3573.309,
Contact STARLINK-4651 - MoonIOAGEO,28907.682,38196.876,9289.194,
Contact STARLINK-4651 - MoonIOAGEO,40356.327,49651.276,9294.949,
Contact STARLINK-4651 - MoonIOAGEO,51816.802,55389.755,3572.953,
Contact STARLINK-4651 - MoonIOAGEO,63302.034,66872.833,3570.799,
Contact STARLINK-4651 - MoonIOAGEO,69041.367,78332.018,9290.651,
Contact STARLINK-4651 - MoonIOAGEO,80496.429,86400.000,5903.571,
Contact STARLINK-4651 - MoonIOAGNO,206.979,9542.187,9335.208,
Contact STARLINK-4651 - MoonIOAGNO,11699.683,20992.351,9292.668,
Contact STARLINK-4651 - MoonIOAGNO,23152.208,26718.321,3566.113,
Contact STARLINK-4651 - MoonIOAGNO,28879.888,38179.040,9299.152,
Contact STARLINK-4651 - MoonIOAGNO,40343.778,49662.422,9318.644,
Contact STARLINK-4651 - MoonIOAGNO,51834.040,61126.387,9292.347,
Contact STARLINK-4651 - MoonIOAGNO,63291.232,66851.487,3560.255,
Contact STARLINK-4651 - MoonIOAGNO,69017.526,78308.433,9290.907,
Contact STARLINK-4651 - MoonIOAGNO,80476.807,86400.000,5923.193,
Contact STARLINK-4651 - MoonIOAGNO 0001,217.008,9515.775,9298.767,
Contact STARLINK-4651 - MoonIOAGNO 0001,11674.343,20983.334,9308.991,
Contact STARLINK-4651 - MoonIOAGNO 0001,23145.945,26727.532,3581.587,
Contact STARLINK-4651 - MoonIOAGNO 0001,28895.497,38197.522,9302.025,
Contact STARLINK-4651 - MoonIOAGNO 0001,40359.565,49648.551,9288.986,
Contact STARLINK-4651 - MoonIOAGNO 0001,51813.596,61110.457,9296.861,
Contact STARLINK-4651 - MoonIOAGNO 0001,63278.482,66848.523,3570.041,
Contact STARLINK-4651 - MoonIOAGNO 0001,69019.544,78330.531,9310.987,
Contact STARLINK-4651 - MoonIOAGNO 0001,80496.131,86400.000,5903.869,
Contact STARLINK-4651 - MoonIOAGSO,230.900,8810.854,8579.954,
Contact STARLINK-4651 - MoonIOAGSO,11704.657,21021.316,9316.659,
Contact STARLINK-4651 - MoonIOAGSO,23181.082,26756.744,3575.661,
Contact STARLINK-4651 - MoonIOAGSO,28916.433,38215.704,9299.270,
Contact STARLINK-4651 - MoonIOAGSO,40375.790,49659.115,9283.325,
Contact STARLINK-4651 - MoonIOAGSO,57570.846,61144.943,3574.097,
Contact STARLINK-4651 - MoonIOAGSO,63312.973,66883.233,3570.260,
Contact STARLINK-4651 - MoonIOAGSO,69050.351,78347.487,9297.136,
Contact STARLINK-4651 - MoonIOAGSO,80513.345,86400.000,5886.655,
Contact STARLINK-4651 - MoonIOAGSO 0001,243.343,9557.564,9314.221,
Contact STARLINK-4651 - MoonIOAGSO 0001,11712.328,21010.238,9297.910,
Contact STARLINK-4651 - MoonIOAGSO 0001,23166.189,26730.815,3564.626,
Contact STARLINK-4651 - MoonIOAGSO 0001,34634.644,38213.310,3578.666,
Contact STARLINK-4651 - MoonIOAGSO 0001,40378.267,49687.236,9308.970,
Contact STARLINK-4651 - MoonIOAGSO 0001,51851.068,61144.854,9293.786,
Contact STARLINK-4651 - MoonIOAGSO 0001,63308.091,66867.230,3559.138,
Contact STARLINK-4651 - MoonIOAGSO 0001,69029.549,72588.152,3558.603,
Contact STARLINK-4651 - MoonIOAGSO 0001,80505.065,86400.000,5894.935,
Contact STARLINK-4651 - MoonLRO,226.125,9534.404,9308.279,
Contact STARLINK-4651 - MoonLRO,13663.865,15270.361,1606.496,
Contact STARLINK-4651 - MoonLRO,34631.076,38111.801,3480.725,
Contact STARLINK-4651 - MoonLRO,40983.677,43930.056,2946.380,
Contact STARLINK-4651 - MoonLRO,57561.367,58649.041,1087.675,
Contact STARLINK-4651 - MoonLRO,63297.702,65462.880,2165.178,
Contact STARLINK-4651 - MoonLRO,69031.636,78324.679,9293.043,
Contact STARLINK-4651 - MoonLRO,81935.686,84060.679,2124.993,
Contact STARLINK-4651 - MarsSat1,1198.600,10568.134,9369.534,
Contact STARLINK-4651 - MarsSat1,12637.286,16288.750,3651.463,
Contact STARLINK-4651 - MarsSat1,18356.655,27730.043,9373.388,
Contact STARLINK-4651 - MarsSat1,29795.423,39171.393,9375.971,
Contact STARLINK-4651 - MarsSat1,41234.208,44892.086,3657.878,
Contact STARLINK-4651 - MarsSat1,46953.603,56333.511,9379.909,
Contact STARLINK-4651 - MarsSat1,58392.405,67775.016,9382.612,
Contact STARLINK-4651 - MarsSat1,69831.247,84937.496,15106.248,
Contact STARLINK-4651 - MarsSat2,1198.661,10568.122,9369.460,
Contact STARLINK-4651 - MarsSat2,12637.256,16288.702,3651.446,
Contact STARLINK-4651 - MarsSat2,18356.585,27729.946,9373.361,
Contact STARLINK-4651 - MarsSat2,29795.301,39171.292,9375.991,
Contact STARLINK-4651 - MarsSat2,41234.081,44892.000,3657.919,
Contact STARLINK-4651 - MarsSat2,46953.492,56333.487,9379.995,
Contact STARLINK-4651 - MarsSat2,58392.358,67775.066,9382.708,
Contact STARLINK-4651 - MarsSat2,69831.278,84937.605,15106.327,
Contact STARLINK-4651 - MarsSat3,1198.707,10568.158,9369.451,
Contact STARLINK-4651 - MarsSat3,12637.320,16288.728,3651.408,
Contact STARLINK-4651 - MarsSat3,18356.639,27729.965,9373.326,
Contact STARLINK-4651 - MarsSat3,29795.335,39171.325,9375.990,
Contact STARLINK-4651 - MarsSat3,41234.118,44892.040,3657.922,
Contact STARLINK-4651 - MarsSat3,46953.535,56333.533,9379.998,
Contact STARLINK-4651 - MarsSat3,58392.408,67775.104,9382.696,
Contact STARLINK-4651 - MarsSat3,69831.327,84937.600,15106.273,
Contact STARLINK-4651 - MarsSat4,1198.656,9030.954,7832.298,
Contact STARLINK-4651 - MarsSat4,12637.319,16288.737,3651.419,
Contact STARLINK-4651 - MarsSat4,18356.645,27729.987,9373.342,
Contact STARLINK-4651 - MarsSat4,29795.358,39171.336,9375.979,
Contact STARLINK-4651 - MarsSat4,43179.599,44892.023,1712.424,
Contact STARLINK-4651 - MarsSat4,46953.544,56333.482,9379.938,
Contact STARLINK-4651 - MarsSat4,58392.370,67775.064,9382.695,
Contact STARLINK-4651 - MarsSat4,69831.284,84937.551,15106.267,
Contact STARLINK-31617 - STARLINK-32235,0.000,49399.059,49399.059,
Contact STARLINK-31617 - STARLINK-2602,50354.070,50740.687,386.617,
Contact STARLINK-31617 - STARLINK-2602,75317.626,75979.928,662.302,
Contact STARLINK-31617 - STARLINK-6044,39280.069,40178.029,897.960,
Contact STARLINK-31617 - STARLINK-6044,53277.893,54568.427,1290.534,
Contact STARLINK-31617 - STARLINK-6044,61753.757,68789.288,7035.531,
Contact STARLINK-31617 - STARLINK-6044,78915.300,82809.168,3893.868,
Contact STARLINK-31617 - STARLINK-32254,10458.853,11059.117,600.263,
Contact STARLINK-31617 - STARLINK-32254,24465.868,25330.917,865.049,
Contact STARLINK-31617 - STARLINK-32254,35715.588,36704.041,988.452,
Contact STARLINK-31617 - STARLINK-32254,49820.340,50877.587,1057.247,
Contact STARLINK-31617 - STARLINK-32254,61143.677,64991.071,3847.394,
Contact STARLINK-31617 - STARLINK-32254,75349.677,76248.299,898.622,
Contact STARLINK-31617 - STARLINK-4617,20961.646,21887.646,926.000,
Contact STARLINK-31617 - STARLINK-4617,29239.773,39303.013,10063.239,
Contact STARLINK-31617 - STARLINK-4617,43273.530,53490.726,10217.196,
Contact STARLINK-31617 - STARLINK-4617,54690.055,61890.311,7200.256,
Contact STARLINK-31617 - STARLINK-30472,17621.728,18590.945,969.216,
Contact STARLINK-31617 - STARLINK-30472,31675.567,32860.616,1185.049,
Contact STARLINK-31617 - STARLINK-30472,42989.011,47034.879,4045.868,
Contact STARLINK-31617 - STARLINK-30472,57218.430,58296.489,1078.059,
Contact STARLINK-31617 - STARLINK-30472,71585.617,72254.946,669.329,
Contact STARLINK-31617 - STARLINK-30196,64794.605,71582.642,6788.037,
Contact STARLINK-31617 - STARLINK-30196,72820.678,86400.000,13579.322,
Contact STARLINK-31617 - STARLINK-30825,0.000,294.366,294.366,
Contact STARLINK-31617 - STARLINK-30825,10563.875,11557.902,994.026,
Contact STARLINK-31617 - STARLINK-30825,24608.178,25625.879,1017.700,
Contact STARLINK-31617 - STARLINK-30825,35844.661,39697.188,3852.527,
Contact STARLINK-31617 - STARLINK-30825,49891.691,50945.239,1053.548,
Contact STARLINK-31617 - STARLINK-30825,61138.040,64994.167,3856.127,
Contact STARLINK-31617 - STARLINK-30825,75207.009,76232.315,1025.306,
Contact STARLINK-31617 - STARLINK-31627,416.864,10237.705,9820.841,
Contact STARLINK-31617 - STARLINK-31627,17398.826,18626.653,1227.827,
Contact STARLINK-31617 - STARLINK-31627,28738.333,32544.558,3806.225,
Contact STARLINK-31617 - STARLINK-31627,42968.118,43660.177,692.059,
Contact STARLINK-31617 - STARLINK-3182,10116.111,10919.177,803.066,
Contact STARLINK-31617 - STARLINK-3182,21348.989,22195.934,846.945,
Contact STARLINK-31617 - STARLINK-3182,35397.845,36283.916,886.071,
Contact STARLINK-31617 - STARLINK-3182,46641.991,47549.297,907.306,
Contact STARLINK-31617 - STARLINK-3182,60703.106,61625.170,922.064,
Contact STARLINK-31617 - STARLINK-3182,71957.808,75691.917,3734.110,
Contact STARLINK-31617 - STARLINK-3182,86033.727,86400.000,366.273,
Contact STARLINK-31617 - STARLINK-4413,10359.012,11074.950,715.939,
Contact STARLINK-31617 - STARLINK-4413,24580.291,25251.567,671.276,
Contact STARLINK-31617 - STARLINK-4413,35962.157,36588.595,626.437,
Contact STARLINK-31617 - STARLINK-4413,50190.087,50759.514,569.428,
Contact STARLINK-31617 - STARLINK-4413,64431.104,64917.544,486.440,
Contact STARLINK-31617 - STARLINK-4127,6979.092,7904.206,925.114,
Contact STARLINK-31617 - STARLINK-4127,21122.811,22067.120,944.309,
Contact STARLINK-31617 - STARLINK-4127,35306.713,36189.424,882.711,
Contact STARLINK-31617 - STARLINK-4127,46690.109,47451.703,761.595,
Contact STARLINK-31617 - STARLINK-4127,60982.092,61467.903,485.811,
Contact STARLINK-31617 - STARLINK-30331,14100.337,76988.223,62887.886,
Contact STARLINK-31617 - STARLINK-6311,83950.296,86400.000,2449.704,
Contact STARLINK-31617 - STARLINK-31021,24607.057,25747.647,1140.589,
Contact STARLINK-31617 - STARLINK-31021,32919.717,43020.778,10101.061,
Contact STARLINK-31617 - STARLINK-31021,46958.684,57174.818,10216.134,
Contact STARLINK-31617 - STARLINK-31021,64093.980,65548.916,1454.936,
Contact STARLINK-31617 - STARLINK-31021,78626.623,79349.032,722.409,
Contact STARLINK-31617 - STARLINK-30425,3270.149,10068.427,6798.278,
Contact STARLINK-31617 - STARLINK-30425,17251.106,18431.630,1180.523,
Contact STARLINK-31617 - STARLINK-30425,28452.294,29563.019,1110.726,
Contact STARLINK-31617 - STARLINK-30425,42476.500,43453.750,977.250,
Contact STARLINK-31617 - STARLINK-30425,53703.623,54559.559,855.936,
Contact STARLINK-31617 - STARLINK-30425,67750.768,68429.367,678.600,
Contact STARLINK-31617 - STARLINK-30425,79031.806,79481.339,449.533,
Contact STARLINK-31617 - STARLINK-4772,0.000,700.708,700.708,
Contact STARLINK-31617 - STARLINK-4772,14014.060,14699.024,684.964,
Contact STARLINK-31617 - STARLINK-4687,0.000,403.394,403.394,
Contact STARLINK-31617 - STARLINK-4687,10644.188,14585.228,3941.040,
Contact STARLINK-31617 - STARLINK-4687,24807.547,25886.997,1079.451,
Contact STARLINK-31617 - STARLINK-4687,39030.066,39958.359,928.294,
Contact STARLINK-31617 - STARLINK-5978,28151.541,35626.044,7474.503,
Contact STARLINK-31617 - STARLINK-5978,36297.498,63902.146,27604.648,
Contact STARLINK-31617 - STARLINK-5978,64962.459,69299.734,4337.275,
Contact STARLINK-31617 - STARLINK-4402,24981.799,25661.793,679.995,
Contact STARLINK-31617 - STARLINK-4402,39106.866,39902.987,796.122,
Contact STARLINK-31617 - STARLINK-4402,53270.780,54104.668,833.888,
Contact STARLINK-31617 - STARLINK-4402,64620.301,65447.693,827.392,
Contact STARLINK-31617 - STARLINK-4402,78831.746,79602.382,770.637,
Contact STARLINK-31617 - STARLINK-31502,0.000,142.227,142.227,
Contact STARLINK-31617 - STARLINK-31502,24869.239,25363.087,493.848,
Contact STARLINK-31617 - STARLINK-31502,50057.057,50587.348,530.292,
Contact STARLINK-31617 - STARLINK-31502,75250.630,75806.146,555.515,
Contact STARLINK-31617 - STARLINK-30842,43182.058,43820.682,638.624,
Contact STARLINK-31617 - STARLINK-30842,57189.855,58151.660,961.804,
Contact STARLINK-31617 - STARLINK-30842,71302.037,72377.063,1075.026,
Contact STARLINK-31617 - STARLINK-30842,82648.469,86400.000,3751.531,
Contact STARLINK-31617 - STARLINK-4631,0.000,384.960,384.960,
Contact STARLINK-31617 - STARLINK-4631,10656.738,14522.057,3865.319,
Contact STARLINK-31617 - STARLINK-4631,24855.706,25794.400,938.694,
Contact STARLINK-31617 - STARLINK-4631,39111.401,39831.623,720.222,
Contact STARLINK-31617 - STARLINK-5807,17847.812,18524.085,676.273,
Contact STARLINK-31617 - STARLINK-5807,31979.182,32791.471,812.289,
Contact STARLINK-31617 - STARLINK-5807,46150.564,47017.100,866.536,
Contact STARLINK-31617 - STARLINK-5807,57524.234,58361.451,837.218,
Contact STARLINK-31617 - STARLINK-5807,71786.472,72497.984,711.513,
Contact STARLINK-31617 - STARLINK-5807,86101.623,86400.000,298.377,
Contact STARLINK-31617 - STARLINK-31722,78877.556,79496.278,618.722,
Contact STARLINK-31617 - STARLINK-1581,0.000,10171.730,10171.730,
Contact STARLINK-31617 - STARLINK-1581,10999.666,21016.974,10017.308,
Contact STARLINK-31617 - STARLINK-1581,28464.985,29214.079,749.095,
Contact STARLINK-31617 - STARLINK-2388,32065.035,32701.301,636.266,
Contact STARLINK-31617 - STARLINK-2388,46101.917,46909.534,807.617,
Contact STARLINK-31617 - STARLINK-2388,57359.164,58248.273,889.108,
Contact STARLINK-31617 - STARLINK-2388,71459.017,72393.365,934.348,
Contact STARLINK-31617 - STARLINK-2388,82756.855,86400.000,3643.145,
Contact STARLINK-31617 - STARLINK-3167,0.000,95.369,95.369,
Contact STARLINK-31617 - STARLINK-3167,10421.209,11387.789,966.580,
Contact STARLINK-31617 - STARLINK-3167,24523.933,25483.326,959.393,
Contact STARLINK-31617 - STARLINK-3167,35818.653,36747.393,928.740,
Contact STARLINK-31617 - STARLINK-3167,49953.037,50811.778,858.741,
Contact STARLINK-31617 - STARLINK-3167,64115.845,64847.640,731.795,
Contact STARLINK-31617 - STARLINK-3167,75466.220,76056.510,590.289,
Contact STARLINK-31617 - STARLINK-1700,42957.216,43676.669,719.454,
Contact STARLINK-31617 - STARLINK-1700,56999.104,57932.000,932.897,
Contact STARLINK-31617 - STARLINK-1700,68279.612,72118.244,3838.632,
Contact STARLINK-31617 - STARLINK-1700,82431.684,83432.891,1001.207,
Contact STARLINK-31617 - STARLINK-5049,0.000,30.840,30.840,
Contact STARLINK-31617 - MoonARTEMIS1,684.014,9735.112,9051.098,
Contact STARLINK-31617 - MoonARTEMIS1,11920.580,20973.634,9053.054,
Contact STARLINK-31617 - MoonARTEMIS1,23161.119,31066.750,7905.631,
Contact STARLINK-31617 - MoonARTEMIS1,34391.214,37817.684,3426.471,
Contact STARLINK-31617 - MoonARTEMIS1,39997.478,49036.223,9038.745,
Contact STARLINK-31617 - MoonARTEMIS1,51216.376,60260.616,9044.240,
Contact STARLINK-31617 - MoonARTEMIS1,62439.831,71489.360,9049.529,
Contact STARLINK-31617 - MoonARTEMIS1,73666.426,77105.272,3438.846,
Contact STARLINK-31617 - MoonARTEMIS1,84895.733,86400.000,1504.267,
Contact STARLINK-31617 - MoonARTEMIS2,744.722,9786.926,9042.204,
Contact STARLINK-31617 - MoonARTEMIS2,11970.505,21010.447,9039.942,
Contact STARLINK-31617 - MoonARTEMIS2,23192.880,26620.916,3428.037,
Contact STARLINK-31617 - MoonARTEMIS2,34410.464,37837.508,3427.044,
Contact STARLINK-31617 - MoonARTEMIS2,40016.224,47403.786,7387.561,
Contact STARLINK-31617 - MoonARTEMIS2,51383.136,60305.502,8922.366,
Contact STARLINK-31617 - MoonARTEMIS2,62482.233,71548.652,9066.419,
Contact STARLINK-31617 - MoonARTEMIS2,73718.592,77169.237,3450.645,
Contact STARLINK-31617 - MoonARTEMIS2,84951.815,86400.000,1448.185,
Contact STARLINK-31617 - MoonIOAGEO,701.470,9748.801,9047.331,
Contact STARLINK-31617 - MoonIOAGEO,17554.948,20988.881,3433.933,
Contact STARLINK-31617 - MoonIOAGEO,23173.865,32216.995,9043.130,
Contact STARLINK-31617 - MoonIOAGEO,34398.154,37825.406,3427.252,
Contact STARLINK-31617 - MoonIOAGEO,40006.021,49048.614,9042.593,
Contact STARLINK-31617 - MoonIOAGEO,51230.342,54667.954,3437.611,
Contact STARLINK-31617 - MoonIOAGEO,62468.881,71530.150,9061.268,
Contact STARLINK-31617 - MoonIOAGEO,73700.051,77142.261,3442.210,
Contact STARLINK-31617 - MoonIOAGEO,84917.260,86400.000,1482.740,
Contact STARLINK-31617 - MoonIOAGNO,705.083,9756.842,9051.758,
Contact STARLINK-31617 - MoonIOAGNO,11947.189,20999.203,9052.014,
Contact STARLINK-31617 - MoonIOAGNO,23183.631,32221.901,9038.270,
Contact STARLINK-31617 - MoonIOAGNO,34404.042,37830.424,3426.381,
Contact STARLINK-31617 - MoonIOAGNO,40011.396,49049.841,9038.445,
Contact STARLINK-31617 - MoonIOAGNO,51233.708,60304.912,9071.204,
Contact STARLINK-31617 - MoonIOAGNO,62483.398,71534.387,9050.988,
Contact STARLINK-31617 - MoonIOAGNO,73707.740,77145.245,3437.506,
Contact STARLINK-31617 - MoonIOAGNO,84922.286,86400.000,1477.714,
Contact STARLINK-31617 - MoonIOAGNO 0001,725.554,9765.096,9039.541,
Contact STARLINK-31617 - MoonIOAGNO 0001,11947.049,20980.516,9033.468,
Contact STARLINK-31617 - MoonIOAGNO 0001,23162.253,32217.734,9055.481,
Contact STARLINK-31617 - MoonIOAGNO 0001,34406.121,37842.144,3436.023,
Contact STARLINK-31617 - MoonIOAGNO 0001,40026.379,49071.374,9044.995,
Contact STARLINK-31617 - MoonIOAGNO 0001,51251.629,60290.819,9039.190,
Contact STARLINK-31617 - MoonIOAGNO 0001,62467.036,71514.185,9047.149,
Contact STARLINK-31617 - MoonIOAGNO 0001,73692.568,77148.401,3455.833,
Contact STARLINK-31617 - MoonIOAGNO 0001,84940.197,86400.000,1459.803,
Contact STARLINK-31617 - MoonIOAGSO,706.516,8850.948,8144.432,
Contact STARLINK-31617 - MoonIOAGSO,11935.254,20973.569,9038.316,
Contact STARLINK-31617 - MoonIOAGSO,23156.460,32203.164,9046.704,
Contact STARLINK-31617 - MoonIOAGSO,34386.429,37820.669,3434.240,
Contact STARLINK-31617 - MoonIOAGSO,40003.990,49059.490,9055.499,
Contact STARLINK-31617 - MoonIOAGSO,56845.799,60281.974,3436.175,
Contact STARLINK-31617 - MoonIOAGSO,62455.430,71513.184,9057.753,
Contact STARLINK-31617 - MoonIOAGSO,73682.678,77131.531,3448.853,
Contact STARLINK-31617 - MoonIOAGSO,84917.707,86400.000,1482.293,
Contact STARLINK-31617 - MoonIOAGSO 0001,699.458,9744.062,9044.604,
Contact STARLINK-31617 - MoonIOAGSO 0001,11929.093,20978.892,9049.799,
Contact STARLINK-31617 - MoonIOAGSO 0001,23165.296,30526.767,7361.471,
Contact STARLINK-31617 - MoonIOAGSO 0001,34390.920,37820.426,3429.506,
Contact STARLINK-31617 - MoonIOAGSO 0001,40000.256,49048.479,9048.223,
Contact STARLINK-31617 - MoonIOAGSO 0001,51226.833,60284.052,9057.219,
Contact STARLINK-31617 - MoonIOAGSO 0001,62460.943,71523.394,9062.451,
Contact STARLINK-31617 - MoonIOAGSO 0001,84910.361,86400.000,1489.639,
Contact STARLINK-31617 - MoonLRO,705.861,9757.193,9051.332,
Contact STARLINK-31617 - MoonLRO,13662.440,15367.976,1705.536,
Contact STARLINK-31617 - MoonLRO,28780.024,31309.892,2529.868,
Contact STARLINK-31617 - MoonLRO,34391.297,37830.199,3438.902,
Contact STARLINK-31617 - MoonLRO,40954.442,43444.386,2489.944,
Contact STARLINK-31617 - MoonLRO,56853.338,58638.317,1784.979,
Contact STARLINK-31617 - MoonLRO,62463.094,71524.501,9061.407,
Contact STARLINK-31617 - MoonLRO,75097.601,77138.967,2041.366,
Contact STARLINK-31617 - MarsSat1,1275.496,16449.713,15174.217,
Contact STARLINK-31617 - MarsSat1,18112.549,27680.537,9567.988,
Contact STARLINK-31617 - MarsSat1,29337.632,38911.311,9573.679,
Contact STARLINK-31617 - MarsSat1,40563.019,50142.000,9578.981,
Contact STARLINK-31617 - MarsSat1,51788.723,66987.889,15199.166,
Contact STARLINK-31617 - MarsSat1,68627.920,78218.434,9590.514,
Contact STARLINK-31617 - MarsSat1,79854.496,86400.000,6545.504,
Contact STARLINK-31617 - MarsSat2,1275.463,16449.640,15174.177,
Contact STARLINK-31617 - MarsSat2,18112.583,27680.391,9567.808,
Contact STARLINK-31617 - MarsSat2,29337.701,38911.158,9573.457,
Contact STARLINK-31617 - MarsSat2,40563.126,50141.915,9578.789,
Contact STARLINK-31617 - MarsSat2,51788.867,66987.980,15199.113,
Contact STARLINK-31617 - MarsSat2,68628.079,78218.612,9590.533,
Contact STARLINK-31617 - MarsSat2,79854.621,86400.000,6545.379,
Contact STARLINK-31617 - MarsSat3,1275.412,16449.650,15174.238,
Contact STARLINK-31617 - MarsSat3,18112.440,27680.408,9567.968,
Contact STARLINK-31617 - MarsSat3,29337.640,38911.212,9573.572,
Contact STARLINK-31617 - MarsSat3,40563.127,50141.991,9578.864,
Contact STARLINK-31617 - MarsSat3,51788.876,66988.044,15199.167,
Contact STARLINK-31617 - MarsSat3,68628.036,78218.635,9590.599,
Contact STARLINK-31617 - MarsSat3,79854.523,86400.000,6545.477,
Contact STARLINK-31617 - MarsSat4,1275.568,9030.941,7755.374,
Contact STARLINK-31617 - MarsSat4,12500.047,16449.672,3949.625,
Contact STARLINK-31617 - MarsSat4,18112.467,27680.447,9567.980,
Contact STARLINK-31617 - MarsSat4,29337.649,38911.220,9573.571,
Contact STARLINK-31617 - MarsSat4,43179.713,50141.894,6962.181,
Contact STARLINK-31617 - MarsSat4,51788.719,66987.975,15199.256,
Contact STARLINK-31617 - MarsSat4,68628.045,78218.544,9590.499,
Contact STARLINK-31617 - MarsSat4,79854.488,86400.000,6545.512,
Contact STARLINK-2751 - STARLINK-1015,6781.245,7371.561,590.316,
Contact STARLINK-2751 - STARLINK-1015,21063.087,21701.166,638.079,
Contact STARLINK-2751 - STARLINK-1015,35361.513,36014.096,652.583,
Contact STARLINK-2751 - STARLINK-1015,46794.650,47470.070,675.419,
Contact STARLINK-2751 - STARLINK-1015,61079.744,61796.389,716.645,
Contact STARLINK-2751 - STARLINK-1015,75379.651,76107.822,728.170,
Contact STARLINK-2751 - STARLINK-32235,69270.820,86400.000,17129.180,
Contact STARLINK-2751 - STARLINK-30316,0.000,24262.122,24262.122,
Contact STARLINK-2751 - STARLINK-4413,3392.600,3995.103,602.503,
Contact STARLINK-2751 - STARLINK-4413,17732.079,18341.771,609.692,
Contact STARLINK-2751 - STARLINK-4413,32057.936,32700.666,642.730,
Contact STARLINK-2751 - STARLINK-4413,46398.879,47045.813,646.934,
Contact STARLINK-2751 - STARLINK-4413,60726.909,61402.449,675.539,
Contact STARLINK-2751 - STARLINK-4413,75069.093,75746.297,677.204,
Contact STARLINK-2751 - STARLINK-31407,7112.208,11007.352,3895.144,
Contact STARLINK-2751 - STARLINK-31407,20928.937,28263.826,7334.889,
Contact STARLINK-2751 - STARLINK-31407,29326.822,42406.752,13079.930,
Contact STARLINK-2751 - STARLINK-31407,43462.143,53576.998,10114.854,
Contact STARLINK-2751 - STARLINK-31407,60717.261,61889.399,1172.138,
Contact STARLINK-2751 - STARLINK-30171,6741.654,7723.195,981.540,
Contact STARLINK-2751 - STARLINK-30171,21026.593,22042.707,1016.114,
Contact STARLINK-2751 - STARLINK-30171,35325.025,36350.038,1025.013,
Contact STARLINK-2751 - STARLINK-30171,46758.868,50668.501,3909.633,
Contact STARLINK-2751 - STARLINK-30171,61045.191,64975.073,3929.882,
Contact STARLINK-2751 - STARLINK-30171,75344.669,79292.556,3947.887,
Contact STARLINK-2751 - STARLINK-5660,32387.804,32928.849,541.045,
Contact STARLINK-2751 - STARLINK-5660,46637.854,47307.536,669.682,
Contact STARLINK-2751 - STARLINK-5660,60870.459,61700.296,829.837,
Contact STARLINK-2751 - STARLINK-5660,75140.599,76059.010,918.412,
Contact STARLINK-2751 - STARLINK-32094,0.000,17114.631,17114.631,
Contact STARLINK-2751 - STARLINK-31827,46267.226,47176.278,909.051,
Contact STARLINK-2751 - STARLINK-31827,54557.524,64477.886,9920.362,
Contact STARLINK-2751 - STARLINK-31827,71334.692,78730.172,7395.480,
Contact STARLINK-2751 - STARLINK-31827,79813.665,86400.000,6586.335,
Contact STARLINK-2751 - STARLINK-31800,35846.683,36555.229,708.546,
Contact STARLINK-2751 - STARLINK-31800,43984.422,56967.773,12983.352,
Contact STARLINK-2751 - STARLINK-31800,57807.962,68391.994,10584.032,
Contact STARLINK-2751 - STARLINK-31800,69021.796,82345.688,13323.892,
Contact STARLINK-2751 - STARLINK-31800,83346.238,86400.000,3053.762,
Contact STARLINK-2751 - STARLINK-4254,0.000,86400.000,86400.000,
Contact STARLINK-2751 - STARLINK-31987,46244.238,46927.340,683.102,
Contact STARLINK-2751 - STARLINK-31987,57454.507,61276.019,3821.512,
Contact STARLINK-2751 - STARLINK-31987,71525.698,72694.706,1169.008,
Contact STARLINK-2751 - STARLINK-31987,85667.695,86400.000,732.305,
Contact STARLINK-2751 - STARLINK-6311,0.000,86400.000,86400.000,
Contact STARLINK-2751 - STARLINK-2228,25972.451,39069.104,13096.653,
Contact STARLINK-2751 - STARLINK-2228,39654.318,50228.484,10574.167,
Contact STARLINK-2751 - STARLINK-2228,51058.095,58369.934,7311.839,
Contact STARLINK-2751 - STARLINK-1736,63839.262,86400.000,22560.738,
Contact STARLINK-2751 - STARLINK-3346,21597.220,22150.502,553.282,
Contact STARLINK-2751 - STARLINK-3346,35798.363,36478.271,679.908,
Contact STARLINK-2751 - STARLINK-3346,49983.036,50821.183,838.147,
Contact STARLINK-2751 - STARLINK-3346,64206.263,65126.812,920.549,
Contact STARLINK-2751 - STARLINK-3346,75579.269,79449.020,3869.751,
Contact STARLINK-2751 - STARLINK-30320,0.000,61729.228,61729.228,
Contact STARLINK-2751 - STARLINK-31919,0.000,309.263,309.263,
Contact STARLINK-2751 - STARLINK-31919,10701.526,11579.019,877.493,
Contact STARLINK-2751 - STARLINK-31919,24943.489,25614.102,670.612,
Contact STARLINK-2751 - STARLINK-31639,0.000,38771.908,38771.908,
Contact STARLINK-2751 - STARLINK-31600,10142.418,11150.030,1007.611,
Contact STARLINK-2751 - STARLINK-31600,21468.993,25290.793,3821.799,
Contact STARLINK-2751 - STARLINK-31600,35673.061,36571.727,898.666,
Contact STARLINK-2751 - STARLINK-31600,49924.943,50627.865,702.923,
Contact STARLINK-2751 - STARLINK-30613,25153.565,25412.257,258.692,
Contact STARLINK-2751 - STARLINK-30613,39404.712,39799.267,394.555,
Contact STARLINK-2751 - STARLINK-30613,53661.614,54180.802,519.187,
Contact STARLINK-2751 - STARLINK-30613,67943.068,68537.452,594.385,
Contact STARLINK-2751 - STARLINK-30613,82219.477,82899.464,679.987,
Contact STARLINK-2751 - STARLINK-31764,21447.852,28185.740,6737.887,
Contact STARLINK-2751 - STARLINK-31764,35232.242,42597.039,7364.797,
Contact STARLINK-2751 - STARLINK-31764,43572.814,53976.516,10403.702,
Contact STARLINK-2751 - STARLINK-31764,57691.516,67979.272,10287.757,
Contact STARLINK-2751 - STARLINK-31764,74943.263,76272.521,1329.257,
Contact STARLINK-2751 - STARLINK-4402,6652.974,7207.248,554.275,
Contact STARLINK-2751 - STARLINK-4402,46783.857,47300.553,516.696,
Contact STARLINK-2751 - STARLINK-4402,61110.973,61625.026,514.053,
Contact STARLINK-2751 - STARLINK-4402,75451.560,75935.888,484.328,
Contact STARLINK-2751 - STARLINK-6255,0.000,86400.000,86400.000,
Contact STARLINK-2751 - STARLINK-3898,0.000,86400.000,86400.000,
Contact STARLINK-2751 - STARLINK-31539,17434.704,18225.945,791.241,
Contact STARLINK-2751 - STARLINK-31539,28560.885,35415.452,6854.567,
Contact STARLINK-2751 - STARLINK-31539,42590.204,43941.891,1351.686,
Contact STARLINK-2751 - STARLINK-31539,51081.497,58026.165,6944.668,
Contact STARLINK-2751 - STARLINK-31539,68188.991,72002.244,3813.253,
Contact STARLINK-2751 - STARLINK-31539,82663.360,83002.007,338.647,
Contact STARLINK-2751 - STARLINK-30367,0.000,86400.000,86400.000,
Contact STARLINK-2751 - STARLINK-5151,0.000,654.873,654.873,
Contact STARLINK-2751 - STARLINK-5151,13884.886,14856.000,971.115,
Contact STARLINK-2751 - STARLINK-5151,28137.942,29033.876,895.934,
Contact STARLINK-2751 - STARLINK-5151,39547.982,43205.194,3657.212,
Contact STARLINK-2751 - STARLINK-5151,53821.734,54525.256,703.523,
Contact STARLINK-2751 - STARLINK-5151,68134.172,68644.189,510.017,
Contact STARLINK-2751 - STARLINK-31463,42909.328,43355.075,445.747,
Contact STARLINK-2751 - STARLINK-31463,56956.282,57653.195,696.912,
Contact STARLINK-2751 - STARLINK-31463,68229.065,69055.658,826.593,
Contact STARLINK-2751 - STARLINK-31463,82348.526,83279.493,930.968,
Contact STARLINK-2751 - MoonARTEMIS1,0.000,7125.718,7125.718,
Contact STARLINK-2751 - MoonARTEMIS1,9217.899,12847.051,3629.153,
Contact STARLINK-2751 - MoonARTEMIS1,14949.787,24292.340,9342.553,
Contact STARLINK-2751 - MoonARTEMIS1,26415.583,30016.044,3600.460,
Contact STARLINK-2751 - MoonARTEMIS1,37859.572,41449.281,3589.709,
Contact STARLINK-2751 - MoonARTEMIS1,43579.570,52886.529,9306.959,
Contact STARLINK-2751 - MoonARTEMIS1,55023.723,64326.377,9302.654,
Contact STARLINK-2751 - MoonARTEMIS1,66470.943,70047.131,3576.187,
Contact STARLINK-2751 - MoonARTEMIS1,72195.309,81490.278,9294.969,
Contact STARLINK-2751 - MoonARTEMIS1,83645.175,86400.000,2754.825,
Contact STARLINK-2751 - MoonARTEMIS2,0.000,7153.684,7153.684,
Contact STARLINK-2751 - MoonARTEMIS2,9270.359,12872.521,3602.162,
Contact STARLINK-2751 - MoonARTEMIS2,14994.194,24309.009,9314.815,
Contact STARLINK-2751 - MoonARTEMIS2,26438.697,35742.874,9304.177,
Contact STARLINK-2751 - MoonARTEMIS2,37877.472,41457.922,3580.450,
Contact STARLINK-2751 - MoonARTEMIS2,43593.043,47175.071,3582.028,
Contact STARLINK-2751 - MoonARTEMIS2,55051.143,64354.347,9303.204,
Contact STARLINK-2751 - MoonARTEMIS2,66509.901,70079.135,3569.234,
Contact STARLINK-2751 - MoonARTEMIS2,72237.256,81527.532,9290.276,
Contact STARLINK-2751 - MoonARTEMIS2,83689.150,86400.000,2710.850,
Contact STARLINK-2751 - MoonIOAGEO,0.000,7131.993,7131.993,
Contact STARLINK-2751 - MoonIOAGEO,9231.202,12853.529,3622.327,
Contact STARLINK-2751 - MoonIOAGEO,17138.734,24296.953,7158.220,
Contact STARLINK-2751 - MoonIOAGEO,26423.349,35735.056,9311.707,
Contact STARLINK-2751 - MoonIOAGEO,37867.099,41453.490,3586.391,
Contact STARLINK-2751 - MoonIOAGEO,43587.911,52895.809,9307.898,
Contact STARLINK-2751 - MoonIOAGEO,66497.495,70065.966,3568.471,
Contact STARLINK-2751 - MoonIOAGEO,72222.133,81504.991,9282.859,
Contact STARLINK-2751 - MoonIOAGEO,83662.896,86400.000,2737.104,
Contact STARLINK-2751 - MoonIOAGNO,0.000,7127.834,7127.834,
Contact STARLINK-2751 - MoonIOAGNO,9237.630,12862.851,3625.221,
Contact STARLINK-2751 - MoonIOAGNO,14979.238,24314.878,9335.640,
Contact STARLINK-2751 - MoonIOAGNO,26434.849,35749.250,9314.402,
Contact STARLINK-2751 - MoonIOAGNO,37875.418,41462.176,3586.758,
Contact STARLINK-2751 - MoonIOAGNO,43592.564,52898.188,9305.624,
Contact STARLINK-2751 - MoonIOAGNO,55051.590,64359.706,9308.116,
Contact STARLINK-2751 - MoonIOAGNO,66512.145,70081.499,3569.353,
Contact STARLINK-2751 - MoonIOAGNO,72234.510,81515.587,9281.077,
Contact STARLINK-2751 - MoonIOAGNO,83670.412,86400.000,2729.588,
Contact STARLINK-2751 - MoonIOAGNO 0001,0.000,7154.813,7154.813,
Contact STARLINK-2751 - MoonIOAGNO 0001,9252.026,12870.370,3618.343,
Contact STARLINK-2751 - MoonIOAGNO 0001,14972.285,24293.386,9321.101,
Contact STARLINK-2751 - MoonIOAGNO 0001,26409.438,35746.880,9337.442,
Contact STARLINK-2751 - MoonIOAGNO 0001,37884.394,41474.572,3590.178,
Contact STARLINK-2751 - MoonIOAGNO 0001,43612.785,52915.405,9302.620,
Contact STARLINK-2751 - MoonIOAGNO 0001,55056.798,64344.270,9287.472,
Contact STARLINK-2751 - MoonIOAGNO 0001,66490.662,70057.022,3566.360,
Contact STARLINK-2751 - MoonIOAGNO 0001,72211.177,81521.652,9310.475,
Contact STARLINK-2751 - MoonIOAGNO 0001,83683.256,86400.000,2716.744,
Contact STARLINK-2751 - MoonIOAGSO,0.000,7139.241,7139.241,
Contact STARLINK-2751 - MoonIOAGSO,14956.137,24275.461,9319.324,
Contact STARLINK-2751 - MoonIOAGSO,26402.678,35720.057,9317.379,
Contact STARLINK-2751 - MoonIOAGSO,37858.736,41447.188,3588.452,
Contact STARLINK-2751 - MoonIOAGSO,43589.882,52238.417,8648.534,
Contact STARLINK-2751 - MoonIOAGSO,55039.529,64325.192,9285.663,
Contact STARLINK-2751 - MoonIOAGSO,66478.382,70045.386,3567.004,
Contact STARLINK-2751 - MoonIOAGSO,72202.612,81495.073,9292.461,
Contact STARLINK-2751 - MoonIOAGSO,83657.969,86400.000,2742.031,
Contact STARLINK-2751 - MoonIOAGSO 0001,0.000,7113.905,7113.905,
Contact STARLINK-2751 - MoonIOAGSO 0001,9224.399,12836.613,3612.214,
Contact STARLINK-2751 - MoonIOAGSO 0001,14953.847,24292.167,9338.320,
Contact STARLINK-2751 - MoonIOAGSO 0001,26418.382,30018.689,3600.307,
Contact STARLINK-2751 - MoonIOAGSO 0001,37858.332,41440.475,3582.143,
Contact STARLINK-2751 - MoonIOAGSO 0001,43579.923,52881.091,9301.168,
Contact STARLINK-2751 - MoonIOAGSO 0001,55031.044,64334.361,9303.317,
Contact STARLINK-2751 - MoonIOAGSO 0001,66490.882,70064.947,3574.065,
Contact STARLINK-2751 - MoonIOAGSO 0001,77934.813,81494.712,3559.899,
Contact STARLINK-2751 - MoonIOAGSO 0001,83652.430,86400.000,2747.570,
Contact STARLINK-2751 - MoonLRO,3514.414,3939.658,425.245,
Contact STARLINK-2751 - MoonLRO,20685.858,24298.684,3612.825,
Contact STARLINK-2751 - MoonLRO,27294.881,30017.584,2722.703,
Contact STARLINK-2751 - MoonLRO,49317.381,51812.402,2495.021,
Contact STARLINK-2751 - MoonLRO,55039.183,58623.263,3584.080,
Contact STARLINK-2751 - MoonLRO,68276.197,70061.865,1785.668,
Contact STARLINK-2751 - MoonLRO,75128.743,75780.090,651.347,
Contact STARLINK-2751 - MarsSat1,0.000,1899.287,1899.287,
Contact STARLINK-2751 - MarsSat1,3711.267,13348.356,9637.089,
Contact STARLINK-2751 - MarsSat1,15149.724,24797.696,9647.972,
Contact STARLINK-2751 - MarsSat1,26588.149,41972.191,15384.042,
Contact STARLINK-2751 - MarsSat1,43745.775,53422.194,9676.418,
Contact STARLINK-2751 - MarsSat1,55184.218,70597.793,15413.575,
Contact STARLINK-2751 - MarsSat1,72341.926,82048.642,9706.716,
Contact STARLINK-2751 - MarsSat1,83780.398,86400.000,2619.602,
Contact STARLINK-2751 - MarsSat2,0.000,1899.288,1899.288,
Contact STARLINK-2751 - MarsSat2,3711.223,13348.354,9637.131,
Contact STARLINK-2751 - MarsSat2,15149.776,24797.691,9647.915,
Contact STARLINK-2751 - MarsSat2,26588.273,41972.219,15383.946,
Contact STARLINK-2751 - MarsSat2,43745.951,53422.272,9676.321,
Contact STARLINK-2751 - MarsSat2,55184.377,70597.933,15413.556,
Contact STARLINK-2751 - MarsSat2,72341.989,82048.777,9706.788,
Contact STARLINK-2751 - MarsSat2,83780.386,86400.000,2619.614,
Contact STARLINK-2751 - MarsSat3,0.000,1899.264,1899.264,
Contact STARLINK-2751 - MarsSat3,3711.132,13348.267,9637.135,
Contact STARLINK-2751 - MarsSat3,15149.632,24797.633,9648.001,
Contact STARLINK-2751 - MarsSat3,26588.190,41972.241,15384.051,
Contact STARLINK-2751 - MarsSat3,43745.925,53422.300,9676.375,
Contact STARLINK-2751 - MarsSat3,55184.339,70597.915,15413.576,
Contact STARLINK-2751 - MarsSat3,72341.908,82048.707,9706.799,
Contact STARLINK-2751 - MarsSat3,83780.283,86400.000,2619.717,
Contact STARLINK-2751 - MarsSat4,0.000,1899.365,1899.365,
Contact STARLINK-2751 - MarsSat4,3711.265,7623.817,3912.552,
Contact STARLINK-2751 - MarsSat4,15149.653,24797.658,9648.005,
Contact STARLINK-2751 - MarsSat4,26588.188,41360.084,14771.896,
Contact STARLINK-2751 - MarsSat4,43745.801,53422.182,9676.381,
Contact STARLINK-2751 - MarsSat4,55184.286,70597.900,15413.614,
Contact STARLINK-2751 - MarsSat4,75534.685,82048.670,6513.985,
Contact STARLINK-2751 - MarsSat4,83780.346,86400.000,2619.654,
Contact STARLINK-1015 - STARLINK-11266 [DTC],14288.682,14915.251,626.569,
Contact STARLINK-1015 - STARLINK-11266 [DTC],28274.992,29117.337,842.345,
Contact STARLINK-1015 - STARLINK-11266 [DTC],39531.248,43221.777,3690.530,
Contact STARLINK-1015 - STARLINK-11266 [DTC],53681.990,54446.242,764.251,
Contact STARLINK-1015 - STARLINK-30355,0.000,607.830,607.830,
Contact STARLINK-1015 - STARLINK-30355,14066.063,14907.790,841.727,
Contact STARLINK-1015 - STARLINK-30355,28379.812,29205.076,825.265,
Contact STARLINK-1015 - STARLINK-30355,42691.533,43504.369,812.836,
Contact STARLINK-1015 - STARLINK-30355,57005.844,57801.068,795.224,
Contact STARLINK-1015 - STARLINK-30355,71318.246,72099.654,781.409,
Contact STARLINK-1015 - STARLINK-30355,82769.299,83537.386,768.087,
Contact STARLINK-1015 - STARLINK-30316,6485.810,7497.983,1012.174,
Contact STARLINK-1015 - STARLINK-30316,17770.225,21720.099,3949.874,
Contact STARLINK-1015 - STARLINK-30316,31936.642,33038.447,1101.805,
Contact STARLINK-1015 - STARLINK-30316,46193.644,47110.936,917.292,
Contact STARLINK-1015 - STARLINK-2602,0.000,3028.012,3028.012,
Contact STARLINK-1015 - STARLINK-2602,4126.662,28501.923,24375.260,
Contact STARLINK-1015 - STARLINK-2602,35472.786,36524.665,1051.879,
Contact STARLINK-1015 - STARLINK-4617,10479.531,10990.594,511.063,
Contact STARLINK-1015 - STARLINK-4617,24842.651,25328.243,485.592,
Contact STARLINK-1015 - STARLINK-4617,39191.352,39680.557,489.205,
Contact STARLINK-1015 - STARLINK-4617,53555.267,54017.445,462.177,
Contact STARLINK-1015 - STARLINK-4413,42996.505,43740.197,743.691,
Contact STARLINK-1015 - STARLINK-4413,57236.504,58218.402,981.899,
Contact STARLINK-1015 - STARLINK-4413,71504.323,72702.778,1198.455,
Contact STARLINK-1015 - STARLINK-4413,85786.648,86400.000,613.352,
Contact STARLINK-1015 - STARLINK-31407,35440.035,36392.769,952.734,
Contact STARLINK-1015 - STARLINK-31407,43506.225,82132.308,38626.083,
Contact STARLINK-1015 - STARLINK-31407,83081.583,86400.000,3318.417,
Contact STARLINK-1015 - STARLINK-30171,0.000,86400.000,86400.000,
Contact STARLINK-1015 - STARLINK-5660,0.000,86400.000,86400.000,
Contact STARLINK-1015 - STARLINK-32094,3531.478,4312.407,780.929,
Contact STARLINK-1015 - STARLINK-32094,17584.730,18563.334,978.604,
Contact STARLINK-1015 - STARLINK-32094,31704.695,32746.098,1041.403,
Contact STARLINK-1015 - STARLINK-32094,43056.085,46847.992,3791.907,
Contact STARLINK-1015 - STARLINK-32094,57320.929,58076.572,755.642,
Contact STARLINK-1015 - STARLINK-30767,0.000,540.177,540.177,
Contact STARLINK-1015 - STARLINK-30767,13932.774,14851.758,918.984,
Contact STARLINK-1015 - STARLINK-30767,28236.434,29170.640,934.207,
Contact STARLINK-1015 - STARLINK-30767,42547.860,43482.065,934.204,
Contact STARLINK-1015 - STARLINK-30767,53993.970,57800.794,3806.824,
Contact STARLINK-1015 - STARLINK-30767,68297.818,72112.061,3814.243,
Contact STARLINK-1015 - STARLINK-30767,82609.430,86400.000,3790.570,
Contact STARLINK-1015 - STARLINK-31800,64128.170,64941.801,813.631,
Contact STARLINK-1015 - STARLINK-31800,75024.975,82493.527,7468.552,
Contact STARLINK-1015 - STARLINK-31800,83300.891,86400.000,3099.109,
Contact STARLINK-1015 - STARLINK-4254,556.662,7583.453,7026.791,
Contact STARLINK-1015 - STARLINK-4254,17719.368,21895.402,4176.034,
Contact STARLINK-1015 - STARLINK-4254,32015.265,39060.147,7044.882,
Contact STARLINK-1015 - STARLINK-4254,46326.699,53356.079,7029.381,
Contact STARLINK-1015 - STARLINK-4254,60624.312,61944.499,1320.186,
Contact STARLINK-1015 - STARLINK-4254,74937.560,76238.984,1301.424,
Contact STARLINK-1015 - STARLINK-4254,83514.076,86400.000,2885.924,
Contact STARLINK-1015 - STARLINK-3533,43084.153,43372.286,288.133,
Contact STARLINK-1015 - STARLINK-3533,57338.846,57717.583,378.737,
Contact STARLINK-1015 - STARLINK-3533,71615.459,72041.221,425.762,
Contact STARLINK-1015 - STARLINK-2228,71796.248,72503.126,706.878,
Contact STARLINK-1015 - STARLINK-2228,85822.640,86400.000,577.360,
Contact STARLINK-1015 - STARLINK-4772,4229.154,11359.129,7129.976,
Contact STARLINK-1015 - STARLINK-4772,18528.929,25582.345,7053.416,
Contact STARLINK-1015 - STARLINK-4772,35697.713,39807.896,4110.183,
Contact STARLINK-1015 - STARLINK-4772,50011.952,51170.541,1158.589,
Contact STARLINK-1015 - STARLINK-4772,64364.265,65347.841,983.577,
Contact STARLINK-1015 - STARLINK-4772,78716.912,79523.625,806.713,
Contact STARLINK-1015 - STARLINK-30320,21402.208,21626.321,224.113,
Contact STARLINK-1015 - STARLINK-30320,35285.544,36040.301,754.757,
Contact STARLINK-1015 - STARLINK-30320,46510.349,47452.013,941.664,
Contact STARLINK-1015 - STARLINK-30320,60609.866,61646.655,1036.789,
Contact STARLINK-1015 - STARLINK-30320,71948.513,75754.173,3805.660,
Contact STARLINK-1015 - STARLINK-30320,86200.866,86400.000,199.134,
Contact STARLINK-1015 - STARLINK-31919,53515.682,54680.999,1165.317,
Contact STARLINK-1015 - STARLINK-31919,61892.306,68973.388,7081.082,
Contact STARLINK-1015 - STARLINK-31919,76004.835,85896.288,9891.453,
Contact STARLINK-1015 - STARLINK-31639,6595.419,7684.486,1089.067,
Contact STARLINK-1015 - STARLINK-31639,15053.592,21974.246,6920.654,
Contact STARLINK-1015 - STARLINK-31639,32049.323,39034.403,6985.080,
Contact STARLINK-1015 - STARLINK-31639,46283.638,47525.294,1241.656,
Contact STARLINK-1015 - STARLINK-31639,60560.096,61652.790,1092.695,
Contact STARLINK-1015 - STARLINK-31639,74926.437,75692.098,765.660,
Contact STARLINK-1015 - STARLINK-31600,33409.673,86400.000,52990.327,
Contact STARLINK-1015 - STARLINK-30613,0.000,196.234,196.234,
Contact STARLINK-1015 - STARLINK-30613,14187.852,14440.916,253.064,
Contact STARLINK-1015 - STARLINK-31764,49794.406,50675.590,881.183,
Contact STARLINK-1015 - STARLINK-31764,57927.474,68344.699,10417.225,
Contact STARLINK-1015 - STARLINK-31764,68868.823,86400.000,17531.177,
Contact STARLINK-1015 - STARLINK-4402,32322.887,32940.255,617.367,
Contact STARLINK-1015 - STARLINK-4402,46653.993,47290.624,636.631,
Contact STARLINK-1015 - STARLINK-4402,60970.415,61654.791,684.376,
Contact STARLINK-1015 - STARLINK-4402,75304.294,76002.138,697.844,
Contact STARLINK-1015 - STARLINK-31502,0.000,14236.423,14236.423,
Contact STARLINK-1015 - STARLINK-5618,3255.349,4138.773,883.423,
Contact STARLINK-1015 - STARLINK-5618,17560.598,18432.225,871.627,
Contact STARLINK-1015 - STARLINK-5618,31858.988,32733.030,874.042,
Contact STARLINK-1015 - STARLINK-5618,46165.508,47025.177,859.668,
Contact STARLINK-1015 - STARLINK-5618,60465.324,61324.488,859.163,
Contact STARLINK-1015 - STARLINK-5618,71908.640,75615.259,3706.619,
Contact STARLINK-1015 - STARLINK-5618,86217.061,86400.000,182.939,
Contact STARLINK-1015 - STARLINK-6255,6593.035,7353.827,760.792,
Contact STARLINK-1015 - STARLINK-6255,20938.483,21671.855,733.372,
Contact STARLINK-1015 - STARLINK-6255,46786.011,47417.617,631.606,
Contact STARLINK-1015 - STARLINK-6255,61135.445,61731.628,596.183,
Contact STARLINK-1015 - STARLINK-6255,75506.146,76023.726,517.580,
Contact STARLINK-1015 - STARLINK-3898,7060.342,7232.485,172.143,
Contact STARLINK-1015 - STARLINK-3898,21260.215,21616.623,356.408,
Contact STARLINK-1015 - STARLINK-3898,61160.558,61750.778,590.219,
Contact STARLINK-1015 - STARLINK-3898,75428.463,76066.426,637.964,
Contact STARLINK-1015 - STARLINK-4631,7117.091,7758.895,641.804,
Contact STARLINK-1015 - STARLINK-4631,21456.100,22026.321,570.221,
Contact STARLINK-1015 - STARLINK-4631,35859.630,36230.744,371.114,
Contact STARLINK-1015 - STARLINK-4631,50237.090,50459.774,222.684,
Contact STARLINK-1015 - STARLINK-31539,85997.594,86400.000,402.406,
Contact STARLINK-1015 - STARLINK-31722,0.000,349.647,349.647,
Contact STARLINK-1015 - STARLINK-31722,10752.807,14438.439,3685.632,
Contact STARLINK-1015 - STARLINK-31722,25029.203,25658.909,629.706,
Contact STARLINK-1015 - STARLINK-6142,3584.536,3603.631,19.095,
Contact STARLINK-1015 - STARLINK-6142,32057.588,32423.171,365.583,
Contact STARLINK-1015 - STARLINK-6142,86384.587,86400.000,15.413,
Contact STARLINK-1015 - STARLINK-5049,0.000,86400.000,86400.000,
Contact STARLINK-1015 - MoonARTEMIS1,1380.341,16678.027,15297.686,
Contact STARLINK-1015 - MoonARTEMIS1,18622.072,28221.900,9599.827,
Contact STARLINK-1015 - MoonARTEMIS1,35862.110,45449.599,9587.488,
Contact STARLINK-1015 - MoonARTEMIS1,47336.241,56945.525,9609.284,
Contact STARLINK-1015 - MoonARTEMIS1,58818.427,74209.652,15391.225,
Contact STARLINK-1015 - MoonARTEMIS1,76053.338,85731.667,9678.329,
Contact STARLINK-1015 - MoonARTEMIS2,1428.813,16763.248,15334.435,
Contact STARLINK-1015 - MoonARTEMIS2,18656.825,28261.501,9604.676,
Contact STARLINK-1015 - MoonARTEMIS2,30140.215,45482.596,15342.381,
Contact STARLINK-1015 - MoonARTEMIS2,53107.586,57028.295,3920.709,
Contact STARLINK-1015 - MoonARTEMIS2,58859.676,74341.785,15482.108,
Contact STARLINK-1015 - MoonARTEMIS2,76116.193,85878.364,9762.171,
Contact STARLINK-1015 - MoonIOAGEO,1396.203,10943.536,9547.333,
Contact STARLINK-1015 - MoonIOAGEO,18641.135,28240.719,9599.585,
Contact STARLINK-1015 - MoonIOAGEO,30135.462,45468.154,15332.692,
Contact STARLINK-1015 - MoonIOAGEO,47345.655,56998.563,9652.909,
Contact STARLINK-1015 - MoonIOAGEO,64607.511,74305.139,9697.628,
Contact STARLINK-1015 - MoonIOAGEO,76105.285,85789.016,9683.730,
Contact STARLINK-1015 - MoonIOAGNO,1391.218,16713.843,15322.625,
Contact STARLINK-1015 - MoonIOAGNO,18621.171,28204.942,9583.771,
Contact STARLINK-1015 - MoonIOAGNO,30094.330,45468.672,15374.342,
Contact STARLINK-1015 - MoonIOAGNO,47350.628,57020.421,9669.793,
Contact STARLINK-1015 - MoonIOAGNO,58844.448,74272.426,15427.978,
Contact STARLINK-1015 - MoonIOAGNO,76061.583,85781.861,9720.278,
Contact STARLINK-1015 - MoonIOAGNO 0001,1383.979,16683.727,15299.748,
Contact STARLINK-1015 - MoonIOAGNO 0001,18611.436,28215.098,9603.661,
Contact STARLINK-1015 - MoonIOAGNO 0001,30131.940,45485.521,15353.581,
Contact STARLINK-1015 - MoonIOAGNO 0001,47332.347,56985.105,9652.758,
Contact STARLINK-1015 - MoonIOAGNO 0001,58821.323,74294.426,15473.103,
Contact STARLINK-1015 - MoonIOAGNO 0001,76099.280,85815.412,9716.131,
Contact STARLINK-1015 - MoonIOAGSO,1413.825,8840.442,7426.617,
Contact STARLINK-1015 - MoonIOAGSO,12903.324,16725.806,3822.482,
Contact STARLINK-1015 - MoonIOAGSO,18662.612,28244.951,9582.339,
Contact STARLINK-1015 - MoonIOAGSO,30159.194,45495.389,15336.195,
Contact STARLINK-1015 - MoonIOAGSO,47359.216,51241.221,3882.005,
Contact STARLINK-1015 - MoonIOAGSO,58871.725,74306.741,15435.016,
Contact STARLINK-1015 - MoonIOAGSO,76131.911,85818.629,9686.718,
Contact STARLINK-1015 - MoonIOAGSO 0001,1437.720,16727.042,15289.322,
Contact STARLINK-1015 - MoonIOAGSO 0001,18656.306,28213.883,9557.578,
Contact STARLINK-1015 - MoonIOAGSO 0001,35884.387,45512.816,9628.430,
Contact STARLINK-1015 - MoonIOAGSO 0001,47395.796,57027.645,9631.849,
Contact STARLINK-1015 - MoonIOAGSO 0001,58881.905,73891.785,15009.880,
Contact STARLINK-1015 - MoonIOAGSO 0001,76773.606,85820.987,9047.381,
Contact STARLINK-1015 - MoonLRO,1410.391,10780.735,9370.344,
Contact STARLINK-1015 - MoonLRO,13671.262,16708.438,3037.176,
Contact STARLINK-1015 - MoonLRO,20476.881,22466.507,1989.626,
Contact STARLINK-1015 - MoonLRO,35871.808,38111.247,2239.439,
Contact STARLINK-1015 - MoonLRO,41619.789,44945.170,3325.380,
Contact STARLINK-1015 - MoonLRO,47810.789,51246.625,3435.836,
Contact STARLINK-1015 - MoonLRO,64593.762,72291.239,7697.477,
Contact STARLINK-1015 - MoonLRO,81946.894,85803.872,3856.979,
Contact STARLINK-1015 - MarsSat1,0.000,6771.345,6771.345,
Contact STARLINK-1015 - MarsSat1,8662.129,23970.753,15308.624,
Contact STARLINK-1015 - MarsSat1,25866.346,35436.830,9570.484,
Contact STARLINK-1015 - MarsSat1,37335.710,52635.671,15299.961,
Contact STARLINK-1015 - MarsSat1,54539.552,64101.410,9561.858,
Contact STARLINK-1015 - MarsSat1,66008.677,75567.045,9558.368,
Contact STARLINK-1015 - MarsSat1,77477.758,81299.823,3822.066,
Contact STARLINK-1015 - MarsSat1,83212.287,86400.000,3187.713,
Contact STARLINK-1015 - MarsSat2,0.000,6771.341,6771.341,
Contact STARLINK-1015 - MarsSat2,8662.128,23970.779,15308.650,
Contact STARLINK-1015 - MarsSat2,25866.278,35436.882,9570.604,
Contact STARLINK-1015 - MarsSat2,37335.645,52635.769,15300.124,
Contact STARLINK-1015 - MarsSat2,54539.571,64101.523,9561.951,
Contact STARLINK-1015 - MarsSat2,66008.766,75567.143,9558.376,
Contact STARLINK-1015 - MarsSat2,77477.885,81299.903,3822.019,
Contact STARLINK-1015 - MarsSat2,83212.414,86400.000,3187.586,
Contact STARLINK-1015 - MarsSat3,0.000,6771.270,6771.270,
Contact STARLINK-1015 - MarsSat3,8662.124,23970.708,15308.584,
Contact STARLINK-1015 - MarsSat3,25866.265,35436.870,9570.605,
Contact STARLINK-1015 - MarsSat3,37335.670,52635.777,15300.108,
Contact STARLINK-1015 - MarsSat3,54539.614,64101.507,9561.893,
Contact STARLINK-1015 - MarsSat3,66008.790,75567.090,9558.299,
Contact STARLINK-1015 - MarsSat3,77477.870,81299.831,3821.961,
Contact STARLINK-1015 - MarsSat3,83212.375,86400.000,3187.625,
Contact STARLINK-1015 - MarsSat4,0.000,6771.370,6771.370,
Contact STARLINK-1015 - MarsSat4,14396.856,23970.727,9573.871,
Contact STARLINK-1015 - MarsSat4,25866.292,35436.850,9570.558,
Contact STARLINK-1015 - MarsSat4,37335.667,52635.673,15300.006,
Contact STARLINK-1015 - MarsSat4,54539.527,64101.498,9561.971,
Contact STARLINK-1015 - MarsSat4,66008.754,73689.467,7680.712,
Contact STARLINK-1015 - MarsSat4,77477.815,81299.817,3822.002,
Contact STARLINK-1015 - MarsSat4,83212.333,86400.000,3187.667,
Contact STARLINK-5765 - STARLINK-11266 [DTC],10718.759,10929.158,210.399,
Contact STARLINK-5765 - STARLINK-11266 [DTC],24443.327,25385.070,941.743,
Contact STARLINK-5765 - STARLINK-11266 [DTC],35634.097,36734.390,1100.293,
Contact STARLINK-5765 - STARLINK-11266 [DTC],49778.035,50765.874,987.838,
Contact STARLINK-5765 - STARLINK-30355,0.000,3224.023,3224.023,
Contact STARLINK-5765 - STARLINK-30355,3678.793,57533.370,53854.576,
Contact STARLINK-5765 - STARLINK-30355,58049.849,71832.923,13783.074,
Contact STARLINK-5765 - STARLINK-30355,72374.312,86111.738,13737.425,
Contact STARLINK-5765 - STARLINK-30316,39980.786,86400.000,46419.214,
Contact STARLINK-5765 - STARLINK-2602,17660.339,18454.927,794.588,
Contact STARLINK-5765 - STARLINK-2602,31666.820,32631.095,964.275,
Contact STARLINK-5765 - STARLINK-2602,42958.815,43883.930,925.115,
Contact STARLINK-5765 - STARLINK-2602,57192.840,57832.521,639.680,
Contact STARLINK-5765 - STARLINK-30825,3100.157,3798.978,698.821,
Contact STARLINK-5765 - STARLINK-31627,0.000,4691.301,4691.301,
Contact STARLINK-5765 - STARLINK-3182,0.000,321.075,321.075,
Contact STARLINK-5765 - STARLINK-4413,0.000,384.767,384.767,
Contact STARLINK-5765 - STARLINK-4413,13865.402,14735.555,870.153,
Contact STARLINK-5765 - STARLINK-4413,28233.561,29077.467,843.906,
Contact STARLINK-5765 - STARLINK-4413,42593.255,43426.773,833.518,
Contact STARLINK-5765 - STARLINK-4413,56962.283,57767.639,805.356,
Contact STARLINK-5765 - STARLINK-4413,71323.001,72115.740,792.739,
Contact STARLINK-5765 - STARLINK-4413,85692.615,86400.000,707.385,
Contact STARLINK-5765 - STARLINK-31407,82436.176,86400.000,3963.824,
Contact STARLINK-5765 - STARLINK-32094,38825.522,86400.000,47574.478,
Contact STARLINK-5765 - STARLINK-4127,53938.192,54263.149,324.958,
Contact STARLINK-5765 - STARLINK-4127,68302.564,68514.534,211.969,
Contact STARLINK-5765 - STARLINK-4127,82620.245,82813.565,193.320,
Contact STARLINK-5765 - STARLINK-30767,7144.768,10876.260,3731.492,
Contact STARLINK-5765 - STARLINK-30767,21452.405,22327.024,874.619,
Contact STARLINK-5765 - STARLINK-30767,35751.219,36644.729,893.510,
Contact STARLINK-5765 - STARLINK-30767,50058.965,50953.636,894.671,
Contact STARLINK-5765 - STARLINK-30767,64358.016,65271.070,913.054,
Contact STARLINK-5765 - STARLINK-30767,78665.867,79579.839,913.972,
Contact STARLINK-5765 - STARLINK-2228,82034.749,82957.832,923.083,
Contact STARLINK-5765 - STARLINK-6372,0.000,86400.000,86400.000,
Contact STARLINK-5765 - STARLINK-4772,3416.240,7245.344,3829.104,
Contact STARLINK-5765 - STARLINK-4772,17675.753,18656.923,981.170,
Contact STARLINK-5765 - STARLINK-4772,31939.199,32917.413,978.214,
Contact STARLINK-5765 - STARLINK-4772,46209.781,47170.485,960.704,
Contact STARLINK-5765 - STARLINK-4772,60484.108,61420.112,936.004,
Contact STARLINK-5765 - STARLINK-4772,71908.350,75661.767,3753.417,
Contact STARLINK-5765 - STARLINK-4772,86195.093,86400.000,204.907,
Contact STARLINK-5765 - STARLINK-30320,76415.725,86400.000,9984.275,
Contact STARLINK-5765 - STARLINK-31919,61032.976,61825.737,792.761,
Contact STARLINK-5765 - STARLINK-31919,75081.271,76071.349,990.078,
Contact STARLINK-5765 - STARLINK-31919,86375.555,86400.000,24.445,
Contact STARLINK-5765 - STARLINK-31639,58474.601,86400.000,27925.399,
Contact STARLINK-5765 - STARLINK-31600,71927.925,72582.475,654.551,
Contact STARLINK-5765 - STARLINK-31600,85858.182,86400.000,541.818,
Contact STARLINK-5765 - STARLINK-4687,3150.192,3931.079,780.887,
Contact STARLINK-5765 - STARLINK-4687,17462.623,18222.860,760.236,
Contact STARLINK-5765 - STARLINK-4687,31772.712,32517.308,744.596,
Contact STARLINK-5765 - STARLINK-4687,46086.094,46808.113,722.019,
Contact STARLINK-5765 - STARLINK-4687,57536.001,58241.685,705.684,
Contact STARLINK-5765 - STARLINK-4687,71847.276,72534.925,687.650,
Contact STARLINK-5765 - STARLINK-4687,86162.204,86400.000,237.796,
Contact STARLINK-5765 - STARLINK-4402,2911.912,3605.009,693.097,
Contact STARLINK-5765 - STARLINK-4402,14381.603,15074.016,692.413,
Contact STARLINK-5765 - STARLINK-4402,28720.813,29408.433,687.620,
Contact STARLINK-5765 - STARLINK-4402,43055.915,43746.397,690.483,
Contact STARLINK-5765 - STARLINK-4402,57394.978,58080.913,685.934,
Contact STARLINK-5765 - STARLINK-4402,71730.332,72418.604,688.272,
Contact STARLINK-5765 - STARLINK-4402,86069.236,86400.000,330.764,
Contact STARLINK-5765 - STARLINK-31502,3079.127,4124.909,1045.782,
Contact STARLINK-5765 - STARLINK-31502,11532.643,18320.585,6787.942,
Contact STARLINK-5765 - STARLINK-31502,28527.595,32435.882,3908.288,
Contact STARLINK-5765 - STARLINK-31502,42787.537,43659.247,871.710,
Contact STARLINK-5765 - STARLINK-5618,0.000,598.017,598.017,
Contact STARLINK-5765 - STARLINK-5618,14059.405,14994.721,935.315,
Contact STARLINK-5765 - STARLINK-5618,28309.735,29358.763,1049.028,
Contact STARLINK-5765 - STARLINK-5618,42520.520,43734.830,1214.310,
Contact STARLINK-5765 - STARLINK-5618,51084.142,58093.029,7008.888,
Contact STARLINK-5765 - STARLINK-5618,65300.985,72459.682,7158.697,
Contact STARLINK-5765 - STARLINK-5618,79563.418,86400.000,6836.582,
Contact STARLINK-5765 - STARLINK-4631,3061.723,3986.187,924.463,
Contact STARLINK-5765 - STARLINK-4631,17370.492,18279.050,908.559,
Contact STARLINK-5765 - STARLINK-4631,31675.766,32575.667,899.902,
Contact STARLINK-5765 - STARLINK-4631,43121.833,46867.642,3745.809,
Contact STARLINK-5765 - STARLINK-4631,57431.817,58302.607,870.790,
Contact STARLINK-5765 - STARLINK-4631,71738.155,72598.142,859.987,
Contact STARLINK-5765 - STARLINK-4631,86049.058,86400.000,350.942,
Contact STARLINK-5765 - STARLINK-31722,6693.302,7903.627,1210.325,
Contact STARLINK-5765 - STARLINK-31722,20966.621,21927.554,960.933,
Contact STARLINK-5765 - STARLINK-1581,0.000,3466.924,3466.924,
Contact STARLINK-5765 - STARLINK-1581,4076.889,11266.569,7189.680,
Contact STARLINK-5765 - STARLINK-4290,0.000,86400.000,86400.000,
Contact STARLINK-5765 - STARLINK-6142,0.000,86400.000,86400.000,
Contact STARLINK-5765 - STARLINK-3167,0.000,3713.632,3713.632,
Contact STARLINK-5765 - STARLINK-3167,14264.079,15082.977,818.899,
Contact STARLINK-5765 - STARLINK-3167,28570.653,29280.093,709.440,
Contact STARLINK-5765 - STARLINK-3167,42884.735,43470.152,585.418,
Contact STARLINK-5765 - STARLINK-3167,57236.816,57621.859,385.043,
Contact STARLINK-5765 - STARLINK-5049,3197.432,4145.124,947.692,
Contact STARLINK-5765 - STARLINK-5049,17548.175,18450.336,902.160,
Contact STARLINK-5765 - STARLINK-5049,31890.071,32764.363,874.292,
Contact STARLINK-5765 - STARLINK-5049,46243.850,47066.516,822.666,
Contact STARLINK-5765 - STARLINK-5049,60588.292,61377.992,789.700,
Contact STARLINK-5765 - STARLINK-5049,74945.955,75676.237,730.282,
Contact STARLINK-5765 - MoonARTEMIS1,1387.606,16792.045,15404.440,
Contact STARLINK-5765 - MoonARTEMIS1,18678.997,28267.631,9588.633,
Contact STARLINK-5765 - MoonARTEMIS1,35938.546,45449.336,9510.791,
Contact STARLINK-5765 - MoonARTEMIS1,47409.682,56908.181,9498.498,
Contact STARLINK-5765 - MoonARTEMIS1,58891.037,68370.158,9479.121,
Contact STARLINK-5765 - MoonARTEMIS1,70377.233,74102.098,3724.865,
Contact STARLINK-5765 - MoonARTEMIS1,76121.489,85567.738,9446.249,
Contact STARLINK-5765 - MoonARTEMIS2,1520.580,5371.181,3850.602,
Contact STARLINK-5765 - MoonARTEMIS2,7268.948,16830.175,9561.227,
Contact STARLINK-5765 - MoonARTEMIS2,18758.861,28285.998,9527.136,
Contact STARLINK-5765 - MoonARTEMIS2,30239.003,45459.170,15220.167,
Contact STARLINK-5765 - MoonARTEMIS2,53199.445,56938.214,3738.770,
Contact STARLINK-5765 - MoonARTEMIS2,58955.202,74147.348,15192.147,
Contact STARLINK-5765 - MoonARTEMIS2,76203.684,85615.994,9412.310,
Contact STARLINK-5765 - MoonIOAGEO,1427.912,11067.924,9640.013,
Contact STARLINK-5765 - MoonIOAGEO,18712.491,28271.245,9558.754,
Contact STARLINK-5765 - MoonIOAGEO,30217.056,45457.345,15240.289,
Contact STARLINK-5765 - MoonIOAGEO,47428.477,56926.131,9497.654,
Contact STARLINK-5765 - MoonIOAGEO,64688.635,68396.694,3708.060,
Contact STARLINK-5765 - MoonIOAGEO,70436.000,74127.668,3691.668,
Contact STARLINK-5765 - MoonIOAGEO,76174.405,85584.360,9409.956,
Contact STARLINK-5765 - MoonIOAGNO,1430.454,16824.769,15394.315,
Contact STARLINK-5765 - MoonIOAGNO,18724.095,28292.101,9568.006,
Contact STARLINK-5765 - MoonIOAGNO,30210.827,45460.945,15250.118,
Contact STARLINK-5765 - MoonIOAGNO,47431.818,56941.117,9509.299,
Contact STARLINK-5765 - MoonIOAGNO,58954.190,74143.730,15189.541,
Contact STARLINK-5765 - MoonIOAGNO,76174.713,85591.922,9417.209,
Contact STARLINK-5765 - MoonIOAGNO 0001,1463.122,5367.436,3904.314,
Contact STARLINK-5765 - MoonIOAGNO 0001,7208.084,16816.341,9608.257,
Contact STARLINK-5765 - MoonIOAGNO 0001,18693.825,28258.069,9564.245,
Contact STARLINK-5765 - MoonIOAGNO 0001,30203.398,45487.964,15284.566,
Contact STARLINK-5765 - MoonIOAGNO 0001,47459.942,56943.168,9483.227,
Contact STARLINK-5765 - MoonIOAGNO 0001,58935.382,68387.040,9451.658,
Contact STARLINK-5765 - MoonIOAGNO 0001,70412.478,74123.109,3710.632,
Contact STARLINK-5765 - MoonIOAGNO 0001,76176.799,85610.295,9433.496,
Contact STARLINK-5765 - MoonIOAGSO,1448.991,5342.187,3893.196,
Contact STARLINK-5765 - MoonIOAGSO,12952.157,16785.989,3833.832,
Contact STARLINK-5765 - MoonIOAGSO,18702.547,28243.745,9541.198,
Contact STARLINK-5765 - MoonIOAGSO,30201.031,45459.905,15258.875,
Contact STARLINK-5765 - MoonIOAGSO,47446.151,51200.011,3753.860,
Contact STARLINK-5765 - MoonIOAGSO,58929.981,68372.380,9442.399,
Contact STARLINK-5765 - MoonIOAGSO,70417.050,74105.770,3688.720,
Contact STARLINK-5765 - MoonIOAGSO,76161.512,85581.608,9420.097,
Contact STARLINK-5765 - MoonIOAGSO 0001,1449.883,5312.805,3862.922,
Contact STARLINK-5765 - MoonIOAGSO 0001,7202.328,16785.827,9583.499,
Contact STARLINK-5765 - MoonIOAGSO 0001,18704.735,28272.185,9567.449,
Contact STARLINK-5765 - MoonIOAGSO 0001,35947.753,45442.201,9494.448,
Contact STARLINK-5765 - MoonIOAGSO 0001,47440.136,56910.495,9470.359,
Contact STARLINK-5765 - MoonIOAGSO 0001,58933.124,68391.585,9458.461,
Contact STARLINK-5765 - MoonIOAGSO 0001,70425.384,73947.077,3521.693,
Contact STARLINK-5765 - MoonIOAGSO 0001,76678.732,85572.076,8893.344,
Contact STARLINK-5765 - MoonLRO,1448.377,16808.067,15359.690,
Contact STARLINK-5765 - MoonLRO,20477.362,22535.118,2057.756,
Contact STARLINK-5765 - MoonLRO,35952.100,38123.765,2171.665,
Contact STARLINK-5765 - MoonLRO,41695.340,44981.532,3286.191,
Contact STARLINK-5765 - MoonLRO,47775.731,51200.258,3424.527,
Contact STARLINK-5765 - MoonLRO,64683.116,65448.197,765.081,
Contact STARLINK-5765 - MoonLRO,70425.330,72295.912,1870.582,
Contact STARLINK-5765 - MoonLRO,81909.020,85593.227,3684.207,
Contact STARLINK-5765 - MarsSat1,0.000,5773.945,5773.945,
Contact STARLINK-5765 - MarsSat1,7863.422,17234.574,9371.153,
Contact STARLINK-5765 - MarsSat1,19321.271,28695.270,9373.999,
Contact STARLINK-5765 - MarsSat1,30779.085,34425.642,3646.557,
Contact STARLINK-5765 - MarsSat1,36507.981,45886.439,9378.458,
Contact STARLINK-5765 - MarsSat1,47965.760,57347.320,9381.560,
Contact STARLINK-5765 - MarsSat1,59423.533,63077.798,3654.265,
Contact STARLINK-5765 - MarsSat1,65152.421,74538.838,9386.417,
Contact STARLINK-5765 - MarsSat1,76610.197,85999.994,9389.797,
Contact STARLINK-5765 - MarsSat2,0.000,5773.940,5773.940,
Contact STARLINK-5765 - MarsSat2,7863.418,17234.585,9371.167,
Contact STARLINK-5765 - MarsSat2,19321.305,28695.295,9373.990,
Contact STARLINK-5765 - MarsSat2,30779.148,34425.676,3646.528,
Contact STARLINK-5765 - MarsSat2,36508.057,45886.497,9378.440,
Contact STARLINK-5765 - MarsSat2,47965.853,57347.401,9381.547,
Contact STARLINK-5765 - MarsSat2,59423.627,63077.885,3654.258,
Contact STARLINK-5765 - MarsSat2,65152.506,74538.922,9386.415,
Contact STARLINK-5765 - MarsSat2,76610.252,86000.052,9389.799,
Contact STARLINK-5765 - MarsSat3,0.000,5773.891,5773.891,
Contact STARLINK-5765 - MarsSat3,7863.343,17234.510,9371.167,
Contact STARLINK-5765 - MarsSat3,19321.222,28695.262,9374.040,
Contact STARLINK-5765 - MarsSat3,30779.115,34425.665,3646.550,
Contact STARLINK-5765 - MarsSat3,36508.042,45886.507,9378.465,
Contact STARLINK-5765 - MarsSat3,47965.850,57347.404,9381.554,
Contact STARLINK-5765 - MarsSat3,59423.612,63077.879,3654.267,
Contact STARLINK-5765 - MarsSat3,65152.479,74538.886,9386.407,
Contact STARLINK-5765 - MarsSat3,76610.198,85999.985,9389.786,
Contact STARLINK-5765 - MarsSat4,0.000,5773.971,5773.971,
Contact STARLINK-5765 - MarsSat4,13592.301,17234.526,3642.225,
Contact STARLINK-5765 - MarsSat4,19321.235,28695.271,9374.035,
Contact STARLINK-5765 - MarsSat4,30779.112,34425.655,3646.544,
Contact STARLINK-5765 - MarsSat4,36508.013,45886.408,9378.395,
Contact STARLINK-5765 - MarsSat4,47965.750,57347.354,9381.604,
Contact STARLINK-5765 - MarsSat4,59423.589,63077.863,3654.274,
Contact STARLINK-5765 - MarsSat4,65152.488,73689.486,8536.998,
Contact STARLINK-5765 - MarsSat4,76610.190,86000.007,9389.818,
Contact STARLINK-32235 - STARLINK-6044,24964.020,25886.329,922.309,
Contact STARLINK-32235 - STARLINK-6044,38955.199,40137.537,1182.337,
Contact STARLINK-32235 - STARLINK-6044,50343.069,54105.470,3762.401,
Contact STARLINK-32235 - STARLINK-32254,10211.473,10858.014,646.541,
Contact STARLINK-32235 - STARLINK-32254,21338.625,22241.396,902.771,
Contact STARLINK-32235 - STARLINK-32254,35364.130,36351.240,987.110,
Contact STARLINK-32235 - STARLINK-32254,46659.870,47564.270,904.400,
Contact STARLINK-32235 - STARLINK-32254,60891.194,61471.041,579.847,
Contact STARLINK-32235 - STARLINK-4617,7044.750,7479.259,434.509,
Contact STARLINK-32235 - STARLINK-4617,14933.334,39159.631,24226.297,
Contact STARLINK-32235 - STARLINK-4617,46488.819,47078.834,590.014,
Contact STARLINK-32235 - STARLINK-30472,3495.278,4199.303,704.026,
Contact STARLINK-32235 - STARLINK-30472,17439.532,18438.676,999.144,
Contact STARLINK-32235 - STARLINK-30472,28710.509,32512.942,3802.433,
Contact STARLINK-32235 - STARLINK-30472,42946.362,43661.465,715.103,
Contact STARLINK-32235 - STARLINK-30196,39101.248,40022.974,921.727,
Contact STARLINK-32235 - STARLINK-30196,47238.679,57392.112,10153.433,
Contact STARLINK-32235 - STARLINK-30196,58297.823,71315.996,13018.173,
Contact STARLINK-32235 - STARLINK-30196,72553.856,79485.754,6931.898,
Contact STARLINK-32235 - STARLINK-30825,0.000,84.317,84.317,
Contact STARLINK-32235 - STARLINK-30825,10342.509,11314.945,972.436,
Contact STARLINK-32235 - STARLINK-30825,21517.630,25309.749,3792.119,
Contact STARLINK-32235 - STARLINK-30825,35528.819,36480.755,951.935,
Contact STARLINK-32235 - STARLINK-30825,46764.224,50412.208,3647.984,
Contact STARLINK-32235 - STARLINK-30825,60847.730,61515.515,667.785,
Contact STARLINK-32235 - STARLINK-3182,7155.947,7901.138,745.191,
Contact STARLINK-32235 - STARLINK-3182,21115.392,21941.098,825.707,
Contact STARLINK-32235 - STARLINK-3182,32305.547,33150.048,844.501,
Contact STARLINK-32235 - STARLINK-3182,46321.503,47132.681,811.178,
Contact STARLINK-32235 - STARLINK-3182,57554.491,58298.903,744.411,
Contact STARLINK-32235 - STARLINK-3182,71623.949,72228.949,605.000,
Contact STARLINK-32235 - STARLINK-4413,10225.411,10923.087,697.676,
Contact STARLINK-32235 - STARLINK-4413,21536.858,22216.851,679.993,
Contact STARLINK-32235 - STARLINK-4413,35689.405,36320.707,631.302,
Contact STARLINK-32235 - STARLINK-4413,49838.277,50429.014,590.737,
Contact STARLINK-32235 - STARLINK-4413,61161.998,61711.050,549.052,
Contact STARLINK-32235 - STARLINK-4413,75318.868,75812.187,493.319,
Contact STARLINK-32235 - STARLINK-4127,6875.458,7714.184,838.727,
Contact STARLINK-32235 - STARLINK-4127,20973.958,21782.933,808.975,
Contact STARLINK-32235 - STARLINK-4127,32304.949,32986.033,681.084,
Contact STARLINK-32235 - STARLINK-4127,46573.408,46886.200,312.792,
Contact STARLINK-32235 - STARLINK-30331,7020.577,48120.694,41100.117,
Contact STARLINK-32235 - STARLINK-31827,60282.206,86400.000,26117.794,
Contact STARLINK-32235 - STARLINK-31987,60393.767,61654.466,1260.699,
Contact STARLINK-32235 - STARLINK-31987,68594.157,78790.224,10196.067,
Contact STARLINK-32235 - STARLINK-31987,79550.627,86400.000,6849.373,
Contact STARLINK-32235 - STARLINK-6311,52886.865,86400.000,33513.135,
Contact STARLINK-32235 - STARLINK-31021,10432.587,10965.496,532.909,
Contact STARLINK-32235 - STARLINK-31021,21246.000,28435.239,7189.238,
Contact STARLINK-32235 - STARLINK-31021,29576.978,42429.300,12852.322,
Contact STARLINK-32235 - STARLINK-31021,43805.677,50639.414,6833.736,
Contact STARLINK-32235 - STARLINK-1736,25161.092,25744.140,583.048,
Contact STARLINK-32235 - STARLINK-1736,38823.185,40009.523,1186.339,
Contact STARLINK-32235 - STARLINK-1736,49855.160,56952.127,7096.967,
Contact STARLINK-32235 - STARLINK-1736,58170.287,68185.802,10015.514,
Contact STARLINK-32235 - STARLINK-1736,74860.459,82141.859,7281.400,
Contact STARLINK-32235 - STARLINK-1736,83240.038,86400.000,3159.962,
Contact STARLINK-32235 - STARLINK-30425,3332.515,4356.673,1024.158,
Contact STARLINK-32235 - STARLINK-30425,17220.361,18250.836,1030.476,
Contact STARLINK-32235 - STARLINK-30425,28336.311,29360.280,1023.970,
Contact STARLINK-32235 - STARLINK-30425,39452.956,43239.617,3786.661,
Contact STARLINK-32235 - STARLINK-30425,53356.029,54347.386,991.357,
Contact STARLINK-32235 - STARLINK-30425,64474.314,65454.414,980.100,
Contact STARLINK-32235 - STARLINK-30425,75593.323,79343.778,3750.455,
Contact STARLINK-32235 - STARLINK-4772,0.000,506.421,506.421,
Contact STARLINK-32235 - STARLINK-3346,64444.872,65269.861,824.989,
Contact STARLINK-32235 - STARLINK-3346,78434.321,79380.216,945.894,
Contact STARLINK-32235 - STARLINK-4687,0.000,189.068,189.068,
Contact STARLINK-32235 - STARLINK-4687,10423.332,11496.162,1072.830,
Contact STARLINK-32235 - STARLINK-4687,24573.870,25495.067,921.197,
Contact STARLINK-32235 - STARLINK-5978,14141.395,46490.421,32349.026,
Contact STARLINK-32235 - STARLINK-4402,10748.244,11163.532,415.288,
Contact STARLINK-32235 - STARLINK-4402,24714.065,25421.687,707.622,
Contact STARLINK-32235 - STARLINK-4402,35947.428,39600.250,3652.822,
Contact STARLINK-32235 - STARLINK-4402,50051.884,50883.750,831.866,
Contact STARLINK-32235 - STARLINK-4402,64250.670,64907.570,656.900,
Contact STARLINK-32235 - STARLINK-31502,0.000,9.052,9.052,
Contact STARLINK-32235 - STARLINK-31502,10740.548,11076.625,336.077,
Contact STARLINK-32235 - STARLINK-6255,74729.580,86400.000,11670.420,
Contact STARLINK-32235 - STARLINK-3898,69026.106,86400.000,17373.894,
Contact STARLINK-32235 - STARLINK-30842,28752.057,29407.400,655.343,
Contact STARLINK-32235 - STARLINK-30842,42727.792,43630.825,903.033,
Contact STARLINK-32235 - STARLINK-30842,53997.729,57729.765,3732.036,
Contact STARLINK-32235 - STARLINK-30842,68195.805,68918.236,722.431,
Contact STARLINK-32235 - STARLINK-4631,0.000,181.606,181.606,
Contact STARLINK-32235 - STARLINK-4631,10462.803,11439.817,977.014,
Contact STARLINK-32235 - STARLINK-4631,24654.169,25398.680,744.512,
Contact STARLINK-32235 - STARLINK-5807,17644.912,18369.980,725.067,
Contact STARLINK-32235 - STARLINK-5807,31746.749,32525.943,779.194,
Contact STARLINK-32235 - STARLINK-5807,43067.014,43811.255,744.241,
Contact STARLINK-32235 - STARLINK-5807,57270.041,57865.074,595.033,
Contact STARLINK-32235 - STARLINK-30367,60954.424,86400.000,25445.576,
Contact STARLINK-32235 - STARLINK-2388,17755.912,18370.780,614.868,
Contact STARLINK-32235 - STARLINK-2388,31726.970,32506.558,779.588,
Contact STARLINK-32235 - STARLINK-2388,42943.001,43775.154,832.153,
Contact STARLINK-32235 - STARLINK-2388,57009.349,57814.011,804.662,
Contact STARLINK-32235 - STARLINK-2388,68302.465,69005.789,703.324,
Contact STARLINK-32235 - STARLINK-2388,82483.119,82932.574,449.456,
Contact STARLINK-32235 - STARLINK-3167,10246.034,11147.637,901.603,
Contact STARLINK-32235 - STARLINK-3167,21483.304,22357.528,874.224,
Contact STARLINK-32235 - STARLINK-3167,35585.024,36315.086,730.062,
Contact STARLINK-32235 - STARLINK-1700,28563.667,29321.196,757.529,
Contact STARLINK-32235 - STARLINK-1700,42582.829,43459.296,876.467,
Contact STARLINK-32235 - STARLINK-1700,53854.909,54712.420,857.511,
Contact STARLINK-32235 - STARLINK-1700,68020.151,68704.181,684.030,
Contact STARLINK-32235 - STARLINK-31463,57349.414,57764.937,415.523,
Contact STARLINK-32235 - STARLINK-31463,68394.615,69060.970,666.356,
Contact STARLINK-32235 - STARLINK-31463,82257.753,83124.923,867.170,
Contact STARLINK-32235 - MoonARTEMIS1,553.935,9484.873,8930.938,
Contact STARLINK-32235 - MoonARTEMIS1,11672.984,20611.703,8938.719,
Contact STARLINK-32235 - MoonARTEMIS1,22795.077,31068.605,8273.528,
Contact STARLINK-32235 - MoonARTEMIS1,33949.520,42844.353,8894.833,
Contact STARLINK-32235 - MoonARTEMIS1,45012.799,48399.478,3386.679,
Contact STARLINK-32235 - MoonARTEMIS1,56120.726,59513.722,3392.996,
Contact STARLINK-32235 - MoonARTEMIS1,61675.825,70632.427,8956.602,
Contact STARLINK-32235 - MoonARTEMIS1,72787.811,81755.495,8967.684,
Contact STARLINK-32235 - MoonARTEMIS1,83901.959,86400.000,2498.041,
Contact STARLINK-32235 - MoonARTEMIS2,601.904,9534.598,8932.694,
Contact STARLINK-32235 - MoonARTEMIS2,11713.012,20648.096,8935.085,
Contact STARLINK-32235 - MoonARTEMIS2,22821.412,31758.071,8936.658,
Contact STARLINK-32235 - MoonARTEMIS2,33925.972,42860.589,8934.617,
Contact STARLINK-32235 - MoonARTEMIS2,45023.358,47387.649,2364.292,
Contact STARLINK-32235 - MoonARTEMIS2,56148.014,59557.844,3409.829,
Contact STARLINK-32235 - MoonARTEMIS2,61709.893,70692.516,8982.623,
Contact STARLINK-32235 - MoonARTEMIS2,72830.822,81825.225,8994.403,
Contact STARLINK-32235 - MoonARTEMIS2,83949.188,86400.000,2450.812,
Contact STARLINK-32235 - MoonIOAGEO,567.256,9497.666,8930.410,
Contact STARLINK-32235 - MoonIOAGEO,17250.265,20626.339,3376.073,
Contact STARLINK-32235 - MoonIOAGEO,22804.432,31744.831,8940.399,
Contact STARLINK-32235 - MoonIOAGEO,33915.215,42852.784,8937.569,
Contact STARLINK-32235 - MoonIOAGEO,45020.699,48411.161,3390.462,
Contact STARLINK-32235 - MoonIOAGEO,61697.870,70673.956,8976.087,
Contact STARLINK-32235 - MoonIOAGEO,72814.275,81787.023,8972.748,
Contact STARLINK-32235 - MoonIOAGEO,83920.061,86400.000,2479.939,
Contact STARLINK-32235 - MoonIOAGNO,571.661,9504.332,8932.671,
Contact STARLINK-32235 - MoonIOAGNO,11693.536,20637.690,8944.154,
Contact STARLINK-32235 - MoonIOAGNO,22818.118,31750.849,8932.730,
Contact STARLINK-32235 - MoonIOAGNO,33925.431,42857.098,8931.667,
Contact STARLINK-32235 - MoonIOAGNO,45023.883,48412.096,3388.213,
Contact STARLINK-32235 - MoonIOAGNO,56150.013,59557.971,3407.958,
Contact STARLINK-32235 - MoonIOAGNO,61714.440,70679.573,8965.133,
Contact STARLINK-32235 - MoonIOAGNO,72827.297,81791.060,8963.763,
Contact STARLINK-32235 - MoonIOAGNO,83927.955,86400.000,2472.045,
Contact STARLINK-32235 - MoonIOAGNO 0001,590.595,9514.762,8924.167,
Contact STARLINK-32235 - MoonIOAGNO 0001,11698.623,20619.691,8921.068,
Contact STARLINK-32235 - MoonIOAGNO 0001,22797.981,31743.703,8945.722,
Contact STARLINK-32235 - MoonIOAGNO 0001,33921.859,42876.954,8955.095,
Contact STARLINK-32235 - MoonIOAGNO 0001,45045.416,48435.255,3389.839,
Contact STARLINK-32235 - MoonIOAGNO 0001,56152.077,59545.259,3393.182,
Contact STARLINK-32235 - MoonIOAGNO 0001,61701.626,70656.276,8954.649,
Contact STARLINK-32235 - MoonIOAGNO 0001,72804.397,81806.382,9001.984,
Contact STARLINK-32235 - MoonIOAGNO 0001,83942.402,86400.000,2457.598,
Contact STARLINK-32235 - MoonIOAGSO,568.872,8858.603,8289.731,
Contact STARLINK-32235 - MoonIOAGSO,11682.955,20610.769,8927.814,
Contact STARLINK-32235 - MoonIOAGSO,22785.610,31729.557,8943.947,
Contact STARLINK-32235 - MoonIOAGSO,33900.155,42856.316,8956.161,
Contact STARLINK-32235 - MoonIOAGSO,45024.124,48421.758,3397.634,
Contact STARLINK-32235 - MoonIOAGSO,56133.271,59534.450,3401.179,
Contact STARLINK-32235 - MoonIOAGSO,61683.119,70655.309,8972.190,
Contact STARLINK-32235 - MoonIOAGSO,72793.669,81784.394,8990.726,
Contact STARLINK-32235 - MoonIOAGSO,83915.070,86400.000,2484.930,
Contact STARLINK-32235 - MoonIOAGSO 0001,559.528,9491.639,8932.111,
Contact STARLINK-32235 - MoonIOAGSO 0001,11673.531,20616.144,8942.612,
Contact STARLINK-32235 - MoonIOAGSO 0001,22796.640,30540.373,7743.733,
Contact STARLINK-32235 - MoonIOAGSO 0001,33908.225,42849.886,8941.661,
Contact STARLINK-32235 - MoonIOAGSO 0001,45011.317,48409.773,3398.455,
Contact STARLINK-32235 - MoonIOAGSO 0001,56126.570,59535.606,3409.036,
Contact STARLINK-32235 - MoonIOAGSO 0001,61687.918,70666.884,8978.966,
Contact STARLINK-32235 - MoonIOAGSO 0001,78358.366,81781.386,3423.020,
Contact STARLINK-32235 - MoonIOAGSO 0001,83908.522,86400.000,2491.478,
Contact STARLINK-32235 - MoonLRO,568.697,9505.396,8936.699,
Contact STARLINK-32235 - MoonLRO,13671.457,15060.125,1388.668,
Contact STARLINK-32235 - MoonLRO,28353.238,31314.943,2961.705,
Contact STARLINK-32235 - MoonLRO,34120.795,37302.986,3182.192,
Contact STARLINK-32235 - MoonLRO,56138.046,58653.340,2515.294,
Contact STARLINK-32235 - MoonLRO,61691.340,70666.913,8975.573,
Contact STARLINK-32235 - MoonLRO,75122.747,76224.580,1101.833,
Contact STARLINK-32235 - MarsSat1,1027.762,27675.865,26648.102,
Contact STARLINK-32235 - MarsSat1,28835.660,38800.465,9964.805,
Contact STARLINK-32235 - MarsSat1,39959.974,49924.234,9964.260,
Contact STARLINK-32235 - MarsSat1,51084.934,61047.178,9962.244,
Contact STARLINK-32235 - MarsSat1,62210.534,86400.000,24189.466,
Contact STARLINK-32235 - MarsSat2,1027.674,27675.495,26647.821,
Contact STARLINK-32235 - MarsSat2,28835.823,38800.044,9964.221,
Contact STARLINK-32235 - MarsSat2,39960.204,49923.913,9963.710,
Contact STARLINK-32235 - MarsSat2,51085.213,61047.068,9961.855,
Contact STARLINK-32235 - MarsSat2,62210.826,86400.000,24189.174,
Contact STARLINK-32235 - MarsSat3,1027.568,27675.609,26648.041,
Contact STARLINK-32235 - MarsSat3,28835.694,38800.159,9964.465,
Contact STARLINK-32235 - MarsSat3,39960.190,49924.056,9963.866,
Contact STARLINK-32235 - MarsSat3,51085.219,61047.230,9962.011,
Contact STARLINK-32235 - MarsSat3,62210.784,86400.000,24189.216,
Contact STARLINK-32235 - MarsSat4,1027.869,9030.968,8003.099,
Contact STARLINK-32235 - MarsSat4,12150.274,27675.674,15525.400,
Contact STARLINK-32235 - MarsSat4,28835.706,38800.255,9964.549,
Contact STARLINK-32235 - MarsSat4,43179.674,49924.045,6744.371,
Contact STARLINK-32235 - MarsSat4,51084.928,61047.100,9962.172,
Contact STARLINK-32235 - MarsSat4,62210.743,86400.000,24189.257,
Contact STARLINK-11266 [DTC] - STARLINK-30355,18245.636,53781.848,35536.211,
Contact STARLINK-11266 [DTC] - STARLINK-30355,61113.664,61272.582,158.918,
Contact STARLINK-11266 [DTC] - STARLINK-30316,0.000,548.854,548.854,
Contact STARLINK-11266 [DTC] - STARLINK-30316,13766.013,14414.211,648.197,
Contact STARLINK-11266 [DTC] - STARLINK-30316,25036.038,25462.445,426.407,
Contact STARLINK-11266 [DTC] - STARLINK-6044,82567.583,83193.940,626.357,
Contact STARLINK-11266 [DTC] - STARLINK-4617,64799.366,68602.319,3802.953,
Contact STARLINK-11266 [DTC] - STARLINK-4617,78718.073,85664.591,6946.519,
Contact STARLINK-11266 [DTC] - STARLINK-30472,86054.964,86400.000,345.036,
Contact STARLINK-11266 [DTC] - STARLINK-31627,71609.364,72310.560,701.195,
Contact STARLINK-11266 [DTC] - STARLINK-31627,82737.650,83567.937,830.288,
Contact STARLINK-11266 [DTC] - STARLINK-4413,53743.662,54157.777,414.115,
Contact STARLINK-11266 [DTC] - STARLINK-4413,67758.317,68407.685,649.368,
Contact STARLINK-11266 [DTC] - STARLINK-4413,79011.886,79763.839,751.953,
Contact STARLINK-11266 [DTC] - STARLINK-30171,3010.651,3777.967,767.315,
Contact STARLINK-11266 [DTC] - STARLINK-30171,14213.931,15118.694,904.763,
Contact STARLINK-11266 [DTC] - STARLINK-30171,28309.981,29202.199,892.218,
Contact STARLINK-11266 [DTC] - STARLINK-5660,0.000,526.367,526.367,
Contact STARLINK-11266 [DTC] - STARLINK-5660,13872.501,14762.368,889.867,
Contact STARLINK-11266 [DTC] - STARLINK-5660,25134.006,28873.586,3739.580,
Contact STARLINK-11266 [DTC] - STARLINK-5660,39315.413,40080.025,764.612,
Contact STARLINK-11266 [DTC] - STARLINK-32094,0.000,687.775,687.775,
Contact STARLINK-11266 [DTC] - STARLINK-32094,10729.663,14523.134,3793.471,
Contact STARLINK-11266 [DTC] - STARLINK-32094,24799.303,25550.651,751.348,
Contact STARLINK-11266 [DTC] - STARLINK-4127,75484.516,76036.646,552.130,
Contact STARLINK-11266 [DTC] - STARLINK-30331,76456.241,86400.000,9943.759,
Contact STARLINK-11266 [DTC] - STARLINK-30767,3455.635,47030.606,43574.971,
Contact STARLINK-11266 [DTC] - STARLINK-4254,0.000,533.323,533.323,
Contact STARLINK-11266 [DTC] - STARLINK-4254,13660.115,14532.887,872.772,
Contact STARLINK-11266 [DTC] - STARLINK-4254,25113.983,25606.050,492.067,
Contact STARLINK-11266 [DTC] - STARLINK-3533,0.000,30830.438,30830.438,
Contact STARLINK-11266 [DTC] - STARLINK-31021,78892.453,86400.000,7507.547,
Contact STARLINK-11266 [DTC] - STARLINK-6372,35546.966,36598.397,1051.432,
Contact STARLINK-11266 [DTC] - STARLINK-6372,43973.527,50716.392,6742.865,
Contact STARLINK-11266 [DTC] - STARLINK-6372,61029.626,61872.390,842.764,
Contact STARLINK-11266 [DTC] - STARLINK-4772,53758.664,60556.807,6798.142,
Contact STARLINK-11266 [DTC] - STARLINK-4772,61981.051,69117.934,7136.883,
Contact STARLINK-11266 [DTC] - STARLINK-4772,75902.358,85954.039,10051.682,
Contact STARLINK-11266 [DTC] - STARLINK-31919,783.053,13647.232,12864.179,
Contact STARLINK-11266 [DTC] - STARLINK-31919,14790.080,24726.886,9936.806,
Contact STARLINK-11266 [DTC] - STARLINK-31919,31626.907,33011.000,1384.093,
Contact STARLINK-11266 [DTC] - STARLINK-31919,42876.165,49571.298,6695.133,
Contact STARLINK-11266 [DTC] - STARLINK-31919,56959.676,57845.043,885.367,
Contact STARLINK-11266 [DTC] - STARLINK-31919,68306.209,68794.448,488.239,
Contact STARLINK-11266 [DTC] - STARLINK-31639,0.000,652.509,652.509,
Contact STARLINK-11266 [DTC] - STARLINK-31639,13980.573,14524.263,543.689,
Contact STARLINK-11266 [DTC] - STARLINK-31600,3545.705,7263.739,3718.034,
Contact STARLINK-11266 [DTC] - STARLINK-31600,17509.947,18405.973,896.026,
Contact STARLINK-11266 [DTC] - STARLINK-31600,28695.897,29538.620,842.723,
Contact STARLINK-11266 [DTC] - STARLINK-31600,42698.984,43433.824,734.839,
Contact STARLINK-11266 [DTC] - STARLINK-31600,53912.395,54539.216,626.821,
Contact STARLINK-11266 [DTC] - STARLINK-4687,67655.216,68643.270,988.054,
Contact STARLINK-11266 [DTC] - STARLINK-4687,78599.595,85911.391,7311.797,
Contact STARLINK-11266 [DTC] - STARLINK-5978,69474.359,86400.000,16925.641,
Contact STARLINK-11266 [DTC] - STARLINK-30613,835.515,33331.446,32495.931,
Contact STARLINK-11266 [DTC] - STARLINK-4402,82330.928,82925.740,594.812,
Contact STARLINK-11266 [DTC] - STARLINK-5618,0.000,2933.052,2933.052,
Contact STARLINK-11266 [DTC] - STARLINK-5618,4302.062,11294.149,6992.087,
Contact STARLINK-11266 [DTC] - STARLINK-5618,21482.946,22310.807,827.861,
Contact STARLINK-11266 [DTC] - STARLINK-6255,0.000,716.267,716.267,
Contact STARLINK-11266 [DTC] - STARLINK-4631,67576.947,68682.309,1105.362,
Contact STARLINK-11266 [DTC] - STARLINK-4631,78668.617,85750.183,7081.566,
Contact STARLINK-11266 [DTC] - STARLINK-31722,79881.172,86400.000,6518.828,
Contact STARLINK-11266 [DTC] - STARLINK-1581,57388.811,58111.516,722.705,
Contact STARLINK-11266 [DTC] - STARLINK-1581,71198.326,72252.233,1053.908,
Contact STARLINK-11266 [DTC] - STARLINK-1581,82292.595,83516.999,1224.404,
Contact STARLINK-11266 [DTC] - STARLINK-4290,21390.343,22270.593,880.250,
Contact STARLINK-11266 [DTC] - STARLINK-4290,35311.656,36458.905,1147.249,
Contact STARLINK-11266 [DTC] - STARLINK-4290,46554.410,50493.183,3938.773,
Contact STARLINK-11266 [DTC] - STARLINK-4290,60743.488,61624.363,880.875,
Contact STARLINK-11266 [DTC] - STARLINK-5151,0.000,3128.599,3128.599,
Contact STARLINK-11266 [DTC] - STARLINK-5151,4001.538,11077.946,7076.409,
Contact STARLINK-11266 [DTC] - STARLINK-6142,10754.169,11286.591,532.422,
Contact STARLINK-11266 [DTC] - STARLINK-6142,24652.974,25582.210,929.237,
Contact STARLINK-11266 [DTC] - STARLINK-6142,35892.105,39708.326,3816.221,
Contact STARLINK-11266 [DTC] - STARLINK-6142,50070.071,50910.896,840.825,
Contact STARLINK-11266 [DTC] - STARLINK-5049,28428.643,29185.162,756.520,
Contact STARLINK-11266 [DTC] - STARLINK-5049,39552.768,43457.372,3904.604,
Contact STARLINK-11266 [DTC] - STARLINK-5049,53650.936,54728.801,1077.865,
Contact STARLINK-11266 [DTC] - STARLINK-5049,67951.024,68634.953,683.929,
Contact STARLINK-11266 [DTC] - MoonARTEMIS1,0.000,6154.382,6154.382,
Contact STARLINK-11266 [DTC] - MoonARTEMIS1,8245.447,17316.350,9070.903,
Contact STARLINK-11266 [DTC] - MoonARTEMIS1,19390.961,28494.106,9103.145,
Contact STARLINK-11266 [DTC] - MoonARTEMIS1,36097.311,45183.318,9086.007,
Contact STARLINK-11266 [DTC] - MoonARTEMIS1,47214.594,56320.242,9105.648,
Contact STARLINK-11266 [DTC] - MoonARTEMIS1,58341.292,67466.644,9125.352,
Contact STARLINK-11266 [DTC] - MoonARTEMIS1,69474.684,78621.641,9146.957,
Contact STARLINK-11266 [DTC] - MoonARTEMIS1,80614.435,86400.000,5785.565,
Contact STARLINK-11266 [DTC] - MoonARTEMIS2,0.000,6252.590,6252.590,
Contact STARLINK-11266 [DTC] - MoonARTEMIS2,8318.581,17393.842,9075.261,
Contact STARLINK-11266 [DTC] - MoonARTEMIS2,19446.096,28530.107,9084.011,
Contact STARLINK-11266 [DTC] - MoonARTEMIS2,30568.726,34095.070,3526.345,
Contact STARLINK-11266 [DTC] - MoonARTEMIS2,36126.908,45212.181,9085.273,
Contact STARLINK-11266 [DTC] - MoonARTEMIS2,52820.924,56391.946,3571.022,
Contact STARLINK-11266 [DTC] - MoonARTEMIS2,58401.489,67569.646,9168.158,
Contact STARLINK-11266 [DTC] - MoonARTEMIS2,69558.384,78742.377,9183.993,
Contact STARLINK-11266 [DTC] - MoonARTEMIS2,80712.239,86400.000,5687.761,
Contact STARLINK-11266 [DTC] - MoonIOAGEO,0.000,6179.349,6179.349,
Contact STARLINK-11266 [DTC] - MoonIOAGEO,8263.037,11760.877,3497.839,
Contact STARLINK-11266 [DTC] - MoonIOAGEO,19412.078,28508.195,9096.117,
Contact STARLINK-11266 [DTC] - MoonIOAGEO,30549.825,34073.903,3524.078,
Contact STARLINK-11266 [DTC] - MoonIOAGEO,36109.198,45200.486,9091.288,
Contact STARLINK-11266 [DTC] - MoonIOAGEO,47230.544,56364.905,9134.360,
Contact STARLINK-11266 [DTC] - MoonIOAGEO,63959.775,67548.002,3588.228,
Contact STARLINK-11266 [DTC] - MoonIOAGEO,69535.463,78694.263,9158.800,
Contact STARLINK-11266 [DTC] - MoonIOAGEO,80663.624,86400.000,5736.376,
Contact STARLINK-11266 [DTC] - MoonIOAGNO,0.000,6186.265,6186.265,
Contact STARLINK-11266 [DTC] - MoonIOAGNO,8269.904,17357.075,9087.171,
Contact STARLINK-11266 [DTC] - MoonIOAGNO,19426.077,28493.728,9067.651,
Contact STARLINK-11266 [DTC] - MoonIOAGNO,30552.974,34060.851,3507.877,
Contact STARLINK-11266 [DTC] - MoonIOAGNO,36112.827,45202.202,9089.375,
Contact STARLINK-11266 [DTC] - MoonIOAGNO,47232.914,56388.405,9155.491,
Contact STARLINK-11266 [DTC] - MoonIOAGNO,58401.959,67535.380,9133.421,
Contact STARLINK-11266 [DTC] - MoonIOAGNO,69540.539,78675.950,9135.411,
Contact STARLINK-11266 [DTC] - MoonIOAGNO,80665.623,86400.000,5734.377,
Contact STARLINK-11266 [DTC] - MoonIOAGNO 0001,0.000,6199.624,6199.624,
Contact STARLINK-11266 [DTC] - MoonIOAGNO 0001,8285.961,17331.779,9045.818,
Contact STARLINK-11266 [DTC] - MoonIOAGNO 0001,19403.465,28484.537,9081.072,
Contact STARLINK-11266 [DTC] - MoonIOAGNO 0001,30540.300,34081.029,3540.729,
Contact STARLINK-11266 [DTC] - MoonIOAGNO 0001,36125.642,45226.987,9101.345,
Contact STARLINK-11266 [DTC] - MoonIOAGNO 0001,47262.784,56364.375,9101.591,
Contact STARLINK-11266 [DTC] - MoonIOAGNO 0001,58385.963,67511.491,9125.529,
Contact STARLINK-11266 [DTC] - MoonIOAGNO 0001,69509.326,78703.338,9194.012,
Contact STARLINK-11266 [DTC] - MoonIOAGNO 0001,80685.011,86400.000,5714.989,
Contact STARLINK-11266 [DTC] - MoonIOAGSO,0.000,6194.369,6194.369,
Contact STARLINK-11266 [DTC] - MoonIOAGSO,13833.768,17344.820,3511.052,
Contact STARLINK-11266 [DTC] - MoonIOAGSO,19396.389,28497.257,9100.868,
Contact STARLINK-11266 [DTC] - MoonIOAGSO,30530.171,34073.144,3542.973,
Contact STARLINK-11266 [DTC] - MoonIOAGSO,36100.392,45221.570,9121.178,
Contact STARLINK-11266 [DTC] - MoonIOAGSO,47245.461,50792.860,3547.399,
Contact STARLINK-11266 [DTC] - MoonIOAGSO,58374.483,67540.067,9165.584,
Contact STARLINK-11266 [DTC] - MoonIOAGSO,69512.003,78701.621,9189.618,
Contact STARLINK-11266 [DTC] - MoonIOAGSO,80659.198,86400.000,5740.802,
Contact STARLINK-11266 [DTC] - MoonIOAGSO 0001,0.000,6198.141,6198.141,
Contact STARLINK-11266 [DTC] - MoonIOAGSO 0001,8262.368,17345.383,9083.016,
Contact STARLINK-11266 [DTC] - MoonIOAGSO 0001,19401.191,28489.818,9088.627,
Contact STARLINK-11266 [DTC] - MoonIOAGSO 0001,36101.157,45226.111,9124.954,
Contact STARLINK-11266 [DTC] - MoonIOAGSO 0001,47233.665,56383.076,9149.411,
Contact STARLINK-11266 [DTC] - MoonIOAGSO 0001,58376.149,67532.884,9156.735,
Contact STARLINK-11266 [DTC] - MoonIOAGSO 0001,69524.006,73103.880,3579.874,
Contact STARLINK-11266 [DTC] - MoonIOAGSO 0001,80654.877,86400.000,5745.123,
Contact STARLINK-11266 [DTC] - MoonLRO,2709.941,3964.910,1254.969,
Contact STARLINK-11266 [DTC] - MoonLRO,8271.521,17343.820,9072.300,
Contact STARLINK-11266 [DTC] - MoonLRO,20486.566,22918.755,2432.188,
Contact STARLINK-11266 [DTC] - MoonLRO,41671.758,44970.814,3299.057,
Contact STARLINK-11266 [DTC] - MoonLRO,47784.474,50797.579,3013.105,
Contact STARLINK-11266 [DTC] - MoonLRO,63954.907,65484.253,1529.346,
Contact STARLINK-11266 [DTC] - MoonLRO,69519.896,78687.484,9167.589,
Contact STARLINK-11266 [DTC] - MoonLRO,81934.458,84269.953,2335.494,
Contact STARLINK-11266 [DTC] - MarsSat1,0.000,2204.036,2204.036,
Contact STARLINK-11266 [DTC] - MarsSat1,4090.418,13314.297,9223.879,
Contact STARLINK-11266 [DTC] - MarsSat1,15208.686,24424.525,9215.839,
Contact STARLINK-11266 [DTC] - MarsSat1,26326.723,35534.684,9207.961,
Contact STARLINK-11266 [DTC] - MarsSat1,37444.498,46644.753,9200.254,
Contact STARLINK-11266 [DTC] - MarsSat1,48562.002,52199.752,3637.750,
Contact STARLINK-11266 [DTC] - MarsSat1,54120.658,63309.695,9189.038,
Contact STARLINK-11266 [DTC] - MarsSat1,65237.799,74419.594,9181.795,
Contact STARLINK-11266 [DTC] - MarsSat1,76354.753,85529.484,9174.731,
Contact STARLINK-11266 [DTC] - MarsSat2,0.000,2204.108,2204.108,
Contact STARLINK-11266 [DTC] - MarsSat2,4090.459,13314.250,9223.791,
Contact STARLINK-11266 [DTC] - MarsSat2,15208.633,24424.389,9215.756,
Contact STARLINK-11266 [DTC] - MarsSat2,26326.606,35534.507,9207.901,
Contact STARLINK-11266 [DTC] - MarsSat2,37444.368,46644.592,9200.223,
Contact STARLINK-11266 [DTC] - MarsSat2,48561.915,52199.619,3637.704,
Contact STARLINK-11266 [DTC] - MarsSat2,54120.609,63309.645,9189.036,
Contact STARLINK-11266 [DTC] - MarsSat2,65237.839,74419.630,9181.792,
Contact STARLINK-11266 [DTC] - MarsSat2,76354.862,85529.576,9174.714,
Contact STARLINK-11266 [DTC] - MarsSat3,0.000,2204.184,2204.184,
Contact STARLINK-11266 [DTC] - MarsSat3,4090.502,13314.362,9223.860,
Contact STARLINK-11266 [DTC] - MarsSat3,15208.662,24424.460,9215.798,
Contact STARLINK-11266 [DTC] - MarsSat3,26326.627,35534.552,9207.925,
Contact STARLINK-11266 [DTC] - MarsSat3,37444.407,46644.639,9200.232,
Contact STARLINK-11266 [DTC] - MarsSat3,48561.970,52199.673,3637.703,
Contact STARLINK-11266 [DTC] - MarsSat3,54120.666,63309.709,9189.043,
Contact STARLINK-11266 [DTC] - MarsSat3,65237.890,74419.697,9181.807,
Contact STARLINK-11266 [DTC] - MarsSat3,76354.891,85529.627,9174.736,
Contact STARLINK-11266 [DTC] - MarsSat4,0.000,2204.089,2204.089,
Contact STARLINK-11266 [DTC] - MarsSat4,4090.505,7759.231,3668.726,
Contact STARLINK-11266 [DTC] - MarsSat4,15208.675,24424.474,9215.799,
Contact STARLINK-11266 [DTC] - MarsSat4,26326.655,35534.593,9207.938,
Contact STARLINK-11266 [DTC] - MarsSat4,37444.426,46644.693,9200.266,
Contact STARLINK-11266 [DTC] - MarsSat4,48561.921,52199.684,3637.763,
Contact STARLINK-11266 [DTC] - MarsSat4,54120.604,63309.661,9189.057,
Contact STARLINK-11266 [DTC] - MarsSat4,65237.837,73689.525,8451.688,
Contact STARLINK-11266 [DTC] - MarsSat4,76354.835,85529.547,9174.712,
Contact STARLINK-30355 - STARLINK-30316,50167.173,56976.293,6809.119,
Contact STARLINK-30355 - STARLINK-30316,58317.337,71621.624,13304.287,
Contact STARLINK-30355 - STARLINK-30316,72040.578,86400.000,14359.422,
Contact STARLINK-30355 - STARLINK-2602,3111.577,4041.769,930.191,
Contact STARLINK-30355 - STARLINK-2602,14359.217,18136.269,3777.052,
Contact STARLINK-30355 - STARLINK-2602,28516.008,29329.453,813.445,
Contact STARLINK-30355 - STARLINK-31627,6805.383,7709.753,904.370,
Contact STARLINK-30355 - STARLINK-4413,0.000,150.223,150.223,
Contact STARLINK-30355 - STARLINK-4413,13772.803,14497.589,724.786,
Contact STARLINK-30355 - STARLINK-4413,28114.138,28843.973,729.835,
Contact STARLINK-30355 - STARLINK-4413,39586.328,40321.344,735.016,
Contact STARLINK-30355 - STARLINK-4413,53926.234,54667.640,741.407,
Contact STARLINK-30355 - STARLINK-4413,68267.089,69014.460,747.370,
Contact STARLINK-30355 - STARLINK-4413,82607.743,83360.009,752.265,
Contact STARLINK-30355 - STARLINK-31407,82277.211,83045.629,768.417,
Contact STARLINK-30355 - STARLINK-5660,0.000,238.517,238.517,
Contact STARLINK-30355 - STARLINK-5660,13883.704,14517.192,633.488,
Contact STARLINK-30355 - STARLINK-32094,41306.874,86400.000,45093.126,
Contact STARLINK-30355 - STARLINK-30767,256.828,13951.774,13694.946,
Contact STARLINK-30355 - STARLINK-30767,14598.714,28209.279,13610.565,
Contact STARLINK-30355 - STARLINK-30767,28912.223,42492.146,13579.923,
Contact STARLINK-30355 - STARLINK-30767,43251.596,53909.323,10657.728,
Contact STARLINK-30355 - STARLINK-30767,54711.710,68168.664,13456.954,
Contact STARLINK-30355 - STARLINK-30767,69022.578,82453.910,13431.332,
Contact STARLINK-30355 - STARLINK-30767,83360.331,86400.000,3039.669,
Contact STARLINK-30355 - STARLINK-2228,84574.526,86400.000,1825.474,
Contact STARLINK-30355 - STARLINK-6372,0.000,57579.937,57579.937,
Contact STARLINK-30355 - STARLINK-6372,57801.541,71932.007,14130.466,
Contact STARLINK-30355 - STARLINK-6372,72099.234,86233.401,14134.167,
Contact STARLINK-30355 - STARLINK-4772,3034.231,4007.608,973.377,
Contact STARLINK-30355 - STARLINK-4772,17322.944,18222.165,899.221,
Contact STARLINK-30355 - STARLINK-4772,28765.342,32415.843,3650.500,
Contact STARLINK-30355 - STARLINK-4772,43087.127,43766.083,678.957,
Contact STARLINK-30355 - STARLINK-4772,57411.595,57944.972,533.377,
Contact STARLINK-30355 - STARLINK-4772,71808.406,72053.036,244.630,
Contact STARLINK-30355 - STARLINK-31919,46274.698,47320.961,1046.263,
Contact STARLINK-30355 - STARLINK-31919,54679.273,61566.156,6886.882,
Contact STARLINK-30355 - STARLINK-31919,71596.644,78517.698,6921.054,
Contact STARLINK-30355 - STARLINK-31919,85811.262,86400.000,588.738,
Contact STARLINK-30355 - STARLINK-31639,78757.144,79841.223,1084.079,
Contact STARLINK-30355 - STARLINK-31600,57201.315,57984.173,782.857,
Contact STARLINK-30355 - STARLINK-31600,71263.598,72228.741,965.143,
Contact STARLINK-30355 - STARLINK-31600,82553.202,86400.000,3846.798,
Contact STARLINK-30355 - STARLINK-30613,6510.750,7461.103,950.353,
Contact STARLINK-30355 - STARLINK-30613,20902.554,21706.960,804.405,
Contact STARLINK-30355 - STARLINK-31502,0.000,3650.487,3650.487,
Contact STARLINK-30355 - STARLINK-31502,14014.321,14896.716,882.395,
Contact STARLINK-30355 - STARLINK-31502,28320.419,28875.328,554.909,
Contact STARLINK-30355 - STARLINK-31722,0.000,24285.031,24285.031,
Contact STARLINK-30355 - STARLINK-1581,0.000,13711.652,13711.652,
Contact STARLINK-30355 - STARLINK-1581,14414.961,18935.087,4520.125,
Contact STARLINK-30355 - STARLINK-4290,0.000,86400.000,86400.000,
Contact STARLINK-30355 - STARLINK-6142,0.000,3048.913,3048.913,
Contact STARLINK-30355 - STARLINK-6142,4294.513,17338.452,13043.939,
Contact STARLINK-30355 - STARLINK-6142,18609.687,25923.273,7313.585,
Contact STARLINK-30355 - STARLINK-6142,32941.952,40209.450,7267.498,
Contact STARLINK-30355 - STARLINK-6142,47260.831,54509.162,7248.331,
Contact STARLINK-30355 - STARLINK-6142,61597.250,71657.015,10059.765,
Contact STARLINK-30355 - STARLINK-6142,78794.136,85936.506,7142.369,
Contact STARLINK-30355 - STARLINK-5049,0.000,3775.776,3775.776,
Contact STARLINK-30355 - STARLINK-5049,14102.617,18094.709,3992.092,
Contact STARLINK-30355 - STARLINK-5049,28420.739,35273.083,6852.344,
Contact STARLINK-30355 - STARLINK-5049,42743.989,43859.634,1115.645,
Contact STARLINK-30355 - STARLINK-5049,57065.739,58173.451,1107.712,
Contact STARLINK-30355 - STARLINK-5049,71392.722,72482.081,1089.359,
Contact STARLINK-30355 - STARLINK-5049,85718.123,86400.000,681.877,
Contact STARLINK-30355 - MoonARTEMIS1,1576.386,5137.831,3561.445,
Contact STARLINK-30355 - MoonARTEMIS1,7308.224,16604.623,9296.400,
Contact STARLINK-30355 - MoonARTEMIS1,18774.889,28079.803,9304.914,
Contact STARLINK-30355 - MoonARTEMIS1,35963.527,39525.765,3562.238,
Contact STARLINK-30355 - MoonARTEMIS1,41684.116,45248.976,3564.860,
Contact STARLINK-30355 - MoonARTEMIS1,47406.924,56700.841,9293.917,
Contact STARLINK-30355 - MoonARTEMIS1,58856.522,68158.136,9301.614,
Contact STARLINK-30355 - MoonARTEMIS1,70309.893,73888.625,3578.732,
Contact STARLINK-30355 - MoonARTEMIS1,76037.763,85353.352,9315.589,
Contact STARLINK-30355 - MoonARTEMIS2,1637.830,5198.661,3560.831,
Contact STARLINK-30355 - MoonARTEMIS2,7364.738,16652.744,9288.006,
Contact STARLINK-30355 - MoonARTEMIS2,18816.009,28103.294,9287.285,
Contact STARLINK-30355 - MoonARTEMIS2,30262.951,39547.176,9284.224,
Contact STARLINK-30355 - MoonARTEMIS2,41702.169,45264.801,3562.631,
Contact STARLINK-30355 - MoonARTEMIS2,53160.538,56743.799,3583.261,
Contact STARLINK-30355 - MoonARTEMIS2,58895.912,68220.281,9324.369,
Contact STARLINK-30355 - MoonARTEMIS2,70362.244,73957.216,3594.972,
Contact STARLINK-30355 - MoonARTEMIS2,76093.933,85429.476,9335.543,
Contact STARLINK-30355 - MoonIOAGEO,1593.254,5152.937,3559.683,
Contact STARLINK-30355 - MoonIOAGEO,7321.946,10885.829,3563.882,
Contact STARLINK-30355 - MoonIOAGEO,18789.995,28087.656,9297.661,
Contact STARLINK-30355 - MoonIOAGEO,30249.077,39534.660,9285.583,
Contact STARLINK-30355 - MoonIOAGEO,41693.143,45259.428,3566.285,
Contact STARLINK-30355 - MoonIOAGEO,47417.998,56727.267,9309.270,
Contact STARLINK-30355 - MoonIOAGEO,64615.668,68203.350,3587.681,
Contact STARLINK-30355 - MoonIOAGEO,70346.051,73933.898,3587.848,
Contact STARLINK-30355 - MoonIOAGEO,76071.332,85382.106,9310.774,
Contact STARLINK-30355 - MoonIOAGNO,1596.359,5154.033,3557.674,
Contact STARLINK-30355 - MoonIOAGNO,7324.203,16635.324,9311.120,
Contact STARLINK-30355 - MoonIOAGNO,18803.285,28091.554,9288.269,
Contact STARLINK-30355 - MoonIOAGNO,30255.421,39538.629,9283.209,
Contact STARLINK-30355 - MoonIOAGNO,41698.050,45262.055,3564.005,
Contact STARLINK-30355 - MoonIOAGNO,47419.151,56743.695,9324.545,
Contact STARLINK-30355 - MoonIOAGNO,58898.193,68208.207,9310.015,
Contact STARLINK-30355 - MoonIOAGNO,70355.365,73934.916,3579.552,
Contact STARLINK-30355 - MoonIOAGNO,76078.517,85384.722,9306.205,
Contact STARLINK-30355 - MoonIOAGNO 0001,1618.012,5175.681,3557.669,
Contact STARLINK-30355 - MoonIOAGNO 0001,7343.114,16621.970,9278.856,
Contact STARLINK-30355 - MoonIOAGNO 0001,18787.001,28071.627,9284.626,
Contact STARLINK-30355 - MoonIOAGNO 0001,30240.762,39555.088,9314.326,
Contact STARLINK-30355 - MoonIOAGNO 0001,41716.406,45284.710,3568.305,
Contact STARLINK-30355 - MoonIOAGNO 0001,47443.339,56735.636,9292.297,
Contact STARLINK-30355 - MoonIOAGNO 0001,58888.538,68184.513,9295.975,
Contact STARLINK-30355 - MoonIOAGNO 0001,70330.392,73926.291,3595.900,
Contact STARLINK-30355 - MoonIOAGNO 0001,76073.824,85406.678,9332.854,
Contact STARLINK-30355 - MoonIOAGSO,1599.680,5162.896,3563.216,
Contact STARLINK-30355 - MoonIOAGSO,13053.702,16613.623,3559.921,
Contact STARLINK-30355 - MoonIOAGSO,18777.174,28070.317,9293.144,
Contact STARLINK-30355 - MoonIOAGSO,30231.845,39534.402,9302.557,
Contact STARLINK-30355 - MoonIOAGSO,41694.233,45268.504,3574.272,
Contact STARLINK-30355 - MoonIOAGSO,47427.710,51001.302,3573.591,
Contact STARLINK-30355 - MoonIOAGSO,58874.244,68186.316,9312.072,
Contact STARLINK-30355 - MoonIOAGSO,70326.278,73919.305,3593.027,
Contact STARLINK-30355 - MoonIOAGSO,76055.890,85388.948,9333.058,
Contact STARLINK-30355 - MoonIOAGSO 0001,1591.439,5152.262,3560.823,
Contact STARLINK-30355 - MoonIOAGSO 0001,7319.426,16613.716,9294.290,
Contact STARLINK-30355 - MoonIOAGSO 0001,18780.828,28080.778,9299.951,
Contact STARLINK-30355 - MoonIOAGSO 0001,35964.143,39532.125,3567.982,
Contact STARLINK-30355 - MoonIOAGSO 0001,41688.143,45261.292,3573.149,
Contact STARLINK-30355 - MoonIOAGSO 0001,47414.912,56725.228,9310.316,
Contact STARLINK-30355 - MoonIOAGSO 0001,58874.738,68194.095,9319.357,
Contact STARLINK-30355 - MoonIOAGSO 0001,70340.983,73924.852,3583.869,
Contact STARLINK-30355 - MoonIOAGSO 0001,76691.679,85383.200,8691.521,
Contact STARLINK-30355 - MoonLRO,1600.810,3972.575,2371.765,
Contact STARLINK-30355 - MoonLRO,7326.100,16622.954,9296.855,
Contact STARLINK-30355 - MoonLRO,20489.076,22349.558,1860.482,
Contact STARLINK-30355 - MoonLRO,35970.660,38139.172,2168.512,
Contact STARLINK-30355 - MoonLRO,41695.041,44980.932,3285.891,
Contact STARLINK-30355 - MoonLRO,47775.228,51002.938,3227.710,
Contact STARLINK-30355 - MoonLRO,64614.052,65457.414,843.362,
Contact STARLINK-30355 - MoonLRO,70339.533,72315.132,1975.599,
Contact STARLINK-30355 - MoonLRO,81905.274,85392.483,3487.209,
Contact STARLINK-30355 - MarsSat1,0.000,6417.821,6417.821,
Contact STARLINK-30355 - MarsSat1,7963.389,17875.047,9911.658,
Contact STARLINK-30355 - MarsSat1,19417.544,35060.499,15642.955,
Contact STARLINK-30355 - MarsSat1,36599.296,46517.113,9917.817,
Contact STARLINK-30355 - MarsSat1,48054.135,63701.482,15647.347,
Contact STARLINK-30355 - MarsSat1,65236.934,75157.422,9920.488,
Contact STARLINK-30355 - MarsSat1,76692.512,86400.000,9707.488,
Contact STARLINK-30355 - MarsSat2,0.000,6417.852,6417.852,
Contact STARLINK-30355 - MarsSat2,7963.385,17874.935,9911.550,
Contact STARLINK-30355 - MarsSat2,19417.578,35060.284,15642.706,
Contact STARLINK-30355 - MarsSat2,36599.381,46516.942,9917.562,
Contact STARLINK-30355 - MarsSat2,48054.265,63701.507,15647.242,
Contact STARLINK-30355 - MarsSat2,65237.108,75157.573,9920.464,
Contact STARLINK-30355 - MarsSat2,76692.670,86400.000,9707.330,
Contact STARLINK-30355 - MarsSat3,0.000,6417.926,6417.926,
Contact STARLINK-30355 - MarsSat3,7963.259,17874.985,9911.726,
Contact STARLINK-30355 - MarsSat3,19417.432,35060.340,15642.907,
Contact STARLINK-30355 - MarsSat3,36599.369,46517.025,9917.655,
Contact STARLINK-30355 - MarsSat3,48054.284,63701.596,15647.312,
Contact STARLINK-30355 - MarsSat3,65237.085,75157.635,9920.550,
Contact STARLINK-30355 - MarsSat3,76692.588,86400.000,9707.412,
Contact STARLINK-30355 - MarsSat4,0.000,6417.932,6417.932,
Contact STARLINK-30355 - MarsSat4,13690.339,17875.005,4184.666,
Contact STARLINK-30355 - MarsSat4,19417.463,35060.382,15642.919,
Contact STARLINK-30355 - MarsSat4,36599.324,46516.988,9917.664,
Contact STARLINK-30355 - MarsSat4,48054.081,63701.508,15647.427,
Contact STARLINK-30355 - MarsSat4,65237.074,73689.503,8452.429,
Contact STARLINK-30355 - MarsSat4,76692.541,86400.000,9707.459,
Contact STARLINK-30316 - STARLINK-2602,7088.066,7717.490,629.424,
Contact STARLINK-30316 - STARLINK-2602,21082.126,21623.864,541.737,
Contact STARLINK-30316 - STARLINK-2602,32291.990,32734.298,442.308,
Contact STARLINK-30316 - STARLINK-4413,3259.506,3898.085,638.579,
Contact STARLINK-30316 - STARLINK-4413,17417.744,18147.273,729.529,
Contact STARLINK-30316 - STARLINK-4413,28757.629,29532.358,774.729,
Contact STARLINK-30316 - STARLINK-4413,42948.933,43746.032,797.099,
Contact STARLINK-30316 - STARLINK-4413,57173.353,57928.621,755.268,
Contact STARLINK-30316 - STARLINK-4413,71408.420,72098.862,690.442,
Contact STARLINK-30316 - STARLINK-30171,6491.318,7851.649,1360.331,
Contact STARLINK-30316 - STARLINK-30171,14982.757,21987.510,7004.753,
Contact STARLINK-30316 - STARLINK-30171,32107.186,33208.508,1101.322,
Contact STARLINK-30316 - STARLINK-30171,46572.444,47068.883,496.439,
Contact STARLINK-30316 - STARLINK-5660,3359.364,10543.320,7183.957,
Contact STARLINK-30316 - STARLINK-5660,14411.171,24944.704,10533.534,
Contact STARLINK-30316 - STARLINK-5660,25600.116,39007.215,13407.099,
Contact STARLINK-30316 - STARLINK-5660,39931.044,47305.130,7374.086,
Contact STARLINK-30316 - STARLINK-5660,57494.870,58229.329,734.459,
Contact STARLINK-30316 - STARLINK-32094,0.000,86400.000,86400.000,
Contact STARLINK-30316 - STARLINK-4127,82263.435,82979.454,716.019,
Contact STARLINK-30316 - STARLINK-30767,10789.120,11103.688,314.569,
Contact STARLINK-30316 - STARLINK-30767,24683.988,25528.238,844.250,
Contact STARLINK-30316 - STARLINK-30767,35915.195,39792.564,3877.369,
Contact STARLINK-30316 - STARLINK-30767,50027.835,51152.496,1124.662,
Contact STARLINK-30316 - STARLINK-30767,64202.978,65292.848,1089.870,
Contact STARLINK-30316 - STARLINK-30767,75599.078,79350.272,3751.194,
Contact STARLINK-30316 - STARLINK-4254,0.000,55205.563,55205.563,
Contact STARLINK-30316 - STARLINK-3533,0.000,347.614,347.614,
Contact STARLINK-30316 - STARLINK-3533,13637.357,14597.959,960.602,
Contact STARLINK-30316 - STARLINK-3533,24917.651,25953.720,1036.070,
Contact STARLINK-30316 - STARLINK-3533,39066.832,40099.145,1032.313,
Contact STARLINK-30316 - STARLINK-3533,53255.666,54205.400,949.733,
Contact STARLINK-30316 - STARLINK-3533,64649.618,65448.053,798.436,
Contact STARLINK-30316 - STARLINK-3533,78979.229,79415.268,436.039,
Contact STARLINK-30316 - STARLINK-2228,79152.295,79677.524,525.229,
Contact STARLINK-30316 - STARLINK-6372,48502.409,86400.000,37897.591,
Contact STARLINK-30316 - STARLINK-4772,46656.166,47111.493,455.327,
Contact STARLINK-30316 - STARLINK-4772,60689.356,61307.029,617.673,
Contact STARLINK-30316 - STARLINK-4772,71935.534,72643.786,708.252,
Contact STARLINK-30316 - STARLINK-4772,86009.746,86400.000,390.254,
Contact STARLINK-30316 - STARLINK-30320,82336.099,82821.728,485.629,
Contact STARLINK-30316 - STARLINK-31919,0.000,256.101,256.101,
Contact STARLINK-30316 - STARLINK-31919,10604.365,11462.396,858.031,
Contact STARLINK-30316 - STARLINK-31919,24604.052,25471.185,867.133,
Contact STARLINK-30316 - STARLINK-31919,35805.183,36676.906,871.724,
Contact STARLINK-30316 - STARLINK-31919,49808.220,50682.504,874.284,
Contact STARLINK-30316 - STARLINK-31919,61009.846,61887.708,877.862,
Contact STARLINK-30316 - STARLINK-31919,75010.969,75895.049,884.081,
Contact STARLINK-30316 - STARLINK-31919,86213.138,86400.000,186.862,
Contact STARLINK-30316 - STARLINK-31639,0.000,86400.000,86400.000,
Contact STARLINK-30316 - STARLINK-31600,10218.356,10869.928,651.572,
Contact STARLINK-30316 - STARLINK-31600,21435.613,22083.524,647.911,
Contact STARLINK-30316 - STARLINK-31600,35463.823,36093.729,629.906,
Contact STARLINK-30316 - STARLINK-31600,46681.174,47307.220,626.046,
Contact STARLINK-30316 - STARLINK-31600,60696.208,61330.887,634.679,
Contact STARLINK-30316 - STARLINK-31600,71913.579,72544.353,630.775,
Contact STARLINK-30316 - STARLINK-31600,85942.115,86400.000,457.885,
Contact STARLINK-30316 - STARLINK-4687,71902.311,72337.406,435.095,
Contact STARLINK-30316 - STARLINK-4687,85944.599,86400.000,455.401,
Contact STARLINK-30316 - STARLINK-30613,10418.773,11296.241,877.468,
Contact STARLINK-30316 - STARLINK-30613,24545.155,25526.974,981.818,
Contact STARLINK-30316 - STARLINK-30613,35892.680,39690.280,3797.600,
Contact STARLINK-30316 - STARLINK-30613,50136.756,50976.977,840.221,
Contact STARLINK-30316 - STARLINK-30613,64455.327,65016.650,561.323,
Contact STARLINK-30316 - STARLINK-4402,17884.386,18390.378,505.992,
Contact STARLINK-30316 - STARLINK-4402,32065.183,32582.747,517.564,
Contact STARLINK-30316 - STARLINK-4402,57589.322,58131.425,542.104,
Contact STARLINK-30316 - STARLINK-4402,71758.525,72335.364,576.839,
Contact STARLINK-30316 - STARLINK-4402,85929.360,86400.000,470.640,
Contact STARLINK-30316 - STARLINK-5618,11557.672,75345.005,63787.333,
Contact STARLINK-30316 - STARLINK-5618,82484.041,83286.663,802.623,
Contact STARLINK-30316 - STARLINK-6255,0.000,28629.857,28629.857,
Contact STARLINK-30316 - STARLINK-3898,0.000,15860.482,15860.482,
Contact STARLINK-30316 - STARLINK-4631,71777.680,72436.751,659.071,
Contact STARLINK-30316 - STARLINK-4631,85867.269,86400.000,532.731,
Contact STARLINK-30316 - STARLINK-30367,0.000,15522.276,15522.276,
Contact STARLINK-30316 - STARLINK-4290,58158.115,86400.000,28241.885,
Contact STARLINK-30316 - STARLINK-5151,0.000,559.892,559.892,
Contact STARLINK-30316 - STARLINK-5151,13803.225,14621.734,818.509,
Contact STARLINK-30316 - STARLINK-5151,25087.296,25863.472,776.175,
Contact STARLINK-30316 - STARLINK-5151,39203.413,39904.563,701.150,
Contact STARLINK-30316 - STARLINK-5151,64628.751,65162.397,533.646,
Contact STARLINK-30316 - STARLINK-6142,28637.433,86400.000,57762.567,
Contact STARLINK-30316 - STARLINK-3167,82787.116,83066.165,279.048,
Contact STARLINK-30316 - STARLINK-5049,6939.303,7421.492,482.190,
Contact STARLINK-30316 - STARLINK-5049,20944.856,21772.514,827.658,
Contact STARLINK-30316 - STARLINK-5049,32220.847,36022.872,3802.024,
Contact STARLINK-30316 - STARLINK-5049,46379.208,47377.360,998.153,
Contact STARLINK-30316 - STARLINK-5049,60596.517,61514.535,918.018,
Contact STARLINK-30316 - MoonARTEMIS1,0.000,6805.166,6805.166,
Contact STARLINK-30316 - MoonARTEMIS1,8800.163,12414.374,3614.212,
Contact STARLINK-30316 - MoonARTEMIS1,14428.268,23634.931,9206.663,
Contact STARLINK-30316 - MoonARTEMIS1,25686.173,29246.314,3560.142,
Contact STARLINK-30316 - MoonARTEMIS1,36918.102,46066.561,9148.459,
Contact STARLINK-30316 - MoonARTEMIS1,48142.850,57283.168,9140.318,
Contact STARLINK-30316 - MoonARTEMIS1,59373.265,62892.174,3518.909,
Contact STARLINK-30316 - MoonARTEMIS1,64989.618,74111.459,9121.840,
Contact STARLINK-30316 - MoonARTEMIS1,76223.825,85332.453,9108.628,
Contact STARLINK-30316 - MoonARTEMIS2,0.000,6827.988,6827.988,
Contact STARLINK-30316 - MoonARTEMIS2,8870.299,12435.427,3565.127,
Contact STARLINK-30316 - MoonARTEMIS2,14487.398,23649.489,9162.091,
Contact STARLINK-30316 - MoonARTEMIS2,25717.551,34861.644,9144.093,
Contact STARLINK-30316 - MoonARTEMIS2,36940.867,46071.113,9130.245,
Contact STARLINK-30316 - MoonARTEMIS2,53789.546,57300.805,3511.259,
Contact STARLINK-30316 - MoonARTEMIS2,59413.892,62914.319,3500.427,
Contact STARLINK-30316 - MoonARTEMIS2,65036.038,74139.778,9103.740,
Contact STARLINK-30316 - MoonARTEMIS2,76275.779,85363.924,9088.145,
Contact STARLINK-30316 - MoonIOAGEO,0.000,6809.945,6809.945,
Contact STARLINK-30316 - MoonIOAGEO,8818.528,12419.115,3600.587,
Contact STARLINK-30316 - MoonIOAGEO,17116.331,23637.881,6521.550,
Contact STARLINK-30316 - MoonIOAGEO,25698.260,34854.253,9155.994,
Contact STARLINK-30316 - MoonIOAGEO,36927.491,46071.286,9143.794,
Contact STARLINK-30316 - MoonIOAGEO,48155.523,57233.607,9078.085,
Contact STARLINK-30316 - MoonIOAGEO,65022.241,74124.925,9102.684,
Contact STARLINK-30316 - MoonIOAGEO,76254.640,85342.204,9087.564,
Contact STARLINK-30316 - MoonIOAGNO,0.000,6803.842,6803.842,
Contact STARLINK-30316 - MoonIOAGNO,8826.955,12427.011,3600.056,
Contact STARLINK-30316 - MoonIOAGNO,14465.423,23659.969,9194.545,
Contact STARLINK-30316 - MoonIOAGNO,25708.332,34872.820,9164.488,
Contact STARLINK-30316 - MoonIOAGNO,36934.773,46073.099,9138.325,
Contact STARLINK-30316 - MoonIOAGNO,48156.156,57304.613,9148.457,
Contact STARLINK-30316 - MoonIOAGNO,59417.078,62922.233,3505.155,
Contact STARLINK-30316 - MoonIOAGNO,65037.131,74142.611,9105.480,
Contact STARLINK-30316 - MoonIOAGNO,76264.124,85350.263,9086.139,
Contact STARLINK-30316 - MoonIOAGNO 0001,0.000,6835.981,6835.981,
Contact STARLINK-30316 - MoonIOAGNO 0001,8842.317,12440.129,3597.812,
Contact STARLINK-30316 - MoonIOAGNO 0001,14455.915,23638.417,9182.502,
Contact STARLINK-30316 - MoonIOAGNO 0001,25680.335,34864.538,9184.202,
Contact STARLINK-30316 - MoonIOAGNO 0001,36944.568,46095.706,9151.137,
Contact STARLINK-30316 - MoonIOAGNO 0001,48183.252,57308.878,9125.626,
Contact STARLINK-30316 - MoonIOAGNO 0001,59406.799,62910.882,3504.083,
Contact STARLINK-30316 - MoonIOAGNO 0001,65015.555,74121.911,9106.356,
Contact STARLINK-30316 - MoonIOAGNO 0001,76258.050,85363.710,9105.660,
Contact STARLINK-30316 - MoonIOAGSO,0.000,6816.970,6816.970,
Contact STARLINK-30316 - MoonIOAGSO,14441.742,23613.957,9172.215,
Contact STARLINK-30316 - MoonIOAGSO,25676.239,34835.432,9159.193,
Contact STARLINK-30316 - MoonIOAGSO,36918.439,46071.456,9153.016,
Contact STARLINK-30316 - MoonIOAGSO,48166.577,51687.565,3520.988,
Contact STARLINK-30316 - MoonIOAGSO,59390.109,62886.004,3495.895,
Contact STARLINK-30316 - MoonIOAGSO,65003.898,74104.625,9100.727,
Contact STARLINK-30316 - MoonIOAGSO,76238.580,85336.458,9097.878,
Contact STARLINK-30316 - MoonIOAGSO 0001,0.000,6785.776,6785.776,
Contact STARLINK-30316 - MoonIOAGSO 0001,8815.910,12397.404,3581.493,
Contact STARLINK-30316 - MoonIOAGSO 0001,14439.157,23632.370,9193.213,
Contact STARLINK-30316 - MoonIOAGSO 0001,25689.967,29251.265,3561.299,
Contact STARLINK-30316 - MoonIOAGSO 0001,36919.130,46052.467,9133.337,
Contact STARLINK-30316 - MoonIOAGSO 0001,48151.106,57276.065,9124.959,
Contact STARLINK-30316 - MoonIOAGSO 0001,59391.208,62892.928,3501.720,
Contact STARLINK-30316 - MoonIOAGSO 0001,65013.836,73953.678,8939.842,
Contact STARLINK-30316 - MoonIOAGSO 0001,76672.564,85327.919,8655.355,
Contact STARLINK-30316 - MoonLRO,3210.370,3939.095,728.725,
Contact STARLINK-30316 - MoonLRO,20465.816,23641.092,3175.276,
Contact STARLINK-30316 - MoonLRO,27308.987,29245.019,1936.032,
Contact STARLINK-30316 - MoonLRO,42545.285,44974.220,2428.935,
Contact STARLINK-30316 - MoonLRO,48159.789,51687.814,3528.025,
Contact STARLINK-30316 - MoonLRO,68303.345,72298.148,3994.803,
Contact STARLINK-30316 - MoonLRO,81904.556,85348.969,3444.413,
Contact STARLINK-30316 - MarsSat1,0.000,7096.695,7096.695,
Contact STARLINK-30316 - MarsSat1,9125.666,12708.924,3583.258,
Contact STARLINK-30316 - MarsSat1,14735.419,23933.463,9198.044,
Contact STARLINK-30316 - MarsSat1,25954.898,35158.109,9203.211,
Contact STARLINK-30316 - MarsSat1,37174.353,46382.870,9208.517,
Contact STARLINK-30316 - MarsSat1,48393.802,51995.299,3601.497,
Contact STARLINK-30316 - MarsSat1,54003.528,63220.266,9216.738,
Contact STARLINK-30316 - MarsSat1,65222.984,74445.391,9222.407,
Contact STARLINK-30316 - MarsSat1,76442.438,85670.680,9228.242,
Contact STARLINK-30316 - MarsSat2,0.000,7096.691,7096.691,
Contact STARLINK-30316 - MarsSat2,9125.668,12708.932,3583.264,
Contact STARLINK-30316 - MarsSat2,14735.452,23933.491,9198.039,
Contact STARLINK-30316 - MarsSat2,25954.980,35158.158,9203.178,
Contact STARLINK-30316 - MarsSat2,37174.468,46382.945,9208.477,
Contact STARLINK-30316 - MarsSat2,48393.926,51995.385,3601.459,
Contact STARLINK-30316 - MarsSat2,54003.646,63220.365,9216.719,
Contact STARLINK-30316 - MarsSat2,65223.070,74445.481,9222.411,
Contact STARLINK-30316 - MarsSat2,76442.475,85670.740,9228.265,
Contact STARLINK-30316 - MarsSat3,0.000,7096.625,7096.625,
Contact STARLINK-30316 - MarsSat3,9125.570,12708.845,3583.275,
Contact STARLINK-30316 - MarsSat3,14735.343,23933.428,9198.085,
Contact STARLINK-30316 - MarsSat3,25954.915,35158.146,9203.231,
Contact STARLINK-30316 - MarsSat3,37174.445,46382.953,9208.508,
Contact STARLINK-30316 - MarsSat3,48393.910,51995.392,3601.482,
Contact STARLINK-30316 - MarsSat3,54003.625,63220.354,9216.729,
Contact STARLINK-30316 - MarsSat3,65223.028,74445.439,9222.411,
Contact STARLINK-30316 - MarsSat3,76442.408,85670.663,9228.255,
Contact STARLINK-30316 - MarsSat4,0.000,7096.709,7096.709,
Contact STARLINK-30316 - MarsSat4,14735.362,23933.443,9198.081,
Contact STARLINK-30316 - MarsSat4,25954.917,35158.129,9203.212,
Contact STARLINK-30316 - MarsSat4,37174.403,46382.839,9208.436,
Contact STARLINK-30316 - MarsSat4,48393.811,51995.297,3601.486,
Contact STARLINK-30316 - MarsSat4,54003.568,63220.341,9216.772,
Contact STARLINK-30316 - MarsSat4,65223.050,73689.470,8466.420,
Contact STARLINK-30316 - MarsSat4,76442.412,85670.690,9228.278,
Contact STARLINK-2602 - STARLINK-32254,49194.980,86400.000,37205.020,
Contact STARLINK-2602 - STARLINK-4617,10646.446,11210.023,563.577,
Contact STARLINK-2602 - STARLINK-4617,24731.724,25381.230,649.507,
Contact STARLINK-2602 - STARLINK-4617,50120.886,50850.834,729.948,
Contact STARLINK-2602 - STARLINK-4617,64263.811,64963.721,699.910,
Contact STARLINK-2602 - STARLINK-4617,75587.782,76243.957,656.175,
Contact STARLINK-2602 - STARLINK-30472,79077.891,85786.786,6708.896,
Contact STARLINK-2602 - STARLINK-30825,46409.447,86400.000,39990.553,
Contact STARLINK-2602 - STARLINK-31627,53926.646,54195.084,268.438,
Contact STARLINK-2602 - STARLINK-31627,78895.307,79598.971,703.664,
Contact STARLINK-2602 - STARLINK-3182,77011.284,86400.000,9388.716,
Contact STARLINK-2602 - STARLINK-4413,33189.313,40135.920,6946.607,
Contact STARLINK-2602 - STARLINK-4413,46997.291,57140.057,10142.766,
Contact STARLINK-2602 - STARLINK-4413,64278.853,65346.269,1067.416,
Contact STARLINK-2602 - STARLINK-30171,0.000,3050.072,3050.072,
Contact STARLINK-2602 - STARLINK-30171,4021.375,14196.259,10174.884,
Contact STARLINK-2602 - STARLINK-30171,21282.463,22399.891,1117.429,
Contact STARLINK-2602 - STARLINK-5660,6857.844,13721.223,6863.379,
Contact STARLINK-2602 - STARLINK-5660,20929.162,22164.748,1235.586,
Contact STARLINK-2602 - STARLINK-5660,32377.084,36005.752,3628.668,
Contact STARLINK-2602 - STARLINK-32094,7070.890,7365.874,294.984,
Contact STARLINK-2602 - STARLINK-4127,57058.683,86400.000,29341.317,
Contact STARLINK-2602 - STARLINK-30331,50095.013,50908.679,813.666,
Contact STARLINK-2602 - STARLINK-30331,64082.019,65109.492,1027.474,
Contact STARLINK-2602 - STARLINK-30331,75375.698,76364.335,988.637,
Contact STARLINK-2602 - STARLINK-30767,2934.422,4043.807,1109.385,
Contact STARLINK-2602 - STARLINK-4254,6922.861,7773.633,850.772,
Contact STARLINK-2602 - STARLINK-4254,21085.458,21773.585,688.127,
Contact STARLINK-2602 - STARLINK-31021,49511.107,50901.026,1389.919,
Contact STARLINK-2602 - STARLINK-31021,57743.173,68068.041,10324.868,
Contact STARLINK-2602 - STARLINK-31021,68986.593,76336.020,7349.427,
Contact STARLINK-2602 - STARLINK-6372,17629.655,18226.322,596.667,
Contact STARLINK-2602 - STARLINK-6372,28773.567,32490.768,3717.200,
Contact STARLINK-2602 - STARLINK-6372,42832.193,43795.381,963.188,
Contact STARLINK-2602 - STARLINK-6372,57026.052,57806.531,780.479,
Contact STARLINK-2602 - STARLINK-4772,0.000,50818.742,50818.742,
Contact STARLINK-2602 - STARLINK-31639,21267.179,21800.349,533.170,
Contact STARLINK-2602 - STARLINK-4687,21545.856,67469.854,45923.998,
Contact STARLINK-2602 - STARLINK-5978,35762.850,36497.249,734.398,
Contact STARLINK-2602 - STARLINK-5978,49782.955,50753.960,971.004,
Contact STARLINK-2602 - STARLINK-5978,61121.692,64832.375,3710.683,
Contact STARLINK-2602 - STARLINK-5978,75472.161,75964.555,492.394,
Contact STARLINK-2602 - STARLINK-30613,0.000,3915.182,3915.182,
Contact STARLINK-2602 - STARLINK-4402,31711.683,32658.936,947.254,
Contact STARLINK-2602 - STARLINK-4402,42670.828,49978.863,7308.035,
Contact STARLINK-2602 - STARLINK-4402,51078.779,58355.969,7277.190,
Contact STARLINK-2602 - STARLINK-31502,7164.595,86400.000,79235.405,
Contact STARLINK-2602 - STARLINK-5618,6571.644,7243.636,671.992,
Contact STARLINK-2602 - STARLINK-5618,17893.837,18446.672,552.834,
Contact STARLINK-2602 - STARLINK-5618,32095.374,32403.221,307.848,
Contact STARLINK-2602 - STARLINK-4631,18654.920,64589.811,45934.891,
Contact STARLINK-2602 - STARLINK-5807,82378.711,86400.000,4021.289,
Contact STARLINK-2602 - STARLINK-31722,0.000,3820.894,3820.894,
Contact STARLINK-2602 - STARLINK-31722,13805.436,14990.011,1184.575,
Contact STARLINK-2602 - STARLINK-31722,24948.331,31722.960,6774.629,
Contact STARLINK-2602 - STARLINK-31722,38885.215,40087.027,1201.813,
Contact STARLINK-2602 - STARLINK-31722,50052.917,51220.165,1167.248,
Contact STARLINK-2602 - STARLINK-31722,64036.747,65112.702,1075.955,
Contact STARLINK-2602 - STARLINK-31722,75231.983,76218.430,986.447,
Contact STARLINK-2602 - STARLINK-1581,3402.573,3642.585,240.012,
Contact STARLINK-2602 - STARLINK-1581,28381.953,28981.265,599.312,
Contact STARLINK-2602 - STARLINK-1581,39521.518,40205.027,683.509,
Contact STARLINK-2602 - STARLINK-1581,53463.024,54217.643,754.619,
Contact STARLINK-2602 - STARLINK-1581,64626.602,65416.972,790.370,
Contact STARLINK-2602 - STARLINK-1581,78594.067,79402.688,808.621,
Contact STARLINK-2602 - STARLINK-4290,3580.975,4094.056,513.081,
Contact STARLINK-2602 - STARLINK-4290,17528.035,18266.314,738.279,
Contact STARLINK-2602 - STARLINK-4290,28732.710,29556.464,823.754,
Contact STARLINK-2602 - STARLINK-4290,42785.606,43621.988,836.383,
Contact STARLINK-2602 - STARLINK-4290,56893.952,57631.461,737.509,
Contact STARLINK-2602 - STARLINK-4290,68224.913,68795.646,570.734,
Contact STARLINK-2602 - STARLINK-6142,6756.114,7211.178,455.064,
Contact STARLINK-2602 - STARLINK-6142,17820.139,18705.214,885.075,
Contact STARLINK-2602 - STARLINK-6142,31833.997,32884.923,1050.926,
Contact STARLINK-2602 - STARLINK-6142,43159.881,46898.837,3738.956,
Contact STARLINK-2602 - STARLINK-6142,57501.615,57967.055,465.440,
Contact STARLINK-2602 - STARLINK-3167,37380.803,86400.000,49019.197,
Contact STARLINK-2602 - STARLINK-5049,0.000,38843.093,38843.093,
Contact STARLINK-2602 - MoonARTEMIS1,2013.218,5391.775,3378.556,
Contact STARLINK-2602 - MoonARTEMIS1,7586.882,16540.485,8953.603,
Contact STARLINK-2602 - MoonARTEMIS1,18738.022,27697.179,8959.157,
Contact STARLINK-2602 - MoonARTEMIS1,35454.383,38823.421,3369.038,
Contact STARLINK-2602 - MoonARTEMIS1,41014.066,49948.118,8934.051,
Contact STARLINK-2602 - MoonARTEMIS1,52140.271,55512.877,3372.607,
Contact STARLINK-2602 - MoonARTEMIS1,63271.853,66645.875,3374.022,
Contact STARLINK-2602 - MoonARTEMIS1,68839.148,77782.918,8943.770,
Contact STARLINK-2602 - MoonARTEMIS1,79976.356,86400.000,6423.644,
Contact STARLINK-2602 - MoonARTEMIS2,2078.572,5452.538,3373.965,
Contact STARLINK-2602 - MoonARTEMIS2,7646.758,16587.162,8940.404,
Contact STARLINK-2602 - MoonARTEMIS2,18780.951,27718.522,8937.571,
Contact STARLINK-2602 - MoonARTEMIS2,29911.457,38844.312,8932.855,
Contact STARLINK-2602 - MoonARTEMIS2,41035.302,47440.223,6404.921,
Contact STARLINK-2602 - MoonARTEMIS2,52170.137,55550.359,3380.222,
Contact STARLINK-2602 - MoonARTEMIS2,63318.432,66699.050,3380.618,
Contact STARLINK-2602 - MoonARTEMIS2,68890.863,77844.458,8953.595,
Contact STARLINK-2602 - MoonARTEMIS2,80033.476,86400.000,6366.524,
Contact STARLINK-2602 - MoonIOAGEO,2033.066,5408.732,3375.666,
Contact STARLINK-2602 - MoonIOAGEO,7603.429,10983.246,3379.817,
Contact STARLINK-2602 - MoonIOAGEO,18759.123,27709.481,8950.358,
Contact STARLINK-2602 - MoonIOAGEO,29902.776,38832.342,8929.566,
Contact STARLINK-2602 - MoonIOAGEO,41023.490,49961.239,8937.749,
Contact STARLINK-2602 - MoonIOAGEO,52156.509,55536.164,3379.655,
Contact STARLINK-2602 - MoonIOAGEO,63310.670,66691.708,3381.039,
Contact STARLINK-2602 - MoonIOAGEO,68884.995,77825.304,8940.309,
Contact STARLINK-2602 - MoonIOAGEO,80013.058,86400.000,6386.942,
Contact STARLINK-2602 - MoonIOAGNO,2032.059,5416.221,3384.162,
Contact STARLINK-2602 - MoonIOAGNO,7617.383,16557.497,8940.114,
Contact STARLINK-2602 - MoonIOAGNO,18749.236,27681.919,8932.683,
Contact STARLINK-2602 - MoonIOAGNO,29875.402,38816.568,8941.166,
Contact STARLINK-2602 - MoonIOAGNO,41012.371,49972.961,8960.589,
Contact STARLINK-2602 - MoonIOAGNO,52172.907,55547.734,3374.828,
Contact STARLINK-2602 - MoonIOAGNO,63299.076,66671.537,3372.461,
Contact STARLINK-2602 - MoonIOAGNO,68861.364,77801.744,8940.380,
Contact STARLINK-2602 - MoonIOAGNO,79992.678,86400.000,6407.322,
Contact STARLINK-2602 - MoonIOAGNO 0001,2034.389,5405.304,3370.915,
Contact STARLINK-2602 - MoonIOAGNO 0001,7598.462,16539.550,8941.088,
Contact STARLINK-2602 - MoonIOAGNO 0001,18735.277,27694.606,8959.330,
Contact STARLINK-2602 - MoonIOAGNO 0001,29896.199,38833.352,8937.154,
Contact STARLINK-2602 - MoonIOAGNO 0001,41024.725,49958.531,8933.806,
Contact STARLINK-2602 - MoonIOAGNO 0001,52151.061,55524.513,3373.452,
Contact STARLINK-2602 - MoonIOAGNO 0001,63288.290,66667.728,3379.439,
Contact STARLINK-2602 - MoonIOAGNO 0001,68864.777,77823.854,8959.078,
Contact STARLINK-2602 - MoonIOAGNO 0001,80011.437,86400.000,6388.563,
Contact STARLINK-2602 - MoonIOAGSO,2048.885,5417.298,3368.413,
Contact STARLINK-2602 - MoonIOAGSO,13191.471,16573.472,3382.001,
Contact STARLINK-2602 - MoonIOAGSO,18770.133,27719.431,8949.298,
Contact STARLINK-2602 - MoonIOAGSO,29913.532,38850.728,8937.196,
Contact STARLINK-2602 - MoonIOAGSO,41042.405,49968.374,8925.969,
Contact STARLINK-2602 - MoonIOAGSO,63322.429,66701.410,3378.981,
Contact STARLINK-2602 - MoonIOAGSO,68895.169,77839.567,8944.398,
Contact STARLINK-2602 - MoonIOAGSO,80029.613,86400.000,6370.387,
Contact STARLINK-2602 - MoonIOAGSO 0001,2065.972,5443.038,3377.066,
Contact STARLINK-2602 - MoonIOAGSO 0001,7636.215,16574.632,8938.416,
Contact STARLINK-2602 - MoonIOAGSO 0001,18766.275,27692.853,8926.578,
Contact STARLINK-2602 - MoonIOAGSO 0001,35469.021,38850.148,3381.127,
Contact STARLINK-2602 - MoonIOAGSO 0001,41046.912,49995.712,8948.800,
Contact STARLINK-2602 - MoonIOAGSO 0001,52189.436,55563.039,3373.603,
Contact STARLINK-2602 - MoonIOAGSO 0001,63317.188,66686.630,3369.442,
Contact STARLINK-2602 - MoonIOAGSO 0001,68874.496,72244.330,3369.833,
Contact STARLINK-2602 - MoonIOAGSO 0001,80020.273,86400.000,6379.727,
Contact STARLINK-2602 - MoonLRO,2046.506,3958.256,1911.751,
Contact STARLINK-2602 - MoonLRO,13675.083,16557.852,2882.769,
Contact STARLINK-2602 - MoonLRO,20489.708,22130.394,1640.686,
Contact STARLINK-2602 - MoonLRO,35463.627,38113.004,2649.377,
Contact STARLINK-2602 - MoonLRO,41031.919,44401.993,3370.074,
Contact STARLINK-2602 - MoonLRO,63306.783,65458.615,2151.832,
Contact STARLINK-2602 - MoonLRO,68876.386,77818.852,8942.466,
Contact STARLINK-2602 - MoonLRO,81923.957,83391.300,1467.342,
Contact STARLINK-2602 - MarsSat1,0.000,6485.587,6485.587,
Contact STARLINK-2602 - MarsSat1,8555.546,17602.683,9047.137,
Contact STARLINK-2602 - MarsSat1,19670.116,23161.239,3491.123,
Contact STARLINK-2602 - MarsSat1,30784.685,34278.349,3493.663,
Contact STARLINK-2602 - MarsSat1,36341.960,45395.439,9053.479,
Contact STARLINK-2602 - MarsSat1,47456.484,56512.517,9056.033,
Contact STARLINK-2602 - MarsSat1,58570.979,67629.607,9058.629,
Contact STARLINK-2602 - MarsSat1,69685.474,78746.742,9061.269,
Contact STARLINK-2602 - MarsSat1,80800.003,86400.000,5599.997,
Contact STARLINK-2602 - MarsSat2,0.000,6485.602,6485.602,
Contact STARLINK-2602 - MarsSat2,8555.547,17602.631,9047.084,
Contact STARLINK-2602 - MarsSat2,19670.038,23161.163,3491.125,
Contact STARLINK-2602 - MarsSat2,30784.561,34278.252,3493.692,
Contact STARLINK-2602 - MarsSat2,36341.829,45395.368,9053.539,
Contact STARLINK-2602 - MarsSat2,47456.378,56512.507,9056.129,
Contact STARLINK-2602 - MarsSat2,58570.939,67629.668,9058.729,
Contact STARLINK-2602 - MarsSat2,69685.513,78746.849,9061.337,
Contact STARLINK-2602 - MarsSat2,80800.098,86400.000,5599.902,
Contact STARLINK-2602 - MarsSat3,0.000,6485.631,6485.631,
Contact STARLINK-2602 - MarsSat3,8555.609,17602.644,9047.035,
Contact STARLINK-2602 - MarsSat3,19670.084,23161.172,3491.089,
Contact STARLINK-2602 - MarsSat3,30784.593,34278.276,3493.683,
Contact STARLINK-2602 - MarsSat3,36341.864,45395.408,9053.544,
Contact STARLINK-2602 - MarsSat3,47456.423,56512.552,9056.129,
Contact STARLINK-2602 - MarsSat3,58570.991,67629.701,9058.710,
Contact STARLINK-2602 - MarsSat3,69685.560,78746.855,9061.295,
Contact STARLINK-2602 - MarsSat3,80800.127,86400.000,5599.873,
Contact STARLINK-2602 - MarsSat4,0.000,6485.645,6485.645,
Contact STARLINK-2602 - MarsSat4,14112.848,17602.656,3489.808,
Contact STARLINK-2602 - MarsSat4,19670.093,23161.192,3491.099,
Contact STARLINK-2602 - MarsSat4,30784.618,34278.295,3493.677,
Contact STARLINK-2602 - MarsSat4,36341.891,45395.373,9053.482,
Contact STARLINK-2602 - MarsSat4,47456.420,56512.494,9056.074,
Contact STARLINK-2602 - MarsSat4,58570.948,67629.664,9058.716,
Contact STARLINK-2602 - MarsSat4,69685.516,78746.801,9061.285,
Contact STARLINK-2602 - MarsSat4,80800.070,86400.000,5599.930,
Contact STARLINK-6044 - STARLINK-32254,64702.300,65069.191,366.891,
Contact STARLINK-6044 - STARLINK-32254,78990.794,79448.810,458.016,
Contact STARLINK-6044 - STARLINK-4617,0.000,535.365,535.365,
Contact STARLINK-6044 - STARLINK-4617,13722.987,14916.455,1193.467,
Contact STARLINK-6044 - STARLINK-4617,28098.260,29315.284,1217.023,
Contact STARLINK-6044 - STARLINK-4617,42494.991,43695.867,1200.877,
Contact STARLINK-6044 - STARLINK-4617,56870.654,58094.231,1223.577,
Contact STARLINK-6044 - STARLINK-4617,65513.481,72474.246,6960.765,
Contact STARLINK-6044 - STARLINK-4617,79889.484,86400.000,6510.516,
Contact STARLINK-6044 - STARLINK-30196,0.000,57127.548,57127.548,
Contact STARLINK-6044 - STARLINK-30196,57961.916,65429.392,7467.476,
Contact STARLINK-6044 - STARLINK-30196,78709.472,79376.303,666.831,
Contact STARLINK-6044 - STARLINK-30825,64596.320,65112.195,515.875,
Contact STARLINK-6044 - STARLINK-30825,78775.033,79428.362,653.329,
Contact STARLINK-6044 - STARLINK-31627,72902.285,86400.000,13497.715,
Contact STARLINK-6044 - STARLINK-31407,0.000,7159.015,7159.015,
Contact STARLINK-6044 - STARLINK-30331,10468.511,11333.238,864.727,
Contact STARLINK-6044 - STARLINK-30331,24801.254,25716.568,915.314,
Contact STARLINK-6044 - STARLINK-30331,39123.155,40113.115,989.959,
Contact STARLINK-6044 - STARLINK-30331,53464.836,54487.460,1022.624,
Contact STARLINK-6044 - STARLINK-30331,67796.079,68874.463,1078.384,
Contact STARLINK-6044 - STARLINK-30331,82145.309,83241.240,1095.931,
Contact STARLINK-6044 - STARLINK-31827,10166.878,11150.310,983.432,
Contact STARLINK-6044 - STARLINK-31827,21548.249,25315.369,3767.119,
Contact STARLINK-6044 - STARLINK-31827,35849.741,36599.004,749.264,
Contact STARLINK-6044 - STARLINK-31827,50252.907,50603.729,350.822,
Contact STARLINK-6044 - STARLINK-31800,0.000,33090.339,33090.339,
Contact STARLINK-6044 - STARLINK-31987,10070.856,10941.353,870.497,
Contact STARLINK-6044 - STARLINK-31987,21454.923,22325.681,870.758,
Contact STARLINK-6044 - STARLINK-31987,35718.256,36523.645,805.389,
Contact STARLINK-6044 - STARLINK-31987,50003.834,50698.593,694.758,
Contact STARLINK-6044 - STARLINK-31987,64340.052,64824.888,484.836,
Contact STARLINK-6044 - STARLINK-31021,10329.383,10923.837,594.454,
Contact STARLINK-6044 - STARLINK-31021,24681.550,25299.227,617.677,
Contact STARLINK-6044 - STARLINK-31021,39024.558,39683.684,659.126,
Contact STARLINK-6044 - STARLINK-31021,53378.702,54057.101,678.399,
Contact STARLINK-6044 - STARLINK-31021,67724.628,68438.573,713.945,
Contact STARLINK-6044 - STARLINK-31021,82080.435,82810.330,729.895,
Contact STARLINK-6044 - STARLINK-2228,10041.231,10977.728,936.497,
Contact STARLINK-6044 - STARLINK-2228,21534.423,22087.561,553.138,
Contact STARLINK-6044 - STARLINK-1736,0.000,50965.574,50965.574,
Contact STARLINK-6044 - STARLINK-30425,32098.030,70243.927,38145.897,
Contact STARLINK-6044 - STARLINK-3346,0.000,21451.156,21451.156,
Contact STARLINK-6044 - STARLINK-3346,21968.996,35408.841,13439.845,
Contact STARLINK-6044 - STARLINK-3346,36696.652,43772.737,7076.084,
Contact STARLINK-6044 - STARLINK-31919,3231.597,3851.261,619.663,
Contact STARLINK-6044 - STARLINK-31600,0.000,3609.006,3609.006,
Contact STARLINK-6044 - STARLINK-31600,14259.091,14776.665,517.574,
Contact STARLINK-6044 - STARLINK-5978,10435.131,11401.871,966.740,
Contact STARLINK-6044 - STARLINK-5978,24846.819,25796.053,949.233,
Contact STARLINK-6044 - STARLINK-5978,39242.956,40206.040,963.084,
Contact STARLINK-6044 - STARLINK-5978,53654.927,54599.921,944.994,
Contact STARLINK-6044 - STARLINK-5978,68051.269,69009.700,958.431,
Contact STARLINK-6044 - STARLINK-5978,82463.528,83403.275,939.747,
Contact STARLINK-6044 - STARLINK-31764,0.000,21425.814,21425.814,
Contact STARLINK-6044 - STARLINK-4402,10197.022,10881.753,684.731,
Contact STARLINK-6044 - STARLINK-4402,24575.306,25252.790,677.484,
Contact STARLINK-6044 - STARLINK-4402,38943.134,39632.483,689.348,
Contact STARLINK-6044 - STARLINK-4402,53321.072,54003.843,682.770,
Contact STARLINK-6044 - STARLINK-4402,79187.191,79883.911,696.720,
Contact STARLINK-6044 - STARLINK-30842,3260.449,4155.813,895.364,
Contact STARLINK-6044 - STARLINK-30842,17570.517,18578.432,1007.915,
Contact STARLINK-6044 - STARLINK-30842,31910.612,32978.024,1067.412,
Contact STARLINK-6044 - STARLINK-30842,46228.899,47392.020,1163.121,
Contact STARLINK-6044 - STARLINK-30842,60574.521,61786.573,1212.052,
Contact STARLINK-6044 - STARLINK-30842,74899.054,76193.869,1294.815,
Contact STARLINK-6044 - STARLINK-30842,83513.857,86400.000,2886.143,
Contact STARLINK-6044 - STARLINK-31539,6912.552,7796.156,883.604,
Contact STARLINK-6044 - STARLINK-31539,21161.083,21913.053,751.970,
Contact STARLINK-6044 - STARLINK-31722,67989.668,68669.000,679.332,
Contact STARLINK-6044 - STARLINK-31722,82088.164,82953.274,865.110,
Contact STARLINK-6044 - STARLINK-1581,68131.773,75187.760,7055.987,
Contact STARLINK-6044 - STARLINK-1581,76402.381,86400.000,9997.619,
Contact STARLINK-6044 - STARLINK-5151,3490.090,4145.477,655.387,
Contact STARLINK-6044 - STARLINK-5151,17806.799,18360.869,554.070,
Contact STARLINK-6044 - STARLINK-5151,32143.929,32554.406,410.477,
Contact STARLINK-6044 - STARLINK-2388,46601.822,47090.676,488.854,
Contact STARLINK-6044 - STARLINK-2388,60785.265,61541.457,756.192,
Contact STARLINK-6044 - STARLINK-2388,74990.784,75967.802,977.017,
Contact STARLINK-6044 - STARLINK-2388,86385.201,86400.000,14.799,
Contact STARLINK-6044 - STARLINK-1700,3256.188,3882.808,626.620,
Contact STARLINK-6044 - STARLINK-1700,17416.820,18407.119,990.299,
Contact STARLINK-6044 - STARLINK-1700,25969.439,32857.162,6887.723,
Contact STARLINK-6044 - STARLINK-1700,40188.701,47313.267,7124.565,
Contact STARLINK-6044 - STARLINK-1700,54461.183,61731.639,7270.456,
Contact STARLINK-6044 - STARLINK-1700,68713.014,79027.423,10314.409,
Contact STARLINK-6044 - STARLINK-1700,83013.542,86400.000,3386.458,
Contact STARLINK-6044 - STARLINK-31463,6919.435,7477.124,557.689,
Contact STARLINK-6044 - STARLINK-31463,21048.504,21792.243,743.739,
Contact STARLINK-6044 - STARLINK-31463,32382.742,36066.049,3683.308,
Contact STARLINK-6044 - STARLINK-31463,46582.102,47458.212,876.110,
Contact STARLINK-6044 - STARLINK-31463,60819.713,61663.772,844.059,
Contact STARLINK-6044 - STARLINK-31463,75091.204,75836.715,745.510,
Contact STARLINK-6044 - MoonARTEMIS1,0.000,20655.951,20655.951,
Contact STARLINK-6044 - MoonARTEMIS1,21919.907,31066.773,9146.866,
Contact STARLINK-6044 - MoonARTEMIS1,33955.687,49300.629,15344.942,
Contact STARLINK-6044 - MoonARTEMIS1,50806.400,60776.400,9970.000,
Contact STARLINK-6044 - MoonARTEMIS1,62351.946,77989.387,15637.441,
Contact STARLINK-6044 - MoonARTEMIS1,79674.878,86400.000,6725.122,
Contact STARLINK-6044 - MoonARTEMIS2,0.000,3394.846,3394.846,
Contact STARLINK-6044 - MoonARTEMIS2,4690.512,20573.259,15882.748,
Contact STARLINK-6044 - MoonARTEMIS2,22025.159,32043.656,10018.497,
Contact STARLINK-6044 - MoonARTEMIS2,33559.887,47349.585,13789.698,
Contact STARLINK-6044 - MoonARTEMIS2,51344.898,60729.111,9384.213,
Contact STARLINK-6044 - MoonARTEMIS2,62435.869,77946.806,15510.937,
Contact STARLINK-6044 - MoonARTEMIS2,79762.775,86400.000,6637.225,
Contact STARLINK-6044 - MoonIOAGEO,0.000,3541.911,3541.911,
Contact STARLINK-6044 - MoonIOAGEO,4507.406,13005.015,8497.609,
Contact STARLINK-6044 - MoonIOAGEO,17174.441,20605.250,3430.809,
Contact STARLINK-6044 - MoonIOAGEO,21968.608,32054.718,10086.110,
Contact STARLINK-6044 - MoonIOAGEO,33529.175,49283.309,15754.134,
Contact STARLINK-6044 - MoonIOAGEO,50839.030,55010.583,4171.553,
Contact STARLINK-6044 - MoonIOAGEO,62411.868,77950.455,15538.587,
Contact STARLINK-6044 - MoonIOAGEO,79722.585,86400.000,6677.415,
Contact STARLINK-6044 - MoonIOAGNO,0.000,3531.283,3531.283,
Contact STARLINK-6044 - MoonIOAGNO,4519.307,20651.407,16132.100,
Contact STARLINK-6044 - MoonIOAGNO,21988.564,32120.058,10131.494,
Contact STARLINK-6044 - MoonIOAGNO,33536.220,49265.006,15728.786,
Contact STARLINK-6044 - MoonIOAGNO,50846.314,60752.751,9906.436,
Contact STARLINK-6044 - MoonIOAGNO,62438.531,77989.844,15551.313,
Contact STARLINK-6044 - MoonIOAGNO,79734.808,86400.000,6665.192,
Contact STARLINK-6044 - MoonIOAGNO 0001,0.000,3539.644,3539.644,
Contact STARLINK-6044 - MoonIOAGNO 0001,4592.835,20671.588,16078.753,
Contact STARLINK-6044 - MoonIOAGNO 0001,21928.908,32059.833,10130.925,
Contact STARLINK-6044 - MoonIOAGNO 0001,33541.018,49302.292,15761.274,
Contact STARLINK-6044 - MoonIOAGNO 0001,50884.164,60770.413,9886.249,
Contact STARLINK-6044 - MoonIOAGNO 0001,62408.009,77960.411,15552.402,
Contact STARLINK-6044 - MoonIOAGNO 0001,79744.407,86400.000,6655.593,
Contact STARLINK-6044 - MoonIOAGSO,0.000,3488.996,3488.996,
Contact STARLINK-6044 - MoonIOAGSO,4557.299,8875.066,4317.768,
Contact STARLINK-6044 - MoonIOAGSO,11596.354,20569.391,8973.037,
Contact STARLINK-6044 - MoonIOAGSO,21930.984,32016.741,10085.757,
Contact STARLINK-6044 - MoonIOAGSO,33503.500,49273.668,15770.168,
Contact STARLINK-6044 - MoonIOAGSO,56621.589,60706.314,4084.725,
Contact STARLINK-6044 - MoonIOAGSO,62388.061,77920.576,15532.515,
Contact STARLINK-6044 - MoonIOAGSO,79706.980,86400.000,6693.020,
Contact STARLINK-6044 - MoonIOAGSO 0001,0.000,3412.547,3412.547,
Contact STARLINK-6044 - MoonIOAGSO 0001,4546.653,20595.177,16048.524,
Contact STARLINK-6044 - MoonIOAGSO 0001,21943.641,30528.738,8585.097,
Contact STARLINK-6044 - MoonIOAGSO 0001,33511.856,49214.986,15703.130,
Contact STARLINK-6044 - MoonIOAGSO 0001,50837.661,60705.376,9867.714,
Contact STARLINK-6044 - MoonIOAGSO 0001,62397.728,72226.748,9829.020,
Contact STARLINK-6044 - MoonIOAGSO 0001,79707.827,86400.000,6692.173,
Contact STARLINK-6044 - MoonLRO,0.000,3501.019,3501.019,
Contact STARLINK-6044 - MoonLRO,6834.273,9195.140,2360.867,
Contact STARLINK-6044 - MoonLRO,13685.144,17606.408,3921.264,
Contact STARLINK-6044 - MoonLRO,27725.739,31319.954,3594.215,
Contact STARLINK-6044 - MoonLRO,34118.368,37808.553,3690.185,
Contact STARLINK-6044 - MoonLRO,40959.375,43533.000,2573.624,
Contact STARLINK-6044 - MoonLRO,56633.772,58627.091,1993.320,
Contact STARLINK-6044 - MoonLRO,62400.913,77960.953,15560.040,
Contact STARLINK-6044 - MoonLRO,81937.984,83696.351,1758.368,
Contact STARLINK-6044 - MarsSat1,0.000,2911.682,2911.682,
Contact STARLINK-6044 - MarsSat1,5027.268,20187.163,15159.896,
Contact STARLINK-6044 - MarsSat1,22301.535,31704.150,9402.615,
Contact STARLINK-6044 - MarsSat1,33817.666,48979.662,15161.996,
Contact STARLINK-6044 - MarsSat1,51091.829,60496.706,9404.877,
Contact STARLINK-6044 - MarsSat1,62607.927,77772.322,15164.394,
Contact STARLINK-6044 - MarsSat1,79882.038,86400.000,6517.962,
Contact STARLINK-6044 - MarsSat2,0.000,2911.651,2911.651,
Contact STARLINK-6044 - MarsSat2,5027.246,20187.214,15159.968,
Contact STARLINK-6044 - MarsSat2,22301.601,31704.236,9402.634,
Contact STARLINK-6044 - MarsSat2,33817.767,48979.766,15161.999,
Contact STARLINK-6044 - MarsSat2,51091.936,60496.792,9404.856,
Contact STARLINK-6044 - MarsSat2,62608.003,77772.350,15164.347,
Contact STARLINK-6044 - MarsSat2,79882.043,86400.000,6517.957,
Contact STARLINK-6044 - MarsSat3,0.000,2911.599,2911.599,
Contact STARLINK-6044 - MarsSat3,5027.178,20187.134,15159.956,
Contact STARLINK-6044 - MarsSat3,22301.530,31704.203,9402.673,
Contact STARLINK-6044 - MarsSat3,33817.738,48979.752,15162.015,
Contact STARLINK-6044 - MarsSat3,51091.916,60496.766,9404.850,
Contact STARLINK-6044 - MarsSat3,62607.968,77772.293,15164.325,
Contact STARLINK-6044 - MarsSat3,79881.983,86400.000,6518.017,
Contact STARLINK-6044 - MarsSat4,0.000,2911.689,2911.689,
Contact STARLINK-6044 - MarsSat4,5027.260,8670.154,3642.894,
Contact STARLINK-6044 - MarsSat4,10824.288,20187.142,9362.855,
Contact STARLINK-6044 - MarsSat4,22301.534,31704.191,9402.657,
Contact STARLINK-6044 - MarsSat4,33817.717,48979.671,15161.954,
Contact STARLINK-6044 - MarsSat4,51091.855,60496.762,9404.907,
Contact STARLINK-6044 - MarsSat4,62607.982,77772.294,15164.312,
Contact STARLINK-6044 - MarsSat4,79881.998,86400.000,6518.002,
Contact STARLINK-32254 - STARLINK-4617,6830.847,7580.274,749.427,
Contact STARLINK-32254 - STARLINK-4617,21166.092,21901.940,735.848,
Contact STARLINK-32254 - STARLINK-4617,35513.006,36213.295,700.288,
Contact STARLINK-32254 - STARLINK-4617,49849.644,50533.514,683.870,
Contact STARLINK-32254 - STARLINK-4617,64197.207,64844.114,646.907,
Contact STARLINK-32254 - STARLINK-30472,25120.042,25731.330,611.288,
Contact STARLINK-32254 - STARLINK-30472,39376.956,40072.937,695.981,
Contact STARLINK-32254 - STARLINK-30472,53627.279,54423.164,795.885,
Contact STARLINK-32254 - STARLINK-30472,67896.075,68752.830,856.755,
Contact STARLINK-32254 - STARLINK-30472,82157.771,83091.622,933.851,
Contact STARLINK-32254 - STARLINK-30825,0.000,86400.000,86400.000,
Contact STARLINK-32254 - STARLINK-31627,0.000,365.088,365.088,
Contact STARLINK-32254 - STARLINK-31627,13730.476,14583.934,853.458,
Contact STARLINK-32254 - STARLINK-31627,25067.730,25949.343,881.613,
Contact STARLINK-32254 - STARLINK-31627,39250.530,40145.002,894.472,
Contact STARLINK-32254 - STARLINK-31627,53442.594,54331.033,888.439,
Contact STARLINK-32254 - STARLINK-31627,67647.592,68504.417,856.825,
Contact STARLINK-32254 - STARLINK-31627,79019.348,79835.309,815.961,
Contact STARLINK-32254 - STARLINK-3182,0.000,63969.817,63969.817,
Contact STARLINK-32254 - STARLINK-4413,6531.735,7872.418,1340.683,
Contact STARLINK-32254 - STARLINK-4413,20895.302,22181.192,1285.890,
Contact STARLINK-32254 - STARLINK-4413,35300.457,36457.370,1156.914,
Contact STARLINK-32254 - STARLINK-4413,49699.381,50731.810,1032.428,
Contact STARLINK-32254 - STARLINK-4413,64153.904,64959.736,805.832,
Contact STARLINK-32254 - STARLINK-4127,0.000,7137.058,7137.058,
Contact STARLINK-32254 - STARLINK-4127,10921.880,21451.672,10529.792,
Contact STARLINK-32254 - STARLINK-4127,22341.584,35742.021,13400.437,
Contact STARLINK-32254 - STARLINK-4127,36608.623,50052.098,13443.475,
Contact STARLINK-32254 - STARLINK-4127,50896.862,64338.068,13441.207,
Contact STARLINK-32254 - STARLINK-4127,65168.646,78643.202,13474.557,
Contact STARLINK-32254 - STARLINK-4127,79461.467,86400.000,6938.533,
Contact STARLINK-32254 - STARLINK-30331,6779.317,13752.643,6973.326,
Contact STARLINK-32254 - STARLINK-30331,21076.291,22333.868,1257.577,
Contact STARLINK-32254 - STARLINK-30331,35388.462,36617.044,1228.582,
Contact STARLINK-32254 - STARLINK-30331,49690.047,50910.746,1220.700,
Contact STARLINK-32254 - STARLINK-30331,58282.676,65188.871,6906.196,
Contact STARLINK-32254 - STARLINK-30331,75457.472,79477.936,4020.465,
Contact STARLINK-32254 - STARLINK-31827,724.995,7617.113,6892.117,
Contact STARLINK-32254 - STARLINK-31827,17779.750,21678.566,3898.816,
Contact STARLINK-32254 - STARLINK-31827,32075.456,32859.589,784.133,
Contact STARLINK-32254 - STARLINK-31987,259.265,10453.154,10193.890,
Contact STARLINK-32254 - STARLINK-31987,17430.354,24429.119,6998.764,
Contact STARLINK-32254 - STARLINK-31987,31828.047,32791.075,963.028,
Contact STARLINK-32254 - STARLINK-31021,0.000,86400.000,86400.000,
Contact STARLINK-32254 - STARLINK-2228,6504.231,7304.297,800.066,
Contact STARLINK-32254 - STARLINK-6372,0.000,301.989,301.989,
Contact STARLINK-32254 - STARLINK-6372,14246.434,14546.440,300.006,
Contact STARLINK-32254 - STARLINK-30425,0.000,315.198,315.198,
Contact STARLINK-32254 - STARLINK-30425,10749.842,11531.548,781.706,
Contact STARLINK-32254 - STARLINK-30425,24983.143,25473.550,490.407,
Contact STARLINK-32254 - STARLINK-5978,619.627,7558.198,6938.571,
Contact STARLINK-32254 - STARLINK-5978,17871.770,21873.719,4001.949,
Contact STARLINK-32254 - STARLINK-5978,32256.252,36152.866,3896.614,
Contact STARLINK-32254 - STARLINK-5978,46678.079,50436.073,3757.994,
Contact STARLINK-32254 - STARLINK-5978,61099.736,61837.718,737.982,
Contact STARLINK-32254 - STARLINK-5978,75591.251,76033.318,442.067,
Contact STARLINK-32254 - STARLINK-4402,0.000,6606.887,6606.887,
Contact STARLINK-32254 - STARLINK-4402,7315.348,17982.021,10666.673,
Contact STARLINK-32254 - STARLINK-4402,21740.374,32217.069,10476.695,
Contact STARLINK-32254 - STARLINK-4402,36205.825,46416.627,10210.802,
Contact STARLINK-32254 - STARLINK-4402,53547.648,60634.125,7086.476,
Contact STARLINK-32254 - STARLINK-4402,68002.273,69138.517,1136.243,
Contact STARLINK-32254 - STARLINK-4402,82506.904,83315.967,809.062,
Contact STARLINK-32254 - STARLINK-31502,39727.629,86400.000,46672.371,
Contact STARLINK-32254 - STARLINK-5807,85694.468,86400.000,705.532,
Contact STARLINK-32254 - STARLINK-31722,64216.938,64999.942,783.004,
Contact STARLINK-32254 - STARLINK-31722,75258.948,82307.689,7048.741,
Contact STARLINK-32254 - STARLINK-1581,25061.125,25580.447,519.323,
Contact STARLINK-32254 - STARLINK-1581,39153.136,39835.326,682.190,
Contact STARLINK-32254 - STARLINK-1581,53274.678,54059.670,784.992,
Contact STARLINK-32254 - STARLINK-1581,64583.926,65427.239,843.313,
Contact STARLINK-32254 - STARLINK-1581,78733.441,79623.757,890.316,
Contact STARLINK-32254 - STARLINK-4290,82757.479,82851.400,93.922,
Contact STARLINK-32254 - STARLINK-3167,0.000,86400.000,86400.000,
Contact STARLINK-32254 - STARLINK-31463,0.000,3365.157,3365.157,
Contact STARLINK-32254 - MoonARTEMIS1,0.000,3503.374,3503.374,
Contact STARLINK-32254 - MoonARTEMIS1,5634.744,9236.434,3601.690,
Contact STARLINK-32254 - MoonARTEMIS1,11371.526,20707.359,9335.832,
Contact STARLINK-32254 - MoonARTEMIS1,22850.757,31079.879,8229.123,
Contact STARLINK-32254 - MoonARTEMIS1,34316.017,37893.316,3577.299,
Contact STARLINK-32254 - MoonARTEMIS1,40032.765,49332.957,9300.192,
Contact STARLINK-32254 - MoonARTEMIS1,51476.122,60779.533,9303.411,
Contact STARLINK-32254 - MoonARTEMIS1,62926.710,66504.629,3577.918,
Contact STARLINK-32254 - MoonARTEMIS1,68653.926,77957.874,9303.948,
Contact STARLINK-32254 - MoonARTEMIS1,80111.563,86400.000,6288.437,
Contact STARLINK-32254 - MoonARTEMIS2,0.000,3573.382,3573.382,
Contact STARLINK-32254 - MoonARTEMIS2,5714.941,9299.748,3584.807,
Contact STARLINK-32254 - MoonARTEMIS2,11442.604,20749.893,9307.289,
Contact STARLINK-32254 - MoonARTEMIS2,22894.633,32195.499,9300.866,
Contact STARLINK-32254 - MoonARTEMIS2,34340.653,37915.555,3574.902,
Contact STARLINK-32254 - MoonARTEMIS2,40059.725,47401.190,7341.465,
Contact STARLINK-32254 - MoonARTEMIS2,51511.784,60827.481,9315.697,
Contact STARLINK-32254 - MoonARTEMIS2,62984.291,66559.407,3575.116,
Contact STARLINK-32254 - MoonARTEMIS2,68717.877,78020.334,9302.457,
Contact STARLINK-32254 - MoonARTEMIS2,80181.573,86400.000,6218.427,
Contact STARLINK-32254 - MoonIOAGEO,0.000,3523.695,3523.695,
Contact STARLINK-32254 - MoonIOAGEO,5656.438,9255.605,3599.167,
Contact STARLINK-32254 - MoonIOAGEO,17316.712,20731.234,3414.522,
Contact STARLINK-32254 - MoonIOAGEO,22875.055,32185.853,9310.798,
Contact STARLINK-32254 - MoonIOAGEO,34327.493,37903.057,3575.564,
Contact STARLINK-32254 - MoonIOAGEO,40044.812,49346.093,9301.281,
Contact STARLINK-32254 - MoonIOAGEO,51495.372,55079.161,3583.788,
Contact STARLINK-32254 - MoonIOAGEO,62973.241,66552.130,3578.889,
Contact STARLINK-32254 - MoonIOAGEO,68709.007,78001.079,9292.072,
Contact STARLINK-32254 - MoonIOAGEO,80155.041,86400.000,6244.959,
Contact STARLINK-32254 - MoonIOAGNO,0.000,3526.471,3526.471,
Contact STARLINK-32254 - MoonIOAGNO,5665.346,9272.806,3607.460,
Contact STARLINK-32254 - MoonIOAGNO,11410.403,20713.570,9303.167,
Contact STARLINK-32254 - MoonIOAGNO,22855.688,32157.431,9301.743,
Contact STARLINK-32254 - MoonIOAGNO,34303.638,37884.087,3580.449,
Contact STARLINK-32254 - MoonIOAGNO,40031.994,49356.568,9324.574,
Contact STARLINK-32254 - MoonIOAGNO,51512.856,60811.521,9298.665,
Contact STARLINK-32254 - MoonIOAGNO,62964.709,66530.947,3566.238,
Contact STARLINK-32254 - MoonIOAGNO,68686.278,77976.493,9290.215,
Contact STARLINK-32254 - MoonIOAGNO,80135.088,86400.000,6264.912,
Contact STARLINK-32254 - MoonIOAGNO 0001,0.000,3523.148,3523.148,
Contact STARLINK-32254 - MoonIOAGNO 0001,5660.056,9246.041,3585.985,
Contact STARLINK-32254 - MoonIOAGNO 0001,11384.891,20703.100,9318.209,
Contact STARLINK-32254 - MoonIOAGNO 0001,22845.780,32183.990,9338.210,
Contact STARLINK-32254 - MoonIOAGNO 0001,34328.307,37903.806,3575.499,
Contact STARLINK-32254 - MoonIOAGNO 0001,40050.437,49343.826,9293.389,
Contact STARLINK-32254 - MoonIOAGNO 0001,51495.020,60794.626,9299.606,
Contact STARLINK-32254 - MoonIOAGNO 0001,62949.220,66527.071,3577.851,
Contact STARLINK-32254 - MoonIOAGNO 0001,68684.682,77999.310,9314.629,
Contact STARLINK-32254 - MoonIOAGNO 0001,80155.968,86400.000,6244.032,
Contact STARLINK-32254 - MoonIOAGSO,0.000,3537.798,3537.798,
Contact STARLINK-32254 - MoonIOAGSO,5668.404,8809.346,3140.941,
Contact STARLINK-32254 - MoonIOAGSO,11707.485,20742.407,9034.922,
Contact STARLINK-32254 - MoonIOAGSO,22881.023,32199.724,9318.701,
Contact STARLINK-32254 - MoonIOAGSO,34340.247,37922.258,3582.011,
Contact STARLINK-32254 - MoonIOAGSO,40064.289,49354.894,9290.605,
Contact STARLINK-32254 - MoonIOAGSO,57245.225,60829.680,3584.454,
Contact STARLINK-32254 - MoonIOAGSO,62983.061,66563.011,3579.950,
Contact STARLINK-32254 - MoonIOAGSO,68716.262,78016.689,9300.427,
Contact STARLINK-32254 - MoonIOAGSO,80171.141,86400.000,6228.859,
Contact STARLINK-32254 - MoonIOAGSO 0001,0.000,3561.327,3561.327,
Contact STARLINK-32254 - MoonIOAGSO 0001,5692.041,9288.833,3596.792,
Contact STARLINK-32254 - MoonIOAGSO 0001,11420.911,20731.785,9310.874,
Contact STARLINK-32254 - MoonIOAGSO 0001,22867.682,30523.465,7655.783,
Contact STARLINK-32254 - MoonIOAGSO 0001,34326.208,37918.901,3592.692,
Contact STARLINK-32254 - MoonIOAGSO 0001,40065.566,49383.251,9317.684,
Contact STARLINK-32254 - MoonIOAGSO 0001,51530.270,60830.481,9300.210,
Contact STARLINK-32254 - MoonIOAGSO 0001,62979.598,66547.461,3567.864,
Contact STARLINK-32254 - MoonIOAGSO 0001,68697.301,72262.038,3564.737,
Contact STARLINK-32254 - MoonIOAGSO 0001,80161.712,86400.000,6238.288,
Contact STARLINK-32254 - MoonLRO,6846.761,9265.773,2419.012,
Contact STARLINK-32254 - MoonLRO,13663.198,14996.594,1333.395,
Contact STARLINK-32254 - MoonLRO,28594.211,31284.478,2690.267,
Contact STARLINK-32254 - MoonLRO,34322.815,37901.324,3578.509,
Contact STARLINK-32254 - MoonLRO,40983.433,43631.527,2648.094,
Contact STARLINK-32254 - MoonLRO,57238.237,58645.682,1407.445,
Contact STARLINK-32254 - MoonLRO,62969.457,65459.439,2489.982,
Contact STARLINK-32254 - MoonLRO,68697.658,77994.046,9296.388,
Contact STARLINK-32254 - MoonLRO,81934.409,83724.445,1790.036,
Contact STARLINK-32254 - MarsSat1,942.961,10266.526,9323.565,
Contact STARLINK-32254 - MarsSat1,12369.628,15980.727,3611.099,
Contact STARLINK-32254 - MarsSat1,18082.977,27409.179,9326.202,
Contact STARLINK-32254 - MarsSat1,29509.687,38837.672,9327.985,
Contact STARLINK-32254 - MarsSat1,40936.391,50266.195,9329.803,
Contact STARLINK-32254 - MarsSat1,52363.079,55980.470,3617.391,
Contact STARLINK-32254 - MarsSat1,58076.421,67409.068,9332.647,
Contact STARLINK-32254 - MarsSat1,69503.118,78837.758,9334.640,
Contact STARLINK-32254 - MarsSat1,80929.862,84552.145,3622.283,
Contact STARLINK-32254 - MarsSat2,943.021,10266.515,9323.494,
Contact STARLINK-32254 - MarsSat2,12369.601,15980.679,3611.079,
Contact STARLINK-32254 - MarsSat2,18082.912,27409.080,9326.168,
Contact STARLINK-32254 - MarsSat2,29509.572,38837.564,9327.991,
Contact STARLINK-32254 - MarsSat2,40936.269,50266.124,9329.854,
Contact STARLINK-32254 - MarsSat2,52362.998,55980.432,3617.434,
Contact STARLINK-32254 - MarsSat2,58076.372,67409.103,9332.730,
Contact STARLINK-32254 - MarsSat2,69503.143,78837.846,9334.703,
Contact STARLINK-32254 - MarsSat2,80929.942,84552.245,3622.303,
Contact STARLINK-32254 - MarsSat3,943.064,10266.561,9323.497,
Contact STARLINK-32254 - MarsSat3,12369.664,15980.717,3611.054,
Contact STARLINK-32254 - MarsSat3,18082.965,27409.104,9326.139,
Contact STARLINK-32254 - MarsSat3,29509.605,38837.596,9327.991,
Contact STARLINK-32254 - MarsSat3,40936.305,50266.167,9329.862,
Contact STARLINK-32254 - MarsSat3,52363.042,55980.477,3617.435,
Contact STARLINK-32254 - MarsSat3,58076.420,67409.143,9332.724,
Contact STARLINK-32254 - MarsSat3,69503.190,78837.868,9334.678,
Contact STARLINK-32254 - MarsSat3,80929.975,84552.251,3622.276,
Contact STARLINK-32254 - MarsSat4,943.014,9030.985,8087.971,
Contact STARLINK-32254 - MarsSat4,12369.661,15980.724,3611.063,
Contact STARLINK-32254 - MarsSat4,18082.970,27409.125,9326.154,
Contact STARLINK-32254 - MarsSat4,29509.626,38837.614,9327.988,
Contact STARLINK-32254 - MarsSat4,43179.587,50266.137,7086.550,
Contact STARLINK-32254 - MarsSat4,52363.026,55980.435,3617.409,
Contact STARLINK-32254 - MarsSat4,58076.385,67409.103,9332.718,
Contact STARLINK-32254 - MarsSat4,69503.149,78837.819,9334.670,
Contact STARLINK-32254 - MarsSat4,80929.924,84552.199,3622.276,
Contact STARLINK-4617 - STARLINK-30472,3267.513,3971.875,704.362,
Contact STARLINK-4617 - STARLINK-30472,17612.839,18338.279,725.440,
Contact STARLINK-4617 - STARLINK-30472,31966.094,32695.790,729.696,
Contact STARLINK-4617 - STARLINK-30472,46311.053,47062.679,751.627,
Contact STARLINK-4617 - STARLINK-30472,60664.351,61420.282,755.931,
Contact STARLINK-4617 - STARLINK-30472,75009.049,75787.554,778.505,
Contact STARLINK-4617 - STARLINK-30196,0.000,634.787,634.787,
Contact STARLINK-4617 - STARLINK-30196,13994.072,14934.722,940.650,
Contact STARLINK-4617 - STARLINK-30196,28376.226,29238.403,862.178,
Contact STARLINK-4617 - STARLINK-30196,42791.617,43515.183,723.566,
Contact STARLINK-4617 - STARLINK-30196,57203.188,57790.150,586.962,
Contact STARLINK-4617 - STARLINK-30825,7092.571,7919.688,827.117,
Contact STARLINK-4617 - STARLINK-30825,21345.071,22150.913,805.842,
Contact STARLINK-4617 - STARLINK-30825,35624.120,36357.234,733.113,
Contact STARLINK-4617 - STARLINK-30825,49905.144,50560.224,655.079,
Contact STARLINK-4617 - STARLINK-31627,60792.002,61207.066,415.063,
Contact STARLINK-4617 - STARLINK-31627,71994.222,75688.686,3694.464,
Contact STARLINK-4617 - STARLINK-31627,86096.869,86400.000,303.131,
Contact STARLINK-4617 - STARLINK-3182,6758.467,7501.255,742.789,
Contact STARLINK-4617 - STARLINK-3182,21014.418,21753.749,739.331,
Contact STARLINK-4617 - STARLINK-3182,35277.578,36000.218,722.640,
Contact STARLINK-4617 - STARLINK-3182,46687.624,47397.381,709.757,
Contact STARLINK-4617 - STARLINK-3182,60951.188,61642.200,691.012,
Contact STARLINK-4617 - STARLINK-3182,75216.502,75886.501,669.999,
Contact STARLINK-4617 - STARLINK-4413,7026.413,7757.825,731.412,
Contact STARLINK-4617 - STARLINK-4413,21403.238,22144.057,740.819,
Contact STARLINK-4617 - STARLINK-4413,35789.917,36520.935,731.018,
Contact STARLINK-4617 - STARLINK-4413,50166.685,50907.222,740.537,
Contact STARLINK-4617 - STARLINK-4413,64553.411,65284.035,730.623,
Contact STARLINK-4617 - STARLINK-4413,78930.124,79670.376,740.252,
Contact STARLINK-4617 - STARLINK-31407,0.000,325.628,325.628,
Contact STARLINK-4617 - STARLINK-4127,6639.999,7337.637,697.638,
Contact STARLINK-4617 - STARLINK-4127,20980.915,21681.848,700.933,
Contact STARLINK-4617 - STARLINK-4127,35323.250,36025.368,702.118,
Contact STARLINK-4617 - STARLINK-4127,46796.461,47500.553,704.092,
Contact STARLINK-4617 - STARLINK-4127,61137.820,61844.299,706.479,
Contact STARLINK-4617 - STARLINK-4127,75479.247,76188.773,709.526,
Contact STARLINK-4617 - STARLINK-30331,359.575,10753.565,10393.990,
Contact STARLINK-4617 - STARLINK-30331,14734.610,25096.971,10362.362,
Contact STARLINK-4617 - STARLINK-30331,29103.798,39460.842,10357.044,
Contact STARLINK-4617 - STARLINK-30331,43487.126,53795.109,10307.983,
Contact STARLINK-4617 - STARLINK-30331,57866.180,68149.703,10283.524,
Contact STARLINK-4617 - STARLINK-30331,72256.127,82476.399,10220.272,
Contact STARLINK-4617 - STARLINK-31827,618.819,7485.519,6866.700,
Contact STARLINK-4617 - STARLINK-31800,0.000,763.987,763.987,
Contact STARLINK-4617 - STARLINK-31800,14049.589,14919.971,870.382,
Contact STARLINK-4617 - STARLINK-31800,28321.766,29017.145,695.378,
Contact STARLINK-4617 - STARLINK-31021,6707.730,7680.201,972.471,
Contact STARLINK-4617 - STARLINK-31021,21075.050,22036.706,961.656,
Contact STARLINK-4617 - STARLINK-31021,35455.252,36378.814,923.562,
Contact STARLINK-4617 - STARLINK-31021,49822.774,50734.604,911.830,
Contact STARLINK-4617 - STARLINK-31021,64203.451,65076.015,872.564,
Contact STARLINK-4617 - STARLINK-31021,78571.064,79431.232,860.168,
Contact STARLINK-4617 - STARLINK-1736,0.000,3871.123,3871.123,
Contact STARLINK-4617 - STARLINK-1736,13962.737,20968.650,7005.913,
Contact STARLINK-4617 - STARLINK-1736,28221.338,29458.583,1237.245,
Contact STARLINK-4617 - STARLINK-1736,42640.679,43482.309,841.630,
Contact STARLINK-4617 - STARLINK-30425,17798.284,18015.250,216.966,
Contact STARLINK-4617 - STARLINK-30425,31672.136,32424.073,751.936,
Contact STARLINK-4617 - STARLINK-30425,42902.976,43817.333,914.357,
Contact STARLINK-4617 - STARLINK-30425,57036.242,57962.781,926.539,
Contact STARLINK-4617 - STARLINK-4772,10455.314,11185.387,730.073,
Contact STARLINK-4617 - STARLINK-4772,24733.779,25501.647,767.868,
Contact STARLINK-4617 - STARLINK-4772,39005.988,39823.454,817.466,
Contact STARLINK-4617 - STARLINK-4772,53297.570,54126.443,828.873,
Contact STARLINK-4617 - STARLINK-4772,64730.062,68434.942,3704.880,
Contact STARLINK-4617 - STARLINK-4772,79019.910,79873.055,853.145,
Contact STARLINK-4617 - STARLINK-3346,0.000,362.647,362.647,
Contact STARLINK-4617 - STARLINK-3346,13859.239,14652.108,792.869,
Contact STARLINK-4617 - STARLINK-3346,28180.250,28950.131,769.881,
Contact STARLINK-4617 - STARLINK-3346,42520.102,43228.308,708.205,
Contact STARLINK-4617 - STARLINK-3346,53991.532,54651.799,660.266,
Contact STARLINK-4617 - STARLINK-3346,68329.909,68932.571,602.662,
Contact STARLINK-4617 - STARLINK-3346,82695.116,83185.790,490.674,
Contact STARLINK-4617 - STARLINK-31919,68159.000,68584.257,425.257,
Contact STARLINK-4617 - STARLINK-31919,82236.010,82878.311,642.301,
Contact STARLINK-4617 - STARLINK-31600,0.000,241.367,241.367,
Contact STARLINK-4617 - STARLINK-31600,39581.801,39922.461,340.660,
Contact STARLINK-4617 - STARLINK-31600,53798.418,54106.705,308.288,
Contact STARLINK-4617 - STARLINK-4687,7161.106,10911.327,3750.221,
Contact STARLINK-4617 - STARLINK-4687,21494.430,25241.348,3746.918,
Contact STARLINK-4617 - STARLINK-4687,35841.002,36708.917,867.915,
Contact STARLINK-4617 - STARLINK-4687,50177.007,51047.638,870.631,
Contact STARLINK-4617 - STARLINK-4687,64525.693,65374.450,848.758,
Contact STARLINK-4617 - STARLINK-4687,78863.937,79710.805,846.868,
Contact STARLINK-4617 - STARLINK-5978,6485.899,14013.938,7528.039,
Contact STARLINK-4617 - STARLINK-5978,15098.430,28477.093,13378.662,
Contact STARLINK-4617 - STARLINK-5978,29471.577,42880.044,13408.467,
Contact STARLINK-4617 - STARLINK-5978,43838.704,57333.400,13494.696,
Contact STARLINK-4617 - STARLINK-5978,58219.102,71727.692,13508.590,
Contact STARLINK-4617 - STARLINK-5978,72595.949,86170.773,13574.824,
Contact STARLINK-4617 - STARLINK-31764,0.000,560.542,560.542,
Contact STARLINK-4617 - STARLINK-31764,13959.364,14665.438,706.074,
Contact STARLINK-4617 - STARLINK-31502,10290.217,10876.102,585.885,
Contact STARLINK-4617 - STARLINK-31502,35774.526,36472.861,698.336,
Contact STARLINK-4617 - STARLINK-31502,49942.423,50681.854,739.431,
Contact STARLINK-4617 - STARLINK-31502,64129.865,64872.763,742.898,
Contact STARLINK-4617 - STARLINK-31502,75485.813,76218.853,733.040,
Contact STARLINK-4617 - STARLINK-30842,2967.451,3764.521,797.071,
Contact STARLINK-4617 - STARLINK-30842,17325.274,18130.387,805.113,
Contact STARLINK-4617 - STARLINK-30842,31689.336,32488.816,799.480,
Contact STARLINK-4617 - STARLINK-30842,43178.096,46854.894,3676.797,
Contact STARLINK-4617 - STARLINK-30842,57535.694,61213.173,3677.479,
Contact STARLINK-4617 - STARLINK-30842,71900.027,72702.930,802.902,
Contact STARLINK-4617 - STARLINK-30842,86257.489,86400.000,142.511,
Contact STARLINK-4617 - STARLINK-4631,10083.526,10923.999,840.472,
Contact STARLINK-4617 - STARLINK-4631,21551.851,25255.236,3703.386,
Contact STARLINK-4617 - STARLINK-4631,35893.785,36723.796,830.011,
Contact STARLINK-4617 - STARLINK-4631,50225.467,51063.668,838.202,
Contact STARLINK-4617 - STARLINK-4631,64568.955,65392.522,823.567,
Contact STARLINK-4617 - STARLINK-4631,78902.515,79730.417,827.902,
Contact STARLINK-4617 - STARLINK-5807,3177.104,3890.565,713.461,
Contact STARLINK-4617 - STARLINK-5807,17562.563,18278.643,716.079,
Contact STARLINK-4617 - STARLINK-5807,31954.703,32660.122,705.419,
Contact STARLINK-4617 - STARLINK-5807,46340.467,47047.887,707.420,
Contact STARLINK-4617 - STARLINK-5807,60732.785,61429.187,696.403,
Contact STARLINK-4617 - STARLINK-5807,75118.863,75816.628,697.766,
Contact STARLINK-4617 - STARLINK-31722,38784.345,39674.787,890.442,
Contact STARLINK-4617 - STARLINK-31722,50000.596,56866.701,6866.105,
Contact STARLINK-4617 - STARLINK-31722,64162.422,65371.456,1209.033,
Contact STARLINK-4617 - STARLINK-31722,72720.254,79457.529,6737.274,
Contact STARLINK-4617 - STARLINK-1581,60711.220,61768.237,1057.017,
Contact STARLINK-4617 - STARLINK-1581,69011.609,82111.973,13100.365,
Contact STARLINK-4617 - STARLINK-1581,83035.751,86400.000,3364.249,
Contact STARLINK-4617 - STARLINK-2388,3275.438,4024.055,748.617,
Contact STARLINK-4617 - STARLINK-2388,17582.316,18338.760,756.444,
Contact STARLINK-4617 - STARLINK-2388,31893.562,32648.091,754.530,
Contact STARLINK-4617 - STARLINK-2388,46200.566,46962.661,762.095,
Contact STARLINK-4617 - STARLINK-2388,60513.527,61270.240,756.713,
Contact STARLINK-4617 - STARLINK-2388,71962.147,72718.454,756.308,
Contact STARLINK-4617 - STARLINK-2388,86269.854,86400.000,130.146,
Contact STARLINK-4617 - STARLINK-3167,7056.306,7834.918,778.612,
Contact STARLINK-4617 - STARLINK-3167,21340.013,22124.036,784.023,
Contact STARLINK-4617 - STARLINK-3167,35635.547,36402.316,766.769,
Contact STARLINK-4617 - STARLINK-3167,49925.117,50685.472,760.355,
Contact STARLINK-4617 - STARLINK-3167,64224.372,64960.002,735.629,
Contact STARLINK-4617 - STARLINK-3167,78518.512,79238.536,720.025,
Contact STARLINK-4617 - STARLINK-1700,2925.458,3708.255,782.797,
Contact STARLINK-4617 - STARLINK-1700,14392.851,18055.385,3662.534,
Contact STARLINK-4617 - STARLINK-1700,28722.826,29528.994,806.168,
Contact STARLINK-4617 - STARLINK-1700,43062.303,43865.420,803.117,
Contact STARLINK-4617 - STARLINK-1700,57392.839,58211.914,819.075,
Contact STARLINK-4617 - STARLINK-1700,71733.540,72547.148,813.608,
Contact STARLINK-4617 - STARLINK-1700,86064.918,86400.000,335.082,
Contact STARLINK-4617 - STARLINK-5049,10494.154,11029.179,535.025,
Contact STARLINK-4617 - STARLINK-5049,24864.428,25387.769,523.341,
Contact STARLINK-4617 - STARLINK-5049,39220.915,39759.569,538.654,
Contact STARLINK-4617 - STARLINK-5049,53591.393,54117.910,526.517,
Contact STARLINK-4617 - STARLINK-5049,67948.329,68489.224,540.895,
Contact STARLINK-4617 - STARLINK-5049,82319.004,82847.329,528.325,
Contact STARLINK-4617 - STARLINK-31463,17992.012,18337.642,345.630,
Contact STARLINK-4617 - MoonARTEMIS1,0.000,3011.435,3011.435,
Contact STARLINK-4617 - MoonARTEMIS1,5139.385,8755.596,3616.211,
Contact STARLINK-4617 - MoonARTEMIS1,10878.833,20243.143,9364.310,
Contact STARLINK-4617 - MoonARTEMIS1,22353.536,31043.651,8690.115,
Contact STARLINK-4617 - MoonARTEMIS1,34002.877,48969.853,14966.976,
Contact STARLINK-4617 - MoonARTEMIS1,51065.497,60461.376,9395.879,
Contact STARLINK-4617 - MoonARTEMIS1,62550.470,71952.011,9401.542,
Contact STARLINK-4617 - MoonARTEMIS1,74031.884,77697.047,3665.163,
Contact STARLINK-4617 - MoonARTEMIS1,79771.224,86400.000,6628.776,
Contact STARLINK-4617 - MoonARTEMIS2,0.000,3006.652,3006.652,
Contact STARLINK-4617 - MoonARTEMIS2,5110.565,8751.744,3641.179,
Contact STARLINK-4617 - MoonARTEMIS2,10851.984,20241.636,9389.652,
Contact STARLINK-4617 - MoonARTEMIS2,22335.394,31731.064,9395.670,
Contact STARLINK-4617 - MoonARTEMIS2,33820.475,47429.953,13609.478,
Contact STARLINK-4617 - MoonARTEMIS2,51270.104,60460.161,9190.057,
Contact STARLINK-4617 - MoonARTEMIS2,62520.091,71952.244,9432.153,
Contact STARLINK-4617 - MoonARTEMIS2,73992.361,77698.075,3705.714,
Contact STARLINK-4617 - MoonARTEMIS2,79728.466,86400.000,6671.534,
Contact STARLINK-4617 - MoonIOAGEO,0.000,3008.435,3008.435,
Contact STARLINK-4617 - MoonIOAGEO,5130.814,8753.153,3622.339,
Contact STARLINK-4617 - MoonIOAGEO,17165.178,20238.520,3073.343,
Contact STARLINK-4617 - MoonIOAGEO,22339.983,31727.748,9387.765,
Contact STARLINK-4617 - MoonIOAGEO,33824.220,48969.629,15145.409,
Contact STARLINK-4617 - MoonIOAGEO,51057.221,54714.071,3656.850,
Contact STARLINK-4617 - MoonIOAGEO,62523.891,71943.749,9419.859,
Contact STARLINK-4617 - MoonIOAGEO,73997.114,77689.823,3692.709,
Contact STARLINK-4617 - MoonIOAGEO,79742.367,86400.000,6657.633,
Contact STARLINK-4617 - MoonIOAGNO,0.000,3009.043,3009.043,
Contact STARLINK-4617 - MoonIOAGNO,5125.057,8745.168,3620.111,
Contact STARLINK-4617 - MoonIOAGNO,10861.995,20258.082,9396.087,
Contact STARLINK-4617 - MoonIOAGNO,22364.745,31752.562,9387.817,
Contact STARLINK-4617 - MoonIOAGNO,33851.324,48963.569,15112.245,
Contact STARLINK-4617 - MoonIOAGNO,51043.644,60471.113,9427.470,
Contact STARLINK-4617 - MoonIOAGNO,62540.422,71970.162,9429.740,
Contact STARLINK-4617 - MoonIOAGNO,74029.023,77713.295,3684.272,
Contact STARLINK-4617 - MoonIOAGNO,79767.303,86400.000,6632.697,
Contact STARLINK-4617 - MoonIOAGNO 0001,0.000,3026.033,3026.033,
Contact STARLINK-4617 - MoonIOAGNO 0001,5145.319,8772.170,3626.850,
Contact STARLINK-4617 - MoonIOAGNO 0001,10887.974,20252.642,9364.669,
Contact STARLINK-4617 - MoonIOAGNO 0001,22359.649,31728.756,9369.107,
Contact STARLINK-4617 - MoonIOAGNO 0001,33827.954,48988.788,15160.834,
Contact STARLINK-4617 - MoonIOAGNO 0001,51071.415,60473.187,9401.772,
Contact STARLINK-4617 - MoonIOAGNO 0001,62546.430,71941.806,9395.376,
Contact STARLINK-4617 - MoonIOAGNO 0001,74000.086,77698.209,3698.123,
Contact STARLINK-4617 - MoonIOAGNO 0001,79748.765,86400.000,6651.235,
Contact STARLINK-4617 - MoonIOAGSO,0.000,3003.181,3003.181,
Contact STARLINK-4617 - MoonIOAGSO,5127.113,8754.693,3627.579,
Contact STARLINK-4617 - MoonIOAGSO,11600.919,20219.355,8618.436,
Contact STARLINK-4617 - MoonIOAGSO,22322.380,31706.819,9384.439,
Contact STARLINK-4617 - MoonIOAGSO,33804.185,48970.545,15166.361,
Contact STARLINK-4617 - MoonIOAGSO,56778.413,60439.311,3660.897,
Contact STARLINK-4617 - MoonIOAGSO,62506.004,71921.047,9415.043,
Contact STARLINK-4617 - MoonIOAGSO,73978.116,77668.923,3690.807,
Contact STARLINK-4617 - MoonIOAGSO,79721.059,86400.000,6678.941,
Contact STARLINK-4617 - MoonIOAGSO 0001,0.000,2981.184,2981.184,
Contact STARLINK-4617 - MoonIOAGSO 0001,5097.673,8726.219,3628.546,
Contact STARLINK-4617 - MoonIOAGSO 0001,10840.703,20228.876,9388.173,
Contact STARLINK-4617 - MoonIOAGSO 0001,22339.478,30551.698,8212.220,
Contact STARLINK-4617 - MoonIOAGSO 0001,33821.914,43198.387,9376.474,
Contact STARLINK-4617 - MoonIOAGSO 0001,45282.759,48940.850,3658.091,
Contact STARLINK-4617 - MoonIOAGSO 0001,51021.408,60439.063,9417.655,
Contact STARLINK-4617 - MoonIOAGSO 0001,62512.110,71953.650,9441.540,
Contact STARLINK-4617 - MoonIOAGSO 0001,79731.573,86400.000,6668.427,
Contact STARLINK-4617 - MoonLRO,0.000,3008.537,3008.537,
Contact STARLINK-4617 - MoonLRO,6829.343,8749.240,1919.897,
Contact STARLINK-4617 - MoonLRO,13681.520,14490.685,809.166,
Contact STARLINK-4617 - MoonLRO,28083.247,31320.360,3237.113,
Contact STARLINK-4617 - MoonLRO,34121.120,37480.356,3359.236,
Contact STARLINK-4617 - MoonLRO,40956.109,43221.703,2265.594,
Contact STARLINK-4617 - MoonLRO,56787.993,58632.738,1844.745,
Contact STARLINK-4617 - MoonLRO,62523.700,71952.266,9428.566,
Contact STARLINK-4617 - MoonLRO,75081.019,77694.608,2613.589,
Contact STARLINK-4617 - MoonLRO,81932.942,83434.656,1501.715,
Contact STARLINK-4617 - MarsSat1,0.000,86400.000,86400.000,
Contact STARLINK-4617 - MarsSat2,0.000,86400.000,86400.000,
Contact STARLINK-4617 - MarsSat3,0.000,86400.000,86400.000,
Contact STARLINK-4617 - MarsSat4,0.000,9031.034,9031.034,
Contact STARLINK-4617 - MarsSat4,10824.286,86400.000,75575.714,
Contact STARLINK-30472 - STARLINK-30825,53692.518,54462.525,770.006,
Contact STARLINK-30472 - STARLINK-30825,67795.573,68784.230,988.656,
Contact STARLINK-30472 - STARLINK-30825,79111.075,83065.024,3953.949,
Contact STARLINK-30472 - STARLINK-31627,21254.477,28304.253,7049.776,
Contact STARLINK-30472 - STARLINK-31627,29450.635,86400.000,56949.365,
Contact STARLINK-30472 - STARLINK-3182,24762.634,25421.225,658.591,
Contact STARLINK-30472 - STARLINK-3182,35917.522,39902.233,3984.710,
Contact STARLINK-30472 - STARLINK-3182,49975.582,57158.107,7182.525,
Contact STARLINK-30472 - STARLINK-3182,64086.383,71465.536,7379.152,
Contact STARLINK-30472 - STARLINK-3182,72601.046,85673.240,13072.194,
Contact STARLINK-30472 - STARLINK-30331,0.000,3931.091,3931.091,
Contact STARLINK-30472 - STARLINK-30331,14214.604,18256.559,4041.956,
Contact STARLINK-30472 - STARLINK-30331,28534.127,32576.374,4042.248,
Contact STARLINK-30472 - STARLINK-30331,42859.221,49763.507,6904.285,
Contact STARLINK-30472 - STARLINK-30331,57178.765,64088.908,6910.143,
Contact STARLINK-30472 - STARLINK-30331,71503.869,72679.640,1175.771,
Contact STARLINK-30472 - STARLINK-30331,85823.433,86400.000,576.567,
Contact STARLINK-30472 - STARLINK-31827,0.000,728.751,728.751,
Contact STARLINK-30472 - STARLINK-31827,13998.453,14843.754,845.301,
Contact STARLINK-30472 - STARLINK-31827,28282.174,28899.823,617.649,
Contact STARLINK-30472 - STARLINK-31987,0.000,493.883,493.883,
Contact STARLINK-30472 - STARLINK-31987,13746.746,14675.243,928.498,
Contact STARLINK-30472 - STARLINK-31987,25139.945,28822.001,3682.055,
Contact STARLINK-30472 - STARLINK-31987,39416.876,40111.396,694.520,
Contact STARLINK-30472 - STARLINK-31987,53754.658,54166.930,412.272,
Contact STARLINK-30472 - STARLINK-31021,0.000,521.108,521.108,
Contact STARLINK-30472 - STARLINK-31021,13871.875,14848.772,976.897,
Contact STARLINK-30472 - STARLINK-31021,28204.648,29172.294,967.646,
Contact STARLINK-30472 - STARLINK-31021,42533.380,43499.872,966.492,
Contact STARLINK-30472 - STARLINK-31021,53998.026,57823.285,3825.259,
Contact STARLINK-30472 - STARLINK-31021,68330.912,72150.776,3819.865,
Contact STARLINK-30472 - STARLINK-31021,82659.750,86400.000,3740.250,
Contact STARLINK-30472 - STARLINK-2228,0.000,584.106,584.106,
Contact STARLINK-30472 - STARLINK-1736,3359.842,4217.417,857.575,
Contact STARLINK-30472 - STARLINK-30425,0.000,39323.766,39323.766,
Contact STARLINK-30472 - STARLINK-5978,0.000,3612.250,3612.250,
Contact STARLINK-30472 - STARLINK-5978,14200.135,15109.245,909.110,
Contact STARLINK-30472 - STARLINK-5978,28567.809,29480.675,912.866,
Contact STARLINK-30472 - STARLINK-5978,42939.723,43846.994,907.271,
Contact STARLINK-30472 - STARLINK-5978,57310.495,58215.331,904.836,
Contact STARLINK-30472 - STARLINK-5978,71686.212,72577.834,891.621,
Contact STARLINK-30472 - STARLINK-5978,86060.168,86400.000,339.832,
Contact STARLINK-30472 - STARLINK-31502,68096.094,68430.967,334.874,
Contact STARLINK-30472 - STARLINK-31502,78936.265,86039.071,7102.806,
Contact STARLINK-30472 - STARLINK-30842,0.000,86400.000,86400.000,
Contact STARLINK-30472 - STARLINK-31539,0.000,211.205,211.205,
Contact STARLINK-30472 - STARLINK-5807,0.000,86400.000,86400.000,
Contact STARLINK-30472 - STARLINK-31722,57481.374,58099.195,617.821,
Contact STARLINK-30472 - STARLINK-31722,71489.076,72404.744,915.667,
Contact STARLINK-30472 - STARLINK-31722,82760.121,86400.000,3639.879,
Contact STARLINK-30472 - STARLINK-1581,21375.895,21636.721,260.826,
Contact STARLINK-30472 - STARLINK-1581,35220.682,36185.810,965.128,
Contact STARLINK-30472 - STARLINK-1581,46450.088,53390.575,6940.487,
Contact STARLINK-30472 - STARLINK-1581,60572.263,61939.224,1366.961,
Contact STARLINK-30472 - STARLINK-1581,69072.209,76137.295,7065.085,
Contact STARLINK-30472 - STARLINK-1581,83328.596,86400.000,3071.404,
Contact STARLINK-30472 - STARLINK-2388,0.000,82745.080,82745.080,
Contact STARLINK-30472 - STARLINK-2388,83024.383,86400.000,3375.617,
Contact STARLINK-30472 - STARLINK-3167,82266.772,82854.601,587.829,
Contact STARLINK-30472 - STARLINK-1700,0.000,64571.315,64571.315,
Contact STARLINK-30472 - STARLINK-1700,71837.633,72611.256,773.622,
Contact STARLINK-30472 - STARLINK-31463,0.000,2950.971,2950.971,
Contact STARLINK-30472 - STARLINK-31463,10134.541,11463.317,1328.777,
Contact STARLINK-30472 - STARLINK-31463,18664.641,25595.736,6931.095,
Contact STARLINK-30472 - STARLINK-31463,35832.621,39623.428,3790.808,
Contact STARLINK-30472 - STARLINK-31463,50310.936,50725.932,414.995,
Contact STARLINK-30472 - MoonARTEMIS1,0.000,2984.377,2984.377,
Contact STARLINK-30472 - MoonARTEMIS1,4593.174,20333.867,15740.693,
Contact STARLINK-30472 - MoonARTEMIS1,21926.274,31089.544,9163.270,
Contact STARLINK-30472 - MoonARTEMIS1,33920.794,49131.225,15210.431,
Contact STARLINK-30472 - MoonARTEMIS1,50731.635,60639.797,9908.162,
Contact STARLINK-30472 - MoonARTEMIS1,62254.643,77915.220,15660.576,
Contact STARLINK-30472 - MoonARTEMIS1,79560.240,86400.000,6839.760,
Contact STARLINK-30472 - MoonARTEMIS2,0.000,3163.797,3163.797,
Contact STARLINK-30472 - MoonARTEMIS2,4715.951,20444.184,15728.232,
Contact STARLINK-30472 - MoonARTEMIS2,22007.128,31946.644,9939.516,
Contact STARLINK-30472 - MoonARTEMIS2,33523.985,47383.693,13859.709,
Contact STARLINK-30472 - MoonARTEMIS2,51404.024,60747.521,9343.497,
Contact STARLINK-30472 - MoonARTEMIS2,62371.991,78047.354,15675.363,
Contact STARLINK-30472 - MoonARTEMIS2,79713.623,86400.000,6686.377,
Contact STARLINK-30472 - MoonIOAGEO,0.000,3033.166,3033.166,
Contact STARLINK-30472 - MoonIOAGEO,4625.261,13037.802,8412.541,
Contact STARLINK-30472 - MoonIOAGEO,17320.540,20383.860,3063.321,
Contact STARLINK-30472 - MoonIOAGEO,21971.034,31913.698,9942.664,
Contact STARLINK-30472 - MoonIOAGEO,33500.825,49163.439,15662.614,
Contact STARLINK-30472 - MoonIOAGEO,50766.144,54936.345,4170.201,
Contact STARLINK-30472 - MoonIOAGEO,62346.320,77991.975,15645.655,
Contact STARLINK-30472 - MoonIOAGEO,79653.685,86400.000,6746.315,
Contact STARLINK-30472 - MoonIOAGNO,0.000,3038.512,3038.512,
Contact STARLINK-30472 - MoonIOAGNO,4636.467,20394.352,15757.885,
Contact STARLINK-30472 - MoonIOAGNO,21928.550,31906.577,9978.027,
Contact STARLINK-30472 - MoonIOAGNO,33445.167,49170.504,15725.337,
Contact STARLINK-30472 - MoonIOAGNO,50797.213,60742.787,9945.574,
Contact STARLINK-30472 - MoonIOAGNO,62335.459,77996.730,15661.271,
Contact STARLINK-30472 - MoonIOAGNO,79616.554,86400.000,6783.446,
Contact STARLINK-30472 - MoonIOAGNO 0001,0.000,3079.523,3079.523,
Contact STARLINK-30472 - MoonIOAGNO 0001,4614.803,20347.537,15732.734,
Contact STARLINK-30472 - MoonIOAGNO 0001,21914.960,31911.275,9996.316,
Contact STARLINK-30472 - MoonIOAGNO 0001,33498.841,49211.041,15712.200,
Contact STARLINK-30472 - MoonIOAGNO 0001,50765.395,60707.262,9941.866,
Contact STARLINK-30472 - MoonIOAGNO 0001,62299.530,78009.146,15709.616,
Contact STARLINK-30472 - MoonIOAGNO 0001,79660.485,86400.000,6739.515,
Contact STARLINK-30472 - MoonIOAGSO,0.000,3061.964,3061.964,
Contact STARLINK-30472 - MoonIOAGSO,4646.375,8829.985,4183.610,
Contact STARLINK-30472 - MoonIOAGSO,11655.906,20363.177,8707.271,
Contact STARLINK-30472 - MoonIOAGSO,21991.635,31893.201,9901.567,
Contact STARLINK-30472 - MoonIOAGSO,33527.806,49190.222,15662.416,
Contact STARLINK-30472 - MoonIOAGSO,56576.094,60699.626,4123.532,
Contact STARLINK-30472 - MoonIOAGSO,62363.432,77975.568,15612.136,
Contact STARLINK-30472 - MoonIOAGSO,79677.593,86400.000,6722.407,
Contact STARLINK-30472 - MoonIOAGSO 0001,0.000,3064.941,3064.941,
Contact STARLINK-30472 - MoonIOAGSO 0001,4698.456,20365.254,15666.798,
Contact STARLINK-30472 - MoonIOAGSO 0001,21965.927,30491.129,8525.202,
Contact STARLINK-30472 - MoonIOAGSO 0001,33492.989,49179.220,15686.231,
Contact STARLINK-30472 - MoonIOAGSO 0001,50836.379,60704.972,9868.593,
Contact STARLINK-30472 - MoonIOAGSO 0001,62360.979,72230.632,9869.653,
Contact STARLINK-30472 - MoonIOAGSO 0001,79658.666,86400.000,6741.334,
Contact STARLINK-30472 - MoonLRO,0.000,3066.831,3066.831,
Contact STARLINK-30472 - MoonLRO,6814.680,17615.912,10801.233,
Contact STARLINK-30472 - MoonLRO,27722.914,31292.387,3569.473,
Contact STARLINK-30472 - MoonLRO,34140.412,37666.979,3526.567,
Contact STARLINK-30472 - MoonLRO,40949.948,43429.782,2479.834,
Contact STARLINK-30472 - MoonLRO,56568.840,58612.311,2043.472,
Contact STARLINK-30472 - MoonLRO,62340.294,77990.848,15650.555,
Contact STARLINK-30472 - MoonLRO,81912.354,83742.363,1830.009,
Contact STARLINK-30472 - MarsSat1,466.978,9843.988,9377.010,
Contact STARLINK-30472 - MarsSat1,11938.507,21313.450,9374.943,
Contact STARLINK-30472 - MarsSat1,23409.928,27048.153,3638.225,
Contact STARLINK-30472 - MarsSat1,29145.594,38517.507,9371.913,
Contact STARLINK-30472 - MarsSat1,40616.831,49986.798,9369.967,
Contact STARLINK-30472 - MarsSat1,52087.953,55721.425,3633.472,
Contact STARLINK-30472 - MarsSat1,57823.477,67190.653,9367.176,
Contact STARLINK-30472 - MarsSat1,69294.461,78659.849,9365.388,
Contact STARLINK-30472 - MarsSat1,80765.371,84394.436,3629.064,
Contact STARLINK-30472 - MarsSat2,466.979,9843.990,9377.010,
Contact STARLINK-30472 - MarsSat2,11938.507,21313.472,9374.965,
Contact STARLINK-30472 - MarsSat2,23409.929,27048.185,3638.256,
Contact STARLINK-30472 - MarsSat2,29145.599,38517.560,9371.961,
Contact STARLINK-30472 - MarsSat2,40616.857,49986.873,9370.016,
Contact STARLINK-30472 - MarsSat2,52088.010,55721.508,3633.497,
Contact STARLINK-30472 - MarsSat2,57823.548,67190.737,9367.189,
Contact STARLINK-30472 - MarsSat2,69294.547,78659.914,9365.367,
Contact STARLINK-30472 - MarsSat2,80765.447,84394.484,3629.038,
Contact STARLINK-30472 - MarsSat3,466.970,9843.918,9376.948,
Contact STARLINK-30472 - MarsSat3,11938.448,21313.405,9374.957,
Contact STARLINK-30472 - MarsSat3,23409.882,27048.142,3638.260,
Contact STARLINK-30472 - MarsSat3,29145.575,38517.556,9371.982,
Contact STARLINK-30472 - MarsSat3,40616.866,49986.878,9370.012,
Contact STARLINK-30472 - MarsSat3,52088.025,55721.508,3633.483,
Contact STARLINK-30472 - MarsSat3,57823.557,67190.716,9367.159,
Contact STARLINK-30472 - MarsSat3,69294.532,78659.864,9365.332,
Contact STARLINK-30472 - MarsSat3,80765.400,84394.421,3629.021,
Contact STARLINK-30472 - MarsSat4,467.035,9031.040,8564.004,
Contact STARLINK-30472 - MarsSat4,11938.483,21313.419,9374.936,
Contact STARLINK-30472 - MarsSat4,23409.899,27048.152,3638.253,
Contact STARLINK-30472 - MarsSat4,29145.585,38517.519,9371.934,
Contact STARLINK-30472 - MarsSat4,43179.667,49986.785,6807.118,
Contact STARLINK-30472 - MarsSat4,52087.941,55721.452,3633.511,
Contact STARLINK-30472 - MarsSat4,57823.508,67190.720,9367.212,
Contact STARLINK-30472 - MarsSat4,69294.529,78659.845,9365.316,
Contact STARLINK-30472 - MarsSat4,80765.377,84394.436,3629.059,
Contact STARLINK-30196 - STARLINK-31407,0.000,17310.304,17310.304,
Contact STARLINK-30196 - STARLINK-31827,10106.644,11169.106,1062.462,
Contact STARLINK-30196 - STARLINK-31827,21323.105,28286.165,6963.060,
Contact STARLINK-30196 - STARLINK-31827,35437.762,42435.495,6997.733,
Contact STARLINK-30196 - STARLINK-31827,43941.065,50889.561,6948.496,
Contact STARLINK-30196 - STARLINK-31827,61071.829,64877.427,3805.598,
Contact STARLINK-30196 - STARLINK-31827,75545.856,75932.184,386.328,
Contact STARLINK-30196 - STARLINK-31800,0.000,51419.997,51419.997,
Contact STARLINK-30196 - STARLINK-31987,7139.901,10859.072,3719.170,
Contact STARLINK-30196 - STARLINK-31987,21228.474,22267.446,1038.972,
Contact STARLINK-30196 - STARLINK-31987,35372.824,36483.205,1110.381,
Contact STARLINK-30196 - STARLINK-31987,43870.315,50668.126,6797.811,
Contact STARLINK-30196 - STARLINK-31987,60921.149,64800.672,3879.524,
Contact STARLINK-30196 - STARLINK-31987,75185.201,76078.703,893.502,
Contact STARLINK-30196 - STARLINK-6311,0.000,86400.000,86400.000,
Contact STARLINK-30196 - STARLINK-2228,4207.705,11281.286,7073.580,
Contact STARLINK-30196 - STARLINK-2228,21096.862,28011.448,6914.585,
Contact STARLINK-30196 - STARLINK-2228,35559.252,36171.432,612.180,
Contact STARLINK-30196 - STARLINK-1736,3182.914,84308.331,81125.417,
Contact STARLINK-30196 - STARLINK-30425,47347.452,86400.000,39052.548,
Contact STARLINK-30196 - STARLINK-3346,0.000,17797.998,17797.998,
Contact STARLINK-30196 - STARLINK-3346,18315.080,31965.408,13650.329,
Contact STARLINK-30196 - STARLINK-3346,32652.516,46165.376,13512.860,
Contact STARLINK-30196 - STARLINK-3346,47007.895,57512.191,10504.296,
Contact STARLINK-30196 - STARLINK-3346,61343.729,71677.928,10334.200,
Contact STARLINK-30196 - STARLINK-3346,78562.922,85871.397,7308.475,
Contact STARLINK-30196 - STARLINK-30320,0.000,14618.987,14618.987,
Contact STARLINK-30196 - STARLINK-31600,0.000,353.774,353.774,
Contact STARLINK-30196 - STARLINK-5978,10511.444,11300.435,788.991,
Contact STARLINK-30196 - STARLINK-5978,24961.944,25558.819,596.875,
Contact STARLINK-30196 - STARLINK-5978,39434.384,39793.285,358.902,
Contact STARLINK-30196 - STARLINK-31764,0.000,31811.564,31811.564,
Contact STARLINK-30196 - STARLINK-31764,32774.601,36918.773,4144.172,
Contact STARLINK-30196 - STARLINK-4402,21536.714,22093.981,557.267,
Contact STARLINK-30196 - STARLINK-4402,35870.650,36413.764,543.114,
Contact STARLINK-30196 - STARLINK-4402,50193.962,50743.432,549.471,
Contact STARLINK-30196 - STARLINK-4402,64528.497,65062.580,534.083,
Contact STARLINK-30196 - STARLINK-4402,78851.948,79392.095,540.147,
Contact STARLINK-30196 - STARLINK-30842,0.000,3706.312,3706.312,
Contact STARLINK-30196 - STARLINK-30842,14173.808,15120.543,946.735,
Contact STARLINK-30196 - STARLINK-30842,28529.314,29395.035,865.721,
Contact STARLINK-30196 - STARLINK-30842,42918.473,43636.342,717.868,
Contact STARLINK-30196 - STARLINK-30842,57290.955,57893.925,602.970,
Contact STARLINK-30196 - STARLINK-30842,71728.469,72086.812,358.343,
Contact STARLINK-30196 - STARLINK-31539,6634.251,7852.587,1218.336,
Contact STARLINK-30196 - STARLINK-31539,15106.186,21966.650,6860.464,
Contact STARLINK-30196 - STARLINK-31539,32179.810,33175.931,996.120,
Contact STARLINK-30196 - STARLINK-31539,46595.405,47025.572,430.167,
Contact STARLINK-30196 - STARLINK-30367,49705.597,50897.148,1191.551,
Contact STARLINK-30196 - STARLINK-30367,58149.053,71394.558,13245.505,
Contact STARLINK-30196 - STARLINK-30367,72090.141,86400.000,14309.859,
Contact STARLINK-30196 - STARLINK-5151,3357.968,3952.825,594.857,
Contact STARLINK-30196 - STARLINK-5151,17696.011,18046.269,350.258,
Contact STARLINK-30196 - STARLINK-2388,85985.044,86400.000,414.956,
Contact STARLINK-30196 - STARLINK-1700,0.000,481.562,481.562,
Contact STARLINK-30196 - STARLINK-1700,14092.041,14756.941,664.900,
Contact STARLINK-30196 - STARLINK-1700,28364.381,29072.859,708.478,
Contact STARLINK-30196 - STARLINK-1700,42674.294,43348.513,674.219,
Contact STARLINK-30196 - STARLINK-1700,56947.079,57663.973,716.894,
Contact STARLINK-30196 - STARLINK-1700,68380.186,69100.368,720.182,
Contact STARLINK-30196 - STARLINK-1700,82689.647,83376.386,686.739,
Contact STARLINK-30196 - STARLINK-31463,17899.419,18641.183,741.764,
Contact STARLINK-30196 - STARLINK-31463,31975.511,32907.170,931.659,
Contact STARLINK-30196 - STARLINK-31463,46099.273,47126.087,1026.814,
Contact STARLINK-30196 - STARLINK-31463,57426.147,61305.721,3879.573,
Contact STARLINK-30196 - STARLINK-31463,71619.523,72620.644,1001.121,
Contact STARLINK-30196 - STARLINK-31463,85855.949,86400.000,544.051,
Contact STARLINK-30196 - MoonARTEMIS1,0.000,2345.090,2345.090,
Contact STARLINK-30196 - MoonARTEMIS1,4252.426,13798.329,9545.904,
Contact STARLINK-30196 - MoonARTEMIS1,15750.693,30983.192,15232.500,
Contact STARLINK-30196 - MoonARTEMIS1,33962.652,42418.440,8455.788,
Contact STARLINK-30196 - MoonARTEMIS1,44435.115,53860.108,9424.993,
Contact STARLINK-30196 - MoonARTEMIS1,55893.939,59582.281,3688.342,
Contact STARLINK-30196 - MoonARTEMIS1,61625.414,71028.678,9403.264,
Contact STARLINK-30196 - MoonARTEMIS1,73090.965,82477.533,9386.568,
Contact STARLINK-30196 - MoonARTEMIS1,84558.993,86400.000,1841.007,
Contact STARLINK-30196 - MoonARTEMIS2,0.000,2393.890,2393.890,
Contact STARLINK-30196 - MoonARTEMIS2,4359.530,13837.448,9477.917,
Contact STARLINK-30196 - MoonARTEMIS2,15828.457,30997.364,15168.907,
Contact STARLINK-30196 - MoonARTEMIS2,33016.498,42430.462,9413.964,
Contact STARLINK-30196 - MoonARTEMIS2,44458.435,47354.712,2896.277,
Contact STARLINK-30196 - MoonARTEMIS2,55943.963,59614.519,3670.556,
Contact STARLINK-30196 - MoonARTEMIS2,61685.928,71070.961,9385.033,
Contact STARLINK-30196 - MoonARTEMIS2,73162.394,82524.363,9361.969,
Contact STARLINK-30196 - MoonARTEMIS2,84631.966,86400.000,1768.034,
Contact STARLINK-30196 - MoonIOAGEO,0.000,2357.512,2357.512,
Contact STARLINK-30196 - MoonIOAGEO,4281.310,13024.235,8742.925,
Contact STARLINK-30196 - MoonIOAGEO,17179.599,30984.815,13805.216,
Contact STARLINK-30196 - MoonIOAGEO,32997.876,42424.916,9427.040,
Contact STARLINK-30196 - MoonIOAGEO,44449.480,53874.155,9424.675,
Contact STARLINK-30196 - MoonIOAGEO,61668.214,71054.689,9386.475,
Contact STARLINK-30196 - MoonIOAGEO,73140.545,82496.300,9355.756,
Contact STARLINK-30196 - MoonIOAGEO,84589.354,86400.000,1810.646,
Contact STARLINK-30196 - MoonIOAGNO,0.000,2361.175,2361.175,
Contact STARLINK-30196 - MoonIOAGNO,4285.266,13824.781,9539.515,
Contact STARLINK-30196 - MoonIOAGNO,15797.008,31002.397,15205.389,
Contact STARLINK-30196 - MoonIOAGNO,32996.399,42433.099,9436.700,
Contact STARLINK-30196 - MoonIOAGNO,44452.407,53881.765,9429.358,
Contact STARLINK-30196 - MoonIOAGNO,55944.508,59619.138,3674.629,
Contact STARLINK-30196 - MoonIOAGNO,61683.861,71070.366,9386.504,
Contact STARLINK-30196 - MoonIOAGNO,73143.751,82506.342,9362.591,
Contact STARLINK-30196 - MoonIOAGNO,84592.964,86400.000,1807.036,
Contact STARLINK-30196 - MoonIOAGNO 0001,0.000,2389.560,2389.560,
Contact STARLINK-30196 - MoonIOAGNO 0001,4312.426,13827.342,9514.916,
Contact STARLINK-30196 - MoonIOAGNO 0001,15775.300,30980.805,15205.505,
Contact STARLINK-30196 - MoonIOAGNO 0001,33001.564,42451.811,9450.248,
Contact STARLINK-30196 - MoonIOAGNO 0001,44479.874,53895.480,9415.606,
Contact STARLINK-30196 - MoonIOAGNO 0001,55937.142,59612.102,3674.959,
Contact STARLINK-30196 - MoonIOAGNO 0001,61662.850,71042.457,9379.608,
Contact STARLINK-30196 - MoonIOAGNO 0001,73127.942,82516.946,9389.004,
Contact STARLINK-30196 - MoonIOAGNO 0001,84614.263,86400.000,1785.737,
Contact STARLINK-30196 - MoonIOAGSO,0.000,2359.513,2359.513,
Contact STARLINK-30196 - MoonIOAGSO,4299.452,8091.953,3792.501,
Contact STARLINK-30196 - MoonIOAGSO,15774.398,30961.729,15187.331,
Contact STARLINK-30196 - MoonIOAGSO,32985.655,42421.397,9435.742,
Contact STARLINK-30196 - MoonIOAGSO,44461.633,52203.591,7741.958,
Contact STARLINK-30196 - MoonIOAGSO,55926.566,59589.053,3662.487,
Contact STARLINK-30196 - MoonIOAGSO,61657.193,71032.177,9374.984,
Contact STARLINK-30196 - MoonIOAGSO,73123.137,82488.250,9365.113,
Contact STARLINK-30196 - MoonIOAGSO,84592.882,86400.000,1807.118,
Contact STARLINK-30196 - MoonIOAGSO 0001,0.000,2340.281,2340.281,
Contact STARLINK-30196 - MoonIOAGSO 0001,4296.127,13791.751,9495.624,
Contact STARLINK-30196 - MoonIOAGSO 0001,15775.513,30538.428,14762.915,
Contact STARLINK-30196 - MoonIOAGSO 0001,33333.592,42411.766,9078.174,
Contact STARLINK-30196 - MoonIOAGSO 0001,44454.829,53859.895,9405.066,
Contact STARLINK-30196 - MoonIOAGSO 0001,55925.614,59588.721,3663.107,
Contact STARLINK-30196 - MoonIOAGSO 0001,61662.000,71053.804,9391.804,
Contact STARLINK-30196 - MoonIOAGSO 0001,78856.972,82485.372,3628.400,
Contact STARLINK-30196 - MoonIOAGSO 0001,84586.105,86400.000,1813.895,
Contact STARLINK-30196 - MoonLRO,0.000,2365.092,2365.092,
Contact STARLINK-30196 - MoonLRO,6842.236,8082.827,1240.591,
Contact STARLINK-30196 - MoonLRO,21513.958,24474.462,2960.503,
Contact STARLINK-30196 - MoonLRO,27299.553,30986.684,3687.131,
Contact STARLINK-30196 - MoonLRO,34122.926,36708.357,2585.431,
Contact STARLINK-30196 - MoonLRO,50199.121,51784.409,1585.288,
Contact STARLINK-30196 - MoonLRO,55929.618,58644.822,2715.204,
Contact STARLINK-30196 - MoonLRO,61660.264,71053.308,9393.044,
Contact STARLINK-30196 - MoonLRO,75102.803,76773.112,1670.309,
Contact STARLINK-30196 - MarsSat1,0.000,2821.560,2821.560,
Contact STARLINK-30196 - MarsSat1,4883.498,14267.157,9383.659,
Contact STARLINK-30196 - MarsSat1,16325.365,19989.992,3664.627,
Contact STARLINK-30196 - MarsSat1,22046.290,31435.729,9389.439,
Contact STARLINK-30196 - MarsSat1,33488.124,42881.557,9393.433,
Contact STARLINK-30196 - MarsSat1,44929.950,48604.509,3674.559,
Contact STARLINK-30196 - MarsSat1,50650.864,60050.501,9399.637,
Contact STARLINK-30196 - MarsSat1,62092.704,71496.629,9403.925,
Contact STARLINK-30196 - MarsSat1,73534.562,77219.747,3685.185,
Contact STARLINK-30196 - MarsSat1,79255.496,86400.000,7144.504,
Contact STARLINK-30196 - MarsSat2,0.000,2821.553,2821.553,
Contact STARLINK-30196 - MarsSat2,4883.482,14267.162,9383.680,
Contact STARLINK-30196 - MarsSat2,16325.393,19990.001,3664.608,
Contact STARLINK-30196 - MarsSat2,22046.335,31435.751,9389.416,
Contact STARLINK-30196 - MarsSat2,33488.200,42881.603,9393.403,
Contact STARLINK-30196 - MarsSat2,44930.047,48604.569,3674.522,
Contact STARLINK-30196 - MarsSat2,50650.966,60050.587,9399.621,
Contact STARLINK-30196 - MarsSat2,62092.799,71496.722,9403.923,
Contact STARLINK-30196 - MarsSat2,73534.628,77219.835,3685.207,
Contact STARLINK-30196 - MarsSat2,79255.542,86400.000,7144.458,
Contact STARLINK-30196 - MarsSat3,0.000,2821.523,2821.523,
Contact STARLINK-30196 - MarsSat3,4883.420,14267.086,9383.667,
Contact STARLINK-30196 - MarsSat3,16325.298,19989.933,3664.635,
Contact STARLINK-30196 - MarsSat3,22046.259,31435.731,9389.472,
Contact STARLINK-30196 - MarsSat3,33488.175,42881.613,9393.438,
Contact STARLINK-30196 - MarsSat3,44930.042,48604.583,3674.541,
Contact STARLINK-30196 - MarsSat3,50650.960,60050.589,9399.629,
Contact STARLINK-30196 - MarsSat3,62092.776,71496.697,9403.921,
Contact STARLINK-30196 - MarsSat3,73534.578,77219.792,3685.214,
Contact STARLINK-30196 - MarsSat3,79255.478,86400.000,7144.522,
Contact STARLINK-30196 - MarsSat4,0.000,2821.607,2821.607,
Contact STARLINK-30196 - MarsSat4,4883.513,8544.351,3660.838,
Contact STARLINK-30196 - MarsSat4,16325.314,19989.950,3664.636,
Contact STARLINK-30196 - MarsSat4,22046.271,31435.734,9389.463,
Contact STARLINK-30196 - MarsSat4,33488.160,41360.011,7871.851,
Contact STARLINK-30196 - MarsSat4,44929.941,48604.478,3674.536,
Contact STARLINK-30196 - MarsSat4,50650.870,60050.553,9399.684,
Contact STARLINK-30196 - MarsSat4,62092.771,71496.692,9403.921,
Contact STARLINK-30196 - MarsSat4,75534.642,77219.763,1685.121,
Contact STARLINK-30196 - MarsSat4,79255.472,86400.000,7144.528,
Contact STARLINK-30825 - STARLINK-31627,0.000,759.017,759.017,
Contact STARLINK-30825 - STARLINK-31627,14007.096,14864.285,857.189,
Contact STARLINK-30825 - STARLINK-31627,28112.280,28968.581,856.301,
Contact STARLINK-30825 - STARLINK-31627,39396.058,40252.409,856.350,
Contact STARLINK-30825 - STARLINK-31627,53500.316,54357.688,857.372,
Contact STARLINK-30825 - STARLINK-31627,64784.097,68461.982,3677.886,
Contact STARLINK-30825 - STARLINK-31627,78889.297,79745.813,856.516,
Contact STARLINK-30825 - STARLINK-3182,3359.365,10176.372,6817.007,
Contact STARLINK-30825 - STARLINK-3182,17412.785,18667.442,1254.657,
Contact STARLINK-30825 - STARLINK-3182,25792.939,32913.432,7120.494,
Contact STARLINK-30825 - STARLINK-3182,39847.878,49963.063,10115.185,
Contact STARLINK-30825 - STARLINK-3182,51066.704,64145.776,13079.072,
Contact STARLINK-30825 - STARLINK-3182,65062.357,75522.678,10460.322,
Contact STARLINK-30825 - STARLINK-3182,76273.531,86400.000,10126.469,
Contact STARLINK-30825 - STARLINK-4413,6894.650,13795.794,6901.144,
Contact STARLINK-30825 - STARLINK-4413,21066.029,28084.899,7018.870,
Contact STARLINK-30825 - STARLINK-4413,35341.723,36605.595,1263.871,
Contact STARLINK-30825 - STARLINK-4413,49687.052,50754.981,1067.929,
Contact STARLINK-30825 - STARLINK-4127,17400.510,18347.939,947.429,
Contact STARLINK-30825 - STARLINK-4127,25774.520,32768.020,6993.500,
Contact STARLINK-30825 - STARLINK-4127,42639.797,49949.165,7309.368,
Contact STARLINK-30825 - STARLINK-4127,51119.621,64172.111,13052.491,
Contact STARLINK-30825 - STARLINK-4127,65290.794,72681.172,7390.378,
Contact STARLINK-30825 - STARLINK-4127,79561.935,86400.000,6838.065,
Contact STARLINK-30825 - STARLINK-30331,10015.177,11153.289,1138.113,
Contact STARLINK-30825 - STARLINK-30331,21325.340,28278.835,6953.495,
Contact STARLINK-30825 - STARLINK-30331,35516.774,42485.488,6968.714,
Contact STARLINK-30825 - STARLINK-30331,49747.524,50994.373,1246.849,
Contact STARLINK-30825 - STARLINK-30331,58323.407,65114.728,6791.321,
Contact STARLINK-30825 - STARLINK-30331,75528.417,76370.763,842.346,
Contact STARLINK-30825 - STARLINK-31827,7116.276,7540.084,423.808,
Contact STARLINK-30825 - STARLINK-31021,3664.694,81847.779,78183.085,
Contact STARLINK-30825 - STARLINK-6372,2874.815,3735.647,860.832,
Contact STARLINK-30825 - STARLINK-6372,14306.202,15055.343,749.141,
Contact STARLINK-30825 - STARLINK-6372,28635.920,29164.907,528.987,
Contact STARLINK-30825 - STARLINK-30425,0.000,493.578,493.578,
Contact STARLINK-30825 - STARLINK-4687,0.000,47237.938,47237.938,
Contact STARLINK-30825 - STARLINK-5978,6694.761,7859.603,1164.842,
Contact STARLINK-30825 - STARLINK-5978,20884.619,22178.541,1293.922,
Contact STARLINK-30825 - STARLINK-5978,29458.561,36380.717,6922.156,
Contact STARLINK-30825 - STARLINK-5978,46694.198,50508.711,3814.513,
Contact STARLINK-30825 - STARLINK-5978,61191.995,61696.640,504.645,
Contact STARLINK-30825 - STARLINK-4402,0.000,6788.661,6788.661,
Contact STARLINK-30825 - STARLINK-4402,7510.032,46575.052,39065.020,
Contact STARLINK-30825 - STARLINK-4402,53393.371,60442.623,7049.252,
Contact STARLINK-30825 - STARLINK-4402,68221.151,68565.189,344.039,
Contact STARLINK-30825 - STARLINK-31502,6710.826,7489.037,778.211,
Contact STARLINK-30825 - STARLINK-31502,14824.022,24935.979,10111.957,
Contact STARLINK-30825 - STARLINK-31502,25723.747,86400.000,60676.253,
Contact STARLINK-30825 - STARLINK-4631,0.000,39958.322,39958.322,
Contact STARLINK-30825 - STARLINK-5807,71221.714,72068.816,847.103,
Contact STARLINK-30825 - STARLINK-5807,82473.747,86400.000,3926.253,
Contact STARLINK-30825 - STARLINK-31722,75568.452,76101.553,533.102,
Contact STARLINK-30825 - STARLINK-1581,0.000,503.654,503.654,
Contact STARLINK-30825 - STARLINK-1581,13921.042,14599.725,678.683,
Contact STARLINK-30825 - STARLINK-1581,25184.547,25878.542,693.994,
Contact STARLINK-30825 - STARLINK-1581,39261.579,39979.462,717.882,
Contact STARLINK-30825 - STARLINK-1581,53344.779,54073.971,729.191,
Contact STARLINK-30825 - STARLINK-1581,64609.430,65351.527,742.097,
Contact STARLINK-30825 - STARLINK-1581,78687.871,79450.883,763.011,
Contact STARLINK-30825 - STARLINK-4290,28678.990,28945.873,266.882,
Contact STARLINK-30825 - STARLINK-6142,3294.479,4005.149,710.670,
Contact STARLINK-30825 - STARLINK-6142,17647.168,18081.602,434.434,
Contact STARLINK-30825 - STARLINK-3167,0.000,86400.000,86400.000,
Contact STARLINK-30825 - MoonARTEMIS1,561.998,9768.851,9206.853,
Contact STARLINK-30825 - MoonARTEMIS1,11899.860,21105.463,9205.603,
Contact STARLINK-30825 - MoonARTEMIS1,23245.188,26777.342,3532.154,
Contact STARLINK-30825 - MoonARTEMIS1,34574.059,38087.437,3513.378,
Contact STARLINK-30825 - MoonARTEMIS1,40223.083,49391.447,9168.364,
Contact STARLINK-30825 - MoonARTEMIS1,51531.072,60702.367,9171.296,
Contact STARLINK-30825 - MoonARTEMIS1,62846.421,66359.613,3513.192,
Contact STARLINK-30825 - MoonARTEMIS1,68506.054,77677.077,9171.023,
Contact STARLINK-30825 - MoonARTEMIS1,79828.571,86400.000,6571.429,
Contact STARLINK-30825 - MoonARTEMIS2,652.899,9834.353,9181.454,
Contact STARLINK-30825 - MoonARTEMIS2,11973.815,21148.801,9174.986,
Contact STARLINK-30825 - MoonARTEMIS2,23290.271,26804.390,3514.119,
Contact STARLINK-30825 - MoonARTEMIS2,28946.355,38110.523,9164.168,
Contact STARLINK-30825 - MoonARTEMIS2,40251.327,47404.896,7153.569,
Contact STARLINK-30825 - MoonARTEMIS2,51568.712,60751.460,9182.748,
Contact STARLINK-30825 - MoonARTEMIS2,62906.900,66415.511,3508.611,
Contact STARLINK-30825 - MoonARTEMIS2,68573.177,77740.489,9167.312,
Contact STARLINK-30825 - MoonARTEMIS2,79902.042,86400.000,6497.958,
Contact STARLINK-30825 - MoonIOAGEO,591.121,9789.108,9197.987,
Contact STARLINK-30825 - MoonIOAGEO,17598.412,21130.033,3531.621,
Contact STARLINK-30825 - MoonIOAGEO,23270.005,26793.530,3523.526,
Contact STARLINK-30825 - MoonIOAGEO,28932.755,38097.501,9164.746,
Contact STARLINK-30825 - MoonIOAGEO,40235.706,49405.123,9169.417,
Contact STARLINK-30825 - MoonIOAGEO,51551.476,55070.514,3519.037,
Contact STARLINK-30825 - MoonIOAGEO,62894.890,66407.988,3513.098,
Contact STARLINK-30825 - MoonIOAGEO,68563.402,77721.548,9158.146,
Contact STARLINK-30825 - MoonIOAGEO,79874.528,86400.000,6525.472,
Contact STARLINK-30825 - MoonIOAGNO,588.044,9806.473,9218.429,
Contact STARLINK-30825 - MoonIOAGNO,11939.861,21111.319,9171.458,
Contact STARLINK-30825 - MoonIOAGNO,23250.550,26764.320,3513.770,
Contact STARLINK-30825 - MoonIOAGNO,28905.903,38078.818,9172.915,
Contact STARLINK-30825 - MoonIOAGNO,40223.735,49415.966,9192.231,
Contact STARLINK-30825 - MoonIOAGNO,51569.420,60735.528,9166.108,
Contact STARLINK-30825 - MoonIOAGNO,62887.500,66387.027,3499.527,
Contact STARLINK-30825 - MoonIOAGNO,68541.515,77696.389,9154.874,
Contact STARLINK-30825 - MoonIOAGNO,79854.426,86400.000,6545.574,
Contact STARLINK-30825 - MoonIOAGNO 0001,601.756,9778.941,9177.185,
Contact STARLINK-30825 - MoonIOAGNO 0001,11914.401,21101.108,9186.707,
Contact STARLINK-30825 - MoonIOAGNO 0001,23239.988,26773.087,3533.099,
Contact STARLINK-30825 - MoonIOAGNO 0001,28917.885,38098.732,9180.847,
Contact STARLINK-30825 - MoonIOAGNO 0001,40242.982,49403.216,9160.233,
Contact STARLINK-30825 - MoonIOAGNO 0001,51552.486,60718.102,9165.616,
Contact STARLINK-30825 - MoonIOAGNO 0001,62870.726,66382.422,3511.695,
Contact STARLINK-30825 - MoonIOAGNO 0001,68537.905,77719.696,9181.791,
Contact STARLINK-30825 - MoonIOAGNO 0001,79876.059,86400.000,6523.941,
Contact STARLINK-30825 - MoonIOAGSO,611.130,8821.211,8210.081,
Contact STARLINK-30825 - MoonIOAGSO,11934.576,21140.776,9206.201,
Contact STARLINK-30825 - MoonIOAGSO,23274.409,26803.631,3529.222,
Contact STARLINK-30825 - MoonIOAGSO,28938.129,38117.027,9178.897,
Contact STARLINK-30825 - MoonIOAGSO,40255.211,49414.123,9158.912,
Contact STARLINK-30825 - MoonIOAGSO,57233.853,60753.340,3519.487,
Contact STARLINK-30825 - MoonIOAGSO,62903.870,66418.869,3514.998,
Contact STARLINK-30825 - MoonIOAGSO,68569.518,77736.975,9167.457,
Contact STARLINK-30825 - MoonIOAGSO,79889.831,86400.000,6510.169,
Contact STARLINK-30825 - MoonIOAGSO 0001,623.037,9821.778,9198.741,
Contact STARLINK-30825 - MoonIOAGSO 0001,11948.753,21129.022,9180.269,
Contact STARLINK-30825 - MoonIOAGSO 0001,23260.823,26776.720,3515.897,
Contact STARLINK-30825 - MoonIOAGSO 0001,34585.501,38114.186,3528.685,
Contact STARLINK-30825 - MoonIOAGSO 0001,40256.700,49442.779,9186.079,
Contact STARLINK-30825 - MoonIOAGSO 0001,51586.136,60754.411,9168.275,
Contact STARLINK-30825 - MoonIOAGSO 0001,62900.974,66403.647,3502.673,
Contact STARLINK-30825 - MoonIOAGSO 0001,68551.691,72050.049,3498.358,
Contact STARLINK-30825 - MoonIOAGSO 0001,79879.618,86400.000,6520.382,
Contact STARLINK-30825 - MoonLRO,607.326,9797.407,9190.081,
Contact STARLINK-30825 - MoonLRO,13671.037,15461.220,1790.183,
Contact STARLINK-30825 - MoonLRO,34582.046,38096.027,3513.981,
Contact STARLINK-30825 - MoonLRO,40983.166,43758.312,2775.146,
Contact STARLINK-30825 - MoonLRO,57227.500,58646.131,1418.631,
Contact STARLINK-30825 - MoonLRO,62890.981,65459.086,2568.105,
Contact STARLINK-30825 - MoonLRO,68551.090,77714.919,9163.829,
Contact STARLINK-30825 - MoonLRO,81932.114,83377.059,1444.945,
Contact STARLINK-30825 - MarsSat1,1618.755,5134.862,3516.108,
Contact STARLINK-30825 - MarsSat1,12909.033,16426.324,3517.291,
Contact STARLINK-30825 - MarsSat1,18554.186,27717.859,9163.673,
Contact STARLINK-30825 - MarsSat1,29844.504,39009.439,9164.935,
Contact STARLINK-30825 - MarsSat1,41134.816,50301.053,9166.237,
Contact STARLINK-30825 - MarsSat1,52425.114,55946.876,3521.762,
Contact STARLINK-30825 - MarsSat1,58070.261,67238.570,9168.309,
Contact STARLINK-30825 - MarsSat1,69360.569,78530.355,9169.787,
Contact STARLINK-30825 - MarsSat1,80650.921,86400.000,5749.079,
Contact STARLINK-30825 - MarsSat2,1618.808,5134.888,3516.080,
Contact STARLINK-30825 - MarsSat2,12909.003,16426.274,3517.271,
Contact STARLINK-30825 - MarsSat2,18554.121,27717.759,9163.638,
Contact STARLINK-30825 - MarsSat2,29844.392,39009.329,9164.937,
Contact STARLINK-30825 - MarsSat2,41134.699,50300.979,9166.280,
Contact STARLINK-30825 - MarsSat2,52425.035,55946.832,3521.797,
Contact STARLINK-30825 - MarsSat2,58070.214,67238.596,9168.382,
Contact STARLINK-30825 - MarsSat2,69360.592,78530.435,9169.843,
Contact STARLINK-30825 - MarsSat2,80650.997,86400.000,5749.003,
Contact STARLINK-30825 - MarsSat3,1618.851,5134.935,3516.084,
Contact STARLINK-30825 - MarsSat3,12909.063,16426.316,3517.253,
Contact STARLINK-30825 - MarsSat3,18554.171,27717.786,9163.615,
Contact STARLINK-30825 - MarsSat3,29844.424,39009.362,9164.938,
Contact STARLINK-30825 - MarsSat3,41134.733,50301.020,9166.287,
Contact STARLINK-30825 - MarsSat3,52425.078,55946.876,3521.798,
Contact STARLINK-30825 - MarsSat3,58070.260,67238.638,9168.378,
Contact STARLINK-30825 - MarsSat3,69360.637,78530.461,9169.824,
Contact STARLINK-30825 - MarsSat3,80651.029,86400.000,5748.971,
Contact STARLINK-30825 - MarsSat4,1618.805,5134.916,3516.110,
Contact STARLINK-30825 - MarsSat4,12909.061,16426.321,3517.260,
Contact STARLINK-30825 - MarsSat4,18554.177,27717.805,9163.629,
Contact STARLINK-30825 - MarsSat4,29844.445,39009.382,9164.937,
Contact STARLINK-30825 - MarsSat4,43179.601,50300.998,7121.397,
Contact STARLINK-30825 - MarsSat4,52425.062,55946.839,3521.777,
Contact STARLINK-30825 - MarsSat4,58070.227,67238.598,9168.372,
Contact STARLINK-30825 - MarsSat4,69360.598,78530.416,9169.818,
Contact STARLINK-30825 - MarsSat4,80650.981,86400.000,5749.019,
Contact STARLINK-31627 - STARLINK-3182,0.000,298.592,298.592,
Contact STARLINK-31627 - STARLINK-3182,10628.776,14420.794,3792.018,
Contact STARLINK-31627 - STARLINK-3182,24740.883,25714.627,973.743,
Contact STARLINK-31627 - STARLINK-3182,38862.569,39827.041,964.472,
Contact STARLINK-31627 - STARLINK-3182,50156.427,51120.394,963.968,
Contact STARLINK-31627 - STARLINK-3182,64269.397,65241.343,971.946,
Contact STARLINK-31627 - STARLINK-3182,75563.689,79352.835,3789.146,
Contact STARLINK-31627 - STARLINK-4127,0.000,3001.364,3001.364,
Contact STARLINK-31627 - STARLINK-4127,10280.147,11514.425,1234.278,
Contact STARLINK-31627 - STARLINK-4127,24507.879,25689.949,1182.070,
Contact STARLINK-31627 - STARLINK-4127,35925.607,39809.819,3884.212,
Contact STARLINK-31627 - STARLINK-4127,50250.492,51076.909,826.417,
Contact STARLINK-31627 - STARLINK-4127,64637.847,65095.022,457.175,
Contact STARLINK-31627 - STARLINK-30331,42830.585,43610.189,779.604,
Contact STARLINK-31627 - STARLINK-30331,56857.824,58006.533,1148.708,
Contact STARLINK-31627 - STARLINK-30331,68143.230,72305.862,4162.632,
Contact STARLINK-31627 - STARLINK-30331,82312.380,86400.000,4087.620,
Contact STARLINK-31627 - STARLINK-31021,14165.239,14697.624,532.385,
Contact STARLINK-31627 - STARLINK-31021,28264.774,29033.069,768.295,
Contact STARLINK-31627 - STARLINK-31021,39579.995,43317.454,3737.459,
Contact STARLINK-31627 - STARLINK-31021,53755.987,54722.921,966.934,
Contact STARLINK-31627 - STARLINK-31021,67957.803,68954.994,997.191,
Contact STARLINK-31627 - STARLINK-31021,82193.565,83152.628,959.063,
Contact STARLINK-31627 - STARLINK-6372,0.000,21532.896,21532.896,
Contact STARLINK-31627 - STARLINK-30425,0.000,14164.903,14164.903,
Contact STARLINK-31627 - STARLINK-4772,3319.533,3873.001,553.468,
Contact STARLINK-31627 - STARLINK-4772,43165.548,43313.169,147.621,
Contact STARLINK-31627 - STARLINK-4687,0.000,3674.596,3674.596,
Contact STARLINK-31627 - STARLINK-4687,14161.466,15021.778,860.312,
Contact STARLINK-31627 - STARLINK-4687,28384.903,29193.507,808.604,
Contact STARLINK-31627 - STARLINK-4687,42621.148,43352.026,730.879,
Contact STARLINK-31627 - STARLINK-4687,68292.540,68792.385,499.844,
Contact STARLINK-31627 - STARLINK-4687,82608.797,82871.240,262.443,
Contact STARLINK-31627 - STARLINK-5978,43061.769,43597.673,535.904,
Contact STARLINK-31627 - STARLINK-5978,57168.097,58005.455,837.358,
Contact STARLINK-31627 - STARLINK-5978,71357.223,72328.900,971.677,
Contact STARLINK-31627 - STARLINK-5978,82740.685,86400.000,3659.315,
Contact STARLINK-31627 - STARLINK-4402,0.000,457.315,457.315,
Contact STARLINK-31627 - STARLINK-4402,13957.218,14687.694,730.476,
Contact STARLINK-31627 - STARLINK-4402,28191.079,28915.093,724.014,
Contact STARLINK-31627 - STARLINK-4402,39579.023,40296.162,717.139,
Contact STARLINK-31627 - STARLINK-4402,53816.635,54519.986,703.351,
Contact STARLINK-31627 - STARLINK-4402,68052.888,68744.873,691.984,
Contact STARLINK-31627 - STARLINK-4402,82294.055,82965.278,671.223,
Contact STARLINK-31627 - STARLINK-31502,53651.269,54207.649,556.380,
Contact STARLINK-31627 - STARLINK-31502,78837.343,79606.998,769.655,
Contact STARLINK-31627 - STARLINK-30842,60930.993,67691.702,6760.709,
Contact STARLINK-31627 - STARLINK-30842,74946.014,76334.324,1388.311,
Contact STARLINK-31627 - STARLINK-30842,83415.124,86400.000,2984.876,
Contact STARLINK-31627 - STARLINK-4631,0.000,3645.831,3645.831,
Contact STARLINK-31627 - STARLINK-4631,14193.176,14974.830,781.653,
Contact STARLINK-31627 - STARLINK-4631,28439.973,29120.859,680.886,
Contact STARLINK-31627 - STARLINK-4631,42703.457,43249.727,546.270,
Contact STARLINK-31627 - STARLINK-5807,7080.767,7577.280,496.514,
Contact STARLINK-31627 - STARLINK-5807,21106.510,22046.591,940.082,
Contact STARLINK-31627 - STARLINK-5807,35233.932,36414.052,1180.120,
Contact STARLINK-31627 - STARLINK-5807,46601.301,50679.888,4078.588,
Contact STARLINK-31627 - STARLINK-5807,60888.007,64888.516,4000.509,
Contact STARLINK-31627 - STARLINK-5807,75234.349,76192.880,958.531,
Contact STARLINK-31627 - STARLINK-31722,6496.672,7329.123,832.451,
Contact STARLINK-31627 - STARLINK-31722,17703.216,18602.512,899.296,
Contact STARLINK-31627 - STARLINK-31722,31726.866,32678.655,951.789,
Contact STARLINK-31627 - STARLINK-31722,42948.167,43937.146,988.979,
Contact STARLINK-31627 - STARLINK-31722,56977.929,58007.198,1029.269,
Contact STARLINK-31627 - STARLINK-31722,68212.706,72057.082,3844.375,
Contact STARLINK-31627 - STARLINK-31722,82269.530,83294.866,1025.337,
Contact STARLINK-31627 - STARLINK-1581,0.000,86400.000,86400.000,
Contact STARLINK-31627 - STARLINK-4290,0.000,14279.206,14279.206,
Contact STARLINK-31627 - STARLINK-2388,21496.630,22005.835,509.205,
Contact STARLINK-31627 - STARLINK-2388,35519.445,36326.485,807.040,
Contact STARLINK-31627 - STARLINK-2388,46781.601,50580.284,3798.683,
Contact STARLINK-31627 - STARLINK-2388,60891.327,67662.517,6771.191,
Contact STARLINK-31627 - STARLINK-2388,75006.083,76199.696,1193.614,
Contact STARLINK-31627 - STARLINK-2388,83496.946,86400.000,2903.054,
Contact STARLINK-31627 - STARLINK-3167,0.000,601.372,601.372,
Contact STARLINK-31627 - STARLINK-3167,13889.601,14738.421,848.820,
Contact STARLINK-31627 - STARLINK-3167,28059.432,28865.443,806.012,
Contact STARLINK-31627 - STARLINK-3167,39395.570,40166.668,771.098,
Contact STARLINK-31627 - STARLINK-3167,53566.259,54292.495,726.235,
Contact STARLINK-31627 - STARLINK-3167,67748.608,68407.029,658.421,
Contact STARLINK-31627 - STARLINK-3167,79095.963,79697.034,601.071,
Contact STARLINK-31627 - STARLINK-1700,60731.097,61533.882,802.785,
Contact STARLINK-31627 - STARLINK-1700,69069.358,75998.211,6928.853,
Contact STARLINK-31627 - STARLINK-1700,83089.359,86400.000,3310.641,
Contact STARLINK-31627 - MoonARTEMIS1,784.320,10470.074,9685.754,
Contact STARLINK-31627 - MoonARTEMIS1,12158.386,27390.914,15232.528,
Contact STARLINK-31627 - MoonARTEMIS1,34866.275,38669.979,3803.703,
Contact STARLINK-31627 - MoonARTEMIS1,40514.865,49950.713,9435.848,
Contact STARLINK-31627 - MoonARTEMIS1,51823.993,66875.526,15051.533,
Contact STARLINK-31627 - MoonARTEMIS1,68799.710,78160.951,9361.241,
Contact STARLINK-31627 - MoonARTEMIS1,80120.186,86400.000,6279.814,
Contact STARLINK-31627 - MoonARTEMIS2,947.516,10485.534,9538.018,
Contact STARLINK-31627 - MoonARTEMIS2,12278.015,27400.986,15122.972,
Contact STARLINK-31627 - MoonARTEMIS2,29252.746,38676.330,9423.584,
Contact STARLINK-31627 - MoonARTEMIS2,40551.713,47397.808,6846.095,
Contact STARLINK-31627 - MoonARTEMIS2,51872.366,66897.679,15025.313,
Contact STARLINK-31627 - MoonARTEMIS2,68879.334,78187.958,9308.624,
Contact STARLINK-31627 - MoonARTEMIS2,80202.672,86400.000,6197.328,
Contact STARLINK-31627 - MoonIOAGEO,836.943,10472.181,9635.238,
Contact STARLINK-31627 - MoonIOAGEO,17883.005,27389.825,9506.820,
Contact STARLINK-31627 - MoonIOAGEO,29227.343,38671.662,9444.319,
Contact STARLINK-31627 - MoonIOAGEO,40532.064,49956.347,9424.283,
Contact STARLINK-31627 - MoonIOAGEO,51851.775,55599.385,3747.610,
Contact STARLINK-31627 - MoonIOAGEO,63193.991,66885.482,3691.491,
Contact STARLINK-31627 - MoonIOAGEO,68858.856,78169.992,9311.136,
Contact STARLINK-31627 - MoonIOAGEO,80164.423,86400.000,6235.577,
Contact STARLINK-31627 - MoonIOAGNO,840.056,10471.075,9631.019,
Contact STARLINK-31627 - MoonIOAGNO,12225.722,27424.222,15198.500,
Contact STARLINK-31627 - MoonIOAGNO,29224.740,38693.056,9468.315,
Contact STARLINK-31627 - MoonIOAGNO,40535.008,49948.829,9413.821,
Contact STARLINK-31627 - MoonIOAGNO,51864.884,66910.880,15045.996,
Contact STARLINK-31627 - MoonIOAGNO,68867.127,78191.409,9324.282,
Contact STARLINK-31627 - MoonIOAGNO,80169.060,86400.000,6230.940,
Contact STARLINK-31627 - MoonIOAGNO 0001,882.420,10506.615,9624.196,
Contact STARLINK-31627 - MoonIOAGNO 0001,12207.816,27384.109,15176.292,
Contact STARLINK-31627 - MoonIOAGNO 0001,29204.116,38694.760,9490.644,
Contact STARLINK-31627 - MoonIOAGNO 0001,40564.818,49985.840,9421.022,
Contact STARLINK-31627 - MoonIOAGNO 0001,51880.129,66886.944,15006.815,
Contact STARLINK-31627 - MoonIOAGNO 0001,68835.180,78181.769,9346.589,
Contact STARLINK-31627 - MoonIOAGNO 0001,80182.761,86400.000,6217.239,
Contact STARLINK-31627 - MoonIOAGSO,861.108,8822.799,7961.691,
Contact STARLINK-31627 - MoonIOAGSO,12203.841,27356.988,15153.148,
Contact STARLINK-31627 - MoonIOAGSO,29205.107,38651.537,9446.430,
Contact STARLINK-31627 - MoonIOAGSO,40538.212,49963.774,9425.562,
Contact STARLINK-31627 - MoonIOAGSO,57520.219,66858.495,9338.276,
Contact STARLINK-31627 - MoonIOAGSO,68836.259,78148.958,9312.698,
Contact STARLINK-31627 - MoonIOAGSO,80156.907,86400.000,6243.093,
Contact STARLINK-31627 - MoonIOAGSO 0001,860.207,10434.779,9574.573,
Contact STARLINK-31627 - MoonIOAGSO 0001,12203.790,27396.799,15193.009,
Contact STARLINK-31627 - MoonIOAGSO 0001,34871.760,38651.300,3779.540,
Contact STARLINK-31627 - MoonIOAGSO 0001,40533.049,49927.320,9394.271,
Contact STARLINK-31627 - MoonIOAGSO 0001,51857.842,66879.562,15021.720,
Contact STARLINK-31627 - MoonIOAGSO 0001,68848.582,72534.088,3685.506,
Contact STARLINK-31627 - MoonIOAGSO 0001,80154.720,86400.000,6245.280,
Contact STARLINK-31627 - MoonLRO,858.008,10478.702,9620.694,
Contact STARLINK-31627 - MoonLRO,13643.591,16112.997,2469.406,
Contact STARLINK-31627 - MoonLRO,20500.078,21744.816,1244.739,
Contact STARLINK-31627 - MoonLRO,34872.535,38149.439,3276.904,
Contact STARLINK-31627 - MoonLRO,40947.229,44320.867,3373.638,
Contact STARLINK-31627 - MoonLRO,57531.150,58610.832,1079.681,
Contact STARLINK-31627 - MoonLRO,63187.633,65470.750,2283.117,
Contact STARLINK-31627 - MoonLRO,68842.214,78175.541,9333.327,
Contact STARLINK-31627 - MoonLRO,81923.093,83813.534,1890.441,
Contact STARLINK-31627 - MarsSat1,1467.175,10639.595,9172.420,
Contact STARLINK-31627 - MarsSat1,12756.375,16285.152,3528.778,
Contact STARLINK-31627 - MarsSat1,18400.956,27576.294,9175.338,
Contact STARLINK-31627 - MarsSat1,29690.083,38867.475,9177.392,
Contact STARLINK-31627 - MarsSat1,40979.174,50158.709,9179.535,
Contact STARLINK-31627 - MarsSat1,52268.241,55804.349,3536.108,
Contact STARLINK-31627 - MarsSat1,57912.768,67095.683,9182.914,
Contact STARLINK-31627 - MarsSat1,69201.812,78387.090,9185.278,
Contact STARLINK-31627 - MarsSat1,80490.834,86400.000,5909.166,
Contact STARLINK-31627 - MarsSat2,1467.142,10639.600,9172.458,
Contact STARLINK-31627 - MarsSat2,12756.391,16285.173,3528.781,
Contact STARLINK-31627 - MarsSat2,18400.994,27576.339,9175.345,
Contact STARLINK-31627 - MarsSat2,29690.155,38867.543,9177.388,
Contact STARLINK-31627 - MarsSat2,40979.268,50158.793,9179.525,
Contact STARLINK-31627 - MarsSat2,52268.340,55804.436,3536.097,
Contact STARLINK-31627 - MarsSat2,57912.861,67095.764,9182.902,
Contact STARLINK-31627 - MarsSat2,69201.878,78387.147,9185.269,
Contact STARLINK-31627 - MarsSat2,80490.861,86400.000,5909.139,
Contact STARLINK-31627 - MarsSat3,1467.103,10639.521,9172.418,
Contact STARLINK-31627 - MarsSat3,12756.300,16285.089,3528.789,
Contact STARLINK-31627 - MarsSat3,18400.908,27576.296,9175.388,
Contact STARLINK-31627 - MarsSat3,29690.116,38867.536,9177.420,
Contact STARLINK-31627 - MarsSat3,40979.257,50158.793,9179.536,
Contact STARLINK-31627 - MarsSat3,52268.328,55804.431,3536.103,
Contact STARLINK-31627 - MarsSat3,57912.843,67095.738,9182.895,
Contact STARLINK-31627 - MarsSat3,69201.838,78387.095,9185.256,
Contact STARLINK-31627 - MarsSat3,80490.799,86400.000,5909.201,
Contact STARLINK-31627 - MarsSat4,1467.194,9030.934,7563.739,
Contact STARLINK-31627 - MarsSat4,12756.328,16285.104,3528.776,
Contact STARLINK-31627 - MarsSat4,18400.920,27576.302,9175.382,
Contact STARLINK-31627 - MarsSat4,29690.113,38867.494,9177.382,
Contact STARLINK-31627 - MarsSat4,43179.692,50158.704,6979.011,
Contact STARLINK-31627 - MarsSat4,52268.261,55804.380,3536.119,
Contact STARLINK-31627 - MarsSat4,57912.818,67095.747,9182.929,
Contact STARLINK-31627 - MarsSat4,69201.858,78387.080,9185.222,
Contact STARLINK-31627 - MarsSat4,80490.805,86400.000,5909.195,
Contact STARLINK-3182 - STARLINK-4413,6704.593,13730.533,7025.941,
Contact STARLINK-3182 - STARLINK-4413,21428.063,21970.215,542.152,
Contact STARLINK-3182 - STARLINK-4127,0.000,74921.582,74921.582,
Contact STARLINK-3182 - STARLINK-30331,6668.352,7690.006,1021.655,
Contact STARLINK-3182 - STARLINK-30331,20884.573,21920.119,1035.546,
Contact STARLINK-3182 - STARLINK-30331,32276.996,36121.208,3844.212,
Contact STARLINK-3182 - STARLINK-30331,46542.606,47466.540,923.934,
Contact STARLINK-3182 - STARLINK-30331,60829.118,61626.720,797.603,
Contact STARLINK-3182 - STARLINK-30331,75159.188,75744.443,585.255,
Contact STARLINK-3182 - STARLINK-31827,3560.477,7263.920,3703.443,
Contact STARLINK-3182 - STARLINK-31827,17666.043,18501.203,835.160,
Contact STARLINK-3182 - STARLINK-31827,31770.557,32545.199,774.642,
Contact STARLINK-3182 - STARLINK-31827,43065.007,43769.549,704.542,
Contact STARLINK-3182 - STARLINK-31827,57200.832,57782.244,581.412,
Contact STARLINK-3182 - STARLINK-31827,82694.095,82956.381,262.286,
Contact STARLINK-3182 - STARLINK-31987,3271.375,4337.570,1066.194,
Contact STARLINK-3182 - STARLINK-31987,17397.032,18411.799,1014.767,
Contact STARLINK-3182 - STARLINK-31987,28694.953,32495.876,3800.923,
Contact STARLINK-3182 - STARLINK-31987,42813.709,43755.164,941.455,
Contact STARLINK-3182 - STARLINK-31987,56950.470,57818.276,867.806,
Contact STARLINK-3182 - STARLINK-31987,68257.577,69071.122,813.545,
Contact STARLINK-3182 - STARLINK-31987,82387.990,83140.683,752.694,
Contact STARLINK-3182 - STARLINK-31021,317.720,10498.461,10180.741,
Contact STARLINK-3182 - STARLINK-31021,17414.046,24657.646,7243.600,
Contact STARLINK-3182 - STARLINK-31021,31734.406,33130.750,1396.344,
Contact STARLINK-3182 - STARLINK-31021,46156.627,47168.402,1011.774,
Contact STARLINK-3182 - STARLINK-6372,0.000,324.376,324.376,
Contact STARLINK-3182 - STARLINK-6372,13817.104,14453.919,636.815,
Contact STARLINK-3182 - STARLINK-30425,0.000,128.314,128.314,
Contact STARLINK-3182 - STARLINK-30425,10638.896,11228.552,589.656,
Contact STARLINK-3182 - STARLINK-5978,3514.347,7314.620,3800.273,
Contact STARLINK-3182 - STARLINK-5978,17814.296,18706.847,892.550,
Contact STARLINK-3182 - STARLINK-5978,32135.988,32922.275,786.287,
Contact STARLINK-3182 - STARLINK-5978,46512.699,47084.567,571.868,
Contact STARLINK-3182 - STARLINK-4402,0.000,6434.458,6434.458,
Contact STARLINK-3182 - STARLINK-4402,13986.686,14855.988,869.302,
Contact STARLINK-3182 - STARLINK-31502,71204.327,86400.000,15195.673,
Contact STARLINK-3182 - STARLINK-30842,64547.668,64938.187,390.519,
Contact STARLINK-3182 - STARLINK-30842,72596.708,86400.000,13803.292,
Contact STARLINK-3182 - STARLINK-5807,42275.149,43475.658,1200.509,
Contact STARLINK-3182 - STARLINK-5807,50512.160,86400.000,35887.840,
Contact STARLINK-3182 - STARLINK-1581,10600.399,11277.583,677.183,
Contact STARLINK-3182 - STARLINK-1581,24684.674,25395.766,711.092,
Contact STARLINK-3182 - STARLINK-1581,35955.125,36687.181,732.056,
Contact STARLINK-3182 - STARLINK-1581,50046.516,50798.018,751.502,
Contact STARLINK-3182 - STARLINK-1581,64134.951,64911.763,776.812,
Contact STARLINK-3182 - STARLINK-1581,75408.288,76200.083,791.796,
Contact STARLINK-3182 - STARLINK-4290,0.000,229.683,229.683,
Contact STARLINK-3182 - STARLINK-2388,64454.727,71674.148,7219.421,
Contact STARLINK-3182 - STARLINK-2388,72662.466,86400.000,13737.534,
Contact STARLINK-3182 - STARLINK-3167,0.000,32637.418,32637.418,
Contact STARLINK-3182 - MoonARTEMIS1,0.000,3477.489,3477.489,
Contact STARLINK-3182 - MoonARTEMIS1,5654.972,9149.775,3494.804,
Contact STARLINK-3182 - MoonARTEMIS1,11326.777,20499.639,9172.862,
Contact STARLINK-3182 - MoonARTEMIS1,22674.931,31077.571,8402.640,
Contact STARLINK-3182 - MoonARTEMIS1,34014.803,37508.794,3493.991,
Contact STARLINK-3182 - MoonARTEMIS1,45332.387,48830.869,3498.482,
Contact STARLINK-3182 - MoonARTEMIS1,50994.411,60160.130,9165.720,
Contact STARLINK-3182 - MoonARTEMIS1,62322.326,71494.565,9172.238,
Contact STARLINK-3182 - MoonARTEMIS1,73654.363,77163.560,3509.197,
Contact STARLINK-3182 - MoonARTEMIS1,79321.769,86400.000,7078.231,
Contact STARLINK-3182 - MoonARTEMIS2,5711.035,9208.439,3497.404,
Contact STARLINK-3182 - MoonARTEMIS2,11376.840,20540.703,9163.863,
Contact STARLINK-3182 - MoonARTEMIS2,22706.416,31869.036,9162.621,
Contact STARLINK-3182 - MoonARTEMIS2,34032.100,37530.670,3498.570,
Contact STARLINK-3182 - MoonARTEMIS2,45349.290,47395.524,2046.235,
Contact STARLINK-3182 - MoonARTEMIS2,51332.870,60208.906,8876.036,
Contact STARLINK-3182 - MoonARTEMIS2,62365.005,71557.756,9192.751,
Contact STARLINK-3182 - MoonARTEMIS2,73706.184,77231.186,3525.002,
Contact STARLINK-3182 - MoonARTEMIS2,79375.906,86400.000,7024.094,
Contact STARLINK-3182 - MoonIOAGEO,5670.389,9167.169,3496.779,
Contact STARLINK-3182 - MoonIOAGEO,17299.084,20522.251,3223.168,
Contact STARLINK-3182 - MoonIOAGEO,22693.740,31859.500,9165.760,
Contact STARLINK-3182 - MoonIOAGEO,34023.567,37518.386,3494.820,
Contact STARLINK-3182 - MoonIOAGEO,45341.174,48843.397,3502.223,
Contact STARLINK-3182 - MoonIOAGEO,51007.821,54517.364,3509.543,
Contact STARLINK-3182 - MoonIOAGEO,62357.540,71547.158,9189.618,
Contact STARLINK-3182 - MoonIOAGEO,73698.325,77210.816,3512.491,
Contact STARLINK-3182 - MoonIOAGEO,79358.467,86400.000,7041.533,
Contact STARLINK-3182 - MoonIOAGNO,0.000,3498.112,3498.112,
Contact STARLINK-3182 - MoonIOAGNO,5678.661,9183.131,3504.469,
Contact STARLINK-3182 - MoonIOAGNO,11354.635,20505.995,9151.361,
Contact STARLINK-3182 - MoonIOAGNO,22672.078,31831.970,9159.892,
Contact STARLINK-3182 - MoonIOAGNO,33998.099,37499.441,3501.341,
Contact STARLINK-3182 - MoonIOAGNO,45339.714,48851.995,3512.280,
Contact STARLINK-3182 - MoonIOAGNO,51022.577,60194.599,9172.022,
Contact STARLINK-3182 - MoonIOAGNO,62346.948,71519.671,9172.723,
Contact STARLINK-3182 - MoonIOAGNO,73669.783,77185.488,3515.706,
Contact STARLINK-3182 - MoonIOAGNO,79335.467,86400.000,7064.533,
Contact STARLINK-3182 - MoonIOAGNO 0001,5665.430,9157.892,3492.462,
Contact STARLINK-3182 - MoonIOAGNO 0001,11329.413,20495.679,9166.266,
Contact STARLINK-3182 - MoonIOAGNO 0001,22669.400,31857.355,9187.955,
Contact STARLINK-3182 - MoonIOAGNO 0001,34021.724,37519.429,3497.705,
Contact STARLINK-3182 - MoonIOAGNO 0001,45339.553,48842.692,3503.139,
Contact STARLINK-3182 - MoonIOAGNO 0001,51001.625,60175.970,9174.346,
Contact STARLINK-3182 - MoonIOAGNO 0001,62335.488,71532.171,9196.683,
Contact STARLINK-3182 - MoonIOAGNO 0001,73692.948,77209.315,3516.367,
Contact STARLINK-3182 - MoonIOAGNO 0001,79355.358,86400.000,7044.642,
Contact STARLINK-3182 - MoonIOAGSO,5678.096,8806.027,3127.931,
Contact STARLINK-3182 - MoonIOAGSO,11713.992,20532.768,8818.776,
Contact STARLINK-3182 - MoonIOAGSO,22705.380,31872.062,9166.682,
Contact STARLINK-3182 - MoonIOAGSO,34039.391,37536.360,3496.970,
Contact STARLINK-3182 - MoonIOAGSO,45357.161,48853.555,3496.394,
Contact STARLINK-3182 - MoonIOAGSO,56693.803,60208.956,3515.153,
Contact STARLINK-3182 - MoonIOAGSO,62371.354,71556.312,9184.958,
Contact STARLINK-3182 - MoonIOAGSO,73711.797,77224.455,3512.657,
Contact STARLINK-3182 - MoonIOAGSO,79375.982,86400.000,7024.018,
Contact STARLINK-3182 - MoonIOAGSO 0001,5705.182,9198.320,3493.138,
Contact STARLINK-3182 - MoonIOAGSO 0001,11370.784,20523.349,9152.566,
Contact STARLINK-3182 - MoonIOAGSO 0001,22690.303,30506.864,7816.562,
Contact STARLINK-3182 - MoonIOAGSO 0001,34023.310,37532.024,3508.713,
Contact STARLINK-3182 - MoonIOAGSO 0001,39701.801,48879.402,9177.601,
Contact STARLINK-3182 - MoonIOAGSO 0001,51043.062,60211.674,9168.612,
Contact STARLINK-3182 - MoonIOAGSO 0001,62368.119,71528.647,9160.528,
Contact STARLINK-3182 - MoonIOAGSO 0001,79364.207,86400.000,7035.793,
Contact STARLINK-3182 - MoonLRO,6841.836,9176.872,2335.036,
Contact STARLINK-3182 - MoonLRO,13652.124,14847.854,1195.730,
Contact STARLINK-3182 - MoonLRO,28354.156,31276.228,2922.072,
Contact STARLINK-3182 - MoonLRO,34158.346,37516.782,3358.436,
Contact STARLINK-3182 - MoonLRO,56687.591,58626.023,1938.432,
Contact STARLINK-3182 - MoonLRO,62356.871,71531.725,9174.854,
Contact STARLINK-3182 - MoonLRO,75103.114,77204.803,2101.689,
Contact STARLINK-3182 - MoonLRO,81914.625,82875.976,961.352,
Contact STARLINK-3182 - MarsSat1,1028.782,10364.579,9335.797,
Contact STARLINK-3182 - MarsSat1,12342.094,27339.230,14997.136,
Contact STARLINK-3182 - MarsSat1,29312.239,38655.695,9343.456,
Contact STARLINK-3182 - MarsSat1,40625.735,49972.169,9346.434,
Contact STARLINK-3182 - MarsSat1,51939.267,66946.941,15007.675,
Contact STARLINK-3182 - MarsSat1,68909.680,78263.542,9353.863,
Contact STARLINK-3182 - MarsSat1,80223.422,86400.000,6176.578,
Contact STARLINK-3182 - MarsSat2,1028.851,10364.569,9335.719,
Contact STARLINK-3182 - MarsSat2,12342.063,27339.156,14997.093,
Contact STARLINK-3182 - MarsSat2,29312.108,38655.625,9343.518,
Contact STARLINK-3182 - MarsSat2,40625.599,49972.148,9346.549,
Contact STARLINK-3182 - MarsSat2,51939.183,66947.024,15007.841,
Contact STARLINK-3182 - MarsSat2,68909.726,78263.664,9353.938,
Contact STARLINK-3182 - MarsSat2,80223.532,86400.000,6176.468,
Contact STARLINK-3182 - MarsSat3,1028.898,10364.570,9335.672,
Contact STARLINK-3182 - MarsSat3,12342.124,27339.154,14997.031,
Contact STARLINK-3182 - MarsSat3,29312.141,38655.654,9343.513,
Contact STARLINK-3182 - MarsSat3,40625.642,49972.192,9346.550,
Contact STARLINK-3182 - MarsSat3,51939.237,66947.049,15007.812,
Contact STARLINK-3182 - MarsSat3,68909.777,78263.654,9353.877,
Contact STARLINK-3182 - MarsSat3,80223.560,86400.000,6176.440,
Contact STARLINK-3182 - MarsSat4,1028.853,9030.986,8002.133,
Contact STARLINK-3182 - MarsSat4,12342.127,27339.179,14997.052,
Contact STARLINK-3182 - MarsSat4,29312.167,38655.648,9343.480,
Contact STARLINK-3182 - MarsSat4,43179.571,49972.106,6792.535,
Contact STARLINK-3182 - MarsSat4,51939.201,66947.015,15007.814,
Contact STARLINK-3182 - MarsSat4,68909.728,78263.597,9353.869,
Contact STARLINK-3182 - MarsSat4,80223.497,86400.000,6176.503,
Contact STARLINK-4413 - STARLINK-31407,60402.791,61229.358,826.566,
Contact STARLINK-4413 - STARLINK-31407,71672.030,72665.963,993.933,
Contact STARLINK-4413 - STARLINK-31407,85854.740,86400.000,545.260,
Contact STARLINK-4413 - STARLINK-30171,86375.969,86400.000,24.031,
Contact STARLINK-4413 - STARLINK-5660,0.000,3690.843,3690.843,
Contact STARLINK-4413 - STARLINK-5660,14271.259,18074.553,3803.294,
Contact STARLINK-4413 - STARLINK-5660,28625.642,32470.300,3844.658,
Contact STARLINK-4413 - STARLINK-5660,42971.996,46848.198,3876.203,
Contact STARLINK-4413 - STARLINK-5660,57331.335,61237.886,3906.551,
Contact STARLINK-4413 - STARLINK-5660,71682.622,75610.980,3928.357,
Contact STARLINK-4413 - STARLINK-5660,86046.115,86400.000,353.885,
Contact STARLINK-4413 - STARLINK-32094,3201.843,3711.125,509.282,
Contact STARLINK-4413 - STARLINK-32094,28666.940,29335.700,668.760,
Contact STARLINK-4413 - STARLINK-32094,42826.644,43556.965,730.320,
Contact STARLINK-4413 - STARLINK-32094,57009.695,57756.804,747.108,
Contact STARLINK-4413 - STARLINK-32094,68363.643,69108.245,744.601,
Contact STARLINK-4413 - STARLINK-32094,82567.410,83285.482,718.072,
Contact STARLINK-4413 - STARLINK-30331,7040.719,7785.684,744.964,
Contact STARLINK-4413 - STARLINK-30331,21395.855,22146.114,750.259,
Contact STARLINK-4413 - STARLINK-30331,35759.775,36497.182,737.406,
Contact STARLINK-4413 - STARLINK-30331,50115.024,50857.503,742.479,
Contact STARLINK-4413 - STARLINK-30331,64479.693,65207.876,728.183,
Contact STARLINK-4413 - STARLINK-30331,78835.145,79568.003,732.858,
Contact STARLINK-4413 - STARLINK-31827,6765.351,7488.688,723.337,
Contact STARLINK-4413 - STARLINK-31827,20988.277,21673.752,685.475,
Contact STARLINK-4413 - STARLINK-31827,32380.757,33007.693,626.935,
Contact STARLINK-4413 - STARLINK-31827,46641.114,47155.960,514.846,
Contact STARLINK-4413 - STARLINK-31827,60899.464,61306.054,406.590,
Contact STARLINK-4413 - STARLINK-31800,75070.826,75630.455,559.629,
Contact STARLINK-4413 - STARLINK-31800,86291.964,86400.000,108.036,
Contact STARLINK-4413 - STARLINK-4254,3036.753,3841.434,804.681,
Contact STARLINK-4413 - STARLINK-4254,17373.466,18187.958,814.492,
Contact STARLINK-4413 - STARLINK-4254,31699.787,32543.660,843.873,
Contact STARLINK-4413 - STARLINK-4254,43167.646,46885.638,3717.992,
Contact STARLINK-4413 - STARLINK-4254,57510.366,61236.464,3726.098,
Contact STARLINK-4413 - STARLINK-4254,71843.103,72711.267,868.164,
Contact STARLINK-4413 - STARLINK-4254,86189.353,86400.000,210.647,
Contact STARLINK-4413 - STARLINK-31987,6622.179,7410.461,788.282,
Contact STARLINK-4413 - STARLINK-31987,20886.517,21606.842,720.326,
Contact STARLINK-4413 - STARLINK-31987,32323.478,32938.696,615.219,
Contact STARLINK-4413 - STARLINK-31987,46668.826,47055.160,386.334,
Contact STARLINK-4413 - STARLINK-6311,46786.738,47118.352,331.614,
Contact STARLINK-4413 - STARLINK-6311,61116.596,61493.908,377.312,
Contact STARLINK-4413 - STARLINK-6311,75467.514,75849.537,382.023,
Contact STARLINK-4413 - STARLINK-31021,6774.182,7720.853,946.671,
Contact STARLINK-4413 - STARLINK-31021,21134.401,22090.968,956.567,
Contact STARLINK-4413 - STARLINK-31021,35508.762,36446.936,938.173,
Contact STARLINK-4413 - STARLINK-31021,49870.795,50815.399,944.604,
Contact STARLINK-4413 - STARLINK-31021,64247.607,65169.251,921.644,
Contact STARLINK-4413 - STARLINK-31021,78611.739,79535.784,924.045,
Contact STARLINK-4413 - STARLINK-2228,6675.746,7299.167,623.421,
Contact STARLINK-4413 - STARLINK-2228,32179.735,32661.797,482.062,
Contact STARLINK-4413 - STARLINK-2228,71797.373,72171.992,374.619,
Contact STARLINK-4413 - STARLINK-1736,75447.021,75919.688,472.667,
Contact STARLINK-4413 - STARLINK-6372,0.000,203.961,203.961,
Contact STARLINK-4413 - STARLINK-6372,13774.724,14568.556,793.832,
Contact STARLINK-4413 - STARLINK-6372,28153.182,28925.047,771.865,
Contact STARLINK-4413 - STARLINK-6372,42522.793,43289.522,766.729,
Contact STARLINK-4413 - STARLINK-6372,56900.866,57646.239,745.373,
Contact STARLINK-4413 - STARLINK-6372,68399.777,72010.659,3610.883,
Contact STARLINK-4413 - STARLINK-6372,82769.195,83499.198,730.003,
Contact STARLINK-4413 - STARLINK-4772,53319.794,54072.648,752.854,
Contact STARLINK-4413 - STARLINK-4772,64657.617,68516.117,3858.500,
Contact STARLINK-4413 - STARLINK-4772,78855.064,85786.161,6931.097,
Contact STARLINK-4413 - STARLINK-30320,17948.661,18414.913,466.252,
Contact STARLINK-4413 - STARLINK-30320,32063.773,32671.204,607.432,
Contact STARLINK-4413 - STARLINK-30320,46212.142,46895.357,683.215,
Contact STARLINK-4413 - STARLINK-30320,57538.510,58266.023,727.512,
Contact STARLINK-4413 - STARLINK-30320,71707.938,72466.575,758.637,
Contact STARLINK-4413 - STARLINK-30320,85904.566,86400.000,495.434,
Contact STARLINK-4413 - STARLINK-31919,82520.791,82877.735,356.944,
Contact STARLINK-4413 - STARLINK-31639,3376.454,3943.424,566.970,
Contact STARLINK-4413 - STARLINK-31639,17547.304,18255.073,707.769,
Contact STARLINK-4413 - STARLINK-31639,31734.724,32548.309,813.585,
Contact STARLINK-4413 - STARLINK-31639,43108.592,46804.277,3695.685,
Contact STARLINK-4413 - STARLINK-31639,57352.474,58197.041,844.567,
Contact STARLINK-4413 - STARLINK-31639,71605.910,72423.724,817.814,
Contact STARLINK-4413 - STARLINK-31639,85890.997,86400.000,509.003,
Contact STARLINK-4413 - STARLINK-31600,71300.246,72317.923,1017.677,
Contact STARLINK-4413 - STARLINK-31600,79611.789,86400.000,6788.211,
Contact STARLINK-4413 - STARLINK-4687,7049.116,10933.846,3884.729,
Contact STARLINK-4413 - STARLINK-4687,21337.268,25316.966,3979.698,
Contact STARLINK-4413 - STARLINK-4687,35653.211,42577.997,6924.785,
Contact STARLINK-4413 - STARLINK-4687,49955.544,56961.683,7006.139,
Contact STARLINK-4413 - STARLINK-4687,64285.304,71324.228,7038.924,
Contact STARLINK-4413 - STARLINK-4687,78602.204,85692.611,7090.407,
Contact STARLINK-4413 - STARLINK-5978,6813.973,7592.192,778.218,
Contact STARLINK-4413 - STARLINK-5978,21208.800,21998.713,789.912,
Contact STARLINK-4413 - STARLINK-5978,35617.544,36391.294,773.750,
Contact STARLINK-4413 - STARLINK-5978,50012.707,50797.498,784.791,
Contact STARLINK-4413 - STARLINK-5978,64421.823,65189.711,767.888,
Contact STARLINK-4413 - STARLINK-5978,78817.347,79595.575,778.228,
Contact STARLINK-4413 - STARLINK-31764,60773.863,61215.174,441.312,
Contact STARLINK-4413 - STARLINK-31764,71952.470,75605.345,3652.875,
Contact STARLINK-4413 - STARLINK-31764,86057.625,86400.000,342.375,
Contact STARLINK-4413 - STARLINK-4402,3284.366,7412.569,4128.203,
Contact STARLINK-4413 - STARLINK-4402,17640.155,24683.744,7043.589,
Contact STARLINK-4413 - STARLINK-4402,31978.112,39087.472,7109.361,
Contact STARLINK-4413 - STARLINK-4402,46336.776,53463.562,7126.786,
Contact STARLINK-4413 - STARLINK-4402,60678.423,67863.672,7185.249,
Contact STARLINK-4413 - STARLINK-4402,75039.976,82236.763,7196.787,
Contact STARLINK-4413 - STARLINK-31502,10553.845,11422.219,868.374,
Contact STARLINK-4413 - STARLINK-31502,24446.057,31672.164,7226.107,
Contact STARLINK-4413 - STARLINK-31502,32883.651,40182.822,7299.171,
Contact STARLINK-4413 - STARLINK-31502,47200.384,54160.774,6960.390,
Contact STARLINK-4413 - STARLINK-5618,0.000,702.261,702.261,
Contact STARLINK-4413 - STARLINK-5618,14284.643,15041.045,756.402,
Contact STARLINK-4413 - STARLINK-5618,28624.475,29369.455,744.980,
Contact STARLINK-4413 - STARLINK-5618,42954.594,43707.373,752.780,
Contact STARLINK-4413 - STARLINK-5618,57294.027,58036.075,742.048,
Contact STARLINK-4413 - STARLINK-5618,71624.942,72373.184,748.242,
Contact STARLINK-4413 - STARLINK-5618,85963.799,86400.000,436.201,
Contact STARLINK-4413 - STARLINK-6255,3339.787,3836.380,496.593,
Contact STARLINK-4413 - STARLINK-6255,17709.808,18207.298,497.490,
Contact STARLINK-4413 - STARLINK-6255,32064.260,32592.153,527.892,
Contact STARLINK-4413 - STARLINK-6255,46435.089,46962.166,527.077,
Contact STARLINK-4413 - STARLINK-6255,60791.092,61345.359,554.267,
Contact STARLINK-4413 - STARLINK-6255,75162.578,75714.623,552.045,
Contact STARLINK-4413 - STARLINK-3898,3499.217,4061.467,562.250,
Contact STARLINK-4413 - STARLINK-3898,17822.311,18396.442,574.132,
Contact STARLINK-4413 - STARLINK-3898,32131.970,32743.886,611.916,
Contact STARLINK-4413 - STARLINK-3898,46456.667,47077.225,620.559,
Contact STARLINK-4413 - STARLINK-3898,60768.913,61421.964,653.050,
Contact STARLINK-4413 - STARLINK-3898,75095.069,75753.809,658.740,
Contact STARLINK-4413 - STARLINK-4631,7135.739,11034.364,3898.626,
Contact STARLINK-4413 - STARLINK-4631,21400.173,25438.783,4038.610,
Contact STARLINK-4413 - STARLINK-4631,35699.795,39848.916,4149.120,
Contact STARLINK-4413 - STARLINK-4631,49984.194,57119.907,7135.712,
Contact STARLINK-4413 - STARLINK-4631,64302.543,71496.635,7194.093,
Contact STARLINK-4413 - STARLINK-4631,78606.412,85873.552,7267.140,
Contact STARLINK-4413 - STARLINK-31722,10785.475,11182.011,396.535,
Contact STARLINK-4413 - STARLINK-31722,24878.468,25473.936,595.468,
Contact STARLINK-4413 - STARLINK-31722,38999.676,39738.400,738.724,
Contact STARLINK-4413 - STARLINK-31722,50322.029,51123.526,801.497,
Contact STARLINK-4413 - STARLINK-31722,64508.915,65320.259,811.344,
Contact STARLINK-4413 - STARLINK-31722,78719.518,79494.260,774.742,
Contact STARLINK-4413 - STARLINK-1581,0.000,38.717,38.717,
Contact STARLINK-4413 - STARLINK-1581,10742.577,11405.730,663.152,
Contact STARLINK-4413 - STARLINK-1581,24999.065,25611.479,612.413,
Contact STARLINK-4413 - STARLINK-1581,39259.021,39814.827,555.806,
Contact STARLINK-4413 - STARLINK-1581,53519.048,54017.430,498.382,
Contact STARLINK-4413 - STARLINK-1581,79168.997,79601.009,432.012,
Contact STARLINK-4413 - STARLINK-30367,3463.461,3899.716,436.255,
Contact STARLINK-4413 - STARLINK-30367,17840.491,18267.600,427.109,
Contact STARLINK-4413 - STARLINK-30367,32201.002,32650.873,449.871,
Contact STARLINK-4413 - STARLINK-30367,46578.409,47018.336,439.927,
Contact STARLINK-4413 - STARLINK-30367,60939.761,61400.723,460.962,
Contact STARLINK-4413 - STARLINK-30367,75317.517,75767.798,450.280,
Contact STARLINK-4413 - STARLINK-4290,0.000,308.898,308.898,
Contact STARLINK-4413 - STARLINK-4290,13872.805,14616.516,743.711,
Contact STARLINK-4413 - STARLINK-4290,28209.732,28915.769,706.037,
Contact STARLINK-4413 - STARLINK-4290,42540.664,43219.907,679.242,
Contact STARLINK-4413 - STARLINK-4290,68347.983,68957.114,609.131,
Contact STARLINK-4413 - STARLINK-4290,82682.089,83258.102,576.013,
Contact STARLINK-4413 - STARLINK-6142,0.000,558.274,558.274,
Contact STARLINK-4413 - STARLINK-6142,13920.759,14920.264,999.505,
Contact STARLINK-4413 - STARLINK-6142,28296.344,29270.815,974.471,
Contact STARLINK-4413 - STARLINK-6142,42662.297,43631.008,968.710,
Contact STARLINK-4413 - STARLINK-6142,57039.185,57980.049,940.864,
Contact STARLINK-4413 - STARLINK-6142,71406.313,72338.728,932.416,
Contact STARLINK-4413 - STARLINK-6142,85784.260,86400.000,615.740,
Contact STARLINK-4413 - STARLINK-3167,3871.727,14166.996,10295.269,
Contact STARLINK-4413 - STARLINK-3167,18129.445,28473.897,10344.451,
Contact STARLINK-4413 - STARLINK-3167,35318.410,42703.528,7385.117,
Contact STARLINK-4413 - STARLINK-3167,49709.598,56864.933,7155.334,
Contact STARLINK-4413 - STARLINK-3167,64213.153,65319.657,1106.504,
Contact STARLINK-4413 - STARLINK-3167,78834.690,79288.712,454.022,
Contact STARLINK-4413 - MoonARTEMIS1,215.900,9588.749,9372.849,
Contact STARLINK-4413 - MoonARTEMIS1,11728.029,21109.927,9381.898,
Contact STARLINK-4413 - MoonARTEMIS1,23238.567,26872.064,3633.497,
Contact STARLINK-4413 - MoonARTEMIS1,34751.148,38392.452,3641.305,
Contact STARLINK-4413 - MoonARTEMIS1,40509.266,49910.518,9401.251,
Contact STARLINK-4413 - MoonARTEMIS1,52023.803,55670.111,3646.308,
Contact STARLINK-4413 - MoonARTEMIS1,57780.578,67190.444,9409.866,
Contact STARLINK-4413 - MoonARTEMIS1,69293.340,78712.504,9419.164,
Contact STARLINK-4413 - MoonARTEMIS1,80805.017,84474.293,3669.276,
Contact STARLINK-4413 - MoonARTEMIS2,197.973,9590.892,9392.919,
Contact STARLINK-4413 - MoonARTEMIS2,11711.547,21111.876,9400.329,
Contact STARLINK-4413 - MoonARTEMIS2,23226.548,26872.607,3646.059,
Contact STARLINK-4413 - MoonARTEMIS2,28984.804,38394.305,9409.502,
Contact STARLINK-4413 - MoonARTEMIS2,40503.779,47415.983,6912.204,
Contact STARLINK-4413 - MoonARTEMIS2,52014.178,55675.833,3661.655,
Contact STARLINK-4413 - MoonARTEMIS2,57765.613,67199.415,9433.802,
Contact STARLINK-4413 - MoonARTEMIS2,69270.425,78724.610,9454.185,
Contact STARLINK-4413 - MoonARTEMIS2,80776.713,84487.734,3711.020,
Contact STARLINK-4413 - MoonIOAGEO,212.748,9591.096,9378.348,
Contact STARLINK-4413 - MoonIOAGEO,17480.634,21115.458,3634.824,
Contact STARLINK-4413 - MoonIOAGEO,23236.647,26876.682,3640.034,
Contact STARLINK-4413 - MoonIOAGEO,28993.200,38393.378,9400.177,
Contact STARLINK-4413 - MoonIOAGEO,40506.932,49911.396,9404.464,
Contact STARLINK-4413 - MoonIOAGEO,52018.107,55674.219,3656.112,
Contact STARLINK-4413 - MoonIOAGEO,63527.341,67203.630,3676.289,
Contact STARLINK-4413 - MoonIOAGEO,69282.718,78725.231,9442.513,
Contact STARLINK-4413 - MoonIOAGEO,80796.168,84482.987,3686.819,
Contact STARLINK-4413 - MoonIOAGNO,206.274,9596.269,9389.996,
Contact STARLINK-4413 - MoonIOAGNO,11720.338,21094.001,9373.663,
Contact STARLINK-4413 - MoonIOAGNO,23217.048,26850.625,3633.578,
Contact STARLINK-4413 - MoonIOAGNO,28973.036,38376.276,9403.241,
Contact STARLINK-4413 - MoonIOAGNO,40495.635,49919.771,9424.136,
Contact STARLINK-4413 - MoonIOAGNO,52020.960,55672.961,3652.001,
Contact STARLINK-4413 - MoonIOAGNO,57760.973,67177.968,9416.995,
Contact STARLINK-4413 - MoonIOAGNO,69262.379,78701.471,9439.091,
Contact STARLINK-4413 - MoonIOAGNO,80781.085,84469.871,3688.786,
Contact STARLINK-4413 - MoonIOAGNO 0001,192.691,9571.045,9378.354,
Contact STARLINK-4413 - MoonIOAGNO 0001,11706.750,21102.047,9395.297,
Contact STARLINK-4413 - MoonIOAGNO 0001,23234.547,26874.476,3639.929,
Contact STARLINK-4413 - MoonIOAGNO 0001,28999.430,38380.913,9381.483,
Contact STARLINK-4413 - MoonIOAGNO 0001,40487.762,49892.492,9404.730,
Contact STARLINK-4413 - MoonIOAGNO 0001,51997.091,55654.747,3657.656,
Contact STARLINK-4413 - MoonIOAGNO 0001,57757.457,67192.855,9435.398,
Contact STARLINK-4413 - MoonIOAGNO 0001,69287.510,78716.376,9428.866,
Contact STARLINK-4413 - MoonIOAGNO 0001,80779.717,84468.266,3688.548,
Contact STARLINK-4413 - MoonIOAGSO,219.087,8813.065,8593.978,
Contact STARLINK-4413 - MoonIOAGSO,11729.069,21134.782,9405.713,
Contact STARLINK-4413 - MoonIOAGSO,23257.805,26897.678,3639.874,
Contact STARLINK-4413 - MoonIOAGSO,29014.819,38411.065,9396.246,
Contact STARLINK-4413 - MoonIOAGSO,40517.572,49909.268,9391.697,
Contact STARLINK-4413 - MoonIOAGSO,57783.780,67224.931,9441.151,
Contact STARLINK-4413 - MoonIOAGSO,69305.940,78746.059,9440.119,
Contact STARLINK-4413 - MoonIOAGSO,80811.074,84499.785,3688.711,
Contact STARLINK-4413 - MoonIOAGSO 0001,231.538,9615.928,9384.389,
Contact STARLINK-4413 - MoonIOAGSO 0001,11744.217,21122.017,9377.800,
Contact STARLINK-4413 - MoonIOAGSO 0001,23241.922,26869.465,3627.543,
Contact STARLINK-4413 - MoonIOAGSO 0001,34757.283,38410.687,3653.404,
Contact STARLINK-4413 - MoonIOAGSO 0001,40522.701,49941.111,9418.410,
Contact STARLINK-4413 - MoonIOAGSO 0001,52038.397,55699.643,3661.246,
Contact STARLINK-4413 - MoonIOAGSO 0001,57790.394,67203.357,9412.963,
Contact STARLINK-4413 - MoonIOAGSO 0001,69282.966,72954.509,3671.543,
Contact STARLINK-4413 - MoonIOAGSO 0001,80808.545,84507.447,3698.902,
Contact STARLINK-4413 - MoonLRO,216.930,9590.212,9373.282,
Contact STARLINK-4413 - MoonLRO,13658.238,15354.580,1696.342,
Contact STARLINK-4413 - MoonLRO,34754.473,38103.889,3349.416,
Contact STARLINK-4413 - MoonLRO,40996.208,44150.408,3154.201,
Contact STARLINK-4413 - MoonLRO,63528.381,65468.327,1939.945,
Contact STARLINK-4413 - MoonLRO,69288.357,78717.891,9429.534,
Contact STARLINK-4413 - MoonLRO,81947.149,84483.236,2536.087,
Contact STARLINK-4413 - MarsSat1,0.000,86400.000,86400.000,
Contact STARLINK-4413 - MarsSat2,0.000,86400.000,86400.000,
Contact STARLINK-4413 - MarsSat3,0.000,86400.000,86400.000,
Contact STARLINK-4413 - MarsSat4,0.000,9030.903,9030.903,
Contact STARLINK-4413 - MarsSat4,10824.370,86400.000,75575.630,
Contact STARLINK-31407 - STARLINK-30171,24143.582,81890.689,57747.108,
Contact STARLINK-31407 - STARLINK-5660,38220.942,86400.000,48179.058,
Contact STARLINK-31407 - STARLINK-30767,28647.723,28909.560,261.837,
Contact STARLINK-31407 - STARLINK-30767,42540.675,43307.516,766.841,
Contact STARLINK-31407 - STARLINK-30767,53765.583,54713.557,947.974,
Contact STARLINK-31407 - STARLINK-30767,67864.237,68901.844,1037.607,
Contact STARLINK-31407 - STARLINK-30767,79192.988,83021.587,3828.599,
Contact STARLINK-31407 - STARLINK-4254,35408.664,36366.818,958.153,
Contact STARLINK-31407 - STARLINK-4254,40628.817,86400.000,45771.183,
Contact STARLINK-31407 - STARLINK-3533,3410.358,3805.244,394.886,
Contact STARLINK-31407 - STARLINK-3533,17388.151,18096.755,708.604,
Contact STARLINK-31407 - STARLINK-3533,28627.387,29472.538,845.151,
Contact STARLINK-31407 - STARLINK-3533,42719.753,43648.637,928.884,
Contact STARLINK-31407 - STARLINK-3533,56854.672,57781.287,926.615,
Contact STARLINK-31407 - STARLINK-3533,68194.273,69056.181,861.907,
Contact STARLINK-31407 - STARLINK-3533,82412.127,83107.290,695.162,
Contact STARLINK-31407 - STARLINK-6311,0.000,2906.420,2906.420,
Contact STARLINK-31407 - STARLINK-6311,3868.999,14250.547,10381.549,
Contact STARLINK-31407 - STARLINK-6311,18044.488,28202.264,10157.776,
Contact STARLINK-31407 - STARLINK-6311,35393.762,36450.861,1057.099,
Contact STARLINK-31407 - STARLINK-2228,21335.340,21976.586,641.246,
Contact STARLINK-31407 - STARLINK-2228,46321.932,47150.589,828.657,
Contact STARLINK-31407 - STARLINK-2228,57439.858,58325.980,886.121,
Contact STARLINK-31407 - STARLINK-2228,71343.934,72288.226,944.292,
Contact STARLINK-31407 - STARLINK-2228,82478.878,83446.333,967.455,
Contact STARLINK-31407 - STARLINK-4772,75542.441,76057.384,514.942,
Contact STARLINK-31407 - STARLINK-3346,0.000,36072.126,36072.126,
Contact STARLINK-31407 - STARLINK-30320,0.000,3185.303,3185.303,
Contact STARLINK-31407 - STARLINK-30320,4158.361,14376.262,10217.901,
Contact STARLINK-31407 - STARLINK-30320,18159.080,28375.677,10216.597,
Contact STARLINK-31407 - STARLINK-30320,29350.346,39566.310,10215.965,
Contact STARLINK-31407 - STARLINK-30320,43327.710,53543.348,10215.638,
Contact STARLINK-31407 - STARLINK-30320,54519.299,64733.572,10214.273,
Contact STARLINK-31407 - STARLINK-30320,68521.006,78732.231,10211.225,
Contact STARLINK-31407 - STARLINK-30320,79712.983,86400.000,6687.017,
Contact STARLINK-31407 - STARLINK-31919,2929.515,3939.361,1009.846,
Contact STARLINK-31407 - STARLINK-31919,14122.134,15131.458,1009.324,
Contact STARLINK-31407 - STARLINK-31919,28109.093,29125.404,1016.311,
Contact STARLINK-31407 - STARLINK-31919,39301.719,40317.490,1015.771,
Contact STARLINK-31407 - STARLINK-31919,53296.308,54303.769,1007.461,
Contact STARLINK-31407 - STARLINK-31919,64488.931,65495.849,1006.918,
Contact STARLINK-31407 - STARLINK-31919,78475.920,79489.761,1013.841,
Contact STARLINK-31407 - STARLINK-31639,35685.075,36067.404,382.329,
Contact STARLINK-31407 - STARLINK-31639,46466.604,53552.126,7085.521,
Contact STARLINK-31407 - STARLINK-31639,54612.445,86400.000,31787.555,
Contact STARLINK-31407 - STARLINK-31600,0.000,6649.328,6649.328,
Contact STARLINK-31407 - STARLINK-31600,7500.540,17866.813,10366.274,
Contact STARLINK-31407 - STARLINK-31600,18691.713,31872.620,13180.907,
Contact STARLINK-31407 - STARLINK-31600,32674.033,43086.239,10412.206,
Contact STARLINK-31407 - STARLINK-31600,43869.171,57114.595,13245.424,
Contact STARLINK-31407 - STARLINK-31600,57874.303,68324.032,10449.729,
Contact STARLINK-31407 - STARLINK-31600,69073.563,82318.883,13245.320,
Contact STARLINK-31407 - STARLINK-31600,83067.090,86400.000,3332.910,
Contact STARLINK-31407 - STARLINK-30613,14197.504,14830.828,633.325,
Contact STARLINK-31407 - STARLINK-30613,28194.674,29161.189,966.515,
Contact STARLINK-31407 - STARLINK-30613,39474.747,43374.919,3900.172,
Contact STARLINK-31407 - STARLINK-30613,53661.633,54680.586,1018.953,
Contact STARLINK-31407 - STARLINK-30613,67942.135,68726.952,784.816,
Contact STARLINK-31407 - STARLINK-31764,0.000,86400.000,86400.000,
Contact STARLINK-31407 - STARLINK-4402,60990.695,61500.161,509.466,
Contact STARLINK-31407 - STARLINK-4402,75108.428,75731.777,623.348,
Contact STARLINK-31407 - STARLINK-5618,60421.489,61276.339,854.850,
Contact STARLINK-31407 - STARLINK-5618,71608.217,72703.974,1095.757,
Contact STARLINK-31407 - STARLINK-5618,85681.073,86400.000,718.927,
Contact STARLINK-31407 - STARLINK-6255,15166.964,53667.093,38500.129,
Contact STARLINK-31407 - STARLINK-6255,60617.098,61787.372,1170.274,
Contact STARLINK-31407 - STARLINK-3898,4200.659,14043.398,9842.739,
Contact STARLINK-31407 - STARLINK-3898,20948.872,28266.737,7317.865,
Contact STARLINK-31407 - STARLINK-3898,29408.846,36712.586,7303.740,
Contact STARLINK-31407 - STARLINK-3898,43608.216,50694.486,7086.270,
Contact STARLINK-31407 - STARLINK-3898,60865.593,61763.406,897.813,
Contact STARLINK-31407 - STARLINK-31539,7151.153,7485.650,334.497,
Contact STARLINK-31407 - STARLINK-31539,32295.281,32688.627,393.346,
Contact STARLINK-31407 - STARLINK-31539,57450.410,57881.627,431.217,
Contact STARLINK-31407 - STARLINK-31539,82600.814,83078.282,477.468,
Contact STARLINK-31407 - STARLINK-30367,6740.757,13845.192,7104.435,
Contact STARLINK-31407 - STARLINK-30367,15102.201,28070.176,12967.975,
Contact STARLINK-31407 - STARLINK-30367,29251.645,36469.456,7217.811,
Contact STARLINK-31407 - STARLINK-30367,46565.254,47546.840,981.586,
Contact STARLINK-31407 - STARLINK-5151,3269.397,4186.982,917.584,
Contact STARLINK-31407 - STARLINK-5151,17339.619,18246.183,906.564,
Contact STARLINK-31407 - STARLINK-5151,28606.055,29483.407,877.353,
Contact STARLINK-31407 - STARLINK-5151,42702.170,43516.979,814.809,
Contact STARLINK-31407 - STARLINK-5151,53986.451,54736.415,749.964,
Contact STARLINK-31407 - STARLINK-5151,68103.084,68749.480,646.397,
Contact STARLINK-31407 - STARLINK-6142,68670.529,86400.000,17729.471,
Contact STARLINK-31407 - STARLINK-5049,49876.179,51018.523,1142.345,
Contact STARLINK-31407 - STARLINK-5049,58238.280,65363.250,7124.970,
Contact STARLINK-31407 - STARLINK-5049,72314.449,82303.833,9989.384,
Contact STARLINK-31407 - MoonARTEMIS1,0.000,12966.677,12966.677,
Contact STARLINK-31407 - MoonARTEMIS1,14558.302,24243.250,9684.947,
Contact STARLINK-31407 - MoonARTEMIS1,25887.883,29880.957,3993.073,
Contact STARLINK-31407 - MoonARTEMIS1,37149.486,46694.461,9544.975,
Contact STARLINK-31407 - MoonARTEMIS1,48388.118,52304.871,3916.753,
Contact STARLINK-31407 - MoonARTEMIS1,54014.059,63530.043,9515.984,
Contact STARLINK-31407 - MoonARTEMIS1,65273.469,74758.647,9485.178,
Contact STARLINK-31407 - MoonARTEMIS1,76539.620,85989.252,9449.632,
Contact STARLINK-31407 - MoonARTEMIS2,0.000,13082.705,13082.705,
Contact STARLINK-31407 - MoonARTEMIS2,14702.991,24307.910,9604.919,
Contact STARLINK-31407 - MoonARTEMIS2,25964.765,35521.128,9556.363,
Contact STARLINK-31407 - MoonARTEMIS2,37208.674,46722.514,9513.840,
Contact STARLINK-31407 - MoonARTEMIS2,54104.084,63608.690,9504.606,
Contact STARLINK-31407 - MoonARTEMIS2,65402.013,74846.940,9444.927,
Contact STARLINK-31407 - MoonARTEMIS2,76682.556,86076.706,9394.150,
Contact STARLINK-31407 - MoonIOAGEO,0.000,13004.263,13004.263,
Contact STARLINK-31407 - MoonIOAGEO,17103.730,24271.275,7167.545,
Contact STARLINK-31407 - MoonIOAGEO,25928.468,35496.491,9568.022,
Contact STARLINK-31407 - MoonIOAGEO,37176.019,46714.093,9538.074,
Contact STARLINK-31407 - MoonIOAGEO,48420.486,52334.582,3914.096,
Contact STARLINK-31407 - MoonIOAGEO,65375.854,74813.350,9437.496,
Contact STARLINK-31407 - MoonIOAGEO,76636.540,86021.559,9385.019,
Contact STARLINK-31407 - MoonIOAGNO,0.000,13035.309,13035.309,
Contact STARLINK-31407 - MoonIOAGNO,14629.401,24289.236,9659.835,
Contact STARLINK-31407 - MoonIOAGNO,25884.501,35509.116,9624.615,
Contact STARLINK-31407 - MoonIOAGNO,37145.998,46717.302,9571.305,
Contact STARLINK-31407 - MoonIOAGNO,48433.125,52346.726,3913.601,
Contact STARLINK-31407 - MoonIOAGNO,54104.072,63609.468,9505.396,
Contact STARLINK-31407 - MoonIOAGNO,65366.750,74828.090,9461.340,
Contact STARLINK-31407 - MoonIOAGNO,76612.292,86029.525,9417.233,
Contact STARLINK-31407 - MoonIOAGNO 0001,0.000,13024.741,13024.741,
Contact STARLINK-31407 - MoonIOAGNO 0001,14576.285,24240.577,9664.292,
Contact STARLINK-31407 - MoonIOAGNO 0001,25873.612,35520.004,9646.392,
Contact STARLINK-31407 - MoonIOAGNO 0001,37192.491,46762.840,9570.349,
Contact STARLINK-31407 - MoonIOAGNO 0001,48446.162,52371.837,3925.675,
Contact STARLINK-31407 - MoonIOAGNO 0001,54072.238,63577.249,9505.011,
Contact STARLINK-31407 - MoonIOAGNO 0001,65331.477,74809.928,9478.451,
Contact STARLINK-31407 - MoonIOAGNO 0001,76638.717,86060.474,9421.757,
Contact STARLINK-31407 - MoonIOAGSO,0.000,7390.368,7390.368,
Contact STARLINK-31407 - MoonIOAGSO,14632.029,24234.613,9602.583,
Contact STARLINK-31407 - MoonIOAGSO,25928.295,35477.778,9549.483,
Contact STARLINK-31407 - MoonIOAGSO,37198.996,46730.235,9531.239,
Contact STARLINK-31407 - MoonIOAGSO,48449.779,52229.372,3779.593,
Contact STARLINK-31407 - MoonIOAGSO,55024.784,63558.495,8533.711,
Contact STARLINK-31407 - MoonIOAGSO,65370.465,74786.515,9416.050,
Contact STARLINK-31407 - MoonIOAGSO,76636.386,86024.394,9388.008,
Contact STARLINK-31407 - MoonIOAGSO 0001,0.000,12993.327,12993.327,
Contact STARLINK-31407 - MoonIOAGSO 0001,14645.092,24252.349,9607.257,
Contact STARLINK-31407 - MoonIOAGSO 0001,25896.627,29879.029,3982.402,
Contact STARLINK-31407 - MoonIOAGSO 0001,37189.179,46709.441,9520.262,
Contact STARLINK-31407 - MoonIOAGSO 0001,48474.145,52327.023,3852.878,
Contact STARLINK-31407 - MoonIOAGSO 0001,54108.803,63569.273,9460.469,
Contact STARLINK-31407 - MoonIOAGSO 0001,65366.184,73911.244,8545.060,
Contact STARLINK-31407 - MoonIOAGSO 0001,76726.387,86011.659,9285.272,
Contact STARLINK-31407 - MoonLRO,0.000,10773.660,10773.660,
Contact STARLINK-31407 - MoonLRO,20487.340,24261.096,3773.755,
Contact STARLINK-31407 - MoonLRO,27295.181,29879.751,2584.570,
Contact STARLINK-31407 - MoonLRO,42817.573,44945.612,2128.039,
Contact STARLINK-31407 - MoonLRO,48452.180,51806.795,3354.615,
Contact STARLINK-31407 - MoonLRO,54608.971,57968.880,3359.909,
Contact STARLINK-31407 - MoonLRO,68285.849,72284.427,3998.578,
Contact STARLINK-31407 - MoonLRO,82249.851,85998.548,3748.697,
Contact STARLINK-31407 - MarsSat1,0.000,2479.114,2479.114,
Contact STARLINK-31407 - MarsSat1,4624.342,13681.472,9057.130,
Contact STARLINK-31407 - MarsSat1,15827.417,24883.801,9056.384,
Contact STARLINK-31407 - MarsSat1,27030.405,30484.954,3454.549,
Contact STARLINK-31407 - MarsSat1,32631.864,41687.240,9055.375,
Contact STARLINK-31407 - MarsSat1,43834.719,52889.509,9054.790,
Contact STARLINK-31407 - MarsSat1,55037.498,64091.776,9054.278,
Contact STARLINK-31407 - MarsSat1,66240.217,75294.049,9053.832,
Contact STARLINK-31407 - MarsSat1,77442.884,80895.189,3452.305,
Contact STARLINK-31407 - MarsSat1,83044.197,86400.000,3355.803,
Contact STARLINK-31407 - MarsSat2,0.000,2479.101,2479.101,
Contact STARLINK-31407 - MarsSat2,4624.336,13681.482,9057.146,
Contact STARLINK-31407 - MarsSat2,15827.427,24883.829,9056.403,
Contact STARLINK-31407 - MarsSat2,27030.429,30484.992,3454.563,
Contact STARLINK-31407 - MarsSat2,32631.897,41687.298,9055.400,
Contact STARLINK-31407 - MarsSat2,43834.773,52889.584,9054.811,
Contact STARLINK-31407 - MarsSat2,55037.572,64091.856,9054.284,
Contact STARLINK-31407 - MarsSat2,66240.296,75294.116,9053.820,
Contact STARLINK-31407 - MarsSat2,77442.949,80895.243,3452.294,
Contact STARLINK-31407 - MarsSat2,83044.249,86400.000,3355.751,
Contact STARLINK-31407 - MarsSat3,0.000,2479.068,2479.068,
Contact STARLINK-31407 - MarsSat3,4624.296,13681.406,9057.110,
Contact STARLINK-31407 - MarsSat3,15827.355,24883.780,9056.424,
Contact STARLINK-31407 - MarsSat3,27030.391,30484.965,3454.574,
Contact STARLINK-31407 - MarsSat3,32631.881,41687.299,9055.418,
Contact STARLINK-31407 - MarsSat3,43834.779,52889.587,9054.808,
Contact STARLINK-31407 - MarsSat3,55037.575,64091.842,9054.267,
Contact STARLINK-31407 - MarsSat3,66240.280,75294.077,9053.797,
Contact STARLINK-31407 - MarsSat3,77442.906,80895.190,3452.284,
Contact STARLINK-31407 - MarsSat3,83044.193,86400.000,3355.807,
Contact STARLINK-31407 - MarsSat4,0.000,2479.149,2479.149,
Contact STARLINK-31407 - MarsSat4,4624.373,8080.298,3455.926,
Contact STARLINK-31407 - MarsSat4,15827.372,24883.791,9056.420,
Contact STARLINK-31407 - MarsSat4,27030.401,30484.967,3454.566,
Contact STARLINK-31407 - MarsSat4,32631.877,41360.099,8728.222,
Contact STARLINK-31407 - MarsSat4,43834.700,52889.516,9054.816,
Contact STARLINK-31407 - MarsSat4,55037.517,64091.838,9054.321,
Contact STARLINK-31407 - MarsSat4,66240.281,73689.450,7449.169,
Contact STARLINK-31407 - MarsSat4,77442.887,80895.181,3452.294,
Contact STARLINK-31407 - MarsSat4,83044.195,86400.000,3355.805,
Contact STARLINK-30171 - STARLINK-5660,0.000,86400.000,86400.000,
Contact STARLINK-30171 - STARLINK-32094,3462.425,7475.002,4012.577,
Contact STARLINK-30171 - STARLINK-32094,17581.862,24449.319,6867.457,
Contact STARLINK-30171 - STARLINK-32094,31799.474,32883.379,1083.905,
Contact STARLINK-30171 - STARLINK-32094,46163.514,46816.076,652.562,
Contact STARLINK-30171 - STARLINK-30767,0.000,695.926,695.926,
Contact STARLINK-30171 - STARLINK-30767,13858.560,15001.529,1142.969,
Contact STARLINK-30171 - STARLINK-30767,28164.330,29311.450,1147.120,
Contact STARLINK-30171 - STARLINK-30767,42474.367,43616.955,1142.588,
Contact STARLINK-30171 - STARLINK-30767,51057.023,57926.771,6869.748,
Contact STARLINK-30171 - STARLINK-30767,68226.600,72232.176,4005.576,
Contact STARLINK-30171 - STARLINK-30767,82536.724,86400.000,3863.276,
Contact STARLINK-30171 - STARLINK-31800,52948.607,57155.000,4206.393,
Contact STARLINK-30171 - STARLINK-31800,58136.557,86400.000,28263.443,
Contact STARLINK-30171 - STARLINK-4254,618.547,7932.144,7313.596,
Contact STARLINK-30171 - STARLINK-4254,14917.343,22231.087,7313.744,
Contact STARLINK-30171 - STARLINK-4254,29236.941,36515.667,7278.726,
Contact STARLINK-30171 - STARLINK-4254,43537.707,53663.662,10125.955,
Contact STARLINK-30171 - STARLINK-4254,60712.016,67959.550,7247.535,
Contact STARLINK-30171 - STARLINK-4254,75035.510,82240.121,7204.611,
Contact STARLINK-30171 - STARLINK-3533,0.000,3649.338,3649.338,
Contact STARLINK-30171 - STARLINK-3533,14265.869,15096.301,830.433,
Contact STARLINK-30171 - STARLINK-3533,28548.899,29406.935,858.036,
Contact STARLINK-30171 - STARLINK-3533,42838.168,43711.434,873.267,
Contact STARLINK-30171 - STARLINK-3533,57122.800,58020.460,897.660,
Contact STARLINK-30171 - STARLINK-3533,71413.451,72323.528,910.077,
Contact STARLINK-30171 - STARLINK-3533,85699.563,86400.000,700.437,
Contact STARLINK-30171 - STARLINK-2228,46669.913,47064.913,395.000,
Contact STARLINK-30171 - STARLINK-2228,60553.574,61358.461,804.887,
Contact STARLINK-30171 - STARLINK-2228,71767.192,72684.841,917.649,
Contact STARLINK-30171 - STARLINK-2228,85880.315,86400.000,519.685,
Contact STARLINK-30171 - STARLINK-1736,78776.301,79452.968,676.668,
Contact STARLINK-30171 - STARLINK-4772,10199.200,11082.312,883.112,
Contact STARLINK-30171 - STARLINK-4772,24567.307,25236.813,669.506,
Contact STARLINK-30171 - STARLINK-30320,21295.663,22055.686,760.023,
Contact STARLINK-30171 - STARLINK-30320,35263.158,36376.355,1113.197,
Contact STARLINK-30171 - STARLINK-30320,46522.497,53400.669,6878.172,
Contact STARLINK-30171 - STARLINK-30320,60693.685,61856.411,1162.726,
Contact STARLINK-30171 - STARLINK-30320,75005.118,75832.727,827.610,
Contact STARLINK-30171 - STARLINK-31919,28126.387,29053.316,926.929,
Contact STARLINK-30171 - STARLINK-31919,39270.578,46246.142,6975.564,
Contact STARLINK-30171 - STARLINK-31919,53342.888,54751.996,1409.108,
Contact STARLINK-30171 - STARLINK-31919,61848.053,68828.067,6980.013,
Contact STARLINK-30171 - STARLINK-31919,79036.525,79975.002,938.477,
Contact STARLINK-30171 - STARLINK-31639,6540.980,13858.474,7317.494,
Contact STARLINK-30171 - STARLINK-31639,15024.807,28042.779,13017.972,
Contact STARLINK-30171 - STARLINK-31639,29268.706,36495.910,7227.204,
Contact STARLINK-30171 - STARLINK-31639,46474.129,50537.633,4063.504,
Contact STARLINK-30171 - STARLINK-31639,60921.474,61679.383,757.909,
Contact STARLINK-30171 - STARLINK-31600,18720.195,82461.386,63741.191,
Contact STARLINK-30171 - STARLINK-30613,0.000,580.328,580.328,
Contact STARLINK-30171 - STARLINK-30613,13728.601,14888.546,1159.945,
Contact STARLINK-30171 - STARLINK-30613,28066.937,29206.714,1139.778,
Contact STARLINK-30171 - STARLINK-30613,39543.001,43512.073,3969.072,
Contact STARLINK-30171 - STARLINK-30613,53895.265,57827.818,3932.553,
Contact STARLINK-30171 - STARLINK-30613,68237.033,72130.004,3892.971,
Contact STARLINK-30171 - STARLINK-30613,82592.638,86400.000,3807.362,
Contact STARLINK-30171 - STARLINK-31764,38552.346,43030.085,4477.739,
Contact STARLINK-30171 - STARLINK-31764,43635.476,86400.000,42764.524,
Contact STARLINK-30171 - STARLINK-5618,3410.184,4293.732,883.548,
Contact STARLINK-30171 - STARLINK-5618,17720.874,18577.054,856.180,
Contact STARLINK-30171 - STARLINK-5618,32023.847,32867.886,844.040,
Contact STARLINK-30171 - STARLINK-5618,46336.915,47148.807,811.891,
Contact STARLINK-30171 - STARLINK-5618,60642.035,61437.429,795.394,
Contact STARLINK-30171 - STARLINK-5618,74957.859,75715.572,757.713,
Contact STARLINK-30171 - STARLINK-6255,733.249,7774.082,7040.833,
Contact STARLINK-30171 - STARLINK-6255,15072.408,22089.878,7017.470,
Contact STARLINK-30171 - STARLINK-6255,29426.591,36391.307,6964.716,
Contact STARLINK-30171 - STARLINK-6255,46645.581,50704.260,4058.679,
Contact STARLINK-30171 - STARLINK-6255,60989.347,65002.131,4012.784,
Contact STARLINK-30171 - STARLINK-6255,75349.289,79312.022,3962.733,
Contact STARLINK-30171 - STARLINK-3898,6947.081,7647.277,700.196,
Contact STARLINK-30171 - STARLINK-3898,21192.918,21978.554,785.636,
Contact STARLINK-30171 - STARLINK-3898,35455.763,36293.516,837.753,
Contact STARLINK-30171 - STARLINK-3898,49709.561,50616.732,907.171,
Contact STARLINK-30171 - STARLINK-3898,61119.554,64926.099,3806.545,
Contact STARLINK-30171 - STARLINK-3898,75389.928,79243.413,3853.485,
Contact STARLINK-30171 - STARLINK-31539,71778.620,72431.470,652.851,
Contact STARLINK-30171 - STARLINK-31539,85770.817,86400.000,629.183,
Contact STARLINK-30171 - STARLINK-31722,0.000,267.932,267.932,
Contact STARLINK-30171 - STARLINK-30367,6810.880,7427.115,616.234,
Contact STARLINK-30171 - STARLINK-30367,21176.863,21722.013,545.151,
Contact STARLINK-30171 - STARLINK-5151,57156.491,57692.697,536.206,
Contact STARLINK-30171 - STARLINK-5151,71262.424,72035.980,773.557,
Contact STARLINK-30171 - STARLINK-5151,82574.379,83483.256,908.877,
Contact STARLINK-30171 - STARLINK-5049,0.000,86400.000,86400.000,
Contact STARLINK-30171 - MoonARTEMIS1,1818.159,5696.612,3878.453,
Contact STARLINK-30171 - MoonARTEMIS1,7570.724,17233.759,9663.035,
Contact STARLINK-30171 - MoonARTEMIS1,19084.799,28790.793,9705.994,
Contact STARLINK-30171 - MoonARTEMIS1,36345.938,46013.582,9667.644,
Contact STARLINK-30171 - MoonARTEMIS1,47824.996,57510.392,9685.396,
Contact STARLINK-30171 - MoonARTEMIS1,59316.608,63262.936,3946.328,
Contact STARLINK-30171 - MoonARTEMIS1,65066.004,74774.687,9708.683,
Contact STARLINK-30171 - MoonARTEMIS1,76571.540,86294.269,9722.729,
Contact STARLINK-30171 - MoonARTEMIS2,0.000,5830.787,5830.787,
Contact STARLINK-30171 - MoonARTEMIS2,7649.184,17337.770,9688.586,
Contact STARLINK-30171 - MoonARTEMIS2,19144.649,34579.658,15435.009,
Contact STARLINK-30171 - MoonARTEMIS2,36378.383,46051.058,9672.676,
Contact STARLINK-30171 - MoonARTEMIS2,53624.092,63377.610,9753.518,
Contact STARLINK-30171 - MoonARTEMIS2,65152.882,74913.575,9760.693,
Contact STARLINK-30171 - MoonARTEMIS2,76678.879,86400.000,9721.121,
Contact STARLINK-30171 - MoonIOAGEO,1842.787,5731.356,3888.568,
Contact STARLINK-30171 - MoonIOAGEO,7591.727,11500.431,3908.704,
Contact STARLINK-30171 - MoonIOAGEO,19115.052,34552.534,15437.481,
Contact STARLINK-30171 - MoonIOAGEO,36361.610,46036.486,9674.876,
Contact STARLINK-30171 - MoonIOAGEO,47842.381,57099.957,9257.575,
Contact STARLINK-30171 - MoonIOAGEO,65139.774,74870.083,9730.309,
Contact STARLINK-30171 - MoonIOAGEO,76649.622,86349.397,9699.775,
Contact STARLINK-30171 - MoonIOAGNO,1839.511,5742.888,3903.377,
Contact STARLINK-30171 - MoonIOAGNO,7612.722,17283.595,9670.873,
Contact STARLINK-30171 - MoonIOAGNO,19093.946,28781.461,9687.515,
Contact STARLINK-30171 - MoonIOAGNO,30576.321,34530.527,3954.206,
Contact STARLINK-30171 - MoonIOAGNO,36325.743,46039.887,9714.144,
Contact STARLINK-30171 - MoonIOAGNO,47851.318,57598.610,9747.292,
Contact STARLINK-30171 - MoonIOAGNO,59369.974,63354.248,3984.274,
Contact STARLINK-30171 - MoonIOAGNO,65111.472,74852.332,9740.860,
Contact STARLINK-30171 - MoonIOAGNO,76605.764,86348.838,9743.075,
Contact STARLINK-30171 - MoonIOAGNO 0001,0.000,5748.100,5748.100,
Contact STARLINK-30171 - MoonIOAGNO 0001,7577.035,17248.033,9670.997,
Contact STARLINK-30171 - MoonIOAGNO 0001,19076.709,28780.671,9703.962,
Contact STARLINK-30171 - MoonIOAGNO 0001,30616.751,34562.485,3945.734,
Contact STARLINK-30171 - MoonIOAGNO 0001,36359.372,46068.735,9709.363,
Contact STARLINK-30171 - MoonIOAGNO 0001,47839.281,57566.030,9726.749,
Contact STARLINK-30171 - MoonIOAGNO 0001,59338.295,63316.754,3978.459,
Contact STARLINK-30171 - MoonIOAGNO 0001,65098.466,74863.280,9764.814,
Contact STARLINK-30171 - MoonIOAGNO 0001,76645.521,86387.353,9741.832,
Contact STARLINK-30171 - MoonIOAGSO,0.000,5751.074,5751.074,
Contact STARLINK-30171 - MoonIOAGSO,13369.768,17280.840,3911.072,
Contact STARLINK-30171 - MoonIOAGSO,19135.414,34557.296,15421.882,
Contact STARLINK-30171 - MoonIOAGSO,36389.776,46063.946,9674.170,
Contact STARLINK-30171 - MoonIOAGSO,47861.736,51815.670,3953.935,
Contact STARLINK-30171 - MoonIOAGSO,59390.841,63341.811,3950.970,
Contact STARLINK-30171 - MoonIOAGSO,65157.139,74860.229,9703.090,
Contact STARLINK-30171 - MoonIOAGSO,76670.586,86372.833,9702.247,
Contact STARLINK-30171 - MoonIOAGSO 0001,0.000,5772.384,5772.384,
Contact STARLINK-30171 - MoonIOAGSO 0001,7643.604,17281.083,9637.479,
Contact STARLINK-30171 - MoonIOAGSO 0001,19127.011,28781.819,9654.808,
Contact STARLINK-30171 - MoonIOAGSO 0001,36376.105,46072.316,9696.211,
Contact STARLINK-30171 - MoonIOAGSO 0001,47900.519,57588.106,9687.587,
Contact STARLINK-30171 - MoonIOAGSO 0001,59400.146,63343.402,3943.256,
Contact STARLINK-30171 - MoonIOAGSO 0001,65140.491,73891.658,8751.166,
Contact STARLINK-30171 - MoonIOAGSO 0001,76776.825,86369.189,9592.364,
Contact STARLINK-30171 - MoonLRO,1861.258,3944.591,2083.334,
Contact STARLINK-30171 - MoonLRO,13672.743,17269.978,3597.235,
Contact STARLINK-30171 - MoonLRO,20479.277,23030.101,2550.823,
Contact STARLINK-30171 - MoonLRO,42115.872,44944.883,2829.011,
Contact STARLINK-30171 - MoonLRO,47867.129,51799.751,3932.622,
Contact STARLINK-30171 - MoonLRO,68270.608,72295.648,4025.040,
Contact STARLINK-30171 - MoonLRO,82395.152,85974.900,3579.748,
Contact STARLINK-30171 - MarsSat1,0.000,7065.244,7065.244,
Contact STARLINK-30171 - MarsSat1,9107.465,12795.763,3688.298,
Contact STARLINK-30171 - MarsSat1,14839.173,24256.717,9417.544,
Contact STARLINK-30171 - MarsSat1,26302.512,35717.553,9415.042,
Contact STARLINK-30171 - MarsSat1,37765.728,41447.928,3682.200,
Contact STARLINK-30171 - MarsSat1,43497.289,52908.601,9411.312,
Contact STARLINK-30171 - MarsSat1,54960.324,64369.187,9408.863,
Contact STARLINK-30171 - MarsSat1,66423.265,70099.453,3676.188,
Contact STARLINK-30171 - MarsSat1,72154.707,81559.932,9405.225,
Contact STARLINK-30171 - MarsSat1,83617.543,86400.000,2782.457,
Contact STARLINK-30171 - MarsSat2,0.000,7065.241,7065.241,
Contact STARLINK-30171 - MarsSat2,9107.463,12795.767,3688.304,
Contact STARLINK-30171 - MarsSat2,14839.159,24256.734,9417.575,
Contact STARLINK-30171 - MarsSat2,26302.483,35717.590,9415.107,
Contact STARLINK-30171 - MarsSat2,37765.711,41447.978,3682.267,
Contact STARLINK-30171 - MarsSat2,43497.288,52908.678,9411.390,
Contact STARLINK-30171 - MarsSat2,54960.369,64369.279,9408.910,
Contact STARLINK-30171 - MarsSat2,66423.350,70099.543,3676.193,
Contact STARLINK-30171 - MarsSat2,72154.804,81560.002,9405.198,
Contact STARLINK-30171 - MarsSat2,83617.635,86400.000,2782.365,
Contact STARLINK-30171 - MarsSat3,0.000,7065.184,7065.184,
Contact STARLINK-30171 - MarsSat3,9107.434,12795.690,3688.256,
Contact STARLINK-30171 - MarsSat3,14839.116,24256.680,9417.564,
Contact STARLINK-30171 - MarsSat3,26302.459,35717.583,9415.124,
Contact STARLINK-30171 - MarsSat3,37765.724,41447.984,3682.260,
Contact STARLINK-30171 - MarsSat3,43497.312,52908.687,9411.375,
Contact STARLINK-30171 - MarsSat3,54960.394,64369.269,9408.875,
Contact STARLINK-30171 - MarsSat3,66423.356,70099.518,3676.162,
Contact STARLINK-30171 - MarsSat3,72154.794,81559.944,9405.150,
Contact STARLINK-30171 - MarsSat3,83617.588,86400.000,2782.412,
Contact STARLINK-30171 - MarsSat4,0.000,7065.264,7065.264,
Contact STARLINK-30171 - MarsSat4,14839.135,24256.696,9417.560,
Contact STARLINK-30171 - MarsSat4,26302.479,35717.566,9415.087,
Contact STARLINK-30171 - MarsSat4,37765.709,41360.107,3594.398,
Contact STARLINK-30171 - MarsSat4,43497.245,52908.602,9411.358,
Contact STARLINK-30171 - MarsSat4,54960.320,64369.259,9408.939,
Contact STARLINK-30171 - MarsSat4,66423.337,70099.520,3676.183,
Contact STARLINK-30171 - MarsSat4,75534.648,81559.931,6025.283,
Contact STARLINK-30171 - MarsSat4,83617.569,86400.000,2782.431,
Contact STARLINK-5660 - STARLINK-32094,3159.370,4186.097,1026.727,
Contact STARLINK-5660 - STARLINK-32094,11492.253,18574.552,7082.299,
Contact STARLINK-5660 - STARLINK-32094,25517.327,35571.750,10054.423,
Contact STARLINK-5660 - STARLINK-32094,42630.157,43969.724,1339.567,
Contact STARLINK-5660 - STARLINK-32094,57180.835,57735.841,555.006,
Contact STARLINK-5660 - STARLINK-31827,86396.266,86400.000,3.734,
Contact STARLINK-5660 - STARLINK-30767,0.000,273.187,273.187,
Contact STARLINK-5660 - STARLINK-30767,10637.719,14594.873,3957.154,
Contact STARLINK-5660 - STARLINK-30767,24953.834,28916.025,3962.191,
Contact STARLINK-5660 - STARLINK-30767,39270.550,46100.606,6830.056,
Contact STARLINK-5660 - STARLINK-30767,53587.816,54692.537,1104.721,
Contact STARLINK-5660 - STARLINK-30767,67905.660,69012.074,1106.414,
Contact STARLINK-5660 - STARLINK-30767,82224.077,83330.926,1106.849,
Contact STARLINK-5660 - STARLINK-31800,66549.571,86400.000,19850.429,
Contact STARLINK-5660 - STARLINK-4254,0.000,86400.000,86400.000,
Contact STARLINK-5660 - STARLINK-3533,0.000,377.659,377.659,
Contact STARLINK-5660 - STARLINK-3533,13947.460,14707.077,759.617,
Contact STARLINK-5660 - STARLINK-3533,28235.977,29033.922,797.945,
Contact STARLINK-5660 - STARLINK-3533,42526.272,43359.094,832.822,
Contact STARLINK-5660 - STARLINK-3533,53959.891,57682.245,3722.354,
Contact STARLINK-5660 - STARLINK-3533,68253.459,72003.749,3750.290,
Contact STARLINK-5660 - STARLINK-3533,82548.721,83459.715,910.994,
Contact STARLINK-5660 - STARLINK-2228,57467.414,58182.267,714.853,
Contact STARLINK-5660 - STARLINK-2228,71431.404,72412.270,980.866,
Contact STARLINK-5660 - STARLINK-2228,82712.579,86400.000,3687.421,
Contact STARLINK-5660 - STARLINK-4772,6927.601,10810.567,3882.966,
Contact STARLINK-5660 - STARLINK-4772,21231.623,22198.081,966.458,
Contact STARLINK-5660 - STARLINK-4772,35558.367,36415.472,857.104,
Contact STARLINK-5660 - STARLINK-4772,49889.645,50628.886,739.241,
Contact STARLINK-5660 - STARLINK-4772,64256.351,64806.500,550.149,
Contact STARLINK-5660 - STARLINK-30320,32364.628,33016.860,652.232,
Contact STARLINK-5660 - STARLINK-30320,46128.113,53304.934,7176.821,
Contact STARLINK-5660 - STARLINK-30320,54496.562,64666.237,10169.674,
Contact STARLINK-5660 - STARLINK-30320,68668.409,78651.022,9982.613,
Contact STARLINK-5660 - STARLINK-30320,86010.987,86400.000,389.013,
Contact STARLINK-5660 - STARLINK-31919,39108.562,39983.802,875.240,
Contact STARLINK-5660 - STARLINK-31919,50321.971,54263.147,3941.177,
Contact STARLINK-5660 - STARLINK-31919,64445.242,71251.753,6806.511,
Contact STARLINK-5660 - STARLINK-31919,78672.662,79690.296,1017.633,
Contact STARLINK-5660 - STARLINK-31639,906.604,13820.552,12913.948,
Contact STARLINK-5660 - STARLINK-31639,14450.642,67789.551,53338.909,
Contact STARLINK-5660 - STARLINK-31639,68603.179,75925.837,7322.658,
Contact STARLINK-5660 - STARLINK-31600,35729.918,42657.688,6927.770,
Contact STARLINK-5660 - STARLINK-31600,43789.237,82653.791,38864.554,
Contact STARLINK-5660 - STARLINK-31600,83261.264,86400.000,3138.736,
Contact STARLINK-5660 - STARLINK-30613,0.000,22.712,22.712,
Contact STARLINK-5660 - STARLINK-30613,10627.392,11489.164,861.772,
Contact STARLINK-5660 - STARLINK-30613,24976.269,25818.634,842.364,
Contact STARLINK-5660 - STARLINK-30613,39318.454,40154.842,836.388,
Contact STARLINK-5660 - STARLINK-30613,53667.721,54483.899,816.178,
Contact STARLINK-5660 - STARLINK-30613,68010.169,68819.843,809.675,
Contact STARLINK-5660 - STARLINK-30613,82359.859,83148.451,788.593,
Contact STARLINK-5660 - STARLINK-31764,52759.528,86400.000,33640.472,
Contact STARLINK-5660 - STARLINK-4402,3482.801,4111.324,628.523,
Contact STARLINK-5660 - STARLINK-4402,17834.788,18455.844,621.056,
Contact STARLINK-5660 - STARLINK-4402,32175.901,32809.530,633.629,
Contact STARLINK-5660 - STARLINK-4402,46527.977,47153.813,625.836,
Contact STARLINK-5660 - STARLINK-4402,60869.351,61507.091,637.740,
Contact STARLINK-5660 - STARLINK-4402,75221.502,75851.155,629.653,
Contact STARLINK-5660 - STARLINK-31502,722.983,7822.412,7099.429,
Contact STARLINK-5660 - STARLINK-5618,2971.423,4131.126,1159.703,
Contact STARLINK-5660 - STARLINK-5618,17295.088,18425.351,1130.262,
Contact STARLINK-5660 - STARLINK-5618,25878.759,32728.491,6849.732,
Contact STARLINK-5660 - STARLINK-5618,43064.691,47015.940,3951.250,
Contact STARLINK-5660 - STARLINK-5618,57398.110,61312.635,3914.525,
Contact STARLINK-5660 - STARLINK-5618,71719.084,72742.271,1023.187,
Contact STARLINK-5660 - STARLINK-5618,86060.710,86400.000,339.290,
Contact STARLINK-5660 - STARLINK-6255,3482.769,4250.180,767.411,
Contact STARLINK-5660 - STARLINK-6255,17870.658,18540.554,669.896,
Contact STARLINK-5660 - STARLINK-6255,32218.652,32869.997,651.345,
Contact STARLINK-5660 - STARLINK-6255,46616.056,47150.796,534.739,
Contact STARLINK-5660 - STARLINK-6255,60966.514,61477.807,511.293,
Contact STARLINK-5660 - STARLINK-6255,75384.474,75737.994,353.520,
Contact STARLINK-5660 - STARLINK-3898,61032.791,61559.693,526.902,
Contact STARLINK-5660 - STARLINK-3898,75230.334,75962.747,732.413,
Contact STARLINK-5660 - STARLINK-4631,6846.791,7291.822,445.031,
Contact STARLINK-5660 - STARLINK-31539,71479.710,72061.714,582.004,
Contact STARLINK-5660 - STARLINK-31539,82657.496,83528.061,870.565,
Contact STARLINK-5660 - STARLINK-31722,10577.066,11141.872,564.806,
Contact STARLINK-5660 - STARLINK-5151,68173.925,68818.248,644.322,
Contact STARLINK-5660 - STARLINK-5151,82327.341,83135.432,808.091,
Contact STARLINK-5660 - STARLINK-6142,0.000,4326.771,4326.771,
Contact STARLINK-5660 - STARLINK-6142,11237.455,18517.528,7280.072,
Contact STARLINK-5660 - STARLINK-6142,25567.049,32850.190,7283.141,
Contact STARLINK-5660 - STARLINK-6142,42845.266,47030.710,4185.444,
Contact STARLINK-5660 - STARLINK-6142,57334.147,61374.327,4040.180,
Contact STARLINK-5660 - STARLINK-6142,71646.426,72781.407,1134.981,
Contact STARLINK-5660 - STARLINK-6142,86171.605,86400.000,228.395,
Contact STARLINK-5660 - STARLINK-5049,575.975,13979.819,13403.844,
Contact STARLINK-5660 - STARLINK-5049,14903.663,28328.877,13425.215,
Contact STARLINK-5660 - STARLINK-5049,29248.021,42660.934,13412.913,
Contact STARLINK-5660 - STARLINK-5049,43576.237,57009.516,13433.279,
Contact STARLINK-5660 - STARLINK-5049,57921.062,71341.015,13419.953,
Contact STARLINK-5660 - STARLINK-5049,72249.815,85689.116,13439.301,
Contact STARLINK-5660 - MoonARTEMIS1,1449.990,5740.677,4290.686,
Contact STARLINK-5660 - MoonARTEMIS1,7232.607,17309.020,10076.413,
Contact STARLINK-5660 - MoonARTEMIS1,18813.809,31024.261,12210.452,
Contact STARLINK-5660 - MoonARTEMIS1,36164.065,46122.887,9958.822,
Contact STARLINK-5660 - MoonARTEMIS1,47677.222,63383.292,15706.070,
Contact STARLINK-5660 - MoonARTEMIS1,64980.642,74896.919,9916.277,
Contact STARLINK-5660 - MoonARTEMIS1,76529.569,86400.000,9870.431,
Contact STARLINK-5660 - MoonARTEMIS2,0.000,5910.738,5910.738,
Contact STARLINK-5660 - MoonARTEMIS2,7381.387,17429.437,10048.049,
Contact STARLINK-5660 - MoonARTEMIS2,18926.883,34680.304,15753.421,
Contact STARLINK-5660 - MoonARTEMIS2,36221.309,46157.082,9935.773,
Contact STARLINK-5660 - MoonARTEMIS2,53532.026,63482.583,9950.558,
Contact STARLINK-5660 - MoonARTEMIS2,65117.816,75008.343,9890.527,
Contact STARLINK-5660 - MoonARTEMIS2,76687.927,86400.000,9712.073,
Contact STARLINK-5660 - MoonIOAGEO,0.000,5785.612,5785.612,
Contact STARLINK-5660 - MoonIOAGEO,7271.175,11568.934,4297.759,
Contact STARLINK-5660 - MoonIOAGEO,18867.372,34649.751,15782.380,
Contact STARLINK-5660 - MoonIOAGEO,36190.479,46146.556,9956.076,
Contact STARLINK-5660 - MoonIOAGEO,47707.587,57120.066,9412.479,
Contact STARLINK-5660 - MoonIOAGEO,65091.988,74967.298,9875.310,
Contact STARLINK-5660 - MoonIOAGEO,76639.444,86400.000,9760.556,
Contact STARLINK-5660 - MoonIOAGNO,0.000,5792.893,5792.893,
Contact STARLINK-5660 - MoonIOAGNO,7303.084,17385.487,10082.403,
Contact STARLINK-5660 - MoonIOAGNO,18844.673,34656.974,15812.301,
Contact STARLINK-5660 - MoonIOAGNO,36143.978,46151.347,10007.369,
Contact STARLINK-5660 - MoonIOAGNO,47719.064,63480.019,15760.955,
Contact STARLINK-5660 - MoonIOAGNO,65070.997,74980.218,9909.220,
Contact STARLINK-5660 - MoonIOAGNO,76599.739,86400.000,9800.261,
Contact STARLINK-5660 - MoonIOAGNO 0001,0.000,5837.266,5837.266,
Contact STARLINK-5660 - MoonIOAGNO 0001,7257.134,17345.548,10088.415,
Contact STARLINK-5660 - MoonIOAGNO 0001,18807.824,34670.398,15862.574,
Contact STARLINK-5660 - MoonIOAGNO 0001,36196.639,46202.306,10005.666,
Contact STARLINK-5660 - MoonIOAGNO 0001,47722.401,63441.072,15718.671,
Contact STARLINK-5660 - MoonIOAGNO 0001,65038.527,74964.022,9925.495,
Contact STARLINK-5660 - MoonIOAGNO 0001,76639.112,86400.000,9760.888,
Contact STARLINK-5660 - MoonIOAGSO,0.000,5813.957,5813.957,
Contact STARLINK-5660 - MoonIOAGSO,13092.233,17338.418,4246.185,
Contact STARLINK-5660 - MoonIOAGSO,18889.894,34630.219,15740.325,
Contact STARLINK-5660 - MoonIOAGSO,36221.733,46167.004,9945.271,
Contact STARLINK-5660 - MoonIOAGSO,47740.214,51929.729,4189.515,
Contact STARLINK-5660 - MoonIOAGSO,55017.113,63425.973,8408.860,
Contact STARLINK-5660 - MoonIOAGSO,65097.729,74938.697,9840.968,
Contact STARLINK-5660 - MoonIOAGSO,76649.318,86400.000,9750.682,
Contact STARLINK-5660 - MoonIOAGSO 0001,0.000,5801.678,5801.678,
Contact STARLINK-5660 - MoonIOAGSO 0001,7349.946,17340.258,9990.312,
Contact STARLINK-5660 - MoonIOAGSO 0001,18881.209,28883.948,10002.739,
Contact STARLINK-5660 - MoonIOAGSO 0001,36203.902,46149.379,9945.477,
Contact STARLINK-5660 - MoonIOAGSO 0001,47778.421,63436.811,15658.390,
Contact STARLINK-5660 - MoonIOAGSO 0001,65086.449,73902.878,8816.429,
Contact STARLINK-5660 - MoonIOAGSO 0001,76746.066,86400.000,9653.934,
Contact STARLINK-5660 - MoonLRO,1529.534,3941.009,2411.475,
Contact STARLINK-5660 - MoonLRO,13660.571,17355.258,3694.687,
Contact STARLINK-5660 - MoonLRO,20469.366,23120.700,2651.334,
Contact STARLINK-5660 - MoonLRO,27303.540,31289.895,3986.355,
Contact STARLINK-5660 - MoonLRO,41968.187,44953.535,2985.348,
Contact STARLINK-5660 - MoonLRO,47801.664,51812.846,4011.182,
Contact STARLINK-5660 - MoonLRO,54605.268,57692.992,3087.725,
Contact STARLINK-5660 - MoonLRO,68283.530,72285.814,4002.284,
Contact STARLINK-5660 - MoonLRO,82395.833,85988.617,3592.785,
Contact STARLINK-5660 - MarsSat1,0.000,6674.192,6674.192,
Contact STARLINK-5660 - MarsSat1,8785.036,12412.249,3627.213,
Contact STARLINK-5660 - MarsSat1,14523.849,23888.325,9364.476,
Contact STARLINK-5660 - MarsSat1,26001.396,35364.349,9362.953,
Contact STARLINK-5660 - MarsSat1,37478.831,41102.344,3623.513,
Contact STARLINK-5660 - MarsSat1,43217.508,52578.306,9360.798,
Contact STARLINK-5660 - MarsSat1,54694.791,64054.246,9359.455,
Contact STARLINK-5660 - MarsSat1,66171.994,75530.174,9358.180,
Contact STARLINK-5660 - MarsSat1,77649.129,81268.133,3619.004,
Contact STARLINK-5660 - MarsSat1,83387.672,86400.000,3012.328,
Contact STARLINK-5660 - MarsSat2,0.000,6674.187,6674.187,
Contact STARLINK-5660 - MarsSat2,8785.035,12412.257,3627.221,
Contact STARLINK-5660 - MarsSat2,14523.853,23888.353,9364.500,
Contact STARLINK-5660 - MarsSat2,26001.408,35364.397,9362.989,
Contact STARLINK-5660 - MarsSat2,37478.861,41102.403,3623.541,
Contact STARLINK-5660 - MarsSat2,43217.551,52578.384,9360.833,
Contact STARLINK-5660 - MarsSat2,54694.860,64054.330,9359.469,
Contact STARLINK-5660 - MarsSat2,66172.077,75530.243,9358.166,
Contact STARLINK-5660 - MarsSat2,77649.203,81268.188,3618.985,
Contact STARLINK-5660 - MarsSat2,83387.733,86400.000,3012.267,
Contact STARLINK-5660 - MarsSat3,0.000,6674.129,6674.129,
Contact STARLINK-5660 - MarsSat3,8784.981,12412.179,3627.198,
Contact STARLINK-5660 - MarsSat3,14523.785,23888.297,9364.512,
Contact STARLINK-5660 - MarsSat3,26001.368,35364.386,9363.018,
Contact STARLINK-5660 - MarsSat3,37478.861,41102.403,3623.542,
Contact STARLINK-5660 - MarsSat3,43217.561,52578.387,9360.827,
Contact STARLINK-5660 - MarsSat3,54694.868,64054.315,9359.447,
Contact STARLINK-5660 - MarsSat3,66172.065,75530.201,9358.136,
Contact STARLINK-5660 - MarsSat3,77649.162,81268.133,3618.971,
Contact STARLINK-5660 - MarsSat3,83387.676,86400.000,3012.324,
Contact STARLINK-5660 - MarsSat4,0.000,6674.206,6674.206,
Contact STARLINK-5660 - MarsSat4,14523.805,23888.310,9364.504,
Contact STARLINK-5660 - MarsSat4,26001.382,35364.369,9362.988,
Contact STARLINK-5660 - MarsSat4,37478.837,41102.345,3623.508,
Contact STARLINK-5660 - MarsSat4,43217.487,52578.311,9360.825,
Contact STARLINK-5660 - MarsSat4,54694.803,64054.311,9359.508,
Contact STARLINK-5660 - MarsSat4,66172.061,73689.445,7517.384,
Contact STARLINK-5660 - MarsSat4,77649.137,81268.125,3618.988,
Contact STARLINK-5660 - MarsSat4,83387.676,86400.000,3012.324,
Contact STARLINK-32094 - STARLINK-30767,24397.583,25539.585,1142.001,
Contact STARLINK-32094 - STARLINK-30767,35545.327,42716.848,7171.520,
Contact STARLINK-32094 - STARLINK-30767,43981.294,56831.364,12850.070,
Contact STARLINK-32094 - STARLINK-30767,58161.553,65232.345,7070.792,
Contact STARLINK-32094 - STARLINK-30767,75422.212,76324.501,902.288,
Contact STARLINK-32094 - STARLINK-4254,0.000,43487.312,43487.312,
Contact STARLINK-32094 - STARLINK-3533,0.000,363.376,363.376,
Contact STARLINK-32094 - STARLINK-3533,10582.173,17516.448,6934.274,
Contact STARLINK-32094 - STARLINK-3533,24628.830,31684.302,7055.473,
Contact STARLINK-32094 - STARLINK-3533,33124.525,40118.453,6993.928,
Contact STARLINK-32094 - STARLINK-3533,50229.579,54099.777,3870.197,
Contact STARLINK-32094 - STARLINK-3533,64664.803,65140.678,475.874,
Contact STARLINK-32094 - STARLINK-6372,47136.138,86400.000,39263.862,
Contact STARLINK-32094 - STARLINK-4772,71740.300,72408.862,668.563,
Contact STARLINK-32094 - STARLINK-4772,85752.431,86400.000,647.569,
Contact STARLINK-32094 - STARLINK-31919,0.000,169.259,169.259,
Contact STARLINK-32094 - STARLINK-31919,10339.409,11362.530,1023.120,
Contact STARLINK-32094 - STARLINK-31919,21532.033,25357.455,3825.422,
Contact STARLINK-32094 - STARLINK-31919,35519.549,36550.702,1031.153,
Contact STARLINK-32094 - STARLINK-31919,46712.192,50538.913,3826.721,
Contact STARLINK-32094 - STARLINK-31919,60706.260,61732.147,1025.887,
Contact STARLINK-32094 - STARLINK-31919,71898.909,75727.004,3828.095,
Contact STARLINK-32094 - STARLINK-31919,85886.491,86400.000,513.509,
Contact STARLINK-32094 - STARLINK-31639,0.000,46485.132,46485.132,
Contact STARLINK-32094 - STARLINK-31639,47455.423,54747.151,7291.728,
Contact STARLINK-32094 - STARLINK-31639,64736.791,65694.765,957.974,
Contact STARLINK-32094 - STARLINK-31600,7075.518,7906.234,830.716,
Contact STARLINK-32094 - STARLINK-31600,21089.877,21904.291,814.415,
Contact STARLINK-32094 - STARLINK-31600,32304.171,33099.734,795.562,
Contact STARLINK-32094 - STARLINK-31600,46325.748,47090.043,764.295,
Contact STARLINK-32094 - STARLINK-31600,57541.310,58284.209,742.899,
Contact STARLINK-32094 - STARLINK-31600,71558.487,72279.507,721.020,
Contact STARLINK-32094 - STARLINK-31600,82775.382,83472.355,696.974,
Contact STARLINK-32094 - STARLINK-30613,10215.193,11167.662,952.469,
Contact STARLINK-32094 - STARLINK-30613,21445.535,25447.276,4001.741,
Contact STARLINK-32094 - STARLINK-30613,35591.205,36776.529,1185.324,
Contact STARLINK-32094 - STARLINK-30613,49869.900,50822.870,952.970,
Contact STARLINK-32094 - STARLINK-5618,767.787,64323.978,63556.191,
Contact STARLINK-32094 - STARLINK-6255,0.000,22066.827,22066.827,
Contact STARLINK-32094 - STARLINK-3898,0.000,8720.948,8720.948,
Contact STARLINK-32094 - STARLINK-4631,71631.028,72133.550,502.522,
Contact STARLINK-32094 - STARLINK-4631,85626.389,86400.000,773.611,
Contact STARLINK-32094 - STARLINK-30367,0.000,12332.934,12332.934,
Contact STARLINK-32094 - STARLINK-4290,49373.387,86400.000,37026.613,
Contact STARLINK-32094 - STARLINK-5151,0.000,525.503,525.503,
Contact STARLINK-32094 - STARLINK-5151,10777.329,14558.168,3780.839,
Contact STARLINK-32094 - STARLINK-5151,24891.178,25766.251,875.073,
Contact STARLINK-32094 - STARLINK-5151,39040.346,39748.147,707.800,
Contact STARLINK-32094 - STARLINK-5151,50383.484,50910.021,526.537,
Contact STARLINK-32094 - STARLINK-6142,28075.349,29257.735,1182.386,
Contact STARLINK-32094 - STARLINK-6142,36173.597,74756.563,38582.966,
Contact STARLINK-32094 - STARLINK-6142,75994.323,82841.030,6846.708,
Contact STARLINK-32094 - STARLINK-5049,32002.045,32901.148,899.103,
Contact STARLINK-32094 - STARLINK-5049,46096.747,47133.531,1036.784,
Contact STARLINK-32094 - STARLINK-5049,57433.619,61280.644,3847.025,
Contact STARLINK-32094 - STARLINK-5049,71683.575,72534.074,850.499,
Contact STARLINK-32094 - STARLINK-5049,86070.085,86400.000,329.915,
Contact STARLINK-32094 - MoonARTEMIS1,0.000,6542.088,6542.088,
Contact STARLINK-32094 - MoonARTEMIS1,8691.771,17759.771,9068.000,
Contact STARLINK-32094 - MoonARTEMIS1,19921.913,23370.505,3448.592,
Contact STARLINK-32094 - MoonARTEMIS1,25538.626,28982.697,3444.071,
Contact STARLINK-32094 - MoonARTEMIS1,36750.260,45783.645,9033.385,
Contact STARLINK-32094 - MoonARTEMIS1,47955.083,56989.657,9034.574,
Contact STARLINK-32094 - MoonARTEMIS1,59165.396,68199.154,9033.758,
Contact STARLINK-32094 - MoonARTEMIS1,70378.855,73805.049,3426.194,
Contact STARLINK-32094 - MoonARTEMIS1,75986.495,85019.103,9032.607,
Contact STARLINK-32094 - MoonARTEMIS2,0.000,6588.331,6588.331,
Contact STARLINK-32094 - MoonARTEMIS2,8750.219,17795.135,9044.916,
Contact STARLINK-32094 - MoonARTEMIS2,19962.287,23397.530,3435.243,
Contact STARLINK-32094 - MoonARTEMIS2,25566.669,34599.289,9032.620,
Contact STARLINK-32094 - MoonARTEMIS2,36770.801,45794.650,9023.849,
Contact STARLINK-32094 - MoonARTEMIS2,53589.329,57021.377,3432.048,
Contact STARLINK-32094 - MoonARTEMIS2,59203.848,62633.204,3429.356,
Contact STARLINK-32094 - MoonARTEMIS2,70428.102,73854.257,3426.154,
Contact STARLINK-32094 - MoonARTEMIS2,76038.567,85073.083,9034.516,
Contact STARLINK-32094 - MoonIOAGEO,0.000,6553.419,6553.419,
Contact STARLINK-32094 - MoonIOAGEO,8706.600,12162.205,3455.605,
Contact STARLINK-32094 - MoonIOAGEO,19937.655,23381.093,3443.438,
Contact STARLINK-32094 - MoonIOAGEO,25549.594,34588.197,9038.603,
Contact STARLINK-32094 - MoonIOAGEO,36758.660,45791.770,9033.110,
Contact STARLINK-32094 - MoonIOAGEO,47966.459,57008.983,9042.524,
Contact STARLINK-32094 - MoonIOAGEO,70413.026,73835.516,3422.490,
Contact STARLINK-32094 - MoonIOAGEO,76017.907,85039.029,9021.122,
Contact STARLINK-32094 - MoonIOAGNO,0.000,6552.494,6552.494,
Contact STARLINK-32094 - MoonIOAGNO,8713.260,17786.499,9073.239,
Contact STARLINK-32094 - MoonIOAGNO,19949.796,23393.378,3443.582,
Contact STARLINK-32094 - MoonIOAGNO,25557.295,34597.166,9039.871,
Contact STARLINK-32094 - MoonIOAGNO,36764.120,45794.082,9029.962,
Contact STARLINK-32094 - MoonIOAGNO,47967.366,57022.737,9055.370,
Contact STARLINK-32094 - MoonIOAGNO,59206.021,62634.250,3428.229,
Contact STARLINK-32094 - MoonIOAGNO,70421.947,73843.756,3421.809,
Contact STARLINK-32094 - MoonIOAGNO,76024.895,85044.151,9019.256,
Contact STARLINK-32094 - MoonIOAGNO 0001,0.000,6575.868,6575.868,
Contact STARLINK-32094 - MoonIOAGNO 0001,8725.957,17774.896,9048.939,
Contact STARLINK-32094 - MoonIOAGNO 0001,19931.219,23372.387,3441.168,
Contact STARLINK-32094 - MoonIOAGNO 0001,25533.908,34597.165,9063.258,
Contact STARLINK-32094 - MoonIOAGNO 0001,36773.063,45815.976,9042.914,
Contact STARLINK-32094 - MoonIOAGNO 0001,47990.876,57019.850,9028.974,
Contact STARLINK-32094 - MoonIOAGNO 0001,59196.093,68217.881,9021.788,
Contact STARLINK-32094 - MoonIOAGNO 0001,70398.392,73829.423,3431.031,
Contact STARLINK-32094 - MoonIOAGNO 0001,76020.054,85061.233,9041.179,
Contact STARLINK-32094 - MoonIOAGSO,0.000,6562.454,6562.454,
Contact STARLINK-32094 - MoonIOAGSO,14318.064,17759.390,3441.326,
Contact STARLINK-32094 - MoonIOAGSO,19923.499,23362.062,3438.563,
Contact STARLINK-32094 - MoonIOAGSO,25531.098,34575.326,9044.228,
Contact STARLINK-32094 - MoonIOAGSO,36751.142,45797.272,9046.130,
Contact STARLINK-32094 - MoonIOAGSO,47976.551,51407.130,3430.579,
Contact STARLINK-32094 - MoonIOAGSO,59182.711,68211.319,9028.608,
Contact STARLINK-32094 - MoonIOAGSO,70394.588,73818.739,3424.151,
Contact STARLINK-32094 - MoonIOAGSO,76003.478,85039.475,9035.997,
Contact STARLINK-32094 - MoonIOAGSO 0001,0.000,6544.724,6544.724,
Contact STARLINK-32094 - MoonIOAGSO 0001,8704.755,17761.134,9056.379,
Contact STARLINK-32094 - MoonIOAGSO 0001,19928.358,23372.776,3444.419,
Contact STARLINK-32094 - MoonIOAGSO 0001,25542.037,28984.308,3442.271,
Contact STARLINK-32094 - MoonIOAGSO 0001,36751.757,45785.689,9033.932,
Contact STARLINK-32094 - MoonIOAGSO 0001,47964.068,57000.699,9036.631,
Contact STARLINK-32094 - MoonIOAGSO 0001,59183.679,68223.625,9039.945,
Contact STARLINK-32094 - MoonIOAGSO 0001,70408.397,73831.289,3422.892,
Contact STARLINK-32094 - MoonIOAGSO 0001,76684.154,85033.016,8348.861,
Contact STARLINK-32094 - MoonLRO,3108.056,3943.001,834.945,
Contact STARLINK-32094 - MoonLRO,14320.052,17646.858,3326.805,
Contact STARLINK-32094 - MoonLRO,20467.400,23378.565,2911.165,
Contact STARLINK-32094 - MoonLRO,27315.813,28980.129,1664.316,
Contact STARLINK-32094 - MoonLRO,42365.452,44978.722,2613.270,
Contact STARLINK-32094 - MoonLRO,47970.733,51408.106,3437.373,
Contact STARLINK-32094 - MoonLRO,70407.204,72309.076,1901.872,
Contact STARLINK-32094 - MoonLRO,81903.987,85047.155,3143.168,
Contact STARLINK-32094 - MarsSat1,0.000,12884.642,12884.642,
Contact STARLINK-32094 - MarsSat1,14749.911,24097.988,9348.077,
Contact STARLINK-32094 - MarsSat1,25955.198,35311.561,9356.363,
Contact STARLINK-32094 - MarsSat1,37160.630,46525.349,9364.720,
Contact STARLINK-32094 - MarsSat1,48366.227,63346.473,14980.246,
Contact STARLINK-32094 - MarsSat1,65174.983,74560.898,9385.915,
Contact STARLINK-32094 - MarsSat1,76381.077,85775.625,9394.547,
Contact STARLINK-32094 - MarsSat2,0.000,12884.629,12884.629,
Contact STARLINK-32094 - MarsSat2,14749.941,24097.948,9348.007,
Contact STARLINK-32094 - MarsSat2,25955.273,35311.521,9356.248,
Contact STARLINK-32094 - MarsSat2,37160.741,46525.348,9364.607,
Contact STARLINK-32094 - MarsSat2,48366.362,63346.570,14980.208,
Contact STARLINK-32094 - MarsSat2,65175.108,74561.039,9385.932,
Contact STARLINK-32094 - MarsSat2,76381.161,85775.765,9394.604,
Contact STARLINK-32094 - MarsSat3,0.000,12884.576,12884.576,
Contact STARLINK-32094 - MarsSat3,14749.812,24097.908,9348.097,
Contact STARLINK-32094 - MarsSat3,25955.196,35311.533,9356.337,
Contact STARLINK-32094 - MarsSat3,37160.722,46525.388,9364.666,
Contact STARLINK-32094 - MarsSat3,48366.357,63346.596,14980.239,
Contact STARLINK-32094 - MarsSat3,65175.069,74561.027,9385.958,
Contact STARLINK-32094 - MarsSat3,76381.084,85775.701,9394.616,
Contact STARLINK-32094 - MarsSat4,0.000,7278.110,7278.110,
Contact STARLINK-32094 - MarsSat4,14749.839,24097.936,9348.097,
Contact STARLINK-32094 - MarsSat4,25955.205,35311.533,9356.327,
Contact STARLINK-32094 - MarsSat4,37160.674,46525.272,9364.598,
Contact STARLINK-32094 - MarsSat4,48366.216,63346.549,14980.333,
Contact STARLINK-32094 - MarsSat4,65175.081,73689.501,8514.421,
Contact STARLINK-32094 - MarsSat4,76381.071,85775.681,9394.610,
Contact STARLINK-4127 - STARLINK-30331,3578.674,7377.232,3798.558,
Contact STARLINK-4127 - STARLINK-30331,17887.249,21693.396,3806.147,
Contact STARLINK-4127 - STARLINK-30331,32195.185,36008.419,3813.234,
Contact STARLINK-4127 - STARLINK-30331,46504.197,47460.636,956.439,
Contact STARLINK-4127 - STARLINK-30331,60812.582,61776.133,963.550,
Contact STARLINK-4127 - STARLINK-30331,75122.028,76090.543,968.514,
Contact STARLINK-4127 - STARLINK-31827,3360.270,4145.748,785.478,
Contact STARLINK-4127 - STARLINK-31827,17604.487,18220.836,616.349,
Contact STARLINK-4127 - STARLINK-31987,3088.540,4004.434,915.893,
Contact STARLINK-4127 - STARLINK-31987,17339.210,18124.876,785.667,
Contact STARLINK-4127 - STARLINK-31987,28765.265,29396.190,630.924,
Contact STARLINK-4127 - STARLINK-31987,43112.788,43420.895,308.107,
Contact STARLINK-4127 - STARLINK-31021,3039.614,4295.719,1256.105,
Contact STARLINK-4127 - STARLINK-31021,17362.911,18608.395,1245.484,
Contact STARLINK-4127 - STARLINK-31021,31676.126,32929.818,1253.692,
Contact STARLINK-4127 - STARLINK-31021,40273.334,47240.633,6967.299,
Contact STARLINK-4127 - STARLINK-31021,54587.938,61560.286,6972.349,
Contact STARLINK-4127 - STARLINK-31021,71773.335,75869.189,4095.854,
Contact STARLINK-4127 - STARLINK-31021,86101.231,86400.000,298.769,
Contact STARLINK-4127 - STARLINK-2228,3451.478,3884.735,433.257,
Contact STARLINK-4127 - STARLINK-6372,0.000,72.125,72.125,
Contact STARLINK-4127 - STARLINK-6372,10566.256,11509.183,942.927,
Contact STARLINK-4127 - STARLINK-6372,24904.784,25812.154,907.370,
Contact STARLINK-4127 - STARLINK-6372,39261.680,40096.050,834.371,
Contact STARLINK-4127 - STARLINK-6372,53604.109,54395.119,791.010,
Contact STARLINK-4127 - STARLINK-6372,67967.694,68672.324,704.630,
Contact STARLINK-4127 - STARLINK-6372,82315.723,82965.791,650.069,
Contact STARLINK-4127 - STARLINK-30425,0.000,2840.866,2840.866,
Contact STARLINK-4127 - STARLINK-30425,10415.783,11003.111,587.328,
Contact STARLINK-4127 - STARLINK-5978,3345.789,4216.099,870.310,
Contact STARLINK-4127 - STARLINK-5978,17705.326,18572.709,867.383,
Contact STARLINK-4127 - STARLINK-5978,32060.399,32933.120,872.721,
Contact STARLINK-4127 - STARLINK-5978,46424.331,47285.427,861.096,
Contact STARLINK-4127 - STARLINK-5978,60784.501,61640.653,856.152,
Contact STARLINK-4127 - STARLINK-5978,75152.701,75988.785,836.084,
Contact STARLINK-4127 - STARLINK-4402,0.000,463.885,463.885,
Contact STARLINK-4127 - STARLINK-4402,14253.105,14769.757,516.652,
Contact STARLINK-4127 - STARLINK-4402,28643.242,29045.554,402.312,
Contact STARLINK-4127 - STARLINK-4402,43018.309,43339.637,321.328,
Contact STARLINK-4127 - STARLINK-31502,40491.924,86400.000,45908.076,
Contact STARLINK-4127 - STARLINK-5807,68446.503,86400.000,17953.497,
Contact STARLINK-4127 - STARLINK-31722,60848.480,61761.044,912.563,
Contact STARLINK-4127 - STARLINK-31722,74948.981,75951.652,1002.671,
Contact STARLINK-4127 - STARLINK-31722,86270.884,86400.000,129.116,
Contact STARLINK-4127 - STARLINK-1581,10281.582,11170.255,888.673,
Contact STARLINK-4127 - STARLINK-1581,24437.819,25387.329,949.510,
Contact STARLINK-4127 - STARLINK-1581,35785.493,36738.284,952.791,
Contact STARLINK-4127 - STARLINK-1581,49998.063,50899.307,901.243,
Contact STARLINK-4127 - STARLINK-1581,64229.761,65040.888,811.127,
Contact STARLINK-4127 - STARLINK-4290,10731.392,11444.092,712.700,
Contact STARLINK-4127 - STARLINK-4290,24968.603,25753.376,784.772,
Contact STARLINK-4127 - STARLINK-4290,39222.233,40046.062,823.829,
Contact STARLINK-4127 - STARLINK-4290,53466.606,54348.095,881.489,
Contact STARLINK-4127 - STARLINK-4290,67725.542,68635.474,909.932,
Contact STARLINK-4127 - STARLINK-4290,79129.852,82931.700,3801.848,
Contact STARLINK-4127 - STARLINK-3167,17230.346,18304.225,1073.879,
Contact STARLINK-4127 - STARLINK-3167,25571.394,35756.800,10185.407,
Contact STARLINK-4127 - STARLINK-3167,36753.653,50370.574,13616.921,
Contact STARLINK-4127 - STARLINK-3167,50679.056,86400.000,35720.944,
Contact STARLINK-4127 - STARLINK-31463,0.000,3749.965,3749.965,
Contact STARLINK-4127 - STARLINK-31463,14255.123,14680.700,425.576,
Contact STARLINK-4127 - MoonARTEMIS1,0.000,3312.031,3312.031,
Contact STARLINK-4127 - MoonARTEMIS1,5375.132,9060.334,3685.202,
Contact STARLINK-4127 - MoonARTEMIS1,11115.120,20565.723,9450.603,
Contact STARLINK-4127 - MoonARTEMIS1,22600.443,31070.321,8469.879,
Contact STARLINK-4127 - MoonARTEMIS1,34079.916,37803.548,3723.632,
Contact STARLINK-4127 - MoonARTEMIS1,39807.777,49272.697,9464.920,
Contact STARLINK-4127 - MoonARTEMIS1,51270.940,60752.837,9481.897,
Contact STARLINK-4127 - MoonARTEMIS1,62740.290,66496.122,3755.832,
Contact STARLINK-4127 - MoonARTEMIS1,68476.892,77988.785,9511.892,
Contact STARLINK-4127 - MoonARTEMIS1,79953.877,86400.000,6446.123,
Contact STARLINK-4127 - MoonARTEMIS2,0.000,3399.852,3399.852,
Contact STARLINK-4127 - MoonARTEMIS2,5422.331,9142.395,3720.064,
Contact STARLINK-4127 - MoonARTEMIS2,11158.013,20624.928,9466.914,
Contact STARLINK-4127 - MoonARTEMIS2,22628.214,32101.829,9473.615,
Contact STARLINK-4127 - MoonARTEMIS2,34095.579,37836.336,3740.756,
Contact STARLINK-4127 - MoonARTEMIS2,39826.931,47428.444,7601.513,
Contact STARLINK-4127 - MoonARTEMIS2,51296.621,60830.054,9533.434,
Contact STARLINK-4127 - MoonARTEMIS2,62783.234,66587.210,3803.976,
Contact STARLINK-4127 - MoonARTEMIS2,68526.112,78098.972,9572.860,
Contact STARLINK-4127 - MoonARTEMIS2,80011.602,86400.000,6388.398,
Contact STARLINK-4127 - MoonIOAGEO,0.000,3336.195,3336.195,
Contact STARLINK-4127 - MoonIOAGEO,5388.323,9083.586,3695.263,
Contact STARLINK-4127 - MoonIOAGEO,17299.160,20596.679,3297.518,
Contact STARLINK-4127 - MoonIOAGEO,22618.562,32086.214,9467.652,
Contact STARLINK-4127 - MoonIOAGEO,34088.695,37817.546,3728.851,
Contact STARLINK-4127 - MoonIOAGEO,39816.385,49292.605,9476.221,
Contact STARLINK-4127 - MoonIOAGEO,51283.933,55047.448,3763.515,
Contact STARLINK-4127 - MoonIOAGEO,62777.496,66570.638,3793.142,
Contact STARLINK-4127 - MoonIOAGEO,68523.561,78058.931,9535.371,
Contact STARLINK-4127 - MoonIOAGEO,79993.022,86400.000,6406.978,
Contact STARLINK-4127 - MoonIOAGNO,0.000,3338.955,3338.955,
Contact STARLINK-4127 - MoonIOAGNO,5396.494,9104.078,3707.584,
Contact STARLINK-4127 - MoonIOAGNO,11139.899,20579.335,9439.436,
Contact STARLINK-4127 - MoonIOAGNO,22590.485,32054.106,9463.621,
Contact STARLINK-4127 - MoonIOAGNO,34056.792,37796.527,3739.735,
Contact STARLINK-4127 - MoonIOAGNO,39797.253,49305.289,9508.036,
Contact STARLINK-4127 - MoonIOAGNO,51301.719,60810.434,9508.715,
Contact STARLINK-4127 - MoonIOAGNO,62759.208,66549.159,3789.951,
Contact STARLINK-4127 - MoonIOAGNO,68489.431,78031.046,9541.614,
Contact STARLINK-4127 - MoonIOAGNO,79963.298,86400.000,6436.702,
Contact STARLINK-4127 - MoonIOAGNO 0001,0.000,3339.175,3339.175,
Contact STARLINK-4127 - MoonIOAGNO 0001,5376.191,9076.165,3699.975,
Contact STARLINK-4127 - MoonIOAGNO 0001,11109.943,20562.647,9452.705,
Contact STARLINK-4127 - MoonIOAGNO 0001,22593.213,32083.923,9490.709,
Contact STARLINK-4127 - MoonIOAGNO 0001,34084.512,37823.926,3739.414,
Contact STARLINK-4127 - MoonIOAGNO 0001,39809.335,49298.509,9489.174,
Contact STARLINK-4127 - MoonIOAGNO 0001,51270.352,60783.161,9512.809,
Contact STARLINK-4127 - MoonIOAGNO 0001,62750.292,66533.786,3783.494,
Contact STARLINK-4127 - MoonIOAGNO 0001,68501.137,78061.880,9560.743,
Contact STARLINK-4127 - MoonIOAGNO 0001,79986.013,86400.000,6413.987,
Contact STARLINK-4127 - MoonIOAGSO,0.000,3353.380,3353.380,
Contact STARLINK-4127 - MoonIOAGSO,5394.858,8806.580,3411.722,
Contact STARLINK-4127 - MoonIOAGSO,11712.312,20605.619,8893.308,
Contact STARLINK-4127 - MoonIOAGSO,22636.889,32097.676,9460.787,
Contact STARLINK-4127 - MoonIOAGSO,34110.770,37838.251,3727.480,
Contact STARLINK-4127 - MoonIOAGSO,39840.167,49307.380,9467.213,
Contact STARLINK-4127 - MoonIOAGSO,57045.686,60821.068,3775.382,
Contact STARLINK-4127 - MoonIOAGSO,62797.879,66575.176,3777.297,
Contact STARLINK-4127 - MoonIOAGSO,68543.262,78072.211,9528.949,
Contact STARLINK-4127 - MoonIOAGSO,80017.938,86400.000,6382.062,
Contact STARLINK-4127 - MoonIOAGSO 0001,0.000,3377.072,3377.072,
Contact STARLINK-4127 - MoonIOAGSO 0001,5428.437,9120.116,3691.680,
Contact STARLINK-4127 - MoonIOAGSO 0001,11163.026,20595.349,9432.323,
Contact STARLINK-4127 - MoonIOAGSO 0001,22617.393,30507.083,7889.690,
Contact STARLINK-4127 - MoonIOAGSO 0001,34090.514,37833.854,3743.339,
Contact STARLINK-4127 - MoonIOAGSO 0001,39842.944,49336.215,9493.271,
Contact STARLINK-4127 - MoonIOAGSO 0001,51327.573,60823.429,9495.857,
Contact STARLINK-4127 - MoonIOAGSO 0001,62791.074,66560.831,3769.757,
Contact STARLINK-4127 - MoonIOAGSO 0001,68513.395,72295.130,3781.735,
Contact STARLINK-4127 - MoonIOAGSO 0001,80005.287,86400.000,6394.713,
Contact STARLINK-4127 - MoonLRO,6832.350,9097.188,2264.838,
Contact STARLINK-4127 - MoonLRO,13644.581,14843.179,1198.598,
Contact STARLINK-4127 - MoonLRO,28350.376,31273.860,2923.484,
Contact STARLINK-4127 - MoonLRO,34161.395,37816.949,3655.554,
Contact STARLINK-4127 - MoonLRO,40971.732,43566.048,2594.316,
Contact STARLINK-4127 - MoonLRO,57033.561,58629.621,1596.060,
Contact STARLINK-4127 - MoonLRO,62776.708,65447.173,2670.464,
Contact STARLINK-4127 - MoonLRO,68515.768,78050.201,9534.433,
Contact STARLINK-4127 - MoonLRO,81912.612,83801.949,1889.337,
Contact STARLINK-4127 - MarsSat1,1022.789,10616.359,9593.570,
Contact STARLINK-4127 - MarsSat1,12480.230,16344.364,3864.134,
Contact STARLINK-4127 - MarsSat1,18208.967,27800.274,9591.307,
Contact STARLINK-4127 - MarsSat1,29666.439,39256.038,9589.599,
Contact STARLINK-4127 - MarsSat1,41123.880,44983.866,3859.987,
Contact STARLINK-4127 - MarsSat1,46852.584,56439.429,9586.845,
Contact STARLINK-4127 - MarsSat1,58309.972,67894.886,9584.914,
Contact STARLINK-4127 - MarsSat1,69767.362,85077.900,15310.537,
Contact STARLINK-4127 - MarsSat2,1022.848,10616.359,9593.511,
Contact STARLINK-4127 - MarsSat2,12480.203,16344.366,3864.163,
Contact STARLINK-4127 - MarsSat2,18208.903,27800.284,9591.381,
Contact STARLINK-4127 - MarsSat2,29666.334,39256.075,9589.741,
Contact STARLINK-4127 - MarsSat2,41123.789,44983.923,3860.135,
Contact STARLINK-4127 - MarsSat2,46852.521,56439.526,9587.005,
Contact STARLINK-4127 - MarsSat2,58309.991,67895.004,9585.013,
Contact STARLINK-4127 - MarsSat2,69767.463,85077.986,15310.523,
Contact STARLINK-4127 - MarsSat3,1022.880,10616.280,9593.400,
Contact STARLINK-4127 - MarsSat3,12480.215,16344.276,3864.061,
Contact STARLINK-4127 - MarsSat3,18208.904,27800.242,9591.338,
Contact STARLINK-4127 - MarsSat3,29666.347,39256.083,9589.736,
Contact STARLINK-4127 - MarsSat3,41123.830,44983.942,3860.111,
Contact STARLINK-4127 - MarsSat3,46852.572,56439.539,9586.967,
Contact STARLINK-4127 - MarsSat3,58310.042,67894.986,9584.944,
Contact STARLINK-4127 - MarsSat3,69767.491,85077.903,15310.412,
Contact STARLINK-4127 - MarsSat4,1022.885,9031.004,8008.119,
Contact STARLINK-4127 - MarsSat4,12480.238,16344.299,3864.062,
Contact STARLINK-4127 - MarsSat4,18208.922,27800.259,9591.337,
Contact STARLINK-4127 - MarsSat4,29666.375,39256.033,9589.657,
Contact STARLINK-4127 - MarsSat4,43179.574,44983.820,1804.246,
Contact STARLINK-4127 - MarsSat4,46852.500,56439.460,9586.960,
Contact STARLINK-4127 - MarsSat4,58309.970,67894.982,9585.012,
Contact STARLINK-4127 - MarsSat4,69767.451,85077.917,15310.466,
Contact STARLINK-30331 - STARLINK-31827,0.000,17316.595,17316.595,
Contact STARLINK-30331 - STARLINK-31800,0.000,223.348,223.348,
Contact STARLINK-30331 - STARLINK-31987,0.000,3215.727,3215.727,
Contact STARLINK-30331 - STARLINK-31987,3905.097,11183.656,7278.559,
Contact STARLINK-30331 - STARLINK-31021,0.000,86400.000,86400.000,
Contact STARLINK-30331 - STARLINK-2228,0.000,3142.395,3142.395,
Contact STARLINK-30331 - STARLINK-1736,0.000,3286.283,3286.283,
Contact STARLINK-30331 - STARLINK-1736,10325.626,17278.482,6952.856,
Contact STARLINK-30331 - STARLINK-1736,24822.624,25572.182,749.559,
Contact STARLINK-30331 - STARLINK-30425,3012.109,3669.656,657.547,
Contact STARLINK-30331 - STARLINK-30425,14121.883,15132.391,1010.508,
Contact STARLINK-30331 - STARLINK-30425,28167.836,29298.385,1130.549,
Contact STARLINK-30331 - STARLINK-30425,39522.054,43294.709,3772.655,
Contact STARLINK-30331 - STARLINK-30425,53922.508,54328.874,406.367,
Contact STARLINK-30331 - STARLINK-4687,10216.334,11226.645,1010.311,
Contact STARLINK-30331 - STARLINK-4687,24507.723,25548.554,1040.831,
Contact STARLINK-30331 - STARLINK-4687,35935.705,39882.231,3946.526,
Contact STARLINK-30331 - STARLINK-4687,50214.589,54201.801,3987.212,
Contact STARLINK-30331 - STARLINK-4687,64509.273,68532.634,4023.361,
Contact STARLINK-30331 - STARLINK-4687,78790.772,85720.583,6929.812,
Contact STARLINK-30331 - STARLINK-5978,0.000,86400.000,86400.000,
Contact STARLINK-30331 - STARLINK-4402,10273.275,11201.559,928.284,
Contact STARLINK-30331 - STARLINK-4402,24615.989,25543.999,928.011,
Contact STARLINK-30331 - STARLINK-4402,38948.216,39897.045,948.829,
Contact STARLINK-30331 - STARLINK-4402,53291.086,54239.586,948.500,
Contact STARLINK-30331 - STARLINK-4402,64761.182,68592.827,3831.645,
Contact STARLINK-30331 - STARLINK-4402,79093.446,82935.434,3841.988,
Contact STARLINK-30331 - STARLINK-31502,35823.613,36367.524,543.911,
Contact STARLINK-30331 - STARLINK-31502,49776.914,50725.315,948.401,
Contact STARLINK-30331 - STARLINK-31502,61029.042,64957.015,3927.973,
Contact STARLINK-30331 - STARLINK-31502,75177.377,76280.530,1103.153,
Contact STARLINK-30331 - STARLINK-30842,28785.389,29245.554,460.165,
Contact STARLINK-30331 - STARLINK-30842,43099.336,43589.664,490.329,
Contact STARLINK-30331 - STARLINK-30842,57411.299,57935.847,524.548,
Contact STARLINK-30331 - STARLINK-30842,71727.161,72278.031,550.870,
Contact STARLINK-30331 - STARLINK-30842,86041.078,86400.000,358.922,
Contact STARLINK-30331 - STARLINK-4631,10339.456,11055.897,716.441,
Contact STARLINK-30331 - STARLINK-4631,24622.828,25382.711,759.883,
Contact STARLINK-30331 - STARLINK-4631,38893.596,39721.141,827.545,
Contact STARLINK-30331 - STARLINK-4631,50317.661,54044.204,3726.543,
Contact STARLINK-30331 - STARLINK-4631,64606.057,65506.645,900.588,
Contact STARLINK-30331 - STARLINK-4631,78882.631,79839.164,956.534,
Contact STARLINK-30331 - STARLINK-5807,3037.101,3844.013,806.912,
Contact STARLINK-30331 - STARLINK-5807,17384.640,18212.952,828.312,
Contact STARLINK-30331 - STARLINK-5807,31736.748,32577.933,841.184,
Contact STARLINK-30331 - STARLINK-5807,46086.726,46944.372,857.646,
Contact STARLINK-30331 - STARLINK-5807,57568.723,61307.585,3738.862,
Contact STARLINK-30331 - STARLINK-5807,71923.303,75671.594,3748.291,
Contact STARLINK-30331 - STARLINK-5807,86276.594,86400.000,123.406,
Contact STARLINK-30331 - STARLINK-31722,47511.034,86400.000,38888.966,
Contact STARLINK-30331 - STARLINK-1581,53624.641,60854.323,7229.682,
Contact STARLINK-30331 - STARLINK-1581,61777.320,86400.000,24622.680,
Contact STARLINK-30331 - STARLINK-2388,3141.714,3990.525,848.811,
Contact STARLINK-30331 - STARLINK-2388,17446.796,18245.168,798.372,
Contact STARLINK-30331 - STARLINK-2388,31756.994,32494.410,737.416,
Contact STARLINK-30331 - STARLINK-2388,57529.187,58129.601,600.415,
Contact STARLINK-30331 - STARLINK-2388,71859.728,72358.501,498.773,
Contact STARLINK-30331 - STARLINK-2388,86204.153,86400.000,195.847,
Contact STARLINK-30331 - STARLINK-3167,7118.578,10881.606,3763.027,
Contact STARLINK-30331 - STARLINK-3167,21320.438,22324.090,1003.652,
Contact STARLINK-30331 - STARLINK-3167,35545.630,36610.450,1064.820,
Contact STARLINK-30331 - STARLINK-3167,49775.307,50891.465,1116.158,
Contact STARLINK-30331 - STARLINK-3167,58326.261,65151.526,6825.264,
Contact STARLINK-30331 - STARLINK-3167,75433.729,79406.174,3972.445,
Contact STARLINK-30331 - STARLINK-1700,0.000,623.219,623.219,
Contact STARLINK-30331 - STARLINK-1700,14220.878,14913.409,692.531,
Contact STARLINK-30331 - STARLINK-1700,28539.346,29209.347,670.000,
Contact STARLINK-30331 - STARLINK-1700,42865.336,43497.476,632.140,
Contact STARLINK-30331 - STARLINK-1700,57185.498,57791.692,606.194,
Contact STARLINK-30331 - STARLINK-1700,71514.113,72077.177,563.064,
Contact STARLINK-30331 - MoonARTEMIS1,0.000,3232.679,3232.679,
Contact STARLINK-30331 - MoonARTEMIS1,5394.133,8979.433,3585.300,
Contact STARLINK-30331 - MoonARTEMIS1,11138.681,20479.017,9340.336,
Contact STARLINK-30331 - MoonARTEMIS1,22631.980,31071.988,8440.008,
Contact STARLINK-30331 - MoonARTEMIS1,34115.939,37712.258,3596.319,
Contact STARLINK-30331 - MoonARTEMIS1,39847.049,49185.400,9338.351,
Contact STARLINK-30331 - MoonARTEMIS1,51317.001,60666.865,9349.864,
Contact STARLINK-30331 - MoonARTEMIS1,62792.632,66410.003,3617.371,
Contact STARLINK-30331 - MoonARTEMIS1,68532.045,77900.831,9368.786,
Contact STARLINK-30331 - MoonARTEMIS1,80013.770,86400.000,6386.230,
Contact STARLINK-30331 - MoonARTEMIS2,0.000,3305.352,3305.352,
Contact STARLINK-30331 - MoonARTEMIS2,5455.832,9046.913,3591.082,
Contact STARLINK-30331 - MoonARTEMIS2,11194.307,20527.671,9333.364,
Contact STARLINK-30331 - MoonARTEMIS2,22668.495,32003.606,9335.111,
Contact STARLINK-30331 - MoonARTEMIS2,34137.428,37738.346,3600.917,
Contact STARLINK-30331 - MoonARTEMIS2,39868.439,47414.495,7546.056,
Contact STARLINK-30331 - MoonARTEMIS2,51383.215,60727.075,9343.860,
Contact STARLINK-30331 - MoonARTEMIS2,62842.714,66481.010,3638.296,
Contact STARLINK-30331 - MoonARTEMIS2,68589.282,77986.350,9397.069,
Contact STARLINK-30331 - MoonARTEMIS2,80079.828,86400.000,6320.172,
Contact STARLINK-30331 - MoonIOAGEO,0.000,3251.521,3251.521,
Contact STARLINK-30331 - MoonIOAGEO,5409.119,8997.142,3588.023,
Contact STARLINK-30331 - MoonIOAGEO,17290.413,20500.134,3209.722,
Contact STARLINK-30331 - MoonIOAGEO,22646.816,31987.571,9340.756,
Contact STARLINK-30331 - MoonIOAGEO,34123.612,37722.699,3599.087,
Contact STARLINK-30331 - MoonIOAGEO,39856.681,49201.704,9345.023,
Contact STARLINK-30331 - MoonIOAGEO,51333.076,54952.662,3619.586,
Contact STARLINK-30331 - MoonIOAGEO,62827.386,66463.176,3635.789,
Contact STARLINK-30331 - MoonIOAGEO,68572.777,77950.899,9378.122,
Contact STARLINK-30331 - MoonIOAGEO,80047.247,86400.000,6352.753,
Contact STARLINK-30331 - MoonIOAGNO,0.000,3253.839,3253.839,
Contact STARLINK-30331 - MoonIOAGNO,5410.244,9006.879,3596.635,
Contact STARLINK-30331 - MoonIOAGNO,11166.269,20507.555,9341.286,
Contact STARLINK-30331 - MoonIOAGNO,22656.669,31986.099,9329.430,
Contact STARLINK-30331 - MoonIOAGNO,34128.707,37723.390,3594.683,
Contact STARLINK-30331 - MoonIOAGNO,39861.796,49205.509,9343.713,
Contact STARLINK-30331 - MoonIOAGNO,51337.932,60722.049,9384.117,
Contact STARLINK-30331 - MoonIOAGNO,62842.358,66466.179,3623.821,
Contact STARLINK-30331 - MoonIOAGNO,68582.286,77946.981,9364.694,
Contact STARLINK-30331 - MoonIOAGNO,80052.819,86400.000,6347.181,
Contact STARLINK-30331 - MoonIOAGNO 0001,0.000,3275.648,3275.648,
Contact STARLINK-30331 - MoonIOAGNO 0001,5432.833,9013.430,3580.597,
Contact STARLINK-30331 - MoonIOAGNO 0001,11168.035,20486.464,9318.429,
Contact STARLINK-30331 - MoonIOAGNO 0001,22634.364,31986.848,9352.484,
Contact STARLINK-30331 - MoonIOAGNO 0001,34131.231,37740.089,3608.858,
Contact STARLINK-30331 - MoonIOAGNO 0001,39878.430,49224.885,9346.455,
Contact STARLINK-30331 - MoonIOAGNO 0001,51355.750,60702.037,9346.287,
Contact STARLINK-30331 - MoonIOAGNO 0001,62822.919,66441.827,3618.908,
Contact STARLINK-30331 - MoonIOAGNO 0001,68556.157,77959.446,9403.288,
Contact STARLINK-30331 - MoonIOAGNO 0001,80063.033,86400.000,6336.967,
Contact STARLINK-30331 - MoonIOAGSO,0.000,3262.043,3262.043,
Contact STARLINK-30331 - MoonIOAGSO,5419.937,8848.799,3428.862,
Contact STARLINK-30331 - MoonIOAGSO,11634.154,20487.236,8853.082,
Contact STARLINK-30331 - MoonIOAGSO,22629.029,31975.933,9346.905,
Contact STARLINK-30331 - MoonIOAGSO,34111.206,37722.045,3610.839,
Contact STARLINK-30331 - MoonIOAGSO,39855.138,49215.430,9360.292,
Contact STARLINK-30331 - MoonIOAGSO,57076.088,60702.186,3626.098,
Contact STARLINK-30331 - MoonIOAGSO,62812.736,66448.857,3636.121,
Contact STARLINK-30331 - MoonIOAGSO,68552.495,77945.576,9393.082,
Contact STARLINK-30331 - MoonIOAGSO,80038.846,86400.000,6361.154,
Contact STARLINK-30331 - MoonIOAGSO 0001,0.000,3256.375,3256.375,
Contact STARLINK-30331 - MoonIOAGSO 0001,5408.130,8999.680,3591.549,
Contact STARLINK-30331 - MoonIOAGSO 0001,11149.390,20490.103,9340.713,
Contact STARLINK-30331 - MoonIOAGSO 0001,22637.259,30537.137,7899.879,
Contact STARLINK-30331 - MoonIOAGSO 0001,34115.878,37720.891,3605.013,
Contact STARLINK-30331 - MoonIOAGSO 0001,39851.387,49210.805,9359.418,
Contact STARLINK-30331 - MoonIOAGSO 0001,51331.099,60705.261,9374.162,
Contact STARLINK-30331 - MoonIOAGSO 0001,62819.087,66453.019,3633.932,
Contact STARLINK-30331 - MoonIOAGSO 0001,68565.327,72198.822,3633.495,
Contact STARLINK-30331 - MoonIOAGSO 0001,80037.930,86400.000,6362.070,
Contact STARLINK-30331 - MoonLRO,0.000,3265.631,3265.631,
Contact STARLINK-30331 - MoonLRO,6829.533,9006.853,2177.320,
Contact STARLINK-30331 - MoonLRO,13678.751,14746.881,1068.130,
Contact STARLINK-30331 - MoonLRO,28377.130,31311.616,2934.486,
Contact STARLINK-30331 - MoonLRO,34123.544,37727.184,3603.640,
Contact STARLINK-30331 - MoonLRO,40959.788,43471.633,2511.845,
Contact STARLINK-30331 - MoonLRO,57084.914,58637.513,1552.599,
Contact STARLINK-30331 - MoonLRO,62821.774,65486.766,2664.993,
Contact STARLINK-30331 - MoonLRO,68559.576,77948.343,9388.767,
Contact STARLINK-30331 - MoonLRO,81938.800,83693.966,1755.167,
Contact STARLINK-30331 - MarsSat1,548.017,10443.801,9895.785,
Contact STARLINK-30331 - MarsSat1,12027.768,27655.019,15627.251,
Contact STARLINK-30331 - MarsSat1,29247.422,39128.706,9881.284,
Contact STARLINK-30331 - MarsSat1,40727.144,56338.495,15611.351,
Contact STARLINK-30331 - MarsSat1,57946.626,67811.245,9864.619,
Contact STARLINK-30331 - MarsSat1,69426.240,85019.861,15593.621,
Contact STARLINK-30331 - MarsSat2,548.025,10443.776,9895.751,
Contact STARLINK-30331 - MarsSat2,12027.764,27654.814,15627.051,
Contact STARLINK-30331 - MarsSat2,29247.405,39128.477,9881.072,
Contact STARLINK-30331 - MarsSat2,40727.157,56338.392,15611.236,
Contact STARLINK-30331 - MarsSat2,57946.735,67811.279,9864.544,
Contact STARLINK-30331 - MarsSat2,69426.400,85020.026,15593.626,
Contact STARLINK-30331 - MarsSat3,548.011,10443.886,9895.875,
Contact STARLINK-30331 - MarsSat3,12027.663,27654.874,15627.212,
Contact STARLINK-30331 - MarsSat3,29247.370,39128.542,9881.172,
Contact STARLINK-30331 - MarsSat3,40727.184,56338.479,15611.296,
Contact STARLINK-30331 - MarsSat3,57946.767,67811.365,9864.598,
Contact STARLINK-30331 - MarsSat3,69426.393,85020.066,15593.673,
Contact STARLINK-30331 - MarsSat4,548.130,9031.034,8482.904,
Contact STARLINK-30331 - MarsSat4,12027.726,27654.912,15627.186,
Contact STARLINK-30331 - MarsSat4,29247.394,39128.591,9881.197,
Contact STARLINK-30331 - MarsSat4,43179.702,56338.418,13158.717,
Contact STARLINK-30331 - MarsSat4,57946.670,67811.288,9864.618,
Contact STARLINK-30331 - MarsSat4,69426.370,85019.961,15593.591,
Contact STARLINK-31827 - STARLINK-31800,0.000,133.491,133.491,
Contact STARLINK-31827 - STARLINK-31800,10498.024,11329.509,831.485,
Contact STARLINK-31827 - STARLINK-31800,24517.255,25319.402,802.147,
Contact STARLINK-31827 - STARLINK-31800,35729.740,36514.157,784.416,
Contact STARLINK-31827 - STARLINK-31800,49741.447,50511.426,769.979,
Contact STARLINK-31827 - STARLINK-31800,60955.145,61704.968,749.822,
Contact STARLINK-31827 - STARLINK-31800,74978.153,75691.084,712.932,
Contact STARLINK-31827 - STARLINK-31800,86193.498,86400.000,206.502,
Contact STARLINK-31827 - STARLINK-4254,71850.002,72227.286,377.284,
Contact STARLINK-31827 - STARLINK-4254,85759.440,86400.000,640.560,
Contact STARLINK-31827 - STARLINK-31987,0.000,86400.000,86400.000,
Contact STARLINK-31827 - STARLINK-6311,21243.886,22011.705,767.819,
Contact STARLINK-31827 - STARLINK-6311,29448.609,39531.905,10083.297,
Contact STARLINK-31827 - STARLINK-6311,43271.875,53878.974,10607.099,
Contact STARLINK-31827 - STARLINK-6311,54485.505,67909.693,13424.189,
Contact STARLINK-31827 - STARLINK-6311,68825.064,76210.027,7384.964,
Contact STARLINK-31827 - STARLINK-6311,86331.950,86400.000,68.050,
Contact STARLINK-31827 - STARLINK-31021,0.000,21992.798,21992.798,
Contact STARLINK-31827 - STARLINK-2228,0.000,38556.757,38556.757,
Contact STARLINK-31827 - STARLINK-1736,0.000,2965.216,2965.216,
Contact STARLINK-31827 - STARLINK-1736,10207.178,11391.467,1184.289,
Contact STARLINK-31827 - STARLINK-1736,18642.041,25413.177,6771.137,
Contact STARLINK-31827 - STARLINK-1736,35497.740,36635.824,1138.084,
Contact STARLINK-31827 - STARLINK-1736,43918.336,50670.993,6752.658,
Contact STARLINK-31827 - STARLINK-1736,60776.782,61891.723,1114.941,
Contact STARLINK-31827 - STARLINK-1736,74835.269,75907.997,1072.728,
Contact STARLINK-31827 - STARLINK-1736,86076.557,86400.000,323.443,
Contact STARLINK-31827 - STARLINK-30425,39175.972,39696.250,520.278,
Contact STARLINK-31827 - STARLINK-30425,50297.636,50916.591,618.955,
Contact STARLINK-31827 - STARLINK-30425,64218.090,64923.335,705.244,
Contact STARLINK-31827 - STARLINK-30425,75358.877,76124.424,765.547,
Contact STARLINK-31827 - STARLINK-3346,10608.563,10938.641,330.078,
Contact STARLINK-31827 - STARLINK-3346,35857.462,36546.357,688.894,
Contact STARLINK-31827 - STARLINK-3346,49927.171,50729.946,802.775,
Contact STARLINK-31827 - STARLINK-3346,64025.872,64884.446,858.574,
Contact STARLINK-31827 - STARLINK-3346,75316.380,76196.348,879.968,
Contact STARLINK-31827 - STARLINK-5978,0.000,23471.800,23471.800,
Contact STARLINK-31827 - STARLINK-31764,10563.089,10962.515,399.426,
Contact STARLINK-31827 - STARLINK-31764,35835.140,36117.490,282.350,
Contact STARLINK-31827 - STARLINK-31764,61114.747,61264.913,150.166,
Contact STARLINK-31827 - STARLINK-4402,7049.632,10911.094,3861.462,
Contact STARLINK-31827 - STARLINK-4402,21257.039,22234.675,977.635,
Contact STARLINK-31827 - STARLINK-4402,35555.006,36313.376,758.371,
Contact STARLINK-31827 - STARLINK-6255,46616.590,47162.220,545.630,
Contact STARLINK-31827 - STARLINK-6255,60385.466,61749.732,1364.266,
Contact STARLINK-31827 - STARLINK-6255,68783.652,78916.143,10132.491,
Contact STARLINK-31827 - STARLINK-6255,85772.591,86400.000,627.409,
Contact STARLINK-31827 - STARLINK-3898,46133.836,47366.455,1232.619,
Contact STARLINK-31827 - STARLINK-3898,54454.244,64589.972,10135.729,
Contact STARLINK-31827 - STARLINK-3898,68451.984,78794.828,10342.844,
Contact STARLINK-31827 - STARLINK-3898,79745.571,86400.000,6654.429,
Contact STARLINK-31827 - STARLINK-30842,0.000,398.851,398.851,
Contact STARLINK-31827 - STARLINK-30842,13867.997,14696.281,828.284,
Contact STARLINK-31827 - STARLINK-30842,25160.092,28927.091,3766.999,
Contact STARLINK-31827 - STARLINK-30842,39324.455,40272.714,948.258,
Contact STARLINK-31827 - STARLINK-30842,53541.634,54407.613,865.979,
Contact STARLINK-31827 - STARLINK-30842,67821.011,68480.692,659.680,
Contact STARLINK-31827 - STARLINK-31539,3317.135,4154.504,837.369,
Contact STARLINK-31827 - STARLINK-5807,0.000,711.947,711.947,
Contact STARLINK-31827 - STARLINK-5807,14150.554,14947.068,796.514,
Contact STARLINK-31827 - STARLINK-5807,28354.400,29151.740,797.340,
Contact STARLINK-31827 - STARLINK-5807,42584.779,43331.596,746.817,
Contact STARLINK-31827 - STARLINK-5807,53990.905,54653.306,662.401,
Contact STARLINK-31827 - STARLINK-5807,68283.163,68770.761,487.598,
Contact STARLINK-31827 - STARLINK-5807,82629.765,82835.658,205.893,
Contact STARLINK-31827 - STARLINK-30367,35267.167,36002.493,735.325,
Contact STARLINK-31827 - STARLINK-30367,43294.360,86400.000,43105.640,
Contact STARLINK-31827 - STARLINK-2388,2874.289,3693.152,818.863,
Contact STARLINK-31827 - STARLINK-2388,14155.820,15017.185,861.365,
Contact STARLINK-31827 - STARLINK-2388,28277.007,29152.595,875.588,
Contact STARLINK-31827 - STARLINK-2388,39587.067,43271.890,3684.823,
Contact STARLINK-31827 - STARLINK-2388,53740.521,54551.676,811.155,
Contact STARLINK-31827 - STARLINK-2388,67919.503,68629.591,710.088,
Contact STARLINK-31827 - STARLINK-3167,6953.040,7418.063,465.023,
Contact STARLINK-31827 - STARLINK-1700,0.000,408.861,408.861,
Contact STARLINK-31827 - STARLINK-1700,13775.430,14609.425,833.995,
Contact STARLINK-31827 - STARLINK-1700,25082.806,25949.911,867.105,
Contact STARLINK-31827 - STARLINK-1700,39241.689,40100.464,858.775,
Contact STARLINK-31827 - STARLINK-1700,53430.703,54221.696,790.993,
Contact STARLINK-31827 - STARLINK-1700,79056.430,79554.512,498.082,
Contact STARLINK-31827 - STARLINK-31463,3226.251,4249.238,1022.986,
Contact STARLINK-31827 - STARLINK-31463,17250.580,18297.587,1047.006,
Contact STARLINK-31827 - STARLINK-31463,28464.092,29543.962,1079.870,
Contact STARLINK-31827 - STARLINK-31463,42474.440,43610.633,1136.193,
Contact STARLINK-31827 - STARLINK-31463,53691.217,60474.807,6783.590,
Contact STARLINK-31827 - STARLINK-31463,67721.987,68895.660,1173.673,
Contact STARLINK-31827 - STARLINK-31463,78941.371,85755.954,6814.583,
Contact STARLINK-31827 - MoonARTEMIS1,0.000,2839.233,2839.233,
Contact STARLINK-31827 - MoonARTEMIS1,4964.364,14099.027,9134.662,
Contact STARLINK-31827 - MoonARTEMIS1,16210.087,19732.896,3522.809,
Contact STARLINK-31827 - MoonARTEMIS1,21835.311,31006.967,9171.656,
Contact STARLINK-31827 - MoonARTEMIS1,33927.584,42233.067,8305.483,
Contact STARLINK-31827 - MoonARTEMIS1,44301.298,53473.142,9171.844,
Contact STARLINK-31827 - MoonARTEMIS1,55531.780,64721.970,9190.190,
Contact STARLINK-31827 - MoonARTEMIS1,66767.334,70349.300,3581.967,
Contact STARLINK-31827 - MoonARTEMIS1,72386.780,81609.894,9223.114,
Contact STARLINK-31827 - MoonARTEMIS1,83629.038,86400.000,2770.962,
Contact STARLINK-31827 - MoonARTEMIS2,0.000,2924.085,2924.085,
Contact STARLINK-31827 - MoonARTEMIS2,5024.778,14170.616,9145.838,
Contact STARLINK-31827 - MoonARTEMIS2,16258.347,19792.621,3534.274,
Contact STARLINK-31827 - MoonARTEMIS2,21873.842,31032.566,9158.724,
Contact STARLINK-31827 - MoonARTEMIS2,33100.956,42261.451,9160.495,
Contact STARLINK-31827 - MoonARTEMIS2,44318.039,47356.970,3038.931,
Contact STARLINK-31827 - MoonARTEMIS2,55571.437,70445.375,14873.938,
Contact STARLINK-31827 - MoonARTEMIS2,72453.550,81721.310,9267.760,
Contact STARLINK-31827 - MoonARTEMIS2,83704.900,86400.000,2695.100,
Contact STARLINK-31827 - MoonIOAGEO,0.000,2861.405,2861.405,
Contact STARLINK-31827 - MoonIOAGEO,4978.651,13089.989,8111.338,
Contact STARLINK-31827 - MoonIOAGEO,17298.113,19758.657,2460.544,
Contact STARLINK-31827 - MoonIOAGEO,21850.031,31013.670,9163.640,
Contact STARLINK-31827 - MoonIOAGEO,33086.120,42246.411,9160.292,
Contact STARLINK-31827 - MoonIOAGEO,44312.125,53502.650,9190.524,
Contact STARLINK-31827 - MoonIOAGEO,66809.162,70421.275,3612.113,
Contact STARLINK-31827 - MoonIOAGEO,72430.746,81664.559,9233.813,
Contact STARLINK-31827 - MoonIOAGEO,83659.666,86400.000,2740.334,
Contact STARLINK-31827 - MoonIOAGNO,0.000,2864.080,2864.080,
Contact STARLINK-31827 - MoonIOAGNO,4979.197,14139.329,9160.132,
Contact STARLINK-31827 - MoonIOAGNO,16242.207,19765.846,3523.638,
Contact STARLINK-31827 - MoonIOAGNO,21863.667,31007.798,9144.131,
Contact STARLINK-31827 - MoonIOAGNO,33094.315,42247.509,9153.194,
Contact STARLINK-31827 - MoonIOAGNO,44316.323,53523.174,9206.851,
Contact STARLINK-31827 - MoonIOAGNO,55572.500,59161.047,3588.547,
Contact STARLINK-31827 - MoonIOAGNO,66823.601,70412.687,3589.086,
Contact STARLINK-31827 - MoonIOAGNO,72440.749,81658.512,9217.763,
Contact STARLINK-31827 - MoonIOAGNO,83666.627,86400.000,2733.373,
Contact STARLINK-31827 - MoonIOAGNO 0001,0.000,2887.040,2887.040,
Contact STARLINK-31827 - MoonIOAGNO 0001,5004.930,14124.046,9119.116,
Contact STARLINK-31827 - MoonIOAGNO 0001,16230.407,19742.477,3512.070,
Contact STARLINK-31827 - MoonIOAGNO 0001,21840.746,31007.242,9166.496,
Contact STARLINK-31827 - MoonIOAGNO 0001,33090.606,42273.137,9182.532,
Contact STARLINK-31827 - MoonIOAGNO 0001,44341.918,53517.274,9175.355,
Contact STARLINK-31827 - MoonIOAGNO 0001,55572.715,64761.033,9188.318,
Contact STARLINK-31827 - MoonIOAGNO 0001,66795.052,70392.040,3596.988,
Contact STARLINK-31827 - MoonIOAGNO 0001,72414.593,81684.787,9270.194,
Contact STARLINK-31827 - MoonIOAGNO 0001,83687.730,86400.000,2712.270,
Contact STARLINK-31827 - MoonIOAGSO,0.000,2873.827,2873.827,
Contact STARLINK-31827 - MoonIOAGSO,4988.934,8499.717,3510.783,
Contact STARLINK-31827 - MoonIOAGSO,16215.068,19747.372,3532.304,
Contact STARLINK-31827 - MoonIOAGSO,21830.016,31001.393,9171.377,
Contact STARLINK-31827 - MoonIOAGSO,33068.903,42258.435,9189.532,
Contact STARLINK-31827 - MoonIOAGSO,44317.942,52241.865,7923.923,
Contact STARLINK-31827 - MoonIOAGSO,55554.623,64774.149,9219.526,
Contact STARLINK-31827 - MoonIOAGSO,66785.644,70406.828,3621.184,
Contact STARLINK-31827 - MoonIOAGSO,72406.766,81672.688,9265.922,
Contact STARLINK-31827 - MoonIOAGSO,83657.584,86400.000,2742.416,
Contact STARLINK-31827 - MoonIOAGSO 0001,0.000,2870.374,2870.374,
Contact STARLINK-31827 - MoonIOAGSO 0001,4973.546,14121.883,9148.337,
Contact STARLINK-31827 - MoonIOAGSO 0001,16215.127,19749.020,3533.893,
Contact STARLINK-31827 - MoonIOAGSO 0001,21839.519,30534.355,8694.836,
Contact STARLINK-31827 - MoonIOAGSO 0001,33337.763,42256.169,8918.406,
Contact STARLINK-31827 - MoonIOAGSO 0001,44306.094,53515.773,9209.679,
Contact STARLINK-31827 - MoonIOAGSO 0001,55547.820,64776.475,9228.655,
Contact STARLINK-31827 - MoonIOAGSO 0001,66799.917,70404.727,3604.810,
Contact STARLINK-31827 - MoonIOAGSO 0001,78034.950,81666.815,3631.864,
Contact STARLINK-31827 - MoonIOAGSO 0001,83650.046,86400.000,2749.954,
Contact STARLINK-31827 - MoonLRO,0.000,2877.247,2877.247,
Contact STARLINK-31827 - MoonLRO,6843.734,8499.318,1655.584,
Contact STARLINK-31827 - MoonLRO,27457.318,31005.154,3547.836,
Contact STARLINK-31827 - MoonLRO,34135.302,36632.388,2497.086,
Contact STARLINK-31827 - MoonLRO,49941.765,51812.635,1870.870,
Contact STARLINK-31827 - MoonLRO,55556.491,58649.316,3092.825,
Contact STARLINK-31827 - MoonLRO,68280.208,70406.337,2126.129,
Contact STARLINK-31827 - MoonLRO,75126.759,76034.105,907.346,
Contact STARLINK-31827 - MarsSat1,581.431,10205.273,9623.842,
Contact STARLINK-31827 - MarsSat1,11819.580,21429.281,9609.701,
Contact STARLINK-31827 - MarsSat1,23057.349,38264.992,15207.643,
Contact STARLINK-31827 - MarsSat1,39913.201,49488.560,9575.359,
Contact STARLINK-31827 - MarsSat1,51149.886,60711.948,9562.062,
Contact STARLINK-31827 - MarsSat1,62386.170,71935.202,9549.032,
Contact STARLINK-31827 - MarsSat1,73622.109,77546.797,3924.688,
Contact STARLINK-31827 - MarsSat1,79239.962,86400.000,7160.038,
Contact STARLINK-31827 - MarsSat2,581.496,10205.251,9623.756,
Contact STARLINK-31827 - MarsSat2,11819.555,21429.121,9609.566,
Contact STARLINK-31827 - MarsSat2,23057.254,38264.747,15207.493,
Contact STARLINK-31827 - MarsSat2,39913.097,49488.354,9575.257,
Contact STARLINK-31827 - MarsSat2,51149.855,60711.844,9561.989,
Contact STARLINK-31827 - MarsSat2,62386.242,71935.219,9548.977,
Contact STARLINK-31827 - MarsSat2,73622.261,77546.864,3924.603,
Contact STARLINK-31827 - MarsSat2,79240.136,86400.000,7159.864,
Contact STARLINK-31827 - MarsSat3,581.522,10205.411,9623.889,
Contact STARLINK-31827 - MarsSat3,11819.539,21429.242,9609.703,
Contact STARLINK-31827 - MarsSat3,23057.233,38264.806,15207.574,
Contact STARLINK-31827 - MarsSat3,39913.145,49488.421,9575.276,
Contact STARLINK-31827 - MarsSat3,51149.922,60711.928,9562.005,
Contact STARLINK-31827 - MarsSat3,62386.298,71935.311,9549.014,
Contact STARLINK-31827 - MarsSat3,73622.281,77546.954,3924.673,
Contact STARLINK-31827 - MarsSat3,79240.129,86400.000,7159.871,
Contact STARLINK-31827 - MarsSat4,581.566,9031.056,8449.490,
Contact STARLINK-31827 - MarsSat4,11819.584,21429.250,9609.666,
Contact STARLINK-31827 - MarsSat4,23057.269,38264.876,15207.607,
Contact STARLINK-31827 - MarsSat4,43179.584,49488.475,6308.891,
Contact STARLINK-31827 - MarsSat4,51149.802,60711.877,9562.075,
Contact STARLINK-31827 - MarsSat4,62386.224,71935.247,9549.023,
Contact STARLINK-31827 - MarsSat4,75534.662,77546.899,2012.238,
Contact STARLINK-31827 - MarsSat4,79240.045,86400.000,7159.955,
Contact STARLINK-30767 - STARLINK-31800,82376.214,83263.717,887.503,
Contact STARLINK-30767 - STARLINK-4254,10511.102,11357.795,846.693,
Contact STARLINK-30767 - STARLINK-4254,24794.567,25667.939,873.372,
Contact STARLINK-30767 - STARLINK-4254,39088.899,39967.197,878.298,
Contact STARLINK-30767 - STARLINK-4254,53373.197,54276.496,903.299,
Contact STARLINK-30767 - STARLINK-4254,67668.017,68575.226,907.209,
Contact STARLINK-30767 - STARLINK-4254,79100.013,82883.748,3783.735,
Contact STARLINK-30767 - STARLINK-3533,0.000,86400.000,86400.000,
Contact STARLINK-30767 - STARLINK-2228,75014.051,86400.000,11385.949,
Contact STARLINK-30767 - STARLINK-6372,21506.584,22010.808,504.225,
Contact STARLINK-30767 - STARLINK-6372,35782.942,36375.988,593.046,
Contact STARLINK-30767 - STARLINK-6372,50077.312,50723.114,645.802,
Contact STARLINK-30767 - STARLINK-6372,64362.936,65078.991,716.055,
Contact STARLINK-30767 - STARLINK-6372,78662.549,79420.849,758.300,
Contact STARLINK-30767 - STARLINK-3346,71867.511,72025.448,157.936,
Contact STARLINK-30767 - STARLINK-30320,64596.286,65485.270,888.984,
Contact STARLINK-30767 - STARLINK-30320,78604.368,79755.779,1151.411,
Contact STARLINK-30767 - STARLINK-31919,14801.557,64591.491,49789.934,
Contact STARLINK-30767 - STARLINK-31919,71747.885,72396.062,648.178,
Contact STARLINK-30767 - STARLINK-31639,24956.476,25675.424,718.948,
Contact STARLINK-30767 - STARLINK-31639,39061.190,39963.098,901.909,
Contact STARLINK-30767 - STARLINK-31639,50370.732,54218.908,3848.176,
Contact STARLINK-30767 - STARLINK-31639,64534.864,68432.946,3898.082,
Contact STARLINK-30767 - STARLINK-31639,78738.181,79783.907,1045.726,
Contact STARLINK-30767 - STARLINK-31600,3350.308,3954.838,604.529,
Contact STARLINK-30767 - STARLINK-31600,17298.952,18323.204,1024.251,
Contact STARLINK-30767 - STARLINK-31600,28544.978,35410.940,6865.962,
Contact STARLINK-30767 - STARLINK-31600,42684.397,43903.180,1218.784,
Contact STARLINK-30767 - STARLINK-31600,56897.766,58003.590,1105.824,
Contact STARLINK-30767 - STARLINK-31600,68339.715,69214.551,874.836,
Contact STARLINK-30767 - STARLINK-30613,0.000,86400.000,86400.000,
Contact STARLINK-30767 - STARLINK-31764,68083.825,68995.333,911.508,
Contact STARLINK-30767 - STARLINK-31764,82167.652,83202.459,1034.807,
Contact STARLINK-30767 - STARLINK-5618,6975.317,7871.310,895.993,
Contact STARLINK-30767 - STARLINK-5618,21259.083,22174.197,915.114,
Contact STARLINK-30767 - STARLINK-5618,35522.603,36500.248,977.645,
Contact STARLINK-30767 - STARLINK-5618,49809.074,50800.270,991.196,
Contact STARLINK-30767 - STARLINK-5618,64076.807,65121.968,1045.161,
Contact STARLINK-30767 - STARLINK-5618,75500.173,79419.487,3919.314,
Contact STARLINK-30767 - STARLINK-31539,77317.185,86400.000,9082.815,
Contact STARLINK-30767 - STARLINK-31722,0.000,6743.452,6743.452,
Contact STARLINK-30767 - STARLINK-4290,6852.881,7826.554,973.673,
Contact STARLINK-30767 - STARLINK-4290,21167.400,22059.341,891.941,
Contact STARLINK-30767 - STARLINK-4290,35473.295,36301.369,828.074,
Contact STARLINK-30767 - STARLINK-4290,49800.159,50521.812,721.653,
Contact STARLINK-30767 - STARLINK-4290,75589.612,76118.364,528.752,
Contact STARLINK-30767 - STARLINK-5151,49453.940,86400.000,36946.060,
Contact STARLINK-30767 - STARLINK-6142,10216.584,11118.762,902.178,
Contact STARLINK-30767 - STARLINK-6142,24519.511,25446.935,927.424,
Contact STARLINK-30767 - STARLINK-6142,35964.341,39769.341,3805.000,
Contact STARLINK-30767 - STARLINK-6142,50273.361,54096.449,3823.088,
Contact STARLINK-30767 - STARLINK-6142,64577.707,68417.986,3840.279,
Contact STARLINK-30767 - STARLINK-6142,78887.556,79876.926,989.370,
Contact STARLINK-30767 - STARLINK-5049,0.000,396.906,396.906,
Contact STARLINK-30767 - STARLINK-5049,14243.256,14785.014,541.758,
Contact STARLINK-30767 - STARLINK-5049,28487.704,29187.957,700.253,
Contact STARLINK-30767 - STARLINK-5049,42770.770,43552.246,781.477,
Contact STARLINK-30767 - STARLINK-5049,57036.387,57934.009,897.622,
Contact STARLINK-30767 - STARLINK-5049,71328.894,72288.782,959.887,
Contact STARLINK-30767 - STARLINK-5049,82757.180,86400.000,3642.820,
Contact STARLINK-30767 - MoonARTEMIS1,2069.347,5725.472,3656.125,
Contact STARLINK-30767 - MoonARTEMIS1,7815.788,17233.954,9418.166,
Contact STARLINK-30767 - MoonARTEMIS1,19315.693,28757.087,9441.394,
Contact STARLINK-30767 - MoonARTEMIS1,36548.929,45959.237,9410.309,
Contact STARLINK-30767 - MoonARTEMIS1,48013.159,57438.817,9425.658,
Contact STARLINK-30767 - MoonARTEMIS1,59488.430,63181.925,3693.495,
Contact STARLINK-30767 - MoonARTEMIS1,65229.002,74673.735,9444.733,
Contact STARLINK-30767 - MoonARTEMIS1,76715.369,86172.516,9457.146,
Contact STARLINK-30767 - MoonARTEMIS2,0.000,5825.522,5825.522,
Contact STARLINK-30767 - MoonARTEMIS2,7903.034,17310.600,9407.566,
Contact STARLINK-30767 - MoonARTEMIS2,19379.893,28789.976,9410.084,
Contact STARLINK-30767 - MoonARTEMIS2,30850.794,34526.260,3675.466,
Contact STARLINK-30767 - MoonARTEMIS2,36582.460,45987.259,9404.799,
Contact STARLINK-30767 - MoonARTEMIS2,53802.591,57508.138,3705.548,
Contact STARLINK-30767 - MoonARTEMIS2,59558.057,63265.654,3707.597,
Contact STARLINK-30767 - MoonARTEMIS2,65311.427,74775.230,9463.803,
Contact STARLINK-30767 - MoonARTEMIS2,76814.053,86279.648,9465.595,
Contact STARLINK-30767 - MoonIOAGEO,0.000,5751.720,5751.720,
Contact STARLINK-30767 - MoonIOAGEO,7837.650,11506.115,3668.465,
Contact STARLINK-30767 - MoonIOAGEO,19342.393,28770.508,9428.114,
Contact STARLINK-30767 - MoonIOAGEO,30831.291,34506.758,3675.468,
Contact STARLINK-30767 - MoonIOAGEO,36563.118,45975.992,9412.874,
Contact STARLINK-30767 - MoonIOAGEO,48031.855,57109.360,9077.505,
Contact STARLINK-30767 - MoonIOAGEO,65291.909,74747.600,9455.691,
Contact STARLINK-30767 - MoonIOAGEO,76778.878,86215.134,9436.256,
Contact STARLINK-30767 - MoonIOAGNO,0.000,5759.584,5759.584,
Contact STARLINK-30767 - MoonIOAGNO,7847.715,17271.360,9423.645,
Contact STARLINK-30767 - MoonIOAGNO,19350.342,28749.239,9398.897,
Contact STARLINK-30767 - MoonIOAGNO,30823.669,34488.539,3664.870,
Contact STARLINK-30767 - MoonIOAGNO,36558.601,45978.154,9419.553,
Contact STARLINK-30767 - MoonIOAGNO,48036.077,57501.427,9465.350,
Contact STARLINK-30767 - MoonIOAGNO,59553.109,63243.309,3690.200,
Contact STARLINK-30767 - MoonIOAGNO,65294.672,74722.748,9428.076,
Contact STARLINK-30767 - MoonIOAGNO,76769.394,86209.942,9440.547,
Contact STARLINK-30767 - MoonIOAGNO 0001,0.000,5767.349,5767.349,
Contact STARLINK-30767 - MoonIOAGNO 0001,7856.894,17245.702,9388.808,
Contact STARLINK-30767 - MoonIOAGNO 0001,19325.849,28749.807,9423.958,
Contact STARLINK-30767 - MoonIOAGNO 0001,30823.038,34512.970,3689.933,
Contact STARLINK-30767 - MoonIOAGNO 0001,36578.466,45995.457,9416.991,
Contact STARLINK-30767 - MoonIOAGNO 0001,48058.405,57475.032,9416.627,
Contact STARLINK-30767 - MoonIOAGNO 0001,59530.239,63218.656,3688.418,
Contact STARLINK-30767 - MoonIOAGNO 0001,65267.648,74741.521,9473.873,
Contact STARLINK-30767 - MoonIOAGNO 0001,76782.541,86232.461,9449.920,
Contact STARLINK-30767 - MoonIOAGSO,0.000,5766.864,5766.864,
Contact STARLINK-30767 - MoonIOAGSO,13590.969,17268.443,3677.474,
Contact STARLINK-30767 - MoonIOAGSO,19332.754,28766.532,9433.778,
Contact STARLINK-30767 - MoonIOAGSO,30819.127,34512.733,3693.606,
Contact STARLINK-30767 - MoonIOAGSO,36563.072,45997.230,9434.158,
Contact STARLINK-30767 - MoonIOAGSO,48049.519,51737.660,3688.141,
Contact STARLINK-30767 - MoonIOAGSO,59534.211,63249.150,3714.940,
Contact STARLINK-30767 - MoonIOAGSO,65280.052,74750.634,9470.582,
Contact STARLINK-30767 - MoonIOAGSO,76772.998,86239.015,9466.017,
Contact STARLINK-30767 - MoonIOAGSO 0001,0.000,5779.349,5779.349,
Contact STARLINK-30767 - MoonIOAGSO 0001,7849.148,17268.684,9419.536,
Contact STARLINK-30767 - MoonIOAGSO 0001,19334.770,28750.260,9415.490,
Contact STARLINK-30767 - MoonIOAGSO 0001,36560.205,46008.322,9448.117,
Contact STARLINK-30767 - MoonIOAGSO 0001,48048.651,57503.756,9455.105,
Contact STARLINK-30767 - MoonIOAGSO 0001,59538.869,63247.067,3708.198,
Contact STARLINK-30767 - MoonIOAGSO 0001,65283.226,73918.585,8635.359,
Contact STARLINK-30767 - MoonIOAGSO 0001,76766.258,86243.574,9477.316,
Contact STARLINK-30767 - MoonLRO,2110.779,3972.653,1861.874,
Contact STARLINK-30767 - MoonLRO,7849.208,17261.105,9411.897,
Contact STARLINK-30767 - MoonLRO,20491.003,23008.776,2517.773,
Contact STARLINK-30767 - MoonLRO,42304.868,44973.935,2669.067,
Contact STARLINK-30767 - MoonLRO,48045.197,51740.479,3695.282,
Contact STARLINK-30767 - MoonLRO,68289.703,72318.887,4029.184,
Contact STARLINK-30767 - MoonLRO,82511.869,85974.864,3462.995,
Contact STARLINK-30767 - MarsSat1,0.000,7117.122,7117.122,
Contact STARLINK-30767 - MarsSat1,9126.289,12843.224,3716.935,
Contact STARLINK-30767 - MarsSat1,14854.709,24295.404,9440.695,
Contact STARLINK-30767 - MarsSat1,26311.436,35747.523,9436.087,
Contact STARLINK-30767 - MarsSat1,37767.988,41473.553,3705.565,
Contact STARLINK-30767 - MarsSat1,43496.194,52925.551,9429.357,
Contact STARLINK-30767 - MarsSat1,54952.471,64377.485,9425.014,
Contact STARLINK-30767 - MarsSat1,66408.595,70103.439,3694.844,
Contact STARLINK-30767 - MarsSat1,72136.613,81555.346,9418.733,
Contact STARLINK-30767 - MarsSat1,83592.579,86400.000,2807.421,
Contact STARLINK-30767 - MarsSat2,0.000,7117.136,7117.136,
Contact STARLINK-30767 - MarsSat2,9126.286,12843.189,3716.903,
Contact STARLINK-30767 - MarsSat2,14854.668,24295.293,9440.626,
Contact STARLINK-30767 - MarsSat2,26311.341,35747.381,9436.041,
Contact STARLINK-30767 - MarsSat2,37767.881,41473.415,3705.534,
Contact STARLINK-30767 - MarsSat2,43496.101,52925.460,9429.359,
Contact STARLINK-30767 - MarsSat2,54952.437,64377.472,9425.035,
Contact STARLINK-30767 - MarsSat2,66408.638,70103.467,3694.829,
Contact STARLINK-30767 - MarsSat2,72136.688,81555.431,9418.743,
Contact STARLINK-30767 - MarsSat2,83592.690,86400.000,2807.310,
Contact STARLINK-30767 - MarsSat3,0.000,7117.209,7117.209,
Contact STARLINK-30767 - MarsSat3,9126.319,12843.264,3716.945,
Contact STARLINK-30767 - MarsSat3,14854.692,24295.341,9440.649,
Contact STARLINK-30767 - MarsSat3,26311.357,35747.418,9436.061,
Contact STARLINK-30767 - MarsSat3,37767.914,41473.455,3705.541,
Contact STARLINK-30767 - MarsSat3,43496.142,52925.509,9429.367,
Contact STARLINK-30767 - MarsSat3,54952.485,64377.526,9425.041,
Contact STARLINK-30767 - MarsSat3,66408.679,70103.519,3694.839,
Contact STARLINK-30767 - MarsSat3,72136.720,81555.468,9418.748,
Contact STARLINK-30767 - MarsSat3,83592.691,86400.000,2807.309,
Contact STARLINK-30767 - MarsSat4,0.000,7117.178,7117.178,
Contact STARLINK-30767 - MarsSat4,14854.702,24295.356,9440.654,
Contact STARLINK-30767 - MarsSat4,26311.380,35747.449,9436.069,
Contact STARLINK-30767 - MarsSat4,37767.929,41360.096,3592.167,
Contact STARLINK-30767 - MarsSat4,43496.129,52925.493,9429.363,
Contact STARLINK-30767 - MarsSat4,54952.431,64377.480,9425.049,
Contact STARLINK-30767 - MarsSat4,66408.637,70103.474,3694.838,
Contact STARLINK-30767 - MarsSat4,75534.528,81555.412,6020.884,
Contact STARLINK-30767 - MarsSat4,83592.637,86400.000,2807.363,
Contact STARLINK-31800 - STARLINK-4254,69378.550,86400.000,17021.450,
Contact STARLINK-31800 - STARLINK-3533,57247.955,57990.473,742.518,
Contact STARLINK-31800 - STARLINK-3533,71304.239,72199.516,895.277,
Contact STARLINK-31800 - STARLINK-3533,82584.886,83530.528,945.642,
Contact STARLINK-31800 - STARLINK-31987,10345.280,11046.259,700.979,
Contact STARLINK-31800 - STARLINK-31987,21595.311,22243.999,648.688,
Contact STARLINK-31800 - STARLINK-31987,35667.971,36231.199,563.228,
Contact STARLINK-31800 - STARLINK-31987,61015.329,61391.284,375.955,
Contact STARLINK-31800 - STARLINK-6311,10414.851,11166.071,751.220,
Contact STARLINK-31800 - STARLINK-6311,18559.989,28748.220,10188.230,
Contact STARLINK-31800 - STARLINK-6311,29563.301,43050.871,13487.571,
Contact STARLINK-31800 - STARLINK-6311,43558.854,56933.122,13374.268,
Contact STARLINK-31800 - STARLINK-6311,58019.206,65145.033,7125.826,
Contact STARLINK-31800 - STARLINK-2228,0.000,164.321,164.321,
Contact STARLINK-31800 - STARLINK-2228,10302.147,11313.371,1011.225,
Contact STARLINK-31800 - STARLINK-2228,21451.354,25234.667,3783.314,
Contact STARLINK-31800 - STARLINK-2228,35403.514,36366.826,963.313,
Contact STARLINK-31800 - STARLINK-2228,46570.022,47491.102,921.080,
Contact STARLINK-31800 - STARLINK-2228,60534.346,61389.829,855.483,
Contact STARLINK-31800 - STARLINK-2228,71720.870,72494.072,773.202,
Contact STARLINK-31800 - STARLINK-1736,0.000,46563.991,46563.991,
Contact STARLINK-31800 - STARLINK-1736,47013.941,57547.838,10533.897,
Contact STARLINK-31800 - STARLINK-1736,61291.250,71319.232,10027.982,
Contact STARLINK-31800 - STARLINK-1736,72704.276,79603.735,6899.459,
Contact STARLINK-31800 - STARLINK-3346,0.000,71194.821,71194.821,
Contact STARLINK-31800 - STARLINK-5978,0.000,195.948,195.948,
Contact STARLINK-31800 - STARLINK-5978,10779.177,11473.164,693.987,
Contact STARLINK-31800 - STARLINK-30613,42845.596,43431.701,586.105,
Contact STARLINK-31800 - STARLINK-30613,56834.197,57767.967,933.771,
Contact STARLINK-31800 - STARLINK-30613,68107.798,69152.657,1044.859,
Contact STARLINK-31800 - STARLINK-30613,82283.660,83299.314,1015.654,
Contact STARLINK-31800 - STARLINK-31764,0.000,86400.000,86400.000,
Contact STARLINK-31800 - STARLINK-4402,75558.305,75922.740,364.434,
Contact STARLINK-31800 - STARLINK-5618,86364.740,86400.000,35.260,
Contact STARLINK-31800 - STARLINK-6255,35798.314,36338.893,540.579,
Contact STARLINK-31800 - STARLINK-6255,43621.503,82396.123,38774.620,
Contact STARLINK-31800 - STARLINK-6255,83188.454,86400.000,3211.546,
Contact STARLINK-31800 - STARLINK-3898,35652.320,42588.557,6936.237,
Contact STARLINK-31800 - STARLINK-3898,43920.245,56936.741,13016.496,
Contact STARLINK-31800 - STARLINK-3898,57864.659,68261.577,10396.919,
Contact STARLINK-31800 - STARLINK-3898,69152.898,82218.839,13065.942,
Contact STARLINK-31800 - STARLINK-3898,83445.959,86400.000,2954.041,
Contact STARLINK-31800 - STARLINK-30842,0.000,10211.321,10211.321,
Contact STARLINK-31800 - STARLINK-30842,11217.353,18221.948,7004.596,
Contact STARLINK-31800 - STARLINK-31539,7119.112,10902.545,3783.433,
Contact STARLINK-31800 - STARLINK-31539,21099.645,22090.034,990.389,
Contact STARLINK-31800 - STARLINK-31539,32286.363,36071.706,3785.343,
Contact STARLINK-31800 - STARLINK-31539,46272.637,47259.093,986.456,
Contact STARLINK-31800 - STARLINK-31539,57459.442,61245.925,3786.483,
Contact STARLINK-31800 - STARLINK-31539,71440.167,72433.230,993.063,
Contact STARLINK-31800 - STARLINK-31539,82627.052,86400.000,3772.948,
Contact STARLINK-31800 - STARLINK-30367,35290.626,42579.448,7288.822,
Contact STARLINK-31800 - STARLINK-30367,43625.659,53969.670,10344.011,
Contact STARLINK-31800 - STARLINK-30367,57790.334,67923.775,10133.442,
Contact STARLINK-31800 - STARLINK-30367,75209.352,76146.016,936.664,
Contact STARLINK-31800 - STARLINK-5151,17736.203,18454.669,718.466,
Contact STARLINK-31800 - STARLINK-5151,31757.888,32559.526,801.638,
Contact STARLINK-31800 - STARLINK-5151,42983.490,43835.035,851.545,
Contact STARLINK-31800 - STARLINK-5151,57025.192,57919.514,894.321,
Contact STARLINK-31800 - STARLINK-5151,68268.066,69177.586,909.520,
Contact STARLINK-31800 - STARLINK-5151,82332.997,83238.941,905.944,
Contact STARLINK-31800 - STARLINK-1700,0.000,15183.932,15183.932,
Contact STARLINK-31800 - STARLINK-5049,78515.614,79612.433,1096.819,
Contact STARLINK-31800 - MoonARTEMIS1,0.000,2502.437,2502.437,
Contact STARLINK-31800 - MoonARTEMIS1,4071.039,13756.163,9685.124,
Contact STARLINK-31800 - MoonARTEMIS1,15383.479,25011.348,9627.869,
Contact STARLINK-31800 - MoonARTEMIS1,26708.300,30635.834,3927.534,
Contact STARLINK-31800 - MoonARTEMIS1,33985.459,41833.626,7848.167,
Contact STARLINK-31800 - MoonARTEMIS1,43568.913,53043.606,9474.694,
Contact STARLINK-31800 - MoonARTEMIS1,54810.807,64258.956,9448.149,
Contact STARLINK-31800 - MoonARTEMIS1,66062.065,75477.259,9415.194,
Contact STARLINK-31800 - MoonARTEMIS1,77318.519,81087.179,3768.660,
Contact STARLINK-31800 - MoonARTEMIS1,82947.995,86400.000,3452.005,
Contact STARLINK-31800 - MoonARTEMIS2,0.000,2626.750,2626.750,
Contact STARLINK-31800 - MoonARTEMIS2,4257.859,13847.811,9589.951,
Contact STARLINK-31800 - MoonARTEMIS2,15524.410,25060.743,9536.333,
Contact STARLINK-31800 - MoonARTEMIS2,26777.026,41860.153,15083.127,
Contact STARLINK-31800 - MoonARTEMIS2,43616.329,47364.464,3748.135,
Contact STARLINK-31800 - MoonARTEMIS2,54898.151,64324.628,9426.477,
Contact STARLINK-31800 - MoonARTEMIS2,66181.647,75550.995,9369.348,
Contact STARLINK-31800 - MoonARTEMIS2,77448.572,81161.640,3713.068,
Contact STARLINK-31800 - MoonARTEMIS2,83077.472,86400.000,3322.528,
Contact STARLINK-31800 - MoonIOAGEO,0.000,2537.681,2537.681,
Contact STARLINK-31800 - MoonIOAGEO,4121.955,12988.169,8866.213,
Contact STARLINK-31800 - MoonIOAGEO,17179.972,25030.988,7851.017,
Contact STARLINK-31800 - MoonIOAGEO,26742.217,41846.678,15104.460,
Contact STARLINK-31800 - MoonIOAGEO,43593.725,53069.236,9475.511,
Contact STARLINK-31800 - MoonIOAGEO,66156.695,75520.531,9363.836,
Contact STARLINK-31800 - MoonIOAGEO,77402.881,81121.572,3718.691,
Contact STARLINK-31800 - MoonIOAGEO,83010.807,86400.000,3389.193,
Contact STARLINK-31800 - MoonIOAGNO,0.000,2543.347,2543.347,
Contact STARLINK-31800 - MoonIOAGNO,4131.649,13814.371,9682.721,
Contact STARLINK-31800 - MoonIOAGNO,15454.368,25052.884,9598.516,
Contact STARLINK-31800 - MoonIOAGNO,26707.222,41857.776,15150.554,
Contact STARLINK-31800 - MoonIOAGNO,43590.856,53081.182,9490.326,
Contact STARLINK-31800 - MoonIOAGNO,54897.322,64327.553,9430.230,
Contact STARLINK-31800 - MoonIOAGNO,66151.362,75536.782,9385.420,
Contact STARLINK-31800 - MoonIOAGNO,77387.245,81134.791,3747.546,
Contact STARLINK-31800 - MoonIOAGNO,83004.261,86400.000,3395.739,
Contact STARLINK-31800 - MoonIOAGNO 0001,0.000,2593.497,2593.497,
Contact STARLINK-31800 - MoonIOAGNO 0001,4143.091,13806.970,9663.879,
Contact STARLINK-31800 - MoonIOAGNO 0001,15405.364,25006.572,9601.208,
Contact STARLINK-31800 - MoonIOAGNO 0001,26693.349,41888.680,15195.331,
Contact STARLINK-31800 - MoonIOAGNO 0001,43627.221,53102.258,9475.036,
Contact STARLINK-31800 - MoonIOAGNO 0001,54870.569,64297.788,9427.220,
Contact STARLINK-31800 - MoonIOAGNO 0001,66117.123,75522.194,9405.071,
Contact STARLINK-31800 - MoonIOAGNO 0001,77409.683,81147.034,3737.351,
Contact STARLINK-31800 - MoonIOAGNO 0001,83037.093,86400.000,3362.907,
Contact STARLINK-31800 - MoonIOAGSO,0.000,2551.884,2551.884,
Contact STARLINK-31800 - MoonIOAGSO,4155.494,8178.270,4022.776,
Contact STARLINK-31800 - MoonIOAGSO,15451.244,24994.088,9542.845,
Contact STARLINK-31800 - MoonIOAGSO,26734.840,41845.587,15110.746,
Contact STARLINK-31800 - MoonIOAGSO,43624.827,52207.517,8582.690,
Contact STARLINK-31800 - MoonIOAGSO,55055.633,64276.937,9221.303,
Contact STARLINK-31800 - MoonIOAGSO,66145.487,75495.700,9350.212,
Contact STARLINK-31800 - MoonIOAGSO,77400.272,81109.339,3709.066,
Contact STARLINK-31800 - MoonIOAGSO,83024.449,86400.000,3375.551,
Contact STARLINK-31800 - MoonIOAGSO 0001,0.000,2531.371,2531.371,
Contact STARLINK-31800 - MoonIOAGSO 0001,4188.508,13768.215,9579.707,
Contact STARLINK-31800 - MoonIOAGSO 0001,15458.806,25017.205,9558.399,
Contact STARLINK-31800 - MoonIOAGSO 0001,26710.632,30537.947,3827.315,
Contact STARLINK-31800 - MoonIOAGSO 0001,33333.261,41835.078,8501.817,
Contact STARLINK-31800 - MoonIOAGSO 0001,43630.117,53056.365,9426.248,
Contact STARLINK-31800 - MoonIOAGSO 0001,54893.112,64289.431,9396.319,
Contact STARLINK-31800 - MoonIOAGSO 0001,66144.047,73899.636,7755.588,
Contact STARLINK-31800 - MoonIOAGSO 0001,77389.266,81108.484,3719.217,
Contact STARLINK-31800 - MoonIOAGSO 0001,83017.769,86400.000,3382.231,
Contact STARLINK-31800 - MoonLRO,0.000,2560.451,2560.451,
Contact STARLINK-31800 - MoonLRO,6829.727,8168.512,1338.786,
Contact STARLINK-31800 - MoonLRO,21076.357,24470.515,3394.157,
Contact STARLINK-31800 - MoonLRO,27301.405,30638.471,3337.066,
Contact STARLINK-31800 - MoonLRO,34125.207,36245.549,2120.343,
Contact STARLINK-31800 - MoonLRO,49250.762,51792.183,2541.421,
Contact STARLINK-31800 - MoonLRO,54877.335,58653.175,3775.840,
Contact STARLINK-31800 - MoonLRO,68269.384,72292.182,4022.798,
Contact STARLINK-31800 - MarsSat1,0.000,3154.588,3154.588,
Contact STARLINK-31800 - MarsSat1,5304.677,8754.447,3449.770,
Contact STARLINK-31800 - MarsSat1,16504.570,19954.158,3449.587,
Contact STARLINK-31800 - MarsSat1,22104.489,31153.855,9049.366,
Contact STARLINK-31800 - MarsSat1,33304.266,42353.542,9049.275,
Contact STARLINK-31800 - MarsSat1,44503.971,53553.231,9049.259,
Contact STARLINK-31800 - MarsSat1,55703.616,59153.080,3449.464,
Contact STARLINK-31800 - MarsSat1,66903.214,70352.795,3449.582,
Contact STARLINK-31800 - MarsSat1,72502.997,81552.536,9049.539,
Contact STARLINK-31800 - MarsSat1,83702.532,86400.000,2697.468,
Contact STARLINK-31800 - MarsSat2,0.000,3154.576,3154.576,
Contact STARLINK-31800 - MarsSat2,5304.670,8754.447,3449.777,
Contact STARLINK-31800 - MarsSat2,16504.584,19954.178,3449.594,
Contact STARLINK-31800 - MarsSat2,22104.511,31153.893,9049.382,
Contact STARLINK-31800 - MarsSat2,33304.308,42353.601,9049.293,
Contact STARLINK-31800 - MarsSat2,44504.034,53553.306,9049.273,
Contact STARLINK-31800 - MarsSat2,55703.694,59153.160,3449.466,
Contact STARLINK-31800 - MarsSat2,66903.292,70352.870,3449.579,
Contact STARLINK-31800 - MarsSat2,72503.068,81552.588,9049.520,
Contact STARLINK-31800 - MarsSat2,83702.577,86400.000,2697.423,
Contact STARLINK-31800 - MarsSat3,0.000,3154.539,3154.539,
Contact STARLINK-31800 - MarsSat3,5304.623,8754.383,3449.759,
Contact STARLINK-31800 - MarsSat3,16504.510,19954.110,3449.600,
Contact STARLINK-31800 - MarsSat3,22104.451,31153.869,9049.418,
Contact STARLINK-31800 - MarsSat3,33304.291,42353.603,9049.311,
Contact STARLINK-31800 - MarsSat3,44504.037,53553.308,9049.271,
Contact STARLINK-31800 - MarsSat3,55703.693,59153.155,3449.462,
Contact STARLINK-31800 - MarsSat3,66903.272,70352.843,3449.572,
Contact STARLINK-31800 - MarsSat3,72503.035,81552.535,9049.500,
Contact STARLINK-31800 - MarsSat3,83702.518,86400.000,2697.482,
Contact STARLINK-31800 - MarsSat4,0.000,3154.620,3154.620,
Contact STARLINK-31800 - MarsSat4,5304.700,8754.443,3449.742,
Contact STARLINK-31800 - MarsSat4,16504.525,19954.124,3449.598,
Contact STARLINK-31800 - MarsSat4,22104.465,31153.869,9049.404,
Contact STARLINK-31800 - MarsSat4,33304.284,41360.076,8055.792,
Contact STARLINK-31800 - MarsSat4,44503.953,53553.242,9049.289,
Contact STARLINK-31800 - MarsSat4,55703.641,59153.125,3449.484,
Contact STARLINK-31800 - MarsSat4,66903.276,70352.849,3449.572,
Contact STARLINK-31800 - MarsSat4,75534.668,81552.529,6017.860,
Contact STARLINK-31800 - MarsSat4,83702.529,86400.000,2697.471,
Contact STARLINK-4254 - STARLINK-3533,0.000,346.163,346.163,
Contact STARLINK-4254 - STARLINK-3533,10760.399,14635.478,3875.079,
Contact STARLINK-4254 - STARLINK-3533,25042.020,28915.930,3873.911,
Contact STARLINK-4254 - STARLINK-3533,39332.803,43205.186,3872.384,
Contact STARLINK-4254 - STARLINK-3533,53614.465,54633.032,1018.567,
Contact STARLINK-4254 - STARLINK-3533,67905.316,68913.374,1008.058,
Contact STARLINK-4254 - STARLINK-3533,82187.018,83202.549,1015.531,
Contact STARLINK-4254 - STARLINK-2228,43048.658,43837.747,789.090,
Contact STARLINK-4254 - STARLINK-2228,56897.056,58136.210,1239.154,
Contact STARLINK-4254 - STARLINK-2228,65302.955,72214.651,6911.696,
Contact STARLINK-4254 - STARLINK-2228,82377.977,83309.660,931.683,
Contact STARLINK-4254 - STARLINK-4772,7099.304,7510.905,411.602,
Contact STARLINK-4254 - STARLINK-4772,21398.116,21713.133,315.017,
Contact STARLINK-4254 - STARLINK-30320,26057.884,86400.000,60342.116,
Contact STARLINK-4254 - STARLINK-31919,0.000,0.898,0.898,
Contact STARLINK-4254 - STARLINK-31919,10646.559,11407.532,760.973,
Contact STARLINK-4254 - STARLINK-31919,24715.244,25612.048,896.804,
Contact STARLINK-4254 - STARLINK-31919,38833.441,39767.038,933.597,
Contact STARLINK-4254 - STARLINK-31919,50159.480,51059.325,899.845,
Contact STARLINK-4254 - STARLINK-31919,64359.117,65132.761,773.645,
Contact STARLINK-4254 - STARLINK-31639,0.000,84515.091,84515.091,
Contact STARLINK-4254 - STARLINK-31600,21536.147,22190.285,654.137,
Contact STARLINK-4254 - STARLINK-31600,35527.291,36502.846,975.555,
Contact STARLINK-4254 - STARLINK-31600,43954.982,50740.683,6785.702,
Contact STARLINK-4254 - STARLINK-31600,60896.092,67728.306,6832.215,
Contact STARLINK-4254 - STARLINK-31600,75093.248,76180.492,1087.244,
Contact STARLINK-4254 - STARLINK-30613,10342.307,11347.536,1005.229,
Contact STARLINK-4254 - STARLINK-30613,24655.213,25668.956,1013.743,
Contact STARLINK-4254 - STARLINK-30613,38973.469,39984.895,1011.426,
Contact STARLINK-4254 - STARLINK-30613,53289.933,54302.767,1012.834,
Contact STARLINK-4254 - STARLINK-30613,64745.839,68615.000,3869.161,
Contact STARLINK-4254 - STARLINK-30613,79069.248,82929.351,3860.102,
Contact STARLINK-4254 - STARLINK-31764,49918.884,50480.618,561.734,
Contact STARLINK-4254 - STARLINK-31764,57616.518,86400.000,28783.482,
Contact STARLINK-4254 - STARLINK-4402,3521.381,4127.924,606.542,
Contact STARLINK-4254 - STARLINK-4402,17849.410,18447.284,597.874,
Contact STARLINK-4254 - STARLINK-4402,32168.061,32775.746,607.685,
Contact STARLINK-4254 - STARLINK-4402,46496.138,47095.013,598.875,
Contact STARLINK-4254 - STARLINK-4402,60815.256,61423.013,607.757,
Contact STARLINK-4254 - STARLINK-4402,75143.340,75742.231,598.891,
Contact STARLINK-4254 - STARLINK-31502,6759.537,7254.217,494.680,
Contact STARLINK-4254 - STARLINK-5618,0.000,4346.420,4346.420,
Contact STARLINK-4254 - STARLINK-5618,11213.077,21472.991,10259.914,
Contact STARLINK-4254 - STARLINK-5618,25485.539,35735.205,10249.666,
Contact STARLINK-4254 - STARLINK-5618,39818.228,50014.805,10196.577,
Contact STARLINK-4254 - STARLINK-5618,56982.959,64274.319,7291.360,
Contact STARLINK-4254 - STARLINK-5618,71256.817,78553.341,7296.524,
Contact STARLINK-4254 - STARLINK-5618,79871.308,86400.000,6528.692,
Contact STARLINK-4254 - STARLINK-6255,0.000,64442.337,64442.337,
Contact STARLINK-4254 - STARLINK-6255,65088.076,72695.840,7607.764,
Contact STARLINK-4254 - STARLINK-3898,17939.941,18214.195,274.253,
Contact STARLINK-4254 - STARLINK-3898,31890.328,32812.954,922.626,
Contact STARLINK-4254 - STARLINK-3898,40424.961,47190.055,6765.094,
Contact STARLINK-4254 - STARLINK-3898,54510.463,61644.297,7133.834,
Contact STARLINK-4254 - STARLINK-3898,68704.681,78932.399,10227.719,
Contact STARLINK-4254 - STARLINK-3898,82807.918,86400.000,3592.082,
Contact STARLINK-4254 - STARLINK-31539,42974.138,43346.253,372.115,
Contact STARLINK-4254 - STARLINK-31539,56881.908,57702.025,820.117,
Contact STARLINK-4254 - STARLINK-31539,68098.874,69094.316,995.443,
Contact STARLINK-4254 - STARLINK-31539,82185.347,83268.024,1082.676,
Contact STARLINK-4254 - STARLINK-30367,0.000,3998.033,3998.033,
Contact STARLINK-4254 - STARLINK-5151,0.000,320.948,320.948,
Contact STARLINK-4254 - STARLINK-5151,13860.143,14588.635,728.492,
Contact STARLINK-4254 - STARLINK-5151,28039.108,28836.834,797.726,
Contact STARLINK-4254 - STARLINK-5151,39387.034,40230.645,843.611,
Contact STARLINK-4254 - STARLINK-5151,53578.021,54466.699,888.678,
Contact STARLINK-4254 - STARLINK-5151,67783.512,68688.249,904.737,
Contact STARLINK-4254 - STARLINK-5151,79152.432,82905.269,3752.838,
Contact STARLINK-4254 - STARLINK-6142,71787.480,78871.835,7084.355,
Contact STARLINK-4254 - STARLINK-6142,82882.398,86400.000,3517.602,
Contact STARLINK-4254 - STARLINK-5049,6669.474,7595.322,925.848,
Contact STARLINK-4254 - STARLINK-5049,20962.830,21934.648,971.818,
Contact STARLINK-4254 - STARLINK-5049,35266.352,36264.027,997.675,
Contact STARLINK-4254 - STARLINK-5049,46707.705,50598.469,3890.763,
Contact STARLINK-4254 - STARLINK-5049,61007.709,64923.479,3915.770,
Contact STARLINK-4254 - STARLINK-5049,75317.344,79253.318,3935.974,
Contact STARLINK-4254 - MoonARTEMIS1,0.000,6655.703,6655.703,
Contact STARLINK-4254 - MoonARTEMIS1,8444.553,23797.539,15352.986,
Contact STARLINK-4254 - MoonARTEMIS1,25691.825,29513.190,3821.365,
Contact STARLINK-4254 - MoonARTEMIS1,37149.847,46653.654,9503.807,
Contact STARLINK-4254 - MoonARTEMIS1,48596.920,52368.325,3771.405,
Contact STARLINK-4254 - MoonARTEMIS1,54323.771,63798.988,9475.217,
Contact STARLINK-4254 - MoonARTEMIS1,65780.807,75231.353,9450.546,
Contact STARLINK-4254 - MoonARTEMIS1,77240.503,80948.193,3707.690,
Contact STARLINK-4254 - MoonARTEMIS1,82970.966,86400.000,3429.034,
Contact STARLINK-4254 - MoonARTEMIS2,0.000,6670.501,6670.501,
Contact STARLINK-4254 - MoonARTEMIS2,8549.059,23808.905,15259.847,
Contact STARLINK-4254 - MoonARTEMIS2,25735.986,35233.272,9497.286,
Contact STARLINK-4254 - MoonARTEMIS2,37181.550,46656.834,9475.284,
Contact STARLINK-4254 - MoonARTEMIS2,54369.434,63818.400,9448.966,
Contact STARLINK-4254 - MoonARTEMIS2,65844.418,75256.485,9412.066,
Contact STARLINK-4254 - MoonARTEMIS2,77309.665,80975.151,3665.486,
Contact STARLINK-4254 - MoonARTEMIS2,83039.790,86400.000,3360.210,
Contact STARLINK-4254 - MoonIOAGEO,0.000,6657.882,6657.882,
Contact STARLINK-4254 - MoonIOAGEO,8472.950,12370.818,3897.868,
Contact STARLINK-4254 - MoonIOAGEO,17105.064,23797.797,6692.733,
Contact STARLINK-4254 - MoonIOAGEO,25710.494,35226.603,9516.109,
Contact STARLINK-4254 - MoonIOAGEO,37163.317,46657.818,9494.501,
Contact STARLINK-4254 - MoonIOAGEO,48614.847,52374.415,3759.568,
Contact STARLINK-4254 - MoonIOAGEO,65827.283,75240.917,9413.633,
Contact STARLINK-4254 - MoonIOAGEO,77281.710,80956.704,3674.994,
Contact STARLINK-4254 - MoonIOAGEO,83002.000,86400.000,3398.000,
Contact STARLINK-4254 - MoonIOAGNO,0.000,6648.691,6648.691,
Contact STARLINK-4254 - MoonIOAGNO,8486.752,23826.708,15339.956,
Contact STARLINK-4254 - MoonIOAGNO,25716.006,35250.577,9534.571,
Contact STARLINK-4254 - MoonIOAGNO,37167.446,46658.231,9490.785,
Contact STARLINK-4254 - MoonIOAGNO,48616.952,52371.188,3754.236,
Contact STARLINK-4254 - MoonIOAGNO,54368.615,63829.653,9461.038,
Contact STARLINK-4254 - MoonIOAGNO,65840.808,75262.475,9421.667,
Contact STARLINK-4254 - MoonIOAGNO,77288.471,80973.021,3684.550,
Contact STARLINK-4254 - MoonIOAGNO,83008.071,86400.000,3391.929,
Contact STARLINK-4254 - MoonIOAGNO 0001,0.000,6689.225,6689.225,
Contact STARLINK-4254 - MoonIOAGNO 0001,8500.541,23801.923,15301.381,
Contact STARLINK-4254 - MoonIOAGNO 0001,25683.541,35239.366,9555.825,
Contact STARLINK-4254 - MoonIOAGNO 0001,37184.330,46685.041,9500.712,
Contact STARLINK-4254 - MoonIOAGNO 0001,48646.863,52399.304,3752.440,
Contact STARLINK-4254 - MoonIOAGNO 0001,54371.165,63816.015,9444.850,
Contact STARLINK-4254 - MoonIOAGNO 0001,65813.429,75242.325,9428.897,
Contact STARLINK-4254 - MoonIOAGNO 0001,77289.378,80973.940,3684.562,
Contact STARLINK-4254 - MoonIOAGNO 0001,83025.642,86400.000,3374.358,
Contact STARLINK-4254 - MoonIOAGSO,0.000,6664.592,6664.592,
Contact STARLINK-4254 - MoonIOAGSO,14220.022,23769.093,9549.071,
Contact STARLINK-4254 - MoonIOAGSO,25686.658,35203.801,9517.143,
Contact STARLINK-4254 - MoonIOAGSO,37157.112,46657.481,9500.369,
Contact STARLINK-4254 - MoonIOAGSO,48630.397,52246.772,3616.374,
Contact STARLINK-4254 - MoonIOAGSO,55005.632,63785.705,8780.073,
Contact STARLINK-4254 - MoonIOAGSO,65807.104,75218.588,9411.484,
Contact STARLINK-4254 - MoonIOAGSO,77267.179,80941.200,3674.021,
Contact STARLINK-4254 - MoonIOAGSO,82999.397,86400.000,3400.603,
Contact STARLINK-4254 - MoonIOAGSO 0001,0.000,6623.450,6623.450,
Contact STARLINK-4254 - MoonIOAGSO 0001,8480.389,23793.103,15312.714,
Contact STARLINK-4254 - MoonIOAGSO 0001,25697.376,29519.914,3822.537,
Contact STARLINK-4254 - MoonIOAGSO 0001,37156.172,46632.403,9476.231,
Contact STARLINK-4254 - MoonIOAGSO 0001,48616.835,52349.378,3732.543,
Contact STARLINK-4254 - MoonIOAGSO 0001,54349.299,63796.331,9447.032,
Contact STARLINK-4254 - MoonIOAGSO 0001,65817.764,73923.921,8106.157,
Contact STARLINK-4254 - MoonIOAGSO 0001,77271.364,80943.485,3672.122,
Contact STARLINK-4254 - MoonIOAGSO 0001,82993.943,86400.000,3406.057,
Contact STARLINK-4254 - MoonLRO,2753.509,3939.546,1186.037,
Contact STARLINK-4254 - MoonLRO,14220.632,17649.219,3428.587,
Contact STARLINK-4254 - MoonLRO,20465.812,23803.998,3338.186,
Contact STARLINK-4254 - MoonLRO,27303.999,29513.550,2209.552,
Contact STARLINK-4254 - MoonLRO,42897.235,44959.576,2062.341,
Contact STARLINK-4254 - MoonLRO,48624.271,51819.642,3195.370,
Contact STARLINK-4254 - MoonLRO,54600.211,58096.213,3496.002,
Contact STARLINK-4254 - MoonLRO,68291.011,72281.557,3990.547,
Contact STARLINK-4254 - MarsSat1,0.000,6855.997,6855.997,
Contact STARLINK-4254 - MarsSat1,8928.152,12575.546,3647.394,
Contact STARLINK-4254 - MarsSat1,14646.059,24014.691,9368.632,
Contact STARLINK-4254 - MarsSat1,26081.837,35453.899,9372.062,
Contact STARLINK-4254 - MarsSat1,37517.578,41173.529,3655.951,
Contact STARLINK-4254 - MarsSat1,43235.440,52612.852,9377.412,
Contact STARLINK-4254 - MarsSat1,54671.153,64052.269,9381.116,
Contact STARLINK-4254 - MarsSat1,66106.856,75491.792,9384.935,
Contact STARLINK-4254 - MarsSat1,77542.543,81211.593,3669.050,
Contact STARLINK-4254 - MarsSat1,83260.376,86400.000,3139.624,
Contact STARLINK-4254 - MarsSat2,0.000,6855.991,6855.991,
Contact STARLINK-4254 - MarsSat2,8928.152,12575.556,3647.403,
Contact STARLINK-4254 - MarsSat2,14646.087,24014.725,9368.638,
Contact STARLINK-4254 - MarsSat2,26081.909,35453.957,9372.047,
Contact STARLINK-4254 - MarsSat2,37517.680,41173.598,3655.918,
Contact STARLINK-4254 - MarsSat2,43235.549,52612.939,9377.390,
Contact STARLINK-4254 - MarsSat2,54671.259,64052.360,9381.101,
Contact STARLINK-4254 - MarsSat2,66106.934,75491.866,9384.932,
Contact STARLINK-4254 - MarsSat2,77542.576,81211.652,3669.076,
Contact STARLINK-4254 - MarsSat2,83260.386,86400.000,3139.614,
Contact STARLINK-4254 - MarsSat3,0.000,6855.926,6855.926,
Contact STARLINK-4254 - MarsSat3,8928.063,12575.470,3647.407,
Contact STARLINK-4254 - MarsSat3,14645.988,24014.665,9368.677,
Contact STARLINK-4254 - MarsSat3,26081.851,35453.943,9372.093,
Contact STARLINK-4254 - MarsSat3,37517.661,41173.598,3655.937,
Contact STARLINK-4254 - MarsSat3,43235.537,52612.940,9377.404,
Contact STARLINK-4254 - MarsSat3,54671.241,64052.343,9381.102,
Contact STARLINK-4254 - MarsSat3,66106.896,75491.820,9384.924,
Contact STARLINK-4254 - MarsSat3,77542.515,81211.591,3669.076,
Contact STARLINK-4254 - MarsSat3,83260.316,86400.000,3139.684,
Contact STARLINK-4254 - MarsSat4,0.000,6856.007,6856.007,
Contact STARLINK-4254 - MarsSat4,14646.006,24014.677,9368.671,
Contact STARLINK-4254 - MarsSat4,26081.854,35453.924,9372.070,
Contact STARLINK-4254 - MarsSat4,37517.621,41173.533,3655.912,
Contact STARLINK-4254 - MarsSat4,43235.451,52612.859,9377.408,
Contact STARLINK-4254 - MarsSat4,54671.192,64052.339,9381.147,
Contact STARLINK-4254 - MarsSat4,66106.916,73689.396,7582.480,
Contact STARLINK-4254 - MarsSat4,77542.515,81211.583,3669.068,
Contact STARLINK-4254 - MarsSat4,83260.347,86400.000,3139.653,
Contact STARLINK-3533 - STARLINK-2228,61444.827,86400.000,24955.173,
Contact STARLINK-3533 - STARLINK-30425,86090.574,86400.000,309.426,
Contact STARLINK-3533 - STARLINK-3346,3426.351,4040.073,613.722,
Contact STARLINK-3533 - STARLINK-3346,17667.093,18316.748,649.655,
Contact STARLINK-3533 - STARLINK-3346,31912.386,32588.310,675.924,
Contact STARLINK-3533 - STARLINK-3346,46155.732,46862.309,706.577,
Contact STARLINK-3533 - STARLINK-3346,57552.369,58279.331,726.961,
Contact STARLINK-3533 - STARLINK-3346,71800.254,72548.298,748.045,
Contact STARLINK-3533 - STARLINK-3346,86046.641,86400.000,353.359,
Contact STARLINK-3533 - STARLINK-30320,53566.703,54533.960,967.256,
Contact STARLINK-3533 - STARLINK-30320,67626.549,68732.432,1105.883,
Contact STARLINK-3533 - STARLINK-30320,78925.720,85674.294,6748.575,
Contact STARLINK-3533 - STARLINK-31919,0.000,39028.579,39028.579,
Contact STARLINK-3533 - STARLINK-31919,46205.087,47112.345,907.258,
Contact STARLINK-3533 - STARLINK-31639,0.000,481.812,481.812,
Contact STARLINK-3533 - STARLINK-31639,13836.384,14727.193,890.808,
Contact STARLINK-3533 - STARLINK-31639,25156.189,28942.412,3786.223,
Contact STARLINK-3533 - STARLINK-31639,39327.997,40302.744,974.747,
Contact STARLINK-3533 - STARLINK-31639,53512.556,54488.953,976.397,
Contact STARLINK-3533 - STARLINK-31639,67724.902,68647.156,922.254,
Contact STARLINK-3533 - STARLINK-31639,79106.983,79961.758,854.775,
Contact STARLINK-3533 - STARLINK-31600,3325.706,10075.467,6749.761,
Contact STARLINK-3533 - STARLINK-31600,17476.766,18557.607,1080.841,
Contact STARLINK-3533 - STARLINK-31600,31695.418,32634.548,939.130,
Contact STARLINK-3533 - STARLINK-31600,43112.445,43854.851,742.406,
Contact STARLINK-3533 - STARLINK-31600,57503.034,57761.967,258.933,
Contact STARLINK-3533 - STARLINK-30613,0.000,86400.000,86400.000,
Contact STARLINK-3533 - STARLINK-31764,42941.234,43739.535,798.301,
Contact STARLINK-3533 - STARLINK-31764,57018.957,57932.729,913.772,
Contact STARLINK-3533 - STARLINK-31764,68312.818,72082.586,3769.768,
Contact STARLINK-3533 - STARLINK-31764,82468.016,83371.257,903.241,
Contact STARLINK-3533 - STARLINK-5618,4328.686,11300.142,6971.456,
Contact STARLINK-3533 - STARLINK-5618,18601.755,25591.157,6989.402,
Contact STARLINK-3533 - STARLINK-5618,35741.184,39861.334,4120.150,
Contact STARLINK-3533 - STARLINK-5618,50033.708,56997.964,6964.256,
Contact STARLINK-3533 - STARLINK-5618,64306.907,71288.674,6981.768,
Contact STARLINK-3533 - STARLINK-5618,78599.363,79846.705,1247.342,
Contact STARLINK-3533 - STARLINK-6255,0.000,465.821,465.821,
Contact STARLINK-3533 - STARLINK-6255,13916.631,14740.640,824.009,
Contact STARLINK-3533 - STARLINK-6255,28293.471,28991.267,697.796,
Contact STARLINK-3533 - STARLINK-6255,42663.312,43247.044,583.732,
Contact STARLINK-3533 - STARLINK-31539,57067.116,86400.000,29332.884,
Contact STARLINK-3533 - STARLINK-5151,0.000,86400.000,86400.000,
Contact STARLINK-3533 - STARLINK-6142,25113.213,25450.167,336.954,
Contact STARLINK-3533 - STARLINK-6142,39375.176,39797.277,422.100,
Contact STARLINK-3533 - STARLINK-6142,53635.844,54145.870,510.026,
Contact STARLINK-3533 - STARLINK-6142,67911.424,68479.369,567.945,
Contact STARLINK-3533 - STARLINK-6142,82182.957,82817.039,634.081,
Contact STARLINK-3533 - MoonARTEMIS1,0.000,6311.740,6311.740,
Contact STARLINK-3533 - MoonARTEMIS1,8308.462,17810.740,9502.278,
Contact STARLINK-3533 - MoonARTEMIS1,19789.979,23566.625,3776.646,
Contact STARLINK-3533 - MoonARTEMIS1,25536.361,29327.443,3791.082,
Contact STARLINK-3533 - MoonARTEMIS1,36993.334,46503.235,9509.900,
Contact STARLINK-3533 - MoonARTEMIS1,48438.708,52235.045,3796.336,
Contact STARLINK-3533 - MoonARTEMIS1,54166.191,63706.841,9540.650,
Contact STARLINK-3533 - MoonARTEMIS1,65628.051,75187.738,9559.687,
Contact STARLINK-3533 - MoonARTEMIS1,77098.250,80931.297,3833.047,
Contact STARLINK-3533 - MoonARTEMIS1,82836.457,86400.000,3563.543,
Contact STARLINK-3533 - MoonARTEMIS2,0.000,6425.730,6425.730,
Contact STARLINK-3533 - MoonARTEMIS2,8400.376,17897.403,9497.027,
Contact STARLINK-3533 - MoonARTEMIS2,19857.941,23631.050,3773.109,
Contact STARLINK-3533 - MoonARTEMIS2,25584.582,35091.265,9506.684,
Contact STARLINK-3533 - MoonARTEMIS2,37030.408,46537.402,9506.994,
Contact STARLINK-3533 - MoonARTEMIS2,54226.570,63805.565,9578.995,
Contact STARLINK-3533 - MoonARTEMIS2,65722.253,75305.785,9583.532,
Contact STARLINK-3533 - MoonARTEMIS2,77211.962,81053.491,3841.529,
Contact STARLINK-3533 - MoonARTEMIS2,82955.344,86400.000,3444.656,
Contact STARLINK-3533 - MoonIOAGEO,0.000,6341.676,6341.676,
Contact STARLINK-3533 - MoonIOAGEO,8331.114,12092.164,3761.049,
Contact STARLINK-3533 - MoonIOAGEO,19817.765,23600.783,3783.018,
Contact STARLINK-3533 - MoonIOAGEO,25557.288,35068.604,9511.316,
Contact STARLINK-3533 - MoonIOAGEO,37008.919,46523.337,9514.418,
Contact STARLINK-3533 - MoonIOAGEO,48460.150,52268.450,3808.300,
Contact STARLINK-3533 - MoonIOAGEO,65699.118,75273.699,9574.581,
Contact STARLINK-3533 - MoonIOAGEO,77169.035,80999.681,3830.647,
Contact STARLINK-3533 - MoonIOAGEO,82891.313,86400.000,3508.687,
Contact STARLINK-3533 - MoonIOAGNO,0.000,6353.086,6353.086,
Contact STARLINK-3533 - MoonIOAGNO,8342.216,17850.884,9508.668,
Contact STARLINK-3533 - MoonIOAGNO,19828.890,23582.365,3753.475,
Contact STARLINK-3533 - MoonIOAGNO,25557.533,35046.106,9488.573,
Contact STARLINK-3533 - MoonIOAGNO,37007.882,46527.093,9519.211,
Contact STARLINK-3533 - MoonIOAGNO,48464.581,52295.145,3830.563,
Contact STARLINK-3533 - MoonIOAGNO,54225.634,63775.511,9549.878,
Contact STARLINK-3533 - MoonIOAGNO,65704.617,75240.935,9536.318,
Contact STARLINK-3533 - MoonIOAGNO,77161.760,80977.094,3815.334,
Contact STARLINK-3533 - MoonIOAGNO,82889.076,86400.000,3510.924,
Contact STARLINK-3533 - MoonIOAGNO 0001,0.000,6356.871,6356.871,
Contact STARLINK-3533 - MoonIOAGNO 0001,8354.234,17821.507,9467.274,
Contact STARLINK-3533 - MoonIOAGNO 0001,19801.307,23561.485,3760.178,
Contact STARLINK-3533 - MoonIOAGNO 0001,25528.413,35076.551,9548.138,
Contact STARLINK-3533 - MoonIOAGNO 0001,37029.266,46543.093,9513.827,
Contact STARLINK-3533 - MoonIOAGNO 0001,48492.460,52275.280,3782.821,
Contact STARLINK-3533 - MoonIOAGNO 0001,54219.058,63748.758,9529.700,
Contact STARLINK-3533 - MoonIOAGNO 0001,65672.131,75268.761,9596.629,
Contact STARLINK-3533 - MoonIOAGNO 0001,77175.990,81009.002,3833.011,
Contact STARLINK-3533 - MoonIOAGNO 0001,82918.628,86400.000,3481.372,
Contact STARLINK-3533 - MoonIOAGSO,0.000,6357.885,6357.885,
Contact STARLINK-3533 - MoonIOAGSO,14072.167,17851.656,3779.488,
Contact STARLINK-3533 - MoonIOAGSO,19802.665,23596.746,3794.081,
Contact STARLINK-3533 - MoonIOAGSO,25535.608,35079.324,9543.716,
Contact STARLINK-3533 - MoonIOAGSO,37006.582,46548.041,9541.459,
Contact STARLINK-3533 - MoonIOAGSO,48479.657,52196.440,3716.782,
Contact STARLINK-3533 - MoonIOAGSO,55083.885,63790.335,8706.451,
Contact STARLINK-3533 - MoonIOAGSO,65681.481,75282.345,9600.864,
Contact STARLINK-3533 - MoonIOAGSO,77160.115,81021.647,3861.533,
Contact STARLINK-3533 - MoonIOAGSO,82900.058,86400.000,3499.942,
Contact STARLINK-3533 - MoonIOAGSO 0001,0.000,6374.954,6374.954,
Contact STARLINK-3533 - MoonIOAGSO 0001,8337.400,17850.705,9513.306,
Contact STARLINK-3533 - MoonIOAGSO 0001,19806.708,23584.375,3777.668,
Contact STARLINK-3533 - MoonIOAGSO 0001,25542.527,29316.928,3774.401,
Contact STARLINK-3533 - MoonIOAGSO 0001,37004.292,46565.459,9561.166,
Contact STARLINK-3533 - MoonIOAGSO 0001,48473.855,52309.190,3835.335,
Contact STARLINK-3533 - MoonIOAGSO 0001,54211.223,63784.793,9573.571,
Contact STARLINK-3533 - MoonIOAGSO 0001,65687.600,73936.751,8249.151,
Contact STARLINK-3533 - MoonIOAGSO 0001,77154.830,81011.948,3857.118,
Contact STARLINK-3533 - MoonIOAGSO 0001,82892.830,86400.000,3507.170,
Contact STARLINK-3533 - MoonLRO,2615.313,3969.909,1354.597,
Contact STARLINK-3533 - MoonLRO,8343.368,17629.222,9285.854,
Contact STARLINK-3533 - MoonLRO,20482.372,23581.824,3099.452,
Contact STARLINK-3533 - MoonLRO,27330.455,29323.842,1993.387,
Contact STARLINK-3533 - MoonLRO,42744.220,44980.835,2236.615,
Contact STARLINK-3533 - MoonLRO,48474.738,51801.009,3326.271,
Contact STARLINK-3533 - MoonLRO,54613.453,58028.697,3415.244,
Contact STARLINK-3533 - MoonLRO,68295.977,72315.292,4019.314,
Contact STARLINK-3533 - MarsSat1,0.000,2074.639,2074.639,
Contact STARLINK-3533 - MarsSat1,4052.388,13505.401,9453.013,
Contact STARLINK-3533 - MarsSat1,15488.663,24936.177,9447.514,
Contact STARLINK-3533 - MarsSat1,26924.800,30651.559,3726.759,
Contact STARLINK-3533 - MarsSat1,32642.807,42082.295,9439.488,
Contact STARLINK-3533 - MarsSat1,44078.685,53512.987,9434.302,
Contact STARLINK-3533 - MarsSat1,55514.388,59228.320,3713.932,
Contact STARLINK-3533 - MarsSat1,61232.183,70658.980,9426.797,
Contact STARLINK-3533 - MarsSat1,72667.683,82089.660,9421.976,
Contact STARLINK-3533 - MarsSat1,84103.096,86400.000,2296.904,
Contact STARLINK-3533 - MarsSat2,0.000,2074.702,2074.702,
Contact STARLINK-3533 - MarsSat2,4052.427,13505.359,9452.932,
Contact STARLINK-3533 - MarsSat2,15488.611,24936.058,9447.447,
Contact STARLINK-3533 - MarsSat2,26924.687,30651.417,3726.730,
Contact STARLINK-3533 - MarsSat2,32642.681,42082.146,9439.465,
Contact STARLINK-3533 - MarsSat2,44078.573,53512.881,9434.308,
Contact STARLINK-3533 - MarsSat2,55514.339,59228.250,3713.911,
Contact STARLINK-3533 - MarsSat2,61232.174,70658.990,9426.816,
Contact STARLINK-3533 - MarsSat2,72667.751,82089.731,9421.980,
Contact STARLINK-3533 - MarsSat2,84103.205,86400.000,2296.795,
Contact STARLINK-3533 - MarsSat3,0.000,2074.765,2074.765,
Contact STARLINK-3533 - MarsSat3,4052.475,13505.454,9452.978,
Contact STARLINK-3533 - MarsSat3,15488.653,24936.117,9447.464,
Contact STARLINK-3533 - MarsSat3,26924.715,30651.461,3726.747,
Contact STARLINK-3533 - MarsSat3,32642.711,42082.184,9439.473,
Contact STARLINK-3533 - MarsSat3,44078.617,53512.929,9434.312,
Contact STARLINK-3533 - MarsSat3,55514.391,59228.303,3713.912,
Contact STARLINK-3533 - MarsSat3,61232.226,70659.048,9426.822,
Contact STARLINK-3533 - MarsSat3,72667.792,82089.780,9421.989,
Contact STARLINK-3533 - MarsSat3,84103.218,86400.000,2296.782,
Contact STARLINK-3533 - MarsSat4,0.000,2074.685,2074.685,
Contact STARLINK-3533 - MarsSat4,4052.459,7790.070,3737.611,
Contact STARLINK-3533 - MarsSat4,15488.661,24936.130,9447.469,
Contact STARLINK-3533 - MarsSat4,26924.738,30651.485,3726.747,
Contact STARLINK-3533 - MarsSat4,32642.737,41360.107,8717.369,
Contact STARLINK-3533 - MarsSat4,44078.618,53512.928,9434.311,
Contact STARLINK-3533 - MarsSat4,55514.344,59228.273,3713.929,
Contact STARLINK-3533 - MarsSat4,61232.176,70659.004,9426.828,
Contact STARLINK-3533 - MarsSat4,75534.541,82089.725,6555.184,
Contact STARLINK-3533 - MarsSat4,84103.158,86400.000,2296.842,
Contact STARLINK-31987 - STARLINK-6311,21001.281,21762.133,760.852,
Contact STARLINK-31987 - STARLINK-6311,32174.698,39028.430,6853.732,
Contact STARLINK-31987 - STARLINK-6311,46242.397,53303.290,7060.892,
Contact STARLINK-31987 - STARLINK-6311,54708.824,61839.409,7130.584,
Contact STARLINK-31987 - STARLINK-6311,68909.019,75978.668,7069.649,
Contact STARLINK-31987 - STARLINK-6311,86053.574,86400.000,346.426,
Contact STARLINK-31987 - STARLINK-31021,0.000,24179.390,24179.390,
Contact STARLINK-31987 - STARLINK-2228,0.000,33147.486,33147.486,
Contact STARLINK-31987 - STARLINK-1736,10112.147,11102.102,989.955,
Contact STARLINK-31987 - STARLINK-1736,21361.106,22354.098,992.992,
Contact STARLINK-31987 - STARLINK-1736,35428.236,36412.989,984.754,
Contact STARLINK-31987 - STARLINK-1736,46677.427,50483.448,3806.021,
Contact STARLINK-31987 - STARLINK-1736,60733.316,61734.929,1001.613,
Contact STARLINK-31987 - STARLINK-1736,71982.765,75793.208,3810.444,
Contact STARLINK-31987 - STARLINK-1736,86050.471,86400.000,349.529,
Contact STARLINK-31987 - STARLINK-30425,0.000,314.976,314.976,
Contact STARLINK-31987 - STARLINK-30425,24987.201,25627.300,640.099,
Contact STARLINK-31987 - STARLINK-30425,38930.054,39662.603,732.549,
Contact STARLINK-31987 - STARLINK-30425,50096.106,50878.696,782.590,
Contact STARLINK-31987 - STARLINK-30425,64067.240,64884.922,817.683,
Contact STARLINK-31987 - STARLINK-30425,75251.223,76082.982,831.759,
Contact STARLINK-31987 - STARLINK-3346,35844.622,36265.045,420.423,
Contact STARLINK-31987 - STARLINK-3346,49919.540,50495.751,576.212,
Contact STARLINK-31987 - STARLINK-3346,61197.932,61861.829,663.897,
Contact STARLINK-31987 - STARLINK-3346,75310.612,76054.754,744.142,
Contact STARLINK-31987 - STARLINK-30320,7060.645,7244.441,183.796,
Contact STARLINK-31987 - STARLINK-5978,0.000,18321.866,18321.866,
Contact STARLINK-31987 - STARLINK-4402,6912.506,10993.257,4080.751,
Contact STARLINK-31987 - STARLINK-4402,21229.894,22270.016,1040.122,
Contact STARLINK-31987 - STARLINK-4402,35710.885,36226.054,515.170,
Contact STARLINK-31987 - STARLINK-6255,46579.195,46835.645,256.451,
Contact STARLINK-31987 - STARLINK-6255,60455.975,61370.348,914.373,
Contact STARLINK-31987 - STARLINK-6255,71704.160,78567.668,6863.508,
Contact STARLINK-31987 - STARLINK-6255,85848.454,86400.000,551.546,
Contact STARLINK-31987 - STARLINK-3898,32186.246,32707.901,521.655,
Contact STARLINK-31987 - STARLINK-3898,46169.252,47059.334,890.082,
Contact STARLINK-31987 - STARLINK-3898,57406.166,61350.254,3944.088,
Contact STARLINK-31987 - STARLINK-3898,71489.210,72738.962,1249.752,
Contact STARLINK-31987 - STARLINK-3898,79973.797,86400.000,6426.203,
Contact STARLINK-31987 - STARLINK-30842,0.000,25.805,25.805,
Contact STARLINK-31987 - STARLINK-30842,13714.614,14426.078,711.464,
Contact STARLINK-31987 - STARLINK-30842,24994.757,25870.146,875.388,
Contact STARLINK-31987 - STARLINK-30842,39143.003,40126.011,983.008,
Contact STARLINK-31987 - STARLINK-30842,53331.585,54341.898,1010.314,
Contact STARLINK-31987 - STARLINK-30842,64715.268,68509.413,3794.145,
Contact STARLINK-31987 - STARLINK-30842,78988.680,79812.590,823.910,
Contact STARLINK-31987 - STARLINK-31539,0.000,25712.488,25712.488,
Contact STARLINK-31987 - STARLINK-5807,0.000,480.256,480.256,
Contact STARLINK-31987 - STARLINK-5807,14011.214,14783.572,772.358,
Contact STARLINK-31987 - STARLINK-5807,28207.183,29048.696,841.513,
Contact STARLINK-31987 - STARLINK-5807,39583.434,43290.843,3707.409,
Contact STARLINK-31987 - STARLINK-5807,53826.857,54660.160,833.303,
Contact STARLINK-31987 - STARLINK-5807,68109.763,68838.643,728.880,
Contact STARLINK-31987 - STARLINK-5807,82419.047,82991.939,572.892,
Contact STARLINK-31987 - STARLINK-30367,32335.778,32761.319,425.541,
Contact STARLINK-31987 - STARLINK-30367,46162.110,47352.827,1190.718,
Contact STARLINK-31987 - STARLINK-30367,54549.930,61748.335,7198.405,
Contact STARLINK-31987 - STARLINK-30367,68662.540,78823.483,10160.944,
Contact STARLINK-31987 - STARLINK-30367,85776.800,86400.000,623.200,
Contact STARLINK-31987 - STARLINK-2388,0.000,627.735,627.735,
Contact STARLINK-31987 - STARLINK-2388,13967.210,14833.363,866.153,
Contact STARLINK-31987 - STARLINK-2388,28094.527,29014.687,920.161,
Contact STARLINK-31987 - STARLINK-2388,39404.875,40351.363,946.488,
Contact STARLINK-31987 - STARLINK-2388,53552.905,54512.207,959.302,
Contact STARLINK-31987 - STARLINK-2388,67723.090,68650.603,927.513,
Contact STARLINK-31987 - STARLINK-2388,79067.521,79953.204,885.684,
Contact STARLINK-31987 - STARLINK-1700,0.000,126.735,126.735,
Contact STARLINK-31987 - STARLINK-1700,24939.168,25761.025,821.857,
Contact STARLINK-31987 - STARLINK-1700,39092.993,39969.180,876.187,
Contact STARLINK-31987 - STARLINK-1700,53264.930,54159.635,894.705,
Contact STARLINK-31987 - STARLINK-1700,64617.368,65496.886,879.518,
Contact STARLINK-31987 - STARLINK-1700,78827.730,79648.585,820.855,
Contact STARLINK-31987 - STARLINK-31463,0.000,4220.074,4220.074,
Contact STARLINK-31987 - STARLINK-31463,11188.999,21074.124,9885.125,
Contact STARLINK-31987 - STARLINK-31463,28087.045,29482.371,1395.327,
Contact STARLINK-31987 - STARLINK-31463,36526.005,46335.523,9809.518,
Contact STARLINK-31987 - STARLINK-31463,53424.556,54780.681,1356.125,
Contact STARLINK-31987 - STARLINK-31463,61884.832,68805.468,6920.635,
Contact STARLINK-31987 - STARLINK-31463,78784.665,85657.164,6872.498,
Contact STARLINK-31987 - MoonARTEMIS1,0.000,2869.675,2869.675,
Contact STARLINK-31987 - MoonARTEMIS1,4909.276,14191.481,9282.206,
Contact STARLINK-31987 - MoonARTEMIS1,16214.749,19857.622,3642.873,
Contact STARLINK-31987 - MoonARTEMIS1,21871.814,31087.818,9216.004,
Contact STARLINK-31987 - MoonARTEMIS1,33919.814,42470.290,8550.476,
Contact STARLINK-31987 - MoonARTEMIS1,44446.745,53762.268,9315.522,
Contact STARLINK-31987 - MoonARTEMIS1,55730.137,59412.490,3682.353,
Contact STARLINK-31987 - MoonARTEMIS1,61375.157,70719.846,9344.690,
Contact STARLINK-31987 - MoonARTEMIS1,72671.030,82035.738,9364.709,
Contact STARLINK-31987 - MoonARTEMIS1,83974.625,86400.000,2425.375,
Contact STARLINK-31987 - MoonARTEMIS2,0.000,2983.545,2983.545,
Contact STARLINK-31987 - MoonARTEMIS2,4999.371,14285.536,9286.164,
Contact STARLINK-31987 - MoonARTEMIS2,16287.390,19934.795,3647.405,
Contact STARLINK-31987 - MoonARTEMIS2,21929.730,31227.983,9298.252,
Contact STARLINK-31987 - MoonARTEMIS2,33209.046,42507.005,9297.959,
Contact STARLINK-31987 - MoonARTEMIS2,44473.521,47350.376,2876.856,
Contact STARLINK-31987 - MoonARTEMIS2,55792.559,59498.871,3706.311,
Contact STARLINK-31987 - MoonARTEMIS2,61454.375,70832.479,9378.104,
Contact STARLINK-31987 - MoonARTEMIS2,72773.660,82159.960,9386.300,
Contact STARLINK-31987 - MoonARTEMIS2,84089.300,86400.000,2310.700,
Contact STARLINK-31987 - MoonIOAGEO,0.000,2900.691,2900.691,
Contact STARLINK-31987 - MoonIOAGEO,4931.187,13068.961,8137.774,
Contact STARLINK-31987 - MoonIOAGEO,17314.017,19893.962,2579.945,
Contact STARLINK-31987 - MoonIOAGEO,21896.673,31206.589,9309.916,
Contact STARLINK-31987 - MoonIOAGEO,33188.390,42487.257,9298.868,
Contact STARLINK-31987 - MoonIOAGEO,44462.979,53800.349,9337.370,
Contact STARLINK-31987 - MoonIOAGEO,61430.771,70809.598,9378.828,
Contact STARLINK-31987 - MoonIOAGEO,72744.042,82099.917,9355.875,
Contact STARLINK-31987 - MoonIOAGEO,84023.516,86400.000,2376.484,
Contact STARLINK-31987 - MoonIOAGNO,0.000,2903.695,2903.695,
Contact STARLINK-31987 - MoonIOAGNO,4933.911,14241.507,9307.596,
Contact STARLINK-31987 - MoonIOAGNO,16257.737,19890.785,3633.048,
Contact STARLINK-31987 - MoonIOAGNO,21904.417,31183.324,9278.907,
Contact STARLINK-31987 - MoonIOAGNO,33186.753,42482.746,9295.993,
Contact STARLINK-31987 - MoonIOAGNO,44466.069,53827.950,9361.881,
Contact STARLINK-31987 - MoonIOAGNO,55792.583,59485.051,3692.468,
Contact STARLINK-31987 - MoonIOAGNO,61448.118,70781.970,9333.852,
Contact STARLINK-31987 - MoonIOAGNO,72739.411,82082.439,9343.028,
Contact STARLINK-31987 - MoonIOAGNO,84023.484,86400.000,2376.516,
Contact STARLINK-31987 - MoonIOAGNO 0001,0.000,2923.622,2923.622,
Contact STARLINK-31987 - MoonIOAGNO 0001,4960.178,14214.503,9254.324,
Contact STARLINK-31987 - MoonIOAGNO 0001,16237.540,19863.419,3625.878,
Contact STARLINK-31987 - MoonIOAGNO 0001,21876.050,31200.116,9324.066,
Contact STARLINK-31987 - MoonIOAGNO 0001,33193.349,42509.765,9316.416,
Contact STARLINK-31987 - MoonIOAGNO 0001,44496.608,53804.401,9307.793,
Contact STARLINK-31987 - MoonIOAGNO 0001,55780.585,59454.098,3673.512,
Contact STARLINK-31987 - MoonIOAGNO 0001,61420.979,70777.056,9356.077,
Contact STARLINK-31987 - MoonIOAGNO 0001,72723.215,82113.480,9390.265,
Contact STARLINK-31987 - MoonIOAGNO 0001,84053.621,86400.000,2346.379,
Contact STARLINK-31987 - MoonIOAGSO,0.000,2920.234,2920.234,
Contact STARLINK-31987 - MoonIOAGSO,4946.228,8570.899,3624.671,
Contact STARLINK-31987 - MoonIOAGSO,16232.443,19891.248,3658.804,
Contact STARLINK-31987 - MoonIOAGSO,21877.838,31205.297,9327.460,
Contact STARLINK-31987 - MoonIOAGSO,33175.095,42510.840,9335.745,
Contact STARLINK-31987 - MoonIOAGSO,44477.806,52241.039,7763.233,
Contact STARLINK-31987 - MoonIOAGSO,55772.037,59482.013,3709.975,
Contact STARLINK-31987 - MoonIOAGSO,61420.487,70808.785,9388.298,
Contact STARLINK-31987 - MoonIOAGSO,72724.958,82122.115,9397.158,
Contact STARLINK-31987 - MoonIOAGSO,84033.944,86400.000,2366.056,
Contact STARLINK-31987 - MoonIOAGSO 0001,0.000,2929.282,2929.282,
Contact STARLINK-31987 - MoonIOAGSO 0001,4937.216,14236.505,9299.288,
Contact STARLINK-31987 - MoonIOAGSO 0001,16233.511,19887.713,3654.202,
Contact STARLINK-31987 - MoonIOAGSO 0001,21883.819,30524.139,8640.320,
Contact STARLINK-31987 - MoonIOAGSO 0001,33354.796,42515.855,9161.058,
Contact STARLINK-31987 - MoonIOAGSO 0001,44470.869,53833.762,9362.893,
Contact STARLINK-31987 - MoonIOAGSO 0001,55773.159,59488.560,3715.401,
Contact STARLINK-31987 - MoonIOAGSO 0001,61426.080,70784.882,9358.802,
Contact STARLINK-31987 - MoonIOAGSO 0001,78374.485,82115.907,3741.422,
Contact STARLINK-31987 - MoonIOAGSO 0001,84026.560,86400.000,2373.440,
Contact STARLINK-31987 - MoonLRO,0.000,2921.621,2921.621,
Contact STARLINK-31987 - MoonLRO,6848.646,8574.723,1726.077,
Contact STARLINK-31987 - MoonLRO,27527.911,31190.783,3662.872,
Contact STARLINK-31987 - MoonLRO,34142.057,36848.590,2706.532,
Contact STARLINK-31987 - MoonLRO,50129.351,51815.219,1685.868,
Contact STARLINK-31987 - MoonLRO,55774.533,58644.302,2869.769,
Contact STARLINK-31987 - MoonLRO,61433.558,70789.611,9356.053,
Contact STARLINK-31987 - MoonLRO,75123.818,76448.194,1324.376,
Contact STARLINK-31987 - MarsSat1,730.923,10028.202,9297.280,
Contact STARLINK-31987 - MarsSat1,11999.681,21290.920,9291.239,
Contact STARLINK-31987 - MarsSat1,23268.294,26922.274,3653.980,
Contact STARLINK-31987 - MarsSat1,28902.534,38184.951,9282.417,
Contact STARLINK-31987 - MarsSat1,40170.869,49447.575,9276.706,
Contact STARLINK-31987 - MarsSat1,51439.006,60710.151,9271.146,
Contact STARLINK-31987 - MarsSat1,62706.968,71972.709,9265.742,
Contact STARLINK-31987 - MarsSat1,73974.794,77603.992,3629.198,
Contact STARLINK-31987 - MarsSat1,79608.668,86400.000,6791.332,
Contact STARLINK-31987 - MarsSat2,730.990,10028.190,9297.201,
Contact STARLINK-31987 - MarsSat2,11999.655,21290.819,9291.164,
Contact STARLINK-31987 - MarsSat2,23268.195,26922.142,3653.947,
Contact STARLINK-31987 - MarsSat2,28902.414,38184.794,9282.380,
Contact STARLINK-31987 - MarsSat2,40170.745,49447.444,9276.699,
Contact STARLINK-31987 - MarsSat2,51438.931,60710.090,9271.158,
Contact STARLINK-31987 - MarsSat2,62706.973,71972.728,9265.755,
Contact STARLINK-31987 - MarsSat2,73974.873,77604.044,3629.171,
Contact STARLINK-31987 - MarsSat2,79608.770,86400.000,6791.230,
Contact STARLINK-31987 - MarsSat3,731.030,10028.288,9297.257,
Contact STARLINK-31987 - MarsSat3,11999.701,21290.893,9291.192,
Contact STARLINK-31987 - MarsSat3,23268.222,26922.196,3653.974,
Contact STARLINK-31987 - MarsSat3,28902.441,38184.833,9282.391,
Contact STARLINK-31987 - MarsSat3,40170.785,49447.489,9276.704,
Contact STARLINK-31987 - MarsSat3,51438.983,60710.145,9271.162,
Contact STARLINK-31987 - MarsSat3,62707.025,71972.787,9265.763,
Contact STARLINK-31987 - MarsSat3,73974.910,77604.101,3629.190,
Contact STARLINK-31987 - MarsSat3,79608.795,86400.000,6791.205,
Contact STARLINK-31987 - MarsSat4,731.001,9031.042,8300.041,
Contact STARLINK-31987 - MarsSat4,11999.710,21290.899,9291.189,
Contact STARLINK-31987 - MarsSat4,23268.242,26922.214,3653.972,
Contact STARLINK-31987 - MarsSat4,28902.467,38184.876,9282.408,
Contact STARLINK-31987 - MarsSat4,43179.572,49447.517,6267.945,
Contact STARLINK-31987 - MarsSat4,51438.942,60710.109,9271.167,
Contact STARLINK-31987 - MarsSat4,62706.974,71972.744,9265.771,
Contact STARLINK-31987 - MarsSat4,75534.653,77604.062,2069.409,
Contact STARLINK-31987 - MarsSat4,79608.737,86400.000,6791.263,
Contact STARLINK-6311 - STARLINK-2228,6942.921,13976.845,7033.924,
Contact STARLINK-6311 - STARLINK-2228,14810.241,39475.159,24664.918,
Contact STARLINK-6311 - STARLINK-2228,40176.596,47357.890,7181.294,
Contact STARLINK-6311 - STARLINK-1736,35019.515,86400.000,51380.485,
Contact STARLINK-6311 - STARLINK-30425,64277.577,71310.920,7033.344,
Contact STARLINK-6311 - STARLINK-30425,72475.238,82758.301,10283.063,
Contact STARLINK-6311 - STARLINK-3346,4174.234,11259.621,7085.387,
Contact STARLINK-6311 - STARLINK-3346,18430.454,28411.635,9981.181,
Contact STARLINK-6311 - STARLINK-3346,35539.381,42687.886,7148.505,
Contact STARLINK-6311 - STARLINK-3346,49798.678,56971.845,7173.167,
Contact STARLINK-6311 - STARLINK-3346,64080.698,65525.588,1444.890,
Contact STARLINK-6311 - STARLINK-3346,72642.333,79796.438,7154.104,
Contact STARLINK-6311 - STARLINK-30320,0.000,38262.587,38262.587,
Contact STARLINK-6311 - STARLINK-31919,0.000,439.237,439.237,
Contact STARLINK-6311 - STARLINK-31639,3148.975,4490.462,1341.487,
Contact STARLINK-6311 - STARLINK-31600,0.000,0.178,0.178,
Contact STARLINK-6311 - STARLINK-31600,10365.645,11254.643,888.999,
Contact STARLINK-6311 - STARLINK-31600,24716.124,25228.833,512.709,
Contact STARLINK-6311 - STARLINK-31764,4246.909,14382.186,10135.277,
Contact STARLINK-6311 - STARLINK-31764,18120.167,28640.350,10520.184,
Contact STARLINK-6311 - STARLINK-31764,29406.087,42560.724,13154.637,
Contact STARLINK-6311 - STARLINK-31764,43792.270,50828.704,7036.433,
Contact STARLINK-6311 - STARLINK-4402,6917.564,7441.016,523.453,
Contact STARLINK-6311 - STARLINK-4402,21252.900,21778.024,525.124,
Contact STARLINK-6311 - STARLINK-4402,35601.112,36102.169,501.057,
Contact STARLINK-6311 - STARLINK-4402,49937.136,50438.545,501.409,
Contact STARLINK-6311 - STARLINK-6255,0.000,86400.000,86400.000,
Contact STARLINK-6311 - STARLINK-3898,0.000,86400.000,86400.000,
Contact STARLINK-6311 - STARLINK-31539,3442.699,10329.713,6887.014,
Contact STARLINK-6311 - STARLINK-31539,17363.776,24598.904,7235.127,
Contact STARLINK-6311 - STARLINK-31539,25796.088,33072.607,7276.519,
Contact STARLINK-6311 - STARLINK-31539,40045.616,47009.278,6963.662,
Contact STARLINK-6311 - STARLINK-31539,57475.283,57961.132,485.849,
Contact STARLINK-6311 - STARLINK-30367,0.000,86400.000,86400.000,
Contact STARLINK-6311 - STARLINK-5151,0.000,3696.122,3696.122,
Contact STARLINK-6311 - STARLINK-5151,14279.020,14995.982,716.961,
Contact STARLINK-6311 - STARLINK-5151,28673.845,29050.856,377.012,
Contact STARLINK-6311 - STARLINK-31463,17617.663,18085.966,468.303,
Contact STARLINK-6311 - STARLINK-31463,31620.061,32443.944,823.883,
Contact STARLINK-6311 - STARLINK-31463,42887.414,43864.744,977.330,
Contact STARLINK-6311 - STARLINK-31463,57023.323,58088.714,1065.392,
Contact STARLINK-6311 - STARLINK-31463,65522.668,72269.518,6746.851,
Contact STARLINK-6311 - STARLINK-31463,82581.866,83576.280,994.414,
Contact STARLINK-6311 - MoonARTEMIS1,0.000,1783.331,1783.331,
Contact STARLINK-6311 - MoonARTEMIS1,3892.273,13253.038,9360.765,
Contact STARLINK-6311 - MoonARTEMIS1,15378.611,24727.499,9348.888,
Contact STARLINK-6311 - MoonARTEMIS1,26869.024,30465.547,3596.524,
Contact STARLINK-6311 - MoonARTEMIS1,33977.737,41917.222,7939.484,
Contact STARLINK-6311 - MoonARTEMIS1,44061.326,53375.612,9314.286,
Contact STARLINK-6311 - MoonARTEMIS1,55525.458,59106.368,3580.910,
Contact STARLINK-6311 - MoonARTEMIS1,61259.101,70570.373,9311.272,
Contact STARLINK-6311 - MoonARTEMIS1,72728.589,82037.507,9308.919,
Contact STARLINK-6311 - MoonARTEMIS1,84200.443,86400.000,2199.557,
Contact STARLINK-6311 - MoonARTEMIS2,0.000,1831.637,1831.637,
Contact STARLINK-6311 - MoonARTEMIS2,3960.732,13293.047,9332.315,
Contact STARLINK-6311 - MoonARTEMIS2,15430.325,24751.894,9321.569,
Contact STARLINK-6311 - MoonARTEMIS2,26895.175,30479.940,3584.765,
Contact STARLINK-6311 - MoonARTEMIS2,32625.300,41930.956,9305.656,
Contact STARLINK-6311 - MoonARTEMIS2,44077.437,47364.770,3287.333,
Contact STARLINK-6311 - MoonARTEMIS2,55560.138,59140.817,3580.679,
Contact STARLINK-6311 - MoonARTEMIS2,61302.123,70616.896,9314.773,
Contact STARLINK-6311 - MoonARTEMIS2,72781.292,82090.307,9309.015,
Contact STARLINK-6311 - MoonARTEMIS2,84256.076,86400.000,2143.924,
Contact STARLINK-6311 - MoonIOAGEO,0.000,1795.935,1795.935,
Contact STARLINK-6311 - MoonIOAGEO,3910.091,13064.781,9154.690,
Contact STARLINK-6311 - MoonIOAGEO,17168.421,24736.566,7568.145,
Contact STARLINK-6311 - MoonIOAGEO,26878.546,30467.759,3589.213,
Contact STARLINK-6311 - MoonIOAGEO,32611.592,41923.955,9312.362,
Contact STARLINK-6311 - MoonIOAGEO,44071.312,53390.161,9318.850,
Contact STARLINK-6311 - MoonIOAGEO,61379.863,70601.083,9221.220,
Contact STARLINK-6311 - MoonIOAGEO,72763.767,82060.218,9296.450,
Contact STARLINK-6311 - MoonIOAGEO,84223.037,86400.000,2176.963,
Contact STARLINK-6311 - MoonIOAGNO,0.000,1799.553,1799.553,
Contact STARLINK-6311 - MoonIOAGNO,3912.016,13277.337,9365.322,
Contact STARLINK-6311 - MoonIOAGNO,15411.295,24749.415,9338.119,
Contact STARLINK-6311 - MoonIOAGNO,26885.096,30478.739,3593.643,
Contact STARLINK-6311 - MoonIOAGNO,32616.650,41930.271,9313.620,
Contact STARLINK-6311 - MoonIOAGNO,44074.791,53397.934,9323.143,
Contact STARLINK-6311 - MoonIOAGNO,55560.912,59143.109,3582.197,
Contact STARLINK-6311 - MoonIOAGNO,61303.622,70611.446,9307.824,
Contact STARLINK-6311 - MoonIOAGNO,72771.538,82067.220,9295.682,
Contact STARLINK-6311 - MoonIOAGNO,84228.286,86400.000,2171.714,
Contact STARLINK-6311 - MoonIOAGNO 0001,0.000,1821.369,1821.369,
Contact STARLINK-6311 - MoonIOAGNO 0001,3936.166,13277.799,9341.633,
Contact STARLINK-6311 - MoonIOAGNO 0001,15399.788,24726.216,9326.428,
Contact STARLINK-6311 - MoonIOAGNO 0001,26861.425,30461.645,3600.219,
Contact STARLINK-6311 - MoonIOAGNO 0001,32613.549,41946.994,9333.446,
Contact STARLINK-6311 - MoonIOAGNO 0001,44096.777,53408.453,9311.676,
Contact STARLINK-6311 - MoonIOAGNO 0001,55560.372,59135.163,3574.791,
Contact STARLINK-6311 - MoonIOAGNO 0001,61288.800,70587.496,9298.696,
Contact STARLINK-6311 - MoonIOAGNO 0001,72752.433,82078.658,9326.224,
Contact STARLINK-6311 - MoonIOAGNO 0001,84244.847,86400.000,2155.153,
Contact STARLINK-6311 - MoonIOAGSO,0.000,1798.639,1798.639,
Contact STARLINK-6311 - MoonIOAGSO,3920.898,7537.786,3616.888,
Contact STARLINK-6311 - MoonIOAGSO,15389.498,24716.136,9326.637,
Contact STARLINK-6311 - MoonIOAGSO,26859.652,30449.169,3589.516,
Contact STARLINK-6311 - MoonIOAGSO,32597.346,41922.716,9325.370,
Contact STARLINK-6311 - MoonIOAGSO,44077.164,52224.764,8147.600,
Contact STARLINK-6311 - MoonIOAGSO,55546.419,59119.034,3572.615,
Contact STARLINK-6311 - MoonIOAGSO,61276.850,70581.793,9304.943,
Contact STARLINK-6311 - MoonIOAGSO,72745.923,82054.782,9308.859,
Contact STARLINK-6311 - MoonIOAGSO,84222.293,86400.000,2177.707,
Contact STARLINK-6311 - MoonIOAGSO 0001,0.000,1786.548,1786.548,
Contact STARLINK-6311 - MoonIOAGSO 0001,3911.193,13252.956,9341.764,
Contact STARLINK-6311 - MoonIOAGSO 0001,15388.846,24729.845,9340.999,
Contact STARLINK-6311 - MoonIOAGSO 0001,26871.524,30465.517,3593.994,
Contact STARLINK-6311 - MoonIOAGSO 0001,33326.988,41916.279,8589.290,
Contact STARLINK-6311 - MoonIOAGSO 0001,44068.581,53382.033,9313.452,
Contact STARLINK-6311 - MoonIOAGSO 0001,55541.776,59118.594,3576.818,
Contact STARLINK-6311 - MoonIOAGSO 0001,61280.806,70597.341,9316.535,
Contact STARLINK-6311 - MoonIOAGSO 0001,78485.531,82052.408,3566.878,
Contact STARLINK-6311 - MoonIOAGSO 0001,84216.019,86400.000,2183.981,
Contact STARLINK-6311 - MoonLRO,6854.179,7529.709,675.531,
Contact STARLINK-6311 - MoonLRO,21129.366,24480.843,3351.478,
Contact STARLINK-6311 - MoonLRO,27293.819,30467.047,3173.228,
Contact STARLINK-6311 - MoonLRO,34134.709,36196.607,2061.898,
Contact STARLINK-6311 - MoonLRO,49815.909,51799.975,1984.066,
Contact STARLINK-6311 - MoonLRO,55547.843,58653.410,3105.567,
Contact STARLINK-6311 - MoonLRO,61427.240,70596.481,9169.242,
Contact STARLINK-6311 - MoonLRO,75117.906,76326.145,1208.239,
Contact STARLINK-6311 - MarsSat1,0.000,2510.263,2510.263,
Contact STARLINK-6311 - MarsSat1,4353.871,13977.359,9623.488,
Contact STARLINK-6311 - MarsSat1,15812.339,31178.452,15366.112,
Contact STARLINK-6311 - MarsSat1,33000.215,42646.114,9645.899,
Contact STARLINK-6311 - MarsSat1,44458.939,59848.026,15389.087,
Contact STARLINK-6311 - MarsSat1,61647.292,71316.295,9669.003,
Contact STARLINK-6311 - MarsSat1,73106.392,82784.865,9678.474,
Contact STARLINK-6311 - MarsSat1,84565.646,86400.000,1834.354,
Contact STARLINK-6311 - MarsSat2,0.000,2510.281,2510.281,
Contact STARLINK-6311 - MarsSat2,4353.844,13977.344,9623.500,
Contact STARLINK-6311 - MarsSat2,15812.377,31178.410,15366.033,
Contact STARLINK-6311 - MarsSat2,33000.323,42646.098,9645.775,
Contact STARLINK-6311 - MarsSat2,44459.076,59848.104,15389.028,
Contact STARLINK-6311 - MarsSat2,61647.424,71316.428,9669.004,
Contact STARLINK-6311 - MarsSat2,73106.483,82785.010,9678.527,
Contact STARLINK-6311 - MarsSat2,84565.681,86400.000,1834.319,
Contact STARLINK-6311 - MarsSat3,0.000,2510.272,2510.272,
Contact STARLINK-6311 - MarsSat3,4353.763,13977.287,9623.524,
Contact STARLINK-6311 - MarsSat3,15812.246,31178.403,15366.157,
Contact STARLINK-6311 - MarsSat3,33000.285,42646.131,9645.847,
Contact STARLINK-6311 - MarsSat3,44459.067,59848.137,15389.070,
Contact STARLINK-6311 - MarsSat3,61647.392,71316.428,9669.036,
Contact STARLINK-6311 - MarsSat3,73106.414,82784.959,9678.544,
Contact STARLINK-6311 - MarsSat3,84565.578,86400.000,1834.422,
Contact STARLINK-6311 - MarsSat4,0.000,2510.349,2510.349,
Contact STARLINK-6311 - MarsSat4,4353.891,8243.815,3889.925,
Contact STARLINK-6311 - MarsSat4,15812.268,31178.421,15366.152,
Contact STARLINK-6311 - MarsSat4,33000.266,41360.045,8359.779,
Contact STARLINK-6311 - MarsSat4,44458.933,59848.069,15389.136,
Contact STARLINK-6311 - MarsSat4,61647.384,71316.398,9669.015,
Contact STARLINK-6311 - MarsSat4,75534.678,82784.912,7250.235,
Contact STARLINK-6311 - MarsSat4,84565.626,86400.000,1834.374,
Contact STARLINK-31021 - STARLINK-2228,465.783,7512.561,7046.778,
Contact STARLINK-31021 - STARLINK-1736,10250.410,11095.135,844.725,
Contact STARLINK-31021 - STARLINK-30425,0.000,561.105,561.105,
Contact STARLINK-31021 - STARLINK-30425,13788.300,14714.549,926.250,
Contact STARLINK-31021 - STARLINK-30425,25117.050,25968.121,851.071,
Contact STARLINK-31021 - STARLINK-30425,39379.301,39935.911,556.610,
Contact STARLINK-31021 - STARLINK-4687,4119.975,11240.001,7120.026,
Contact STARLINK-31021 - STARLINK-4687,18258.631,28695.468,10436.837,
Contact STARLINK-31021 - STARLINK-4687,29517.299,86400.000,56882.701,
Contact STARLINK-31021 - STARLINK-5978,0.000,53989.434,53989.434,
Contact STARLINK-31021 - STARLINK-5978,54573.451,68260.229,13686.779,
Contact STARLINK-31021 - STARLINK-5978,69086.812,82485.045,13398.233,
Contact STARLINK-31021 - STARLINK-4402,0.000,2954.798,2954.798,
Contact STARLINK-31021 - STARLINK-4402,4298.184,17318.849,13020.666,
Contact STARLINK-31021 - STARLINK-4402,18656.302,31678.565,13022.264,
Contact STARLINK-31021 - STARLINK-4402,32996.022,40297.435,7301.413,
Contact STARLINK-31021 - STARLINK-4402,47355.370,54657.294,7301.924,
Contact STARLINK-31021 - STARLINK-4402,61695.758,69020.201,7324.443,
Contact STARLINK-31021 - STARLINK-4402,76056.458,83380.161,7323.703,
Contact STARLINK-31021 - STARLINK-31502,35206.547,36152.112,945.565,
Contact STARLINK-31021 - STARLINK-31502,46224.429,53546.742,7322.313,
Contact STARLINK-31021 - STARLINK-31502,54578.214,67748.395,13170.181,
Contact STARLINK-31021 - STARLINK-31502,68742.609,78905.479,10162.870,
Contact STARLINK-31021 - STARLINK-31502,86096.138,86400.000,303.862,
Contact STARLINK-31021 - STARLINK-4631,21579.403,22154.779,575.376,
Contact STARLINK-31021 - STARLINK-4631,35722.625,36644.722,922.097,
Contact STARLINK-31021 - STARLINK-4631,49843.893,56917.222,7073.329,
Contact STARLINK-31021 - STARLINK-4631,58374.199,71355.881,12981.682,
Contact STARLINK-31021 - STARLINK-4631,72518.704,85824.017,13305.313,
Contact STARLINK-31021 - STARLINK-5807,43150.698,43572.643,421.945,
Contact STARLINK-31021 - STARLINK-5807,57481.913,57970.424,488.511,
Contact STARLINK-31021 - STARLINK-5807,71803.561,72377.429,573.867,
Contact STARLINK-31021 - STARLINK-5807,86143.386,86400.000,256.614,
Contact STARLINK-31021 - STARLINK-31722,52769.214,86400.000,33630.786,
Contact STARLINK-31021 - STARLINK-1581,39599.720,39947.272,347.551,
Contact STARLINK-31021 - STARLINK-1581,53555.405,54392.862,837.457,
Contact STARLINK-31021 - STARLINK-1581,67628.905,68720.408,1091.504,
Contact STARLINK-31021 - STARLINK-1581,78943.140,82963.853,4020.713,
Contact STARLINK-31021 - STARLINK-3167,6500.694,13776.890,7276.196,
Contact STARLINK-31021 - STARLINK-3167,14931.983,28214.198,13282.215,
Contact STARLINK-31021 - STARLINK-3167,29046.883,68317.211,39270.328,
Contact STARLINK-31021 - STARLINK-3167,68822.467,82460.382,13637.915,
Contact STARLINK-31021 - STARLINK-3167,83185.232,86400.000,3214.768,
Contact STARLINK-31021 - STARLINK-31463,3227.329,4045.134,817.806,
Contact STARLINK-31021 - MoonARTEMIS1,0.000,3328.209,3328.209,
Contact STARLINK-31021 - MoonARTEMIS1,5412.892,9092.200,3679.308,
Contact STARLINK-31021 - MoonARTEMIS1,11175.056,20628.000,9452.944,
Contact STARLINK-31021 - MoonARTEMIS1,22707.775,31080.443,8372.668,
Contact STARLINK-31021 - MoonARTEMIS1,34226.240,37904.071,3677.831,
Contact STARLINK-31021 - MoonARTEMIS1,39966.534,49397.549,9431.016,
Contact STARLINK-31021 - MoonARTEMIS1,51459.995,60901.525,9441.530,
Contact STARLINK-31021 - MoonARTEMIS1,62963.307,66656.279,3692.972,
Contact STARLINK-31021 - MoonARTEMIS1,68717.769,78170.465,9452.695,
Contact STARLINK-31021 - MoonARTEMIS1,80231.709,86400.000,6168.291,
Contact STARLINK-31021 - MoonARTEMIS2,0.000,3430.585,3430.585,
Contact STARLINK-31021 - MoonARTEMIS2,5510.455,9185.679,3675.224,
Contact STARLINK-31021 - MoonARTEMIS2,11263.247,20692.248,9429.001,
Contact STARLINK-31021 - MoonARTEMIS2,22765.069,32192.124,9427.055,
Contact STARLINK-31021 - MoonARTEMIS2,34259.351,37937.864,3678.513,
Contact STARLINK-31021 - MoonARTEMIS2,40001.267,47412.199,7410.932,
Contact STARLINK-31021 - MoonARTEMIS2,51507.003,60974.714,9467.711,
Contact STARLINK-31021 - MoonARTEMIS2,63043.245,66739.979,3696.734,
Contact STARLINK-31021 - MoonARTEMIS2,68808.026,78265.593,9457.567,
Contact STARLINK-31021 - MoonARTEMIS2,80333.342,86400.000,6066.658,
Contact STARLINK-31021 - MoonIOAGEO,0.000,3356.637,3356.637,
Contact STARLINK-31021 - MoonIOAGEO,5437.682,9118.797,3681.116,
Contact STARLINK-31021 - MoonIOAGEO,17333.662,20660.496,3326.834,
Contact STARLINK-31021 - MoonIOAGEO,22735.357,32174.940,9439.583,
Contact STARLINK-31021 - MoonIOAGEO,34239.812,37918.489,3678.677,
Contact STARLINK-31021 - MoonIOAGEO,39982.020,49418.122,9436.102,
Contact STARLINK-31021 - MoonIOAGEO,51485.883,55184.160,3698.277,
Contact STARLINK-31021 - MoonIOAGEO,63023.807,66725.315,3701.508,
Contact STARLINK-31021 - MoonIOAGEO,68789.284,78232.270,9442.986,
Contact STARLINK-31021 - MoonIOAGEO,80288.935,86400.000,6111.065,
Contact STARLINK-31021 - MoonIOAGNO,0.000,3359.968,3359.968,
Contact STARLINK-31021 - MoonIOAGNO,5443.489,9139.339,3695.850,
Contact STARLINK-31021 - MoonIOAGNO,11220.995,20650.076,9429.082,
Contact STARLINK-31021 - MoonIOAGNO,22730.219,32149.745,9419.526,
Contact STARLINK-31021 - MoonIOAGNO,34227.369,37902.521,3675.151,
Contact STARLINK-31021 - MoonIOAGNO,39976.963,49429.803,9452.840,
Contact STARLINK-31021 - MoonIOAGNO,51502.549,60957.588,9455.038,
Contact STARLINK-31021 - MoonIOAGNO,63027.581,66707.022,3679.441,
Contact STARLINK-31021 - MoonIOAGNO,68778.022,78208.332,9430.310,
Contact STARLINK-31021 - MoonIOAGNO,80277.137,86400.000,6122.863,
Contact STARLINK-31021 - MoonIOAGNO 0001,0.000,3371.525,3371.525,
Contact STARLINK-31021 - MoonIOAGNO 0001,5458.533,9121.261,3662.728,
Contact STARLINK-31021 - MoonIOAGNO 0001,11206.347,20628.651,9422.304,
Contact STARLINK-31021 - MoonIOAGNO 0001,22706.433,32173.307,9466.874,
Contact STARLINK-31021 - MoonIOAGNO 0001,34246.444,37928.773,3682.329,
Contact STARLINK-31021 - MoonIOAGNO 0001,40002.418,49428.081,9425.663,
Contact STARLINK-31021 - MoonIOAGNO 0001,51502.054,60932.859,9430.804,
Contact STARLINK-31021 - MoonIOAGNO 0001,63001.904,66692.427,3690.523,
Contact STARLINK-31021 - MoonIOAGNO 0001,68758.512,78234.710,9476.198,
Contact STARLINK-31021 - MoonIOAGNO 0001,80301.046,86400.000,6098.954,
Contact STARLINK-31021 - MoonIOAGSO,0.000,3375.140,3375.140,
Contact STARLINK-31021 - MoonIOAGSO,5453.646,8824.399,3370.753,
Contact STARLINK-31021 - MoonIOAGSO,11677.551,20662.424,8984.873,
Contact STARLINK-31021 - MoonIOAGSO,22725.394,32180.740,9455.347,
Contact STARLINK-31021 - MoonIOAGSO,34239.234,37935.250,3696.016,
Contact STARLINK-31021 - MoonIOAGSO,39994.689,49432.930,9438.241,
Contact STARLINK-31021 - MoonIOAGSO,57259.492,60964.885,3705.393,
Contact STARLINK-31021 - MoonIOAGSO,63020.468,66728.711,3708.243,
Contact STARLINK-31021 - MoonIOAGSO,68780.524,78245.099,9464.575,
Contact STARLINK-31021 - MoonIOAGSO,80296.712,86400.000,6103.288,
Contact STARLINK-31021 - MoonIOAGSO 0001,0.000,3390.489,3390.489,
Contact STARLINK-31021 - MoonIOAGSO 0001,5458.444,9148.216,3689.772,
Contact STARLINK-31021 - MoonIOAGSO 0001,11214.171,20655.371,9441.200,
Contact STARLINK-31021 - MoonIOAGSO 0001,22723.247,30535.890,7812.643,
Contact STARLINK-31021 - MoonIOAGSO 0001,34232.901,37931.493,3698.592,
Contact STARLINK-31021 - MoonIOAGSO 0001,39992.603,49456.179,9463.577,
Contact STARLINK-31021 - MoonIOAGSO 0001,51509.869,60966.878,9457.009,
Contact STARLINK-31021 - MoonIOAGSO 0001,63022.365,66715.858,3693.492,
Contact STARLINK-31021 - MoonIOAGSO 0001,68774.702,72461.766,3687.064,
Contact STARLINK-31021 - MoonIOAGSO 0001,80288.554,86400.000,6111.446,
Contact STARLINK-31021 - MoonLRO,6842.289,9133.870,2291.582,
Contact STARLINK-31021 - MoonLRO,13674.563,14891.727,1217.164,
Contact STARLINK-31021 - MoonLRO,28476.824,31299.391,2822.567,
Contact STARLINK-31021 - MoonLRO,34230.489,37919.392,3688.904,
Contact STARLINK-31021 - MoonLRO,40974.794,43679.570,2704.776,
Contact STARLINK-31021 - MoonLRO,57261.030,58648.068,1387.038,
Contact STARLINK-31021 - MoonLRO,63017.053,65476.718,2459.665,
Contact STARLINK-31021 - MoonLRO,68771.327,78224.492,9453.166,
Contact STARLINK-31021 - MoonLRO,81942.969,83984.778,2041.809,
Contact STARLINK-31021 - MarsSat1,962.262,10357.321,9395.059,
Contact STARLINK-31021 - MarsSat1,12439.119,16094.373,3655.254,
Contact STARLINK-31021 - MarsSat1,18177.521,27568.475,9390.954,
Contact STARLINK-31021 - MarsSat1,29654.251,39042.551,9388.300,
Contact STARLINK-31021 - MarsSat1,41130.863,44779.574,3648.710,
Contact STARLINK-31021 - MarsSat1,46869.122,56253.594,9384.472,
Contact STARLINK-31021 - MarsSat1,58345.557,67727.602,9382.046,
Contact STARLINK-31021 - MarsSat1,69821.906,84938.664,15116.758,
Contact STARLINK-31021 - MarsSat2,962.317,10357.309,9394.991,
Contact STARLINK-31021 - MarsSat2,12439.093,16094.319,3655.226,
Contact STARLINK-31021 - MarsSat2,18177.461,27568.363,9390.902,
Contact STARLINK-31021 - MarsSat2,29654.148,39042.425,9388.278,
Contact STARLINK-31021 - MarsSat2,41130.761,44779.460,3648.699,
Contact STARLINK-31021 - MarsSat2,46869.038,56253.536,9384.497,
Contact STARLINK-31021 - MarsSat2,58345.536,67727.618,9382.083,
Contact STARLINK-31021 - MarsSat2,69821.956,84938.754,15116.799,
Contact STARLINK-31021 - MarsSat3,962.352,10357.374,9395.022,
Contact STARLINK-31021 - MarsSat3,12439.131,16094.377,3655.246,
Contact STARLINK-31021 - MarsSat3,18177.490,27568.398,9390.909,
Contact STARLINK-31021 - MarsSat3,29654.171,39042.460,9388.289,
Contact STARLINK-31021 - MarsSat3,41130.796,44779.499,3648.703,
Contact STARLINK-31021 - MarsSat3,46869.079,56253.583,9384.503,
Contact STARLINK-31021 - MarsSat3,58345.581,67727.665,9382.084,
Contact STARLINK-31021 - MarsSat3,69821.993,84938.776,15116.783,
Contact STARLINK-31021 - MarsSat4,962.328,9031.018,8068.689,
Contact STARLINK-31021 - MarsSat4,12439.139,16094.380,3655.241,
Contact STARLINK-31021 - MarsSat4,18177.499,27568.418,9390.918,
Contact STARLINK-31021 - MarsSat4,29654.193,39042.488,9388.295,
Contact STARLINK-31021 - MarsSat4,43179.645,44779.518,1599.873,
Contact STARLINK-31021 - MarsSat4,46869.061,56253.552,9384.491,
Contact STARLINK-31021 - MarsSat4,58345.536,67727.623,9382.088,
Contact STARLINK-31021 - MarsSat4,69821.955,84938.719,15116.764,
Contact STARLINK-2228 - STARLINK-1736,0.000,34.938,34.938,
Contact STARLINK-2228 - STARLINK-1736,10263.485,11084.325,820.840,
Contact STARLINK-2228 - STARLINK-3346,10279.409,11028.827,749.419,
Contact STARLINK-2228 - STARLINK-3346,21464.551,22326.494,861.942,
Contact STARLINK-2228 - STARLINK-3346,35508.839,36385.390,876.550,
Contact STARLINK-2228 - STARLINK-3346,46787.513,47589.222,801.709,
Contact STARLINK-2228 - STARLINK-3346,60950.197,61530.082,579.885,
Contact STARLINK-2228 - STARLINK-30320,6772.889,7738.112,965.223,
Contact STARLINK-2228 - STARLINK-30320,17801.149,24618.340,6817.191,
Contact STARLINK-2228 - STARLINK-30320,31607.170,33051.779,1444.609,
Contact STARLINK-2228 - STARLINK-30320,39923.782,49861.751,9937.969,
Contact STARLINK-2228 - STARLINK-30320,51012.139,61044.804,10032.665,
Contact STARLINK-2228 - STARLINK-30320,64888.466,74982.877,10094.410,
Contact STARLINK-2228 - STARLINK-30320,76021.725,86117.805,10096.080,
Contact STARLINK-2228 - STARLINK-31639,56954.801,57790.690,835.889,
Contact STARLINK-2228 - STARLINK-31639,68036.603,69078.934,1042.331,
Contact STARLINK-2228 - STARLINK-31639,76368.560,83136.241,6767.681,
Contact STARLINK-2228 - STARLINK-5978,0.000,11240.142,11240.142,
Contact STARLINK-2228 - STARLINK-30613,64146.241,65225.700,1079.459,
Contact STARLINK-2228 - STARLINK-30613,72402.804,82399.619,9996.815,
Contact STARLINK-2228 - STARLINK-31764,10217.852,11098.871,881.018,
Contact STARLINK-2228 - STARLINK-31764,21339.883,22272.497,932.614,
Contact STARLINK-2228 - STARLINK-31764,35258.389,36223.610,965.221,
Contact STARLINK-2228 - STARLINK-31764,46398.126,47379.280,981.154,
Contact STARLINK-2228 - STARLINK-31764,57545.616,61317.276,3771.660,
Contact STARLINK-2228 - STARLINK-31764,71486.257,72455.283,969.025,
Contact STARLINK-2228 - STARLINK-31764,82651.549,83585.193,933.644,
Contact STARLINK-2228 - STARLINK-4402,6956.150,7824.679,868.530,
Contact STARLINK-2228 - STARLINK-4402,21185.996,21819.461,633.464,
Contact STARLINK-2228 - STARLINK-5618,53366.403,54522.958,1156.556,
Contact STARLINK-2228 - STARLINK-5618,61371.143,85922.660,24551.517,
Contact STARLINK-2228 - STARLINK-6255,31787.931,39056.201,7268.270,
Contact STARLINK-2228 - STARLINK-6255,40018.216,50378.471,10360.254,
Contact STARLINK-2228 - STARLINK-6255,54179.171,61320.526,7141.355,
Contact STARLINK-2228 - STARLINK-3898,17705.986,24851.236,7145.249,
Contact STARLINK-2228 - STARLINK-3898,25745.405,50238.993,24493.588,
Contact STARLINK-2228 - STARLINK-3898,57012.337,58282.236,1269.899,
Contact STARLINK-2228 - STARLINK-30842,0.000,470.862,470.862,
Contact STARLINK-2228 - STARLINK-30842,13692.695,14611.359,918.664,
Contact STARLINK-2228 - STARLINK-30842,25022.768,25841.371,818.603,
Contact STARLINK-2228 - STARLINK-30842,39323.350,39742.982,419.633,
Contact STARLINK-2228 - STARLINK-31539,0.000,86400.000,86400.000,
Contact STARLINK-2228 - STARLINK-5807,0.000,648.895,648.895,
Contact STARLINK-2228 - STARLINK-5807,14026.678,14756.341,729.663,
Contact STARLINK-2228 - STARLINK-5807,28236.517,28805.750,569.234,
Contact STARLINK-2228 - STARLINK-30367,17985.937,53215.466,35229.529,
Contact STARLINK-2228 - STARLINK-5151,53386.869,54080.821,693.952,
Contact STARLINK-2228 - STARLINK-5151,64331.711,65543.188,1211.477,
Contact STARLINK-2228 - STARLINK-5151,72629.229,82524.160,9894.931,
Contact STARLINK-2228 - STARLINK-6142,82189.914,83242.013,1052.099,
Contact STARLINK-2228 - STARLINK-2388,0.000,3619.865,3619.865,
Contact STARLINK-2228 - STARLINK-2388,14053.808,14836.673,782.865,
Contact STARLINK-2228 - STARLINK-2388,28194.697,28803.923,609.225,
Contact STARLINK-2228 - STARLINK-2388,39575.255,39910.899,335.644,
Contact STARLINK-2228 - STARLINK-1700,0.000,396.977,396.977,
Contact STARLINK-2228 - STARLINK-1700,13640.740,14464.157,823.417,
Contact STARLINK-2228 - STARLINK-1700,24966.922,25666.131,699.209,
Contact STARLINK-2228 - STARLINK-5049,86036.668,86400.000,363.332,
Contact STARLINK-2228 - STARLINK-31463,3107.593,4242.745,1135.152,
Contact STARLINK-2228 - STARLINK-31463,11485.687,18202.374,6716.687,
Contact STARLINK-2228 - STARLINK-31463,28266.490,29350.732,1084.242,
Contact STARLINK-2228 - STARLINK-31463,39483.548,43261.338,3777.789,
Contact STARLINK-2228 - STARLINK-31463,53533.894,54352.803,818.909,
Contact STARLINK-2228 - MoonARTEMIS1,0.000,2505.506,2505.506,
Contact STARLINK-2228 - MoonARTEMIS1,4674.967,13639.380,8964.414,
Contact STARLINK-2228 - MoonARTEMIS1,15800.022,24781.900,8981.878,
Contact STARLINK-2228 - MoonARTEMIS1,26929.968,30355.578,3425.610,
Contact STARLINK-2228 - MoonARTEMIS1,38039.273,41462.891,3423.619,
Contact STARLINK-2228 - MoonARTEMIS1,43592.645,52580.440,8987.795,
Contact STARLINK-2228 - MoonARTEMIS1,54703.794,63704.795,9001.000,
Contact STARLINK-2228 - MoonARTEMIS1,65818.823,74835.061,9016.239,
Contact STARLINK-2228 - MoonARTEMIS1,76937.030,85971.487,9034.456,
Contact STARLINK-2228 - MoonARTEMIS2,0.000,2574.821,2574.821,
Contact STARLINK-2228 - MoonARTEMIS2,4727.033,13698.272,8971.238,
Contact STARLINK-2228 - MoonARTEMIS2,15841.510,24818.578,8977.069,
Contact STARLINK-2228 - MoonARTEMIS2,26952.661,30376.892,3424.231,
Contact STARLINK-2228 - MoonARTEMIS2,38058.323,41486.329,3428.006,
Contact STARLINK-2228 - MoonARTEMIS2,43607.187,47041.740,3434.553,
Contact STARLINK-2228 - MoonARTEMIS2,54734.684,63771.464,9036.780,
Contact STARLINK-2228 - MoonARTEMIS2,65866.119,74919.379,9053.261,
Contact STARLINK-2228 - MoonARTEMIS2,76994.125,86065.566,9071.441,
Contact STARLINK-2228 - MoonIOAGEO,0.000,2523.549,2523.549,
Contact STARLINK-2228 - MoonIOAGEO,4687.329,13064.644,8377.314,
Contact STARLINK-2228 - MoonIOAGEO,17261.315,24798.056,7536.740,
Contact STARLINK-2228 - MoonIOAGEO,26937.103,30360.506,3423.404,
Contact STARLINK-2228 - MoonIOAGEO,38047.235,41473.523,3426.288,
Contact STARLINK-2228 - MoonIOAGEO,43601.534,52602.369,9000.835,
Contact STARLINK-2228 - MoonIOAGEO,65851.138,74889.992,9038.854,
Contact STARLINK-2228 - MoonIOAGEO,76968.694,86005.947,9037.253,
Contact STARLINK-2228 - MoonIOAGNO,0.000,2526.128,2526.128,
Contact STARLINK-2228 - MoonIOAGNO,4687.686,13673.122,8985.436,
Contact STARLINK-2228 - MoonIOAGNO,15828.218,24801.848,8973.630,
Contact STARLINK-2228 - MoonIOAGNO,26948.376,30361.133,3412.756,
Contact STARLINK-2228 - MoonIOAGNO,38055.543,41476.551,3421.008,
Contact STARLINK-2228 - MoonIOAGNO,43606.333,52615.550,9009.217,
Contact STARLINK-2228 - MoonIOAGNO,54734.594,63762.525,9027.931,
Contact STARLINK-2228 - MoonIOAGNO,65866.867,74886.956,9020.088,
Contact STARLINK-2228 - MoonIOAGNO,76979.042,86007.643,9028.601,
Contact STARLINK-2228 - MoonIOAGNO 0001,0.000,2548.344,2548.344,
Contact STARLINK-2228 - MoonIOAGNO 0001,4711.973,13664.079,8952.106,
Contact STARLINK-2228 - MoonIOAGNO 0001,15819.648,24778.566,8958.917,
Contact STARLINK-2228 - MoonIOAGNO 0001,26922.845,30351.641,3428.796,
Contact STARLINK-2228 - MoonIOAGNO 0001,38065.825,41498.215,3432.390,
Contact STARLINK-2228 - MoonIOAGNO 0001,43628.020,52620.801,8992.781,
Contact STARLINK-2228 - MoonIOAGNO 0001,54740.322,63738.558,8998.236,
Contact STARLINK-2228 - MoonIOAGNO 0001,65843.015,74886.229,9043.214,
Contact STARLINK-2228 - MoonIOAGNO 0001,76975.430,86033.938,9058.508,
Contact STARLINK-2228 - MoonIOAGSO,0.000,2532.401,2532.401,
Contact STARLINK-2228 - MoonIOAGSO,4695.920,8098.251,3402.332,
Contact STARLINK-2228 - MoonIOAGSO,15803.275,24780.209,8976.934,
Contact STARLINK-2228 - MoonIOAGSO,26915.794,30345.110,3429.316,
Contact STARLINK-2228 - MoonIOAGSO,38038.890,41479.078,3440.189,
Contact STARLINK-2228 - MoonIOAGSO,43604.014,52231.221,8627.206,
Contact STARLINK-2228 - MoonIOAGSO,55021.742,63740.016,8718.274,
Contact STARLINK-2228 - MoonIOAGSO,65829.954,74877.036,9047.082,
Contact STARLINK-2228 - MoonIOAGSO,76951.247,86017.831,9066.584,
Contact STARLINK-2228 - MoonIOAGSO 0001,0.000,2525.534,2525.534,
Contact STARLINK-2228 - MoonIOAGSO 0001,4680.634,13653.466,8972.832,
Contact STARLINK-2228 - MoonIOAGSO 0001,15802.407,24787.188,8984.781,
Contact STARLINK-2228 - MoonIOAGSO 0001,26932.694,30352.387,3419.694,
Contact STARLINK-2228 - MoonIOAGSO 0001,38038.100,41475.337,3437.237,
Contact STARLINK-2228 - MoonIOAGSO 0001,43593.385,52607.534,9014.149,
Contact STARLINK-2228 - MoonIOAGSO 0001,54712.910,63744.749,9031.839,
Contact STARLINK-2228 - MoonIOAGSO 0001,65842.624,73949.476,8106.852,
Contact STARLINK-2228 - MoonIOAGSO 0001,76959.281,86012.315,9053.035,
Contact STARLINK-2228 - MoonLRO,0.000,2535.850,2535.850,
Contact STARLINK-2228 - MoonLRO,6848.716,8094.953,1246.237,
Contact STARLINK-2228 - MoonLRO,21367.780,24478.551,3110.770,
Contact STARLINK-2228 - MoonLRO,27295.775,30354.786,3059.012,
Contact STARLINK-2228 - MoonLRO,49165.035,51818.149,2653.114,
Contact STARLINK-2228 - MoonLRO,54721.271,58181.433,3460.162,
Contact STARLINK-2228 - MoonLRO,68298.926,72299.013,4000.087,
Contact STARLINK-2228 - MoonLRO,82519.971,85990.082,3470.111,
Contact STARLINK-2228 - MarsSat1,62.698,9784.481,9721.783,
Contact STARLINK-2228 - MarsSat1,11190.663,20897.712,9707.048,
Contact STARLINK-2228 - MarsSat1,22318.310,32010.469,9692.159,
Contact STARLINK-2228 - MarsSat1,33445.570,43122.717,9677.147,
Contact STARLINK-2228 - MarsSat1,44572.403,59790.154,15217.751,
Contact STARLINK-2228 - MarsSat1,61261.864,70901.242,9639.378,
Contact STARLINK-2228 - MarsSat1,72387.693,82011.992,9624.299,
Contact STARLINK-2228 - MarsSat1,83513.167,86400.000,2886.833,
Contact STARLINK-2228 - MarsSat2,62.727,9784.460,9721.732,
Contact STARLINK-2228 - MarsSat2,11190.654,20897.506,9706.853,
Contact STARLINK-2228 - MarsSat2,22318.263,32010.161,9691.898,
Contact STARLINK-2228 - MarsSat2,33445.519,43122.408,9676.889,
Contact STARLINK-2228 - MarsSat2,44572.403,59790.017,15217.613,
Contact STARLINK-2228 - MarsSat2,61262.003,70901.264,9639.260,
Contact STARLINK-2228 - MarsSat2,72387.899,82012.132,9624.233,
Contact STARLINK-2228 - MarsSat2,83513.378,86400.000,2886.622,
Contact STARLINK-2228 - MarsSat3,62.725,9784.658,9721.933,
Contact STARLINK-2228 - MarsSat3,11190.549,20897.658,9707.109,
Contact STARLINK-2228 - MarsSat3,22318.170,32010.250,9692.080,
Contact STARLINK-2228 - MarsSat3,33445.520,43122.490,9676.971,
Contact STARLINK-2228 - MarsSat3,44572.460,59790.126,15217.666,
Contact STARLINK-2228 - MarsSat3,61262.048,70901.383,9639.335,
Contact STARLINK-2228 - MarsSat3,72387.890,82012.234,9624.344,
Contact STARLINK-2228 - MarsSat3,83513.296,86400.000,2886.704,
Contact STARLINK-2228 - MarsSat4,62.859,9031.058,8968.199,
Contact STARLINK-2228 - MarsSat4,11190.642,20897.672,9707.030,
Contact STARLINK-2228 - MarsSat4,22318.215,32010.307,9692.092,
Contact STARLINK-2228 - MarsSat4,33445.532,41360.090,7914.558,
Contact STARLINK-2228 - MarsSat4,44572.292,59790.061,15217.769,
Contact STARLINK-2228 - MarsSat4,61261.957,70901.294,9639.336,
Contact STARLINK-2228 - MarsSat4,75534.576,82012.124,6477.548,
Contact STARLINK-2228 - MarsSat4,83513.238,86400.000,2886.762,
Contact STARLINK-1736 - STARLINK-30425,53549.793,54558.662,1008.869,
Contact STARLINK-1736 - STARLINK-30425,61544.982,86400.000,24855.018,
Contact STARLINK-1736 - STARLINK-3346,13756.698,14636.997,880.299,
Contact STARLINK-1736 - STARLINK-3346,24856.531,31909.136,7052.605,
Contact STARLINK-1736 - STARLINK-3346,38799.188,46221.791,7422.603,
Contact STARLINK-1736 - STARLINK-3346,47218.622,60432.026,13213.405,
Contact STARLINK-1736 - STARLINK-3346,61279.739,71736.489,10456.750,
Contact STARLINK-1736 - STARLINK-3346,72611.053,85793.532,13182.480,
Contact STARLINK-1736 - STARLINK-5978,0.000,249.715,249.715,
Contact STARLINK-1736 - STARLINK-5978,10528.234,14495.573,3967.339,
Contact STARLINK-1736 - STARLINK-5978,24817.058,25828.826,1011.768,
Contact STARLINK-1736 - STARLINK-5978,39200.434,39904.050,703.616,
Contact STARLINK-1736 - STARLINK-30613,82615.709,83141.161,525.453,
Contact STARLINK-1736 - STARLINK-31764,0.000,6450.702,6450.702,
Contact STARLINK-1736 - STARLINK-31764,13996.589,14694.026,697.437,
Contact STARLINK-1736 - STARLINK-4402,10288.660,10969.502,680.842,
Contact STARLINK-1736 - STARLINK-4402,35883.226,36512.780,629.554,
Contact STARLINK-1736 - STARLINK-4402,50096.438,50709.005,612.567,
Contact STARLINK-1736 - STARLINK-4402,64320.473,64895.017,574.544,
Contact STARLINK-1736 - STARLINK-6255,60286.362,86400.000,26113.638,
Contact STARLINK-1736 - STARLINK-3898,60810.673,86400.000,25589.327,
Contact STARLINK-1736 - STARLINK-30842,2958.572,4279.982,1321.411,
Contact STARLINK-1736 - STARLINK-30842,11479.783,18433.834,6954.051,
Contact STARLINK-1736 - STARLINK-30842,28645.178,32473.382,3828.203,
Contact STARLINK-1736 - STARLINK-30842,43129.309,43585.767,456.458,
Contact STARLINK-1736 - STARLINK-31539,7116.213,7819.233,703.020,
Contact STARLINK-1736 - STARLINK-31539,21177.535,21792.681,615.146,
Contact STARLINK-1736 - STARLINK-31539,46570.025,46861.222,291.197,
Contact STARLINK-1736 - STARLINK-5807,3247.537,3993.755,746.218,
Contact STARLINK-1736 - STARLINK-30367,46751.809,53854.337,7102.527,
Contact STARLINK-1736 - STARLINK-30367,54436.805,86400.000,31963.195,
Contact STARLINK-1736 - STARLINK-2388,3453.967,4263.976,810.008,
Contact STARLINK-1736 - STARLINK-2388,17712.365,18297.139,584.774,
Contact STARLINK-1736 - STARLINK-1700,0.000,4143.987,4143.987,
Contact STARLINK-1736 - STARLINK-1700,11277.553,18238.057,6960.504,
Contact STARLINK-1736 - STARLINK-1700,28455.089,29446.008,990.919,
Contact STARLINK-1736 - STARLINK-1700,42980.952,43265.514,284.562,
Contact STARLINK-1736 - STARLINK-31463,6785.683,7670.539,884.856,
Contact STARLINK-1736 - STARLINK-31463,20839.443,21725.692,886.249,
Contact STARLINK-1736 - STARLINK-31463,32083.295,32969.004,885.710,
Contact STARLINK-1736 - STARLINK-31463,46139.175,47022.128,882.954,
Contact STARLINK-1736 - STARLINK-31463,57383.009,58265.384,882.375,
Contact STARLINK-1736 - STARLINK-31463,71436.706,72320.400,883.694,
Contact STARLINK-1736 - STARLINK-31463,82680.519,83563.598,883.080,
Contact STARLINK-1736 - MoonARTEMIS1,0.000,3165.970,3165.970,
Contact STARLINK-1736 - MoonARTEMIS1,5081.733,20034.311,14952.577,
Contact STARLINK-1736 - MoonARTEMIS1,22021.520,31065.282,9043.762,
Contact STARLINK-1736 - MoonARTEMIS1,33961.866,42522.705,8560.840,
Contact STARLINK-1736 - MoonARTEMIS1,44552.581,53766.330,9213.749,
Contact STARLINK-1736 - MoonARTEMIS1,55812.677,59388.866,3576.188,
Contact STARLINK-1736 - MoonARTEMIS1,61444.276,70635.186,9190.910,
Contact STARLINK-1736 - MoonARTEMIS1,72709.349,81883.140,9173.791,
Contact STARLINK-1736 - MoonARTEMIS1,83976.101,86400.000,2423.899,
Contact STARLINK-1736 - MoonARTEMIS2,0.000,3187.717,3187.717,
Contact STARLINK-1736 - MoonARTEMIS2,5170.609,8808.855,3638.246,
Contact STARLINK-1736 - MoonARTEMIS2,10804.897,20050.580,9245.682,
Contact STARLINK-1736 - MoonARTEMIS2,22068.824,31290.918,9222.094,
Contact STARLINK-1736 - MoonARTEMIS2,33325.679,42528.139,9202.460,
Contact STARLINK-1736 - MoonARTEMIS2,44570.888,47362.762,2791.874,
Contact STARLINK-1736 - MoonARTEMIS2,55852.785,59407.550,3554.766,
Contact STARLINK-1736 - MoonARTEMIS2,61492.657,70660.970,9168.314,
Contact STARLINK-1736 - MoonARTEMIS2,72766.166,81912.870,9146.704,
Contact STARLINK-1736 - MoonARTEMIS2,84033.976,86400.000,2366.024,
Contact STARLINK-1736 - MoonIOAGEO,0.000,3170.181,3170.181,
Contact STARLINK-1736 - MoonIOAGEO,5105.210,13019.889,7914.679,
Contact STARLINK-1736 - MoonIOAGEO,17210.079,20037.615,2827.536,
Contact STARLINK-1736 - MoonIOAGEO,22041.425,31282.069,9240.644,
Contact STARLINK-1736 - MoonIOAGEO,33309.566,42526.170,9216.604,
Contact STARLINK-1736 - MoonIOAGEO,44564.630,53774.069,9209.439,
Contact STARLINK-1736 - MoonIOAGEO,61477.442,70647.991,9170.549,
Contact STARLINK-1736 - MoonIOAGEO,72747.381,81893.279,9145.898,
Contact STARLINK-1736 - MoonIOAGEO,84000.236,86400.000,2399.764,
Contact STARLINK-1736 - MoonIOAGNO,0.000,3171.333,3171.333,
Contact STARLINK-1736 - MoonIOAGNO,5107.662,20059.629,14951.966,
Contact STARLINK-1736 - MoonIOAGNO,22053.768,31305.278,9251.510,
Contact STARLINK-1736 - MoonIOAGNO,33315.651,42535.473,9219.822,
Contact STARLINK-1736 - MoonIOAGNO,44568.401,53776.889,9208.487,
Contact STARLINK-1736 - MoonIOAGNO,55854.037,59414.261,3560.224,
Contact STARLINK-1736 - MoonIOAGNO,61494.806,70668.147,9173.342,
Contact STARLINK-1736 - MoonIOAGNO,72757.070,81906.501,9149.431,
Contact STARLINK-1736 - MoonIOAGNO,84006.574,86400.000,2393.426,
Contact STARLINK-1736 - MoonIOAGNO 0001,0.000,3198.715,3198.715,
Contact STARLINK-1736 - MoonIOAGNO 0001,5137.590,20047.429,14909.839,
Contact STARLINK-1736 - MoonIOAGNO 0001,22026.278,31280.570,9254.292,
Contact STARLINK-1736 - MoonIOAGNO 0001,33315.092,42550.087,9234.994,
Contact STARLINK-1736 - MoonIOAGNO 0001,44594.885,53795.511,9200.626,
Contact STARLINK-1736 - MoonIOAGNO 0001,55852.916,59412.755,3559.840,
Contact STARLINK-1736 - MoonIOAGNO 0001,61478.008,70640.536,9162.528,
Contact STARLINK-1736 - MoonIOAGNO 0001,72735.097,81911.202,9176.105,
Contact STARLINK-1736 - MoonIOAGNO 0001,84023.537,86400.000,2376.463,
Contact STARLINK-1736 - MoonIOAGSO,0.000,3168.920,3168.920,
Contact STARLINK-1736 - MoonIOAGSO,5120.782,8797.415,3676.633,
Contact STARLINK-1736 - MoonIOAGSO,11606.879,20014.640,8407.761,
Contact STARLINK-1736 - MoonIOAGSO,22021.000,31258.212,9237.212,
Contact STARLINK-1736 - MoonIOAGSO,33293.868,42518.266,9224.398,
Contact STARLINK-1736 - MoonIOAGSO,44572.318,52207.808,7635.490,
Contact STARLINK-1736 - MoonIOAGSO,55836.321,59384.483,3548.163,
Contact STARLINK-1736 - MoonIOAGSO,61463.869,70625.079,9161.211,
Contact STARLINK-1736 - MoonIOAGSO,72727.427,81881.033,9153.606,
Contact STARLINK-1736 - MoonIOAGSO,83998.238,86400.000,2401.762,
Contact STARLINK-1736 - MoonIOAGSO 0001,0.000,3143.073,3143.073,
Contact STARLINK-1736 - MoonIOAGSO 0001,5108.483,14392.855,9284.372,
Contact STARLINK-1736 - MoonIOAGSO 0001,16387.921,20024.236,3636.315,
Contact STARLINK-1736 - MoonIOAGSO 0001,22029.461,30537.231,8507.770,
Contact STARLINK-1736 - MoonIOAGSO 0001,33335.001,42507.114,9172.112,
Contact STARLINK-1736 - MoonIOAGSO 0001,44561.628,53753.604,9191.976,
Contact STARLINK-1736 - MoonIOAGSO 0001,55831.381,59382.509,3551.128,
Contact STARLINK-1736 - MoonIOAGSO 0001,61468.613,70650.161,9181.549,
Contact STARLINK-1736 - MoonIOAGSO 0001,78365.134,81880.402,3515.269,
Contact STARLINK-1736 - MoonIOAGSO 0001,83991.728,86400.000,2408.272,
Contact STARLINK-1736 - MoonLRO,0.000,3176.128,3176.128,
Contact STARLINK-1736 - MoonLRO,6826.446,8791.978,1965.531,
Contact STARLINK-1736 - MoonLRO,13682.462,14408.664,726.202,
Contact STARLINK-1736 - MoonLRO,27663.670,31287.097,3623.427,
Contact STARLINK-1736 - MoonLRO,34120.338,36908.360,2788.022,
Contact STARLINK-1736 - MoonLRO,50210.658,51786.530,1575.871,
Contact STARLINK-1736 - MoonLRO,55839.460,58651.671,2812.210,
Contact STARLINK-1736 - MoonLRO,61469.956,70647.988,9178.032,
Contact STARLINK-1736 - MoonLRO,75118.313,76266.859,1148.547,
Contact STARLINK-1736 - MarsSat1,0.000,3418.085,3418.085,
Contact STARLINK-1736 - MarsSat1,5478.620,9044.177,3565.557,
Contact STARLINK-1736 - MarsSat1,11102.741,20296.396,9193.655,
Contact STARLINK-1736 - MarsSat1,22350.926,31548.662,9197.736,
Contact STARLINK-1736 - MarsSat1,33599.044,42800.979,9201.935,
Contact STARLINK-1736 - MarsSat1,44847.110,48427.161,3580.050,
Contact STARLINK-1736 - MarsSat1,50471.128,59679.582,9208.453,
Contact STARLINK-1736 - MarsSat1,61719.139,70932.091,9212.952,
Contact STARLINK-1736 - MarsSat1,72967.112,82184.696,9217.584,
Contact STARLINK-1736 - MarsSat1,84215.034,86400.000,2184.966,
Contact STARLINK-1736 - MarsSat2,0.000,3418.071,3418.071,
Contact STARLINK-1736 - MarsSat2,5478.602,9044.177,3565.575,
Contact STARLINK-1736 - MarsSat2,11102.753,20296.421,9193.668,
Contact STARLINK-1736 - MarsSat2,22350.989,31548.708,9197.719,
Contact STARLINK-1736 - MarsSat2,33599.143,42801.048,9201.905,
Contact STARLINK-1736 - MarsSat2,44847.226,48427.241,3580.015,
Contact STARLINK-1736 - MarsSat2,50471.244,59679.675,9208.432,
Contact STARLINK-1736 - MarsSat2,61719.233,70932.180,9212.947,
Contact STARLINK-1736 - MarsSat2,72967.164,82184.759,9217.594,
Contact STARLINK-1736 - MarsSat2,84215.039,86400.000,2184.961,
Contact STARLINK-1736 - MarsSat3,0.000,3418.028,3418.028,
Contact STARLINK-1736 - MarsSat3,5478.528,9044.102,3565.574,
Contact STARLINK-1736 - MarsSat3,11102.654,20296.344,9193.690,
Contact STARLINK-1736 - MarsSat3,22350.910,31548.681,9197.772,
Contact STARLINK-1736 - MarsSat3,33599.112,42801.051,9201.939,
Contact STARLINK-1736 - MarsSat3,44847.213,48427.246,3580.034,
Contact STARLINK-1736 - MarsSat3,50471.229,59679.669,9208.441,
Contact STARLINK-1736 - MarsSat3,61719.202,70932.147,9212.945,
Contact STARLINK-1736 - MarsSat3,72967.109,82184.694,9217.585,
Contact STARLINK-1736 - MarsSat3,84214.965,86400.000,2185.035,
Contact STARLINK-1736 - MarsSat4,0.000,3418.120,3418.120,
Contact STARLINK-1736 - MarsSat4,5478.619,9031.019,3552.400,
Contact STARLINK-1736 - MarsSat4,11102.697,20296.359,9193.662,
Contact STARLINK-1736 - MarsSat4,22350.918,31548.680,9197.762,
Contact STARLINK-1736 - MarsSat4,33599.093,41359.999,7760.906,
Contact STARLINK-1736 - MarsSat4,44847.115,48427.139,3580.024,
Contact STARLINK-1736 - MarsSat4,50471.145,59679.637,9208.492,
Contact STARLINK-1736 - MarsSat4,61719.205,70932.152,9212.947,
Contact STARLINK-1736 - MarsSat4,75534.679,82184.690,6650.011,
Contact STARLINK-1736 - MarsSat4,84215.006,86400.000,2184.994,
Contact STARLINK-6372 - STARLINK-4772,3299.624,4220.534,920.909,
Contact STARLINK-6372 - STARLINK-4772,17554.970,18513.606,958.636,
Contact STARLINK-6372 - STARLINK-4772,31817.929,32799.162,981.233,
Contact STARLINK-6372 - STARLINK-4772,46090.267,47075.083,984.816,
Contact STARLINK-6372 - STARLINK-4772,57513.748,61344.081,3830.332,
Contact STARLINK-6372 - STARLINK-4772,71799.926,75602.984,3803.059,
Contact STARLINK-6372 - STARLINK-4772,86096.175,86400.000,303.825,
Contact STARLINK-6372 - STARLINK-30320,79766.639,86400.000,6633.361,
Contact STARLINK-6372 - STARLINK-31919,61016.391,61652.214,635.823,
Contact STARLINK-6372 - STARLINK-31919,75025.012,75962.213,937.201,
Contact STARLINK-6372 - STARLINK-31919,86303.982,86400.000,96.018,
Contact STARLINK-6372 - STARLINK-31639,69173.034,86400.000,17226.966,
Contact STARLINK-6372 - STARLINK-31600,85861.685,86400.000,538.315,
Contact STARLINK-6372 - STARLINK-4687,2934.784,3855.016,920.233,
Contact STARLINK-6372 - STARLINK-4687,14394.965,18157.906,3762.941,
Contact STARLINK-6372 - STARLINK-4687,28722.270,32461.461,3739.190,
Contact STARLINK-6372 - STARLINK-4687,43049.174,43902.514,853.340,
Contact STARLINK-6372 - STARLINK-4687,57379.388,58201.365,821.976,
Contact STARLINK-6372 - STARLINK-4687,71709.103,72501.061,791.958,
Contact STARLINK-6372 - STARLINK-4687,86042.587,86400.000,357.413,
Contact STARLINK-6372 - STARLINK-4402,0.000,611.107,611.107,
Contact STARLINK-6372 - STARLINK-4402,14235.134,14959.537,724.404,
Contact STARLINK-6372 - STARLINK-4402,28587.948,29305.235,717.288,
Contact STARLINK-6372 - STARLINK-4402,42937.965,43653.429,715.463,
Contact STARLINK-6372 - STARLINK-4402,57290.826,57999.057,708.232,
Contact STARLINK-6372 - STARLINK-4402,71641.070,72347.002,705.933,
Contact STARLINK-6372 - STARLINK-4402,85993.991,86400.000,406.009,
Contact STARLINK-6372 - STARLINK-31502,3045.254,3871.292,826.038,
Contact STARLINK-6372 - STARLINK-31502,14263.079,18160.204,3897.125,
Contact STARLINK-6372 - STARLINK-31502,28383.957,29517.245,1133.287,
Contact STARLINK-6372 - STARLINK-31502,42598.645,43627.140,1028.495,
Contact STARLINK-6372 - STARLINK-31502,56937.252,57615.187,677.935,
Contact STARLINK-6372 - STARLINK-5618,57075.521,57635.447,559.927,
Contact STARLINK-6372 - STARLINK-5618,68381.758,72135.674,3753.917,
Contact STARLINK-6372 - STARLINK-5618,82532.984,86400.000,3867.016,
Contact STARLINK-6372 - STARLINK-4631,2880.013,3876.723,996.710,
Contact STARLINK-6372 - STARLINK-4631,14334.328,18183.661,3849.333,
Contact STARLINK-6372 - STARLINK-4631,28655.036,32492.500,3837.464,
Contact STARLINK-6372 - STARLINK-4631,42973.997,43937.249,963.252,
Contact STARLINK-6372 - STARLINK-4631,57297.595,58240.122,942.526,
Contact STARLINK-6372 - STARLINK-4631,71619.291,72545.157,925.866,
Contact STARLINK-6372 - STARLINK-4631,85945.882,86400.000,454.118,
Contact STARLINK-6372 - STARLINK-31722,6529.125,7790.086,1260.961,
Contact STARLINK-6372 - STARLINK-31722,15036.817,21906.240,6869.424,
Contact STARLINK-6372 - STARLINK-31722,32186.030,33107.739,921.710,
Contact STARLINK-6372 - STARLINK-1581,0.000,25382.051,25382.051,
Contact STARLINK-6372 - STARLINK-4290,0.000,86400.000,86400.000,
Contact STARLINK-6372 - STARLINK-6142,0.000,86400.000,86400.000,
Contact STARLINK-6372 - STARLINK-3167,0.000,3622.067,3622.067,
Contact STARLINK-6372 - STARLINK-3167,14063.670,15013.267,949.597,
Contact STARLINK-6372 - STARLINK-3167,28367.887,29237.162,869.275,
Contact STARLINK-6372 - STARLINK-3167,42680.436,43453.211,772.775,
Contact STARLINK-6372 - STARLINK-3167,57018.807,57643.162,624.355,
Contact STARLINK-6372 - STARLINK-5049,3244.516,3803.707,559.191,
Contact STARLINK-6372 - STARLINK-5049,17599.199,18130.048,530.849,
Contact STARLINK-6372 - STARLINK-5049,31938.602,32471.587,532.985,
Contact STARLINK-6372 - MoonARTEMIS1,1130.232,10799.532,9669.301,
Contact STARLINK-6372 - MoonARTEMIS1,12673.972,16545.280,3871.308,
Contact STARLINK-6372 - MoonARTEMIS1,18446.922,28040.077,9593.155,
Contact STARLINK-6372 - MoonARTEMIS1,35734.414,39514.401,3779.987,
Contact STARLINK-6372 - MoonARTEMIS1,41477.452,45251.952,3774.500,
Contact STARLINK-6372 - MoonARTEMIS1,47224.380,56730.532,9506.152,
Contact STARLINK-6372 - MoonARTEMIS1,58724.461,68212.251,9487.790,
Contact STARLINK-6372 - MoonARTEMIS1,70229.334,73954.070,3724.736,
Contact STARLINK-6372 - MoonARTEMIS1,75982.924,85439.490,9456.566,
Contact STARLINK-6372 - MoonARTEMIS2,1259.079,16582.775,15323.696,
Contact STARLINK-6372 - MoonARTEMIS2,18525.004,28058.502,9533.498,
Contact STARLINK-6372 - MoonARTEMIS2,30024.041,39529.122,9505.082,
Contact STARLINK-6372 - MoonARTEMIS2,41509.247,45261.624,3752.377,
Contact STARLINK-6372 - MoonARTEMIS2,53021.463,56759.837,3738.374,
Contact STARLINK-6372 - MoonARTEMIS2,58786.397,68253.435,9467.038,
Contact STARLINK-6372 - MoonARTEMIS2,70306.338,73998.723,3692.385,
Contact STARLINK-6372 - MoonARTEMIS2,76062.850,85487.302,9424.452,
Contact STARLINK-6372 - MoonIOAGEO,1169.683,10811.191,9641.508,
Contact STARLINK-6372 - MoonIOAGEO,18479.196,28043.916,9564.720,
Contact STARLINK-6372 - MoonIOAGEO,30002.514,39520.344,9517.830,
Contact STARLINK-6372 - MoonIOAGEO,41492.749,45259.711,3766.961,
Contact STARLINK-6372 - MoonIOAGEO,47242.423,56747.992,9505.570,
Contact STARLINK-6372 - MoonIOAGEO,64529.439,68238.407,3708.968,
Contact STARLINK-6372 - MoonIOAGEO,70286.292,73979.411,3693.118,
Contact STARLINK-6372 - MoonIOAGEO,76034.452,85456.038,9421.586,
Contact STARLINK-6372 - MoonIOAGNO,1172.151,16577.000,15404.849,
Contact STARLINK-6372 - MoonIOAGNO,18491.689,28064.451,9572.762,
Contact STARLINK-6372 - MoonIOAGNO,29997.396,39533.217,9535.821,
Contact STARLINK-6372 - MoonIOAGNO,41494.516,45263.616,3769.100,
Contact STARLINK-6372 - MoonIOAGNO,47245.534,56762.461,9516.927,
Contact STARLINK-6372 - MoonIOAGNO,58785.793,68256.366,9470.573,
Contact STARLINK-6372 - MoonIOAGNO,70289.415,73995.260,3705.845,
Contact STARLINK-6372 - MoonIOAGNO,76035.343,85463.649,9428.306,
Contact STARLINK-6372 - MoonIOAGNO 0001,1204.552,16569.667,15365.115,
Contact STARLINK-6372 - MoonIOAGNO 0001,18462.588,28030.942,9568.354,
Contact STARLINK-6372 - MoonIOAGNO 0001,29987.684,39544.843,9557.159,
Contact STARLINK-6372 - MoonIOAGNO 0001,41522.006,45289.746,3767.740,
Contact STARLINK-6372 - MoonIOAGNO 0001,47273.686,56765.118,9491.432,
Contact STARLINK-6372 - MoonIOAGNO 0001,58768.097,68229.149,9461.052,
Contact STARLINK-6372 - MoonIOAGNO 0001,70263.279,73974.238,3710.959,
Contact STARLINK-6372 - MoonIOAGNO 0001,76036.263,85481.540,9445.277,
Contact STARLINK-6372 - MoonIOAGSO,1189.437,8815.474,7626.037,
Contact STARLINK-6372 - MoonIOAGSO,12710.419,16539.809,3829.390,
Contact STARLINK-6372 - MoonIOAGSO,18469.425,28016.813,9547.388,
Contact STARLINK-6372 - MoonIOAGSO,29985.962,39510.010,9524.048,
Contact STARLINK-6372 - MoonIOAGSO,41501.934,45261.792,3759.858,
Contact STARLINK-6372 - MoonIOAGSO,47259.436,51012.212,3752.776,
Contact STARLINK-6372 - MoonIOAGSO,58761.748,68214.463,9452.716,
Contact STARLINK-6372 - MoonIOAGSO,70267.258,73957.668,3690.410,
Contact STARLINK-6372 - MoonIOAGSO,76021.143,85453.103,9431.960,
Contact STARLINK-6372 - MoonIOAGSO 0001,1189.486,10790.966,9601.480,
Contact STARLINK-6372 - MoonIOAGSO 0001,12711.506,16538.914,3827.409,
Contact STARLINK-6372 - MoonIOAGSO 0001,18471.702,28044.533,9572.830,
Contact STARLINK-6372 - MoonIOAGSO 0001,35742.422,39506.884,3764.462,
Contact STARLINK-6372 - MoonIOAGSO 0001,41497.444,45244.826,3747.382,
Contact STARLINK-6372 - MoonIOAGSO 0001,47252.855,56732.577,9479.722,
Contact STARLINK-6372 - MoonIOAGSO 0001,58764.553,68233.078,9468.526,
Contact STARLINK-6372 - MoonIOAGSO 0001,70276.131,73949.868,3673.737,
Contact STARLINK-6372 - MoonIOAGSO 0001,76676.839,85443.949,8767.110,
Contact STARLINK-6372 - MoonLRO,1188.014,16560.354,15372.339,
Contact STARLINK-6372 - MoonLRO,20483.270,22296.653,1813.383,
Contact STARLINK-6372 - MoonLRO,35746.155,38129.161,2383.006,
Contact STARLINK-6372 - MoonLRO,41498.810,44983.787,3484.978,
Contact STARLINK-6372 - MoonLRO,47773.936,51012.063,3238.128,
Contact STARLINK-6372 - MoonLRO,64524.482,65448.019,923.537,
Contact STARLINK-6372 - MoonLRO,70275.503,72299.791,2024.288,
Contact STARLINK-6372 - MoonLRO,81906.676,85464.796,3558.120,
Contact STARLINK-6372 - MarsSat1,1853.711,5511.384,3657.673,
Contact STARLINK-6372 - MarsSat1,7592.618,16992.216,9399.598,
Contact STARLINK-6372 - MarsSat1,19070.408,28473.123,9402.715,
Contact STARLINK-6372 - MarsSat1,30548.168,34213.605,3665.436,
Contact STARLINK-6372 - MarsSat1,36287.040,45694.627,9407.587,
Contact STARLINK-6372 - MarsSat1,47764.774,57175.743,9410.969,
Contact STARLINK-6372 - MarsSat1,59242.509,62916.342,3673.833,
Contact STARLINK-6372 - MarsSat1,64981.379,74397.632,9416.252,
Contact STARLINK-6372 - MarsSat1,76459.126,85879.049,9419.922,
Contact STARLINK-6372 - MarsSat2,1853.685,5511.379,3657.694,
Contact STARLINK-6372 - MarsSat2,7592.613,16992.225,9399.612,
Contact STARLINK-6372 - MarsSat2,19070.442,28473.146,9402.704,
Contact STARLINK-6372 - MarsSat2,30548.233,34213.637,3665.404,
Contact STARLINK-6372 - MarsSat2,36287.117,45694.684,9407.567,
Contact STARLINK-6372 - MarsSat2,47764.869,57175.824,9410.954,
Contact STARLINK-6372 - MarsSat2,59242.604,62916.430,3673.825,
Contact STARLINK-6372 - MarsSat2,64981.466,74397.718,9416.251,
Contact STARLINK-6372 - MarsSat2,76459.183,85879.109,9419.927,
Contact STARLINK-6372 - MarsSat3,1853.646,5511.332,3657.686,
Contact STARLINK-6372 - MarsSat3,7592.538,16992.150,9399.612,
Contact STARLINK-6372 - MarsSat3,19070.357,28473.113,9402.755,
Contact STARLINK-6372 - MarsSat3,30548.198,34213.626,3665.428,
Contact STARLINK-6372 - MarsSat3,36287.101,45694.694,9407.593,
Contact STARLINK-6372 - MarsSat3,47764.866,57175.828,9410.962,
Contact STARLINK-6372 - MarsSat3,59242.588,62916.424,3673.836,
Contact STARLINK-6372 - MarsSat3,64981.439,74397.683,9416.243,
Contact STARLINK-6372 - MarsSat3,76459.128,85879.042,9419.914,
Contact STARLINK-6372 - MarsSat4,1853.740,5511.413,3657.673,
Contact STARLINK-6372 - MarsSat4,13331.467,16992.166,3660.699,
Contact STARLINK-6372 - MarsSat4,19070.370,28473.122,9402.752,
Contact STARLINK-6372 - MarsSat4,30548.195,34213.617,3665.422,
Contact STARLINK-6372 - MarsSat4,36287.073,45694.595,9407.522,
Contact STARLINK-6372 - MarsSat4,47764.764,57175.776,9411.012,
Contact STARLINK-6372 - MarsSat4,59242.565,62916.407,3673.843,
Contact STARLINK-6372 - MarsSat4,64981.447,73689.495,8708.048,
Contact STARLINK-6372 - MarsSat4,76459.120,85879.063,9419.943,
Contact STARLINK-30425 - STARLINK-3346,56538.724,86400.000,29861.276,
Contact STARLINK-30425 - STARLINK-5978,14230.275,14919.981,689.705,
Contact STARLINK-30425 - STARLINK-5978,28300.402,29158.399,857.997,
Contact STARLINK-30425 - STARLINK-5978,42470.046,43294.764,824.718,
Contact STARLINK-30425 - STARLINK-5978,53872.013,54539.164,667.151,
Contact STARLINK-30425 - STARLINK-5978,68297.007,68424.631,127.624,
Contact STARLINK-30425 - STARLINK-30613,71839.369,72061.157,221.787,
Contact STARLINK-30425 - STARLINK-30613,85689.280,86400.000,710.720,
Contact STARLINK-30425 - STARLINK-4402,0.000,235.244,235.244,
Contact STARLINK-30425 - STARLINK-4402,25137.259,25581.092,443.832,
Contact STARLINK-30425 - STARLINK-4402,39311.760,39666.455,354.695,
Contact STARLINK-30425 - STARLINK-4402,64773.432,65073.737,300.305,
Contact STARLINK-30425 - STARLINK-4402,78863.826,79242.780,378.954,
Contact STARLINK-30425 - STARLINK-6255,78223.044,82398.650,4175.606,
Contact STARLINK-30425 - STARLINK-6255,83509.219,86400.000,2890.781,
Contact STARLINK-30425 - STARLINK-30842,15357.656,25129.245,9771.588,
Contact STARLINK-30425 - STARLINK-30842,28840.169,39506.646,10666.477,
Contact STARLINK-30425 - STARLINK-30842,40007.508,53178.216,13170.708,
Contact STARLINK-30425 - STARLINK-31539,86208.661,86400.000,191.339,
Contact STARLINK-30425 - STARLINK-5807,6397.766,7833.858,1436.091,
Contact STARLINK-30425 - STARLINK-5807,14801.244,24798.177,9996.933,
Contact STARLINK-30425 - STARLINK-5807,32050.778,33046.889,996.111,
Contact STARLINK-30425 - STARLINK-1581,6753.798,7632.504,878.706,
Contact STARLINK-30425 - STARLINK-30367,64527.603,64948.688,421.085,
Contact STARLINK-30425 - STARLINK-30367,72595.205,82463.794,9868.589,
Contact STARLINK-30425 - STARLINK-5151,71830.548,72193.046,362.498,
Contact STARLINK-30425 - STARLINK-2388,6738.533,13827.724,7089.191,
Contact STARLINK-30425 - STARLINK-2388,15100.333,22288.713,7188.381,
Contact STARLINK-30425 - STARLINK-2388,29176.645,39002.961,9826.316,
Contact STARLINK-30425 - STARLINK-2388,46372.118,47256.135,884.017,
Contact STARLINK-30425 - STARLINK-1700,17569.856,58520.477,40950.621,
Contact STARLINK-30425 - STARLINK-31463,10375.223,11203.144,827.922,
Contact STARLINK-30425 - STARLINK-31463,21530.846,25220.604,3689.758,
Contact STARLINK-30425 - STARLINK-31463,35486.571,36420.470,933.899,
Contact STARLINK-30425 - STARLINK-31463,46664.711,50403.661,3738.950,
Contact STARLINK-30425 - STARLINK-31463,60653.894,61581.711,927.817,
Contact STARLINK-30425 - STARLINK-31463,71853.950,72749.885,895.935,
Contact STARLINK-30425 - STARLINK-31463,85865.691,86400.000,534.309,
Contact STARLINK-30425 - MoonARTEMIS1,0.000,9873.572,9873.572,
Contact STARLINK-30425 - MoonARTEMIS1,10984.871,21002.752,10017.881,
Contact STARLINK-30425 - MoonARTEMIS1,22312.922,31086.148,8773.227,
Contact STARLINK-30425 - MoonARTEMIS1,33922.532,59941.753,26019.221,
Contact STARLINK-30425 - MoonARTEMIS1,61529.808,71071.541,9541.733,
Contact STARLINK-30425 - MoonARTEMIS1,72728.934,82203.552,9474.618,
Contact STARLINK-30425 - MoonARTEMIS1,83929.174,86400.000,2470.826,
Contact STARLINK-30425 - MoonARTEMIS2,0.000,9916.268,9916.268,
Contact STARLINK-30425 - MoonARTEMIS2,11242.691,21033.215,9790.525,
Contact STARLINK-30425 - MoonARTEMIS2,22458.428,32149.263,9690.835,
Contact STARLINK-30425 - MoonARTEMIS2,33647.576,47346.416,13698.839,
Contact STARLINK-30425 - MoonARTEMIS2,51362.409,59972.793,8610.384,
Contact STARLINK-30425 - MoonARTEMIS2,61663.309,71110.997,9447.689,
Contact STARLINK-30425 - MoonARTEMIS2,72876.984,82246.154,9369.170,
Contact STARLINK-30425 - MoonARTEMIS2,84072.396,86400.000,2327.604,
Contact STARLINK-30425 - MoonIOAGEO,0.000,9883.126,9883.126,
Contact STARLINK-30425 - MoonIOAGEO,17311.625,21007.936,3696.312,
Contact STARLINK-30425 - MoonIOAGEO,22388.507,32132.851,9744.344,
Contact STARLINK-30425 - MoonIOAGEO,33606.697,54391.642,20784.945,
Contact STARLINK-30425 - MoonIOAGEO,61628.880,71090.162,9461.282,
Contact STARLINK-30425 - MoonIOAGEO,72839.512,82217.738,9378.226,
Contact STARLINK-30425 - MoonIOAGEO,83995.244,86400.000,2404.756,
Contact STARLINK-30425 - MoonIOAGNO,0.000,9878.828,9878.828,
Contact STARLINK-30425 - MoonIOAGNO,11128.987,21062.942,9933.955,
Contact STARLINK-30425 - MoonIOAGNO,22358.390,32184.645,9826.256,
Contact STARLINK-30425 - MoonIOAGNO,33565.807,48816.971,15251.165,
Contact STARLINK-30425 - MoonIOAGNO,50405.912,59986.796,9580.883,
Contact STARLINK-30425 - MoonIOAGNO,61646.812,71126.460,9479.647,
Contact STARLINK-30425 - MoonIOAGNO,72825.568,82239.922,9414.354,
Contact STARLINK-30425 - MoonIOAGNO,83992.952,86400.000,2407.048,
Contact STARLINK-30425 - MoonIOAGNO 0001,0.000,9954.830,9954.830,
Contact STARLINK-30425 - MoonIOAGNO 0001,11050.406,21029.026,9978.621,
Contact STARLINK-30425 - MoonIOAGNO 0001,22305.014,32136.653,9831.639,
Contact STARLINK-30425 - MoonIOAGNO 0001,33614.590,48873.162,15258.572,
Contact STARLINK-30425 - MoonIOAGNO 0001,50418.731,59983.290,9564.559,
Contact STARLINK-30425 - MoonIOAGNO 0001,61601.910,71078.147,9476.238,
Contact STARLINK-30425 - MoonIOAGNO 0001,72812.844,82247.092,9434.248,
Contact STARLINK-30425 - MoonIOAGNO 0001,84030.782,86400.000,2369.218,
Contact STARLINK-30425 - MoonIOAGSO,0.000,8835.497,8835.497,
Contact STARLINK-30425 - MoonIOAGSO,11655.415,20955.022,9299.607,
Contact STARLINK-30425 - MoonIOAGSO,22381.181,32085.459,9704.278,
Contact STARLINK-30425 - MoonIOAGSO,33610.124,48834.416,15224.292,
Contact STARLINK-30425 - MoonIOAGSO,56017.948,59930.595,3912.647,
Contact STARLINK-30425 - MoonIOAGSO,61622.929,71052.223,9429.294,
Contact STARLINK-30425 - MoonIOAGSO,72821.052,82197.983,9376.930,
Contact STARLINK-30425 - MoonIOAGSO,84009.865,86400.000,2390.135,
Contact STARLINK-30425 - MoonIOAGSO 0001,0.000,9818.051,9818.051,
Contact STARLINK-30425 - MoonIOAGSO 0001,11142.387,20982.299,9839.912,
Contact STARLINK-30425 - MoonIOAGSO 0001,22363.895,30499.311,8135.416,
Contact STARLINK-30425 - MoonIOAGSO 0001,33589.019,48783.710,15194.691,
Contact STARLINK-30425 - MoonIOAGSO 0001,50428.596,59929.679,9501.084,
Contact STARLINK-30425 - MoonIOAGSO 0001,61629.215,71096.372,9467.157,
Contact STARLINK-30425 - MoonIOAGSO 0001,78407.622,82195.890,3788.268,
Contact STARLINK-30425 - MoonIOAGSO 0001,84002.042,86400.000,2397.958,
Contact STARLINK-30425 - MoonLRO,7.816,9894.996,9887.180,
Contact STARLINK-30425 - MoonLRO,13655.023,15440.343,1785.321,
Contact STARLINK-30425 - MoonLRO,27971.757,31306.536,3334.779,
Contact STARLINK-30425 - MoonLRO,34126.226,37708.643,3582.417,
Contact STARLINK-30425 - MoonLRO,40952.022,43264.848,2312.825,
Contact STARLINK-30425 - MoonLRO,56020.704,58632.585,2611.881,
Contact STARLINK-30425 - MoonLRO,61616.016,71094.185,9478.169,
Contact STARLINK-30425 - MoonLRO,75103.458,76650.612,1547.154,
Contact STARLINK-30425 - MarsSat1,1092.500,10071.312,8978.812,
Contact STARLINK-30425 - MarsSat1,12225.058,21203.553,8978.495,
Contact STARLINK-30425 - MarsSat1,23357.526,26769.663,3412.137,
Contact STARLINK-30425 - MarsSat1,34489.906,37901.864,3411.958,
Contact STARLINK-30425 - MarsSat1,40056.066,49034.052,8977.985,
Contact STARLINK-30425 - MarsSat1,51188.332,60166.236,8977.903,
Contact STARLINK-30425 - MarsSat1,62320.537,71298.422,8977.886,
Contact STARLINK-30425 - MarsSat1,73452.683,82430.609,8977.926,
Contact STARLINK-30425 - MarsSat1,84584.767,86400.000,1815.233,
Contact STARLINK-30425 - MarsSat2,1092.476,10071.316,8978.840,
Contact STARLINK-30425 - MarsSat2,12225.068,21203.588,8978.521,
Contact STARLINK-30425 - MarsSat2,23357.564,26769.711,3412.146,
Contact STARLINK-30425 - MarsSat2,34489.968,37901.934,3411.966,
Contact STARLINK-30425 - MarsSat2,40056.138,49034.135,8977.997,
Contact STARLINK-30425 - MarsSat2,51188.417,60166.319,8977.902,
Contact STARLINK-30425 - MarsSat2,62320.617,71298.487,8977.870,
Contact STARLINK-30425 - MarsSat2,73452.742,82430.643,8977.901,
Contact STARLINK-30425 - MarsSat2,84584.793,86400.000,1815.207,
Contact STARLINK-30425 - MarsSat3,1092.447,10071.239,8978.792,
Contact STARLINK-30425 - MarsSat3,12224.988,21203.519,8978.532,
Contact STARLINK-30425 - MarsSat3,23357.505,26769.665,3412.160,
Contact STARLINK-30425 - MarsSat3,34489.951,37901.924,3411.973,
Contact STARLINK-30425 - MarsSat3,40056.132,49034.133,8978.001,
Contact STARLINK-30425 - MarsSat3,51188.413,60166.304,8977.891,
Contact STARLINK-30425 - MarsSat3,62320.599,71298.451,8977.852,
Contact STARLINK-30425 - MarsSat3,73452.701,82430.585,8977.884,
Contact STARLINK-30425 - MarsSat3,84584.732,86400.000,1815.268,
Contact STARLINK-30425 - MarsSat4,1092.530,9030.993,7938.464,
Contact STARLINK-30425 - MarsSat4,12225.019,21203.531,8978.512,
Contact STARLINK-30425 - MarsSat4,23357.515,26769.671,3412.156,
Contact STARLINK-30425 - MarsSat4,34489.935,37901.890,3411.955,
Contact STARLINK-30425 - MarsSat4,43179.721,49034.046,5854.325,
Contact STARLINK-30425 - MarsSat4,51188.337,60166.288,8977.950,
Contact STARLINK-30425 - MarsSat4,62320.594,71298.461,8977.867,
Contact STARLINK-30425 - MarsSat4,75534.632,82430.594,6895.962,
Contact STARLINK-30425 - MarsSat4,84584.758,86400.000,1815.242,
Contact STARLINK-4772 - STARLINK-31919,77239.531,86400.000,9160.469,
Contact STARLINK-4772 - STARLINK-31639,61035.834,61532.664,496.830,
Contact STARLINK-4772 - STARLINK-31639,75141.092,75729.798,588.706,
Contact STARLINK-4772 - STARLINK-31600,64389.198,65228.062,838.864,
Contact STARLINK-4772 - STARLINK-31600,72676.474,79613.011,6936.537,
Contact STARLINK-4772 - STARLINK-4687,9328.117,86400.000,77071.883,
Contact STARLINK-4772 - STARLINK-5978,50212.901,54009.525,3796.624,
Contact STARLINK-4772 - STARLINK-5978,64416.772,71306.710,6889.938,
Contact STARLINK-4772 - STARLINK-5978,78648.423,85679.892,7031.469,
Contact STARLINK-4772 - STARLINK-4402,57305.091,57922.481,617.390,
Contact STARLINK-4772 - STARLINK-4402,71282.939,72568.143,1285.205,
Contact STARLINK-4772 - STARLINK-4402,79707.496,86400.000,6692.504,
Contact STARLINK-4772 - STARLINK-31502,0.000,28216.799,28216.799,
Contact STARLINK-4772 - STARLINK-31502,29314.165,36171.930,6857.764,
Contact STARLINK-4772 - STARLINK-4631,0.000,86400.000,86400.000,
Contact STARLINK-4772 - STARLINK-31722,0.000,6862.177,6862.177,
Contact STARLINK-4772 - STARLINK-31722,13611.548,21103.927,7492.379,
Contact STARLINK-4772 - STARLINK-31722,21991.369,35229.924,13238.556,
Contact STARLINK-4772 - STARLINK-31722,36100.945,46422.659,10321.714,
Contact STARLINK-4772 - STARLINK-31722,47481.587,54762.377,7280.790,
Contact STARLINK-4772 - STARLINK-31722,61795.948,68602.208,6806.260,
Contact STARLINK-4772 - STARLINK-1581,2985.692,3880.568,894.876,
Contact STARLINK-4772 - STARLINK-1581,14309.062,18012.680,3703.618,
Contact STARLINK-4772 - STARLINK-1581,28468.259,29309.818,841.559,
Contact STARLINK-4772 - STARLINK-1581,42642.648,43419.445,776.797,
Contact STARLINK-4772 - STARLINK-1581,53987.123,54702.334,715.211,
Contact STARLINK-4772 - STARLINK-1581,68174.415,68799.488,625.074,
Contact STARLINK-4772 - STARLINK-1581,82387.102,82870.784,483.682,
Contact STARLINK-4772 - STARLINK-4290,3300.157,4198.865,898.708,
Contact STARLINK-4772 - STARLINK-4290,17527.562,18426.422,898.861,
Contact STARLINK-4772 - STARLINK-4290,31757.825,32651.221,893.396,
Contact STARLINK-4772 - STARLINK-4290,43141.310,46877.894,3736.583,
Contact STARLINK-4772 - STARLINK-4290,57369.846,58258.033,888.187,
Contact STARLINK-4772 - STARLINK-4290,71601.073,72481.822,880.749,
Contact STARLINK-4772 - STARLINK-4290,85830.422,86400.000,569.578,
Contact STARLINK-4772 - STARLINK-6142,6459.448,7460.550,1001.103,
Contact STARLINK-4772 - STARLINK-6142,17872.071,21734.527,3862.456,
Contact STARLINK-4772 - STARLINK-6142,32142.368,33146.316,1003.948,
Contact STARLINK-4772 - STARLINK-6142,46425.051,47401.556,976.506,
Contact STARLINK-4772 - STARLINK-6142,60710.553,61654.313,943.760,
Contact STARLINK-4772 - STARLINK-6142,75009.253,75893.540,884.288,
Contact STARLINK-4772 - STARLINK-5049,0.000,57275.696,57275.696,
Contact STARLINK-4772 - STARLINK-5049,58148.679,65580.113,7431.434,
Contact STARLINK-4772 - STARLINK-5049,78756.029,79427.437,671.407,
Contact STARLINK-4772 - MoonARTEMIS1,1378.591,10693.420,9314.830,
Contact STARLINK-4772 - MoonARTEMIS1,12805.226,16405.030,3599.804,
Contact STARLINK-4772 - MoonARTEMIS1,18521.377,27835.168,9313.791,
Contact STARLINK-4772 - MoonARTEMIS1,35651.320,39227.379,3576.059,
Contact STARLINK-4772 - MoonARTEMIS1,41344.448,44922.035,3577.588,
Contact STARLINK-4772 - MoonARTEMIS1,47041.184,56317.384,9276.200,
Contact STARLINK-4772 - MoonARTEMIS1,58441.160,67718.092,9276.933,
Contact STARLINK-4772 - MoonARTEMIS1,69847.138,79122.919,9275.782,
Contact STARLINK-4772 - MoonARTEMIS1,81257.767,84826.721,3568.954,
Contact STARLINK-4772 - MoonARTEMIS2,1472.881,10759.674,9286.793,
Contact STARLINK-4772 - MoonARTEMIS2,12880.880,16460.722,3579.842,
Contact STARLINK-4772 - MoonARTEMIS2,18583.145,27859.456,9276.312,
Contact STARLINK-4772 - MoonARTEMIS2,29983.236,39251.250,9268.014,
Contact STARLINK-4772 - MoonARTEMIS2,41373.271,44942.160,3568.890,
Contact STARLINK-4772 - MoonARTEMIS2,52783.120,56360.558,3577.438,
Contact STARLINK-4772 - MoonARTEMIS2,58497.129,67776.657,9279.528,
Contact STARLINK-4772 - MoonARTEMIS2,69918.854,73482.849,3563.995,
Contact STARLINK-4772 - MoonARTEMIS2,81335.078,84892.598,3557.520,
Contact STARLINK-4772 - MoonIOAGEO,1407.412,10714.822,9307.410,
Contact STARLINK-4772 - MoonIOAGEO,18549.801,27848.894,9299.093,
Contact STARLINK-4772 - MoonIOAGEO,29969.068,39237.543,9268.475,
Contact STARLINK-4772 - MoonIOAGEO,41357.492,44932.194,3574.702,
Contact STARLINK-4772 - MoonIOAGEO,47055.995,56345.370,9289.375,
Contact STARLINK-4772 - MoonIOAGEO,61194.080,67769.148,6575.068,
Contact STARLINK-4772 - MoonIOAGEO,69907.730,73471.319,3563.588,
Contact STARLINK-4772 - MoonIOAGEO,81302.155,84857.063,3554.908,
Contact STARLINK-4772 - MoonIOAGNO,1406.249,10731.070,9324.821,
Contact STARLINK-4772 - MoonIOAGNO,12845.370,16426.750,3581.380,
Contact STARLINK-4772 - MoonIOAGNO,18544.926,27818.281,9273.354,
Contact STARLINK-4772 - MoonIOAGNO,29942.218,39221.068,9278.850,
Contact STARLINK-4772 - MoonIOAGNO,41348.182,44929.994,3581.812,
Contact STARLINK-4772 - MoonIOAGNO,47059.873,56355.636,9295.763,
Contact STARLINK-4772 - MoonIOAGNO,58488.405,67744.902,9256.497,
Contact STARLINK-4772 - MoonIOAGNO,69883.850,79142.171,9258.321,
Contact STARLINK-4772 - MoonIOAGNO,81284.749,84846.133,3561.385,
Contact STARLINK-4772 - MoonIOAGNO 0001,1419.321,10702.518,9283.197,
Contact STARLINK-4772 - MoonIOAGNO 0001,12819.489,16405.442,3585.953,
Contact STARLINK-4772 - MoonIOAGNO 0001,18523.703,27832.118,9308.415,
Contact STARLINK-4772 - MoonIOAGNO 0001,29958.886,39239.337,9280.451,
Contact STARLINK-4772 - MoonIOAGNO 0001,41366.715,44934.213,3567.499,
Contact STARLINK-4772 - MoonIOAGNO 0001,47064.633,56330.979,9266.346,
Contact STARLINK-4772 - MoonIOAGNO 0001,58465.247,67744.315,9279.068,
Contact STARLINK-4772 - MoonIOAGNO 0001,69883.931,73464.508,3580.577,
Contact STARLINK-4772 - MoonIOAGNO 0001,81305.790,84858.466,3552.676,
Contact STARLINK-4772 - MoonIOAGSO,1427.386,8850.552,7423.166,
Contact STARLINK-4772 - MoonIOAGSO,12841.708,16443.023,3601.314,
Contact STARLINK-4772 - MoonIOAGSO,18556.879,27859.558,9302.679,
Contact STARLINK-4772 - MoonIOAGSO,29974.467,39258.279,9283.812,
Contact STARLINK-4772 - MoonIOAGSO,41378.006,44950.955,3572.949,
Contact STARLINK-4772 - MoonIOAGSO,47073.467,50641.813,3568.346,
Contact STARLINK-4772 - MoonIOAGSO,58491.716,67779.968,9288.252,
Contact STARLINK-4772 - MoonIOAGSO,69913.087,73483.471,3570.385,
Contact STARLINK-4772 - MoonIOAGSO,81319.253,84877.700,3558.447,
Contact STARLINK-4772 - MoonIOAGSO 0001,1440.644,10746.280,9305.636,
Contact STARLINK-4772 - MoonIOAGSO 0001,12853.169,16444.763,3591.594,
Contact STARLINK-4772 - MoonIOAGSO 0001,18554.491,27829.800,9275.309,
Contact STARLINK-4772 - MoonIOAGSO 0001,35668.055,39258.823,3590.768,
Contact STARLINK-4772 - MoonIOAGSO 0001,41382.025,44968.152,3586.127,
Contact STARLINK-4772 - MoonIOAGSO 0001,47091.664,56373.098,9281.434,
Contact STARLINK-4772 - MoonIOAGSO 0001,58500.156,67760.317,9260.161,
Contact STARLINK-4772 - MoonIOAGSO 0001,69891.866,73453.457,3561.591,
Contact STARLINK-4772 - MoonIOAGSO 0001,81312.588,84882.786,3570.198,
Contact STARLINK-4772 - MoonLRO,1425.303,10720.141,9294.838,
Contact STARLINK-4772 - MoonLRO,13674.174,16426.523,2752.349,
Contact STARLINK-4772 - MoonLRO,20497.222,22133.663,1636.442,
Contact STARLINK-4772 - MoonLRO,35663.207,38124.520,2461.313,
Contact STARLINK-4772 - MoonLRO,41368.127,44941.519,3573.391,
Contact STARLINK-4772 - MoonLRO,47809.930,50647.109,2837.179,
Contact STARLINK-4772 - MoonLRO,64188.047,65484.816,1296.768,
Contact STARLINK-4772 - MoonLRO,69895.277,79123.128,9227.851,
Contact STARLINK-4772 - MoonLRO,81942.306,84862.619,2920.312,
Contact STARLINK-4772 - MarsSat1,0.000,6020.017,6020.017,
Contact STARLINK-4772 - MarsSat1,8146.881,17397.131,9250.249,
Contact STARLINK-4772 - MarsSat1,19523.048,23085.709,3562.661,
Contact STARLINK-4772 - MarsSat1,30899.211,34462.891,3563.680,
Contact STARLINK-4772 - MarsSat1,36587.283,45840.089,9252.806,
Contact STARLINK-4772 - MarsSat1,47963.398,57217.306,9253.909,
Contact STARLINK-4772 - MarsSat1,59339.483,62905.929,3566.447,
Contact STARLINK-4772 - MarsSat1,65027.521,74283.224,9255.703,
Contact STARLINK-4772 - MarsSat1,76403.612,85660.607,9256.996,
Contact STARLINK-4772 - MarsSat2,0.000,6020.037,6020.037,
Contact STARLINK-4772 - MarsSat2,8146.886,17397.075,9250.189,
Contact STARLINK-4772 - MarsSat2,19522.978,23085.625,3562.647,
Contact STARLINK-4772 - MarsSat2,30899.097,34462.778,3563.681,
Contact STARLINK-4772 - MarsSat2,36587.162,45839.993,9252.831,
Contact STARLINK-4772 - MarsSat2,47963.299,57217.267,9253.968,
Contact STARLINK-4772 - MarsSat2,59339.443,62905.926,3566.482,
Contact STARLINK-4772 - MarsSat2,65027.518,74283.285,9255.767,
Contact STARLINK-4772 - MarsSat2,76403.671,85660.701,9257.030,
Contact STARLINK-4772 - MarsSat3,0.000,6020.087,6020.087,
Contact STARLINK-4772 - MarsSat3,8146.946,17397.117,9250.172,
Contact STARLINK-4772 - MarsSat3,19523.026,23085.657,3562.632,
Contact STARLINK-4772 - MarsSat3,30899.128,34462.807,3563.679,
Contact STARLINK-4772 - MarsSat3,36587.194,45840.031,9252.838,
Contact STARLINK-4772 - MarsSat3,47963.339,57217.312,9253.973,
Contact STARLINK-4772 - MarsSat3,59339.489,62905.970,3566.481,
Contact STARLINK-4772 - MarsSat3,65027.564,74283.320,9255.756,
Contact STARLINK-4772 - MarsSat3,76403.710,85660.711,9257.001,
Contact STARLINK-4772 - MarsSat4,0.000,6020.068,6020.068,
Contact STARLINK-4772 - MarsSat4,13834.986,17397.123,3562.137,
Contact STARLINK-4772 - MarsSat4,19523.033,23085.671,3562.639,
Contact STARLINK-4772 - MarsSat4,30899.150,34462.830,3563.680,
Contact STARLINK-4772 - MarsSat4,36587.220,45840.033,9252.813,
Contact STARLINK-4772 - MarsSat4,47963.344,57217.274,9253.930,
Contact STARLINK-4772 - MarsSat4,59339.454,62905.929,3566.475,
Contact STARLINK-4772 - MarsSat4,65027.523,73689.509,8661.986,
Contact STARLINK-4772 - MarsSat4,76403.672,85660.659,9256.987,
Contact STARLINK-3346 - STARLINK-30320,0.000,2897.077,2897.077,
Contact STARLINK-3346 - STARLINK-30320,10107.957,11291.870,1183.913,
Contact STARLINK-3346 - STARLINK-30320,21561.334,22410.111,848.776,
Contact STARLINK-3346 - STARLINK-31919,3102.805,4144.892,1042.088,
Contact STARLINK-3346 - STARLINK-31919,17251.835,18215.937,964.103,
Contact STARLINK-3346 - STARLINK-31919,28609.997,29434.294,824.297,
Contact STARLINK-3346 - STARLINK-31919,42881.047,43384.602,503.555,
Contact STARLINK-3346 - STARLINK-31600,0.000,20961.703,20961.703,
Contact STARLINK-3346 - STARLINK-31600,22179.877,29207.495,7027.618,
Contact STARLINK-3346 - STARLINK-5978,10743.610,11177.310,433.699,
Contact STARLINK-3346 - STARLINK-5978,25154.897,25412.917,258.020,
Contact STARLINK-3346 - STARLINK-30613,28712.558,29432.747,720.189,
Contact STARLINK-3346 - STARLINK-30613,42954.062,43771.168,817.106,
Contact STARLINK-3346 - STARLINK-30613,57199.216,58105.879,906.663,
Contact STARLINK-3346 - STARLINK-30613,71460.041,72424.912,964.871,
Contact STARLINK-3346 - STARLINK-30613,85722.980,86400.000,677.020,
Contact STARLINK-3346 - STARLINK-31764,0.000,53928.023,53928.023,
Contact STARLINK-3346 - STARLINK-6255,35677.578,36374.191,696.613,
Contact STARLINK-3346 - STARLINK-6255,49789.422,50843.373,1053.952,
Contact STARLINK-3346 - STARLINK-6255,58302.089,65237.186,6935.096,
Contact STARLINK-3346 - STARLINK-6255,72479.231,79630.305,7151.074,
Contact STARLINK-3346 - STARLINK-3898,10098.731,10958.491,859.760,
Contact STARLINK-3346 - STARLINK-3898,21479.102,25223.359,3744.257,
Contact STARLINK-3346 - STARLINK-3898,35717.135,36642.579,925.444,
Contact STARLINK-3346 - STARLINK-3898,49934.905,50924.679,989.774,
Contact STARLINK-3346 - STARLINK-3898,64175.333,65186.004,1010.671,
Contact STARLINK-3346 - STARLINK-3898,75560.241,79464.527,3904.286,
Contact STARLINK-3346 - STARLINK-31539,21210.472,21977.312,766.841,
Contact STARLINK-3346 - STARLINK-31539,35261.290,36137.854,876.565,
Contact STARLINK-3346 - STARLINK-31539,46525.248,47442.492,917.244,
Contact STARLINK-3346 - STARLINK-31539,60633.524,61544.570,911.046,
Contact STARLINK-3346 - STARLINK-31539,71945.422,75611.112,3665.690,
Contact STARLINK-3346 - STARLINK-31539,86119.242,86400.000,280.758,
Contact STARLINK-3346 - STARLINK-30367,7029.774,10825.709,3795.935,
Contact STARLINK-3346 - STARLINK-30367,21238.064,22317.515,1079.451,
Contact STARLINK-3346 - STARLINK-30367,35480.979,36658.377,1177.397,
Contact STARLINK-3346 - STARLINK-30367,49725.140,50998.206,1273.066,
Contact STARLINK-3346 - STARLINK-30367,58289.980,65308.291,7018.311,
Contact STARLINK-3346 - STARLINK-30367,72558.742,79617.249,7058.507,
Contact STARLINK-3346 - STARLINK-5151,3429.732,4338.233,908.501,
Contact STARLINK-3346 - STARLINK-5151,17610.050,18532.015,921.965,
Contact STARLINK-3346 - STARLINK-5151,31799.518,32716.427,916.909,
Contact STARLINK-3346 - STARLINK-5151,43152.007,46902.186,3750.179,
Contact STARLINK-3346 - STARLINK-5151,57343.514,58245.634,902.119,
Contact STARLINK-3346 - STARLINK-5151,71544.788,72418.052,873.264,
Contact STARLINK-3346 - STARLINK-5151,85744.418,86400.000,655.582,
Contact STARLINK-3346 - STARLINK-31463,86052.965,86400.000,347.035,
Contact STARLINK-3346 - MoonARTEMIS1,0.000,24747.786,24747.786,
Contact STARLINK-3346 - MoonARTEMIS1,25664.905,30521.582,4856.677,
Contact STARLINK-3346 - MoonARTEMIS1,33988.420,53353.738,19365.319,
Contact STARLINK-3346 - MoonARTEMIS1,54333.730,64794.133,10460.403,
Contact STARLINK-3346 - MoonARTEMIS1,65824.006,81956.042,16132.036,
Contact STARLINK-3346 - MoonARTEMIS1,83093.475,86400.000,3306.525,
Contact STARLINK-3346 - MoonARTEMIS2,0.000,24883.562,24883.562,
Contact STARLINK-3346 - MoonARTEMIS2,25731.699,47352.646,21620.947,
Contact STARLINK-3346 - MoonARTEMIS2,54456.560,82091.044,27634.484,
Contact STARLINK-3346 - MoonARTEMIS2,83333.025,86400.000,3066.975,
Contact STARLINK-3346 - MoonIOAGEO,0.000,13012.067,13012.067,
Contact STARLINK-3346 - MoonIOAGEO,17138.125,24804.514,7666.389,
Contact STARLINK-3346 - MoonIOAGEO,25714.215,53416.413,27702.198,
Contact STARLINK-3346 - MoonIOAGEO,61423.356,82016.184,20592.828,
Contact STARLINK-3346 - MoonIOAGEO,83213.766,86400.000,3186.234,
Contact STARLINK-3346 - MoonIOAGNO,0.000,24857.251,24857.251,
Contact STARLINK-3346 - MoonIOAGNO,25572.995,53446.295,27873.299,
Contact STARLINK-3346 - MoonIOAGNO,54458.481,82050.554,27592.073,
Contact STARLINK-3346 - MoonIOAGNO,83166.824,86400.000,3233.176,
Contact STARLINK-3346 - MoonIOAGNO 0001,0.000,24736.557,24736.557,
Contact STARLINK-3346 - MoonIOAGNO 0001,25653.296,53502.099,27848.803,
Contact STARLINK-3346 - MoonIOAGNO 0001,54346.875,82076.245,27729.371,
Contact STARLINK-3346 - MoonIOAGNO 0001,83227.646,86400.000,3172.354,
Contact STARLINK-3346 - MoonIOAGSO,0.000,7531.436,7531.436,
Contact STARLINK-3346 - MoonIOAGSO,11599.447,24725.280,13125.833,
Contact STARLINK-3346 - MoonIOAGSO,25781.807,52191.811,26410.005,
Contact STARLINK-3346 - MoonIOAGSO,55087.220,81990.110,26902.889,
Contact STARLINK-3346 - MoonIOAGSO,83272.657,86400.000,3127.343,
Contact STARLINK-3346 - MoonIOAGSO 0001,0.000,24765.760,24765.760,
Contact STARLINK-3346 - MoonIOAGSO 0001,25674.886,30516.650,4841.763,
Contact STARLINK-3346 - MoonIOAGSO 0001,33333.348,53384.071,20050.723,
Contact STARLINK-3346 - MoonIOAGSO 0001,54524.942,73897.842,19372.899,
Contact STARLINK-3346 - MoonIOAGSO 0001,77482.413,81984.934,4502.520,
Contact STARLINK-3346 - MoonIOAGSO 0001,83267.856,86400.000,3132.144,
Contact STARLINK-3346 - MoonLRO,0.000,10773.914,10773.914,
Contact STARLINK-3346 - MoonLRO,14215.574,17612.001,3396.426,
Contact STARLINK-3346 - MoonLRO,20499.786,24472.293,3972.507,
Contact STARLINK-3346 - MoonLRO,27300.914,30526.003,3225.089,
Contact STARLINK-3346 - MoonLRO,34122.865,38132.946,4010.081,
Contact STARLINK-3346 - MoonLRO,40974.047,44943.011,3968.964,
Contact STARLINK-3346 - MoonLRO,48696.284,51781.489,3085.205,
Contact STARLINK-3346 - MoonLRO,54635.377,58644.664,4009.287,
Contact STARLINK-3346 - MoonLRO,61434.081,76299.036,14864.955,
Contact STARLINK-3346 - MarsSat1,0.000,2650.346,2650.346,
Contact STARLINK-3346 - MarsSat1,4730.648,14045.220,9314.572,
Contact STARLINK-3346 - MarsSat1,16128.086,19742.635,3614.549,
Contact STARLINK-3346 - MarsSat1,21826.759,31137.417,9310.659,
Contact STARLINK-3346 - MarsSat1,33224.010,42532.148,9308.137,
Contact STARLINK-3346 - MarsSat1,44621.139,53926.840,9305.701,
Contact STARLINK-3346 - MarsSat1,56018.160,59624.176,3606.016,
Contact STARLINK-3346 - MarsSat1,61716.635,71018.828,9302.194,
Contact STARLINK-3346 - MarsSat1,73113.522,82413.454,9299.932,
Contact STARLINK-3346 - MarsSat1,84510.328,86400.000,1889.672,
Contact STARLINK-3346 - MarsSat2,0.000,2650.323,2650.323,
Contact STARLINK-3346 - MarsSat2,4730.643,14045.239,9314.596,
Contact STARLINK-3346 - MarsSat2,16128.094,19742.670,3614.576,
Contact STARLINK-3346 - MarsSat2,21826.773,31137.481,9310.708,
Contact STARLINK-3346 - MarsSat2,33224.042,42532.233,9308.191,
Contact STARLINK-3346 - MarsSat2,44621.195,53926.934,9305.739,
Contact STARLINK-3346 - MarsSat2,56018.238,59624.267,3606.029,
Contact STARLINK-3346 - MarsSat2,61716.719,71018.900,9302.180,
Contact STARLINK-3346 - MarsSat2,73113.602,82413.490,9299.888,
Contact STARLINK-3346 - MarsSat2,84510.382,86400.000,1889.618,
Contact STARLINK-3346 - MarsSat3,0.000,2650.278,2650.278,
Contact STARLINK-3346 - MarsSat3,4730.601,14045.147,9314.545,
Contact STARLINK-3346 - MarsSat3,16128.019,19742.588,3614.569,
Contact STARLINK-3346 - MarsSat3,21826.712,31137.449,9310.738,
Contact STARLINK-3346 - MarsSat3,33224.027,42532.228,9308.201,
Contact STARLINK-3346 - MarsSat3,44621.204,53926.927,9305.724,
Contact STARLINK-3346 - MarsSat3,56018.242,59624.252,3606.010,
Contact STARLINK-3346 - MarsSat3,61716.714,71018.861,9302.147,
Contact STARLINK-3346 - MarsSat3,73113.570,82413.427,9299.857,
Contact STARLINK-3346 - MarsSat3,84510.319,86400.000,1889.681,
Contact STARLINK-3346 - MarsSat4,0.000,2650.372,2650.372,
Contact STARLINK-3346 - MarsSat4,4730.683,8347.781,3617.098,
Contact STARLINK-3346 - MarsSat4,16128.036,19742.601,3614.565,
Contact STARLINK-3346 - MarsSat4,21826.727,31137.445,9310.717,
Contact STARLINK-3346 - MarsSat4,33224.023,41360.090,8136.067,
Contact STARLINK-3346 - MarsSat4,44621.113,53926.864,9305.751,
Contact STARLINK-3346 - MarsSat4,56018.185,59624.231,3606.046,
Contact STARLINK-3346 - MarsSat4,61716.694,71018.873,9302.179,
Contact STARLINK-3346 - MarsSat4,75534.628,82413.437,6878.808,
Contact STARLINK-3346 - MarsSat4,84510.332,86400.000,1889.668,
Contact STARLINK-30320 - STARLINK-31919,0.000,462.249,462.249,
Contact STARLINK-30320 - STARLINK-31919,13905.744,14456.934,551.190,
Contact STARLINK-30320 - STARLINK-31919,25091.981,25650.506,558.525,
Contact STARLINK-30320 - STARLINK-31919,39077.097,39639.870,562.773,
Contact STARLINK-30320 - STARLINK-31919,50263.442,50833.310,569.868,
Contact STARLINK-30320 - STARLINK-31919,64244.288,64827.443,583.155,
Contact STARLINK-30320 - STARLINK-31919,75430.789,76020.701,589.912,
Contact STARLINK-30320 - STARLINK-31639,14851.807,86400.000,71548.193,
Contact STARLINK-30320 - STARLINK-31600,0.000,142.388,142.388,
Contact STARLINK-30320 - STARLINK-31600,10436.529,11350.855,914.326,
Contact STARLINK-30320 - STARLINK-31600,24435.283,25356.702,921.419,
Contact STARLINK-30320 - STARLINK-31600,35631.876,36563.742,931.866,
Contact STARLINK-30320 - STARLINK-31600,49624.736,50575.380,950.645,
Contact STARLINK-30320 - STARLINK-31600,60822.789,61780.945,958.155,
Contact STARLINK-30320 - STARLINK-31600,74824.958,75783.304,958.346,
Contact STARLINK-30320 - STARLINK-31600,86024.407,86400.000,375.593,
Contact STARLINK-30320 - STARLINK-30613,39187.495,39891.607,704.113,
Contact STARLINK-30320 - STARLINK-30613,53223.466,54177.966,954.500,
Contact STARLINK-30320 - STARLINK-30613,64521.099,65536.397,1015.298,
Contact STARLINK-30320 - STARLINK-30613,78722.094,79655.187,933.093,
Contact STARLINK-30320 - STARLINK-31764,0.000,3108.457,3108.457,
Contact STARLINK-30320 - STARLINK-31764,10147.959,11508.745,1360.786,
Contact STARLINK-30320 - STARLINK-31764,18567.349,28280.325,9712.977,
Contact STARLINK-30320 - STARLINK-31764,35372.995,36650.787,1277.792,
Contact STARLINK-30320 - STARLINK-31764,43758.486,53420.662,9662.176,
Contact STARLINK-30320 - STARLINK-31764,60564.994,61821.003,1256.009,
Contact STARLINK-30320 - STARLINK-31764,71769.830,78589.993,6820.164,
Contact STARLINK-30320 - STARLINK-31764,85795.365,86400.000,604.635,
Contact STARLINK-30320 - STARLINK-4402,6896.003,7493.996,597.993,
Contact STARLINK-30320 - STARLINK-4402,21089.598,21638.866,549.268,
Contact STARLINK-30320 - STARLINK-4402,46657.002,47082.037,425.034,
Contact STARLINK-30320 - STARLINK-4402,60844.101,61233.858,389.757,
Contact STARLINK-30320 - STARLINK-4402,86359.852,86400.000,40.148,
Contact STARLINK-30320 - STARLINK-5618,51472.284,86400.000,34927.716,
Contact STARLINK-30320 - STARLINK-6255,6860.417,60062.490,53202.073,
Contact STARLINK-30320 - STARLINK-3898,0.000,58204.468,58204.468,
Contact STARLINK-30320 - STARLINK-31539,3500.737,7311.613,3810.876,
Contact STARLINK-30320 - STARLINK-31539,17490.131,18498.304,1008.174,
Contact STARLINK-30320 - STARLINK-31539,28675.435,32489.824,3814.390,
Contact STARLINK-30320 - STARLINK-31539,42649.420,43676.439,1027.019,
Contact STARLINK-30320 - STARLINK-31539,53834.780,57651.547,3816.767,
Contact STARLINK-30320 - STARLINK-31539,67824.074,68838.138,1014.064,
Contact STARLINK-30320 - STARLINK-31539,79009.421,82829.417,3819.997,
Contact STARLINK-30320 - STARLINK-30367,0.000,49637.441,49637.441,
Contact STARLINK-30320 - STARLINK-5151,3000.908,3649.323,648.415,
Contact STARLINK-30320 - STARLINK-5151,14201.598,14946.995,745.397,
Contact STARLINK-30320 - STARLINK-5151,28222.078,29049.119,827.041,
Contact STARLINK-30320 - STARLINK-5151,39446.521,40322.784,876.263,
Contact STARLINK-30320 - STARLINK-5151,53486.160,54405.808,919.648,
Contact STARLINK-30320 - STARLINK-5151,64730.149,68468.301,3738.152,
Contact STARLINK-30320 - STARLINK-5151,78800.562,79711.568,911.006,
Contact STARLINK-30320 - STARLINK-6142,65514.689,86400.000,20885.311,
Contact STARLINK-30320 - STARLINK-5049,60933.456,61774.743,841.288,
Contact STARLINK-30320 - STARLINK-5049,75035.602,75992.874,957.272,
Contact STARLINK-30320 - STARLINK-5049,86367.948,86400.000,32.052,
Contact STARLINK-30320 - MoonARTEMIS1,0.000,2011.376,2011.376,
Contact STARLINK-30320 - MoonARTEMIS1,4088.093,13206.060,9117.966,
Contact STARLINK-30320 - MoonARTEMIS1,15306.354,24403.639,9097.285,
Contact STARLINK-30320 - MoonARTEMIS1,26526.933,30003.293,3476.361,
Contact STARLINK-30320 - MoonARTEMIS1,37724.993,41189.876,3464.883,
Contact STARLINK-30320 - MoonARTEMIS1,48920.522,52380.059,3459.537,
Contact STARLINK-30320 - MoonARTEMIS1,54520.102,63572.547,9052.446,
Contact STARLINK-30320 - MoonARTEMIS1,65721.311,74766.940,9045.629,
Contact STARLINK-30320 - MoonARTEMIS1,76924.405,85963.225,9038.821,
Contact STARLINK-30320 - MoonARTEMIS2,0.000,2039.281,2039.281,
Contact STARLINK-30320 - MoonARTEMIS2,4149.124,13229.957,9080.833,
Contact STARLINK-30320 - MoonARTEMIS2,15351.904,24419.264,9067.361,
Contact STARLINK-30320 - MoonARTEMIS2,26550.534,35606.194,9055.660,
Contact STARLINK-30320 - MoonARTEMIS2,37743.483,41197.987,3454.503,
Contact STARLINK-30320 - MoonARTEMIS2,54547.546,63597.920,9050.374,
Contact STARLINK-30320 - MoonARTEMIS2,65760.678,74798.891,9038.213,
Contact STARLINK-30320 - MoonARTEMIS2,76968.646,85998.475,9029.829,
Contact STARLINK-30320 - MoonIOAGEO,0.000,2017.737,2017.737,
Contact STARLINK-30320 - MoonIOAGEO,4103.867,13097.941,8994.074,
Contact STARLINK-30320 - MoonIOAGEO,17141.998,24407.651,7265.653,
Contact STARLINK-30320 - MoonIOAGEO,26534.919,35598.687,9063.767,
Contact STARLINK-30320 - MoonIOAGEO,37732.746,41193.732,3460.986,
Contact STARLINK-30320 - MoonIOAGEO,48931.517,52388.404,3456.887,
Contact STARLINK-30320 - MoonIOAGEO,65748.328,74783.159,9034.832,
Contact STARLINK-30320 - MoonIOAGEO,76949.160,85974.404,9025.245,
Contact STARLINK-30320 - MoonIOAGNO,0.000,2021.252,2021.252,
Contact STARLINK-30320 - MoonIOAGNO,4105.155,13221.978,9116.823,
Contact STARLINK-30320 - MoonIOAGNO,15336.898,24426.336,9089.439,
Contact STARLINK-30320 - MoonIOAGNO,26546.073,35613.639,9067.566,
Contact STARLINK-30320 - MoonIOAGNO,37740.897,41203.049,3462.153,
Contact STARLINK-30320 - MoonIOAGNO,48931.099,52388.746,3457.647,
Contact STARLINK-30320 - MoonIOAGNO,54547.177,63604.056,9056.880,
Contact STARLINK-30320 - MoonIOAGNO,65762.986,74798.010,9035.024,
Contact STARLINK-30320 - MoonIOAGNO,76959.527,85980.788,9021.261,
Contact STARLINK-30320 - MoonIOAGNO 0001,0.000,2042.008,2042.008,
Contact STARLINK-30320 - MoonIOAGNO 0001,4131.335,13229.022,9097.687,
Contact STARLINK-30320 - MoonIOAGNO 0001,15328.495,24404.574,9076.079,
Contact STARLINK-30320 - MoonIOAGNO 0001,26520.395,35610.160,9089.764,
Contact STARLINK-30320 - MoonIOAGNO 0001,37749.940,41214.408,3464.468,
Contact STARLINK-30320 - MoonIOAGNO 0001,43355.441,52408.562,9053.121,
Contact STARLINK-30320 - MoonIOAGNO 0001,54553.924,63590.731,9036.807,
Contact STARLINK-30320 - MoonIOAGNO 0001,65742.523,74782.217,9039.694,
Contact STARLINK-30320 - MoonIOAGNO 0001,76954.806,85995.961,9041.155,
Contact STARLINK-30320 - MoonIOAGSO,0.000,2016.211,2016.211,
Contact STARLINK-30320 - MoonIOAGSO,4113.445,7621.402,3507.957,
Contact STARLINK-30320 - MoonIOAGSO,15312.714,24385.834,9073.121,
Contact STARLINK-30320 - MoonIOAGSO,26514.178,35583.079,9068.901,
Contact STARLINK-30320 - MoonIOAGSO,37724.391,41186.430,3462.039,
Contact STARLINK-30320 - MoonIOAGSO,48941.302,52243.608,3302.306,
Contact STARLINK-30320 - MoonIOAGSO,55007.705,63570.004,8562.299,
Contact STARLINK-30320 - MoonIOAGSO,65729.931,74764.800,9034.868,
Contact STARLINK-30320 - MoonIOAGSO,76934.072,85971.252,9037.179,
Contact STARLINK-30320 - MoonIOAGSO 0001,0.000,1999.299,1999.299,
Contact STARLINK-30320 - MoonIOAGSO 0001,4099.500,13194.592,9095.092,
Contact STARLINK-30320 - MoonIOAGSO 0001,15311.153,24403.337,9092.184,
Contact STARLINK-30320 - MoonIOAGSO 0001,26529.759,30006.235,3476.476,
Contact STARLINK-30320 - MoonIOAGSO 0001,37724.152,41180.153,3456.002,
Contact STARLINK-30320 - MoonIOAGSO 0001,48924.391,52372.747,3448.357,
Contact STARLINK-30320 - MoonIOAGSO 0001,54527.971,63577.769,9049.798,
Contact STARLINK-30320 - MoonIOAGSO 0001,65741.031,73943.141,8202.110,
Contact STARLINK-30320 - MoonIOAGSO 0001,76941.640,85962.069,9020.429,
Contact STARLINK-30320 - MoonLRO,0.000,2019.983,2019.983,
Contact STARLINK-30320 - MoonLRO,6854.215,7611.379,757.164,
Contact STARLINK-30320 - MoonLRO,20920.141,24409.719,3489.578,
Contact STARLINK-30320 - MoonLRO,27294.198,30004.927,2710.729,
Contact STARLINK-30320 - MoonLRO,48935.769,51819.216,2883.447,
Contact STARLINK-30320 - MoonLRO,54600.556,57992.181,3391.624,
Contact STARLINK-30320 - MoonLRO,68297.620,72285.953,3988.332,
Contact STARLINK-30320 - MoonLRO,82543.354,85981.069,3437.715,
Contact STARLINK-30320 - MarsSat1,0.000,2406.751,2406.751,
Contact STARLINK-30320 - MarsSat1,4345.327,13606.732,9261.405,
Contact STARLINK-30320 - MarsSat1,15537.794,24806.899,9269.106,
Contact STARLINK-30320 - MarsSat1,26730.236,41607.491,14877.255,
Contact STARLINK-30320 - MarsSat1,43518.890,52808.129,9289.239,
Contact STARLINK-30320 - MarsSat1,54711.347,64008.992,9297.645,
Contact STARLINK-30320 - MarsSat1,65903.828,75210.105,9306.276,
Contact STARLINK-30320 - MarsSat1,77096.324,86400.000,9303.676,
Contact STARLINK-30320 - MarsSat2,0.000,2406.743,2406.743,
Contact STARLINK-30320 - MarsSat2,4345.295,13606.737,9261.442,
Contact STARLINK-30320 - MarsSat2,15537.839,24806.914,9269.076,
Contact STARLINK-30320 - MarsSat2,26730.339,41607.540,14877.201,
Contact STARLINK-30320 - MarsSat2,43519.037,52808.214,9289.176,
Contact STARLINK-30320 - MarsSat2,54711.485,64009.104,9297.619,
Contact STARLINK-30320 - MarsSat2,65903.924,75210.220,9306.296,
Contact STARLINK-30320 - MarsSat2,77096.359,86400.000,9303.641,
Contact STARLINK-30320 - MarsSat3,0.000,2406.709,2406.709,
Contact STARLINK-30320 - MarsSat3,4345.212,13606.647,9261.435,
Contact STARLINK-30320 - MarsSat3,15537.714,24806.855,9269.140,
Contact STARLINK-30320 - MarsSat3,26730.268,41607.551,14877.284,
Contact STARLINK-30320 - MarsSat3,43519.017,52808.230,9289.213,
Contact STARLINK-30320 - MarsSat3,54711.456,64009.099,9297.642,
Contact STARLINK-30320 - MarsSat3,65903.871,75210.176,9306.305,
Contact STARLINK-30320 - MarsSat3,77096.279,86400.000,9303.721,
Contact STARLINK-30320 - MarsSat4,0.000,2406.810,2406.810,
Contact STARLINK-30320 - MarsSat4,4345.327,8006.731,3661.405,
Contact STARLINK-30320 - MarsSat4,15537.732,24806.874,9269.142,
Contact STARLINK-30320 - MarsSat4,26730.267,41360.096,14629.829,
Contact STARLINK-30320 - MarsSat4,43518.909,52808.123,9289.214,
Contact STARLINK-30320 - MarsSat4,54711.401,64009.080,9297.679,
Contact STARLINK-30320 - MarsSat4,65903.901,73689.401,7785.500,
Contact STARLINK-30320 - MarsSat4,77096.284,86400.000,9303.716,
Contact STARLINK-31919 - STARLINK-31639,0.000,386.346,386.346,
Contact STARLINK-31919 - STARLINK-31639,10774.015,14442.888,3668.873,
Contact STARLINK-31919 - STARLINK-31639,24802.083,25684.218,882.135,
Contact STARLINK-31919 - STARLINK-31639,38835.532,39731.347,895.815,
Contact STARLINK-31919 - STARLINK-31639,50065.871,50965.340,899.468,
Contact STARLINK-31919 - STARLINK-31639,64108.535,65003.009,894.474,
Contact STARLINK-31919 - STARLINK-31639,75346.284,76229.613,883.328,
Contact STARLINK-31919 - STARLINK-31600,100.248,10239.518,10139.270,
Contact STARLINK-31919 - STARLINK-31600,11282.543,21463.179,10180.636,
Contact STARLINK-31919 - STARLINK-31600,25272.557,35504.204,10231.646,
Contact STARLINK-31919 - STARLINK-31600,36457.743,46724.402,10266.659,
Contact STARLINK-31919 - STARLINK-31600,50431.729,60734.059,10302.330,
Contact STARLINK-31919 - STARLINK-31600,61620.717,71950.546,10329.829,
Contact STARLINK-31919 - STARLINK-31600,75618.604,85981.718,10363.114,
Contact STARLINK-31919 - STARLINK-30613,3633.300,58567.737,54934.437,
Contact STARLINK-31919 - STARLINK-31764,3196.390,3963.868,767.477,
Contact STARLINK-31919 - STARLINK-31764,14391.841,15155.328,763.487,
Contact STARLINK-31919 - STARLINK-31764,28382.397,29148.323,765.926,
Contact STARLINK-31919 - STARLINK-31764,39577.879,40339.744,761.865,
Contact STARLINK-31919 - STARLINK-31764,53576.073,54325.271,749.198,
Contact STARLINK-31919 - STARLINK-31764,64771.613,65516.633,745.020,
Contact STARLINK-31919 - STARLINK-31764,78762.223,79509.546,747.323,
Contact STARLINK-31919 - STARLINK-5618,10063.706,10926.559,862.853,
Contact STARLINK-31919 - STARLINK-5618,21354.434,22249.063,894.630,
Contact STARLINK-31919 - STARLINK-5618,35494.254,36375.277,881.023,
Contact STARLINK-31919 - STARLINK-5618,49680.600,50456.160,775.560,
Contact STARLINK-31919 - STARLINK-5618,61054.284,61696.291,642.007,
Contact STARLINK-31919 - STARLINK-5618,75323.341,75694.420,371.080,
Contact STARLINK-31919 - STARLINK-6255,0.000,335.330,335.330,
Contact STARLINK-31919 - STARLINK-6255,10616.953,14497.886,3880.933,
Contact STARLINK-31919 - STARLINK-6255,24852.444,25758.836,906.392,
Contact STARLINK-31919 - STARLINK-6255,39220.686,39716.993,496.307,
Contact STARLINK-31919 - STARLINK-3898,0.000,338.296,338.296,
Contact STARLINK-31919 - STARLINK-3898,25121.524,25527.886,406.363,
Contact STARLINK-31919 - STARLINK-30367,0.000,339.401,339.401,
Contact STARLINK-31919 - STARLINK-30367,10718.994,11553.306,834.312,
Contact STARLINK-31919 - STARLINK-4290,60803.881,61429.131,625.249,
Contact STARLINK-31919 - STARLINK-4290,74824.675,75637.662,812.986,
Contact STARLINK-31919 - STARLINK-4290,86074.260,86400.000,325.740,
Contact STARLINK-31919 - STARLINK-5151,0.000,24913.270,24913.270,
Contact STARLINK-31919 - STARLINK-6142,50061.213,50645.174,583.961,
Contact STARLINK-31919 - STARLINK-6142,64046.498,64968.577,922.079,
Contact STARLINK-31919 - STARLINK-6142,75310.030,76350.802,1040.772,
Contact STARLINK-31919 - STARLINK-5049,50503.789,86400.000,35896.211,
Contact STARLINK-31919 - MoonARTEMIS1,0.000,6672.181,6672.181,
Contact STARLINK-31919 - MoonARTEMIS1,8833.132,12295.213,3462.081,
Contact STARLINK-31919 - MoonARTEMIS1,20085.408,23547.452,3462.044,
Contact STARLINK-31919 - MoonARTEMIS1,25715.461,29177.520,3462.059,
Contact STARLINK-31919 - MoonARTEMIS1,36941.920,45995.551,9053.631,
Contact STARLINK-31919 - MoonARTEMIS1,48156.550,57216.413,9059.863,
Contact STARLINK-31919 - MoonARTEMIS1,59380.264,62829.062,3448.798,
Contact STARLINK-31919 - MoonARTEMIS1,64994.384,74057.907,9063.524,
Contact STARLINK-31919 - MoonARTEMIS1,76226.327,85290.999,9064.673,
Contact STARLINK-31919 - MoonARTEMIS2,0.000,6750.623,6750.623,
Contact STARLINK-31919 - MoonARTEMIS2,8914.433,12364.685,3450.253,
Contact STARLINK-31919 - MoonARTEMIS2,20141.941,23589.639,3447.697,
Contact STARLINK-31919 - MoonARTEMIS2,25753.758,34808.676,9054.918,
Contact STARLINK-31919 - MoonARTEMIS2,36971.450,46017.264,9045.814,
Contact STARLINK-31919 - MoonARTEMIS2,53813.251,57266.521,3453.270,
Contact STARLINK-31919 - MoonARTEMIS2,59438.613,62888.925,3450.313,
Contact STARLINK-31919 - MoonARTEMIS2,65061.951,74129.521,9067.570,
Contact STARLINK-31919 - MoonARTEMIS2,76304.406,85366.140,9061.734,
Contact STARLINK-31919 - MoonIOAGEO,0.000,6693.829,6693.829,
Contact STARLINK-31919 - MoonIOAGEO,8855.486,12318.882,3463.396,
Contact STARLINK-31919 - MoonIOAGEO,20112.779,23571.660,3458.880,
Contact STARLINK-31919 - MoonIOAGEO,25735.876,34795.016,9059.140,
Contact STARLINK-31919 - MoonIOAGEO,36955.265,46007.697,9052.432,
Contact STARLINK-31919 - MoonIOAGEO,48172.578,57108.379,8935.801,
Contact STARLINK-31919 - MoonIOAGEO,65049.630,74113.450,9063.820,
Contact STARLINK-31919 - MoonIOAGEO,76282.354,85323.640,9041.286,
Contact STARLINK-31919 - MoonIOAGNO,0.000,6705.933,6705.933,
Contact STARLINK-31919 - MoonIOAGNO,8873.601,12332.495,3458.893,
Contact STARLINK-31919 - MoonIOAGNO,20105.017,23550.492,3445.474,
Contact STARLINK-31919 - MoonIOAGNO,25715.130,34772.360,9057.230,
Contact STARLINK-31919 - MoonIOAGNO,36938.891,46008.812,9069.921,
Contact STARLINK-31919 - MoonIOAGNO,48179.032,57259.934,9080.902,
Contact STARLINK-31919 - MoonIOAGNO,59428.593,62868.551,3439.958,
Contact STARLINK-31919 - MoonIOAGNO,65038.773,74087.236,9048.463,
Contact STARLINK-31919 - MoonIOAGNO,76259.881,85315.270,9055.389,
Contact STARLINK-31919 - MoonIOAGNO 0001,0.000,6695.014,6695.014,
Contact STARLINK-31919 - MoonIOAGNO 0001,8857.622,12306.909,3449.288,
Contact STARLINK-31919 - MoonIOAGNO 0001,20085.989,23542.457,3456.468,
Contact STARLINK-31919 - MoonIOAGNO 0001,25708.504,34796.984,9088.480,
Contact STARLINK-31919 - MoonIOAGNO 0001,36961.960,46014.477,9052.517,
Contact STARLINK-31919 - MoonIOAGNO 0001,48182.536,57236.554,9054.018,
Contact STARLINK-31919 - MoonIOAGNO 0001,59406.565,62852.091,3445.526,
Contact STARLINK-31919 - MoonIOAGNO 0001,65023.231,74107.312,9084.080,
Contact STARLINK-31919 - MoonIOAGNO 0001,76280.764,85329.965,9049.200,
Contact STARLINK-31919 - MoonIOAGSO,0.000,6703.185,6703.185,
Contact STARLINK-31919 - MoonIOAGSO,20116.062,23576.979,3460.917,
Contact STARLINK-31919 - MoonIOAGSO,25736.244,34808.257,9072.013,
Contact STARLINK-31919 - MoonIOAGSO,36968.470,46025.361,9056.891,
Contact STARLINK-31919 - MoonIOAGSO,48187.868,51633.150,3445.282,
Contact STARLINK-31919 - MoonIOAGSO,59430.979,62885.788,3454.809,
Contact STARLINK-31919 - MoonIOAGSO,65053.708,74121.964,9068.255,
Contact STARLINK-31919 - MoonIOAGSO,76289.892,85343.749,9053.857,
Contact STARLINK-31919 - MoonIOAGSO 0001,0.000,6728.058,6728.058,
Contact STARLINK-31919 - MoonIOAGSO 0001,8883.584,12342.572,3458.988,
Contact STARLINK-31919 - MoonIOAGSO 0001,20111.303,23561.539,3450.235,
Contact STARLINK-31919 - MoonIOAGSO 0001,25720.508,29168.550,3448.043,
Contact STARLINK-31919 - MoonIOAGSO 0001,36962.409,46042.105,9079.696,
Contact STARLINK-31919 - MoonIOAGSO 0001,48205.456,57272.315,9066.859,
Contact STARLINK-31919 - MoonIOAGSO 0001,59436.705,62882.059,3445.355,
Contact STARLINK-31919 - MoonIOAGSO 0001,65047.320,73892.831,8845.511,
Contact STARLINK-31919 - MoonIOAGSO 0001,76774.097,85348.422,8574.325,
Contact STARLINK-31919 - MoonLRO,3250.633,3972.569,721.937,
Contact STARLINK-31919 - MoonLRO,20494.695,23556.751,3062.056,
Contact STARLINK-31919 - MoonLRO,27324.742,29175.785,1851.043,
Contact STARLINK-31919 - MoonLRO,42573.754,44960.261,2386.507,
Contact STARLINK-31919 - MoonLRO,48189.583,51635.643,3446.060,
Contact STARLINK-31919 - MoonLRO,68270.843,72312.710,4041.867,
Contact STARLINK-31919 - MoonLRO,81933.351,85330.161,3396.810,
Contact STARLINK-31919 - MarsSat1,0.000,2167.673,2167.673,
Contact STARLINK-31919 - MarsSat1,4317.464,13369.271,9051.808,
Contact STARLINK-31919 - MarsSat1,15518.763,24570.935,9052.172,
Contact STARLINK-31919 - MarsSat1,26720.072,35772.635,9052.563,
Contact STARLINK-31919 - MarsSat1,37921.365,41373.494,3452.129,
Contact STARLINK-31919 - MarsSat1,43522.001,52575.227,9053.226,
Contact STARLINK-31919 - MarsSat1,54723.255,63776.999,9053.745,
Contact STARLINK-31919 - MarsSat1,65924.503,74978.840,9054.336,
Contact STARLINK-31919 - MarsSat1,77125.777,86180.774,9054.996,
Contact STARLINK-31919 - MarsSat2,0.000,2167.717,2167.717,
Contact STARLINK-31919 - MarsSat2,4317.494,13369.242,9051.748,
Contact STARLINK-31919 - MarsSat2,15518.720,24570.851,9052.131,
Contact STARLINK-31919 - MarsSat2,26719.979,35772.532,9052.553,
Contact STARLINK-31919 - MarsSat2,37921.259,41373.397,3452.138,
Contact STARLINK-31919 - MarsSat2,43521.904,52575.173,9053.269,
Contact STARLINK-31919 - MarsSat2,54723.206,63777.010,9053.805,
Contact STARLINK-31919 - MarsSat2,65924.521,74978.909,9054.388,
Contact STARLINK-31919 - MarsSat2,77125.850,86180.868,9055.018,
Contact STARLINK-31919 - MarsSat3,0.000,2167.753,2167.753,
Contact STARLINK-31919 - MarsSat3,4317.537,13369.281,9051.744,
Contact STARLINK-31919 - MarsSat3,15518.760,24570.874,9052.114,
Contact STARLINK-31919 - MarsSat3,26720.004,35772.559,9052.555,
Contact STARLINK-31919 - MarsSat3,37921.289,41373.430,3452.141,
Contact STARLINK-31919 - MarsSat3,43521.940,52575.214,9053.275,
Contact STARLINK-31919 - MarsSat3,54723.248,63777.051,9053.803,
Contact STARLINK-31919 - MarsSat3,65924.562,74978.937,9054.374,
Contact STARLINK-31919 - MarsSat3,77125.878,86180.869,9054.991,
Contact STARLINK-31919 - MarsSat4,0.000,2167.730,2167.730,
Contact STARLINK-31919 - MarsSat4,4317.518,7768.509,3450.991,
Contact STARLINK-31919 - MarsSat4,15518.765,24570.891,9052.126,
Contact STARLINK-31919 - MarsSat4,26720.023,35772.580,9052.557,
Contact STARLINK-31919 - MarsSat4,37921.309,41360.109,3438.800,
Contact STARLINK-31919 - MarsSat4,43521.947,52575.180,9053.233,
Contact STARLINK-31919 - MarsSat4,54723.214,63777.011,9053.797,
Contact STARLINK-31919 - MarsSat4,65924.523,73689.472,7764.949,
Contact STARLINK-31919 - MarsSat4,77125.837,86180.823,9054.986,
Contact STARLINK-31639 - STARLINK-31600,10338.120,11099.751,761.631,
Contact STARLINK-31639 - STARLINK-31600,21545.251,22381.232,835.981,
Contact STARLINK-31639 - STARLINK-31600,35568.084,36468.958,900.874,
Contact STARLINK-31639 - STARLINK-31600,46784.803,50565.130,3780.327,
Contact STARLINK-31639 - STARLINK-31600,60804.329,61832.108,1027.779,
Contact STARLINK-31639 - STARLINK-31600,74842.277,75904.643,1062.366,
Contact STARLINK-31639 - STARLINK-31600,86071.056,86400.000,328.944,
Contact STARLINK-31639 - STARLINK-30613,0.000,41.384,41.384,
Contact STARLINK-31639 - STARLINK-30613,10584.793,11471.265,886.472,
Contact STARLINK-31639 - STARLINK-30613,24763.225,25725.559,962.333,
Contact STARLINK-31639 - STARLINK-30613,38977.550,39943.142,965.593,
Contact STARLINK-31639 - STARLINK-30613,50373.365,54128.500,3755.135,
Contact STARLINK-31639 - STARLINK-30613,64649.571,65449.831,800.260,
Contact STARLINK-31639 - STARLINK-30613,78974.608,79557.948,583.340,
Contact STARLINK-31639 - STARLINK-31764,86379.573,86400.000,20.427,
Contact STARLINK-31639 - STARLINK-4402,17988.694,18547.357,558.663,
Contact STARLINK-31639 - STARLINK-4402,32199.292,32783.602,584.310,
Contact STARLINK-31639 - STARLINK-4402,46419.038,47011.718,592.680,
Contact STARLINK-31639 - STARLINK-4402,60628.677,61248.931,620.254,
Contact STARLINK-31639 - STARLINK-4402,71999.932,72635.521,635.589,
Contact STARLINK-31639 - STARLINK-4402,86216.985,86400.000,183.015,
Contact STARLINK-31639 - STARLINK-5618,17671.029,18121.429,450.400,
Contact STARLINK-31639 - STARLINK-5618,28650.318,32762.612,4112.294,
Contact STARLINK-31639 - STARLINK-5618,39764.944,50107.820,10342.876,
Contact STARLINK-31639 - STARLINK-5618,50916.001,64534.423,13618.423,
Contact STARLINK-31639 - STARLINK-5618,64840.851,86400.000,21559.149,
Contact STARLINK-31639 - STARLINK-6255,0.000,43568.917,43568.917,
Contact STARLINK-31639 - STARLINK-3898,0.000,24764.161,24764.161,
Contact STARLINK-31639 - STARLINK-3898,31858.936,32832.494,973.558,
Contact STARLINK-31639 - STARLINK-4631,60924.766,61218.688,293.921,
Contact STARLINK-31639 - STARLINK-4631,86291.653,86400.000,108.347,
Contact STARLINK-31639 - STARLINK-31539,68170.775,68584.939,414.164,
Contact STARLINK-31639 - STARLINK-30367,0.000,18784.117,18784.117,
Contact STARLINK-31639 - STARLINK-5151,0.000,668.506,668.506,
Contact STARLINK-31639 - STARLINK-5151,13977.040,14777.812,800.772,
Contact STARLINK-31639 - STARLINK-5151,28103.246,28882.070,778.824,
Contact STARLINK-31639 - STARLINK-5151,39403.368,40166.331,762.963,
Contact STARLINK-31639 - STARLINK-5151,53527.209,54272.977,745.768,
Contact STARLINK-31639 - STARLINK-5151,78959.235,79655.636,696.401,
Contact STARLINK-31639 - STARLINK-6142,42896.668,86400.000,43503.332,
Contact STARLINK-31639 - STARLINK-5049,7106.816,7579.991,473.175,
Contact STARLINK-31639 - STARLINK-5049,21150.309,21967.850,817.541,
Contact STARLINK-31639 - STARLINK-5049,35281.079,36267.968,986.888,
Contact STARLINK-31639 - STARLINK-5049,46617.094,50527.372,3910.278,
Contact STARLINK-31639 - STARLINK-5049,60824.043,61898.194,1074.150,
Contact STARLINK-31639 - STARLINK-5049,75086.591,76065.868,979.278,
Contact STARLINK-31639 - MoonARTEMIS1,0.000,7016.604,7016.604,
Contact STARLINK-31639 - MoonARTEMIS1,8804.788,12651.496,3846.708,
Contact STARLINK-31639 - MoonARTEMIS1,14475.710,23923.906,9448.196,
Contact STARLINK-31639 - MoonARTEMIS1,25818.351,29561.275,3742.924,
Contact STARLINK-31639 - MoonARTEMIS1,37118.899,46465.047,9346.148,
Contact STARLINK-31639 - MoonARTEMIS1,48408.462,52100.904,3692.442,
Contact STARLINK-31639 - MoonARTEMIS1,54056.589,63373.975,9317.385,
Contact STARLINK-31639 - MoonARTEMIS1,65356.193,74648.734,9292.541,
Contact STARLINK-31639 - MoonARTEMIS1,76658.439,85925.202,9266.763,
Contact STARLINK-31639 - MoonARTEMIS2,0.000,7034.210,7034.210,
Contact STARLINK-31639 - MoonARTEMIS2,8912.275,12668.383,3756.109,
Contact STARLINK-31639 - MoonARTEMIS2,14564.811,23936.415,9371.604,
Contact STARLINK-31639 - MoonARTEMIS2,25863.398,35203.106,9339.709,
Contact STARLINK-31639 - MoonARTEMIS2,37151.580,46468.529,9316.949,
Contact STARLINK-31639 - MoonARTEMIS2,54102.914,63394.244,9291.329,
Contact STARLINK-31639 - MoonARTEMIS2,65421.039,74674.742,9253.703,
Contact STARLINK-31639 - MoonARTEMIS2,76729.159,85954.123,9224.964,
Contact STARLINK-31639 - MoonIOAGEO,0.000,7019.609,7019.609,
Contact STARLINK-31639 - MoonIOAGEO,8834.326,12654.320,3819.994,
Contact STARLINK-31639 - MoonIOAGEO,17094.963,23924.686,6829.723,
Contact STARLINK-31639 - MoonIOAGEO,25837.436,35196.005,9358.569,
Contact STARLINK-31639 - MoonIOAGEO,37132.802,46469.483,9336.682,
Contact STARLINK-31639 - MoonIOAGEO,48426.680,52107.390,3680.710,
Contact STARLINK-31639 - MoonIOAGEO,65403.632,74659.167,9255.535,
Contact STARLINK-31639 - MoonIOAGEO,76701.701,85933.380,9231.679,
Contact STARLINK-31639 - MoonIOAGNO,0.000,7010.054,7010.054,
Contact STARLINK-31639 - MoonIOAGNO,8850.711,12663.123,3812.413,
Contact STARLINK-31639 - MoonIOAGNO,14529.618,23953.960,9424.342,
Contact STARLINK-31639 - MoonIOAGNO,25842.212,35220.156,9377.944,
Contact STARLINK-31639 - MoonIOAGNO,37136.512,46470.445,9333.933,
Contact STARLINK-31639 - MoonIOAGNO,48428.940,52103.537,3674.597,
Contact STARLINK-31639 - MoonIOAGNO,54101.614,63405.273,9303.659,
Contact STARLINK-31639 - MoonIOAGNO,65417.469,74681.075,9263.606,
Contact STARLINK-31639 - MoonIOAGNO,76708.173,85941.984,9233.811,
Contact STARLINK-31639 - MoonIOAGNO 0001,0.000,7051.958,7051.958,
Contact STARLINK-31639 - MoonIOAGNO 0001,8860.996,12681.654,3820.658,
Contact STARLINK-31639 - MoonIOAGNO 0001,14510.376,23927.886,9417.509,
Contact STARLINK-31639 - MoonIOAGNO 0001,25809.431,35209.015,9399.584,
Contact STARLINK-31639 - MoonIOAGNO 0001,37154.038,46497.378,9343.339,
Contact STARLINK-31639 - MoonIOAGNO 0001,48459.338,52132.968,3673.630,
Contact STARLINK-31639 - MoonIOAGNO 0001,54105.070,63392.463,9287.393,
Contact STARLINK-31639 - MoonIOAGNO 0001,65390.204,74658.336,9268.132,
Contact STARLINK-31639 - MoonIOAGNO 0001,76707.079,85957.219,9250.140,
Contact STARLINK-31639 - MoonIOAGSO,0.000,7027.305,7027.305,
Contact STARLINK-31639 - MoonIOAGSO,14503.163,23895.326,9392.163,
Contact STARLINK-31639 - MoonIOAGSO,25813.484,35172.925,9359.442,
Contact STARLINK-31639 - MoonIOAGSO,37126.853,46468.953,9342.100,
Contact STARLINK-31639 - MoonIOAGSO,48442.591,52112.245,3669.654,
Contact STARLINK-31639 - MoonIOAGSO,55006.292,63361.654,8355.362,
Contact STARLINK-31639 - MoonIOAGSO,65383.910,74636.184,9252.274,
Contact STARLINK-31639 - MoonIOAGSO,76686.268,85926.544,9240.275,
Contact STARLINK-31639 - MoonIOAGSO 0001,0.000,6985.286,6985.286,
Contact STARLINK-31639 - MoonIOAGSO 0001,8842.469,12625.075,3782.606,
Contact STARLINK-31639 - MoonIOAGSO 0001,14502.574,23920.007,9417.432,
Contact STARLINK-31639 - MoonIOAGSO 0001,25823.842,29567.895,3744.053,
Contact STARLINK-31639 - MoonIOAGSO 0001,37125.801,46444.242,9318.441,
Contact STARLINK-31639 - MoonIOAGSO 0001,48429.498,52082.334,3652.837,
Contact STARLINK-31639 - MoonIOAGSO 0001,54083.258,63371.154,9287.896,
Contact STARLINK-31639 - MoonIOAGSO 0001,65393.952,73940.896,8546.944,
Contact STARLINK-31639 - MoonIOAGSO 0001,76691.357,85915.256,9223.898,
Contact STARLINK-31639 - MoonLRO,3193.649,3939.204,745.556,
Contact STARLINK-31639 - MoonLRO,20467.778,23930.926,3463.148,
Contact STARLINK-31639 - MoonLRO,27301.646,29561.870,2260.224,
Contact STARLINK-31639 - MoonLRO,42787.700,44963.033,2175.333,
Contact STARLINK-31639 - MoonLRO,48436.022,51821.560,3385.538,
Contact STARLINK-31639 - MoonLRO,54598.713,57750.131,3151.418,
Contact STARLINK-31639 - MoonLRO,68300.220,72285.429,3985.209,
Contact STARLINK-31639 - MoonLRO,82340.804,85940.221,3599.418,
Contact STARLINK-31639 - MarsSat1,0.000,1572.482,1572.482,
Contact STARLINK-31639 - MarsSat1,3672.338,12852.977,9180.639,
Contact STARLINK-31639 - MarsSat1,14950.170,24133.525,9183.355,
Contact STARLINK-31639 - MarsSat1,26227.956,35414.127,9186.171,
Contact STARLINK-31639 - MarsSat1,37505.707,46694.791,9189.084,
Contact STARLINK-31639 - MarsSat1,48783.436,52335.151,3551.715,
Contact STARLINK-31639 - MarsSat1,54422.296,63615.934,9193.638,
Contact STARLINK-31639 - MarsSat1,65700.009,74896.810,9196.801,
Contact STARLINK-31639 - MarsSat1,76977.707,86177.777,9200.070,
Contact STARLINK-31639 - MarsSat2,0.000,1572.461,1572.461,
Contact STARLINK-31639 - MarsSat2,3672.313,12852.988,9180.675,
Contact STARLINK-31639 - MarsSat2,14950.198,24133.562,9183.364,
Contact STARLINK-31639 - MarsSat2,26228.024,35414.186,9186.162,
Contact STARLINK-31639 - MarsSat2,37505.803,46694.870,9189.068,
Contact STARLINK-31639 - MarsSat2,48783.542,52335.237,3551.695,
Contact STARLINK-31639 - MarsSat2,54422.398,63616.022,9193.625,
Contact STARLINK-31639 - MarsSat2,65700.086,74896.881,9196.794,
Contact STARLINK-31639 - MarsSat2,76977.745,86177.815,9200.071,
Contact STARLINK-31639 - MarsSat3,0.000,1572.429,1572.429,
Contact STARLINK-31639 - MarsSat3,3672.257,12852.904,9180.647,
Contact STARLINK-31639 - MarsSat3,14950.102,24133.503,9183.400,
Contact STARLINK-31639 - MarsSat3,26227.969,35414.172,9186.203,
Contact STARLINK-31639 - MarsSat3,37505.785,46694.872,9189.088,
Contact STARLINK-31639 - MarsSat3,48783.530,52335.237,3551.707,
Contact STARLINK-31639 - MarsSat3,54422.382,63616.005,9193.624,
Contact STARLINK-31639 - MarsSat3,65700.051,74896.836,9196.785,
Contact STARLINK-31639 - MarsSat3,76977.686,86177.745,9200.058,
Contact STARLINK-31639 - MarsSat4,0.000,1572.517,1572.517,
Contact STARLINK-31639 - MarsSat4,3672.349,7212.728,3540.379,
Contact STARLINK-31639 - MarsSat4,14950.119,24133.514,9183.395,
Contact STARLINK-31639 - MarsSat4,26227.972,35414.152,9186.181,
Contact STARLINK-31639 - MarsSat4,37505.747,46694.771,9189.024,
Contact STARLINK-31639 - MarsSat4,48783.441,52335.158,3551.717,
Contact STARLINK-31639 - MarsSat4,54422.331,63616.001,9193.670,
Contact STARLINK-31639 - MarsSat4,65700.069,73689.439,7989.370,
Contact STARLINK-31639 - MarsSat4,76977.686,86177.780,9200.095,
Contact STARLINK-31600 - STARLINK-5978,79138.451,79325.426,186.975,
Contact STARLINK-31600 - STARLINK-30613,2873.419,4174.254,1300.835,
Contact STARLINK-31600 - STARLINK-30613,11236.869,21371.904,10135.035,
Contact STARLINK-31600 - STARLINK-30613,25356.926,35477.305,10120.379,
Contact STARLINK-31600 - STARLINK-30613,42573.986,43830.878,1256.892,
Contact STARLINK-31600 - STARLINK-31764,0.000,792.312,792.312,
Contact STARLINK-31600 - STARLINK-31764,13620.824,14819.968,1199.144,
Contact STARLINK-31600 - STARLINK-31764,24799.808,31667.107,6867.299,
Contact STARLINK-31600 - STARLINK-31764,33173.514,40102.376,6928.862,
Contact STARLINK-31600 - STARLINK-31764,49946.007,56945.282,6999.275,
Contact STARLINK-31600 - STARLINK-31764,58343.754,65353.658,7009.903,
Contact STARLINK-31600 - STARLINK-31764,75119.218,82193.504,7074.285,
Contact STARLINK-31600 - STARLINK-31764,83497.682,86400.000,2902.318,
Contact STARLINK-31600 - STARLINK-4402,75143.853,75765.574,621.721,
Contact STARLINK-31600 - STARLINK-4402,86361.577,86400.000,38.423,
Contact STARLINK-31600 - STARLINK-5618,7031.230,7493.074,461.843,
Contact STARLINK-31600 - STARLINK-5618,21092.543,21730.707,638.164,
Contact STARLINK-31600 - STARLINK-5618,32363.503,33098.242,734.738,
Contact STARLINK-31600 - STARLINK-5618,46473.949,47285.039,811.090,
Contact STARLINK-31600 - STARLINK-5618,60603.830,61453.323,849.493,
Contact STARLINK-31600 - STARLINK-5618,71923.449,72771.697,848.247,
Contact STARLINK-31600 - STARLINK-5618,86094.279,86400.000,305.721,
Contact STARLINK-31600 - STARLINK-6255,10024.747,11141.350,1116.603,
Contact STARLINK-31600 - STARLINK-6255,21338.905,25337.755,3998.849,
Contact STARLINK-31600 - STARLINK-6255,35571.287,36629.023,1057.737,
Contact STARLINK-31600 - STARLINK-6255,49905.180,50650.742,745.561,
Contact STARLINK-31600 - STARLINK-3898,10216.666,11195.469,978.803,
Contact STARLINK-31600 - STARLINK-3898,21556.720,25294.764,3738.044,
Contact STARLINK-31600 - STARLINK-3898,35770.090,36547.572,777.482,
Contact STARLINK-31600 - STARLINK-3898,50031.928,50567.743,535.815,
Contact STARLINK-31600 - STARLINK-30367,10053.744,11096.554,1042.810,
Contact STARLINK-31600 - STARLINK-30367,21468.514,22369.702,901.188,
Contact STARLINK-31600 - STARLINK-30367,35842.808,36357.050,514.242,
Contact STARLINK-31600 - STARLINK-5151,17905.543,18201.073,295.530,
Contact STARLINK-31600 - STARLINK-6142,60936.014,61416.338,480.324,
Contact STARLINK-31600 - STARLINK-6142,71923.151,75979.345,4056.194,
Contact STARLINK-31600 - STARLINK-6142,83081.715,86400.000,3318.285,
Contact STARLINK-31600 - STARLINK-5049,36131.109,86400.000,50268.891,
Contact STARLINK-31600 - MoonARTEMIS1,0.000,6399.383,6399.383,
Contact STARLINK-31600 - MoonARTEMIS1,8523.196,17673.944,9150.748,
Contact STARLINK-31600 - MoonARTEMIS1,19788.798,23315.846,3527.048,
Contact STARLINK-31600 - MoonARTEMIS1,25425.510,28961.782,3536.272,
Contact STARLINK-31600 - MoonARTEMIS1,36673.977,45820.121,9146.144,
Contact STARLINK-31600 - MoonARTEMIS1,47910.852,57069.180,9158.328,
Contact STARLINK-31600 - MoonARTEMIS1,59155.998,68325.794,9169.796,
Contact STARLINK-31600 - MoonARTEMIS1,70407.023,73956.602,3549.579,
Contact STARLINK-31600 - MoonARTEMIS1,76034.560,85223.115,9188.555,
Contact STARLINK-31600 - MoonARTEMIS2,0.000,6483.571,6483.571,
Contact STARLINK-31600 - MoonARTEMIS2,8584.356,17738.714,9154.357,
Contact STARLINK-31600 - MoonARTEMIS2,19832.854,23364.651,3531.796,
Contact STARLINK-31600 - MoonARTEMIS2,25455.884,34611.298,9155.414,
Contact STARLINK-31600 - MoonARTEMIS2,36697.704,45845.317,9147.612,
Contact STARLINK-31600 - MoonARTEMIS2,53570.743,57130.536,3559.793,
Contact STARLINK-31600 - MoonARTEMIS2,59205.599,62771.728,3566.129,
Contact STARLINK-31600 - MoonARTEMIS2,64839.459,74050.334,9210.874,
Contact STARLINK-31600 - MoonARTEMIS2,76105.321,85325.373,9220.053,
Contact STARLINK-31600 - MoonIOAGEO,0.000,6421.872,6421.872,
Contact STARLINK-31600 - MoonIOAGEO,8540.226,12060.293,3520.067,
Contact STARLINK-31600 - MoonIOAGEO,19811.744,23342.998,3531.255,
Contact STARLINK-31600 - MoonIOAGEO,25444.036,34594.986,9150.951,
Contact STARLINK-31600 - MoonIOAGEO,36685.342,45834.434,9149.092,
Contact STARLINK-31600 - MoonIOAGEO,47923.416,57109.068,9185.652,
Contact STARLINK-31600 - MoonIOAGEO,70464.102,74026.439,3562.337,
Contact STARLINK-31600 - MoonIOAGEO,76088.244,85265.570,9177.325,
Contact STARLINK-31600 - MoonIOAGNO,0.000,6433.634,6433.634,
Contact STARLINK-31600 - MoonIOAGNO,8557.461,17699.262,9141.800,
Contact STARLINK-31600 - MoonIOAGNO,19795.697,23321.519,3525.822,
Contact STARLINK-31600 - MoonIOAGNO,25414.397,34570.923,9156.526,
Contact STARLINK-31600 - MoonIOAGNO,36661.386,45835.550,9174.165,
Contact STARLINK-31600 - MoonIOAGNO,47929.934,57124.013,9194.079,
Contact STARLINK-31600 - MoonIOAGNO,59193.001,62749.662,3556.660,
Contact STARLINK-31600 - MoonIOAGNO,70432.839,73999.760,3566.922,
Contact STARLINK-31600 - MoonIOAGNO,76056.753,85257.865,9201.112,
Contact STARLINK-31600 - MoonIOAGNO 0001,0.000,6423.488,6423.488,
Contact STARLINK-31600 - MoonIOAGNO 0001,8530.605,17676.797,9146.192,
Contact STARLINK-31600 - MoonIOAGNO 0001,19783.732,23310.785,3527.052,
Contact STARLINK-31600 - MoonIOAGNO 0001,25419.960,34598.048,9178.088,
Contact STARLINK-31600 - MoonIOAGNO 0001,36684.475,45845.967,9161.492,
Contact STARLINK-31600 - MoonIOAGNO 0001,47921.872,57097.182,9175.310,
Contact STARLINK-31600 - MoonIOAGNO 0001,59171.056,62727.240,3556.183,
Contact STARLINK-31600 - MoonIOAGNO 0001,70443.538,74017.655,3574.117,
Contact STARLINK-31600 - MoonIOAGNO 0001,76084.601,85280.581,9195.980,
Contact STARLINK-31600 - MoonIOAGSO,0.000,6432.225,6432.225,
Contact STARLINK-31600 - MoonIOAGSO,14188.757,17711.954,3523.197,
Contact STARLINK-31600 - MoonIOAGSO,19825.000,23346.998,3521.998,
Contact STARLINK-31600 - MoonIOAGSO,25455.835,34607.195,9151.360,
Contact STARLINK-31600 - MoonIOAGSO,36705.207,45854.909,9149.703,
Contact STARLINK-31600 - MoonIOAGSO,47936.889,51477.563,3540.674,
Contact STARLINK-31600 - MoonIOAGSO,59207.399,62760.930,3553.530,
Contact STARLINK-31600 - MoonIOAGSO,70475.901,74030.280,3554.379,
Contact STARLINK-31600 - MoonIOAGSO,76103.669,85287.904,9184.234,
Contact STARLINK-31600 - MoonIOAGSO 0001,0.000,6457.830,6457.830,
Contact STARLINK-31600 - MoonIOAGSO 0001,8576.344,17710.483,9134.138,
Contact STARLINK-31600 - MoonIOAGSO 0001,19817.136,23332.097,3514.962,
Contact STARLINK-31600 - MoonIOAGSO 0001,25430.928,28952.755,3521.827,
Contact STARLINK-31600 - MoonIOAGSO 0001,36696.666,45870.367,9173.701,
Contact STARLINK-31600 - MoonIOAGSO 0001,47964.299,57132.253,9167.954,
Contact STARLINK-31600 - MoonIOAGSO 0001,59214.539,62758.675,3544.135,
Contact STARLINK-31600 - MoonIOAGSO 0001,70445.869,73896.134,3450.265,
Contact STARLINK-31600 - MoonIOAGSO 0001,76761.151,85290.208,8529.056,
Contact STARLINK-31600 - MoonLRO,0.000,3966.582,3966.582,
Contact STARLINK-31600 - MoonLRO,14181.112,17616.063,3434.951,
Contact STARLINK-31600 - MoonLRO,20495.460,23327.511,2832.051,
Contact STARLINK-31600 - MoonLRO,27304.942,28960.464,1655.522,
Contact STARLINK-31600 - MoonLRO,42314.265,44945.258,2630.993,
Contact STARLINK-31600 - MoonLRO,47940.960,51480.978,3540.017,
Contact STARLINK-31600 - MoonLRO,70450.581,72293.033,1842.452,
Contact STARLINK-31600 - MoonLRO,81938.969,85275.736,3336.767,
Contact STARLINK-31600 - MarsSat1,0.000,2134.673,2134.673,
Contact STARLINK-31600 - MarsSat1,4166.153,13364.986,9198.834,
Contact STARLINK-31600 - MarsSat1,15396.533,24595.249,9198.716,
Contact STARLINK-31600 - MarsSat1,26626.948,35825.439,9198.491,
Contact STARLINK-31600 - MarsSat1,37857.362,41440.502,3583.140,
Contact STARLINK-31600 - MarsSat1,43472.564,52670.573,9198.008,
Contact STARLINK-31600 - MarsSat1,54702.962,63900.585,9197.622,
Contact STARLINK-31600 - MarsSat1,65933.373,75130.559,9197.186,
Contact STARLINK-31600 - MarsSat1,77163.825,86360.503,9196.678,
Contact STARLINK-31600 - MarsSat2,0.000,2134.687,2134.687,
Contact STARLINK-31600 - MarsSat2,4166.180,13364.977,9198.797,
Contact STARLINK-31600 - MarsSat2,15396.497,24595.226,9198.729,
Contact STARLINK-31600 - MarsSat2,26626.871,35825.424,9198.553,
Contact STARLINK-31600 - MarsSat2,37857.284,41440.502,3583.217,
Contact STARLINK-31600 - MarsSat2,43472.503,52670.615,9198.112,
Contact STARLINK-31600 - MarsSat2,54702.959,63900.670,9197.710,
Contact STARLINK-31600 - MarsSat2,65933.438,75130.662,9197.224,
Contact STARLINK-31600 - MarsSat2,77163.934,86360.591,9196.657,
Contact STARLINK-31600 - MarsSat3,0.000,2134.681,2134.681,
Contact STARLINK-31600 - MarsSat3,4166.201,13364.929,9198.728,
Contact STARLINK-31600 - MarsSat3,15396.496,24595.191,9198.695,
Contact STARLINK-31600 - MarsSat3,26626.873,35825.430,9198.557,
Contact STARLINK-31600 - MarsSat3,37857.312,41440.522,3583.210,
Contact STARLINK-31600 - MarsSat3,43472.540,52670.641,9198.102,
Contact STARLINK-31600 - MarsSat3,54703.002,63900.679,9197.677,
Contact STARLINK-31600 - MarsSat3,65933.468,75130.639,9197.171,
Contact STARLINK-31600 - MarsSat3,77163.935,86360.529,9196.594,
Contact STARLINK-31600 - MarsSat4,0.000,2134.742,2134.742,
Contact STARLINK-31600 - MarsSat4,4166.224,7749.867,3583.643,
Contact STARLINK-31600 - MarsSat4,15396.511,24595.212,9198.701,
Contact STARLINK-31600 - MarsSat4,26626.897,35825.424,9198.528,
Contact STARLINK-31600 - MarsSat4,37857.315,41360.124,3502.809,
Contact STARLINK-31600 - MarsSat4,43472.503,52670.551,9198.048,
Contact STARLINK-31600 - MarsSat4,54702.933,63900.652,9197.719,
Contact STARLINK-31600 - MarsSat4,65933.431,73689.483,7756.053,
Contact STARLINK-31600 - MarsSat4,77163.884,86360.535,9196.651,
Contact STARLINK-4687 - STARLINK-5978,6815.762,13696.005,6880.243,
Contact STARLINK-4687 - STARLINK-5978,21099.277,28111.146,7011.870,
Contact STARLINK-4687 - STARLINK-5978,35419.442,42487.136,7067.694,
Contact STARLINK-4687 - STARLINK-5978,49736.886,51122.127,1385.241,
Contact STARLINK-4687 - STARLINK-5978,64088.552,65472.950,1384.398,
Contact STARLINK-4687 - STARLINK-5978,72692.314,79828.981,7136.667,
Contact STARLINK-4687 - STARLINK-4402,0.000,6559.465,6559.465,
Contact STARLINK-4687 - STARLINK-4402,7768.013,21010.973,13242.960,
Contact STARLINK-4687 - STARLINK-4402,21997.224,35428.557,13431.333,
Contact STARLINK-4687 - STARLINK-4402,36265.046,49890.470,13625.424,
Contact STARLINK-4687 - STARLINK-4402,50484.732,86400.000,35915.268,
Contact STARLINK-4687 - STARLINK-31502,943.834,53674.317,52730.483,
Contact STARLINK-4687 - STARLINK-31502,54156.641,61590.935,7434.294,
Contact STARLINK-4687 - STARLINK-4631,0.000,86400.000,86400.000,
Contact STARLINK-4687 - STARLINK-31722,25154.073,31749.230,6595.157,
Contact STARLINK-4687 - STARLINK-31722,38826.748,46246.234,7419.486,
Contact STARLINK-4687 - STARLINK-31722,47159.241,71667.815,24508.573,
Contact STARLINK-4687 - STARLINK-31722,72661.424,79977.689,7316.265,
Contact STARLINK-4687 - STARLINK-1581,0.000,591.516,591.516,
Contact STARLINK-4687 - STARLINK-1581,14004.235,14829.788,825.553,
Contact STARLINK-4687 - STARLINK-1581,28148.049,29048.527,900.479,
Contact STARLINK-4687 - STARLINK-1581,39480.808,43239.869,3759.061,
Contact STARLINK-4687 - STARLINK-1581,53668.859,54579.390,910.531,
Contact STARLINK-4687 - STARLINK-1581,67873.192,68737.439,864.248,
Contact STARLINK-4687 - STARLINK-1581,82106.919,82865.764,758.844,
Contact STARLINK-4687 - STARLINK-4290,3071.345,3699.546,628.201,
Contact STARLINK-4687 - STARLINK-4290,28722.354,29411.015,688.661,
Contact STARLINK-4687 - STARLINK-4290,42975.862,43692.500,716.638,
Contact STARLINK-4687 - STARLINK-4290,57228.953,57974.022,745.068,
Contact STARLINK-4687 - STARLINK-4290,71484.821,72253.085,768.264,
Contact STARLINK-4687 - STARLINK-4290,85739.940,86400.000,660.060,
Contact STARLINK-4687 - STARLINK-6142,3341.382,4143.799,802.417,
Contact STARLINK-4687 - STARLINK-6142,17668.764,18435.108,766.343,
Contact STARLINK-4687 - STARLINK-6142,31990.989,32731.912,740.923,
Contact STARLINK-4687 - STARLINK-6142,46321.032,47020.541,699.509,
Contact STARLINK-4687 - STARLINK-6142,60645.587,61315.010,669.423,
Contact STARLINK-4687 - STARLINK-6142,74978.978,75600.273,621.296,
Contact STARLINK-4687 - STARLINK-3167,0.000,67859.801,67859.801,
Contact STARLINK-4687 - STARLINK-3167,75316.141,75776.945,460.805,
Contact STARLINK-4687 - MoonARTEMIS1,598.251,9990.200,9391.950,
Contact STARLINK-4687 - MoonARTEMIS1,12089.678,21480.079,9390.401,
Contact STARLINK-4687 - MoonARTEMIS1,23589.492,27228.866,3639.374,
Contact STARLINK-4687 - MoonARTEMIS1,35068.856,38688.012,3619.156,
Contact STARLINK-4687 - MoonARTEMIS1,40793.574,50143.427,9349.853,
Contact STARLINK-4687 - MoonARTEMIS1,52253.428,55874.007,3620.579,
Contact STARLINK-4687 - MoonARTEMIS1,57986.512,67339.057,9352.545,
Contact STARLINK-4687 - MoonARTEMIS1,69457.117,78808.346,9351.229,
Contact STARLINK-4687 - MoonARTEMIS1,80932.590,84544.411,3611.820,
Contact STARLINK-4687 - MoonARTEMIS2,695.790,10058.772,9362.982,
Contact STARLINK-4687 - MoonARTEMIS2,12168.810,21524.562,9355.753,
Contact STARLINK-4687 - MoonARTEMIS2,23636.898,27255.663,3618.766,
Contact STARLINK-4687 - MoonARTEMIS2,29368.540,38712.252,9343.713,
Contact STARLINK-4687 - MoonARTEMIS2,40823.555,47441.100,6617.545,
Contact STARLINK-4687 - MoonARTEMIS2,52296.024,55916.984,3620.961,
Contact STARLINK-4687 - MoonARTEMIS2,58043.057,67398.067,9355.010,
Contact STARLINK-4687 - MoonARTEMIS2,69530.402,78874.276,9343.873,
Contact STARLINK-4687 - MoonARTEMIS2,81011.935,84611.074,3599.139,
Contact STARLINK-4687 - MoonIOAGEO,629.239,10011.623,9382.384,
Contact STARLINK-4687 - MoonIOAGEO,17867.183,21505.606,3638.423,
Contact STARLINK-4687 - MoonIOAGEO,23615.352,27244.565,3629.213,
Contact STARLINK-4687 - MoonIOAGEO,29353.685,38698.444,9344.758,
Contact STARLINK-4687 - MoonIOAGEO,40807.040,50158.833,9351.793,
Contact STARLINK-4687 - MoonIOAGEO,52276.991,55901.320,3624.329,
Contact STARLINK-4687 - MoonIOAGEO,61186.958,67390.459,6203.501,
Contact STARLINK-4687 - MoonIOAGEO,69519.012,78852.215,9333.203,
Contact STARLINK-4687 - MoonIOAGEO,80978.888,84575.732,3596.844,
Contact STARLINK-4687 - MoonIOAGNO,626.605,10029.528,9402.923,
Contact STARLINK-4687 - MoonIOAGNO,12132.344,21485.210,9352.865,
Contact STARLINK-4687 - MoonIOAGNO,23595.635,27213.898,3618.264,
Contact STARLINK-4687 - MoonIOAGNO,29326.875,38680.457,9353.581,
Contact STARLINK-4687 - MoonIOAGNO,40796.579,50172.764,9376.185,
Contact STARLINK-4687 - MoonIOAGNO,52297.240,55913.138,3615.898,
Contact STARLINK-4687 - MoonIOAGNO,58035.434,67366.611,9331.177,
Contact STARLINK-4687 - MoonIOAGNO,69495.697,78827.933,9332.237,
Contact STARLINK-4687 - MoonIOAGNO,80960.814,84563.945,3603.131,
Contact STARLINK-4687 - MoonIOAGNO 0001,642.318,10000.815,9358.497,
Contact STARLINK-4687 - MoonIOAGNO 0001,12106.488,21475.371,9368.883,
Contact STARLINK-4687 - MoonIOAGNO 0001,23583.907,27224.886,3640.979,
Contact STARLINK-4687 - MoonIOAGNO 0001,29339.791,38700.090,9360.299,
Contact STARLINK-4687 - MoonIOAGNO 0001,40816.611,50155.906,9339.294,
Contact STARLINK-4687 - MoonIOAGNO 0001,52278.106,55887.657,3609.551,
Contact STARLINK-4687 - MoonIOAGNO 0001,58011.564,67364.795,9353.231,
Contact STARLINK-4687 - MoonIOAGNO 0001,69493.648,78850.779,9357.131,
Contact STARLINK-4687 - MoonIOAGNO 0001,80982.610,84577.014,3594.405,
Contact STARLINK-4687 - MoonIOAGSO,649.854,8827.844,8177.990,
Contact STARLINK-4687 - MoonIOAGSO,12126.345,21516.486,9390.141,
Contact STARLINK-4687 - MoonIOAGSO,23618.100,27255.097,3636.998,
Contact STARLINK-4687 - MoonIOAGSO,29357.984,38719.166,9361.183,
Contact STARLINK-4687 - MoonIOAGSO,40827.320,50166.637,9339.317,
Contact STARLINK-4687 - MoonIOAGSO,58036.876,67401.528,9364.652,
Contact STARLINK-4687 - MoonIOAGSO,69523.910,78869.396,9345.485,
Contact STARLINK-4687 - MoonIOAGSO,80995.578,84596.641,3601.063,
Contact STARLINK-4687 - MoonIOAGSO 0001,661.259,10045.140,9383.881,
Contact STARLINK-4687 - MoonIOAGSO 0001,12139.577,21503.211,9363.634,
Contact STARLINK-4687 - MoonIOAGSO 0001,23604.292,27226.125,3621.833,
Contact STARLINK-4687 - MoonIOAGSO 0001,35082.950,38718.067,3635.117,
Contact STARLINK-4687 - MoonIOAGSO 0001,40829.895,50197.643,9367.748,
Contact STARLINK-4687 - MoonIOAGSO 0001,52311.265,55930.603,3619.338,
Contact STARLINK-4687 - MoonIOAGSO 0001,58046.546,67382.732,9336.186,
Contact STARLINK-4687 - MoonIOAGSO 0001,69503.888,73106.630,3602.742,
Contact STARLINK-4687 - MoonIOAGSO 0001,80987.966,84600.972,3613.007,
Contact STARLINK-4687 - MoonLRO,646.070,10019.446,9373.376,
Contact STARLINK-4687 - MoonLRO,13674.049,15759.109,2085.060,
Contact STARLINK-4687 - MoonLRO,35079.181,38116.630,3037.449,
Contact STARLINK-4687 - MoonLRO,40977.345,44434.474,3457.129,
Contact STARLINK-4687 - MoonLRO,63767.795,65478.716,1710.921,
Contact STARLINK-4687 - MoonLRO,69506.458,78844.074,9337.616,
Contact STARLINK-4687 - MoonLRO,81943.183,84581.840,2638.657,
Contact STARLINK-4687 - MarsSat1,1698.495,5294.107,3595.611,
Contact STARLINK-4687 - MarsSat1,7418.504,16734.990,9316.486,
Contact STARLINK-4687 - MarsSat1,18858.544,28175.936,9317.393,
Contact STARLINK-4687 - MarsSat1,30298.586,33896.423,3597.837,
Contact STARLINK-4687 - MarsSat1,36018.600,45337.413,9318.813,
Contact STARLINK-4687 - MarsSat1,47458.604,56778.429,9319.825,
Contact STARLINK-4687 - MarsSat1,58898.582,68219.494,9320.912,
Contact STARLINK-4687 - MarsSat1,70338.560,73940.055,3601.495,
Contact STARLINK-4687 - MarsSat1,76058.559,85381.253,9322.694,
Contact STARLINK-4687 - MarsSat2,1698.548,5294.132,3595.584,
Contact STARLINK-4687 - MarsSat2,7418.514,16734.938,9316.424,
Contact STARLINK-4687 - MarsSat2,18858.477,28175.833,9317.357,
Contact STARLINK-4687 - MarsSat2,30298.473,33896.310,3597.837,
Contact STARLINK-4687 - MarsSat2,36018.479,45337.314,9318.835,
Contact STARLINK-4687 - MarsSat2,47458.503,56778.386,9319.882,
Contact STARLINK-4687 - MarsSat2,58898.540,68219.521,9320.982,
Contact STARLINK-4687 - MarsSat2,70338.588,73940.113,3601.525,
Contact STARLINK-4687 - MarsSat2,76058.616,85381.346,9322.729,
Contact STARLINK-4687 - MarsSat3,1698.592,5294.181,3595.590,
Contact STARLINK-4687 - MarsSat3,7418.573,16734.983,9316.410,
Contact STARLINK-4687 - MarsSat3,18858.526,28175.862,9317.335,
Contact STARLINK-4687 - MarsSat3,30298.505,33896.339,3597.834,
Contact STARLINK-4687 - MarsSat3,36018.511,45337.352,9318.842,
Contact STARLINK-4687 - MarsSat3,47458.542,56778.430,9319.888,
Contact STARLINK-4687 - MarsSat3,58898.586,68219.564,9320.978,
Contact STARLINK-4687 - MarsSat3,70338.633,73940.150,3601.517,
Contact STARLINK-4687 - MarsSat3,76058.656,85381.357,9322.701,
Contact STARLINK-4687 - MarsSat4,1698.546,5294.159,3595.613,
Contact STARLINK-4687 - MarsSat4,13138.549,16734.988,3596.439,
Contact STARLINK-4687 - MarsSat4,18858.532,28175.881,9317.349,
Contact STARLINK-4687 - MarsSat4,30298.526,33896.362,3597.836,
Contact STARLINK-4687 - MarsSat4,36018.537,45337.358,9318.821,
Contact STARLINK-4687 - MarsSat4,47458.550,56778.394,9319.844,
Contact STARLINK-4687 - MarsSat4,58898.551,68219.524,9320.973,
Contact STARLINK-4687 - MarsSat4,70338.594,73689.517,3350.923,
Contact STARLINK-4687 - MarsSat4,76058.619,85381.305,9322.686,
Contact STARLINK-5978 - STARLINK-4402,7062.831,10920.905,3858.074,
Contact STARLINK-5978 - STARLINK-4402,21461.028,25272.022,3810.993,
Contact STARLINK-5978 - STARLINK-4402,35884.840,39637.403,3752.563,
Contact STARLINK-5978 - STARLINK-4402,50291.489,51118.498,827.009,
Contact STARLINK-5978 - STARLINK-4402,64728.589,65452.646,724.057,
Contact STARLINK-5978 - STARLINK-4402,79147.730,79801.880,654.150,
Contact STARLINK-5978 - STARLINK-31502,21355.965,21907.821,551.856,
Contact STARLINK-5978 - STARLINK-31502,35404.525,36262.776,858.251,
Contact STARLINK-5978 - STARLINK-31502,46715.165,50523.120,3807.955,
Contact STARLINK-5978 - STARLINK-31502,60926.503,61863.172,936.669,
Contact STARLINK-5978 - STARLINK-31502,75241.284,75951.612,710.328,
Contact STARLINK-5978 - STARLINK-30842,0.000,398.292,398.292,
Contact STARLINK-5978 - STARLINK-30842,14184.291,14753.376,569.085,
Contact STARLINK-5978 - STARLINK-30842,28582.172,29108.106,525.934,
Contact STARLINK-5978 - STARLINK-30842,42983.366,43458.364,474.998,
Contact STARLINK-5978 - STARLINK-30842,57385.782,57808.565,422.783,
Contact STARLINK-5978 - STARLINK-30842,71795.116,72150.683,355.567,
Contact STARLINK-5978 - STARLINK-30842,86207.110,86400.000,192.890,
Contact STARLINK-5978 - STARLINK-4631,6948.535,7846.755,898.220,
Contact STARLINK-5978 - STARLINK-4631,21229.663,22268.367,1038.703,
Contact STARLINK-5978 - STARLINK-4631,35545.059,36653.686,1108.627,
Contact STARLINK-5978 - STARLINK-4631,49855.989,51044.963,1188.973,
Contact STARLINK-5978 - STARLINK-4631,64196.759,65404.843,1208.083,
Contact STARLINK-5978 - STARLINK-4631,78532.807,79770.567,1237.761,
Contact STARLINK-5978 - STARLINK-5807,0.000,701.367,701.367,
Contact STARLINK-5978 - STARLINK-5807,14386.148,15103.075,716.927,
Contact STARLINK-5978 - STARLINK-5807,28791.276,29504.944,713.668,
Contact STARLINK-5978 - STARLINK-5807,43196.348,43906.457,710.108,
Contact STARLINK-5978 - STARLINK-31722,43830.498,86400.000,42569.502,
Contact STARLINK-5978 - STARLINK-1581,57021.066,57945.441,924.376,
Contact STARLINK-5978 - STARLINK-1581,65402.276,72429.462,7027.186,
Contact STARLINK-5978 - STARLINK-1581,79475.025,86400.000,6924.975,
Contact STARLINK-5978 - STARLINK-2388,2938.888,3670.908,732.020,
Contact STARLINK-5978 - STARLINK-2388,28789.214,29393.535,604.321,
Contact STARLINK-5978 - STARLINK-2388,43159.175,43674.236,515.060,
Contact STARLINK-5978 - STARLINK-2388,57541.859,57943.657,401.798,
Contact STARLINK-5978 - STARLINK-2388,71947.590,72188.670,241.080,
Contact STARLINK-5978 - STARLINK-3167,6693.224,7678.711,985.487,
Contact STARLINK-5978 - STARLINK-3167,20957.197,22016.760,1059.563,
Contact STARLINK-5978 - STARLINK-3167,32394.603,36311.527,3916.924,
Contact STARLINK-5978 - STARLINK-3167,46723.521,50593.511,3869.990,
Contact STARLINK-5978 - STARLINK-3167,61065.208,64832.893,3767.686,
Contact STARLINK-5978 - STARLINK-3167,75453.924,76207.603,753.679,
Contact STARLINK-5978 - STARLINK-1700,0.000,424.553,424.553,
Contact STARLINK-5978 - STARLINK-1700,14044.616,14759.563,714.948,
Contact STARLINK-5978 - STARLINK-1700,28413.740,29097.263,683.523,
Contact STARLINK-5978 - STARLINK-1700,42789.920,43426.731,636.811,
Contact STARLINK-5978 - STARLINK-1700,57162.976,57760.523,597.547,
Contact STARLINK-5978 - STARLINK-1700,71545.607,72083.566,537.959,
Contact STARLINK-5978 - STARLINK-1700,85923.255,86400.000,476.745,
Contact STARLINK-5978 - STARLINK-31463,3344.872,3933.856,588.984,
Contact STARLINK-5978 - MoonARTEMIS1,0.000,2981.699,2981.699,
Contact STARLINK-5978 - MoonARTEMIS1,4932.924,20356.565,15423.641,
Contact STARLINK-5978 - MoonARTEMIS1,22238.705,31065.983,8827.279,
Contact STARLINK-5978 - MoonARTEMIS1,33956.652,49268.608,15311.956,
Contact STARLINK-5978 - MoonARTEMIS1,51057.689,60833.791,9776.102,
Contact STARLINK-5978 - MoonARTEMIS1,62585.721,78206.784,15621.063,
Contact STARLINK-5978 - MoonARTEMIS1,79878.408,86400.000,6521.592,
Contact STARLINK-5978 - MoonARTEMIS2,0.000,3088.114,3088.114,
Contact STARLINK-5978 - MoonARTEMIS2,4967.425,20433.527,15466.102,
Contact STARLINK-5978 - MoonARTEMIS2,22260.155,31989.436,9729.281,
Contact STARLINK-5978 - MoonARTEMIS2,33783.450,47433.133,13649.683,
Contact STARLINK-5978 - MoonARTEMIS2,51364.412,60944.417,9580.005,
Contact STARLINK-5978 - MoonARTEMIS2,62611.253,78378.838,15767.586,
Contact STARLINK-5978 - MoonARTEMIS2,79912.633,86400.000,6487.367,
Contact STARLINK-5978 - MoonIOAGEO,0.000,3008.478,3008.478,
Contact STARLINK-5978 - MoonIOAGEO,4939.811,13154.509,8214.698,
Contact STARLINK-5978 - MoonIOAGEO,17291.544,20389.971,3098.427,
Contact STARLINK-5978 - MoonIOAGEO,22242.418,31963.645,9721.226,
Contact STARLINK-5978 - MoonIOAGEO,33772.713,49296.342,15523.628,
Contact STARLINK-5978 - MoonIOAGEO,51066.278,55098.102,4031.825,
Contact STARLINK-5978 - MoonIOAGEO,62597.572,78306.824,15709.252,
Contact STARLINK-5978 - MoonIOAGEO,79887.401,86400.000,6512.599,
Contact STARLINK-5978 - MoonIOAGNO,0.000,3011.801,3011.801,
Contact STARLINK-5978 - MoonIOAGNO,4937.095,20397.796,15460.702,
Contact STARLINK-5978 - MoonIOAGNO,22270.500,31955.445,9684.946,
Contact STARLINK-5978 - MoonIOAGNO,33798.953,49305.107,15506.154,
Contact STARLINK-5978 - MoonIOAGNO,51058.442,60929.223,9870.781,
Contact STARLINK-5978 - MoonIOAGNO,62629.611,66717.509,4087.898,
Contact STARLINK-5978 - MoonIOAGNO,68400.094,78287.281,9887.187,
Contact STARLINK-5978 - MoonIOAGNO,79918.906,86400.000,6481.094,
Contact STARLINK-5978 - MoonIOAGNO 0001,0.000,3040.879,3040.879,
Contact STARLINK-5978 - MoonIOAGNO 0001,4970.932,20366.785,15395.853,
Contact STARLINK-5978 - MoonIOAGNO 0001,22246.562,31961.927,9715.365,
Contact STARLINK-5978 - MoonIOAGNO 0001,33782.044,49330.074,15548.030,
Contact STARLINK-5978 - MoonIOAGNO 0001,51101.836,60891.817,9789.981,
Contact STARLINK-5978 - MoonIOAGNO 0001,62613.800,78321.343,15707.543,
Contact STARLINK-5978 - MoonIOAGNO 0001,79912.780,86400.000,6487.220,
Contact STARLINK-5978 - MoonIOAGSO,0.000,3023.841,3023.841,
Contact STARLINK-5978 - MoonIOAGSO,4945.977,8808.604,3862.627,
Contact STARLINK-5978 - MoonIOAGSO,11640.883,20373.609,8732.726,
Contact STARLINK-5978 - MoonIOAGSO,22212.150,31949.378,9737.228,
Contact STARLINK-5978 - MoonIOAGSO,33743.408,49319.437,15576.029,
Contact STARLINK-5978 - MoonIOAGSO,56816.964,60905.660,4088.696,
Contact STARLINK-5978 - MoonIOAGSO,62564.512,78309.144,15744.632,
Contact STARLINK-5978 - MoonIOAGSO,79853.453,86400.000,6546.547,
Contact STARLINK-5978 - MoonIOAGSO 0001,0.000,3018.554,3018.554,
Contact STARLINK-5978 - MoonIOAGSO 0001,4914.565,20376.136,15461.572,
Contact STARLINK-5978 - MoonIOAGSO 0001,22232.649,30554.059,8321.410,
Contact STARLINK-5978 - MoonIOAGSO 0001,33763.678,49321.113,15557.436,
Contact STARLINK-5978 - MoonIOAGSO 0001,51031.836,60911.000,9879.164,
Contact STARLINK-5978 - MoonIOAGSO 0001,62577.211,72494.161,9916.950,
Contact STARLINK-5978 - MoonIOAGSO 0001,79864.229,86400.000,6535.771,
Contact STARLINK-5978 - MoonLRO,0.000,3028.393,3028.393,
Contact STARLINK-5978 - MoonLRO,6841.119,8809.278,1968.160,
Contact STARLINK-5978 - MoonLRO,13685.609,14589.609,904.000,
Contact STARLINK-5978 - MoonLRO,27999.738,31315.403,3315.664,
Contact STARLINK-5978 - MoonLRO,34119.796,37742.165,3622.368,
Contact STARLINK-5978 - MoonLRO,40964.465,43532.063,2567.598,
Contact STARLINK-5978 - MoonLRO,56834.200,58644.480,1810.280,
Contact STARLINK-5978 - MoonLRO,62590.708,78299.165,15708.457,
Contact STARLINK-5978 - MoonLRO,81940.156,84101.055,2160.899,
Contact STARLINK-5978 - MarsSat1,854.575,16923.853,16069.278,
Contact STARLINK-5978 - MarsSat1,18176.074,28447.004,10270.930,
Contact STARLINK-5978 - MarsSat1,29722.996,45732.409,16009.414,
Contact STARLINK-5978 - MarsSat1,47042.197,57256.378,10214.181,
Contact STARLINK-5978 - MarsSat1,58587.603,74542.816,15955.213,
Contact STARLINK-5978 - MarsSat1,75904.861,86067.446,10162.585,
Contact STARLINK-5978 - MarsSat2,854.702,16923.757,16069.055,
Contact STARLINK-5978 - MarsSat2,18175.940,28446.810,10270.870,
Contact STARLINK-5978 - MarsSat2,29722.768,45732.146,16009.379,
Contact STARLINK-5978 - MarsSat2,47042.033,57256.143,10214.109,
Contact STARLINK-5978 - MarsSat2,58587.591,74542.716,15955.125,
Contact STARLINK-5978 - MarsSat2,75905.060,86067.450,10162.389,
Contact STARLINK-5978 - MarsSat3,854.773,16924.003,16069.231,
Contact STARLINK-5978 - MarsSat3,18175.967,28446.928,10270.962,
Contact STARLINK-5978 - MarsSat3,29722.808,45732.175,16009.367,
Contact STARLINK-5978 - MarsSat3,47042.132,57256.194,10214.062,
Contact STARLINK-5978 - MarsSat3,58587.694,74542.841,15955.147,
Contact STARLINK-5978 - MarsSat3,75905.109,86067.606,10162.497,
Contact STARLINK-5978 - MarsSat4,854.765,9031.046,8176.280,
Contact STARLINK-5978 - MarsSat4,12402.412,16923.970,4521.557,
Contact STARLINK-5978 - MarsSat4,18175.999,28446.933,10270.934,
Contact STARLINK-5978 - MarsSat4,29722.863,45732.407,16009.544,
Contact STARLINK-5978 - MarsSat4,47042.042,57256.259,10214.217,
Contact STARLINK-5978 - MarsSat4,58587.576,73689.489,15101.913,
Contact STARLINK-5978 - MarsSat4,75905.010,86067.486,10162.476,
Contact STARLINK-30613 - STARLINK-31764,28521.008,29138.887,617.879,
Contact STARLINK-30613 - STARLINK-31764,42523.634,43467.731,944.098,
Contact STARLINK-30613 - STARLINK-31764,53801.490,57692.025,3890.534,
Contact STARLINK-30613 - STARLINK-31764,67977.874,69004.676,1026.802,
Contact STARLINK-30613 - STARLINK-31764,82253.834,83058.939,805.105,
Contact STARLINK-30613 - STARLINK-5618,6935.037,7900.882,965.845,
Contact STARLINK-30613 - STARLINK-5618,21242.077,22220.958,978.881,
Contact STARLINK-30613 - STARLINK-5618,35539.929,36550.450,1010.522,
Contact STARLINK-30613 - STARLINK-5618,49853.136,50864.217,1011.081,
Contact STARLINK-30613 - STARLINK-5618,64157.240,65187.401,1030.161,
Contact STARLINK-30613 - STARLINK-5618,78476.339,79495.146,1018.807,
Contact STARLINK-30613 - STARLINK-6255,10626.449,11335.959,709.510,
Contact STARLINK-30613 - STARLINK-6255,24966.284,25685.500,719.216,
Contact STARLINK-30613 - STARLINK-6255,39315.044,40026.134,711.090,
Contact STARLINK-30613 - STARLINK-6255,53654.891,54375.673,720.781,
Contact STARLINK-30613 - STARLINK-6255,68003.631,68716.299,712.667,
Contact STARLINK-30613 - STARLINK-6255,82343.492,83065.833,722.342,
Contact STARLINK-30613 - STARLINK-3898,68056.395,68434.387,377.992,
Contact STARLINK-30613 - STARLINK-3898,82270.350,82831.080,560.730,
Contact STARLINK-30613 - STARLINK-31539,64154.600,86400.000,22245.400,
Contact STARLINK-30613 - STARLINK-4290,7016.580,7481.403,464.823,
Contact STARLINK-30613 - STARLINK-4290,21444.037,21642.033,197.996,
Contact STARLINK-30613 - STARLINK-5151,28645.482,86400.000,57754.518,
Contact STARLINK-30613 - MoonARTEMIS1,0.000,6049.543,6049.543,
Contact STARLINK-30613 - MoonARTEMIS1,8155.439,17588.662,9433.223,
Contact STARLINK-30613 - MoonARTEMIS1,19697.479,23362.184,3664.704,
Contact STARLINK-30613 - MoonARTEMIS1,25473.195,29138.938,3665.743,
Contact STARLINK-30613 - MoonARTEMIS1,36987.756,46386.991,9399.235,
Contact STARLINK-30613 - MoonARTEMIS1,48488.723,52140.565,3651.842,
Contact STARLINK-30613 - MoonARTEMIS1,54243.555,63653.172,9409.616,
Contact STARLINK-30613 - MoonARTEMIS1,65758.919,75171.471,9412.552,
Contact STARLINK-30613 - MoonARTEMIS1,77280.487,80932.470,3651.983,
Contact STARLINK-30613 - MoonARTEMIS1,83043.348,86400.000,3356.652,
Contact STARLINK-30613 - MoonARTEMIS2,0.000,6138.767,6138.767,
Contact STARLINK-30613 - MoonARTEMIS2,8247.431,17654.495,9407.064,
Contact STARLINK-30613 - MoonARTEMIS2,19762.446,23410.424,3647.978,
Contact STARLINK-30613 - MoonARTEMIS2,25517.730,34916.699,9398.969,
Contact STARLINK-30613 - MoonARTEMIS2,37021.312,46411.822,9390.510,
Contact STARLINK-30613 - MoonARTEMIS2,54297.000,63721.572,9424.571,
Contact STARLINK-30613 - MoonARTEMIS2,65837.697,75252.128,9414.431,
Contact STARLINK-30613 - MoonARTEMIS2,77371.177,81015.535,3644.359,
Contact STARLINK-30613 - MoonARTEMIS2,83136.022,86400.000,3263.978,
Contact STARLINK-30613 - MoonIOAGEO,0.000,6073.914,6073.914,
Contact STARLINK-30613 - MoonIOAGEO,8179.852,11844.072,3664.219,
Contact STARLINK-30613 - MoonIOAGEO,19727.433,23389.357,3661.923,
Contact STARLINK-30613 - MoonIOAGEO,25495.977,34901.072,9405.095,
Contact STARLINK-30613 - MoonIOAGEO,37002.652,46401.068,9398.416,
Contact STARLINK-30613 - MoonIOAGEO,48507.575,52164.029,3656.454,
Contact STARLINK-30613 - MoonIOAGEO,65822.643,75231.645,9409.003,
Contact STARLINK-30613 - MoonIOAGEO,77341.413,80979.932,3638.519,
Contact STARLINK-30613 - MoonIOAGEO,83089.053,86400.000,3310.947,
Contact STARLINK-30613 - MoonIOAGNO,0.000,6084.530,6084.530,
Contact STARLINK-30613 - MoonIOAGNO,8196.281,17615.656,9419.375,
Contact STARLINK-30613 - MoonIOAGNO,19724.476,23368.258,3643.782,
Contact STARLINK-30613 - MoonIOAGNO,25478.697,34877.693,9398.995,
Contact STARLINK-30613 - MoonIOAGNO,36988.511,46403.423,9414.912,
Contact STARLINK-30613 - MoonIOAGNO,48514.889,52184.432,3669.544,
Contact STARLINK-30613 - MoonIOAGNO,54296.953,63697.565,9400.612,
Contact STARLINK-30613 - MoonIOAGNO,65812.560,75204.287,9391.727,
Contact STARLINK-30613 - MoonIOAGNO,77321.475,80961.054,3639.579,
Contact STARLINK-30613 - MoonIOAGNO,83078.339,86400.000,3321.661,
Contact STARLINK-30613 - MoonIOAGNO 0001,0.000,6078.844,6078.844,
Contact STARLINK-30613 - MoonIOAGNO 0001,8188.780,17592.755,9403.975,
Contact STARLINK-30613 - MoonIOAGNO 0001,19701.393,23357.146,3655.753,
Contact STARLINK-30613 - MoonIOAGNO 0001,25465.588,34904.097,9438.509,
Contact STARLINK-30613 - MoonIOAGNO 0001,37012.985,46409.920,9396.935,
Contact STARLINK-30613 - MoonIOAGNO 0001,48522.803,52163.789,3640.986,
Contact STARLINK-30613 - MoonIOAGNO 0001,54277.309,63680.392,9403.083,
Contact STARLINK-30613 - MoonIOAGNO 0001,65793.665,75227.827,9434.162,
Contact STARLINK-30613 - MoonIOAGNO 0001,77343.184,80983.902,3640.718,
Contact STARLINK-30613 - MoonIOAGNO 0001,83101.229,86400.000,3298.771,
Contact STARLINK-30613 - MoonIOAGSO,0.000,6086.053,6086.053,
Contact STARLINK-30613 - MoonIOAGSO,13960.377,17627.167,3666.789,
Contact STARLINK-30613 - MoonIOAGSO,19727.066,23393.453,3666.387,
Contact STARLINK-30613 - MoonIOAGSO,25491.343,34914.501,9423.159,
Contact STARLINK-30613 - MoonIOAGSO,37013.560,46419.954,9406.394,
Contact STARLINK-30613 - MoonIOAGSO,48524.392,52173.672,3649.280,
Contact STARLINK-30613 - MoonIOAGSO,55103.328,63716.675,8613.347,
Contact STARLINK-30613 - MoonIOAGSO,65822.125,75241.409,9419.284,
Contact STARLINK-30613 - MoonIOAGSO,77347.653,80997.813,3650.160,
Contact STARLINK-30613 - MoonIOAGSO,83106.064,86400.000,3293.936,
Contact STARLINK-30613 - MoonIOAGSO 0001,0.000,6110.122,6110.122,
Contact STARLINK-30613 - MoonIOAGSO 0001,8206.034,17625.934,9419.900,
Contact STARLINK-30613 - MoonIOAGSO 0001,19724.529,23378.299,3653.770,
Contact STARLINK-30613 - MoonIOAGSO 0001,25479.842,29129.519,3649.677,
Contact STARLINK-30613 - MoonIOAGSO 0001,37007.945,46438.229,9430.284,
Contact STARLINK-30613 - MoonIOAGSO 0001,48538.991,52199.655,3660.664,
Contact STARLINK-30613 - MoonIOAGSO 0001,54300.967,63710.734,9409.767,
Contact STARLINK-30613 - MoonIOAGSO 0001,65816.268,73918.933,8102.665,
Contact STARLINK-30613 - MoonIOAGSO 0001,77333.274,80990.718,3657.445,
Contact STARLINK-30613 - MoonIOAGSO 0001,83102.474,86400.000,3297.526,
Contact STARLINK-30613 - MoonLRO,2434.723,3972.376,1537.653,
Contact STARLINK-30613 - MoonLRO,13955.549,17610.598,3655.050,
Contact STARLINK-30613 - MoonLRO,20494.596,23373.781,2879.184,
Contact STARLINK-30613 - MoonLRO,27327.180,29137.040,1809.860,
Contact STARLINK-30613 - MoonLRO,42765.695,44969.133,2203.438,
Contact STARLINK-30613 - MoonLRO,48525.914,51789.412,3263.497,
Contact STARLINK-30613 - MoonLRO,54625.730,57937.251,3311.520,
Contact STARLINK-30613 - MoonLRO,68283.620,72320.954,4037.333,
Contact STARLINK-30613 - MarsSat1,0.000,12960.823,12960.823,
Contact STARLINK-30613 - MarsSat1,15085.158,24446.010,9360.852,
Contact STARLINK-30613 - MarsSat1,26571.138,35931.213,9360.075,
Contact STARLINK-30613 - MarsSat1,38057.062,41673.814,3616.752,
Contact STARLINK-30613 - MarsSat1,43799.998,53159.014,9359.016,
Contact STARLINK-30613 - MarsSat1,55285.822,64644.230,9358.408,
Contact STARLINK-30613 - MarsSat1,66771.604,70386.855,3615.251,
Contact STARLINK-30613 - MarsSat1,72514.489,81872.154,9357.665,
Contact STARLINK-30613 - MarsSat1,84000.268,86400.000,2399.732,
Contact STARLINK-30613 - MarsSat2,0.000,12960.793,12960.793,
Contact STARLINK-30613 - MarsSat2,15085.116,24445.919,9360.803,
Contact STARLINK-30613 - MarsSat2,26571.044,35931.099,9360.056,
Contact STARLINK-30613 - MarsSat2,38056.954,41673.706,3616.752,
Contact STARLINK-30613 - MarsSat2,43799.901,53158.951,9359.050,
Contact STARLINK-30613 - MarsSat2,55285.777,64644.237,9358.460,
Contact STARLINK-30613 - MarsSat2,66771.628,70386.894,3615.267,
Contact STARLINK-30613 - MarsSat2,72514.544,81872.240,9357.696,
Contact STARLINK-30613 - MarsSat2,84000.360,86400.000,2399.640,
Contact STARLINK-30613 - MarsSat3,0.000,12960.844,12960.844,
Contact STARLINK-30613 - MarsSat3,15085.156,24445.950,9360.794,
Contact STARLINK-30613 - MarsSat3,26571.069,35931.129,9360.061,
Contact STARLINK-30613 - MarsSat3,38056.985,41673.741,3616.755,
Contact STARLINK-30613 - MarsSat3,43799.937,53158.994,9359.057,
Contact STARLINK-30613 - MarsSat3,55285.820,64644.280,9358.460,
Contact STARLINK-30613 - MarsSat3,66771.669,70386.934,3615.265,
Contact STARLINK-30613 - MarsSat3,72514.580,81872.261,9357.681,
Contact STARLINK-30613 - MarsSat3,84000.372,86400.000,2399.628,
Contact STARLINK-30613 - MarsSat4,0.000,7218.294,7218.294,
Contact STARLINK-30613 - MarsSat4,15085.162,24445.966,9360.804,
Contact STARLINK-30613 - MarsSat4,26571.087,35931.152,9360.065,
Contact STARLINK-30613 - MarsSat4,38057.005,41360.110,3303.105,
Contact STARLINK-30613 - MarsSat4,43799.943,53158.966,9359.023,
Contact STARLINK-30613 - MarsSat4,55285.783,64644.240,9358.457,
Contact STARLINK-30613 - MarsSat4,66771.630,70386.897,3615.267,
Contact STARLINK-30613 - MarsSat4,75534.535,81872.210,6337.675,
Contact STARLINK-30613 - MarsSat4,84000.321,86400.000,2399.679,
Contact STARLINK-31764 - STARLINK-4402,75341.414,75837.499,496.084,
Contact STARLINK-31764 - STARLINK-5618,85941.499,86400.000,458.501,
Contact STARLINK-31764 - STARLINK-6255,21487.751,22018.857,531.106,
Contact STARLINK-31764 - STARLINK-6255,29435.494,68078.349,38642.855,
Contact STARLINK-31764 - STARLINK-6255,68925.697,76108.967,7183.271,
Contact STARLINK-31764 - STARLINK-3898,10304.500,10970.640,666.140,
Contact STARLINK-31764 - STARLINK-3898,21300.527,28330.156,7029.630,
Contact STARLINK-31764 - STARLINK-3898,35228.208,42592.604,7364.396,
Contact STARLINK-31764 - STARLINK-3898,43636.290,53886.302,10250.012,
Contact STARLINK-31764 - STARLINK-3898,57819.350,67863.772,10044.422,
Contact STARLINK-31764 - STARLINK-3898,75046.154,76164.028,1117.874,
Contact STARLINK-31764 - STARLINK-30842,0.000,3895.160,3895.160,
Contact STARLINK-31764 - STARLINK-31539,7055.977,7872.816,816.839,
Contact STARLINK-31764 - STARLINK-31539,21034.682,21867.454,832.772,
Contact STARLINK-31764 - STARLINK-31539,32219.958,33061.087,841.129,
Contact STARLINK-31764 - STARLINK-31539,46204.367,47050.593,846.226,
Contact STARLINK-31764 - STARLINK-31539,57389.911,58243.947,854.036,
Contact STARLINK-31764 - STARLINK-31539,71369.425,72237.778,868.353,
Contact STARLINK-31764 - STARLINK-31539,82555.265,83430.833,875.569,
Contact STARLINK-31764 - STARLINK-30367,21014.413,28216.261,7201.847,
Contact STARLINK-31764 - STARLINK-30367,29384.920,42422.227,13037.307,
Contact STARLINK-31764 - STARLINK-30367,43524.141,53598.421,10074.280,
Contact STARLINK-31764 - STARLINK-30367,60866.463,61886.670,1020.207,
Contact STARLINK-31764 - STARLINK-5151,3454.475,4303.540,849.065,
Contact STARLINK-31764 - STARLINK-5151,17497.416,18392.890,895.474,
Contact STARLINK-31764 - STARLINK-5151,28741.414,32467.401,3725.986,
Contact STARLINK-31764 - STARLINK-5151,42807.841,43720.773,912.932,
Contact STARLINK-31764 - STARLINK-5151,56881.328,57779.421,898.093,
Contact STARLINK-31764 - STARLINK-5151,68149.358,69017.221,867.863,
Contact STARLINK-31764 - STARLINK-5151,82246.169,83052.871,806.701,
Contact STARLINK-31764 - STARLINK-6142,83034.550,86400.000,3365.450,
Contact STARLINK-31764 - STARLINK-1700,0.000,782.257,782.257,
Contact STARLINK-31764 - STARLINK-5049,64222.585,65307.553,1084.968,
Contact STARLINK-31764 - STARLINK-5049,72576.750,79660.878,7084.128,
Contact STARLINK-31764 - MoonARTEMIS1,0.000,2090.589,2090.589,
Contact STARLINK-31764 - MoonARTEMIS1,3642.382,13358.822,9716.440,
Contact STARLINK-31764 - MoonARTEMIS1,14959.306,24628.869,9669.563,
Contact STARLINK-31764 - MoonARTEMIS1,26291.766,30261.979,3970.213,
Contact STARLINK-31764 - MoonARTEMIS1,37549.909,52684.581,15134.672,
Contact STARLINK-31764 - MoonARTEMIS1,54416.468,63908.417,9491.949,
Contact STARLINK-31764 - MoonARTEMIS1,65676.005,75135.421,9459.416,
Contact STARLINK-31764 - MoonARTEMIS1,76941.519,86364.380,9422.861,
Contact STARLINK-31764 - MoonARTEMIS2,0.000,2231.442,2231.442,
Contact STARLINK-31764 - MoonARTEMIS2,3828.822,13463.487,9634.665,
Contact STARLINK-31764 - MoonARTEMIS2,15103.855,24686.089,9582.234,
Contact STARLINK-31764 - MoonARTEMIS2,26365.405,35897.802,9532.397,
Contact STARLINK-31764 - MoonARTEMIS2,37608.519,41497.475,3888.956,
Contact STARLINK-31764 - MoonARTEMIS2,43218.072,47101.184,3883.112,
Contact STARLINK-31764 - MoonARTEMIS2,54506.176,63980.864,9474.688,
Contact STARLINK-31764 - MoonARTEMIS2,65801.306,75216.633,9415.326,
Contact STARLINK-31764 - MoonARTEMIS2,77079.206,86400.000,9320.794,
Contact STARLINK-31764 - MoonIOAGEO,0.000,2131.199,2131.199,
Contact STARLINK-31764 - MoonIOAGEO,3693.335,13010.637,9317.303,
Contact STARLINK-31764 - MoonIOAGEO,17138.920,24652.757,7513.836,
Contact STARLINK-31764 - MoonIOAGEO,26329.550,35875.260,9545.710,
Contact STARLINK-31764 - MoonIOAGEO,37576.068,52712.480,15136.412,
Contact STARLINK-31764 - MoonIOAGEO,65775.603,75184.422,9408.820,
Contact STARLINK-31764 - MoonIOAGEO,77032.885,86393.322,9360.437,
Contact STARLINK-31764 - MoonIOAGNO,0.000,2137.690,2137.690,
Contact STARLINK-31764 - MoonIOAGNO,3701.090,13422.829,9721.739,
Contact STARLINK-31764 - MoonIOAGNO,15030.910,24672.937,9642.027,
Contact STARLINK-31764 - MoonIOAGNO,26289.188,35889.979,9600.791,
Contact STARLINK-31764 - MoonIOAGNO,37550.784,52724.699,15173.915,
Contact STARLINK-31764 - MoonIOAGNO,54505.678,63982.765,9477.087,
Contact STARLINK-31764 - MoonIOAGNO,65768.023,75200.106,9432.083,
Contact STARLINK-31764 - MoonIOAGNO,77012.739,86400.000,9387.261,
Contact STARLINK-31764 - MoonIOAGNO 0001,0.000,2188.978,2188.978,
Contact STARLINK-31764 - MoonIOAGNO 0001,3710.144,13413.829,9703.685,
Contact STARLINK-31764 - MoonIOAGNO 0001,14979.282,24625.047,9645.766,
Contact STARLINK-31764 - MoonIOAGNO 0001,26277.063,35899.988,9622.925,
Contact STARLINK-31764 - MoonIOAGNO 0001,37595.473,41525.090,3929.617,
Contact STARLINK-31764 - MoonIOAGNO 0001,43224.106,52747.791,9523.685,
Contact STARLINK-31764 - MoonIOAGNO 0001,54475.952,63951.596,9475.644,
Contact STARLINK-31764 - MoonIOAGNO 0001,65733.162,75183.836,9450.674,
Contact STARLINK-31764 - MoonIOAGNO 0001,77037.482,86400.000,9362.518,
Contact STARLINK-31764 - MoonIOAGSO,0.000,2147.501,2147.501,
Contact STARLINK-31764 - MoonIOAGSO,3728.409,7780.334,4051.925,
Contact STARLINK-31764 - MoonIOAGSO,15031.357,24615.545,9584.188,
Contact STARLINK-31764 - MoonIOAGSO,26325.956,35856.540,9530.583,
Contact STARLINK-31764 - MoonIOAGSO,37597.359,41481.000,3883.641,
Contact STARLINK-31764 - MoonIOAGSO,43226.524,52217.667,8991.143,
Contact STARLINK-31764 - MoonIOAGSO,55039.352,63931.573,8892.220,
Contact STARLINK-31764 - MoonIOAGSO,65767.284,75158.479,9391.194,
Contact STARLINK-31764 - MoonIOAGSO,77031.630,86395.972,9364.342,
Contact STARLINK-31764 - MoonIOAGSO 0001,0.000,2130.722,2130.722,
Contact STARLINK-31764 - MoonIOAGSO 0001,3765.174,13378.148,9612.974,
Contact STARLINK-31764 - MoonIOAGSO 0001,15041.649,24636.168,9594.519,
Contact STARLINK-31764 - MoonIOAGSO 0001,26297.173,30260.304,3963.131,
Contact STARLINK-31764 - MoonIOAGSO 0001,37589.478,41471.583,3882.106,
Contact STARLINK-31764 - MoonIOAGSO 0001,43233.436,52701.989,9468.554,
Contact STARLINK-31764 - MoonIOAGSO 0001,54506.064,63943.306,9437.242,
Contact STARLINK-31764 - MoonIOAGSO 0001,65764.125,73903.150,8139.025,
Contact STARLINK-31764 - MoonIOAGSO 0001,77017.564,86382.497,9364.933,
Contact STARLINK-31764 - MoonLRO,0.000,2153.968,2153.968,
Contact STARLINK-31764 - MoonLRO,6837.363,7768.567,931.204,
Contact STARLINK-31764 - MoonLRO,20657.859,24476.268,3818.409,
Contact STARLINK-31764 - MoonLRO,27297.116,30262.900,2965.784,
Contact STARLINK-31764 - MoonLRO,48854.229,51799.296,2945.067,
Contact STARLINK-31764 - MoonLRO,54615.809,58343.497,3727.688,
Contact STARLINK-31764 - MoonLRO,68277.334,72287.499,4010.164,
Contact STARLINK-31764 - MoonLRO,82648.506,85993.180,3344.674,
Contact STARLINK-31764 - MarsSat1,0.000,2811.243,2811.243,
Contact STARLINK-31764 - MarsSat1,4959.007,14015.736,9056.729,
Contact STARLINK-31764 - MarsSat1,16163.978,19617.975,3453.997,
Contact STARLINK-31764 - MarsSat1,21766.433,30822.436,9056.003,
Contact STARLINK-31764 - MarsSat1,32971.279,42026.877,9055.598,
Contact STARLINK-31764 - MarsSat1,44176.045,53231.311,9055.267,
Contact STARLINK-31764 - MarsSat1,55380.743,64435.752,9055.009,
Contact STARLINK-31764 - MarsSat1,66585.386,70037.977,3452.591,
Contact STARLINK-31764 - MarsSat1,72187.691,81242.440,9054.749,
Contact STARLINK-31764 - MarsSat1,83392.264,86400.000,3007.736,
Contact STARLINK-31764 - MarsSat2,0.000,2811.230,2811.230,
Contact STARLINK-31764 - MarsSat2,4959.000,14015.746,9056.746,
Contact STARLINK-31764 - MarsSat2,16163.989,19617.995,3454.005,
Contact STARLINK-31764 - MarsSat2,21766.452,30822.474,9056.022,
Contact STARLINK-31764 - MarsSat2,32971.316,42026.936,9055.620,
Contact STARLINK-31764 - MarsSat2,44176.103,53231.387,9055.284,
Contact STARLINK-31764 - MarsSat2,55380.818,64435.831,9055.013,
Contact STARLINK-31764 - MarsSat2,66585.465,70038.052,3452.587,
Contact STARLINK-31764 - MarsSat2,72187.763,81242.493,9054.729,
Contact STARLINK-31764 - MarsSat2,83392.312,86400.000,3007.688,
Contact STARLINK-31764 - MarsSat3,0.000,2811.196,2811.196,
Contact STARLINK-31764 - MarsSat3,4958.957,14015.670,9056.713,
Contact STARLINK-31764 - MarsSat3,16163.917,19617.926,3454.009,
Contact STARLINK-31764 - MarsSat3,21766.392,30822.449,9056.056,
Contact STARLINK-31764 - MarsSat3,32971.299,42026.937,9055.638,
Contact STARLINK-31764 - MarsSat3,44176.108,53231.389,9055.281,
Contact STARLINK-31764 - MarsSat3,55380.820,64435.817,9054.997,
Contact STARLINK-31764 - MarsSat3,66585.447,70038.026,3452.578,
Contact STARLINK-31764 - MarsSat3,72187.733,81242.440,9054.707,
Contact STARLINK-31764 - MarsSat3,83392.255,86400.000,3007.745,
Contact STARLINK-31764 - MarsSat4,0.000,2811.277,2811.277,
Contact STARLINK-31764 - MarsSat4,4959.034,8413.490,3454.456,
Contact STARLINK-31764 - MarsSat4,16163.932,19617.939,3454.007,
Contact STARLINK-31764 - MarsSat4,21766.406,30822.449,9056.043,
Contact STARLINK-31764 - MarsSat4,32971.294,41360.094,8388.800,
Contact STARLINK-31764 - MarsSat4,44176.026,53231.321,9055.295,
Contact STARLINK-31764 - MarsSat4,55380.765,64435.814,9055.049,
Contact STARLINK-31764 - MarsSat4,66585.450,70038.032,3452.582,
Contact STARLINK-31764 - MarsSat4,75534.666,81242.432,5707.766,
Contact STARLINK-31764 - MarsSat4,83392.261,86400.000,3007.739,
Contact STARLINK-4402 - STARLINK-31502,17258.585,18254.279,995.694,
Contact STARLINK-4402 - STARLINK-31502,28459.512,35444.245,6984.733,
Contact STARLINK-4402 - STARLINK-31502,42606.877,43956.758,1349.881,
Contact STARLINK-4402 - STARLINK-31502,56912.594,58003.860,1091.266,
Contact STARLINK-4402 - STARLINK-5618,3266.387,3718.396,452.009,
Contact STARLINK-4402 - STARLINK-5618,17606.258,18012.372,406.113,
Contact STARLINK-4402 - STARLINK-3898,6719.069,7305.490,586.420,
Contact STARLINK-4402 - STARLINK-3898,21035.066,21613.525,578.459,
Contact STARLINK-4402 - STARLINK-3898,61141.167,61654.380,513.213,
Contact STARLINK-4402 - STARLINK-3898,75473.444,75945.866,472.422,
Contact STARLINK-4402 - STARLINK-4631,0.000,6710.982,6710.982,
Contact STARLINK-4402 - STARLINK-4631,13763.650,21158.484,7394.835,
Contact STARLINK-4402 - STARLINK-4631,22302.470,35565.155,13262.685,
Contact STARLINK-4402 - STARLINK-4631,36569.884,50003.245,13433.360,
Contact STARLINK-4402 - STARLINK-4631,50815.713,64391.540,13575.828,
Contact STARLINK-4402 - STARLINK-4631,65099.940,78824.626,13724.685,
Contact STARLINK-4402 - STARLINK-4631,79350.183,86400.000,7049.817,
Contact STARLINK-4402 - STARLINK-31722,53720.080,54403.074,682.994,
Contact STARLINK-4402 - STARLINK-31722,67708.027,68770.287,1062.260,
Contact STARLINK-4402 - STARLINK-31722,78993.404,82999.833,4006.429,
Contact STARLINK-4402 - STARLINK-1581,0.000,297.009,297.009,
Contact STARLINK-4402 - STARLINK-1581,14017.569,14539.322,521.753,
Contact STARLINK-4402 - STARLINK-1581,39550.747,40179.345,628.599,
Contact STARLINK-4402 - STARLINK-1581,53743.172,54416.384,673.212,
Contact STARLINK-4402 - STARLINK-1581,67933.280,68655.366,722.086,
Contact STARLINK-4402 - STARLINK-1581,82136.698,82881.071,744.374,
Contact STARLINK-4402 - STARLINK-4290,14298.550,14914.698,616.149,
Contact STARLINK-4402 - STARLINK-4290,28597.403,29217.008,619.605,
Contact STARLINK-4402 - STARLINK-4290,42894.647,43521.160,626.513,
Contact STARLINK-4402 - STARLINK-4290,57192.251,57824.691,632.440,
Contact STARLINK-4402 - STARLINK-4290,71489.638,72128.685,639.047,
Contact STARLINK-4402 - STARLINK-4290,85786.010,86400.000,613.990,
Contact STARLINK-4402 - STARLINK-6142,3031.255,3774.266,743.011,
Contact STARLINK-4402 - STARLINK-6142,17379.517,18114.624,735.107,
Contact STARLINK-4402 - STARLINK-6142,31721.334,32460.538,739.204,
Contact STARLINK-4402 - STARLINK-6142,43197.378,46800.894,3603.515,
Contact STARLINK-4402 - STARLINK-6142,57545.528,58275.349,729.821,
Contact STARLINK-4402 - STARLINK-6142,71887.523,72620.999,733.476,
Contact STARLINK-4402 - STARLINK-6142,86235.594,86400.000,164.406,
Contact STARLINK-4402 - STARLINK-3167,0.000,7023.967,7023.967,
Contact STARLINK-4402 - STARLINK-3167,7865.383,21332.135,13466.752,
Contact STARLINK-4402 - STARLINK-3167,22143.814,35532.270,13388.456,
Contact STARLINK-4402 - STARLINK-3167,36509.626,49714.104,13204.478,
Contact STARLINK-4402 - STARLINK-3167,50914.929,58179.990,7265.062,
Contact STARLINK-4402 - STARLINK-3167,65368.580,72293.664,6925.085,
Contact STARLINK-4402 - STARLINK-3167,82793.788,83517.310,723.521,
Contact STARLINK-4402 - MoonARTEMIS1,407.553,10151.225,9743.673,
Contact STARLINK-4402 - MoonARTEMIS1,11944.961,27371.611,15426.650,
Contact STARLINK-4402 - MoonARTEMIS1,35004.429,38863.148,3858.719,
Contact STARLINK-4402 - MoonARTEMIS1,40750.820,50352.402,9601.582,
Contact STARLINK-4402 - MoonARTEMIS1,52251.743,56096.213,3844.470,
Contact STARLINK-4402 - MoonARTEMIS1,58004.517,67582.958,9578.441,
Contact STARLINK-4402 - MoonARTEMIS1,69512.842,79069.018,9556.176,
Contact STARLINK-4402 - MoonARTEMIS1,81023.590,84811.913,3788.324,
Contact STARLINK-4402 - MoonARTEMIS2,497.289,10123.392,9626.104,
Contact STARLINK-4402 - MoonARTEMIS2,12011.094,27359.519,15348.425,
Contact STARLINK-4402 - MoonARTEMIS2,29273.274,38854.000,9580.726,
Contact STARLINK-4402 - MoonARTEMIS2,40773.331,47394.283,6620.952,
Contact STARLINK-4402 - MoonARTEMIS2,52281.129,56082.297,3801.168,
Contact STARLINK-4402 - MoonARTEMIS2,58041.085,67564.186,9523.101,
Contact STARLINK-4402 - MoonARTEMIS2,69555.698,79049.116,9493.418,
Contact STARLINK-4402 - MoonARTEMIS2,81065.719,84792.334,3726.616,
Contact STARLINK-4402 - MoonIOAGEO,440.648,10145.423,9704.775,
Contact STARLINK-4402 - MoonIOAGEO,17741.270,27371.412,9630.142,
Contact STARLINK-4402 - MoonIOAGEO,29266.536,38859.058,9592.523,
Contact STARLINK-4402 - MoonIOAGEO,40760.945,50345.723,9584.778,
Contact STARLINK-4402 - MoonIOAGEO,52267.944,56088.343,3820.399,
Contact STARLINK-4402 - MoonIOAGEO,63796.016,67574.778,3778.762,
Contact STARLINK-4402 - MoonIOAGEO,69555.462,79062.645,9507.184,
Contact STARLINK-4402 - MoonIOAGEO,81053.642,84806.327,3752.685,
Contact STARLINK-4402 - MoonIOAGNO,431.853,10143.401,9711.548,
Contact STARLINK-4402 - MoonIOAGNO,11982.354,27342.349,15359.996,
Contact STARLINK-4402 - MoonIOAGNO,29225.017,38840.879,9615.862,
Contact STARLINK-4402 - MoonIOAGNO,40742.558,50352.592,9610.034,
Contact STARLINK-4402 - MoonIOAGNO,52286.870,56078.490,3791.619,
Contact STARLINK-4402 - MoonIOAGNO,58030.919,67548.644,9517.725,
Contact STARLINK-4402 - MoonIOAGNO,69521.995,79041.572,9519.577,
Contact STARLINK-4402 - MoonIOAGNO,81029.167,84794.476,3765.309,
Contact STARLINK-4402 - MoonIOAGNO 0001,437.280,10114.639,9677.359,
Contact STARLINK-4402 - MoonIOAGNO 0001,11944.995,27379.241,15434.247,
Contact STARLINK-4402 - MoonIOAGNO 0001,29258.383,38837.250,9578.867,
Contact STARLINK-4402 - MoonIOAGNO 0001,40754.202,50317.080,9562.878,
Contact STARLINK-4402 - MoonIOAGNO 0001,52252.766,56064.931,3812.165,
Contact STARLINK-4402 - MoonIOAGNO 0001,58008.588,67573.574,9564.986,
Contact STARLINK-4402 - MoonIOAGNO 0001,69539.142,79049.622,9510.480,
Contact STARLINK-4402 - MoonIOAGNO 0001,81044.848,84783.744,3738.896,
Contact STARLINK-4402 - MoonIOAGSO,468.342,8812.478,8344.136,
Contact STARLINK-4402 - MoonIOAGSO,11984.812,27401.436,15416.624,
Contact STARLINK-4402 - MoonIOAGSO,29288.261,38876.613,9588.352,
Contact STARLINK-4402 - MoonIOAGSO,40787.076,50337.688,9550.612,
Contact STARLINK-4402 - MoonIOAGSO,58050.196,67601.127,9550.931,
Contact STARLINK-4402 - MoonIOAGSO,69576.265,79083.161,9506.896,
Contact STARLINK-4402 - MoonIOAGSO,81076.676,84817.884,3741.208,
Contact STARLINK-4402 - MoonIOAGSO 0001,491.982,10172.524,9680.542,
Contact STARLINK-4402 - MoonIOAGSO 0001,12010.716,27366.764,15356.048,
Contact STARLINK-4402 - MoonIOAGSO 0001,35022.405,38878.838,3856.433,
Contact STARLINK-4402 - MoonIOAGSO 0001,40794.098,50372.218,9578.120,
Contact STARLINK-4402 - MoonIOAGSO 0001,52312.530,56111.563,3799.033,
Contact STARLINK-4402 - MoonIOAGSO 0001,58062.322,67577.387,9515.064,
Contact STARLINK-4402 - MoonIOAGSO 0001,69543.078,73313.073,3769.995,
Contact STARLINK-4402 - MoonIOAGSO 0001,81069.993,84827.853,3757.860,
Contact STARLINK-4402 - MoonLRO,462.311,10137.436,9675.125,
Contact STARLINK-4402 - MoonLRO,13675.083,15885.113,2210.030,
Contact STARLINK-4402 - MoonLRO,20476.112,21634.362,1158.250,
Contact STARLINK-4402 - MoonLRO,35015.791,38105.334,3089.544,
Contact STARLINK-4402 - MoonLRO,40992.192,44595.485,3603.293,
Contact STARLINK-4402 - MoonLRO,63789.849,65476.578,1686.730,
Contact STARLINK-4402 - MoonLRO,69548.957,79056.701,9507.745,
Contact STARLINK-4402 - MoonLRO,81955.561,84801.647,2846.086,
Contact STARLINK-4402 - MarsSat1,959.106,10375.748,9416.642,
Contact STARLINK-4402 - MarsSat1,12441.889,16117.012,3675.123,
Contact STARLINK-4402 - MarsSat1,18183.286,27599.544,9416.258,
Contact STARLINK-4402 - MarsSat1,29666.084,39082.058,9415.975,
Contact STARLINK-4402 - MarsSat1,41148.871,44823.303,3674.432,
Contact STARLINK-4402 - MarsSat1,46890.255,56305.764,9415.509,
Contact STARLINK-4402 - MarsSat1,58373.002,67788.201,9415.199,
Contact STARLINK-4402 - MarsSat1,69855.725,85011.860,15156.135,
Contact STARLINK-4402 - MarsSat2,959.156,10375.736,9416.580,
Contact STARLINK-4402 - MarsSat2,12441.866,16116.960,3675.094,
Contact STARLINK-4402 - MarsSat2,18183.232,27599.433,9416.201,
Contact STARLINK-4402 - MarsSat2,29665.984,39081.924,9415.939,
Contact STARLINK-4402 - MarsSat2,41148.750,44823.172,3674.422,
Contact STARLINK-4402 - MarsSat2,46890.135,56305.670,9415.535,
Contact STARLINK-4402 - MarsSat2,58372.906,67788.168,9415.262,
Contact STARLINK-4402 - MarsSat2,69855.676,85011.910,15156.233,
Contact STARLINK-4402 - MarsSat3,959.201,10375.829,9416.628,
Contact STARLINK-4402 - MarsSat3,12441.967,16117.051,3675.084,
Contact STARLINK-4402 - MarsSat3,18183.326,27599.484,9416.158,
Contact STARLINK-4402 - MarsSat3,29666.029,39081.954,9415.924,
Contact STARLINK-4402 - MarsSat3,41148.771,44823.202,3674.431,
Contact STARLINK-4402 - MarsSat3,46890.155,56305.709,9415.554,
Contact STARLINK-4402 - MarsSat3,58372.937,67788.220,9415.282,
Contact STARLINK-4402 - MarsSat3,69855.726,85011.964,15156.238,
Contact STARLINK-4402 - MarsSat4,959.104,9030.915,8071.811,
Contact STARLINK-4402 - MarsSat4,12441.940,16117.045,3675.105,
Contact STARLINK-4402 - MarsSat4,18183.317,27599.496,9416.179,
Contact STARLINK-4402 - MarsSat4,29666.039,39082.000,9415.961,
Contact STARLINK-4402 - MarsSat4,43179.618,44823.268,1643.650,
Contact STARLINK-4402 - MarsSat4,46890.241,56305.712,9415.471,
Contact STARLINK-4402 - MarsSat4,58372.947,67788.182,9415.235,
Contact STARLINK-4402 - MarsSat4,69855.697,85011.904,15156.207,
Contact STARLINK-31502 - STARLINK-5618,3448.700,3972.183,523.484,
Contact STARLINK-31502 - STARLINK-4631,0.000,53553.180,53553.180,
Contact STARLINK-31502 - STARLINK-4631,54133.358,58514.933,4381.575,
Contact STARLINK-31502 - STARLINK-5807,71601.247,72273.049,671.802,
Contact STARLINK-31502 - STARLINK-5807,79650.207,86400.000,6749.793,
Contact STARLINK-31502 - STARLINK-31722,0.000,516.381,516.381,
Contact STARLINK-31502 - STARLINK-31722,10602.647,14507.134,3904.488,
Contact STARLINK-31502 - STARLINK-31722,24604.153,25705.430,1101.277,
Contact STARLINK-31502 - STARLINK-31722,35800.332,42502.857,6702.525,
Contact STARLINK-31502 - STARLINK-31722,49789.385,50908.586,1119.201,
Contact STARLINK-31502 - STARLINK-31722,60985.612,67705.951,6720.339,
Contact STARLINK-31502 - STARLINK-31722,74987.016,76097.657,1110.640,
Contact STARLINK-31502 - STARLINK-31722,86183.228,86400.000,216.772,
Contact STARLINK-31502 - STARLINK-1581,0.000,695.073,695.073,
Contact STARLINK-31502 - STARLINK-1581,13979.720,14752.766,773.046,
Contact STARLINK-31502 - STARLINK-1581,25193.682,28806.263,3612.581,
Contact STARLINK-31502 - STARLINK-1581,39214.362,40047.097,832.735,
Contact STARLINK-31502 - STARLINK-1581,53237.165,54096.001,858.835,
Contact STARLINK-31502 - STARLINK-1581,64457.803,65332.606,874.803,
Contact STARLINK-31502 - STARLINK-1581,78486.718,79375.108,888.390,
Contact STARLINK-31502 - STARLINK-4290,3014.818,3919.421,904.603,
Contact STARLINK-31502 - STARLINK-4290,14286.978,18061.703,3774.725,
Contact STARLINK-31502 - STARLINK-4290,28408.676,29352.803,944.127,
Contact STARLINK-31502 - STARLINK-4290,42560.690,43438.594,877.904,
Contact STARLINK-31502 - STARLINK-4290,53909.945,54679.705,769.760,
Contact STARLINK-31502 - STARLINK-4290,68144.094,68683.781,539.687,
Contact STARLINK-31502 - STARLINK-6142,3215.677,10115.319,6899.642,
Contact STARLINK-31502 - STARLINK-6142,17346.128,18606.385,1260.257,
Contact STARLINK-31502 - STARLINK-6142,25875.340,32674.999,6799.659,
Contact STARLINK-31502 - STARLINK-6142,43094.377,43823.489,729.113,
Contact STARLINK-31502 - STARLINK-3167,11052.669,86400.000,75347.331,
Contact STARLINK-31502 - STARLINK-5049,0.000,23539.258,23539.258,
Contact STARLINK-31502 - MoonARTEMIS1,1317.898,10376.229,9058.330,
Contact STARLINK-31502 - MoonARTEMIS1,12562.103,16001.297,3439.194,
Contact STARLINK-31502 - MoonARTEMIS1,18186.601,27259.314,9072.714,
Contact STARLINK-31502 - MoonARTEMIS1,35049.731,38483.903,3434.172,
Contact STARLINK-31502 - MoonARTEMIS1,40656.620,49705.113,9048.494,
Contact STARLINK-31502 - MoonARTEMIS1,51878.330,60933.871,9055.541,
Contact STARLINK-31502 - MoonARTEMIS1,63106.341,66550.358,3444.017,
Contact STARLINK-31502 - MoonARTEMIS1,68722.157,77787.111,9064.953,
Contact STARLINK-31502 - MoonARTEMIS1,79957.041,86400.000,6442.959,
Contact STARLINK-31502 - MoonARTEMIS2,1387.771,10442.229,9054.459,
Contact STARLINK-31502 - MoonARTEMIS2,12619.493,16058.144,3438.651,
Contact STARLINK-31502 - MoonARTEMIS2,18234.231,27286.947,9052.717,
Contact STARLINK-31502 - MoonARTEMIS2,29460.681,38509.104,9048.422,
Contact STARLINK-31502 - MoonARTEMIS2,40680.037,47438.970,6758.933,
Contact STARLINK-31502 - MoonARTEMIS2,51910.881,60990.228,9079.347,
Contact STARLINK-31502 - MoonARTEMIS2,63158.739,66615.392,3456.653,
Contact STARLINK-31502 - MoonARTEMIS2,68780.905,77863.028,9082.123,
Contact STARLINK-31502 - MoonARTEMIS2,80023.007,86400.000,6376.993,
Contact STARLINK-31502 - MoonIOAGEO,1339.548,10396.481,9056.933,
Contact STARLINK-31502 - MoonIOAGEO,18208.940,27274.463,9065.522,
Contact STARLINK-31502 - MoonIOAGEO,29450.670,38494.662,9043.992,
Contact STARLINK-31502 - MoonIOAGEO,40667.009,49720.790,9053.781,
Contact STARLINK-31502 - MoonIOAGEO,51895.889,55346.256,3450.367,
Contact STARLINK-31502 - MoonIOAGEO,63149.179,66604.636,3455.458,
Contact STARLINK-31502 - MoonIOAGEO,68773.237,77837.501,9064.263,
Contact STARLINK-31502 - MoonIOAGEO,79998.394,86400.000,6401.606,
Contact STARLINK-31502 - MoonIOAGNO,1337.092,10412.723,9075.631,
Contact STARLINK-31502 - MoonIOAGNO,12591.972,16025.623,3433.651,
Contact STARLINK-31502 - MoonIOAGNO,18201.324,27248.204,9046.880,
Contact STARLINK-31502 - MoonIOAGNO,29422.871,38479.119,9056.248,
Contact STARLINK-31502 - MoonIOAGNO,40655.105,49732.152,9077.047,
Contact STARLINK-31502 - MoonIOAGNO,51913.153,60974.608,9061.455,
Contact STARLINK-31502 - MoonIOAGNO,63138.785,66586.663,3447.878,
Contact STARLINK-31502 - MoonIOAGNO,68749.532,77814.882,9065.350,
Contact STARLINK-31502 - MoonIOAGNO,79977.568,86400.000,6422.432,
Contact STARLINK-31502 - MoonIOAGNO 0001,1342.414,10388.027,9045.613,
Contact STARLINK-31502 - MoonIOAGNO 0001,12567.699,16004.434,3436.736,
Contact STARLINK-31502 - MoonIOAGNO 0001,18185.061,27254.679,9069.618,
Contact STARLINK-31502 - MoonIOAGNO 0001,29441.444,38499.365,9057.921,
Contact STARLINK-31502 - MoonIOAGNO 0001,40669.832,49723.219,9053.387,
Contact STARLINK-31502 - MoonIOAGNO 0001,51892.261,60955.196,9062.935,
Contact STARLINK-31502 - MoonIOAGNO 0001,63125.561,66577.532,3451.971,
Contact STARLINK-31502 - MoonIOAGNO 0001,68750.465,77837.995,9087.530,
Contact STARLINK-31502 - MoonIOAGNO 0001,79998.196,86400.000,6401.804,
Contact STARLINK-31502 - MoonIOAGSO,1356.743,8832.114,7475.371,
Contact STARLINK-31502 - MoonIOAGSO,12592.319,16035.705,3443.386,
Contact STARLINK-31502 - MoonIOAGSO,18219.636,27280.603,9060.967,
Contact STARLINK-31502 - MoonIOAGSO,29460.150,38512.173,9052.023,
Contact STARLINK-31502 - MoonIOAGSO,40686.424,49730.790,9044.366,
Contact STARLINK-31502 - MoonIOAGSO,57533.840,60986.197,3452.358,
Contact STARLINK-31502 - MoonIOAGSO,63160.124,66610.526,3450.402,
Contact STARLINK-31502 - MoonIOAGSO,68781.973,77849.336,9067.363,
Contact STARLINK-31502 - MoonIOAGSO,80014.869,86400.000,6385.131,
Contact STARLINK-31502 - MoonIOAGSO 0001,1371.919,10424.162,9052.243,
Contact STARLINK-31502 - MoonIOAGSO 0001,12605.595,16038.288,3432.693,
Contact STARLINK-31502 - MoonIOAGSO 0001,18217.323,27257.107,9039.784,
Contact STARLINK-31502 - MoonIOAGSO 0001,35063.037,38510.366,3447.329,
Contact STARLINK-31502 - MoonIOAGSO 0001,40689.757,49755.346,9065.589,
Contact STARLINK-31502 - MoonIOAGSO 0001,51929.976,60987.317,9057.341,
Contact STARLINK-31502 - MoonIOAGSO 0001,63155.699,66597.963,3442.264,
Contact STARLINK-31502 - MoonIOAGSO 0001,68761.949,72206.140,3444.191,
Contact STARLINK-31502 - MoonIOAGSO 0001,80005.032,86400.000,6394.968,
Contact STARLINK-31502 - MoonLRO,1354.403,10403.063,9048.660,
Contact STARLINK-31502 - MoonLRO,13666.721,16024.103,2357.382,
Contact STARLINK-31502 - MoonLRO,20480.907,21644.433,1163.526,
Contact STARLINK-31502 - MoonLRO,35058.816,38113.466,3054.650,
Contact STARLINK-31502 - MoonLRO,40980.809,44115.215,3134.406,
Contact STARLINK-31502 - MoonLRO,57524.516,58641.358,1116.843,
Contact STARLINK-31502 - MoonLRO,63145.338,65455.407,2310.070,
Contact STARLINK-31502 - MoonLRO,68763.019,77830.885,9067.866,
Contact STARLINK-31502 - MoonLRO,81920.908,83452.634,1531.726,
Contact STARLINK-31502 - MarsSat1,0.000,5954.167,5954.167,
Contact STARLINK-31502 - MarsSat1,8029.451,17166.769,9137.317,
Contact STARLINK-31502 - MarsSat1,19240.354,28379.424,9139.071,
Contact STARLINK-31502 - MarsSat1,30451.332,33985.763,3534.431,
Contact STARLINK-31502 - MarsSat1,41662.360,45198.456,3536.096,
Contact STARLINK-31502 - MarsSat1,47267.890,56411.176,9143.286,
Contact STARLINK-31502 - MarsSat1,58478.991,67623.946,9144.956,
Contact STARLINK-31502 - MarsSat1,69690.172,78836.794,9146.623,
Contact STARLINK-31502 - MarsSat1,80901.465,84443.251,3541.787,
Contact STARLINK-31502 - MarsSat2,0.000,5954.181,5954.181,
Contact STARLINK-31502 - MarsSat2,8029.456,17166.731,9137.275,
Contact STARLINK-31502 - MarsSat2,19240.288,28379.357,9139.069,
Contact STARLINK-31502 - MarsSat2,30451.227,33985.695,3534.468,
Contact STARLINK-31502 - MarsSat2,41662.261,45198.415,3536.154,
Contact STARLINK-31502 - MarsSat2,47267.812,56411.191,9143.380,
Contact STARLINK-31502 - MarsSat2,58478.979,67624.021,9145.042,
Contact STARLINK-31502 - MarsSat2,69690.232,78836.901,9146.669,
Contact STARLINK-31502 - MarsSat2,80901.570,84443.359,3541.789,
Contact STARLINK-31502 - MarsSat3,0.000,5954.192,5954.192,
Contact STARLINK-31502 - MarsSat3,8029.496,17166.720,9137.224,
Contact STARLINK-31502 - MarsSat3,19240.311,28379.358,9139.047,
Contact STARLINK-31502 - MarsSat3,30451.249,33985.710,3534.460,
Contact STARLINK-31502 - MarsSat3,41662.298,45198.450,3536.152,
Contact STARLINK-31502 - MarsSat3,47267.855,56411.229,9143.374,
Contact STARLINK-31502 - MarsSat3,58479.026,67624.042,9145.017,
Contact STARLINK-31502 - MarsSat3,69690.268,78836.891,9146.623,
Contact STARLINK-31502 - MarsSat3,80901.580,84443.329,3541.749,
Contact STARLINK-31502 - MarsSat4,0.000,5954.224,5954.224,
Contact STARLINK-31502 - MarsSat4,13634.900,17166.735,3531.835,
Contact STARLINK-31502 - MarsSat4,19240.324,28379.380,9139.056,
Contact STARLINK-31502 - MarsSat4,30451.273,33985.723,3534.450,
Contact STARLINK-31502 - MarsSat4,43179.605,45198.395,2018.789,
Contact STARLINK-31502 - MarsSat4,47267.824,56411.165,9143.342,
Contact STARLINK-31502 - MarsSat4,58478.975,67624.013,9145.038,
Contact STARLINK-31502 - MarsSat4,69690.229,78836.841,9146.611,
Contact STARLINK-31502 - MarsSat4,80901.524,84443.296,3541.772,
Contact STARLINK-5618 - STARLINK-31539,53443.765,54148.144,704.378,
Contact STARLINK-5618 - STARLINK-31539,64564.688,71338.955,6774.267,
Contact STARLINK-5618 - STARLINK-31539,78594.466,79852.521,1258.055,
Contact STARLINK-5618 - STARLINK-5151,10408.630,11297.827,889.197,
Contact STARLINK-5618 - STARLINK-5151,24584.973,25540.592,955.619,
Contact STARLINK-5618 - STARLINK-5151,35939.781,39757.496,3817.715,
Contact STARLINK-5618 - STARLINK-5151,50149.475,51129.625,980.150,
Contact STARLINK-5618 - STARLINK-5151,64354.898,65342.722,987.824,
Contact STARLINK-5618 - STARLINK-5151,78584.240,79532.095,947.854,
Contact STARLINK-5618 - STARLINK-6142,0.000,3782.349,3782.349,
Contact STARLINK-5618 - STARLINK-6142,13965.882,20996.775,7030.894,
Contact STARLINK-5618 - STARLINK-6142,28247.883,35332.210,7084.327,
Contact STARLINK-5618 - STARLINK-6142,42507.323,49676.673,7169.350,
Contact STARLINK-5618 - STARLINK-6142,51085.367,58272.393,7187.026,
Contact STARLINK-5618 - STARLINK-6142,65350.160,72610.747,7260.587,
Contact STARLINK-5618 - STARLINK-6142,79644.832,86400.000,6755.168,
Contact STARLINK-5618 - STARLINK-5049,3426.880,4169.458,742.578,
Contact STARLINK-5618 - STARLINK-5049,17725.286,18495.751,770.465,
Contact STARLINK-5618 - STARLINK-5049,32024.197,32822.341,798.145,
Contact STARLINK-5618 - STARLINK-5049,46325.926,47145.267,819.341,
Contact STARLINK-5618 - STARLINK-5049,60628.599,61468.007,839.408,
Contact STARLINK-5618 - STARLINK-5049,74933.556,75787.666,854.110,
Contact STARLINK-5618 - STARLINK-5049,86378.531,86400.000,21.469,
Contact STARLINK-5618 - STARLINK-31463,79139.288,79502.325,363.037,
Contact STARLINK-5618 - MoonARTEMIS1,0.000,6140.212,6140.212,
Contact STARLINK-5618 - MoonARTEMIS1,8294.687,17562.909,9268.222,
Contact STARLINK-5618 - MoonARTEMIS1,19722.750,23275.063,3552.313,
Contact STARLINK-5618 - MoonARTEMIS1,25436.706,28987.821,3551.115,
Contact STARLINK-5618 - MoonARTEMIS1,36857.912,46117.885,9259.973,
Contact STARLINK-5618 - MoonARTEMIS1,48278.819,57539.916,9261.097,
Contact STARLINK-5618 - MoonARTEMIS1,59701.014,63251.413,3550.400,
Contact STARLINK-5618 - MoonARTEMIS1,65412.291,74675.375,9263.084,
Contact STARLINK-5618 - MoonARTEMIS1,76834.927,86100.779,9265.852,
Contact STARLINK-5618 - MoonARTEMIS2,0.000,6154.632,6154.632,
Contact STARLINK-5618 - MoonARTEMIS2,8315.084,17575.405,9260.321,
Contact STARLINK-5618 - MoonARTEMIS2,19736.744,23285.407,3548.663,
Contact STARLINK-5618 - MoonARTEMIS2,25446.827,34704.091,9257.264,
Contact STARLINK-5618 - MoonARTEMIS2,36865.037,46120.705,9255.668,
Contact STARLINK-5618 - MoonARTEMIS2,53998.511,57553.370,3554.858,
Contact STARLINK-5618 - MoonARTEMIS2,59712.401,63268.833,3556.432,
Contact STARLINK-5618 - MoonARTEMIS2,65425.394,74698.823,9273.429,
Contact STARLINK-5618 - MoonARTEMIS2,76849.451,86128.043,9278.592,
Contact STARLINK-5618 - MoonIOAGEO,0.000,6142.750,6142.750,
Contact STARLINK-5618 - MoonIOAGEO,8298.755,11853.880,3555.125,
Contact STARLINK-5618 - MoonIOAGEO,19725.216,23276.437,3551.221,
Contact STARLINK-5618 - MoonIOAGEO,25437.592,34698.364,9260.772,
Contact STARLINK-5618 - MoonIOAGEO,36860.336,46121.295,9260.959,
Contact STARLINK-5618 - MoonIOAGEO,48283.085,57247.341,8964.256,
Contact STARLINK-5618 - MoonIOAGEO,65417.802,74685.055,9267.253,
Contact STARLINK-5618 - MoonIOAGEO,76839.085,86108.287,9269.202,
Contact STARLINK-5618 - MoonIOAGNO,0.000,6138.115,6138.115,
Contact STARLINK-5618 - MoonIOAGNO,8295.525,17579.637,9284.113,
Contact STARLINK-5618 - MoonIOAGNO,19742.593,23295.234,3552.641,
Contact STARLINK-5618 - MoonIOAGNO,25457.121,34714.983,9257.861,
Contact STARLINK-5618 - MoonIOAGNO,36874.964,46122.697,9247.733,
Contact STARLINK-5618 - MoonIOAGNO,48280.450,57557.347,9276.897,
Contact STARLINK-5618 - MoonIOAGNO,59720.406,63276.821,3556.415,
Contact STARLINK-5618 - MoonIOAGNO,65437.045,74702.238,9265.192,
Contact STARLINK-5618 - MoonIOAGNO,76857.616,86115.119,9257.502,
Contact STARLINK-5618 - MoonIOAGNO 0001,0.000,6162.871,6162.871,
Contact STARLINK-5618 - MoonIOAGNO 0001,8319.578,17576.561,9256.982,
Contact STARLINK-5618 - MoonIOAGNO 0001,19732.932,23278.863,3545.931,
Contact STARLINK-5618 - MoonIOAGNO 0001,25435.269,34706.619,9271.350,
Contact STARLINK-5618 - MoonIOAGNO 0001,36872.738,46142.035,9269.297,
Contact STARLINK-5618 - MoonIOAGNO 0001,48304.224,51853.233,3549.009,
Contact STARLINK-5618 - MoonIOAGNO 0001,59719.934,63266.383,3546.449,
Contact STARLINK-5618 - MoonIOAGNO 0001,65422.783,74684.310,9261.527,
Contact STARLINK-5618 - MoonIOAGNO 0001,76844.497,86129.084,9284.586,
Contact STARLINK-5618 - MoonIOAGSO,0.000,6146.997,6146.997,
Contact STARLINK-5618 - MoonIOAGSO,14003.331,17550.002,3546.670,
Contact STARLINK-5618 - MoonIOAGSO,19707.906,23256.576,3548.670,
Contact STARLINK-5618 - MoonIOAGSO,25417.047,34681.606,9264.559,
Contact STARLINK-5618 - MoonIOAGSO,36845.466,46120.684,9275.219,
Contact STARLINK-5618 - MoonIOAGSO,48286.480,51838.362,3551.883,
Contact STARLINK-5618 - MoonIOAGSO,59692.952,63242.635,3549.683,
Contact STARLINK-5618 - MoonIOAGSO,65398.361,74665.997,9267.636,
Contact STARLINK-5618 - MoonIOAGSO,76820.716,86103.199,9282.483,
Contact STARLINK-5618 - MoonIOAGSO 0001,0.000,6122.006,6122.006,
Contact STARLINK-5618 - MoonIOAGSO 0001,8280.967,17551.541,9270.574,
Contact STARLINK-5618 - MoonIOAGSO 0001,19715.339,23271.703,3556.364,
Contact STARLINK-5618 - MoonIOAGSO 0001,25437.184,28992.424,3555.240,
Contact STARLINK-5618 - MoonIOAGSO 0001,36849.101,46103.179,9254.078,
Contact STARLINK-5618 - MoonIOAGSO 0001,48263.510,57530.894,9267.384,
Contact STARLINK-5618 - MoonIOAGSO 0001,59692.292,63249.910,3557.618,
Contact STARLINK-5618 - MoonIOAGSO 0001,65411.744,73959.693,8547.949,
Contact STARLINK-5618 - MoonIOAGSO 0001,76834.590,86093.114,9258.524,
Contact STARLINK-5618 - MoonLRO,2590.061,3949.987,1359.927,
Contact STARLINK-5618 - MoonLRO,8297.981,17568.925,9270.945,
Contact STARLINK-5618 - MoonLRO,20466.807,23278.815,2812.008,
Contact STARLINK-5618 - MoonLRO,27319.819,28985.805,1665.986,
Contact STARLINK-5618 - MoonLRO,42570.599,44980.136,2409.537,
Contact STARLINK-5618 - MoonLRO,48279.178,51822.135,3542.957,
Contact STARLINK-5618 - MoonLRO,68302.898,72290.034,3987.136,
Contact STARLINK-5618 - MoonLRO,82545.729,86005.094,3459.366,
Contact STARLINK-5618 - MarsSat1,0.000,6799.397,6799.397,
Contact STARLINK-5618 - MarsSat1,7697.960,35435.362,27737.402,
Contact STARLINK-5618 - MarsSat1,36203.136,75562.740,39359.603,
Contact STARLINK-5618 - MarsSat1,76075.573,86400.000,10324.427,
Contact STARLINK-5618 - MarsSat2,0.000,6799.414,6799.414,
Contact STARLINK-5618 - MarsSat2,7697.927,35435.187,27737.260,
Contact STARLINK-5618 - MarsSat2,36203.742,75563.468,39359.726,
Contact STARLINK-5618 - MarsSat2,76074.999,86400.000,10325.001,
Contact STARLINK-5618 - MarsSat3,0.000,6799.333,6799.333,
Contact STARLINK-5618 - MarsSat3,7697.670,35435.239,27737.569,
Contact STARLINK-5618 - MarsSat3,36203.583,75563.460,39359.877,
Contact STARLINK-5618 - MarsSat3,76074.761,86400.000,10325.239,
Contact STARLINK-5618 - MarsSat4,0.000,6799.558,6799.558,
Contact STARLINK-5618 - MarsSat4,13399.942,35435.247,22035.304,
Contact STARLINK-5618 - MarsSat4,36203.455,73689.393,37485.938,
Contact STARLINK-5618 - MarsSat4,76075.080,86400.000,10324.920,
Contact STARLINK-6255 - STARLINK-3898,0.000,86400.000,86400.000,
Contact STARLINK-6255 - STARLINK-31539,28787.110,32601.704,3814.594,
Contact STARLINK-6255 - STARLINK-31539,42723.166,49763.582,7040.416,
Contact STARLINK-6255 - STARLINK-31539,56863.959,58234.320,1370.362,
Contact STARLINK-6255 - STARLINK-31539,65425.884,72225.888,6800.004,
Contact STARLINK-6255 - STARLINK-30367,0.000,86400.000,86400.000,
Contact STARLINK-6255 - STARLINK-5151,0.000,663.454,663.454,
Contact STARLINK-6255 - STARLINK-5151,13860.556,14926.239,1065.683,
Contact STARLINK-6255 - STARLINK-5151,28113.611,29154.018,1040.407,
Contact STARLINK-6255 - STARLINK-5151,39534.215,43359.170,3824.955,
Contact STARLINK-6255 - STARLINK-5151,53834.228,54698.439,864.211,
Contact STARLINK-6255 - STARLINK-5151,68181.679,68832.890,651.211,
Contact STARLINK-6255 - STARLINK-5151,82609.226,82886.728,277.502,
Contact STARLINK-6255 - STARLINK-31463,57089.642,57669.167,579.525,
Contact STARLINK-6255 - STARLINK-31463,68318.086,72019.700,3701.615,
Contact STARLINK-6255 - STARLINK-31463,82425.263,83439.778,1014.516,
Contact STARLINK-6255 - MoonARTEMIS1,0.000,6900.263,6900.263,
Contact STARLINK-6255 - MoonARTEMIS1,8945.781,12647.708,3701.927,
Contact STARLINK-6255 - MoonARTEMIS1,14707.143,24145.874,9438.731,
Contact STARLINK-6255 - MoonARTEMIS1,26233.073,29896.319,3663.246,
Contact STARLINK-6255 - MoonARTEMIS1,37728.263,41374.031,3645.768,
Contact STARLINK-6255 - MoonARTEMIS1,43472.071,52857.389,9385.317,
Contact STARLINK-6255 - MoonARTEMIS1,54965.715,64344.411,9378.696,
Contact STARLINK-6255 - MoonARTEMIS1,66463.840,70089.014,3625.174,
Contact STARLINK-6255 - MoonARTEMIS1,72214.023,81580.258,9366.235,
Contact STARLINK-6255 - MoonARTEMIS1,83716.113,86400.000,2683.887,
Contact STARLINK-6255 - MoonARTEMIS2,0.000,6943.492,6943.492,
Contact STARLINK-6255 - MoonARTEMIS2,9019.621,12686.286,3666.665,
Contact STARLINK-6255 - MoonARTEMIS2,14769.658,24169.955,9400.298,
Contact STARLINK-6255 - MoonARTEMIS2,26265.322,35649.781,9384.459,
Contact STARLINK-6255 - MoonARTEMIS2,37753.112,41387.040,3633.928,
Contact STARLINK-6255 - MoonARTEMIS2,43491.745,47126.505,3634.760,
Contact STARLINK-6255 - MoonARTEMIS2,55004.181,64382.038,9377.857,
Contact STARLINK-6255 - MoonARTEMIS2,66518.218,70131.435,3613.217,
Contact STARLINK-6255 - MoonARTEMIS2,72272.507,81628.322,9355.815,
Contact STARLINK-6255 - MoonARTEMIS2,83777.298,86400.000,2622.702,
Contact STARLINK-6255 - MoonIOAGEO,0.000,6910.752,6910.752,
Contact STARLINK-6255 - MoonIOAGEO,8965.213,12658.564,3693.352,
Contact STARLINK-6255 - MoonIOAGEO,17114.822,24154.391,7039.569,
Contact STARLINK-6255 - MoonIOAGEO,26245.987,35639.385,9393.399,
Contact STARLINK-6255 - MoonIOAGEO,37738.868,41380.174,3641.307,
Contact STARLINK-6255 - MoonIOAGEO,43483.335,52870.363,9387.028,
Contact STARLINK-6255 - MoonIOAGEO,66503.362,70116.309,3612.947,
Contact STARLINK-6255 - MoonIOAGEO,72254.282,81600.851,9346.569,
Contact STARLINK-6255 - MoonIOAGEO,83742.151,86400.000,2657.849,
Contact STARLINK-6255 - MoonIOAGNO,0.000,6908.368,6908.368,
Contact STARLINK-6255 - MoonIOAGNO,8976.022,12670.320,3694.298,
Contact STARLINK-6255 - MoonIOAGNO,14745.108,24170.411,9425.303,
Contact STARLINK-6255 - MoonIOAGNO,26250.889,35651.572,9400.683,
Contact STARLINK-6255 - MoonIOAGNO,37742.823,41388.193,3645.370,
Contact STARLINK-6255 - MoonIOAGNO,43486.917,52875.431,9388.514,
Contact STARLINK-6255 - MoonIOAGNO,55004.294,64384.699,9380.406,
Contact STARLINK-6255 - MoonIOAGNO,66514.049,70129.489,3615.440,
Contact STARLINK-6255 - MoonIOAGNO,72260.871,81609.748,9348.877,
Contact STARLINK-6255 - MoonIOAGNO,83747.013,86400.000,2652.987,
Contact STARLINK-6255 - MoonIOAGNO 0001,0.000,6936.012,6936.012,
Contact STARLINK-6255 - MoonIOAGNO 0001,8985.349,12675.187,3689.838,
Contact STARLINK-6255 - MoonIOAGNO 0001,14732.030,24146.509,9414.479,
Contact STARLINK-6255 - MoonIOAGNO 0001,26225.679,35652.164,9426.485,
Contact STARLINK-6255 - MoonIOAGNO 0001,37757.155,41403.597,3646.442,
Contact STARLINK-6255 - MoonIOAGNO 0001,43510.210,52890.843,9380.633,
Contact STARLINK-6255 - MoonIOAGNO 0001,55004.000,64366.606,9362.606,
Contact STARLINK-6255 - MoonIOAGNO 0001,66490.210,70104.080,3613.870,
Contact STARLINK-6255 - MoonIOAGNO 0001,72240.137,81618.772,9378.635,
Contact STARLINK-6255 - MoonIOAGNO 0001,83764.050,86400.000,2635.950,
Contact STARLINK-6255 - MoonIOAGSO,0.000,6920.110,6920.110,
Contact STARLINK-6255 - MoonIOAGSO,14723.946,24132.169,9408.223,
Contact STARLINK-6255 - MoonIOAGSO,26226.635,35625.329,9398.694,
Contact STARLINK-6255 - MoonIOAGSO,37734.518,41376.200,3641.682,
Contact STARLINK-6255 - MoonIOAGSO,43490.130,52231.312,8741.182,
Contact STARLINK-6255 - MoonIOAGSO,55024.474,64351.085,9326.611,
Contact STARLINK-6255 - MoonIOAGSO,66485.584,70095.630,3610.046,
Contact STARLINK-6255 - MoonIOAGSO,72236.128,81592.886,9356.758,
Contact STARLINK-6255 - MoonIOAGSO,83741.616,86400.000,2658.384,
Contact STARLINK-6255 - MoonIOAGSO 0001,0.000,6896.804,6896.804,
Contact STARLINK-6255 - MoonIOAGSO 0001,8967.613,12643.927,3676.314,
Contact STARLINK-6255 - MoonIOAGSO 0001,14723.042,24147.267,9424.225,
Contact STARLINK-6255 - MoonIOAGSO 0001,26236.534,29897.917,3661.383,
Contact STARLINK-6255 - MoonIOAGSO 0001,37733.252,41369.911,3636.660,
Contact STARLINK-6255 - MoonIOAGSO 0001,43482.710,52859.287,9376.577,
Contact STARLINK-6255 - MoonIOAGSO 0001,54986.492,64359.821,9373.329,
Contact STARLINK-6255 - MoonIOAGSO 0001,66495.350,70113.279,3617.929,
Contact STARLINK-6255 - MoonIOAGSO 0001,77990.442,81591.626,3601.184,
Contact STARLINK-6255 - MoonIOAGSO 0001,83735.887,86400.000,2664.113,
Contact STARLINK-6255 - MoonLRO,3224.217,3940.978,716.760,
Contact STARLINK-6255 - MoonLRO,20477.983,24153.872,3675.889,
Contact STARLINK-6255 - MoonLRO,27296.606,29896.891,2600.285,
Contact STARLINK-6255 - MoonLRO,49242.400,51809.317,2566.917,
Contact STARLINK-6255 - MoonLRO,54990.444,58623.499,3633.054,
Contact STARLINK-6255 - MoonLRO,68273.444,70110.677,1837.232,
Contact STARLINK-6255 - MoonLRO,75126.051,75852.595,726.544,
Contact STARLINK-6255 - MarsSat1,0.000,1730.507,1730.507,
Contact STARLINK-6255 - MarsSat1,3693.787,13220.521,9526.735,
Contact STARLINK-6255 - MarsSat1,15177.507,24710.717,9533.210,
Contact STARLINK-6255 - MarsSat1,26661.251,30455.878,3794.627,
Contact STARLINK-6255 - MarsSat1,32403.135,41946.323,9543.188,
Contact STARLINK-6255 - MarsSat1,43886.935,53436.945,9550.010,
Contact STARLINK-6255 - MarsSat1,55370.797,70673.268,15302.471,
Contact STARLINK-6255 - MarsSat1,72596.727,82164.447,9567.720,
Contact STARLINK-6255 - MarsSat1,84080.768,86400.000,2319.232,
Contact STARLINK-6255 - MarsSat2,0.000,1730.509,1730.509,
Contact STARLINK-6255 - MarsSat2,3693.761,13220.519,9526.758,
Contact STARLINK-6255 - MarsSat2,15177.538,24710.711,9533.174,
Contact STARLINK-6255 - MarsSat2,26661.325,30455.875,3794.551,
Contact STARLINK-6255 - MarsSat2,32403.226,41946.345,9543.119,
Contact STARLINK-6255 - MarsSat2,43887.052,53437.008,9549.956,
Contact STARLINK-6255 - MarsSat2,55370.917,70673.380,15302.463,
Contact STARLINK-6255 - MarsSat2,72596.805,82164.555,9567.750,
Contact STARLINK-6255 - MarsSat2,84080.796,86400.000,2319.204,
Contact STARLINK-6255 - MarsSat3,0.000,1730.492,1730.492,
Contact STARLINK-6255 - MarsSat3,3693.696,13220.449,9526.753,
Contact STARLINK-6255 - MarsSat3,15177.425,24710.664,9533.239,
Contact STARLINK-6255 - MarsSat3,26661.261,30455.855,3794.594,
Contact STARLINK-6255 - MarsSat3,32403.191,41946.363,9543.172,
Contact STARLINK-6255 - MarsSat3,43887.043,53437.031,9549.988,
Contact STARLINK-6255 - MarsSat3,55370.902,70673.366,15302.464,
Contact STARLINK-6255 - MarsSat3,72596.747,82164.498,9567.751,
Contact STARLINK-6255 - MarsSat3,84080.711,86400.000,2319.289,
Contact STARLINK-6255 - MarsSat4,0.000,1730.573,1730.573,
Contact STARLINK-6255 - MarsSat4,3693.807,7475.518,3781.711,
Contact STARLINK-6255 - MarsSat4,15177.446,24710.685,9533.239,
Contact STARLINK-6255 - MarsSat4,26661.266,30455.867,3794.600,
Contact STARLINK-6255 - MarsSat4,32403.178,41360.095,8956.917,
Contact STARLINK-6255 - MarsSat4,43886.934,53436.935,9550.001,
Contact STARLINK-6255 - MarsSat4,55370.842,70673.354,15302.512,
Contact STARLINK-6255 - MarsSat4,75534.678,82164.469,6629.791,
Contact STARLINK-6255 - MarsSat4,84080.747,86400.000,2319.253,
Contact STARLINK-3898 - STARLINK-31539,3488.273,4029.221,540.948,
Contact STARLINK-3898 - STARLINK-31539,17329.734,18426.337,1096.603,
Contact STARLINK-3898 - STARLINK-31539,28512.607,35504.872,6992.265,
Contact STARLINK-3898 - STARLINK-31539,42586.798,43989.682,1402.884,
Contact STARLINK-3898 - STARLINK-31539,51100.717,58013.994,6913.277,
Contact STARLINK-3898 - STARLINK-31539,68243.549,69154.452,910.902,
Contact STARLINK-3898 - STARLINK-30367,0.000,86400.000,86400.000,
Contact STARLINK-3898 - STARLINK-5151,0.000,700.530,700.530,
Contact STARLINK-3898 - STARLINK-5151,13988.485,14873.010,884.526,
Contact STARLINK-3898 - STARLINK-5151,28242.416,29023.217,780.801,
Contact STARLINK-3898 - STARLINK-5151,53924.768,54467.386,542.618,
Contact STARLINK-3898 - STARLINK-5151,68262.351,68534.185,271.835,
Contact STARLINK-3898 - STARLINK-31463,42844.225,43478.364,634.139,
Contact STARLINK-3898 - STARLINK-31463,56924.312,57716.024,791.713,
Contact STARLINK-3898 - STARLINK-31463,68206.782,69087.171,880.389,
Contact STARLINK-3898 - STARLINK-31463,82329.256,83281.209,951.953,
Contact STARLINK-3898 - MoonARTEMIS1,0.000,1579.476,1579.476,
Contact STARLINK-3898 - MoonARTEMIS1,3684.690,13000.822,9316.132,
Contact STARLINK-3898 - MoonARTEMIS1,15123.581,24425.622,9302.041,
Contact STARLINK-3898 - MoonARTEMIS1,26564.970,30139.035,3574.066,
Contact STARLINK-3898 - MoonARTEMIS1,37985.667,41550.605,3564.939,
Contact STARLINK-3898 - MoonARTEMIS1,43694.410,52966.496,9272.086,
Contact STARLINK-3898 - MoonARTEMIS1,55115.776,64385.129,9269.353,
Contact STARLINK-3898 - MoonARTEMIS1,66540.043,70095.319,3555.276,
Contact STARLINK-3898 - MoonARTEMIS1,72252.903,81517.428,9264.525,
Contact STARLINK-3898 - MoonARTEMIS1,83679.731,86400.000,2720.269,
Contact STARLINK-3898 - MoonARTEMIS2,0.000,1610.753,1610.753,
Contact STARLINK-3898 - MoonARTEMIS2,3739.747,13027.668,9287.921,
Contact STARLINK-3898 - MoonARTEMIS2,15165.078,24442.989,9277.911,
Contact STARLINK-3898 - MoonARTEMIS2,26586.554,35855.519,9268.966,
Contact STARLINK-3898 - MoonARTEMIS2,38002.593,41559.783,3557.189,
Contact STARLINK-3898 - MoonARTEMIS2,43706.976,47266.397,3559.421,
Contact STARLINK-3898 - MoonARTEMIS2,55141.947,64414.621,9272.674,
Contact STARLINK-3898 - MoonARTEMIS2,66577.294,70129.027,3551.733,
Contact STARLINK-3898 - MoonARTEMIS2,72293.080,81556.632,9263.552,
Contact STARLINK-3898 - MoonARTEMIS2,83722.018,86400.000,2677.982,
Contact STARLINK-3898 - MoonIOAGEO,0.000,1586.905,1586.905,
Contact STARLINK-3898 - MoonIOAGEO,3698.852,13007.843,9308.992,
Contact STARLINK-3898 - MoonIOAGEO,17151.055,24430.714,7279.659,
Contact STARLINK-3898 - MoonIOAGEO,26571.942,35847.460,9275.518,
Contact STARLINK-3898 - MoonIOAGEO,37992.800,41555.095,3562.296,
Contact STARLINK-3898 - MoonIOAGEO,43702.364,52976.339,9273.976,
Contact STARLINK-3898 - MoonIOAGEO,66565.189,70115.596,3550.407,
Contact STARLINK-3898 - MoonIOAGEO,72278.285,81533.197,9254.912,
Contact STARLINK-3898 - MoonIOAGEO,83696.572,86400.000,2703.428,
Contact STARLINK-3898 - MoonIOAGNO,0.000,1590.999,1590.999,
Contact STARLINK-3898 - MoonIOAGNO,3700.257,13017.623,9317.366,
Contact STARLINK-3898 - MoonIOAGNO,15151.608,24447.661,9296.053,
Contact STARLINK-3898 - MoonIOAGNO,26583.776,35860.754,9276.978,
Contact STARLINK-3898 - MoonIOAGNO,38001.315,41563.269,3561.955,
Contact STARLINK-3898 - MoonIOAGNO,43706.926,52979.460,9272.533,
Contact STARLINK-3898 - MoonIOAGNO,55142.550,64419.256,9276.706,
Contact STARLINK-3898 - MoonIOAGNO,66579.991,70130.320,3550.329,
Contact STARLINK-3898 - MoonIOAGNO,72290.996,81543.245,9252.249,
Contact STARLINK-3898 - MoonIOAGNO,83704.217,86400.000,2695.783,
Contact STARLINK-3898 - MoonIOAGNO 0001,0.000,1610.399,1610.399,
Contact STARLINK-3898 - MoonIOAGNO 0001,3725.040,13023.705,9298.664,
Contact STARLINK-3898 - MoonIOAGNO 0001,15144.992,24426.169,9281.177,
Contact STARLINK-3898 - MoonIOAGNO 0001,26558.810,35859.447,9300.637,
Contact STARLINK-3898 - MoonIOAGNO 0001,38009.936,41576.181,3566.245,
Contact STARLINK-3898 - MoonIOAGNO 0001,43726.721,52995.540,9268.819,
Contact STARLINK-3898 - MoonIOAGNO 0001,55147.847,64403.444,9255.596,
Contact STARLINK-3898 - MoonIOAGNO 0001,66558.837,70106.054,3547.217,
Contact STARLINK-3898 - MoonIOAGNO 0001,72267.808,81549.935,9282.128,
Contact STARLINK-3898 - MoonIOAGNO 0001,83716.726,86400.000,2683.274,
Contact STARLINK-3898 - MoonIOAGSO,0.000,1585.567,1585.567,
Contact STARLINK-3898 - MoonIOAGSO,3706.782,7303.881,3597.099,
Contact STARLINK-3898 - MoonIOAGSO,15128.428,24409.693,9281.265,
Contact STARLINK-3898 - MoonIOAGSO,26551.534,35833.223,9281.690,
Contact STARLINK-3898 - MoonIOAGSO,37984.392,41549.605,3565.213,
Contact STARLINK-3898 - MoonIOAGSO,43704.043,52237.593,8533.550,
Contact STARLINK-3898 - MoonIOAGSO,55130.364,64385.519,9255.155,
Contact STARLINK-3898 - MoonIOAGSO,66546.103,70095.309,3549.206,
Contact STARLINK-3898 - MoonIOAGSO,72258.836,81523.840,9265.003,
Contact STARLINK-3898 - MoonIOAGSO,83691.387,86400.000,2708.613,
Contact STARLINK-3898 - MoonIOAGSO 0001,0.000,1571.086,1571.086,
Contact STARLINK-3898 - MoonIOAGSO 0001,3692.939,12991.979,9299.040,
Contact STARLINK-3898 - MoonIOAGSO 0001,15126.347,24425.911,9299.564,
Contact STARLINK-3898 - MoonIOAGSO 0001,26567.665,30141.170,3573.505,
Contact STARLINK-3898 - MoonIOAGSO 0001,37983.859,41542.903,3559.044,
Contact STARLINK-3898 - MoonIOAGSO 0001,43693.822,52962.665,9268.843,
Contact STARLINK-3898 - MoonIOAGSO 0001,55121.836,64394.546,9272.710,
Contact STARLINK-3898 - MoonIOAGSO 0001,66558.827,70114.210,3555.382,
Contact STARLINK-3898 - MoonIOAGSO 0001,77979.735,81523.268,3543.533,
Contact STARLINK-3898 - MoonIOAGSO 0001,83685.828,86400.000,2714.172,
Contact STARLINK-3898 - MoonLRO,6857.922,7294.147,436.225,
Contact STARLINK-3898 - MoonLRO,20846.859,24431.781,3584.922,
Contact STARLINK-3898 - MoonLRO,27293.632,30140.785,2847.153,
Contact STARLINK-3898 - MoonLRO,49420.304,51811.040,2390.736,
Contact STARLINK-3898 - MoonLRO,55130.321,58656.049,3525.727,
Contact STARLINK-3898 - MoonLRO,68274.773,70111.387,1836.614,
Contact STARLINK-3898 - MoonLRO,75128.330,75818.993,690.663,
Contact STARLINK-3898 - MarsSat1,0.000,2135.469,2135.469,
Contact STARLINK-3898 - MarsSat1,3886.008,13564.236,9678.228,
Contact STARLINK-3898 - MarsSat1,15302.474,24993.329,9690.855,
Contact STARLINK-3898 - MarsSat1,26718.914,30707.992,3989.078,
Contact STARLINK-3898 - MarsSat1,32427.130,42137.548,9710.418,
Contact STARLINK-3898 - MarsSat1,43843.577,53567.431,9723.854,
Contact STARLINK-3898 - MarsSat1,55260.058,70712.957,15452.899,
Contact STARLINK-3898 - MarsSat1,72384.843,82143.839,9758.997,
Contact STARLINK-3898 - MarsSat1,83801.376,86400.000,2598.624,
Contact STARLINK-3898 - MarsSat2,0.000,2135.477,2135.477,
Contact STARLINK-3898 - MarsSat2,3885.961,13564.229,9678.268,
Contact STARLINK-3898 - MarsSat2,15302.533,24993.310,9690.777,
Contact STARLINK-3898 - MarsSat2,26719.051,30707.975,3988.924,
Contact STARLINK-3898 - MarsSat2,32427.296,42137.561,9710.265,
Contact STARLINK-3898 - MarsSat2,43843.769,53567.503,9723.733,
Contact STARLINK-3898 - MarsSat2,55260.230,70713.109,15452.879,
Contact STARLINK-3898 - MarsSat2,72384.909,82143.996,9759.086,
Contact STARLINK-3898 - MarsSat2,83801.361,86400.000,2598.639,
Contact STARLINK-3898 - MarsSat3,0.000,2135.456,2135.456,
Contact STARLINK-3898 - MarsSat3,3885.861,13564.145,9678.284,
Contact STARLINK-3898 - MarsSat3,15302.377,24993.255,9690.877,
Contact STARLINK-3898 - MarsSat3,26718.961,30707.954,3988.993,
Contact STARLINK-3898 - MarsSat3,32427.240,42137.590,9710.350,
Contact STARLINK-3898 - MarsSat3,43843.740,53567.539,9723.799,
Contact STARLINK-3898 - MarsSat3,55260.188,70713.098,15452.910,
Contact STARLINK-3898 - MarsSat3,72384.819,82143.926,9759.107,
Contact STARLINK-3898 - MarsSat3,83801.248,86400.000,2598.752,
Contact STARLINK-3898 - MarsSat4,0.000,2135.558,2135.558,
Contact STARLINK-3898 - MarsSat4,3886.004,7849.847,3963.843,
Contact STARLINK-3898 - MarsSat4,15302.399,24993.283,9690.884,
Contact STARLINK-3898 - MarsSat4,26718.958,30707.971,3989.013,
Contact STARLINK-3898 - MarsSat4,32427.213,41360.075,8932.863,
Contact STARLINK-3898 - MarsSat4,43843.605,53567.412,9723.807,
Contact STARLINK-3898 - MarsSat4,55260.133,70713.075,15452.942,
Contact STARLINK-3898 - MarsSat4,75534.685,82143.878,6609.193,
Contact STARLINK-3898 - MarsSat4,83801.318,86400.000,2598.682,
Contact STARLINK-30842 - STARLINK-31539,0.000,145.470,145.470,
Contact STARLINK-30842 - STARLINK-31539,10448.416,11527.254,1078.838,
Contact STARLINK-30842 - STARLINK-31539,24617.285,25664.178,1046.893,
Contact STARLINK-30842 - STARLINK-31539,38898.524,39689.443,790.920,
Contact STARLINK-30842 - STARLINK-5807,0.000,64484.222,64484.222,
Contact STARLINK-30842 - STARLINK-5807,65221.051,78449.209,13228.158,
Contact STARLINK-30842 - STARLINK-5807,85884.136,86400.000,515.864,
Contact STARLINK-30842 - STARLINK-1581,60862.097,61380.654,518.557,
Contact STARLINK-30842 - STARLINK-1581,74886.706,75763.059,876.352,
Contact STARLINK-30842 - STARLINK-1581,86173.410,86400.000,226.590,
Contact STARLINK-30842 - STARLINK-5151,6893.082,7739.273,846.190,
Contact STARLINK-30842 - STARLINK-5151,21306.304,21800.778,494.474,
Contact STARLINK-30842 - STARLINK-2388,0.000,86400.000,86400.000,
Contact STARLINK-30842 - STARLINK-1700,0.000,86400.000,86400.000,
Contact STARLINK-30842 - STARLINK-31463,10293.869,11101.621,807.752,
Contact STARLINK-30842 - STARLINK-31463,18557.683,28536.317,9978.634,
Contact STARLINK-30842 - STARLINK-31463,32519.432,42865.498,10346.065,
Contact STARLINK-30842 - STARLINK-31463,43803.651,56965.453,13161.801,
Contact STARLINK-30842 - STARLINK-31463,58090.657,65359.578,7268.920,
Contact STARLINK-30842 - STARLINK-31463,75484.629,76442.115,957.485,
Contact STARLINK-30842 - MoonARTEMIS1,0.000,1988.833,1988.833,
Contact STARLINK-30842 - MoonARTEMIS1,3965.205,13531.604,9566.399,
Contact STARLINK-30842 - MoonARTEMIS1,15489.385,25090.243,9600.859,
Contact STARLINK-30842 - MoonARTEMIS1,27026.429,30871.203,3844.774,
Contact STARLINK-30842 - MoonARTEMIS1,33925.503,42362.040,8436.537,
Contact STARLINK-30842 - MoonARTEMIS1,44276.103,53871.567,9595.464,
Contact STARLINK-30842 - MoonARTEMIS1,55779.947,59630.668,3850.721,
Contact STARLINK-30842 - MoonARTEMIS1,61535.088,71155.769,9620.681,
Contact STARLINK-30842 - MoonARTEMIS1,73051.095,82689.238,9638.143,
Contact STARLINK-30842 - MoonARTEMIS1,84574.740,86400.000,1825.260,
Contact STARLINK-30842 - MoonARTEMIS2,0.000,2107.643,2107.643,
Contact STARLINK-30842 - MoonARTEMIS2,4037.226,13631.085,9593.860,
Contact STARLINK-30842 - MoonARTEMIS2,15548.167,25148.391,9600.224,
Contact STARLINK-30842 - MoonARTEMIS2,27056.126,30903.560,3847.434,
Contact STARLINK-30842 - MoonARTEMIS2,32808.034,42400.435,9592.401,
Contact STARLINK-30842 - MoonARTEMIS2,44301.782,47355.106,3053.324,
Contact STARLINK-30842 - MoonARTEMIS2,55832.157,59722.038,3889.881,
Contact STARLINK-30842 - MoonARTEMIS2,61600.923,71276.091,9675.168,
Contact STARLINK-30842 - MoonARTEMIS2,73136.572,86400.000,13263.428,
Contact STARLINK-30842 - MoonIOAGEO,0.000,2022.532,2022.532,
Contact STARLINK-30842 - MoonIOAGEO,3985.063,12989.636,9004.573,
Contact STARLINK-30842 - MoonIOAGEO,17258.760,25121.108,7862.348,
Contact STARLINK-30842 - MoonIOAGEO,27044.501,30881.669,3837.167,
Contact STARLINK-30842 - MoonIOAGEO,32796.496,42379.553,9583.056,
Contact STARLINK-30842 - MoonIOAGEO,44288.513,53911.531,9623.018,
Contact STARLINK-30842 - MoonIOAGEO,61587.122,71248.039,9660.917,
Contact STARLINK-30842 - MoonIOAGEO,73122.037,82752.772,9630.735,
Contact STARLINK-30842 - MoonIOAGEO,84618.910,86400.000,1781.090,
Contact STARLINK-30842 - MoonIOAGNO,0.000,2022.972,2022.972,
Contact STARLINK-30842 - MoonIOAGNO,3989.652,13583.124,9593.472,
Contact STARLINK-30842 - MoonIOAGNO,15510.683,25096.180,9585.497,
Contact STARLINK-30842 - MoonIOAGNO,27004.431,30852.574,3848.144,
Contact STARLINK-30842 - MoonIOAGNO,32757.753,42373.702,9615.949,
Contact STARLINK-30842 - MoonIOAGNO,44282.626,53940.280,9657.654,
Contact STARLINK-30842 - MoonIOAGNO,55828.276,59708.405,3880.129,
Contact STARLINK-30842 - MoonIOAGNO,61576.364,71225.598,9649.233,
Contact STARLINK-30842 - MoonIOAGNO,73079.955,82742.106,9662.150,
Contact STARLINK-30842 - MoonIOAGNO,84602.003,86400.000,1797.997,
Contact STARLINK-30842 - MoonIOAGNO 0001,0.000,2038.230,2038.230,
Contact STARLINK-30842 - MoonIOAGNO 0001,3977.770,13550.856,9573.086,
Contact STARLINK-30842 - MoonIOAGNO 0001,15485.053,25081.969,9596.915,
Contact STARLINK-30842 - MoonIOAGNO 0001,27022.144,30873.128,3850.984,
Contact STARLINK-30842 - MoonIOAGNO 0001,32793.605,42402.294,9608.690,
Contact STARLINK-30842 - MoonIOAGNO 0001,44287.093,53916.399,9629.306,
Contact STARLINK-30842 - MoonIOAGNO 0001,55793.971,59675.458,3881.487,
Contact STARLINK-30842 - MoonIOAGNO 0001,61555.302,71215.945,9660.643,
Contact STARLINK-30842 - MoonIOAGNO 0001,73110.231,82775.668,9665.437,
Contact STARLINK-30842 - MoonIOAGNO 0001,84621.102,86400.000,1778.898,
Contact STARLINK-30842 - MoonIOAGSO,0.000,2045.599,2045.599,
Contact STARLINK-30842 - MoonIOAGSO,3999.598,7801.126,3801.529,
Contact STARLINK-30842 - MoonIOAGSO,15531.519,25118.015,9586.497,
Contact STARLINK-30842 - MoonIOAGSO,27061.013,30882.786,3821.773,
Contact STARLINK-30842 - MoonIOAGSO,32817.378,42404.453,9587.075,
Contact STARLINK-30842 - MoonIOAGSO,44313.764,52198.505,7884.741,
Contact STARLINK-30842 - MoonIOAGSO,55829.691,59700.791,3871.100,
Contact STARLINK-30842 - MoonIOAGSO,61606.178,71240.203,9634.025,
Contact STARLINK-30842 - MoonIOAGSO,73138.275,82770.306,9632.031,
Contact STARLINK-30842 - MoonIOAGSO,84648.628,86400.000,1751.372,
Contact STARLINK-30842 - MoonIOAGSO 0001,0.000,2062.280,2062.280,
Contact STARLINK-30842 - MoonIOAGSO 0001,4031.963,13587.172,9555.209,
Contact STARLINK-30842 - MoonIOAGSO 0001,15538.409,25100.791,9562.382,
Contact STARLINK-30842 - MoonIOAGSO 0001,27023.468,30494.619,3471.151,
Contact STARLINK-30842 - MoonIOAGSO 0001,33409.242,42409.626,9000.384,
Contact STARLINK-30842 - MoonIOAGSO 0001,44333.975,53943.363,9609.389,
Contact STARLINK-30842 - MoonIOAGSO 0001,55853.492,59706.569,3853.077,
Contact STARLINK-30842 - MoonIOAGSO 0001,61605.223,71223.575,9618.352,
Contact STARLINK-30842 - MoonIOAGSO 0001,78877.021,82764.894,3887.873,
Contact STARLINK-30842 - MoonIOAGSO 0001,84653.247,86400.000,1746.753,
Contact STARLINK-30842 - MoonLRO,0.000,2044.553,2044.553,
Contact STARLINK-30842 - MoonLRO,6819.218,7808.374,989.156,
Contact STARLINK-30842 - MoonLRO,21275.390,24445.328,3169.938,
Contact STARLINK-30842 - MoonLRO,27327.566,30864.162,3536.596,
Contact STARLINK-30842 - MoonLRO,34134.988,36631.901,2496.913,
Contact STARLINK-30842 - MoonLRO,50063.505,51786.452,1722.947,
Contact STARLINK-30842 - MoonLRO,55826.901,58614.161,2787.261,
Contact STARLINK-30842 - MoonLRO,61585.972,71227.919,9641.947,
Contact STARLINK-30842 - MoonLRO,75084.175,76995.111,1910.936,
Contact STARLINK-30842 - MarsSat1,0.000,3425.367,3425.367,
Contact STARLINK-30842 - MarsSat1,5439.439,9166.963,3727.523,
Contact STARLINK-30842 - MarsSat1,11182.027,20650.073,9468.046,
Contact STARLINK-30842 - MarsSat1,22667.159,32133.061,9465.902,
Contact STARLINK-30842 - MarsSat1,34152.207,37874.508,3722.301,
Contact STARLINK-30842 - MarsSat1,39894.694,49357.314,9462.620,
Contact STARLINK-30842 - MarsSat1,51379.595,60840.018,9460.422,
Contact STARLINK-30842 - MarsSat1,62864.418,66581.338,3716.919,
Contact STARLINK-30842 - MarsSat1,68606.810,78063.921,9457.112,
Contact STARLINK-30842 - MarsSat1,80091.565,86400.000,6308.435,
Contact STARLINK-30842 - MarsSat2,0.000,3425.364,3425.364,
Contact STARLINK-30842 - MarsSat2,5439.452,9166.962,3727.510,
Contact STARLINK-30842 - MarsSat2,11182.017,20650.078,9468.060,
Contact STARLINK-30842 - MarsSat2,22667.117,32133.079,9465.963,
Contact STARLINK-30842 - MarsSat2,34152.160,37874.538,3722.378,
Contact STARLINK-30842 - MarsSat2,39894.659,49357.375,9462.717,
Contact STARLINK-30842 - MarsSat2,51379.607,60840.107,9460.500,
Contact STARLINK-30842 - MarsSat2,62864.486,66581.433,3716.947,
Contact STARLINK-30842 - MarsSat2,68606.900,78064.009,9457.109,
Contact STARLINK-30842 - MarsSat2,80091.673,86400.000,6308.327,
Contact STARLINK-30842 - MarsSat3,0.000,3425.333,3425.333,
Contact STARLINK-30842 - MarsSat3,5439.449,9166.901,3727.452,
Contact STARLINK-30842 - MarsSat3,11181.996,20650.011,9468.015,
Contact STARLINK-30842 - MarsSat3,22667.091,32133.063,9465.972,
Contact STARLINK-30842 - MarsSat3,34152.170,37874.541,3722.371,
Contact STARLINK-30842 - MarsSat3,39894.682,49357.391,9462.708,
Contact STARLINK-30842 - MarsSat3,51379.641,60840.109,9460.468,
Contact STARLINK-30842 - MarsSat3,62864.509,66581.421,3716.913,
Contact STARLINK-30842 - MarsSat3,68606.909,78063.963,9457.053,
Contact STARLINK-30842 - MarsSat3,80091.645,86400.000,6308.355,
Contact STARLINK-30842 - MarsSat4,0.000,3425.419,3425.419,
Contact STARLINK-30842 - MarsSat4,5439.500,9031.046,3591.547,
Contact STARLINK-30842 - MarsSat4,11182.031,20650.030,9467.999,
Contact STARLINK-30842 - MarsSat4,22667.113,32133.065,9465.952,
Contact STARLINK-30842 - MarsSat4,34152.178,37874.511,3722.333,
Contact STARLINK-30842 - MarsSat4,43179.670,49357.283,6177.613,
Contact STARLINK-30842 - MarsSat4,51379.553,60840.076,9460.522,
Contact STARLINK-30842 - MarsSat4,62864.470,66581.416,3716.946,
Contact STARLINK-30842 - MarsSat4,68606.887,78063.932,9457.045,
Contact STARLINK-30842 - MarsSat4,80091.599,86400.000,6308.401,
Contact STARLINK-4631 - STARLINK-31722,24935.335,31768.684,6833.349,
Contact STARLINK-4631 - STARLINK-31722,38822.369,46083.919,7261.550,
Contact STARLINK-4631 - STARLINK-31722,47247.566,57402.613,10155.047,
Contact STARLINK-4631 - STARLINK-31722,61403.959,71387.980,9984.022,
Contact STARLINK-4631 - STARLINK-31722,78635.216,79714.882,1079.666,
Contact STARLINK-4631 - STARLINK-1581,0.000,642.640,642.640,
Contact STARLINK-4631 - STARLINK-1581,13969.306,14848.827,879.521,
Contact STARLINK-4631 - STARLINK-1581,28139.311,29038.883,899.572,
Contact STARLINK-4631 - STARLINK-1581,39490.015,43206.310,3716.295,
Contact STARLINK-4631 - STARLINK-1581,53697.798,54527.870,830.072,
Contact STARLINK-4631 - STARLINK-1581,67921.524,68664.378,742.854,
Contact STARLINK-4631 - STARLINK-4290,2984.933,3773.671,788.738,
Contact STARLINK-4631 - STARLINK-4290,14390.375,18048.725,3658.350,
Contact STARLINK-4631 - STARLINK-4290,28648.011,29468.458,820.447,
Contact STARLINK-4631 - STARLINK-4290,42906.245,43742.530,836.285,
Contact STARLINK-4631 - STARLINK-4290,57165.344,58015.520,850.177,
Contact STARLINK-4631 - STARLINK-4290,71425.254,72287.853,862.599,
Contact STARLINK-4631 - STARLINK-4290,85685.780,86400.000,714.220,
Contact STARLINK-4631 - STARLINK-6142,3245.703,4204.945,959.242,
Contact STARLINK-4631 - STARLINK-6142,17567.862,18498.876,931.014,
Contact STARLINK-4631 - STARLINK-6142,31884.057,32799.076,915.019,
Contact STARLINK-4631 - STARLINK-6142,46208.532,47090.667,882.135,
Contact STARLINK-4631 - STARLINK-6142,60526.790,61388.802,862.013,
Contact STARLINK-4631 - STARLINK-6142,71985.187,75677.837,3692.650,
Contact STARLINK-4631 - STARLINK-6142,86313.307,86400.000,86.693,
Contact STARLINK-4631 - STARLINK-3167,0.000,61909.273,61909.273,
Contact STARLINK-4631 - STARLINK-5049,6592.017,13565.322,6973.304,
Contact STARLINK-4631 - STARLINK-5049,21195.690,22009.926,814.235,
Contact STARLINK-4631 - MoonARTEMIS1,754.909,10103.310,9348.400,
Contact STARLINK-4631 - MoonARTEMIS1,12238.956,21586.284,9347.328,
Contact STARLINK-4631 - MoonARTEMIS1,23730.358,27331.490,3601.133,
Contact STARLINK-4631 - MoonARTEMIS1,35202.827,38786.331,3583.504,
Contact STARLINK-4631 - MoonARTEMIS1,40926.086,50238.208,9312.122,
Contact STARLINK-4631 - MoonARTEMIS1,52381.706,55966.815,3585.109,
Contact STARLINK-4631 - MoonARTEMIS1,58112.292,67427.732,9315.439,
Contact STARLINK-4631 - MoonARTEMIS1,69577.395,78892.800,9315.405,
Contact STARLINK-4631 - MoonARTEMIS1,81046.846,84626.766,3579.919,
Contact STARLINK-4631 - MoonARTEMIS2,840.678,10165.240,9324.562,
Contact STARLINK-4631 - MoonARTEMIS2,12308.198,15896.393,3588.195,
Contact STARLINK-4631 - MoonARTEMIS2,18040.399,27355.671,9315.272,
Contact STARLINK-4631 - MoonARTEMIS2,29500.860,38808.665,9307.805,
Contact STARLINK-4631 - MoonARTEMIS2,40952.524,47444.187,6491.663,
Contact STARLINK-4631 - MoonARTEMIS2,52419.524,56006.983,3587.459,
Contact STARLINK-4631 - MoonARTEMIS2,58162.186,67483.283,9321.097,
Contact STARLINK-4631 - MoonARTEMIS2,69641.883,78955.456,9313.574,
Contact STARLINK-4631 - MoonARTEMIS2,81116.713,84690.444,3573.730,
Contact STARLINK-4631 - MoonIOAGEO,782.277,10122.781,9340.505,
Contact STARLINK-4631 - MoonIOAGEO,18009.444,27345.755,9336.310,
Contact STARLINK-4631 - MoonIOAGEO,29488.561,38795.910,9307.348,
Contact STARLINK-4631 - MoonIOAGEO,40937.924,50252.562,9314.638,
Contact STARLINK-4631 - MoonIOAGEO,52402.620,55992.415,3589.795,
Contact STARLINK-4631 - MoonIOAGEO,61192.881,67476.154,6283.272,
Contact STARLINK-4631 - MoonIOAGEO,69632.786,78934.194,9301.408,
Contact STARLINK-4631 - MoonIOAGEO,81088.017,84656.356,3568.339,
Contact STARLINK-4631 - MoonIOAGNO,779.220,10139.013,9359.793,
Contact STARLINK-4631 - MoonIOAGNO,12276.076,15865.010,3588.934,
Contact STARLINK-4631 - MoonIOAGNO,23732.107,27316.374,3584.267,
Contact STARLINK-4631 - MoonIOAGNO,29461.030,38778.908,9317.878,
Contact STARLINK-4631 - MoonIOAGNO,40927.094,50266.016,9338.922,
Contact STARLINK-4631 - MoonIOAGNO,52421.500,56003.093,3581.593,
Contact STARLINK-4631 - MoonIOAGNO,58154.204,67453.113,9298.908,
Contact STARLINK-4631 - MoonIOAGNO,69608.644,78911.075,9302.431,
Contact STARLINK-4631 - MoonIOAGNO,81069.825,84645.257,3575.432,
Contact STARLINK-4631 - MoonIOAGNO 0001,790.665,10111.437,9320.772,
Contact STARLINK-4631 - MoonIOAGNO 0001,12250.489,21581.526,9331.037,
Contact STARLINK-4631 - MoonIOAGNO 0001,23724.688,27328.158,3603.470,
Contact STARLINK-4631 - MoonIOAGNO 0001,29477.499,38796.922,9319.423,
Contact STARLINK-4631 - MoonIOAGNO 0001,40943.935,50249.068,9305.132,
Contact STARLINK-4631 - MoonIOAGNO 0001,52400.481,55978.976,3578.495,
Contact STARLINK-4631 - MoonIOAGNO 0001,58132.042,67451.974,9319.932,
Contact STARLINK-4631 - MoonIOAGNO 0001,69610.411,78932.810,9322.399,
Contact STARLINK-4631 - MoonIOAGNO 0001,81089.617,84657.558,3567.942,
Contact STARLINK-4631 - MoonIOAGSO,801.888,8827.877,8025.989,
Contact STARLINK-4631 - MoonIOAGSO,12272.855,15879.631,3606.776,
Contact STARLINK-4631 - MoonIOAGSO,18018.674,27356.373,9337.699,
Contact STARLINK-4631 - MoonIOAGSO,29495.810,38815.665,9319.856,
Contact STARLINK-4631 - MoonIOAGSO,40957.933,50259.539,9301.606,
Contact STARLINK-4631 - MoonIOAGSO,58159.045,67486.817,9327.772,
Contact STARLINK-4631 - MoonIOAGSO,69640.107,78950.690,9310.583,
Contact STARLINK-4631 - MoonIOAGSO,81105.189,84676.348,3571.159,
Contact STARLINK-4631 - MoonIOAGSO 0001,814.959,10154.335,9339.377,
Contact STARLINK-4631 - MoonIOAGSO 0001,12286.663,15882.987,3596.324,
Contact STARLINK-4631 - MoonIOAGSO 0001,18017.192,27328.370,9311.177,
Contact STARLINK-4631 - MoonIOAGSO 0001,35217.280,38814.958,3597.678,
Contact STARLINK-4631 - MoonIOAGSO 0001,40961.500,50289.277,9327.777,
Contact STARLINK-4631 - MoonIOAGSO 0001,52436.457,56020.041,3583.584,
Contact STARLINK-4631 - MoonIOAGSO 0001,58168.275,67468.603,9300.328,
Contact STARLINK-4631 - MoonIOAGSO 0001,69618.528,73191.275,3572.748,
Contact STARLINK-4631 - MoonIOAGSO 0001,81098.288,84680.701,3582.412,
Contact STARLINK-4631 - MoonLRO,798.589,10129.274,9330.685,
Contact STARLINK-4631 - MoonLRO,13672.889,15866.141,2193.252,
Contact STARLINK-4631 - MoonLRO,20487.174,21602.137,1114.963,
Contact STARLINK-4631 - MoonLRO,35212.965,38115.361,2902.396,
Contact STARLINK-4631 - MoonLRO,40979.033,44529.381,3550.348,
Contact STARLINK-4631 - MoonLRO,63885.296,65477.884,1592.588,
Contact STARLINK-4631 - MoonLRO,69621.768,78926.424,9304.656,
Contact STARLINK-4631 - MoonLRO,81942.523,84662.048,2719.525,
Contact STARLINK-4631 - MarsSat1,1793.696,5410.490,3616.794,
Contact STARLINK-4631 - MarsSat1,7512.787,16850.469,9337.682,
Contact STARLINK-4631 - MarsSat1,18951.007,28290.524,9339.518,
Contact STARLINK-4631 - MarsSat1,30389.250,34010.571,3621.320,
Contact STARLINK-4631 - MarsSat1,36108.372,45450.690,9342.318,
Contact STARLINK-4631 - MarsSat1,47546.607,56890.851,9344.244,
Contact STARLINK-4631 - MarsSat1,58984.836,68331.078,9346.243,
Contact STARLINK-4631 - MarsSat1,70423.086,74051.228,3628.142,
Contact STARLINK-4631 - MarsSat1,76142.230,85491.617,9349.388,
Contact STARLINK-4631 - MarsSat2,1793.750,5410.514,3616.764,
Contact STARLINK-4631 - MarsSat2,7512.796,16850.416,9337.620,
Contact STARLINK-4631 - MarsSat2,18950.937,28290.423,9339.486,
Contact STARLINK-4631 - MarsSat2,30389.133,34010.461,3621.328,
Contact STARLINK-4631 - MarsSat2,36108.247,45450.599,9342.352,
Contact STARLINK-4631 - MarsSat2,47546.503,56890.819,9344.316,
Contact STARLINK-4631 - MarsSat2,58984.793,68331.119,9346.326,
Contact STARLINK-4631 - MarsSat2,70423.117,74051.299,3628.182,
Contact STARLINK-4631 - MarsSat2,76142.291,85491.719,9349.428,
Contact STARLINK-4631 - MarsSat3,1793.795,5410.558,3616.763,
Contact STARLINK-4631 - MarsSat3,7512.858,16850.452,9337.594,
Contact STARLINK-4631 - MarsSat3,18950.988,28290.447,9339.459,
Contact STARLINK-4631 - MarsSat3,30389.166,34010.488,3621.323,
Contact STARLINK-4631 - MarsSat3,36108.280,45450.638,9342.358,
Contact STARLINK-4631 - MarsSat3,47546.544,56890.864,9344.320,
Contact STARLINK-4631 - MarsSat3,58984.841,68331.158,9346.318,
Contact STARLINK-4631 - MarsSat3,70423.163,74051.330,3628.167,
Contact STARLINK-4631 - MarsSat3,76142.332,85491.721,9349.390,
Contact STARLINK-4631 - MarsSat4,1793.748,5410.546,3616.798,
Contact STARLINK-4631 - MarsSat4,13231.920,16850.460,3618.540,
Contact STARLINK-4631 - MarsSat4,18950.994,28290.468,9339.474,
Contact STARLINK-4631 - MarsSat4,30389.188,34010.511,3621.323,
Contact STARLINK-4631 - MarsSat4,36108.307,45450.631,9342.324,
Contact STARLINK-4631 - MarsSat4,47546.551,56890.820,9344.270,
Contact STARLINK-4631 - MarsSat4,58984.805,68331.119,9346.315,
Contact STARLINK-4631 - MarsSat4,70423.123,73689.522,3266.399,
Contact STARLINK-4631 - MarsSat4,76142.293,85491.671,9349.379,
Contact STARLINK-31539 - STARLINK-5807,0.000,391.831,391.831,
Contact STARLINK-31539 - STARLINK-5807,13704.187,14581.123,876.935,
Contact STARLINK-31539 - STARLINK-5807,25094.232,25884.430,790.198,
Contact STARLINK-31539 - STARLINK-5807,39407.462,39938.830,531.368,
Contact STARLINK-31539 - STARLINK-30367,17313.351,18534.698,1221.347,
Contact STARLINK-31539 - STARLINK-30367,25581.169,35837.696,10256.527,
Contact STARLINK-31539 - STARLINK-30367,39623.453,49886.625,10263.171,
Contact STARLINK-31539 - STARLINK-30367,51104.065,58156.384,7052.319,
Contact STARLINK-31539 - STARLINK-5151,53338.492,54454.538,1116.046,
Contact STARLINK-31539 - STARLINK-5151,61316.994,86400.000,25083.006,
Contact STARLINK-31539 - STARLINK-2388,0.000,555.040,555.040,
Contact STARLINK-31539 - STARLINK-2388,13676.121,14641.308,965.187,
Contact STARLINK-31539 - STARLINK-2388,25014.677,25873.959,859.282,
Contact STARLINK-31539 - STARLINK-2388,39246.703,39856.564,609.861,
Contact STARLINK-31539 - STARLINK-1700,0.000,59.272,59.272,
Contact STARLINK-31539 - STARLINK-1700,10438.384,11385.219,946.834,
Contact STARLINK-31539 - STARLINK-1700,24593.559,25496.871,903.312,
Contact STARLINK-31539 - STARLINK-1700,35957.892,36746.174,788.281,
Contact STARLINK-31539 - STARLINK-1700,50232.554,50739.419,506.866,
Contact STARLINK-31539 - STARLINK-31463,0.000,7190.495,7190.495,
Contact STARLINK-31539 - STARLINK-31463,10810.526,21157.648,10347.122,
Contact STARLINK-31539 - STARLINK-31463,22080.246,32307.859,10227.613,
Contact STARLINK-31539 - STARLINK-31463,36167.956,46217.599,10049.643,
Contact STARLINK-31539 - STARLINK-31463,47454.843,54585.916,7131.073,
Contact STARLINK-31539 - STARLINK-31463,64401.422,71271.003,6869.582,
Contact STARLINK-31539 - STARLINK-31463,78562.220,79580.375,1018.156,
Contact STARLINK-31539 - MoonARTEMIS1,0.000,2338.023,2338.023,
Contact STARLINK-31539 - MoonARTEMIS1,4467.468,13578.711,9111.243,
Contact STARLINK-31539 - MoonARTEMIS1,15700.359,24831.368,9131.008,
Contact STARLINK-31539 - MoonARTEMIS1,26944.030,30460.477,3516.447,
Contact STARLINK-31539 - MoonARTEMIS1,33952.817,41660.077,7707.260,
Contact STARLINK-31539 - MoonARTEMIS1,43752.802,52874.033,9121.231,
Contact STARLINK-31539 - MoonARTEMIS1,54963.000,64097.078,9134.078,
Contact STARLINK-31539 - MoonARTEMIS1,66180.835,75327.384,9146.549,
Contact STARLINK-31539 - MoonARTEMIS1,77405.136,80945.093,3539.957,
Contact STARLINK-31539 - MoonARTEMIS1,83019.653,86400.000,3380.347,
Contact STARLINK-31539 - MoonARTEMIS2,0.000,2437.176,2437.176,
Contact STARLINK-31539 - MoonARTEMIS2,4553.381,13660.916,9107.535,
Contact STARLINK-31539 - MoonARTEMIS2,15769.263,24880.220,9110.957,
Contact STARLINK-31539 - MoonARTEMIS2,26980.581,30487.393,3506.812,
Contact STARLINK-31539 - MoonARTEMIS2,32583.590,41692.191,9108.601,
Contact STARLINK-31539 - MoonARTEMIS2,43778.740,47296.088,3517.348,
Contact STARLINK-31539 - MoonARTEMIS2,55016.808,64181.122,9164.314,
Contact STARLINK-31539 - MoonARTEMIS2,66261.023,75428.418,9167.395,
Contact STARLINK-31539 - MoonARTEMIS2,77500.127,81050.358,3550.232,
Contact STARLINK-31539 - MoonARTEMIS2,83118.389,86400.000,3281.611,
Contact STARLINK-31539 - MoonIOAGEO,0.000,2365.582,2365.582,
Contact STARLINK-31539 - MoonIOAGEO,4489.052,13010.135,8521.083,
Contact STARLINK-31539 - MoonIOAGEO,17254.179,24856.359,7602.179,
Contact STARLINK-31539 - MoonIOAGEO,26959.258,30468.690,3509.432,
Contact STARLINK-31539 - MoonIOAGEO,32565.216,41674.412,9109.196,
Contact STARLINK-31539 - MoonIOAGEO,43767.193,52903.636,9136.443,
Contact STARLINK-31539 - MoonIOAGEO,66242.044,75398.347,9156.303,
Contact STARLINK-31539 - MoonIOAGEO,77464.016,81002.062,3538.046,
Contact STARLINK-31539 - MoonIOAGEO,83065.078,86400.000,3334.922,
Contact STARLINK-31539 - MoonIOAGNO,0.000,2367.714,2367.714,
Contact STARLINK-31539 - MoonIOAGNO,4492.099,13623.102,9131.003,
Contact STARLINK-31539 - MoonIOAGNO,15739.687,24843.198,9103.512,
Contact STARLINK-31539 - MoonIOAGNO,26955.410,30450.888,3495.478,
Contact STARLINK-31539 - MoonIOAGNO,32559.799,41670.253,9110.454,
Contact STARLINK-31539 - MoonIOAGNO,43768.958,52925.799,9156.841,
Contact STARLINK-31539 - MoonIOAGNO,55016.481,64158.390,9141.909,
Contact STARLINK-31539 - MoonIOAGNO,66244.032,75376.991,9132.959,
Contact STARLINK-31539 - MoonIOAGNO,77456.810,80987.745,3530.935,
Contact STARLINK-31539 - MoonIOAGNO,83062.568,86400.000,3337.432,
Contact STARLINK-31539 - MoonIOAGNO 0001,0.000,2387.044,2387.044,
Contact STARLINK-31539 - MoonIOAGNO 0001,4513.707,13601.301,9087.594,
Contact STARLINK-31539 - MoonIOAGNO 0001,15720.788,24825.299,9104.510,
Contact STARLINK-31539 - MoonIOAGNO 0001,26934.578,30458.976,3524.398,
Contact STARLINK-31539 - MoonIOAGNO 0001,32566.388,41694.733,9128.345,
Contact STARLINK-31539 - MoonIOAGNO 0001,43794.614,52912.056,9117.442,
Contact STARLINK-31539 - MoonIOAGNO 0001,55006.147,64134.284,9128.137,
Contact STARLINK-31539 - MoonIOAGNO 0001,66217.541,75395.180,9177.639,
Contact STARLINK-31539 - MoonIOAGNO 0001,77470.538,81013.911,3543.373,
Contact STARLINK-31539 - MoonIOAGNO 0001,83087.361,86400.000,3312.639,
Contact STARLINK-31539 - MoonIOAGSO,0.000,2382.341,2382.341,
Contact STARLINK-31539 - MoonIOAGSO,4503.301,7993.850,3490.548,
Contact STARLINK-31539 - MoonIOAGSO,15721.168,24848.257,9127.089,
Contact STARLINK-31539 - MoonIOAGSO,26942.987,30464.357,3521.370,
Contact STARLINK-31539 - MoonIOAGSO,32555.307,41692.184,9136.877,
Contact STARLINK-31539 - MoonIOAGSO,43781.025,52215.864,8434.838,
Contact STARLINK-31539 - MoonIOAGSO,55046.284,64161.206,9114.922,
Contact STARLINK-31539 - MoonIOAGSO,66228.304,75399.813,9171.509,
Contact STARLINK-31539 - MoonIOAGSO,77458.521,81015.688,3557.167,
Contact STARLINK-31539 - MoonIOAGSO,83073.590,86400.000,3326.410,
Contact STARLINK-31539 - MoonIOAGSO 0001,0.000,2388.329,2388.329,
Contact STARLINK-31539 - MoonIOAGSO 0001,4499.782,13616.817,9117.035,
Contact STARLINK-31539 - MoonIOAGSO 0001,15722.269,24840.506,9118.236,
Contact STARLINK-31539 - MoonIOAGSO 0001,26946.021,30452.391,3506.371,
Contact STARLINK-31539 - MoonIOAGSO 0001,33384.296,41693.989,8309.693,
Contact STARLINK-31539 - MoonIOAGSO 0001,43777.539,52930.184,9152.644,
Contact STARLINK-31539 - MoonIOAGSO 0001,55004.540,64158.687,9154.147,
Contact STARLINK-31539 - MoonIOAGSO 0001,66232.035,73943.583,7711.548,
Contact STARLINK-31539 - MoonIOAGSO 0001,77453.037,81008.348,3555.311,
Contact STARLINK-31539 - MoonIOAGSO 0001,83067.821,86400.000,3332.179,
Contact STARLINK-31539 - MoonLRO,6849.764,7996.004,1146.241,
Contact STARLINK-31539 - MoonLRO,21332.250,24467.570,3135.320,
Contact STARLINK-31539 - MoonLRO,27305.172,30456.074,3150.902,
Contact STARLINK-31539 - MoonLRO,34152.956,36071.921,1918.965,
Contact STARLINK-31539 - MoonLRO,49392.272,51811.239,2418.967,
Contact STARLINK-31539 - MoonLRO,55000.979,58533.604,3532.625,
Contact STARLINK-31539 - MoonLRO,68293.574,72306.182,4012.609,
Contact STARLINK-31539 - MarsSat1,158.462,9346.058,9187.597,
Contact STARLINK-31539 - MarsSat1,11356.595,20539.195,9182.600,
Contact STARLINK-31539 - MarsSat1,22554.573,31732.255,9177.682,
Contact STARLINK-31539 - MarsSat1,33752.365,42925.215,9172.850,
Contact STARLINK-31539 - MarsSat1,44949.953,48521.655,3571.701,
Contact STARLINK-31539 - MarsSat1,50548.672,59714.464,9165.792,
Contact STARLINK-31539 - MarsSat1,61745.977,70907.209,9161.233,
Contact STARLINK-31539 - MarsSat1,72943.135,82099.925,9156.791,
Contact STARLINK-31539 - MarsSat1,84140.178,86400.000,2259.822,
Contact STARLINK-31539 - MarsSat2,158.522,9346.053,9187.530,
Contact STARLINK-31539 - MarsSat2,11356.576,20539.103,9182.527,
Contact STARLINK-31539 - MarsSat2,22554.492,31732.116,9177.624,
Contact STARLINK-31539 - MarsSat2,33752.257,42925.078,9172.821,
Contact STARLINK-31539 - MarsSat2,44949.868,48521.539,3571.671,
Contact STARLINK-31539 - MarsSat2,50548.615,59714.419,9165.804,
Contact STARLINK-31539 - MarsSat2,61745.992,70907.243,9161.251,
Contact STARLINK-31539 - MarsSat2,72943.217,82100.015,9156.797,
Contact STARLINK-31539 - MarsSat2,84140.292,86400.000,2259.708,
Contact STARLINK-31539 - MarsSat3,158.554,9346.130,9187.576,
Contact STARLINK-31539 - MarsSat3,11356.603,20539.160,9182.557,
Contact STARLINK-31539 - MarsSat3,22554.504,31732.153,9177.650,
Contact STARLINK-31539 - MarsSat3,33752.283,42925.120,9172.837,
Contact STARLINK-31539 - MarsSat3,44949.911,48521.585,3571.675,
Contact STARLINK-31539 - MarsSat3,50548.662,59714.472,9165.810,
Contact STARLINK-31539 - MarsSat3,61746.038,70907.296,9161.257,
Contact STARLINK-31539 - MarsSat3,72943.246,82100.050,9156.804,
Contact STARLINK-31539 - MarsSat3,84140.289,86400.000,2259.711,
Contact STARLINK-31539 - MarsSat4,158.542,9031.040,8872.498,
Contact STARLINK-31539 - MarsSat4,11356.620,20539.170,9182.550,
Contact STARLINK-31539 - MarsSat4,22554.524,31732.180,9177.657,
Contact STARLINK-31539 - MarsSat4,33752.305,41360.077,7607.772,
Contact STARLINK-31539 - MarsSat4,44949.885,48521.592,3571.707,
Contact STARLINK-31539 - MarsSat4,50548.609,59714.431,9165.822,
Contact STARLINK-31539 - MarsSat4,61745.988,70907.251,9161.263,
Contact STARLINK-31539 - MarsSat4,75534.573,82099.992,6565.419,
Contact STARLINK-31539 - MarsSat4,84140.236,86400.000,2259.764,
Contact STARLINK-5807 - STARLINK-31722,71972.804,72596.653,623.850,
Contact STARLINK-5807 - STARLINK-31722,86072.473,86400.000,327.527,
Contact STARLINK-5807 - STARLINK-1581,7078.244,7404.579,326.336,
Contact STARLINK-5807 - STARLINK-1581,21158.584,21789.107,630.523,
Contact STARLINK-5807 - STARLINK-1581,35297.697,36114.074,816.376,
Contact STARLINK-5807 - STARLINK-1581,46646.887,47535.574,888.687,
Contact STARLINK-5807 - STARLINK-1581,60873.717,61772.133,898.416,
Contact STARLINK-5807 - STARLINK-1581,75126.098,75982.470,856.373,
Contact STARLINK-5807 - STARLINK-4290,64563.043,65096.485,533.441,
Contact STARLINK-5807 - STARLINK-4290,78810.153,79486.932,676.780,
Contact STARLINK-5807 - STARLINK-5151,10253.715,10899.579,645.864,
Contact STARLINK-5807 - STARLINK-2388,0.000,86400.000,86400.000,
Contact STARLINK-5807 - STARLINK-1700,0.000,33152.808,33152.808,
Contact STARLINK-5807 - STARLINK-31463,0.000,232.360,232.360,
Contact STARLINK-5807 - STARLINK-31463,10655.342,14708.486,4053.144,
Contact STARLINK-5807 - STARLINK-31463,24749.854,31852.814,7102.960,
Contact STARLINK-5807 - STARLINK-31463,39011.424,40337.461,1326.038,
Contact STARLINK-5807 - STARLINK-31463,53409.003,54378.313,969.311,
Contact STARLINK-5807 - MoonARTEMIS1,0.000,2080.263,2080.263,
Contact STARLINK-5807 - MoonARTEMIS1,4032.970,13648.069,9615.098,
Contact STARLINK-5807 - MoonARTEMIS1,15561.930,31028.470,15466.539,
Contact STARLINK-5807 - MoonARTEMIS1,33938.193,42560.136,8621.943,
Contact STARLINK-5807 - MoonARTEMIS1,44381.594,59887.198,15505.603,
Contact STARLINK-5807 - MoonARTEMIS1,61671.317,71452.945,9781.628,
Contact STARLINK-5807 - MoonARTEMIS1,73199.025,86400.000,13200.975,
Contact STARLINK-5807 - MoonARTEMIS2,0.000,2164.423,2164.423,
Contact STARLINK-5807 - MoonARTEMIS2,4031.923,13722.769,9690.846,
Contact STARLINK-5807 - MoonARTEMIS2,15559.548,31053.928,15494.380,
Contact STARLINK-5807 - MoonARTEMIS2,32853.520,42594.115,9740.595,
Contact STARLINK-5807 - MoonARTEMIS2,44384.669,47396.285,3011.616,
Contact STARLINK-5807 - MoonARTEMIS2,51355.075,59975.708,8620.633,
Contact STARLINK-5807 - MoonARTEMIS2,61666.368,71579.641,9913.273,
Contact STARLINK-5807 - MoonARTEMIS2,73189.430,86400.000,13210.570,
Contact STARLINK-5807 - MoonIOAGEO,0.000,2104.195,2104.195,
Contact STARLINK-5807 - MoonIOAGEO,4034.748,13050.281,9015.533,
Contact STARLINK-5807 - MoonIOAGEO,17294.653,31038.672,13744.019,
Contact STARLINK-5807 - MoonIOAGEO,32859.121,42574.643,9715.522,
Contact STARLINK-5807 - MoonIOAGEO,44380.977,54145.671,9764.694,
Contact STARLINK-5807 - MoonIOAGEO,61674.439,71553.728,9879.289,
Contact STARLINK-5807 - MoonIOAGEO,73206.323,86400.000,13193.677,
Contact STARLINK-5807 - MoonIOAGNO,0.000,2102.535,2102.535,
Contact STARLINK-5807 - MoonIOAGNO,4036.915,13682.349,9645.434,
Contact STARLINK-5807 - MoonIOAGNO,15549.690,30994.986,15445.295,
Contact STARLINK-5807 - MoonIOAGNO,32826.023,42562.691,9736.668,
Contact STARLINK-5807 - MoonIOAGNO,44373.347,59951.916,15578.568,
Contact STARLINK-5807 - MoonIOAGNO,61647.749,71506.242,9858.493,
Contact STARLINK-5807 - MoonIOAGNO,73164.754,86400.000,13235.246,
Contact STARLINK-5807 - MoonIOAGNO 0001,0.000,2100.698,2100.698,
Contact STARLINK-5807 - MoonIOAGNO 0001,4009.492,13648.910,9639.419,
Contact STARLINK-5807 - MoonIOAGNO 0001,15541.398,31033.200,15491.802,
Contact STARLINK-5807 - MoonIOAGNO 0001,32853.737,42579.986,9726.250,
Contact STARLINK-5807 - MoonIOAGNO 0001,44352.391,59916.941,15564.550,
Contact STARLINK-5807 - MoonIOAGNO 0001,61652.437,71522.357,9869.919,
Contact STARLINK-5807 - MoonIOAGNO 0001,73210.779,86400.000,13189.221,
Contact STARLINK-5807 - MoonIOAGSO,0.000,2124.655,2124.655,
Contact STARLINK-5807 - MoonIOAGSO,4037.460,7890.785,3853.325,
Contact STARLINK-5807 - MoonIOAGSO,15584.320,31056.475,15472.155,
Contact STARLINK-5807 - MoonIOAGSO,32888.683,42605.896,9717.213,
Contact STARLINK-5807 - MoonIOAGSO,44393.016,52220.813,7827.797,
Contact STARLINK-5807 - MoonIOAGSO,55921.799,59970.238,4048.439,
Contact STARLINK-5807 - MoonIOAGSO,61704.334,71563.875,9859.541,
Contact STARLINK-5807 - MoonIOAGSO,73243.484,86400.000,13156.516,
Contact STARLINK-5807 - MoonIOAGSO 0001,0.000,2151.517,2151.517,
Contact STARLINK-5807 - MoonIOAGSO 0001,4069.808,13706.617,9636.809,
Contact STARLINK-5807 - MoonIOAGSO 0001,15590.267,30486.889,14896.622,
Contact STARLINK-5807 - MoonIOAGSO 0001,33436.360,42620.444,9184.084,
Contact STARLINK-5807 - MoonIOAGSO 0001,44417.767,59976.395,15558.628,
Contact STARLINK-5807 - MoonIOAGSO 0001,61698.379,71518.975,9820.596,
Contact STARLINK-5807 - MoonIOAGSO 0001,78984.526,86400.000,7415.474,
Contact STARLINK-5807 - MoonLRO,6812.931,10811.201,3998.269,
Contact STARLINK-5807 - MoonLRO,21335.252,24436.842,3101.590,
Contact STARLINK-5807 - MoonLRO,27339.512,31018.357,3678.845,
Contact STARLINK-5807 - MoonLRO,34149.937,36805.428,2655.490,
Contact STARLINK-5807 - MoonLRO,50145.204,51801.119,1655.915,
Contact STARLINK-5807 - MoonLRO,55916.119,58611.310,2695.191,
Contact STARLINK-5807 - MoonLRO,61682.549,71524.700,9842.152,
Contact STARLINK-5807 - MoonLRO,75091.986,77321.109,2229.123,
Contact STARLINK-5807 - MoonLRO,81904.049,83115.577,1211.528,
Contact STARLINK-5807 - MarsSat1,0.000,10019.995,10019.995,
Contact STARLINK-5807 - MarsSat1,11464.162,21541.025,10076.863,
Contact STARLINK-5807 - MarsSat1,22994.707,38822.308,15827.601,
Contact STARLINK-5807 - MarsSat1,40290.184,50343.038,10052.854,
Contact STARLINK-5807 - MarsSat1,51820.243,67623.998,15803.756,
Contact STARLINK-5807 - MarsSat1,69115.044,79144.535,10029.491,
Contact STARLINK-5807 - MarsSat1,80644.806,84904.762,4259.956,
Contact STARLINK-5807 - MarsSat2,0.000,10020.009,10020.009,
Contact STARLINK-5807 - MarsSat2,11464.131,21541.144,10077.013,
Contact STARLINK-5807 - MarsSat2,22994.581,38822.522,15827.941,
Contact STARLINK-5807 - MarsSat2,40290.054,50343.263,10053.209,
Contact STARLINK-5807 - MarsSat2,51820.213,67624.143,15803.930,
Contact STARLINK-5807 - MarsSat2,69115.198,79144.588,10029.390,
Contact STARLINK-5807 - MarsSat2,80645.015,84904.771,4259.756,
Contact STARLINK-5807 - MarsSat3,0.000,10019.809,10019.809,
Contact STARLINK-5807 - MarsSat3,11464.142,21540.975,10076.833,
Contact STARLINK-5807 - MarsSat3,22994.571,38822.487,15827.916,
Contact STARLINK-5807 - MarsSat3,40290.114,50343.235,10053.121,
Contact STARLINK-5807 - MarsSat3,51820.292,67624.060,15803.769,
Contact STARLINK-5807 - MarsSat3,69115.237,79144.463,10029.226,
Contact STARLINK-5807 - MarsSat3,80644.988,84904.632,4259.644,
Contact STARLINK-5807 - MarsSat4,0.000,9031.059,9031.059,
Contact STARLINK-5807 - MarsSat4,11464.188,21540.994,10076.806,
Contact STARLINK-5807 - MarsSat4,22994.612,38822.386,15827.773,
Contact STARLINK-5807 - MarsSat4,43179.624,50343.068,7163.444,
Contact STARLINK-5807 - MarsSat4,51820.151,67624.107,15803.956,
Contact STARLINK-5807 - MarsSat4,69115.180,79144.468,10029.288,
Contact STARLINK-5807 - MarsSat4,80644.893,84904.718,4259.826,
Contact STARLINK-31722 - STARLINK-1581,3177.472,10195.373,7017.901,
Contact STARLINK-31722 - STARLINK-1581,11577.213,18636.922,7059.709,
Contact STARLINK-31722 - STARLINK-1581,25606.399,35487.347,9880.949,
Contact STARLINK-31722 - STARLINK-1581,42445.096,43896.304,1451.209,
Contact STARLINK-31722 - STARLINK-1581,50861.926,60725.012,9863.086,
Contact STARLINK-31722 - STARLINK-1581,67721.914,69145.106,1423.192,
Contact STARLINK-31722 - STARLINK-1581,76165.359,85953.277,9787.917,
Contact STARLINK-31722 - STARLINK-4290,6437.383,7644.802,1207.419,
Contact STARLINK-31722 - STARLINK-4290,17811.635,21641.524,3829.889,
Contact STARLINK-31722 - STARLINK-4290,32127.116,32774.526,647.410,
Contact STARLINK-31722 - STARLINK-6142,6983.567,10863.578,3880.011,
Contact STARLINK-31722 - STARLINK-6142,21274.051,22076.784,802.733,
Contact STARLINK-31722 - STARLINK-3167,50050.716,50921.244,870.528,
Contact STARLINK-31722 - STARLINK-3167,64013.787,65142.092,1128.305,
Contact STARLINK-31722 - STARLINK-3167,75218.519,82141.295,6922.776,
Contact STARLINK-31722 - STARLINK-5049,0.000,623.337,623.337,
Contact STARLINK-31722 - STARLINK-5049,7840.548,14790.854,6950.306,
Contact STARLINK-31722 - STARLINK-5049,24940.279,28826.439,3886.160,
Contact STARLINK-31722 - STARLINK-5049,39393.031,39903.714,510.683,
Contact STARLINK-31722 - MoonARTEMIS1,1459.922,10567.778,9107.856,
Contact STARLINK-31722 - MoonARTEMIS1,12699.487,16195.182,3495.695,
Contact STARLINK-31722 - MoonARTEMIS1,18322.289,27460.656,9138.368,
Contact STARLINK-31722 - MoonARTEMIS1,35179.112,38683.991,3504.879,
Contact STARLINK-31722 - MoonARTEMIS1,40783.383,49905.942,9122.559,
Contact STARLINK-31722 - MoonARTEMIS1,52001.453,55520.900,3519.447,
Contact STARLINK-31722 - MoonARTEMIS1,63227.353,66756.794,3529.441,
Contact STARLINK-31722 - MoonARTEMIS1,68842.679,77999.894,9157.215,
Contact STARLINK-31722 - MoonARTEMIS1,80077.836,86400.000,6322.164,
Contact STARLINK-31722 - MoonARTEMIS2,1543.014,10652.760,9109.746,
Contact STARLINK-31722 - MoonARTEMIS2,12769.562,16268.937,3499.375,
Contact STARLINK-31722 - MoonARTEMIS2,18381.476,27497.527,9116.051,
Contact STARLINK-31722 - MoonARTEMIS2,29601.393,38717.348,9115.955,
Contact STARLINK-31722 - MoonARTEMIS2,40811.778,47453.274,6641.496,
Contact STARLINK-31722 - MoonARTEMIS2,52042.993,55581.714,3538.721,
Contact STARLINK-31722 - MoonARTEMIS2,57671.376,66845.278,9173.902,
Contact STARLINK-31722 - MoonARTEMIS2,68922.902,78103.392,9180.490,
Contact STARLINK-31722 - MoonARTEMIS2,80170.387,86400.000,6229.613,
Contact STARLINK-31722 - MoonIOAGEO,1482.950,10592.289,9109.339,
Contact STARLINK-31722 - MoonIOAGEO,18345.201,27477.112,9131.911,
Contact STARLINK-31722 - MoonIOAGEO,29582.847,38697.925,9115.078,
Contact STARLINK-31722 - MoonIOAGEO,40796.442,49927.811,9131.369,
Contact STARLINK-31722 - MoonIOAGEO,52024.663,55557.864,3533.201,
Contact STARLINK-31722 - MoonIOAGEO,63278.753,66826.706,3547.952,
Contact STARLINK-31722 - MoonIOAGEO,68903.044,78064.195,9161.151,
Contact STARLINK-31722 - MoonIOAGEO,80127.434,86400.000,6272.566,
Contact STARLINK-31722 - MoonIOAGNO,1485.715,10611.084,9125.369,
Contact STARLINK-31722 - MoonIOAGNO,12737.773,16234.524,3496.752,
Contact STARLINK-31722 - MoonIOAGNO,18356.899,27463.721,9106.821,
Contact STARLINK-31722 - MoonIOAGNO,29580.319,38691.050,9110.731,
Contact STARLINK-31722 - MoonIOAGNO,40797.938,49938.197,9140.259,
Contact STARLINK-31722 - MoonIOAGNO,52037.909,55579.657,3541.748,
Contact STARLINK-31722 - MoonIOAGNO,57670.600,66817.438,9146.839,
Contact STARLINK-31722 - MoonIOAGNO,68903.163,78047.809,9144.646,
Contact STARLINK-31722 - MoonIOAGNO,80124.815,86400.000,6275.185,
Contact STARLINK-31722 - MoonIOAGNO 0001,1509.317,10598.966,9089.649,
Contact STARLINK-31722 - MoonIOAGNO 0001,12727.705,16211.794,3484.089,
Contact STARLINK-31722 - MoonIOAGNO 0001,18335.715,27451.626,9115.911,
Contact STARLINK-31722 - MoonIOAGNO 0001,29568.096,38715.432,9147.337,
Contact STARLINK-31722 - MoonIOAGNO 0001,40821.066,49945.663,9124.597,
Contact STARLINK-31722 - MoonIOAGNO 0001,52045.262,55559.875,3514.613,
Contact STARLINK-31722 - MoonIOAGNO 0001,63264.360,66795.445,3531.085,
Contact STARLINK-31722 - MoonIOAGNO 0001,68877.321,78070.378,9193.057,
Contact STARLINK-31722 - MoonIOAGNO 0001,80143.348,86400.000,6256.652,
Contact STARLINK-31722 - MoonIOAGSO,1493.967,8855.226,7361.259,
Contact STARLINK-31722 - MoonIOAGSO,12722.356,16223.853,3501.497,
Contact STARLINK-31722 - MoonIOAGSO,18335.557,27467.322,9131.765,
Contact STARLINK-31722 - MoonIOAGSO,29567.046,38708.332,9141.286,
Contact STARLINK-31722 - MoonIOAGSO,40802.913,49943.083,9140.170,
Contact STARLINK-31722 - MoonIOAGSO,63267.133,66820.288,3553.155,
Contact STARLINK-31722 - MoonIOAGSO,68885.785,78068.785,9183.000,
Contact STARLINK-31722 - MoonIOAGSO,80126.057,86400.000,6273.943,
Contact STARLINK-31722 - MoonIOAGSO 0001,1489.639,10605.943,9116.304,
Contact STARLINK-31722 - MoonIOAGSO 0001,12720.765,16224.988,3504.223,
Contact STARLINK-31722 - MoonIOAGSO 0001,18337.942,27460.113,9122.171,
Contact STARLINK-31722 - MoonIOAGSO 0001,35184.083,38706.217,3522.134,
Contact STARLINK-31722 - MoonIOAGSO 0001,40799.044,49953.675,9154.631,
Contact STARLINK-31722 - MoonIOAGSO 0001,52033.873,55576.009,3542.136,
Contact STARLINK-31722 - MoonIOAGSO 0001,63272.331,66815.193,3542.861,
Contact STARLINK-31722 - MoonIOAGSO 0001,68891.185,72430.611,3539.426,
Contact STARLINK-31722 - MoonIOAGSO 0001,80121.188,86400.000,6278.812,
Contact STARLINK-31722 - MoonLRO,1494.300,10602.804,9108.503,
Contact STARLINK-31722 - MoonLRO,13656.673,16223.111,2566.437,
Contact STARLINK-31722 - MoonLRO,20504.194,21841.339,1337.145,
Contact STARLINK-31722 - MoonLRO,35185.585,38139.230,2953.645,
Contact STARLINK-31722 - MoonLRO,40955.102,44324.779,3369.676,
Contact STARLINK-31722 - MoonLRO,63272.682,65484.582,2211.901,
Contact STARLINK-31722 - MoonLRO,68886.338,78058.338,9172.000,
Contact STARLINK-31722 - MoonLRO,81943.960,83682.151,1738.191,
Contact STARLINK-31722 - MarsSat1,0.000,6384.517,6384.517,
Contact STARLINK-31722 - MarsSat1,8340.406,17590.913,9250.507,
Contact STARLINK-31722 - MarsSat1,19552.639,28797.210,9244.572,
Contact STARLINK-31722 - MarsSat1,30764.662,34400.312,3635.649,
Contact STARLINK-31722 - MarsSat1,36370.587,45606.409,9235.822,
Contact STARLINK-31722 - MarsSat1,47582.260,56812.373,9230.112,
Contact STARLINK-31722 - MarsSat1,58793.713,68018.232,9224.519,
Contact STARLINK-31722 - MarsSat1,70004.980,73621.135,3616.155,
Contact STARLINK-31722 - MarsSat1,75610.557,84826.911,9216.354,
Contact STARLINK-31722 - MarsSat2,0.000,6384.541,6384.541,
Contact STARLINK-31722 - MarsSat2,8340.409,17590.835,9250.427,
Contact STARLINK-31722 - MarsSat2,19552.572,28797.069,9244.496,
Contact STARLINK-31722 - MarsSat2,30764.559,34400.157,3635.597,
Contact STARLINK-31722 - MarsSat2,36370.484,45606.271,9235.787,
Contact STARLINK-31722 - MarsSat2,47582.193,56812.301,9230.107,
Contact STARLINK-31722 - MarsSat2,58793.718,68018.247,9224.529,
Contact STARLINK-31722 - MarsSat2,70005.059,73621.189,3616.130,
Contact STARLINK-31722 - MarsSat2,75610.662,84827.013,9216.351,
Contact STARLINK-31722 - MarsSat3,0.000,6384.618,6384.618,
Contact STARLINK-31722 - MarsSat3,8340.432,17590.906,9250.475,
Contact STARLINK-31722 - MarsSat3,19552.577,28797.112,9244.535,
Contact STARLINK-31722 - MarsSat3,30764.577,34400.197,3635.620,
Contact STARLINK-31722 - MarsSat3,36370.514,45606.318,9235.804,
Contact STARLINK-31722 - MarsSat3,47582.241,56812.357,9230.116,
Contact STARLINK-31722 - MarsSat3,58793.767,68018.305,9224.538,
Contact STARLINK-31722 - MarsSat3,70005.092,73621.243,3616.150,
Contact STARLINK-31722 - MarsSat3,75610.681,84827.045,9216.364,
Contact STARLINK-31722 - MarsSat4,0.000,6384.581,6384.581,
Contact STARLINK-31722 - MarsSat4,13946.540,17590.911,3644.372,
Contact STARLINK-31722 - MarsSat4,19552.594,28797.137,9244.542,
Contact STARLINK-31722 - MarsSat4,30764.602,34400.229,3635.627,
Contact STARLINK-31722 - MarsSat4,36370.529,45606.343,9235.814,
Contact STARLINK-31722 - MarsSat4,47582.185,56812.322,9230.136,
Contact STARLINK-31722 - MarsSat4,58793.706,68018.254,9224.548,
Contact STARLINK-31722 - MarsSat4,70005.052,73621.198,3616.146,
Contact STARLINK-31722 - MarsSat4,75610.632,84826.975,9216.343,
Contact STARLINK-1581 - STARLINK-4290,0.000,21945.606,21945.606,
Contact STARLINK-1581 - STARLINK-2388,46768.597,47320.849,552.252,
Contact STARLINK-1581 - STARLINK-2388,60852.124,61548.797,696.673,
Contact STARLINK-1581 - STARLINK-2388,74946.899,75765.123,818.224,
Contact STARLINK-1581 - STARLINK-2388,86239.884,86400.000,160.116,
Contact STARLINK-1581 - STARLINK-3167,0.000,401.447,401.447,
Contact STARLINK-1581 - STARLINK-3167,13726.711,14551.349,824.638,
Contact STARLINK-1581 - STARLINK-3167,25022.882,25867.015,844.134,
Contact STARLINK-1581 - STARLINK-3167,39147.810,40006.879,859.069,
Contact STARLINK-1581 - STARLINK-3167,53278.160,54141.077,862.917,
Contact STARLINK-1581 - STARLINK-3167,64586.172,65444.713,858.541,
Contact STARLINK-1581 - STARLINK-3167,78725.446,79570.052,844.605,
Contact STARLINK-1581 - STARLINK-1700,71849.227,72633.395,784.169,
Contact STARLINK-1581 - STARLINK-1700,85927.577,86400.000,472.423,
Contact STARLINK-1581 - MoonARTEMIS1,1238.149,10391.492,9153.343,
Contact STARLINK-1581 - MoonARTEMIS1,12522.524,16026.394,3503.870,
Contact STARLINK-1581 - MoonARTEMIS1,18165.453,27299.121,9133.668,
Contact STARLINK-1581 - MoonARTEMIS1,35083.095,38560.519,3477.424,
Contact STARLINK-1581 - MoonARTEMIS1,40713.958,49822.090,9108.132,
Contact STARLINK-1581 - MoonARTEMIS1,51980.586,55454.040,3473.454,
Contact STARLINK-1581 - MoonARTEMIS1,63250.500,66719.689,3469.189,
Contact STARLINK-1581 - MoonARTEMIS1,68886.237,77987.502,9101.265,
Contact STARLINK-1581 - MoonARTEMIS1,80158.869,86400.000,6241.131,
Contact STARLINK-1581 - MoonARTEMIS2,1294.455,10419.981,9125.526,
Contact STARLINK-1581 - MoonARTEMIS2,12566.890,16051.478,3484.588,
Contact STARLINK-1581 - MoonARTEMIS2,18201.804,27313.007,9111.203,
Contact STARLINK-1581 - MoonARTEMIS2,29468.576,38571.231,9102.655,
Contact STARLINK-1581 - MoonARTEMIS2,40729.240,47413.882,6684.641,
Contact STARLINK-1581 - MoonARTEMIS2,52001.731,55474.385,3472.654,
Contact STARLINK-1581 - MoonARTEMIS2,63284.988,66750.793,3465.805,
Contact STARLINK-1581 - MoonARTEMIS2,68924.468,78024.994,9100.526,
Contact STARLINK-1581 - MoonARTEMIS2,80200.616,86400.000,6199.384,
Contact STARLINK-1581 - MoonIOAGEO,1254.059,10398.446,9144.387,
Contact STARLINK-1581 - MoonIOAGEO,18177.960,27302.142,9124.182,
Contact STARLINK-1581 - MoonIOAGEO,29455.897,38564.423,9108.526,
Contact STARLINK-1581 - MoonIOAGEO,40721.349,49829.793,9108.444,
Contact STARLINK-1581 - MoonIOAGEO,51992.939,55465.789,3472.850,
Contact STARLINK-1581 - MoonIOAGEO,63273.523,66739.140,3465.617,
Contact STARLINK-1581 - MoonIOAGEO,68911.716,78005.300,9093.583,
Contact STARLINK-1581 - MoonIOAGEO,80178.768,86400.000,6221.232,
Contact STARLINK-1581 - MoonIOAGNO,1257.952,10402.186,9144.235,
Contact STARLINK-1581 - MoonIOAGNO,12547.816,16047.523,3499.707,
Contact STARLINK-1581 - MoonIOAGNO,18193.142,27318.380,9125.238,
Contact STARLINK-1581 - MoonIOAGNO,29466.648,38575.469,9108.821,
Contact STARLINK-1581 - MoonIOAGNO,40728.328,49827.210,9098.882,
Contact STARLINK-1581 - MoonIOAGNO,51995.983,55474.933,3478.950,
Contact STARLINK-1581 - MoonIOAGNO,63289.061,66754.366,3465.304,
Contact STARLINK-1581 - MoonIOAGNO,68925.432,78017.160,9091.728,
Contact STARLINK-1581 - MoonIOAGNO,80188.409,86400.000,6211.591,
Contact STARLINK-1581 - MoonIOAGNO 0001,1280.080,10417.460,9137.379,
Contact STARLINK-1581 - MoonIOAGNO 0001,12548.974,16044.442,3495.468,
Contact STARLINK-1581 - MoonIOAGNO 0001,18179.734,27293.507,9113.773,
Contact STARLINK-1581 - MoonIOAGNO 0001,29445.617,38581.527,9135.910,
Contact STARLINK-1581 - MoonIOAGNO 0001,40742.653,49851.595,9108.942,
Contact STARLINK-1581 - MoonIOAGNO 0001,52013.906,55481.503,3467.598,
Contact STARLINK-1581 - MoonIOAGNO 0001,63273.698,66734.579,3460.881,
Contact STARLINK-1581 - MoonIOAGNO 0001,68901.668,78014.271,9112.603,
Contact STARLINK-1581 - MoonIOAGNO 0001,80192.657,86400.000,6207.343,
Contact STARLINK-1581 - MoonIOAGSO,1258.256,8834.794,7576.538,
Contact STARLINK-1581 - MoonIOAGSO,12532.972,16021.461,3488.489,
Contact STARLINK-1581 - MoonIOAGSO,18164.442,27281.259,9116.817,
Contact STARLINK-1581 - MoonIOAGSO,29436.751,38554.299,9117.548,
Contact STARLINK-1581 - MoonIOAGSO,40717.803,49837.354,9119.551,
Contact STARLINK-1581 - MoonIOAGSO,63257.623,66719.738,3462.115,
Contact STARLINK-1581 - MoonIOAGSO,68892.011,77991.049,9099.037,
Contact STARLINK-1581 - MoonIOAGSO,80167.942,86400.000,6232.058,
Contact STARLINK-1581 - MoonIOAGSO 0001,1248.111,10382.352,9134.241,
Contact STARLINK-1581 - MoonIOAGSO 0001,12525.808,16019.493,3493.685,
Contact STARLINK-1581 - MoonIOAGSO 0001,18167.695,27302.260,9134.566,
Contact STARLINK-1581 - MoonIOAGSO 0001,35081.288,38553.907,3472.618,
Contact STARLINK-1581 - MoonIOAGSO 0001,40712.549,49816.490,9103.941,
Contact STARLINK-1581 - MoonIOAGSO 0001,51984.231,55452.544,3468.313,
Contact STARLINK-1581 - MoonIOAGSO 0001,63264.825,66732.883,3468.057,
Contact STARLINK-1581 - MoonIOAGSO 0001,68908.012,72373.889,3465.878,
Contact STARLINK-1581 - MoonIOAGSO 0001,80169.018,86400.000,6230.982,
Contact STARLINK-1581 - MoonLRO,1258.846,10404.447,9145.601,
Contact STARLINK-1581 - MoonLRO,13645.075,16034.582,2389.507,
Contact STARLINK-1581 - MoonLRO,20502.540,21662.837,1160.297,
Contact STARLINK-1581 - MoonLRO,35084.429,38150.884,3066.455,
Contact STARLINK-1581 - MoonLRO,40946.431,44203.533,3257.102,
Contact STARLINK-1581 - MoonLRO,63270.641,65479.757,2209.117,
Contact STARLINK-1581 - MoonLRO,68902.832,78007.678,9104.845,
Contact STARLINK-1581 - MoonLRO,81929.835,83638.261,1708.426,
Contact STARLINK-1581 - MarsSat1,1458.393,16564.647,15106.255,
Contact STARLINK-1581 - MarsSat1,18353.748,27839.484,9485.735,
Contact STARLINK-1581 - MarsSat1,29617.274,39114.571,9497.297,
Contact STARLINK-1581 - MarsSat1,40880.792,50389.922,9509.129,
Contact STARLINK-1581 - MarsSat1,52144.326,56027.705,3883.379,
Contact STARLINK-1581 - MarsSat1,57776.102,67303.513,9527.411,
Contact STARLINK-1581 - MarsSat1,69039.672,78579.676,9540.004,
Contact STARLINK-1581 - MarsSat1,80303.247,86400.000,6096.753,
Contact STARLINK-1581 - MarsSat2,1458.329,16564.640,15106.311,
Contact STARLINK-1581 - MarsSat2,18353.824,27839.473,9485.649,
Contact STARLINK-1581 - MarsSat2,29617.416,39114.582,9497.166,
Contact STARLINK-1581 - MarsSat2,40880.970,50389.981,9509.011,
Contact STARLINK-1581 - MarsSat2,52144.499,56027.793,3883.294,
Contact STARLINK-1581 - MarsSat2,57776.257,67303.650,9527.393,
Contact STARLINK-1581 - MarsSat2,69039.764,78579.826,9540.062,
Contact STARLINK-1581 - MarsSat2,80303.262,86400.000,6096.738,
Contact STARLINK-1581 - MarsSat3,1458.260,16564.553,15106.293,
Contact STARLINK-1581 - MarsSat3,18353.685,27839.434,9485.749,
Contact STARLINK-1581 - MarsSat3,29617.349,39114.599,9497.250,
Contact STARLINK-1581 - MarsSat3,40880.942,50390.015,9509.073,
Contact STARLINK-1581 - MarsSat3,52144.467,56027.822,3883.355,
Contact STARLINK-1581 - MarsSat3,57776.214,67303.648,9527.434,
Contact STARLINK-1581 - MarsSat3,69039.689,78579.774,9540.085,
Contact STARLINK-1581 - MarsSat3,80303.158,86400.000,6096.842,
Contact STARLINK-1581 - MarsSat4,1458.403,9030.883,7572.481,
Contact STARLINK-1581 - MarsSat4,12721.898,16564.578,3842.680,
Contact STARLINK-1581 - MarsSat4,18353.700,27839.456,9485.757,
Contact STARLINK-1581 - MarsSat4,29617.337,39114.552,9497.215,
Contact STARLINK-1581 - MarsSat4,43179.716,50389.872,7210.156,
Contact STARLINK-1581 - MarsSat4,52144.373,56027.722,3883.348,
Contact STARLINK-1581 - MarsSat4,57776.187,67303.628,9527.441,
Contact STARLINK-1581 - MarsSat4,69039.733,78579.713,9539.980,
Contact STARLINK-1581 - MarsSat4,80303.181,86400.000,6096.819,
Contact STARLINK-30367 - STARLINK-5151,0.000,6439.220,6439.220,
Contact STARLINK-30367 - STARLINK-5151,13882.923,14950.176,1067.253,
Contact STARLINK-30367 - STARLINK-5151,28236.978,29082.589,845.610,
Contact STARLINK-30367 - STARLINK-31463,28795.395,29174.784,379.390,
Contact STARLINK-30367 - STARLINK-31463,42759.370,43608.388,849.018,
Contact STARLINK-30367 - STARLINK-31463,56858.512,57906.324,1047.812,
Contact STARLINK-30367 - STARLINK-31463,68185.988,72139.248,3953.260,
Contact STARLINK-30367 - STARLINK-31463,82402.949,83472.766,1069.817,
Contact STARLINK-30367 - MoonARTEMIS1,0.000,7125.984,7125.984,
Contact STARLINK-30367 - MoonARTEMIS1,9268.221,12877.724,3609.503,
Contact STARLINK-30367 - MoonARTEMIS1,15025.501,24385.427,9359.925,
Contact STARLINK-30367 - MoonARTEMIS1,26543.441,30140.872,3597.430,
Contact STARLINK-30367 - MoonARTEMIS1,38036.710,41624.293,3587.583,
Contact STARLINK-30367 - MoonARTEMIS1,43781.119,53114.658,9333.539,
Contact STARLINK-30367 - MoonARTEMIS1,55274.857,64609.469,9334.611,
Contact STARLINK-30367 - MoonARTEMIS1,66772.508,70358.248,3585.741,
Contact STARLINK-30367 - MoonARTEMIS1,72522.399,81858.460,9336.061,
Contact STARLINK-30367 - MoonARTEMIS1,84023.980,86400.000,2376.020,
Contact STARLINK-30367 - MoonARTEMIS2,0.000,7173.965,7173.965,
Contact STARLINK-30367 - MoonARTEMIS2,9325.682,12920.703,3595.021,
Contact STARLINK-30367 - MoonARTEMIS2,15074.602,24412.086,9337.484,
Contact STARLINK-30367 - MoonARTEMIS2,26569.076,35899.117,9330.040,
Contact STARLINK-30367 - MoonARTEMIS2,38057.152,41639.524,3582.372,
Contact STARLINK-30367 - MoonARTEMIS2,43796.754,47367.294,3570.540,
Contact STARLINK-30367 - MoonARTEMIS2,55307.697,64654.007,9346.310,
Contact STARLINK-30367 - MoonARTEMIS2,66819.621,70408.608,3588.987,
Contact STARLINK-30367 - MoonARTEMIS2,72573.543,81915.995,9342.452,
Contact STARLINK-30367 - MoonARTEMIS2,84078.555,86400.000,2321.445,
Contact STARLINK-30367 - MoonIOAGEO,0.000,7137.782,7137.782,
Contact STARLINK-30367 - MoonIOAGEO,9282.921,12890.313,3607.392,
Contact STARLINK-30367 - MoonIOAGEO,17154.846,24395.878,7241.032,
Contact STARLINK-30367 - MoonIOAGEO,26552.823,35887.759,9334.935,
Contact STARLINK-30367 - MoonIOAGEO,38045.411,41631.493,3586.082,
Contact STARLINK-30367 - MoonIOAGEO,43790.577,53130.038,9339.461,
Contact STARLINK-30367 - MoonIOAGEO,66805.918,70392.328,3586.410,
Contact STARLINK-30367 - MoonIOAGEO,72556.411,81883.901,9327.490,
Contact STARLINK-30367 - MoonIOAGEO,84046.161,86400.000,2353.839,
Contact STARLINK-30367 - MoonIOAGNO,0.000,7137.558,7137.558,
Contact STARLINK-30367 - MoonIOAGNO,9291.234,12902.680,3611.446,
Contact STARLINK-30367 - MoonIOAGNO,15056.451,24407.121,9350.670,
Contact STARLINK-30367 - MoonIOAGNO,26560.246,35895.841,9335.595,
Contact STARLINK-30367 - MoonIOAGNO,38051.054,41637.354,3586.300,
Contact STARLINK-30367 - MoonIOAGNO,43794.295,53138.172,9343.877,
Contact STARLINK-30367 - MoonIOAGNO,55308.257,64652.787,9344.530,
Contact STARLINK-30367 - MoonIOAGNO,66817.542,70401.016,3583.474,
Contact STARLINK-30367 - MoonIOAGNO,72564.770,81889.823,9325.053,
Contact STARLINK-30367 - MoonIOAGNO,84051.711,86400.000,2348.289,
Contact STARLINK-30367 - MoonIOAGNO 0001,0.000,7159.657,7159.657,
Contact STARLINK-30367 - MoonIOAGNO 0001,9301.398,12902.795,3601.396,
Contact STARLINK-30367 - MoonIOAGNO 0001,15046.816,24384.667,9337.851,
Contact STARLINK-30367 - MoonIOAGNO 0001,26536.703,35900.408,9363.705,
Contact STARLINK-30367 - MoonIOAGNO 0001,38062.832,41654.180,3591.348,
Contact STARLINK-30367 - MoonIOAGNO 0001,43815.422,53148.194,9332.772,
Contact STARLINK-30367 - MoonIOAGNO 0001,55309.131,64633.384,9324.253,
Contact STARLINK-30367 - MoonIOAGNO 0001,66794.973,70377.484,3582.511,
Contact STARLINK-30367 - MoonIOAGNO 0001,72544.606,81902.179,9357.572,
Contact STARLINK-30367 - MoonIOAGNO 0001,84067.743,86400.000,2332.257,
Contact STARLINK-30367 - MoonIOAGSO,0.000,7147.116,7147.116,
Contact STARLINK-30367 - MoonIOAGSO,15035.502,24376.394,9340.892,
Contact STARLINK-30367 - MoonIOAGSO,26533.970,35877.211,9343.241,
Contact STARLINK-30367 - MoonIOAGSO,38039.953,41630.993,3591.040,
Contact STARLINK-30367 - MoonIOAGSO,43795.372,52230.892,8435.520,
Contact STARLINK-30367 - MoonIOAGSO,55294.856,64623.905,9329.049,
Contact STARLINK-30367 - MoonIOAGSO,66787.817,70373.551,3585.734,
Contact STARLINK-30367 - MoonIOAGSO,72538.225,81879.382,9341.157,
Contact STARLINK-30367 - MoonIOAGSO,84044.716,86400.000,2355.284,
Contact STARLINK-30367 - MoonIOAGSO 0001,0.000,7129.759,7129.759,
Contact STARLINK-30367 - MoonIOAGSO 0001,9280.322,12880.221,3599.899,
Contact STARLINK-30367 - MoonIOAGSO 0001,15034.194,24388.219,9354.025,
Contact STARLINK-30367 - MoonIOAGSO 0001,26546.169,30140.681,3594.513,
Contact STARLINK-30367 - MoonIOAGSO 0001,38038.812,41625.468,3586.656,
Contact STARLINK-30367 - MoonIOAGSO 0001,43786.866,53124.093,9337.226,
Contact STARLINK-30367 - MoonIOAGSO 0001,55289.363,64631.525,9342.161,
Contact STARLINK-30367 - MoonIOAGSO 0001,66798.780,70387.310,3588.529,
Contact STARLINK-30367 - MoonIOAGSO 0001,78293.445,81876.977,3583.532,
Contact STARLINK-30367 - MoonIOAGSO 0001,84038.617,86400.000,2361.383,
Contact STARLINK-30367 - MoonLRO,3541.458,3942.367,400.910,
Contact STARLINK-30367 - MoonLRO,20789.217,24392.897,3603.680,
Contact STARLINK-30367 - MoonLRO,27295.319,30141.374,2846.055,
Contact STARLINK-30367 - MoonLRO,49548.259,51807.322,2259.063,
Contact STARLINK-30367 - MoonLRO,55295.308,58653.444,3358.135,
Contact STARLINK-30367 - MoonLRO,68268.517,70386.175,2117.658,
Contact STARLINK-30367 - MoonLRO,75122.814,76132.663,1009.849,
Contact STARLINK-30367 - MarsSat1,0.000,2243.424,2243.424,
Contact STARLINK-30367 - MarsSat1,3979.891,13744.179,9764.288,
Contact STARLINK-30367 - MarsSat1,15470.804,30995.773,15524.970,
Contact STARLINK-30367 - MarsSat1,32707.490,42497.088,9789.598,
Contact STARLINK-30367 - MarsSat1,44198.853,53998.595,9799.742,
Contact STARLINK-30367 - MarsSat1,55690.439,59749.429,4058.990,
Contact STARLINK-30367 - MarsSat1,61436.324,71251.286,9814.962,
Contact STARLINK-30367 - MarsSat1,72928.283,82753.423,9825.140,
Contact STARLINK-30367 - MarsSat1,84420.491,86400.000,1979.509,
Contact STARLINK-30367 - MarsSat2,0.000,2243.459,2243.459,
Contact STARLINK-30367 - MarsSat2,3979.859,13744.151,9764.292,
Contact STARLINK-30367 - MarsSat2,15470.843,30995.688,15524.845,
Contact STARLINK-30367 - MarsSat2,32707.606,42497.026,9789.420,
Contact STARLINK-30367 - MarsSat2,44199.003,53998.609,9799.606,
Contact STARLINK-30367 - MarsSat2,55690.599,59749.490,4058.891,
Contact STARLINK-30367 - MarsSat2,61436.475,71251.429,9814.954,
Contact STARLINK-30367 - MarsSat2,72928.393,82753.598,9825.206,
Contact STARLINK-30367 - MarsSat2,84420.539,86400.000,1979.461,
Contact STARLINK-30367 - MarsSat3,0.000,2243.467,2243.467,
Contact STARLINK-30367 - MarsSat3,3979.772,13744.116,9764.344,
Contact STARLINK-30367 - MarsSat3,15470.695,30995.692,15524.997,
Contact STARLINK-30367 - MarsSat3,32707.562,42497.073,9789.510,
Contact STARLINK-30367 - MarsSat3,44198.995,53998.666,9799.672,
Contact STARLINK-30367 - MarsSat3,55690.581,59749.542,4058.961,
Contact STARLINK-30367 - MarsSat3,61436.442,71251.448,9815.006,
Contact STARLINK-30367 - MarsSat3,72928.317,82753.561,9825.245,
Contact STARLINK-30367 - MarsSat3,84420.422,86400.000,1979.578,
Contact STARLINK-30367 - MarsSat4,0.000,2243.529,2243.529,
Contact STARLINK-30367 - MarsSat4,3979.918,7993.823,4013.905,
Contact STARLINK-30367 - MarsSat4,15470.722,30995.719,15524.997,
Contact STARLINK-30367 - MarsSat4,32707.544,41360.076,8652.532,
Contact STARLINK-30367 - MarsSat4,44198.844,53998.553,9799.709,
Contact STARLINK-30367 - MarsSat4,55690.500,59749.460,4058.959,
Contact STARLINK-30367 - MarsSat4,61436.428,71251.403,9814.976,
Contact STARLINK-30367 - MarsSat4,75534.681,82753.493,7218.812,
Contact STARLINK-30367 - MarsSat4,84420.470,86400.000,1979.530,
Contact STARLINK-4290 - STARLINK-6142,0.000,46687.037,46687.037,
Contact STARLINK-4290 - STARLINK-6142,50513.179,60617.015,10103.837,
Contact STARLINK-4290 - STARLINK-6142,68164.704,68892.194,727.490,
Contact STARLINK-4290 - STARLINK-3167,0.000,683.289,683.289,
Contact STARLINK-4290 - STARLINK-3167,14147.531,14890.599,743.069,
Contact STARLINK-4290 - STARLINK-3167,28380.494,29092.516,712.021,
Contact STARLINK-4290 - STARLINK-3167,42610.759,43297.576,686.817,
Contact STARLINK-4290 - STARLINK-3167,53997.540,54658.845,661.305,
Contact STARLINK-4290 - STARLINK-3167,68234.822,68856.336,621.514,
Contact STARLINK-4290 - STARLINK-3167,82468.830,83057.598,588.768,
Contact STARLINK-4290 - STARLINK-5049,3113.097,3969.443,856.346,
Contact STARLINK-4290 - STARLINK-5049,17446.937,18222.516,775.579,
Contact STARLINK-4290 - STARLINK-5049,31785.339,32470.421,685.081,
Contact STARLINK-4290 - MoonARTEMIS1,1600.285,5318.985,3718.700,
Contact STARLINK-4290 - MoonARTEMIS1,7316.702,16717.144,9400.443,
Contact STARLINK-4290 - MoonARTEMIS1,18750.747,28118.541,9367.794,
Contact STARLINK-4290 - MoonARTEMIS1,35883.233,39511.734,3628.500,
Contact STARLINK-4290 - MoonARTEMIS1,41583.500,45208.806,3625.306,
Contact STARLINK-4290 - MoonARTEMIS1,47286.090,56604.843,9318.752,
Contact STARLINK-4290 - MoonARTEMIS1,58695.031,68002.830,9307.799,
Contact STARLINK-4290 - MoonARTEMIS1,70106.923,73702.502,3595.578,
Contact STARLINK-4290 - MoonARTEMIS1,75813.597,85103.238,9289.641,
Contact STARLINK-4290 - MoonARTEMIS2,1678.155,5341.628,3663.474,
Contact STARLINK-4290 - MoonARTEMIS2,7386.071,16735.987,9349.916,
Contact STARLINK-4290 - MoonARTEMIS2,18798.141,28129.061,9330.920,
Contact STARLINK-4290 - MoonARTEMIS2,30204.656,39519.445,9314.789,
Contact STARLINK-4290 - MoonARTEMIS2,41602.670,45213.217,3610.547,
Contact STARLINK-4290 - MoonARTEMIS2,53019.465,56621.989,3602.524,
Contact STARLINK-4290 - MoonARTEMIS2,58733.448,68028.570,9295.122,
Contact STARLINK-4290 - MoonARTEMIS2,70155.214,73731.150,3575.936,
Contact STARLINK-4290 - MoonARTEMIS2,75863.963,85135.417,9271.455,
Contact STARLINK-4290 - MoonIOAGEO,1622.811,5323.626,3700.815,
Contact STARLINK-4290 - MoonIOAGEO,7334.417,11022.359,3687.942,
Contact STARLINK-4290 - MoonIOAGEO,18768.550,28119.250,9350.699,
Contact STARLINK-4290 - MoonIOAGEO,30189.454,39514.641,9325.186,
Contact STARLINK-4290 - MoonIOAGEO,41593.184,45213.234,3620.050,
Contact STARLINK-4290 - MoonIOAGEO,47297.732,56614.500,9316.768,
Contact STARLINK-4290 - MoonIOAGEO,64431.670,68016.967,3585.297,
Contact STARLINK-4290 - MoonIOAGEO,70139.992,73716.440,3576.447,
Contact STARLINK-4290 - MoonIOAGEO,75843.694,85113.330,9269.636,
Contact STARLINK-4290 - MoonIOAGNO,1626.659,5319.860,3693.201,
Contact STARLINK-4290 - MoonIOAGNO,7337.485,16737.918,9400.434,
Contact STARLINK-4290 - MoonIOAGNO,18784.493,28140.873,9356.380,
Contact STARLINK-4290 - MoonIOAGNO,30197.912,39527.694,9329.782,
Contact STARLINK-4290 - MoonIOAGNO,41599.191,45216.720,3617.529,
Contact STARLINK-4290 - MoonIOAGNO,47298.873,56624.760,9325.887,
Contact STARLINK-4290 - MoonIOAGNO,58736.690,68035.540,9298.850,
Contact STARLINK-4290 - MoonIOAGNO,70152.132,73733.942,3581.811,
Contact STARLINK-4290 - MoonIOAGNO,75853.670,85121.600,9267.929,
Contact STARLINK-4290 - MoonIOAGNO 0001,1654.106,5349.484,3695.378,
Contact STARLINK-4290 - MoonIOAGNO 0001,7360.664,16735.704,9375.040,
Contact STARLINK-4290 - MoonIOAGNO 0001,18765.415,28111.745,9346.330,
Contact STARLINK-4290 - MoonIOAGNO 0001,30179.923,39534.097,9354.174,
Contact STARLINK-4290 - MoonIOAGNO 0001,41618.725,45237.228,3618.503,
Contact STARLINK-4290 - MoonIOAGNO 0001,47325.515,56631.005,9305.490,
Contact STARLINK-4290 - MoonIOAGNO 0001,58728.621,68013.066,9284.445,
Contact STARLINK-4290 - MoonIOAGNO 0001,70125.846,73711.980,3586.134,
Contact STARLINK-4290 - MoonIOAGNO 0001,75845.576,85134.676,9289.100,
Contact STARLINK-4290 - MoonIOAGSO,1631.428,5328.100,3696.672,
Contact STARLINK-4290 - MoonIOAGSO,13049.300,16705.182,3655.881,
Contact STARLINK-4290 - MoonIOAGSO,18753.464,28095.642,9342.177,
Contact STARLINK-4290 - MoonIOAGSO,30169.659,39502.711,9333.052,
Contact STARLINK-4290 - MoonIOAGSO,41593.292,45211.761,3618.468,
Contact STARLINK-4290 - MoonIOAGSO,47307.445,50920.226,3612.781,
Contact STARLINK-4290 - MoonIOAGSO,58711.279,67995.218,9283.939,
Contact STARLINK-4290 - MoonIOAGSO,70119.361,73696.007,3576.647,
Contact STARLINK-4290 - MoonIOAGSO,75826.986,85107.403,9280.417,
Contact STARLINK-4290 - MoonIOAGSO 0001,1621.695,5300.006,3678.311,
Contact STARLINK-4290 - MoonIOAGSO 0001,7332.036,16704.564,9372.528,
Contact STARLINK-4290 - MoonIOAGSO 0001,18757.721,28123.277,9365.557,
Contact STARLINK-4290 - MoonIOAGSO 0001,35883.282,39500.068,3616.786,
Contact STARLINK-4290 - MoonIOAGSO 0001,41586.519,45195.085,3608.566,
Contact STARLINK-4290 - MoonIOAGSO 0001,47292.643,56597.391,9304.749,
Contact STARLINK-4290 - MoonIOAGSO 0001,58711.051,68013.488,9302.437,
Contact STARLINK-4290 - MoonIOAGSO 0001,70136.121,73717.956,3581.835,
Contact STARLINK-4290 - MoonIOAGSO 0001,76676.674,85099.404,8422.730,
Contact STARLINK-4290 - MoonLRO,1632.888,3966.717,2333.829,
Contact STARLINK-4290 - MoonLRO,7339.814,16725.272,9385.458,
Contact STARLINK-4290 - MoonLRO,20483.288,22418.937,1935.649,
Contact STARLINK-4290 - MoonLRO,35890.425,38134.292,2243.868,
Contact STARLINK-4290 - MoonLRO,41594.440,44986.842,3392.402,
Contact STARLINK-4290 - MoonLRO,47772.095,50919.198,3147.103,
Contact STARLINK-4290 - MoonLRO,64430.813,65448.849,1018.036,
Contact STARLINK-4290 - MoonLRO,70133.636,72311.155,2177.519,
Contact STARLINK-4290 - MoonLRO,81902.017,85119.840,3217.824,
Contact STARLINK-4290 - MarsSat1,1918.689,5646.961,3728.272,
Contact STARLINK-4290 - MarsSat1,7618.094,17052.076,9433.982,
Contact STARLINK-4290 - MarsSat1,19016.868,28457.326,9440.457,
Contact STARLINK-4290 - MarsSat1,30415.604,34160.000,3744.396,
Contact STARLINK-4290 - MarsSat1,36114.963,45565.456,9450.493,
Contact STARLINK-4290 - MarsSat1,47513.675,56971.069,9457.394,
Contact STARLINK-4290 - MarsSat1,58912.389,68376.863,9464.474,
Contact STARLINK-4290 - MarsSat1,70311.102,74079.833,3768.731,
Contact STARLINK-4290 - MarsSat1,76010.454,85485.927,9475.473,
Contact STARLINK-4290 - MarsSat2,1918.644,5646.955,3728.311,
Contact STARLINK-4290 - MarsSat2,7618.086,17052.089,9434.003,
Contact STARLINK-4290 - MarsSat2,19016.929,28457.355,9440.426,
Contact STARLINK-4290 - MarsSat2,30415.713,34160.040,3744.328,
Contact STARLINK-4290 - MarsSat2,36115.088,45565.524,9450.436,
Contact STARLINK-4290 - MarsSat2,47513.812,56971.164,9457.353,
Contact STARLINK-4290 - MarsSat2,58912.504,68376.970,9464.466,
Contact STARLINK-4290 - MarsSat2,70311.168,74079.936,3768.767,
Contact STARLINK-4290 - MarsSat2,76010.491,85486.001,9475.509,
Contact STARLINK-4290 - MarsSat3,1918.587,5646.898,3728.311,
Contact STARLINK-4290 - MarsSat3,7617.987,17052.000,9434.013,
Contact STARLINK-4290 - MarsSat3,19016.823,28457.315,9440.492,
Contact STARLINK-4290 - MarsSat3,30415.665,34160.026,3744.362,
Contact STARLINK-4290 - MarsSat3,36115.060,45565.536,9450.476,
Contact STARLINK-4290 - MarsSat3,47513.793,56971.170,9457.377,
Contact STARLINK-4290 - MarsSat3,58912.470,68376.947,9464.477,
Contact STARLINK-4290 - MarsSat3,70311.110,74079.895,3768.785,
Contact STARLINK-4290 - MarsSat3,76010.420,85485.921,9475.501,
Contact STARLINK-4290 - MarsSat4,1918.699,5646.993,3728.294,
Contact STARLINK-4290 - MarsSat4,13317.426,17052.019,3734.593,
Contact STARLINK-4290 - MarsSat4,19016.834,28457.325,9440.491,
Contact STARLINK-4290 - MarsSat4,30415.654,34160.016,3744.362,
Contact STARLINK-4290 - MarsSat4,36115.022,45565.419,9450.397,
Contact STARLINK-4290 - MarsSat4,47513.685,56971.106,9457.421,
Contact STARLINK-4290 - MarsSat4,58912.457,68376.948,9464.491,
Contact STARLINK-4290 - MarsSat4,70311.140,73689.501,3378.361,
Contact STARLINK-4290 - MarsSat4,76010.428,85485.942,9475.514,
Contact STARLINK-5151 - STARLINK-1700,6911.382,7691.962,780.580,
Contact STARLINK-5151 - STARLINK-1700,21204.572,21830.217,625.644,
Contact STARLINK-5151 - MoonARTEMIS1,0.000,7098.523,7098.523,
Contact STARLINK-5151 - MoonARTEMIS1,9128.896,12787.015,3658.119,
Contact STARLINK-5151 - MoonARTEMIS1,14818.658,24171.671,9353.013,
Contact STARLINK-5151 - MoonARTEMIS1,26208.175,29867.675,3659.500,
Contact STARLINK-5151 - MoonARTEMIS1,37555.485,41197.429,3641.944,
Contact STARLINK-5151 - MoonARTEMIS1,43222.206,52538.419,9316.213,
Contact STARLINK-5151 - MoonARTEMIS1,54566.090,63887.380,9321.290,
Contact STARLINK-5151 - MoonARTEMIS1,65918.914,75241.852,9322.938,
Contact STARLINK-5151 - MoonARTEMIS1,77278.509,80920.807,3642.299,
Contact STARLINK-5151 - MoonARTEMIS1,82960.551,86400.000,3439.449,
Contact STARLINK-5151 - MoonARTEMIS2,0.000,7193.741,7193.741,
Contact STARLINK-5151 - MoonARTEMIS2,9230.647,12870.521,3639.874,
Contact STARLINK-5151 - MoonARTEMIS2,14907.050,24220.073,9313.023,
Contact STARLINK-5151 - MoonARTEMIS2,26255.208,35562.150,9306.942,
Contact STARLINK-5151 - MoonARTEMIS2,37593.636,41228.143,3634.506,
Contact STARLINK-5151 - MoonARTEMIS2,43255.419,46894.377,3638.958,
Contact STARLINK-5151 - MoonARTEMIS2,54627.566,63958.561,9330.995,
Contact STARLINK-5151 - MoonARTEMIS2,66007.945,75324.022,9316.078,
Contact STARLINK-5151 - MoonARTEMIS2,77380.157,81004.670,3624.513,
Contact STARLINK-5151 - MoonARTEMIS2,83064.084,86400.000,3335.916,
Contact STARLINK-5151 - MoonIOAGEO,0.000,7125.143,7125.143,
Contact STARLINK-5151 - MoonIOAGEO,9156.440,12816.490,3660.051,
Contact STARLINK-5151 - MoonIOAGEO,17125.183,24199.914,7074.731,
Contact STARLINK-5151 - MoonIOAGEO,26231.406,35545.534,9314.128,
Contact STARLINK-5151 - MoonIOAGEO,37572.357,41210.562,3638.205,
Contact STARLINK-5151 - MoonIOAGEO,43238.981,52564.155,9325.174,
Contact STARLINK-5151 - MoonIOAGEO,65990.863,75304.547,9313.684,
Contact STARLINK-5151 - MoonIOAGEO,77346.756,80970.056,3623.300,
Contact STARLINK-5151 - MoonIOAGEO,83011.972,86400.000,3388.028,
Contact STARLINK-5151 - MoonIOAGNO,0.000,7141.718,7141.718,
Contact STARLINK-5151 - MoonIOAGNO,9177.536,12831.348,3653.812,
Contact STARLINK-5151 - MoonIOAGNO,14865.407,24172.293,9306.886,
Contact STARLINK-5151 - MoonIOAGNO,26212.965,35518.987,9306.022,
Contact STARLINK-5151 - MoonIOAGNO,37558.996,41198.267,3639.271,
Contact STARLINK-5151 - MoonIOAGNO,43236.263,52586.943,9350.680,
Contact STARLINK-5151 - MoonIOAGNO,54627.169,63930.686,9303.517,
Contact STARLINK-5151 - MoonIOAGNO,65980.070,75272.368,9292.298,
Contact STARLINK-5151 - MoonIOAGNO,77325.289,80947.550,3622.261,
Contact STARLINK-5151 - MoonIOAGNO,83000.312,86400.000,3399.688,
Contact STARLINK-5151 - MoonIOAGNO 0001,0.000,7126.034,7126.034,
Contact STARLINK-5151 - MoonIOAGNO 0001,9165.867,12800.488,3634.621,
Contact STARLINK-5151 - MoonIOAGNO 0001,14838.802,24165.057,9326.255,
Contact STARLINK-5151 - MoonIOAGNO 0001,26198.637,35548.330,9349.693,
Contact STARLINK-5151 - MoonIOAGNO 0001,37586.186,41217.975,3631.789,
Contact STARLINK-5151 - MoonIOAGNO 0001,43260.377,52559.848,9299.471,
Contact STARLINK-5151 - MoonIOAGNO 0001,54605.433,63914.720,9309.287,
Contact STARLINK-5151 - MoonIOAGNO 0001,65958.516,75300.467,9341.950,
Contact STARLINK-5151 - MoonIOAGNO 0001,77348.977,80971.558,3622.581,
Contact STARLINK-5151 - MoonIOAGNO 0001,83025.866,86400.000,3374.134,
Contact STARLINK-5151 - MoonIOAGSO,0.000,7135.910,7135.910,
Contact STARLINK-5151 - MoonIOAGSO,14856.173,24206.982,9350.808,
Contact STARLINK-5151 - MoonIOAGSO,26224.237,35563.791,9339.554,
Contact STARLINK-5151 - MoonIOAGSO,37584.595,41235.248,3650.653,
Contact STARLINK-5151 - MoonIOAGSO,43260.826,52189.654,8928.828,
Contact STARLINK-5151 - MoonIOAGSO,55099.422,63958.097,8858.675,
Contact STARLINK-5151 - MoonIOAGSO,65989.178,75318.601,9329.422,
Contact STARLINK-5151 - MoonIOAGSO,77353.133,80991.525,3638.393,
Contact STARLINK-5151 - MoonIOAGSO,83030.439,86400.000,3369.561,
Contact STARLINK-5151 - MoonIOAGSO 0001,0.000,7166.518,7166.518,
Contact STARLINK-5151 - MoonIOAGSO 0001,9181.433,12844.000,3662.567,
Contact STARLINK-5151 - MoonIOAGSO 0001,14860.756,24185.716,9324.960,
Contact STARLINK-5151 - MoonIOAGSO 0001,26212.302,29855.814,3643.512,
Contact STARLINK-5151 - MoonIOAGSO 0001,37579.527,41241.688,3662.161,
Contact STARLINK-5151 - MoonIOAGSO 0001,43265.206,52605.187,9339.981,
Contact STARLINK-5151 - MoonIOAGSO 0001,54629.802,63949.314,9319.513,
Contact STARLINK-5151 - MoonIOAGSO 0001,65982.950,73923.988,7941.037,
Contact STARLINK-5151 - MoonIOAGSO 0001,77337.504,80983.722,3646.218,
Contact STARLINK-5151 - MoonIOAGSO 0001,83026.179,86400.000,3373.821,
Contact STARLINK-5151 - MoonLRO,3491.981,3967.571,475.590,
Contact STARLINK-5151 - MoonLRO,9173.212,10809.190,1635.978,
Contact STARLINK-5151 - MoonLRO,20530.383,24179.648,3649.265,
Contact STARLINK-5151 - MoonLRO,27328.183,29862.442,2534.259,
Contact STARLINK-5151 - MoonLRO,48935.934,51794.992,2859.058,
Contact STARLINK-5151 - MoonLRO,54620.588,58254.304,3633.716,
Contact STARLINK-5151 - MoonLRO,68288.177,72322.704,4034.526,
Contact STARLINK-5151 - MarsSat1,0.000,2582.045,2582.045,
Contact STARLINK-5151 - MarsSat1,4707.433,13899.465,9192.033,
Contact STARLINK-5151 - MarsSat1,16026.135,19558.185,3532.050,
Contact STARLINK-5151 - MarsSat1,21685.468,30875.625,9190.158,
Contact STARLINK-5151 - MarsSat1,33004.080,42193.048,9188.968,
Contact STARLINK-5151 - MarsSat1,44322.603,53510.444,9187.841,
Contact STARLINK-5151 - MarsSat1,55641.037,59169.137,3528.100,
Contact STARLINK-5151 - MarsSat1,61300.226,70486.527,9186.302,
Contact STARLINK-5151 - MarsSat1,72618.567,81803.950,9185.383,
Contact STARLINK-5151 - MarsSat1,83936.885,86400.000,2463.115,
Contact STARLINK-5151 - MarsSat2,0.000,2582.092,2582.092,
Contact STARLINK-5151 - MarsSat2,4707.463,13899.428,9191.966,
Contact STARLINK-5151 - MarsSat2,16026.085,19558.114,3532.028,
Contact STARLINK-5151 - MarsSat2,21685.388,30875.510,9190.123,
Contact STARLINK-5151 - MarsSat2,33003.965,42192.930,9188.966,
Contact STARLINK-5151 - MarsSat2,44322.497,53510.367,9187.871,
Contact STARLINK-5151 - MarsSat2,55640.980,59169.092,3528.112,
Contact STARLINK-5151 - MarsSat2,61300.203,70486.551,9186.348,
Contact STARLINK-5151 - MarsSat2,72618.611,81804.023,9185.412,
Contact STARLINK-5151 - MarsSat2,83936.969,86400.000,2463.031,
Contact STARLINK-5151 - MarsSat3,0.000,2582.142,2582.142,
Contact STARLINK-5151 - MarsSat3,4707.514,13899.494,9191.980,
Contact STARLINK-5151 - MarsSat3,16026.136,19558.167,3532.031,
Contact STARLINK-5151 - MarsSat3,21685.427,30875.543,9190.116,
Contact STARLINK-5151 - MarsSat3,33003.994,42192.964,9188.970,
Contact STARLINK-5151 - MarsSat3,44322.533,53510.409,9187.876,
Contact STARLINK-5151 - MarsSat3,55641.024,59169.137,3528.113,
Contact STARLINK-5151 - MarsSat3,61300.248,70486.596,9186.348,
Contact STARLINK-5151 - MarsSat3,72618.652,81804.056,9185.404,
Contact STARLINK-5151 - MarsSat3,83936.991,86400.000,2463.009,
Contact STARLINK-5151 - MarsSat4,0.000,2582.092,2582.092,
Contact STARLINK-5151 - MarsSat4,4707.484,8240.797,3533.312,
Contact STARLINK-5151 - MarsSat4,16026.140,19558.172,3532.033,
Contact STARLINK-5151 - MarsSat4,21685.438,30875.564,9190.126,
Contact STARLINK-5151 - MarsSat4,33004.018,41360.092,8356.074,
Contact STARLINK-5151 - MarsSat4,44322.550,53510.395,9187.845,
Contact STARLINK-5151 - MarsSat4,55640.995,59169.105,3528.110,
Contact STARLINK-5151 - MarsSat4,61300.209,70486.558,9186.349,
Contact STARLINK-5151 - MarsSat4,75534.525,81804.007,6269.482,
Contact STARLINK-5151 - MarsSat4,83936.938,86400.000,2463.062,
Contact STARLINK-6142 - STARLINK-3167,3019.131,3921.803,902.672,
Contact STARLINK-6142 - STARLINK-3167,17346.753,18112.085,765.332,
Contact STARLINK-6142 - STARLINK-3167,43194.522,43597.441,402.919,
Contact STARLINK-6142 - STARLINK-5049,3320.511,7323.515,4003.004,
Contact STARLINK-6142 - STARLINK-5049,17672.317,21655.706,3983.390,
Contact STARLINK-6142 - STARLINK-5049,32010.762,33115.834,1105.071,
Contact STARLINK-6142 - STARLINK-5049,46363.511,47433.634,1070.123,
Contact STARLINK-6142 - STARLINK-5049,60702.508,61765.073,1062.564,
Contact STARLINK-6142 - STARLINK-5049,75056.286,76081.806,1025.520,
Contact STARLINK-6142 - MoonARTEMIS1,1256.032,16980.650,15724.618,
Contact STARLINK-6142 - MoonARTEMIS1,18627.670,28482.196,9854.526,
Contact STARLINK-6142 - MoonARTEMIS1,34028.477,45684.899,11656.422,
Contact STARLINK-6142 - MoonARTEMIS1,47449.034,57159.444,9710.410,
Contact STARLINK-6142 - MoonARTEMIS1,58959.688,74377.780,15418.092,
Contact STARLINK-6142 - MoonARTEMIS1,76237.172,85859.686,9622.514,
Contact STARLINK-6142 - MoonARTEMIS2,1448.841,5560.198,4111.357,
Contact STARLINK-6142 - MoonARTEMIS2,7217.381,17036.214,9818.832,
Contact STARLINK-6142 - MoonARTEMIS2,18743.952,28507.074,9763.122,
Contact STARLINK-6142 - MoonARTEMIS2,30255.627,34239.979,3984.352,
Contact STARLINK-6142 - MoonARTEMIS2,36004.426,45698.679,9694.253,
Contact STARLINK-6142 - MoonARTEMIS2,53275.759,57199.405,3923.646,
Contact STARLINK-6142 - MoonARTEMIS2,59052.066,62946.151,3894.086,
Contact STARLINK-6142 - MoonARTEMIS2,64822.922,74434.406,9611.484,
Contact STARLINK-6142 - MoonARTEMIS2,76353.132,85918.110,9564.978,
Contact STARLINK-6142 - MoonIOAGEO,1315.607,11250.243,9934.636,
Contact STARLINK-6142 - MoonIOAGEO,18679.214,28487.327,9808.113,
Contact STARLINK-6142 - MoonIOAGEO,30226.579,45695.995,15469.417,
Contact STARLINK-6142 - MoonIOAGEO,47475.733,57183.731,9707.999,
Contact STARLINK-6142 - MoonIOAGEO,64799.022,74410.098,9611.076,
Contact STARLINK-6142 - MoonIOAGEO,76314.540,85879.987,9565.447,
Contact STARLINK-6142 - MoonIOAGNO,1314.733,17027.225,15712.492,
Contact STARLINK-6142 - MoonIOAGNO,18682.960,28513.119,9830.159,
Contact STARLINK-6142 - MoonIOAGNO,30200.411,45700.041,15499.630,
Contact STARLINK-6142 - MoonIOAGNO,47481.926,57203.312,9721.386,
Contact STARLINK-6142 - MoonIOAGNO,59045.858,62953.072,3907.214,
Contact STARLINK-6142 - MoonIOAGNO,64803.036,74429.449,9626.413,
Contact STARLINK-6142 - MoonIOAGNO,76304.342,85888.626,9584.284,
Contact STARLINK-6142 - MoonIOAGNO 0001,1349.207,17013.131,15663.924,
Contact STARLINK-6142 - MoonIOAGNO 0001,18640.128,28469.239,9829.110,
Contact STARLINK-6142 - MoonIOAGNO 0001,30208.511,45735.665,15527.154,
Contact STARLINK-6142 - MoonIOAGNO 0001,47509.831,57204.193,9694.362,
Contact STARLINK-6142 - MoonIOAGNO 0001,59015.314,74406.052,15390.739,
Contact STARLINK-6142 - MoonIOAGNO 0001,76316.794,85911.636,9594.842,
Contact STARLINK-6142 - MoonIOAGSO,1352.624,8811.539,7458.916,
Contact STARLINK-6142 - MoonIOAGSO,12899.674,16975.823,4076.148,
Contact STARLINK-6142 - MoonIOAGSO,18677.979,28452.415,9774.436,
Contact STARLINK-6142 - MoonIOAGSO,30217.125,45700.794,15483.669,
Contact STARLINK-6142 - MoonIOAGSO,47502.185,51450.150,3947.965,
Contact STARLINK-6142 - MoonIOAGSO,59024.594,74384.068,15359.474,
Contact STARLINK-6142 - MoonIOAGSO,76305.783,85877.548,9571.765,
Contact STARLINK-6142 - MoonIOAGSO 0001,1369.003,16976.432,15607.429,
Contact STARLINK-6142 - MoonIOAGSO 0001,18677.220,28487.640,9810.421,
Contact STARLINK-6142 - MoonIOAGSO 0001,33381.247,45678.536,12297.289,
Contact STARLINK-6142 - MoonIOAGSO 0001,47507.705,57165.123,9657.418,
Contact STARLINK-6142 - MoonIOAGSO 0001,59031.091,73936.179,14905.088,
Contact STARLINK-6142 - MoonIOAGSO 0001,76691.678,85865.515,9173.837,
Contact STARLINK-6142 - MoonLRO,1349.328,17004.539,15655.211,
Contact STARLINK-6142 - MoonLRO,20471.550,22741.128,2269.578,
Contact STARLINK-6142 - MoonLRO,34166.547,38115.386,3948.839,
Contact STARLINK-6142 - MoonLRO,41735.472,44974.807,3239.335,
Contact STARLINK-6142 - MoonLRO,47781.363,51451.022,3669.659,
Contact STARLINK-6142 - MoonLRO,64787.768,72287.526,7499.758,
Contact STARLINK-6142 - MoonLRO,82055.338,85890.412,3835.074,
Contact STARLINK-6142 - MarsSat1,0.000,5975.813,5975.813,
Contact STARLINK-6142 - MarsSat1,8103.014,17446.734,9343.721,
Contact STARLINK-6142 - MarsSat1,19573.193,23182.200,3609.007,
Contact STARLINK-6142 - MarsSat1,25308.258,34653.141,9344.882,
Contact STARLINK-6142 - MarsSat1,36778.340,46124.100,9345.760,
Contact STARLINK-6142 - MarsSat1,48248.367,57595.091,9346.724,
Contact STARLINK-6142 - MarsSat1,59718.353,63330.604,3612.251,
Contact STARLINK-6142 - MarsSat1,65453.334,74801.668,9348.334,
Contact STARLINK-6142 - MarsSat1,76923.275,86272.786,9349.511,
Contact STARLINK-6142 - MarsSat2,0.000,5975.807,5975.807,
Contact STARLINK-6142 - MarsSat2,8103.012,17446.750,9343.738,
Contact STARLINK-6142 - MarsSat2,19573.218,23182.225,3609.007,
Contact STARLINK-6142 - MarsSat2,25308.294,34653.184,9344.890,
Contact STARLINK-6142 - MarsSat2,36778.399,46124.165,9345.766,
Contact STARLINK-6142 - MarsSat2,48248.445,57595.172,9346.726,
Contact STARLINK-6142 - MarsSat2,59718.438,63330.686,3612.248,
Contact STARLINK-6142 - MarsSat2,65453.416,74801.740,9348.325,
Contact STARLINK-6142 - MarsSat2,76923.334,86272.830,9349.496,
Contact STARLINK-6142 - MarsSat3,0.000,5975.755,5975.755,
Contact STARLINK-6142 - MarsSat3,8102.946,17446.675,9343.729,
Contact STARLINK-6142 - MarsSat3,19573.145,23182.167,3609.023,
Contact STARLINK-6142 - MarsSat3,25308.244,34653.172,9344.928,
Contact STARLINK-6142 - MarsSat3,36778.389,46124.170,9345.781,
Contact STARLINK-6142 - MarsSat3,48248.447,57595.170,9346.723,
Contact STARLINK-6142 - MarsSat3,59718.428,63330.675,3612.247,
Contact STARLINK-6142 - MarsSat3,65453.395,74801.702,9348.308,
Contact STARLINK-6142 - MarsSat3,76923.287,86272.765,9349.478,
Contact STARLINK-6142 - MarsSat4,0.000,5975.832,5975.832,
Contact STARLINK-6142 - MarsSat4,13838.066,17446.690,3608.624,
Contact STARLINK-6142 - MarsSat4,19573.158,23182.181,3609.023,
Contact STARLINK-6142 - MarsSat4,25308.253,34653.159,9344.906,
Contact STARLINK-6142 - MarsSat4,36778.363,46124.076,9345.713,
Contact STARLINK-6142 - MarsSat4,48248.352,57595.128,9346.776,
Contact STARLINK-6142 - MarsSat4,59718.404,63330.666,3612.262,
Contact STARLINK-6142 - MarsSat4,65453.399,73689.478,8236.079,
Contact STARLINK-6142 - MarsSat4,76923.273,86272.794,9349.521,
Contact STARLINK-2388 - STARLINK-1700,0.000,86400.000,86400.000,
Contact STARLINK-2388 - STARLINK-31463,0.000,589.405,589.405,
Contact STARLINK-2388 - STARLINK-31463,7467.151,17735.455,10268.304,
Contact STARLINK-2388 - STARLINK-31463,18689.368,31940.502,13251.134,
Contact STARLINK-2388 - STARLINK-31463,32805.877,46022.785,13216.908,
Contact STARLINK-2388 - STARLINK-31463,47001.490,57235.527,10234.038,
Contact STARLINK-2388 - STARLINK-31463,64160.704,71200.307,7039.603,
Contact STARLINK-2388 - STARLINK-31463,78567.432,79513.140,945.709,
Contact STARLINK-2388 - MoonARTEMIS1,0.000,2387.259,2387.259,
Contact STARLINK-2388 - MoonARTEMIS1,4440.279,13836.108,9395.829,
Contact STARLINK-2388 - MoonARTEMIS1,15870.433,31031.779,15161.346,
Contact STARLINK-2388 - MoonARTEMIS1,33929.881,42440.280,8510.399,
Contact STARLINK-2388 - MoonARTEMIS1,44427.343,53864.331,9436.988,
Contact STARLINK-2388 - MoonARTEMIS1,55842.580,59580.151,3737.571,
Contact STARLINK-2388 - MoonARTEMIS1,61552.381,71018.253,9465.872,
Contact STARLINK-2388 - MoonARTEMIS1,72975.912,82464.784,9488.871,
Contact STARLINK-2388 - MoonARTEMIS1,84404.791,86400.000,1995.209,
Contact STARLINK-2388 - MoonARTEMIS2,0.000,2479.009,2479.009,
Contact STARLINK-2388 - MoonARTEMIS2,4488.303,13913.731,9425.429,
Contact STARLINK-2388 - MoonARTEMIS2,15908.718,19629.722,3721.005,
Contact STARLINK-2388 - MoonARTEMIS2,21618.345,31057.196,9438.851,
Contact STARLINK-2388 - MoonARTEMIS2,33035.436,42472.264,9436.828,
Contact STARLINK-2388 - MoonARTEMIS2,44445.107,47370.526,2925.419,
Contact STARLINK-2388 - MoonARTEMIS2,55876.823,59657.397,3780.574,
Contact STARLINK-2388 - MoonARTEMIS2,61595.095,71122.691,9527.596,
Contact STARLINK-2388 - MoonARTEMIS2,73031.035,82584.678,9553.643,
Contact STARLINK-2388 - MoonARTEMIS2,84466.972,86400.000,1933.028,
Contact STARLINK-2388 - MoonIOAGEO,0.000,2413.227,2413.227,
Contact STARLINK-2388 - MoonIOAGEO,4453.915,13033.164,8579.249,
Contact STARLINK-2388 - MoonIOAGEO,17292.879,19597.386,2304.508,
Contact STARLINK-2388 - MoonIOAGEO,21607.168,31041.069,9433.901,
Contact STARLINK-2388 - MoonIOAGEO,33029.110,42454.414,9425.304,
Contact STARLINK-2388 - MoonIOAGEO,44435.416,53897.660,9462.244,
Contact STARLINK-2388 - MoonIOAGEO,61587.952,71101.297,9513.345,
Contact STARLINK-2388 - MoonIOAGEO,73025.637,82523.639,9498.002,
Contact STARLINK-2388 - MoonIOAGEO,84435.728,86400.000,1964.272,
Contact STARLINK-2388 - MoonIOAGNO,0.000,2413.504,2413.504,
Contact STARLINK-2388 - MoonIOAGNO,4459.065,13873.941,9414.876,
Contact STARLINK-2388 - MoonIOAGNO,15880.370,31007.577,15127.207,
Contact STARLINK-2388 - MoonIOAGNO,32994.819,42445.924,9451.104,
Contact STARLINK-2388 - MoonIOAGNO,44429.851,53922.809,9492.959,
Contact STARLINK-2388 - MoonIOAGNO,55873.137,59641.388,3768.251,
Contact STARLINK-2388 - MoonIOAGNO,61573.563,71070.064,9496.501,
Contact STARLINK-2388 - MoonIOAGNO,72985.965,82506.386,9520.421,
Contact STARLINK-2388 - MoonIOAGNO,84418.084,86400.000,1981.916,
Contact STARLINK-2388 - MoonIOAGNO 0001,0.000,2417.831,2417.831,
Contact STARLINK-2388 - MoonIOAGNO 0001,4442.202,13844.051,9401.849,
Contact STARLINK-2388 - MoonIOAGNO 0001,15862.094,31035.357,15173.263,
Contact STARLINK-2388 - MoonIOAGNO 0001,33025.646,42465.741,9440.096,
Contact STARLINK-2388 - MoonIOAGNO 0001,44426.763,53893.293,9466.529,
Contact STARLINK-2388 - MoonIOAGNO 0001,55844.210,59611.565,3767.355,
Contact STARLINK-2388 - MoonIOAGNO 0001,61560.619,71072.817,9512.198,
Contact STARLINK-2388 - MoonIOAGNO 0001,73018.655,82536.782,9518.128,
Contact STARLINK-2388 - MoonIOAGNO 0001,84428.440,86400.000,1971.560,
Contact STARLINK-2388 - MoonIOAGSO,0.000,2432.701,2432.701,
Contact STARLINK-2388 - MoonIOAGSO,4463.123,8142.394,3679.272,
Contact STARLINK-2388 - MoonIOAGSO,15905.035,19606.932,3701.897,
Contact STARLINK-2388 - MoonIOAGSO,21626.043,31050.703,9424.661,
Contact STARLINK-2388 - MoonIOAGSO,33051.135,42479.818,9428.682,
Contact STARLINK-2388 - MoonIOAGSO,44455.270,52206.493,7751.223,
Contact STARLINK-2388 - MoonIOAGSO,55879.623,59647.300,3767.677,
Contact STARLINK-2388 - MoonIOAGSO,61608.812,71103.880,9495.068,
Contact STARLINK-2388 - MoonIOAGSO,73046.670,82546.271,9499.601,
Contact STARLINK-2388 - MoonIOAGSO,84462.358,86400.000,1937.642,
Contact STARLINK-2388 - MoonIOAGSO 0001,0.000,2454.087,2454.087,
Contact STARLINK-2388 - MoonIOAGSO 0001,4494.707,13887.969,9393.262,
Contact STARLINK-2388 - MoonIOAGSO 0001,15909.804,19599.515,3689.711,
Contact STARLINK-2388 - MoonIOAGSO 0001,21609.726,30487.995,8878.269,
Contact STARLINK-2388 - MoonIOAGSO 0001,33427.688,42488.964,9061.276,
Contact STARLINK-2388 - MoonIOAGSO 0001,44475.952,53935.326,9459.374,
Contact STARLINK-2388 - MoonIOAGSO 0001,55901.741,59653.244,3751.503,
Contact STARLINK-2388 - MoonIOAGSO 0001,61606.625,71076.218,9469.593,
Contact STARLINK-2388 - MoonIOAGSO 0001,78738.791,82541.657,3802.866,
Contact STARLINK-2388 - MoonIOAGSO 0001,84468.329,86400.000,1931.671,
Contact STARLINK-2388 - MoonLRO,6817.856,10810.453,3992.596,
Contact STARLINK-2388 - MoonLRO,27334.607,31023.906,3689.300,
Contact STARLINK-2388 - MoonLRO,34145.113,36747.702,2602.589,
Contact STARLINK-2388 - MoonLRO,50158.455,51792.797,1634.342,
Contact STARLINK-2388 - MoonLRO,55876.126,58611.515,2735.389,
Contact STARLINK-2388 - MoonLRO,61589.340,71081.008,9491.668,
Contact STARLINK-2388 - MoonLRO,75084.804,76807.197,1722.394,
Contact STARLINK-2388 - MarsSat1,149.802,9675.039,9525.237,
Contact STARLINK-2388 - MarsSat1,11556.158,21079.479,9523.321,
Contact STARLINK-2388 - MarsSat1,22962.518,38185.846,15223.328,
Contact STARLINK-2388 - MarsSat1,40071.968,49589.896,9517.929,
Contact STARLINK-2388 - MarsSat1,51478.181,60993.813,9515.631,
Contact STARLINK-2388 - MarsSat1,62884.347,66695.728,3811.381,
Contact STARLINK-2388 - MarsSat1,68587.423,78099.479,9512.056,
Contact STARLINK-2388 - MarsSat1,79993.581,86400.000,6406.419,
Contact STARLINK-2388 - MarsSat2,149.862,9675.039,9525.177,
Contact STARLINK-2388 - MarsSat2,11556.139,21079.486,9523.347,
Contact STARLINK-2388 - MarsSat2,22962.439,38185.885,15223.446,
Contact STARLINK-2388 - MarsSat2,40071.884,49589.973,9518.089,
Contact STARLINK-2388 - MarsSat2,51478.159,60993.921,9515.763,
Contact STARLINK-2388 - MarsSat2,62884.407,66695.843,3811.437,
Contact STARLINK-2388 - MarsSat2,68587.519,78099.582,9512.064,
Contact STARLINK-2388 - MarsSat2,79993.716,86400.000,6406.284,
Contact STARLINK-2388 - MarsSat3,149.891,9674.962,9525.071,
Contact STARLINK-2388 - MarsSat3,11556.145,21079.407,9523.262,
Contact STARLINK-2388 - MarsSat3,22962.433,38185.888,15223.456,
Contact STARLINK-2388 - MarsSat3,40071.921,49589.991,9518.070,
Contact STARLINK-2388 - MarsSat3,51478.209,60993.922,9515.713,
Contact STARLINK-2388 - MarsSat3,62884.447,66695.827,3811.380,
Contact STARLINK-2388 - MarsSat3,68587.546,78099.525,9511.979,
Contact STARLINK-2388 - MarsSat3,79993.702,86400.000,6406.298,
Contact STARLINK-2388 - MarsSat4,149.898,9031.063,8881.165,
Contact STARLINK-2388 - MarsSat4,11556.173,21079.429,9523.256,
Contact STARLINK-2388 - MarsSat4,22962.459,38185.849,15223.390,
Contact STARLINK-2388 - MarsSat4,43179.642,49589.862,6410.220,
Contact STARLINK-2388 - MarsSat4,51478.120,60993.885,9515.765,
Contact STARLINK-2388 - MarsSat4,62884.394,66695.822,3811.429,
Contact STARLINK-2388 - MarsSat4,68587.508,78099.489,9511.981,
Contact STARLINK-2388 - MarsSat4,79993.639,86400.000,6406.361,
Contact STARLINK-3167 - MoonARTEMIS1,519.347,9745.212,9225.865,
Contact STARLINK-3167 - MoonARTEMIS1,11917.793,21146.054,9228.262,
Contact STARLINK-3167 - MoonARTEMIS1,23322.443,26850.135,3527.692,
Contact STARLINK-3167 - MoonARTEMIS1,34713.711,38227.822,3514.111,
Contact STARLINK-3167 - MoonARTEMIS1,40397.078,49600.477,9203.399,
Contact STARLINK-3167 - MoonARTEMIS1,51771.759,60979.695,9207.935,
Contact STARLINK-3167 - MoonARTEMIS1,63152.469,66671.094,3518.625,
Contact STARLINK-3167 - MoonARTEMIS1,68844.477,78057.050,9212.574,
Contact STARLINK-3167 - MoonARTEMIS1,80231.332,86400.000,6168.668,
Contact STARLINK-3167 - MoonARTEMIS2,589.980,9802.701,9212.721,
Contact STARLINK-3167 - MoonARTEMIS2,11975.331,21184.728,9209.397,
Contact STARLINK-3167 - MoonARTEMIS2,23357.300,26874.338,3517.038,
Contact STARLINK-3167 - MoonARTEMIS2,29046.633,38248.974,9202.341,
Contact STARLINK-3167 - MoonARTEMIS2,40419.604,47422.715,7003.110,
Contact STARLINK-3167 - MoonARTEMIS2,51802.318,61026.547,9224.229,
Contact STARLINK-3167 - MoonARTEMIS2,63201.079,66724.913,3523.835,
Contact STARLINK-3167 - MoonARTEMIS2,68898.505,78119.286,9220.780,
Contact STARLINK-3167 - MoonARTEMIS2,80290.828,86400.000,6109.172,
Contact STARLINK-3167 - MoonIOAGEO,542.520,9762.896,9220.376,
Contact STARLINK-3167 - MoonIOAGEO,17641.065,21168.140,3527.076,
Contact STARLINK-3167 - MoonIOAGEO,23342.798,26864.733,3521.934,
Contact STARLINK-3167 - MoonIOAGEO,29037.173,38236.986,9199.813,
Contact STARLINK-3167 - MoonIOAGEO,40407.107,49613.331,9206.224,
Contact STARLINK-3167 - MoonIOAGEO,51788.217,55312.577,3524.360,
Contact STARLINK-3167 - MoonIOAGEO,63192.742,66717.572,3524.830,
Contact STARLINK-3167 - MoonIOAGEO,68892.192,78099.463,9207.271,
Contact STARLINK-3167 - MoonIOAGEO,80268.918,86400.000,6131.082,
Contact STARLINK-3167 - MoonIOAGNO,538.202,9778.430,9240.228,
Contact STARLINK-3167 - MoonIOAGNO,11948.859,21150.033,9201.173,
Contact STARLINK-3167 - MoonIOAGNO,23321.129,26837.008,3515.879,
Contact STARLINK-3167 - MoonIOAGNO,29009.307,38219.548,9210.241,
Contact STARLINK-3167 - MoonIOAGNO,40394.486,49624.194,9229.708,
Contact STARLINK-3167 - MoonIOAGNO,51804.819,61010.641,9205.822,
Contact STARLINK-3167 - MoonIOAGNO,63181.557,66696.871,3515.313,
Contact STARLINK-3167 - MoonIOAGNO,68868.269,78075.802,9207.533,
Contact STARLINK-3167 - MoonIOAGNO,80248.720,86400.000,6151.280,
Contact STARLINK-3167 - MoonIOAGNO 0001,545.578,9752.356,9206.778,
Contact STARLINK-3167 - MoonIOAGNO 0001,11924.015,21141.632,9217.617,
Contact STARLINK-3167 - MoonIOAGNO 0001,23317.050,26846.538,3529.489,
Contact STARLINK-3167 - MoonIOAGNO 0001,29026.674,38237.705,9211.031,
Contact STARLINK-3167 - MoonIOAGNO 0001,40408.854,49610.834,9201.980,
Contact STARLINK-3167 - MoonIOAGNO 0001,51783.752,60994.529,9210.777,
Contact STARLINK-3167 - MoonIOAGNO 0001,63169.857,66693.246,3523.389,
Contact STARLINK-3167 - MoonIOAGNO 0001,68871.219,78098.039,9226.820,
Contact STARLINK-3167 - MoonIOAGNO 0001,80267.661,86400.000,6132.339,
Contact STARLINK-3167 - MoonIOAGSO,560.719,8814.711,8253.992,
Contact STARLINK-3167 - MoonIOAGSO,11947.175,21178.775,9231.600,
Contact STARLINK-3167 - MoonIOAGSO,23351.844,26874.795,3522.951,
Contact STARLINK-3167 - MoonIOAGSO,29047.117,38255.488,9208.371,
Contact STARLINK-3167 - MoonIOAGSO,40426.362,49621.207,9194.845,
Contact STARLINK-3167 - MoonIOAGSO,57501.983,61028.348,3526.366,
Contact STARLINK-3167 - MoonIOAGSO,63204.467,66727.642,3523.175,
Contact STARLINK-3167 - MoonIOAGSO,68902.168,78114.388,9212.219,
Contact STARLINK-3167 - MoonIOAGSO,80285.869,86400.000,6114.131,
Contact STARLINK-3167 - MoonIOAGSO 0001,574.278,9793.314,9219.036,
Contact STARLINK-3167 - MoonIOAGSO 0001,11962.766,21167.521,9204.755,
Contact STARLINK-3167 - MoonIOAGSO 0001,23336.135,26849.140,3513.006,
Contact STARLINK-3167 - MoonIOAGSO 0001,34725.458,38253.243,3527.785,
Contact STARLINK-3167 - MoonIOAGSO 0001,40429.195,49648.735,9219.540,
Contact STARLINK-3167 - MoonIOAGSO 0001,51822.221,61028.625,9206.404,
Contact STARLINK-3167 - MoonIOAGSO 0001,63199.576,66712.391,3512.815,
Contact STARLINK-3167 - MoonIOAGSO 0001,68881.308,72394.234,3512.925,
Contact STARLINK-3167 - MoonIOAGSO 0001,80277.071,86400.000,6122.929,
Contact STARLINK-3167 - MoonLRO,557.036,9770.095,9213.060,
Contact STARLINK-3167 - MoonLRO,13664.969,15466.894,1801.925,
Contact STARLINK-3167 - MoonLRO,34721.775,38111.534,3389.759,
Contact STARLINK-3167 - MoonLRO,40983.795,43931.125,2947.330,
Contact STARLINK-3167 - MoonLRO,57492.381,58646.631,1154.250,
Contact STARLINK-3167 - MoonLRO,63189.124,65458.609,2269.484,
Contact STARLINK-3167 - MoonLRO,68883.152,78092.483,9209.331,
Contact STARLINK-3167 - MoonLRO,81929.990,83789.580,1859.590,
Contact STARLINK-3167 - MarsSat1,1520.270,5150.776,3630.506,
Contact STARLINK-3167 - MarsSat1,7201.088,16515.274,9314.186,
Contact STARLINK-3167 - MarsSat1,18562.783,27879.853,9317.070,
Contact STARLINK-3167 - MarsSat1,29924.529,39244.482,9319.953,
Contact STARLINK-3167 - MarsSat1,41286.297,44926.811,3640.514,
Contact STARLINK-3167 - MarsSat1,46967.185,56291.504,9324.319,
Contact STARLINK-3167 - MarsSat1,58328.977,67656.270,9327.293,
Contact STARLINK-3167 - MarsSat1,69690.816,79021.144,9330.328,
Contact STARLINK-3167 - MarsSat1,81052.739,84703.629,3650.890,
Contact STARLINK-3167 - MarsSat2,1520.331,5150.800,3630.470,
Contact STARLINK-3167 - MarsSat2,7201.101,16515.226,9314.126,
Contact STARLINK-3167 - MarsSat2,18562.710,27879.760,9317.050,
Contact STARLINK-3167 - MarsSat2,29924.404,39244.387,9319.983,
Contact STARLINK-3167 - MarsSat2,41286.167,44926.733,3640.566,
Contact STARLINK-3167 - MarsSat2,46967.073,56291.489,9324.416,
Contact STARLINK-3167 - MarsSat2,58328.931,67656.329,9327.398,
Contact STARLINK-3167 - MarsSat2,69690.851,79021.251,9330.401,
Contact STARLINK-3167 - MarsSat2,81052.831,84703.743,3650.912,
Contact STARLINK-3167 - MarsSat3,1520.378,5150.833,3630.455,
Contact STARLINK-3167 - MarsSat3,7201.164,16515.244,9314.080,
Contact STARLINK-3167 - MarsSat3,18562.762,27879.775,9317.013,
Contact STARLINK-3167 - MarsSat3,29924.438,39244.420,9319.982,
Contact STARLINK-3167 - MarsSat3,41286.206,44926.774,3640.567,
Contact STARLINK-3167 - MarsSat3,46967.117,56291.535,9324.418,
Contact STARLINK-3167 - MarsSat3,58328.983,67656.364,9327.381,
Contact STARLINK-3167 - MarsSat3,69690.900,79021.259,9330.359,
Contact STARLINK-3167 - MarsSat3,81052.863,84703.731,3650.868,
Contact STARLINK-3167 - MarsSat4,1520.330,5150.840,3630.510,
Contact STARLINK-3167 - MarsSat4,12881.957,16515.255,3633.298,
Contact STARLINK-3167 - MarsSat4,18562.769,27879.798,9317.029,
Contact STARLINK-3167 - MarsSat4,29924.462,39244.426,9319.965,
Contact STARLINK-3167 - MarsSat4,43179.595,44926.745,1747.150,
Contact STARLINK-3167 - MarsSat4,46967.122,56291.478,9324.356,
Contact STARLINK-3167 - MarsSat4,58328.942,67656.325,9327.383,
Contact STARLINK-3167 - MarsSat4,69690.856,79021.204,9330.348,
Contact STARLINK-3167 - MarsSat4,81052.806,84703.684,3650.878,
Contact STARLINK-1700 - STARLINK-31463,10362.001,11029.811,667.810,
Contact STARLINK-1700 - STARLINK-31463,21527.749,25413.643,3885.894,
Contact STARLINK-1700 - STARLINK-31463,35568.029,42537.133,6969.105,
Contact STARLINK-1700 - STARLINK-31463,49696.249,51051.934,1355.685,
Contact STARLINK-1700 - STARLINK-31463,58196.658,65205.267,7008.609,
Contact STARLINK-1700 - STARLINK-31463,75290.311,79271.021,3980.710,
Contact STARLINK-1700 - MoonARTEMIS1,0.000,2045.686,2045.686,
Contact STARLINK-1700 - MoonARTEMIS1,3747.530,13580.897,9833.367,
Contact STARLINK-1700 - MoonARTEMIS1,15228.880,25142.835,9913.955,
Contact STARLINK-1700 - MoonARTEMIS1,26725.259,30926.637,4201.378,
Contact STARLINK-1700 - MoonARTEMIS1,33923.979,42386.788,8462.809,
Contact STARLINK-1700 - MoonARTEMIS1,43926.283,53875.752,9949.470,
Contact STARLINK-1700 - MoonARTEMIS1,55397.407,71139.023,15741.616,
Contact STARLINK-1700 - MoonARTEMIS1,72623.926,82662.834,10038.908,
Contact STARLINK-1700 - MoonARTEMIS1,84122.905,86400.000,2277.095,
Contact STARLINK-1700 - MoonARTEMIS2,0.000,2222.449,2222.449,
Contact STARLINK-1700 - MoonARTEMIS2,3798.556,13733.045,9934.490,
Contact STARLINK-1700 - MoonARTEMIS2,15273.954,30978.719,15704.765,
Contact STARLINK-1700 - MoonARTEMIS2,32486.740,42446.174,9959.435,
Contact STARLINK-1700 - MoonARTEMIS2,43952.810,47351.720,3398.909,
Contact STARLINK-1700 - MoonARTEMIS2,55448.643,59771.888,4323.245,
Contact STARLINK-1700 - MoonARTEMIS2,61204.235,71329.196,10124.961,
Contact STARLINK-1700 - MoonARTEMIS2,72719.589,86400.000,13680.411,
Contact STARLINK-1700 - MoonIOAGEO,0.000,2093.899,2093.899,
Contact STARLINK-1700 - MoonIOAGEO,3762.518,12991.640,9229.122,
Contact STARLINK-1700 - MoonIOAGEO,17262.474,25188.988,7926.514,
Contact STARLINK-1700 - MoonIOAGEO,26744.680,30942.235,4197.554,
Contact STARLINK-1700 - MoonIOAGEO,32480.290,42414.353,9934.063,
Contact STARLINK-1700 - MoonIOAGEO,43937.351,53938.699,10001.348,
Contact STARLINK-1700 - MoonIOAGEO,61389.914,71278.945,9889.031,
Contact STARLINK-1700 - MoonIOAGEO,72709.972,82758.235,10048.262,
Contact STARLINK-1700 - MoonIOAGEO,84179.673,86400.000,2220.327,
Contact STARLINK-1700 - MoonIOAGNO,0.000,2095.352,2095.352,
Contact STARLINK-1700 - MoonIOAGNO,3766.200,13659.769,9893.569,
Contact STARLINK-1700 - MoonIOAGNO,15236.872,25159.586,9922.714,
Contact STARLINK-1700 - MoonIOAGNO,26684.463,30907.143,4222.681,
Contact STARLINK-1700 - MoonIOAGNO,32421.078,42409.770,9988.693,
Contact STARLINK-1700 - MoonIOAGNO,43924.412,53983.159,10058.747,
Contact STARLINK-1700 - MoonIOAGNO,55444.595,71263.804,15819.209,
Contact STARLINK-1700 - MoonIOAGNO,72637.348,82754.524,10117.176,
Contact STARLINK-1700 - MoonIOAGNO,84146.284,86400.000,2253.716,
Contact STARLINK-1700 - MoonIOAGNO 0001,0.000,2121.045,2121.045,
Contact STARLINK-1700 - MoonIOAGNO 0001,3736.860,13613.989,9877.129,
Contact STARLINK-1700 - MoonIOAGNO 0001,15209.156,25130.303,9921.146,
Contact STARLINK-1700 - MoonIOAGNO 0001,26723.423,30928.896,4205.472,
Contact STARLINK-1700 - MoonIOAGNO 0001,32474.797,42459.834,9985.037,
Contact STARLINK-1700 - MoonIOAGNO 0001,43916.301,53958.144,10041.844,
Contact STARLINK-1700 - MoonIOAGNO 0001,55391.886,71228.130,15836.244,
Contact STARLINK-1700 - MoonIOAGNO 0001,72695.702,86400.000,13704.298,
Contact STARLINK-1700 - MoonIOAGSO,0.000,2126.377,2126.377,
Contact STARLINK-1700 - MoonIOAGSO,3775.928,7873.901,4097.972,
Contact STARLINK-1700 - MoonIOAGSO,15277.302,25175.906,9898.604,
Contact STARLINK-1700 - MoonIOAGSO,26780.070,30935.108,4155.037,
Contact STARLINK-1700 - MoonIOAGSO,32518.850,42447.688,9928.838,
Contact STARLINK-1700 - MoonIOAGSO,43970.785,52190.784,8219.999,
Contact STARLINK-1700 - MoonIOAGSO,55453.444,59725.615,4272.170,
Contact STARLINK-1700 - MoonIOAGSO,61229.378,71250.950,10021.572,
Contact STARLINK-1700 - MoonIOAGSO,72745.938,82772.128,10026.190,
Contact STARLINK-1700 - MoonIOAGSO,84227.102,86400.000,2172.898,
Contact STARLINK-1700 - MoonIOAGSO 0001,0.000,2146.671,2146.671,
Contact STARLINK-1700 - MoonIOAGSO 0001,3822.981,13657.329,9834.348,
Contact STARLINK-1700 - MoonIOAGSO 0001,15288.846,25158.056,9869.210,
Contact STARLINK-1700 - MoonIOAGSO 0001,26721.719,30496.731,3775.012,
Contact STARLINK-1700 - MoonIOAGSO 0001,33403.914,42450.271,9046.357,
Contact STARLINK-1700 - MoonIOAGSO 0001,44003.488,53973.747,9970.260,
Contact STARLINK-1700 - MoonIOAGSO 0001,55495.088,59733.285,4238.197,
Contact STARLINK-1700 - MoonIOAGSO 0001,61228.082,71247.078,10018.996,
Contact STARLINK-1700 - MoonIOAGSO 0001,78456.465,82762.498,4306.032,
Contact STARLINK-1700 - MoonIOAGSO 0001,84234.938,86400.000,2165.062,
Contact STARLINK-1700 - MoonLRO,0.000,2125.741,2125.741,
Contact STARLINK-1700 - MoonLRO,6816.414,7882.222,1065.808,
Contact STARLINK-1700 - MoonLRO,20997.378,24445.193,3447.815,
Contact STARLINK-1700 - MoonLRO,27327.466,30917.897,3590.431,
Contact STARLINK-1700 - MoonLRO,34130.079,36681.555,2551.476,
Contact STARLINK-1700 - MoonLRO,49699.893,51780.219,2080.326,
Contact STARLINK-1700 - MoonLRO,55451.173,58614.000,3162.827,
Contact STARLINK-1700 - MoonLRO,61465.180,71252.525,9787.345,
Contact STARLINK-1700 - MoonLRO,75080.100,77011.096,1930.996,
Contact STARLINK-1700 - MarsSat1,0.000,3582.687,3582.687,
Contact STARLINK-1700 - MarsSat1,5568.658,9304.385,3735.727,
Contact STARLINK-1700 - MarsSat1,11292.297,20747.698,9455.401,
Contact STARLINK-1700 - MarsSat1,22739.476,32190.900,9451.424,
Contact STARLINK-1700 - MarsSat1,34186.506,37912.461,3725.955,
Contact STARLINK-1700 - MarsSat1,39909.962,49355.515,9445.552,
Contact STARLINK-1700 - MarsSat1,51356.765,60798.490,9441.725,
Contact STARLINK-1700 - MarsSat1,62803.440,66519.953,3716.512,
Contact STARLINK-1700 - MarsSat1,68526.738,77962.828,9436.089,
Contact STARLINK-1700 - MarsSat1,79973.265,86400.000,6426.735,
Contact STARLINK-1700 - MarsSat2,0.000,3582.669,3582.669,
Contact STARLINK-1700 - MarsSat2,5568.663,9304.387,3735.724,
Contact STARLINK-1700 - MarsSat2,11292.293,20747.734,9455.441,
Contact STARLINK-1700 - MarsSat2,22739.460,32190.964,9451.504,
Contact STARLINK-1700 - MarsSat2,34186.497,37912.538,3726.041,
Contact STARLINK-1700 - MarsSat2,39909.967,49355.612,9445.645,
Contact STARLINK-1700 - MarsSat2,51356.810,60798.592,9441.781,
Contact STARLINK-1700 - MarsSat2,62803.526,66520.047,3716.521,
Contact STARLINK-1700 - MarsSat2,68526.836,77962.892,9436.056,
Contact STARLINK-1700 - MarsSat2,79973.362,86400.000,6426.638,
Contact STARLINK-1700 - MarsSat3,0.000,3582.615,3582.615,
Contact STARLINK-1700 - MarsSat3,5568.635,9304.298,3735.663,
Contact STARLINK-1700 - MarsSat3,11292.242,20747.648,9455.406,
Contact STARLINK-1700 - MarsSat3,22739.413,32190.935,9451.522,
Contact STARLINK-1700 - MarsSat3,34186.496,37912.528,3726.032,
Contact STARLINK-1700 - MarsSat3,39909.982,49355.613,9445.631,
Contact STARLINK-1700 - MarsSat3,51356.835,60798.576,9441.742,
Contact STARLINK-1700 - MarsSat3,62803.534,66520.018,3716.484,
Contact STARLINK-1700 - MarsSat3,68526.830,77962.833,9436.003,
Contact STARLINK-1700 - MarsSat3,79973.318,86400.000,6426.682,
Contact STARLINK-1700 - MarsSat4,0.000,3582.720,3582.720,
Contact STARLINK-1700 - MarsSat4,5568.709,9031.033,3462.323,
Contact STARLINK-1700 - MarsSat4,11292.285,20747.663,9455.379,
Contact STARLINK-1700 - MarsSat4,22739.434,32190.928,9451.494,
Contact STARLINK-1700 - MarsSat4,34186.496,37912.487,3725.991,
Contact STARLINK-1700 - MarsSat4,43179.697,49355.504,6175.807,
Contact STARLINK-1700 - MarsSat4,51356.736,60798.557,9441.821,
Contact STARLINK-1700 - MarsSat4,62803.504,66520.028,3716.523,
Contact STARLINK-1700 - MarsSat4,68526.819,77962.816,9435.997,
Contact STARLINK-1700 - MarsSat4,79973.282,86400.000,6426.718,
Contact STARLINK-5049 - MoonARTEMIS1,1425.050,10787.574,9362.524,
Contact STARLINK-5049 - MoonARTEMIS1,12946.781,16552.518,3605.737,
Contact STARLINK-5049 - MoonARTEMIS1,18710.261,28091.457,9381.196,
Contact STARLINK-5049 - MoonARTEMIS1,35986.663,39589.778,3603.115,
Contact STARLINK-5049 - MoonARTEMIS1,41732.549,45338.450,3605.902,
Contact STARLINK-5049 - MoonARTEMIS1,47481.317,56842.682,9361.365,
Contact STARLINK-5049 - MoonARTEMIS1,58984.339,68353.564,9369.225,
Contact STARLINK-5049 - MoonARTEMIS1,70492.839,74111.159,3618.320,
Contact STARLINK-5049 - MoonARTEMIS1,76248.878,85630.524,9381.646,
Contact STARLINK-5049 - MoonARTEMIS2,1494.746,5100.377,3605.632,
Contact STARLINK-5049 - MoonARTEMIS2,7249.545,16611.159,9361.614,
Contact STARLINK-5049 - MoonARTEMIS2,18756.922,28117.665,9360.743,
Contact STARLINK-5049 - MoonARTEMIS2,30260.273,33868.425,3608.151,
Contact STARLINK-5049 - MoonARTEMIS2,36009.496,45360.209,9350.713,
Contact STARLINK-5049 - MoonARTEMIS2,53267.962,56894.012,3626.050,
Contact STARLINK-5049 - MoonARTEMIS2,59031.177,74189.256,15158.079,
Contact STARLINK-5049 - MoonARTEMIS2,76314.109,85715.000,9400.891,
Contact STARLINK-5049 - MoonIOAGEO,1446.583,5045.289,3598.705,
Contact STARLINK-5049 - MoonIOAGEO,7202.627,10808.958,3606.331,
Contact STARLINK-5049 - MoonIOAGEO,18732.926,28104.835,9371.909,
Contact STARLINK-5049 - MoonIOAGEO,30250.497,45350.268,15099.771,
Contact STARLINK-5049 - MoonIOAGEO,47493.236,56876.038,9382.802,
Contact STARLINK-5049 - MoonIOAGEO,64784.706,74170.465,9385.759,
Contact STARLINK-5049 - MoonIOAGEO,76297.903,85665.394,9367.490,
Contact STARLINK-5049 - MoonIOAGNO,1444.142,5052.158,3608.016,
Contact STARLINK-5049 - MoonIOAGNO,7216.176,16576.670,9360.494,
Contact STARLINK-5049 - MoonIOAGNO,18722.751,28077.357,9354.605,
Contact STARLINK-5049 - MoonIOAGNO,30221.429,39587.469,9366.040,
Contact STARLINK-5049 - MoonIOAGNO,41732.803,45349.841,3617.039,
Contact STARLINK-5049 - MoonIOAGNO,47497.949,56888.258,9390.308,
Contact STARLINK-5049 - MoonIOAGNO,59020.450,68391.290,9370.839,
Contact STARLINK-5049 - MoonIOAGNO,70518.238,74144.083,3625.844,
Contact STARLINK-5049 - MoonIOAGNO,76270.451,85658.073,9387.621,
Contact STARLINK-5049 - MoonIOAGNO 0001,1448.403,10799.565,9351.162,
Contact STARLINK-5049 - MoonIOAGNO 0001,12950.921,16555.310,3604.389,
Contact STARLINK-5049 - MoonIOAGNO 0001,18707.572,28087.450,9379.878,
Contact STARLINK-5049 - MoonIOAGNO 0001,30244.356,45357.712,15113.356,
Contact STARLINK-5049 - MoonIOAGNO 0001,47494.075,56863.886,9369.811,
Contact STARLINK-5049 - MoonIOAGNO 0001,58999.917,68386.044,9386.126,
Contact STARLINK-5049 - MoonIOAGNO 0001,70526.975,74163.830,3636.856,
Contact STARLINK-5049 - MoonIOAGNO 0001,76294.928,85674.902,9379.974,
Contact STARLINK-5049 - MoonIOAGSO,1464.020,5057.011,3592.991,
Contact STARLINK-5049 - MoonIOAGSO,12978.049,16588.206,3610.157,
Contact STARLINK-5049 - MoonIOAGSO,18744.287,28111.073,9366.786,
Contact STARLINK-5049 - MoonIOAGSO,30261.608,33867.194,3605.585,
Contact STARLINK-5049 - MoonIOAGSO,36014.437,45369.012,9354.575,
Contact STARLINK-5049 - MoonIOAGSO,47507.150,51117.422,3610.272,
Contact STARLINK-5049 - MoonIOAGSO,59031.475,74177.522,15146.047,
Contact STARLINK-5049 - MoonIOAGSO,76311.408,85686.390,9374.982,
Contact STARLINK-5049 - MoonIOAGSO 0001,1480.348,5080.412,3600.063,
Contact STARLINK-5049 - MoonIOAGSO 0001,7237.437,16589.441,9352.004,
Contact STARLINK-5049 - MoonIOAGSO 0001,18740.360,28085.771,9345.411,
Contact STARLINK-5049 - MoonIOAGSO 0001,36004.652,45383.941,9379.289,
Contact STARLINK-5049 - MoonIOAGSO 0001,47529.964,56899.553,9369.589,
Contact STARLINK-5049 - MoonIOAGSO 0001,59038.461,73890.920,14852.460,
Contact STARLINK-5049 - MoonIOAGSO 0001,76777.719,85691.089,8913.370,
Contact STARLINK-5049 - MoonLRO,1461.620,3948.527,2486.907,
Contact STARLINK-5049 - MoonLRO,13670.659,16574.236,2903.576,
Contact STARLINK-5049 - MoonLRO,20485.413,22334.466,1849.054,
Contact STARLINK-5049 - MoonLRO,35996.891,38119.052,2122.161,
Contact STARLINK-5049 - MoonLRO,41754.130,44947.366,3193.235,
Contact STARLINK-5049 - MoonLRO,47808.154,51121.416,3313.263,
Contact STARLINK-5049 - MoonLRO,64773.335,65484.340,711.005,
Contact STARLINK-5049 - MoonLRO,70533.150,72300.437,1767.287,
Contact STARLINK-5049 - MoonLRO,82046.948,85672.918,3625.969,
Contact STARLINK-5049 - MarsSat1,0.000,6288.491,6288.491,
Contact STARLINK-5049 - MarsSat1,8318.261,17777.892,9459.631,
Contact STARLINK-5049 - MarsSat1,19805.908,23522.606,3716.698,
Contact STARLINK-5049 - MarsSat1,25549.760,35012.041,9462.280,
Contact STARLINK-5049 - MarsSat1,37037.504,46501.474,9463.971,
Contact STARLINK-5049 - MarsSat1,48525.285,52246.193,3720.908,
Contact STARLINK-5049 - MarsSat1,54269.192,63735.648,9466.457,
Contact STARLINK-5049 - MarsSat1,65757.058,75225.154,9468.096,
Contact STARLINK-5049 - MarsSat1,77245.025,80969.932,3724.906,
Contact STARLINK-5049 - MarsSat1,82989.056,86400.000,3410.944,
Contact STARLINK-5049 - MarsSat2,0.000,6288.502,6288.502,
Contact STARLINK-5049 - MarsSat2,8318.263,17777.855,9459.592,
Contact STARLINK-5049 - MarsSat2,19805.836,23522.553,3716.717,
Contact STARLINK-5049 - MarsSat2,25549.664,35011.982,9462.318,
Contact STARLINK-5049 - MarsSat2,37037.393,46501.450,9464.057,
Contact STARLINK-5049 - MarsSat2,48525.211,52246.196,3720.986,
Contact STARLINK-5049 - MarsSat2,54269.152,63735.714,9466.562,
Contact STARLINK-5049 - MarsSat2,65757.098,75225.260,9468.163,
Contact STARLINK-5049 - MarsSat2,77245.126,80970.043,3724.917,
Contact STARLINK-5049 - MarsSat2,82989.171,86400.000,3410.829,
Contact STARLINK-5049 - MarsSat3,0.000,6288.504,6288.504,
Contact STARLINK-5049 - MarsSat3,8318.304,17777.834,9459.530,
Contact STARLINK-5049 - MarsSat3,19805.858,23522.537,3716.679,
Contact STARLINK-5049 - MarsSat3,25549.683,35011.997,9462.314,
Contact STARLINK-5049 - MarsSat3,37037.425,46501.485,9464.061,
Contact STARLINK-5049 - MarsSat3,48525.257,52246.234,3720.977,
Contact STARLINK-5049 - MarsSat3,54269.201,63735.739,9466.538,
Contact STARLINK-5049 - MarsSat3,65757.141,75225.256,9468.115,
Contact STARLINK-5049 - MarsSat3,77245.146,80970.019,3724.873,
Contact STARLINK-5049 - MarsSat3,82989.172,86400.000,3410.828,
Contact STARLINK-5049 - MarsSat4,0.000,6288.547,6288.547,
Contact STARLINK-5049 - MarsSat4,14062.077,17777.850,3715.773,
Contact STARLINK-5049 - MarsSat4,19805.872,23522.559,3716.686,
Contact STARLINK-5049 - MarsSat4,25549.705,35012.005,9462.300,
Contact STARLINK-5049 - MarsSat4,37037.443,46501.410,9463.967,
Contact STARLINK-5049 - MarsSat4,48525.216,52246.153,3720.937,
Contact STARLINK-5049 - MarsSat4,54269.147,63735.701,9466.554,
Contact STARLINK-5049 - MarsSat4,65757.096,73689.464,7932.368,
Contact STARLINK-5049 - MarsSat4,77245.094,80969.971,3724.877,
Contact STARLINK-5049 - MarsSat4,82989.116,86400.000,3410.884,
Contact STARLINK-31463 - MoonARTEMIS1,0.000,2745.724,2745.724,
Contact STARLINK-31463 - MoonARTEMIS1,4917.579,14040.268,9122.689,
Contact STARLINK-31463 - MoonARTEMIS1,16216.053,19690.290,3474.237,
Contact STARLINK-31463 - MoonARTEMIS1,21868.342,30993.991,9125.649,
Contact STARLINK-31463 - MoonARTEMIS1,33936.685,42251.972,8315.287,
Contact STARLINK-31463 - MoonARTEMIS1,44424.036,53520.996,9096.959,
Contact STARLINK-31463 - MoonARTEMIS1,55695.632,59157.981,3462.349,
Contact STARLINK-31463 - MoonARTEMIS1,66973.348,70435.708,3462.359,
Contact STARLINK-31463 - MoonARTEMIS1,72614.018,81717.840,9103.822,
Contact STARLINK-31463 - MoonARTEMIS1,83898.584,86400.000,2501.416,
Contact STARLINK-31463 - MoonARTEMIS2,0.000,2824.083,2824.083,
Contact STARLINK-31463 - MoonARTEMIS2,4998.819,14102.722,9103.904,
Contact STARLINK-31463 - MoonARTEMIS2,16277.995,19740.622,3462.627,
Contact STARLINK-31463 - MoonARTEMIS2,21915.960,31012.634,9096.673,
Contact STARLINK-31463 - MoonARTEMIS2,33187.371,42275.660,9088.289,
Contact STARLINK-31463 - MoonARTEMIS2,44447.151,47347.862,2900.712,
Contact STARLINK-31463 - MoonARTEMIS2,55742.636,59209.575,3466.939,
Contact STARLINK-31463 - MoonARTEMIS2,61391.444,70502.040,9110.596,
Contact STARLINK-31463 - MoonARTEMIS2,72684.504,81790.431,9105.927,
Contact STARLINK-31463 - MoonARTEMIS2,83973.376,86400.000,2426.624,
Contact STARLINK-31463 - MoonIOAGEO,0.000,2768.507,2768.507,
Contact STARLINK-31463 - MoonIOAGEO,4939.427,13015.185,8075.758,
Contact STARLINK-31463 - MoonIOAGEO,17280.065,19716.151,2436.086,
Contact STARLINK-31463 - MoonIOAGEO,21893.423,31001.079,9107.656,
Contact STARLINK-31463 - MoonIOAGEO,33173.972,42262.347,9088.376,
Contact STARLINK-31463 - MoonIOAGEO,44436.288,53543.820,9107.532,
Contact STARLINK-31463 - MoonIOAGEO,61421.477,70491.094,9069.618,
Contact STARLINK-31463 - MoonIOAGEO,72670.985,81757.464,9086.479,
Contact STARLINK-31463 - MoonIOAGEO,83934.568,86400.000,2465.432,
Contact STARLINK-31463 - MoonIOAGNO,0.000,2769.712,2769.712,
Contact STARLINK-31463 - MoonIOAGNO,4945.793,14071.196,9125.403,
Contact STARLINK-31463 - MoonIOAGNO,16243.991,19704.685,3460.693,
Contact STARLINK-31463 - MoonIOAGNO,21878.806,30974.396,9095.590,
Contact STARLINK-31463 - MoonIOAGNO,33150.858,42254.862,9104.004,
Contact STARLINK-31463 - MoonIOAGNO,44434.071,53561.797,9127.726,
Contact STARLINK-31463 - MoonIOAGNO,55740.514,59198.355,3457.841,
Contact STARLINK-31463 - MoonIOAGNO,61376.498,70466.424,9089.927,
Contact STARLINK-31463 - MoonIOAGNO,72646.549,81741.458,9094.910,
Contact STARLINK-31463 - MoonIOAGNO,83923.691,86400.000,2476.309,
Contact STARLINK-31463 - MoonIOAGNO 0001,0.000,2773.636,2773.636,
Contact STARLINK-31463 - MoonIOAGNO 0001,4946.170,14047.219,9101.049,
Contact STARLINK-31463 - MoonIOAGNO 0001,16221.915,19688.981,3467.067,
Contact STARLINK-31463 - MoonIOAGNO 0001,21865.114,30996.763,9131.649,
Contact STARLINK-31463 - MoonIOAGNO 0001,33173.908,42268.689,9094.781,
Contact STARLINK-31463 - MoonIOAGNO 0001,44445.526,53538.838,9093.312,
Contact STARLINK-31463 - MoonIOAGNO 0001,55717.820,59177.389,3459.568,
Contact STARLINK-31463 - MoonIOAGNO 0001,61357.489,70471.101,9113.612,
Contact STARLINK-31463 - MoonIOAGNO 0001,72658.671,81760.879,9102.208,
Contact STARLINK-31463 - MoonIOAGNO 0001,83940.983,86400.000,2459.017,
Contact STARLINK-31463 - MoonIOAGSO,0.000,2784.651,2784.651,
Contact STARLINK-31463 - MoonIOAGSO,4952.924,8420.110,3467.186,
Contact STARLINK-31463 - MoonIOAGSO,16249.915,19724.227,3474.312,
Contact STARLINK-31463 - MoonIOAGSO,21897.555,31010.011,9112.455,
Contact STARLINK-31463 - MoonIOAGSO,33182.903,42282.046,9099.142,
Contact STARLINK-31463 - MoonIOAGSO,44455.410,52208.410,7753.000,
Contact STARLINK-31463 - MoonIOAGSO,55735.940,59206.263,3470.323,
Contact STARLINK-31463 - MoonIOAGSO,61386.692,70497.675,9110.983,
Contact STARLINK-31463 - MoonIOAGSO,72676.577,81774.805,9098.228,
Contact STARLINK-31463 - MoonIOAGSO,83953.213,86400.000,2446.787,
Contact STARLINK-31463 - MoonIOAGSO 0001,0.000,2802.951,2802.951,
Contact STARLINK-31463 - MoonIOAGSO 0001,4972.279,14082.805,9110.526,
Contact STARLINK-31463 - MoonIOAGSO 0001,16252.666,19717.761,3465.095,
Contact STARLINK-31463 - MoonIOAGSO 0001,21888.171,30494.892,8606.722,
Contact STARLINK-31463 - MoonIOAGSO 0001,33412.504,42289.585,8877.081,
Contact STARLINK-31463 - MoonIOAGSO 0001,44466.092,53574.447,9108.354,
Contact STARLINK-31463 - MoonIOAGSO 0001,55750.490,59211.749,3461.259,
Contact STARLINK-31463 - MoonIOAGSO 0001,61387.822,70474.574,9086.752,
Contact STARLINK-31463 - MoonIOAGSO 0001,78303.144,81770.453,3467.309,
Contact STARLINK-31463 - MoonIOAGSO 0001,83953.111,86400.000,2446.889,
Contact STARLINK-31463 - MoonLRO,6838.763,10805.359,3966.596,
Contact STARLINK-31463 - MoonLRO,27524.672,30987.689,3463.017,
Contact STARLINK-31463 - MoonLRO,34152.142,36631.607,2479.465,
Contact STARLINK-31463 - MoonLRO,50092.350,51802.464,1710.114,
Contact STARLINK-31463 - MoonLRO,55735.106,58620.852,2885.746,
Contact STARLINK-31463 - MoonLRO,61456.973,70478.471,9021.498,
Contact STARLINK-31463 - MoonLRO,75100.386,76120.633,1020.247,
Contact STARLINK-31463 - MarsSat1,364.659,9482.374,9117.716,
Contact STARLINK-31463 - MarsSat1,11617.795,20736.586,9118.791,
Contact STARLINK-31463 - MarsSat1,22870.981,31990.863,9119.881,
Contact STARLINK-31463 - MarsSat1,34124.189,37618.018,3493.829,
Contact STARLINK-31463 - MarsSat1,39750.794,48872.358,9121.564,
Contact STARLINK-31463 - MarsSat1,51004.005,60126.749,9122.744,
Contact STARLINK-31463 - MarsSat1,62257.231,71381.220,9123.989,
Contact STARLINK-31463 - MarsSat1,73510.502,82635.799,9125.297,
Contact STARLINK-31463 - MarsSat1,84763.847,86400.000,1636.153,
Contact STARLINK-31463 - MarsSat2,364.717,9482.369,9117.653,
Contact STARLINK-31463 - MarsSat2,11617.775,20736.520,9118.745,
Contact STARLINK-31463 - MarsSat2,22870.900,31990.766,9119.866,
Contact STARLINK-31463 - MarsSat2,34124.080,37617.922,3493.841,
Contact STARLINK-31463 - MarsSat2,39750.688,48872.294,9121.607,
Contact STARLINK-31463 - MarsSat2,51003.936,60126.748,9122.812,
Contact STARLINK-31463 - MarsSat2,62257.228,71381.282,9124.054,
Contact STARLINK-31463 - MarsSat2,73510.563,82635.895,9125.333,
Contact STARLINK-31463 - MarsSat2,84763.942,86400.000,1636.058,
Contact STARLINK-31463 - MarsSat3,364.751,9482.405,9117.654,
Contact STARLINK-31463 - MarsSat3,11617.821,20736.540,9118.719,
Contact STARLINK-31463 - MarsSat3,22870.928,31990.788,9119.860,
Contact STARLINK-31463 - MarsSat3,34124.108,37617.950,3493.842,
Contact STARLINK-31463 - MarsSat3,39750.720,48872.334,9121.614,
Contact STARLINK-31463 - MarsSat3,51003.978,60126.789,9122.811,
Contact STARLINK-31463 - MarsSat3,62257.271,71381.311,9124.040,
Contact STARLINK-31463 - MarsSat3,73510.597,82635.899,9125.303,
Contact STARLINK-31463 - MarsSat3,84763.952,86400.000,1636.048,
Contact STARLINK-31463 - MarsSat4,364.717,9031.045,8666.329,
Contact STARLINK-31463 - MarsSat4,11617.824,20736.553,9118.729,
Contact STARLINK-31463 - MarsSat4,22870.943,31990.809,9119.866,
Contact STARLINK-31463 - MarsSat4,34124.130,37617.965,3493.835,
Contact STARLINK-31463 - MarsSat4,43179.589,48872.300,5692.711,
Contact STARLINK-31463 - MarsSat4,51003.951,60126.745,9122.794,
Contact STARLINK-31463 - MarsSat4,62257.230,71381.277,9124.048,
Contact STARLINK-31463 - MarsSat4,75534.563,82635.850,7101.288,
Contact STARLINK-31463 - MarsSat4,84763.900,86400.000,1636.100,
Contact MoonARTEMIS1 - MoonARTEMIS2,0.000,34613.171,34613.171,
Contact MoonARTEMIS1 - MoonARTEMIS2,41080.749,84940.397,43859.649,
Contact MoonARTEMIS1 - MoonIOAGEO,0.000,18036.899,18036.899,
Contact MoonARTEMIS1 - MoonIOAGEO,22940.118,32175.841,9235.723,
Contact MoonARTEMIS1 - MoonIOAGEO,36190.510,67032.730,30842.220,
Contact MoonARTEMIS1 - MoonIOAGEO,71721.797,86400.000,14678.203,
Contact MoonARTEMIS1 - MoonIOAGNO,0.000,8390.584,8390.584,
Contact MoonARTEMIS1 - MoonIOAGNO,10904.801,52372.361,41467.561,
Contact MoonARTEMIS1 - MoonIOAGNO,55890.093,86400.000,30509.907,
Contact MoonARTEMIS1 - MoonIOAGNO 0001,0.000,27963.511,27963.511,
Contact MoonARTEMIS1 - MoonIOAGNO 0001,29883.190,73586.648,43703.458,
Contact MoonARTEMIS1 - MoonIOAGNO 0001,76862.089,86400.000,9537.911,
Contact MoonARTEMIS1 - MoonIOAGSO,0.000,86400.000,86400.000,
Contact MoonARTEMIS1 - MoonIOAGSO 0001,0.000,86400.000,86400.000,
Contact MoonARTEMIS1 - MoonLRO,0.000,17823.478,17823.478,
Contact MoonARTEMIS1 - MoonLRO,20673.119,24201.493,3528.373,
Contact MoonARTEMIS1 - MoonLRO,27983.536,34467.490,6483.953,
Contact MoonARTEMIS1 - MoonLRO,37863.332,41476.082,3612.750,
Contact MoonARTEMIS1 - MoonLRO,44583.670,48378.515,3794.845,
Contact MoonARTEMIS1 - MoonLRO,51343.765,55263.776,3920.011,
Contact MoonARTEMIS1 - MoonLRO,58113.683,62146.587,4032.904,
Contact MoonARTEMIS1 - MoonLRO,64883.888,86400.000,21516.112,
Contact MoonARTEMIS1 - MarsSat1,0.000,811.208,811.208,
Contact MoonARTEMIS1 - MarsSat1,8651.963,86400.000,77748.037,
Contact MoonARTEMIS1 - MarsSat2,0.000,813.198,813.198,
Contact MoonARTEMIS1 - MarsSat2,8651.903,86400.000,77748.097,
Contact MoonARTEMIS1 - MarsSat3,0.000,815.902,815.902,
Contact MoonARTEMIS1 - MarsSat3,8644.905,86400.000,77755.095,
Contact MoonARTEMIS1 - MarsSat4,0.000,806.685,806.685,
Contact MoonARTEMIS1 - MarsSat4,10825.988,86400.000,75574.012,
Contact MoonARTEMIS2 - MoonIOAGEO,0.000,2474.859,2474.859,
Contact MoonARTEMIS2 - MoonIOAGEO,6869.562,86400.000,79530.438,
Contact MoonARTEMIS2 - MoonIOAGNO,0.000,2570.836,2570.836,
Contact MoonARTEMIS2 - MoonIOAGNO,6730.012,86400.000,79669.988,
Contact MoonARTEMIS2 - MoonIOAGNO 0001,0.000,25082.345,25082.345,
Contact MoonARTEMIS2 - MoonIOAGNO 0001,28774.426,86400.000,57625.574,
Contact MoonARTEMIS2 - MoonIOAGSO,0.000,46289.526,46289.526,
Contact MoonARTEMIS2 - MoonIOAGSO,50044.633,86400.000,36355.367,
Contact MoonARTEMIS2 - MoonIOAGSO 0001,0.000,86400.000,86400.000,
Contact MoonARTEMIS2 - MoonLRO,236.108,17912.688,17676.580,
Contact MoonARTEMIS2 - MoonLRO,20783.888,24611.317,3827.430,
Contact MoonARTEMIS2 - MoonLRO,27633.394,31302.359,3668.965,
Contact MoonARTEMIS2 - MoonLRO,34493.340,37943.785,3450.446,
Contact MoonARTEMIS2 - MoonLRO,41415.210,47890.269,6475.059,
Contact MoonARTEMIS2 - MoonLRO,51426.813,54893.227,3466.415,
Contact MoonARTEMIS2 - MoonLRO,57858.376,86400.000,28541.624,
Contact MoonARTEMIS2 - MarsSat1,0.000,86400.000,86400.000,
Contact MoonARTEMIS2 - MarsSat2,0.000,86400.000,86400.000,
Contact MoonARTEMIS2 - MarsSat3,0.000,86400.000,86400.000,
Contact MoonARTEMIS2 - MarsSat4,0.000,9025.630,9025.630,
Contact MoonARTEMIS2 - MarsSat4,10826.040,86400.000,75573.960,
Contact MoonIOAGEO - MoonIOAGNO,0.000,86400.000,86400.000,
Contact MoonIOAGEO - MoonIOAGNO 0001,0.000,21198.891,21198.891,
Contact MoonIOAGEO - MoonIOAGNO 0001,28621.924,64394.417,35772.493,
Contact MoonIOAGEO - MoonIOAGNO 0001,71820.499,86400.000,14579.501,
Contact MoonIOAGEO - MoonIOAGSO,0.000,86400.000,86400.000,
Contact MoonIOAGEO - MoonIOAGSO 0001,0.000,29306.463,29306.463,
Contact MoonIOAGEO - MoonIOAGSO 0001,32729.080,72504.941,39775.862,
Contact MoonIOAGEO - MoonIOAGSO 0001,75929.777,86400.000,10470.223,
Contact MoonIOAGEO - MoonLRO,10513.797,13967.409,3453.613,
Contact MoonIOAGEO - MoonLRO,17439.979,20955.093,3515.113,
Contact MoonIOAGEO - MoonLRO,27495.952,30812.409,3316.457,
Contact MoonIOAGEO - MoonLRO,34446.069,37728.429,3282.360,
Contact MoonIOAGEO - MoonLRO,41448.651,47921.675,6473.023,
Contact MoonIOAGEO - MoonLRO,51445.989,54893.109,3447.121,
Contact MoonIOAGEO - MoonLRO,58342.719,61813.829,3471.110,
Contact MoonIOAGEO - MoonLRO,68218.375,71688.294,3469.919,
Contact MoonIOAGEO - MoonLRO,75368.942,78658.575,3289.633,
Contact MoonIOAGEO - MoonLRO,82300.847,85555.684,3254.837,
Contact MoonIOAGEO - MarsSat1,3775.490,43085.669,39310.179,
Contact MoonIOAGEO - MarsSat1,47010.666,86319.403,39308.738,
Contact MoonIOAGEO - MarsSat2,3775.674,43085.087,39309.413,
Contact MoonIOAGEO - MarsSat2,47010.350,86320.149,39309.799,
Contact MoonIOAGEO - MarsSat3,3775.801,43085.346,39309.544,
Contact MoonIOAGEO - MarsSat3,47010.616,86320.061,39309.446,
Contact MoonIOAGEO - MarsSat4,3775.953,9025.390,5249.437,
Contact MoonIOAGEO - MarsSat4,10826.041,41354.891,30528.850,
Contact MoonIOAGEO - MarsSat4,47010.224,86319.776,39309.551,
Contact MoonIOAGNO - MoonIOAGNO 0001,0.000,6708.349,6708.349,
Contact MoonIOAGNO - MoonIOAGNO 0001,9437.641,28307.484,18869.842,
Contact MoonIOAGNO - MoonIOAGNO 0001,31036.776,49906.619,18869.843,
Contact MoonIOAGNO - MoonIOAGNO 0001,52635.912,71505.754,18869.843,
Contact MoonIOAGNO - MoonIOAGNO 0001,74235.047,86400.000,12164.953,
Contact MoonIOAGNO - MoonIOAGSO,0.000,6295.243,6295.243,
Contact MoonIOAGNO - MoonIOAGSO,9131.533,49493.413,40361.880,
Contact MoonIOAGNO - MoonIOAGSO,52329.726,86400.000,34070.274,
Contact MoonIOAGNO - MoonIOAGSO 0001,0.000,33375.428,33375.428,
Contact MoonIOAGNO - MoonIOAGSO 0001,40903.061,76573.333,35670.272,
Contact MoonIOAGNO - MoonIOAGSO 0001,84100.165,86400.000,2299.835,
Contact MoonIOAGNO - MoonLRO,4116.642,7699.480,3582.838,
Contact MoonIOAGNO - MoonLRO,14958.773,18406.344,3447.571,
Contact MoonIOAGNO - MoonLRO,21880.369,25434.112,3553.743,
Contact MoonIOAGNO - MoonLRO,28813.234,39505.598,10692.363,
Contact MoonIOAGNO - MoonLRO,43377.423,48134.665,4757.242,
Contact MoonIOAGNO - MoonLRO,55879.626,59242.603,3362.976,
Contact MoonIOAGNO - MoonLRO,62800.540,66329.568,3529.027,
Contact MoonIOAGNO - MoonLRO,69725.785,73319.853,3594.068,
Contact MoonIOAGNO - MoonLRO,76695.095,80349.102,3654.007,
Contact MoonIOAGNO - MoonLRO,83899.018,86400.000,2500.982,
Contact MoonIOAGNO - MarsSat1,0.000,1203.739,1203.739,
Contact MoonIOAGNO - MarsSat1,4160.559,44368.620,40208.061,
Contact MoonIOAGNO - MarsSat1,47407.734,86400.000,38992.266,
Contact MoonIOAGNO - MarsSat2,0.000,1203.005,1203.005,
Contact MoonIOAGNO - MarsSat2,4160.714,44370.234,40209.520,
Contact MoonIOAGNO - MarsSat2,47407.631,86400.000,38992.369,
Contact MoonIOAGNO - MarsSat3,0.000,1202.363,1202.363,
Contact MoonIOAGNO - MarsSat3,4160.726,44369.882,40209.156,
Contact MoonIOAGNO - MarsSat3,47407.919,86400.000,38992.081,
Contact MoonIOAGNO - MarsSat4,0.000,1203.465,1203.465,
Contact MoonIOAGNO - MarsSat4,4161.133,9025.470,4864.337,
Contact MoonIOAGNO - MarsSat4,10826.017,44369.033,33543.016,
Contact MoonIOAGNO - MarsSat4,47407.221,86400.000,38992.779,
Contact MoonIOAGNO 0001 - MoonIOAGSO,0.000,11776.475,11776.475,
Contact MoonIOAGNO 0001 - MoonIOAGSO,19304.509,54974.380,35669.872,
Contact MoonIOAGNO 0001 - MoonIOAGSO,62501.613,86400.000,23898.387,
Contact MoonIOAGNO 0001 - MoonIOAGSO 0001,0.000,27894.328,27894.328,
Contact MoonIOAGNO 0001 - MoonIOAGSO 0001,30730.629,71092.499,40361.869,
Contact MoonIOAGNO 0001 - MoonIOAGSO 0001,73928.822,86400.000,12471.178,
Contact MoonIOAGNO 0001 - MoonLRO,1420.556,4984.956,3564.401,
Contact MoonIOAGNO 0001 - MoonLRO,8359.198,11979.633,3620.435,
Contact MoonIOAGNO 0001 - MoonLRO,15391.083,19104.596,3713.513,
Contact MoonIOAGNO 0001 - MoonLRO,23461.350,28002.752,4541.402,
Contact MoonIOAGNO 0001 - MoonLRO,35418.146,38831.090,3412.944,
Contact MoonIOAGNO 0001 - MoonLRO,42340.415,45882.476,3542.061,
Contact MoonIOAGNO 0001 - MoonLRO,49268.873,52871.675,3602.801,
Contact MoonIOAGNO 0001 - MoonLRO,56253.807,59922.275,3668.468,
Contact MoonIOAGNO 0001 - MoonLRO,63583.889,67969.452,4385.563,
Contact MoonIOAGNO 0001 - MoonLRO,76353.758,79630.803,3277.045,
Contact MoonIOAGNO 0001 - MoonLRO,83260.596,86400.000,3139.404,
Contact MoonIOAGNO 0001 - MarsSat1,0.000,22785.785,22785.785,
Contact MoonIOAGNO 0001 - MarsSat1,25784.856,65953.285,40168.429,
Contact MoonIOAGNO 0001 - MarsSat1,69029.446,86400.000,17370.554,
Contact MoonIOAGNO 0001 - MarsSat2,0.000,22786.893,22786.893,
Contact MoonIOAGNO 0001 - MarsSat2,25784.439,65953.862,40169.423,
Contact MoonIOAGNO 0001 - MarsSat2,69030.181,86400.000,17369.819,
Contact MoonIOAGNO 0001 - MarsSat3,0.000,22786.028,22786.028,
Contact MoonIOAGNO 0001 - MarsSat3,25784.307,65953.262,40168.955,
Contact MoonIOAGNO 0001 - MarsSat3,69030.269,86400.000,17369.731,
Contact MoonIOAGNO 0001 - MarsSat4,0.000,9025.566,9025.566,
Contact MoonIOAGNO 0001 - MarsSat4,10826.100,22785.999,11959.899,
Contact MoonIOAGNO 0001 - MarsSat4,25784.496,65953.689,40169.193,
Contact MoonIOAGNO 0001 - MarsSat4,69030.075,86400.000,17369.925,
Contact MoonIOAGSO - MoonIOAGSO 0001,0.000,6708.349,6708.349,
Contact MoonIOAGSO - MoonIOAGSO 0001,9437.641,28307.484,18869.842,
Contact MoonIOAGSO - MoonIOAGSO 0001,31036.776,49906.619,18869.843,
Contact MoonIOAGSO - MoonIOAGSO 0001,52635.912,71505.754,18869.843,
Contact MoonIOAGSO - MoonIOAGSO 0001,74235.047,86400.000,12164.953,
Contact MoonIOAGSO - MoonLRO,0.000,3484.230,3484.230,
Contact MoonIOAGSO - MoonLRO,11062.302,15084.972,4022.670,
Contact MoonIOAGSO - MoonLRO,18835.934,22627.390,3791.456,
Contact MoonIOAGSO - MoonLRO,26086.691,29821.197,3734.506,
Contact MoonIOAGSO - MoonLRO,33265.937,36956.697,3690.760,
Contact MoonIOAGSO - MoonLRO,40534.841,44187.285,3652.445,
Contact MoonIOAGSO - MoonLRO,50105.927,55428.816,5322.889,
Contact MoonIOAGSO - MoonLRO,59588.147,63412.345,3824.198,
Contact MoonIOAGSO - MoonLRO,66914.638,70664.190,3749.552,
Contact MoonIOAGSO - MoonLRO,74099.859,77804.695,3704.835,
Contact MoonIOAGSO - MoonLRO,81315.391,84976.611,3661.220,
Contact MoonIOAGSO - MarsSat1,0.000,86400.000,86400.000,
Contact MoonIOAGSO - MarsSat2,0.000,86400.000,86400.000,
Contact MoonIOAGSO - MarsSat3,0.000,86400.000,86400.000,
Contact MoonIOAGSO - MarsSat4,0.000,9025.443,9025.443,
Contact MoonIOAGSO - MarsSat4,10826.019,86400.000,75573.981,
Contact MoonIOAGSO 0001 - MoonLRO,0.000,2223.086,2223.086,
Contact MoonIOAGSO 0001 - MoonLRO,5669.874,9397.270,3727.396,
Contact MoonIOAGSO 0001 - MoonLRO,12851.583,16535.165,3683.582,
Contact MoonIOAGSO 0001 - MoonLRO,20163.244,23818.215,3654.971,
Contact MoonIOAGSO 0001 - MoonLRO,31123.775,35316.694,4192.919,
Contact MoonIOAGSO 0001 - MoonLRO,39218.567,43024.530,3805.964,
Contact MoonIOAGSO 0001 - MoonLRO,46501.844,50243.689,3741.845,
Contact MoonIOAGSO 0001 - MoonLRO,53682.259,57380.104,3697.845,
Contact MoonIOAGSO 0001 - MoonLRO,60920.247,64575.863,3655.616,
Contact MoonIOAGSO 0001 - MoonLRO,68836.621,75231.092,6394.471,
Contact MoonIOAGSO 0001 - MoonLRO,79939.530,83787.761,3848.231,
Contact MoonIOAGSO 0001 - MarsSat1,0.000,86400.000,86400.000,
Contact MoonIOAGSO 0001 - MarsSat2,0.000,86400.000,86400.000,
Contact MoonIOAGSO 0001 - MarsSat3,0.000,86400.000,86400.000,
Contact MoonIOAGSO 0001 - MarsSat4,0.000,9025.523,9025.523,
Contact MoonIOAGSO 0001 - MarsSat4,10825.881,86400.000,75574.119,
Contact MoonLRO - MarsSat1,0.000,86400.000,86400.000,
Contact MoonLRO - MarsSat2,0.000,86400.000,86400.000,
Contact MoonLRO - MarsSat3,0.000,86400.000,86400.000,
Contact MoonLRO - MarsSat4,0.000,9025.506,9025.506,
Contact MoonLRO - MarsSat4,10826.039,86400.000,75573.961,
Contact MarsSat1 - MarsSat2,0.000,56696.603,56696.603,
Contact MarsSat1 - MarsSat2,64355.860,86400.000,22044.140,
Contact MarsSat1 - MarsSat3,0.000,18934.509,18934.509,
Contact MarsSat1 - MarsSat3,23583.750,64491.091,40907.341,
Contact MarsSat1 - MarsSat3,72510.081,86400.000,13889.919,
Contact MarsSat1 - MarsSat4,0.000,16895.581,16895.581,
Contact MarsSat1 - MarsSat4,21893.408,71814.868,49921.460,
Contact MarsSat1 - MarsSat4,73955.795,86400.000,12444.205,
Contact MarsSat2 - MarsSat3,0.000,86400.000,86400.000,
Contact MarsSat2 - MarsSat4,0.000,9700.383,9700.383,
Contact MarsSat2 - MarsSat4,12207.436,82489.618,70282.183,
Contact MarsSat3 - MarsSat4,0.000,45511.817,45511.817,
Contact MarsSat3 - MarsSat4,50222.827,86400.000,36177.173,
Analysis,Time True,Time False,Percent True,Interval Count,
Contact STARLINK-3836 - STARLINK-2071,0.000,86400.000,0.0000%,0,
Contact STARLINK-3836 - STARLINK-4640,0.000,86400.000,0.0000%,0,
Contact STARLINK-3836 - STARLINK-2644,0.000,86400.000,0.0000%,0,
Contact STARLINK-3836 - STARLINK-4347,4220.718,82179.282,4.8851%,6,
Contact STARLINK-3836 - STARLINK-5501,0.000,86400.000,0.0000%,0,
Contact STARLINK-3836 - STARLINK-5562,0.000,86400.000,0.0000%,0,
Contact STARLINK-3836 - STARLINK-1481,40456.744,45943.256,46.8249%,7,
Contact STARLINK-3836 - STARLINK-5138,0.000,86400.000,0.0000%,0,
Contact STARLINK-3836 - STARLINK-31217,0.000,86400.000,0.0000%,0,
Contact STARLINK-3836 - STARLINK-5335,70884.190,15515.810,82.0419%,6,
Contact STARLINK-3836 - STARLINK-30105,0.000,86400.000,0.0000%,0,
Contact STARLINK-3836 - STARLINK-5698,0.000,86400.000,0.0000%,0,
Contact STARLINK-3836 - STARLINK-3328,484.764,85915.236,0.5611%,1,
Contact STARLINK-3836 - STARLINK-31933,307.120,86092.880,0.3555%,1,
Contact STARLINK-3836 - STARLINK-1909,0.000,86400.000,0.0000%,0,
Contact STARLINK-3836 - STARLINK-32211,5308.652,81091.348,6.1443%,7,
Contact STARLINK-3836 - STARLINK-5718,55374.464,31025.536,64.0908%,7,
Contact STARLINK-3836 - STARLINK-4621,11373.126,75026.874,13.1633%,6,
Contact STARLINK-3836 - STARLINK-2618,0.000,86400.000,0.0000%,0,
Contact STARLINK-3836 - STARLINK-5905,0.000,86400.000,0.0000%,0,
Contact STARLINK-3836 - STARLINK-30312,0.000,86400.000,0.0000%,0,
Contact STARLINK-3836 - STARLINK-5250,11737.122,74662.878,13.5846%,7,
Contact STARLINK-3836 - STARLINK-3081,2177.657,84222.343,2.5204%,4,
Contact STARLINK-3836 - STARLINK-5057,0.000,86400.000,0.0000%,0,
Contact STARLINK-3836 - STARLINK-5576,0.000,86400.000,0.0000%,0,
Contact STARLINK-3836 - STARLINK-30214,0.000,86400.000,0.0000%,0,
Contact STARLINK-3836 - STARLINK-30611,8085.362,78314.638,9.3581%,2,
Contact STARLINK-3836 - STARLINK-30190,2999.649,83400.351,3.4718%,4,
Contact STARLINK-3836 - STARLINK-5215,1952.912,84447.088,2.2603%,4,
Contact STARLINK-3836 - STARLINK-4125,49351.896,37048.104,57.1202%,7,
Contact STARLINK-3836 - STARLINK-32081,3832.160,82567.840,4.4354%,5,
Contact STARLINK-3836 - STARLINK-1301,81804.210,4595.790,94.6808%,2,
Contact STARLINK-3836 - STARLINK-4651,0.000,86400.000,0.0000%,0,
Contact STARLINK-3836 - STARLINK-31617,0.000,86400.000,0.0000%,0,
Contact STARLINK-3836 - STARLINK-2751,55592.628,30807.372,64.3433%,7,
Contact STARLINK-3836 - STARLINK-1015,224.959,86175.041,0.2604%,1,
Contact STARLINK-3836 - STARLINK-5765,0.000,86400.000,0.0000%,0,
Contact STARLINK-3836 - STARLINK-32235,7605.275,78794.725,8.8024%,2,
Contact STARLINK-3836 - STARLINK-11266 [DTC],185.057,86214.943,0.2142%,1,
Contact STARLINK-3836 - STARLINK-30355,0.000,86400.000,0.0000%,0,
Contact STARLINK-3836 - STARLINK-30316,0.000,86400.000,0.0000%,0,
Contact STARLINK-3836 - STARLINK-2602,0.000,86400.000,0.0000%,0,
Contact STARLINK-3836 - STARLINK-6044,7118.299,79281.701,8.2388%,1,
Contact STARLINK-3836 - STARLINK-32254,0.000,86400.000,0.0000%,0,
Contact STARLINK-3836 - STARLINK-4617,121.803,86278.197,0.1410%,1,
Contact STARLINK-3836 - STARLINK-30472,0.000,86400.000,0.0000%,0,
Contact STARLINK-3836 - STARLINK-30196,77662.611,8737.389,89.8873%,3,
Contact STARLINK-3836 - STARLINK-30825,0.000,86400.000,0.0000%,0,
Contact STARLINK-3836 - STARLINK-31627,0.000,86400.000,0.0000%,0,
Contact STARLINK-3836 - STARLINK-3182,0.000,86400.000,0.0000%,0,
Contact STARLINK-3836 - STARLINK-4413,0.000,86400.000,0.0000%,0,
Contact STARLINK-3836 - STARLINK-31407,51447.588,34952.412,59.5458%,1,
Contact STARLINK-3836 - STARLINK-30171,19142.096,67257.904,22.1552%,4,
Contact STARLINK-3836 - STARLINK-5660,0.000,86400.000,0.0000%,0,
Contact STARLINK-3836 - STARLINK-32094,0.000,86400.000,0.0000%,0,
Contact STARLINK-3836 - STARLINK-4127,0.000,86400.000,0.0000%,0,
Contact STARLINK-3836 - STARLINK-30331,0.000,86400.000,0.0000%,0,
Contact STARLINK-3836 - STARLINK-31827,4045.505,82354.495,4.6823%,6,
Contact STARLINK-3836 - STARLINK-30767,0.000,86400.000,0.0000%,0,
Contact STARLINK-3836 - STARLINK-31800,71454.578,14945.422,82.7021%,1,
Contact STARLINK-3836 - STARLINK-4254,0.000,86400.000,0.0000%,0,
Contact STARLINK-3836 - STARLINK-3533,2932.352,83467.648,3.3939%,5,
Contact STARLINK-3836 - STARLINK-31987,3093.723,83306.277,3.5807%,6,
Contact STARLINK-3836 - STARLINK-6311,79144.424,7255.576,91.6023%,7,
Contact STARLINK-3836 - STARLINK-31021,0.000,86400.000,0.0000%,0,
Contact STARLINK-3836 - STARLINK-2228,6227.938,80172.062,7.2083%,4,
Contact STARLINK-3836 - STARLINK-1736,53133.496,33266.504,61.4971%,1,
Contact STARLINK-3836 - STARLINK-6372,0.000,86400.000,0.0000%,0,
Contact STARLINK-3836 - STARLINK-30425,19089.835,67310.165,22.0947%,1,
Contact STARLINK-3836 - STARLINK-4772,0.000,86400.000,0.0000%,0,
Contact STARLINK-3836 - STARLINK-3346,86400.000,0.000,100.0000%,1,
Contact STARLINK-3836 - STARLINK-30320,35142.631,51257.369,40.6743%,2,
Contact STARLINK-3836 - STARLINK-31919,5493.616,80906.384,6.3584%,3,
Contact STARLINK-3836 - STARLINK-31639,0.000,86400.000,0.0000%,0,
Contact STARLINK-3836 - STARLINK-31600,18750.270,67649.730,21.7017%,4,
Contact STARLINK-3836 - STARLINK-4687,0.000,86400.000,0.0000%,0,
Contact STARLINK-3836 - STARLINK-5978,226.224,86173.776,0.2618%,1,
Contact STARLINK-3836 - STARLINK-30613,10848.608,75551.392,12.5563%,7,
Contact STARLINK-3836 - STARLINK-31764,69101.495,17298.505,79.9786%,1,
Contact STARLINK-3836 - STARLINK-4402,1788.596,84611.404,2.0701%,4,
Contact STARLINK-3836 - STARLINK-31502,0.000,86400.000,0.0000%,0,
Contact STARLINK-3836 - STARLINK-5618,0.000,86400.000,0.0000%,0,
Contact STARLINK-3836 - STARLINK-6255,68672.655,17727.345,79.4822%,3,
Contact STARLINK-3836 - STARLINK-3898,67642.624,18757.376,78.2901%,7,
Contact STARLINK-3836 - STARLINK-30842,0.000,86400.000,0.0000%,0,
Contact STARLINK-3836 - STARLINK-4631,0.000,86400.000,0.0000%,0,
Contact STARLINK-3836 - STARLINK-31539,8308.586,78091.414,9.6164%,7,
Contact STARLINK-3836 - STARLINK-5807,0.000,86400.000,0.0000%,0,
Contact STARLINK-3836 - STARLINK-31722,0.000,86400.000,0.0000%,0,
Contact STARLINK-3836 - STARLINK-1581,0.000,86400.000,0.0000%,0,
Contact STARLINK-3836 - STARLINK-30367,62191.648,24208.352,71.9811%,7,
Contact STARLINK-3836 - STARLINK-4290,0.000,86400.000,0.0000%,0,
Contact STARLINK-3836 - STARLINK-5151,8737.758,77662.242,10.1131%,7,
Contact STARLINK-3836 - STARLINK-6142,0.000,86400.000,0.0000%,0,
Contact STARLINK-3836 - STARLINK-2388,0.000,86400.000,0.0000%,0,
Contact STARLINK-3836 - STARLINK-3167,0.000,86400.000,0.0000%,0,
Contact STARLINK-3836 - STARLINK-1700,0.000,86400.000,0.0000%,0,
Contact STARLINK-3836 - STARLINK-5049,0.000,86400.000,0.0000%,0,
Contact STARLINK-3836 - STARLINK-31463,1171.716,85228.284,1.3562%,2,
Contact STARLINK-3836 - MoonARTEMIS1,74840.109,11559.891,86.6205%,8,
Contact STARLINK-3836 - MoonARTEMIS2,71292.136,15107.864,82.5140%,7,
Contact STARLINK-3836 - MoonIOAGEO,68372.269,18027.731,79.1346%,7,
Contact STARLINK-3836 - MoonIOAGNO,77907.889,8492.111,90.1712%,7,
Contact STARLINK-3836 - MoonIOAGNO 0001,77996.919,8403.081,90.2742%,7,
Contact STARLINK-3836 - MoonIOAGSO,70522.891,15877.109,81.6237%,7,
Contact STARLINK-3836 - MoonIOAGSO 0001,68996.242,17403.758,79.8568%,8,
Contact STARLINK-3836 - MoonLRO,38656.710,47743.290,44.7416%,8,
Contact STARLINK-3836 - MarsSat1,67210.272,19189.728,77.7897%,10,
Contact STARLINK-3836 - MarsSat2,67210.266,19189.734,77.7897%,10,
Contact STARLINK-3836 - MarsSat3,67210.275,19189.725,77.7897%,10,
Contact STARLINK-3836 - MarsSat4,57991.620,28408.380,67.1199%,10,
Contact STARLINK-2071 - STARLINK-4640,0.000,86400.000,0.0000%,0,
Contact STARLINK-2071 - STARLINK-2644,0.000,86400.000,0.0000%,0,
Contact STARLINK-2071 - STARLINK-4347,0.000,86400.000,0.0000%,0,
Contact STARLINK-2071 - STARLINK-5501,1504.043,84895.957,1.7408%,4,
Contact STARLINK-2071 - STARLINK-5562,4857.187,81542.813,5.6217%,6,
Contact STARLINK-2071 - STARLINK-1481,0.000,86400.000,0.0000%,0,
Contact STARLINK-2071 - STARLINK-5138,0.000,86400.000,0.0000%,0,
Contact STARLINK-2071 - STARLINK-31217,44298.974,42101.026,51.2720%,5,
Contact STARLINK-2071 - STARLINK-5335,0.000,86400.000,0.0000%,0,
Contact STARLINK-2071 - STARLINK-30105,0.000,86400.000,0.0000%,0,
Contact STARLINK-2071 - STARLINK-5698,0.000,86400.000,0.0000%,0,
Contact STARLINK-2071 - STARLINK-3328,0.000,86400.000,0.0000%,0,
Contact STARLINK-2071 - STARLINK-31933,0.000,86400.000,0.0000%,0,
Contact STARLINK-2071 - STARLINK-1909,0.000,86400.000,0.0000%,0,
Contact STARLINK-2071 - STARLINK-32211,0.000,86400.000,0.0000%,0,
Contact STARLINK-2071 - STARLINK-5718,0.000,86400.000,0.0000%,0,
Contact STARLINK-2071 - STARLINK-4621,0.000,86400.000,0.0000%,0,
Contact STARLINK-2071 - STARLINK-2618,0.000,86400.000,0.0000%,0,
Contact STARLINK-2071 - STARLINK-5905,3320.579,83079.421,3.8433%,5,
Contact STARLINK-2071 - STARLINK-30312,0.000,86400.000,0.0000%,0,
Contact STARLINK-2071 - STARLINK-5250,0.000,86400.000,0.0000%,0,
Contact STARLINK-2071 - STARLINK-3081,0.000,86400.000,0.0000%,0,
Contact STARLINK-2071 - STARLINK-5057,0.000,86400.000,0.0000%,0,
Contact STARLINK-2071 - STARLINK-5576,0.000,86400.000,0.0000%,0,
Contact STARLINK-2071 - STARLINK-30214,39552.800,46847.200,45.7787%,6,
Contact STARLINK-2071 - STARLINK-30611,0.000,86400.000,0.0000%,0,
Contact STARLINK-2071 - STARLINK-30190,8198.127,78201.873,9.4886%,3,
Contact STARLINK-2071 - STARLINK-5215,0.000,86400.000,0.0000%,0,
Contact STARLINK-2071 - STARLINK-4125,0.000,86400.000,0.0000%,0,
Contact STARLINK-2071 - STARLINK-32081,0.000,86400.000,0.0000%,0,
Contact STARLINK-2071 - STARLINK-1301,0.000,86400.000,0.0000%,0,
Contact STARLINK-2071 - STARLINK-4651,104.564,86295.436,0.1210%,1,
Contact STARLINK-2071 - STARLINK-31617,24815.382,61584.618,28.7215%,1,
Contact STARLINK-2071 - STARLINK-2751,0.000,86400.000,0.0000%,0,
Contact STARLINK-2071 - STARLINK-1015,0.000,86400.000,0.0000%,0,
Contact STARLINK-2071 - STARLINK-5765,535.139,85864.861,0.6194%,1,
Contact STARLINK-2071 - STARLINK-32235,12232.225,74167.775,14.1577%,1,
Contact STARLINK-2071 - STARLINK-11266 [DTC],46150.107,40249.893,53.4145%,1,
Contact STARLINK-2071 - STARLINK-30355,9978.204,76421.796,11.5488%,2,
Contact STARLINK-2071 - STARLINK-30316,0.000,86400.000,0.0000%,0,
Contact STARLINK-2071 - STARLINK-2602,6137.815,80262.185,7.1040%,4,
Contact STARLINK-2071 - STARLINK-6044,0.000,86400.000,0.0000%,0,
Contact STARLINK-2071 - STARLINK-32254,0.000,86400.000,0.0000%,0,
Contact STARLINK-2071 - STARLINK-4617,899.962,85500.038,1.0416%,1,
Contact STARLINK-2071 - STARLINK-30472,1264.006,85135.994,1.4630%,3,
Contact STARLINK-2071 - STARLINK-30196,0.000,86400.000,0.0000%,0,
Contact STARLINK-2071 - STARLINK-30825,69.088,86330.912,0.0800%,1,
Contact STARLINK-2071 - STARLINK-31627,27202.473,59197.527,31.4843%,7,
Contact STARLINK-2071 - STARLINK-3182,0.000,86400.000,0.0000%,0,
Contact STARLINK-2071 - STARLINK-4413,4506.120,81893.880,5.2154%,6,
Contact STARLINK-2071 - STARLINK-31407,0.000,86400.000,0.0000%,0,
Contact STARLINK-2071 - STARLINK-30171,0.000,86400.000,0.0000%,0,
Contact STARLINK-2071 - STARLINK-5660,0.000,86400.000,0.0000%,0,
Contact STARLINK-2071 - STARLINK-32094,2734.499,83665.501,3.1649%,1,
Contact STARLINK-2071 - STARLINK-4127,4339.892,82060.108,5.0230%,6,
Contact STARLINK-2071 - STARLINK-30331,0.000,86400.000,0.0000%,0,
Contact STARLINK-2071 - STARLINK-31827,0.000,86400.000,0.0000%,0,
Contact STARLINK-2071 - STARLINK-30767,0.000,86400.000,0.0000%,0,
Contact STARLINK-2071 - STARLINK-31800,0.000,86400.000,0.0000%,0,
Contact STARLINK-2071 - STARLINK-4254,0.000,86400.000,0.0000%,0,
Contact STARLINK-2071 - STARLINK-3533,0.000,86400.000,0.0000%,0,
Contact STARLINK-2071 - STARLINK-31987,0.000,86400.000,0.0000%,0,
Contact STARLINK-2071 - STARLINK-6311,0.000,86400.000,0.0000%,0,
Contact STARLINK-2071 - STARLINK-31021,0.000,86400.000,0.0000%,0,
Contact STARLINK-2071 - STARLINK-2228,0.000,86400.000,0.0000%,0,
Contact STARLINK-2071 - STARLINK-1736,0.000,86400.000,0.0000%,0,
Contact STARLINK-2071 - STARLINK-6372,3903.435,82496.565,4.5179%,4,
Contact STARLINK-2071 - STARLINK-30425,4234.035,82165.965,4.9005%,2,
Contact STARLINK-2071 - STARLINK-4772,22065.104,64334.896,25.5383%,7,
Contact STARLINK-2071 - STARLINK-3346,0.000,86400.000,0.0000%,0,
Contact STARLINK-2071 - STARLINK-30320,0.000,86400.000,0.0000%,0,
Contact STARLINK-2071 - STARLINK-31919,1855.303,84544.697,2.1473%,2,
Contact STARLINK-2071 - STARLINK-31639,0.000,86400.000,0.0000%,0,
Contact STARLINK-2071 - STARLINK-31600,535.596,85864.404,0.6199%,1,
Contact STARLINK-2071 - STARLINK-4687,5236.139,81163.861,6.0603%,7,
Contact STARLINK-2071 - STARLINK-5978,401.764,85998.236,0.4650%,1,
Contact STARLINK-2071 - STARLINK-30613,0.000,86400.000,0.0000%,0,
Contact STARLINK-2071 - STARLINK-31764,0.000,86400.000,0.0000%,0,
Contact STARLINK-2071 - STARLINK-4402,0.000,86400.000,0.0000%,0,
Contact STARLINK-2071 - STARLINK-31502,7196.433,79203.567,8.3292%,6,
Contact STARLINK-2071 - STARLINK-5618,0.000,86400.000,0.0000%,0,
Contact STARLINK-2071 - STARLINK-6255,0.000,86400.000,0.0000%,0,
Contact STARLINK-2071 - STARLINK-3898,0.000,86400.000,0.0000%,0,
Contact STARLINK-2071 - STARLINK-30842,0.000,86400.000,0.0000%,0,
Contact STARLINK-2071 - STARLINK-4631,11731.892,74668.108,13.5786%,7,
Contact STARLINK-2071 - STARLINK-31539,0.000,86400.000,0.0000%,0,
Contact STARLINK-2071 - STARLINK-5807,1156.114,85243.886,1.3381%,2,
Contact STARLINK-2071 - STARLINK-31722,60218.881,26181.119,69.6978%,1,
Contact STARLINK-2071 - STARLINK-1581,71629.904,14770.096,82.9050%,2,
Contact STARLINK-2071 - STARLINK-30367,0.000,86400.000,0.0000%,0,
Contact STARLINK-2071 - STARLINK-4290,4284.241,82115.759,4.9586%,6,
Contact STARLINK-2071 - STARLINK-5151,0.000,86400.000,0.0000%,0,
Contact STARLINK-2071 - STARLINK-6142,0.000,86400.000,0.0000%,0,
Contact STARLINK-2071 - STARLINK-2388,0.000,86400.000,0.0000%,0,
Contact STARLINK-2071 - STARLINK-3167,1763.296,84636.704,2.0409%,3,
Contact STARLINK-2071 - STARLINK-1700,0.000,86400.000,0.0000%,0,
Contact STARLINK-2071 - STARLINK-5049,3555.569,82844.431,4.1152%,6,
Contact STARLINK-2071 - STARLINK-31463,0.000,86400.000,0.0000%,0,
Contact STARLINK-2071 - MoonARTEMIS1,55236.983,31163.017,63.9317%,9,
Contact STARLINK-2071 - MoonARTEMIS2,64058.061,22341.939,74.1413%,9,
Contact STARLINK-2071 - MoonIOAGEO,57456.772,28943.228,66.5009%,8,
Contact STARLINK-2071 - MoonIOAGNO,66720.736,19679.264,77.2231%,9,
Contact STARLINK-2071 - MoonIOAGNO 0001,66732.542,19667.458,77.2367%,9,
Contact STARLINK-2071 - MoonIOAGSO,56168.383,30231.617,65.0097%,8,
Contact STARLINK-2071 - MoonIOAGSO 0001,55372.548,31027.452,64.0886%,9,
Contact STARLINK-2071 - MoonLRO,32874.320,53525.680,38.0490%,8,
Contact STARLINK-2071 - MarsSat1,83244.292,3155.708,96.3476%,4,
Contact STARLINK-2071 - MarsSat2,83243.275,3156.725,96.3464%,4,
Contact STARLINK-2071 - MarsSat3,83244.456,3155.544,96.3477%,4,
Contact STARLINK-2071 - MarsSat4,78245.607,8154.393,90.5620%,5,
Contact STARLINK-4640 - STARLINK-2644,0.000,86400.000,0.0000%,0,
Contact STARLINK-4640 - STARLINK-4347,14275.132,72124.868,16.5221%,6,
Contact STARLINK-4640 - STARLINK-5501,55371.968,31028.032,64.0879%,6,
Contact STARLINK-4640 - STARLINK-5562,14687.810,71712.190,16.9998%,6,
Contact STARLINK-4640 - STARLINK-1481,0.000,86400.000,0.0000%,0,
Contact STARLINK-4640 - STARLINK-5138,0.000,86400.000,0.0000%,0,
Contact STARLINK-4640 - STARLINK-31217,0.000,86400.000,0.0000%,0,
Contact STARLINK-4640 - STARLINK-5335,8633.731,77766.269,9.9927%,7,
Contact STARLINK-4640 - STARLINK-30105,0.000,86400.000,0.0000%,0,
Contact STARLINK-4640 - STARLINK-5698,86400.000,0.000,100.0000%,1,
Contact STARLINK-4640 - STARLINK-3328,0.000,86400.000,0.0000%,0,
Contact STARLINK-4640 - STARLINK-31933,45794.983,40605.017,53.0035%,2,
Contact STARLINK-4640 - STARLINK-1909,0.000,86400.000,0.0000%,0,
Contact STARLINK-4640 - STARLINK-32211,25335.186,61064.814,29.3231%,1,
Contact STARLINK-4640 - STARLINK-5718,0.000,86400.000,0.0000%,0,
Contact STARLINK-4640 - STARLINK-4621,4931.994,81468.006,5.7083%,7,
Contact STARLINK-4640 - STARLINK-2618,0.000,86400.000,0.0000%,0,
Contact STARLINK-4640 - STARLINK-5905,0.000,86400.000,0.0000%,0,
Contact STARLINK-4640 - STARLINK-30312,51810.173,34589.827,59.9655%,6,
Contact STARLINK-4640 - STARLINK-5250,15309.349,71090.651,17.7192%,7,
Contact STARLINK-4640 - STARLINK-3081,69041.891,17358.109,79.9096%,1,
Contact STARLINK-4640 - STARLINK-5057,0.000,86400.000,0.0000%,0,
Contact STARLINK-4640 - STARLINK-5576,0.000,86400.000,0.0000%,0,
Contact STARLINK-4640 - STARLINK-30214,0.000,86400.000,0.0000%,0,
Contact STARLINK-4640 - STARLINK-30611,759.084,85640.916,0.8786%,2,
Contact STARLINK-4640 - STARLINK-30190,0.000,86400.000,0.0000%,0,
Contact STARLINK-4640 - STARLINK-5215,1254.523,85145.477,1.4520%,3,
Contact STARLINK-4640 - STARLINK-4125,0.000,86400.000,0.0000%,0,
Contact STARLINK-4640 - STARLINK-32081,432.486,85967.514,0.5006%,1,
Contact STARLINK-4640 - STARLINK-1301,39.659,86360.341,0.0459%,1,
Contact STARLINK-4640 - STARLINK-4651,0.000,86400.000,0.0000%,0,
Contact STARLINK-4640 - STARLINK-31617,1116.087,85283.913,1.2918%,2,
Contact STARLINK-4640 - STARLINK-2751,480.842,85919.158,0.5565%,1,
Contact STARLINK-4640 - STARLINK-1015,0.000,86400.000,0.0000%,0,
Contact STARLINK-4640 - STARLINK-5765,0.000,86400.000,0.0000%,0,
Contact STARLINK-4640 - STARLINK-32235,2454.325,83945.675,2.8407%,3,
Contact STARLINK-4640 - STARLINK-11266 [DTC],0.000,86400.000,0.0000%,0,
Contact STARLINK-4640 - STARLINK-30355,0.000,86400.000,0.0000%,0,
Contact STARLINK-4640 - STARLINK-30316,0.000,86400.000,0.0000%,0,
Contact STARLINK-4640 - STARLINK-2602,0.000,86400.000,0.0000%,0,
Contact STARLINK-4640 - STARLINK-6044,4865.733,81534.267,5.6316%,6,
Contact STARLINK-4640 - STARLINK-32254,0.000,86400.000,0.0000%,0,
Contact STARLINK-4640 - STARLINK-4617,2318.564,84081.436,2.6835%,5,
Contact STARLINK-4640 - STARLINK-30472,11385.156,75014.844,13.1773%,5,
Contact STARLINK-4640 - STARLINK-30196,8752.077,77647.923,10.1297%,7,
Contact STARLINK-4640 - STARLINK-30825,0.000,86400.000,0.0000%,0,
Contact STARLINK-4640 - STARLINK-31627,643.909,85756.091,0.7453%,1,
Contact STARLINK-4640 - STARLINK-3182,1715.716,84684.284,1.9858%,1,
Contact STARLINK-4640 - STARLINK-4413,0.000,86400.000,0.0000%,0,
Contact STARLINK-4640 - STARLINK-31407,0.000,86400.000,0.0000%,0,
Contact STARLINK-4640 - STARLINK-30171,0.000,86400.000,0.0000%,0,
Contact STARLINK-4640 - STARLINK-5660,0.000,86400.000,0.0000%,0,
Contact STARLINK-4640 - STARLINK-32094,0.000,86400.000,0.0000%,0,
Contact STARLINK-4640 - STARLINK-4127,0.000,86400.000,0.0000%,0,
Contact STARLINK-4640 - STARLINK-30331,0.000,86400.000,0.0000%,0,
Contact STARLINK-4640 - STARLINK-31827,7413.586,78986.414,8.5805%,5,
Contact STARLINK-4640 - STARLINK-30767,0.000,86400.000,0.0000%,0,
Contact STARLINK-4640 - STARLINK-31800,4236.150,82163.850,4.9030%,2,
Contact STARLINK-4640 - STARLINK-4254,0.000,86400.000,0.0000%,0,
Contact STARLINK-4640 - STARLINK-3533,0.000,86400.000,0.0000%,0,
Contact STARLINK-4640 - STARLINK-31987,10512.454,75887.546,12.1672%,5,
Contact STARLINK-4640 - STARLINK-6311,7812.181,78587.819,9.0419%,6,
Contact STARLINK-4640 - STARLINK-31021,0.000,86400.000,0.0000%,0,
Contact STARLINK-4640 - STARLINK-2228,4000.783,82399.217,4.6305%,5,
Contact STARLINK-4640 - STARLINK-1736,7476.769,78923.231,8.6537%,6,
Contact STARLINK-4640 - STARLINK-6372,0.000,86400.000,0.0000%,0,
Contact STARLINK-4640 - STARLINK-30425,6560.260,79839.740,7.5929%,4,
Contact STARLINK-4640 - STARLINK-4772,0.000,86400.000,0.0000%,0,
Contact STARLINK-4640 - STARLINK-3346,0.000,86400.000,0.0000%,0,
Contact STARLINK-4640 - STARLINK-30320,574.168,85825.832,0.6645%,1,
Contact STARLINK-4640 - STARLINK-31919,0.000,86400.000,0.0000%,0,
Contact STARLINK-4640 - STARLINK-31639,0.000,86400.000,0.0000%,0,
Contact STARLINK-4640 - STARLINK-31600,0.000,86400.000,0.0000%,0,
Contact STARLINK-4640 - STARLINK-4687,0.000,86400.000,0.0000%,0,
Contact STARLINK-4640 - STARLINK-5978,0.000,86400.000,0.0000%,0,
Contact STARLINK-4640 - STARLINK-30613,0.000,86400.000,0.0000%,0,
Contact STARLINK-4640 - STARLINK-31764,0.000,86400.000,0.0000%,0,
Contact STARLINK-4640 - STARLINK-4402,0.000,86400.000,0.0000%,0,
Contact STARLINK-4640 - STARLINK-31502,0.000,86400.000,0.0000%,0,
Contact STARLINK-4640 - STARLINK-5618,0.000,86400.000,0.0000%,0,
Contact STARLINK-4640 - STARLINK-6255,401.633,85998.367,0.4649%,1,
Contact STARLINK-4640 - STARLINK-3898,2549.293,83850.707,2.9506%,5,
Contact STARLINK-4640 - STARLINK-30842,86400.000,0.000,100.0000%,1,
Contact STARLINK-4640 - STARLINK-4631,0.000,86400.000,0.0000%,0,
Contact STARLINK-4640 - STARLINK-31539,14617.380,71782.620,16.9183%,6,
Contact STARLINK-4640 - STARLINK-5807,60156.028,26243.972,69.6250%,4,
Contact STARLINK-4640 - STARLINK-31722,0.000,86400.000,0.0000%,0,
Contact STARLINK-4640 - STARLINK-1581,0.000,86400.000,0.0000%,0,
Contact STARLINK-4640 - STARLINK-30367,7451.264,78948.736,8.6241%,7,
Contact STARLINK-4640 - STARLINK-4290,0.000,86400.000,0.0000%,0,
Contact STARLINK-4640 - STARLINK-5151,818.637,85581.363,0.9475%,1,
Contact STARLINK-4640 - STARLINK-6142,0.000,86400.000,0.0000%,0,
Contact STARLINK-4640 - STARLINK-2388,86400.000,0.000,100.0000%,1,
Contact STARLINK-4640 - STARLINK-3167,0.000,86400.000,0.0000%,0,
Contact STARLINK-4640 - STARLINK-1700,70965.850,15434.150,82.1364%,7,
Contact STARLINK-4640 - STARLINK-5049,0.000,86400.000,0.0000%,0,
Contact STARLINK-4640 - STARLINK-31463,86400.000,0.000,100.0000%,1,
Contact STARLINK-4640 - MoonARTEMIS1,65857.257,20542.743,76.2237%,10,
Contact STARLINK-4640 - MoonARTEMIS2,60688.607,25711.393,70.2414%,10,
Contact STARLINK-4640 - MoonIOAGEO,61292.782,25107.218,70.9407%,9,
Contact STARLINK-4640 - MoonIOAGNO,66916.966,19483.034,77.4502%,10,
Contact STARLINK-4640 - MoonIOAGNO 0001,66906.156,19493.844,77.4377%,10,
Contact STARLINK-4640 - MoonIOAGSO,59781.957,26618.043,69.1921%,10,
Contact STARLINK-4640 - MoonIOAGSO 0001,60418.852,25981.148,69.9292%,10,
Contact STARLINK-4640 - MoonLRO,27872.904,58527.096,32.2603%,8,
Contact STARLINK-4640 - MarsSat1,70517.976,15882.024,81.6180%,9,
Contact STARLINK-4640 - MarsSat2,70518.232,15881.768,81.6183%,9,
Contact STARLINK-4640 - MarsSat3,70517.992,15882.008,81.6180%,9,
Contact STARLINK-4640 - MarsSat4,68713.663,17686.337,79.5297%,9,
Contact STARLINK-2644 - STARLINK-4347,3667.203,82732.797,4.2444%,6,
Contact STARLINK-2644 - STARLINK-5501,0.000,86400.000,0.0000%,0,
Contact STARLINK-2644 - STARLINK-5562,0.000,86400.000,0.0000%,0,
Contact STARLINK-2644 - STARLINK-1481,0.000,86400.000,0.0000%,0,
Contact STARLINK-2644 - STARLINK-5138,0.000,86400.000,0.0000%,0,
Contact STARLINK-2644 - STARLINK-31217,1667.222,84732.778,1.9297%,3,
Contact STARLINK-2644 - STARLINK-5335,0.000,86400.000,0.0000%,0,
Contact STARLINK-2644 - STARLINK-30105,0.000,86400.000,0.0000%,0,
Contact STARLINK-2644 - STARLINK-5698,0.000,86400.000,0.0000%,0,
Contact STARLINK-2644 - STARLINK-3328,86400.000,0.000,100.0000%,1,
Contact STARLINK-2644 - STARLINK-31933,0.000,86400.000,0.0000%,0,
Contact STARLINK-2644 - STARLINK-1909,0.000,86400.000,0.0000%,0,
Contact STARLINK-2644 - STARLINK-32211,1175.265,85224.735,1.3603%,2,
Contact STARLINK-2644 - STARLINK-5718,0.000,86400.000,0.0000%,0,
Contact STARLINK-2644 - STARLINK-4621,4625.264,81774.736,5.3533%,6,
Contact STARLINK-2644 - STARLINK-2618,399.156,86000.844,0.4620%,1,
Contact STARLINK-2644 - STARLINK-5905,39259.750,47140.250,45.4395%,7,
Contact STARLINK-2644 - STARLINK-30312,0.000,86400.000,0.0000%,0,
Contact STARLINK-2644 - STARLINK-5250,144.255,86255.745,0.1670%,1,
Contact STARLINK-2644 - STARLINK-3081,0.000,86400.000,0.0000%,0,
Contact STARLINK-2644 - STARLINK-5057,0.000,86400.000,0.0000%,0,
Contact STARLINK-2644 - STARLINK-5576,86400.000,0.000,100.0000%,1,
Contact STARLINK-2644 - STARLINK-30214,0.000,86400.000,0.0000%,0,
Contact STARLINK-2644 - STARLINK-30611,12687.491,73712.509,14.6846%,7,
Contact STARLINK-2644 - STARLINK-30190,5603.913,80796.087,6.4860%,5,
Contact STARLINK-2644 - STARLINK-5215,8925.677,77474.323,10.3306%,7,
Contact STARLINK-2644 - STARLINK-4125,14555.367,71844.633,16.8465%,4,
Contact STARLINK-2644 - STARLINK-32081,3257.354,83142.646,3.7701%,5,
Contact STARLINK-2644 - STARLINK-1301,0.000,86400.000,0.0000%,0,
Contact STARLINK-2644 - STARLINK-4651,0.000,86400.000,0.0000%,0,
Contact STARLINK-2644 - STARLINK-31617,0.000,86400.000,0.0000%,0,
Contact STARLINK-2644 - STARLINK-2751,17280.734,69119.266,20.0008%,6,
Contact STARLINK-2644 - STARLINK-1015,86400.000,0.000,100.0000%,1,
Contact STARLINK-2644 - STARLINK-5765,0.000,86400.000,0.0000%,0,
Contact STARLINK-2644 - STARLINK-32235,0.000,86400.000,0.0000%,0,
Contact STARLINK-2644 - STARLINK-11266 [DTC],3576.275,82823.725,4.1392%,5,
Contact STARLINK-2644 - STARLINK-30355,1006.627,85393.373,1.1651%,2,
Contact STARLINK-2644 - STARLINK-30316,22232.509,64167.491,25.7321%,4,
Contact STARLINK-2644 - STARLINK-2602,8590.406,77809.594,9.9426%,3,
Contact STARLINK-2644 - STARLINK-6044,0.000,86400.000,0.0000%,0,
Contact STARLINK-2644 - STARLINK-32254,0.000,86400.000,0.0000%,0,
Contact STARLINK-2644 - STARLINK-4617,0.000,86400.000,0.0000%,0,
Contact STARLINK-2644 - STARLINK-30472,0.000,86400.000,0.0000%,0,
Contact STARLINK-2644 - STARLINK-30196,0.000,86400.000,0.0000%,0,
Contact STARLINK-2644 - STARLINK-30825,0.000,86400.000,0.0000%,0,
Contact STARLINK-2644 - STARLINK-31627,0.000,86400.000,0.0000%,0,
Contact STARLINK-2644 - STARLINK-3182,0.000,86400.000,0.0000%,0,
Contact STARLINK-2644 - STARLINK-4413,16646.995,69753.005,19.2674%,6,
Contact STARLINK-2644 - STARLINK-31407,57083.255,29316.745,66.0686%,1,
Contact STARLINK-2644 - STARLINK-30171,86400.000,0.000,100.0000%,1,
Contact STARLINK-2644 - STARLINK-5660,86400.000,0.000,100.0000%,1,
Contact STARLINK-2644 - STARLINK-32094,16178.332,70221.668,18.7249%,5,
Contact STARLINK-2644 - STARLINK-4127,0.000,86400.000,0.0000%,0,
Contact STARLINK-2644 - STARLINK-30331,0.000,86400.000,0.0000%,0,
Contact STARLINK-2644 - STARLINK-31827,0.000,86400.000,0.0000%,0,
Contact STARLINK-2644 - STARLINK-30767,9241.893,77158.107,10.6966%,7,
Contact STARLINK-2644 - STARLINK-31800,17340.009,69059.991,20.0695%,1,
Contact STARLINK-2644 - STARLINK-4254,78592.650,7807.350,90.9637%,7,
Contact STARLINK-2644 - STARLINK-3533,5273.365,81126.635,6.1034%,7,
Contact STARLINK-2644 - STARLINK-31987,0.000,86400.000,0.0000%,0,
Contact STARLINK-2644 - STARLINK-6311,0.000,86400.000,0.0000%,0,
Contact STARLINK-2644 - STARLINK-31021,0.000,86400.000,0.0000%,0,
Contact STARLINK-2644 - STARLINK-2228,5624.667,80775.333,6.5100%,4,
Contact STARLINK-2644 - STARLINK-1736,0.000,86400.000,0.0000%,0,
Contact STARLINK-2644 - STARLINK-6372,0.000,86400.000,0.0000%,0,
Contact STARLINK-2644 - STARLINK-30425,0.000,86400.000,0.0000%,0,
Contact STARLINK-2644 - STARLINK-4772,7748.533,78651.467,8.9682%,6,
Contact STARLINK-2644 - STARLINK-3346,0.000,86400.000,0.0000%,0,
Contact STARLINK-2644 - STARLINK-30320,23185.849,63214.151,26.8355%,6,
Contact STARLINK-2644 - STARLINK-31919,6879.637,79520.363,7.9625%,4,
Contact STARLINK-2644 - STARLINK-31639,67903.663,18496.337,78.5922%,7,
Contact STARLINK-2644 - STARLINK-31600,53855.818,32544.182,62.3331%,2,
Contact STARLINK-2644 - STARLINK-4687,0.000,86400.000,0.0000%,0,
Contact STARLINK-2644 - STARLINK-5978,0.000,86400.000,0.0000%,0,
Contact STARLINK-2644 - STARLINK-30613,7312.241,79087.759,8.4632%,7,
Contact STARLINK-2644 - STARLINK-31764,37186.769,49213.231,43.0402%,1,
Contact STARLINK-2644 - STARLINK-4402,2837.120,83562.880,3.2837%,4,
Contact STARLINK-2644 - STARLINK-31502,673.247,85726.753,0.7792%,1,
Contact STARLINK-2644 - STARLINK-5618,5367.021,81032.979,6.2118%,7,
Contact STARLINK-2644 - STARLINK-6255,23097.713,63302.287,26.7335%,6,
Contact STARLINK-2644 - STARLINK-3898,4652.320,81747.680,5.3846%,6,
Contact STARLINK-2644 - STARLINK-30842,0.000,86400.000,0.0000%,0,
Contact STARLINK-2644 - STARLINK-4631,0.000,86400.000,0.0000%,0,
Contact STARLINK-2644 - STARLINK-31539,613.879,85786.121,0.7105%,1,
Contact STARLINK-2644 - STARLINK-5807,0.000,86400.000,0.0000%,0,
Contact STARLINK-2644 - STARLINK-31722,66.920,86333.080,0.0775%,1,
Contact STARLINK-2644 - STARLINK-1581,0.000,86400.000,0.0000%,0,
Contact STARLINK-2644 - STARLINK-30367,806.722,85593.278,0.9337%,1,
Contact STARLINK-2644 - STARLINK-4290,0.000,86400.000,0.0000%,0,
Contact STARLINK-2644 - STARLINK-5151,844.143,85555.857,0.9770%,2,
Contact STARLINK-2644 - STARLINK-6142,7608.049,78791.951,8.8056%,2,
Contact STARLINK-2644 - STARLINK-2388,0.000,86400.000,0.0000%,0,
Contact STARLINK-2644 - STARLINK-3167,0.000,86400.000,0.0000%,0,
Contact STARLINK-2644 - STARLINK-1700,0.000,86400.000,0.0000%,0,
Contact STARLINK-2644 - STARLINK-5049,71403.732,14996.268,82.6432%,6,
Contact STARLINK-2644 - STARLINK-31463,0.000,86400.000,0.0000%,0,
Contact STARLINK-2644 - MoonARTEMIS1,77133.189,9266.811,89.2745%,7,
Contact STARLINK-2644 - MoonARTEMIS2,76056.777,10343.223,88.0287%,5,
Contact STARLINK-2644 - MoonIOAGEO,71538.295,14861.705,82.7990%,6,
Contact STARLINK-2644 - MoonIOAGNO,81696.516,4703.484,94.5562%,5,
Contact STARLINK-2644 - MoonIOAGNO 0001,83003.248,3396.752,96.0686%,4,
Contact STARLINK-2644 - MoonIOAGSO,72564.856,13835.144,83.9871%,6,
Contact STARLINK-2644 - MoonIOAGSO 0001,75309.225,11090.775,87.1635%,6,
Contact STARLINK-2644 - MoonLRO,42277.363,44122.637,48.9321%,10,
Contact STARLINK-2644 - MarsSat1,67821.256,18578.744,78.4968%,10,
Contact STARLINK-2644 - MarsSat2,67821.365,18578.635,78.4970%,10,
Contact STARLINK-2644 - MarsSat3,67821.227,18578.773,78.4968%,10,
Contact STARLINK-2644 - MarsSat4,62370.845,24029.155,72.1885%,9,
Contact STARLINK-4347 - STARLINK-5501,4592.513,81807.487,5.3154%,6,
Contact STARLINK-4347 - STARLINK-5562,7241.000,79159.000,8.3808%,6,
Contact STARLINK-4347 - STARLINK-1481,0.000,86400.000,0.0000%,0,
Contact STARLINK-4347 - STARLINK-5138,0.000,86400.000,0.0000%,0,
Contact STARLINK-4347 - STARLINK-31217,0.000,86400.000,0.0000%,0,
Contact STARLINK-4347 - STARLINK-5335,1381.091,85018.909,1.5985%,4,
Contact STARLINK-4347 - STARLINK-30105,0.000,86400.000,0.0000%,0,
Contact STARLINK-4347 - STARLINK-5698,5084.589,81315.411,5.8849%,6,
Contact STARLINK-4347 - STARLINK-3328,1720.448,84679.552,1.9913%,4,
Contact STARLINK-4347 - STARLINK-31933,11952.445,74447.555,13.8338%,3,
Contact STARLINK-4347 - STARLINK-1909,0.000,86400.000,0.0000%,0,
Contact STARLINK-4347 - STARLINK-32211,8599.540,77800.460,9.9532%,3,
Contact STARLINK-4347 - STARLINK-5718,7319.828,79080.172,8.4720%,6,
Contact STARLINK-4347 - STARLINK-4621,0.000,86400.000,0.0000%,0,
Contact STARLINK-4347 - STARLINK-2618,4522.823,81877.177,5.2347%,7,
Contact STARLINK-4347 - STARLINK-5905,0.000,86400.000,0.0000%,0,
Contact STARLINK-4347 - STARLINK-30312,4413.339,81986.661,5.1080%,5,
Contact STARLINK-4347 - STARLINK-5250,65697.211,20702.789,76.0384%,7,
Contact STARLINK-4347 - STARLINK-3081,4471.862,81928.138,5.1758%,6,
Contact STARLINK-4347 - STARLINK-5057,0.000,86400.000,0.0000%,0,
Contact STARLINK-4347 - STARLINK-5576,3719.045,82680.955,4.3044%,7,
Contact STARLINK-4347 - STARLINK-30214,167.988,86232.012,0.1944%,2,
Contact STARLINK-4347 - STARLINK-30611,10877.894,75522.106,12.5902%,6,
Contact STARLINK-4347 - STARLINK-30190,0.000,86400.000,0.0000%,0,
Contact STARLINK-4347 - STARLINK-5215,37148.911,49251.089,42.9964%,7,
Contact STARLINK-4347 - STARLINK-4125,1158.023,85241.977,1.3403%,4,
Contact STARLINK-4347 - STARLINK-32081,18374.881,68025.119,21.2672%,3,
Contact STARLINK-4347 - STARLINK-1301,4391.026,82008.974,5.0822%,6,
Contact STARLINK-4347 - STARLINK-4651,0.000,86400.000,0.0000%,0,
Contact STARLINK-4347 - STARLINK-31617,0.000,86400.000,0.0000%,0,
Contact STARLINK-4347 - STARLINK-2751,7266.437,79133.563,8.4102%,7,
Contact STARLINK-4347 - STARLINK-1015,0.000,86400.000,0.0000%,0,
Contact STARLINK-4347 - STARLINK-5765,650.964,85749.036,0.7534%,2,
Contact STARLINK-4347 - STARLINK-32235,122.932,86277.068,0.1423%,1,
Contact STARLINK-4347 - STARLINK-11266 [DTC],4297.755,82102.245,4.9743%,1,
Contact STARLINK-4347 - STARLINK-30355,0.000,86400.000,0.0000%,0,
Contact STARLINK-4347 - STARLINK-30316,4523.405,81876.595,5.2354%,6,
Contact STARLINK-4347 - STARLINK-2602,575.262,85824.738,0.6658%,1,
Contact STARLINK-4347 - STARLINK-6044,0.000,86400.000,0.0000%,0,
Contact STARLINK-4347 - STARLINK-32254,0.000,86400.000,0.0000%,0,
Contact STARLINK-4347 - STARLINK-4617,0.000,86400.000,0.0000%,0,
Contact STARLINK-4347 - STARLINK-30472,1087.007,85312.993,1.2581%,2,
Contact STARLINK-4347 - STARLINK-30196,0.000,86400.000,0.0000%,0,
Contact STARLINK-4347 - STARLINK-30825,473.254,85926.746,0.5477%,1,
Contact STARLINK-4347 - STARLINK-31627,305.890,86094.110,0.3540%,1,
Contact STARLINK-4347 - STARLINK-3182,5785.486,80614.514,6.6962%,4,
Contact STARLINK-4347 - STARLINK-4413,4092.482,82307.518,4.7367%,7,
Contact STARLINK-4347 - STARLINK-31407,4723.354,81676.646,5.4668%,7,
Contact STARLINK-4347 - STARLINK-30171,1684.198,84715.802,1.9493%,3,
Contact STARLINK-4347 - STARLINK-5660,4333.474,82066.526,5.0156%,7,
Contact STARLINK-4347 - STARLINK-32094,6424.798,79975.202,7.4361%,4,
Contact STARLINK-4347 - STARLINK-4127,2906.852,83493.148,3.3644%,5,
Contact STARLINK-4347 - STARLINK-30331,0.000,86400.000,0.0000%,0,
Contact STARLINK-4347 - STARLINK-31827,17326.213,69073.787,20.0535%,3,
Contact STARLINK-4347 - STARLINK-30767,0.000,86400.000,0.0000%,0,
Contact STARLINK-4347 - STARLINK-31800,3612.287,82787.713,4.1809%,6,
Contact STARLINK-4347 - STARLINK-4254,5517.022,80882.978,6.3854%,7,
Contact STARLINK-4347 - STARLINK-3533,11818.537,74581.463,13.6789%,3,
Contact STARLINK-4347 - STARLINK-31987,24198.161,62201.839,28.0071%,2,
Contact STARLINK-4347 - STARLINK-6311,956.470,85443.530,1.1070%,3,
Contact STARLINK-4347 - STARLINK-31021,0.000,86400.000,0.0000%,0,
Contact STARLINK-4347 - STARLINK-2228,18057.318,68342.682,20.8997%,3,
Contact STARLINK-4347 - STARLINK-1736,544.788,85855.212,0.6305%,2,
Contact STARLINK-4347 - STARLINK-6372,0.000,86400.000,0.0000%,0,
Contact STARLINK-4347 - STARLINK-30425,982.415,85417.585,1.1371%,2,
Contact STARLINK-4347 - STARLINK-4772,0.000,86400.000,0.0000%,0,
Contact STARLINK-4347 - STARLINK-3346,4476.203,81923.797,5.1808%,6,
Contact STARLINK-4347 - STARLINK-30320,4070.803,82329.197,4.7116%,5,
Contact STARLINK-4347 - STARLINK-31919,804.671,85595.329,0.9313%,1,
Contact STARLINK-4347 - STARLINK-31639,5365.591,81034.409,6.2102%,7,
Contact STARLINK-4347 - STARLINK-31600,422.679,85977.321,0.4892%,1,
Contact STARLINK-4347 - STARLINK-4687,0.000,86400.000,0.0000%,0,
Contact STARLINK-4347 - STARLINK-5978,0.000,86400.000,0.0000%,0,
Contact STARLINK-4347 - STARLINK-30613,0.000,86400.000,0.0000%,0,
Contact STARLINK-4347 - STARLINK-31764,4588.666,81811.334,5.3110%,7,
Contact STARLINK-4347 - STARLINK-4402,0.000,86400.000,0.0000%,0,
Contact STARLINK-4347 - STARLINK-31502,461.401,85938.599,0.5340%,1,
Contact STARLINK-4347 - STARLINK-5618,27546.196,58853.804,31.8822%,7,
Contact STARLINK-4347 - STARLINK-6255,10939.806,75460.194,12.6618%,7,
Contact STARLINK-4347 - STARLINK-3898,3226.736,83173.264,3.7346%,6,
Contact STARLINK-4347 - STARLINK-30842,4731.536,81668.464,5.4763%,6,
Contact STARLINK-4347 - STARLINK-4631,0.000,86400.000,0.0000%,0,
Contact STARLINK-4347 - STARLINK-31539,25260.252,61139.748,29.2364%,4,
Contact STARLINK-4347 - STARLINK-5807,4778.686,81621.314,5.5309%,6,
Contact STARLINK-4347 - STARLINK-31722,0.000,86400.000,0.0000%,0,
Contact STARLINK-4347 - STARLINK-1581,0.000,86400.000,0.0000%,0,
Contact STARLINK-4347 - STARLINK-30367,4092.776,82307.224,4.7370%,6,
Contact STARLINK-4347 - STARLINK-4290,824.109,85575.891,0.9538%,2,
Contact STARLINK-4347 - STARLINK-5151,24217.116,62182.884,28.0291%,3,
Contact STARLINK-4347 - STARLINK-6142,2749.896,83650.104,3.1828%,5,
Contact STARLINK-4347 - STARLINK-2388,7622.894,78777.106,8.8228%,6,
Contact STARLINK-4347 - STARLINK-3167,0.000,86400.000,0.0000%,0,
Contact STARLINK-4347 - STARLINK-1700,4539.009,81860.991,5.2535%,6,
Contact STARLINK-4347 - STARLINK-5049,0.000,86400.000,0.0000%,0,
Contact STARLINK-4347 - STARLINK-31463,7694.353,78705.647,8.9055%,5,
Contact STARLINK-4347 - MoonARTEMIS1,83494.986,2905.014,96.6377%,2,
Contact STARLINK-4347 - MoonARTEMIS2,82486.486,3913.514,95.4705%,2,
Contact STARLINK-4347 - MoonIOAGEO,78036.149,8363.851,90.3196%,3,
Contact STARLINK-4347 - MoonIOAGNO,86400.000,0.000,100.0000%,1,
Contact STARLINK-4347 - MoonIOAGNO 0001,86400.000,0.000,100.0000%,1,
Contact STARLINK-4347 - MoonIOAGSO,80730.442,5669.558,93.4380%,3,
Contact STARLINK-4347 - MoonIOAGSO 0001,80755.149,5644.851,93.4666%,3,
Contact STARLINK-4347 - MoonLRO,63362.857,23037.143,73.3366%,9,
Contact STARLINK-4347 - MarsSat1,70847.429,15552.571,81.9993%,9,
Contact STARLINK-4347 - MarsSat2,70847.534,15552.466,81.9995%,9,
Contact STARLINK-4347 - MarsSat3,70847.406,15552.594,81.9993%,9,
Contact STARLINK-4347 - MarsSat4,67281.807,19118.193,77.8725%,9,
Contact STARLINK-5501 - STARLINK-5562,86400.000,0.000,100.0000%,1,
Contact STARLINK-5501 - STARLINK-1481,0.000,86400.000,0.0000%,0,
Contact STARLINK-5501 - STARLINK-5138,2262.689,84137.311,2.6189%,3,
Contact STARLINK-5501 - STARLINK-31217,0.000,86400.000,0.0000%,0,
Contact STARLINK-5501 - STARLINK-5335,0.000,86400.000,0.0000%,0,
Contact STARLINK-5501 - STARLINK-30105,0.000,86400.000,0.0000%,0,
Contact STARLINK-5501 - STARLINK-5698,86400.000,0.000,100.0000%,1,
Contact STARLINK-5501 - STARLINK-3328,0.000,86400.000,0.0000%,0,
Contact STARLINK-5501 - STARLINK-31933,6536.964,79863.036,7.5659%,4,
Contact STARLINK-5501 - STARLINK-1909,7811.420,78588.580,9.0410%,7,
Contact STARLINK-5501 - STARLINK-32211,8387.169,78012.831,9.7074%,3,
Contact STARLINK-5501 - STARLINK-5718,0.000,86400.000,0.0000%,0,
Contact STARLINK-5501 - STARLINK-4621,0.000,86400.000,0.0000%,0,
Contact STARLINK-5501 - STARLINK-2618,0.000,86400.000,0.0000%,0,
Contact STARLINK-5501 - STARLINK-5905,0.000,86400.000,0.0000%,0,
Contact STARLINK-5501 - STARLINK-30312,8792.457,77607.543,10.1765%,6,
Contact STARLINK-5501 - STARLINK-5250,2707.908,83692.092,3.1342%,4,
Contact STARLINK-5501 - STARLINK-3081,43110.507,43289.493,49.8964%,6,
Contact STARLINK-5501 - STARLINK-5057,0.000,86400.000,0.0000%,0,
Contact STARLINK-5501 - STARLINK-5576,0.000,86400.000,0.0000%,0,
Contact STARLINK-5501 - STARLINK-30214,0.000,86400.000,0.0000%,0,
Contact STARLINK-5501 - STARLINK-30611,0.000,86400.000,0.0000%,0,
Contact STARLINK-5501 - STARLINK-30190,0.000,86400.000,0.0000%,0,
Contact STARLINK-5501 - STARLINK-5215,0.000,86400.000,0.0000%,0,
Contact STARLINK-5501 - STARLINK-4125,0.000,86400.000,0.0000%,0,
Contact STARLINK-5501 - STARLINK-32081,1834.815,84565.185,2.1236%,3,
Contact STARLINK-5501 - STARLINK-1301,0.000,86400.000,0.0000%,0,
Contact STARLINK-5501 - STARLINK-4651,0.000,86400.000,0.0000%,0,
Contact STARLINK-5501 - STARLINK-31617,2993.456,83406.544,3.4646%,4,
Contact STARLINK-5501 - STARLINK-2751,0.000,86400.000,0.0000%,0,
Contact STARLINK-5501 - STARLINK-1015,0.000,86400.000,0.0000%,0,
Contact STARLINK-5501 - STARLINK-5765,0.000,86400.000,0.0000%,0,
Contact STARLINK-5501 - STARLINK-32235,2292.613,84107.387,2.6535%,4,
Contact STARLINK-5501 - STARLINK-11266 [DTC],343.529,86056.471,0.3976%,2,
Contact STARLINK-5501 - STARLINK-30355,0.000,86400.000,0.0000%,0,
Contact STARLINK-5501 - STARLINK-30316,0.000,86400.000,0.0000%,0,
Contact STARLINK-5501 - STARLINK-2602,0.000,86400.000,0.0000%,0,
Contact STARLINK-5501 - STARLINK-6044,0.000,86400.000,0.0000%,0,
Contact STARLINK-5501 - STARLINK-32254,0.000,86400.000,0.0000%,0,
Contact STARLINK-5501 - STARLINK-4617,4263.313,82136.687,4.9344%,7,
Contact STARLINK-5501 - STARLINK-30472,85517.449,882.551,98.9785%,2,
Contact STARLINK-5501 - STARLINK-30196,767.224,85632.776,0.8880%,2,
Contact STARLINK-5501 - STARLINK-30825,568.184,85831.816,0.6576%,1,
Contact STARLINK-5501 - STARLINK-31627,16183.706,70216.294,18.7311%,5,
Contact STARLINK-5501 - STARLINK-3182,11092.658,75307.342,12.8387%,2,
Contact STARLINK-5501 - STARLINK-4413,0.000,86400.000,0.0000%,0,
Contact STARLINK-5501 - STARLINK-31407,0.000,86400.000,0.0000%,0,
Contact STARLINK-5501 - STARLINK-30171,0.000,86400.000,0.0000%,0,
Contact STARLINK-5501 - STARLINK-5660,0.000,86400.000,0.0000%,0,
Contact STARLINK-5501 - STARLINK-32094,0.000,86400.000,0.0000%,0,
Contact STARLINK-5501 - STARLINK-4127,0.000,86400.000,0.0000%,0,
Contact STARLINK-5501 - STARLINK-30331,5015.854,81384.146,5.8054%,7,
Contact STARLINK-5501 - STARLINK-31827,6764.721,79635.279,7.8295%,6,
Contact STARLINK-5501 - STARLINK-30767,0.000,86400.000,0.0000%,0,
Contact STARLINK-5501 - STARLINK-31800,7526.563,78873.437,8.7113%,2,
Contact STARLINK-5501 - STARLINK-4254,0.000,86400.000,0.0000%,0,
Contact STARLINK-5501 - STARLINK-3533,827.688,85572.312,0.9580%,2,
Contact STARLINK-5501 - STARLINK-31987,3938.009,82461.991,4.5579%,6,
Contact STARLINK-5501 - STARLINK-6311,0.000,86400.000,0.0000%,0,
Contact STARLINK-5501 - STARLINK-31021,0.000,86400.000,0.0000%,0,
Contact STARLINK-5501 - STARLINK-2228,2110.769,84289.231,2.4430%,4,
Contact STARLINK-5501 - STARLINK-1736,5387.615,81012.385,6.2357%,3,
Contact STARLINK-5501 - STARLINK-6372,0.000,86400.000,0.0000%,0,
Contact STARLINK-5501 - STARLINK-30425,28197.295,58202.705,32.6358%,3,
Contact STARLINK-5501 - STARLINK-4772,0.000,86400.000,0.0000%,0,
Contact STARLINK-5501 - STARLINK-3346,0.000,86400.000,0.0000%,0,
Contact STARLINK-5501 - STARLINK-30320,0.000,86400.000,0.0000%,0,
Contact STARLINK-5501 - STARLINK-31919,633.189,85766.811,0.7329%,1,
Contact STARLINK-5501 - STARLINK-31639,0.000,86400.000,0.0000%,0,
Contact STARLINK-5501 - STARLINK-31600,0.000,86400.000,0.0000%,0,
Contact STARLINK-5501 - STARLINK-4687,0.000,86400.000,0.0000%,0,
Contact STARLINK-5501 - STARLINK-5978,4332.165,82067.835,5.0141%,7,
Contact STARLINK-5501 - STARLINK-30613,0.000,86400.000,0.0000%,0,
Contact STARLINK-5501 - STARLINK-31764,546.003,85853.997,0.6319%,1,
Contact STARLINK-5501 - STARLINK-4402,0.000,86400.000,0.0000%,0,
Contact STARLINK-5501 - STARLINK-31502,0.000,86400.000,0.0000%,0,
Contact STARLINK-5501 - STARLINK-5618,0.000,86400.000,0.0000%,0,
Contact STARLINK-5501 - STARLINK-6255,0.000,86400.000,0.0000%,0,
Contact STARLINK-5501 - STARLINK-3898,0.000,86400.000,0.0000%,0,
Contact STARLINK-5501 - STARLINK-30842,86400.000,0.000,100.0000%,1,
Contact STARLINK-5501 - STARLINK-4631,0.000,86400.000,0.0000%,0,
Contact STARLINK-5501 - STARLINK-31539,2394.084,84005.916,2.7709%,3,
Contact STARLINK-5501 - STARLINK-5807,86400.000,0.000,100.0000%,1,
Contact STARLINK-5501 - STARLINK-31722,1129.726,85270.274,1.3076%,2,
Contact STARLINK-5501 - STARLINK-1581,6289.934,80110.066,7.2800%,5,
Contact STARLINK-5501 - STARLINK-30367,0.000,86400.000,0.0000%,0,
Contact STARLINK-5501 - STARLINK-4290,0.000,86400.000,0.0000%,0,
Contact STARLINK-5501 - STARLINK-5151,2305.787,84094.213,2.6687%,3,
Contact STARLINK-5501 - STARLINK-6142,0.000,86400.000,0.0000%,0,
Contact STARLINK-5501 - STARLINK-2388,81928.334,4471.666,94.8245%,1,
Contact STARLINK-5501 - STARLINK-3167,0.000,86400.000,0.0000%,0,
Contact STARLINK-5501 - STARLINK-1700,86400.000,0.000,100.0000%,1,
Contact STARLINK-5501 - STARLINK-5049,0.000,86400.000,0.0000%,0,
Contact STARLINK-5501 - STARLINK-31463,13623.349,72776.651,15.7678%,6,
Contact STARLINK-5501 - MoonARTEMIS1,77014.363,9385.637,89.1370%,7,
Contact STARLINK-5501 - MoonARTEMIS2,78763.996,7636.004,91.1620%,5,
Contact STARLINK-5501 - MoonIOAGEO,75195.051,11204.949,87.0313%,6,
Contact STARLINK-5501 - MoonIOAGNO,82057.649,4342.351,94.9741%,5,
Contact STARLINK-5501 - MoonIOAGNO 0001,81813.346,4586.654,94.6914%,5,
Contact STARLINK-5501 - MoonIOAGSO,73030.985,13369.015,84.5266%,6,
Contact STARLINK-5501 - MoonIOAGSO 0001,74477.244,11922.756,86.2005%,6,
Contact STARLINK-5501 - MoonLRO,46511.498,39888.502,53.8328%,9,
Contact STARLINK-5501 - MarsSat1,75799.578,10600.422,87.7310%,7,
Contact STARLINK-5501 - MarsSat2,75799.826,10600.174,87.7313%,7,
Contact STARLINK-5501 - MarsSat3,75799.506,10600.494,87.7309%,7,
Contact STARLINK-5501 - MarsSat4,72244.210,14155.790,83.6160%,7,
Contact STARLINK-5562 - STARLINK-1481,0.000,86400.000,0.0000%,0,
Contact STARLINK-5562 - STARLINK-5138,7723.556,78676.444,8.9393%,7,
Contact STARLINK-5562 - STARLINK-31217,2134.990,84265.010,2.4711%,4,
Contact STARLINK-5562 - STARLINK-5335,0.000,86400.000,0.0000%,0,
Contact STARLINK-5562 - STARLINK-30105,0.000,86400.000,0.0000%,0,
Contact STARLINK-5562 - STARLINK-5698,5787.755,80612.245,6.6988%,6,
Contact STARLINK-5562 - STARLINK-3328,0.000,86400.000,0.0000%,0,
Contact STARLINK-5562 - STARLINK-31933,4606.272,81793.728,5.3313%,7,
Contact STARLINK-5562 - STARLINK-1909,4723.041,81676.959,5.4665%,7,
Contact STARLINK-5562 - STARLINK-32211,2494.511,83905.489,2.8872%,4,
Contact STARLINK-5562 - STARLINK-5718,0.000,86400.000,0.0000%,0,
Contact STARLINK-5562 - STARLINK-4621,0.000,86400.000,0.0000%,0,
Contact STARLINK-5562 - STARLINK-2618,0.000,86400.000,0.0000%,0,
Contact STARLINK-5562 - STARLINK-5905,0.000,86400.000,0.0000%,0,
Contact STARLINK-5562 - STARLINK-30312,4941.161,81458.839,5.7189%,6,
Contact STARLINK-5562 - STARLINK-5250,2663.351,83736.649,3.0826%,5,
Contact STARLINK-5562 - STARLINK-3081,6061.409,80338.591,7.0155%,6,
Contact STARLINK-5562 - STARLINK-5057,3910.437,82489.563,4.5260%,7,
Contact STARLINK-5562 - STARLINK-5576,0.000,86400.000,0.0000%,0,
Contact STARLINK-5562 - STARLINK-30214,5963.258,80436.742,6.9019%,6,
Contact STARLINK-5562 - STARLINK-30611,0.000,86400.000,0.0000%,0,
Contact STARLINK-5562 - STARLINK-30190,0.000,86400.000,0.0000%,0,
Contact STARLINK-5562 - STARLINK-5215,0.000,86400.000,0.0000%,0,
Contact STARLINK-5562 - STARLINK-4125,0.000,86400.000,0.0000%,0,
Contact STARLINK-5562 - STARLINK-32081,1731.145,84668.855,2.0036%,3,
Contact STARLINK-5562 - STARLINK-1301,0.000,86400.000,0.0000%,0,
Contact STARLINK-5562 - STARLINK-4651,0.000,86400.000,0.0000%,0,
Contact STARLINK-5562 - STARLINK-31617,6434.503,79965.497,7.4473%,5,
Contact STARLINK-5562 - STARLINK-2751,0.000,86400.000,0.0000%,0,
Contact STARLINK-5562 - STARLINK-1015,0.000,86400.000,0.0000%,0,
Contact STARLINK-5562 - STARLINK-5765,0.000,86400.000,0.0000%,0,
Contact STARLINK-5562 - STARLINK-32235,2290.898,84109.102,2.6515%,4,
Contact STARLINK-5562 - STARLINK-11266 [DTC],2512.307,83887.693,2.9078%,5,
Contact STARLINK-5562 - STARLINK-30355,1827.345,84572.655,2.1150%,3,
Contact STARLINK-5562 - STARLINK-30316,0.000,86400.000,0.0000%,0,
Contact STARLINK-5562 - STARLINK-2602,628.884,85771.116,0.7279%,1,
Contact STARLINK-5562 - STARLINK-6044,0.000,86400.000,0.0000%,0,
Contact STARLINK-5562 - STARLINK-32254,551.523,85848.477,0.6383%,1,
Contact STARLINK-5562 - STARLINK-4617,0.000,86400.000,0.0000%,0,
Contact STARLINK-5562 - STARLINK-30472,74554.493,11845.507,86.2899%,7,
Contact STARLINK-5562 - STARLINK-30196,0.000,86400.000,0.0000%,0,
Contact STARLINK-5562 - STARLINK-30825,1303.005,85096.995,1.5081%,2,
Contact STARLINK-5562 - STARLINK-31627,21232.243,65167.757,24.5744%,6,
Contact STARLINK-5562 - STARLINK-3182,2833.021,83566.979,3.2790%,3,
Contact STARLINK-5562 - STARLINK-4413,0.000,86400.000,0.0000%,0,
Contact STARLINK-5562 - STARLINK-31407,0.000,86400.000,0.0000%,0,
Contact STARLINK-5562 - STARLINK-30171,0.000,86400.000,0.0000%,0,
Contact STARLINK-5562 - STARLINK-5660,0.000,86400.000,0.0000%,0,
Contact STARLINK-5562 - STARLINK-32094,713.569,85686.431,0.8259%,1,
Contact STARLINK-5562 - STARLINK-4127,0.000,86400.000,0.0000%,0,
Contact STARLINK-5562 - STARLINK-30331,4807.108,81592.892,5.5638%,7,
Contact STARLINK-5562 - STARLINK-31827,1968.897,84431.103,2.2788%,4,
Contact STARLINK-5562 - STARLINK-30767,809.509,85590.491,0.9369%,2,
Contact STARLINK-5562 - STARLINK-31800,0.000,86400.000,0.0000%,0,
Contact STARLINK-5562 - STARLINK-4254,0.000,86400.000,0.0000%,0,
Contact STARLINK-5562 - STARLINK-3533,3552.904,82847.096,4.1122%,6,
Contact STARLINK-5562 - STARLINK-31987,3705.974,82694.026,4.2893%,6,
Contact STARLINK-5562 - STARLINK-6311,0.000,86400.000,0.0000%,0,
Contact STARLINK-5562 - STARLINK-31021,4615.677,81784.323,5.3422%,7,
Contact STARLINK-5562 - STARLINK-2228,711.569,85688.431,0.8236%,2,
Contact STARLINK-5562 - STARLINK-1736,0.000,86400.000,0.0000%,0,
Contact STARLINK-5562 - STARLINK-6372,0.000,86400.000,0.0000%,0,
Contact STARLINK-5562 - STARLINK-30425,18633.077,67766.923,21.5661%,3,
Contact STARLINK-5562 - STARLINK-4772,0.000,86400.000,0.0000%,0,
Contact STARLINK-5562 - STARLINK-3346,0.000,86400.000,0.0000%,0,
Contact STARLINK-5562 - STARLINK-30320,0.000,86400.000,0.0000%,0,
Contact STARLINK-5562 - STARLINK-31919,493.014,85906.986,0.5706%,1,
Contact STARLINK-5562 - STARLINK-31639,0.000,86400.000,0.0000%,0,
Contact STARLINK-5562 - STARLINK-31600,0.000,86400.000,0.0000%,0,
Contact STARLINK-5562 - STARLINK-4687,0.000,86400.000,0.0000%,0,
Contact STARLINK-5562 - STARLINK-5978,4258.247,82141.753,4.9285%,7,
Contact STARLINK-5562 - STARLINK-30613,272.791,86127.209,0.3157%,1,
Contact STARLINK-5562 - STARLINK-31764,0.000,86400.000,0.0000%,0,
Contact STARLINK-5562 - STARLINK-4402,0.000,86400.000,0.0000%,0,
Contact STARLINK-5562 - STARLINK-31502,826.303,85573.697,0.9564%,1,
Contact STARLINK-5562 - STARLINK-5618,984.107,85415.893,1.1390%,2,
Contact STARLINK-5562 - STARLINK-6255,0.000,86400.000,0.0000%,0,
Contact STARLINK-5562 - STARLINK-3898,0.000,86400.000,0.0000%,0,
Contact STARLINK-5562 - STARLINK-30842,10195.400,76204.600,11.8002%,7,
Contact STARLINK-5562 - STARLINK-4631,0.000,86400.000,0.0000%,0,
Contact STARLINK-5562 - STARLINK-31539,2612.569,83787.431,3.0238%,6,
Contact STARLINK-5562 - STARLINK-5807,83279.320,3120.680,96.3881%,7,
Contact STARLINK-5562 - STARLINK-31722,3892.413,82507.587,4.5051%,6,
Contact STARLINK-5562 - STARLINK-1581,7299.399,79100.601,8.4484%,5,
Contact STARLINK-5562 - STARLINK-30367,0.000,86400.000,0.0000%,0,
Contact STARLINK-5562 - STARLINK-4290,9166.941,77233.059,10.6099%,4,
Contact STARLINK-5562 - STARLINK-5151,3140.403,83259.597,3.6347%,5,
Contact STARLINK-5562 - STARLINK-6142,0.000,86400.000,0.0000%,0,
Contact STARLINK-5562 - STARLINK-2388,52059.515,34340.485,60.2541%,7,
Contact STARLINK-5562 - STARLINK-3167,0.000,86400.000,0.0000%,0,
Contact STARLINK-5562 - STARLINK-1700,25526.062,60873.938,29.5441%,5,
Contact STARLINK-5562 - STARLINK-5049,0.000,86400.000,0.0000%,0,
Contact STARLINK-5562 - STARLINK-31463,4516.262,81883.738,5.2272%,6,
Contact STARLINK-5562 - MoonARTEMIS1,82521.018,3878.982,95.5104%,3,
Contact STARLINK-5562 - MoonARTEMIS2,81790.698,4609.302,94.6652%,3,
Contact STARLINK-5562 - MoonIOAGEO,77210.421,9189.579,89.3639%,4,
Contact STARLINK-5562 - MoonIOAGNO,85577.128,822.872,99.0476%,2,
Contact STARLINK-5562 - MoonIOAGNO 0001,85391.407,1008.593,98.8326%,2,
Contact STARLINK-5562 - MoonIOAGSO,78995.627,7404.373,91.4301%,3,
Contact STARLINK-5562 - MoonIOAGSO 0001,80673.276,5726.724,93.3718%,3,
Contact STARLINK-5562 - MoonLRO,59276.425,27123.575,68.6070%,10,
Contact STARLINK-5562 - MarsSat1,71060.773,15339.227,82.2463%,8,
Contact STARLINK-5562 - MarsSat2,71060.740,15339.260,82.2462%,8,
Contact STARLINK-5562 - MarsSat3,71060.704,15339.296,82.2462%,8,
Contact STARLINK-5562 - MarsSat4,67606.053,18793.947,78.2477%,8,
Contact STARLINK-1481 - STARLINK-5138,0.000,86400.000,0.0000%,0,
Contact STARLINK-1481 - STARLINK-31217,0.000,86400.000,0.0000%,0,
Contact STARLINK-1481 - STARLINK-5335,3706.248,82693.752,4.2896%,6,
Contact STARLINK-1481 - STARLINK-30105,0.000,86400.000,0.0000%,0,
Contact STARLINK-1481 - STARLINK-5698,0.000,86400.000,0.0000%,0,
Contact STARLINK-1481 - STARLINK-3328,24800.718,61599.282,28.7045%,3,
Contact STARLINK-1481 - STARLINK-31933,0.000,86400.000,0.0000%,0,
Contact STARLINK-1481 - STARLINK-1909,0.000,86400.000,0.0000%,0,
Contact STARLINK-1481 - STARLINK-32211,19107.910,67292.090,22.1156%,4,
Contact STARLINK-1481 - STARLINK-5718,54799.234,31600.766,63.4250%,1,
Contact STARLINK-1481 - STARLINK-4621,4326.651,82073.349,5.0077%,6,
Contact STARLINK-1481 - STARLINK-2618,0.000,86400.000,0.0000%,0,
Contact STARLINK-1481 - STARLINK-5905,42752.159,43647.841,49.4817%,4,
Contact STARLINK-1481 - STARLINK-30312,0.000,86400.000,0.0000%,0,
Contact STARLINK-1481 - STARLINK-5250,653.280,85746.720,0.7561%,2,
Contact STARLINK-1481 - STARLINK-3081,0.000,86400.000,0.0000%,0,
Contact STARLINK-1481 - STARLINK-5057,0.000,86400.000,0.0000%,0,
Contact STARLINK-1481 - STARLINK-5576,0.000,86400.000,0.0000%,0,
Contact STARLINK-1481 - STARLINK-30214,0.000,86400.000,0.0000%,0,
Contact STARLINK-1481 - STARLINK-30611,5139.918,81260.082,5.9490%,6,
Contact STARLINK-1481 - STARLINK-30190,55961.763,30438.237,64.7706%,4,
Contact STARLINK-1481 - STARLINK-5215,8171.195,78228.805,9.4574%,6,
Contact STARLINK-1481 - STARLINK-4125,86400.000,0.000,100.0000%,1,
Contact STARLINK-1481 - STARLINK-32081,11313.746,75086.254,13.0946%,6,
Contact STARLINK-1481 - STARLINK-1301,25539.044,60860.956,29.5591%,5,
Contact STARLINK-1481 - STARLINK-4651,0.000,86400.000,0.0000%,0,
Contact STARLINK-1481 - STARLINK-31617,0.000,86400.000,0.0000%,0,
Contact STARLINK-1481 - STARLINK-2751,8606.278,77793.722,9.9610%,6,
Contact STARLINK-1481 - STARLINK-1015,19020.394,67379.606,22.0143%,1,
Contact STARLINK-1481 - STARLINK-5765,0.000,86400.000,0.0000%,0,
Contact STARLINK-1481 - STARLINK-32235,0.000,86400.000,0.0000%,0,
Contact STARLINK-1481 - STARLINK-11266 [DTC],5835.616,80564.384,6.7542%,4,
Contact STARLINK-1481 - STARLINK-30355,164.090,86235.910,0.1899%,1,
Contact STARLINK-1481 - STARLINK-30316,465.618,85934.382,0.5389%,1,
Contact STARLINK-1481 - STARLINK-2602,497.292,85902.708,0.5756%,1,
Contact STARLINK-1481 - STARLINK-6044,1891.981,84508.019,2.1898%,3,
Contact STARLINK-1481 - STARLINK-32254,0.000,86400.000,0.0000%,0,
Contact STARLINK-1481 - STARLINK-4617,2483.143,83916.857,2.8740%,5,
Contact STARLINK-1481 - STARLINK-30472,0.000,86400.000,0.0000%,0,
Contact STARLINK-1481 - STARLINK-30196,720.945,85679.055,0.8344%,3,
Contact STARLINK-1481 - STARLINK-30825,0.000,86400.000,0.0000%,0,
Contact STARLINK-1481 - STARLINK-31627,0.000,86400.000,0.0000%,0,
Contact STARLINK-1481 - STARLINK-3182,0.000,86400.000,0.0000%,0,
Contact STARLINK-1481 - STARLINK-4413,0.000,86400.000,0.0000%,0,
Contact STARLINK-1481 - STARLINK-31407,35853.930,50546.070,41.4976%,6,
Contact STARLINK-1481 - STARLINK-30171,57936.196,28463.804,67.0558%,2,
Contact STARLINK-1481 - STARLINK-5660,1335.513,85064.487,1.5457%,2,
Contact STARLINK-1481 - STARLINK-32094,1570.239,84829.761,1.8174%,2,
Contact STARLINK-1481 - STARLINK-4127,0.000,86400.000,0.0000%,0,
Contact STARLINK-1481 - STARLINK-30331,0.000,86400.000,0.0000%,0,
Contact STARLINK-1481 - STARLINK-31827,0.000,86400.000,0.0000%,0,
Contact STARLINK-1481 - STARLINK-30767,18524.212,67875.788,21.4401%,7,
Contact STARLINK-1481 - STARLINK-31800,29397.404,57002.596,34.0248%,5,
Contact STARLINK-1481 - STARLINK-4254,5559.806,80840.194,6.4350%,4,
Contact STARLINK-1481 - STARLINK-3533,11917.938,74482.062,13.7939%,7,
Contact STARLINK-1481 - STARLINK-31987,0.000,86400.000,0.0000%,0,
Contact STARLINK-1481 - STARLINK-6311,3912.530,82487.470,4.5284%,6,
Contact STARLINK-1481 - STARLINK-31021,0.000,86400.000,0.0000%,0,
Contact STARLINK-1481 - STARLINK-2228,2018.991,84381.009,2.3368%,4,
Contact STARLINK-1481 - STARLINK-1736,2648.561,83751.439,3.0655%,4,
Contact STARLINK-1481 - STARLINK-6372,0.000,86400.000,0.0000%,0,
Contact STARLINK-1481 - STARLINK-30425,971.081,85428.919,1.1239%,1,
Contact STARLINK-1481 - STARLINK-4772,0.000,86400.000,0.0000%,0,
Contact STARLINK-1481 - STARLINK-3346,78452.851,7947.149,90.8019%,7,
Contact STARLINK-1481 - STARLINK-30320,4127.670,82272.330,4.7774%,5,
Contact STARLINK-1481 - STARLINK-31919,48515.487,37884.513,56.1522%,6,
Contact STARLINK-1481 - STARLINK-31639,1081.845,85318.155,1.2521%,2,
Contact STARLINK-1481 - STARLINK-31600,64005.551,22394.449,74.0805%,1,
Contact STARLINK-1481 - STARLINK-4687,0.000,86400.000,0.0000%,0,
Contact STARLINK-1481 - STARLINK-5978,0.000,86400.000,0.0000%,0,
Contact STARLINK-1481 - STARLINK-30613,40840.190,45559.810,47.2687%,7,
Contact STARLINK-1481 - STARLINK-31764,37244.597,49155.403,43.1072%,7,
Contact STARLINK-1481 - STARLINK-4402,0.000,86400.000,0.0000%,0,
Contact STARLINK-1481 - STARLINK-31502,0.000,86400.000,0.0000%,0,
Contact STARLINK-1481 - STARLINK-5618,3201.949,83198.051,3.7060%,5,
Contact STARLINK-1481 - STARLINK-6255,17799.312,68600.688,20.6011%,6,
Contact STARLINK-1481 - STARLINK-3898,8379.971,78020.029,9.6990%,6,
Contact STARLINK-1481 - STARLINK-30842,0.000,86400.000,0.0000%,0,
Contact STARLINK-1481 - STARLINK-4631,0.000,86400.000,0.0000%,0,
Contact STARLINK-1481 - STARLINK-31539,1249.722,85150.278,1.4464%,3,
Contact STARLINK-1481 - STARLINK-5807,0.000,86400.000,0.0000%,0,
Contact STARLINK-1481 - STARLINK-31722,0.000,86400.000,0.0000%,0,
Contact STARLINK-1481 - STARLINK-1581,0.000,86400.000,0.0000%,0,
Contact STARLINK-1481 - STARLINK-30367,10547.709,75852.291,12.2080%,6,
Contact STARLINK-1481 - STARLINK-4290,0.000,86400.000,0.0000%,0,
Contact STARLINK-1481 - STARLINK-5151,3679.034,82720.966,4.2581%,5,
Contact STARLINK-1481 - STARLINK-6142,0.000,86400.000,0.0000%,0,
Contact STARLINK-1481 - STARLINK-2388,0.000,86400.000,0.0000%,0,
Contact STARLINK-1481 - STARLINK-3167,0.000,86400.000,0.0000%,0,
Contact STARLINK-1481 - STARLINK-1700,0.000,86400.000,0.0000%,0,
Contact STARLINK-1481 - STARLINK-5049,18678.891,67721.109,21.6191%,1,
Contact STARLINK-1481 - STARLINK-31463,0.000,86400.000,0.0000%,0,
Contact STARLINK-1481 - MoonARTEMIS1,63926.799,22473.201,73.9894%,9,
Contact STARLINK-1481 - MoonARTEMIS2,66230.263,20169.737,76.6554%,8,
Contact STARLINK-1481 - MoonIOAGEO,59834.414,26565.586,69.2528%,8,
Contact STARLINK-1481 - MoonIOAGNO,71807.831,14592.169,83.1109%,8,
Contact STARLINK-1481 - MoonIOAGNO 0001,71819.308,14580.692,83.1242%,8,
Contact STARLINK-1481 - MoonIOAGSO,62911.229,23488.771,72.8139%,9,
Contact STARLINK-1481 - MoonIOAGSO 0001,63149.867,23250.133,73.0901%,9,
Contact STARLINK-1481 - MoonLRO,28598.210,57801.790,33.0998%,9,
Contact STARLINK-1481 - MarsSat1,71356.902,15043.098,82.5890%,9,
Contact STARLINK-1481 - MarsSat2,71357.246,15042.754,82.5894%,9,
Contact STARLINK-1481 - MarsSat3,71356.838,15043.162,82.5889%,9,
Contact STARLINK-1481 - MarsSat4,61841.834,24558.166,71.5762%,9,
Contact STARLINK-5138 - STARLINK-31217,9507.805,76892.195,11.0044%,1,
Contact STARLINK-5138 - STARLINK-5335,0.000,86400.000,0.0000%,0,
Contact STARLINK-5138 - STARLINK-30105,0.000,86400.000,0.0000%,0,
Contact STARLINK-5138 - STARLINK-5698,0.000,86400.000,0.0000%,0,
Contact STARLINK-5138 - STARLINK-3328,0.000,86400.000,0.0000%,0,
Contact STARLINK-5138 - STARLINK-31933,43951.434,42448.566,50.8697%,1,
Contact STARLINK-5138 - STARLINK-1909,86400.000,0.000,100.0000%,1,
Contact STARLINK-5138 - STARLINK-32211,0.000,86400.000,0.0000%,0,
Contact STARLINK-5138 - STARLINK-5718,0.000,86400.000,0.0000%,0,
Contact STARLINK-5138 - STARLINK-4621,14946.055,71453.945,17.2987%,7,
Contact STARLINK-5138 - STARLINK-2618,0.000,86400.000,0.0000%,0,
Contact STARLINK-5138 - STARLINK-5905,0.000,86400.000,0.0000%,0,
Contact STARLINK-5138 - STARLINK-30312,14643.703,71756.297,16.9487%,3,
Contact STARLINK-5138 - STARLINK-5250,0.000,86400.000,0.0000%,0,
Contact STARLINK-5138 - STARLINK-3081,0.000,86400.000,0.0000%,0,
Contact STARLINK-5138 - STARLINK-5057,79062.061,7337.939,91.5070%,2,
Contact STARLINK-5138 - STARLINK-5576,0.000,86400.000,0.0000%,0,
Contact STARLINK-5138 - STARLINK-30214,0.000,86400.000,0.0000%,0,
Contact STARLINK-5138 - STARLINK-30611,0.000,86400.000,0.0000%,0,
Contact STARLINK-5138 - STARLINK-30190,0.000,86400.000,0.0000%,0,
Contact STARLINK-5138 - STARLINK-5215,0.000,86400.000,0.0000%,0,
Contact STARLINK-5138 - STARLINK-4125,0.000,86400.000,0.0000%,0,
Contact STARLINK-5138 - STARLINK-32081,0.000,86400.000,0.0000%,0,
Contact STARLINK-5138 - STARLINK-1301,0.000,86400.000,0.0000%,0,
Contact STARLINK-5138 - STARLINK-4651,40130.330,46269.670,46.4471%,7,
Contact STARLINK-5138 - STARLINK-31617,30984.370,55415.630,35.8615%,4,
Contact STARLINK-5138 - STARLINK-2751,0.000,86400.000,0.0000%,0,
Contact STARLINK-5138 - STARLINK-1015,0.000,86400.000,0.0000%,0,
Contact STARLINK-5138 - STARLINK-5765,0.000,86400.000,0.0000%,0,
Contact STARLINK-5138 - STARLINK-32235,27548.656,58851.344,31.8850%,3,
Contact STARLINK-5138 - STARLINK-11266 [DTC],0.000,86400.000,0.0000%,0,
Contact STARLINK-5138 - STARLINK-30355,0.000,86400.000,0.0000%,0,
Contact STARLINK-5138 - STARLINK-30316,0.000,86400.000,0.0000%,0,
Contact STARLINK-5138 - STARLINK-2602,11436.601,74963.399,13.2368%,3,
Contact STARLINK-5138 - STARLINK-6044,10938.380,75461.620,12.6602%,6,
Contact STARLINK-5138 - STARLINK-32254,84644.182,1755.818,97.9678%,5,
Contact STARLINK-5138 - STARLINK-4617,1009.960,85390.040,1.1689%,2,
Contact STARLINK-5138 - STARLINK-30472,15031.556,71368.444,17.3976%,7,
Contact STARLINK-5138 - STARLINK-30196,4558.054,81841.946,5.2755%,6,
Contact STARLINK-5138 - STARLINK-30825,63759.156,22640.844,73.7953%,3,
Contact STARLINK-5138 - STARLINK-31627,2020.897,84379.103,2.3390%,3,
Contact STARLINK-5138 - STARLINK-3182,22130.792,64269.208,25.6143%,7,
Contact STARLINK-5138 - STARLINK-4413,7765.918,78634.082,8.9883%,6,
Contact STARLINK-5138 - STARLINK-31407,0.000,86400.000,0.0000%,0,
Contact STARLINK-5138 - STARLINK-30171,0.000,86400.000,0.0000%,0,
Contact STARLINK-5138 - STARLINK-5660,0.000,86400.000,0.0000%,0,
Contact STARLINK-5138 - STARLINK-32094,0.000,86400.000,0.0000%,0,
Contact STARLINK-5138 - STARLINK-4127,12259.362,74140.638,14.1891%,7,
Contact STARLINK-5138 - STARLINK-30331,52223.386,34176.614,60.4437%,7,
Contact STARLINK-5138 - STARLINK-31827,47298.665,39101.335,54.7438%,1,
Contact STARLINK-5138 - STARLINK-30767,0.000,86400.000,0.0000%,0,
Contact STARLINK-5138 - STARLINK-31800,512.487,85887.513,0.5932%,1,
Contact STARLINK-5138 - STARLINK-4254,0.000,86400.000,0.0000%,0,
Contact STARLINK-5138 - STARLINK-3533,0.000,86400.000,0.0000%,0,
Contact STARLINK-5138 - STARLINK-31987,47612.657,38787.343,55.1072%,1,
Contact STARLINK-5138 - STARLINK-6311,0.000,86400.000,0.0000%,0,
Contact STARLINK-5138 - STARLINK-31021,86400.000,0.000,100.0000%,1,
Contact STARLINK-5138 - STARLINK-2228,18106.447,68293.553,20.9565%,2,
Contact STARLINK-5138 - STARLINK-1736,6383.106,80016.894,7.3879%,4,
Contact STARLINK-5138 - STARLINK-6372,0.000,86400.000,0.0000%,0,
Contact STARLINK-5138 - STARLINK-30425,3316.716,83083.284,3.8388%,5,
Contact STARLINK-5138 - STARLINK-4772,0.000,86400.000,0.0000%,0,
Contact STARLINK-5138 - STARLINK-3346,0.000,86400.000,0.0000%,0,
Contact STARLINK-5138 - STARLINK-30320,0.000,86400.000,0.0000%,0,
Contact STARLINK-5138 - STARLINK-31919,0.000,86400.000,0.0000%,0,
Contact STARLINK-5138 - STARLINK-31639,0.000,86400.000,0.0000%,0,
Contact STARLINK-5138 - STARLINK-31600,0.000,86400.000,0.0000%,0,
Contact STARLINK-5138 - STARLINK-4687,0.000,86400.000,0.0000%,0,
Contact STARLINK-5138 - STARLINK-5978,39844.663,46555.337,46.1165%,2,
Contact STARLINK-5138 - STARLINK-30613,0.000,86400.000,0.0000%,0,
Contact STARLINK-5138 - STARLINK-31764,0.000,86400.000,0.0000%,0,
Contact STARLINK-5138 - STARLINK-4402,39699.340,46700.660,45.9483%,6,
Contact STARLINK-5138 - STARLINK-31502,12099.728,74300.272,14.0043%,4,
Contact STARLINK-5138 - STARLINK-5618,0.000,86400.000,0.0000%,0,
Contact STARLINK-5138 - STARLINK-6255,0.000,86400.000,0.0000%,0,
Contact STARLINK-5138 - STARLINK-3898,0.000,86400.000,0.0000%,0,
Contact STARLINK-5138 - STARLINK-30842,2073.738,84326.262,2.4002%,3,
Contact STARLINK-5138 - STARLINK-4631,0.000,86400.000,0.0000%,0,
Contact STARLINK-5138 - STARLINK-31539,8893.698,77506.302,10.2936%,1,
Contact STARLINK-5138 - STARLINK-5807,4966.642,81433.358,5.7484%,7,
Contact STARLINK-5138 - STARLINK-31722,10669.780,75730.220,12.3493%,1,
Contact STARLINK-5138 - STARLINK-1581,0.000,86400.000,0.0000%,0,
Contact STARLINK-5138 - STARLINK-30367,0.000,86400.000,0.0000%,0,
Contact STARLINK-5138 - STARLINK-4290,0.000,86400.000,0.0000%,0,
Contact STARLINK-5138 - STARLINK-5151,0.000,86400.000,0.0000%,0,
Contact STARLINK-5138 - STARLINK-6142,0.000,86400.000,0.0000%,0,
Contact STARLINK-5138 - STARLINK-2388,3665.221,82734.779,4.2422%,6,
Contact STARLINK-5138 - STARLINK-3167,29965.906,56434.094,34.6828%,7,
Contact STARLINK-5138 - STARLINK-1700,3017.422,83382.578,3.4924%,6,
Contact STARLINK-5138 - STARLINK-5049,0.000,86400.000,0.0000%,0,
Contact STARLINK-5138 - STARLINK-31463,5300.845,81099.155,6.1352%,2,
Contact STARLINK-5138 - MoonARTEMIS1,71908.994,14491.006,83.2280%,8,
Contact STARLINK-5138 - MoonARTEMIS2,70690.401,15709.599,81.8176%,8,
Contact STARLINK-5138 - MoonIOAGEO,62833.083,23566.917,72.7235%,9,
Contact STARLINK-5138 - MoonIOAGNO,72743.808,13656.192,84.1942%,8,
Contact STARLINK-5138 - MoonIOAGNO 0001,72758.634,13641.366,84.2114%,8,
Contact STARLINK-5138 - MoonIOAGSO,64306.114,22093.886,74.4284%,9,
Contact STARLINK-5138 - MoonIOAGSO 0001,67840.559,18559.441,78.5192%,7,
Contact STARLINK-5138 - MoonLRO,27417.035,58982.965,31.7327%,9,
Contact STARLINK-5138 - MarsSat1,67524.952,18875.048,78.1539%,9,
Contact STARLINK-5138 - MarsSat2,67524.760,18875.240,78.1537%,9,
Contact STARLINK-5138 - MarsSat3,67524.882,18875.118,78.1538%,9,
Contact STARLINK-5138 - MarsSat4,63982.331,22417.669,74.0536%,9,
Contact STARLINK-31217 - STARLINK-5335,0.000,86400.000,0.0000%,0,
Contact STARLINK-31217 - STARLINK-30105,0.000,86400.000,0.0000%,0,
Contact STARLINK-31217 - STARLINK-5698,0.000,86400.000,0.0000%,0,
Contact STARLINK-31217 - STARLINK-3328,4935.622,81464.378,5.7125%,3,
Contact STARLINK-31217 - STARLINK-31933,0.000,86400.000,0.0000%,0,
Contact STARLINK-31217 - STARLINK-1909,14226.006,72173.994,16.4653%,1,
Contact STARLINK-31217 - STARLINK-32211,0.000,86400.000,0.0000%,0,
Contact STARLINK-31217 - STARLINK-5718,0.000,86400.000,0.0000%,0,
Contact STARLINK-31217 - STARLINK-4621,0.000,86400.000,0.0000%,0,
Contact STARLINK-31217 - STARLINK-2618,2699.069,83700.931,3.1239%,3,
Contact STARLINK-31217 - STARLINK-5905,32218.916,54181.084,37.2904%,1,
Contact STARLINK-31217 - STARLINK-30312,0.000,86400.000,0.0000%,0,
Contact STARLINK-31217 - STARLINK-5250,0.000,86400.000,0.0000%,0,
Contact STARLINK-31217 - STARLINK-3081,0.000,86400.000,0.0000%,0,
Contact STARLINK-31217 - STARLINK-5057,35703.371,50696.629,41.3233%,1,
Contact STARLINK-31217 - STARLINK-5576,2719.288,83680.712,3.1473%,3,
Contact STARLINK-31217 - STARLINK-30214,6428.014,79971.986,7.4398%,4,
Contact STARLINK-31217 - STARLINK-30611,0.000,86400.000,0.0000%,0,
Contact STARLINK-31217 - STARLINK-30190,29722.705,56677.295,34.4013%,1,
Contact STARLINK-31217 - STARLINK-5215,0.000,86400.000,0.0000%,0,
Contact STARLINK-31217 - STARLINK-4125,4143.125,82256.875,4.7953%,2,
Contact STARLINK-31217 - STARLINK-32081,0.000,86400.000,0.0000%,0,
Contact STARLINK-31217 - STARLINK-1301,0.000,86400.000,0.0000%,0,
Contact STARLINK-31217 - STARLINK-4651,27317.602,59082.398,31.6176%,2,
Contact STARLINK-31217 - STARLINK-31617,0.000,86400.000,0.0000%,0,
Contact STARLINK-31217 - STARLINK-2751,0.000,86400.000,0.0000%,0,
Contact STARLINK-31217 - STARLINK-1015,5972.086,80427.914,6.9121%,4,
Contact STARLINK-31217 - STARLINK-5765,3679.257,82720.743,4.2584%,4,
Contact STARLINK-31217 - STARLINK-32235,0.000,86400.000,0.0000%,0,
Contact STARLINK-31217 - STARLINK-11266 [DTC],1078.925,85321.075,1.2488%,1,
Contact STARLINK-31217 - STARLINK-30355,30306.894,56093.106,35.0774%,3,
Contact STARLINK-31217 - STARLINK-30316,0.000,86400.000,0.0000%,0,
Contact STARLINK-31217 - STARLINK-2602,39901.455,46498.545,46.1822%,8,
Contact STARLINK-31217 - STARLINK-6044,391.803,86008.197,0.4535%,1,
Contact STARLINK-31217 - STARLINK-32254,14031.085,72368.915,16.2397%,1,
Contact STARLINK-31217 - STARLINK-4617,6376.031,80023.969,7.3797%,4,
Contact STARLINK-31217 - STARLINK-30472,4316.553,82083.447,4.9960%,2,
Contact STARLINK-31217 - STARLINK-30196,0.000,86400.000,0.0000%,0,
Contact STARLINK-31217 - STARLINK-30825,0.000,86400.000,0.0000%,0,
Contact STARLINK-31217 - STARLINK-31627,4249.460,82150.540,4.9184%,6,
Contact STARLINK-31217 - STARLINK-3182,0.000,86400.000,0.0000%,0,
Contact STARLINK-31217 - STARLINK-4413,6036.085,80363.915,6.9862%,4,
Contact STARLINK-31217 - STARLINK-31407,0.000,86400.000,0.0000%,0,
Contact STARLINK-31217 - STARLINK-30171,4614.863,81785.137,5.3413%,3,
Contact STARLINK-31217 - STARLINK-5660,1743.684,84656.316,2.0182%,3,
Contact STARLINK-31217 - STARLINK-32094,0.000,86400.000,0.0000%,0,
Contact STARLINK-31217 - STARLINK-4127,2048.450,84351.550,2.3709%,3,
Contact STARLINK-31217 - STARLINK-30331,26025.185,60374.815,30.1217%,2,
Contact STARLINK-31217 - STARLINK-31827,0.000,86400.000,0.0000%,0,
Contact STARLINK-31217 - STARLINK-30767,15937.706,70462.294,18.4464%,1,
Contact STARLINK-31217 - STARLINK-31800,0.000,86400.000,0.0000%,0,
Contact STARLINK-31217 - STARLINK-4254,0.000,86400.000,0.0000%,0,
Contact STARLINK-31217 - STARLINK-3533,0.000,86400.000,0.0000%,0,
Contact STARLINK-31217 - STARLINK-31987,0.000,86400.000,0.0000%,0,
Contact STARLINK-31217 - STARLINK-6311,0.000,86400.000,0.0000%,0,
Contact STARLINK-31217 - STARLINK-31021,30495.690,55904.310,35.2959%,1,
Contact STARLINK-31217 - STARLINK-2228,0.000,86400.000,0.0000%,0,
Contact STARLINK-31217 - STARLINK-1736,0.000,86400.000,0.0000%,0,
Contact STARLINK-31217 - STARLINK-6372,6695.311,79704.689,7.7492%,4,
Contact STARLINK-31217 - STARLINK-30425,0.000,86400.000,0.0000%,0,
Contact STARLINK-31217 - STARLINK-4772,64244.488,22155.512,74.3570%,2,
Contact STARLINK-31217 - STARLINK-3346,0.000,86400.000,0.0000%,0,
Contact STARLINK-31217 - STARLINK-30320,0.000,86400.000,0.0000%,0,
Contact STARLINK-31217 - STARLINK-31919,0.000,86400.000,0.0000%,0,
Contact STARLINK-31217 - STARLINK-31639,0.000,86400.000,0.0000%,0,
Contact STARLINK-31217 - STARLINK-31600,0.000,86400.000,0.0000%,0,
Contact STARLINK-31217 - STARLINK-4687,47120.842,39279.158,54.5380%,1,
Contact STARLINK-31217 - STARLINK-5978,31955.514,54444.486,36.9855%,2,
Contact STARLINK-31217 - STARLINK-30613,9953.479,76446.521,11.5202%,1,
Contact STARLINK-31217 - STARLINK-31764,0.000,86400.000,0.0000%,0,
Contact STARLINK-31217 - STARLINK-4402,9064.524,77335.476,10.4913%,3,
Contact STARLINK-31217 - STARLINK-31502,5126.186,81273.814,5.9331%,7,
Contact STARLINK-31217 - STARLINK-5618,0.000,86400.000,0.0000%,0,
Contact STARLINK-31217 - STARLINK-6255,0.000,86400.000,0.0000%,0,
Contact STARLINK-31217 - STARLINK-3898,0.000,86400.000,0.0000%,0,
Contact STARLINK-31217 - STARLINK-30842,0.000,86400.000,0.0000%,0,
Contact STARLINK-31217 - STARLINK-4631,46700.039,39699.961,54.0510%,1,
Contact STARLINK-31217 - STARLINK-31539,0.000,86400.000,0.0000%,0,
Contact STARLINK-31217 - STARLINK-5807,331.524,86068.476,0.3837%,1,
Contact STARLINK-31217 - STARLINK-31722,86400.000,0.000,100.0000%,1,
Contact STARLINK-31217 - STARLINK-1581,18407.382,67992.618,21.3048%,7,
Contact STARLINK-31217 - STARLINK-30367,0.000,86400.000,0.0000%,0,
Contact STARLINK-31217 - STARLINK-4290,6550.049,79849.951,7.5811%,4,
Contact STARLINK-31217 - STARLINK-5151,0.000,86400.000,0.0000%,0,
Contact STARLINK-31217 - STARLINK-6142,5709.274,80690.726,6.6080%,3,
Contact STARLINK-31217 - STARLINK-2388,0.000,86400.000,0.0000%,0,
Contact STARLINK-31217 - STARLINK-3167,14330.729,72069.271,16.5865%,3,
Contact STARLINK-31217 - STARLINK-1700,0.000,86400.000,0.0000%,0,
Contact STARLINK-31217 - STARLINK-5049,21769.141,64630.859,25.1958%,4,
Contact STARLINK-31217 - STARLINK-31463,0.000,86400.000,0.0000%,0,
Contact STARLINK-31217 - MoonARTEMIS1,62125.843,24274.157,71.9049%,9,
Contact STARLINK-31217 - MoonARTEMIS2,64841.272,21558.728,75.0478%,9,
Contact STARLINK-31217 - MoonIOAGEO,58833.548,27566.452,68.0944%,9,
Contact STARLINK-31217 - MoonIOAGNO,67645.897,18754.103,78.2939%,9,
Contact STARLINK-31217 - MoonIOAGNO 0001,67625.870,18774.130,78.2707%,9,
Contact STARLINK-31217 - MoonIOAGSO,58603.633,27796.367,67.8283%,8,
Contact STARLINK-31217 - MoonIOAGSO 0001,56502.032,29897.968,65.3959%,9,
Contact STARLINK-31217 - MoonLRO,25816.802,60583.198,29.8806%,8,
Contact STARLINK-31217 - MarsSat1,67948.471,18451.529,78.6441%,9,
Contact STARLINK-31217 - MarsSat2,67948.436,18451.564,78.6440%,9,
Contact STARLINK-31217 - MarsSat3,67948.549,18451.451,78.6442%,9,
Contact STARLINK-31217 - MarsSat4,62360.787,24039.213,72.1768%,9,
Contact STARLINK-5335 - STARLINK-30105,0.000,86400.000,0.0000%,0,
Contact STARLINK-5335 - STARLINK-5698,7603.786,78796.214,8.8007%,7,
Contact STARLINK-5335 - STARLINK-3328,0.000,86400.000,0.0000%,0,
Contact STARLINK-5335 - STARLINK-31933,9632.253,76767.747,11.1484%,4,
Contact STARLINK-5335 - STARLINK-1909,0.000,86400.000,0.0000%,0,
Contact STARLINK-5335 - STARLINK-32211,5497.927,80902.073,6.3633%,3,
Contact STARLINK-5335 - STARLINK-5718,24201.133,62198.867,28.0106%,6,
Contact STARLINK-5335 - STARLINK-4621,79986.564,6413.436,92.5770%,7,
Contact STARLINK-5335 - STARLINK-2618,0.000,86400.000,0.0000%,0,
Contact STARLINK-5335 - STARLINK-5905,0.000,86400.000,0.0000%,0,
Contact STARLINK-5335 - STARLINK-30312,18413.772,67986.228,21.3122%,7,
Contact STARLINK-5335 - STARLINK-5250,75815.795,10584.205,87.7498%,7,
Contact STARLINK-5335 - STARLINK-3081,11298.418,75101.582,13.0769%,7,
Contact STARLINK-5335 - STARLINK-5057,0.000,86400.000,0.0000%,0,
Contact STARLINK-5335 - STARLINK-5576,0.000,86400.000,0.0000%,0,
Contact STARLINK-5335 - STARLINK-30214,0.000,86400.000,0.0000%,0,
Contact STARLINK-5335 - STARLINK-30611,34508.585,51891.415,39.9405%,1,
Contact STARLINK-5335 - STARLINK-30190,0.000,86400.000,0.0000%,0,
Contact STARLINK-5335 - STARLINK-5215,7220.668,79179.332,8.3573%,1,
Contact STARLINK-5335 - STARLINK-4125,3566.609,82833.391,4.1280%,6,
Contact STARLINK-5335 - STARLINK-32081,4038.102,82361.898,4.6737%,2,
Contact STARLINK-5335 - STARLINK-1301,24453.478,61946.522,28.3026%,6,
Contact STARLINK-5335 - STARLINK-4651,0.000,86400.000,0.0000%,0,
Contact STARLINK-5335 - STARLINK-31617,29.996,86370.004,0.0347%,1,
Contact STARLINK-5335 - STARLINK-2751,86400.000,0.000,100.0000%,1,
Contact STARLINK-5335 - STARLINK-1015,0.000,86400.000,0.0000%,0,
Contact STARLINK-5335 - STARLINK-5765,0.000,86400.000,0.0000%,0,
Contact STARLINK-5335 - STARLINK-32235,30943.209,55456.791,35.8139%,1,
Contact STARLINK-5335 - STARLINK-11266 [DTC],0.000,86400.000,0.0000%,0,
Contact STARLINK-5335 - STARLINK-30355,0.000,86400.000,0.0000%,0,
Contact STARLINK-5335 - STARLINK-30316,4136.669,82263.331,4.7878%,1,
Contact STARLINK-5335 - STARLINK-2602,0.000,86400.000,0.0000%,0,
Contact STARLINK-5335 - STARLINK-6044,0.000,86400.000,0.0000%,0,
Contact STARLINK-5335 - STARLINK-32254,0.000,86400.000,0.0000%,0,
Contact STARLINK-5335 - STARLINK-4617,0.000,86400.000,0.0000%,0,
Contact STARLINK-5335 - STARLINK-30472,0.000,86400.000,0.0000%,0,
Contact STARLINK-5335 - STARLINK-30196,86400.000,0.000,100.0000%,1,
Contact STARLINK-5335 - STARLINK-30825,0.000,86400.000,0.0000%,0,
Contact STARLINK-5335 - STARLINK-31627,0.000,86400.000,0.0000%,0,
Contact STARLINK-5335 - STARLINK-3182,0.000,86400.000,0.0000%,0,
Contact STARLINK-5335 - STARLINK-4413,1622.434,84777.566,1.8778%,4,
Contact STARLINK-5335 - STARLINK-31407,24141.620,62258.380,27.9417%,3,
Contact STARLINK-5335 - STARLINK-30171,0.000,86400.000,0.0000%,0,
Contact STARLINK-5335 - STARLINK-5660,0.000,86400.000,0.0000%,0,
Contact STARLINK-5335 - STARLINK-32094,0.000,86400.000,0.0000%,0,
Contact STARLINK-5335 - STARLINK-4127,0.000,86400.000,0.0000%,0,
Contact STARLINK-5335 - STARLINK-30331,0.000,86400.000,0.0000%,0,
Contact STARLINK-5335 - STARLINK-31827,50005.914,36394.086,57.8772%,2,
Contact STARLINK-5335 - STARLINK-30767,0.000,86400.000,0.0000%,0,
Contact STARLINK-5335 - STARLINK-31800,29482.348,56917.652,34.1231%,5,
Contact STARLINK-5335 - STARLINK-4254,0.000,86400.000,0.0000%,0,
Contact STARLINK-5335 - STARLINK-3533,0.000,86400.000,0.0000%,0,
Contact STARLINK-5335 - STARLINK-31987,32015.581,54384.419,37.0551%,5,
Contact STARLINK-5335 - STARLINK-6311,86400.000,0.000,100.0000%,1,
Contact STARLINK-5335 - STARLINK-31021,0.000,86400.000,0.0000%,0,
Contact STARLINK-5335 - STARLINK-2228,37319.022,49080.978,43.1933%,2,
Contact STARLINK-5335 - STARLINK-1736,43646.829,42753.171,50.5172%,2,
Contact STARLINK-5335 - STARLINK-6372,0.000,86400.000,0.0000%,0,
Contact STARLINK-5335 - STARLINK-30425,10963.934,75436.066,12.6897%,2,
Contact STARLINK-5335 - STARLINK-4772,0.000,86400.000,0.0000%,0,
Contact STARLINK-5335 - STARLINK-3346,27761.857,58638.143,32.1318%,6,
Contact STARLINK-5335 - STARLINK-30320,41167.051,45232.949,47.6471%,1,
Contact STARLINK-5335 - STARLINK-31919,349.472,86050.528,0.4045%,1,
Contact STARLINK-5335 - STARLINK-31639,10049.988,76350.012,11.6319%,1,
Contact STARLINK-5335 - STARLINK-31600,873.568,85526.432,1.0111%,1,
Contact STARLINK-5335 - STARLINK-4687,0.000,86400.000,0.0000%,0,
Contact STARLINK-5335 - STARLINK-5978,0.000,86400.000,0.0000%,0,
Contact STARLINK-5335 - STARLINK-30613,0.000,86400.000,0.0000%,0,
Contact STARLINK-5335 - STARLINK-31764,37054.452,49345.548,42.8871%,4,
Contact STARLINK-5335 - STARLINK-4402,1409.282,84990.718,1.6311%,3,
Contact STARLINK-5335 - STARLINK-31502,0.000,86400.000,0.0000%,0,
Contact STARLINK-5335 - STARLINK-5618,0.000,86400.000,0.0000%,0,
Contact STARLINK-5335 - STARLINK-6255,86400.000,0.000,100.0000%,1,
Contact STARLINK-5335 - STARLINK-3898,86400.000,0.000,100.0000%,1,
Contact STARLINK-5335 - STARLINK-30842,0.000,86400.000,0.0000%,0,
Contact STARLINK-5335 - STARLINK-4631,0.000,86400.000,0.0000%,0,
Contact STARLINK-5335 - STARLINK-31539,40823.369,45576.631,47.2493%,5,
Contact STARLINK-5335 - STARLINK-5807,0.000,86400.000,0.0000%,0,
Contact STARLINK-5335 - STARLINK-31722,0.000,86400.000,0.0000%,0,
Contact STARLINK-5335 - STARLINK-1581,0.000,86400.000,0.0000%,0,
Contact STARLINK-5335 - STARLINK-30367,86400.000,0.000,100.0000%,1,
Contact STARLINK-5335 - STARLINK-4290,0.000,86400.000,0.0000%,0,
Contact STARLINK-5335 - STARLINK-5151,4755.448,81644.552,5.5040%,3,
Contact STARLINK-5335 - STARLINK-6142,0.000,86400.000,0.0000%,0,
Contact STARLINK-5335 - STARLINK-2388,273.362,86126.638,0.3164%,1,
Contact STARLINK-5335 - STARLINK-3167,0.000,86400.000,0.0000%,0,
Contact STARLINK-5335 - STARLINK-1700,0.000,86400.000,0.0000%,0,
Contact STARLINK-5335 - STARLINK-5049,0.000,86400.000,0.0000%,0,
Contact STARLINK-5335 - STARLINK-31463,7824.419,78575.581,9.0560%,5,
Contact STARLINK-5335 - MoonARTEMIS1,65530.198,20869.802,75.8451%,10,
Contact STARLINK-5335 - MoonARTEMIS2,60983.287,25416.713,70.5825%,10,
Contact STARLINK-5335 - MoonIOAGEO,61273.661,25126.339,70.9186%,9,
Contact STARLINK-5335 - MoonIOAGNO,66962.682,19437.318,77.5031%,10,
Contact STARLINK-5335 - MoonIOAGNO 0001,61231.498,25168.502,70.8698%,10,
Contact STARLINK-5335 - MoonIOAGSO,54396.566,32003.434,62.9590%,10,
Contact STARLINK-5335 - MoonIOAGSO 0001,54679.793,31720.207,63.2868%,10,
Contact STARLINK-5335 - MoonLRO,17698.104,68701.896,20.4839%,8,
Contact STARLINK-5335 - MarsSat1,76164.673,10235.327,88.1536%,7,
Contact STARLINK-5335 - MarsSat2,76164.193,10235.807,88.1530%,7,
Contact STARLINK-5335 - MarsSat3,76164.689,10235.311,88.1536%,7,
Contact STARLINK-5335 - MarsSat4,66620.602,19779.398,77.1072%,7,
Contact STARLINK-30105 - STARLINK-5698,0.000,86400.000,0.0000%,0,
Contact STARLINK-30105 - STARLINK-3328,0.000,86400.000,0.0000%,0,
Contact STARLINK-30105 - STARLINK-31933,0.000,86400.000,0.0000%,0,
Contact STARLINK-30105 - STARLINK-1909,0.000,86400.000,0.0000%,0,
Contact STARLINK-30105 - STARLINK-32211,0.000,86400.000,0.0000%,0,
Contact STARLINK-30105 - STARLINK-5718,0.000,86400.000,0.0000%,0,
Contact STARLINK-30105 - STARLINK-4621,0.000,86400.000,0.0000%,0,
Contact STARLINK-30105 - STARLINK-2618,0.000,86400.000,0.0000%,0,
Contact STARLINK-30105 - STARLINK-5905,0.000,86400.000,0.0000%,0,
Contact STARLINK-30105 - STARLINK-30312,0.000,86400.000,0.0000%,0,
Contact STARLINK-30105 - STARLINK-5250,0.000,86400.000,0.0000%,0,
Contact STARLINK-30105 - STARLINK-3081,0.000,86400.000,0.0000%,0,
Contact STARLINK-30105 - STARLINK-5057,0.000,86400.000,0.0000%,0,
Contact STARLINK-30105 - STARLINK-5576,0.000,86400.000,0.0000%,0,
Contact STARLINK-30105 - STARLINK-30214,0.000,86400.000,0.0000%,0,
Contact STARLINK-30105 - STARLINK-30611,0.000,86400.000,0.0000%,0,
Contact STARLINK-30105 - STARLINK-30190,0.000,86400.000,0.0000%,0,
Contact STARLINK-30105 - STARLINK-5215,0.000,86400.000,0.0000%,0,
Contact STARLINK-30105 - STARLINK-4125,0.000,86400.000,0.0000%,0,
Contact STARLINK-30105 - STARLINK-32081,0.000,86400.000,0.0000%,0,
Contact STARLINK-30105 - STARLINK-1301,0.000,86400.000,0.0000%,0,
Contact STARLINK-30105 - STARLINK-4651,0.000,86400.000,0.0000%,0,
Contact STARLINK-30105 - STARLINK-31617,0.000,86400.000,0.0000%,0,
Contact STARLINK-30105 - STARLINK-2751,0.000,86400.000,0.0000%,0,
Contact STARLINK-30105 - STARLINK-1015,0.000,86400.000,0.0000%,0,
Contact STARLINK-30105 - STARLINK-5765,0.000,86400.000,0.0000%,0,
Contact STARLINK-30105 - STARLINK-32235,0.000,86400.000,0.0000%,0,
Contact STARLINK-30105 - STARLINK-11266 [DTC],0.000,86400.000,0.0000%,0,
Contact STARLINK-30105 - STARLINK-30355,0.000,86400.000,0.0000%,0,
Contact STARLINK-30105 - STARLINK-30316,0.000,86400.000,0.0000%,0,
Contact STARLINK-30105 - STARLINK-2602,0.000,86400.000,0.0000%,0,
Contact STARLINK-30105 - STARLINK-6044,0.000,86400.000,0.0000%,0,
Contact STARLINK-30105 - STARLINK-32254,0.000,86400.000,0.0000%,0,
Contact STARLINK-30105 - STARLINK-4617,0.000,86400.000,0.0000%,0,
Contact STARLINK-30105 - STARLINK-30472,0.000,86400.000,0.0000%,0,
Contact STARLINK-30105 - STARLINK-30196,0.000,86400.000,0.0000%,0,
Contact STARLINK-30105 - STARLINK-30825,0.000,86400.000,0.0000%,0,
Contact STARLINK-30105 - STARLINK-31627,0.000,86400.000,0.0000%,0,
Contact STARLINK-30105 - STARLINK-3182,0.000,86400.000,0.0000%,0,
Contact STARLINK-30105 - STARLINK-4413,0.000,86400.000,0.0000%,0,
Contact STARLINK-30105 - STARLINK-31407,0.000,86400.000,0.0000%,0,
Contact STARLINK-30105 - STARLINK-30171,0.000,86400.000,0.0000%,0,
Contact STARLINK-30105 - STARLINK-5660,0.000,86400.000,0.0000%,0,
Contact STARLINK-30105 - STARLINK-32094,0.000,86400.000,0.0000%,0,
Contact STARLINK-30105 - STARLINK-4127,0.000,86400.000,0.0000%,0,
Contact STARLINK-30105 - STARLINK-30331,0.000,86400.000,0.0000%,0,
Contact STARLINK-30105 - STARLINK-31827,0.000,86400.000,0.0000%,0,
Contact STARLINK-30105 - STARLINK-30767,0.000,86400.000,0.0000%,0,
Contact STARLINK-30105 - STARLINK-31800,0.000,86400.000,0.0000%,0,
Contact STARLINK-30105 - STARLINK-4254,0.000,86400.000,0.0000%,0,
Contact STARLINK-30105 - STARLINK-3533,0.000,86400.000,0.0000%,0,
Contact STARLINK-30105 - STARLINK-31987,0.000,86400.000,0.0000%,0,
Contact STARLINK-30105 - STARLINK-6311,0.000,86400.000,0.0000%,0,
Contact STARLINK-30105 - STARLINK-31021,0.000,86400.000,0.0000%,0,
Contact STARLINK-30105 - STARLINK-2228,0.000,86400.000,0.0000%,0,
Contact STARLINK-30105 - STARLINK-1736,0.000,86400.000,0.0000%,0,
Contact STARLINK-30105 - STARLINK-6372,0.000,86400.000,0.0000%,0,
Contact STARLINK-30105 - STARLINK-30425,0.000,86400.000,0.0000%,0,
Contact STARLINK-30105 - STARLINK-4772,0.000,86400.000,0.0000%,0,
Contact STARLINK-30105 - STARLINK-3346,0.000,86400.000,0.0000%,0,
Contact STARLINK-30105 - STARLINK-30320,0.000,86400.000,0.0000%,0,
Contact STARLINK-30105 - STARLINK-31919,0.000,86400.000,0.0000%,0,
Contact STARLINK-30105 - STARLINK-31639,0.000,86400.000,0.0000%,0,
Contact STARLINK-30105 - STARLINK-31600,0.000,86400.000,0.0000%,0,
Contact STARLINK-30105 - STARLINK-4687,0.000,86400.000,0.0000%,0,
Contact STARLINK-30105 - STARLINK-5978,0.000,86400.000,0.0000%,0,
Contact STARLINK-30105 - STARLINK-30613,0.000,86400.000,0.0000%,0,
Contact STARLINK-30105 - STARLINK-31764,0.000,86400.000,0.0000%,0,
Contact STARLINK-30105 - STARLINK-4402,0.000,86400.000,0.0000%,0,
Contact STARLINK-30105 - STARLINK-31502,0.000,86400.000,0.0000%,0,
Contact STARLINK-30105 - STARLINK-5618,0.000,86400.000,0.0000%,0,
Contact STARLINK-30105 - STARLINK-6255,0.000,86400.000,0.0000%,0,
Contact STARLINK-30105 - STARLINK-3898,0.000,86400.000,0.0000%,0,
Contact STARLINK-30105 - STARLINK-30842,0.000,86400.000,0.0000%,0,
Contact STARLINK-30105 - STARLINK-4631,0.000,86400.000,0.0000%,0,
Contact STARLINK-30105 - STARLINK-31539,0.000,86400.000,0.0000%,0,
Contact STARLINK-30105 - STARLINK-5807,0.000,86400.000,0.0000%,0,
Contact STARLINK-30105 - STARLINK-31722,0.000,86400.000,0.0000%,0,
Contact STARLINK-30105 - STARLINK-1581,0.000,86400.000,0.0000%,0,
Contact STARLINK-30105 - STARLINK-30367,0.000,86400.000,0.0000%,0,
Contact STARLINK-30105 - STARLINK-4290,0.000,86400.000,0.0000%,0,
Contact STARLINK-30105 - STARLINK-5151,0.000,86400.000,0.0000%,0,
Contact STARLINK-30105 - STARLINK-6142,0.000,86400.000,0.0000%,0,
Contact STARLINK-30105 - STARLINK-2388,0.000,86400.000,0.0000%,0,
Contact STARLINK-30105 - STARLINK-3167,0.000,86400.000,0.0000%,0,
Contact STARLINK-30105 - STARLINK-1700,0.000,86400.000,0.0000%,0,
Contact STARLINK-30105 - STARLINK-5049,0.000,86400.000,0.0000%,0,
Contact STARLINK-30105 - STARLINK-31463,0.000,86400.000,0.0000%,0,
Contact STARLINK-30105 - MoonARTEMIS1,0.000,86400.000,0.0000%,0,
Contact STARLINK-30105 - MoonARTEMIS2,0.000,86400.000,0.0000%,0,
Contact STARLINK-30105 - MoonIOAGEO,0.000,86400.000,0.0000%,0,
Contact STARLINK-30105 - MoonIOAGNO,0.000,86400.000,0.0000%,0,
Contact STARLINK-30105 - MoonIOAGNO 0001,0.000,86400.000,0.0000%,0,
Contact STARLINK-30105 - MoonIOAGSO,0.000,86400.000,0.0000%,0,
Contact STARLINK-30105 - MoonIOAGSO 0001,0.000,86400.000,0.0000%,0,
Contact STARLINK-30105 - MoonLRO,0.000,86400.000,0.0000%,0,
Contact STARLINK-30105 - MarsSat1,0.000,86400.000,0.0000%,0,
Contact STARLINK-30105 - MarsSat2,0.000,86400.000,0.0000%,0,
Contact STARLINK-30105 - MarsSat3,0.000,86400.000,0.0000%,0,
Contact STARLINK-30105 - MarsSat4,0.000,86400.000,0.0000%,0,
Contact STARLINK-5698 - STARLINK-3328,0.000,86400.000,0.0000%,0,
Contact STARLINK-5698 - STARLINK-31933,22225.068,64174.932,25.7235%,4,
Contact STARLINK-5698 - STARLINK-1909,498.558,85901.442,0.5770%,1,
Contact STARLINK-5698 - STARLINK-32211,15639.385,70760.615,18.1011%,3,
Contact STARLINK-5698 - STARLINK-5718,0.000,86400.000,0.0000%,0,
Contact STARLINK-5698 - STARLINK-4621,4481.755,81918.245,5.1872%,7,
Contact STARLINK-5698 - STARLINK-2618,0.000,86400.000,0.0000%,0,
Contact STARLINK-5698 - STARLINK-5905,0.000,86400.000,0.0000%,0,
Contact STARLINK-5698 - STARLINK-30312,33302.093,53097.907,38.5441%,6,
Contact STARLINK-5698 - STARLINK-5250,11268.941,75131.059,13.0428%,6,
Contact STARLINK-5698 - STARLINK-3081,83765.779,2634.221,96.9511%,7,
Contact STARLINK-5698 - STARLINK-5057,0.000,86400.000,0.0000%,0,
Contact STARLINK-5698 - STARLINK-5576,0.000,86400.000,0.0000%,0,
Contact STARLINK-5698 - STARLINK-30214,0.000,86400.000,0.0000%,0,
Contact STARLINK-5698 - STARLINK-30611,54.060,86345.940,0.0626%,1,
Contact STARLINK-5698 - STARLINK-30190,0.000,86400.000,0.0000%,0,
Contact STARLINK-5698 - STARLINK-5215,0.000,86400.000,0.0000%,0,
Contact STARLINK-5698 - STARLINK-4125,0.000,86400.000,0.0000%,0,
Contact STARLINK-5698 - STARLINK-32081,1668.238,84731.762,1.9308%,2,
Contact STARLINK-5698 - STARLINK-1301,3325.070,83074.930,3.8485%,4,
Contact STARLINK-5698 - STARLINK-4651,0.000,86400.000,0.0000%,0,
Contact STARLINK-5698 - STARLINK-31617,5327.830,81072.170,6.1665%,3,
Contact STARLINK-5698 - STARLINK-2751,0.000,86400.000,0.0000%,0,
Contact STARLINK-5698 - STARLINK-1015,0.000,86400.000,0.0000%,0,
Contact STARLINK-5698 - STARLINK-5765,0.000,86400.000,0.0000%,0,
Contact STARLINK-5698 - STARLINK-32235,5973.209,80426.791,6.9134%,4,
Contact STARLINK-5698 - STARLINK-11266 [DTC],0.000,86400.000,0.0000%,0,
Contact STARLINK-5698 - STARLINK-30355,0.000,86400.000,0.0000%,0,
Contact STARLINK-5698 - STARLINK-30316,0.000,86400.000,0.0000%,0,
Contact STARLINK-5698 - STARLINK-2602,0.000,86400.000,0.0000%,0,
Contact STARLINK-5698 - STARLINK-6044,15686.621,70713.379,18.1558%,7,
Contact STARLINK-5698 - STARLINK-32254,0.000,86400.000,0.0000%,0,
Contact STARLINK-5698 - STARLINK-4617,4602.582,81797.418,5.3271%,7,
Contact STARLINK-5698 - STARLINK-30472,1657.045,84742.955,1.9179%,2,
Contact STARLINK-5698 - STARLINK-30196,21546.718,64853.282,24.9383%,7,
Contact STARLINK-5698 - STARLINK-30825,0.000,86400.000,0.0000%,0,
Contact STARLINK-5698 - STARLINK-31627,935.091,85464.909,1.0823%,1,
Contact STARLINK-5698 - STARLINK-3182,3485.209,82914.791,4.0338%,2,
Contact STARLINK-5698 - STARLINK-4413,0.000,86400.000,0.0000%,0,
Contact STARLINK-5698 - STARLINK-31407,0.000,86400.000,0.0000%,0,
Contact STARLINK-5698 - STARLINK-30171,0.000,86400.000,0.0000%,0,
Contact STARLINK-5698 - STARLINK-5660,0.000,86400.000,0.0000%,0,
Contact STARLINK-5698 - STARLINK-32094,0.000,86400.000,0.0000%,0,
Contact STARLINK-5698 - STARLINK-4127,0.000,86400.000,0.0000%,0,
Contact STARLINK-5698 - STARLINK-30331,0.000,86400.000,0.0000%,0,
Contact STARLINK-5698 - STARLINK-31827,4873.803,81526.197,5.6410%,6,
Contact STARLINK-5698 - STARLINK-30767,0.000,86400.000,0.0000%,0,
Contact STARLINK-5698 - STARLINK-31800,18122.048,68277.952,20.9746%,3,
Contact STARLINK-5698 - STARLINK-4254,0.000,86400.000,0.0000%,0,
Contact STARLINK-5698 - STARLINK-3533,0.000,86400.000,0.0000%,0,
Contact STARLINK-5698 - STARLINK-31987,7403.656,78996.344,8.5690%,5,
Contact STARLINK-5698 - STARLINK-6311,4672.624,81727.376,5.4081%,7,
Contact STARLINK-5698 - STARLINK-31021,0.000,86400.000,0.0000%,0,
Contact STARLINK-5698 - STARLINK-2228,2890.937,83509.063,3.3460%,4,
Contact STARLINK-5698 - STARLINK-1736,13302.970,73097.030,15.3970%,5,
Contact STARLINK-5698 - STARLINK-6372,0.000,86400.000,0.0000%,0,
Contact STARLINK-5698 - STARLINK-30425,22005.670,64394.330,25.4695%,4,
Contact STARLINK-5698 - STARLINK-4772,0.000,86400.000,0.0000%,0,
Contact STARLINK-5698 - STARLINK-3346,443.042,85956.958,0.5128%,1,
Contact STARLINK-5698 - STARLINK-30320,493.940,85906.060,0.5717%,1,
Contact STARLINK-5698 - STARLINK-31919,0.000,86400.000,0.0000%,0,
Contact STARLINK-5698 - STARLINK-31639,0.000,86400.000,0.0000%,0,
Contact STARLINK-5698 - STARLINK-31600,0.000,86400.000,0.0000%,0,
Contact STARLINK-5698 - STARLINK-4687,0.000,86400.000,0.0000%,0,
Contact STARLINK-5698 - STARLINK-5978,0.000,86400.000,0.0000%,0,
Contact STARLINK-5698 - STARLINK-30613,0.000,86400.000,0.0000%,0,
Contact STARLINK-5698 - STARLINK-31764,4233.631,82166.369,4.9000%,1,
Contact STARLINK-5698 - STARLINK-4402,0.000,86400.000,0.0000%,0,
Contact STARLINK-5698 - STARLINK-31502,0.000,86400.000,0.0000%,0,
Contact STARLINK-5698 - STARLINK-5618,0.000,86400.000,0.0000%,0,
Contact STARLINK-5698 - STARLINK-6255,0.000,86400.000,0.0000%,0,
Contact STARLINK-5698 - STARLINK-3898,0.000,86400.000,0.0000%,0,
Contact STARLINK-5698 - STARLINK-30842,86400.000,0.000,100.0000%,1,
Contact STARLINK-5698 - STARLINK-4631,0.000,86400.000,0.0000%,0,
Contact STARLINK-5698 - STARLINK-31539,6903.254,79496.746,7.9899%,4,
Contact STARLINK-5698 - STARLINK-5807,35761.259,50638.741,41.3903%,4,
Contact STARLINK-5698 - STARLINK-31722,0.000,86400.000,0.0000%,0,
Contact STARLINK-5698 - STARLINK-1581,114.697,86285.303,0.1328%,1,
Contact STARLINK-5698 - STARLINK-30367,1741.452,84658.548,2.0156%,4,
Contact STARLINK-5698 - STARLINK-4290,0.000,86400.000,0.0000%,0,
Contact STARLINK-5698 - STARLINK-5151,2797.619,83602.381,3.2380%,3,
Contact STARLINK-5698 - STARLINK-6142,0.000,86400.000,0.0000%,0,
Contact STARLINK-5698 - STARLINK-2388,80950.998,5449.002,93.6933%,1,
Contact STARLINK-5698 - STARLINK-3167,0.000,86400.000,0.0000%,0,
Contact STARLINK-5698 - STARLINK-1700,86400.000,0.000,100.0000%,1,
Contact STARLINK-5698 - STARLINK-5049,0.000,86400.000,0.0000%,0,
Contact STARLINK-5698 - STARLINK-31463,50382.321,36017.679,58.3129%,3,
Contact STARLINK-5698 - MoonARTEMIS1,66725.195,19674.805,77.2282%,10,
Contact STARLINK-5698 - MoonARTEMIS2,61965.599,24434.401,71.7194%,10,
Contact STARLINK-5698 - MoonIOAGEO,62198.824,24201.176,71.9894%,9,
Contact STARLINK-5698 - MoonIOAGNO,68193.098,18206.902,78.9272%,10,
Contact STARLINK-5698 - MoonIOAGNO 0001,68171.423,18228.577,78.9021%,10,
Contact STARLINK-5698 - MoonIOAGSO,60889.895,25510.105,70.4744%,10,
Contact STARLINK-5698 - MoonIOAGSO 0001,61456.174,24943.826,71.1298%,10,
Contact STARLINK-5698 - MoonLRO,27163.189,59236.811,31.4389%,9,
Contact STARLINK-5698 - MarsSat1,72423.361,13976.639,83.8233%,8,
Contact STARLINK-5698 - MarsSat2,72423.560,13976.440,83.8236%,8,
Contact STARLINK-5698 - MarsSat3,72423.330,13976.670,83.8233%,8,
Contact STARLINK-5698 - MarsSat4,72423.390,13976.610,83.8234%,8,
Contact STARLINK-3328 - STARLINK-31933,0.000,86400.000,0.0000%,0,
Contact STARLINK-3328 - STARLINK-1909,0.000,86400.000,0.0000%,0,
Contact STARLINK-3328 - STARLINK-32211,1457.150,84942.850,1.6865%,2,
Contact STARLINK-3328 - STARLINK-5718,0.000,86400.000,0.0000%,0,
Contact STARLINK-3328 - STARLINK-4621,4506.693,81893.307,5.2161%,6,
Contact STARLINK-3328 - STARLINK-2618,0.000,86400.000,0.0000%,0,
Contact STARLINK-3328 - STARLINK-5905,61664.954,24735.046,71.3715%,7,
Contact STARLINK-3328 - STARLINK-30312,0.000,86400.000,0.0000%,0,
Contact STARLINK-3328 - STARLINK-5250,0.000,86400.000,0.0000%,0,
Contact STARLINK-3328 - STARLINK-3081,0.000,86400.000,0.0000%,0,
Contact STARLINK-3328 - STARLINK-5057,0.000,86400.000,0.0000%,0,
Contact STARLINK-3328 - STARLINK-5576,86400.000,0.000,100.0000%,1,
Contact STARLINK-3328 - STARLINK-30214,0.000,86400.000,0.0000%,0,
Contact STARLINK-3328 - STARLINK-30611,8706.934,77693.066,10.0775%,7,
Contact STARLINK-3328 - STARLINK-30190,27356.793,59043.207,31.6630%,7,
Contact STARLINK-3328 - STARLINK-5215,8137.457,78262.543,9.4184%,7,
Contact STARLINK-3328 - STARLINK-4125,86400.000,0.000,100.0000%,1,
Contact STARLINK-3328 - STARLINK-32081,2705.460,83694.540,3.1313%,4,
Contact STARLINK-3328 - STARLINK-1301,0.000,86400.000,0.0000%,0,
Contact STARLINK-3328 - STARLINK-4651,0.000,86400.000,0.0000%,0,
Contact STARLINK-3328 - STARLINK-31617,0.000,86400.000,0.0000%,0,
Contact STARLINK-3328 - STARLINK-2751,11175.329,75224.671,12.9344%,6,
Contact STARLINK-3328 - STARLINK-1015,86400.000,0.000,100.0000%,1,
Contact STARLINK-3328 - STARLINK-5765,0.000,86400.000,0.0000%,0,
Contact STARLINK-3328 - STARLINK-32235,0.000,86400.000,0.0000%,0,
Contact STARLINK-3328 - STARLINK-11266 [DTC],3701.554,82698.446,4.2842%,5,
Contact STARLINK-3328 - STARLINK-30355,2028.427,84371.573,2.3477%,4,
Contact STARLINK-3328 - STARLINK-30316,12703.808,73696.192,14.7035%,4,
Contact STARLINK-3328 - STARLINK-2602,17449.326,68950.674,20.1960%,3,
Contact STARLINK-3328 - STARLINK-6044,0.000,86400.000,0.0000%,0,
Contact STARLINK-3328 - STARLINK-32254,0.000,86400.000,0.0000%,0,
Contact STARLINK-3328 - STARLINK-4617,1243.198,85156.802,1.4389%,3,
Contact STARLINK-3328 - STARLINK-30472,0.000,86400.000,0.0000%,0,
Contact STARLINK-3328 - STARLINK-30196,0.000,86400.000,0.0000%,0,
Contact STARLINK-3328 - STARLINK-30825,0.000,86400.000,0.0000%,0,
Contact STARLINK-3328 - STARLINK-31627,0.000,86400.000,0.0000%,0,
Contact STARLINK-3328 - STARLINK-3182,0.000,86400.000,0.0000%,0,
Contact STARLINK-3328 - STARLINK-4413,11134.496,75265.504,12.8871%,3,
Contact STARLINK-3328 - STARLINK-31407,56906.577,29493.423,65.8641%,1,
Contact STARLINK-3328 - STARLINK-30171,86400.000,0.000,100.0000%,1,
Contact STARLINK-3328 - STARLINK-5660,86400.000,0.000,100.0000%,1,
Contact STARLINK-3328 - STARLINK-32094,7292.964,79107.036,8.4409%,5,
Contact STARLINK-3328 - STARLINK-4127,0.000,86400.000,0.0000%,0,
Contact STARLINK-3328 - STARLINK-30331,0.000,86400.000,0.0000%,0,
Contact STARLINK-3328 - STARLINK-31827,0.000,86400.000,0.0000%,0,
Contact STARLINK-3328 - STARLINK-30767,12380.761,74019.239,14.3296%,7,
Contact STARLINK-3328 - STARLINK-31800,24364.849,62035.151,28.2001%,2,
Contact STARLINK-3328 - STARLINK-4254,46008.228,40391.772,53.2503%,7,
Contact STARLINK-3328 - STARLINK-3533,4049.081,82350.919,4.6864%,6,
Contact STARLINK-3328 - STARLINK-31987,0.000,86400.000,0.0000%,0,
Contact STARLINK-3328 - STARLINK-6311,0.000,86400.000,0.0000%,0,
Contact STARLINK-3328 - STARLINK-31021,0.000,86400.000,0.0000%,0,
Contact STARLINK-3328 - STARLINK-2228,1719.337,84680.663,1.9900%,3,
Contact STARLINK-3328 - STARLINK-1736,0.000,86400.000,0.0000%,0,
Contact STARLINK-3328 - STARLINK-6372,0.000,86400.000,0.0000%,0,
Contact STARLINK-3328 - STARLINK-30425,0.000,86400.000,0.0000%,0,
Contact STARLINK-3328 - STARLINK-4772,10907.076,75492.924,12.6239%,6,
Contact STARLINK-3328 - STARLINK-3346,0.000,86400.000,0.0000%,0,
Contact STARLINK-3328 - STARLINK-30320,10679.988,75720.012,12.3611%,6,
Contact STARLINK-3328 - STARLINK-31919,19086.094,67313.906,22.0904%,5,
Contact STARLINK-3328 - STARLINK-31639,20859.796,65540.204,24.1433%,5,
Contact STARLINK-3328 - STARLINK-31600,61378.083,25021.917,71.0394%,1,
Contact STARLINK-3328 - STARLINK-4687,0.000,86400.000,0.0000%,0,
Contact STARLINK-3328 - STARLINK-5978,0.000,86400.000,0.0000%,0,
Contact STARLINK-3328 - STARLINK-30613,2925.025,83474.975,3.3854%,4,
Contact STARLINK-3328 - STARLINK-31764,42410.909,43989.091,49.0867%,1,
Contact STARLINK-3328 - STARLINK-4402,1918.326,84481.674,2.2203%,3,
Contact STARLINK-3328 - STARLINK-31502,3357.172,83042.828,3.8856%,2,
Contact STARLINK-3328 - STARLINK-5618,5065.914,81334.086,5.8633%,7,
Contact STARLINK-3328 - STARLINK-6255,20174.340,66225.660,23.3499%,6,
Contact STARLINK-3328 - STARLINK-3898,7394.900,79005.100,8.5589%,6,
Contact STARLINK-3328 - STARLINK-30842,0.000,86400.000,0.0000%,0,
Contact STARLINK-3328 - STARLINK-4631,0.000,86400.000,0.0000%,0,
Contact STARLINK-3328 - STARLINK-31539,738.210,85661.790,0.8544%,2,
Contact STARLINK-3328 - STARLINK-5807,0.000,86400.000,0.0000%,0,
Contact STARLINK-3328 - STARLINK-31722,295.606,86104.394,0.3421%,1,
Contact STARLINK-3328 - STARLINK-1581,0.000,86400.000,0.0000%,0,
Contact STARLINK-3328 - STARLINK-30367,611.332,85788.668,0.7076%,1,
Contact STARLINK-3328 - STARLINK-4290,0.000,86400.000,0.0000%,0,
Contact STARLINK-3328 - STARLINK-5151,462.905,85937.095,0.5358%,1,
Contact STARLINK-3328 - STARLINK-6142,0.000,86400.000,0.0000%,0,
Contact STARLINK-3328 - STARLINK-2388,0.000,86400.000,0.0000%,0,
Contact STARLINK-3328 - STARLINK-3167,0.000,86400.000,0.0000%,0,
Contact STARLINK-3328 - STARLINK-1700,0.000,86400.000,0.0000%,0,
Contact STARLINK-3328 - STARLINK-5049,86400.000,0.000,100.0000%,1,
Contact STARLINK-3328 - STARLINK-31463,0.000,86400.000,0.0000%,0,
Contact STARLINK-3328 - MoonARTEMIS1,70358.287,16041.713,81.4332%,7,
Contact STARLINK-3328 - MoonARTEMIS2,68951.112,17448.888,79.8045%,7,
Contact STARLINK-3328 - MoonIOAGEO,66043.037,20356.963,76.4387%,7,
Contact STARLINK-3328 - MoonIOAGNO,74495.289,11904.711,86.2214%,7,
Contact STARLINK-3328 - MoonIOAGNO 0001,74534.842,11865.158,86.2672%,7,
Contact STARLINK-3328 - MoonIOAGSO,61095.870,25304.130,70.7128%,8,
Contact STARLINK-3328 - MoonIOAGSO 0001,69920.870,16479.130,80.9269%,7,
Contact STARLINK-3328 - MoonLRO,33852.949,52547.051,39.1817%,8,
Contact STARLINK-3328 - MarsSat1,70677.592,15722.408,81.8028%,9,
Contact STARLINK-3328 - MarsSat2,70677.878,15722.122,81.8031%,9,
Contact STARLINK-3328 - MarsSat3,70677.606,15722.394,81.8028%,9,
Contact STARLINK-3328 - MarsSat4,66904.687,19495.313,77.4360%,8,
Contact STARLINK-31933 - STARLINK-1909,21874.803,64525.197,25.3181%,3,
Contact STARLINK-31933 - STARLINK-32211,0.000,86400.000,0.0000%,0,
Contact STARLINK-31933 - STARLINK-5718,498.815,85901.185,0.5773%,1,
Contact STARLINK-31933 - STARLINK-4621,5031.995,81368.005,5.8241%,7,
Contact STARLINK-31933 - STARLINK-2618,0.000,86400.000,0.0000%,0,
Contact STARLINK-31933 - STARLINK-5905,0.000,86400.000,0.0000%,0,
Contact STARLINK-31933 - STARLINK-30312,62066.297,24333.703,71.8360%,1,
Contact STARLINK-31933 - STARLINK-5250,31099.933,55300.067,35.9953%,4,
Contact STARLINK-31933 - STARLINK-3081,28502.862,57897.138,32.9894%,2,
Contact STARLINK-31933 - STARLINK-5057,9815.497,76584.503,11.3605%,1,
Contact STARLINK-31933 - STARLINK-5576,0.000,86400.000,0.0000%,0,
Contact STARLINK-31933 - STARLINK-30214,883.125,85516.875,1.0221%,2,
Contact STARLINK-31933 - STARLINK-30611,0.000,86400.000,0.0000%,0,
Contact STARLINK-31933 - STARLINK-30190,0.000,86400.000,0.0000%,0,
Contact STARLINK-31933 - STARLINK-5215,809.050,85590.950,0.9364%,1,
Contact STARLINK-31933 - STARLINK-4125,0.000,86400.000,0.0000%,0,
Contact STARLINK-31933 - STARLINK-32081,0.000,86400.000,0.0000%,0,
Contact STARLINK-31933 - STARLINK-1301,1473.363,84926.637,1.7053%,2,
Contact STARLINK-31933 - STARLINK-4651,19087.842,67312.158,22.0924%,1,
Contact STARLINK-31933 - STARLINK-31617,0.000,86400.000,0.0000%,0,
Contact STARLINK-31933 - STARLINK-2751,2095.552,84304.448,2.4254%,3,
Contact STARLINK-31933 - STARLINK-1015,0.000,86400.000,0.0000%,0,
Contact STARLINK-31933 - STARLINK-5765,0.000,86400.000,0.0000%,0,
Contact STARLINK-31933 - STARLINK-32235,3842.876,82557.124,4.4478%,4,
Contact STARLINK-31933 - STARLINK-11266 [DTC],0.000,86400.000,0.0000%,0,
Contact STARLINK-31933 - STARLINK-30355,0.000,86400.000,0.0000%,0,
Contact STARLINK-31933 - STARLINK-30316,0.000,86400.000,0.0000%,0,
Contact STARLINK-31933 - STARLINK-2602,0.000,86400.000,0.0000%,0,
Contact STARLINK-31933 - STARLINK-6044,3823.879,82576.121,4.4258%,5,
Contact STARLINK-31933 - STARLINK-32254,33672.905,52727.095,38.9733%,1,
Contact STARLINK-31933 - STARLINK-4617,732.154,85667.846,0.8474%,1,
Contact STARLINK-31933 - STARLINK-30472,10616.452,75783.548,12.2876%,6,
Contact STARLINK-31933 - STARLINK-30196,6119.455,80280.545,7.0827%,4,
Contact STARLINK-31933 - STARLINK-30825,0.000,86400.000,0.0000%,0,
Contact STARLINK-31933 - STARLINK-31627,335.873,86064.127,0.3887%,1,
Contact STARLINK-31933 - STARLINK-3182,56436.160,29963.840,65.3196%,4,
Contact STARLINK-31933 - STARLINK-4413,1471.523,84928.477,1.7032%,2,
Contact STARLINK-31933 - STARLINK-31407,0.000,86400.000,0.0000%,0,
Contact STARLINK-31933 - STARLINK-30171,0.000,86400.000,0.0000%,0,
Contact STARLINK-31933 - STARLINK-5660,0.000,86400.000,0.0000%,0,
Contact STARLINK-31933 - STARLINK-32094,0.000,86400.000,0.0000%,0,
Contact STARLINK-31933 - STARLINK-4127,12371.579,74028.421,14.3190%,3,
Contact STARLINK-31933 - STARLINK-30331,8075.488,78324.512,9.3466%,2,
Contact STARLINK-31933 - STARLINK-31827,62016.467,24383.533,71.7783%,7,
Contact STARLINK-31933 - STARLINK-30767,0.000,86400.000,0.0000%,0,
Contact STARLINK-31933 - STARLINK-31800,0.000,86400.000,0.0000%,0,
Contact STARLINK-31933 - STARLINK-4254,0.000,86400.000,0.0000%,0,
Contact STARLINK-31933 - STARLINK-3533,0.000,86400.000,0.0000%,0,
Contact STARLINK-31933 - STARLINK-31987,86400.000,0.000,100.0000%,1,
Contact STARLINK-31933 - STARLINK-6311,15157.650,71242.350,17.5436%,5,
Contact STARLINK-31933 - STARLINK-31021,27671.116,58728.884,32.0268%,1,
Contact STARLINK-31933 - STARLINK-2228,7490.340,78909.660,8.6694%,2,
Contact STARLINK-31933 - STARLINK-1736,4682.424,81717.576,5.4195%,6,
Contact STARLINK-31933 - STARLINK-6372,0.000,86400.000,0.0000%,0,
Contact STARLINK-31933 - STARLINK-30425,5734.876,80665.124,6.6376%,8,
Contact STARLINK-31933 - STARLINK-4772,0.000,86400.000,0.0000%,0,
Contact STARLINK-31933 - STARLINK-3346,0.000,86400.000,0.0000%,0,
Contact STARLINK-31933 - STARLINK-30320,0.000,86400.000,0.0000%,0,
Contact STARLINK-31933 - STARLINK-31919,0.000,86400.000,0.0000%,0,
Contact STARLINK-31933 - STARLINK-31639,0.000,86400.000,0.0000%,0,
Contact STARLINK-31933 - STARLINK-31600,0.000,86400.000,0.0000%,0,
Contact STARLINK-31933 - STARLINK-4687,0.000,86400.000,0.0000%,0,
Contact STARLINK-31933 - STARLINK-5978,10874.318,75525.682,12.5860%,2,
Contact STARLINK-31933 - STARLINK-30613,0.000,86400.000,0.0000%,0,
Contact STARLINK-31933 - STARLINK-31764,0.000,86400.000,0.0000%,0,
Contact STARLINK-31933 - STARLINK-4402,4482.272,81917.728,5.1878%,2,
Contact STARLINK-31933 - STARLINK-31502,0.000,86400.000,0.0000%,0,
Contact STARLINK-31933 - STARLINK-5618,0.000,86400.000,0.0000%,0,
Contact STARLINK-31933 - STARLINK-6255,4404.302,81995.698,5.0976%,2,
Contact STARLINK-31933 - STARLINK-3898,2390.655,84009.345,2.7670%,3,
Contact STARLINK-31933 - STARLINK-30842,16401.744,69998.256,18.9835%,4,
Contact STARLINK-31933 - STARLINK-4631,0.000,86400.000,0.0000%,0,
Contact STARLINK-31933 - STARLINK-31539,0.000,86400.000,0.0000%,0,
Contact STARLINK-31933 - STARLINK-5807,7247.932,79152.068,8.3888%,5,
Contact STARLINK-31933 - STARLINK-31722,0.000,86400.000,0.0000%,0,
Contact STARLINK-31933 - STARLINK-1581,0.000,86400.000,0.0000%,0,
Contact STARLINK-31933 - STARLINK-30367,5857.274,80542.726,6.7793%,3,
Contact STARLINK-31933 - STARLINK-4290,0.000,86400.000,0.0000%,0,
Contact STARLINK-31933 - STARLINK-5151,0.000,86400.000,0.0000%,0,
Contact STARLINK-31933 - STARLINK-6142,0.000,86400.000,0.0000%,0,
Contact STARLINK-31933 - STARLINK-2388,29519.657,56880.343,34.1663%,6,
Contact STARLINK-31933 - STARLINK-3167,679.846,85720.154,0.7869%,1,
Contact STARLINK-31933 - STARLINK-1700,15556.096,70843.904,18.0047%,5,
Contact STARLINK-31933 - STARLINK-5049,0.000,86400.000,0.0000%,0,
Contact STARLINK-31933 - STARLINK-31463,86400.000,0.000,100.0000%,1,
Contact STARLINK-31933 - MoonARTEMIS1,60761.739,25638.261,70.3261%,10,
Contact STARLINK-31933 - MoonARTEMIS2,60416.649,25983.351,69.9267%,10,
Contact STARLINK-31933 - MoonIOAGEO,51721.121,34678.879,59.8624%,9,
Contact STARLINK-31933 - MoonIOAGNO,61385.072,25014.928,71.0475%,10,
Contact STARLINK-31933 - MoonIOAGNO 0001,61403.004,24996.996,71.0683%,10,
Contact STARLINK-31933 - MoonIOAGSO,60711.426,25688.574,70.2679%,10,
Contact STARLINK-31933 - MoonIOAGSO 0001,54871.831,31528.169,63.5091%,10,
Contact STARLINK-31933 - MoonLRO,22241.946,64158.054,25.7430%,7,
Contact STARLINK-31933 - MarsSat1,68229.617,18170.383,78.9695%,9,
Contact STARLINK-31933 - MarsSat2,68229.550,18170.450,78.9694%,9,
Contact STARLINK-31933 - MarsSat3,68229.526,18170.474,78.9694%,9,
Contact STARLINK-31933 - MarsSat4,62596.081,23803.919,72.4492%,9,
Contact STARLINK-1909 - STARLINK-32211,0.000,86400.000,0.0000%,0,
Contact STARLINK-1909 - STARLINK-5718,0.000,86400.000,0.0000%,0,
Contact STARLINK-1909 - STARLINK-4621,9114.902,77285.098,10.5497%,5,
Contact STARLINK-1909 - STARLINK-2618,0.000,86400.000,0.0000%,0,
Contact STARLINK-1909 - STARLINK-5905,0.000,86400.000,0.0000%,0,
Contact STARLINK-1909 - STARLINK-30312,0.000,86400.000,0.0000%,0,
Contact STARLINK-1909 - STARLINK-5250,0.000,86400.000,0.0000%,0,
Contact STARLINK-1909 - STARLINK-3081,0.000,86400.000,0.0000%,0,
Contact STARLINK-1909 - STARLINK-5057,81042.656,5357.344,93.7994%,4,
Contact STARLINK-1909 - STARLINK-5576,0.000,86400.000,0.0000%,0,
Contact STARLINK-1909 - STARLINK-30214,0.000,86400.000,0.0000%,0,
Contact STARLINK-1909 - STARLINK-30611,0.000,86400.000,0.0000%,0,
Contact STARLINK-1909 - STARLINK-30190,0.000,86400.000,0.0000%,0,
Contact STARLINK-1909 - STARLINK-5215,0.000,86400.000,0.0000%,0,
Contact STARLINK-1909 - STARLINK-4125,0.000,86400.000,0.0000%,0,
Contact STARLINK-1909 - STARLINK-32081,0.000,86400.000,0.0000%,0,
Contact STARLINK-1909 - STARLINK-1301,713.326,85686.674,0.8256%,3,
Contact STARLINK-1909 - STARLINK-4651,24290.818,62109.182,28.1144%,6,
Contact STARLINK-1909 - STARLINK-31617,47528.727,38871.273,55.0101%,1,
Contact STARLINK-1909 - STARLINK-2751,0.000,86400.000,0.0000%,0,
Contact STARLINK-1909 - STARLINK-1015,0.000,86400.000,0.0000%,0,
Contact STARLINK-1909 - STARLINK-5765,0.000,86400.000,0.0000%,0,
Contact STARLINK-1909 - STARLINK-32235,45866.752,40533.248,53.0865%,1,
Contact STARLINK-1909 - STARLINK-11266 [DTC],0.000,86400.000,0.0000%,0,
Contact STARLINK-1909 - STARLINK-30355,0.000,86400.000,0.0000%,0,
Contact STARLINK-1909 - STARLINK-30316,0.000,86400.000,0.0000%,0,
Contact STARLINK-1909 - STARLINK-2602,2242.147,84157.853,2.5951%,3,
Contact STARLINK-1909 - STARLINK-6044,14372.622,72027.378,16.6350%,6,
Contact STARLINK-1909 - STARLINK-32254,48867.950,37532.050,56.5601%,7,
Contact STARLINK-1909 - STARLINK-4617,9791.274,76608.726,11.3325%,4,
Contact STARLINK-1909 - STARLINK-30472,12233.643,74166.357,14.1593%,7,
Contact STARLINK-1909 - STARLINK-30196,4552.062,81847.938,5.2686%,6,
Contact STARLINK-1909 - STARLINK-30825,36768.164,49631.836,42.5557%,7,
Contact STARLINK-1909 - STARLINK-31627,1430.463,84969.537,1.6556%,2,
Contact STARLINK-1909 - STARLINK-3182,12001.598,74398.402,13.8907%,7,
Contact STARLINK-1909 - STARLINK-4413,4685.167,81714.833,5.4226%,6,
Contact STARLINK-1909 - STARLINK-31407,0.000,86400.000,0.0000%,0,
Contact STARLINK-1909 - STARLINK-30171,0.000,86400.000,0.0000%,0,
Contact STARLINK-1909 - STARLINK-5660,0.000,86400.000,0.0000%,0,
Contact STARLINK-1909 - STARLINK-32094,0.000,86400.000,0.0000%,0,
Contact STARLINK-1909 - STARLINK-4127,8417.094,77982.906,9.7420%,7,
Contact STARLINK-1909 - STARLINK-30331,86400.000,0.000,100.0000%,1,
Contact STARLINK-1909 - STARLINK-31827,36266.870,50133.130,41.9755%,1,
Contact STARLINK-1909 - STARLINK-30767,0.000,86400.000,0.0000%,0,
Contact STARLINK-1909 - STARLINK-31800,666.883,85733.117,0.7719%,2,
Contact STARLINK-1909 - STARLINK-4254,0.000,86400.000,0.0000%,0,
Contact STARLINK-1909 - STARLINK-3533,0.000,86400.000,0.0000%,0,
Contact STARLINK-1909 - STARLINK-31987,33282.247,53117.753,38.5211%,1,
Contact STARLINK-1909 - STARLINK-6311,0.000,86400.000,0.0000%,0,
Contact STARLINK-1909 - STARLINK-31021,86400.000,0.000,100.0000%,1,
Contact STARLINK-1909 - STARLINK-2228,13534.332,72865.668,15.6647%,1,
Contact STARLINK-1909 - STARLINK-1736,9718.029,76681.971,11.2477%,5,
Contact STARLINK-1909 - STARLINK-6372,0.000,86400.000,0.0000%,0,
Contact STARLINK-1909 - STARLINK-30425,3357.542,83042.458,3.8860%,4,
Contact STARLINK-1909 - STARLINK-4772,0.000,86400.000,0.0000%,0,
Contact STARLINK-1909 - STARLINK-3346,0.000,86400.000,0.0000%,0,
Contact STARLINK-1909 - STARLINK-30320,0.000,86400.000,0.0000%,0,
Contact STARLINK-1909 - STARLINK-31919,0.000,86400.000,0.0000%,0,
Contact STARLINK-1909 - STARLINK-31639,0.000,86400.000,0.0000%,0,
Contact STARLINK-1909 - STARLINK-31600,0.000,86400.000,0.0000%,0,
Contact STARLINK-1909 - STARLINK-4687,2934.301,83465.699,3.3962%,5,
Contact STARLINK-1909 - STARLINK-5978,73214.156,13185.844,84.7386%,1,
Contact STARLINK-1909 - STARLINK-30613,0.000,86400.000,0.0000%,0,
Contact STARLINK-1909 - STARLINK-31764,0.000,86400.000,0.0000%,0,
Contact STARLINK-1909 - STARLINK-4402,21289.136,65110.864,24.6402%,6,
Contact STARLINK-1909 - STARLINK-31502,5902.760,80497.240,6.8319%,4,
Contact STARLINK-1909 - STARLINK-5618,0.000,86400.000,0.0000%,0,
Contact STARLINK-1909 - STARLINK-6255,0.000,86400.000,0.0000%,0,
Contact STARLINK-1909 - STARLINK-3898,0.000,86400.000,0.0000%,0,
Contact STARLINK-1909 - STARLINK-30842,7458.812,78941.188,8.6329%,7,
Contact STARLINK-1909 - STARLINK-4631,0.000,86400.000,0.0000%,0,
Contact STARLINK-1909 - STARLINK-31539,0.000,86400.000,0.0000%,0,
Contact STARLINK-1909 - STARLINK-5807,5201.977,81198.023,6.0208%,7,
Contact STARLINK-1909 - STARLINK-31722,20125.020,66274.980,23.2928%,1,
Contact STARLINK-1909 - STARLINK-1581,684.734,85715.266,0.7925%,1,
Contact STARLINK-1909 - STARLINK-30367,0.000,86400.000,0.0000%,0,
Contact STARLINK-1909 - STARLINK-4290,0.000,86400.000,0.0000%,0,
Contact STARLINK-1909 - STARLINK-5151,0.000,86400.000,0.0000%,0,
Contact STARLINK-1909 - STARLINK-6142,0.000,86400.000,0.0000%,0,
Contact STARLINK-1909 - STARLINK-2388,4430.270,81969.730,5.1276%,6,
Contact STARLINK-1909 - STARLINK-3167,14846.450,71553.550,17.1834%,7,
Contact STARLINK-1909 - STARLINK-1700,4789.830,81610.170,5.5438%,7,
Contact STARLINK-1909 - STARLINK-5049,0.000,86400.000,0.0000%,0,
Contact STARLINK-1909 - STARLINK-31463,932.864,85467.136,1.0797%,1,
Contact STARLINK-1909 - MoonARTEMIS1,67443.089,18956.911,78.0591%,10,
Contact STARLINK-1909 - MoonARTEMIS2,66467.246,19932.754,76.9297%,10,
Contact STARLINK-1909 - MoonIOAGEO,56162.626,30237.374,65.0030%,10,
Contact STARLINK-1909 - MoonIOAGNO,68323.561,18076.439,79.0782%,10,
Contact STARLINK-1909 - MoonIOAGNO 0001,68329.757,18070.243,79.0854%,10,
Contact STARLINK-1909 - MoonIOAGSO,61951.040,24448.960,71.7026%,10,
Contact STARLINK-1909 - MoonIOAGSO 0001,63544.996,22855.004,73.5474%,9,
Contact STARLINK-1909 - MoonLRO,27829.011,58570.989,32.2095%,9,
Contact STARLINK-1909 - MarsSat1,73588.846,12811.154,85.1723%,7,
Contact STARLINK-1909 - MarsSat2,73588.363,12811.637,85.1717%,7,
Contact STARLINK-1909 - MarsSat3,73588.716,12811.284,85.1721%,7,
Contact STARLINK-1909 - MarsSat4,69735.305,16664.695,80.7122%,7,
Contact STARLINK-32211 - STARLINK-5718,14139.766,72260.234,16.3655%,5,
Contact STARLINK-32211 - STARLINK-4621,822.133,85577.867,0.9515%,2,
Contact STARLINK-32211 - STARLINK-2618,1190.180,85209.820,1.3775%,2,
Contact STARLINK-32211 - STARLINK-5905,21325.344,65074.656,24.6821%,1,
Contact STARLINK-32211 - STARLINK-30312,9487.643,76912.357,10.9811%,1,
Contact STARLINK-32211 - STARLINK-5250,11480.057,74919.943,13.2871%,3,
Contact STARLINK-32211 - STARLINK-3081,40930.194,45469.806,47.3729%,1,
Contact STARLINK-32211 - STARLINK-5057,0.000,86400.000,0.0000%,0,
Contact STARLINK-32211 - STARLINK-5576,793.436,85606.564,0.9183%,1,
Contact STARLINK-32211 - STARLINK-30214,0.000,86400.000,0.0000%,0,
Contact STARLINK-32211 - STARLINK-30611,11507.813,74892.187,13.3192%,7,
Contact STARLINK-32211 - STARLINK-30190,35369.675,51030.325,40.9371%,1,
Contact STARLINK-32211 - STARLINK-5215,7550.420,78849.580,8.7389%,6,
Contact STARLINK-32211 - STARLINK-4125,15227.183,71172.817,17.6241%,3,
Contact STARLINK-32211 - STARLINK-32081,86400.000,0.000,100.0000%,1,
Contact STARLINK-32211 - STARLINK-1301,7065.594,79334.406,8.1778%,5,
Contact STARLINK-32211 - STARLINK-4651,0.000,86400.000,0.0000%,0,
Contact STARLINK-32211 - STARLINK-31617,0.000,86400.000,0.0000%,0,
Contact STARLINK-32211 - STARLINK-2751,3925.269,82474.731,4.5431%,5,
Contact STARLINK-32211 - STARLINK-1015,949.603,85450.397,1.0991%,1,
Contact STARLINK-32211 - STARLINK-5765,0.000,86400.000,0.0000%,0,
Contact STARLINK-32211 - STARLINK-32235,0.000,86400.000,0.0000%,0,
Contact STARLINK-32211 - STARLINK-11266 [DTC],0.000,86400.000,0.0000%,0,
Contact STARLINK-32211 - STARLINK-30355,1630.290,84769.710,1.8869%,3,
Contact STARLINK-32211 - STARLINK-30316,2419.090,83980.910,2.7999%,5,
Contact STARLINK-32211 - STARLINK-2602,0.000,86400.000,0.0000%,0,
Contact STARLINK-32211 - STARLINK-6044,2217.002,84182.998,2.5660%,3,
Contact STARLINK-32211 - STARLINK-32254,0.000,86400.000,0.0000%,0,
Contact STARLINK-32211 - STARLINK-4617,420.783,85979.217,0.4870%,1,
Contact STARLINK-32211 - STARLINK-30472,0.000,86400.000,0.0000%,0,
Contact STARLINK-32211 - STARLINK-30196,1905.918,84494.082,2.2059%,3,
Contact STARLINK-32211 - STARLINK-30825,0.000,86400.000,0.0000%,0,
Contact STARLINK-32211 - STARLINK-31627,0.000,86400.000,0.0000%,0,
Contact STARLINK-32211 - STARLINK-3182,0.000,86400.000,0.0000%,0,
Contact STARLINK-32211 - STARLINK-4413,0.000,86400.000,0.0000%,0,
Contact STARLINK-32211 - STARLINK-31407,4748.634,81651.366,5.4961%,7,
Contact STARLINK-32211 - STARLINK-30171,7911.227,78488.773,9.1565%,2,
Contact STARLINK-32211 - STARLINK-5660,4563.677,81836.323,5.2820%,2,
Contact STARLINK-32211 - STARLINK-32094,1693.308,84706.692,1.9598%,4,
Contact STARLINK-32211 - STARLINK-4127,0.000,86400.000,0.0000%,0,
Contact STARLINK-32211 - STARLINK-30331,0.000,86400.000,0.0000%,0,
Contact STARLINK-32211 - STARLINK-31827,0.000,86400.000,0.0000%,0,
Contact STARLINK-32211 - STARLINK-30767,42551.120,43848.880,49.2490%,1,
Contact STARLINK-32211 - STARLINK-31800,14744.620,71655.380,17.0655%,7,
Contact STARLINK-32211 - STARLINK-4254,3161.373,83238.627,3.6590%,4,
Contact STARLINK-32211 - STARLINK-3533,46884.059,39515.941,54.2640%,3,
Contact STARLINK-32211 - STARLINK-31987,0.000,86400.000,0.0000%,0,
Contact STARLINK-32211 - STARLINK-6311,5532.485,80867.515,6.4033%,3,
Contact STARLINK-32211 - STARLINK-31021,0.000,86400.000,0.0000%,0,
Contact STARLINK-32211 - STARLINK-2228,1068.111,85331.889,1.2362%,2,
Contact STARLINK-32211 - STARLINK-1736,659.479,85740.521,0.7633%,2,
Contact STARLINK-32211 - STARLINK-6372,0.000,86400.000,0.0000%,0,
Contact STARLINK-32211 - STARLINK-30425,95.485,86304.515,0.1105%,1,
Contact STARLINK-32211 - STARLINK-4772,0.000,86400.000,0.0000%,0,
Contact STARLINK-32211 - STARLINK-3346,7998.657,78401.343,9.2577%,6,
Contact STARLINK-32211 - STARLINK-30320,5799.649,80600.351,6.7126%,7,
Contact STARLINK-32211 - STARLINK-31919,0.000,86400.000,0.0000%,0,
Contact STARLINK-32211 - STARLINK-31639,2284.751,84115.249,2.6444%,4,
Contact STARLINK-32211 - STARLINK-31600,0.000,86400.000,0.0000%,0,
Contact STARLINK-32211 - STARLINK-4687,0.000,86400.000,0.0000%,0,
Contact STARLINK-32211 - STARLINK-5978,0.000,86400.000,0.0000%,0,
Contact STARLINK-32211 - STARLINK-30613,51874.212,34525.788,60.0396%,1,
Contact STARLINK-32211 - STARLINK-31764,6270.447,80129.553,7.2575%,7,
Contact STARLINK-32211 - STARLINK-4402,0.000,86400.000,0.0000%,0,
Contact STARLINK-32211 - STARLINK-31502,0.000,86400.000,0.0000%,0,
Contact STARLINK-32211 - STARLINK-5618,4519.956,81880.044,5.2314%,6,
Contact STARLINK-32211 - STARLINK-6255,3990.363,82409.637,4.6185%,5,
Contact STARLINK-32211 - STARLINK-3898,3863.309,82536.691,4.4714%,5,
Contact STARLINK-32211 - STARLINK-30842,8009.294,78390.706,9.2700%,2,
Contact STARLINK-32211 - STARLINK-4631,0.000,86400.000,0.0000%,0,
Contact STARLINK-32211 - STARLINK-31539,0.000,86400.000,0.0000%,0,
Contact STARLINK-32211 - STARLINK-5807,1024.902,85375.098,1.1862%,1,
Contact STARLINK-32211 - STARLINK-31722,0.000,86400.000,0.0000%,0,
Contact STARLINK-32211 - STARLINK-1581,0.000,86400.000,0.0000%,0,
Contact STARLINK-32211 - STARLINK-30367,3409.500,82990.500,3.9462%,4,
Contact STARLINK-32211 - STARLINK-4290,224.358,86175.642,0.2597%,1,
Contact STARLINK-32211 - STARLINK-5151,86400.000,0.000,100.0000%,1,
Contact STARLINK-32211 - STARLINK-6142,559.911,85840.089,0.6480%,1,
Contact STARLINK-32211 - STARLINK-2388,821.631,85578.369,0.9510%,1,
Contact STARLINK-32211 - STARLINK-3167,0.000,86400.000,0.0000%,0,
Contact STARLINK-32211 - STARLINK-1700,2067.131,84332.869,2.3925%,2,
Contact STARLINK-32211 - STARLINK-5049,9919.878,76480.122,11.4813%,1,
Contact STARLINK-32211 - STARLINK-31463,0.000,86400.000,0.0000%,0,
Contact STARLINK-32211 - MoonARTEMIS1,57715.072,28684.928,66.7999%,9,
Contact STARLINK-32211 - MoonARTEMIS2,59839.251,26560.749,69.2584%,8,
Contact STARLINK-32211 - MoonIOAGEO,52188.397,34211.603,60.4032%,8,
Contact STARLINK-32211 - MoonIOAGNO,63261.024,23138.976,73.2188%,9,
Contact STARLINK-32211 - MoonIOAGNO 0001,63286.987,23113.013,73.2488%,9,
Contact STARLINK-32211 - MoonIOAGSO,56944.791,29455.209,65.9083%,9,
Contact STARLINK-32211 - MoonIOAGSO 0001,62408.525,23991.475,72.2321%,9,
Contact STARLINK-32211 - MoonLRO,23722.100,62677.900,27.4561%,7,
Contact STARLINK-32211 - MarsSat1,67124.804,19275.196,77.6907%,10,
Contact STARLINK-32211 - MarsSat2,67124.854,19275.146,77.6908%,10,
Contact STARLINK-32211 - MarsSat3,67124.825,19275.175,77.6908%,10,
Contact STARLINK-32211 - MarsSat4,57463.922,28936.078,66.5092%,10,
Contact STARLINK-5718 - STARLINK-4621,4764.910,81635.090,5.5149%,6,
Contact STARLINK-5718 - STARLINK-2618,0.000,86400.000,0.0000%,0,
Contact STARLINK-5718 - STARLINK-5905,0.000,86400.000,0.0000%,0,
Contact STARLINK-5718 - STARLINK-30312,0.000,86400.000,0.0000%,0,
Contact STARLINK-5718 - STARLINK-5250,8549.073,77850.927,9.8948%,6,
Contact STARLINK-5718 - STARLINK-3081,15793.155,70606.845,18.2791%,4,
Contact STARLINK-5718 - STARLINK-5057,0.000,86400.000,0.0000%,0,
Contact STARLINK-5718 - STARLINK-5576,0.000,86400.000,0.0000%,0,
Contact STARLINK-5718 - STARLINK-30214,0.000,86400.000,0.0000%,0,
Contact STARLINK-5718 - STARLINK-30611,2376.744,84023.256,2.7509%,3,
Contact STARLINK-5718 - STARLINK-30190,1387.800,85012.200,1.6063%,2,
Contact STARLINK-5718 - STARLINK-5215,4830.004,81569.996,5.5903%,6,
Contact STARLINK-5718 - STARLINK-4125,36732.731,49667.269,42.5147%,1,
Contact STARLINK-5718 - STARLINK-32081,16511.897,69888.103,19.1110%,5,
Contact STARLINK-5718 - STARLINK-1301,86400.000,0.000,100.0000%,1,
Contact STARLINK-5718 - STARLINK-4651,0.000,86400.000,0.0000%,0,
Contact STARLINK-5718 - STARLINK-31617,0.000,86400.000,0.0000%,0,
Contact STARLINK-5718 - STARLINK-2751,8206.788,78193.212,9.4986%,6,
Contact STARLINK-5718 - STARLINK-1015,0.000,86400.000,0.0000%,0,
Contact STARLINK-5718 - STARLINK-5765,0.000,86400.000,0.0000%,0,
Contact STARLINK-5718 - STARLINK-32235,1861.255,84538.745,2.1542%,3,
Contact STARLINK-5718 - STARLINK-11266 [DTC],4138.433,82261.567,4.7899%,2,
Contact STARLINK-5718 - STARLINK-30355,0.000,86400.000,0.0000%,0,
Contact STARLINK-5718 - STARLINK-30316,0.000,86400.000,0.0000%,0,
Contact STARLINK-5718 - STARLINK-2602,0.000,86400.000,0.0000%,0,
Contact STARLINK-5718 - STARLINK-6044,17977.016,68422.984,20.8067%,7,
Contact STARLINK-5718 - STARLINK-32254,0.000,86400.000,0.0000%,0,
Contact STARLINK-5718 - STARLINK-4617,3873.361,82526.639,4.4831%,7,
Contact STARLINK-5718 - STARLINK-30472,0.000,86400.000,0.0000%,0,
Contact STARLINK-5718 - STARLINK-30196,37039.525,49360.475,42.8698%,7,
Contact STARLINK-5718 - STARLINK-30825,0.000,86400.000,0.0000%,0,
Contact STARLINK-5718 - STARLINK-31627,0.000,86400.000,0.0000%,0,
Contact STARLINK-5718 - STARLINK-3182,0.000,86400.000,0.0000%,0,
Contact STARLINK-5718 - STARLINK-4413,0.000,86400.000,0.0000%,0,
Contact STARLINK-5718 - STARLINK-31407,28333.476,58066.524,32.7934%,2,
Contact STARLINK-5718 - STARLINK-30171,0.000,86400.000,0.0000%,0,
Contact STARLINK-5718 - STARLINK-5660,0.000,86400.000,0.0000%,0,
Contact STARLINK-5718 - STARLINK-32094,0.000,86400.000,0.0000%,0,
Contact STARLINK-5718 - STARLINK-4127,0.000,86400.000,0.0000%,0,
Contact STARLINK-5718 - STARLINK-30331,0.000,86400.000,0.0000%,0,
Contact STARLINK-5718 - STARLINK-31827,2353.419,84046.581,2.7239%,3,
Contact STARLINK-5718 - STARLINK-30767,0.000,86400.000,0.0000%,0,
Contact STARLINK-5718 - STARLINK-31800,39708.408,46691.592,45.9588%,3,
Contact STARLINK-5718 - STARLINK-4254,0.000,86400.000,0.0000%,0,
Contact STARLINK-5718 - STARLINK-3533,8607.783,77792.217,9.9627%,6,
Contact STARLINK-5718 - STARLINK-31987,1270.589,85129.411,1.4706%,2,
Contact STARLINK-5718 - STARLINK-6311,24522.279,61877.721,28.3823%,7,
Contact STARLINK-5718 - STARLINK-31021,0.000,86400.000,0.0000%,0,
Contact STARLINK-5718 - STARLINK-2228,3526.318,82873.682,4.0814%,5,
Contact STARLINK-5718 - STARLINK-1736,14346.700,72053.300,16.6050%,6,
Contact STARLINK-5718 - STARLINK-6372,0.000,86400.000,0.0000%,0,
Contact STARLINK-5718 - STARLINK-30425,24631.065,61768.935,28.5082%,3,
Contact STARLINK-5718 - STARLINK-4772,0.000,86400.000,0.0000%,0,
Contact STARLINK-5718 - STARLINK-3346,86400.000,0.000,100.0000%,1,
Contact STARLINK-5718 - STARLINK-30320,2211.554,84188.446,2.5597%,3,
Contact STARLINK-5718 - STARLINK-31919,21595.540,64804.460,24.9948%,3,
Contact STARLINK-5718 - STARLINK-31639,0.000,86400.000,0.0000%,0,
Contact STARLINK-5718 - STARLINK-31600,29125.148,57274.852,33.7097%,1,
Contact STARLINK-5718 - STARLINK-4687,0.000,86400.000,0.0000%,0,
Contact STARLINK-5718 - STARLINK-5978,0.000,86400.000,0.0000%,0,
Contact STARLINK-5718 - STARLINK-30613,18124.034,68275.966,20.9769%,7,
Contact STARLINK-5718 - STARLINK-31764,45168.742,41231.258,52.2786%,2,
Contact STARLINK-5718 - STARLINK-4402,0.000,86400.000,0.0000%,0,
Contact STARLINK-5718 - STARLINK-31502,0.000,86400.000,0.0000%,0,
Contact STARLINK-5718 - STARLINK-5618,0.000,86400.000,0.0000%,0,
Contact STARLINK-5718 - STARLINK-6255,17272.559,69127.441,19.9914%,6,
Contact STARLINK-5718 - STARLINK-3898,11534.291,74865.709,13.3499%,6,
Contact STARLINK-5718 - STARLINK-30842,0.000,86400.000,0.0000%,0,
Contact STARLINK-5718 - STARLINK-4631,0.000,86400.000,0.0000%,0,
Contact STARLINK-5718 - STARLINK-31539,9654.176,76745.824,11.1738%,4,
Contact STARLINK-5718 - STARLINK-5807,0.000,86400.000,0.0000%,0,
Contact STARLINK-5718 - STARLINK-31722,0.000,86400.000,0.0000%,0,
Contact STARLINK-5718 - STARLINK-1581,0.000,86400.000,0.0000%,0,
Contact STARLINK-5718 - STARLINK-30367,24228.142,62171.858,28.0418%,6,
Contact STARLINK-5718 - STARLINK-4290,0.000,86400.000,0.0000%,0,
Contact STARLINK-5718 - STARLINK-5151,24375.694,62024.306,28.2126%,7,
Contact STARLINK-5718 - STARLINK-6142,0.000,86400.000,0.0000%,0,
Contact STARLINK-5718 - STARLINK-2388,0.000,86400.000,0.0000%,0,
Contact STARLINK-5718 - STARLINK-3167,0.000,86400.000,0.0000%,0,
Contact STARLINK-5718 - STARLINK-1700,0.000,86400.000,0.0000%,0,
Contact STARLINK-5718 - STARLINK-5049,0.000,86400.000,0.0000%,0,
Contact STARLINK-5718 - STARLINK-31463,10875.173,75524.827,12.5870%,3,
Contact STARLINK-5718 - MoonARTEMIS1,64726.091,21673.909,74.9145%,9,
Contact STARLINK-5718 - MoonARTEMIS2,62950.429,23449.571,72.8593%,10,
Contact STARLINK-5718 - MoonIOAGEO,56388.180,30011.820,65.2641%,9,
Contact STARLINK-5718 - MoonIOAGNO,70598.395,15801.605,81.7111%,9,
Contact STARLINK-5718 - MoonIOAGNO 0001,68653.834,17746.166,79.4605%,10,
Contact STARLINK-5718 - MoonIOAGSO,63823.519,22576.481,73.8698%,9,
Contact STARLINK-5718 - MoonIOAGSO 0001,57008.180,29391.820,65.9817%,10,
Contact STARLINK-5718 - MoonLRO,19018.280,67381.720,22.0119%,7,
Contact STARLINK-5718 - MarsSat1,72349.331,14050.669,83.7377%,8,
Contact STARLINK-5718 - MarsSat2,72349.480,14050.520,83.7378%,8,
Contact STARLINK-5718 - MarsSat3,72349.285,14050.715,83.7376%,8,
Contact STARLINK-5718 - MarsSat4,63131.458,23268.542,73.0688%,8,
Contact STARLINK-4621 - STARLINK-2618,0.000,86400.000,0.0000%,0,
Contact STARLINK-4621 - STARLINK-5905,0.000,86400.000,0.0000%,0,
Contact STARLINK-4621 - STARLINK-30312,5983.137,80416.863,6.9249%,7,
Contact STARLINK-4621 - STARLINK-5250,3201.378,83198.622,3.7053%,4,
Contact STARLINK-4621 - STARLINK-3081,0.000,86400.000,0.0000%,0,
Contact STARLINK-4621 - STARLINK-5057,2312.729,84087.271,2.6768%,4,
Contact STARLINK-4621 - STARLINK-5576,1137.762,85262.238,1.3169%,2,
Contact STARLINK-4621 - STARLINK-30214,0.000,86400.000,0.0000%,0,
Contact STARLINK-4621 - STARLINK-30611,24628.074,61771.926,28.5047%,4,
Contact STARLINK-4621 - STARLINK-30190,0.000,86400.000,0.0000%,0,
Contact STARLINK-4621 - STARLINK-5215,541.813,85858.187,0.6271%,1,
Contact STARLINK-4621 - STARLINK-4125,4449.916,81950.084,5.1504%,6,
Contact STARLINK-4621 - STARLINK-32081,0.000,86400.000,0.0000%,0,
Contact STARLINK-4621 - STARLINK-1301,2924.428,83475.572,3.3848%,5,
Contact STARLINK-4621 - STARLINK-4651,4037.308,82362.692,4.6728%,6,
Contact STARLINK-4621 - STARLINK-31617,3743.744,82656.256,4.3330%,1,
Contact STARLINK-4621 - STARLINK-2751,53083.304,33316.696,61.4390%,6,
Contact STARLINK-4621 - STARLINK-1015,4221.073,82178.927,4.8855%,6,
Contact STARLINK-4621 - STARLINK-5765,0.000,86400.000,0.0000%,0,
Contact STARLINK-4621 - STARLINK-32235,30678.267,55721.733,35.5073%,3,
Contact STARLINK-4621 - STARLINK-11266 [DTC],0.000,86400.000,0.0000%,0,
Contact STARLINK-4621 - STARLINK-30355,0.000,86400.000,0.0000%,0,
Contact STARLINK-4621 - STARLINK-30316,1688.460,84711.540,1.9542%,2,
Contact STARLINK-4621 - STARLINK-2602,1684.954,84715.046,1.9502%,4,
Contact STARLINK-4621 - STARLINK-6044,0.000,86400.000,0.0000%,0,
Contact STARLINK-4621 - STARLINK-32254,7513.427,78886.573,8.6961%,7,
Contact STARLINK-4621 - STARLINK-4617,0.000,86400.000,0.0000%,0,
Contact STARLINK-4621 - STARLINK-30472,0.000,86400.000,0.0000%,0,
Contact STARLINK-4621 - STARLINK-30196,4462.344,81937.656,5.1648%,6,
Contact STARLINK-4621 - STARLINK-30825,3779.111,82620.889,4.3740%,6,
Contact STARLINK-4621 - STARLINK-31627,0.000,86400.000,0.0000%,0,
Contact STARLINK-4621 - STARLINK-3182,4689.783,81710.217,5.4280%,7,
Contact STARLINK-4621 - STARLINK-4413,4284.973,82115.027,4.9595%,6,
Contact STARLINK-4621 - STARLINK-31407,6211.765,80188.235,7.1895%,4,
Contact STARLINK-4621 - STARLINK-30171,4419.229,81980.771,5.1148%,6,
Contact STARLINK-4621 - STARLINK-5660,2612.011,83787.989,3.0232%,4,
Contact STARLINK-4621 - STARLINK-32094,0.000,86400.000,0.0000%,0,
Contact STARLINK-4621 - STARLINK-4127,1752.302,84647.698,2.0281%,4,
Contact STARLINK-4621 - STARLINK-30331,0.000,86400.000,0.0000%,0,
Contact STARLINK-4621 - STARLINK-31827,29168.598,57231.402,33.7600%,5,
Contact STARLINK-4621 - STARLINK-30767,0.000,86400.000,0.0000%,0,
Contact STARLINK-4621 - STARLINK-31800,4087.641,82312.359,4.7311%,5,
Contact STARLINK-4621 - STARLINK-4254,2495.679,83904.321,2.8885%,3,
Contact STARLINK-4621 - STARLINK-3533,0.000,86400.000,0.0000%,0,
Contact STARLINK-4621 - STARLINK-31987,14597.107,71802.893,16.8948%,6,
Contact STARLINK-4621 - STARLINK-6311,67519.824,18880.176,78.1479%,7,
Contact STARLINK-4621 - STARLINK-31021,2728.127,83671.873,3.1576%,6,
Contact STARLINK-4621 - STARLINK-2228,15935.843,70464.157,18.4443%,3,
Contact STARLINK-4621 - STARLINK-1736,14968.561,71431.439,17.3247%,3,
Contact STARLINK-4621 - STARLINK-6372,0.000,86400.000,0.0000%,0,
Contact STARLINK-4621 - STARLINK-30425,813.615,85586.385,0.9417%,1,
Contact STARLINK-4621 - STARLINK-4772,0.000,86400.000,0.0000%,0,
Contact STARLINK-4621 - STARLINK-3346,4442.694,81957.306,5.1420%,6,
Contact STARLINK-4621 - STARLINK-30320,18971.375,67428.625,21.9576%,4,
Contact STARLINK-4621 - STARLINK-31919,0.000,86400.000,0.0000%,0,
Contact STARLINK-4621 - STARLINK-31639,2837.837,83562.163,3.2845%,3,
Contact STARLINK-4621 - STARLINK-31600,2418.530,83981.470,2.7992%,4,
Contact STARLINK-4621 - STARLINK-4687,989.632,85410.368,1.1454%,2,
Contact STARLINK-4621 - STARLINK-5978,0.000,86400.000,0.0000%,0,
Contact STARLINK-4621 - STARLINK-30613,0.000,86400.000,0.0000%,0,
Contact STARLINK-4621 - STARLINK-31764,6859.869,79540.131,7.9397%,5,
Contact STARLINK-4621 - STARLINK-4402,10967.158,75432.842,12.6935%,6,
Contact STARLINK-4621 - STARLINK-31502,1252.566,85147.434,1.4497%,3,
Contact STARLINK-4621 - STARLINK-5618,0.000,86400.000,0.0000%,0,
Contact STARLINK-4621 - STARLINK-6255,39605.513,46794.487,45.8397%,6,
Contact STARLINK-4621 - STARLINK-3898,65684.156,20715.844,76.0233%,7,
Contact STARLINK-4621 - STARLINK-30842,2473.010,83926.990,2.8623%,5,
Contact STARLINK-4621 - STARLINK-4631,1017.274,85382.726,1.1774%,2,
Contact STARLINK-4621 - STARLINK-31539,5887.811,80512.189,6.8146%,3,
Contact STARLINK-4621 - STARLINK-5807,3775.108,82624.892,4.3693%,7,
Contact STARLINK-4621 - STARLINK-31722,0.000,86400.000,0.0000%,0,
Contact STARLINK-4621 - STARLINK-1581,0.000,86400.000,0.0000%,0,
Contact STARLINK-4621 - STARLINK-30367,67912.964,18487.036,78.6030%,7,
Contact STARLINK-4621 - STARLINK-4290,0.000,86400.000,0.0000%,0,
Contact STARLINK-4621 - STARLINK-5151,0.000,86400.000,0.0000%,0,
Contact STARLINK-4621 - STARLINK-6142,0.000,86400.000,0.0000%,0,
Contact STARLINK-4621 - STARLINK-2388,3515.755,82884.245,4.0692%,6,
Contact STARLINK-4621 - STARLINK-3167,3313.798,83086.202,3.8354%,6,
Contact STARLINK-4621 - STARLINK-1700,845.093,85554.907,0.9781%,2,
Contact STARLINK-4621 - STARLINK-5049,1972.915,84427.085,2.2835%,5,
Contact STARLINK-4621 - STARLINK-31463,4305.078,82094.922,4.9827%,6,
Contact STARLINK-4621 - MoonARTEMIS1,65873.197,20526.803,76.2421%,10,
Contact STARLINK-4621 - MoonARTEMIS2,63925.513,22474.487,73.9879%,9,
Contact STARLINK-4621 - MoonIOAGEO,58206.388,28193.612,67.3685%,8,
Contact STARLINK-4621 - MoonIOAGNO,67549.627,18850.373,78.1824%,10,
Contact STARLINK-4621 - MoonIOAGNO 0001,69662.054,16737.946,80.6274%,9,
Contact STARLINK-4621 - MoonIOAGSO,60861.611,25538.389,70.4417%,10,
Contact STARLINK-4621 - MoonIOAGSO 0001,60904.488,25495.512,70.4913%,10,
Contact STARLINK-4621 - MoonLRO,17724.025,68675.975,20.5139%,8,
Contact STARLINK-4621 - MarsSat1,86400.000,0.000,100.0000%,1,
Contact STARLINK-4621 - MarsSat2,86400.000,0.000,100.0000%,1,
Contact STARLINK-4621 - MarsSat3,86400.000,0.000,100.0000%,1,
Contact STARLINK-4621 - MarsSat4,84606.670,1793.330,97.9244%,2,
Contact STARLINK-2618 - STARLINK-5905,10927.095,75472.905,12.6471%,6,
Contact STARLINK-2618 - STARLINK-30312,0.000,86400.000,0.0000%,0,
Contact STARLINK-2618 - STARLINK-5250,0.000,86400.000,0.0000%,0,
Contact STARLINK-2618 - STARLINK-3081,0.000,86400.000,0.0000%,0,
Contact STARLINK-2618 - STARLINK-5057,0.000,86400.000,0.0000%,0,
Contact STARLINK-2618 - STARLINK-5576,24495.241,61904.759,28.3510%,7,
Contact STARLINK-2618 - STARLINK-30214,3707.775,82692.225,4.2914%,1,
Contact STARLINK-2618 - STARLINK-30611,18617.063,67782.937,21.5475%,1,
Contact STARLINK-2618 - STARLINK-30190,9931.271,76468.729,11.4945%,5,
Contact STARLINK-2618 - STARLINK-5215,0.000,86400.000,0.0000%,0,
Contact STARLINK-2618 - STARLINK-4125,0.000,86400.000,0.0000%,0,
Contact STARLINK-2618 - STARLINK-32081,2378.003,84021.997,2.7523%,3,
Contact STARLINK-2618 - STARLINK-1301,0.000,86400.000,0.0000%,0,
Contact STARLINK-2618 - STARLINK-4651,2096.315,84303.685,2.4263%,5,
Contact STARLINK-2618 - STARLINK-31617,0.000,86400.000,0.0000%,0,
Contact STARLINK-2618 - STARLINK-2751,0.000,86400.000,0.0000%,0,
Contact STARLINK-2618 - STARLINK-1015,0.000,86400.000,0.0000%,0,
Contact STARLINK-2618 - STARLINK-5765,86400.000,0.000,100.0000%,1,
Contact STARLINK-2618 - STARLINK-32235,0.000,86400.000,0.0000%,0,
Contact STARLINK-2618 - STARLINK-11266 [DTC],6231.348,80168.652,7.2122%,4,
Contact STARLINK-2618 - STARLINK-30355,62052.729,24347.271,71.8203%,7,
Contact STARLINK-2618 - STARLINK-30316,53392.005,33007.995,61.7963%,1,
Contact STARLINK-2618 - STARLINK-2602,3052.738,83347.262,3.5333%,4,
Contact STARLINK-2618 - STARLINK-6044,0.000,86400.000,0.0000%,0,
Contact STARLINK-2618 - STARLINK-32254,0.000,86400.000,0.0000%,0,
Contact STARLINK-2618 - STARLINK-4617,0.000,86400.000,0.0000%,0,
Contact STARLINK-2618 - STARLINK-30472,0.000,86400.000,0.0000%,0,
Contact STARLINK-2618 - STARLINK-30196,0.000,86400.000,0.0000%,0,
Contact STARLINK-2618 - STARLINK-30825,653.593,85746.407,0.7565%,1,
Contact STARLINK-2618 - STARLINK-31627,2340.314,84059.686,2.7087%,1,
Contact STARLINK-2618 - STARLINK-3182,720.357,85679.643,0.8337%,2,
Contact STARLINK-2618 - STARLINK-4413,5009.239,81390.761,5.7977%,7,
Contact STARLINK-2618 - STARLINK-31407,14599.477,71800.523,16.8975%,1,
Contact STARLINK-2618 - STARLINK-30171,0.000,86400.000,0.0000%,0,
Contact STARLINK-2618 - STARLINK-5660,0.000,86400.000,0.0000%,0,
Contact STARLINK-2618 - STARLINK-32094,46997.742,39402.258,54.3955%,1,
Contact STARLINK-2618 - STARLINK-4127,654.215,85745.785,0.7572%,2,
Contact STARLINK-2618 - STARLINK-30331,0.000,86400.000,0.0000%,0,
Contact STARLINK-2618 - STARLINK-31827,0.000,86400.000,0.0000%,0,
Contact STARLINK-2618 - STARLINK-30767,11942.777,74457.223,13.8227%,6,
Contact STARLINK-2618 - STARLINK-31800,0.000,86400.000,0.0000%,0,
Contact STARLINK-2618 - STARLINK-4254,487.777,85912.223,0.5646%,1,
Contact STARLINK-2618 - STARLINK-3533,7129.220,79270.780,8.2514%,6,
Contact STARLINK-2618 - STARLINK-31987,0.000,86400.000,0.0000%,0,
Contact STARLINK-2618 - STARLINK-6311,0.000,86400.000,0.0000%,0,
Contact STARLINK-2618 - STARLINK-31021,0.000,86400.000,0.0000%,0,
Contact STARLINK-2618 - STARLINK-2228,7464.130,78935.870,8.6390%,2,
Contact STARLINK-2618 - STARLINK-1736,0.000,86400.000,0.0000%,0,
Contact STARLINK-2618 - STARLINK-6372,86400.000,0.000,100.0000%,1,
Contact STARLINK-2618 - STARLINK-30425,0.000,86400.000,0.0000%,0,
Contact STARLINK-2618 - STARLINK-4772,7973.007,78426.993,9.2280%,6,
Contact STARLINK-2618 - STARLINK-3346,0.000,86400.000,0.0000%,0,
Contact STARLINK-2618 - STARLINK-30320,21461.460,64938.540,24.8397%,1,
Contact STARLINK-2618 - STARLINK-31919,5724.677,80675.323,6.6258%,4,
Contact STARLINK-2618 - STARLINK-31639,38915.339,47484.661,45.0409%,1,
Contact STARLINK-2618 - STARLINK-31600,4611.249,81788.751,5.3371%,3,
Contact STARLINK-2618 - STARLINK-4687,2651.726,83748.274,3.0691%,5,
Contact STARLINK-2618 - STARLINK-5978,0.000,86400.000,0.0000%,0,
Contact STARLINK-2618 - STARLINK-30613,2578.395,83821.605,2.9843%,5,
Contact STARLINK-2618 - STARLINK-31764,240.790,86159.210,0.2787%,1,
Contact STARLINK-2618 - STARLINK-4402,3683.268,82716.732,4.2630%,6,
Contact STARLINK-2618 - STARLINK-31502,6507.862,79892.138,7.5322%,4,
Contact STARLINK-2618 - STARLINK-5618,82260.976,4139.024,95.2095%,5,
Contact STARLINK-2618 - STARLINK-6255,0.000,86400.000,0.0000%,0,
Contact STARLINK-2618 - STARLINK-3898,0.000,86400.000,0.0000%,0,
Contact STARLINK-2618 - STARLINK-30842,0.000,86400.000,0.0000%,0,
Contact STARLINK-2618 - STARLINK-4631,7713.884,78686.116,8.9281%,7,
Contact STARLINK-2618 - STARLINK-31539,0.000,86400.000,0.0000%,0,
Contact STARLINK-2618 - STARLINK-5807,0.000,86400.000,0.0000%,0,
Contact STARLINK-2618 - STARLINK-31722,1709.065,84690.935,1.9781%,2,
Contact STARLINK-2618 - STARLINK-1581,2762.889,83637.111,3.1978%,1,
Contact STARLINK-2618 - STARLINK-30367,0.000,86400.000,0.0000%,0,
Contact STARLINK-2618 - STARLINK-4290,74427.581,11972.419,86.1430%,1,
Contact STARLINK-2618 - STARLINK-5151,1189.632,85210.368,1.3769%,2,
Contact STARLINK-2618 - STARLINK-6142,86400.000,0.000,100.0000%,1,
Contact STARLINK-2618 - STARLINK-2388,0.000,86400.000,0.0000%,0,
Contact STARLINK-2618 - STARLINK-3167,3089.929,83310.071,3.5763%,5,
Contact STARLINK-2618 - STARLINK-1700,0.000,86400.000,0.0000%,0,
Contact STARLINK-2618 - STARLINK-5049,5476.730,80923.270,6.3388%,6,
Contact STARLINK-2618 - STARLINK-31463,0.000,86400.000,0.0000%,0,
Contact STARLINK-2618 - MoonARTEMIS1,65343.788,21056.212,75.6294%,8,
Contact STARLINK-2618 - MoonARTEMIS2,62943.803,23456.197,72.8516%,9,
Contact STARLINK-2618 - MoonIOAGEO,59448.957,26951.043,68.8067%,8,
Contact STARLINK-2618 - MoonIOAGNO,69013.530,17386.470,79.8768%,9,
Contact STARLINK-2618 - MoonIOAGNO 0001,68994.841,17405.159,79.8551%,9,
Contact STARLINK-2618 - MoonIOAGSO,57368.322,29031.678,66.3985%,9,
Contact STARLINK-2618 - MoonIOAGSO 0001,64286.669,22113.331,74.4059%,8,
Contact STARLINK-2618 - MoonLRO,28824.338,57575.662,33.3615%,7,
Contact STARLINK-2618 - MarsSat1,69694.064,16705.936,80.6644%,9,
Contact STARLINK-2618 - MarsSat2,69694.002,16705.998,80.6644%,9,
Contact STARLINK-2618 - MarsSat3,69694.036,16705.964,80.6644%,9,
Contact STARLINK-2618 - MarsSat4,62922.225,23477.775,72.8266%,9,
Contact STARLINK-5905 - STARLINK-30312,0.000,86400.000,0.0000%,0,
Contact STARLINK-5905 - STARLINK-5250,0.000,86400.000,0.0000%,0,
Contact STARLINK-5905 - STARLINK-3081,0.000,86400.000,0.0000%,0,
Contact STARLINK-5905 - STARLINK-5057,0.000,86400.000,0.0000%,0,
Contact STARLINK-5905 - STARLINK-5576,42635.044,43764.956,49.3461%,6,
Contact STARLINK-5905 - STARLINK-30214,0.000,86400.000,0.0000%,0,
Contact STARLINK-5905 - STARLINK-30611,851.913,85548.087,0.9860%,1,
Contact STARLINK-5905 - STARLINK-30190,86400.000,0.000,100.0000%,1,
Contact STARLINK-5905 - STARLINK-5215,0.000,86400.000,0.0000%,0,
Contact STARLINK-5905 - STARLINK-4125,59666.393,26733.607,69.0583%,7,
Contact STARLINK-5905 - STARLINK-32081,20790.557,65609.443,24.0631%,1,
Contact STARLINK-5905 - STARLINK-1301,0.000,86400.000,0.0000%,0,
Contact STARLINK-5905 - STARLINK-4651,0.000,86400.000,0.0000%,0,
Contact STARLINK-5905 - STARLINK-31617,0.000,86400.000,0.0000%,0,
Contact STARLINK-5905 - STARLINK-2751,0.000,86400.000,0.0000%,0,
Contact STARLINK-5905 - STARLINK-1015,80695.603,5704.397,93.3977%,7,
Contact STARLINK-5905 - STARLINK-5765,7502.216,78897.784,8.6831%,6,
Contact STARLINK-5905 - STARLINK-32235,0.000,86400.000,0.0000%,0,
Contact STARLINK-5905 - STARLINK-11266 [DTC],15277.604,71122.396,17.6824%,3,
Contact STARLINK-5905 - STARLINK-30355,30693.856,55706.144,35.5253%,7,
Contact STARLINK-5905 - STARLINK-30316,7124.614,79275.386,8.2461%,5,
Contact STARLINK-5905 - STARLINK-2602,27160.045,59239.955,31.4352%,1,
Contact STARLINK-5905 - STARLINK-6044,0.000,86400.000,0.0000%,0,
Contact STARLINK-5905 - STARLINK-32254,0.000,86400.000,0.0000%,0,
Contact STARLINK-5905 - STARLINK-4617,2598.999,83801.001,3.0081%,6,
Contact STARLINK-5905 - STARLINK-30472,0.000,86400.000,0.0000%,0,
Contact STARLINK-5905 - STARLINK-30196,0.000,86400.000,0.0000%,0,
Contact STARLINK-5905 - STARLINK-30825,0.000,86400.000,0.0000%,0,
Contact STARLINK-5905 - STARLINK-31627,0.000,86400.000,0.0000%,0,
Contact STARLINK-5905 - STARLINK-3182,0.000,86400.000,0.0000%,0,
Contact STARLINK-5905 - STARLINK-4413,0.000,86400.000,0.0000%,0,
Contact STARLINK-5905 - STARLINK-31407,7049.423,79350.577,8.1591%,4,
Contact STARLINK-5905 - STARLINK-30171,77063.490,9336.510,89.1939%,7,
Contact STARLINK-5905 - STARLINK-5660,42678.175,43721.825,49.3960%,6,
Contact STARLINK-5905 - STARLINK-32094,10277.965,76122.035,11.8958%,6,
Contact STARLINK-5905 - STARLINK-4127,0.000,86400.000,0.0000%,0,
Contact STARLINK-5905 - STARLINK-30331,0.000,86400.000,0.0000%,0,
Contact STARLINK-5905 - STARLINK-31827,0.000,86400.000,0.0000%,0,
Contact STARLINK-5905 - STARLINK-30767,59023.461,27376.539,68.3142%,7,
Contact STARLINK-5905 - STARLINK-31800,1007.625,85392.375,1.1662%,1,
Contact STARLINK-5905 - STARLINK-4254,5594.711,80805.289,6.4754%,6,
Contact STARLINK-5905 - STARLINK-3533,0.000,86400.000,0.0000%,0,
Contact STARLINK-5905 - STARLINK-31987,0.000,86400.000,0.0000%,0,
Contact STARLINK-5905 - STARLINK-6311,0.000,86400.000,0.0000%,0,
Contact STARLINK-5905 - STARLINK-31021,0.000,86400.000,0.0000%,0,
Contact STARLINK-5905 - STARLINK-2228,147.980,86252.020,0.1713%,1,
Contact STARLINK-5905 - STARLINK-1736,0.000,86400.000,0.0000%,0,
Contact STARLINK-5905 - STARLINK-6372,2620.703,83779.297,3.0332%,5,
Contact STARLINK-5905 - STARLINK-30425,0.000,86400.000,0.0000%,0,
Contact STARLINK-5905 - STARLINK-4772,42589.544,43810.456,49.2935%,1,
Contact STARLINK-5905 - STARLINK-3346,0.000,86400.000,0.0000%,0,
Contact STARLINK-5905 - STARLINK-30320,2271.121,84128.879,2.6286%,3,
Contact STARLINK-5905 - STARLINK-31919,52184.900,34215.100,60.3992%,1,
Contact STARLINK-5905 - STARLINK-31639,8057.519,78342.481,9.3258%,6,
Contact STARLINK-5905 - STARLINK-31600,59803.071,26596.929,69.2165%,2,
Contact STARLINK-5905 - STARLINK-4687,0.000,86400.000,0.0000%,0,
Contact STARLINK-5905 - STARLINK-5978,0.000,86400.000,0.0000%,0,
Contact STARLINK-5905 - STARLINK-30613,3624.382,82775.618,4.1949%,1,
Contact STARLINK-5905 - STARLINK-31764,8645.542,77754.458,10.0064%,3,
Contact STARLINK-5905 - STARLINK-4402,0.000,86400.000,0.0000%,0,
Contact STARLINK-5905 - STARLINK-31502,8715.324,77684.676,10.0872%,1,
Contact STARLINK-5905 - STARLINK-5618,3775.406,82624.594,4.3697%,5,
Contact STARLINK-5905 - STARLINK-6255,0.000,86400.000,0.0000%,0,
Contact STARLINK-5905 - STARLINK-3898,0.000,86400.000,0.0000%,0,
Contact STARLINK-5905 - STARLINK-30842,0.000,86400.000,0.0000%,0,
Contact STARLINK-5905 - STARLINK-4631,0.000,86400.000,0.0000%,0,
Contact STARLINK-5905 - STARLINK-31539,0.000,86400.000,0.0000%,0,
Contact STARLINK-5905 - STARLINK-5807,0.000,86400.000,0.0000%,0,
Contact STARLINK-5905 - STARLINK-31722,14640.106,71759.894,16.9446%,3,
Contact STARLINK-5905 - STARLINK-1581,621.923,85778.077,0.7198%,1,
Contact STARLINK-5905 - STARLINK-30367,0.000,86400.000,0.0000%,0,
Contact STARLINK-5905 - STARLINK-4290,3546.483,82853.517,4.1047%,5,
Contact STARLINK-5905 - STARLINK-5151,0.000,86400.000,0.0000%,0,
Contact STARLINK-5905 - STARLINK-6142,10980.035,75419.965,12.7084%,6,
Contact STARLINK-5905 - STARLINK-2388,0.000,86400.000,0.0000%,0,
Contact STARLINK-5905 - STARLINK-3167,0.000,86400.000,0.0000%,0,
Contact STARLINK-5905 - STARLINK-1700,0.000,86400.000,0.0000%,0,
Contact STARLINK-5905 - STARLINK-5049,86400.000,0.000,100.0000%,1,
Contact STARLINK-5905 - STARLINK-31463,0.000,86400.000,0.0000%,0,
Contact STARLINK-5905 - MoonARTEMIS1,63189.201,23210.799,73.1356%,8,
Contact STARLINK-5905 - MoonARTEMIS2,60980.281,25419.719,70.5790%,9,
Contact STARLINK-5905 - MoonIOAGEO,57382.030,29017.970,66.4144%,8,
Contact STARLINK-5905 - MoonIOAGNO,66747.940,19652.060,77.2546%,9,
Contact STARLINK-5905 - MoonIOAGNO 0001,66749.870,19650.130,77.2568%,9,
Contact STARLINK-5905 - MoonIOAGSO,55246.941,31153.059,63.9432%,9,
Contact STARLINK-5905 - MoonIOAGSO 0001,62453.012,23946.988,72.2836%,8,
Contact STARLINK-5905 - MoonLRO,21612.944,64787.056,25.0150%,7,
Contact STARLINK-5905 - MarsSat1,67468.776,18931.224,78.0889%,10,
Contact STARLINK-5905 - MarsSat2,67468.882,18931.118,78.0890%,10,
Contact STARLINK-5905 - MarsSat3,67468.803,18931.197,78.0889%,10,
Contact STARLINK-5905 - MarsSat4,60100.509,26299.491,69.5608%,10,
Contact STARLINK-30312 - STARLINK-5250,43350.725,43049.275,50.1745%,7,
Contact STARLINK-30312 - STARLINK-3081,4634.515,81765.485,5.3640%,2,
Contact STARLINK-30312 - STARLINK-5057,0.000,86400.000,0.0000%,0,
Contact STARLINK-30312 - STARLINK-5576,0.000,86400.000,0.0000%,0,
Contact STARLINK-30312 - STARLINK-30214,0.000,86400.000,0.0000%,0,
Contact STARLINK-30312 - STARLINK-30611,804.361,85595.639,0.9310%,1,
Contact STARLINK-30312 - STARLINK-30190,0.000,86400.000,0.0000%,0,
Contact STARLINK-30312 - STARLINK-5215,0.000,86400.000,0.0000%,0,
Contact STARLINK-30312 - STARLINK-4125,0.000,86400.000,0.0000%,0,
Contact STARLINK-30312 - STARLINK-32081,0.000,86400.000,0.0000%,0,
Contact STARLINK-30312 - STARLINK-1301,2075.685,84324.315,2.4024%,4,
Contact STARLINK-30312 - STARLINK-4651,0.000,86400.000,0.0000%,0,
Contact STARLINK-30312 - STARLINK-31617,4115.586,82284.414,4.7634%,2,
Contact STARLINK-30312 - STARLINK-2751,506.933,85893.067,0.5867%,1,
Contact STARLINK-30312 - STARLINK-1015,0.000,86400.000,0.0000%,0,
Contact STARLINK-30312 - STARLINK-5765,0.000,86400.000,0.0000%,0,
Contact STARLINK-30312 - STARLINK-32235,9650.447,76749.553,11.1695%,4,
Contact STARLINK-30312 - STARLINK-11266 [DTC],0.000,86400.000,0.0000%,0,
Contact STARLINK-30312 - STARLINK-30355,0.000,86400.000,0.0000%,0,
Contact STARLINK-30312 - STARLINK-30316,0.000,86400.000,0.0000%,0,
Contact STARLINK-30312 - STARLINK-2602,6194.521,80205.479,7.1696%,1,
Contact STARLINK-30312 - STARLINK-6044,5356.032,81043.968,6.1991%,6,
Contact STARLINK-30312 - STARLINK-32254,0.000,86400.000,0.0000%,0,
Contact STARLINK-30312 - STARLINK-4617,0.000,86400.000,0.0000%,0,
Contact STARLINK-30312 - STARLINK-30472,11507.898,74892.102,13.3193%,6,
Contact STARLINK-30312 - STARLINK-30196,15062.577,71337.423,17.4335%,6,
Contact STARLINK-30312 - STARLINK-30825,14942.351,71457.649,17.2944%,1,
Contact STARLINK-30312 - STARLINK-31627,600.078,85799.922,0.6945%,1,
Contact STARLINK-30312 - STARLINK-3182,32269.758,54130.242,37.3493%,4,
Contact STARLINK-30312 - STARLINK-4413,0.000,86400.000,0.0000%,0,
Contact STARLINK-30312 - STARLINK-31407,0.000,86400.000,0.0000%,0,
Contact STARLINK-30312 - STARLINK-30171,0.000,86400.000,0.0000%,0,
Contact STARLINK-30312 - STARLINK-5660,0.000,86400.000,0.0000%,0,
Contact STARLINK-30312 - STARLINK-32094,0.000,86400.000,0.0000%,0,
Contact STARLINK-30312 - STARLINK-4127,0.000,86400.000,0.0000%,0,
Contact STARLINK-30312 - STARLINK-30331,0.000,86400.000,0.0000%,0,
Contact STARLINK-30312 - STARLINK-31827,45621.489,40778.511,52.8026%,6,
Contact STARLINK-30312 - STARLINK-30767,0.000,86400.000,0.0000%,0,
Contact STARLINK-30312 - STARLINK-31800,1774.362,84625.638,2.0537%,2,
Contact STARLINK-30312 - STARLINK-4254,0.000,86400.000,0.0000%,0,
Contact STARLINK-30312 - STARLINK-3533,0.000,86400.000,0.0000%,0,
Contact STARLINK-30312 - STARLINK-31987,69804.415,16595.585,80.7921%,1,
Contact STARLINK-30312 - STARLINK-6311,15193.262,71206.738,17.5848%,7,
Contact STARLINK-30312 - STARLINK-31021,0.000,86400.000,0.0000%,0,
Contact STARLINK-30312 - STARLINK-2228,18845.809,67554.191,21.8123%,4,
Contact STARLINK-30312 - STARLINK-1736,7385.619,79014.381,8.5482%,5,
Contact STARLINK-30312 - STARLINK-6372,0.000,86400.000,0.0000%,0,
Contact STARLINK-30312 - STARLINK-30425,4007.958,82392.042,4.6388%,6,
Contact STARLINK-30312 - STARLINK-4772,0.000,86400.000,0.0000%,0,
Contact STARLINK-30312 - STARLINK-3346,89.245,86310.755,0.1033%,1,
Contact STARLINK-30312 - STARLINK-30320,1618.743,84781.257,1.8735%,2,
Contact STARLINK-30312 - STARLINK-31919,0.000,86400.000,0.0000%,0,
Contact STARLINK-30312 - STARLINK-31639,0.000,86400.000,0.0000%,0,
Contact STARLINK-30312 - STARLINK-31600,0.000,86400.000,0.0000%,0,
Contact STARLINK-30312 - STARLINK-4687,0.000,86400.000,0.0000%,0,
Contact STARLINK-30312 - STARLINK-5978,0.000,86400.000,0.0000%,0,
Contact STARLINK-30312 - STARLINK-30613,0.000,86400.000,0.0000%,0,
Contact STARLINK-30312 - STARLINK-31764,730.721,85669.279,0.8457%,1,
Contact STARLINK-30312 - STARLINK-4402,0.000,86400.000,0.0000%,0,
Contact STARLINK-30312 - STARLINK-31502,3717.939,82682.061,4.3032%,1,
Contact STARLINK-30312 - STARLINK-5618,0.000,86400.000,0.0000%,0,
Contact STARLINK-30312 - STARLINK-6255,0.000,86400.000,0.0000%,0,
Contact STARLINK-30312 - STARLINK-3898,3120.565,83279.435,3.6118%,6,
Contact STARLINK-30312 - STARLINK-30842,39655.732,46744.268,45.8978%,6,
Contact STARLINK-30312 - STARLINK-4631,0.000,86400.000,0.0000%,0,
Contact STARLINK-30312 - STARLINK-31539,43376.484,43023.516,50.2043%,1,
Contact STARLINK-30312 - STARLINK-5807,27103.372,59296.628,31.3696%,7,
Contact STARLINK-30312 - STARLINK-31722,0.000,86400.000,0.0000%,0,
Contact STARLINK-30312 - STARLINK-1581,0.000,86400.000,0.0000%,0,
Contact STARLINK-30312 - STARLINK-30367,5021.878,81378.122,5.8124%,7,
Contact STARLINK-30312 - STARLINK-4290,0.000,86400.000,0.0000%,0,
Contact STARLINK-30312 - STARLINK-5151,0.000,86400.000,0.0000%,0,
Contact STARLINK-30312 - STARLINK-6142,0.000,86400.000,0.0000%,0,
Contact STARLINK-30312 - STARLINK-2388,37002.273,49397.727,42.8267%,7,
Contact STARLINK-30312 - STARLINK-3167,0.000,86400.000,0.0000%,0,
Contact STARLINK-30312 - STARLINK-1700,20672.882,65727.118,23.9269%,6,
Contact STARLINK-30312 - STARLINK-5049,0.000,86400.000,0.0000%,0,
Contact STARLINK-30312 - STARLINK-31463,60646.814,25753.186,70.1931%,1,
Contact STARLINK-30312 - MoonARTEMIS1,68838.718,17561.282,79.6744%,9,
Contact STARLINK-30312 - MoonARTEMIS2,65552.163,20847.837,75.8706%,10,
Contact STARLINK-30312 - MoonIOAGEO,61647.469,24752.531,71.3512%,9,
Contact STARLINK-30312 - MoonIOAGNO,69546.658,16853.342,80.4938%,9,
Contact STARLINK-30312 - MoonIOAGNO 0001,69542.244,16857.756,80.4887%,9,
Contact STARLINK-30312 - MoonIOAGSO,55998.755,30401.245,64.8134%,10,
Contact STARLINK-30312 - MoonIOAGSO 0001,63075.930,23324.070,73.0045%,9,
Contact STARLINK-30312 - MoonLRO,24999.204,61400.796,28.9343%,7,
Contact STARLINK-30312 - MarsSat1,67282.930,19117.070,77.8738%,10,
Contact STARLINK-30312 - MarsSat2,67282.884,19117.116,77.8737%,10,
Contact STARLINK-30312 - MarsSat3,67282.921,19117.079,77.8738%,10,
Contact STARLINK-30312 - MarsSat4,63919.786,22480.214,73.9812%,10,
Contact STARLINK-5250 - STARLINK-3081,5763.488,80636.512,6.6707%,6,
Contact STARLINK-5250 - STARLINK-5057,0.000,86400.000,0.0000%,0,
Contact STARLINK-5250 - STARLINK-5576,0.000,86400.000,0.0000%,0,
Contact STARLINK-5250 - STARLINK-30214,0.000,86400.000,0.0000%,0,
Contact STARLINK-5250 - STARLINK-30611,33077.003,53322.997,38.2836%,5,
Contact STARLINK-5250 - STARLINK-30190,0.000,86400.000,0.0000%,0,
Contact STARLINK-5250 - STARLINK-5215,86400.000,0.000,100.0000%,1,
Contact STARLINK-5250 - STARLINK-4125,0.000,86400.000,0.0000%,0,
Contact STARLINK-5250 - STARLINK-32081,10415.989,75984.011,12.0555%,2,
Contact STARLINK-5250 - STARLINK-1301,8100.610,78299.390,9.3757%,6,
Contact STARLINK-5250 - STARLINK-4651,0.000,86400.000,0.0000%,0,
Contact STARLINK-5250 - STARLINK-31617,0.000,86400.000,0.0000%,0,
Contact STARLINK-5250 - STARLINK-2751,65062.854,21337.146,75.3042%,7,
Contact STARLINK-5250 - STARLINK-1015,0.000,86400.000,0.0000%,0,
Contact STARLINK-5250 - STARLINK-5765,0.000,86400.000,0.0000%,0,
Contact STARLINK-5250 - STARLINK-32235,14846.298,71553.702,17.1832%,1,
Contact STARLINK-5250 - STARLINK-11266 [DTC],0.000,86400.000,0.0000%,0,
Contact STARLINK-5250 - STARLINK-30355,0.000,86400.000,0.0000%,0,
Contact STARLINK-5250 - STARLINK-30316,1960.343,84439.657,2.2689%,2,
Contact STARLINK-5250 - STARLINK-2602,0.000,86400.000,0.0000%,0,
Contact STARLINK-5250 - STARLINK-6044,0.000,86400.000,0.0000%,0,
Contact STARLINK-5250 - STARLINK-32254,0.000,86400.000,0.0000%,0,
Contact STARLINK-5250 - STARLINK-4617,0.000,86400.000,0.0000%,0,
Contact STARLINK-5250 - STARLINK-30472,0.000,86400.000,0.0000%,0,
Contact STARLINK-5250 - STARLINK-30196,1953.658,84446.342,2.2612%,4,
Contact STARLINK-5250 - STARLINK-30825,0.000,86400.000,0.0000%,0,
Contact STARLINK-5250 - STARLINK-31627,0.000,86400.000,0.0000%,0,
Contact STARLINK-5250 - STARLINK-3182,505.379,85894.621,0.5849%,1,
Contact STARLINK-5250 - STARLINK-4413,1213.862,85186.138,1.4049%,3,
Contact STARLINK-5250 - STARLINK-31407,6291.268,80108.732,7.2816%,4,
Contact STARLINK-5250 - STARLINK-30171,0.000,86400.000,0.0000%,0,
Contact STARLINK-5250 - STARLINK-5660,0.000,86400.000,0.0000%,0,
Contact STARLINK-5250 - STARLINK-32094,4058.383,82341.617,4.6972%,1,
Contact STARLINK-5250 - STARLINK-4127,0.000,86400.000,0.0000%,0,
Contact STARLINK-5250 - STARLINK-30331,0.000,86400.000,0.0000%,0,
Contact STARLINK-5250 - STARLINK-31827,43478.383,42921.617,50.3222%,1,
Contact STARLINK-5250 - STARLINK-30767,0.000,86400.000,0.0000%,0,
Contact STARLINK-5250 - STARLINK-31800,10832.035,75567.965,12.5371%,7,
Contact STARLINK-5250 - STARLINK-4254,4128.514,82271.486,4.7784%,6,
Contact STARLINK-5250 - STARLINK-3533,0.000,86400.000,0.0000%,0,
Contact STARLINK-5250 - STARLINK-31987,43880.486,42519.514,50.7876%,1,
Contact STARLINK-5250 - STARLINK-6311,55525.133,30874.867,64.2652%,7,
Contact STARLINK-5250 - STARLINK-31021,0.000,86400.000,0.0000%,0,
Contact STARLINK-5250 - STARLINK-2228,46230.896,40169.104,53.5080%,1,
Contact STARLINK-5250 - STARLINK-1736,4991.739,81408.261,5.7775%,3,
Contact STARLINK-5250 - STARLINK-6372,0.000,86400.000,0.0000%,0,
Contact STARLINK-5250 - STARLINK-30425,786.519,85613.481,0.9103%,1,
Contact STARLINK-5250 - STARLINK-4772,0.000,86400.000,0.0000%,0,
Contact STARLINK-5250 - STARLINK-3346,8346.291,78053.709,9.6601%,6,
Contact STARLINK-5250 - STARLINK-30320,22977.392,63422.608,26.5942%,5,
Contact STARLINK-5250 - STARLINK-31919,0.000,86400.000,0.0000%,0,
Contact STARLINK-5250 - STARLINK-31639,3042.092,83357.908,3.5209%,4,
Contact STARLINK-5250 - STARLINK-31600,528.070,85871.930,0.6112%,1,
Contact STARLINK-5250 - STARLINK-4687,0.000,86400.000,0.0000%,0,
Contact STARLINK-5250 - STARLINK-5978,0.000,86400.000,0.0000%,0,
Contact STARLINK-5250 - STARLINK-30613,0.000,86400.000,0.0000%,0,
Contact STARLINK-5250 - STARLINK-31764,7328.045,79071.955,8.4815%,5,
Contact STARLINK-5250 - STARLINK-4402,0.000,86400.000,0.0000%,0,
Contact STARLINK-5250 - STARLINK-31502,0.000,86400.000,0.0000%,0,
Contact STARLINK-5250 - STARLINK-5618,0.000,86400.000,0.0000%,0,
Contact STARLINK-5250 - STARLINK-6255,47201.850,39198.150,54.6318%,7,
Contact STARLINK-5250 - STARLINK-3898,68495.916,17904.084,79.2777%,7,
Contact STARLINK-5250 - STARLINK-30842,2864.779,83535.221,3.3157%,4,
Contact STARLINK-5250 - STARLINK-4631,0.000,86400.000,0.0000%,0,
Contact STARLINK-5250 - STARLINK-31539,63439.602,22960.398,73.4255%,1,
Contact STARLINK-5250 - STARLINK-5807,3317.191,83082.809,3.8393%,6,
Contact STARLINK-5250 - STARLINK-31722,0.000,86400.000,0.0000%,0,
Contact STARLINK-5250 - STARLINK-1581,0.000,86400.000,0.0000%,0,
Contact STARLINK-5250 - STARLINK-30367,85705.569,694.431,99.1963%,2,
Contact STARLINK-5250 - STARLINK-4290,0.000,86400.000,0.0000%,0,
Contact STARLINK-5250 - STARLINK-5151,11161.699,75238.301,12.9186%,3,
Contact STARLINK-5250 - STARLINK-6142,0.000,86400.000,0.0000%,0,
Contact STARLINK-5250 - STARLINK-2388,3200.324,83199.676,3.7041%,5,
Contact STARLINK-5250 - STARLINK-3167,0.000,86400.000,0.0000%,0,
Contact STARLINK-5250 - STARLINK-1700,3187.228,83212.772,3.6889%,5,
Contact STARLINK-5250 - STARLINK-5049,0.000,86400.000,0.0000%,0,
Contact STARLINK-5250 - STARLINK-31463,26919.186,59480.814,31.1565%,6,
Contact STARLINK-5250 - MoonARTEMIS1,62549.900,23850.100,72.3957%,10,
Contact STARLINK-5250 - MoonARTEMIS2,62704.164,23695.836,72.5743%,10,
Contact STARLINK-5250 - MoonIOAGEO,58771.033,27628.967,68.0220%,8,
Contact STARLINK-5250 - MoonIOAGNO,70377.846,16022.154,81.4558%,9,
Contact STARLINK-5250 - MoonIOAGNO 0001,70391.118,16008.882,81.4712%,9,
Contact STARLINK-5250 - MoonIOAGSO,63955.132,22444.868,74.0221%,9,
Contact STARLINK-5250 - MoonIOAGSO 0001,59076.303,27323.697,68.3754%,9,
Contact STARLINK-5250 - MoonLRO,19177.938,67222.062,22.1967%,7,
Contact STARLINK-5250 - MarsSat1,74530.343,11869.657,86.2620%,8,
Contact STARLINK-5250 - MarsSat2,74529.736,11870.264,86.2613%,8,
Contact STARLINK-5250 - MarsSat3,74530.139,11869.861,86.2617%,8,
Contact STARLINK-5250 - MarsSat4,70662.166,15737.834,81.7849%,9,
Contact STARLINK-3081 - STARLINK-5057,0.000,86400.000,0.0000%,0,
Contact STARLINK-3081 - STARLINK-5576,0.000,86400.000,0.0000%,0,
Contact STARLINK-3081 - STARLINK-30214,0.000,86400.000,0.0000%,0,
Contact STARLINK-3081 - STARLINK-30611,3091.864,83308.136,3.5785%,5,
Contact STARLINK-3081 - STARLINK-30190,0.000,86400.000,0.0000%,0,
Contact STARLINK-3081 - STARLINK-5215,5026.076,81373.924,5.8172%,6,
Contact STARLINK-3081 - STARLINK-4125,0.000,86400.000,0.0000%,0,
Contact STARLINK-3081 - STARLINK-32081,27468.790,58931.210,31.7926%,4,
Contact STARLINK-3081 - STARLINK-1301,12221.813,74178.187,14.1456%,4,
Contact STARLINK-3081 - STARLINK-4651,0.000,86400.000,0.0000%,0,
Contact STARLINK-3081 - STARLINK-31617,707.760,85692.240,0.8192%,2,
Contact STARLINK-3081 - STARLINK-2751,10455.790,75944.210,12.1016%,7,
Contact STARLINK-3081 - STARLINK-1015,0.000,86400.000,0.0000%,0,
Contact STARLINK-3081 - STARLINK-5765,0.000,86400.000,0.0000%,0,
Contact STARLINK-3081 - STARLINK-32235,2011.819,84388.181,2.3285%,3,
Contact STARLINK-3081 - STARLINK-11266 [DTC],4349.213,82050.787,5.0338%,2,
Contact STARLINK-3081 - STARLINK-30355,0.000,86400.000,0.0000%,0,
Contact STARLINK-3081 - STARLINK-30316,775.549,85624.451,0.8976%,3,
Contact STARLINK-3081 - STARLINK-2602,0.000,86400.000,0.0000%,0,
Contact STARLINK-3081 - STARLINK-6044,5120.550,81279.450,5.9266%,6,
Contact STARLINK-3081 - STARLINK-32254,0.000,86400.000,0.0000%,0,
Contact STARLINK-3081 - STARLINK-4617,0.000,86400.000,0.0000%,0,
Contact STARLINK-3081 - STARLINK-30472,7382.919,79017.081,8.5450%,2,
Contact STARLINK-3081 - STARLINK-30196,8483.896,77916.104,9.8193%,7,
Contact STARLINK-3081 - STARLINK-30825,0.000,86400.000,0.0000%,0,
Contact STARLINK-3081 - STARLINK-31627,1290.931,85109.069,1.4941%,2,
Contact STARLINK-3081 - STARLINK-3182,11014.763,75385.237,12.7486%,1,
Contact STARLINK-3081 - STARLINK-4413,0.000,86400.000,0.0000%,0,
Contact STARLINK-3081 - STARLINK-31407,4295.145,82104.855,4.9712%,2,
Contact STARLINK-3081 - STARLINK-30171,0.000,86400.000,0.0000%,0,
Contact STARLINK-3081 - STARLINK-5660,0.000,86400.000,0.0000%,0,
Contact STARLINK-3081 - STARLINK-32094,1118.839,85281.161,1.2950%,2,
Contact STARLINK-3081 - STARLINK-4127,0.000,86400.000,0.0000%,0,
Contact STARLINK-3081 - STARLINK-30331,0.000,86400.000,0.0000%,0,
Contact STARLINK-3081 - STARLINK-31827,2589.513,83810.487,2.9971%,3,
Contact STARLINK-3081 - STARLINK-30767,277.485,86122.515,0.3212%,1,
Contact STARLINK-3081 - STARLINK-31800,6123.758,80276.242,7.0877%,4,
Contact STARLINK-3081 - STARLINK-4254,0.000,86400.000,0.0000%,0,
Contact STARLINK-3081 - STARLINK-3533,16630.057,69769.943,19.2478%,5,
Contact STARLINK-3081 - STARLINK-31987,2247.058,84152.942,2.6008%,2,
Contact STARLINK-3081 - STARLINK-6311,5517.244,80882.756,6.3857%,7,
Contact STARLINK-3081 - STARLINK-31021,0.000,86400.000,0.0000%,0,
Contact STARLINK-3081 - STARLINK-2228,2434.209,83965.791,2.8174%,3,
Contact STARLINK-3081 - STARLINK-1736,7284.090,79115.910,8.4307%,6,
Contact STARLINK-3081 - STARLINK-6372,0.000,86400.000,0.0000%,0,
Contact STARLINK-3081 - STARLINK-30425,2956.218,83443.782,3.4215%,4,
Contact STARLINK-3081 - STARLINK-4772,0.000,86400.000,0.0000%,0,
Contact STARLINK-3081 - STARLINK-3346,7535.275,78864.725,8.7214%,2,
Contact STARLINK-3081 - STARLINK-30320,3054.715,83345.285,3.5355%,5,
Contact STARLINK-3081 - STARLINK-31919,21609.944,64790.056,25.0115%,2,
Contact STARLINK-3081 - STARLINK-31639,76.928,86323.072,0.0890%,1,
Contact STARLINK-3081 - STARLINK-31600,3727.388,82672.612,4.3141%,1,
Contact STARLINK-3081 - STARLINK-4687,0.000,86400.000,0.0000%,0,
Contact STARLINK-3081 - STARLINK-5978,0.000,86400.000,0.0000%,0,
Contact STARLINK-3081 - STARLINK-30613,610.898,85789.102,0.7071%,1,
Contact STARLINK-3081 - STARLINK-31764,5350.397,81049.603,6.1926%,3,
Contact STARLINK-3081 - STARLINK-4402,0.000,86400.000,0.0000%,0,
Contact STARLINK-3081 - STARLINK-31502,0.000,86400.000,0.0000%,0,
Contact STARLINK-3081 - STARLINK-5618,2820.847,83579.153,3.2649%,4,
Contact STARLINK-3081 - STARLINK-6255,10107.468,76292.532,11.6985%,7,
Contact STARLINK-3081 - STARLINK-3898,7854.831,78545.169,9.0912%,7,
Contact STARLINK-3081 - STARLINK-30842,58429.877,27970.123,67.6272%,7,
Contact STARLINK-3081 - STARLINK-4631,0.000,86400.000,0.0000%,0,
Contact STARLINK-3081 - STARLINK-31539,9144.676,77255.324,10.5841%,3,
Contact STARLINK-3081 - STARLINK-5807,18221.617,68178.383,21.0898%,6,
Contact STARLINK-3081 - STARLINK-31722,0.000,86400.000,0.0000%,0,
Contact STARLINK-3081 - STARLINK-1581,315.004,86084.996,0.3646%,1,
Contact STARLINK-3081 - STARLINK-30367,22783.655,63616.345,26.3700%,7,
Contact STARLINK-3081 - STARLINK-4290,0.000,86400.000,0.0000%,0,
Contact STARLINK-3081 - STARLINK-5151,43062.618,43337.382,49.8410%,2,
Contact STARLINK-3081 - STARLINK-6142,0.000,86400.000,0.0000%,0,
Contact STARLINK-3081 - STARLINK-2388,41997.614,44402.386,48.6083%,5,
Contact STARLINK-3081 - STARLINK-3167,0.000,86400.000,0.0000%,0,
Contact STARLINK-3081 - STARLINK-1700,39690.007,46709.993,45.9375%,6,
Contact STARLINK-3081 - STARLINK-5049,0.000,86400.000,0.0000%,0,
Contact STARLINK-3081 - STARLINK-31463,49441.986,36958.014,57.2245%,1,
Contact STARLINK-3081 - MoonARTEMIS1,65458.220,20941.780,75.7618%,10,
Contact STARLINK-3081 - MoonARTEMIS2,61007.728,25392.272,70.6108%,10,
Contact STARLINK-3081 - MoonIOAGEO,63369.602,23030.398,73.3444%,8,
Contact STARLINK-3081 - MoonIOAGNO,69185.355,17214.645,80.0756%,9,
Contact STARLINK-3081 - MoonIOAGNO 0001,69176.002,17223.998,80.0648%,9,
Contact STARLINK-3081 - MoonIOAGSO,62190.617,24209.383,71.9799%,9,
Contact STARLINK-3081 - MoonIOAGSO 0001,60209.348,26190.652,69.6867%,10,
Contact STARLINK-3081 - MoonLRO,26308.910,60091.090,30.4501%,9,
Contact STARLINK-3081 - MarsSat1,73060.486,13339.514,84.5607%,8,
Contact STARLINK-3081 - MarsSat2,73060.769,13339.231,84.5611%,8,
Contact STARLINK-3081 - MarsSat3,73060.589,13339.411,84.5609%,8,
Contact STARLINK-3081 - MarsSat4,63887.926,22512.074,73.9444%,8,
Contact STARLINK-5057 - STARLINK-5576,0.000,86400.000,0.0000%,0,
Contact STARLINK-5057 - STARLINK-30214,11101.549,75298.451,12.8490%,7,
Contact STARLINK-5057 - STARLINK-30611,0.000,86400.000,0.0000%,0,
Contact STARLINK-5057 - STARLINK-30190,0.000,86400.000,0.0000%,0,
Contact STARLINK-5057 - STARLINK-5215,0.000,86400.000,0.0000%,0,
Contact STARLINK-5057 - STARLINK-4125,0.000,86400.000,0.0000%,0,
Contact STARLINK-5057 - STARLINK-32081,0.000,86400.000,0.0000%,0,
Contact STARLINK-5057 - STARLINK-1301,0.000,86400.000,0.0000%,0,
Contact STARLINK-5057 - STARLINK-4651,86400.000,0.000,100.0000%,1,
Contact STARLINK-5057 - STARLINK-31617,21272.597,65127.403,24.6211%,7,
Contact STARLINK-5057 - STARLINK-2751,0.000,86400.000,0.0000%,0,
Contact STARLINK-5057 - STARLINK-1015,0.000,86400.000,0.0000%,0,
Contact STARLINK-5057 - STARLINK-5765,0.000,86400.000,0.0000%,0,
Contact STARLINK-5057 - STARLINK-32235,15515.185,70884.815,17.9574%,5,
Contact STARLINK-5057 - STARLINK-11266 [DTC],0.000,86400.000,0.0000%,0,
Contact STARLINK-5057 - STARLINK-30355,0.000,86400.000,0.0000%,0,
Contact STARLINK-5057 - STARLINK-30316,0.000,86400.000,0.0000%,0,
Contact STARLINK-5057 - STARLINK-2602,32287.861,54112.139,37.3702%,4,
Contact STARLINK-5057 - STARLINK-6044,3166.233,83233.767,3.6646%,6,
Contact STARLINK-5057 - STARLINK-32254,86400.000,0.000,100.0000%,1,
Contact STARLINK-5057 - STARLINK-4617,7998.690,78401.310,9.2577%,6,
Contact STARLINK-5057 - STARLINK-30472,3333.841,83066.159,3.8586%,6,
Contact STARLINK-5057 - STARLINK-30196,0.000,86400.000,0.0000%,0,
Contact STARLINK-5057 - STARLINK-30825,76204.423,10195.577,88.1996%,1,
Contact STARLINK-5057 - STARLINK-31627,5973.396,80426.604,6.9137%,7,
Contact STARLINK-5057 - STARLINK-3182,5306.913,81093.087,6.1423%,3,
Contact STARLINK-5057 - STARLINK-4413,6128.151,80271.849,7.0928%,6,
Contact STARLINK-5057 - STARLINK-31407,0.000,86400.000,0.0000%,0,
Contact STARLINK-5057 - STARLINK-30171,0.000,86400.000,0.0000%,0,
Contact STARLINK-5057 - STARLINK-5660,0.000,86400.000,0.0000%,0,
Contact STARLINK-5057 - STARLINK-32094,0.000,86400.000,0.0000%,0,
Contact STARLINK-5057 - STARLINK-4127,12180.922,74219.078,14.0983%,7,
Contact STARLINK-5057 - STARLINK-30331,74257.920,12142.080,85.9467%,7,
Contact STARLINK-5057 - STARLINK-31827,927.263,85472.737,1.0732%,1,
Contact STARLINK-5057 - STARLINK-30767,0.000,86400.000,0.0000%,0,
Contact STARLINK-5057 - STARLINK-31800,0.000,86400.000,0.0000%,0,
Contact STARLINK-5057 - STARLINK-4254,0.000,86400.000,0.0000%,0,
Contact STARLINK-5057 - STARLINK-3533,0.000,86400.000,0.0000%,0,
Contact STARLINK-5057 - STARLINK-31987,0.000,86400.000,0.0000%,0,
Contact STARLINK-5057 - STARLINK-6311,0.000,86400.000,0.0000%,0,
Contact STARLINK-5057 - STARLINK-31021,86400.000,0.000,100.0000%,1,
Contact STARLINK-5057 - STARLINK-2228,0.000,86400.000,0.0000%,0,
Contact STARLINK-5057 - STARLINK-1736,407.143,85992.857,0.4712%,1,
Contact STARLINK-5057 - STARLINK-6372,470.555,85929.445,0.5446%,1,
Contact STARLINK-5057 - STARLINK-30425,1427.066,84972.934,1.6517%,2,
Contact STARLINK-5057 - STARLINK-4772,0.000,86400.000,0.0000%,0,
Contact STARLINK-5057 - STARLINK-3346,0.000,86400.000,0.0000%,0,
Contact STARLINK-5057 - STARLINK-30320,0.000,86400.000,0.0000%,0,
Contact STARLINK-5057 - STARLINK-31919,0.000,86400.000,0.0000%,0,
Contact STARLINK-5057 - STARLINK-31639,0.000,86400.000,0.0000%,0,
Contact STARLINK-5057 - STARLINK-31600,0.000,86400.000,0.0000%,0,
Contact STARLINK-5057 - STARLINK-4687,86400.000,0.000,100.0000%,1,
Contact STARLINK-5057 - STARLINK-5978,68680.326,17719.674,79.4911%,6,
Contact STARLINK-5057 - STARLINK-30613,0.000,86400.000,0.0000%,0,
Contact STARLINK-5057 - STARLINK-31764,0.000,86400.000,0.0000%,0,
Contact STARLINK-5057 - STARLINK-4402,75405.099,10994.901,87.2744%,7,
Contact STARLINK-5057 - STARLINK-31502,45365.665,41034.335,52.5066%,6,
Contact STARLINK-5057 - STARLINK-5618,0.000,86400.000,0.0000%,0,
Contact STARLINK-5057 - STARLINK-6255,0.000,86400.000,0.0000%,0,
Contact STARLINK-5057 - STARLINK-3898,0.000,86400.000,0.0000%,0,
Contact STARLINK-5057 - STARLINK-30842,0.000,86400.000,0.0000%,0,
Contact STARLINK-5057 - STARLINK-4631,86400.000,0.000,100.0000%,1,
Contact STARLINK-5057 - STARLINK-31539,0.000,86400.000,0.0000%,0,
Contact STARLINK-5057 - STARLINK-5807,242.465,86157.535,0.2806%,1,
Contact STARLINK-5057 - STARLINK-31722,38850.609,47549.391,44.9660%,1,
Contact STARLINK-5057 - STARLINK-1581,7154.559,79245.441,8.2807%,6,
Contact STARLINK-5057 - STARLINK-30367,0.000,86400.000,0.0000%,0,
Contact STARLINK-5057 - STARLINK-4290,0.000,86400.000,0.0000%,0,
Contact STARLINK-5057 - STARLINK-5151,0.000,86400.000,0.0000%,0,
Contact STARLINK-5057 - STARLINK-6142,0.000,86400.000,0.0000%,0,
Contact STARLINK-5057 - STARLINK-2388,0.000,86400.000,0.0000%,0,
Contact STARLINK-5057 - STARLINK-3167,86400.000,0.000,100.0000%,1,
Contact STARLINK-5057 - STARLINK-1700,0.000,86400.000,0.0000%,0,
Contact STARLINK-5057 - STARLINK-5049,0.000,86400.000,0.0000%,0,
Contact STARLINK-5057 - STARLINK-31463,0.000,86400.000,0.0000%,0,
Contact STARLINK-5057 - MoonARTEMIS1,64362.693,22037.307,74.4939%,9,
Contact STARLINK-5057 - MoonARTEMIS2,69585.256,16814.744,80.5385%,8,
Contact STARLINK-5057 - MoonIOAGEO,58529.163,27870.837,67.7421%,9,
Contact STARLINK-5057 - MoonIOAGNO,69941.770,16458.230,80.9511%,9,
Contact STARLINK-5057 - MoonIOAGNO 0001,69928.509,16471.491,80.9358%,9,
Contact STARLINK-5057 - MoonIOAGSO,65477.944,20922.056,75.7847%,8,
Contact STARLINK-5057 - MoonIOAGSO 0001,60590.740,25809.260,70.1282%,8,
Contact STARLINK-5057 - MoonLRO,32706.700,53693.300,37.8550%,8,
Contact STARLINK-5057 - MarsSat1,55023.250,31376.750,63.6843%,9,
Contact STARLINK-5057 - MarsSat2,55023.239,31376.761,63.6843%,9,
Contact STARLINK-5057 - MarsSat3,55023.263,31376.737,63.6843%,9,
Contact STARLINK-5057 - MarsSat4,53256.083,33143.917,61.6390%,9,
Contact STARLINK-5576 - STARLINK-30214,0.000,86400.000,0.0000%,0,
Contact STARLINK-5576 - STARLINK-30611,13175.906,73224.094,15.2499%,5,
Contact STARLINK-5576 - STARLINK-30190,20032.212,66367.788,23.1854%,5,
Contact STARLINK-5576 - STARLINK-5215,3903.200,82496.800,4.5176%,7,
Contact STARLINK-5576 - STARLINK-4125,0.000,86400.000,0.0000%,0,
Contact STARLINK-5576 - STARLINK-32081,2197.784,84202.216,2.5437%,3,
Contact STARLINK-5576 - STARLINK-1301,0.000,86400.000,0.0000%,0,
Contact STARLINK-5576 - STARLINK-4651,0.000,86400.000,0.0000%,0,
Contact STARLINK-5576 - STARLINK-31617,0.000,86400.000,0.0000%,0,
Contact STARLINK-5576 - STARLINK-2751,0.000,86400.000,0.0000%,0,
Contact STARLINK-5576 - STARLINK-1015,86400.000,0.000,100.0000%,1,
Contact STARLINK-5576 - STARLINK-5765,5780.038,80619.962,6.6899%,5,
Contact STARLINK-5576 - STARLINK-32235,0.000,86400.000,0.0000%,0,
Contact STARLINK-5576 - STARLINK-11266 [DTC],6013.056,80386.944,6.9596%,4,
Contact STARLINK-5576 - STARLINK-30355,11371.232,75028.768,13.1611%,7,
Contact STARLINK-5576 - STARLINK-30316,35139.522,51260.478,40.6707%,5,
Contact STARLINK-5576 - STARLINK-2602,20741.367,65658.633,24.0062%,3,
Contact STARLINK-5576 - STARLINK-6044,0.000,86400.000,0.0000%,0,
Contact STARLINK-5576 - STARLINK-32254,0.000,86400.000,0.0000%,0,
Contact STARLINK-5576 - STARLINK-4617,0.000,86400.000,0.0000%,0,
Contact STARLINK-5576 - STARLINK-30472,0.000,86400.000,0.0000%,0,
Contact STARLINK-5576 - STARLINK-30196,0.000,86400.000,0.0000%,0,
Contact STARLINK-5576 - STARLINK-30825,0.000,86400.000,0.0000%,0,
Contact STARLINK-5576 - STARLINK-31627,0.000,86400.000,0.0000%,0,
Contact STARLINK-5576 - STARLINK-3182,0.000,86400.000,0.0000%,0,
Contact STARLINK-5576 - STARLINK-4413,33142.316,53257.684,38.3592%,7,
Contact STARLINK-5576 - STARLINK-31407,39879.315,46520.685,46.1566%,1,
Contact STARLINK-5576 - STARLINK-30171,86400.000,0.000,100.0000%,1,
Contact STARLINK-5576 - STARLINK-5660,86400.000,0.000,100.0000%,1,
Contact STARLINK-5576 - STARLINK-32094,10992.580,75407.420,12.7229%,5,
Contact STARLINK-5576 - STARLINK-4127,0.000,86400.000,0.0000%,0,
Contact STARLINK-5576 - STARLINK-30331,0.000,86400.000,0.0000%,0,
Contact STARLINK-5576 - STARLINK-31827,0.000,86400.000,0.0000%,0,
Contact STARLINK-5576 - STARLINK-30767,12029.022,74370.978,13.9225%,7,
Contact STARLINK-5576 - STARLINK-31800,11332.195,75067.805,13.1160%,1,
Contact STARLINK-5576 - STARLINK-4254,82106.061,4293.939,95.0302%,7,
Contact STARLINK-5576 - STARLINK-3533,2435.136,83964.864,2.8184%,5,
Contact STARLINK-5576 - STARLINK-31987,0.000,86400.000,0.0000%,0,
Contact STARLINK-5576 - STARLINK-6311,0.000,86400.000,0.0000%,0,
Contact STARLINK-5576 - STARLINK-31021,0.000,86400.000,0.0000%,0,
Contact STARLINK-5576 - STARLINK-2228,4548.743,81851.257,5.2647%,2,
Contact STARLINK-5576 - STARLINK-1736,0.000,86400.000,0.0000%,0,
Contact STARLINK-5576 - STARLINK-6372,0.000,86400.000,0.0000%,0,
Contact STARLINK-5576 - STARLINK-30425,0.000,86400.000,0.0000%,0,
Contact STARLINK-5576 - STARLINK-4772,14708.153,71691.847,17.0233%,6,
Contact STARLINK-5576 - STARLINK-3346,0.000,86400.000,0.0000%,0,
Contact STARLINK-5576 - STARLINK-30320,15651.957,70748.043,18.1157%,4,
Contact STARLINK-5576 - STARLINK-31919,12296.584,74103.416,14.2322%,4,
Contact STARLINK-5576 - STARLINK-31639,56353.574,30046.426,65.2240%,5,
Contact STARLINK-5576 - STARLINK-31600,42240.844,44159.156,48.8899%,1,
Contact STARLINK-5576 - STARLINK-4687,1082.862,85317.138,1.2533%,2,
Contact STARLINK-5576 - STARLINK-5978,0.000,86400.000,0.0000%,0,
Contact STARLINK-5576 - STARLINK-30613,621.853,85778.147,0.7197%,3,
Contact STARLINK-5576 - STARLINK-31764,25554.018,60845.982,29.5764%,1,
Contact STARLINK-5576 - STARLINK-4402,4332.587,82067.413,5.0146%,6,
Contact STARLINK-5576 - STARLINK-31502,20253.340,66146.660,23.4414%,2,
Contact STARLINK-5576 - STARLINK-5618,21248.287,65151.713,24.5929%,7,
Contact STARLINK-5576 - STARLINK-6255,0.000,86400.000,0.0000%,0,
Contact STARLINK-5576 - STARLINK-3898,0.000,86400.000,0.0000%,0,
Contact STARLINK-5576 - STARLINK-30842,0.000,86400.000,0.0000%,0,
Contact STARLINK-5576 - STARLINK-4631,4081.766,82318.234,4.7243%,6,
Contact STARLINK-5576 - STARLINK-31539,549.386,85850.614,0.6359%,1,
Contact STARLINK-5576 - STARLINK-5807,0.000,86400.000,0.0000%,0,
Contact STARLINK-5576 - STARLINK-31722,1383.260,85016.740,1.6010%,3,
Contact STARLINK-5576 - STARLINK-1581,0.000,86400.000,0.0000%,0,
Contact STARLINK-5576 - STARLINK-30367,0.000,86400.000,0.0000%,0,
Contact STARLINK-5576 - STARLINK-4290,0.000,86400.000,0.0000%,0,
Contact STARLINK-5576 - STARLINK-5151,481.732,85918.268,0.5576%,1,
Contact STARLINK-5576 - STARLINK-6142,86400.000,0.000,100.0000%,1,
Contact STARLINK-5576 - STARLINK-2388,0.000,86400.000,0.0000%,0,
Contact STARLINK-5576 - STARLINK-3167,0.000,86400.000,0.0000%,0,
Contact STARLINK-5576 - STARLINK-1700,0.000,86400.000,0.0000%,0,
Contact STARLINK-5576 - STARLINK-5049,84976.809,1423.191,98.3528%,5,
Contact STARLINK-5576 - STARLINK-31463,0.000,86400.000,0.0000%,0,
Contact STARLINK-5576 - MoonARTEMIS1,72759.012,13640.988,84.2118%,6,
Contact STARLINK-5576 - MoonARTEMIS2,70987.304,15412.696,82.1612%,6,
Contact STARLINK-5576 - MoonIOAGEO,68437.149,17962.851,79.2097%,6,
Contact STARLINK-5576 - MoonIOAGNO,76894.083,9505.917,88.9978%,6,
Contact STARLINK-5576 - MoonIOAGNO 0001,76865.662,9534.338,88.9649%,6,
Contact STARLINK-5576 - MoonIOAGSO,66820.379,19579.621,77.3384%,7,
Contact STARLINK-5576 - MoonIOAGSO 0001,72141.597,14258.403,83.4972%,6,
Contact STARLINK-5576 - MoonLRO,40885.562,45514.438,47.3213%,8,
Contact STARLINK-5576 - MarsSat1,67561.622,18838.378,78.1963%,10,
Contact STARLINK-5576 - MarsSat2,67561.717,18838.283,78.1964%,10,
Contact STARLINK-5576 - MarsSat3,67561.610,18838.390,78.1963%,10,
Contact STARLINK-5576 - MarsSat4,60175.921,26224.079,69.6481%,10,
Contact STARLINK-30214 - STARLINK-30611,0.000,86400.000,0.0000%,0,
Contact STARLINK-30214 - STARLINK-30190,0.000,86400.000,0.0000%,0,
Contact STARLINK-30214 - STARLINK-5215,0.000,86400.000,0.0000%,0,
Contact STARLINK-30214 - STARLINK-4125,0.000,86400.000,0.0000%,0,
Contact STARLINK-30214 - STARLINK-32081,0.000,86400.000,0.0000%,0,
Contact STARLINK-30214 - STARLINK-1301,0.000,86400.000,0.0000%,0,
Contact STARLINK-30214 - STARLINK-4651,18174.445,68225.555,21.0352%,7,
Contact STARLINK-30214 - STARLINK-31617,11476.332,74923.668,13.2828%,2,
Contact STARLINK-30214 - STARLINK-2751,0.000,86400.000,0.0000%,0,
Contact STARLINK-30214 - STARLINK-1015,0.000,86400.000,0.0000%,0,
Contact STARLINK-30214 - STARLINK-5765,57452.912,28947.088,66.4964%,2,
Contact STARLINK-30214 - STARLINK-32235,6818.020,79581.980,7.8912%,1,
Contact STARLINK-30214 - STARLINK-11266 [DTC],5961.259,80438.741,6.8996%,4,
Contact STARLINK-30214 - STARLINK-30355,11421.100,74978.900,13.2189%,5,
Contact STARLINK-30214 - STARLINK-30316,18686.871,67713.129,21.6283%,1,
Contact STARLINK-30214 - STARLINK-2602,6026.232,80373.768,6.9748%,4,
Contact STARLINK-30214 - STARLINK-6044,0.000,86400.000,0.0000%,0,
Contact STARLINK-30214 - STARLINK-32254,11081.049,75318.951,12.8253%,7,
Contact STARLINK-30214 - STARLINK-4617,0.000,86400.000,0.0000%,0,
Contact STARLINK-30214 - STARLINK-30472,0.000,86400.000,0.0000%,0,
Contact STARLINK-30214 - STARLINK-30196,0.000,86400.000,0.0000%,0,
Contact STARLINK-30214 - STARLINK-30825,4705.615,81694.385,5.4463%,6,
Contact STARLINK-30214 - STARLINK-31627,48506.739,37893.261,56.1421%,1,
Contact STARLINK-30214 - STARLINK-3182,6801.790,79598.210,7.8724%,5,
Contact STARLINK-30214 - STARLINK-4413,337.415,86062.585,0.3905%,1,
Contact STARLINK-30214 - STARLINK-31407,0.000,86400.000,0.0000%,0,
Contact STARLINK-30214 - STARLINK-30171,0.000,86400.000,0.0000%,0,
Contact STARLINK-30214 - STARLINK-5660,0.000,86400.000,0.0000%,0,
Contact STARLINK-30214 - STARLINK-32094,21726.109,64673.891,25.1460%,2,
Contact STARLINK-30214 - STARLINK-4127,57920.618,28479.382,67.0378%,7,
Contact STARLINK-30214 - STARLINK-30331,0.000,86400.000,0.0000%,0,
Contact STARLINK-30214 - STARLINK-31827,0.000,86400.000,0.0000%,0,
Contact STARLINK-30214 - STARLINK-30767,0.000,86400.000,0.0000%,0,
Contact STARLINK-30214 - STARLINK-31800,0.000,86400.000,0.0000%,0,
Contact STARLINK-30214 - STARLINK-4254,0.000,86400.000,0.0000%,0,
Contact STARLINK-30214 - STARLINK-3533,0.000,86400.000,0.0000%,0,
Contact STARLINK-30214 - STARLINK-31987,0.000,86400.000,0.0000%,0,
Contact STARLINK-30214 - STARLINK-6311,0.000,86400.000,0.0000%,0,
Contact STARLINK-30214 - STARLINK-31021,3400.102,82999.898,3.9353%,7,
Contact STARLINK-30214 - STARLINK-2228,0.000,86400.000,0.0000%,0,
Contact STARLINK-30214 - STARLINK-1736,0.000,86400.000,0.0000%,0,
Contact STARLINK-30214 - STARLINK-6372,86400.000,0.000,100.0000%,1,
Contact STARLINK-30214 - STARLINK-30425,13426.037,72973.963,15.5394%,1,
Contact STARLINK-30214 - STARLINK-4772,7053.238,79346.762,8.1635%,6,
Contact STARLINK-30214 - STARLINK-3346,0.000,86400.000,0.0000%,0,
Contact STARLINK-30214 - STARLINK-30320,0.000,86400.000,0.0000%,0,
Contact STARLINK-30214 - STARLINK-31919,41.752,86358.248,0.0483%,1,
Contact STARLINK-30214 - STARLINK-31639,0.000,86400.000,0.0000%,0,
Contact STARLINK-30214 - STARLINK-31600,0.000,86400.000,0.0000%,0,
Contact STARLINK-30214 - STARLINK-4687,12150.112,74249.888,14.0626%,7,
Contact STARLINK-30214 - STARLINK-5978,0.000,86400.000,0.0000%,0,
Contact STARLINK-30214 - STARLINK-30613,0.000,86400.000,0.0000%,0,
Contact STARLINK-30214 - STARLINK-31764,0.000,86400.000,0.0000%,0,
Contact STARLINK-30214 - STARLINK-4402,4960.294,81439.706,5.7411%,7,
Contact STARLINK-30214 - STARLINK-31502,13126.180,73273.820,15.1923%,5,
Contact STARLINK-30214 - STARLINK-5618,0.000,86400.000,0.0000%,0,
Contact STARLINK-30214 - STARLINK-6255,0.000,86400.000,0.0000%,0,
Contact STARLINK-30214 - STARLINK-3898,0.000,86400.000,0.0000%,0,
Contact STARLINK-30214 - STARLINK-30842,0.000,86400.000,0.0000%,0,
Contact STARLINK-30214 - STARLINK-4631,6172.573,80227.427,7.1442%,7,
Contact STARLINK-30214 - STARLINK-31539,0.000,86400.000,0.0000%,0,
Contact STARLINK-30214 - STARLINK-5807,3097.828,83302.172,3.5854%,6,
Contact STARLINK-30214 - STARLINK-31722,7401.746,78998.254,8.5668%,5,
Contact STARLINK-30214 - STARLINK-1581,43120.846,43279.154,49.9084%,2,
Contact STARLINK-30214 - STARLINK-30367,0.000,86400.000,0.0000%,0,
Contact STARLINK-30214 - STARLINK-4290,76307.892,10092.108,88.3193%,1,
Contact STARLINK-30214 - STARLINK-5151,0.000,86400.000,0.0000%,0,
Contact STARLINK-30214 - STARLINK-6142,0.000,86400.000,0.0000%,0,
Contact STARLINK-30214 - STARLINK-2388,0.000,86400.000,0.0000%,0,
Contact STARLINK-30214 - STARLINK-3167,12307.524,74092.476,14.2448%,7,
Contact STARLINK-30214 - STARLINK-1700,0.000,86400.000,0.0000%,0,
Contact STARLINK-30214 - STARLINK-5049,0.000,86400.000,0.0000%,0,
Contact STARLINK-30214 - STARLINK-31463,0.000,86400.000,0.0000%,0,
Contact STARLINK-30214 - MoonARTEMIS1,70074.568,16325.432,81.1048%,6,
Contact STARLINK-30214 - MoonARTEMIS2,70487.614,15912.386,81.5829%,7,
Contact STARLINK-30214 - MoonIOAGEO,66864.224,19535.776,77.3891%,6,
Contact STARLINK-30214 - MoonIOAGNO,75735.021,10664.979,87.6563%,6,
Contact STARLINK-30214 - MoonIOAGNO 0001,75742.913,10657.087,87.6654%,6,
Contact STARLINK-30214 - MoonIOAGSO,68370.663,18029.337,79.1327%,6,
Contact STARLINK-30214 - MoonIOAGSO 0001,66668.816,19731.184,77.1630%,7,
Contact STARLINK-30214 - MoonLRO,37327.978,49072.022,43.2037%,9,
Contact STARLINK-30214 - MarsSat1,67276.669,19123.331,77.8665%,9,
Contact STARLINK-30214 - MarsSat2,67276.676,19123.324,77.8665%,9,
Contact STARLINK-30214 - MarsSat3,67276.694,19123.306,77.8665%,9,
Contact STARLINK-30214 - MarsSat4,63716.532,22683.468,73.7460%,9,
Contact STARLINK-30611 - STARLINK-30190,5572.308,80827.692,6.4494%,3,
Contact STARLINK-30611 - STARLINK-5215,86400.000,0.000,100.0000%,1,
Contact STARLINK-30611 - STARLINK-4125,8037.524,78362.476,9.3027%,6,
Contact STARLINK-30611 - STARLINK-32081,8446.910,77953.090,9.7765%,7,
Contact STARLINK-30611 - STARLINK-1301,0.000,86400.000,0.0000%,0,
Contact STARLINK-30611 - STARLINK-4651,0.000,86400.000,0.0000%,0,
Contact STARLINK-30611 - STARLINK-31617,0.000,86400.000,0.0000%,0,
Contact STARLINK-30611 - STARLINK-2751,61243.557,25156.443,70.8837%,1,
Contact STARLINK-30611 - STARLINK-1015,7334.569,79065.431,8.4891%,6,
Contact STARLINK-30611 - STARLINK-5765,4179.486,82220.514,4.8374%,1,
Contact STARLINK-30611 - STARLINK-32235,0.000,86400.000,0.0000%,0,
Contact STARLINK-30611 - STARLINK-11266 [DTC],0.000,86400.000,0.0000%,0,
Contact STARLINK-30611 - STARLINK-30355,0.000,86400.000,0.0000%,0,
Contact STARLINK-30611 - STARLINK-30316,44414.978,41985.022,51.4062%,3,
Contact STARLINK-30611 - STARLINK-2602,0.000,86400.000,0.0000%,0,
Contact STARLINK-30611 - STARLINK-6044,0.000,86400.000,0.0000%,0,
Contact STARLINK-30611 - STARLINK-32254,0.000,86400.000,0.0000%,0,
Contact STARLINK-30611 - STARLINK-4617,0.000,86400.000,0.0000%,0,
Contact STARLINK-30611 - STARLINK-30472,0.000,86400.000,0.0000%,0,
Contact STARLINK-30611 - STARLINK-30196,0.000,86400.000,0.0000%,0,
Contact STARLINK-30611 - STARLINK-30825,0.000,86400.000,0.0000%,0,
Contact STARLINK-30611 - STARLINK-31627,0.000,86400.000,0.0000%,0,
Contact STARLINK-30611 - STARLINK-3182,0.000,86400.000,0.0000%,0,
Contact STARLINK-30611 - STARLINK-4413,4335.161,82064.839,5.0175%,7,
Contact STARLINK-30611 - STARLINK-31407,45776.239,40623.761,52.9818%,7,
Contact STARLINK-30611 - STARLINK-30171,14521.221,71878.779,16.8070%,7,
Contact STARLINK-30611 - STARLINK-5660,25544.548,60855.452,29.5654%,5,
Contact STARLINK-30611 - STARLINK-32094,14666.303,71733.697,16.9749%,1,
Contact STARLINK-30611 - STARLINK-4127,0.000,86400.000,0.0000%,0,
Contact STARLINK-30611 - STARLINK-30331,0.000,86400.000,0.0000%,0,
Contact STARLINK-30611 - STARLINK-31827,0.000,86400.000,0.0000%,0,
Contact STARLINK-30611 - STARLINK-30767,2009.318,84390.682,2.3256%,2,
Contact STARLINK-30611 - STARLINK-31800,236.550,86163.450,0.2738%,1,
Contact STARLINK-30611 - STARLINK-4254,74756.295,11643.705,86.5235%,1,
Contact STARLINK-30611 - STARLINK-3533,15732.869,70667.131,18.2093%,4,
Contact STARLINK-30611 - STARLINK-31987,0.000,86400.000,0.0000%,0,
Contact STARLINK-30611 - STARLINK-6311,28786.652,57613.348,33.3179%,1,
Contact STARLINK-30611 - STARLINK-31021,0.000,86400.000,0.0000%,0,
Contact STARLINK-30611 - STARLINK-2228,47489.292,38910.708,54.9645%,3,
Contact STARLINK-30611 - STARLINK-1736,0.000,86400.000,0.0000%,0,
Contact STARLINK-30611 - STARLINK-6372,0.000,86400.000,0.0000%,0,
Contact STARLINK-30611 - STARLINK-30425,0.000,86400.000,0.0000%,0,
Contact STARLINK-30611 - STARLINK-4772,0.000,86400.000,0.0000%,0,
Contact STARLINK-30611 - STARLINK-3346,0.000,86400.000,0.0000%,0,
Contact STARLINK-30611 - STARLINK-30320,86400.000,0.000,100.0000%,1,
Contact STARLINK-30611 - STARLINK-31919,2211.007,84188.993,2.5590%,4,
Contact STARLINK-30611 - STARLINK-31639,86400.000,0.000,100.0000%,1,
Contact STARLINK-30611 - STARLINK-31600,8620.101,77779.899,9.9770%,7,
Contact STARLINK-30611 - STARLINK-4687,0.000,86400.000,0.0000%,0,
Contact STARLINK-30611 - STARLINK-5978,0.000,86400.000,0.0000%,0,
Contact STARLINK-30611 - STARLINK-30613,7031.212,79368.788,8.1380%,5,
Contact STARLINK-30611 - STARLINK-31764,10969.853,75430.147,12.6966%,6,
Contact STARLINK-30611 - STARLINK-4402,1171.604,85228.396,1.3560%,3,
Contact STARLINK-30611 - STARLINK-31502,0.000,86400.000,0.0000%,0,
Contact STARLINK-30611 - STARLINK-5618,46008.284,40391.716,53.2503%,1,
Contact STARLINK-30611 - STARLINK-6255,59102.070,27297.930,68.4052%,1,
Contact STARLINK-30611 - STARLINK-3898,55658.742,30741.258,64.4198%,1,
Contact STARLINK-30611 - STARLINK-30842,0.000,86400.000,0.0000%,0,
Contact STARLINK-30611 - STARLINK-4631,0.000,86400.000,0.0000%,0,
Contact STARLINK-30611 - STARLINK-31539,18217.942,68182.058,21.0856%,7,
Contact STARLINK-30611 - STARLINK-5807,0.000,86400.000,0.0000%,0,
Contact STARLINK-30611 - STARLINK-31722,0.000,86400.000,0.0000%,0,
Contact STARLINK-30611 - STARLINK-1581,0.000,86400.000,0.0000%,0,
Contact STARLINK-30611 - STARLINK-30367,46104.020,40295.980,53.3611%,1,
Contact STARLINK-30611 - STARLINK-4290,0.000,86400.000,0.0000%,0,
Contact STARLINK-30611 - STARLINK-5151,12147.501,74252.499,14.0596%,7,
Contact STARLINK-30611 - STARLINK-6142,14000.914,72399.086,16.2048%,2,
Contact STARLINK-30611 - STARLINK-2388,0.000,86400.000,0.0000%,0,
Contact STARLINK-30611 - STARLINK-3167,0.000,86400.000,0.0000%,0,
Contact STARLINK-30611 - STARLINK-1700,0.000,86400.000,0.0000%,0,
Contact STARLINK-30611 - STARLINK-5049,1684.581,84715.419,1.9497%,3,
Contact STARLINK-30611 - STARLINK-31463,0.000,86400.000,0.0000%,0,
Contact STARLINK-30611 - MoonARTEMIS1,63182.453,23217.547,73.1278%,9,
Contact STARLINK-30611 - MoonARTEMIS2,65329.073,21070.927,75.6124%,8,
Contact STARLINK-30611 - MoonIOAGEO,57552.649,28847.351,66.6119%,8,
Contact STARLINK-30611 - MoonIOAGNO,68806.297,17593.703,79.6369%,9,
Contact STARLINK-30611 - MoonIOAGNO 0001,63192.200,23207.800,73.1391%,9,
Contact STARLINK-30611 - MoonIOAGSO,62563.122,23836.878,72.4110%,9,
Contact STARLINK-30611 - MoonIOAGSO 0001,62256.068,24143.932,72.0556%,9,
Contact STARLINK-30611 - MoonLRO,21745.476,64654.524,25.1684%,8,
Contact STARLINK-30611 - MarsSat1,74585.682,11814.318,86.3260%,8,
Contact STARLINK-30611 - MarsSat2,74585.322,11814.678,86.3256%,8,
Contact STARLINK-30611 - MarsSat3,74585.848,11814.152,86.3262%,8,
Contact STARLINK-30611 - MarsSat4,66849.714,19550.286,77.3724%,8,
Contact STARLINK-30190 - STARLINK-5215,1470.714,84929.286,1.7022%,2,
Contact STARLINK-30190 - STARLINK-4125,62124.467,24275.533,71.9033%,6,
Contact STARLINK-30190 - STARLINK-32081,35190.417,51209.583,40.7296%,1,
Contact STARLINK-30190 - STARLINK-1301,817.505,85582.495,0.9462%,2,
Contact STARLINK-30190 - STARLINK-4651,0.000,86400.000,0.0000%,0,
Contact STARLINK-30190 - STARLINK-31617,549.645,85850.355,0.6362%,1,
Contact STARLINK-30190 - STARLINK-2751,731.666,85668.334,0.8468%,1,
Contact STARLINK-30190 - STARLINK-1015,38866.937,47533.063,44.9849%,6,
Contact STARLINK-30190 - STARLINK-5765,11353.459,75046.541,13.1406%,3,
Contact STARLINK-30190 - STARLINK-32235,353.332,86046.668,0.4089%,1,
Contact STARLINK-30190 - STARLINK-11266 [DTC],14316.917,72083.083,16.5705%,2,
Contact STARLINK-30190 - STARLINK-30355,27025.510,59374.490,31.2795%,6,
Contact STARLINK-30190 - STARLINK-30316,2642.407,83757.593,3.0583%,3,
Contact STARLINK-30190 - STARLINK-2602,26364.463,60035.537,30.5144%,1,
Contact STARLINK-30190 - STARLINK-6044,0.000,86400.000,0.0000%,0,
Contact STARLINK-30190 - STARLINK-32254,0.000,86400.000,0.0000%,0,
Contact STARLINK-30190 - STARLINK-4617,446.507,85953.493,0.5168%,1,
Contact STARLINK-30190 - STARLINK-30472,0.000,86400.000,0.0000%,0,
Contact STARLINK-30190 - STARLINK-30196,0.000,86400.000,0.0000%,0,
Contact STARLINK-30190 - STARLINK-30825,0.000,86400.000,0.0000%,0,
Contact STARLINK-30190 - STARLINK-31627,0.000,86400.000,0.0000%,0,
Contact STARLINK-30190 - STARLINK-3182,0.000,86400.000,0.0000%,0,
Contact STARLINK-30190 - STARLINK-4413,0.000,86400.000,0.0000%,0,
Contact STARLINK-30190 - STARLINK-31407,11697.059,74702.941,13.5383%,3,
Contact STARLINK-30190 - STARLINK-30171,64189.385,22210.615,74.2933%,7,
Contact STARLINK-30190 - STARLINK-5660,24441.046,61958.954,28.2882%,6,
Contact STARLINK-30190 - STARLINK-32094,9229.671,77170.329,10.6825%,4,
Contact STARLINK-30190 - STARLINK-4127,0.000,86400.000,0.0000%,0,
Contact STARLINK-30190 - STARLINK-30331,0.000,86400.000,0.0000%,0,
Contact STARLINK-30190 - STARLINK-31827,0.000,86400.000,0.0000%,0,
Contact STARLINK-30190 - STARLINK-30767,71143.891,15256.109,82.3425%,2,
Contact STARLINK-30190 - STARLINK-31800,8598.469,77801.531,9.9519%,3,
Contact STARLINK-30190 - STARLINK-4254,5647.817,80752.183,6.5368%,6,
Contact STARLINK-30190 - STARLINK-3533,21866.118,64533.882,25.3080%,4,
Contact STARLINK-30190 - STARLINK-31987,0.000,86400.000,0.0000%,0,
Contact STARLINK-30190 - STARLINK-6311,0.000,86400.000,0.0000%,0,
Contact STARLINK-30190 - STARLINK-31021,0.000,86400.000,0.0000%,0,
Contact STARLINK-30190 - STARLINK-2228,1151.738,85248.262,1.3330%,1,
Contact STARLINK-30190 - STARLINK-1736,675.327,85724.673,0.7816%,1,
Contact STARLINK-30190 - STARLINK-6372,2085.540,84314.460,2.4138%,3,
Contact STARLINK-30190 - STARLINK-30425,798.867,85601.133,0.9246%,1,
Contact STARLINK-30190 - STARLINK-4772,31120.953,55279.047,36.0196%,1,
Contact STARLINK-30190 - STARLINK-3346,8410.030,77989.970,9.7338%,3,
Contact STARLINK-30190 - STARLINK-30320,2639.170,83760.830,3.0546%,3,
Contact STARLINK-30190 - STARLINK-31919,40401.596,45998.404,46.7611%,1,
Contact STARLINK-30190 - STARLINK-31639,4085.459,82314.541,4.7285%,5,
Contact STARLINK-30190 - STARLINK-31600,35578.559,50821.441,41.1789%,1,
Contact STARLINK-30190 - STARLINK-4687,0.000,86400.000,0.0000%,0,
Contact STARLINK-30190 - STARLINK-5978,0.000,86400.000,0.0000%,0,
Contact STARLINK-30190 - STARLINK-30613,60875.717,25524.283,70.4580%,1,
Contact STARLINK-30190 - STARLINK-31764,12066.514,74333.486,13.9659%,4,
Contact STARLINK-30190 - STARLINK-4402,0.000,86400.000,0.0000%,0,
Contact STARLINK-30190 - STARLINK-31502,11893.390,74506.610,13.7655%,1,
Contact STARLINK-30190 - STARLINK-5618,15717.516,70682.484,18.1916%,5,
Contact STARLINK-30190 - STARLINK-6255,806.082,85593.918,0.9330%,1,
Contact STARLINK-30190 - STARLINK-3898,630.170,85769.830,0.7294%,1,
Contact STARLINK-30190 - STARLINK-30842,0.000,86400.000,0.0000%,0,
Contact STARLINK-30190 - STARLINK-4631,0.000,86400.000,0.0000%,0,
Contact STARLINK-30190 - STARLINK-31539,10564.137,75835.863,12.2270%,2,
Contact STARLINK-30190 - STARLINK-5807,0.000,86400.000,0.0000%,0,
Contact STARLINK-30190 - STARLINK-31722,20857.194,65542.806,24.1403%,3,
Contact STARLINK-30190 - STARLINK-1581,1402.780,84997.220,1.6236%,2,
Contact STARLINK-30190 - STARLINK-30367,0.000,86400.000,0.0000%,0,
Contact STARLINK-30190 - STARLINK-4290,3114.298,83285.702,3.6045%,4,
Contact STARLINK-30190 - STARLINK-5151,28973.197,57426.803,33.5338%,1,
Contact STARLINK-30190 - STARLINK-6142,3449.199,82950.801,3.9921%,4,
Contact STARLINK-30190 - STARLINK-2388,0.000,86400.000,0.0000%,0,
Contact STARLINK-30190 - STARLINK-3167,0.000,86400.000,0.0000%,0,
Contact STARLINK-30190 - STARLINK-1700,0.000,86400.000,0.0000%,0,
Contact STARLINK-30190 - STARLINK-5049,61186.856,25213.144,70.8181%,2,
Contact STARLINK-30190 - STARLINK-31463,0.000,86400.000,0.0000%,0,
Contact STARLINK-30190 - MoonARTEMIS1,61899.202,24500.798,71.6426%,9,
Contact STARLINK-30190 - MoonARTEMIS2,59605.007,26794.993,68.9873%,10,
Contact STARLINK-30190 - MoonIOAGEO,55567.424,30832.576,64.3141%,9,
Contact STARLINK-30190 - MoonIOAGNO,65497.420,20902.580,75.8072%,10,
Contact STARLINK-30190 - MoonIOAGNO 0001,65486.489,20913.511,75.7945%,10,
Contact STARLINK-30190 - MoonIOAGSO,53857.286,32542.714,62.3348%,10,
Contact STARLINK-30190 - MoonIOAGSO 0001,60718.418,25681.582,70.2759%,9,
Contact STARLINK-30190 - MoonLRO,18161.102,68238.898,21.0198%,6,
Contact STARLINK-30190 - MarsSat1,67411.373,18988.627,78.0224%,10,
Contact STARLINK-30190 - MarsSat2,67411.446,18988.554,78.0225%,10,
Contact STARLINK-30190 - MarsSat3,67411.396,18988.604,78.0224%,10,
Contact STARLINK-30190 - MarsSat4,58300.944,28099.056,67.4779%,10,
Contact STARLINK-5215 - STARLINK-4125,8214.609,78185.391,9.5076%,6,
Contact STARLINK-5215 - STARLINK-32081,12605.619,73794.381,14.5898%,4,
Contact STARLINK-5215 - STARLINK-1301,0.000,86400.000,0.0000%,0,
Contact STARLINK-5215 - STARLINK-4651,0.000,86400.000,0.0000%,0,
Contact STARLINK-5215 - STARLINK-31617,0.000,86400.000,0.0000%,0,
Contact STARLINK-5215 - STARLINK-2751,86400.000,0.000,100.0000%,1,
Contact STARLINK-5215 - STARLINK-1015,4098.635,82301.365,4.7438%,7,
Contact STARLINK-5215 - STARLINK-5765,0.000,86400.000,0.0000%,0,
Contact STARLINK-5215 - STARLINK-32235,0.000,86400.000,0.0000%,0,
Contact STARLINK-5215 - STARLINK-11266 [DTC],571.068,85828.932,0.6610%,1,
Contact STARLINK-5215 - STARLINK-30355,0.000,86400.000,0.0000%,0,
Contact STARLINK-5215 - STARLINK-30316,41834.408,44565.592,48.4195%,3,
Contact STARLINK-5215 - STARLINK-2602,0.000,86400.000,0.0000%,0,
Contact STARLINK-5215 - STARLINK-6044,0.000,86400.000,0.0000%,0,
Contact STARLINK-5215 - STARLINK-32254,0.000,86400.000,0.0000%,0,
Contact STARLINK-5215 - STARLINK-4617,0.000,86400.000,0.0000%,0,
Contact STARLINK-5215 - STARLINK-30472,0.000,86400.000,0.0000%,0,
Contact STARLINK-5215 - STARLINK-30196,0.000,86400.000,0.0000%,0,
Contact STARLINK-5215 - STARLINK-30825,0.000,86400.000,0.0000%,0,
Contact STARLINK-5215 - STARLINK-31627,0.000,86400.000,0.0000%,0,
Contact STARLINK-5215 - STARLINK-3182,0.000,86400.000,0.0000%,0,
Contact STARLINK-5215 - STARLINK-4413,3185.849,83214.151,3.6873%,6,
Contact STARLINK-5215 - STARLINK-31407,9075.235,77324.765,10.5037%,7,
Contact STARLINK-5215 - STARLINK-30171,8665.409,77734.591,10.0294%,7,
Contact STARLINK-5215 - STARLINK-5660,17459.058,68940.942,20.2072%,7,
Contact STARLINK-5215 - STARLINK-32094,35227.704,51172.296,40.7728%,1,
Contact STARLINK-5215 - STARLINK-4127,0.000,86400.000,0.0000%,0,
Contact STARLINK-5215 - STARLINK-30331,0.000,86400.000,0.0000%,0,
Contact STARLINK-5215 - STARLINK-31827,15370.381,71029.619,17.7898%,1,
Contact STARLINK-5215 - STARLINK-30767,0.000,86400.000,0.0000%,0,
Contact STARLINK-5215 - STARLINK-31800,5962.496,80437.504,6.9010%,4,
Contact STARLINK-5215 - STARLINK-4254,74881.627,11518.373,86.6686%,7,
Contact STARLINK-5215 - STARLINK-3533,12018.751,74381.249,13.9106%,7,
Contact STARLINK-5215 - STARLINK-31987,3991.582,82408.418,4.6199%,1,
Contact STARLINK-5215 - STARLINK-6311,0.000,86400.000,0.0000%,0,
Contact STARLINK-5215 - STARLINK-31021,0.000,86400.000,0.0000%,0,
Contact STARLINK-5215 - STARLINK-2228,48695.467,37704.533,56.3605%,1,
Contact STARLINK-5215 - STARLINK-1736,0.000,86400.000,0.0000%,0,
Contact STARLINK-5215 - STARLINK-6372,0.000,86400.000,0.0000%,0,
Contact STARLINK-5215 - STARLINK-30425,0.000,86400.000,0.0000%,0,
Contact STARLINK-5215 - STARLINK-4772,0.000,86400.000,0.0000%,0,
Contact STARLINK-5215 - STARLINK-3346,1464.197,84935.803,1.6947%,4,
Contact STARLINK-5215 - STARLINK-30320,58925.721,27474.279,68.2011%,2,
Contact STARLINK-5215 - STARLINK-31919,2094.013,84305.987,2.4236%,3,
Contact STARLINK-5215 - STARLINK-31639,49143.551,37256.449,56.8791%,7,
Contact STARLINK-5215 - STARLINK-31600,3947.172,82452.828,4.5685%,5,
Contact STARLINK-5215 - STARLINK-4687,0.000,86400.000,0.0000%,0,
Contact STARLINK-5215 - STARLINK-5978,0.000,86400.000,0.0000%,0,
Contact STARLINK-5215 - STARLINK-30613,2733.233,83666.767,3.1635%,3,
Contact STARLINK-5215 - STARLINK-31764,15976.039,70423.961,18.4908%,5,
Contact STARLINK-5215 - STARLINK-4402,0.000,86400.000,0.0000%,0,
Contact STARLINK-5215 - STARLINK-31502,0.000,86400.000,0.0000%,0,
Contact STARLINK-5215 - STARLINK-5618,86400.000,0.000,100.0000%,1,
Contact STARLINK-5215 - STARLINK-6255,78588.267,7811.733,90.9586%,3,
Contact STARLINK-5215 - STARLINK-3898,86400.000,0.000,100.0000%,1,
Contact STARLINK-5215 - STARLINK-30842,0.000,86400.000,0.0000%,0,
Contact STARLINK-5215 - STARLINK-4631,0.000,86400.000,0.0000%,0,
Contact STARLINK-5215 - STARLINK-31539,49394.262,37005.738,57.1693%,3,
Contact STARLINK-5215 - STARLINK-5807,0.000,86400.000,0.0000%,0,
Contact STARLINK-5215 - STARLINK-31722,0.000,86400.000,0.0000%,0,
Contact STARLINK-5215 - STARLINK-1581,0.000,86400.000,0.0000%,0,
Contact STARLINK-5215 - STARLINK-30367,53088.657,33311.343,61.4452%,1,
Contact STARLINK-5215 - STARLINK-4290,0.000,86400.000,0.0000%,0,
Contact STARLINK-5215 - STARLINK-5151,23983.872,62416.128,27.7591%,7,
Contact STARLINK-5215 - STARLINK-6142,0.000,86400.000,0.0000%,0,
Contact STARLINK-5215 - STARLINK-2388,0.000,86400.000,0.0000%,0,
Contact STARLINK-5215 - STARLINK-3167,0.000,86400.000,0.0000%,0,
Contact STARLINK-5215 - STARLINK-1700,0.000,86400.000,0.0000%,0,
Contact STARLINK-5215 - STARLINK-5049,0.000,86400.000,0.0000%,0,
Contact STARLINK-5215 - STARLINK-31463,5060.286,81339.714,5.8568%,3,
Contact STARLINK-5215 - MoonARTEMIS1,61336.931,25063.069,70.9918%,10,
Contact STARLINK-5215 - MoonARTEMIS2,63556.040,22843.960,73.5602%,9,
Contact STARLINK-5215 - MoonIOAGEO,55227.966,31172.034,63.9213%,9,
Contact STARLINK-5215 - MoonIOAGNO,67068.808,19331.192,77.6259%,10,
Contact STARLINK-5215 - MoonIOAGNO 0001,67080.451,19319.549,77.6394%,10,
Contact STARLINK-5215 - MoonIOAGSO,62935.868,23464.132,72.8424%,9,
Contact STARLINK-5215 - MoonIOAGSO 0001,60089.156,26310.844,69.5476%,10,
Contact STARLINK-5215 - MoonLRO,18745.747,67654.253,21.6965%,7,
Contact STARLINK-5215 - MarsSat1,83040.135,3359.865,96.1113%,5,
Contact STARLINK-5215 - MarsSat2,83038.227,3361.773,96.1091%,5,
Contact STARLINK-5215 - MarsSat3,83039.938,3360.062,96.1110%,5,
Contact STARLINK-5215 - MarsSat4,76141.650,10258.350,88.1269%,5,
Contact STARLINK-4125 - STARLINK-32081,10498.371,75901.629,12.1509%,6,
Contact STARLINK-4125 - STARLINK-1301,1053.523,85346.477,1.2194%,2,
Contact STARLINK-4125 - STARLINK-4651,0.000,86400.000,0.0000%,0,
Contact STARLINK-4125 - STARLINK-31617,0.000,86400.000,0.0000%,0,
Contact STARLINK-4125 - STARLINK-2751,8802.973,77597.027,10.1886%,6,
Contact STARLINK-4125 - STARLINK-1015,36440.514,49959.486,42.1765%,1,
Contact STARLINK-4125 - STARLINK-5765,0.000,86400.000,0.0000%,0,
Contact STARLINK-4125 - STARLINK-32235,0.000,86400.000,0.0000%,0,
Contact STARLINK-4125 - STARLINK-11266 [DTC],3164.794,83235.206,3.6630%,4,
Contact STARLINK-4125 - STARLINK-30355,0.000,86400.000,0.0000%,0,
Contact STARLINK-4125 - STARLINK-30316,1614.856,84785.144,1.8690%,2,
Contact STARLINK-4125 - STARLINK-2602,7365.562,79034.438,8.5250%,2,
Contact STARLINK-4125 - STARLINK-6044,532.424,85867.576,0.6162%,2,
Contact STARLINK-4125 - STARLINK-32254,0.000,86400.000,0.0000%,0,
Contact STARLINK-4125 - STARLINK-4617,2308.772,84091.228,2.6722%,5,
Contact STARLINK-4125 - STARLINK-30472,0.000,86400.000,0.0000%,0,
Contact STARLINK-4125 - STARLINK-30196,0.000,86400.000,0.0000%,0,
Contact STARLINK-4125 - STARLINK-30825,0.000,86400.000,0.0000%,0,
Contact STARLINK-4125 - STARLINK-31627,0.000,86400.000,0.0000%,0,
Contact STARLINK-4125 - STARLINK-3182,0.000,86400.000,0.0000%,0,
Contact STARLINK-4125 - STARLINK-4413,0.000,86400.000,0.0000%,0,
Contact STARLINK-4125 - STARLINK-31407,44922.655,41477.345,51.9938%,6,
Contact STARLINK-4125 - STARLINK-30171,86400.000,0.000,100.0000%,1,
Contact STARLINK-4125 - STARLINK-5660,4555.724,81844.276,5.2728%,2,
Contact STARLINK-4125 - STARLINK-32094,2607.329,83792.671,3.0177%,4,
Contact STARLINK-4125 - STARLINK-4127,0.000,86400.000,0.0000%,0,
Contact STARLINK-4125 - STARLINK-30331,0.000,86400.000,0.0000%,0,
Contact STARLINK-4125 - STARLINK-31827,0.000,86400.000,0.0000%,0,
Contact STARLINK-4125 - STARLINK-30767,15865.145,70534.855,18.3624%,7,
Contact STARLINK-4125 - STARLINK-31800,25945.469,60454.531,30.0295%,4,
Contact STARLINK-4125 - STARLINK-4254,7345.467,79054.533,8.5017%,6,
Contact STARLINK-4125 - STARLINK-3533,11609.715,74790.285,13.4372%,7,
Contact STARLINK-4125 - STARLINK-31987,0.000,86400.000,0.0000%,0,
Contact STARLINK-4125 - STARLINK-6311,3684.782,82715.218,4.2648%,6,
Contact STARLINK-4125 - STARLINK-31021,0.000,86400.000,0.0000%,0,
Contact STARLINK-4125 - STARLINK-2228,1828.120,84571.880,2.1159%,3,
Contact STARLINK-4125 - STARLINK-1736,2278.702,84121.298,2.6374%,3,
Contact STARLINK-4125 - STARLINK-6372,0.000,86400.000,0.0000%,0,
Contact STARLINK-4125 - STARLINK-30425,3866.365,82533.635,4.4750%,1,
Contact STARLINK-4125 - STARLINK-4772,0.000,86400.000,0.0000%,0,
Contact STARLINK-4125 - STARLINK-3346,65936.511,20463.489,76.3154%,7,
Contact STARLINK-4125 - STARLINK-30320,7700.425,78699.575,8.9125%,6,
Contact STARLINK-4125 - STARLINK-31919,29651.340,56748.660,34.3187%,5,
Contact STARLINK-4125 - STARLINK-31639,5377.014,81022.986,6.2234%,3,
Contact STARLINK-4125 - STARLINK-31600,66888.169,19511.831,77.4169%,1,
Contact STARLINK-4125 - STARLINK-4687,0.000,86400.000,0.0000%,0,
Contact STARLINK-4125 - STARLINK-5978,0.000,86400.000,0.0000%,0,
Contact STARLINK-4125 - STARLINK-30613,34452.727,51947.273,39.8758%,7,
Contact STARLINK-4125 - STARLINK-31764,36192.616,50207.384,41.8896%,5,
Contact STARLINK-4125 - STARLINK-4402,0.000,86400.000,0.0000%,0,
Contact STARLINK-4125 - STARLINK-31502,0.000,86400.000,0.0000%,0,
Contact STARLINK-4125 - STARLINK-5618,3970.783,82429.217,4.5958%,6,
Contact STARLINK-4125 - STARLINK-6255,9561.418,76838.582,11.0665%,6,
Contact STARLINK-4125 - STARLINK-3898,11323.590,75076.410,13.1060%,6,
Contact STARLINK-4125 - STARLINK-30842,0.000,86400.000,0.0000%,0,
Contact STARLINK-4125 - STARLINK-4631,0.000,86400.000,0.0000%,0,
Contact STARLINK-4125 - STARLINK-31539,1383.540,85016.460,1.6013%,3,
Contact STARLINK-4125 - STARLINK-5807,0.000,86400.000,0.0000%,0,
Contact STARLINK-4125 - STARLINK-31722,0.000,86400.000,0.0000%,0,
Contact STARLINK-4125 - STARLINK-1581,0.000,86400.000,0.0000%,0,
Contact STARLINK-4125 - STARLINK-30367,7686.257,78713.743,8.8961%,6,
Contact STARLINK-4125 - STARLINK-4290,0.000,86400.000,0.0000%,0,
Contact STARLINK-4125 - STARLINK-5151,2371.002,84028.998,2.7442%,3,
Contact STARLINK-4125 - STARLINK-6142,0.000,86400.000,0.0000%,0,
Contact STARLINK-4125 - STARLINK-2388,0.000,86400.000,0.0000%,0,
Contact STARLINK-4125 - STARLINK-3167,0.000,86400.000,0.0000%,0,
Contact STARLINK-4125 - STARLINK-1700,0.000,86400.000,0.0000%,0,
Contact STARLINK-4125 - STARLINK-5049,31491.763,54908.237,36.4488%,2,
Contact STARLINK-4125 - STARLINK-31463,0.000,86400.000,0.0000%,0,
Contact STARLINK-4125 - MoonARTEMIS1,64396.983,22003.017,74.5335%,9,
Contact STARLINK-4125 - MoonARTEMIS2,66707.009,19692.991,77.2072%,8,
Contact STARLINK-4125 - MoonIOAGEO,60283.141,26116.859,69.7722%,8,
Contact STARLINK-4125 - MoonIOAGNO,74295.400,12104.600,85.9900%,7,
Contact STARLINK-4125 - MoonIOAGNO 0001,70323.730,16076.270,81.3932%,9,
Contact STARLINK-4125 - MoonIOAGSO,63287.844,23112.156,73.2498%,9,
Contact STARLINK-4125 - MoonIOAGSO 0001,65564.871,20835.129,75.8853%,8,
Contact STARLINK-4125 - MoonLRO,28652.936,57747.064,33.1631%,9,
Contact STARLINK-4125 - MarsSat1,71415.347,14984.653,82.6567%,9,
Contact STARLINK-4125 - MarsSat2,71415.670,14984.330,82.6570%,9,
Contact STARLINK-4125 - MarsSat3,71415.256,14984.744,82.6565%,9,
Contact STARLINK-4125 - MarsSat4,61986.706,24413.294,71.7439%,9,
Contact STARLINK-32081 - STARLINK-1301,5233.445,81166.555,6.0572%,3,
Contact STARLINK-32081 - STARLINK-4651,0.000,86400.000,0.0000%,0,
Contact STARLINK-32081 - STARLINK-31617,0.000,86400.000,0.0000%,0,
Contact STARLINK-32081 - STARLINK-2751,2350.188,84049.812,2.7201%,3,
Contact STARLINK-32081 - STARLINK-1015,1523.018,84876.982,1.7628%,2,
Contact STARLINK-32081 - STARLINK-5765,1407.807,84992.193,1.6294%,2,
Contact STARLINK-32081 - STARLINK-32235,0.000,86400.000,0.0000%,0,
Contact STARLINK-32081 - STARLINK-11266 [DTC],14124.750,72275.250,16.3481%,1,
Contact STARLINK-32081 - STARLINK-30355,13896.248,72503.752,16.0836%,3,
Contact STARLINK-32081 - STARLINK-30316,5755.763,80644.237,6.6618%,7,
Contact STARLINK-32081 - STARLINK-2602,0.000,86400.000,0.0000%,0,
Contact STARLINK-32081 - STARLINK-6044,810.656,85589.344,0.9383%,2,
Contact STARLINK-32081 - STARLINK-32254,0.000,86400.000,0.0000%,0,
Contact STARLINK-32081 - STARLINK-4617,0.000,86400.000,0.0000%,0,
Contact STARLINK-32081 - STARLINK-30472,0.000,86400.000,0.0000%,0,
Contact STARLINK-32081 - STARLINK-30196,314.610,86085.390,0.3641%,1,
Contact STARLINK-32081 - STARLINK-30825,0.000,86400.000,0.0000%,0,
Contact STARLINK-32081 - STARLINK-31627,0.000,86400.000,0.0000%,0,
Contact STARLINK-32081 - STARLINK-3182,0.000,86400.000,0.0000%,0,
Contact STARLINK-32081 - STARLINK-4413,0.000,86400.000,0.0000%,0,
Contact STARLINK-32081 - STARLINK-31407,6200.535,80199.465,7.1765%,7,
Contact STARLINK-32081 - STARLINK-30171,6864.442,79535.558,7.9450%,5,
Contact STARLINK-32081 - STARLINK-5660,2690.317,83709.683,3.1138%,3,
Contact STARLINK-32081 - STARLINK-32094,12092.389,74307.611,13.9958%,7,
Contact STARLINK-32081 - STARLINK-4127,0.000,86400.000,0.0000%,0,
Contact STARLINK-32081 - STARLINK-30331,0.000,86400.000,0.0000%,0,
Contact STARLINK-32081 - STARLINK-31827,0.000,86400.000,0.0000%,0,
Contact STARLINK-32081 - STARLINK-30767,56344.337,30055.663,65.2134%,1,
Contact STARLINK-32081 - STARLINK-31800,3867.677,82532.323,4.4765%,6,
Contact STARLINK-32081 - STARLINK-4254,8416.072,77983.928,9.7408%,7,
Contact STARLINK-32081 - STARLINK-3533,84872.712,1527.288,98.2323%,1,
Contact STARLINK-32081 - STARLINK-31987,0.000,86400.000,0.0000%,0,
Contact STARLINK-32081 - STARLINK-6311,762.233,85637.767,0.8822%,1,
Contact STARLINK-32081 - STARLINK-31021,0.000,86400.000,0.0000%,0,
Contact STARLINK-32081 - STARLINK-2228,846.580,85553.420,0.9798%,1,
Contact STARLINK-32081 - STARLINK-1736,0.000,86400.000,0.0000%,0,
Contact STARLINK-32081 - STARLINK-6372,1101.465,85298.535,1.2748%,2,
Contact STARLINK-32081 - STARLINK-30425,0.000,86400.000,0.0000%,0,
Contact STARLINK-32081 - STARLINK-4772,0.000,86400.000,0.0000%,0,
Contact STARLINK-32081 - STARLINK-3346,4668.982,81731.018,5.4039%,6,
Contact STARLINK-32081 - STARLINK-30320,4912.484,81487.516,5.6857%,7,
Contact STARLINK-32081 - STARLINK-31919,49987.460,36412.540,57.8559%,3,
Contact STARLINK-32081 - STARLINK-31639,5955.038,80444.962,6.8924%,7,
Contact STARLINK-32081 - STARLINK-31600,3081.070,83318.930,3.5661%,5,
Contact STARLINK-32081 - STARLINK-4687,0.000,86400.000,0.0000%,0,
Contact STARLINK-32081 - STARLINK-5978,0.000,86400.000,0.0000%,0,
Contact STARLINK-32081 - STARLINK-30613,63684.792,22715.208,73.7092%,1,
Contact STARLINK-32081 - STARLINK-31764,5847.773,80552.227,6.7683%,7,
Contact STARLINK-32081 - STARLINK-4402,0.000,86400.000,0.0000%,0,
Contact STARLINK-32081 - STARLINK-31502,0.000,86400.000,0.0000%,0,
Contact STARLINK-32081 - STARLINK-5618,8479.599,77920.401,9.8144%,6,
Contact STARLINK-32081 - STARLINK-6255,3560.249,82839.751,4.1207%,4,
Contact STARLINK-32081 - STARLINK-3898,1950.241,84449.759,2.2572%,3,
Contact STARLINK-32081 - STARLINK-30842,652.722,85747.278,0.7555%,1,
Contact STARLINK-32081 - STARLINK-4631,0.000,86400.000,0.0000%,0,
Contact STARLINK-32081 - STARLINK-31539,0.000,86400.000,0.0000%,0,
Contact STARLINK-32081 - STARLINK-5807,523.832,85876.168,0.6063%,1,
Contact STARLINK-32081 - STARLINK-31722,0.000,86400.000,0.0000%,0,
Contact STARLINK-32081 - STARLINK-1581,0.000,86400.000,0.0000%,0,
Contact STARLINK-32081 - STARLINK-30367,7791.099,78608.901,9.0175%,3,
Contact STARLINK-32081 - STARLINK-4290,610.756,85789.244,0.7069%,1,
Contact STARLINK-32081 - STARLINK-5151,86400.000,0.000,100.0000%,1,
Contact STARLINK-32081 - STARLINK-6142,1510.183,84889.817,1.7479%,2,
Contact STARLINK-32081 - STARLINK-2388,0.000,86400.000,0.0000%,0,
Contact STARLINK-32081 - STARLINK-3167,0.000,86400.000,0.0000%,0,
Contact STARLINK-32081 - STARLINK-1700,968.898,85431.102,1.1214%,2,
Contact STARLINK-32081 - STARLINK-5049,3977.877,82422.123,4.6040%,1,
Contact STARLINK-32081 - STARLINK-31463,0.000,86400.000,0.0000%,0,
Contact STARLINK-32081 - MoonARTEMIS1,64414.920,21985.080,74.5543%,9,
Contact STARLINK-32081 - MoonARTEMIS2,66442.399,19957.601,76.9009%,8,
Contact STARLINK-32081 - MoonIOAGEO,58313.043,28086.957,67.4919%,8,
Contact STARLINK-32081 - MoonIOAGNO,70005.608,16394.392,81.0250%,9,
Contact STARLINK-32081 - MoonIOAGNO 0001,70019.204,16380.796,81.0407%,9,
Contact STARLINK-32081 - MoonIOAGSO,65608.863,20791.137,75.9362%,8,
Contact STARLINK-32081 - MoonIOAGSO 0001,63593.872,22806.128,73.6040%,9,
Contact STARLINK-32081 - MoonLRO,24157.108,62242.892,27.9596%,9,
Contact STARLINK-32081 - MarsSat1,67399.382,19000.618,78.0085%,10,
Contact STARLINK-32081 - MarsSat2,67399.286,19000.714,78.0084%,10,
Contact STARLINK-32081 - MarsSat3,67399.352,19000.648,78.0085%,10,
Contact STARLINK-32081 - MarsSat4,57860.812,28539.188,66.9685%,10,
Contact STARLINK-1301 - STARLINK-4651,0.000,86400.000,0.0000%,0,
Contact STARLINK-1301 - STARLINK-31617,4360.990,82039.010,5.0474%,2,
Contact STARLINK-1301 - STARLINK-2751,0.000,86400.000,0.0000%,0,
Contact STARLINK-1301 - STARLINK-1015,0.000,86400.000,0.0000%,0,
Contact STARLINK-1301 - STARLINK-5765,0.000,86400.000,0.0000%,0,
Contact STARLINK-1301 - STARLINK-32235,3312.880,83087.120,3.8344%,4,
Contact STARLINK-1301 - STARLINK-11266 [DTC],0.000,86400.000,0.0000%,0,
Contact STARLINK-1301 - STARLINK-30355,0.000,86400.000,0.0000%,0,
Contact STARLINK-1301 - STARLINK-30316,0.000,86400.000,0.0000%,0,
Contact STARLINK-1301 - STARLINK-2602,0.000,86400.000,0.0000%,0,
Contact STARLINK-1301 - STARLINK-6044,84872.348,1527.652,98.2319%,3,
Contact STARLINK-1301 - STARLINK-32254,0.000,86400.000,0.0000%,0,
Contact STARLINK-1301 - STARLINK-4617,8180.579,78219.421,9.4683%,7,
Contact STARLINK-1301 - STARLINK-30472,0.000,86400.000,0.0000%,0,
Contact STARLINK-1301 - STARLINK-30196,86400.000,0.000,100.0000%,1,
Contact STARLINK-1301 - STARLINK-30825,0.000,86400.000,0.0000%,0,
Contact STARLINK-1301 - STARLINK-31627,0.000,86400.000,0.0000%,0,
Contact STARLINK-1301 - STARLINK-3182,0.000,86400.000,0.0000%,0,
Contact STARLINK-1301 - STARLINK-4413,0.000,86400.000,0.0000%,0,
Contact STARLINK-1301 - STARLINK-31407,25003.941,61396.059,28.9397%,1,
Contact STARLINK-1301 - STARLINK-30171,0.000,86400.000,0.0000%,0,
Contact STARLINK-1301 - STARLINK-5660,0.000,86400.000,0.0000%,0,
Contact STARLINK-1301 - STARLINK-32094,0.000,86400.000,0.0000%,0,
Contact STARLINK-1301 - STARLINK-4127,0.000,86400.000,0.0000%,0,
Contact STARLINK-1301 - STARLINK-30331,0.000,86400.000,0.0000%,0,
Contact STARLINK-1301 - STARLINK-31827,4789.899,81610.101,5.5439%,6,
Contact STARLINK-1301 - STARLINK-30767,0.000,86400.000,0.0000%,0,
Contact STARLINK-1301 - STARLINK-31800,54143.994,32256.006,62.6667%,1,
Contact STARLINK-1301 - STARLINK-4254,0.000,86400.000,0.0000%,0,
Contact STARLINK-1301 - STARLINK-3533,1746.194,84653.806,2.0211%,4,
Contact STARLINK-1301 - STARLINK-31987,3247.873,83152.127,3.7591%,4,
Contact STARLINK-1301 - STARLINK-6311,42579.674,43820.326,49.2820%,6,
Contact STARLINK-1301 - STARLINK-31021,0.000,86400.000,0.0000%,0,
Contact STARLINK-1301 - STARLINK-2228,5414.964,80985.036,6.2673%,3,
Contact STARLINK-1301 - STARLINK-1736,56248.391,30151.609,65.1023%,7,
Contact STARLINK-1301 - STARLINK-6372,0.000,86400.000,0.0000%,0,
Contact STARLINK-1301 - STARLINK-30425,41365.089,45034.911,47.8763%,1,
Contact STARLINK-1301 - STARLINK-4772,0.000,86400.000,0.0000%,0,
Contact STARLINK-1301 - STARLINK-3346,86400.000,0.000,100.0000%,1,
Contact STARLINK-1301 - STARLINK-30320,3989.565,82410.435,4.6176%,2,
Contact STARLINK-1301 - STARLINK-31919,1813.642,84586.358,2.0991%,2,
Contact STARLINK-1301 - STARLINK-31639,0.000,86400.000,0.0000%,0,
Contact STARLINK-1301 - STARLINK-31600,8263.360,78136.640,9.5641%,2,
Contact STARLINK-1301 - STARLINK-4687,0.000,86400.000,0.0000%,0,
Contact STARLINK-1301 - STARLINK-5978,2037.518,84362.482,2.3582%,5,
Contact STARLINK-1301 - STARLINK-30613,1335.345,85064.655,1.5455%,3,
Contact STARLINK-1301 - STARLINK-31764,39922.809,46477.191,46.2070%,1,
Contact STARLINK-1301 - STARLINK-4402,0.000,86400.000,0.0000%,0,
Contact STARLINK-1301 - STARLINK-31502,0.000,86400.000,0.0000%,0,
Contact STARLINK-1301 - STARLINK-5618,0.000,86400.000,0.0000%,0,
Contact STARLINK-1301 - STARLINK-6255,0.000,86400.000,0.0000%,0,
Contact STARLINK-1301 - STARLINK-3898,583.583,85816.417,0.6754%,1,
Contact STARLINK-1301 - STARLINK-30842,0.000,86400.000,0.0000%,0,
Contact STARLINK-1301 - STARLINK-4631,0.000,86400.000,0.0000%,0,
Contact STARLINK-1301 - STARLINK-31539,4199.489,82200.511,4.8605%,5,
Contact STARLINK-1301 - STARLINK-5807,0.000,86400.000,0.0000%,0,
Contact STARLINK-1301 - STARLINK-31722,0.000,86400.000,0.0000%,0,
Contact STARLINK-1301 - STARLINK-1581,0.000,86400.000,0.0000%,0,
Contact STARLINK-1301 - STARLINK-30367,5561.468,80838.532,6.4369%,6,
Contact STARLINK-1301 - STARLINK-4290,0.000,86400.000,0.0000%,0,
Contact STARLINK-1301 - STARLINK-5151,5114.679,81285.321,5.9198%,7,
Contact STARLINK-1301 - STARLINK-6142,0.000,86400.000,0.0000%,0,
Contact STARLINK-1301 - STARLINK-2388,0.000,86400.000,0.0000%,0,
Contact STARLINK-1301 - STARLINK-3167,0.000,86400.000,0.0000%,0,
Contact STARLINK-1301 - STARLINK-1700,0.000,86400.000,0.0000%,0,
Contact STARLINK-1301 - STARLINK-5049,0.000,86400.000,0.0000%,0,
Contact STARLINK-1301 - STARLINK-31463,5674.110,80725.890,6.5673%,4,
Contact STARLINK-1301 - MoonARTEMIS1,79541.862,6858.138,92.0623%,6,
Contact STARLINK-1301 - MoonARTEMIS2,74915.611,11484.389,86.7079%,6,
Contact STARLINK-1301 - MoonIOAGEO,71488.757,14911.243,82.7416%,6,
Contact STARLINK-1301 - MoonIOAGNO,82460.219,3939.781,95.4401%,5,
Contact STARLINK-1301 - MoonIOAGNO 0001,83326.767,3073.233,96.4430%,4,
Contact STARLINK-1301 - MoonIOAGSO,75483.590,10916.410,87.3653%,7,
Contact STARLINK-1301 - MoonIOAGSO 0001,72399.358,14000.642,83.7956%,7,
Contact STARLINK-1301 - MoonLRO,43581.301,42818.699,50.4413%,9,
Contact STARLINK-1301 - MarsSat1,67482.883,18917.117,78.1052%,10,
Contact STARLINK-1301 - MarsSat2,67482.938,18917.062,78.1053%,10,
Contact STARLINK-1301 - MarsSat3,67482.864,18917.136,78.1052%,10,
Contact STARLINK-1301 - MarsSat4,58317.466,28082.534,67.4971%,10,
Contact STARLINK-4651 - STARLINK-31617,7366.452,79033.548,8.5260%,5,
Contact STARLINK-4651 - STARLINK-2751,0.000,86400.000,0.0000%,0,
Contact STARLINK-4651 - STARLINK-1015,0.000,86400.000,0.0000%,0,
Contact STARLINK-4651 - STARLINK-5765,2374.489,84025.511,2.7483%,5,
Contact STARLINK-4651 - STARLINK-32235,2668.838,83731.162,3.0889%,3,
Contact STARLINK-4651 - STARLINK-11266 [DTC],578.426,85821.574,0.6695%,1,
Contact STARLINK-4651 - STARLINK-30355,0.000,86400.000,0.0000%,0,
Contact STARLINK-4651 - STARLINK-30316,0.000,86400.000,0.0000%,0,
Contact STARLINK-4651 - STARLINK-2602,46284.581,40115.419,53.5701%,1,
Contact STARLINK-4651 - STARLINK-6044,0.000,86400.000,0.0000%,0,
Contact STARLINK-4651 - STARLINK-32254,86400.000,0.000,100.0000%,1,
Contact STARLINK-4651 - STARLINK-4617,4650.072,81749.928,5.3820%,6,
Contact STARLINK-4651 - STARLINK-30472,0.000,86400.000,0.0000%,0,
Contact STARLINK-4651 - STARLINK-30196,0.000,86400.000,0.0000%,0,
Contact STARLINK-4651 - STARLINK-30825,86400.000,0.000,100.0000%,1,
Contact STARLINK-4651 - STARLINK-31627,7381.084,79018.916,8.5429%,6,
Contact STARLINK-4651 - STARLINK-3182,38591.887,47808.113,44.6665%,1,
Contact STARLINK-4651 - STARLINK-4413,37654.176,48745.824,43.5812%,6,
Contact STARLINK-4651 - STARLINK-31407,0.000,86400.000,0.0000%,0,
Contact STARLINK-4651 - STARLINK-30171,0.000,86400.000,0.0000%,0,
Contact STARLINK-4651 - STARLINK-5660,0.000,86400.000,0.0000%,0,
Contact STARLINK-4651 - STARLINK-32094,0.000,86400.000,0.0000%,0,
Contact STARLINK-4651 - STARLINK-4127,72112.057,14287.943,83.4630%,7,
Contact STARLINK-4651 - STARLINK-30331,21374.483,65025.517,24.7390%,6,
Contact STARLINK-4651 - STARLINK-31827,920.411,85479.589,1.0653%,1,
Contact STARLINK-4651 - STARLINK-30767,0.000,86400.000,0.0000%,0,
Contact STARLINK-4651 - STARLINK-31800,0.000,86400.000,0.0000%,0,
Contact STARLINK-4651 - STARLINK-4254,0.000,86400.000,0.0000%,0,
Contact STARLINK-4651 - STARLINK-3533,0.000,86400.000,0.0000%,0,
Contact STARLINK-4651 - STARLINK-31987,7410.790,78989.210,8.5773%,2,
Contact STARLINK-4651 - STARLINK-6311,0.000,86400.000,0.0000%,0,
Contact STARLINK-4651 - STARLINK-31021,86400.000,0.000,100.0000%,1,
Contact STARLINK-4651 - STARLINK-2228,0.000,86400.000,0.0000%,0,
Contact STARLINK-4651 - STARLINK-1736,0.000,86400.000,0.0000%,0,
Contact STARLINK-4651 - STARLINK-6372,4033.440,82366.560,4.6683%,6,
Contact STARLINK-4651 - STARLINK-30425,322.997,86077.003,0.3738%,1,
Contact STARLINK-4651 - STARLINK-4772,0.000,86400.000,0.0000%,0,
Contact STARLINK-4651 - STARLINK-3346,0.000,86400.000,0.0000%,0,
Contact STARLINK-4651 - STARLINK-30320,0.000,86400.000,0.0000%,0,
Contact STARLINK-4651 - STARLINK-31919,0.000,86400.000,0.0000%,0,
Contact STARLINK-4651 - STARLINK-31639,0.000,86400.000,0.0000%,0,
Contact STARLINK-4651 - STARLINK-31600,0.000,86400.000,0.0000%,0,
Contact STARLINK-4651 - STARLINK-4687,86400.000,0.000,100.0000%,1,
Contact STARLINK-4651 - STARLINK-5978,23642.069,62757.931,27.3635%,6,
Contact STARLINK-4651 - STARLINK-30613,0.000,86400.000,0.0000%,0,
Contact STARLINK-4651 - STARLINK-31764,0.000,86400.000,0.0000%,0,
Contact STARLINK-4651 - STARLINK-4402,78488.279,7911.721,90.8429%,7,
Contact STARLINK-4651 - STARLINK-31502,63643.739,22756.261,73.6617%,1,
Contact STARLINK-4651 - STARLINK-5618,0.000,86400.000,0.0000%,0,
Contact STARLINK-4651 - STARLINK-6255,0.000,86400.000,0.0000%,0,
Contact STARLINK-4651 - STARLINK-3898,0.000,86400.000,0.0000%,0,
Contact STARLINK-4651 - STARLINK-30842,0.000,86400.000,0.0000%,0,
Contact STARLINK-4651 - STARLINK-4631,86400.000,0.000,100.0000%,1,
Contact STARLINK-4651 - STARLINK-31539,0.000,86400.000,0.0000%,0,
Contact STARLINK-4651 - STARLINK-5807,0.000,86400.000,0.0000%,0,
Contact STARLINK-4651 - STARLINK-31722,12229.522,74170.478,14.1545%,3,
Contact STARLINK-4651 - STARLINK-1581,5147.701,81252.299,5.9580%,7,
Contact STARLINK-4651 - STARLINK-30367,0.000,86400.000,0.0000%,0,
Contact STARLINK-4651 - STARLINK-4290,3544.414,82855.586,4.1023%,6,
Contact STARLINK-4651 - STARLINK-5151,0.000,86400.000,0.0000%,0,
Contact STARLINK-4651 - STARLINK-6142,520.883,85879.117,0.6029%,1,
Contact STARLINK-4651 - STARLINK-2388,0.000,86400.000,0.0000%,0,
Contact STARLINK-4651 - STARLINK-3167,86400.000,0.000,100.0000%,1,
Contact STARLINK-4651 - STARLINK-1700,0.000,86400.000,0.0000%,0,
Contact STARLINK-4651 - STARLINK-5049,0.000,86400.000,0.0000%,0,
Contact STARLINK-4651 - STARLINK-31463,0.000,86400.000,0.0000%,0,
Contact STARLINK-4651 - MoonARTEMIS1,63186.972,23213.028,73.1331%,9,
Contact STARLINK-4651 - MoonARTEMIS2,66573.864,19826.136,77.0531%,9,
Contact STARLINK-4651 - MoonIOAGEO,57389.295,29010.705,66.4228%,9,
Contact STARLINK-4651 - MoonIOAGNO,68878.488,17521.512,79.7205%,9,
Contact STARLINK-4651 - MoonIOAGNO 0001,68862.112,17537.888,79.7015%,9,
Contact STARLINK-4651 - MoonIOAGSO,62383.018,24016.982,72.2026%,9,
Contact STARLINK-4651 - MoonIOAGSO 0001,57370.855,29029.145,66.4015%,9,
Contact STARLINK-4651 - MoonLRO,32012.768,54387.232,37.0518%,8,
Contact STARLINK-4651 - MarsSat1,69297.003,17102.997,80.2049%,8,
Contact STARLINK-4651 - MarsSat2,69297.207,17102.793,80.2051%,8,
Contact STARLINK-4651 - MarsSat3,69297.064,17102.936,80.2049%,8,
Contact STARLINK-4651 - MarsSat4,65814.361,20585.639,76.1740%,8,
Contact STARLINK-31617 - STARLINK-2751,0.000,86400.000,0.0000%,0,
Contact STARLINK-31617 - STARLINK-1015,0.000,86400.000,0.0000%,0,
Contact STARLINK-31617 - STARLINK-5765,0.000,86400.000,0.0000%,0,
Contact STARLINK-31617 - STARLINK-32235,49399.059,37000.941,57.1748%,1,
Contact STARLINK-31617 - STARLINK-11266 [DTC],0.000,86400.000,0.0000%,0,
Contact STARLINK-31617 - STARLINK-30355,0.000,86400.000,0.0000%,0,
Contact STARLINK-31617 - STARLINK-30316,0.000,86400.000,0.0000%,0,
Contact STARLINK-31617 - STARLINK-2602,1048.918,85351.082,1.2140%,2,
Contact STARLINK-31617 - STARLINK-6044,13117.893,73282.107,15.1827%,4,
Contact STARLINK-31617 - STARLINK-32254,8257.027,78142.973,9.5567%,6,
Contact STARLINK-31617 - STARLINK-4617,28406.692,57993.308,32.8781%,4,
Contact STARLINK-31617 - STARLINK-30472,7947.521,78452.479,9.1985%,5,
Contact STARLINK-31617 - STARLINK-30196,20367.359,66032.641,23.5733%,2,
Contact STARLINK-31617 - STARLINK-30825,12093.600,74306.400,13.9972%,7,
Contact STARLINK-31617 - STARLINK-31627,15546.951,70853.049,17.9942%,4,
Contact STARLINK-31617 - STARLINK-3182,8465.835,77934.165,9.7984%,7,
Contact STARLINK-31617 - STARLINK-4413,3069.519,83330.481,3.5527%,5,
Contact STARLINK-31617 - STARLINK-31407,0.000,86400.000,0.0000%,0,
Contact STARLINK-31617 - STARLINK-30171,0.000,86400.000,0.0000%,0,
Contact STARLINK-31617 - STARLINK-5660,0.000,86400.000,0.0000%,0,
Contact STARLINK-31617 - STARLINK-32094,0.000,86400.000,0.0000%,0,
Contact STARLINK-31617 - STARLINK-4127,3999.541,82400.459,4.6291%,5,
Contact STARLINK-31617 - STARLINK-30331,62887.886,23512.114,72.7869%,1,
Contact STARLINK-31617 - STARLINK-31827,0.000,86400.000,0.0000%,0,
Contact STARLINK-31617 - STARLINK-30767,0.000,86400.000,0.0000%,0,
Contact STARLINK-31617 - STARLINK-31800,0.000,86400.000,0.0000%,0,
Contact STARLINK-31617 - STARLINK-4254,0.000,86400.000,0.0000%,0,
Contact STARLINK-31617 - STARLINK-3533,0.000,86400.000,0.0000%,0,
Contact STARLINK-31617 - STARLINK-31987,0.000,86400.000,0.0000%,0,
Contact STARLINK-31617 - STARLINK-6311,2449.704,83950.296,2.8353%,1,
Contact STARLINK-31617 - STARLINK-31021,23635.130,62764.870,27.3555%,5,
Contact STARLINK-31617 - STARLINK-2228,0.000,86400.000,0.0000%,0,
Contact STARLINK-31617 - STARLINK-1736,0.000,86400.000,0.0000%,0,
Contact STARLINK-31617 - STARLINK-6372,0.000,86400.000,0.0000%,0,
Contact STARLINK-31617 - STARLINK-30425,12050.846,74349.154,13.9477%,7,
Contact STARLINK-31617 - STARLINK-4772,1385.672,85014.328,1.6038%,2,
Contact STARLINK-31617 - STARLINK-3346,0.000,86400.000,0.0000%,0,
Contact STARLINK-31617 - STARLINK-30320,0.000,86400.000,0.0000%,0,
Contact STARLINK-31617 - STARLINK-31919,0.000,86400.000,0.0000%,0,
Contact STARLINK-31617 - STARLINK-31639,0.000,86400.000,0.0000%,0,
Contact STARLINK-31617 - STARLINK-31600,0.000,86400.000,0.0000%,0,
Contact STARLINK-31617 - STARLINK-4687,6352.178,80047.822,7.3521%,4,
Contact STARLINK-31617 - STARLINK-5978,39416.426,46983.574,45.6209%,3,
Contact STARLINK-31617 - STARLINK-30613,0.000,86400.000,0.0000%,0,
Contact STARLINK-31617 - STARLINK-31764,0.000,86400.000,0.0000%,0,
Contact STARLINK-31617 - STARLINK-4402,3908.033,82491.967,4.5232%,5,
Contact STARLINK-31617 - STARLINK-31502,1721.882,84678.118,1.9929%,4,
Contact STARLINK-31617 - STARLINK-5618,0.000,86400.000,0.0000%,0,
Contact STARLINK-31617 - STARLINK-6255,0.000,86400.000,0.0000%,0,
Contact STARLINK-31617 - STARLINK-3898,0.000,86400.000,0.0000%,0,
Contact STARLINK-31617 - STARLINK-30842,6426.985,79973.015,7.4386%,4,
Contact STARLINK-31617 - STARLINK-4631,5909.195,80490.805,6.8393%,4,
Contact STARLINK-31617 - STARLINK-31539,0.000,86400.000,0.0000%,0,
Contact STARLINK-31617 - STARLINK-5807,4202.206,82197.794,4.8637%,6,
Contact STARLINK-31617 - STARLINK-31722,618.722,85781.278,0.7161%,1,
Contact STARLINK-31617 - STARLINK-1581,20938.133,65461.867,24.2340%,3,
Contact STARLINK-31617 - STARLINK-30367,0.000,86400.000,0.0000%,0,
Contact STARLINK-31617 - STARLINK-4290,0.000,86400.000,0.0000%,0,
Contact STARLINK-31617 - STARLINK-5151,0.000,86400.000,0.0000%,0,
Contact STARLINK-31617 - STARLINK-6142,0.000,86400.000,0.0000%,0,
Contact STARLINK-31617 - STARLINK-2388,6910.484,79489.516,7.9982%,5,
Contact STARLINK-31617 - STARLINK-3167,5130.907,81269.093,5.9386%,7,
Contact STARLINK-31617 - STARLINK-1700,6492.188,79907.812,7.5141%,4,
Contact STARLINK-31617 - STARLINK-5049,30.840,86369.160,0.0357%,1,
Contact STARLINK-31617 - STARLINK-31463,0.000,86400.000,0.0000%,0,
Contact STARLINK-31617 - MoonARTEMIS1,61511.882,24888.118,71.1943%,9,
Contact STARLINK-31617 - MoonARTEMIS2,55212.404,31187.596,63.9032%,9,
Contact STARLINK-31617 - MoonIOAGEO,51418.068,34981.932,59.5117%,9,
Contact STARLINK-31617 - MoonIOAGNO,62644.280,23755.720,72.5050%,9,
Contact STARLINK-31617 - MoonIOAGNO 0001,62611.483,23788.517,72.4670%,9,
Contact STARLINK-31617 - MoonIOAGSO,56144.265,30255.735,64.9818%,9,
Contact STARLINK-31617 - MoonIOAGSO 0001,57542.911,28857.089,66.6006%,8,
Contact STARLINK-31617 - MoonLRO,32103.335,54296.665,37.1566%,8,
Contact STARLINK-31617 - MarsSat1,75230.050,11169.950,87.0718%,7,
Contact STARLINK-31617 - MarsSat2,75229.256,11170.744,87.0709%,7,
Contact STARLINK-31617 - MarsSat3,75229.886,11170.114,87.0716%,7,
Contact STARLINK-31617 - MarsSat4,69143.999,17256.001,80.0278%,8,
Contact STARLINK-2751 - STARLINK-1015,4001.213,82398.787,4.6310%,6,
Contact STARLINK-2751 - STARLINK-5765,0.000,86400.000,0.0000%,0,
Contact STARLINK-2751 - STARLINK-32235,17129.180,69270.820,19.8254%,1,
Contact STARLINK-2751 - STARLINK-11266 [DTC],0.000,86400.000,0.0000%,0,
Contact STARLINK-2751 - STARLINK-30355,0.000,86400.000,0.0000%,0,
Contact STARLINK-2751 - STARLINK-30316,24262.122,62137.878,28.0812%,1,
Contact STARLINK-2751 - STARLINK-2602,0.000,86400.000,0.0000%,0,
Contact STARLINK-2751 - STARLINK-6044,0.000,86400.000,0.0000%,0,
Contact STARLINK-2751 - STARLINK-32254,0.000,86400.000,0.0000%,0,
Contact STARLINK-2751 - STARLINK-4617,0.000,86400.000,0.0000%,0,
Contact STARLINK-2751 - STARLINK-30472,0.000,86400.000,0.0000%,0,
Contact STARLINK-2751 - STARLINK-30196,0.000,86400.000,0.0000%,0,
Contact STARLINK-2751 - STARLINK-30825,0.000,86400.000,0.0000%,0,
Contact STARLINK-2751 - STARLINK-31627,0.000,86400.000,0.0000%,0,
Contact STARLINK-2751 - STARLINK-3182,0.000,86400.000,0.0000%,0,
Contact STARLINK-2751 - STARLINK-4413,3854.602,82545.398,4.4613%,6,
Contact STARLINK-2751 - STARLINK-31407,35596.954,50803.046,41.2002%,5,
Contact STARLINK-2751 - STARLINK-30171,14810.069,71589.931,17.1413%,6,
Contact STARLINK-2751 - STARLINK-5660,2958.975,83441.025,3.4247%,4,
Contact STARLINK-2751 - STARLINK-32094,17114.631,69285.369,19.8086%,1,
Contact STARLINK-2751 - STARLINK-4127,0.000,86400.000,0.0000%,0,
Contact STARLINK-2751 - STARLINK-30331,0.000,86400.000,0.0000%,0,
Contact STARLINK-2751 - STARLINK-31827,24811.229,61588.771,28.7167%,4,
Contact STARLINK-2751 - STARLINK-30767,0.000,86400.000,0.0000%,0,
Contact STARLINK-2751 - STARLINK-31800,40653.583,45746.417,47.0528%,5,
Contact STARLINK-2751 - STARLINK-4254,86400.000,0.000,100.0000%,1,
Contact STARLINK-2751 - STARLINK-3533,0.000,86400.000,0.0000%,0,
Contact STARLINK-2751 - STARLINK-31987,6405.927,79994.073,7.4143%,4,
Contact STARLINK-2751 - STARLINK-6311,86400.000,0.000,100.0000%,1,
Contact STARLINK-2751 - STARLINK-31021,0.000,86400.000,0.0000%,0,
Contact STARLINK-2751 - STARLINK-2228,30982.659,55417.341,35.8596%,3,
Contact STARLINK-2751 - STARLINK-1736,22560.738,63839.262,26.1120%,1,
Contact STARLINK-2751 - STARLINK-6372,0.000,86400.000,0.0000%,0,
Contact STARLINK-2751 - STARLINK-30425,0.000,86400.000,0.0000%,0,
Contact STARLINK-2751 - STARLINK-4772,0.000,86400.000,0.0000%,0,
Contact STARLINK-2751 - STARLINK-3346,6861.637,79538.363,7.9417%,5,
Contact STARLINK-2751 - STARLINK-30320,61729.228,24670.772,71.4459%,1,
Contact STARLINK-2751 - STARLINK-31919,1857.368,84542.632,2.1497%,3,
Contact STARLINK-2751 - STARLINK-31639,38771.908,47628.092,44.8749%,1,
Contact STARLINK-2751 - STARLINK-31600,6430.999,79969.001,7.4433%,4,
Contact STARLINK-2751 - STARLINK-4687,0.000,86400.000,0.0000%,0,
Contact STARLINK-2751 - STARLINK-5978,0.000,86400.000,0.0000%,0,
Contact STARLINK-2751 - STARLINK-30613,2446.805,83953.195,2.8320%,5,
Contact STARLINK-2751 - STARLINK-31764,36123.400,50276.600,41.8095%,5,
Contact STARLINK-2751 - STARLINK-4402,2069.351,84330.649,2.3951%,4,
Contact STARLINK-2751 - STARLINK-31502,0.000,86400.000,0.0000%,0,
Contact STARLINK-2751 - STARLINK-5618,0.000,86400.000,0.0000%,0,
Contact STARLINK-2751 - STARLINK-6255,86400.000,0.000,100.0000%,1,
Contact STARLINK-2751 - STARLINK-3898,86400.000,0.000,100.0000%,1,
Contact STARLINK-2751 - STARLINK-30842,0.000,86400.000,0.0000%,0,
Contact STARLINK-2751 - STARLINK-4631,0.000,86400.000,0.0000%,0,
Contact STARLINK-2751 - STARLINK-31539,20094.062,66305.938,23.2570%,6,
Contact STARLINK-2751 - STARLINK-5807,0.000,86400.000,0.0000%,0,
Contact STARLINK-2751 - STARLINK-31722,0.000,86400.000,0.0000%,0,
Contact STARLINK-2751 - STARLINK-1581,0.000,86400.000,0.0000%,0,
Contact STARLINK-2751 - STARLINK-30367,86400.000,0.000,100.0000%,1,
Contact STARLINK-2751 - STARLINK-4290,0.000,86400.000,0.0000%,0,
Contact STARLINK-2751 - STARLINK-5151,7392.672,79007.328,8.5563%,6,
Contact STARLINK-2751 - STARLINK-6142,0.000,86400.000,0.0000%,0,
Contact STARLINK-2751 - STARLINK-2388,0.000,86400.000,0.0000%,0,
Contact STARLINK-2751 - STARLINK-3167,0.000,86400.000,0.0000%,0,
Contact STARLINK-2751 - STARLINK-1700,0.000,86400.000,0.0000%,0,
Contact STARLINK-2751 - STARLINK-5049,0.000,86400.000,0.0000%,0,
Contact STARLINK-2751 - STARLINK-31463,2900.220,83499.780,3.3567%,4,
Contact STARLINK-2751 - MoonARTEMIS1,61523.187,24876.813,71.2074%,10,
Contact STARLINK-2751 - MoonARTEMIS2,61410.879,24989.121,71.0774%,10,
Contact STARLINK-2751 - MoonIOAGEO,55706.969,30693.031,64.4757%,9,
Contact STARLINK-2751 - MoonIOAGNO,67183.614,19216.386,77.7588%,10,
Contact STARLINK-2751 - MoonIOAGNO 0001,67205.550,19194.450,77.7842%,10,
Contact STARLINK-2751 - MoonIOAGSO,62900.090,23499.910,72.8010%,9,
Contact STARLINK-2751 - MoonIOAGSO 0001,55732.908,30667.092,64.5057%,10,
Contact STARLINK-2751 - MoonLRO,15276.889,71123.111,17.6816%,7,
Contact STARLINK-2751 - MarsSat1,73984.702,12415.298,85.6304%,8,
Contact STARLINK-2751 - MarsSat2,73984.559,12415.441,85.6303%,8,
Contact STARLINK-2751 - MarsSat3,73984.919,12415.081,85.6307%,8,
Contact STARLINK-2751 - MarsSat4,64455.452,21944.548,74.6012%,8,
Contact STARLINK-1015 - STARLINK-5765,0.000,86400.000,0.0000%,0,
Contact STARLINK-1015 - STARLINK-32235,0.000,86400.000,0.0000%,0,
Contact STARLINK-1015 - STARLINK-11266 [DTC],5923.695,80476.305,6.8561%,4,
Contact STARLINK-1015 - STARLINK-30355,5432.376,80967.624,6.2875%,7,
Contact STARLINK-1015 - STARLINK-30316,6981.145,79418.855,8.0800%,4,
Contact STARLINK-1015 - STARLINK-2602,28455.151,57944.849,32.9342%,3,
Contact STARLINK-1015 - STARLINK-6044,0.000,86400.000,0.0000%,0,
Contact STARLINK-1015 - STARLINK-32254,0.000,86400.000,0.0000%,0,
Contact STARLINK-1015 - STARLINK-4617,1948.037,84451.963,2.2547%,4,
Contact STARLINK-1015 - STARLINK-30472,0.000,86400.000,0.0000%,0,
Contact STARLINK-1015 - STARLINK-30196,0.000,86400.000,0.0000%,0,
Contact STARLINK-1015 - STARLINK-30825,0.000,86400.000,0.0000%,0,
Contact STARLINK-1015 - STARLINK-31627,0.000,86400.000,0.0000%,0,
Contact STARLINK-1015 - STARLINK-3182,0.000,86400.000,0.0000%,0,
Contact STARLINK-1015 - STARLINK-4413,3537.397,82862.603,4.0942%,4,
Contact STARLINK-1015 - STARLINK-31407,42897.234,43502.766,49.6496%,3,
Contact STARLINK-1015 - STARLINK-30171,86400.000,0.000,100.0000%,1,
Contact STARLINK-1015 - STARLINK-5660,86400.000,0.000,100.0000%,1,
Contact STARLINK-1015 - STARLINK-32094,7348.485,79051.515,8.5052%,5,
Contact STARLINK-1015 - STARLINK-4127,0.000,86400.000,0.0000%,0,
Contact STARLINK-1015 - STARLINK-30331,0.000,86400.000,0.0000%,0,
Contact STARLINK-1015 - STARLINK-31827,0.000,86400.000,0.0000%,0,
Contact STARLINK-1015 - STARLINK-30767,14739.209,71660.791,17.0593%,7,
Contact STARLINK-1015 - STARLINK-31800,11381.291,75018.709,13.1728%,3,
Contact STARLINK-1015 - STARLINK-4254,30784.622,55615.378,35.6303%,7,
Contact STARLINK-1015 - STARLINK-3533,1092.631,85307.369,1.2646%,3,
Contact STARLINK-1015 - STARLINK-31987,0.000,86400.000,0.0000%,0,
Contact STARLINK-1015 - STARLINK-6311,0.000,86400.000,0.0000%,0,
Contact STARLINK-1015 - STARLINK-31021,0.000,86400.000,0.0000%,0,
Contact STARLINK-1015 - STARLINK-2228,1284.238,85115.762,1.4864%,2,
Contact STARLINK-1015 - STARLINK-1736,0.000,86400.000,0.0000%,0,
Contact STARLINK-1015 - STARLINK-6372,0.000,86400.000,0.0000%,0,
Contact STARLINK-1015 - STARLINK-30425,0.000,86400.000,0.0000%,0,
Contact STARLINK-1015 - STARLINK-4772,21242.453,65157.547,24.5862%,6,
Contact STARLINK-1015 - STARLINK-3346,0.000,86400.000,0.0000%,0,
Contact STARLINK-1015 - STARLINK-30320,6962.118,79437.882,8.0580%,6,
Contact STARLINK-1015 - STARLINK-31919,18137.852,68262.148,20.9929%,3,
Contact STARLINK-1015 - STARLINK-31639,18094.813,68305.187,20.9431%,6,
Contact STARLINK-1015 - STARLINK-31600,52990.327,33409.673,61.3314%,1,
Contact STARLINK-1015 - STARLINK-4687,0.000,86400.000,0.0000%,0,
Contact STARLINK-1015 - STARLINK-5978,0.000,86400.000,0.0000%,0,
Contact STARLINK-1015 - STARLINK-30613,449.298,85950.702,0.5200%,2,
Contact STARLINK-1015 - STARLINK-31764,28829.585,57570.415,33.3676%,3,
Contact STARLINK-1015 - STARLINK-4402,2636.218,83763.782,3.0512%,4,
Contact STARLINK-1015 - STARLINK-31502,14236.423,72163.577,16.4773%,1,
Contact STARLINK-1015 - STARLINK-5618,8237.483,78162.517,9.5341%,7,
Contact STARLINK-1015 - STARLINK-6255,3239.533,83160.467,3.7495%,5,
Contact STARLINK-1015 - STARLINK-3898,1756.735,84643.265,2.0333%,4,
Contact STARLINK-1015 - STARLINK-30842,0.000,86400.000,0.0000%,0,
Contact STARLINK-1015 - STARLINK-4631,1805.823,84594.177,2.0901%,4,
Contact STARLINK-1015 - STARLINK-31539,402.406,85997.594,0.4657%,1,
Contact STARLINK-1015 - STARLINK-5807,0.000,86400.000,0.0000%,0,
Contact STARLINK-1015 - STARLINK-31722,4664.985,81735.015,5.3993%,3,
Contact STARLINK-1015 - STARLINK-1581,0.000,86400.000,0.0000%,0,
Contact STARLINK-1015 - STARLINK-30367,0.000,86400.000,0.0000%,0,
Contact STARLINK-1015 - STARLINK-4290,0.000,86400.000,0.0000%,0,
Contact STARLINK-1015 - STARLINK-5151,0.000,86400.000,0.0000%,0,
Contact STARLINK-1015 - STARLINK-6142,400.091,85999.909,0.4631%,3,
Contact STARLINK-1015 - STARLINK-2388,0.000,86400.000,0.0000%,0,
Contact STARLINK-1015 - STARLINK-3167,0.000,86400.000,0.0000%,0,
Contact STARLINK-1015 - STARLINK-1700,0.000,86400.000,0.0000%,0,
Contact STARLINK-1015 - STARLINK-5049,86400.000,0.000,100.0000%,1,
Contact STARLINK-1015 - STARLINK-31463,0.000,86400.000,0.0000%,0,
Contact STARLINK-1015 - MoonARTEMIS1,69163.839,17236.161,80.0507%,6,
Contact STARLINK-1015 - MoonARTEMIS2,69446.480,16953.520,80.3779%,6,
Contact STARLINK-1015 - MoonIOAGEO,63513.877,22886.123,73.5114%,6,
Contact STARLINK-1015 - MoonIOAGNO,75098.786,11301.214,86.9199%,6,
Contact STARLINK-1015 - MoonIOAGNO 0001,75098.983,11301.017,86.9201%,6,
Contact STARLINK-1015 - MoonIOAGSO,65171.372,21228.628,75.4298%,7,
Contact STARLINK-1015 - MoonIOAGSO 0001,68164.440,18235.560,78.8940%,6,
Contact STARLINK-1015 - MoonLRO,34952.256,51447.744,40.4540%,8,
Contact STARLINK-1015 - MarsSat1,73080.419,13319.581,84.5838%,8,
Contact STARLINK-1015 - MarsSat2,73080.652,13319.348,84.5841%,8,
Contact STARLINK-1015 - MarsSat3,73080.344,13319.656,84.5837%,8,
Contact STARLINK-1015 - MarsSat4,65468.157,20931.843,75.7733%,8,
Contact STARLINK-5765 - STARLINK-32235,0.000,86400.000,0.0000%,0,
Contact STARLINK-5765 - STARLINK-11266 [DTC],3240.273,83159.727,3.7503%,4,
Contact STARLINK-5765 - STARLINK-30355,84599.098,1800.902,97.9156%,4,
Contact STARLINK-5765 - STARLINK-30316,46419.214,39980.786,53.7259%,1,
Contact STARLINK-5765 - STARLINK-2602,3323.658,83076.342,3.8468%,4,
Contact STARLINK-5765 - STARLINK-6044,0.000,86400.000,0.0000%,0,
Contact STARLINK-5765 - STARLINK-32254,0.000,86400.000,0.0000%,0,
Contact STARLINK-5765 - STARLINK-4617,0.000,86400.000,0.0000%,0,
Contact STARLINK-5765 - STARLINK-30472,0.000,86400.000,0.0000%,0,
Contact STARLINK-5765 - STARLINK-30196,0.000,86400.000,0.0000%,0,
Contact STARLINK-5765 - STARLINK-30825,698.821,85701.179,0.8088%,1,
Contact STARLINK-5765 - STARLINK-31627,4691.301,81708.699,5.4297%,1,
Contact STARLINK-5765 - STARLINK-3182,321.075,86078.925,0.3716%,1,
Contact STARLINK-5765 - STARLINK-4413,5237.823,81162.177,6.0623%,7,
Contact STARLINK-5765 - STARLINK-31407,3963.824,82436.176,4.5878%,1,
Contact STARLINK-5765 - STARLINK-30171,0.000,86400.000,0.0000%,0,
Contact STARLINK-5765 - STARLINK-5660,0.000,86400.000,0.0000%,0,
Contact STARLINK-5765 - STARLINK-32094,47574.478,38825.522,55.0631%,1,
Contact STARLINK-5765 - STARLINK-4127,730.247,85669.753,0.8452%,3,
Contact STARLINK-5765 - STARLINK-30331,0.000,86400.000,0.0000%,0,
Contact STARLINK-5765 - STARLINK-31827,0.000,86400.000,0.0000%,0,
Contact STARLINK-5765 - STARLINK-30767,8221.320,78178.680,9.5154%,6,
Contact STARLINK-5765 - STARLINK-31800,0.000,86400.000,0.0000%,0,
Contact STARLINK-5765 - STARLINK-4254,0.000,86400.000,0.0000%,0,
Contact STARLINK-5765 - STARLINK-3533,0.000,86400.000,0.0000%,0,
Contact STARLINK-5765 - STARLINK-31987,0.000,86400.000,0.0000%,0,
Contact STARLINK-5765 - STARLINK-6311,0.000,86400.000,0.0000%,0,
Contact STARLINK-5765 - STARLINK-31021,0.000,86400.000,0.0000%,0,
Contact STARLINK-5765 - STARLINK-2228,923.083,85476.917,1.0684%,1,
Contact STARLINK-5765 - STARLINK-1736,0.000,86400.000,0.0000%,0,
Contact STARLINK-5765 - STARLINK-6372,86400.000,0.000,100.0000%,1,
Contact STARLINK-5765 - STARLINK-30425,0.000,86400.000,0.0000%,0,
Contact STARLINK-5765 - STARLINK-4772,11643.519,74756.481,13.4763%,7,
Contact STARLINK-5765 - STARLINK-3346,0.000,86400.000,0.0000%,0,
Contact STARLINK-5765 - STARLINK-30320,9984.275,76415.725,11.5559%,1,
Contact STARLINK-5765 - STARLINK-31919,1807.284,84592.716,2.0918%,3,
Contact STARLINK-5765 - STARLINK-31639,27925.399,58474.601,32.3211%,1,
Contact STARLINK-5765 - STARLINK-31600,1196.368,85203.632,1.3847%,2,
Contact STARLINK-5765 - STARLINK-4687,4638.869,81761.131,5.3691%,7,
Contact STARLINK-5765 - STARLINK-5978,0.000,86400.000,0.0000%,0,
Contact STARLINK-5765 - STARLINK-30613,0.000,86400.000,0.0000%,0,
Contact STARLINK-5765 - STARLINK-31764,0.000,86400.000,0.0000%,0,
Contact STARLINK-5765 - STARLINK-4402,4468.582,81931.418,5.1720%,7,
Contact STARLINK-5765 - STARLINK-31502,12613.722,73786.278,14.5992%,4,
Contact STARLINK-5765 - STARLINK-5618,24800.836,61599.164,28.7047%,7,
Contact STARLINK-5765 - STARLINK-6255,0.000,86400.000,0.0000%,0,
Contact STARLINK-5765 - STARLINK-3898,0.000,86400.000,0.0000%,0,
Contact STARLINK-5765 - STARLINK-30842,0.000,86400.000,0.0000%,0,
Contact STARLINK-5765 - STARLINK-4631,8560.451,77839.549,9.9079%,7,
Contact STARLINK-5765 - STARLINK-31539,0.000,86400.000,0.0000%,0,
Contact STARLINK-5765 - STARLINK-5807,0.000,86400.000,0.0000%,0,
Contact STARLINK-5765 - STARLINK-31722,2171.258,84228.742,2.5130%,2,
Contact STARLINK-5765 - STARLINK-1581,10656.603,75743.397,12.3340%,2,
Contact STARLINK-5765 - STARLINK-30367,0.000,86400.000,0.0000%,0,
Contact STARLINK-5765 - STARLINK-4290,86400.000,0.000,100.0000%,1,
Contact STARLINK-5765 - STARLINK-5151,0.000,86400.000,0.0000%,0,
Contact STARLINK-5765 - STARLINK-6142,86400.000,0.000,100.0000%,1,
Contact STARLINK-5765 - STARLINK-2388,0.000,86400.000,0.0000%,0,
Contact STARLINK-5765 - STARLINK-3167,6212.431,80187.569,7.1903%,5,
Contact STARLINK-5765 - STARLINK-1700,0.000,86400.000,0.0000%,0,
Contact STARLINK-5765 - STARLINK-5049,5066.793,81333.207,5.8643%,6,
Contact STARLINK-5765 - STARLINK-31463,0.000,86400.000,0.0000%,0,
Contact STARLINK-5765 - MoonARTEMIS1,66652.597,19747.403,77.1442%,7,
Contact STARLINK-5765 - MoonARTEMIS2,66502.359,19897.641,76.9703%,7,
Contact STARLINK-5765 - MoonIOAGEO,60746.393,25653.607,70.3083%,7,
Contact STARLINK-5765 - MoonIOAGNO,74328.488,12071.512,86.0283%,6,
Contact STARLINK-5765 - MoonIOAGNO 0001,70440.394,15959.606,81.5282%,8,
Contact STARLINK-5765 - MoonIOAGSO,58832.176,27567.824,68.0928%,8,
Contact STARLINK-5765 - MoonIOAGSO 0001,63852.175,22547.825,73.9030%,8,
Contact STARLINK-5765 - MoonLRO,32619.700,53780.300,37.7543%,8,
Contact STARLINK-5765 - MarsSat1,69356.151,17043.849,80.2733%,9,
Contact STARLINK-5765 - MarsSat2,69356.086,17043.914,80.2732%,9,
Contact STARLINK-5765 - MarsSat3,69356.127,17043.873,80.2733%,9,
Contact STARLINK-5765 - MarsSat4,62777.865,23622.135,72.6596%,9,
Contact STARLINK-32235 - STARLINK-11266 [DTC],0.000,86400.000,0.0000%,0,
Contact STARLINK-32235 - STARLINK-30355,0.000,86400.000,0.0000%,0,
Contact STARLINK-32235 - STARLINK-30316,0.000,86400.000,0.0000%,0,
Contact STARLINK-32235 - STARLINK-2602,0.000,86400.000,0.0000%,0,
Contact STARLINK-32235 - STARLINK-6044,5867.048,80532.952,6.7906%,3,
Contact STARLINK-32235 - STARLINK-32254,4020.669,82379.331,4.6536%,5,
Contact STARLINK-32235 - STARLINK-4617,25250.821,61149.179,29.2255%,3,
Contact STARLINK-32235 - STARLINK-30472,6220.706,80179.294,7.1999%,4,
Contact STARLINK-32235 - STARLINK-30196,31025.231,55374.769,35.9088%,4,
Contact STARLINK-32235 - STARLINK-30825,10116.577,76283.423,11.7090%,6,
Contact STARLINK-32235 - STARLINK-31627,0.000,86400.000,0.0000%,0,
Contact STARLINK-32235 - STARLINK-3182,4575.988,81824.012,5.2963%,6,
Contact STARLINK-32235 - STARLINK-4413,3642.080,82757.920,4.2154%,6,
Contact STARLINK-32235 - STARLINK-31407,0.000,86400.000,0.0000%,0,
Contact STARLINK-32235 - STARLINK-30171,0.000,86400.000,0.0000%,0,
Contact STARLINK-32235 - STARLINK-5660,0.000,86400.000,0.0000%,0,
Contact STARLINK-32235 - STARLINK-32094,0.000,86400.000,0.0000%,0,
Contact STARLINK-32235 - STARLINK-4127,2641.577,83758.423,3.0574%,4,
Contact STARLINK-32235 - STARLINK-30331,41100.117,45299.883,47.5696%,1,
Contact STARLINK-32235 - STARLINK-31827,26117.794,60282.206,30.2289%,1,
Contact STARLINK-32235 - STARLINK-30767,0.000,86400.000,0.0000%,0,
Contact STARLINK-32235 - STARLINK-31800,0.000,86400.000,0.0000%,0,
Contact STARLINK-32235 - STARLINK-4254,0.000,86400.000,0.0000%,0,
Contact STARLINK-32235 - STARLINK-3533,0.000,86400.000,0.0000%,0,
Contact STARLINK-32235 - STARLINK-31987,18306.139,68093.861,21.1877%,3,
Contact STARLINK-32235 - STARLINK-6311,33513.135,52886.865,38.7884%,1,
Contact STARLINK-32235 - STARLINK-31021,27408.205,58991.795,31.7225%,4,
Contact STARLINK-32235 - STARLINK-2228,0.000,86400.000,0.0000%,0,
Contact STARLINK-32235 - STARLINK-1736,29323.230,57076.770,33.9389%,6,
Contact STARLINK-32235 - STARLINK-6372,0.000,86400.000,0.0000%,0,
Contact STARLINK-32235 - STARLINK-30425,12587.176,73812.824,14.5685%,7,
Contact STARLINK-32235 - STARLINK-4772,506.421,85893.579,0.5861%,1,
Contact STARLINK-32235 - STARLINK-3346,1770.883,84629.117,2.0496%,2,
Contact STARLINK-32235 - STARLINK-30320,0.000,86400.000,0.0000%,0,
Contact STARLINK-32235 - STARLINK-31919,0.000,86400.000,0.0000%,0,
Contact STARLINK-32235 - STARLINK-31639,0.000,86400.000,0.0000%,0,
Contact STARLINK-32235 - STARLINK-31600,0.000,86400.000,0.0000%,0,
Contact STARLINK-32235 - STARLINK-4687,2183.095,84216.905,2.5267%,3,
Contact STARLINK-32235 - STARLINK-5978,32349.026,54050.974,37.4410%,1,
Contact STARLINK-32235 - STARLINK-30613,0.000,86400.000,0.0000%,0,
Contact STARLINK-32235 - STARLINK-31764,0.000,86400.000,0.0000%,0,
Contact STARLINK-32235 - STARLINK-4402,6264.498,80135.502,7.2506%,5,
Contact STARLINK-32235 - STARLINK-31502,345.130,86054.870,0.3995%,2,
Contact STARLINK-32235 - STARLINK-5618,0.000,86400.000,0.0000%,0,
Contact STARLINK-32235 - STARLINK-6255,11670.420,74729.580,13.5074%,1,
Contact STARLINK-32235 - STARLINK-3898,17373.894,69026.106,20.1087%,1,
Contact STARLINK-32235 - STARLINK-30842,6012.843,80387.157,6.9593%,4,
Contact STARLINK-32235 - STARLINK-4631,1903.132,84496.868,2.2027%,3,
Contact STARLINK-32235 - STARLINK-31539,0.000,86400.000,0.0000%,0,
Contact STARLINK-32235 - STARLINK-5807,2843.535,83556.465,3.2911%,4,
Contact STARLINK-32235 - STARLINK-31722,0.000,86400.000,0.0000%,0,
Contact STARLINK-32235 - STARLINK-1581,0.000,86400.000,0.0000%,0,
Contact STARLINK-32235 - STARLINK-30367,25445.576,60954.424,29.4509%,1,
Contact STARLINK-32235 - STARLINK-4290,0.000,86400.000,0.0000%,0,
Contact STARLINK-32235 - STARLINK-5151,0.000,86400.000,0.0000%,0,
Contact STARLINK-32235 - STARLINK-6142,0.000,86400.000,0.0000%,0,
Contact STARLINK-32235 - STARLINK-2388,4184.051,82215.949,4.8427%,6,
Contact STARLINK-32235 - STARLINK-3167,2505.888,83894.112,2.9003%,3,
Contact STARLINK-32235 - STARLINK-1700,3175.537,83224.463,3.6754%,4,
Contact STARLINK-32235 - STARLINK-5049,0.000,86400.000,0.0000%,0,
Contact STARLINK-32235 - STARLINK-31463,1949.048,84450.952,2.2558%,3,
Contact STARLINK-32235 - MoonARTEMIS1,62240.020,24159.980,72.0371%,9,
Contact STARLINK-32235 - MoonARTEMIS2,61941.012,24458.988,71.6910%,9,
Contact STARLINK-32235 - MoonIOAGEO,54003.687,32396.313,62.5043%,8,
Contact STARLINK-32235 - MoonIOAGNO,62938.335,23461.665,72.8453%,9,
Contact STARLINK-32235 - MoonIOAGNO 0001,62943.305,23456.695,72.8510%,9,
Contact STARLINK-32235 - MoonIOAGSO,62364.311,24035.689,72.1809%,9,
Contact STARLINK-32235 - MoonIOAGSO 0001,56261.073,30138.927,65.1170%,9,
Contact STARLINK-32235 - MoonLRO,29061.962,57338.038,33.6365%,7,
Contact STARLINK-32235 - MarsSat1,80728.877,5671.123,93.4362%,5,
Contact STARLINK-32235 - MarsSat2,80726.781,5673.219,93.4338%,5,
Contact STARLINK-32235 - MarsSat3,80727.598,5672.402,93.4347%,5,
Contact STARLINK-32235 - MarsSat4,74388.848,12011.152,86.0982%,6,
Contact STARLINK-11266 [DTC] - STARLINK-30355,35695.129,50704.871,41.3138%,2,
Contact STARLINK-11266 [DTC] - STARLINK-30316,1623.458,84776.542,1.8790%,3,
Contact STARLINK-11266 [DTC] - STARLINK-2602,0.000,86400.000,0.0000%,0,
Contact STARLINK-11266 [DTC] - STARLINK-6044,626.357,85773.643,0.7250%,1,
Contact STARLINK-11266 [DTC] - STARLINK-32254,0.000,86400.000,0.0000%,0,
Contact STARLINK-11266 [DTC] - STARLINK-4617,10749.472,75650.528,12.4415%,2,
Contact STARLINK-11266 [DTC] - STARLINK-30472,345.036,86054.964,0.3993%,1,
Contact STARLINK-11266 [DTC] - STARLINK-30196,0.000,86400.000,0.0000%,0,
Contact STARLINK-11266 [DTC] - STARLINK-30825,0.000,86400.000,0.0000%,0,
Contact STARLINK-11266 [DTC] - STARLINK-31627,1531.483,84868.517,1.7725%,2,
Contact STARLINK-11266 [DTC] - STARLINK-3182,0.000,86400.000,0.0000%,0,
Contact STARLINK-11266 [DTC] - STARLINK-4413,1815.436,84584.564,2.1012%,3,
Contact STARLINK-11266 [DTC] - STARLINK-31407,0.000,86400.000,0.0000%,0,
Contact STARLINK-11266 [DTC] - STARLINK-30171,2564.297,83835.703,2.9679%,3,
Contact STARLINK-11266 [DTC] - STARLINK-5660,5920.426,80479.574,6.8523%,4,
Contact STARLINK-11266 [DTC] - STARLINK-32094,5232.594,81167.406,6.0562%,3,
Contact STARLINK-11266 [DTC] - STARLINK-4127,552.130,85847.870,0.6390%,1,
Contact STARLINK-11266 [DTC] - STARLINK-30331,9943.759,76456.241,11.5090%,1,
Contact STARLINK-11266 [DTC] - STARLINK-31827,0.000,86400.000,0.0000%,0,
Contact STARLINK-11266 [DTC] - STARLINK-30767,43574.971,42825.029,50.4340%,1,
Contact STARLINK-11266 [DTC] - STARLINK-31800,0.000,86400.000,0.0000%,0,
Contact STARLINK-11266 [DTC] - STARLINK-4254,1898.162,84501.838,2.1969%,3,
Contact STARLINK-11266 [DTC] - STARLINK-3533,30830.438,55569.562,35.6834%,1,
Contact STARLINK-11266 [DTC] - STARLINK-31987,0.000,86400.000,0.0000%,0,
Contact STARLINK-11266 [DTC] - STARLINK-6311,0.000,86400.000,0.0000%,0,
Contact STARLINK-11266 [DTC] - STARLINK-31021,7507.547,78892.453,8.6893%,1,
Contact STARLINK-11266 [DTC] - STARLINK-2228,0.000,86400.000,0.0000%,0,
Contact STARLINK-11266 [DTC] - STARLINK-1736,0.000,86400.000,0.0000%,0,
Contact STARLINK-11266 [DTC] - STARLINK-6372,8637.060,77762.940,9.9966%,3,
Contact STARLINK-11266 [DTC] - STARLINK-30425,0.000,86400.000,0.0000%,0,
Contact STARLINK-11266 [DTC] - STARLINK-4772,23986.707,62413.293,27.7624%,3,
Contact STARLINK-11266 [DTC] - STARLINK-3346,0.000,86400.000,0.0000%,0,
Contact STARLINK-11266 [DTC] - STARLINK-30320,0.000,86400.000,0.0000%,0,
Contact STARLINK-11266 [DTC] - STARLINK-31919,32253.817,54146.183,37.3308%,6,
Contact STARLINK-11266 [DTC] - STARLINK-31639,1196.198,85203.802,1.3845%,2,
Contact STARLINK-11266 [DTC] - STARLINK-31600,6818.444,79581.556,7.8917%,5,
Contact STARLINK-11266 [DTC] - STARLINK-4687,8299.850,78100.150,9.6063%,2,
Contact STARLINK-11266 [DTC] - STARLINK-5978,16925.641,69474.359,19.5899%,1,
Contact STARLINK-11266 [DTC] - STARLINK-30613,32495.931,53904.069,37.6110%,1,
Contact STARLINK-11266 [DTC] - STARLINK-31764,0.000,86400.000,0.0000%,0,
Contact STARLINK-11266 [DTC] - STARLINK-4402,594.812,85805.188,0.6884%,1,
Contact STARLINK-11266 [DTC] - STARLINK-31502,0.000,86400.000,0.0000%,0,
Contact STARLINK-11266 [DTC] - STARLINK-5618,10753.000,75647.000,12.4456%,3,
Contact STARLINK-11266 [DTC] - STARLINK-6255,716.267,85683.733,0.8290%,1,
Contact STARLINK-11266 [DTC] - STARLINK-3898,0.000,86400.000,0.0000%,0,
Contact STARLINK-11266 [DTC] - STARLINK-30842,0.000,86400.000,0.0000%,0,
Contact STARLINK-11266 [DTC] - STARLINK-4631,8186.929,78213.071,9.4756%,2,
Contact STARLINK-11266 [DTC] - STARLINK-31539,0.000,86400.000,0.0000%,0,
Contact STARLINK-11266 [DTC] - STARLINK-5807,0.000,86400.000,0.0000%,0,
Contact STARLINK-11266 [DTC] - STARLINK-31722,6518.828,79881.172,7.5449%,1,
Contact STARLINK-11266 [DTC] - STARLINK-1581,3001.017,83398.983,3.4734%,3,
Contact STARLINK-11266 [DTC] - STARLINK-30367,0.000,86400.000,0.0000%,0,
Contact STARLINK-11266 [DTC] - STARLINK-4290,6847.147,79552.853,7.9249%,4,
Contact STARLINK-11266 [DTC] - STARLINK-5151,10205.008,76194.992,11.8114%,2,
Contact STARLINK-11266 [DTC] - STARLINK-6142,6118.705,80281.295,7.0818%,4,
Contact STARLINK-11266 [DTC] - STARLINK-2388,0.000,86400.000,0.0000%,0,
Contact STARLINK-11266 [DTC] - STARLINK-3167,0.000,86400.000,0.0000%,0,
Contact STARLINK-11266 [DTC] - STARLINK-1700,0.000,86400.000,0.0000%,0,
Contact STARLINK-11266 [DTC] - STARLINK-5049,6422.918,79977.082,7.4339%,4,
Contact STARLINK-11266 [DTC] - STARLINK-31463,0.000,86400.000,0.0000%,0,
Contact STARLINK-11266 [DTC] - MoonARTEMIS1,66577.959,19822.041,77.0578%,8,
Contact STARLINK-11266 [DTC] - MoonARTEMIS2,64634.415,21765.585,74.8084%,9,
Contact STARLINK-11266 [DTC] - MoonIOAGEO,59006.435,27393.565,68.2945%,9,
Contact STARLINK-11266 [DTC] - MoonIOAGNO,70097.038,16302.962,81.1308%,9,
Contact STARLINK-11266 [DTC] - MoonIOAGNO 0001,70104.709,16295.291,81.1397%,9,
Contact STARLINK-11266 [DTC] - MoonIOAGSO,59113.843,27286.157,68.4188%,9,
Contact STARLINK-11266 [DTC] - MoonIOAGSO 0001,61125.881,25274.119,70.7475%,8,
Contact STARLINK-11266 [DTC] - MoonLRO,32104.047,54295.953,37.1575%,8,
Contact STARLINK-11266 [DTC] - MarsSat1,70235.283,16164.717,81.2908%,9,
Contact STARLINK-11266 [DTC] - MarsSat2,70235.026,16164.974,81.2905%,9,
Contact STARLINK-11266 [DTC] - MarsSat3,70235.288,16164.712,81.2908%,9,
Contact STARLINK-11266 [DTC] - MarsSat4,63950.040,22449.960,74.0162%,9,
Contact STARLINK-30355 - STARLINK-30316,34472.828,51927.172,39.8991%,3,
Contact STARLINK-30355 - STARLINK-2602,5520.688,80879.312,6.3897%,3,
Contact STARLINK-30355 - STARLINK-6044,0.000,86400.000,0.0000%,0,
Contact STARLINK-30355 - STARLINK-32254,0.000,86400.000,0.0000%,0,
Contact STARLINK-30355 - STARLINK-4617,0.000,86400.000,0.0000%,0,
Contact STARLINK-30355 - STARLINK-30472,0.000,86400.000,0.0000%,0,
Contact STARLINK-30355 - STARLINK-30196,0.000,86400.000,0.0000%,0,
Contact STARLINK-30355 - STARLINK-30825,0.000,86400.000,0.0000%,0,
Contact STARLINK-30355 - STARLINK-31627,904.370,85495.630,1.0467%,1,
Contact STARLINK-30355 - STARLINK-3182,0.000,86400.000,0.0000%,0,
Contact STARLINK-30355 - STARLINK-4413,4580.901,81819.099,5.3020%,7,
Contact STARLINK-30355 - STARLINK-31407,768.417,85631.583,0.8894%,1,
Contact STARLINK-30355 - STARLINK-30171,0.000,86400.000,0.0000%,0,
Contact STARLINK-30355 - STARLINK-5660,872.005,85527.995,1.0093%,2,
Contact STARLINK-30355 - STARLINK-32094,45093.126,41306.874,52.1911%,1,
Contact STARLINK-30355 - STARLINK-4127,0.000,86400.000,0.0000%,0,
Contact STARLINK-30355 - STARLINK-30331,0.000,86400.000,0.0000%,0,
Contact STARLINK-30355 - STARLINK-31827,0.000,86400.000,0.0000%,0,
Contact STARLINK-30355 - STARLINK-30767,81471.118,4928.882,94.2953%,7,
Contact STARLINK-30355 - STARLINK-31800,0.000,86400.000,0.0000%,0,
Contact STARLINK-30355 - STARLINK-4254,0.000,86400.000,0.0000%,0,
Contact STARLINK-30355 - STARLINK-3533,0.000,86400.000,0.0000%,0,
Contact STARLINK-30355 - STARLINK-31987,0.000,86400.000,0.0000%,0,
Contact STARLINK-30355 - STARLINK-6311,0.000,86400.000,0.0000%,0,
Contact STARLINK-30355 - STARLINK-31021,0.000,86400.000,0.0000%,0,
Contact STARLINK-30355 - STARLINK-2228,1825.474,84574.526,2.1128%,1,
Contact STARLINK-30355 - STARLINK-1736,0.000,86400.000,0.0000%,0,
Contact STARLINK-30355 - STARLINK-6372,85844.571,555.429,99.3571%,3,
Contact STARLINK-30355 - STARLINK-30425,0.000,86400.000,0.0000%,0,
Contact STARLINK-30355 - STARLINK-4772,6980.063,79419.937,8.0788%,6,
Contact STARLINK-30355 - STARLINK-3346,0.000,86400.000,0.0000%,0,
Contact STARLINK-30355 - STARLINK-30320,0.000,86400.000,0.0000%,0,
Contact STARLINK-30355 - STARLINK-31919,15442.937,70957.063,17.8738%,4,
Contact STARLINK-30355 - STARLINK-31639,1084.079,85315.921,1.2547%,1,
Contact STARLINK-30355 - STARLINK-31600,5594.798,80805.202,6.4755%,3,
Contact STARLINK-30355 - STARLINK-4687,0.000,86400.000,0.0000%,0,
Contact STARLINK-30355 - STARLINK-5978,0.000,86400.000,0.0000%,0,
Contact STARLINK-30355 - STARLINK-30613,1754.758,84645.242,2.0310%,2,
Contact STARLINK-30355 - STARLINK-31764,0.000,86400.000,0.0000%,0,
Contact STARLINK-30355 - STARLINK-4402,0.000,86400.000,0.0000%,0,
Contact STARLINK-30355 - STARLINK-31502,5087.790,81312.210,5.8886%,3,
Contact STARLINK-30355 - STARLINK-5618,0.000,86400.000,0.0000%,0,
Contact STARLINK-30355 - STARLINK-6255,0.000,86400.000,0.0000%,0,
Contact STARLINK-30355 - STARLINK-3898,0.000,86400.000,0.0000%,0,
Contact STARLINK-30355 - STARLINK-30842,0.000,86400.000,0.0000%,0,
Contact STARLINK-30355 - STARLINK-4631,0.000,86400.000,0.0000%,0,
Contact STARLINK-30355 - STARLINK-31539,0.000,86400.000,0.0000%,0,
Contact STARLINK-30355 - STARLINK-5807,0.000,86400.000,0.0000%,0,
Contact STARLINK-30355 - STARLINK-31722,24285.031,62114.969,28.1077%,1,
Contact STARLINK-30355 - STARLINK-1581,18231.777,68168.223,21.1016%,2,
Contact STARLINK-30355 - STARLINK-30367,0.000,86400.000,0.0000%,0,
Contact STARLINK-30355 - STARLINK-4290,86400.000,0.000,100.0000%,1,
Contact STARLINK-30355 - STARLINK-5151,0.000,86400.000,0.0000%,0,
Contact STARLINK-30355 - STARLINK-6142,55124.401,31275.599,63.8014%,7,
Contact STARLINK-30355 - STARLINK-2388,0.000,86400.000,0.0000%,0,
Contact STARLINK-30355 - STARLINK-3167,0.000,86400.000,0.0000%,0,
Contact STARLINK-30355 - STARLINK-1700,0.000,86400.000,0.0000%,0,
Contact STARLINK-30355 - STARLINK-5049,18614.805,67785.195,21.5449%,7,
Contact STARLINK-30355 - STARLINK-31463,0.000,86400.000,0.0000%,0,
Contact STARLINK-30355 - MoonARTEMIS1,60779.709,25620.291,70.3469%,9,
Contact STARLINK-30355 - MoonARTEMIS2,60821.123,25578.877,70.3948%,9,
Contact STARLINK-30355 - MoonIOAGEO,55068.667,31331.333,63.7369%,9,
Contact STARLINK-30355 - MoonIOAGNO,66524.593,19875.407,76.9961%,9,
Contact STARLINK-30355 - MoonIOAGNO 0001,66520.806,19879.194,76.9917%,9,
Contact STARLINK-30355 - MoonIOAGSO,55104.857,31295.143,63.7788%,9,
Contact STARLINK-30355 - MoonIOAGSO 0001,60201.258,26198.742,69.6774%,9,
Contact STARLINK-30355 - MoonLRO,28517.385,57882.615,33.0062%,9,
Contact STARLINK-30355 - MarsSat1,77165.575,9234.425,89.3120%,7,
Contact STARLINK-30355 - MarsSat2,77164.705,9235.295,89.3110%,7,
Contact STARLINK-30355 - MarsSat3,77165.488,9234.512,89.3119%,7,
Contact STARLINK-30355 - MarsSat4,69970.495,16429.505,80.9844%,7,
Contact STARLINK-30316 - STARLINK-2602,1613.469,84786.531,1.8674%,3,
Contact STARLINK-30316 - STARLINK-6044,0.000,86400.000,0.0000%,0,
Contact STARLINK-30316 - STARLINK-32254,0.000,86400.000,0.0000%,0,
Contact STARLINK-30316 - STARLINK-4617,0.000,86400.000,0.0000%,0,
Contact STARLINK-30316 - STARLINK-30472,0.000,86400.000,0.0000%,0,
Contact STARLINK-30316 - STARLINK-30196,0.000,86400.000,0.0000%,0,
Contact STARLINK-30316 - STARLINK-30825,0.000,86400.000,0.0000%,0,
Contact STARLINK-30316 - STARLINK-31627,0.000,86400.000,0.0000%,0,
Contact STARLINK-30316 - STARLINK-3182,0.000,86400.000,0.0000%,0,
Contact STARLINK-30316 - STARLINK-4413,4385.646,82014.354,5.0760%,6,
Contact STARLINK-30316 - STARLINK-31407,0.000,86400.000,0.0000%,0,
Contact STARLINK-30316 - STARLINK-30171,9962.846,76437.154,11.5311%,4,
Contact STARLINK-30316 - STARLINK-5660,39233.134,47166.866,45.4087%,5,
Contact STARLINK-30316 - STARLINK-32094,86400.000,0.000,100.0000%,1,
Contact STARLINK-30316 - STARLINK-4127,716.019,85683.981,0.8287%,1,
Contact STARLINK-30316 - STARLINK-30331,0.000,86400.000,0.0000%,0,
Contact STARLINK-30316 - STARLINK-31827,0.000,86400.000,0.0000%,0,
Contact STARLINK-30316 - STARLINK-30767,11001.913,75398.087,12.7337%,6,
Contact STARLINK-30316 - STARLINK-31800,0.000,86400.000,0.0000%,0,
Contact STARLINK-30316 - STARLINK-4254,55205.563,31194.437,63.8953%,1,
Contact STARLINK-30316 - STARLINK-3533,5560.806,80839.194,6.4361%,7,
Contact STARLINK-30316 - STARLINK-31987,0.000,86400.000,0.0000%,0,
Contact STARLINK-30316 - STARLINK-6311,0.000,86400.000,0.0000%,0,
Contact STARLINK-30316 - STARLINK-31021,0.000,86400.000,0.0000%,0,
Contact STARLINK-30316 - STARLINK-2228,525.229,85874.771,0.6079%,1,
Contact STARLINK-30316 - STARLINK-1736,0.000,86400.000,0.0000%,0,
Contact STARLINK-30316 - STARLINK-6372,37897.591,48502.409,43.8630%,1,
Contact STARLINK-30316 - STARLINK-30425,0.000,86400.000,0.0000%,0,
Contact STARLINK-30316 - STARLINK-4772,2171.506,84228.494,2.5133%,4,
Contact STARLINK-30316 - STARLINK-3346,0.000,86400.000,0.0000%,0,
Contact STARLINK-30316 - STARLINK-30320,485.629,85914.371,0.5621%,1,
Contact STARLINK-30316 - STARLINK-31919,5676.077,80723.923,6.5695%,8,
Contact STARLINK-30316 - STARLINK-31639,86400.000,0.000,100.0000%,1,
Contact STARLINK-30316 - STARLINK-31600,4278.773,82121.227,4.9523%,7,
Contact STARLINK-30316 - STARLINK-4687,890.496,85509.504,1.0307%,2,
Contact STARLINK-30316 - STARLINK-5978,0.000,86400.000,0.0000%,0,
Contact STARLINK-30316 - STARLINK-30613,7058.431,79341.569,8.1695%,5,
Contact STARLINK-30316 - STARLINK-31764,0.000,86400.000,0.0000%,0,
Contact STARLINK-30316 - STARLINK-4402,2613.138,83786.862,3.0245%,5,
Contact STARLINK-30316 - STARLINK-31502,0.000,86400.000,0.0000%,0,
Contact STARLINK-30316 - STARLINK-5618,64589.955,21810.045,74.7569%,2,
Contact STARLINK-30316 - STARLINK-6255,28629.857,57770.143,33.1364%,1,
Contact STARLINK-30316 - STARLINK-3898,15860.482,70539.518,18.3570%,1,
Contact STARLINK-30316 - STARLINK-30842,0.000,86400.000,0.0000%,0,
Contact STARLINK-30316 - STARLINK-4631,1191.802,85208.198,1.3794%,2,
Contact STARLINK-30316 - STARLINK-31539,0.000,86400.000,0.0000%,0,
Contact STARLINK-30316 - STARLINK-5807,0.000,86400.000,0.0000%,0,
Contact STARLINK-30316 - STARLINK-31722,0.000,86400.000,0.0000%,0,
Contact STARLINK-30316 - STARLINK-1581,0.000,86400.000,0.0000%,0,
Contact STARLINK-30316 - STARLINK-30367,15522.276,70877.724,17.9656%,1,
Contact STARLINK-30316 - STARLINK-4290,28241.885,58158.115,32.6874%,1,
Contact STARLINK-30316 - STARLINK-5151,3389.373,83010.627,3.9229%,5,
Contact STARLINK-30316 - STARLINK-6142,57762.567,28637.433,66.8548%,1,
Contact STARLINK-30316 - STARLINK-2388,0.000,86400.000,0.0000%,0,
Contact STARLINK-30316 - STARLINK-3167,279.048,86120.952,0.3230%,1,
Contact STARLINK-30316 - STARLINK-1700,0.000,86400.000,0.0000%,0,
Contact STARLINK-30316 - STARLINK-5049,7028.042,79371.958,8.1343%,5,
Contact STARLINK-30316 - STARLINK-31463,0.000,86400.000,0.0000%,0,
Contact STARLINK-30316 - MoonARTEMIS1,63224.335,23175.665,73.1763%,9,
Contact STARLINK-30316 - MoonARTEMIS2,63033.117,23366.883,72.9550%,9,
Contact STARLINK-30316 - MoonIOAGEO,62500.203,23899.797,72.3382%,8,
Contact STARLINK-30316 - MoonIOAGNO,68746.487,17653.513,79.5677%,9,
Contact STARLINK-30316 - MoonIOAGNO 0001,68793.359,17606.641,79.6219%,9,
Contact STARLINK-30316 - MoonIOAGSO,59516.882,26883.118,68.8853%,8,
Contact STARLINK-30316 - MoonIOAGSO 0001,62476.993,23923.007,72.3113%,9,
Contact STARLINK-30316 - MoonLRO,19236.210,67163.790,22.2641%,7,
Contact STARLINK-30316 - MarsSat1,69558.611,16841.389,80.5077%,9,
Contact STARLINK-30316 - MarsSat2,69558.503,16841.497,80.5075%,9,
Contact STARLINK-30316 - MarsSat3,69558.600,16841.400,80.5076%,9,
Contact STARLINK-30316 - MarsSat4,65219.394,21180.606,75.4854%,8,
Contact STARLINK-2602 - STARLINK-6044,0.000,86400.000,0.0000%,0,
Contact STARLINK-2602 - STARLINK-32254,37205.020,49194.980,43.0614%,1,
Contact STARLINK-2602 - STARLINK-4617,3299.116,83100.884,3.8184%,5,
Contact STARLINK-2602 - STARLINK-30472,6708.896,79691.104,7.7649%,1,
Contact STARLINK-2602 - STARLINK-30196,0.000,86400.000,0.0000%,0,
Contact STARLINK-2602 - STARLINK-30825,39990.553,46409.447,46.2854%,1,
Contact STARLINK-2602 - STARLINK-31627,972.103,85427.897,1.1251%,2,
Contact STARLINK-2602 - STARLINK-3182,9388.716,77011.284,10.8666%,1,
Contact STARLINK-2602 - STARLINK-4413,18156.789,68243.211,21.0148%,3,
Contact STARLINK-2602 - STARLINK-31407,0.000,86400.000,0.0000%,0,
Contact STARLINK-2602 - STARLINK-30171,14342.384,72057.616,16.6000%,3,
Contact STARLINK-2602 - STARLINK-5660,11727.634,74672.366,13.5737%,3,
Contact STARLINK-2602 - STARLINK-32094,294.984,86105.016,0.3414%,1,
Contact STARLINK-2602 - STARLINK-4127,29341.317,57058.683,33.9599%,1,
Contact STARLINK-2602 - STARLINK-30331,2829.776,83570.224,3.2752%,3,
Contact STARLINK-2602 - STARLINK-31827,0.000,86400.000,0.0000%,0,
Contact STARLINK-2602 - STARLINK-30767,1109.385,85290.615,1.2840%,1,
Contact STARLINK-2602 - STARLINK-31800,0.000,86400.000,0.0000%,0,
Contact STARLINK-2602 - STARLINK-4254,1538.900,84861.100,1.7811%,2,
Contact STARLINK-2602 - STARLINK-3533,0.000,86400.000,0.0000%,0,
Contact STARLINK-2602 - STARLINK-31987,0.000,86400.000,0.0000%,0,
Contact STARLINK-2602 - STARLINK-6311,0.000,86400.000,0.0000%,0,
Contact STARLINK-2602 - STARLINK-31021,19064.213,67335.787,22.0651%,3,
Contact STARLINK-2602 - STARLINK-2228,0.000,86400.000,0.0000%,0,
Contact STARLINK-2602 - STARLINK-1736,0.000,86400.000,0.0000%,0,
Contact STARLINK-2602 - STARLINK-6372,6057.534,80342.466,7.0110%,4,
Contact STARLINK-2602 - STARLINK-30425,0.000,86400.000,0.0000%,0,
Contact STARLINK-2602 - STARLINK-4772,50818.742,35581.258,58.8180%,1,
Contact STARLINK-2602 - STARLINK-3346,0.000,86400.000,0.0000%,0,
Contact STARLINK-2602 - STARLINK-30320,0.000,86400.000,0.0000%,0,
Contact STARLINK-2602 - STARLINK-31919,0.000,86400.000,0.0000%,0,
Contact STARLINK-2602 - STARLINK-31639,533.170,85866.830,0.6171%,1,
Contact STARLINK-2602 - STARLINK-31600,0.000,86400.000,0.0000%,0,
Contact STARLINK-2602 - STARLINK-4687,45923.998,40476.002,53.1528%,1,
Contact STARLINK-2602 - STARLINK-5978,5908.480,80491.520,6.8385%,4,
Contact STARLINK-2602 - STARLINK-30613,3915.182,82484.818,4.5315%,1,
Contact STARLINK-2602 - STARLINK-31764,0.000,86400.000,0.0000%,0,
Contact STARLINK-2602 - STARLINK-4402,15532.479,70867.521,17.9774%,3,
Contact STARLINK-2602 - STARLINK-31502,79235.405,7164.595,91.7076%,1,
Contact STARLINK-2602 - STARLINK-5618,1532.673,84867.327,1.7739%,3,
Contact STARLINK-2602 - STARLINK-6255,0.000,86400.000,0.0000%,0,
Contact STARLINK-2602 - STARLINK-3898,0.000,86400.000,0.0000%,0,
Contact STARLINK-2602 - STARLINK-30842,0.000,86400.000,0.0000%,0,
Contact STARLINK-2602 - STARLINK-4631,45934.891,40465.109,53.1654%,1,
Contact STARLINK-2602 - STARLINK-31539,0.000,86400.000,0.0000%,0,
Contact STARLINK-2602 - STARLINK-5807,4021.289,82378.711,4.6543%,1,
Contact STARLINK-2602 - STARLINK-31722,16211.561,70188.439,18.7634%,7,
Contact STARLINK-2602 - STARLINK-1581,3876.443,82523.557,4.4866%,6,
Contact STARLINK-2602 - STARLINK-30367,0.000,86400.000,0.0000%,0,
Contact STARLINK-2602 - STARLINK-4290,4219.739,82180.261,4.8840%,6,
Contact STARLINK-2602 - STARLINK-5151,0.000,86400.000,0.0000%,0,
Contact STARLINK-2602 - STARLINK-6142,6595.461,79804.539,7.6336%,5,
Contact STARLINK-2602 - STARLINK-2388,0.000,86400.000,0.0000%,0,
Contact STARLINK-2602 - STARLINK-3167,49019.197,37380.803,56.7352%,1,
Contact STARLINK-2602 - STARLINK-1700,0.000,86400.000,0.0000%,0,
Contact STARLINK-2602 - STARLINK-5049,38843.093,47556.907,44.9573%,1,
Contact STARLINK-2602 - STARLINK-31463,0.000,86400.000,0.0000%,0,
Contact STARLINK-2602 - MoonARTEMIS1,55708.448,30691.552,64.4774%,9,
Contact STARLINK-2602 - MoonARTEMIS2,58670.676,27729.324,67.9059%,9,
Contact STARLINK-2602 - MoonIOAGEO,55661.100,30738.900,64.4226%,9,
Contact STARLINK-2602 - MoonIOAGNO,61253.704,25146.296,70.8955%,9,
Contact STARLINK-2602 - MoonIOAGNO 0001,61242.824,25157.176,70.8829%,9,
Contact STARLINK-2602 - MoonIOAGSO,52256.643,34143.357,60.4822%,8,
Contact STARLINK-2602 - MoonIOAGSO 0001,50064.593,36335.407,57.9451%,9,
Contact STARLINK-2602 - MoonLRO,25016.297,61383.703,28.9540%,8,
Contact STARLINK-2602 - MarsSat1,64346.918,22053.082,74.4756%,9,
Contact STARLINK-2602 - MarsSat2,64347.138,22052.862,74.4759%,9,
Contact STARLINK-2602 - MarsSat3,64346.990,22053.010,74.4757%,9,
Contact STARLINK-2602 - MarsSat4,58789.716,27610.284,68.0437%,9,
Contact STARLINK-6044 - STARLINK-32254,824.907,85575.093,0.9548%,2,
Contact STARLINK-6044 - STARLINK-4617,18841.590,67558.410,21.8074%,7,
Contact STARLINK-6044 - STARLINK-30472,0.000,86400.000,0.0000%,0,
Contact STARLINK-6044 - STARLINK-30196,65261.855,21138.145,75.5346%,3,
Contact STARLINK-6044 - STARLINK-30825,1169.204,85230.796,1.3532%,2,
Contact STARLINK-6044 - STARLINK-31627,13497.715,72902.285,15.6224%,1,
Contact STARLINK-6044 - STARLINK-3182,0.000,86400.000,0.0000%,0,
Contact STARLINK-6044 - STARLINK-4413,0.000,86400.000,0.0000%,0,
Contact STARLINK-6044 - STARLINK-31407,7159.015,79240.985,8.2859%,1,
Contact STARLINK-6044 - STARLINK-30171,0.000,86400.000,0.0000%,0,
Contact STARLINK-6044 - STARLINK-5660,0.000,86400.000,0.0000%,0,
Contact STARLINK-6044 - STARLINK-32094,0.000,86400.000,0.0000%,0,
Contact STARLINK-6044 - STARLINK-4127,0.000,86400.000,0.0000%,0,
Contact STARLINK-6044 - STARLINK-30331,5966.939,80433.061,6.9062%,6,
Contact STARLINK-6044 - STARLINK-31827,5850.637,80549.363,6.7716%,4,
Contact STARLINK-6044 - STARLINK-30767,0.000,86400.000,0.0000%,0,
Contact STARLINK-6044 - STARLINK-31800,33090.339,53309.661,38.2990%,1,
Contact STARLINK-6044 - STARLINK-4254,0.000,86400.000,0.0000%,0,
Contact STARLINK-6044 - STARLINK-3533,0.000,86400.000,0.0000%,0,
Contact STARLINK-6044 - STARLINK-31987,3726.238,82673.762,4.3128%,5,
Contact STARLINK-6044 - STARLINK-6311,0.000,86400.000,0.0000%,0,
Contact STARLINK-6044 - STARLINK-31021,3993.497,82406.503,4.6221%,6,
Contact STARLINK-6044 - STARLINK-2228,1489.635,84910.365,1.7241%,2,
Contact STARLINK-6044 - STARLINK-1736,50965.574,35434.426,58.9879%,1,
Contact STARLINK-6044 - STARLINK-6372,0.000,86400.000,0.0000%,0,
Contact STARLINK-6044 - STARLINK-30425,38145.897,48254.103,44.1503%,1,
Contact STARLINK-6044 - STARLINK-4772,0.000,86400.000,0.0000%,0,
Contact STARLINK-6044 - STARLINK-3346,41967.085,44432.915,48.5730%,3,
Contact STARLINK-6044 - STARLINK-30320,0.000,86400.000,0.0000%,0,
Contact STARLINK-6044 - STARLINK-31919,619.663,85780.337,0.7172%,1,
Contact STARLINK-6044 - STARLINK-31639,0.000,86400.000,0.0000%,0,
Contact STARLINK-6044 - STARLINK-31600,4126.580,82273.420,4.7761%,2,
Contact STARLINK-6044 - STARLINK-4687,0.000,86400.000,0.0000%,0,
Contact STARLINK-6044 - STARLINK-5978,5722.228,80677.772,6.6229%,6,
Contact STARLINK-6044 - STARLINK-30613,0.000,86400.000,0.0000%,0,
Contact STARLINK-6044 - STARLINK-31764,21425.814,64974.186,24.7984%,1,
Contact STARLINK-6044 - STARLINK-4402,3431.054,82968.946,3.9711%,5,
Contact STARLINK-6044 - STARLINK-31502,0.000,86400.000,0.0000%,0,
Contact STARLINK-6044 - STARLINK-5618,0.000,86400.000,0.0000%,0,
Contact STARLINK-6044 - STARLINK-6255,0.000,86400.000,0.0000%,0,
Contact STARLINK-6044 - STARLINK-3898,0.000,86400.000,0.0000%,0,
Contact STARLINK-6044 - STARLINK-30842,9526.821,76873.179,11.0264%,7,
Contact STARLINK-6044 - STARLINK-4631,0.000,86400.000,0.0000%,0,
Contact STARLINK-6044 - STARLINK-31539,1635.574,84764.426,1.8930%,2,
Contact STARLINK-6044 - STARLINK-5807,0.000,86400.000,0.0000%,0,
Contact STARLINK-6044 - STARLINK-31722,1544.442,84855.558,1.7875%,2,
Contact STARLINK-6044 - STARLINK-1581,17053.606,69346.394,19.7380%,2,
Contact STARLINK-6044 - STARLINK-30367,0.000,86400.000,0.0000%,0,
Contact STARLINK-6044 - STARLINK-4290,0.000,86400.000,0.0000%,0,
Contact STARLINK-6044 - STARLINK-5151,1619.935,84780.065,1.8749%,3,
Contact STARLINK-6044 - STARLINK-6142,0.000,86400.000,0.0000%,0,
Contact STARLINK-6044 - STARLINK-2388,2236.862,84163.138,2.5890%,4,
Contact STARLINK-6044 - STARLINK-3167,0.000,86400.000,0.0000%,0,
Contact STARLINK-6044 - STARLINK-1700,36600.531,49799.469,42.3617%,7,
Contact STARLINK-6044 - STARLINK-5049,0.000,86400.000,0.0000%,0,
Contact STARLINK-6044 - STARLINK-31463,7450.414,78949.586,8.6232%,6,
Contact STARLINK-6044 - MoonARTEMIS1,77480.321,8919.679,89.6763%,6,
Contact STARLINK-6044 - MoonARTEMIS2,74618.164,11781.836,86.3636%,7,
Contact STARLINK-6044 - MoonIOAGEO,67698.128,18701.872,78.3543%,8,
Contact STARLINK-6044 - MoonIOAGNO,77646.604,8753.396,89.8688%,7,
Contact STARLINK-6044 - MoonIOAGNO 0001,77604.840,8795.160,89.8204%,7,
Contact STARLINK-6044 - MoonIOAGSO,68945.986,17454.014,79.7986%,8,
Contact STARLINK-6044 - MoonIOAGSO 0001,70138.205,16261.795,81.1785%,7,
Contact STARLINK-6044 - MoonLRO,38952.900,47447.100,45.0844%,9,
Contact STARLINK-6044 - MarsSat1,73723.421,12676.579,85.3280%,7,
Contact STARLINK-6044 - MarsSat2,73723.413,12676.587,85.3280%,7,
Contact STARLINK-6044 - MarsSat3,73723.435,12676.565,85.3280%,7,
Contact STARLINK-6044 - MarsSat4,71569.271,14830.729,82.8348%,8,
Contact STARLINK-32254 - STARLINK-4617,3516.340,82883.660,4.0698%,5,
Contact STARLINK-32254 - STARLINK-30472,3893.760,82506.240,4.5067%,5,
Contact STARLINK-32254 - STARLINK-30196,0.000,86400.000,0.0000%,0,
Contact STARLINK-32254 - STARLINK-30825,86400.000,0.000,100.0000%,1,
Contact STARLINK-32254 - STARLINK-31627,5555.855,80844.145,6.4304%,7,
Contact STARLINK-32254 - STARLINK-3182,63969.817,22430.183,74.0391%,1,
Contact STARLINK-32254 - STARLINK-4413,5621.748,80778.252,6.5067%,5,
Contact STARLINK-32254 - STARLINK-31407,0.000,86400.000,0.0000%,0,
Contact STARLINK-32254 - STARLINK-30171,0.000,86400.000,0.0000%,0,
Contact STARLINK-32254 - STARLINK-5660,0.000,86400.000,0.0000%,0,
Contact STARLINK-32254 - STARLINK-32094,0.000,86400.000,0.0000%,0,
Contact STARLINK-32254 - STARLINK-4127,78365.059,8034.941,90.7003%,7,
Contact STARLINK-32254 - STARLINK-30331,21606.845,64793.155,25.0079%,6,
Contact STARLINK-32254 - STARLINK-31827,11575.067,74824.933,13.3971%,3,
Contact STARLINK-32254 - STARLINK-30767,0.000,86400.000,0.0000%,0,
Contact STARLINK-32254 - STARLINK-31800,0.000,86400.000,0.0000%,0,
Contact STARLINK-32254 - STARLINK-4254,0.000,86400.000,0.0000%,0,
Contact STARLINK-32254 - STARLINK-3533,0.000,86400.000,0.0000%,0,
Contact STARLINK-32254 - STARLINK-31987,18155.682,68244.318,21.0135%,3,
Contact STARLINK-32254 - STARLINK-6311,0.000,86400.000,0.0000%,0,
Contact STARLINK-32254 - STARLINK-31021,86400.000,0.000,100.0000%,1,
Contact STARLINK-32254 - STARLINK-2228,800.066,85599.934,0.9260%,1,
Contact STARLINK-32254 - STARLINK-1736,0.000,86400.000,0.0000%,0,
Contact STARLINK-32254 - STARLINK-6372,601.995,85798.005,0.6968%,2,
Contact STARLINK-32254 - STARLINK-30425,1587.311,84812.689,1.8372%,3,
Contact STARLINK-32254 - STARLINK-4772,0.000,86400.000,0.0000%,0,
Contact STARLINK-32254 - STARLINK-3346,0.000,86400.000,0.0000%,0,
Contact STARLINK-32254 - STARLINK-30320,0.000,86400.000,0.0000%,0,
Contact STARLINK-32254 - STARLINK-31919,0.000,86400.000,0.0000%,0,
Contact STARLINK-32254 - STARLINK-31639,0.000,86400.000,0.0000%,0,
Contact STARLINK-32254 - STARLINK-31600,0.000,86400.000,0.0000%,0,
Contact STARLINK-32254 - STARLINK-4687,0.000,86400.000,0.0000%,0,
Contact STARLINK-32254 - STARLINK-5978,19775.178,66624.822,22.8879%,6,
Contact STARLINK-32254 - STARLINK-30613,0.000,86400.000,0.0000%,0,
Contact STARLINK-32254 - STARLINK-31764,0.000,86400.000,0.0000%,0,
Contact STARLINK-32254 - STARLINK-4402,46992.839,39407.161,54.3899%,7,
Contact STARLINK-32254 - STARLINK-31502,46672.371,39727.629,54.0189%,1,
Contact STARLINK-32254 - STARLINK-5618,0.000,86400.000,0.0000%,0,
Contact STARLINK-32254 - STARLINK-6255,0.000,86400.000,0.0000%,0,
Contact STARLINK-32254 - STARLINK-3898,0.000,86400.000,0.0000%,0,
Contact STARLINK-32254 - STARLINK-30842,0.000,86400.000,0.0000%,0,
Contact STARLINK-32254 - STARLINK-4631,0.000,86400.000,0.0000%,0,
Contact STARLINK-32254 - STARLINK-31539,0.000,86400.000,0.0000%,0,
Contact STARLINK-32254 - STARLINK-5807,705.532,85694.468,0.8166%,1,
Contact STARLINK-32254 - STARLINK-31722,7831.745,78568.255,9.0645%,2,
Contact STARLINK-32254 - STARLINK-1581,3720.133,82679.867,4.3057%,5,
Contact STARLINK-32254 - STARLINK-30367,0.000,86400.000,0.0000%,0,
Contact STARLINK-32254 - STARLINK-4290,93.922,86306.078,0.1087%,1,
Contact STARLINK-32254 - STARLINK-5151,0.000,86400.000,0.0000%,0,
Contact STARLINK-32254 - STARLINK-6142,0.000,86400.000,0.0000%,0,
Contact STARLINK-32254 - STARLINK-2388,0.000,86400.000,0.0000%,0,
Contact STARLINK-32254 - STARLINK-3167,86400.000,0.000,100.0000%,1,
Contact STARLINK-32254 - STARLINK-1700,0.000,86400.000,0.0000%,0,
Contact STARLINK-32254 - STARLINK-5049,0.000,86400.000,0.0000%,0,
Contact STARLINK-32254 - STARLINK-31463,3365.157,83034.843,3.8949%,1,
Contact STARLINK-32254 - MoonARTEMIS1,66021.224,20378.776,76.4135%,10,
Contact STARLINK-32254 - MoonARTEMIS2,65094.409,21305.591,75.3408%,10,
Contact STARLINK-32254 - MoonIOAGEO,55424.734,30975.266,64.1490%,10,
Contact STARLINK-32254 - MoonIOAGNO,67063.893,19336.107,77.6202%,10,
Contact STARLINK-32254 - MoonIOAGNO 0001,67070.556,19329.444,77.6280%,10,
Contact STARLINK-32254 - MoonIOAGSO,60598.668,25801.332,70.1373%,10,
Contact STARLINK-32254 - MoonIOAGSO 0001,59706.252,26693.748,69.1045%,10,
Contact STARLINK-32254 - MoonLRO,27653.128,58746.872,32.0059%,9,
Contact STARLINK-32254 - MarsSat1,66825.614,19574.386,77.3445%,9,
Contact STARLINK-32254 - MarsSat2,66825.756,19574.244,77.3446%,9,
Contact STARLINK-32254 - MarsSat3,66825.656,19574.344,77.3445%,9,
Contact STARLINK-32254 - MarsSat4,63346.799,23053.201,73.3181%,9,
Contact STARLINK-4617 - STARLINK-30472,4445.561,81954.439,5.1453%,6,
Contact STARLINK-4617 - STARLINK-30196,3748.142,82651.858,4.3381%,5,
Contact STARLINK-4617 - STARLINK-30825,3021.152,83378.848,3.4967%,4,
Contact STARLINK-4617 - STARLINK-31627,4412.658,81987.342,5.1072%,3,
Contact STARLINK-4617 - STARLINK-3182,4275.527,82124.473,4.9485%,6,
Contact STARLINK-4617 - STARLINK-4413,4414.662,81985.338,5.1096%,6,
Contact STARLINK-4617 - STARLINK-31407,325.628,86074.372,0.3769%,1,
Contact STARLINK-4617 - STARLINK-30171,0.000,86400.000,0.0000%,0,
Contact STARLINK-4617 - STARLINK-5660,0.000,86400.000,0.0000%,0,
Contact STARLINK-4617 - STARLINK-32094,0.000,86400.000,0.0000%,0,
Contact STARLINK-4617 - STARLINK-4127,4220.786,82179.214,4.8852%,6,
Contact STARLINK-4617 - STARLINK-30331,61925.174,24474.826,71.6727%,6,
Contact STARLINK-4617 - STARLINK-31827,6866.700,79533.300,7.9476%,1,
Contact STARLINK-4617 - STARLINK-30767,0.000,86400.000,0.0000%,0,
Contact STARLINK-4617 - STARLINK-31800,2329.748,84070.252,2.6965%,3,
Contact STARLINK-4617 - STARLINK-4254,0.000,86400.000,0.0000%,0,
Contact STARLINK-4617 - STARLINK-3533,0.000,86400.000,0.0000%,0,
Contact STARLINK-4617 - STARLINK-31987,0.000,86400.000,0.0000%,0,
Contact STARLINK-4617 - STARLINK-6311,0.000,86400.000,0.0000%,0,
Contact STARLINK-4617 - STARLINK-31021,5502.251,80897.749,6.3683%,6,
Contact STARLINK-4617 - STARLINK-2228,0.000,86400.000,0.0000%,0,
Contact STARLINK-4617 - STARLINK-1736,12955.912,73444.088,14.9953%,4,
Contact STARLINK-4617 - STARLINK-6372,0.000,86400.000,0.0000%,0,
Contact STARLINK-4617 - STARLINK-30425,2809.798,83590.202,3.2521%,4,
Contact STARLINK-4617 - STARLINK-4772,7702.305,78697.695,8.9147%,6,
Contact STARLINK-4617 - STARLINK-3346,4387.205,82012.795,5.0778%,7,
Contact STARLINK-4617 - STARLINK-30320,0.000,86400.000,0.0000%,0,
Contact STARLINK-4617 - STARLINK-31919,1067.558,85332.442,1.2356%,2,
Contact STARLINK-4617 - STARLINK-31639,0.000,86400.000,0.0000%,0,
Contact STARLINK-4617 - STARLINK-31600,890.315,85509.685,1.0305%,3,
Contact STARLINK-4617 - STARLINK-4687,10931.311,75468.689,12.6520%,6,
Contact STARLINK-4617 - STARLINK-5978,74893.279,11506.721,86.6820%,6,
Contact STARLINK-4617 - STARLINK-30613,0.000,86400.000,0.0000%,0,
Contact STARLINK-4617 - STARLINK-31764,1266.615,85133.385,1.4660%,2,
Contact STARLINK-4617 - STARLINK-4402,0.000,86400.000,0.0000%,0,
Contact STARLINK-4617 - STARLINK-31502,3499.589,82900.411,4.0505%,5,
Contact STARLINK-4617 - STARLINK-5618,0.000,86400.000,0.0000%,0,
Contact STARLINK-4617 - STARLINK-6255,0.000,86400.000,0.0000%,0,
Contact STARLINK-4617 - STARLINK-3898,0.000,86400.000,0.0000%,0,
Contact STARLINK-4617 - STARLINK-30842,10701.354,75698.646,12.3858%,7,
Contact STARLINK-4617 - STARLINK-4631,7863.539,78536.461,9.1013%,6,
Contact STARLINK-4617 - STARLINK-31539,0.000,86400.000,0.0000%,0,
Contact STARLINK-4617 - STARLINK-5807,4236.547,82163.453,4.9034%,6,
Contact STARLINK-4617 - STARLINK-31722,15702.855,70697.145,18.1746%,4,
Contact STARLINK-4617 - STARLINK-1581,17521.631,68878.369,20.2797%,3,
Contact STARLINK-4617 - STARLINK-30367,0.000,86400.000,0.0000%,0,
Contact STARLINK-4617 - STARLINK-4290,0.000,86400.000,0.0000%,0,
Contact STARLINK-4617 - STARLINK-5151,0.000,86400.000,0.0000%,0,
Contact STARLINK-4617 - STARLINK-6142,0.000,86400.000,0.0000%,0,
Contact STARLINK-4617 - STARLINK-2388,4664.852,81735.148,5.3991%,7,
Contact STARLINK-4617 - STARLINK-3167,4545.412,81854.588,5.2609%,6,
Contact STARLINK-4617 - STARLINK-1700,8022.382,78377.618,9.2852%,7,
Contact STARLINK-4617 - STARLINK-5049,3192.756,83207.244,3.6953%,6,
Contact STARLINK-4617 - STARLINK-31463,345.630,86054.370,0.4000%,1,
Contact STARLINK-4617 - MoonARTEMIS1,68740.407,17659.593,79.5607%,9,
Contact STARLINK-4617 - MoonARTEMIS2,68042.089,18357.911,78.7524%,9,
Contact STARLINK-4617 - MoonIOAGEO,57664.343,28735.657,66.7411%,9,
Contact STARLINK-4617 - MoonIOAGNO,69699.480,16700.520,80.6707%,9,
Contact STARLINK-4617 - MoonIOAGNO 0001,69694.001,16705.999,80.6644%,9,
Contact STARLINK-4617 - MoonIOAGSO,63245.684,23154.316,73.2010%,9,
Contact STARLINK-4617 - MoonIOAGSO 0001,62772.309,23627.691,72.6531%,9,
Contact STARLINK-4617 - MoonLRO,29988.158,56411.842,34.7085%,10,
Contact STARLINK-4617 - MarsSat1,86400.000,0.000,100.0000%,1,
Contact STARLINK-4617 - MarsSat2,86400.000,0.000,100.0000%,1,
Contact STARLINK-4617 - MarsSat3,86400.000,0.000,100.0000%,1,
Contact STARLINK-4617 - MarsSat4,84606.748,1793.252,97.9245%,2,
Contact STARLINK-30472 - STARLINK-30196,0.000,86400.000,0.0000%,0,
Contact STARLINK-30472 - STARLINK-30825,5712.612,80687.388,6.6118%,3,
Contact STARLINK-30472 - STARLINK-31627,63999.142,22400.858,74.0731%,2,
Contact STARLINK-30472 - STARLINK-3182,32277.173,54122.827,37.3578%,5,
Contact STARLINK-30472 - STARLINK-4413,0.000,86400.000,0.0000%,0,
Contact STARLINK-30472 - STARLINK-31407,0.000,86400.000,0.0000%,0,
Contact STARLINK-30472 - STARLINK-30171,0.000,86400.000,0.0000%,0,
Contact STARLINK-30472 - STARLINK-5660,0.000,86400.000,0.0000%,0,
Contact STARLINK-30472 - STARLINK-32094,0.000,86400.000,0.0000%,0,
Contact STARLINK-30472 - STARLINK-4127,0.000,86400.000,0.0000%,0,
Contact STARLINK-30472 - STARLINK-30331,27582.061,58817.939,31.9237%,7,
Contact STARLINK-30472 - STARLINK-31827,2191.701,84208.299,2.5367%,3,
Contact STARLINK-30472 - STARLINK-30767,0.000,86400.000,0.0000%,0,
Contact STARLINK-30472 - STARLINK-31800,0.000,86400.000,0.0000%,0,
Contact STARLINK-30472 - STARLINK-4254,0.000,86400.000,0.0000%,0,
Contact STARLINK-30472 - STARLINK-3533,0.000,86400.000,0.0000%,0,
Contact STARLINK-30472 - STARLINK-31987,6211.229,80188.771,7.1889%,5,
Contact STARLINK-30472 - STARLINK-6311,0.000,86400.000,0.0000%,0,
Contact STARLINK-30472 - STARLINK-31021,14817.516,71582.484,17.1499%,7,
Contact STARLINK-30472 - STARLINK-2228,584.106,85815.894,0.6760%,1,
Contact STARLINK-30472 - STARLINK-1736,857.575,85542.425,0.9926%,1,
Contact STARLINK-30472 - STARLINK-6372,0.000,86400.000,0.0000%,0,
Contact STARLINK-30472 - STARLINK-30425,39323.766,47076.234,45.5136%,1,
Contact STARLINK-30472 - STARLINK-4772,0.000,86400.000,0.0000%,0,
Contact STARLINK-30472 - STARLINK-3346,0.000,86400.000,0.0000%,0,
Contact STARLINK-30472 - STARLINK-30320,0.000,86400.000,0.0000%,0,
Contact STARLINK-30472 - STARLINK-31919,0.000,86400.000,0.0000%,0,
Contact STARLINK-30472 - STARLINK-31639,0.000,86400.000,0.0000%,0,
Contact STARLINK-30472 - STARLINK-31600,0.000,86400.000,0.0000%,0,
Contact STARLINK-30472 - STARLINK-4687,0.000,86400.000,0.0000%,0,
Contact STARLINK-30472 - STARLINK-5978,8477.785,77922.215,9.8123%,7,
Contact STARLINK-30472 - STARLINK-30613,0.000,86400.000,0.0000%,0,
Contact STARLINK-30472 - STARLINK-31764,0.000,86400.000,0.0000%,0,
Contact STARLINK-30472 - STARLINK-4402,0.000,86400.000,0.0000%,0,
Contact STARLINK-30472 - STARLINK-31502,7437.680,78962.320,8.6084%,2,
Contact STARLINK-30472 - STARLINK-5618,0.000,86400.000,0.0000%,0,
Contact STARLINK-30472 - STARLINK-6255,0.000,86400.000,0.0000%,0,
Contact STARLINK-30472 - STARLINK-3898,0.000,86400.000,0.0000%,0,
Contact STARLINK-30472 - STARLINK-30842,86400.000,0.000,100.0000%,1,
Contact STARLINK-30472 - STARLINK-4631,0.000,86400.000,0.0000%,0,
Contact STARLINK-30472 - STARLINK-31539,211.205,86188.795,0.2445%,1,
Contact STARLINK-30472 - STARLINK-5807,86400.000,0.000,100.0000%,1,
Contact STARLINK-30472 - STARLINK-31722,5173.367,81226.633,5.9877%,3,
Contact STARLINK-30472 - STARLINK-1581,19669.891,66730.109,22.7661%,6,
Contact STARLINK-30472 - STARLINK-30367,0.000,86400.000,0.0000%,0,
Contact STARLINK-30472 - STARLINK-4290,0.000,86400.000,0.0000%,0,
Contact STARLINK-30472 - STARLINK-5151,0.000,86400.000,0.0000%,0,
Contact STARLINK-30472 - STARLINK-6142,0.000,86400.000,0.0000%,0,
Contact STARLINK-30472 - STARLINK-2388,86120.697,279.303,99.6767%,2,
Contact STARLINK-30472 - STARLINK-3167,587.829,85812.171,0.6804%,1,
Contact STARLINK-30472 - STARLINK-1700,65344.937,21055.063,75.6307%,2,
Contact STARLINK-30472 - STARLINK-5049,0.000,86400.000,0.0000%,0,
Contact STARLINK-30472 - STARLINK-31463,15416.646,70983.354,17.8433%,5,
Contact STARLINK-30472 - MoonARTEMIS1,75507.269,10892.731,87.3927%,7,
Contact STARLINK-30472 - MoonARTEMIS2,74396.491,12003.509,86.1071%,7,
Contact STARLINK-30472 - MoonIOAGEO,66676.476,19723.524,77.1718%,8,
Contact STARLINK-30472 - MoonIOAGNO,76890.052,9509.948,88.9931%,7,
Contact STARLINK-30472 - MoonIOAGNO 0001,76911.770,9488.230,89.0183%,7,
Contact STARLINK-30472 - MoonIOAGSO,67974.902,18425.098,78.6747%,8,
Contact STARLINK-30472 - MoonIOAGSO 0001,69422.752,16977.248,80.3504%,7,
Contact STARLINK-30472 - MoonLRO,42967.973,43432.027,49.7314%,8,
Contact STARLINK-30472 - MarsSat1,67127.157,19272.843,77.6935%,9,
Contact STARLINK-30472 - MarsSat2,67127.298,19272.702,77.6936%,9,
Contact STARLINK-30472 - MarsSat3,67127.154,19272.846,77.6935%,9,
Contact STARLINK-30472 - MarsSat4,63751.343,22648.657,73.7863%,9,
Contact STARLINK-30196 - STARLINK-30825,0.000,86400.000,0.0000%,0,
Contact STARLINK-30196 - STARLINK-31627,0.000,86400.000,0.0000%,0,
Contact STARLINK-30196 - STARLINK-3182,0.000,86400.000,0.0000%,0,
Contact STARLINK-30196 - STARLINK-4413,0.000,86400.000,0.0000%,0,
Contact STARLINK-30196 - STARLINK-31407,17310.304,69089.696,20.0351%,1,
Contact STARLINK-30196 - STARLINK-30171,0.000,86400.000,0.0000%,0,
Contact STARLINK-30196 - STARLINK-5660,0.000,86400.000,0.0000%,0,
Contact STARLINK-30196 - STARLINK-32094,0.000,86400.000,0.0000%,0,
Contact STARLINK-30196 - STARLINK-4127,0.000,86400.000,0.0000%,0,
Contact STARLINK-30196 - STARLINK-30331,0.000,86400.000,0.0000%,0,
Contact STARLINK-30196 - STARLINK-31827,26163.677,60236.323,30.2820%,6,
Contact STARLINK-30196 - STARLINK-30767,0.000,86400.000,0.0000%,0,
Contact STARLINK-30196 - STARLINK-31800,51419.997,34980.003,59.5139%,1,
Contact STARLINK-30196 - STARLINK-4254,0.000,86400.000,0.0000%,0,
Contact STARLINK-30196 - STARLINK-3533,0.000,86400.000,0.0000%,0,
Contact STARLINK-30196 - STARLINK-31987,17439.360,68960.640,20.1844%,6,
Contact STARLINK-30196 - STARLINK-6311,86400.000,0.000,100.0000%,1,
Contact STARLINK-30196 - STARLINK-31021,0.000,86400.000,0.0000%,0,
Contact STARLINK-30196 - STARLINK-2228,14600.346,71799.654,16.8985%,3,
Contact STARLINK-30196 - STARLINK-1736,81125.417,5274.583,93.8952%,1,
Contact STARLINK-30196 - STARLINK-6372,0.000,86400.000,0.0000%,0,
Contact STARLINK-30196 - STARLINK-30425,39052.548,47347.452,45.1997%,1,
Contact STARLINK-30196 - STARLINK-4772,0.000,86400.000,0.0000%,0,
Contact STARLINK-30196 - STARLINK-3346,73108.157,13291.843,84.6159%,6,
Contact STARLINK-30196 - STARLINK-30320,14618.987,71781.013,16.9201%,1,
Contact STARLINK-30196 - STARLINK-31919,0.000,86400.000,0.0000%,0,
Contact STARLINK-30196 - STARLINK-31639,0.000,86400.000,0.0000%,0,
Contact STARLINK-30196 - STARLINK-31600,353.774,86046.226,0.4095%,1,
Contact STARLINK-30196 - STARLINK-4687,0.000,86400.000,0.0000%,0,
Contact STARLINK-30196 - STARLINK-5978,1744.768,84655.232,2.0194%,3,
Contact STARLINK-30196 - STARLINK-30613,0.000,86400.000,0.0000%,0,
Contact STARLINK-30196 - STARLINK-31764,35955.735,50444.265,41.6154%,2,
Contact STARLINK-30196 - STARLINK-4402,2724.082,83675.918,3.1529%,5,
Contact STARLINK-30196 - STARLINK-31502,0.000,86400.000,0.0000%,0,
Contact STARLINK-30196 - STARLINK-5618,0.000,86400.000,0.0000%,0,
Contact STARLINK-30196 - STARLINK-6255,0.000,86400.000,0.0000%,0,
Contact STARLINK-30196 - STARLINK-3898,0.000,86400.000,0.0000%,0,
Contact STARLINK-30196 - STARLINK-30842,7197.951,79202.049,8.3310%,6,
Contact STARLINK-30196 - STARLINK-4631,0.000,86400.000,0.0000%,0,
Contact STARLINK-30196 - STARLINK-31539,9505.087,76894.913,11.0013%,4,
Contact STARLINK-30196 - STARLINK-5807,0.000,86400.000,0.0000%,0,
Contact STARLINK-30196 - STARLINK-31722,0.000,86400.000,0.0000%,0,
Contact STARLINK-30196 - STARLINK-1581,0.000,86400.000,0.0000%,0,
Contact STARLINK-30196 - STARLINK-30367,28746.914,57653.086,33.2719%,3,
Contact STARLINK-30196 - STARLINK-4290,0.000,86400.000,0.0000%,0,
Contact STARLINK-30196 - STARLINK-5151,945.115,85454.885,1.0939%,2,
Contact STARLINK-30196 - STARLINK-6142,0.000,86400.000,0.0000%,0,
Contact STARLINK-30196 - STARLINK-2388,414.956,85985.044,0.4803%,1,
Contact STARLINK-30196 - STARLINK-3167,0.000,86400.000,0.0000%,0,
Contact STARLINK-30196 - STARLINK-1700,4652.973,81747.027,5.3854%,7,
Contact STARLINK-30196 - STARLINK-5049,0.000,86400.000,0.0000%,0,
Contact STARLINK-30196 - STARLINK-31463,8124.983,78275.017,9.4039%,6,
Contact STARLINK-30196 - MoonARTEMIS1,69323.457,17076.543,80.2355%,9,
Contact STARLINK-30196 - MoonARTEMIS2,63536.548,22863.452,73.5377%,9,
Contact STARLINK-30196 - MoonIOAGEO,64310.245,22089.755,74.4332%,8,
Contact STARLINK-30196 - MoonIOAGNO,70202.898,16197.102,81.2534%,9,
Contact STARLINK-30196 - MoonIOAGNO 0001,70205.142,16194.858,81.2560%,9,
Contact STARLINK-30196 - MoonIOAGSO,62726.747,23673.253,72.6004%,9,
Contact STARLINK-30196 - MoonIOAGSO 0001,63579.267,22820.733,73.5871%,9,
Contact STARLINK-30196 - MoonLRO,28202.592,58197.408,32.6419%,9,
Contact STARLINK-30196 - MarsSat1,67960.528,18439.472,78.6580%,10,
Contact STARLINK-30196 - MarsSat2,67960.390,18439.610,78.6579%,10,
Contact STARLINK-30196 - MarsSat3,67960.561,18439.439,78.6581%,10,
Contact STARLINK-30196 - MarsSat4,58716.186,27683.814,67.9585%,10,
Contact STARLINK-30825 - STARLINK-31627,8720.630,77679.370,10.0933%,7,
Contact STARLINK-30825 - STARLINK-3182,58973.205,27426.795,68.2560%,7,
Contact STARLINK-30825 - STARLINK-4413,16251.814,70148.186,18.8100%,4,
Contact STARLINK-30825 - STARLINK-31407,0.000,86400.000,0.0000%,0,
Contact STARLINK-30825 - STARLINK-30171,0.000,86400.000,0.0000%,0,
Contact STARLINK-30825 - STARLINK-5660,0.000,86400.000,0.0000%,0,
Contact STARLINK-30825 - STARLINK-32094,0.000,86400.000,0.0000%,0,
Contact STARLINK-30825 - STARLINK-4127,42531.230,43868.770,49.2260%,6,
Contact STARLINK-30825 - STARLINK-30331,23940.838,62459.162,27.7093%,6,
Contact STARLINK-30825 - STARLINK-31827,423.808,85976.192,0.4905%,1,
Contact STARLINK-30825 - STARLINK-30767,0.000,86400.000,0.0000%,0,
Contact STARLINK-30825 - STARLINK-31800,0.000,86400.000,0.0000%,0,
Contact STARLINK-30825 - STARLINK-4254,0.000,86400.000,0.0000%,0,
Contact STARLINK-30825 - STARLINK-3533,0.000,86400.000,0.0000%,0,
Contact STARLINK-30825 - STARLINK-31987,0.000,86400.000,0.0000%,0,
Contact STARLINK-30825 - STARLINK-6311,0.000,86400.000,0.0000%,0,
Contact STARLINK-30825 - STARLINK-31021,78183.085,8216.915,90.4897%,1,
Contact STARLINK-30825 - STARLINK-2228,0.000,86400.000,0.0000%,0,
Contact STARLINK-30825 - STARLINK-1736,0.000,86400.000,0.0000%,0,
Contact STARLINK-30825 - STARLINK-6372,2138.960,84261.040,2.4756%,3,
Contact STARLINK-30825 - STARLINK-30425,493.578,85906.422,0.5713%,1,
Contact STARLINK-30825 - STARLINK-4772,0.000,86400.000,0.0000%,0,
Contact STARLINK-30825 - STARLINK-3346,0.000,86400.000,0.0000%,0,
Contact STARLINK-30825 - STARLINK-30320,0.000,86400.000,0.0000%,0,
Contact STARLINK-30825 - STARLINK-31919,0.000,86400.000,0.0000%,0,
Contact STARLINK-30825 - STARLINK-31639,0.000,86400.000,0.0000%,0,
Contact STARLINK-30825 - STARLINK-31600,0.000,86400.000,0.0000%,0,
Contact STARLINK-30825 - STARLINK-4687,47237.938,39162.062,54.6735%,1,
Contact STARLINK-30825 - STARLINK-5978,13700.078,72699.922,15.8566%,5,
Contact STARLINK-30825 - STARLINK-30613,0.000,86400.000,0.0000%,0,
Contact STARLINK-30825 - STARLINK-31764,0.000,86400.000,0.0000%,0,
Contact STARLINK-30825 - STARLINK-4402,53246.971,33153.029,61.6284%,4,
Contact STARLINK-30825 - STARLINK-31502,71566.421,14833.579,82.8315%,3,
Contact STARLINK-30825 - STARLINK-5618,0.000,86400.000,0.0000%,0,
Contact STARLINK-30825 - STARLINK-6255,0.000,86400.000,0.0000%,0,
Contact STARLINK-30825 - STARLINK-3898,0.000,86400.000,0.0000%,0,
Contact STARLINK-30825 - STARLINK-30842,0.000,86400.000,0.0000%,0,
Contact STARLINK-30825 - STARLINK-4631,39958.322,46441.678,46.2481%,1,
Contact STARLINK-30825 - STARLINK-31539,0.000,86400.000,0.0000%,0,
Contact STARLINK-30825 - STARLINK-5807,4773.355,81626.645,5.5247%,2,
Contact STARLINK-30825 - STARLINK-31722,533.102,85866.898,0.6170%,1,
Contact STARLINK-30825 - STARLINK-1581,4828.514,81571.486,5.5886%,7,
Contact STARLINK-30825 - STARLINK-30367,0.000,86400.000,0.0000%,0,
Contact STARLINK-30825 - STARLINK-4290,266.882,86133.118,0.3089%,1,
Contact STARLINK-30825 - STARLINK-5151,0.000,86400.000,0.0000%,0,
Contact STARLINK-30825 - STARLINK-6142,1145.104,85254.896,1.3254%,2,
Contact STARLINK-30825 - STARLINK-2388,0.000,86400.000,0.0000%,0,
Contact STARLINK-30825 - STARLINK-3167,86400.000,0.000,100.0000%,1,
Contact STARLINK-30825 - STARLINK-1700,0.000,86400.000,0.0000%,0,
Contact STARLINK-30825 - STARLINK-5049,0.000,86400.000,0.0000%,0,
Contact STARLINK-30825 - STARLINK-31463,0.000,86400.000,0.0000%,0,
Contact STARLINK-30825 - MoonARTEMIS1,63053.293,23346.707,72.9783%,9,
Contact STARLINK-30825 - MoonARTEMIS2,66544.926,19855.074,77.0196%,9,
Contact STARLINK-30825 - MoonIOAGEO,57303.052,29096.948,66.3230%,9,
Contact STARLINK-30825 - MoonIOAGNO,68634.886,17765.114,79.4385%,9,
Contact STARLINK-30825 - MoonIOAGNO 0001,68621.115,17778.885,79.4226%,9,
Contact STARLINK-30825 - MoonIOAGSO,61995.425,24404.575,71.7540%,9,
Contact STARLINK-30825 - MoonIOAGSO 0001,57299.359,29100.641,66.3187%,9,
Contact STARLINK-30825 - MoonLRO,31864.900,54535.100,36.8807%,8,
Contact STARLINK-30825 - MarsSat1,62137.181,24262.819,71.9180%,9,
Contact STARLINK-30825 - MarsSat2,62137.231,24262.769,71.9181%,9,
Contact STARLINK-30825 - MarsSat3,62137.148,24262.852,71.9180%,9,
Contact STARLINK-30825 - MarsSat4,60092.319,26307.681,69.5513%,9,
Contact STARLINK-31627 - STARLINK-3182,11753.884,74646.116,13.6040%,7,
Contact STARLINK-31627 - STARLINK-4413,0.000,86400.000,0.0000%,0,
Contact STARLINK-31627 - STARLINK-31407,0.000,86400.000,0.0000%,0,
Contact STARLINK-31627 - STARLINK-30171,0.000,86400.000,0.0000%,0,
Contact STARLINK-31627 - STARLINK-5660,0.000,86400.000,0.0000%,0,
Contact STARLINK-31627 - STARLINK-32094,0.000,86400.000,0.0000%,0,
Contact STARLINK-31627 - STARLINK-4127,10585.515,75814.485,12.2518%,6,
Contact STARLINK-31627 - STARLINK-30331,10178.564,76221.436,11.7807%,4,
Contact STARLINK-31627 - STARLINK-31827,0.000,86400.000,0.0000%,0,
Contact STARLINK-31627 - STARLINK-30767,0.000,86400.000,0.0000%,0,
Contact STARLINK-31627 - STARLINK-31800,0.000,86400.000,0.0000%,0,
Contact STARLINK-31627 - STARLINK-4254,0.000,86400.000,0.0000%,0,
Contact STARLINK-31627 - STARLINK-3533,0.000,86400.000,0.0000%,0,
Contact STARLINK-31627 - STARLINK-31987,0.000,86400.000,0.0000%,0,
Contact STARLINK-31627 - STARLINK-6311,0.000,86400.000,0.0000%,0,
Contact STARLINK-31627 - STARLINK-31021,7961.328,78438.672,9.2145%,6,
Contact STARLINK-31627 - STARLINK-2228,0.000,86400.000,0.0000%,0,
Contact STARLINK-31627 - STARLINK-1736,0.000,86400.000,0.0000%,0,
Contact STARLINK-31627 - STARLINK-6372,21532.896,64867.104,24.9223%,1,
Contact STARLINK-31627 - STARLINK-30425,14164.903,72235.097,16.3946%,1,
Contact STARLINK-31627 - STARLINK-4772,701.089,85698.911,0.8114%,2,
Contact STARLINK-31627 - STARLINK-3346,0.000,86400.000,0.0000%,0,
Contact STARLINK-31627 - STARLINK-30320,0.000,86400.000,0.0000%,0,
Contact STARLINK-31627 - STARLINK-31919,0.000,86400.000,0.0000%,0,
Contact STARLINK-31627 - STARLINK-31639,0.000,86400.000,0.0000%,0,
Contact STARLINK-31627 - STARLINK-31600,0.000,86400.000,0.0000%,0,
Contact STARLINK-31627 - STARLINK-4687,6836.678,79563.322,7.9128%,6,
Contact STARLINK-31627 - STARLINK-5978,6004.254,80395.746,6.9494%,4,
Contact STARLINK-31627 - STARLINK-30613,0.000,86400.000,0.0000%,0,
Contact STARLINK-31627 - STARLINK-31764,0.000,86400.000,0.0000%,0,
Contact STARLINK-31627 - STARLINK-4402,4695.503,81704.497,5.4346%,7,
Contact STARLINK-31627 - STARLINK-31502,1326.035,85073.965,1.5348%,2,
Contact STARLINK-31627 - STARLINK-5618,0.000,86400.000,0.0000%,0,
Contact STARLINK-31627 - STARLINK-6255,0.000,86400.000,0.0000%,0,
Contact STARLINK-31627 - STARLINK-3898,0.000,86400.000,0.0000%,0,
Contact STARLINK-31627 - STARLINK-30842,11133.896,75266.104,12.8865%,3,
Contact STARLINK-31627 - STARLINK-4631,5654.640,80745.360,6.5447%,4,
Contact STARLINK-31627 - STARLINK-31539,0.000,86400.000,0.0000%,0,
Contact STARLINK-31627 - STARLINK-5807,11654.344,74745.656,13.4888%,6,
Contact STARLINK-31627 - STARLINK-31722,9571.496,76828.504,11.0781%,7,
Contact STARLINK-31627 - STARLINK-1581,86400.000,0.000,100.0000%,1,
Contact STARLINK-31627 - STARLINK-30367,0.000,86400.000,0.0000%,0,
Contact STARLINK-31627 - STARLINK-4290,14279.206,72120.794,16.5269%,1,
Contact STARLINK-31627 - STARLINK-5151,0.000,86400.000,0.0000%,0,
Contact STARLINK-31627 - STARLINK-6142,0.000,86400.000,0.0000%,0,
Contact STARLINK-31627 - STARLINK-2388,15982.786,70417.214,18.4986%,6,
Contact STARLINK-31627 - STARLINK-3167,5013.029,81386.971,5.8021%,7,
Contact STARLINK-31627 - STARLINK-1700,11042.279,75357.721,12.7804%,3,
Contact STARLINK-31627 - STARLINK-5049,0.000,86400.000,0.0000%,0,
Contact STARLINK-31627 - STARLINK-31463,0.000,86400.000,0.0000%,0,
Contact STARLINK-31627 - MoonARTEMIS1,68850.421,17549.579,79.6880%,7,
Contact STARLINK-31627 - MoonARTEMIS2,71461.933,14938.067,82.7106%,7,
Contact STARLINK-31627 - MoonIOAGEO,60996.473,25403.527,70.5978%,8,
Contact STARLINK-31627 - MoonIOAGNO,74312.873,12087.127,86.0103%,7,
Contact STARLINK-31627 - MoonIOAGNO 0001,74282.797,12117.203,85.9755%,7,
Contact STARLINK-31627 - MoonIOAGSO,66880.898,19519.102,77.4084%,7,
Contact STARLINK-31627 - MoonIOAGSO 0001,62893.899,23506.101,72.7939%,7,
Contact STARLINK-31627 - MoonLRO,34571.947,51828.053,40.0138%,9,
Contact STARLINK-31627 - MarsSat1,68046.929,18353.071,78.7580%,9,
Contact STARLINK-31627 - MarsSat2,68046.904,18353.096,78.7580%,9,
Contact STARLINK-31627 - MarsSat3,68047.006,18352.994,78.7581%,9,
Contact STARLINK-31627 - MarsSat4,64237.756,22162.244,74.3493%,9,
Contact STARLINK-3182 - STARLINK-4413,7568.093,78831.907,8.7594%,2,
Contact STARLINK-3182 - STARLINK-31407,0.000,86400.000,0.0000%,0,
Contact STARLINK-3182 - STARLINK-30171,0.000,86400.000,0.0000%,0,
Contact STARLINK-3182 - STARLINK-5660,0.000,86400.000,0.0000%,0,
Contact STARLINK-3182 - STARLINK-32094,0.000,86400.000,0.0000%,0,
Contact STARLINK-3182 - STARLINK-4127,74921.582,11478.418,86.7148%,1,
Contact STARLINK-3182 - STARLINK-30331,8208.204,78191.796,9.5002%,6,
Contact STARLINK-3182 - STARLINK-31827,6861.485,79538.515,7.9415%,6,
Contact STARLINK-3182 - STARLINK-30767,0.000,86400.000,0.0000%,0,
Contact STARLINK-3182 - STARLINK-31800,0.000,86400.000,0.0000%,0,
Contact STARLINK-3182 - STARLINK-4254,0.000,86400.000,0.0000%,0,
Contact STARLINK-3182 - STARLINK-3533,0.000,86400.000,0.0000%,0,
Contact STARLINK-3182 - STARLINK-31987,9257.385,77142.615,10.7146%,7,
Contact STARLINK-3182 - STARLINK-6311,0.000,86400.000,0.0000%,0,
Contact STARLINK-3182 - STARLINK-31021,19832.459,66567.541,22.9542%,4,
Contact STARLINK-3182 - STARLINK-2228,0.000,86400.000,0.0000%,0,
Contact STARLINK-3182 - STARLINK-1736,0.000,86400.000,0.0000%,0,
Contact STARLINK-3182 - STARLINK-6372,961.191,85438.809,1.1125%,2,
Contact STARLINK-3182 - STARLINK-30425,717.969,85682.031,0.8310%,2,
Contact STARLINK-3182 - STARLINK-4772,0.000,86400.000,0.0000%,0,
Contact STARLINK-3182 - STARLINK-3346,0.000,86400.000,0.0000%,0,
Contact STARLINK-3182 - STARLINK-30320,0.000,86400.000,0.0000%,0,
Contact STARLINK-3182 - STARLINK-31919,0.000,86400.000,0.0000%,0,
Contact STARLINK-3182 - STARLINK-31639,0.000,86400.000,0.0000%,0,
Contact STARLINK-3182 - STARLINK-31600,0.000,86400.000,0.0000%,0,
Contact STARLINK-3182 - STARLINK-4687,0.000,86400.000,0.0000%,0,
Contact STARLINK-3182 - STARLINK-5978,6050.979,80349.021,7.0034%,4,
Contact STARLINK-3182 - STARLINK-30613,0.000,86400.000,0.0000%,0,
Contact STARLINK-3182 - STARLINK-31764,0.000,86400.000,0.0000%,0,
Contact STARLINK-3182 - STARLINK-4402,7303.759,79096.241,8.4534%,2,
Contact STARLINK-3182 - STARLINK-31502,15195.673,71204.327,17.5876%,1,
Contact STARLINK-3182 - STARLINK-5618,0.000,86400.000,0.0000%,0,
Contact STARLINK-3182 - STARLINK-6255,0.000,86400.000,0.0000%,0,
Contact STARLINK-3182 - STARLINK-3898,0.000,86400.000,0.0000%,0,
Contact STARLINK-3182 - STARLINK-30842,14193.811,72206.189,16.4280%,2,
Contact STARLINK-3182 - STARLINK-4631,0.000,86400.000,0.0000%,0,
Contact STARLINK-3182 - STARLINK-31539,0.000,86400.000,0.0000%,0,
Contact STARLINK-3182 - STARLINK-5807,37088.349,49311.651,42.9263%,2,
Contact STARLINK-3182 - STARLINK-31722,0.000,86400.000,0.0000%,0,
Contact STARLINK-3182 - STARLINK-1581,4440.441,81959.559,5.1394%,6,
Contact STARLINK-3182 - STARLINK-30367,0.000,86400.000,0.0000%,0,
Contact STARLINK-3182 - STARLINK-4290,229.683,86170.317,0.2658%,1,
Contact STARLINK-3182 - STARLINK-5151,0.000,86400.000,0.0000%,0,
Contact STARLINK-3182 - STARLINK-6142,0.000,86400.000,0.0000%,0,
Contact STARLINK-3182 - STARLINK-2388,20956.955,65443.045,24.2557%,2,
Contact STARLINK-3182 - STARLINK-3167,32637.418,53762.582,37.7748%,1,
Contact STARLINK-3182 - STARLINK-1700,0.000,86400.000,0.0000%,0,
Contact STARLINK-3182 - STARLINK-5049,0.000,86400.000,0.0000%,0,
Contact STARLINK-3182 - STARLINK-31463,0.000,86400.000,0.0000%,0,
Contact STARLINK-3182 - MoonARTEMIS1,60465.654,25934.346,69.9834%,10,
Contact STARLINK-3182 - MoonARTEMIS2,55986.575,30413.425,64.7993%,9,
Contact STARLINK-3182 - MoonIOAGEO,46135.934,40264.066,53.3981%,9,
Contact STARLINK-3182 - MoonIOAGNO,61252.439,25147.561,70.8940%,10,
Contact STARLINK-3182 - MoonIOAGNO 0001,57779.564,28620.436,66.8745%,9,
Contact STARLINK-3182 - MoonIOAGSO,51343.538,35056.462,59.4254%,9,
Contact STARLINK-3182 - MoonIOAGSO 0001,58513.514,27886.486,67.7240%,8,
Contact STARLINK-3182 - MoonLRO,23987.601,62412.399,27.7634%,8,
Contact STARLINK-3182 - MarsSat1,73560.938,12839.062,85.1400%,7,
Contact STARLINK-3182 - MarsSat2,73561.127,12838.873,85.1402%,7,
Contact STARLINK-3182 - MarsSat3,73560.895,12839.105,85.1399%,7,
Contact STARLINK-3182 - MarsSat4,69673.387,16726.613,80.6405%,7,
Contact STARLINK-4413 - STARLINK-31407,2365.760,84034.240,2.7381%,3,
Contact STARLINK-4413 - STARLINK-30171,24.031,86375.969,0.0278%,1,
Contact STARLINK-4413 - STARLINK-5660,23403.792,62996.208,27.0877%,7,
Contact STARLINK-4413 - STARLINK-32094,4118.144,82281.856,4.7664%,6,
Contact STARLINK-4413 - STARLINK-4127,0.000,86400.000,0.0000%,0,
Contact STARLINK-4413 - STARLINK-30331,4436.150,81963.850,5.1344%,6,
Contact STARLINK-4413 - STARLINK-31827,2957.184,83442.816,3.4227%,5,
Contact STARLINK-4413 - STARLINK-30767,0.000,86400.000,0.0000%,0,
Contact STARLINK-4413 - STARLINK-31800,667.665,85732.335,0.7728%,2,
Contact STARLINK-4413 - STARLINK-4254,10985.947,75414.053,12.7152%,7,
Contact STARLINK-4413 - STARLINK-3533,0.000,86400.000,0.0000%,0,
Contact STARLINK-4413 - STARLINK-31987,2510.160,83889.840,2.9053%,4,
Contact STARLINK-4413 - STARLINK-6311,1090.949,85309.051,1.2627%,3,
Contact STARLINK-4413 - STARLINK-31021,5631.705,80768.295,6.5182%,6,
Contact STARLINK-4413 - STARLINK-2228,1480.102,84919.898,1.7131%,3,
Contact STARLINK-4413 - STARLINK-1736,472.667,85927.333,0.5471%,1,
Contact STARLINK-4413 - STARLINK-6372,7622.645,78777.355,8.8225%,7,
Contact STARLINK-4413 - STARLINK-30425,0.000,86400.000,0.0000%,0,
Contact STARLINK-4413 - STARLINK-4772,11542.451,74857.549,13.3593%,3,
Contact STARLINK-4413 - STARLINK-3346,0.000,86400.000,0.0000%,0,
Contact STARLINK-4413 - STARLINK-30320,3738.483,82661.517,4.3269%,6,
Contact STARLINK-4413 - STARLINK-31919,356.944,86043.056,0.4131%,1,
Contact STARLINK-4413 - STARLINK-31639,7955.393,78444.607,9.2076%,7,
Contact STARLINK-4413 - STARLINK-31600,7805.888,78594.112,9.0346%,2,
Contact STARLINK-4413 - STARLINK-4687,35924.684,50475.316,41.5795%,6,
Contact STARLINK-4413 - STARLINK-5978,4672.788,81727.212,5.4083%,6,
Contact STARLINK-4413 - STARLINK-30613,0.000,86400.000,0.0000%,0,
Contact STARLINK-4413 - STARLINK-31764,4436.561,81963.439,5.1349%,3,
Contact STARLINK-4413 - STARLINK-4402,39789.975,46610.025,46.0532%,6,
Contact STARLINK-4413 - STARLINK-31502,22354.041,64045.959,25.8727%,4,
Contact STARLINK-4413 - STARLINK-5618,4882.914,81517.086,5.6515%,7,
Contact STARLINK-4413 - STARLINK-6255,3155.364,83244.636,3.6520%,6,
Contact STARLINK-4413 - STARLINK-3898,3680.646,82719.354,4.2600%,6,
Contact STARLINK-4413 - STARLINK-30842,0.000,86400.000,0.0000%,0,
Contact STARLINK-4413 - STARLINK-4631,33683.301,52716.699,38.9853%,6,
Contact STARLINK-4413 - STARLINK-31539,0.000,86400.000,0.0000%,0,
Contact STARLINK-4413 - STARLINK-5807,0.000,86400.000,0.0000%,0,
Contact STARLINK-4413 - STARLINK-31722,4118.309,82281.691,4.7666%,6,
Contact STARLINK-4413 - STARLINK-1581,2800.482,83599.518,3.2413%,6,
Contact STARLINK-4413 - STARLINK-30367,2664.405,83735.595,3.0838%,6,
Contact STARLINK-4413 - STARLINK-4290,3623.031,82776.969,4.1933%,6,
Contact STARLINK-4413 - STARLINK-5151,0.000,86400.000,0.0000%,0,
Contact STARLINK-4413 - STARLINK-6142,5989.980,80410.020,6.9328%,7,
Contact STARLINK-4413 - STARLINK-2388,0.000,86400.000,0.0000%,0,
Contact STARLINK-4413 - STARLINK-3167,36740.697,49659.303,42.5240%,6,
Contact STARLINK-4413 - STARLINK-1700,0.000,86400.000,0.0000%,0,
Contact STARLINK-4413 - STARLINK-5049,0.000,86400.000,0.0000%,0,
Contact STARLINK-4413 - STARLINK-31463,0.000,86400.000,0.0000%,0,
Contact STARLINK-4413 - MoonARTEMIS1,61575.414,24824.586,71.2678%,9,
Contact STARLINK-4413 - MoonARTEMIS2,65021.674,21378.326,75.2566%,9,
Contact STARLINK-4413 - MoonIOAGEO,55919.580,30480.420,64.7217%,9,
Contact STARLINK-4413 - MoonIOAGNO,67421.486,18978.514,78.0341%,9,
Contact STARLINK-4413 - MoonIOAGNO 0001,67410.262,18989.738,78.0211%,9,
Contact STARLINK-4413 - MoonIOAGSO,62997.489,23402.511,72.9138%,8,
Contact STARLINK-4413 - MoonIOAGSO 0001,55906.202,30493.798,64.7063%,9,
Contact STARLINK-4413 - MoonLRO,31478.807,54921.193,36.4338%,7,
Contact STARLINK-4413 - MarsSat1,86400.000,0.000,100.0000%,1,
Contact STARLINK-4413 - MarsSat2,86400.000,0.000,100.0000%,1,
Contact STARLINK-4413 - MarsSat3,86400.000,0.000,100.0000%,1,
Contact STARLINK-4413 - MarsSat4,84606.532,1793.468,97.9242%,2,
Contact STARLINK-31407 - STARLINK-30171,57747.108,28652.892,66.8369%,1,
Contact STARLINK-31407 - STARLINK-5660,48179.058,38220.942,55.7628%,1,
Contact STARLINK-31407 - STARLINK-32094,0.000,86400.000,0.0000%,0,
Contact STARLINK-31407 - STARLINK-4127,0.000,86400.000,0.0000%,0,
Contact STARLINK-31407 - STARLINK-30331,0.000,86400.000,0.0000%,0,
Contact STARLINK-31407 - STARLINK-31827,0.000,86400.000,0.0000%,0,
Contact STARLINK-31407 - STARLINK-30767,6842.858,79557.142,7.9200%,5,
Contact STARLINK-31407 - STARLINK-31800,0.000,86400.000,0.0000%,0,
Contact STARLINK-31407 - STARLINK-4254,46729.337,39670.663,54.0849%,2,
Contact STARLINK-31407 - STARLINK-3533,5361.210,81038.790,6.2051%,7,
Contact STARLINK-31407 - STARLINK-31987,0.000,86400.000,0.0000%,0,
Contact STARLINK-31407 - STARLINK-6311,24502.844,61897.156,28.3598%,4,
Contact STARLINK-31407 - STARLINK-31021,0.000,86400.000,0.0000%,0,
Contact STARLINK-31407 - STARLINK-2228,4267.772,82132.228,4.9396%,5,
Contact STARLINK-31407 - STARLINK-1736,0.000,86400.000,0.0000%,0,
Contact STARLINK-31407 - STARLINK-6372,0.000,86400.000,0.0000%,0,
Contact STARLINK-31407 - STARLINK-30425,0.000,86400.000,0.0000%,0,
Contact STARLINK-31407 - STARLINK-4772,514.942,85885.058,0.5960%,1,
Contact STARLINK-31407 - STARLINK-3346,36072.126,50327.874,41.7501%,1,
Contact STARLINK-31407 - STARLINK-30320,71163.918,15236.082,82.3656%,8,
Contact STARLINK-31407 - STARLINK-31919,7079.472,79320.528,8.1938%,7,
Contact STARLINK-31407 - STARLINK-31639,39255.405,47144.595,45.4345%,3,
Contact STARLINK-31407 - STARLINK-31600,80882.096,5517.904,93.6135%,8,
Contact STARLINK-31407 - STARLINK-4687,0.000,86400.000,0.0000%,0,
Contact STARLINK-31407 - STARLINK-5978,0.000,86400.000,0.0000%,0,
Contact STARLINK-31407 - STARLINK-30613,7303.781,79096.219,8.4535%,5,
Contact STARLINK-31407 - STARLINK-31764,86400.000,0.000,100.0000%,1,
Contact STARLINK-31407 - STARLINK-4402,1132.814,85267.186,1.3111%,2,
Contact STARLINK-31407 - STARLINK-31502,0.000,86400.000,0.0000%,0,
Contact STARLINK-31407 - STARLINK-5618,2669.534,83730.466,3.0897%,3,
Contact STARLINK-31407 - STARLINK-6255,39670.403,46729.597,45.9148%,2,
Contact STARLINK-31407 - STARLINK-3898,32448.426,53951.574,37.5560%,5,
Contact STARLINK-31407 - STARLINK-30842,0.000,86400.000,0.0000%,0,
Contact STARLINK-31407 - STARLINK-4631,0.000,86400.000,0.0000%,0,
Contact STARLINK-31407 - STARLINK-31539,1636.528,84763.472,1.8941%,4,
Contact STARLINK-31407 - STARLINK-5807,0.000,86400.000,0.0000%,0,
Contact STARLINK-31407 - STARLINK-31722,0.000,86400.000,0.0000%,0,
Contact STARLINK-31407 - STARLINK-1581,0.000,86400.000,0.0000%,0,
Contact STARLINK-31407 - STARLINK-30367,28271.806,58128.194,32.7220%,4,
Contact STARLINK-31407 - STARLINK-4290,0.000,86400.000,0.0000%,0,
Contact STARLINK-31407 - STARLINK-5151,4912.671,81487.329,5.6860%,6,
Contact STARLINK-31407 - STARLINK-6142,17729.471,68670.529,20.5202%,1,
Contact STARLINK-31407 - STARLINK-2388,0.000,86400.000,0.0000%,0,
Contact STARLINK-31407 - STARLINK-3167,0.000,86400.000,0.0000%,0,
Contact STARLINK-31407 - STARLINK-1700,0.000,86400.000,0.0000%,0,
Contact STARLINK-31407 - STARLINK-5049,18256.699,68143.301,21.1304%,3,
Contact STARLINK-31407 - STARLINK-31463,0.000,86400.000,0.0000%,0,
Contact STARLINK-31407 - MoonARTEMIS1,68557.220,17842.780,79.3486%,8,
Contact STARLINK-31407 - MoonARTEMIS2,70101.509,16298.491,81.1360%,7,
Contact STARLINK-31407 - MoonIOAGEO,62014.515,24385.485,71.7761%,7,
Contact STARLINK-31407 - MoonIOAGNO,74188.633,12211.367,85.8665%,8,
Contact STARLINK-31407 - MoonIOAGNO 0001,74236.668,12163.332,85.9221%,8,
Contact STARLINK-31407 - MoonIOAGSO,67191.035,19208.965,77.7674%,8,
Contact STARLINK-31407 - MoonIOAGSO 0001,67246.927,19153.073,77.8321%,8,
Contact STARLINK-31407 - MoonLRO,33721.823,52678.177,39.0299%,8,
Contact STARLINK-31407 - MarsSat1,67073.561,19326.439,77.6314%,10,
Contact STARLINK-31407 - MarsSat2,67073.574,19326.426,77.6315%,10,
Contact STARLINK-31407 - MarsSat3,67073.559,19326.441,77.6314%,10,
Contact STARLINK-31407 - MarsSat4,59540.688,26859.312,68.9128%,10,
Contact STARLINK-30171 - STARLINK-5660,86400.000,0.000,100.0000%,1,
Contact STARLINK-30171 - STARLINK-32094,12616.501,73783.499,14.6024%,4,
Contact STARLINK-30171 - STARLINK-4127,0.000,86400.000,0.0000%,0,
Contact STARLINK-30171 - STARLINK-30331,0.000,86400.000,0.0000%,0,
Contact STARLINK-30171 - STARLINK-31827,0.000,86400.000,0.0000%,0,
Contact STARLINK-30171 - STARLINK-30767,18867.203,67532.797,21.8370%,7,
Contact STARLINK-30171 - STARLINK-31800,32469.837,53930.163,37.5808%,2,
Contact STARLINK-30171 - STARLINK-4254,46484.167,39915.833,53.8011%,6,
Contact STARLINK-30171 - STARLINK-3533,8719.246,77680.754,10.0917%,7,
Contact STARLINK-30171 - STARLINK-31987,0.000,86400.000,0.0000%,0,
Contact STARLINK-30171 - STARLINK-6311,0.000,86400.000,0.0000%,0,
Contact STARLINK-30171 - STARLINK-31021,0.000,86400.000,0.0000%,0,
Contact STARLINK-30171 - STARLINK-2228,2637.220,83762.780,3.0523%,4,
Contact STARLINK-30171 - STARLINK-1736,676.668,85723.332,0.7832%,1,
Contact STARLINK-30171 - STARLINK-6372,0.000,86400.000,0.0000%,0,
Contact STARLINK-30171 - STARLINK-30425,0.000,86400.000,0.0000%,0,
Contact STARLINK-30171 - STARLINK-4772,1552.618,84847.382,1.7970%,2,
Contact STARLINK-30171 - STARLINK-3346,0.000,86400.000,0.0000%,0,
Contact STARLINK-30171 - STARLINK-30320,10741.728,75658.272,12.4326%,5,
Contact STARLINK-30171 - STARLINK-31919,17230.091,69169.909,19.9422%,5,
Contact STARLINK-30171 - STARLINK-31639,32384.083,54015.917,37.4816%,5,
Contact STARLINK-30171 - STARLINK-31600,63741.191,22658.809,73.7745%,1,
Contact STARLINK-30171 - STARLINK-4687,0.000,86400.000,0.0000%,0,
Contact STARLINK-30171 - STARLINK-5978,0.000,86400.000,0.0000%,0,
Contact STARLINK-30171 - STARLINK-30613,18482.007,67917.993,21.3912%,7,
Contact STARLINK-30171 - STARLINK-31764,47242.262,39157.738,54.6785%,2,
Contact STARLINK-30171 - STARLINK-4402,0.000,86400.000,0.0000%,0,
Contact STARLINK-30171 - STARLINK-31502,0.000,86400.000,0.0000%,0,
Contact STARLINK-30171 - STARLINK-5618,4948.766,81451.234,5.7277%,6,
Contact STARLINK-30171 - STARLINK-6255,33057.215,53342.785,38.2607%,6,
Contact STARLINK-30171 - STARLINK-3898,10890.786,75509.214,12.6051%,6,
Contact STARLINK-30171 - STARLINK-30842,0.000,86400.000,0.0000%,0,
Contact STARLINK-30171 - STARLINK-4631,0.000,86400.000,0.0000%,0,
Contact STARLINK-30171 - STARLINK-31539,1282.033,85117.967,1.4838%,2,
Contact STARLINK-30171 - STARLINK-5807,0.000,86400.000,0.0000%,0,
Contact STARLINK-30171 - STARLINK-31722,267.932,86132.068,0.3101%,1,
Contact STARLINK-30171 - STARLINK-1581,0.000,86400.000,0.0000%,0,
Contact STARLINK-30171 - STARLINK-30367,1161.385,85238.615,1.3442%,2,
Contact STARLINK-30171 - STARLINK-4290,0.000,86400.000,0.0000%,0,
Contact STARLINK-30171 - STARLINK-5151,2218.640,84181.360,2.5679%,3,
Contact STARLINK-30171 - STARLINK-6142,0.000,86400.000,0.0000%,0,
Contact STARLINK-30171 - STARLINK-2388,0.000,86400.000,0.0000%,0,
Contact STARLINK-30171 - STARLINK-3167,0.000,86400.000,0.0000%,0,
Contact STARLINK-30171 - STARLINK-1700,0.000,86400.000,0.0000%,0,
Contact STARLINK-30171 - STARLINK-5049,86400.000,0.000,100.0000%,1,
Contact STARLINK-30171 - STARLINK-31463,0.000,86400.000,0.0000%,0,
Contact STARLINK-30171 - MoonARTEMIS1,65978.261,20421.739,76.3637%,8,
Contact STARLINK-30171 - MoonARTEMIS2,69862.390,16537.610,80.8592%,7,
Contact STARLINK-30171 - MoonIOAGEO,61597.289,24802.711,71.2932%,7,
Contact STARLINK-30171 - MoonIOAGNO,70145.615,16254.385,81.1871%,9,
Contact STARLINK-30171 - MoonIOAGNO 0001,71990.010,14409.990,83.3218%,9,
Contact STARLINK-30171 - MoonIOAGSO,62068.440,24331.560,71.8385%,8,
Contact STARLINK-30171 - MoonIOAGSO 0001,66735.255,19664.745,77.2399%,8,
Contact STARLINK-30171 - MoonLRO,22597.814,63802.186,26.1549%,7,
Contact STARLINK-30171 - MarsSat1,67952.374,18447.626,78.6486%,10,
Contact STARLINK-30171 - MarsSat2,67952.551,18447.449,78.6488%,10,
Contact STARLINK-30171 - MarsSat3,67952.362,18447.638,78.6486%,10,
Contact STARLINK-30171 - MarsSat4,60796.503,25603.497,70.3663%,9,
Contact STARLINK-5660 - STARLINK-32094,20058.022,66341.978,23.2153%,5,
Contact STARLINK-5660 - STARLINK-4127,0.000,86400.000,0.0000%,0,
Contact STARLINK-5660 - STARLINK-30331,0.000,86400.000,0.0000%,0,
Contact STARLINK-5660 - STARLINK-31827,3.734,86396.266,0.0043%,1,
Contact STARLINK-5660 - STARLINK-30767,18340.571,68059.429,21.2275%,7,
Contact STARLINK-5660 - STARLINK-31800,19850.429,66549.571,22.9750%,1,
Contact STARLINK-5660 - STARLINK-4254,86400.000,0.000,100.0000%,1,
Contact STARLINK-5660 - STARLINK-3533,11151.680,75248.320,12.9070%,7,
Contact STARLINK-5660 - STARLINK-31987,0.000,86400.000,0.0000%,0,
Contact STARLINK-5660 - STARLINK-6311,0.000,86400.000,0.0000%,0,
Contact STARLINK-5660 - STARLINK-31021,0.000,86400.000,0.0000%,0,
Contact STARLINK-5660 - STARLINK-2228,5383.141,81016.859,6.2305%,3,
Contact STARLINK-5660 - STARLINK-1736,0.000,86400.000,0.0000%,0,
Contact STARLINK-5660 - STARLINK-6372,0.000,86400.000,0.0000%,0,
Contact STARLINK-5660 - STARLINK-30425,0.000,86400.000,0.0000%,0,
Contact STARLINK-5660 - STARLINK-4772,6995.918,79404.082,8.0971%,5,
Contact STARLINK-5660 - STARLINK-3346,0.000,86400.000,0.0000%,0,
Contact STARLINK-5660 - STARLINK-30320,28370.353,58029.647,32.8361%,5,
Contact STARLINK-5660 - STARLINK-31919,12640.561,73759.439,14.6303%,4,
Contact STARLINK-5660 - STARLINK-31639,73575.516,12824.484,85.1568%,3,
Contact STARLINK-5660 - STARLINK-31600,48931.060,37468.940,56.6332%,3,
Contact STARLINK-5660 - STARLINK-4687,0.000,86400.000,0.0000%,0,
Contact STARLINK-5660 - STARLINK-5978,0.000,86400.000,0.0000%,0,
Contact STARLINK-5660 - STARLINK-30613,4977.682,81422.318,5.7612%,7,
Contact STARLINK-5660 - STARLINK-31764,33640.472,52759.528,38.9357%,1,
Contact STARLINK-5660 - STARLINK-4402,3776.438,82623.562,4.3709%,6,
Contact STARLINK-5660 - STARLINK-31502,7099.429,79300.571,8.2169%,1,
Contact STARLINK-5660 - STARLINK-5618,18367.949,68032.051,21.2592%,7,
Contact STARLINK-5660 - STARLINK-6255,3488.204,82911.796,4.0373%,6,
Contact STARLINK-5660 - STARLINK-3898,1259.315,85140.685,1.4575%,2,
Contact STARLINK-5660 - STARLINK-30842,0.000,86400.000,0.0000%,0,
Contact STARLINK-5660 - STARLINK-4631,445.031,85954.969,0.5151%,1,
Contact STARLINK-5660 - STARLINK-31539,1452.568,84947.432,1.6812%,2,
Contact STARLINK-5660 - STARLINK-5807,0.000,86400.000,0.0000%,0,
Contact STARLINK-5660 - STARLINK-31722,564.806,85835.194,0.6537%,1,
Contact STARLINK-5660 - STARLINK-1581,0.000,86400.000,0.0000%,0,
Contact STARLINK-5660 - STARLINK-30367,0.000,86400.000,0.0000%,0,
Contact STARLINK-5660 - STARLINK-4290,0.000,86400.000,0.0000%,0,
Contact STARLINK-5660 - STARLINK-5151,1452.413,84947.587,1.6810%,2,
Contact STARLINK-5660 - STARLINK-6142,28478.985,57921.015,32.9618%,7,
Contact STARLINK-5660 - STARLINK-2388,0.000,86400.000,0.0000%,0,
Contact STARLINK-5660 - STARLINK-3167,0.000,86400.000,0.0000%,0,
Contact STARLINK-5660 - STARLINK-1700,0.000,86400.000,0.0000%,0,
Contact STARLINK-5660 - STARLINK-5049,80534.505,5865.495,93.2112%,6,
Contact STARLINK-5660 - STARLINK-31463,0.000,86400.000,0.0000%,0,
Contact STARLINK-5660 - MoonARTEMIS1,72029.152,14370.848,83.3671%,7,
Contact STARLINK-5660 - MoonARTEMIS2,71201.139,15198.861,82.4087%,7,
Contact STARLINK-5660 - MoonIOAGEO,64870.173,21529.827,75.0812%,7,
Contact STARLINK-5660 - MoonIOAGNO,77165.402,9234.598,89.3118%,7,
Contact STARLINK-5660 - MoonIOAGNO 0001,77198.976,9201.024,89.3507%,7,
Contact STARLINK-5660 - MoonIOAGSO,67935.764,18464.236,78.6294%,8,
Contact STARLINK-5660 - MoonIOAGSO 0001,69868.960,16531.040,80.8669%,7,
Contact STARLINK-5660 - MoonLRO,30423.174,55976.826,35.2120%,9,
Contact STARLINK-5660 - MarsSat1,67362.113,19037.887,77.9654%,10,
Contact STARLINK-5660 - MarsSat2,67362.160,19037.840,77.9655%,10,
Contact STARLINK-5660 - MarsSat3,67362.104,19037.896,77.9654%,10,
Contact STARLINK-5660 - MarsSat4,61894.234,24505.766,71.6368%,9,
Contact STARLINK-32094 - STARLINK-4127,0.000,86400.000,0.0000%,0,
Contact STARLINK-32094 - STARLINK-30331,0.000,86400.000,0.0000%,0,
Contact STARLINK-32094 - STARLINK-31827,0.000,86400.000,0.0000%,0,
Contact STARLINK-32094 - STARLINK-30767,29136.672,57263.328,33.7230%,5,
Contact STARLINK-32094 - STARLINK-31800,0.000,86400.000,0.0000%,0,
Contact STARLINK-32094 - STARLINK-4254,43487.312,42912.688,50.3325%,1,
Contact STARLINK-32094 - STARLINK-3533,25693.122,60706.878,29.7374%,6,
Contact STARLINK-32094 - STARLINK-31987,0.000,86400.000,0.0000%,0,
Contact STARLINK-32094 - STARLINK-6311,0.000,86400.000,0.0000%,0,
Contact STARLINK-32094 - STARLINK-31021,0.000,86400.000,0.0000%,0,
Contact STARLINK-32094 - STARLINK-2228,0.000,86400.000,0.0000%,0,
Contact STARLINK-32094 - STARLINK-1736,0.000,86400.000,0.0000%,0,
Contact STARLINK-32094 - STARLINK-6372,39263.862,47136.138,45.4443%,1,
Contact STARLINK-32094 - STARLINK-30425,0.000,86400.000,0.0000%,0,
Contact STARLINK-32094 - STARLINK-4772,1316.131,85083.869,1.5233%,2,
Contact STARLINK-32094 - STARLINK-3346,0.000,86400.000,0.0000%,0,
Contact STARLINK-32094 - STARLINK-30320,0.000,86400.000,0.0000%,0,
Contact STARLINK-32094 - STARLINK-31919,15243.166,71156.834,17.6426%,8,
Contact STARLINK-32094 - STARLINK-31639,54734.834,31665.166,63.3505%,3,
Contact STARLINK-32094 - STARLINK-31600,5365.882,81034.118,6.2105%,7,
Contact STARLINK-32094 - STARLINK-4687,0.000,86400.000,0.0000%,0,
Contact STARLINK-32094 - STARLINK-5978,0.000,86400.000,0.0000%,0,
Contact STARLINK-32094 - STARLINK-30613,7092.504,79307.496,8.2089%,4,
Contact STARLINK-32094 - STARLINK-31764,0.000,86400.000,0.0000%,0,
Contact STARLINK-32094 - STARLINK-4402,0.000,86400.000,0.0000%,0,
Contact STARLINK-32094 - STARLINK-31502,0.000,86400.000,0.0000%,0,
Contact STARLINK-32094 - STARLINK-5618,63556.191,22843.809,73.5604%,1,
Contact STARLINK-32094 - STARLINK-6255,22066.827,64333.173,25.5403%,1,
Contact STARLINK-32094 - STARLINK-3898,8720.948,77679.052,10.0937%,1,
Contact STARLINK-32094 - STARLINK-30842,0.000,86400.000,0.0000%,0,
Contact STARLINK-32094 - STARLINK-4631,1276.132,85123.868,1.4770%,2,
Contact STARLINK-32094 - STARLINK-31539,0.000,86400.000,0.0000%,0,
Contact STARLINK-32094 - STARLINK-5807,0.000,86400.000,0.0000%,0,
Contact STARLINK-32094 - STARLINK-31722,0.000,86400.000,0.0000%,0,
Contact STARLINK-32094 - STARLINK-1581,0.000,86400.000,0.0000%,0,
Contact STARLINK-32094 - STARLINK-30367,12332.934,74067.066,14.2742%,1,
Contact STARLINK-32094 - STARLINK-4290,37026.613,49373.387,42.8549%,1,
Contact STARLINK-32094 - STARLINK-5151,6415.752,79984.248,7.4256%,5,
Contact STARLINK-32094 - STARLINK-6142,46612.059,39787.941,53.9491%,3,
Contact STARLINK-32094 - STARLINK-2388,0.000,86400.000,0.0000%,0,
Contact STARLINK-32094 - STARLINK-3167,0.000,86400.000,0.0000%,0,
Contact STARLINK-32094 - STARLINK-1700,0.000,86400.000,0.0000%,0,
Contact STARLINK-32094 - STARLINK-5049,6963.326,79436.674,8.0594%,5,
Contact STARLINK-32094 - STARLINK-31463,0.000,86400.000,0.0000%,0,
Contact STARLINK-32094 - MoonARTEMIS1,62063.270,24336.730,71.8325%,9,
Contact STARLINK-32094 - MoonARTEMIS2,56447.034,29952.966,65.3322%,9,
Contact STARLINK-32094 - MoonIOAGEO,53010.312,33389.688,61.3545%,8,
Contact STARLINK-32094 - MoonIOAGNO,62063.812,24336.188,71.8331%,9,
Contact STARLINK-32094 - MoonIOAGNO 0001,67695.117,18704.883,78.3508%,9,
Contact STARLINK-32094 - MoonIOAGSO,56452.036,29947.964,65.3380%,9,
Contact STARLINK-32094 - MoonIOAGSO 0001,61370.055,25029.945,71.0302%,9,
Contact STARLINK-32094 - MoonLRO,19832.915,66567.085,22.9548%,8,
Contact STARLINK-32094 - MarsSat1,74714.509,11685.491,86.4751%,7,
Contact STARLINK-32094 - MarsSat2,74714.234,11685.766,86.4748%,7,
Contact STARLINK-32094 - MarsSat3,74714.490,11685.510,86.4751%,7,
Contact STARLINK-32094 - MarsSat4,68236.497,18163.503,78.9774%,7,
Contact STARLINK-4127 - STARLINK-30331,14306.442,72093.558,16.5584%,6,
Contact STARLINK-4127 - STARLINK-31827,1401.826,84998.174,1.6225%,2,
Contact STARLINK-4127 - STARLINK-30767,0.000,86400.000,0.0000%,0,
Contact STARLINK-4127 - STARLINK-31800,0.000,86400.000,0.0000%,0,
Contact STARLINK-4127 - STARLINK-4254,0.000,86400.000,0.0000%,0,
Contact STARLINK-4127 - STARLINK-3533,0.000,86400.000,0.0000%,0,
Contact STARLINK-4127 - STARLINK-31987,2640.591,83759.409,3.0562%,4,
Contact STARLINK-4127 - STARLINK-6311,0.000,86400.000,0.0000%,0,
Contact STARLINK-4127 - STARLINK-31021,22089.551,64310.449,25.5666%,7,
Contact STARLINK-4127 - STARLINK-2228,433.257,85966.743,0.5015%,1,
Contact STARLINK-4127 - STARLINK-1736,0.000,86400.000,0.0000%,0,
Contact STARLINK-4127 - STARLINK-6372,4902.502,81497.498,5.6742%,7,
Contact STARLINK-4127 - STARLINK-30425,3428.195,82971.805,3.9678%,2,
Contact STARLINK-4127 - STARLINK-4772,0.000,86400.000,0.0000%,0,
Contact STARLINK-4127 - STARLINK-3346,0.000,86400.000,0.0000%,0,
Contact STARLINK-4127 - STARLINK-30320,0.000,86400.000,0.0000%,0,
Contact STARLINK-4127 - STARLINK-31919,0.000,86400.000,0.0000%,0,
Contact STARLINK-4127 - STARLINK-31639,0.000,86400.000,0.0000%,0,
Contact STARLINK-4127 - STARLINK-31600,0.000,86400.000,0.0000%,0,
Contact STARLINK-4127 - STARLINK-4687,0.000,86400.000,0.0000%,0,
Contact STARLINK-4127 - STARLINK-5978,5163.747,81236.253,5.9766%,6,
Contact STARLINK-4127 - STARLINK-30613,0.000,86400.000,0.0000%,0,
Contact STARLINK-4127 - STARLINK-31764,0.000,86400.000,0.0000%,0,
Contact STARLINK-4127 - STARLINK-4402,1704.176,84695.824,1.9724%,4,
Contact STARLINK-4127 - STARLINK-31502,45908.076,40491.924,53.1343%,1,
Contact STARLINK-4127 - STARLINK-5618,0.000,86400.000,0.0000%,0,
Contact STARLINK-4127 - STARLINK-6255,0.000,86400.000,0.0000%,0,
Contact STARLINK-4127 - STARLINK-3898,0.000,86400.000,0.0000%,0,
Contact STARLINK-4127 - STARLINK-30842,0.000,86400.000,0.0000%,0,
Contact STARLINK-4127 - STARLINK-4631,0.000,86400.000,0.0000%,0,
Contact STARLINK-4127 - STARLINK-31539,0.000,86400.000,0.0000%,0,
Contact STARLINK-4127 - STARLINK-5807,17953.497,68446.503,20.7795%,1,
Contact STARLINK-4127 - STARLINK-31722,2044.350,84355.650,2.3661%,3,
Contact STARLINK-4127 - STARLINK-1581,4503.345,81896.655,5.2122%,5,
Contact STARLINK-4127 - STARLINK-30367,0.000,86400.000,0.0000%,0,
Contact STARLINK-4127 - STARLINK-4290,7914.569,78485.431,9.1604%,6,
Contact STARLINK-4127 - STARLINK-5151,0.000,86400.000,0.0000%,0,
Contact STARLINK-4127 - STARLINK-6142,0.000,86400.000,0.0000%,0,
Contact STARLINK-4127 - STARLINK-2388,0.000,86400.000,0.0000%,0,
Contact STARLINK-4127 - STARLINK-3167,60597.150,25802.850,70.1356%,4,
Contact STARLINK-4127 - STARLINK-1700,0.000,86400.000,0.0000%,0,
Contact STARLINK-4127 - STARLINK-5049,0.000,86400.000,0.0000%,0,
Contact STARLINK-4127 - STARLINK-31463,4175.541,82224.459,4.8328%,2,
Contact STARLINK-4127 - MoonARTEMIS1,67302.013,19097.987,77.8958%,10,
Contact STARLINK-4127 - MoonARTEMIS2,66701.381,19698.619,77.2007%,10,
Contact STARLINK-4127 - MoonIOAGEO,56500.706,29899.294,65.3943%,10,
Contact STARLINK-4127 - MoonIOAGNO,68474.349,17925.651,79.2527%,10,
Contact STARLINK-4127 - MoonIOAGNO 0001,68482.185,17917.815,79.2618%,10,
Contact STARLINK-4127 - MoonIOAGSO,61777.580,24622.420,71.5018%,10,
Contact STARLINK-4127 - MoonIOAGSO 0001,61069.437,25330.563,70.6822%,10,
Contact STARLINK-4127 - MoonLRO,28327.084,58072.916,32.7860%,9,
Contact STARLINK-4127 - MarsSat1,70980.894,15419.106,82.1538%,8,
Contact STARLINK-4127 - MarsSat2,70981.472,15418.528,82.1545%,8,
Contact STARLINK-4127 - MarsSat3,70980.970,15419.030,82.1539%,8,
Contact STARLINK-4127 - MarsSat4,67339.860,19060.140,77.9397%,8,
Contact STARLINK-30331 - STARLINK-31827,17316.595,69083.405,20.0424%,1,
Contact STARLINK-30331 - STARLINK-30767,0.000,86400.000,0.0000%,0,
Contact STARLINK-30331 - STARLINK-31800,223.348,86176.652,0.2585%,1,
Contact STARLINK-30331 - STARLINK-4254,0.000,86400.000,0.0000%,0,
Contact STARLINK-30331 - STARLINK-3533,0.000,86400.000,0.0000%,0,
Contact STARLINK-30331 - STARLINK-31987,10494.287,75905.713,12.1462%,2,
Contact STARLINK-30331 - STARLINK-6311,0.000,86400.000,0.0000%,0,
Contact STARLINK-30331 - STARLINK-31021,86400.000,0.000,100.0000%,1,
Contact STARLINK-30331 - STARLINK-2228,3142.395,83257.605,3.6370%,1,
Contact STARLINK-30331 - STARLINK-1736,10988.698,75411.302,12.7184%,3,
Contact STARLINK-30331 - STARLINK-6372,0.000,86400.000,0.0000%,0,
Contact STARLINK-30331 - STARLINK-30425,6977.626,79422.374,8.0760%,5,
Contact STARLINK-30331 - STARLINK-4772,0.000,86400.000,0.0000%,0,
Contact STARLINK-30331 - STARLINK-3346,0.000,86400.000,0.0000%,0,
Contact STARLINK-30331 - STARLINK-30320,0.000,86400.000,0.0000%,0,
Contact STARLINK-30331 - STARLINK-31919,0.000,86400.000,0.0000%,0,
Contact STARLINK-30331 - STARLINK-31639,0.000,86400.000,0.0000%,0,
Contact STARLINK-30331 - STARLINK-31600,0.000,86400.000,0.0000%,0,
Contact STARLINK-30331 - STARLINK-4687,20938.052,65461.948,24.2339%,6,
Contact STARLINK-30331 - STARLINK-5978,86400.000,0.000,100.0000%,1,
Contact STARLINK-30331 - STARLINK-30613,0.000,86400.000,0.0000%,0,
Contact STARLINK-30331 - STARLINK-31764,0.000,86400.000,0.0000%,0,
Contact STARLINK-30331 - STARLINK-4402,11427.257,74972.743,13.2260%,6,
Contact STARLINK-30331 - STARLINK-31502,6523.438,79876.562,7.5503%,4,
Contact STARLINK-30331 - STARLINK-5618,0.000,86400.000,0.0000%,0,
Contact STARLINK-30331 - STARLINK-6255,0.000,86400.000,0.0000%,0,
Contact STARLINK-30331 - STARLINK-3898,0.000,86400.000,0.0000%,0,
Contact STARLINK-30331 - STARLINK-30842,2384.834,84015.166,2.7602%,5,
Contact STARLINK-30331 - STARLINK-4631,7887.534,78512.466,9.1291%,6,
Contact STARLINK-30331 - STARLINK-31539,0.000,86400.000,0.0000%,0,
Contact STARLINK-30331 - STARLINK-5807,10944.613,75455.387,12.6674%,7,
Contact STARLINK-30331 - STARLINK-31722,38888.966,47511.034,45.0104%,1,
Contact STARLINK-30331 - STARLINK-1581,31852.362,54547.638,36.8662%,2,
Contact STARLINK-30331 - STARLINK-30367,0.000,86400.000,0.0000%,0,
Contact STARLINK-30331 - STARLINK-4290,0.000,86400.000,0.0000%,0,
Contact STARLINK-30331 - STARLINK-5151,0.000,86400.000,0.0000%,0,
Contact STARLINK-30331 - STARLINK-6142,0.000,86400.000,0.0000%,0,
Contact STARLINK-30331 - STARLINK-2388,3679.635,82720.365,4.2588%,6,
Contact STARLINK-30331 - STARLINK-3167,17745.366,68654.634,20.5386%,6,
Contact STARLINK-30331 - STARLINK-1700,3787.147,82612.853,4.3833%,6,
Contact STARLINK-30331 - STARLINK-5049,0.000,86400.000,0.0000%,0,
Contact STARLINK-30331 - STARLINK-31463,0.000,86400.000,0.0000%,0,
Contact STARLINK-30331 - MoonARTEMIS1,66255.244,20144.756,76.6843%,10,
Contact STARLINK-30331 - MoonARTEMIS2,65411.278,20988.722,75.7075%,10,
Contact STARLINK-30331 - MoonIOAGEO,55320.382,31079.618,64.0282%,10,
Contact STARLINK-30331 - MoonIOAGNO,67179.399,19220.601,77.7539%,10,
Contact STARLINK-30331 - MoonIOAGNO 0001,67187.922,19212.078,77.7638%,10,
Contact STARLINK-30331 - MoonIOAGSO,60878.477,25521.523,70.4612%,10,
Contact STARLINK-30331 - MoonIOAGSO 0001,60056.607,26343.393,69.5100%,10,
Contact STARLINK-30331 - MoonLRO,30922.577,55477.423,35.7900%,10,
Contact STARLINK-30331 - MarsSat1,76473.912,9926.088,88.5115%,6,
Contact STARLINK-30331 - MarsSat2,76473.279,9926.721,88.5107%,6,
Contact STARLINK-30331 - MarsSat3,76473.826,9926.174,88.5114%,6,
Contact STARLINK-30331 - MarsSat4,72608.212,13791.788,84.0373%,6,
Contact STARLINK-31827 - STARLINK-30767,0.000,86400.000,0.0000%,0,
Contact STARLINK-31827 - STARLINK-31800,4990.774,81409.226,5.7764%,8,
Contact STARLINK-31827 - STARLINK-4254,1017.844,85382.156,1.1781%,2,
Contact STARLINK-31827 - STARLINK-3533,0.000,86400.000,0.0000%,0,
Contact STARLINK-31827 - STARLINK-31987,86400.000,0.000,100.0000%,1,
Contact STARLINK-31827 - STARLINK-6311,42335.417,44064.583,48.9993%,6,
Contact STARLINK-31827 - STARLINK-31021,21992.798,64407.202,25.4546%,1,
Contact STARLINK-31827 - STARLINK-2228,38556.757,47843.243,44.6259%,1,
Contact STARLINK-31827 - STARLINK-1736,21322.496,65077.504,24.6788%,8,
Contact STARLINK-31827 - STARLINK-6372,0.000,86400.000,0.0000%,0,
Contact STARLINK-31827 - STARLINK-30425,2610.024,83789.976,3.0209%,4,
Contact STARLINK-31827 - STARLINK-4772,0.000,86400.000,0.0000%,0,
Contact STARLINK-31827 - STARLINK-3346,3560.289,82839.711,4.1207%,5,
Contact STARLINK-31827 - STARLINK-30320,0.000,86400.000,0.0000%,0,
Contact STARLINK-31827 - STARLINK-31919,0.000,86400.000,0.0000%,0,
Contact STARLINK-31827 - STARLINK-31639,0.000,86400.000,0.0000%,0,
Contact STARLINK-31827 - STARLINK-31600,0.000,86400.000,0.0000%,0,
Contact STARLINK-31827 - STARLINK-4687,0.000,86400.000,0.0000%,0,
Contact STARLINK-31827 - STARLINK-5978,23471.800,62928.200,27.1664%,1,
Contact STARLINK-31827 - STARLINK-30613,0.000,86400.000,0.0000%,0,
Contact STARLINK-31827 - STARLINK-31764,831.941,85568.059,0.9629%,3,
Contact STARLINK-31827 - STARLINK-4402,5597.468,80802.532,6.4786%,3,
Contact STARLINK-31827 - STARLINK-31502,0.000,86400.000,0.0000%,0,
Contact STARLINK-31827 - STARLINK-5618,0.000,86400.000,0.0000%,0,
Contact STARLINK-31827 - STARLINK-6255,12669.797,73730.203,14.6641%,4,
Contact STARLINK-31827 - STARLINK-3898,28365.621,58034.379,32.8306%,4,
Contact STARLINK-31827 - STARLINK-30842,7468.053,78931.947,8.6436%,6,
Contact STARLINK-31827 - STARLINK-4631,0.000,86400.000,0.0000%,0,
Contact STARLINK-31827 - STARLINK-31539,837.369,85562.631,0.9692%,1,
Contact STARLINK-31827 - STARLINK-5807,4408.510,81991.490,5.1024%,7,
Contact STARLINK-31827 - STARLINK-31722,0.000,86400.000,0.0000%,0,
Contact STARLINK-31827 - STARLINK-1581,0.000,86400.000,0.0000%,0,
Contact STARLINK-31827 - STARLINK-30367,43840.966,42559.034,50.7419%,2,
Contact STARLINK-31827 - STARLINK-4290,0.000,86400.000,0.0000%,0,
Contact STARLINK-31827 - STARLINK-5151,0.000,86400.000,0.0000%,0,
Contact STARLINK-31827 - STARLINK-6142,0.000,86400.000,0.0000%,0,
Contact STARLINK-31827 - STARLINK-2388,7761.882,78638.118,8.9837%,6,
Contact STARLINK-31827 - STARLINK-3167,465.023,85934.977,0.5382%,1,
Contact STARLINK-31827 - STARLINK-1700,4257.811,82142.189,4.9280%,6,
Contact STARLINK-31827 - STARLINK-5049,0.000,86400.000,0.0000%,0,
Contact STARLINK-31827 - STARLINK-31463,19057.900,67342.100,22.0578%,7,
Contact STARLINK-31827 - MoonARTEMIS1,66911.920,19488.080,77.4444%,10,
Contact STARLINK-31827 - MoonARTEMIS2,63799.145,22600.855,73.8416%,9,
Contact STARLINK-31827 - MoonIOAGEO,56534.003,29865.997,65.4329%,9,
Contact STARLINK-31827 - MoonIOAGNO,62180.796,24219.204,71.9685%,10,
Contact STARLINK-31827 - MoonIOAGNO 0001,67810.380,18589.620,78.4842%,10,
Contact STARLINK-31827 - MoonIOAGSO,61050.794,25349.206,70.6606%,10,
Contact STARLINK-31827 - MoonIOAGSO 0001,61590.809,24809.191,71.2857%,10,
Contact STARLINK-31827 - MoonLRO,18574.923,67825.077,21.4988%,8,
Contact STARLINK-31827 - MarsSat1,74212.364,12187.636,85.8939%,8,
Contact STARLINK-31827 - MarsSat2,74211.504,12188.496,85.8929%,8,
Contact STARLINK-31827 - MarsSat3,74212.004,12187.996,85.8935%,8,
Contact STARLINK-31827 - MarsSat4,67858.946,18541.054,78.5404%,8,
Contact STARLINK-30767 - STARLINK-31800,887.503,85512.497,1.0272%,1,
Contact STARLINK-30767 - STARLINK-4254,8192.606,78207.394,9.4822%,6,
Contact STARLINK-30767 - STARLINK-3533,86400.000,0.000,100.0000%,1,
Contact STARLINK-30767 - STARLINK-31987,0.000,86400.000,0.0000%,0,
Contact STARLINK-30767 - STARLINK-6311,0.000,86400.000,0.0000%,0,
Contact STARLINK-30767 - STARLINK-31021,0.000,86400.000,0.0000%,0,
Contact STARLINK-30767 - STARLINK-2228,11385.949,75014.051,13.1782%,1,
Contact STARLINK-30767 - STARLINK-1736,0.000,86400.000,0.0000%,0,
Contact STARLINK-30767 - STARLINK-6372,3217.427,83182.573,3.7239%,5,
Contact STARLINK-30767 - STARLINK-30425,0.000,86400.000,0.0000%,0,
Contact STARLINK-30767 - STARLINK-4772,0.000,86400.000,0.0000%,0,
Contact STARLINK-30767 - STARLINK-3346,157.936,86242.064,0.1828%,1,
Contact STARLINK-30767 - STARLINK-30320,2040.394,84359.606,2.3616%,2,
Contact STARLINK-30767 - STARLINK-31919,50438.112,35961.888,58.3774%,2,
Contact STARLINK-30767 - STARLINK-31639,10412.842,75987.158,12.0519%,5,
Contact STARLINK-30767 - STARLINK-31600,11694.187,74705.813,13.5349%,6,
Contact STARLINK-30767 - STARLINK-4687,0.000,86400.000,0.0000%,0,
Contact STARLINK-30767 - STARLINK-5978,0.000,86400.000,0.0000%,0,
Contact STARLINK-30767 - STARLINK-30613,86400.000,0.000,100.0000%,1,
Contact STARLINK-30767 - STARLINK-31764,1946.315,84453.685,2.2527%,2,
Contact STARLINK-30767 - STARLINK-4402,0.000,86400.000,0.0000%,0,
Contact STARLINK-30767 - STARLINK-31502,0.000,86400.000,0.0000%,0,
Contact STARLINK-30767 - STARLINK-5618,8744.424,77655.576,10.1209%,6,
Contact STARLINK-30767 - STARLINK-6255,0.000,86400.000,0.0000%,0,
Contact STARLINK-30767 - STARLINK-3898,0.000,86400.000,0.0000%,0,
Contact STARLINK-30767 - STARLINK-30842,0.000,86400.000,0.0000%,0,
Contact STARLINK-30767 - STARLINK-4631,0.000,86400.000,0.0000%,0,
Contact STARLINK-30767 - STARLINK-31539,9082.815,77317.185,10.5125%,1,
Contact STARLINK-30767 - STARLINK-5807,0.000,86400.000,0.0000%,0,
Contact STARLINK-30767 - STARLINK-31722,6743.452,79656.548,7.8049%,1,
Contact STARLINK-30767 - STARLINK-1581,0.000,86400.000,0.0000%,0,
Contact STARLINK-30767 - STARLINK-30367,0.000,86400.000,0.0000%,0,
Contact STARLINK-30767 - STARLINK-4290,3944.094,82455.906,4.5649%,5,
Contact STARLINK-30767 - STARLINK-5151,36946.060,49453.940,42.7616%,1,
Contact STARLINK-30767 - STARLINK-6142,14287.339,72112.661,16.5363%,6,
Contact STARLINK-30767 - STARLINK-2388,0.000,86400.000,0.0000%,0,
Contact STARLINK-30767 - STARLINK-3167,0.000,86400.000,0.0000%,0,
Contact STARLINK-30767 - STARLINK-1700,0.000,86400.000,0.0000%,0,
Contact STARLINK-30767 - STARLINK-5049,7920.722,78479.278,9.1675%,7,
Contact STARLINK-30767 - STARLINK-31463,0.000,86400.000,0.0000%,0,
Contact STARLINK-30767 - MoonARTEMIS1,63947.027,22452.973,74.0128%,8,
Contact STARLINK-30767 - MoonARTEMIS2,64065.979,22334.021,74.1504%,9,
Contact STARLINK-30767 - MoonIOAGEO,59906.093,26493.907,69.3358%,8,
Contact STARLINK-30767 - MoonIOAGNO,69690.722,16709.278,80.6606%,9,
Contact STARLINK-30767 - MoonIOAGNO 0001,69715.875,16684.125,80.6897%,9,
Contact STARLINK-30767 - MoonIOAGSO,58345.559,28054.441,67.5296%,9,
Contact STARLINK-30767 - MoonIOAGSO 0001,65338.469,21061.531,75.6232%,8,
Contact STARLINK-30767 - MoonLRO,27648.072,58751.928,32.0001%,7,
Contact STARLINK-30767 - MarsSat1,68191.772,18208.228,78.9257%,10,
Contact STARLINK-30767 - MarsSat2,68191.516,18208.484,78.9254%,10,
Contact STARLINK-30767 - MarsSat3,68191.709,18208.291,78.9256%,10,
Contact STARLINK-30767 - MarsSat4,60963.564,25436.436,70.5597%,9,
Contact STARLINK-31800 - STARLINK-4254,17021.450,69378.550,19.7008%,1,
Contact STARLINK-31800 - STARLINK-3533,2583.437,83816.563,2.9901%,3,
Contact STARLINK-31800 - STARLINK-31987,2288.849,84111.151,2.6491%,4,
Contact STARLINK-31800 - STARLINK-6311,44927.116,41472.884,51.9990%,5,
Contact STARLINK-31800 - STARLINK-31021,0.000,86400.000,0.0000%,0,
Contact STARLINK-31800 - STARLINK-2228,8471.938,77928.062,9.8055%,7,
Contact STARLINK-31800 - STARLINK-1736,74025.330,12374.670,85.6775%,4,
Contact STARLINK-31800 - STARLINK-6372,0.000,86400.000,0.0000%,0,
Contact STARLINK-31800 - STARLINK-30425,0.000,86400.000,0.0000%,0,
Contact STARLINK-31800 - STARLINK-4772,0.000,86400.000,0.0000%,0,
Contact STARLINK-31800 - STARLINK-3346,71194.821,15205.179,82.4014%,1,
Contact STARLINK-31800 - STARLINK-30320,0.000,86400.000,0.0000%,0,
Contact STARLINK-31800 - STARLINK-31919,0.000,86400.000,0.0000%,0,
Contact STARLINK-31800 - STARLINK-31639,0.000,86400.000,0.0000%,0,
Contact STARLINK-31800 - STARLINK-31600,0.000,86400.000,0.0000%,0,
Contact STARLINK-31800 - STARLINK-4687,0.000,86400.000,0.0000%,0,
Contact STARLINK-31800 - STARLINK-5978,889.935,85510.065,1.0300%,2,
Contact STARLINK-31800 - STARLINK-30613,3580.389,82819.611,4.1440%,4,
Contact STARLINK-31800 - STARLINK-31764,86400.000,0.000,100.0000%,1,
Contact STARLINK-31800 - STARLINK-4402,364.434,86035.566,0.4218%,1,
Contact STARLINK-31800 - STARLINK-31502,0.000,86400.000,0.0000%,0,
Contact STARLINK-31800 - STARLINK-5618,35.260,86364.740,0.0408%,1,
Contact STARLINK-31800 - STARLINK-6255,42526.745,43873.255,49.2208%,3,
Contact STARLINK-31800 - STARLINK-3898,46369.634,40030.366,53.6686%,5,
Contact STARLINK-31800 - STARLINK-30842,17215.917,69184.083,19.9258%,2,
Contact STARLINK-31800 - STARLINK-4631,0.000,86400.000,0.0000%,0,
Contact STARLINK-31800 - STARLINK-31539,18098.115,68301.885,20.9469%,7,
Contact STARLINK-31800 - STARLINK-5807,0.000,86400.000,0.0000%,0,
Contact STARLINK-31800 - STARLINK-31722,0.000,86400.000,0.0000%,0,
Contact STARLINK-31800 - STARLINK-1581,0.000,86400.000,0.0000%,0,
Contact STARLINK-31800 - STARLINK-30367,28702.938,57697.062,33.2210%,4,
Contact STARLINK-31800 - STARLINK-4290,0.000,86400.000,0.0000%,0,
Contact STARLINK-31800 - STARLINK-5151,5081.434,81318.566,5.8813%,6,
Contact STARLINK-31800 - STARLINK-6142,0.000,86400.000,0.0000%,0,
Contact STARLINK-31800 - STARLINK-2388,0.000,86400.000,0.0000%,0,
Contact STARLINK-31800 - STARLINK-3167,0.000,86400.000,0.0000%,0,
Contact STARLINK-31800 - STARLINK-1700,15183.932,71216.068,17.5740%,1,
Contact STARLINK-31800 - STARLINK-5049,1096.819,85303.181,1.2695%,1,
Contact STARLINK-31800 - STARLINK-31463,0.000,86400.000,0.0000%,0,
Contact STARLINK-31800 - MoonARTEMIS1,69149.833,17250.167,80.0345%,10,
Contact STARLINK-31800 - MoonARTEMIS2,66415.716,19984.284,76.8700%,9,
Contact STARLINK-31800 - MoonIOAGEO,60306.603,26093.397,69.7993%,8,
Contact STARLINK-31800 - MoonIOAGNO,72424.399,13975.601,83.8245%,9,
Contact STARLINK-31800 - MoonIOAGNO 0001,72461.501,13938.499,83.8675%,9,
Contact STARLINK-31800 - MoonIOAGSO,65467.075,20932.925,75.7721%,9,
Contact STARLINK-31800 - MoonIOAGSO 0001,67678.213,18721.787,78.3313%,10,
Contact STARLINK-31800 - MoonLRO,23090.862,63309.138,26.7255%,8,
Contact STARLINK-31800 - MarsSat1,55847.897,30552.103,64.6388%,10,
Contact STARLINK-31800 - MarsSat2,55847.882,30552.118,64.6388%,10,
Contact STARLINK-31800 - MarsSat3,55847.913,30552.087,64.6388%,10,
Contact STARLINK-31800 - MarsSat4,51822.833,34577.167,59.9801%,10,
Contact STARLINK-4254 - STARLINK-3533,15009.692,71390.308,17.3723%,7,
Contact STARLINK-4254 - STARLINK-31987,0.000,86400.000,0.0000%,0,
Contact STARLINK-4254 - STARLINK-6311,0.000,86400.000,0.0000%,0,
Contact STARLINK-4254 - STARLINK-31021,0.000,86400.000,0.0000%,0,
Contact STARLINK-4254 - STARLINK-2228,9871.622,76528.378,11.4255%,4,
Contact STARLINK-4254 - STARLINK-1736,0.000,86400.000,0.0000%,0,
Contact STARLINK-4254 - STARLINK-6372,0.000,86400.000,0.0000%,0,
Contact STARLINK-4254 - STARLINK-30425,0.000,86400.000,0.0000%,0,
Contact STARLINK-4254 - STARLINK-4772,726.619,85673.381,0.8410%,2,
Contact STARLINK-4254 - STARLINK-3346,0.000,86400.000,0.0000%,0,
Contact STARLINK-4254 - STARLINK-30320,60342.116,26057.884,69.8404%,1,
Contact STARLINK-4254 - STARLINK-31919,4265.761,82134.239,4.9372%,6,
Contact STARLINK-4254 - STARLINK-31639,84515.091,1884.909,97.8184%,1,
Contact STARLINK-4254 - STARLINK-31600,16334.852,70065.148,18.9061%,5,
Contact STARLINK-4254 - STARLINK-4687,0.000,86400.000,0.0000%,0,
Contact STARLINK-4254 - STARLINK-5978,0.000,86400.000,0.0000%,0,
Contact STARLINK-4254 - STARLINK-30613,11772.495,74627.505,13.6256%,6,
Contact STARLINK-4254 - STARLINK-31764,29345.216,57054.784,33.9644%,2,
Contact STARLINK-4254 - STARLINK-4402,3617.623,82782.377,4.1871%,6,
Contact STARLINK-4254 - STARLINK-31502,494.680,85905.320,0.5725%,1,
Contact STARLINK-4254 - STARLINK-5618,56169.152,30230.848,65.0106%,7,
Contact STARLINK-4254 - STARLINK-6255,72050.101,14349.899,83.3913%,2,
Contact STARLINK-4254 - STARLINK-3898,28915.609,57484.391,33.4671%,6,
Contact STARLINK-4254 - STARLINK-30842,0.000,86400.000,0.0000%,0,
Contact STARLINK-4254 - STARLINK-4631,0.000,86400.000,0.0000%,0,
Contact STARLINK-4254 - STARLINK-31539,3270.351,83129.649,3.7851%,4,
Contact STARLINK-4254 - STARLINK-5807,0.000,86400.000,0.0000%,0,
Contact STARLINK-4254 - STARLINK-31722,0.000,86400.000,0.0000%,0,
Contact STARLINK-4254 - STARLINK-1581,0.000,86400.000,0.0000%,0,
Contact STARLINK-4254 - STARLINK-30367,3998.033,82401.967,4.6274%,1,
Contact STARLINK-4254 - STARLINK-4290,0.000,86400.000,0.0000%,0,
Contact STARLINK-4254 - STARLINK-5151,8237.030,78162.970,9.5336%,7,
Contact STARLINK-4254 - STARLINK-6142,10601.957,75798.043,12.2708%,2,
Contact STARLINK-4254 - STARLINK-2388,0.000,86400.000,0.0000%,0,
Contact STARLINK-4254 - STARLINK-3167,0.000,86400.000,0.0000%,0,
Contact STARLINK-4254 - STARLINK-1700,0.000,86400.000,0.0000%,0,
Contact STARLINK-4254 - STARLINK-5049,14637.848,71762.152,16.9420%,6,
Contact STARLINK-4254 - STARLINK-31463,0.000,86400.000,0.0000%,0,
Contact STARLINK-4254 - MoonARTEMIS1,65167.751,21232.249,75.4256%,9,
Contact STARLINK-4254 - MoonARTEMIS2,66789.646,19610.354,77.3028%,8,
Contact STARLINK-4254 - MoonIOAGEO,56505.289,29894.711,65.3996%,9,
Contact STARLINK-4254 - MoonIOAGNO,70727.422,15672.578,81.8604%,9,
Contact STARLINK-4254 - MoonIOAGNO 0001,70732.251,15667.749,81.8660%,9,
Contact STARLINK-4254 - MoonIOAGSO,64113.729,22286.271,74.2057%,9,
Contact STARLINK-4254 - MoonIOAGSO 0001,63598.842,22801.158,73.6098%,9,
Contact STARLINK-4254 - MoonLRO,22906.621,63493.379,26.5123%,8,
Contact STARLINK-4254 - MarsSat1,67852.175,18547.825,78.5326%,10,
Contact STARLINK-4254 - MarsSat2,67852.111,18547.889,78.5325%,10,
Contact STARLINK-4254 - MarsSat3,67852.230,18547.770,78.5327%,10,
Contact STARLINK-4254 - MarsSat4,62402.417,23997.583,72.2250%,9,
Contact STARLINK-3533 - STARLINK-31987,0.000,86400.000,0.0000%,0,
Contact STARLINK-3533 - STARLINK-6311,0.000,86400.000,0.0000%,0,
Contact STARLINK-3533 - STARLINK-31021,0.000,86400.000,0.0000%,0,
Contact STARLINK-3533 - STARLINK-2228,24955.173,61444.827,28.8833%,1,
Contact STARLINK-3533 - STARLINK-1736,0.000,86400.000,0.0000%,0,
Contact STARLINK-3533 - STARLINK-6372,0.000,86400.000,0.0000%,0,
Contact STARLINK-3533 - STARLINK-30425,309.426,86090.574,0.3581%,1,
Contact STARLINK-3533 - STARLINK-4772,0.000,86400.000,0.0000%,0,
Contact STARLINK-3533 - STARLINK-3346,4474.243,81925.757,5.1785%,7,
Contact STARLINK-3533 - STARLINK-30320,8821.714,77578.286,10.2103%,3,
Contact STARLINK-3533 - STARLINK-31919,39935.837,46464.163,46.2220%,2,
Contact STARLINK-3533 - STARLINK-31639,8887.017,77512.983,10.2859%,7,
Contact STARLINK-3533 - STARLINK-31600,9771.072,76628.928,11.3091%,5,
Contact STARLINK-3533 - STARLINK-4687,0.000,86400.000,0.0000%,0,
Contact STARLINK-3533 - STARLINK-5978,0.000,86400.000,0.0000%,0,
Contact STARLINK-3533 - STARLINK-30613,86400.000,0.000,100.0000%,1,
Contact STARLINK-3533 - STARLINK-31764,6385.082,80014.918,7.3901%,4,
Contact STARLINK-3533 - STARLINK-4402,0.000,86400.000,0.0000%,0,
Contact STARLINK-3533 - STARLINK-31502,0.000,86400.000,0.0000%,0,
Contact STARLINK-3533 - STARLINK-5618,33274.374,53125.626,38.5120%,6,
Contact STARLINK-3533 - STARLINK-6255,2571.358,83828.642,2.9761%,4,
Contact STARLINK-3533 - STARLINK-3898,0.000,86400.000,0.0000%,0,
Contact STARLINK-3533 - STARLINK-30842,0.000,86400.000,0.0000%,0,
Contact STARLINK-3533 - STARLINK-4631,0.000,86400.000,0.0000%,0,
Contact STARLINK-3533 - STARLINK-31539,29332.884,57067.116,33.9501%,1,
Contact STARLINK-3533 - STARLINK-5807,0.000,86400.000,0.0000%,0,
Contact STARLINK-3533 - STARLINK-31722,0.000,86400.000,0.0000%,0,
Contact STARLINK-3533 - STARLINK-1581,0.000,86400.000,0.0000%,0,
Contact STARLINK-3533 - STARLINK-30367,0.000,86400.000,0.0000%,0,
Contact STARLINK-3533 - STARLINK-4290,0.000,86400.000,0.0000%,0,
Contact STARLINK-3533 - STARLINK-5151,86400.000,0.000,100.0000%,1,
Contact STARLINK-3533 - STARLINK-6142,2471.106,83928.894,2.8601%,5,
Contact STARLINK-3533 - STARLINK-2388,0.000,86400.000,0.0000%,0,
Contact STARLINK-3533 - STARLINK-3167,0.000,86400.000,0.0000%,0,
Contact STARLINK-3533 - STARLINK-1700,0.000,86400.000,0.0000%,0,
Contact STARLINK-3533 - STARLINK-5049,0.000,86400.000,0.0000%,0,
Contact STARLINK-3533 - STARLINK-31463,0.000,86400.000,0.0000%,0,
Contact STARLINK-3533 - MoonARTEMIS1,63184.909,23215.091,73.1307%,10,
Contact STARLINK-3533 - MoonARTEMIS2,65158.255,21241.745,75.4146%,9,
Contact STARLINK-3533 - MoonIOAGEO,53633.691,32766.309,62.0760%,9,
Contact STARLINK-3533 - MoonIOAGNO,68866.030,17533.970,79.7061%,10,
Contact STARLINK-3533 - MoonIOAGNO 0001,68869.821,17530.179,79.7104%,10,
Contact STARLINK-3533 - MoonIOAGSO,62402.201,23997.799,72.2248%,10,
Contact STARLINK-3533 - MoonIOAGSO 0001,62023.840,24376.160,71.7869%,10,
Contact STARLINK-3533 - MoonLRO,28730.734,57669.266,33.2532%,8,
Contact STARLINK-3533 - MarsSat1,68435.326,17964.674,79.2076%,10,
Contact STARLINK-3533 - MarsSat2,68435.086,17964.914,79.2073%,10,
Contact STARLINK-3533 - MarsSat3,68435.244,17964.756,79.2075%,10,
Contact STARLINK-3533 - MarsSat4,59130.975,27269.025,68.4386%,10,
Contact STARLINK-31987 - STARLINK-6311,29222.136,57177.864,33.8219%,6,
Contact STARLINK-31987 - STARLINK-31021,24179.390,62220.610,27.9854%,1,
Contact STARLINK-31987 - STARLINK-2228,33147.486,53252.514,38.3651%,1,
Contact STARLINK-31987 - STARLINK-1736,11935.308,74464.692,13.8140%,7,
Contact STARLINK-31987 - STARLINK-6372,0.000,86400.000,0.0000%,0,
Contact STARLINK-31987 - STARLINK-30425,4119.656,82280.344,4.7681%,6,
Contact STARLINK-31987 - STARLINK-4772,0.000,86400.000,0.0000%,0,
Contact STARLINK-31987 - STARLINK-3346,2404.673,83995.327,2.7832%,4,
Contact STARLINK-31987 - STARLINK-30320,183.796,86216.204,0.2127%,1,
Contact STARLINK-31987 - STARLINK-31919,0.000,86400.000,0.0000%,0,
Contact STARLINK-31987 - STARLINK-31639,0.000,86400.000,0.0000%,0,
Contact STARLINK-31987 - STARLINK-31600,0.000,86400.000,0.0000%,0,
Contact STARLINK-31987 - STARLINK-4687,0.000,86400.000,0.0000%,0,
Contact STARLINK-31987 - STARLINK-5978,18321.866,68078.134,21.2059%,1,
Contact STARLINK-31987 - STARLINK-30613,0.000,86400.000,0.0000%,0,
Contact STARLINK-31987 - STARLINK-31764,0.000,86400.000,0.0000%,0,
Contact STARLINK-31987 - STARLINK-4402,5636.043,80763.957,6.5232%,3,
Contact STARLINK-31987 - STARLINK-31502,0.000,86400.000,0.0000%,0,
Contact STARLINK-31987 - STARLINK-5618,0.000,86400.000,0.0000%,0,
Contact STARLINK-31987 - STARLINK-6255,8585.877,77814.123,9.9374%,4,
Contact STARLINK-31987 - STARLINK-3898,13031.780,73368.220,15.0831%,5,
Contact STARLINK-31987 - STARLINK-30842,8224.034,78175.966,9.5186%,7,
Contact STARLINK-31987 - STARLINK-4631,0.000,86400.000,0.0000%,0,
Contact STARLINK-31987 - STARLINK-31539,25712.488,60687.512,29.7598%,1,
Contact STARLINK-31987 - STARLINK-5807,7936.611,78463.389,9.1859%,7,
Contact STARLINK-31987 - STARLINK-31722,0.000,86400.000,0.0000%,0,
Contact STARLINK-31987 - STARLINK-1581,0.000,86400.000,0.0000%,0,
Contact STARLINK-31987 - STARLINK-30367,19598.807,66801.193,22.6838%,5,
Contact STARLINK-31987 - STARLINK-4290,0.000,86400.000,0.0000%,0,
Contact STARLINK-31987 - STARLINK-5151,0.000,86400.000,0.0000%,0,
Contact STARLINK-31987 - STARLINK-6142,0.000,86400.000,0.0000%,0,
Contact STARLINK-31987 - STARLINK-2388,6133.035,80266.965,7.0984%,7,
Contact STARLINK-31987 - STARLINK-3167,0.000,86400.000,0.0000%,0,
Contact STARLINK-31987 - STARLINK-1700,4419.857,81980.143,5.1156%,6,
Contact STARLINK-31987 - STARLINK-5049,0.000,86400.000,0.0000%,0,
Contact STARLINK-31987 - STARLINK-31463,40459.303,45940.697,46.8279%,7,
Contact STARLINK-31987 - MoonARTEMIS1,67693.883,18706.117,78.3494%,10,
Contact STARLINK-31987 - MoonARTEMIS2,62171.596,24228.404,71.9579%,10,
Contact STARLINK-31987 - MoonIOAGEO,62675.750,23724.250,72.5414%,9,
Contact STARLINK-31987 - MoonIOAGNO,68526.984,17873.016,79.3136%,10,
Contact STARLINK-31987 - MoonIOAGNO 0001,68518.333,17881.667,79.3036%,10,
Contact STARLINK-31987 - MoonIOAGSO,61491.633,24908.367,71.1709%,10,
Contact STARLINK-31987 - MoonIOAGSO 0001,62236.108,24163.892,72.0325%,10,
Contact STARLINK-31987 - MoonLRO,26253.168,60146.832,30.3856%,8,
Contact STARLINK-31987 - MarsSat1,69759.039,16640.961,80.7396%,9,
Contact STARLINK-31987 - MarsSat2,69758.705,16641.295,80.7392%,9,
Contact STARLINK-31987 - MarsSat3,69758.839,16641.161,80.7394%,9,
Contact STARLINK-31987 - MarsSat4,64193.165,22206.835,74.2976%,9,
Contact STARLINK-6311 - STARLINK-31021,0.000,86400.000,0.0000%,0,
Contact STARLINK-6311 - STARLINK-2228,38880.136,47519.864,45.0002%,3,
Contact STARLINK-6311 - STARLINK-1736,51380.485,35019.515,59.4682%,1,
Contact STARLINK-6311 - STARLINK-6372,0.000,86400.000,0.0000%,0,
Contact STARLINK-6311 - STARLINK-30425,17316.407,69083.593,20.0421%,2,
Contact STARLINK-6311 - STARLINK-4772,0.000,86400.000,0.0000%,0,
Contact STARLINK-6311 - STARLINK-3346,39987.234,46412.766,46.2815%,6,
Contact STARLINK-6311 - STARLINK-30320,38262.587,48137.413,44.2854%,1,
Contact STARLINK-6311 - STARLINK-31919,439.237,85960.763,0.5084%,1,
Contact STARLINK-6311 - STARLINK-31639,1341.487,85058.513,1.5526%,1,
Contact STARLINK-6311 - STARLINK-31600,1401.886,84998.114,1.6226%,3,
Contact STARLINK-6311 - STARLINK-4687,0.000,86400.000,0.0000%,0,
Contact STARLINK-6311 - STARLINK-5978,0.000,86400.000,0.0000%,0,
Contact STARLINK-6311 - STARLINK-30613,0.000,86400.000,0.0000%,0,
Contact STARLINK-6311 - STARLINK-31764,40846.531,45553.469,47.2761%,4,
Contact STARLINK-6311 - STARLINK-4402,2051.043,84348.957,2.3739%,4,
Contact STARLINK-6311 - STARLINK-31502,0.000,86400.000,0.0000%,0,
Contact STARLINK-6311 - STARLINK-5618,0.000,86400.000,0.0000%,0,
Contact STARLINK-6311 - STARLINK-6255,86400.000,0.000,100.0000%,1,
Contact STARLINK-6311 - STARLINK-3898,86400.000,0.000,100.0000%,1,
Contact STARLINK-6311 - STARLINK-30842,0.000,86400.000,0.0000%,0,
Contact STARLINK-6311 - STARLINK-4631,0.000,86400.000,0.0000%,0,
Contact STARLINK-6311 - STARLINK-31539,28848.171,57551.829,33.3891%,5,
Contact STARLINK-6311 - STARLINK-5807,0.000,86400.000,0.0000%,0,
Contact STARLINK-6311 - STARLINK-31722,0.000,86400.000,0.0000%,0,
Contact STARLINK-6311 - STARLINK-1581,0.000,86400.000,0.0000%,0,
Contact STARLINK-6311 - STARLINK-30367,86400.000,0.000,100.0000%,1,
Contact STARLINK-6311 - STARLINK-4290,0.000,86400.000,0.0000%,0,
Contact STARLINK-6311 - STARLINK-5151,4790.095,81609.905,5.5441%,3,
Contact STARLINK-6311 - STARLINK-6142,0.000,86400.000,0.0000%,0,
Contact STARLINK-6311 - STARLINK-2388,0.000,86400.000,0.0000%,0,
Contact STARLINK-6311 - STARLINK-3167,0.000,86400.000,0.0000%,0,
Contact STARLINK-6311 - STARLINK-1700,0.000,86400.000,0.0000%,0,
Contact STARLINK-6311 - STARLINK-5049,0.000,86400.000,0.0000%,0,
Contact STARLINK-6311 - STARLINK-31463,11076.174,75323.826,12.8196%,6,
Contact STARLINK-6311 - MoonARTEMIS1,65743.935,20656.065,76.0925%,10,
Contact STARLINK-6311 - MoonARTEMIS2,61011.667,25388.333,70.6154%,10,
Contact STARLINK-6311 - MoonIOAGEO,61433.828,24966.172,71.1040%,9,
Contact STARLINK-6311 - MoonIOAGNO,67090.818,19309.182,77.6514%,10,
Contact STARLINK-6311 - MoonIOAGNO 0001,67089.636,19310.364,77.6500%,10,
Contact STARLINK-6311 - MoonIOAGSO,60168.776,26231.224,69.6398%,10,
Contact STARLINK-6311 - MoonIOAGSO 0001,60610.259,25789.741,70.1508%,10,
Contact STARLINK-6311 - MoonLRO,24729.248,61670.752,28.6218%,8,
Contact STARLINK-6311 - MarsSat1,73716.680,12683.320,85.3202%,8,
Contact STARLINK-6311 - MarsSat2,73716.466,12683.534,85.3200%,8,
Contact STARLINK-6311 - MarsSat3,73716.872,12683.128,85.3205%,8,
Contact STARLINK-6311 - MarsSat4,64268.964,22131.036,74.3854%,8,
Contact STARLINK-31021 - STARLINK-2228,7046.778,79353.222,8.1560%,1,
Contact STARLINK-31021 - STARLINK-1736,844.725,85555.275,0.9777%,1,
Contact STARLINK-31021 - STARLINK-6372,0.000,86400.000,0.0000%,0,
Contact STARLINK-31021 - STARLINK-30425,2895.035,83504.965,3.3507%,4,
Contact STARLINK-31021 - STARLINK-4772,0.000,86400.000,0.0000%,0,
Contact STARLINK-31021 - STARLINK-3346,0.000,86400.000,0.0000%,0,
Contact STARLINK-31021 - STARLINK-30320,0.000,86400.000,0.0000%,0,
Contact STARLINK-31021 - STARLINK-31919,0.000,86400.000,0.0000%,0,
Contact STARLINK-31021 - STARLINK-31639,0.000,86400.000,0.0000%,0,
Contact STARLINK-31021 - STARLINK-31600,0.000,86400.000,0.0000%,0,
Contact STARLINK-31021 - STARLINK-4687,74439.564,11960.436,86.1569%,3,
Contact STARLINK-31021 - STARLINK-5978,81074.445,5325.555,93.8362%,3,
Contact STARLINK-31021 - STARLINK-30613,0.000,86400.000,0.0000%,0,
Contact STARLINK-31021 - STARLINK-31764,0.000,86400.000,0.0000%,0,
Contact STARLINK-31021 - STARLINK-4402,58249.210,28150.790,67.4181%,7,
Contact STARLINK-31021 - STARLINK-31502,31904.790,54495.210,36.9268%,5,
Contact STARLINK-31021 - STARLINK-5618,0.000,86400.000,0.0000%,0,
Contact STARLINK-31021 - STARLINK-6255,0.000,86400.000,0.0000%,0,
Contact STARLINK-31021 - STARLINK-3898,0.000,86400.000,0.0000%,0,
Contact STARLINK-31021 - STARLINK-30842,0.000,86400.000,0.0000%,0,
Contact STARLINK-31021 - STARLINK-4631,34857.797,51542.203,40.3447%,5,
Contact STARLINK-31021 - STARLINK-31539,0.000,86400.000,0.0000%,0,
Contact STARLINK-31021 - STARLINK-5807,1740.938,84659.062,2.0150%,4,
Contact STARLINK-31021 - STARLINK-31722,33630.786,52769.214,38.9245%,1,
Contact STARLINK-31021 - STARLINK-1581,6297.225,80102.775,7.2885%,4,
Contact STARLINK-31021 - STARLINK-30367,0.000,86400.000,0.0000%,0,
Contact STARLINK-31021 - STARLINK-4290,0.000,86400.000,0.0000%,0,
Contact STARLINK-31021 - STARLINK-5151,0.000,86400.000,0.0000%,0,
Contact STARLINK-31021 - STARLINK-6142,0.000,86400.000,0.0000%,0,
Contact STARLINK-31021 - STARLINK-2388,0.000,86400.000,0.0000%,0,
Contact STARLINK-31021 - STARLINK-3167,76681.422,9718.578,88.7516%,5,
Contact STARLINK-31021 - STARLINK-1700,0.000,86400.000,0.0000%,0,
Contact STARLINK-31021 - STARLINK-5049,0.000,86400.000,0.0000%,0,
Contact STARLINK-31021 - STARLINK-31463,817.806,85582.194,0.9465%,1,
Contact STARLINK-31021 - MoonARTEMIS1,66697.464,19702.536,77.1961%,10,
Contact STARLINK-31021 - MoonARTEMIS2,65739.979,20660.021,76.0879%,10,
Contact STARLINK-31021 - MoonIOAGEO,55872.785,30527.215,64.6676%,10,
Contact STARLINK-31021 - MoonIOAGNO,67720.069,18679.931,78.3797%,10,
Contact STARLINK-31021 - MoonIOAGNO 0001,67727.903,18672.097,78.3888%,10,
Contact STARLINK-31021 - MoonIOAGSO,61301.869,25098.131,70.9512%,10,
Contact STARLINK-31021 - MoonIOAGSO 0001,60445.283,25954.717,69.9598%,10,
Contact STARLINK-31021 - MoonLRO,28066.668,58333.332,32.4846%,9,
Contact STARLINK-31021 - MarsSat1,69361.552,17038.448,80.2796%,8,
Contact STARLINK-31021 - MarsSat2,69361.475,17038.525,80.2795%,8,
Contact STARLINK-31021 - MarsSat3,69361.538,17038.462,80.2796%,8,
Contact STARLINK-31021 - MarsSat4,65986.358,20413.642,76.3731%,8,
Contact STARLINK-2228 - STARLINK-1736,855.778,85544.222,0.9905%,2,
Contact STARLINK-2228 - STARLINK-6372,0.000,86400.000,0.0000%,0,
Contact STARLINK-2228 - STARLINK-30425,0.000,86400.000,0.0000%,0,
Contact STARLINK-2228 - STARLINK-4772,0.000,86400.000,0.0000%,0,
Contact STARLINK-2228 - STARLINK-3346,3869.506,82530.494,4.4786%,5,
Contact STARLINK-2228 - STARLINK-30320,49388.147,37011.853,57.1622%,7,
Contact STARLINK-2228 - STARLINK-31919,0.000,86400.000,0.0000%,0,
Contact STARLINK-2228 - STARLINK-31639,8645.902,77754.098,10.0068%,3,
Contact STARLINK-2228 - STARLINK-31600,0.000,86400.000,0.0000%,0,
Contact STARLINK-2228 - STARLINK-4687,0.000,86400.000,0.0000%,0,
Contact STARLINK-2228 - STARLINK-5978,11240.142,75159.858,13.0094%,1,
Contact STARLINK-2228 - STARLINK-30613,11076.274,75323.726,12.8198%,2,
Contact STARLINK-2228 - STARLINK-31764,9434.337,76965.663,10.9194%,7,
Contact STARLINK-2228 - STARLINK-4402,1501.994,84898.006,1.7384%,2,
Contact STARLINK-2228 - STARLINK-31502,0.000,86400.000,0.0000%,0,
Contact STARLINK-2228 - STARLINK-5618,25708.073,60691.927,29.7547%,2,
Contact STARLINK-2228 - STARLINK-6255,24769.879,61630.121,28.6688%,3,
Contact STARLINK-2228 - STARLINK-3898,32908.737,53491.263,38.0888%,3,
Contact STARLINK-2228 - STARLINK-30842,2627.762,83772.238,3.0414%,4,
Contact STARLINK-2228 - STARLINK-4631,0.000,86400.000,0.0000%,0,
Contact STARLINK-2228 - STARLINK-31539,86400.000,0.000,100.0000%,1,
Contact STARLINK-2228 - STARLINK-5807,1947.792,84452.208,2.2544%,3,
Contact STARLINK-2228 - STARLINK-31722,0.000,86400.000,0.0000%,0,
Contact STARLINK-2228 - STARLINK-1581,0.000,86400.000,0.0000%,0,
Contact STARLINK-2228 - STARLINK-30367,35229.529,51170.471,40.7749%,1,
Contact STARLINK-2228 - STARLINK-4290,0.000,86400.000,0.0000%,0,
Contact STARLINK-2228 - STARLINK-5151,11800.359,74599.641,13.6578%,3,
Contact STARLINK-2228 - STARLINK-6142,1052.099,85347.901,1.2177%,1,
Contact STARLINK-2228 - STARLINK-2388,5347.599,81052.401,6.1894%,4,
Contact STARLINK-2228 - STARLINK-3167,0.000,86400.000,0.0000%,0,
Contact STARLINK-2228 - STARLINK-1700,1919.603,84480.397,2.2218%,3,
Contact STARLINK-2228 - STARLINK-5049,363.332,86036.668,0.4205%,1,
Contact STARLINK-2228 - STARLINK-31463,13532.780,72867.220,15.6629%,5,
Contact STARLINK-2228 - MoonARTEMIS1,63340.516,23059.484,73.3108%,9,
Contact STARLINK-2228 - MoonARTEMIS2,57971.399,28428.601,67.0965%,9,
Contact STARLINK-2228 - MoonIOAGEO,52364.238,34035.762,60.6068%,8,
Contact STARLINK-2228 - MoonIOAGNO,63404.795,22995.205,73.3852%,9,
Contact STARLINK-2228 - MoonIOAGNO 0001,63413.292,22986.708,73.3950%,9,
Contact STARLINK-2228 - MoonIOAGSO,57240.317,29159.683,66.2504%,9,
Contact STARLINK-2228 - MoonIOAGSO 0001,62545.952,23854.048,72.3911%,9,
Contact STARLINK-2228 - MoonLRO,23535.343,62864.657,27.2400%,8,
Contact STARLINK-2228 - MarsSat1,76166.399,10233.601,88.1556%,8,
Contact STARLINK-2228 - MarsSat2,76165.100,10234.900,88.1541%,8,
Contact STARLINK-2228 - MarsSat3,76166.142,10233.858,88.1553%,8,
Contact STARLINK-2228 - MarsSat4,70503.294,15896.706,81.6010%,8,
Contact STARLINK-1736 - STARLINK-6372,0.000,86400.000,0.0000%,0,
Contact STARLINK-1736 - STARLINK-30425,25863.887,60536.113,29.9351%,2,
Contact STARLINK-1736 - STARLINK-4772,0.000,86400.000,0.0000%,0,
Contact STARLINK-1736 - STARLINK-3346,52208.141,34191.859,60.4261%,6,
Contact STARLINK-1736 - STARLINK-30320,0.000,86400.000,0.0000%,0,
Contact STARLINK-1736 - STARLINK-31919,0.000,86400.000,0.0000%,0,
Contact STARLINK-1736 - STARLINK-31639,0.000,86400.000,0.0000%,0,
Contact STARLINK-1736 - STARLINK-31600,0.000,86400.000,0.0000%,0,
Contact STARLINK-1736 - STARLINK-4687,0.000,86400.000,0.0000%,0,
Contact STARLINK-1736 - STARLINK-5978,5932.437,80467.563,6.8662%,4,
Contact STARLINK-1736 - STARLINK-30613,525.453,85874.547,0.6082%,1,
Contact STARLINK-1736 - STARLINK-31764,7148.139,79251.861,8.2733%,2,
Contact STARLINK-1736 - STARLINK-4402,2497.506,83902.494,2.8906%,4,
Contact STARLINK-1736 - STARLINK-31502,0.000,86400.000,0.0000%,0,
Contact STARLINK-1736 - STARLINK-5618,0.000,86400.000,0.0000%,0,
Contact STARLINK-1736 - STARLINK-6255,26113.638,60286.362,30.2241%,1,
Contact STARLINK-1736 - STARLINK-3898,25589.327,60810.673,29.6173%,1,
Contact STARLINK-1736 - STARLINK-30842,12560.123,73839.877,14.5372%,4,
Contact STARLINK-1736 - STARLINK-4631,0.000,86400.000,0.0000%,0,
Contact STARLINK-1736 - STARLINK-31539,1609.363,84790.637,1.8627%,3,
Contact STARLINK-1736 - STARLINK-5807,746.218,85653.782,0.8637%,1,
Contact STARLINK-1736 - STARLINK-31722,0.000,86400.000,0.0000%,0,
Contact STARLINK-1736 - STARLINK-1581,0.000,86400.000,0.0000%,0,
Contact STARLINK-1736 - STARLINK-30367,39065.722,47334.278,45.2150%,2,
Contact STARLINK-1736 - STARLINK-4290,0.000,86400.000,0.0000%,0,
Contact STARLINK-1736 - STARLINK-5151,0.000,86400.000,0.0000%,0,
Contact STARLINK-1736 - STARLINK-6142,0.000,86400.000,0.0000%,0,
Contact STARLINK-1736 - STARLINK-2388,1394.782,85005.218,1.6143%,2,
Contact STARLINK-1736 - STARLINK-3167,0.000,86400.000,0.0000%,0,
Contact STARLINK-1736 - STARLINK-1700,12379.973,74020.027,14.3287%,4,
Contact STARLINK-1736 - STARLINK-5049,0.000,86400.000,0.0000%,0,
Contact STARLINK-1736 - STARLINK-31463,6188.917,80211.083,7.1631%,7,
Contact STARLINK-1736 - MoonARTEMIS1,69301.687,17098.313,80.2103%,9,
Contact STARLINK-1736 - MoonARTEMIS2,61523.881,24876.119,71.2082%,10,
Contact STARLINK-1736 - MoonIOAGEO,62295.293,24104.707,72.1010%,9,
Contact STARLINK-1736 - MoonIOAGNO,70079.541,16320.459,81.1106%,9,
Contact STARLINK-1736 - MoonIOAGNO 0001,70073.403,16326.597,81.1035%,9,
Contact STARLINK-1736 - MoonIOAGSO,65615.154,20784.846,75.9435%,10,
Contact STARLINK-1736 - MoonIOAGSO 0001,61591.835,24808.165,71.2868%,10,
Contact STARLINK-1736 - MoonLRO,26993.970,59406.030,31.2430%,9,
Contact STARLINK-1736 - MarsSat1,67980.975,18419.025,78.6817%,10,
Contact STARLINK-1736 - MarsSat2,67980.887,18419.113,78.6816%,10,
Contact STARLINK-1736 - MarsSat3,67981.042,18418.958,78.6818%,10,
Contact STARLINK-1736 - MarsSat4,63959.318,22440.682,74.0270%,10,
Contact STARLINK-6372 - STARLINK-30425,0.000,86400.000,0.0000%,0,
Contact STARLINK-6372 - STARLINK-4772,11782.809,74617.191,13.6375%,7,
Contact STARLINK-6372 - STARLINK-3346,0.000,86400.000,0.0000%,0,
Contact STARLINK-6372 - STARLINK-30320,6633.361,79766.639,7.6775%,1,
Contact STARLINK-6372 - STARLINK-31919,1669.042,84730.958,1.9318%,3,
Contact STARLINK-6372 - STARLINK-31639,17226.966,69173.034,19.9386%,1,
Contact STARLINK-6372 - STARLINK-31600,538.315,85861.685,0.6230%,1,
Contact STARLINK-6372 - STARLINK-4687,11247.052,75152.948,13.0174%,7,
Contact STARLINK-6372 - STARLINK-5978,0.000,86400.000,0.0000%,0,
Contact STARLINK-6372 - STARLINK-30613,0.000,86400.000,0.0000%,0,
Contact STARLINK-6372 - STARLINK-31764,0.000,86400.000,0.0000%,0,
Contact STARLINK-6372 - STARLINK-4402,4588.435,81811.565,5.3107%,7,
Contact STARLINK-6372 - STARLINK-31502,7562.880,78837.120,8.7533%,5,
Contact STARLINK-6372 - STARLINK-5618,8180.860,78219.140,9.4686%,3,
Contact STARLINK-6372 - STARLINK-6255,0.000,86400.000,0.0000%,0,
Contact STARLINK-6372 - STARLINK-3898,0.000,86400.000,0.0000%,0,
Contact STARLINK-6372 - STARLINK-30842,0.000,86400.000,0.0000%,0,
Contact STARLINK-6372 - STARLINK-4631,11969.269,74430.731,13.8533%,7,
Contact STARLINK-6372 - STARLINK-31539,0.000,86400.000,0.0000%,0,
Contact STARLINK-6372 - STARLINK-5807,0.000,86400.000,0.0000%,0,
Contact STARLINK-6372 - STARLINK-31722,9052.095,77347.905,10.4770%,3,
Contact STARLINK-6372 - STARLINK-1581,25382.051,61017.949,29.3774%,1,
Contact STARLINK-6372 - STARLINK-30367,0.000,86400.000,0.0000%,0,
Contact STARLINK-6372 - STARLINK-4290,86400.000,0.000,100.0000%,1,
Contact STARLINK-6372 - STARLINK-5151,0.000,86400.000,0.0000%,0,
Contact STARLINK-6372 - STARLINK-6142,86400.000,0.000,100.0000%,1,
Contact STARLINK-6372 - STARLINK-2388,0.000,86400.000,0.0000%,0,
Contact STARLINK-6372 - STARLINK-3167,6838.069,79561.931,7.9144%,5,
Contact STARLINK-6372 - STARLINK-1700,0.000,86400.000,0.0000%,0,
Contact STARLINK-6372 - STARLINK-5049,1623.025,84776.975,1.8785%,3,
Contact STARLINK-6372 - STARLINK-31463,0.000,86400.000,0.0000%,0,
Contact STARLINK-6372 - MoonARTEMIS1,62863.496,23536.504,72.7587%,9,
Contact STARLINK-6372 - MoonARTEMIS2,64436.901,21963.099,74.5797%,8,
Contact STARLINK-6372 - MoonIOAGEO,58820.260,27579.740,68.0790%,8,
Contact STARLINK-6372 - MoonIOAGNO,70404.184,15995.816,81.4863%,8,
Contact STARLINK-6372 - MoonIOAGNO 0001,70367.089,16032.911,81.4434%,8,
Contact STARLINK-6372 - MoonIOAGSO,60614.581,25785.419,70.1558%,9,
Contact STARLINK-6372 - MoonIOAGSO 0001,61902.658,24497.342,71.6466%,9,
Contact STARLINK-6372 - MoonLRO,32797.778,53602.222,37.9604%,8,
Contact STARLINK-6372 - MarsSat1,67453.986,18946.014,78.0717%,9,
Contact STARLINK-6372 - MarsSat2,67453.939,18946.061,78.0717%,9,
Contact STARLINK-6372 - MarsSat3,67454.030,18945.970,78.0718%,9,
Contact STARLINK-6372 - MarsSat4,61006.914,25393.086,70.6099%,9,
Contact STARLINK-30425 - STARLINK-4772,0.000,86400.000,0.0000%,0,
Contact STARLINK-30425 - STARLINK-3346,29861.276,56538.724,34.5617%,1,
Contact STARLINK-30425 - STARLINK-30320,0.000,86400.000,0.0000%,0,
Contact STARLINK-30425 - STARLINK-31919,0.000,86400.000,0.0000%,0,
Contact STARLINK-30425 - STARLINK-31639,0.000,86400.000,0.0000%,0,
Contact STARLINK-30425 - STARLINK-31600,0.000,86400.000,0.0000%,0,
Contact STARLINK-30425 - STARLINK-4687,0.000,86400.000,0.0000%,0,
Contact STARLINK-30425 - STARLINK-5978,3167.196,83232.804,3.6657%,5,
Contact STARLINK-30425 - STARLINK-30613,932.508,85467.492,1.0793%,2,
Contact STARLINK-30425 - STARLINK-31764,0.000,86400.000,0.0000%,0,
Contact STARLINK-30425 - STARLINK-4402,1713.030,84686.970,1.9827%,5,
Contact STARLINK-30425 - STARLINK-31502,0.000,86400.000,0.0000%,0,
Contact STARLINK-30425 - STARLINK-5618,0.000,86400.000,0.0000%,0,
Contact STARLINK-30425 - STARLINK-6255,7066.387,79333.613,8.1787%,2,
Contact STARLINK-30425 - STARLINK-3898,0.000,86400.000,0.0000%,0,
Contact STARLINK-30425 - STARLINK-30842,33608.773,52791.227,38.8990%,3,
Contact STARLINK-30425 - STARLINK-4631,0.000,86400.000,0.0000%,0,
Contact STARLINK-30425 - STARLINK-31539,191.339,86208.661,0.2215%,1,
Contact STARLINK-30425 - STARLINK-5807,12429.136,73970.864,14.3856%,3,
Contact STARLINK-30425 - STARLINK-31722,0.000,86400.000,0.0000%,0,
Contact STARLINK-30425 - STARLINK-1581,878.706,85521.294,1.0170%,1,
Contact STARLINK-30425 - STARLINK-30367,10289.674,76110.326,11.9093%,2,
Contact STARLINK-30425 - STARLINK-4290,0.000,86400.000,0.0000%,0,
Contact STARLINK-30425 - STARLINK-5151,362.498,86037.502,0.4196%,1,
Contact STARLINK-30425 - STARLINK-6142,0.000,86400.000,0.0000%,0,
Contact STARLINK-30425 - STARLINK-2388,24987.905,61412.095,28.9212%,4,
Contact STARLINK-30425 - STARLINK-3167,0.000,86400.000,0.0000%,0,
Contact STARLINK-30425 - STARLINK-1700,40950.621,45449.379,47.3966%,1,
Contact STARLINK-30425 - STARLINK-5049,0.000,86400.000,0.0000%,0,
Contact STARLINK-30425 - STARLINK-31463,11548.590,74851.410,13.3664%,7,
Contact STARLINK-30425 - MoonARTEMIS1,76171.078,10228.922,88.1610%,7,
Contact STARLINK-30425 - MoonARTEMIS2,72851.314,13548.686,84.3187%,8,
Contact STARLINK-30425 - MoonIOAGEO,65352.990,21047.010,75.6400%,7,
Contact STARLINK-30425 - MoonIOAGNO,75772.136,10627.864,87.6992%,8,
Contact STARLINK-30425 - MoonIOAGNO 0001,75867.925,10532.075,87.8101%,8,
Contact STARLINK-30425 - MoonIOAGSO,68172.681,18227.319,78.9036%,8,
Contact STARLINK-30425 - MoonIOAGSO 0001,68142.536,18257.464,78.8687%,8,
Contact STARLINK-30425 - MoonLRO,34539.725,51860.275,39.9765%,8,
Contact STARLINK-30425 - MarsSat1,62508.335,23891.665,72.3476%,9,
Contact STARLINK-30425 - MarsSat2,62508.350,23891.650,72.3476%,9,
Contact STARLINK-30425 - MarsSat3,62508.353,23891.647,72.3476%,9,
Contact STARLINK-30425 - MarsSat4,56262.432,30137.568,65.1186%,9,
Contact STARLINK-4772 - STARLINK-3346,0.000,86400.000,0.0000%,0,
Contact STARLINK-4772 - STARLINK-30320,0.000,86400.000,0.0000%,0,
Contact STARLINK-4772 - STARLINK-31919,9160.469,77239.531,10.6024%,1,
Contact STARLINK-4772 - STARLINK-31639,1085.536,85314.464,1.2564%,2,
Contact STARLINK-4772 - STARLINK-31600,7775.401,78624.599,8.9993%,2,
Contact STARLINK-4772 - STARLINK-4687,77071.883,9328.117,89.2036%,1,
Contact STARLINK-4772 - STARLINK-5978,17718.032,68681.968,20.5070%,3,
Contact STARLINK-4772 - STARLINK-30613,0.000,86400.000,0.0000%,0,
Contact STARLINK-4772 - STARLINK-31764,0.000,86400.000,0.0000%,0,
Contact STARLINK-4772 - STARLINK-4402,8595.099,77804.901,9.9480%,3,
Contact STARLINK-4772 - STARLINK-31502,35074.563,51325.437,40.5956%,2,
Contact STARLINK-4772 - STARLINK-5618,0.000,86400.000,0.0000%,0,
Contact STARLINK-4772 - STARLINK-6255,0.000,86400.000,0.0000%,0,
Contact STARLINK-4772 - STARLINK-3898,0.000,86400.000,0.0000%,0,
Contact STARLINK-4772 - STARLINK-30842,0.000,86400.000,0.0000%,0,
Contact STARLINK-4772 - STARLINK-4631,86400.000,0.000,100.0000%,1,
Contact STARLINK-4772 - STARLINK-31539,0.000,86400.000,0.0000%,0,
Contact STARLINK-4772 - STARLINK-5807,0.000,86400.000,0.0000%,0,
Contact STARLINK-4772 - STARLINK-31722,52001.874,34398.126,60.1874%,6,
Contact STARLINK-4772 - STARLINK-1581,8040.818,78359.182,9.3065%,7,
Contact STARLINK-4772 - STARLINK-30367,0.000,86400.000,0.0000%,0,
Contact STARLINK-4772 - STARLINK-4290,8766.062,77633.938,10.1459%,7,
Contact STARLINK-4772 - STARLINK-5151,0.000,86400.000,0.0000%,0,
Contact STARLINK-4772 - STARLINK-6142,8672.060,77727.940,10.0371%,6,
Contact STARLINK-4772 - STARLINK-2388,0.000,86400.000,0.0000%,0,
Contact STARLINK-4772 - STARLINK-3167,0.000,86400.000,0.0000%,0,
Contact STARLINK-4772 - STARLINK-1700,0.000,86400.000,0.0000%,0,
Contact STARLINK-4772 - STARLINK-5049,65378.538,21021.462,75.6696%,3,
Contact STARLINK-4772 - STARLINK-31463,0.000,86400.000,0.0000%,0,
Contact STARLINK-4772 - MoonARTEMIS1,60779.940,25620.060,70.3472%,9,
Contact STARLINK-4772 - MoonARTEMIS2,54958.331,31441.669,63.6092%,9,
Contact STARLINK-4772 - MoonIOAGEO,54432.619,31967.381,63.0007%,8,
Contact STARLINK-4772 - MoonIOAGNO,66412.184,19987.816,76.8660%,9,
Contact STARLINK-4772 - MoonIOAGNO 0001,60704.181,25695.819,70.2595%,9,
Contact STARLINK-4772 - MoonIOAGSO,53169.349,33230.651,61.5386%,9,
Contact STARLINK-4772 - MoonIOAGSO 0001,55022.820,31377.180,63.6838%,9,
Contact STARLINK-4772 - MoonLRO,36000.443,50399.557,41.6672%,9,
Contact STARLINK-4772 - MarsSat1,62982.467,23417.533,72.8964%,9,
Contact STARLINK-4772 - MarsSat2,62982.632,23417.368,72.8966%,9,
Contact STARLINK-4772 - MarsSat3,62982.617,23417.383,72.8965%,9,
Contact STARLINK-4772 - MarsSat4,56700.715,29699.285,65.6258%,9,
Contact STARLINK-3346 - STARLINK-30320,4929.767,81470.233,5.7057%,3,
Contact STARLINK-3346 - STARLINK-31919,3334.043,83065.957,3.8588%,4,
Contact STARLINK-3346 - STARLINK-31639,0.000,86400.000,0.0000%,0,
Contact STARLINK-3346 - STARLINK-31600,27989.321,58410.679,32.3950%,2,
Contact STARLINK-3346 - STARLINK-4687,0.000,86400.000,0.0000%,0,
Contact STARLINK-3346 - STARLINK-5978,691.720,85708.280,0.8006%,2,
Contact STARLINK-3346 - STARLINK-30613,4085.849,82314.151,4.7290%,5,
Contact STARLINK-3346 - STARLINK-31764,53928.023,32471.977,62.4167%,1,
Contact STARLINK-3346 - STARLINK-4402,0.000,86400.000,0.0000%,0,
Contact STARLINK-3346 - STARLINK-31502,0.000,86400.000,0.0000%,0,
Contact STARLINK-3346 - STARLINK-5618,0.000,86400.000,0.0000%,0,
Contact STARLINK-3346 - STARLINK-6255,15836.735,70563.265,18.3296%,4,
Contact STARLINK-3346 - STARLINK-3898,11434.192,74965.808,13.2340%,6,
Contact STARLINK-3346 - STARLINK-30842,0.000,86400.000,0.0000%,0,
Contact STARLINK-3346 - STARLINK-4631,0.000,86400.000,0.0000%,0,
Contact STARLINK-3346 - STARLINK-31539,7418.144,78981.856,8.5858%,6,
Contact STARLINK-3346 - STARLINK-5807,0.000,86400.000,0.0000%,0,
Contact STARLINK-3346 - STARLINK-31722,0.000,86400.000,0.0000%,0,
Contact STARLINK-3346 - STARLINK-1581,0.000,86400.000,0.0000%,0,
Contact STARLINK-3346 - STARLINK-30367,21402.668,64997.332,24.7716%,6,
Contact STARLINK-3346 - STARLINK-4290,0.000,86400.000,0.0000%,0,
Contact STARLINK-3346 - STARLINK-5151,8928.519,77471.481,10.3339%,7,
Contact STARLINK-3346 - STARLINK-6142,0.000,86400.000,0.0000%,0,
Contact STARLINK-3346 - STARLINK-2388,0.000,86400.000,0.0000%,0,
Contact STARLINK-3346 - STARLINK-3167,0.000,86400.000,0.0000%,0,
Contact STARLINK-3346 - STARLINK-1700,0.000,86400.000,0.0000%,0,
Contact STARLINK-3346 - STARLINK-5049,0.000,86400.000,0.0000%,0,
Contact STARLINK-3346 - STARLINK-31463,347.035,86052.965,0.4017%,1,
Contact STARLINK-3346 - MoonARTEMIS1,78868.745,7531.255,91.2833%,6,
Contact STARLINK-3346 - MoonARTEMIS2,77205.968,9194.032,89.3588%,4,
Contact STARLINK-3346 - MoonIOAGEO,72159.715,14240.285,83.5182%,5,
Contact STARLINK-3346 - MoonIOAGNO,83555.800,2844.200,96.7081%,4,
Contact STARLINK-3346 - MoonIOAGNO 0001,83487.085,2912.915,96.6286%,4,
Contact STARLINK-3346 - MoonIOAGSO,77097.506,9302.494,89.2332%,5,
Contact STARLINK-3346 - MoonIOAGSO 0001,76665.811,9734.189,88.7336%,6,
Contact STARLINK-3346 - MoonLRO,51306.429,35093.571,59.3824%,9,
Contact STARLINK-3346 - MarsSat1,67601.778,18798.222,78.2428%,10,
Contact STARLINK-3346 - MarsSat2,67601.847,18798.153,78.2429%,10,
Contact STARLINK-3346 - MarsSat3,67601.748,18798.252,78.2428%,10,
Contact STARLINK-3346 - MarsSat4,58311.272,28088.728,67.4899%,10,
Contact STARLINK-30320 - STARLINK-31919,3877.672,82522.328,4.4880%,7,
Contact STARLINK-30320 - STARLINK-31639,71548.193,14851.807,82.8104%,1,
Contact STARLINK-30320 - STARLINK-31600,6152.738,80247.262,7.1212%,8,
Contact STARLINK-30320 - STARLINK-4687,0.000,86400.000,0.0000%,0,
Contact STARLINK-30320 - STARLINK-5978,0.000,86400.000,0.0000%,0,
Contact STARLINK-30320 - STARLINK-30613,3607.004,82792.996,4.1748%,4,
Contact STARLINK-30320 - STARLINK-31764,33802.995,52597.005,39.1238%,8,
Contact STARLINK-30320 - STARLINK-4402,2002.201,84397.799,2.3174%,5,
Contact STARLINK-30320 - STARLINK-31502,0.000,86400.000,0.0000%,0,
Contact STARLINK-30320 - STARLINK-5618,34927.716,51472.284,40.4256%,1,
Contact STARLINK-30320 - STARLINK-6255,53202.073,33197.927,61.5765%,1,
Contact STARLINK-30320 - STARLINK-3898,58204.468,28195.532,67.3663%,1,
Contact STARLINK-30320 - STARLINK-30842,0.000,86400.000,0.0000%,0,
Contact STARLINK-30320 - STARLINK-4631,0.000,86400.000,0.0000%,0,
Contact STARLINK-30320 - STARLINK-31539,18311.286,68088.714,21.1936%,7,
Contact STARLINK-30320 - STARLINK-5807,0.000,86400.000,0.0000%,0,
Contact STARLINK-30320 - STARLINK-31722,0.000,86400.000,0.0000%,0,
Contact STARLINK-30320 - STARLINK-1581,0.000,86400.000,0.0000%,0,
Contact STARLINK-30320 - STARLINK-30367,49637.441,36762.559,57.4507%,1,
Contact STARLINK-30320 - STARLINK-4290,0.000,86400.000,0.0000%,0,
Contact STARLINK-30320 - STARLINK-5151,8665.922,77734.078,10.0300%,7,
Contact STARLINK-30320 - STARLINK-6142,20885.311,65514.689,24.1728%,1,
Contact STARLINK-30320 - STARLINK-2388,0.000,86400.000,0.0000%,0,
Contact STARLINK-30320 - STARLINK-3167,0.000,86400.000,0.0000%,0,
Contact STARLINK-30320 - STARLINK-1700,0.000,86400.000,0.0000%,0,
Contact STARLINK-30320 - STARLINK-5049,1830.612,84569.388,2.1188%,3,
Contact STARLINK-30320 - STARLINK-31463,0.000,86400.000,0.0000%,0,
Contact STARLINK-30320 - MoonARTEMIS1,57764.304,28635.696,66.8568%,9,
Contact STARLINK-30320 - MoonARTEMIS2,59816.053,26583.947,69.2315%,8,
Contact STARLINK-30320 - MoonIOAGEO,52319.181,34080.819,60.5546%,8,
Contact STARLINK-30320 - MoonIOAGNO,63328.043,23071.957,73.2963%,9,
Contact STARLINK-30320 - MoonIOAGNO 0001,68940.784,17459.216,79.7926%,9,
Contact STARLINK-30320 - MoonIOAGSO,57064.883,29335.117,66.0473%,9,
Contact STARLINK-30320 - MoonIOAGSO 0001,56839.746,29560.254,65.7867%,9,
Contact STARLINK-30320 - MoonLRO,22678.573,63721.427,26.2483%,8,
Contact STARLINK-30320 - MarsSat1,73011.353,13388.647,84.5039%,8,
Contact STARLINK-30320 - MarsSat2,73011.195,13388.805,84.5037%,8,
Contact STARLINK-30320 - MarsSat3,73011.450,13388.550,84.5040%,8,
Contact STARLINK-30320 - MarsSat4,65643.294,20756.706,75.9760%,8,
Contact STARLINK-31919 - STARLINK-31639,8510.440,77889.560,9.8500%,7,
Contact STARLINK-31919 - STARLINK-31600,71813.484,14586.516,83.1175%,7,
Contact STARLINK-31919 - STARLINK-4687,0.000,86400.000,0.0000%,0,
Contact STARLINK-31919 - STARLINK-5978,0.000,86400.000,0.0000%,0,
Contact STARLINK-31919 - STARLINK-30613,54934.437,31465.563,63.5815%,1,
Contact STARLINK-31919 - STARLINK-31764,5300.297,81099.703,6.1346%,7,
Contact STARLINK-31919 - STARLINK-4402,0.000,86400.000,0.0000%,0,
Contact STARLINK-31919 - STARLINK-31502,0.000,86400.000,0.0000%,0,
Contact STARLINK-31919 - STARLINK-5618,4427.152,81972.848,5.1240%,6,
Contact STARLINK-31919 - STARLINK-6255,5618.962,80781.038,6.5034%,4,
Contact STARLINK-31919 - STARLINK-3898,744.659,85655.341,0.8619%,2,
Contact STARLINK-31919 - STARLINK-30842,0.000,86400.000,0.0000%,0,
Contact STARLINK-31919 - STARLINK-4631,0.000,86400.000,0.0000%,0,
Contact STARLINK-31919 - STARLINK-31539,0.000,86400.000,0.0000%,0,
Contact STARLINK-31919 - STARLINK-5807,0.000,86400.000,0.0000%,0,
Contact STARLINK-31919 - STARLINK-31722,0.000,86400.000,0.0000%,0,
Contact STARLINK-31919 - STARLINK-1581,0.000,86400.000,0.0000%,0,
Contact STARLINK-31919 - STARLINK-30367,1173.713,85226.287,1.3585%,2,
Contact STARLINK-31919 - STARLINK-4290,1763.975,84636.025,2.0416%,3,
Contact STARLINK-31919 - STARLINK-5151,24913.270,61486.730,28.8348%,1,
Contact STARLINK-31919 - STARLINK-6142,2546.811,83853.189,2.9477%,3,
Contact STARLINK-31919 - STARLINK-2388,0.000,86400.000,0.0000%,0,
Contact STARLINK-31919 - STARLINK-3167,0.000,86400.000,0.0000%,0,
Contact STARLINK-31919 - STARLINK-1700,0.000,86400.000,0.0000%,0,
Contact STARLINK-31919 - STARLINK-5049,35896.211,50503.789,41.5465%,1,
Contact STARLINK-31919 - STARLINK-31463,0.000,86400.000,0.0000%,0,
Contact STARLINK-31919 - MoonARTEMIS1,56748.853,29651.147,65.6815%,9,
Contact STARLINK-31919 - MoonARTEMIS2,56782.192,29617.808,65.7201%,9,
Contact STARLINK-31919 - MoonIOAGEO,58768.583,27631.417,68.0192%,8,
Contact STARLINK-31919 - MoonIOAGNO,62362.164,24037.836,72.1784%,9,
Contact STARLINK-31919 - MoonIOAGNO 0001,62374.591,24025.409,72.1928%,9,
Contact STARLINK-31919 - MoonIOAGSO,53315.211,33084.789,61.7074%,8,
Contact STARLINK-31919 - MoonIOAGSO 0001,56097.070,30302.930,64.9272%,9,
Contact STARLINK-31919 - MoonLRO,18906.280,67493.720,21.8823%,7,
Contact STARLINK-31919 - MarsSat1,68992.647,17407.353,79.8526%,9,
Contact STARLINK-31919 - MarsSat2,68992.765,17407.235,79.8527%,9,
Contact STARLINK-31919 - MarsSat3,68992.751,17407.249,79.8527%,9,
Contact STARLINK-31919 - MarsSat4,62089.168,24310.832,71.8625%,9,
Contact STARLINK-31639 - STARLINK-31600,8697.901,77702.099,10.0670%,7,
Contact STARLINK-31639 - STARLINK-4687,0.000,86400.000,0.0000%,0,
Contact STARLINK-31639 - STARLINK-5978,0.000,86400.000,0.0000%,0,
Contact STARLINK-31639 - STARLINK-30613,7994.517,78405.483,9.2529%,7,
Contact STARLINK-31639 - STARLINK-31764,20.427,86379.573,0.0236%,1,
Contact STARLINK-31639 - STARLINK-4402,3174.512,83225.488,3.6742%,6,
Contact STARLINK-31639 - STARLINK-31502,0.000,86400.000,0.0000%,0,
Contact STARLINK-31639 - STARLINK-5618,50083.141,36316.859,57.9666%,5,
Contact STARLINK-31639 - STARLINK-6255,43568.917,42831.083,50.4270%,1,
Contact STARLINK-31639 - STARLINK-3898,25737.720,60662.280,29.7890%,2,
Contact STARLINK-31639 - STARLINK-30842,0.000,86400.000,0.0000%,0,
Contact STARLINK-31639 - STARLINK-4631,402.268,85997.732,0.4656%,2,
Contact STARLINK-31639 - STARLINK-31539,414.164,85985.836,0.4794%,1,
Contact STARLINK-31639 - STARLINK-5807,0.000,86400.000,0.0000%,0,
Contact STARLINK-31639 - STARLINK-31722,0.000,86400.000,0.0000%,0,
Contact STARLINK-31639 - STARLINK-1581,0.000,86400.000,0.0000%,0,
Contact STARLINK-31639 - STARLINK-30367,18784.117,67615.883,21.7409%,1,
Contact STARLINK-31639 - STARLINK-4290,0.000,86400.000,0.0000%,0,
Contact STARLINK-31639 - STARLINK-5151,4453.235,81946.765,5.1542%,6,
Contact STARLINK-31639 - STARLINK-6142,43503.332,42896.668,50.3511%,1,
Contact STARLINK-31639 - STARLINK-2388,0.000,86400.000,0.0000%,0,
Contact STARLINK-31639 - STARLINK-3167,0.000,86400.000,0.0000%,0,
Contact STARLINK-31639 - STARLINK-1700,0.000,86400.000,0.0000%,0,
Contact STARLINK-31639 - STARLINK-5049,8241.310,78158.690,9.5386%,6,
Contact STARLINK-31639 - STARLINK-31463,0.000,86400.000,0.0000%,0,
Contact STARLINK-31639 - MoonARTEMIS1,64969.711,21430.289,75.1964%,9,
Contact STARLINK-31639 - MoonARTEMIS2,66588.576,19811.424,77.0701%,8,
Contact STARLINK-31639 - MoonIOAGEO,58532.500,27867.500,67.7459%,8,
Contact STARLINK-31639 - MoonIOAGNO,70434.358,15965.642,81.5212%,9,
Contact STARLINK-31639 - MoonIOAGNO 0001,70512.344,15887.656,81.6115%,9,
Contact STARLINK-31639 - MoonIOAGSO,65638.575,20761.425,75.9706%,8,
Contact STARLINK-31639 - MoonIOAGSO 0001,63959.392,22440.608,74.0271%,9,
Contact STARLINK-31639 - MoonLRO,22765.842,63634.158,26.3494%,8,
Contact STARLINK-31639 - MarsSat1,69453.955,16946.045,80.3865%,9,
Contact STARLINK-31639 - MarsSat2,69453.914,16946.086,80.3865%,9,
Contact STARLINK-31639 - MarsSat3,69453.941,16946.059,80.3865%,9,
Contact STARLINK-31639 - MarsSat4,62606.348,23793.652,72.4611%,9,
Contact STARLINK-31600 - STARLINK-4687,0.000,86400.000,0.0000%,0,
Contact STARLINK-31600 - STARLINK-5978,186.975,86213.025,0.2164%,1,
Contact STARLINK-31600 - STARLINK-30613,22813.141,63586.859,26.4041%,4,
Contact STARLINK-31600 - STARLINK-31764,39773.399,46626.601,46.0340%,8,
Contact STARLINK-31600 - STARLINK-4402,660.144,85739.856,0.7641%,2,
Contact STARLINK-31600 - STARLINK-31502,0.000,86400.000,0.0000%,0,
Contact STARLINK-31600 - STARLINK-5618,4649.297,81750.703,5.3811%,7,
Contact STARLINK-31600 - STARLINK-6255,6918.750,79481.250,8.0078%,4,
Contact STARLINK-31600 - STARLINK-3898,6030.143,80369.857,6.9793%,4,
Contact STARLINK-31600 - STARLINK-30842,0.000,86400.000,0.0000%,0,
Contact STARLINK-31600 - STARLINK-4631,0.000,86400.000,0.0000%,0,
Contact STARLINK-31600 - STARLINK-31539,0.000,86400.000,0.0000%,0,
Contact STARLINK-31600 - STARLINK-5807,0.000,86400.000,0.0000%,0,
Contact STARLINK-31600 - STARLINK-31722,0.000,86400.000,0.0000%,0,
Contact STARLINK-31600 - STARLINK-1581,0.000,86400.000,0.0000%,0,
Contact STARLINK-31600 - STARLINK-30367,2458.240,83941.760,2.8452%,3,
Contact STARLINK-31600 - STARLINK-4290,0.000,86400.000,0.0000%,0,
Contact STARLINK-31600 - STARLINK-5151,295.530,86104.470,0.3420%,1,
Contact STARLINK-31600 - STARLINK-6142,7854.803,78545.197,9.0912%,3,
Contact STARLINK-31600 - STARLINK-2388,0.000,86400.000,0.0000%,0,
Contact STARLINK-31600 - STARLINK-3167,0.000,86400.000,0.0000%,0,
Contact STARLINK-31600 - STARLINK-1700,0.000,86400.000,0.0000%,0,
Contact STARLINK-31600 - STARLINK-5049,50268.891,36131.109,58.1816%,1,
Contact STARLINK-31600 - STARLINK-31463,0.000,86400.000,0.0000%,0,
Contact STARLINK-31600 - MoonARTEMIS1,62825.853,23574.147,72.7151%,9,
Contact STARLINK-31600 - MoonARTEMIS2,63029.600,23370.400,72.9509%,9,
Contact STARLINK-31600 - MoonIOAGEO,53698.551,32701.449,62.1511%,8,
Contact STARLINK-31600 - MoonIOAGNO,62950.720,23449.280,72.8596%,9,
Contact STARLINK-31600 - MoonIOAGNO 0001,62937.902,23462.098,72.8448%,9,
Contact STARLINK-31600 - MoonIOAGSO,51611.300,34788.700,59.7353%,9,
Contact STARLINK-31600 - MoonIOAGSO 0001,56493.869,29906.131,65.3864%,9,
Contact STARLINK-31600 - MoonLRO,23239.335,63160.665,26.8974%,8,
Contact STARLINK-31600 - MarsSat1,70103.347,16296.653,81.1381%,9,
Contact STARLINK-31600 - MarsSat2,70103.687,16296.313,81.1385%,9,
Contact STARLINK-31600 - MarsSat3,70103.415,16296.585,81.1382%,9,
Contact STARLINK-31600 - MarsSat4,62966.895,23433.105,72.8784%,9,
Contact STARLINK-4687 - STARLINK-5978,30866.112,55533.888,35.7247%,6,
Contact STARLINK-4687 - STARLINK-30613,0.000,86400.000,0.0000%,0,
Contact STARLINK-4687 - STARLINK-31764,0.000,86400.000,0.0000%,0,
Contact STARLINK-4687 - STARLINK-4402,82774.452,3625.548,95.8038%,5,
Contact STARLINK-4687 - STARLINK-31502,60164.777,26235.223,69.6352%,2,
Contact STARLINK-4687 - STARLINK-5618,0.000,86400.000,0.0000%,0,
Contact STARLINK-4687 - STARLINK-6255,0.000,86400.000,0.0000%,0,
Contact STARLINK-4687 - STARLINK-3898,0.000,86400.000,0.0000%,0,
Contact STARLINK-4687 - STARLINK-30842,0.000,86400.000,0.0000%,0,
Contact STARLINK-4687 - STARLINK-4631,86400.000,0.000,100.0000%,1,
Contact STARLINK-4687 - STARLINK-31539,0.000,86400.000,0.0000%,0,
Contact STARLINK-4687 - STARLINK-5807,0.000,86400.000,0.0000%,0,
Contact STARLINK-4687 - STARLINK-31722,45839.481,40560.519,53.0550%,4,
Contact STARLINK-4687 - STARLINK-1581,8610.231,77789.769,9.9655%,7,
Contact STARLINK-4687 - STARLINK-30367,0.000,86400.000,0.0000%,0,
Contact STARLINK-4687 - STARLINK-4290,4206.892,82193.108,4.8691%,6,
Contact STARLINK-4687 - STARLINK-5151,0.000,86400.000,0.0000%,0,
Contact STARLINK-4687 - STARLINK-6142,4299.910,82100.090,4.9767%,6,
Contact STARLINK-4687 - STARLINK-2388,0.000,86400.000,0.0000%,0,
Contact STARLINK-4687 - STARLINK-3167,68320.606,18079.394,79.0748%,2,
Contact STARLINK-4687 - STARLINK-1700,0.000,86400.000,0.0000%,0,
Contact STARLINK-4687 - STARLINK-5049,0.000,86400.000,0.0000%,0,
Contact STARLINK-4687 - STARLINK-31463,0.000,86400.000,0.0000%,0,
Contact STARLINK-4687 - MoonARTEMIS1,61326.907,25073.093,70.9802%,9,
Contact STARLINK-4687 - MoonARTEMIS2,64217.742,22182.258,74.3261%,9,
Contact STARLINK-4687 - MoonIOAGEO,58104.449,28295.551,67.2505%,9,
Contact STARLINK-4687 - MoonIOAGNO,66986.262,19413.738,77.5304%,9,
Contact STARLINK-4687 - MoonIOAGNO 0001,66982.270,19417.730,77.5258%,9,
Contact STARLINK-4687 - MoonIOAGSO,62216.828,24183.172,72.0102%,8,
Contact STARLINK-4687 - MoonIOAGSO 0001,55543.485,30856.515,64.2864%,9,
Contact STARLINK-4687 - MoonLRO,31640.207,54759.793,36.6206%,7,
Contact STARLINK-4687 - MarsSat1,66711.066,19688.934,77.2119%,9,
Contact STARLINK-4687 - MarsSat2,66711.154,19688.846,77.2120%,9,
Contact STARLINK-4687 - MarsSat3,66711.095,19688.905,77.2119%,9,
Contact STARLINK-4687 - MarsSat4,60740.484,25659.516,70.3015%,9,
Contact STARLINK-5978 - STARLINK-30613,0.000,86400.000,0.0000%,0,
Contact STARLINK-5978 - STARLINK-31764,0.000,86400.000,0.0000%,0,
Contact STARLINK-5978 - STARLINK-4402,13626.846,72773.154,15.7718%,6,
Contact STARLINK-5978 - STARLINK-31502,6865.059,79534.941,7.9457%,5,
Contact STARLINK-5978 - STARLINK-5618,0.000,86400.000,0.0000%,0,
Contact STARLINK-5978 - STARLINK-6255,0.000,86400.000,0.0000%,0,
Contact STARLINK-5978 - STARLINK-3898,0.000,86400.000,0.0000%,0,
Contact STARLINK-5978 - STARLINK-30842,2939.548,83460.452,3.4023%,7,
Contact STARLINK-5978 - STARLINK-4631,6680.368,79719.632,7.7319%,6,
Contact STARLINK-5978 - STARLINK-31539,0.000,86400.000,0.0000%,0,
Contact STARLINK-5978 - STARLINK-5807,2842.070,83557.930,3.2894%,4,
Contact STARLINK-5978 - STARLINK-31722,42569.502,43830.498,49.2703%,1,
Contact STARLINK-5978 - STARLINK-1581,14876.537,71523.463,17.2182%,3,
Contact STARLINK-5978 - STARLINK-30367,0.000,86400.000,0.0000%,0,
Contact STARLINK-5978 - STARLINK-4290,0.000,86400.000,0.0000%,0,
Contact STARLINK-5978 - STARLINK-5151,0.000,86400.000,0.0000%,0,
Contact STARLINK-5978 - STARLINK-6142,0.000,86400.000,0.0000%,0,
Contact STARLINK-5978 - STARLINK-2388,2494.280,83905.720,2.8869%,5,
Contact STARLINK-5978 - STARLINK-3167,14353.328,72046.672,16.6126%,6,
Contact STARLINK-5978 - STARLINK-1700,4072.086,82327.914,4.7131%,7,
Contact STARLINK-5978 - STARLINK-5049,0.000,86400.000,0.0000%,0,
Contact STARLINK-5978 - STARLINK-31463,588.984,85811.016,0.6817%,1,
Contact STARLINK-5978 - MoonARTEMIS1,74463.332,11936.668,86.1844%,7,
Contact STARLINK-5978 - MoonARTEMIS2,73768.138,12631.862,85.3798%,7,
Contact STARLINK-5978 - MoonIOAGEO,65820.133,20579.867,76.1807%,8,
Contact STARLINK-5978 - MoonIOAGNO,73990.563,12409.437,85.6372%,8,
Contact STARLINK-5978 - MoonIOAGNO 0001,75684.870,10715.130,87.5982%,7,
Contact STARLINK-5978 - MoonIOAGSO,67312.325,19087.675,77.9078%,8,
Contact STARLINK-5978 - MoonIOAGSO 0001,68690.855,17709.145,79.5033%,7,
Contact STARLINK-5978 - MoonLRO,35085.819,51314.181,40.6086%,9,
Contact STARLINK-5978 - MarsSat1,78681.600,7718.400,91.0667%,6,
Contact STARLINK-5978 - MarsSat2,78680.927,7719.073,91.0659%,6,
Contact STARLINK-5978 - MarsSat3,78681.265,7718.735,91.0663%,6,
Contact STARLINK-5978 - MarsSat4,74456.922,11943.078,86.1770%,7,
Contact STARLINK-30613 - STARLINK-31764,7284.418,79115.582,8.4310%,5,
Contact STARLINK-30613 - STARLINK-4402,0.000,86400.000,0.0000%,0,
Contact STARLINK-30613 - STARLINK-31502,0.000,86400.000,0.0000%,0,
Contact STARLINK-30613 - STARLINK-5618,6015.297,80384.703,6.9621%,6,
Contact STARLINK-30613 - STARLINK-6255,4295.607,82104.393,4.9718%,6,
Contact STARLINK-30613 - STARLINK-3898,938.722,85461.278,1.0865%,2,
Contact STARLINK-30613 - STARLINK-30842,0.000,86400.000,0.0000%,0,
Contact STARLINK-30613 - STARLINK-4631,0.000,86400.000,0.0000%,0,
Contact STARLINK-30613 - STARLINK-31539,22245.400,64154.600,25.7470%,1,
Contact STARLINK-30613 - STARLINK-5807,0.000,86400.000,0.0000%,0,
Contact STARLINK-30613 - STARLINK-31722,0.000,86400.000,0.0000%,0,
Contact STARLINK-30613 - STARLINK-1581,0.000,86400.000,0.0000%,0,
Contact STARLINK-30613 - STARLINK-30367,0.000,86400.000,0.0000%,0,
Contact STARLINK-30613 - STARLINK-4290,662.819,85737.181,0.7672%,2,
Contact STARLINK-30613 - STARLINK-5151,57754.518,28645.482,66.8455%,1,
Contact STARLINK-30613 - STARLINK-6142,0.000,86400.000,0.0000%,0,
Contact STARLINK-30613 - STARLINK-2388,0.000,86400.000,0.0000%,0,
Contact STARLINK-30613 - STARLINK-3167,0.000,86400.000,0.0000%,0,
Contact STARLINK-30613 - STARLINK-1700,0.000,86400.000,0.0000%,0,
Contact STARLINK-30613 - STARLINK-5049,0.000,86400.000,0.0000%,0,
Contact STARLINK-30613 - STARLINK-31463,0.000,86400.000,0.0000%,0,
Contact STARLINK-30613 - MoonARTEMIS1,61695.094,24704.906,71.4064%,10,
Contact STARLINK-30613 - MoonARTEMIS2,63730.629,22669.371,73.7623%,9,
Contact STARLINK-30613 - MoonIOAGEO,52218.491,34181.509,60.4381%,9,
Contact STARLINK-30613 - MoonIOAGNO,67384.715,19015.285,77.9916%,10,
Contact STARLINK-30613 - MoonIOAGNO 0001,67391.737,19008.263,77.9997%,10,
Contact STARLINK-30613 - MoonIOAGSO,60874.788,25525.212,70.4569%,10,
Contact STARLINK-30613 - MoonIOAGSO 0001,60391.821,26008.179,69.8979%,10,
Contact STARLINK-30613 - MoonLRO,22697.537,63702.463,26.2703%,8,
Contact STARLINK-30613 - MarsSat1,69388.574,17011.426,80.3108%,9,
Contact STARLINK-30613 - MarsSat2,69388.517,17011.483,80.3108%,9,
Contact STARLINK-30613 - MarsSat3,69388.546,17011.454,80.3108%,9,
Contact STARLINK-30613 - MarsSat4,60312.370,26087.630,69.8060%,9,
Contact STARLINK-31764 - STARLINK-4402,496.084,85903.916,0.5742%,1,
Contact STARLINK-31764 - STARLINK-31502,0.000,86400.000,0.0000%,0,
Contact STARLINK-31764 - STARLINK-5618,458.501,85941.499,0.5307%,1,
Contact STARLINK-31764 - STARLINK-6255,46357.232,40042.768,53.6542%,3,
Contact STARLINK-31764 - STARLINK-3898,36472.473,49927.527,42.2135%,6,
Contact STARLINK-31764 - STARLINK-30842,3895.160,82504.840,4.5083%,1,
Contact STARLINK-31764 - STARLINK-4631,0.000,86400.000,0.0000%,0,
Contact STARLINK-31764 - STARLINK-31539,5934.924,80465.076,6.8691%,7,
Contact STARLINK-31764 - STARLINK-5807,0.000,86400.000,0.0000%,0,
Contact STARLINK-31764 - STARLINK-31722,0.000,86400.000,0.0000%,0,
Contact STARLINK-31764 - STARLINK-1581,0.000,86400.000,0.0000%,0,
Contact STARLINK-31764 - STARLINK-30367,31333.641,55066.359,36.2658%,4,
Contact STARLINK-31764 - STARLINK-4290,0.000,86400.000,0.0000%,0,
Contact STARLINK-31764 - STARLINK-5151,8956.114,77443.886,10.3659%,7,
Contact STARLINK-31764 - STARLINK-6142,3365.450,83034.550,3.8952%,1,
Contact STARLINK-31764 - STARLINK-2388,0.000,86400.000,0.0000%,0,
Contact STARLINK-31764 - STARLINK-3167,0.000,86400.000,0.0000%,0,
Contact STARLINK-31764 - STARLINK-1700,782.257,85617.743,0.9054%,1,
Contact STARLINK-31764 - STARLINK-5049,8169.097,78230.903,9.4550%,2,
Contact STARLINK-31764 - STARLINK-31463,0.000,86400.000,0.0000%,0,
Contact STARLINK-31764 - MoonARTEMIS1,68955.703,17444.297,79.8098%,8,
Contact STARLINK-31764 - MoonARTEMIS2,66963.615,19436.385,77.5042%,9,
Contact STARLINK-31764 - MoonIOAGEO,62413.717,23986.283,72.2381%,7,
Contact STARLINK-31764 - MoonIOAGNO,74572.592,11827.408,86.3109%,8,
Contact STARLINK-31764 - MoonIOAGNO 0001,72903.492,13496.508,84.3790%,9,
Contact STARLINK-31764 - MoonIOAGSO,65836.738,20563.262,76.1999%,9,
Contact STARLINK-31764 - MoonIOAGSO 0001,65593.207,20806.793,75.9181%,9,
Contact STARLINK-31764 - MoonLRO,23896.958,62503.042,27.6585%,8,
Contact STARLINK-31764 - MarsSat1,67058.921,19341.079,77.6145%,10,
Contact STARLINK-31764 - MarsSat2,67058.925,19341.075,77.6145%,10,
Contact STARLINK-31764 - MarsSat3,67058.921,19341.079,77.6145%,10,
Contact STARLINK-31764 - MarsSat4,57443.013,28956.987,66.4850%,10,
Contact STARLINK-4402 - STARLINK-31502,10421.574,75978.426,12.0620%,4,
Contact STARLINK-4402 - STARLINK-5618,858.122,85541.878,0.9932%,2,
Contact STARLINK-4402 - STARLINK-6255,0.000,86400.000,0.0000%,0,
Contact STARLINK-4402 - STARLINK-3898,2150.514,84249.486,2.4890%,4,
Contact STARLINK-4402 - STARLINK-30842,0.000,86400.000,0.0000%,0,
Contact STARLINK-4402 - STARLINK-4631,75152.192,11247.808,86.9817%,7,
Contact STARLINK-4402 - STARLINK-31539,0.000,86400.000,0.0000%,0,
Contact STARLINK-4402 - STARLINK-5807,0.000,86400.000,0.0000%,0,
Contact STARLINK-4402 - STARLINK-31722,5751.682,80648.318,6.6570%,3,
Contact STARLINK-4402 - STARLINK-1581,3587.032,82812.968,4.1517%,6,
Contact STARLINK-4402 - STARLINK-30367,0.000,86400.000,0.0000%,0,
Contact STARLINK-4402 - STARLINK-4290,3747.744,82652.256,4.3377%,6,
Contact STARLINK-4402 - STARLINK-5151,0.000,86400.000,0.0000%,0,
Contact STARLINK-4402 - STARLINK-6142,7448.540,78951.460,8.6210%,7,
Contact STARLINK-4402 - STARLINK-2388,0.000,86400.000,0.0000%,0,
Contact STARLINK-4402 - STARLINK-3167,61997.320,24402.680,71.7562%,7,
Contact STARLINK-4402 - STARLINK-1700,0.000,86400.000,0.0000%,0,
Contact STARLINK-4402 - STARLINK-5049,0.000,86400.000,0.0000%,0,
Contact STARLINK-4402 - STARLINK-31463,0.000,86400.000,0.0000%,0,
Contact STARLINK-4402 - MoonARTEMIS1,65398.033,21001.967,75.6922%,8,
Contact STARLINK-4402 - MoonARTEMIS2,67720.509,18679.491,78.3802%,8,
Contact STARLINK-4402 - MoonIOAGEO,59371.249,27028.751,68.7167%,8,
Contact STARLINK-4402 - MoonIOAGNO,70891.670,15508.330,82.0505%,8,
Contact STARLINK-4402 - MoonIOAGNO 0001,70879.878,15520.122,82.0369%,8,
Contact STARLINK-4402 - MoonIOAGSO,65698.760,20701.240,76.0402%,7,
Contact STARLINK-4402 - MoonIOAGSO 0001,59313.096,27086.904,68.6494%,8,
Contact STARLINK-4402 - MoonLRO,33776.802,52623.198,39.0935%,8,
Contact STARLINK-4402 - MarsSat1,69585.272,16814.728,80.5385%,8,
Contact STARLINK-4402 - MarsSat2,69585.265,16814.735,80.5385%,8,
Contact STARLINK-4402 - MarsSat3,69585.301,16814.699,80.5385%,8,
Contact STARLINK-4402 - MarsSat4,66209.620,20190.380,76.6315%,8,
Contact STARLINK-31502 - STARLINK-5618,523.484,85876.516,0.6059%,1,
Contact STARLINK-31502 - STARLINK-6255,0.000,86400.000,0.0000%,0,
Contact STARLINK-31502 - STARLINK-3898,0.000,86400.000,0.0000%,0,
Contact STARLINK-31502 - STARLINK-30842,0.000,86400.000,0.0000%,0,
Contact STARLINK-31502 - STARLINK-4631,57934.755,28465.245,67.0541%,2,
Contact STARLINK-31502 - STARLINK-31539,0.000,86400.000,0.0000%,0,
Contact STARLINK-31502 - STARLINK-5807,7421.595,78978.405,8.5898%,2,
Contact STARLINK-31502 - STARLINK-31722,21391.623,65008.377,24.7588%,8,
Contact STARLINK-31502 - STARLINK-1581,8535.463,77864.537,9.8790%,7,
Contact STARLINK-31502 - STARLINK-30367,0.000,86400.000,0.0000%,0,
Contact STARLINK-31502 - STARLINK-4290,7810.807,78589.193,9.0403%,6,
Contact STARLINK-31502 - STARLINK-5151,0.000,86400.000,0.0000%,0,
Contact STARLINK-31502 - STARLINK-6142,15688.671,70711.329,18.1582%,4,
Contact STARLINK-31502 - STARLINK-2388,0.000,86400.000,0.0000%,0,
Contact STARLINK-31502 - STARLINK-3167,75347.331,11052.669,87.2076%,1,
Contact STARLINK-31502 - STARLINK-1700,0.000,86400.000,0.0000%,0,
Contact STARLINK-31502 - STARLINK-5049,23539.258,62860.742,27.2445%,1,
Contact STARLINK-31502 - STARLINK-31463,0.000,86400.000,0.0000%,0,
Contact STARLINK-31502 - MoonARTEMIS1,62060.374,24339.626,71.8291%,9,
Contact STARLINK-31502 - MoonARTEMIS2,65348.299,21051.701,75.6346%,9,
Contact STARLINK-31502 - MoonIOAGEO,58591.924,27808.076,67.8147%,8,
Contact STARLINK-31502 - MoonIOAGNO,67686.573,18713.427,78.3409%,9,
Contact STARLINK-31502 - MoonIOAGNO 0001,67667.516,18732.484,78.3189%,9,
Contact STARLINK-31502 - MoonIOAGSO,60431.368,25968.632,69.9437%,9,
Contact STARLINK-31502 - MoonIOAGSO 0001,56376.403,30023.597,65.2505%,9,
Contact STARLINK-31502 - MoonLRO,32785.128,53614.872,37.9457%,9,
Contact STARLINK-31502 - MarsSat1,62277.732,24122.268,72.0807%,9,
Contact STARLINK-31502 - MarsSat2,62278.027,24121.973,72.0810%,9,
Contact STARLINK-31502 - MarsSat3,62277.837,24122.163,72.0808%,9,
Contact STARLINK-31502 - MarsSat4,55155.118,31244.882,63.8369%,9,
Contact STARLINK-5618 - STARLINK-6255,0.000,86400.000,0.0000%,0,
Contact STARLINK-5618 - STARLINK-3898,0.000,86400.000,0.0000%,0,
Contact STARLINK-5618 - STARLINK-30842,0.000,86400.000,0.0000%,0,
Contact STARLINK-5618 - STARLINK-4631,0.000,86400.000,0.0000%,0,
Contact STARLINK-5618 - STARLINK-31539,8736.700,77663.300,10.1119%,3,
Contact STARLINK-5618 - STARLINK-5807,0.000,86400.000,0.0000%,0,
Contact STARLINK-5618 - STARLINK-31722,0.000,86400.000,0.0000%,0,
Contact STARLINK-5618 - STARLINK-1581,0.000,86400.000,0.0000%,0,
Contact STARLINK-5618 - STARLINK-30367,0.000,86400.000,0.0000%,0,
Contact STARLINK-5618 - STARLINK-4290,0.000,86400.000,0.0000%,0,
Contact STARLINK-5618 - STARLINK-5151,8578.359,77821.641,9.9287%,6,
Contact STARLINK-5618 - STARLINK-6142,46269.701,40130.299,53.5529%,7,
Contact STARLINK-5618 - STARLINK-2388,0.000,86400.000,0.0000%,0,
Contact STARLINK-5618 - STARLINK-3167,0.000,86400.000,0.0000%,0,
Contact STARLINK-5618 - STARLINK-1700,0.000,86400.000,0.0000%,0,
Contact STARLINK-5618 - STARLINK-5049,4845.515,81554.485,5.6082%,7,
Contact STARLINK-5618 - STARLINK-31463,363.037,86036.963,0.4202%,1,
Contact STARLINK-5618 - MoonARTEMIS1,63112.267,23287.733,73.0466%,9,
Contact STARLINK-5618 - MoonARTEMIS2,63139.859,23260.141,73.0785%,9,
Contact STARLINK-5618 - MoonIOAGEO,59271.538,27128.462,68.6013%,8,
Contact STARLINK-5618 - MoonIOAGNO,68836.468,17563.532,79.6718%,9,
Contact STARLINK-5618 - MoonIOAGNO 0001,63148.002,23251.998,73.0880%,9,
Contact STARLINK-5618 - MoonIOAGSO,57433.799,28966.201,66.4743%,9,
Contact STARLINK-5618 - MoonIOAGSO 0001,62389.738,24010.262,72.2103%,9,
Contact STARLINK-5618 - MoonLRO,28507.861,57892.139,32.9952%,8,
Contact STARLINK-5618 - MarsSat1,84220.829,2179.171,97.4778%,4,
Contact STARLINK-5618 - MarsSat2,84221.400,2178.600,97.4785%,4,
Contact STARLINK-5618 - MarsSat3,84222.019,2177.981,97.4792%,4,
Contact STARLINK-5618 - MarsSat4,76645.720,9754.280,88.7103%,4,
Contact STARLINK-6255 - STARLINK-3898,86400.000,0.000,100.0000%,1,
Contact STARLINK-6255 - STARLINK-30842,0.000,86400.000,0.0000%,0,
Contact STARLINK-6255 - STARLINK-4631,0.000,86400.000,0.0000%,0,
Contact STARLINK-6255 - STARLINK-31539,19025.376,67374.624,22.0201%,4,
Contact STARLINK-6255 - STARLINK-5807,0.000,86400.000,0.0000%,0,
Contact STARLINK-6255 - STARLINK-31722,0.000,86400.000,0.0000%,0,
Contact STARLINK-6255 - STARLINK-1581,0.000,86400.000,0.0000%,0,
Contact STARLINK-6255 - STARLINK-30367,86400.000,0.000,100.0000%,1,
Contact STARLINK-6255 - STARLINK-4290,0.000,86400.000,0.0000%,0,
Contact STARLINK-6255 - STARLINK-5151,8387.423,78012.577,9.7077%,7,
Contact STARLINK-6255 - STARLINK-6142,0.000,86400.000,0.0000%,0,
Contact STARLINK-6255 - STARLINK-2388,0.000,86400.000,0.0000%,0,
Contact STARLINK-6255 - STARLINK-3167,0.000,86400.000,0.0000%,0,
Contact STARLINK-6255 - STARLINK-1700,0.000,86400.000,0.0000%,0,
Contact STARLINK-6255 - STARLINK-5049,0.000,86400.000,0.0000%,0,
Contact STARLINK-6255 - STARLINK-31463,5295.655,81104.345,6.1292%,3,
Contact STARLINK-6255 - MoonARTEMIS1,61789.244,24610.756,71.5153%,10,
Contact STARLINK-6255 - MoonARTEMIS2,61633.194,24766.806,71.3347%,10,
Contact STARLINK-6255 - MoonIOAGEO,55682.771,30717.229,64.4477%,9,
Contact STARLINK-6255 - MoonIOAGNO,67460.247,18939.753,78.0790%,10,
Contact STARLINK-6255 - MoonIOAGNO 0001,67484.949,18915.051,78.1076%,10,
Contact STARLINK-6255 - MoonIOAGSO,63061.691,23338.309,72.9881%,9,
Contact STARLINK-6255 - MoonIOAGSO 0001,55928.517,30471.483,64.7321%,10,
Contact STARLINK-6255 - MoonLRO,15756.682,70643.318,18.2369%,7,
Contact STARLINK-6255 - MarsSat1,70867.699,15532.301,82.0228%,9,
Contact STARLINK-6255 - MarsSat2,70867.484,15532.516,82.0226%,9,
Contact STARLINK-6255 - MarsSat3,70867.743,15532.257,82.0229%,9,
Contact STARLINK-6255 - MarsSat4,61598.598,24801.402,71.2947%,9,
Contact STARLINK-3898 - STARLINK-30842,0.000,86400.000,0.0000%,0,
Contact STARLINK-3898 - STARLINK-4631,0.000,86400.000,0.0000%,0,
Contact STARLINK-3898 - STARLINK-31539,17856.880,68543.120,20.6677%,6,
Contact STARLINK-3898 - STARLINK-5807,0.000,86400.000,0.0000%,0,
Contact STARLINK-3898 - STARLINK-31722,0.000,86400.000,0.0000%,0,
Contact STARLINK-3898 - STARLINK-1581,0.000,86400.000,0.0000%,0,
Contact STARLINK-3898 - STARLINK-30367,86400.000,0.000,100.0000%,1,
Contact STARLINK-3898 - STARLINK-4290,0.000,86400.000,0.0000%,0,
Contact STARLINK-3898 - STARLINK-5151,3180.310,83219.690,3.6809%,5,
Contact STARLINK-3898 - STARLINK-6142,0.000,86400.000,0.0000%,0,
Contact STARLINK-3898 - STARLINK-2388,0.000,86400.000,0.0000%,0,
Contact STARLINK-3898 - STARLINK-3167,0.000,86400.000,0.0000%,0,
Contact STARLINK-3898 - STARLINK-1700,0.000,86400.000,0.0000%,0,
Contact STARLINK-3898 - STARLINK-5049,0.000,86400.000,0.0000%,0,
Contact STARLINK-3898 - STARLINK-31463,3258.193,83141.807,3.7711%,4,
Contact STARLINK-3898 - MoonARTEMIS1,61418.162,24981.838,71.0858%,10,
Contact STARLINK-3898 - MoonARTEMIS2,61328.102,25071.898,70.9816%,10,
Contact STARLINK-3898 - MoonIOAGEO,55796.092,30603.908,64.5788%,9,
Contact STARLINK-3898 - MoonIOAGNO,67090.951,19309.049,77.6516%,10,
Contact STARLINK-3898 - MoonIOAGNO 0001,67094.157,19305.843,77.6553%,10,
Contact STARLINK-3898 - MoonIOAGSO,60622.360,25777.640,70.1648%,10,
Contact STARLINK-3898 - MoonIOAGSO 0001,55656.878,30743.122,64.4177%,10,
Contact STARLINK-3898 - MoonLRO,15312.039,71087.961,17.7223%,7,
Contact STARLINK-3898 - MarsSat1,72738.422,13661.578,84.1880%,9,
Contact STARLINK-3898 - MarsSat2,72738.050,13661.950,84.1876%,9,
Contact STARLINK-3898 - MarsSat3,72738.528,13661.472,84.1881%,9,
Contact STARLINK-3898 - MarsSat4,63096.785,23303.215,73.0287%,9,
Contact STARLINK-30842 - STARLINK-4631,0.000,86400.000,0.0000%,0,
Contact STARLINK-30842 - STARLINK-31539,3062.121,83337.879,3.5441%,4,
Contact STARLINK-30842 - STARLINK-5807,78228.244,8171.756,90.5419%,3,
Contact STARLINK-30842 - STARLINK-31722,0.000,86400.000,0.0000%,0,
Contact STARLINK-30842 - STARLINK-1581,1621.499,84778.501,1.8767%,3,
Contact STARLINK-30842 - STARLINK-30367,0.000,86400.000,0.0000%,0,
Contact STARLINK-30842 - STARLINK-4290,0.000,86400.000,0.0000%,0,
Contact STARLINK-30842 - STARLINK-5151,1340.664,85059.336,1.5517%,2,
Contact STARLINK-30842 - STARLINK-6142,0.000,86400.000,0.0000%,0,
Contact STARLINK-30842 - STARLINK-2388,86400.000,0.000,100.0000%,1,
Contact STARLINK-30842 - STARLINK-3167,0.000,86400.000,0.0000%,0,
Contact STARLINK-30842 - STARLINK-1700,86400.000,0.000,100.0000%,1,
Contact STARLINK-30842 - STARLINK-5049,0.000,86400.000,0.0000%,0,
Contact STARLINK-30842 - STARLINK-31463,42520.658,43879.342,49.2137%,6,
Contact STARLINK-30842 - MoonARTEMIS1,67967.672,18432.328,78.6663%,10,
Contact STARLINK-30842 - MoonARTEMIS2,64623.363,21776.637,74.7956%,9,
Contact STARLINK-30842 - MoonIOAGEO,63005.437,23394.563,72.9230%,9,
Contact STARLINK-30842 - MoonIOAGNO,69313.198,17086.802,80.2236%,10,
Contact STARLINK-30842 - MoonIOAGNO 0001,69283.675,17116.325,80.1894%,10,
Contact STARLINK-30842 - MoonIOAGSO,61615.741,24784.259,71.3145%,10,
Contact STARLINK-30842 - MoonIOAGSO 0001,62366.851,24033.149,72.1839%,10,
Contact STARLINK-30842 - MoonLRO,28300.246,58099.754,32.7549%,9,
Contact STARLINK-30842 - MarsSat1,68214.647,18185.353,78.9521%,10,
Contact STARLINK-30842 - MarsSat2,68214.876,18185.124,78.9524%,10,
Contact STARLINK-30842 - MarsSat3,68214.640,18185.360,78.9521%,10,
Contact STARLINK-30842 - MarsSat4,64793.777,21606.223,74.9928%,10,
Contact STARLINK-4631 - STARLINK-31539,0.000,86400.000,0.0000%,0,
Contact STARLINK-4631 - STARLINK-5807,0.000,86400.000,0.0000%,0,
Contact STARLINK-4631 - STARLINK-31722,35313.634,51086.366,40.8723%,5,
Contact STARLINK-4631 - STARLINK-1581,7710.954,78689.046,8.9247%,6,
Contact STARLINK-4631 - STARLINK-30367,0.000,86400.000,0.0000%,0,
Contact STARLINK-4631 - STARLINK-4290,8530.815,77869.185,9.8736%,7,
Contact STARLINK-4631 - STARLINK-5151,0.000,86400.000,0.0000%,0,
Contact STARLINK-4631 - STARLINK-6142,8328.766,78071.234,9.6398%,7,
Contact STARLINK-4631 - STARLINK-2388,0.000,86400.000,0.0000%,0,
Contact STARLINK-4631 - STARLINK-3167,61909.273,24490.727,71.6543%,1,
Contact STARLINK-4631 - STARLINK-1700,0.000,86400.000,0.0000%,0,
Contact STARLINK-4631 - STARLINK-5049,7787.540,78612.460,9.0134%,2,
Contact STARLINK-4631 - STARLINK-31463,0.000,86400.000,0.0000%,0,
Contact STARLINK-4631 - MoonARTEMIS1,60988.359,25411.641,70.5884%,9,
Contact STARLINK-4631 - MoonARTEMIS2,63823.358,22576.642,73.8696%,9,
Contact STARLINK-4631 - MoonIOAGEO,60041.616,26358.384,69.4926%,8,
Contact STARLINK-4631 - MoonIOAGNO,60948.158,25451.842,70.5418%,9,
Contact STARLINK-4631 - MoonIOAGNO 0001,66668.602,19731.398,77.1627%,9,
Contact STARLINK-4631 - MoonIOAGSO,61801.440,24598.560,71.5294%,8,
Contact STARLINK-4631 - MoonIOAGSO 0001,55211.405,31188.595,63.9021%,9,
Contact STARLINK-4631 - MoonLRO,32708.413,53691.587,37.8570%,8,
Contact STARLINK-4631 - MarsSat1,66925.648,19474.352,77.4602%,9,
Contact STARLINK-4631 - MarsSat2,66925.800,19474.200,77.4604%,9,
Contact STARLINK-4631 - MarsSat3,66925.693,19474.307,77.4603%,9,
Contact STARLINK-4631 - MarsSat4,60844.820,25555.180,70.4222%,9,
Contact STARLINK-31539 - STARLINK-5807,2590.332,83809.668,2.9981%,4,
Contact STARLINK-31539 - STARLINK-31722,0.000,86400.000,0.0000%,0,
Contact STARLINK-31539 - STARLINK-1581,0.000,86400.000,0.0000%,0,
Contact STARLINK-31539 - STARLINK-30367,28793.365,57606.635,33.3257%,4,
Contact STARLINK-31539 - STARLINK-4290,0.000,86400.000,0.0000%,0,
Contact STARLINK-31539 - STARLINK-5151,26199.052,60200.948,30.3230%,2,
Contact STARLINK-31539 - STARLINK-6142,0.000,86400.000,0.0000%,0,
Contact STARLINK-31539 - STARLINK-2388,2989.369,83410.631,3.4599%,4,
Contact STARLINK-31539 - STARLINK-3167,0.000,86400.000,0.0000%,0,
Contact STARLINK-31539 - STARLINK-1700,3204.565,83195.435,3.7090%,5,
Contact STARLINK-31539 - STARLINK-5049,0.000,86400.000,0.0000%,0,
Contact STARLINK-31539 - STARLINK-31463,52833.683,33566.317,61.1501%,7,
Contact STARLINK-31539 - MoonARTEMIS1,66126.143,20273.857,76.5349%,10,
Contact STARLINK-31539 - MoonARTEMIS2,61951.981,24448.019,71.7037%,10,
Contact STARLINK-31539 - MoonIOAGEO,56273.185,30126.815,65.1310%,9,
Contact STARLINK-31539 - MoonIOAGNO,67508.237,18891.763,78.1345%,10,
Contact STARLINK-31539 - MoonIOAGNO 0001,67511.122,18888.878,78.1379%,10,
Contact STARLINK-31539 - MoonIOAGSO,61263.071,25136.929,70.9063%,10,
Contact STARLINK-31539 - MoonIOAGSO 0001,65345.494,21054.506,75.6314%,10,
Contact STARLINK-31539 - MoonLRO,19315.628,67084.372,22.3561%,7,
Contact STARLINK-31539 - MarsSat1,70036.068,16363.932,81.0603%,9,
Contact STARLINK-31539 - MarsSat2,70035.734,16364.266,81.0599%,9,
Contact STARLINK-31539 - MarsSat3,70035.876,16364.124,81.0600%,9,
Contact STARLINK-31539 - MarsSat4,65564.452,20835.548,75.8848%,9,
Contact STARLINK-5807 - STARLINK-31722,951.377,85448.623,1.1011%,2,
Contact STARLINK-5807 - STARLINK-1581,4416.711,81983.289,5.1119%,6,
Contact STARLINK-5807 - STARLINK-30367,0.000,86400.000,0.0000%,0,
Contact STARLINK-5807 - STARLINK-4290,1210.221,85189.779,1.4007%,2,
Contact STARLINK-5807 - STARLINK-5151,645.864,85754.136,0.7475%,1,
Contact STARLINK-5807 - STARLINK-6142,0.000,86400.000,0.0000%,0,
Contact STARLINK-5807 - STARLINK-2388,86400.000,0.000,100.0000%,1,
Contact STARLINK-5807 - STARLINK-3167,0.000,86400.000,0.0000%,0,
Contact STARLINK-5807 - STARLINK-1700,33152.808,53247.192,38.3713%,1,
Contact STARLINK-5807 - STARLINK-5049,0.000,86400.000,0.0000%,0,
Contact STARLINK-5807 - STARLINK-31463,13683.813,72716.187,15.8377%,5,
Contact STARLINK-5807 - MoonARTEMIS1,74272.051,12127.949,85.9630%,7,
Contact STARLINK-5807 - MoonARTEMIS2,71846.337,14553.663,83.1555%,8,
Contact STARLINK-5807 - MoonIOAGEO,67416.929,18983.071,78.0289%,7,
Contact STARLINK-5807 - MoonIOAGNO,75602.239,10797.761,87.5026%,7,
Contact STARLINK-5807 - MoonIOAGNO 0001,75581.858,10818.142,87.4790%,7,
Contact STARLINK-5807 - MoonIOAGSO,66059.640,20340.360,76.4579%,8,
Contact STARLINK-5807 - MoonIOAGSO 0001,68663.730,17736.270,79.4719%,7,
Contact STARLINK-5807 - MoonLRO,31068.103,55331.897,35.9585%,9,
Contact STARLINK-5807 - MarsSat1,76070.516,10329.484,88.0446%,7,
Contact STARLINK-5807 - MarsSat2,76071.248,10328.752,88.0454%,7,
Contact STARLINK-5807 - MarsSat3,76070.318,10329.682,88.0443%,7,
Contact STARLINK-5807 - MarsSat4,72192.152,14207.848,83.5557%,7,
Contact STARLINK-31722 - STARLINK-1581,46483.964,39916.036,53.8009%,7,
Contact STARLINK-31722 - STARLINK-30367,0.000,86400.000,0.0000%,0,
Contact STARLINK-31722 - STARLINK-4290,5684.718,80715.282,6.5795%,3,
Contact STARLINK-31722 - STARLINK-5151,0.000,86400.000,0.0000%,0,
Contact STARLINK-31722 - STARLINK-6142,4682.744,81717.256,5.4198%,2,
Contact STARLINK-31722 - STARLINK-2388,0.000,86400.000,0.0000%,0,
Contact STARLINK-31722 - STARLINK-3167,8921.609,77478.391,10.3259%,3,
Contact STARLINK-31722 - STARLINK-1700,0.000,86400.000,0.0000%,0,
Contact STARLINK-31722 - STARLINK-5049,11970.487,74429.513,13.8547%,4,
Contact STARLINK-31722 - STARLINK-31463,0.000,86400.000,0.0000%,0,
Contact STARLINK-31722 - MoonARTEMIS1,56897.624,29502.376,65.8537%,9,
Contact STARLINK-31722 - MoonARTEMIS2,65605.348,20794.652,75.9321%,9,
Contact STARLINK-31722 - MoonIOAGEO,59002.567,27397.433,68.2900%,8,
Contact STARLINK-31722 - MoonIOAGNO,68088.348,18311.652,78.8060%,9,
Contact STARLINK-31722 - MoonIOAGNO 0001,62456.989,23943.011,72.2882%,9,
Contact STARLINK-31722 - MoonIOAGSO,57286.075,29113.925,66.3033%,8,
Contact STARLINK-31722 - MoonIOAGSO 0001,51322.699,35077.301,59.4013%,9,
Contact STARLINK-31722 - MoonLRO,32457.499,53942.501,37.5665%,8,
Contact STARLINK-31722 - MarsSat1,69038.206,17361.794,79.9053%,9,
Contact STARLINK-31722 - MarsSat2,69037.965,17362.035,79.9051%,9,
Contact STARLINK-31722 - MarsSat3,69038.220,17361.780,79.9053%,9,
Contact STARLINK-31722 - MarsSat4,63432.109,22967.891,73.4168%,9,
Contact STARLINK-1581 - STARLINK-30367,0.000,86400.000,0.0000%,0,
Contact STARLINK-1581 - STARLINK-4290,21945.606,64454.394,25.4000%,1,
Contact STARLINK-1581 - STARLINK-5151,0.000,86400.000,0.0000%,0,
Contact STARLINK-1581 - STARLINK-6142,0.000,86400.000,0.0000%,0,
Contact STARLINK-1581 - STARLINK-2388,2227.265,84172.735,2.5779%,4,
Contact STARLINK-1581 - STARLINK-3167,5495.352,80904.648,6.3604%,7,
Contact STARLINK-1581 - STARLINK-1700,1256.592,85143.408,1.4544%,2,
Contact STARLINK-1581 - STARLINK-5049,0.000,86400.000,0.0000%,0,
Contact STARLINK-1581 - STARLINK-31463,0.000,86400.000,0.0000%,0,
Contact STARLINK-1581 - MoonARTEMIS1,56661.476,29738.524,65.5804%,9,
Contact STARLINK-1581 - MoonARTEMIS2,59746.984,26653.016,69.1516%,9,
Contact STARLINK-1581 - MoonIOAGEO,58738.821,27661.179,67.9847%,8,
Contact STARLINK-1581 - MoonIOAGNO,62224.456,24175.544,72.0190%,9,
Contact STARLINK-1581 - MoonIOAGNO 0001,62239.898,24160.102,72.0369%,9,
Contact STARLINK-1581 - MoonIOAGSO,57212.153,29187.847,66.2178%,8,
Contact STARLINK-1581 - MoonIOAGSO 0001,50972.281,35427.719,58.9957%,9,
Contact STARLINK-1581 - MoonLRO,32041.350,54358.650,37.0849%,8,
Contact STARLINK-1581 - MarsSat1,72645.964,13754.036,84.0810%,8,
Contact STARLINK-1581 - MarsSat2,72645.625,13754.375,84.0806%,8,
Contact STARLINK-1581 - MarsSat3,72646.081,13753.919,84.0811%,8,
Contact STARLINK-1581 - MarsSat4,66655.877,19744.123,77.1480%,9,
Contact STARLINK-30367 - STARLINK-4290,0.000,86400.000,0.0000%,0,
Contact STARLINK-30367 - STARLINK-5151,8352.084,78047.916,9.6668%,3,
Contact STARLINK-30367 - STARLINK-6142,0.000,86400.000,0.0000%,0,
Contact STARLINK-30367 - STARLINK-2388,0.000,86400.000,0.0000%,0,
Contact STARLINK-30367 - STARLINK-3167,0.000,86400.000,0.0000%,0,
Contact STARLINK-30367 - STARLINK-1700,0.000,86400.000,0.0000%,0,
Contact STARLINK-30367 - STARLINK-5049,0.000,86400.000,0.0000%,0,
Contact STARLINK-30367 - STARLINK-31463,7299.295,79100.705,8.4483%,5,
Contact STARLINK-30367 - MoonARTEMIS1,61246.397,25153.603,70.8870%,10,
Contact STARLINK-30367 - MoonARTEMIS2,61188.617,25211.383,70.8202%,10,
Contact STARLINK-30367 - MoonIOAGEO,55514.424,30885.576,64.2528%,9,
Contact STARLINK-30367 - MoonIOAGNO,66966.793,19433.207,77.5079%,10,
Contact STARLINK-30367 - MoonIOAGNO 0001,66983.323,19416.677,77.5270%,10,
Contact STARLINK-30367 - MoonIOAGSO,62469.033,23930.967,72.3021%,9,
Contact STARLINK-30367 - MoonIOAGSO 0001,55477.685,30922.315,64.2103%,10,
Contact STARLINK-30367 - MoonLRO,15595.350,70804.650,18.0502%,7,
Contact STARLINK-30367 - MarsSat1,72800.622,13599.378,84.2600%,9,
Contact STARLINK-30367 - MarsSat2,72800.134,13599.866,84.2594%,9,
Contact STARLINK-30367 - MarsSat3,72800.780,13599.220,84.2602%,9,
Contact STARLINK-30367 - MarsSat4,63306.947,23093.053,73.2719%,9,
Contact STARLINK-4290 - STARLINK-5151,0.000,86400.000,0.0000%,0,
Contact STARLINK-4290 - STARLINK-6142,57518.364,28881.636,66.5722%,3,
Contact STARLINK-4290 - STARLINK-2388,0.000,86400.000,0.0000%,0,
Contact STARLINK-4290 - STARLINK-3167,4696.783,81703.217,5.4361%,7,
Contact STARLINK-4290 - STARLINK-1700,0.000,86400.000,0.0000%,0,
Contact STARLINK-4290 - STARLINK-5049,2317.005,84082.995,2.6817%,3,
Contact STARLINK-4290 - STARLINK-31463,0.000,86400.000,0.0000%,0,
Contact STARLINK-4290 - MoonARTEMIS1,61252.514,25147.486,70.8941%,9,
Contact STARLINK-4290 - MoonARTEMIS2,61014.682,25385.318,70.6188%,9,
Contact STARLINK-4290 - MoonIOAGEO,55432.842,30967.158,64.1584%,9,
Contact STARLINK-4290 - MoonIOAGNO,66871.802,19528.198,77.3979%,9,
Contact STARLINK-4290 - MoonIOAGNO 0001,66854.594,19545.406,77.3780%,9,
Contact STARLINK-4290 - MoonIOAGSO,55400.034,30999.966,64.1204%,9,
Contact STARLINK-4290 - MoonIOAGSO 0001,60253.498,26146.502,69.7378%,9,
Contact STARLINK-4290 - MoonLRO,28851.686,57548.314,33.3932%,9,
Contact STARLINK-4290 - MarsSat1,67963.673,18436.327,78.6617%,9,
Contact STARLINK-4290 - MarsSat2,67963.599,18436.401,78.6616%,9,
Contact STARLINK-4290 - MarsSat3,67963.793,18436.207,78.6618%,9,
Contact STARLINK-4290 - MarsSat4,61873.924,24526.076,71.6133%,9,
Contact STARLINK-5151 - STARLINK-6142,0.000,86400.000,0.0000%,0,
Contact STARLINK-5151 - STARLINK-2388,0.000,86400.000,0.0000%,0,
Contact STARLINK-5151 - STARLINK-3167,0.000,86400.000,0.0000%,0,
Contact STARLINK-5151 - STARLINK-1700,1406.224,84993.776,1.6276%,2,
Contact STARLINK-5151 - STARLINK-5049,0.000,86400.000,0.0000%,0,
Contact STARLINK-5151 - STARLINK-31463,0.000,86400.000,0.0000%,0,
Contact STARLINK-5151 - MoonARTEMIS1,62453.287,23946.713,72.2839%,10,
Contact STARLINK-5151 - MoonARTEMIS2,62334.544,24065.456,72.1465%,10,
Contact STARLINK-5151 - MoonIOAGEO,56462.444,29937.556,65.3501%,9,
Contact STARLINK-5151 - MoonIOAGNO,68016.152,18383.848,78.7224%,10,
Contact STARLINK-5151 - MoonIOAGNO 0001,68015.815,18384.185,78.7220%,10,
Contact STARLINK-5151 - MoonIOAGSO,63601.805,22798.195,73.6132%,9,
Contact STARLINK-5151 - MoonIOAGSO 0001,61080.287,25319.713,70.6948%,10,
Contact STARLINK-5151 - MoonLRO,18822.392,67577.608,21.7852%,7,
Contact STARLINK-5151 - MarsSat1,67235.995,19164.005,77.8194%,10,
Contact STARLINK-5151 - MarsSat2,67235.949,19164.051,77.8194%,10,
Contact STARLINK-5151 - MarsSat3,67235.988,19164.012,77.8194%,10,
Contact STARLINK-5151 - MarsSat4,57828.485,28571.515,66.9311%,10,
Contact STARLINK-6142 - STARLINK-2388,0.000,86400.000,0.0000%,0,
Contact STARLINK-6142 - STARLINK-3167,2070.922,84329.078,2.3969%,3,
Contact STARLINK-6142 - STARLINK-1700,0.000,86400.000,0.0000%,0,
Contact STARLINK-6142 - STARLINK-5049,12249.672,74150.328,14.1779%,6,
Contact STARLINK-6142 - STARLINK-31463,0.000,86400.000,0.0000%,0,
Contact STARLINK-6142 - MoonARTEMIS1,71986.582,14413.418,83.3178%,6,
Contact STARLINK-6142 - MoonARTEMIS2,64366.110,22033.890,74.4978%,9,
Contact STARLINK-6142 - MoonIOAGEO,64096.687,22303.313,74.1860%,6,
Contact STARLINK-6142 - MoonIOAGNO,73881.579,12518.421,85.5111%,7,
Contact STARLINK-6142 - MoonIOAGNO 0001,75700.131,10699.869,87.6159%,6,
Contact STARLINK-6142 - MoonIOAGSO,65672.373,20727.627,76.0097%,7,
Contact STARLINK-6142 - MoonIOAGSO 0001,71451.481,14948.519,82.6985%,6,
Contact STARLINK-6142 - MoonLRO,40117.455,46282.545,46.4322%,7,
Contact STARLINK-6142 - MarsSat1,69276.002,17123.998,80.1806%,9,
Contact STARLINK-6142 - MarsSat2,69276.003,17123.997,80.1806%,9,
Contact STARLINK-6142 - MarsSat3,69275.973,17124.027,80.1805%,9,
Contact STARLINK-6142 - MarsSat4,62428.735,23971.265,72.2555%,9,
Contact STARLINK-2388 - STARLINK-3167,0.000,86400.000,0.0000%,0,
Contact STARLINK-2388 - STARLINK-1700,86400.000,0.000,100.0000%,1,
Contact STARLINK-2388 - STARLINK-5049,0.000,86400.000,0.0000%,0,
Contact STARLINK-2388 - STARLINK-31463,55545.101,30854.899,64.2883%,7,
Contact STARLINK-2388 - MoonARTEMIS1,69579.345,16820.655,80.5316%,9,
Contact STARLINK-2388 - MoonARTEMIS2,62221.380,24178.620,72.0155%,10,
Contact STARLINK-2388 - MoonIOAGEO,62594.052,23805.948,72.4468%,9,
Contact STARLINK-2388 - MoonIOAGNO,70666.739,15733.261,81.7902%,9,
Contact STARLINK-2388 - MoonIOAGNO 0001,70668.809,15731.191,81.7926%,9,
Contact STARLINK-2388 - MoonIOAGSO,61118.423,25281.577,70.7389%,10,
Contact STARLINK-2388 - MoonIOAGSO 0001,61891.614,24508.386,71.6338%,10,
Contact STARLINK-2388 - MoonLRO,25868.277,60531.723,29.9401%,7,
Contact STARLINK-2388 - MarsSat1,73035.302,13364.698,84.5316%,8,
Contact STARLINK-2388 - MarsSat2,73035.606,13364.394,84.5320%,8,
Contact STARLINK-2388 - MarsSat3,73035.228,13364.772,84.5315%,8,
Contact STARLINK-2388 - MarsSat4,69283.567,17116.433,80.1893%,8,
Contact STARLINK-3167 - STARLINK-1700,0.000,86400.000,0.0000%,0,
Contact STARLINK-3167 - STARLINK-5049,0.000,86400.000,0.0000%,0,
Contact STARLINK-3167 - STARLINK-31463,0.000,86400.000,0.0000%,0,
Contact STARLINK-3167 - MoonARTEMIS1,62807.131,23592.869,72.6934%,9,
Contact STARLINK-3167 - MoonARTEMIS2,66222.623,20177.377,76.6466%,9,
Contact STARLINK-3167 - MoonIOAGEO,57062.966,29337.034,66.0451%,9,
Contact STARLINK-3167 - MoonIOAGNO,68477.178,17922.822,79.2560%,9,
Contact STARLINK-3167 - MoonIOAGNO 0001,68460.220,17939.780,79.2364%,9,
Contact STARLINK-3167 - MoonIOAGSO,61787.651,24612.349,71.5135%,9,
Contact STARLINK-3167 - MoonIOAGSO 0001,57039.196,29360.804,66.0176%,9,
Contact STARLINK-3167 - MoonLRO,31844.729,54555.271,36.8573%,8,
Contact STARLINK-3167 - MarsSat1,66855.060,19544.940,77.3785%,9,
Contact STARLINK-3167 - MarsSat2,66855.321,19544.679,77.3788%,9,
Contact STARLINK-3167 - MarsSat3,66855.122,19544.878,77.3786%,9,
Contact STARLINK-3167 - MarsSat4,59280.916,27119.084,68.6122%,9,
Contact STARLINK-1700 - STARLINK-5049,0.000,86400.000,0.0000%,0,
Contact STARLINK-1700 - STARLINK-31463,23867.813,62532.187,27.6248%,6,
Contact STARLINK-1700 - MoonARTEMIS1,72464.282,13935.718,83.8707%,9,
Contact STARLINK-1700 - MoonARTEMIS2,69348.666,17051.334,80.2647%,8,
Contact STARLINK-1700 - MoonIOAGEO,65540.122,20859.878,75.8566%,9,
Contact STARLINK-1700 - MoonIOAGNO,74371.857,12028.143,86.0785%,9,
Contact STARLINK-1700 - MoonIOAGNO 0001,75692.215,10707.785,87.6067%,8,
Contact STARLINK-1700 - MoonIOAGSO,64919.658,21480.342,75.1385%,10,
Contact STARLINK-1700 - MoonIOAGSO 0001,65370.144,21029.856,75.6599%,10,
Contact STARLINK-1700 - MoonLRO,29742.763,56657.237,34.4245%,9,
Contact STARLINK-1700 - MarsSat1,68417.809,17982.191,79.1873%,10,
Contact STARLINK-1700 - MarsSat2,68418.020,17981.980,79.1875%,10,
Contact STARLINK-1700 - MarsSat3,68417.778,17982.222,79.1872%,10,
Contact STARLINK-1700 - MarsSat4,64874.773,21525.227,75.0865%,10,
Contact STARLINK-5049 - STARLINK-31463,0.000,86400.000,0.0000%,0,
Contact STARLINK-5049 - MoonARTEMIS1,61289.030,25110.970,70.9364%,9,
Contact STARLINK-5049 - MoonARTEMIS2,63471.873,22928.127,73.4628%,8,
Contact STARLINK-5049 - MoonIOAGEO,59812.767,26587.233,69.2277%,7,
Contact STARLINK-5049 - MoonIOAGNO,67080.807,19319.193,77.6398%,9,
Contact STARLINK-5049 - MoonIOAGNO 0001,69221.552,17178.448,80.1175%,8,
Contact STARLINK-5049 - MoonIOAGSO,57661.395,28738.605,66.7377%,8,
Contact STARLINK-5049 - MoonIOAGSO 0001,64812.186,21587.814,75.0141%,7,
Contact STARLINK-5049 - MoonLRO,21972.459,64427.541,25.4311%,9,
Contact STARLINK-5049 - MarsSat1,68182.381,18217.619,78.9148%,10,
Contact STARLINK-5049 - MarsSat2,68182.643,18217.357,78.9151%,10,
Contact STARLINK-5049 - MarsSat3,68182.419,18217.581,78.9148%,10,
Contact STARLINK-5049 - MarsSat4,60902.894,25497.106,70.4895%,10,
Contact STARLINK-31463 - MoonARTEMIS1,60410.491,25989.509,69.9195%,10,
Contact STARLINK-31463 - MoonARTEMIS2,60586.375,25813.625,70.1231%,10,
Contact STARLINK-31463 - MoonIOAGEO,61205.443,25194.557,70.8396%,9,
Contact STARLINK-31463 - MoonIOAGNO,66802.115,19597.885,77.3173%,10,
Contact STARLINK-31463 - MoonIOAGNO 0001,66795.897,19604.103,77.3101%,10,
Contact STARLINK-31463 - MoonIOAGSO,59817.069,26582.931,69.2327%,10,
Contact STARLINK-31463 - MoonIOAGSO 0001,60432.939,25967.061,69.9455%,10,
Contact STARLINK-31463 - MoonLRO,24546.683,61853.317,28.4105%,7,
Contact STARLINK-31463 - MarsSat1,68979.964,17420.036,79.8379%,9,
Contact STARLINK-31463 - MarsSat2,68979.968,17420.032,79.8379%,9,
Contact STARLINK-31463 - MarsSat3,68979.891,17420.109,79.8378%,9,
Contact STARLINK-31463 - MarsSat4,63075.698,23324.302,73.0043%,9,
Contact MoonARTEMIS1 - MoonARTEMIS2,78472.820,7927.180,90.8250%,2,
Contact MoonARTEMIS1 - MoonIOAGEO,72793.045,13606.955,84.2512%,4,
Contact MoonARTEMIS1 - MoonIOAGNO,80368.051,6031.949,93.0186%,3,
Contact MoonARTEMIS1 - MoonIOAGNO 0001,81204.880,5195.120,93.9871%,3,
Contact MoonARTEMIS1 - MoonIOAGSO,86400.000,0.000,100.0000%,1,
Contact MoonARTEMIS1 - MoonIOAGSO 0001,86400.000,0.000,100.0000%,1,
Contact MoonARTEMIS1 - MoonLRO,64712.425,21687.575,74.8986%,8,
Contact MoonARTEMIS1 - MarsSat1,78559.245,7840.755,90.9251%,2,
Contact MoonARTEMIS1 - MarsSat2,78561.295,7838.705,90.9274%,2,
Contact MoonARTEMIS1 - MarsSat3,78570.997,7829.003,90.9387%,2,
Contact MoonARTEMIS1 - MarsSat4,76380.696,10019.304,88.4036%,2,
Contact MoonARTEMIS2 - MoonIOAGEO,82005.297,4394.703,94.9135%,2,
Contact MoonARTEMIS2 - MoonIOAGNO,82240.823,4159.177,95.1861%,2,
Contact MoonARTEMIS2 - MoonIOAGNO 0001,82707.919,3692.081,95.7268%,2,
Contact MoonARTEMIS2 - MoonIOAGSO,82644.893,3755.107,95.6538%,2,
Contact MoonARTEMIS2 - MoonIOAGSO 0001,86400.000,0.000,100.0000%,1,
Contact MoonARTEMIS2 - MoonLRO,67106.519,19293.481,77.6696%,7,
Contact MoonARTEMIS2 - MarsSat1,86400.000,0.000,100.0000%,1,
Contact MoonARTEMIS2 - MarsSat2,86400.000,0.000,100.0000%,1,
Contact MoonARTEMIS2 - MarsSat3,86400.000,0.000,100.0000%,1,
Contact MoonARTEMIS2 - MarsSat4,84599.590,1800.410,97.9162%,2,
Contact MoonIOAGEO - MoonIOAGNO,86400.000,0.000,100.0000%,1,
Contact MoonIOAGEO - MoonIOAGNO 0001,71550.885,14849.115,82.8135%,3,
Contact MoonIOAGEO - MoonIOAGSO,86400.000,0.000,100.0000%,1,
Contact MoonIOAGEO - MoonIOAGSO 0001,79552.547,6847.453,92.0747%,3,
Contact MoonIOAGEO - MoonLRO,36973.187,49426.813,42.7930%,10,
Contact MoonIOAGEO - MarsSat1,78618.917,7781.083,90.9941%,2,
Contact MoonIOAGEO - MarsSat2,78619.211,7780.789,90.9945%,2,
Contact MoonIOAGEO - MarsSat3,78618.990,7781.010,90.9942%,2,
Contact MoonIOAGEO - MarsSat4,75087.839,11312.161,86.9072%,3,
Contact MoonIOAGNO - MoonIOAGNO 0001,75482.829,10917.171,87.3644%,5,
Contact MoonIOAGNO - MoonIOAGSO,80727.397,5672.603,93.4345%,3,
Contact MoonIOAGNO - MoonIOAGSO 0001,71345.534,15054.466,82.5758%,3,
Contact MoonIOAGNO - MoonLRO,42674.818,43725.182,49.3922%,10,
Contact MoonIOAGNO - MarsSat1,80404.065,5995.935,93.0603%,3,
Contact MoonIOAGNO - MarsSat2,80404.894,5995.106,93.0612%,3,
Contact MoonIOAGNO - MarsSat3,80403.600,5996.400,93.0597%,3,
Contact MoonIOAGNO - MarsSat4,78603.597,7796.403,90.9764%,4,
Contact MoonIOAGNO 0001 - MoonIOAGSO,71344.734,15055.266,82.5749%,3,
Contact MoonIOAGNO 0001 - MoonIOAGSO 0001,80727.375,5672.625,93.4345%,3,
Contact MoonIOAGNO 0001 - MoonLRO,40468.039,45931.961,46.8380%,11,
Contact MoonIOAGNO 0001 - MarsSat1,80324.768,6075.232,92.9685%,3,
Contact MoonIOAGNO 0001 - MarsSat2,80326.135,6073.865,92.9701%,3,
Contact MoonIOAGNO 0001 - MarsSat3,80324.714,6075.286,92.9684%,3,
Contact MoonIOAGNO 0001 - MarsSat4,78524.583,7875.417,90.8849%,4,
Contact MoonIOAGSO - MoonIOAGSO 0001,75482.829,10917.171,87.3644%,5,
Contact MoonIOAGSO - MoonLRO,42638.761,43761.239,49.3504%,11,
Contact MoonIOAGSO - MarsSat1,86400.000,0.000,100.0000%,1,
Contact MoonIOAGSO - MarsSat2,86400.000,0.000,100.0000%,1,
Contact MoonIOAGSO - MarsSat3,86400.000,0.000,100.0000%,1,
Contact MoonIOAGSO - MarsSat4,84599.425,1800.575,97.9160%,2,
Contact MoonIOAGSO 0001 - MoonLRO,42625.927,43774.073,49.3356%,11,
Contact MoonIOAGSO 0001 - MarsSat1,86400.000,0.000,100.0000%,1,
Contact MoonIOAGSO 0001 - MarsSat2,86400.000,0.000,100.0000%,1,
Contact MoonIOAGSO 0001 - MarsSat3,86400.000,0.000,100.0000%,1,
Contact MoonIOAGSO 0001 - MarsSat4,84599.642,1800.358,97.9163%,2,
Contact MoonLRO - MarsSat1,86400.000,0.000,100.0000%,1,
Contact MoonLRO - MarsSat2,86400.000,0.000,100.0000%,1,
Contact MoonLRO - MarsSat3,86400.000,0.000,100.0000%,1,
Contact MoonLRO - MarsSat4,84599.466,1800.534,97.9160%,2,
Contact MarsSat1 - MarsSat2,78740.743,7659.257,91.1351%,2,
Contact MarsSat1 - MarsSat3,73731.769,12668.231,85.3377%,3,
Contact MarsSat1 - MarsSat4,79261.246,7138.754,91.7376%,3,
Contact MarsSat2 - MarsSat3,86400.000,0.000,100.0000%,1,
Contact MarsSat2 - MarsSat4,79982.565,6417.435,92.5724%,2,
Contact MarsSat3 - MarsSat4,81688.990,4711.010,94.5474%,2,
