norad_mars_2023-12_9 Contact Analysis.csv
2023/12/12 01:41:00.0000 UTC

Generated: Tue Dec 12 14:58:14 2023,
Start: 2023/12/12 01:41:00.00, Stop: 2024/12/11 01:41:00.00,
Analysis,Rise,Set,Duration,
ID,SECONDS,SECONDS,SECONDS,
TDRS 8 - MMS 3,0.000,24441.759,24441.759,
TDRS 8 - MMS 3,27044.894,631876.601,604831.707,
TDRS 8 - MMS 3,633992.178,1240222.524,606230.346,
TDRS 8 - MMS 3,1242020.869,3063307.157,1821286.288,
TDRS 8 - MMS 3,3065199.517,3671620.800,606421.282,
TDRS 8 - MMS 3,3674190.806,3690451.381,16260.574,
TDRS 8 - MMS 3,3694366.421,3969912.405,275545.984,
TDRS 8 - MMS 3,3973788.622,4279277.645,305489.024,
TDRS 8 - MMS 3,4283928.971,4290080.874,6151.904,
TDRS 8 - MMS 3,4297334.602,4578232.485,280897.883,
TDRS 8 - MMS 3,4583026.042,4888057.989,305031.947,
TDRS 8 - MMS 3,4899917.494,5496490.684,596573.190,
TDRS 8 - MMS 3,5501773.841,8837191.187,3335417.346,
TDRS 8 - MMS 3,8839227.948,9445451.197,606223.248,
TDRS 8 - MMS 3,9448488.238,9461994.034,13505.796,
TDRS 8 - MMS 3,9466005.239,9740573.453,274568.214,
TDRS 8 - MMS 3,9748515.405,10052749.288,304233.884,
TDRS 8 - MMS 3,10068910.409,10351646.451,282736.041,
TDRS 8 - MMS 3,10356147.294,10661149.879,305002.586,
TDRS 8 - MMS 3,10671346.758,10960879.796,289533.038,
TDRS 8 - MMS 3,10963772.636,11270142.692,306370.055,
TDRS 8 - MMS 3,11272074.815,11569075.994,297001.178,
TDRS 8 - MMS 3,11571234.060,13391790.188,1820556.128,
TDRS 8 - MMS 3,13393399.109,13999260.041,605860.932,
TDRS 8 - MMS 3,14000912.185,15511725.544,1510813.360,
TDRS 8 - MMS 3,15516434.689,15821312.709,304878.020,
TDRS 8 - MMS 3,15824667.147,15836728.271,12061.124,
TDRS 8 - MMS 3,15841200.660,16114906.234,273705.574,
TDRS 8 - MMS 3,16124350.804,16428994.537,304643.733,
TDRS 8 - MMS 3,16444233.769,16728806.240,284572.471,
TDRS 8 - MMS 3,16732646.293,17036754.884,304108.591,
TDRS 8 - MMS 3,17046864.110,17337148.658,290284.548,
TDRS 8 - MMS 3,17339731.550,17645873.547,306141.997,
TDRS 8 - MMS 3,17648382.939,17945849.047,297466.109,
TDRS 8 - MMS 3,17947769.082,18553541.552,605772.470,
TDRS 8 - MMS 3,18555152.190,19162005.388,606853.198,
TDRS 8 - MMS 3,19163458.231,20681421.590,1517963.359,
TDRS 8 - MMS 3,20682092.085,21283967.140,601875.056,
TDRS 8 - MMS 3,21290379.658,21888368.456,597988.798,
TDRS 8 - MMS 3,21897852.015,22200997.572,303145.557,
TDRS 8 - MMS 3,22205108.498,22214243.083,9134.585,
TDRS 8 - MMS 3,22217961.661,22502648.906,284687.245,
TDRS 8 - MMS 3,22506071.152,22809053.623,302982.471,
TDRS 8 - MMS 3,22821374.084,23111118.207,289744.122,
TDRS 8 - MMS 3,23113489.156,23416669.780,303180.624,
TDRS 8 - MMS 3,23424132.602,23720032.462,295899.860,
TDRS 8 - MMS 3,23721764.447,24327573.917,605809.470,
TDRS 8 - MMS 3,24329075.805,24935878.751,606802.946,
TDRS 8 - MMS 3,24937252.883,25847328.219,910075.336,
TDRS 8 - MMS 3,25848122.436,26758251.417,910128.981,
TDRS 8 - MMS 3,26759952.315,27058116.442,298164.128,
TDRS 8 - MMS 3,27061264.023,27366058.170,304794.146,
TDRS 8 - MMS 3,27368260.093,27660143.991,291883.898,
TDRS 8 - MMS 3,27670097.007,27972888.506,302791.499,
TDRS 8 - MMS 3,27975945.052,27989802.400,13857.348,
TDRS 8 - MMS 3,27992945.873,28263250.354,270304.482,
TDRS 8 - MMS 3,28277402.202,28580605.699,303203.496,
TDRS 8 - MMS 3,28596274.827,28881048.214,284773.388,
TDRS 8 - MMS 3,28884549.433,29187204.353,302654.920,
TDRS 8 - MMS 3,29199238.998,29489340.026,290101.028,
TDRS 8 - MMS 3,29491710.645,29794750.100,303039.455,
TDRS 8 - MMS 3,29801518.550,30401453.020,599934.470,
TDRS 8 - MMS 3,30402134.943,31311856.178,909721.235,
TDRS 8 - MMS 3,31313293.874,31536000.000,222706.126,
TDRS 8 - MarsSat-1,0.000,17551.432,17551.432,
TDRS 8 - MarsSat-1,21589.556,106313.974,84724.418,
TDRS 8 - MarsSat-1,110444.653,195080.481,84635.828,
TDRS 8 - MarsSat-1,199295.875,283850.765,84554.890,
TDRS 8 - MarsSat-1,288143.443,372624.672,84481.230,
TDRS 8 - MarsSat-1,376987.542,461402.075,84414.533,
TDRS 8 - MarsSat-1,465828.329,550182.868,84354.539,
TDRS 8 - MarsSat-1,554665.940,638966.969,84301.029,
TDRS 8 - MarsSat-1,643500.487,727754.308,84253.821,
TDRS 8 - MarsSat-1,732332.067,816544.832,84212.765,
TDRS 8 - MarsSat-1,821160.759,905338.497,84177.738,
TDRS 8 - MarsSat-1,909986.631,994135.273,84148.642,
TDRS 8 - MarsSat-1,998809.737,1082935.136,84125.400,
TDRS 8 - MarsSat-1,1087630.117,1171738.072,84107.955,
TDRS 8 - MarsSat-1,1176447.805,1260544.074,84096.269,
TDRS 8 - MarsSat-1,1265262.820,1349353.142,84090.322,
TDRS 8 - MarsSat-1,1354075.175,1438165.284,84090.109,
TDRS 8 - MarsSat-1,1442884.870,1526980.514,84095.645,
TDRS 8 - MarsSat-1,1531691.898,1615798.856,84106.958,
TDRS 8 - MarsSat-1,1620496.244,1704620.340,84124.096,
TDRS 8 - MarsSat-1,1709297.880,1793445.005,84147.125,
TDRS 8 - MarsSat-1,1798096.772,1882272.904,84176.132,
TDRS 8 - MarsSat-1,1886892.874,1971104.097,84211.223,
TDRS 8 - MarsSat-1,1975686.129,2059938.660,84252.531,
TDRS 8 - MarsSat-1,2064476.470,2148776.684,84300.215,
TDRS 8 - MarsSat-1,2153263.813,2237618.278,84354.464,
TDRS 8 - MarsSat-1,2242048.063,2326463.569,84415.507,
TDRS 8 - MarsSat-1,2330829.103,2415312.711,84483.609,
TDRS 8 - MarsSat-1,2419606.796,2504165.884,84559.088,
TDRS 8 - MarsSat-1,2508380.981,2593023.302,84642.321,
TDRS 8 - MarsSat-1,2597151.465,2681885.220,84733.755,
TDRS 8 - MarsSat-1,2685918.016,2770751.942,84833.926,
TDRS 8 - MarsSat-1,2774680.356,2859623.837,84943.481,
TDRS 8 - MarsSat-1,2863438.148,2948501.353,85063.206,
TDRS 8 - MarsSat-1,2952190.975,3037385.047,85194.071,
TDRS 8 - MarsSat-1,3040938.321,3126275.613,85337.293,
TDRS 8 - MarsSat-1,3129679.525,3215173.948,85494.423,
TDRS 8 - MarsSat-1,3218413.736,3304081.230,85667.494,
TDRS 8 - MarsSat-1,3307139.817,3392999.070,85859.254,
TDRS 8 - MarsSat-1,3395856.198,3570876.856,175020.658,
TDRS 8 - MarsSat-1,3573249.598,3659846.205,86596.608,
TDRS 8 - MarsSat-1,3661917.291,6533995.454,2872078.164,
TDRS 8 - MarsSat-1,6536058.279,6620237.254,84178.975,
TDRS 8 - MarsSat-1,6622454.400,6706485.694,84031.295,
TDRS 8 - MarsSat-1,6708844.005,6792739.669,83895.665,
TDRS 8 - MarsSat-1,6795228.194,6878998.345,83770.151,
TDRS 8 - MarsSat-1,6881607.780,6965261.065,83653.285,
TDRS 8 - MarsSat-1,6967983.380,7051527.296,83543.915,
TDRS 8 - MarsSat-1,7054355.472,7137796.601,83441.130,
TDRS 8 - MarsSat-1,7140724.422,7224068.629,83344.208,
TDRS 8 - MarsSat-1,7227090.511,7310343.111,83252.601,
TDRS 8 - MarsSat-1,7313453.951,7396619.864,83165.913,
TDRS 8 - MarsSat-1,7399814.902,7482898.782,83083.880,
TDRS 8 - MarsSat-1,7486173.493,7569179.828,83006.334,
TDRS 8 - MarsSat-1,7572529.845,7655463.006,82933.161,
TDRS 8 - MarsSat-1,7658884.083,7741748.333,82864.250,
TDRS 8 - MarsSat-1,7745236.350,7828035.813,82799.463,
TDRS 8 - MarsSat-1,7831586.800,7914325.415,82738.615,
TDRS 8 - MarsSat-1,7917935.588,8000617.073,82681.484,
TDRS 8 - MarsSat-1,8004282.857,8086910.691,82627.834,
TDRS 8 - MarsSat-1,8090628.721,8173206.162,82577.441,
TDRS 8 - MarsSat-1,8176973.258,8259503.384,82530.126,
TDRS 8 - MarsSat-1,8263316.517,8345802.273,82485.756,
TDRS 8 - MarsSat-1,8349658.519,8432102.767,82444.248,
TDRS 8 - MarsSat-1,8435999.273,8518404.829,82405.556,
TDRS 8 - MarsSat-1,8522338.780,8604708.439,82369.659,
TDRS 8 - MarsSat-1,8608677.046,8691013.587,82336.542,
TDRS 8 - MarsSat-1,8695014.078,8777320.270,82306.192,
TDRS 8 - MarsSat-1,8781349.894,8863628.483,82278.589,
TDRS 8 - MarsSat-1,8867684.515,8949938.222,82253.706,
TDRS 8 - MarsSat-1,8954017.966,9036249.473,82231.507,
TDRS 8 - MarsSat-1,9040350.270,9122562.218,82211.948,
TDRS 8 - MarsSat-1,9126681.451,9208876.430,82194.980,
TDRS 8 - MarsSat-1,9213011.523,9295192.071,82180.548,
TDRS 8 - MarsSat-1,9299340.493,9381509.096,82168.602,
TDRS 8 - MarsSat-1,9385668.355,9467827.451,82159.096,
TDRS 8 - MarsSat-1,9471995.088,9554147.084,82151.996,
TDRS 8 - MarsSat-1,9558320.660,9640467.949,82147.288,
TDRS 8 - MarsSat-1,9644645.033,9726790.014,82144.981,
TDRS 8 - MarsSat-1,9730968.171,9813113.274,82145.103,
TDRS 8 - MarsSat-1,9817290.055,9899437.752,82147.697,
TDRS 8 - MarsSat-1,9903610.694,9985763.498,82152.804,
TDRS 8 - MarsSat-1,9989930.130,10072090.580,82160.450,
TDRS 8 - MarsSat-1,10076248.434,10158419.071,82170.637,
TDRS 8 - MarsSat-1,10162565.695,10244749.037,82183.342,
TDRS 8 - MarsSat-1,10248881.997,10331080.527,82198.529,
TDRS 8 - MarsSat-1,10335197.404,10417413.567,82216.163,
TDRS 8 - MarsSat-1,10421511.943,10503748.169,82236.226,
TDRS 8 - MarsSat-1,10507825.603,10590084.333,82258.730,
TDRS 8 - MarsSat-1,10594138.341,10676422.055,82283.714,
TDRS 8 - MarsSat-1,10680450.099,10762761.335,82311.236,
TDRS 8 - MarsSat-1,10766760.813,10849102.181,82341.368,
TDRS 8 - MarsSat-1,10853070.429,10935444.608,82374.179,
TDRS 8 - MarsSat-1,10939378.906,11021788.636,82409.730,
TDRS 8 - MarsSat-1,11025686.217,11108134.291,82448.073,
TDRS 8 - MarsSat-1,11111992.351,11194481.599,82489.248,
TDRS 8 - MarsSat-1,11198297.304,11280830.590,82533.285,
TDRS 8 - MarsSat-1,11284601.078,11367181.290,82580.212,
TDRS 8 - MarsSat-1,11370903.674,11453533.726,82630.052,
TDRS 8 - MarsSat-1,11457205.088,11539887.923,82682.835,
TDRS 8 - MarsSat-1,11543505.304,11626243.907,82738.603,
TDRS 8 - MarsSat-1,11629804.290,11712601.708,82797.417,
TDRS 8 - MarsSat-1,11716101.987,11798961.362,82859.375,
TDRS 8 - MarsSat-1,11802398.303,11885322.920,82924.617,
TDRS 8 - MarsSat-1,11888693.112,11971686.453,82993.341,
TDRS 8 - MarsSat-1,11974986.255,12058052.060,83065.805,
TDRS 8 - MarsSat-1,12061277.547,12144419.866,83142.319,
TDRS 8 - MarsSat-1,12147566.797,12230790.025,83223.229,
TDRS 8 - MarsSat-1,12233853.831,12317162.716,83308.884,
TDRS 8 - MarsSat-1,12320138.509,12403538.132,83399.623,
TDRS 8 - MarsSat-1,12406420.729,12489916.489,83495.760,
TDRS 8 - MarsSat-1,12492700.411,12576298.023,83597.612,
TDRS 8 - MarsSat-1,12578977.464,12662683.016,83705.552,
TDRS 8 - MarsSat-1,12665251.731,12749071.828,83820.098,
TDRS 8 - MarsSat-1,12751522.932,12835464.935,83942.002,
TDRS 8 - MarsSat-1,12837790.613,12921862.988,84072.376,
TDRS 8 - MarsSat-1,12924054.088,19295908.364,6371854.276,
TDRS 8 - MarsSat-1,19297287.390,19384509.859,87222.469,
TDRS 8 - MarsSat-1,19386294.464,19561822.793,175528.329,
TDRS 8 - MarsSat-1,19564195.420,19650508.890,86313.470,
TDRS 8 - MarsSat-1,19653114.637,19827916.616,174801.979,
TDRS 8 - MarsSat-1,19830914.221,19916633.670,85719.449,
TDRS 8 - MarsSat-1,19919799.131,20094087.376,174288.245,
TDRS 8 - MarsSat-1,20097545.883,20182822.288,85276.405,
TDRS 8 - MarsSat-1,20186409.429,20271561.720,85152.291,
TDRS 8 - MarsSat-1,20275267.252,20360305.190,85037.937,
TDRS 8 - MarsSat-1,20364119.822,20449052.299,84932.476,
TDRS 8 - MarsSat-1,20452967.527,20537802.717,84835.190,
TDRS 8 - MarsSat-1,20541810.690,20626556.166,84745.476,
TDRS 8 - MarsSat-1,20630649.588,20715312.411,84662.823,
TDRS 8 - MarsSat-1,20719484.458,20804071.252,84586.794,
TDRS 8 - MarsSat-1,20808315.509,20892832.518,84517.009,
TDRS 8 - MarsSat-1,20897142.924,20981596.063,84453.139,
TDRS 8 - MarsSat-1,20985966.866,21070361.763,84394.897,
TDRS 8 - MarsSat-1,21074787.481,21159129.513,84342.031,
TDRS 8 - MarsSat-1,21163604.902,21247899.222,84294.321,
TDRS 8 - MarsSat-1,21252419.247,21336670.817,84251.570,
TDRS 8 - MarsSat-1,21341230.625,21425444.234,84213.609,
TDRS 8 - MarsSat-1,21430039.135,21514219.422,84180.288,
TDRS 8 - MarsSat-1,21518844.865,21602996.340,84151.475,
TDRS 8 - MarsSat-1,21607647.896,21691774.953,84127.056,
TDRS 8 - MarsSat-1,21696448.301,21780555.232,84106.931,
TDRS 8 - MarsSat-1,21785246.142,21869337.155,84091.013,
TDRS 8 - MarsSat-1,21874041.475,21958120.701,84079.226,
TDRS 8 - MarsSat-1,21962834.346,22046905.853,84071.508,
TDRS 8 - MarsSat-1,22051624.793,22135692.595,84067.802,
TDRS 8 - MarsSat-1,22140412.847,22224480.911,84068.064,
TDRS 8 - MarsSat-1,22229198.531,22313270.785,84072.254,
TDRS 8 - MarsSat-1,22317981.861,22402062.203,84080.342,
TDRS 8 - MarsSat-1,22406762.848,22490855.149,84092.301,
TDRS 8 - MarsSat-1,22495541.497,22579649.609,84108.112,
TDRS 8 - MarsSat-1,22584317.807,22668445.567,84127.760,
TDRS 8 - MarsSat-1,22673091.773,22757243.009,84151.237,
TDRS 8 - MarsSat-1,22761863.385,22846041.921,84178.537,
TDRS 8 - MarsSat-1,22850632.628,22934842.289,84209.661,
TDRS 8 - MarsSat-1,22939399.485,23023644.102,84244.617,
TDRS 8 - MarsSat-1,23028163.933,23112447.351,84283.417,
TDRS 8 - MarsSat-1,23116925.947,23201252.029,84326.083,
TDRS 8 - MarsSat-1,23205685.495,23290058.135,84372.641,
TDRS 8 - MarsSat-1,23294442.543,23378865.673,84423.130,
TDRS 8 - MarsSat-1,23383197.054,23467674.652,84477.599,
TDRS 8 - MarsSat-1,23471948.983,23556485.092,84536.108,
TDRS 8 - MarsSat-1,23560698.283,23645297.019,84598.735,
TDRS 8 - MarsSat-1,23649444.900,23734110.472,84665.573,
TDRS 8 - MarsSat-1,23738188.772,23822925.506,84736.734,
TDRS 8 - MarsSat-1,23826929.830,23911742.186,84812.357,
TDRS 8 - MarsSat-1,23915667.994,24000560.600,84892.605,
TDRS 8 - MarsSat-1,24004403.175,24089380.852,84977.677,
TDRS 8 - MarsSat-1,24093135.264,24178203.072,85067.808,
TDRS 8 - MarsSat-1,24181864.138,24267027.417,85163.279,
TDRS 8 - MarsSat-1,24270589.647,24355854.074,85264.428,
TDRS 8 - MarsSat-1,24359311.612,24444683.270,85371.659,
TDRS 8 - MarsSat-1,24448029.818,24533515.279,85485.462,
TDRS 8 - MarsSat-1,24536744.000,24622350.435,85606.435,
TDRS 8 - MarsSat-1,24625453.834,24711189.154,85735.321,
TDRS 8 - MarsSat-1,24714158.910,24800031.960,85873.050,
TDRS 8 - MarsSat-1,24802858.711,24888879.533,86020.822,
TDRS 8 - MarsSat-1,24891552.561,25066592.939,175040.378,
TDRS 8 - MarsSat-1,25068918.441,25155461.835,86543.393,
TDRS 8 - MarsSat-1,25157587.399,25422161.801,264574.402,
TDRS 8 - MarsSat-1,25423493.658,31536000.000,6112506.342,
TDRS 8 - MarsSat-2,0.000,6533993.004,6533993.004,
TDRS 8 - MarsSat-2,6536055.236,6620237.994,84182.757,
TDRS 8 - MarsSat-2,6622453.403,6706482.793,84029.390,
TDRS 8 - MarsSat-2,6708841.132,6792740.162,83899.030,
TDRS 8 - MarsSat-2,6795226.825,6878995.212,83768.387,
TDRS 8 - MarsSat-2,6881605.107,6965261.300,83656.193,
TDRS 8 - MarsSat-2,6967981.792,7051524.131,83542.339,
TDRS 8 - MarsSat-2,7054353.057,7137796.638,83443.581,
TDRS 8 - MarsSat-2,7140722.748,7224065.610,83342.862,
TDRS 8 - MarsSat-2,7227088.419,7310343.033,83254.614,
TDRS 8 - MarsSat-2,7313452.302,7396617.137,83164.835,
TDRS 8 - MarsSat-2,7399813.188,7482898.663,83085.474,
TDRS 8 - MarsSat-2,7486171.948,7569177.501,83005.553,
TDRS 8 - MarsSat-2,7572528.544,7655462.895,82934.351,
TDRS 8 - MarsSat-2,7658882.685,7741746.466,82863.780,
TDRS 8 - MarsSat-2,7745235.470,7828035.722,82800.252,
TDRS 8 - MarsSat-2,7831585.558,7914324.021,82738.463,
TDRS 8 - MarsSat-2,7917935.109,8000616.977,82681.868,
TDRS 8 - MarsSat-2,8004281.746,8086909.743,82627.996,
TDRS 8 - MarsSat-2,8090628.595,8173206.001,82577.407,
TDRS 8 - MarsSat-2,8176972.224,8259502.821,82530.597,
TDRS 8 - MarsSat-2,8263316.674,8345801.964,82485.290,
TDRS 8 - MarsSat-2,8349657.490,8432102.510,82445.020,
TDRS 8 - MarsSat-2,8435999.629,8518404.280,82404.651,
TDRS 8 - MarsSat-2,8522337.671,8604708.402,82370.731,
TDRS 8 - MarsSat-2,8608677.513,8691012.711,82335.197,
TDRS 8 - MarsSat-2,8695012.807,8777320.372,82307.565,
TDRS 8 - MarsSat-2,8781350.395,8863627.215,82276.820,
TDRS 8 - MarsSat-2,8867683.012,8949938.399,82255.386,
TDRS 8 - MarsSat-2,8954018.434,9036247.780,82229.346,
TDRS 8 - MarsSat-2,9040348.487,9122562.417,82213.930,
TDRS 8 - MarsSat-2,9126681.844,9208874.322,82192.478,
TDRS 8 - MarsSat-2,9213009.440,9295192.236,82182.796,
TDRS 8 - MarsSat-2,9299340.784,9381506.626,82165.843,
TDRS 8 - MarsSat-2,9385665.985,9467827.501,82161.515,
TDRS 8 - MarsSat-2,9471995.251,9554144.348,82149.097,
TDRS 8 - MarsSat-2,9558318.049,9640467.782,82149.734,
TDRS 8 - MarsSat-2,9644645.032,9726787.140,82142.108,
TDRS 8 - MarsSat-2,9730965.389,9813112.835,82147.445,
TDRS 8 - MarsSat-2,9817289.852,9899434.890,82145.038,
TDRS 8 - MarsSat-2,9903607.836,9985762.808,82154.972,
TDRS 8 - MarsSat-2,9989929.729,10072087.886,82158.157,
TDRS 8 - MarsSat-2,10076245.602,10158418.207,82172.605,
TDRS 8 - MarsSat-2,10162565.153,10244746.657,82181.504,
TDRS 8 - MarsSat-2,10248879.293,10331079.583,82200.289,
TDRS 8 - MarsSat-2,10335196.807,10417411.621,82214.814,
TDRS 8 - MarsSat-2,10421509.457,10503747.227,82237.770,
TDRS 8 - MarsSat-2,10507825.035,10590082.903,82257.868,
TDRS 8 - MarsSat-2,10594136.142,10676421.163,82285.021,
TDRS 8 - MarsSat-2,10680449.629,10762760.458,82310.828,
TDRS 8 - MarsSat-2,10766758.944,10849101.350,82342.406,
TDRS 8 - MarsSat-2,10853070.099,10935444.272,82374.173,
TDRS 8 - MarsSat-2,10939377.376,11021787.832,82410.455,
TDRS 8 - MarsSat-2,11025686.036,11108134.439,82448.404,
TDRS 8 - MarsSat-2,11111991.142,11194480.753,82489.611,
TDRS 8 - MarsSat-2,11198297.251,11280831.131,82533.881,
TDRS 8 - MarsSat-2,11284600.145,11367180.307,82580.163,
TDRS 8 - MarsSat-2,11370903.703,11453534.544,82630.841,
TDRS 8 - MarsSat-2,11457204.366,11539886.701,82682.335,
TDRS 8 - MarsSat-2,11543505.351,11626244.876,82739.525,
TDRS 8 - MarsSat-2,11629803.708,11712600.151,82796.443,
TDRS 8 - MarsSat-2,11716101.978,11798962.361,82860.383,
TDRS 8 - MarsSat-2,11802397.791,11885320.959,82923.168,
TDRS 8 - MarsSat-2,11888692.978,11971687.378,82994.400,
TDRS 8 - MarsSat-2,11974985.759,12058049.666,83063.907,
TDRS 8 - MarsSat-2,12061277.222,12144420.629,83143.407,
TDRS 8 - MarsSat-2,12147566.286,12230787.221,83220.935,
TDRS 8 - MarsSat-2,12233853.268,12317163.240,83309.972,
TDRS 8 - MarsSat-2,12320137.990,12403534.997,83397.008,
TDRS 8 - MarsSat-2,12406419.896,12489916.684,83496.788,
TDRS 8 - MarsSat-2,12492699.937,12576294.699,83594.762,
TDRS 8 - MarsSat-2,12578976.344,12662682.751,83706.408,
TDRS 8 - MarsSat-2,12665251.411,12749068.515,83817.104,
TDRS 8 - MarsSat-2,12751521.511,12835464.044,83942.533,
TDRS 8 - MarsSat-2,12837790.599,12921859.940,84069.340,
TDRS 8 - MarsSat-2,12924052.343,16736182.010,3812129.667,
TDRS 8 - MarsSat-2,16737322.736,17267567.908,530245.172,
TDRS 8 - MarsSat-2,17270301.189,17444834.309,174533.120,
TDRS 8 - MarsSat-2,17447820.335,17799459.174,351638.839,
TDRS 8 - MarsSat-2,17802762.663,17976808.353,174045.690,
TDRS 8 - MarsSat-2,17980195.146,18154178.989,173983.843,
TDRS 8 - MarsSat-2,18157604.920,18331570.207,173965.287,
TDRS 8 - MarsSat-2,18334992.903,18508981.990,173989.088,
TDRS 8 - MarsSat-2,18512359.164,18686415.165,174056.001,
TDRS 8 - MarsSat-2,18689702.932,18863871.561,174168.629,
TDRS 8 - MarsSat-2,18867022.429,19041354.434,174332.005,
TDRS 8 - MarsSat-2,19044314.445,19218869.441,174554.996,
TDRS 8 - MarsSat-2,19221573.355,19396427.070,174853.716,
TDRS 8 - MarsSat-2,19398788.683,31536000.000,12137211.317,
TDRS 8 - MarsSat-3,0.000,28822.943,28822.943,
TDRS 8 - MarsSat-3,34696.509,117337.009,82640.500,
TDRS 8 - MarsSat-3,123395.100,205884.205,82489.106,
TDRS 8 - MarsSat-3,212060.155,294462.636,82402.481,
TDRS 8 - MarsSat-3,300693.494,383071.495,82378.001,
TDRS 8 - MarsSat-3,389295.848,471710.945,82415.097,
TDRS 8 - MarsSat-3,477866.980,560382.137,82515.158,
TDRS 8 - MarsSat-3,566405.666,649087.404,82681.739,
TDRS 8 - MarsSat-3,654909.502,737830.688,82921.185,
TDRS 8 - MarsSat-3,743374.476,826618.423,83243.946,
TDRS 8 - MarsSat-3,831794.079,915461.463,83667.384,
TDRS 8 - MarsSat-3,920157.385,1004379.888,84222.503,
TDRS 8 - MarsSat-3,1008444.237,1093418.754,84974.517,
TDRS 8 - MarsSat-3,1096609.501,1182745.473,86135.972,
TDRS 8 - MarsSat-3,1184485.684,6533996.392,5349510.708,
TDRS 8 - MarsSat-3,6536056.289,6620237.874,84181.585,
TDRS 8 - MarsSat-3,6622452.310,6706486.008,84033.699,
TDRS 8 - MarsSat-3,6708841.852,6792739.698,83897.846,
TDRS 8 - MarsSat-3,6795226.014,6878998.117,83772.103,
TDRS 8 - MarsSat-3,6881605.607,6965260.616,83655.009,
TDRS 8 - MarsSat-3,6967981.246,7051526.664,83545.418,
TDRS 8 - MarsSat-3,7054353.405,7137795.827,83442.422,
TDRS 8 - MarsSat-3,7140722.451,7224067.752,83345.302,
TDRS 8 - MarsSat-3,7227088.659,7310342.170,83253.511,
TDRS 8 - MarsSat-3,7313452.239,7396618.895,83166.656,
TDRS 8 - MarsSat-3,7399813.348,7482897.818,83084.470,
TDRS 8 - MarsSat-3,7486172.110,7569178.897,83006.787,
TDRS 8 - MarsSat-3,7572528.643,7655462.133,82933.490,
TDRS 8 - MarsSat-3,7658883.068,7741747.538,82864.470,
TDRS 8 - MarsSat-3,7745235.523,7828035.110,82799.587,
TDRS 8 - MarsSat-3,7831586.160,7914324.815,82738.655,
TDRS 8 - MarsSat-3,7917935.131,8000616.583,82681.452,
TDRS 8 - MarsSat-3,8004282.573,8086910.313,82627.740,
TDRS 8 - MarsSat-3,8090628.598,8173205.896,82577.297,
TDRS 8 - MarsSat-3,8176973.284,8259503.227,82529.943,
TDRS 8 - MarsSat-3,8263316.676,8345802.221,82485.545,
TDRS 8 - MarsSat-3,8349658.794,8432102.815,82444.022,
TDRS 8 - MarsSat-3,8435999.646,8518404.972,82405.326,
TDRS 8 - MarsSat-3,8522339.234,8604708.670,82369.435,
TDRS 8 - MarsSat-3,8608677.564,8691013.898,82336.335,
TDRS 8 - MarsSat-3,8695014.644,8777320.653,82306.009,
TDRS 8 - MarsSat-3,8781350.493,8863628.926,82278.434,
TDRS 8 - MarsSat-3,8867685.131,8949938.707,82253.575,
TDRS 8 - MarsSat-3,8954018.584,9036249.974,82231.389,
TDRS 8 - MarsSat-3,9040350.875,9122562.700,82211.825,
TDRS 8 - MarsSat-3,9126682.023,9208876.849,82194.826,
TDRS 8 - MarsSat-3,9213012.039,9295192.381,82180.341,
TDRS 8 - MarsSat-3,9299340.927,9381509.254,82168.327,
TDRS 8 - MarsSat-3,9385668.677,9467827.424,82158.747,
TDRS 8 - MarsSat-3,9471995.273,9554146.853,82151.580,
TDRS 8 - MarsSat-3,9558320.686,9640467.506,82146.820,
TDRS 8 - MarsSat-3,9644644.888,9726789.367,82144.478,
TDRS 8 - MarsSat-3,9730967.854,9813112.439,82144.585,
TDRS 8 - MarsSat-3,9817289.574,9899436.755,82147.181,
TDRS 8 - MarsSat-3,9903610.062,9985762.369,82152.307,
TDRS 8 - MarsSat-3,9989929.367,10072089.354,82159.986,
TDRS 8 - MarsSat-3,10076247.563,10158417.784,82170.221,
TDRS 8 - MarsSat-3,10162564.740,10244747.726,82182.985,
TDRS 8 - MarsSat-3,10248880.985,10331079.226,82198.241,
TDRS 8 - MarsSat-3,10335196.358,10417412.310,82215.952,
TDRS 8 - MarsSat-3,10421510.885,10503746.984,82236.099,
TDRS 8 - MarsSat-3,10507824.554,10590083.245,82258.691,
TDRS 8 - MarsSat-3,10594137.320,10676421.085,82283.765,
TDRS 8 - MarsSat-3,10680449.120,10762760.499,82311.379,
TDRS 8 - MarsSat-3,10766759.887,10849101.489,82341.602,
TDRS 8 - MarsSat-3,10853069.564,10935444.065,82374.501,
TDRS 8 - MarsSat-3,10939378.105,11021788.243,82410.138,
TDRS 8 - MarsSat-3,11025685.482,11108134.044,82448.562,
TDRS 8 - MarsSat-3,11111991.679,11194481.492,82489.814,
TDRS 8 - MarsSat-3,11198296.690,11280830.613,82533.923,
TDRS 8 - MarsSat-3,11284600.515,11367181.430,82580.915,
TDRS 8 - MarsSat-3,11370903.154,11453533.970,82630.816,
TDRS 8 - MarsSat-3,11457204.602,11539888.256,82683.654,
TDRS 8 - MarsSat-3,11543504.844,11626244.313,82739.468,
TDRS 8 - MarsSat-3,11629803.849,11712602.170,82798.321,
TDRS 8 - MarsSat-3,11716101.559,11798961.864,82860.305,
TDRS 8 - MarsSat-3,11802397.887,11885323.444,82925.557,
TDRS 8 - MarsSat-3,11888692.711,11971686.979,82994.268,
TDRS 8 - MarsSat-3,11974985.876,12058052.563,83066.687,
TDRS 8 - MarsSat-3,12061277.204,12144420.313,83143.110,
TDRS 8 - MarsSat-3,12147566.510,12230790.377,83223.867,
TDRS 8 - MarsSat-3,12233853.626,12317162.920,83309.293,
TDRS 8 - MarsSat-3,12320138.417,12403538.130,83399.713,
TDRS 8 - MarsSat-3,12406420.782,12489916.218,83495.435,
TDRS 8 - MarsSat-3,12492700.639,12576297.427,83596.787,
TDRS 8 - MarsSat-3,12578977.887,12662682.054,83704.167,
TDRS 8 - MarsSat-3,12665252.357,12749070.478,83818.121,
TDRS 8 - MarsSat-3,12751523.756,12835463.196,83939.440,
TDRS 8 - MarsSat-3,12837791.621,12921860.878,84069.258,
TDRS 8 - MarsSat-3,12924055.263,19316316.618,6392261.355,
TDRS 8 - MarsSat-3,19317650.446,19493262.555,175612.109,
TDRS 8 - MarsSat-3,19495283.013,19581785.849,86502.835,
TDRS 8 - MarsSat-3,19584049.286,19670328.428,86279.142,
TDRS 8 - MarsSat-3,19672796.479,19758885.759,86089.280,
TDRS 8 - MarsSat-3,19761529.125,19936034.283,174505.158,
TDRS 8 - MarsSat-3,19938961.147,20024622.217,85661.070,
TDRS 8 - MarsSat-3,20027663.774,20201820.313,174156.540,
TDRS 8 - MarsSat-3,20205047.348,20290429.125,85381.777,
TDRS 8 - MarsSat-3,20293729.633,20379043.784,85314.151,
TDRS 8 - MarsSat-3,20382406.236,20467663.923,85257.687,
TDRS 8 - MarsSat-3,20471077.518,20556289.250,85211.732,
TDRS 8 - MarsSat-3,20559743.764,20644919.534,85175.770,
TDRS 8 - MarsSat-3,20648405.198,20733554.598,85149.400,
TDRS 8 - MarsSat-3,20737061.990,20822194.309,85132.320,
TDRS 8 - MarsSat-3,20825714.267,20910838.576,85124.310,
TDRS 8 - MarsSat-3,20914362.114,20999487.346,85125.231,
TDRS 8 - MarsSat-3,21003005.582,21088140.599,85135.018,
TDRS 8 - MarsSat-3,21091644.683,21176798.357,85153.674,
TDRS 8 - MarsSat-3,21180279.395,21265460.675,85181.280,
TDRS 8 - MarsSat-3,21268909.660,21354127.649,85217.990,
TDRS 8 - MarsSat-3,21357535.380,21442799.422,85264.042,
TDRS 8 - MarsSat-3,21446156.414,21531476.185,85319.772,
TDRS 8 - MarsSat-3,21534772.570,21620158.191,85385.621,
TDRS 8 - MarsSat-3,21623383.599,21708845.766,85462.167,
TDRS 8 - MarsSat-3,21711989.175,21797539.329,85550.154,
TDRS 8 - MarsSat-3,21800588.883,21886239.422,85650.539,
TDRS 8 - MarsSat-3,21889182.185,22063662.262,174480.078,
TDRS 8 - MarsSat-3,22066346.524,22152387.239,86040.715,
TDRS 8 - MarsSat-3,22154915.344,22329873.852,174958.509,
TDRS 8 - MarsSat-3,22332016.760,22596280.411,264263.652,
TDRS 8 - MarsSat-3,22597493.416,31536000.000,8938506.584,
TDRS 8 - MarsSat-4,0.000,28683.598,28683.598,
TDRS 8 - MarsSat-4,30095.250,61047.442,30952.192,
TDRS 8 - MarsSat-4,62411.608,93412.975,31001.367,
TDRS 8 - MarsSat-4,94727.040,125778.262,31051.222,
TDRS 8 - MarsSat-4,127042.954,158146.379,31103.425,
TDRS 8 - MarsSat-4,159354.613,190515.398,31160.784,
TDRS 8 - MarsSat-4,191666.824,222885.478,31218.654,
TDRS 8 - MarsSat-4,223977.024,255259.568,31282.544,
TDRS 8 - MarsSat-4,256282.769,287634.133,31351.364,
TDRS 8 - MarsSat-4,288589.294,320012.923,31423.629,
TDRS 8 - MarsSat-4,320889.933,352396.818,31506.885,
TDRS 8 - MarsSat-4,353186.222,384783.512,31597.291,
TDRS 8 - MarsSat-4,385479.981,417182.388,31702.407,
TDRS 8 - MarsSat-4,417760.079,449594.474,31834.395,
TDRS 8 - MarsSat-4,450028.448,6533994.995,6083966.547,
TDRS 8 - MarsSat-4,6536056.488,6620236.612,84180.124,
TDRS 8 - MarsSat-4,6622454.160,6706485.792,84031.632,
TDRS 8 - MarsSat-4,6708842.975,6792738.752,83895.777,
TDRS 8 - MarsSat-4,6795226.565,6878997.527,83770.962,
TDRS 8 - MarsSat-4,6881607.473,6965260.902,83653.429,
TDRS 8 - MarsSat-4,6967982.611,7051526.292,83543.680,
TDRS 8 - MarsSat-4,7054354.112,7137795.903,83441.791,
TDRS 8 - MarsSat-4,7140724.231,7224068.557,83344.326,
TDRS 8 - MarsSat-4,7227090.118,7310342.329,83252.211,
TDRS 8 - MarsSat-4,7313452.994,7396619.535,83166.541,
TDRS 8 - MarsSat-4,7399814.978,7482899.050,83084.072,
TDRS 8 - MarsSat-4,7486173.570,7569179.466,83005.896,
TDRS 8 - MarsSat-4,7572529.374,7655463.183,82933.809,
TDRS 8 - MarsSat-4,7658884.502,7741749.052,82864.549,
TDRS 8 - MarsSat-4,7745236.917,7828035.925,82799.008,
TDRS 8 - MarsSat-4,7831586.811,7914326.087,82739.275,
TDRS 8 - MarsSat-4,7917936.326,8000618.197,82681.871,
TDRS 8 - MarsSat-4,8004283.837,8086911.180,82627.342,
TDRS 8 - MarsSat-4,8090629.112,8173207.177,82578.065,
TDRS 8 - MarsSat-4,8176974.192,8259504.735,82530.544,
TDRS 8 - MarsSat-4,8263317.745,8345802.924,82485.179,
TDRS 8 - MarsSat-4,8349659.107,8432103.881,82444.774,
TDRS 8 - MarsSat-4,8436000.209,8518406.154,82405.945,
TDRS 8 - MarsSat-4,8522340.039,8604708.989,82368.950,
TDRS 8 - MarsSat-4,8608677.611,8691014.531,82336.920,
TDRS 8 - MarsSat-4,8695014.804,8777321.315,82306.511,
TDRS 8 - MarsSat-4,8781350.966,8863628.695,82277.729,
TDRS 8 - MarsSat-4,8867684.858,8949938.782,82253.924,
TDRS 8 - MarsSat-4,8954018.304,9036250.063,82231.759,
TDRS 8 - MarsSat-4,9040350.991,9122561.953,82210.962,
TDRS 8 - MarsSat-4,9126681.437,9208876.508,82195.071,
TDRS 8 - MarsSat-4,9213011.378,9295192.158,82180.780,
TDRS 8 - MarsSat-4,9299340.794,9381508.354,82167.559,
TDRS 8 - MarsSat-4,9385667.955,9467827.092,82159.137,
TDRS 8 - MarsSat-4,9471994.472,9554146.763,82152.291,
TDRS 8 - MarsSat-4,9558320.583,9640466.869,82146.286,
TDRS 8 - MarsSat-4,9644644.326,9726789.394,82145.068,
TDRS 8 - MarsSat-4,9730967.201,9813112.758,82145.557,
TDRS 8 - MarsSat-4,9817289.739,9899436.574,82146.836,
TDRS 8 - MarsSat-4,9903609.849,9985762.876,82153.027,
TDRS 8 - MarsSat-4,9989929.000,10072090.140,82161.140,
TDRS 8 - MarsSat-4,10076248.082,10158418.068,82169.986,
TDRS 8 - MarsSat-4,10162564.926,10244748.678,82183.752,
TDRS 8 - MarsSat-4,10248880.927,10331080.412,82199.485,
TDRS 8 - MarsSat-4,10335197.228,10417412.964,82215.736,
TDRS 8 - MarsSat-4,10421511.456,10503748.266,82236.810,
TDRS 8 - MarsSat-4,10507824.785,10590084.698,82259.913,
TDRS 8 - MarsSat-4,10594138.506,10676421.960,82283.454,
TDRS 8 - MarsSat-4,10680450.037,10762761.948,82311.911,
TDRS 8 - MarsSat-4,10766760.365,10849103.035,82342.670,
TDRS 8 - MarsSat-4,10853071.019,10935444.979,82373.959,
TDRS 8 - MarsSat-4,10939379.321,11021789.672,82410.350,
TDRS 8 - MarsSat-4,11025686.157,11108135.487,82449.330,
TDRS 8 - MarsSat-4,11111993.347,11194482.244,82488.897,
TDRS 8 - MarsSat-4,11198298.149,11280831.820,82533.671,
TDRS 8 - MarsSat-4,11284601.325,11367182.564,82581.239,
TDRS 8 - MarsSat-4,11370904.967,11453534.352,82629.385,
TDRS 8 - MarsSat-4,11457206.233,11539889.045,82682.812,
TDRS 8 - MarsSat-4,11543505.707,11626244.944,82739.237,
TDRS 8 - MarsSat-4,11629805.713,11712602.001,82796.288,
TDRS 8 - MarsSat-4,11716103.260,11798962.081,82858.821,
TDRS 8 - MarsSat-4,11802398.680,11885323.439,82924.758,
TDRS 8 - MarsSat-4,11888694.488,11971686.162,82991.673,
TDRS 8 - MarsSat-4,11974987.493,12058052.178,83064.685,
TDRS 8 - MarsSat-4,12061277.736,12144419.704,83141.968,
TDRS 8 - MarsSat-4,12147567.983,12230789.033,83221.049,
TDRS 8 - MarsSat-4,12233854.918,12317162.193,83307.276,
TDRS 8 - MarsSat-4,12320138.400,12403537.293,83398.893,
TDRS 8 - MarsSat-4,12406421.651,12489914.851,83493.200,
TDRS 8 - MarsSat-4,12492701.309,12576297.013,83595.704,
TDRS 8 - MarsSat-4,12578977.013,12662681.684,83704.671,
TDRS 8 - MarsSat-4,12665252.389,12749069.768,83817.378,
TDRS 8 - MarsSat-4,12751523.684,12835463.769,83940.085,
TDRS 8 - MarsSat-4,12837789.825,12921861.492,84071.667,
TDRS 8 - MarsSat-4,12924054.540,15321512.892,2397458.352,
TDRS 8 - MarsSat-4,15322823.390,15353811.944,30988.554,
TDRS 8 - MarsSat-4,15355199.151,15386117.296,30918.145,
TDRS 8 - MarsSat-4,15387571.514,15418423.866,30852.351,
TDRS 8 - MarsSat-4,15419941.777,15450729.592,30787.815,
TDRS 8 - MarsSat-4,15452311.755,15483041.220,30729.465,
TDRS 8 - MarsSat-4,15484678.807,15515350.809,30672.001,
TDRS 8 - MarsSat-4,15517045.330,15547662.381,30617.050,
TDRS 8 - MarsSat-4,15549411.035,15579977.479,30566.444,
TDRS 8 - MarsSat-4,15581774.617,15612289.806,30515.189,
TDRS 8 - MarsSat-4,15614138.333,15644606.266,30467.933,
TDRS 8 - MarsSat-4,15646500.733,15676923.059,30422.327,
TDRS 8 - MarsSat-4,15678861.933,15709238.616,30376.683,
TDRS 8 - MarsSat-4,15711223.282,15741558.548,30335.266,
TDRS 8 - MarsSat-4,15743583.134,15773876.406,30293.272,
TDRS 8 - MarsSat-4,15775942.564,15806195.579,30253.015,
TDRS 8 - MarsSat-4,15808301.817,15838517.434,30215.618,
TDRS 8 - MarsSat-4,15840659.734,15870836.685,30176.951,
TDRS 8 - MarsSat-4,15873017.702,15903159.242,30141.540,
TDRS 8 - MarsSat-4,15905375.099,15935481.888,30106.789,
TDRS 8 - MarsSat-4,15937731.548,15967803.295,30071.747,
TDRS 8 - MarsSat-4,15970088.195,16000128.342,30040.146,
TDRS 8 - MarsSat-4,16002443.987,16032451.443,30007.455,
TDRS 8 - MarsSat-4,16034799.291,16064775.575,29976.284,
TDRS 8 - MarsSat-4,16067154.685,16097101.943,29947.258,
TDRS 8 - MarsSat-4,16099509.128,16129425.924,29916.796,
TDRS 8 - MarsSat-4,16131863.485,16161752.734,29889.249,
TDRS 8 - MarsSat-4,16164217.674,16194079.535,29861.861,
TDRS 8 - MarsSat-4,16196571.016,16226405.174,29834.158,
TDRS 8 - MarsSat-4,16228924.527,16258733.974,29809.447,
TDRS 8 - MarsSat-4,16261277.569,16291060.979,29783.410,
TDRS 8 - MarsSat-4,16293630.031,16808356.864,514726.833,
TDRS 8 - MarsSat-4,16811238.639,16840690.496,29451.857,
TDRS 8 - MarsSat-4,16843587.550,16873025.614,29438.064,
TDRS 8 - MarsSat-4,16875936.058,16905358.972,29422.913,
TDRS 8 - MarsSat-4,16908284.089,16937694.365,29410.276,
TDRS 8 - MarsSat-4,16940632.556,16970029.629,29397.073,
TDRS 8 - MarsSat-4,16972980.267,17002364.088,29383.821,
TDRS 8 - MarsSat-4,17005327.961,17034700.785,29372.824,
TDRS 8 - MarsSat-4,17037675.840,17067036.106,29360.266,
TDRS 8 - MarsSat-4,17070022.867,17099372.136,29349.269,
TDRS 8 - MarsSat-4,17102370.300,17131709.464,29339.164,
TDRS 8 - MarsSat-4,17134717.446,17164045.231,29327.785,
TDRS 8 - MarsSat-4,17167063.992,17196382.855,29318.863,
TDRS 8 - MarsSat-4,17199411.102,17228720.320,29309.218,
TDRS 8 - MarsSat-4,17231757.462,17261057.120,29299.658,
TDRS 8 - MarsSat-4,17264103.731,17293395.917,29292.186,
TDRS 8 - MarsSat-4,17296450.341,17325733.467,29283.125,
TDRS 8 - MarsSat-4,17328796.009,17358071.717,29275.708,
TDRS 8 - MarsSat-4,17361142.106,17390411.085,29268.979,
TDRS 8 - MarsSat-4,17393488.021,17422749.092,29261.070,
TDRS 8 - MarsSat-4,17425833.211,17455088.797,29255.587,
TDRS 8 - MarsSat-4,17458179.078,17487428.313,29249.235,
TDRS 8 - MarsSat-4,17490524.200,17519767.313,29243.113,
TDRS 8 - MarsSat-4,17522869.147,17552108.082,29238.934,
TDRS 8 - MarsSat-4,17555214.583,17584447.728,29233.146,
TDRS 8 - MarsSat-4,17587558.984,17616788.084,29229.100,
TDRS 8 - MarsSat-4,17619903.826,17649129.380,29225.553,
TDRS 8 - MarsSat-4,17652248.588,17681469.517,29220.929,
TDRS 8 - MarsSat-4,17684592.494,17713811.209,29218.715,
TDRS 8 - MarsSat-4,17716937.182,17746152.677,29215.495,
TDRS 8 - MarsSat-4,17749281.127,17778493.790,29212.663,
TDRS 8 - MarsSat-4,17781624.808,17810836.450,29211.642,
TDRS 8 - MarsSat-4,17813969.118,17843178.112,29208.995,
TDRS 8 - MarsSat-4,17846312.298,17875520.506,29208.208,
TDRS 8 - MarsSat-4,17878655.922,17907863.660,29207.737,
TDRS 8 - MarsSat-4,17910999.567,17940205.866,29206.298,
TDRS 8 - MarsSat-4,17943342.217,17972549.491,29207.274,
TDRS 8 - MarsSat-4,17975685.750,18004892.855,29207.105,
TDRS 8 - MarsSat-4,18008028.541,18037236.039,29207.497,
TDRS 8 - MarsSat-4,18040370.965,18069580.547,29209.582,
TDRS 8 - MarsSat-4,18072714.162,18101924.185,29210.023,
TDRS 8 - MarsSat-4,18105056.127,18134268.591,29212.464,
TDRS 8 - MarsSat-4,18137398.531,18166613.571,29215.039,
TDRS 8 - MarsSat-4,18169741.060,18198957.824,29216.764,
TDRS 8 - MarsSat-4,18202082.443,18231303.370,29220.927,
TDRS 8 - MarsSat-4,18234424.806,18263648.610,29223.804,
TDRS 8 - MarsSat-4,18266766.430,18295993.863,29227.433,
TDRS 8 - MarsSat-4,18299107.569,18328340.215,29232.646,
TDRS 8 - MarsSat-4,18331449.629,18360685.827,29236.198,
TDRS 8 - MarsSat-4,18363790.347,18393032.259,29241.912,
TDRS 8 - MarsSat-4,18396131.490,18425379.070,29247.580,
TDRS 8 - MarsSat-4,18428472.868,18457725.392,29252.524,
TDRS 8 - MarsSat-4,18460812.932,18813557.078,352744.147,
TDRS 8 - MarsSat-4,18816550.355,18845907.267,29356.911,
TDRS 8 - MarsSat-4,18848889.918,18878257.005,29367.087,
TDRS 8 - MarsSat-4,18881227.873,18910607.721,29379.848,
TDRS 8 - MarsSat-4,18913566.187,18942958.380,29392.193,
TDRS 8 - MarsSat-4,18945904.995,18975309.103,29404.108,
TDRS 8 - MarsSat-4,18978242.071,19007660.752,29418.682,
TDRS 8 - MarsSat-4,19010580.436,19040011.936,29431.500,
TDRS 8 - MarsSat-4,19042918.065,19072363.870,29445.805,
TDRS 8 - MarsSat-4,19075254.716,19104716.158,29461.442,
TDRS 8 - MarsSat-4,19107592.814,19137068.169,29475.355,
TDRS 8 - MarsSat-4,19139929.137,19169421.271,29492.135,
TDRS 8 - MarsSat-4,19172265.759,19201774.066,29508.307,
TDRS 8 - MarsSat-4,19204603.034,19234127.264,29524.231,
TDRS 8 - MarsSat-4,19236938.302,19266481.264,29542.962,
TDRS 8 - MarsSat-4,19269274.976,19298834.735,29559.759,
TDRS 8 - MarsSat-4,19301610.913,19331189.293,29578.381,
TDRS 8 - MarsSat-4,19333945.625,19363543.910,29598.285,
TDRS 8 - MarsSat-4,19366282.008,19395898.457,29616.449,
TDRS 8 - MarsSat-4,19398616.411,19428254.243,29637.832,
TDRS 8 - MarsSat-4,19430951.026,19460609.440,29658.414,
TDRS 8 - MarsSat-4,19463286.479,19492965.449,29678.970,
TDRS 8 - MarsSat-4,19495619.583,19525322.130,29702.547,
TDRS 8 - MarsSat-4,19527954.216,19557678.219,29724.002,
TDRS 8 - MarsSat-4,19560288.109,19590035.811,29747.702,
TDRS 8 - MarsSat-4,19592620.454,19622393.126,29772.672,
TDRS 8 - MarsSat-4,19624954.734,19654750.634,29795.899,
TDRS 8 - MarsSat-4,19657286.770,19687109.583,29822.813,
TDRS 8 - MarsSat-4,19689618.883,19719467.616,29848.732,
TDRS 8 - MarsSat-4,19721952.061,19751826.982,29874.921,
TDRS 8 - MarsSat-4,19754282.434,19784186.887,29904.453,
TDRS 8 - MarsSat-4,19786614.473,19816546.141,29931.669,
TDRS 8 - MarsSat-4,19818945.753,19848907.448,29961.695,
TDRS 8 - MarsSat-4,19851275.035,19881268.083,29993.049,
TDRS 8 - MarsSat-4,19883606.577,19913629.273,30022.696,
TDRS 8 - MarsSat-4,19915935.506,19945992.200,30056.695,
TDRS 8 - MarsSat-4,19948264.290,19978353.824,30089.534,
TDRS 8 - MarsSat-4,19980594.422,20010717.504,30123.082,
TDRS 8 - MarsSat-4,20012921.093,20043081.592,30160.498,
TDRS 8 - MarsSat-4,20045249.566,20075444.999,30195.433,
TDRS 8 - MarsSat-4,20077577.230,20107811.257,30234.027,
TDRS 8 - MarsSat-4,20109902.199,20140176.367,30274.168,
TDRS 8 - MarsSat-4,20142229.837,20172542.604,30312.767,
TDRS 8 - MarsSat-4,20174554.278,20204911.072,30356.794,
TDRS 8 - MarsSat-4,20206878.160,20237277.776,30399.616,
TDRS 8 - MarsSat-4,20239203.744,31536000.000,11296796.256,
MMS 3 - MarsSat-1,0.000,17549.408,17549.408,
MMS 3 - MarsSat-1,21589.581,24865.084,3275.503,
MMS 3 - MarsSat-1,25996.162,106308.751,80312.589,
MMS 3 - MarsSat-1,110439.055,195073.862,84634.807,
MMS 3 - MarsSat-1,199289.591,283846.381,84556.790,
MMS 3 - MarsSat-1,288140.392,372621.881,84481.489,
MMS 3 - MarsSat-1,376984.551,461396.366,84411.815,
MMS 3 - MarsSat-1,465822.693,550177.746,84355.053,
MMS 3 - MarsSat-1,554661.444,638967.940,84306.496,
MMS 3 - MarsSat-1,643501.124,727749.882,84248.758,
MMS 3 - MarsSat-1,732327.339,816539.475,84212.136,
MMS 3 - MarsSat-1,821155.382,905336.119,84180.737,
MMS 3 - MarsSat-1,909984.696,935564.123,25579.427,
MMS 3 - MarsSat-1,937107.309,994132.437,57025.128,
MMS 3 - MarsSat-1,998806.246,1082929.728,84123.482,
MMS 3 - MarsSat-1,1087624.242,1171733.570,84109.328,
MMS 3 - MarsSat-1,1176443.088,1260543.428,84100.340,
MMS 3 - MarsSat-1,1265261.261,1349347.802,84086.541,
MMS 3 - MarsSat-1,1354069.240,1438159.225,84089.985,
MMS 3 - MarsSat-1,1442878.424,1526978.257,84099.833,
MMS 3 - MarsSat-1,1531689.678,1542826.114,11136.436,
MMS 3 - MarsSat-1,1544463.438,1615793.879,71330.441,
MMS 3 - MarsSat-1,1620490.855,1704613.147,84122.292,
MMS 3 - MarsSat-1,1709290.528,1793439.222,84148.694,
MMS 3 - MarsSat-1,1798090.991,1846532.225,48441.234,
MMS 3 - MarsSat-1,1848192.533,1882269.064,34076.531,
MMS 3 - MarsSat-1,1886888.935,1971096.397,84207.463,
MMS 3 - MarsSat-1,1975678.727,2059930.838,84252.112,
MMS 3 - MarsSat-1,2064469.022,2148774.507,84305.486,
MMS 3 - MarsSat-1,2153262.809,2237611.018,84348.209,
MMS 3 - MarsSat-1,2242041.553,2326454.916,84413.362,
MMS 3 - MarsSat-1,2330821.227,2415306.494,84485.267,
MMS 3 - MarsSat-1,2419601.197,2454682.996,35081.800,
MMS 3 - MarsSat-1,2456358.386,2504160.347,47801.961,
MMS 3 - MarsSat-1,2508376.382,2593015.039,84638.657,
MMS 3 - MarsSat-1,2597144.186,2681877.844,84733.658,
MMS 3 - MarsSat-1,2685911.232,2770749.925,84838.693,
MMS 3 - MarsSat-1,2774678.797,2859617.139,84938.342,
MMS 3 - MarsSat-1,2863432.288,2948494.296,85062.007,
MMS 3 - MarsSat-1,2952184.209,3037381.719,85197.510,
MMS 3 - MarsSat-1,3040934.639,3126271.493,85336.854,
MMS 3 - MarsSat-1,3129675.750,3215168.167,85492.417,
MMS 3 - MarsSat-1,3218407.705,3304077.200,85669.495,
MMS 3 - MarsSat-1,3307134.565,3392998.435,85863.870,
MMS 3 - MarsSat-1,3395855.171,3570873.135,175017.965,
MMS 3 - MarsSat-1,3573243.883,3659847.239,86603.356,
MMS 3 - MarsSat-1,3661915.525,3973690.605,311775.080,
MMS 3 - MarsSat-1,3975298.462,4581933.848,606635.386,
MMS 3 - MarsSat-1,4583489.520,5493490.101,910000.581,
MMS 3 - MarsSat-1,5494976.915,6101698.697,606721.781,
MMS 3 - MarsSat-1,6103148.161,6709392.147,606243.986,
MMS 3 - MarsSat-1,6710794.779,7317647.341,606852.562,
MMS 3 - MarsSat-1,7319018.605,7621155.781,302137.176,
MMS 3 - MarsSat-1,7622510.661,8229306.242,606795.581,
MMS 3 - MarsSat-1,8230627.695,9748427.193,1517799.499,
MMS 3 - MarsSat-1,9749698.591,12177937.197,2428238.607,
MMS 3 - MarsSat-1,12179170.860,13088875.792,909704.931,
MMS 3 - MarsSat-1,13090109.687,13999524.582,909414.895,
MMS 3 - MarsSat-1,14000769.388,14910112.927,909343.539,
MMS 3 - MarsSat-1,14911382.460,15821182.943,909800.484,
MMS 3 - MarsSat-1,15822494.612,16732615.152,910120.540,
MMS 3 - MarsSat-1,16734000.408,17643556.723,909556.315,
MMS 3 - MarsSat-1,17645063.988,18250876.762,605812.774,
MMS 3 - MarsSat-1,18252470.913,18858619.856,606148.943,
MMS 3 - MarsSat-1,18860451.853,19162605.509,302153.656,
MMS 3 - MarsSat-1,19164505.791,19295915.229,131409.438,
MMS 3 - MarsSat-1,19297305.949,19384518.953,87213.004,
MMS 3 - MarsSat-1,19386307.033,19561831.662,175524.629,
MMS 3 - MarsSat-1,19564209.129,19650519.750,86310.621,
MMS 3 - MarsSat-1,19653126.846,19769756.823,116629.977,
MMS 3 - MarsSat-1,19771851.189,19827923.973,56072.784,
MMS 3 - MarsSat-1,19830923.498,19916644.460,85720.962,
MMS 3 - MarsSat-1,19919810.239,20094090.631,174280.392,
MMS 3 - MarsSat-1,20097549.348,20182831.614,85282.266,
MMS 3 - MarsSat-1,20186418.851,20271571.302,85152.452,
MMS 3 - MarsSat-1,20275275.571,20360308.425,85032.854,
MMS 3 - MarsSat-1,20364119.830,20377826.367,13706.537,
MMS 3 - MarsSat-1,20380102.302,20449059.115,68956.812,
MMS 3 - MarsSat-1,20452974.754,20537811.947,84837.193,
MMS 3 - MarsSat-1,20541819.740,20626562.468,84742.728,
MMS 3 - MarsSat-1,20630654.539,20681421.590,50767.051,
MMS 3 - MarsSat-1,20683798.503,20715315.663,31517.159,
MMS 3 - MarsSat-1,20719488.686,20804079.738,84591.052,
MMS 3 - MarsSat-1,20808324.904,20892840.618,84515.714,
MMS 3 - MarsSat-1,20897151.256,20981595.336,84444.080,
MMS 3 - MarsSat-1,20987799.360,21070369.188,82569.828,
MMS 3 - MarsSat-1,21074796.667,21159138.997,84342.330,
MMS 3 - MarsSat-1,21163615.719,21247904.998,84289.279,
MMS 3 - MarsSat-1,21252425.505,21289593.860,37168.355,
MMS 3 - MarsSat-1,21292161.719,21336676.526,44514.806,
MMS 3 - MarsSat-1,21341238.525,21425454.739,84216.215,
MMS 3 - MarsSat-1,21430051.452,21514229.062,84177.610,
MMS 3 - MarsSat-1,21518855.654,21602998.325,84142.671,
MMS 3 - MarsSat-1,21607652.191,21691785.833,84133.642,
MMS 3 - MarsSat-1,21696460.838,21780567.606,84106.768,
MMS 3 - MarsSat-1,21785259.558,21869344.422,84084.865,
MMS 3 - MarsSat-1,21874048.850,21897086.475,23037.625,
MMS 3 - MarsSat-1,21899917.172,21958130.741,58213.569,
MMS 3 - MarsSat-1,21962845.458,22046919.741,84074.283,
MMS 3 - MarsSat-1,22051639.126,22135704.421,84065.295,
MMS 3 - MarsSat-1,22140424.498,22200997.572,60573.075,
MMS 3 - MarsSat-1,22203932.755,22224487.790,20555.036,
MMS 3 - MarsSat-1,22229205.936,22313284.596,84078.660,
MMS 3 - MarsSat-1,22317995.403,22402076.221,84080.817,
MMS 3 - MarsSat-1,22406776.151,22490861.575,84085.424,
MMS 3 - MarsSat-1,22495546.448,22505243.402,9696.954,
MMS 3 - MarsSat-1,22508324.390,22579661.390,71337.000,
MMS 3 - MarsSat-1,22584328.833,22668459.780,84130.947,
MMS 3 - MarsSat-1,22673104.871,22757253.423,84148.552,
MMS 3 - MarsSat-1,22761872.557,22809053.623,47181.066,
MMS 3 - MarsSat-1,22812325.734,22846049.366,33723.633,
MMS 3 - MarsSat-1,22850639.382,22934854.954,84215.572,
MMS 3 - MarsSat-1,22939410.993,23023655.561,84244.568,
MMS 3 - MarsSat-1,23028174.322,23112446.868,84272.547,
MMS 3 - MarsSat-1,23116925.697,23201261.707,84336.010,
MMS 3 - MarsSat-1,23205694.381,23290069.129,84374.748,
MMS 3 - MarsSat-1,23294452.831,23378871.355,84418.524,
MMS 3 - MarsSat-1,23383202.425,23416669.780,33467.355,
MMS 3 - MarsSat-1,23420258.641,23467680.122,47421.481,
MMS 3 - MarsSat-1,23471954.329,23556494.851,84540.521,
MMS 3 - MarsSat-1,23560707.712,23645304.863,84597.151,
MMS 3 - MarsSat-1,23649452.797,23720912.820,71460.023,
MMS 3 - MarsSat-1,23724695.844,23734109.957,9414.112,
MMS 3 - MarsSat-1,23738189.190,23822933.736,84744.546,
MMS 3 - MarsSat-1,23826937.838,23911751.505,84813.667,
MMS 3 - MarsSat-1,23915677.184,24000563.576,84886.392,
MMS 3 - MarsSat-1,24004406.476,24024745.342,20338.866,
MMS 3 - MarsSat-1,24028804.825,24089387.353,60582.528,
MMS 3 - MarsSat-1,24093141.274,24178213.745,85072.471,
MMS 3 - MarsSat-1,24181873.916,24267035.838,85161.923,
MMS 3 - MarsSat-1,24270597.528,24328193.784,57596.256,
MMS 3 - MarsSat-1,24332498.975,24355858.057,23359.082,
MMS 3 - MarsSat-1,24359314.684,24444695.116,85380.432,
MMS 3 - MarsSat-1,24448039.541,24533527.929,85488.388,
MMS 3 - MarsSat-1,24536754.577,24622354.758,85600.181,
MMS 3 - MarsSat-1,24625456.389,24632133.667,6677.278,
MMS 3 - MarsSat-1,24636639.019,24711201.500,74562.481,
MMS 3 - MarsSat-1,24714167.580,24800047.873,85880.293,
MMS 3 - MarsSat-1,24802870.587,24888892.086,86021.499,
MMS 3 - MarsSat-1,24891561.706,24936243.814,44682.108,
MMS 3 - MarsSat-1,24941057.957,25066610.722,125552.765,
MMS 3 - MarsSat-1,25068930.083,25155479.105,86549.022,
MMS 3 - MarsSat-1,25157599.169,25239872.006,82272.837,
MMS 3 - MarsSat-1,25246244.776,25422181.593,175936.817,
MMS 3 - MarsSat-1,25423505.553,25543408.972,119903.419,
MMS 3 - MarsSat-1,25548925.284,25847328.219,298402.935,
MMS 3 - MarsSat-1,25853122.018,26152940.745,299818.727,
MMS 3 - MarsSat-1,26157590.860,26456800.128,299209.268,
MMS 3 - MarsSat-1,26461683.355,26758305.169,296621.815,
MMS 3 - MarsSat-1,26765415.497,27064221.628,298806.131,
MMS 3 - MarsSat-1,27069615.710,27368378.934,298763.223,
MMS 3 - MarsSat-1,27374041.964,27669472.052,295430.088,
MMS 3 - MarsSat-1,27678049.089,27975662.028,297612.940,
MMS 3 - MarsSat-1,27981891.646,28279598.312,297706.667,
MMS 3 - MarsSat-1,28286063.689,28583756.283,297692.594,
MMS 3 - MarsSat-1,28590469.035,28887462.465,296993.429,
MMS 3 - MarsSat-1,28894456.770,29190833.928,296377.158,
MMS 3 - MarsSat-1,29198037.783,29491024.435,292986.652,
MMS 3 - MarsSat-1,29502092.381,29798744.708,296652.327,
MMS 3 - MarsSat-1,29806309.668,30102268.945,295959.277,
MMS 3 - MarsSat-1,30110011.106,30401453.020,291441.913,
MMS 3 - MarsSat-1,30402134.943,30405666.467,3531.525,
MMS 3 - MarsSat-1,30413504.525,30709406.792,295902.267,
MMS 3 - MarsSat-1,30717276.855,31013317.932,296041.077,
MMS 3 - MarsSat-1,31021256.956,31312385.842,291128.886,
MMS 3 - MarsSat-1,31313091.476,31316674.082,3582.606,
MMS 3 - MarsSat-1,31324656.324,31536000.000,211343.676,
MMS 3 - MarsSat-2,0.000,24865.359,24865.359,
MMS 3 - MarsSat-2,25996.005,935564.237,909568.232,
MMS 3 - MarsSat-2,937107.264,1542825.802,605718.539,
MMS 3 - MarsSat-2,1544463.251,1846532.259,302069.008,
MMS 3 - MarsSat-2,1848192.583,2454682.805,606490.222,
MMS 3 - MarsSat-2,2456358.265,3973690.644,1517332.380,
MMS 3 - MarsSat-2,3975298.486,4581933.654,606635.168,
MMS 3 - MarsSat-2,4583489.422,5493490.042,910000.620,
MMS 3 - MarsSat-2,5494976.887,6101698.723,606721.836,
MMS 3 - MarsSat-2,6103148.175,6709391.966,606243.791,
MMS 3 - MarsSat-2,6710794.682,7317647.297,606852.614,
MMS 3 - MarsSat-2,7319018.588,7621155.695,302137.107,
MMS 3 - MarsSat-2,7622510.622,8229306.255,606795.633,
MMS 3 - MarsSat-2,8230627.703,9748427.092,1517799.389,
MMS 3 - MarsSat-2,9749698.538,12177937.194,2428238.655,
MMS 3 - MarsSat-2,12179170.782,13088875.697,909704.915,
MMS 3 - MarsSat-2,13090109.541,13999524.477,909414.937,
MMS 3 - MarsSat-2,14000769.301,14910112.891,909343.590,
MMS 3 - MarsSat-2,14911382.487,15821182.923,909800.436,
MMS 3 - MarsSat-2,15822494.654,16732615.106,910120.452,
MMS 3 - MarsSat-2,16737321.545,17267569.400,530247.855,
MMS 3 - MarsSat-2,17270304.928,17444835.524,174530.596,
MMS 3 - MarsSat-2,17447825.321,17643556.731,195731.410,
MMS 3 - MarsSat-2,17645063.915,17799461.595,154397.679,
MMS 3 - MarsSat-2,17802767.516,17976809.353,174041.837,
MMS 3 - MarsSat-2,17980197.410,18154182.453,173985.043,
MMS 3 - MarsSat-2,18157608.908,18250876.721,93267.813,
MMS 3 - MarsSat-2,18252470.843,18331573.936,79103.093,
MMS 3 - MarsSat-2,18334996.176,18508985.660,173989.484,
MMS 3 - MarsSat-2,18512361.636,18686421.349,174059.713,
MMS 3 - MarsSat-2,18689705.843,18858619.856,168914.013,
MMS 3 - MarsSat-2,18867022.636,19041362.142,174339.506,
MMS 3 - MarsSat-2,19044316.286,19162605.509,118289.223,
MMS 3 - MarsSat-2,19164505.907,19218875.902,54369.995,
MMS 3 - MarsSat-2,19221573.568,19396434.555,174860.987,
MMS 3 - MarsSat-2,19398789.259,19769756.823,370967.564,
MMS 3 - MarsSat-2,19771851.059,20377826.367,605975.308,
MMS 3 - MarsSat-2,20380102.322,20681421.590,301319.268,
MMS 3 - MarsSat-2,20683798.650,21289593.860,605795.209,
MMS 3 - MarsSat-2,21292161.949,21897086.475,604924.526,
MMS 3 - MarsSat-2,21899916.934,22200997.572,301080.638,
MMS 3 - MarsSat-2,22203933.203,22505243.402,301310.199,
MMS 3 - MarsSat-2,22508324.659,22809053.623,300728.964,
MMS 3 - MarsSat-2,22812326.242,23112682.688,300356.446,
MMS 3 - MarsSat-2,23116125.512,23416669.780,300544.268,
MMS 3 - MarsSat-2,23420259.139,23720912.820,300653.681,
MMS 3 - MarsSat-2,23724697.092,24024745.342,300048.251,
MMS 3 - MarsSat-2,24028804.422,24328193.784,299389.362,
MMS 3 - MarsSat-2,24332499.960,24632133.667,299633.706,
MMS 3 - MarsSat-2,24636639.971,24936243.814,299603.843,
MMS 3 - MarsSat-2,24941059.470,25239872.006,298812.537,
MMS 3 - MarsSat-2,25245067.173,25543408.972,298341.799,
MMS 3 - MarsSat-2,25548926.366,25847328.219,298401.852,
MMS 3 - MarsSat-2,25853125.614,26152940.629,299815.015,
MMS 3 - MarsSat-2,26157590.299,26456800.664,299210.365,
MMS 3 - MarsSat-2,26461685.324,26758305.169,296619.846,
MMS 3 - MarsSat-2,26765418.030,27064223.263,298805.233,
MMS 3 - MarsSat-2,27069619.844,27368378.543,298758.699,
MMS 3 - MarsSat-2,27374040.597,27669472.052,295431.456,
MMS 3 - MarsSat-2,27678051.011,27975666.147,297615.136,
MMS 3 - MarsSat-2,27981900.452,28279597.826,297697.374,
MMS 3 - MarsSat-2,28286063.386,28583757.751,297694.365,
MMS 3 - MarsSat-2,28590472.114,28887465.798,296993.684,
MMS 3 - MarsSat-2,28894461.560,29190836.974,296375.414,
MMS 3 - MarsSat-2,29198047.254,29491024.435,292977.182,
MMS 3 - MarsSat-2,29502089.846,29798746.184,296656.338,
MMS 3 - MarsSat-2,29806311.994,30102277.456,295965.462,
MMS 3 - MarsSat-2,30110027.215,30401453.020,291425.804,
MMS 3 - MarsSat-2,30402134.943,30405665.042,3530.100,
MMS 3 - MarsSat-2,30413504.900,30709409.678,295904.778,
MMS 3 - MarsSat-2,30717280.901,31013324.181,296043.281,
MMS 3 - MarsSat-2,31021264.314,31312385.842,291121.528,
MMS 3 - MarsSat-2,31313091.476,31316677.917,3586.442,
MMS 3 - MarsSat-2,31324669.760,31536000.000,211330.240,
MMS 3 - MarsSat-3,0.000,24864.973,24864.973,
MMS 3 - MarsSat-3,25996.121,28821.781,2825.660,
MMS 3 - MarsSat-3,34696.844,117337.553,82640.709,
MMS 3 - MarsSat-3,123391.816,205882.967,82491.151,
MMS 3 - MarsSat-3,212056.586,294460.291,82403.706,
MMS 3 - MarsSat-3,300691.288,383070.682,82379.394,
MMS 3 - MarsSat-3,389295.884,471707.727,82411.843,
MMS 3 - MarsSat-3,477866.937,560377.969,82511.033,
MMS 3 - MarsSat-3,566405.574,649087.809,82682.235,
MMS 3 - MarsSat-3,654910.938,737825.587,82914.649,
MMS 3 - MarsSat-3,743378.567,826610.552,83231.985,
MMS 3 - MarsSat-3,831799.153,915457.642,83658.488,
MMS 3 - MarsSat-3,920159.150,935564.167,15405.017,
MMS 3 - MarsSat-3,937107.210,1004371.762,67264.552,
MMS 3 - MarsSat-3,1008454.037,1093399.639,84945.601,
MMS 3 - MarsSat-3,1096627.758,1182715.135,86087.377,
MMS 3 - MarsSat-3,1184514.185,1542826.048,358311.862,
MMS 3 - MarsSat-3,1544463.353,1846532.317,302068.965,
MMS 3 - MarsSat-3,1848192.580,2454683.040,606490.460,
MMS 3 - MarsSat-3,2456358.371,3973690.662,1517332.291,
MMS 3 - MarsSat-3,3975298.489,4581933.833,606635.344,
MMS 3 - MarsSat-3,4583489.508,5493490.147,910000.639,
MMS 3 - MarsSat-3,5494976.939,6101698.728,606721.789,
MMS 3 - MarsSat-3,6103148.181,6709392.108,606243.926,
MMS 3 - MarsSat-3,6710794.766,7317647.263,606852.497,
MMS 3 - MarsSat-3,7319018.566,7621155.819,302137.254,
MMS 3 - MarsSat-3,7622510.679,8229306.253,606795.574,
MMS 3 - MarsSat-3,8230627.712,9748427.221,1517799.509,
MMS 3 - MarsSat-3,9749698.604,12177937.175,2428238.570,
MMS 3 - MarsSat-3,12179170.822,13088875.734,909704.913,
MMS 3 - MarsSat-3,13090109.671,13999524.575,909414.904,
MMS 3 - MarsSat-3,14000769.386,14910112.935,909343.550,
MMS 3 - MarsSat-3,14911382.415,15821182.938,909800.522,
MMS 3 - MarsSat-3,15822494.599,16732615.110,910120.511,
MMS 3 - MarsSat-3,16734000.439,17643556.705,909556.266,
MMS 3 - MarsSat-3,17645063.884,18250876.729,605812.845,
MMS 3 - MarsSat-3,18252470.877,18858619.856,606148.979,
MMS 3 - MarsSat-3,18860451.911,19162605.509,302153.598,
MMS 3 - MarsSat-3,19164505.676,19316304.810,151799.134,
MMS 3 - MarsSat-3,19317664.513,19493260.065,175595.552,
MMS 3 - MarsSat-3,19495286.322,19581781.294,86494.972,
MMS 3 - MarsSat-3,19584055.920,19670325.545,86269.625,
MMS 3 - MarsSat-3,19672802.026,19758886.629,86084.603,
MMS 3 - MarsSat-3,19761529.663,19769756.823,8227.160,
MMS 3 - MarsSat-3,19771850.992,19936032.498,164181.506,
MMS 3 - MarsSat-3,19938965.341,20024621.974,85656.632,
MMS 3 - MarsSat-3,20027666.244,20201819.198,174152.954,
MMS 3 - MarsSat-3,20205050.225,20290428.710,85378.485,
MMS 3 - MarsSat-3,20293732.113,20377826.367,84094.253,
MMS 3 - MarsSat-3,20382405.837,20467663.246,85257.409,
MMS 3 - MarsSat-3,20471079.089,20556289.039,85209.950,
MMS 3 - MarsSat-3,20559745.567,20644919.762,85174.195,
MMS 3 - MarsSat-3,20648406.138,20681421.590,33015.452,
MMS 3 - MarsSat-3,20683798.539,20733554.218,49755.679,
MMS 3 - MarsSat-3,20737062.335,20822194.591,85132.256,
MMS 3 - MarsSat-3,20825715.047,20910839.283,85124.236,
MMS 3 - MarsSat-3,20914362.717,20999486.981,85124.264,
MMS 3 - MarsSat-3,21003004.986,21088141.560,85136.574,
MMS 3 - MarsSat-3,21091644.301,21176800.077,85155.776,
MMS 3 - MarsSat-3,21180279.005,21265461.803,85182.798,
MMS 3 - MarsSat-3,21268909.289,21289593.860,20684.570,
MMS 3 - MarsSat-3,21292161.542,21354129.236,61967.694,
MMS 3 - MarsSat-3,21357533.945,21442802.462,85268.517,
MMS 3 - MarsSat-3,21446154.732,21531479.239,85324.507,
MMS 3 - MarsSat-3,21534771.137,21620159.829,85388.692,
MMS 3 - MarsSat-3,21623381.706,21708850.157,85468.451,
MMS 3 - MarsSat-3,21711986.200,21797544.525,85558.324,
MMS 3 - MarsSat-3,21800585.902,21886241.840,85655.937,
MMS 3 - MarsSat-3,21889181.159,21897086.475,7905.316,
MMS 3 - MarsSat-3,21899916.769,22063669.738,163752.970,
MMS 3 - MarsSat-3,22066341.721,22152393.477,86051.756,
MMS 3 - MarsSat-3,22154911.901,22200997.572,46085.672,
MMS 3 - MarsSat-3,22203933.146,22329883.822,125950.676,
MMS 3 - MarsSat-3,22332009.615,22505243.402,173233.787,
MMS 3 - MarsSat-3,22509040.929,22596295.864,87254.936,
MMS 3 - MarsSat-3,22597480.463,22809053.623,211573.160,
MMS 3 - MarsSat-3,22812325.948,23112682.688,300356.740,
MMS 3 - MarsSat-3,23116125.947,23416669.780,300543.833,
MMS 3 - MarsSat-3,23420258.363,23720912.820,300654.457,
MMS 3 - MarsSat-3,23724696.595,24024745.342,300048.747,
MMS 3 - MarsSat-3,24028804.007,24328193.784,299389.777,
MMS 3 - MarsSat-3,24332500.059,24632133.667,299633.608,
MMS 3 - MarsSat-3,24636638.241,24936243.814,299605.573,
MMS 3 - MarsSat-3,24941058.714,25239872.006,298813.293,
MMS 3 - MarsSat-3,25245068.001,25543408.972,298340.971,
MMS 3 - MarsSat-3,25548924.966,25847328.219,298403.253,
MMS 3 - MarsSat-3,25853123.744,26152940.162,299816.418,
MMS 3 - MarsSat-3,26157589.319,26456801.162,299211.844,
MMS 3 - MarsSat-3,26461686.087,26758305.169,296619.083,
MMS 3 - MarsSat-3,26765413.480,27064222.349,298808.869,
MMS 3 - MarsSat-3,27069617.899,27368379.133,298761.234,
MMS 3 - MarsSat-3,27374041.785,27669472.052,295430.267,
MMS 3 - MarsSat-3,27678049.326,27975663.779,297614.452,
MMS 3 - MarsSat-3,27981894.911,28279596.907,297701.996,
MMS 3 - MarsSat-3,28286061.283,28583758.676,297697.393,
MMS 3 - MarsSat-3,28590474.568,28887460.981,296986.413,
MMS 3 - MarsSat-3,28894452.548,29190835.288,296382.740,
MMS 3 - MarsSat-3,29198042.834,29491024.435,292981.601,
MMS 3 - MarsSat-3,29502090.908,29798743.789,296652.881,
MMS 3 - MarsSat-3,29806311.361,30102273.131,295961.770,
MMS 3 - MarsSat-3,30110015.861,30401453.020,291437.158,
MMS 3 - MarsSat-3,30402134.943,30405663.421,3528.479,
MMS 3 - MarsSat-3,30413501.307,30709410.873,295909.566,
MMS 3 - MarsSat-3,30717285.464,31013316.198,296030.734,
MMS 3 - MarsSat-3,31021250.677,31312385.842,291135.165,
MMS 3 - MarsSat-3,31313091.476,31316675.636,3584.160,
MMS 3 - MarsSat-3,31324663.548,31536000.000,211336.452,
MMS 3 - MarsSat-4,0.000,24864.970,24864.970,
MMS 3 - MarsSat-4,30094.744,61046.687,30951.944,
MMS 3 - MarsSat-4,62413.329,93410.899,30997.570,
MMS 3 - MarsSat-4,94730.083,125776.461,31046.378,
MMS 3 - MarsSat-4,127045.282,158143.498,31098.216,
MMS 3 - MarsSat-4,159358.839,190512.211,31153.372,
MMS 3 - MarsSat-4,191670.568,222882.883,31212.315,
MMS 3 - MarsSat-4,223980.190,255255.914,31275.724,
MMS 3 - MarsSat-4,256287.301,287631.920,31344.619,
MMS 3 - MarsSat-4,288591.274,320012.119,31420.845,
MMS 3 - MarsSat-4,320890.854,352394.685,31503.831,
MMS 3 - MarsSat-4,353189.078,384781.221,31592.142,
MMS 3 - MarsSat-4,385482.733,417176.208,31693.475,
MMS 3 - MarsSat-4,417767.684,449585.504,31817.820,
MMS 3 - MarsSat-4,450038.140,935564.021,485525.881,
MMS 3 - MarsSat-4,937107.204,1542826.008,605718.804,
MMS 3 - MarsSat-4,1544463.385,1846532.311,302068.927,
MMS 3 - MarsSat-4,1848192.558,2454682.928,606490.371,
MMS 3 - MarsSat-4,2456358.348,3973690.598,1517332.250,
MMS 3 - MarsSat-4,3975298.460,4581933.820,606635.360,
MMS 3 - MarsSat-4,4583489.505,5493490.134,910000.629,
MMS 3 - MarsSat-4,5494976.932,6101698.717,606721.785,
MMS 3 - MarsSat-4,6103148.172,6709392.127,606243.955,
MMS 3 - MarsSat-4,6710794.772,7317647.301,606852.529,
MMS 3 - MarsSat-4,7319018.586,7621155.836,302137.249,
MMS 3 - MarsSat-4,7622510.696,8229306.244,606795.548,
MMS 3 - MarsSat-4,8230627.710,9748427.218,1517799.509,
MMS 3 - MarsSat-4,9749698.635,12177937.253,2428238.618,
MMS 3 - MarsSat-4,12179170.911,13088875.775,909704.864,
MMS 3 - MarsSat-4,13090109.649,13999524.546,909414.897,
MMS 3 - MarsSat-4,14000769.349,14910112.951,909343.602,
MMS 3 - MarsSat-4,14911382.505,15321506.283,410123.778,
MMS 3 - MarsSat-4,15322827.975,15353808.264,30980.289,
MMS 3 - MarsSat-4,15355202.653,15386112.818,30910.164,
MMS 3 - MarsSat-4,15387574.971,15418419.594,30844.623,
MMS 3 - MarsSat-4,15419945.260,15450728.348,30783.088,
MMS 3 - MarsSat-4,15452313.746,15483038.925,30725.179,
MMS 3 - MarsSat-4,15484680.548,15515351.262,30670.714,
MMS 3 - MarsSat-4,15517045.366,15547660.642,30615.275,
MMS 3 - MarsSat-4,15549412.054,15579973.115,30561.061,
MMS 3 - MarsSat-4,15581776.920,15612287.222,30510.302,
MMS 3 - MarsSat-4,15614140.510,15644602.660,30462.150,
MMS 3 - MarsSat-4,15646503.021,15676919.270,30416.249,
MMS 3 - MarsSat-4,15678864.571,15709236.953,30372.382,
MMS 3 - MarsSat-4,15711225.239,15741555.642,30330.403,
MMS 3 - MarsSat-4,15743585.074,15773875.301,30290.227,
MMS 3 - MarsSat-4,15775944.087,15806195.945,30251.858,
MMS 3 - MarsSat-4,15808302.165,15821182.977,12880.813,
MMS 3 - MarsSat-4,15822494.662,15838515.030,16020.369,
MMS 3 - MarsSat-4,15840660.487,15870835.111,30174.624,
MMS 3 - MarsSat-4,15873018.872,15903156.414,30137.542,
MMS 3 - MarsSat-4,15905376.477,15935478.625,30102.149,
MMS 3 - MarsSat-4,15937733.437,15967801.627,30068.190,
MMS 3 - MarsSat-4,15970089.817,16000125.356,30035.539,
MMS 3 - MarsSat-4,16002445.656,16032449.772,30004.117,
MMS 3 - MarsSat-4,16034800.974,16064774.857,29973.883,
MMS 3 - MarsSat-4,16067155.772,16097100.615,29944.843,
MMS 3 - MarsSat-4,16099509.997,16129426.100,29916.103,
MMS 3 - MarsSat-4,16131863.633,16161750.885,29887.252,
MMS 3 - MarsSat-4,16164218.199,16194076.954,29858.755,
MMS 3 - MarsSat-4,16196572.172,16226403.765,29831.592,
MMS 3 - MarsSat-4,16228925.686,16258731.197,29805.511,
MMS 3 - MarsSat-4,16261278.789,16291059.195,29780.406,
MMS 3 - MarsSat-4,16293631.507,16732615.116,438983.608,
MMS 3 - MarsSat-4,16734000.420,16808355.565,74355.144,
MMS 3 - MarsSat-4,16811239.298,16840689.418,29450.120,
MMS 3 - MarsSat-4,16843588.102,16873023.689,29435.587,
MMS 3 - MarsSat-4,16875936.665,16905358.344,29421.679,
MMS 3 - MarsSat-4,16908284.997,16937693.367,29408.369,
MMS 3 - MarsSat-4,16940633.100,16970028.745,29395.644,
MMS 3 - MarsSat-4,16972980.967,17002364.472,29383.505,
MMS 3 - MarsSat-4,17005328.568,17034700.435,29371.867,
MMS 3 - MarsSat-4,17037675.563,17067035.331,29359.769,
MMS 3 - MarsSat-4,17070023.106,17099371.344,29348.237,
MMS 3 - MarsSat-4,17102370.485,17131707.813,29337.329,
MMS 3 - MarsSat-4,17134717.655,17164044.660,29327.005,
MMS 3 - MarsSat-4,17167064.626,17196381.851,29317.225,
MMS 3 - MarsSat-4,17199411.402,17228719.365,29307.963,
MMS 3 - MarsSat-4,17231757.986,17261057.189,29299.203,
MMS 3 - MarsSat-4,17264104.375,17293395.313,29290.938,
MMS 3 - MarsSat-4,17296450.554,17325733.708,29283.154,
MMS 3 - MarsSat-4,17328796.448,17358071.393,29274.945,
MMS 3 - MarsSat-4,17361141.999,17390409.823,29267.825,
MMS 3 - MarsSat-4,17393487.853,17422748.707,29260.854,
MMS 3 - MarsSat-4,17425833.544,17455087.937,29254.393,
MMS 3 - MarsSat-4,17458179.066,17487427.480,29248.413,
MMS 3 - MarsSat-4,17490524.421,17519767.313,29242.892,
MMS 3 - MarsSat-4,17522869.609,17552107.424,29237.814,
MMS 3 - MarsSat-4,17555214.630,17584447.798,29233.167,
MMS 3 - MarsSat-4,17587559.478,17616788.412,29228.934,
MMS 3 - MarsSat-4,17619904.128,17643556.700,23652.572,
MMS 3 - MarsSat-4,17645064.045,17649128.708,4064.663,
MMS 3 - MarsSat-4,17652248.213,17681469.374,29221.161,
MMS 3 - MarsSat-4,17684592.583,17713810.551,29217.968,
MMS 3 - MarsSat-4,17716936.863,17746152.055,29215.191,
MMS 3 - MarsSat-4,17749281.004,17778493.845,29212.841,
MMS 3 - MarsSat-4,17781625.000,17810835.903,29210.903,
MMS 3 - MarsSat-4,17813968.849,17843178.214,29209.365,
MMS 3 - MarsSat-4,17846312.551,17875520.764,29208.213,
MMS 3 - MarsSat-4,17878656.105,17907863.530,29207.425,
MMS 3 - MarsSat-4,17910999.502,17940206.416,29206.914,
MMS 3 - MarsSat-4,17943342.657,17972549.033,29206.375,
MMS 3 - MarsSat-4,17975685.261,18004892.455,29207.194,
MMS 3 - MarsSat-4,18008028.131,18037236.188,29208.057,
MMS 3 - MarsSat-4,18040370.898,18069580.188,29209.290,
MMS 3 - MarsSat-4,18072713.540,18101924.436,29210.896,
MMS 3 - MarsSat-4,18105056.051,18134268.920,29212.869,
MMS 3 - MarsSat-4,18137398.429,18166613.623,29215.194,
MMS 3 - MarsSat-4,18169740.674,18198958.524,29217.850,
MMS 3 - MarsSat-4,18202082.785,18231303.562,29220.777,
MMS 3 - MarsSat-4,18234424.750,18250876.722,16451.972,
MMS 3 - MarsSat-4,18252470.938,18263648.371,11177.433,
MMS 3 - MarsSat-4,18266765.987,18295994.057,29228.070,
MMS 3 - MarsSat-4,18299107.374,18328340.038,29232.664,
MMS 3 - MarsSat-4,18331448.717,18360686.267,29237.550,
MMS 3 - MarsSat-4,18363789.955,18393032.727,29242.772,
MMS 3 - MarsSat-4,18396131.073,18425379.408,29248.335,
MMS 3 - MarsSat-4,18428472.066,18457726.296,29254.230,
MMS 3 - MarsSat-4,18460812.933,18813558.057,352745.124,
MMS 3 - MarsSat-4,18816550.474,18845907.545,29357.071,
MMS 3 - MarsSat-4,18848889.518,18858619.856,9730.338,
MMS 3 - MarsSat-4,18860451.836,18878257.380,17805.545,
MMS 3 - MarsSat-4,18881227.407,18910608.210,29380.803,
MMS 3 - MarsSat-4,18913565.445,18942959.227,29393.782,
MMS 3 - MarsSat-4,18945903.451,18975310.447,29406.997,
MMS 3 - MarsSat-4,18978241.353,19007661.874,29420.521,
MMS 3 - MarsSat-4,19010579.131,19040013.500,29434.370,
MMS 3 - MarsSat-4,19042916.778,19072365.311,29448.533,
MMS 3 - MarsSat-4,19075254.296,19104717.271,29462.974,
MMS 3 - MarsSat-4,19107591.700,19137069.285,29477.585,
MMS 3 - MarsSat-4,19139929.024,19162605.509,22676.485,
MMS 3 - MarsSat-4,19164505.914,19169421.148,4915.234,
MMS 3 - MarsSat-4,19172265.548,19201774.823,29509.275,
MMS 3 - MarsSat-4,19204601.439,19234128.604,29527.166,
MMS 3 - MarsSat-4,19236937.417,19266482.575,29545.158,
MMS 3 - MarsSat-4,19269273.305,19298836.755,29563.451,
MMS 3 - MarsSat-4,19301609.059,19331191.147,29582.088,
MMS 3 - MarsSat-4,19333944.667,19363545.740,29601.073,
MMS 3 - MarsSat-4,19366280.126,19395900.502,29620.377,
MMS 3 - MarsSat-4,19398615.448,19428255.360,29639.912,
MMS 3 - MarsSat-4,19430950.669,19460609.972,29659.303,
MMS 3 - MarsSat-4,19463285.921,19492966.312,29680.391,
MMS 3 - MarsSat-4,19495618.997,19525323.346,29704.350,
MMS 3 - MarsSat-4,19527952.448,19557680.547,29728.099,
MMS 3 - MarsSat-4,19560285.828,19590037.973,29752.145,
MMS 3 - MarsSat-4,19592619.052,19622395.640,29776.589,
MMS 3 - MarsSat-4,19624952.091,19654753.547,29801.456,
MMS 3 - MarsSat-4,19657284.935,19687111.670,29826.734,
MMS 3 - MarsSat-4,19689617.593,19719469.946,29852.353,
MMS 3 - MarsSat-4,19721950.096,19751828.173,29878.077,
MMS 3 - MarsSat-4,19754282.557,19769756.823,15474.266,
MMS 3 - MarsSat-4,19771851.244,19784187.198,12335.955,
MMS 3 - MarsSat-4,19786613.368,19816548.354,29934.986,
MMS 3 - MarsSat-4,19818943.415,19848909.619,29966.204,
MMS 3 - MarsSat-4,19851273.439,19881271.151,29997.712,
MMS 3 - MarsSat-4,19883603.255,19913632.998,30029.743,
MMS 3 - MarsSat-4,19915932.802,19945995.174,30062.372,
MMS 3 - MarsSat-4,19948262.058,19978357.670,30095.612,
MMS 3 - MarsSat-4,19980591.019,20010720.439,30129.420,
MMS 3 - MarsSat-4,20012919.708,20043083.335,30163.626,
MMS 3 - MarsSat-4,20045248.220,20073957.889,28709.669,
MMS 3 - MarsSat-4,20077576.295,20107812.645,30236.350,
MMS 3 - MarsSat-4,20109901.083,20140179.613,30278.529,
MMS 3 - MarsSat-4,20142226.104,20172546.969,30320.864,
MMS 3 - MarsSat-4,20174550.783,20204914.835,30364.052,
MMS 3 - MarsSat-4,20206874.989,20377826.367,170951.378,
MMS 3 - MarsSat-4,20380102.249,20681421.590,301319.341,
MMS 3 - MarsSat-4,20683798.733,21289593.860,605795.126,
MMS 3 - MarsSat-4,21292161.872,21897086.475,604924.603,
MMS 3 - MarsSat-4,21899917.091,22200997.572,301080.481,
MMS 3 - MarsSat-4,22203933.142,22505243.402,301310.260,
MMS 3 - MarsSat-4,22508324.066,22809053.623,300729.558,
MMS 3 - MarsSat-4,22812326.165,23112682.688,300356.523,
MMS 3 - MarsSat-4,23116125.637,23416669.780,300544.143,
MMS 3 - MarsSat-4,23420258.691,23720912.820,300654.129,
MMS 3 - MarsSat-4,23724696.351,24024745.342,300048.991,
MMS 3 - MarsSat-4,24028804.214,24328193.784,299389.570,
MMS 3 - MarsSat-4,24332499.968,24632133.667,299633.698,
MMS 3 - MarsSat-4,24636638.302,24936243.814,299605.512,
MMS 3 - MarsSat-4,24941058.685,25239872.006,298813.321,
MMS 3 - MarsSat-4,25245067.974,25543408.972,298340.997,
MMS 3 - MarsSat-4,25548924.630,25847328.219,298403.589,
MMS 3 - MarsSat-4,25853123.604,26152939.869,299816.265,
MMS 3 - MarsSat-4,26157589.015,26456800.956,299211.941,
MMS 3 - MarsSat-4,26461685.647,26758305.169,296619.523,
MMS 3 - MarsSat-4,26765414.277,27064221.322,298807.045,
MMS 3 - MarsSat-4,27069616.420,27368379.776,298763.357,
MMS 3 - MarsSat-4,27374042.970,27669472.052,295429.082,
MMS 3 - MarsSat-4,27678046.665,27975663.576,297616.911,
MMS 3 - MarsSat-4,27981895.473,28279597.243,297701.770,
MMS 3 - MarsSat-4,28286060.065,28583756.734,297696.669,
MMS 3 - MarsSat-4,28590472.958,28887462.853,296989.895,
MMS 3 - MarsSat-4,28894454.832,29190833.153,296378.321,
MMS 3 - MarsSat-4,29198037.264,29491024.435,292987.172,
MMS 3 - MarsSat-4,29502095.071,29798743.269,296648.198,
MMS 3 - MarsSat-4,29806305.724,30102270.480,295964.756,
MMS 3 - MarsSat-4,30110016.551,30401453.020,291436.468,
MMS 3 - MarsSat-4,30402134.943,30405665.504,3530.562,
MMS 3 - MarsSat-4,30413500.223,30709408.199,295907.976,
MMS 3 - MarsSat-4,30717279.383,31013317.242,296037.858,
MMS 3 - MarsSat-4,31021256.105,31312385.842,291129.737,
MMS 3 - MarsSat-4,31313091.476,31316674.209,3582.733,
MMS 3 - MarsSat-4,31324656.619,31536000.000,211343.381,
MarsSat-1 - MarsSat-2,0.000,140947.182,140947.182,
MarsSat-1 - MarsSat-2,148653.565,318227.935,169574.370,
MarsSat-1 - MarsSat-2,325934.466,495508.689,169574.222,
MarsSat-1 - MarsSat-2,503215.367,672789.441,169574.075,
MarsSat-1 - MarsSat-2,680496.266,850070.194,169573.928,
MarsSat-1 - MarsSat-2,857777.166,1027350.946,169573.781,
MarsSat-1 - MarsSat-2,1035058.065,1204631.698,169573.634,
MarsSat-1 - MarsSat-2,1212338.963,1381912.450,169573.487,
MarsSat-1 - MarsSat-2,1389619.861,1559193.201,169573.340,
MarsSat-1 - MarsSat-2,1566900.758,1736473.952,169573.194,
MarsSat-1 - MarsSat-2,1744181.654,1913754.702,169573.048,
MarsSat-1 - MarsSat-2,1921462.550,2091035.453,169572.902,
MarsSat-1 - MarsSat-2,2098743.446,2268316.203,169572.757,
MarsSat-1 - MarsSat-2,2276024.341,2445596.952,169572.611,
MarsSat-1 - MarsSat-2,2453305.235,2622877.701,169572.466,
MarsSat-1 - MarsSat-2,2630586.129,2800158.450,169572.321,
MarsSat-1 - MarsSat-2,2807867.022,2977439.199,169572.176,
MarsSat-1 - MarsSat-2,2985147.915,3154719.947,169572.032,
MarsSat-1 - MarsSat-2,3162428.807,3332000.695,169571.887,
MarsSat-1 - MarsSat-2,3339709.699,3509281.442,169571.743,
MarsSat-1 - MarsSat-2,3516990.590,3686562.189,169571.599,
MarsSat-1 - MarsSat-2,3694271.481,3863842.936,169571.456,
MarsSat-1 - MarsSat-2,3871552.371,4041123.683,169571.312,
MarsSat-1 - MarsSat-2,4048833.260,4218404.429,169571.169,
MarsSat-1 - MarsSat-2,4226114.149,4395685.175,169571.026,
MarsSat-1 - MarsSat-2,4403395.037,4572965.920,169570.883,
MarsSat-1 - MarsSat-2,4580675.925,4750246.665,169570.741,
MarsSat-1 - MarsSat-2,4757956.812,4927527.410,169570.598,
MarsSat-1 - MarsSat-2,4935237.698,5104808.154,169570.456,
MarsSat-1 - MarsSat-2,5112518.584,5282088.899,169570.315,
MarsSat-1 - MarsSat-2,5289799.469,5459369.642,169570.173,
MarsSat-1 - MarsSat-2,5467080.354,5636650.386,169570.032,
MarsSat-1 - MarsSat-2,5644361.238,5813931.129,169569.890,
MarsSat-1 - MarsSat-2,5821642.122,5991211.871,169569.750,
MarsSat-1 - MarsSat-2,5998923.005,6168492.614,169569.609,
MarsSat-1 - MarsSat-2,6176203.887,6345773.356,169569.468,
MarsSat-1 - MarsSat-2,6353484.769,6523054.097,169569.328,
MarsSat-1 - MarsSat-2,6530765.650,6700334.839,169569.188,
MarsSat-1 - MarsSat-2,6708046.531,6877615.580,169569.049,
MarsSat-1 - MarsSat-2,6885327.411,7054896.320,169568.909,
MarsSat-1 - MarsSat-2,7062608.291,7232177.061,169568.770,
MarsSat-1 - MarsSat-2,7239889.169,7409457.801,169568.631,
MarsSat-1 - MarsSat-2,7417170.048,7586738.540,169568.492,
MarsSat-1 - MarsSat-2,7594450.925,7764019.279,169568.354,
MarsSat-1 - MarsSat-2,7771731.803,7941300.018,169568.216,
MarsSat-1 - MarsSat-2,7949012.679,8118580.757,169568.078,
MarsSat-1 - MarsSat-2,8126293.555,8295861.495,169567.940,
MarsSat-1 - MarsSat-2,8303574.430,8473142.233,169567.803,
MarsSat-1 - MarsSat-2,8480855.305,8650422.970,169567.666,
MarsSat-1 - MarsSat-2,8658136.179,8827703.708,169567.529,
MarsSat-1 - MarsSat-2,8835417.052,9004984.444,169567.392,
MarsSat-1 - MarsSat-2,9012697.925,9182265.181,169567.256,
MarsSat-1 - MarsSat-2,9189978.797,9359545.917,169567.119,
MarsSat-1 - MarsSat-2,9367259.669,9536826.653,169566.984,
MarsSat-1 - MarsSat-2,9544540.540,9714107.388,169566.848,
MarsSat-1 - MarsSat-2,9721821.411,9891388.123,169566.713,
MarsSat-1 - MarsSat-2,9899102.280,10068668.858,169566.578,
MarsSat-1 - MarsSat-2,10076383.149,10245949.592,169566.443,
MarsSat-1 - MarsSat-2,10253664.018,10423230.326,169566.308,
MarsSat-1 - MarsSat-2,10430944.886,10600511.060,169566.174,
MarsSat-1 - MarsSat-2,10608225.753,10777791.793,169566.040,
MarsSat-1 - MarsSat-2,10785506.620,10955072.526,169565.906,
MarsSat-1 - MarsSat-2,10962787.486,11132353.259,169565.773,
MarsSat-1 - MarsSat-2,11140068.351,11309633.991,169565.640,
MarsSat-1 - MarsSat-2,11317349.216,11486914.723,169565.507,
MarsSat-1 - MarsSat-2,11494630.080,11664195.454,169565.374,
MarsSat-1 - MarsSat-2,11671910.944,11841476.185,169565.242,
MarsSat-1 - MarsSat-2,11849191.807,12018756.916,169565.110,
MarsSat-1 - MarsSat-2,12026472.669,12196037.647,169564.978,
MarsSat-1 - MarsSat-2,12203753.530,12373318.377,169564.846,
MarsSat-1 - MarsSat-2,12381034.391,12550599.106,169564.715,
MarsSat-1 - MarsSat-2,12558315.252,12727879.836,169564.584,
MarsSat-1 - MarsSat-2,12735596.111,12905160.565,169564.454,
MarsSat-1 - MarsSat-2,12912876.970,13082441.294,169564.323,
MarsSat-1 - MarsSat-2,13090157.829,13259722.022,169564.193,
MarsSat-1 - MarsSat-2,13267438.686,13437002.750,169564.063,
MarsSat-1 - MarsSat-2,13444719.544,13614283.477,169563.934,
MarsSat-1 - MarsSat-2,13622000.400,13791564.205,169563.805,
MarsSat-1 - MarsSat-2,13799281.256,13968844.932,169563.676,
MarsSat-1 - MarsSat-2,13976562.111,14146125.658,169563.547,
MarsSat-1 - MarsSat-2,14153842.965,14323406.384,169563.419,
MarsSat-1 - MarsSat-2,14331123.819,14500687.110,169563.291,
MarsSat-1 - MarsSat-2,14508404.672,14677967.836,169563.163,
MarsSat-1 - MarsSat-2,14685685.525,14855248.561,169563.036,
MarsSat-1 - MarsSat-2,14862966.377,15032529.286,169562.909,
MarsSat-1 - MarsSat-2,15040247.228,15209810.010,169562.782,
MarsSat-1 - MarsSat-2,15217528.078,15387090.734,169562.656,
MarsSat-1 - MarsSat-2,15394808.928,15564371.458,169562.530,
MarsSat-1 - MarsSat-2,15572089.777,15741652.181,169562.404,
MarsSat-1 - MarsSat-2,15749370.626,15918932.904,169562.278,
MarsSat-1 - MarsSat-2,15926651.474,16096213.627,169562.153,
MarsSat-1 - MarsSat-2,16103932.321,16273494.349,169562.028,
MarsSat-1 - MarsSat-2,16281213.167,16450775.071,169561.903,
MarsSat-1 - MarsSat-2,16458494.013,16628055.792,169561.779,
MarsSat-1 - MarsSat-2,16635774.858,16805336.513,169561.655,
MarsSat-1 - MarsSat-2,16813055.703,16982617.234,169561.532,
MarsSat-1 - MarsSat-2,16990336.546,17159897.955,169561.408,
MarsSat-1 - MarsSat-2,17167617.389,17337178.675,169561.285,
MarsSat-1 - MarsSat-2,17344898.232,17514459.394,169561.163,
MarsSat-1 - MarsSat-2,17522179.073,17691740.114,169561.040,
MarsSat-1 - MarsSat-2,17699459.914,17869020.833,169560.918,
MarsSat-1 - MarsSat-2,17876740.755,18046301.551,169560.797,
MarsSat-1 - MarsSat-2,18054021.594,18223582.270,169560.675,
MarsSat-1 - MarsSat-2,18231302.433,18400862.988,169560.554,
MarsSat-1 - MarsSat-2,18408583.271,18578143.705,169560.434,
MarsSat-1 - MarsSat-2,18585864.109,18755424.422,169560.313,
MarsSat-1 - MarsSat-2,18763144.946,18932705.139,169560.193,
MarsSat-1 - MarsSat-2,18940425.782,19109985.856,169560.074,
MarsSat-1 - MarsSat-2,19117706.617,19287266.572,169559.954,
MarsSat-1 - MarsSat-2,19294987.452,19464547.288,169559.835,
MarsSat-1 - MarsSat-2,19472268.286,19641828.003,169559.717,
MarsSat-1 - MarsSat-2,19649549.119,19819108.718,169559.599,
MarsSat-1 - MarsSat-2,19826829.952,19996389.433,169559.481,
MarsSat-1 - MarsSat-2,20004110.784,20173670.147,169559.363,
MarsSat-1 - MarsSat-2,20181391.615,20350950.861,169559.246,
MarsSat-1 - MarsSat-2,20358672.445,20528231.574,169559.129,
MarsSat-1 - MarsSat-2,20535953.275,20705512.288,169559.012,
MarsSat-1 - MarsSat-2,20713234.104,20882793.000,169558.896,
MarsSat-1 - MarsSat-2,20890514.932,21060073.713,169558.780,
MarsSat-1 - MarsSat-2,21067795.760,21237354.425,169558.665,
MarsSat-1 - MarsSat-2,21245076.587,21414635.137,169558.550,
MarsSat-1 - MarsSat-2,21422357.413,21591915.848,169558.435,
MarsSat-1 - MarsSat-2,21599638.238,21769196.559,169558.321,
MarsSat-1 - MarsSat-2,21776919.063,21946477.270,169558.207,
MarsSat-1 - MarsSat-2,21954199.887,22123757.980,169558.093,
MarsSat-1 - MarsSat-2,22131480.710,22301038.690,169557.980,
MarsSat-1 - MarsSat-2,22308761.533,22478319.400,169557.867,
MarsSat-1 - MarsSat-2,22486042.354,22655600.109,169557.754,
MarsSat-1 - MarsSat-2,22663323.175,22832880.818,169557.642,
MarsSat-1 - MarsSat-2,22840603.996,23010161.526,169557.530,
MarsSat-1 - MarsSat-2,23017884.815,23187442.234,169557.419,
MarsSat-1 - MarsSat-2,23195165.634,23364722.942,169557.308,
MarsSat-1 - MarsSat-2,23372446.452,23542003.649,169557.197,
MarsSat-1 - MarsSat-2,23549727.269,23719284.356,169557.087,
MarsSat-1 - MarsSat-2,23727008.086,23896565.063,169556.977,
MarsSat-1 - MarsSat-2,23904288.902,24073845.769,169556.868,
MarsSat-1 - MarsSat-2,24081569.717,24251126.475,169556.759,
MarsSat-1 - MarsSat-2,24258850.531,24428407.181,169556.650,
MarsSat-1 - MarsSat-2,24436131.344,24605687.886,169556.541,
MarsSat-1 - MarsSat-2,24613412.157,24782968.591,169556.434,
MarsSat-1 - MarsSat-2,24790692.969,24960249.295,169556.326,
MarsSat-1 - MarsSat-2,24967973.780,25137529.999,169556.219,
MarsSat-1 - MarsSat-2,25145254.591,25314810.703,169556.112,
MarsSat-1 - MarsSat-2,25322535.400,25492091.406,169556.006,
MarsSat-1 - MarsSat-2,25499816.209,25669372.109,169555.900,
MarsSat-1 - MarsSat-2,25677097.018,25846652.812,169555.794,
MarsSat-1 - MarsSat-2,25854377.825,26023933.514,169555.689,
MarsSat-1 - MarsSat-2,26031658.632,26201214.216,169555.584,
MarsSat-1 - MarsSat-2,26208939.438,26378494.917,169555.480,
MarsSat-1 - MarsSat-2,26386220.243,26555775.619,169555.376,
MarsSat-1 - MarsSat-2,26563501.047,26733056.319,169555.272,
MarsSat-1 - MarsSat-2,26740781.850,26910337.020,169555.169,
MarsSat-1 - MarsSat-2,26918062.653,27087617.720,169555.067,
MarsSat-1 - MarsSat-2,27095343.455,27264898.419,169554.964,
MarsSat-1 - MarsSat-2,27272624.256,27442179.119,169554.863,
MarsSat-1 - MarsSat-2,27449905.057,27619459.818,169554.761,
MarsSat-1 - MarsSat-2,27627185.856,27796740.516,169554.660,
MarsSat-1 - MarsSat-2,27804466.655,27974021.215,169554.559,
MarsSat-1 - MarsSat-2,27981747.453,28151301.912,169554.459,
MarsSat-1 - MarsSat-2,28159028.250,28328582.610,169554.360,
MarsSat-1 - MarsSat-2,28336309.047,28505863.307,169554.260,
MarsSat-1 - MarsSat-2,28513589.842,28683144.004,169554.161,
MarsSat-1 - MarsSat-2,28690870.637,28860424.700,169554.063,
MarsSat-1 - MarsSat-2,28868151.431,29037705.396,169553.965,
MarsSat-1 - MarsSat-2,29045432.224,29214986.092,169553.867,
MarsSat-1 - MarsSat-2,29222713.017,29392266.787,169553.770,
MarsSat-1 - MarsSat-2,29399993.808,29569547.482,169553.673,
MarsSat-1 - MarsSat-2,29577274.599,29746828.176,169553.577,
MarsSat-1 - MarsSat-2,29754555.389,29924108.871,169553.481,
MarsSat-1 - MarsSat-2,29931836.178,30101389.564,169553.386,
MarsSat-1 - MarsSat-2,30109116.967,30278670.258,169553.291,
MarsSat-1 - MarsSat-2,30286397.754,30455950.951,169553.197,
MarsSat-1 - MarsSat-2,30463678.541,30633231.644,169553.103,
MarsSat-1 - MarsSat-2,30640959.327,30810512.336,169553.009,
MarsSat-1 - MarsSat-2,30818240.112,30987793.028,169552.916,
MarsSat-1 - MarsSat-2,30995520.896,31165073.720,169552.823,
MarsSat-1 - MarsSat-2,31172801.680,31342354.411,169552.731,
MarsSat-1 - MarsSat-2,31350082.462,31519635.102,169552.639,
MarsSat-1 - MarsSat-2,31527363.244,31536000.000,8636.756,
MarsSat-1 - MarsSat-3,0.000,31536000.000,31536000.000,
MarsSat-1 - MarsSat-4,0.000,14205.192,14205.192,
MarsSat-1 - MarsSat-4,19553.080,59744.701,40191.621,
MarsSat-1 - MarsSat-4,63139.413,274743.275,211603.862,
MarsSat-1 - MarsSat-4,279446.372,318857.102,39410.730,
MarsSat-1 - MarsSat-4,322189.010,370201.552,48012.542,
MarsSat-1 - MarsSat-4,374837.714,415624.371,40786.657,
MarsSat-1 - MarsSat-4,418782.505,630082.606,211300.100,
MarsSat-1 - MarsSat-4,635324.035,674555.334,39231.299,
MarsSat-1 - MarsSat-4,678097.794,726479.744,48381.950,
MarsSat-1 - MarsSat-4,729818.216,771545.513,41727.298,
MarsSat-1 - MarsSat-4,774362.393,985541.360,211178.967,
MarsSat-1 - MarsSat-4,991117.991,1030293.342,39175.351,
MarsSat-1 - MarsSat-4,1033954.607,1341108.334,307153.727,
MarsSat-1 - MarsSat-4,1346834.048,1386064.123,39230.076,
MarsSat-1 - MarsSat-4,1389764.646,1696782.521,307017.875,
MarsSat-1 - MarsSat-4,1702466.255,1741864.248,39397.993,
MarsSat-1 - MarsSat-4,1745529.453,1958103.835,212574.382,
MarsSat-1 - MarsSat-4,1961558.843,2001356.281,39797.437,
MarsSat-1 - MarsSat-4,2004104.379,2052572.935,48468.556,
MarsSat-1 - MarsSat-4,2057996.801,2097692.932,39696.131,
MarsSat-1 - MarsSat-4,2101247.822,2313251.108,212003.286,
MarsSat-1 - MarsSat-4,2317596.330,2356945.648,39349.318,
MarsSat-1 - MarsSat-4,2360140.829,2408505.332,48364.503,
MarsSat-1 - MarsSat-4,2413388.867,2453552.065,40163.198,
MarsSat-1 - MarsSat-4,2456915.789,2668562.198,211646.410,
MarsSat-1 - MarsSat-4,2673511.403,2712607.024,39095.622,
MarsSat-1 - MarsSat-4,2716094.110,2764649.361,48555.251,
MarsSat-1 - MarsSat-4,2768558.949,2809447.279,40888.330,
MarsSat-1 - MarsSat-4,2812525.568,3023996.240,211470.673,
MarsSat-1 - MarsSat-4,3029341.841,3068317.651,38975.810,
MarsSat-1 - MarsSat-4,3071985.282,3165391.376,93406.094,
MarsSat-1 - MarsSat-4,3168062.173,3379537.762,211475.590,
MarsSat-1 - MarsSat-4,3385098.844,3424066.259,38967.415,
MarsSat-1 - MarsSat-4,3427823.852,3735182.595,307358.742,
MarsSat-1 - MarsSat-4,3740781.011,3779846.975,39065.964,
MarsSat-1 - MarsSat-4,3783613.853,3996658.381,213044.528,
MarsSat-1 - MarsSat-4,3999606.957,4090935.479,91328.522,
MarsSat-1 - MarsSat-4,4096376.507,4135657.242,39280.735,
MarsSat-1 - MarsSat-4,4139355.902,4351750.386,212394.483,
MarsSat-1 - MarsSat-4,4355705.970,4395078.987,39373.017,
MarsSat-1 - MarsSat-4,4398062.465,4446813.430,48750.965,
MarsSat-1 - MarsSat-4,4451859.326,4491497.225,39637.898,
MarsSat-1 - MarsSat-4,4495047.803,4707030.052,211982.250,
MarsSat-1 - MarsSat-4,4711659.818,4750690.042,39030.223,
MarsSat-1 - MarsSat-4,4754074.347,4802859.966,48785.618,
MarsSat-1 - MarsSat-4,4807174.489,4847370.193,40195.704,
MarsSat-1 - MarsSat-4,4850684.171,5062438.705,211754.533,
MarsSat-1 - MarsSat-4,5067524.853,5106366.154,38841.302,
MarsSat-1 - MarsSat-4,5110007.619,5203284.371,93276.752,
MarsSat-1 - MarsSat-4,5206254.632,5417955.271,211700.638,
MarsSat-1 - MarsSat-4,5423318.805,5462088.509,38769.704,
MarsSat-1 - MarsSat-4,5465879.367,5773572.267,307692.900,
MarsSat-1 - MarsSat-4,5779044.751,5817847.550,38802.799,
MarsSat-1 - MarsSat-4,5821697.346,6035231.823,213534.477,
MarsSat-1 - MarsSat-4,6037589.878,6129290.802,91700.924,
MarsSat-1 - MarsSat-4,6134695.971,6173638.459,38942.488,
MarsSat-1 - MarsSat-4,6177464.479,6390243.790,212779.311,
MarsSat-1 - MarsSat-4,6393774.092,6485121.526,91347.435,
MarsSat-1 - MarsSat-4,6490254.711,6529459.610,39204.899,
MarsSat-1 - MarsSat-4,6533180.401,6745486.638,212306.237,
MarsSat-1 - MarsSat-4,6749770.508,6788815.060,39044.552,
MarsSat-1 - MarsSat-4,6792030.316,6841092.195,49061.880,
MarsSat-1 - MarsSat-4,6845684.152,6885312.315,39628.163,
MarsSat-1 - MarsSat-4,6888841.728,7100868.435,212026.707,
MarsSat-1 - MarsSat-4,7105669.340,7144445.166,38775.826,
MarsSat-1 - MarsSat-4,7148017.581,7197277.583,49260.002,
MarsSat-1 - MarsSat-4,7200897.753,7241201.722,40303.969,
MarsSat-1 - MarsSat-4,7244441.188,7456360.140,211918.951,
MarsSat-1 - MarsSat-4,7461497.035,7500134.936,38637.900,
MarsSat-1 - MarsSat-4,7503929.247,7597139.991,93210.744,
MarsSat-1 - MarsSat-4,7599964.502,7811950.502,211986.001,
MarsSat-1 - MarsSat-4,7817261.368,7855868.635,38607.267,
MarsSat-1 - MarsSat-4,7859779.266,8073866.466,214087.200,
MarsSat-1 - MarsSat-4,8075466.922,8167637.344,92170.422,
MarsSat-1 - MarsSat-4,8172960.097,8211638.201,38678.104,
MarsSat-1 - MarsSat-4,8215573.834,8428736.610,213162.776,
MarsSat-1 - MarsSat-4,8431797.190,8523426.490,91629.299,
MarsSat-1 - MarsSat-4,8528581.865,8567439.860,38857.995,
MarsSat-1 - MarsSat-4,8571314.769,8783933.336,212618.567,
MarsSat-1 - MarsSat-4,8787844.120,8826999.713,39155.593,
MarsSat-1 - MarsSat-4,8829947.677,8879335.534,49387.857,
MarsSat-1 - MarsSat-4,8884102.095,8923273.038,39170.943,
MarsSat-1 - MarsSat-4,8927000.607,9139285.657,212285.050,
MarsSat-1 - MarsSat-4,9143777.458,9182564.048,38786.590,
MarsSat-1 - MarsSat-4,9186008.707,9235408.198,49399.491,
MarsSat-1 - MarsSat-4,9239468.055,9279140.525,39672.470,
MarsSat-1 - MarsSat-4,9282626.461,9494752.065,212125.604,
MarsSat-1 - MarsSat-4,9499636.699,9538211.300,38574.601,
MarsSat-1 - MarsSat-4,9541970.344,9591785.020,49814.676,
MarsSat-1 - MarsSat-4,9594527.258,9635050.174,40522.916,
MarsSat-1 - MarsSat-4,9638182.372,9850316.629,212134.257,
MarsSat-1 - MarsSat-4,9855435.013,9893914.011,38478.998,
MarsSat-1 - MarsSat-4,9897858.222,9991020.600,93162.377,
MarsSat-1 - MarsSat-4,9993647.683,10205973.957,212326.274,
MarsSat-1 - MarsSat-4,10211174.287,10249658.952,38484.665,
MarsSat-1 - MarsSat-4,10253683.705,10467239.512,213555.807,
MarsSat-1 - MarsSat-4,10469766.576,10561726.019,91959.443,
MarsSat-1 - MarsSat-4,10566848.227,10605439.427,38591.200,
MarsSat-1 - MarsSat-4,10609451.544,10822372.832,212921.288,
MarsSat-1 - MarsSat-4,10825880.194,10917583.489,91703.295,
MarsSat-1 - MarsSat-4,10922440.818,10961252.754,38811.936,
MarsSat-1 - MarsSat-4,10965162.401,11177691.232,212528.831,
MarsSat-1 - MarsSat-4,11181850.927,11220737.458,38886.531,
MarsSat-1 - MarsSat-4,11223970.158,11273572.935,49602.776,
MarsSat-1 - MarsSat-4,11277918.752,11317099.632,39180.880,
MarsSat-1 - MarsSat-4,11320813.498,11533131.181,212317.683,
MarsSat-1 - MarsSat-4,11537740.733,11576325.898,38585.165,
MarsSat-1 - MarsSat-4,11579997.670,11629764.368,49766.699,
MarsSat-1 - MarsSat-4,11633203.194,11672984.871,39781.676,
MarsSat-1 - MarsSat-4,11676397.932,11888670.341,212272.409,
MarsSat-1 - MarsSat-4,11893569.727,11931988.958,38419.231,
MarsSat-1 - MarsSat-4,11935931.870,12028920.489,92988.618,
MarsSat-1 - MarsSat-4,12031901.636,12244299.868,212398.232,
MarsSat-1 - MarsSat-4,12249343.920,12287704.231,38360.311,
MarsSat-1 - MarsSat-4,12291793.222,12505778.052,213984.831,
MarsSat-1 - MarsSat-4,12507658.778,12600018.439,92359.662,
MarsSat-1 - MarsSat-4,12605061.193,12643460.609,38399.416,
MarsSat-1 - MarsSat-4,12647590.855,12860809.960,213219.104,
MarsSat-1 - MarsSat-4,12863876.216,12955831.755,91955.539,
MarsSat-1 - MarsSat-4,12960711.708,12999252.714,38541.007,
MarsSat-1 - MarsSat-4,13003328.116,13216086.843,212758.727,
MarsSat-1 - MarsSat-4,13219890.713,13311756.002,91865.290,
MarsSat-1 - MarsSat-4,13316274.225,13355079.089,38804.864,
MarsSat-1 - MarsSat-4,13359004.382,13571498.112,212493.730,
MarsSat-1 - MarsSat-4,13575811.624,13614491.129,38679.505,
MarsSat-1 - MarsSat-4,13618003.135,13667830.282,49827.147,
MarsSat-1 - MarsSat-4,13671703.251,13710942.073,39238.821,
MarsSat-1 - MarsSat-4,13714615.213,13927011.704,212396.491,
MarsSat-1 - MarsSat-4,13931669.183,13970100.881,38431.698,
MarsSat-1 - MarsSat-4,13973996.491,14024174.345,50177.854,
MarsSat-1 - MarsSat-4,14026870.545,14066849.421,39978.876,
MarsSat-1 - MarsSat-4,14070150.795,14282614.660,212463.865,
MarsSat-1 - MarsSat-4,14287474.000,14325778.887,38304.887,
MarsSat-1 - MarsSat-4,14329900.762,14422820.114,92919.352,
MarsSat-1 - MarsSat-4,14425590.212,14638302.584,212712.371,
MarsSat-1 - MarsSat-4,14643227.646,14681506.674,38279.028,
MarsSat-1 - MarsSat-4,14685732.313,14899253.773,213521.460,
MarsSat-1 - MarsSat-4,14901825.475,14994077.374,92251.899,
MarsSat-1 - MarsSat-4,14998924.916,15037275.018,38350.102,
MarsSat-1 - MarsSat-4,15041498.266,15254475.348,212977.082,
MarsSat-1 - MarsSat-4,15257896.591,15349948.473,92051.882,
MarsSat-1 - MarsSat-4,15354552.488,15393079.895,38527.407,
MarsSat-1 - MarsSat-4,15397200.517,15609854.064,212653.547,
MarsSat-1 - MarsSat-4,15613851.202,15652726.786,38875.583,
MarsSat-1 - MarsSat-4,15655972.679,15705938.819,49966.140,
MarsSat-1 - MarsSat-4,15710082.734,15748921.316,38838.583,
MarsSat-1 - MarsSat-4,15752836.926,15965341.184,212504.258,
MarsSat-1 - MarsSat-4,15969736.506,16008260.399,38523.892,
MarsSat-1 - MarsSat-4,16012046.192,16062106.442,50060.250,
MarsSat-1 - MarsSat-4,16065451.672,16104803.883,39352.211,
MarsSat-1 - MarsSat-4,16108400.801,16320918.263,212517.462,
MarsSat-1 - MarsSat-4,16325568.940,16363889.556,38320.616,
MarsSat-1 - MarsSat-4,16368003.687,16418693.813,50690.125,
MarsSat-1 - MarsSat-4,16420408.808,16460739.971,40331.163,
MarsSat-1 - MarsSat-4,16463877.788,16676577.717,212699.930,
MarsSat-1 - MarsSat-4,16681353.682,16719582.071,38228.389,
MarsSat-1 - MarsSat-4,16723874.931,16816761.553,92886.622,
MarsSat-1 - MarsSat-4,16819234.145,16937724.028,118489.883,
MarsSat-1 - MarsSat-4,16939710.542,17032318.307,92607.765,
MarsSat-1 - MarsSat-4,17037089.219,17075322.677,38233.458,
MarsSat-1 - MarsSat-4,17079672.893,17292861.527,213188.633,
MarsSat-1 - MarsSat-4,17295866.351,17388144.788,92278.437,
MarsSat-1 - MarsSat-4,17392767.680,17431103.915,38336.235,
MarsSat-1 - MarsSat-4,17435402.789,17648201.010,212798.221,
MarsSat-1 - MarsSat-4,17651860.400,17744070.670,92210.270,
MarsSat-1 - MarsSat-4,17748371.977,17786923.249,38551.273,
MarsSat-1 - MarsSat-4,17791064.936,18003659.701,212594.765,
MarsSat-1 - MarsSat-4,18007774.144,18046483.401,38709.257,
MarsSat-1 - MarsSat-4,18050071.250,18100127.684,50056.433,
MarsSat-1 - MarsSat-4,18103866.103,18142782.588,38916.485,
MarsSat-1 - MarsSat-4,18146655.270,18359210.964,212555.694,
MarsSat-1 - MarsSat-4,18363632.449,18402045.416,38412.967,
MarsSat-1 - MarsSat-4,18406097.867,18456405.433,50307.565,
MarsSat-1 - MarsSat-4,18459155.018,18498689.881,39534.863,
MarsSat-1 - MarsSat-4,18502163.798,18714843.494,212679.696,
MarsSat-1 - MarsSat-4,18719444.497,18757692.763,38248.266,
MarsSat-1 - MarsSat-4,18762016.978,18854665.427,92648.449,
MarsSat-1 - MarsSat-4,18857568.380,19070553.188,212984.808,
MarsSat-1 - MarsSat-4,19075211.991,19113399.763,38187.772,
MarsSat-1 - MarsSat-4,19117851.559,19331253.881,213402.321,
MarsSat-1 - MarsSat-4,19333793.965,19426341.303,92547.338,
MarsSat-1 - MarsSat-4,19430931.038,19469153.890,38222.852,
MarsSat-1 - MarsSat-4,19473611.633,19686542.037,212930.404,
MarsSat-1 - MarsSat-4,19689838.875,19729602.744,39763.868,
MarsSat-1 - MarsSat-4,19731644.441,19782215.365,50570.924,
MarsSat-1 - MarsSat-4,19786591.219,19824949.447,38358.227,
MarsSat-1 - MarsSat-4,19829300.505,20041968.731,212668.226,
MarsSat-1 - MarsSat-4,20045783.736,20084795.555,39011.819,
MarsSat-1 - MarsSat-4,20088054.113,20138193.592,50139.480,
MarsSat-1 - MarsSat-4,20142171.068,20180785.668,38614.600,
MarsSat-1 - MarsSat-4,20184916.651,20397493.436,212576.785,
MarsSat-1 - MarsSat-4,20401667.473,20440259.450,38591.977,
MarsSat-1 - MarsSat-4,20444176.747,20494319.881,50143.134,
MarsSat-1 - MarsSat-4,20497622.848,20536667.099,39044.251,
MarsSat-1 - MarsSat-4,20540453.372,20753099.936,212646.563,
MarsSat-1 - MarsSat-4,20757504.367,20795846.721,38342.354,
MarsSat-1 - MarsSat-4,20800155.711,20850745.448,50589.737,
MarsSat-1 - MarsSat-4,20852790.458,20892607.065,39816.607,
MarsSat-1 - MarsSat-4,20895895.400,21108781.191,212885.791,
MarsSat-1 - MarsSat-4,21113299.282,21151511.627,38212.345,
MarsSat-1 - MarsSat-4,21156033.269,21248641.226,92607.957,
MarsSat-1 - MarsSat-4,21251205.430,21464535.598,213330.168,
MarsSat-1 - MarsSat-4,21469051.469,21507233.521,38182.052,
MarsSat-1 - MarsSat-4,21511827.064,21724882.079,213055.015,
MarsSat-1 - MarsSat-4,21727784.278,21820366.581,92582.303,
MarsSat-1 - MarsSat-4,21824755.014,21863002.350,38247.335,
MarsSat-1 - MarsSat-4,21867544.424,22080270.501,212726.077,
MarsSat-1 - MarsSat-4,22083765.924,22123245.323,39479.399,
MarsSat-1 - MarsSat-4,22125956.978,22176284.547,50327.570,
MarsSat-1 - MarsSat-4,22180396.854,22218814.310,38417.456,
MarsSat-1 - MarsSat-4,22223186.626,22435766.802,212580.176,
MarsSat-1 - MarsSat-4,22439676.147,22478550.828,38874.681,
MarsSat-1 - MarsSat-4,22482229.366,22532313.459,50084.093,
MarsSat-1 - MarsSat-4,22535950.106,22574670.919,38720.812,
MarsSat-1 - MarsSat-4,22578749.815,22791347.440,212597.625,
MarsSat-1 - MarsSat-4,22795536.678,22834054.684,38518.006,
MarsSat-1 - MarsSat-4,22838286.887,22888515.287,50228.400,
MarsSat-1 - MarsSat-4,22891349.394,22930580.699,39231.305,
MarsSat-1 - MarsSat-4,22934223.367,23147001.945,212778.578,
MarsSat-1 - MarsSat-4,23151355.947,23189665.213,38309.265,
MarsSat-1 - MarsSat-4,23194216.342,23286566.506,92350.165,
MarsSat-1 - MarsSat-4,23289582.636,23502726.103,213143.467,
MarsSat-1 - MarsSat-4,23507135.984,23545347.594,38211.611,
MarsSat-1 - MarsSat-4,23550048.659,23763229.657,213180.998,
MarsSat-1 - MarsSat-4,23765690.506,23858520.278,92829.772,
MarsSat-1 - MarsSat-4,23862874.154,23901085.279,38211.124,
MarsSat-1 - MarsSat-4,23905797.074,24118568.354,212771.280,
MarsSat-1 - MarsSat-4,24121720.004,24161971.682,40251.678,
MarsSat-1 - MarsSat-4,24163654.614,24214389.927,50735.313,
MarsSat-1 - MarsSat-4,24218562.667,24256870.596,38307.929,
MarsSat-1 - MarsSat-4,24261466.321,24474032.747,212566.426,
MarsSat-1 - MarsSat-4,24477659.716,24516950.327,39290.611,
MarsSat-1 - MarsSat-4,24520235.324,24570348.629,50113.305,
MarsSat-1 - MarsSat-4,24574185.520,24612701.963,38516.443,
MarsSat-1 - MarsSat-4,24617055.343,24829586.806,212531.463,
MarsSat-1 - MarsSat-4,24833543.949,24872331.365,38787.416,
MarsSat-1 - MarsSat-4,24876403.809,24968584.103,92180.294,
MarsSat-1 - MarsSat-4,24972557.075,25185215.497,212658.423,
MarsSat-1 - MarsSat-4,25189385.782,25227869.465,38483.684,
MarsSat-1 - MarsSat-4,25232398.176,25282718.718,50320.542,
MarsSat-1 - MarsSat-4,25285037.896,25324532.104,39494.208,
MarsSat-1 - MarsSat-4,25327954.429,25540911.895,212957.466,
MarsSat-1 - MarsSat-4,25545190.046,25583502.150,38312.104,
MarsSat-1 - MarsSat-4,25588275.511,25680588.327,92312.816,
MarsSat-1 - MarsSat-4,25683203.480,25896673.833,213470.353,
MarsSat-1 - MarsSat-4,25900956.752,25939202.480,38245.728,
MarsSat-1 - MarsSat-4,25944058.456,26156867.528,212809.072,
MarsSat-1 - MarsSat-4,26159643.171,26252503.349,92860.178,
MarsSat-1 - MarsSat-4,26256681.688,26294957.440,38275.752,
MarsSat-1 - MarsSat-4,26299756.416,26512293.732,212537.316,
MarsSat-1 - MarsSat-4,26515618.365,26555517.593,39899.229,
MarsSat-1 - MarsSat-4,26558147.709,26608407.939,50260.230,
MarsSat-1 - MarsSat-4,26612355.182,26650761.853,38406.671,
MarsSat-1 - MarsSat-4,26655371.444,26867819.305,212447.860,
MarsSat-1 - MarsSat-4,26871527.838,26910697.688,39169.851,
MarsSat-1 - MarsSat-4,26914495.274,26964404.850,49909.576,
MarsSat-1 - MarsSat-4,26967957.775,27006616.988,38659.213,
MarsSat-1 - MarsSat-4,27010899.561,27223422.306,212522.745,
MarsSat-1 - MarsSat-4,27227391.629,27266135.886,38744.256,
MarsSat-1 - MarsSat-4,27270574.824,27362532.505,91957.681,
MarsSat-1 - MarsSat-4,27366328.811,27579092.578,212763.767,
MarsSat-1 - MarsSat-4,27583217.851,27621704.667,38486.816,
MarsSat-1 - MarsSat-4,27626506.131,27718535.682,92029.551,
MarsSat-1 - MarsSat-4,27721630.090,27934825.589,213195.499,
MarsSat-1 - MarsSat-4,27939008.930,27977359.186,38350.256,
MarsSat-1 - MarsSat-4,27982328.186,28074719.897,92391.711,
MarsSat-1 - MarsSat-4,28076708.745,28195177.008,118468.263,
MarsSat-1 - MarsSat-4,28197528.686,28290620.776,93092.089,
MarsSat-1 - MarsSat-4,28294763.323,28333078.555,38315.232,
MarsSat-1 - MarsSat-4,28338057.206,28550553.405,212496.198,
MarsSat-1 - MarsSat-4,28553550.842,28594461.937,40911.095,
MarsSat-1 - MarsSat-4,28595771.912,28646481.711,50709.799,
MarsSat-1 - MarsSat-4,28650475.387,28688853.035,38377.648,
MarsSat-1 - MarsSat-4,28693699.063,28906046.806,212347.743,
MarsSat-1 - MarsSat-4,28909489.072,28949185.993,39696.922,
MarsSat-1 - MarsSat-4,28952540.244,29002418.046,49877.802,
MarsSat-1 - MarsSat-4,29006133.439,29044680.317,38546.879,
MarsSat-1 - MarsSat-4,29049252.800,29261623.267,212370.468,
MarsSat-1 - MarsSat-4,29265375.456,29304479.317,39103.862,
MarsSat-1 - MarsSat-4,29308740.183,29358451.477,49711.294,
MarsSat-1 - MarsSat-4,29361713.755,29400565.723,38851.968,
MarsSat-1 - MarsSat-4,29404710.370,29617268.223,212557.853,
MarsSat-1 - MarsSat-4,29621222.536,29659964.233,38741.696,
MarsSat-1 - MarsSat-4,29664738.278,29756527.377,91789.100,
MarsSat-1 - MarsSat-4,29760051.468,29972974.602,212923.134,
MarsSat-1 - MarsSat-4,29977035.295,30015561.641,38526.346,
MarsSat-1 - MarsSat-4,30020605.470,30112619.451,92013.981,
MarsSat-1 - MarsSat-4,30115220.342,30328739.623,213519.281,
MarsSat-1 - MarsSat-4,30332814.427,30371238.428,38424.001,
MarsSat-1 - MarsSat-4,30376368.631,30588817.476,212448.845,
MarsSat-1 - MarsSat-4,30591453.628,30684564.074,93110.447,
MarsSat-1 - MarsSat-4,30688557.104,30726978.676,38421.571,
MarsSat-1 - MarsSat-4,30732038.701,30944272.027,212233.326,
MarsSat-1 - MarsSat-4,30947427.261,30987858.016,40430.755,
MarsSat-1 - MarsSat-4,30990489.173,31040453.020,49963.847,
MarsSat-1 - MarsSat-4,31044256.290,31082775.964,38519.674,
MarsSat-1 - MarsSat-4,31087618.029,31299819.793,212201.764,
MarsSat-1 - MarsSat-4,31303338.354,31342919.337,39580.983,
MarsSat-1 - MarsSat-4,31346884.266,31396418.507,49534.242,
MarsSat-1 - MarsSat-4,31399898.028,31438631.664,38733.637,
MarsSat-1 - MarsSat-4,31443101.904,31536000.000,92898.096,
MarsSat-2 - MarsSat-3,0.000,31536000.000,31536000.000,
MarsSat-2 - MarsSat-4,0.000,20051.654,20051.654,
MarsSat-2 - MarsSat-4,22055.112,144618.403,122563.291,
MarsSat-2 - MarsSat-4,149555.767,179387.456,29831.689,
MarsSat-2 - MarsSat-4,183631.305,339716.340,156085.036,
MarsSat-2 - MarsSat-4,344761.668,500571.319,155809.651,
MarsSat-2 - MarsSat-4,505542.700,535417.312,29874.612,
MarsSat-2 - MarsSat-4,539536.747,662327.622,122790.875,
MarsSat-2 - MarsSat-4,665340.565,695709.065,30368.500,
MarsSat-2 - MarsSat-4,700693.835,856527.715,155833.880,
MarsSat-2 - MarsSat-4,861521.578,891449.036,29927.458,
MarsSat-2 - MarsSat-4,895439.184,1018135.989,122696.804,
MarsSat-2 - MarsSat-4,1021500.821,1051702.711,30201.890,
MarsSat-2 - MarsSat-4,1056622.316,1126563.617,69941.300,
MarsSat-2 - MarsSat-4,1130376.706,1212487.079,82110.373,
MarsSat-2 - MarsSat-4,1217493.107,1247482.797,29989.690,
MarsSat-2 - MarsSat-4,1251338.590,1373977.788,122639.198,
MarsSat-2 - MarsSat-4,1377620.539,1407697.207,30076.668,
MarsSat-2 - MarsSat-4,1412547.295,1482446.402,69899.108,
MarsSat-2 - MarsSat-4,1487107.719,1568448.979,81341.261,
MarsSat-2 - MarsSat-4,1573457.899,1603518.805,30060.906,
MarsSat-2 - MarsSat-4,1607234.906,1729843.164,122608.258,
MarsSat-2 - MarsSat-4,1733709.959,1763692.498,29982.539,
MarsSat-2 - MarsSat-4,1768468.937,1838397.926,69928.989,
MarsSat-2 - MarsSat-4,1843661.527,1924413.049,80751.522,
MarsSat-2 - MarsSat-4,1929416.489,1959557.318,30140.829,
MarsSat-2 - MarsSat-4,1963128.034,2085726.094,122598.060,
MarsSat-2 - MarsSat-4,2089775.458,2119688.542,29913.084,
MarsSat-2 - MarsSat-4,2124387.397,2194411.435,70024.038,
MarsSat-2 - MarsSat-4,2200018.032,2280378.974,80360.942,
MarsSat-2 - MarsSat-4,2285369.347,2315598.656,30229.308,
MarsSat-2 - MarsSat-4,2319017.827,2441622.565,122604.738,
MarsSat-2 - MarsSat-4,2445821.369,2475685.313,29863.944,
MarsSat-2 - MarsSat-4,2480302.810,2550492.074,70189.264,
MarsSat-2 - MarsSat-4,2556171.752,2636346.486,80174.733,
MarsSat-2 - MarsSat-4,2641316.892,2671643.214,30326.322,
MarsSat-2 - MarsSat-4,2674904.072,2797529.742,122625.671,
MarsSat-2 - MarsSat-4,2801850.822,2831682.796,29831.974,
MarsSat-2 - MarsSat-4,2836215.302,2906656.638,70441.336,
MarsSat-2 - MarsSat-4,2912114.309,2992315.354,80201.045,
MarsSat-2 - MarsSat-4,2997259.495,3153445.537,156186.042,
MarsSat-2 - MarsSat-4,3157866.177,3187680.992,29814.816,
MarsSat-2 - MarsSat-4,3192124.983,3262943.081,70818.098,
MarsSat-2 - MarsSat-4,3267813.657,3348285.378,80471.721,
MarsSat-2 - MarsSat-4,3353197.489,3383744.116,30546.627,
MarsSat-2 - MarsSat-4,3386664.593,3509368.359,122703.766,
MarsSat-2 - MarsSat-4,3513869.273,3543679.918,29810.645,
MarsSat-2 - MarsSat-4,3548031.951,3619453.479,71421.527,
MarsSat-2 - MarsSat-4,3623166.481,3704256.388,81089.907,
MarsSat-2 - MarsSat-4,3709131.173,3739801.917,30670.744,
MarsSat-2 - MarsSat-4,3742537.854,3865296.967,122759.113,
MarsSat-2 - MarsSat-4,3869861.583,3899679.603,29818.020,
MarsSat-2 - MarsSat-4,3903936.294,4027735.314,123799.020,
MarsSat-2 - MarsSat-4,4029071.040,4060228.237,31157.197,
MarsSat-2 - MarsSat-4,4065060.817,4095865.997,30805.180,
MarsSat-2 - MarsSat-4,4098405.394,4221230.371,122824.977,
MarsSat-2 - MarsSat-4,4225844.310,4255680.094,29835.784,
MarsSat-2 - MarsSat-4,4259838.084,4383310.247,123472.164,
MarsSat-2 - MarsSat-4,4385447.032,4416200.799,30753.766,
MarsSat-2 - MarsSat-4,4420986.666,4451937.893,30951.227,
MarsSat-2 - MarsSat-4,4454265.944,4577167.772,122901.828,
MarsSat-2 - MarsSat-4,4581818.451,4611681.454,29863.004,
MarsSat-2 - MarsSat-4,4615737.381,4739028.906,123291.526,
MarsSat-2 - MarsSat-4,4741672.317,4772173.967,30501.651,
MarsSat-2 - MarsSat-4,4776908.941,4808019.869,31110.928,
MarsSat-2 - MarsSat-4,4810117.537,4933108.514,122990.976,
MarsSat-2 - MarsSat-4,4937784.848,4967683.766,29898.918,
MarsSat-2 - MarsSat-4,4971634.231,5094811.621,123177.390,
MarsSat-2 - MarsSat-4,5097826.890,5128147.653,30320.763,
MarsSat-2 - MarsSat-4,5132827.845,5289052.051,156224.206,
MarsSat-2 - MarsSat-4,5293744.220,5323687.132,29942.913,
MarsSat-2 - MarsSat-4,5327528.666,5484121.785,156593.118,
MarsSat-2 - MarsSat-4,5488743.560,5558359.747,69616.188,
MarsSat-2 - MarsSat-4,5561456.778,5644997.929,83541.152,
MarsSat-2 - MarsSat-4,5649697.184,5679691.679,29994.495,
MarsSat-2 - MarsSat-4,5683420.700,5806480.158,123059.458,
MarsSat-2 - MarsSat-4,5810014.184,5840096.302,30082.118,
MarsSat-2 - MarsSat-4,5844656.254,5914166.481,69510.227,
MarsSat-2 - MarsSat-4,5918484.796,6000945.765,82460.969,
MarsSat-2 - MarsSat-4,6005644.277,6035697.559,30053.282,
MarsSat-2 - MarsSat-4,6039310.327,6162346.471,123036.144,
MarsSat-2 - MarsSat-4,6166066.975,6196071.162,30004.187,
MarsSat-2 - MarsSat-4,6200566.081,6270068.251,69502.170,
MarsSat-2 - MarsSat-4,6275308.373,6356895.232,81586.860,
MarsSat-2 - MarsSat-4,6361585.971,6391704.956,30118.985,
MarsSat-2 - MarsSat-4,6395197.520,6518227.156,123029.636,
MarsSat-2 - MarsSat-4,6522099.866,6552046.333,29946.468,
MarsSat-2 - MarsSat-4,6556473.180,6626039.261,69566.081,
MarsSat-2 - MarsSat-4,6631874.815,6712846.056,80971.241,
MarsSat-2 - MarsSat-4,6717522.679,6747714.091,30191.411,
MarsSat-2 - MarsSat-4,6751082.223,6874119.034,123036.811,
MarsSat-2 - MarsSat-4,6878116.271,6908021.797,29905.526,
MarsSat-2 - MarsSat-4,6912377.678,6982077.036,69699.357,
MarsSat-2 - MarsSat-4,6988176.409,7068797.999,80621.590,
MarsSat-2 - MarsSat-4,7073454.771,7103725.227,30270.456,
MarsSat-2 - MarsSat-4,7106964.347,7230019.804,123055.457,
MarsSat-2 - MarsSat-4,7234118.714,7263997.546,29878.832,
MarsSat-2 - MarsSat-4,7268279.691,7338192.432,69912.741,
MarsSat-2 - MarsSat-4,7344220.442,7424750.861,80530.419,
MarsSat-2 - MarsSat-4,7429382.574,7459738.686,30356.111,
MarsSat-2 - MarsSat-4,7462843.759,7585927.739,123083.980,
MarsSat-2 - MarsSat-4,7590109.131,7619973.588,29864.457,
MarsSat-2 - MarsSat-4,7624179.323,7694413.434,70234.111,
MarsSat-2 - MarsSat-4,7699996.382,7780704.469,80708.087,
MarsSat-2 - MarsSat-4,7785306.383,7941841.506,156535.123,
MarsSat-2 - MarsSat-4,7946089.050,7975949.941,29860.890,
MarsSat-2 - MarsSat-4,7980076.668,8050808.368,70731.701,
MarsSat-2 - MarsSat-4,8055443.315,8136658.677,81215.362,
MarsSat-2 - MarsSat-4,8141226.461,8171774.212,30547.751,
MarsSat-2 - MarsSat-4,8174593.623,8297760.053,123166.430,
MarsSat-2 - MarsSat-4,8302059.708,8331926.636,29866.928,
MarsSat-2 - MarsSat-4,8335971.810,8407635.655,71663.844,
MarsSat-2 - MarsSat-4,8410299.350,8459962.181,49662.832,
MarsSat-2 - MarsSat-4,8461687.615,8492613.361,30925.746,
MarsSat-2 - MarsSat-4,8497143.049,8527797.357,30654.308,
MarsSat-2 - MarsSat-4,8530463.447,8653682.538,123219.092,
MarsSat-2 - MarsSat-4,8658022.119,8687903.717,29881.598,
MarsSat-2 - MarsSat-4,8691864.824,8815638.585,123773.761,
MarsSat-2 - MarsSat-4,8817925.249,8848568.416,30643.167,
MarsSat-2 - MarsSat-4,8853056.361,8883825.053,30768.691,
MarsSat-2 - MarsSat-4,8886329.229,9009608.276,123279.046,
MarsSat-2 - MarsSat-4,9013977.134,9043881.242,29904.108,
MarsSat-2 - MarsSat-4,9047755.773,9171395.889,123640.117,
MarsSat-2 - MarsSat-4,9174076.152,9204523.755,30447.604,
MarsSat-2 - MarsSat-4,9208966.596,9239858.304,30891.708,
MarsSat-2 - MarsSat-4,9242190.240,9365536.701,123346.461,
MarsSat-2 - MarsSat-4,9369925.472,9399859.285,29933.813,
MarsSat-2 - MarsSat-4,9403644.710,9527197.535,123552.825,
MarsSat-2 - MarsSat-4,9530177.092,9560479.308,30302.216,
MarsSat-2 - MarsSat-4,9564873.931,9595898.480,31024.550,
MarsSat-2 - MarsSat-4,9598045.404,9721467.345,123421.941,
MarsSat-2 - MarsSat-4,9725867.749,9755837.932,29970.183,
MarsSat-2 - MarsSat-4,9759531.678,9883027.988,123496.311,
MarsSat-2 - MarsSat-4,9886243.812,9916435.017,30191.205,
MarsSat-2 - MarsSat-4,9920778.530,10077399.817,156621.287,
MarsSat-2 - MarsSat-4,10081804.497,10111817.290,30012.794,
MarsSat-2 - MarsSat-4,10115416.707,10238878.810,123462.103,
MarsSat-2 - MarsSat-4,10242284.954,10272390.839,30105.885,
MarsSat-2 - MarsSat-4,10276680.542,10345974.669,69294.127,
MarsSat-2 - MarsSat-4,10349622.523,10433333.788,83711.264,
MarsSat-2 - MarsSat-4,10437736.179,10467797.485,30061.305,
MarsSat-2 - MarsSat-4,10471299.814,10594744.775,123444.960,
MarsSat-2 - MarsSat-4,10598305.940,10628346.743,30040.803,
MarsSat-2 - MarsSat-4,10632580.104,10701800.291,69220.187,
MarsSat-2 - MarsSat-4,10706844.607,10789268.978,82424.371,
MarsSat-2 - MarsSat-4,10793663.204,10823778.662,30115.458,
MarsSat-2 - MarsSat-4,10827181.003,10950622.371,123441.367,
MarsSat-2 - MarsSat-4,10954310.471,10984302.710,29992.239,
MarsSat-2 - MarsSat-4,10988477.340,11057721.021,69243.680,
MarsSat-2 - MarsSat-4,11063720.614,11145205.153,81484.538,
MarsSat-2 - MarsSat-4,11149585.931,11179760.995,30175.064,
MarsSat-2 - MarsSat-4,11183060.259,11306509.102,123448.843,
MarsSat-2 - MarsSat-4,11310301.224,11340258.731,29957.507,
MarsSat-2 - MarsSat-4,11344372.365,11413715.644,69343.279,
MarsSat-2 - MarsSat-4,11420222.870,11501142.112,80919.242,
MarsSat-2 - MarsSat-4,11505504.680,11535744.686,30240.006,
MarsSat-2 - MarsSat-4,11538937.547,11662403.123,123465.577,
MarsSat-2 - MarsSat-4,11666280.220,11696214.810,29934.590,
MarsSat-2 - MarsSat-4,11700265.282,11769786.605,69521.323,
MarsSat-2 - MarsSat-4,11776388.737,11857079.686,80690.949,
MarsSat-2 - MarsSat-4,11861419.735,11891729.970,30310.235,
MarsSat-2 - MarsSat-4,11894812.806,12018303.026,123490.220,
MarsSat-2 - MarsSat-4,12022249.031,12052170.959,29921.928,
MarsSat-2 - MarsSat-4,12056156.187,12125953.644,69797.457,
MarsSat-2 - MarsSat-4,12132240.650,12213017.732,80777.082,
MarsSat-2 - MarsSat-4,12217331.353,12374207.712,156876.359,
MarsSat-2 - MarsSat-4,12378208.918,12408127.202,29918.284,
MarsSat-2 - MarsSat-4,12412045.165,12482266.194,70221.029,
MarsSat-2 - MarsSat-4,12487752.640,12568956.129,81203.489,
MarsSat-2 - MarsSat-4,12573239.765,12730116.306,156876.541,
MarsSat-2 - MarsSat-4,12734160.905,12764083.573,29922.669,
MarsSat-2 - MarsSat-4,12767932.294,12838872.182,70939.888,
MarsSat-2 - MarsSat-4,12842783.407,12924894.776,82111.369,
MarsSat-2 - MarsSat-4,12929145.178,12959698.454,30553.276,
MarsSat-2 - MarsSat-4,12962425.301,13086028.104,123602.803,
MarsSat-2 - MarsSat-4,13090105.843,13120040.118,29934.275,
MarsSat-2 - MarsSat-4,13123817.643,13247891.551,124073.908,
MarsSat-2 - MarsSat-4,13250251.546,13280833.589,30582.043,
MarsSat-2 - MarsSat-4,13285047.783,13315693.504,30645.721,
MarsSat-2 - MarsSat-4,13318291.083,13441942.529,123651.447,
MarsSat-2 - MarsSat-4,13446044.449,13475996.893,29952.444,
MarsSat-2 - MarsSat-4,13479701.275,13603674.264,123972.990,
MarsSat-2 - MarsSat-4,13606345.988,13636772.500,30426.513,
MarsSat-2 - MarsSat-4,13640947.750,13671692.234,30744.484,
MarsSat-2 - MarsSat-4,13674153.838,13797859.108,123705.269,
MarsSat-2 - MarsSat-4,13801977.331,13831953.967,29976.636,
MarsSat-2 - MarsSat-4,13835583.240,13959488.882,123905.642,
MarsSat-2 - MarsSat-4,13962403.684,13992711.456,30307.772,
MarsSat-2 - MarsSat-4,13996845.237,14027695.400,30850.163,
MarsSat-2 - MarsSat-4,14030013.087,14153777.444,123764.357,
MarsSat-2 - MarsSat-4,14157905.013,14187911.419,30006.406,
MarsSat-2 - MarsSat-4,14191463.585,14315325.371,123861.786,
MarsSat-2 - MarsSat-4,14318434.820,14348650.415,30215.596,
MarsSat-2 - MarsSat-4,14352740.387,14383703.980,30963.594,
MarsSat-2 - MarsSat-4,14385868.145,14509697.209,123829.064,
MarsSat-2 - MarsSat-4,14513827.949,14543869.346,30041.397,
MarsSat-2 - MarsSat-4,14547342.344,14671177.799,123835.455,
MarsSat-2 - MarsSat-4,14674445.477,14704589.347,30143.870,
MarsSat-2 - MarsSat-4,14708633.330,14865618.125,156984.796,
MarsSat-2 - MarsSat-4,14869746.537,14899827.856,30081.320,
MarsSat-2 - MarsSat-4,14903219.543,15027042.297,123822.754,
MarsSat-2 - MarsSat-4,15030439.677,15060528.234,30088.558,
MarsSat-2 - MarsSat-4,15064524.187,15133634.097,69109.910,
MarsSat-2 - MarsSat-4,15138154.106,15221539.961,83385.855,
MarsSat-2 - MarsSat-4,15225661.124,15255787.077,30125.953,
MarsSat-2 - MarsSat-4,15259095.197,15382916.175,123820.978,
MarsSat-2 - MarsSat-4,15386420.259,15416467.067,30046.807,
MarsSat-2 - MarsSat-4,15420413.067,15489475.599,69062.533,
MarsSat-2 - MarsSat-4,15495529.455,15577462.518,81933.063,
MarsSat-2 - MarsSat-4,15581572.022,15611747.154,30175.132,
MarsSat-2 - MarsSat-4,15614969.310,15738797.474,123828.164,
MarsSat-2 - MarsSat-4,15742389.332,15772405.846,30016.514,
MarsSat-2 - MarsSat-4,15776300.071,15845417.896,69117.825,
MarsSat-2 - MarsSat-4,15852319.238,15933385.632,81066.394,
MarsSat-2 - MarsSat-4,15937479.504,15967708.253,30228.749,
MarsSat-2 - MarsSat-4,15970841.870,16094684.717,123842.847,
MarsSat-2 - MarsSat-4,16098348.514,16128344.582,29996.068,
MarsSat-2 - MarsSat-4,16132185.292,16163907.907,31722.615,
MarsSat-2 - MarsSat-4,16165013.347,16201443.749,36430.402,
MarsSat-2 - MarsSat-4,16208633.649,16289309.164,80675.515,
MarsSat-2 - MarsSat-4,16293383.818,16323670.568,30286.749,
MarsSat-2 - MarsSat-4,16326712.851,16450576.766,123863.915,
MarsSat-2 - MarsSat-4,16454299.084,16484283.293,29984.209,
MarsSat-2 - MarsSat-4,16488068.813,16520039.400,31970.587,
MarsSat-2 - MarsSat-4,16520760.952,16557562.781,36801.829,
MarsSat-2 - MarsSat-4,16564561.472,16645232.996,80671.524,
MarsSat-2 - MarsSat-4,16649285.185,16679634.320,30349.134,
MarsSat-2 - MarsSat-4,16682582.204,16806472.721,123890.516,
MarsSat-2 - MarsSat-4,16810242.077,16840222.009,29979.932,
MarsSat-2 - MarsSat-4,16843950.711,16913811.128,69860.416,
MarsSat-2 - MarsSat-4,16920119.208,17001157.031,81037.823,
MarsSat-2 - MarsSat-4,17005183.804,17162371.863,157188.058,
MarsSat-2 - MarsSat-4,17166178.344,17196160.766,29982.422,
MarsSat-2 - MarsSat-4,17199831.057,17270289.229,70458.172,
MarsSat-2 - MarsSat-4,17275228.013,17357081.189,81853.177,
MarsSat-2 - MarsSat-4,17361079.857,17391567.210,30487.353,
MarsSat-2 - MarsSat-4,17394315.715,17518273.608,123957.893,
MarsSat-2 - MarsSat-4,17522108.596,17552099.611,29991.016,
MarsSat-2 - MarsSat-4,17555709.912,17627555.029,71845.117,
MarsSat-2 - MarsSat-4,17629335.778,17713005.406,83669.628,
MarsSat-2 - MarsSat-4,17716973.506,17747537.004,30563.498,
MarsSat-2 - MarsSat-4,17750179.628,17874177.479,123997.852,
MarsSat-2 - MarsSat-4,17878033.433,17908038.599,30005.166,
MarsSat-2 - MarsSat-4,17911587.333,18035868.400,124281.067,
MarsSat-2 - MarsSat-4,18038499.071,18068929.630,30430.560,
MarsSat-2 - MarsSat-4,18072864.902,18103509.574,30644.672,
MarsSat-2 - MarsSat-4,18106041.404,18230083.081,124041.677,
MarsSat-2 - MarsSat-4,18233953.371,18263977.796,30024.425,
MarsSat-2 - MarsSat-4,18267463.369,18391691.517,124228.148,
MarsSat-2 - MarsSat-4,18394522.326,18424853.822,30331.496,
MarsSat-2 - MarsSat-4,18428754.181,18459485.431,30731.250,
MarsSat-2 - MarsSat-4,18461900.779,18585990.086,124089.307,
MarsSat-2 - MarsSat-4,18589868.853,18619917.278,30048.425,
MarsSat-2 - MarsSat-4,18623338.062,18747531.507,124193.444,
MarsSat-2 - MarsSat-4,18750524.577,18780777.952,30253.375,
MarsSat-2 - MarsSat-4,18784641.467,18815465.208,30823.740,
MarsSat-2 - MarsSat-4,18817757.390,18941898.219,124140.828,
MarsSat-2 - MarsSat-4,18945780.266,18975857.131,30076.865,
MarsSat-2 - MarsSat-4,18979211.447,19103384.076,124172.629,
MarsSat-2 - MarsSat-4,19106510.242,19136702.003,30191.761,
MarsSat-2 - MarsSat-4,19140526.876,19171449.701,30922.826,
MarsSat-2 - MarsSat-4,19173610.734,19297807.252,124196.517,
MarsSat-2 - MarsSat-4,19301687.949,19331797.457,30109.508,
MarsSat-2 - MarsSat-4,19335083.552,19459246.311,124162.760,
MarsSat-2 - MarsSat-4,19462482.364,19492625.965,30143.602,
MarsSat-2 - MarsSat-4,19496410.510,19565707.091,69296.581,
MarsSat-2 - MarsSat-4,19568923.656,19653716.991,84793.335,
MarsSat-2 - MarsSat-4,19657592.201,19687738.367,30146.166,
MarsSat-2 - MarsSat-4,19690954.395,19815116.129,124161.734,
MarsSat-2 - MarsSat-4,19818443.153,19848549.839,30106.686,
MarsSat-2 - MarsSat-4,19852292.467,19921347.969,69055.501,
MarsSat-2 - MarsSat-4,19927239.914,20009627.276,82387.362,
MarsSat-2 - MarsSat-4,20013493.287,20043679.990,30186.703,
MarsSat-2 - MarsSat-4,20046823.986,20204473.631,157649.645,
MarsSat-2 - MarsSat-4,20208172.835,20277205.893,69033.058,
MarsSat-2 - MarsSat-4,20284477.407,20365537.970,81060.563,
MarsSat-2 - MarsSat-4,20369391.444,20399622.471,30231.027,
MarsSat-2 - MarsSat-4,20402692.326,20526872.690,124180.364,
MarsSat-2 - MarsSat-4,20530337.068,20560397.359,30060.291,
MarsSat-2 - MarsSat-4,20564051.695,20595462.639,31410.944,
MarsSat-2 - MarsSat-4,20596970.581,20633176.074,36205.493,
MarsSat-2 - MarsSat-4,20640971.924,20721448.962,80477.037,
MarsSat-2 - MarsSat-4,20725286.884,20755565.976,30279.091,
MarsSat-2 - MarsSat-4,20758559.402,20882757.329,124197.927,
MarsSat-2 - MarsSat-4,20886272.547,20916321.044,30048.497,
MarsSat-2 - MarsSat-4,20919929.120,20951498.834,31569.714,
MarsSat-2 - MarsSat-4,20952785.017,20989246.582,36461.566,
MarsSat-2 - MarsSat-4,20996971.561,21044989.455,48017.894,
MarsSat-2 - MarsSat-4,21046211.251,21077360.156,31148.905,
MarsSat-2 - MarsSat-4,21081179.799,21111510.692,30330.893,
MarsSat-2 - MarsSat-4,21114425.185,21238645.166,124219.981,
MarsSat-2 - MarsSat-4,21242201.576,21272244.719,30043.143,
MarsSat-2 - MarsSat-4,21275805.178,21307563.359,31758.181,
MarsSat-2 - MarsSat-4,21308575.102,21345440.064,36864.962,
MarsSat-2 - MarsSat-4,21352556.733,21400647.991,48091.258,
MarsSat-2 - MarsSat-4,21402392.940,21433271.477,30878.537,
MarsSat-2 - MarsSat-4,21437070.361,21594535.612,157465.251,
MarsSat-2 - MarsSat-4,21598124.864,21628168.422,30043.558,
MarsSat-2 - MarsSat-4,21631679.932,21701829.761,70149.829,
MarsSat-2 - MarsSat-4,21707695.565,21756390.162,48694.597,
MarsSat-2 - MarsSat-4,21758486.934,21789182.861,30695.928,
MarsSat-2 - MarsSat-4,21792958.726,21950428.185,157469.459,
MarsSat-2 - MarsSat-4,21954043.008,21984092.201,30049.193,
MarsSat-2 - MarsSat-4,21987553.436,22058700.510,71147.074,
MarsSat-2 - MarsSat-4,22062119.988,22145094.260,82974.272,
MarsSat-2 - MarsSat-4,22148845.037,22179354.429,30509.392,
MarsSat-2 - MarsSat-4,22182014.238,22306322.492,124308.254,
MarsSat-2 - MarsSat-4,22309956.512,22340016.109,30059.597,
MarsSat-2 - MarsSat-4,22343425.741,22501005.635,157579.894,
MarsSat-2 - MarsSat-4,22504729.424,22535306.501,30577.077,
MarsSat-2 - MarsSat-4,22537874.176,22662218.205,124344.030,
MarsSat-2 - MarsSat-4,22665865.814,22695940.210,30074.396,
MarsSat-2 - MarsSat-4,22699296.890,22823812.965,124516.075,
MarsSat-2 - MarsSat-4,22826549.044,22856916.958,30367.914,
MarsSat-2 - MarsSat-4,22860612.004,22891261.263,30649.259,
MarsSat-2 - MarsSat-4,22893732.325,23018115.055,124382.730,
MarsSat-2 - MarsSat-4,23021771.290,23051864.575,30093.285,
MarsSat-2 - MarsSat-4,23055166.922,23179654.617,124487.695,
MarsSat-2 - MarsSat-4,23182528.169,23212828.212,30300.044,
MarsSat-2 - MarsSat-4,23216492.886,23247219.188,30726.302,
MarsSat-2 - MarsSat-4,23249588.457,23374012.814,124424.357,
MarsSat-2 - MarsSat-4,23377673.271,23407789.287,30116.016,
MarsSat-2 - MarsSat-4,23411035.869,23535506.315,124470.446,
MarsSat-2 - MarsSat-4,23538493.669,23568739.387,30245.718,
MarsSat-2 - MarsSat-4,23572372.170,23603180.852,30808.681,
MarsSat-2 - MarsSat-4,23605442.261,23729911.294,124469.033,
MarsSat-2 - MarsSat-4,23733572.046,23891365.821,157793.775,
MarsSat-2 - MarsSat-4,23894447.900,23924650.481,30202.581,
MarsSat-2 - MarsSat-4,23928249.948,24085810.337,157560.389,
MarsSat-2 - MarsSat-4,24089467.873,24119640.128,30172.255,
MarsSat-2 - MarsSat-4,24122770.606,24247231.501,124460.894,
MarsSat-2 - MarsSat-4,24250392.614,24280561.499,30168.885,
MarsSat-2 - MarsSat-4,24284126.302,24353474.963,69348.661,
MarsSat-2 - MarsSat-4,24358656.728,24441709.810,83053.082,
MarsSat-2 - MarsSat-4,24445360.979,24475566.476,30205.497,
MarsSat-2 - MarsSat-4,24478636.427,24603102.121,124465.694,
MarsSat-2 - MarsSat-4,24606329.162,24636472.456,30143.293,
MarsSat-2 - MarsSat-4,24640001.311,24709128.215,69126.904,
MarsSat-2 - MarsSat-4,24716716.895,24797609.605,80892.710,
MarsSat-2 - MarsSat-4,24801251.569,24831493.612,30242.043,
MarsSat-2 - MarsSat-4,24834501.223,24992383.370,157882.147,
MarsSat-2 - MarsSat-4,24995875.044,25027082.743,31207.699,
MarsSat-2 - MarsSat-4,25028822.583,25065008.369,36185.786,
MarsSat-2 - MarsSat-4,25073421.649,25153509.630,80087.981,
MarsSat-2 - MarsSat-4,25157139.826,25187421.682,30281.856,
MarsSat-2 - MarsSat-4,25190364.988,25314854.577,124489.589,
MarsSat-2 - MarsSat-4,25318181.831,25348294.268,30112.437,
MarsSat-2 - MarsSat-4,25351747.567,25383079.608,31332.042,
MarsSat-2 - MarsSat-4,25384653.215,25421019.043,36365.828,
MarsSat-2 - MarsSat-4,25429479.647,25476932.735,47453.088,
MarsSat-2 - MarsSat-4,25478361.024,25509409.810,31048.785,
MarsSat-2 - MarsSat-4,25513025.916,25543350.853,30324.936,
MarsSat-2 - MarsSat-4,25546227.703,25670735.062,124507.359,
MarsSat-2 - MarsSat-4,25674099.527,25704205.182,30105.655,
MarsSat-2 - MarsSat-4,25707618.939,25739090.918,31471.979,
MarsSat-2 - MarsSat-4,25740473.077,25777158.765,36685.688,
MarsSat-2 - MarsSat-4,25785071.232,25832648.123,47576.891,
MarsSat-2 - MarsSat-4,25834466.263,25865310.085,30843.822,
MarsSat-2 - MarsSat-4,25868909.988,25899281.310,30371.322,
MarsSat-2 - MarsSat-4,25902089.339,26026617.702,124528.363,
MarsSat-2 - MarsSat-4,26030012.297,26060116.153,30103.857,
MarsSat-2 - MarsSat-4,26063489.214,26133479.441,69990.227,
MarsSat-2 - MarsSat-4,26140206.225,26188415.531,48209.305,
MarsSat-2 - MarsSat-4,26190515.756,26221210.408,30694.652,
MarsSat-2 - MarsSat-4,26224792.178,26382502.100,157709.922,
MarsSat-2 - MarsSat-4,26385920.643,26416027.227,30106.585,
MarsSat-2 - MarsSat-4,26419358.441,26490172.082,70813.642,
MarsSat-2 - MarsSat-4,26494719.711,26544212.926,49493.215,
MarsSat-2 - MarsSat-4,26546531.613,26577110.740,30579.127,
MarsSat-2 - MarsSat-4,26580672.610,26611146.972,30474.362,
MarsSat-2 - MarsSat-4,26613809.162,26738387.931,124578.769,
MarsSat-2 - MarsSat-4,26741824.996,26771938.458,30113.462,
MarsSat-2 - MarsSat-4,26775226.664,26933011.055,157784.391,
MarsSat-2 - MarsSat-4,26936551.396,26967082.704,30531.307,
MarsSat-2 - MarsSat-4,26969667.189,27094274.925,124607.736,
MarsSat-2 - MarsSat-4,27097725.727,27127849.905,30124.178,
MarsSat-2 - MarsSat-4,27131093.921,27288911.334,157817.413,
MarsSat-2 - MarsSat-4,27292428.641,27323020.791,30592.150,
MarsSat-2 - MarsSat-4,27325523.805,27450162.858,124639.053,
MarsSat-2 - MarsSat-4,27453623.159,27483761.637,30138.478,
MarsSat-2 - MarsSat-4,27486960.248,27611703.745,124743.497,
MarsSat-2 - MarsSat-4,27614459.632,27644811.568,30351.936,
MarsSat-2 - MarsSat-4,27648304.438,27678961.621,30657.183,
MarsSat-2 - MarsSat-4,27681378.845,27806051.545,124672.701,
MarsSat-2 - MarsSat-4,27809517.576,27839673.731,30156.156,
MarsSat-2 - MarsSat-4,27842825.671,27967553.948,124728.276,
MarsSat-2 - MarsSat-4,27970409.095,28000711.753,30302.657,
MarsSat-2 - MarsSat-4,28004178.875,28034905.654,30726.779,
MarsSat-2 - MarsSat-4,28037232.086,28161940.830,124708.744,
MarsSat-2 - MarsSat-4,28165409.227,28323410.535,158001.308,
MarsSat-2 - MarsSat-4,28326349.057,28356611.892,30262.835,
MarsSat-2 - MarsSat-4,28360052.031,28517830.583,157778.552,
MarsSat-2 - MarsSat-4,28521298.334,28551499.359,30201.024,
MarsSat-2 - MarsSat-4,28554553.897,28679272.203,124718.306,
MarsSat-2 - MarsSat-4,28682280.934,28712511.997,30231.063,
MarsSat-2 - MarsSat-4,28715923.980,28873720.697,157796.717,
MarsSat-2 - MarsSat-4,28877185.095,28907413.094,30227.999,
MarsSat-2 - MarsSat-4,28910416.728,29035137.958,124721.230,
MarsSat-2 - MarsSat-4,29038205.834,29068412.083,30206.249,
MarsSat-2 - MarsSat-4,29071794.790,29141308.201,69513.411,
MarsSat-2 - MarsSat-4,29149071.810,29229611.084,80539.274,
MarsSat-2 - MarsSat-4,29233069.688,29263327.599,30257.911,
MarsSat-2 - MarsSat-4,29266278.710,29391007.024,124728.314,
MarsSat-2 - MarsSat-4,29394124.644,29424312.173,30187.529,
MarsSat-2 - MarsSat-4,29427664.521,29458727.257,31062.735,
MarsSat-2 - MarsSat-4,29460619.235,29496989.251,36370.015,
MarsSat-2 - MarsSat-4,29505997.671,29585501.669,79503.999,
MarsSat-2 - MarsSat-4,29588952.271,29619243.007,30290.736,
MarsSat-2 - MarsSat-4,29622139.840,29780212.295,158072.455,
MarsSat-2 - MarsSat-4,29783533.232,29814699.243,31166.011,
MarsSat-2 - MarsSat-4,29816456.014,29852906.069,36450.055,
MarsSat-2 - MarsSat-4,29862087.085,29941392.395,79305.310,
MarsSat-2 - MarsSat-4,29944832.988,29975159.467,30326.479,
MarsSat-2 - MarsSat-4,29978000.103,30102752.752,124752.649,
MarsSat-2 - MarsSat-4,30105946.768,30136112.484,30165.716,
MarsSat-2 - MarsSat-4,30139400.974,30170681.396,31280.422,
MarsSat-2 - MarsSat-4,30172286.056,30208981.781,36695.725,
MarsSat-2 - MarsSat-4,30217661.180,30264602.330,46941.150,
MarsSat-2 - MarsSat-4,30266444.156,30297283.214,30839.059,
MarsSat-2 - MarsSat-4,30300711.971,30331077.149,30365.177,
MarsSat-2 - MarsSat-4,30333859.475,30458628.521,124769.046,
MarsSat-2 - MarsSat-4,30461851.187,30526677.085,64825.897,
MarsSat-2 - MarsSat-4,30528106.476,30565240.275,37133.799,
MarsSat-2 - MarsSat-4,30572764.707,30620385.701,47620.994,
MarsSat-2 - MarsSat-4,30622461.969,30653174.090,30712.121,
MarsSat-2 - MarsSat-4,30656589.338,30814505.766,157916.428,
MarsSat-2 - MarsSat-4,30817751.776,30847913.224,30161.448,
MarsSat-2 - MarsSat-4,30851133.737,30921822.064,70688.327,
MarsSat-2 - MarsSat-4,30927286.043,30976191.724,48905.681,
MarsSat-2 - MarsSat-4,30978453.733,31009064.995,30611.262,
MarsSat-2 - MarsSat-4,31012465.197,31170384.217,157919.020,
MarsSat-2 - MarsSat-4,31173648.903,31203813.873,30164.970,
MarsSat-2 - MarsSat-4,31206998.838,31332013.366,125014.527,
MarsSat-2 - MarsSat-4,31334426.588,31364955.911,30529.323,
MarsSat-2 - MarsSat-4,31368339.647,31398839.563,30499.916,
MarsSat-2 - MarsSat-4,31401431.765,31526263.651,124831.885,
MarsSat-2 - MarsSat-4,31529542.888,31536000.000,6457.112,
MarsSat-3 - MarsSat-4,0.000,2448.216,2448.216,
MarsSat-3 - MarsSat-4,15630.064,54745.123,39115.059,
MarsSat-3 - MarsSat-4,58554.749,108453.109,49898.360,
MarsSat-3 - MarsSat-4,115190.610,153436.936,38246.325,
MarsSat-3 - MarsSat-4,158124.120,253994.127,95870.007,
MarsSat-3 - MarsSat-4,262612.869,312481.446,49868.577,
MarsSat-3 - MarsSat-4,315007.370,359441.876,44434.506,
MarsSat-3 - MarsSat-4,372052.769,410784.344,38731.575,
MarsSat-3 - MarsSat-4,414729.387,465937.486,51208.098,
MarsSat-3 - MarsSat-4,471350.389,509583.304,38232.916,
MarsSat-3 - MarsSat-4,514388.259,610904.403,96516.143,
MarsSat-3 - MarsSat-4,625385.259,668481.271,43096.012,
MarsSat-3 - MarsSat-4,671295.870,716517.593,45221.723,
MarsSat-3 - MarsSat-4,728404.616,766830.934,38426.317,
MarsSat-3 - MarsSat-4,770900.152,823326.323,52426.171,
MarsSat-3 - MarsSat-4,827493.998,865761.296,38267.298,
MarsSat-3 - MarsSat-4,870701.552,968174.950,97473.398,
MarsSat-3 - MarsSat-4,983196.571,1024490.693,41294.122,
MarsSat-3 - MarsSat-4,1027544.934,1073696.991,46152.057,
MarsSat-3 - MarsSat-4,1084702.568,1122885.967,38183.398,
MarsSat-3 - MarsSat-4,1127072.203,1180562.694,53490.491,
MarsSat-3 - MarsSat-4,1183626.894,1221980.730,38353.836,
MarsSat-3 - MarsSat-4,1227085.525,1325568.021,98482.495,
MarsSat-3 - MarsSat-4,1340280.709,1380506.485,40225.776,
MarsSat-3 - MarsSat-4,1383764.641,1430985.520,47220.880,
MarsSat-3 - MarsSat-4,1440958.618,1478951.019,37992.401,
MarsSat-3 - MarsSat-4,1483250.923,1578255.979,95005.056,
MarsSat-3 - MarsSat-4,1583577.649,1682764.538,99186.890,
MarsSat-3 - MarsSat-4,1697047.272,1736527.215,39479.942,
MarsSat-3 - MarsSat-4,1739962.565,1788366.152,48403.588,
MarsSat-3 - MarsSat-4,1797181.793,1835028.240,37846.447,
MarsSat-3 - MarsSat-4,1839442.264,1934609.209,95166.945,
MarsSat-3 - MarsSat-4,1940259.945,1994260.029,54000.084,
MarsSat-3 - MarsSat-4,1996306.903,2039836.866,43529.963,
MarsSat-3 - MarsSat-4,2053631.244,2092552.409,38921.165,
MarsSat-3 - MarsSat-4,2096144.872,2145794.288,49649.416,
MarsSat-3 - MarsSat-4,2153379.353,2191120.492,37741.140,
MarsSat-3 - MarsSat-4,2195653.177,2291077.189,95424.013,
MarsSat-3 - MarsSat-4,2297404.856,2350266.962,52862.106,
MarsSat-3 - MarsSat-4,2352632.388,2396897.133,44264.745,
MarsSat-3 - MarsSat-4,2410095.802,2448582.198,38486.396,
MarsSat-3 - MarsSat-4,2452316.906,2503203.211,50886.305,
MarsSat-3 - MarsSat-4,2509557.628,2547231.584,37673.956,
MarsSat-3 - MarsSat-4,2551892.228,2647726.907,95834.679,
MarsSat-3 - MarsSat-4,2660742.901,2706280.300,45537.400,
MarsSat-3 - MarsSat-4,2708911.163,2754006.866,45095.703,
MarsSat-3 - MarsSat-4,2766476.215,2804617.151,38140.936,
MarsSat-3 - MarsSat-4,2808483.578,2860523.295,52039.717,
MarsSat-3 - MarsSat-4,2865722.720,2903366.646,37643.925,
MarsSat-3 - MarsSat-4,2908170.581,3004689.448,96518.867,
MarsSat-3 - MarsSat-4,3020543.466,3062296.831,41753.365,
MarsSat-3 - MarsSat-4,3065154.343,3111196.569,46042.226,
MarsSat-3 - MarsSat-4,3122794.494,3160658.210,37863.717,
MarsSat-3 - MarsSat-4,3164649.659,3217702.886,53053.227,
MarsSat-3 - MarsSat-4,3221881.242,3259532.741,37651.499,
MarsSat-3 - MarsSat-4,3264503.770,3362137.775,97634.005,
MarsSat-3 - MarsSat-4,3377987.358,3418315.286,40327.928,
MarsSat-3 - MarsSat-4,3421370.052,3468474.252,47104.200,
MarsSat-3 - MarsSat-4,3479065.538,3516706.698,37641.160,
MarsSat-3 - MarsSat-4,3520820.047,3574715.791,53895.744,
MarsSat-3 - MarsSat-4,3578041.176,3615739.908,37698.732,
MarsSat-3 - MarsSat-4,3620915.517,3719755.752,98840.234,
MarsSat-3 - MarsSat-4,3734909.002,3774335.312,39426.310,
MarsSat-3 - MarsSat-4,3777564.752,3825824.698,48259.946,
MarsSat-3 - MarsSat-4,3835300.132,3872764.357,37464.225,
MarsSat-3 - MarsSat-4,3877000.056,3972003.041,95002.986,
MarsSat-3 - MarsSat-4,3977447.777,4031973.269,54525.491,
MarsSat-3 - MarsSat-4,4034000.702,4077091.059,43090.357,
MarsSat-3 - MarsSat-4,4091576.971,4130357.059,38780.087,
MarsSat-3 - MarsSat-4,4133743.886,4183208.305,49464.418,
MarsSat-3 - MarsSat-4,4191506.592,4228833.451,37326.859,
MarsSat-3 - MarsSat-4,4233195.751,4328345.599,95149.849,
MarsSat-3 - MarsSat-4,4334195.913,4388016.886,53820.973,
MarsSat-3 - MarsSat-4,4390295.218,4434280.086,43984.868,
MarsSat-3 - MarsSat-4,4448092.302,4486381.003,38288.701,
MarsSat-3 - MarsSat-4,4489912.275,4540567.668,50655.393,
MarsSat-3 - MarsSat-4,4547691.764,4584916.921,37225.157,
MarsSat-3 - MarsSat-4,4589414.411,4684807.775,95393.364,
MarsSat-3 - MarsSat-4,4691519.073,4744052.796,52533.723,
MarsSat-3 - MarsSat-4,4746555.042,4791457.327,44902.285,
MarsSat-3 - MarsSat-4,4804505.334,4842407.878,37902.544,
MarsSat-3 - MarsSat-4,4846074.390,4897843.646,51769.256,
MarsSat-3 - MarsSat-4,4903861.704,4941018.639,37156.936,
MarsSat-3 - MarsSat-4,4945665.203,5041466.964,95801.761,
MarsSat-3 - MarsSat-4,5057200.680,5100083.190,42882.511,
MarsSat-3 - MarsSat-4,5102785.855,5148681.137,45895.282,
MarsSat-3 - MarsSat-4,5160845.276,5198438.650,37593.374,
MarsSat-3 - MarsSat-4,5202234.579,5254991.959,52757.380,
MarsSat-3 - MarsSat-4,5260022.182,5297143.806,37121.623,
MarsSat-3 - MarsSat-4,5301960.278,5398493.120,96532.842,
MarsSat-3 - MarsSat-4,5415505.175,5456109.626,40604.451,
MarsSat-3 - MarsSat-4,5458992.926,5505969.174,46976.248,
MarsSat-3 - MarsSat-4,5517130.863,5554474.535,37343.672,
MarsSat-3 - MarsSat-4,5558397.278,5611989.904,53592.626,
MarsSat-3 - MarsSat-4,5616179.056,5653299.599,37120.543,
MarsSat-3 - MarsSat-4,5658316.790,5756178.727,97861.938,
MarsSat-3 - MarsSat-4,5772674.082,5812133.360,39459.278,
MarsSat-3 - MarsSat-4,5815181.050,5863310.485,48129.435,
MarsSat-3 - MarsSat-4,5873375.049,5910517.040,37141.991,
MarsSat-3 - MarsSat-4,5914567.241,6009496.294,94929.053,
MarsSat-3 - MarsSat-4,6014761.271,6114061.874,99300.603,
MarsSat-3 - MarsSat-4,6129458.458,6168155.504,38697.046,
MarsSat-3 - MarsSat-4,6171354.615,6220670.296,49315.681,
MarsSat-3 - MarsSat-4,6229587.369,6266568.039,36980.670,
MarsSat-3 - MarsSat-4,6270749.810,6365749.334,94999.524,
MarsSat-3 - MarsSat-4,6371341.536,6425729.815,54388.279,
MarsSat-3 - MarsSat-4,6427999.607,6471533.072,43533.465,
MarsSat-3 - MarsSat-4,6486038.979,6524177.121,38138.142,
MarsSat-3 - MarsSat-4,6527517.705,6577998.698,50480.992,
MarsSat-3 - MarsSat-4,6585775.264,6622629.890,36854.626,
MarsSat-3 - MarsSat-4,6626951.271,6722083.512,95132.241,
MarsSat-3 - MarsSat-4,6728171.387,6781795.918,53624.531,
MarsSat-3 - MarsSat-4,6784232.244,6828840.039,44607.795,
MarsSat-3 - MarsSat-4,6842491.730,6880199.283,37707.553,
MarsSat-3 - MarsSat-4,6883674.229,6935245.174,51570.946,
MarsSat-3 - MarsSat-4,6941944.872,6978705.606,36760.733,
MarsSat-3 - MarsSat-4,6983179.357,7078542.598,95363.241,
MarsSat-3 - MarsSat-4,7085763.734,7137846.556,52082.822,
MarsSat-3 - MarsSat-4,7140444.124,7186131.533,45687.409,
MarsSat-3 - MarsSat-4,7198856.860,7236223.125,37366.265,
MarsSat-3 - MarsSat-4,7239828.045,7292372.182,52544.137,
MarsSat-3 - MarsSat-4,7298101.544,7334799.121,36697.577,
MarsSat-3 - MarsSat-4,7339444.007,7435215.391,95771.384,
MarsSat-3 - MarsSat-4,7452651.710,7493886.254,41234.543,
MarsSat-3 - MarsSat-4,7496637.475,7543454.156,46816.680,
MarsSat-3 - MarsSat-4,7555158.518,7592249.893,37091.375,
MarsSat-3 - MarsSat-4,7595983.114,7649360.574,53377.460,
MarsSat-3 - MarsSat-4,7654250.158,7690915.715,36665.557,
MarsSat-3 - MarsSat-4,7695758.628,7792320.461,96561.833,
MarsSat-3 - MarsSat-4,7810300.848,7849918.146,39617.298,
MarsSat-3 - MarsSat-4,7852815.139,7900807.235,47992.096,
MarsSat-3 - MarsSat-4,7911412.585,7948280.999,36868.413,
MarsSat-3 - MarsSat-4,7952143.667,8006206.918,54063.251,
MarsSat-3 - MarsSat-4,8010395.278,8047062.695,36667.417,
MarsSat-3 - MarsSat-4,8052142.425,8150338.256,98195.831,
MarsSat-3 - MarsSat-4,8167260.664,8205944.550,38683.887,
MarsSat-3 - MarsSat-4,8208980.194,8258162.074,49181.880,
MarsSat-3 - MarsSat-4,8267630.241,8304318.092,36687.851,
MarsSat-3 - MarsSat-4,8308314.415,8362917.653,54603.238,
MarsSat-3 - MarsSat-4,8366541.104,8403250.603,36709.499,
MarsSat-3 - MarsSat-4,8408625.557,8463409.317,54783.759,
MarsSat-3 - MarsSat-4,8465744.312,8508509.105,42764.793,
MarsSat-3 - MarsSat-4,8523929.695,8561967.311,38037.616,
MarsSat-3 - MarsSat-4,8565135.809,8615475.444,50339.636,
MarsSat-3 - MarsSat-4,8623819.812,8660363.151,36543.339,
MarsSat-3 - MarsSat-4,8664500.830,8759495.470,94994.639,
MarsSat-3 - MarsSat-4,8765263.614,8819509.811,54246.198,
MarsSat-3 - MarsSat-4,8821944.625,8866101.871,44157.246,
MarsSat-3 - MarsSat-4,8880433.346,8917988.000,37554.655,
MarsSat-3 - MarsSat-4,8921285.199,8972704.199,51419.000,
MarsSat-3 - MarsSat-4,8979987.818,9016418.610,36430.792,
MarsSat-3 - MarsSat-4,9020709.531,9115823.505,95113.974,
MarsSat-3 - MarsSat-4,9122196.844,9175585.472,53388.628,
MarsSat-3 - MarsSat-4,9178132.257,9223520.621,45388.364,
MarsSat-3 - MarsSat-4,9236829.582,9274008.052,37178.470,
MarsSat-3 - MarsSat-4,9277431.662,9329816.946,52385.284,
MarsSat-3 - MarsSat-4,9336139.606,9372487.548,36347.942,
MarsSat-3 - MarsSat-4,9376948.848,9472282.311,95333.463,
MarsSat-3 - MarsSat-4,9480283.002,9485638.228,5355.226,
MarsSat-3 - MarsSat-4,9488026.400,9531642.987,43616.587,
MarsSat-3 - MarsSat-4,9534307.161,9580910.692,46603.531,
MarsSat-3 - MarsSat-4,9593150.586,9686798.247,93647.661,
MarsSat-3 - MarsSat-4,9692279.727,9728573.967,36294.241,
MarsSat-3 - MarsSat-4,9733229.703,9828973.507,95743.804,
MarsSat-3 - MarsSat-4,9847694.869,9887687.158,39992.290,
MarsSat-3 - MarsSat-4,9890470.408,9938299.279,47828.871,
MarsSat-3 - MarsSat-4,9949416.353,9986051.867,36635.514,
MarsSat-3 - MarsSat-4,9989729.866,10043646.212,53916.346,
MarsSat-3 - MarsSat-4,10048412.159,10084683.233,36271.074,
MarsSat-3 - MarsSat-4,10089567.086,10186178.890,96611.804,
MarsSat-3 - MarsSat-4,10204956.472,10243721.520,38765.048,
MarsSat-3 - MarsSat-4,10246623.753,10295668.385,49044.632,
MarsSat-3 - MarsSat-4,10305640.329,10342078.620,36438.290,
MarsSat-3 - MarsSat-4,10345889.457,10400367.554,54478.097,
MarsSat-3 - MarsSat-4,10404540.394,10440822.806,36282.411,
MarsSat-3 - MarsSat-4,10445982.822,10501063.013,55080.191,
MarsSat-3 - MarsSat-4,10503523.832,10544685.958,41162.126,
MarsSat-3 - MarsSat-4,10561753.848,10599748.780,37994.932,
MarsSat-3 - MarsSat-4,10602769.366,10652982.133,50212.767,
MarsSat-3 - MarsSat-4,10661832.120,10698110.876,36278.756,
MarsSat-3 - MarsSat-4,10702062.190,10756973.234,54911.045,
MarsSat-3 - MarsSat-4,10760667.391,10797003.524,36336.133,
MarsSat-3 - MarsSat-4,10802511.787,10857197.972,54686.185,
MarsSat-3 - MarsSat-4,10859690.623,10903110.929,43420.306,
MarsSat-3 - MarsSat-4,10918325.826,10955771.106,37445.280,
MarsSat-3 - MarsSat-4,10958909.696,11010204.362,51294.666,
MarsSat-3 - MarsSat-4,11017998.942,11054150.696,36151.754,
MarsSat-3 - MarsSat-4,11058253.769,11153242.065,94988.296,
MarsSat-3 - MarsSat-4,11159220.101,11213300.858,54080.757,
MarsSat-3 - MarsSat-4,11215851.032,11260801.445,44950.413,
MarsSat-3 - MarsSat-4,11274762.166,11311790.333,37028.167,
MarsSat-3 - MarsSat-4,11315047.413,11367309.643,52262.230,
MarsSat-3 - MarsSat-4,11374146.450,11410200.582,36054.132,
MarsSat-3 - MarsSat-4,11414471.269,11509566.175,95094.907,
MarsSat-3 - MarsSat-4,11516287.878,11569379.248,53091.370,
MarsSat-3 - MarsSat-4,11572003.987,11618313.886,46309.899,
MarsSat-3 - MarsSat-4,11631107.656,11724286.549,93178.894,
MarsSat-3 - MarsSat-4,11730279.240,11766263.675,35984.435,
MarsSat-3 - MarsSat-4,11770723.785,11866027.660,95303.875,
MarsSat-3 - MarsSat-4,11884533.802,11925438.971,40905.168,
MarsSat-3 - MarsSat-4,11928149.409,11975769.240,47619.831,
MarsSat-3 - MarsSat-4,11987388.283,12023825.972,36437.689,
MarsSat-3 - MarsSat-4,12027326.914,12081135.261,53808.346,
MarsSat-3 - MarsSat-4,12086401.152,12122344.048,35942.896,
MarsSat-3 - MarsSat-4,12127023.479,12222742.930,95719.451,
MarsSat-3 - MarsSat-4,12242490.992,12281484.500,38993.507,
MarsSat-3 - MarsSat-4,12284287.994,12333174.689,48886.695,
MarsSat-3 - MarsSat-4,12343620.669,12379845.503,36224.834,
MarsSat-3 - MarsSat-4,12383475.481,12437863.223,54387.742,
MarsSat-3 - MarsSat-4,12442515.443,12478447.168,35931.725,
MarsSat-3 - MarsSat-4,12483387.339,12538700.161,55312.823,
MarsSat-3 - MarsSat-4,12541330.686,12580080.176,38749.490,
MarsSat-3 - MarsSat-4,12599492.904,12637519.310,38026.406,
MarsSat-3 - MarsSat-4,12640421.013,12690505.289,50084.276,
MarsSat-3 - MarsSat-4,12699816.207,12735868.347,36052.140,
MarsSat-3 - MarsSat-4,12739635.262,12794481.373,54846.110,
MarsSat-3 - MarsSat-4,12798624.863,12834580.671,35955.808,
MarsSat-3 - MarsSat-4,12839840.558,12894866.414,55025.856,
MarsSat-3 - MarsSat-4,12897465.932,12939320.587,41854.655,
MarsSat-3 - MarsSat-4,12956161.458,12993546.165,37384.708,
MarsSat-3 - MarsSat-4,12996550.158,13047732.731,51182.573,
MarsSat-3 - MarsSat-4,13055983.145,13091896.339,35913.194,
MarsSat-3 - MarsSat-4,13095811.186,13151001.704,55190.519,
MarsSat-3 - MarsSat-4,13154731.656,13190755.732,36024.077,
MarsSat-3 - MarsSat-4,13196424.243,13250996.003,54571.760,
MarsSat-3 - MarsSat-4,13253598.748,13297865.593,44266.845,
MarsSat-3 - MarsSat-4,13312651.419,13349567.336,36915.917,
MarsSat-3 - MarsSat-4,13352677.468,13404837.957,52160.489,
MarsSat-3 - MarsSat-4,13412127.719,13447931.605,35803.886,
MarsSat-3 - MarsSat-4,13452009.297,13507436.010,55426.713,
MarsSat-3 - MarsSat-4,13510837.521,13546989.749,36152.228,
MarsSat-3 - MarsSat-4,13553219.148,13607096.352,53877.204,
MarsSat-3 - MarsSat-4,13609728.056,13655623.501,45895.444,
MarsSat-3 - MarsSat-4,13669028.883,13705584.768,36555.885,
MarsSat-3 - MarsSat-4,13708805.286,13761814.089,53008.803,
MarsSat-3 - MarsSat-4,13768254.823,13803976.708,35721.884,
MarsSat-3 - MarsSat-4,13808237.265,13903312.169,95074.904,
MarsSat-3 - MarsSat-4,13910469.899,13963173.574,52703.675,
MarsSat-3 - MarsSat-4,13965853.361,14013194.806,47341.445,
MarsSat-3 - MarsSat-4,14025328.971,14118664.016,93335.045,
MarsSat-3 - MarsSat-4,14124368.408,14160034.849,35666.441,
MarsSat-3 - MarsSat-4,14164505.156,14259779.508,95274.352,
MarsSat-3 - MarsSat-4,14279723.179,14319232.617,39509.438,
MarsSat-3 - MarsSat-4,14321974.758,14370665.236,48690.477,
MarsSat-3 - MarsSat-4,14381572.854,14417615.294,36042.440,
MarsSat-3 - MarsSat-4,14421073.529,14475396.505,54322.976,
MarsSat-3 - MarsSat-4,14480471.737,14516110.180,35638.443,
MarsSat-3 - MarsSat-4,14520826.680,14576329.450,55502.770,
MarsSat-3 - MarsSat-4,14579157.519,14616525.686,37368.167,
MarsSat-3 - MarsSat-4,14637112.048,14675277.467,38165.420,
MarsSat-3 - MarsSat-4,14678092.872,14728032.031,49939.159,
MarsSat-3 - MarsSat-4,14737774.420,14773631.675,35857.255,
MarsSat-3 - MarsSat-4,14777220.582,14832022.949,54802.367,
MarsSat-3 - MarsSat-4,14836567.534,14872208.287,35640.753,
MarsSat-3 - MarsSat-4,14877221.370,14932522.150,55300.780,
MarsSat-3 - MarsSat-4,14935264.922,14974045.128,38780.205,
MarsSat-3 - MarsSat-4,14993926.995,15031311.359,37384.364,
MarsSat-3 - MarsSat-4,15034208.778,15085277.943,51069.166,
MarsSat-3 - MarsSat-4,15093943.357,15129651.068,35707.711,
MarsSat-3 - MarsSat-4,15133381.689,15188555.300,55173.610,
MarsSat-3 - MarsSat-4,15192658.063,15228337.005,35678.942,
MarsSat-3 - MarsSat-4,15233718.792,15288675.852,54957.060,
MarsSat-3 - MarsSat-4,15291371.818,15334278.346,42906.528,
MarsSat-3 - MarsSat-4,15350491.532,15387336.954,36845.422,
MarsSat-3 - MarsSat-4,15390323.940,15442391.650,52067.710,
MarsSat-3 - MarsSat-4,15450086.759,15485675.365,35588.607,
MarsSat-3 - MarsSat-4,15489562.031,15545004.992,55442.961,
MarsSat-3 - MarsSat-4,15548745.165,15584507.899,35762.734,
MarsSat-3 - MarsSat-4,15590368.427,15644797.341,54428.914,
MarsSat-3 - MarsSat-4,15647477.611,15692755.639,45278.028,
MarsSat-3 - MarsSat-4,15706911.814,15743356.500,36444.685,
MarsSat-3 - MarsSat-4,15746440.180,15799371.764,52931.583,
MarsSat-3 - MarsSat-4,15806210.025,15841706.747,35496.722,
MarsSat-3 - MarsSat-4,15845768.114,15901382.513,55614.399,
MarsSat-3 - MarsSat-4,15904830.268,15940739.176,35908.908,
MarsSat-3 - MarsSat-4,15947272.076,16000892.478,53620.403,
MarsSat-3 - MarsSat-4,16003581.921,16050542.247,46960.326,
MarsSat-3 - MarsSat-4,16063237.766,16156224.682,92986.916,
MarsSat-3 - MarsSat-4,16162317.399,16197747.830,35430.431,
MarsSat-3 - MarsSat-4,16202008.364,16297062.195,95053.832,
MarsSat-3 - MarsSat-4,16304791.068,16312336.925,7545.857,
MarsSat-3 - MarsSat-4,16315883.087,16356966.238,41083.151,
MarsSat-3 - MarsSat-4,16359684.688,16408120.561,48435.873,
MarsSat-3 - MarsSat-4,16419497.335,16455385.101,35887.765,
MarsSat-3 - MarsSat-4,16458684.978,16512961.157,54276.179,
MarsSat-3 - MarsSat-4,16518412.304,16553801.881,35389.578,
MarsSat-3 - MarsSat-4,16558294.056,16613957.883,55663.827,
MarsSat-3 - MarsSat-4,16616998.177,16653538.858,36540.681,
MarsSat-3 - MarsSat-4,16674535.001,16713022.795,38487.794,
MarsSat-3 - MarsSat-4,16715786.217,16765548.593,49762.376,
MarsSat-3 - MarsSat-4,16775707.936,16811397.624,35689.688,
MarsSat-3 - MarsSat-4,16814819.135,16869593.561,54774.425,
MarsSat-3 - MarsSat-4,16874497.551,16909873.139,35375.588,
MarsSat-3 - MarsSat-4,16914640.858,16970171.825,55530.967,
MarsSat-3 - MarsSat-4,16973081.931,17010324.383,37242.453,
MarsSat-3 - MarsSat-4,17031598.786,17069065.642,37466.856,
MarsSat-3 - MarsSat-4,17071887.184,17122829.014,50941.830,
MarsSat-3 - MarsSat-4,17131881.247,17167411.209,35529.961,
MarsSat-3 - MarsSat-4,17170965.778,17226134.214,55168.435,
MarsSat-3 - MarsSat-4,17230575.479,17265967.325,35391.846,
MarsSat-3 - MarsSat-4,17271071.554,17326345.964,55274.409,
MarsSat-3 - MarsSat-4,17329165.730,17368117.530,38951.800,
MarsSat-3 - MarsSat-4,17388272.631,17425097.708,36825.078,
MarsSat-3 - MarsSat-4,17427988.620,17479961.423,51972.802,
MarsSat-3 - MarsSat-4,17488025.546,17523427.617,35402.071,
MarsSat-3 - MarsSat-4,17527129.343,17582594.562,55465.218,
MarsSat-3 - MarsSat-4,17586648.030,17622092.509,35444.479,
MarsSat-3 - MarsSat-4,17627621.467,17682486.386,54864.919,
MarsSat-3 - MarsSat-4,17685249.535,17729429.688,44180.153,
MarsSat-3 - MarsSat-4,17744751.894,17781121.483,36369.589,
MarsSat-3 - MarsSat-4,17784091.908,17836951.596,52859.689,
MarsSat-3 - MarsSat-4,17844146.957,17879448.784,35301.827,
MarsSat-3 - MarsSat-4,17883315.370,17938984.872,55669.502,
MarsSat-3 - MarsSat-4,17942716.806,17978260.701,35543.895,
MarsSat-3 - MarsSat-4,17984351.605,18038598.477,54246.872,
MarsSat-3 - MarsSat-4,18041333.310,18087748.420,46415.110,
MarsSat-3 - MarsSat-4,18101112.659,18193810.542,92697.883,
MarsSat-3 - MarsSat-4,18200250.175,18235476.937,35226.761,
MarsSat-3 - MarsSat-4,18239530.958,18334491.032,94960.075,
MarsSat-3 - MarsSat-4,18341395.413,18394686.954,53291.541,
MarsSat-3 - MarsSat-4,18397417.129,18445512.909,48095.780,
MarsSat-3 - MarsSat-4,18457393.504,18493152.539,35759.035,
MarsSat-3 - MarsSat-4,18496311.354,18550551.783,54240.428,
MarsSat-3 - MarsSat-4,18556338.905,18591514.744,35175.839,
MarsSat-3 - MarsSat-4,18595785.480,18651590.562,55805.082,
MarsSat-3 - MarsSat-4,18654847.911,18690817.039,35969.128,
MarsSat-3 - MarsSat-4,18699376.161,18703898.347,4522.185,
MarsSat-3 - MarsSat-4,18711525.133,18750755.908,39230.775,
MarsSat-3 - MarsSat-4,18753501.253,18803038.453,49537.199,
MarsSat-3 - MarsSat-4,18813616.987,18849163.507,35546.520,
MarsSat-3 - MarsSat-4,18852432.181,18907189.239,54757.057,
MarsSat-3 - MarsSat-4,18912416.139,18947565.542,35149.403,
MarsSat-3 - MarsSat-4,18952091.725,19007820.948,55729.223,
MarsSat-3 - MarsSat-4,19010912.001,19047306.897,36394.896,
MarsSat-3 - MarsSat-4,19069130.015,19106808.868,37678.853,
MarsSat-3 - MarsSat-4,19109586.189,19160374.255,50788.067,
MarsSat-3 - MarsSat-4,19169797.570,19205173.722,35376.152,
MarsSat-3 - MarsSat-4,19208564.356,19263736.024,55171.668,
MarsSat-3 - MarsSat-4,19268484.338,19303633.668,35149.330,
MarsSat-3 - MarsSat-4,19308467.826,19364011.592,55543.766,
MarsSat-3 - MarsSat-4,19366975.918,19404142.477,37166.559,
MarsSat-3 - MarsSat-4,19425977.720,19462848.869,36871.149,
MarsSat-3 - MarsSat-4,19465672.711,19517538.127,51865.416,
MarsSat-3 - MarsSat-4,19525945.146,19561184.883,35239.737,
MarsSat-3 - MarsSat-4,19564711.667,19620203.921,55492.254,
MarsSat-3 - MarsSat-4,19624545.556,19659725.000,35179.445,
MarsSat-3 - MarsSat-4,19664940.780,19720168.020,55227.240,
MarsSat-3 - MarsSat-4,19723040.060,19762426.985,39386.925,
MarsSat-3 - MarsSat-4,19782541.462,19818878.531,36337.069,
MarsSat-3 - MarsSat-4,19821761.893,19874546.080,52784.188,
MarsSat-3 - MarsSat-4,19882066.827,19917198.779,35131.951,
MarsSat-3 - MarsSat-4,19920878.836,19976603.264,55724.428,
MarsSat-3 - MarsSat-4,19980601.512,20015847.882,35246.370,
MarsSat-3 - MarsSat-4,20021553.623,20076295.142,54741.519,
MarsSat-3 - MarsSat-4,20079104.749,20124643.441,45538.692,
MarsSat-3 - MarsSat-4,20138949.927,20231415.390,92465.464,
MarsSat-3 - MarsSat-4,20238167.932,20273217.378,35049.446,
MarsSat-3 - MarsSat-4,20277071.872,20332943.010,55871.138,
MarsSat-3 - MarsSat-4,20336653.653,20372014.834,35361.182,
MarsSat-3 - MarsSat-4,20378383.682,20432397.319,54013.637,
MarsSat-3 - MarsSat-4,20435170.302,20482795.071,47624.768,
MarsSat-3 - MarsSat-4,20495259.606,20588163.372,92903.766,
MarsSat-3 - MarsSat-4,20594252.566,20629242.946,34990.380,
MarsSat-3 - MarsSat-4,20633298.621,20728246.050,94947.429,
MarsSat-3 - MarsSat-4,20735615.042,20788478.409,52863.366,
MarsSat-3 - MarsSat-4,20791237.102,20840479.149,49242.047,
MarsSat-3 - MarsSat-4,20851500.917,20886927.148,35426.230,
MarsSat-3 - MarsSat-4,20890061.068,20944806.162,54745.094,
MarsSat-3 - MarsSat-4,20950323.986,20985278.207,34954.221,
MarsSat-3 - MarsSat-4,20989569.631,21045473.668,55904.037,
MarsSat-3 - MarsSat-4,21048751.117,21084577.582,35826.464,
MarsSat-3 - MarsSat-4,21106406.003,21144541.812,38135.809,
MarsSat-3 - MarsSat-4,21147305.655,21197899.934,50594.279,
MarsSat-3 - MarsSat-4,21207692.316,21242936.112,35243.796,
MarsSat-3 - MarsSat-4,21246178.546,21301358.123,55179.576,
MarsSat-3 - MarsSat-4,21306384.836,21341326.571,34941.735,
MarsSat-3 - MarsSat-4,21345899.578,21401677.151,55777.573,
MarsSat-3 - MarsSat-4,21404798.279,21441085.040,36286.761,
MarsSat-3 - MarsSat-4,21463575.435,21500590.522,37015.086,
MarsSat-3 - MarsSat-4,21503376.643,21555112.019,51735.376,
MarsSat-3 - MarsSat-4,21563845.929,21598944.307,35098.378,
MarsSat-3 - MarsSat-4,21602309.798,21657831.706,55521.908,
MarsSat-3 - MarsSat-4,21662437.301,21697392.489,34955.188,
MarsSat-3 - MarsSat-4,21702309.741,21757846.497,55536.756,
MarsSat-3 - MarsSat-4,21760845.367,21797984.735,37139.368,
MarsSat-3 - MarsSat-4,21820267.719,21856627.172,36359.453,
MarsSat-3 - MarsSat-4,21859450.966,21912147.680,52696.714,
MarsSat-3 - MarsSat-4,21919970.202,21954953.436,34983.234,
MarsSat-3 - MarsSat-4,21958458.848,22014237.561,55778.713,
MarsSat-3 - MarsSat-4,22018483.216,22053482.021,34998.805,
MarsSat-3 - MarsSat-4,22058832.636,22113986.246,55153.610,
MarsSat-3 - MarsSat-4,22116892.982,22159079.309,42186.327,
MarsSat-3 - MarsSat-4,22176743.403,22269033.176,92289.774,
MarsSat-3 - MarsSat-4,22276071.285,22310965.299,34894.014,
MarsSat-3 - MarsSat-4,22314630.796,22370584.749,55953.953,
MarsSat-3 - MarsSat-4,22374524.136,22409603.827,35079.691,
MarsSat-3 - MarsSat-4,22415521.870,22470100.428,54578.558,
MarsSat-3 - MarsSat-4,22472941.674,22519861.953,46920.280,
MarsSat-3 - MarsSat-4,22533092.471,22625791.055,92698.584,
MarsSat-3 - MarsSat-4,22632153.824,22666981.889,34828.065,
MarsSat-3 - MarsSat-4,22670832.245,22726880.982,56048.737,
MarsSat-3 - MarsSat-4,22730561.395,22765771.020,35209.625,
MarsSat-3 - MarsSat-4,22772478.724,22826192.630,53713.906,
MarsSat-3 - MarsSat-4,22828991.993,22877835.344,48843.351,
MarsSat-3 - MarsSat-4,22889358.112,22924686.885,35328.773,
MarsSat-3 - MarsSat-4,22927707.031,22982440.522,54733.490,
MarsSat-3 - MarsSat-4,22988221.434,23023005.512,34784.078,
MarsSat-3 - MarsSat-4,23027071.961,23083132.850,56060.889,
MarsSat-3 - MarsSat-4,23086596.142,23122005.021,35408.879,
MarsSat-3 - MarsSat-4,23129976.202,23138587.806,8611.604,
MarsSat-3 - MarsSat-4,23142917.500,23182266.051,39348.551,
MarsSat-3 - MarsSat-4,23185044.538,23235388.080,50343.542,
MarsSat-3 - MarsSat-4,23245564.747,23280696.397,35131.650,
MarsSat-3 - MarsSat-4,23283809.502,23338997.722,55188.219,
MarsSat-3 - MarsSat-4,23344277.001,23379038.946,34761.944,
MarsSat-3 - MarsSat-4,23383361.951,23439346.020,55984.069,
MarsSat-3 - MarsSat-4,23442629.378,23478344.822,35715.444,
MarsSat-3 - MarsSat-4,23500998.866,23538323.546,37324.679,
MarsSat-3 - MarsSat-4,23541100.006,23592671.804,51571.798,
MarsSat-3 - MarsSat-4,23601727.663,23636703.576,34975.913,
MarsSat-3 - MarsSat-4,23639924.700,23695476.130,55551.429,
MarsSat-3 - MarsSat-4,23700322.883,23735085.686,34762.803,
MarsSat-3 - MarsSat-4,23739719.260,23795525.402,55806.143,
MarsSat-3 - MarsSat-4,23798661.980,23834875.005,36213.026,
MarsSat-3 - MarsSat-4,23857908.230,23894367.666,36459.436,
MarsSat-3 - MarsSat-4,23897159.235,23949748.324,52589.089,
MarsSat-3 - MarsSat-4,23957857.129,23992710.070,34852.942,
MarsSat-3 - MarsSat-4,23996056.062,24051886.964,55830.902,
MarsSat-3 - MarsSat-4,24056361.040,24091150.312,34789.272,
MarsSat-3 - MarsSat-4,24096169.207,24151675.290,55506.083,
MarsSat-3 - MarsSat-4,24154694.734,24191858.085,37163.351,
MarsSat-3 - MarsSat-4,24214483.047,24250400.701,35917.654,
MarsSat-3 - MarsSat-4,24253223.254,24306657.696,53434.442,
MarsSat-3 - MarsSat-4,24313960.409,24348717.572,34757.163,
MarsSat-3 - MarsSat-4,24352207.926,24408239.581,56031.654,
MarsSat-3 - MarsSat-4,24412393.134,24447239.096,34845.962,
MarsSat-3 - MarsSat-4,24452751.676,24507799.462,55047.785,
MarsSat-3 - MarsSat-4,24510728.367,24556278.016,45549.649,
MarsSat-3 - MarsSat-4,24570886.965,24663429.923,92542.957,
MarsSat-3 - MarsSat-4,24670042.859,24704727.887,34685.028,
MarsSat-3 - MarsSat-4,24708385.874,24764541.817,56155.943,
MarsSat-3 - MarsSat-4,24768420.593,24803361.064,34940.472,
MarsSat-3 - MarsSat-4,24809535.149,24863901.271,54366.122,
MarsSat-3 - MarsSat-4,24866763.579,24915038.957,48275.378,
MarsSat-3 - MarsSat-4,24927185.777,25020088.441,92902.664,
MarsSat-3 - MarsSat-4,25026108.565,25060743.030,34634.466,
MarsSat-3 - MarsSat-4,25064597.239,25120800.278,56203.039,
MarsSat-3 - MarsSat-4,25124444.662,25159530.019,35085.358,
MarsSat-3 - MarsSat-4,25166657.781,25219983.710,53325.929,
MarsSat-3 - MarsSat-4,25222801.079,25272812.106,50011.027,
MarsSat-3 - MarsSat-4,25283413.318,25318453.111,35039.793,
MarsSat-3 - MarsSat-4,25321458.217,25376651.856,55193.639,
MarsSat-3 - MarsSat-4,25382160.729,25416765.344,34604.615,
MarsSat-3 - MarsSat-4,25420851.922,25477020.573,56168.651,
MarsSat-3 - MarsSat-4,25480466.441,25515768.812,35302.371,
MarsSat-3 - MarsSat-4,25524575.945,25530598.659,6022.713,
MarsSat-3 - MarsSat-4,25538052.263,25576049.464,37997.201,
MarsSat-3 - MarsSat-4,25578841.626,25630203.136,51361.510,
MarsSat-3 - MarsSat-4,25639589.515,25674460.885,34871.370,
MarsSat-3 - MarsSat-4,25677557.318,25733135.082,55577.765,
MarsSat-3 - MarsSat-4,25738201.928,25772797.668,34595.740,
MarsSat-3 - MarsSat-4,25777163.731,25833207.503,56043.772,
MarsSat-3 - MarsSat-4,25836486.918,25872119.907,35632.989,
MarsSat-3 - MarsSat-4,25895419.339,25932100.951,36681.612,
MarsSat-3 - MarsSat-4,25934886.067,25987338.732,52452.665,
MarsSat-3 - MarsSat-4,25995727.183,26030466.536,34739.352,
MarsSat-3 - MarsSat-4,26033671.258,26089550.183,55878.925,
MarsSat-3 - MarsSat-4,26094234.281,26128843.592,34609.311,
MarsSat-3 - MarsSat-4,26133552.708,26189365.219,55812.511,
MarsSat-3 - MarsSat-4,26192506.993,26228678.914,36171.921,
MarsSat-3 - MarsSat-4,26252151.970,26288140.362,35988.393,
MarsSat-3 - MarsSat-4,26290935.381,26344282.250,53346.869,
MarsSat-3 - MarsSat-4,26351835.096,26386471.672,34636.576,
MarsSat-3 - MarsSat-4,26389803.746,26445907.004,56103.257,
MarsSat-3 - MarsSat-4,26450259.566,26484907.845,34648.279,
MarsSat-3 - MarsSat-4,26490049.435,26545497.338,55447.903,
MarsSat-3 - MarsSat-4,26548527.508,26585773.343,37245.835,
MarsSat-3 - MarsSat-4,26608634.936,26701074.834,92439.898,
MarsSat-3 - MarsSat-4,26707919.550,26742477.967,34558.417,
MarsSat-3 - MarsSat-4,26745959.522,26802213.653,56254.131,
MarsSat-3 - MarsSat-4,26806279.301,26840996.944,34717.643,
MarsSat-3 - MarsSat-4,26846703.832,26901607.043,54903.211,
MarsSat-3 - MarsSat-4,26904549.270,26951899.943,47350.673,
MarsSat-3 - MarsSat-4,26964979.507,27057745.885,92766.378,
MarsSat-3 - MarsSat-4,27063985.243,27098487.228,34501.985,
MarsSat-3 - MarsSat-4,27102144.753,27158476.870,56332.116,
MarsSat-3 - MarsSat-4,27162294.810,27197120.343,34825.534,
MarsSat-3 - MarsSat-4,27203606.032,27257697.160,54091.128,
MarsSat-3 - MarsSat-4,27260573.079,27310125.935,49552.857,
MarsSat-3 - MarsSat-4,27321235.497,27356205.328,34969.831,
MarsSat-3 - MarsSat-4,27359125.355,27414317.378,55192.022,
MarsSat-3 - MarsSat-4,27420035.789,27454501.489,34465.700,
MarsSat-3 - MarsSat-4,27458367.668,27514702.308,56334.641,
MarsSat-3 - MarsSat-4,27518307.263,27553292.646,34985.383,
MarsSat-3 - MarsSat-4,27560954.732,27613770.215,52815.483,
MarsSat-3 - MarsSat-4,27616599.758,27667685.785,51086.028,
MarsSat-3 - MarsSat-4,27677429.978,27712214.948,34784.970,
MarsSat-3 - MarsSat-4,27715208.393,27770806.192,55597.799,
MarsSat-3 - MarsSat-4,27776074.047,27810523.133,34449.087,
MarsSat-3 - MarsSat-4,27814639.552,27870894.757,56255.205,
MarsSat-3 - MarsSat-4,27874317.717,27909538.381,35220.665,
MarsSat-3 - MarsSat-4,27919784.771,27922574.368,2789.597,
MarsSat-3 - MarsSat-4,27932696.607,27969828.486,37131.879,
MarsSat-3 - MarsSat-4,27972630.187,28024907.371,52277.184,
MarsSat-3 - MarsSat-4,28033579.447,28068221.196,34641.749,
MarsSat-3 - MarsSat-4,28071305.152,28127225.560,55920.408,
MarsSat-3 - MarsSat-4,28132102.331,28166555.068,34452.737,
MarsSat-3 - MarsSat-4,28170976.459,28227058.309,56081.850,
MarsSat-3 - MarsSat-4,28230327.141,28265904.169,35577.028,
MarsSat-3 - MarsSat-4,28289719.412,28325874.043,36154.631,
MarsSat-3 - MarsSat-4,28328665.337,28381899.162,53233.824,
MarsSat-3 - MarsSat-4,28389694.764,28424225.607,34530.843,
MarsSat-3 - MarsSat-4,28427418.825,28483586.032,56167.208,
MarsSat-3 - MarsSat-4,28488122.560,28522600.990,34478.430,
MarsSat-3 - MarsSat-4,28527402.244,28583196.496,55794.252,
MarsSat-3 - MarsSat-4,28586336.444,28622499.443,36162.999,
MarsSat-3 - MarsSat-4,28646323.128,28738720.183,92397.054,
MarsSat-3 - MarsSat-4,28745783.491,28780229.749,34446.257,
MarsSat-3 - MarsSat-4,28783553.458,28839896.138,56342.680,
MarsSat-3 - MarsSat-4,28844136.358,28878665.802,34529.444,
MarsSat-3 - MarsSat-4,28883954.463,28939312.399,55357.936,
MarsSat-3 - MarsSat-4,28942346.501,28979749.321,37402.820,
MarsSat-3 - MarsSat-4,29002732.482,29095408.550,92676.068,
MarsSat-3 - MarsSat-4,29101851.131,29136235.272,34384.141,
MarsSat-3 - MarsSat-4,29139714.276,29196162.865,56448.589,
MarsSat-3 - MarsSat-4,29200145.124,29234756.305,34611.181,
MarsSat-3 - MarsSat-4,29240697.066,29295408.727,54711.661,
MarsSat-3 - MarsSat-4,29298358.169,29347227.163,48868.994,
MarsSat-3 - MarsSat-4,29359027.407,29393952.670,34925.263,
MarsSat-3 - MarsSat-4,29396811.124,29451990.922,55179.798,
MarsSat-3 - MarsSat-4,29457901.829,29492243.984,34342.155,
MarsSat-3 - MarsSat-4,29495908.160,29552392.003,56483.843,
MarsSat-3 - MarsSat-4,29556150.092,29590882.451,34732.359,
MarsSat-3 - MarsSat-4,29597753.066,29651487.886,53734.820,
MarsSat-3 - MarsSat-4,29654372.319,29705087.331,50715.012,
MarsSat-3 - MarsSat-4,29715246.704,29749965.002,34718.298,
MarsSat-3 - MarsSat-4,29752878.320,29808486.849,55608.530,
MarsSat-3 - MarsSat-4,29813938.803,29848257.937,34319.134,
MarsSat-3 - MarsSat-4,29852144.417,29908588.403,56443.985,
MarsSat-3 - MarsSat-4,29912152.368,29947059.780,34907.412,
MarsSat-3 - MarsSat-4,29955430.483,29964763.117,9332.633,
MarsSat-3 - MarsSat-4,29969309.326,30007552.035,38242.709,
MarsSat-3 - MarsSat-4,30010389.860,30062438.574,52048.714,
MarsSat-3 - MarsSat-4,30071412.430,30105972.924,34560.494,
MarsSat-3 - MarsSat-4,30108958.230,30164911.144,55952.914,
MarsSat-3 - MarsSat-4,30169964.619,30204279.560,34314.940,
MarsSat-3 - MarsSat-4,30208436.035,30264756.170,56320.135,
MarsSat-3 - MarsSat-4,30268152.968,30303314.807,35161.838,
MarsSat-3 - MarsSat-4,30327120.399,30363603.129,36482.730,
MarsSat-3 - MarsSat-4,30366411.767,30419499.043,53087.276,
MarsSat-3 - MarsSat-4,30427538.422,30461977.896,34439.474,
MarsSat-3 - MarsSat-4,30465053.631,30521275.312,56221.681,
MarsSat-3 - MarsSat-4,30525981.373,30560311.836,34330.463,
MarsSat-3 - MarsSat-4,30564801.869,30620898.816,56096.948,
MarsSat-3 - MarsSat-4,30624152.841,30659699.177,35546.335,
MarsSat-3 - MarsSat-4,30683928.607,30719642.954,35714.347,
MarsSat-3 - MarsSat-4,30722439.116,30776359.556,53920.440,
MarsSat-3 - MarsSat-4,30783633.979,30817981.387,34347.407,
MarsSat-3 - MarsSat-4,30821168.010,30877588.474,56420.464,
MarsSat-3 - MarsSat-4,30881990.812,30916358.587,34367.775,
MarsSat-3 - MarsSat-4,30921270.701,30977019.374,55748.673,
MarsSat-3 - MarsSat-4,30980152.897,31016340.061,36187.165,
MarsSat-3 - MarsSat-4,31040433.941,31133071.695,92637.754,
MarsSat-3 - MarsSat-4,31139705.676,31173984.919,34279.243,
MarsSat-3 - MarsSat-4,31177305.820,31233857.984,56552.164,
MarsSat-3 - MarsSat-4,31237994.427,31272424.914,34430.487,
MarsSat-3 - MarsSat-4,31277889.501,31333120.488,55230.987,
MarsSat-3 - MarsSat-4,31336154.024,31373825.122,37671.098,
MarsSat-3 - MarsSat-4,31378810.913,31383705.502,4894.589,
MarsSat-3 - MarsSat-4,31396783.198,31489668.838,92885.641,
MarsSat-3 - MarsSat-4,31495758.351,31529990.122,34231.771,
MarsSat-3 - MarsSat-4,31533472.864,31536000.000,2527.136,
Analysis,Time True,Time False,Percent True,Interval Count,
TDRS 8 - MMS 3,31228819.560,307180.440,99.0259%,64,
TDRS 8 - MarsSat-1,30850631.111,685368.889,97.8267%,181,
TDRS 8 - MarsSat-2,31232332.272,303667.728,99.0371%,89,
TDRS 8 - MarsSat-3,31105174.470,430825.530,98.6339%,121,
TDRS 8 - MarsSat-4,30917307.502,618692.498,98.0381%,218,
MMS 3 - MarsSat-1,30885807.120,650192.880,97.9383%,167,
MMS 3 - MarsSat-2,31261426.290,274573.710,99.1293%,74,
MMS 3 - MarsSat-3,31140110.496,395889.504,98.7446%,107,
MMS 3 - MarsSat-4,30949705.320,586294.680,98.1409%,203,
MarsSat-1 - MarsSat-2,30162180.071,1373819.929,95.6436%,179,
MarsSat-1 - MarsSat-3,31536000.000,0.000,100.0000%,1,
MarsSat-1 - MarsSat-4,30363338.407,1172661.593,96.2815%,301,
MarsSat-2 - MarsSat-3,31536000.000,0.000,100.0000%,1,
MarsSat-2 - MarsSat-4,29885273.392,1650726.608,94.7656%,436,
MarsSat-3 - MarsSat-4,27765235.155,3770764.845,88.0430%,572,
