sl_50_5400_20310216 Coordinates.csv
2031/02/16 07:47:00.0000 UTC

Generated: Tue Oct  8 21:55:00 2024,
Start: 2031/02/16 07:47:00.00, Stop: 2031/02/16 09:17:00.00,
TIME_UNITS,STARLINK-6124 - X-Coordinate,STARLINK-4091 - X-Coordinate,STARLINK-5676 - X-Coordinate,STARLINK-5480 - X-Coordinate,STARLINK-4478 - X-Coordinate,STARLINK-1834 - X-Coordinate,STARLINK-30181 - X-Coordinate,STARLINK-31959 - X-Coordinate,STARLINK-4468 - X-Coordinate,STARLINK-2054 - X-Coordinate,STARLINK-3071 - X-Coordinate,STARLINK-4602 - X-Coordinate,STARLINK-6280 - X-Coordinate,STARLINK-11103 [DTC] - X-Coordinate,STARLINK-6340 - X-Coordinate,STARLINK-5212 - X-Coordinate,STARLINK-1813 - X-Coordinate,STARLINK-5372 - X-Coordinate,STARLINK-4583 - X-Coordinate,STARLINK-31746 - X-Coordinate,STARLINK-5192 - X-Coordinate,STARLINK-11100 [DTC] - X-Coordinate,STARLINK-5443 - X-Coordinate,STARLINK-30404 - X-Coordinate,STARLINK-3784 - X-Coordinate,STARLINK-5987 - X-Coordinate,STARLINK-30285 - X-Coordinate,STARLINK-2115 - X-Coordinate,STARLINK-5010 - X-Coordinate,STARLINK-5834 - X-Coordinate,STARLINK-4779 - X-Coordinate,STARLINK-5444 - X-Coordinate,STARLINK-31062 - X-Coordinate,STARLINK-4640 - X-Coordinate,STARLINK-3193 - X-Coordinate,STARLINK-3899 - X-Coordinate,STARLINK-3528 - X-Coordinate,STARLINK-31375 - X-Coordinate,STARLINK-4329 - X-Coordinate,STARLINK-3925 - X-Coordinate,STARLINK-5257 - X-Coordinate,STARLINK-5585 - X-Coordinate,STARLINK-2507 - X-Coordinate,STARLINK-31137 - X-Coordinate,STARLINK-3110 - X-Coordinate,STARLINK-4774 - X-Coordinate,STARLINK-31917 - X-Coordinate,STARLINK-5177 - X-Coordinate,STARLINK-1934 - X-Coordinate,STARLINK-30105 - X-Coordinate,MoonARTEMIS1 - X-Coordinate,MoonARTEMIS2 - X-Coordinate,MoonIOAGEO - X-Coordinate,MoonIOAGNO - X-Coordinate,MoonIOAGNO 0001 - X-Coordinate,MoonIOAGSO - X-Coordinate,MoonIOAGSO 0001 - X-Coordinate,MoonLRO - X-Coordinate,MarsSat1 - X-Coordinate,MarsSat2 - X-Coordinate,MarsSat3 - X-Coordinate,MarsSat4 - X-Coordinate,Moon - X-Coordinate,Mars - X-Coordinate,STARLINK-6124 - Y-Coordinate,STARLINK-4091 - Y-Coordinate,STARLINK-5676 - Y-Coordinate,STARLINK-5480 - Y-Coordinate,STARLINK-4478 - Y-Coordinate,STARLINK-1834 - Y-Coordinate,STARLINK-30181 - Y-Coordinate,STARLINK-31959 - Y-Coordinate,STARLINK-4468 - Y-Coordinate,STARLINK-2054 - Y-Coordinate,STARLINK-3071 - Y-Coordinate,STARLINK-4602 - Y-Coordinate,STARLINK-6280 - Y-Coordinate,STARLINK-11103 [DTC] - Y-Coordinate,STARLINK-6340 - Y-Coordinate,STARLINK-5212 - Y-Coordinate,STARLINK-1813 - Y-Coordinate,STARLINK-5372 - Y-Coordinate,STARLINK-4583 - Y-Coordinate,STARLINK-31746 - Y-Coordinate,STARLINK-5192 - Y-Coordinate,STARLINK-11100 [DTC] - Y-Coordinate,STARLINK-5443 - Y-Coordinate,STARLINK-30404 - Y-Coordinate,STARLINK-3784 - Y-Coordinate,STARLINK-5987 - Y-Coordinate,STARLINK-30285 - Y-Coordinate,STARLINK-2115 - Y-Coordinate,STARLINK-5010 - Y-Coordinate,STARLINK-5834 - Y-Coordinate,STARLINK-4779 - Y-Coordinate,STARLINK-5444 - Y-Coordinate,STARLINK-31062 - Y-Coordinate,STARLINK-4640 - Y-Coordinate,STARLINK-3193 - Y-Coordinate,STARLINK-3899 - Y-Coordinate,STARLINK-3528 - Y-Coordinate,STARLINK-31375 - Y-Coordinate,STARLINK-4329 - Y-Coordinate,STARLINK-3925 - Y-Coordinate,STARLINK-5257 - Y-Coordinate,STARLINK-5585 - Y-Coordinate,STARLINK-2507 - Y-Coordinate,STARLINK-31137 - Y-Coordinate,STARLINK-3110 - Y-Coordinate,STARLINK-4774 - Y-Coordinate,STARLINK-31917 - Y-Coordinate,STARLINK-5177 - Y-Coordinate,STARLINK-1934 - Y-Coordinate,STARLINK-30105 - Y-Coordinate,MoonARTEMIS1 - Y-Coordinate,MoonARTEMIS2 - Y-Coordinate,MoonIOAGEO - Y-Coordinate,MoonIOAGNO - Y-Coordinate,MoonIOAGNO 0001 - Y-Coordinate,MoonIOAGSO - Y-Coordinate,MoonIOAGSO 0001 - Y-Coordinate,MoonLRO - Y-Coordinate,MarsSat1 - Y-Coordinate,MarsSat2 - Y-Coordinate,MarsSat3 - Y-Coordinate,MarsSat4 - Y-Coordinate,Moon - Y-Coordinate,Mars - Y-Coordinate,STARLINK-6124 - Z-Coordinate,STARLINK-4091 - Z-Coordinate,STARLINK-5676 - Z-Coordinate,STARLINK-5480 - Z-Coordinate,STARLINK-4478 - Z-Coordinate,STARLINK-1834 - Z-Coordinate,STARLINK-30181 - Z-Coordinate,STARLINK-31959 - Z-Coordinate,STARLINK-4468 - Z-Coordinate,STARLINK-2054 - Z-Coordinate,STARLINK-3071 - Z-Coordinate,STARLINK-4602 - Z-Coordinate,STARLINK-6280 - Z-Coordinate,STARLINK-11103 [DTC] - Z-Coordinate,STARLINK-6340 - Z-Coordinate,STARLINK-5212 - Z-Coordinate,STARLINK-1813 - Z-Coordinate,STARLINK-5372 - Z-Coordinate,STARLINK-4583 - Z-Coordinate,STARLINK-31746 - Z-Coordinate,STARLINK-5192 - Z-Coordinate,STARLINK-11100 [DTC] - Z-Coordinate,STARLINK-5443 - Z-Coordinate,STARLINK-30404 - Z-Coordinate,STARLINK-3784 - Z-Coordinate,STARLINK-5987 - Z-Coordinate,STARLINK-30285 - Z-Coordinate,STARLINK-2115 - Z-Coordinate,STARLINK-5010 - Z-Coordinate,STARLINK-5834 - Z-Coordinate,STARLINK-4779 - Z-Coordinate,STARLINK-5444 - Z-Coordinate,STARLINK-31062 - Z-Coordinate,STARLINK-4640 - Z-Coordinate,STARLINK-3193 - Z-Coordinate,STARLINK-3899 - Z-Coordinate,STARLINK-3528 - Z-Coordinate,STARLINK-31375 - Z-Coordinate,STARLINK-4329 - Z-Coordinate,STARLINK-3925 - Z-Coordinate,STARLINK-5257 - Z-Coordinate,STARLINK-5585 - Z-Coordinate,STARLINK-2507 - Z-Coordinate,STARLINK-31137 - Z-Coordinate,STARLINK-3110 - Z-Coordinate,STARLINK-4774 - Z-Coordinate,STARLINK-31917 - Z-Coordinate,STARLINK-5177 - Z-Coordinate,STARLINK-1934 - Z-Coordinate,STARLINK-30105 - Z-Coordinate,MoonARTEMIS1 - Z-Coordinate,MoonARTEMIS2 - Z-Coordinate,MoonIOAGEO - Z-Coordinate,MoonIOAGNO - Z-Coordinate,MoonIOAGNO 0001 - Z-Coordinate,MoonIOAGSO - Z-Coordinate,MoonIOAGSO 0001 - Z-Coordinate,MoonLRO - Z-Coordinate,MarsSat1 - Z-Coordinate,MarsSat2 - Z-Coordinate,MarsSat3 - Z-Coordinate,MarsSat4 - Z-Coordinate,Moon - Z-Coordinate,Mars - Z-Coordinate,
SECONDS,km,km,km,km,km,km,km,km,km,km,km,km,km,km,km,km,km,km,km,km,km,km,km,km,km,km,km,km,km,km,km,km,km,km,km,km,km,km,km,km,km,km,km,km,km,km,km,km,km,km,km,km,km,km,km,km,km,km,km,km,km,km,km,km,km,km,km,km,km,km,km,km,km,km,km,km,km,km,km,km,km,km,km,km,km,km,km,km,km,km,km,km,km,km,km,km,km,km,km,km,km,km,km,km,km,km,km,km,km,km,km,km,km,km,km,km,km,km,km,km,km,km,km,km,km,km,km,km,km,km,km,km,km,km,km,km,km,km,km,km,km,km,km,km,km,km,km,km,km,km,km,km,km,km,km,km,km,km,km,km,km,km,km,km,km,km,km,km,km,km,km,km,km,km,km,km,km,km,km,km,km,km,km,km,km,km,km,km,km,km,km,km,
0.000,-6423.6978,2620.3695,-5547.2109,-6314.1865,-4243.8187,4884.8279,2455.9767,0.0000,4042.6929,-2710.7837,-4076.2641,-3610.4316,5887.0448,4064.5760,3158.7742,1565.0766,4702.8654,-4156.8081,-3179.3850,440.1645,-5785.1830,4921.6770,-2023.2789,1293.3007,2118.5770,2474.7454,2755.3487,-2678.3759,2166.8605,1169.4750,-2828.4668,-1591.2373,-3693.5162,367.1008,2426.4041,-4585.3812,-5972.3595,0.0000,5931.1258,5109.2879,-1520.1805,-6497.7271,-161.7842,-6637.3794,1427.7895,-6091.0315,-5987.9971,2260.4772,3153.1958,0.0000,-334552.9059,-345182.6108,-333504.6270,-336068.8801,-344585.0136,-342449.9925,-340567.9612,-339190.2006,-119141467.6201,-119149502.5752,-119174555.9778,-119162324.6158,-338911.9987,-119150432.4717,-885.6103,6220.3799,-3359.6575,-1377.9509,484.2282,2228.1356,4456.8748,0.0000,4242.6245,-6356.3597,-2239.4081,2777.3104,3581.8690,-1751.0652,4625.1798,-3873.8879,2412.6037,-5409.8509,-2642.0622,-5661.5544,176.1182,2083.3218,6587.9286,5317.3494,-6107.7449,2499.9001,-6174.0193,4129.0899,-6096.0187,6822.7165,3169.9621,-3799.3978,-4803.0930,5014.3662,6392.0232,-3205.1036,929.2374,0.0000,3236.1317,1020.8088,3472.0361,1623.5903,-6662.3790,-1084.1794,-6712.8188,-259.5673,-681.2061,-3827.9352,4799.3841,0.0000,-34745.0534,-47433.2744,-53087.7382,-48350.4804,-45994.2769,-49097.5619,-55177.2730,-53327.7117,-104832208.4644,-104811724.6038,-104826792.7286,-104822244.0456,-51599.7049,-104818574.1371,-2469.0826,-1479.6052,2426.3583,-2487.1777,5381.4300,4142.3700,-4695.0791,0.0000,3646.5330,-245.8209,-5174.2189,-5218.3219,-639.0991,5026.5651,-4059.7050,5460.1698,4442.0745,-1224.8887,5488.0897,-3857.3684,3746.0767,-4126.2433,-278.4821,-4062.8402,2239.3855,5972.2623,354.6872,-4714.9893,-2202.8818,398.6921,5279.9395,5494.9528,-3320.9673,4662.8104,575.5241,4027.3608,3332.9186,0.0000,1572.6337,-4554.0618,-5813.0960,1741.2335,1695.4891,-1218.9773,632.1847,-3219.8123,-3124.2964,5253.2836,-3412.2577,0.0000,-134458.4764,-138610.7696,-133106.9213,-136087.7422,-130233.9168,-135910.3496,-144386.1131,-135276.8874,-39792721.0763,-39829723.2329,-39799154.6554,-39803500.4322,-135611.9493,-39805014.0468,
300.000,-5850.7062,3486.3065,-5701.5670,-6863.4540,-4291.2507,6113.8535,4134.8902,0.0000,4335.8671,-3704.3442,-3152.1120,-1710.2141,6496.3000,3749.3795,4892.0973,-590.2077,4449.2195,-5004.3749,-4289.5719,-1382.6539,-6315.1357,6117.2604,-753.3635,2943.5482,592.6017,4362.2914,1540.0008,-1548.8645,643.4830,2571.2329,-801.2584,-3477.7674,-4547.1107,2029.9280,3482.2400,-4531.6707,-6249.2459,0.0000,5832.4721,4330.2619,370.2090,-6168.8803,-1404.8698,-6811.5605,215.7324,-6459.2571,-6465.0377,111.5687,3771.5447,0.0000,-333837.9133,-343850.4560,-332374.2679,-334928.7449,-343473.0066,-341111.3198,-339442.0424,-338201.7969,-116818553.4606,-116826429.9190,-116851413.5092,-116839313.9330,-337746.0607,-116827457.2714,832.2913,5082.5459,-1556.5913,-813.3760,2565.6648,1049.4221,3108.1630,0.0000,2410.8133,-5625.7335,-505.0215,3781.9667,2201.2057,-3741.2462,3810.1748,-4226.0512,408.1171,-4011.2667,-767.4051,-6123.6754,1652.1579,871.9449,6542.3369,5553.9665,-5683.7447,2413.9027,-6428.9458,5607.6053,-5692.3645,6151.3141,4022.1663,-2719.3272,-3037.2749,3770.0877,5781.5794,-1268.6729,2377.4189,0.0000,3702.0122,-857.3536,2522.5967,3131.6895,-5860.4981,433.5859,-6787.8922,1439.0193,995.6353,-4122.9340,3034.2391,0.0000,-41775.9335,-54625.1871,-60313.8892,-55710.2176,-53081.8923,-56266.6690,-62234.1937,-60247.8113,-107407479.7920,-107386716.1303,-107402678.4531,-107398045.8345,-58685.1797,-107393797.6463,-3637.5944,-3127.4605,3604.3901,-412.1972,4713.8531,2744.5872,-4602.0755,0.0000,4795.7357,1554.3101,-6181.5182,-5545.9502,907.5584,4100.9648,-3064.5584,5390.7614,5262.1230,-2632.2838,5312.2324,-2778.3323,2225.1030,-2719.9951,-2055.6767,-2632.3682,3757.5953,4817.6564,-1469.7598,-3549.9093,-3729.3017,1896.9034,5394.6445,5260.7169,-4224.5152,5354.1572,-1244.9840,5034.4874,1722.1416,0.0000,-666.3026,-5329.9596,-6454.0144,229.4485,3307.5769,330.2508,-1185.5148,-1931.1369,-1811.0615,5508.0817,-4603.9944,0.0000,-134488.1621,-138548.6814,-133121.1993,-136236.9679,-130233.6183,-135622.6058,-144429.1303,-134867.0130,-39792491.5788,-39829209.2475,-39799211.6039,-39803634.0940,-135615.2373,-39804775.7806,
600.000,-4732.2210,4039.4928,-5330.4448,-6706.1467,-3956.5102,6703.0116,5438.2968,0.0000,4248.4673,-4344.9405,-1975.8944,334.5519,6475.6692,3071.3567,6145.1702,-2673.9759,3807.1052,-5390.0050,-5015.9078,-3046.8929,-6223.6092,6663.5096,614.0473,4266.2610,-1029.6937,5795.0401,145.3330,-298.4463,-981.1537,3741.9227,1287.4815,-5037.3440,-4997.1874,3532.3784,4196.1281,-4076.9116,-5911.2100,0.0000,5103.9599,3171.0626,2267.1220,-5239.9991,-2542.8566,-6294.6955,-1031.2925,-6199.8589,-6280.4740,-2044.2195,4028.5148,0.0000,-332975.4197,-342363.1562,-331097.3663,-333644.3085,-342212.7219,-339601.5373,-338169.2534,-337040.5206,-114439993.5098,-114447723.8909,-114472605.0854,-114460617.8245,-336432.0615,-114448838.6724,2499.1112,3430.7453,417.2533,-170.5228,4373.9863,-208.4927,1493.7320,0.0000,324.2134,-4327.4041,1328.2457,4471.3374,597.8808,-5313.3154,2652.9214,-4211.9568,-1659.7907,-2213.2820,1150.5694,-5991.9035,2940.1892,-401.5739,5848.6144,5234.3069,-4700.2628,2144.6081,-6007.7357,6511.5593,-4727.2096,4881.8092,4508.5099,-1418.2905,-974.4503,2182.0981,4576.0881,815.8026,3571.0143,0.0000,3757.2549,-2686.6293,1389.9436,4332.6255,-4472.3457,1910.6715,-6182.5926,2979.5717,2553.2471,-4065.5420,929.3636,0.0000,-48793.6705,-61785.1573,-67513.0946,-63061.9601,-60145.7175,-63415.3651,-69266.6348,-67030.4997,-109931290.4743,-109910238.2513,-109927095.0757,-109922375.4687,-65744.4409,-109917557.5304,-4418.2391,-4437.6872,4395.3052,1707.0794,3529.4299,1033.5239,-4015.5670,0.0000,5425.5831,3186.5489,-6536.9028,-5280.5243,2356.4085,2690.0202,-1739.3007,4731.7830,5513.4118,-3757.9763,4554.2510,-1393.1500,462.1779,-998.7894,-3609.5999,-905.4428,4857.5414,3148.6729,-3125.4873,-1985.4929,-4839.9549,3191.9044,4893.7281,4449.1549,-4672.1841,5454.9779,-2928.1257,5494.5533,-75.3159,0.0000,-2834.1559,-5534.1203,-6409.4066,-1307.0490,4556.9008,1842.5270,-2874.1435,-432.2134,-291.3011,5162.1256,-5247.6568,0.0000,-134517.8438,-138483.8641,-133140.1273,-136382.2111,-130235.8626,-135334.7618,-144467.7233,-134513.9879,-39792267.5110,-39828689.4301,-39799269.6270,-39803769.8061,-135618.4267,-39804537.3894,
900.000,-3181.5635,4240.2951,-4476.9932,-5861.4234,-3259.8739,6586.4683,6235.1661,0.0000,3796.6275,-4586.1178,-671.2333,2322.0464,5833.8401,2087.9751,6795.8533,-4475.8982,2843.7955,-5287.1929,-5276.7584,-4396.0290,-5509.9880,6496.5720,1958.2187,5136.6846,-2591.0976,6628.4290,-1297.9735,960.5328,-2549.5051,4580.5445,3218.1936,-6106.6167,-5004.4129,4721.3281,4514.0368,-3272.1952,-4981.5738,0.0000,3842.5588,1749.2574,3975.8939,-3795.1502,-3474.4432,-5139.2255,-2206.9356,-5330.1871,-5445.9787,-3988.6730,3903.9919,0.0000,-331965.6207,-340721.1723,-329674.4908,-332217.9484,-340804.6664,-337918.9305,-336750.1111,-335700.5137,-112006927.3915,-112014524.4695,-112039270.6622,-112027377.1172,-334970.5878,-112015716.4253,3959.9910,1428.1843,2373.4180,512.4745,5728.2733,-1432.4394,-233.9164,0.0000,-1809.0469,-2584.2639,3076.7671,4773.9733,-1083.9314,-6296.7307,1253.1538,-3825.1493,-3584.7042,-186.5088,2921.6343,-5269.7013,3928.4318,-1620.4929,4584.3206,4376.1498,-3267.0672,1697.2963,-4964.6087,6741.5375,-3309.2905,3136.9828,4571.5390,-20.1170,1182.7415,413.9819,2892.3269,2839.8199,4408.1378,0.0000,3371.3673,-4286.3236,189.5712,5122.8977,-2642.5931,3212.0527,-4962.6553,4222.2442,3843.5737,-3657.3430,-1282.4206,0.0000,-55795.1857,-68910.0389,-74682.1287,-70403.8062,-67182.6237,-70541.3097,-76271.5709,-73693.9361,-112402438.4481,-112381089.4359,-112398839.8283,-112394028.5838,-72774.3960,-112388651.8321,-4728.2337,-5269.6524,4714.3345,3642.7202,1957.7914,-795.5307,-2998.0812,0.0000,5468.0387,4474.6771,-6203.2491,-4450.2634,3551.2998,960.5298,-226.4500,3555.0222,5168.9027,-4481.9946,3296.9203,145.6739,-1351.0119,838.2251,-4772.1240,923.5877,5417.0595,1143.2056,-4423.0065,-197.3625,-5411.8888,4145.0140,3834.1218,3149.0430,-4615.9784,4954.1498,-4288.6549,5357.6956,-1864.6426,0.0000,-4700.0952,-5144.9161,-5683.9068,-2703.0403,5306.7284,3148.6718,-4250.3063,1113.8003,1261.6947,4252.9472,-5267.2763,0.0000,-134547.5202,-138416.1611,-133163.6751,-136521.8227,-130240.6259,-135048.9180,-144501.9147,-134243.6517,-39792048.8664,-39828163.7125,-39799328.6611,-39803906.8209,-135621.5177,-39804298.8734,
1200.000,-1350.8652,4078.8370,-3227.4106,-4420.6579,-2254.3611,5774.1123,6441.1461,0.0000,3026.2432,-4418.0581,632.9885,4058.6327,4639.7091,886.8539,6781.6246,-5815.5857,1652.0792,-4713.1448,-5033.1849,-5306.4597,-4237.0325,5630.2087,3156.7924,5478.7119,-3935.5063,6781.1600,-2650.4800,2117.1489,-3904.9556,5015.1671,4790.6473,-6570.0327,-4567.4657,5470.3175,4419.3237,-2197.1446,-3543.9735,0.0000,2201.6115,202.5699,5316.1695,-1969.7362,-4113.6099,-3463.3077,-3208.7918,-3928.6020,-4041.5182,-5525.5048,3412.0135,0.0000,-330808.7754,-338925.0025,-328106.2786,-330652.5753,-339249.4112,-336061.7385,-335185.1934,-334177.5235,-109520520.6905,-109527997.5745,-109552576.1801,-109540758.6980,-333362.2910,-109529256.2365,5076.1165,-726.2050,4122.6194,1190.7754,6495.4785,-2514.4358,-1914.6112,0.0000,-3774.5219,-565.7180,4560.0870,4650.4030,-2689.9423,-6587.2776,-267.0549,-3091.1112,-5171.9618,1874.8783,4373.9680,-4019.3253,4536.4944,-2675.1350,2882.7603,3053.7297,-1536.5620,1091.3672,-3418.4468,6268.8073,-1589.8597,1086.4470,4192.4866,1346.7059,3222.6376,-1357.0816,897.4315,4598.5033,4823.3692,0.0000,2566.1321,-5494.3374,-964.0736,5438.4287,-559.6719,4218.5518,-3255.4198,5057.2406,4746.7452,-2928.7729,-3356.1764,0.0000,-62777.4020,-75996.7205,-81817.7792,-77733.7524,-74189.4941,-77642.3461,-83245.9845,-80261.9087,-114819746.8779,-114798093.3986,-114816735.1841,-114811826.1432,-79771.9658,-114805903.8275,-4534.7407,-5534.4499,4527.3504,5186.7498,171.2947,-2533.8752,-1658.4170,0.0000,4918.4528,5279.8714,-5215.3206,-3143.4509,4363.5481,-882.7224,1310.8315,1988.9956,4265.6827,-4727.3892,1677.8833,1668.4082,-3017.5307,2577.9014,-5418.0423,2648.3053,5374.0850,-984.4830,-5214.5133,1613.0071,-5382.0393,4654.3076,2336.5232,1502.9428,-4061.9179,3906.6781,-5177.4814,4638.6618,-3452.2434,0.0000,-6066.5805,-4203.8134,-4353.8536,-3808.7923,5475.1643,4102.6180,-5165.2006,2538.3181,2670.5390,2879.4533,-4660.5275,0.0000,-134577.1900,-138345.4003,-133191.8039,-136653.7117,-130247.8854,-134767.8702,-144531.7255,-134075.0037,-39791835.6360,-39827632.0267,-39799388.6428,-39804044.4239,-135624.5100,-39804060.2326,
1500.000,583.8092,3574.5645,-1702.0780,-2536.8923,-1022.3849,4350.6222,6027.9254,0.0000,2008.2943,-3866.7345,1815.1271,5377.6419,3014.6271,-421.5540,6105.9548,-6561.1052,341.4368,-3726.0476,-4294.6779,-5698.8576,-2525.1757,4154.9920,4096.5934,5271.4695,-4923.4513,6243.6260,-3777.1882,3071.4121,-4907.1163,5008.7782,5845.0378,-6372.8947,-3723.2552,5693.2347,3932.2490,-952.0811,-1734.5389,0.0000,371.6189,-1324.1673,6141.0043,62.5216,-4397.2973,-1438.3266,-3946.8802,-2127.5088,-2207.7340,-6500.5256,2599.2029,0.0000,-329505.2067,-336975.1781,-326393.4346,-328951.7194,-337547.5907,-334028.2695,-333475.1397,-332468.8622,-106981964.3938,-106989334.5070,-107013713.0055,-107001954.9490,-331607.8865,-106990649.2100,5737.6506,-2817.5885,5493.1001,1814.8350,6603.9824,-3360.8877,-3395.1854,0.0000,-5373.0522,1529.1832,5619.3823,4098.3579,-4069.9232,-6158.5508,-1773.6958,-2066.4319,-6258.4572,3771.6586,5371.1088,-2356.8020,4721.4374,-3472.4733,918.3925,1391.7052,312.6553,361.2072,-1538.5686,5139.3254,253.5452,-1070.2092,3394.9965,2560.7344,4945.0853,-2958.0525,-1208.1289,5911.4157,4792.2262,0.0000,1414.7442,-6183.5284,-1968.2732,5259.1612,1563.9397,4837.5406,-1235.8646,5414.4557,5182.1417,-1937.4402,-5061.5333,0.0000,-69737.2452,-83042.1318,-88916.8492,-85049.5317,-81163.2254,-84716.5148,-90186.8676,-86761.7180,-117182064.7171,-117160099.6601,-117179629.4182,-117174614.9998,-86734.0854,-117168162.5868,-3858.1865,-5203.9043,3854.4196,6173.7716,-1634.0199,-3983.6308,-140.3114,0.0000,3836.0747,5515.5398,-3676.4610,-1499.5113,4705.8042,-2621.5777,2706.4732,205.0982,2901.1222,-4468.1005,-125.2829,3006.9664,-4356.9400,4018.2361,-5478.0748,4073.9193,4733.3215,-3007.0247,-5410.2394,3241.2650,-4753.7494,4665.4296,571.8968,-308.3229,-3069.4262,2427.8749,-5497.6299,3415.3022,-4666.9668,0.0000,-6789.8965,-2811.2135,-2559.8538,-4506.0771,5043.8333,4597.8175,-5520.3515,3685.9517,3774.2838,1191.4240,-3498.9895,0.0000,-134606.8517,-138271.3916,-133224.4659,-136775.2395,-130257.6199,-134495.3144,-144557.1747,-134019.2770,-39791627.8083,-39827094.3049,-39799449.5083,-39804181.9309,-135627.4038,-39803821.4669,
1800.000,2439.1459,2773.8541,-43.9719,-407.8150,330.6245,2466.0069,5027.3483,0.0000,832.5169,-2990.0611,2771.9593,6155.6475,1119.7152,-1713.8773,4837.7865,-6642.4753,-971.8023,-2419.1236,-3120.0983,-5544.8548,-540.6260,2228.4823,4683.9521,4549.7074,-5446.6066,5078.1701,-4560.5953,3742.5950,-5446.1583,4562.1888,6278.7091,-5528.1566,-2544.1964,5354.6107,3106.3803,351.1350,271.4652,0.0000,-1442.0845,-2692.2992,6353.5197,2106.2890,-4291.5632,729.0086,-4351.2529,-100.6246,-131.5596,-6817.6722,1540.8739,0.0000,-328055.3010,-334872.2582,-324536.7314,-327119.5967,-335699.9029,-331817.1152,-331620.6500,-330573.3508,-104392474.3205,-104399751.3784,-104423897.3598,-104412183.1707,-329708.1540,-104401111.2767,5874.5208,-4636.3845,6347.5954,2333.3481,6050.3900,-3900.1265,-4543.4460,0.0000,-6441.1727,3491.5534,6134.7289,3154.9969,-5091.6965,-5064.0771,-3132.5484,-835.1056,-6729.7991,5318.5746,5825.0633,-441.1422,4479.8239,-3943.9014,-1111.1520,-446.7182,2094.2318,-444.5116,474.0395,3469.2311,2035.1605,-3123.0426,2244.7567,3518.2758,6181.0243,-4237.0496,-3210.7150,6641.4009,4331.3726,0.0000,34.8864,-6275.4236,-2741.0310,4609.4811,3513.4428,5011.1661,891.6100,5269.0307,5115.2411,-764.1815,-6208.1465,0.0000,-76671.6455,-90043.2506,-95976.1589,-92348.3571,-88100.7293,-91762.0425,-97091.2227,-93222.0897,-119488267.2558,-119465984.0947,-119486397.1571,-119481268.4444,-93657.7059,-119474303.5215,-2770.2282,-4313.3490,2767.6891,6498.4384,-3260.3348,-4980.4171,1392.8875,0.0000,2337.8917,5156.3754,-1748.4694,305.4734,4541.3194,-4050.8083,3809.6797,-1601.2820,1222.6340,-3731.5968,-1914.7383,4013.6391,-5224.8567,4992.1643,-4945.8538,5039.5904,3565.7643,-4708.8048,-4988.0671,4503.6750,-3596.4028,4177.2656,-1258.0968,-2085.7592,-1745.2345,680.8968,-5214.2930,1820.3977,-5378.4520,0.0000,-6794.3827,-1116.2211,-492.5702,-4720.5462,4059.8051,4579.0280,-5277.6889,4431.6241,4446.9668,-626.7694,-1920.2232,0.0000,-134636.5040,-138193.9247,-133261.6042,-136883.1122,-130269.8090,-134236.0838,-144578.2797,-134079.5898,-39791425.3694,-39826550.4797,-39799511.1938,-39804318.6851,-135630.1991,-39803582.5764,
2100.000,4041.7652,1745.9811,1594.6588,1745.3916,1685.0760,319.1297,3529.4565,0.0000,-400.1935,-1871.7191,3427.6556,6324.4528,-860.2808,-2865.2375,3104.1961,-6058.3751,-2174.5974,-912.0591,-1613.3281,-4868.4834,1521.1406,57.8089,4853.8722,3398.2736,-5439.9550,3411.2463,-4912.6579,4075.5550,-5455.0100,3713.9121,6056.3595,-4115.8130,-1132.5360,4475.0615,2022.6302,1598.9443,2276.8493,0.0000,-3042.0802,-3781.8411,5918.9591,3963.2885,-3795.7416,2817.9351,-4378.3416,1954.0543,1973.1604,-6448.8781,334.8177,0.0000,-326459.5084,-332616.8237,-322537.0088,-325161.1131,-333707.1091,-329427.5135,-329622.4856,-328491.2877,-101753290.5400,-101760488.5278,-101784369.7365,-101772684.9946,-327663.9365,-101761882.6123,5464.1045,-5999.0533,6597.3592,2697.0682,4898.7241,-4087.6997,-5260.0420,0.0000,-6868.3405,5123.5138,6039.2855,1895.4290,-5653.7403,-3429.9642,-4221.0522,497.9744,-6532.9100,6362.3079,5703.9881,1541.0356,3845.9629,-4050.5090,-3004.6952,-2276.0738,3632.8499,-1265.2279,2407.9524,1432.3905,3579.4206,-4872.2802,844.6171,4141.9909,6809.3560,-5077.9862,-4904.8931,6709.4798,3495.0169,0.0000,-1423.3126,-5749.6817,-3227.5857,3554.8221,5093.5029,4721.5398,2913.7017,4642.4526,4559.7539,493.0804,-6667.4365,0.0000,-83577.5384,-96997.1114,-102992.5469,-99626.5409,-94998.9331,-98777.2802,-103956.0646,-99671.2238,-121737256.6567,-121714649.4652,-121735939.9145,-121730686.7421,-100539.7951,-121723228.9206,-1386.4808,-2958.0718,1383.7708,6126.2132,-4530.0547,-5411.6830,2775.9464,0.0000,586.1932,4240.9646,364.8978,2077.5832,3887.7921,-5002.4831,4501.3693,-3232.5542,-588.1785,-2596.1209,-3494.4965,4577.4288,-5528.1388,5386.9210,-3878.5316,5436.5716,2001.0991,-5909.1929,-3995.8426,5258.0480,-2038.1989,3242.0273,-2944.5361,-3634.4751,-232.2095,-1141.2976,-4358.3528,27.3973,-5510.6668,0.0000,-6079.6166,698.9918,1627.3474,-4429.3515,2630.6467,4048.3411,-4463.3385,4694.1748,4611.9266,-2376.5781,-112.0872,0.0000,-134666.1456,-138112.7664,-133303.1535,-136973.3005,-130284.4337,-133996.3810,-144595.0563,-134251.0694,-39791228.3028,-39826000.4843,-39799573.6354,-39804454.0541,-135632.8957,-39803343.5611,
2400.000,5244.4722,577.6346,3066.2435,3701.0415,2917.6187,-1863.5214,1674.4087,0.0000,-1586.1602,-613.2941,3739.6380,5877.2560,-2735.0374,-3760.9185,1077.2447,-4875.2153,-3166.7565,659.5952,86.0212,-3742.5368,3454.6167,-2122.9846,4577.3463,1941.7853,-4890.1828,1418.8978,-4784.7562,4044.6243,-4918.0610,2537.0427,5212.3950,-2274.8777,388.0701,3130.8110,781.5773,2685.8150,4081.7404,0.0000,-4259.9334,-4501.9971,4870.1622,5451.2930,-2944.0413,4616.1753,-4015.6798,3833.7386,3887.8421,-5436.4306,-907.0753,0.0000,-324718.3424,-330209.4708,-320395.1733,-323081.7335,-331570.0330,-326859.9087,-327481.4684,-326224.4683,-99065676.7774,-99072809.9268,-99096394.3073,-99084725.7840,-325476.1403,-99074227.0430,4534.8573,-6766.8010,6211.7448,2863.3686,3272.3951,-3909.2832,-5486.9660,0.0000,-6608.9454,6258.2635,5328.3426,427.2691,-5695.3633,-1439.5567,-4939.1923,1815.7634,-5682.3315,6796.8865,5033.6051,3393.7776,2887.0275,-3785.6657,-4577.2044,-3907.4581,4781.6753,-2032.4602,4063.1551,-758.2525,4738.2442,-6147.9149,-674.4935,4386.5250,6769.2842,-5411.1662,-6114.2911,6103.8761,2368.3504,0.0000,-2793.2991,-4647.8248,-3403.7506,2195.0461,6148.1261,3992.5939,4629.2841,3599.4137,3575.1914,1727.2255,-6387.8589,0.0000,-90451.8663,-103900.8161,-109962.8726,-106878.9747,-101854.7818,-105760.5524,-110778.4209,-106135.0174,-123927962.4776,-123905025.9451,-123927186.6154,-123921797.6558,-107377.3396,-123913868.4728,145.4931,-1283.5997,-148.7283,5096.8053,-5305.1459,-5228.8672,3859.7983,0.0000,-1229.0772,2867.7981,2439.5058,3626.1786,2815.5014,-5365.3120,4706.9860,-4510.8696,-2335.4054,-1182.7032,-4692.1704,4636.1629,-5234.3709,5156.8266,-2391.0004,5220.2085,213.4943,-6481.3857,-2546.2991,5419.6069,-252.4579,1959.7598,-4295.4944,-4785.3005,1305.9480,-2837.6120,-3023.2242,-1768.6108,-5049.5648,0.0000,-4720.4335,2438.8112,3573.1964,-3663.4642,912.9145,3064.9565,-3164.9746,4445.0548,4250.3793,-3867.3658,1709.4235,0.0000,-134695.7748,-138027.6570,-133349.0399,-137041.0458,-130301.4759,-133783.9236,-144607.5184,-134521.3519,-39791036.5895,-39825444.2527,-39799636.7689,-39804587.4280,-135635.4938,-39803104.4210,
2700.000,5940.0040,-633.8378,4241.1933,5259.7533,3912.0615,-3851.4985,-360.8806,0.0000,-2627.3907,674.7069,3700.6311,4868.2043,-4327.0147,-4307.2795,-1043.3855,-3218.9504,-3868.9743,2156.3355,1815.7303,-2280.5567,5064.4544,-4078.2490,3865.9731,330.9630,-3838.9575,-692.2766,-4174.5800,3655.0484,-3874.9777,1133.2564,3845.4039,-189.1127,1883.1498,1447.0691,-505.4253,3522.9297,5503.2039,0.0000,-4973.8690,-4798.5633,3305.3472,6421.9122,-1804.0506,5941.6605,-3284.5176,5350.8998,5411.8966,-3887.6057,-2068.7882,0.0000,-322832.3800,-327650.8033,-318112.1977,-320887.1114,-329289.5608,-324116.7191,-325198.4808,-323776.2607,-96330919.8094,-96338002.5743,-96361258.3162,-96349594.0237,-323145.7346,-96339431.4404,3165.1250,-6860.2957,5222.0866,2801.2538,1340.3642,-3381.3699,-5211.8649,0.0000,-5687.4182,6777.5282,4061.6080,-1118.4041,-5203.4828,687.4994,-5218.4999,2999.1450,-4259.2180,6574.9328,3892.5348,4931.1350,1695.8815,-3175.0453,-5677.9478,-5168.0252,5436.6382,-2675.1026,5271.6960,-2873.1982,5405.4850,-6826.5343,-2165.8200,4240.8212,6066.5641,-5218.6105,-6710.1738,4881.7892,1058.9175,0.0000,-3910.7919,-3070.3771,-3275.7372,655.2347,6576.5401,2888.4246,5869.3684,2241.0127,2260.4064,2830.8019,-5401.2778,0.0000,-97291.5799,-110751.5476,-116884.0168,-114098.5176,-108665.2385,-112709.8736,-117555.3342,-112635.4682,-126059342.1812,-126036071.6277,-126059094.1055,-126053556.9558,-114167.3456,-126045179.7755,1661.8730,529.5666,-1665.2907,3520.1696,-5501.7050,-4452.5268,4527.7462,0.0000,-2911.2732,1184.9275,4255.1304,4784.7382,1439.8761,-5097.0290,4404.3984,-5297.4753,-3830.3980,357.4860,-5377.6606,4183.2202,-4375.0798,4328.3982,-644.0163,4414.7929,-1597.9129,-6365.1291,-804.8319,4970.2334,1561.4760,467.7198,-5157.9119,-5413.0982,2702.5505,-4221.3908,-1355.1663,-3372.5223,-4044.4558,0.0000,-2859.7947,3915.5868,5137.0617,-2504.5505,-904.9740,1738.7202,-1522.8595,3711.3530,3403.5013,-4937.3646,3326.3068,0.0000,-134725.3903,-137938.3062,-133399.1809,-137081.0531,-130320.9188,-133607.8451,-144615.6785,-134871.3945,-39790850.2081,-39824881.7198,-39799700.5299,-39804718.2164,-135637.9933,-39802865.1560,
3000.000,6070.7591,-1788.1003,5019.2199,6265.1053,4569.9383,-5434.4048,-2379.8719,0.0000,-3439.3168,1882.3328,3336.7513,3405.5702,-5488.4532,-4441.1868,-3050.1661,-1261.0514,-4228.5828,3446.9702,3406.4229,-625.3994,6185.0150,-5596.2493,2772.9886,-1272.9323,-2380.2634,-2706.4578,-3128.7513,2942.1510,-2418.6286,-375.7321,2105.9780,1931.6072,3219.2142,-413.9540,-1725.8312,4044.9633,6393.7109,0.0000,-5121.4123,-4657.4512,1378.4204,6775.6311,-471.9098,6661.3147,-2239.7390,6352.0952,6383.8947,-1962.5876,-3040.7351,0.0000,-320802.2615,-324941.4236,-315689.1204,-318582.3789,-326866.6409,-321203.2051,-322774.4655,-321151.7239,-93550328.8478,-93557375.8793,-93580271.4632,-93568600.6997,-320673.7509,-93558805.1057,1476.8845,-6268.4945,3719.2297,2496.2671,-700.6098,-2549.9004,-4467.9521,0.0000,-4195.6561,6624.4483,2358.1440,-2598.7563,-4215.1405,2719.2765,-5028.5143,3937.3647,-2403.1133,5713.2928,2402.6140,5995.8314,382.3368,-2274.2811,-6205.3324,-5919.4103,5545.8524,-3125.7587,5915.1046,-4690.4627,5526.8370,-6843.5920,-3480.8038,3727.3195,4772.7766,-4533.7118,-6625.7727,3163.5920,-313.3357,0.0000,-4633.4366,-1167.5418,-2876.7142,-925.4656,6343.1221,1508.0596,6514.1179,695.0185,743.7929,3705.0057,-3819.2494,0.0000,-104093.6390,-117546.5870,-123752.8845,-121275.4606,-115427.2863,-119622.5113,-124283.8626,-119189.2522,-128130381.6312,-128106773.0217,-128130647.6491,-128124948.9172,-120906.8403,-128116148.8316,3000.2820,2285.4202,-3003.3719,1565.2272,-5098.5417,-3170.1835,4707.9783,0.0000,-4278.7141,-625.9305,5619.3592,5428.8626,-90.8784,-4228.9704,3626.2175,-5507.3550,-4912.3185,1859.2941,-5476.8144,3268.3055,-3042.5527,2997.4354,1172.9240,3110.9472,-3231.6044,-5572.5931,1029.0230,3960.4132,3200.7250,-1074.3805,-5434.5082,-5449.8779,3806.2275,-5141.0248,462.3398,-4610.7107,-2603.0450,0.0000,-694.6285,4970.1660,6152.3291,-1076.5890,-2623.7012,217.9588,284.8948,2572.9248,2167.8541,-5470.9946,4545.1332,0.0000,-134754.9906,-137844.3892,-133453.4858,-137087.9902,-130342.7463,-133478.1202,-144619.5474,-135276.5744,-39790669.1347,-39824312.8214,-39799764.8538,-39804845.8468,-135640.3942,-39802625.7663,
3300.000,5633.4154,-2789.8039,5337.5471,6619.9894,4820.0236,-6444.2248,-4185.5026,0.0000,-3957.0949,2909.3715,2702.1651,1639.6828,-6115.2783,-4137.3326,-4748.1013,799.4548,-4222.6500,4420.0758,4697.8732,1064.5903,6697.6368,-6512.4623,1390.1006,-2714.1972,-651.8929,-4420.3669,-1740.2696,1968.3824,-686.9837,-1858.5854,179.8070,3872.2709,4275.5770,-2268.8875,-2775.4580,4214.4098,6656.8132,0.0000,-4705.3870,-4104.1804,-716.7771,6472.5104,935.5647,6704.7951,-966.6207,6733.8018,6699.0470,142.5340,-3729.7482,0.0000,-318628.6906,-322081.9239,-313127.0450,-316171.1027,-324302.2831,-318128.1233,-320210.4251,-318357.7360,-90725234.9129,-90732261.0337,-90754765.2769,-90743078.6676,-318061.2826,-90733679.1423,-375.1228,-5050.1966,1844.9165,1954.4892,-2645.7910,-1486.8523,-3329.8514,0.0000,-2283.2044,5810.1534,384.6361,-3872.3630,-2815.1805,4436.4463,-4380.2044,4538.0043,-297.7008,4292.1012,715.6783,6475.5785,-936.5694,-1164.3501,-6116.6479,-6073.3117,5113.0873,-3327.7460,5936.4418,-6018.9982,5103.9486,-6199.6617,-4483.5191,2898.5961,3017.7300,-3435.7379,-5864.4076,1120.3294,-1626.6784,0.0000,-4859.0967,875.4635,-2260.9116,-2406.1610,5480.0832,-23.1295,6504.9710,-896.0058,-829.0619,4268.0641,-1819.7855,0.0000,-110855.0145,-124283.3355,-130566.4055,-128397.4094,-122137.9292,-126494.4589,-130961.0815,-125806.4885,-130140095.5751,-130116145.5329,-130140861.4116,-130134986.8029,-127592.8733,-130125790.5313,4017.4166,3793.9520,-4019.9488,-558.0161,-4139.2933,-1526.9797,4381.1520,0.0000,-5184.3580,-2369.2563,6388.0832,5489.4663,-1611.8695,-2862.6444,2456.3616,-5117.9225,-5465.2370,3161.4984,-4978.9781,1992.1863,-1380.4100,1318.2516,2862.2834,1455.6957,-4506.4441,-4187.2201,2744.5778,2503.7633,4481.9650,-2501.6682,-5094.1865,-4891.7146,4497.4723,-5496.2024,2228.7693,-5349.7425,-880.3844,0.0000,1544.6141,5489.0740,6511.2191,467.1544,-4055.2807,-1327.1972,2061.5936,1153.8398,684.5218,-5410.8414,5220.3855,0.0000,-134784.5741,-137745.5410,-133511.8557,-137057.3673,-130366.9436,-133404.3109,-144619.1341,-135708.0772,-39790493.3429,-39823737.4946,-39799829.6758,-39804969.7620,-135642.6965,-39802386.2518,
3600.000,4678.0523,-3556.1159,5175.3540,6296.5322,4626.1151,-6773.7301,-5599.4652,0.0000,-4140.0588,3673.3525,1871.3830,-252.7884,-6156.3888,-3412.6507,-5973.8743,2756.0113,-3858.5157,4993.4798,5554.8769,2630.6560,6543.8005,-6728.0646,-159.8814,-3857.8787,1177.8583,-5663.7583,-140.6083,818.3264,1150.1522,-3185.6521,-1731.9706,5434.2146,4955.0725,-3931.1470,-3567.1248,4023.3690,6258.2180,0.0000,-3792.1563,-3199.7891,-2766.2757,5537.1222,2291.0069,6071.4790,425.6205,6453.5340,6320.9509,2215.6993,-4067.5589,0.0000,-316312.4338,-319072.8750,-310427.1396,-313654.1682,-321597.5583,-314903.6540,-317507.4221,-315403.0829,-87856990.1966,-87864010.3742,-87886092.4768,-87874382.0114,-315309.4847,-87865405.8191,-2217.7387,-3327.9760,-221.9179,1204.7696,-4302.7092,-284.7374,-1906.0116,0.0000,-141.6715,4412.9900,-1661.3976,-4812.6384,-1129.0758,5655.8929,-3325.9246,4735.8561,1847.6358,2447.2128,-1001.7402,6315.3669,-2146.6598,55.1967,-5431.4300,-5602.3558,4195.1850,-3242.1842,5345.3147,-6719.2137,4192.4009,-4959.9305,-5064.3965,1832.0290,976.0245,-2040.3322,-4499.9963,-1043.7412,-2768.1374,0.0000,-4540.1132,2856.6837,-1496.3706,-3656.6760,4082.7328,-1564.6934,5850.2339,-2387.7620,-2309.2469,4462.5251,373.3184,0.0000,-117572.6890,-130959.3431,-137321.5368,-135450.0002,-128794.1932,-133320.0243,-137584.0844,-132489.7328,-132087528.1130,-132063233.9326,-132088778.9296,-132082713.3330,-134222.5178,-132073149.1207,4604.5011,4892.0286,-4606.6989,-2621.3167,-2727.9888,290.2968,3582.4107,0.0000,-5531.2577,-3857.2083,6480.3695,4959.9815,-2959.5069,-1158.4616,1021.1331,-4171.2712,-5430.0886,4124.3457,-3938.0438,495.7703,431.4885,-514.1095,4240.3231,-364.0113,-5281.7177,-2355.5625,4144.6215,764.5053,5262.1257,-3661.9138,-4175.2824,-3799.1213,4701.5356,-5248.3202,3749.0124,-5510.3127,937.5123,0.0000,3618.8026,5416.5184,6175.7565,1960.5856,-5043.7387,-2724.0953,3613.6531,-391.1083,-877.0181,-4763.4404,5271.6258,0.0000,-134814.1393,-137641.3510,-133574.1840,-136986.6728,-130393.4968,-133393.6904,-144614.4464,-136134.5913,-39790322.8040,-39823155.6784,-39799894.9308,-39805089.4185,-135644.9002,-39802146.6125,
3900.000,3302.1506,-4023.1334,4554.3509,5338.1019,3992.2638,-6388.6028,-6479.9601,0.0000,-3974.2636,4115.6094,930.4192,-2086.5560,-5617.3746,-2326.9046,-6611.8757,4414.9547,-3172.1241,5120.8827,5881.4510,3928.6052,5732.3818,-6221.1113,-1733.9353,-4602.4854,2926.6700,-6316.8138,1512.7726,-408.1748,2907.9863,-4240.0618,-3433.4080,6455.3987,5192.7932,-5229.3830,-4037.4907,3493.0566,5230.6092,0.0000,-2502.1087,-2033.9431,-4557.8167,4056.8504,3467.8151,4829.8444,1812.9923,5534.7992,5285.9741,4049.9363,-4017.2115,0.0000,-313854.3205,-315914.8165,-307590.6362,-311029.1321,-318753.5982,-311544.1845,-314666.5782,-312298.4446,-84946967.4152,-84953996.7346,-84975626.3259,-84963885.3922,-312419.5730,-84955357.9228,-3875.6969,-1275.3333,-2282.3598,298.5499,-5510.1999,950.8592,-328.4426,0.0000,2014.6466,2570.4841,-3571.5217,-5320.4361,688.4209,6250.6898,-1955.6376,4500.0734,3818.4964,356.8691,-2584.5357,5524.1637,-3146.2762,1274.7818,-4228.0954,-4544.5625,2894.2640,-2854.2793,4215.2596,-6718.2395,2894.1888,-3247.1314,-5152.1922,622.9403,-1150.5946,-487.3191,-2669.6723,-3111.5554,-3643.0496,0.0000,-3691.1935,4577.4464,-657.3748,-4568.9561,2298.3067,-2973.9192,4623.3617,-3647.2778,-3558.5866,4261.0573,2515.8068,0.0000,-124243.6587,-137572.3463,-144015.2635,-142418.6030,-135393.1280,-140091.8373,-144149.9845,-139233.2889,-133971753.1525,-133947112.8113,-133973473.5658,-133967201.1402,-140792.8721,-133957298.6567,4698.8519,5461.0897,-4701.2450,-4403.3009,-1018.2785,2074.4147,2397.6869,0.0000,-5282.4270,-4930.0364,5886.5589,3897.0677,-3989.2385,682.6419,-524.4082,-2769.8965,-4810.6171,4644.6330,-2466.9614,-1055.4814,2196.4923,-2286.8183,5157.3349,-2142.6638,-5472.2190,-272.3960,5068.4054,-1061.0530,5454.2364,-4431.7473,-2781.5230,-2290.8704,4396.3705,-4424.3895,4855.2729,-5075.2769,2653.8518,0.0000,5306.3459,4760.2069,5181.5355,3242.8637,-5481.8191,-3817.0555,4772.0369,-1893.4457,-2338.4854,-3598.5934,4692.7689,0.0000,-134843.6846,-137531.3562,-133640.3561,-136876.3432,-130422.3928,-133449.3148,-144605.4902,-136524.3135,-39790157.4866,-39822567.3131,-39799960.5533,-39805204.2848,-135647.0053,-39801906.8484,
4200.000,1640.3805,-4150.7594,3535.8076,3853.1941,2964.5361,-5331.3931,-6736.2443,0.0000,-3473.2473,4204.9953,-32.1236,-3685.8845,-4558.5127,-978.7455,-6605.3323,5614.6910,-2224.5397,4795.1719,5631.9786,4842.1527,4339.7216,-5048.7060,-3182.0537,-4888.7569,4416.1373,-6322.4080,3052.0291,-1604.3358,4405.3535,-4927.6263,-4753.7043,6827.6275,4962.2227,-6024.9863,-4151.5120,2671.4081,3671.2520,0.0000,-993.7876,-716.0655,-5902.8573,2173.5854,4351.6288,3109.5266,3067.6721,4065.1228,3699.5718,5463.8669,-3577.0771,0.0000,-311255.2428,-312608.2467,-304618.8297,-308290.5629,-315771.5944,-308064.1126,-311689.0743,-309056.2135,-81996559.1525,-82003612.7882,-82024759.9724,-82012983.3872,-309392.8237,-82004928.1014,-5188.3143,901.2219,-4136.5142,-692.9313,-6154.4384,2110.1795,1259.4014,0.0000,3969.9859,465.2198,-5147.5841,-5334.7381,2467.5662,6163.9256,-389.4947,3838.8342,5416.6220,-1775.8382,-3884.7417,4174.9287,-3854.5871,2384.3602,-2634.5484,-3000.4812,1346.0804,-2177.7146,2674.1755,-6017.8469,1345.9945,-1228.9592,-4723.0237,-623.4281,-3153.2664,1073.0207,-559.4874,-4874.7157,-4182.6580,0.0000,-2389.6400,5862.3441,182.6704,-5066.2466,310.0653,-4118.8511,2954.2961,-4564.6554,-4462.3952,3670.2742,4370.1694,0.0000,-130864.9341,-144120.3184,-150644.6008,-149290.5347,-141931.8077,-146801.4579,-150655.9157,-146022.9647,-135791874.8491,-135766887.0189,-135794048.9505,-135787553.2111,-147301.0605,-135777343.4471,4290.4389,5439.7550,-4293.5103,-5713.5629,802.9616,3621.6939,954.5788,0.0000,-4464.5054,-5473.0211,4669.2017,2414.7688,-4590.9603,2442.9340,-2013.3663,-1066.0956,-3673.0052,4666.6808,-725.9875,-2490.0957,3722.8123,-3794.4592,5513.8567,-3679.8377,-5057.1006,1839.8681,5410.0606,-2767.0066,5036.8629,-4729.5280,-1070.8847,-531.5817,3614.9535,-3114.2755,5425.6598,-4091.3375,4082.7128,0.0000,6427.3142,3590.5862,3634.1502,4175.9465,-5322.1224,-4484.6770,5410.7699,-3189.6330,-3533.4063,-2042.2613,3552.7713,0.0000,-134873.2082,-137415.0350,-133710.2500,-136730.0144,-130453.6195,-133568.9931,-144592.2700,-136847.2237,-39789997.3572,-39821972.3414,-39800026.4776,-39805313.8391,-135649.0117,-39801666.9596,
4500.000,-148.6700,-3925.8674,2214.5411,2002.3828,1628.6054,-3716.6034,-6338.3660,0.0000,-2677.1107,3939.2568,-933.2654,-4901.6264,-3087.6461,502.7968,-5961.2393,6241.8069,-1096.9081,4048.3890,4817.7959,5293.1875,2502.2790,-3339.9183,-4361.4850,-4703.5773,5489.6589,-5691.4611,4315.9457,-2665.4160,5483.3725,-5184.8420,-5564.6098,6508.7034,4278.2913,-6227.1466,-3904.3679,1629.0486,1732.5156,0.0000,555.8833,634.7711,-6656.8031,69.7752,4851.1312,1087.3066,4069.6494,2187.3456,1725.0487,6319.8895,-2782.1119,0.0000,-308516.1550,-309153.6162,-301513.0775,-305431.3675,-312652.7981,-304475.5642,-308576.1498,-305690.0844,-79007177.1935,-79014270.3803,-79034905.7837,-79023089.8194,-306230.5730,-79015528.1973,-6025.0951,2983.1211,-5602.6604,-1683.8334,-6180.0991,3088.7618,2715.6019,0.0000,5528.4299,-1693.5300,-6222.4256,-4840.2547,4039.3734,5414.3317,1232.6312,2800.6716,6479.8367,-3742.8505,-4785.4541,2397.7369,-4217.7054,3282.9780,-814.1959,-1123.2468,-294.0360,-1256.1667,889.4155,-4693.8571,-295.2825,898.4901,-3805.1410,-1800.6540,-4836.5951,2494.1755,1614.9211,-6154.3254,-4349.0003,0.0000,-767.9743,6577.4171,957.3916,-5109.2030,-1681.4691,-4890.2758,1015.2089,-5062.3267,-4939.5973,2731.9629,5732.1066,0.0000,-137433.5420,-150601.5363,-157206.5955,-156056.7926,-148407.3326,-153440.4000,-157099.0338,-152836.4221,-137547028.0323,-137521692.0895,-137549639.4081,-137542903.3130,-153744.2347,-137532418.4763,3422.9119,4830.2479,-3426.7509,-6412.7835,2536.1261,4755.6580,-591.3916,0.0000,-3165.0746,-5428.2764,2956.8056,672.4902,-4700.4941,3914.0584,-3285.2607,754.2520,-2139.2024,4188.1643,1094.4994,-3649.8212,4844.6924,-4863.0682,5271.2275,-4803.0157,-4081.9842,3755.3601,5130.4637,-4161.4689,4056.4234,-4523.6870,761.9203,1286.0132,2441.8077,-1461.3951,5397.4119,-2664.3303,5069.4645,0.0000,6862.5226,2033.5297,1698.4334,4659.5146,-4581.9179,-4653.0263,5460.4693,-4138.9830,-4326.1161,-263.4148,1987.6932,0.0000,-134902.7086,-137291.8009,-133783.7365,-136553.8143,-130487.1659,-133745.7945,-144574.7889,-137077.5158,-39789842.3796,-39821370.7081,-39800092.6375,-39805417.5685,-135650.9195,-39801426.9461,
4800.000,-1897.6127,-3363.6735,710.3836,-19.5773,103.0266,-1717.6763,-5320.7972,0.0000,-1649.8819,3344.3335,-1702.5693,-5625.4306,-1349.0145,1970.5751,-4748.6365,6242.2323,115.9551,2948.5491,3507.9662,5247.9531,402.7972,-1280.7608,-5150.7516,-4078.9563,6028.8637,-4500.5141,5166.7595,-3497.4697,6022.4990,-4984.5381,-5793.2668,5527.7129,3196.9530,-5803.7734,-3321.0302,453.7737,-393.4699,0.0000,1972.5126,1900.4437,-6735.2578,-2049.5436,4907.4349,-1031.1832,4718.0699,85.3291,-433.6761,6538.0931,-1701.9201,0.0000,-305638.0737,-305551.3281,-298274.7985,-302444.4726,-309398.5196,-300787.0294,-305329.1023,-302214.3882,-75980251.8488,-75987399.8524,-76007494.6695,-75995637.0784,-302934.2161,-75988588.5717,-6298.8857,4761.7273,-6535.0237,-2580.8392,-5595.1551,3796.5134,3912.4323,0.0000,6533.6063,-3690.4769,-6678.1406,-3870.7820,5251.4006,4092.9147,2763.6082,1471.8214,6898.9485,-5351.5134,-5211.4721,366.8277,-4212.1252,3887.3936,1050.9525,897.0663,-1866.4357,-161.4050,-950.5341,-2887.2552,-1868.3558,2929.6090,-2478.2913,-2809.9157,-6037.9230,3647.0297,3630.5128,-6819.4052,-4136.7937,0.0000,999.9357,6644.6652,1612.2493,-4698.5529,-3478.4426,-5211.7414,-997.5224,-5101.0356,-4949.3738,1521.1362,6453.5365,0.0000,-143946.5259,-157014.6711,-163698.3272,-162712.5551,-154816.8296,-160001.1026,-163476.5179,-159644.2478,-139236378.6172,-139210694.6519,-139239410.3688,-139232416.4057,-160119.5753,-139221689.8165,2189.0251,3698.1962,-2193.1976,-6426.8872,3991.1136,5347.2521,-2073.7128,0.0000,-1523.7527,-4800.5625,930.6757,-1142.1968,-4306.1487,4922.0745,-4203.4111,2492.0282,-374.3053,3260.3421,2794.9502,-4407.1593,5440.4874,-5369.9355,4455.6481,-5386.7276,-2654.2499,5269.4898,4261.5631,-5088.2304,2622.2292,-3835.9259,2507.6711,2962.3596,1003.9934,352.5648,4773.5888,-948.3364,5507.4924,0.0000,6565.7680,256.9683,-418.8689,4641.6545,-3341.3986,-4303.4929,4915.6696,-4638.7891,-4626.9077,1544.1426,184.7083,0.0000,-134932.1840,-137160.9982,-133860.6793,-136355.0400,-130523.0215,-133969.8182,-144553.0481,-137195.9774,-39789692.5155,-39820762.3606,-39800158.9667,-39805514.9666,-135652.7287,-39801186.8077,
5100.000,-3445.9368,-2507.1814,-842.3140,-2004.2569,-1471.2287,452.1838,-3779.3790,0.0000,-475.0740,2471.8829,-2287.2560,-5799.5024,490.7685,3273.9116,-3090.7123,5625.9685,1313.0630,1593.6066,1823.7207,4718.7882,-1748.2582,906.4853,-5462.2855,-3086.7678,5967.0433,-2882.0045,5505.3148,-4025.0893,5956.2423,-4338.8264,-5428.7832,3982.4695,1811.0518,-4786.6207,-2453.7558,-756.2824,-2494.1583,0.0000,3103.8688,2973.9948,-6124.0420,-3976.8572,4501.2231,-3032.1666,4941.4019,-2034.2148,-2553.1966,6104.1058,-435.3396,0.0000,-302622.0772,-301801.7532,-294905.4722,-299324.1155,-306010.1275,-297003.2630,-301949.2873,-298643.1868,-72917231.2705,-72924449.3573,-72943975.3971,-72932075.4321,-299505.2070,-72925557.4207,-5975.2674,6059.4414,-6838.5759,-3291.6785,-4468.7385,4165.6059,4747.4221,0.0000,6884.8740,-5325.5185,-6459.6876,-2507.5335,5982.3289,2351.3475,4062.2347,-30.5187,6629.6381,-6443.6199,-5135.3981,-1716.8059,-3845.4426,4139.1503,2778.4797,2852.8086,-3222.4435,1011.9640,-2655.9332,-788.5027,-3223.3964,4668.9121,-867.2380,-3567.9736,-6643.3811,4431.6192,5279.7616,-6800.9292,-3572.4817,0.0000,2717.6304,6051.0381,2107.6615,-3874.3421,-4905.1837,-5046.9491,-2883.2499,-4682.2886,-4494.0492,140.6654,6459.3033,0.0000,-150400.9482,-163358.9095,-170116.9100,-169256.4965,-161157.4542,-166477.4669,-169785.5713,-166411.8007,-140859124.0009,-140833092.8256,-140862558.7662,-140855289.0390,-166424.2927,-140844355.0239,720.8211,2165.8086,-724.5708,-5754.3295,5008.4832,5329.2928,-3333.0419,0.0000,282.4013,-3656.8131,-1194.2355,-2834.0897,-3449.9127,5348.0282,-4669.4622,3957.0049,1431.0547,1982.6694,4188.8882,-4679.1773,5445.6674,-5257.0984,3155.4782,-5366.0154,-931.7361,6221.0368,2902.8788,-5443.8950,894.5611,-2739.0700,3966.9224,4313.3671,-542.6422,2127.5872,3622.7665,870.6454,5349.4984,0.0000,5568.4745,-1547.3456,-2491.4368,4124.3085,-1735.4549,-3474.7404,3835.4252,-4635.1162,-4401.8135,3183.1081,-1640.4060,0.0000,-134961.6326,-137021.9036,-133940.9354,-136140.8606,-130561.1768,-134230.2809,-144527.0475,-137192.0240,-39789547.7240,-39820147.2496,-39800225.3984,-39805605.5327,-135654.4391,-39800946.5447,
5400.000,-4654.8297,-1424.5100,-2306.4243,-3750.7390,-2943.8365,2562.9600,-1861.9260,0.0000,750.5054,1395.2043,-2655.0816,-5420.7811,2258.4118,4273.9298,-1151.9331,4464.7995,2395.3203,102.9642,-72.9396,3761.6776,-3733.9388,2987.1144,-5252.4666,-1830.3113,5297.8965,-1008.8878,5283.0010,-4197.6770,5279.7549,-3299.0116,-4521.7315,2029.3591,242.6016,-3269.5130,-1377.7085,-1900.4122,-4357.9175,0.0000,3836.3177,3768.4769,-4881.3494,-5522.5615,3656.6733,-4715.0544,4705.5402,-3961.9113,-4413.4940,5069.7753,898.2257,0.0000,-299469.3052,-297905.2732,-291406.6380,-296066.4183,-302489.0481,-293126.0644,-298438.1177,-294989.2063,-69819580.7593,-69826884.1649,-69845813.8977,-69833872.3306,-295945.0576,-69827900.0819,-5077.0129,6747.9089,-6479.2463,-3734.4851,-2922.5856,4156.6960,5151.7493,0.0000,6548.0385,-6433.7810,-5581.8189,-872.3791,6154.1761,384.0504,5005.9540,-1568.4458,5697.6225,-6911.3138,-4578.5713,-3645.3396,-3154.6544,4009.8153,4203.4874,4539.8211,-4238.4048,2154.5591,-4055.4286,1382.7827,-4236.4175,5949.8280,870.0167,-4013.5828,-6598.9191,4785.7141,6392.2604,-6099.5908,-2710.8899,0.0000,4187.8988,4850.5249,2420.2481,-2712.0171,-5825.5994,-4403.9720,-4457.1303,-3847.4094,-3618.3258,-1287.1911,5755.1849,0.0000,-156793.8908,-169634.1167,-176459.4941,-175689.5448,-167426.3912,-172864.9040,-176023.4230,-173101.7558,-142414493.4436,-142388116.6007,-142418313.4187,-142410749.7351,-172655.6285,-142399643.5200,-824.5314,398.8762,821.7957,-4466.2691,5476.9396,4703.8307,-4234.4084,0.0000,2057.9403,-2119.4000,-3192.5494,-4221.7232,-2223.2040,5141.7035,-4633.6004,4988.9706,3081.5238,492.2303,5123.6233,-4436.2603,4859.6027,-4537.5290,1511.9243,-4743.2091,894.3839,6509.0470,1210.3897,-5188.8749,-933.2356,-1349.6848,4973.1368,5190.8632,-2030.5298,3667.6999,2071.7491,2594.9435,4612.4495,0.0000,3976.5718,-3184.9131,-4298.1295,3163.0604,60.5622,-2258.6369,2337.1379,-4128.3598,-3676.2497,4474.5848,-3269.5524,0.0000,-134991.0527,-136873.7375,-134024.3551,-135917.4804,-130601.6232,-134517.1028,-144496.7855,-137065.0559,-39789407.9620,-39819525.3288,-39800291.8651,-39805688.7698,-135656.0510,-39800706.1570,
