sl_5_5400_20300720 Distances.csv
2030/07/20 07:47:00.0000 UTC

Generated: Tue Oct  8 21:11:45 2024,
Start: 2030/07/20 07:47:00.00, Stop: 2030/07/20 09:17:00.00,
TIME_UNITS,Distance STARLINK-30867 - STARLINK-31897,Distance STARLINK-30867 - STARLINK-30914,Distance STARLINK-30867 - STARLINK-3778,Distance STARLINK-30867 - STARLINK-5979,Distance STARLINK-30867 - MoonARTEMIS1,Distance STARLINK-30867 - MoonARTEMIS2,Distance STARLINK-30867 - MoonIOAGEO,Distance STARLINK-30867 - MoonIOAGNO,Distance STARLINK-30867 - MoonIOAGNO 0001,Distance STARLINK-30867 - MoonIOAGSO,Distance STARLINK-30867 - MoonIOAGSO 0001,Distance STARLINK-30867 - MoonLRO,Distance STARLINK-30867 - MarsSat1,Distance STARLINK-30867 - MarsSat2,Distance STARLINK-30867 - MarsSat3,Distance STARLINK-30867 - MarsSat4,Distance STARLINK-31897 - STARLINK-30914,Distance STARLINK-31897 - STARLINK-3778,Distance STARLINK-31897 - STARLINK-5979,Distance STARLINK-31897 - MoonARTEMIS1,Distance STARLINK-31897 - MoonARTEMIS2,Distance STARLINK-31897 - MoonIOAGEO,Distance STARLINK-31897 - MoonIOAGNO,Distance STARLINK-31897 - MoonIOAGNO 0001,Distance STARLINK-31897 - MoonIOAGSO,Distance STARLINK-31897 - MoonIOAGSO 0001,Distance STARLINK-31897 - MoonLRO,Distance STARLINK-31897 - MarsSat1,Distance STARLINK-31897 - MarsSat2,Distance STARLINK-31897 - MarsSat3,Distance STARLINK-31897 - MarsSat4,Distance STARLINK-30914 - STARLINK-3778,Distance STARLINK-30914 - STARLINK-5979,Distance STARLINK-30914 - MoonARTEMIS1,Distance STARLINK-30914 - MoonARTEMIS2,Distance STARLINK-30914 - MoonIOAGEO,Distance STARLINK-30914 - MoonIOAGNO,Distance STARLINK-30914 - MoonIOAGNO 0001,Distance STARLINK-30914 - MoonIOAGSO,Distance STARLINK-30914 - MoonIOAGSO 0001,Distance STARLINK-30914 - MoonLRO,Distance STARLINK-30914 - MarsSat1,Distance STARLINK-30914 - MarsSat2,Distance STARLINK-30914 - MarsSat3,Distance STARLINK-30914 - MarsSat4,Distance STARLINK-3778 - STARLINK-5979,Distance STARLINK-3778 - MoonARTEMIS1,Distance STARLINK-3778 - MoonARTEMIS2,Distance STARLINK-3778 - MoonIOAGEO,Distance STARLINK-3778 - MoonIOAGNO,Distance STARLINK-3778 - MoonIOAGNO 0001,Distance STARLINK-3778 - MoonIOAGSO,Distance STARLINK-3778 - MoonIOAGSO 0001,Distance STARLINK-3778 - MoonLRO,Distance STARLINK-3778 - MarsSat1,Distance STARLINK-3778 - MarsSat2,Distance STARLINK-3778 - MarsSat3,Distance STARLINK-3778 - MarsSat4,Distance STARLINK-5979 - MoonARTEMIS1,Distance STARLINK-5979 - MoonARTEMIS2,Distance STARLINK-5979 - MoonIOAGEO,Distance STARLINK-5979 - MoonIOAGNO,Distance STARLINK-5979 - MoonIOAGNO 0001,Distance STARLINK-5979 - MoonIOAGSO,Distance STARLINK-5979 - MoonIOAGSO 0001,Distance STARLINK-5979 - MoonLRO,Distance STARLINK-5979 - MarsSat1,Distance STARLINK-5979 - MarsSat2,Distance STARLINK-5979 - MarsSat3,Distance STARLINK-5979 - MarsSat4,Distance MoonARTEMIS1 - MoonARTEMIS2,Distance MoonARTEMIS1 - MoonIOAGEO,Distance MoonARTEMIS1 - MoonIOAGNO,Distance MoonARTEMIS1 - MoonIOAGNO 0001,Distance MoonARTEMIS1 - MoonIOAGSO,Distance MoonARTEMIS1 - MoonIOAGSO 0001,Distance MoonARTEMIS1 - MoonLRO,Distance MoonARTEMIS1 - MarsSat1,Distance MoonARTEMIS1 - MarsSat2,Distance MoonARTEMIS1 - MarsSat3,Distance MoonARTEMIS1 - MarsSat4,Distance MoonARTEMIS2 - MoonIOAGEO,Distance MoonARTEMIS2 - MoonIOAGNO,Distance MoonARTEMIS2 - MoonIOAGNO 0001,Distance MoonARTEMIS2 - MoonIOAGSO,Distance MoonARTEMIS2 - MoonIOAGSO 0001,Distance MoonARTEMIS2 - MoonLRO,Distance MoonARTEMIS2 - MarsSat1,Distance MoonARTEMIS2 - MarsSat2,Distance MoonARTEMIS2 - MarsSat3,Distance MoonARTEMIS2 - MarsSat4,Distance MoonIOAGEO - MoonIOAGNO,Distance MoonIOAGEO - MoonIOAGNO 0001,Distance MoonIOAGEO - MoonIOAGSO,Distance MoonIOAGEO - MoonIOAGSO 0001,Distance MoonIOAGEO - MoonLRO,Distance MoonIOAGEO - MarsSat1,Distance MoonIOAGEO - MarsSat2,Distance MoonIOAGEO - MarsSat3,Distance MoonIOAGEO - MarsSat4,Distance MoonIOAGNO - MoonIOAGNO 0001,Distance MoonIOAGNO - MoonIOAGSO,Distance MoonIOAGNO - MoonIOAGSO 0001,Distance MoonIOAGNO - MoonLRO,Distance MoonIOAGNO - MarsSat1,Distance MoonIOAGNO - MarsSat2,Distance MoonIOAGNO - MarsSat3,Distance MoonIOAGNO - MarsSat4,Distance MoonIOAGNO 0001 - MoonIOAGSO,Distance MoonIOAGNO 0001 - MoonIOAGSO 0001,Distance MoonIOAGNO 0001 - MoonLRO,Distance MoonIOAGNO 0001 - MarsSat1,Distance MoonIOAGNO 0001 - MarsSat2,Distance MoonIOAGNO 0001 - MarsSat3,Distance MoonIOAGNO 0001 - MarsSat4,Distance MoonIOAGSO - MoonIOAGSO 0001,Distance MoonIOAGSO - MoonLRO,Distance MoonIOAGSO - MarsSat1,Distance MoonIOAGSO - MarsSat2,Distance MoonIOAGSO - MarsSat3,Distance MoonIOAGSO - MarsSat4,Distance MoonIOAGSO 0001 - MoonLRO,Distance MoonIOAGSO 0001 - MarsSat1,Distance MoonIOAGSO 0001 - MarsSat2,Distance MoonIOAGSO 0001 - MarsSat3,Distance MoonIOAGSO 0001 - MarsSat4,Distance MoonLRO - MarsSat1,Distance MoonLRO - MarsSat2,Distance MoonLRO - MarsSat3,Distance MoonLRO - MarsSat4,Distance MarsSat1 - MarsSat2,Distance MarsSat1 - MarsSat3,Distance MarsSat1 - MarsSat4,Distance MarsSat2 - MarsSat3,Distance MarsSat2 - MarsSat4,Distance MarsSat3 - MarsSat4,
SECONDS,km,km,km,km,km,km,km,km,km,km,km,km,km,km,km,km,km,km,km,km,km,km,km,km,km,km,km,km,km,km,km,km,km,km,km,km,km,km,km,km,km,km,km,km,km,km,km,km,km,km,km,km,km,km,km,km,km,km,km,km,km,km,km,km,km,km,km,km,km,km,km,km,km,km,km,km,km,km,km,km,km,km,km,km,km,km,km,km,km,km,km,km,km,km,km,km,km,km,km,km,km,km,km,km,km,km,km,km,km,km,km,km,km,km,km,km,km,km,km,km,km,km,km,km,km,km,km,km,km,km,km,km,km,km,km,km,
0.000,7036.7785,10549.8487,12341.9229,13446.8278,398954.1590,375066.1880,387764.9090,390878.6229,391735.3030,388702.7801,382141.3701,384907.0985,378983901.2204,379013122.1486,379001316.9644,379005805.4809,11925.0821,7738.2061,13121.4498,396674.4818,372557.3159,385617.2944,388665.7475,389395.0886,386378.1619,379850.8803,382652.3052,378990617.5684,379019838.3922,379008033.3815,379012521.8666,9628.6795,6999.2269,406870.2396,382786.3512,395725.5170,398829.5404,399508.6438,396581.8078,390149.9973,392826.6858,378985308.7377,379014529.6081,379002724.8657,379007213.3377,8628.1720,402145.9232,377837.5099,391173.8984,394185.8528,394779.3111,391813.9498,385356.6748,388140.0708,378994149.3110,379023370.1483,379011565.3400,379016053.8115,409718.9200,385545.6111,398679.8742,401721.5547,402413.5869,399413.0802,392903.2161,395700.2786,378989901.1042,379019122.2349,379007317.0708,379011805.6203,27705.7932,13782.5913,8968.0601,10971.3940,10635.0956,18223.4198,14138.4752,379045232.6151,379074442.9755,379062645.2002,379067131.3344,24395.9457,23564.3322,19713.1457,17588.6939,17667.5658,17829.1611,379053265.3616,379082476.1318,379070678.4754,379075164.6700,5283.5834,12840.0877,10449.3857,13669.4061,7003.3047,379035672.3010,379064882.9059,379053084.9908,379057571.1776,10208.7841,6896.9515,12295.2675,6482.2961,379040205.6760,379069416.2577,379057618.2949,379062104.4815,7321.5029,17334.5823,10576.1620,379045814.4180,379075024.6405,379063227.4539,379067713.5184,10208.7841,5527.4911,379046071.1881,379075281.7740,379063483.9233,379067970.1018,8469.4934,379045037.8236,379074248.9141,379062450.2315,379066936.5613,379041594.6602,379070805.3651,379059007.3803,379063493.5896,34847.9427,25593.5732,26050.2789,37206.5515,30401.5799,7421.0110,
300.000,7131.6642,12008.3877,12705.4715,12778.3975,400306.0046,376622.0843,389003.8055,392081.1461,393402.4692,390266.9799,383662.2814,386438.2732,378982606.5603,379011933.9960,379000548.4904,379004947.5880,11168.3101,8335.3912,13055.3172,396550.8028,372655.7340,385340.3813,388380.3786,389549.3743,386472.5089,379945.8181,382692.2891,378987707.5151,379017034.7024,379005649.6113,379010048.6318,9660.9408,4153.2695,406615.1713,382619.5140,395407.3173,398458.8049,399513.6541,396517.3020,390089.0707,392748.2368,378986742.3856,379016069.6054,379004684.8013,379009083.8114,9906.0309,400879.4173,376751.2839,389817.7327,392784.7712,393832.8063,390763.4128,384249.1462,387052.0829,378994135.7911,379023463.0684,379012077.9741,379016477.0137,409270.4608,385269.6273,398097.7963,401124.5517,402216.4720,399174.1055,392687.4830,395416.1232,378987961.8914,379017289.3019,379005904.1992,379010303.2674,27549.7482,13947.0831,9162.2801,10735.3991,10379.6953,18057.4499,13995.8124,379044276.0512,379073593.5531,379062214.8414,379066611.4425,24336.0246,23475.3693,19870.6287,17756.3080,17648.8660,17701.0965,379052330.8538,379081648.7051,379070270.1702,379074666.8342,5311.3608,12935.9643,10264.3585,13694.5063,6980.1583,379034577.0731,379063894.8023,379052515.9701,379056912.6263,10365.3697,6677.3887,12062.9162,6359.3895,379039112.1982,379068429.9195,379057051.0154,379061447.6743,7149.0109,17375.8740,10266.0824,379044773.6710,379074091.0046,379062712.9044,379067109.4334,10365.3697,5293.0248,379044790.8249,379074108.5172,379062729.7716,379067126.4148,8917.8498,379044164.0238,379073482.2289,379062102.6399,379066499.4416,379040618.6827,379069936.4778,379058557.6309,379062954.3017,34976.3714,25816.6674,26283.3917,37226.4969,30376.8694,7486.2905,
600.000,7875.4837,13088.5550,12296.3336,12081.2721,401965.8122,378464.8957,390563.9052,393582.3653,395368.5192,392130.1267,385497.8555,388418.5054,378981862.4102,379011283.9183,379000322.5867,379004622.6025,10902.1141,9618.1339,11754.6843,397187.4682,373516.9265,385826.1732,388841.0756,390465.1705,387317.1792,380804.3755,383628.0690,378984802.7367,379014223.8808,379003263.1559,379007563.0553,9677.5859,3229.0676,405988.5310,382094.7121,394722.2609,397702.8926,399161.9743,396081.7194,389649.9850,392436.7004,378988289.0162,379017710.1754,379006749.7239,379011049.6167,11546.8526,399867.0331,375946.7841,388702.9774,391613.9470,393147.4967,389967.9539,383400.6546,386357.4748,378993430.8995,379022852.2099,379011891.2694,379016191.2197,408181.1362,384366.6127,396873.3177,399871.1071,401385.6987,398286.9452,391832.0234,394623.8994,378986001.0550,379015422.3138,379004461.7196,379008761.6434,27390.4711,14103.5739,9368.3783,10500.1986,10140.2441,17886.0503,13737.9487,379043326.7619,379072738.9806,379061783.7968,379066081.1992,24268.3508,23371.3073,20025.7004,17934.0385,17628.7737,17691.6041,379051403.7787,379080816.2866,379069861.3370,379074158.8043,5333.1744,13030.8631,10063.4635,13715.1293,6915.7601,379033501.2331,379062913.6613,379051958.3768,379056255.8367,10527.4665,6467.9922,11822.2132,6168.0509,379038032.9670,379067445.4032,379056490.0229,379060787.4884,6988.9977,17410.6780,9901.8338,379043738.9500,379073150.9711,379062196.4198,379066493.7473,10527.4665,4989.6244,379043499.3962,379072911.7708,379061956.5935,379066254.0356,9403.4194,379043296.5482,379072709.4432,379061753.4123,379066051.0202,379039639.6874,379069052.1448,379058096.9002,379062394.3659,35112.0860,26035.2358,26499.7205,37248.8223,30348.9574,7560.2193,
900.000,8828.5459,13460.9659,11221.0539,11662.5867,403739.2611,380399.1095,392250.8941,395188.0912,397437.1354,394097.1702,387456.1741,390640.5138,378981669.9206,379011173.1126,379000640.0679,379004830.6272,11275.0932,10918.1848,9446.4169,398493.1194,375042.7611,386989.4384,389958.0967,392051.5806,388818.9932,382332.2990,385359.3282,378982149.8495,379011652.6022,379001120.2875,379005310.7020,9662.1983,5611.1998,405043.3630,381272.2148,393718.6117,396610.3290,398507.3398,395328.6658,388886.9997,391936.6946,378989695.7882,379019198.5430,379008666.4522,379012856.8645,12858.2831,399204.4211,375515.5568,387925.0650,390768.1184,392813.6584,389519.0488,382911.1268,386140.1726,378992032.9535,379021535.9423,379011003.2144,379015193.7070,406548.5963,382932.2244,395107.7011,398058.4509,400021.2799,396847.9123,390430.6979,393413.5178,378984150.4311,379013653.1825,379003121.1208,379007311.5317,27227.9457,14251.5012,9585.5679,10266.0043,9920.3941,17709.2174,13371.1687,379042384.7812,379071879.3522,379061351.7591,379065539.5893,24193.0005,23250.4390,20178.3473,18122.2667,17607.3154,17806.7462,379050484.2144,379079979.0150,379069451.7127,379073639.6099,5348.6037,13124.6554,9845.5939,13731.1523,6823.5097,379032444.9910,379061939.7534,379051412.0801,379055599.9703,10694.4824,6269.6895,11573.3955,5915.2636,379036969.2747,379066464.0612,379055936.2685,379060124.1676,6846.3657,17439.0633,9506.3744,379042710.3716,379072204.7175,379061677.7759,379065865.5283,10694.4824,4613.9762,379042195.7581,379071690.4513,379061162.9040,379065350.7712,9888.1466,379042435.4270,379071930.6478,379061402.2380,379065590.2790,379038655.4495,379068150.2047,379057622.6210,379061810.5078,35255.0034,26248.8858,26698.6314,37273.4877,30317.5822,7643.4307,
1200.000,9566.7115,13029.1825,9805.1987,11729.3056,405422.4836,382222.6469,393859.6502,396693.9778,399403.8183,395963.5152,389335.3909,392876.8892,378981972.1199,379011544.6566,379001443.6159,379005513.5871,12079.4559,11757.7547,6679.8635,400298.4293,377058.1227,388666.0796,391563.4196,394139.6951,390807.6033,384357.8715,387697.5644,378979967.6977,379009539.7679,378999439.4996,379003509.3122,9611.7882,8459.4108,403867.2600,380245.0397,392479.1899,395264.4331,397636.2330,394344.6076,387890.1293,391315.5822,378990725.9850,379020298.0549,379010197.9260,379014267.7409,13445.4892,398948.2869,375507.8988,387542.2523,390304.5346,392882.5125,389468.2088,382841.0753,386433.0419,378990016.3097,379019588.6721,379009487.8284,379013557.7387,404527.5023,381118.2274,392959.2908,395840.9065,398279.4056,395010.5935,388635.0403,391921.9847,378982530.8001,379012102.7635,379002002.8319,379006072.6110,27062.1554,14390.3300,9812.8829,10033.0469,9724.3047,17526.9456,12908.5835,379041450.1362,379071014.7559,379060918.4073,379064985.5390,24110.0568,23110.7912,20328.5575,18321.2938,17584.5189,18039.9615,379049572.2352,379079137.0256,379069041.0234,379073108.2239,5357.3452,13217.2076,9609.4954,13742.4564,6718.8912,379031408.5318,379060973.3242,379050876.9162,379054944.1105,10865.6187,6083.0808,11316.8656,5611.0046,379035922.6544,379065487.4872,379055390.9371,379059458.1438,6726.9837,17461.0962,9108.5294,379041688.0478,379071252.4162,379061156.7361,379065223.7868,10865.6187,4168.4804,379040878.7482,379070443.4575,379060347.1922,379064414.3584,10338.2974,379041580.6875,379071145.9307,379061048.7958,379065116.1436,379037664.7867,379067229.5391,379057133.2611,379061200.4429,35405.0302,26457.2392,26879.4868,37300.4440,30282.4466,7736.6054,
1500.000,9831.9770,11914.4069,8620.6269,12246.5612,406823.9025,383748.3283,395196.3360,397907.3391,401077.6606,397536.6239,390945.3796,394904.2676,378982660.4210,379012290.0171,379002624.2866,379006561.7328,12922.3777,11899.9442,4843.6830,402378.2004,379333.8825,390634.6813,393432.6806,396504.6666,393057.4421,386654.4332,390389.4072,378978422.7295,379008051.8827,378998386.8827,379002324.1736,9538.0863,10664.1086,402573.3977,379129.4178,391113.0533,393774.9615,396659.0470,393239.6961,386775.9706,390655.2874,378991185.7077,379020814.8725,379011149.8990,379015087.1964,13161.8178,399110.0619,375927.2616,387569.1861,390236.5416,393360.6048,389821.1780,383204.7590,387214.0642,378987522.7074,379017152.1884,379007486.5042,379011423.9023,402314.5559,379117.9069,390628.2573,393415.0494,396357.3329,392970.7810,386639.7173,390319.0183,378981239.0029,379010867.9693,379001203.3388,379005140.5675,26893.0837,14519.5504,10049.1065,9801.5776,9556.6226,17339.2274,12370.2423,379040522.8477,379070145.2737,379060483.4063,379064417.9117,24019.6105,22950.0946,20476.3201,18531.2899,17560.4135,18372.8009,379048667.9118,379078290.4500,379068628.9838,379072563.5597,5359.2596,13308.3814,9353.7554,13748.9268,6617.8562,379030392.0144,379060014.5939,379050352.6885,379054287.2591,11039.7963,5908.2633,11053.2704,5268.0406,379034894.9309,379064517.5669,379054855.4979,379058790.0846,6637.7234,17476.8399,8741.9706,379040672.0847,379070294.2349,379060633.0510,379064567.4718,11039.7963,3662.5694,379039547.2483,379069169.7322,379059507.9841,379063442.5211,10725.9383,379040732.3533,379070355.3768,379060692.7535,379064627.4805,379036667.7190,379066290.2319,379056628.4838,379060563.0336,35562.0634,26659.9329,27041.6448,37329.6333,30243.2166,7840.4667,
1800.000,9534.1106,10472.5801,8337.5369,12964.3574,407783.3402,384822.3303,396097.8228,398666.3508,402300.2494,398654.8742,392126.6903,396525.4978,378983586.4862,379013260.9157,379004033.3747,379007825.5025,13458.4875,11315.2941,5904.5162,404479.0998,381615.1497,392643.9426,395312.8947,398893.4071,395315.1080,388968.3591,393146.5673,378977610.4025,379007284.4602,378998057.5300,379001849.5233,9462.9552,11838.8614,401288.3883,378052.2815,389743.9655,392266.5586,395698.2685,392135.6418,385675.2113,390042.7805,378990945.9552,379020620.0514,379011393.0171,379015185.0203,12077.2007,399654.9691,376730.2793,387975.6403,390532.4014,394209.4944,390537.5952,383968.8933,388409.4067,378984745.6553,379014420.0500,379005192.3931,379008984.4915,400129.0703,377147.0629,388336.8676,391000.4383,394473.8736,390946.8361,384663.4372,388789.3427,378980337.8517,379010011.6794,379000785.0950,379004577.0020,26720.7139,14638.6761,10292.6678,9571.8708,9422.3991,17146.0534,11782.9014,379039602.9294,379069270.9809,379060046.4069,379063835.5043,23921.7596,22765.7673,20621.6252,18752.2181,17535.0298,18777.6432,379047771.3106,379077439.4166,379068215.2974,379072004.4666,5354.4366,13398.0350,9076.8046,13750.4530,6534.7534,379029395.5723,379059063.7577,379049839.1673,379053628.3326,11215.5557,5744.6242,10783.6142,4901.5482,379033888.2768,379063556.5343,379054331.7605,379058120.9456,6586.3845,17486.3552,8442.5587,379039662.5838,379069330.3364,379060106.4587,379063895.4677,11215.5557,3115.0872,379038200.2885,379067868.3676,379058643.9465,379062433.0728,11029.6069,379039890.4444,379069559.0677,379060333.7680,379064123.0926,379035665.5108,379065333.6114,379056109.1904,379059898.3279,35725.9905,26856.6184,27184.4588,37360.9889,30199.5209,7955.7748,
2100.000,8740.9018,9311.2804,9148.9150,13578.2732,408186.9855,385338.3674,396446.9941,398855.2531,402960.3512,399202.3073,392765.4218,397587.9703,378984577.9812,379014285.0833,379005498.1691,379009131.2735,13496.5413,10175.9770,8603.8525,406348.9791,383650.6781,394441.9196,396951.9081,401053.8503,397328.1936,391048.3943,395678.1771,378977544.4217,379007251.2626,378998464.7761,379002097.7832,9409.3875,11820.7040,400138.1805,377137.0702,388496.7823,390865.1675,394874.8849,391151.8990,384718.0642,389560.2352,378989957.1284,379019664.0468,379010877.3226,379014510.3421,10492.8045,400506.3345,377832.1263,388690.3358,391119.2754,395350.5115,391535.8717,385056.8146,389902.3773,378981909.8052,379011616.9620,379002829.7791,379006462.8774,398190.4643,375421.9041,386306.6699,388817.2893,392846.8736,389156.8675,382926.6174,387513.0486,378979849.6231,379009556.2328,379000770.0145,379004402.9190,26545.0297,14747.2420,10541.4969,9344.2267,9326.9130,16947.4124,11179.2546,379038690.3880,379068391.9461,379059607.0451,379063237.0433,23816.6101,22554.9268,20764.4640,18983.7255,17508.4001,19221.5791,379046882.4945,379076584.0500,379067799.6567,379071429.7276,5343.2850,13486.0224,8776.9469,13746.9290,6480.1244,379028419.3131,379058120.9850,379049336.0899,379052966.1585,11390.9300,5590.6173,10509.4187,4528.4846,379032905.2671,379062607.0259,379053821.9298,379057452.0222,6581.4462,17489.7002,8243.6459,379038659.6411,379068360.8788,379059576.6852,379063206.5908,11390.9300,2559.4968,379036837.2179,379066538.7747,379057754.0581,379061384.0825,11234.5431,379039054.9770,379068757.0816,379059971.4853,379063601.7163,379034660.5771,379064362.1564,379055577.4258,379059207.4618,35896.6905,27046.9627,27307.2779,37394.4357,30150.9500,8083.3192,
2400.000,7687.8710,9101.6859,10531.2355,13860.6132,407977.6167,385247.1158,396183.3116,398414.9893,403003.8304,399118.7065,392803.4223,397997.0937,378985456.6003,379015184.2846,379006839.9784,379010299.3855,13023.5232,8881.2681,11148.1767,407764.4334,385220.1311,395803.6837,398126.2468,402762.4458,398872.3070,392673.0258,397721.8379,378978154.9610,379007882.5222,378999538.4182,379002997.7783,9391.5044,10615.1763,399233.7462,376489.6344,387483.4047,389684.0869,394294.6992,390391.9036,384019.4204,389275.8620,378988254.1086,379017981.7923,379009637.3303,379013096.7045,8995.2695,401554.4037,379116.3041,389609.1724,391891.7359,396673.7824,392702.4523,386357.3550,391546.5300,378979247.3269,379008975.1508,379000630.4530,379004089.8795,396694.3433,374135.4581,384734.2882,387062.7607,391669.3769,387794.4402,381627.4177,386645.4197,378979753.6040,379009480.9735,379001137.0165,379004596.2685,26366.0151,14844.8031,10792.8287,9118.9740,9275.3576,16743.2918,10596.3590,379037785.2224,379067508.2308,379059164.9429,379062621.1824,23704.2756,22314.4620,20904.8283,19224.9905,17480.5582,19670.4484,379046001.5222,379075724.4716,379067381.7432,379070838.0558,5326.6510,13572.1949,8452.4413,13738.2531,6458.9171,379027463.3180,379057186.4196,379048843.1603,379052299.4728,11563.2868,5443.5654,10232.9410,4166.6161,379031948.9182,379061672.1202,379053328.6451,379056784.9854,6631.5767,17486.9305,8169.8749,379037663.3476,379067386.0158,379059043.4442,379062499.5866,11563.2868,2055.5897,379035457.9690,379065180.9491,379056837.8743,379060294.1374,11332.6484,379038225.9635,379067949.4935,379059605.5404,379063062.0183,379033656.2614,379063379.2732,379055036.1572,379058492.4347,36074.0343,27230.6485,27409.4473,37429.8903,30097.0561,8223.9111,
2700.000,6791.9491,9990.0810,11819.3971,13715.4295,407159.8317,384560.7043,395308.3961,397349.0787,402438.5865,398404.8135,392243.5862,397724.3407,378986056.7154,379015792.9668,379007892.7814,379011162.7889,12205.1200,8051.6104,12814.4518,408554.0703,386156.7993,396554.8267,398664.8496,403847.3798,399773.8785,393673.4303,399070.4095,378979296.3166,379009032.5952,379001132.3695,379004402.3889,9408.1198,8398.6709,398658.4138,376186.1040,386790.1074,388811.5150,394036.3308,389931.2003,383665.6632,389236.2290,378985951.6281,379015688.0718,379007787.3978,379011057.4315,8399.3901,402668.5692,380447.6322,390606.8582,392723.8283,398050.4160,393904.3146,387737.3036,393181.0489,378976973.3121,379006709.7701,378998809.1172,379002079.1692,395789.5682,373434.8744,383768.2965,385888.2756,391086.9067,387005.3182,380918.5132,386298.1048,378979988.0214,379009724.1810,379001823.9546,379005093.8723,26183.6543,14930.9323,11042.9543,8896.4729,9272.3520,16533.6775,10072.9134,379036887.4238,379066619.8891,379058719.7074,379061986.4997,23584.8774,22041.2120,21042.7105,19474.5179,17451.5391,20092.2488,379045128.4485,379074860.7993,379066961.2275,379070228.0929,5305.9624,13656.4008,8101.6758,13724.3283,6469.6943,379026527.6425,379056260.1801,379048360.0498,379051626.9176,11729.1523,5299.5665,9957.4572,3833.0834,379031022.6819,379060755.3315,379052854.9743,379056121.8737,6744.8597,17478.0995,8231.4941,379036673.7895,379066405.8964,379058506.4378,379061773.1281,11729.1523,1707.6296,379034063.4535,379063795.8654,379055895.9222,379059162.7357,11322.2351,379037403.4121,379067136.3745,379059235.5575,379062502.5937,379032656.5161,379062388.9772,379054488.9546,379057755.7876,36257.8850,27407.3743,27490.3102,37467.2612,30037.3540,8378.3735,
3000.000,6540.0191,11422.1307,12568.0882,13192.2038,405800.0338,383352.0546,393886.3695,395724.4917,401334.2668,397122.4968,391150.0029,396809.4195,378986242.9337,379015975.8152,379008520.7864,379011584.6022,11366.9590,8224.3625,13297.2723,408615.6263,386364.0516,396588.9276,398466.8406,404205.6822,399927.0333,393950.2204,399592.2309,378980763.4411,379010496.4962,379003041.1942,379006105.0830,9443.2109,5586.1434,398458.4114,376264.2361,386467.7974,388301.1577,394142.3704,389808.9792,383704.7926,389460.6233,378983231.0453,379012964.2964,379005508.4996,379008572.4020,9131.9341,403711.6758,381687.0162,391550.6694,393483.4464,399346.5349,395003.3708,389056.0662,394646.7460,378975262.4733,379004995.5995,378997540.0857,379000603.9675,395559.5929,373402.8953,383490.5340,385381.2004,391179.1568,386868.6821,380887.9219,386524.2490,378980456.4567,379010189.4863,379002734.0299,379005797.8362,25997.9323,15005.2195,11286.9373,8677.1186,9321.2413,16318.5546,9645.1052,379035996.9751,379065726.9676,379058270.9311,379061331.4961,23458.5453,21732.3224,21178.1035,19729.8886,17421.3801,20459.5385,379044263.3242,379073993.1473,379066537.7702,379069598.4075,5283.3821,13738.4862,7723.4901,13705.0624,6505.1194,379025612.3157,379055342.3591,379047886.3973,379050947.0401,11884.0511,5153.6384,9687.5902,3542.4220,379030130.3452,379059860.5097,379052404.3143,379055464.9922,6927.7336,17463.2582,8421.9511,379035691.0478,379065420.6651,379057965.3566,379061025.8145,11884.0511,1641.8905,379032656.1102,379062386.0266,379054930.2503,379057990.8347,11207.6198,379036587.3268,379066317.7924,379058861.1503,379061921.9646,379031665.5360,379061395.5253,379053939.6239,379057000.2350,36448.0990,27576.8550,27549.2104,37506.4496,29971.3223,8547.5305,
3300.000,7085.2479,12723.9311,12568.1501,12479.6474,404020.8692,381748.7769,392038.6335,393667.1718,399816.4507,395389.6500,389642.6427,395356.2287,378985924.7486,379015642.4028,379008633.0831,379011472.7641,10905.7549,9287.9967,12522.8351,407925.6973,385824.4109,395877.7351,397512.0762,403813.0003,399303.4531,393482.8297,399243.1749,378982315.5337,379012033.4883,379005023.6971,379007863.5079,9473.0707,3376.2456,398637.6597,376719.1935,386526.2868,388166.9558,394614.6425,390024.0056,384140.9755,389937.8456,378980320.4015,379010038.5627,379003028.2838,379005868.1064,10682.3875,404554.8474,382706.3963,392314.8437,394047.5035,400437.6469,395871.2724,390180.9077,395801.2567,378974229.7106,379003947.6116,378996937.8517,378999777.6142,396011.5627,374046.9981,383905.4195,385554.3838,391949.5528,387386.4995,381547.4770,387310.4380,378981038.3020,379010756.3299,379003746.2470,379006586.0059,25808.8350,15067.2696,11518.3607,8461.3442,9423.1959,16097.9070,9341.2140,379035113.8507,379064829.5048,379057818.1919,379060654.5960,23325.4169,21385.8553,21311.0008,19987.5001,17390.1195,20750.8198,379043406.1960,379073121.6269,379066111.0216,379068947.4966,5261.9251,13818.2950,7317.7099,13680.3681,6553.5304,379024717.3408,379054433.0240,379047421.8095,379050258.2934,12022.4404,5000.3146,9429.6127,3304.1843,379029275.7613,379058991.5718,379051980.1220,379054816.6442,7183.7166,17442.4555,8720.1111,379034715.1985,379064430.4625,379057419.8804,379060256.1718,12022.4404,1870.8188,379031240.5862,379060956.1443,379053945.1092,379056781.5314,10998.6275,379035777.7074,379065493.8111,379058481.9221,379061318.5806,379030687.3935,379060403.0522,379053391.8432,379056228.3012,36644.5262,27738.8228,27585.4960,37547.3493,29898.4062,8732.1956,
3600.000,8060.6171,13447.0871,11816.7629,11867.5974,401990.0164,379921.5324,389932.9444,391351.8965,398055.2080,393369.7978,387886.4603,393522.5789,378985066.5333,379014757.1824,379008193.6380,379010790.0308,11072.6835,10622.2680,10624.6576,406541.5529,384600.8088,394473.5233,395863.7914,402725.5135,397954.8397,392331.0537,398069.8091,378983703.7113,379013394.7544,379006830.5957,379009427.1638,9476.5066,4424.0622,399157.3296,377504.1507,386933.1749,388382.4055,395414.0244,390535.3728,384934.0793,390625.8538,378977469.8305,379007161.0635,379000596.4820,379003193.0589,12243.2544,405091.1599,383402.2213,392793.9788,394316.1396,401221.7550,396403.0337,391001.0523,396532.2281,378973917.0899,379003607.9491,378997044.0683,378999640.5493,397075.5593,375298.6021,384939.6401,386345.8425,393324.9839,388483.5738,382831.4648,388577.4169,378981602.0674,379011293.2712,379004728.7206,379007325.2758,25616.3493,15116.7017,11729.2470,8249.6247,9576.2082,15871.7183,9176.1563,379034238.0156,379063927.5308,379057361.0533,379059954.1490,23185.6383,21001.6929,21441.3959,20242.3945,17357.7980,20951.0958,379042557.1067,379072246.3457,379065680.6227,379068273.7871,5245.4481,13895.6697,6885.9258,13650.1631,6601.0627,379023842.6946,379053532.2168,379046965.8615,379049559.0389,12137.8744,4834.9488,9191.5531,3120.8110,379028462.3329,379058151.9847,379051585.3984,379054178.6164,7512.0830,17415.7384,9095.7443,379033746.3128,379063435.4246,379056869.6787,379059462.6558,12137.8744,2263.2433,379029824.4161,379059513.8186,379052947.6317,379055540.7451,10710.0804,379034974.5491,379064664.4910,379058097.4665,379060690.8216,379029725.7202,379059415.2518,379052848.8441,379055442.0034,36847.0104,27893.0270,27598.5256,37589.8474,29818.0214,8933.1580,
3900.000,8972.6795,13388.4902,10517.6669,11640.9157,399903.8003,378067.3485,387767.1936,388986.5107,396248.5094,391256.8706,386075.3421,391504.2680,378983691.5471,379013343.4901,379007225.3015,379009557.9865,11772.5823,11663.5308,7990.5628,404595.2126,382830.2194,392503.7681,393663.1793,401074.1514,396008.2109,390628.9351,396203.8243,378984699.2302,379014351.6179,379008232.7415,379010565.6305,9443.5447,7235.2572,399940.2316,378535.6525,387617.4998,388884.3711,396464.8507,391267.9621,386004.2577,391454.7117,378974924.4777,379004577.0083,378998457.8287,379000790.7219,13259.9058,405246.6329,383705.9818,392913.9316,394224.1500,401629.7573,396528.0079,391439.0704,396767.5119,378974289.0833,379003941.1647,378997822.7904,379000155.5601,398614.1262,377022.4834,386452.2620,387628.4399,395165.7349,390018.3990,384605.6817,390189.6338,378982019.7611,379011672.3711,379005553.0551,379007885.9747,25420.4634,15153.1472,11910.3739,8042.4802,9774.2549,15639.9716,9148.1030,379033369.4253,379063021.0667,379056899.0640,379059228.4347,23039.3643,20582.6268,21569.2826,20488.3460,17324.4576,21051.8708,379041716.0950,379071367.4082,379065246.2057,379067575.6418,5238.3906,13970.4516,6432.4342,13614.3698,6633.7446,379022988.3284,379052639.9544,379046518.0979,379048847.5518,12223.5661,4655.9090,8982.8310,2986.8528,379027692.2216,379057343.9755,379051221.8985,379053551.3942,7906.8032,17383.1519,9515.4924,379032784.4571,379062435.6835,379056314.4111,379058643.6571,12223.5661,2690.0676,379028418.3830,379058069.8984,379051948.1940,379054277.5833,10361.3207,379034177.8427,379063829.8885,379057707.3675,379060037.0023,379028783.4591,379058435.1301,379052313.1647,379054642.6101,37055.3904,28039.2352,27587.6757,37633.8246,29729.5609,9151.1672,
4200.000,9482.0473,12565.2629,9112.5071,11914.4566,397966.8899,376389.1743,385749.0914,386791.1805,394601.7685,389256.1843,384412.1056,389514.8349,378981879.4013,379011481.0110,379005807.2748,379007854.5189,12645.5279,12084.5870,5538.8423,402280.4470,380710.3208,390158.7665,391116.0839,399051.7629,393654.5139,388571.6428,393848.5354,378985118.9409,379014720.9979,379009046.5760,379011094.0315,9379.4068,9795.9157,400879.6262,379703.1771,388477.8551,389580.7349,397663.4909,392121.8414,387241.1437,392333.1285,378972897.4087,379002499.5324,378996824.9719,378998872.4252,13458.0128,404987.4622,383590.8186,392639.1436,393748.1059,401632.1325,396217.0705,391458.4494,396481.6895,378975236.6660,379004838.3156,378999164.5739,379001211.8883,400439.8651,379034.1852,388252.9163,389226.9227,397283.3321,391802.3229,386684.7615,391971.6568,378982180.4681,379011782.7721,379006107.9244,379008155.4529,25221.1674,15176.2492,12052.2050,7840.4799,10007.0782,15402.6507,9238.9959,379032508.0250,379062110.1245,379056431.7588,379058475.6716,22886.7583,20135.2639,21694.6549,20718.3973,17290.1427,21050.8441,379040883.1955,379070484.9156,379064807.3944,379066851.3684,5245.1815,14042.4812,5965.0475,13572.9161,6639.2034,379022154.1673,379051756.2287,379046078.0333,379048122.0303,12273.4366,4467.4412,8813.1424,2890.3663,379026965.4257,379056567.6087,379050889.2097,379052933.2483,8356.2340,17344.7389,9947.2826,379031829.6927,379061431.3673,379055753.7286,379057797.5102,12273.4366,3073.4135,379027036.0845,379056638.0483,379050959.9833,379053003.9168,9975.7558,379033387.5742,379062990.0564,379057311.2006,379059355.3817,379027862.6975,379057464.8380,379051786.4827,379053830.4817,37269.4999,28177.2338,27552.3518,37679.1557,29632.4028,9386.9173,
4500.000,9429.1333,11218.0822,8270.7799,12549.5932,396370.0915,375073.7300,384073.7227,384974.2435,393305.5532,387563.1284,383086.5121,387762.9734,378979757.3588,379009297.0773,379004066.4101,379005805.1308,13312.6069,11775.9425,5248.5437,399833.5786,378480.0094,387673.0017,388472.3314,396894.0824,391130.9179,386396.1857,391258.5467,378984845.3885,379014385.5087,379009154.2316,379010893.1473,9302.4732,11491.7658,401851.4801,380881.8112,389394.0865,390360.8195,398890.1609,392984.1186,388516.5998,393158.3379,378971545.4737,379001085.5615,378995854.3387,378997593.2444,12791.1547,404323.0288,383073.8282,391975.9079,392908.3298,401241.5005,395485.3217,391066.8673,395698.6255,378976589.5114,379006129.1571,379000898.6720,379002637.4386,402337.5941,381121.9145,390124.4219,390938.5335,399462.7614,393622.9011,388854.2488,393728.4116,378982001.6641,379011542.0138,379006310.3864,379008049.4113,25018.4535,15185.6609,12146.4127,7644.2445,10261.0491,15159.7397,9418.8680,379031653.7492,379061194.7062,379055958.6581,379057694.0293,22727.9924,19670.1396,21817.5067,20925.8976,17254.8992,20951.4902,379040058.4386,379069598.9662,379064363.8054,379066099.2326,5269.3930,14111.5985,5495.2918,13525.7349,6607.8936,379021340.1110,379050881.0071,379045645.1536,379047380.6096,12283.4638,4282.2193,8690.6041,2816.1343,379026279.1016,379055820.1085,379050584.0741,379052319.5698,8844.0807,17300.5410,10362.7109,379030882.0765,379060422.6003,379055187.2739,379056922.5073,12283.4638,3370.2442,379025692.3453,379055233.1604,379049997.4106,379051732.8061,9580.3073,379032603.7248,379062145.0435,379056908.5330,379058644.1764,379026964.5749,379056505.5800,379051269.5249,379053004.9933,37489.1684,28306.8286,27492.0017,37725.7103,29525.9225,9641.0273,
4800.000,8814.3818,9838.4046,8533.1337,13254.7628,395268.7552,374270.2136,382901.4955,383707.4632,392514.0125,386341.4951,382253.7804,386430.0103,378977486.6041,379006952.9384,379002163.4814,379003569.2291,13525.8695,10828.6453,7473.7174,397509.0999,376394.7532,385301.1821,385998.9815,394855.4867,388697.1115,384356.9580,388713.8230,378983839.7603,379013306.4079,379008516.4799,379009922.3833,9236.8177,12061.0973,402728.6157,381946.4355,390241.0886,391107.4446,400022.4911,393741.3750,389699.3948,393828.2889,378970951.2479,379000417.7513,378995628.0777,378997033.9619,11429.9443,403304.7212,382214.1688,390971.5856,391765.9130,400511.1240,394390.1459,390315.1990,394490.0009,378978134.5751,379007600.7250,379002811.6212,379004217.3827,404087.6712,383069.5404,391846.3785,392554.1313,401485.6939,395267.3674,390893.9705,395266.3318,378981437.4033,379010904.2213,379006114.0724,379007520.1094,24812.3165,15181.0443,12187.5282,7454.4497,10521.1712,14911.2243,9651.9090,379030806.5205,379060274.8030,379055479.2685,379056881.6480,22563.2481,19200.5708,21937.8318,21105.7578,17218.7756,20762.6434,379039241.8508,379068709.6550,379063915.0491,379065317.4780,5312.9665,14177.6434,5037.6071,13472.7644,6533.9351,379020546.0339,379050014.2326,379045218.9167,379046621.3811,12252.7916,4121.8346,8619.7482,2749.2880,379025627.5982,379055095.8931,379050300.4239,379051702.9242,9351.7495,17250.5979,10737.8823,379029941.6602,379059409.5031,379054614.6829,379056016.9177,12252.7916,3559.7913,379024400.7064,379053868.8443,379049073.6010,379050476.0097,9204.5082,379031826.2708,379061294.8947,379056498.9249,379057901.5799,379026089.2567,379055557.5879,379050762.0408,379052164.5270,37714.2218,28427.8457,27406.1347,37773.3532,29409.5080,9914.0217,
5100.000,7798.9253,9117.6437,9714.5676,13747.9821,394764.4919,374072.5992,382339.2410,383104.5702,392326.7363,385703.9547,382016.2906,385650.0312,378975245.0603,379004626.5788,379000276.0011,379001322.9668,13211.3010,9548.0910,10180.2775,395551.6371,374698.3238,383290.3744,383950.0014,393181.0428,386606.7362,382697.6453,386489.8584,378982146.4752,379011528.1851,379007177.3220,379008224.3839,9201.8962,11427.0809,403394.8826,382785.5661,390902.8583,391709.6343,400949.0741,394291.1250,390669.8508,394254.4759,378971113.5715,379000495.0266,378996144.6021,378997191.6347,9797.2786,402020.8505,381107.2763,389710.0159,390415.8533,399529.6451,393025.0467,389292.5232,392969.8583,378979638.9643,379009020.2033,379004670.1119,379005717.0549,405488.0892,384678.3230,393217.3227,393878.4001,403152.3705,396543.5892,392600.2547,396413.3803,378980482.9470,379009864.7339,379005513.8176,379006561.0218,24602.7546,15162.0693,12173.9486,7271.8279,10773.5698,14657.0924,9901.9034,379029966.2493,379059350.3953,379054993.0829,379056036.6640,22392.7162,18740.4613,22055.6241,21255.3673,17181.8222,20498.1314,379038433.4543,379067817.0741,379063460.7301,379064504.3527,5375.9103,14240.4561,4607.6754,13413.9483,6415.7209,379019771.7851,379049155.8241,379044798.7544,379045842.4197,12183.9878,4013.5859,8600.3551,2678.0012,379025003.3754,379054387.4927,379050030.3008,379051073.9963,9861.4044,17194.9477,11053.3980,379029008.4911,379058392.1927,379054035.5853,379055079.0147,12183.9878,3638.8969,379023170.9783,379052554.9796,379048197.9479,379049241.5643,8878.8690,379031055.1834,379060439.6510,379056081.9300,379057125.7891,379025235.9601,379054620.1469,379050262.8299,379051306.5246,37944.4823,28540.1322,27294.3439,37821.9449,29282.5798,10206.3074,
5400.000,6729.3874,9524.6913,11135.5149,13853.5878,394892.7360,374508.0450,382427.1096,383206.9753,392776.5759,385697.7022,382411.0280,385495.1589,378973208.5033,379002493.8326,378998579.3350,378999240.3918,12474.8277,8473.0745,12272.0601,394166.8546,373593.5800,381850.7345,382535.9900,392077.4196,385076.8088,381622.1219,384826.6295,378979888.7189,379009174.0978,379005259.5256,379005920.6048,9203.7581,9681.4274,403757.5917,383313.1824,391285.0390,392074.9380,401581.3238,394551.5548,391332.6508,394373.5182,378971947.8863,379001232.9157,378997318.9271,378997979.9673,8610.8961,400587.9837,379875.5368,388303.4086,388977.5337,398412.3961,391510.1187,388117.4361,391285.1690,378980874.8893,379010159.8754,379006245.9407,379006906.9384,406373.9153,385785.9862,394074.0588,394748.6592,404300.7756,397297.5980,393805.5439,397036.6885,378979175.5279,379008460.8686,379004546.4277,379005207.6395,24389.7696,15128.4122,12107.8142,7097.1690,11007.4240,14397.3347,10135.8285,379029132.8328,379058421.4508,379054499.5808,379055157.2440,22216.5969,18301.9957,22170.8770,21374.7403,17144.0918,20176.4283,379037633.2672,379066921.3125,379063000.4491,379063658.1444,5456.6083,14299.8773,4220.5305,13349.2354,6256.4377,379019017.1892,379048305.6772,379044384.0737,379045041.8197,12082.2933,3983.5403,8627.7570,2594.9061,379024398.4290,379053686.9754,379049765.2824,379050423.0512,10358.5050,17133.6270,11294.0136,379028082.6118,379057370.7825,379053449.6061,379054107.1105,12082.2933,3620.3255,379022007.9781,379051296.4538,379047374.8513,379048032.5568,8632.1459,379030290.4287,379059579.3496,379055657.0967,379056315.0399,379024403.0215,379053691.6635,379049769.8109,379050427.5910,38179.7695,28643.5568,27156.3359,37871.3426,29144.6156,10518.1491,
