norad_moon_2023-12_18 Contact Analysis.csv
2023/12/12 01:41:00.0000 UTC

Generated: Tue Dec 12 15:28:54 2023,
Start: 2023/12/12 01:41:00.00, Stop: 2024/01/11 01:41:00.00,
Analysis,Rise,Set,Duration,
ID,SECONDS,SECONDS,SECONDS,
THEMIS D - IOAG-Equatorial,0.000,22694.183,22694.183,
THEMIS D - IOAG-Equatorial,26809.404,66481.334,39671.931,
THEMIS D - IOAG-Equatorial,70247.427,110343.186,40095.759,
THEMIS D - IOAG-Equatorial,114399.309,155164.809,40765.500,
THEMIS D - IOAG-Equatorial,158598.413,198145.837,39547.424,
THEMIS D - IOAG-Equatorial,202114.578,243437.543,41322.965,
THEMIS D - IOAG-Equatorial,247606.147,286186.059,38579.913,
THEMIS D - IOAG-Equatorial,290040.659,330849.136,40808.477,
THEMIS D - IOAG-Equatorial,335005.845,345025.230,10019.385,
THEMIS D - IOAG-Equatorial,346382.331,374540.608,28158.278,
THEMIS D - IOAG-Equatorial,378269.342,418547.632,40278.290,
THEMIS D - IOAG-Equatorial,422655.592,463217.859,40562.266,
THEMIS D - IOAG-Equatorial,466856.262,506528.905,39672.644,
THEMIS D - IOAG-Equatorial,510599.794,542216.309,31616.515,
THEMIS D - IOAG-Equatorial,543838.920,552048.152,8209.232,
THEMIS D - IOAG-Equatorial,555708.384,594825.332,39116.948,
THEMIS D - IOAG-Equatorial,598868.511,639999.424,41130.912,
THEMIS D - IOAG-Equatorial,644424.516,683419.768,38995.252,
THEMIS D - IOAG-Equatorial,687446.714,727515.336,40068.621,
THEMIS D - IOAG-Equatorial,731736.067,772171.851,40435.783,
THEMIS D - IOAG-Equatorial,776199.206,815736.921,39537.715,
THEMIS D - IOAG-Equatorial,819786.640,838107.519,18320.879,
THEMIS D - IOAG-Equatorial,839552.493,860823.989,21271.496,
THEMIS D - IOAG-Equatorial,864876.245,904344.418,39468.173,
THEMIS D - IOAG-Equatorial,908224.108,949108.791,40884.683,
THEMIS D - IOAG-Equatorial,953228.201,993094.906,39866.704,
THEMIS D - IOAG-Equatorial,996830.518,1035278.957,38448.439,
THEMIS D - IOAG-Equatorial,1041024.920,1081705.779,40680.859,
THEMIS D - IOAG-Equatorial,1085379.108,1124695.186,39316.078,
THEMIS D - IOAG-Equatorial,1128273.569,1133885.593,5612.024,
THEMIS D - IOAG-Equatorial,1135273.014,1169990.068,34717.054,
THEMIS D - IOAG-Equatorial,1173696.929,1257903.376,84206.447,
THEMIS D - IOAG-Equatorial,1261710.089,1301954.917,40244.827,
THEMIS D - IOAG-Equatorial,1305226.638,1331137.746,25911.108,
THEMIS D - IOAG-Equatorial,1332471.934,1345466.223,12994.288,
THEMIS D - IOAG-Equatorial,1349411.573,1390135.441,40723.868,
THEMIS D - IOAG-Equatorial,1393536.205,1429961.777,36425.572,
THEMIS D - IOAG-Equatorial,1436778.271,1477985.712,41207.441,
THEMIS D - IOAG-Equatorial,1481575.802,1520917.208,39341.405,
THEMIS D - IOAG-Equatorial,1524240.393,1565588.667,41348.273,
THEMIS D - IOAG-Equatorial,1569363.606,1653022.534,83658.928,
THEMIS D - IOAG-Equatorial,1656955.697,1697252.871,40297.174,
THEMIS D - IOAG-Equatorial,1700923.329,1740351.011,39427.682,
THEMIS D - IOAG-Equatorial,1744412.528,1784907.963,40495.435,
THEMIS D - IOAG-Equatorial,1788757.417,1827656.744,38899.327,
THEMIS D - IOAG-Equatorial,1832003.880,1872408.777,40404.897,
THEMIS D - IOAG-Equatorial,1876389.782,1916019.991,39630.208,
THEMIS D - IOAG-Equatorial,1919713.037,1932384.428,12671.391,
THEMIS D - IOAG-Equatorial,1942123.901,1959843.255,17719.355,
THEMIS D - IOAG-Equatorial,1963909.342,2004005.811,40096.469,
THEMIS D - IOAG-Equatorial,2007989.530,2040313.179,32323.649,
THEMIS D - IOAG-Equatorial,2055328.079,2091639.249,36311.171,
THEMIS D - IOAG-Equatorial,2095714.166,2134839.371,39125.205,
THEMIS D - IOAG-Equatorial,2138918.613,2179169.414,40250.800,
THEMIS D - IOAG-Equatorial,2183277.227,2222704.737,39427.510,
THEMIS D - IOAG-Equatorial,2226630.618,2266707.436,40076.818,
THEMIS D - IOAG-Equatorial,2270805.740,2311376.520,40570.780,
THEMIS D - IOAG-Equatorial,2315081.867,2354339.676,39257.808,
THEMIS D - IOAG-Equatorial,2358384.572,2399018.473,40633.901,
THEMIS D - IOAG-Equatorial,2403164.767,2442164.599,38999.832,
THEMIS D - IOAG-Equatorial,2446100.318,2486592.460,40492.142,
THEMIS D - IOAG-Equatorial,2490711.428,2530315.293,39603.865,
THEMIS D - IOAG-Equatorial,2534067.689,2574268.619,40200.930,
THEMIS D - IOAG-Equatorial,2578337.030,2592000.000,13662.970,
THEMIS D - IOAG-North1,0.000,344961.087,344961.087,
THEMIS D - IOAG-North1,346346.575,542232.818,195886.243,
THEMIS D - IOAG-North1,543865.272,838096.157,294230.885,
THEMIS D - IOAG-North1,839542.423,1066097.987,226555.564,
THEMIS D - IOAG-North1,1069869.155,1109140.531,39271.376,
THEMIS D - IOAG-North1,1112974.730,1133864.829,20890.099,
THEMIS D - IOAG-North1,1135225.159,1153351.044,18125.885,
THEMIS D - IOAG-North1,1156614.240,1197040.208,40425.968,
THEMIS D - IOAG-North1,1199674.186,1240585.074,40910.888,
THEMIS D - IOAG-North1,1243143.649,1327778.438,84634.789,
THEMIS D - IOAG-North1,1332503.812,1931779.202,599275.389,
THEMIS D - IOAG-North1,1943190.567,2042101.386,98910.819,
THEMIS D - IOAG-North1,2055938.125,2152737.122,96798.997,
THEMIS D - IOAG-North1,2153728.355,2195939.395,42211.040,
THEMIS D - IOAG-North1,2197641.023,2239026.449,41385.426,
THEMIS D - IOAG-North1,2240850.656,2282343.332,41492.675,
THEMIS D - IOAG-North1,2284650.602,2325448.122,40797.520,
THEMIS D - IOAG-North1,2327917.371,2592000.000,264082.629,
THEMIS D - IOAG-North2,0.000,344943.372,344943.372,
THEMIS D - IOAG-North2,346396.589,542205.925,195809.336,
THEMIS D - IOAG-North2,543845.481,838094.160,294248.678,
THEMIS D - IOAG-North2,839540.382,1044558.687,205018.305,
THEMIS D - IOAG-North2,1048145.743,1087645.554,39499.811,
THEMIS D - IOAG-North2,1091437.129,1130808.579,39371.451,
THEMIS D - IOAG-North2,1135265.892,1175334.820,40068.928,
THEMIS D - IOAG-North2,1178156.387,1218393.308,40236.922,
THEMIS D - IOAG-North2,1221275.168,1263196.068,41920.900,
THEMIS D - IOAG-North2,1264547.491,1331152.047,66604.556,
THEMIS D - IOAG-North2,1332421.046,1932849.915,600428.870,
THEMIS D - IOAG-North2,1941931.006,2040856.332,98925.326,
THEMIS D - IOAG-North2,2057565.811,2131119.180,73553.370,
THEMIS D - IOAG-North2,2131830.778,2174343.288,42512.510,
THEMIS D - IOAG-North2,2175674.193,2217387.732,41713.539,
THEMIS D - IOAG-North2,2219192.283,2260689.256,41496.973,
THEMIS D - IOAG-North2,2262721.095,2303982.146,41261.051,
THEMIS D - IOAG-North2,2306596.236,2347118.686,40522.451,
THEMIS D - IOAG-North2,2349682.905,2592000.000,242317.095,
THEMIS D - IOAG-South1,0.000,345070.901,345070.901,
THEMIS D - IOAG-South1,346285.320,542243.930,195958.610,
THEMIS D - IOAG-South1,543849.171,547658.967,3809.797,
THEMIS D - IOAG-South1,551401.363,591034.209,39632.846,
THEMIS D - IOAG-South1,594641.984,634842.316,40200.332,
THEMIS D - IOAG-South1,638343.702,678389.204,40045.503,
THEMIS D - IOAG-South1,681631.413,722104.306,40472.892,
THEMIS D - IOAG-South1,725039.820,766395.080,41355.260,
THEMIS D - IOAG-South1,768292.653,809728.987,41436.335,
THEMIS D - IOAG-South1,811686.782,838095.747,26408.964,
THEMIS D - IOAG-South1,839546.943,1133871.226,294324.283,
THEMIS D - IOAG-South1,1135277.383,1288256.332,152978.949,
THEMIS D - IOAG-South1,1289023.403,1331157.968,42134.565,
THEMIS D - IOAG-South1,1332488.173,1374741.655,42253.482,
THEMIS D - IOAG-South1,1376121.181,1417886.326,41765.145,
THEMIS D - IOAG-South1,1419252.285,1461254.844,42002.558,
THEMIS D - IOAG-South1,1463107.807,1504429.542,41321.735,
THEMIS D - IOAG-South1,1506525.170,1547770.945,41245.775,
THEMIS D - IOAG-South1,1550006.724,1591013.249,41006.525,
THEMIS D - IOAG-South1,1593596.215,1634282.069,40685.854,
THEMIS D - IOAG-South1,1636825.486,1829568.700,192743.215,
THEMIS D - IOAG-South1,1833382.374,1932105.019,98722.645,
THEMIS D - IOAG-South1,1942570.526,2043842.569,101272.043,
THEMIS D - IOAG-South1,2053025.704,2592000.000,538974.296,
THEMIS D - IOAG-South2,0.000,345097.416,345097.416,
THEMIS D - IOAG-South2,346321.103,526386.180,180065.077,
THEMIS D - IOAG-South2,529359.130,542242.158,12883.028,
THEMIS D - IOAG-South2,543844.348,569222.824,25378.476,
THEMIS D - IOAG-South2,572922.917,612866.383,39943.466,
THEMIS D - IOAG-South2,616481.027,656793.901,40312.874,
THEMIS D - IOAG-South2,659953.145,700165.929,40212.785,
THEMIS D - IOAG-South2,703337.878,744749.373,41411.495,
THEMIS D - IOAG-South2,746577.610,788002.889,41425.280,
THEMIS D - IOAG-South2,790013.392,838108.659,48095.267,
THEMIS D - IOAG-South2,839556.542,1133865.589,294309.047,
THEMIS D - IOAG-South2,1135249.599,1309808.951,174559.352,
THEMIS D - IOAG-South2,1310599.738,1331147.230,20547.493,
THEMIS D - IOAG-South2,1332542.438,1353210.964,20668.526,
THEMIS D - IOAG-South2,1354153.449,1396304.556,42151.107,
THEMIS D - IOAG-South2,1397829.194,1439664.096,41834.902,
THEMIS D - IOAG-South2,1441024.507,1482848.238,41823.731,
THEMIS D - IOAG-South2,1484917.845,1526037.648,41119.803,
THEMIS D - IOAG-South2,1527749.659,1569401.927,41652.267,
THEMIS D - IOAG-South2,1571889.023,1612594.482,40705.460,
THEMIS D - IOAG-South2,1615124.583,1655964.947,40840.364,
THEMIS D - IOAG-South2,1658758.319,1931822.668,273064.349,
THEMIS D - IOAG-South2,1943347.540,2041833.375,98485.835,
THEMIS D - IOAG-South2,2053215.360,2592000.000,538784.640,
IOAG-Equatorial - IOAG-North1,0.000,2592000.000,2592000.000,
IOAG-Equatorial - IOAG-North2,0.000,2592000.000,2592000.000,
IOAG-Equatorial - IOAG-South1,0.000,35733.776,35733.776,
IOAG-Equatorial - IOAG-South1,41136.109,78932.386,37796.277,
IOAG-Equatorial - IOAG-South1,84332.576,122130.997,37798.420,
IOAG-Equatorial - IOAG-South1,127529.042,165329.607,37800.565,
IOAG-Equatorial - IOAG-South1,170725.507,208528.218,37802.711,
IOAG-Equatorial - IOAG-South1,213921.970,251726.829,37804.859,
IOAG-Equatorial - IOAG-South1,257118.432,294925.440,37807.008,
IOAG-Equatorial - IOAG-South1,300314.893,338124.052,37809.159,
IOAG-Equatorial - IOAG-South1,343511.353,381322.664,37811.311,
IOAG-Equatorial - IOAG-South1,386707.811,424521.276,37813.465,
IOAG-Equatorial - IOAG-South1,429904.268,467719.888,37815.620,
IOAG-Equatorial - IOAG-South1,473100.723,510918.501,37817.777,
IOAG-Equatorial - IOAG-South1,516297.178,554117.114,37819.936,
IOAG-Equatorial - IOAG-South1,559493.631,597315.727,37822.096,
IOAG-Equatorial - IOAG-South1,602690.083,640514.340,37824.257,
IOAG-Equatorial - IOAG-South1,645886.533,683712.954,37826.421,
IOAG-Equatorial - IOAG-South1,689082.983,726911.568,37828.585,
IOAG-Equatorial - IOAG-South1,732279.431,770110.182,37830.751,
IOAG-Equatorial - IOAG-South1,775475.877,813308.797,37832.919,
IOAG-Equatorial - IOAG-South1,818672.323,856507.411,37835.088,
IOAG-Equatorial - IOAG-South1,861868.767,899706.026,37837.259,
IOAG-Equatorial - IOAG-South1,905065.210,942904.642,37839.432,
IOAG-Equatorial - IOAG-South1,948261.652,986103.257,37841.605,
IOAG-Equatorial - IOAG-South1,991458.092,1029301.873,37843.781,
IOAG-Equatorial - IOAG-South1,1034654.531,1072500.489,37845.958,
IOAG-Equatorial - IOAG-South1,1077850.969,1115699.106,37848.136,
IOAG-Equatorial - IOAG-South1,1121047.406,1158897.722,37850.316,
IOAG-Equatorial - IOAG-South1,1164243.841,1202096.339,37852.498,
IOAG-Equatorial - IOAG-South1,1207440.275,1245294.956,37854.681,
IOAG-Equatorial - IOAG-South1,1250636.708,1288493.574,37856.866,
IOAG-Equatorial - IOAG-South1,1293833.140,1331692.192,37859.052,
IOAG-Equatorial - IOAG-South1,1337029.570,1374890.810,37861.240,
IOAG-Equatorial - IOAG-South1,1380225.999,1418089.428,37863.429,
IOAG-Equatorial - IOAG-South1,1423422.427,1461288.046,37865.620,
IOAG-Equatorial - IOAG-South1,1466618.853,1504486.665,37867.812,
IOAG-Equatorial - IOAG-South1,1509815.279,1547685.284,37870.006,
IOAG-Equatorial - IOAG-South1,1553011.703,1590883.904,37872.201,
IOAG-Equatorial - IOAG-South1,1596208.125,1634082.524,37874.398,
IOAG-Equatorial - IOAG-South1,1639404.547,1677281.144,37876.597,
IOAG-Equatorial - IOAG-South1,1682600.967,1720479.764,37878.797,
IOAG-Equatorial - IOAG-South1,1725797.386,1763678.384,37880.998,
IOAG-Equatorial - IOAG-South1,1768993.804,1806877.005,37883.201,
IOAG-Equatorial - IOAG-South1,1812190.220,1850075.626,37885.406,
IOAG-Equatorial - IOAG-South1,1855386.635,1893274.247,37887.612,
IOAG-Equatorial - IOAG-South1,1898583.049,1936472.869,37889.820,
IOAG-Equatorial - IOAG-South1,1941779.462,1979671.491,37892.029,
IOAG-Equatorial - IOAG-South1,1984975.874,2022870.113,37894.240,
IOAG-Equatorial - IOAG-South1,2028172.284,2066068.736,37896.452,
IOAG-Equatorial - IOAG-South1,2071368.693,2109267.358,37898.666,
IOAG-Equatorial - IOAG-South1,2114565.100,2152465.981,37900.881,
IOAG-Equatorial - IOAG-South1,2157761.507,2195664.605,37903.098,
IOAG-Equatorial - IOAG-South1,2200957.912,2238863.228,37905.317,
IOAG-Equatorial - IOAG-South1,2244154.316,2282061.852,37907.537,
IOAG-Equatorial - IOAG-South1,2287350.718,2325260.476,37909.758,
IOAG-Equatorial - IOAG-South1,2330547.120,2368459.101,37911.981,
IOAG-Equatorial - IOAG-South1,2373743.520,2411657.726,37914.206,
IOAG-Equatorial - IOAG-South1,2416939.919,2454856.351,37916.432,
IOAG-Equatorial - IOAG-South1,2460136.317,2498054.976,37918.660,
IOAG-Equatorial - IOAG-South1,2503332.713,2541253.602,37920.889,
IOAG-Equatorial - IOAG-South1,2546529.108,2584452.228,37923.120,
IOAG-Equatorial - IOAG-South1,2589725.502,2592000.000,2274.498,
IOAG-Equatorial - IOAG-South2,0.000,9923.705,9923.705,
IOAG-Equatorial - IOAG-South2,11849.856,53117.132,41267.276,
IOAG-Equatorial - IOAG-South2,55050.403,96310.571,41260.168,
IOAG-Equatorial - IOAG-South2,98250.938,139504.021,41253.083,
IOAG-Equatorial - IOAG-South2,141451.462,182697.482,41246.020,
IOAG-Equatorial - IOAG-South2,184651.975,225890.955,41238.981,
IOAG-Equatorial - IOAG-South2,227852.476,269084.439,41231.963,
IOAG-Equatorial - IOAG-South2,271052.967,312277.934,41224.967,
IOAG-Equatorial - IOAG-South2,314253.447,355471.440,41217.993,
IOAG-Equatorial - IOAG-South2,357453.916,398664.957,41211.040,
IOAG-Equatorial - IOAG-South2,400654.375,441858.484,41204.109,
IOAG-Equatorial - IOAG-South2,443854.823,485052.022,41197.199,
IOAG-Equatorial - IOAG-South2,487055.261,528245.571,41190.310,
IOAG-Equatorial - IOAG-South2,530255.688,571439.129,41183.441,
IOAG-Equatorial - IOAG-South2,573456.106,614632.699,41176.593,
IOAG-Equatorial - IOAG-South2,616656.513,657826.278,41169.765,
IOAG-Equatorial - IOAG-South2,659856.911,701019.867,41162.957,
IOAG-Equatorial - IOAG-South2,703057.298,744213.466,41156.168,
IOAG-Equatorial - IOAG-South2,746257.676,787407.076,41149.400,
IOAG-Equatorial - IOAG-South2,789458.044,830600.695,41142.651,
IOAG-Equatorial - IOAG-South2,832658.403,873794.323,41135.921,
IOAG-Equatorial - IOAG-South2,875858.752,916987.961,41129.210,
IOAG-Equatorial - IOAG-South2,919059.091,960181.609,41122.518,
IOAG-Equatorial - IOAG-South2,962259.422,1003375.266,41115.844,
IOAG-Equatorial - IOAG-South2,1005459.743,1046568.933,41109.190,
IOAG-Equatorial - IOAG-South2,1048660.055,1089762.608,41102.553,
IOAG-Equatorial - IOAG-South2,1091860.358,1132956.293,41095.935,
IOAG-Equatorial - IOAG-South2,1135060.652,1176149.987,41089.334,
IOAG-Equatorial - IOAG-South2,1178260.938,1219343.690,41082.752,
IOAG-Equatorial - IOAG-South2,1221461.214,1262537.402,41076.187,
IOAG-Equatorial - IOAG-South2,1264661.482,1305731.122,41069.640,
IOAG-Equatorial - IOAG-South2,1307861.742,1348924.851,41063.110,
IOAG-Equatorial - IOAG-South2,1351061.992,1392118.589,41056.597,
IOAG-Equatorial - IOAG-South2,1394262.235,1435312.336,41050.101,
IOAG-Equatorial - IOAG-South2,1437462.469,1478506.091,41043.622,
IOAG-Equatorial - IOAG-South2,1480662.694,1521699.855,41037.160,
IOAG-Equatorial - IOAG-South2,1523862.912,1564893.626,41030.714,
IOAG-Equatorial - IOAG-South2,1567063.121,1608087.407,41024.285,
IOAG-Equatorial - IOAG-South2,1610263.323,1651281.195,41017.872,
IOAG-Equatorial - IOAG-South2,1653463.516,1694474.991,41011.476,
IOAG-Equatorial - IOAG-South2,1696663.701,1737668.796,41005.095,
IOAG-Equatorial - IOAG-South2,1739863.879,1780862.609,40998.730,
IOAG-Equatorial - IOAG-South2,1783064.048,1824056.429,40992.381,
IOAG-Equatorial - IOAG-South2,1826264.210,1867250.257,40986.047,
IOAG-Equatorial - IOAG-South2,1869464.365,1910444.094,40979.729,
IOAG-Equatorial - IOAG-South2,1912664.511,1953637.938,40973.426,
IOAG-Equatorial - IOAG-South2,1955864.651,1996831.789,40967.139,
IOAG-Equatorial - IOAG-South2,1999064.782,2040025.648,40960.866,
IOAG-Equatorial - IOAG-South2,2042264.907,2083219.515,40954.608,
IOAG-Equatorial - IOAG-South2,2085465.024,2126413.389,40948.366,
IOAG-Equatorial - IOAG-South2,2128665.134,2169607.271,40942.138,
IOAG-Equatorial - IOAG-South2,2171865.236,2212801.160,40935.924,
IOAG-Equatorial - IOAG-South2,2215065.331,2255995.057,40929.725,
IOAG-Equatorial - IOAG-South2,2258265.420,2299188.960,40923.540,
IOAG-Equatorial - IOAG-South2,2301465.501,2342382.871,40917.370,
IOAG-Equatorial - IOAG-South2,2344665.575,2385576.789,40911.214,
IOAG-Equatorial - IOAG-South2,2387865.643,2428770.714,40905.071,
IOAG-Equatorial - IOAG-South2,2431065.703,2471964.646,40898.943,
IOAG-Equatorial - IOAG-South2,2474265.757,2515158.585,40892.828,
IOAG-Equatorial - IOAG-South2,2517465.804,2558352.531,40886.727,
IOAG-Equatorial - IOAG-South2,2560665.844,2592000.000,31334.156,
IOAG-North1 - IOAG-North2,0.000,12247.693,12247.693,
IOAG-North1 - IOAG-North2,14976.986,33846.828,18869.842,
IOAG-North1 - IOAG-North2,36576.121,55445.964,18869.843,
IOAG-North1 - IOAG-North2,58175.256,77045.099,18869.843,
IOAG-North1 - IOAG-North2,79774.391,98644.234,18869.843,
IOAG-North1 - IOAG-North2,101373.527,120243.369,18869.843,
IOAG-North1 - IOAG-North2,122972.662,141842.504,18869.843,
IOAG-North1 - IOAG-North2,144571.797,163441.639,18869.842,
IOAG-North1 - IOAG-North2,166170.932,185040.775,18869.842,
IOAG-North1 - IOAG-North2,187770.067,206639.910,18869.842,
IOAG-North1 - IOAG-North2,209369.203,228239.045,18869.843,
IOAG-North1 - IOAG-North2,230968.338,249838.180,18869.843,
IOAG-North1 - IOAG-North2,252567.473,271437.315,18869.843,
IOAG-North1 - IOAG-North2,274166.608,293036.451,18869.843,
IOAG-North1 - IOAG-North2,295765.743,314635.586,18869.843,
IOAG-North1 - IOAG-North2,317364.878,336234.721,18869.842,
IOAG-North1 - IOAG-North2,338964.014,357833.856,18869.842,
IOAG-North1 - IOAG-North2,360563.149,379432.991,18869.842,
IOAG-North1 - IOAG-North2,382162.284,401032.127,18869.843,
IOAG-North1 - IOAG-North2,403761.419,422631.262,18869.843,
IOAG-North1 - IOAG-North2,425360.554,444230.397,18869.843,
IOAG-North1 - IOAG-North2,446959.690,465829.532,18869.843,
IOAG-North1 - IOAG-North2,468558.825,487428.667,18869.843,
IOAG-North1 - IOAG-North2,490157.960,509027.802,18869.842,
IOAG-North1 - IOAG-North2,511757.095,530626.938,18869.842,
IOAG-North1 - IOAG-North2,533356.230,552226.073,18869.842,
IOAG-North1 - IOAG-North2,554955.366,573825.208,18869.843,
IOAG-North1 - IOAG-North2,576554.501,595424.343,18869.843,
IOAG-North1 - IOAG-North2,598153.636,617023.478,18869.843,
IOAG-North1 - IOAG-North2,619752.771,638622.614,18869.843,
IOAG-North1 - IOAG-North2,641351.906,660221.749,18869.843,
IOAG-North1 - IOAG-North2,662951.042,681820.884,18869.842,
IOAG-North1 - IOAG-North2,684550.177,703420.019,18869.842,
IOAG-North1 - IOAG-North2,706149.312,725019.154,18869.842,
IOAG-North1 - IOAG-North2,727748.447,746618.290,18869.843,
IOAG-North1 - IOAG-North2,749347.582,768217.425,18869.843,
IOAG-North1 - IOAG-North2,770946.717,789816.560,18869.843,
IOAG-North1 - IOAG-North2,792545.853,811415.695,18869.843,
IOAG-North1 - IOAG-North2,814144.988,833014.830,18869.843,
IOAG-North1 - IOAG-North2,835744.123,854613.966,18869.842,
IOAG-North1 - IOAG-North2,857343.258,876213.101,18869.842,
IOAG-North1 - IOAG-North2,878942.393,897812.236,18869.842,
IOAG-North1 - IOAG-North2,900541.529,919411.371,18869.843,
IOAG-North1 - IOAG-North2,922140.664,941010.506,18869.843,
IOAG-North1 - IOAG-North2,943739.799,962609.641,18869.843,
IOAG-North1 - IOAG-North2,965338.934,984208.777,18869.843,
IOAG-North1 - IOAG-North2,986938.069,1005807.912,18869.843,
IOAG-North1 - IOAG-North2,1008537.205,1027407.047,18869.842,
IOAG-North1 - IOAG-North2,1030136.340,1049006.182,18869.842,
IOAG-North1 - IOAG-North2,1051735.475,1070605.317,18869.842,
IOAG-North1 - IOAG-North2,1073334.610,1092204.453,18869.843,
IOAG-North1 - IOAG-North2,1094933.745,1113803.588,18869.843,
IOAG-North1 - IOAG-North2,1116532.881,1135402.723,18869.843,
IOAG-North1 - IOAG-North2,1138132.016,1157001.858,18869.843,
IOAG-North1 - IOAG-North2,1159731.151,1178600.993,18869.843,
IOAG-North1 - IOAG-North2,1181330.286,1200200.129,18869.842,
IOAG-North1 - IOAG-North2,1202929.421,1221799.264,18869.842,
IOAG-North1 - IOAG-North2,1224528.556,1243398.399,18869.842,
IOAG-North1 - IOAG-North2,1246127.692,1264997.534,18869.843,
IOAG-North1 - IOAG-North2,1267726.827,1286596.669,18869.843,
IOAG-North1 - IOAG-North2,1289325.962,1308195.805,18869.843,
IOAG-North1 - IOAG-North2,1310925.097,1329794.940,18869.843,
IOAG-North1 - IOAG-North2,1332524.232,1351394.075,18869.843,
IOAG-North1 - IOAG-North2,1354123.368,1372993.210,18869.842,
IOAG-North1 - IOAG-North2,1375722.503,1394592.345,18869.842,
IOAG-North1 - IOAG-North2,1397321.638,1416191.480,18869.842,
IOAG-North1 - IOAG-North2,1418920.773,1437790.616,18869.843,
IOAG-North1 - IOAG-North2,1440519.908,1459389.751,18869.843,
IOAG-North1 - IOAG-North2,1462119.044,1480988.886,18869.843,
IOAG-North1 - IOAG-North2,1483718.179,1502588.021,18869.843,
IOAG-North1 - IOAG-North2,1505317.314,1524187.156,18869.843,
IOAG-North1 - IOAG-North2,1526916.449,1545786.292,18869.842,
IOAG-North1 - IOAG-North2,1548515.584,1567385.427,18869.842,
IOAG-North1 - IOAG-North2,1570114.720,1588984.562,18869.842,
IOAG-North1 - IOAG-North2,1591713.855,1610583.697,18869.843,
IOAG-North1 - IOAG-North2,1613312.990,1632182.832,18869.843,
IOAG-North1 - IOAG-North2,1634912.125,1653781.968,18869.843,
IOAG-North1 - IOAG-North2,1656511.260,1675381.103,18869.843,
IOAG-North1 - IOAG-North2,1678110.395,1696980.238,18869.843,
IOAG-North1 - IOAG-North2,1699709.531,1718579.373,18869.842,
IOAG-North1 - IOAG-North2,1721308.666,1740178.508,18869.842,
IOAG-North1 - IOAG-North2,1742907.801,1761777.644,18869.842,
IOAG-North1 - IOAG-North2,1764506.936,1783376.779,18869.842,
IOAG-North1 - IOAG-North2,1786106.071,1804975.914,18869.843,
IOAG-North1 - IOAG-North2,1807705.207,1826575.049,18869.843,
IOAG-North1 - IOAG-North2,1829304.342,1848174.184,18869.843,
IOAG-North1 - IOAG-North2,1850903.477,1869773.319,18869.843,
IOAG-North1 - IOAG-North2,1872502.612,1891372.455,18869.842,
IOAG-North1 - IOAG-North2,1894101.747,1912971.590,18869.842,
IOAG-North1 - IOAG-North2,1915700.883,1934570.725,18869.842,
IOAG-North1 - IOAG-North2,1937300.018,1956169.860,18869.842,
IOAG-North1 - IOAG-North2,1958899.153,1977768.995,18869.843,
IOAG-North1 - IOAG-North2,1980498.288,1999368.131,18869.843,
IOAG-North1 - IOAG-North2,2002097.423,2020967.266,18869.843,
IOAG-North1 - IOAG-North2,2023696.559,2042566.401,18869.843,
IOAG-North1 - IOAG-North2,2045295.694,2064165.536,18869.842,
IOAG-North1 - IOAG-North2,2066894.829,2085764.671,18869.842,
IOAG-North1 - IOAG-North2,2088493.964,2107363.807,18869.842,
IOAG-North1 - IOAG-North2,2110093.099,2128962.942,18869.842,
IOAG-North1 - IOAG-North2,2131692.234,2150562.077,18869.843,
IOAG-North1 - IOAG-North2,2153291.370,2172161.212,18869.843,
IOAG-North1 - IOAG-North2,2174890.505,2193760.347,18869.843,
IOAG-North1 - IOAG-North2,2196489.640,2215359.483,18869.843,
IOAG-North1 - IOAG-North2,2218088.775,2236958.618,18869.842,
IOAG-North1 - IOAG-North2,2239687.910,2258557.753,18869.842,
IOAG-North1 - IOAG-North2,2261287.046,2280156.888,18869.842,
IOAG-North1 - IOAG-North2,2282886.181,2301756.023,18869.842,
IOAG-North1 - IOAG-North2,2304485.316,2323355.158,18869.843,
IOAG-North1 - IOAG-North2,2326084.451,2344954.294,18869.843,
IOAG-North1 - IOAG-North2,2347683.586,2366553.429,18869.843,
IOAG-North1 - IOAG-North2,2369282.722,2388152.564,18869.843,
IOAG-North1 - IOAG-North2,2390881.857,2409751.699,18869.842,
IOAG-North1 - IOAG-North2,2412480.992,2431350.834,18869.842,
IOAG-North1 - IOAG-North2,2434080.127,2452949.970,18869.842,
IOAG-North1 - IOAG-North2,2455679.262,2474549.105,18869.842,
IOAG-North1 - IOAG-North2,2477278.398,2496148.240,18869.843,
IOAG-North1 - IOAG-North2,2498877.533,2517747.375,18869.843,
IOAG-North1 - IOAG-North2,2520476.668,2539346.510,18869.843,
IOAG-North1 - IOAG-North2,2542075.803,2560945.646,18869.843,
IOAG-North1 - IOAG-North2,2563674.938,2582544.781,18869.842,
IOAG-North1 - IOAG-North2,2585274.073,2592000.000,6725.927,
IOAG-North1 - IOAG-South1,0.000,33717.463,33717.463,
IOAG-North1 - IOAG-South1,36511.505,76915.643,40404.138,
IOAG-North1 - IOAG-South1,79709.691,120113.824,40404.132,
IOAG-North1 - IOAG-South1,122907.878,163312.004,40404.126,
IOAG-North1 - IOAG-South1,166106.064,206510.184,40404.120,
IOAG-North1 - IOAG-South1,209304.250,249708.364,40404.114,
IOAG-North1 - IOAG-South1,252502.436,292906.545,40404.108,
IOAG-North1 - IOAG-South1,295700.623,336104.725,40404.102,
IOAG-North1 - IOAG-South1,338898.809,379302.905,40404.096,
IOAG-North1 - IOAG-South1,382096.995,422501.086,40404.090,
IOAG-North1 - IOAG-South1,425295.182,465699.266,40404.084,
IOAG-North1 - IOAG-South1,468493.368,508897.446,40404.078,
IOAG-North1 - IOAG-South1,511691.554,552095.626,40404.072,
IOAG-North1 - IOAG-South1,554889.741,595293.807,40404.066,
IOAG-North1 - IOAG-South1,598087.927,638491.987,40404.060,
IOAG-North1 - IOAG-South1,641286.113,681690.167,40404.054,
IOAG-North1 - IOAG-South1,684484.300,724888.348,40404.048,
IOAG-North1 - IOAG-South1,727682.486,768086.528,40404.042,
IOAG-North1 - IOAG-South1,770880.672,811284.708,40404.036,
IOAG-North1 - IOAG-South1,814078.859,854482.888,40404.029,
IOAG-North1 - IOAG-South1,857277.045,897681.069,40404.023,
IOAG-North1 - IOAG-South1,900475.232,940879.249,40404.017,
IOAG-North1 - IOAG-South1,943673.418,984077.429,40404.011,
IOAG-North1 - IOAG-South1,986871.604,1027275.609,40404.005,
IOAG-North1 - IOAG-South1,1030069.791,1070473.790,40403.999,
IOAG-North1 - IOAG-South1,1073267.977,1113671.970,40403.993,
IOAG-North1 - IOAG-South1,1116466.163,1156870.150,40403.987,
IOAG-North1 - IOAG-South1,1159664.350,1200068.330,40403.980,
IOAG-North1 - IOAG-South1,1202862.536,1243266.510,40403.974,
IOAG-North1 - IOAG-South1,1246060.722,1286464.691,40403.968,
IOAG-North1 - IOAG-South1,1289258.909,1329662.871,40403.962,
IOAG-North1 - IOAG-South1,1332457.095,1372861.051,40403.956,
IOAG-North1 - IOAG-South1,1375655.282,1416059.231,40403.950,
IOAG-North1 - IOAG-South1,1418853.468,1459257.412,40403.944,
IOAG-North1 - IOAG-South1,1462051.654,1502455.592,40403.937,
IOAG-North1 - IOAG-South1,1505249.841,1545653.772,40403.931,
IOAG-North1 - IOAG-South1,1548448.027,1588851.952,40403.925,
IOAG-North1 - IOAG-South1,1591646.214,1632050.132,40403.919,
IOAG-North1 - IOAG-South1,1634844.400,1675248.313,40403.913,
IOAG-North1 - IOAG-South1,1678042.586,1718446.493,40403.906,
IOAG-North1 - IOAG-South1,1721240.773,1761644.673,40403.900,
IOAG-North1 - IOAG-South1,1764438.959,1804842.853,40403.894,
IOAG-North1 - IOAG-South1,1807637.146,1848041.033,40403.888,
IOAG-North1 - IOAG-South1,1850835.332,1891239.214,40403.882,
IOAG-North1 - IOAG-South1,1894033.518,1934437.394,40403.875,
IOAG-North1 - IOAG-South1,1937231.705,1977635.574,40403.869,
IOAG-North1 - IOAG-South1,1980429.891,2020833.754,40403.863,
IOAG-North1 - IOAG-South1,2023628.078,2064031.934,40403.857,
IOAG-North1 - IOAG-South1,2066826.264,2107230.114,40403.850,
IOAG-North1 - IOAG-South1,2110024.451,2150428.295,40403.844,
IOAG-North1 - IOAG-South1,2153222.637,2193626.475,40403.838,
IOAG-North1 - IOAG-South1,2196420.823,2236824.655,40403.832,
IOAG-North1 - IOAG-South1,2239619.010,2280022.835,40403.825,
IOAG-North1 - IOAG-South1,2282817.196,2323221.015,40403.819,
IOAG-North1 - IOAG-South1,2326015.383,2366419.195,40403.813,
IOAG-North1 - IOAG-South1,2369213.569,2409617.376,40403.806,
IOAG-North1 - IOAG-South1,2412411.756,2452815.556,40403.800,
IOAG-North1 - IOAG-South1,2455609.942,2496013.736,40403.794,
IOAG-North1 - IOAG-South1,2498808.128,2539211.916,40403.788,
IOAG-North1 - IOAG-South1,2542006.315,2582410.096,40403.781,
IOAG-North1 - IOAG-South1,2585204.501,2592000.000,6795.499,
IOAG-North1 - IOAG-South2,0.000,18821.625,18821.625,
IOAG-North1 - IOAG-South2,28164.679,62019.226,33854.547,
IOAG-North1 - IOAG-South2,71361.971,105216.827,33854.856,
IOAG-North1 - IOAG-South2,114559.262,148414.428,33855.166,
IOAG-North1 - IOAG-South2,157756.553,191612.029,33855.476,
IOAG-North1 - IOAG-South2,200953.844,234809.631,33855.787,
IOAG-North1 - IOAG-South2,244151.135,278007.233,33856.098,
IOAG-North1 - IOAG-South2,287348.426,321204.834,33856.409,
IOAG-North1 - IOAG-South2,330545.717,364402.436,33856.720,
IOAG-North1 - IOAG-South2,373743.007,407600.038,33857.031,
IOAG-North1 - IOAG-South2,416940.298,450797.641,33857.343,
IOAG-North1 - IOAG-South2,460137.588,493995.243,33857.655,
IOAG-North1 - IOAG-South2,503334.878,537192.845,33857.967,
IOAG-North1 - IOAG-South2,546532.168,580390.448,33858.280,
IOAG-North1 - IOAG-South2,589729.458,623588.051,33858.592,
IOAG-North1 - IOAG-South2,632926.748,666785.653,33858.905,
IOAG-North1 - IOAG-South2,676124.038,709983.256,33859.219,
IOAG-North1 - IOAG-South2,719321.327,753180.859,33859.532,
IOAG-North1 - IOAG-South2,762518.617,796378.463,33859.846,
IOAG-North1 - IOAG-South2,805715.906,839576.066,33860.160,
IOAG-North1 - IOAG-South2,848913.195,882773.669,33860.475,
IOAG-North1 - IOAG-South2,892110.484,925971.273,33860.789,
IOAG-North1 - IOAG-South2,935307.773,969168.877,33861.104,
IOAG-North1 - IOAG-South2,978505.062,1012366.481,33861.419,
IOAG-North1 - IOAG-South2,1021702.350,1055564.085,33861.734,
IOAG-North1 - IOAG-South2,1064899.639,1098761.689,33862.050,
IOAG-North1 - IOAG-South2,1108096.927,1141959.293,33862.366,
IOAG-North1 - IOAG-South2,1151294.215,1185156.898,33862.682,
IOAG-North1 - IOAG-South2,1194491.504,1228354.502,33862.998,
IOAG-North1 - IOAG-South2,1237688.792,1271552.107,33863.315,
IOAG-North1 - IOAG-South2,1280886.079,1314749.711,33863.632,
IOAG-North1 - IOAG-South2,1324083.367,1357947.316,33863.949,
IOAG-North1 - IOAG-South2,1367280.655,1401144.921,33864.267,
IOAG-North1 - IOAG-South2,1410477.942,1444342.527,33864.584,
IOAG-North1 - IOAG-South2,1453675.230,1487540.132,33864.902,
IOAG-North1 - IOAG-South2,1496872.517,1530737.737,33865.221,
IOAG-North1 - IOAG-South2,1540069.804,1573935.343,33865.539,
IOAG-North1 - IOAG-South2,1583267.091,1617132.949,33865.858,
IOAG-North1 - IOAG-South2,1626464.378,1660330.554,33866.177,
IOAG-North1 - IOAG-South2,1669661.664,1703528.160,33866.496,
IOAG-North1 - IOAG-South2,1712858.951,1746725.767,33866.815,
IOAG-North1 - IOAG-South2,1756056.237,1789923.373,33867.135,
IOAG-North1 - IOAG-South2,1799253.524,1833120.979,33867.455,
IOAG-North1 - IOAG-South2,1842450.810,1876318.586,33867.776,
IOAG-North1 - IOAG-South2,1885648.096,1919516.192,33868.096,
IOAG-North1 - IOAG-South2,1928845.382,1962713.799,33868.417,
IOAG-North1 - IOAG-South2,1972042.668,2005911.406,33868.738,
IOAG-North1 - IOAG-South2,2015239.954,2049109.013,33869.059,
IOAG-North1 - IOAG-South2,2058437.239,2092306.620,33869.381,
IOAG-North1 - IOAG-South2,2101634.525,2135504.227,33869.703,
IOAG-North1 - IOAG-South2,2144831.810,2178701.835,33870.025,
IOAG-North1 - IOAG-South2,2188029.095,2221899.442,33870.347,
IOAG-North1 - IOAG-South2,2231226.380,2265097.050,33870.670,
IOAG-North1 - IOAG-South2,2274423.665,2308294.658,33870.993,
IOAG-North1 - IOAG-South2,2317620.950,2351492.266,33871.316,
IOAG-North1 - IOAG-South2,2360818.234,2394689.874,33871.639,
IOAG-North1 - IOAG-South2,2404015.519,2437887.482,33871.963,
IOAG-North1 - IOAG-South2,2447212.803,2481085.090,33872.287,
IOAG-North1 - IOAG-South2,2490410.088,2524282.698,33872.611,
IOAG-North1 - IOAG-South2,2533607.372,2567480.307,33872.935,
IOAG-North1 - IOAG-South2,2576804.656,2592000.000,15195.344,
IOAG-North2 - IOAG-South1,6566.033,40420.425,33854.392,
IOAG-North2 - IOAG-South1,49763.325,83618.026,33854.701,
IOAG-North2 - IOAG-South1,92960.616,126815.627,33855.011,
IOAG-North2 - IOAG-South1,136157.907,170013.229,33855.321,
IOAG-North2 - IOAG-South1,179355.199,213210.830,33855.632,
IOAG-North2 - IOAG-South1,222552.490,256408.432,33855.942,
IOAG-North2 - IOAG-South1,265749.781,299606.034,33856.253,
IOAG-North2 - IOAG-South1,308947.071,342803.635,33856.564,
IOAG-North2 - IOAG-South1,352144.362,386001.237,33856.875,
IOAG-North2 - IOAG-South1,395341.652,429198.839,33857.187,
IOAG-North2 - IOAG-South1,438538.943,472396.442,33857.499,
IOAG-North2 - IOAG-South1,481736.233,515594.044,33857.811,
IOAG-North2 - IOAG-South1,524933.523,558791.647,33858.123,
IOAG-North2 - IOAG-South1,568130.813,601989.249,33858.436,
IOAG-North2 - IOAG-South1,611328.103,645186.852,33858.749,
IOAG-North2 - IOAG-South1,654525.393,688384.455,33859.062,
IOAG-North2 - IOAG-South1,697722.682,731582.058,33859.376,
IOAG-North2 - IOAG-South1,740919.972,774779.661,33859.689,
IOAG-North2 - IOAG-South1,784117.261,817977.264,33860.003,
IOAG-North2 - IOAG-South1,827314.550,861174.868,33860.317,
IOAG-North2 - IOAG-South1,870511.839,904372.471,33860.632,
IOAG-North2 - IOAG-South1,913709.128,947570.075,33860.947,
IOAG-North2 - IOAG-South1,956906.417,990767.679,33861.261,
IOAG-North2 - IOAG-South1,1000103.706,1033965.283,33861.577,
IOAG-North2 - IOAG-South1,1043300.995,1077162.887,33861.892,
IOAG-North2 - IOAG-South1,1086498.283,1120360.491,33862.208,
IOAG-North2 - IOAG-South1,1129695.571,1163558.095,33862.524,
IOAG-North2 - IOAG-South1,1172892.859,1206755.700,33862.840,
IOAG-North2 - IOAG-South1,1216090.148,1249953.304,33863.157,
IOAG-North2 - IOAG-South1,1259287.435,1293150.909,33863.474,
IOAG-North2 - IOAG-South1,1302484.723,1336348.514,33863.791,
IOAG-North2 - IOAG-South1,1345682.011,1379546.119,33864.108,
IOAG-North2 - IOAG-South1,1388879.299,1422743.724,33864.426,
IOAG-North2 - IOAG-South1,1432076.586,1465941.329,33864.743,
IOAG-North2 - IOAG-South1,1475273.873,1509138.935,33865.061,
IOAG-North2 - IOAG-South1,1518471.160,1552336.540,33865.380,
IOAG-North2 - IOAG-South1,1561668.447,1595534.146,33865.698,
IOAG-North2 - IOAG-South1,1604865.734,1638731.752,33866.017,
IOAG-North2 - IOAG-South1,1648063.021,1681929.357,33866.336,
IOAG-North2 - IOAG-South1,1691260.308,1725126.963,33866.656,
IOAG-North2 - IOAG-South1,1734457.594,1768324.570,33866.975,
IOAG-North2 - IOAG-South1,1777654.881,1811522.176,33867.295,
IOAG-North2 - IOAG-South1,1820852.167,1854719.782,33867.615,
IOAG-North2 - IOAG-South1,1864049.453,1897917.389,33867.936,
IOAG-North2 - IOAG-South1,1907246.739,1941114.996,33868.256,
IOAG-North2 - IOAG-South1,1950444.025,1984312.602,33868.577,
IOAG-North2 - IOAG-South1,1993641.311,2027510.209,33868.899,
IOAG-North2 - IOAG-South1,2036838.596,2070707.816,33869.220,
IOAG-North2 - IOAG-South1,2080035.882,2113905.424,33869.542,
IOAG-North2 - IOAG-South1,2123233.167,2157103.031,33869.864,
IOAG-North2 - IOAG-South1,2166430.452,2200300.638,33870.186,
IOAG-North2 - IOAG-South1,2209627.738,2243498.246,33870.508,
IOAG-North2 - IOAG-South1,2252825.023,2286695.854,33870.831,
IOAG-North2 - IOAG-South1,2296022.307,2329893.462,33871.154,
IOAG-North2 - IOAG-South1,2339219.592,2373091.070,33871.477,
IOAG-North2 - IOAG-South1,2382416.877,2416288.678,33871.801,
IOAG-North2 - IOAG-South1,2425614.161,2459486.286,33872.125,
IOAG-North2 - IOAG-South1,2468811.446,2502683.894,33872.449,
IOAG-North2 - IOAG-South1,2512008.730,2545881.503,33872.773,
IOAG-North2 - IOAG-South1,2555206.014,2589079.111,33873.097,
IOAG-North2 - IOAG-South2,0.000,12118.373,12118.373,
IOAG-North2 - IOAG-South2,14912.412,55316.553,40404.141,
IOAG-North2 - IOAG-South2,58110.598,98514.733,40404.135,
IOAG-North2 - IOAG-South2,101308.784,141712.914,40404.129,
IOAG-North2 - IOAG-South2,144506.971,184911.094,40404.123,
IOAG-North2 - IOAG-South2,187705.157,228109.274,40404.117,
IOAG-North2 - IOAG-South2,230903.343,271307.455,40404.111,
IOAG-North2 - IOAG-South2,274101.530,314505.635,40404.105,
IOAG-North2 - IOAG-South2,317299.716,357703.815,40404.099,
IOAG-North2 - IOAG-South2,360497.902,400901.995,40404.093,
IOAG-North2 - IOAG-South2,403696.089,444100.176,40404.087,
IOAG-North2 - IOAG-South2,446894.275,487298.356,40404.081,
IOAG-North2 - IOAG-South2,490092.461,530496.536,40404.075,
IOAG-North2 - IOAG-South2,533290.648,573694.717,40404.069,
IOAG-North2 - IOAG-South2,576488.834,616892.897,40404.063,
IOAG-North2 - IOAG-South2,619687.020,660091.077,40404.057,
IOAG-North2 - IOAG-South2,662885.207,703289.257,40404.051,
IOAG-North2 - IOAG-South2,706083.393,746487.438,40404.045,
IOAG-North2 - IOAG-South2,749281.579,789685.618,40404.039,
IOAG-North2 - IOAG-South2,792479.766,832883.798,40404.032,
IOAG-North2 - IOAG-South2,835677.952,876081.978,40404.026,
IOAG-North2 - IOAG-South2,878876.138,919280.159,40404.020,
IOAG-North2 - IOAG-South2,922074.325,962478.339,40404.014,
IOAG-North2 - IOAG-South2,965272.511,1005676.519,40404.008,
IOAG-North2 - IOAG-South2,1008470.697,1048874.699,40404.002,
IOAG-North2 - IOAG-South2,1051668.884,1092072.880,40403.996,
IOAG-North2 - IOAG-South2,1094867.070,1135271.060,40403.990,
IOAG-North2 - IOAG-South2,1138065.257,1178469.240,40403.984,
IOAG-North2 - IOAG-South2,1181263.443,1221667.420,40403.977,
IOAG-North2 - IOAG-South2,1224461.629,1264865.601,40403.971,
IOAG-North2 - IOAG-South2,1267659.816,1308063.781,40403.965,
IOAG-North2 - IOAG-South2,1310858.002,1351261.961,40403.959,
IOAG-North2 - IOAG-South2,1354056.188,1394460.141,40403.953,
IOAG-North2 - IOAG-South2,1397254.375,1437658.321,40403.947,
IOAG-North2 - IOAG-South2,1440452.561,1480856.502,40403.940,
IOAG-North2 - IOAG-South2,1483650.748,1524054.682,40403.934,
IOAG-North2 - IOAG-South2,1526848.934,1567252.862,40403.928,
IOAG-North2 - IOAG-South2,1570047.120,1610451.042,40403.922,
IOAG-North2 - IOAG-South2,1613245.307,1653649.222,40403.916,
IOAG-North2 - IOAG-South2,1656443.493,1696847.403,40403.910,
IOAG-North2 - IOAG-South2,1699641.680,1740045.583,40403.903,
IOAG-North2 - IOAG-South2,1742839.866,1783243.763,40403.897,
IOAG-North2 - IOAG-South2,1786038.052,1826441.943,40403.891,
IOAG-North2 - IOAG-South2,1829236.239,1869640.123,40403.885,
IOAG-North2 - IOAG-South2,1872434.425,1912838.304,40403.878,
IOAG-North2 - IOAG-South2,1915632.612,1956036.484,40403.872,
IOAG-North2 - IOAG-South2,1958830.798,1999234.664,40403.866,
IOAG-North2 - IOAG-South2,2002028.984,2042432.844,40403.860,
IOAG-North2 - IOAG-South2,2045227.171,2085631.024,40403.853,
IOAG-North2 - IOAG-South2,2088425.357,2128829.205,40403.847,
IOAG-North2 - IOAG-South2,2131623.544,2172027.385,40403.841,
IOAG-North2 - IOAG-South2,2174821.730,2215225.565,40403.835,
IOAG-North2 - IOAG-South2,2218019.917,2258423.745,40403.828,
IOAG-North2 - IOAG-South2,2261218.103,2301621.925,40403.822,
IOAG-North2 - IOAG-South2,2304416.289,2344820.105,40403.816,
IOAG-North2 - IOAG-South2,2347614.476,2388018.285,40403.810,
IOAG-North2 - IOAG-South2,2390812.662,2431216.466,40403.803,
IOAG-North2 - IOAG-South2,2434010.849,2474414.646,40403.797,
IOAG-North2 - IOAG-South2,2477209.035,2517612.826,40403.791,
IOAG-North2 - IOAG-South2,2520407.222,2560811.006,40403.784,
IOAG-North2 - IOAG-South2,2563605.408,2592000.000,28394.592,
IOAG-South1 - IOAG-South2,0.000,12247.693,12247.693,
IOAG-South1 - IOAG-South2,14976.986,33846.828,18869.842,
IOAG-South1 - IOAG-South2,36576.121,55445.964,18869.843,
IOAG-South1 - IOAG-South2,58175.256,77045.099,18869.843,
IOAG-South1 - IOAG-South2,79774.391,98644.234,18869.843,
IOAG-South1 - IOAG-South2,101373.527,120243.369,18869.843,
IOAG-South1 - IOAG-South2,122972.662,141842.504,18869.843,
IOAG-South1 - IOAG-South2,144571.797,163441.639,18869.842,
IOAG-South1 - IOAG-South2,166170.932,185040.775,18869.842,
IOAG-South1 - IOAG-South2,187770.067,206639.910,18869.842,
IOAG-South1 - IOAG-South2,209369.203,228239.045,18869.843,
IOAG-South1 - IOAG-South2,230968.338,249838.180,18869.843,
IOAG-South1 - IOAG-South2,252567.473,271437.315,18869.843,
IOAG-South1 - IOAG-South2,274166.608,293036.451,18869.843,
IOAG-South1 - IOAG-South2,295765.743,314635.586,18869.843,
IOAG-South1 - IOAG-South2,317364.878,336234.721,18869.842,
IOAG-South1 - IOAG-South2,338964.014,357833.856,18869.842,
IOAG-South1 - IOAG-South2,360563.149,379432.991,18869.842,
IOAG-South1 - IOAG-South2,382162.284,401032.127,18869.843,
IOAG-South1 - IOAG-South2,403761.419,422631.262,18869.843,
IOAG-South1 - IOAG-South2,425360.554,444230.397,18869.843,
IOAG-South1 - IOAG-South2,446959.690,465829.532,18869.843,
IOAG-South1 - IOAG-South2,468558.825,487428.667,18869.843,
IOAG-South1 - IOAG-South2,490157.960,509027.802,18869.842,
IOAG-South1 - IOAG-South2,511757.095,530626.938,18869.842,
IOAG-South1 - IOAG-South2,533356.230,552226.073,18869.842,
IOAG-South1 - IOAG-South2,554955.366,573825.208,18869.843,
IOAG-South1 - IOAG-South2,576554.501,595424.343,18869.843,
IOAG-South1 - IOAG-South2,598153.636,617023.478,18869.843,
IOAG-South1 - IOAG-South2,619752.771,638622.614,18869.843,
IOAG-South1 - IOAG-South2,641351.906,660221.749,18869.843,
IOAG-South1 - IOAG-South2,662951.042,681820.884,18869.842,
IOAG-South1 - IOAG-South2,684550.177,703420.019,18869.842,
IOAG-South1 - IOAG-South2,706149.312,725019.154,18869.842,
IOAG-South1 - IOAG-South2,727748.447,746618.290,18869.843,
IOAG-South1 - IOAG-South2,749347.582,768217.425,18869.843,
IOAG-South1 - IOAG-South2,770946.717,789816.560,18869.843,
IOAG-South1 - IOAG-South2,792545.853,811415.695,18869.843,
IOAG-South1 - IOAG-South2,814144.988,833014.830,18869.843,
IOAG-South1 - IOAG-South2,835744.123,854613.966,18869.842,
IOAG-South1 - IOAG-South2,857343.258,876213.101,18869.842,
IOAG-South1 - IOAG-South2,878942.393,897812.236,18869.842,
IOAG-South1 - IOAG-South2,900541.529,919411.371,18869.843,
IOAG-South1 - IOAG-South2,922140.664,941010.506,18869.843,
IOAG-South1 - IOAG-South2,943739.799,962609.641,18869.843,
IOAG-South1 - IOAG-South2,965338.934,984208.777,18869.843,
IOAG-South1 - IOAG-South2,986938.069,1005807.912,18869.843,
IOAG-South1 - IOAG-South2,1008537.205,1027407.047,18869.842,
IOAG-South1 - IOAG-South2,1030136.340,1049006.182,18869.842,
IOAG-South1 - IOAG-South2,1051735.475,1070605.317,18869.842,
IOAG-South1 - IOAG-South2,1073334.610,1092204.453,18869.843,
IOAG-South1 - IOAG-South2,1094933.745,1113803.588,18869.843,
IOAG-South1 - IOAG-South2,1116532.881,1135402.723,18869.843,
IOAG-South1 - IOAG-South2,1138132.016,1157001.858,18869.843,
IOAG-South1 - IOAG-South2,1159731.151,1178600.993,18869.843,
IOAG-South1 - IOAG-South2,1181330.286,1200200.129,18869.842,
IOAG-South1 - IOAG-South2,1202929.421,1221799.264,18869.842,
IOAG-South1 - IOAG-South2,1224528.556,1243398.399,18869.842,
IOAG-South1 - IOAG-South2,1246127.692,1264997.534,18869.843,
IOAG-South1 - IOAG-South2,1267726.827,1286596.669,18869.843,
IOAG-South1 - IOAG-South2,1289325.962,1308195.805,18869.843,
IOAG-South1 - IOAG-South2,1310925.097,1329794.940,18869.843,
IOAG-South1 - IOAG-South2,1332524.232,1351394.075,18869.843,
IOAG-South1 - IOAG-South2,1354123.368,1372993.210,18869.842,
IOAG-South1 - IOAG-South2,1375722.503,1394592.345,18869.842,
IOAG-South1 - IOAG-South2,1397321.638,1416191.480,18869.842,
IOAG-South1 - IOAG-South2,1418920.773,1437790.616,18869.843,
IOAG-South1 - IOAG-South2,1440519.908,1459389.751,18869.843,
IOAG-South1 - IOAG-South2,1462119.044,1480988.886,18869.843,
IOAG-South1 - IOAG-South2,1483718.179,1502588.021,18869.843,
IOAG-South1 - IOAG-South2,1505317.314,1524187.156,18869.843,
IOAG-South1 - IOAG-South2,1526916.449,1545786.292,18869.842,
IOAG-South1 - IOAG-South2,1548515.584,1567385.427,18869.842,
IOAG-South1 - IOAG-South2,1570114.720,1588984.562,18869.842,
IOAG-South1 - IOAG-South2,1591713.855,1610583.697,18869.843,
IOAG-South1 - IOAG-South2,1613312.990,1632182.832,18869.843,
IOAG-South1 - IOAG-South2,1634912.125,1653781.968,18869.843,
IOAG-South1 - IOAG-South2,1656511.260,1675381.103,18869.843,
IOAG-South1 - IOAG-South2,1678110.395,1696980.238,18869.843,
IOAG-South1 - IOAG-South2,1699709.531,1718579.373,18869.842,
IOAG-South1 - IOAG-South2,1721308.666,1740178.508,18869.842,
IOAG-South1 - IOAG-South2,1742907.801,1761777.644,18869.842,
IOAG-South1 - IOAG-South2,1764506.936,1783376.779,18869.842,
IOAG-South1 - IOAG-South2,1786106.071,1804975.914,18869.843,
IOAG-South1 - IOAG-South2,1807705.207,1826575.049,18869.843,
IOAG-South1 - IOAG-South2,1829304.342,1848174.184,18869.843,
IOAG-South1 - IOAG-South2,1850903.477,1869773.319,18869.843,
IOAG-South1 - IOAG-South2,1872502.612,1891372.455,18869.842,
IOAG-South1 - IOAG-South2,1894101.747,1912971.590,18869.842,
IOAG-South1 - IOAG-South2,1915700.883,1934570.725,18869.842,
IOAG-South1 - IOAG-South2,1937300.018,1956169.860,18869.842,
IOAG-South1 - IOAG-South2,1958899.153,1977768.995,18869.843,
IOAG-South1 - IOAG-South2,1980498.288,1999368.131,18869.843,
IOAG-South1 - IOAG-South2,2002097.423,2020967.266,18869.843,
IOAG-South1 - IOAG-South2,2023696.559,2042566.401,18869.843,
IOAG-South1 - IOAG-South2,2045295.694,2064165.536,18869.842,
IOAG-South1 - IOAG-South2,2066894.829,2085764.671,18869.842,
IOAG-South1 - IOAG-South2,2088493.964,2107363.807,18869.842,
IOAG-South1 - IOAG-South2,2110093.099,2128962.942,18869.842,
IOAG-South1 - IOAG-South2,2131692.234,2150562.077,18869.843,
IOAG-South1 - IOAG-South2,2153291.370,2172161.212,18869.843,
IOAG-South1 - IOAG-South2,2174890.505,2193760.347,18869.843,
IOAG-South1 - IOAG-South2,2196489.640,2215359.483,18869.843,
IOAG-South1 - IOAG-South2,2218088.775,2236958.618,18869.842,
IOAG-South1 - IOAG-South2,2239687.910,2258557.753,18869.842,
IOAG-South1 - IOAG-South2,2261287.046,2280156.888,18869.842,
IOAG-South1 - IOAG-South2,2282886.181,2301756.023,18869.842,
IOAG-South1 - IOAG-South2,2304485.316,2323355.158,18869.843,
IOAG-South1 - IOAG-South2,2326084.451,2344954.294,18869.843,
IOAG-South1 - IOAG-South2,2347683.586,2366553.429,18869.843,
IOAG-South1 - IOAG-South2,2369282.722,2388152.564,18869.843,
IOAG-South1 - IOAG-South2,2390881.857,2409751.699,18869.842,
IOAG-South1 - IOAG-South2,2412480.992,2431350.834,18869.842,
IOAG-South1 - IOAG-South2,2434080.127,2452949.970,18869.842,
IOAG-South1 - IOAG-South2,2455679.262,2474549.105,18869.842,
IOAG-South1 - IOAG-South2,2477278.398,2496148.240,18869.843,
IOAG-South1 - IOAG-South2,2498877.533,2517747.375,18869.843,
IOAG-South1 - IOAG-South2,2520476.668,2539346.510,18869.843,
IOAG-South1 - IOAG-South2,2542075.803,2560945.646,18869.843,
IOAG-South1 - IOAG-South2,2563674.938,2582544.781,18869.842,
IOAG-South1 - IOAG-South2,2585274.073,2592000.000,6725.927,
Analysis,Time True,Time False,Percent True,Interval Count,
THEMIS D - IOAG-Equatorial,2336515.862,255484.138,90.1434%,64,
THEMIS D - IOAG-North1,2530847.280,61152.720,97.6407%,18,
THEMIS D - IOAG-North2,2530453.442,61546.558,97.6255%,19,
THEMIS D - IOAG-South1,2525822.508,66177.492,97.4469%,24,
THEMIS D - IOAG-South2,2525372.037,66627.963,97.4295%,24,
IOAG-Equatorial - IOAG-North1,2592000.000,0.000,100.0000%,1,
IOAG-Equatorial - IOAG-North2,2592000.000,0.000,100.0000%,1,
IOAG-Equatorial - IOAG-South1,2271705.483,320294.517,87.6430%,61,
IOAG-Equatorial - IOAG-South2,2464515.833,127484.167,95.0816%,61,
IOAG-North1 - IOAG-North2,2264484.877,327515.123,87.3644%,121,
IOAG-North1 - IOAG-South1,2424346.676,167653.324,93.5319%,61,
IOAG-North1 - IOAG-South2,2031973.476,560026.524,78.3940%,61,
IOAG-North2 - IOAG-South1,2031820.254,560179.746,78.3881%,60,
IOAG-North2 - IOAG-South2,2424346.860,167653.140,93.5319%,61,
IOAG-South1 - IOAG-South2,2264484.877,327515.123,87.3644%,121,
