starlink_2023_12_13 Contact Analysis.csv
2023/12/12 01:41:00.0000 UTC

Generated: Tue Dec 12 14:22:32 2023,
Start: 2023/12/12 01:41:00.00, Stop: 2024/12/11 01:41:00.00,
Analysis,Rise,Set,Duration,
ID,SECONDS,SECONDS,SECONDS,
STARLINK-1408 - STARLINK-3877,6854.915,7741.996,887.081,
STARLINK-1408 - STARLINK-3877,20856.147,21622.736,766.590,
STARLINK-1408 - STARLINK-3877,107465.460,108048.993,583.533,
STARLINK-1408 - STARLINK-3877,118450.342,119372.516,922.175,
STARLINK-1408 - STARLINK-3877,219025.396,219714.361,688.965,
STARLINK-1408 - STARLINK-3877,230065.271,230981.468,916.197,
STARLINK-1408 - STARLINK-3877,330585.150,331375.600,790.450,
STARLINK-1408 - STARLINK-3877,341676.772,342589.369,912.597,
STARLINK-1408 - STARLINK-3877,442168.718,443010.139,841.421,
STARLINK-1408 - STARLINK-3877,453308.559,454175.459,866.900,
STARLINK-1408 - STARLINK-3877,553749.741,554642.777,893.036,
STARLINK-1408 - STARLINK-3877,564938.075,565759.405,821.331,
STARLINK-1408 - STARLINK-3877,665351.637,666252.166,900.528,
STARLINK-1408 - STARLINK-3877,676590.979,677318.932,727.954,
STARLINK-1408 - STARLINK-3877,763159.930,763767.941,608.010,
STARLINK-1408 - STARLINK-3877,776951.518,777859.112,907.594,
STARLINK-1408 - STARLINK-3877,788245.047,788872.848,627.801,
STARLINK-1408 - STARLINK-3877,874699.274,875434.322,735.048,
STARLINK-1408 - STARLINK-3877,888572.499,889443.263,870.764,
STARLINK-1408 - STARLINK-3877,899937.052,900388.121,451.070,
STARLINK-1408 - STARLINK-3877,986266.653,987069.434,802.781,
STARLINK-1408 - STARLINK-3877,1000192.645,1001023.830,831.185,
STARLINK-1408 - STARLINK-3877,1086902.168,1087323.229,421.060,
STARLINK-1408 - STARLINK-3877,1097833.924,1098700.278,866.354,
STARLINK-1408 - STARLINK-3877,1111836.546,1112579.597,743.052,
STARLINK-1408 - STARLINK-3877,1198418.406,1199004.285,585.880,
STARLINK-1408 - STARLINK-3877,1209423.675,1210306.039,882.364,
STARLINK-1408 - STARLINK-3877,1223482.987,1224128.364,645.376,
STARLINK-1408 - STARLINK-3877,1309947.211,1310668.695,721.484,
STARLINK-1408 - STARLINK-3877,1321013.401,1321907.365,893.964,
STARLINK-1408 - STARLINK-3877,1335166.307,1335639.639,473.332,
STARLINK-1408 - STARLINK-3877,1421505.940,1422299.811,793.871,
STARLINK-1408 - STARLINK-3877,1432625.380,1433484.680,859.300,
STARLINK-1408 - STARLINK-3877,1533066.422,1533924.778,858.355,
STARLINK-1408 - STARLINK-3877,1544238.663,1545056.249,817.586,
STARLINK-1408 - STARLINK-3877,1644650.296,1645523.734,873.437,
STARLINK-1408 - STARLINK-3877,1655877.000,1656601.803,724.803,
STARLINK-1408 - STARLINK-3877,1756235.889,1757116.474,880.584,
STARLINK-1408 - STARLINK-3877,1767521.075,1768137.125,616.050,
STARLINK-1408 - STARLINK-3877,1853953.501,1854695.122,741.621,
STARLINK-1408 - STARLINK-3877,1867844.690,1868684.356,839.665,
STARLINK-1408 - STARLINK-3877,1954629.789,1954883.830,254.041,
STARLINK-1408 - STARLINK-3877,1965507.540,1966314.923,807.383,
STARLINK-1408 - STARLINK-3877,1979456.871,1980244.389,787.518,
STARLINK-1408 - STARLINK-3877,2066076.677,2066609.202,532.525,
STARLINK-1408 - STARLINK-3877,2077065.318,2077926.466,861.148,
STARLINK-1408 - STARLINK-3877,2091095.948,2091776.723,680.774,
STARLINK-1408 - STARLINK-3877,2177593.404,2178260.891,667.487,
STARLINK-1408 - STARLINK-3877,2188647.163,2189511.542,864.379,
STARLINK-1408 - STARLINK-3877,2202745.449,2203294.111,548.662,
STARLINK-1408 - STARLINK-3877,2289120.560,2289897.760,777.201,
STARLINK-1408 - STARLINK-3877,2300233.147,2301087.916,854.769,
STARLINK-1408 - STARLINK-3877,2400675.546,2401503.681,828.135,
STARLINK-1408 - STARLINK-3877,2411843.747,2412638.354,794.607,
STARLINK-1408 - STARLINK-3877,2512235.821,2513099.660,863.839,
STARLINK-1408 - STARLINK-3877,2523461.250,2524177.393,716.143,
STARLINK-1408 - STARLINK-3877,2609979.922,2610630.065,650.143,
STARLINK-1408 - STARLINK-3877,2623820.626,2624669.076,848.449,
STARLINK-1408 - STARLINK-3877,2635110.643,2635684.012,573.369,
STARLINK-1408 - STARLINK-3877,2721506.678,2722255.310,748.632,
STARLINK-1408 - STARLINK-3877,2735411.880,2736227.452,815.572,
STARLINK-1408 - STARLINK-3877,2746787.007,2747159.111,372.105,
STARLINK-1408 - STARLINK-3877,2822086.033,2822517.728,431.695,
STARLINK-1408 - STARLINK-3877,2833042.205,2833867.070,824.865,
STARLINK-1408 - STARLINK-3877,2847029.556,2847758.455,728.899,
STARLINK-1408 - STARLINK-3877,2933570.694,2934179.595,608.901,
STARLINK-1408 - STARLINK-3877,2944603.942,2945450.023,846.082,
STARLINK-1408 - STARLINK-3877,2958659.065,2959273.143,614.078,
STARLINK-1408 - STARLINK-3877,3045076.268,3045815.905,739.638,
STARLINK-1408 - STARLINK-3877,3056173.354,3057020.546,847.192,
STARLINK-1408 - STARLINK-3877,3156613.097,3157417.818,804.721,
STARLINK-1408 - STARLINK-3877,3167768.377,3168564.065,795.688,
STARLINK-1408 - STARLINK-3877,3268159.123,3269005.622,846.498,
STARLINK-1408 - STARLINK-3877,3279374.033,3280092.424,718.391,
STARLINK-1408 - STARLINK-3877,3365886.897,3366531.628,644.731,
STARLINK-1408 - STARLINK-3877,3379731.025,3380565.559,834.534,
STARLINK-1408 - STARLINK-3877,3391012.072,3391587.875,575.803,
STARLINK-1408 - STARLINK-3877,3477400.478,3478147.714,747.235,
STARLINK-1408 - STARLINK-3877,3491313.269,3492110.459,797.189,
STARLINK-1408 - STARLINK-3877,3502683.541,3503045.486,361.945,
STARLINK-1408 - STARLINK-3877,3577944.090,3578425.225,481.135,
STARLINK-1408 - STARLINK-3877,3588926.625,3589746.171,819.546,
STARLINK-1408 - STARLINK-3877,3602923.354,3603626.651,703.297,
STARLINK-1408 - STARLINK-3877,3689424.161,3690069.194,645.034,
STARLINK-1408 - STARLINK-3877,3700480.019,3701315.019,835.000,
STARLINK-1408 - STARLINK-3877,3800925.384,3801686.895,761.511,
STARLINK-1408 - STARLINK-3877,3812045.060,3812867.337,822.277,
STARLINK-1408 - STARLINK-3877,3898756.888,3899091.651,334.763,
STARLINK-1408 - STARLINK-3877,3912457.225,3913271.175,813.951,
STARLINK-1408 - STARLINK-3877,3923637.266,3924391.341,754.076,
STARLINK-1408 - STARLINK-3877,4010199.551,4010763.934,564.383,
STARLINK-1408 - STARLINK-3877,4024001.870,4024837.527,835.657,
STARLINK-1408 - STARLINK-3877,4035246.084,4035894.321,648.236,
STARLINK-1408 - STARLINK-3877,4121680.156,4122393.041,712.884,
STARLINK-1408 - STARLINK-3877,4132771.433,4133601.605,830.171,
STARLINK-1408 - STARLINK-3877,4146895.623,4147356.108,460.485,
STARLINK-1408 - STARLINK-3877,4233195.757,4233984.187,788.430,
STARLINK-1408 - STARLINK-3877,4244348.621,4245130.693,782.072,
STARLINK-1408 - STARLINK-3877,4344726.350,4345555.027,828.677,
STARLINK-1408 - STARLINK-3877,4355942.769,4356638.350,695.581,
STARLINK-1408 - STARLINK-3877,4456284.637,4457096.356,811.719,
STARLINK-1408 - STARLINK-3877,4467572.363,4468109.972,537.609,
STARLINK-1408 - STARLINK-3877,4542994.040,4543306.274,312.234,
STARLINK-1408 - STARLINK-3877,4553919.743,4554683.483,763.741,
STARLINK-1408 - STARLINK-3877,4567859.577,4568616.347,756.770,
STARLINK-1408 - STARLINK-3877,4654409.796,4654985.143,575.347,
STARLINK-1408 - STARLINK-3877,4665438.317,4666256.750,818.433,
STARLINK-1408 - STARLINK-3877,4679465.514,4680104.548,639.034,
STARLINK-1408 - STARLINK-3877,4765888.653,4766597.712,709.059,
STARLINK-1408 - STARLINK-3877,4776985.467,4777799.463,813.996,
STARLINK-1408 - STARLINK-3877,4877389.094,4878183.028,793.935,
STARLINK-1408 - STARLINK-3877,4888550.750,4889319.270,768.520,
STARLINK-1408 - STARLINK-3877,4975117.907,4975662.782,544.875,
STARLINK-1408 - STARLINK-3877,4988919.662,4989735.916,816.254,
STARLINK-1408 - STARLINK-3877,5000146.833,5000807.368,660.535,
STARLINK-1408 - STARLINK-3877,5086585.096,5087277.461,692.365,
STARLINK-1408 - STARLINK-3877,5100469.008,5101264.999,795.991,
STARLINK-1408 - STARLINK-3877,5111774.707,5112259.737,485.031,
STARLINK-1408 - STARLINK-3877,5198077.013,5198861.602,784.589,
STARLINK-1408 - STARLINK-3877,5309600.142,5310412.171,812.028,
STARLINK-1408 - STARLINK-3877,5421143.812,5421937.133,793.321,
STARLINK-1408 - STARLINK-3877,5507766.711,5508210.534,443.822,
STARLINK-1408 - STARLINK-3877,5518747.785,5519528.877,781.092,
STARLINK-1408 - STARLINK-3877,5532718.090,5533430.271,712.181,
STARLINK-1408 - STARLINK-3877,5619203.063,5619840.291,637.228,
STARLINK-1408 - STARLINK-3877,5630265.977,5631074.551,808.574,
STARLINK-1408 - STARLINK-3877,5644321.781,5644890.091,568.310,
STARLINK-1408 - STARLINK-3877,5730674.070,5731429.351,755.280,
STARLINK-1408 - STARLINK-3877,5741806.543,5742592.815,786.272,
STARLINK-1408 - STARLINK-3877,5842179.403,5842981.493,802.091,
STARLINK-1408 - STARLINK-3877,5853378.756,5854078.187,699.431,
STARLINK-1408 - STARLINK-3877,5939844.759,5940499.208,654.449,
STARLINK-1408 - STARLINK-3877,5953708.142,5954504.992,796.850,
STARLINK-1408 - STARLINK-3877,5964983.741,5965527.040,543.299,
STARLINK-1408 - STARLINK-3877,6051314.980,6052079.041,764.060,
STARLINK-1408 - STARLINK-3877,6076668.626,6076895.080,226.454,
STARLINK-1408 - STARLINK-3877,6162819.710,6163621.799,802.089,
STARLINK-1408 - STARLINK-3877,6274349.724,6275134.186,784.462,
STARLINK-1408 - STARLINK-3877,6360946.012,6361412.882,466.870,
STARLINK-1408 - STARLINK-3877,6371939.620,6372716.294,776.674,
STARLINK-1408 - STARLINK-3877,6385912.965,6386611.954,698.988,
STARLINK-1408 - STARLINK-3877,6472371.164,6473027.453,656.288,
STARLINK-1408 - STARLINK-3877,6483446.573,6484246.775,800.202,
STARLINK-1408 - STARLINK-3877,6497512.439,6498049.915,537.476,
STARLINK-1408 - STARLINK-3877,6583833.694,6584598.455,764.761,
STARLINK-1408 - STARLINK-3877,6594980.893,6595745.050,764.157,
STARLINK-1408 - STARLINK-3877,6681525.837,6682067.705,541.868,
STARLINK-1408 - STARLINK-3877,6695332.325,6696130.699,798.374,
STARLINK-1408 - STARLINK-3877,6706550.603,6707206.624,656.021,
STARLINK-1408 - STARLINK-3877,6792961.589,6793661.284,699.696,
STARLINK-1408 - STARLINK-3877,6806859.355,6807629.613,770.258,
STARLINK-1408 - STARLINK-3877,6818165.188,6818620.023,454.835,
STARLINK-1408 - STARLINK-3877,6904431.381,6905214.728,783.347,
STARLINK-1408 - STARLINK-3877,7015937.133,7016729.696,792.563,
STARLINK-1408 - STARLINK-3877,7027185.135,7027775.718,590.583,
STARLINK-1408 - STARLINK-3877,7102588.231,7102933.872,345.641,
STARLINK-1408 - STARLINK-3877,7113538.585,7114279.494,740.909,
STARLINK-1408 - STARLINK-3877,7127473.801,7128209.222,735.421,
STARLINK-1408 - STARLINK-3877,7213964.527,7214573.223,608.696,
STARLINK-1408 - STARLINK-3877,7225018.279,7225812.726,794.448,
STARLINK-1408 - STARLINK-3877,7239050.125,7239647.837,597.712,
STARLINK-1408 - STARLINK-3877,7325406.096,7326143.828,737.732,
STARLINK-1408 - STARLINK-3877,7336534.479,7337307.167,772.688,
STARLINK-1408 - STARLINK-3877,7423097.004,7423593.293,496.289,
STARLINK-1408 - STARLINK-3877,7436881.664,7437674.550,792.886,
STARLINK-1408 - STARLINK-3877,7448085.150,7448763.104,677.954,
STARLINK-1408 - STARLINK-3877,7534504.669,7535190.508,685.839,
STARLINK-1408 - STARLINK-3877,7545597.849,7546388.906,791.057,
STARLINK-1408 - STARLINK-3877,7559683.778,7560169.981,486.203,
STARLINK-1408 - STARLINK-3877,7645961.344,7646735.290,773.946,
STARLINK-1408 - STARLINK-3877,7657128.436,7657859.060,730.623,
STARLINK-1408 - STARLINK-3877,7757451.992,7758240.646,788.653,
STARLINK-1408 - STARLINK-3877,7768699.573,7769285.158,585.585,
STARLINK-1408 - STARLINK-3877,7844071.760,7844457.777,386.018,
STARLINK-1408 - STARLINK-3877,7855038.363,7855784.733,746.371,
STARLINK-1408 - STARLINK-3877,7868981.826,7869704.873,723.047,
STARLINK-1408 - STARLINK-3877,7880346.458,7880634.506,288.049,
STARLINK-1408 - STARLINK-3877,7955447.861,7956075.182,627.321,
STARLINK-1408 - STARLINK-3877,7966512.067,7967301.836,789.769,
STARLINK-1408 - STARLINK-3877,8066878.409,8067631.834,753.425,
STARLINK-1408 - STARLINK-3877,8078021.599,8078778.274,756.675,
STARLINK-1408 - STARLINK-3877,8164534.703,8165095.690,560.987,
STARLINK-1408 - STARLINK-3877,8175569.179,8176352.178,782.999,
STARLINK-1408 - STARLINK-3877,8189574.162,8190210.215,636.053,
STARLINK-1408 - STARLINK-3877,8275947.198,8276665.491,718.292,
STARLINK-1408 - STARLINK-3877,8287063.147,8287838.623,775.477,
STARLINK-1408 - STARLINK-3877,8387401.333,8388187.651,786.318,
STARLINK-1408 - STARLINK-3877,8398596.898,8399281.192,684.294,
STARLINK-1408 - STARLINK-3877,8485009.166,8485692.054,682.888,
STARLINK-1408 - STARLINK-3877,8498898.327,8499664.313,765.985,
STARLINK-1408 - STARLINK-3877,8510184.378,8510669.015,484.637,
STARLINK-1408 - STARLINK-3877,8596449.279,8597223.044,773.765,
STARLINK-1408 - STARLINK-3877,8707929.316,8708708.718,779.402,
STARLINK-1408 - STARLINK-3877,8719188.745,8719738.807,550.062,
STARLINK-1408 - STARLINK-3877,8794495.728,8794956.037,460.309,
STARLINK-1408 - STARLINK-3877,8805490.646,8806251.134,760.488,
STARLINK-1408 - STARLINK-3877,8819454.629,8820147.267,692.638,
STARLINK-1408 - STARLINK-3877,8905870.615,8906543.858,673.242,
STARLINK-1408 - STARLINK-3877,8916958.789,8917743.218,784.430,
STARLINK-1408 - STARLINK-3877,9003563.624,9003945.995,382.372,
STARLINK-1408 - STARLINK-3877,9017298.428,9018072.479,774.050,
STARLINK-1408 - STARLINK-3877,9028469.735,9029187.991,718.256,
STARLINK-1408 - STARLINK-3877,9114910.029,9115554.960,644.930,
STARLINK-1408 - STARLINK-3877,9125982.463,9126769.636,787.173,
STARLINK-1408 - STARLINK-3877,9140034.414,9140578.004,543.590,
STARLINK-1408 - STARLINK-3877,9226327.233,9227088.819,761.586,
STARLINK-1408 - STARLINK-3877,9237482.998,9238219.120,736.122,
STARLINK-1408 - STARLINK-3877,9323945.917,9324557.934,612.017,
STARLINK-1408 - STARLINK-3877,9337789.504,9338571.927,782.423,
STARLINK-1408 - STARLINK-3877,9349034.959,9349613.619,578.659,
STARLINK-1408 - STARLINK-3877,9435347.350,9436099.928,752.578,
STARLINK-1408 - STARLINK-3877,9449301.163,9450003.677,702.514,
STARLINK-1408 - STARLINK-3877,9460694.883,9460899.701,204.818,
STARLINK-1408 - STARLINK-3877,9546801.533,9547585.593,784.060,
STARLINK-1408 - STARLINK-3877,9633397.717,9633781.077,383.360,
STARLINK-1408 - STARLINK-3877,9644363.049,9645103.855,740.806,
STARLINK-1408 - STARLINK-3877,9658303.293,9659019.034,715.741,
STARLINK-1408 - STARLINK-3877,9744730.343,9745383.472,653.129,
STARLINK-1408 - STARLINK-3877,9755806.394,9756592.371,785.976,
STARLINK-1408 - STARLINK-3877,9856138.347,9856905.961,767.614,
STARLINK-1408 - STARLINK-3877,9867301.940,9868026.432,724.493,
STARLINK-1408 - STARLINK-3877,9953737.652,9954376.721,639.069,
STARLINK-1408 - STARLINK-3877,9978856.849,9979397.629,540.780,
STARLINK-1408 - STARLINK-3877,10065135.390,10065901.594,766.204,
STARLINK-1408 - STARLINK-3877,10076295.484,10077024.752,729.268,
STARLINK-1408 - STARLINK-3877,10162732.673,10163368.447,635.775,
STARLINK-1408 - STARLINK-3877,10176589.453,10177366.731,777.278,
STARLINK-1408 - STARLINK-3877,10187845.826,10188394.992,549.165,
STARLINK-1408 - STARLINK-3877,10263126.734,10263606.142,479.407,
STARLINK-1408 - STARLINK-3877,10274127.023,10274891.030,764.007,
STARLINK-1408 - STARLINK-3877,10385575.658,10386353.350,777.693,
STARLINK-1408 - STARLINK-3877,10472106.872,10472593.862,486.990,
STARLINK-1408 - STARLINK-3877,10483109.285,10483875.661,766.376,
STARLINK-1408 - STARLINK-3877,10497082.594,10497755.768,673.174,
STARLINK-1408 - STARLINK-3877,10583451.706,10584156.923,705.216,
STARLINK-1408 - STARLINK-3877,10594556.905,10595333.463,776.558,
STARLINK-1408 - STARLINK-3877,10681080.351,10681576.289,495.938,
STARLINK-1408 - STARLINK-3877,10694862.148,10695647.620,785.472,
STARLINK-1408 - STARLINK-3877,10706063.591,10706727.738,664.146,
STARLINK-1408 - STARLINK-3877,10792420.882,10793135.589,714.707,
STARLINK-1408 - STARLINK-3877,10803531.763,10804305.491,773.728,
STARLINK-1408 - STARLINK-3877,10817655.293,10818037.005,381.711,
STARLINK-1408 - STARLINK-3877,10903832.596,10904619.342,786.747,
STARLINK-1408 - STARLINK-3877,10915040.433,10915692.514,652.080,
STARLINK-1408 - STARLINK-3877,11001383.801,11002108.794,724.993,
STARLINK-1408 - STARLINK-3877,11015304.549,11016037.457,732.908,
STARLINK-1408 - STARLINK-3877,11026646.636,11026978.985,332.349,
STARLINK-1408 - STARLINK-3877,11112795.980,11113583.592,787.613,
STARLINK-1408 - STARLINK-3877,11199386.814,11199744.741,357.927,
STARLINK-1408 - STARLINK-3877,11210337.421,11211076.950,739.529,
STARLINK-1408 - STARLINK-3877,11224272.033,11224992.315,720.281,
STARLINK-1408 - STARLINK-3877,11310676.401,11311339.785,663.384,
STARLINK-1408 - STARLINK-3877,11321754.093,11322541.624,787.531,
STARLINK-1408 - STARLINK-3877,11408313.844,11408728.821,414.977,
STARLINK-1408 - STARLINK-3877,11422056.264,11422837.102,780.838,
STARLINK-1408 - STARLINK-3877,11433236.891,11433935.086,698.195,
STARLINK-1408 - STARLINK-3877,11519613.761,11520305.035,691.274,
STARLINK-1408 - STARLINK-3877,11530707.071,11531490.054,782.983,
STARLINK-1408 - STARLINK-3877,11544804.860,11545243.491,438.632,
STARLINK-1408 - STARLINK-3877,11631001.001,11631789.149,788.148,
STARLINK-1408 - STARLINK-3877,11642198.109,11642870.173,672.064,
STARLINK-1408 - STARLINK-3877,11728545.215,11729264.424,719.209,
STARLINK-1408 - STARLINK-3877,11753794.457,11754142.010,347.553,
STARLINK-1408 - STARLINK-3877,11839940.971,11840731.133,790.162,
STARLINK-1408 - STARLINK-3877,11851160.346,11851789.475,629.129,
STARLINK-1408 - STARLINK-3877,11926520.571,11926885.064,364.493,
STARLINK-1408 - STARLINK-3877,11937470.097,11938215.671,745.574,
STARLINK-1408 - STARLINK-3877,11951408.036,11952124.372,716.336,
STARLINK-1408 - STARLINK-3877,11962799.529,11963013.709,214.179,
STARLINK-1408 - STARLINK-3877,12037792.537,12038473.403,680.866,
STARLINK-1408 - STARLINK-3877,12048876.581,12049665.977,789.397,
STARLINK-1408 - STARLINK-3877,12135404.581,12135866.960,462.380,
STARLINK-1408 - STARLINK-3877,12146389.998,12147160.202,770.205,
STARLINK-1408 - STARLINK-3877,12160360.135,12161034.204,674.069,
STARLINK-1408 - STARLINK-3877,12246700.938,12247421.734,720.795,
STARLINK-1408 - STARLINK-3877,12257811.006,12258587.020,776.014,
STARLINK-1408 - STARLINK-3877,12344287.023,12344835.813,548.790,
STARLINK-1408 - STARLINK-3877,12358087.035,12358882.093,795.058,
STARLINK-1408 - STARLINK-3877,12369311.120,12369933.807,622.687,
STARLINK-1408 - STARLINK-3877,12455605.068,12456362.560,757.492,
STARLINK-1408 - STARLINK-3877,12466742.800,12467499.254,756.453,
STARLINK-1408 - STARLINK-3877,12553167.966,12553794.208,626.242,
STARLINK-1408 - STARLINK-3877,12567009.655,12567795.245,785.590,
STARLINK-1408 - STARLINK-3877,12578271.803,12578809.018,537.215,
STARLINK-1408 - STARLINK-3877,12653506.370,12654015.005,508.635,
STARLINK-1408 - STARLINK-3877,12664507.927,12665289.467,781.540,
STARLINK-1408 - STARLINK-3877,12775930.545,12776698.625,768.080,
STARLINK-1408 - STARLINK-3877,12862366.938,12862974.328,607.390,
STARLINK-1408 - STARLINK-3877,12873408.321,12874207.131,798.810,
STARLINK-1408 - STARLINK-3877,12887449.794,12888007.332,557.538,
STARLINK-1408 - STARLINK-3877,12973693.052,12974472.957,779.906,
STARLINK-1408 - STARLINK-3877,12984857.806,12985580.649,722.843,
STARLINK-1408 - STARLINK-3877,13071230.734,13071915.064,684.330,
STARLINK-1408 - STARLINK-3877,13082312.669,13083105.548,792.879,
STARLINK-1408 - STARLINK-3877,13096413.312,13096848.547,435.235,
STARLINK-1408 - STARLINK-3877,13182581.314,13183382.924,801.610,
STARLINK-1408 - STARLINK-3877,13193787.361,13194448.912,661.551,
STARLINK-1408 - STARLINK-3877,13280094.343,13280843.989,749.646,
STARLINK-1408 - STARLINK-3877,13305447.625,13305604.774,157.149,
STARLINK-1408 - STARLINK-3877,13391476.463,13392270.613,794.151,
STARLINK-1408 - STARLINK-3877,13402735.314,13403284.255,548.941,
STARLINK-1408 - STARLINK-3877,13477972.942,13478469.336,496.394,
STARLINK-1408 - STARLINK-3877,13488964.125,13489751.046,786.920,
STARLINK-1408 - STARLINK-3877,13502951.814,13503602.608,650.793,
STARLINK-1408 - STARLINK-3877,13589243.859,13590004.710,760.851,
STARLINK-1408 - STARLINK-3877,13600374.230,13601143.990,769.760,
STARLINK-1408 - STARLINK-3877,13686788.089,13687421.511,633.422,
STARLINK-1408 - STARLINK-3877,13697835.879,13698644.170,808.290,
STARLINK-1408 - STARLINK-3877,13711901.483,13712416.509,515.027,
STARLINK-1408 - STARLINK-3877,13784392.299,13784773.815,381.516,
STARLINK-1408 - STARLINK-3877,13798104.634,13798900.664,796.030,
STARLINK-1408 - STARLINK-3877,13809288.147,13809986.370,698.224,
STARLINK-1408 - STARLINK-3877,13895618.156,13896342.684,724.527,
STARLINK-1408 - STARLINK-3877,13906720.783,13907508.709,787.926,
STARLINK-1408 - STARLINK-3877,13993173.056,13993739.176,566.120,
STARLINK-1408 - STARLINK-3877,14006969.860,14007780.114,810.255,
STARLINK-1408 - STARLINK-3877,14018213.307,14018805.911,592.604,
STARLINK-1408 - STARLINK-3877,14104453.961,14105245.798,791.836,
STARLINK-1408 - STARLINK-3877,14201973.080,14202672.830,699.750,
STARLINK-1408 - STARLINK-3877,14215853.021,14216626.301,773.280,
STARLINK-1408 - STARLINK-3877,14227185.854,14227564.204,378.350,
STARLINK-1408 - STARLINK-3877,14302264.099,14302890.635,626.536,
STARLINK-1408 - STARLINK-3877,14313306.584,14314116.082,809.498,
STARLINK-1408 - STARLINK-3877,14399857.300,14400235.555,378.255,
STARLINK-1408 - STARLINK-3877,14410793.399,14411569.704,776.306,
STARLINK-1408 - STARLINK-3877,14424747.994,14425448.903,700.908,
STARLINK-1408 - STARLINK-3877,14511060.231,14511807.610,747.378,
STARLINK-1408 - STARLINK-3877,14522169.259,14522964.182,794.923,
STARLINK-1408 - STARLINK-3877,14608597.283,14609203.725,606.442,
STARLINK-1408 - STARLINK-3877,14622413.118,14623219.997,806.879,
STARLINK-1408 - STARLINK-3877,14633681.131,14634219.353,538.222,
STARLINK-1408 - STARLINK-3877,14719880.079,14720684.265,804.186,
STARLINK-1408 - STARLINK-3877,14731060.785,14731768.654,707.870,
STARLINK-1408 - STARLINK-3877,14817378.800,14818113.383,734.583,
STARLINK-1408 - STARLINK-3877,14831281.166,14832042.383,761.217,
STARLINK-1408 - STARLINK-3877,14842683.378,14842909.038,225.660,
STARLINK-1408 - STARLINK-3877,14928714.162,14929534.108,819.946,
STARLINK-1408 - STARLINK-3877,14939977.833,14940535.944,558.111,
STARLINK-1408 - STARLINK-3877,15015197.606,15015706.628,509.021,
STARLINK-1408 - STARLINK-3877,15026177.684,15026992.680,814.996,
STARLINK-1408 - STARLINK-3877,15040188.538,15040811.269,622.730,
STARLINK-1408 - STARLINK-3877,15126432.383,15127221.698,789.315,
STARLINK-1408 - STARLINK-3877,15137581.647,15138335.354,753.708,
STARLINK-1408 - STARLINK-3877,15223937.446,15224631.799,694.352,
STARLINK-1408 - STARLINK-3877,15235008.636,15235823.621,814.985,
STARLINK-1408 - STARLINK-3877,15321481.897,15321998.307,516.410,
STARLINK-1408 - STARLINK-3877,15335239.992,15336071.093,831.101,
STARLINK-1408 - STARLINK-3877,15346478.032,15347095.971,617.939,
STARLINK-1408 - STARLINK-3877,15432706.185,15433514.597,808.411,
STARLINK-1408 - STARLINK-3877,15443863.853,15444618.045,754.192,
STARLINK-1408 - STARLINK-3877,15530201.286,15530925.572,724.286,
STARLINK-1408 - STARLINK-3877,15544087.508,15544864.993,777.485,
STARLINK-1408 - STARLINK-3877,15555474.881,15555743.270,268.389,
STARLINK-1408 - STARLINK-3877,15641515.025,15642340.481,825.456,
STARLINK-1408 - STARLINK-3877,15652775.624,15653342.242,566.619,
STARLINK-1408 - STARLINK-3877,15728008.762,15728483.699,474.937,
STARLINK-1408 - STARLINK-3877,15738969.947,15739785.829,815.883,
STARLINK-1408 - STARLINK-3877,15752970.482,15753611.659,641.177,
STARLINK-1408 - STARLINK-3877,15839204.680,15840014.013,809.333,
STARLINK-1408 - STARLINK-3877,15850355.156,15851122.580,767.425,
STARLINK-1408 - STARLINK-3877,15936695.083,15937417.188,722.105,
STARLINK-1408 - STARLINK-3877,15947770.013,15948601.310,831.297,
STARLINK-1408 - STARLINK-3877,16034218.924,16034782.780,563.856,
STARLINK-1408 - STARLINK-3877,16047996.853,16048829.153,832.300,
STARLINK-1408 - STARLINK-3877,16059262.121,16059824.329,562.208,
STARLINK-1408 - STARLINK-3877,16145444.578,16146269.241,824.663,
STARLINK-1408 - STARLINK-3877,16156626.907,16157345.089,718.182,
STARLINK-1408 - STARLINK-3877,16242917.669,16243680.567,762.898,
STARLINK-1408 - STARLINK-3877,16354234.644,16355067.053,832.409,
STARLINK-1408 - STARLINK-3877,16365551.365,16366010.180,458.816,
STARLINK-1408 - STARLINK-3877,16440659.791,16441262.266,602.475,
STARLINK-1408 - STARLINK-3877,16451664.559,16452515.614,851.055,
STARLINK-1408 - STARLINK-3877,16538222.115,16538572.796,350.681,
STARLINK-1408 - STARLINK-3877,16549117.904,16549937.650,819.745,
STARLINK-1408 - STARLINK-3877,16563094.208,16563780.820,686.612,
STARLINK-1408 - STARLINK-3877,16649347.732,16650142.933,795.200,
STARLINK-1408 - STARLINK-3877,16660477.435,16661268.374,790.939,
STARLINK-1408 - STARLINK-3877,16746830.949,16747528.006,697.057,
STARLINK-1408 - STARLINK-3877,16757886.027,16758728.358,842.331,
STARLINK-1408 - STARLINK-3877,16844346.543,16844876.602,530.058,
STARLINK-1408 - STARLINK-3877,16858092.998,16858951.346,858.348,
STARLINK-1408 - STARLINK-3877,16869359.318,16869940.873,581.554,
STARLINK-1408 - STARLINK-3877,16955528.289,16956378.941,850.652,
STARLINK-1408 - STARLINK-3877,16966715.079,16967445.686,730.607,
STARLINK-1408 - STARLINK-3877,17052985.088,17053781.630,796.541,
STARLINK-1408 - STARLINK-3877,17066918.730,17067663.689,744.959,
STARLINK-1408 - STARLINK-3877,17164306.463,17165131.436,824.973,
STARLINK-1408 - STARLINK-3877,17250691.821,17251345.853,654.032,
STARLINK-1408 - STARLINK-3877,17261716.024,17262574.942,858.918,
STARLINK-1408 - STARLINK-3877,17348212.258,17348673.555,461.298,
STARLINK-1408 - STARLINK-3877,17359145.741,17359995.409,849.668,
STARLINK-1408 - STARLINK-3877,17373166.696,17373790.514,623.819,
STARLINK-1408 - STARLINK-3877,17459348.461,17460203.218,854.757,
STARLINK-1408 - STARLINK-3877,17470523.148,17471279.082,755.934,
STARLINK-1408 - STARLINK-3877,17556799.909,17557595.401,795.492,
STARLINK-1408 - STARLINK-3877,17567904.088,17568741.035,836.946,
STARLINK-1408 - STARLINK-3877,17654272.835,17654962.244,689.409,
STARLINK-1408 - STARLINK-3877,17668104.946,17668942.198,837.252,
STARLINK-1408 - STARLINK-3877,17679494.749,17679807.099,312.350,
STARLINK-1408 - STARLINK-3877,17765506.884,17766377.520,870.636,
STARLINK-1408 - STARLINK-3877,17776784.337,17777351.433,567.096,
STARLINK-1408 - STARLINK-3877,17851993.801,17852472.602,478.802,
STARLINK-1408 - STARLINK-3877,17862926.795,17863791.979,865.184,
STARLINK-1408 - STARLINK-3877,17960364.332,17961185.488,821.156,
STARLINK-1408 - STARLINK-3877,17974310.484,17975050.068,739.584,
STARLINK-1408 - STARLINK-3877,18060556.995,18061383.589,826.593,
STARLINK-1408 - STARLINK-3877,18071679.103,18072508.211,829.108,
STARLINK-1408 - STARLINK-3877,18158012.692,18158752.033,739.341,
STARLINK-1408 - STARLINK-3877,18169066.099,18169945.579,879.480,
STARLINK-1408 - STARLINK-3877,18255490.831,18256094.067,603.236,
STARLINK-1408 - STARLINK-3877,18269259.673,18270134.065,874.392,
STARLINK-1408 - STARLINK-3877,18280591.774,18281051.828,460.054,
STARLINK-1408 - STARLINK-3877,18366662.156,18367549.970,887.814,
STARLINK-1408 - STARLINK-3877,18377907.502,18378551.469,643.968,
STARLINK-1408 - STARLINK-3877,18464079.913,18464947.488,867.575,
STARLINK-1408 - STARLINK-3877,18561512.946,18562326.266,813.320,
STARLINK-1408 - STARLINK-3877,18575434.404,18576210.841,776.438,
STARLINK-1408 - STARLINK-3877,18661692.003,18662517.985,825.982,
STARLINK-1408 - STARLINK-3877,18672799.616,18673653.396,853.780,
STARLINK-1408 - STARLINK-3877,18759138.745,18759876.126,737.381,
STARLINK-1408 - STARLINK-3877,18770180.105,18771078.149,898.044,
STARLINK-1408 - STARLINK-3877,18856605.298,18857210.541,605.243,
STARLINK-1408 - STARLINK-3877,18867574.342,18871255.147,3680.806,
STARLINK-1408 - STARLINK-3877,18881716.368,18882150.368,434.001,
STARLINK-1408 - STARLINK-3877,18967756.529,18968662.726,906.197,
STARLINK-1408 - STARLINK-3877,18979020.776,18979641.984,621.208,
STARLINK-1408 - STARLINK-3877,19065160.822,19066054.508,893.685,
STARLINK-1408 - STARLINK-3877,19076355.398,19077101.079,745.681,
STARLINK-1408 - STARLINK-3877,19162577.578,19163430.446,852.868,
STARLINK-1408 - STARLINK-3877,19176532.015,19177277.412,745.397,
STARLINK-1408 - STARLINK-3877,19262742.777,19263615.720,872.943,
STARLINK-1408 - STARLINK-3877,19273881.752,19274715.741,833.989,
STARLINK-1408 - STARLINK-3877,19360167.821,19360976.593,808.773,
STARLINK-1408 - STARLINK-3877,19371245.076,19372137.963,892.887,
STARLINK-1408 - STARLINK-3877,19457606.420,19458320.143,713.723,
STARLINK-1408 - STARLINK-3877,19468620.103,19469545.776,925.672,
STARLINK-1408 - STARLINK-3877,19555062.937,19555641.922,578.985,
STARLINK-1408 - STARLINK-3877,19568794.347,19569709.571,915.225,
STARLINK-1408 - STARLINK-3877,19580152.572,19580593.577,441.005,
STARLINK-1408 - STARLINK-3877,19666175.609,19667104.896,929.287,
STARLINK-1408 - STARLINK-3877,19677451.881,19678067.720,615.839,
STARLINK-1408 - STARLINK-3877,19763566.667,19764487.308,920.641,
STARLINK-1408 - STARLINK-3877,19774777.067,19775513.511,736.445,
STARLINK-1408 - STARLINK-3877,19860967.165,19861856.941,889.775,
STARLINK-1408 - STARLINK-3877,19874951.775,19875668.090,716.314,
STARLINK-1408 - STARLINK-3877,19958377.125,19962033.688,3656.562,
STARLINK-1408 - STARLINK-3877,19972287.036,19973097.841,810.805,
STARLINK-1408 - STARLINK-3877,20058520.546,20059393.501,872.955,
STARLINK-1408 - STARLINK-3877,20069633.830,20070513.456,879.625,
STARLINK-1408 - STARLINK-3877,20155933.199,20156740.688,807.489,
STARLINK-1408 - STARLINK-3877,20166990.058,20167916.926,926.868,
STARLINK-1408 - STARLINK-3877,20253356.005,20254074.014,718.009,
STARLINK-1408 - STARLINK-3877,20264354.533,20268061.921,3707.388,
STARLINK-1408 - STARLINK-3877,20350792.088,20351390.317,598.229,
STARLINK-1408 - STARLINK-3877,20364517.602,20365456.716,939.114,
STARLINK-1408 - STARLINK-3877,20375923.375,20376288.844,365.470,
STARLINK-1408 - STARLINK-3877,20461883.502,20462841.243,957.742,
STARLINK-1408 - STARLINK-3877,20548361.516,20548875.566,514.049,
STARLINK-1408 - STARLINK-3877,20559256.084,20560215.987,959.903,
STARLINK-1408 - STARLINK-3877,20645839.473,20646139.564,300.090,
STARLINK-1408 - STARLINK-3877,20656634.872,20657581.272,946.400,
STARLINK-1408 - STARLINK-3877,20670693.613,20671312.356,618.744,
STARLINK-1408 - STARLINK-3877,20756770.221,20757744.354,974.132,
STARLINK-1408 - STARLINK-3877,20768008.048,20768736.100,728.051,
STARLINK-1408 - STARLINK-3877,20854147.508,20855104.538,957.030,
STARLINK-1408 - STARLINK-3877,20865333.426,20866146.146,812.719,
STARLINK-1408 - STARLINK-3877,20951529.860,20952456.235,926.375,
STARLINK-1408 - STARLINK-3877,20962666.682,20963545.517,878.835,
STARLINK-1408 - STARLINK-3877,21048917.114,21049799.522,882.408,
STARLINK-1408 - STARLINK-3877,21062840.727,21063658.049,817.322,
STARLINK-1408 - STARLINK-3877,21146309.334,21147134.277,824.943,
STARLINK-1408 - STARLINK-3877,21160172.798,21161052.033,879.235,
STARLINK-1408 - STARLINK-3877,21246425.074,21247299.100,874.026,
STARLINK-1408 - STARLINK-3877,21257510.349,21258437.633,927.284,
STARLINK-1408 - STARLINK-3877,21343813.043,21344631.494,818.450,
STARLINK-1408 - STARLINK-3877,21354852.441,21355815.722,963.281,
STARLINK-1408 - STARLINK-3877,21441205.640,21441955.686,750.046,
STARLINK-1408 - STARLINK-3877,21452198.382,21453186.916,988.534,
STARLINK-1408 - STARLINK-3877,21538603.763,21539270.773,667.010,
STARLINK-1408 - STARLINK-3877,21549547.616,21553316.621,3769.005,
STARLINK-1408 - STARLINK-3877,21649680.263,21650684.999,1004.736,
STARLINK-1408 - STARLINK-3877,21661141.310,21661453.166,311.856,
STARLINK-1408 - STARLINK-3877,21747024.947,21748047.577,1022.630,
STARLINK-1408 - STARLINK-3877,21833460.092,21834093.297,633.205,
STARLINK-1408 - STARLINK-3877,21844371.838,21845404.747,1032.910,
STARLINK-1408 - STARLINK-3877,21930860.712,21931392.290,531.578,
STARLINK-1408 - STARLINK-3877,21941720.519,21942756.865,1036.347,
STARLINK-1408 - STARLINK-3877,22028273.574,22028675.541,401.967,
STARLINK-1408 - STARLINK-3877,22039070.603,22042877.787,3807.183,
STARLINK-1408 - STARLINK-3877,22053233.853,22053717.719,483.866,
STARLINK-1408 - STARLINK-3877,22139192.883,22140228.913,1036.030,
STARLINK-1408 - STARLINK-3877,22150529.340,22151113.564,584.224,
STARLINK-1408 - STARLINK-3877,22236536.666,22237575.781,1039.115,
STARLINK-1408 - STARLINK-3877,22247833.470,22248497.651,664.180,
STARLINK-1408 - STARLINK-3877,22333881.048,22334918.711,1037.663,
STARLINK-1408 - STARLINK-3877,22345142.910,22345873.290,730.381,
STARLINK-1408 - STARLINK-3877,22431225.689,22432258.008,1032.319,
STARLINK-1408 - STARLINK-3877,22528570.264,22529593.974,1023.710,
STARLINK-1408 - STARLINK-3877,22542644.781,22543288.695,643.915,
STARLINK-1408 - STARLINK-3877,22625914.461,22629733.922,3819.461,
STARLINK-1408 - STARLINK-3877,22639951.996,22640656.327,704.332,
STARLINK-1408 - STARLINK-3877,22725997.130,22727070.801,1073.671,
STARLINK-1408 - STARLINK-3877,22737262.141,22738017.798,755.658,
STARLINK-1408 - STARLINK-3877,22823333.243,22824404.984,1071.741,
STARLINK-1408 - STARLINK-3877,22834574.283,22835374.017,799.734,
STARLINK-1408 - STARLINK-3877,22920668.378,22921736.731,1068.353,
STARLINK-1408 - STARLINK-3877,22931887.777,22932725.602,837.826,
STARLINK-1408 - STARLINK-3877,23018002.271,23019066.292,1064.021,
STARLINK-1408 - STARLINK-3877,23115334.675,23116393.907,1059.232,
STARLINK-1408 - STARLINK-3877,23129408.751,23130080.313,671.562,
STARLINK-1408 - STARLINK-3877,23212665.356,23219295.909,6630.553,
STARLINK-1408 - STARLINK-3877,23226718.568,23227425.101,706.533,
STARLINK-1408 - STARLINK-3877,23309994.094,23313842.195,3848.101,
STARLINK-1408 - STARLINK-3877,23324029.560,23324765.361,735.801,
STARLINK-1408 - STARLINK-3877,23410069.307,23411168.372,1099.065,
STARLINK-1408 - STARLINK-3877,23421341.374,23422101.424,760.051,
STARLINK-1408 - STARLINK-3877,23507390.736,23508492.959,1102.222,
STARLINK-1408 - STARLINK-3877,23518653.765,23519433.518,779.752,
STARLINK-1408 - STARLINK-3877,23604710.140,23605816.086,1105.946,
STARLINK-1408 - STARLINK-3877,23615966.570,23616761.787,795.217,
STARLINK-1408 - STARLINK-3877,23702027.396,23703137.862,1110.466,
STARLINK-1408 - STARLINK-3877,23799342.409,23805998.100,6655.691,
STARLINK-1408 - STARLINK-3877,23813505.588,23814049.619,544.031,
STARLINK-1408 - STARLINK-3877,23896655.110,23900572.185,3917.075,
STARLINK-1408 - STARLINK-3877,23910821.130,23911364.675,543.545,
STARLINK-1408 - STARLINK-3877,23991226.283,23997889.929,6663.645,
STARLINK-1408 - STARLINK-3877,24008138.746,24008674.247,535.501,
STARLINK-1408 - STARLINK-3877,24094027.775,24095205.838,1178.062,
STARLINK-1408 - STARLINK-3877,24105458.823,24105977.946,519.123,
STARLINK-1408 - STARLINK-3877,24191334.656,24192519.840,1185.184,
STARLINK-1408 - STARLINK-3877,24202782.028,24203275.103,493.075,
STARLINK-1408 - STARLINK-3877,24277790.068,24278484.683,694.615,
STARLINK-1408 - STARLINK-3877,24288639.923,24289831.825,1191.902,
STARLINK-1408 - STARLINK-3877,24375083.759,24375806.629,722.870,
STARLINK-1408 - STARLINK-3877,24385943.707,24387141.642,1197.935,
STARLINK-1408 - STARLINK-3877,24472373.214,24473129.350,756.136,
STARLINK-1408 - STARLINK-3877,24483246.181,24484449.098,1202.917,
STARLINK-1408 - STARLINK-3877,24569658.714,24570452.537,793.823,
STARLINK-1408 - STARLINK-3877,24580547.567,24584477.586,3930.019,
STARLINK-1408 - STARLINK-3877,24666940.557,24667775.861,835.304,
STARLINK-1408 - STARLINK-3877,24675075.856,24681773.534,6697.678,
STARLINK-1408 - STARLINK-3877,24764219.045,24765098.976,879.931,
STARLINK-1408 - STARLINK-3877,24772370.209,24779065.377,6695.168,
STARLINK-1408 - STARLINK-3877,24861494.484,24868113.796,6619.312,
STARLINK-1408 - STARLINK-3877,24875291.466,24876352.642,1061.175,
STARLINK-1408 - STARLINK-3877,24958767.187,24965420.159,6652.972,
STARLINK-1408 - STARLINK-3877,24972601.191,24973634.760,1033.569,
STARLINK-1408 - STARLINK-3877,25058743.525,25059903.097,1159.571,
STARLINK-1408 - STARLINK-3877,25069913.281,25070911.028,997.747,
STARLINK-1408 - STARLINK-3877,25156019.619,25157212.447,1192.827,
STARLINK-1408 - STARLINK-3877,25167228.683,25168180.555,951.872,
STARLINK-1408 - STARLINK-3877,25253294.705,25254518.801,1224.096,
STARLINK-1408 - STARLINK-3877,25264548.657,25265442.144,893.487,
STARLINK-1408 - STARLINK-3877,25350569.340,25351821.536,1252.196,
STARLINK-1408 - STARLINK-3877,25361875.014,25362694.053,819.039,
STARLINK-1408 - STARLINK-3877,25447844.177,25449119.949,1275.772,
STARLINK-1408 - STARLINK-3877,25534452.907,25534893.221,440.315,
STARLINK-1408 - STARLINK-3877,25545119.977,25546413.259,1293.282,
STARLINK-1408 - STARLINK-3877,25631650.688,25632266.912,616.224,
STARLINK-1408 - STARLINK-3877,25642397.629,25649140.494,6742.864,
STARLINK-1408 - STARLINK-3877,25728862.753,25729622.416,759.664,
STARLINK-1408 - STARLINK-3877,25736897.760,25746389.133,9491.373,
STARLINK-1408 - STARLINK-3877,25826081.689,25826966.981,885.292,
STARLINK-1408 - STARLINK-3877,25834166.541,25840974.203,6807.663,
STARLINK-1408 - STARLINK-3877,25923304.856,25924303.049,998.193,
STARLINK-1408 - STARLINK-3877,25931438.922,25938220.241,6781.319,
STARLINK-1408 - STARLINK-3877,26020531.254,26027293.964,6762.710,
STARLINK-1408 - STARLINK-3877,26028716.265,26035453.943,6737.679,
STARLINK-1408 - STARLINK-3877,26117760.717,26124574.699,6813.982,
STARLINK-1408 - STARLINK-3877,26131742.507,26132672.306,929.800,
STARLINK-1408 - STARLINK-3877,26212305.185,26221844.844,9539.658,
STARLINK-1408 - STARLINK-3877,26229091.769,26229869.617,777.848,
STARLINK-1408 - STARLINK-3877,26309523.721,26319102.999,9579.278,
STARLINK-1408 - STARLINK-3877,26326474.419,26327030.983,556.564,
STARLINK-1408 - STARLINK-3877,26406747.047,26413638.129,6891.082,
STARLINK-1408 - STARLINK-3877,26498642.024,26502493.133,3851.109,
STARLINK-1408 - STARLINK-3877,26503976.062,26510891.936,6915.875,
STARLINK-1408 - STARLINK-3877,26595830.844,26599809.777,3978.933,
STARLINK-1408 - STARLINK-3877,26601212.337,26608130.295,6917.958,
STARLINK-1408 - STARLINK-3877,26693028.631,26697112.588,4083.957,
STARLINK-1408 - STARLINK-3877,26704092.774,26705351.357,1258.582,
STARLINK-1408 - STARLINK-3877,26787580.364,26794399.631,6819.267,
STARLINK-1408 - STARLINK-3877,26801413.042,26802552.376,1139.333,
STARLINK-1408 - STARLINK-3877,26882117.701,26888894.016,6776.314,
STARLINK-1408 - STARLINK-3877,26898757.205,26899728.053,970.848,
STARLINK-1408 - STARLINK-3877,26979288.627,26986175.129,6886.502,
STARLINK-1408 - STARLINK-3877,26996139.055,26996864.670,725.614,
STARLINK-1408 - STARLINK-3877,27076472.224,27083435.046,6962.822,
STARLINK-1408 - STARLINK-3877,27168372.377,27169346.203,973.826,
STARLINK-1408 - STARLINK-3877,27179181.430,27180671.530,1490.100,
STARLINK-1408 - STARLINK-3877,27265517.180,27269581.327,4064.147,
STARLINK-1408 - STARLINK-3877,27276465.981,27277882.760,1416.779,
STARLINK-1408 - STARLINK-3877,27362680.124,27366880.687,4200.563,
STARLINK-1408 - STARLINK-3877,27373777.738,27375066.495,1288.757,
STARLINK-1408 - STARLINK-3877,27459859.321,27464152.070,4292.749,
STARLINK-1408 - STARLINK-3877,27471122.642,27472217.661,1095.019,
STARLINK-1408 - STARLINK-3877,27551706.820,27558646.912,6940.092,
STARLINK-1408 - STARLINK-3877,27568516.440,27569320.420,803.980,
STARLINK-1408 - STARLINK-3877,27648852.975,27655897.941,7044.967,
STARLINK-1408 - STARLINK-3877,27740745.332,27744710.499,3965.167,
STARLINK-1408 - STARLINK-3877,27746019.556,27753112.911,7093.355,
STARLINK-1408 - STARLINK-3877,27837853.806,27842038.142,4184.336,
STARLINK-1408 - STARLINK-3877,27843210.534,27850290.678,7080.144,
STARLINK-1408 - STARLINK-3877,27929797.761,27939327.283,9529.523,
STARLINK-1408 - STARLINK-3877,27946161.345,27947428.783,1267.438,
STARLINK-1408 - STARLINK-3877,28026857.075,28036571.680,9714.605,
STARLINK-1408 - STARLINK-3877,28043551.807,28044515.201,963.393,
STARLINK-1408 - STARLINK-3877,28123958.595,28133768.191,9809.596,
STARLINK-1408 - STARLINK-3877,28141072.223,28141473.615,401.392,
STARLINK-1408 - STARLINK-3877,28215859.343,28219841.068,3981.725,
STARLINK-1408 - STARLINK-3877,28221088.988,28228269.121,7180.133,
STARLINK-1408 - STARLINK-3877,28310376.577,28317184.331,6807.755,
STARLINK-1408 - STARLINK-3877,28318252.539,28325421.308,7168.769,
STARLINK-1408 - STARLINK-3877,28407416.156,28414473.222,7057.066,
STARLINK-1408 - STARLINK-3877,28415463.233,28422521.960,7058.726,
STARLINK-1408 - STARLINK-3877,28501880.328,28511697.058,9816.731,
STARLINK-1408 - STARLINK-3877,28518658.357,28519551.103,892.745,
STARLINK-1408 - STARLINK-3877,28598952.800,28608854.910,9902.110,
STARLINK-1408 - STARLINK-3877,28688369.689,28695002.422,6632.732,
STARLINK-1408 - STARLINK-3877,28696062.135,28705951.674,9889.539,
STARLINK-1408 - STARLINK-3877,28785302.734,28792333.937,7031.203,
STARLINK-1408 - STARLINK-3877,28793222.171,28800437.981,7215.811,
STARLINK-1408 - STARLINK-3877,28882330.371,28889580.919,7250.549,
STARLINK-1408 - STARLINK-3877,28890461.429,28897461.660,7000.231,
STARLINK-1408 - STARLINK-3877,28976765.733,28986735.357,9969.624,
STARLINK-1408 - STARLINK-3877,29066304.100,29066629.243,325.143,
STARLINK-1408 - STARLINK-3877,29073827.768,29083812.017,9984.249,
STARLINK-1408 - STARLINK-3877,29163108.689,29170185.073,7076.385,
STARLINK-1408 - STARLINK-3877,29170945.588,29180808.881,9863.293,
STARLINK-1408 - STARLINK-3877,29260087.933,29267438.014,7350.082,
STARLINK-1408 - STARLINK-3877,29268168.923,29275268.238,7099.315,
STARLINK-1408 - STARLINK-3877,29354501.336,29364561.980,10060.643,
STARLINK-1408 - STARLINK-3877,29365523.437,29369684.900,4161.462,
STARLINK-1408 - STARLINK-3877,29444018.123,29444467.395,449.272,
STARLINK-1408 - STARLINK-3877,29448933.073,29461593.444,12660.371,
STARLINK-1408 - STARLINK-3877,29540808.003,29545152.851,4344.848,
STARLINK-1408 - STARLINK-3877,29545941.519,29558529.220,12587.701,
STARLINK-1408 - STARLINK-3877,29632800.746,29650447.796,17647.050,
STARLINK-1408 - STARLINK-3877,29729615.118,29742314.657,12699.539,
STARLINK-1408 - STARLINK-3877,29746397.903,29747332.968,935.065,
STARLINK-1408 - STARLINK-3877,29821559.388,29825569.142,4009.754,
STARLINK-1408 - STARLINK-3877,29826544.411,29836750.533,10206.122,
STARLINK-1408 - STARLINK-3877,29915908.170,29923092.935,7184.765,
STARLINK-1408 - STARLINK-3877,29923490.638,29933686.056,10195.418,
STARLINK-1408 - STARLINK-3877,30010298.109,30028056.718,17758.609,
STARLINK-1408 - STARLINK-3877,30107141.733,30117442.916,10301.183,
STARLINK-1408 - STARLINK-3877,30118058.839,30122449.836,4390.997,
STARLINK-1408 - STARLINK-3877,30196645.183,30214347.720,17702.537,
STARLINK-1408 - STARLINK-3877,30293348.599,30311150.546,17801.947,
STARLINK-1408 - STARLINK-3877,30387708.392,30403079.725,15371.333,
STARLINK-1408 - STARLINK-3877,30482025.473,30494965.828,12940.355,
STARLINK-1408 - STARLINK-3877,30573895.933,30591747.224,17851.291,
STARLINK-1408 - STARLINK-3877,30665832.988,30683650.759,17817.771,
STARLINK-1408 - STARLINK-3877,30762508.739,30780274.616,17765.877,
STARLINK-1408 - STARLINK-3877,30854380.913,30869843.671,15462.757,
STARLINK-1408 - STARLINK-3877,30948677.221,30964160.859,15483.638,
STARLINK-1408 - STARLINK-3877,31042920.371,31058426.464,15506.094,
STARLINK-1408 - STARLINK-3877,31132680.471,31150319.984,17639.513,
STARLINK-1408 - STARLINK-3877,31229045.267,31246873.230,17827.964,
STARLINK-1408 - STARLINK-3877,31320921.327,31338815.191,17893.863,
STARLINK-1408 - STARLINK-3877,31412875.827,31430705.521,17829.695,
STARLINK-1408 - STARLINK-3877,31506972.243,31524935.973,17963.730,
Analysis,Time True,Time False,Percent True,Interval Count,
STARLINK-1408 - STARLINK-3877,1250748.204,30285251.796,3.9661%,662,
