sl_100_86400_20260429 Distances.csv
2026/04/29 07:47:00.0000 UTC

Generated: Tue Oct  8 16:22:43 2024,
Start: 2026/04/29 07:47:00.00, Stop: 2026/04/30 07:47:00.00,
TIME_UNITS,Distance STARLINK-6038 - STARLINK-31866,Distance STARLINK-6038 - STARLINK-3190,Distance STARLINK-6038 - STARLINK-32090,Distance STARLINK-6038 - STARLINK-1801,Distance STARLINK-6038 - STARLINK-5969,Distance STARLINK-6038 - STARLINK-5810,Distance STARLINK-6038 - STARLINK-1917,Distance STARLINK-6038 - STARLINK-2121,Distance STARLINK-6038 - STARLINK-31954,Distance STARLINK-6038 - STARLINK-6067,Distance STARLINK-6038 - STARLINK-1504,Distance STARLINK-6038 - STARLINK-31085,Distance STARLINK-6038 - STARLINK-6149,Distance STARLINK-6038 - STARLINK-1277,Distance STARLINK-6038 - STARLINK-4701,Distance STARLINK-6038 - STARLINK-2630,Distance STARLINK-6038 - STARLINK-3978,Distance STARLINK-6038 - STARLINK-1048,Distance STARLINK-6038 - STARLINK-30538,Distance STARLINK-6038 - STARLINK-30964,Distance STARLINK-6038 - STARLINK-30338,Distance STARLINK-6038 - STARLINK-3119,Distance STARLINK-6038 - STARLINK-11123 [DTC],Distance STARLINK-6038 - STARLINK-5114,Distance STARLINK-6038 - STARLINK-1263,Distance STARLINK-6038 - STARLINK-31500,Distance STARLINK-6038 - STARLINK-2611,Distance STARLINK-6038 - STARLINK-6112,Distance STARLINK-6038 - STARLINK-3573,Distance STARLINK-6038 - STARLINK-5156,Distance STARLINK-6038 - STARLINK-11270 [DTC],Distance STARLINK-6038 - STARLINK-11115 [DTC],Distance STARLINK-6038 - STARLINK-5024,Distance STARLINK-6038 - STARLINK-1531,Distance STARLINK-6038 - STARLINK-30454,Distance STARLINK-6038 - STARLINK-11261 [DTC],Distance STARLINK-6038 - STARLINK-5739,Distance STARLINK-6038 - STARLINK-31271,Distance STARLINK-6038 - STARLINK-3889,Distance STARLINK-6038 - STARLINK-5077,Distance STARLINK-6038 - STARLINK-3956,Distance STARLINK-6038 - STARLINK-2286,Distance STARLINK-6038 - STARLINK-5544,Distance STARLINK-6038 - STARLINK-4268,Distance STARLINK-6038 - STARLINK-1329,Distance STARLINK-6038 - STARLINK-30712,Distance STARLINK-6038 - STARLINK-32042,Distance STARLINK-6038 - STARLINK-3867,Distance STARLINK-6038 - STARLINK-31048,Distance STARLINK-6038 - STARLINK-3892,Distance STARLINK-6038 - STARLINK-30297,Distance STARLINK-6038 - STARLINK-11256 [DTC],Distance STARLINK-6038 - STARLINK-31789,Distance STARLINK-6038 - STARLINK-30286,Distance STARLINK-6038 - STARLINK-32233,Distance STARLINK-6038 - STARLINK-5521,Distance STARLINK-6038 - STARLINK-4693,Distance STARLINK-6038 - STARLINK-5545,Distance STARLINK-6038 - STARLINK-30233,Distance STARLINK-6038 - STARLINK-30535,Distance STARLINK-6038 - STARLINK-4134,Distance STARLINK-6038 - STARLINK-4640,Distance STARLINK-6038 - STARLINK-4040,Distance STARLINK-6038 - STARLINK-31486,Distance STARLINK-6038 - STARLINK-1080,Distance STARLINK-6038 - STARLINK-31930,Distance STARLINK-6038 - STARLINK-2452,Distance STARLINK-6038 - STARLINK-32025,Distance STARLINK-6038 - STARLINK-5581,Distance STARLINK-6038 - STARLINK-32017,Distance STARLINK-6038 - STARLINK-31120,Distance STARLINK-6038 - STARLINK-4445,Distance STARLINK-6038 - STARLINK-31557,Distance STARLINK-6038 - STARLINK-30968,Distance STARLINK-6038 - STARLINK-11288 [DTC],Distance STARLINK-6038 - STARLINK-30583,Distance STARLINK-6038 - STARLINK-5320,Distance STARLINK-6038 - STARLINK-31062,Distance STARLINK-6038 - STARLINK-3398,Distance STARLINK-6038 - STARLINK-3625,Distance STARLINK-6038 - STARLINK-30570,Distance STARLINK-6038 - STARLINK-5582,Distance STARLINK-6038 - STARLINK-3147,Distance STARLINK-6038 - STARLINK-5684,Distance STARLINK-6038 - STARLINK-4380,Distance STARLINK-6038 - STARLINK-32045,Distance STARLINK-6038 - STARLINK-1854,Distance STARLINK-6038 - STARLINK-6314,Distance STARLINK-6038 - STARLINK-4533,Distance STARLINK-6038 - STARLINK-30272,Distance STARLINK-6038 - STARLINK-4016,Distance STARLINK-6038 - STARLINK-6175,Distance STARLINK-6038 - STARLINK-4800,Distance STARLINK-6038 - STARLINK-5408,Distance STARLINK-6038 - STARLINK-5174,Distance STARLINK-6038 - STARLINK-6031,Distance STARLINK-6038 - STARLINK-2702,Distance STARLINK-6038 - STARLINK-2220,Distance STARLINK-6038 - STARLINK-2591,Distance STARLINK-6038 - MoonARTEMIS1,Distance STARLINK-6038 - MoonARTEMIS2,Distance STARLINK-6038 - MoonIOAGEO,Distance STARLINK-6038 - MoonIOAGNO,Distance STARLINK-6038 - MoonIOAGNO 0001,Distance STARLINK-6038 - MoonIOAGSO,Distance STARLINK-6038 - MoonIOAGSO 0001,Distance STARLINK-6038 - MoonLRO,Distance STARLINK-6038 - MarsSat1,Distance STARLINK-6038 - MarsSat2,Distance STARLINK-6038 - MarsSat3,Distance STARLINK-6038 - MarsSat4,Distance STARLINK-31866 - STARLINK-3190,Distance STARLINK-31866 - STARLINK-32090,Distance STARLINK-31866 - STARLINK-1801,Distance STARLINK-31866 - STARLINK-5969,Distance STARLINK-31866 - STARLINK-5810,Distance STARLINK-31866 - STARLINK-1917,Distance STARLINK-31866 - STARLINK-2121,Distance STARLINK-31866 - STARLINK-31954,Distance STARLINK-31866 - STARLINK-6067,Distance STARLINK-31866 - STARLINK-1504,Distance STARLINK-31866 - STARLINK-31085,Distance STARLINK-31866 - STARLINK-6149,Distance STARLINK-31866 - STARLINK-1277,Distance STARLINK-31866 - STARLINK-4701,Distance STARLINK-31866 - STARLINK-2630,Distance STARLINK-31866 - STARLINK-3978,Distance STARLINK-31866 - STARLINK-1048,Distance STARLINK-31866 - STARLINK-30538,Distance STARLINK-31866 - STARLINK-30964,Distance STARLINK-31866 - STARLINK-30338,Distance STARLINK-31866 - STARLINK-3119,Distance STARLINK-31866 - STARLINK-11123 [DTC],Distance STARLINK-31866 - STARLINK-5114,Distance STARLINK-31866 - STARLINK-1263,Distance STARLINK-31866 - STARLINK-31500,Distance STARLINK-31866 - STARLINK-2611,Distance STARLINK-31866 - STARLINK-6112,Distance STARLINK-31866 - STARLINK-3573,Distance STARLINK-31866 - STARLINK-5156,Distance STARLINK-31866 - STARLINK-11270 [DTC],Distance STARLINK-31866 - STARLINK-11115 [DTC],Distance STARLINK-31866 - STARLINK-5024,Distance STARLINK-31866 - STARLINK-1531,Distance STARLINK-31866 - STARLINK-30454,Distance STARLINK-31866 - STARLINK-11261 [DTC],Distance STARLINK-31866 - STARLINK-5739,Distance STARLINK-31866 - STARLINK-31271,Distance STARLINK-31866 - STARLINK-3889,Distance STARLINK-31866 - STARLINK-5077,Distance STARLINK-31866 - STARLINK-3956,Distance STARLINK-31866 - STARLINK-2286,Distance STARLINK-31866 - STARLINK-5544,Distance STARLINK-31866 - STARLINK-4268,Distance STARLINK-31866 - STARLINK-1329,Distance STARLINK-31866 - STARLINK-30712,Distance STARLINK-31866 - STARLINK-32042,Distance STARLINK-31866 - STARLINK-3867,Distance STARLINK-31866 - STARLINK-31048,Distance STARLINK-31866 - STARLINK-3892,Distance STARLINK-31866 - STARLINK-30297,Distance STARLINK-31866 - STARLINK-11256 [DTC],Distance STARLINK-31866 - STARLINK-31789,Distance STARLINK-31866 - STARLINK-30286,Distance STARLINK-31866 - STARLINK-32233,Distance STARLINK-31866 - STARLINK-5521,Distance STARLINK-31866 - STARLINK-4693,Distance STARLINK-31866 - STARLINK-5545,Distance STARLINK-31866 - STARLINK-30233,Distance STARLINK-31866 - STARLINK-30535,Distance STARLINK-31866 - STARLINK-4134,Distance STARLINK-31866 - STARLINK-4640,Distance STARLINK-31866 - STARLINK-4040,Distance STARLINK-31866 - STARLINK-31486,Distance STARLINK-31866 - STARLINK-1080,Distance STARLINK-31866 - STARLINK-31930,Distance STARLINK-31866 - STARLINK-2452,Distance STARLINK-31866 - STARLINK-32025,Distance STARLINK-31866 - STARLINK-5581,Distance STARLINK-31866 - STARLINK-32017,Distance STARLINK-31866 - STARLINK-31120,Distance STARLINK-31866 - STARLINK-4445,Distance STARLINK-31866 - STARLINK-31557,Distance STARLINK-31866 - STARLINK-30968,Distance STARLINK-31866 - STARLINK-11288 [DTC],Distance STARLINK-31866 - STARLINK-30583,Distance STARLINK-31866 - STARLINK-5320,Distance STARLINK-31866 - STARLINK-31062,Distance STARLINK-31866 - STARLINK-3398,Distance STARLINK-31866 - STARLINK-3625,Distance STARLINK-31866 - STARLINK-30570,Distance STARLINK-31866 - STARLINK-5582,Distance STARLINK-31866 - STARLINK-3147,Distance STARLINK-31866 - STARLINK-5684,Distance STARLINK-31866 - STARLINK-4380,Distance STARLINK-31866 - STARLINK-32045,Distance STARLINK-31866 - STARLINK-1854,Distance STARLINK-31866 - STARLINK-6314,Distance STARLINK-31866 - STARLINK-4533,Distance STARLINK-31866 - STARLINK-30272,Distance STARLINK-31866 - STARLINK-4016,Distance STARLINK-31866 - STARLINK-6175,Distance STARLINK-31866 - STARLINK-4800,Distance STARLINK-31866 - STARLINK-5408,Distance STARLINK-31866 - STARLINK-5174,Distance STARLINK-31866 - STARLINK-6031,Distance STARLINK-31866 - STARLINK-2702,Distance STARLINK-31866 - STARLINK-2220,Distance STARLINK-31866 - STARLINK-2591,Distance STARLINK-31866 - MoonARTEMIS1,Distance STARLINK-31866 - MoonARTEMIS2,Distance STARLINK-31866 - MoonIOAGEO,Distance STARLINK-31866 - MoonIOAGNO,Distance STARLINK-31866 - MoonIOAGNO 0001,Distance STARLINK-31866 - MoonIOAGSO,Distance STARLINK-31866 - MoonIOAGSO 0001,Distance STARLINK-31866 - MoonLRO,Distance STARLINK-31866 - MarsSat1,Distance STARLINK-31866 - MarsSat2,Distance STARLINK-31866 - MarsSat3,Distance STARLINK-31866 - MarsSat4,Distance STARLINK-3190 - STARLINK-32090,Distance STARLINK-3190 - STARLINK-1801,Distance STARLINK-3190 - STARLINK-5969,Distance STARLINK-3190 - STARLINK-5810,Distance STARLINK-3190 - STARLINK-1917,Distance STARLINK-3190 - STARLINK-2121,Distance STARLINK-3190 - STARLINK-31954,Distance STARLINK-3190 - STARLINK-6067,Distance STARLINK-3190 - STARLINK-1504,Distance STARLINK-3190 - STARLINK-31085,Distance STARLINK-3190 - STARLINK-6149,Distance STARLINK-3190 - STARLINK-1277,Distance STARLINK-3190 - STARLINK-4701,Distance STARLINK-3190 - STARLINK-2630,Distance STARLINK-3190 - STARLINK-3978,Distance STARLINK-3190 - STARLINK-1048,Distance STARLINK-3190 - STARLINK-30538,Distance STARLINK-3190 - STARLINK-30964,Distance STARLINK-3190 - STARLINK-30338,Distance STARLINK-3190 - STARLINK-3119,Distance STARLINK-3190 - STARLINK-11123 [DTC],Distance STARLINK-3190 - STARLINK-5114,Distance STARLINK-3190 - STARLINK-1263,Distance STARLINK-3190 - STARLINK-31500,Distance STARLINK-3190 - STARLINK-2611,Distance STARLINK-3190 - STARLINK-6112,Distance STARLINK-3190 - STARLINK-3573,Distance STARLINK-3190 - STARLINK-5156,Distance STARLINK-3190 - STARLINK-11270 [DTC],Distance STARLINK-3190 - STARLINK-11115 [DTC],Distance STARLINK-3190 - STARLINK-5024,Distance STARLINK-3190 - STARLINK-1531,Distance STARLINK-3190 - STARLINK-30454,Distance STARLINK-3190 - STARLINK-11261 [DTC],Distance STARLINK-3190 - STARLINK-5739,Distance STARLINK-3190 - STARLINK-31271,Distance STARLINK-3190 - STARLINK-3889,Distance STARLINK-3190 - STARLINK-5077,Distance STARLINK-3190 - STARLINK-3956,Distance STARLINK-3190 - STARLINK-2286,Distance STARLINK-3190 - STARLINK-5544,Distance STARLINK-3190 - STARLINK-4268,Distance STARLINK-3190 - STARLINK-1329,Distance STARLINK-3190 - STARLINK-30712,Distance STARLINK-3190 - STARLINK-32042,Distance STARLINK-3190 - STARLINK-3867,Distance STARLINK-3190 - STARLINK-31048,Distance STARLINK-3190 - STARLINK-3892,Distance STARLINK-3190 - STARLINK-30297,Distance STARLINK-3190 - STARLINK-11256 [DTC],Distance STARLINK-3190 - STARLINK-31789,Distance STARLINK-3190 - STARLINK-30286,Distance STARLINK-3190 - STARLINK-32233,Distance STARLINK-3190 - STARLINK-5521,Distance STARLINK-3190 - STARLINK-4693,Distance STARLINK-3190 - STARLINK-5545,Distance STARLINK-3190 - STARLINK-30233,Distance STARLINK-3190 - STARLINK-30535,Distance STARLINK-3190 - STARLINK-4134,Distance STARLINK-3190 - STARLINK-4640,Distance STARLINK-3190 - STARLINK-4040,Distance STARLINK-3190 - STARLINK-31486,Distance STARLINK-3190 - STARLINK-1080,Distance STARLINK-3190 - STARLINK-31930,Distance STARLINK-3190 - STARLINK-2452,Distance STARLINK-3190 - STARLINK-32025,Distance STARLINK-3190 - STARLINK-5581,Distance STARLINK-3190 - STARLINK-32017,Distance STARLINK-3190 - STARLINK-31120,Distance STARLINK-3190 - STARLINK-4445,Distance STARLINK-3190 - STARLINK-31557,Distance STARLINK-3190 - STARLINK-30968,Distance STARLINK-3190 - STARLINK-11288 [DTC],Distance STARLINK-3190 - STARLINK-30583,Distance STARLINK-3190 - STARLINK-5320,Distance STARLINK-3190 - STARLINK-31062,Distance STARLINK-3190 - STARLINK-3398,Distance STARLINK-3190 - STARLINK-3625,Distance STARLINK-3190 - STARLINK-30570,Distance STARLINK-3190 - STARLINK-5582,Distance STARLINK-3190 - STARLINK-3147,Distance STARLINK-3190 - STARLINK-5684,Distance STARLINK-3190 - STARLINK-4380,Distance STARLINK-3190 - STARLINK-32045,Distance STARLINK-3190 - STARLINK-1854,Distance STARLINK-3190 - STARLINK-6314,Distance STARLINK-3190 - STARLINK-4533,Distance STARLINK-3190 - STARLINK-30272,Distance STARLINK-3190 - STARLINK-4016,Distance STARLINK-3190 - STARLINK-6175,Distance STARLINK-3190 - STARLINK-4800,Distance STARLINK-3190 - STARLINK-5408,Distance STARLINK-3190 - STARLINK-5174,Distance STARLINK-3190 - STARLINK-6031,Distance STARLINK-3190 - STARLINK-2702,Distance STARLINK-3190 - STARLINK-2220,Distance STARLINK-3190 - STARLINK-2591,Distance STARLINK-3190 - MoonARTEMIS1,Distance STARLINK-3190 - MoonARTEMIS2,Distance STARLINK-3190 - MoonIOAGEO,Distance STARLINK-3190 - MoonIOAGNO,Distance STARLINK-3190 - MoonIOAGNO 0001,Distance STARLINK-3190 - MoonIOAGSO,Distance STARLINK-3190 - MoonIOAGSO 0001,Distance STARLINK-3190 - MoonLRO,Distance STARLINK-3190 - MarsSat1,Distance STARLINK-3190 - MarsSat2,Distance STARLINK-3190 - MarsSat3,Distance STARLINK-3190 - MarsSat4,Distance STARLINK-32090 - STARLINK-1801,Distance STARLINK-32090 - STARLINK-5969,Distance STARLINK-32090 - STARLINK-5810,Distance STARLINK-32090 - STARLINK-1917,Distance STARLINK-32090 - STARLINK-2121,Distance STARLINK-32090 - STARLINK-31954,Distance STARLINK-32090 - STARLINK-6067,Distance STARLINK-32090 - STARLINK-1504,Distance STARLINK-32090 - STARLINK-31085,Distance STARLINK-32090 - STARLINK-6149,Distance STARLINK-32090 - STARLINK-1277,Distance STARLINK-32090 - STARLINK-4701,Distance STARLINK-32090 - STARLINK-2630,Distance STARLINK-32090 - STARLINK-3978,Distance STARLINK-32090 - STARLINK-1048,Distance STARLINK-32090 - STARLINK-30538,Distance STARLINK-32090 - STARLINK-30964,Distance STARLINK-32090 - STARLINK-30338,Distance STARLINK-32090 - STARLINK-3119,Distance STARLINK-32090 - STARLINK-11123 [DTC],Distance STARLINK-32090 - STARLINK-5114,Distance STARLINK-32090 - STARLINK-1263,Distance STARLINK-32090 - STARLINK-31500,Distance STARLINK-32090 - STARLINK-2611,Distance STARLINK-32090 - STARLINK-6112,Distance STARLINK-32090 - STARLINK-3573,Distance STARLINK-32090 - STARLINK-5156,Distance STARLINK-32090 - STARLINK-11270 [DTC],Distance STARLINK-32090 - STARLINK-11115 [DTC],Distance STARLINK-32090 - STARLINK-5024,Distance STARLINK-32090 - STARLINK-1531,Distance STARLINK-32090 - STARLINK-30454,Distance STARLINK-32090 - STARLINK-11261 [DTC],Distance STARLINK-32090 - STARLINK-5739,Distance STARLINK-32090 - STARLINK-31271,Distance STARLINK-32090 - STARLINK-3889,Distance STARLINK-32090 - STARLINK-5077,Distance STARLINK-32090 - STARLINK-3956,Distance STARLINK-32090 - STARLINK-2286,Distance STARLINK-32090 - STARLINK-5544,Distance STARLINK-32090 - STARLINK-4268,Distance STARLINK-32090 - STARLINK-1329,Distance STARLINK-32090 - STARLINK-30712,Distance STARLINK-32090 - STARLINK-32042,Distance STARLINK-32090 - STARLINK-3867,Distance STARLINK-32090 - STARLINK-31048,Distance STARLINK-32090 - STARLINK-3892,Distance STARLINK-32090 - STARLINK-30297,Distance STARLINK-32090 - STARLINK-11256 [DTC],Distance STARLINK-32090 - STARLINK-31789,Distance STARLINK-32090 - STARLINK-30286,Distance STARLINK-32090 - STARLINK-32233,Distance STARLINK-32090 - STARLINK-5521,Distance STARLINK-32090 - STARLINK-4693,Distance STARLINK-32090 - STARLINK-5545,Distance STARLINK-32090 - STARLINK-30233,Distance STARLINK-32090 - STARLINK-30535,Distance STARLINK-32090 - STARLINK-4134,Distance STARLINK-32090 - STARLINK-4640,Distance STARLINK-32090 - STARLINK-4040,Distance STARLINK-32090 - STARLINK-31486,Distance STARLINK-32090 - STARLINK-1080,Distance STARLINK-32090 - STARLINK-31930,Distance STARLINK-32090 - STARLINK-2452,Distance STARLINK-32090 - STARLINK-32025,Distance STARLINK-32090 - STARLINK-5581,Distance STARLINK-32090 - STARLINK-32017,Distance STARLINK-32090 - STARLINK-31120,Distance STARLINK-32090 - STARLINK-4445,Distance STARLINK-32090 - STARLINK-31557,Distance STARLINK-32090 - STARLINK-30968,Distance STARLINK-32090 - STARLINK-11288 [DTC],Distance STARLINK-32090 - STARLINK-30583,Distance STARLINK-32090 - STARLINK-5320,Distance STARLINK-32090 - STARLINK-31062,Distance STARLINK-32090 - STARLINK-3398,Distance STARLINK-32090 - STARLINK-3625,Distance STARLINK-32090 - STARLINK-30570,Distance STARLINK-32090 - STARLINK-5582,Distance STARLINK-32090 - STARLINK-3147,Distance STARLINK-32090 - STARLINK-5684,Distance STARLINK-32090 - STARLINK-4380,Distance STARLINK-32090 - STARLINK-32045,Distance STARLINK-32090 - STARLINK-1854,Distance STARLINK-32090 - STARLINK-6314,Distance STARLINK-32090 - STARLINK-4533,Distance STARLINK-32090 - STARLINK-30272,Distance STARLINK-32090 - STARLINK-4016,Distance STARLINK-32090 - STARLINK-6175,Distance STARLINK-32090 - STARLINK-4800,Distance STARLINK-32090 - STARLINK-5408,Distance STARLINK-32090 - STARLINK-5174,Distance STARLINK-32090 - STARLINK-6031,Distance STARLINK-32090 - STARLINK-2702,Distance STARLINK-32090 - STARLINK-2220,Distance STARLINK-32090 - STARLINK-2591,Distance STARLINK-32090 - MoonARTEMIS1,Distance STARLINK-32090 - MoonARTEMIS2,Distance STARLINK-32090 - MoonIOAGEO,Distance STARLINK-32090 - MoonIOAGNO,Distance STARLINK-32090 - MoonIOAGNO 0001,Distance STARLINK-32090 - MoonIOAGSO,Distance STARLINK-32090 - MoonIOAGSO 0001,Distance STARLINK-32090 - MoonLRO,Distance STARLINK-32090 - MarsSat1,Distance STARLINK-32090 - MarsSat2,Distance STARLINK-32090 - MarsSat3,Distance STARLINK-32090 - MarsSat4,Distance STARLINK-1801 - STARLINK-5969,Distance STARLINK-1801 - STARLINK-5810,Distance STARLINK-1801 - STARLINK-1917,Distance STARLINK-1801 - STARLINK-2121,Distance STARLINK-1801 - STARLINK-31954,Distance STARLINK-1801 - STARLINK-6067,Distance STARLINK-1801 - STARLINK-1504,Distance STARLINK-1801 - STARLINK-31085,Distance STARLINK-1801 - STARLINK-6149,Distance STARLINK-1801 - STARLINK-1277,Distance STARLINK-1801 - STARLINK-4701,Distance STARLINK-1801 - STARLINK-2630,Distance STARLINK-1801 - STARLINK-3978,Distance STARLINK-1801 - STARLINK-1048,Distance STARLINK-1801 - STARLINK-30538,Distance STARLINK-1801 - STARLINK-30964,Distance STARLINK-1801 - STARLINK-30338,Distance STARLINK-1801 - STARLINK-3119,Distance STARLINK-1801 - STARLINK-11123 [DTC],Distance STARLINK-1801 - STARLINK-5114,Distance STARLINK-1801 - STARLINK-1263,Distance STARLINK-1801 - STARLINK-31500,Distance STARLINK-1801 - STARLINK-2611,Distance STARLINK-1801 - STARLINK-6112,Distance STARLINK-1801 - STARLINK-3573,Distance STARLINK-1801 - STARLINK-5156,Distance STARLINK-1801 - STARLINK-11270 [DTC],Distance STARLINK-1801 - STARLINK-11115 [DTC],Distance STARLINK-1801 - STARLINK-5024,Distance STARLINK-1801 - STARLINK-1531,Distance STARLINK-1801 - STARLINK-30454,Distance STARLINK-1801 - STARLINK-11261 [DTC],Distance STARLINK-1801 - STARLINK-5739,Distance STARLINK-1801 - STARLINK-31271,Distance STARLINK-1801 - STARLINK-3889,Distance STARLINK-1801 - STARLINK-5077,Distance STARLINK-1801 - STARLINK-3956,Distance STARLINK-1801 - STARLINK-2286,Distance STARLINK-1801 - STARLINK-5544,Distance STARLINK-1801 - STARLINK-4268,Distance STARLINK-1801 - STARLINK-1329,Distance STARLINK-1801 - STARLINK-30712,Distance STARLINK-1801 - STARLINK-32042,Distance STARLINK-1801 - STARLINK-3867,Distance STARLINK-1801 - STARLINK-31048,Distance STARLINK-1801 - STARLINK-3892,Distance STARLINK-1801 - STARLINK-30297,Distance STARLINK-1801 - STARLINK-11256 [DTC],Distance STARLINK-1801 - STARLINK-31789,Distance STARLINK-1801 - STARLINK-30286,Distance STARLINK-1801 - STARLINK-32233,Distance STARLINK-1801 - STARLINK-5521,Distance STARLINK-1801 - STARLINK-4693,Distance STARLINK-1801 - STARLINK-5545,Distance STARLINK-1801 - STARLINK-30233,Distance STARLINK-1801 - STARLINK-30535,Distance STARLINK-1801 - STARLINK-4134,Distance STARLINK-1801 - STARLINK-4640,Distance STARLINK-1801 - STARLINK-4040,Distance STARLINK-1801 - STARLINK-31486,Distance STARLINK-1801 - STARLINK-1080,Distance STARLINK-1801 - STARLINK-31930,Distance STARLINK-1801 - STARLINK-2452,Distance STARLINK-1801 - STARLINK-32025,Distance STARLINK-1801 - STARLINK-5581,Distance STARLINK-1801 - STARLINK-32017,Distance STARLINK-1801 - STARLINK-31120,Distance STARLINK-1801 - STARLINK-4445,Distance STARLINK-1801 - STARLINK-31557,Distance STARLINK-1801 - STARLINK-30968,Distance STARLINK-1801 - STARLINK-11288 [DTC],Distance STARLINK-1801 - STARLINK-30583,Distance STARLINK-1801 - STARLINK-5320,Distance STARLINK-1801 - STARLINK-31062,Distance STARLINK-1801 - STARLINK-3398,Distance STARLINK-1801 - STARLINK-3625,Distance STARLINK-1801 - STARLINK-30570,Distance STARLINK-1801 - STARLINK-5582,Distance STARLINK-1801 - STARLINK-3147,Distance STARLINK-1801 - STARLINK-5684,Distance STARLINK-1801 - STARLINK-4380,Distance STARLINK-1801 - STARLINK-32045,Distance STARLINK-1801 - STARLINK-1854,Distance STARLINK-1801 - STARLINK-6314,Distance STARLINK-1801 - STARLINK-4533,Distance STARLINK-1801 - STARLINK-30272,Distance STARLINK-1801 - STARLINK-4016,Distance STARLINK-1801 - STARLINK-6175,Distance STARLINK-1801 - STARLINK-4800,Distance STARLINK-1801 - STARLINK-5408,Distance STARLINK-1801 - STARLINK-5174,Distance STARLINK-1801 - STARLINK-6031,Distance STARLINK-1801 - STARLINK-2702,Distance STARLINK-1801 - STARLINK-2220,Distance STARLINK-1801 - STARLINK-2591,Distance STARLINK-1801 - MoonARTEMIS1,Distance STARLINK-1801 - MoonARTEMIS2,Distance STARLINK-1801 - MoonIOAGEO,Distance STARLINK-1801 - MoonIOAGNO,Distance STARLINK-1801 - MoonIOAGNO 0001,Distance STARLINK-1801 - MoonIOAGSO,Distance STARLINK-1801 - MoonIOAGSO 0001,Distance STARLINK-1801 - MoonLRO,Distance STARLINK-1801 - MarsSat1,Distance STARLINK-1801 - MarsSat2,Distance STARLINK-1801 - MarsSat3,Distance STARLINK-1801 - MarsSat4,Distance STARLINK-5969 - STARLINK-5810,Distance STARLINK-5969 - STARLINK-1917,Distance STARLINK-5969 - STARLINK-2121,Distance STARLINK-5969 - STARLINK-31954,Distance STARLINK-5969 - STARLINK-6067,Distance STARLINK-5969 - STARLINK-1504,Distance STARLINK-5969 - STARLINK-31085,Distance STARLINK-5969 - STARLINK-6149,Distance STARLINK-5969 - STARLINK-1277,Distance STARLINK-5969 - STARLINK-4701,Distance STARLINK-5969 - STARLINK-2630,Distance STARLINK-5969 - STARLINK-3978,Distance STARLINK-5969 - STARLINK-1048,Distance STARLINK-5969 - STARLINK-30538,Distance STARLINK-5969 - STARLINK-30964,Distance STARLINK-5969 - STARLINK-30338,Distance STARLINK-5969 - STARLINK-3119,Distance STARLINK-5969 - STARLINK-11123 [DTC],Distance STARLINK-5969 - STARLINK-5114,Distance STARLINK-5969 - STARLINK-1263,Distance STARLINK-5969 - STARLINK-31500,Distance STARLINK-5969 - STARLINK-2611,Distance STARLINK-5969 - STARLINK-6112,Distance STARLINK-5969 - STARLINK-3573,Distance STARLINK-5969 - STARLINK-5156,Distance STARLINK-5969 - STARLINK-11270 [DTC],Distance STARLINK-5969 - STARLINK-11115 [DTC],Distance STARLINK-5969 - STARLINK-5024,Distance STARLINK-5969 - STARLINK-1531,Distance STARLINK-5969 - STARLINK-30454,Distance STARLINK-5969 - STARLINK-11261 [DTC],Distance STARLINK-5969 - STARLINK-5739,Distance STARLINK-5969 - STARLINK-31271,Distance STARLINK-5969 - STARLINK-3889,Distance STARLINK-5969 - STARLINK-5077,Distance STARLINK-5969 - STARLINK-3956,Distance STARLINK-5969 - STARLINK-2286,Distance STARLINK-5969 - STARLINK-5544,Distance STARLINK-5969 - STARLINK-4268,Distance STARLINK-5969 - STARLINK-1329,Distance STARLINK-5969 - STARLINK-30712,Distance STARLINK-5969 - STARLINK-32042,Distance STARLINK-5969 - STARLINK-3867,Distance STARLINK-5969 - STARLINK-31048,Distance STARLINK-5969 - STARLINK-3892,Distance STARLINK-5969 - STARLINK-30297,Distance STARLINK-5969 - STARLINK-11256 [DTC],Distance STARLINK-5969 - STARLINK-31789,Distance STARLINK-5969 - STARLINK-30286,Distance STARLINK-5969 - STARLINK-32233,Distance STARLINK-5969 - STARLINK-5521,Distance STARLINK-5969 - STARLINK-4693,Distance STARLINK-5969 - STARLINK-5545,Distance STARLINK-5969 - STARLINK-30233,Distance STARLINK-5969 - STARLINK-30535,Distance STARLINK-5969 - STARLINK-4134,Distance STARLINK-5969 - STARLINK-4640,Distance STARLINK-5969 - STARLINK-4040,Distance STARLINK-5969 - STARLINK-31486,Distance STARLINK-5969 - STARLINK-1080,Distance STARLINK-5969 - STARLINK-31930,Distance STARLINK-5969 - STARLINK-2452,Distance STARLINK-5969 - STARLINK-32025,Distance STARLINK-5969 - STARLINK-5581,Distance STARLINK-5969 - STARLINK-32017,Distance STARLINK-5969 - STARLINK-31120,Distance STARLINK-5969 - STARLINK-4445,Distance STARLINK-5969 - STARLINK-31557,Distance STARLINK-5969 - STARLINK-30968,Distance STARLINK-5969 - STARLINK-11288 [DTC],Distance STARLINK-5969 - STARLINK-30583,Distance STARLINK-5969 - STARLINK-5320,Distance STARLINK-5969 - STARLINK-31062,Distance STARLINK-5969 - STARLINK-3398,Distance STARLINK-5969 - STARLINK-3625,Distance STARLINK-5969 - STARLINK-30570,Distance STARLINK-5969 - STARLINK-5582,Distance STARLINK-5969 - STARLINK-3147,Distance STARLINK-5969 - STARLINK-5684,Distance STARLINK-5969 - STARLINK-4380,Distance STARLINK-5969 - STARLINK-32045,Distance STARLINK-5969 - STARLINK-1854,Distance STARLINK-5969 - STARLINK-6314,Distance STARLINK-5969 - STARLINK-4533,Distance STARLINK-5969 - STARLINK-30272,Distance STARLINK-5969 - STARLINK-4016,Distance STARLINK-5969 - STARLINK-6175,Distance STARLINK-5969 - STARLINK-4800,Distance STARLINK-5969 - STARLINK-5408,Distance STARLINK-5969 - STARLINK-5174,Distance STARLINK-5969 - STARLINK-6031,Distance STARLINK-5969 - STARLINK-2702,Distance STARLINK-5969 - STARLINK-2220,Distance STARLINK-5969 - STARLINK-2591,Distance STARLINK-5969 - MoonARTEMIS1,Distance STARLINK-5969 - MoonARTEMIS2,Distance STARLINK-5969 - MoonIOAGEO,Distance STARLINK-5969 - MoonIOAGNO,Distance STARLINK-5969 - MoonIOAGNO 0001,Distance STARLINK-5969 - MoonIOAGSO,Distance STARLINK-5969 - MoonIOAGSO 0001,Distance STARLINK-5969 - MoonLRO,Distance STARLINK-5969 - MarsSat1,Distance STARLINK-5969 - MarsSat2,Distance STARLINK-5969 - MarsSat3,Distance STARLINK-5969 - MarsSat4,Distance STARLINK-5810 - STARLINK-1917,Distance STARLINK-5810 - STARLINK-2121,Distance STARLINK-5810 - STARLINK-31954,Distance STARLINK-5810 - STARLINK-6067,Distance STARLINK-5810 - STARLINK-1504,Distance STARLINK-5810 - STARLINK-31085,Distance STARLINK-5810 - STARLINK-6149,Distance STARLINK-5810 - STARLINK-1277,Distance STARLINK-5810 - STARLINK-4701,Distance STARLINK-5810 - STARLINK-2630,Distance STARLINK-5810 - STARLINK-3978,Distance STARLINK-5810 - STARLINK-1048,Distance STARLINK-5810 - STARLINK-30538,Distance STARLINK-5810 - STARLINK-30964,Distance STARLINK-5810 - STARLINK-30338,Distance STARLINK-5810 - STARLINK-3119,Distance STARLINK-5810 - STARLINK-11123 [DTC],Distance STARLINK-5810 - STARLINK-5114,Distance STARLINK-5810 - STARLINK-1263,Distance STARLINK-5810 - STARLINK-31500,Distance STARLINK-5810 - STARLINK-2611,Distance STARLINK-5810 - STARLINK-6112,Distance STARLINK-5810 - STARLINK-3573,Distance STARLINK-5810 - STARLINK-5156,Distance STARLINK-5810 - STARLINK-11270 [DTC],Distance STARLINK-5810 - STARLINK-11115 [DTC],Distance STARLINK-5810 - STARLINK-5024,Distance STARLINK-5810 - STARLINK-1531,Distance STARLINK-5810 - STARLINK-30454,Distance STARLINK-5810 - STARLINK-11261 [DTC],Distance STARLINK-5810 - STARLINK-5739,Distance STARLINK-5810 - STARLINK-31271,Distance STARLINK-5810 - STARLINK-3889,Distance STARLINK-5810 - STARLINK-5077,Distance STARLINK-5810 - STARLINK-3956,Distance STARLINK-5810 - STARLINK-2286,Distance STARLINK-5810 - STARLINK-5544,Distance STARLINK-5810 - STARLINK-4268,Distance STARLINK-5810 - STARLINK-1329,Distance STARLINK-5810 - STARLINK-30712,Distance STARLINK-5810 - STARLINK-32042,Distance STARLINK-5810 - STARLINK-3867,Distance STARLINK-5810 - STARLINK-31048,Distance STARLINK-5810 - STARLINK-3892,Distance STARLINK-5810 - STARLINK-30297,Distance STARLINK-5810 - STARLINK-11256 [DTC],Distance STARLINK-5810 - STARLINK-31789,Distance STARLINK-5810 - STARLINK-30286,Distance STARLINK-5810 - STARLINK-32233,Distance STARLINK-5810 - STARLINK-5521,Distance STARLINK-5810 - STARLINK-4693,Distance STARLINK-5810 - STARLINK-5545,Distance STARLINK-5810 - STARLINK-30233,Distance STARLINK-5810 - STARLINK-30535,Distance STARLINK-5810 - STARLINK-4134,Distance STARLINK-5810 - STARLINK-4640,Distance STARLINK-5810 - STARLINK-4040,Distance STARLINK-5810 - STARLINK-31486,Distance STARLINK-5810 - STARLINK-1080,Distance STARLINK-5810 - STARLINK-31930,Distance STARLINK-5810 - STARLINK-2452,Distance STARLINK-5810 - STARLINK-32025,Distance STARLINK-5810 - STARLINK-5581,Distance STARLINK-5810 - STARLINK-32017,Distance STARLINK-5810 - STARLINK-31120,Distance STARLINK-5810 - STARLINK-4445,Distance STARLINK-5810 - STARLINK-31557,Distance STARLINK-5810 - STARLINK-30968,Distance STARLINK-5810 - STARLINK-11288 [DTC],Distance STARLINK-5810 - STARLINK-30583,Distance STARLINK-5810 - STARLINK-5320,Distance STARLINK-5810 - STARLINK-31062,Distance STARLINK-5810 - STARLINK-3398,Distance STARLINK-5810 - STARLINK-3625,Distance STARLINK-5810 - STARLINK-30570,Distance STARLINK-5810 - STARLINK-5582,Distance STARLINK-5810 - STARLINK-3147,Distance STARLINK-5810 - STARLINK-5684,Distance STARLINK-5810 - STARLINK-4380,Distance STARLINK-5810 - STARLINK-32045,Distance STARLINK-5810 - STARLINK-1854,Distance STARLINK-5810 - STARLINK-6314,Distance STARLINK-5810 - STARLINK-4533,Distance STARLINK-5810 - STARLINK-30272,Distance STARLINK-5810 - STARLINK-4016,Distance STARLINK-5810 - STARLINK-6175,Distance STARLINK-5810 - STARLINK-4800,Distance STARLINK-5810 - STARLINK-5408,Distance STARLINK-5810 - STARLINK-5174,Distance STARLINK-5810 - STARLINK-6031,Distance STARLINK-5810 - STARLINK-2702,Distance STARLINK-5810 - STARLINK-2220,Distance STARLINK-5810 - STARLINK-2591,Distance STARLINK-5810 - MoonARTEMIS1,Distance STARLINK-5810 - MoonARTEMIS2,Distance STARLINK-5810 - MoonIOAGEO,Distance STARLINK-5810 - MoonIOAGNO,Distance STARLINK-5810 - MoonIOAGNO 0001,Distance STARLINK-5810 - MoonIOAGSO,Distance STARLINK-5810 - MoonIOAGSO 0001,Distance STARLINK-5810 - MoonLRO,Distance STARLINK-5810 - MarsSat1,Distance STARLINK-5810 - MarsSat2,Distance STARLINK-5810 - MarsSat3,Distance STARLINK-5810 - MarsSat4,Distance STARLINK-1917 - STARLINK-2121,Distance STARLINK-1917 - STARLINK-31954,Distance STARLINK-1917 - STARLINK-6067,Distance STARLINK-1917 - STARLINK-1504,Distance STARLINK-1917 - STARLINK-31085,Distance STARLINK-1917 - STARLINK-6149,Distance STARLINK-1917 - STARLINK-1277,Distance STARLINK-1917 - STARLINK-4701,Distance STARLINK-1917 - STARLINK-2630,Distance STARLINK-1917 - STARLINK-3978,Distance STARLINK-1917 - STARLINK-1048,Distance STARLINK-1917 - STARLINK-30538,Distance STARLINK-1917 - STARLINK-30964,Distance STARLINK-1917 - STARLINK-30338,Distance STARLINK-1917 - STARLINK-3119,Distance STARLINK-1917 - STARLINK-11123 [DTC],Distance STARLINK-1917 - STARLINK-5114,Distance STARLINK-1917 - STARLINK-1263,Distance STARLINK-1917 - STARLINK-31500,Distance STARLINK-1917 - STARLINK-2611,Distance STARLINK-1917 - STARLINK-6112,Distance STARLINK-1917 - STARLINK-3573,Distance STARLINK-1917 - STARLINK-5156,Distance STARLINK-1917 - STARLINK-11270 [DTC],Distance STARLINK-1917 - STARLINK-11115 [DTC],Distance STARLINK-1917 - STARLINK-5024,Distance STARLINK-1917 - STARLINK-1531,Distance STARLINK-1917 - STARLINK-30454,Distance STARLINK-1917 - STARLINK-11261 [DTC],Distance STARLINK-1917 - STARLINK-5739,Distance STARLINK-1917 - STARLINK-31271,Distance STARLINK-1917 - STARLINK-3889,Distance STARLINK-1917 - STARLINK-5077,Distance STARLINK-1917 - STARLINK-3956,Distance STARLINK-1917 - STARLINK-2286,Distance STARLINK-1917 - STARLINK-5544,Distance STARLINK-1917 - STARLINK-4268,Distance STARLINK-1917 - STARLINK-1329,Distance STARLINK-1917 - STARLINK-30712,Distance STARLINK-1917 - STARLINK-32042,Distance STARLINK-1917 - STARLINK-3867,Distance STARLINK-1917 - STARLINK-31048,Distance STARLINK-1917 - STARLINK-3892,Distance STARLINK-1917 - STARLINK-30297,Distance STARLINK-1917 - STARLINK-11256 [DTC],Distance STARLINK-1917 - STARLINK-31789,Distance STARLINK-1917 - STARLINK-30286,Distance STARLINK-1917 - STARLINK-32233,Distance STARLINK-1917 - STARLINK-5521,Distance STARLINK-1917 - STARLINK-4693,Distance STARLINK-1917 - STARLINK-5545,Distance STARLINK-1917 - STARLINK-30233,Distance STARLINK-1917 - STARLINK-30535,Distance STARLINK-1917 - STARLINK-4134,Distance STARLINK-1917 - STARLINK-4640,Distance STARLINK-1917 - STARLINK-4040,Distance STARLINK-1917 - STARLINK-31486,Distance STARLINK-1917 - STARLINK-1080,Distance STARLINK-1917 - STARLINK-31930,Distance STARLINK-1917 - STARLINK-2452,Distance STARLINK-1917 - STARLINK-32025,Distance STARLINK-1917 - STARLINK-5581,Distance STARLINK-1917 - STARLINK-32017,Distance STARLINK-1917 - STARLINK-31120,Distance STARLINK-1917 - STARLINK-4445,Distance STARLINK-1917 - STARLINK-31557,Distance STARLINK-1917 - STARLINK-30968,Distance STARLINK-1917 - STARLINK-11288 [DTC],Distance STARLINK-1917 - STARLINK-30583,Distance STARLINK-1917 - STARLINK-5320,Distance STARLINK-1917 - STARLINK-31062,Distance STARLINK-1917 - STARLINK-3398,Distance STARLINK-1917 - STARLINK-3625,Distance STARLINK-1917 - STARLINK-30570,Distance STARLINK-1917 - STARLINK-5582,Distance STARLINK-1917 - STARLINK-3147,Distance STARLINK-1917 - STARLINK-5684,Distance STARLINK-1917 - STARLINK-4380,Distance STARLINK-1917 - STARLINK-32045,Distance STARLINK-1917 - STARLINK-1854,Distance STARLINK-1917 - STARLINK-6314,Distance STARLINK-1917 - STARLINK-4533,Distance STARLINK-1917 - STARLINK-30272,Distance STARLINK-1917 - STARLINK-4016,Distance STARLINK-1917 - STARLINK-6175,Distance STARLINK-1917 - STARLINK-4800,Distance STARLINK-1917 - STARLINK-5408,Distance STARLINK-1917 - STARLINK-5174,Distance STARLINK-1917 - STARLINK-6031,Distance STARLINK-1917 - STARLINK-2702,Distance STARLINK-1917 - STARLINK-2220,Distance STARLINK-1917 - STARLINK-2591,Distance STARLINK-1917 - MoonARTEMIS1,Distance STARLINK-1917 - MoonARTEMIS2,Distance STARLINK-1917 - MoonIOAGEO,Distance STARLINK-1917 - MoonIOAGNO,Distance STARLINK-1917 - MoonIOAGNO 0001,Distance STARLINK-1917 - MoonIOAGSO,Distance STARLINK-1917 - MoonIOAGSO 0001,Distance STARLINK-1917 - MoonLRO,Distance STARLINK-1917 - MarsSat1,Distance STARLINK-1917 - MarsSat2,Distance STARLINK-1917 - MarsSat3,Distance STARLINK-1917 - MarsSat4,Distance STARLINK-2121 - STARLINK-31954,Distance STARLINK-2121 - STARLINK-6067,Distance STARLINK-2121 - STARLINK-1504,Distance STARLINK-2121 - STARLINK-31085,Distance STARLINK-2121 - STARLINK-6149,Distance STARLINK-2121 - STARLINK-1277,Distance STARLINK-2121 - STARLINK-4701,Distance STARLINK-2121 - STARLINK-2630,Distance STARLINK-2121 - STARLINK-3978,Distance STARLINK-2121 - STARLINK-1048,Distance STARLINK-2121 - STARLINK-30538,Distance STARLINK-2121 - STARLINK-30964,Distance STARLINK-2121 - STARLINK-30338,Distance STARLINK-2121 - STARLINK-3119,Distance STARLINK-2121 - STARLINK-11123 [DTC],Distance STARLINK-2121 - STARLINK-5114,Distance STARLINK-2121 - STARLINK-1263,Distance STARLINK-2121 - STARLINK-31500,Distance STARLINK-2121 - STARLINK-2611,Distance STARLINK-2121 - STARLINK-6112,Distance STARLINK-2121 - STARLINK-3573,Distance STARLINK-2121 - STARLINK-5156,Distance STARLINK-2121 - STARLINK-11270 [DTC],Distance STARLINK-2121 - STARLINK-11115 [DTC],Distance STARLINK-2121 - STARLINK-5024,Distance STARLINK-2121 - STARLINK-1531,Distance STARLINK-2121 - STARLINK-30454,Distance STARLINK-2121 - STARLINK-11261 [DTC],Distance STARLINK-2121 - STARLINK-5739,Distance STARLINK-2121 - STARLINK-31271,Distance STARLINK-2121 - STARLINK-3889,Distance STARLINK-2121 - STARLINK-5077,Distance STARLINK-2121 - STARLINK-3956,Distance STARLINK-2121 - STARLINK-2286,Distance STARLINK-2121 - STARLINK-5544,Distance STARLINK-2121 - STARLINK-4268,Distance STARLINK-2121 - STARLINK-1329,Distance STARLINK-2121 - STARLINK-30712,Distance STARLINK-2121 - STARLINK-32042,Distance STARLINK-2121 - STARLINK-3867,Distance STARLINK-2121 - STARLINK-31048,Distance STARLINK-2121 - STARLINK-3892,Distance STARLINK-2121 - STARLINK-30297,Distance STARLINK-2121 - STARLINK-11256 [DTC],Distance STARLINK-2121 - STARLINK-31789,Distance STARLINK-2121 - STARLINK-30286,Distance STARLINK-2121 - STARLINK-32233,Distance STARLINK-2121 - STARLINK-5521,Distance STARLINK-2121 - STARLINK-4693,Distance STARLINK-2121 - STARLINK-5545,Distance STARLINK-2121 - STARLINK-30233,Distance STARLINK-2121 - STARLINK-30535,Distance STARLINK-2121 - STARLINK-4134,Distance STARLINK-2121 - STARLINK-4640,Distance STARLINK-2121 - STARLINK-4040,Distance STARLINK-2121 - STARLINK-31486,Distance STARLINK-2121 - STARLINK-1080,Distance STARLINK-2121 - STARLINK-31930,Distance STARLINK-2121 - STARLINK-2452,Distance STARLINK-2121 - STARLINK-32025,Distance STARLINK-2121 - STARLINK-5581,Distance STARLINK-2121 - STARLINK-32017,Distance STARLINK-2121 - STARLINK-31120,Distance STARLINK-2121 - STARLINK-4445,Distance STARLINK-2121 - STARLINK-31557,Distance STARLINK-2121 - STARLINK-30968,Distance STARLINK-2121 - STARLINK-11288 [DTC],Distance STARLINK-2121 - STARLINK-30583,Distance STARLINK-2121 - STARLINK-5320,Distance STARLINK-2121 - STARLINK-31062,Distance STARLINK-2121 - STARLINK-3398,Distance STARLINK-2121 - STARLINK-3625,Distance STARLINK-2121 - STARLINK-30570,Distance STARLINK-2121 - STARLINK-5582,Distance STARLINK-2121 - STARLINK-3147,Distance STARLINK-2121 - STARLINK-5684,Distance STARLINK-2121 - STARLINK-4380,Distance STARLINK-2121 - STARLINK-32045,Distance STARLINK-2121 - STARLINK-1854,Distance STARLINK-2121 - STARLINK-6314,Distance STARLINK-2121 - STARLINK-4533,Distance STARLINK-2121 - STARLINK-30272,Distance STARLINK-2121 - STARLINK-4016,Distance STARLINK-2121 - STARLINK-6175,Distance STARLINK-2121 - STARLINK-4800,Distance STARLINK-2121 - STARLINK-5408,Distance STARLINK-2121 - STARLINK-5174,Distance STARLINK-2121 - STARLINK-6031,Distance STARLINK-2121 - STARLINK-2702,Distance STARLINK-2121 - STARLINK-2220,Distance STARLINK-2121 - STARLINK-2591,Distance STARLINK-2121 - MoonARTEMIS1,Distance STARLINK-2121 - MoonARTEMIS2,Distance STARLINK-2121 - MoonIOAGEO,Distance STARLINK-2121 - MoonIOAGNO,Distance STARLINK-2121 - MoonIOAGNO 0001,Distance STARLINK-2121 - MoonIOAGSO,Distance STARLINK-2121 - MoonIOAGSO 0001,Distance STARLINK-2121 - MoonLRO,Distance STARLINK-2121 - MarsSat1,Distance STARLINK-2121 - MarsSat2,Distance STARLINK-2121 - MarsSat3,Distance STARLINK-2121 - MarsSat4,Distance STARLINK-31954 - STARLINK-6067,Distance STARLINK-31954 - STARLINK-1504,Distance STARLINK-31954 - STARLINK-31085,Distance STARLINK-31954 - STARLINK-6149,Distance STARLINK-31954 - STARLINK-1277,Distance STARLINK-31954 - STARLINK-4701,Distance STARLINK-31954 - STARLINK-2630,Distance STARLINK-31954 - STARLINK-3978,Distance STARLINK-31954 - STARLINK-1048,Distance STARLINK-31954 - STARLINK-30538,Distance STARLINK-31954 - STARLINK-30964,Distance STARLINK-31954 - STARLINK-30338,Distance STARLINK-31954 - STARLINK-3119,Distance STARLINK-31954 - STARLINK-11123 [DTC],Distance STARLINK-31954 - STARLINK-5114,Distance STARLINK-31954 - STARLINK-1263,Distance STARLINK-31954 - STARLINK-31500,Distance STARLINK-31954 - STARLINK-2611,Distance STARLINK-31954 - STARLINK-6112,Distance STARLINK-31954 - STARLINK-3573,Distance STARLINK-31954 - STARLINK-5156,Distance STARLINK-31954 - STARLINK-11270 [DTC],Distance STARLINK-31954 - STARLINK-11115 [DTC],Distance STARLINK-31954 - STARLINK-5024,Distance STARLINK-31954 - STARLINK-1531,Distance STARLINK-31954 - STARLINK-30454,Distance STARLINK-31954 - STARLINK-11261 [DTC],Distance STARLINK-31954 - STARLINK-5739,Distance STARLINK-31954 - STARLINK-31271,Distance STARLINK-31954 - STARLINK-3889,Distance STARLINK-31954 - STARLINK-5077,Distance STARLINK-31954 - STARLINK-3956,Distance STARLINK-31954 - STARLINK-2286,Distance STARLINK-31954 - STARLINK-5544,Distance STARLINK-31954 - STARLINK-4268,Distance STARLINK-31954 - STARLINK-1329,Distance STARLINK-31954 - STARLINK-30712,Distance STARLINK-31954 - STARLINK-32042,Distance STARLINK-31954 - STARLINK-3867,Distance STARLINK-31954 - STARLINK-31048,Distance STARLINK-31954 - STARLINK-3892,Distance STARLINK-31954 - STARLINK-30297,Distance STARLINK-31954 - STARLINK-11256 [DTC],Distance STARLINK-31954 - STARLINK-31789,Distance STARLINK-31954 - STARLINK-30286,Distance STARLINK-31954 - STARLINK-32233,Distance STARLINK-31954 - STARLINK-5521,Distance STARLINK-31954 - STARLINK-4693,Distance STARLINK-31954 - STARLINK-5545,Distance STARLINK-31954 - STARLINK-30233,Distance STARLINK-31954 - STARLINK-30535,Distance STARLINK-31954 - STARLINK-4134,Distance STARLINK-31954 - STARLINK-4640,Distance STARLINK-31954 - STARLINK-4040,Distance STARLINK-31954 - STARLINK-31486,Distance STARLINK-31954 - STARLINK-1080,Distance STARLINK-31954 - STARLINK-31930,Distance STARLINK-31954 - STARLINK-2452,Distance STARLINK-31954 - STARLINK-32025,Distance STARLINK-31954 - STARLINK-5581,Distance STARLINK-31954 - STARLINK-32017,Distance STARLINK-31954 - STARLINK-31120,Distance STARLINK-31954 - STARLINK-4445,Distance STARLINK-31954 - STARLINK-31557,Distance STARLINK-31954 - STARLINK-30968,Distance STARLINK-31954 - STARLINK-11288 [DTC],Distance STARLINK-31954 - STARLINK-30583,Distance STARLINK-31954 - STARLINK-5320,Distance STARLINK-31954 - STARLINK-31062,Distance STARLINK-31954 - STARLINK-3398,Distance STARLINK-31954 - STARLINK-3625,Distance STARLINK-31954 - STARLINK-30570,Distance STARLINK-31954 - STARLINK-5582,Distance STARLINK-31954 - STARLINK-3147,Distance STARLINK-31954 - STARLINK-5684,Distance STARLINK-31954 - STARLINK-4380,Distance STARLINK-31954 - STARLINK-32045,Distance STARLINK-31954 - STARLINK-1854,Distance STARLINK-31954 - STARLINK-6314,Distance STARLINK-31954 - STARLINK-4533,Distance STARLINK-31954 - STARLINK-30272,Distance STARLINK-31954 - STARLINK-4016,Distance STARLINK-31954 - STARLINK-6175,Distance STARLINK-31954 - STARLINK-4800,Distance STARLINK-31954 - STARLINK-5408,Distance STARLINK-31954 - STARLINK-5174,Distance STARLINK-31954 - STARLINK-6031,Distance STARLINK-31954 - STARLINK-2702,Distance STARLINK-31954 - STARLINK-2220,Distance STARLINK-31954 - STARLINK-2591,Distance STARLINK-31954 - MoonARTEMIS1,Distance STARLINK-31954 - MoonARTEMIS2,Distance STARLINK-31954 - MoonIOAGEO,Distance STARLINK-31954 - MoonIOAGNO,Distance STARLINK-31954 - MoonIOAGNO 0001,Distance STARLINK-31954 - MoonIOAGSO,Distance STARLINK-31954 - MoonIOAGSO 0001,Distance STARLINK-31954 - MoonLRO,Distance STARLINK-31954 - MarsSat1,Distance STARLINK-31954 - MarsSat2,Distance STARLINK-31954 - MarsSat3,Distance STARLINK-31954 - MarsSat4,Distance STARLINK-6067 - STARLINK-1504,Distance STARLINK-6067 - STARLINK-31085,Distance STARLINK-6067 - STARLINK-6149,Distance STARLINK-6067 - STARLINK-1277,Distance STARLINK-6067 - STARLINK-4701,Distance STARLINK-6067 - STARLINK-2630,Distance STARLINK-6067 - STARLINK-3978,Distance STARLINK-6067 - STARLINK-1048,Distance STARLINK-6067 - STARLINK-30538,Distance STARLINK-6067 - STARLINK-30964,Distance STARLINK-6067 - STARLINK-30338,Distance STARLINK-6067 - STARLINK-3119,Distance STARLINK-6067 - STARLINK-11123 [DTC],Distance STARLINK-6067 - STARLINK-5114,Distance STARLINK-6067 - STARLINK-1263,Distance STARLINK-6067 - STARLINK-31500,Distance STARLINK-6067 - STARLINK-2611,Distance STARLINK-6067 - STARLINK-6112,Distance STARLINK-6067 - STARLINK-3573,Distance STARLINK-6067 - STARLINK-5156,Distance STARLINK-6067 - STARLINK-11270 [DTC],Distance STARLINK-6067 - STARLINK-11115 [DTC],Distance STARLINK-6067 - STARLINK-5024,Distance STARLINK-6067 - STARLINK-1531,Distance STARLINK-6067 - STARLINK-30454,Distance STARLINK-6067 - STARLINK-11261 [DTC],Distance STARLINK-6067 - STARLINK-5739,Distance STARLINK-6067 - STARLINK-31271,Distance STARLINK-6067 - STARLINK-3889,Distance STARLINK-6067 - STARLINK-5077,Distance STARLINK-6067 - STARLINK-3956,Distance STARLINK-6067 - STARLINK-2286,Distance STARLINK-6067 - STARLINK-5544,Distance STARLINK-6067 - STARLINK-4268,Distance STARLINK-6067 - STARLINK-1329,Distance STARLINK-6067 - STARLINK-30712,Distance STARLINK-6067 - STARLINK-32042,Distance STARLINK-6067 - STARLINK-3867,Distance STARLINK-6067 - STARLINK-31048,Distance STARLINK-6067 - STARLINK-3892,Distance STARLINK-6067 - STARLINK-30297,Distance STARLINK-6067 - STARLINK-11256 [DTC],Distance STARLINK-6067 - STARLINK-31789,Distance STARLINK-6067 - STARLINK-30286,Distance STARLINK-6067 - STARLINK-32233,Distance STARLINK-6067 - STARLINK-5521,Distance STARLINK-6067 - STARLINK-4693,Distance STARLINK-6067 - STARLINK-5545,Distance STARLINK-6067 - STARLINK-30233,Distance STARLINK-6067 - STARLINK-30535,Distance STARLINK-6067 - STARLINK-4134,Distance STARLINK-6067 - STARLINK-4640,Distance STARLINK-6067 - STARLINK-4040,Distance STARLINK-6067 - STARLINK-31486,Distance STARLINK-6067 - STARLINK-1080,Distance STARLINK-6067 - STARLINK-31930,Distance STARLINK-6067 - STARLINK-2452,Distance STARLINK-6067 - STARLINK-32025,Distance STARLINK-6067 - STARLINK-5581,Distance STARLINK-6067 - STARLINK-32017,Distance STARLINK-6067 - STARLINK-31120,Distance STARLINK-6067 - STARLINK-4445,Distance STARLINK-6067 - STARLINK-31557,Distance STARLINK-6067 - STARLINK-30968,Distance STARLINK-6067 - STARLINK-11288 [DTC],Distance STARLINK-6067 - STARLINK-30583,Distance STARLINK-6067 - STARLINK-5320,Distance STARLINK-6067 - STARLINK-31062,Distance STARLINK-6067 - STARLINK-3398,Distance STARLINK-6067 - STARLINK-3625,Distance STARLINK-6067 - STARLINK-30570,Distance STARLINK-6067 - STARLINK-5582,Distance STARLINK-6067 - STARLINK-3147,Distance STARLINK-6067 - STARLINK-5684,Distance STARLINK-6067 - STARLINK-4380,Distance STARLINK-6067 - STARLINK-32045,Distance STARLINK-6067 - STARLINK-1854,Distance STARLINK-6067 - STARLINK-6314,Distance STARLINK-6067 - STARLINK-4533,Distance STARLINK-6067 - STARLINK-30272,Distance STARLINK-6067 - STARLINK-4016,Distance STARLINK-6067 - STARLINK-6175,Distance STARLINK-6067 - STARLINK-4800,Distance STARLINK-6067 - STARLINK-5408,Distance STARLINK-6067 - STARLINK-5174,Distance STARLINK-6067 - STARLINK-6031,Distance STARLINK-6067 - STARLINK-2702,Distance STARLINK-6067 - STARLINK-2220,Distance STARLINK-6067 - STARLINK-2591,Distance STARLINK-6067 - MoonARTEMIS1,Distance STARLINK-6067 - MoonARTEMIS2,Distance STARLINK-6067 - MoonIOAGEO,Distance STARLINK-6067 - MoonIOAGNO,Distance STARLINK-6067 - MoonIOAGNO 0001,Distance STARLINK-6067 - MoonIOAGSO,Distance STARLINK-6067 - MoonIOAGSO 0001,Distance STARLINK-6067 - MoonLRO,Distance STARLINK-6067 - MarsSat1,Distance STARLINK-6067 - MarsSat2,Distance STARLINK-6067 - MarsSat3,Distance STARLINK-6067 - MarsSat4,Distance STARLINK-1504 - STARLINK-31085,Distance STARLINK-1504 - STARLINK-6149,Distance STARLINK-1504 - STARLINK-1277,Distance STARLINK-1504 - STARLINK-4701,Distance STARLINK-1504 - STARLINK-2630,Distance STARLINK-1504 - STARLINK-3978,Distance STARLINK-1504 - STARLINK-1048,Distance STARLINK-1504 - STARLINK-30538,Distance STARLINK-1504 - STARLINK-30964,Distance STARLINK-1504 - STARLINK-30338,Distance STARLINK-1504 - STARLINK-3119,Distance STARLINK-1504 - STARLINK-11123 [DTC],Distance STARLINK-1504 - STARLINK-5114,Distance STARLINK-1504 - STARLINK-1263,Distance STARLINK-1504 - STARLINK-31500,Distance STARLINK-1504 - STARLINK-2611,Distance STARLINK-1504 - STARLINK-6112,Distance STARLINK-1504 - STARLINK-3573,Distance STARLINK-1504 - STARLINK-5156,Distance STARLINK-1504 - STARLINK-11270 [DTC],Distance STARLINK-1504 - STARLINK-11115 [DTC],Distance STARLINK-1504 - STARLINK-5024,Distance STARLINK-1504 - STARLINK-1531,Distance STARLINK-1504 - STARLINK-30454,Distance STARLINK-1504 - STARLINK-11261 [DTC],Distance STARLINK-1504 - STARLINK-5739,Distance STARLINK-1504 - STARLINK-31271,Distance STARLINK-1504 - STARLINK-3889,Distance STARLINK-1504 - STARLINK-5077,Distance STARLINK-1504 - STARLINK-3956,Distance STARLINK-1504 - STARLINK-2286,Distance STARLINK-1504 - STARLINK-5544,Distance STARLINK-1504 - STARLINK-4268,Distance STARLINK-1504 - STARLINK-1329,Distance STARLINK-1504 - STARLINK-30712,Distance STARLINK-1504 - STARLINK-32042,Distance STARLINK-1504 - STARLINK-3867,Distance STARLINK-1504 - STARLINK-31048,Distance STARLINK-1504 - STARLINK-3892,Distance STARLINK-1504 - STARLINK-30297,Distance STARLINK-1504 - STARLINK-11256 [DTC],Distance STARLINK-1504 - STARLINK-31789,Distance STARLINK-1504 - STARLINK-30286,Distance STARLINK-1504 - STARLINK-32233,Distance STARLINK-1504 - STARLINK-5521,Distance STARLINK-1504 - STARLINK-4693,Distance STARLINK-1504 - STARLINK-5545,Distance STARLINK-1504 - STARLINK-30233,Distance STARLINK-1504 - STARLINK-30535,Distance STARLINK-1504 - STARLINK-4134,Distance STARLINK-1504 - STARLINK-4640,Distance STARLINK-1504 - STARLINK-4040,Distance STARLINK-1504 - STARLINK-31486,Distance STARLINK-1504 - STARLINK-1080,Distance STARLINK-1504 - STARLINK-31930,Distance STARLINK-1504 - STARLINK-2452,Distance STARLINK-1504 - STARLINK-32025,Distance STARLINK-1504 - STARLINK-5581,Distance STARLINK-1504 - STARLINK-32017,Distance STARLINK-1504 - STARLINK-31120,Distance STARLINK-1504 - STARLINK-4445,Distance STARLINK-1504 - STARLINK-31557,Distance STARLINK-1504 - STARLINK-30968,Distance STARLINK-1504 - STARLINK-11288 [DTC],Distance STARLINK-1504 - STARLINK-30583,Distance STARLINK-1504 - STARLINK-5320,Distance STARLINK-1504 - STARLINK-31062,Distance STARLINK-1504 - STARLINK-3398,Distance STARLINK-1504 - STARLINK-3625,Distance STARLINK-1504 - STARLINK-30570,Distance STARLINK-1504 - STARLINK-5582,Distance STARLINK-1504 - STARLINK-3147,Distance STARLINK-1504 - STARLINK-5684,Distance STARLINK-1504 - STARLINK-4380,Distance STARLINK-1504 - STARLINK-32045,Distance STARLINK-1504 - STARLINK-1854,Distance STARLINK-1504 - STARLINK-6314,Distance STARLINK-1504 - STARLINK-4533,Distance STARLINK-1504 - STARLINK-30272,Distance STARLINK-1504 - STARLINK-4016,Distance STARLINK-1504 - STARLINK-6175,Distance STARLINK-1504 - STARLINK-4800,Distance STARLINK-1504 - STARLINK-5408,Distance STARLINK-1504 - STARLINK-5174,Distance STARLINK-1504 - STARLINK-6031,Distance STARLINK-1504 - STARLINK-2702,Distance STARLINK-1504 - STARLINK-2220,Distance STARLINK-1504 - STARLINK-2591,Distance STARLINK-1504 - MoonARTEMIS1,Distance STARLINK-1504 - MoonARTEMIS2,Distance STARLINK-1504 - MoonIOAGEO,Distance STARLINK-1504 - MoonIOAGNO,Distance STARLINK-1504 - MoonIOAGNO 0001,Distance STARLINK-1504 - MoonIOAGSO,Distance STARLINK-1504 - MoonIOAGSO 0001,Distance STARLINK-1504 - MoonLRO,Distance STARLINK-1504 - MarsSat1,Distance STARLINK-1504 - MarsSat2,Distance STARLINK-1504 - MarsSat3,Distance STARLINK-1504 - MarsSat4,Distance STARLINK-31085 - STARLINK-6149,Distance STARLINK-31085 - STARLINK-1277,Distance STARLINK-31085 - STARLINK-4701,Distance STARLINK-31085 - STARLINK-2630,Distance STARLINK-31085 - STARLINK-3978,Distance STARLINK-31085 - STARLINK-1048,Distance STARLINK-31085 - STARLINK-30538,Distance STARLINK-31085 - STARLINK-30964,Distance STARLINK-31085 - STARLINK-30338,Distance STARLINK-31085 - STARLINK-3119,Distance STARLINK-31085 - STARLINK-11123 [DTC],Distance STARLINK-31085 - STARLINK-5114,Distance STARLINK-31085 - STARLINK-1263,Distance STARLINK-31085 - STARLINK-31500,Distance STARLINK-31085 - STARLINK-2611,Distance STARLINK-31085 - STARLINK-6112,Distance STARLINK-31085 - STARLINK-3573,Distance STARLINK-31085 - STARLINK-5156,Distance STARLINK-31085 - STARLINK-11270 [DTC],Distance STARLINK-31085 - STARLINK-11115 [DTC],Distance STARLINK-31085 - STARLINK-5024,Distance STARLINK-31085 - STARLINK-1531,Distance STARLINK-31085 - STARLINK-30454,Distance STARLINK-31085 - STARLINK-11261 [DTC],Distance STARLINK-31085 - STARLINK-5739,Distance STARLINK-31085 - STARLINK-31271,Distance STARLINK-31085 - STARLINK-3889,Distance STARLINK-31085 - STARLINK-5077,Distance STARLINK-31085 - STARLINK-3956,Distance STARLINK-31085 - STARLINK-2286,Distance STARLINK-31085 - STARLINK-5544,Distance STARLINK-31085 - STARLINK-4268,Distance STARLINK-31085 - STARLINK-1329,Distance STARLINK-31085 - STARLINK-30712,Distance STARLINK-31085 - STARLINK-32042,Distance STARLINK-31085 - STARLINK-3867,Distance STARLINK-31085 - STARLINK-31048,Distance STARLINK-31085 - STARLINK-3892,Distance STARLINK-31085 - STARLINK-30297,Distance STARLINK-31085 - STARLINK-11256 [DTC],Distance STARLINK-31085 - STARLINK-31789,Distance STARLINK-31085 - STARLINK-30286,Distance STARLINK-31085 - STARLINK-32233,Distance STARLINK-31085 - STARLINK-5521,Distance STARLINK-31085 - STARLINK-4693,Distance STARLINK-31085 - STARLINK-5545,Distance STARLINK-31085 - STARLINK-30233,Distance STARLINK-31085 - STARLINK-30535,Distance STARLINK-31085 - STARLINK-4134,Distance STARLINK-31085 - STARLINK-4640,Distance STARLINK-31085 - STARLINK-4040,Distance STARLINK-31085 - STARLINK-31486,Distance STARLINK-31085 - STARLINK-1080,Distance STARLINK-31085 - STARLINK-31930,Distance STARLINK-31085 - STARLINK-2452,Distance STARLINK-31085 - STARLINK-32025,Distance STARLINK-31085 - STARLINK-5581,Distance STARLINK-31085 - STARLINK-32017,Distance STARLINK-31085 - STARLINK-31120,Distance STARLINK-31085 - STARLINK-4445,Distance STARLINK-31085 - STARLINK-31557,Distance STARLINK-31085 - STARLINK-30968,Distance STARLINK-31085 - STARLINK-11288 [DTC],Distance STARLINK-31085 - STARLINK-30583,Distance STARLINK-31085 - STARLINK-5320,Distance STARLINK-31085 - STARLINK-31062,Distance STARLINK-31085 - STARLINK-3398,Distance STARLINK-31085 - STARLINK-3625,Distance STARLINK-31085 - STARLINK-30570,Distance STARLINK-31085 - STARLINK-5582,Distance STARLINK-31085 - STARLINK-3147,Distance STARLINK-31085 - STARLINK-5684,Distance STARLINK-31085 - STARLINK-4380,Distance STARLINK-31085 - STARLINK-32045,Distance STARLINK-31085 - STARLINK-1854,Distance STARLINK-31085 - STARLINK-6314,Distance STARLINK-31085 - STARLINK-4533,Distance STARLINK-31085 - STARLINK-30272,Distance STARLINK-31085 - STARLINK-4016,Distance STARLINK-31085 - STARLINK-6175,Distance STARLINK-31085 - STARLINK-4800,Distance STARLINK-31085 - STARLINK-5408,Distance STARLINK-31085 - STARLINK-5174,Distance STARLINK-31085 - STARLINK-6031,Distance STARLINK-31085 - STARLINK-2702,Distance STARLINK-31085 - STARLINK-2220,Distance STARLINK-31085 - STARLINK-2591,Distance STARLINK-31085 - MoonARTEMIS1,Distance STARLINK-31085 - MoonARTEMIS2,Distance STARLINK-31085 - MoonIOAGEO,Distance STARLINK-31085 - MoonIOAGNO,Distance STARLINK-31085 - MoonIOAGNO 0001,Distance STARLINK-31085 - MoonIOAGSO,Distance STARLINK-31085 - MoonIOAGSO 0001,Distance STARLINK-31085 - MoonLRO,Distance STARLINK-31085 - MarsSat1,Distance STARLINK-31085 - MarsSat2,Distance STARLINK-31085 - MarsSat3,Distance STARLINK-31085 - MarsSat4,Distance STARLINK-6149 - STARLINK-1277,Distance STARLINK-6149 - STARLINK-4701,Distance STARLINK-6149 - STARLINK-2630,Distance STARLINK-6149 - STARLINK-3978,Distance STARLINK-6149 - STARLINK-1048,Distance STARLINK-6149 - STARLINK-30538,Distance STARLINK-6149 - STARLINK-30964,Distance STARLINK-6149 - STARLINK-30338,Distance STARLINK-6149 - STARLINK-3119,Distance STARLINK-6149 - STARLINK-11123 [DTC],Distance STARLINK-6149 - STARLINK-5114,Distance STARLINK-6149 - STARLINK-1263,Distance STARLINK-6149 - STARLINK-31500,Distance STARLINK-6149 - STARLINK-2611,Distance STARLINK-6149 - STARLINK-6112,Distance STARLINK-6149 - STARLINK-3573,Distance STARLINK-6149 - STARLINK-5156,Distance STARLINK-6149 - STARLINK-11270 [DTC],Distance STARLINK-6149 - STARLINK-11115 [DTC],Distance STARLINK-6149 - STARLINK-5024,Distance STARLINK-6149 - STARLINK-1531,Distance STARLINK-6149 - STARLINK-30454,Distance STARLINK-6149 - STARLINK-11261 [DTC],Distance STARLINK-6149 - STARLINK-5739,Distance STARLINK-6149 - STARLINK-31271,Distance STARLINK-6149 - STARLINK-3889,Distance STARLINK-6149 - STARLINK-5077,Distance STARLINK-6149 - STARLINK-3956,Distance STARLINK-6149 - STARLINK-2286,Distance STARLINK-6149 - STARLINK-5544,Distance STARLINK-6149 - STARLINK-4268,Distance STARLINK-6149 - STARLINK-1329,Distance STARLINK-6149 - STARLINK-30712,Distance STARLINK-6149 - STARLINK-32042,Distance STARLINK-6149 - STARLINK-3867,Distance STARLINK-6149 - STARLINK-31048,Distance STARLINK-6149 - STARLINK-3892,Distance STARLINK-6149 - STARLINK-30297,Distance STARLINK-6149 - STARLINK-11256 [DTC],Distance STARLINK-6149 - STARLINK-31789,Distance STARLINK-6149 - STARLINK-30286,Distance STARLINK-6149 - STARLINK-32233,Distance STARLINK-6149 - STARLINK-5521,Distance STARLINK-6149 - STARLINK-4693,Distance STARLINK-6149 - STARLINK-5545,Distance STARLINK-6149 - STARLINK-30233,Distance STARLINK-6149 - STARLINK-30535,Distance STARLINK-6149 - STARLINK-4134,Distance STARLINK-6149 - STARLINK-4640,Distance STARLINK-6149 - STARLINK-4040,Distance STARLINK-6149 - STARLINK-31486,Distance STARLINK-6149 - STARLINK-1080,Distance STARLINK-6149 - STARLINK-31930,Distance STARLINK-6149 - STARLINK-2452,Distance STARLINK-6149 - STARLINK-32025,Distance STARLINK-6149 - STARLINK-5581,Distance STARLINK-6149 - STARLINK-32017,Distance STARLINK-6149 - STARLINK-31120,Distance STARLINK-6149 - STARLINK-4445,Distance STARLINK-6149 - STARLINK-31557,Distance STARLINK-6149 - STARLINK-30968,Distance STARLINK-6149 - STARLINK-11288 [DTC],Distance STARLINK-6149 - STARLINK-30583,Distance STARLINK-6149 - STARLINK-5320,Distance STARLINK-6149 - STARLINK-31062,Distance STARLINK-6149 - STARLINK-3398,Distance STARLINK-6149 - STARLINK-3625,Distance STARLINK-6149 - STARLINK-30570,Distance STARLINK-6149 - STARLINK-5582,Distance STARLINK-6149 - STARLINK-3147,Distance STARLINK-6149 - STARLINK-5684,Distance STARLINK-6149 - STARLINK-4380,Distance STARLINK-6149 - STARLINK-32045,Distance STARLINK-6149 - STARLINK-1854,Distance STARLINK-6149 - STARLINK-6314,Distance STARLINK-6149 - STARLINK-4533,Distance STARLINK-6149 - STARLINK-30272,Distance STARLINK-6149 - STARLINK-4016,Distance STARLINK-6149 - STARLINK-6175,Distance STARLINK-6149 - STARLINK-4800,Distance STARLINK-6149 - STARLINK-5408,Distance STARLINK-6149 - STARLINK-5174,Distance STARLINK-6149 - STARLINK-6031,Distance STARLINK-6149 - STARLINK-2702,Distance STARLINK-6149 - STARLINK-2220,Distance STARLINK-6149 - STARLINK-2591,Distance STARLINK-6149 - MoonARTEMIS1,Distance STARLINK-6149 - MoonARTEMIS2,Distance STARLINK-6149 - MoonIOAGEO,Distance STARLINK-6149 - MoonIOAGNO,Distance STARLINK-6149 - MoonIOAGNO 0001,Distance STARLINK-6149 - MoonIOAGSO,Distance STARLINK-6149 - MoonIOAGSO 0001,Distance STARLINK-6149 - MoonLRO,Distance STARLINK-6149 - MarsSat1,Distance STARLINK-6149 - MarsSat2,Distance STARLINK-6149 - MarsSat3,Distance STARLINK-6149 - MarsSat4,Distance STARLINK-1277 - STARLINK-4701,Distance STARLINK-1277 - STARLINK-2630,Distance STARLINK-1277 - STARLINK-3978,Distance STARLINK-1277 - STARLINK-1048,Distance STARLINK-1277 - STARLINK-30538,Distance STARLINK-1277 - STARLINK-30964,Distance STARLINK-1277 - STARLINK-30338,Distance STARLINK-1277 - STARLINK-3119,Distance STARLINK-1277 - STARLINK-11123 [DTC],Distance STARLINK-1277 - STARLINK-5114,Distance STARLINK-1277 - STARLINK-1263,Distance STARLINK-1277 - STARLINK-31500,Distance STARLINK-1277 - STARLINK-2611,Distance STARLINK-1277 - STARLINK-6112,Distance STARLINK-1277 - STARLINK-3573,Distance STARLINK-1277 - STARLINK-5156,Distance STARLINK-1277 - STARLINK-11270 [DTC],Distance STARLINK-1277 - STARLINK-11115 [DTC],Distance STARLINK-1277 - STARLINK-5024,Distance STARLINK-1277 - STARLINK-1531,Distance STARLINK-1277 - STARLINK-30454,Distance STARLINK-1277 - STARLINK-11261 [DTC],Distance STARLINK-1277 - STARLINK-5739,Distance STARLINK-1277 - STARLINK-31271,Distance STARLINK-1277 - STARLINK-3889,Distance STARLINK-1277 - STARLINK-5077,Distance STARLINK-1277 - STARLINK-3956,Distance STARLINK-1277 - STARLINK-2286,Distance STARLINK-1277 - STARLINK-5544,Distance STARLINK-1277 - STARLINK-4268,Distance STARLINK-1277 - STARLINK-1329,Distance STARLINK-1277 - STARLINK-30712,Distance STARLINK-1277 - STARLINK-32042,Distance STARLINK-1277 - STARLINK-3867,Distance STARLINK-1277 - STARLINK-31048,Distance STARLINK-1277 - STARLINK-3892,Distance STARLINK-1277 - STARLINK-30297,Distance STARLINK-1277 - STARLINK-11256 [DTC],Distance STARLINK-1277 - STARLINK-31789,Distance STARLINK-1277 - STARLINK-30286,Distance STARLINK-1277 - STARLINK-32233,Distance STARLINK-1277 - STARLINK-5521,Distance STARLINK-1277 - STARLINK-4693,Distance STARLINK-1277 - STARLINK-5545,Distance STARLINK-1277 - STARLINK-30233,Distance STARLINK-1277 - STARLINK-30535,Distance STARLINK-1277 - STARLINK-4134,Distance STARLINK-1277 - STARLINK-4640,Distance STARLINK-1277 - STARLINK-4040,Distance STARLINK-1277 - STARLINK-31486,Distance STARLINK-1277 - STARLINK-1080,Distance STARLINK-1277 - STARLINK-31930,Distance STARLINK-1277 - STARLINK-2452,Distance STARLINK-1277 - STARLINK-32025,Distance STARLINK-1277 - STARLINK-5581,Distance STARLINK-1277 - STARLINK-32017,Distance STARLINK-1277 - STARLINK-31120,Distance STARLINK-1277 - STARLINK-4445,Distance STARLINK-1277 - STARLINK-31557,Distance STARLINK-1277 - STARLINK-30968,Distance STARLINK-1277 - STARLINK-11288 [DTC],Distance STARLINK-1277 - STARLINK-30583,Distance STARLINK-1277 - STARLINK-5320,Distance STARLINK-1277 - STARLINK-31062,Distance STARLINK-1277 - STARLINK-3398,Distance STARLINK-1277 - STARLINK-3625,Distance STARLINK-1277 - STARLINK-30570,Distance STARLINK-1277 - STARLINK-5582,Distance STARLINK-1277 - STARLINK-3147,Distance STARLINK-1277 - STARLINK-5684,Distance STARLINK-1277 - STARLINK-4380,Distance STARLINK-1277 - STARLINK-32045,Distance STARLINK-1277 - STARLINK-1854,Distance STARLINK-1277 - STARLINK-6314,Distance STARLINK-1277 - STARLINK-4533,Distance STARLINK-1277 - STARLINK-30272,Distance STARLINK-1277 - STARLINK-4016,Distance STARLINK-1277 - STARLINK-6175,Distance STARLINK-1277 - STARLINK-4800,Distance STARLINK-1277 - STARLINK-5408,Distance STARLINK-1277 - STARLINK-5174,Distance STARLINK-1277 - STARLINK-6031,Distance STARLINK-1277 - STARLINK-2702,Distance STARLINK-1277 - STARLINK-2220,Distance STARLINK-1277 - STARLINK-2591,Distance STARLINK-1277 - MoonARTEMIS1,Distance STARLINK-1277 - MoonARTEMIS2,Distance STARLINK-1277 - MoonIOAGEO,Distance STARLINK-1277 - MoonIOAGNO,Distance STARLINK-1277 - MoonIOAGNO 0001,Distance STARLINK-1277 - MoonIOAGSO,Distance STARLINK-1277 - MoonIOAGSO 0001,Distance STARLINK-1277 - MoonLRO,Distance STARLINK-1277 - MarsSat1,Distance STARLINK-1277 - MarsSat2,Distance STARLINK-1277 - MarsSat3,Distance STARLINK-1277 - MarsSat4,Distance STARLINK-4701 - STARLINK-2630,Distance STARLINK-4701 - STARLINK-3978,Distance STARLINK-4701 - STARLINK-1048,Distance STARLINK-4701 - STARLINK-30538,Distance STARLINK-4701 - STARLINK-30964,Distance STARLINK-4701 - STARLINK-30338,Distance STARLINK-4701 - STARLINK-3119,Distance STARLINK-4701 - STARLINK-11123 [DTC],Distance STARLINK-4701 - STARLINK-5114,Distance STARLINK-4701 - STARLINK-1263,Distance STARLINK-4701 - STARLINK-31500,Distance STARLINK-4701 - STARLINK-2611,Distance STARLINK-4701 - STARLINK-6112,Distance STARLINK-4701 - STARLINK-3573,Distance STARLINK-4701 - STARLINK-5156,Distance STARLINK-4701 - STARLINK-11270 [DTC],Distance STARLINK-4701 - STARLINK-11115 [DTC],Distance STARLINK-4701 - STARLINK-5024,Distance STARLINK-4701 - STARLINK-1531,Distance STARLINK-4701 - STARLINK-30454,Distance STARLINK-4701 - STARLINK-11261 [DTC],Distance STARLINK-4701 - STARLINK-5739,Distance STARLINK-4701 - STARLINK-31271,Distance STARLINK-4701 - STARLINK-3889,Distance STARLINK-4701 - STARLINK-5077,Distance STARLINK-4701 - STARLINK-3956,Distance STARLINK-4701 - STARLINK-2286,Distance STARLINK-4701 - STARLINK-5544,Distance STARLINK-4701 - STARLINK-4268,Distance STARLINK-4701 - STARLINK-1329,Distance STARLINK-4701 - STARLINK-30712,Distance STARLINK-4701 - STARLINK-32042,Distance STARLINK-4701 - STARLINK-3867,Distance STARLINK-4701 - STARLINK-31048,Distance STARLINK-4701 - STARLINK-3892,Distance STARLINK-4701 - STARLINK-30297,Distance STARLINK-4701 - STARLINK-11256 [DTC],Distance STARLINK-4701 - STARLINK-31789,Distance STARLINK-4701 - STARLINK-30286,Distance STARLINK-4701 - STARLINK-32233,Distance STARLINK-4701 - STARLINK-5521,Distance STARLINK-4701 - STARLINK-4693,Distance STARLINK-4701 - STARLINK-5545,Distance STARLINK-4701 - STARLINK-30233,Distance STARLINK-4701 - STARLINK-30535,Distance STARLINK-4701 - STARLINK-4134,Distance STARLINK-4701 - STARLINK-4640,Distance STARLINK-4701 - STARLINK-4040,Distance STARLINK-4701 - STARLINK-31486,Distance STARLINK-4701 - STARLINK-1080,Distance STARLINK-4701 - STARLINK-31930,Distance STARLINK-4701 - STARLINK-2452,Distance STARLINK-4701 - STARLINK-32025,Distance STARLINK-4701 - STARLINK-5581,Distance STARLINK-4701 - STARLINK-32017,Distance STARLINK-4701 - STARLINK-31120,Distance STARLINK-4701 - STARLINK-4445,Distance STARLINK-4701 - STARLINK-31557,Distance STARLINK-4701 - STARLINK-30968,Distance STARLINK-4701 - STARLINK-11288 [DTC],Distance STARLINK-4701 - STARLINK-30583,Distance STARLINK-4701 - STARLINK-5320,Distance STARLINK-4701 - STARLINK-31062,Distance STARLINK-4701 - STARLINK-3398,Distance STARLINK-4701 - STARLINK-3625,Distance STARLINK-4701 - STARLINK-30570,Distance STARLINK-4701 - STARLINK-5582,Distance STARLINK-4701 - STARLINK-3147,Distance STARLINK-4701 - STARLINK-5684,Distance STARLINK-4701 - STARLINK-4380,Distance STARLINK-4701 - STARLINK-32045,Distance STARLINK-4701 - STARLINK-1854,Distance STARLINK-4701 - STARLINK-6314,Distance STARLINK-4701 - STARLINK-4533,Distance STARLINK-4701 - STARLINK-30272,Distance STARLINK-4701 - STARLINK-4016,Distance STARLINK-4701 - STARLINK-6175,Distance STARLINK-4701 - STARLINK-4800,Distance STARLINK-4701 - STARLINK-5408,Distance STARLINK-4701 - STARLINK-5174,Distance STARLINK-4701 - STARLINK-6031,Distance STARLINK-4701 - STARLINK-2702,Distance STARLINK-4701 - STARLINK-2220,Distance STARLINK-4701 - STARLINK-2591,Distance STARLINK-4701 - MoonARTEMIS1,Distance STARLINK-4701 - MoonARTEMIS2,Distance STARLINK-4701 - MoonIOAGEO,Distance STARLINK-4701 - MoonIOAGNO,Distance STARLINK-4701 - MoonIOAGNO 0001,Distance STARLINK-4701 - MoonIOAGSO,Distance STARLINK-4701 - MoonIOAGSO 0001,Distance STARLINK-4701 - MoonLRO,Distance STARLINK-4701 - MarsSat1,Distance STARLINK-4701 - MarsSat2,Distance STARLINK-4701 - MarsSat3,Distance STARLINK-4701 - MarsSat4,Distance STARLINK-2630 - STARLINK-3978,Distance STARLINK-2630 - STARLINK-1048,Distance STARLINK-2630 - STARLINK-30538,Distance STARLINK-2630 - STARLINK-30964,Distance STARLINK-2630 - STARLINK-30338,Distance STARLINK-2630 - STARLINK-3119,Distance STARLINK-2630 - STARLINK-11123 [DTC],Distance STARLINK-2630 - STARLINK-5114,Distance STARLINK-2630 - STARLINK-1263,Distance STARLINK-2630 - STARLINK-31500,Distance STARLINK-2630 - STARLINK-2611,Distance STARLINK-2630 - STARLINK-6112,Distance STARLINK-2630 - STARLINK-3573,Distance STARLINK-2630 - STARLINK-5156,Distance STARLINK-2630 - STARLINK-11270 [DTC],Distance STARLINK-2630 - STARLINK-11115 [DTC],Distance STARLINK-2630 - STARLINK-5024,Distance STARLINK-2630 - STARLINK-1531,Distance STARLINK-2630 - STARLINK-30454,Distance STARLINK-2630 - STARLINK-11261 [DTC],Distance STARLINK-2630 - STARLINK-5739,Distance STARLINK-2630 - STARLINK-31271,Distance STARLINK-2630 - STARLINK-3889,Distance STARLINK-2630 - STARLINK-5077,Distance STARLINK-2630 - STARLINK-3956,Distance STARLINK-2630 - STARLINK-2286,Distance STARLINK-2630 - STARLINK-5544,Distance STARLINK-2630 - STARLINK-4268,Distance STARLINK-2630 - STARLINK-1329,Distance STARLINK-2630 - STARLINK-30712,Distance STARLINK-2630 - STARLINK-32042,Distance STARLINK-2630 - STARLINK-3867,Distance STARLINK-2630 - STARLINK-31048,Distance STARLINK-2630 - STARLINK-3892,Distance STARLINK-2630 - STARLINK-30297,Distance STARLINK-2630 - STARLINK-11256 [DTC],Distance STARLINK-2630 - STARLINK-31789,Distance STARLINK-2630 - STARLINK-30286,Distance STARLINK-2630 - STARLINK-32233,Distance STARLINK-2630 - STARLINK-5521,Distance STARLINK-2630 - STARLINK-4693,Distance STARLINK-2630 - STARLINK-5545,Distance STARLINK-2630 - STARLINK-30233,Distance STARLINK-2630 - STARLINK-30535,Distance STARLINK-2630 - STARLINK-4134,Distance STARLINK-2630 - STARLINK-4640,Distance STARLINK-2630 - STARLINK-4040,Distance STARLINK-2630 - STARLINK-31486,Distance STARLINK-2630 - STARLINK-1080,Distance STARLINK-2630 - STARLINK-31930,Distance STARLINK-2630 - STARLINK-2452,Distance STARLINK-2630 - STARLINK-32025,Distance STARLINK-2630 - STARLINK-5581,Distance STARLINK-2630 - STARLINK-32017,Distance STARLINK-2630 - STARLINK-31120,Distance STARLINK-2630 - STARLINK-4445,Distance STARLINK-2630 - STARLINK-31557,Distance STARLINK-2630 - STARLINK-30968,Distance STARLINK-2630 - STARLINK-11288 [DTC],Distance STARLINK-2630 - STARLINK-30583,Distance STARLINK-2630 - STARLINK-5320,Distance STARLINK-2630 - STARLINK-31062,Distance STARLINK-2630 - STARLINK-3398,Distance STARLINK-2630 - STARLINK-3625,Distance STARLINK-2630 - STARLINK-30570,Distance STARLINK-2630 - STARLINK-5582,Distance STARLINK-2630 - STARLINK-3147,Distance STARLINK-2630 - STARLINK-5684,Distance STARLINK-2630 - STARLINK-4380,Distance STARLINK-2630 - STARLINK-32045,Distance STARLINK-2630 - STARLINK-1854,Distance STARLINK-2630 - STARLINK-6314,Distance STARLINK-2630 - STARLINK-4533,Distance STARLINK-2630 - STARLINK-30272,Distance STARLINK-2630 - STARLINK-4016,Distance STARLINK-2630 - STARLINK-6175,Distance STARLINK-2630 - STARLINK-4800,Distance STARLINK-2630 - STARLINK-5408,Distance STARLINK-2630 - STARLINK-5174,Distance STARLINK-2630 - STARLINK-6031,Distance STARLINK-2630 - STARLINK-2702,Distance STARLINK-2630 - STARLINK-2220,Distance STARLINK-2630 - STARLINK-2591,Distance STARLINK-2630 - MoonARTEMIS1,Distance STARLINK-2630 - MoonARTEMIS2,Distance STARLINK-2630 - MoonIOAGEO,Distance STARLINK-2630 - MoonIOAGNO,Distance STARLINK-2630 - MoonIOAGNO 0001,Distance STARLINK-2630 - MoonIOAGSO,Distance STARLINK-2630 - MoonIOAGSO 0001,Distance STARLINK-2630 - MoonLRO,Distance STARLINK-2630 - MarsSat1,Distance STARLINK-2630 - MarsSat2,Distance STARLINK-2630 - MarsSat3,Distance STARLINK-2630 - MarsSat4,Distance STARLINK-3978 - STARLINK-1048,Distance STARLINK-3978 - STARLINK-30538,Distance STARLINK-3978 - STARLINK-30964,Distance STARLINK-3978 - STARLINK-30338,Distance STARLINK-3978 - STARLINK-3119,Distance STARLINK-3978 - STARLINK-11123 [DTC],Distance STARLINK-3978 - STARLINK-5114,Distance STARLINK-3978 - STARLINK-1263,Distance STARLINK-3978 - STARLINK-31500,Distance STARLINK-3978 - STARLINK-2611,Distance STARLINK-3978 - STARLINK-6112,Distance STARLINK-3978 - STARLINK-3573,Distance STARLINK-3978 - STARLINK-5156,Distance STARLINK-3978 - STARLINK-11270 [DTC],Distance STARLINK-3978 - STARLINK-11115 [DTC],Distance STARLINK-3978 - STARLINK-5024,Distance STARLINK-3978 - STARLINK-1531,Distance STARLINK-3978 - STARLINK-30454,Distance STARLINK-3978 - STARLINK-11261 [DTC],Distance STARLINK-3978 - STARLINK-5739,Distance STARLINK-3978 - STARLINK-31271,Distance STARLINK-3978 - STARLINK-3889,Distance STARLINK-3978 - STARLINK-5077,Distance STARLINK-3978 - STARLINK-3956,Distance STARLINK-3978 - STARLINK-2286,Distance STARLINK-3978 - STARLINK-5544,Distance STARLINK-3978 - STARLINK-4268,Distance STARLINK-3978 - STARLINK-1329,Distance STARLINK-3978 - STARLINK-30712,Distance STARLINK-3978 - STARLINK-32042,Distance STARLINK-3978 - STARLINK-3867,Distance STARLINK-3978 - STARLINK-31048,Distance STARLINK-3978 - STARLINK-3892,Distance STARLINK-3978 - STARLINK-30297,Distance STARLINK-3978 - STARLINK-11256 [DTC],Distance STARLINK-3978 - STARLINK-31789,Distance STARLINK-3978 - STARLINK-30286,Distance STARLINK-3978 - STARLINK-32233,Distance STARLINK-3978 - STARLINK-5521,Distance STARLINK-3978 - STARLINK-4693,Distance STARLINK-3978 - STARLINK-5545,Distance STARLINK-3978 - STARLINK-30233,Distance STARLINK-3978 - STARLINK-30535,Distance STARLINK-3978 - STARLINK-4134,Distance STARLINK-3978 - STARLINK-4640,Distance STARLINK-3978 - STARLINK-4040,Distance STARLINK-3978 - STARLINK-31486,Distance STARLINK-3978 - STARLINK-1080,Distance STARLINK-3978 - STARLINK-31930,Distance STARLINK-3978 - STARLINK-2452,Distance STARLINK-3978 - STARLINK-32025,Distance STARLINK-3978 - STARLINK-5581,Distance STARLINK-3978 - STARLINK-32017,Distance STARLINK-3978 - STARLINK-31120,Distance STARLINK-3978 - STARLINK-4445,Distance STARLINK-3978 - STARLINK-31557,Distance STARLINK-3978 - STARLINK-30968,Distance STARLINK-3978 - STARLINK-11288 [DTC],Distance STARLINK-3978 - STARLINK-30583,Distance STARLINK-3978 - STARLINK-5320,Distance STARLINK-3978 - STARLINK-31062,Distance STARLINK-3978 - STARLINK-3398,Distance STARLINK-3978 - STARLINK-3625,Distance STARLINK-3978 - STARLINK-30570,Distance STARLINK-3978 - STARLINK-5582,Distance STARLINK-3978 - STARLINK-3147,Distance STARLINK-3978 - STARLINK-5684,Distance STARLINK-3978 - STARLINK-4380,Distance STARLINK-3978 - STARLINK-32045,Distance STARLINK-3978 - STARLINK-1854,Distance STARLINK-3978 - STARLINK-6314,Distance STARLINK-3978 - STARLINK-4533,Distance STARLINK-3978 - STARLINK-30272,Distance STARLINK-3978 - STARLINK-4016,Distance STARLINK-3978 - STARLINK-6175,Distance STARLINK-3978 - STARLINK-4800,Distance STARLINK-3978 - STARLINK-5408,Distance STARLINK-3978 - STARLINK-5174,Distance STARLINK-3978 - STARLINK-6031,Distance STARLINK-3978 - STARLINK-2702,Distance STARLINK-3978 - STARLINK-2220,Distance STARLINK-3978 - STARLINK-2591,Distance STARLINK-3978 - MoonARTEMIS1,Distance STARLINK-3978 - MoonARTEMIS2,Distance STARLINK-3978 - MoonIOAGEO,Distance STARLINK-3978 - MoonIOAGNO,Distance STARLINK-3978 - MoonIOAGNO 0001,Distance STARLINK-3978 - MoonIOAGSO,Distance STARLINK-3978 - MoonIOAGSO 0001,Distance STARLINK-3978 - MoonLRO,Distance STARLINK-3978 - MarsSat1,Distance STARLINK-3978 - MarsSat2,Distance STARLINK-3978 - MarsSat3,Distance STARLINK-3978 - MarsSat4,Distance STARLINK-1048 - STARLINK-30538,Distance STARLINK-1048 - STARLINK-30964,Distance STARLINK-1048 - STARLINK-30338,Distance STARLINK-1048 - STARLINK-3119,Distance STARLINK-1048 - STARLINK-11123 [DTC],Distance STARLINK-1048 - STARLINK-5114,Distance STARLINK-1048 - STARLINK-1263,Distance STARLINK-1048 - STARLINK-31500,Distance STARLINK-1048 - STARLINK-2611,Distance STARLINK-1048 - STARLINK-6112,Distance STARLINK-1048 - STARLINK-3573,Distance STARLINK-1048 - STARLINK-5156,Distance STARLINK-1048 - STARLINK-11270 [DTC],Distance STARLINK-1048 - STARLINK-11115 [DTC],Distance STARLINK-1048 - STARLINK-5024,Distance STARLINK-1048 - STARLINK-1531,Distance STARLINK-1048 - STARLINK-30454,Distance STARLINK-1048 - STARLINK-11261 [DTC],Distance STARLINK-1048 - STARLINK-5739,Distance STARLINK-1048 - STARLINK-31271,Distance STARLINK-1048 - STARLINK-3889,Distance STARLINK-1048 - STARLINK-5077,Distance STARLINK-1048 - STARLINK-3956,Distance STARLINK-1048 - STARLINK-2286,Distance STARLINK-1048 - STARLINK-5544,Distance STARLINK-1048 - STARLINK-4268,Distance STARLINK-1048 - STARLINK-1329,Distance STARLINK-1048 - STARLINK-30712,Distance STARLINK-1048 - STARLINK-32042,Distance STARLINK-1048 - STARLINK-3867,Distance STARLINK-1048 - STARLINK-31048,Distance STARLINK-1048 - STARLINK-3892,Distance STARLINK-1048 - STARLINK-30297,Distance STARLINK-1048 - STARLINK-11256 [DTC],Distance STARLINK-1048 - STARLINK-31789,Distance STARLINK-1048 - STARLINK-30286,Distance STARLINK-1048 - STARLINK-32233,Distance STARLINK-1048 - STARLINK-5521,Distance STARLINK-1048 - STARLINK-4693,Distance STARLINK-1048 - STARLINK-5545,Distance STARLINK-1048 - STARLINK-30233,Distance STARLINK-1048 - STARLINK-30535,Distance STARLINK-1048 - STARLINK-4134,Distance STARLINK-1048 - STARLINK-4640,Distance STARLINK-1048 - STARLINK-4040,Distance STARLINK-1048 - STARLINK-31486,Distance STARLINK-1048 - STARLINK-1080,Distance STARLINK-1048 - STARLINK-31930,Distance STARLINK-1048 - STARLINK-2452,Distance STARLINK-1048 - STARLINK-32025,Distance STARLINK-1048 - STARLINK-5581,Distance STARLINK-1048 - STARLINK-32017,Distance STARLINK-1048 - STARLINK-31120,Distance STARLINK-1048 - STARLINK-4445,Distance STARLINK-1048 - STARLINK-31557,Distance STARLINK-1048 - STARLINK-30968,Distance STARLINK-1048 - STARLINK-11288 [DTC],Distance STARLINK-1048 - STARLINK-30583,Distance STARLINK-1048 - STARLINK-5320,Distance STARLINK-1048 - STARLINK-31062,Distance STARLINK-1048 - STARLINK-3398,Distance STARLINK-1048 - STARLINK-3625,Distance STARLINK-1048 - STARLINK-30570,Distance STARLINK-1048 - STARLINK-5582,Distance STARLINK-1048 - STARLINK-3147,Distance STARLINK-1048 - STARLINK-5684,Distance STARLINK-1048 - STARLINK-4380,Distance STARLINK-1048 - STARLINK-32045,Distance STARLINK-1048 - STARLINK-1854,Distance STARLINK-1048 - STARLINK-6314,Distance STARLINK-1048 - STARLINK-4533,Distance STARLINK-1048 - STARLINK-30272,Distance STARLINK-1048 - STARLINK-4016,Distance STARLINK-1048 - STARLINK-6175,Distance STARLINK-1048 - STARLINK-4800,Distance STARLINK-1048 - STARLINK-5408,Distance STARLINK-1048 - STARLINK-5174,Distance STARLINK-1048 - STARLINK-6031,Distance STARLINK-1048 - STARLINK-2702,Distance STARLINK-1048 - STARLINK-2220,Distance STARLINK-1048 - STARLINK-2591,Distance STARLINK-1048 - MoonARTEMIS1,Distance STARLINK-1048 - MoonARTEMIS2,Distance STARLINK-1048 - MoonIOAGEO,Distance STARLINK-1048 - MoonIOAGNO,Distance STARLINK-1048 - MoonIOAGNO 0001,Distance STARLINK-1048 - MoonIOAGSO,Distance STARLINK-1048 - MoonIOAGSO 0001,Distance STARLINK-1048 - MoonLRO,Distance STARLINK-1048 - MarsSat1,Distance STARLINK-1048 - MarsSat2,Distance STARLINK-1048 - MarsSat3,Distance STARLINK-1048 - MarsSat4,Distance STARLINK-30538 - STARLINK-30964,Distance STARLINK-30538 - STARLINK-30338,Distance STARLINK-30538 - STARLINK-3119,Distance STARLINK-30538 - STARLINK-11123 [DTC],Distance STARLINK-30538 - STARLINK-5114,Distance STARLINK-30538 - STARLINK-1263,Distance STARLINK-30538 - STARLINK-31500,Distance STARLINK-30538 - STARLINK-2611,Distance STARLINK-30538 - STARLINK-6112,Distance STARLINK-30538 - STARLINK-3573,Distance STARLINK-30538 - STARLINK-5156,Distance STARLINK-30538 - STARLINK-11270 [DTC],Distance STARLINK-30538 - STARLINK-11115 [DTC],Distance STARLINK-30538 - STARLINK-5024,Distance STARLINK-30538 - STARLINK-1531,Distance STARLINK-30538 - STARLINK-30454,Distance STARLINK-30538 - STARLINK-11261 [DTC],Distance STARLINK-30538 - STARLINK-5739,Distance STARLINK-30538 - STARLINK-31271,Distance STARLINK-30538 - STARLINK-3889,Distance STARLINK-30538 - STARLINK-5077,Distance STARLINK-30538 - STARLINK-3956,Distance STARLINK-30538 - STARLINK-2286,Distance STARLINK-30538 - STARLINK-5544,Distance STARLINK-30538 - STARLINK-4268,Distance STARLINK-30538 - STARLINK-1329,Distance STARLINK-30538 - STARLINK-30712,Distance STARLINK-30538 - STARLINK-32042,Distance STARLINK-30538 - STARLINK-3867,Distance STARLINK-30538 - STARLINK-31048,Distance STARLINK-30538 - STARLINK-3892,Distance STARLINK-30538 - STARLINK-30297,Distance STARLINK-30538 - STARLINK-11256 [DTC],Distance STARLINK-30538 - STARLINK-31789,Distance STARLINK-30538 - STARLINK-30286,Distance STARLINK-30538 - STARLINK-32233,Distance STARLINK-30538 - STARLINK-5521,Distance STARLINK-30538 - STARLINK-4693,Distance STARLINK-30538 - STARLINK-5545,Distance STARLINK-30538 - STARLINK-30233,Distance STARLINK-30538 - STARLINK-30535,Distance STARLINK-30538 - STARLINK-4134,Distance STARLINK-30538 - STARLINK-4640,Distance STARLINK-30538 - STARLINK-4040,Distance STARLINK-30538 - STARLINK-31486,Distance STARLINK-30538 - STARLINK-1080,Distance STARLINK-30538 - STARLINK-31930,Distance STARLINK-30538 - STARLINK-2452,Distance STARLINK-30538 - STARLINK-32025,Distance STARLINK-30538 - STARLINK-5581,Distance STARLINK-30538 - STARLINK-32017,Distance STARLINK-30538 - STARLINK-31120,Distance STARLINK-30538 - STARLINK-4445,Distance STARLINK-30538 - STARLINK-31557,Distance STARLINK-30538 - STARLINK-30968,Distance STARLINK-30538 - STARLINK-11288 [DTC],Distance STARLINK-30538 - STARLINK-30583,Distance STARLINK-30538 - STARLINK-5320,Distance STARLINK-30538 - STARLINK-31062,Distance STARLINK-30538 - STARLINK-3398,Distance STARLINK-30538 - STARLINK-3625,Distance STARLINK-30538 - STARLINK-30570,Distance STARLINK-30538 - STARLINK-5582,Distance STARLINK-30538 - STARLINK-3147,Distance STARLINK-30538 - STARLINK-5684,Distance STARLINK-30538 - STARLINK-4380,Distance STARLINK-30538 - STARLINK-32045,Distance STARLINK-30538 - STARLINK-1854,Distance STARLINK-30538 - STARLINK-6314,Distance STARLINK-30538 - STARLINK-4533,Distance STARLINK-30538 - STARLINK-30272,Distance STARLINK-30538 - STARLINK-4016,Distance STARLINK-30538 - STARLINK-6175,Distance STARLINK-30538 - STARLINK-4800,Distance STARLINK-30538 - STARLINK-5408,Distance STARLINK-30538 - STARLINK-5174,Distance STARLINK-30538 - STARLINK-6031,Distance STARLINK-30538 - STARLINK-2702,Distance STARLINK-30538 - STARLINK-2220,Distance STARLINK-30538 - STARLINK-2591,Distance STARLINK-30538 - MoonARTEMIS1,Distance STARLINK-30538 - MoonARTEMIS2,Distance STARLINK-30538 - MoonIOAGEO,Distance STARLINK-30538 - MoonIOAGNO,Distance STARLINK-30538 - MoonIOAGNO 0001,Distance STARLINK-30538 - MoonIOAGSO,Distance STARLINK-30538 - MoonIOAGSO 0001,Distance STARLINK-30538 - MoonLRO,Distance STARLINK-30538 - MarsSat1,Distance STARLINK-30538 - MarsSat2,Distance STARLINK-30538 - MarsSat3,Distance STARLINK-30538 - MarsSat4,Distance STARLINK-30964 - STARLINK-30338,Distance STARLINK-30964 - STARLINK-3119,Distance STARLINK-30964 - STARLINK-11123 [DTC],Distance STARLINK-30964 - STARLINK-5114,Distance STARLINK-30964 - STARLINK-1263,Distance STARLINK-30964 - STARLINK-31500,Distance STARLINK-30964 - STARLINK-2611,Distance STARLINK-30964 - STARLINK-6112,Distance STARLINK-30964 - STARLINK-3573,Distance STARLINK-30964 - STARLINK-5156,Distance STARLINK-30964 - STARLINK-11270 [DTC],Distance STARLINK-30964 - STARLINK-11115 [DTC],Distance STARLINK-30964 - STARLINK-5024,Distance STARLINK-30964 - STARLINK-1531,Distance STARLINK-30964 - STARLINK-30454,Distance STARLINK-30964 - STARLINK-11261 [DTC],Distance STARLINK-30964 - STARLINK-5739,Distance STARLINK-30964 - STARLINK-31271,Distance STARLINK-30964 - STARLINK-3889,Distance STARLINK-30964 - STARLINK-5077,Distance STARLINK-30964 - STARLINK-3956,Distance STARLINK-30964 - STARLINK-2286,Distance STARLINK-30964 - STARLINK-5544,Distance STARLINK-30964 - STARLINK-4268,Distance STARLINK-30964 - STARLINK-1329,Distance STARLINK-30964 - STARLINK-30712,Distance STARLINK-30964 - STARLINK-32042,Distance STARLINK-30964 - STARLINK-3867,Distance STARLINK-30964 - STARLINK-31048,Distance STARLINK-30964 - STARLINK-3892,Distance STARLINK-30964 - STARLINK-30297,Distance STARLINK-30964 - STARLINK-11256 [DTC],Distance STARLINK-30964 - STARLINK-31789,Distance STARLINK-30964 - STARLINK-30286,Distance STARLINK-30964 - STARLINK-32233,Distance STARLINK-30964 - STARLINK-5521,Distance STARLINK-30964 - STARLINK-4693,Distance STARLINK-30964 - STARLINK-5545,Distance STARLINK-30964 - STARLINK-30233,Distance STARLINK-30964 - STARLINK-30535,Distance STARLINK-30964 - STARLINK-4134,Distance STARLINK-30964 - STARLINK-4640,Distance STARLINK-30964 - STARLINK-4040,Distance STARLINK-30964 - STARLINK-31486,Distance STARLINK-30964 - STARLINK-1080,Distance STARLINK-30964 - STARLINK-31930,Distance STARLINK-30964 - STARLINK-2452,Distance STARLINK-30964 - STARLINK-32025,Distance STARLINK-30964 - STARLINK-5581,Distance STARLINK-30964 - STARLINK-32017,Distance STARLINK-30964 - STARLINK-31120,Distance STARLINK-30964 - STARLINK-4445,Distance STARLINK-30964 - STARLINK-31557,Distance STARLINK-30964 - STARLINK-30968,Distance STARLINK-30964 - STARLINK-11288 [DTC],Distance STARLINK-30964 - STARLINK-30583,Distance STARLINK-30964 - STARLINK-5320,Distance STARLINK-30964 - STARLINK-31062,Distance STARLINK-30964 - STARLINK-3398,Distance STARLINK-30964 - STARLINK-3625,Distance STARLINK-30964 - STARLINK-30570,Distance STARLINK-30964 - STARLINK-5582,Distance STARLINK-30964 - STARLINK-3147,Distance STARLINK-30964 - STARLINK-5684,Distance STARLINK-30964 - STARLINK-4380,Distance STARLINK-30964 - STARLINK-32045,Distance STARLINK-30964 - STARLINK-1854,Distance STARLINK-30964 - STARLINK-6314,Distance STARLINK-30964 - STARLINK-4533,Distance STARLINK-30964 - STARLINK-30272,Distance STARLINK-30964 - STARLINK-4016,Distance STARLINK-30964 - STARLINK-6175,Distance STARLINK-30964 - STARLINK-4800,Distance STARLINK-30964 - STARLINK-5408,Distance STARLINK-30964 - STARLINK-5174,Distance STARLINK-30964 - STARLINK-6031,Distance STARLINK-30964 - STARLINK-2702,Distance STARLINK-30964 - STARLINK-2220,Distance STARLINK-30964 - STARLINK-2591,Distance STARLINK-30964 - MoonARTEMIS1,Distance STARLINK-30964 - MoonARTEMIS2,Distance STARLINK-30964 - MoonIOAGEO,Distance STARLINK-30964 - MoonIOAGNO,Distance STARLINK-30964 - MoonIOAGNO 0001,Distance STARLINK-30964 - MoonIOAGSO,Distance STARLINK-30964 - MoonIOAGSO 0001,Distance STARLINK-30964 - MoonLRO,Distance STARLINK-30964 - MarsSat1,Distance STARLINK-30964 - MarsSat2,Distance STARLINK-30964 - MarsSat3,Distance STARLINK-30964 - MarsSat4,Distance STARLINK-30338 - STARLINK-3119,Distance STARLINK-30338 - STARLINK-11123 [DTC],Distance STARLINK-30338 - STARLINK-5114,Distance STARLINK-30338 - STARLINK-1263,Distance STARLINK-30338 - STARLINK-31500,Distance STARLINK-30338 - STARLINK-2611,Distance STARLINK-30338 - STARLINK-6112,Distance STARLINK-30338 - STARLINK-3573,Distance STARLINK-30338 - STARLINK-5156,Distance STARLINK-30338 - STARLINK-11270 [DTC],Distance STARLINK-30338 - STARLINK-11115 [DTC],Distance STARLINK-30338 - STARLINK-5024,Distance STARLINK-30338 - STARLINK-1531,Distance STARLINK-30338 - STARLINK-30454,Distance STARLINK-30338 - STARLINK-11261 [DTC],Distance STARLINK-30338 - STARLINK-5739,Distance STARLINK-30338 - STARLINK-31271,Distance STARLINK-30338 - STARLINK-3889,Distance STARLINK-30338 - STARLINK-5077,Distance STARLINK-30338 - STARLINK-3956,Distance STARLINK-30338 - STARLINK-2286,Distance STARLINK-30338 - STARLINK-5544,Distance STARLINK-30338 - STARLINK-4268,Distance STARLINK-30338 - STARLINK-1329,Distance STARLINK-30338 - STARLINK-30712,Distance STARLINK-30338 - STARLINK-32042,Distance STARLINK-30338 - STARLINK-3867,Distance STARLINK-30338 - STARLINK-31048,Distance STARLINK-30338 - STARLINK-3892,Distance STARLINK-30338 - STARLINK-30297,Distance STARLINK-30338 - STARLINK-11256 [DTC],Distance STARLINK-30338 - STARLINK-31789,Distance STARLINK-30338 - STARLINK-30286,Distance STARLINK-30338 - STARLINK-32233,Distance STARLINK-30338 - STARLINK-5521,Distance STARLINK-30338 - STARLINK-4693,Distance STARLINK-30338 - STARLINK-5545,Distance STARLINK-30338 - STARLINK-30233,Distance STARLINK-30338 - STARLINK-30535,Distance STARLINK-30338 - STARLINK-4134,Distance STARLINK-30338 - STARLINK-4640,Distance STARLINK-30338 - STARLINK-4040,Distance STARLINK-30338 - STARLINK-31486,Distance STARLINK-30338 - STARLINK-1080,Distance STARLINK-30338 - STARLINK-31930,Distance STARLINK-30338 - STARLINK-2452,Distance STARLINK-30338 - STARLINK-32025,Distance STARLINK-30338 - STARLINK-5581,Distance STARLINK-30338 - STARLINK-32017,Distance STARLINK-30338 - STARLINK-31120,Distance STARLINK-30338 - STARLINK-4445,Distance STARLINK-30338 - STARLINK-31557,Distance STARLINK-30338 - STARLINK-30968,Distance STARLINK-30338 - STARLINK-11288 [DTC],Distance STARLINK-30338 - STARLINK-30583,Distance STARLINK-30338 - STARLINK-5320,Distance STARLINK-30338 - STARLINK-31062,Distance STARLINK-30338 - STARLINK-3398,Distance STARLINK-30338 - STARLINK-3625,Distance STARLINK-30338 - STARLINK-30570,Distance STARLINK-30338 - STARLINK-5582,Distance STARLINK-30338 - STARLINK-3147,Distance STARLINK-30338 - STARLINK-5684,Distance STARLINK-30338 - STARLINK-4380,Distance STARLINK-30338 - STARLINK-32045,Distance STARLINK-30338 - STARLINK-1854,Distance STARLINK-30338 - STARLINK-6314,Distance STARLINK-30338 - STARLINK-4533,Distance STARLINK-30338 - STARLINK-30272,Distance STARLINK-30338 - STARLINK-4016,Distance STARLINK-30338 - STARLINK-6175,Distance STARLINK-30338 - STARLINK-4800,Distance STARLINK-30338 - STARLINK-5408,Distance STARLINK-30338 - STARLINK-5174,Distance STARLINK-30338 - STARLINK-6031,Distance STARLINK-30338 - STARLINK-2702,Distance STARLINK-30338 - STARLINK-2220,Distance STARLINK-30338 - STARLINK-2591,Distance STARLINK-30338 - MoonARTEMIS1,Distance STARLINK-30338 - MoonARTEMIS2,Distance STARLINK-30338 - MoonIOAGEO,Distance STARLINK-30338 - MoonIOAGNO,Distance STARLINK-30338 - MoonIOAGNO 0001,Distance STARLINK-30338 - MoonIOAGSO,Distance STARLINK-30338 - MoonIOAGSO 0001,Distance STARLINK-30338 - MoonLRO,Distance STARLINK-30338 - MarsSat1,Distance STARLINK-30338 - MarsSat2,Distance STARLINK-30338 - MarsSat3,Distance STARLINK-30338 - MarsSat4,Distance STARLINK-3119 - STARLINK-11123 [DTC],Distance STARLINK-3119 - STARLINK-5114,Distance STARLINK-3119 - STARLINK-1263,Distance STARLINK-3119 - STARLINK-31500,Distance STARLINK-3119 - STARLINK-2611,Distance STARLINK-3119 - STARLINK-6112,Distance STARLINK-3119 - STARLINK-3573,Distance STARLINK-3119 - STARLINK-5156,Distance STARLINK-3119 - STARLINK-11270 [DTC],Distance STARLINK-3119 - STARLINK-11115 [DTC],Distance STARLINK-3119 - STARLINK-5024,Distance STARLINK-3119 - STARLINK-1531,Distance STARLINK-3119 - STARLINK-30454,Distance STARLINK-3119 - STARLINK-11261 [DTC],Distance STARLINK-3119 - STARLINK-5739,Distance STARLINK-3119 - STARLINK-31271,Distance STARLINK-3119 - STARLINK-3889,Distance STARLINK-3119 - STARLINK-5077,Distance STARLINK-3119 - STARLINK-3956,Distance STARLINK-3119 - STARLINK-2286,Distance STARLINK-3119 - STARLINK-5544,Distance STARLINK-3119 - STARLINK-4268,Distance STARLINK-3119 - STARLINK-1329,Distance STARLINK-3119 - STARLINK-30712,Distance STARLINK-3119 - STARLINK-32042,Distance STARLINK-3119 - STARLINK-3867,Distance STARLINK-3119 - STARLINK-31048,Distance STARLINK-3119 - STARLINK-3892,Distance STARLINK-3119 - STARLINK-30297,Distance STARLINK-3119 - STARLINK-11256 [DTC],Distance STARLINK-3119 - STARLINK-31789,Distance STARLINK-3119 - STARLINK-30286,Distance STARLINK-3119 - STARLINK-32233,Distance STARLINK-3119 - STARLINK-5521,Distance STARLINK-3119 - STARLINK-4693,Distance STARLINK-3119 - STARLINK-5545,Distance STARLINK-3119 - STARLINK-30233,Distance STARLINK-3119 - STARLINK-30535,Distance STARLINK-3119 - STARLINK-4134,Distance STARLINK-3119 - STARLINK-4640,Distance STARLINK-3119 - STARLINK-4040,Distance STARLINK-3119 - STARLINK-31486,Distance STARLINK-3119 - STARLINK-1080,Distance STARLINK-3119 - STARLINK-31930,Distance STARLINK-3119 - STARLINK-2452,Distance STARLINK-3119 - STARLINK-32025,Distance STARLINK-3119 - STARLINK-5581,Distance STARLINK-3119 - STARLINK-32017,Distance STARLINK-3119 - STARLINK-31120,Distance STARLINK-3119 - STARLINK-4445,Distance STARLINK-3119 - STARLINK-31557,Distance STARLINK-3119 - STARLINK-30968,Distance STARLINK-3119 - STARLINK-11288 [DTC],Distance STARLINK-3119 - STARLINK-30583,Distance STARLINK-3119 - STARLINK-5320,Distance STARLINK-3119 - STARLINK-31062,Distance STARLINK-3119 - STARLINK-3398,Distance STARLINK-3119 - STARLINK-3625,Distance STARLINK-3119 - STARLINK-30570,Distance STARLINK-3119 - STARLINK-5582,Distance STARLINK-3119 - STARLINK-3147,Distance STARLINK-3119 - STARLINK-5684,Distance STARLINK-3119 - STARLINK-4380,Distance STARLINK-3119 - STARLINK-32045,Distance STARLINK-3119 - STARLINK-1854,Distance STARLINK-3119 - STARLINK-6314,Distance STARLINK-3119 - STARLINK-4533,Distance STARLINK-3119 - STARLINK-30272,Distance STARLINK-3119 - STARLINK-4016,Distance STARLINK-3119 - STARLINK-6175,Distance STARLINK-3119 - STARLINK-4800,Distance STARLINK-3119 - STARLINK-5408,Distance STARLINK-3119 - STARLINK-5174,Distance STARLINK-3119 - STARLINK-6031,Distance STARLINK-3119 - STARLINK-2702,Distance STARLINK-3119 - STARLINK-2220,Distance STARLINK-3119 - STARLINK-2591,Distance STARLINK-3119 - MoonARTEMIS1,Distance STARLINK-3119 - MoonARTEMIS2,Distance STARLINK-3119 - MoonIOAGEO,Distance STARLINK-3119 - MoonIOAGNO,Distance STARLINK-3119 - MoonIOAGNO 0001,Distance STARLINK-3119 - MoonIOAGSO,Distance STARLINK-3119 - MoonIOAGSO 0001,Distance STARLINK-3119 - MoonLRO,Distance STARLINK-3119 - MarsSat1,Distance STARLINK-3119 - MarsSat2,Distance STARLINK-3119 - MarsSat3,Distance STARLINK-3119 - MarsSat4,Distance STARLINK-11123 [DTC] - STARLINK-5114,Distance STARLINK-11123 [DTC] - STARLINK-1263,Distance STARLINK-11123 [DTC] - STARLINK-31500,Distance STARLINK-11123 [DTC] - STARLINK-2611,Distance STARLINK-11123 [DTC] - STARLINK-6112,Distance STARLINK-11123 [DTC] - STARLINK-3573,Distance STARLINK-11123 [DTC] - STARLINK-5156,Distance STARLINK-11123 [DTC] - STARLINK-11270 [DTC],Distance STARLINK-11123 [DTC] - STARLINK-11115 [DTC],Distance STARLINK-11123 [DTC] - STARLINK-5024,Distance STARLINK-11123 [DTC] - STARLINK-1531,Distance STARLINK-11123 [DTC] - STARLINK-30454,Distance STARLINK-11123 [DTC] - STARLINK-11261 [DTC],Distance STARLINK-11123 [DTC] - STARLINK-5739,Distance STARLINK-11123 [DTC] - STARLINK-31271,Distance STARLINK-11123 [DTC] - STARLINK-3889,Distance STARLINK-11123 [DTC] - STARLINK-5077,Distance STARLINK-11123 [DTC] - STARLINK-3956,Distance STARLINK-11123 [DTC] - STARLINK-2286,Distance STARLINK-11123 [DTC] - STARLINK-5544,Distance STARLINK-11123 [DTC] - STARLINK-4268,Distance STARLINK-11123 [DTC] - STARLINK-1329,Distance STARLINK-11123 [DTC] - STARLINK-30712,Distance STARLINK-11123 [DTC] - STARLINK-32042,Distance STARLINK-11123 [DTC] - STARLINK-3867,Distance STARLINK-11123 [DTC] - STARLINK-31048,Distance STARLINK-11123 [DTC] - STARLINK-3892,Distance STARLINK-11123 [DTC] - STARLINK-30297,Distance STARLINK-11123 [DTC] - STARLINK-11256 [DTC],Distance STARLINK-11123 [DTC] - STARLINK-31789,Distance STARLINK-11123 [DTC] - STARLINK-30286,Distance STARLINK-11123 [DTC] - STARLINK-32233,Distance STARLINK-11123 [DTC] - STARLINK-5521,Distance STARLINK-11123 [DTC] - STARLINK-4693,Distance STARLINK-11123 [DTC] - STARLINK-5545,Distance STARLINK-11123 [DTC] - STARLINK-30233,Distance STARLINK-11123 [DTC] - STARLINK-30535,Distance STARLINK-11123 [DTC] - STARLINK-4134,Distance STARLINK-11123 [DTC] - STARLINK-4640,Distance STARLINK-11123 [DTC] - STARLINK-4040,Distance STARLINK-11123 [DTC] - STARLINK-31486,Distance STARLINK-11123 [DTC] - STARLINK-1080,Distance STARLINK-11123 [DTC] - STARLINK-31930,Distance STARLINK-11123 [DTC] - STARLINK-2452,Distance STARLINK-11123 [DTC] - STARLINK-32025,Distance STARLINK-11123 [DTC] - STARLINK-5581,Distance STARLINK-11123 [DTC] - STARLINK-32017,Distance STARLINK-11123 [DTC] - STARLINK-31120,Distance STARLINK-11123 [DTC] - STARLINK-4445,Distance STARLINK-11123 [DTC] - STARLINK-31557,Distance STARLINK-11123 [DTC] - STARLINK-30968,Distance STARLINK-11123 [DTC] - STARLINK-11288 [DTC],Distance STARLINK-11123 [DTC] - STARLINK-30583,Distance STARLINK-11123 [DTC] - STARLINK-5320,Distance STARLINK-11123 [DTC] - STARLINK-31062,Distance STARLINK-11123 [DTC] - STARLINK-3398,Distance STARLINK-11123 [DTC] - STARLINK-3625,Distance STARLINK-11123 [DTC] - STARLINK-30570,Distance STARLINK-11123 [DTC] - STARLINK-5582,Distance STARLINK-11123 [DTC] - STARLINK-3147,Distance STARLINK-11123 [DTC] - STARLINK-5684,Distance STARLINK-11123 [DTC] - STARLINK-4380,Distance STARLINK-11123 [DTC] - STARLINK-32045,Distance STARLINK-11123 [DTC] - STARLINK-1854,Distance STARLINK-11123 [DTC] - STARLINK-6314,Distance STARLINK-11123 [DTC] - STARLINK-4533,Distance STARLINK-11123 [DTC] - STARLINK-30272,Distance STARLINK-11123 [DTC] - STARLINK-4016,Distance STARLINK-11123 [DTC] - STARLINK-6175,Distance STARLINK-11123 [DTC] - STARLINK-4800,Distance STARLINK-11123 [DTC] - STARLINK-5408,Distance STARLINK-11123 [DTC] - STARLINK-5174,Distance STARLINK-11123 [DTC] - STARLINK-6031,Distance STARLINK-11123 [DTC] - STARLINK-2702,Distance STARLINK-11123 [DTC] - STARLINK-2220,Distance STARLINK-11123 [DTC] - STARLINK-2591,Distance STARLINK-11123 [DTC] - MoonARTEMIS1,Distance STARLINK-11123 [DTC] - MoonARTEMIS2,Distance STARLINK-11123 [DTC] - MoonIOAGEO,Distance STARLINK-11123 [DTC] - MoonIOAGNO,Distance STARLINK-11123 [DTC] - MoonIOAGNO 0001,Distance STARLINK-11123 [DTC] - MoonIOAGSO,Distance STARLINK-11123 [DTC] - MoonIOAGSO 0001,Distance STARLINK-11123 [DTC] - MoonLRO,Distance STARLINK-11123 [DTC] - MarsSat1,Distance STARLINK-11123 [DTC] - MarsSat2,Distance STARLINK-11123 [DTC] - MarsSat3,Distance STARLINK-11123 [DTC] - MarsSat4,Distance STARLINK-5114 - STARLINK-1263,Distance STARLINK-5114 - STARLINK-31500,Distance STARLINK-5114 - STARLINK-2611,Distance STARLINK-5114 - STARLINK-6112,Distance STARLINK-5114 - STARLINK-3573,Distance STARLINK-5114 - STARLINK-5156,Distance STARLINK-5114 - STARLINK-11270 [DTC],Distance STARLINK-5114 - STARLINK-11115 [DTC],Distance STARLINK-5114 - STARLINK-5024,Distance STARLINK-5114 - STARLINK-1531,Distance STARLINK-5114 - STARLINK-30454,Distance STARLINK-5114 - STARLINK-11261 [DTC],Distance STARLINK-5114 - STARLINK-5739,Distance STARLINK-5114 - STARLINK-31271,Distance STARLINK-5114 - STARLINK-3889,Distance STARLINK-5114 - STARLINK-5077,Distance STARLINK-5114 - STARLINK-3956,Distance STARLINK-5114 - STARLINK-2286,Distance STARLINK-5114 - STARLINK-5544,Distance STARLINK-5114 - STARLINK-4268,Distance STARLINK-5114 - STARLINK-1329,Distance STARLINK-5114 - STARLINK-30712,Distance STARLINK-5114 - STARLINK-32042,Distance STARLINK-5114 - STARLINK-3867,Distance STARLINK-5114 - STARLINK-31048,Distance STARLINK-5114 - STARLINK-3892,Distance STARLINK-5114 - STARLINK-30297,Distance STARLINK-5114 - STARLINK-11256 [DTC],Distance STARLINK-5114 - STARLINK-31789,Distance STARLINK-5114 - STARLINK-30286,Distance STARLINK-5114 - STARLINK-32233,Distance STARLINK-5114 - STARLINK-5521,Distance STARLINK-5114 - STARLINK-4693,Distance STARLINK-5114 - STARLINK-5545,Distance STARLINK-5114 - STARLINK-30233,Distance STARLINK-5114 - STARLINK-30535,Distance STARLINK-5114 - STARLINK-4134,Distance STARLINK-5114 - STARLINK-4640,Distance STARLINK-5114 - STARLINK-4040,Distance STARLINK-5114 - STARLINK-31486,Distance STARLINK-5114 - STARLINK-1080,Distance STARLINK-5114 - STARLINK-31930,Distance STARLINK-5114 - STARLINK-2452,Distance STARLINK-5114 - STARLINK-32025,Distance STARLINK-5114 - STARLINK-5581,Distance STARLINK-5114 - STARLINK-32017,Distance STARLINK-5114 - STARLINK-31120,Distance STARLINK-5114 - STARLINK-4445,Distance STARLINK-5114 - STARLINK-31557,Distance STARLINK-5114 - STARLINK-30968,Distance STARLINK-5114 - STARLINK-11288 [DTC],Distance STARLINK-5114 - STARLINK-30583,Distance STARLINK-5114 - STARLINK-5320,Distance STARLINK-5114 - STARLINK-31062,Distance STARLINK-5114 - STARLINK-3398,Distance STARLINK-5114 - STARLINK-3625,Distance STARLINK-5114 - STARLINK-30570,Distance STARLINK-5114 - STARLINK-5582,Distance STARLINK-5114 - STARLINK-3147,Distance STARLINK-5114 - STARLINK-5684,Distance STARLINK-5114 - STARLINK-4380,Distance STARLINK-5114 - STARLINK-32045,Distance STARLINK-5114 - STARLINK-1854,Distance STARLINK-5114 - STARLINK-6314,Distance STARLINK-5114 - STARLINK-4533,Distance STARLINK-5114 - STARLINK-30272,Distance STARLINK-5114 - STARLINK-4016,Distance STARLINK-5114 - STARLINK-6175,Distance STARLINK-5114 - STARLINK-4800,Distance STARLINK-5114 - STARLINK-5408,Distance STARLINK-5114 - STARLINK-5174,Distance STARLINK-5114 - STARLINK-6031,Distance STARLINK-5114 - STARLINK-2702,Distance STARLINK-5114 - STARLINK-2220,Distance STARLINK-5114 - STARLINK-2591,Distance STARLINK-5114 - MoonARTEMIS1,Distance STARLINK-5114 - MoonARTEMIS2,Distance STARLINK-5114 - MoonIOAGEO,Distance STARLINK-5114 - MoonIOAGNO,Distance STARLINK-5114 - MoonIOAGNO 0001,Distance STARLINK-5114 - MoonIOAGSO,Distance STARLINK-5114 - MoonIOAGSO 0001,Distance STARLINK-5114 - MoonLRO,Distance STARLINK-5114 - MarsSat1,Distance STARLINK-5114 - MarsSat2,Distance STARLINK-5114 - MarsSat3,Distance STARLINK-5114 - MarsSat4,Distance STARLINK-1263 - STARLINK-31500,Distance STARLINK-1263 - STARLINK-2611,Distance STARLINK-1263 - STARLINK-6112,Distance STARLINK-1263 - STARLINK-3573,Distance STARLINK-1263 - STARLINK-5156,Distance STARLINK-1263 - STARLINK-11270 [DTC],Distance STARLINK-1263 - STARLINK-11115 [DTC],Distance STARLINK-1263 - STARLINK-5024,Distance STARLINK-1263 - STARLINK-1531,Distance STARLINK-1263 - STARLINK-30454,Distance STARLINK-1263 - STARLINK-11261 [DTC],Distance STARLINK-1263 - STARLINK-5739,Distance STARLINK-1263 - STARLINK-31271,Distance STARLINK-1263 - STARLINK-3889,Distance STARLINK-1263 - STARLINK-5077,Distance STARLINK-1263 - STARLINK-3956,Distance STARLINK-1263 - STARLINK-2286,Distance STARLINK-1263 - STARLINK-5544,Distance STARLINK-1263 - STARLINK-4268,Distance STARLINK-1263 - STARLINK-1329,Distance STARLINK-1263 - STARLINK-30712,Distance STARLINK-1263 - STARLINK-32042,Distance STARLINK-1263 - STARLINK-3867,Distance STARLINK-1263 - STARLINK-31048,Distance STARLINK-1263 - STARLINK-3892,Distance STARLINK-1263 - STARLINK-30297,Distance STARLINK-1263 - STARLINK-11256 [DTC],Distance STARLINK-1263 - STARLINK-31789,Distance STARLINK-1263 - STARLINK-30286,Distance STARLINK-1263 - STARLINK-32233,Distance STARLINK-1263 - STARLINK-5521,Distance STARLINK-1263 - STARLINK-4693,Distance STARLINK-1263 - STARLINK-5545,Distance STARLINK-1263 - STARLINK-30233,Distance STARLINK-1263 - STARLINK-30535,Distance STARLINK-1263 - STARLINK-4134,Distance STARLINK-1263 - STARLINK-4640,Distance STARLINK-1263 - STARLINK-4040,Distance STARLINK-1263 - STARLINK-31486,Distance STARLINK-1263 - STARLINK-1080,Distance STARLINK-1263 - STARLINK-31930,Distance STARLINK-1263 - STARLINK-2452,Distance STARLINK-1263 - STARLINK-32025,Distance STARLINK-1263 - STARLINK-5581,Distance STARLINK-1263 - STARLINK-32017,Distance STARLINK-1263 - STARLINK-31120,Distance STARLINK-1263 - STARLINK-4445,Distance STARLINK-1263 - STARLINK-31557,Distance STARLINK-1263 - STARLINK-30968,Distance STARLINK-1263 - STARLINK-11288 [DTC],Distance STARLINK-1263 - STARLINK-30583,Distance STARLINK-1263 - STARLINK-5320,Distance STARLINK-1263 - STARLINK-31062,Distance STARLINK-1263 - STARLINK-3398,Distance STARLINK-1263 - STARLINK-3625,Distance STARLINK-1263 - STARLINK-30570,Distance STARLINK-1263 - STARLINK-5582,Distance STARLINK-1263 - STARLINK-3147,Distance STARLINK-1263 - STARLINK-5684,Distance STARLINK-1263 - STARLINK-4380,Distance STARLINK-1263 - STARLINK-32045,Distance STARLINK-1263 - STARLINK-1854,Distance STARLINK-1263 - STARLINK-6314,Distance STARLINK-1263 - STARLINK-4533,Distance STARLINK-1263 - STARLINK-30272,Distance STARLINK-1263 - STARLINK-4016,Distance STARLINK-1263 - STARLINK-6175,Distance STARLINK-1263 - STARLINK-4800,Distance STARLINK-1263 - STARLINK-5408,Distance STARLINK-1263 - STARLINK-5174,Distance STARLINK-1263 - STARLINK-6031,Distance STARLINK-1263 - STARLINK-2702,Distance STARLINK-1263 - STARLINK-2220,Distance STARLINK-1263 - STARLINK-2591,Distance STARLINK-1263 - MoonARTEMIS1,Distance STARLINK-1263 - MoonARTEMIS2,Distance STARLINK-1263 - MoonIOAGEO,Distance STARLINK-1263 - MoonIOAGNO,Distance STARLINK-1263 - MoonIOAGNO 0001,Distance STARLINK-1263 - MoonIOAGSO,Distance STARLINK-1263 - MoonIOAGSO 0001,Distance STARLINK-1263 - MoonLRO,Distance STARLINK-1263 - MarsSat1,Distance STARLINK-1263 - MarsSat2,Distance STARLINK-1263 - MarsSat3,Distance STARLINK-1263 - MarsSat4,Distance STARLINK-31500 - STARLINK-2611,Distance STARLINK-31500 - STARLINK-6112,Distance STARLINK-31500 - STARLINK-3573,Distance STARLINK-31500 - STARLINK-5156,Distance STARLINK-31500 - STARLINK-11270 [DTC],Distance STARLINK-31500 - STARLINK-11115 [DTC],Distance STARLINK-31500 - STARLINK-5024,Distance STARLINK-31500 - STARLINK-1531,Distance STARLINK-31500 - STARLINK-30454,Distance STARLINK-31500 - STARLINK-11261 [DTC],Distance STARLINK-31500 - STARLINK-5739,Distance STARLINK-31500 - STARLINK-31271,Distance STARLINK-31500 - STARLINK-3889,Distance STARLINK-31500 - STARLINK-5077,Distance STARLINK-31500 - STARLINK-3956,Distance STARLINK-31500 - STARLINK-2286,Distance STARLINK-31500 - STARLINK-5544,Distance STARLINK-31500 - STARLINK-4268,Distance STARLINK-31500 - STARLINK-1329,Distance STARLINK-31500 - STARLINK-30712,Distance STARLINK-31500 - STARLINK-32042,Distance STARLINK-31500 - STARLINK-3867,Distance STARLINK-31500 - STARLINK-31048,Distance STARLINK-31500 - STARLINK-3892,Distance STARLINK-31500 - STARLINK-30297,Distance STARLINK-31500 - STARLINK-11256 [DTC],Distance STARLINK-31500 - STARLINK-31789,Distance STARLINK-31500 - STARLINK-30286,Distance STARLINK-31500 - STARLINK-32233,Distance STARLINK-31500 - STARLINK-5521,Distance STARLINK-31500 - STARLINK-4693,Distance STARLINK-31500 - STARLINK-5545,Distance STARLINK-31500 - STARLINK-30233,Distance STARLINK-31500 - STARLINK-30535,Distance STARLINK-31500 - STARLINK-4134,Distance STARLINK-31500 - STARLINK-4640,Distance STARLINK-31500 - STARLINK-4040,Distance STARLINK-31500 - STARLINK-31486,Distance STARLINK-31500 - STARLINK-1080,Distance STARLINK-31500 - STARLINK-31930,Distance STARLINK-31500 - STARLINK-2452,Distance STARLINK-31500 - STARLINK-32025,Distance STARLINK-31500 - STARLINK-5581,Distance STARLINK-31500 - STARLINK-32017,Distance STARLINK-31500 - STARLINK-31120,Distance STARLINK-31500 - STARLINK-4445,Distance STARLINK-31500 - STARLINK-31557,Distance STARLINK-31500 - STARLINK-30968,Distance STARLINK-31500 - STARLINK-11288 [DTC],Distance STARLINK-31500 - STARLINK-30583,Distance STARLINK-31500 - STARLINK-5320,Distance STARLINK-31500 - STARLINK-31062,Distance STARLINK-31500 - STARLINK-3398,Distance STARLINK-31500 - STARLINK-3625,Distance STARLINK-31500 - STARLINK-30570,Distance STARLINK-31500 - STARLINK-5582,Distance STARLINK-31500 - STARLINK-3147,Distance STARLINK-31500 - STARLINK-5684,Distance STARLINK-31500 - STARLINK-4380,Distance STARLINK-31500 - STARLINK-32045,Distance STARLINK-31500 - STARLINK-1854,Distance STARLINK-31500 - STARLINK-6314,Distance STARLINK-31500 - STARLINK-4533,Distance STARLINK-31500 - STARLINK-30272,Distance STARLINK-31500 - STARLINK-4016,Distance STARLINK-31500 - STARLINK-6175,Distance STARLINK-31500 - STARLINK-4800,Distance STARLINK-31500 - STARLINK-5408,Distance STARLINK-31500 - STARLINK-5174,Distance STARLINK-31500 - STARLINK-6031,Distance STARLINK-31500 - STARLINK-2702,Distance STARLINK-31500 - STARLINK-2220,Distance STARLINK-31500 - STARLINK-2591,Distance STARLINK-31500 - MoonARTEMIS1,Distance STARLINK-31500 - MoonARTEMIS2,Distance STARLINK-31500 - MoonIOAGEO,Distance STARLINK-31500 - MoonIOAGNO,Distance STARLINK-31500 - MoonIOAGNO 0001,Distance STARLINK-31500 - MoonIOAGSO,Distance STARLINK-31500 - MoonIOAGSO 0001,Distance STARLINK-31500 - MoonLRO,Distance STARLINK-31500 - MarsSat1,Distance STARLINK-31500 - MarsSat2,Distance STARLINK-31500 - MarsSat3,Distance STARLINK-31500 - MarsSat4,Distance STARLINK-2611 - STARLINK-6112,Distance STARLINK-2611 - STARLINK-3573,Distance STARLINK-2611 - STARLINK-5156,Distance STARLINK-2611 - STARLINK-11270 [DTC],Distance STARLINK-2611 - STARLINK-11115 [DTC],Distance STARLINK-2611 - STARLINK-5024,Distance STARLINK-2611 - STARLINK-1531,Distance STARLINK-2611 - STARLINK-30454,Distance STARLINK-2611 - STARLINK-11261 [DTC],Distance STARLINK-2611 - STARLINK-5739,Distance STARLINK-2611 - STARLINK-31271,Distance STARLINK-2611 - STARLINK-3889,Distance STARLINK-2611 - STARLINK-5077,Distance STARLINK-2611 - STARLINK-3956,Distance STARLINK-2611 - STARLINK-2286,Distance STARLINK-2611 - STARLINK-5544,Distance STARLINK-2611 - STARLINK-4268,Distance STARLINK-2611 - STARLINK-1329,Distance STARLINK-2611 - STARLINK-30712,Distance STARLINK-2611 - STARLINK-32042,Distance STARLINK-2611 - STARLINK-3867,Distance STARLINK-2611 - STARLINK-31048,Distance STARLINK-2611 - STARLINK-3892,Distance STARLINK-2611 - STARLINK-30297,Distance STARLINK-2611 - STARLINK-11256 [DTC],Distance STARLINK-2611 - STARLINK-31789,Distance STARLINK-2611 - STARLINK-30286,Distance STARLINK-2611 - STARLINK-32233,Distance STARLINK-2611 - STARLINK-5521,Distance STARLINK-2611 - STARLINK-4693,Distance STARLINK-2611 - STARLINK-5545,Distance STARLINK-2611 - STARLINK-30233,Distance STARLINK-2611 - STARLINK-30535,Distance STARLINK-2611 - STARLINK-4134,Distance STARLINK-2611 - STARLINK-4640,Distance STARLINK-2611 - STARLINK-4040,Distance STARLINK-2611 - STARLINK-31486,Distance STARLINK-2611 - STARLINK-1080,Distance STARLINK-2611 - STARLINK-31930,Distance STARLINK-2611 - STARLINK-2452,Distance STARLINK-2611 - STARLINK-32025,Distance STARLINK-2611 - STARLINK-5581,Distance STARLINK-2611 - STARLINK-32017,Distance STARLINK-2611 - STARLINK-31120,Distance STARLINK-2611 - STARLINK-4445,Distance STARLINK-2611 - STARLINK-31557,Distance STARLINK-2611 - STARLINK-30968,Distance STARLINK-2611 - STARLINK-11288 [DTC],Distance STARLINK-2611 - STARLINK-30583,Distance STARLINK-2611 - STARLINK-5320,Distance STARLINK-2611 - STARLINK-31062,Distance STARLINK-2611 - STARLINK-3398,Distance STARLINK-2611 - STARLINK-3625,Distance STARLINK-2611 - STARLINK-30570,Distance STARLINK-2611 - STARLINK-5582,Distance STARLINK-2611 - STARLINK-3147,Distance STARLINK-2611 - STARLINK-5684,Distance STARLINK-2611 - STARLINK-4380,Distance STARLINK-2611 - STARLINK-32045,Distance STARLINK-2611 - STARLINK-1854,Distance STARLINK-2611 - STARLINK-6314,Distance STARLINK-2611 - STARLINK-4533,Distance STARLINK-2611 - STARLINK-30272,Distance STARLINK-2611 - STARLINK-4016,Distance STARLINK-2611 - STARLINK-6175,Distance STARLINK-2611 - STARLINK-4800,Distance STARLINK-2611 - STARLINK-5408,Distance STARLINK-2611 - STARLINK-5174,Distance STARLINK-2611 - STARLINK-6031,Distance STARLINK-2611 - STARLINK-2702,Distance STARLINK-2611 - STARLINK-2220,Distance STARLINK-2611 - STARLINK-2591,Distance STARLINK-2611 - MoonARTEMIS1,Distance STARLINK-2611 - MoonARTEMIS2,Distance STARLINK-2611 - MoonIOAGEO,Distance STARLINK-2611 - MoonIOAGNO,Distance STARLINK-2611 - MoonIOAGNO 0001,Distance STARLINK-2611 - MoonIOAGSO,Distance STARLINK-2611 - MoonIOAGSO 0001,Distance STARLINK-2611 - MoonLRO,Distance STARLINK-2611 - MarsSat1,Distance STARLINK-2611 - MarsSat2,Distance STARLINK-2611 - MarsSat3,Distance STARLINK-2611 - MarsSat4,Distance STARLINK-6112 - STARLINK-3573,Distance STARLINK-6112 - STARLINK-5156,Distance STARLINK-6112 - STARLINK-11270 [DTC],Distance STARLINK-6112 - STARLINK-11115 [DTC],Distance STARLINK-6112 - STARLINK-5024,Distance STARLINK-6112 - STARLINK-1531,Distance STARLINK-6112 - STARLINK-30454,Distance STARLINK-6112 - STARLINK-11261 [DTC],Distance STARLINK-6112 - STARLINK-5739,Distance STARLINK-6112 - STARLINK-31271,Distance STARLINK-6112 - STARLINK-3889,Distance STARLINK-6112 - STARLINK-5077,Distance STARLINK-6112 - STARLINK-3956,Distance STARLINK-6112 - STARLINK-2286,Distance STARLINK-6112 - STARLINK-5544,Distance STARLINK-6112 - STARLINK-4268,Distance STARLINK-6112 - STARLINK-1329,Distance STARLINK-6112 - STARLINK-30712,Distance STARLINK-6112 - STARLINK-32042,Distance STARLINK-6112 - STARLINK-3867,Distance STARLINK-6112 - STARLINK-31048,Distance STARLINK-6112 - STARLINK-3892,Distance STARLINK-6112 - STARLINK-30297,Distance STARLINK-6112 - STARLINK-11256 [DTC],Distance STARLINK-6112 - STARLINK-31789,Distance STARLINK-6112 - STARLINK-30286,Distance STARLINK-6112 - STARLINK-32233,Distance STARLINK-6112 - STARLINK-5521,Distance STARLINK-6112 - STARLINK-4693,Distance STARLINK-6112 - STARLINK-5545,Distance STARLINK-6112 - STARLINK-30233,Distance STARLINK-6112 - STARLINK-30535,Distance STARLINK-6112 - STARLINK-4134,Distance STARLINK-6112 - STARLINK-4640,Distance STARLINK-6112 - STARLINK-4040,Distance STARLINK-6112 - STARLINK-31486,Distance STARLINK-6112 - STARLINK-1080,Distance STARLINK-6112 - STARLINK-31930,Distance STARLINK-6112 - STARLINK-2452,Distance STARLINK-6112 - STARLINK-32025,Distance STARLINK-6112 - STARLINK-5581,Distance STARLINK-6112 - STARLINK-32017,Distance STARLINK-6112 - STARLINK-31120,Distance STARLINK-6112 - STARLINK-4445,Distance STARLINK-6112 - STARLINK-31557,Distance STARLINK-6112 - STARLINK-30968,Distance STARLINK-6112 - STARLINK-11288 [DTC],Distance STARLINK-6112 - STARLINK-30583,Distance STARLINK-6112 - STARLINK-5320,Distance STARLINK-6112 - STARLINK-31062,Distance STARLINK-6112 - STARLINK-3398,Distance STARLINK-6112 - STARLINK-3625,Distance STARLINK-6112 - STARLINK-30570,Distance STARLINK-6112 - STARLINK-5582,Distance STARLINK-6112 - STARLINK-3147,Distance STARLINK-6112 - STARLINK-5684,Distance STARLINK-6112 - STARLINK-4380,Distance STARLINK-6112 - STARLINK-32045,Distance STARLINK-6112 - STARLINK-1854,Distance STARLINK-6112 - STARLINK-6314,Distance STARLINK-6112 - STARLINK-4533,Distance STARLINK-6112 - STARLINK-30272,Distance STARLINK-6112 - STARLINK-4016,Distance STARLINK-6112 - STARLINK-6175,Distance STARLINK-6112 - STARLINK-4800,Distance STARLINK-6112 - STARLINK-5408,Distance STARLINK-6112 - STARLINK-5174,Distance STARLINK-6112 - STARLINK-6031,Distance STARLINK-6112 - STARLINK-2702,Distance STARLINK-6112 - STARLINK-2220,Distance STARLINK-6112 - STARLINK-2591,Distance STARLINK-6112 - MoonARTEMIS1,Distance STARLINK-6112 - MoonARTEMIS2,Distance STARLINK-6112 - MoonIOAGEO,Distance STARLINK-6112 - MoonIOAGNO,Distance STARLINK-6112 - MoonIOAGNO 0001,Distance STARLINK-6112 - MoonIOAGSO,Distance STARLINK-6112 - MoonIOAGSO 0001,Distance STARLINK-6112 - MoonLRO,Distance STARLINK-6112 - MarsSat1,Distance STARLINK-6112 - MarsSat2,Distance STARLINK-6112 - MarsSat3,Distance STARLINK-6112 - MarsSat4,Distance STARLINK-3573 - STARLINK-5156,Distance STARLINK-3573 - STARLINK-11270 [DTC],Distance STARLINK-3573 - STARLINK-11115 [DTC],Distance STARLINK-3573 - STARLINK-5024,Distance STARLINK-3573 - STARLINK-1531,Distance STARLINK-3573 - STARLINK-30454,Distance STARLINK-3573 - STARLINK-11261 [DTC],Distance STARLINK-3573 - STARLINK-5739,Distance STARLINK-3573 - STARLINK-31271,Distance STARLINK-3573 - STARLINK-3889,Distance STARLINK-3573 - STARLINK-5077,Distance STARLINK-3573 - STARLINK-3956,Distance STARLINK-3573 - STARLINK-2286,Distance STARLINK-3573 - STARLINK-5544,Distance STARLINK-3573 - STARLINK-4268,Distance STARLINK-3573 - STARLINK-1329,Distance STARLINK-3573 - STARLINK-30712,Distance STARLINK-3573 - STARLINK-32042,Distance STARLINK-3573 - STARLINK-3867,Distance STARLINK-3573 - STARLINK-31048,Distance STARLINK-3573 - STARLINK-3892,Distance STARLINK-3573 - STARLINK-30297,Distance STARLINK-3573 - STARLINK-11256 [DTC],Distance STARLINK-3573 - STARLINK-31789,Distance STARLINK-3573 - STARLINK-30286,Distance STARLINK-3573 - STARLINK-32233,Distance STARLINK-3573 - STARLINK-5521,Distance STARLINK-3573 - STARLINK-4693,Distance STARLINK-3573 - STARLINK-5545,Distance STARLINK-3573 - STARLINK-30233,Distance STARLINK-3573 - STARLINK-30535,Distance STARLINK-3573 - STARLINK-4134,Distance STARLINK-3573 - STARLINK-4640,Distance STARLINK-3573 - STARLINK-4040,Distance STARLINK-3573 - STARLINK-31486,Distance STARLINK-3573 - STARLINK-1080,Distance STARLINK-3573 - STARLINK-31930,Distance STARLINK-3573 - STARLINK-2452,Distance STARLINK-3573 - STARLINK-32025,Distance STARLINK-3573 - STARLINK-5581,Distance STARLINK-3573 - STARLINK-32017,Distance STARLINK-3573 - STARLINK-31120,Distance STARLINK-3573 - STARLINK-4445,Distance STARLINK-3573 - STARLINK-31557,Distance STARLINK-3573 - STARLINK-30968,Distance STARLINK-3573 - STARLINK-11288 [DTC],Distance STARLINK-3573 - STARLINK-30583,Distance STARLINK-3573 - STARLINK-5320,Distance STARLINK-3573 - STARLINK-31062,Distance STARLINK-3573 - STARLINK-3398,Distance STARLINK-3573 - STARLINK-3625,Distance STARLINK-3573 - STARLINK-30570,Distance STARLINK-3573 - STARLINK-5582,Distance STARLINK-3573 - STARLINK-3147,Distance STARLINK-3573 - STARLINK-5684,Distance STARLINK-3573 - STARLINK-4380,Distance STARLINK-3573 - STARLINK-32045,Distance STARLINK-3573 - STARLINK-1854,Distance STARLINK-3573 - STARLINK-6314,Distance STARLINK-3573 - STARLINK-4533,Distance STARLINK-3573 - STARLINK-30272,Distance STARLINK-3573 - STARLINK-4016,Distance STARLINK-3573 - STARLINK-6175,Distance STARLINK-3573 - STARLINK-4800,Distance STARLINK-3573 - STARLINK-5408,Distance STARLINK-3573 - STARLINK-5174,Distance STARLINK-3573 - STARLINK-6031,Distance STARLINK-3573 - STARLINK-2702,Distance STARLINK-3573 - STARLINK-2220,Distance STARLINK-3573 - STARLINK-2591,Distance STARLINK-3573 - MoonARTEMIS1,Distance STARLINK-3573 - MoonARTEMIS2,Distance STARLINK-3573 - MoonIOAGEO,Distance STARLINK-3573 - MoonIOAGNO,Distance STARLINK-3573 - MoonIOAGNO 0001,Distance STARLINK-3573 - MoonIOAGSO,Distance STARLINK-3573 - MoonIOAGSO 0001,Distance STARLINK-3573 - MoonLRO,Distance STARLINK-3573 - MarsSat1,Distance STARLINK-3573 - MarsSat2,Distance STARLINK-3573 - MarsSat3,Distance STARLINK-3573 - MarsSat4,Distance STARLINK-5156 - STARLINK-11270 [DTC],Distance STARLINK-5156 - STARLINK-11115 [DTC],Distance STARLINK-5156 - STARLINK-5024,Distance STARLINK-5156 - STARLINK-1531,Distance STARLINK-5156 - STARLINK-30454,Distance STARLINK-5156 - STARLINK-11261 [DTC],Distance STARLINK-5156 - STARLINK-5739,Distance STARLINK-5156 - STARLINK-31271,Distance STARLINK-5156 - STARLINK-3889,Distance STARLINK-5156 - STARLINK-5077,Distance STARLINK-5156 - STARLINK-3956,Distance STARLINK-5156 - STARLINK-2286,Distance STARLINK-5156 - STARLINK-5544,Distance STARLINK-5156 - STARLINK-4268,Distance STARLINK-5156 - STARLINK-1329,Distance STARLINK-5156 - STARLINK-30712,Distance STARLINK-5156 - STARLINK-32042,Distance STARLINK-5156 - STARLINK-3867,Distance STARLINK-5156 - STARLINK-31048,Distance STARLINK-5156 - STARLINK-3892,Distance STARLINK-5156 - STARLINK-30297,Distance STARLINK-5156 - STARLINK-11256 [DTC],Distance STARLINK-5156 - STARLINK-31789,Distance STARLINK-5156 - STARLINK-30286,Distance STARLINK-5156 - STARLINK-32233,Distance STARLINK-5156 - STARLINK-5521,Distance STARLINK-5156 - STARLINK-4693,Distance STARLINK-5156 - STARLINK-5545,Distance STARLINK-5156 - STARLINK-30233,Distance STARLINK-5156 - STARLINK-30535,Distance STARLINK-5156 - STARLINK-4134,Distance STARLINK-5156 - STARLINK-4640,Distance STARLINK-5156 - STARLINK-4040,Distance STARLINK-5156 - STARLINK-31486,Distance STARLINK-5156 - STARLINK-1080,Distance STARLINK-5156 - STARLINK-31930,Distance STARLINK-5156 - STARLINK-2452,Distance STARLINK-5156 - STARLINK-32025,Distance STARLINK-5156 - STARLINK-5581,Distance STARLINK-5156 - STARLINK-32017,Distance STARLINK-5156 - STARLINK-31120,Distance STARLINK-5156 - STARLINK-4445,Distance STARLINK-5156 - STARLINK-31557,Distance STARLINK-5156 - STARLINK-30968,Distance STARLINK-5156 - STARLINK-11288 [DTC],Distance STARLINK-5156 - STARLINK-30583,Distance STARLINK-5156 - STARLINK-5320,Distance STARLINK-5156 - STARLINK-31062,Distance STARLINK-5156 - STARLINK-3398,Distance STARLINK-5156 - STARLINK-3625,Distance STARLINK-5156 - STARLINK-30570,Distance STARLINK-5156 - STARLINK-5582,Distance STARLINK-5156 - STARLINK-3147,Distance STARLINK-5156 - STARLINK-5684,Distance STARLINK-5156 - STARLINK-4380,Distance STARLINK-5156 - STARLINK-32045,Distance STARLINK-5156 - STARLINK-1854,Distance STARLINK-5156 - STARLINK-6314,Distance STARLINK-5156 - STARLINK-4533,Distance STARLINK-5156 - STARLINK-30272,Distance STARLINK-5156 - STARLINK-4016,Distance STARLINK-5156 - STARLINK-6175,Distance STARLINK-5156 - STARLINK-4800,Distance STARLINK-5156 - STARLINK-5408,Distance STARLINK-5156 - STARLINK-5174,Distance STARLINK-5156 - STARLINK-6031,Distance STARLINK-5156 - STARLINK-2702,Distance STARLINK-5156 - STARLINK-2220,Distance STARLINK-5156 - STARLINK-2591,Distance STARLINK-5156 - MoonARTEMIS1,Distance STARLINK-5156 - MoonARTEMIS2,Distance STARLINK-5156 - MoonIOAGEO,Distance STARLINK-5156 - MoonIOAGNO,Distance STARLINK-5156 - MoonIOAGNO 0001,Distance STARLINK-5156 - MoonIOAGSO,Distance STARLINK-5156 - MoonIOAGSO 0001,Distance STARLINK-5156 - MoonLRO,Distance STARLINK-5156 - MarsSat1,Distance STARLINK-5156 - MarsSat2,Distance STARLINK-5156 - MarsSat3,Distance STARLINK-5156 - MarsSat4,Distance STARLINK-11270 [DTC] - STARLINK-11115 [DTC],Distance STARLINK-11270 [DTC] - STARLINK-5024,Distance STARLINK-11270 [DTC] - STARLINK-1531,Distance STARLINK-11270 [DTC] - STARLINK-30454,Distance STARLINK-11270 [DTC] - STARLINK-11261 [DTC],Distance STARLINK-11270 [DTC] - STARLINK-5739,Distance STARLINK-11270 [DTC] - STARLINK-31271,Distance STARLINK-11270 [DTC] - STARLINK-3889,Distance STARLINK-11270 [DTC] - STARLINK-5077,Distance STARLINK-11270 [DTC] - STARLINK-3956,Distance STARLINK-11270 [DTC] - STARLINK-2286,Distance STARLINK-11270 [DTC] - STARLINK-5544,Distance STARLINK-11270 [DTC] - STARLINK-4268,Distance STARLINK-11270 [DTC] - STARLINK-1329,Distance STARLINK-11270 [DTC] - STARLINK-30712,Distance STARLINK-11270 [DTC] - STARLINK-32042,Distance STARLINK-11270 [DTC] - STARLINK-3867,Distance STARLINK-11270 [DTC] - STARLINK-31048,Distance STARLINK-11270 [DTC] - STARLINK-3892,Distance STARLINK-11270 [DTC] - STARLINK-30297,Distance STARLINK-11270 [DTC] - STARLINK-11256 [DTC],Distance STARLINK-11270 [DTC] - STARLINK-31789,Distance STARLINK-11270 [DTC] - STARLINK-30286,Distance STARLINK-11270 [DTC] - STARLINK-32233,Distance STARLINK-11270 [DTC] - STARLINK-5521,Distance STARLINK-11270 [DTC] - STARLINK-4693,Distance STARLINK-11270 [DTC] - STARLINK-5545,Distance STARLINK-11270 [DTC] - STARLINK-30233,Distance STARLINK-11270 [DTC] - STARLINK-30535,Distance STARLINK-11270 [DTC] - STARLINK-4134,Distance STARLINK-11270 [DTC] - STARLINK-4640,Distance STARLINK-11270 [DTC] - STARLINK-4040,Distance STARLINK-11270 [DTC] - STARLINK-31486,Distance STARLINK-11270 [DTC] - STARLINK-1080,Distance STARLINK-11270 [DTC] - STARLINK-31930,Distance STARLINK-11270 [DTC] - STARLINK-2452,Distance STARLINK-11270 [DTC] - STARLINK-32025,Distance STARLINK-11270 [DTC] - STARLINK-5581,Distance STARLINK-11270 [DTC] - STARLINK-32017,Distance STARLINK-11270 [DTC] - STARLINK-31120,Distance STARLINK-11270 [DTC] - STARLINK-4445,Distance STARLINK-11270 [DTC] - STARLINK-31557,Distance STARLINK-11270 [DTC] - STARLINK-30968,Distance STARLINK-11270 [DTC] - STARLINK-11288 [DTC],Distance STARLINK-11270 [DTC] - STARLINK-30583,Distance STARLINK-11270 [DTC] - STARLINK-5320,Distance STARLINK-11270 [DTC] - STARLINK-31062,Distance STARLINK-11270 [DTC] - STARLINK-3398,Distance STARLINK-11270 [DTC] - STARLINK-3625,Distance STARLINK-11270 [DTC] - STARLINK-30570,Distance STARLINK-11270 [DTC] - STARLINK-5582,Distance STARLINK-11270 [DTC] - STARLINK-3147,Distance STARLINK-11270 [DTC] - STARLINK-5684,Distance STARLINK-11270 [DTC] - STARLINK-4380,Distance STARLINK-11270 [DTC] - STARLINK-32045,Distance STARLINK-11270 [DTC] - STARLINK-1854,Distance STARLINK-11270 [DTC] - STARLINK-6314,Distance STARLINK-11270 [DTC] - STARLINK-4533,Distance STARLINK-11270 [DTC] - STARLINK-30272,Distance STARLINK-11270 [DTC] - STARLINK-4016,Distance STARLINK-11270 [DTC] - STARLINK-6175,Distance STARLINK-11270 [DTC] - STARLINK-4800,Distance STARLINK-11270 [DTC] - STARLINK-5408,Distance STARLINK-11270 [DTC] - STARLINK-5174,Distance STARLINK-11270 [DTC] - STARLINK-6031,Distance STARLINK-11270 [DTC] - STARLINK-2702,Distance STARLINK-11270 [DTC] - STARLINK-2220,Distance STARLINK-11270 [DTC] - STARLINK-2591,Distance STARLINK-11270 [DTC] - MoonARTEMIS1,Distance STARLINK-11270 [DTC] - MoonARTEMIS2,Distance STARLINK-11270 [DTC] - MoonIOAGEO,Distance STARLINK-11270 [DTC] - MoonIOAGNO,Distance STARLINK-11270 [DTC] - MoonIOAGNO 0001,Distance STARLINK-11270 [DTC] - MoonIOAGSO,Distance STARLINK-11270 [DTC] - MoonIOAGSO 0001,Distance STARLINK-11270 [DTC] - MoonLRO,Distance STARLINK-11270 [DTC] - MarsSat1,Distance STARLINK-11270 [DTC] - MarsSat2,Distance STARLINK-11270 [DTC] - MarsSat3,Distance STARLINK-11270 [DTC] - MarsSat4,Distance STARLINK-11115 [DTC] - STARLINK-5024,Distance STARLINK-11115 [DTC] - STARLINK-1531,Distance STARLINK-11115 [DTC] - STARLINK-30454,Distance STARLINK-11115 [DTC] - STARLINK-11261 [DTC],Distance STARLINK-11115 [DTC] - STARLINK-5739,Distance STARLINK-11115 [DTC] - STARLINK-31271,Distance STARLINK-11115 [DTC] - STARLINK-3889,Distance STARLINK-11115 [DTC] - STARLINK-5077,Distance STARLINK-11115 [DTC] - STARLINK-3956,Distance STARLINK-11115 [DTC] - STARLINK-2286,Distance STARLINK-11115 [DTC] - STARLINK-5544,Distance STARLINK-11115 [DTC] - STARLINK-4268,Distance STARLINK-11115 [DTC] - STARLINK-1329,Distance STARLINK-11115 [DTC] - STARLINK-30712,Distance STARLINK-11115 [DTC] - STARLINK-32042,Distance STARLINK-11115 [DTC] - STARLINK-3867,Distance STARLINK-11115 [DTC] - STARLINK-31048,Distance STARLINK-11115 [DTC] - STARLINK-3892,Distance STARLINK-11115 [DTC] - STARLINK-30297,Distance STARLINK-11115 [DTC] - STARLINK-11256 [DTC],Distance STARLINK-11115 [DTC] - STARLINK-31789,Distance STARLINK-11115 [DTC] - STARLINK-30286,Distance STARLINK-11115 [DTC] - STARLINK-32233,Distance STARLINK-11115 [DTC] - STARLINK-5521,Distance STARLINK-11115 [DTC] - STARLINK-4693,Distance STARLINK-11115 [DTC] - STARLINK-5545,Distance STARLINK-11115 [DTC] - STARLINK-30233,Distance STARLINK-11115 [DTC] - STARLINK-30535,Distance STARLINK-11115 [DTC] - STARLINK-4134,Distance STARLINK-11115 [DTC] - STARLINK-4640,Distance STARLINK-11115 [DTC] - STARLINK-4040,Distance STARLINK-11115 [DTC] - STARLINK-31486,Distance STARLINK-11115 [DTC] - STARLINK-1080,Distance STARLINK-11115 [DTC] - STARLINK-31930,Distance STARLINK-11115 [DTC] - STARLINK-2452,Distance STARLINK-11115 [DTC] - STARLINK-32025,Distance STARLINK-11115 [DTC] - STARLINK-5581,Distance STARLINK-11115 [DTC] - STARLINK-32017,Distance STARLINK-11115 [DTC] - STARLINK-31120,Distance STARLINK-11115 [DTC] - STARLINK-4445,Distance STARLINK-11115 [DTC] - STARLINK-31557,Distance STARLINK-11115 [DTC] - STARLINK-30968,Distance STARLINK-11115 [DTC] - STARLINK-11288 [DTC],Distance STARLINK-11115 [DTC] - STARLINK-30583,Distance STARLINK-11115 [DTC] - STARLINK-5320,Distance STARLINK-11115 [DTC] - STARLINK-31062,Distance STARLINK-11115 [DTC] - STARLINK-3398,Distance STARLINK-11115 [DTC] - STARLINK-3625,Distance STARLINK-11115 [DTC] - STARLINK-30570,Distance STARLINK-11115 [DTC] - STARLINK-5582,Distance STARLINK-11115 [DTC] - STARLINK-3147,Distance STARLINK-11115 [DTC] - STARLINK-5684,Distance STARLINK-11115 [DTC] - STARLINK-4380,Distance STARLINK-11115 [DTC] - STARLINK-32045,Distance STARLINK-11115 [DTC] - STARLINK-1854,Distance STARLINK-11115 [DTC] - STARLINK-6314,Distance STARLINK-11115 [DTC] - STARLINK-4533,Distance STARLINK-11115 [DTC] - STARLINK-30272,Distance STARLINK-11115 [DTC] - STARLINK-4016,Distance STARLINK-11115 [DTC] - STARLINK-6175,Distance STARLINK-11115 [DTC] - STARLINK-4800,Distance STARLINK-11115 [DTC] - STARLINK-5408,Distance STARLINK-11115 [DTC] - STARLINK-5174,Distance STARLINK-11115 [DTC] - STARLINK-6031,Distance STARLINK-11115 [DTC] - STARLINK-2702,Distance STARLINK-11115 [DTC] - STARLINK-2220,Distance STARLINK-11115 [DTC] - STARLINK-2591,Distance STARLINK-11115 [DTC] - MoonARTEMIS1,Distance STARLINK-11115 [DTC] - MoonARTEMIS2,Distance STARLINK-11115 [DTC] - MoonIOAGEO,Distance STARLINK-11115 [DTC] - MoonIOAGNO,Distance STARLINK-11115 [DTC] - MoonIOAGNO 0001,Distance STARLINK-11115 [DTC] - MoonIOAGSO,Distance STARLINK-11115 [DTC] - MoonIOAGSO 0001,Distance STARLINK-11115 [DTC] - MoonLRO,Distance STARLINK-11115 [DTC] - MarsSat1,Distance STARLINK-11115 [DTC] - MarsSat2,Distance STARLINK-11115 [DTC] - MarsSat3,Distance STARLINK-11115 [DTC] - MarsSat4,Distance STARLINK-5024 - STARLINK-1531,Distance STARLINK-5024 - STARLINK-30454,Distance STARLINK-5024 - STARLINK-11261 [DTC],Distance STARLINK-5024 - STARLINK-5739,Distance STARLINK-5024 - STARLINK-31271,Distance STARLINK-5024 - STARLINK-3889,Distance STARLINK-5024 - STARLINK-5077,Distance STARLINK-5024 - STARLINK-3956,Distance STARLINK-5024 - STARLINK-2286,Distance STARLINK-5024 - STARLINK-5544,Distance STARLINK-5024 - STARLINK-4268,Distance STARLINK-5024 - STARLINK-1329,Distance STARLINK-5024 - STARLINK-30712,Distance STARLINK-5024 - STARLINK-32042,Distance STARLINK-5024 - STARLINK-3867,Distance STARLINK-5024 - STARLINK-31048,Distance STARLINK-5024 - STARLINK-3892,Distance STARLINK-5024 - STARLINK-30297,Distance STARLINK-5024 - STARLINK-11256 [DTC],Distance STARLINK-5024 - STARLINK-31789,Distance STARLINK-5024 - STARLINK-30286,Distance STARLINK-5024 - STARLINK-32233,Distance STARLINK-5024 - STARLINK-5521,Distance STARLINK-5024 - STARLINK-4693,Distance STARLINK-5024 - STARLINK-5545,Distance STARLINK-5024 - STARLINK-30233,Distance STARLINK-5024 - STARLINK-30535,Distance STARLINK-5024 - STARLINK-4134,Distance STARLINK-5024 - STARLINK-4640,Distance STARLINK-5024 - STARLINK-4040,Distance STARLINK-5024 - STARLINK-31486,Distance STARLINK-5024 - STARLINK-1080,Distance STARLINK-5024 - STARLINK-31930,Distance STARLINK-5024 - STARLINK-2452,Distance STARLINK-5024 - STARLINK-32025,Distance STARLINK-5024 - STARLINK-5581,Distance STARLINK-5024 - STARLINK-32017,Distance STARLINK-5024 - STARLINK-31120,Distance STARLINK-5024 - STARLINK-4445,Distance STARLINK-5024 - STARLINK-31557,Distance STARLINK-5024 - STARLINK-30968,Distance STARLINK-5024 - STARLINK-11288 [DTC],Distance STARLINK-5024 - STARLINK-30583,Distance STARLINK-5024 - STARLINK-5320,Distance STARLINK-5024 - STARLINK-31062,Distance STARLINK-5024 - STARLINK-3398,Distance STARLINK-5024 - STARLINK-3625,Distance STARLINK-5024 - STARLINK-30570,Distance STARLINK-5024 - STARLINK-5582,Distance STARLINK-5024 - STARLINK-3147,Distance STARLINK-5024 - STARLINK-5684,Distance STARLINK-5024 - STARLINK-4380,Distance STARLINK-5024 - STARLINK-32045,Distance STARLINK-5024 - STARLINK-1854,Distance STARLINK-5024 - STARLINK-6314,Distance STARLINK-5024 - STARLINK-4533,Distance STARLINK-5024 - STARLINK-30272,Distance STARLINK-5024 - STARLINK-4016,Distance STARLINK-5024 - STARLINK-6175,Distance STARLINK-5024 - STARLINK-4800,Distance STARLINK-5024 - STARLINK-5408,Distance STARLINK-5024 - STARLINK-5174,Distance STARLINK-5024 - STARLINK-6031,Distance STARLINK-5024 - STARLINK-2702,Distance STARLINK-5024 - STARLINK-2220,Distance STARLINK-5024 - STARLINK-2591,Distance STARLINK-5024 - MoonARTEMIS1,Distance STARLINK-5024 - MoonARTEMIS2,Distance STARLINK-5024 - MoonIOAGEO,Distance STARLINK-5024 - MoonIOAGNO,Distance STARLINK-5024 - MoonIOAGNO 0001,Distance STARLINK-5024 - MoonIOAGSO,Distance STARLINK-5024 - MoonIOAGSO 0001,Distance STARLINK-5024 - MoonLRO,Distance STARLINK-5024 - MarsSat1,Distance STARLINK-5024 - MarsSat2,Distance STARLINK-5024 - MarsSat3,Distance STARLINK-5024 - MarsSat4,Distance STARLINK-1531 - STARLINK-30454,Distance STARLINK-1531 - STARLINK-11261 [DTC],Distance STARLINK-1531 - STARLINK-5739,Distance STARLINK-1531 - STARLINK-31271,Distance STARLINK-1531 - STARLINK-3889,Distance STARLINK-1531 - STARLINK-5077,Distance STARLINK-1531 - STARLINK-3956,Distance STARLINK-1531 - STARLINK-2286,Distance STARLINK-1531 - STARLINK-5544,Distance STARLINK-1531 - STARLINK-4268,Distance STARLINK-1531 - STARLINK-1329,Distance STARLINK-1531 - STARLINK-30712,Distance STARLINK-1531 - STARLINK-32042,Distance STARLINK-1531 - STARLINK-3867,Distance STARLINK-1531 - STARLINK-31048,Distance STARLINK-1531 - STARLINK-3892,Distance STARLINK-1531 - STARLINK-30297,Distance STARLINK-1531 - STARLINK-11256 [DTC],Distance STARLINK-1531 - STARLINK-31789,Distance STARLINK-1531 - STARLINK-30286,Distance STARLINK-1531 - STARLINK-32233,Distance STARLINK-1531 - STARLINK-5521,Distance STARLINK-1531 - STARLINK-4693,Distance STARLINK-1531 - STARLINK-5545,Distance STARLINK-1531 - STARLINK-30233,Distance STARLINK-1531 - STARLINK-30535,Distance STARLINK-1531 - STARLINK-4134,Distance STARLINK-1531 - STARLINK-4640,Distance STARLINK-1531 - STARLINK-4040,Distance STARLINK-1531 - STARLINK-31486,Distance STARLINK-1531 - STARLINK-1080,Distance STARLINK-1531 - STARLINK-31930,Distance STARLINK-1531 - STARLINK-2452,Distance STARLINK-1531 - STARLINK-32025,Distance STARLINK-1531 - STARLINK-5581,Distance STARLINK-1531 - STARLINK-32017,Distance STARLINK-1531 - STARLINK-31120,Distance STARLINK-1531 - STARLINK-4445,Distance STARLINK-1531 - STARLINK-31557,Distance STARLINK-1531 - STARLINK-30968,Distance STARLINK-1531 - STARLINK-11288 [DTC],Distance STARLINK-1531 - STARLINK-30583,Distance STARLINK-1531 - STARLINK-5320,Distance STARLINK-1531 - STARLINK-31062,Distance STARLINK-1531 - STARLINK-3398,Distance STARLINK-1531 - STARLINK-3625,Distance STARLINK-1531 - STARLINK-30570,Distance STARLINK-1531 - STARLINK-5582,Distance STARLINK-1531 - STARLINK-3147,Distance STARLINK-1531 - STARLINK-5684,Distance STARLINK-1531 - STARLINK-4380,Distance STARLINK-1531 - STARLINK-32045,Distance STARLINK-1531 - STARLINK-1854,Distance STARLINK-1531 - STARLINK-6314,Distance STARLINK-1531 - STARLINK-4533,Distance STARLINK-1531 - STARLINK-30272,Distance STARLINK-1531 - STARLINK-4016,Distance STARLINK-1531 - STARLINK-6175,Distance STARLINK-1531 - STARLINK-4800,Distance STARLINK-1531 - STARLINK-5408,Distance STARLINK-1531 - STARLINK-5174,Distance STARLINK-1531 - STARLINK-6031,Distance STARLINK-1531 - STARLINK-2702,Distance STARLINK-1531 - STARLINK-2220,Distance STARLINK-1531 - STARLINK-2591,Distance STARLINK-1531 - MoonARTEMIS1,Distance STARLINK-1531 - MoonARTEMIS2,Distance STARLINK-1531 - MoonIOAGEO,Distance STARLINK-1531 - MoonIOAGNO,Distance STARLINK-1531 - MoonIOAGNO 0001,Distance STARLINK-1531 - MoonIOAGSO,Distance STARLINK-1531 - MoonIOAGSO 0001,Distance STARLINK-1531 - MoonLRO,Distance STARLINK-1531 - MarsSat1,Distance STARLINK-1531 - MarsSat2,Distance STARLINK-1531 - MarsSat3,Distance STARLINK-1531 - MarsSat4,Distance STARLINK-30454 - STARLINK-11261 [DTC],Distance STARLINK-30454 - STARLINK-5739,Distance STARLINK-30454 - STARLINK-31271,Distance STARLINK-30454 - STARLINK-3889,Distance STARLINK-30454 - STARLINK-5077,Distance STARLINK-30454 - STARLINK-3956,Distance STARLINK-30454 - STARLINK-2286,Distance STARLINK-30454 - STARLINK-5544,Distance STARLINK-30454 - STARLINK-4268,Distance STARLINK-30454 - STARLINK-1329,Distance STARLINK-30454 - STARLINK-30712,Distance STARLINK-30454 - STARLINK-32042,Distance STARLINK-30454 - STARLINK-3867,Distance STARLINK-30454 - STARLINK-31048,Distance STARLINK-30454 - STARLINK-3892,Distance STARLINK-30454 - STARLINK-30297,Distance STARLINK-30454 - STARLINK-11256 [DTC],Distance STARLINK-30454 - STARLINK-31789,Distance STARLINK-30454 - STARLINK-30286,Distance STARLINK-30454 - STARLINK-32233,Distance STARLINK-30454 - STARLINK-5521,Distance STARLINK-30454 - STARLINK-4693,Distance STARLINK-30454 - STARLINK-5545,Distance STARLINK-30454 - STARLINK-30233,Distance STARLINK-30454 - STARLINK-30535,Distance STARLINK-30454 - STARLINK-4134,Distance STARLINK-30454 - STARLINK-4640,Distance STARLINK-30454 - STARLINK-4040,Distance STARLINK-30454 - STARLINK-31486,Distance STARLINK-30454 - STARLINK-1080,Distance STARLINK-30454 - STARLINK-31930,Distance STARLINK-30454 - STARLINK-2452,Distance STARLINK-30454 - STARLINK-32025,Distance STARLINK-30454 - STARLINK-5581,Distance STARLINK-30454 - STARLINK-32017,Distance STARLINK-30454 - STARLINK-31120,Distance STARLINK-30454 - STARLINK-4445,Distance STARLINK-30454 - STARLINK-31557,Distance STARLINK-30454 - STARLINK-30968,Distance STARLINK-30454 - STARLINK-11288 [DTC],Distance STARLINK-30454 - STARLINK-30583,Distance STARLINK-30454 - STARLINK-5320,Distance STARLINK-30454 - STARLINK-31062,Distance STARLINK-30454 - STARLINK-3398,Distance STARLINK-30454 - STARLINK-3625,Distance STARLINK-30454 - STARLINK-30570,Distance STARLINK-30454 - STARLINK-5582,Distance STARLINK-30454 - STARLINK-3147,Distance STARLINK-30454 - STARLINK-5684,Distance STARLINK-30454 - STARLINK-4380,Distance STARLINK-30454 - STARLINK-32045,Distance STARLINK-30454 - STARLINK-1854,Distance STARLINK-30454 - STARLINK-6314,Distance STARLINK-30454 - STARLINK-4533,Distance STARLINK-30454 - STARLINK-30272,Distance STARLINK-30454 - STARLINK-4016,Distance STARLINK-30454 - STARLINK-6175,Distance STARLINK-30454 - STARLINK-4800,Distance STARLINK-30454 - STARLINK-5408,Distance STARLINK-30454 - STARLINK-5174,Distance STARLINK-30454 - STARLINK-6031,Distance STARLINK-30454 - STARLINK-2702,Distance STARLINK-30454 - STARLINK-2220,Distance STARLINK-30454 - STARLINK-2591,Distance STARLINK-30454 - MoonARTEMIS1,Distance STARLINK-30454 - MoonARTEMIS2,Distance STARLINK-30454 - MoonIOAGEO,Distance STARLINK-30454 - MoonIOAGNO,Distance STARLINK-30454 - MoonIOAGNO 0001,Distance STARLINK-30454 - MoonIOAGSO,Distance STARLINK-30454 - MoonIOAGSO 0001,Distance STARLINK-30454 - MoonLRO,Distance STARLINK-30454 - MarsSat1,Distance STARLINK-30454 - MarsSat2,Distance STARLINK-30454 - MarsSat3,Distance STARLINK-30454 - MarsSat4,Distance STARLINK-11261 [DTC] - STARLINK-5739,Distance STARLINK-11261 [DTC] - STARLINK-31271,Distance STARLINK-11261 [DTC] - STARLINK-3889,Distance STARLINK-11261 [DTC] - STARLINK-5077,Distance STARLINK-11261 [DTC] - STARLINK-3956,Distance STARLINK-11261 [DTC] - STARLINK-2286,Distance STARLINK-11261 [DTC] - STARLINK-5544,Distance STARLINK-11261 [DTC] - STARLINK-4268,Distance STARLINK-11261 [DTC] - STARLINK-1329,Distance STARLINK-11261 [DTC] - STARLINK-30712,Distance STARLINK-11261 [DTC] - STARLINK-32042,Distance STARLINK-11261 [DTC] - STARLINK-3867,Distance STARLINK-11261 [DTC] - STARLINK-31048,Distance STARLINK-11261 [DTC] - STARLINK-3892,Distance STARLINK-11261 [DTC] - STARLINK-30297,Distance STARLINK-11261 [DTC] - STARLINK-11256 [DTC],Distance STARLINK-11261 [DTC] - STARLINK-31789,Distance STARLINK-11261 [DTC] - STARLINK-30286,Distance STARLINK-11261 [DTC] - STARLINK-32233,Distance STARLINK-11261 [DTC] - STARLINK-5521,Distance STARLINK-11261 [DTC] - STARLINK-4693,Distance STARLINK-11261 [DTC] - STARLINK-5545,Distance STARLINK-11261 [DTC] - STARLINK-30233,Distance STARLINK-11261 [DTC] - STARLINK-30535,Distance STARLINK-11261 [DTC] - STARLINK-4134,Distance STARLINK-11261 [DTC] - STARLINK-4640,Distance STARLINK-11261 [DTC] - STARLINK-4040,Distance STARLINK-11261 [DTC] - STARLINK-31486,Distance STARLINK-11261 [DTC] - STARLINK-1080,Distance STARLINK-11261 [DTC] - STARLINK-31930,Distance STARLINK-11261 [DTC] - STARLINK-2452,Distance STARLINK-11261 [DTC] - STARLINK-32025,Distance STARLINK-11261 [DTC] - STARLINK-5581,Distance STARLINK-11261 [DTC] - STARLINK-32017,Distance STARLINK-11261 [DTC] - STARLINK-31120,Distance STARLINK-11261 [DTC] - STARLINK-4445,Distance STARLINK-11261 [DTC] - STARLINK-31557,Distance STARLINK-11261 [DTC] - STARLINK-30968,Distance STARLINK-11261 [DTC] - STARLINK-11288 [DTC],Distance STARLINK-11261 [DTC] - STARLINK-30583,Distance STARLINK-11261 [DTC] - STARLINK-5320,Distance STARLINK-11261 [DTC] - STARLINK-31062,Distance STARLINK-11261 [DTC] - STARLINK-3398,Distance STARLINK-11261 [DTC] - STARLINK-3625,Distance STARLINK-11261 [DTC] - STARLINK-30570,Distance STARLINK-11261 [DTC] - STARLINK-5582,Distance STARLINK-11261 [DTC] - STARLINK-3147,Distance STARLINK-11261 [DTC] - STARLINK-5684,Distance STARLINK-11261 [DTC] - STARLINK-4380,Distance STARLINK-11261 [DTC] - STARLINK-32045,Distance STARLINK-11261 [DTC] - STARLINK-1854,Distance STARLINK-11261 [DTC] - STARLINK-6314,Distance STARLINK-11261 [DTC] - STARLINK-4533,Distance STARLINK-11261 [DTC] - STARLINK-30272,Distance STARLINK-11261 [DTC] - STARLINK-4016,Distance STARLINK-11261 [DTC] - STARLINK-6175,Distance STARLINK-11261 [DTC] - STARLINK-4800,Distance STARLINK-11261 [DTC] - STARLINK-5408,Distance STARLINK-11261 [DTC] - STARLINK-5174,Distance STARLINK-11261 [DTC] - STARLINK-6031,Distance STARLINK-11261 [DTC] - STARLINK-2702,Distance STARLINK-11261 [DTC] - STARLINK-2220,Distance STARLINK-11261 [DTC] - STARLINK-2591,Distance STARLINK-11261 [DTC] - MoonARTEMIS1,Distance STARLINK-11261 [DTC] - MoonARTEMIS2,Distance STARLINK-11261 [DTC] - MoonIOAGEO,Distance STARLINK-11261 [DTC] - MoonIOAGNO,Distance STARLINK-11261 [DTC] - MoonIOAGNO 0001,Distance STARLINK-11261 [DTC] - MoonIOAGSO,Distance STARLINK-11261 [DTC] - MoonIOAGSO 0001,Distance STARLINK-11261 [DTC] - MoonLRO,Distance STARLINK-11261 [DTC] - MarsSat1,Distance STARLINK-11261 [DTC] - MarsSat2,Distance STARLINK-11261 [DTC] - MarsSat3,Distance STARLINK-11261 [DTC] - MarsSat4,Distance STARLINK-5739 - STARLINK-31271,Distance STARLINK-5739 - STARLINK-3889,Distance STARLINK-5739 - STARLINK-5077,Distance STARLINK-5739 - STARLINK-3956,Distance STARLINK-5739 - STARLINK-2286,Distance STARLINK-5739 - STARLINK-5544,Distance STARLINK-5739 - STARLINK-4268,Distance STARLINK-5739 - STARLINK-1329,Distance STARLINK-5739 - STARLINK-30712,Distance STARLINK-5739 - STARLINK-32042,Distance STARLINK-5739 - STARLINK-3867,Distance STARLINK-5739 - STARLINK-31048,Distance STARLINK-5739 - STARLINK-3892,Distance STARLINK-5739 - STARLINK-30297,Distance STARLINK-5739 - STARLINK-11256 [DTC],Distance STARLINK-5739 - STARLINK-31789,Distance STARLINK-5739 - STARLINK-30286,Distance STARLINK-5739 - STARLINK-32233,Distance STARLINK-5739 - STARLINK-5521,Distance STARLINK-5739 - STARLINK-4693,Distance STARLINK-5739 - STARLINK-5545,Distance STARLINK-5739 - STARLINK-30233,Distance STARLINK-5739 - STARLINK-30535,Distance STARLINK-5739 - STARLINK-4134,Distance STARLINK-5739 - STARLINK-4640,Distance STARLINK-5739 - STARLINK-4040,Distance STARLINK-5739 - STARLINK-31486,Distance STARLINK-5739 - STARLINK-1080,Distance STARLINK-5739 - STARLINK-31930,Distance STARLINK-5739 - STARLINK-2452,Distance STARLINK-5739 - STARLINK-32025,Distance STARLINK-5739 - STARLINK-5581,Distance STARLINK-5739 - STARLINK-32017,Distance STARLINK-5739 - STARLINK-31120,Distance STARLINK-5739 - STARLINK-4445,Distance STARLINK-5739 - STARLINK-31557,Distance STARLINK-5739 - STARLINK-30968,Distance STARLINK-5739 - STARLINK-11288 [DTC],Distance STARLINK-5739 - STARLINK-30583,Distance STARLINK-5739 - STARLINK-5320,Distance STARLINK-5739 - STARLINK-31062,Distance STARLINK-5739 - STARLINK-3398,Distance STARLINK-5739 - STARLINK-3625,Distance STARLINK-5739 - STARLINK-30570,Distance STARLINK-5739 - STARLINK-5582,Distance STARLINK-5739 - STARLINK-3147,Distance STARLINK-5739 - STARLINK-5684,Distance STARLINK-5739 - STARLINK-4380,Distance STARLINK-5739 - STARLINK-32045,Distance STARLINK-5739 - STARLINK-1854,Distance STARLINK-5739 - STARLINK-6314,Distance STARLINK-5739 - STARLINK-4533,Distance STARLINK-5739 - STARLINK-30272,Distance STARLINK-5739 - STARLINK-4016,Distance STARLINK-5739 - STARLINK-6175,Distance STARLINK-5739 - STARLINK-4800,Distance STARLINK-5739 - STARLINK-5408,Distance STARLINK-5739 - STARLINK-5174,Distance STARLINK-5739 - STARLINK-6031,Distance STARLINK-5739 - STARLINK-2702,Distance STARLINK-5739 - STARLINK-2220,Distance STARLINK-5739 - STARLINK-2591,Distance STARLINK-5739 - MoonARTEMIS1,Distance STARLINK-5739 - MoonARTEMIS2,Distance STARLINK-5739 - MoonIOAGEO,Distance STARLINK-5739 - MoonIOAGNO,Distance STARLINK-5739 - MoonIOAGNO 0001,Distance STARLINK-5739 - MoonIOAGSO,Distance STARLINK-5739 - MoonIOAGSO 0001,Distance STARLINK-5739 - MoonLRO,Distance STARLINK-5739 - MarsSat1,Distance STARLINK-5739 - MarsSat2,Distance STARLINK-5739 - MarsSat3,Distance STARLINK-5739 - MarsSat4,Distance STARLINK-31271 - STARLINK-3889,Distance STARLINK-31271 - STARLINK-5077,Distance STARLINK-31271 - STARLINK-3956,Distance STARLINK-31271 - STARLINK-2286,Distance STARLINK-31271 - STARLINK-5544,Distance STARLINK-31271 - STARLINK-4268,Distance STARLINK-31271 - STARLINK-1329,Distance STARLINK-31271 - STARLINK-30712,Distance STARLINK-31271 - STARLINK-32042,Distance STARLINK-31271 - STARLINK-3867,Distance STARLINK-31271 - STARLINK-31048,Distance STARLINK-31271 - STARLINK-3892,Distance STARLINK-31271 - STARLINK-30297,Distance STARLINK-31271 - STARLINK-11256 [DTC],Distance STARLINK-31271 - STARLINK-31789,Distance STARLINK-31271 - STARLINK-30286,Distance STARLINK-31271 - STARLINK-32233,Distance STARLINK-31271 - STARLINK-5521,Distance STARLINK-31271 - STARLINK-4693,Distance STARLINK-31271 - STARLINK-5545,Distance STARLINK-31271 - STARLINK-30233,Distance STARLINK-31271 - STARLINK-30535,Distance STARLINK-31271 - STARLINK-4134,Distance STARLINK-31271 - STARLINK-4640,Distance STARLINK-31271 - STARLINK-4040,Distance STARLINK-31271 - STARLINK-31486,Distance STARLINK-31271 - STARLINK-1080,Distance STARLINK-31271 - STARLINK-31930,Distance STARLINK-31271 - STARLINK-2452,Distance STARLINK-31271 - STARLINK-32025,Distance STARLINK-31271 - STARLINK-5581,Distance STARLINK-31271 - STARLINK-32017,Distance STARLINK-31271 - STARLINK-31120,Distance STARLINK-31271 - STARLINK-4445,Distance STARLINK-31271 - STARLINK-31557,Distance STARLINK-31271 - STARLINK-30968,Distance STARLINK-31271 - STARLINK-11288 [DTC],Distance STARLINK-31271 - STARLINK-30583,Distance STARLINK-31271 - STARLINK-5320,Distance STARLINK-31271 - STARLINK-31062,Distance STARLINK-31271 - STARLINK-3398,Distance STARLINK-31271 - STARLINK-3625,Distance STARLINK-31271 - STARLINK-30570,Distance STARLINK-31271 - STARLINK-5582,Distance STARLINK-31271 - STARLINK-3147,Distance STARLINK-31271 - STARLINK-5684,Distance STARLINK-31271 - STARLINK-4380,Distance STARLINK-31271 - STARLINK-32045,Distance STARLINK-31271 - STARLINK-1854,Distance STARLINK-31271 - STARLINK-6314,Distance STARLINK-31271 - STARLINK-4533,Distance STARLINK-31271 - STARLINK-30272,Distance STARLINK-31271 - STARLINK-4016,Distance STARLINK-31271 - STARLINK-6175,Distance STARLINK-31271 - STARLINK-4800,Distance STARLINK-31271 - STARLINK-5408,Distance STARLINK-31271 - STARLINK-5174,Distance STARLINK-31271 - STARLINK-6031,Distance STARLINK-31271 - STARLINK-2702,Distance STARLINK-31271 - STARLINK-2220,Distance STARLINK-31271 - STARLINK-2591,Distance STARLINK-31271 - MoonARTEMIS1,Distance STARLINK-31271 - MoonARTEMIS2,Distance STARLINK-31271 - MoonIOAGEO,Distance STARLINK-31271 - MoonIOAGNO,Distance STARLINK-31271 - MoonIOAGNO 0001,Distance STARLINK-31271 - MoonIOAGSO,Distance STARLINK-31271 - MoonIOAGSO 0001,Distance STARLINK-31271 - MoonLRO,Distance STARLINK-31271 - MarsSat1,Distance STARLINK-31271 - MarsSat2,Distance STARLINK-31271 - MarsSat3,Distance STARLINK-31271 - MarsSat4,Distance STARLINK-3889 - STARLINK-5077,Distance STARLINK-3889 - STARLINK-3956,Distance STARLINK-3889 - STARLINK-2286,Distance STARLINK-3889 - STARLINK-5544,Distance STARLINK-3889 - STARLINK-4268,Distance STARLINK-3889 - STARLINK-1329,Distance STARLINK-3889 - STARLINK-30712,Distance STARLINK-3889 - STARLINK-32042,Distance STARLINK-3889 - STARLINK-3867,Distance STARLINK-3889 - STARLINK-31048,Distance STARLINK-3889 - STARLINK-3892,Distance STARLINK-3889 - STARLINK-30297,Distance STARLINK-3889 - STARLINK-11256 [DTC],Distance STARLINK-3889 - STARLINK-31789,Distance STARLINK-3889 - STARLINK-30286,Distance STARLINK-3889 - STARLINK-32233,Distance STARLINK-3889 - STARLINK-5521,Distance STARLINK-3889 - STARLINK-4693,Distance STARLINK-3889 - STARLINK-5545,Distance STARLINK-3889 - STARLINK-30233,Distance STARLINK-3889 - STARLINK-30535,Distance STARLINK-3889 - STARLINK-4134,Distance STARLINK-3889 - STARLINK-4640,Distance STARLINK-3889 - STARLINK-4040,Distance STARLINK-3889 - STARLINK-31486,Distance STARLINK-3889 - STARLINK-1080,Distance STARLINK-3889 - STARLINK-31930,Distance STARLINK-3889 - STARLINK-2452,Distance STARLINK-3889 - STARLINK-32025,Distance STARLINK-3889 - STARLINK-5581,Distance STARLINK-3889 - STARLINK-32017,Distance STARLINK-3889 - STARLINK-31120,Distance STARLINK-3889 - STARLINK-4445,Distance STARLINK-3889 - STARLINK-31557,Distance STARLINK-3889 - STARLINK-30968,Distance STARLINK-3889 - STARLINK-11288 [DTC],Distance STARLINK-3889 - STARLINK-30583,Distance STARLINK-3889 - STARLINK-5320,Distance STARLINK-3889 - STARLINK-31062,Distance STARLINK-3889 - STARLINK-3398,Distance STARLINK-3889 - STARLINK-3625,Distance STARLINK-3889 - STARLINK-30570,Distance STARLINK-3889 - STARLINK-5582,Distance STARLINK-3889 - STARLINK-3147,Distance STARLINK-3889 - STARLINK-5684,Distance STARLINK-3889 - STARLINK-4380,Distance STARLINK-3889 - STARLINK-32045,Distance STARLINK-3889 - STARLINK-1854,Distance STARLINK-3889 - STARLINK-6314,Distance STARLINK-3889 - STARLINK-4533,Distance STARLINK-3889 - STARLINK-30272,Distance STARLINK-3889 - STARLINK-4016,Distance STARLINK-3889 - STARLINK-6175,Distance STARLINK-3889 - STARLINK-4800,Distance STARLINK-3889 - STARLINK-5408,Distance STARLINK-3889 - STARLINK-5174,Distance STARLINK-3889 - STARLINK-6031,Distance STARLINK-3889 - STARLINK-2702,Distance STARLINK-3889 - STARLINK-2220,Distance STARLINK-3889 - STARLINK-2591,Distance STARLINK-3889 - MoonARTEMIS1,Distance STARLINK-3889 - MoonARTEMIS2,Distance STARLINK-3889 - MoonIOAGEO,Distance STARLINK-3889 - MoonIOAGNO,Distance STARLINK-3889 - MoonIOAGNO 0001,Distance STARLINK-3889 - MoonIOAGSO,Distance STARLINK-3889 - MoonIOAGSO 0001,Distance STARLINK-3889 - MoonLRO,Distance STARLINK-3889 - MarsSat1,Distance STARLINK-3889 - MarsSat2,Distance STARLINK-3889 - MarsSat3,Distance STARLINK-3889 - MarsSat4,Distance STARLINK-5077 - STARLINK-3956,Distance STARLINK-5077 - STARLINK-2286,Distance STARLINK-5077 - STARLINK-5544,Distance STARLINK-5077 - STARLINK-4268,Distance STARLINK-5077 - STARLINK-1329,Distance STARLINK-5077 - STARLINK-30712,Distance STARLINK-5077 - STARLINK-32042,Distance STARLINK-5077 - STARLINK-3867,Distance STARLINK-5077 - STARLINK-31048,Distance STARLINK-5077 - STARLINK-3892,Distance STARLINK-5077 - STARLINK-30297,Distance STARLINK-5077 - STARLINK-11256 [DTC],Distance STARLINK-5077 - STARLINK-31789,Distance STARLINK-5077 - STARLINK-30286,Distance STARLINK-5077 - STARLINK-32233,Distance STARLINK-5077 - STARLINK-5521,Distance STARLINK-5077 - STARLINK-4693,Distance STARLINK-5077 - STARLINK-5545,Distance STARLINK-5077 - STARLINK-30233,Distance STARLINK-5077 - STARLINK-30535,Distance STARLINK-5077 - STARLINK-4134,Distance STARLINK-5077 - STARLINK-4640,Distance STARLINK-5077 - STARLINK-4040,Distance STARLINK-5077 - STARLINK-31486,Distance STARLINK-5077 - STARLINK-1080,Distance STARLINK-5077 - STARLINK-31930,Distance STARLINK-5077 - STARLINK-2452,Distance STARLINK-5077 - STARLINK-32025,Distance STARLINK-5077 - STARLINK-5581,Distance STARLINK-5077 - STARLINK-32017,Distance STARLINK-5077 - STARLINK-31120,Distance STARLINK-5077 - STARLINK-4445,Distance STARLINK-5077 - STARLINK-31557,Distance STARLINK-5077 - STARLINK-30968,Distance STARLINK-5077 - STARLINK-11288 [DTC],Distance STARLINK-5077 - STARLINK-30583,Distance STARLINK-5077 - STARLINK-5320,Distance STARLINK-5077 - STARLINK-31062,Distance STARLINK-5077 - STARLINK-3398,Distance STARLINK-5077 - STARLINK-3625,Distance STARLINK-5077 - STARLINK-30570,Distance STARLINK-5077 - STARLINK-5582,Distance STARLINK-5077 - STARLINK-3147,Distance STARLINK-5077 - STARLINK-5684,Distance STARLINK-5077 - STARLINK-4380,Distance STARLINK-5077 - STARLINK-32045,Distance STARLINK-5077 - STARLINK-1854,Distance STARLINK-5077 - STARLINK-6314,Distance STARLINK-5077 - STARLINK-4533,Distance STARLINK-5077 - STARLINK-30272,Distance STARLINK-5077 - STARLINK-4016,Distance STARLINK-5077 - STARLINK-6175,Distance STARLINK-5077 - STARLINK-4800,Distance STARLINK-5077 - STARLINK-5408,Distance STARLINK-5077 - STARLINK-5174,Distance STARLINK-5077 - STARLINK-6031,Distance STARLINK-5077 - STARLINK-2702,Distance STARLINK-5077 - STARLINK-2220,Distance STARLINK-5077 - STARLINK-2591,Distance STARLINK-5077 - MoonARTEMIS1,Distance STARLINK-5077 - MoonARTEMIS2,Distance STARLINK-5077 - MoonIOAGEO,Distance STARLINK-5077 - MoonIOAGNO,Distance STARLINK-5077 - MoonIOAGNO 0001,Distance STARLINK-5077 - MoonIOAGSO,Distance STARLINK-5077 - MoonIOAGSO 0001,Distance STARLINK-5077 - MoonLRO,Distance STARLINK-5077 - MarsSat1,Distance STARLINK-5077 - MarsSat2,Distance STARLINK-5077 - MarsSat3,Distance STARLINK-5077 - MarsSat4,Distance STARLINK-3956 - STARLINK-2286,Distance STARLINK-3956 - STARLINK-5544,Distance STARLINK-3956 - STARLINK-4268,Distance STARLINK-3956 - STARLINK-1329,Distance STARLINK-3956 - STARLINK-30712,Distance STARLINK-3956 - STARLINK-32042,Distance STARLINK-3956 - STARLINK-3867,Distance STARLINK-3956 - STARLINK-31048,Distance STARLINK-3956 - STARLINK-3892,Distance STARLINK-3956 - STARLINK-30297,Distance STARLINK-3956 - STARLINK-11256 [DTC],Distance STARLINK-3956 - STARLINK-31789,Distance STARLINK-3956 - STARLINK-30286,Distance STARLINK-3956 - STARLINK-32233,Distance STARLINK-3956 - STARLINK-5521,Distance STARLINK-3956 - STARLINK-4693,Distance STARLINK-3956 - STARLINK-5545,Distance STARLINK-3956 - STARLINK-30233,Distance STARLINK-3956 - STARLINK-30535,Distance STARLINK-3956 - STARLINK-4134,Distance STARLINK-3956 - STARLINK-4640,Distance STARLINK-3956 - STARLINK-4040,Distance STARLINK-3956 - STARLINK-31486,Distance STARLINK-3956 - STARLINK-1080,Distance STARLINK-3956 - STARLINK-31930,Distance STARLINK-3956 - STARLINK-2452,Distance STARLINK-3956 - STARLINK-32025,Distance STARLINK-3956 - STARLINK-5581,Distance STARLINK-3956 - STARLINK-32017,Distance STARLINK-3956 - STARLINK-31120,Distance STARLINK-3956 - STARLINK-4445,Distance STARLINK-3956 - STARLINK-31557,Distance STARLINK-3956 - STARLINK-30968,Distance STARLINK-3956 - STARLINK-11288 [DTC],Distance STARLINK-3956 - STARLINK-30583,Distance STARLINK-3956 - STARLINK-5320,Distance STARLINK-3956 - STARLINK-31062,Distance STARLINK-3956 - STARLINK-3398,Distance STARLINK-3956 - STARLINK-3625,Distance STARLINK-3956 - STARLINK-30570,Distance STARLINK-3956 - STARLINK-5582,Distance STARLINK-3956 - STARLINK-3147,Distance STARLINK-3956 - STARLINK-5684,Distance STARLINK-3956 - STARLINK-4380,Distance STARLINK-3956 - STARLINK-32045,Distance STARLINK-3956 - STARLINK-1854,Distance STARLINK-3956 - STARLINK-6314,Distance STARLINK-3956 - STARLINK-4533,Distance STARLINK-3956 - STARLINK-30272,Distance STARLINK-3956 - STARLINK-4016,Distance STARLINK-3956 - STARLINK-6175,Distance STARLINK-3956 - STARLINK-4800,Distance STARLINK-3956 - STARLINK-5408,Distance STARLINK-3956 - STARLINK-5174,Distance STARLINK-3956 - STARLINK-6031,Distance STARLINK-3956 - STARLINK-2702,Distance STARLINK-3956 - STARLINK-2220,Distance STARLINK-3956 - STARLINK-2591,Distance STARLINK-3956 - MoonARTEMIS1,Distance STARLINK-3956 - MoonARTEMIS2,Distance STARLINK-3956 - MoonIOAGEO,Distance STARLINK-3956 - MoonIOAGNO,Distance STARLINK-3956 - MoonIOAGNO 0001,Distance STARLINK-3956 - MoonIOAGSO,Distance STARLINK-3956 - MoonIOAGSO 0001,Distance STARLINK-3956 - MoonLRO,Distance STARLINK-3956 - MarsSat1,Distance STARLINK-3956 - MarsSat2,Distance STARLINK-3956 - MarsSat3,Distance STARLINK-3956 - MarsSat4,Distance STARLINK-2286 - STARLINK-5544,Distance STARLINK-2286 - STARLINK-4268,Distance STARLINK-2286 - STARLINK-1329,Distance STARLINK-2286 - STARLINK-30712,Distance STARLINK-2286 - STARLINK-32042,Distance STARLINK-2286 - STARLINK-3867,Distance STARLINK-2286 - STARLINK-31048,Distance STARLINK-2286 - STARLINK-3892,Distance STARLINK-2286 - STARLINK-30297,Distance STARLINK-2286 - STARLINK-11256 [DTC],Distance STARLINK-2286 - STARLINK-31789,Distance STARLINK-2286 - STARLINK-30286,Distance STARLINK-2286 - STARLINK-32233,Distance STARLINK-2286 - STARLINK-5521,Distance STARLINK-2286 - STARLINK-4693,Distance STARLINK-2286 - STARLINK-5545,Distance STARLINK-2286 - STARLINK-30233,Distance STARLINK-2286 - STARLINK-30535,Distance STARLINK-2286 - STARLINK-4134,Distance STARLINK-2286 - STARLINK-4640,Distance STARLINK-2286 - STARLINK-4040,Distance STARLINK-2286 - STARLINK-31486,Distance STARLINK-2286 - STARLINK-1080,Distance STARLINK-2286 - STARLINK-31930,Distance STARLINK-2286 - STARLINK-2452,Distance STARLINK-2286 - STARLINK-32025,Distance STARLINK-2286 - STARLINK-5581,Distance STARLINK-2286 - STARLINK-32017,Distance STARLINK-2286 - STARLINK-31120,Distance STARLINK-2286 - STARLINK-4445,Distance STARLINK-2286 - STARLINK-31557,Distance STARLINK-2286 - STARLINK-30968,Distance STARLINK-2286 - STARLINK-11288 [DTC],Distance STARLINK-2286 - STARLINK-30583,Distance STARLINK-2286 - STARLINK-5320,Distance STARLINK-2286 - STARLINK-31062,Distance STARLINK-2286 - STARLINK-3398,Distance STARLINK-2286 - STARLINK-3625,Distance STARLINK-2286 - STARLINK-30570,Distance STARLINK-2286 - STARLINK-5582,Distance STARLINK-2286 - STARLINK-3147,Distance STARLINK-2286 - STARLINK-5684,Distance STARLINK-2286 - STARLINK-4380,Distance STARLINK-2286 - STARLINK-32045,Distance STARLINK-2286 - STARLINK-1854,Distance STARLINK-2286 - STARLINK-6314,Distance STARLINK-2286 - STARLINK-4533,Distance STARLINK-2286 - STARLINK-30272,Distance STARLINK-2286 - STARLINK-4016,Distance STARLINK-2286 - STARLINK-6175,Distance STARLINK-2286 - STARLINK-4800,Distance STARLINK-2286 - STARLINK-5408,Distance STARLINK-2286 - STARLINK-5174,Distance STARLINK-2286 - STARLINK-6031,Distance STARLINK-2286 - STARLINK-2702,Distance STARLINK-2286 - STARLINK-2220,Distance STARLINK-2286 - STARLINK-2591,Distance STARLINK-2286 - MoonARTEMIS1,Distance STARLINK-2286 - MoonARTEMIS2,Distance STARLINK-2286 - MoonIOAGEO,Distance STARLINK-2286 - MoonIOAGNO,Distance STARLINK-2286 - MoonIOAGNO 0001,Distance STARLINK-2286 - MoonIOAGSO,Distance STARLINK-2286 - MoonIOAGSO 0001,Distance STARLINK-2286 - MoonLRO,Distance STARLINK-2286 - MarsSat1,Distance STARLINK-2286 - MarsSat2,Distance STARLINK-2286 - MarsSat3,Distance STARLINK-2286 - MarsSat4,Distance STARLINK-5544 - STARLINK-4268,Distance STARLINK-5544 - STARLINK-1329,Distance STARLINK-5544 - STARLINK-30712,Distance STARLINK-5544 - STARLINK-32042,Distance STARLINK-5544 - STARLINK-3867,Distance STARLINK-5544 - STARLINK-31048,Distance STARLINK-5544 - STARLINK-3892,Distance STARLINK-5544 - STARLINK-30297,Distance STARLINK-5544 - STARLINK-11256 [DTC],Distance STARLINK-5544 - STARLINK-31789,Distance STARLINK-5544 - STARLINK-30286,Distance STARLINK-5544 - STARLINK-32233,Distance STARLINK-5544 - STARLINK-5521,Distance STARLINK-5544 - STARLINK-4693,Distance STARLINK-5544 - STARLINK-5545,Distance STARLINK-5544 - STARLINK-30233,Distance STARLINK-5544 - STARLINK-30535,Distance STARLINK-5544 - STARLINK-4134,Distance STARLINK-5544 - STARLINK-4640,Distance STARLINK-5544 - STARLINK-4040,Distance STARLINK-5544 - STARLINK-31486,Distance STARLINK-5544 - STARLINK-1080,Distance STARLINK-5544 - STARLINK-31930,Distance STARLINK-5544 - STARLINK-2452,Distance STARLINK-5544 - STARLINK-32025,Distance STARLINK-5544 - STARLINK-5581,Distance STARLINK-5544 - STARLINK-32017,Distance STARLINK-5544 - STARLINK-31120,Distance STARLINK-5544 - STARLINK-4445,Distance STARLINK-5544 - STARLINK-31557,Distance STARLINK-5544 - STARLINK-30968,Distance STARLINK-5544 - STARLINK-11288 [DTC],Distance STARLINK-5544 - STARLINK-30583,Distance STARLINK-5544 - STARLINK-5320,Distance STARLINK-5544 - STARLINK-31062,Distance STARLINK-5544 - STARLINK-3398,Distance STARLINK-5544 - STARLINK-3625,Distance STARLINK-5544 - STARLINK-30570,Distance STARLINK-5544 - STARLINK-5582,Distance STARLINK-5544 - STARLINK-3147,Distance STARLINK-5544 - STARLINK-5684,Distance STARLINK-5544 - STARLINK-4380,Distance STARLINK-5544 - STARLINK-32045,Distance STARLINK-5544 - STARLINK-1854,Distance STARLINK-5544 - STARLINK-6314,Distance STARLINK-5544 - STARLINK-4533,Distance STARLINK-5544 - STARLINK-30272,Distance STARLINK-5544 - STARLINK-4016,Distance STARLINK-5544 - STARLINK-6175,Distance STARLINK-5544 - STARLINK-4800,Distance STARLINK-5544 - STARLINK-5408,Distance STARLINK-5544 - STARLINK-5174,Distance STARLINK-5544 - STARLINK-6031,Distance STARLINK-5544 - STARLINK-2702,Distance STARLINK-5544 - STARLINK-2220,Distance STARLINK-5544 - STARLINK-2591,Distance STARLINK-5544 - MoonARTEMIS1,Distance STARLINK-5544 - MoonARTEMIS2,Distance STARLINK-5544 - MoonIOAGEO,Distance STARLINK-5544 - MoonIOAGNO,Distance STARLINK-5544 - MoonIOAGNO 0001,Distance STARLINK-5544 - MoonIOAGSO,Distance STARLINK-5544 - MoonIOAGSO 0001,Distance STARLINK-5544 - MoonLRO,Distance STARLINK-5544 - MarsSat1,Distance STARLINK-5544 - MarsSat2,Distance STARLINK-5544 - MarsSat3,Distance STARLINK-5544 - MarsSat4,Distance STARLINK-4268 - STARLINK-1329,Distance STARLINK-4268 - STARLINK-30712,Distance STARLINK-4268 - STARLINK-32042,Distance STARLINK-4268 - STARLINK-3867,Distance STARLINK-4268 - STARLINK-31048,Distance STARLINK-4268 - STARLINK-3892,Distance STARLINK-4268 - STARLINK-30297,Distance STARLINK-4268 - STARLINK-11256 [DTC],Distance STARLINK-4268 - STARLINK-31789,Distance STARLINK-4268 - STARLINK-30286,Distance STARLINK-4268 - STARLINK-32233,Distance STARLINK-4268 - STARLINK-5521,Distance STARLINK-4268 - STARLINK-4693,Distance STARLINK-4268 - STARLINK-5545,Distance STARLINK-4268 - STARLINK-30233,Distance STARLINK-4268 - STARLINK-30535,Distance STARLINK-4268 - STARLINK-4134,Distance STARLINK-4268 - STARLINK-4640,Distance STARLINK-4268 - STARLINK-4040,Distance STARLINK-4268 - STARLINK-31486,Distance STARLINK-4268 - STARLINK-1080,Distance STARLINK-4268 - STARLINK-31930,Distance STARLINK-4268 - STARLINK-2452,Distance STARLINK-4268 - STARLINK-32025,Distance STARLINK-4268 - STARLINK-5581,Distance STARLINK-4268 - STARLINK-32017,Distance STARLINK-4268 - STARLINK-31120,Distance STARLINK-4268 - STARLINK-4445,Distance STARLINK-4268 - STARLINK-31557,Distance STARLINK-4268 - STARLINK-30968,Distance STARLINK-4268 - STARLINK-11288 [DTC],Distance STARLINK-4268 - STARLINK-30583,Distance STARLINK-4268 - STARLINK-5320,Distance STARLINK-4268 - STARLINK-31062,Distance STARLINK-4268 - STARLINK-3398,Distance STARLINK-4268 - STARLINK-3625,Distance STARLINK-4268 - STARLINK-30570,Distance STARLINK-4268 - STARLINK-5582,Distance STARLINK-4268 - STARLINK-3147,Distance STARLINK-4268 - STARLINK-5684,Distance STARLINK-4268 - STARLINK-4380,Distance STARLINK-4268 - STARLINK-32045,Distance STARLINK-4268 - STARLINK-1854,Distance STARLINK-4268 - STARLINK-6314,Distance STARLINK-4268 - STARLINK-4533,Distance STARLINK-4268 - STARLINK-30272,Distance STARLINK-4268 - STARLINK-4016,Distance STARLINK-4268 - STARLINK-6175,Distance STARLINK-4268 - STARLINK-4800,Distance STARLINK-4268 - STARLINK-5408,Distance STARLINK-4268 - STARLINK-5174,Distance STARLINK-4268 - STARLINK-6031,Distance STARLINK-4268 - STARLINK-2702,Distance STARLINK-4268 - STARLINK-2220,Distance STARLINK-4268 - STARLINK-2591,Distance STARLINK-4268 - MoonARTEMIS1,Distance STARLINK-4268 - MoonARTEMIS2,Distance STARLINK-4268 - MoonIOAGEO,Distance STARLINK-4268 - MoonIOAGNO,Distance STARLINK-4268 - MoonIOAGNO 0001,Distance STARLINK-4268 - MoonIOAGSO,Distance STARLINK-4268 - MoonIOAGSO 0001,Distance STARLINK-4268 - MoonLRO,Distance STARLINK-4268 - MarsSat1,Distance STARLINK-4268 - MarsSat2,Distance STARLINK-4268 - MarsSat3,Distance STARLINK-4268 - MarsSat4,Distance STARLINK-1329 - STARLINK-30712,Distance STARLINK-1329 - STARLINK-32042,Distance STARLINK-1329 - STARLINK-3867,Distance STARLINK-1329 - STARLINK-31048,Distance STARLINK-1329 - STARLINK-3892,Distance STARLINK-1329 - STARLINK-30297,Distance STARLINK-1329 - STARLINK-11256 [DTC],Distance STARLINK-1329 - STARLINK-31789,Distance STARLINK-1329 - STARLINK-30286,Distance STARLINK-1329 - STARLINK-32233,Distance STARLINK-1329 - STARLINK-5521,Distance STARLINK-1329 - STARLINK-4693,Distance STARLINK-1329 - STARLINK-5545,Distance STARLINK-1329 - STARLINK-30233,Distance STARLINK-1329 - STARLINK-30535,Distance STARLINK-1329 - STARLINK-4134,Distance STARLINK-1329 - STARLINK-4640,Distance STARLINK-1329 - STARLINK-4040,Distance STARLINK-1329 - STARLINK-31486,Distance STARLINK-1329 - STARLINK-1080,Distance STARLINK-1329 - STARLINK-31930,Distance STARLINK-1329 - STARLINK-2452,Distance STARLINK-1329 - STARLINK-32025,Distance STARLINK-1329 - STARLINK-5581,Distance STARLINK-1329 - STARLINK-32017,Distance STARLINK-1329 - STARLINK-31120,Distance STARLINK-1329 - STARLINK-4445,Distance STARLINK-1329 - STARLINK-31557,Distance STARLINK-1329 - STARLINK-30968,Distance STARLINK-1329 - STARLINK-11288 [DTC],Distance STARLINK-1329 - STARLINK-30583,Distance STARLINK-1329 - STARLINK-5320,Distance STARLINK-1329 - STARLINK-31062,Distance STARLINK-1329 - STARLINK-3398,Distance STARLINK-1329 - STARLINK-3625,Distance STARLINK-1329 - STARLINK-30570,Distance STARLINK-1329 - STARLINK-5582,Distance STARLINK-1329 - STARLINK-3147,Distance STARLINK-1329 - STARLINK-5684,Distance STARLINK-1329 - STARLINK-4380,Distance STARLINK-1329 - STARLINK-32045,Distance STARLINK-1329 - STARLINK-1854,Distance STARLINK-1329 - STARLINK-6314,Distance STARLINK-1329 - STARLINK-4533,Distance STARLINK-1329 - STARLINK-30272,Distance STARLINK-1329 - STARLINK-4016,Distance STARLINK-1329 - STARLINK-6175,Distance STARLINK-1329 - STARLINK-4800,Distance STARLINK-1329 - STARLINK-5408,Distance STARLINK-1329 - STARLINK-5174,Distance STARLINK-1329 - STARLINK-6031,Distance STARLINK-1329 - STARLINK-2702,Distance STARLINK-1329 - STARLINK-2220,Distance STARLINK-1329 - STARLINK-2591,Distance STARLINK-1329 - MoonARTEMIS1,Distance STARLINK-1329 - MoonARTEMIS2,Distance STARLINK-1329 - MoonIOAGEO,Distance STARLINK-1329 - MoonIOAGNO,Distance STARLINK-1329 - MoonIOAGNO 0001,Distance STARLINK-1329 - MoonIOAGSO,Distance STARLINK-1329 - MoonIOAGSO 0001,Distance STARLINK-1329 - MoonLRO,Distance STARLINK-1329 - MarsSat1,Distance STARLINK-1329 - MarsSat2,Distance STARLINK-1329 - MarsSat3,Distance STARLINK-1329 - MarsSat4,Distance STARLINK-30712 - STARLINK-32042,Distance STARLINK-30712 - STARLINK-3867,Distance STARLINK-30712 - STARLINK-31048,Distance STARLINK-30712 - STARLINK-3892,Distance STARLINK-30712 - STARLINK-30297,Distance STARLINK-30712 - STARLINK-11256 [DTC],Distance STARLINK-30712 - STARLINK-31789,Distance STARLINK-30712 - STARLINK-30286,Distance STARLINK-30712 - STARLINK-32233,Distance STARLINK-30712 - STARLINK-5521,Distance STARLINK-30712 - STARLINK-4693,Distance STARLINK-30712 - STARLINK-5545,Distance STARLINK-30712 - STARLINK-30233,Distance STARLINK-30712 - STARLINK-30535,Distance STARLINK-30712 - STARLINK-4134,Distance STARLINK-30712 - STARLINK-4640,Distance STARLINK-30712 - STARLINK-4040,Distance STARLINK-30712 - STARLINK-31486,Distance STARLINK-30712 - STARLINK-1080,Distance STARLINK-30712 - STARLINK-31930,Distance STARLINK-30712 - STARLINK-2452,Distance STARLINK-30712 - STARLINK-32025,Distance STARLINK-30712 - STARLINK-5581,Distance STARLINK-30712 - STARLINK-32017,Distance STARLINK-30712 - STARLINK-31120,Distance STARLINK-30712 - STARLINK-4445,Distance STARLINK-30712 - STARLINK-31557,Distance STARLINK-30712 - STARLINK-30968,Distance STARLINK-30712 - STARLINK-11288 [DTC],Distance STARLINK-30712 - STARLINK-30583,Distance STARLINK-30712 - STARLINK-5320,Distance STARLINK-30712 - STARLINK-31062,Distance STARLINK-30712 - STARLINK-3398,Distance STARLINK-30712 - STARLINK-3625,Distance STARLINK-30712 - STARLINK-30570,Distance STARLINK-30712 - STARLINK-5582,Distance STARLINK-30712 - STARLINK-3147,Distance STARLINK-30712 - STARLINK-5684,Distance STARLINK-30712 - STARLINK-4380,Distance STARLINK-30712 - STARLINK-32045,Distance STARLINK-30712 - STARLINK-1854,Distance STARLINK-30712 - STARLINK-6314,Distance STARLINK-30712 - STARLINK-4533,Distance STARLINK-30712 - STARLINK-30272,Distance STARLINK-30712 - STARLINK-4016,Distance STARLINK-30712 - STARLINK-6175,Distance STARLINK-30712 - STARLINK-4800,Distance STARLINK-30712 - STARLINK-5408,Distance STARLINK-30712 - STARLINK-5174,Distance STARLINK-30712 - STARLINK-6031,Distance STARLINK-30712 - STARLINK-2702,Distance STARLINK-30712 - STARLINK-2220,Distance STARLINK-30712 - STARLINK-2591,Distance STARLINK-30712 - MoonARTEMIS1,Distance STARLINK-30712 - MoonARTEMIS2,Distance STARLINK-30712 - MoonIOAGEO,Distance STARLINK-30712 - MoonIOAGNO,Distance STARLINK-30712 - MoonIOAGNO 0001,Distance STARLINK-30712 - MoonIOAGSO,Distance STARLINK-30712 - MoonIOAGSO 0001,Distance STARLINK-30712 - MoonLRO,Distance STARLINK-30712 - MarsSat1,Distance STARLINK-30712 - MarsSat2,Distance STARLINK-30712 - MarsSat3,Distance STARLINK-30712 - MarsSat4,Distance STARLINK-32042 - STARLINK-3867,Distance STARLINK-32042 - STARLINK-31048,Distance STARLINK-32042 - STARLINK-3892,Distance STARLINK-32042 - STARLINK-30297,Distance STARLINK-32042 - STARLINK-11256 [DTC],Distance STARLINK-32042 - STARLINK-31789,Distance STARLINK-32042 - STARLINK-30286,Distance STARLINK-32042 - STARLINK-32233,Distance STARLINK-32042 - STARLINK-5521,Distance STARLINK-32042 - STARLINK-4693,Distance STARLINK-32042 - STARLINK-5545,Distance STARLINK-32042 - STARLINK-30233,Distance STARLINK-32042 - STARLINK-30535,Distance STARLINK-32042 - STARLINK-4134,Distance STARLINK-32042 - STARLINK-4640,Distance STARLINK-32042 - STARLINK-4040,Distance STARLINK-32042 - STARLINK-31486,Distance STARLINK-32042 - STARLINK-1080,Distance STARLINK-32042 - STARLINK-31930,Distance STARLINK-32042 - STARLINK-2452,Distance STARLINK-32042 - STARLINK-32025,Distance STARLINK-32042 - STARLINK-5581,Distance STARLINK-32042 - STARLINK-32017,Distance STARLINK-32042 - STARLINK-31120,Distance STARLINK-32042 - STARLINK-4445,Distance STARLINK-32042 - STARLINK-31557,Distance STARLINK-32042 - STARLINK-30968,Distance STARLINK-32042 - STARLINK-11288 [DTC],Distance STARLINK-32042 - STARLINK-30583,Distance STARLINK-32042 - STARLINK-5320,Distance STARLINK-32042 - STARLINK-31062,Distance STARLINK-32042 - STARLINK-3398,Distance STARLINK-32042 - STARLINK-3625,Distance STARLINK-32042 - STARLINK-30570,Distance STARLINK-32042 - STARLINK-5582,Distance STARLINK-32042 - STARLINK-3147,Distance STARLINK-32042 - STARLINK-5684,Distance STARLINK-32042 - STARLINK-4380,Distance STARLINK-32042 - STARLINK-32045,Distance STARLINK-32042 - STARLINK-1854,Distance STARLINK-32042 - STARLINK-6314,Distance STARLINK-32042 - STARLINK-4533,Distance STARLINK-32042 - STARLINK-30272,Distance STARLINK-32042 - STARLINK-4016,Distance STARLINK-32042 - STARLINK-6175,Distance STARLINK-32042 - STARLINK-4800,Distance STARLINK-32042 - STARLINK-5408,Distance STARLINK-32042 - STARLINK-5174,Distance STARLINK-32042 - STARLINK-6031,Distance STARLINK-32042 - STARLINK-2702,Distance STARLINK-32042 - STARLINK-2220,Distance STARLINK-32042 - STARLINK-2591,Distance STARLINK-32042 - MoonARTEMIS1,Distance STARLINK-32042 - MoonARTEMIS2,Distance STARLINK-32042 - MoonIOAGEO,Distance STARLINK-32042 - MoonIOAGNO,Distance STARLINK-32042 - MoonIOAGNO 0001,Distance STARLINK-32042 - MoonIOAGSO,Distance STARLINK-32042 - MoonIOAGSO 0001,Distance STARLINK-32042 - MoonLRO,Distance STARLINK-32042 - MarsSat1,Distance STARLINK-32042 - MarsSat2,Distance STARLINK-32042 - MarsSat3,Distance STARLINK-32042 - MarsSat4,Distance STARLINK-3867 - STARLINK-31048,Distance STARLINK-3867 - STARLINK-3892,Distance STARLINK-3867 - STARLINK-30297,Distance STARLINK-3867 - STARLINK-11256 [DTC],Distance STARLINK-3867 - STARLINK-31789,Distance STARLINK-3867 - STARLINK-30286,Distance STARLINK-3867 - STARLINK-32233,Distance STARLINK-3867 - STARLINK-5521,Distance STARLINK-3867 - STARLINK-4693,Distance STARLINK-3867 - STARLINK-5545,Distance STARLINK-3867 - STARLINK-30233,Distance STARLINK-3867 - STARLINK-30535,Distance STARLINK-3867 - STARLINK-4134,Distance STARLINK-3867 - STARLINK-4640,Distance STARLINK-3867 - STARLINK-4040,Distance STARLINK-3867 - STARLINK-31486,Distance STARLINK-3867 - STARLINK-1080,Distance STARLINK-3867 - STARLINK-31930,Distance STARLINK-3867 - STARLINK-2452,Distance STARLINK-3867 - STARLINK-32025,Distance STARLINK-3867 - STARLINK-5581,Distance STARLINK-3867 - STARLINK-32017,Distance STARLINK-3867 - STARLINK-31120,Distance STARLINK-3867 - STARLINK-4445,Distance STARLINK-3867 - STARLINK-31557,Distance STARLINK-3867 - STARLINK-30968,Distance STARLINK-3867 - STARLINK-11288 [DTC],Distance STARLINK-3867 - STARLINK-30583,Distance STARLINK-3867 - STARLINK-5320,Distance STARLINK-3867 - STARLINK-31062,Distance STARLINK-3867 - STARLINK-3398,Distance STARLINK-3867 - STARLINK-3625,Distance STARLINK-3867 - STARLINK-30570,Distance STARLINK-3867 - STARLINK-5582,Distance STARLINK-3867 - STARLINK-3147,Distance STARLINK-3867 - STARLINK-5684,Distance STARLINK-3867 - STARLINK-4380,Distance STARLINK-3867 - STARLINK-32045,Distance STARLINK-3867 - STARLINK-1854,Distance STARLINK-3867 - STARLINK-6314,Distance STARLINK-3867 - STARLINK-4533,Distance STARLINK-3867 - STARLINK-30272,Distance STARLINK-3867 - STARLINK-4016,Distance STARLINK-3867 - STARLINK-6175,Distance STARLINK-3867 - STARLINK-4800,Distance STARLINK-3867 - STARLINK-5408,Distance STARLINK-3867 - STARLINK-5174,Distance STARLINK-3867 - STARLINK-6031,Distance STARLINK-3867 - STARLINK-2702,Distance STARLINK-3867 - STARLINK-2220,Distance STARLINK-3867 - STARLINK-2591,Distance STARLINK-3867 - MoonARTEMIS1,Distance STARLINK-3867 - MoonARTEMIS2,Distance STARLINK-3867 - MoonIOAGEO,Distance STARLINK-3867 - MoonIOAGNO,Distance STARLINK-3867 - MoonIOAGNO 0001,Distance STARLINK-3867 - MoonIOAGSO,Distance STARLINK-3867 - MoonIOAGSO 0001,Distance STARLINK-3867 - MoonLRO,Distance STARLINK-3867 - MarsSat1,Distance STARLINK-3867 - MarsSat2,Distance STARLINK-3867 - MarsSat3,Distance STARLINK-3867 - MarsSat4,Distance STARLINK-31048 - STARLINK-3892,Distance STARLINK-31048 - STARLINK-30297,Distance STARLINK-31048 - STARLINK-11256 [DTC],Distance STARLINK-31048 - STARLINK-31789,Distance STARLINK-31048 - STARLINK-30286,Distance STARLINK-31048 - STARLINK-32233,Distance STARLINK-31048 - STARLINK-5521,Distance STARLINK-31048 - STARLINK-4693,Distance STARLINK-31048 - STARLINK-5545,Distance STARLINK-31048 - STARLINK-30233,Distance STARLINK-31048 - STARLINK-30535,Distance STARLINK-31048 - STARLINK-4134,Distance STARLINK-31048 - STARLINK-4640,Distance STARLINK-31048 - STARLINK-4040,Distance STARLINK-31048 - STARLINK-31486,Distance STARLINK-31048 - STARLINK-1080,Distance STARLINK-31048 - STARLINK-31930,Distance STARLINK-31048 - STARLINK-2452,Distance STARLINK-31048 - STARLINK-32025,Distance STARLINK-31048 - STARLINK-5581,Distance STARLINK-31048 - STARLINK-32017,Distance STARLINK-31048 - STARLINK-31120,Distance STARLINK-31048 - STARLINK-4445,Distance STARLINK-31048 - STARLINK-31557,Distance STARLINK-31048 - STARLINK-30968,Distance STARLINK-31048 - STARLINK-11288 [DTC],Distance STARLINK-31048 - STARLINK-30583,Distance STARLINK-31048 - STARLINK-5320,Distance STARLINK-31048 - STARLINK-31062,Distance STARLINK-31048 - STARLINK-3398,Distance STARLINK-31048 - STARLINK-3625,Distance STARLINK-31048 - STARLINK-30570,Distance STARLINK-31048 - STARLINK-5582,Distance STARLINK-31048 - STARLINK-3147,Distance STARLINK-31048 - STARLINK-5684,Distance STARLINK-31048 - STARLINK-4380,Distance STARLINK-31048 - STARLINK-32045,Distance STARLINK-31048 - STARLINK-1854,Distance STARLINK-31048 - STARLINK-6314,Distance STARLINK-31048 - STARLINK-4533,Distance STARLINK-31048 - STARLINK-30272,Distance STARLINK-31048 - STARLINK-4016,Distance STARLINK-31048 - STARLINK-6175,Distance STARLINK-31048 - STARLINK-4800,Distance STARLINK-31048 - STARLINK-5408,Distance STARLINK-31048 - STARLINK-5174,Distance STARLINK-31048 - STARLINK-6031,Distance STARLINK-31048 - STARLINK-2702,Distance STARLINK-31048 - STARLINK-2220,Distance STARLINK-31048 - STARLINK-2591,Distance STARLINK-31048 - MoonARTEMIS1,Distance STARLINK-31048 - MoonARTEMIS2,Distance STARLINK-31048 - MoonIOAGEO,Distance STARLINK-31048 - MoonIOAGNO,Distance STARLINK-31048 - MoonIOAGNO 0001,Distance STARLINK-31048 - MoonIOAGSO,Distance STARLINK-31048 - MoonIOAGSO 0001,Distance STARLINK-31048 - MoonLRO,Distance STARLINK-31048 - MarsSat1,Distance STARLINK-31048 - MarsSat2,Distance STARLINK-31048 - MarsSat3,Distance STARLINK-31048 - MarsSat4,Distance STARLINK-3892 - STARLINK-30297,Distance STARLINK-3892 - STARLINK-11256 [DTC],Distance STARLINK-3892 - STARLINK-31789,Distance STARLINK-3892 - STARLINK-30286,Distance STARLINK-3892 - STARLINK-32233,Distance STARLINK-3892 - STARLINK-5521,Distance STARLINK-3892 - STARLINK-4693,Distance STARLINK-3892 - STARLINK-5545,Distance STARLINK-3892 - STARLINK-30233,Distance STARLINK-3892 - STARLINK-30535,Distance STARLINK-3892 - STARLINK-4134,Distance STARLINK-3892 - STARLINK-4640,Distance STARLINK-3892 - STARLINK-4040,Distance STARLINK-3892 - STARLINK-31486,Distance STARLINK-3892 - STARLINK-1080,Distance STARLINK-3892 - STARLINK-31930,Distance STARLINK-3892 - STARLINK-2452,Distance STARLINK-3892 - STARLINK-32025,Distance STARLINK-3892 - STARLINK-5581,Distance STARLINK-3892 - STARLINK-32017,Distance STARLINK-3892 - STARLINK-31120,Distance STARLINK-3892 - STARLINK-4445,Distance STARLINK-3892 - STARLINK-31557,Distance STARLINK-3892 - STARLINK-30968,Distance STARLINK-3892 - STARLINK-11288 [DTC],Distance STARLINK-3892 - STARLINK-30583,Distance STARLINK-3892 - STARLINK-5320,Distance STARLINK-3892 - STARLINK-31062,Distance STARLINK-3892 - STARLINK-3398,Distance STARLINK-3892 - STARLINK-3625,Distance STARLINK-3892 - STARLINK-30570,Distance STARLINK-3892 - STARLINK-5582,Distance STARLINK-3892 - STARLINK-3147,Distance STARLINK-3892 - STARLINK-5684,Distance STARLINK-3892 - STARLINK-4380,Distance STARLINK-3892 - STARLINK-32045,Distance STARLINK-3892 - STARLINK-1854,Distance STARLINK-3892 - STARLINK-6314,Distance STARLINK-3892 - STARLINK-4533,Distance STARLINK-3892 - STARLINK-30272,Distance STARLINK-3892 - STARLINK-4016,Distance STARLINK-3892 - STARLINK-6175,Distance STARLINK-3892 - STARLINK-4800,Distance STARLINK-3892 - STARLINK-5408,Distance STARLINK-3892 - STARLINK-5174,Distance STARLINK-3892 - STARLINK-6031,Distance STARLINK-3892 - STARLINK-2702,Distance STARLINK-3892 - STARLINK-2220,Distance STARLINK-3892 - STARLINK-2591,Distance STARLINK-3892 - MoonARTEMIS1,Distance STARLINK-3892 - MoonARTEMIS2,Distance STARLINK-3892 - MoonIOAGEO,Distance STARLINK-3892 - MoonIOAGNO,Distance STARLINK-3892 - MoonIOAGNO 0001,Distance STARLINK-3892 - MoonIOAGSO,Distance STARLINK-3892 - MoonIOAGSO 0001,Distance STARLINK-3892 - MoonLRO,Distance STARLINK-3892 - MarsSat1,Distance STARLINK-3892 - MarsSat2,Distance STARLINK-3892 - MarsSat3,Distance STARLINK-3892 - MarsSat4,Distance STARLINK-30297 - STARLINK-11256 [DTC],Distance STARLINK-30297 - STARLINK-31789,Distance STARLINK-30297 - STARLINK-30286,Distance STARLINK-30297 - STARLINK-32233,Distance STARLINK-30297 - STARLINK-5521,Distance STARLINK-30297 - STARLINK-4693,Distance STARLINK-30297 - STARLINK-5545,Distance STARLINK-30297 - STARLINK-30233,Distance STARLINK-30297 - STARLINK-30535,Distance STARLINK-30297 - STARLINK-4134,Distance STARLINK-30297 - STARLINK-4640,Distance STARLINK-30297 - STARLINK-4040,Distance STARLINK-30297 - STARLINK-31486,Distance STARLINK-30297 - STARLINK-1080,Distance STARLINK-30297 - STARLINK-31930,Distance STARLINK-30297 - STARLINK-2452,Distance STARLINK-30297 - STARLINK-32025,Distance STARLINK-30297 - STARLINK-5581,Distance STARLINK-30297 - STARLINK-32017,Distance STARLINK-30297 - STARLINK-31120,Distance STARLINK-30297 - STARLINK-4445,Distance STARLINK-30297 - STARLINK-31557,Distance STARLINK-30297 - STARLINK-30968,Distance STARLINK-30297 - STARLINK-11288 [DTC],Distance STARLINK-30297 - STARLINK-30583,Distance STARLINK-30297 - STARLINK-5320,Distance STARLINK-30297 - STARLINK-31062,Distance STARLINK-30297 - STARLINK-3398,Distance STARLINK-30297 - STARLINK-3625,Distance STARLINK-30297 - STARLINK-30570,Distance STARLINK-30297 - STARLINK-5582,Distance STARLINK-30297 - STARLINK-3147,Distance STARLINK-30297 - STARLINK-5684,Distance STARLINK-30297 - STARLINK-4380,Distance STARLINK-30297 - STARLINK-32045,Distance STARLINK-30297 - STARLINK-1854,Distance STARLINK-30297 - STARLINK-6314,Distance STARLINK-30297 - STARLINK-4533,Distance STARLINK-30297 - STARLINK-30272,Distance STARLINK-30297 - STARLINK-4016,Distance STARLINK-30297 - STARLINK-6175,Distance STARLINK-30297 - STARLINK-4800,Distance STARLINK-30297 - STARLINK-5408,Distance STARLINK-30297 - STARLINK-5174,Distance STARLINK-30297 - STARLINK-6031,Distance STARLINK-30297 - STARLINK-2702,Distance STARLINK-30297 - STARLINK-2220,Distance STARLINK-30297 - STARLINK-2591,Distance STARLINK-30297 - MoonARTEMIS1,Distance STARLINK-30297 - MoonARTEMIS2,Distance STARLINK-30297 - MoonIOAGEO,Distance STARLINK-30297 - MoonIOAGNO,Distance STARLINK-30297 - MoonIOAGNO 0001,Distance STARLINK-30297 - MoonIOAGSO,Distance STARLINK-30297 - MoonIOAGSO 0001,Distance STARLINK-30297 - MoonLRO,Distance STARLINK-30297 - MarsSat1,Distance STARLINK-30297 - MarsSat2,Distance STARLINK-30297 - MarsSat3,Distance STARLINK-30297 - MarsSat4,Distance STARLINK-11256 [DTC] - STARLINK-31789,Distance STARLINK-11256 [DTC] - STARLINK-30286,Distance STARLINK-11256 [DTC] - STARLINK-32233,Distance STARLINK-11256 [DTC] - STARLINK-5521,Distance STARLINK-11256 [DTC] - STARLINK-4693,Distance STARLINK-11256 [DTC] - STARLINK-5545,Distance STARLINK-11256 [DTC] - STARLINK-30233,Distance STARLINK-11256 [DTC] - STARLINK-30535,Distance STARLINK-11256 [DTC] - STARLINK-4134,Distance STARLINK-11256 [DTC] - STARLINK-4640,Distance STARLINK-11256 [DTC] - STARLINK-4040,Distance STARLINK-11256 [DTC] - STARLINK-31486,Distance STARLINK-11256 [DTC] - STARLINK-1080,Distance STARLINK-11256 [DTC] - STARLINK-31930,Distance STARLINK-11256 [DTC] - STARLINK-2452,Distance STARLINK-11256 [DTC] - STARLINK-32025,Distance STARLINK-11256 [DTC] - STARLINK-5581,Distance STARLINK-11256 [DTC] - STARLINK-32017,Distance STARLINK-11256 [DTC] - STARLINK-31120,Distance STARLINK-11256 [DTC] - STARLINK-4445,Distance STARLINK-11256 [DTC] - STARLINK-31557,Distance STARLINK-11256 [DTC] - STARLINK-30968,Distance STARLINK-11256 [DTC] - STARLINK-11288 [DTC],Distance STARLINK-11256 [DTC] - STARLINK-30583,Distance STARLINK-11256 [DTC] - STARLINK-5320,Distance STARLINK-11256 [DTC] - STARLINK-31062,Distance STARLINK-11256 [DTC] - STARLINK-3398,Distance STARLINK-11256 [DTC] - STARLINK-3625,Distance STARLINK-11256 [DTC] - STARLINK-30570,Distance STARLINK-11256 [DTC] - STARLINK-5582,Distance STARLINK-11256 [DTC] - STARLINK-3147,Distance STARLINK-11256 [DTC] - STARLINK-5684,Distance STARLINK-11256 [DTC] - STARLINK-4380,Distance STARLINK-11256 [DTC] - STARLINK-32045,Distance STARLINK-11256 [DTC] - STARLINK-1854,Distance STARLINK-11256 [DTC] - STARLINK-6314,Distance STARLINK-11256 [DTC] - STARLINK-4533,Distance STARLINK-11256 [DTC] - STARLINK-30272,Distance STARLINK-11256 [DTC] - STARLINK-4016,Distance STARLINK-11256 [DTC] - STARLINK-6175,Distance STARLINK-11256 [DTC] - STARLINK-4800,Distance STARLINK-11256 [DTC] - STARLINK-5408,Distance STARLINK-11256 [DTC] - STARLINK-5174,Distance STARLINK-11256 [DTC] - STARLINK-6031,Distance STARLINK-11256 [DTC] - STARLINK-2702,Distance STARLINK-11256 [DTC] - STARLINK-2220,Distance STARLINK-11256 [DTC] - STARLINK-2591,Distance STARLINK-11256 [DTC] - MoonARTEMIS1,Distance STARLINK-11256 [DTC] - MoonARTEMIS2,Distance STARLINK-11256 [DTC] - MoonIOAGEO,Distance STARLINK-11256 [DTC] - MoonIOAGNO,Distance STARLINK-11256 [DTC] - MoonIOAGNO 0001,Distance STARLINK-11256 [DTC] - MoonIOAGSO,Distance STARLINK-11256 [DTC] - MoonIOAGSO 0001,Distance STARLINK-11256 [DTC] - MoonLRO,Distance STARLINK-11256 [DTC] - MarsSat1,Distance STARLINK-11256 [DTC] - MarsSat2,Distance STARLINK-11256 [DTC] - MarsSat3,Distance STARLINK-11256 [DTC] - MarsSat4,Distance STARLINK-31789 - STARLINK-30286,Distance STARLINK-31789 - STARLINK-32233,Distance STARLINK-31789 - STARLINK-5521,Distance STARLINK-31789 - STARLINK-4693,Distance STARLINK-31789 - STARLINK-5545,Distance STARLINK-31789 - STARLINK-30233,Distance STARLINK-31789 - STARLINK-30535,Distance STARLINK-31789 - STARLINK-4134,Distance STARLINK-31789 - STARLINK-4640,Distance STARLINK-31789 - STARLINK-4040,Distance STARLINK-31789 - STARLINK-31486,Distance STARLINK-31789 - STARLINK-1080,Distance STARLINK-31789 - STARLINK-31930,Distance STARLINK-31789 - STARLINK-2452,Distance STARLINK-31789 - STARLINK-32025,Distance STARLINK-31789 - STARLINK-5581,Distance STARLINK-31789 - STARLINK-32017,Distance STARLINK-31789 - STARLINK-31120,Distance STARLINK-31789 - STARLINK-4445,Distance STARLINK-31789 - STARLINK-31557,Distance STARLINK-31789 - STARLINK-30968,Distance STARLINK-31789 - STARLINK-11288 [DTC],Distance STARLINK-31789 - STARLINK-30583,Distance STARLINK-31789 - STARLINK-5320,Distance STARLINK-31789 - STARLINK-31062,Distance STARLINK-31789 - STARLINK-3398,Distance STARLINK-31789 - STARLINK-3625,Distance STARLINK-31789 - STARLINK-30570,Distance STARLINK-31789 - STARLINK-5582,Distance STARLINK-31789 - STARLINK-3147,Distance STARLINK-31789 - STARLINK-5684,Distance STARLINK-31789 - STARLINK-4380,Distance STARLINK-31789 - STARLINK-32045,Distance STARLINK-31789 - STARLINK-1854,Distance STARLINK-31789 - STARLINK-6314,Distance STARLINK-31789 - STARLINK-4533,Distance STARLINK-31789 - STARLINK-30272,Distance STARLINK-31789 - STARLINK-4016,Distance STARLINK-31789 - STARLINK-6175,Distance STARLINK-31789 - STARLINK-4800,Distance STARLINK-31789 - STARLINK-5408,Distance STARLINK-31789 - STARLINK-5174,Distance STARLINK-31789 - STARLINK-6031,Distance STARLINK-31789 - STARLINK-2702,Distance STARLINK-31789 - STARLINK-2220,Distance STARLINK-31789 - STARLINK-2591,Distance STARLINK-31789 - MoonARTEMIS1,Distance STARLINK-31789 - MoonARTEMIS2,Distance STARLINK-31789 - MoonIOAGEO,Distance STARLINK-31789 - MoonIOAGNO,Distance STARLINK-31789 - MoonIOAGNO 0001,Distance STARLINK-31789 - MoonIOAGSO,Distance STARLINK-31789 - MoonIOAGSO 0001,Distance STARLINK-31789 - MoonLRO,Distance STARLINK-31789 - MarsSat1,Distance STARLINK-31789 - MarsSat2,Distance STARLINK-31789 - MarsSat3,Distance STARLINK-31789 - MarsSat4,Distance STARLINK-30286 - STARLINK-32233,Distance STARLINK-30286 - STARLINK-5521,Distance STARLINK-30286 - STARLINK-4693,Distance STARLINK-30286 - STARLINK-5545,Distance STARLINK-30286 - STARLINK-30233,Distance STARLINK-30286 - STARLINK-30535,Distance STARLINK-30286 - STARLINK-4134,Distance STARLINK-30286 - STARLINK-4640,Distance STARLINK-30286 - STARLINK-4040,Distance STARLINK-30286 - STARLINK-31486,Distance STARLINK-30286 - STARLINK-1080,Distance STARLINK-30286 - STARLINK-31930,Distance STARLINK-30286 - STARLINK-2452,Distance STARLINK-30286 - STARLINK-32025,Distance STARLINK-30286 - STARLINK-5581,Distance STARLINK-30286 - STARLINK-32017,Distance STARLINK-30286 - STARLINK-31120,Distance STARLINK-30286 - STARLINK-4445,Distance STARLINK-30286 - STARLINK-31557,Distance STARLINK-30286 - STARLINK-30968,Distance STARLINK-30286 - STARLINK-11288 [DTC],Distance STARLINK-30286 - STARLINK-30583,Distance STARLINK-30286 - STARLINK-5320,Distance STARLINK-30286 - STARLINK-31062,Distance STARLINK-30286 - STARLINK-3398,Distance STARLINK-30286 - STARLINK-3625,Distance STARLINK-30286 - STARLINK-30570,Distance STARLINK-30286 - STARLINK-5582,Distance STARLINK-30286 - STARLINK-3147,Distance STARLINK-30286 - STARLINK-5684,Distance STARLINK-30286 - STARLINK-4380,Distance STARLINK-30286 - STARLINK-32045,Distance STARLINK-30286 - STARLINK-1854,Distance STARLINK-30286 - STARLINK-6314,Distance STARLINK-30286 - STARLINK-4533,Distance STARLINK-30286 - STARLINK-30272,Distance STARLINK-30286 - STARLINK-4016,Distance STARLINK-30286 - STARLINK-6175,Distance STARLINK-30286 - STARLINK-4800,Distance STARLINK-30286 - STARLINK-5408,Distance STARLINK-30286 - STARLINK-5174,Distance STARLINK-30286 - STARLINK-6031,Distance STARLINK-30286 - STARLINK-2702,Distance STARLINK-30286 - STARLINK-2220,Distance STARLINK-30286 - STARLINK-2591,Distance STARLINK-30286 - MoonARTEMIS1,Distance STARLINK-30286 - MoonARTEMIS2,Distance STARLINK-30286 - MoonIOAGEO,Distance STARLINK-30286 - MoonIOAGNO,Distance STARLINK-30286 - MoonIOAGNO 0001,Distance STARLINK-30286 - MoonIOAGSO,Distance STARLINK-30286 - MoonIOAGSO 0001,Distance STARLINK-30286 - MoonLRO,Distance STARLINK-30286 - MarsSat1,Distance STARLINK-30286 - MarsSat2,Distance STARLINK-30286 - MarsSat3,Distance STARLINK-30286 - MarsSat4,Distance STARLINK-32233 - STARLINK-5521,Distance STARLINK-32233 - STARLINK-4693,Distance STARLINK-32233 - STARLINK-5545,Distance STARLINK-32233 - STARLINK-30233,Distance STARLINK-32233 - STARLINK-30535,Distance STARLINK-32233 - STARLINK-4134,Distance STARLINK-32233 - STARLINK-4640,Distance STARLINK-32233 - STARLINK-4040,Distance STARLINK-32233 - STARLINK-31486,Distance STARLINK-32233 - STARLINK-1080,Distance STARLINK-32233 - STARLINK-31930,Distance STARLINK-32233 - STARLINK-2452,Distance STARLINK-32233 - STARLINK-32025,Distance STARLINK-32233 - STARLINK-5581,Distance STARLINK-32233 - STARLINK-32017,Distance STARLINK-32233 - STARLINK-31120,Distance STARLINK-32233 - STARLINK-4445,Distance STARLINK-32233 - STARLINK-31557,Distance STARLINK-32233 - STARLINK-30968,Distance STARLINK-32233 - STARLINK-11288 [DTC],Distance STARLINK-32233 - STARLINK-30583,Distance STARLINK-32233 - STARLINK-5320,Distance STARLINK-32233 - STARLINK-31062,Distance STARLINK-32233 - STARLINK-3398,Distance STARLINK-32233 - STARLINK-3625,Distance STARLINK-32233 - STARLINK-30570,Distance STARLINK-32233 - STARLINK-5582,Distance STARLINK-32233 - STARLINK-3147,Distance STARLINK-32233 - STARLINK-5684,Distance STARLINK-32233 - STARLINK-4380,Distance STARLINK-32233 - STARLINK-32045,Distance STARLINK-32233 - STARLINK-1854,Distance STARLINK-32233 - STARLINK-6314,Distance STARLINK-32233 - STARLINK-4533,Distance STARLINK-32233 - STARLINK-30272,Distance STARLINK-32233 - STARLINK-4016,Distance STARLINK-32233 - STARLINK-6175,Distance STARLINK-32233 - STARLINK-4800,Distance STARLINK-32233 - STARLINK-5408,Distance STARLINK-32233 - STARLINK-5174,Distance STARLINK-32233 - STARLINK-6031,Distance STARLINK-32233 - STARLINK-2702,Distance STARLINK-32233 - STARLINK-2220,Distance STARLINK-32233 - STARLINK-2591,Distance STARLINK-32233 - MoonARTEMIS1,Distance STARLINK-32233 - MoonARTEMIS2,Distance STARLINK-32233 - MoonIOAGEO,Distance STARLINK-32233 - MoonIOAGNO,Distance STARLINK-32233 - MoonIOAGNO 0001,Distance STARLINK-32233 - MoonIOAGSO,Distance STARLINK-32233 - MoonIOAGSO 0001,Distance STARLINK-32233 - MoonLRO,Distance STARLINK-32233 - MarsSat1,Distance STARLINK-32233 - MarsSat2,Distance STARLINK-32233 - MarsSat3,Distance STARLINK-32233 - MarsSat4,Distance STARLINK-5521 - STARLINK-4693,Distance STARLINK-5521 - STARLINK-5545,Distance STARLINK-5521 - STARLINK-30233,Distance STARLINK-5521 - STARLINK-30535,Distance STARLINK-5521 - STARLINK-4134,Distance STARLINK-5521 - STARLINK-4640,Distance STARLINK-5521 - STARLINK-4040,Distance STARLINK-5521 - STARLINK-31486,Distance STARLINK-5521 - STARLINK-1080,Distance STARLINK-5521 - STARLINK-31930,Distance STARLINK-5521 - STARLINK-2452,Distance STARLINK-5521 - STARLINK-32025,Distance STARLINK-5521 - STARLINK-5581,Distance STARLINK-5521 - STARLINK-32017,Distance STARLINK-5521 - STARLINK-31120,Distance STARLINK-5521 - STARLINK-4445,Distance STARLINK-5521 - STARLINK-31557,Distance STARLINK-5521 - STARLINK-30968,Distance STARLINK-5521 - STARLINK-11288 [DTC],Distance STARLINK-5521 - STARLINK-30583,Distance STARLINK-5521 - STARLINK-5320,Distance STARLINK-5521 - STARLINK-31062,Distance STARLINK-5521 - STARLINK-3398,Distance STARLINK-5521 - STARLINK-3625,Distance STARLINK-5521 - STARLINK-30570,Distance STARLINK-5521 - STARLINK-5582,Distance STARLINK-5521 - STARLINK-3147,Distance STARLINK-5521 - STARLINK-5684,Distance STARLINK-5521 - STARLINK-4380,Distance STARLINK-5521 - STARLINK-32045,Distance STARLINK-5521 - STARLINK-1854,Distance STARLINK-5521 - STARLINK-6314,Distance STARLINK-5521 - STARLINK-4533,Distance STARLINK-5521 - STARLINK-30272,Distance STARLINK-5521 - STARLINK-4016,Distance STARLINK-5521 - STARLINK-6175,Distance STARLINK-5521 - STARLINK-4800,Distance STARLINK-5521 - STARLINK-5408,Distance STARLINK-5521 - STARLINK-5174,Distance STARLINK-5521 - STARLINK-6031,Distance STARLINK-5521 - STARLINK-2702,Distance STARLINK-5521 - STARLINK-2220,Distance STARLINK-5521 - STARLINK-2591,Distance STARLINK-5521 - MoonARTEMIS1,Distance STARLINK-5521 - MoonARTEMIS2,Distance STARLINK-5521 - MoonIOAGEO,Distance STARLINK-5521 - MoonIOAGNO,Distance STARLINK-5521 - MoonIOAGNO 0001,Distance STARLINK-5521 - MoonIOAGSO,Distance STARLINK-5521 - MoonIOAGSO 0001,Distance STARLINK-5521 - MoonLRO,Distance STARLINK-5521 - MarsSat1,Distance STARLINK-5521 - MarsSat2,Distance STARLINK-5521 - MarsSat3,Distance STARLINK-5521 - MarsSat4,Distance STARLINK-4693 - STARLINK-5545,Distance STARLINK-4693 - STARLINK-30233,Distance STARLINK-4693 - STARLINK-30535,Distance STARLINK-4693 - STARLINK-4134,Distance STARLINK-4693 - STARLINK-4640,Distance STARLINK-4693 - STARLINK-4040,Distance STARLINK-4693 - STARLINK-31486,Distance STARLINK-4693 - STARLINK-1080,Distance STARLINK-4693 - STARLINK-31930,Distance STARLINK-4693 - STARLINK-2452,Distance STARLINK-4693 - STARLINK-32025,Distance STARLINK-4693 - STARLINK-5581,Distance STARLINK-4693 - STARLINK-32017,Distance STARLINK-4693 - STARLINK-31120,Distance STARLINK-4693 - STARLINK-4445,Distance STARLINK-4693 - STARLINK-31557,Distance STARLINK-4693 - STARLINK-30968,Distance STARLINK-4693 - STARLINK-11288 [DTC],Distance STARLINK-4693 - STARLINK-30583,Distance STARLINK-4693 - STARLINK-5320,Distance STARLINK-4693 - STARLINK-31062,Distance STARLINK-4693 - STARLINK-3398,Distance STARLINK-4693 - STARLINK-3625,Distance STARLINK-4693 - STARLINK-30570,Distance STARLINK-4693 - STARLINK-5582,Distance STARLINK-4693 - STARLINK-3147,Distance STARLINK-4693 - STARLINK-5684,Distance STARLINK-4693 - STARLINK-4380,Distance STARLINK-4693 - STARLINK-32045,Distance STARLINK-4693 - STARLINK-1854,Distance STARLINK-4693 - STARLINK-6314,Distance STARLINK-4693 - STARLINK-4533,Distance STARLINK-4693 - STARLINK-30272,Distance STARLINK-4693 - STARLINK-4016,Distance STARLINK-4693 - STARLINK-6175,Distance STARLINK-4693 - STARLINK-4800,Distance STARLINK-4693 - STARLINK-5408,Distance STARLINK-4693 - STARLINK-5174,Distance STARLINK-4693 - STARLINK-6031,Distance STARLINK-4693 - STARLINK-2702,Distance STARLINK-4693 - STARLINK-2220,Distance STARLINK-4693 - STARLINK-2591,Distance STARLINK-4693 - MoonARTEMIS1,Distance STARLINK-4693 - MoonARTEMIS2,Distance STARLINK-4693 - MoonIOAGEO,Distance STARLINK-4693 - MoonIOAGNO,Distance STARLINK-4693 - MoonIOAGNO 0001,Distance STARLINK-4693 - MoonIOAGSO,Distance STARLINK-4693 - MoonIOAGSO 0001,Distance STARLINK-4693 - MoonLRO,Distance STARLINK-4693 - MarsSat1,Distance STARLINK-4693 - MarsSat2,Distance STARLINK-4693 - MarsSat3,Distance STARLINK-4693 - MarsSat4,Distance STARLINK-5545 - STARLINK-30233,Distance STARLINK-5545 - STARLINK-30535,Distance STARLINK-5545 - STARLINK-4134,Distance STARLINK-5545 - STARLINK-4640,Distance STARLINK-5545 - STARLINK-4040,Distance STARLINK-5545 - STARLINK-31486,Distance STARLINK-5545 - STARLINK-1080,Distance STARLINK-5545 - STARLINK-31930,Distance STARLINK-5545 - STARLINK-2452,Distance STARLINK-5545 - STARLINK-32025,Distance STARLINK-5545 - STARLINK-5581,Distance STARLINK-5545 - STARLINK-32017,Distance STARLINK-5545 - STARLINK-31120,Distance STARLINK-5545 - STARLINK-4445,Distance STARLINK-5545 - STARLINK-31557,Distance STARLINK-5545 - STARLINK-30968,Distance STARLINK-5545 - STARLINK-11288 [DTC],Distance STARLINK-5545 - STARLINK-30583,Distance STARLINK-5545 - STARLINK-5320,Distance STARLINK-5545 - STARLINK-31062,Distance STARLINK-5545 - STARLINK-3398,Distance STARLINK-5545 - STARLINK-3625,Distance STARLINK-5545 - STARLINK-30570,Distance STARLINK-5545 - STARLINK-5582,Distance STARLINK-5545 - STARLINK-3147,Distance STARLINK-5545 - STARLINK-5684,Distance STARLINK-5545 - STARLINK-4380,Distance STARLINK-5545 - STARLINK-32045,Distance STARLINK-5545 - STARLINK-1854,Distance STARLINK-5545 - STARLINK-6314,Distance STARLINK-5545 - STARLINK-4533,Distance STARLINK-5545 - STARLINK-30272,Distance STARLINK-5545 - STARLINK-4016,Distance STARLINK-5545 - STARLINK-6175,Distance STARLINK-5545 - STARLINK-4800,Distance STARLINK-5545 - STARLINK-5408,Distance STARLINK-5545 - STARLINK-5174,Distance STARLINK-5545 - STARLINK-6031,Distance STARLINK-5545 - STARLINK-2702,Distance STARLINK-5545 - STARLINK-2220,Distance STARLINK-5545 - STARLINK-2591,Distance STARLINK-5545 - MoonARTEMIS1,Distance STARLINK-5545 - MoonARTEMIS2,Distance STARLINK-5545 - MoonIOAGEO,Distance STARLINK-5545 - MoonIOAGNO,Distance STARLINK-5545 - MoonIOAGNO 0001,Distance STARLINK-5545 - MoonIOAGSO,Distance STARLINK-5545 - MoonIOAGSO 0001,Distance STARLINK-5545 - MoonLRO,Distance STARLINK-5545 - MarsSat1,Distance STARLINK-5545 - MarsSat2,Distance STARLINK-5545 - MarsSat3,Distance STARLINK-5545 - MarsSat4,Distance STARLINK-30233 - STARLINK-30535,Distance STARLINK-30233 - STARLINK-4134,Distance STARLINK-30233 - STARLINK-4640,Distance STARLINK-30233 - STARLINK-4040,Distance STARLINK-30233 - STARLINK-31486,Distance STARLINK-30233 - STARLINK-1080,Distance STARLINK-30233 - STARLINK-31930,Distance STARLINK-30233 - STARLINK-2452,Distance STARLINK-30233 - STARLINK-32025,Distance STARLINK-30233 - STARLINK-5581,Distance STARLINK-30233 - STARLINK-32017,Distance STARLINK-30233 - STARLINK-31120,Distance STARLINK-30233 - STARLINK-4445,Distance STARLINK-30233 - STARLINK-31557,Distance STARLINK-30233 - STARLINK-30968,Distance STARLINK-30233 - STARLINK-11288 [DTC],Distance STARLINK-30233 - STARLINK-30583,Distance STARLINK-30233 - STARLINK-5320,Distance STARLINK-30233 - STARLINK-31062,Distance STARLINK-30233 - STARLINK-3398,Distance STARLINK-30233 - STARLINK-3625,Distance STARLINK-30233 - STARLINK-30570,Distance STARLINK-30233 - STARLINK-5582,Distance STARLINK-30233 - STARLINK-3147,Distance STARLINK-30233 - STARLINK-5684,Distance STARLINK-30233 - STARLINK-4380,Distance STARLINK-30233 - STARLINK-32045,Distance STARLINK-30233 - STARLINK-1854,Distance STARLINK-30233 - STARLINK-6314,Distance STARLINK-30233 - STARLINK-4533,Distance STARLINK-30233 - STARLINK-30272,Distance STARLINK-30233 - STARLINK-4016,Distance STARLINK-30233 - STARLINK-6175,Distance STARLINK-30233 - STARLINK-4800,Distance STARLINK-30233 - STARLINK-5408,Distance STARLINK-30233 - STARLINK-5174,Distance STARLINK-30233 - STARLINK-6031,Distance STARLINK-30233 - STARLINK-2702,Distance STARLINK-30233 - STARLINK-2220,Distance STARLINK-30233 - STARLINK-2591,Distance STARLINK-30233 - MoonARTEMIS1,Distance STARLINK-30233 - MoonARTEMIS2,Distance STARLINK-30233 - MoonIOAGEO,Distance STARLINK-30233 - MoonIOAGNO,Distance STARLINK-30233 - MoonIOAGNO 0001,Distance STARLINK-30233 - MoonIOAGSO,Distance STARLINK-30233 - MoonIOAGSO 0001,Distance STARLINK-30233 - MoonLRO,Distance STARLINK-30233 - MarsSat1,Distance STARLINK-30233 - MarsSat2,Distance STARLINK-30233 - MarsSat3,Distance STARLINK-30233 - MarsSat4,Distance STARLINK-30535 - STARLINK-4134,Distance STARLINK-30535 - STARLINK-4640,Distance STARLINK-30535 - STARLINK-4040,Distance STARLINK-30535 - STARLINK-31486,Distance STARLINK-30535 - STARLINK-1080,Distance STARLINK-30535 - STARLINK-31930,Distance STARLINK-30535 - STARLINK-2452,Distance STARLINK-30535 - STARLINK-32025,Distance STARLINK-30535 - STARLINK-5581,Distance STARLINK-30535 - STARLINK-32017,Distance STARLINK-30535 - STARLINK-31120,Distance STARLINK-30535 - STARLINK-4445,Distance STARLINK-30535 - STARLINK-31557,Distance STARLINK-30535 - STARLINK-30968,Distance STARLINK-30535 - STARLINK-11288 [DTC],Distance STARLINK-30535 - STARLINK-30583,Distance STARLINK-30535 - STARLINK-5320,Distance STARLINK-30535 - STARLINK-31062,Distance STARLINK-30535 - STARLINK-3398,Distance STARLINK-30535 - STARLINK-3625,Distance STARLINK-30535 - STARLINK-30570,Distance STARLINK-30535 - STARLINK-5582,Distance STARLINK-30535 - STARLINK-3147,Distance STARLINK-30535 - STARLINK-5684,Distance STARLINK-30535 - STARLINK-4380,Distance STARLINK-30535 - STARLINK-32045,Distance STARLINK-30535 - STARLINK-1854,Distance STARLINK-30535 - STARLINK-6314,Distance STARLINK-30535 - STARLINK-4533,Distance STARLINK-30535 - STARLINK-30272,Distance STARLINK-30535 - STARLINK-4016,Distance STARLINK-30535 - STARLINK-6175,Distance STARLINK-30535 - STARLINK-4800,Distance STARLINK-30535 - STARLINK-5408,Distance STARLINK-30535 - STARLINK-5174,Distance STARLINK-30535 - STARLINK-6031,Distance STARLINK-30535 - STARLINK-2702,Distance STARLINK-30535 - STARLINK-2220,Distance STARLINK-30535 - STARLINK-2591,Distance STARLINK-30535 - MoonARTEMIS1,Distance STARLINK-30535 - MoonARTEMIS2,Distance STARLINK-30535 - MoonIOAGEO,Distance STARLINK-30535 - MoonIOAGNO,Distance STARLINK-30535 - MoonIOAGNO 0001,Distance STARLINK-30535 - MoonIOAGSO,Distance STARLINK-30535 - MoonIOAGSO 0001,Distance STARLINK-30535 - MoonLRO,Distance STARLINK-30535 - MarsSat1,Distance STARLINK-30535 - MarsSat2,Distance STARLINK-30535 - MarsSat3,Distance STARLINK-30535 - MarsSat4,Distance STARLINK-4134 - STARLINK-4640,Distance STARLINK-4134 - STARLINK-4040,Distance STARLINK-4134 - STARLINK-31486,Distance STARLINK-4134 - STARLINK-1080,Distance STARLINK-4134 - STARLINK-31930,Distance STARLINK-4134 - STARLINK-2452,Distance STARLINK-4134 - STARLINK-32025,Distance STARLINK-4134 - STARLINK-5581,Distance STARLINK-4134 - STARLINK-32017,Distance STARLINK-4134 - STARLINK-31120,Distance STARLINK-4134 - STARLINK-4445,Distance STARLINK-4134 - STARLINK-31557,Distance STARLINK-4134 - STARLINK-30968,Distance STARLINK-4134 - STARLINK-11288 [DTC],Distance STARLINK-4134 - STARLINK-30583,Distance STARLINK-4134 - STARLINK-5320,Distance STARLINK-4134 - STARLINK-31062,Distance STARLINK-4134 - STARLINK-3398,Distance STARLINK-4134 - STARLINK-3625,Distance STARLINK-4134 - STARLINK-30570,Distance STARLINK-4134 - STARLINK-5582,Distance STARLINK-4134 - STARLINK-3147,Distance STARLINK-4134 - STARLINK-5684,Distance STARLINK-4134 - STARLINK-4380,Distance STARLINK-4134 - STARLINK-32045,Distance STARLINK-4134 - STARLINK-1854,Distance STARLINK-4134 - STARLINK-6314,Distance STARLINK-4134 - STARLINK-4533,Distance STARLINK-4134 - STARLINK-30272,Distance STARLINK-4134 - STARLINK-4016,Distance STARLINK-4134 - STARLINK-6175,Distance STARLINK-4134 - STARLINK-4800,Distance STARLINK-4134 - STARLINK-5408,Distance STARLINK-4134 - STARLINK-5174,Distance STARLINK-4134 - STARLINK-6031,Distance STARLINK-4134 - STARLINK-2702,Distance STARLINK-4134 - STARLINK-2220,Distance STARLINK-4134 - STARLINK-2591,Distance STARLINK-4134 - MoonARTEMIS1,Distance STARLINK-4134 - MoonARTEMIS2,Distance STARLINK-4134 - MoonIOAGEO,Distance STARLINK-4134 - MoonIOAGNO,Distance STARLINK-4134 - MoonIOAGNO 0001,Distance STARLINK-4134 - MoonIOAGSO,Distance STARLINK-4134 - MoonIOAGSO 0001,Distance STARLINK-4134 - MoonLRO,Distance STARLINK-4134 - MarsSat1,Distance STARLINK-4134 - MarsSat2,Distance STARLINK-4134 - MarsSat3,Distance STARLINK-4134 - MarsSat4,Distance STARLINK-4640 - STARLINK-4040,Distance STARLINK-4640 - STARLINK-31486,Distance STARLINK-4640 - STARLINK-1080,Distance STARLINK-4640 - STARLINK-31930,Distance STARLINK-4640 - STARLINK-2452,Distance STARLINK-4640 - STARLINK-32025,Distance STARLINK-4640 - STARLINK-5581,Distance STARLINK-4640 - STARLINK-32017,Distance STARLINK-4640 - STARLINK-31120,Distance STARLINK-4640 - STARLINK-4445,Distance STARLINK-4640 - STARLINK-31557,Distance STARLINK-4640 - STARLINK-30968,Distance STARLINK-4640 - STARLINK-11288 [DTC],Distance STARLINK-4640 - STARLINK-30583,Distance STARLINK-4640 - STARLINK-5320,Distance STARLINK-4640 - STARLINK-31062,Distance STARLINK-4640 - STARLINK-3398,Distance STARLINK-4640 - STARLINK-3625,Distance STARLINK-4640 - STARLINK-30570,Distance STARLINK-4640 - STARLINK-5582,Distance STARLINK-4640 - STARLINK-3147,Distance STARLINK-4640 - STARLINK-5684,Distance STARLINK-4640 - STARLINK-4380,Distance STARLINK-4640 - STARLINK-32045,Distance STARLINK-4640 - STARLINK-1854,Distance STARLINK-4640 - STARLINK-6314,Distance STARLINK-4640 - STARLINK-4533,Distance STARLINK-4640 - STARLINK-30272,Distance STARLINK-4640 - STARLINK-4016,Distance STARLINK-4640 - STARLINK-6175,Distance STARLINK-4640 - STARLINK-4800,Distance STARLINK-4640 - STARLINK-5408,Distance STARLINK-4640 - STARLINK-5174,Distance STARLINK-4640 - STARLINK-6031,Distance STARLINK-4640 - STARLINK-2702,Distance STARLINK-4640 - STARLINK-2220,Distance STARLINK-4640 - STARLINK-2591,Distance STARLINK-4640 - MoonARTEMIS1,Distance STARLINK-4640 - MoonARTEMIS2,Distance STARLINK-4640 - MoonIOAGEO,Distance STARLINK-4640 - MoonIOAGNO,Distance STARLINK-4640 - MoonIOAGNO 0001,Distance STARLINK-4640 - MoonIOAGSO,Distance STARLINK-4640 - MoonIOAGSO 0001,Distance STARLINK-4640 - MoonLRO,Distance STARLINK-4640 - MarsSat1,Distance STARLINK-4640 - MarsSat2,Distance STARLINK-4640 - MarsSat3,Distance STARLINK-4640 - MarsSat4,Distance STARLINK-4040 - STARLINK-31486,Distance STARLINK-4040 - STARLINK-1080,Distance STARLINK-4040 - STARLINK-31930,Distance STARLINK-4040 - STARLINK-2452,Distance STARLINK-4040 - STARLINK-32025,Distance STARLINK-4040 - STARLINK-5581,Distance STARLINK-4040 - STARLINK-32017,Distance STARLINK-4040 - STARLINK-31120,Distance STARLINK-4040 - STARLINK-4445,Distance STARLINK-4040 - STARLINK-31557,Distance STARLINK-4040 - STARLINK-30968,Distance STARLINK-4040 - STARLINK-11288 [DTC],Distance STARLINK-4040 - STARLINK-30583,Distance STARLINK-4040 - STARLINK-5320,Distance STARLINK-4040 - STARLINK-31062,Distance STARLINK-4040 - STARLINK-3398,Distance STARLINK-4040 - STARLINK-3625,Distance STARLINK-4040 - STARLINK-30570,Distance STARLINK-4040 - STARLINK-5582,Distance STARLINK-4040 - STARLINK-3147,Distance STARLINK-4040 - STARLINK-5684,Distance STARLINK-4040 - STARLINK-4380,Distance STARLINK-4040 - STARLINK-32045,Distance STARLINK-4040 - STARLINK-1854,Distance STARLINK-4040 - STARLINK-6314,Distance STARLINK-4040 - STARLINK-4533,Distance STARLINK-4040 - STARLINK-30272,Distance STARLINK-4040 - STARLINK-4016,Distance STARLINK-4040 - STARLINK-6175,Distance STARLINK-4040 - STARLINK-4800,Distance STARLINK-4040 - STARLINK-5408,Distance STARLINK-4040 - STARLINK-5174,Distance STARLINK-4040 - STARLINK-6031,Distance STARLINK-4040 - STARLINK-2702,Distance STARLINK-4040 - STARLINK-2220,Distance STARLINK-4040 - STARLINK-2591,Distance STARLINK-4040 - MoonARTEMIS1,Distance STARLINK-4040 - MoonARTEMIS2,Distance STARLINK-4040 - MoonIOAGEO,Distance STARLINK-4040 - MoonIOAGNO,Distance STARLINK-4040 - MoonIOAGNO 0001,Distance STARLINK-4040 - MoonIOAGSO,Distance STARLINK-4040 - MoonIOAGSO 0001,Distance STARLINK-4040 - MoonLRO,Distance STARLINK-4040 - MarsSat1,Distance STARLINK-4040 - MarsSat2,Distance STARLINK-4040 - MarsSat3,Distance STARLINK-4040 - MarsSat4,Distance STARLINK-31486 - STARLINK-1080,Distance STARLINK-31486 - STARLINK-31930,Distance STARLINK-31486 - STARLINK-2452,Distance STARLINK-31486 - STARLINK-32025,Distance STARLINK-31486 - STARLINK-5581,Distance STARLINK-31486 - STARLINK-32017,Distance STARLINK-31486 - STARLINK-31120,Distance STARLINK-31486 - STARLINK-4445,Distance STARLINK-31486 - STARLINK-31557,Distance STARLINK-31486 - STARLINK-30968,Distance STARLINK-31486 - STARLINK-11288 [DTC],Distance STARLINK-31486 - STARLINK-30583,Distance STARLINK-31486 - STARLINK-5320,Distance STARLINK-31486 - STARLINK-31062,Distance STARLINK-31486 - STARLINK-3398,Distance STARLINK-31486 - STARLINK-3625,Distance STARLINK-31486 - STARLINK-30570,Distance STARLINK-31486 - STARLINK-5582,Distance STARLINK-31486 - STARLINK-3147,Distance STARLINK-31486 - STARLINK-5684,Distance STARLINK-31486 - STARLINK-4380,Distance STARLINK-31486 - STARLINK-32045,Distance STARLINK-31486 - STARLINK-1854,Distance STARLINK-31486 - STARLINK-6314,Distance STARLINK-31486 - STARLINK-4533,Distance STARLINK-31486 - STARLINK-30272,Distance STARLINK-31486 - STARLINK-4016,Distance STARLINK-31486 - STARLINK-6175,Distance STARLINK-31486 - STARLINK-4800,Distance STARLINK-31486 - STARLINK-5408,Distance STARLINK-31486 - STARLINK-5174,Distance STARLINK-31486 - STARLINK-6031,Distance STARLINK-31486 - STARLINK-2702,Distance STARLINK-31486 - STARLINK-2220,Distance STARLINK-31486 - STARLINK-2591,Distance STARLINK-31486 - MoonARTEMIS1,Distance STARLINK-31486 - MoonARTEMIS2,Distance STARLINK-31486 - MoonIOAGEO,Distance STARLINK-31486 - MoonIOAGNO,Distance STARLINK-31486 - MoonIOAGNO 0001,Distance STARLINK-31486 - MoonIOAGSO,Distance STARLINK-31486 - MoonIOAGSO 0001,Distance STARLINK-31486 - MoonLRO,Distance STARLINK-31486 - MarsSat1,Distance STARLINK-31486 - MarsSat2,Distance STARLINK-31486 - MarsSat3,Distance STARLINK-31486 - MarsSat4,Distance STARLINK-1080 - STARLINK-31930,Distance STARLINK-1080 - STARLINK-2452,Distance STARLINK-1080 - STARLINK-32025,Distance STARLINK-1080 - STARLINK-5581,Distance STARLINK-1080 - STARLINK-32017,Distance STARLINK-1080 - STARLINK-31120,Distance STARLINK-1080 - STARLINK-4445,Distance STARLINK-1080 - STARLINK-31557,Distance STARLINK-1080 - STARLINK-30968,Distance STARLINK-1080 - STARLINK-11288 [DTC],Distance STARLINK-1080 - STARLINK-30583,Distance STARLINK-1080 - STARLINK-5320,Distance STARLINK-1080 - STARLINK-31062,Distance STARLINK-1080 - STARLINK-3398,Distance STARLINK-1080 - STARLINK-3625,Distance STARLINK-1080 - STARLINK-30570,Distance STARLINK-1080 - STARLINK-5582,Distance STARLINK-1080 - STARLINK-3147,Distance STARLINK-1080 - STARLINK-5684,Distance STARLINK-1080 - STARLINK-4380,Distance STARLINK-1080 - STARLINK-32045,Distance STARLINK-1080 - STARLINK-1854,Distance STARLINK-1080 - STARLINK-6314,Distance STARLINK-1080 - STARLINK-4533,Distance STARLINK-1080 - STARLINK-30272,Distance STARLINK-1080 - STARLINK-4016,Distance STARLINK-1080 - STARLINK-6175,Distance STARLINK-1080 - STARLINK-4800,Distance STARLINK-1080 - STARLINK-5408,Distance STARLINK-1080 - STARLINK-5174,Distance STARLINK-1080 - STARLINK-6031,Distance STARLINK-1080 - STARLINK-2702,Distance STARLINK-1080 - STARLINK-2220,Distance STARLINK-1080 - STARLINK-2591,Distance STARLINK-1080 - MoonARTEMIS1,Distance STARLINK-1080 - MoonARTEMIS2,Distance STARLINK-1080 - MoonIOAGEO,Distance STARLINK-1080 - MoonIOAGNO,Distance STARLINK-1080 - MoonIOAGNO 0001,Distance STARLINK-1080 - MoonIOAGSO,Distance STARLINK-1080 - MoonIOAGSO 0001,Distance STARLINK-1080 - MoonLRO,Distance STARLINK-1080 - MarsSat1,Distance STARLINK-1080 - MarsSat2,Distance STARLINK-1080 - MarsSat3,Distance STARLINK-1080 - MarsSat4,Distance STARLINK-31930 - STARLINK-2452,Distance STARLINK-31930 - STARLINK-32025,Distance STARLINK-31930 - STARLINK-5581,Distance STARLINK-31930 - STARLINK-32017,Distance STARLINK-31930 - STARLINK-31120,Distance STARLINK-31930 - STARLINK-4445,Distance STARLINK-31930 - STARLINK-31557,Distance STARLINK-31930 - STARLINK-30968,Distance STARLINK-31930 - STARLINK-11288 [DTC],Distance STARLINK-31930 - STARLINK-30583,Distance STARLINK-31930 - STARLINK-5320,Distance STARLINK-31930 - STARLINK-31062,Distance STARLINK-31930 - STARLINK-3398,Distance STARLINK-31930 - STARLINK-3625,Distance STARLINK-31930 - STARLINK-30570,Distance STARLINK-31930 - STARLINK-5582,Distance STARLINK-31930 - STARLINK-3147,Distance STARLINK-31930 - STARLINK-5684,Distance STARLINK-31930 - STARLINK-4380,Distance STARLINK-31930 - STARLINK-32045,Distance STARLINK-31930 - STARLINK-1854,Distance STARLINK-31930 - STARLINK-6314,Distance STARLINK-31930 - STARLINK-4533,Distance STARLINK-31930 - STARLINK-30272,Distance STARLINK-31930 - STARLINK-4016,Distance STARLINK-31930 - STARLINK-6175,Distance STARLINK-31930 - STARLINK-4800,Distance STARLINK-31930 - STARLINK-5408,Distance STARLINK-31930 - STARLINK-5174,Distance STARLINK-31930 - STARLINK-6031,Distance STARLINK-31930 - STARLINK-2702,Distance STARLINK-31930 - STARLINK-2220,Distance STARLINK-31930 - STARLINK-2591,Distance STARLINK-31930 - MoonARTEMIS1,Distance STARLINK-31930 - MoonARTEMIS2,Distance STARLINK-31930 - MoonIOAGEO,Distance STARLINK-31930 - MoonIOAGNO,Distance STARLINK-31930 - MoonIOAGNO 0001,Distance STARLINK-31930 - MoonIOAGSO,Distance STARLINK-31930 - MoonIOAGSO 0001,Distance STARLINK-31930 - MoonLRO,Distance STARLINK-31930 - MarsSat1,Distance STARLINK-31930 - MarsSat2,Distance STARLINK-31930 - MarsSat3,Distance STARLINK-31930 - MarsSat4,Distance STARLINK-2452 - STARLINK-32025,Distance STARLINK-2452 - STARLINK-5581,Distance STARLINK-2452 - STARLINK-32017,Distance STARLINK-2452 - STARLINK-31120,Distance STARLINK-2452 - STARLINK-4445,Distance STARLINK-2452 - STARLINK-31557,Distance STARLINK-2452 - STARLINK-30968,Distance STARLINK-2452 - STARLINK-11288 [DTC],Distance STARLINK-2452 - STARLINK-30583,Distance STARLINK-2452 - STARLINK-5320,Distance STARLINK-2452 - STARLINK-31062,Distance STARLINK-2452 - STARLINK-3398,Distance STARLINK-2452 - STARLINK-3625,Distance STARLINK-2452 - STARLINK-30570,Distance STARLINK-2452 - STARLINK-5582,Distance STARLINK-2452 - STARLINK-3147,Distance STARLINK-2452 - STARLINK-5684,Distance STARLINK-2452 - STARLINK-4380,Distance STARLINK-2452 - STARLINK-32045,Distance STARLINK-2452 - STARLINK-1854,Distance STARLINK-2452 - STARLINK-6314,Distance STARLINK-2452 - STARLINK-4533,Distance STARLINK-2452 - STARLINK-30272,Distance STARLINK-2452 - STARLINK-4016,Distance STARLINK-2452 - STARLINK-6175,Distance STARLINK-2452 - STARLINK-4800,Distance STARLINK-2452 - STARLINK-5408,Distance STARLINK-2452 - STARLINK-5174,Distance STARLINK-2452 - STARLINK-6031,Distance STARLINK-2452 - STARLINK-2702,Distance STARLINK-2452 - STARLINK-2220,Distance STARLINK-2452 - STARLINK-2591,Distance STARLINK-2452 - MoonARTEMIS1,Distance STARLINK-2452 - MoonARTEMIS2,Distance STARLINK-2452 - MoonIOAGEO,Distance STARLINK-2452 - MoonIOAGNO,Distance STARLINK-2452 - MoonIOAGNO 0001,Distance STARLINK-2452 - MoonIOAGSO,Distance STARLINK-2452 - MoonIOAGSO 0001,Distance STARLINK-2452 - MoonLRO,Distance STARLINK-2452 - MarsSat1,Distance STARLINK-2452 - MarsSat2,Distance STARLINK-2452 - MarsSat3,Distance STARLINK-2452 - MarsSat4,Distance STARLINK-32025 - STARLINK-5581,Distance STARLINK-32025 - STARLINK-32017,Distance STARLINK-32025 - STARLINK-31120,Distance STARLINK-32025 - STARLINK-4445,Distance STARLINK-32025 - STARLINK-31557,Distance STARLINK-32025 - STARLINK-30968,Distance STARLINK-32025 - STARLINK-11288 [DTC],Distance STARLINK-32025 - STARLINK-30583,Distance STARLINK-32025 - STARLINK-5320,Distance STARLINK-32025 - STARLINK-31062,Distance STARLINK-32025 - STARLINK-3398,Distance STARLINK-32025 - STARLINK-3625,Distance STARLINK-32025 - STARLINK-30570,Distance STARLINK-32025 - STARLINK-5582,Distance STARLINK-32025 - STARLINK-3147,Distance STARLINK-32025 - STARLINK-5684,Distance STARLINK-32025 - STARLINK-4380,Distance STARLINK-32025 - STARLINK-32045,Distance STARLINK-32025 - STARLINK-1854,Distance STARLINK-32025 - STARLINK-6314,Distance STARLINK-32025 - STARLINK-4533,Distance STARLINK-32025 - STARLINK-30272,Distance STARLINK-32025 - STARLINK-4016,Distance STARLINK-32025 - STARLINK-6175,Distance STARLINK-32025 - STARLINK-4800,Distance STARLINK-32025 - STARLINK-5408,Distance STARLINK-32025 - STARLINK-5174,Distance STARLINK-32025 - STARLINK-6031,Distance STARLINK-32025 - STARLINK-2702,Distance STARLINK-32025 - STARLINK-2220,Distance STARLINK-32025 - STARLINK-2591,Distance STARLINK-32025 - MoonARTEMIS1,Distance STARLINK-32025 - MoonARTEMIS2,Distance STARLINK-32025 - MoonIOAGEO,Distance STARLINK-32025 - MoonIOAGNO,Distance STARLINK-32025 - MoonIOAGNO 0001,Distance STARLINK-32025 - MoonIOAGSO,Distance STARLINK-32025 - MoonIOAGSO 0001,Distance STARLINK-32025 - MoonLRO,Distance STARLINK-32025 - MarsSat1,Distance STARLINK-32025 - MarsSat2,Distance STARLINK-32025 - MarsSat3,Distance STARLINK-32025 - MarsSat4,Distance STARLINK-5581 - STARLINK-32017,Distance STARLINK-5581 - STARLINK-31120,Distance STARLINK-5581 - STARLINK-4445,Distance STARLINK-5581 - STARLINK-31557,Distance STARLINK-5581 - STARLINK-30968,Distance STARLINK-5581 - STARLINK-11288 [DTC],Distance STARLINK-5581 - STARLINK-30583,Distance STARLINK-5581 - STARLINK-5320,Distance STARLINK-5581 - STARLINK-31062,Distance STARLINK-5581 - STARLINK-3398,Distance STARLINK-5581 - STARLINK-3625,Distance STARLINK-5581 - STARLINK-30570,Distance STARLINK-5581 - STARLINK-5582,Distance STARLINK-5581 - STARLINK-3147,Distance STARLINK-5581 - STARLINK-5684,Distance STARLINK-5581 - STARLINK-4380,Distance STARLINK-5581 - STARLINK-32045,Distance STARLINK-5581 - STARLINK-1854,Distance STARLINK-5581 - STARLINK-6314,Distance STARLINK-5581 - STARLINK-4533,Distance STARLINK-5581 - STARLINK-30272,Distance STARLINK-5581 - STARLINK-4016,Distance STARLINK-5581 - STARLINK-6175,Distance STARLINK-5581 - STARLINK-4800,Distance STARLINK-5581 - STARLINK-5408,Distance STARLINK-5581 - STARLINK-5174,Distance STARLINK-5581 - STARLINK-6031,Distance STARLINK-5581 - STARLINK-2702,Distance STARLINK-5581 - STARLINK-2220,Distance STARLINK-5581 - STARLINK-2591,Distance STARLINK-5581 - MoonARTEMIS1,Distance STARLINK-5581 - MoonARTEMIS2,Distance STARLINK-5581 - MoonIOAGEO,Distance STARLINK-5581 - MoonIOAGNO,Distance STARLINK-5581 - MoonIOAGNO 0001,Distance STARLINK-5581 - MoonIOAGSO,Distance STARLINK-5581 - MoonIOAGSO 0001,Distance STARLINK-5581 - MoonLRO,Distance STARLINK-5581 - MarsSat1,Distance STARLINK-5581 - MarsSat2,Distance STARLINK-5581 - MarsSat3,Distance STARLINK-5581 - MarsSat4,Distance STARLINK-32017 - STARLINK-31120,Distance STARLINK-32017 - STARLINK-4445,Distance STARLINK-32017 - STARLINK-31557,Distance STARLINK-32017 - STARLINK-30968,Distance STARLINK-32017 - STARLINK-11288 [DTC],Distance STARLINK-32017 - STARLINK-30583,Distance STARLINK-32017 - STARLINK-5320,Distance STARLINK-32017 - STARLINK-31062,Distance STARLINK-32017 - STARLINK-3398,Distance STARLINK-32017 - STARLINK-3625,Distance STARLINK-32017 - STARLINK-30570,Distance STARLINK-32017 - STARLINK-5582,Distance STARLINK-32017 - STARLINK-3147,Distance STARLINK-32017 - STARLINK-5684,Distance STARLINK-32017 - STARLINK-4380,Distance STARLINK-32017 - STARLINK-32045,Distance STARLINK-32017 - STARLINK-1854,Distance STARLINK-32017 - STARLINK-6314,Distance STARLINK-32017 - STARLINK-4533,Distance STARLINK-32017 - STARLINK-30272,Distance STARLINK-32017 - STARLINK-4016,Distance STARLINK-32017 - STARLINK-6175,Distance STARLINK-32017 - STARLINK-4800,Distance STARLINK-32017 - STARLINK-5408,Distance STARLINK-32017 - STARLINK-5174,Distance STARLINK-32017 - STARLINK-6031,Distance STARLINK-32017 - STARLINK-2702,Distance STARLINK-32017 - STARLINK-2220,Distance STARLINK-32017 - STARLINK-2591,Distance STARLINK-32017 - MoonARTEMIS1,Distance STARLINK-32017 - MoonARTEMIS2,Distance STARLINK-32017 - MoonIOAGEO,Distance STARLINK-32017 - MoonIOAGNO,Distance STARLINK-32017 - MoonIOAGNO 0001,Distance STARLINK-32017 - MoonIOAGSO,Distance STARLINK-32017 - MoonIOAGSO 0001,Distance STARLINK-32017 - MoonLRO,Distance STARLINK-32017 - MarsSat1,Distance STARLINK-32017 - MarsSat2,Distance STARLINK-32017 - MarsSat3,Distance STARLINK-32017 - MarsSat4,Distance STARLINK-31120 - STARLINK-4445,Distance STARLINK-31120 - STARLINK-31557,Distance STARLINK-31120 - STARLINK-30968,Distance STARLINK-31120 - STARLINK-11288 [DTC],Distance STARLINK-31120 - STARLINK-30583,Distance STARLINK-31120 - STARLINK-5320,Distance STARLINK-31120 - STARLINK-31062,Distance STARLINK-31120 - STARLINK-3398,Distance STARLINK-31120 - STARLINK-3625,Distance STARLINK-31120 - STARLINK-30570,Distance STARLINK-31120 - STARLINK-5582,Distance STARLINK-31120 - STARLINK-3147,Distance STARLINK-31120 - STARLINK-5684,Distance STARLINK-31120 - STARLINK-4380,Distance STARLINK-31120 - STARLINK-32045,Distance STARLINK-31120 - STARLINK-1854,Distance STARLINK-31120 - STARLINK-6314,Distance STARLINK-31120 - STARLINK-4533,Distance STARLINK-31120 - STARLINK-30272,Distance STARLINK-31120 - STARLINK-4016,Distance STARLINK-31120 - STARLINK-6175,Distance STARLINK-31120 - STARLINK-4800,Distance STARLINK-31120 - STARLINK-5408,Distance STARLINK-31120 - STARLINK-5174,Distance STARLINK-31120 - STARLINK-6031,Distance STARLINK-31120 - STARLINK-2702,Distance STARLINK-31120 - STARLINK-2220,Distance STARLINK-31120 - STARLINK-2591,Distance STARLINK-31120 - MoonARTEMIS1,Distance STARLINK-31120 - MoonARTEMIS2,Distance STARLINK-31120 - MoonIOAGEO,Distance STARLINK-31120 - MoonIOAGNO,Distance STARLINK-31120 - MoonIOAGNO 0001,Distance STARLINK-31120 - MoonIOAGSO,Distance STARLINK-31120 - MoonIOAGSO 0001,Distance STARLINK-31120 - MoonLRO,Distance STARLINK-31120 - MarsSat1,Distance STARLINK-31120 - MarsSat2,Distance STARLINK-31120 - MarsSat3,Distance STARLINK-31120 - MarsSat4,Distance STARLINK-4445 - STARLINK-31557,Distance STARLINK-4445 - STARLINK-30968,Distance STARLINK-4445 - STARLINK-11288 [DTC],Distance STARLINK-4445 - STARLINK-30583,Distance STARLINK-4445 - STARLINK-5320,Distance STARLINK-4445 - STARLINK-31062,Distance STARLINK-4445 - STARLINK-3398,Distance STARLINK-4445 - STARLINK-3625,Distance STARLINK-4445 - STARLINK-30570,Distance STARLINK-4445 - STARLINK-5582,Distance STARLINK-4445 - STARLINK-3147,Distance STARLINK-4445 - STARLINK-5684,Distance STARLINK-4445 - STARLINK-4380,Distance STARLINK-4445 - STARLINK-32045,Distance STARLINK-4445 - STARLINK-1854,Distance STARLINK-4445 - STARLINK-6314,Distance STARLINK-4445 - STARLINK-4533,Distance STARLINK-4445 - STARLINK-30272,Distance STARLINK-4445 - STARLINK-4016,Distance STARLINK-4445 - STARLINK-6175,Distance STARLINK-4445 - STARLINK-4800,Distance STARLINK-4445 - STARLINK-5408,Distance STARLINK-4445 - STARLINK-5174,Distance STARLINK-4445 - STARLINK-6031,Distance STARLINK-4445 - STARLINK-2702,Distance STARLINK-4445 - STARLINK-2220,Distance STARLINK-4445 - STARLINK-2591,Distance STARLINK-4445 - MoonARTEMIS1,Distance STARLINK-4445 - MoonARTEMIS2,Distance STARLINK-4445 - MoonIOAGEO,Distance STARLINK-4445 - MoonIOAGNO,Distance STARLINK-4445 - MoonIOAGNO 0001,Distance STARLINK-4445 - MoonIOAGSO,Distance STARLINK-4445 - MoonIOAGSO 0001,Distance STARLINK-4445 - MoonLRO,Distance STARLINK-4445 - MarsSat1,Distance STARLINK-4445 - MarsSat2,Distance STARLINK-4445 - MarsSat3,Distance STARLINK-4445 - MarsSat4,Distance STARLINK-31557 - STARLINK-30968,Distance STARLINK-31557 - STARLINK-11288 [DTC],Distance STARLINK-31557 - STARLINK-30583,Distance STARLINK-31557 - STARLINK-5320,Distance STARLINK-31557 - STARLINK-31062,Distance STARLINK-31557 - STARLINK-3398,Distance STARLINK-31557 - STARLINK-3625,Distance STARLINK-31557 - STARLINK-30570,Distance STARLINK-31557 - STARLINK-5582,Distance STARLINK-31557 - STARLINK-3147,Distance STARLINK-31557 - STARLINK-5684,Distance STARLINK-31557 - STARLINK-4380,Distance STARLINK-31557 - STARLINK-32045,Distance STARLINK-31557 - STARLINK-1854,Distance STARLINK-31557 - STARLINK-6314,Distance STARLINK-31557 - STARLINK-4533,Distance STARLINK-31557 - STARLINK-30272,Distance STARLINK-31557 - STARLINK-4016,Distance STARLINK-31557 - STARLINK-6175,Distance STARLINK-31557 - STARLINK-4800,Distance STARLINK-31557 - STARLINK-5408,Distance STARLINK-31557 - STARLINK-5174,Distance STARLINK-31557 - STARLINK-6031,Distance STARLINK-31557 - STARLINK-2702,Distance STARLINK-31557 - STARLINK-2220,Distance STARLINK-31557 - STARLINK-2591,Distance STARLINK-31557 - MoonARTEMIS1,Distance STARLINK-31557 - MoonARTEMIS2,Distance STARLINK-31557 - MoonIOAGEO,Distance STARLINK-31557 - MoonIOAGNO,Distance STARLINK-31557 - MoonIOAGNO 0001,Distance STARLINK-31557 - MoonIOAGSO,Distance STARLINK-31557 - MoonIOAGSO 0001,Distance STARLINK-31557 - MoonLRO,Distance STARLINK-31557 - MarsSat1,Distance STARLINK-31557 - MarsSat2,Distance STARLINK-31557 - MarsSat3,Distance STARLINK-31557 - MarsSat4,Distance STARLINK-30968 - STARLINK-11288 [DTC],Distance STARLINK-30968 - STARLINK-30583,Distance STARLINK-30968 - STARLINK-5320,Distance STARLINK-30968 - STARLINK-31062,Distance STARLINK-30968 - STARLINK-3398,Distance STARLINK-30968 - STARLINK-3625,Distance STARLINK-30968 - STARLINK-30570,Distance STARLINK-30968 - STARLINK-5582,Distance STARLINK-30968 - STARLINK-3147,Distance STARLINK-30968 - STARLINK-5684,Distance STARLINK-30968 - STARLINK-4380,Distance STARLINK-30968 - STARLINK-32045,Distance STARLINK-30968 - STARLINK-1854,Distance STARLINK-30968 - STARLINK-6314,Distance STARLINK-30968 - STARLINK-4533,Distance STARLINK-30968 - STARLINK-30272,Distance STARLINK-30968 - STARLINK-4016,Distance STARLINK-30968 - STARLINK-6175,Distance STARLINK-30968 - STARLINK-4800,Distance STARLINK-30968 - STARLINK-5408,Distance STARLINK-30968 - STARLINK-5174,Distance STARLINK-30968 - STARLINK-6031,Distance STARLINK-30968 - STARLINK-2702,Distance STARLINK-30968 - STARLINK-2220,Distance STARLINK-30968 - STARLINK-2591,Distance STARLINK-30968 - MoonARTEMIS1,Distance STARLINK-30968 - MoonARTEMIS2,Distance STARLINK-30968 - MoonIOAGEO,Distance STARLINK-30968 - MoonIOAGNO,Distance STARLINK-30968 - MoonIOAGNO 0001,Distance STARLINK-30968 - MoonIOAGSO,Distance STARLINK-30968 - MoonIOAGSO 0001,Distance STARLINK-30968 - MoonLRO,Distance STARLINK-30968 - MarsSat1,Distance STARLINK-30968 - MarsSat2,Distance STARLINK-30968 - MarsSat3,Distance STARLINK-30968 - MarsSat4,Distance STARLINK-11288 [DTC] - STARLINK-30583,Distance STARLINK-11288 [DTC] - STARLINK-5320,Distance STARLINK-11288 [DTC] - STARLINK-31062,Distance STARLINK-11288 [DTC] - STARLINK-3398,Distance STARLINK-11288 [DTC] - STARLINK-3625,Distance STARLINK-11288 [DTC] - STARLINK-30570,Distance STARLINK-11288 [DTC] - STARLINK-5582,Distance STARLINK-11288 [DTC] - STARLINK-3147,Distance STARLINK-11288 [DTC] - STARLINK-5684,Distance STARLINK-11288 [DTC] - STARLINK-4380,Distance STARLINK-11288 [DTC] - STARLINK-32045,Distance STARLINK-11288 [DTC] - STARLINK-1854,Distance STARLINK-11288 [DTC] - STARLINK-6314,Distance STARLINK-11288 [DTC] - STARLINK-4533,Distance STARLINK-11288 [DTC] - STARLINK-30272,Distance STARLINK-11288 [DTC] - STARLINK-4016,Distance STARLINK-11288 [DTC] - STARLINK-6175,Distance STARLINK-11288 [DTC] - STARLINK-4800,Distance STARLINK-11288 [DTC] - STARLINK-5408,Distance STARLINK-11288 [DTC] - STARLINK-5174,Distance STARLINK-11288 [DTC] - STARLINK-6031,Distance STARLINK-11288 [DTC] - STARLINK-2702,Distance STARLINK-11288 [DTC] - STARLINK-2220,Distance STARLINK-11288 [DTC] - STARLINK-2591,Distance STARLINK-11288 [DTC] - MoonARTEMIS1,Distance STARLINK-11288 [DTC] - MoonARTEMIS2,Distance STARLINK-11288 [DTC] - MoonIOAGEO,Distance STARLINK-11288 [DTC] - MoonIOAGNO,Distance STARLINK-11288 [DTC] - MoonIOAGNO 0001,Distance STARLINK-11288 [DTC] - MoonIOAGSO,Distance STARLINK-11288 [DTC] - MoonIOAGSO 0001,Distance STARLINK-11288 [DTC] - MoonLRO,Distance STARLINK-11288 [DTC] - MarsSat1,Distance STARLINK-11288 [DTC] - MarsSat2,Distance STARLINK-11288 [DTC] - MarsSat3,Distance STARLINK-11288 [DTC] - MarsSat4,Distance STARLINK-30583 - STARLINK-5320,Distance STARLINK-30583 - STARLINK-31062,Distance STARLINK-30583 - STARLINK-3398,Distance STARLINK-30583 - STARLINK-3625,Distance STARLINK-30583 - STARLINK-30570,Distance STARLINK-30583 - STARLINK-5582,Distance STARLINK-30583 - STARLINK-3147,Distance STARLINK-30583 - STARLINK-5684,Distance STARLINK-30583 - STARLINK-4380,Distance STARLINK-30583 - STARLINK-32045,Distance STARLINK-30583 - STARLINK-1854,Distance STARLINK-30583 - STARLINK-6314,Distance STARLINK-30583 - STARLINK-4533,Distance STARLINK-30583 - STARLINK-30272,Distance STARLINK-30583 - STARLINK-4016,Distance STARLINK-30583 - STARLINK-6175,Distance STARLINK-30583 - STARLINK-4800,Distance STARLINK-30583 - STARLINK-5408,Distance STARLINK-30583 - STARLINK-5174,Distance STARLINK-30583 - STARLINK-6031,Distance STARLINK-30583 - STARLINK-2702,Distance STARLINK-30583 - STARLINK-2220,Distance STARLINK-30583 - STARLINK-2591,Distance STARLINK-30583 - MoonARTEMIS1,Distance STARLINK-30583 - MoonARTEMIS2,Distance STARLINK-30583 - MoonIOAGEO,Distance STARLINK-30583 - MoonIOAGNO,Distance STARLINK-30583 - MoonIOAGNO 0001,Distance STARLINK-30583 - MoonIOAGSO,Distance STARLINK-30583 - MoonIOAGSO 0001,Distance STARLINK-30583 - MoonLRO,Distance STARLINK-30583 - MarsSat1,Distance STARLINK-30583 - MarsSat2,Distance STARLINK-30583 - MarsSat3,Distance STARLINK-30583 - MarsSat4,Distance STARLINK-5320 - STARLINK-31062,Distance STARLINK-5320 - STARLINK-3398,Distance STARLINK-5320 - STARLINK-3625,Distance STARLINK-5320 - STARLINK-30570,Distance STARLINK-5320 - STARLINK-5582,Distance STARLINK-5320 - STARLINK-3147,Distance STARLINK-5320 - STARLINK-5684,Distance STARLINK-5320 - STARLINK-4380,Distance STARLINK-5320 - STARLINK-32045,Distance STARLINK-5320 - STARLINK-1854,Distance STARLINK-5320 - STARLINK-6314,Distance STARLINK-5320 - STARLINK-4533,Distance STARLINK-5320 - STARLINK-30272,Distance STARLINK-5320 - STARLINK-4016,Distance STARLINK-5320 - STARLINK-6175,Distance STARLINK-5320 - STARLINK-4800,Distance STARLINK-5320 - STARLINK-5408,Distance STARLINK-5320 - STARLINK-5174,Distance STARLINK-5320 - STARLINK-6031,Distance STARLINK-5320 - STARLINK-2702,Distance STARLINK-5320 - STARLINK-2220,Distance STARLINK-5320 - STARLINK-2591,Distance STARLINK-5320 - MoonARTEMIS1,Distance STARLINK-5320 - MoonARTEMIS2,Distance STARLINK-5320 - MoonIOAGEO,Distance STARLINK-5320 - MoonIOAGNO,Distance STARLINK-5320 - MoonIOAGNO 0001,Distance STARLINK-5320 - MoonIOAGSO,Distance STARLINK-5320 - MoonIOAGSO 0001,Distance STARLINK-5320 - MoonLRO,Distance STARLINK-5320 - MarsSat1,Distance STARLINK-5320 - MarsSat2,Distance STARLINK-5320 - MarsSat3,Distance STARLINK-5320 - MarsSat4,Distance STARLINK-31062 - STARLINK-3398,Distance STARLINK-31062 - STARLINK-3625,Distance STARLINK-31062 - STARLINK-30570,Distance STARLINK-31062 - STARLINK-5582,Distance STARLINK-31062 - STARLINK-3147,Distance STARLINK-31062 - STARLINK-5684,Distance STARLINK-31062 - STARLINK-4380,Distance STARLINK-31062 - STARLINK-32045,Distance STARLINK-31062 - STARLINK-1854,Distance STARLINK-31062 - STARLINK-6314,Distance STARLINK-31062 - STARLINK-4533,Distance STARLINK-31062 - STARLINK-30272,Distance STARLINK-31062 - STARLINK-4016,Distance STARLINK-31062 - STARLINK-6175,Distance STARLINK-31062 - STARLINK-4800,Distance STARLINK-31062 - STARLINK-5408,Distance STARLINK-31062 - STARLINK-5174,Distance STARLINK-31062 - STARLINK-6031,Distance STARLINK-31062 - STARLINK-2702,Distance STARLINK-31062 - STARLINK-2220,Distance STARLINK-31062 - STARLINK-2591,Distance STARLINK-31062 - MoonARTEMIS1,Distance STARLINK-31062 - MoonARTEMIS2,Distance STARLINK-31062 - MoonIOAGEO,Distance STARLINK-31062 - MoonIOAGNO,Distance STARLINK-31062 - MoonIOAGNO 0001,Distance STARLINK-31062 - MoonIOAGSO,Distance STARLINK-31062 - MoonIOAGSO 0001,Distance STARLINK-31062 - MoonLRO,Distance STARLINK-31062 - MarsSat1,Distance STARLINK-31062 - MarsSat2,Distance STARLINK-31062 - MarsSat3,Distance STARLINK-31062 - MarsSat4,Distance STARLINK-3398 - STARLINK-3625,Distance STARLINK-3398 - STARLINK-30570,Distance STARLINK-3398 - STARLINK-5582,Distance STARLINK-3398 - STARLINK-3147,Distance STARLINK-3398 - STARLINK-5684,Distance STARLINK-3398 - STARLINK-4380,Distance STARLINK-3398 - STARLINK-32045,Distance STARLINK-3398 - STARLINK-1854,Distance STARLINK-3398 - STARLINK-6314,Distance STARLINK-3398 - STARLINK-4533,Distance STARLINK-3398 - STARLINK-30272,Distance STARLINK-3398 - STARLINK-4016,Distance STARLINK-3398 - STARLINK-6175,Distance STARLINK-3398 - STARLINK-4800,Distance STARLINK-3398 - STARLINK-5408,Distance STARLINK-3398 - STARLINK-5174,Distance STARLINK-3398 - STARLINK-6031,Distance STARLINK-3398 - STARLINK-2702,Distance STARLINK-3398 - STARLINK-2220,Distance STARLINK-3398 - STARLINK-2591,Distance STARLINK-3398 - MoonARTEMIS1,Distance STARLINK-3398 - MoonARTEMIS2,Distance STARLINK-3398 - MoonIOAGEO,Distance STARLINK-3398 - MoonIOAGNO,Distance STARLINK-3398 - MoonIOAGNO 0001,Distance STARLINK-3398 - MoonIOAGSO,Distance STARLINK-3398 - MoonIOAGSO 0001,Distance STARLINK-3398 - MoonLRO,Distance STARLINK-3398 - MarsSat1,Distance STARLINK-3398 - MarsSat2,Distance STARLINK-3398 - MarsSat3,Distance STARLINK-3398 - MarsSat4,Distance STARLINK-3625 - STARLINK-30570,Distance STARLINK-3625 - STARLINK-5582,Distance STARLINK-3625 - STARLINK-3147,Distance STARLINK-3625 - STARLINK-5684,Distance STARLINK-3625 - STARLINK-4380,Distance STARLINK-3625 - STARLINK-32045,Distance STARLINK-3625 - STARLINK-1854,Distance STARLINK-3625 - STARLINK-6314,Distance STARLINK-3625 - STARLINK-4533,Distance STARLINK-3625 - STARLINK-30272,Distance STARLINK-3625 - STARLINK-4016,Distance STARLINK-3625 - STARLINK-6175,Distance STARLINK-3625 - STARLINK-4800,Distance STARLINK-3625 - STARLINK-5408,Distance STARLINK-3625 - STARLINK-5174,Distance STARLINK-3625 - STARLINK-6031,Distance STARLINK-3625 - STARLINK-2702,Distance STARLINK-3625 - STARLINK-2220,Distance STARLINK-3625 - STARLINK-2591,Distance STARLINK-3625 - MoonARTEMIS1,Distance STARLINK-3625 - MoonARTEMIS2,Distance STARLINK-3625 - MoonIOAGEO,Distance STARLINK-3625 - MoonIOAGNO,Distance STARLINK-3625 - MoonIOAGNO 0001,Distance STARLINK-3625 - MoonIOAGSO,Distance STARLINK-3625 - MoonIOAGSO 0001,Distance STARLINK-3625 - MoonLRO,Distance STARLINK-3625 - MarsSat1,Distance STARLINK-3625 - MarsSat2,Distance STARLINK-3625 - MarsSat3,Distance STARLINK-3625 - MarsSat4,Distance STARLINK-30570 - STARLINK-5582,Distance STARLINK-30570 - STARLINK-3147,Distance STARLINK-30570 - STARLINK-5684,Distance STARLINK-30570 - STARLINK-4380,Distance STARLINK-30570 - STARLINK-32045,Distance STARLINK-30570 - STARLINK-1854,Distance STARLINK-30570 - STARLINK-6314,Distance STARLINK-30570 - STARLINK-4533,Distance STARLINK-30570 - STARLINK-30272,Distance STARLINK-30570 - STARLINK-4016,Distance STARLINK-30570 - STARLINK-6175,Distance STARLINK-30570 - STARLINK-4800,Distance STARLINK-30570 - STARLINK-5408,Distance STARLINK-30570 - STARLINK-5174,Distance STARLINK-30570 - STARLINK-6031,Distance STARLINK-30570 - STARLINK-2702,Distance STARLINK-30570 - STARLINK-2220,Distance STARLINK-30570 - STARLINK-2591,Distance STARLINK-30570 - MoonARTEMIS1,Distance STARLINK-30570 - MoonARTEMIS2,Distance STARLINK-30570 - MoonIOAGEO,Distance STARLINK-30570 - MoonIOAGNO,Distance STARLINK-30570 - MoonIOAGNO 0001,Distance STARLINK-30570 - MoonIOAGSO,Distance STARLINK-30570 - MoonIOAGSO 0001,Distance STARLINK-30570 - MoonLRO,Distance STARLINK-30570 - MarsSat1,Distance STARLINK-30570 - MarsSat2,Distance STARLINK-30570 - MarsSat3,Distance STARLINK-30570 - MarsSat4,Distance STARLINK-5582 - STARLINK-3147,Distance STARLINK-5582 - STARLINK-5684,Distance STARLINK-5582 - STARLINK-4380,Distance STARLINK-5582 - STARLINK-32045,Distance STARLINK-5582 - STARLINK-1854,Distance STARLINK-5582 - STARLINK-6314,Distance STARLINK-5582 - STARLINK-4533,Distance STARLINK-5582 - STARLINK-30272,Distance STARLINK-5582 - STARLINK-4016,Distance STARLINK-5582 - STARLINK-6175,Distance STARLINK-5582 - STARLINK-4800,Distance STARLINK-5582 - STARLINK-5408,Distance STARLINK-5582 - STARLINK-5174,Distance STARLINK-5582 - STARLINK-6031,Distance STARLINK-5582 - STARLINK-2702,Distance STARLINK-5582 - STARLINK-2220,Distance STARLINK-5582 - STARLINK-2591,Distance STARLINK-5582 - MoonARTEMIS1,Distance STARLINK-5582 - MoonARTEMIS2,Distance STARLINK-5582 - MoonIOAGEO,Distance STARLINK-5582 - MoonIOAGNO,Distance STARLINK-5582 - MoonIOAGNO 0001,Distance STARLINK-5582 - MoonIOAGSO,Distance STARLINK-5582 - MoonIOAGSO 0001,Distance STARLINK-5582 - MoonLRO,Distance STARLINK-5582 - MarsSat1,Distance STARLINK-5582 - MarsSat2,Distance STARLINK-5582 - MarsSat3,Distance STARLINK-5582 - MarsSat4,Distance STARLINK-3147 - STARLINK-5684,Distance STARLINK-3147 - STARLINK-4380,Distance STARLINK-3147 - STARLINK-32045,Distance STARLINK-3147 - STARLINK-1854,Distance STARLINK-3147 - STARLINK-6314,Distance STARLINK-3147 - STARLINK-4533,Distance STARLINK-3147 - STARLINK-30272,Distance STARLINK-3147 - STARLINK-4016,Distance STARLINK-3147 - STARLINK-6175,Distance STARLINK-3147 - STARLINK-4800,Distance STARLINK-3147 - STARLINK-5408,Distance STARLINK-3147 - STARLINK-5174,Distance STARLINK-3147 - STARLINK-6031,Distance STARLINK-3147 - STARLINK-2702,Distance STARLINK-3147 - STARLINK-2220,Distance STARLINK-3147 - STARLINK-2591,Distance STARLINK-3147 - MoonARTEMIS1,Distance STARLINK-3147 - MoonARTEMIS2,Distance STARLINK-3147 - MoonIOAGEO,Distance STARLINK-3147 - MoonIOAGNO,Distance STARLINK-3147 - MoonIOAGNO 0001,Distance STARLINK-3147 - MoonIOAGSO,Distance STARLINK-3147 - MoonIOAGSO 0001,Distance STARLINK-3147 - MoonLRO,Distance STARLINK-3147 - MarsSat1,Distance STARLINK-3147 - MarsSat2,Distance STARLINK-3147 - MarsSat3,Distance STARLINK-3147 - MarsSat4,Distance STARLINK-5684 - STARLINK-4380,Distance STARLINK-5684 - STARLINK-32045,Distance STARLINK-5684 - STARLINK-1854,Distance STARLINK-5684 - STARLINK-6314,Distance STARLINK-5684 - STARLINK-4533,Distance STARLINK-5684 - STARLINK-30272,Distance STARLINK-5684 - STARLINK-4016,Distance STARLINK-5684 - STARLINK-6175,Distance STARLINK-5684 - STARLINK-4800,Distance STARLINK-5684 - STARLINK-5408,Distance STARLINK-5684 - STARLINK-5174,Distance STARLINK-5684 - STARLINK-6031,Distance STARLINK-5684 - STARLINK-2702,Distance STARLINK-5684 - STARLINK-2220,Distance STARLINK-5684 - STARLINK-2591,Distance STARLINK-5684 - MoonARTEMIS1,Distance STARLINK-5684 - MoonARTEMIS2,Distance STARLINK-5684 - MoonIOAGEO,Distance STARLINK-5684 - MoonIOAGNO,Distance STARLINK-5684 - MoonIOAGNO 0001,Distance STARLINK-5684 - MoonIOAGSO,Distance STARLINK-5684 - MoonIOAGSO 0001,Distance STARLINK-5684 - MoonLRO,Distance STARLINK-5684 - MarsSat1,Distance STARLINK-5684 - MarsSat2,Distance STARLINK-5684 - MarsSat3,Distance STARLINK-5684 - MarsSat4,Distance STARLINK-4380 - STARLINK-32045,Distance STARLINK-4380 - STARLINK-1854,Distance STARLINK-4380 - STARLINK-6314,Distance STARLINK-4380 - STARLINK-4533,Distance STARLINK-4380 - STARLINK-30272,Distance STARLINK-4380 - STARLINK-4016,Distance STARLINK-4380 - STARLINK-6175,Distance STARLINK-4380 - STARLINK-4800,Distance STARLINK-4380 - STARLINK-5408,Distance STARLINK-4380 - STARLINK-5174,Distance STARLINK-4380 - STARLINK-6031,Distance STARLINK-4380 - STARLINK-2702,Distance STARLINK-4380 - STARLINK-2220,Distance STARLINK-4380 - STARLINK-2591,Distance STARLINK-4380 - MoonARTEMIS1,Distance STARLINK-4380 - MoonARTEMIS2,Distance STARLINK-4380 - MoonIOAGEO,Distance STARLINK-4380 - MoonIOAGNO,Distance STARLINK-4380 - MoonIOAGNO 0001,Distance STARLINK-4380 - MoonIOAGSO,Distance STARLINK-4380 - MoonIOAGSO 0001,Distance STARLINK-4380 - MoonLRO,Distance STARLINK-4380 - MarsSat1,Distance STARLINK-4380 - MarsSat2,Distance STARLINK-4380 - MarsSat3,Distance STARLINK-4380 - MarsSat4,Distance STARLINK-32045 - STARLINK-1854,Distance STARLINK-32045 - STARLINK-6314,Distance STARLINK-32045 - STARLINK-4533,Distance STARLINK-32045 - STARLINK-30272,Distance STARLINK-32045 - STARLINK-4016,Distance STARLINK-32045 - STARLINK-6175,Distance STARLINK-32045 - STARLINK-4800,Distance STARLINK-32045 - STARLINK-5408,Distance STARLINK-32045 - STARLINK-5174,Distance STARLINK-32045 - STARLINK-6031,Distance STARLINK-32045 - STARLINK-2702,Distance STARLINK-32045 - STARLINK-2220,Distance STARLINK-32045 - STARLINK-2591,Distance STARLINK-32045 - MoonARTEMIS1,Distance STARLINK-32045 - MoonARTEMIS2,Distance STARLINK-32045 - MoonIOAGEO,Distance STARLINK-32045 - MoonIOAGNO,Distance STARLINK-32045 - MoonIOAGNO 0001,Distance STARLINK-32045 - MoonIOAGSO,Distance STARLINK-32045 - MoonIOAGSO 0001,Distance STARLINK-32045 - MoonLRO,Distance STARLINK-32045 - MarsSat1,Distance STARLINK-32045 - MarsSat2,Distance STARLINK-32045 - MarsSat3,Distance STARLINK-32045 - MarsSat4,Distance STARLINK-1854 - STARLINK-6314,Distance STARLINK-1854 - STARLINK-4533,Distance STARLINK-1854 - STARLINK-30272,Distance STARLINK-1854 - STARLINK-4016,Distance STARLINK-1854 - STARLINK-6175,Distance STARLINK-1854 - STARLINK-4800,Distance STARLINK-1854 - STARLINK-5408,Distance STARLINK-1854 - STARLINK-5174,Distance STARLINK-1854 - STARLINK-6031,Distance STARLINK-1854 - STARLINK-2702,Distance STARLINK-1854 - STARLINK-2220,Distance STARLINK-1854 - STARLINK-2591,Distance STARLINK-1854 - MoonARTEMIS1,Distance STARLINK-1854 - MoonARTEMIS2,Distance STARLINK-1854 - MoonIOAGEO,Distance STARLINK-1854 - MoonIOAGNO,Distance STARLINK-1854 - MoonIOAGNO 0001,Distance STARLINK-1854 - MoonIOAGSO,Distance STARLINK-1854 - MoonIOAGSO 0001,Distance STARLINK-1854 - MoonLRO,Distance STARLINK-1854 - MarsSat1,Distance STARLINK-1854 - MarsSat2,Distance STARLINK-1854 - MarsSat3,Distance STARLINK-1854 - MarsSat4,Distance STARLINK-6314 - STARLINK-4533,Distance STARLINK-6314 - STARLINK-30272,Distance STARLINK-6314 - STARLINK-4016,Distance STARLINK-6314 - STARLINK-6175,Distance STARLINK-6314 - STARLINK-4800,Distance STARLINK-6314 - STARLINK-5408,Distance STARLINK-6314 - STARLINK-5174,Distance STARLINK-6314 - STARLINK-6031,Distance STARLINK-6314 - STARLINK-2702,Distance STARLINK-6314 - STARLINK-2220,Distance STARLINK-6314 - STARLINK-2591,Distance STARLINK-6314 - MoonARTEMIS1,Distance STARLINK-6314 - MoonARTEMIS2,Distance STARLINK-6314 - MoonIOAGEO,Distance STARLINK-6314 - MoonIOAGNO,Distance STARLINK-6314 - MoonIOAGNO 0001,Distance STARLINK-6314 - MoonIOAGSO,Distance STARLINK-6314 - MoonIOAGSO 0001,Distance STARLINK-6314 - MoonLRO,Distance STARLINK-6314 - MarsSat1,Distance STARLINK-6314 - MarsSat2,Distance STARLINK-6314 - MarsSat3,Distance STARLINK-6314 - MarsSat4,Distance STARLINK-4533 - STARLINK-30272,Distance STARLINK-4533 - STARLINK-4016,Distance STARLINK-4533 - STARLINK-6175,Distance STARLINK-4533 - STARLINK-4800,Distance STARLINK-4533 - STARLINK-5408,Distance STARLINK-4533 - STARLINK-5174,Distance STARLINK-4533 - STARLINK-6031,Distance STARLINK-4533 - STARLINK-2702,Distance STARLINK-4533 - STARLINK-2220,Distance STARLINK-4533 - STARLINK-2591,Distance STARLINK-4533 - MoonARTEMIS1,Distance STARLINK-4533 - MoonARTEMIS2,Distance STARLINK-4533 - MoonIOAGEO,Distance STARLINK-4533 - MoonIOAGNO,Distance STARLINK-4533 - MoonIOAGNO 0001,Distance STARLINK-4533 - MoonIOAGSO,Distance STARLINK-4533 - MoonIOAGSO 0001,Distance STARLINK-4533 - MoonLRO,Distance STARLINK-4533 - MarsSat1,Distance STARLINK-4533 - MarsSat2,Distance STARLINK-4533 - MarsSat3,Distance STARLINK-4533 - MarsSat4,Distance STARLINK-30272 - STARLINK-4016,Distance STARLINK-30272 - STARLINK-6175,Distance STARLINK-30272 - STARLINK-4800,Distance STARLINK-30272 - STARLINK-5408,Distance STARLINK-30272 - STARLINK-5174,Distance STARLINK-30272 - STARLINK-6031,Distance STARLINK-30272 - STARLINK-2702,Distance STARLINK-30272 - STARLINK-2220,Distance STARLINK-30272 - STARLINK-2591,Distance STARLINK-30272 - MoonARTEMIS1,Distance STARLINK-30272 - MoonARTEMIS2,Distance STARLINK-30272 - MoonIOAGEO,Distance STARLINK-30272 - MoonIOAGNO,Distance STARLINK-30272 - MoonIOAGNO 0001,Distance STARLINK-30272 - MoonIOAGSO,Distance STARLINK-30272 - MoonIOAGSO 0001,Distance STARLINK-30272 - MoonLRO,Distance STARLINK-30272 - MarsSat1,Distance STARLINK-30272 - MarsSat2,Distance STARLINK-30272 - MarsSat3,Distance STARLINK-30272 - MarsSat4,Distance STARLINK-4016 - STARLINK-6175,Distance STARLINK-4016 - STARLINK-4800,Distance STARLINK-4016 - STARLINK-5408,Distance STARLINK-4016 - STARLINK-5174,Distance STARLINK-4016 - STARLINK-6031,Distance STARLINK-4016 - STARLINK-2702,Distance STARLINK-4016 - STARLINK-2220,Distance STARLINK-4016 - STARLINK-2591,Distance STARLINK-4016 - MoonARTEMIS1,Distance STARLINK-4016 - MoonARTEMIS2,Distance STARLINK-4016 - MoonIOAGEO,Distance STARLINK-4016 - MoonIOAGNO,Distance STARLINK-4016 - MoonIOAGNO 0001,Distance STARLINK-4016 - MoonIOAGSO,Distance STARLINK-4016 - MoonIOAGSO 0001,Distance STARLINK-4016 - MoonLRO,Distance STARLINK-4016 - MarsSat1,Distance STARLINK-4016 - MarsSat2,Distance STARLINK-4016 - MarsSat3,Distance STARLINK-4016 - MarsSat4,Distance STARLINK-6175 - STARLINK-4800,Distance STARLINK-6175 - STARLINK-5408,Distance STARLINK-6175 - STARLINK-5174,Distance STARLINK-6175 - STARLINK-6031,Distance STARLINK-6175 - STARLINK-2702,Distance STARLINK-6175 - STARLINK-2220,Distance STARLINK-6175 - STARLINK-2591,Distance STARLINK-6175 - MoonARTEMIS1,Distance STARLINK-6175 - MoonARTEMIS2,Distance STARLINK-6175 - MoonIOAGEO,Distance STARLINK-6175 - MoonIOAGNO,Distance STARLINK-6175 - MoonIOAGNO 0001,Distance STARLINK-6175 - MoonIOAGSO,Distance STARLINK-6175 - MoonIOAGSO 0001,Distance STARLINK-6175 - MoonLRO,Distance STARLINK-6175 - MarsSat1,Distance STARLINK-6175 - MarsSat2,Distance STARLINK-6175 - MarsSat3,Distance STARLINK-6175 - MarsSat4,Distance STARLINK-4800 - STARLINK-5408,Distance STARLINK-4800 - STARLINK-5174,Distance STARLINK-4800 - STARLINK-6031,Distance STARLINK-4800 - STARLINK-2702,Distance STARLINK-4800 - STARLINK-2220,Distance STARLINK-4800 - STARLINK-2591,Distance STARLINK-4800 - MoonARTEMIS1,Distance STARLINK-4800 - MoonARTEMIS2,Distance STARLINK-4800 - MoonIOAGEO,Distance STARLINK-4800 - MoonIOAGNO,Distance STARLINK-4800 - MoonIOAGNO 0001,Distance STARLINK-4800 - MoonIOAGSO,Distance STARLINK-4800 - MoonIOAGSO 0001,Distance STARLINK-4800 - MoonLRO,Distance STARLINK-4800 - MarsSat1,Distance STARLINK-4800 - MarsSat2,Distance STARLINK-4800 - MarsSat3,Distance STARLINK-4800 - MarsSat4,Distance STARLINK-5408 - STARLINK-5174,Distance STARLINK-5408 - STARLINK-6031,Distance STARLINK-5408 - STARLINK-2702,Distance STARLINK-5408 - STARLINK-2220,Distance STARLINK-5408 - STARLINK-2591,Distance STARLINK-5408 - MoonARTEMIS1,Distance STARLINK-5408 - MoonARTEMIS2,Distance STARLINK-5408 - MoonIOAGEO,Distance STARLINK-5408 - MoonIOAGNO,Distance STARLINK-5408 - MoonIOAGNO 0001,Distance STARLINK-5408 - MoonIOAGSO,Distance STARLINK-5408 - MoonIOAGSO 0001,Distance STARLINK-5408 - MoonLRO,Distance STARLINK-5408 - MarsSat1,Distance STARLINK-5408 - MarsSat2,Distance STARLINK-5408 - MarsSat3,Distance STARLINK-5408 - MarsSat4,Distance STARLINK-5174 - STARLINK-6031,Distance STARLINK-5174 - STARLINK-2702,Distance STARLINK-5174 - STARLINK-2220,Distance STARLINK-5174 - STARLINK-2591,Distance STARLINK-5174 - MoonARTEMIS1,Distance STARLINK-5174 - MoonARTEMIS2,Distance STARLINK-5174 - MoonIOAGEO,Distance STARLINK-5174 - MoonIOAGNO,Distance STARLINK-5174 - MoonIOAGNO 0001,Distance STARLINK-5174 - MoonIOAGSO,Distance STARLINK-5174 - MoonIOAGSO 0001,Distance STARLINK-5174 - MoonLRO,Distance STARLINK-5174 - MarsSat1,Distance STARLINK-5174 - MarsSat2,Distance STARLINK-5174 - MarsSat3,Distance STARLINK-5174 - MarsSat4,Distance STARLINK-6031 - STARLINK-2702,Distance STARLINK-6031 - STARLINK-2220,Distance STARLINK-6031 - STARLINK-2591,Distance STARLINK-6031 - MoonARTEMIS1,Distance STARLINK-6031 - MoonARTEMIS2,Distance STARLINK-6031 - MoonIOAGEO,Distance STARLINK-6031 - MoonIOAGNO,Distance STARLINK-6031 - MoonIOAGNO 0001,Distance STARLINK-6031 - MoonIOAGSO,Distance STARLINK-6031 - MoonIOAGSO 0001,Distance STARLINK-6031 - MoonLRO,Distance STARLINK-6031 - MarsSat1,Distance STARLINK-6031 - MarsSat2,Distance STARLINK-6031 - MarsSat3,Distance STARLINK-6031 - MarsSat4,Distance STARLINK-2702 - STARLINK-2220,Distance STARLINK-2702 - STARLINK-2591,Distance STARLINK-2702 - MoonARTEMIS1,Distance STARLINK-2702 - MoonARTEMIS2,Distance STARLINK-2702 - MoonIOAGEO,Distance STARLINK-2702 - MoonIOAGNO,Distance STARLINK-2702 - MoonIOAGNO 0001,Distance STARLINK-2702 - MoonIOAGSO,Distance STARLINK-2702 - MoonIOAGSO 0001,Distance STARLINK-2702 - MoonLRO,Distance STARLINK-2702 - MarsSat1,Distance STARLINK-2702 - MarsSat2,Distance STARLINK-2702 - MarsSat3,Distance STARLINK-2702 - MarsSat4,Distance STARLINK-2220 - STARLINK-2591,Distance STARLINK-2220 - MoonARTEMIS1,Distance STARLINK-2220 - MoonARTEMIS2,Distance STARLINK-2220 - MoonIOAGEO,Distance STARLINK-2220 - MoonIOAGNO,Distance STARLINK-2220 - MoonIOAGNO 0001,Distance STARLINK-2220 - MoonIOAGSO,Distance STARLINK-2220 - MoonIOAGSO 0001,Distance STARLINK-2220 - MoonLRO,Distance STARLINK-2220 - MarsSat1,Distance STARLINK-2220 - MarsSat2,Distance STARLINK-2220 - MarsSat3,Distance STARLINK-2220 - MarsSat4,Distance STARLINK-2591 - MoonARTEMIS1,Distance STARLINK-2591 - MoonARTEMIS2,Distance STARLINK-2591 - MoonIOAGEO,Distance STARLINK-2591 - MoonIOAGNO,Distance STARLINK-2591 - MoonIOAGNO 0001,Distance STARLINK-2591 - MoonIOAGSO,Distance STARLINK-2591 - MoonIOAGSO 0001,Distance STARLINK-2591 - MoonLRO,Distance STARLINK-2591 - MarsSat1,Distance STARLINK-2591 - MarsSat2,Distance STARLINK-2591 - MarsSat3,Distance STARLINK-2591 - MarsSat4,Distance MoonARTEMIS1 - MoonARTEMIS2,Distance MoonARTEMIS1 - MoonIOAGEO,Distance MoonARTEMIS1 - MoonIOAGNO,Distance MoonARTEMIS1 - MoonIOAGNO 0001,Distance MoonARTEMIS1 - MoonIOAGSO,Distance MoonARTEMIS1 - MoonIOAGSO 0001,Distance MoonARTEMIS1 - MoonLRO,Distance MoonARTEMIS1 - MarsSat1,Distance MoonARTEMIS1 - MarsSat2,Distance MoonARTEMIS1 - MarsSat3,Distance MoonARTEMIS1 - MarsSat4,Distance MoonARTEMIS2 - MoonIOAGEO,Distance MoonARTEMIS2 - MoonIOAGNO,Distance MoonARTEMIS2 - MoonIOAGNO 0001,Distance MoonARTEMIS2 - MoonIOAGSO,Distance MoonARTEMIS2 - MoonIOAGSO 0001,Distance MoonARTEMIS2 - MoonLRO,Distance MoonARTEMIS2 - MarsSat1,Distance MoonARTEMIS2 - MarsSat2,Distance MoonARTEMIS2 - MarsSat3,Distance MoonARTEMIS2 - MarsSat4,Distance MoonIOAGEO - MoonIOAGNO,Distance MoonIOAGEO - MoonIOAGNO 0001,Distance MoonIOAGEO - MoonIOAGSO,Distance MoonIOAGEO - MoonIOAGSO 0001,Distance MoonIOAGEO - MoonLRO,Distance MoonIOAGEO - MarsSat1,Distance MoonIOAGEO - MarsSat2,Distance MoonIOAGEO - MarsSat3,Distance MoonIOAGEO - MarsSat4,Distance MoonIOAGNO - MoonIOAGNO 0001,Distance MoonIOAGNO - MoonIOAGSO,Distance MoonIOAGNO - MoonIOAGSO 0001,Distance MoonIOAGNO - MoonLRO,Distance MoonIOAGNO - MarsSat1,Distance MoonIOAGNO - MarsSat2,Distance MoonIOAGNO - MarsSat3,Distance MoonIOAGNO - MarsSat4,Distance MoonIOAGNO 0001 - MoonIOAGSO,Distance MoonIOAGNO 0001 - MoonIOAGSO 0001,Distance MoonIOAGNO 0001 - MoonLRO,Distance MoonIOAGNO 0001 - MarsSat1,Distance MoonIOAGNO 0001 - MarsSat2,Distance MoonIOAGNO 0001 - MarsSat3,Distance MoonIOAGNO 0001 - MarsSat4,Distance MoonIOAGSO - MoonIOAGSO 0001,Distance MoonIOAGSO - MoonLRO,Distance MoonIOAGSO - MarsSat1,Distance MoonIOAGSO - MarsSat2,Distance MoonIOAGSO - MarsSat3,Distance MoonIOAGSO - MarsSat4,Distance MoonIOAGSO 0001 - MoonLRO,Distance MoonIOAGSO 0001 - MarsSat1,Distance MoonIOAGSO 0001 - MarsSat2,Distance MoonIOAGSO 0001 - MarsSat3,Distance MoonIOAGSO 0001 - MarsSat4,Distance MoonLRO - MarsSat1,Distance MoonLRO - MarsSat2,Distance MoonLRO - MarsSat3,Distance MoonLRO - MarsSat4,Distance MarsSat1 - MarsSat2,Distance MarsSat1 - MarsSat3,Distance MarsSat1 - MarsSat4,Distance MarsSat2 - MarsSat3,Distance MarsSat2 - MarsSat4,Distance MarsSat3 - MarsSat4,
SECONDS,km,km,km,km,km,km,km,km,km,km,km,km,km,km,km,km,km,km,km,km,km,km,km,km,km,km,km,km,km,km,km,km,km,km,km,km,km,km,km,km,km,km,km,km,km,km,km,km,km,km,km,km,km,km,km,km,km,km,km,km,km,km,km,km,km,km,km,km,km,km,km,km,km,km,km,km,km,km,km,km,km,km,km,km,km,km,km,km,km,km,km,km,km,km,km,km,km,km,km,km,km,km,km,km,km,km,km,km,km,km,km,km,km,km,km,km,km,km,km,km,km,km,km,km,km,km,km,km,km,km,km,km,km,km,km,km,km,km,km,km,km,km,km,km,km,km,km,km,km,km,km,km,km,km,km,km,km,km,km,km,km,km,km,km,km,km,km,km,km,km,km,km,km,km,km,km,km,km,km,km,km,km,km,km,km,km,km,km,km,km,km,km,km,km,km,km,km,km,km,km,km,km,km,km,km,km,km,km,km,km,km,km,km,km,km,km,km,km,km,km,km,km,km,km,km,km,km,km,km,km,km,km,km,km,km,km,km,km,km,km,km,km,km,km,km,km,km,km,km,km,km,km,km,km,km,km,km,km,km,km,km,km,km,km,km,km,km,km,km,km,km,km,km,km,km,km,km,km,km,km,km,km,km,km,km,km,km,km,km,km,km,km,km,km,km,km,km,km,km,km,km,km,km,km,km,km,km,km,km,km,km,km,km,km,km,km,km,km,km,km,km,km,km,km,km,km,km,km,km,km,km,km,km,km,km,km,km,km,km,km,km,km,km,km,km,km,km,km,km,km,km,km,km,km,km,km,km,km,km,km,km,km,km,km,km,km,km,km,km,km,km,km,km,km,km,km,km,km,km,km,km,km,km,km,km,km,km,km,km,km,km,km,km,km,km,km,km,km,km,km,km,km,km,km,km,km,km,km,km,km,km,km,km,km,km,km,km,km,km,km,km,km,km,km,km,km,km,km,km,km,km,km,km,km,km,km,km,km,km,km,km,km,km,km,km,km,km,km,km,km,km,km,km,km,km,km,km,km,km,km,km,km,km,km,km,km,km,km,km,km,km,km,km,km,km,km,km,km,km,km,km,km,km,km,km,km,km,km,km,km,km,km,km,km,km,km,km,km,km,km,km,km,km,km,km,km,km,km,km,km,km,km,km,km,km,km,km,km,km,km,km,km,km,km,km,km,km,km,km,km,km,km,km,km,km,km,km,km,km,km,km,km,km,km,km,km,km,km,km,km,km,km,km,km,km,km,km,km,km,km,km,km,km,km,km,km,km,km,km,km,km,km,km,km,km,km,km,km,km,km,km,km,km,km,km,km,km,km,km,km,km,km,km,km,km,km,km,km,km,km,km,km,km,km,km,km,km,km,km,km,km,km,km,km,km,km,km,km,km,km,km,km,km,km,km,km,km,km,km,km,km,km,km,km,km,km,km,km,km,km,km,km,km,km,km,km,km,km,km,km,km,km,km,km,km,km,km,km,km,km,km,km,km,km,km,km,km,km,km,km,km,km,km,km,km,km,km,km,km,km,km,km,km,km,km,km,km,km,km,km,km,km,km,km,km,km,km,km,km,km,km,km,km,km,km,km,km,km,km,km,km,km,km,km,km,km,km,km,km,km,km,km,km,km,km,km,km,km,km,km,km,km,km,km,km,km,km,km,km,km,km,km,km,km,km,km,km,km,km,km,km,km,km,km,km,km,km,km,km,km,km,km,km,km,km,km,km,km,km,km,km,km,km,km,km,km,km,km,km,km,km,km,km,km,km,km,km,km,km,km,km,km,km,km,km,km,km,km,km,km,km,km,km,km,km,km,km,km,km,km,km,km,km,km,km,km,km,km,km,km,km,km,km,km,km,km,km,km,km,km,km,km,km,km,km,km,km,km,km,km,km,km,km,km,km,km,km,km,km,km,km,km,km,km,km,km,km,km,km,km,km,km,km,km,km,km,km,km,km,km,km,km,km,km,km,km,km,km,km,km,km,km,km,km,km,km,km,km,km,km,km,km,km,km,km,km,km,km,km,km,km,km,km,km,km,km,km,km,km,km,km,km,km,km,km,km,km,km,km,km,km,km,km,km,km,km,km,km,km,km,km,km,km,km,km,km,km,km,km,km,km,km,km,km,km,km,km,km,km,km,km,km,km,km,km,km,km,km,km,km,km,km,km,km,km,km,km,km,km,km,km,km,km,km,km,km,km,km,km,km,km,km,km,km,km,km,km,km,km,km,km,km,km,km,km,km,km,km,km,km,km,km,km,km,km,km,km,km,km,km,km,km,km,km,km,km,km,km,km,km,km,km,km,km,km,km,km,km,km,km,km,km,km,km,km,km,km,km,km,km,km,km,km,km,km,km,km,km,km,km,km,km,km,km,km,km,km,km,km,km,km,km,km,km,km,km,km,km,km,km,km,km,km,km,km,km,km,km,km,km,km,km,km,km,km,km,km,km,km,km,km,km,km,km,km,km,km,km,km,km,km,km,km,km,km,km,km,km,km,km,km,km,km,km,km,km,km,km,km,km,km,km,km,km,km,km,km,km,km,km,km,km,km,km,km,km,km,km,km,km,km,km,km,km,km,km,km,km,km,km,km,km,km,km,km,km,km,km,km,km,km,km,km,km,km,km,km,km,km,km,km,km,km,km,km,km,km,km,km,km,km,km,km,km,km,km,km,km,km,km,km,km,km,km,km,km,km,km,km,km,km,km,km,km,km,km,km,km,km,km,km,km,km,km,km,km,km,km,km,km,km,km,km,km,km,km,km,km,km,km,km,km,km,km,km,km,km,km,km,km,km,km,km,km,km,km,km,km,km,km,km,km,km,km,km,km,km,km,km,km,km,km,km,km,km,km,km,km,km,km,km,km,km,km,km,km,km,km,km,km,km,km,km,km,km,km,km,km,km,km,km,km,km,km,km,km,km,km,km,km,km,km,km,km,km,km,km,km,km,km,km,km,km,km,km,km,km,km,km,km,km,km,km,km,km,km,km,km,km,km,km,km,km,km,km,km,km,km,km,km,km,km,km,km,km,km,km,km,km,km,km,km,km,km,km,km,km,km,km,km,km,km,km,km,km,km,km,km,km,km,km,km,km,km,km,km,km,km,km,km,km,km,km,km,km,km,km,km,km,km,km,km,km,km,km,km,km,km,km,km,km,km,km,km,km,km,km,km,km,km,km,km,km,km,km,km,km,km,km,km,km,km,km,km,km,km,km,km,km,km,km,km,km,km,km,km,km,km,km,km,km,km,km,km,km,km,km,km,km,km,km,km,km,km,km,km,km,km,km,km,km,km,km,km,km,km,km,km,km,km,km,km,km,km,km,km,km,km,km,km,km,km,km,km,km,km,km,km,km,km,km,km,km,km,km,km,km,km,km,km,km,km,km,km,km,km,km,km,km,km,km,km,km,km,km,km,km,km,km,km,km,km,km,km,km,km,km,km,km,km,km,km,km,km,km,km,km,km,km,km,km,km,km,km,km,km,km,km,km,km,km,km,km,km,km,km,km,km,km,km,km,km,km,km,km,km,km,km,km,km,km,km,km,km,km,km,km,km,km,km,km,km,km,km,km,km,km,km,km,km,km,km,km,km,km,km,km,km,km,km,km,km,km,km,km,km,km,km,km,km,km,km,km,km,km,km,km,km,km,km,km,km,km,km,km,km,km,km,km,km,km,km,km,km,km,km,km,km,km,km,km,km,km,km,km,km,km,km,km,km,km,km,km,km,km,km,km,km,km,km,km,km,km,km,km,km,km,km,km,km,km,km,km,km,km,km,km,km,km,km,km,km,km,km,km,km,km,km,km,km,km,km,km,km,km,km,km,km,km,km,km,km,km,km,km,km,km,km,km,km,km,km,km,km,km,km,km,km,km,km,km,km,km,km,km,km,km,km,km,km,km,km,km,km,km,km,km,km,km,km,km,km,km,km,km,km,km,km,km,km,km,km,km,km,km,km,km,km,km,km,km,km,km,km,km,km,km,km,km,km,km,km,km,km,km,km,km,km,km,km,km,km,km,km,km,km,km,km,km,km,km,km,km,km,km,km,km,km,km,km,km,km,km,km,km,km,km,km,km,km,km,km,km,km,km,km,km,km,km,km,km,km,km,km,km,km,km,km,km,km,km,km,km,km,km,km,km,km,km,km,km,km,km,km,km,km,km,km,km,km,km,km,km,km,km,km,km,km,km,km,km,km,km,km,km,km,km,km,km,km,km,km,km,km,km,km,km,km,km,km,km,km,km,km,km,km,km,km,km,km,km,km,km,km,km,km,km,km,km,km,km,km,km,km,km,km,km,km,km,km,km,km,km,km,km,km,km,km,km,km,km,km,km,km,km,km,km,km,km,km,km,km,km,km,km,km,km,km,km,km,km,km,km,km,km,km,km,km,km,km,km,km,km,km,km,km,km,km,km,km,km,km,km,km,km,km,km,km,km,km,km,km,km,km,km,km,km,km,km,km,km,km,km,km,km,km,km,km,km,km,km,km,km,km,km,km,km,km,km,km,km,km,km,km,km,km,km,km,km,km,km,km,km,km,km,km,km,km,km,km,km,km,km,km,km,km,km,km,km,km,km,km,km,km,km,km,km,km,km,km,km,km,km,km,km,km,km,km,km,km,km,km,km,km,km,km,km,km,km,km,km,km,km,km,km,km,km,km,km,km,km,km,km,km,km,km,km,km,km,km,km,km,km,km,km,km,km,km,km,km,km,km,km,km,km,km,km,km,km,km,km,km,km,km,km,km,km,km,km,km,km,km,km,km,km,km,km,km,km,km,km,km,km,km,km,km,km,km,km,km,km,km,km,km,km,km,km,km,km,km,km,km,km,km,km,km,km,km,km,km,km,km,km,km,km,km,km,km,km,km,km,km,km,km,km,km,km,km,km,km,km,km,km,km,km,km,km,km,km,km,km,km,km,km,km,km,km,km,km,km,km,km,km,km,km,km,km,km,km,km,km,km,km,km,km,km,km,km,km,km,km,km,km,km,km,km,km,km,km,km,km,km,km,km,km,km,km,km,km,km,km,km,km,km,km,km,km,km,km,km,km,km,km,km,km,km,km,km,km,km,km,km,km,km,km,km,km,km,km,km,km,km,km,km,km,km,km,km,km,km,km,km,km,km,km,km,km,km,km,km,km,km,km,km,km,km,km,km,km,km,km,km,km,km,km,km,km,km,km,km,km,km,km,km,km,km,km,km,km,km,km,km,km,km,km,km,km,km,km,km,km,km,km,km,km,km,km,km,km,km,km,km,km,km,km,km,km,km,km,km,km,km,km,km,km,km,km,km,km,km,km,km,km,km,km,km,km,km,km,km,km,km,km,km,km,km,km,km,km,km,km,km,km,km,km,km,km,km,km,km,km,km,km,km,km,km,km,km,km,km,km,km,km,km,km,km,km,km,km,km,km,km,km,km,km,km,km,km,km,km,km,km,km,km,km,km,km,km,km,km,km,km,km,km,km,km,km,km,km,km,km,km,km,km,km,km,km,km,km,km,km,km,km,km,km,km,km,km,km,km,km,km,km,km,km,km,km,km,km,km,km,km,km,km,km,km,km,km,km,km,km,km,km,km,km,km,km,km,km,km,km,km,km,km,km,km,km,km,km,km,km,km,km,km,km,km,km,km,km,km,km,km,km,km,km,km,km,km,km,km,km,km,km,km,km,km,km,km,km,km,km,km,km,km,km,km,km,km,km,km,km,km,km,km,km,km,km,km,km,km,km,km,km,km,km,km,km,km,km,km,km,km,km,km,km,km,km,km,km,km,km,km,km,km,km,km,km,km,km,km,km,km,km,km,km,km,km,km,km,km,km,km,km,km,km,km,km,km,km,km,km,km,km,km,km,km,km,km,km,km,km,km,km,km,km,km,km,km,km,km,km,km,km,km,km,km,km,km,km,km,km,km,km,km,km,km,km,km,km,km,km,km,km,km,km,km,km,km,km,km,km,km,km,km,km,km,km,km,km,km,km,km,km,km,km,km,km,km,km,km,km,km,km,km,km,km,km,km,km,km,km,km,km,km,km,km,km,km,km,km,km,km,km,km,km,km,km,km,km,km,km,km,km,km,km,km,km,km,km,km,km,km,km,km,km,km,km,km,km,km,km,km,km,km,km,km,km,km,km,km,km,km,km,km,km,km,km,km,km,km,km,km,km,km,km,km,km,km,km,km,km,km,km,km,km,km,km,km,km,km,km,km,km,km,km,km,km,km,km,km,km,km,km,km,km,km,km,km,km,km,km,km,km,km,km,km,km,km,km,km,km,km,km,km,km,km,km,km,km,km,km,km,km,km,km,km,km,km,km,km,km,km,km,km,km,km,km,km,km,km,km,km,km,km,km,km,km,km,km,km,km,km,km,km,km,km,km,km,km,km,km,km,km,km,km,km,km,km,km,km,km,km,km,km,km,km,km,km,km,km,km,km,km,km,km,km,km,km,km,km,km,km,km,km,km,km,km,km,km,km,km,km,km,km,km,km,km,km,km,km,km,km,km,km,km,km,km,km,km,km,km,km,km,km,km,km,km,km,km,km,km,km,km,km,km,km,km,km,km,km,km,km,km,km,km,km,km,km,km,km,km,km,km,km,km,km,km,km,km,km,km,km,km,km,km,km,km,km,km,km,km,km,km,km,km,km,km,km,km,km,km,km,km,km,km,km,km,km,km,km,km,km,km,km,km,km,km,km,km,km,km,km,km,km,km,km,km,km,km,km,km,km,km,km,km,km,km,km,km,km,km,km,km,km,km,km,km,km,km,km,km,km,km,km,km,km,km,km,km,km,km,km,km,km,km,km,km,km,km,km,km,km,km,km,km,km,km,km,km,km,km,km,km,km,km,km,km,km,km,km,km,km,km,km,km,km,km,km,km,km,km,km,km,km,km,km,km,km,km,km,km,km,km,km,km,km,km,km,km,km,km,km,km,km,km,km,km,km,km,km,km,km,km,km,km,km,km,km,km,km,km,km,km,km,km,km,km,km,km,km,km,km,km,km,km,km,km,km,km,km,km,km,km,km,km,km,km,km,km,km,km,km,km,km,km,km,km,km,km,km,km,km,km,km,km,km,km,km,km,km,km,km,km,km,km,km,km,km,km,km,km,km,km,km,km,km,km,km,km,km,km,km,km,km,km,km,km,km,km,km,km,km,km,km,km,km,km,km,km,km,km,km,km,km,km,km,km,km,km,km,km,km,km,km,km,km,km,km,km,km,km,km,km,km,km,km,km,km,km,km,km,km,km,km,km,km,km,km,km,km,km,km,km,km,km,km,km,km,km,km,km,km,km,km,km,km,km,km,km,km,km,km,km,km,km,km,km,km,km,km,km,km,km,km,km,km,km,km,km,km,km,km,km,km,km,km,km,km,km,km,km,km,km,km,km,km,km,km,km,km,km,km,km,km,km,km,km,km,km,km,km,km,km,km,km,km,km,km,km,km,km,km,km,km,km,km,km,km,km,km,km,km,km,km,km,km,km,km,km,km,km,km,km,km,km,km,km,km,km,km,km,km,km,km,km,km,km,km,km,km,km,km,km,km,km,km,km,km,km,km,km,km,km,km,km,km,km,km,km,km,km,km,km,km,km,km,km,km,km,km,km,km,km,km,km,km,km,km,km,km,km,km,km,km,km,km,km,km,km,km,km,km,km,km,km,km,km,km,km,km,km,km,km,km,km,km,km,km,km,km,km,km,km,km,km,km,km,km,km,km,km,km,km,km,km,km,km,km,km,km,km,km,km,km,km,km,km,km,km,km,km,km,km,km,km,km,km,km,km,km,km,km,km,km,km,km,km,km,km,km,km,km,km,km,km,km,km,km,km,km,km,km,km,km,km,km,km,km,km,km,km,km,km,km,km,km,km,km,km,km,km,km,km,km,km,km,km,km,km,km,km,km,km,km,km,km,km,km,km,km,km,km,km,km,km,km,km,km,km,km,km,km,km,km,km,km,km,km,km,km,km,km,km,km,km,km,km,km,km,km,km,km,km,km,km,km,km,km,km,km,km,km,km,km,km,km,km,km,km,km,km,km,km,km,km,km,km,km,km,km,km,km,km,km,km,km,km,km,km,km,km,km,km,km,km,km,km,km,km,km,km,km,km,km,km,km,km,km,km,km,km,km,km,km,km,km,km,km,km,km,km,km,km,km,km,km,km,km,km,km,km,km,km,km,km,km,km,km,km,km,km,km,km,km,km,km,km,km,km,km,km,km,km,km,km,km,km,km,km,km,km,km,km,km,km,km,km,km,km,km,km,km,km,km,km,km,km,km,km,km,km,km,km,km,km,km,km,km,km,km,km,km,km,km,km,km,km,km,km,km,km,km,km,km,km,km,km,km,km,km,km,km,km,km,km,km,km,km,km,km,km,km,km,km,km,km,km,km,km,km,km,km,km,km,km,km,km,km,km,km,km,km,km,km,km,km,km,km,km,km,km,km,km,km,km,km,km,km,km,km,km,km,km,km,km,km,km,km,km,km,km,km,km,km,km,km,km,km,km,km,km,km,km,km,km,km,km,km,km,km,km,km,km,km,km,km,km,km,km,km,km,km,km,km,km,km,km,km,km,km,km,km,km,km,km,km,km,km,km,km,km,km,km,km,km,km,km,km,km,km,km,km,km,km,km,km,km,km,km,km,km,km,km,km,km,km,km,km,km,km,km,km,km,km,km,km,km,km,km,km,km,km,km,km,km,km,km,km,km,km,km,km,km,km,km,km,km,km,km,km,km,km,km,km,km,km,km,km,km,km,km,km,km,km,km,km,km,km,km,km,km,km,km,km,km,km,km,km,km,km,km,km,km,km,km,km,km,km,km,km,km,km,km,km,km,km,km,km,km,km,km,km,km,km,km,km,km,km,km,km,km,km,km,km,km,km,km,km,km,km,km,km,km,km,km,km,km,km,km,km,km,km,km,km,km,km,km,km,km,km,km,km,km,km,km,km,km,km,km,km,km,km,km,km,km,km,km,km,km,km,km,km,km,km,km,km,km,km,km,km,km,km,km,km,km,km,km,km,km,km,km,km,km,km,km,km,km,km,km,km,km,km,km,km,km,km,km,km,km,km,km,km,km,km,km,km,km,km,km,km,km,km,km,km,km,km,km,km,km,km,km,km,km,km,km,km,km,km,km,km,km,km,km,km,km,km,km,km,km,km,km,km,km,km,km,km,km,km,km,km,km,km,km,km,km,km,km,km,km,km,km,km,km,km,km,km,km,km,km,km,km,km,km,km,km,km,km,km,km,km,km,km,km,km,km,km,km,km,km,km,km,km,km,km,km,km,km,km,km,km,km,km,km,km,km,km,km,km,km,km,km,km,km,km,km,km,km,km,km,km,km,km,km,km,km,km,km,km,km,km,km,km,km,km,km,km,km,km,km,km,km,km,km,km,km,km,km,km,km,km,km,km,km,km,km,km,km,km,km,km,km,km,km,km,km,km,km,km,km,km,km,km,km,km,km,km,km,km,km,km,km,km,km,km,km,km,km,km,km,km,km,km,km,km,km,km,km,km,km,km,km,km,km,km,km,km,km,km,km,km,km,km,km,km,km,km,km,km,km,km,km,km,km,km,km,km,km,km,km,km,km,km,km,km,km,km,km,km,km,km,km,km,km,km,km,km,km,km,km,km,km,km,km,km,km,km,km,km,km,km,km,km,km,km,km,km,km,km,km,km,km,km,km,km,km,km,km,km,km,km,km,km,km,km,km,km,km,km,km,km,km,km,km,km,km,km,km,km,km,km,km,km,km,km,km,km,km,km,km,km,km,km,km,km,km,km,km,km,km,km,km,km,km,km,km,km,km,km,km,km,km,km,km,km,km,km,km,km,km,km,km,km,km,km,km,km,km,km,km,km,km,km,km,km,km,km,km,km,km,km,km,km,km,km,km,km,km,km,km,km,km,km,km,km,km,km,km,km,km,km,km,km,km,km,km,km,km,km,km,km,km,km,km,km,km,km,km,km,km,km,km,km,km,km,km,km,km,km,km,km,km,km,km,km,km,km,km,km,km,km,km,km,km,km,km,km,km,km,km,km,km,km,km,km,km,km,km,km,km,km,km,km,km,km,km,km,km,km,km,km,km,km,km,km,km,km,km,km,km,km,km,km,km,km,km,km,km,km,km,km,km,km,km,km,km,km,km,km,km,km,km,km,km,km,km,km,km,km,km,km,km,km,km,km,km,km,km,km,km,km,km,km,km,km,km,km,km,km,km,km,km,km,km,km,km,km,km,km,km,km,km,km,km,km,km,km,km,km,km,km,km,km,km,km,km,km,km,km,km,km,km,km,km,km,km,km,km,km,km,km,km,km,km,km,km,km,km,km,km,km,km,km,km,km,km,km,km,km,km,km,km,km,km,km,km,km,km,km,km,km,km,km,km,km,km,km,km,km,km,km,km,km,km,km,km,km,km,km,km,km,km,km,km,km,km,km,km,km,km,km,km,km,km,km,km,km,km,km,km,km,km,km,km,km,km,km,km,km,km,km,km,km,km,km,km,km,km,km,km,km,km,km,km,km,km,km,km,km,km,km,km,km,km,km,km,km,km,km,km,km,km,km,km,km,km,km,km,km,km,km,km,km,km,km,km,km,km,km,km,km,km,km,km,km,km,km,km,km,km,km,km,km,km,km,km,km,km,km,km,km,km,km,km,km,km,km,km,km,km,km,km,km,km,km,km,km,km,km,km,km,km,km,km,km,km,km,km,km,km,km,km,km,km,km,km,km,km,km,km,km,km,km,km,km,km,km,km,km,km,km,km,km,km,km,km,km,km,km,km,km,km,km,km,km,km,km,km,km,km,km,km,km,km,km,km,km,km,km,km,km,km,km,km,km,km,km,km,km,km,km,km,km,km,km,km,km,km,km,km,km,km,km,km,km,km,km,km,km,km,km,km,km,km,km,km,km,km,km,km,km,km,km,km,km,km,km,km,km,km,km,km,km,km,km,km,km,km,km,km,km,km,km,km,km,km,km,km,km,km,km,km,km,km,km,km,km,km,km,km,km,km,km,km,km,km,km,km,km,km,km,km,km,km,km,km,km,km,km,km,km,km,km,km,km,km,km,km,km,km,km,km,km,km,km,km,km,km,km,km,km,km,km,km,km,km,km,km,km,km,km,km,km,km,km,km,km,km,km,km,km,km,km,km,km,km,km,km,km,km,km,km,km,km,km,km,km,km,km,km,km,km,km,km,km,km,km,km,km,km,km,km,km,km,km,km,km,km,km,km,km,km,km,km,km,km,km,km,km,km,km,km,km,km,km,km,km,km,km,km,km,km,km,km,km,km,km,km,km,km,km,km,km,km,km,km,km,km,km,km,km,km,km,km,km,km,km,km,km,km,km,km,km,km,km,km,km,km,km,km,km,km,km,km,km,km,km,km,km,km,km,km,km,km,km,km,km,km,km,km,km,km,km,km,km,km,km,km,km,km,km,km,km,km,km,km,km,km,km,km,km,km,km,km,km,km,km,km,km,km,km,km,km,km,km,km,km,km,km,km,km,km,km,km,km,km,km,km,km,km,km,km,km,km,km,km,km,km,km,km,km,km,km,km,km,km,km,km,km,km,km,km,km,km,km,km,km,km,km,km,km,km,km,km,km,km,km,km,km,km,km,km,km,km,km,km,km,km,km,km,km,km,km,km,km,km,km,km,km,km,km,km,km,km,km,km,km,km,km,km,km,km,km,km,km,km,km,km,km,km,km,km,km,km,km,km,km,km,km,km,km,km,km,km,km,km,km,km,km,km,km,km,km,km,km,km,km,km,km,km,km,km,km,km,km,km,km,km,km,km,km,km,km,km,km,km,km,km,km,km,km,km,km,km,km,km,km,km,km,km,km,km,km,km,km,km,km,km,km,km,km,km,km,km,km,km,km,km,km,km,km,km,km,km,km,km,km,km,km,km,km,km,km,km,km,km,km,km,km,km,km,km,km,km,km,km,km,km,km,km,km,km,km,km,km,km,km,km,km,km,km,km,km,km,km,km,km,km,km,km,km,km,km,km,km,km,km,km,km,km,km,km,km,km,km,km,km,km,km,km,km,km,km,km,km,km,km,km,km,km,km,km,km,km,km,km,km,km,km,km,km,km,km,km,km,km,km,km,km,km,km,km,km,km,km,km,km,km,km,km,km,km,km,km,km,km,km,km,km,km,km,km,km,km,km,km,km,km,km,km,km,km,km,km,km,km,km,km,km,km,km,km,km,km,km,km,km,km,km,km,km,km,km,km,km,km,km,km,km,km,km,km,km,km,km,km,km,km,km,km,km,km,km,km,km,km,km,km,km,km,km,km,km,km,km,km,km,km,km,km,km,km,km,km,km,km,km,km,km,km,km,km,km,km,km,km,km,km,km,km,km,km,km,km,km,km,km,km,km,km,km,km,km,km,km,km,km,km,km,km,km,km,km,km,km,km,km,km,km,km,km,km,km,km,km,km,km,km,km,km,km,km,km,km,km,km,km,km,km,km,km,km,km,km,km,km,km,km,km,km,km,km,km,km,km,km,km,km,km,km,km,km,km,km,km,km,km,km,km,km,km,km,km,km,km,km,km,km,km,km,km,km,km,km,km,km,km,km,km,km,km,km,km,km,km,km,km,km,km,km,km,km,km,km,km,km,km,km,km,km,km,km,km,km,km,km,km,km,km,km,km,km,km,km,km,km,km,km,km,km,km,km,km,km,km,km,km,km,km,km,km,km,km,km,km,km,km,km,km,km,km,km,km,km,km,km,km,km,km,km,km,km,km,km,km,km,km,km,km,km,km,km,km,km,km,km,km,km,km,km,km,km,km,km,km,km,km,km,km,km,km,km,km,km,km,km,km,km,km,km,km,km,km,km,km,km,km,km,km,km,km,km,km,km,km,km,km,km,km,km,km,km,km,km,km,km,km,km,km,km,km,km,km,km,km,km,km,km,km,km,km,km,km,km,km,km,km,km,km,km,km,km,km,km,km,km,km,km,km,km,km,km,km,km,km,km,km,km,km,km,km,km,km,km,km,km,km,km,km,km,km,km,km,km,km,km,km,km,km,km,km,km,km,km,km,km,km,km,km,km,km,km,km,km,km,km,km,km,km,km,km,km,km,km,km,km,km,km,km,km,km,km,km,km,km,km,km,km,km,km,km,km,km,km,km,km,km,km,km,km,km,km,km,km,km,km,km,km,km,km,km,km,km,km,km,km,km,km,km,km,km,km,km,km,km,km,km,km,km,km,km,km,km,km,km,km,km,km,km,km,km,km,km,km,km,km,km,km,km,km,km,km,km,km,km,km,km,km,km,km,km,km,km,km,km,km,km,km,km,km,km,km,km,km,km,km,km,km,km,km,km,km,km,km,km,km,km,km,km,km,km,km,km,km,km,km,km,km,km,km,km,km,km,km,km,km,km,km,km,km,km,km,km,km,km,km,km,km,km,km,km,km,km,km,km,km,km,km,km,km,km,km,km,km,km,km,km,km,km,km,km,km,km,km,km,km,km,km,km,km,km,km,km,km,km,km,km,km,km,km,km,km,km,km,km,km,km,km,km,km,km,km,km,km,km,km,km,km,km,km,km,km,km,km,km,km,km,km,km,km,km,km,km,km,km,km,km,km,km,km,km,km,km,km,km,km,km,km,km,km,km,km,km,km,km,km,km,km,km,km,km,km,km,km,km,km,km,km,km,km,km,km,km,km,km,km,km,km,km,km,km,km,km,km,km,km,km,km,km,km,km,km,km,km,km,km,km,km,km,km,km,km,km,km,km,km,km,km,km,km,km,km,km,km,km,km,km,km,km,km,km,km,km,km,km,km,km,km,km,km,km,km,km,km,km,km,km,km,km,km,km,km,km,km,km,km,km,km,km,km,km,km,km,km,km,km,km,km,km,km,km,km,km,km,km,km,km,km,km,km,km,km,km,km,km,km,km,km,km,km,km,km,km,km,km,km,km,km,km,km,km,km,km,km,km,km,km,km,km,km,km,km,km,km,km,km,km,km,km,km,km,km,km,km,km,km,km,km,km,km,km,km,km,km,km,km,km,
0.000,10516.3641,12412.8847,7448.0002,5499.5986,6815.0079,13633.5954,8944.2477,6609.5869,7035.9460,12165.2797,7980.2098,12083.2400,10535.6837,13267.6484,7285.5325,11401.0316,4119.3896,12735.0329,11468.2385,12234.9048,8167.1859,9289.6290,2437.7270,10243.7521,10299.4317,12095.6867,5096.1944,4700.3870,6947.7532,13561.3390,2174.4290,12485.8125,13331.3763,7212.7373,11159.6697,11608.1756,12978.7799,2865.8169,7733.8982,12973.8551,10470.3163,12294.7424,13519.3595,5351.1164,6762.3590,9282.4606,11873.5735,6700.0837,11888.9030,8674.8164,12819.9603,6549.6842,10194.0053,9846.9756,13598.6954,12894.3997,10863.6169,2680.6946,11616.9948,11933.8363,12580.4032,12782.2859,10425.5128,6551.9395,13604.8204,13558.5495,7506.4320,13554.9794,5504.4886,7713.6751,8854.5873,6937.8418,0.0000,9314.2884,9511.1444,9983.8968,13207.4698,12177.4067,11441.6739,12010.4999,11553.3542,12989.8156,9147.7624,10916.2908,3732.5379,6711.4958,13545.7782,9893.8746,5729.9716,12933.9457,4720.1747,11268.8691,13492.7556,12429.4591,8110.6026,13023.9438,13000.3205,10894.8171,11756.8239,390359.2078,412688.8740,389573.5938,388634.5660,392878.8576,392712.6087,399684.6453,393537.2496,336355777.5831,336340481.4713,336361787.1317,336368590.2941,9441.9340,4113.4380,8691.7037,7703.6290,10682.3667,13525.8254,5936.6625,5548.0218,12834.9501,9599.2012,8257.2711,11679.0322,6951.5781,6263.7182,13152.7846,12614.2438,7459.2735,12840.4835,12146.4680,4028.8025,6992.2526,10696.2185,7263.5283,12572.0878,2879.4463,7039.6175,12625.8597,4946.2079,8432.2724,10487.1702,5545.3516,8137.3239,10295.8535,12988.2996,12091.5619,8482.5345,11924.9951,11672.4681,4882.6716,2234.8011,12419.2311,9953.0778,12708.0733,7078.3305,8107.2549,12391.4146,8644.7491,10845.4949,10938.6616,7284.5222,5019.6926,8143.3152,7557.6148,6810.4780,4691.1057,4478.2283,9492.2157,7072.8794,12473.8135,7366.4308,11002.7782,7472.4861,5131.7338,8457.9966,7235.1529,9297.9463,8822.9145,12395.8499,8712.4284,4538.1439,4803.8868,0.0000,12003.5703,7472.5808,9665.1106,5382.9661,3699.0364,12804.5458,6644.2513,12437.9393,8330.2418,6727.6259,1162.9748,9305.4609,6203.8752,7080.9024,11574.1663,10966.0723,6443.0693,12713.1937,11910.5457,7032.5901,12562.9145,12197.8800,8725.7212,7460.0223,2271.7901,12784.9601,395751.3768,418146.5371,394983.2834,393897.2870,398276.4829,398202.4557,405087.9640,398878.5955,336350061.3955,336334764.5918,336356070.4545,336362873.5001,10592.5686,9325.1743,8566.6729,7067.7622,8756.5786,12732.7336,9655.3630,8204.7367,13572.7517,1776.4182,12281.8341,4081.9116,8913.2748,7863.0223,12175.2734,10366.7874,6070.4049,9947.1612,11951.2554,13031.3122,10982.8115,4903.3003,5742.7230,7671.4224,10800.1055,12665.8407,12075.5788,8507.2915,11125.9533,4667.9689,9138.2573,13760.8716,10434.4994,4649.9279,10124.4081,12557.7403,13399.3280,7634.0438,10766.1753,8771.4609,8559.6490,12726.9266,13269.3383,13142.9518,10004.5045,13706.1584,2208.9054,13369.0471,9986.8143,11781.5618,12685.8444,5250.4147,6932.6727,8526.2389,6288.9928,11261.4718,11690.0980,10053.7206,2658.7055,9843.7523,12607.2674,10836.2529,8103.6792,7452.1295,13722.3198,8088.1870,9712.5623,13558.7801,8344.6327,11857.9224,0.0000,12820.0245,5349.4929,13035.4333,6298.8306,6574.1237,10149.6981,11143.4132,10715.0578,1958.0998,6545.6567,8657.3294,13482.1356,12881.2684,6804.6272,4900.4269,13728.0133,4230.4760,12311.8696,11519.7893,8217.6001,7141.4330,7190.1855,1693.6012,2941.9019,10457.9688,6227.6728,395517.2821,417746.3022,394742.8425,393635.2526,397874.9270,398012.2319,404993.7431,398637.6734,336351069.5927,336335772.3515,336357078.2974,336363881.8792,5689.4775,5068.6367,12799.0530,12760.2574,4032.5031,2316.0313,13730.9907,9295.8044,9384.8412,12321.7269,9575.6131,3561.7915,13576.9172,10524.9589,10203.0422,13151.7471,13381.8297,3265.1005,7604.2561,7713.7135,7086.6296,12230.8236,6569.4227,3226.0695,10777.6939,2609.1615,11270.7278,7420.0139,8057.7146,10976.9946,9564.7165,13552.4951,12548.4083,11059.6932,9565.0450,11086.3861,8480.3211,4931.8648,13548.6658,12323.2180,11084.0840,5839.9908,8643.5453,13411.4002,7598.6853,11468.1314,10849.1653,10135.2238,2350.1095,9252.0323,7024.7045,10056.0271,8362.5279,5589.6015,6061.5941,9256.7489,13493.1237,9164.6103,12791.9930,8806.3681,1078.1357,11295.3993,10385.7810,8727.7525,11532.4903,10246.4919,8285.8612,3230.8092,2096.8576,0.0000,12046.5296,6815.7964,10386.4780,8733.4489,6761.9258,13529.8271,9196.7953,13327.6546,10195.1992,5692.7071,4509.1226,6867.8268,4626.2005,10225.2900,10966.4094,9588.6850,9063.4671,10846.5374,12824.2566,10249.0155,13570.0337,10840.4380,10517.3972,9623.2743,5442.6900,13291.8338,395556.2922,417945.4672,394780.9522,393766.1514,398102.9993,397955.4006,404867.2165,398708.1895,336350291.1646,336334994.7452,336356300.5013,336363103.5329,1604.2593,13263.0072,9673.6943,7981.2158,3696.8520,12734.2925,11380.2174,8474.3872,13226.3602,10622.0328,2956.9354,11836.8880,8065.5707,13159.0621,10809.7220,13573.2267,8319.2778,11285.0915,3925.2422,5687.9512,8951.0042,9899.6437,3087.8581,9005.3353,7226.0163,13306.8741,3837.3195,9442.4234,13312.0665,11077.2253,13001.8394,10266.7941,13512.5514,7534.6723,11638.6671,11429.8854,9821.4317,13122.0271,13639.7863,9575.3346,9177.8880,11734.0140,13346.1028,10056.6675,9323.3763,12163.9648,13043.2934,6729.2291,12302.1388,5152.2141,12227.9438,11696.6368,7028.0255,2982.8823,12696.9745,13413.9192,9230.6879,13796.5886,12224.3981,4935.4362,13194.0091,12568.1963,10957.8366,13249.2632,5807.2366,10866.2129,4996.1847,6845.9875,0.0000,12599.2785,4846.8975,12681.3551,11051.8489,9344.6032,13091.0454,12678.2554,13412.3406,10020.8975,4330.5147,8528.3671,7860.7010,8422.9215,12247.1919,7291.7953,10177.5909,10241.8872,8736.9359,13487.3868,12757.6350,12446.6719,6480.5897,10161.9168,10018.8418,10141.7738,11260.5035,395412.4451,417713.2278,394627.6256,393663.8613,397894.0367,397788.3560,404771.1499,398582.3743,336350852.2425,336335555.9374,336356861.6427,336363664.9313,12935.1048,10379.2653,8050.0693,2844.3062,12899.0520,11819.3502,7479.5513,13596.2384,9602.1915,1714.4459,12124.5218,9323.1548,12739.0434,10961.1051,13718.0863,7979.1962,11282.3740,5418.9309,4413.1664,9186.8590,8798.7293,3288.7349,10172.6337,7065.2408,12799.5209,5323.3722,8269.5396,12833.7850,11677.6972,13394.4607,10230.2113,13163.2879,8811.9523,12343.7622,10509.8968,9116.6710,13246.2661,13315.1215,10675.9490,9418.9341,11862.0622,13566.7072,10508.3399,8916.2674,12681.3022,12577.2354,6599.8370,12329.0897,3913.7113,11418.2225,10836.8352,5609.0033,4358.8399,12420.6062,13637.5963,8146.3152,13740.2923,12150.0382,4549.1599,12662.8801,11857.4326,11410.5784,12767.3941,7001.3059,11228.0668,3621.5908,6626.0969,0.0000,13158.7994,3634.8891,12906.2294,10021.6345,8118.3314,13418.0954,12290.8901,13701.4354,9092.0880,2855.5923,7388.4194,8673.4271,8536.3300,11474.4069,7323.4807,11007.7323,9195.0009,9924.0651,13775.9410,12078.4421,12498.8119,7069.6647,9296.0862,8994.8565,9393.1275,11378.8059,396545.9533,418852.4372,395763.2387,394780.1406,399025.0453,398935.2471,405908.9312,399709.3082,336349683.5949,336334387.1917,336355692.9247,336362496.2109,9008.3142,12865.6068,13009.4080,4294.6882,10743.7028,8138.6802,7493.0637,6277.2530,12894.5479,5688.4635,12188.7809,6152.1131,6363.8998,4238.7124,12291.6504,10681.3217,13260.3056,10652.6952,8380.9312,8762.1310,13640.6973,11912.7062,12912.5320,3662.4520,13365.7355,7786.9369,4414.8687,11181.6222,5958.1903,6260.7097,5104.9359,12697.3353,10317.0755,6853.2063,10603.7113,3723.0645,2237.1432,11533.3408,12395.0647,10193.1958,4702.4531,12036.1190,7057.2586,9796.6775,5894.4283,12796.7533,9174.5304,10985.5841,4985.2738,7228.1938,10457.1436,13803.3117,8081.5183,4735.6694,7586.7279,3544.5251,9358.1362,13167.9244,3365.5893,4472.0109,11306.8391,2923.5252,12125.3029,11230.9516,12163.1260,12995.5283,0.0000,8805.3194,10936.9269,9048.7820,6785.1390,8890.2350,5430.1140,7654.1200,5500.4335,6494.6086,11680.3018,10515.1293,13238.9513,12648.6962,4582.9056,9520.4613,11838.1585,6575.4372,11811.3043,6274.8345,4952.1842,3908.2779,10714.6369,6219.5452,6716.9218,10133.7069,5698.2473,389672.4461,411936.9049,388905.8556,387737.9133,392041.7995,392207.2519,399146.9268,392771.4276,336356743.1764,336341445.6891,336362751.7125,336369555.1779,12807.2558,11902.7959,5569.8921,11061.5995,9780.3160,9003.2900,11261.9235,11412.4654,3895.8298,5967.2888,12331.3181,3857.8515,7726.6218,13416.9784,12844.5017,7822.1139,10413.7672,3629.2423,13109.8691,11339.0922,6460.8246,12987.5351,11354.0448,8150.1313,11714.9476,11660.2087,10492.1498,6133.8908,4859.8217,11685.7599,7221.0942,8927.3635,12738.7070,13787.2306,6598.0733,10165.5071,6447.5235,12452.7273,12188.4369,7141.9652,11709.3660,6902.3445,9927.3190,12268.9870,12616.4094,12108.9258,10208.0282,11940.7354,13091.8492,12176.8234,9516.4613,12740.2588,7156.4002,10635.8434,9302.4220,12608.0297,12377.7059,11195.8081,11761.1073,11357.5022,10865.8832,4922.0965,11679.3033,12256.7576,12971.3012,0.0000,8564.9719,10001.7254,11229.3903,12413.1206,12776.4807,6356.8170,12837.2879,7430.4815,10039.7071,10848.0442,13425.6196,10789.8192,12714.7943,11657.8673,5550.6050,9569.5163,11295.1935,5908.6541,8522.4544,12122.0330,5663.8275,4429.3262,9708.1764,10723.5357,13752.3990,4250.7746,388368.6844,410569.1397,387584.5341,386562.5727,390732.0339,390806.0069,397832.4961,391518.5696,336358339.9779,336343043.1693,336364348.9931,336371152.5896,5861.8464,13410.8725,6010.1013,11935.7888,10137.0416,11468.1308,7019.3208,13485.6668,9359.8928,9199.6378,13785.5290,12304.8689,2086.8465,4574.4806,8046.0010,10299.2754,13344.3647,8336.2812,5282.6293,9132.2291,1488.8252,11030.3486,7713.7551,10390.8334,10489.3263,6320.0260,12360.2696,13576.9180,10065.5857,8187.9558,8347.9198,9419.1635,5012.5869,12949.6361,11885.9685,9286.8473,1970.8379,5564.8626,12314.6339,3944.5686,13243.1723,7964.3336,9330.4681,1700.7162,6586.8367,10234.6822,10801.8971,8940.4688,8878.2776,6755.4766,7475.9971,12393.5516,11601.1707,11742.6219,6262.9552,4006.6341,11207.5104,10783.2507,5273.1529,11380.5707,10810.1855,4803.6491,7056.3150,1999.0579,0.0000,9635.9395,9978.1468,7595.4795,10252.1649,9107.5822,12422.1773,7825.8908,11943.7912,12292.4697,9132.8405,6879.0730,4076.8622,675.1943,10913.0778,12751.0827,6632.4926,11023.1265,9445.4185,11033.2036,10386.2465,13616.3732,12148.1127,12521.5710,11768.8094,5628.0486,13789.9577,391957.2128,414377.7458,391183.2502,390172.3143,394536.5645,394348.5845,401241.1526,395109.9921,336353758.6318,336338462.2975,336359768.0384,336366570.9525,13573.9818,10601.9802,8397.4434,13126.5528,9477.9675,1301.7152,13141.4207,10092.5679,11483.3120,12356.1038,13758.9070,5477.1855,9422.2840,6600.5446,5568.4521,11036.8493,7381.1825,2182.8480,10632.6940,4622.0888,12074.2795,6359.5941,7926.9807,11936.8529,10674.4811,13720.4543,11661.1454,12162.4552,9278.6797,11844.0797,9343.7991,6839.3214,13630.1365,12927.6470,11048.1432,7528.9986,10269.7814,13711.2642,9018.9573,10392.5150,11875.4489,11360.6307,4221.8176,10823.9274,5347.3460,10676.9354,9459.7083,5036.0007,4976.4891,10842.6787,13789.5691,8541.4070,13423.4297,10489.5067,1962.5069,12017.7906,11094.9813,10087.0396,12207.2148,8915.8239,9760.5248,2195.4910,4119.3958,0.0000,12770.3334,5117.0467,11725.7368,9204.8886,7086.3734,13715.3245,10731.3630,13731.7882,9620.1779,3914.4271,5494.9810,7643.5887,6433.9187,10807.2761,9458.2563,10351.9938,8988.1856,10561.6287,13486.7140,11134.4568,13287.3732,9312.1230,9916.2691,9218.7329,7229.4848,12622.8578,396423.1380,418778.1500,395644.3675,394646.2688,398943.0458,398815.4914,405754.2713,399581.0816,336349578.9393,336334282.5459,336355588.2869,336362391.4247,10467.9743,9555.5267,6568.7936,9224.8693,13331.9344,1827.8874,9606.8629,8929.3315,3855.9245,3176.4448,13476.8366,11688.4669,11669.0723,11541.2082,6251.5303,11574.1849,13605.1610,9373.9399,13678.0382,7303.7079,11870.2560,10397.8962,7761.3486,10430.0766,3028.9537,4774.3941,7863.8246,10520.0169,8804.0990,10196.4757,12717.3131,1406.4777,5559.9418,8956.7052,12727.1960,10868.7940,2876.2071,11894.4493,7001.0653,8965.9554,8839.4427,13461.3524,10172.6416,11651.5348,8720.0590,10504.2523,12261.1000,12799.3531,10107.0640,2867.9886,9685.8717,4711.3851,10663.8467,13766.1595,7144.9378,8255.5448,11073.0521,6680.4919,9767.1850,11261.1609,13292.9457,13771.0746,0.0000,7293.6538,11525.3622,9331.5964,10092.8467,11560.1537,2700.5627,10041.1761,3759.0162,8628.8348,12390.8895,12763.1185,12460.1442,13163.8352,8343.0019,8253.5736,10503.5448,9436.7085,9159.7089,5312.8904,8614.7976,1255.0064,8685.4064,8240.0321,9188.0620,12434.9092,3141.7839,387335.8661,409561.4330,386562.1859,385445.8247,389686.8181,389839.5211,396820.8170,390452.9761,336359241.5236,336343944.2499,336365250.2068,336372053.7628,13542.0292,5015.6714,12490.4602,11368.0693,10945.8936,7958.3640,7425.2238,12296.1522,8445.1595,7068.6955,3469.2596,9674.4698,13210.4993,12822.0172,10674.6584,9808.9424,6924.5028,7274.6813,9368.0101,9517.2742,12296.0114,8732.9823,1249.0859,8333.2143,12670.0452,7693.9942,7322.7767,3213.9682,10308.3698,8025.3412,9663.8832,9413.1852,6549.6022,4165.5546,2344.7761,8405.0534,2373.9951,13470.2680,2232.1594,7778.0435,7340.9196,3243.5580,13199.9571,10722.3201,9724.4455,12283.9561,9647.1039,5619.4278,8466.5961,13184.8059,8198.1449,3879.2537,9250.7407,9672.0399,10205.9039,892.5726,9623.3931,11127.0895,1333.7117,11458.4053,7727.5967,0.0000,4338.3057,12933.9992,2573.0801,11421.4345,11641.5039,8488.3711,6464.5574,7675.4547,13228.8660,12668.0692,10463.4075,5020.6570,5385.4487,10653.7824,13367.6161,3125.1300,12248.0168,7458.3889,6341.1123,9694.7995,11175.8507,12570.6461,13257.7342,12955.8152,8231.9796,12056.5553,386435.6067,408834.5614,385663.7007,384619.3323,388980.0579,388856.9935,395754.2959,389577.0172,336359345.9619,336344049.4050,336365355.2031,336372158.1861,12887.0262,3710.2307,7642.0776,9242.2531,12441.4216,10415.5023,7549.7417,10975.1183,11000.9794,12659.0295,10681.4369,3422.9630,6893.7887,6635.4387,9784.3465,12971.1940,11112.8197,8887.7084,10773.4956,3576.0204,9413.5173,13780.7006,11501.2778,6176.8836,10403.0963,12627.4865,13724.7411,7119.9304,9834.7780,9994.1130,9301.0741,13096.9204,12704.2115,12964.2459,11058.6921,13396.5863,3714.2179,13630.5481,10028.9764,10823.8627,12607.0762,3890.5224,6903.3055,8014.3978,4671.9093,10648.9582,11550.3624,11116.5449,1590.6892,10676.6584,12419.7822,9689.9471,8517.5893,7565.8238,13587.3970,8600.6091,9930.6298,13353.7082,6876.7473,10842.5387,0.0000,13356.2665,4045.5979,13176.2925,5710.8469,5349.3778,11236.2099,10974.8214,11678.0386,2074.0084,5126.6889,7366.8335,13085.1489,12159.1474,6874.3195,5543.0929,13770.6658,3661.0060,12650.7891,12285.2105,8260.3163,8586.2250,7654.6034,2263.5990,2487.5059,9563.2326,7737.5845,396719.3562,418970.1237,395945.0934,394846.2114,399100.5686,399204.1420,406175.6056,399842.8402,336349759.6029,336334462.4475,336355768.3742,336362571.8912,11625.0117,13501.7923,7518.6728,8602.4819,6671.0125,9527.5259,3978.4687,10664.8997,7065.1031,11417.0147,13740.4009,10969.9804,11515.2677,12673.0236,7553.5033,11032.1639,7374.8275,11435.4124,12184.6591,7027.4417,5165.9848,4010.2574,10237.8342,6005.3749,8845.7482,3722.7655,10234.3280,10474.6719,5518.8016,6393.0448,6874.8630,8664.2108,5747.8363,3922.1252,7186.9651,11766.3094,3082.6358,6960.6043,10994.4063,5174.1293,13814.1893,9624.6549,9898.6035,13327.5812,12084.7152,6373.3877,3960.1656,12573.5829,4323.3740,6006.7483,12364.1055,7626.7400,8869.8818,5861.6846,7328.6949,11285.4896,6167.9454,13449.7315,11366.5154,0.0000,1773.9834,13595.7865,3552.9337,11103.7068,12268.0588,4104.3737,6925.6637,3015.5949,12068.5551,13835.6700,12205.6613,8972.8570,9621.6983,9385.4713,12325.0961,6066.6721,11597.4292,7854.6727,1495.2934,8557.2511,7560.5577,11901.2920,11920.6904,12076.7825,10364.4968,9054.9909,384641.9708,406976.3594,383871.6127,382776.4832,387103.8647,387112.6377,394035.2724,387766.2421,336361407.4222,336346110.4702,336367416.3629,336374219.5658,9195.3109,9628.3143,13565.7218,7595.2508,8720.2424,9722.4689,10179.8249,11058.8461,12470.5184,6096.0769,9076.4956,4411.9800,10978.9404,13732.3458,10791.7950,5932.9335,12493.1747,1881.0571,6469.0726,13035.9705,10918.6242,7598.6310,7661.3574,13639.1471,13152.2826,3929.3749,8104.9933,9166.9423,6878.0027,13680.9549,11979.6466,11392.9256,10039.1030,12652.9334,5962.6628,12617.5796,7141.4090,10652.3841,10743.4117,6665.8813,3459.0627,4926.0447,5188.7989,12261.3210,9125.0785,10100.9346,2232.8878,8766.5071,10440.4696,10187.8900,5560.7939,4273.2350,12641.6116,5785.6244,12149.3916,12301.1997,7804.3043,10645.3843,0.0000,12495.7598,6761.0674,11560.0012,2389.5547,3621.3341,10537.7643,8366.9608,10629.4188,2180.1270,7329.7624,6184.5506,13238.6200,11566.1726,3504.8483,8485.7408,13543.7627,539.6905,13567.6708,10974.2443,5001.0684,8398.2595,10329.9427,2539.3615,1269.0675,7619.7819,8564.7222,395653.5364,417943.9115,394886.1042,393738.7309,398054.7531,398167.8036,405098.6423,398759.8965,336350644.1685,336335346.8234,336356652.8114,336363456.2168,12773.7204,10091.7913,11983.5714,11769.9670,13815.6703,6657.3321,10373.3171,6402.7561,4588.3737,10266.6049,7678.8701,2772.7742,10764.9485,5846.4804,12282.5178,6225.5786,7673.6701,12239.4570,11380.8894,13715.3771,11001.6410,12562.3279,9423.9763,12331.4022,9604.6281,7746.9750,13514.8238,13036.6963,11209.1768,8579.3189,11127.2393,13741.4241,9926.3126,9596.3527,12460.1678,11824.7256,5427.3958,11603.7578,4277.9230,10777.7388,9849.8683,4723.4063,4990.6589,11554.8832,13817.1921,7986.2941,13588.8550,11313.7128,3230.3336,12178.2647,11244.8137,10910.5910,12344.2547,8347.1155,10629.3179,2153.5172,5362.5696,0.0000,13162.1277,4043.1959,12407.0692,9248.7302,7132.8918,13704.3506,11394.5862,13838.5029,9069.5692,2847.1364,5998.9590,8415.5190,7557.8908,10886.5023,8507.4292,10948.3335,8731.0777,10611.6200,13748.7634,11385.0681,12956.1134,8460.3408,9347.9400,8770.0641,8059.5218,12097.1774,396880.3672,419213.9693,396100.3244,395103.7620,399380.1015,399275.1402,406227.9317,400038.9941,336349218.6880,336333922.2613,336355228.0066,336362031.2146,8674.5415,10186.1672,2485.5658,4738.7807,13685.8069,12341.5365,10642.1717,10983.7910,4729.6898,12063.7062,13048.7337,8662.6819,13691.7371,8654.6580,10889.7519,10633.8910,9108.0638,10735.1200,3858.0404,3746.9793,9246.5740,9724.5049,9064.2140,11006.2457,13229.1279,3138.5507,7096.0394,8351.7794,12932.7687,11576.8523,4287.8604,12141.0061,6277.4367,9519.8872,10085.3010,13416.6230,11061.9895,11008.3104,9691.6947,11381.0347,12142.6717,11953.0184,11179.8267,4285.8301,9667.7988,6332.8574,11553.4603,13492.0268,8466.5896,9356.5522,11462.8439,8045.6585,8351.9183,11693.1400,12986.1206,13737.9060,0.0000,7863.7809,10868.8627,10206.6917,10741.2265,11878.4890,3769.0793,11140.1767,4982.2546,8680.8203,11805.6328,13024.4882,12227.7308,13296.4719,9336.9471,6941.6100,10483.3817,9806.7595,8332.0246,6475.5309,9769.0662,1939.9362,7167.1214,8272.6207,9360.7730,13011.0840,1985.5014,387807.1159,410014.6078,387029.9419,385940.0160,390150.9695,390294.0018,397294.7544,390933.4490,336358858.5258,336343561.3609,336364867.2840,336371670.8865,12620.8894,9236.4784,9958.4452,10773.6111,10327.6570,4463.4620,11600.9040,8539.9588,13460.4293,8580.9611,1390.3953,9936.1388,12987.8165,4627.9701,13339.0752,12875.7325,6953.5277,8327.4458,9860.3119,12437.7137,1483.8504,6087.0846,13652.8916,12389.8261,9884.1797,12332.6592,2105.4761,8818.5560,9748.4792,9421.8788,7877.5036,11042.5227,7527.4141,12727.3644,9583.2920,10335.2170,11259.2444,13657.7161,13643.5033,12648.3842,6095.8286,11889.3764,9461.4952,13047.1817,11100.6100,10860.9462,9833.9136,13014.4046,13429.5765,7909.8053,12810.6954,4438.9950,8370.7217,11421.5507,10019.1159,0.0000,7226.4260,10943.4076,9443.3309,13845.6486,13527.3744,8730.4853,12330.2901,9081.6787,13004.9702,11080.8292,12935.9963,6013.4662,9230.6773,13488.1937,9118.9440,5259.7776,13375.7669,894.5873,9133.1151,13442.4003,10102.7400,7071.2234,12879.0467,13271.7991,12639.3161,9476.4824,387418.7023,409701.7730,386632.4334,385675.0393,389885.7206,389794.4314,396790.7170,390590.6588,336358908.7217,336343612.4201,336364918.1231,336371721.4305,11118.1815,6815.1327,8338.3461,5850.0133,13294.6940,11578.2792,12373.5230,6485.9328,12104.2127,12010.3006,9466.8861,2849.0669,13214.0409,8064.4286,1950.3449,8431.0803,8517.2631,10957.7190,1348.9517,12449.7237,8851.2444,4623.7729,6260.1899,7839.2879,4170.0462,11628.2628,8527.8472,5733.8363,7359.7065,8488.6861,11100.7301,7528.1251,492.0645,9585.8465,4514.1434,11925.6243,4464.9094,3993.8664,9864.2133,13100.4708,2381.1886,7426.2156,9344.8075,4933.0504,4263.2108,10818.7337,3277.2424,3721.9499,7850.7843,3499.7602,13788.0556,7469.9940,10875.3539,9718.2936,0.0000,7950.7954,11820.1740,5479.3483,6019.1117,7647.5151,8183.7780,1733.0594,7321.8130,9130.8490,11860.3308,7889.3714,10782.3129,8857.5796,4434.3806,12824.9839,9861.9395,7517.5684,12214.1634,6527.8924,2927.5361,9095.0140,13469.6731,9211.8301,8604.4431,5779.6601,10625.0038,389748.3642,412123.3553,388986.5997,387827.0232,392227.0207,392258.4233,399132.1701,392849.7823,336356160.7211,336340863.4882,336362169.4659,336368972.5815,6799.7258,13823.1848,13304.9327,10230.9476,9379.1973,2628.8741,11628.7739,12470.4375,9570.5292,13734.7693,9356.4165,10507.6149,9642.0938,9918.2871,12096.9385,6213.2456,1473.4013,10333.5919,10238.6089,10718.1489,10892.7586,13335.3999,5132.4203,8130.7221,9450.1239,13582.6209,12772.1588,6470.9014,13116.8668,4150.6457,11195.1436,10928.1919,13408.5204,12329.4265,9386.6117,9666.7513,11448.3729,11008.6075,11484.8710,12214.1227,6483.8616,8276.4166,7993.0884,12686.6234,13056.6977,9072.9791,9569.4604,12684.0143,8732.2612,7654.1372,12838.3646,12014.6923,13682.8274,0.0000,9803.4640,9286.6383,11761.1005,10275.5463,11131.0444,6095.1167,12041.4422,7204.4311,7304.0953,10395.4153,12513.5058,12813.7886,13715.7042,9345.7663,4826.3434,11709.6692,8907.9137,9127.7498,8570.2084,10137.6821,3091.6066,5623.4141,6864.0528,8155.9399,13118.1339,789.6149,390043.9025,412232.2347,389265.0410,388182.9725,392373.0898,392527.4998,399541.7020,393172.9656,336356729.4291,336341432.2668,336362738.1844,336369541.8522,12379.7286,9653.5507,12348.6291,12715.5110,8895.7540,11088.3803,13734.3274,9324.2309,12807.8405,5853.4698,12461.6237,10799.5390,6016.3002,8629.1470,2244.9554,7507.5513,5652.4426,10587.2818,7124.4185,9423.7254,11500.7630,1822.4893,4059.3874,8749.0334,11285.5794,8658.4529,725.9851,10256.1506,9272.3230,6820.7674,6863.1262,12695.5985,7782.9765,12875.0732,8090.5475,9437.2593,12698.0443,13213.8002,7815.0868,751.9484,10713.8529,2102.0362,8355.6359,13520.4187,5898.6733,7362.6556,9183.8969,5426.3164,11249.1192,9351.9577,13574.3004,13013.8987,0.0000,5249.8329,12724.4285,6805.1673,9836.2209,11499.5740,1744.4642,7894.0625,1344.4190,9828.5320,13322.2369,12322.3912,11572.6539,11930.0808,7739.3059,10579.0421,9201.8833,9867.7044,9340.9698,2522.5476,7407.0411,4106.7611,10805.8065,9556.3281,10069.3152,11207.0229,6133.1527,386000.8792,408277.9518,385231.2647,384099.4928,388394.6551,388507.8503,395453.2010,389112.5420,336360324.7970,336345027.5384,336366333.5026,336373136.9016,4710.4515,9188.2971,9493.0831,13464.1499,6599.4559,5709.6005,10601.5536,1529.3144,10121.2396,8883.0943,8989.9675,9594.2911,7634.9259,12768.4958,13432.0234,9359.4728,9742.4035,9547.6229,7888.2844,3123.5268,12975.5499,11275.0714,10716.8512,3476.6954,5972.3808,12493.2801,5416.4472,12788.6287,8926.0865,8397.9620,1918.6512,6668.5567,9541.8143,9512.0668,7395.3804,7541.4284,7820.1690,6842.2702,12575.4095,10456.6046,11530.5181,6112.0936,3801.8711,10279.4214,9601.6186,6481.3053,10532.9537,11690.1339,5887.3841,6069.5204,1821.4268,0.0000,10493.7651,9334.1088,8050.9443,8742.1774,7471.1266,12739.3227,6965.8637,12238.6323,11250.2843,8438.9132,5059.8053,6027.4169,2385.4656,9684.5635,12720.2951,8219.0851,9708.0476,10852.8334,11377.2795,9199.2744,13541.9127,12529.9110,11541.4921,10587.7013,3790.7853,13792.3645,393329.1825,415753.0508,392558.0465,391519.5490,395900.9794,395740.2963,402622.1557,396472.4764,336352367.2944,336337070.8133,336358376.5947,336365179.5159,10757.5310,12233.3121,13750.8851,8290.7952,9222.9105,9587.4985,5562.1590,8307.7550,10535.5571,10615.9762,7546.1153,4575.6805,10207.5181,13317.2118,6690.7427,9542.3635,6493.5900,8144.2227,5039.1382,10808.9167,9098.5129,9356.8731,3234.4599,1467.2169,9831.2948,3319.4246,13497.4149,5270.0627,6166.5880,5812.3476,2285.0592,12339.3892,9088.2577,7379.2034,10544.5128,10149.8265,3606.1204,9904.9052,11982.5532,8696.9103,1882.8911,7926.6159,8636.9101,8705.7620,3267.3273,8775.3324,12574.1322,2575.9066,9893.6299,6042.1826,0.0000,7101.0611,12119.4015,3766.3987,9477.2307,9512.6792,10190.8616,4325.0996,9324.9234,12261.1266,11648.5409,8006.2539,6172.8620,3992.4488,9142.8857,13854.1305,6113.4226,10744.7063,10014.4497,8031.3487,8057.7952,12121.4042,13547.3470,12412.8312,11724.5713,5254.5244,13050.2610,389051.8755,411479.8179,388284.3040,387211.8132,391614.5604,391488.4571,398357.2668,392183.2544,336356617.9102,336341321.2542,336362627.0855,336369429.9949,8753.9616,8631.5626,11929.4933,4956.5652,5538.7871,8003.9585,13643.8598,410.0398,11702.5500,13570.3305,8989.3041,11237.6835,10233.2435,13441.6826,3911.2513,9144.6477,12896.3422,11110.2258,12050.4561,13530.6497,6232.0282,8497.3395,10783.3796,11961.5150,8611.0317,10320.0890,10109.3654,13295.1995,7532.8874,11494.7139,8276.0322,13380.9417,13007.6920,10017.5818,2052.2047,12566.4189,12019.3695,11435.7866,13014.3645,11691.8467,6822.0089,13602.0465,13452.9372,9311.2990,13538.0406,3572.6159,9474.3868,8197.5732,7855.7104,0.0000,10370.7889,7946.2745,11323.1462,12820.3672,11703.2535,11482.2964,12805.1723,11831.1964,11840.0251,7781.1711,10839.6915,5929.7429,8250.8647,13312.1580,7927.9501,7581.6924,12164.3885,5252.1564,11867.5616,13545.5614,11729.2332,6047.8364,11847.4680,11986.8315,11458.2635,10651.8883,391722.0341,414015.3577,390934.7089,389993.9442,394206.0366,394082.5764,401076.6590,394899.6926,336354583.1851,336339286.9949,336360592.6685,336367395.9519,7975.1053,6834.6694,7070.0735,12308.8220,9250.5222,10811.5836,8777.3319,4888.0801,11102.6198,13337.5870,12908.0710,8199.1856,11855.7491,11483.2277,13680.8315,8286.7399,9121.9931,11949.7021,11423.6738,12612.6799,11469.6504,12766.4542,12709.1632,12483.1959,6029.6928,13727.6187,11266.8194,8897.5066,12763.0652,645.9295,8836.0923,8966.6944,3168.3895,8277.5030,12074.7616,12776.2568,4182.2541,12484.3708,12510.4334,7224.7819,10542.8993,9490.0952,13034.9500,10678.8470,8867.2298,12775.7394,4176.2435,8863.7411,0.0000,13839.9748,888.6241,13465.5682,7206.1563,5571.8218,12759.8841,11636.6019,13128.1748,5272.4573,1804.6479,6412.2408,11568.5461,10677.9698,8894.0623,5956.1126,13086.9578,5769.3157,12003.8491,13484.8211,9966.1805,10784.6567,7275.8745,5542.7394,5216.2997,9078.7121,9718.7268,397781.2022,420058.4827,397003.3836,395953.8613,400206.0528,400224.8208,407196.3104,400921.8576,336348568.7341,336333271.9014,336354577.7450,336361381.1628,11698.6154,11075.9572,9232.2559,13130.3253,10879.8915,8943.3373,9558.6028,11376.8274,12506.4188,8097.9809,2423.7421,11817.7746,9471.5339,11382.7649,11516.2375,13361.9718,7417.3303,9998.4320,9331.8537,13436.2535,13397.8857,8532.0976,13196.7843,3668.5798,12039.5933,12172.9357,12738.1020,13185.8675,7835.0309,10676.9450,12115.4433,10180.0782,9917.3654,13197.9792,8558.0779,8016.9511,9973.5563,13473.7749,11996.9165,10593.7529,10755.8731,13043.3608,10341.0036,5814.0760,13183.7668,10838.3745,12993.9763,0.0000,10929.1440,7718.7806,12763.1318,10748.9986,10990.4249,8080.6564,13036.5642,9118.0999,7390.4301,8866.8400,12168.1763,12292.5874,13387.3373,10423.4543,2477.2970,11825.0301,9158.5069,8688.4662,10276.7131,11326.5356,5586.4459,3201.5640,7030.5427,8250.9143,13241.6718,3390.0135,391636.9648,413821.4928,390854.3439,389808.7246,393976.5525,394093.7414,401121.7364,394778.7091,336355163.6867,336339866.7138,336361172.5781,336367976.2496,9012.9593,13473.2829,7528.8547,6605.2498,11806.4755,3281.6917,6542.8704,11422.6709,12254.7356,10743.0544,7302.9673,13061.8801,12343.8594,2476.8210,4097.5870,11173.3312,8245.7361,13465.8921,9113.8236,9111.1275,11428.1701,10294.9164,9348.8747,11543.9350,6147.9320,7539.9533,8721.2463,7314.5240,4362.9060,2778.0115,4104.2695,11094.7532,7058.1003,11505.5407,5369.5465,9784.8229,8120.4213,7474.0460,6521.1225,5009.4399,10599.7211,6930.5731,12866.1231,10071.2020,5821.2535,7412.7077,0.0000,12190.4044,7316.6270,10110.1774,2591.9554,1551.7789,11963.6638,6334.7350,11672.6729,6171.7052,7039.5867,2318.0264,11185.5217,8487.1468,4680.0005,10859.9014,12185.5011,3947.6268,13484.5735,11391.2094,5021.5142,11123.0421,12010.7146,6587.3424,5178.0305,3617.2737,11490.0903,395893.7541,418258.7621,395127.9591,394002.5710,398374.7853,398379.1844,405270.9336,399007.4662,336350055.3313,336334758.2505,336356064.1824,336362867.3424,9155.0005,4425.5576,12882.7568,4642.7470,9613.4290,12686.6410,9661.7371,13387.2882,11999.9853,12710.4901,7609.4123,10830.3558,10710.1985,7810.2958,13680.6694,13512.2630,9650.4627,6783.4554,9918.9542,13593.9387,8062.2062,11144.8303,11089.6036,12056.0660,3946.6043,10677.9678,6730.4968,11904.9987,10729.6271,7016.1589,3075.0954,11187.4363,13669.4434,10078.0367,13635.5023,10478.4843,2213.7539,12866.6865,12185.5421,9222.4048,12994.3377,7865.0281,9008.9906,4335.1377,4022.5296,0.0000,12034.4978,6442.6697,11331.9590,10729.1264,8880.3804,13470.6084,11257.7059,13497.8540,10987.4959,5463.4523,7227.2402,6060.8574,5824.4729,11987.8356,9715.9197,9038.2812,10520.7807,9114.1891,13195.6729,12168.7880,13478.6011,8987.7016,11210.6059,10707.3818,8283.2165,12767.2722,394964.6442,417319.5249,394183.1962,393213.4484,397496.0336,397335.9792,404283.0932,398132.2171,336351050.4894,336335754.2552,336357059.9532,336363863.0702,9885.8294,12549.7520,5637.6255,13581.9150,12372.2347,5857.7081,7700.2250,10279.7468,11805.4200,1895.2669,4819.1245,13495.4486,12162.3305,9478.2389,11855.8482,790.0399,8312.3652,8868.3362,8797.1677,7102.1169,11597.4018,6342.4386,12162.9191,9587.4057,9453.6559,12020.2120,13471.7269,13401.5225,13081.4856,6928.9396,11171.6880,8835.4611,13436.0921,10445.1047,10050.5789,10159.2810,12620.8985,13157.1334,6948.9905,12405.5730,5721.0820,7478.6016,11927.5674,10041.7895,0.0000,6058.5877,11706.6787,8408.0562,13838.6744,13688.8348,8129.9085,11689.6902,8334.0181,13342.8688,11811.8004,13041.8110,5666.3071,8906.4759,13295.6472,9997.9414,4165.6395,13550.6085,684.2095,8219.4658,13096.7623,10012.4768,8127.2254,13216.4835,13559.4183,12401.1830,9701.1538,386416.9826,408714.6042,385632.4674,384664.2567,388893.3326,388798.6726,395783.1111,389585.1988,336359832.5907,336344536.2571,336365841.9722,336372645.2366,11087.0639,7670.5540,9536.0243,10616.0344,7601.4769,12942.3881,13373.2826,10378.8635,8812.8787,9474.6762,8946.4414,4512.8557,13298.4765,12072.8541,10100.5880,3406.2981,6651.8705,12837.8663,5343.5644,12752.5240,9112.8917,9524.6305,503.7514,7505.0894,9196.4687,10471.6666,8561.5339,7704.8850,6500.5757,7991.5329,12918.9191,10779.0848,12187.5744,7087.3707,2737.5771,11216.2811,10583.3136,6599.5297,11427.6865,10772.1876,6116.1562,5734.6821,542.8203,0.0000,10637.5212,8957.7652,8638.4721,9624.2019,8168.6802,12966.9349,8174.1264,12570.8057,11605.8020,8000.4002,5803.8692,5120.7578,2112.9023,10616.1027,12286.0255,7830.7828,10313.8978,10113.8805,11787.8923,10257.5468,13748.4845,11860.4785,11877.7726,11036.2970,5154.9751,13781.7683,393401.7652,415816.3742,392627.6805,391614.4880,395974.3289,395795.5928,402691.2999,396553.8780,336352339.0551,336337042.6960,336358348.4419,336365151.3815,13639.1700,7002.1277,911.4122,10161.3521,7806.3497,9083.3375,2166.1827,13095.1630,10040.5755,4310.2526,7926.8606,6357.3659,2030.4667,12177.3323,10565.5732,8094.6255,6461.6147,10497.4522,9218.4537,9018.0961,2488.6568,11102.2736,6928.5225,11215.9037,2870.2890,4291.6257,9550.9701,13695.6660,5132.2480,6518.9777,7828.4555,3995.4273,6838.2579,11855.7730,476.2477,1928.9526,9851.3574,744.1953,13460.9930,9575.5243,11156.8252,11233.9734,0.0000,8803.0835,11160.3784,7448.8078,5050.8538,7303.6499,7349.5681,4480.1066,6806.7864,7257.5842,11512.8856,8482.2282,12310.2247,10778.8905,2618.6456,11478.4074,11283.7761,6044.3484,12611.2292,6660.2584,1763.2421,7194.9390,12531.0335,7243.1499,6908.1757,7370.7477,8801.1439,390395.6000,412724.2565,389633.2027,388455.9067,392823.0787,392926.4465,399823.1731,393491.0751,336355727.5375,336340430.1182,336361736.1368,336368539.4079,11681.5011,13542.4200,8847.5772,11392.3900,10491.7392,13399.5173,3951.0936,9109.4755,12815.9912,10878.3588,12211.6533,13576.9729,6325.7394,8202.1183,10599.0355,12089.3872,8370.5470,10533.2180,10038.4223,13220.3761,7200.8091,11342.9267,8305.7412,13359.8307,12904.2255,9929.7583,1696.7175,12428.0720,12148.8282,11486.3378,13074.0310,11521.4370,6509.4320,13606.9641,13434.5504,9122.5505,13555.5627,3974.5802,9269.5895,8024.1586,7522.3155,0.0000,10385.7947,7974.0377,11215.2689,12773.3431,11611.1802,11632.9270,12675.0824,11940.8124,11926.2306,7739.7103,10658.4472,5641.3341,7930.7790,13301.4266,8208.6949,7461.6850,12173.4187,5396.2692,11923.8452,13505.9246,11938.5173,6393.4956,11949.4697,12036.6491,11244.7780,10912.5235,391808.1628,414108.6501,391021.1602,390080.8311,394299.2090,394167.1626,401156.9301,394985.9443,336354464.3116,336339168.1374,336360473.8081,336367277.0691,7347.6067,12831.9228,11824.8002,8495.8715,8398.2549,13238.1397,13236.2084,3938.4213,7068.4831,10348.9851,8143.9443,13616.6035,11170.0879,11155.7727,11068.4177,12107.0907,6630.2351,12728.0862,7646.0926,9390.3893,10695.1802,5484.5250,4427.1734,4844.1256,3378.4225,11226.7828,9183.9614,11137.3783,2147.1564,9857.6531,10300.0412,8716.7400,6711.2060,5275.4615,12314.3028,6991.3357,11823.8424,11922.1088,6100.7867,9327.8038,0.0000,12871.1808,5584.7361,11688.0867,2493.0257,2045.8288,11502.6009,8463.2437,11551.5658,3107.8876,5893.3454,4626.5016,12479.0983,10579.5566,4587.3560,8558.5184,13271.7018,1379.3399,13432.6238,11739.1468,5801.2567,9644.0694,10230.6980,3592.2877,2091.9206,6666.0738,9593.7120,396635.5444,418944.2249,395866.8928,394740.7142,399061.7717,399130.9868,406057.9330,399749.3379,336349569.4644,336334272.2683,336355578.2190,336362381.5636,9593.4797,7933.1358,9694.9619,1373.0696,12901.6546,9615.5391,4307.9552,7412.9008,6737.1652,2535.6416,11988.4055,9949.1156,7342.4099,6621.3462,9873.0409,9852.9781,8488.7418,1616.9768,10663.6616,6144.0044,11490.8862,3277.6442,4077.2382,9682.6510,13552.1727,4266.4982,6682.0138,8340.7705,4071.7794,6022.7813,11574.6210,1367.9774,2354.3375,9211.5781,1591.2508,13593.8262,8908.8241,11112.6193,10797.2256,0.0000,8447.4134,11418.6706,6764.7418,5312.8887,7409.5016,7509.8686,3620.0819,6837.5887,7885.2117,11673.0858,8306.3881,11850.8216,10206.2714,3110.5913,11945.1608,10821.7303,6516.6127,12481.0301,6468.9754,1834.7282,7762.8500,12862.9882,7902.7894,7471.2371,6870.2057,9375.4066,390104.7714,412448.4498,389342.7479,388169.4466,392548.1466,392630.2036,399518.9578,393201.5697,336355948.1822,336340650.8140,336361956.8219,336368760.0431,8185.9563,12557.7623,8597.6833,6313.1875,2435.5624,11145.5104,8881.9289,9741.9051,10037.3796,5485.7773,4537.6309,3567.6062,8483.7887,2553.7935,13483.5303,2170.7826,8760.1240,7603.7017,4441.1671,13270.5732,11495.3983,10632.9379,12679.4311,9127.8875,6762.6518,8541.0935,13563.4489,8678.1757,5089.3797,9380.7318,10433.5588,10999.2909,1432.8145,10346.4774,10412.3838,2135.9118,11700.0846,8025.7199,0.0000,4078.6619,12987.8476,3525.5447,12147.3453,12278.0613,8416.7524,7572.1329,7727.4057,13591.3507,12751.6414,11115.1437,4454.7730,5738.7046,11405.4468,13104.7422,1929.1786,12797.0864,6432.6342,6518.5326,10555.5108,11180.9345,12089.9939,13594.1379,13397.2988,9123.4373,11907.4112,386020.0512,408408.0498,385245.7922,384219.6182,388560.7655,388429.8741,395340.0149,389167.8368,336359809.1974,336344512.7185,336365818.4930,336372621.5013,7239.9355,7507.3044,9153.8500,6256.3472,10915.7347,12408.4767,2477.5348,6137.0810,7103.8207,11298.9064,9123.8582,1524.8459,10072.8267,9362.1199,6493.0537,8596.0608,12771.8145,8537.0151,12958.3501,9760.3528,10951.9824,13301.6161,12377.8506,9101.9241,1508.7783,11525.4509,4244.9952,9217.4430,13512.0096,7831.4532,9127.7227,9034.5949,7385.2861,9865.4304,9349.6619,13825.5712,13138.7646,0.0000,4551.9240,12771.5852,7265.9383,11233.1021,12555.1514,560.5163,9320.2907,1494.6643,10696.1957,13391.9171,13184.1057,10911.2851,11994.9257,9420.7275,9993.2846,8323.8798,11023.2156,7666.5279,2946.9509,9202.1604,4231.6405,9758.1872,10395.4004,11056.3604,12220.2274,5682.0182,385227.6940,407489.0799,384453.8632,383356.5366,387619.0614,387711.9845,394678.7005,388351.4410,336361161.1433,336345864.0427,336367169.9603,336373973.3913,10275.4053,10726.5295,11419.1528,10139.2087,12794.7815,5893.1809,8111.0992,10222.9129,13563.0351,12935.6375,7287.1126,13317.3406,2691.5130,11783.1976,10713.8383,13042.6649,12484.2945,8250.2988,8969.6826,10787.5944,9903.5655,11298.6762,12147.8282,7310.8247,6974.7942,8373.8517,12740.7618,12513.5696,8753.2794,9006.6418,12999.7190,8473.4185,7839.8711,13078.6983,11116.6539,13275.8100,0.0000,10587.5069,8185.9462,12135.7117,9345.3406,10102.0619,7062.8088,11877.9973,8049.4466,6004.5925,9364.9370,11654.1025,12984.3293,13564.4425,8675.7602,4004.2802,12233.6828,7793.2978,9838.3966,9304.1586,9649.3003,3781.7187,5424.7266,5558.9324,6915.6713,12555.5195,1849.6906,391470.3218,413662.5189,390692.1740,389604.6244,393801.0826,393957.0812,400967.1154,394597.5243,336355288.9669,336339991.7782,336361297.7034,336368101.3691,12421.1808,8640.9721,5267.8010,7433.7644,6707.6098,2984.9918,11371.2129,9293.9137,6318.9893,6247.1081,9022.7937,10668.4772,7398.6473,1406.5404,10453.3264,5041.6655,12194.9762,4557.6426,4844.1356,10439.7511,13449.3858,3359.8012,6308.0698,9415.2199,3675.9220,5018.7873,11605.1955,2624.6445,3670.3489,8231.7153,2670.3474,13604.0023,7955.4350,11563.5407,10622.2415,0.0000,7457.6955,12090.4994,5559.1953,6433.0314,8294.9809,7132.8176,2949.4145,6272.4986,9000.2519,12274.0443,8820.9681,11228.5896,9706.6299,4412.1318,12502.5291,9952.1873,7666.3859,11979.2469,5615.0033,3059.0240,8078.2181,13172.4126,9006.4409,8611.7344,6963.3302,9780.3405,388997.3834,411353.5065,388235.2132,387069.8111,391455.5399,391515.1305,398398.9645,392096.8736,336356993.8342,336341696.5356,336363002.5274,336369805.7024,5966.1757,13431.1576,11630.5329,10670.3344,12648.5748,2625.1826,7699.3140,9091.5466,10116.2130,6871.5581,11650.0560,7294.6045,12575.2313,8470.0864,9839.9628,11135.7833,13657.8143,13351.2730,12281.1294,5194.9286,11484.8399,10163.8610,13146.4813,11501.8752,10303.0414,8826.9269,13151.2057,13455.5099,7123.2567,12998.1098,5059.4957,7550.0980,10786.4990,8909.8017,0.0000,7430.4248,10808.1807,9112.3336,13716.1689,13207.8166,9527.7569,11962.2730,9718.7339,13247.6004,10759.0873,12330.6115,4670.2698,8076.7454,13527.0328,9765.3268,4540.9254,13396.9910,1933.6997,9548.5370,13401.3887,10994.6153,7795.7340,13178.2036,13403.3597,11946.9614,10461.9817,387916.2501,410223.2962,387130.5770,386179.7713,390408.9829,390282.9052,397266.1786,391090.3694,336358306.3121,336343010.0918,336364315.7776,336371119.0087,11764.6291,10466.7400,8182.1551,9432.5779,4193.0988,6746.4640,5272.2078,6836.2840,4891.0295,12782.0746,1688.5619,9153.2106,9394.8277,5635.1056,13602.1318,11689.6167,11384.7890,13450.1455,9794.6982,7713.6152,6879.6001,13645.1628,7686.9349,6448.8538,10854.5670,10271.6358,11116.6603,3771.7937,10067.6930,9740.1444,4399.0343,12757.9883,9833.1463,0.0000,2111.7487,13323.2554,4094.2925,12608.1541,13048.7519,6583.4864,8445.6480,6009.3425,13439.6872,13332.6470,12337.5781,6004.4565,7829.4947,11519.4926,12397.5847,2568.2080,12997.7853,5346.3605,5003.9602,10788.7149,9711.7559,11306.0746,13349.2097,13424.1432,10601.6857,10492.3732,384752.3547,407104.1941,383976.6835,382945.1586,387255.4162,387172.7379,394104.7280,387898.5805,336361224.0422,336345927.4661,336367233.2595,336374036.3809,5157.0968,9619.1133,6109.3544,13349.7565,9713.7713,8665.8652,9871.5464,10484.6587,9150.3846,10811.9258,4197.0740,8981.9300,7928.1427,8783.6017,2105.4379,1015.5158,6106.3921,12374.9578,5901.5184,9943.5596,5721.4291,7882.6226,7416.1836,9301.2652,4228.6005,2654.1735,10436.8408,4687.0669,13405.1020,9956.0790,7969.4370,8948.4380,0.0000,11215.1206,8780.5884,9175.7059,1664.0847,3379.7843,10551.4311,5027.7991,10168.5827,5960.2905,8801.7579,4660.9508,11850.5574,9401.4539,2460.7352,11169.1816,12119.0807,3701.5125,13527.2752,9914.8899,2624.6670,9795.4362,12416.8570,6256.6301,5069.2946,4516.6532,10596.5892,394229.7463,416584.7120,393466.4616,392311.0735,396690.3580,396739.2922,403627.0137,397332.9138,336351772.6221,336336475.3612,336357781.3409,336364584.5370,12093.3171,9455.9921,12147.1291,5705.4479,6261.9803,11778.5519,7185.0248,11963.0051,9519.8848,6213.7042,4753.1844,6316.3649,9377.4331,6994.8210,4552.5724,6563.9726,9987.9376,5334.7607,11860.7316,8897.7236,10232.9551,5553.9156,5837.9273,8076.9848,7148.5334,7736.0918,8432.2504,12950.0780,7084.0676,6379.6420,4622.4647,0.0000,10822.5094,9250.8615,8005.0170,6229.2475,5366.3227,12244.1980,5059.4130,11675.8488,9626.1746,8568.9591,3332.0121,8515.0008,5074.2678,7238.2570,12710.8652,9849.1852,7658.7970,12361.9289,10884.4120,6695.1710,12647.7919,13098.7662,9959.0142,8795.4815,695.4176,13187.2055,393945.9761,416363.3254,393179.6443,392088.2872,396491.1132,396397.4465,403266.6718,397071.0299,336351774.3936,336336477.6070,336357783.4706,336364586.4387,4515.5652,8990.1534,12139.6891,9933.7185,1694.4621,11250.6944,7857.2190,8126.1777,7788.1145,13128.4966,9136.1129,12097.8359,8139.5392,9820.0246,12313.4398,13046.7224,9030.5925,1691.3431,9915.4004,3363.0970,9643.3103,13648.9717,6264.9942,7554.3830,10326.3453,5779.6066,10506.2905,10492.0294,13344.4377,13436.8536,0.0000,6497.9546,11966.3923,8279.9107,9721.6269,11339.0230,1971.4103,8992.0835,2671.3717,8904.5442,12724.5181,12437.8642,12162.6805,12651.2860,7762.4571,9250.7014,10049.1080,9363.6883,9362.5606,4159.2812,7805.3973,2317.4964,9657.4084,8563.4868,9320.4471,11789.1654,4421.8640,386876.9719,409124.5116,386105.4851,384977.8443,389244.3970,389385.5171,396349.9661,389990.1298,336359592.9095,336344295.6164,336365601.5835,336372405.0750,11415.9897,11235.0693,8584.8436,4702.7648,10837.0661,8799.1378,8592.8228,3982.3196,12036.6324,7425.6907,11767.7519,4474.8053,6183.1187,10674.3541,13883.3951,6171.4570,4748.7895,8510.4131,2343.9915,7580.9517,12769.2390,2008.0331,3646.1057,10013.2215,1503.0971,12914.2431,9879.7228,12179.5695,12231.9056,0.0000,7905.7509,11693.1411,7426.6580,6584.6955,8761.3831,5633.6236,5767.4974,5179.8260,7682.8091,12208.3221,9994.5734,12515.5513,11593.0789,4124.7870,11009.8056,11012.5878,7067.3241,11881.9745,5362.1369,3731.1364,5585.5282,11953.1616,7532.6861,7614.0619,8969.4965,7484.1528,388981.7624,411284.7375,388217.6554,387044.2908,391385.8456,391514.3366,398428.6224,392078.7173,336357252.2763,336341954.8340,336363260.8536,336370064.1983,8329.6281,8537.3091,8217.3846,6980.9195,11654.8293,5763.0283,11797.6546,9828.4696,9059.7029,12357.4646,13252.4599,13231.9819,13293.2894,7567.6144,10811.3739,8253.1938,13501.4656,9901.9508,9704.6202,10524.3040,12263.5826,12887.8055,6664.4086,12030.8313,6275.1531,7225.1572,12261.9778,10286.5946,0.0000,5348.4154,12050.1363,7900.6732,13745.4748,13737.1435,7548.6247,11352.0505,7706.1482,13346.6398,12184.7609,13145.5780,5905.9923,9011.6215,13063.9906,10248.1472,3904.4462,13517.6560,1254.8464,7558.1863,12807.2889,9670.5689,8488.7375,13207.7072,13560.6457,12357.8839,9520.4785,385882.0326,408181.5730,385098.5808,384120.1470,388355.9702,388271.2180,395251.6320,389046.7507,336360351.1176,336345054.7316,336366360.4615,336373163.7235,3944.5222,11286.6569,2058.8332,13595.4212,6247.1961,8748.9117,3575.6697,5152.0672,11421.3846,10856.0729,9139.8012,10153.8822,7601.1328,6569.4434,11361.8060,12336.9610,10772.2773,4999.1840,5798.8143,10801.2131,10664.9865,3384.0124,10920.1502,10997.7871,2908.4550,8645.0277,3916.3821,0.0000,8093.6888,11155.2225,5950.7401,10720.0475,10027.9129,11393.0547,7127.6541,10791.8702,12831.9682,10482.8325,8066.3367,3471.6365,1312.6725,10919.6709,13204.0166,5149.1712,11589.0658,8730.6241,9716.0420,10188.1292,13100.9944,12485.5788,13003.6872,12365.6290,6212.3383,13509.5452,390038.5115,412461.2820,389265.4022,388246.9644,392617.0416,392435.5038,399324.5373,393188.6467,336355662.4343,336340366.0636,336361671.8153,336368474.7198,8806.1847,3191.9529,13405.0290,3907.6114,6105.7600,6832.6887,1377.6746,12856.9858,9294.3944,7945.6966,11331.9145,10444.9191,3592.2825,8875.1383,12353.2944,7842.9588,1659.8085,8867.7481,8442.4593,8793.3163,2480.4786,8499.9591,12322.3487,1983.0195,10785.4292,7122.5665,0.0000,5763.0571,12627.2965,2359.7391,9971.6633,10275.8157,9137.9583,4464.6100,8209.4365,12474.9205,12287.2907,9042.6484,6223.6095,4944.2074,9287.6193,13756.3105,5315.6162,11131.1985,9325.7918,6822.3567,8161.2118,11426.8720,13354.1718,12567.8145,12037.8744,6398.4560,12476.3580,387754.1982,410170.7152,386986.1704,385911.9155,390304.7371,390194.4158,397070.4306,390885.0805,336357957.7562,336342661.0697,336363966.9071,336370769.8505,10196.4927,9187.7115,6701.2750,7414.7206,12704.3981,8022.0767,12834.3239,8587.9763,9900.8904,12839.4100,12917.5332,8228.4747,83.3976,10896.9706,2791.1445,8631.9896,13492.5003,6493.7161,7896.5837,9134.4171,6028.0644,10758.4080,9349.5168,13612.8630,13038.7219,0.0000,4991.9550,12672.6293,6943.1571,10239.9593,11793.5959,1018.8044,8350.8987,991.0670,10020.4256,13286.6529,12567.6477,11355.6854,11944.5492,8238.1927,10296.4058,8918.7015,10173.6500,8794.1120,2526.8910,7960.6658,3940.3990,10393.6895,9734.3812,10309.4482,11517.9094,5834.0549,385785.9508,408056.8270,385014.9453,383893.9688,388177.7068,388286.0332,395238.9140,388901.4146,336360564.8387,336345267.6272,336366573.5772,336373376.9904,13756.5584,4451.8024,8778.2965,5424.5517,4494.3356,12417.9020,11291.3514,9910.4743,11463.6667,8171.5389,6518.0476,10264.8178,13096.1816,9962.3440,4709.3388,7457.4433,10762.4998,10949.1833,1501.2212,10793.7616,10754.3226,1352.0570,10151.0270,5816.8783,0.0000,6401.3453,12137.8796,4659.4977,11526.6799,11209.4097,10230.2476,7250.6249,9573.1114,13387.7095,11649.1531,9577.8288,3217.1448,3327.3711,11287.8115,13328.6615,3382.0802,12325.2532,7615.3097,8402.1406,10463.0262,12445.2824,12425.0846,13485.5310,13037.2152,7572.8833,12995.4321,388070.6059,410483.2343,387296.9136,386278.7859,390639.0525,390469.6010,397365.7080,391220.9302,336357666.5417,336342370.1535,336363675.9082,336370478.8395,12988.9737,10778.2283,12415.8049,12993.2314,6168.1323,8255.4046,9948.0406,7921.0245,10992.4675,12335.5405,9226.6727,4777.0084,9636.7440,13066.4018,11532.7457,8836.2300,8574.1776,13673.8281,8697.9716,8416.6583,13626.1400,9477.2159,12565.0899,0.0000,12160.1108,6186.2887,13027.9337,8026.3521,8403.7650,9139.3178,11919.0981,9923.9689,3984.8306,7475.3474,10197.4188,13316.0390,13345.8466,8048.4646,3356.1427,13234.0969,6124.2941,11169.4583,10945.3218,9303.6304,5928.0317,5662.1440,3595.1511,4977.4052,11709.2931,4472.0482,394082.8017,416286.3962,393305.4711,392214.9073,396423.0581,396569.4735,403571.6868,397209.0559,336352627.2858,336337330.0950,336358636.0222,336365439.6679,7877.5328,9110.4306,4107.2897,13720.9347,10791.0783,10330.8042,13132.8555,10508.2035,6250.0041,6751.1352,13355.8164,6940.5891,4971.0309,10773.3498,9305.0967,10164.2329,3051.4478,9140.6230,10867.1926,3543.1339,12611.6793,9514.7143,0.0000,2171.1783,13460.6272,2446.5932,11820.1182,12405.7990,6701.8251,7042.3945,5860.3808,13164.5131,13418.2173,11668.5394,6422.0585,7386.1737,10642.9397,12982.7673,3424.4090,12460.7112,6843.3636,4517.9739,9734.3951,9839.8646,12170.1460,13107.4209,13040.8272,9608.8533,10887.9905,385041.0366,407411.7457,384268.6555,383213.5354,387553.4063,387475.6890,394388.1732,388178.9721,336360852.0243,336345555.3562,336366861.1788,336373664.2524,9631.2371,4921.8197,11631.3459,3977.8326,3614.3381,9546.4242,13095.1760,2770.8078,7481.5874,8928.6851,4970.9388,4649.7307,10770.2303,2896.2371,3239.2804,8185.8110,3165.5087,13734.9685,7800.6587,10669.1719,9751.3679,0.0000,8243.0915,11536.6105,5889.2981,5566.9390,7276.0623,8244.4908,2033.0758,7440.2148,8708.2914,11601.2778,7651.5242,10975.8221,9018.4631,3951.9839,12584.3032,10137.5558,7072.6933,12342.3375,6743.5924,2436.8779,8939.2162,13312.2983,8795.2449,8169.2773,5700.0534,10439.0665,390136.8098,412506.9537,389375.0309,388213.0252,392609.8800,392649.4117,399525.3726,393237.4182,336355794.9385,336340497.6820,336361803.6651,336368606.7985,7675.9380,8819.6316,10460.4146,8646.7179,7490.1592,6018.4510,8182.2011,12785.2127,10552.5664,12140.7888,7297.1747,2345.8118,11214.8263,10585.8630,6675.9981,11413.2605,10308.6535,6230.1607,5439.2391,466.6085,0.0000,10566.8043,8572.8724,8736.6164,9588.0374,8097.1322,12803.8840,8354.4304,12454.3372,11380.4667,7622.4415,5805.3731,4952.5128,2325.4000,10594.3281,11863.0617,7726.1084,10175.6807,9791.0977,11725.2557,10297.0548,13515.9269,11405.3906,11644.7837,10843.7244,5370.6662,13478.1245,393461.4500,415868.2107,392686.5574,391677.2726,396027.7572,395853.7373,402755.8156,396614.9977,336352312.3307,336337015.9777,336358321.7202,336365124.6839,12910.7294,8365.6838,7194.6005,11276.1574,11252.5269,2469.0474,8090.1310,11899.9477,6748.0828,914.5874,9572.5888,7305.6000,7780.6437,3636.6228,7357.0160,12719.3055,3257.3891,11090.7097,7937.8308,0.0000,5608.6846,12703.5626,1902.6609,9289.2219,9923.6250,8480.8375,3393.1009,7473.3728,11911.3270,12469.3977,9001.9245,7388.4553,6014.6244,8340.0231,13661.1441,6200.7176,10528.2244,9865.8922,6069.5206,7112.0085,10720.0327,13465.2720,11986.9057,11473.0544,6302.0163,11963.6332,387666.4476,410074.9059,386900.2212,385803.2173,390200.4632,390124.9813,396998.8517,390789.4952,336358079.1113,336342782.2858,336364088.1595,336370891.1380,9335.4891,9431.7392,3617.3985,7815.1534,12338.8751,12900.9773,4755.3017,12728.4526,12682.8867,7068.1933,10956.3457,9957.8330,13003.1378,11075.9625,8409.5764,12766.7049,4172.0049,8799.3915,0.0000,13833.1437,335.9736,13564.3867,7757.6199,6107.5534,12836.6582,11942.5566,13231.7952,5777.2809,1525.1481,6763.0525,11343.1528,10626.2777,9382.9674,5733.3541,12930.4801,6342.4884,11699.8410,13593.8051,10417.8863,10922.5992,6896.1157,6014.3414,5777.8317,9374.5767,9766.0855,397688.9246,419963.5600,396909.9234,395871.2304,400115.4656,400124.9206,407101.4135,400833.3255,336348675.3858,336333378.6088,336354684.4366,336361487.8572,2706.8334,7278.1169,13170.4550,6376.8177,8651.5014,5567.9432,6549.8911,8041.4645,10762.5530,2611.3264,949.5863,11006.1702,3029.8714,13355.3796,10626.7512,9344.8768,10494.3253,0.0000,10798.4850,9342.7025,9270.1387,2283.3248,4795.1862,9330.3497,5525.9558,9029.7447,5282.1880,9658.2327,6536.9028,12686.5023,10718.6908,402.7326,10684.1419,12438.6758,3519.5049,13458.9308,9018.9574,1609.6413,8254.4759,12092.0278,5434.2952,4637.0439,6377.3215,9273.2303,393245.7906,415572.4374,392482.7239,391310.7699,395673.2178,395772.4936,402672.1907,396343.2412,336352890.1645,336337592.7616,336358898.7743,336365702.0621,6664.2227,12430.8995,5080.2235,9974.2436,6662.0449,7802.8019,6623.9920,9205.4416,4322.4484,2963.3229,9845.9675,4795.5228,13702.5677,9332.5790,8236.4282,8614.9359,0.0000,10881.3692,9404.3791,8555.9071,2671.2121,4003.5649,10604.0528,4190.5999,10107.1553,6913.6968,9323.7028,4706.1788,11488.1174,8879.4703,3027.9226,11833.3640,11724.2188,4687.7503,13484.5679,9690.6021,2613.0947,10215.4540,12926.8493,7196.0579,6043.6979,3882.0487,11129.7568,393723.9900,416094.4268,392961.4654,391806.7154,396199.9411,396230.4956,403108.5604,396827.2477,336352210.0660,336336912.8400,336358218.8138,336365021.9576,9102.6966,10242.9516,12914.8242,4241.9638,11975.5921,10828.7783,6179.2717,9353.2978,8007.7815,12066.2980,9624.8127,10872.5091,11653.5054,2949.4596,7344.6605,0.0000,13611.6537,3676.6528,12364.9716,5267.5823,2921.2308,13098.6719,9709.1897,13165.0804,5595.0579,3238.7576,3458.2418,11174.8097,9257.9238,7464.0515,8583.8247,12837.4196,4690.6353,12931.3897,13196.5574,8311.2966,11620.6564,9769.5274,6037.5207,4931.1542,6470.5949,11151.0898,397913.2797,420240.6148,397140.5680,396064.7765,400375.9816,400368.0718,407300.2421,401044.6416,336348199.0992,336332902.2158,336354208.0844,336361011.3550,12206.8777,12983.4537,11248.9506,13580.1436,11302.7878,5076.6072,13673.1132,13318.2859,9141.2181,13685.9394,5439.0158,9169.2135,6857.5515,6282.0484,0.0000,11132.5101,7487.3944,11397.6993,12358.8492,10917.4147,12571.1380,12414.5190,12770.7888,11876.0919,6973.6503,9683.7609,5439.6149,7090.9874,13163.2126,8883.0388,7953.0134,11885.5402,6789.0264,12626.1368,13351.9880,12803.3410,7411.2933,11972.7576,11852.5002,10412.0083,11864.3387,393001.9082,415323.8490,392216.1617,391274.0936,395512.8970,395358.3649,402334.1669,396179.0299,336353174.4355,336337878.2927,336359183.9591,336365987.1580,8299.0926,10594.5415,6255.6470,1982.4949,9812.5481,5533.1445,5795.8219,5937.6442,5713.4116,13591.1667,5466.8915,10619.1776,8339.0515,0.0000,7283.5283,12186.0254,3978.7755,7408.1442,8375.3455,8897.4707,961.3638,7930.0881,10599.6986,12001.7317,7811.7136,9139.6815,7043.1247,6403.8992,13540.7723,8373.5079,8934.2909,11483.1798,6768.5248,5018.2349,10435.5145,13803.4267,10718.8844,10035.9445,5065.8898,11796.9767,389201.2428,411605.6488,388438.1923,387307.1011,391718.9314,391685.3265,398550.0447,392312.4139,336356572.4883,336341275.4677,336362581.3937,336369384.4030,10958.2181,2833.8844,8702.6474,13572.7310,6550.2358,7958.9202,9198.3767,6082.4695,10800.1687,9416.6381,13691.5076,13120.0276,0.0000,5027.2444,12739.6956,7002.4272,10309.0513,11868.8251,999.3610,8422.2591,1004.9701,10075.3441,13357.9455,12648.8300,11422.3350,12022.6070,8300.5674,10336.2855,8972.0917,10238.2407,8831.1295,2560.3282,8024.8849,3943.4303,10432.1883,9786.6560,10369.1995,11599.4441,5844.2296,385725.8329,407995.7475,384954.8229,383833.4205,388116.5246,388226.3987,395179.7183,388841.1467,336360629.5095,336345332.2941,336366638.2450,336373441.6610,10119.1359,11636.6759,9631.8386,7461.1383,6319.8529,13248.8114,7615.8875,10974.5186,12951.9257,6836.2553,10541.2805,0.0000,13197.5088,4901.3489,12625.5493,4218.7559,4108.0205,11212.2868,9935.1653,11499.1450,1438.4267,5687.9978,6452.7223,13135.2412,11796.4675,5589.7137,6928.4244,13773.0767,2148.8781,13185.2640,11974.8767,7011.4274,8762.2437,8920.5533,1919.8484,1104.7251,8546.7725,8324.5083,396680.3946,418951.3754,395909.0957,394790.4494,399073.4499,399176.5033,406129.1099,399796.9374,336349702.9900,336334405.7636,336355711.7142,336362515.1754,7175.6210,13088.6782,4129.2563,5715.6061,8919.1450,3684.1224,12333.5752,8936.5589,13042.0786,12410.1097,0.0000,5918.1339,12600.8999,6172.1737,8495.2627,10371.5945,3785.7616,6208.1297,3030.2872,9313.4451,13090.4454,11210.3152,11686.9377,11360.9530,6221.9556,11322.0053,9610.6669,8901.4328,10525.6827,3127.3579,5632.8852,5261.6202,11807.1538,9118.8713,9353.5064,9861.4821,7324.3555,386920.0941,409223.4626,386153.9854,385000.5562,389331.3402,389438.4337,396359.9247,390024.0666,336359294.8337,336343997.5054,336365303.4942,336372106.8231,9210.5507,7215.2608,7512.8494,4108.7660,7330.5161,13044.3681,3601.5814,10668.9515,7515.8804,0.0000,6479.5360,12486.9966,2817.1414,8839.6343,9392.1414,9130.5355,2876.6711,8151.2285,11728.7393,12189.9110,8367.6696,7581.8926,5722.6611,8058.0272,13808.3912,6800.3778,10199.8749,10446.0230,6809.4453,6805.4756,11126.6307,13711.5266,11841.7500,11216.1701,5532.0865,12332.9009,388425.5543,410841.8346,387660.1686,386559.0102,390965.8656,390885.6049,397752.8069,391547.0735,336357291.1905,336341994.3566,336363300.2342,336370103.1913,11877.0762,11060.5491,8647.5110,12077.2752,9546.1631,8274.9335,3581.8908,2225.2722,0.0000,11943.0558,6827.3146,10552.8052,9511.1205,7586.3398,13530.7697,9824.3609,13382.8116,10623.8252,5714.7665,5492.6434,6284.7235,4621.9717,10902.7445,10720.6585,9198.8751,9689.9240,10214.2569,12910.4007,10945.4340,13638.5471,10370.6730,10913.7870,10142.0974,6359.3605,13242.0288,395248.4002,417630.8286,394471.0784,393473.2427,397795.2783,397636.0276,404557.2858,398406.1671,336350633.8288,336335337.4911,336356643.2234,336363446.2673,1705.5790,10144.7509,517.7316,13336.1069,9874.9869,11046.9737,11342.2711,0.0000,9032.8964,10910.1582,7808.7611,4820.4682,7128.1945,7364.3969,4867.4905,6900.5313,6846.4378,11305.7993,8444.1027,12476.1283,10978.1478,2317.6116,11175.1172,11496.3699,5699.8625,12656.9241,6860.1223,1768.8554,6961.0531,12302.7173,6821.9811,6521.1753,7515.7378,8522.7825,390673.7133,412995.3952,389910.9882,388733.3628,393094.3600,393205.9215,400106.8674,393769.1140,336355481.8725,336340184.4373,336361490.4586,336368293.7530,10550.7463,2162.7863,13395.7620,10195.4287,9905.2882,10651.3989,0.0000,10124.0826,9941.8292,8599.2881,3175.5384,5584.1297,8688.1991,4973.0565,8306.7112,5928.3151,10261.4277,7091.8791,12505.8717,10641.6748,784.1574,10959.3251,12015.8005,4352.0339,13172.0406,8241.9896,888.4495,7898.4098,12249.5331,6020.5265,5386.1241,6539.0621,9119.1219,392316.1692,414645.1180,391553.4811,390379.0500,394744.9521,394844.4820,401741.9078,395412.7058,336353808.6128,336338511.2036,336359817.2189,336366620.4962,10127.5107,11032.9054,723.8373,11052.9727,7065.0811,0.0000,5116.1196,12730.6519,3344.3945,11537.3745,11559.3397,9195.1011,6758.3028,8437.6767,13385.9164,12379.0689,10198.5147,4317.7114,4642.0701,10962.9880,13440.8931,3018.8473,12366.0258,7489.8349,7157.2277,10040.8852,11729.0030,12588.4641,13440.8851,13081.4591,8012.4484,12488.4950,386944.4095,409350.2734,386171.8555,385138.0744,389499.8807,389356.5589,396252.5231,390089.4057,336358812.7513,336343516.2650,336364822.0453,336371625.0026,13165.8026,9892.7491,11285.5252,11558.6499,0.0000,8758.1681,11023.6915,7733.3211,5212.3488,7492.5926,6907.8984,5112.0707,6462.9930,6928.5250,11461.5906,8812.5995,12481.7170,11138.1733,2705.2860,11028.2840,11377.7136,5945.9901,12433.8573,6491.5752,2274.7093,6524.2954,12127.2523,6866.2803,6680.5610,7890.4979,8158.5466,390298.1748,412613.6490,389535.0097,388358.5888,392713.2452,392830.6233,399735.9184,393394.0242,336355883.9047,336340586.4654,336361892.4866,336368695.7986,11285.2042,9893.0878,10634.5290,0.0000,10395.0610,8127.7946,12237.8961,13065.1256,12420.1715,10116.0223,13740.0433,10824.4126,11014.1687,8563.9357,12327.2422,8633.1354,10922.3680,13198.0398,5606.3466,9026.0250,11979.6143,5114.7712,11348.8975,13667.0519,9728.5552,3180.2102,10874.2539,11473.3695,13133.8058,8209.3595,390969.5340,413202.8170,390180.8042,389223.3231,393389.6957,393352.6751,400378.5190,394141.5900,336355611.8890,336340315.4936,336361621.2106,336368424.6862,10661.2448,6596.4477,0.0000,5592.1836,12502.0933,3355.3525,11098.0650,11078.5099,9472.6164,6274.5857,8694.1092,13137.0559,12105.6947,9644.9895,4446.2021,4155.1177,10606.3456,13488.5256,3651.3280,12010.1920,7992.8216,7404.5165,9659.1639,11862.9097,12739.4265,13216.7047,12779.9163,7369.1786,12638.1583,387489.7124,409901.7533,386718.0603,385678.4436,390049.0718,389905.0019,396795.0119,390632.6371,336358242.7134,336342946.2070,336364251.9941,336371054.9358,5264.7180,0.0000,13373.3675,4044.8937,12143.6794,7592.2981,5250.0056,13733.4924,10316.0130,13761.5418,8063.0714,2802.2092,4064.7143,9292.9324,7571.5084,9512.8526,9146.0322,11614.6356,7297.8767,11821.2042,13614.4307,10034.3291,12846.1991,9595.6880,8427.6084,7547.3713,6599.2626,12241.0337,397508.6123,419856.2089,396732.5058,395702.4361,400008.5437,399925.9774,406859.8282,400655.6652,336348516.8525,336333220.2646,336354526.0569,336361329.2393,0.0000,10977.9472,8563.6037,9065.5865,9542.5224,7966.2604,13158.1906,8475.0112,12805.2991,11413.7202,7565.0556,5589.5173,5396.7924,2633.2172,10644.3467,12056.0695,8182.9605,10158.2236,10237.5174,12078.7618,10363.0365,13797.2625,11662.4323,11695.8242,10845.5213,5254.5591,13754.2360,393869.7722,416280.0751,393095.2328,392084.2762,396438.9499,396262.5971,403161.7867,397022.7143,336351889.9120,336336593.5566,336357899.3004,336364702.2546,0.0000,0.0000,0.0000,0.0000,0.0000,0.0000,0.0000,0.0000,0.0000,0.0000,0.0000,0.0000,0.0000,0.0000,0.0000,0.0000,0.0000,0.0000,0.0000,0.0000,0.0000,0.0000,0.0000,0.0000,0.0000,0.0000,0.0000,0.0000,0.0000,0.0000,0.0000,0.0000,0.0000,0.0000,0.0000,0.0000,0.0000,0.0000,13584.0452,3857.7265,12039.3730,12890.8547,4833.7146,7928.8020,4083.2169,12792.6834,13760.3375,12577.7128,7828.9522,9118.9651,10578.0123,12231.9137,4614.5427,12420.5907,6434.2080,2994.6440,9829.2280,8305.3985,11449.1235,12651.5584,12831.8565,10821.8863,9445.8719,384318.2051,406653.6285,383544.8350,382480.8261,386792.7443,386765.6908,393697.9210,387453.2977,336361723.9609,336346427.1789,336367733.0253,336374536.2111,13338.7187,7803.9995,6159.7036,12660.9779,11811.9357,13051.9713,5895.1756,1389.7935,6718.1839,11027.1238,10368.0051,9385.5274,5638.1738,12625.7187,6431.0757,11388.8194,13399.1744,10384.7822,10824.1803,6699.0227,6121.5666,5898.1430,9264.4694,9669.0414,397432.7061,419709.1307,396653.4737,395618.1009,399862.2288,399865.9822,406842.4435,400578.2436,336348922.7700,336333626.0153,336354931.8374,336361735.2497,10401.1549,11175.9826,7289.4370,4840.2000,6233.7389,12477.8761,13232.2474,10450.2160,7367.8696,6996.0836,9167.9535,13537.4749,5276.2230,11397.3482,8851.1613,4704.3922,8023.8208,10063.9454,13137.4093,12478.1583,12190.9923,7998.6333,11372.7742,386093.3473,408484.9691,385325.3969,384236.5842,388613.6346,388549.1315,395436.9800,389219.4021,336359715.8097,336344418.9983,336365724.8646,336372527.8891,2629.3552,10856.8320,6569.5318,10664.2138,4509.3809,7985.0684,4811.0068,12538.7403,10310.0372,2580.0816,10226.5660,12927.7116,2150.1772,13789.1919,10650.8063,3578.2632,9502.3734,11733.9857,4857.8167,3543.5319,5654.3166,10041.7364,395252.3263,417584.1030,394487.6761,393333.7237,397690.9506,397764.5737,404667.4139,398356.1773,336350854.9130,336335557.6124,336356863.5975,336363666.8718,12263.2314,7665.9030,12131.8089,5123.5334,5997.8810,2739.9488,11737.4834,9327.8148,5068.7232,9932.4400,12849.3922,3105.1878,13624.2254,12042.4482,5824.0775,10968.1057,11280.3163,5589.5041,4118.1996,4983.9966,11067.5679,396822.6251,419166.6051,396055.1452,394935.4365,399285.2245,399307.2992,406214.3526,399938.5099,336349219.1774,336333922.0848,336355228.0149,336362031.2448,9068.7715,1295.5921,10350.1886,13298.2564,12976.8516,11149.8712,12062.2988,8983.5151,9955.8656,8641.3553,10659.1923,8091.8887,2896.9375,8779.1834,3891.0654,9863.3010,10046.5997,10704.0195,12027.1195,5516.2531,385503.5491,407764.9792,384730.5863,383624.5437,387891.7775,387994.2141,394957.9307,388624.2531,336360887.7154,336345590.5674,336366896.4980,336373699.9333,8162.8893,9943.6540,11656.8815,7296.3190,9711.9499,7457.3155,5579.1947,13308.5996,9101.6534,8184.8872,11957.6224,7144.6386,4166.9240,10264.0968,13744.5722,10081.0182,9335.2772,4680.3615,11618.8624,389924.9256,412323.8633,389162.5647,388021.6279,392433.7212,392417.0687,399281.8532,393032.7027,336355876.2409,336340579.1548,336361885.0975,336368688.1304,10704.0607,13585.0473,12702.2777,10836.7044,11535.3333,8701.2303,10837.0625,8209.5999,10725.7637,8398.1163,1660.7385,8274.3936,4857.4694,10746.1095,10445.6418,10936.7521,11453.2817,6615.9115,385198.0826,407481.6496,384426.9638,383313.4511,387604.5405,387690.7064,394638.5201,388316.1310,336361088.4769,336345791.3303,336367097.2653,336373900.6345,6823.7227,7513.9617,13549.5222,12422.4813,5209.4834,6687.0325,13820.7235,2404.5419,13075.2573,11323.7589,6713.8177,7632.5798,8794.6591,520.2848,1083.3493,9231.3857,7283.2310,395766.8734,418022.1551,394995.9871,393865.5983,398140.8911,398274.3681,405232.4205,398879.2787,336350695.1757,336335397.8574,336356703.8302,336363507.3403,6026.7849,10482.0759,9582.2839,9746.0341,6847.7953,12418.0426,6926.0687,11550.6818,13774.0177,10608.2643,11773.6904,7595.6013,7108.9099,6639.4523,8660.3064,10748.5045,397770.0434,420068.4239,396991.0769,395964.3361,400223.8574,400193.1760,407158.8311,400918.5052,336348483.0583,336333186.3935,336354492.1958,336361295.5358,10054.0685,7179.1338,6816.2943,11039.3448,11697.6922,5659.0696,13071.4790,12315.1566,7023.0055,12380.4631,11860.1046,7940.9708,6616.4647,3237.1971,12486.1882,396530.3975,418911.3176,395761.9710,394671.4885,399039.7929,398987.1461,405880.4005,399656.2118,336349343.8420,336334046.9841,336355352.8582,336362155.9553,3882.8149,12674.0753,12134.4457,3602.6650,12878.3053,6080.7105,10038.6136,12201.9496,12900.7686,10804.8824,13638.4217,13327.6711,8996.7536,12884.8134,389154.7461,411540.7298,388375.0668,387404.5891,391716.1896,391522.4261,398449.8037,392321.6589,336356715.2378,336341419.0598,336362724.7509,336369527.7470,10817.0855,12916.5008,6170.1208,11138.2616,9255.0489,10564.1105,10210.2898,13422.4986,12293.0998,12634.9390,11908.8344,5659.0480,13689.1082,391337.5921,413759.9758,390564.1522,389548.8650,393917.0333,393732.0218,400622.1212,394488.8423,336354368.2567,336339071.9021,336360377.6491,336367180.5573,10508.3761,12331.6886,3604.6273,13275.8352,8735.3777,1598.5301,7877.2043,11913.4092,5324.6905,4637.0934,6632.9769,8935.4732,392964.9302,415286.4820,392201.5882,391029.7756,395387.4861,395492.4462,402395.4084,396062.4508,336353193.3990,336337895.9879,336359202.0019,336366005.3046,12394.2656,8475.5426,9460.8661,11783.5965,11548.2345,7500.7519,2549.8734,6448.8063,7471.7837,12636.1699,5501.8630,393888.4245,416084.9210,393105.0660,392072.6691,396244.2583,396333.0088,403358.0397,397034.8383,336352860.3904,336337563.5084,336358869.3495,336365672.9902,13298.4773,4784.4863,7294.8269,11682.0732,11237.5018,11059.7670,13798.7091,13731.4821,10142.7346,11629.1537,386092.5204,408460.8434,385314.4301,384317.2214,388625.4585,388484.0638,395415.6142,389250.4215,336359829.0965,336344532.7378,336365838.4750,336372641.5319,13395.8604,11011.2607,5017.4609,8645.9639,10250.2403,2809.0549,1396.3671,7189.6787,8775.8304,395784.6235,418081.8281,395016.9033,393875.7628,398194.5414,398293.1552,405222.0091,398893.1674,336350478.0532,336335180.7550,336356486.7315,336363290.1140,8412.4956,13157.6640,9748.5234,7528.8362,12935.4561,13336.6368,12587.1658,9300.2127,386724.8116,409011.1696,385939.6170,384972.5677,389190.9027,389107.4297,396099.0835,389893.4648,336359578.7289,336344282.3805,336365588.0972,336372391.3970,8034.8791,6322.8419,11585.5182,11130.8205,11408.9916,10694.1551,8021.8237,384921.7858,407235.4265,384151.9912,383040.4482,387357.6801,387408.0200,394338.0444,388040.4231,336361224.4905,336345927.4110,336367233.3341,336374036.6089,8372.4596,12707.5954,6824.1097,6127.9553,6078.6183,9676.7803,391939.0634,414282.3683,391177.1033,390002.8809,394381.8108,394464.8593,401353.3421,395035.5791,336354120.5148,336338823.1354,336360129.1458,336366932.3758,8262.6092,7213.1321,8271.0097,12337.5491,2314.1923,388464.0646,410680.4034,387690.4255,386569.2015,390804.7292,390972.5310,397957.4423,391579.4758,336358165.8006,336342868.4807,336364174.4481,336370978.0389,8589.1512,9452.6590,13139.1238,6318.2625,392515.8129,414718.6275,391729.2091,390733.7707,394892.1093,394932.0301,401964.7029,395674.9128,336354206.3603,336338909.6969,336360215.4800,336367019.0764,1564.0975,9564.9927,6836.2847,395438.9200,417686.9031,394667.7300,393536.8447,397805.8967,397948.0241,404910.2876,398551.1430,336351058.7183,336335761.3845,336357067.3601,336363870.8914,8377.1197,8100.4229,396069.4861,418343.1482,395299.8957,394165.6033,398459.4622,398576.8033,405522.4029,399180.5069,336350304.4073,336335007.1013,336356313.0747,336363116.5302,12942.4682,393955.3608,416368.1754,393189.8827,392087.3880,396491.8637,396415.8817,403284.3978,397076.5783,336351784.8252,336336487.9683,336357793.8501,336364596.8377,389651.2523,411844.8949,388873.7358,387780.6011,391981.2051,392142.2973,399149.8072,392776.4648,336357093.9486,336341796.7366,336363102.6691,336369906.3234,23457.2798,1091.9742,6444.0846,7609.9256,5767.3696,11294.2262,3943.4396,336744821.4812,336729525.6434,336750831.3522,336757632.8080,24089.9305,25939.2131,20044.6601,22174.4039,18586.3843,20688.7261,336767606.2522,336752310.2362,336773615.9718,336780417.7432,6921.0548,7826.3408,5666.9200,11978.9494,4988.1080,336744080.3968,336728784.6095,336750090.3027,336756891.7783,8571.8673,12145.3433,15590.2317,6274.3994,336742952.5998,336727656.1593,336748962.0319,336755763.5544,10988.6335,15228.9900,6869.9260,336747754.6399,336732458.3434,336753764.1523,336760565.9964,8571.8673,7624.1850,336747144.8360,336731849.5305,336753155.0982,336759956.4445,9890.0583,336753673.5027,336738378.1504,336759683.7511,336766484.8248,336747929.4463,336732633.3889,336753939.1592,336760740.6134,37342.3044,25880.9191,26485.5601,23133.9907,36698.2233,20386.3771,
3600.000,10294.6547,12402.9211,7953.8844,11221.5534,6468.9577,13303.6332,9306.0513,3475.3565,3759.2798,13823.0869,4802.5428,11236.4918,6688.9821,10628.1679,11050.0685,11087.4476,7417.8838,5969.4807,12874.2123,12746.4396,2769.4431,8867.2866,10346.5181,12795.6090,13741.3924,6467.4283,4559.2622,8636.0105,6175.4615,9033.5568,8887.1649,8338.6350,12096.8874,5340.5991,9480.7640,13163.3424,11526.3637,9377.1954,5566.3192,6668.0826,2873.7077,10662.9104,13378.4689,10673.2672,4107.1639,8947.5213,13209.6422,5013.0201,12230.0940,9810.8360,5952.2914,3192.7531,9716.0561,8827.9754,11198.4325,12539.8596,12192.8601,10262.3889,4602.9513,12866.9134,12091.8094,8850.6649,2796.3551,5363.7445,11420.1488,11191.7458,4710.5279,11089.2376,8405.3213,7693.6292,5348.5613,4121.4072,0.0000,10825.5602,12571.2089,9677.6097,8599.9005,7941.2473,8937.4132,11169.4842,12656.5860,11479.0725,12412.1341,10759.5211,6319.4499,4503.7070,10352.1225,13424.5150,8115.8742,10736.2024,7302.2732,12105.0317,11806.6706,13457.8244,9155.4273,11758.0655,11439.9547,3292.1696,12373.2284,399364.8135,415974.5150,392242.7830,393548.8797,394662.4149,395427.8976,402898.9992,399553.5568,336346527.7947,336323455.2929,336344896.3901,336352577.6557,4971.0121,4222.7205,9523.8070,9574.7708,10421.4896,13665.0125,8349.1289,9062.2274,8982.1946,12376.4998,6238.8881,11915.5646,696.3364,7064.8197,13249.3281,13089.0212,7129.7523,12098.5219,10766.2062,8429.2010,4179.1175,11232.3473,6096.5266,9315.1439,5061.3201,8445.5796,13670.7613,5174.4939,6799.0964,10580.8200,4882.6661,7737.1816,12743.6000,12756.7486,8468.8868,7729.9179,13390.6040,12900.4199,4957.7817,8209.9271,12373.2054,8897.7728,13092.7656,10315.6943,6862.9314,10175.2790,11925.1997,9960.4824,9700.8618,7087.3871,8469.2804,7400.5135,9342.4762,5519.8769,4722.0830,4023.7940,11398.9192,8532.1473,10834.6413,2980.0008,10313.0691,9996.9943,6470.8421,8143.3604,6791.2162,12308.4538,8678.1788,12807.9698,8711.2118,9026.3069,12149.4772,0.0000,10724.4078,5643.0273,8536.7625,4107.7274,4703.0126,12530.3903,5253.1881,10602.4421,7087.2226,6640.1570,1152.6387,11147.3585,7889.6073,5827.0286,9099.0891,12472.4845,2527.0677,13161.6129,10108.3724,6566.8486,11276.7781,12935.9972,7176.2151,1828.0110,7837.3512,12742.2749,395910.3750,412520.4253,388802.0785,390196.6661,391306.3995,391887.8372,399286.5231,396111.3812,336349812.2655,336326740.7555,336348181.5572,336355862.7641,6539.9892,6189.8829,9391.0131,9214.9759,12582.2187,11641.6700,10474.0250,6738.6763,13665.4073,3172.5979,13603.6172,4379.2664,4035.2413,12151.7062,12258.9050,10972.9477,9173.5736,10169.2984,11491.5123,8563.8412,8550.3575,1266.6611,5656.5768,8130.8011,9870.9450,12764.4459,8706.1944,10229.2363,8695.6085,5990.8283,8850.4887,13779.7718,13216.6603,4180.9153,9433.1405,11885.6611,13759.9812,7908.7121,10911.3629,12464.4129,7999.0685,12637.4410,12954.5755,10264.0202,9036.4525,13674.6477,6103.7631,11689.6623,10909.6695,11602.1920,10251.3455,7741.6695,8080.8980,5389.1332,1048.2783,8799.4317,11921.1505,10046.7620,2876.3640,12385.1523,12708.1355,8959.9673,9740.0087,8943.1104,13729.9245,10291.4798,11384.0196,11738.5718,9692.4206,12650.9353,0.0000,11763.8502,961.3244,11077.6014,5935.2065,6629.6982,13300.2543,7919.7800,10189.4146,3593.3651,2065.8282,3991.8458,10650.4545,11421.0779,8844.5805,4893.0908,13527.7055,6050.8272,12451.8611,10478.7309,8295.4226,8742.1244,11221.2385,3363.4338,3427.8987,10653.5968,10468.0864,392013.2844,408684.5087,384891.3204,386274.4756,387458.8309,387996.8167,395358.2123,392191.9998,336353437.3531,336330365.9056,336351806.7228,336359487.7947,8249.3627,6150.8311,12652.4559,12856.3993,7018.8131,5601.6918,11420.1573,11260.7856,5518.4635,11860.2201,4210.0677,5909.7226,13635.5435,11201.9359,7229.1988,12591.6369,12887.0059,6505.5557,6306.8956,9679.0256,7486.1621,10869.7498,1964.1801,4771.9621,12566.0102,2880.9143,8849.8258,8198.8617,1388.9350,10775.9899,11641.9566,13293.7272,9480.7035,10632.9104,12226.9071,11757.4049,1662.1654,5516.5623,13399.6596,11667.2779,13677.2702,9612.1716,8865.8928,12459.4347,11185.2659,9554.6577,11490.2268,7198.5118,7156.0731,9691.6574,6591.5392,8854.3636,8454.3966,6094.2447,9689.8764,8005.1846,12920.5437,6309.7507,11578.0602,8737.6221,2935.9781,10896.3947,9817.0728,11228.5289,11177.8864,10856.9928,9827.6895,5374.7744,9707.8656,0.0000,12527.1518,7221.1525,10565.2895,806.1348,568.1176,13004.9371,8638.6048,12790.9782,6337.2560,7169.5429,4159.8447,8174.7939,7153.2141,8734.5245,10087.7799,12703.1723,6350.9621,11379.0889,12425.8060,9844.7956,12695.4267,11318.7189,6698.7748,5280.1743,5159.6523,13209.5150,394628.8035,411203.2555,387523.3349,388891.7617,389958.2270,390635.0574,398084.8783,394838.8147,336351287.6207,336328215.7129,336349656.6166,336357337.9105,6173.5551,10838.8619,9312.7983,12267.1428,8789.8977,9195.5264,12132.3221,4017.0022,13326.3852,9104.5474,3129.4717,10510.8795,8113.6535,12854.3002,7062.4162,11631.7214,11709.5740,12147.4708,2944.3508,5595.2905,6659.8189,9476.7453,8464.5793,9286.9348,10276.3773,13258.1499,3487.8861,7048.6649,12305.2392,12005.9956,12691.8274,4842.2881,12785.8756,7856.5147,11788.2195,9260.0203,10709.6463,12392.2773,10843.2159,11630.0211,13058.9269,13234.7117,10800.9888,12859.0446,2230.6555,13647.7777,12786.7039,12077.2888,13243.4272,3550.6345,12230.7036,10411.8549,7018.5673,3086.2267,12953.9257,11410.3707,8602.2695,13774.0517,12592.2475,9247.8565,12844.5391,12596.7730,12340.8921,13034.0852,6616.9807,13637.5828,7426.5616,9548.9832,0.0000,13259.2436,5885.4406,13610.8235,7802.1274,7952.5794,12907.9705,12150.3178,11814.5019,3115.9412,4326.3924,8760.1896,6554.3158,12561.9436,12587.0900,5032.2586,13052.7038,10762.6791,8508.1762,12521.1341,12237.8833,8644.6927,6493.5513,3112.8491,8788.0098,10667.4893,8446.6345,389795.1941,406494.5971,382658.8537,383985.6466,385205.7261,385831.1989,393218.8782,389956.9306,336355606.2518,336332534.2738,336353975.2662,336361656.3037,13561.5344,9480.9098,8359.9133,3214.3596,12836.5474,9255.5529,6869.2750,11310.9327,9473.4297,6266.5705,11838.0187,6583.1018,10031.3451,10960.8521,13716.5436,7393.7475,10862.0854,5931.5351,9576.5289,11366.7351,6272.3724,3058.0149,8872.5911,6996.2557,12172.0988,3605.3431,5361.5726,13540.2451,9360.6601,12403.2387,9922.9128,13486.7629,8301.3544,9254.9721,6162.4232,5972.3063,12940.6838,13525.4260,12366.6472,9771.1659,12125.9739,13483.3574,10053.0938,7994.6350,13206.1087,9989.0627,8221.5607,12678.9600,2816.1021,12692.5936,12293.4047,9615.0096,5699.2056,9630.6501,13656.1332,10538.1629,12786.8223,8740.0442,5106.1942,13510.2949,13083.9361,9395.5834,13488.5037,5992.4143,11915.1791,1619.8388,5524.1983,0.0000,13593.4323,9572.8730,12997.7861,6254.4962,5720.2224,12254.5057,12587.6821,13769.4706,6857.3875,8566.2284,9313.5396,2418.9381,9115.2539,12450.4162,10239.0189,11881.4348,11100.6697,6951.3108,13853.9828,13195.6181,12366.0564,6833.3118,7254.7501,10017.6975,6060.8216,11397.1512,392920.8270,409536.1052,385798.5776,387109.2927,388228.2602,388979.7329,396445.3265,393108.9089,336352911.6517,336329839.2385,336351280.3169,336358961.5482,9277.2027,12638.1455,13818.6823,3059.2441,11213.6577,11020.5163,9703.9832,10458.3274,11244.5313,6185.1456,11599.9182,11506.7767,6072.2538,1531.8177,13089.1808,10352.2883,10794.0945,8685.6060,5475.4495,12979.4638,13861.6728,10039.0601,12929.7932,8968.8785,12139.9142,12602.2643,4765.2328,11077.3906,7170.0083,7353.2650,5640.9247,9950.9672,11037.5299,12965.7930,13518.6137,5474.3322,2145.0358,6116.9465,11532.2704,8940.6412,283.9799,10953.1544,9273.6994,6904.2411,11428.6875,12364.1046,7804.5283,12716.6640,7262.4879,6752.3493,9299.8366,11184.0881,11862.3735,1232.6516,8806.3831,7818.2274,12324.3685,13441.5095,5413.8749,6430.7700,11289.3826,5489.7901,11618.9879,9342.7915,13808.2336,12920.6668,0.0000,5263.1858,8517.0026,7560.3223,12576.9705,12884.3955,7628.4352,7457.1818,1785.4661,10850.6909,9501.9795,10490.8344,13230.4872,12118.0336,7830.6575,7131.9683,8480.8578,8907.9622,11418.1411,3245.2365,5984.2272,3432.2113,10906.1500,10520.4857,9640.5783,13459.8016,5781.6408,397884.8258,414688.7772,390732.0791,392080.6073,393432.8601,393889.4506,401168.3639,398011.5361,336347088.4275,336324017.0089,336345457.8839,336353138.6988,11215.6903,10108.6631,10467.4597,6278.1612,11863.8004,7589.6025,13708.1635,11353.5288,3795.0808,3606.4239,12123.9950,6199.2639,8945.0198,11083.3238,13400.4891,6888.7526,12045.5620,9857.2166,12645.9107,10673.8464,1014.7368,12772.9805,12387.7596,7873.2626,12446.2857,11705.3686,5656.6176,5940.9717,10239.2285,11815.1693,1913.6983,5220.6834,12665.9157,11093.2143,6487.6523,10733.4069,4794.9893,9504.9206,12288.9450,9393.8218,7414.3257,8808.2518,10338.1256,12055.4156,10771.6760,11919.4217,9572.3787,12888.3570,13056.5821,12968.4461,7012.6365,11193.7022,8826.7045,13364.7264,9733.8142,9809.1577,11968.6434,11466.1256,12236.7323,6618.3995,11030.7172,4428.8044,11068.0419,10095.9317,6334.1308,0.0000,9254.3774,12053.7024,11342.6703,12991.9782,12773.2938,6348.3043,13000.7300,9164.2592,11381.8585,11676.4984,13661.6935,7597.6963,11521.6106,12667.6150,9958.3520,6533.5546,13438.1766,3259.0005,9809.4985,12413.7008,7782.5729,3819.8251,11327.1473,13577.5189,11330.2818,4931.8094,396699.3297,413478.8481,389539.2489,390809.1880,392134.7422,392782.7062,400146.7087,396823.8402,336348523.2727,336325450.9092,336346892.0564,336354572.9629,5530.6923,13098.2955,6426.9304,11218.8667,6692.3525,8852.0279,11346.5962,11964.6366,10066.5958,2667.4065,13684.4300,12028.7216,1178.6126,5950.4599,12053.3195,12271.9066,13613.6897,5247.4815,5823.4547,10786.7259,4461.1305,6261.3057,10769.1197,7910.5433,10246.9958,7099.0578,9735.6664,13177.0624,9491.0334,11504.3845,7458.6875,5534.8288,2812.6150,10621.8767,12254.9033,11230.9354,3310.0297,6194.3414,12483.8139,5742.1333,13081.5794,8102.8567,2672.3469,469.9226,7261.0250,10297.9536,8805.3594,10682.3527,11156.7958,12059.3559,1678.7942,12225.0461,10558.6636,7386.6750,2286.8840,4950.8312,9483.7724,8952.4304,6198.4311,9249.2793,10898.3419,5348.6877,7042.5032,7286.9388,0.0000,9700.0753,11934.6335,7478.5308,7761.2056,7247.9461,9085.8155,8752.1331,11835.7613,11696.5678,12228.7982,9112.1876,8888.2789,1137.5582,7800.8333,13535.8328,8332.0591,8429.3489,9919.1426,10927.2153,9677.3177,13571.7302,11451.0349,11939.7318,9790.7137,2829.5942,13259.6940,400836.3264,417430.5649,393721.7073,395057.9729,396150.5690,396871.2297,404330.1087,401034.6904,336345061.7101,336321989.4900,336343430.4927,336351111.7821,13524.7091,7749.7073,8592.9753,9674.0469,9190.7014,8302.6541,12191.4800,7473.2400,7591.7212,12448.9670,13672.1907,4439.8031,9214.5953,8493.5548,10915.6275,12749.7217,4694.7483,976.3351,9441.6256,5038.1491,10430.5620,6473.2251,5557.5556,12889.5305,8084.3331,11671.1210,11607.2401,12564.8963,9472.5575,8139.4041,4744.2324,2936.9799,12470.6783,13657.8109,12255.3177,7363.9900,10377.4414,13709.8923,8233.2330,10316.4199,11825.1837,7565.9637,5447.5574,11170.4952,5789.6034,11710.9936,12125.6860,10388.2580,8335.9028,7003.8100,13707.4842,10770.4756,11227.0595,6097.8943,3182.8229,12581.7110,12073.6037,7777.2785,12477.1276,7647.2541,9928.0904,1734.1393,4892.1740,0.0000,12667.6863,10768.9608,11472.2371,6099.6896,5353.0356,11311.8415,11608.2109,13636.2584,8859.8568,10229.8375,9184.5697,4265.6425,6443.9662,11175.8410,11967.6062,10720.3801,10330.4422,7635.6152,13349.3022,12417.8742,13372.1434,8517.6884,9242.1211,10034.6246,3114.2149,12512.6253,395842.8729,412431.2985,388726.6953,390042.8881,391129.4609,391898.5262,399379.4202,396040.6339,336350117.2555,336327044.8124,336348485.8837,336356167.1782,12679.2576,8895.5860,11608.8994,8838.0132,9230.4402,8121.7790,12128.1018,11974.1265,5939.4709,4479.1823,13386.0090,10102.5021,9909.1574,6084.3299,3096.1492,12183.5303,13365.1161,11130.4190,12325.6551,9641.5660,11247.1307,11199.4119,5512.4666,12592.7105,9584.0528,4923.8690,6576.0816,10602.6772,12535.1419,12101.2857,13506.4152,8100.0035,2400.4871,8469.7482,12732.9664,9643.0447,2942.3741,12533.4844,7568.8775,8775.1732,11895.6672,12887.2512,8745.5710,11508.7135,7193.7858,5296.2574,6944.2430,10314.9822,12605.0362,4236.3212,6734.4416,9763.4541,13231.4015,12802.9271,6607.9423,6953.9155,12767.6572,7011.7586,11723.0248,10609.6427,13208.3269,13468.0862,0.0000,7680.7054,5961.4945,8943.1239,11166.2196,11622.9947,9969.2075,7285.5114,4622.2507,8726.7900,7061.6247,8767.8674,12914.0049,12623.8231,8088.9325,4801.9081,10673.5637,7893.7980,12084.2156,5624.6956,6173.6210,3581.2824,11051.4405,8329.4913,7775.0498,13379.2749,6615.5726,395369.0384,412151.3102,388222.9931,389587.4744,390911.8543,391360.4155,398644.6375,395505.7233,336349665.5308,336326594.2229,336348035.0545,336355715.9027,13070.5684,3144.3030,12708.0875,12828.2941,7597.0142,6164.3498,7755.7308,11013.9186,10319.7813,6549.0412,10497.4810,10494.5926,13706.2949,13017.6284,10124.5639,8545.2895,5803.8989,9794.1349,9222.6170,10054.7518,11487.8433,11063.8841,737.9252,5450.6725,13160.4949,10552.2993,7263.1465,1206.3763,10295.0622,7265.2639,7050.5955,11962.8989,6867.9928,3919.4356,9101.9893,11201.2409,1588.6641,12367.5208,7915.4488,7714.3397,5964.5198,9248.3114,10851.2331,11304.8019,12875.9196,13591.4349,10518.9918,6230.0404,10450.6662,13367.1222,6657.1461,4341.1319,9365.2719,10222.8320,10693.9760,369.3988,9619.4152,7756.3575,7100.1299,8815.7110,4604.0692,0.0000,8188.8467,13508.0827,8599.7585,11762.8205,11313.5619,4933.5466,11399.4995,10276.8581,13058.3483,13522.9905,12846.2726,8029.2480,6814.7669,10495.1157,13188.7000,4040.8176,11989.2773,5718.9653,9874.4423,11353.7632,11475.8203,8071.1134,13170.3637,13111.6744,7582.8862,9851.7931,401093.1278,417787.5036,393951.4183,395237.0836,396455.7870,397168.2107,404587.9852,401249.5793,336344458.6326,336321386.1593,336342827.2912,336350508.3890,13737.0824,5688.9174,1015.0769,12406.6355,10716.0961,11280.9786,9384.3336,11837.9256,10757.4296,9700.5125,6636.3272,3382.7420,7082.9129,7240.4919,7931.1086,11836.8558,8086.1359,11551.1882,6220.7985,4403.6740,11033.2176,13158.8237,13682.3754,5056.8840,11453.0509,10788.8895,13086.1056,6968.8827,9777.2289,13274.9004,10247.3126,13091.1683,12772.2105,11563.3358,10884.8349,13376.9914,5039.0419,13001.5645,11221.8191,11166.8555,11772.2615,4912.8110,10175.6911,8089.5457,3757.3880,6763.8943,11901.4255,11698.1585,5482.7236,13367.9366,12227.5832,7615.5175,11680.5119,10960.2644,13176.0735,12071.7515,9618.2152,12602.0057,7432.4256,11033.6986,0.0000,13125.6513,3498.3669,12493.8684,4842.9733,5329.3449,13736.5313,10013.5675,11901.2946,1004.1077,2260.7130,5271.9891,8337.8658,11311.2835,10641.0861,5686.0624,13810.7035,7974.1873,11022.1364,12238.0447,10525.7258,9877.0845,9667.2468,1321.5877,5431.2099,9571.9002,10704.7160,390656.5548,407305.9706,383535.5572,384898.6937,386055.9109,386661.6345,394058.7275,390840.5096,336354905.3714,336331833.6368,336353274.5297,336360955.6565,12334.5947,13697.4740,7284.6748,8568.5561,6919.4441,11176.9647,8537.5547,7312.1144,9366.7869,12065.6801,13684.1653,12685.8593,10736.5292,10295.0872,7513.0265,10216.0828,7282.9281,11944.1932,12300.0111,8987.0154,3415.4396,3782.3115,13230.2527,8336.5349,8926.8128,3784.6737,10928.2770,8469.1001,5276.6209,10362.8228,5942.7185,3580.2605,7155.1532,9671.4371,1954.2930,13194.9784,5194.3275,6875.0919,6278.1125,7036.9400,12582.0498,9508.0911,11590.1758,13389.5050,12187.3770,5719.1242,8766.8363,12770.4564,3793.9983,4871.9432,10411.6163,7937.2755,8628.7494,2952.5549,7212.1421,9967.5458,4907.7122,10774.7769,7489.6940,0.0000,5612.4234,13413.2450,6112.0535,12356.8745,12053.9033,2972.0032,9661.0438,8401.1865,13813.0187,13830.9085,12549.1301,10441.6748,6550.7493,8626.9649,13255.7048,1967.1375,10907.1825,8110.7619,7661.4825,9407.2937,10855.8482,10027.0962,13848.2037,12622.6089,8666.1086,9878.5297,402929.8936,419642.5508,395787.1554,397091.0344,398330.6817,398985.3264,406375.8393,403082.6414,336342493.2530,336319421.0321,336340862.0961,336348543.1511,6554.2875,13328.1791,13100.0366,7744.7694,11906.8351,10895.5463,8870.1912,4862.8466,10950.8800,5545.6695,8991.4724,5298.5552,8538.4942,13724.3044,5535.3442,7406.8278,10336.0958,4693.9169,8027.7951,13047.6731,13043.3565,8035.6568,8109.0547,13352.3855,13181.5073,5157.8850,8548.9176,12615.5116,8934.3784,13262.0566,10806.6900,7468.2841,10216.8967,12326.2876,9548.4287,10164.7227,7700.5033,8959.1001,7942.6996,9056.3721,5954.6714,4763.5139,3426.6492,11120.2243,9091.9875,10938.8797,2574.5094,10791.6431,10464.5064,6662.7911,8520.2647,7210.9654,12657.6189,9072.4438,12722.6342,9286.4684,9022.4969,12295.6813,0.0000,11077.3279,5104.1327,9055.8774,3963.5653,4639.6143,12853.7338,5693.7827,10753.9389,6553.2198,6075.2215,466.0143,11085.9327,8444.2874,6354.1025,8686.7943,12825.9105,2978.3209,13197.7767,10358.4511,6907.5361,11144.7422,12832.6268,6634.5544,1352.2009,8182.3539,12651.9602,395232.2853,411844.8079,388123.6248,389518.7796,390631.4524,391209.0631,398605.5380,395432.5629,336350476.6683,336327405.1728,336348845.9720,336356527.1712,12147.9160,10052.6467,11617.6824,9060.1934,12043.7754,10816.8260,10320.6653,5779.9626,4022.8507,7200.7879,7530.4569,7686.8932,11290.9372,8407.5792,12052.3354,5327.1292,4683.9709,11557.5157,12877.5791,13597.1529,5128.0139,11971.0676,10161.8248,12772.8626,7263.4922,9764.2658,13256.8120,10653.1811,12928.9962,12802.3561,12054.9112,11130.0691,13252.1805,4462.2056,13310.8046,11557.5728,11267.3788,12255.3487,4065.6589,10834.0262,8852.0422,4688.9285,5879.4902,12092.8041,11887.7282,6389.4586,13590.9457,12223.7015,7699.3886,12159.0042,11532.6730,12957.4024,12495.4296,8858.2093,12919.1462,7017.5961,10522.6414,0.0000,13352.6637,4201.3441,12899.9665,5287.2647,5647.5796,13673.3241,10687.1176,12132.9159,690.5634,2717.1236,6156.3850,7628.9707,11525.3001,11245.1813,5680.5996,13736.2205,8756.2851,10392.2481,12539.9295,11135.1078,9842.8305,8926.4709,1201.3858,6348.1719,9598.4520,10391.2313,390284.6706,406939.2542,383161.2045,384515.0936,385678.8195,386298.3106,393699.3053,390465.6575,336355266.3349,336332194.5151,336353635.4365,336361316.5564,7131.6332,12050.5789,5125.7020,5683.5548,12167.5253,12709.5915,8809.8067,11546.6053,8432.4475,13522.8393,12619.9998,4718.1571,13514.1399,11138.6977,10185.4344,13396.4352,9281.3615,7104.1070,4071.0345,9589.5691,9538.5891,5180.2591,6847.2187,13550.8864,12515.3962,3588.7179,8000.6217,1802.4253,9961.3907,11048.3136,6355.7950,8061.1279,9350.9358,8329.0165,11975.5163,11540.3593,10285.0394,11579.7343,11149.4167,11381.8349,12449.5000,9085.8588,11461.6902,5555.0198,12488.3204,8101.1702,10700.8362,13259.3600,9120.0099,10228.1043,7826.0656,8669.3160,7684.2555,10063.9140,12286.2698,9222.6533,0.0000,6624.5467,11495.0723,9570.2429,13728.2791,13690.6322,4825.8359,11325.2885,5947.3342,11993.2428,11619.8585,13330.3299,10454.8146,11906.6067,11091.6149,9228.0994,5594.1326,12391.8462,6796.8038,6826.3742,10315.0118,5378.5158,6900.1945,11808.6151,12945.5562,12662.0337,3248.2036,398135.0828,414950.3277,390971.2218,392261.8295,393630.6687,394194.9705,401512.6399,398249.8841,336346894.0946,336323822.0671,336345263.1311,336352943.9526,11613.5868,8108.4004,11408.4163,9574.5266,13179.1170,5562.0600,11907.7284,11000.1415,10937.0872,8094.6801,2732.3731,11212.6827,12876.6660,5516.5154,10669.7879,13194.7323,5726.5561,8409.2062,10637.7841,13193.9912,2646.3578,5313.1655,10940.7695,9143.4870,9228.2959,12595.6274,7907.3589,9159.7840,12783.7959,11650.9744,7584.9124,8501.0540,11837.3471,11554.5682,9666.2878,12796.4410,7195.6618,13652.7540,13729.1911,12644.3966,5469.9073,10577.8837,11312.3809,13288.3709,11111.6964,8901.9165,9926.1407,12950.1297,13326.6440,6504.6984,12602.8760,1826.2724,11643.7934,7298.9845,3615.5533,0.0000,11354.6294,11936.2233,12467.7011,11372.8670,10993.9756,8517.3992,13693.8813,11571.1231,10285.7884,11200.8625,13016.4620,4358.6909,10681.1466,13335.7809,10531.8947,8309.8440,13480.0286,563.8905,11991.5411,13543.9894,10014.6052,2356.1061,10386.9580,13233.5674,9427.0365,7565.4030,395278.4976,412000.2671,388129.2475,389397.1528,390651.0219,391369.2077,398782.2515,395423.0554,336350192.9182,336327120.3575,336348561.5346,336356242.5639,13679.0013,10878.1908,3678.6960,3750.0686,12994.1627,11682.1917,12998.5444,5729.4124,7667.6248,11901.2135,4792.7813,3823.0208,12028.8672,8306.9100,8325.7135,8392.5640,9595.4720,12796.2941,7456.8431,12574.3254,8771.7041,5997.6161,4985.0590,10132.1057,10814.8564,11142.3116,4206.6772,3776.5156,11315.0596,6713.0103,13364.5525,6508.6297,82.5192,2825.2369,5025.3587,11472.6950,6596.2407,8929.7905,10325.3739,13079.7176,1827.1005,11123.1743,9313.6080,6161.6659,4104.7669,6147.7448,7525.1005,6798.7196,7506.9055,7386.1823,12342.1901,3602.1452,8840.3597,9360.9900,0.0000,8424.4303,11274.5171,5483.7374,7895.7166,7625.6553,8954.4529,6544.1927,10615.8835,11847.1708,11948.8951,8098.9408,10714.8913,1552.1011,5485.0684,13181.1672,8379.5243,6589.6464,11438.3878,9483.9266,7593.8324,13020.4681,12701.8149,12014.7769,8599.8849,4818.4871,13292.7588,401639.8936,418245.3103,394526.1275,395882.7781,396987.9520,397653.8379,405087.0410,401837.2253,336344166.2650,336321094.3049,336342535.2344,336350216.4920,6821.2555,13635.3851,13202.2188,6119.4754,8188.5250,4503.9269,13219.9141,12547.9797,6950.1766,13557.2203,12662.1119,8239.4678,11943.6736,9899.2671,10627.4785,8640.4841,5494.6191,10596.4229,5882.3701,10344.8045,13128.9657,13450.2614,7709.2941,7365.3894,6628.5377,12811.0013,12611.3406,6215.1150,11601.9371,5213.4511,11022.0799,13597.2959,13342.2626,11927.4087,9503.2744,11475.8819,10194.2298,9822.1892,6520.1638,13563.5112,6474.6741,10485.8356,11275.1953,13136.0286,13137.7362,10404.0937,11049.3316,11259.3525,10372.3750,7438.1833,12540.5479,11866.2003,10774.3735,0.0000,9533.2880,8329.0777,11732.3824,12379.9939,12555.7865,9252.3161,11567.2334,7182.2280,8714.1220,8108.9441,11740.9710,10073.9567,13660.9704,11894.3852,4924.7044,9913.5363,11800.8338,8131.3721,8531.5241,10680.1724,2844.3694,6440.1576,8392.6926,11195.7308,13492.9669,1967.4171,393425.8549,410239.8379,386265.2468,387575.1288,388940.6098,389467.6938,396772.6215,393544.2343,336351560.7499,336328488.9395,336349929.9398,336357610.7448,12568.9978,10099.9735,11339.1064,9752.7550,6816.7648,12982.4300,13800.0315,9687.1625,12825.4785,8308.1726,12544.2906,12952.3054,4470.0247,10197.1261,5949.4825,8556.2723,5104.3042,9877.0960,10192.0751,13005.3804,13162.9845,4211.7379,3004.9087,5201.8579,10612.6086,8265.3677,1571.1707,9943.5954,10218.7431,5716.2959,10802.4368,11736.7093,7064.1024,13173.1010,7100.9890,7302.6891,10165.2835,11705.1474,11113.7167,409.0449,9522.7876,6570.9931,11539.4521,13387.9472,4745.9879,6031.9295,10371.5303,4605.6225,11668.2218,8373.7846,13843.6682,12518.7359,0.0000,3861.4987,9545.6991,6599.6693,12906.6147,13140.6938,6378.7759,7332.1304,422.1367,11715.7544,10520.1071,10981.8042,13272.4777,11477.6996,7450.4505,8364.2975,7261.1135,9098.1696,11159.7314,2055.5649,5821.8222,4475.4369,11007.6678,11431.9273,10225.6393,13130.1925,6115.9529,399271.0572,416072.6858,392117.7930,393460.8543,394810.2891,395281.0067,402566.2199,399397.8242,336345717.8673,336322646.3783,336344087.2723,336351768.0987,6573.2871,11484.5377,12115.9501,13634.6805,4707.4615,4753.6194,10579.3175,4065.7524,7215.7166,10024.0426,7303.3005,10957.3945,7184.6871,10243.8704,13031.4216,10282.3386,11196.6144,7495.6818,4983.5395,1680.8896,11155.4434,12739.5918,11586.2454,4020.6431,7153.4625,12941.9360,6137.5421,12693.4301,9022.9774,3678.8046,1272.2223,8193.8447,9488.7557,9508.8468,11089.7737,11065.4260,11455.0053,2835.1538,12734.1282,10655.5162,8309.2637,2716.5159,4112.9512,10285.6504,9732.2770,6365.4883,10080.6349,10327.0035,6409.2407,6008.9538,6642.9251,0.0000,10480.9110,11809.3932,8445.8362,7256.5539,6656.7607,9638.2573,9437.3478,12406.5707,11220.1972,11939.9270,9084.0335,8010.9904,2246.0315,8593.6146,13401.6622,8884.9520,8834.1027,9479.1319,11616.2098,10382.1043,13743.8456,10965.5470,11501.2731,9848.4850,1776.3221,13299.9087,399929.4617,416515.5911,392815.8804,394147.9158,395230.9459,395969.3490,403438.1480,400130.0294,336346015.8879,336322943.5991,336344384.6191,336352065.9248,13041.1763,9438.8910,11320.9812,5684.5448,8932.9049,13375.9215,5016.0936,3163.3202,12350.2866,7411.4201,6521.9431,11005.0608,10955.8058,11092.0371,5890.4221,13654.3404,11297.6456,5820.9862,7203.4604,10859.0185,9039.1724,12002.8415,7534.8436,3236.9974,10104.2401,9586.6422,12438.2456,6906.6766,3720.7333,6108.5406,4280.0826,11497.2114,3937.7301,5876.2205,7712.7778,13200.6646,5481.3440,10314.1580,6297.4966,7368.3306,7532.5278,6871.0738,6228.4764,4866.6617,10320.6812,6534.3480,13475.3119,5188.3773,9919.1415,11625.9420,0.0000,8612.9827,8966.7766,5449.6595,6711.2748,6844.4882,10512.7214,3750.0824,9818.1767,10404.7174,10030.4346,5300.2869,11975.5305,5057.0703,3272.8734,11574.5595,10283.1339,3137.2655,13086.7912,8757.1158,5312.9878,12087.8391,13653.3647,10494.8669,5590.9685,6879.1633,13228.8740,399990.9867,416602.1385,392880.8687,394266.7647,395378.2931,395976.2388,403380.2956,400190.2323,336345745.4514,336322673.8421,336344114.6708,336351795.8935,7919.9256,7612.0595,10423.9459,8493.3126,6780.9926,11090.0369,13607.7366,2446.4088,8629.9631,12794.8177,10230.1434,11256.8852,6474.8286,13183.3679,5207.9837,9924.4175,10273.6823,10602.6187,11203.8170,11325.8644,10081.2627,12238.7338,13557.6228,10814.3060,11488.1440,3477.0924,13327.5678,12925.0793,11773.7768,13498.3144,4111.6977,13092.4967,11822.3241,9279.2320,428.4624,12695.4949,11115.9734,10570.4422,13198.0199,11851.4883,9849.7983,13116.6229,13166.5926,10763.5020,13117.2913,3905.6892,13427.4817,7324.2368,7748.3191,0.0000,12727.8382,8140.5841,13596.9182,9440.2922,9383.1845,11525.2341,13065.4522,11562.4612,5861.8353,6876.5143,10687.2664,5166.6565,12472.4176,13259.5608,6404.8147,11643.8380,12141.0466,5988.8912,12340.8210,12966.9057,8342.1654,3672.0415,5873.7660,10739.2165,10680.4773,7051.5041,390878.6575,407602.1800,383733.6515,385033.4949,386285.5303,386938.6011,394327.7892,391027.9546,336354482.7588,336331410.5608,336352851.6315,336360532.6329,4579.0681,9026.8284,10377.5739,12292.0925,9611.7486,10816.9580,8395.4883,6821.4089,8981.5605,13753.4604,12972.2263,2976.0536,9666.3758,11304.6929,13693.4153,8809.3572,11540.4899,12135.9328,7656.3356,12174.7088,13331.3678,10842.5773,8535.1815,13805.9431,5152.1369,11867.7753,11614.3292,12189.0967,10700.2897,7689.9153,8610.2056,5826.4351,2239.2094,8204.5654,12513.6502,9584.2946,3829.5346,12562.5324,13148.4425,9719.3657,9923.9950,9312.4763,13799.8642,10443.4352,10942.5656,12180.0807,10056.5159,12661.8546,0.0000,11699.6557,499.6684,11417.3969,6895.7623,7529.9363,13134.2508,8484.9226,9822.2257,3440.2617,1438.9824,5181.0275,10608.3073,12079.4418,9409.4577,3687.8444,13436.8343,6924.8160,12108.5338,10305.3746,8623.0128,7850.6459,10673.2421,3058.8166,4552.7954,11319.4430,9610.2733,391532.8678,408226.3836,384405.5518,385782.1381,386994.0782,387520.8344,394870.0979,391703.0058,336353828.6141,336330757.1626,336352197.9928,336359879.0195,11935.9303,12529.3893,10439.4963,12326.4744,11440.6368,9192.8545,10283.7644,8130.9916,12860.9016,10760.8275,2221.7160,9066.1283,9448.8135,12714.5254,11792.8823,13387.4490,9542.4373,5380.7406,9322.6363,13554.8498,11434.9768,5448.9241,13216.9776,4784.8777,10894.6039,12918.7406,13392.5345,10791.6477,9530.4244,9244.2854,6910.8766,6302.3723,8026.1317,13484.1860,6507.5917,6965.7079,11619.4410,13779.1013,12356.2910,9109.0823,9257.4594,13170.5137,9452.8823,10170.0790,12261.3743,12065.1087,12757.9143,0.0000,9864.8851,4707.4954,11050.6734,10478.9565,10928.3756,11187.3128,9267.8090,7048.4411,6632.0297,5098.4201,8776.3131,11439.6249,13371.3677,10054.6342,1844.6752,11798.4791,9054.8729,11089.5049,8160.7404,8544.9284,3645.2944,9469.4917,6174.2556,7947.7348,13280.9853,5989.8884,392614.4644,409391.6343,385467.5501,386820.7969,388138.1829,388617.5219,395917.2007,392751.8683,336352443.5338,336329372.0852,336350812.9577,336358493.8183,4021.4453,12277.3715,1050.7371,8042.8219,8826.0368,3096.7190,10787.1973,10592.4537,12660.5046,10773.0668,10443.5166,12212.1008,10768.9907,314.7056,3806.1110,12989.7369,12103.5396,13360.5002,8108.5531,8045.1542,12788.5731,9933.6116,10743.6426,10776.7890,5710.5240,5440.2130,9045.1146,7449.4266,8792.0379,9123.2796,7630.1332,10413.1126,6372.8153,13065.7690,7521.8431,10675.5452,7124.6350,1577.7329,10660.1405,9627.0907,10046.0082,10826.9924,10903.5041,8703.8697,5085.3751,8899.8797,0.0000,12044.4087,8728.1227,9836.1648,2769.7218,2202.9416,12263.4973,8598.9860,12851.4078,7970.3917,8780.3920,5399.0065,8080.4825,5463.1155,8389.7774,11326.2853,11825.0686,6686.9270,11046.9766,12301.4920,9865.4243,13288.7420,11457.3729,8319.2714,6475.4206,3401.6239,13563.1410,396312.1835,412877.6293,389207.3637,390568.8012,391624.9041,392325.8368,399787.8173,396524.1680,336349665.6465,336326593.6310,336348034.5611,336355715.8833,10056.4467,4519.2895,10421.7874,6419.4297,4688.7089,12821.5143,8884.2267,12200.9494,11271.7160,12533.0521,9962.6296,8941.8919,4027.7523,3146.2993,12887.0487,13571.7223,12720.9731,7934.9510,10379.6762,13740.0645,8954.6262,10075.4470,12062.3209,7641.9926,5796.2816,11200.0355,5437.2201,11506.7652,11750.7413,9765.8340,8343.4753,7306.4688,13828.1847,10197.5368,11571.3238,6685.3330,2516.3627,12592.3628,11980.4556,8566.8559,12554.0905,8092.6306,10164.0315,1460.4204,5764.0758,0.0000,12937.7195,10229.8216,11606.7547,5246.5018,4482.4642,11858.2561,11382.3533,13760.2473,8266.3363,9676.5616,8512.0602,4628.8267,6650.4550,11037.3966,11677.7597,11312.9674,9899.2027,8288.9363,13480.0573,12269.0186,13413.2039,8922.2042,8672.5912,9415.4786,3190.5100,12748.6180,395297.6139,411878.4070,388184.1238,389508.1428,390584.8068,391346.4118,398827.2503,395499.1718,336350678.8330,336327606.4544,336349047.5027,336356728.8079,12412.4443,12479.6536,7486.4555,12156.6950,12173.1153,5182.7455,6369.6547,10640.9775,12217.8324,1813.7616,4720.8932,12303.7944,10529.2381,7116.7600,11384.9383,5539.6523,9157.4668,12378.7695,10137.2532,7080.1392,9024.7975,10637.8018,11835.9814,10342.8836,12119.3272,9185.3332,13162.5310,13405.8539,13132.8540,6847.1315,10878.9220,9588.5510,13559.6322,9938.0829,9345.2927,11494.1869,11884.1081,12569.7899,6160.0081,11443.6376,3838.8167,11086.4545,9462.8227,5443.5074,0.0000,9741.7880,12296.1448,11572.0505,12734.9061,12457.7136,6663.8141,13260.4885,9881.6112,11380.4324,11842.9188,13679.2999,6878.4750,11182.4985,12876.3740,10408.8516,6689.1677,13573.3362,2328.8770,10420.8971,12792.1823,8599.0624,3455.0329,11371.2905,13685.9086,10791.8441,5830.5041,396673.5346,413437.8699,389515.9062,390782.7097,392089.6464,392761.3272,400140.1689,396802.9100,336348621.2643,336325548.8191,336346989.9830,336354670.9239,7312.7561,9562.3289,4089.4048,10453.2075,10312.1230,12340.9906,11319.4313,10008.0618,12491.0108,10532.3501,1347.8864,3486.5004,12719.0939,12039.1048,13212.1869,7438.5476,7314.2211,12732.8549,9457.9613,11426.6587,10189.0767,4781.1960,4705.2807,8401.8814,8313.7549,8374.3535,9080.1220,8134.0772,11092.8304,5520.4504,12940.6107,7793.0334,10055.5031,6489.3652,2077.2911,10218.6242,9172.5475,9680.1919,10353.7941,11334.8026,7934.4371,5721.1469,9007.3022,0.0000,11604.5786,9279.1865,9189.2216,3672.9174,3202.1773,11890.0232,8189.0763,12665.6467,8811.4344,9480.5536,5717.1534,8626.4180,4581.0344,7847.7272,11856.5007,11410.4738,6479.1504,11272.3450,11993.2330,9505.2272,13482.9637,11878.0180,9130.8439,6742.4874,3049.4730,13775.7569,397354.8924,413919.1564,390250.4533,391613.0682,392667.8543,393367.3736,400828.8898,397567.3490,336348630.4165,336325558.4083,336346999.3347,336354680.6622,13274.3075,9787.0784,4954.6756,9697.0878,8725.7712,11772.9096,3941.0529,13070.9713,10028.2995,8215.4926,8324.9418,8625.3976,7994.1590,10082.2649,6350.0734,128.2906,8745.0681,8041.4231,13169.9286,3985.8880,3781.0431,6256.4969,1420.8136,12887.8458,3393.2321,6487.9871,9523.1816,13806.9192,5032.2194,8609.2168,8068.9458,4533.5613,6973.9582,8851.2306,4080.6038,3267.9512,9014.2050,4087.7465,13480.2243,2618.1544,11326.4535,11548.5068,0.0000,5981.7379,10363.9198,2421.7461,9270.8654,9326.0680,8233.1264,3453.4838,7965.6430,12064.7229,11504.7725,7797.3145,12715.7674,5200.2847,2112.4891,12098.7062,8063.2934,4975.7926,12657.8181,6600.7538,4214.0715,11257.9407,13523.2156,12076.2543,7755.9619,8138.7721,12265.5900,402124.7643,418779.3241,395003.9734,396376.9693,397541.9639,398118.3253,405498.4284,402307.2350,336343431.7255,336320360.1016,336341800.9556,336349482.0985,7125.8546,13328.9657,9916.9223,11910.3151,7779.5189,13550.9339,6269.1167,9668.5652,8673.7043,8903.9314,12124.9288,12421.3408,11182.9727,11436.3499,13225.7487,12117.4051,11043.5092,5093.1874,13544.3943,11968.9364,10537.3597,13419.0308,2078.1284,13136.2245,12128.5703,9269.8241,2156.8190,11683.5971,12383.4256,10530.3921,13289.2876,10775.5791,8039.5455,13525.9694,13364.6415,10289.0815,13524.9728,4073.3540,13071.9374,5118.2102,6606.2788,0.0000,13339.5911,8546.7822,13619.2673,8034.3747,7820.2183,12011.7031,13071.7506,12701.3422,5688.0285,7237.2381,10086.9114,3234.2405,11336.6411,13154.6192,7910.3728,11920.3779,11835.3037,5998.1281,13209.0928,13276.4041,10158.6290,4505.0027,5909.5198,10416.3558,8988.0240,8975.1612,391182.3581,407859.9475,384046.6191,385348.9322,386544.1712,387243.9967,394667.9923,391347.9718,336354374.8755,336331302.5635,336352743.6446,336360424.7434,11227.5949,11795.1463,13460.6038,8707.1760,11203.1087,11636.2686,11853.1863,2791.9667,6154.1690,13521.6052,11721.3287,13620.5781,10288.9402,9796.9646,12427.0528,11586.7624,8503.6125,12110.1215,8269.1581,7988.1211,10499.8282,5397.1985,9553.4789,8765.6337,5750.7789,8625.9826,8934.4881,12942.6598,6384.1332,12198.4916,9411.1536,3550.8409,11445.5012,10464.8474,11499.8754,11728.6631,10123.0317,10678.6809,4908.1929,9502.9389,0.0000,12930.9517,6634.8632,11313.6946,984.9033,984.8830,13244.5964,9349.7785,12900.4719,5176.0317,6278.7061,4513.2745,7470.1529,8135.0018,9543.5039,9310.1739,12995.4653,7066.1886,10904.5557,12709.8758,10403.9330,12279.0288,10571.7436,5583.7593,5511.2138,5861.8331,12702.6636,393410.7260,409995.8619,386302.3025,387665.2683,388744.6010,389421.4641,396868.1164,393616.4869,336352458.0418,336329386.1078,336350827.0258,336358508.2964,11240.1359,8196.3974,9219.3137,1161.5984,12403.1484,11400.2679,10834.9126,11682.4956,7065.4810,3393.7714,8524.4969,9721.0099,4970.6057,4506.1545,10248.0631,11414.4338,4418.9411,8260.8486,10109.2322,3787.6116,13280.7918,2873.6582,4180.2250,8392.1311,13117.5901,9220.7569,4729.7550,7024.3548,5812.4682,10512.6810,11626.2304,1366.7322,1840.9656,10991.2243,2132.2195,13449.3130,6267.1739,13253.1953,13222.4390,0.0000,4472.1912,8590.5652,4067.0604,10856.3503,11180.8169,8166.3769,3136.7505,4118.8045,11293.3892,10022.7481,8254.0002,13809.8546,9408.8745,3450.7109,9374.5273,8624.2642,5492.4944,12996.9369,3104.6759,1458.4013,7694.5465,13089.4356,11091.9455,7508.6895,11520.4309,9680.6747,400208.8249,416941.1698,393073.9770,394450.8974,395712.7264,396191.9100,403505.3492,400364.5136,336345013.9131,336321942.5828,336343383.3916,336351064.3546,5191.8567,13049.9684,10787.3509,6715.8977,496.4634,10748.0838,7813.4286,6811.9717,11946.3184,6451.4103,4625.9856,9576.4271,11083.0035,2174.7519,12170.3193,8175.2361,8347.8884,6633.6860,9641.0856,10846.2323,11634.9560,13090.9214,13757.1851,10258.1708,6913.3701,10307.8506,13595.1850,6948.1088,5055.5625,9815.8349,10438.9854,10985.2850,1079.0577,9827.7614,7369.1008,7605.5626,9043.3848,4561.6533,0.0000,8248.1185,13576.3938,8957.7869,12109.8473,11676.1649,4762.7393,11737.6005,10181.7090,13090.6480,13547.4691,13167.4062,7976.3546,7484.1603,10878.5785,13040.1915,3950.0805,12353.4679,5248.3078,9884.4920,11605.9201,11190.5862,7630.9456,13186.6275,13393.4073,8132.8946,9404.7781,400825.1506,417531.1526,393680.5333,394961.4577,396194.9417,396903.8481,404317.9897,400976.8474,336344687.5506,336321615.0623,336343056.2052,336350737.2788,11807.6900,7961.0575,7607.5421,5203.6740,12778.9469,11093.4903,1850.6104,8475.7142,2389.8263,7077.8630,8614.1218,7232.5555,5210.2021,11959.8365,5433.6454,9532.2920,9315.1154,7917.7637,12922.3411,9771.4211,11191.9225,13197.6320,11474.0858,8828.4359,6105.1855,12726.6193,4729.9089,8208.8652,12460.2247,7454.9966,8642.0152,5515.8277,6732.4924,9547.3121,7015.0886,12322.0476,8935.3950,0.0000,4219.3080,12772.7364,6887.7957,13597.0437,13461.7583,847.2480,9980.3239,5941.8202,13547.8345,13218.3694,13183.2053,11257.4175,9516.2864,9302.4824,11646.0993,1853.8743,11524.4022,7940.1708,5791.3314,9125.6915,8122.1673,9175.4409,13451.3558,12939.3550,11251.6866,7026.2353,401677.3817,418455.3339,394521.6344,395821.0478,397142.3898,397731.5172,405072.3591,401806.5503,336343480.1034,336320408.0444,336341849.0956,336349530.0045,10032.4962,9475.8926,12900.7728,10586.8177,12531.9161,10845.5725,7010.4375,10535.5644,13583.7227,11772.4902,7291.5364,13461.2552,3275.3413,11833.0353,12719.8824,12992.7854,11376.9213,7823.3714,9713.3127,7194.8974,5053.5663,6848.2778,13311.2591,8289.3891,6254.4919,12446.9367,13565.3753,11155.8215,10141.9495,9999.5930,13317.3229,10517.1726,9576.4804,12680.3112,10708.0141,12195.2354,0.0000,11126.2029,3268.2361,11792.7191,8992.9801,9462.6137,12142.7434,9673.4011,8745.6183,4520.9876,3066.1257,7734.2046,10295.4120,13051.6955,10469.0637,719.5165,12598.6807,8818.8609,10825.7609,9649.8005,9329.4613,5526.2173,9040.5130,4039.1859,7081.5987,12404.4402,7149.3595,391295.4347,408040.1985,384154.8539,385509.7756,386785.8977,387299.8839,394625.9453,391444.7731,336353880.9425,336330809.4108,336352250.2918,336359931.2198,12588.5163,10992.2152,10522.9816,11134.8606,7036.2751,4486.2330,8614.0167,8916.8831,3952.8684,5398.7790,9610.6482,12047.2549,3562.8301,7396.1933,9366.4844,2695.8021,13467.3644,2532.0354,4764.3247,8906.3952,13482.6754,8358.9544,5411.2968,7464.1568,4977.0560,9756.6237,11270.2320,569.5730,1116.2364,10445.2514,1399.3539,13577.5501,5243.7742,13073.2548,12938.2890,0.0000,4137.9437,9254.8427,2983.2398,10796.4716,11060.1976,7816.4042,2826.5372,4723.8871,11766.4478,10641.7965,8384.6601,13764.9537,8595.4576,2698.1798,10214.7871,8166.0841,5423.2325,12971.0102,3409.8543,1517.4749,8536.5923,13293.0288,11609.3393,7775.0252,10976.5712,10252.4339,401071.7308,417791.4526,393938.9966,395314.6227,396560.6226,397057.0713,404381.9143,401231.6955,336344203.5114,336321132.1252,336342572.9434,336350253.9377,6278.8144,12192.0001,10918.0660,8014.9552,11235.2567,6404.9572,10293.6811,12981.6323,10051.7633,8498.6555,7539.9526,11488.7125,12505.3461,11088.6093,12716.0003,8123.8161,13361.3520,13153.1825,12375.7802,5288.3776,11730.5295,9714.9899,13030.5892,10970.3040,10345.7765,11461.6865,12307.1075,12895.5769,7608.9298,11976.5033,2769.0188,11988.8860,9163.1824,6024.9066,0.0000,10529.3433,11373.6077,12309.9205,12287.6597,12069.5658,7969.7384,13436.9304,10114.2974,10221.2373,10737.0233,13247.6001,6358.0854,11908.5825,13224.7482,9210.6706,8098.8418,13496.0073,2601.3659,10840.8670,12981.2216,7974.9317,1967.9778,10190.4908,13221.7117,11142.7867,5183.4953,394915.6462,411682.9327,387758.0084,389028.4442,390338.4376,390999.8530,398374.2049,395044.6979,336350352.4023,336327280.0114,336348721.1614,336356402.0903,10913.0263,8039.9297,6797.9489,11966.7364,6295.9727,5081.4377,9908.7227,11053.1214,2657.7469,11933.0578,8449.2728,8724.9705,6992.3016,9941.6187,10678.0874,11858.9245,13207.6253,13775.1905,9949.7133,7322.4317,10284.5268,13673.4531,7259.9989,5461.8467,9966.9821,10640.7365,11209.1144,1562.4843,10038.2870,6981.1193,7988.9683,9020.5855,4388.7205,0.0000,8410.6225,13533.0920,9262.9063,12201.8694,11773.2418,4848.5013,11961.7186,10197.2158,12981.2452,13456.2850,13285.2255,7770.4979,7863.3930,11142.4826,12871.2310,4112.4470,12547.1359,4820.8393,9979.5681,11796.1305,11010.2650,7225.3327,13071.7512,13497.6532,8362.3275,9112.8250,400477.5711,417188.8908,393331.5432,394609.6219,395849.9396,396558.6133,403970.7383,400626.9970,336345019.2141,336321946.7125,336343387.8625,336351068.9247,4037.4218,13079.3012,12078.7953,13426.3497,8355.7807,8219.6181,12775.2016,10133.3051,10548.9857,10930.6744,5976.7731,5716.6003,9193.7249,7252.2949,8851.8702,9066.2673,7421.4256,10262.7168,6651.0424,13079.9711,7371.4970,10853.6621,7379.5099,1656.7161,10745.9087,9706.9548,10225.5235,10929.0502,10854.6873,8918.7811,5025.3338,8978.7736,0.0000,12159.2832,8518.1246,9996.0420,2467.1662,1889.4857,12399.2477,8654.9848,12881.1271,7708.2411,8540.9882,5235.2862,8024.0261,5749.7904,8492.6016,11147.8223,11979.6154,6676.0130,11064.4007,12363.6950,9912.8845,13219.2222,11401.8073,8062.9772,6324.7940,3643.7373,13516.0800,396009.8539,412575.9521,388905.0190,390267.1285,391323.9468,392022.8335,399483.8658,396221.7339,336349962.5517,336326890.5462,336348331.4739,336356012.7934,11938.1347,13150.7732,12166.4472,5445.6543,8273.7028,13374.9589,7176.4975,11929.4480,10202.3405,4977.2181,2878.6186,9278.6431,8188.9331,10186.8393,11303.3938,10561.2935,10531.1806,4435.6738,13282.7514,10414.9917,9576.7030,4091.5628,2774.2791,11172.1298,10548.4006,7154.1591,11041.0008,9670.3769,7792.4799,4486.5528,6223.3428,0.0000,11489.0492,11276.2758,9627.4154,6249.6410,5549.6078,10570.8297,10085.4403,13038.9055,10235.6160,11193.9251,8691.2982,6886.4093,3750.9102,9424.0521,12931.3417,9875.8639,9070.1464,9145.4589,12410.6398,11071.1264,13810.5851,10397.9345,10567.9780,9561.5827,445.4662,13306.6546,398364.3861,414940.8602,391252.6067,392583.2218,393654.5885,394406.7521,401884.5982,398568.1281,336347627.9872,336324555.6585,336345996.6869,336353678.0084,6932.7928,1957.3181,8283.4896,8529.6243,5558.9043,6774.8917,11387.2060,5166.1885,10062.9076,10231.1681,7604.5228,13095.3086,9049.8469,10188.0922,12469.6155,11478.1203,9672.2495,4358.3244,11960.2296,4982.9742,9390.1891,12967.6823,6519.8083,7855.8454,7120.4602,5872.3598,10086.1534,7389.2558,12959.2239,10114.8201,0.0000,3330.5769,11941.6031,6640.3097,13616.0899,13592.6557,2476.6893,9278.3161,4236.2850,13115.9958,12523.7495,12739.2235,11946.0899,10282.4568,8795.8378,10642.6993,3519.8334,10971.5486,8819.5776,4334.6661,8179.2272,6718.7931,9560.4065,12954.6411,12331.7515,12040.5810,6158.1859,401069.4114,417864.2070,393912.1309,395222.1214,396564.0173,397111.8477,404430.2223,401194.1179,336343998.5109,336320926.6256,336342367.6339,336350048.4983,7825.8877,11621.6986,7994.6618,1879.4883,11545.8462,9446.0646,6803.7121,10739.7510,12050.1294,6906.8041,12649.1952,5662.2038,4793.5182,7917.3550,11708.7596,11488.8036,2960.2376,7150.2992,7962.2543,12320.4080,12794.2360,4464.5941,5080.5802,11994.4614,4866.7281,12525.7301,8952.0300,13644.1455,13518.7655,0.0000,5755.7270,7407.2220,6996.7131,11556.5451,11957.7118,8767.3898,5829.8976,2949.8039,10239.4331,8701.5128,8989.8815,13575.3574,11628.1209,6477.3279,6973.1368,9478.6968,7228.1363,12457.4972,3532.1583,4379.9686,4800.0145,11929.6370,9912.8931,8035.9303,13023.3264,7454.9338,397736.9192,414513.2335,390592.4486,391960.1721,393277.3025,393725.3736,401010.8596,397875.9456,336347320.7431,336324249.4516,336345690.2738,336353371.1384,8933.2277,9984.5027,6255.0107,7037.8247,10593.9286,6930.3799,11070.9149,10807.6183,9177.0060,12410.3666,10423.9356,11159.1049,12791.8707,10342.8526,10519.4790,5201.5617,12570.1802,6606.8535,9866.6472,13158.7819,8139.0095,9361.1797,7034.1435,7567.9995,8733.4659,8798.4471,12588.5053,9368.5852,0.0000,5217.4404,12052.3329,8310.2221,13852.9410,13792.6124,3204.3769,10625.4512,5364.0382,12800.5112,12374.0044,13327.1134,11090.2191,11073.6261,10227.7167,10251.5499,4104.5554,11991.7237,7498.9348,5889.2102,9593.7453,6304.4802,8109.0158,12639.5449,12960.5324,12311.7697,4854.6959,399834.4055,416640.6936,392672.8590,393968.3042,395325.5770,395890.1495,403210.9721,399953.0038,336345219.4050,336322147.3979,336343588.4500,336351269.2930,6237.0475,11428.6775,2735.8074,13461.9929,6436.0895,4185.5325,2932.5438,6830.5789,11550.6966,9146.2859,11351.9632,12586.1120,12287.2287,2532.1978,10840.8462,11935.6204,5260.2551,1496.2811,7726.5260,8713.6321,8751.6684,3600.3235,8204.6398,10395.5726,4234.6264,8795.3500,6802.0578,0.0000,7770.0383,13016.2000,6445.4279,10255.3845,9821.6030,6329.1881,9201.8815,10428.6767,13055.3943,13373.2817,11060.5182,9494.2675,3343.7518,8076.1702,13787.2089,5427.8254,9768.0432,8841.8762,9506.4595,9596.2618,12627.0779,10781.3896,13207.4187,11451.3678,5630.7550,11938.2326,402447.6398,419093.3027,395319.9917,396637.6956,397794.0269,398495.7136,405928.8588,402625.6464,336343247.5385,336320175.2641,336341616.3088,336349297.5021,8719.3000,7917.1753,13146.1671,3896.5277,3733.5482,6182.3071,1396.9513,12855.0464,3470.6597,6552.2537,9566.9735,13755.8949,4950.5913,8567.2948,8128.6235,4419.4544,6874.8873,8832.9869,4075.4527,3307.5520,8892.9349,4057.7029,13399.4746,2494.4676,11281.5858,11453.4358,0.0000,5902.8334,10392.0526,2347.4364,9291.2740,9337.9172,8116.7906,3535.9714,7924.0878,12069.7220,11520.6670,7855.6806,12649.2811,5136.5984,2193.8937,12093.4439,7941.0224,5057.9520,12561.5563,6558.5797,4261.7054,11220.4904,13443.2494,12081.9878,7818.2176,8093.4093,12199.3700,402147.8916,418803.4189,395026.7142,396398.5041,397564.6943,398142.5318,405522.9095,402329.8743,336343405.5942,336320333.9595,336341774.8172,336349455.9589,10915.3365,9266.8519,6767.4513,11237.1889,12217.2037,7586.0945,12650.0943,6990.6697,6478.8366,9097.6901,11202.6530,11705.1546,1328.6776,8567.5214,7712.8110,12212.5589,13275.4864,5187.2420,6174.2815,11270.1052,5292.4158,11668.3637,9177.5072,13707.3798,12904.4616,0.0000,5194.9086,8353.9845,7374.4304,12384.7960,12699.4385,7663.9658,7184.0643,1766.6017,10737.8248,9375.3284,10254.5499,13198.5610,11949.6518,7574.8023,7096.4175,8496.0475,8639.7734,11472.6562,3129.2004,5712.0877,3589.4156,10975.5016,10410.8898,9399.0437,13308.5392,5964.9883,397915.2007,414714.6025,390763.6351,392114.2996,393460.7313,393918.1457,401199.0746,398043.8210,336347072.2674,336324000.8580,336345441.7277,336353122.5516,13031.0151,6754.9442,6675.8447,5297.3192,8088.5550,11647.4266,10396.9271,12310.2632,13489.1241,11544.4898,5188.8036,10130.9354,13043.3402,5404.8584,3618.2820,9361.1124,9279.2229,9735.5748,1266.7045,8640.7138,9077.6560,5743.1760,9438.8228,5891.3511,0.0000,7331.6483,13557.0419,7384.4703,11730.4488,11314.8882,4515.4255,10503.1681,9838.5344,13459.1418,13768.8997,12517.0215,9126.0407,5924.0498,9484.2782,13527.0473,3501.9421,11307.2165,7154.3148,9201.1729,10491.9338,11687.2838,9342.9528,13560.6005,12761.2016,7444.9697,10431.9374,402201.6419,418889.9130,395062.6038,396359.1451,397569.3481,398266.5189,405682.5261,402361.8100,336343349.0837,336320276.7073,336341717.8058,336349398.9154,13085.1645,13290.1741,12854.3344,12920.7323,5614.1069,11805.4091,9792.1556,7019.3873,3824.9672,13510.0828,9946.6301,8479.2384,13349.3014,13236.4593,10673.2257,12072.7485,12016.7592,12587.2656,12273.5767,7090.8602,13583.9768,9154.7168,10446.6571,0.0000,12377.5245,5484.9685,13199.9304,9112.5089,9361.4031,12297.5589,11764.1879,10450.5547,4122.5149,4248.7437,9223.8204,8015.5342,13235.2775,12295.7985,3207.6603,12620.0202,10752.1739,8813.0423,11376.6481,11555.4534,6756.7406,6612.8678,3837.6716,8957.4893,11888.2301,6854.6472,390137.5895,406875.9596,382993.9932,384322.1524,385590.7347,386168.7389,393523.3359,390285.7884,336355100.1037,336332028.2598,336353469.2319,336361150.1859,6453.4913,7876.9368,2885.7908,13765.1288,5334.7576,7911.7167,11260.1790,13573.3430,6689.1824,6084.5795,10073.8230,1500.7324,7637.8357,11201.3164,3122.9456,4077.5512,7758.8169,2325.4519,12673.6815,3128.7567,12670.7820,11255.7986,0.0000,2271.1690,11496.7278,1641.9006,11844.6847,11863.1939,5031.3169,5576.6041,5369.6553,13234.4499,12539.2585,10454.2205,13035.2763,7293.6408,4615.1959,11928.9263,5177.2836,7786.4773,11494.8080,3893.1066,4927.9795,9461.1287,12482.8731,13151.4999,10153.7173,10168.6329,10112.5662,403039.4768,419762.7208,395901.5167,397249.9081,398500.5057,399050.6557,406395.9000,403194.6816,336342252.3964,336319180.7091,336340621.6179,336348302.6264,2819.5903,4974.8571,11418.6150,6542.2336,8867.9802,10265.2289,13012.0929,1827.4849,11046.4793,9256.2130,6110.7842,4092.4703,6129.4766,7463.3113,6740.9018,7467.6278,7324.5247,12279.7660,3561.9900,8806.6639,9319.6418,0.0000,8360.5633,11207.1149,5432.9579,7861.4475,7594.6036,8894.5753,6491.1235,10541.1033,11784.7767,11881.9532,8053.2798,10667.0898,1560.1525,5434.2850,13103.3974,8324.5678,6541.1121,11379.4401,9413.8211,7533.6751,12938.1891,12635.1253,11950.5381,8548.3897,4811.3268,13212.1527,401592.5496,418199.2839,394478.4948,395834.9611,396941.7315,397606.5585,405038.9068,401789.4104,336344207.3991,336321135.4410,336342576.3707,336350257.6253,7183.5831,10149.4303,8789.0792,10651.6246,11148.3510,11782.7008,1624.6108,11929.7148,10578.4099,7115.7899,1889.8842,5084.9709,9335.1454,8874.5690,5739.1829,9072.2921,10534.4906,5206.5907,6954.6898,6920.4130,0.0000,9409.6907,11859.8427,7336.5086,7880.4002,7370.5815,8668.3311,8748.1919,11551.8925,11609.2858,12136.3165,9209.1592,8637.6386,1313.5540,7791.2400,13331.4701,7907.4639,8503.2621,9505.8931,10670.1167,9600.4671,13260.0799,11075.4248,11843.1398,9852.1739,2945.6049,12879.2090,400798.2203,417400.5328,393681.4930,395014.4501,396116.9823,396835.6081,404290.9358,400993.3725,336345066.9685,336321994.7361,336343435.7468,336351117.0205,13201.8592,3018.0549,6145.5846,9616.3552,13731.2587,5973.0157,7386.9673,8164.1865,3806.7667,7646.7525,9805.4282,2747.1048,2305.6696,9066.0380,2690.0373,13399.4816,2841.8735,11978.5220,11825.6545,0.0000,4744.3879,10261.5635,1310.1077,10042.5414,10146.6030,7502.8115,3193.4208,6701.2116,12200.1116,11469.8599,8298.5519,13042.7083,6261.2907,1944.2398,11636.9484,7495.5766,5336.7227,12551.3413,5265.7388,3350.0704,10323.2613,13327.0831,12155.2438,8064.1393,9124.5778,11450.5601,402189.2643,418870.3799,395062.9498,396433.4506,397631.2942,398182.8555,405543.6575,402362.1497,336343253.2929,336320181.7241,336341622.5756,336349303.6619,12669.3559,11554.0738,8225.2411,3918.9575,11353.0477,13039.8454,9547.1484,13599.6046,10738.6786,6766.2151,13524.6437,13116.7491,11029.8616,13618.2455,5982.4756,12988.8566,4196.6478,7443.8525,0.0000,13838.1855,7809.4356,13590.0442,6353.5659,6151.4109,12935.9918,12560.2137,13282.3292,4607.5110,6467.6538,8781.4696,3908.6242,10847.9714,12709.2463,8130.2997,12787.4417,10944.8478,7635.4031,13637.6414,13005.0382,11054.2086,6475.8246,4974.5387,9268.6323,8190.2106,10377.7652,390898.6689,407542.8161,383771.8772,385090.4848,386243.4502,386947.5014,394385.2854,391078.2558,336354770.3101,336331698.0740,336353139.1150,336360820.2764,3340.2190,7349.1815,13361.6100,7928.0480,7329.7708,5665.6448,6492.7204,9655.1695,9870.5357,3054.3780,1466.1821,11182.2583,3738.6829,13865.5388,5652.9662,12156.1703,13042.7728,0.0000,6397.9200,8140.0312,4120.2980,8993.6415,9335.5130,9547.7691,298.0756,6780.1618,10672.6478,9609.0442,6286.3489,13407.8186,7885.0286,1284.3132,10063.1712,9716.2574,3058.8111,13510.6923,5729.6037,1467.1369,9659.0646,13717.4387,10570.3614,5753.3223,9941.0841,11475.1076,400020.6905,416699.0172,392898.2470,394288.0999,395482.5328,395996.0667,403342.5308,400197.0271,336345414.6841,336322343.3293,336343784.1170,336351465.1908,4732.5117,12129.0295,10205.3958,7361.6511,3125.3312,9049.2194,11633.9508,10260.0618,5218.5516,4217.6093,12836.1400,5988.5285,13504.2532,8530.0674,12094.3399,13709.9000,0.0000,8245.7295,5369.2980,7072.7320,8287.2515,8853.5881,11174.3126,3233.8790,7123.5104,8532.9983,7058.4798,4889.3218,13182.4653,9979.1524,4510.4128,7613.7385,11497.4609,3057.5262,13699.2677,6796.9544,3342.6302,8404.6682,13243.4776,8330.2350,3844.4224,11032.0594,10742.0850,396903.3744,413594.4852,389779.8146,391176.6244,392386.8751,392871.2877,400201.9891,397076.2396,336348469.4481,336325398.2143,336346838.9748,336354520.0073,9517.7625,11391.7226,10082.3314,1920.0355,11992.3200,12346.7778,8605.6558,9254.2634,8323.3366,13627.9570,9840.3587,11888.3037,11180.9453,9742.7960,12780.1330,0.0000,11506.3318,1824.7929,10524.4285,5529.4569,6263.3436,13225.9267,7164.8663,10141.9052,4353.1436,3070.6127,3055.2575,10970.2986,10868.6379,8110.8686,5749.4362,13417.4074,5131.3922,12809.7292,10272.5228,7694.0590,9199.3451,11772.4497,4205.1600,2404.0687,10274.8933,10989.7270,392769.1777,409428.6329,385650.4482,387039.4858,388209.4683,388747.9699,396113.3146,392952.6421,336352729.4739,336329658.0553,336351098.8573,336358779.9527,12749.5457,11488.0227,10821.3462,13409.5753,11856.7165,9785.4184,13416.6898,13449.1894,10789.7102,13409.3695,3769.7506,13595.2617,7133.0037,7602.6886,0.0000,13012.9481,8423.5683,13832.1786,9461.1495,9374.7421,11725.0354,13330.4645,11923.7950,6004.7555,7124.6010,10856.1161,4895.3778,12514.3355,13503.2925,6796.1421,11811.0744,12365.1498,5922.4017,12676.4602,13268.1706,8757.1956,3639.8027,6048.6923,10950.9213,10617.6424,7407.7352,390764.2045,407482.7295,383619.8579,384917.5566,386163.5772,386826.7033,394221.6424,390914.9354,336354623.7950,336331551.5590,336352992.6387,336360673.6514,11351.9310,10572.5077,5946.3055,2351.8614,6339.0498,8313.1117,7890.7982,5954.9310,8009.0380,11513.1744,3789.5658,8435.7072,8089.1135,0.0000,8444.8951,12146.6653,6063.9853,8702.5093,8305.5095,8128.2341,7916.9219,10883.1930,12363.7165,12640.4928,9398.1824,9981.5093,982.6521,6808.2433,13634.3136,7394.0327,8106.8396,10359.6809,9825.4668,8724.0041,13161.7344,11936.8904,12547.5467,9912.0605,4433.5901,12994.3692,401999.9396,418612.7793,394882.0645,396221.6735,397336.6560,398029.7325,405471.1156,402192.3639,336343802.8782,336320730.7487,336342171.7328,336349852.9846,9507.1637,6913.2406,11738.1135,13458.3752,5074.2180,6310.1146,10515.4064,4963.8908,11521.3254,8692.0797,13830.2493,12528.7651,0.0000,4233.5047,9394.9736,6951.8936,12918.8892,13161.2200,6568.6789,7552.2724,816.3389,11546.5049,10337.3290,11008.0780,13195.4032,11698.1960,7715.8335,8073.0644,7460.7170,9228.4825,11075.7762,2451.7940,6055.8751,4086.9941,10833.6947,11251.6294,10238.7593,13251.3723,5809.8334,398908.3290,415713.4242,391754.2793,393096.3370,394450.1766,394918.9968,402202.2400,399033.7419,336346068.8131,336322997.3244,336344438.2204,336352119.0388,10930.5640,11827.7697,8699.3686,7877.5181,6774.5895,13357.8662,8534.4979,12767.8140,9995.4230,10420.8575,13155.0194,0.0000,10523.8165,3343.1546,9175.9142,5920.8339,6631.5846,12690.2750,5459.3120,9425.2732,6119.7089,4863.2111,2429.3816,11848.5974,10091.9772,6499.2744,6881.0443,12875.8846,3414.4632,13380.4661,9304.1235,6133.9390,9419.5987,12652.8145,5996.0186,1234.6574,10101.8473,11408.9480,394492.2552,411148.2419,387375.5019,388772.5065,389938.6615,390463.4233,397823.6410,394677.7050,336351021.4455,336327950.1048,336349390.8806,336357071.9830,6582.3738,10909.4941,4558.9965,5373.1761,6473.9017,3779.1970,12122.7995,2735.1927,12199.1365,10314.9838,0.0000,2927.7888,12209.4034,2603.6785,12000.6671,11916.0634,4146.4168,6703.3120,6278.4483,13577.5540,13091.6947,11075.9158,12457.1142,6683.4495,5629.1915,12530.6522,4046.7920,8637.8717,10732.3534,4983.4461,6251.3757,10034.3904,12009.0360,13534.8264,10909.7312,9600.1914,10217.9340,403433.5718,420151.0597,396294.8447,397631.5916,398875.3527,399456.5208,406816.2540,403589.2423,336341900.7682,336318828.9299,336340269.8807,336347950.9097,6567.3381,9615.3761,9465.2701,4072.8641,9197.4341,10046.9750,5245.0239,7633.9812,6132.3199,0.0000,8975.4115,12846.8807,7470.2805,9420.6682,8902.0251,7515.1911,9667.4361,11374.6871,12545.2926,13067.4547,10696.4863,8632.6135,2800.2521,8623.9213,13815.6917,6629.4707,9813.2112,8653.9185,10532.0882,10248.3158,13165.1055,10568.7159,12750.5520,11230.2002,4320.4918,12421.3848,401589.8296,418213.5599,394466.5328,395784.0382,396913.6914,397640.2092,405090.9157,401775.3684,336344209.3637,336321137.0226,336342578.0766,336350259.3145,11420.1320,10550.2360,9309.4985,11489.8641,9949.5717,9082.1589,3732.5128,7659.2395,0.0000,12375.3158,9473.8841,10436.3901,3648.1552,2878.9413,12057.5099,9706.5762,13285.1306,8212.8218,9288.4981,6717.4951,6860.6144,5481.0630,9394.6903,11657.7989,11545.2431,8001.0343,10055.1484,12804.4040,10841.8539,13501.1310,10618.6567,8596.8872,7741.4800,2460.5398,13399.2773,396151.5524,412717.6207,389044.4030,390391.4171,391448.9340,392179.1987,399652.6341,396361.3445,336349849.6168,336326777.4441,336348218.4220,336355899.7498,1616.2797,10118.8649,860.0300,13384.6032,5090.8224,13113.7284,12743.3879,0.0000,3575.6517,9526.1641,2776.4117,11074.8164,11310.2442,7318.3991,3346.0965,4354.9570,11958.3457,10864.1063,8787.9714,13689.5371,8607.0702,3092.6284,10290.9632,7695.5469,5892.7352,12708.3401,2951.2854,2056.1825,8352.6222,13083.4291,11799.2515,8195.5843,11035.3123,9964.3485,401286.3416,418012.8947,394151.5239,395522.4470,396776.9778,397275.6057,404598.9196,401443.3045,336343965.2119,336320893.7938,336342334.6250,336350015.6076,10572.0673,2296.8484,13665.7749,5055.5356,12590.9699,12856.3791,0.0000,5028.3686,8871.9472,3072.7692,9991.7075,10270.7538,8435.6061,1760.2058,5674.3289,11357.8172,10286.1021,7517.7439,13544.1872,8025.1740,1652.3683,10257.2119,8677.0311,4426.2690,13132.6053,4446.8784,1059.6048,9114.6480,13455.0316,11231.6566,6967.6282,10355.0933,10830.6689,400805.9591,417505.5773,393677.9654,395059.1498,396280.0272,396787.7314,404124.3010,400973.7210,336344547.0913,336321475.7045,336342916.5123,336350597.5470,9509.7485,8079.7983,6849.8810,8897.3262,4823.5099,0.0000,8121.2498,13589.8428,8414.6848,11747.7147,11295.5667,4952.8277,11276.8055,10313.7473,13190.1047,13639.9837,12808.1634,8242.6331,6567.2249,10341.4827,13358.6717,4018.7482,11891.6247,6066.8977,9853.1925,11257.5287,11650.8598,8402.5874,13305.5967,13083.2691,7467.9261,10102.2974,401366.5559,418057.1188,394225.8520,395513.4754,396727.3202,397440.0369,404861.2777,401524.6121,336344197.4646,336321125.0000,336342566.1271,336350247.2331,13141.1355,4641.2072,13079.0271,12372.2005,0.0000,2799.6996,10058.6584,2318.9498,11397.6034,11577.6649,6566.1471,4023.3860,4208.4247,12318.9113,11313.6565,9341.0839,13541.1790,8391.4494,3539.2884,10633.6960,6939.1133,6508.2000,12330.2694,2668.3139,2882.4335,8405.0821,12844.7335,12171.6598,8811.8540,10934.8774,9777.0869,401759.5049,418490.4431,394622.6939,395986.7136,397246.7378,397755.0093,405080.6648,401914.0402,336343481.0554,336320409.5722,336341850.4249,336349531.4033,12560.5500,7057.4945,4793.9521,0.0000,12124.2797,11036.6790,13203.2132,10905.5427,10593.9528,9729.8914,13884.0431,11863.2496,9076.5344,10096.4441,12576.5618,3886.8281,11494.2018,13696.0611,9463.6469,9637.1871,13414.1584,2340.1090,12435.8036,13752.2453,9629.4797,1137.4561,9169.2377,12768.3410,9901.0163,7322.3795,393531.9844,410255.0666,386383.2032,387656.0390,388910.7005,389617.9833,397026.9868,393677.0216,336351913.8564,336328841.3589,336350282.5186,336357963.5387,11049.0670,10138.2863,0.0000,5232.0290,11776.5547,2454.2382,10346.1638,10219.7365,6364.9067,5769.5762,8062.5034,12992.7429,12674.5442,9631.1112,12034.5567,4421.6170,4469.0976,12912.7889,5976.2372,7229.8434,11340.9168,6712.1004,6054.8865,11434.5643,12649.7640,13029.7310,9691.6336,7740.9928,11792.7455,403181.1454,419848.1115,396054.2272,397404.3525,398585.0850,399195.6506,406585.1565,403356.2876,336342351.9400,336319280.0936,336340721.0201,336348402.1525,5442.2155,0.0000,13315.8944,9976.2081,12338.9125,5666.7163,4990.9722,12067.0851,12040.4697,13848.2094,7617.2921,9197.2135,8928.5886,3418.0162,7852.4110,11790.5563,11075.2568,11591.8847,10541.4382,7575.2650,13739.8010,12798.8591,13000.0062,7918.3087,8029.4245,9752.3378,4567.8988,12167.5674,394143.9813,410738.9319,387026.6310,388343.3720,389437.4908,390198.7206,397674.8287,394339.7625,336351776.4573,336328704.0451,336350145.1118,336357826.3869,0.0000,11466.1592,12579.6135,11591.4914,10102.5946,9528.6685,8692.3986,13050.1785,12563.8285,10912.1788,12013.8386,12296.0114,3855.4309,8127.4865,12454.9237,12281.5239,8088.7632,12675.5196,3564.5763,12517.1095,13279.6638,12123.5934,5662.8414,11139.6700,12784.8695,6591.4694,10226.4674,397097.3066,413758.7314,389961.1627,391239.0087,392418.0064,393183.5390,400636.4442,397264.1470,336348623.2134,336325550.5687,336346991.7381,336354672.8981,0.0000,0.0000,0.0000,0.0000,0.0000,0.0000,0.0000,0.0000,0.0000,0.0000,0.0000,0.0000,0.0000,0.0000,0.0000,0.0000,0.0000,0.0000,0.0000,0.0000,0.0000,0.0000,0.0000,0.0000,0.0000,0.0000,0.0000,0.0000,0.0000,0.0000,0.0000,0.0000,0.0000,0.0000,0.0000,0.0000,0.0000,0.0000,11390.8969,3719.5877,12782.9244,12845.1432,4156.1710,6663.2325,3559.2757,13198.1418,12371.4771,11295.2745,13146.5869,9036.8672,6066.0891,11090.3360,4757.4404,8857.4499,10995.1543,2349.8002,5527.6185,7836.6776,11744.3837,13046.3466,10834.0925,11490.7546,8455.8896,402297.5649,419060.6675,395150.6357,396489.5531,397790.3678,398314.5157,405634.9600,402437.4327,336342845.5066,336319773.8415,336341214.7656,336348895.6884,11004.6443,6651.8800,7298.0090,12911.9228,8009.5391,9595.7586,3666.9279,1788.2547,4753.0477,10634.6113,11711.1346,8941.4090,3971.8722,13202.7901,6427.4392,12120.3609,10012.5139,8186.5247,7874.3833,10785.5454,3329.3936,4084.6206,11045.6790,9676.4520,391976.2582,408665.9880,384849.9577,386228.3796,387435.6825,387962.7258,395313.2776,392147.9119,336353400.4052,336330328.9621,336351769.7876,336359450.8224,10936.2317,10987.4095,6447.7324,4333.9179,6232.6945,12843.3283,12142.3705,9388.7178,13124.9119,6535.0442,3194.6255,11983.2096,6462.6284,6538.8479,12173.5709,4719.0338,4084.4628,10141.7205,13093.9401,12787.0263,9140.8236,9530.3083,11049.1760,402844.5106,419541.9602,395713.4853,397074.4342,398292.6736,398845.8231,406201.4510,403010.4234,336342539.6468,336319468.0202,336340908.8972,336348589.9550,828.7582,13351.8667,8772.5813,12826.2943,5702.9678,6541.6504,3829.9567,8318.2602,7873.3643,8986.2748,9620.7710,13103.5209,6380.0096,11574.9500,12541.1278,9934.5437,12501.1981,11324.2822,6067.8330,4929.1295,5907.9863,13111.4492,393938.6087,410517.3937,386832.7139,388203.7558,389275.2825,389942.0161,397386.5327,394147.5503,336351950.6062,336328878.7415,336350319.6350,336358000.9162,13187.0335,9124.9180,13060.0435,6119.7921,7105.7052,4548.3675,7817.1130,7458.2650,9223.9998,10063.8273,12880.2693,6851.7726,11195.0990,12746.7227,10288.4065,12783.2763,11083.5479,6510.2078,5644.5507,5216.8017,13205.2450,394209.3431,410782.8624,387103.5630,388468.7237,389534.1025,390218.9112,397672.3654,394419.2721,336351715.2908,336328643.3449,336350084.2599,336357765.5562,9751.5232,6323.8531,13655.8914,13379.7246,13016.1249,11174.7487,8854.7441,8978.6815,12026.3721,1068.5696,11295.8224,8042.1770,5968.0634,9003.1000,8724.9430,9450.7139,13585.5051,12829.4293,10732.6910,7708.6330,402127.0966,418891.7022,394974.1182,396275.4223,397579.8917,398180.5122,405530.8035,402261.2499,336343080.4433,336320008.3613,336341449.4119,336349130.3508,7018.5506,10531.6915,9480.7111,6031.8759,13353.7442,7837.5191,1361.3023,10041.9743,9903.0904,2778.4308,13562.0686,5996.4990,1716.8832,9786.4013,13751.3159,10436.6613,5512.4215,9829.6362,11605.2016,399861.2397,416534.8894,392739.9288,394131.1516,395319.7833,395835.7277,403184.8231,400039.3908,336345592.8790,336322521.5252,336343962.3102,336351643.3930,11813.9726,10615.9205,10856.6498,13368.2029,11254.1971,7111.5369,8583.5016,7182.8558,8868.2181,11316.5716,1644.0581,5491.4135,4847.1031,11232.6018,11539.0928,10105.6306,12999.5595,6482.5882,399564.1991,416361.0313,392412.1859,393757.5903,395100.9116,395572.2561,402859.4263,399692.9727,336345439.8799,336322368.4014,336343809.2895,336351490.1260,2077.6061,6146.0520,8104.5811,11823.3385,11153.2813,5089.8846,13771.1446,8661.9900,10612.4356,12275.4567,10906.3375,9412.6628,9060.4380,517.0718,6205.3948,10066.0607,10117.4557,390199.6420,406864.3253,383074.5967,384430.9078,385606.9890,386210.0294,393600.9224,390377.4492,336355303.1105,336332231.3480,336353672.2574,336361353.3543,5674.8734,9629.7653,12169.5632,10287.4237,3752.7968,13625.4365,7799.2609,11457.5481,11142.3853,9684.7251,8270.6924,9890.1035,1650.7274,5326.5658,10997.1897,9598.3789,390726.3203,407413.0858,383598.8133,384966.3403,386169.7002,386723.7738,394086.9045,390897.7970,336354669.5103,336331597.9381,336353038.8014,336360719.8461,10948.6674,8746.0460,6722.6397,8397.9516,13002.5883,3353.2790,13131.7525,10528.3127,7177.5168,11043.3281,12679.4204,6227.0846,1225.6594,8330.8981,12548.9449,394777.1257,411391.4094,387668.0103,389062.4209,390177.1699,390754.5242,398150.4483,394976.7460,336350922.9768,336327851.4787,336349292.2799,336356973.4744,9684.6904,13113.9266,10455.1089,10810.7655,12297.4197,4768.6851,13575.9737,13707.5968,11794.7673,4890.2785,8401.6851,11491.5466,7099.7596,10239.2096,393455.9890,410104.6472,386324.1788,387614.2901,388775.8565,389531.8763,396986.9931,393629.4539,336352276.3425,336329203.8051,336350644.9379,336358326.1093,6824.1397,13416.9100,8157.8541,7699.2321,10511.9204,10241.4376,8792.7602,13312.3191,11959.6261,12032.9592,9349.4044,3678.1321,13226.6174,401321.9502,417922.0516,394207.3232,395551.4516,396650.7086,397348.5987,404796.4117,401519.4001,336344532.0729,336321459.9569,336342900.9309,336350582.2055,10812.6483,9031.7531,3542.4837,13164.2716,5889.8473,2330.0104,10223.4949,13619.7124,11097.2556,6398.9235,9194.0220,11735.3208,400856.3442,417525.1446,393734.7028,395118.7595,396301.3110,396838.0734,404197.2707,401035.2834,336344625.0032,336321553.5515,336342994.3624,336350675.4634,12525.2087,9344.1425,10710.9789,9590.3513,9591.0228,5040.7567,8853.5628,4614.0406,7730.4936,12822.7960,6647.2558,391262.5309,408020.4050,384118.7769,385469.2586,386761.9721,387270.1356,394589.0873,391406.6318,336353868.3436,336330796.8043,336352237.6945,336359918.5963,11335.8785,7823.8615,6700.6973,9323.7042,9531.4456,9480.7890,13740.4691,12913.5616,10060.6106,8429.0004,402424.3894,419172.5468,395274.2287,396573.6123,397857.6741,398481.0976,405846.3861,402564.0547,336342856.2770,336319784.1201,336341225.1842,336348906.1614,13455.4306,8161.8878,4189.8604,10464.0574,13407.2640,8639.2216,3023.0364,8739.8461,12199.7339,397777.4959,414416.2517,390663.8742,392060.4168,393205.7053,393750.2298,401123.5313,397968.6313,336347819.8695,336324748.4684,336346189.2509,336353870.4004,11709.1105,13379.3836,9943.6373,2717.6614,10703.4423,13332.0506,9436.7844,7458.5215,395807.3031,412532.7092,388657.2489,389924.5515,391183.0423,391898.2064,399308.5830,395950.4564,336349651.2002,336326578.6423,336348019.8201,336355700.8433,4486.8254,6339.5652,11928.0423,12047.7501,9847.4332,12356.2231,7790.8089,400773.9394,417550.4077,393626.5859,394977.8334,396295.3057,396777.9521,404076.9336,400910.6943,336344300.7647,336321229.2847,336342670.1615,336350351.0432,8636.4353,13489.1833,10743.9423,6481.0969,10863.0449,10613.7249,400015.1150,416721.2795,392886.6554,394272.1786,395501.2808,395992.2101,403319.6964,400181.1237,336345307.2093,336322235.8934,336343676.6841,336351357.6993,8740.8558,9039.7489,10284.6818,13795.1547,3236.4207,395018.1326,411836.3065,387859.9249,389190.3232,390560.6368,391039.4721,398322.9869,395137.6199,336349922.2097,336326850.6371,336348291.5674,336355972.3551,9089.1620,12762.3993,10608.1194,6312.4713,393433.1144,410176.1992,386280.5913,387554.2626,388833.5682,389516.5132,396908.7706,393571.3070,336351923.5564,336328851.1297,336350292.2785,336357973.2551,6184.2376,10399.7839,9845.5979,390174.6275,406848.0345,383048.0319,384405.2166,385592.0448,386183.3844,393566.5243,390349.5124,336355288.9831,336332217.2568,336353658.1598,336361339.2376,9221.8342,12045.9972,394767.4284,411401.5059,387654.9073,389051.9742,390191.0932,390740.4684,398118.1986,394960.5032,336350842.2410,336327770.8334,336349211.6176,336356892.7681,13393.4128,398278.3793,414852.0212,391167.7988,392502.6519,393570.3036,394316.8888,401793.5625,398483.7024,336347718.1192,336324645.8291,336346086.8445,336353768.1696,395117.3340,411940.1306,387953.5675,389253.5850,390631.0718,391167.7848,398472.5872,395231.0070,336349859.1277,336326787.2345,336348228.2637,336355909.0574,18411.1669,7344.7536,7727.6132,8846.8630,5329.4554,8612.8387,2888.0496,336744190.1733,336721119.5967,336742560.4689,336750240.2807,25615.8239,25288.0313,21696.7681,22141.8468,19319.1763,19678.2347,336761367.0804,336738296.3837,336759737.2253,336767417.2999,4021.4412,9074.5247,5587.9506,12969.9207,7390.0814,336736956.8562,336713886.2367,336735327.1328,336743006.9045,9427.2527,8594.3194,14153.6108,6995.0381,336738215.7681,336715144.8226,336736585.8311,336744265.5632,9452.6555,17107.9034,10972.9272,336740104.7201,336717033.5853,336738474.5576,336746154.6573,9427.2527,6700.3486,336740203.8790,336717133.6267,336738574.3921,336746254.2240,7914.6342,336747059.1486,336723989.3453,336745430.0323,336753109.6244,336744132.7979,336721062.2348,336742503.1317,336750182.8324,41760.3237,25340.8875,23435.9227,23782.0412,33761.9612,15560.5096,
7200.000,7880.6740,5707.6888,5568.8678,10301.6077,3339.2617,13537.5875,10615.4666,5971.9528,2106.9791,12567.4022,12324.6519,5612.0221,11128.4883,1603.6168,8891.0741,12116.6712,11233.9822,6510.1768,12663.4830,13806.3567,5897.5660,8984.9536,10995.2709,8094.0908,10367.9286,3468.0195,1389.3960,13105.1332,4920.5309,7009.0519,9524.5954,3182.4656,12029.6870,12479.5046,11958.8061,9189.0406,11834.3538,13250.4807,12125.0482,4760.5675,6447.0363,11949.8581,13634.4602,13584.4089,9340.0242,10494.5280,13660.3132,11439.6879,9689.4962,11940.9775,6851.9202,7431.2207,11538.8261,5553.6256,8220.3890,11264.6187,7933.8850,12153.0733,8098.5127,13846.0876,4707.4790,9855.6061,9482.0931,2974.0447,10693.5148,9470.2080,12043.3801,10618.0942,9511.0724,10417.6923,3539.9650,10760.8514,0.0000,12955.9889,7013.4330,11539.4170,3958.6835,1973.5513,11186.3122,11268.5680,13746.0609,8014.7898,8791.2882,7393.3285,11608.7926,6895.2945,7537.4054,9758.6906,12625.5606,4486.3308,11412.1110,13453.6488,10572.3741,13469.4249,8981.0290,8319.7927,3016.8306,6343.3243,12697.4439,395216.0522,410511.3140,387477.3987,391158.6892,388163.9233,390129.1335,396468.9224,392124.6280,336344905.6295,336314270.8815,336335691.8459,336341582.1034,8189.7044,3839.7422,8993.4991,10048.6020,10751.2187,13636.8821,5103.7153,8391.2775,10213.3609,12226.3394,10199.2773,12239.0532,6873.7225,6933.0924,13307.6476,13353.2110,9796.7827,13204.3992,10695.6799,7206.4552,1544.5269,10102.1991,4470.5965,8916.3684,9172.0141,7781.3895,13159.6751,3602.9303,7866.7673,10210.7788,10088.2893,7592.1255,12413.5289,12548.8828,11043.6390,7188.5547,12323.4091,13276.7795,10898.1973,10133.7911,12271.8984,9770.3706,9570.4804,7091.3946,3875.7740,10672.3594,9754.1772,12733.4581,6111.5212,9991.2743,4579.3468,5784.1716,11495.6090,5131.1783,4746.0186,2575.6104,11117.4771,10191.5370,10715.6503,4147.9086,10478.4116,11405.9375,5274.0428,7815.4727,6694.0307,11716.0397,8635.5926,13121.5163,4533.2839,10169.5535,11770.9681,0.0000,7986.0510,3129.5422,5804.4257,10711.0268,9379.3444,12503.2409,4916.7051,10094.4049,12100.4685,5371.2202,1493.3398,12889.5708,3878.1664,6727.5784,8754.5732,8855.2568,5406.2214,13355.7911,9090.3014,5961.1662,12497.4878,13230.3616,12094.9525,5816.1496,10193.2540,13454.0699,394516.1556,409684.9275,386781.2902,390481.8887,387295.3892,389399.3909,395913.7278,391386.5892,336346142.1238,336315506.6715,336336927.7956,336342818.2312,4838.4843,5596.4712,4966.3730,13569.5818,10814.0205,9620.7135,7492.6638,9010.7193,13511.1765,2996.2722,13233.6196,4735.3659,4392.0113,12644.3602,9420.5953,10906.9924,10791.9495,12963.1547,10302.3218,8401.7977,6680.7170,5211.8696,5705.7406,8483.1773,4405.5423,11744.8973,5729.7490,11161.3355,4837.6805,6885.8664,12951.1180,13555.9389,13408.3548,5065.0193,12822.0611,11026.9920,12815.3289,8470.0650,10789.8580,13432.9514,12862.3212,12608.6367,12228.3421,10839.5630,11673.5057,13560.0433,7431.1295,11931.6736,11082.5843,10307.8773,11865.2661,6002.5790,11050.1829,11151.5778,6495.5678,8393.1743,11963.8495,12616.9852,5057.0937,12954.6490,12601.4932,5479.9562,12917.1781,12140.8392,13689.2564,13069.3940,8061.2872,11381.1066,7871.2034,13217.1786,0.0000,12550.4873,5510.6861,12026.3906,6093.8023,6317.8069,13082.2781,11343.5745,12476.7872,5849.5236,5269.0533,7027.9919,8937.3942,9703.8381,11169.6131,4868.0223,13378.9135,8517.1770,9685.6964,12557.3578,12225.2533,11637.9281,8892.1481,5837.9567,4370.1301,10679.6289,12088.5104,400220.2477,415522.1092,392486.7201,396173.5591,393143.2784,395146.7261,401546.7593,397133.7044,336340000.1220,336309365.0732,336330786.1297,336336676.4142,7533.7559,7377.4473,12684.2727,12922.6771,6324.3259,6954.8512,10106.5634,13374.2682,7198.9247,13099.2365,4110.0765,5096.4907,13628.0561,12265.4430,9964.5286,12850.2540,12395.7230,7953.5193,4464.8945,8914.6427,3061.6593,7524.9225,8120.3445,4917.0536,13262.3103,1427.3590,8964.0301,8187.4135,8132.4195,10500.7698,13515.9540,13465.8972,8887.4922,10198.9749,12448.8820,13676.6062,9489.5583,10122.7545,13318.7347,11802.6517,11562.9264,9460.1695,7371.6352,11757.6100,11859.2202,10958.3827,9204.6743,10223.1375,6824.7670,8976.2470,9101.4925,7631.1675,8023.4667,2696.1762,10415.2613,10898.9326,12245.1874,1072.3682,11765.1573,12108.5073,2961.2750,10404.1008,9239.7419,13111.2532,10906.7739,11418.6949,7968.2768,8582.5587,12765.0071,0.0000,10601.8523,1666.2574,9057.8685,8357.1526,7214.3988,13205.4856,8222.0736,11808.1063,9782.9073,4127.8306,2564.6149,11802.6390,5938.3508,8423.9163,6993.5786,11449.4461,5613.4046,12391.8122,11253.9050,9098.2071,12839.2059,11738.6019,9808.8323,2716.2564,10103.0291,13549.0766,396352.9590,411620.5954,388621.7863,392315.6744,389221.4051,391274.0022,397741.4313,393256.3469,336344042.1727,336313406.8641,336334827.9873,336340718.3215,9429.3695,11242.9993,10801.2041,12016.8997,11518.5410,4005.0842,12590.2151,6947.2713,13333.8753,9404.4665,2783.3570,11719.2357,8105.8735,13416.5330,8212.6866,9882.9790,12883.4345,8253.1599,1883.2810,5332.4582,180.9140,12121.0102,9307.4135,9158.9239,8739.4318,13291.5853,2534.3360,10869.2228,11684.4183,12547.5534,12865.2142,4185.7638,11684.8649,7463.8564,11965.1250,11827.2027,13347.6538,12849.5844,9846.7578,9441.0229,13014.6286,10025.7429,7716.4020,13261.2192,7219.6436,10167.1278,13425.6996,11826.7942,10462.2409,9356.8622,12280.7061,9706.0668,7006.3910,3807.2461,13756.0872,9222.9536,8335.1417,13795.8361,13715.8315,9443.6561,12884.2813,12773.1083,13075.5250,13186.3331,8390.0272,10873.2324,11679.3647,13564.2348,0.0000,10052.6238,6790.5631,10751.4476,10116.4588,10704.5075,13100.8105,9984.3738,9042.0581,7309.9864,4289.6051,8151.9996,6662.9513,11526.1782,12893.7067,807.6433,11787.4991,11506.8453,8238.5121,9495.7121,11974.8917,8299.0591,9920.7643,6944.8885,8716.5641,13279.6268,10287.3856,403339.0546,418512.2902,395601.4490,399298.1710,396139.9565,398218.5372,404689.9262,400210.4110,336337247.6090,336306612.2889,336328033.3673,336333923.8016,13677.4019,8651.4233,8741.3947,4296.7130,11718.3887,12040.3176,3162.2209,10947.4783,4065.9283,8812.3722,10995.8608,8953.4362,7678.9184,10918.0422,13717.7099,8275.6540,10808.8949,9750.9925,9050.7612,9541.6526,4848.9904,2995.3132,11667.4274,7290.3569,9041.6389,7900.3774,2347.4682,13268.4877,12115.0563,11557.9640,7066.7529,13191.8064,11966.2960,11095.7591,4055.9422,7372.8500,11678.1224,13859.3097,13798.9415,11236.2905,12259.2251,13201.3778,12375.9926,7053.4409,13234.9095,7867.5041,9903.7304,12970.1605,2400.5986,10585.9481,12775.9332,9530.1663,10801.4351,9077.2911,13636.3153,6868.3513,10658.1726,9774.0936,5710.8528,12217.4838,11394.6681,12117.5136,11955.4143,6792.3998,12261.1158,3511.5649,10871.6765,0.0000,13748.2541,8564.1684,13037.4604,1291.1591,2232.4364,10789.4410,12800.3120,13724.8605,5106.1075,9365.9320,9407.9045,9479.2673,9559.6854,9750.2263,8915.5318,13507.0748,7395.8056,9213.9694,13829.2224,12376.5226,12282.0325,6420.4006,5491.1860,5178.3943,7200.3432,11251.5563,398079.0900,413371.1635,390337.6829,394015.1819,391044.0318,392985.1738,399284.4095,394985.8409,336341996.1292,336311361.5485,336332782.4585,336338672.7074,9321.0732,11052.4499,12878.5220,8509.0378,4450.4914,13596.0022,6536.9546,13600.7766,11993.9728,6381.7229,9773.5133,10639.1005,7771.2242,2080.6972,10894.5272,10342.7896,10422.4565,11947.1157,11159.7296,12375.3964,13747.3054,6408.8939,12702.7355,10044.1627,11773.7628,13001.3056,4551.0036,4464.8334,5509.6231,11958.0303,5059.6777,6580.7967,6280.4030,12347.0424,10759.8174,5164.3400,2453.7126,2982.8153,7871.2814,7888.6395,4792.5249,5010.4423,11382.6134,5842.6344,10329.9936,9735.5721,6065.9417,13192.7854,9289.1277,7229.1151,11545.8459,9350.6108,9345.3358,2993.3276,12942.2341,7445.6992,8242.8546,13103.8109,6173.3703,7729.5657,4605.4926,6103.2583,11425.5868,7491.5312,12829.2425,6762.1267,0.0000,3983.9355,11942.9964,6190.7550,13406.1371,13422.8200,6626.6596,7004.0311,3254.1982,12604.0712,11705.7862,11560.2905,9740.0517,10545.6499,9503.0466,11701.0815,3046.3985,11699.9756,9429.0786,3309.6467,6879.8136,5844.5263,11247.2662,12492.3581,13455.5940,10836.8598,6538.6839,398013.2895,412877.6316,390253.6178,393954.5837,390619.4810,392750.3149,399197.3831,394777.9050,336343187.9907,336312552.9722,336333973.8237,336339864.5072,12378.2439,10043.5984,10038.0959,6383.6057,8783.9074,6102.2880,11362.2501,12077.8577,3625.8646,3766.9492,8904.5119,4975.0088,9505.5755,11178.4242,13813.7351,9602.9372,13099.8822,10870.5261,9264.1444,10732.0207,5167.0168,12993.5901,10766.9113,9218.3420,8173.7341,11756.8228,6236.6522,5760.6493,8023.6918,12034.0700,7020.2718,3889.7053,7210.4538,8481.0998,6164.8120,10470.5206,10622.8418,11561.1610,13343.1999,9511.8400,9744.4414,5014.8214,12704.0898,8595.2489,12436.9507,12672.6710,6771.4510,12538.0935,13254.9478,13554.1130,8899.4113,8633.9886,9532.5851,12830.8720,8543.9738,7138.3624,12165.0734,11273.6865,11786.5130,7326.8655,10531.0085,4023.7947,13044.9354,8329.7126,6862.6653,0.0000,11794.7182,13141.6591,12791.1508,7804.2801,9245.0240,5447.9398,13145.8588,10198.2004,6249.8696,12841.7853,13651.9008,5507.6724,12873.4684,11470.9645,10943.4242,10919.5487,11919.1809,3648.4026,11051.5712,12488.8225,6819.7518,2858.7749,6347.4502,12029.6717,8362.7532,3855.0235,401063.4473,416104.3911,393302.5273,396982.6529,393874.1634,395851.5215,402117.2906,397883.0376,336339469.6704,336308835.3593,336330256.0705,336336146.5339,5207.6584,12999.3004,10780.4844,10412.7329,9843.7445,6003.5829,10392.8702,12093.5064,13480.1897,5560.7551,13763.6383,11831.5238,2361.2329,6491.2443,12681.1346,8484.5749,11992.6344,5546.9451,6796.4288,13524.0103,5092.7661,3325.8364,12281.8342,7644.2179,7900.4597,11043.7361,10753.5786,12438.9709,7550.5695,13593.4105,11950.4838,7914.7053,6027.3532,10503.3639,11208.2346,11253.6449,4396.1656,6437.0558,12632.1529,7861.7496,12927.5821,8158.2442,5864.0878,1848.1878,7510.8593,10276.2569,2619.0213,7515.1106,7064.5829,13419.0918,6234.7601,12160.1685,5675.5676,7255.7912,8113.3876,4835.7611,6144.8658,4416.8542,9941.7659,6465.7103,12785.3868,5868.0441,7163.7980,9097.9355,0.0000,9747.5484,6908.8610,7354.2271,8943.9035,7081.7309,10250.2432,7368.2500,11821.7419,12094.5920,9371.5492,5855.4764,13725.9917,1529.9226,2624.0018,11730.9254,8975.4517,1520.1844,13471.2759,10897.9673,5681.9621,13514.3697,12071.8793,12279.6928,5987.3513,6132.1682,13122.7334,391593.6640,406761.2594,383850.8502,387542.7673,384416.7641,386459.6920,392878.4874,388459.5200,336348869.1209,336318234.1132,336339655.1022,336345545.4958,13235.0167,11210.0717,6997.4448,9730.9307,3515.1232,10320.0970,11244.9564,11344.9177,4539.9071,12649.0079,13451.5218,4379.0670,9590.2981,11983.5969,9426.5414,11573.3115,1460.7742,3442.9731,12871.2715,6073.5079,5372.5079,10720.2525,2797.2995,11348.8990,11394.7717,10757.3190,10257.5768,11177.2432,13332.0244,11191.8067,3591.4514,4484.3965,10741.3334,13321.9815,13357.2991,8140.7439,10423.2215,13711.9516,10168.0669,10155.8769,11717.2215,4916.9720,6716.3505,11239.2593,6003.0016,7383.4182,11232.9256,8991.1019,12867.9194,6251.2599,13625.0975,6075.3549,8217.9268,7803.9910,4249.5273,9586.6498,8383.0745,10794.7096,9348.1099,9744.9299,10081.1368,2381.5601,9262.2423,0.0000,12673.0598,8231.5236,11193.0208,4282.6081,2151.6654,9858.9061,11154.5665,13581.9282,8744.2033,10117.4984,8267.7727,11974.9316,6440.0288,6228.6167,11076.6172,11875.9020,3868.4237,11467.6606,13238.9622,9861.9145,13396.2406,8789.8040,9086.9896,4735.0023,4387.3901,12213.0971,394008.9967,409262.5812,386265.6745,389946.0245,386938.4554,388899.4528,395218.3430,390902.1843,336346150.0950,336315515.4682,336336936.3774,336342826.6612,10602.8967,9702.0677,11998.1228,11950.5903,6142.0381,9912.5369,7348.5991,13837.3753,6091.0469,6753.7275,13630.8578,9244.9350,2885.4835,7874.4652,3909.2546,13466.8381,11891.0539,6610.0045,11055.2454,13634.6356,5211.5236,12593.6576,10100.8137,10501.5253,11120.3096,6219.6246,10256.8794,4387.1398,10164.4642,13008.1486,13790.4937,11076.0718,6943.3993,6518.4443,12615.1160,9663.7610,4139.4638,11819.7007,7804.9674,8824.6723,13718.4691,12322.3733,9312.3726,11169.9035,12500.0091,8945.7578,8936.2219,1998.1486,13633.3088,5927.2659,10857.4904,13002.9132,13072.5026,11809.5932,11889.9091,12351.2694,11272.8912,12145.9144,8840.2094,10377.3351,13175.0815,12386.6835,0.0000,7870.9791,9093.9156,9643.1493,12050.3341,12713.9557,11735.5217,9158.8518,5859.8306,8922.1186,6890.3510,9914.7565,5764.2526,12370.3249,13133.1538,4778.5085,9773.3867,12867.9368,7275.9135,6760.2817,11235.3889,5184.3917,10232.3966,8531.1987,11389.3340,13755.1108,8136.6655,403871.4616,418916.0900,396125.9756,399826.8644,396579.1956,398695.0920,405179.5053,400699.0310,336337000.6390,336306365.3250,336327786.3422,336333676.8978,12646.8593,2429.1678,12900.7427,13363.5017,3105.1138,8459.2103,8140.7411,7324.9204,5893.6410,9700.6192,12313.7764,11623.8002,13444.5453,12567.4743,10289.9240,12797.8308,6016.5514,13148.4294,8669.0720,12233.4660,10880.3519,7062.4751,332.3897,1095.3801,11810.2278,7474.2893,7574.4192,2777.5968,9696.2623,8089.7628,814.9597,6644.4997,7075.4377,7807.9176,10284.2581,7777.1723,4437.0247,10108.5760,8974.7750,7714.7990,10012.9753,8890.1465,11195.1438,9647.3273,10069.9318,13118.0657,10647.2510,6691.1038,6528.3198,13326.1027,4880.3503,4821.7348,12859.8815,6686.0570,7996.0414,1379.5450,5845.7844,9626.5640,9582.4488,10518.4370,3081.0431,0.0000,7807.5502,13168.8576,8919.2325,11382.8041,11633.2593,2363.4928,9797.0124,7095.9197,11230.3716,13350.2600,12918.5408,9280.2145,10897.0271,8857.1631,12890.7418,5831.5803,11144.9845,8125.5619,7411.4032,8443.8917,6768.0551,8709.8329,11263.3493,13236.5495,8137.7799,4884.3198,397290.2782,412187.9921,389525.3902,393216.0133,389967.6537,392025.9967,398370.7746,394062.9237,336343667.2483,336313032.6736,336334453.4048,336340344.0165,12117.9824,5463.3509,6763.2723,11260.1015,7719.2940,10090.0696,9698.0223,13157.0063,10415.1274,10546.5230,7297.5546,7858.2178,7089.8682,7633.7209,4595.8440,10771.5122,7713.6172,11114.7979,5136.6895,5315.3858,13658.6830,12659.8772,12337.7859,4336.7447,13615.1810,10580.8405,11455.7228,6728.1854,9815.4743,12466.4668,13348.2382,13182.1729,12635.5278,12377.1931,12016.2084,13434.6606,5425.6296,13157.4740,10208.4855,11233.2527,13063.1211,3296.4062,11906.8663,12663.1617,8950.1953,8583.0933,11183.4742,12864.6637,7129.1042,12312.7091,11530.0142,6803.1939,13289.3447,12674.6805,12971.4928,13167.5635,5755.7728,12674.7508,6449.4272,12225.5291,0.0000,13450.2499,8003.4808,13210.0516,3986.3320,5217.3200,11855.8711,12776.9018,12942.7931,3359.3456,7825.1438,9292.7369,7717.9002,10835.2369,11507.3165,6397.1129,13812.2382,9205.7917,8045.3629,13261.7558,13133.2894,11125.1257,6431.2857,3529.0939,5876.5492,9659.8796,10813.4204,400825.3041,416115.3900,393086.2189,396767.2170,393771.2845,395736.2036,402070.8701,397732.6293,336339307.8977,336308673.1463,336330094.1058,336335984.3757,11954.6204,13811.7134,3838.2280,8953.1452,6203.6955,8550.5041,8013.5647,8329.0879,12621.7241,12535.0662,13708.1105,13332.9448,8617.3265,11801.5444,7551.4073,12675.5891,7258.4450,12708.4347,9432.1701,7988.0672,2628.1532,1588.1500,12098.6599,8290.3392,9230.8697,3468.8349,8001.8666,6094.9096,1623.0207,8585.9834,8981.8143,7252.1583,10829.5758,9709.3073,4542.1869,10188.8790,10005.6829,5739.9993,9410.3445,9756.5627,10206.8841,9108.7010,10882.3257,13286.9138,11846.4716,4732.5775,8614.6984,12859.5576,3294.3615,2587.4762,12058.0349,6675.6415,7597.6974,2171.5895,5603.9796,9468.9117,9995.1804,8888.3317,1025.0503,0.0000,9313.3147,13189.5941,9728.3261,10141.8441,10260.8137,722.8111,10590.6247,9086.6303,10921.3525,13778.6639,12906.0670,10069.7850,10285.5023,7835.4608,13498.5763,7112.9372,10085.5393,8698.0917,9216.7702,8690.1573,8555.9581,8099.5928,11061.3338,12514.3436,6140.0262,6134.0755,395902.2531,410846.2075,388137.5747,391823.5693,388629.1210,390652.3585,396958.7690,392689.2881,336344889.0840,336314254.6628,336335675.3691,336341565.9216,7692.9539,12756.9997,11516.4123,7667.7418,12807.1778,13688.1709,6525.2231,7913.1776,10329.3075,6727.8751,9462.0073,4890.4769,1112.8057,13303.2852,3600.7646,7694.8344,8905.0725,4562.2826,11901.5285,13049.7531,12654.5536,8831.0576,11670.9470,13158.1448,12786.9232,6183.7278,7671.7394,12612.7848,13409.9119,13299.8363,9589.3603,9863.9360,13341.5862,11857.0106,9900.8562,11461.2029,7998.0978,7329.2738,11100.8293,6293.4871,8179.8064,10623.7916,6626.9784,11664.5082,9114.1832,13657.8646,3264.0846,10661.5265,10477.8334,1784.9568,10883.2808,9621.8471,12638.6623,10975.1696,9939.8716,9973.2555,5046.7496,11601.2609,0.0000,12595.4105,5642.2332,11124.5725,4991.1502,3411.0551,12015.8407,10684.0574,13469.3951,8231.9057,7491.5488,6170.2767,11634.0354,6620.5098,7912.8096,8811.7891,12607.9059,4580.2463,11700.4503,13124.4715,10411.2965,13456.8318,9725.8630,8461.9644,1448.0378,7590.2569,13107.9991,395643.1948,410949.1650,387907.7548,391591.9370,388582.3745,390566.5030,396939.7687,392556.6206,336344514.7445,336313879.8396,336335300.8567,336341191.1188,12934.1679,10003.1757,12753.2390,10288.5471,10917.3035,11625.2063,6310.3503,4561.9962,2740.2295,2757.4657,11178.2215,7848.8254,11048.5134,6432.5715,12256.2800,4364.0111,10238.5935,11353.4573,13389.0030,13614.2002,5788.2665,11227.9716,9554.8735,13114.6576,11453.5636,12767.8390,13537.2944,10574.9428,10179.3592,12107.8666,8831.7968,9204.5247,13164.3155,8822.7975,9621.5462,12853.8813,10344.5528,9787.5734,9452.8182,10917.9227,8776.4554,4625.4776,6373.9796,13308.8052,10403.9592,6014.0040,13610.5820,13724.8605,7435.0837,12305.1669,11831.1053,13578.4544,12753.1080,9803.1398,9767.8986,11004.2076,13838.3554,0.0000,10134.8363,4303.4986,10032.8238,9725.2928,9765.6283,13702.6641,9088.7862,10041.5686,8291.9317,1803.4713,5836.6436,8861.4385,9825.7605,11734.2690,2261.9395,11826.7673,9842.1839,10145.9849,10052.8355,11073.3368,10249.8704,10987.3675,8056.0539,6708.0038,12715.2128,11936.2656,401202.0695,416422.8594,393469.3928,397166.5252,394027.5019,396106.1084,402595.5592,398090.5259,336339331.5894,336308696.1748,336330117.3059,336336007.7001,5875.0177,8920.2360,5158.3002,7002.8113,10942.6998,13355.8659,10481.5640,13581.9278,11733.7845,10350.6135,12402.8363,4163.8927,13594.3332,10161.0336,10835.7040,10152.8349,9455.4519,2870.1045,2728.8592,10091.2388,9835.9504,6304.6121,409.1516,9003.1191,8671.7315,3123.7281,8065.4182,8361.9566,10025.0833,12005.5684,7902.9385,7240.6820,7769.5996,10855.1875,8512.7401,11660.9161,10855.1782,9609.1534,11504.0652,11764.4924,13680.6345,9396.4731,7933.4298,7287.8270,13606.5202,6865.5591,5977.2215,13100.8640,9215.6760,10221.9224,4334.1013,8420.0658,7162.4167,11533.0727,10025.8231,4805.1906,0.0000,9604.0952,13543.9198,10950.9251,10242.3203,11088.6684,3188.3076,11578.0830,8037.7065,9181.7281,13336.2237,13682.7588,7037.6450,12355.5563,10596.0989,12018.0813,8303.5154,12083.6717,5534.6854,8832.0416,10703.8220,5628.5593,6306.6802,9200.4552,13221.4643,8639.9109,2468.6518,399739.0935,414677.7633,391974.2985,395660.4604,392461.9164,394487.6004,400794.1171,396524.8624,336341076.8643,336310442.4285,336331863.1329,336337753.6997,11351.4910,2788.5919,9135.6660,12880.4345,13190.4892,6615.3797,11687.1312,8189.5361,11010.9766,10883.2246,4143.0389,12747.5492,12712.1183,6401.2661,9420.3441,12397.2989,8272.8827,8259.0994,5260.4888,12656.6968,4921.8332,6254.6501,9180.7198,11000.1777,8549.5831,10093.8589,10061.8263,13099.7608,13282.2611,8037.5812,11568.0056,2569.0778,12601.7138,11127.7672,13434.1609,12752.0259,7067.5817,13642.5271,12998.2881,12613.8899,5785.3734,11268.8708,8793.4319,12452.6398,11107.0520,10087.6712,12287.3107,12695.0400,13169.5288,9516.6510,12254.6235,2677.1666,13355.0129,9972.5855,9671.5140,0.0000,11569.9783,12222.2653,12959.6364,8561.1133,10212.2494,8360.2185,13007.6032,9403.9240,4767.1260,11133.1490,13087.4944,1868.9245,13673.2293,13084.3089,8358.7308,11636.4443,12938.9468,434.2623,10528.8543,13305.6725,5249.2247,3901.4161,4557.7150,11855.9070,10881.2945,4273.4666,403877.5123,418946.0946,396121.4817,399805.9731,396681.7134,398685.3659,405000.9587,400707.9049,336336659.8932,336306025.3326,336327446.1298,336333336.5959,12053.0267,11827.5174,3325.6677,10861.6176,13399.1062,11876.7497,13440.2236,3299.0175,7677.1697,11723.0975,9037.5828,2901.1744,12737.6794,5541.2351,9412.6551,8386.5556,7581.4179,12184.0004,9356.7915,12748.2550,8718.4567,4407.0915,605.4499,7518.1776,11820.6922,12040.3703,5770.3155,10163.4382,12947.9397,6868.6723,11143.1187,10789.5366,482.8823,6276.0550,10244.0050,8225.0076,6403.9713,10856.6955,11125.6183,13651.0157,1871.8913,12277.0307,9278.2189,4172.9941,3778.0915,7811.6887,6977.2691,6254.4081,7422.5344,6281.3352,10444.2840,9330.3468,4520.7965,5491.2226,0.0000,11382.2312,10729.4682,10125.6448,7038.5352,5933.7265,6536.2972,10616.0810,12367.2772,10553.9376,12426.9974,10303.1987,12327.1900,6773.6293,4402.9635,13219.7245,9625.0501,5337.4687,11318.4356,11977.6741,8289.2465,12468.0668,8936.8442,10866.5517,8547.1655,808.0342,10642.8245,392627.6213,407748.1510,384873.5121,388555.2079,385475.8492,387454.5344,393754.7424,389473.9935,336347754.2881,336317119.8204,336338540.6223,336344431.0120,6880.4803,13325.9884,12814.2424,6523.8244,11851.3111,8240.2370,12276.4989,12372.1616,1661.2621,13355.8129,12968.8037,7280.9895,11178.9628,11032.9546,7092.8324,7457.9971,6715.1088,11364.7265,2420.3035,5537.8430,10821.9665,11802.5503,7668.8800,7994.5878,7972.5862,12641.7132,12384.3605,5757.7363,10597.9982,5085.8555,11245.7106,11778.3247,13339.4201,11511.6469,9339.5640,13397.6295,11882.8827,12626.1094,5020.1806,11588.5812,6476.0721,13166.2103,10870.2483,10206.2116,13233.9418,11843.6244,12640.8837,8501.1493,11484.8288,5376.9662,12469.1126,11583.2197,9328.1892,0.0000,9827.0648,12476.0079,11744.5634,10591.0098,11891.8323,8000.0329,11880.0506,7196.6113,7192.1845,11202.5143,13144.3107,2650.1649,13711.5334,13089.3417,8685.0989,10066.7718,13513.1385,2416.0244,8533.2503,12412.9152,2581.3403,6248.1707,6932.1007,12937.8402,11729.6898,2828.7255,403905.6696,418897.0352,396147.4617,399837.6416,396637.7884,398685.4676,405043.2157,400710.9208,336336864.0748,336306229.3637,336327650.1717,336333540.7236,11933.0862,10038.0425,8969.9595,11192.1945,9787.9440,13114.1740,13806.6998,5693.0854,12646.8192,11268.4541,10607.9849,13393.8843,5568.6957,5833.1435,6874.3536,10961.6339,6006.3665,5179.4153,7021.5847,12965.0711,11911.3710,6623.5290,1416.3776,1685.0627,9198.7665,8021.8622,2801.7606,6841.5624,10740.7880,5925.3707,11552.8861,10555.1653,6355.3211,13164.4546,10232.1995,7168.3192,11058.5150,7762.1353,10750.7829,929.6521,12808.1138,9088.3967,9714.2574,13217.0176,7642.6293,8984.3917,6330.5792,7736.1629,11013.5071,7969.3446,13401.1703,8343.2099,0.0000,3803.7925,11486.9554,6579.0634,13574.6834,13762.4504,7972.9185,7061.1338,1376.0160,12096.1879,10767.2824,11318.6792,8735.4491,11204.1031,10665.1767,10433.6783,4384.4850,12349.7452,8801.7285,2334.2308,7836.7269,4585.9736,11228.1846,11907.0310,13407.7275,11963.3193,6397.2238,399744.7268,414624.0581,391987.6296,395690.3593,392350.3372,394492.1030,400960.8973,396515.3327,336341465.2557,336310830.1220,336332251.0136,336338141.6975,8477.9388,13273.2716,10111.6833,12879.1802,4109.4538,7015.4238,13017.2626,6790.0562,1403.7498,12747.6532,6637.4216,8355.4047,9974.8144,9474.7615,12601.7494,8118.2933,13500.3159,10761.4489,6414.1921,3841.2932,9273.6646,11539.5429,11675.8320,4230.5035,7999.4758,12964.4343,7112.3048,12457.7328,9240.8858,3657.9855,3393.4688,8596.5684,9531.1215,3726.5945,8939.7838,8948.0968,13814.6280,4149.2137,12348.0260,7227.9058,5636.0771,6244.8127,5948.0260,6018.9427,4549.5815,8820.1278,5888.1757,12075.0034,7213.2438,5868.2989,7523.8997,0.0000,10448.1531,8674.5386,8433.6604,8142.6846,6382.1868,8753.9557,8726.5041,12179.3646,11682.0283,10879.3395,7875.1722,13441.0868,3711.6790,2075.5278,12626.4656,9110.7623,2567.6017,12859.1901,11428.2966,6478.4549,13318.8196,11007.2589,11931.3202,6992.4237,3971.2977,12315.0172,391434.3202,406583.3980,383686.4980,387374.0356,384269.2445,386283.8586,392651.4483,388292.1062,336348979.7076,336318344.9358,336339765.8443,336345656.2337,9376.3037,3968.5984,8151.6865,10329.0010,8733.3093,12772.1504,4671.8547,9003.9381,9787.7672,11026.2035,7411.9906,12474.4609,12741.9769,10800.3672,7040.9302,11694.3048,13351.0627,11824.4322,11172.8850,12458.4466,9048.6200,8780.4981,7842.9789,3485.8927,9799.0269,10062.0086,12692.1617,5479.5730,11008.6704,5733.3216,5329.1727,12063.5436,6141.6673,4026.9033,2242.0224,10344.9177,11104.6935,9969.4837,5066.3151,11141.2121,12087.8602,6441.3784,8219.2711,7389.6768,11907.0609,9100.2662,13207.6720,4520.3304,11191.1259,12241.7782,0.0000,7260.8124,3205.3548,5426.5708,11490.0722,10388.9555,12847.3316,4313.9828,9276.5659,12252.7815,4647.1971,2034.9255,12536.4998,5213.6664,7820.6932,8105.3696,8615.0817,6822.6333,13177.0386,8280.4924,6216.2591,11913.0316,13517.1641,12184.3556,6781.0184,11228.4815,13262.2853,395577.1143,410723.3647,387842.7017,391545.9184,388330.2725,390454.4030,396992.0491,392440.9095,336345178.6189,336314543.0663,336335964.2104,336341854.6770,6923.0423,1918.2074,12381.0677,10112.2339,7562.5103,9989.2464,13513.9349,2395.9030,11043.5580,11588.6012,11537.8149,11901.4648,3645.9015,11674.2404,5822.0488,10763.2272,11755.3971,13281.8955,11927.8135,9181.2385,8807.6640,13174.3660,10604.2519,6648.5844,12874.0265,6126.7611,10351.0821,13343.6267,12407.3219,10690.3945,9225.6021,12773.2817,10169.1040,8408.2242,2006.6572,13569.4131,8258.5034,9621.2063,13426.9612,13221.7006,10501.5732,12846.5594,12970.8541,12276.6922,13025.9175,7341.1028,11325.1378,11821.2080,12894.2715,0.0000,9837.1090,8227.4532,10989.9926,10228.9534,11094.8522,12226.5167,10398.7590,8247.8554,6773.3416,5930.3974,9446.2348,5010.7431,12264.2059,13213.0388,2525.3640,11432.6466,12219.3436,6716.4853,8996.5485,12218.0205,6723.7701,8992.0874,6353.1096,9838.5005,13208.3088,8809.2620,404164.0126,419295.8796,396421.8649,400117.7578,396946.0010,399021.4247,405472.6794,401020.3306,336336463.4606,336305828.2497,336327249.2749,336333139.7401,5273.9490,10404.2252,7260.1768,12324.7753,4349.3081,10856.7649,6798.3480,10091.4778,10271.3822,13535.1265,13722.7762,7988.4704,10029.7732,11016.7758,13685.5602,11319.5782,12009.3356,13567.4956,10565.7248,10208.7378,10591.1379,7049.9419,10039.9115,12341.5126,10609.9656,8426.5640,12039.6809,8407.5523,8451.4067,10225.4071,9029.1426,7268.1304,1969.9312,8480.5223,12479.0288,10853.4149,4119.8810,12865.7572,13272.9359,5883.2183,11022.6841,10264.7700,13379.8777,11632.0088,11371.5154,8021.8843,10660.0255,13535.1686,0.0000,9522.6320,1766.5033,8637.4642,9997.6723,9403.4943,13741.1541,7586.2945,10337.2674,9886.8248,1180.3801,3234.0832,10792.7179,7736.5339,10126.4909,4918.4743,11084.7824,8085.1533,11788.0797,9915.2598,9482.4217,11534.8844,12148.6662,9757.7370,5457.8668,11991.7296,13008.6694,398607.6616,413832.7339,390876.8810,394575.6807,391427.1338,393516.7451,400026.4197,395498.1622,336341955.3345,336311319.8436,336332741.0021,336338631.3948,12174.5214,9383.5269,9161.1505,8731.3586,13280.5198,2702.3514,10958.4991,11582.1873,12526.0281,12856.8765,4345.3226,11581.6026,7439.9411,11976.9111,11907.3996,13378.4647,12834.9672,9734.8093,9323.8247,12959.9583,9910.2088,7616.7786,13206.4002,7346.1384,10040.0836,13448.3115,11777.6274,10342.6641,9484.1819,12224.4238,9577.8338,6933.5738,3799.9048,13763.5866,9124.9919,8338.4090,13780.8692,13724.8174,9468.5480,12814.7131,12711.6327,13045.9359,13129.4766,8510.8264,10768.6560,11757.0906,13559.0947,0.0000,9925.9152,6745.0303,10634.0035,10227.1018,10789.1669,13105.9462,9859.4953,8930.2204,7457.5907,4216.3286,8087.9238,6739.7386,11480.7265,12862.4996,917.5112,11691.2922,11503.3816,8313.9731,9372.2860,11884.4383,8270.0594,10027.9530,7094.0994,8756.9087,13313.2171,10302.7681,403288.1364,418457.8155,395550.5521,399247.6762,396085.0065,398166.5783,404641.4570,400158.3888,336337312.2019,336306676.8681,336328097.9492,336333988.3879,4715.3143,12384.3190,7252.5335,4790.1005,11219.6890,2777.7413,11096.3233,10480.1045,9748.1619,10626.1594,10972.9332,13090.2938,10266.9201,2700.7590,3146.8337,9753.5754,13079.0133,13171.3318,7753.8029,10721.9570,13586.4645,9421.8929,10062.8659,11785.9731,3653.1472,6894.8320,11295.6499,6050.9453,7421.9840,11485.2790,9941.5111,13058.6229,5069.5858,13356.9459,7301.3785,7160.0959,6571.7919,5557.1824,9129.1232,8079.9224,9851.6801,8720.6694,9489.0945,10233.3527,1840.5172,8135.1506,0.0000,12577.5045,9261.4356,11235.2772,4438.1197,2793.4504,8754.3458,11359.1174,13390.6517,8855.1959,11022.2620,9214.4662,11831.2932,6856.5699,5930.2412,11750.7187,11482.5291,4472.2250,11101.4311,13095.8468,9757.3471,13059.8575,8262.2697,9218.4299,6069.8614,3025.3639,11547.8209,393821.7779,409042.0452,386074.6886,389753.9272,386738.2082,388693.9841,394992.8791,390702.8005,336346369.5540,336315735.0341,336337155.8958,336343046.2003,12956.3760,4597.6356,8102.3412,8514.0069,3791.8799,12391.8702,12927.5542,12485.5353,8256.5844,12201.3656,12905.7325,12453.4845,5555.8935,7593.3587,12487.6131,13639.9814,13537.5312,10135.6990,10601.3536,13381.6068,12121.8760,9146.9020,12042.1247,7982.1363,8106.1979,11710.0052,5282.2195,8920.6950,11294.7124,7387.2516,11421.5566,9162.1794,13753.5174,4194.3255,10760.1633,10378.4629,2873.1990,11361.1915,10205.0049,12627.0508,11356.1280,9135.0985,10693.4322,4470.0649,11518.1306,0.0000,13013.6490,6375.7970,11748.3775,3993.7977,2672.8268,11804.1091,11350.1457,13636.4359,7362.0587,7895.3561,7057.5201,11083.8531,7491.5957,8478.6532,8709.3048,12976.7511,5356.3619,11093.4128,13417.3008,11055.3532,13224.0229,8911.6564,7625.7181,2348.9346,7483.2971,12715.5277,396338.8328,411649.4223,388602.3376,392284.4511,389290.9854,391261.2055,397613.8102,393253.3477,336343780.1169,336313145.2974,336334566.2900,336340456.5410,13654.6727,12502.5272,8520.9457,11635.9164,10041.8548,5761.6541,6284.0348,8078.6391,10422.9277,2396.5030,4504.2970,11087.2804,11516.0808,6461.9962,6931.8791,6999.7431,11891.0774,11891.9054,5139.6110,9471.1512,6469.6394,10522.9180,11407.0612,12935.4188,10787.4535,10208.0823,12883.4394,11344.9791,12871.6671,5992.4962,11014.7167,5427.1726,13551.8044,9998.3390,9476.3968,13583.1688,10904.2140,11894.8430,7245.7328,10506.3322,6575.3984,11858.5045,11887.2995,8360.0060,0.0000,8929.2380,12824.0135,11003.1004,11270.3762,12368.3874,7030.8954,11293.7148,6255.2342,8449.5254,11740.9024,13286.7369,4259.8915,13430.9745,12570.7871,9658.3192,8920.1231,13443.3284,3726.5017,7604.1623,11634.8500,1866.7935,7026.6052,8239.8783,13429.3536,11469.3129,1815.8058,402979.6680,417926.3935,395219.1533,398910.8271,395679.1415,397740.6619,404104.9485,399769.9466,336337902.8290,336307268.1154,336328688.9049,336334579.4966,7888.9187,9243.4678,7675.7289,10213.6858,13319.1842,13192.4866,9781.8417,9881.7831,13044.0983,13603.5505,8948.5956,9243.5835,13028.7787,12029.2212,11845.9114,8606.2816,7197.1535,12311.6713,11316.3296,11508.4209,9177.8727,9334.0244,5807.9266,8838.9072,9171.7547,6667.4685,8019.1490,3480.6652,11366.3267,10042.8571,12599.3041,731.9849,11046.7150,11453.5911,2010.7398,9759.2832,8424.2599,12757.8064,10240.2427,11817.1677,7592.5722,7959.8898,12245.3721,0.0000,10712.5619,2715.3347,8866.4736,8173.2279,6699.9642,12842.4781,8155.0367,12172.7104,10287.6081,5428.6091,2739.1528,12466.3971,4842.6390,7370.6252,8229.4215,11238.2006,4340.4255,12857.8310,11513.0633,8543.5763,13342.5746,11882.5725,10372.1270,2363.9199,9238.5075,13772.9374,395038.0502,410303.6909,387305.6742,390998.5316,387910.7607,389955.9069,396411.4886,391940.0782,336345332.6469,336314697.4011,336336118.5050,336342008.8338,13157.0168,7277.4891,7647.0004,8960.3237,8450.9613,12970.2544,7462.5835,13135.6122,9941.0688,6719.0239,3485.9235,8222.9704,10923.2010,11119.0991,3367.1122,7989.0068,12557.2697,5924.0119,12564.2788,8907.1371,3085.6893,3689.4899,8257.8404,10006.1849,3693.4922,8836.7805,9695.7550,13855.2237,3105.9743,11766.0042,8330.4974,4356.3851,5179.0436,7164.9732,5056.7594,3814.9320,7690.4930,4747.0434,12118.1224,7040.5692,6438.8039,6385.6421,0.0000,9935.2301,9518.6400,8076.6893,8761.3736,7237.3265,7748.9054,8568.9375,11645.3285,12019.4988,11537.1513,8677.7565,13352.8183,4365.7515,1590.6071,13111.9541,8271.0364,3850.1298,12647.2018,10897.8734,5975.4024,12854.7039,10946.1008,12257.4490,8158.9915,3666.7710,11704.2845,391358.4709,406463.1939,383607.2614,387295.3552,384165.7001,386187.2339,392550.0316,388200.8204,336349135.9554,336318501.2281,336339922.1033,336345812.5290,9508.2522,12635.7144,12167.4434,12309.6815,1691.4722,12677.2604,7308.3565,11117.7744,10442.9080,12559.7524,12387.0555,10840.9184,10525.5915,13413.0473,11429.6044,8595.7758,13464.6881,5002.7222,11566.4253,12733.2815,12361.9126,11772.7703,7402.7337,12855.8541,11231.1376,8415.1453,3995.9485,13209.4053,10010.1081,8749.9386,13472.9898,13042.0202,9412.1501,13403.0215,13278.2382,12836.3765,13490.7780,6222.9411,12068.6758,10429.6105,13024.3823,0.0000,11333.3358,7926.2430,12033.2151,8477.2275,9519.9926,12380.9446,11442.0867,10046.5664,4955.1004,6009.4737,9352.2010,5159.3715,12100.0773,13063.0026,2415.0720,12581.5172,11552.2709,6637.1379,10686.4997,12885.5881,8151.4756,7920.1981,4554.5902,8576.2784,12455.3992,9416.6446,403825.9908,419022.5787,396085.6744,399776.6165,396669.3020,398706.8147,405121.3345,400703.4114,336336608.5033,336305973.4267,336327394.4406,336333284.8325,12434.6381,10995.6476,10293.7844,8662.9254,12365.6021,12280.4081,10174.1926,1902.0919,5192.2323,10402.5209,13536.8678,13565.6615,9841.4715,11910.7200,13360.9811,10975.8685,8019.5343,12832.7960,5742.0643,8875.8878,12472.2362,3402.0149,9469.0318,12513.6422,10162.9812,11826.3066,7052.6449,13471.1051,7458.7369,8865.3207,7906.4317,5923.5958,10937.4607,10099.3996,10787.5761,10530.0951,7455.3300,11659.5300,1175.2162,9234.5897,0.0000,13370.8966,9314.5134,12485.9960,1677.3679,1270.5481,9356.5279,12458.3422,13592.1227,6485.8808,10518.6792,9770.3082,10244.6242,8712.9425,8251.8644,10447.7538,12649.5164,6390.1050,9602.2786,13584.5761,11440.0062,12409.1387,6434.2318,6899.5004,5870.4794,5007.9420,10914.8489,396324.5166,411578.6603,388578.9965,392255.7001,389272.4210,391210.1987,397491.5052,393217.3016,336343789.4896,336313155.0173,336334575.8781,336340466.1503,7271.0977,7837.7679,13087.4269,532.4294,9853.0891,9285.1062,12063.2078,9764.3144,7382.7557,4581.7814,4807.9476,4604.8701,4195.9214,7489.4454,4049.0525,13249.6247,2678.8305,9259.1312,6208.6901,2387.6815,13589.7830,5600.7218,3919.1167,9179.2642,11252.2397,8346.9610,6191.6168,10664.7587,6834.6458,8366.4623,10901.2450,2994.8862,4212.5649,6338.5234,3822.1884,13323.0642,3385.2002,12115.9230,7605.0345,0.0000,2957.0926,9756.2635,2279.0192,13224.7473,12483.0489,8395.6148,3520.1185,5713.0385,13768.7533,10429.8695,8794.0505,12293.2326,7054.6769,6525.9619,11933.2010,1611.0558,8953.8784,12158.9147,4360.8903,2581.2661,9414.8042,12995.1419,13730.3629,11550.8718,9898.4089,10071.3593,394471.4249,409400.0769,386718.6531,390422.4179,387099.8610,389243.0123,395733.9601,391258.6567,336346639.1092,336316003.8853,336337424.8321,336343315.4675,1161.8111,11730.1691,7690.6619,7369.8927,2552.0522,9816.9750,8319.6779,1015.5362,6646.6234,7072.7914,8113.7096,10476.9079,7667.1596,4748.7304,9984.0808,9133.0087,7960.1662,10282.8675,9071.5895,11212.0391,9928.2552,10235.8133,13251.7430,10516.9498,6964.4947,6444.9828,13482.9324,5192.2521,5067.5288,13033.4172,6981.5804,8294.1073,1705.9013,6159.2010,9506.6729,9803.6993,10659.3654,3343.5475,0.0000,7904.6303,13298.7401,9111.0375,11453.4752,11764.4111,2480.7242,9971.3251,7049.0520,11163.9893,13413.6942,13082.6913,9097.9662,11154.0087,9152.7552,12861.3875,6010.0363,11386.0065,7930.7746,7436.3711,8701.0846,6549.2757,8621.3193,11188.2365,13384.3959,8361.3607,4613.9603,397603.0383,412497.6932,389837.9004,393528.4404,390279.0839,392337.2729,398680.5796,394374.6707,336343361.3277,336312726.7595,336334147.4870,336340038.1015,11750.4096,8212.7881,8029.7508,2342.7030,8989.3891,7469.5680,500.2521,7631.3980,8038.7286,8015.5863,10878.5951,8574.5997,4876.8674,9822.0614,9750.7246,7135.7403,10158.6227,9617.7762,10637.0701,9841.5969,10755.2075,13426.8889,10996.0768,6174.5802,7455.8919,13347.0263,4578.9664,4127.9230,12737.5104,7120.3557,8269.5298,1794.0142,6175.7695,9208.5488,10150.8794,9893.2215,2472.2901,0.0000,8721.8096,13392.1999,9634.8225,10809.9193,11123.8344,1338.3936,10484.3779,8033.4003,10861.5657,13664.0765,13188.8196,9274.2374,11021.5002,8834.5517,13118.3541,6720.1187,11016.0488,7949.1819,8366.9553,8974.4270,7272.2927,8092.2373,10935.5522,13105.8994,7502.6933,4911.5339,397155.4127,412070.8783,389390.0301,393077.9931,389856.2132,391895.3739,398216.2299,393933.4013,336343726.9915,336313092.5148,336334513.2241,336340403.8103,13159.7660,7301.7905,10389.7159,9491.1771,11933.4207,11889.2497,11355.1202,11107.5357,13533.8186,12244.7090,9147.0919,13405.4048,3464.4924,12336.3952,12159.6876,12654.7713,12487.9707,6157.0173,13145.5614,12107.6341,9467.2088,4673.6710,12700.7995,10430.1732,9277.5962,13078.3063,12417.1464,9607.1191,13574.2612,13471.6897,12480.7127,13514.0991,4680.6707,12732.9315,9616.4155,12472.1415,0.0000,12016.5507,8877.9578,12726.7855,7477.2463,8848.8376,11711.7126,12269.6157,10599.2502,3364.8104,7346.1079,10245.8779,4340.2064,12453.1637,13077.7194,4056.5438,12921.4613,11614.5009,5567.2015,11329.1972,13338.2006,8082.2657,6464.3884,2928.2884,8778.2336,11807.6257,8746.9601,403884.7172,419084.7296,396141.8250,399829.0627,396748.7078,398760.9766,405136.7958,400762.0639,336336476.5974,336305841.6944,336327262.6566,336333153.0299,10189.6271,9667.0461,12048.5956,9729.7548,7760.8781,4977.7536,5164.1422,4373.5573,3766.7946,7811.8351,4290.7383,13417.1289,2476.5284,9228.9021,5821.3149,2062.2654,13606.8843,5209.8300,3583.8625,8861.6445,11425.4296,8360.8549,6591.2130,10354.8581,6958.9305,8522.0100,10611.8147,2910.0946,3935.3333,6717.9404,3862.2135,13502.1418,2893.8283,12043.6293,7863.7462,0.0000,3174.2715,9456.4440,1895.3063,13184.1833,12362.7606,8711.3158,3166.2607,6074.3177,13855.2350,10236.7231,8429.8483,12535.7393,6648.4573,6266.1313,11906.2127,2142.0048,8641.6155,12431.9585,4679.3891,2118.0539,9787.0364,13176.8485,13822.9247,11288.3658,9866.9083,10458.5620,394167.1044,409107.5224,386415.4133,390119.3895,386801.1085,388944.6242,395440.4590,390958.4454,336346924.2139,336316288.9644,336337709.9246,336343600.5509,6606.2745,12070.0923,12604.1955,8099.8801,6211.3637,6092.5121,12239.1462,11101.3469,3499.5065,10243.3617,6747.6527,9728.9986,12492.2925,12901.6591,10119.0215,10759.2702,12901.9812,10418.9471,11727.3454,4033.5996,12167.6127,4559.8155,12914.0771,11191.4179,10938.2872,13282.8500,11232.4874,12131.4278,8620.8411,11086.7541,7298.7464,11324.7500,12662.6333,9896.9521,0.0000,8135.4853,11776.0050,10390.0629,11824.0485,12813.4303,8813.0149,10451.3988,5209.2104,8626.0101,10279.0542,12343.6177,4050.1208,13274.4350,12962.2698,8081.7882,8911.1705,13528.9862,4619.7692,6669.3906,11471.5940,1005.5238,8253.3264,8314.8637,13036.7807,12564.2904,4149.3632,403743.7937,418707.5701,395987.6673,399683.5913,396431.3607,398519.7830,404932.1886,400541.3199,336337175.7822,336306540.8384,336327961.7053,336333852.3035,8979.5663,8481.8763,2752.9793,8053.7634,8370.7834,9785.6393,11922.0676,8057.3628,6941.3040,8099.1344,10770.9724,8301.4579,11502.4435,10751.0006,9763.3960,11322.6548,11698.9297,13726.7293,9700.7765,7670.6665,7355.9634,13635.7843,6543.0215,5673.8987,13102.7267,8967.5191,9994.9057,3986.6691,8142.7755,7473.7216,11408.0852,10000.7101,4448.0558,0.0000,9543.3822,13601.1413,10834.9361,10329.1518,11107.1297,2823.5764,11498.8959,8089.9922,9452.8777,13468.4628,13690.8421,7412.7715,12223.7731,10384.1422,12256.3939,8128.5201,11975.0422,5919.8864,8825.0892,10520.9076,5908.2051,6545.9112,9484.0953,13260.3959,8457.6790,2844.3376,399362.3406,414296.1800,391597.2187,395283.4172,392082.2695,394108.6039,400414.6306,396146.4342,336341463.7708,336310829.3411,336332250.0419,336338140.6117,3922.6829,9130.6881,13214.1071,13317.8790,9353.7524,12175.9197,13241.4687,10036.3619,8218.5197,12845.9645,4504.1423,8988.8047,12464.8232,4186.2022,9431.6909,12738.3904,11261.4874,12244.4922,5767.2899,13140.9960,8835.5156,7602.9893,6395.2464,7292.6954,10343.3579,9695.1235,9581.6867,9749.0363,7413.1461,11747.5991,1336.2022,7810.9203,0.0000,13206.0833,10528.0058,12457.0497,3017.0636,3030.3069,7925.5182,12623.7572,13351.8622,7095.1307,11700.3230,10805.1593,10272.7156,9060.5971,7912.6490,11509.4388,12115.0233,6899.6589,9303.6670,13382.5165,11234.9785,12055.8217,5932.7419,7513.6772,7428.2092,3711.1088,10108.8162,395890.0317,411097.3827,388139.7600,391815.4922,388816.6451,390751.1930,397011.0012,392765.9890,336344283.0160,336313648.6656,336335069.4683,336340959.7721,7445.9507,11969.8702,12187.7761,6281.6555,10550.7244,12967.7727,7155.3655,10769.7946,11127.2513,648.2147,6772.9518,10606.5088,7803.6123,6924.8141,11211.1067,11349.7159,13518.8370,2104.8326,12340.1818,9440.7150,4375.3690,3703.6592,7948.5283,7406.2674,6757.8805,7455.2841,6674.9005,10024.1550,9752.1716,4161.9628,5454.2789,0.0000,11638.8810,10914.6328,10502.9646,6656.3414,5693.6361,6371.6337,10979.7912,12469.4150,10173.6359,12526.2747,10576.9104,12036.1966,7239.0530,4960.8602,13148.5865,9906.5261,5698.2861,10976.4327,12156.1043,8740.3092,12333.5162,8458.9523,10499.4481,8614.6512,219.1806,10394.4353,393032.3245,408156.9000,385277.8568,388958.4081,385888.5409,387859.6049,394149.0336,389879.9055,336347329.5117,336316695.0873,336338115.8775,336344006.2602,7319.3173,7739.4369,7630.9775,10502.1586,8436.0958,4404.7525,10083.9569,9350.1252,7077.9473,9842.9001,9208.4421,10845.9711,9495.6204,10377.2030,13214.2826,11039.6526,6054.8594,7245.0750,13206.8822,4325.6026,4086.7988,12626.4450,6674.1124,7873.9927,1298.9532,5738.2429,9511.7818,9750.7392,9984.5848,2348.7670,0.0000,8339.1256,13213.1285,9217.8222,10964.7072,11189.2098,1587.0508,10096.4099,7785.4116,11093.5768,13525.4224,12955.6636,9492.2694,10729.1458,8539.4285,13105.8960,6262.8199,10826.8278,8238.9109,8043.1870,8544.6008,7335.1597,8433.4987,11162.3241,13026.8923,7492.1264,5186.9487,396862.6924,411774.2290,389097.6602,392786.6234,389556.2604,391602.2551,397932.6415,393639.5477,336344040.3323,336313405.8167,336334826.5364,336340717.1292,555.4347,8586.5270,6848.1775,3309.8313,6656.9105,11469.1552,4636.8774,11584.8822,9807.7975,5126.2904,13546.8484,9459.4709,5923.8105,10262.8167,8205.9637,10784.3906,1800.2979,12244.9179,9155.7516,10012.0479,12764.8610,7018.7712,8296.5431,6820.5169,7321.9635,11791.0208,6851.2203,13522.6240,8759.5580,0.0000,2438.6038,10797.4315,5362.7826,13809.1039,13785.9536,8644.4204,5819.2167,1269.4863,12632.3633,10206.8457,10484.9349,9608.1733,10435.1584,10140.4668,10365.3563,3642.1942,11834.5722,9791.4159,989.0796,6870.5220,5755.2185,12006.0162,12450.3365,13017.5897,12037.9999,7619.5844,398910.9341,413799.1907,391156.2427,394861.0647,391510.9643,393666.1420,400159.6881,395685.3369,336342320.9060,336311685.6615,336333106.5921,336338997.2756,8811.8690,6721.6482,3006.3127,7072.2125,11372.2387,4548.9611,11819.8843,9865.8768,5090.1784,13512.8103,9554.8443,5752.9142,9956.1696,7863.1282,11072.1544,1778.1575,12046.5769,9520.1916,10356.5161,12641.6813,7308.2464,8500.6592,7273.9368,7661.3762,11755.0755,6832.1552,13593.2938,9155.9596,0.0000,2391.6341,10507.9143,5352.8177,13796.0101,13781.7982,9025.0664,5688.1284,992.4697,12518.7085,9814.3612,10238.1332,9479.7610,10440.8273,10308.9149,9972.2774,4016.5286,11851.0803,9772.1920,697.1188,7002.0571,5717.8888,12059.6817,12321.1921,12859.6930,12251.2185,7793.2755,399192.3724,414090.2954,391438.8463,395144.1600,391795.3308,393953.0898,400453.9979,395970.3366,336342031.6524,336311396.3682,336332817.3150,336338707.9937,5662.6786,10859.0486,3885.9100,13399.3890,6160.6291,5742.9899,3116.2464,5469.2601,12002.0208,2372.5839,6367.2198,9223.8576,13274.1359,4995.0717,9796.4408,9149.7710,4474.5874,6136.9095,8648.7771,1960.0119,592.3425,6685.8789,2299.3054,13159.8371,4442.7514,9206.8297,6420.1264,0.0000,7254.3743,9432.7833,5224.6043,11081.8700,9797.6325,7826.4044,6007.3809,9526.1627,13292.9480,11151.7137,8298.6225,13452.3760,4257.4054,2201.8038,12996.8818,5468.9777,5610.4096,12950.8394,8481.2617,2892.4657,11861.0921,12290.2306,13418.1493,9606.8282,6461.8554,11362.5949,391621.8270,406643.5804,383869.6316,387565.4677,384343.2074,386423.3085,392848.9949,388437.7880,336349147.4417,336318512.4786,336339933.3891,336345823.9117,8685.4250,7422.3749,13410.7220,2450.9481,10200.2391,4867.6745,2059.3675,13168.5464,4726.1937,1211.5336,5584.8299,10961.6460,9832.7767,8221.3637,7703.8989,9236.1844,10568.9261,8479.7883,5452.3455,5103.3199,9688.2019,6515.3626,13740.9122,1332.9259,11804.1883,10387.4683,0.0000,4640.8725,6383.8001,2057.0813,12615.7728,11548.0532,11168.3194,1182.9539,7488.2813,13408.7768,7447.2584,5150.9186,12832.4398,5058.8376,6572.4595,10096.5737,5601.1108,7366.3595,13160.2548,6119.4388,3204.2308,11034.0263,13751.0586,13352.9994,9087.2363,10657.7210,12225.9427,394433.7863,409474.4762,386691.7497,390397.1754,387116.6886,389262.6697,395797.8489,391260.8772,336346519.7386,336315884.2608,336337305.3356,336343195.8908,9089.7508,9452.0982,6949.0743,12723.6335,11548.8164,7489.3733,12558.5142,11424.5861,7772.6328,10368.0470,5289.7255,12199.2295,1891.0200,12334.5537,10919.4302,11276.3277,12993.9002,9599.8170,10608.9607,8428.7244,9776.0168,10035.9989,9018.3742,13611.4218,10126.4318,0.0000,5147.8384,10738.1763,7791.8284,13224.4850,13664.2188,9530.1673,7821.3459,2073.8635,10894.5603,9364.2701,10951.7175,7119.1075,11964.0747,11978.6385,8375.0356,6683.3102,12900.1065,7760.9271,3534.2246,9376.1660,3427.0113,10773.9617,10609.8633,12938.3983,12981.4925,6493.2883,401952.5118,416881.1379,394199.3224,397902.2358,394584.8713,396723.7756,403204.3995,398740.3592,336339168.3087,336308533.0835,336329954.0229,336335844.6745,12583.1596,6534.7843,6569.9568,6701.7299,6147.3259,12390.2804,6071.5785,7517.5416,11391.9939,12388.9178,5288.8481,7631.3106,11716.1278,3194.8365,4821.5591,11282.1040,2502.9176,4049.3164,3198.2514,1608.0663,12244.0446,6342.5700,10394.1351,3944.3155,0.0000,6332.3802,11625.3663,6014.3682,11954.2472,11342.3411,5131.8338,7132.5808,7656.4688,13107.2445,12566.5166,10828.3640,12079.3717,7775.8655,5572.7366,13441.8463,3592.4167,8734.6992,11312.1180,6987.0846,4713.6774,9608.2190,11317.1909,13181.7310,11999.7718,7304.6897,8768.9408,393640.2989,408562.1571,385880.3016,389575.7510,386307.1820,388394.1556,394794.3841,390422.0199,336347324.3188,336316689.5058,336338110.3243,336344000.9279,13184.2143,11018.2425,13176.3553,13272.6525,5165.1287,13547.9873,13286.9524,11720.9048,6091.0218,11481.0240,10368.4205,11101.2604,11803.3082,10740.2187,10899.0933,13340.3426,13467.2878,10958.3629,12978.9732,1353.9884,13584.5348,8806.5301,10736.5808,0.0000,12546.7472,11140.9406,13473.7974,6845.0734,8685.4115,9668.4632,13341.6404,10809.2044,2293.4626,10121.8851,12223.1782,2988.3740,13214.7404,12995.8730,7243.7997,12768.4617,12136.2695,2980.1191,11727.7640,13719.5018,7260.2633,3432.9058,2032.9430,10286.9019,10622.4677,6588.8821,403686.2513,418837.4957,395935.5035,399617.6914,396548.4402,398530.5382,404841.5033,400544.8737,336336672.0928,336306037.5103,336327458.3522,336333348.7422,10716.4936,6497.0728,757.4581,13737.5607,6145.9554,1555.6686,7359.6467,10260.7884,10088.7507,6198.7171,9597.9594,8962.4605,10314.3765,10296.2388,5146.7398,5642.7187,8498.2816,6113.9435,13513.7141,2598.7186,12718.9413,9707.4770,0.0000,2271.1130,8131.7206,1077.8733,13439.5629,12689.9300,10308.9259,1314.8390,5425.2168,13598.2393,8519.2723,7209.2964,12125.2782,6976.2261,7622.2668,10420.8343,3749.7660,9084.4406,12409.8992,3901.1740,3477.1081,9529.8726,13564.8411,13496.6184,10808.2422,11235.5214,10952.1706,395554.8444,410523.5266,387808.1804,391515.0892,388189.6676,390351.7693,396886.3458,392357.5417,336345558.2371,336314922.7908,336336343.8227,336342234.4431,6462.6670,10184.7148,8281.4166,6540.7137,10851.2205,11311.5767,13525.7475,1486.0411,12017.4672,9570.4632,3785.4393,3300.1199,8150.1371,6835.2405,6236.8622,7001.2721,6076.7887,10297.3735,9348.7592,4745.1983,5029.4809,0.0000,11221.6790,10937.0672,10069.8946,7184.0449,6209.6236,6076.2458,10601.8756,12135.2256,10522.0628,12553.5982,10519.3855,12135.6344,7016.1956,4544.5723,13255.2449,9398.4441,5698.9345,11080.5669,11777.0160,8254.7854,12183.8376,8758.4077,10827.9154,8862.1632,851.4755,10288.7776,392817.5226,407924.1220,385062.3556,388744.1552,385657.3820,387637.9066,393935.9827,389659.0911,336347590.7638,336316956.3118,336338377.1025,336344267.5038,5810.4227,11199.3584,908.3578,5942.9266,6849.4725,12971.5379,6424.8113,10933.0077,6433.3942,6826.7115,8024.8477,6053.7013,4667.2060,2940.6589,9116.7370,5239.2220,13105.9275,4127.5354,8425.4191,8667.8370,0.0000,8171.4074,6970.4649,5621.6082,10076.4642,8444.9526,9860.8653,5744.4482,10525.1323,12634.1086,9197.8588,5702.0357,13570.8125,1142.5788,2294.5655,11650.3496,7409.8586,3225.4584,13373.7529,9456.2737,3875.0201,12759.1204,12486.0368,12762.6553,7106.9039,6904.9352,12635.8130,391787.6928,406902.3071,384043.2844,387739.0440,384561.5870,386634.2716,393081.1225,388636.2289,336348827.2236,336318192.1187,336339613.1137,336345503.5647,13551.2810,5424.3471,1542.7355,7261.5809,10664.8962,9558.4495,6686.8024,9296.4498,8493.0036,9903.3369,9902.4105,4554.2625,4936.9005,8316.0998,5576.9894,13545.3665,1907.7914,12307.3810,9389.2247,0.0000,2827.1172,7999.8759,352.5776,13159.5787,12310.4409,10098.3432,1146.9034,5968.2778,13596.4183,8641.2216,6973.1200,12363.6959,6331.9827,6934.5168,10668.2355,3699.5625,8498.7543,12567.8126,4472.4895,2742.1803,9901.9944,13496.2645,13521.9454,10483.8551,10722.6514,11105.1209,394915.9206,409893.9218,387169.1294,390875.1330,387560.6573,389715.4614,396242.1031,391721.3421,336346156.3622,336315520.9512,336336941.9770,336342832.5846,11761.9666,13511.6272,10899.8994,9953.9763,9323.8406,13047.3218,8759.2209,10643.1284,9463.2793,7791.0449,12688.5392,12188.7476,11515.3068,12279.1271,4664.3432,13138.4257,4411.2025,10345.5634,0.0000,13859.3952,10023.9920,13648.2966,1868.2287,4081.5264,9902.6586,13519.6372,13294.0852,3344.0084,10296.8342,10934.6650,7854.7454,11045.0681,10802.1599,8977.1909,13544.4914,9093.7352,7357.9803,13663.6033,13121.9996,11065.8551,4233.9301,3817.3440,7264.7136,7611.3518,9705.7547,399713.8989,414966.7264,391967.9860,395643.9905,392664.2926,394598.4547,400871.8883,396606.4811,336340398.8049,336309764.3532,336331185.2048,336337075.4810,5754.6122,7459.1426,13214.5958,6298.9227,10672.4218,7290.2206,6439.9137,7808.8819,6942.8813,3911.9234,2141.3614,8678.1457,4552.6698,13452.6858,3781.4161,8965.1807,8335.8870,0.0000,7787.4817,7664.7494,5197.9586,10687.6620,9123.8848,9601.1647,5499.6118,10263.5022,13133.7897,9764.4913,6358.6575,13802.9328,1996.1829,2130.2337,12155.3428,6822.9347,4038.0630,13554.2606,9134.6603,3200.2104,12695.6122,12787.1284,13254.4292,7979.7469,7075.5552,12555.5772,391501.5331,406587.5600,383755.4227,387452.1542,384254.4781,386335.7431,392786.1326,388340.3152,336349175.9785,336318540.8745,336339961.8568,336345852.3333,6034.4752,10376.8215,10406.3094,7322.1245,8461.0989,9602.3663,10907.5361,9327.3427,5808.6118,5816.0282,9579.5501,6840.0167,13679.6042,2114.3944,12456.4012,10531.9543,0.0000,3668.9777,6884.2213,1723.2564,13114.4631,12222.9392,11181.7178,440.6202,6528.3083,13470.4975,7480.9241,5853.7385,12446.0974,6191.6005,7476.3204,9869.3640,5158.8875,8387.8449,12853.4490,5120.4338,3728.0957,10346.9750,13803.5666,13374.9569,9834.0788,11312.1321,11811.8363,395310.8373,410325.0819,387567.9775,391274.8665,387971.3501,390129.8310,396674.9712,392129.4619,336345724.5197,336315089.0045,336336510.0782,336342400.6624,9736.7818,11667.6340,10863.4842,3594.9223,12027.0913,12668.6892,5342.4196,9776.4850,8859.0988,12857.6426,10496.3272,12328.2241,6523.9661,10533.2291,12981.7520,0.0000,8838.1851,1116.2473,7391.2086,10391.8192,9418.0506,13422.5484,6327.4927,10269.5305,11010.4340,2965.6752,1379.9821,11889.2389,6125.6873,8784.9637,6678.5281,10210.6951,6904.7807,12672.2588,9561.0586,8046.8884,12102.2122,12819.9906,10937.6191,5327.8749,11364.4462,13407.3668,396751.0011,411957.5728,389019.5131,392719.6077,389553.6901,391652.8730,398171.9953,393635.1786,336343858.8274,336313223.3171,336334644.4745,336340534.8834,13570.3099,6990.1618,11073.4868,13133.2202,12907.6990,11824.7186,12681.0971,13086.1524,11451.6437,12778.6864,7219.6790,11572.4399,12503.8824,12324.2227,0.0000,9318.7708,9671.1973,10974.3376,11071.4989,12055.2112,11487.7378,10560.0485,7141.6914,7358.1022,7516.8755,10684.9205,4047.6453,12998.6743,13573.3678,4499.7718,10833.0464,13093.6029,5781.8253,8185.0388,12279.8321,4994.9694,8831.5040,6928.7202,11282.5599,13453.5887,7459.0672,404714.2501,419786.6551,396967.5361,400664.2079,397458.9767,399543.8815,405988.7316,401549.9273,336336023.5515,336305388.3983,336326809.3780,336332699.8952,11302.0773,10334.9373,2357.6692,2269.8753,9089.0400,5825.4571,5526.7849,5821.1182,4921.8632,10778.1478,8866.9226,6124.3874,3881.9400,0.0000,10462.1967,11423.2001,9426.4820,8398.2838,7544.6121,5195.8994,10113.9758,11434.6014,11256.0092,12942.6456,10883.9900,12262.4919,7182.4701,4338.0043,13665.5029,8376.7873,6402.4250,11164.9656,11034.5601,7555.2338,11755.3957,9258.9543,11521.0338,9838.9750,2282.1987,9860.7148,392630.6253,407688.8985,384872.9620,388556.9054,385432.5294,387430.9630,393740.2544,389455.9029,336347892.7897,336317258.3140,336338679.0906,336344569.5379,12717.9331,9755.6162,10293.1584,13219.3195,8326.8175,9564.7471,7057.0954,8457.6156,10742.9381,8309.5084,13558.8304,8982.4917,0.0000,4119.1826,11284.9607,6943.7097,13546.9485,13819.9975,8522.2962,7269.5342,958.6296,11770.9029,10343.3797,11234.2608,8225.7566,11506.6957,11161.5159,9812.8201,5142.5796,12603.1622,8471.4458,2467.5341,8358.3806,4081.0606,11132.2918,11548.6270,13330.8979,12379.7849,6376.0262,400526.6565,415418.0867,392770.7486,396473.8086,393137.3761,395280.4158,401755.1195,397301.6244,336340667.5977,336310032.4266,336331453.3342,336337344.0121,11377.8923,11679.4023,1938.9331,10262.2519,8981.7450,13002.5250,10702.5684,11444.9101,8141.9836,7845.1573,12474.7817,0.0000,11036.4210,2660.0336,9344.2492,7823.3250,6466.8498,12987.9383,8613.1753,12318.0067,9806.7202,5158.9396,3117.3348,12144.2058,5503.8167,7900.6776,7782.2025,11625.2446,4807.1893,12584.2028,11743.5505,9101.0806,13258.0425,11589.8334,9886.8765,1894.2984,9419.2529,13699.2271,395625.8425,410904.2287,387894.0313,391586.0200,388510.0185,390548.7389,396998.4263,392532.2210,336344714.2752,336314079.0449,336335500.1494,336341390.4658,1934.4839,10447.6870,4492.9306,4952.0373,3765.7215,3351.2547,11182.0702,8183.2294,8086.5896,2290.8562,0.0000,9000.7956,11972.1525,8361.8628,10014.5780,9393.1141,3945.9254,9262.5041,9924.1395,12007.7366,13202.1094,11343.6704,12012.2088,7794.3546,4923.7051,13839.3475,6576.8358,7760.2592,10918.2710,9513.7978,6645.1649,10632.2517,9812.1311,12195.5755,11174.6932,4525.4541,8873.0226,393112.6808,408097.1415,385351.9603,389039.8186,385853.2442,387883.9579,394217.8088,389913.5788,336347607.9929,336316973.4441,336338394.2099,336344284.7319,10591.2012,6273.4655,6609.1715,4126.2629,5175.3805,9953.8454,9639.8794,7133.0719,1854.0395,0.0000,10186.7296,12465.5209,9816.6279,8953.0852,8650.2543,3031.2149,10608.8119,10596.2126,10933.0022,13551.7114,12073.5388,11227.1465,8852.0103,6120.7638,13734.3035,7958.8287,8277.2386,9924.2765,10450.6609,8274.7909,10410.7516,8367.8211,11162.0784,11184.0226,3780.4408,8134.7659,394090.8880,409097.1458,386329.1755,390012.8228,386864.8450,388866.4382,395161.6074,390898.4092,336346535.5086,336315901.1142,336337321.8417,336343212.3315,9983.2473,8602.7931,12475.3341,10246.5850,11019.9314,8630.8607,6190.2490,11618.7842,0.0000,11666.7361,4473.5751,9906.8528,6546.6439,4850.8581,12201.5505,9396.6543,12919.0779,9455.9367,6822.5486,4651.6322,12269.7861,5197.5610,7052.5972,8894.6552,11787.8841,3590.1174,12425.8269,12381.7702,9215.4729,13545.8024,10844.0362,9630.1501,1216.3782,7914.4813,13476.9690,394778.2880,410063.3289,387043.7870,390731.8679,387686.1276,389697.4194,396106.5475,391685.3964,336345472.5667,336314837.5190,336336258.5710,336342148.8641,1844.9544,5568.6975,1206.3928,13151.3494,4215.5522,10380.5820,5972.7189,0.0000,5812.6255,10114.8589,4325.5164,12019.7819,11022.4491,7243.6766,5399.3986,8069.0833,13563.1631,11409.5284,9053.5260,12975.5853,5762.3159,4089.2737,12988.3030,3643.9164,7286.1355,12490.0977,6996.8846,2402.7561,10757.1956,12387.6848,13634.0861,10823.3206,7574.6822,10461.0443,392558.1290,407522.5115,384803.4467,388501.7676,385234.5250,387336.6367,393776.3113,389355.2573,336348366.9911,336317731.9892,336339152.8854,336345043.4652,6908.8275,2482.8491,13285.9641,3866.7074,9516.1385,6805.5476,0.0000,6841.8930,9126.0244,4683.3447,11296.8103,10013.1080,8154.5700,5453.5891,9243.4518,13377.6655,10820.9286,7946.9881,13440.6448,4071.5594,2508.9155,12765.8370,5209.2008,5679.7382,13019.3238,8135.2270,2325.4939,11772.2479,12503.5523,13484.2958,9550.3780,6931.3556,11453.9697,391772.3606,406792.6662,384021.0830,387718.2042,384486.3916,386575.3868,393014.5309,388588.3083,336349023.8328,336318388.8102,336339809.7382,336345700.2676,4638.8100,10464.6789,8849.4813,10309.6283,2356.0301,0.0000,7581.9560,12940.9625,8294.2632,11480.1594,11465.4343,2517.3014,9265.9652,7477.4009,11869.3947,13396.5429,12525.0451,10309.5708,10071.3754,7837.9187,13330.3923,5240.4206,10434.9029,9209.9205,7493.5271,7527.0118,7852.2966,9440.9986,11933.2164,12970.1352,7536.3221,6180.3479,395944.1566,410844.9582,388179.8245,391871.0510,388620.3142,390681.9909,397033.7708,392717.8248,336345010.3287,336314375.7279,336335796.4699,336341687.0782,12679.2703,5324.6722,9909.9416,4848.4091,0.0000,6482.5839,10736.6596,5382.8809,11634.7689,10738.2690,6210.3135,6444.3221,8334.5874,13245.4395,11992.2811,9787.4335,12697.7877,6349.3688,4146.6105,13290.5052,4030.1373,7477.4161,12041.2646,7449.8759,3572.5132,10556.2033,11763.2969,13341.4320,11067.0299,6845.1857,9880.9068,392663.9437,407622.5727,384906.9389,388602.8347,385349.3875,387435.6396,393848.1889,389458.2578,336348229.4236,336317594.5437,336339015.3999,336344905.9742,13787.5801,8153.9742,10032.1393,0.0000,12881.7596,11723.9222,13719.5890,6345.2976,8280.3834,8924.0165,13693.9058,11235.8764,2562.4339,10986.9769,12697.8009,3812.3419,13206.3722,12696.2795,8387.1285,12795.8326,11982.7799,3042.5593,12119.1571,13747.0205,7653.1366,2136.4152,2565.5508,10495.7675,9866.7530,6319.7002,403025.0109,418170.0917,395272.2116,398952.0144,395895.7661,397862.7128,404147.9283,399880.8390,336337311.8139,336306677.3534,336328098.1558,336333988.5393,11427.4599,9474.5110,0.0000,4683.2803,7198.9396,1704.1117,12501.3923,11364.8360,10396.2588,1800.4836,7656.4164,13599.6939,8465.8532,5907.9307,13081.6505,4586.6285,5582.1990,10940.0844,4909.2476,6968.1940,13213.9642,6257.3914,1893.2659,11153.2423,13597.1628,13581.0026,9358.3338,9878.1952,12009.1792,393588.9120,408613.0213,385844.1869,389548.3491,386269.0508,388407.0360,394924.0792,390409.4229,336347356.8537,336316721.4715,336338142.5102,336344033.0707,8600.1411,0.0000,13295.3843,9750.1551,12290.5891,2798.6289,1894.9687,8877.1423,12362.5836,13681.1015,7450.4201,11145.2400,10010.3681,10889.7301,8353.5537,7555.6148,11291.7928,12340.5732,5996.3122,10114.3549,13596.2619,11042.3398,12703.3476,6909.6544,7859.9702,6358.7292,3975.4302,11040.2578,395337.3135,410574.6597,387590.1302,391266.6657,388276.7470,390214.2745,396489.7136,392223.9696,336344797.6587,336314163.2258,336335584.0676,336341474.3504,0.0000,9221.2141,12896.0731,9328.0424,10095.9658,9990.6858,1713.3544,10220.5858,9362.7599,11297.8271,13689.1609,12504.1921,10736.1351,9577.4103,6979.8588,13691.4763,6885.0541,9413.6236,9437.3764,9317.1786,8075.3777,9250.1951,8628.7880,11457.9203,12161.0865,5528.7468,7026.1697,394953.9638,409907.5048,387190.1548,390876.5329,387684.3836,389708.9183,396021.2176,391744.2134,336345818.3355,336315183.8879,336336604.6075,336342495.1518,0.0000,0.0000,0.0000,0.0000,0.0000,0.0000,0.0000,0.0000,0.0000,0.0000,0.0000,0.0000,0.0000,0.0000,0.0000,0.0000,0.0000,0.0000,0.0000,0.0000,0.0000,0.0000,0.0000,0.0000,0.0000,0.0000,0.0000,0.0000,0.0000,0.0000,0.0000,0.0000,0.0000,0.0000,0.0000,0.0000,0.0000,0.0000,9520.9846,3075.0030,13829.1730,13420.8739,9523.9201,3529.6801,3346.5506,13334.6798,9367.8773,8899.2763,11069.1444,8756.9008,8872.2132,10453.9533,2924.1001,10555.8282,11321.4524,1740.6266,4984.5599,7822.0923,13010.8387,13190.0393,12057.2499,11732.8405,9480.3802,397099.8233,412018.9451,389349.1392,393055.9025,389707.4258,391872.9751,398394.7051,393885.4612,336344107.0306,336313471.6560,336334892.6423,336340783.3049,8121.4726,9484.4779,8521.4819,13296.6124,7144.5254,10764.4735,10256.4069,2904.6954,1727.0213,11564.7171,6186.5336,8766.2114,6358.6395,10722.6681,6512.9086,12313.2512,10162.9877,8570.1257,12182.0567,12204.3676,10208.9584,4312.7778,10911.4086,13291.6904,396924.0974,412156.2505,389192.7508,392890.3111,389753.9924,391834.0761,398332.0233,393816.3422,336343595.7124,336312960.2823,336334381.4265,336340271.8050,13214.9187,12318.9545,10092.3422,1295.1572,6242.7966,13771.3870,8865.5126,7039.9053,12609.3762,6175.1741,6728.4270,10943.0864,3691.8108,8388.5844,12775.1226,4741.4325,2445.2816,10155.8858,13622.2378,13707.9075,10524.7987,10624.7762,11273.3389,394570.3639,409547.5428,386823.3984,390529.3065,387215.1482,389369.2616,395894.6872,391375.4059,336346499.7174,336315864.3147,336337285.3380,336343175.9449,2278.9220,9958.7471,13100.6083,13709.8265,5074.8747,10281.5366,10212.1997,9329.5870,9864.8301,9632.1092,9674.7193,13351.4744,7668.3183,8803.7648,13866.2410,12429.3996,12059.8924,5612.2806,5513.6843,6182.7006,6465.6254,10674.1845,397923.7225,413193.2529,390179.1980,393855.1182,390884.0227,392816.1782,399093.2927,394822.0133,336342161.3022,336311526.8328,336332947.6987,336338837.9583,10237.4709,12192.0650,13856.4805,7012.1720,9932.3681,8976.8696,10858.0219,8131.8753,8077.8252,10218.7282,12851.0799,5703.7759,10402.7864,13743.4549,11288.9027,12989.2779,7479.0591,7393.8703,4789.6056,5536.9287,11771.7097,395890.4686,411169.6595,388147.9818,391825.8501,388846.5531,390790.2904,397090.1324,392792.4185,336344203.1878,336313568.6219,336334989.5229,336340879.7797,10909.0787,9050.8840,10486.5704,13762.7857,13103.7764,9534.6829,10695.3849,8349.7715,13277.5581,7466.9193,10411.9057,8100.3996,9305.2189,9174.1693,8143.9005,7559.8020,10619.5911,12592.5021,6393.5322,5539.1030,396570.6043,411517.2771,388805.7236,392491.0269,389302.4387,391321.0944,397620.9133,393358.5004,336344208.5430,336313574.1466,336334994.8459,336340885.3950,6497.0160,13540.5958,7817.3519,6079.7216,12511.6402,6067.0082,7199.7958,10148.9494,4813.5010,8291.5641,12854.2308,5056.1235,3323.1268,10339.3489,13754.8575,13455.8263,9941.6478,11086.6669,11704.5115,395050.1747,410056.9089,387306.3656,391012.9579,387708.0159,389864.8565,396404.8573,391865.9699,336345988.7427,336315353.2563,336336774.3181,336342664.9062,12084.3450,9847.8286,10646.7172,8749.6302,11066.1403,10924.6810,9620.6146,4843.1640,12318.8856,9106.5145,1631.4870,7852.1061,4853.3832,11653.8975,11860.6947,13054.3281,12517.4487,7208.0027,400129.9575,415029.1779,392375.9304,396080.5222,392737.2835,394890.1038,401383.2122,396908.1770,336341079.2739,336310444.0182,336331864.9558,336337755.6330,9571.3007,11432.8125,5107.6383,12513.3694,12531.5268,7079.8733,13527.4579,11091.9149,5150.9932,12770.8169,13812.1113,9144.1652,3839.4204,500.4955,8733.1788,10006.8733,8425.4160,402670.7614,417888.6887,394924.2675,398604.1184,395582.0985,397544.1235,403847.6070,399552.2069,336337547.8491,336306913.2688,336328334.1415,336334224.4668,4278.5050,10092.4045,8620.4240,10829.4122,3936.8936,11112.9025,8987.6011,11232.4002,9569.4226,9925.3633,10860.9850,11938.7702,9386.6152,6313.1766,12501.3454,12559.8254,399704.5042,414915.0327,391972.9466,395672.4035,392512.4368,394607.6250,401120.3927,396590.1825,336340893.7832,336310258.2786,336331679.4338,336337569.8430,12535.2823,4886.7408,7722.0211,7815.1836,9943.2153,5781.3501,13134.6358,9810.0513,7325.1645,12629.7513,12966.3606,11414.6661,4932.5755,10607.3900,13658.1596,395434.9827,410641.8489,387702.6523,391401.9292,388242.1350,390335.1418,396845.2371,392318.6771,336345149.7856,336314514.3252,336335935.4683,336341825.8707,13733.9680,13526.8707,7017.3815,11603.4332,13218.1550,1951.6354,9934.7268,13275.7345,4698.0014,5455.4710,4748.0433,11754.8017,11929.7775,5091.3150,404685.2746,419758.2710,396932.0032,400620.0370,397474.0726,399500.7641,405853.8740,401518.2306,336335896.7253,336305261.9891,336326682.8413,336332573.3207,3190.2605,11285.4297,8294.4677,2697.5334,13645.2446,10018.5437,4736.3028,13213.5898,12684.9610,12641.8642,6278.6979,7348.6190,13206.4676,391903.9896,407052.8919,384162.5146,387858.0781,384698.0641,386767.2338,393220.6795,388764.6504,336348657.7443,336318022.5915,336339443.6164,336345334.0404,12744.3853,7386.0887,3695.2473,13001.9912,10005.7849,4569.2388,12694.4651,11732.8093,12717.8514,8095.6613,5131.2550,11960.5631,391300.5081,406391.1569,383550.9750,387242.9541,384080.1907,386128.7370,392529.1942,388139.1438,336349280.4926,336318645.6075,336340066.5248,336345956.9774,12109.8011,11143.7491,8520.6370,9998.8629,12056.3782,8897.6892,9878.4952,6742.0102,8108.7474,13075.1961,10690.1648,403021.3089,418218.3957,395285.0262,398980.6826,395840.9597,397910.7755,404376.9588,399900.7365,336337510.2215,336306874.9141,336328295.9998,336334186.4100,9912.2387,11356.9470,3758.8238,4046.9429,8353.7631,12449.9483,13474.0693,12359.6845,10028.9796,8909.1961,395385.7158,410281.6230,387629.6865,391332.4705,388000.6299,390140.2245,396613.5359,392161.4266,336345773.5368,336315138.4017,336336559.3059,336342449.9651,12975.8157,11548.0219,6921.1807,13528.0284,11288.7822,11306.5863,4741.6208,5753.9538,13029.8466,392302.1913,407508.8206,384560.8025,388249.9326,385161.1979,387183.0355,393582.0706,389181.0731,336348057.5369,336317422.5915,336338843.5782,336344733.9316,10253.9886,13133.8433,4894.7477,4097.5069,4947.8718,12028.2416,10863.9595,3857.0243,403782.0957,418837.0566,396025.3406,399710.3777,396575.9011,398584.2412,404902.4568,400607.8966,336336788.3855,336306153.8206,336327574.6130,336333465.0920,6511.2374,6337.6329,12403.9497,12581.9244,12636.1192,12227.2520,8359.2916,398705.5437,413609.8711,390953.1774,394659.2674,391308.1710,393470.6630,399981.5539,395485.9885,336342521.1704,336311885.8412,336333306.8052,336339197.4809,11153.6881,13290.0189,13836.7417,10041.8286,8891.2893,11528.7237,392769.9059,407764.4469,385020.8063,388722.9173,385443.9742,387569.6552,394057.1465,389579.0260,336348176.4756,336317541.2456,336338962.2250,336344852.7978,8371.8148,8871.8346,13381.4899,12304.2301,3557.9058,403210.4839,418149.3828,395452.4505,399148.3433,395884.2192,397974.6102,404381.5979,399999.4029,336337757.7774,336307122.8736,336328543.7176,336334434.3341,4076.4163,10503.0976,8291.7057,6220.7424,401391.4397,416524.7787,393636.0782,397313.3007,394268.6456,396219.6003,402476.2645,398242.4519,336338933.6527,336308299.3329,336329720.0884,336335610.4671,8889.6294,10337.9593,8316.0305,403017.3957,418229.8455,395271.0201,398951.7769,395921.0890,397889.4626,404200.8420,399897.1687,336337222.5403,336306587.9259,336328008.8062,336333899.1403,8556.2375,13410.2983,395856.0626,411158.8460,388122.8464,391810.2322,388777.2052,390783.2526,397189.9001,392769.5067,336344364.8530,336313729.8000,336335150.8609,336341041.1394,10344.3769,393182.0364,408310.7244,385427.6861,389107.8679,386042.4067,388010.7971,394297.3944,390030.9909,336347168.5245,336316534.1096,336337954.8986,336343845.2769,401924.2314,416869.6138,394161.4333,397849.8939,394639.1817,396679.5483,403010.5064,398713.0796,336338912.3145,336308277.7564,336329698.4989,336335589.0754,20129.5179,7813.8088,4342.5815,12676.2287,7748.2545,11436.2667,5440.8782,336739206.7988,336708573.4643,336729994.3402,336735883.7649,26005.2329,23151.3003,23016.6944,21667.7815,19851.4150,20249.7094,336755031.2033,336724397.9194,336745818.5956,336751708.3940,3813.0895,9954.5134,5485.1776,13729.5777,5854.9170,336731514.7254,336700881.4261,336722302.2715,336728191.7335,11252.1388,5355.5823,11119.2422,4343.6807,336735127.4533,336704494.2573,336725915.0814,336731804.5129,7203.0569,17946.5065,7951.8399,336732736.7474,336702102.9369,336723523.8118,336729413.5805,11252.1388,2591.8707,336734371.1327,336703737.9202,336725158.6708,336731048.2650,11192.8340,336740166.0313,336709533.7928,336730954.2739,336736843.7218,336736348.8756,336705715.5554,336727136.3584,336733025.9226,46261.8664,26263.9005,21811.3735,24408.7846,31029.5929,12239.0504,
10800.000,9513.1682,6221.5464,6492.5231,3436.6876,3898.6857,13888.5478,9676.9348,8229.9032,6232.8944,10738.8468,12925.4945,7413.7398,13709.9218,8409.8769,3650.0261,11820.1379,8992.0910,12998.1745,11203.5628,13336.2173,9652.7840,9374.0397,3811.6765,3471.4403,5479.8421,11075.1206,2799.8510,10753.3823,6212.6210,12396.8242,3604.0900,10534.8175,13386.8913,13126.3921,13248.5105,8238.4108,13277.9873,8941.7875,12971.8650,12234.4029,11855.3742,12930.2261,13777.9626,9794.2920,10549.7966,11172.5471,12423.7988,12068.0538,9237.7329,11098.5919,13223.6489,9529.9464,12353.3929,7030.9382,11556.5342,11738.5827,6190.6656,7050.7730,13349.3461,12990.1990,6463.5877,13420.5190,13659.8521,5777.8945,13140.8926,12615.8274,13114.9272,13278.6496,7324.6189,10664.7748,7830.7937,11988.2747,0.0000,11742.1933,6007.1287,11838.0798,10773.1090,9504.3647,12911.7970,12284.8707,12752.6140,10070.5622,3415.0130,7760.0222,10328.6625,8738.2122,12294.6748,3869.3092,11044.2658,10969.3047,9061.8976,12730.6638,12541.2509,12395.0451,7629.4358,10048.1294,7396.2150,12033.1160,11914.7384,397963.1124,414093.6292,394024.6266,399566.0352,391317.9178,398157.3808,399583.0924,398062.8897,336334907.6147,336297217.9625,336318577.5093,336322282.4183,11295.9568,3912.3316,9178.1128,9142.3480,9852.1384,13536.1234,2048.4416,5246.4968,13372.7745,9438.7723,11155.3352,11280.1709,9170.6239,7247.4989,13066.9916,13090.3047,8774.8144,13587.7770,11421.5586,1196.9800,5855.8639,9498.4027,7055.2849,12637.1736,6350.9138,7473.1747,12312.1280,4658.5279,8300.8638,9617.6615,7693.4218,7204.4411,9628.9187,12247.7350,12643.6510,6839.4275,11297.4068,11726.1400,8714.0863,5229.1341,12194.6651,9624.0819,10085.8536,3305.7535,6534.7155,12485.3862,5766.1808,12604.0454,8409.8290,8917.9441,3936.7160,7653.8241,10273.3462,5784.6145,3411.1523,4335.3831,10153.1061,7776.5823,11810.1186,7949.9447,10399.9151,8222.8883,4436.8283,7678.8968,7102.0589,8268.3031,8813.5179,13350.3380,6630.3853,6807.0293,3813.9895,0.0000,9600.1041,6137.5523,7130.3806,10391.8034,8189.2060,12446.1461,5582.1011,11536.6366,12340.3563,6756.6820,2351.0743,11389.8108,2956.7358,7824.8173,11894.6331,7687.7516,7570.8826,12943.0332,10620.7877,5405.2506,13115.2331,12764.9753,12538.5285,8944.2923,5594.0459,13113.8079,401791.3687,418287.4543,397899.2398,403554.5204,395395.1424,402105.2634,403607.5760,402024.8699,336330421.9106,336292732.3004,336314091.9943,336317796.6544,10212.8356,8955.4038,3796.6779,12159.2948,6307.3250,11105.5602,7540.8709,10238.4940,13533.8646,1508.6007,11882.4281,4387.0410,9050.5328,8249.3424,9647.5844,10267.2379,8257.9866,12632.6320,10870.8295,12895.7201,8983.4491,6845.7819,5683.4400,9005.3536,6838.5308,11765.9763,10422.8720,9514.1982,8781.7617,7506.7721,12675.9220,13558.2889,10665.1866,3458.4242,13096.2438,11557.7375,12534.2331,9062.4125,10719.4762,9765.3214,13059.9210,12647.5054,12841.7751,13567.2799,11722.1780,13616.6476,4073.3072,13545.7988,10713.3760,12497.5004,13709.9147,2138.0205,9945.8669,12654.3622,8727.5595,11105.1155,11666.3865,12492.6599,4755.6547,10499.5055,12528.1439,9349.1998,11287.9453,10663.3257,13695.3813,10922.8744,5853.4879,13402.2486,6287.6394,12390.5269,0.0000,13542.9170,6492.2384,13790.9187,6088.9769,6171.0789,9914.3479,13516.7242,12787.2104,4798.4266,7976.9926,10237.6997,12298.1230,11926.3091,9686.3803,5031.5701,13583.9181,8074.8909,9877.6820,13311.6047,11816.6869,10140.7037,3127.6824,4874.5100,3939.0462,10732.7350,8380.5161,398286.9449,414419.8433,394354.4605,399944.7071,391574.3157,398481.5313,400084.1937,398441.4844,336334861.2810,336297171.0041,336318530.7674,336322235.7333,5919.0035,7315.2375,12140.3708,13059.6721,2016.0596,4304.3032,12851.9068,10759.2162,10596.3978,12938.9418,9466.9444,3597.8277,13606.5257,11830.5774,11313.1083,13617.4635,12581.9804,4507.4656,5291.1275,6426.1024,4363.6824,10642.5536,8795.0219,4538.5870,11721.7710,974.2515,10763.1944,6541.9076,9459.5776,10142.8752,11023.4977,13505.1170,12001.3275,9718.6483,9895.0078,12555.2670,10977.9477,8438.7537,13444.2280,11680.3092,9122.8896,5232.3498,7364.6066,12907.8538,7802.8801,12391.7706,8557.2440,11466.8283,4430.6055,9120.1007,9719.8907,8661.4428,6826.8424,2633.9509,7917.7198,10701.2193,12632.9101,7388.2024,12509.0017,10950.9126,1252.8354,10586.8591,10027.6217,10147.6141,11402.8832,11899.6959,6995.8160,7155.9321,7370.5838,0.0000,9914.0801,5286.4716,8279.7741,11501.0950,9256.7139,13566.3752,7975.3009,12209.4456,12560.0640,3402.3869,2169.9712,10609.7694,2890.3351,10395.8671,9589.7343,7991.0420,9601.3551,11705.0504,11433.4304,8797.1101,13651.3562,11834.2273,12680.5002,8774.7460,8765.2296,13669.7689,400800.4521,417160.3619,396889.2752,402486.9116,394333.4373,401070.0214,402487.5354,400967.0950,336331568.7579,336293879.3296,336315238.8996,336318943.6354,6992.1358,13584.8021,10627.5525,7611.8281,7791.3681,9919.6791,11319.7204,10004.9980,13293.9388,10797.6749,2611.7414,12457.4565,7950.2473,13633.7897,11614.8928,12280.1724,9726.8274,7024.9254,771.1268,5413.7912,6417.1761,12208.3082,4779.4175,9011.9455,5201.0518,13334.0144,814.7007,12104.3255,12899.1454,11592.8276,13225.3161,10096.6897,12518.2531,6533.8116,11775.5917,13273.2138,12347.4055,13271.3113,12886.8497,7125.2483,9171.5637,9077.3431,11408.0507,10509.2553,11060.8370,8703.5597,13639.5640,7813.2564,10578.7050,9759.5060,12367.7449,11032.5875,7009.7670,4034.9031,13428.1307,11822.6086,9007.5736,13816.3565,13249.8865,5867.4366,13373.9390,13115.8336,11665.8988,13601.7538,8195.8768,8408.9842,9906.4517,11537.7243,0.0000,9530.2614,7993.3165,9847.5821,12584.4939,11505.2247,13140.4420,10926.2703,11318.8547,11858.8955,4277.6280,7784.7476,8079.3077,7409.9466,13142.5519,5499.4056,8702.1797,12351.1140,7881.3782,11046.5974,12527.8648,12241.2386,9585.0740,11772.9424,9963.8265,12520.5444,12521.2538,396166.6226,412374.2034,392235.6741,397782.9614,389599.6474,396385.8882,397763.0918,396274.2330,336336464.5834,336298775.1814,336320134.6787,336323839.5084,13130.9226,9278.8424,8524.6753,4544.6026,11886.8022,13690.0303,4589.4726,13302.9805,4977.9828,6241.0792,10966.6288,10816.4795,11143.1789,10938.5717,13721.4223,8788.0297,11123.7284,7330.7825,3304.3470,6898.7850,8688.4034,3391.9564,12523.6950,7564.7311,10208.9335,7158.4571,7742.2076,12676.6083,13807.1260,12649.7609,6904.1011,12868.1741,11463.2672,13622.9602,9983.9841,10113.8780,11963.2461,13671.4851,12138.7580,11105.4724,12443.1655,13140.7074,12638.2238,7518.9510,12800.4118,11617.6034,10598.5711,13209.9011,3678.8773,9484.2787,11376.8559,5607.3068,10123.7946,12026.8661,13622.0299,2957.4650,11987.5302,12896.7836,6243.7706,11656.6909,10842.5932,13576.4277,11765.6460,8021.6525,12164.4247,4742.7458,11305.3646,0.0000,13306.3302,3651.3483,12950.0461,7998.6609,6322.7681,12132.6127,12606.3474,13658.1242,8020.6069,4684.0206,7500.6139,12451.7317,9609.2507,10190.7360,5450.7872,12643.3708,8351.2559,10945.2845,13753.5846,11311.2399,12323.9778,6503.4962,8158.9998,3805.1995,10282.7993,11083.9891,400362.6507,416503.7591,396428.3083,401996.8847,393690.4085,400560.4163,402074.2342,400492.9756,336332620.6540,336294930.6852,336316290.3429,336319995.2790,9845.3929,11138.5417,12101.7792,9158.4107,5357.9772,11415.4374,2435.4029,10612.6225,13445.3153,7031.3038,10858.5710,4186.0920,8243.4857,4432.7480,9788.6160,10539.6738,13325.6497,13313.0911,12800.4633,7673.5808,13501.9854,9250.0355,12433.1096,5584.8666,13384.0840,8219.8419,3361.4960,5060.4125,4163.9327,10754.1308,4082.6298,10942.4207,5444.8340,5686.4622,6751.4546,4631.8185,2383.5736,10269.1253,9041.1909,8466.9051,6481.4267,7082.8183,10016.4501,8763.1586,3243.4371,9858.8534,6470.2266,11652.6694,7144.9679,7366.8537,12262.8539,12318.7821,3269.8162,5450.0233,11944.2030,2839.2233,2144.5266,12459.1189,3707.4686,4975.5413,4950.5077,2961.7259,11905.8352,9079.6790,11088.2685,6848.9229,0.0000,7956.5850,12008.7454,7650.2687,8274.1127,9640.9761,4880.2444,6615.5009,6064.6450,9259.7556,13400.5061,11404.1017,9763.8934,10770.9742,5508.2451,13359.3598,8796.1237,7577.5275,10748.9274,6135.3808,5574.7786,6376.6428,11431.1860,9307.9290,11355.3752,6379.4048,6981.2562,395579.4046,412217.9340,391711.7385,397464.3988,389204.4108,395938.5124,397671.1867,395924.6804,336336730.3171,336299040.0616,336320400.0488,336324104.6621,13589.3727,11942.0256,5278.4464,10953.5790,6335.3476,8376.9911,8757.8053,11786.2230,3528.0115,5890.1726,9960.5246,2411.6644,8783.8813,13418.4615,13226.0605,10196.2129,11266.8178,5364.3681,11193.5178,11084.7795,7950.2914,13030.8252,10114.8565,10055.8287,10021.2741,11817.4067,10871.7494,6546.4682,3030.7929,12238.2477,9255.0585,8474.0834,9579.6804,12180.4179,5995.9043,10495.4360,10747.6849,13672.9655,12897.2612,7095.5512,13107.7603,3334.2365,12039.2215,9907.3950,13365.0606,12189.3793,7607.2618,11740.5952,13448.0707,12605.3324,10446.0327,11119.1888,8377.0587,10015.8561,8581.7309,11160.8412,12727.8756,10997.4306,11126.0252,11803.3653,10034.5818,3414.5718,12844.7155,10839.1109,13206.4910,0.0000,11203.8510,11203.1534,12690.2739,7530.6476,9729.5550,5752.8795,13085.3718,8916.4261,4248.8554,11714.0120,13327.3148,9370.3705,13630.3586,10364.3476,6632.5859,12448.6982,10142.4595,6186.4726,10076.7489,12407.6735,4936.8049,3401.7445,3797.1198,9019.6854,11998.1705,3614.5495,392667.0210,408908.5969,388749.0302,394384.8324,386009.5968,392895.6213,394568.7509,392873.8444,336340334.4401,336302644.0546,336324003.9109,336327708.8028,4857.3699,13236.7013,9987.4308,11238.5888,12250.1725,9662.5246,5509.9308,13614.7542,12569.5722,10314.2346,13856.7905,12045.3099,2900.8806,4991.4408,8014.2848,5910.2249,11885.5003,7859.5908,6217.6339,12012.5634,2707.1032,9829.7148,8148.3669,8896.6986,8749.7346,10234.0144,13080.7748,12662.7094,8283.4941,10522.6833,12171.3022,10154.1165,7069.0898,13067.3087,10685.1079,9406.4115,3708.5460,6535.1940,12773.2396,6485.9739,12848.8498,8168.9142,10436.6154,3452.7892,8152.9103,10349.8675,7488.1311,5049.0348,3404.8124,8930.7165,9428.5989,12258.1813,7952.9711,11702.5006,9691.9628,2852.6938,9346.2557,8811.9947,9082.0233,10339.6393,12887.6167,6366.6205,7234.2683,5632.6805,0.0000,9546.9687,5887.4099,7372.5235,11306.7970,9050.8728,13242.1320,6545.2612,11863.3879,12808.3466,5253.0930,1493.6774,10908.0008,1816.1917,9397.3420,11000.3220,7474.0996,8901.1118,12417.3938,10946.4593,7262.7862,13577.5512,12637.0921,12963.2914,9188.9251,7417.1562,13667.3883,401319.7482,417758.7338,397419.0857,403045.2748,394901.0016,401615.1302,403063.8801,401519.7406,336330932.4152,336293242.9458,336314602.5655,336318307.2513,13464.2363,12532.7984,7638.8994,13019.7667,5870.4804,5735.1904,12529.8326,12702.4731,9914.7609,12900.3168,13480.6709,4749.1386,8984.7825,8290.4107,2977.9260,10217.3562,6508.0963,3685.3270,13299.7950,5050.6206,8894.1692,8263.7047,6578.5782,10532.3929,12685.9797,13095.8743,10045.2773,10574.5709,12087.1422,13606.9239,8984.0188,7300.5126,12589.7621,12478.8256,11862.8174,7970.5209,10342.9851,13713.2655,10117.9214,10240.8720,11470.2091,10400.8353,7802.5545,11384.6793,6413.9481,6934.1056,8092.8827,1749.4391,10525.9524,10165.7662,13645.7663,3468.9371,11491.3461,11146.0418,3250.9103,9812.6522,8835.9471,11866.6739,10475.6335,11237.6375,10181.7541,3202.2467,8084.5434,0.0000,12393.9159,1183.5724,10965.5736,8679.0508,5809.9026,12865.0786,9992.3373,13555.6221,10236.2143,3897.7672,3478.2824,12764.1008,6437.2356,8654.6215,8966.9486,11013.2296,7004.7952,12700.0332,13165.8393,8547.3103,13463.0901,9943.8374,10473.5540,5055.2809,7623.5477,12623.4450,402692.2961,418980.9682,398775.0239,404377.2757,396137.7090,402938.4222,404437.2942,402862.6170,336329938.7573,336292248.9627,336313608.6242,336317313.4471,7791.3731,10515.9507,7184.6011,12226.8764,11562.0821,5833.8269,2570.4484,11228.4726,4227.6988,5866.3859,13690.9899,10950.9008,9260.0237,12580.4531,6800.2584,12993.4551,12271.6377,3086.3418,12550.8386,11865.0986,9236.8935,12547.1875,11028.9984,7766.6663,6320.8835,7806.9523,11029.6402,5396.6550,5004.9161,11559.6503,13035.8188,6915.7484,8583.3777,6899.1938,12235.9736,10211.0117,3374.0961,10993.0009,8196.5155,8614.7455,10767.1148,11723.9732,9380.6411,11410.2215,13068.9486,12656.1846,13454.2230,7747.9591,11324.3972,4931.4341,12824.3750,9470.5409,10420.2635,13005.2365,11484.7652,12063.9266,9243.1386,10708.6919,5628.0412,10105.9912,13342.4516,12724.3249,0.0000,7369.5637,13147.4974,9864.2562,11060.3024,12723.2236,6340.9068,11218.0768,5050.0516,8805.1338,12345.8031,13559.3868,4939.9762,12572.5649,11925.5029,8292.4571,9301.1150,12436.5060,2581.2206,6311.6942,12504.6690,4020.1443,7931.8930,8443.5418,12354.0216,12859.6329,5796.9410,389641.7384,406006.3767,385735.4381,391383.3175,383103.6955,389909.6982,391514.8079,389863.3780,336342956.5610,336305266.5417,336326626.3288,336330331.0998,13365.8270,5158.9968,13082.4914,11611.4758,9374.8514,8880.9868,8699.9472,9463.8101,3365.7285,10010.2491,7061.5590,10943.5309,12937.9262,12125.8686,10649.0438,12914.5621,6092.9146,10665.5030,9698.7045,11088.1904,11419.5016,5452.6484,396.5422,6902.8681,12324.4087,4837.8922,7256.9801,3589.6770,9862.7247,9271.6749,7955.6176,3102.4987,5865.2423,7073.6902,4584.9231,5167.1481,4479.1910,12177.0347,3999.3347,7923.1785,7306.1024,2395.6446,13547.6099,9980.7452,7143.9523,11997.1723,8821.4645,7140.5065,3729.4041,13393.6323,7760.9360,5304.4912,11487.0498,7632.7072,8613.8042,1808.0467,7621.2942,11737.9295,5099.1566,12855.1948,7392.1935,0.0000,2892.0125,12769.9172,3566.3964,11847.3073,12455.7295,7767.5300,4667.2370,3174.9373,12003.5324,12387.0409,10858.6142,5769.1825,8816.0437,9449.5932,12731.0820,4294.6407,10939.0501,8598.0245,1801.6848,7744.0769,7437.7023,12682.5128,11920.9617,13364.0219,9110.0150,9318.7825,393173.7791,409814.4906,389301.5112,395017.3300,386853.0212,393533.3494,395130.1383,393477.3851,336338897.9343,336301208.1714,336322567.9908,336326272.5548,11280.0069,3328.8494,9905.3434,7691.5521,10276.4865,9194.7227,8056.9546,12340.0677,10613.5926,13225.8747,10031.7689,7524.1372,6831.5012,8045.7432,7640.5007,12135.5195,10915.0291,8384.8693,9853.0013,6392.1741,12013.3045,13354.2484,10040.1848,3443.4763,12545.8857,12204.6605,12363.8778,7893.4734,9912.1699,9013.6579,12554.3336,13143.4991,12806.1789,13655.3296,11642.7829,13456.1050,3500.1395,13762.3967,9708.9563,12650.4753,13601.3582,1466.4067,9054.2072,12283.0309,8966.2173,11940.9791,10790.2629,12317.2945,4575.8016,9519.3813,11814.3187,9758.9163,10370.1937,9704.1596,13420.0889,9950.8632,6660.8764,13582.6648,5790.9689,11903.2336,0.0000,13694.9902,6547.4197,13794.0964,4694.6070,5090.8011,9249.4014,13270.9273,12710.6283,3814.1670,8725.6717,10326.0382,12748.5419,12115.9035,8608.2059,6371.8383,13771.6042,6964.0905,10495.3224,13253.3671,11091.7105,9827.2957,3511.6861,4013.2994,3278.3858,9891.0941,7825.3831,398802.7793,414973.9706,394876.1809,400486.8442,392104.1187,399009.8430,400651.6340,398980.8623,336334328.5538,336296638.1699,336317997.9868,336321702.9374,11195.8130,13621.8767,5508.9545,9200.9159,5879.5765,6432.8519,2749.7089,11318.9345,11007.2158,12913.3629,13747.6312,11717.4777,9296.7356,13819.1413,7633.5390,13084.5260,7172.2590,12954.4176,9460.6399,5505.1425,4827.8489,2238.1078,9896.0943,5966.2856,9819.8860,3667.3155,7072.1473,8715.4458,3307.4549,2973.8328,9532.2584,10239.6671,8999.1468,4389.8641,8173.9812,9261.9897,8661.7995,5047.2567,10737.7501,6963.4514,11791.8323,8972.6679,9096.8720,13182.5043,11639.9880,5531.5599,3619.4636,12579.2628,3692.8920,4400.0808,13230.4747,5872.3636,6983.2705,5584.8739,4876.6560,10574.3170,9486.3376,12069.3266,8735.6344,0.0000,7460.0334,12824.0699,8155.2168,8735.1874,10607.8606,3233.6404,7909.8230,4515.3917,8713.3899,13783.6092,12551.4589,8545.5366,11747.8452,7204.6909,12570.1648,8936.3856,8938.2837,9108.2142,5181.8988,7696.7936,4204.4439,10558.6480,8639.1821,11883.4257,8368.1698,5426.4144,393383.4246,409981.0038,389510.4118,395252.3071,386976.6268,393728.5734,395461.0254,393715.5704,336338994.3993,336301304.1227,336322664.1002,336326368.7412,9915.7108,9005.6832,12199.8480,7512.9467,9878.8961,12573.4973,8369.3763,12600.3512,10974.2094,7051.6080,9385.6569,5259.5785,7467.3611,13346.5372,10051.1246,6321.3898,10854.4625,3591.4881,10497.1756,13070.2866,10457.1159,6317.2366,11096.2414,13321.5930,12834.3591,5981.9748,7398.6462,9425.6193,11939.2825,13701.9596,11375.4491,12943.8435,12556.6105,12298.3877,5910.0673,13595.7087,8234.2687,11549.2641,12928.3796,2339.4742,6396.7458,10383.0554,7432.9791,12845.4416,9083.0209,12811.7832,2858.1509,8722.5832,10514.2852,8622.4082,8560.1791,7571.5449,12686.7410,8492.0852,9401.2679,12991.6561,3064.5998,9864.8631,0.0000,13765.4234,4820.6407,13104.5729,3606.4310,1927.7491,9835.5507,11970.1484,13183.1991,5463.2874,8376.5949,8559.8868,13676.5291,10830.0794,6470.7444,8702.9734,13405.3273,4319.1706,12333.7914,13420.0663,8938.5687,10993.1026,6586.5058,5846.8987,1261.1220,7435.8452,9124.2050,401374.5464,417632.7472,397458.6947,403094.7145,394737.5026,401610.2513,403262.5215,401582.3840,336331581.4341,336293891.0735,336315250.9186,336318955.8121,13209.6372,9940.6231,12952.4719,12737.0637,12930.5666,7748.9255,6432.2678,3296.0145,3622.2029,8133.4795,10866.2350,3161.6576,10619.5294,2966.6457,12464.4354,3358.9764,10973.5598,12205.4868,11887.2984,13757.6080,10799.3640,11826.5374,8337.2927,12624.5303,12497.3088,10959.9948,13697.2526,12901.3813,8333.8941,7877.7854,8743.4267,12528.6938,9829.6178,11567.5415,9043.5992,13067.7966,6638.2350,10453.3168,9296.1635,10990.8737,9677.9723,4676.7049,5886.8713,12675.1280,12683.2275,7730.2824,13623.6053,12752.0204,3415.2791,12565.0763,12113.9464,11549.8803,13035.7641,9798.7123,8148.5707,8361.4557,10186.9270,0.0000,10165.6408,6206.3026,9633.0120,12105.9287,10376.3363,13688.5200,10154.4859,12219.4076,12136.3062,2100.2036,5515.9343,9590.8861,5721.1871,12211.0779,6936.9297,8784.5799,11242.7228,9862.2537,11738.7963,11329.3108,13235.2650,10385.3030,12152.1253,9012.3764,11208.3460,13281.1768,398640.0761,414880.8900,394713.4168,400270.4151,392097.1235,398870.6241,400250.9020,398759.2452,336333928.9025,336296239.5079,336317599.0147,336321303.8255,7548.2763,7538.4929,2009.9497,6721.5843,12880.1215,13208.8151,12052.7013,12625.7849,8417.7463,9926.9439,12601.0343,8193.7685,13720.7550,8080.0938,11974.4786,9000.2105,9592.2784,9181.8243,3396.7317,5304.2401,10194.3182,10186.5046,6788.2127,7557.2036,10626.2835,2622.8387,8097.3675,11076.0916,12995.6717,12192.6616,5799.6776,11888.7518,4606.1555,11558.2625,7322.5602,13074.7306,10905.2929,8753.7827,10286.5227,12177.1996,13187.8527,11766.6796,8717.7679,6673.8965,10808.9323,5610.6653,8695.5101,13440.5256,8659.4985,9063.3576,10065.8330,7439.5080,6694.1605,12372.1079,11036.4287,11768.9662,0.0000,10503.8405,11890.3683,11722.1522,6534.2823,9325.2917,2422.7255,11713.4787,7528.7424,4368.9729,13064.6529,13451.9056,9678.6544,13571.4315,8375.3306,9500.8227,11923.6916,8870.0912,7705.7242,8744.0148,10586.6199,2836.8571,6067.4747,4085.6613,9660.9959,10338.4750,136.7693,393051.3860,409430.9649,389152.3719,394842.2040,386472.6121,393325.0505,395068.5051,393321.2624,336339784.0603,336302093.5511,336323453.5115,336327158.3218,12485.7743,5856.3271,7770.5478,13492.8461,10260.2939,7239.0615,11308.8585,5113.6499,13499.8737,10880.9244,3379.8345,11392.6217,12887.4369,7196.7566,13026.2672,12166.0113,8963.3637,8460.6276,7813.0611,12041.5680,4046.6385,6876.9096,12602.3153,13633.3906,8878.5580,10155.7101,6143.3315,12073.6461,10179.0687,5536.8496,11350.4502,8588.6032,8532.0370,12137.2515,11258.3725,9960.0773,11059.9160,13640.4391,12970.0979,12562.8187,5922.8270,12553.4315,6843.6910,12273.4167,11127.9246,11775.5770,11937.1040,12662.5386,13046.0972,10234.1536,12088.7680,4624.6926,9868.8838,13045.5277,13173.7352,0.0000,7697.7978,12429.7197,10108.1197,11784.2837,12922.3058,8392.7177,11685.5290,6653.2921,9476.8382,10929.2404,12883.7577,4525.8634,11923.2388,12902.2473,6553.4443,9186.1478,13034.3051,396.6123,7505.9455,13267.8864,6319.8254,7640.5649,9126.5025,12063.0929,13536.2889,7550.2131,390040.2389,406328.2366,386122.5702,391731.9977,383471.1046,390283.4726,391818.1690,390217.5673,336342609.5379,336304919.6913,336326279.3843,336329984.1915,9168.8117,8091.7075,8212.4133,11605.8022,13564.7474,11723.4788,12748.9373,4154.0634,12092.4047,11811.1763,11873.7906,1499.6269,13573.9034,4521.8270,4519.8489,8515.7482,6284.5910,9682.8837,5593.8867,12934.8533,8911.5457,1690.2958,4165.4408,5703.0467,6212.0792,12479.6757,9441.6092,10283.4466,9482.7156,8681.5104,8716.7140,11116.5998,956.7935,10389.2357,9013.4220,9136.2182,3968.6554,7200.6521,10562.0176,13606.5261,2366.7635,8902.6101,9231.0206,2623.6409,4079.7481,11280.8673,1900.9420,1992.1521,7909.2133,1278.1200,12031.3107,10799.1250,8085.1999,6317.6164,0.0000,10805.3334,9637.3113,9831.0500,5171.9068,6166.5054,6292.7839,8057.5350,9490.8651,7628.1038,12255.6949,10044.5544,12250.6447,10649.0278,1586.0252,12890.1687,10934.9815,3804.0764,12466.5110,9558.8365,4270.1100,8390.2804,10405.2753,7882.0853,8462.0874,3741.2572,7557.7051,399123.2812,415681.6516,395246.7645,400984.5529,392679.4896,399456.6785,401206.4967,399450.5973,336333379.3326,336295688.9179,336317048.9210,336320753.6083,6848.3133,13536.3337,12977.2812,11125.4518,12536.9812,7140.9379,11224.2400,12395.3175,6966.9372,13593.5158,9672.9632,11037.4300,10317.7541,10656.0288,9320.3394,4505.5638,5110.0873,11085.3136,8965.5253,6590.8069,9183.9451,11852.1395,4248.6685,8821.2305,10196.9979,13294.3476,12151.9422,5199.3164,12226.9403,4932.4849,11193.1790,8909.6687,13137.6964,11045.9583,9203.9917,11571.0645,12898.1084,13421.4513,10687.8597,10098.8721,6473.7856,11310.3162,7295.6824,9837.1485,13477.2865,10087.1941,10498.6297,10433.9238,8985.2531,5276.4239,12214.9026,11791.0562,12635.2714,0.0000,10082.7330,12288.2032,11747.5453,7967.4216,10445.2355,3821.8840,12181.7929,7178.3020,5264.3779,12833.0201,13781.5806,8603.1902,13680.2281,9911.2420,8482.3814,11666.4594,10254.6099,6057.8843,8509.4618,11743.0741,2628.5789,5644.7636,4869.6411,10319.9517,11607.0671,2008.7871,391691.4755,408028.1939,387785.6824,393453.7223,385094.6636,391950.8003,393654.7460,391935.8668,336341152.6034,336303462.2031,336324822.1079,336328526.9354,11736.8900,9720.9339,11807.4708,13772.6065,11247.6664,10899.2769,13725.2717,5450.0922,12531.9355,9255.9251,11883.4193,11184.3293,6475.4958,3076.6366,4039.5486,10665.9574,6448.8827,7774.8785,1091.3411,9209.2404,10077.6556,5330.8567,3161.7196,7367.4003,9723.9024,7637.7474,2600.0396,7426.2485,10370.8402,6730.0999,7273.2969,9926.8271,5627.9665,12853.4790,10492.6391,9314.8464,13332.7791,9918.1602,7287.9786,1108.5965,13477.8503,6248.7383,5696.8804,13046.0568,7703.5777,8775.7930,4603.8354,7052.3025,10297.7350,8028.1680,13142.6813,9257.8176,0.0000,5219.3022,13422.0630,6752.9516,10651.4693,12162.5848,4979.8045,7426.6208,1841.6994,10164.8429,13508.0372,12609.3997,6247.7914,11188.1448,9192.5892,12207.8619,7205.2426,10725.6238,7583.4735,2687.6745,8852.3188,4447.8769,11152.3269,10010.6237,13036.5670,9809.9335,6635.3954,391728.8036,408326.0909,387853.3081,393577.7968,385345.6296,392073.5169,393743.2488,392041.0475,336340532.0539,336302842.0065,336324201.9056,336327906.5241,6968.1106,10063.8490,6976.7533,12753.2964,5392.0419,7481.6887,12876.5711,5360.9140,7578.1536,10155.3893,6764.7531,7201.8550,10162.8469,12180.5205,12335.8923,7018.3654,12013.6378,12102.7021,7998.2337,4469.8190,12000.8109,9850.3313,10939.8537,4362.7947,7508.2655,12813.4065,6545.1497,12210.7061,9331.2165,8470.2824,5076.9312,8388.8284,9661.3429,4893.2470,3767.2230,4202.1755,10935.1656,7437.8199,12176.0359,7257.3243,10049.4257,8180.3185,4730.1395,7252.0796,6495.7783,8807.9039,8405.3888,13395.5688,7650.3516,5927.0601,3851.7006,0.0000,10396.2762,5558.6980,8007.7546,9653.1736,7265.8085,12308.8216,6249.0876,12003.1226,11859.0902,6951.2691,2556.8380,12101.0032,4095.5961,7110.7403,11973.1783,8647.8024,6668.6066,13374.4945,11193.1040,5035.6089,13167.6746,12495.5690,12095.3553,8200.7132,4873.2931,12933.7819,402490.5036,418976.6015,398597.9041,404257.3560,396076.8479,402801.0996,404327.4227,402728.4268,336329776.2651,336292086.5560,336313446.2787,336317150.9561,7027.1660,8836.2954,11486.5971,10841.8457,8748.8912,8774.4034,4849.3125,11740.6852,7267.3696,11794.3440,8701.9391,7423.9365,12132.4690,13378.6247,7830.6473,7046.8777,9564.4219,12005.1896,9603.1331,12628.8532,9101.7826,5239.2534,3465.5406,2819.0798,10303.4090,4517.8432,13720.6998,3814.0819,11318.6818,2024.2856,5161.7412,12824.0079,10281.9454,6145.1475,7625.2525,5896.9925,10215.3382,9682.5492,11364.5540,12017.3388,9439.7872,6420.8876,10415.1789,10533.9292,6724.2438,11109.2730,12341.3885,2137.3165,11015.2435,7055.4969,0.0000,5541.9154,9728.7631,3933.1928,13348.1974,12197.5197,12567.7971,5161.2340,8926.3594,13889.8914,7651.0176,6333.6389,7177.6778,3259.2951,11338.4588,11173.2893,3147.0547,11625.9304,9980.6413,7725.3030,8827.4019,12159.3548,13335.5552,13888.1576,12252.0877,9773.4585,13221.9570,396839.8412,413341.9359,392945.7131,398578.3023,390483.3639,397155.4559,398572.6527,397048.2606,336335251.0903,336297561.8126,336318921.3993,336322626.0169,5991.6537,6008.1692,12372.1054,5367.3413,8333.6520,5708.0828,13338.5140,277.4558,12243.8101,12792.5906,11212.9921,12815.6560,9862.6103,12409.8992,5841.2858,11255.5918,13259.8853,12484.2290,12908.5365,12575.9265,6588.5610,9295.6653,8928.0988,10833.0761,10424.1791,10844.4279,8372.1603,13528.1689,7938.0968,10331.3906,9893.7874,12518.7488,11141.1143,7554.2925,3421.2141,13352.1116,11300.1040,9349.6742,13602.9314,13086.9996,6433.5584,13320.8090,13132.7899,11398.6555,13484.1528,7733.1937,8258.9698,10250.5578,11641.5071,0.0000,9092.8751,8446.2536,9644.3642,12568.5660,11694.1258,12743.3756,10859.8294,10786.1620,11674.5390,4928.5236,8247.6025,7433.4542,7696.1538,13159.9624,5280.4215,8445.5082,12465.3608,7163.4305,10567.3595,12585.5813,11729.3536,9357.3106,11561.1535,10196.6918,12632.9026,12111.7469,395435.0582,411649.0932,391504.9840,397055.8313,388869.8908,395656.2128,397040.9810,395546.6451,336337188.8989,336299499.4797,336320858.9867,336324563.8124,8304.2577,8915.7531,736.1037,12396.8700,4575.0831,10875.1978,5915.5543,8674.9704,12139.3654,13132.9798,13603.4476,9448.1262,12064.8960,10753.9002,13662.0630,10848.8229,9684.3471,13183.9128,13408.2200,10930.7517,8986.7970,10652.9335,13492.0289,11046.3903,10044.0983,11291.5043,12092.7839,8287.7943,11934.7924,6550.6862,9368.5755,9839.0915,3025.9255,8830.0651,11986.7484,13696.5132,4458.9228,12800.4258,12638.7066,3224.4648,11703.3968,10924.0635,12642.9911,12154.8592,9752.5695,10279.1757,5340.3842,10021.4109,0.0000,12206.2194,3053.7004,11381.1766,9923.7916,7677.0481,13325.8870,11116.8123,13500.3608,10449.0413,1607.3141,4993.3310,11808.4513,7032.1493,10690.7918,6815.6296,10978.1055,9134.7154,11328.5994,13219.7474,10653.4952,13401.5392,9087.7190,10577.3233,5974.7246,9953.9212,12723.0684,400967.5514,417169.4190,397038.2672,402603.5695,394368.5201,401185.4115,402630.4216,401095.2087,336331774.7164,336294085.0442,336315444.6262,336319149.4942,12464.1181,7828.5799,8072.3476,10337.9636,12563.5603,5789.6349,11509.5696,13640.9385,12223.3709,10589.5770,5144.8455,13708.1403,7468.5977,10670.0695,12186.1979,13351.4474,10318.7633,12792.1603,9313.5914,12880.7865,12283.6502,9473.9672,13202.8021,6458.7848,11370.3081,12783.5419,12013.2842,12592.6118,7552.3161,12998.8281,13650.9208,10510.2260,7327.2165,13438.1810,10633.9881,9057.7063,12120.0062,13425.4562,10217.9847,13307.9468,13171.0268,12935.2236,12857.7539,2128.8364,11894.3453,10428.1314,13737.5526,0.0000,11159.1955,9649.9370,12528.9191,10166.8865,10714.4450,10092.8538,13411.0762,10627.8904,7728.0409,8423.9294,11648.7213,8623.9904,11935.1349,12635.2784,1794.9711,11709.5156,11823.7266,5386.8635,11276.2712,13718.6479,8914.1395,4434.6431,7456.3225,8905.7786,13344.5310,8500.5778,393488.3098,409611.3149,389551.1782,395114.3614,386801.7137,393678.8387,395194.5965,393611.8629,336339516.6013,336301826.6521,336323186.3037,336326891.2370,9457.0311,13312.1269,9569.7425,2865.7388,12369.3948,1941.3470,6411.8583,10608.7801,9583.7815,9886.8266,7089.3051,13522.3141,11506.2141,3200.3280,2369.3892,8901.4992,9027.5678,13028.3441,8398.3672,10449.3017,11965.3491,9008.9760,9203.8928,11737.9810,4905.3500,9262.4967,10114.6108,7334.3085,1221.6453,6370.3505,7389.6222,13295.1060,4949.0595,11522.1874,6202.3504,6512.6025,6749.3535,8498.7018,4381.5618,3055.7676,9630.2136,5065.1457,12365.7497,10790.3524,4569.1645,5547.1335,0.0000,12028.3212,6296.0358,10434.0494,5142.6284,3446.3115,9427.4243,8435.1461,11841.7444,8332.4716,9671.5427,7120.9522,13333.9498,8833.8327,2590.4819,12018.2832,11338.0294,1530.2235,13492.9468,11627.9066,4185.1518,11096.4735,10372.4722,8690.0198,5924.7724,2399.0672,9992.0910,402203.8888,418676.8222,398314.4889,404010.9216,395722.2994,402509.7314,404184.3067,402483.0369,336330331.4188,336292641.1702,336314001.0737,336317705.8096,12063.4202,4594.8479,11302.1485,5278.7043,9182.5335,12423.2103,13118.8079,13638.9881,9352.7625,12318.0813,10321.9356,13556.7979,11255.9596,10187.2557,13256.7090,13516.2336,10595.8024,9179.3494,10637.2327,13327.4807,11175.1716,10038.9413,11142.3454,12423.7166,8369.8669,11956.8979,6773.1080,9896.5404,10181.8778,3588.0002,8327.3513,12335.0694,13590.6471,4964.4565,13040.3418,12893.9344,3500.2302,12074.2862,11353.6744,12713.4883,12478.7593,9377.3607,10217.7072,5958.7100,10405.4318,0.0000,12042.5564,3732.8205,11379.1176,10254.2799,8186.6602,13362.4683,11291.6079,13365.3921,10535.4852,1355.1646,5438.5137,11460.3428,7187.0831,11126.0205,6309.2263,10870.4626,9631.7999,10902.4524,13108.9069,11073.9433,13301.9750,8937.6657,10632.3623,6387.1408,10442.9598,12697.1256,400391.2424,416578.8824,396459.9036,402018.3705,393786.0516,400604.4442,402037.9963,400511.0463,336332366.0439,336294676.4026,336316035.9682,336319740.8420,11289.8829,12502.9005,8401.1097,13282.0238,10416.5096,6194.2657,7669.1073,9998.6042,10099.3915,3073.5302,4425.4903,12357.7394,12872.0888,8544.8223,7939.6175,4117.3949,10554.5947,7982.6053,3665.7074,9193.4096,10433.9515,6041.1266,11252.4419,9891.0906,7406.0873,12739.4293,13151.7977,11475.5626,12895.4112,5874.2592,11299.1129,4441.5743,13462.8882,10349.4220,10048.4259,12148.4030,11565.1983,12219.8952,7683.8760,11106.0654,7630.7089,7794.8398,13794.8039,11770.5928,0.0000,4794.7390,13253.3712,7681.3705,12547.3643,13603.9926,8033.9024,9595.1255,3865.4728,10954.6953,11797.3839,12648.4212,1978.4320,10990.4860,12428.5980,9220.7253,6836.9728,13103.3617,3030.0287,4513.7793,12041.5872,6042.0698,10044.3374,10667.6523,13348.3775,12749.3588,8153.3407,389740.6444,406169.7989,385840.0866,391486.8611,383277.2531,390029.9399,391571.1206,389962.2089,336342628.5592,336304938.8182,336326298.5377,336330003.2396,11400.1338,5846.6346,10178.4558,10545.4737,10950.9591,13640.5896,12106.5701,10061.0054,9277.0530,12425.9212,11591.9300,9181.5460,13646.0860,11825.8658,8526.4022,5429.1348,7160.9943,12734.9127,7886.3574,12584.1390,8171.0370,11973.7178,4363.1641,9044.7541,10121.8869,9430.4062,7324.6973,3430.3597,7147.2021,11217.8068,12506.2414,7968.2866,12904.9937,11319.7105,1866.9861,11138.9644,10664.1398,10182.7109,11897.5544,11678.7982,6693.8222,7899.2110,7938.5731,0.0000,9567.9112,5952.9423,8129.1531,12033.8889,9953.3458,13720.7598,8150.6155,12019.4434,12843.3749,3330.3079,3127.0251,10088.3012,3016.6730,11042.4824,9311.2113,7646.1685,10315.6177,11253.9708,11234.7375,9417.5554,13628.7727,11891.7804,12930.1481,9329.1711,9486.6493,13780.8600,400082.4774,416431.6812,396169.4440,401759.0035,393615.1403,400348.5664,401746.9222,400239.9679,336332284.6503,336294595.2838,336315954.8284,336319659.5646,13332.2529,3104.0313,5430.1870,9557.2983,7366.6946,9380.5067,6417.3454,13361.8015,9995.1053,690.0882,3571.7509,6625.3878,7457.8444,12973.2043,9488.0772,10744.4985,10452.6657,9193.3381,8430.1708,11704.0554,2426.8622,10401.4324,9772.3812,8154.0422,2993.5731,7265.2387,9707.5097,13749.9676,3357.4672,9987.8628,8062.5098,3895.4464,5249.7883,10596.4120,2753.5745,1960.2213,8857.5193,2709.2917,11993.1089,11196.5319,6817.9281,6356.5119,0.0000,11567.2466,8556.3922,10436.9305,4342.5342,4818.0008,7224.7619,8575.6144,10522.1493,7326.6548,11551.0155,9360.5573,12867.4803,10412.0375,546.7191,12519.0211,11462.6059,2366.4960,12890.4519,10557.2974,4367.1099,9252.4633,10061.1656,7646.8010,7292.6855,3217.0869,8123.0286,400283.5911,416801.4302,396401.7823,402126.2512,393813.0119,400603.8708,402341.4167,400595.1995,336332277.5165,336294587.0994,336315947.0837,336319651.8010,12198.4439,12892.7370,11351.3681,12810.1337,9682.6729,12531.7900,5958.4542,11330.7852,13240.9540,12533.4747,12878.8328,12675.0361,6778.3737,9481.6811,9142.4239,10872.7355,10608.5710,10683.5676,8583.5756,13549.6487,8143.3427,10511.0263,9727.1717,12542.6961,11280.8455,7578.7889,3612.4289,13409.4583,11371.9988,9235.0667,13606.3104,13172.1139,6499.3909,13368.1503,13167.0024,11550.9147,13512.8400,7548.2895,8483.5080,10180.4682,11762.0638,0.0000,9272.1867,8384.5365,9845.7796,12472.6854,11615.2456,12715.1124,11031.8438,10879.0092,11533.5185,4906.5391,8336.5729,7558.5397,7877.9081,13163.3752,5027.5550,8663.9991,12433.7905,7136.0631,10695.8600,12667.9029,11702.0489,9160.9603,11418.1363,10066.9001,12679.9695,12035.7212,395447.1715,411651.7142,391516.0436,397065.2131,388873.6973,395665.2190,397052.6133,395556.7158,336337200.6198,336299511.1827,336320870.6916,336324575.5254,7673.8028,11361.6861,9286.2153,8416.9149,8419.9412,13588.3704,11714.2434,3011.9254,4226.1411,8380.5022,9764.7832,13431.6493,9755.4079,11535.8223,11896.2852,10323.7672,7664.6941,12550.3154,5366.6207,10404.4135,11166.0421,5750.8141,3115.8713,8003.5845,7783.3059,13416.7985,6010.5126,11708.3049,5237.3529,6488.1408,7765.8179,8965.5168,5420.0576,4250.6883,10654.2046,5619.2668,11298.9517,11802.4479,3945.0708,7246.4519,0.0000,12699.4141,6025.3302,11520.4716,3420.3952,1802.3382,8918.6636,9814.4298,12122.7135,6751.4986,9655.6608,8013.6051,13516.1811,9927.4754,3161.2398,11080.7603,12253.6270,783.3622,13075.7207,12147.8426,5863.1029,10595.2905,8927.2653,7149.3558,4496.9166,4183.6222,9083.8833,401798.8506,418206.7244,397902.1697,403586.5588,395261.1503,402083.3509,403774.2708,402063.4024,336330901.3019,336293210.9380,336314570.8520,336318275.6431,5331.8934,7217.6500,12146.0199,1145.4522,11280.6058,7331.2608,5873.4386,4618.0524,7524.4209,3531.5370,10078.1812,6397.2897,6723.3442,8600.7424,4751.2800,11552.9528,7865.6102,3897.5087,7570.2136,5195.7748,11844.3598,5467.2770,4268.7858,10429.0418,11991.8914,2238.4542,7395.0667,11224.7025,5098.6282,1242.8455,10613.9726,2783.0643,3792.6893,4050.1842,3553.8948,13241.1658,7432.7314,10028.1811,3718.8880,0.0000,7742.2601,10728.5314,6086.5023,9064.7834,9197.1988,7812.5385,4057.9663,7567.7201,10839.2110,12093.7871,9140.1822,10299.0270,8400.6616,5050.1955,13811.1250,7556.9631,6997.6107,12005.2756,6925.6077,2842.5646,9078.5818,12696.3250,10972.1705,11064.6907,4360.4867,9573.4250,397955.3800,414620.6973,394089.2136,399832.7730,391624.1253,398323.8315,399996.6114,398291.0468,336334205.3300,336296515.2938,336317875.2156,336321579.7928,6619.6398,12278.7322,4777.4123,7500.4626,3390.5840,9713.8585,9246.6865,7694.3930,2781.1745,6187.1990,7334.9172,4943.5430,5022.9686,4715.8469,12092.9913,4392.8815,7717.1216,7616.3436,2702.3507,13559.4707,9943.9209,7268.9586,12196.4164,9123.8162,6974.6897,3526.4841,13465.7032,7500.8935,5105.3523,11727.9331,7476.6388,8497.5916,1866.5477,7413.5955,11769.9677,5472.7180,12912.9495,7465.6678,0.0000,3243.1701,12897.2281,3916.3793,11729.3284,12428.0088,7508.1330,4847.8192,3064.0507,11888.3853,12621.4820,11072.4956,5987.8369,9103.6249,9321.2070,12857.8142,4686.6259,10867.0649,8689.7420,1827.3561,7709.1343,7232.5255,12662.3165,11805.9281,13387.4788,9067.1960,9122.1572,393111.1044,409757.3317,389239.8925,394960.3282,386789.9787,393472.4460,395081.1358,393419.9927,336338968.9363,336301279.1373,336322638.9717,336326343.5351,8254.8414,7790.0454,9993.2788,4530.5804,7061.1664,9549.2430,1408.9491,5122.7930,10223.8243,11592.7802,10478.4214,4345.5883,9868.2003,7555.8002,9955.7012,5676.3190,11930.0888,8696.8663,10779.4946,9543.2472,10534.0959,13475.8159,11852.8924,6728.8851,4426.6413,12102.2725,3823.8504,6140.4319,13616.2621,6889.6889,7747.4638,7517.9744,5647.7600,9165.1980,10845.0069,11853.1737,10125.4808,0.0000,8728.8710,12710.0127,9763.1655,7775.6070,10178.9064,1068.1458,9635.4413,5445.5138,7047.6605,13805.5711,13193.9937,8949.4489,12756.6179,7541.3943,11583.9910,10299.2280,8888.0916,8461.1843,6525.1071,8936.1040,2575.0188,8974.3959,6910.5351,11182.8670,9203.0573,3299.8410,392926.4602,409447.5256,389044.7391,394772.4550,386453.2382,393246.3779,394997.9377,393241.2737,336339633.0395,336301942.6304,336323302.6197,336327007.3245,12637.8010,10614.3102,10508.0225,8819.6316,11336.5489,7367.7054,11691.4134,11948.8758,13497.3766,13468.2184,9411.9731,13526.1201,1406.8273,13031.2670,9913.0638,13217.0921,13095.0389,4819.1069,10677.6251,13164.9087,11010.3924,11045.6301,11148.4069,10433.7890,7580.1965,9052.0313,11683.1038,11410.2123,10872.5687,10623.7677,12817.2326,10109.9435,4013.0333,13384.2672,8647.3238,12857.2034,0.0000,12566.8886,9126.8016,13441.1383,5947.8507,7668.0784,7386.7963,13434.0077,10905.8430,2802.8963,10240.9399,12091.1054,11030.9650,13094.8689,9644.6696,5646.0288,13262.3758,8748.7920,8096.1493,11788.1328,12028.1614,7347.6525,930.2532,2532.7628,6463.5396,11221.5189,5433.7480,395397.0223,411579.1264,391471.9412,397089.3758,388700.1065,395606.9438,397265.9366,395582.6622,336337727.5876,336300037.1780,336321397.0130,336325101.9521,10787.9938,7223.9022,6860.8693,5156.5902,8227.5208,3548.5751,9398.0077,5575.3494,5726.9793,8594.4545,3681.9761,12151.9950,6982.5245,4989.8504,6756.2378,4232.3859,12345.3949,6104.0873,3713.5270,10281.4097,11436.3666,3351.6943,7307.6547,11572.3600,6080.1406,2130.5128,10310.3125,3857.7597,4729.0835,3237.4555,4650.7241,13426.9586,6474.1818,10415.2311,3420.4540,0.0000,6987.0950,10876.3936,5073.9920,9911.9805,9854.5606,8444.6218,2988.3238,7316.8634,11540.8106,11870.8290,8848.1495,9790.3032,7737.1351,6010.0588,13857.2822,6620.5733,7786.0532,11849.0036,6455.0550,3285.0547,9447.0504,13129.0684,11651.1890,11559.1132,4980.2977,10173.0372,397701.1259,414376.2098,393835.2043,399573.3378,391388.7125,398072.8275,399716.8176,398030.8915,336334394.4899,336296704.5659,336318064.4536,336321769.0134,6903.0101,13279.2289,13069.5379,10670.8187,9545.6144,2367.4692,9579.3914,7217.4303,6476.5741,8961.1663,11307.6618,5332.4273,12504.2861,8514.1857,7627.2488,12563.3038,13372.4970,11169.0138,11405.0452,2910.1168,12308.6008,6955.9083,12781.8455,12012.2543,11232.2479,10379.2331,12519.8813,12940.5629,8497.9215,12361.0514,7867.2214,6724.4618,13249.0636,11663.5117,0.0000,4995.1680,12198.8496,7358.7144,13344.1687,13682.4951,10267.5323,9510.8680,6200.7362,11982.7545,9864.6743,11243.9568,1854.2015,9429.1151,13210.2782,8178.6562,6005.6059,13512.4758,3687.9669,6157.7203,12395.5475,8553.0108,10437.7355,11741.0789,13046.9095,13051.8069,10179.6536,390965.4347,407338.5105,387055.7497,392665.1276,384493.3784,391237.0858,392692.2217,391144.4870,336341401.5694,336303712.0698,336325071.6801,336328776.3988,9917.8256,10759.9194,5798.5858,4124.2686,6665.3554,9950.4229,7642.1942,1766.7061,7755.5831,10345.5749,6436.4372,8138.4147,9978.1357,5835.0163,12925.4630,11150.0366,9830.5125,13407.7795,9213.0809,8179.0977,147.9306,13616.1899,7081.8799,6634.1723,13023.2693,8567.8748,9567.8758,5094.1259,7934.1279,9746.0756,7930.8948,13418.7266,9855.1185,0.0000,4816.3011,13545.1867,6828.2847,11078.6776,12566.3872,5360.9717,7857.6945,973.2650,10288.6352,13330.2034,12766.2382,5342.4082,11251.3875,9935.4718,11707.0755,7018.5343,11308.9378,6671.3702,2364.8595,9596.0183,4300.0364,10925.5851,10094.4789,13218.0702,10517.6798,6703.9185,391030.7350,407600.9313,387151.0784,392862.8945,384634.5742,391366.3894,393015.0585,391328.0941,336341241.9990,336303552.0047,336324911.8737,336328616.5051,4169.4198,6219.9631,7623.1104,13011.5808,9900.9613,11045.4687,10266.0365,9588.0561,7825.9546,11893.1658,2593.8079,10738.2188,10056.3703,7745.0866,3518.1473,7786.8147,9868.4109,13716.7243,3812.9761,9901.1974,7901.3702,3704.1987,5591.7848,10762.5982,3244.1294,2594.7302,9135.0231,2918.6207,11546.1408,11470.6774,6782.7933,6910.5704,0.0000,11693.1497,8563.4074,10735.0202,3726.0210,4607.5983,6831.8562,9000.1255,10477.7284,6687.8179,11572.3750,9650.8736,12811.6428,10743.5105,1200.0676,12181.0667,11694.4461,2365.5265,12624.2418,10613.6813,4974.2050,8887.4830,9524.7347,7013.2386,7006.0223,3834.3229,7605.3308,399975.7577,416473.2234,396091.6821,401812.6558,393487.1531,400289.3120,402033.1136,400283.0876,336332637.8729,336294947.4171,336316307.4058,336320012.1403,9184.9586,7739.4931,12186.8162,6754.8627,8875.9424,11543.3786,7143.8262,10720.3989,10413.8341,4562.5975,7901.0854,8468.9963,9268.2339,1165.6434,4315.8034,7662.2938,12922.3799,3703.2912,10801.2409,7920.2870,6477.9610,5277.6978,8478.7091,3315.0053,2252.8144,7982.4530,4551.5826,13294.7058,9333.2325,6285.8187,3375.6646,0.0000,10797.9706,7437.3388,8796.6879,7043.8248,5711.8769,9657.3725,6487.9709,11004.8541,9908.1256,10089.2170,6726.1549,12683.0528,7729.7872,3043.5454,12995.6414,9925.2203,3665.1968,13558.7136,10521.5510,1964.0387,11225.3510,11813.9440,10202.9047,7922.8616,449.0330,10666.2045,401775.0298,418329.9740,397895.0042,403607.2984,395363.4988,402107.7470,403764.9985,402073.4788,336330567.2857,336292877.1776,336314237.0706,336317941.7359,6028.5312,11015.9420,11922.3588,11168.3743,5478.4391,10469.6876,6507.2076,10801.6431,5271.7633,12284.9998,9535.4680,9785.7232,9014.6386,10716.4294,13143.1359,12313.4508,6633.7928,5699.5854,11287.0918,3336.9425,6484.7448,13431.7559,6667.4099,7338.8334,8396.1434,5335.0975,8850.3872,11514.9391,11065.5573,10218.8075,0.0000,9718.0654,12102.1170,10537.5521,6553.3974,9199.4569,681.4897,10182.4759,6668.1011,5845.5449,13545.6799,13020.3127,9815.2167,12937.4030,6881.6188,11228.5489,11083.6309,8031.4679,8929.8404,7686.2505,8850.3877,3156.2366,8160.2858,5744.6838,10228.0136,8834.9044,2556.7528,393814.2090,410300.4224,389928.9087,395651.7042,387309.0803,394122.9218,395888.1571,394123.0488,336338845.5758,336301155.0811,336322515.0837,336326219.8211,8553.1361,8043.1038,6723.8983,5617.2568,5597.4047,11197.8418,6805.4365,5319.0311,8726.9654,4470.2449,12765.6653,8359.9354,6946.1696,12313.9005,11054.6026,4725.4494,4187.1578,12827.8421,5092.6766,2797.0915,12207.2368,5266.9389,6482.5266,2856.8412,4998.7506,12077.8691,7364.5856,12059.6305,6747.1750,0.0000,5891.2668,12553.9474,5762.2094,10056.5014,11070.6849,6035.0908,5310.9846,4465.5459,10686.8862,13209.3089,11247.9501,8175.4889,9944.1578,7272.7933,13395.8855,6902.9547,9167.2329,9966.9066,4109.1065,6215.0981,6676.5241,12245.5460,10672.2546,12491.7042,7455.6809,8036.2283,394434.8697,411098.8551,390568.4213,396313.2945,388099.4083,394802.1848,396483.3892,394771.7106,336337734.6167,336300044.5724,336321404.4988,336325109.0741,7864.0715,5125.7331,6859.0837,7073.3732,12468.8304,3114.2940,11987.4029,6840.1623,5760.4970,13312.2746,12677.4121,9649.2708,10960.9327,3485.0523,11450.7745,6762.0149,13069.2961,11777.9006,10203.3974,9852.7469,11731.8116,12217.7234,6915.4155,11788.9573,9742.8446,4617.2338,13223.3094,10266.5463,0.0000,3177.9289,12169.8673,5300.5948,13700.3782,13750.9061,10681.0833,7715.4262,5818.1190,12931.8195,9901.7387,10370.8828,2189.6525,8037.0627,12738.0222,9781.0980,3802.8751,13263.2112,5775.4713,5163.2343,11274.4454,9308.3513,11871.4383,12753.7093,13470.9707,12190.1494,11060.5845,391920.8110,408377.4963,388021.2604,393649.8516,385516.4855,392220.1966,393667.8877,392123.1507,336340278.5757,336302589.1727,336323948.7862,336327653.4405,3459.0359,10965.2807,2953.6298,13518.5310,5602.7815,9241.0346,1616.3367,4908.4894,12219.8664,7611.1367,2864.4198,6836.2825,8810.2659,7839.8102,10062.7126,10428.1981,10431.2660,7422.1870,6249.6273,8003.3360,7990.7461,5929.0410,9024.3346,13477.7381,3660.1173,9521.5724,3858.5433,0.0000,6962.6505,8773.7217,4126.0537,11929.2403,10488.8488,12037.2023,3112.8961,9569.4920,13343.7157,8245.8648,4952.7469,9366.6238,2513.9245,9006.1575,12478.3065,4773.9551,9471.0352,11840.5807,8350.9397,5910.9057,12327.0041,13634.5800,13447.3855,11235.9896,6965.9789,13012.2990,399247.2481,415816.6328,395363.5011,401031.9792,392915.3763,399585.0058,401069.9223,399497.0659,336332806.3421,336295116.8749,336316476.5554,336320181.1476,8749.8758,2303.6585,13585.5534,2296.9053,9807.2890,3209.0887,2437.2553,13414.3316,9710.3513,5238.7478,9268.3598,7200.5684,8572.5986,7775.1726,12297.6467,10411.6804,7379.1491,8396.4039,8912.6033,9359.1231,4084.0158,9536.5551,12678.7309,848.0610,11716.5500,6058.2894,0.0000,3741.5357,10954.0997,1135.4615,12931.1187,12304.1411,11097.6584,3085.2011,7030.3258,13565.7387,9727.4685,7788.2263,6616.7365,4940.1468,10342.7787,12304.2194,1443.6813,11196.9787,9873.3438,5609.0153,7612.5672,10823.2517,13601.3535,13555.4142,12866.4009,8938.8919,12180.7872,395839.9216,412433.3048,391958.7573,397631.9931,389527.9496,396185.0019,397667.5742,396095.3884,336336164.0411,336298474.6213,336319834.2991,336323538.8662,9069.1050,9354.0406,7364.0507,8806.2452,10826.4945,7236.2682,12363.1359,11780.7550,10957.2820,13625.5954,8938.5647,9145.4192,1659.4392,13398.5792,7510.4630,7862.6142,13253.3182,9445.7407,10322.1249,6663.8585,8665.1553,8367.6481,8909.2865,13435.1782,10959.9093,0.0000,5791.0202,13532.4937,8080.2268,10824.8843,12544.3560,4915.6242,9195.5686,2187.5996,9467.8294,13229.9874,13252.3767,5143.5080,11959.4136,10462.0100,10690.2744,8009.6173,11581.1442,5387.8249,3757.0002,10617.1020,3128.7983,9790.6610,9207.8272,12904.5878,11305.5175,5715.5392,390319.3097,406824.5072,386431.5935,392127.0976,383872.4159,390633.4049,392282.7762,390597.0040,336342074.3279,336304384.2772,336325744.1372,336329448.8171,13413.7743,4226.1337,8199.2624,3779.6165,2255.3306,13148.1372,8107.7329,3422.9700,9250.3376,9106.4398,6726.8328,7880.3569,11952.7009,9093.9547,5600.9084,8734.1413,7099.1872,7592.6153,3137.0619,7904.0109,13396.7451,3085.5444,11054.2452,4135.7369,0.0000,5069.0037,10702.7724,2027.6011,11994.3527,11355.8431,10518.4728,801.7064,7380.4535,13154.0587,10382.8352,7573.3349,8190.7893,5258.6715,8750.8459,13198.8385,3555.4716,9876.8624,11082.5756,6019.2014,5643.1122,10754.2168,13791.2275,13205.9122,12395.7382,7177.8612,11875.4758,397132.5589,413774.7592,393259.1426,398959.4243,390837.2486,397493.7156,399029.5325,397419.3019,336334858.2781,336297168.7088,336318528.4595,336322233.0084,13269.0357,8981.8840,13405.1901,13018.5631,4858.5706,10014.7897,12891.5380,11295.6206,11881.1641,10362.7519,10265.3750,7657.2027,8063.9429,11019.2943,11821.4599,10060.9580,9818.8191,12572.1572,9207.4454,5218.9969,13588.5287,8477.0757,12483.5941,0.0000,12742.7081,9306.3442,13474.9946,4859.7508,7071.5183,6620.4380,13244.2709,10846.2574,1424.1149,10903.6186,12250.8174,11526.8966,13319.9738,8748.2326,6943.0186,13471.9844,7950.6219,8847.5245,11748.6978,11437.7428,7007.8059,2315.8773,1142.3625,6327.1138,10565.9393,4742.1991,395820.4452,412040.3370,391901.1898,397538.2438,389138.2907,396042.7404,397738.5221,396028.8129,336337289.5436,336299599.0360,336320958.9214,336324663.8444,10559.5979,5001.8849,2962.0588,13738.8454,11130.5366,7258.6686,10475.5276,5931.0397,9614.1388,6570.3128,13064.5181,10729.1081,8208.3872,9494.3455,9977.9394,10555.9067,4463.1418,10298.8220,11668.5781,2100.4194,12762.1403,7954.8595,0.0000,1817.9246,11941.4027,2281.8388,13395.8154,13208.0208,10593.6101,4935.1237,5642.1165,13414.8505,10314.2146,9331.0010,4524.8839,6602.3565,11378.5015,11654.7659,897.9671,12243.9282,8187.6215,4294.1007,9181.9305,9827.3654,13119.2743,13324.3728,13505.9301,10420.7661,11534.6381,393657.1594,410222.2717,389772.0566,395436.3450,387325.2372,393992.4813,395469.7828,393901.8023,336338385.4902,336300696.0737,336322055.7392,336325760.3229,10192.2825,8369.6310,9725.7940,4574.8854,7049.2248,10925.8892,13331.2838,1877.1804,8132.0003,9863.9385,2062.3251,3276.8935,11525.0392,1648.3758,2363.6449,7165.1655,370.4392,12014.8229,10356.7760,8772.7455,6215.9575,0.0000,10153.5358,10175.4520,9271.4239,5849.1700,6970.3855,5823.1391,7584.9172,8730.5399,7950.5415,12518.9242,10299.4918,11706.8210,10607.8379,2426.5005,13023.2568,10413.1330,4659.2037,12097.9841,8791.5600,4247.6288,7879.7663,10637.0519,8156.9825,9138.7949,4131.2999,7325.8159,398366.1213,414947.7295,394492.3289,400235.5221,391940.7747,398707.0160,400455.7038,398699.8955,336334087.4476,336296397.0637,336317757.0673,336321461.7348,5217.7416,12097.3882,8627.7770,4372.5197,6488.1001,7434.8145,8963.7916,10090.7911,10350.6166,11186.4566,8471.9775,5563.2356,9111.2453,9085.1061,6514.2395,9992.9800,12792.0203,3015.1996,9718.1632,5304.9651,0.0000,6557.9587,8622.1308,4181.9542,12352.2784,10914.0590,12332.9828,4187.6483,9494.1759,13401.4293,7324.4684,4841.6062,8536.1984,1749.0984,9956.3932,11567.9398,4208.2103,10210.1735,11016.2472,8307.2414,7218.3616,12329.6745,13252.3584,13466.8443,11265.2525,8115.6943,13095.5890,398539.5150,415061.4947,394648.8294,400295.4061,392185.3848,398861.7410,400310.6086,398763.9130,336333553.7584,336295864.3789,336317224.0082,336320928.6240,13531.8690,9323.0911,5419.7851,10609.7101,8430.2253,7182.2950,5971.7559,12820.9199,8760.7710,5596.7268,9999.7540,7634.5815,8390.4625,1711.7289,8060.2692,12575.9022,3145.2364,12142.6980,5930.5393,0.0000,3119.4909,11822.5481,1343.2564,12238.0735,12175.3821,9454.6824,2681.3646,5349.0070,12847.4310,11243.6012,9199.6561,6514.6771,6830.6827,9414.6249,12881.8966,2739.1316,10709.9038,9664.0733,3872.1918,6912.9462,9327.9728,13375.0586,12824.3234,13077.3531,8410.5975,10872.2531,394923.8143,411566.6370,391050.6221,396754.4659,388623.4360,395284.6653,396834.4341,395214.3283,336337080.9468,336299391.3407,336320751.1058,336324455.6554,8379.3132,11689.2819,7860.3921,12019.0004,10636.9724,12893.3289,3177.0197,9845.6019,11788.1687,8799.9915,10182.4740,9365.0455,13432.6515,9962.7534,7698.1942,13336.7948,4487.3093,11315.6338,0.0000,13852.3761,5276.5181,13634.6580,4850.6164,4220.6416,10068.4669,12943.5075,13221.5911,4978.8658,7885.3529,9314.6560,13153.0403,11394.2512,8317.7903,6795.8430,13655.2590,6408.8660,11244.5203,13600.7293,10606.4764,10762.6732,4828.1292,5239.6809,1917.8613,9304.5411,8883.5096,400069.0338,416248.1209,396142.7852,401750.5742,393383.4045,400278.8767,401901.7998,400243.9844,336333012.3466,336295322.0274,336316681.8239,336320386.7656,5357.1336,7556.0614,13194.2283,4188.2124,11178.2422,7126.6770,6396.4974,5947.3376,8533.5073,3676.4479,2372.5044,8818.9324,4656.5722,12911.2279,10115.0023,5466.6024,4468.3802,0.0000,11461.5327,6909.4699,9656.8962,6102.1396,4636.2350,9522.9962,7486.5508,11449.1316,9157.2003,9950.3748,6934.8724,13074.2921,8321.5465,2543.9143,12602.1294,10685.0483,2579.9347,13599.1141,11103.4124,3038.1134,11174.1914,11167.1566,9484.8625,6996.0029,1220.3713,10338.1974,402063.3924,418581.5283,398179.2861,403885.5665,395618.8187,402384.0440,404053.0578,402354.4112,336330371.4213,336292681.2353,336314041.1380,336317745.8365,7479.1257,10844.0864,5461.7648,9924.9205,10019.2542,8574.4694,5444.6458,7499.6446,5595.1545,5541.8578,5609.5407,6831.2835,13913.7567,5756.7296,8726.6101,1039.0612,0.0000,8110.6178,8714.4169,5329.7473,10425.1482,9114.8114,10967.1462,2869.1369,9709.3104,12423.4049,9539.5243,5678.8893,10700.6414,4777.1825,6741.9664,13329.9127,6559.0004,7564.5987,12780.2433,8664.5583,3216.1699,11815.4223,13476.5423,12594.4612,10529.6246,4486.7618,12191.9671,400251.0516,416864.7760,396375.1966,402076.6111,393921.9212,400603.1887,402167.2554,400538.5156,336331832.5848,336294142.8721,336315502.6567,336319207.2424,9623.5491,10435.2428,13463.3673,5114.7401,12051.9846,11157.5523,1613.2784,10170.8857,9328.8580,11311.3874,10943.0653,11676.1692,9035.7039,4834.6330,7688.8245,0.0000,11593.6110,2855.1550,10015.7725,9960.3804,7273.9892,13364.4560,9223.7982,13237.8050,11362.3561,3161.5127,2142.5932,12115.9538,4979.9608,9399.2186,9280.1135,9958.0119,8085.9691,12511.8183,12677.3812,8591.8335,13775.2844,10870.6506,11556.5670,6655.6835,8011.2908,13270.2945,402286.9864,418601.9985,398371.7020,403970.0385,395767.9405,402541.8367,404002.2904,402453.4627,336330232.4450,336292542.8143,336313902.4318,336317607.2203,12988.1537,9277.5741,11701.2062,13209.1374,12202.2605,8385.6840,13116.8063,13273.6094,9615.0925,13209.3042,8445.0654,6494.4737,12271.9140,11453.6018,0.0000,6457.1851,10779.5919,7761.8326,13638.0925,13280.7771,12025.1716,9691.9011,8541.3888,12615.3994,7692.3249,9628.4647,4512.8478,7945.6766,13543.9303,7401.7660,6263.1865,13449.5689,5677.6572,8197.9709,12501.9165,10647.2766,10712.3453,12439.1969,12324.5275,13003.0573,11788.4603,392993.6062,409310.3724,389075.7518,394654.4537,386503.4838,393247.7204,394641.2192,393137.8534,336339418.3951,336301729.0498,336323088.5799,336326793.3250,8206.1131,10262.6666,3624.2923,2067.8852,10924.8422,630.9731,1957.3495,6029.0169,1593.5261,12886.7687,9195.1600,9001.0210,4617.9866,0.0000,9404.7271,10155.6609,8036.6344,7272.5358,7672.1015,7085.5797,6039.8622,8614.9700,9451.1758,12236.5793,9469.1527,11459.3323,9471.2141,3041.1660,13577.2315,9352.3914,5270.7006,12459.8108,8331.9235,2707.0706,8840.4601,11789.3619,9647.7039,9838.0682,3299.0966,8714.5938,398812.0123,415438.0371,394942.5579,400688.2238,392433.3737,399167.6026,400883.9102,399149.3555,336333498.0519,336295807.8200,336317167.7910,336320872.4143,13617.8178,7041.9935,6680.3680,13089.1973,8589.5091,9588.1268,5218.7843,7932.5238,9683.8099,8061.2013,13430.0052,9938.6165,0.0000,4952.4725,13571.4864,6965.5000,11030.5560,12554.9436,5252.4608,7975.7468,1092.1337,10208.4633,13377.9770,12839.7196,5408.4593,11352.4872,9936.3017,11685.5038,7153.0153,11305.4917,6644.7323,2511.4284,9652.9698,4167.5957,10856.6024,10010.7867,13202.3947,10555.6597,6588.2530,390982.8636,407550.4211,387102.9779,392814.9499,384583.4709,391317.6326,392969.3512,391280.3429,336341299.6624,336303609.6554,336324969.5277,336328674.1620,10581.4947,11502.5092,6350.9170,9800.1478,8771.4742,12951.5747,10046.9142,9709.6086,12200.9462,1923.0844,9734.5771,0.0000,13571.9767,2293.0223,12700.4896,6280.3288,3724.0726,11609.1357,11741.6233,13769.6082,7621.1076,5926.9306,6700.0207,13426.3898,9309.8903,8036.2416,7918.5401,12786.1221,5916.9435,12372.1926,13776.0355,9431.5472,12382.5973,7531.1504,7908.2032,1746.5436,8103.0454,10923.9990,402101.1580,418324.1793,398178.3567,403783.2439,395468.8948,402325.6260,403895.5021,402273.3943,336330788.7026,336293098.5980,336314458.3374,336318163.2333,4109.1181,12545.6119,3598.7054,4362.9186,7453.7389,2146.1753,11055.3041,10916.3779,9806.6301,7864.6920,0.0000,10003.8663,11144.2749,9781.0080,5841.1666,7831.1432,3914.1532,8589.8871,7828.5616,7057.0784,13218.5330,11607.4131,11125.6004,11737.5521,4092.0656,12623.6408,10755.3580,5908.4322,11117.1659,8248.7800,6106.7221,6161.9796,9841.9513,7176.9793,9656.3613,6068.3523,5593.5315,396588.4393,413149.4320,392712.7667,398456.3853,390139.0060,396922.2594,398692.8872,396922.2922,336335943.4539,336298252.9872,336319613.0116,336323317.6986,11362.1710,2675.0459,3938.8973,4210.1157,2909.6525,12838.7660,8067.9340,10406.1656,4888.2455,0.0000,7812.8702,11228.1075,6644.7642,8699.7940,9298.3698,6773.5975,4989.2076,7006.4236,10266.0182,12653.4364,10027.0775,10157.8056,9341.2786,4973.8459,13736.4055,8027.9246,7077.1442,11631.8053,6589.8114,3739.6345,8149.1965,12289.1162,10376.0478,11167.8101,4951.3499,8666.2455,397148.3562,413810.4734,393282.6087,399032.3815,390804.4965,397515.5669,399214.7088,397490.9150,336335062.0742,336297371.9473,336318731.8996,336322436.4865,10743.3103,10066.3795,10911.0303,11501.1698,11521.9459,8047.2352,6267.5542,7906.4051,0.0000,10736.7746,4214.5029,9253.4432,10949.8021,8552.4711,13580.1907,8844.2308,12742.5540,12012.0848,2514.5209,2274.4114,11182.3092,4051.0525,10267.8578,9028.1728,8981.5539,9202.6274,11851.7931,12094.7323,9095.3116,13731.3720,11209.6047,12151.4495,7833.3477,8810.0311,13514.5944,401283.0331,417602.2734,397367.2240,402957.1215,394781.1060,401539.3116,402965.6760,401440.2437,336331181.1936,336293491.6938,336314851.2694,336318556.0409,1368.4588,6548.6893,1470.0826,12770.7684,9504.2346,8508.9451,4703.6773,0.0000,9809.9494,9761.9346,8435.0673,6769.8858,7107.0728,7155.3684,6414.6376,9016.1640,9114.6208,12027.8899,9288.6758,11744.9833,9507.4914,2420.8602,13396.9407,9704.9459,4670.7364,12585.0356,8778.1431,2658.8741,8979.3930,11517.9207,9335.6215,9342.3172,2888.1052,8665.2623,399223.9785,415832.1578,395352.4431,401094.3623,392830.4939,399573.7561,401292.5144,399556.7791,336333124.3833,336295434.1234,336316794.0955,336320498.7343,7503.2304,2387.3403,12758.0782,9887.4986,7360.3290,4583.8037,0.0000,10556.1737,8756.8727,9031.8673,6120.1965,5981.0622,7862.6977,6912.6590,9982.9964,8852.5872,11372.4472,8563.4942,12341.8083,9226.9353,1464.0204,13095.5560,10222.7567,3492.6958,12989.8544,9738.0544,2470.0273,9698.5139,11238.1733,9126.5003,8350.2177,1809.2314,9089.0068,400333.6457,416907.5142,396457.6464,402188.5817,393917.0107,400672.3149,402381.6505,400653.4542,336332063.9816,336294373.7157,336315733.6732,336319438.3379,6833.6922,12654.9455,4803.3443,12179.0832,5838.7952,0.0000,4046.8516,12189.9275,3033.4567,11547.5340,11829.2179,8351.4046,3126.5141,4855.3267,12254.5280,12138.9183,9959.5735,7211.6484,7986.0292,8535.5138,13339.4090,4387.2175,10120.2286,9969.4254,3597.0776,6300.5180,8502.7714,13208.1757,12241.5355,12998.5069,7839.1524,10021.5236,394833.1252,411502.5739,390964.8184,396689.3961,388533.1219,395202.5458,396803.8801,395147.3640,336337200.2316,336299510.4695,336320870.3006,336324574.8464,12104.7451,10102.1531,8947.0726,6012.3645,0.0000,9890.0277,10286.9946,8979.2835,6173.8458,7225.9883,5860.8070,7285.8978,8511.3050,8207.0677,12535.2930,10253.7038,11529.0224,10456.8534,2651.4707,13108.3699,10148.9077,4906.7880,12037.7823,8529.8651,4078.4861,7862.6602,10822.8767,8401.0502,9368.3314,4121.5033,7438.0337,398232.2862,414824.4766,394359.6134,400104.2442,391816.8112,398576.6323,400320.8884,398567.8506,336334192.1637,336296501.8061,336317861.8056,336321566.4632,12404.4322,10928.0981,13888.6393,0.0000,11147.2418,10583.4666,12736.1909,9439.8753,10665.7827,8578.7788,13538.9622,9862.8721,6512.2717,9994.6870,12661.9304,8638.9302,12891.5221,12135.0818,3731.6703,12082.6861,11547.0721,4972.2157,10770.7471,13583.3123,7326.2180,3511.8349,6153.5122,9193.3340,13217.0551,6772.5251,392575.4993,408730.2483,388643.8794,394230.9218,385889.9725,392775.9713,394350.5369,392726.1652,336340447.8493,336302757.7295,336324117.4553,336327822.3813,11729.1416,6602.6565,0.0000,3785.0825,10808.3106,1871.7402,13153.4711,12457.6023,11420.9448,3848.9520,7269.6900,13652.7385,9265.3043,7647.2220,6298.6223,4703.3709,10804.2558,11874.8213,1235.9259,11512.9625,9558.9671,5906.0198,8192.2639,11013.8097,13460.0911,13629.5816,12837.2865,9417.0187,12364.9407,395688.6892,412254.5033,391803.4988,397464.0279,389363.7362,396024.7708,397486.3099,395929.4085,336336337.5757,336298648.2053,336320007.8537,336323712.4349,8338.6472,0.0000,13320.0390,2390.8503,12070.7910,5981.5006,2777.3780,11459.0212,10744.7755,13596.9538,8151.9343,6602.9039,5943.4221,13686.2929,8682.7801,6722.6813,9426.6323,12392.9906,4574.2092,13103.6055,13471.2087,7946.0463,12512.9558,8763.2682,8488.9589,2643.7327,6503.1770,11140.3852,402916.2545,419211.8271,399002.7367,404631.5583,396331.2739,403164.3915,404754.2930,403116.4467,336329846.1204,336292156.0055,336313515.7806,336317220.6288,0.0000,8639.8326,8606.4247,6033.0893,9722.6006,8481.5596,10522.8880,3477.3742,9836.4775,11916.7459,9883.0362,6031.1367,11154.7086,5597.2229,5823.8589,13439.2877,7316.1313,6756.0215,13006.0310,8909.3191,2210.3098,11572.6200,13225.1810,12112.7043,10116.4398,3519.7576,11785.3959,400551.4425,417167.2085,396676.7339,402386.4538,394212.6330,400904.1843,402496.6296,400848.2207,336331571.1555,336293881.3420,336315241.1622,336318945.7562,0.0000,0.0000,0.0000,0.0000,0.0000,0.0000,0.0000,0.0000,0.0000,0.0000,0.0000,0.0000,0.0000,0.0000,0.0000,0.0000,0.0000,0.0000,0.0000,0.0000,0.0000,0.0000,0.0000,0.0000,0.0000,0.0000,0.0000,0.0000,0.0000,0.0000,0.0000,0.0000,0.0000,0.0000,0.0000,0.0000,0.0000,0.0000,12722.1317,3221.5809,13140.8087,13422.9638,9434.4476,5632.6261,3954.1880,12875.7641,11366.4665,10580.8955,3638.7022,8117.1092,11302.2185,11711.5584,2601.1035,12355.3738,7346.9713,2628.3732,9492.8480,8486.4504,12721.8650,12743.8042,13792.7858,10730.9694,10463.2280,392348.6297,408925.0061,388465.8269,394143.2829,386009.7891,392687.1418,394203.1461,392607.9529,336339720.1647,336302030.6297,336323390.3420,336327094.9278,11504.3493,7834.8194,5007.4998,12390.2386,10550.4672,13559.7715,9308.8652,4312.6996,4560.8967,12884.7810,7376.4132,8383.9839,8403.2104,11551.0153,6544.8422,12462.3747,13308.0938,8798.1191,13031.5355,9028.2900,9558.5410,3921.6611,7716.2377,11991.6730,402465.0156,418727.6243,398545.2980,404146.8617,395881.9618,402702.5268,404223.1744,402634.1056,336330255.7045,336292565.8095,336313925.4941,336317630.3439,12775.9687,12407.9477,10455.4382,2748.7193,6243.5798,13390.6857,10550.1501,8547.9630,6486.2812,5882.7881,10051.2134,12684.8952,1716.9654,11123.1409,9799.4767,4756.5012,7368.8720,10220.5072,13639.7408,13371.6795,13130.2395,8805.1497,11699.4176,395315.7896,411938.0162,391438.9566,397127.0632,389014.9597,395670.1301,397180.9568,395588.3927,336336673.2969,336298983.8067,336320343.5223,336324048.0755,3439.6640,7077.2642,11566.3020,11651.3134,3671.6378,10970.4985,10521.2871,13255.6789,12103.7967,4743.3591,10112.1740,13323.1341,3644.1244,11918.0056,12129.4099,8188.1715,8767.2207,6656.5662,4112.8842,4783.1324,6860.8025,6636.5656,399553.8118,415900.7168,395651.4759,401332.8432,392952.1208,399818.1391,401556.2929,399814.1825,336333366.9682,336295676.3979,336317036.3582,336320741.2064,9685.9973,10931.4151,12934.2862,6349.0797,8865.8141,7982.3219,13841.5581,10239.0868,4911.3737,10104.7581,12935.1269,2579.8165,13009.2502,13028.8443,7387.2202,11132.7889,8058.2290,6759.4699,2804.1558,5748.6807,9427.8486,402081.0296,418414.3458,398174.6875,403834.2962,395494.7576,402341.2679,404010.0221,402316.5200,336330739.0890,336293048.7335,336314408.6102,336318113.4527,10277.5093,6238.9462,6090.2264,13631.4234,13244.9156,9382.0144,13039.1204,7459.6899,11088.7960,10926.6352,8585.4730,8441.8522,7355.2460,9256.6146,2499.4862,8145.4668,5940.6148,10585.2564,9317.2397,2331.7019,393181.8406,409664.2740,389295.7205,395015.4785,386676.4791,393489.1636,395247.1374,393487.0968,336339468.5468,336301778.0787,336323138.0709,336326842.8076,7576.1913,12903.9889,10556.6305,7530.0183,8717.5604,5500.9789,8121.7293,13396.7069,4306.5212,9332.8647,11434.4069,6290.6203,4911.3801,10697.4561,13741.8106,12978.1907,12129.8681,6507.7136,11701.1584,397587.5897,414238.9838,393715.9419,399423.9474,391291.6309,397951.7701,399507.1195,397883.1646,336334415.0018,336296725.3696,336318085.1458,336321789.6947,10868.3415,13058.2324,12547.1252,4548.4750,10832.4178,10423.8974,11627.8056,6284.3020,11733.5940,6401.9285,1616.5340,9796.0686,5053.8787,11256.0412,10671.7349,13487.0875,10794.2405,7452.4137,390878.8036,407448.3733,386998.1283,392702.1726,384492.9889,391214.2807,392835.0672,391167.4006,336341349.4469,336303659.5496,336325019.3849,336328724.0076,11362.6426,12181.6578,12034.9728,13331.0594,7693.9304,8136.0877,13568.8514,6984.6019,9702.2662,11731.9984,10668.2889,6982.4573,3693.4739,474.2547,6144.2464,9720.0147,4502.3791,396508.8529,412771.3646,392595.7981,398251.8497,389847.8512,396745.1648,398470.7794,396739.3433,336336565.7895,336298875.2105,336320235.1390,336323940.0406,4690.9617,10989.6428,6097.9923,11318.9999,7017.5275,9988.3132,10022.6507,10902.2478,12653.5450,10803.3392,13508.3414,9860.5718,11448.8237,7379.5874,10366.0290,13150.7306,400262.0678,416485.4069,396334.3257,401895.8577,393692.8045,400486.9886,401898.8357,400385.9393,336332386.9377,336294697.4069,336316056.9508,336319761.7894,11708.8971,3278.0834,8960.3068,10633.5048,8690.4858,8119.5132,12774.5285,11771.6656,7322.4866,13725.4560,12058.7738,12373.4676,8026.6797,7101.4051,13517.0110,402169.8434,418571.5925,398265.1298,403886.3336,395715.9613,402453.0372,403917.2589,402363.4838,336330176.3443,336292486.7809,336313846.4150,336317551.1369,9705.5571,12713.3909,9471.6344,5338.0483,13338.0939,4135.8294,4484.1316,11782.9044,7671.0722,11005.2636,11795.8058,13561.5001,12617.2244,9649.3427,390495.7533,406940.1052,386595.7235,392233.1826,384063.6256,390790.4630,392282.9452,390707.4020,336341779.1837,336304089.6209,336325449.2851,336329153.9610,9968.0596,11241.4685,5863.1007,9837.8260,11721.8469,9770.9239,7465.1020,13156.7654,13074.8876,13434.8855,10419.7769,8018.6643,13608.8656,399919.9036,416395.6429,396023.2859,401654.8524,393535.1657,400227.2367,401662.8007,400126.6785,336332244.6387,336294555.2572,336315914.8648,336319619.5147,12556.1973,11105.5351,2392.0279,12890.4972,10377.7211,3835.2841,9420.0576,10297.0931,8005.9257,7379.6036,2679.5141,8416.0462,400414.5793,416942.0201,396533.5173,402257.3207,393955.6883,400738.0132,402464.0885,400725.5620,336332105.1470,336294414.7784,336315774.7501,336319479.4565,11872.2937,11474.9062,6768.1928,12086.6880,13539.1370,10184.2440,4865.4646,7954.5430,8016.9215,13044.7176,9595.4981,395053.3230,411153.2299,391112.8730,396663.2907,388359.7833,395236.8091,396726.0576,395162.4368,336337971.1809,336300281.2942,336321640.9120,336325345.8580,11942.7012,8854.9235,4891.1389,8693.4369,10334.1545,13354.8634,13508.4156,13301.0785,9959.4687,11905.6491,394502.4143,411075.6882,390618.3117,396283.5307,388178.7821,394840.6451,396313.2799,394748.3890,336337522.0289,336299832.6320,336321192.2938,336324896.8711,13067.2776,11729.9302,5228.7317,10344.4846,9299.6611,7367.0727,5223.2208,3565.3498,8944.1975,401571.8740,418011.3065,397679.2709,403373.8716,395055.1889,401866.6511,403566.0292,401848.4405,336331077.5838,336293387.2205,336314747.1490,336318451.9177,7211.3593,13145.9554,6367.2358,7936.8582,9360.8588,12196.2368,13463.9969,7703.8322,390019.2073,406320.1226,386102.9217,391714.3281,383461.7837,390266.6620,391796.6522,390198.9583,336342595.8417,336304906.0230,336326265.7121,336329970.5080,9159.9578,6477.0944,12104.2016,11580.3646,13667.5552,10348.7166,8678.9489,391657.9032,408259.2628,387780.4059,393485.0679,385307.7588,392004.1423,393597.3076,391947.9763,336340473.1398,336302783.3625,336324143.1701,336327847.7608,10704.8845,12524.4297,10900.5386,9448.2665,1840.4815,10603.1203,400543.5435,417158.4227,396670.7308,402397.1574,394179.7388,400895.8146,402550.4515,400859.0253,336331680.8231,336293990.7878,336315350.6842,336319055.2994,7917.0105,6694.3371,11521.4751,10938.2506,2731.4985,391232.0106,407678.6326,387339.6234,393037.9675,384715.5852,391527.1044,393240.7377,391512.1580,336341396.7782,336303706.4462,336325066.3767,336328771.1231,3449.9522,6557.5677,11727.5065,6192.4420,395333.8715,411485.3914,391404.3816,397007.6248,388622.8788,395533.8824,397169.1654,395503.1155,336337818.2503,336300127.8966,336321487.6986,336325192.6532,6474.3742,10012.0046,4220.7007,396052.2457,412310.4402,392138.5325,397792.7001,389388.9373,396287.0587,398010.0716,396280.5107,336337025.0937,336299334.5235,336320694.4475,336324399.3505,8017.1990,9781.7308,401517.9624,417743.8628,397597.0789,403215.4081,394869.8059,401743.2154,403360.2972,401705.3919,336331447.2284,336293756.9623,336315116.7597,336318821.6672,10375.4525,401510.4993,418071.6282,397631.5846,403348.3378,395099.6138,401845.1947,403513.3085,401814.0828,336330838.6773,336293148.5380,336314508.4448,336318213.1083,392958.6874,409342.6402,389060.2334,394751.5087,386382.7657,393233.7618,394978.5302,393230.2524,336339869.6845,336302179.1753,336323539.1378,336327243.9449,23774.0424,4467.4892,8394.6913,13831.6360,5517.3067,14754.6965,7114.0781,336731066.9712,336693379.0019,336714738.6378,336718442.3748,25208.8171,17892.9738,23959.2133,19856.7006,20119.6101,19805.1855,336748294.5036,336710606.5206,336731965.8464,336735670.0620,8310.4676,10673.0440,5366.0344,14216.5924,6542.0660,336727309.4249,336689621.4611,336710981.0488,336714684.8555,12057.6118,4245.2951,8086.3313,1952.2394,336733102.2135,336695414.5594,336716773.9454,336720477.8670,10007.9601,17838.6629,11557.9885,336725410.7049,336687722.2069,336709081.7995,336712785.9282,12057.6118,3556.1351,336731705.3003,336694017.2997,336715376.8410,336719080.7408,8584.5978,336732802.1729,336695115.2976,336716474.3788,336720178.2823,336731517.1163,336693829.4608,336715188.8692,336718892.7577,50645.6399,28545.6889,22908.0104,25028.5572,29404.9889,11112.1597,
14400.000,11959.6892,12602.0860,9263.4066,6134.7068,6703.1455,13682.7645,7772.0495,6666.3646,6495.2339,12173.0114,5976.2611,12100.3821,10329.8520,13337.1112,7854.1083,10271.7433,3320.6471,12525.3901,11408.9360,12258.7296,8050.8723,9225.2203,6475.2343,10679.6892,10757.7291,11286.2510,5174.2996,4448.1969,7455.4557,13429.1681,5708.4889,11280.7357,13437.6909,6648.4176,10967.5693,12197.8274,13018.1184,2519.0504,7080.8239,11888.9041,10042.7847,11161.7145,13525.3920,5677.8502,6523.7108,10276.0516,12192.6941,6331.6392,11489.9649,9087.5658,11870.1964,7880.8468,11300.0169,9743.6601,13692.5930,13020.8810,11300.5863,2547.2993,11420.0724,11975.5935,12854.5204,12428.3038,9964.2655,7545.8816,13487.3565,13505.8537,6916.3157,13080.8773,5875.0315,8859.0810,8632.7214,6604.2173,0.0000,9416.5412,12615.4672,10121.5241,13225.4755,12086.0244,10572.7629,12335.5583,11631.0638,13003.6883,9665.2059,11091.3887,3601.2582,7323.0733,13264.8938,10084.9207,5741.7161,13272.2149,2937.7900,11381.2313,13578.0830,12370.3027,7615.2173,13031.0935,13183.9832,10222.7459,11423.3664,395562.7560,413453.6243,396610.8019,398975.7188,390374.7130,401117.5087,398352.4428,396674.8479,336328344.7717,336284387.8475,336305728.4433,336307971.2814,8741.7741,4286.9971,10432.7654,9810.4890,8415.8698,13611.7876,7480.5743,7742.5222,11535.2185,10835.2635,7938.7109,10447.4375,5487.6844,8267.4193,12972.7616,13139.3908,5114.4284,12282.9576,10546.2870,5854.9536,6461.5655,10333.1388,8303.9375,12232.4873,1278.3343,9117.2256,13087.7491,6430.4367,6238.5590,9623.7422,1744.8498,6614.4990,10491.2000,11876.4398,8932.7114,6166.1406,12897.3554,11479.2507,1021.4528,3421.6962,12167.4097,7608.1545,13202.4569,8842.1093,7808.6870,11186.8948,9482.8949,9975.2181,10428.1066,5958.7129,8767.8448,8411.0796,9028.2765,5142.3644,2260.3165,5632.2598,11441.1936,5343.8606,10987.6357,6766.2904,9491.6864,6722.1050,6232.9576,7500.0883,6962.7015,9691.2620,8809.7649,13548.0416,9407.9663,7039.9594,7277.4123,0.0000,11081.6374,5741.2032,8542.6851,3897.9459,3482.8417,12132.3717,4786.6469,11004.1908,7873.4465,8262.1634,3054.0586,10331.9348,7640.4558,6911.1765,11944.8385,11602.6192,5108.3180,13000.7858,10465.8642,5009.3565,11439.2724,12894.2806,8170.7112,6308.0513,3277.9503,12254.5893,391597.6319,409062.5743,392564.9246,394687.2097,386216.6085,396941.5112,393911.2708,392481.1886,336332524.6654,336288568.3014,336309908.4665,336312151.5130,10373.2941,9054.4545,8829.4052,7093.4531,9614.3916,12743.0580,10767.2772,8455.9290,13723.0449,2037.6335,12388.0648,3998.7089,8507.7744,8488.0093,12384.6388,10363.7015,6438.2390,9837.9236,11881.9959,12789.3465,8512.6386,4394.1510,5538.5973,9530.7477,11027.0153,12844.1458,11955.7435,8659.4766,9689.0144,8463.0100,8569.9543,13787.7038,10703.0602,591.0436,9740.1982,11943.7633,13536.7587,9369.5531,10881.0724,9442.4765,8344.1200,12630.7252,13535.8927,12603.2889,8745.3908,13723.6003,2256.9756,13122.5200,11171.0975,13273.3421,11756.0207,5457.6564,6892.9927,7835.0208,5606.7279,11491.9637,11571.5237,9972.4963,2421.9916,10188.9608,12650.1391,11410.0050,8153.9596,8000.9265,13743.9500,8710.3419,10173.2249,13240.8415,8483.0230,11795.5056,0.0000,12790.3883,3445.3198,12819.6354,5577.1057,6368.1111,10793.7662,10516.5864,10591.8797,1228.8809,6027.8510,8121.1650,13428.8962,13146.8347,8678.8942,5219.4188,13687.5922,8113.6912,12350.7873,11328.7020,7764.1970,6876.7892,8021.8092,1083.4900,2990.3955,10920.6596,6516.8484,390069.9500,407911.6753,391105.1801,393414.3866,384966.5133,395508.2913,392514.6519,391140.4643,336333303.6972,336289347.8629,336310687.9953,336312930.7302,7969.8509,7311.8181,11416.9382,13184.8304,4341.1972,3942.3071,13292.9267,9483.7259,9096.0153,11352.8595,8387.3119,5751.3674,13649.6548,11366.8371,7959.3074,13384.8520,12519.0420,2411.7931,5806.6292,8105.1001,8162.6515,12848.0005,3206.2225,5546.8328,11656.1046,2736.9740,9588.4213,6695.2969,3173.4305,9894.3571,9323.3396,13083.7429,10324.7859,9224.0320,10826.9443,10778.3745,4480.6509,2055.8031,13424.9692,10721.9228,12193.5045,6900.2078,8555.6089,13035.1762,7724.6840,10751.2256,10620.2631,8109.4761,7986.8041,9987.8721,8232.7200,8876.6101,6405.1751,5943.0057,8507.6886,7028.0052,12765.9808,8801.1692,11686.9962,6992.8432,2195.3994,10630.1814,10222.3948,8402.2079,11488.0765,12312.6003,9350.2456,4557.9215,3308.3790,0.0000,11503.6464,7855.6312,9194.2703,7230.4030,5274.8154,13146.8570,7516.2122,12610.4945,9917.7913,7230.6562,3207.0749,7531.3772,5611.9134,10052.3729,12039.5642,10333.5343,8684.8626,11122.0486,11975.3529,8743.1801,13218.2075,12023.0672,10224.3737,8810.2802,2538.9509,13384.5043,391024.7756,408552.8248,392004.4920,394170.3435,385640.3187,396425.8475,393492.7470,391945.5317,336333208.2431,336289251.5166,336310591.8605,336312834.9077,955.1259,13171.8557,8844.6012,8484.7191,4834.2021,12798.7111,10692.9356,7885.7653,13336.2579,10378.8671,2981.9439,10853.3865,7875.0927,13047.4776,10642.9179,13587.9793,8423.1121,11284.7684,610.8514,5654.1077,8973.4236,10060.5194,3788.7037,9271.9897,7903.5005,13305.9831,1608.5623,9144.6985,13355.3012,11115.7192,13073.5488,8585.5021,13438.5037,6521.1716,11595.2816,10894.9624,9597.6515,12493.6678,13501.8268,10038.3617,10083.9029,12794.3031,12995.2459,10350.0821,7655.0618,12723.2496,13060.4702,11363.3318,13447.8096,4367.2555,12416.4288,11476.1363,7037.5580,3764.1643,12614.0601,13458.7750,9218.3627,13788.5697,12135.9121,7224.5597,13379.1942,13230.9202,11002.9894,13527.7805,6892.8346,12357.2916,4420.3575,6706.2494,0.0000,12924.2969,9078.5641,12948.1264,10582.7796,8831.0724,12812.6722,12863.3536,13509.1891,9591.1167,4317.2078,8290.6615,8044.7593,9969.4822,13347.9533,7235.5546,10695.0599,12714.2281,7576.3430,13637.9063,12719.4208,12074.9236,6016.4546,9735.3614,9927.9569,9935.1212,10734.6238,389893.0739,407813.1738,390944.7907,393318.3303,384744.9141,395436.6216,392638.1172,391015.0189,336333819.3082,336289862.6509,336311203.1566,336313445.9378,13058.5759,9526.3891,8240.1926,4312.2818,13024.5107,10944.9191,7495.3607,13492.7774,9896.2843,2049.1615,11319.7527,8581.2525,12736.8145,10975.6842,13718.4727,7968.1432,11040.8679,1114.6276,5165.8691,9329.4972,9434.4938,3550.9567,9890.4764,7480.1454,13050.3947,1379.0784,8441.1820,13127.1765,11311.7018,13368.5000,8395.0451,13193.6529,7279.5308,11908.8629,10322.8988,9025.4823,12823.1029,13343.0362,10637.4251,10072.3826,12705.1773,13190.1153,10418.7972,7595.7773,12893.0695,12819.2636,11376.1784,13411.6083,3936.9009,12042.3245,10932.7950,6291.0177,4366.1126,12318.7375,13638.4447,8770.0331,13822.0640,11939.4805,6721.2382,13214.0359,13023.5344,11100.2109,13485.3201,7707.6019,12426.7113,3517.5776,6304.0822,0.0000,13158.4134,8553.2106,12922.2439,10020.7749,8112.7006,13148.1913,12531.5840,13698.9178,9276.7178,3662.1824,7517.2328,8232.7139,9811.7412,13151.5662,7581.7312,11045.3335,12382.2112,8280.9910,13780.5535,12357.9037,12279.5694,6712.9485,9461.9532,9481.2164,9384.2025,11064.7987,389332.4895,407215.7939,390377.2642,392730.9310,384162.5165,394861.7963,392049.2107,390435.0942,336334416.0148,336290459.3626,336311799.8489,336314042.6530,10464.9258,12568.8883,13117.9528,4632.5307,11598.0967,8393.9196,7641.4765,6078.6569,12634.1300,7834.1716,12708.2234,6058.9471,6937.3147,4229.5700,12087.4741,10474.4708,12816.1449,10332.6294,8390.3533,9294.6048,13590.3059,12149.8244,12427.0861,3284.1753,13244.5075,9436.4707,2885.5151,11349.6038,6403.8887,7395.7049,4484.0652,13094.3668,10721.3642,8300.9546,10626.4664,6106.0538,1882.4008,11433.4303,11970.6142,8531.0297,4280.5446,11930.5795,8559.7772,9143.0874,6753.4743,10513.0094,6627.1306,11181.7537,3769.7548,6588.0280,9913.4894,13854.1647,7931.8408,4760.9207,7144.0594,4086.7894,9441.1002,12429.0004,1769.7717,2090.7372,11409.8139,2107.0823,12062.3861,9601.5951,12245.2592,12964.8976,0.0000,8623.3526,7296.2566,8602.8190,6543.4901,8863.3901,6882.0534,6534.1998,5400.2310,6545.3399,11357.5806,10117.0043,13256.5594,11779.6311,2767.6547,9689.2950,11631.1560,3888.0425,12814.3478,5982.2592,3936.5566,4706.7938,11427.8363,6333.8945,6381.6180,10350.9143,6821.9427,396128.4528,413795.6797,397132.4775,399346.8798,390934.2533,401494.4419,398416.7709,397109.9910,336327443.3937,336283487.6195,336304827.6368,336307070.4876,12237.3624,11590.6112,7064.7511,9462.5091,10360.1629,9599.8643,11974.9089,10848.9247,3464.9821,5236.1652,12926.4604,5012.9822,8795.8787,12945.6092,12834.2213,8591.6585,10249.7764,4876.8691,13669.5820,10646.2627,5637.0290,12661.5756,12101.5006,9661.7285,13393.6932,11857.6096,9973.4487,7123.3625,9195.2251,12341.4554,5519.0555,8685.3027,13659.1571,13601.7332,5989.7579,11251.7342,5172.6904,11397.4387,11879.4077,7537.6072,10952.7160,8277.5677,9811.7476,12623.2439,11123.2197,11172.9842,9751.7718,12371.8697,13394.9717,12073.7079,8204.0049,13071.0279,8260.0196,11185.7169,9995.6351,12620.2608,12579.2789,11206.0621,11488.8869,10758.1493,10216.0758,2681.2985,10763.4261,11705.9395,12172.3184,0.0000,8979.5072,11594.4312,11485.2841,12760.3445,12959.3524,6608.8524,13072.9657,8403.3465,10408.5154,10472.2129,13293.1954,10091.3022,12153.2747,11578.5039,5578.0879,8574.1044,12343.9842,5453.8372,9273.6499,12556.5127,6787.8731,3843.7703,10161.7503,11479.1332,13620.8039,5040.5160,396862.9598,414938.5565,397943.6129,400388.4972,391858.7972,402424.9743,399590.4304,398061.5329,336326444.2507,336282488.0159,336303828.4199,336306071.0552,4488.2077,13242.5263,6048.1120,11851.7773,9661.4541,11399.8221,7622.6152,13238.7952,8938.9122,8710.3703,13770.5055,12176.5243,2039.8012,4023.0373,8799.0385,10798.5268,13512.1839,6371.5122,5168.0711,8964.8443,1738.5497,10779.5357,7087.9147,7030.2453,11007.2548,5951.2274,12065.9749,12588.2775,9993.2862,8688.6418,7806.7810,7156.1414,4402.1625,12837.1544,11675.5306,9694.6172,3114.3505,7022.7537,12930.2429,3988.8285,12700.5547,8281.5651,8119.1145,5077.1185,9034.4060,10471.0556,11016.3745,9207.1825,9467.5204,7007.1715,6980.6482,12267.8188,11763.8802,11420.7528,5539.3894,2649.3964,11645.3523,11418.1510,4963.1185,11946.2961,11193.1313,6876.7572,7159.2589,2433.2908,0.0000,9394.6401,11010.2399,7418.2533,10443.2222,9071.1960,12007.2155,8277.1857,11834.3682,12515.8561,9730.6828,7317.4826,3761.5403,2160.4108,10993.7803,12958.7465,7041.9982,10311.5377,8691.6232,10942.4660,10627.3896,13655.7372,11942.2932,12703.6450,11753.6314,4567.8132,13745.1161,394469.0077,412039.3535,395457.8130,397652.8073,389086.8476,399907.0497,397033.0593,395415.9655,336329857.3957,336285900.4254,336307240.8851,336309483.9390,13796.7948,9098.0685,9393.7155,12297.2638,10220.8703,3449.1508,13015.9908,9176.2752,10794.3800,13003.0174,13588.0216,4018.4836,7820.9652,5190.6947,7582.5681,11989.6029,6884.4298,1708.5860,9984.1323,3444.6902,12046.6082,3275.4805,6420.4969,12242.5631,9268.6651,13479.4509,10506.3453,11774.2846,8236.7060,10569.5493,8014.5619,5693.1786,13570.6956,12787.0986,10832.0724,7107.5030,10370.6161,13711.5081,7745.2392,10302.7343,11311.8602,10695.1429,8823.6178,11760.9687,6959.9368,11390.3182,9510.9179,6766.0958,5112.6383,9782.9666,13633.2860,9891.8375,13186.7550,9101.4652,2649.0126,12690.5593,12411.8920,8641.6512,13152.2942,10022.8820,10311.3633,3255.9350,2162.1924,0.0000,12035.7345,9235.9099,10753.9233,9620.1370,7463.3816,13354.9475,10432.2757,13470.3983,10758.0918,6101.0278,5831.7464,5942.6572,6444.1951,12298.8195,10760.2103,9664.1918,11311.7839,8849.0394,13051.9152,11398.9283,13562.8403,9902.9925,11010.2526,10254.7787,6116.1993,13037.6585,390659.0349,408351.1704,391669.3374,393926.8875,385354.3889,396135.7185,393293.9548,391666.3692,336333449.7017,336289492.8291,336310833.3122,336313076.2687,10442.1936,9979.2691,6629.4477,9324.6105,13318.2209,3916.6485,10186.5060,8983.8996,4161.2475,2851.0827,13411.1468,11719.5671,12454.3559,11403.3966,6384.8455,12080.0244,13703.8119,9496.9756,13530.7948,7063.6655,13166.5678,12190.6571,6653.6934,10435.8141,3130.8661,8465.5691,7616.2240,10868.2045,9044.9624,11375.7901,12799.5811,1751.1160,5599.6375,8480.4119,12000.9162,9382.5772,794.2130,11637.2433,8828.3701,8182.2523,8995.7227,10534.0715,7393.3481,11792.2780,7986.3198,10269.4414,12028.8188,12776.7681,10124.4545,2531.0923,9565.6590,4441.5826,10716.8949,13606.6412,5608.0653,6123.4079,10991.0096,4178.3209,9297.7032,9348.0233,13423.5803,13766.1746,0.0000,7063.3704,9961.2882,9041.8741,10064.8366,11717.8553,3368.8796,9395.5211,3366.9562,8586.5660,12276.7604,12656.2187,12580.7220,12380.2797,6296.9311,8302.9381,9975.3074,7814.9533,10408.0237,4879.4684,8057.0413,1999.2152,9274.3206,8243.9450,9216.8457,12587.5777,3980.3590,398507.8256,416358.8638,399546.2343,401859.9813,393416.2701,403948.1034,400947.3169,399585.2708,336324849.2668,336280893.4361,336302233.5636,336304476.3028,13683.7714,5616.1127,13236.5504,11245.8027,10321.8775,5906.2778,9124.1249,11828.6007,9205.1621,7687.5978,5732.3788,10880.2663,13228.6278,12344.2791,10205.2462,8819.3470,4764.8112,7545.5700,10586.8618,9968.9202,11023.9274,10601.6003,798.3687,8137.5076,13528.5330,9674.4429,6770.1100,2046.5435,10275.5673,8969.3341,9404.6961,10774.0258,5070.1036,3269.3541,5453.3719,10095.1947,2351.7381,13473.3922,3788.4617,7968.1704,2924.8105,6732.4582,12866.3571,11869.4435,11524.0062,12855.1522,8024.5911,7682.1679,9035.2661,13607.2466,8870.7204,5758.6646,8240.9688,10821.3170,10919.8906,1830.3748,10217.2366,9210.9890,3410.5281,11310.3505,7842.7534,0.0000,4663.7203,13217.1393,5036.6727,12756.0441,12501.9813,7931.6721,8976.1689,8324.8764,13723.1644,12647.1286,11546.6457,3973.7518,4714.4254,10341.1750,12625.9403,1257.6673,10814.2934,5909.5284,7390.7243,11346.6036,11521.0881,11078.4886,13707.5990,13474.6323,8857.9630,11751.1480,399691.3689,417390.3745,400704.2661,402963.1429,394403.2922,405163.6665,402301.0736,400703.3993,336324368.5756,336280411.7421,336301752.2019,336303995.1637,13058.8859,3902.6675,6900.6662,9800.0284,12416.2431,10531.6573,7997.4053,11078.8267,10816.2546,12351.3693,7368.7784,2617.7667,6779.8805,8609.6121,9769.2609,13041.6375,10859.5070,9314.7481,8412.1457,7305.2368,9318.5760,13756.9945,11877.3667,1977.7428,10242.0857,11776.1969,13801.6225,8705.2858,9886.5394,10806.0003,9333.9576,13030.4563,13085.5479,12731.0554,10201.1303,13392.2612,2782.1871,13528.1115,11341.5541,13146.1969,12270.2215,3911.4180,7362.8059,7489.8110,3787.1829,10692.9244,11483.9792,11232.1169,1943.3371,11229.5306,12465.9259,10194.1078,9141.4330,8886.9353,13573.5645,9874.5363,10411.2737,13402.2887,6785.4924,10603.2285,0.0000,13397.5587,2599.1778,13040.1674,5139.4244,5052.8324,11940.4100,10578.1390,11739.5421,2212.9670,4280.3009,6704.5694,12840.1590,12548.4028,9476.5448,5848.2741,13769.4550,8552.2124,12318.2100,12270.4785,8187.8128,8565.9917,8230.9797,2511.7891,2953.5655,10004.8819,8082.9171,388749.6495,406562.0925,389779.4945,392076.6176,383612.0631,394189.8659,391214.5399,389806.2298,336334718.0857,336290762.1121,336312102.2882,336314345.0574,11595.9677,13526.6969,8450.9883,9041.0566,6557.4390,9743.2085,4398.2165,10407.3835,7145.5761,13274.3955,13697.0971,11230.9361,10422.0550,12389.7596,7616.8737,10603.7278,7000.3267,12960.2494,11346.8904,6851.8526,5240.4105,4084.4365,12378.0846,6176.5666,10104.1925,4141.6478,9781.7266,10241.7088,5987.7023,6673.7377,6850.4143,7309.1528,4026.6827,6002.2530,6765.0360,12794.6277,1995.5187,5512.5693,5155.1086,2719.3284,13845.3044,9060.3894,10005.1476,13230.9941,11853.9693,6335.0462,4375.0846,12423.8511,3867.5265,5858.8940,11156.2237,6797.0882,7116.6112,5756.3387,5720.9412,10787.9578,3379.0803,13357.9949,11261.3564,0.0000,1362.0585,12215.2761,3281.4312,11323.3516,12324.5628,4294.2766,6763.8947,3491.4681,12188.8594,13822.6445,12202.6213,9029.5708,7968.6955,6451.5000,12372.6333,5575.8781,7809.0809,9215.0042,2081.2578,8427.1635,8292.2514,12017.1222,12057.6360,11955.4706,9923.4293,9598.2685,401197.9214,418854.7440,402202.0010,404424.9463,395937.6802,406610.3531,403634.0466,402181.7915,336322637.0623,336278680.7143,336300020.9531,336302263.8887,8830.2819,10630.0044,13618.8480,7585.2636,9016.8214,9567.4620,10136.0842,10715.6124,9983.6016,5872.2567,8809.5681,6563.3151,11050.9597,13776.6750,10445.2258,6210.5518,10400.4237,5666.4124,6304.7331,13082.8737,11075.5430,4427.8879,7251.6880,13310.5058,13250.8773,6144.2048,8394.5814,10464.7269,6596.0130,13601.0912,12361.4933,10760.2111,9272.0096,12723.3914,5966.9718,12287.2798,8698.6374,11954.9896,10132.5545,7136.4625,3849.9924,4199.4911,4644.1281,12446.5728,8976.4035,9952.2801,2005.8035,9222.5402,10530.9395,9992.9454,6397.6085,5974.3108,12737.0999,7657.2022,12468.4211,12015.1481,8136.6313,10721.2777,0.0000,12285.0288,1627.8821,11200.6382,1723.4416,3720.5276,11334.8011,7682.7695,10425.1772,2830.6490,7006.8963,5749.7515,13081.3463,11618.8973,6594.4667,8701.0192,13538.8353,5263.8161,13555.5565,10694.3424,4752.4422,8384.6459,10892.8108,3132.7113,1063.9216,8345.0581,9025.0961,390321.7358,407964.8274,391320.5387,393525.8335,385092.8388,395692.4546,392640.8430,391290.8451,336333339.1490,336289383.2313,336310723.3019,336312966.1768,12180.8620,9900.0288,11795.8800,11633.7669,13746.7483,6875.2607,10272.2734,3024.9554,4609.2804,10147.4008,7876.1309,3583.3083,10989.5160,6497.9178,12263.9892,2398.9011,6750.0900,12402.2706,11481.8729,13742.5680,8177.8089,12402.8381,8745.0081,12307.0712,8867.9386,7595.1686,13316.9976,12775.7087,11677.7764,9856.4191,12219.9809,13400.2660,10358.6333,7750.0947,12959.8193,12014.7575,11148.4023,13034.7958,3776.3632,11059.9668,9570.0710,4766.1687,5752.8184,11402.6062,13773.2969,7899.7916,13624.5719,11242.9005,5597.7002,12638.1871,12360.3236,11069.5709,13161.5096,9322.0033,12288.1815,1499.0559,5480.1612,0.0000,13361.7044,7472.0764,12568.2618,8715.7723,6487.6913,13611.5855,11545.1170,13838.7543,8704.7028,2912.7388,5705.4574,8549.3374,9289.5271,12491.4836,8514.7420,11549.0656,11447.6534,9605.6599,13798.3820,11372.7842,12593.7241,8243.9469,8972.6616,8549.7697,7988.5567,11709.8582,388603.2462,406394.9960,389630.8839,391935.0543,383380.1411,394096.6562,391247.5385,389657.9515,336335238.2858,336291281.6493,336312622.0857,336314864.9470,7870.3944,11518.0113,2487.4269,6232.4782,13664.3180,12849.5072,10502.2428,10561.9776,4057.9751,13309.6788,12465.9492,7658.6094,13567.1098,10060.4663,11560.3372,13130.5466,9727.9561,10608.4507,4976.9133,8235.7350,10521.9336,8389.1044,9118.6020,12970.9368,13687.3930,3177.7024,8877.9198,6764.9957,12203.2071,11184.2700,4546.5501,11776.0912,7819.4830,9353.9400,11391.2361,11323.6595,9809.9264,10529.3938,10489.0778,12199.3085,12058.8870,10728.6194,12185.7228,5703.3114,10153.9225,7712.5950,12247.7691,13525.1135,8843.0076,9229.6755,11341.4738,7672.5660,5986.6596,10518.3235,12717.9921,13394.8536,0.0000,8257.9909,10677.5384,10789.4297,11560.9508,12496.8201,4637.2469,11799.2246,6138.1309,9115.1581,11248.4082,13250.2166,11762.2770,12798.7767,9419.2366,5920.8132,9560.2568,10509.7961,8111.8537,7420.0191,10702.3903,3599.7320,6085.2123,8772.7969,10205.6381,13603.6974,2403.0272,397587.0533,415596.3311,398654.8882,401056.9458,392573.4892,403099.4456,400185.6097,398747.8816,336325652.7881,336281696.8235,336303037.0842,336305279.7325,12672.3210,9516.0394,10582.8152,10290.9291,10371.1482,7995.0029,11516.5723,9270.9642,12709.5973,7990.0075,1799.1967,9842.0289,13059.0898,7971.6947,12763.9038,12956.5484,6646.3544,8809.9708,11976.4279,12748.5793,1550.9713,6007.9906,13003.5824,11818.1253,8886.2586,12759.3313,2852.0680,7859.4511,10286.8942,10290.7298,7335.0615,11207.5051,8154.2102,11961.5608,8319.5333,10665.1319,10716.6536,13631.3631,13687.5358,12556.9114,5097.7777,11907.9325,10144.0619,13131.5111,11136.9004,10604.0079,9997.3917,12742.9294,12910.7131,7423.2808,11942.3517,3971.3411,8594.2623,10718.7869,9255.6332,0.0000,7980.5728,13112.0364,9896.2033,13788.5212,13264.0395,8298.9517,12623.3736,9818.1534,12910.1525,10952.2595,12721.5228,5766.8514,8937.7886,12692.2012,9177.2578,5043.9624,13177.8722,395.6628,9852.1460,13528.2968,10544.6959,6545.6071,12820.3246,13389.7105,11890.2092,9511.1847,397663.5796,415634.1029,398726.1244,401127.8040,392545.3672,403229.6860,400451.2150,398814.3873,336326026.4974,336282069.7726,336303410.3240,336305653.0884,11401.9264,6966.1395,8099.5614,5513.2964,12933.5920,11509.0141,12327.1290,5480.9175,11739.9026,11942.2535,8675.8591,2953.2151,12384.4333,6649.1674,3310.2105,8567.2696,8631.8160,10588.7043,1771.6762,13040.3189,9032.3874,4314.4832,6319.2234,9556.9295,4380.4626,11634.8831,8189.6430,4294.3349,8363.8603,8434.9453,11672.6739,7069.4113,1434.2308,6758.9038,3980.1615,12162.7882,4409.7904,4323.1874,9718.1898,12977.1293,2237.5259,7529.8159,9178.9213,5427.6472,4420.2683,9004.4308,4411.3058,4076.3539,8030.7524,5358.3999,13641.6225,6394.1295,10951.6918,9761.3568,0.0000,7594.6956,8558.2552,4916.3287,6562.5649,7850.0063,9050.6582,566.8806,7353.9324,9571.0239,11753.7632,7879.0620,10565.5232,7542.3117,3414.9737,12914.4292,9794.9601,2888.0859,12671.0033,6455.0048,3450.6058,9704.0538,13675.4993,9640.2237,8418.8844,5870.5833,11300.2461,396468.5841,413920.6490,397434.1039,399546.1405,391097.2583,401795.7334,398730.5479,397345.2983,336327615.4214,336283659.1749,336304999.2791,336307242.3292,6784.5844,13836.8869,13403.4916,10189.3165,9147.5320,2407.2120,12805.4178,12626.4446,9552.9832,13790.7170,9544.6177,11466.4503,12392.4350,9217.3815,12048.1458,6413.7858,6223.8998,10313.8177,9719.0349,10833.1420,12440.0371,13524.6670,4466.3213,8358.2471,8826.3736,13199.9571,11961.4111,4874.9410,12929.7058,5915.5347,10774.5396,11584.4672,12401.8793,10514.5782,9345.6985,9439.7149,11302.7820,10786.7449,11361.2887,12393.3716,6463.3704,8359.3304,8126.7221,12845.3974,13601.4820,8275.5325,8586.2953,12587.2854,7455.8853,7080.7268,11720.2889,12090.1744,13613.6696,0.0000,9812.4366,9054.3311,11723.3611,10208.9678,11311.0270,6279.6090,11701.6712,7130.0730,7139.5411,10154.7640,12413.7795,12853.0843,13531.6958,8997.0306,4592.7825,11247.9977,9827.2063,9684.5706,8454.1949,9869.2184,2637.1622,6092.3645,6750.9549,8455.4639,13459.4221,184.4869,395599.1326,413595.8081,396664.0200,399055.7983,390592.8723,401094.0938,398149.6719,396751.3219,336327593.9449,336283638.1248,336304978.3222,336307220.9594,12385.7667,9929.0674,13332.5669,12426.5956,8761.9625,11012.8932,13710.7316,9560.4208,12614.3334,5460.7972,13622.0283,11501.4705,5072.0445,9001.8619,2503.9313,9922.8768,5598.9303,11418.9326,7765.9977,10154.8535,11625.4375,3284.1284,4163.1150,8572.0616,10607.7900,7117.1631,2062.5671,10242.7545,10533.7171,6228.3011,6771.6350,8771.9492,4854.2469,12864.8093,7184.3290,9306.5529,12372.0955,13162.3354,8039.3545,717.6461,10314.9071,1738.6621,8675.1668,12865.6773,4264.3182,4829.0746,9449.0657,2544.8649,10704.5466,7344.2348,13617.4823,13123.4519,0.0000,5237.6315,10429.2372,6752.8901,9842.6246,11569.5330,3113.7780,7409.3054,1251.7612,9664.2503,13102.4525,12235.2437,11853.1081,10946.6495,4625.2887,10392.4894,8959.9470,6472.1264,10786.5553,2377.8843,6898.7800,4594.0423,11069.9274,9414.0768,9770.4927,11326.9258,6613.7663,399682.5812,417411.4911,400698.8562,402950.1516,394507.1979,405086.8595,402061.5115,400698.5143,336323873.2503,336279917.3031,336301257.4164,336303500.2531,4296.4494,8672.1473,9827.1326,13482.4899,4664.9973,5286.7257,10414.7358,759.2719,10136.4914,7004.3818,5244.0216,10418.2108,7514.8052,12640.3596,11784.7496,9476.4788,9910.3798,9237.1646,5656.5044,2638.2069,13266.1773,11207.2624,11048.3328,4788.9379,7465.8821,13099.1171,5683.9525,12068.4793,9315.2147,7820.6569,6258.2749,9319.2620,9681.7325,10003.5284,7816.4863,8037.9099,7856.5389,6599.6668,12569.2293,10589.8054,11525.4484,5791.1339,1411.7536,11153.1391,10830.6126,6495.2620,11741.7183,11987.7405,7890.4162,6056.3653,2175.8122,0.0000,10374.2228,9726.4486,8031.9703,9027.5425,7441.5920,12654.0653,7626.0967,12246.3888,11523.3758,8798.1991,5525.3122,5627.3466,3468.7599,10488.9718,12825.3072,8659.5760,9463.1820,10042.9769,11417.0072,9681.8194,13638.4524,12270.4503,11768.0161,10558.9645,2940.9703,13819.5942,392929.2635,410456.9378,393909.6933,396079.5653,387530.2009,398343.5639,395438.2336,393852.5887,336331398.8808,336287442.0006,336308782.4048,336311025.4735,11433.8615,12141.0242,13803.6228,5637.2793,8655.9753,9750.7568,4751.8234,8085.7072,10145.0551,7006.2869,8343.9402,5160.3311,10322.6630,12785.2205,6954.7017,10630.6180,6828.8856,5665.9400,4322.2848,11511.0503,9132.8002,9993.2081,3321.2442,3519.5638,11205.6852,3918.2277,13309.3102,6041.5485,4623.2378,3063.4534,5803.3382,12220.3396,9009.5291,7582.2272,10442.0701,10045.6164,3395.4835,10174.5768,11683.8757,8758.2112,1664.1821,5572.1340,9154.0709,8942.7408,4036.0103,9489.4541,12616.8084,4366.0230,9567.6478,6003.8503,0.0000,7323.3581,10917.0960,4162.1780,9581.6412,9214.1619,10448.6732,5072.8567,9649.4780,12312.0222,11584.0407,7936.1278,6206.3609,2343.9621,8310.6423,13843.7341,6870.7134,7856.1606,10260.8831,8436.1821,8320.3431,12526.7952,13385.3534,12447.6064,11327.5229,4028.7015,13330.1310,396739.4897,414210.0137,397709.7259,399845.5241,391323.0211,402120.3904,399164.4699,397632.6112,336327595.6459,336283638.8803,336304979.2047,336307222.3047,5157.6496,8466.7332,10034.2529,4263.4809,9370.3669,8189.6384,13063.2036,2082.8822,9068.0221,13101.1456,11292.4339,12859.7124,8033.6583,13257.2988,6677.0592,11692.9782,10822.5288,9699.2074,12201.1690,13216.2075,10068.7415,10341.2822,12825.7074,12673.1732,10594.3501,7068.4786,12751.0327,12994.1886,11515.0920,13372.8615,3852.9229,12116.2184,11275.4539,6739.6709,4192.4054,12604.3567,13205.6582,8756.2186,13571.5802,12221.4109,7500.5005,13088.6369,12944.3776,11201.8802,13242.0646,6744.2636,12436.6308,4448.7038,7051.9268,0.0000,12898.7598,8668.0401,12977.0911,10269.0600,8596.5816,12606.9289,12770.6951,13295.4770,9084.8726,3919.2769,8205.3165,8403.6680,10218.1235,13096.6702,6685.7039,10855.9910,12472.3552,7716.9908,13483.6409,12457.9128,11658.5513,5640.8432,9221.4528,9490.2585,10023.4358,10286.0996,389798.0384,407726.1866,390851.0582,393227.2341,384660.8260,395339.2600,392531.9919,390923.2529,336333869.6079,336289913.0094,336311253.4950,336313496.2639,7515.0596,8621.9383,7805.9034,12425.6449,9717.2810,10867.3953,6226.1726,7192.5242,10916.6826,13395.2229,12849.3199,4077.1043,11538.5931,10606.2620,13663.5489,9098.7962,9431.9739,11893.8233,11045.3430,12674.1301,12418.7239,13099.6772,11626.9290,12784.9021,3805.5728,13801.8364,12126.9081,12941.2713,13076.8778,1424.6701,9110.3438,8555.0968,3138.1416,8890.0389,11995.2691,12504.1050,4210.0552,12552.8505,12578.7876,8923.6402,10867.0328,10606.0234,13163.3233,11500.3349,9624.3939,13517.4470,4781.8682,9160.9971,0.0000,13821.2806,4310.9002,13416.2884,6585.2002,5331.6782,12811.3947,11445.2630,12875.3453,4764.1749,1761.8354,6248.0423,11673.2013,11884.6023,11048.5560,5936.1366,13340.3443,10054.7890,11347.2190,13263.2121,9781.8478,10133.6781,7481.3058,5032.6127,5157.7598,9668.3065,9249.9730,387941.9984,405784.1372,388977.6666,391296.4654,382796.6947,393413.6423,390494.2008,389016.4047,336335593.8860,336291637.6948,336312977.9743,336315220.7494,12687.5906,11497.4333,9754.2283,13349.2765,10698.6192,10018.5457,12007.1227,10443.7122,12646.9742,8349.3952,5144.5995,11478.7430,9092.2729,11690.2485,12550.2433,13348.9706,6565.6539,9773.1762,9318.4427,13409.8171,12948.4688,7023.3311,13237.4884,4259.1615,11956.3301,12575.0011,13025.4405,11865.7420,7539.2277,10135.8307,11535.0740,9683.8142,10229.9639,13160.1309,8483.3505,7669.3115,9902.2705,13523.4472,13008.6124,9657.7868,9843.6220,13095.3651,9146.2991,6179.9107,12676.4222,10786.2882,12950.8913,0.0000,11180.9874,8423.4623,12798.6863,10087.9695,10694.6366,8151.4359,12542.8831,9064.7035,6534.8566,8498.5204,11768.6333,12618.3522,13653.1163,10295.1299,2244.3971,11806.6692,10718.1893,9364.4634,10208.3158,10680.7001,4813.8394,4339.0014,6205.2287,8055.9229,13371.9680,2581.8855,393588.0700,411627.9815,394660.7936,397077.8240,388597.6860,399106.5130,396195.6008,394763.1163,336329594.5939,336285638.6989,336306978.9495,336309221.5648,8330.0805,12679.1619,5274.8708,7039.3507,9089.4993,1678.8455,7412.3261,9864.3799,12145.5468,9658.0688,6752.0165,12438.9850,11049.4977,1350.7997,2165.6718,12548.4878,8405.2222,12900.3786,7947.7978,7508.1072,11722.2144,8661.4458,10545.7860,10159.4268,6057.7208,8119.8502,8477.5957,9170.1944,6237.6086,3471.3234,5976.3496,10812.3661,5170.5891,11412.9458,7649.5645,9941.7829,6172.3437,5127.2402,8313.1668,7814.1880,8976.0886,9484.7050,13410.8946,8985.8398,6623.5900,6210.2013,0.0000,10944.8679,6623.6774,8263.1891,5053.9569,4126.3334,12359.7588,5060.9038,11339.3401,8762.6824,8320.3848,2956.5180,9441.9521,6652.2989,7661.0713,12301.2925,11051.2377,6009.7931,12546.3890,10688.3125,6012.4243,12076.7621,12942.0116,9059.2704,7299.4194,2063.1323,12778.3945,391770.5585,409229.3680,392737.0611,394859.4260,386372.6282,397123.3357,394115.2845,392652.6573,336332425.6071,336288469.1198,336309809.3320,336312052.3973,9009.8569,4624.7200,12830.0127,2223.1403,7862.4680,12975.0102,9131.9998,13304.1654,10688.7895,12580.2286,6898.7296,10256.5080,9362.7310,7154.8252,13307.7504,13389.4193,9962.4266,7325.8617,10927.8137,13685.2518,7802.7320,10231.6478,11348.4286,11536.6381,9102.1260,12224.8287,6926.5020,12283.7458,10708.5198,7657.7273,3507.0294,10733.5376,13666.4826,10512.9151,13498.3781,9859.9248,4052.8341,13297.1548,13085.7528,8697.3603,13561.4524,8815.1399,10526.9769,4071.0101,3231.6339,0.0000,11963.0934,10003.8588,11187.9814,10661.6463,8652.9024,13100.9998,11421.2613,13495.6021,11199.0543,6288.6893,7259.1897,5439.3274,7010.8976,12981.0152,10193.6707,9204.2196,12202.4453,7637.1553,13175.1957,12318.3111,13452.5366,8887.4502,11403.0537,10958.6480,7536.6849,12670.6630,391103.3679,408871.8917,392127.9562,394427.1993,385840.9283,396611.5511,393803.7524,392150.7656,336332933.0708,336288976.1683,336310316.7000,336312559.6106,10058.5669,12393.6179,9230.3119,12943.4133,12274.0639,5482.9830,7660.9955,12495.0736,11966.5988,3302.1187,4465.5837,12824.3632,11794.8080,8077.0642,12049.7647,1331.0091,7297.2012,9205.1088,9504.4576,6613.5982,11914.0672,6696.7006,11099.9742,7337.5900,9490.6718,11782.4606,13285.4181,13505.3356,13204.9363,6521.6594,11147.4774,9104.2422,13523.4671,10073.8718,9767.6674,10363.2768,12060.5727,12276.9002,6457.3175,11122.2223,5185.3230,7334.6559,11630.2489,9718.8290,0.0000,6454.4438,13475.0511,8705.1732,13869.0484,13611.7373,7151.0724,11924.3180,8659.7074,13265.2275,11976.0238,13086.9424,5819.8888,8529.7587,11968.8811,10022.2089,3691.9228,12655.9548,2081.4478,8573.6302,13074.1751,10183.6652,7722.1119,13153.2006,13648.7673,11794.2442,9513.6611,399155.7828,417083.6058,400210.5444,402588.2922,394016.1667,404702.8132,401900.4586,400284.2297,336324557.7585,336280601.0599,336301941.5781,336304184.3700,10622.3210,6445.2098,5698.5617,10883.8252,7447.6040,12734.5788,11821.7370,9990.6658,9393.9082,9163.5017,6288.5851,3331.8381,13315.1176,11620.3613,10764.3765,4725.0818,7850.8664,13251.3715,5594.0282,11999.8962,9447.9791,8360.9976,6399.4044,9691.3548,9463.7940,10473.3524,8365.5262,8119.6952,7207.3496,7186.0364,12758.2405,10767.1945,11838.8822,6252.7433,1009.4889,11563.9043,11263.0107,6482.2217,12082.3443,11570.5819,8075.6975,5801.9142,1457.3303,0.0000,10479.8396,9942.5493,8358.4066,9424.3274,7745.5279,12710.3385,8220.8327,12433.0585,11671.0182,8596.0358,5835.8426,5138.3999,3563.2062,10937.3350,12616.8962,8472.0929,9969.7330,9575.9332,11645.5271,10187.3487,13727.4230,11905.0809,11909.6869,10801.3380,3654.3713,13779.7719,392838.1756,410395.1175,393824.0735,396010.5173,387452.4208,398266.7085,395379.3268,393777.0366,336331471.7626,336287514.8482,336308855.2806,336311098.3339,12981.9718,7648.9210,459.6418,10158.5938,7621.0332,8966.5885,1461.6219,13432.6240,10073.9825,5839.3239,8351.2830,8083.9615,1671.2505,11871.1937,10270.8241,6381.4951,6498.8987,10386.7453,10208.2221,8147.5926,3939.5863,8771.6139,4946.4553,11702.6103,2532.5367,4501.5727,9546.3837,13706.3178,5078.7637,6111.5335,7821.1023,4222.7459,6992.7737,10760.0846,1653.1391,1197.2940,9906.8924,3152.1271,13248.6180,8063.3858,11567.8836,11463.3632,0.0000,8142.5257,7492.7225,6716.5475,5759.1643,7875.0743,8118.8217,3454.1368,6292.9111,7850.6211,11538.1104,8662.9282,12170.8866,9812.3612,855.2252,11588.9811,10962.9470,1258.3953,13107.9497,5998.8933,1767.4202,7553.2789,12908.0185,7822.8557,6944.4534,7984.6001,9436.3661,396148.6448,413677.6354,397127.6624,399273.7387,390850.8887,401481.0576,398392.6704,397061.5288,336327701.9156,336283745.9339,336305085.9682,336307328.9353,8292.5772,13077.9423,10340.9635,13193.6591,9281.8644,12971.8266,6692.8842,11097.3931,10030.6134,8384.0538,12851.6557,13352.9612,10080.0078,8963.0523,11993.1071,13269.0669,9329.0297,8589.0027,12183.0655,12339.5153,10437.1571,12909.2455,5121.6904,12177.9733,10920.2122,6873.4193,3420.6798,11738.6306,13539.8771,9493.0559,13632.9674,11145.1102,5754.8329,13239.0730,13050.9990,10082.5665,13473.3366,7757.0243,11614.4234,3609.2056,5181.0841,0.0000,12561.3712,9169.7701,12207.3746,10339.7410,8395.6799,12964.6983,12140.8304,13506.3519,10047.8206,4704.8591,7484.6205,7005.2996,8732.9350,13086.0232,8452.5622,10138.7401,12344.9849,7642.0737,13446.8066,12383.3714,12622.7661,7266.5678,10232.4498,10103.0997,8750.4604,11538.2914,390149.1324,407999.8314,391188.3122,393527.3910,384949.6578,395675.3124,392870.1359,391236.5810,336333699.0302,336289742.2746,336311082.7867,336313325.6252,7981.3767,10782.7008,12592.3390,8575.0336,7648.8229,12324.7417,11855.4948,2570.0439,3216.8292,12727.9877,8861.3881,13201.9464,8900.3293,8809.6769,11931.0190,9598.1825,9430.8410,11158.3938,7343.7165,9248.7247,9577.9201,7807.2893,6349.0781,3658.1993,4380.4062,10449.5239,6624.5873,11868.6032,6477.7864,10619.8106,7590.0054,5256.0810,8737.4034,8231.9541,9980.1935,9939.1454,13025.3018,10118.6553,5433.8974,6289.0759,0.0000,11816.5545,5414.6462,9501.8788,4278.5051,2616.1010,12773.4311,6312.1083,11900.6162,7725.4908,6912.0275,1350.0003,9905.4534,7678.1277,8248.4205,11406.0710,11763.7909,6527.0215,12582.8778,11449.2604,6392.6510,11913.7575,12235.4547,8070.2949,6279.4239,3335.7547,12388.0644,390392.9205,407899.5591,391367.8142,393514.2446,385026.8661,395759.5141,392760.9506,391298.4449,336333705.5466,336289749.1101,336311089.3262,336313332.3521,10189.9583,7278.9025,8873.2259,1706.3019,13357.2686,10007.7886,6236.5189,8698.3739,7708.0116,1213.0623,11710.6118,10423.5496,6507.9632,6085.9834,10502.3098,10097.9713,8085.9739,4192.7374,8883.7896,4925.1004,11744.3888,2704.9448,4869.8183,9719.3327,13741.1172,5386.6103,5728.9355,7855.9198,3890.7159,7222.2590,11019.6784,1204.8430,819.1078,9994.0531,2713.5910,13083.2579,8102.3221,11752.6695,11692.5003,0.0000,7999.4362,7589.0652,6787.3868,5972.6665,8126.3412,7786.8877,3822.5754,5948.3767,7797.5927,11626.1127,8961.0502,12269.1062,10024.5800,463.9749,11408.8845,10927.4240,1624.9807,13017.6657,5735.8161,2068.3681,7167.4595,12748.2375,7743.1178,6988.1607,8338.7726,9104.7930,396358.8775,413904.7196,397340.9731,399495.3469,391073.8378,401695.3524,398607.9961,397280.1581,336327456.4091,336283500.4526,336304840.4845,336307083.4379,8107.4525,13625.5637,9173.2514,7489.9103,2159.7076,9874.6342,8645.6099,9480.6755,10414.3536,5687.1023,3005.3301,4754.6829,10035.4934,2098.0034,13667.3929,3336.9239,7360.7715,2225.4821,6168.2857,13107.0272,11528.2996,11156.3804,12854.4304,8593.1853,7058.5930,8884.4271,13569.2027,8530.6678,5085.3343,8192.1723,10469.6912,10555.6464,1252.0476,9913.5559,9831.0236,2710.7408,11445.3026,7891.2105,0.0000,4408.6967,13141.8355,4345.5358,12528.2587,12351.4008,7961.2421,8411.1785,8147.5396,13718.2999,12847.4857,11388.3395,4372.6946,4383.7836,9935.0374,12977.6591,1910.5616,10401.6858,6651.8367,7092.7683,10952.8300,11574.6715,11591.9943,13710.1306,13380.8599,8497.6070,11963.4662,399825.9711,417489.2379,400832.2596,403071.6441,394518.5810,405283.4270,402404.4456,400819.3919,336324270.3952,336280313.5759,336301654.0121,336303896.9964,10652.6571,7572.7980,9835.8435,6440.5826,11495.0790,12396.8811,2071.7620,6484.3619,6520.6286,10201.4996,7629.8606,2751.4504,9660.7165,10886.4402,5594.3051,8145.3818,8507.6623,5787.5044,13025.1426,9196.5455,10984.7830,13198.4067,12155.7212,9196.3685,1832.5779,11487.7407,3812.8030,9227.7057,13023.5055,6563.2936,7073.9501,8845.1919,4939.8750,9131.1884,7071.3774,13851.1299,13061.5117,0.0000,4265.2934,11650.2767,7061.7821,11420.1302,12747.4232,641.8927,8979.7966,1589.1507,10781.5840,13352.6354,13194.9205,10972.1530,10863.7424,6839.3327,9999.1194,7585.9033,8499.3270,9072.1078,2777.8640,8943.7699,4969.6140,10017.5470,10514.5822,11129.5923,12152.3247,6246.4176,400616.4251,418431.7489,401649.0148,403949.2778,395479.4630,406063.5539,403091.8082,401678.4405,336322879.9995,336278923.9365,336300264.1383,336302506.9326,9998.0208,11498.0819,13362.3766,9557.3178,10911.3945,9359.9814,8635.5844,12309.9370,13389.5612,12647.9700,8783.4938,13564.4914,1678.8043,13058.1384,11337.6560,13191.0306,11849.4525,5045.2673,7282.0857,8141.3414,5587.3130,11048.8165,11708.9651,10019.3979,2777.4845,10326.1144,12687.6816,11264.4428,8449.6032,8314.9905,13606.3912,8926.0007,9677.7736,13190.5095,8245.9507,11597.4384,0.0000,12718.9543,3737.1337,12844.1466,5938.4400,6530.8140,10708.5636,10728.6924,10621.4572,1760.8110,5694.8939,8181.0173,13152.8471,13039.7832,8962.0457,4677.5687,13463.2562,8438.0427,11938.2632,11369.3792,8119.8813,6872.3351,7472.1473,1642.6083,3430.2467,10968.6594,6313.7809,390079.4999,407942.5597,391118.7368,393440.1678,384984.9665,395528.8392,392549.5339,391161.4083,336333282.2448,336289326.3785,336310666.5342,336312909.2591,13197.3913,9228.9623,5554.6255,7780.5842,8379.5139,2691.4510,11484.6878,9270.7544,5078.9148,6976.2004,9381.2965,11136.0418,7163.8860,2556.7112,7649.4312,3808.3860,12263.5748,3691.7761,4824.1773,10078.7895,13489.6334,3819.0665,6229.8722,8837.3708,4079.5275,5733.6757,10254.3081,2752.7790,2503.6427,8856.6967,3722.0248,13377.6989,6923.7580,11677.6349,10945.0718,0.0000,7346.4513,8402.6134,5463.6059,6571.5388,8342.3683,8059.6737,2329.9670,6191.6295,8973.1829,12015.7726,8772.0927,11433.3583,8822.9336,1733.8176,12323.1328,10150.1563,2107.0175,12792.6346,5532.7687,2755.0884,8371.8410,13316.9449,8968.2504,8014.3611,7368.4322,10198.9094,396937.8184,414434.9188,397911.3510,400043.3725,391609.3675,402268.4019,399189.7874,397835.8831,336327009.4293,336283053.3325,336304393.3970,336306636.4005,7177.2417,12866.5686,11537.2532,9723.4169,13219.4222,4331.7590,8159.2478,10963.9773,11016.7104,7793.5752,10613.9419,9213.7230,12441.4926,8945.2779,11460.4785,9679.0561,13730.7890,13584.3499,11783.0099,3741.4602,12280.6652,11023.5557,12658.9861,11933.2533,11049.8562,9415.8759,13180.9578,13292.2940,8074.1934,12541.3837,3568.4068,9454.7506,9691.3372,8611.7458,0.0000,9141.2845,12631.6232,10678.8910,13500.6829,12717.0016,9353.9147,12955.7512,10775.1386,12519.2711,9906.9126,12127.8973,5699.5706,9059.3286,13136.2972,8627.6515,6111.8213,13413.0076,1240.1858,10842.0678,13705.6323,10975.5875,5837.7175,12463.8744,13020.3769,11671.3265,9740.9564,396196.5655,414180.4655,397261.4552,399671.3364,391082.1719,401770.7726,399005.3586,397354.5020,336327501.3467,336283544.5942,336304885.1649,336307127.9218,10901.9852,10139.9133,7875.9318,9981.4638,4214.3162,5067.5570,5416.8679,8681.0508,4197.0946,13338.9222,2558.5697,7865.8093,3870.7811,5955.4939,13393.8234,11606.4383,11782.1579,13490.6756,9137.6649,7960.3656,7515.1846,13657.0904,7626.0092,6370.4175,9793.7974,10050.8103,10258.4267,3343.6192,9162.1220,8987.8024,3227.5724,12415.8019,9489.1352,0.0000,2943.2081,13389.6276,4753.0335,12937.6066,13089.5404,6215.6192,9009.4249,6745.2627,13568.6828,13322.6967,12443.0173,5825.9097,6357.5441,9678.8360,12321.4801,1539.0722,10519.0221,6140.4274,5881.9934,11082.0394,10340.5357,10924.8965,13488.2513,13460.9644,9970.0452,10733.8128,400865.3604,418597.5853,401884.1376,404156.4161,395613.2051,406336.4783,403454.9018,401892.5500,336323059.0164,336279102.3317,336300442.7456,336302685.6698,3162.5905,11952.1277,7291.3750,12909.7409,8266.8742,6945.0120,10968.4654,8894.7852,10589.1214,9729.1343,5082.7618,8044.9039,7644.8925,9765.9781,5155.3311,2450.7010,6549.3868,11584.1861,4384.3008,10611.6531,7510.8149,8988.3535,5832.7358,6253.3664,7206.8991,6685.8772,9043.4319,8467.9738,13663.9474,8648.0220,7685.5135,7287.2305,0.0000,10448.7950,6532.6573,7710.8314,4584.4258,4465.6666,11768.9413,3929.6002,10559.3486,8513.3181,9027.0046,3913.2497,10026.2172,7064.1386,6511.1407,12390.5785,11091.6633,4804.2082,12878.2185,9898.5316,4822.9452,11457.2522,13208.3149,8775.0824,6993.8216,2881.2515,12397.9650,392525.7022,409969.9771,393489.4450,395601.4973,387130.4344,397864.1607,394830.7334,393399.3127,336331642.6024,336287686.2096,336309026.3753,336311269.4403,12984.1015,9642.6172,12184.6442,6307.1779,7038.1157,12430.6442,7131.1077,11547.0218,9569.6981,6420.3772,6941.8181,8564.1491,9674.0842,7995.5496,5486.3405,7066.9678,9744.3218,5214.8828,11944.8436,9233.5850,10569.6453,5371.7895,3413.6702,9576.9349,9156.1802,7631.0121,10486.6723,13056.5039,8183.3362,6444.2691,4498.2753,0.0000,10549.7704,8258.9105,7772.1764,7030.6126,5754.4614,12536.2247,5821.2269,11724.3466,10279.9861,8769.0177,4008.1497,7800.1759,4883.3275,8861.1321,12866.3619,9931.2305,7512.2704,11621.1974,10911.9806,7655.9472,12966.8726,12963.0850,10554.4550,9012.1922,500.9100,13497.0496,392463.4864,409926.8497,393431.4706,395561.6859,387047.4309,397835.8529,394868.2017,393350.8530,336331837.5086,336287880.8234,336309221.1176,336311464.2046,6771.4110,6970.1460,11343.6916,9159.3324,1964.6327,10869.5316,9473.9547,7360.7039,9320.1119,9916.3944,7357.8844,12084.6835,9178.7514,11163.9302,12647.2168,12020.8829,10349.8241,2661.5319,10594.5121,4911.4626,10561.4723,13455.1541,6799.1687,7301.4972,10193.2010,5276.8045,8288.9186,8701.8774,13545.2371,13480.0355,0.0000,6113.7937,10937.5293,8694.1213,11108.6195,12470.6478,2005.9227,9916.8048,3113.1726,9685.7056,12573.7907,13167.4034,11717.2137,11925.5469,7316.5025,8417.9265,8781.9440,8834.7803,9145.9859,4572.5188,9154.2626,3227.7984,8760.5478,9363.9870,10338.0738,12789.3768,4293.2976,399400.3761,417285.8273,400445.5127,402780.5571,394316.4252,404864.1362,401898.2115,400497.1227,336323964.6256,336280008.6764,336301348.8680,336303591.5998,11382.3874,10937.2919,7041.6095,5037.8694,10927.6012,9807.4791,8114.0919,5058.1077,9328.9732,5155.0854,11853.8407,3342.3918,5849.0658,10175.0868,13876.0417,6328.9207,4825.3112,7967.4280,3250.6543,7970.1632,11741.3339,203.4079,754.0452,10360.8379,1652.2775,12684.7563,8388.1127,12246.5107,12338.6248,0.0000,7806.4380,7864.6407,7184.1190,6567.2136,8791.0565,7014.2057,4900.0337,5180.3865,7678.1902,11858.0115,9747.2916,12614.0968,10680.6463,970.0399,10934.9731,10963.5015,2693.1396,12851.5173,5249.0132,3002.4054,6152.9166,12343.1311,7553.1463,7136.3723,9304.4756,8234.9367,396812.8783,414405.1792,397803.4482,399980.7326,391562.9133,402160.5541,399076.1917,397757.3132,336326906.9105,336282951.0239,336304291.0495,336306533.9646,7837.9205,8975.9718,8487.7617,7109.1586,11799.9861,6201.5660,10798.1642,7475.2054,8934.9788,12142.6388,12899.9489,13402.4998,13476.2181,7599.9393,11019.0238,8067.0694,13415.7474,9214.4502,9788.7059,11081.1132,11404.7627,11677.5634,6756.2722,10324.1610,5381.9372,7133.0805,12265.3719,10539.8499,0.0000,5693.3066,13427.0894,8402.5261,13766.1951,13776.8742,5980.6299,11677.5985,7623.1687,13042.4351,12401.4372,13422.5492,6809.0307,9054.4083,11373.5068,9880.4043,3909.7591,12247.7525,3190.5411,7647.2746,12681.2602,9301.9549,7831.1882,12891.8500,13478.6006,12138.6169,8768.6201,399838.3751,417769.1930,400893.4969,403269.8126,394712.0926,405376.8540,402553.6536,400966.9624,336323806.3312,336279849.7379,336301190.2139,336303432.9924,5105.3175,11608.0323,954.1153,13508.7556,5624.7067,7172.6224,2373.3487,7196.2848,12128.2191,11188.5556,10043.4681,11400.8447,7871.2582,6313.1144,10630.0985,12879.4736,9873.5041,4224.2351,5596.6350,10956.8790,10870.8857,1913.8690,10872.1925,10774.7346,4224.2283,9590.8976,5352.8566,0.0000,6860.5616,12257.2787,5217.9007,11532.5101,10830.6588,10124.9028,7856.2154,10018.9380,13349.0109,11615.2284,9454.5066,3192.2212,1545.9840,10291.8968,13319.1490,4453.2549,10166.2616,7718.5166,8945.6734,10636.3984,12827.1034,12094.3730,13441.7045,12737.7107,6239.5175,13140.5036,397500.5294,415089.7299,398493.1656,400696.6653,392136.1217,402941.0762,400061.1510,398457.1534,336326770.6618,336282813.7292,336304154.1785,336306397.2211,8745.5401,5023.8765,13270.3989,3474.2092,2894.3600,2992.2561,2499.9839,13317.0317,8162.0217,7935.9290,11794.0419,11486.9710,2894.9708,7387.0241,11885.6666,5830.0002,1964.6468,8541.3378,7128.9174,7112.4730,4294.5662,7025.9523,12376.2641,2300.5020,11683.1186,8888.9837,0.0000,4593.3185,11334.3680,875.6994,9917.4359,10471.8669,7865.6931,4180.5843,6743.1016,12141.6730,12945.8239,9856.9776,7846.2357,5121.9919,6317.8817,13557.8306,6242.5655,6711.6219,10310.1843,5317.1604,7335.5098,10603.6459,13307.4556,12159.4193,11365.3208,6652.9311,11847.8167,399182.6346,416690.3608,400159.4779,402308.4921,393813.7675,404556.4262,401565.4616,400092.1165,336324965.3508,336281008.8113,336302349.0578,336304592.1116,11246.5765,9238.7052,7635.1878,8340.6515,10039.4961,6680.4698,12041.4835,7625.7130,9905.8260,12051.4730,12874.9425,9511.7656,1799.6047,9669.3158,3662.1677,10134.8614,13371.8664,5067.2982,5607.2254,10560.6469,3532.6828,9684.7253,8789.8319,13433.9782,13564.4237,0.0000,6540.2607,9988.3204,8403.4785,9892.3966,11593.0835,3118.8250,8788.0362,2682.8646,8777.1655,12455.4056,12473.2981,12373.8559,11970.3989,5704.9226,8856.8969,9687.6341,7323.4550,10507.6749,4172.9078,7610.2330,2646.5252,9764.1841,8458.7719,9254.7718,12194.2308,4697.1500,398806.1217,416621.7493,399838.0826,402133.5068,393691.0241,404235.2788,401225.8975,399865.6060,336324603.8142,336280647.9574,336301988.0777,336304230.8442,13637.9111,4978.9721,7337.4529,2069.7417,6975.3380,12470.2729,11448.4497,10533.3836,11941.6031,7938.2813,6636.8815,10216.3557,13214.4960,9593.1905,4506.8355,6423.4138,10958.1812,10926.0453,1128.5805,10721.5510,10422.1359,3733.0427,10190.5366,6117.9441,0.0000,6186.9370,12653.5175,4974.6085,11982.4005,11419.4831,9553.8044,8152.3935,9562.1705,13585.0362,12037.5947,10156.1663,3190.9549,2469.7170,10330.4627,13256.5799,3563.6695,10389.4060,7228.5110,8490.9131,10888.0233,12556.7027,11921.8114,13646.7315,13068.4711,7042.5768,12863.8465,398274.3411,415889.5687,399271.8443,401488.6956,392927.2270,403723.1856,400848.8356,399244.2752,336325951.6944,336281994.7755,336303335.2309,336305578.2560,13347.9895,12277.3864,13479.2681,12569.9950,4361.3316,8719.0581,9437.2427,6136.7548,10214.6783,12590.3163,10521.9349,4225.8148,11103.7180,13311.9463,11411.7329,9633.6188,9553.4644,13732.9594,9895.2474,8543.5638,13545.3353,8120.6395,11585.8942,0.0000,12965.4335,5059.6497,13402.7624,7352.3370,7516.8250,10843.6394,11788.1892,11090.0969,3428.2498,5288.1803,8901.5988,12879.9521,13281.8274,10137.0280,3236.3676,13303.5244,9740.5120,11161.6374,11895.9596,9488.4856,7186.6941,6096.7205,3315.8209,4991.5424,11650.1698,6041.5682,389964.7070,407899.4094,391017.3089,393378.6310,384905.8986,395446.4478,392505.6676,391084.3933,336333341.3517,336289385.4282,336310725.6418,336312968.3265,5829.6013,3510.7924,3568.6626,13794.6530,10019.0857,10417.5250,13254.1179,10817.6876,6202.5610,6161.6381,13031.4716,5670.6924,5012.9641,10104.1283,8215.5149,8433.0624,3909.1335,7370.2559,10541.1432,1778.5483,12815.9011,10090.4240,0.0000,1475.2830,12719.0157,2650.9396,11862.0709,12437.0862,5628.7102,7119.5161,5311.7020,12956.0194,13671.7900,11970.6696,7411.6427,6494.9484,7742.7960,12815.5138,3935.3899,8744.4262,8284.9600,4026.0135,9363.0027,9682.1328,12041.4212,12873.6708,12650.1364,9288.4152,10649.4637,401072.7521,418719.5797,402075.4385,404298.1651,395786.1226,406498.5339,403556.1926,402053.9590,336322877.6448,336278921.1052,336300261.4174,336302504.3821,5529.9197,2909.7048,12640.1384,5665.4113,5542.1734,10476.6555,12577.1544,1481.8596,7267.2690,10147.3879,5203.7952,3275.0758,8827.4810,5124.1531,4931.0669,6836.7649,5655.1971,13301.1008,5063.7330,11256.6056,9475.0518,0.0000,6498.3914,9547.3430,3529.9161,7731.1901,8766.5226,8529.7380,1423.8605,6919.9865,10485.9620,12238.6758,8545.6905,9723.9647,6680.0687,4151.3107,13199.8386,8676.4699,4126.5376,11970.9834,5786.4850,4737.2137,9937.9905,13636.7431,10533.7270,9459.9295,5965.0364,11474.7766,397524.0349,414985.5855,398491.6724,400611.0623,392148.8109,402862.8715,399817.9562,398406.9718,336326590.0183,336282633.6789,336303973.8239,336306216.8811,5024.5995,12840.8610,10136.5436,9487.5425,11913.5980,9378.5359,5004.7476,8833.5417,12701.1802,7913.9591,2891.3568,7213.0362,9383.2788,9371.0588,1354.6595,9141.2692,11067.6681,1902.7770,10824.9675,7207.8990,0.0000,4881.7928,12143.9549,2924.9713,11172.4026,11055.5886,8519.4007,6526.8487,8141.1939,13013.4248,12439.1524,10029.7743,5098.4961,3085.0529,8692.8023,13321.9963,4036.6778,8910.8878,8285.5272,6895.5201,9467.9599,11626.2172,12397.6178,13052.1513,12403.1801,6716.7487,12313.1709,398936.8142,416509.0357,399926.0728,402115.7281,393580.6122,404355.8382,401434.9051,399882.5378,336325253.0370,336281296.2660,336302636.6390,336304879.6767,13434.8996,7147.2805,7860.2605,12047.7441,12453.8593,3963.2631,5211.3011,11309.4820,3436.4111,4261.1322,10228.3076,5283.1432,5432.8341,6127.9818,4846.1935,12191.5017,3639.6685,12575.1064,10601.2339,0.0000,3889.3542,10936.8803,2289.2638,9571.4883,10724.8695,6168.1862,4203.6913,4608.4023,11300.7955,13245.0874,10617.5043,9500.7541,7329.0919,4612.6035,12837.8300,7132.0805,5685.3076,10761.7211,3181.5352,6344.0431,8788.7736,12954.9284,11239.0740,10695.5537,8169.7066,10378.3941,399751.7809,417302.6894,400736.0927,402901.9392,394432.8227,405121.3661,402100.8779,400680.5573,336324214.6893,336280258.3770,336301598.5513,336303841.5505,10137.7876,9499.2725,4039.0742,7788.7578,12437.2410,12876.5923,5541.0412,13058.0371,12767.0908,8654.2914,11686.2971,11460.5127,12917.2532,12178.4593,8797.5641,13514.2355,4370.1865,8718.6550,0.0000,13830.0458,5613.8911,13589.7304,7752.4144,6294.8119,12920.2849,12071.9355,13190.2426,5976.7003,1207.0450,6811.8400,11035.6937,11691.4875,11838.1864,5716.8535,12928.7212,10944.0200,10521.5566,13559.5066,10735.7141,10584.2541,6704.7099,6192.7493,6455.5608,9949.6192,9456.7280,388057.1678,405939.1297,389100.4750,391443.3176,382924.4853,393553.0039,390668.4069,389153.5618,336335485.1072,336291528.8169,336312869.1558,336315111.9168,3015.3888,7629.0713,13494.8485,6353.6083,7755.1285,5656.6571,6332.5341,8307.7722,10378.8329,3178.4770,2596.9553,11183.7159,4834.4765,13297.1988,9790.7874,10278.1322,11170.3622,0.0000,10046.6324,5279.3936,8602.4928,3432.5082,5918.1996,9617.9901,4693.0162,8104.8169,5891.0466,9945.1282,7173.4353,12725.4911,10523.5636,3100.5002,10699.0931,12258.8078,1613.5018,13631.9364,8073.0303,1016.7243,7834.5027,12440.8976,5951.1329,4697.5277,7724.8456,9372.4475,393660.8599,411206.0492,394642.3108,396795.7425,388376.7055,398994.9331,395904.9976,394580.8013,336330143.5095,336286187.5818,336307527.6054,336309770.5508,6219.7455,12611.3389,5490.6028,9824.1273,5929.9316,8260.4074,7355.0164,8210.8964,5723.7974,5135.0086,10523.3375,7242.1897,13755.2200,9690.8611,8494.3939,9169.1773,0.0000,10836.3945,5060.7705,8594.4459,2659.2625,3991.2082,11324.4117,4230.1505,9973.7177,6816.0953,8960.0289,4696.6127,11638.4484,9038.6493,5241.0379,11573.9870,12156.6147,3259.5983,13606.4985,9604.0211,2981.7168,10131.7841,12952.5696,7055.3159,5188.4713,5253.4882,11260.0891,392209.5260,409687.3175,393178.8191,395302.4208,386859.4581,397539.2431,394471.6433,393097.2373,336331793.5635,336287837.4065,336309177.4927,336311420.5071,9740.3555,10137.9711,12602.6107,3936.8051,12061.3820,10964.6701,7323.5615,9999.9787,9593.3151,12358.0980,11005.0000,11537.4843,12639.0384,3934.0918,7915.2361,0.0000,13538.0386,3226.4105,12287.9067,4557.3866,2426.2639,13272.6514,9563.1238,12877.0996,5239.0125,3256.1741,3354.0803,11311.2559,10529.2151,9946.2362,8532.9996,13249.2086,8503.3628,12367.5157,12947.3470,8192.3197,11082.5120,9893.1545,5648.5356,4472.0891,7301.9702,10845.0607,387969.4578,405655.1970,388976.4231,391213.6591,382723.9572,393388.8521,390426.0883,388964.0642,336335795.4000,336291839.1329,336313179.3684,336315422.2542,12062.4660,12936.3004,11692.9095,13337.0719,10938.7834,6954.7572,13802.1408,13744.2383,8640.1952,13630.4344,5974.6042,10469.8474,6775.7698,6029.8929,0.0000,11130.1204,11465.7242,11481.0669,12418.7339,10925.5787,11801.9548,12766.3718,12745.1976,11956.3322,7682.6727,9972.4514,5116.5878,8234.2608,13637.5194,9068.9026,7935.4094,13348.2459,4720.6142,12637.0580,13538.7940,12590.0365,6794.1365,12035.5246,12182.7951,10019.6638,11411.0057,393048.3848,410958.2882,394099.4142,396473.5210,387874.1688,398607.0215,395843.9460,394169.1410,336330812.3648,336286855.4881,336308196.0761,336310438.8930,8483.1423,10369.0423,6554.8582,2317.7152,7708.7365,6367.8740,6104.9683,6313.1642,6988.4615,13458.7191,5048.1721,10564.6788,8401.2610,0.0000,7117.1458,9652.5950,3729.0498,7824.9006,8413.6479,9515.3388,1816.2694,8101.0390,10884.8929,11913.7553,7846.4942,8989.9558,5591.8589,5406.3734,13558.9321,8554.1207,4959.4079,11872.4254,6932.0074,5485.2830,10965.7997,13826.9207,10985.8079,9753.8853,4743.6946,12297.7649,396888.4320,414324.7553,397851.6348,399960.9674,391484.8782,402228.9264,399199.7926,397759.9129,336327326.8261,336283370.3645,336304710.5480,336306953.6350,10582.5052,2359.9507,8963.6237,13009.6129,4915.2821,5470.7369,9417.2160,3211.6944,10239.8255,7395.6473,13719.9963,13206.6662,0.0000,5053.1250,10733.2871,6962.6446,10283.8027,11919.0488,2439.0269,7950.4511,936.8072,9884.6073,13157.7300,12554.9391,11724.2282,11057.6383,5285.9302,10162.0312,8696.7934,7081.5615,10365.5435,2437.0726,7502.2698,4409.3467,10707.0655,9619.9517,10095.1033,11663.5610,6289.3867,399920.7561,417680.2232,400942.7269,403210.6463,394761.8683,405337.7734,402326.1913,400952.6377,336323601.2267,336279645.2658,336300985.3995,336303228.2178,10255.1101,11647.8110,10191.0088,7767.8892,7442.0348,13309.8942,8748.2337,11505.0607,12849.4857,7461.1179,10771.9598,0.0000,12944.6895,1103.9508,12257.2989,3429.1966,4177.8034,11652.2298,9256.3140,11099.3502,1501.5692,5624.1897,6163.0764,13111.9432,12234.8743,8074.6822,7214.6073,13793.6237,6983.1982,13053.5074,11538.3127,6542.2412,8315.7145,9593.8475,1953.5152,1036.5888,9274.8577,8407.4337,389372.0462,407102.7275,390386.8057,392638.8481,384193.1804,394776.2637,391758.8471,390385.9765,336334173.6830,336290217.7632,336311557.8776,336313800.6944,7388.0290,12153.3097,3399.3779,3896.0403,8787.8797,2000.5791,11635.6020,6491.4446,13320.7457,12516.7430,0.0000,5022.1425,10198.3218,5573.1378,9208.7033,10960.0814,4399.9195,5889.9562,2268.1197,9827.4143,13140.0816,11498.7696,11531.4565,10061.2605,3426.9766,11320.0759,8857.9266,5321.4751,11300.8074,2095.9618,5839.8019,5941.9963,12002.9478,9643.8626,9607.1151,10223.3966,7967.9022,399523.0871,417170.0291,400524.3718,402733.5963,394292.7859,404902.0660,401858.7215,400497.5302,336324169.5107,336280213.4999,336301553.5990,336303796.4977,6995.0486,8019.5488,7862.9027,4189.6726,8256.5013,12750.3221,3437.7290,10567.0977,7442.4499,0.0000,6249.7695,10952.8495,2725.5343,9469.3280,9588.7674,9422.8617,4069.5549,8404.7913,12135.4480,12235.4754,8641.3462,7172.0895,3720.8058,7143.8222,13828.2610,6784.3958,6974.7838,10553.6750,7093.5953,7517.6694,11695.8150,13542.8618,12225.4667,11181.9898,4990.5000,12752.8687,397782.7909,415251.4451,398752.5349,400883.9881,392378.4680,403152.1491,400170.7213,398673.5105,336326485.8471,336282529.1976,336303869.4721,336306112.5619,11668.3073,11346.7922,7295.4701,12249.5419,11410.6131,8815.4683,4841.4024,1154.8931,0.0000,11052.2812,9365.0170,9054.1538,9021.1854,7130.4901,12993.7159,8564.9554,12750.1981,11146.6883,7737.2756,5185.4574,5665.7858,4501.3092,11096.2782,12141.3750,9086.7033,10029.0038,9717.2111,12065.4812,10186.5959,13655.4915,11528.7403,11406.5290,10295.6532,3820.5236,13602.7548,391920.8385,409497.2352,392910.0571,395106.0009,386548.9280,397354.0693,394468.8176,392868.9797,336332342.1330,336288385.2515,336309725.6810,336311968.7162,620.5811,10408.8227,1754.9401,12623.2106,8474.3091,12107.4960,12269.9706,0.0000,7913.1052,7669.1706,7283.1623,6387.2568,8624.9785,7084.0192,4921.8223,5287.8188,7480.3062,11692.3200,9609.1112,12602.9780,10685.4535,1019.1798,10799.3555,11011.4818,2602.2715,12831.2949,5381.7114,2881.7728,6096.8849,12240.7574,7357.3854,6935.0584,9245.1827,8155.2790,396617.5195,414212.8188,397608.6009,399787.4204,391369.4428,401966.1235,398882.5922,397563.4122,336327096.9235,336283141.0395,336304481.0657,336306723.9782,10424.0947,2354.7152,12802.4753,8567.2487,11770.3997,11991.9998,0.0000,8225.6453,7279.9536,7339.5369,5864.1282,8128.7506,7578.1604,4569.8327,5812.8482,7257.4338,11416.9671,9123.6379,12550.0747,10514.4394,888.1650,10874.5766,11168.4960,2012.0820,12981.0149,5824.4513,2263.8768,6503.9945,12353.6741,7169.0174,6578.6681,8824.2993,8475.0889,396141.0488,413718.4933,397128.8008,399298.5688,390880.4267,401484.4676,398398.1303,397077.8495,336327605.6296,336283649.7291,336304989.7539,336307232.6793,10055.6975,10494.5159,2699.9201,10898.2169,7074.8273,0.0000,5168.1113,12790.8222,4099.4145,12037.5213,11734.4064,8759.9153,7802.9633,8711.1922,13590.8153,12548.0731,10627.5708,4107.6936,3216.9168,9786.2488,13305.5903,3067.9482,10037.8307,7375.7742,7571.9496,10576.9332,12053.0200,12057.1105,13622.2392,13101.6365,7479.4497,12507.3644,399123.3869,416738.1562,400120.7414,402335.3698,393783.4671,404565.9010,401676.9924,400092.2471,336325060.1010,336281103.2468,336302443.6744,336304686.6938,11872.0443,7978.2145,12799.6618,12715.0964,0.0000,6800.6518,8770.9589,6965.7513,7820.3345,9878.4799,5496.7573,5866.3446,3644.7951,8252.9062,12298.0529,10756.5916,12388.8872,10849.6724,2310.3031,10544.2746,10239.1882,4197.3900,12078.7589,3997.5061,4556.9396,5111.3306,11750.3204,8057.7259,8031.0940,10162.6008,7310.7708,397942.7271,415592.5994,398944.0584,401151.8455,392727.0554,403311.8769,400247.2455,398916.9485,336325695.1193,336281739.2339,336303079.2856,336305322.1644,11154.3587,10388.3788,10823.6171,0.0000,10031.8670,11787.1697,12069.2673,13105.7971,12725.2336,8625.8184,13680.3167,10273.0237,10997.2392,9435.4226,12737.2628,8822.3900,11506.4755,12854.8371,5865.2505,8418.2963,13287.8056,4031.8311,10857.6538,13482.4484,8942.8561,2892.8853,10844.7042,11953.3897,13165.5677,7141.8334,395485.6572,413570.1102,396568.2730,399023.7402,390463.3517,401070.2103,398282.3499,396691.3996,336327930.3067,336283973.8638,336305314.3580,336307557.0107,12004.3106,8865.5268,0.0000,3220.5736,12395.8823,1694.3534,11366.2360,11694.1669,7138.7114,6310.6543,6619.8165,12979.9412,13238.7590,10980.5241,6574.8021,4934.3339,7836.2594,13291.1161,4107.0376,8463.1684,8646.3680,5258.3879,9076.0962,10675.6386,12530.7986,12960.2117,12464.5735,7894.6205,11608.9470,400174.3091,417761.2021,401166.0964,403359.7581,394841.4859,405586.6767,402643.1890,401125.9256,336323915.6734,336279959.0336,336301299.3584,336303542.3733,5014.5192,0.0000,13315.1909,6852.3273,12122.2001,7785.4785,5350.0534,13784.8602,10666.6113,13775.4174,8466.7503,3266.5387,4329.8594,8737.4548,8812.9484,11885.2380,9313.4566,11751.9443,10659.4979,10434.8879,13631.0147,10560.5580,12763.8471,9346.1057,8783.3034,8004.8919,6853.7565,12152.1605,388462.9162,406182.7355,389477.1994,391742.5571,383198.6707,393928.0344,391049.7461,389480.2169,336335457.3638,336291500.7392,336312841.1363,336315084.0428,0.0000,11017.7438,10019.2088,9313.7939,9871.7680,7984.6914,12976.1903,9342.8315,12918.9850,11643.1162,7869.4851,6128.4696,4847.5078,4508.3483,11732.7689,12026.8208,8627.0278,10803.6971,8952.9656,12261.1097,10987.3655,13829.8647,11114.5776,11880.3205,10942.7742,4871.8086,13619.7712,392198.0387,409814.5501,393194.8804,395413.9584,386843.3817,397651.9409,394793.5652,393167.8426,336332051.6586,336288094.7158,336309435.1894,336311678.2059,0.0000,0.0000,0.0000,0.0000,0.0000,0.0000,0.0000,0.0000,0.0000,0.0000,0.0000,0.0000,0.0000,0.0000,0.0000,0.0000,0.0000,0.0000,0.0000,0.0000,0.0000,0.0000,0.0000,0.0000,0.0000,0.0000,0.0000,0.0000,0.0000,0.0000,0.0000,0.0000,0.0000,0.0000,0.0000,0.0000,0.0000,0.0000,12753.5452,3786.4448,12054.0890,12827.0415,4273.3814,7740.4010,4172.6729,12699.7794,13833.0703,12580.3814,8264.4255,7750.9674,7606.7945,12245.5050,4430.1464,8864.8955,8170.7202,3094.6495,9465.7396,8678.5506,11538.7135,12566.7849,12570.0725,10276.3205,9676.6996,401457.7292,419155.6547,402469.6193,404716.6981,396212.4810,406893.2656,403948.6177,402463.9007,336322367.1128,336278410.6792,336299750.9729,336301993.8915,11767.8250,2572.9567,3091.8018,11829.1192,8583.4868,11177.5042,2537.0267,5461.8683,5123.2248,12617.2966,11513.6988,7839.6754,7916.1286,13498.6765,6536.4223,13014.0439,11464.3649,6096.6947,8885.9291,10036.8097,2964.3605,1254.4106,8305.5023,9091.3330,389349.9847,407036.0004,390356.6570,392586.8157,384136.3800,394744.2422,391725.2848,390341.7669,336334286.1167,336290330.1210,336311670.2448,336313913.0999,10462.5523,11067.8552,7275.1871,4872.0289,6249.2039,12420.5495,13281.4585,10504.7134,7820.9298,5482.0573,6544.7253,13498.9789,5719.7489,7162.9330,9947.5094,4776.9530,7799.8819,10371.7133,13141.5275,12409.3896,11755.3192,7407.5539,11603.6318,399844.9381,417380.0037,400826.8868,402990.1888,394493.0057,405228.3717,402245.4187,400768.4782,336324259.6366,336280303.1025,336301643.3593,336303886.3955,2788.0079,11704.9462,6571.3683,10630.8132,4476.9591,7366.8934,4614.4360,12530.9810,10635.0787,6317.5088,9928.1082,13210.1068,4609.9003,13702.4083,10641.7098,4113.0452,9412.4083,11782.9556,4789.8986,2700.7267,6954.7034,10201.8755,390496.8257,408066.2694,391482.3414,393651.2519,385212.9757,395849.6024,392792.0854,391429.4317,336333313.0465,336289357.0200,336310697.0993,336312940.0354,12925.0911,7674.6499,12148.8252,5586.2121,5553.4999,2196.0099,11423.2134,9794.3073,8420.1211,9979.6765,13042.8137,6710.6486,13101.9748,12033.6895,6371.9001,11034.0768,11391.1931,5991.1936,4132.6625,5874.1575,11332.3176,389032.0402,406612.5219,390019.7733,392200.2254,383729.1255,394408.9866,391400.4390,389972.4988,336334861.3512,336290905.1099,336312245.2835,336314488.2360,9374.3069,2203.9936,10936.5345,13272.8642,13329.4420,10727.5629,10852.0031,7354.6531,9777.2933,7298.2602,8949.6266,8573.8932,3246.7634,9387.9182,5091.0202,9627.9738,10667.9666,11346.4196,12311.0598,6118.4158,400636.3682,418476.0098,401673.5157,403987.5445,395510.4283,406095.3662,403138.5360,401711.3085,336322844.5231,336278888.4302,336300228.6562,336302471.4378,7746.5600,9723.8479,11613.5147,7565.1335,10273.5529,7134.4825,3939.0510,13043.5831,9704.4102,3249.8778,12606.1787,6806.2947,3767.1494,10090.0136,13733.3711,9815.1642,8525.7395,5363.0491,11605.0088,396248.6781,413690.6091,397212.4113,399320.3445,390866.0805,401576.3657,398517.1829,397120.7522,336327873.8210,336283917.5267,336305257.6457,336307500.7078,10489.3059,13417.8171,12628.4249,11210.7232,10515.8536,5492.8229,10656.4799,7997.6318,7273.9108,10042.5311,1601.2717,7753.4488,5241.4623,10961.7167,10249.2160,10614.4109,11432.4863,6959.9479,400434.6696,418177.9276,401453.8806,403715.0022,395258.2413,405852.2274,402848.6518,401459.1544,336323140.2033,336279184.1665,336300524.3224,336302767.1615,6330.4979,7488.9715,13506.7317,12854.3763,7958.8096,6349.0400,13783.4913,7213.4491,12871.2533,11120.3641,6806.2264,7156.6331,9007.9869,460.1333,1826.4227,10291.1932,7192.4322,390075.0638,407857.1034,391099.2579,393376.4148,384937.1950,395490.3185,392473.2506,391114.6783,336333368.7246,336289412.8955,336310752.9971,336312995.7703,5829.8452,10631.7895,11056.7394,11747.0292,6785.9481,12823.2446,10698.0526,10731.6687,13652.1211,10491.4190,11191.0541,7587.0936,6607.5111,6468.9182,9075.2687,10251.7674,387837.2620,405667.6788,388871.1598,391188.3150,382666.1664,393320.1203,390430.6830,388907.8290,336335800.8533,336291844.4926,336313184.8356,336315427.6383,10045.1216,8280.5172,9217.2773,10931.8905,12225.7828,7540.4932,12515.8380,12285.0684,7358.8549,12205.2749,11761.7924,7865.7362,6174.8396,4256.4676,12429.3530,389341.7344,406888.2431,390323.7944,392491.8805,383996.1281,394725.0766,391745.8544,390267.6209,336334707.9523,336290751.5007,336312091.7434,336314334.7433,4046.8797,12124.8832,12183.8466,4524.0970,11994.1832,5514.2449,10489.1227,12382.4265,13122.8636,10348.2743,13590.3648,13216.9160,7914.0177,12829.0722,396436.6968,414156.1161,397453.4395,399729.0695,391138.6711,401934.6444,399122.3265,397461.5926,336327726.9458,336283769.9280,336305110.4772,336307353.4415,9959.3062,13452.5058,5876.6898,9548.5699,8769.3054,9434.3918,9973.2570,13083.8653,12504.6791,12992.9708,12067.7084,4821.6998,13478.0735,396378.0441,413918.2104,397361.4349,399538.4855,390985.9703,401798.8520,398899.0576,397308.9985,336327950.4128,336283993.4984,336305333.9179,336307576.9887,11320.9274,10633.3749,2030.8880,12764.5184,5285.6133,2499.1216,6908.2838,12593.9788,7884.4076,7233.9283,8500.9535,8878.4720,396731.6056,414290.0594,397716.0860,399877.2593,391453.5094,402073.2628,398991.1410,397659.4867,336327067.2707,336283111.3089,336304451.3486,336306694.2950,12180.1147,11383.2294,9181.9168,11604.4931,11294.8185,6798.9467,3268.7048,6138.4963,7849.9291,12971.7952,4756.3168,391775.4533,409825.7324,392850.0284,395275.6663,386777.1542,397308.4894,394426.2715,392956.7923,336331449.9756,336287493.9670,336308834.2700,336311076.8904,11264.2689,5111.9871,7235.5179,11789.9654,11070.7704,10480.2405,13731.4137,13697.6518,9831.1023,11170.3491,400120.0727,417874.7963,401143.1999,403430.6390,394869.2609,405609.6475,402759.1205,401160.3377,336323844.6763,336279887.8836,336301228.3536,336303471.2742,13190.7224,6978.6049,664.6054,8061.3045,12779.4127,7252.8393,6092.9802,7169.1844,9738.6894,394977.7370,412494.1409,395954.3059,398094.5966,389668.0766,400308.6074,397223.5684,395884.2521,336328905.2943,336284949.2793,336306289.3226,336308532.2999,10049.7188,13533.5945,10730.2592,6530.2776,12794.5789,13327.4529,11707.2181,9683.9956,397364.1366,415329.2412,398425.6934,400825.1213,392240.1640,402930.2699,400154.6052,398512.3985,336326345.9263,336282389.1795,336303729.7375,336305972.5078,7545.0156,6645.6922,11720.3650,10935.6920,11010.0493,10587.0653,8293.4677,400767.4980,418449.8383,401775.7692,404007.2186,395543.3998,406171.9562,403167.0238,401761.9830,336322937.3804,336278981.2312,336300321.4023,336302564.2963,8152.1988,12833.1701,6862.0585,5616.1612,7335.8192,9788.9438,394405.1866,411921.9887,395381.6638,397521.3209,389099.2899,399733.1436,396642.1005,395311.3770,336329462.6941,336285506.7142,336306846.7442,336309089.7159,8327.1647,6767.3151,8084.3515,12808.8185,2478.0935,396774.1591,414667.1578,397819.9113,400154.4065,391714.5627,402223.9170,399226.5049,397872.1334,336326506.0926,336282550.3363,336303890.4559,336306133.1558,8858.5011,10198.3728,13106.2855,6214.6059,393088.1132,411181.3539,394171.5317,396627.2979,388087.4348,398661.2064,395846.2254,394295.5844,336330228.6986,336286272.4260,336307612.8567,336309855.4812,2182.3505,10554.6990,6803.4002,390373.2688,408168.5847,391399.9260,393683.5786,385246.1286,395791.3458,392774.2137,391419.5655,336333044.6931,336289088.8877,336310428.9858,336312671.7479,9000.8343,8482.2864,389962.2455,407655.6325,390970.1905,393201.6436,384765.1947,395349.7644,392312.3258,390956.8334,336333620.7298,336289664.8372,336311004.9221,336313247.7607,13425.3944,392829.5102,410282.7217,393795.6392,395919.8460,387410.2034,398195.9974,395219.7763,393711.4674,336331474.0266,336287517.3624,336308857.6426,336311100.7345,395749.4024,413740.9057,396813.3537,399202.3304,390740.2261,401242.3363,398295.6817,396898.9316,336327448.7192,336283492.8995,336304833.0941,336307075.7348,26630.6484,3716.0099,14253.1749,13715.6768,9366.8856,16985.8051,10014.8187,336722266.4327,336678312.4308,336699652.4267,336701894.1164,23307.4094,15620.0911,24491.9473,18266.0045,20100.4043,19341.0166,336740865.9673,336696911.7303,336718251.3658,336720493.7027,10552.5642,11321.1522,6414.1986,14298.6304,6398.4470,336723511.0363,336679556.9896,336700896.9199,336703138.7287,10100.0068,7769.4224,9947.6787,4508.2987,336726215.3168,336682261.2081,336703600.9208,336705843.0666,14093.1202,16829.5787,8027.1409,336717904.1402,336673949.5224,336695289.4749,336697531.6373,10100.0068,6202.7595,336727926.0797,336683972.3253,336705312.0656,336707553.9360,10914.4349,336724760.8421,336680807.6843,336702147.0339,336704389.0338,336723836.3083,336679882.1932,336701221.9986,336703464.0230,54737.6055,31700.6792,25428.3204,25681.2230,29605.2693,12444.6905,
18000.000,10813.2474,12090.1473,8934.5936,11470.1013,6324.5361,13308.6926,8605.3918,3892.3177,2713.4979,13806.8895,6889.1828,10812.6887,6626.5663,10242.8128,11258.9142,10290.7539,7729.9237,5539.3990,12802.4238,12786.8229,2867.2769,8764.5212,11931.3600,12771.3872,13671.6177,4081.4878,4561.2301,8859.0499,6645.0258,8588.4012,10522.8405,4032.7084,12150.0169,5898.4199,9362.9756,10966.2258,11557.3258,10602.0049,5940.1922,3810.9975,2168.1515,9869.4264,13356.5709,11210.8311,5684.4281,10309.6978,13499.4332,5686.2568,11106.7074,10416.1072,4428.9741,9074.8780,11466.6986,8678.3355,10839.7512,12596.7789,12208.3667,10200.6775,4407.6394,12918.5757,11777.7535,8439.3337,2796.0936,6141.2299,11040.2073,10407.4296,5388.1581,10260.4266,8569.5453,9759.2674,4973.7933,4257.2934,0.0000,10944.8629,11276.9262,9882.8960,8661.9795,7613.1582,8404.6886,11491.6371,12750.7414,11526.8778,12485.9820,10823.9058,6608.6158,6121.4645,8616.7969,13404.1254,8839.2642,7392.5187,8050.9290,12255.3344,11753.0188,13375.6553,8722.6233,11771.2973,11008.7494,2134.4203,12078.2203,390190.1840,409255.5401,396206.1193,393748.4368,386827.5580,398533.2111,393201.2933,393780.0119,336323565.6127,336274379.4243,336295804.6003,336298104.6438,6188.4104,4069.2119,10702.5609,11287.1986,8453.6810,13678.1521,8182.8700,9738.3793,7889.2408,12841.7281,8332.2472,10961.4527,3384.6053,8688.2959,13120.0292,13582.5159,6983.5509,12015.6923,9110.0767,8824.4551,3088.7481,9710.3223,6715.5075,8849.0357,7936.2645,9766.5542,13675.2978,6009.0014,5360.5116,9479.8740,8714.9062,6339.4144,12581.8553,11572.4952,9064.9206,5309.0609,13329.2579,12839.7701,8787.9717,9491.8364,12098.1055,7046.1282,11766.0282,9536.0795,4820.7051,9504.4778,11324.8983,11305.6829,7456.6436,8440.8626,6778.6743,6552.0637,11298.9719,3623.2799,3229.7481,4903.0138,12720.6078,8315.4977,9234.1177,3100.8038,9059.4064,10231.8110,6346.3573,7121.9390,6543.0236,12129.7212,8666.2028,13703.5212,6724.9314,10772.9693,12882.0592,0.0000,8574.7917,1260.9588,6207.9617,6785.3447,7316.5168,11926.7075,3101.4880,8842.0169,9077.0115,7626.8778,3542.9168,12550.2185,6794.6232,6706.6988,9420.2910,11156.0400,5557.8081,13478.0046,8082.7259,4474.1374,10881.4930,13548.7339,9058.9189,3052.6558,9409.3562,12601.8817,391467.4751,410684.5768,397529.0287,395115.9048,388102.9297,400043.9306,394844.2626,395232.1876,336322681.0107,336273493.9928,336294919.6633,336297219.7324,5703.3268,5726.8944,9088.7551,9438.2141,12543.9910,11293.4576,10462.8692,7294.1436,13642.7523,3287.1193,13621.8474,4375.4740,3276.3653,12623.4266,11833.9835,10959.8964,9660.6103,10533.2603,11215.5476,8189.1642,4458.3160,1586.8901,5488.5943,9880.9755,9307.6499,12768.8620,7972.8359,10545.5176,4586.5378,9440.9486,9704.2803,13758.9217,13431.5187,3865.4797,9624.8753,10949.0782,13679.8683,9696.3466,10995.6330,13194.2688,8361.3725,12546.9741,12941.3997,9923.7781,9045.6467,13663.1177,6691.7471,11487.8905,11922.6597,11288.1885,10317.0613,7667.5205,8927.5714,5721.2331,1519.4628,9077.2789,11808.3179,10396.3008,3294.4762,12759.8939,12727.5611,8334.3875,10981.7495,10917.7107,13741.0924,12070.4311,11731.8911,11237.6373,9524.9470,12656.2041,0.0000,11835.2527,5062.7945,10976.1053,5238.0089,6387.7815,13643.4562,8081.4005,10463.3496,3576.1452,1834.7790,3537.1086,10328.1672,11088.2065,11383.0626,5218.9596,13453.4825,10394.5039,11433.5933,10655.3596,8858.2028,9252.7905,11282.8726,3475.2367,3686.4592,11085.3022,10998.4885,397449.9508,416589.5555,403491.7999,401039.7742,394050.3093,405980.3930,400748.9625,401169.5961,336316731.2575,336267544.2329,336288969.8575,336291269.9911,9452.5210,8448.1585,11226.4953,13224.1831,6929.5025,7026.2543,10335.1787,12792.9374,6308.3024,11543.5900,1722.3817,7030.2085,13674.9550,12388.9738,6489.3328,12818.0395,11764.0149,7007.5599,3728.3892,8826.5443,6969.0512,10011.5191,5407.3764,6567.5013,13434.2139,2819.2242,7157.9212,7511.6393,5688.8885,9654.5861,12366.6748,12852.5825,7355.3821,8715.0067,13033.1316,12483.7300,5845.3874,7170.0697,13254.8312,10106.0427,13315.7244,9910.1260,7795.1663,11711.0788,11484.4533,10017.1764,10079.1435,7955.4223,8939.5624,9674.8327,8855.7991,7037.0825,6606.7655,5221.7047,11442.2972,7696.5627,11834.6939,4197.6736,10655.2525,9351.1848,3316.6779,10015.2123,9320.7208,11936.2544,10989.3860,12711.2689,9199.3015,7766.3541,11360.0400,0.0000,11129.8385,4157.3869,8793.2232,3164.0234,3534.0510,12798.7298,6880.2032,11579.3689,7628.4275,7243.4032,2624.5110,10322.3302,6870.7161,8611.0430,9995.0102,12423.7760,6426.0198,12236.1020,11015.5311,8083.0316,12391.2119,12448.7384,7816.0641,2892.4228,7203.4165,13388.8184,393220.5309,412523.9765,399304.8695,396948.2765,389932.9082,401780.8643,396577.3048,396996.6598,336320649.2868,336271462.5966,336292888.1519,336295188.1074,6675.3649,10700.5071,9073.3141,12521.4462,10324.2113,8899.1881,11722.4022,3846.6333,13422.5770,8938.7165,3083.0556,10041.6498,7912.8713,12877.8032,7009.9036,11389.6565,11992.3825,11836.5876,1519.1652,5517.8191,5873.7301,11064.4593,8882.4100,9499.3949,10395.1642,13279.5463,2486.4230,9934.7914,12179.4896,12152.9905,12774.6848,2520.8964,12547.9007,6832.0930,11778.1359,10207.2471,11210.4728,11967.5302,10552.0720,11500.0471,13574.8139,12927.5401,9315.5462,13151.5340,1111.9612,13363.3670,13056.3749,13350.7788,12618.4704,4092.5925,12425.1424,10059.2114,7031.0091,3927.6344,13033.0223,11143.2720,8558.6033,13768.7037,12775.7384,10505.6169,13019.5383,13195.1875,12544.9486,13269.6549,7609.2845,13412.8367,8035.3918,10157.0594,0.0000,13134.9898,9838.7599,13421.3483,7462.6036,8001.1857,12686.2458,11863.5532,11506.8215,2475.8093,4310.3160,8451.2372,6782.7022,13103.3349,13511.7839,4554.0174,13121.2426,12933.0909,7317.2034,12205.7670,12151.7088,8062.3428,6975.6543,2422.7192,8712.0354,11376.0376,8278.0481,399753.9911,418691.9988,405740.3263,403193.3258,396270.9454,408140.9882,402819.8982,403340.4414,336314443.7697,336265256.9320,336286682.3462,336288982.6017,13643.6283,8367.1201,8584.6139,4903.5025,12911.3347,9684.6346,6425.7418,11164.8857,9202.6126,6789.2736,10745.2914,6209.1340,9749.7600,10968.0954,13718.5455,7500.8473,10584.2100,7583.1038,9832.7899,11166.5904,6733.4493,3322.4244,8975.5870,7427.0433,11971.8882,5583.5624,5051.8038,13708.0534,9474.6948,12288.2808,6315.5873,13479.4942,8565.1331,9091.5346,5284.1037,6143.6442,12001.6541,13539.6440,12617.8140,10790.9009,12871.4666,12983.7595,10402.3839,6296.3626,13395.6439,9558.1102,12546.4955,13564.5115,2801.9439,12787.8144,12387.5710,9965.4298,5949.0708,9456.7204,13657.3557,10494.4102,12502.9752,8669.6847,7242.0060,13561.5633,13246.1380,9613.7191,13287.7426,6811.8106,12985.0414,1755.0638,5893.0665,0.0000,13611.4618,11070.0247,13013.2710,6089.7702,5422.7548,11589.0695,12824.9064,13764.9745,6984.5994,8955.7694,9401.0542,2588.2646,10354.6369,12330.9205,10294.2570,12243.2940,10964.9075,5964.2762,13856.9576,13300.0665,12127.8240,6406.6516,7338.7586,9808.4822,6414.8047,11053.3829,396475.0780,415541.9269,402493.4882,400033.6036,393109.1943,404831.1377,399503.7765,400074.0045,336317313.1180,336268126.8416,336289552.0556,336291852.1204,10651.5179,12295.0323,13597.1144,2845.5557,10460.3754,11318.5111,9852.8325,10440.0409,10939.3909,8249.7092,11966.9966,11448.1782,6637.0274,1615.6328,12870.0610,10167.0002,9858.7034,8415.8526,6051.0228,12949.3186,13778.2267,10279.7293,12415.3557,8916.2323,11433.0998,13343.6629,3606.5327,11011.0491,7578.6511,10982.0519,5130.5258,9709.1754,11191.8516,13397.5006,13358.8896,7345.9227,1777.0719,5777.6581,10448.9731,6918.2610,2203.9237,10602.1135,10879.3842,5946.1935,11565.4025,7451.9753,4447.0166,12843.3441,6833.6851,6081.5263,8795.7342,11380.7558,11753.5487,1424.3445,8706.8698,8104.7841,12216.0766,12495.1452,5052.4116,6085.0517,11089.6689,5832.2492,11549.2173,6897.5137,13849.5739,12929.6296,0.0000,5032.5044,8157.3966,7068.5146,12381.7508,12844.2113,8627.3019,6341.9625,1589.3923,10739.7160,9181.2997,10059.9941,13284.8195,10851.1246,8198.8614,7268.8633,7914.9489,9868.4482,11906.6535,2745.0266,5282.1683,4513.1411,11599.9748,10447.7727,9670.0916,13249.3224,6960.2765,391721.6529,410490.9641,397661.9259,395007.3604,388090.8660,400135.5130,394822.8770,395283.1132,336323057.9323,336273870.5037,336295296.1271,336297596.5854,11040.4310,9842.4452,11205.2441,4155.3058,11340.4285,7910.6700,13518.0897,11058.1979,3332.8184,2557.6119,11788.7557,6681.0084,9989.0188,10608.1358,13443.9120,9859.3324,12227.3176,10619.7102,11246.8791,10016.0435,756.1330,12540.2625,12485.6871,10176.2202,10638.9123,11913.2886,5132.5319,6891.5041,10512.1434,12474.7510,3286.7925,4511.7798,10667.5880,10071.3054,5784.1067,11658.1699,6569.3292,9557.7269,12604.7003,9658.4487,7415.7657,8184.8071,11195.9098,10641.5508,11360.4440,11660.6352,8417.2369,13091.4989,13372.9612,13042.6139,5846.0938,10870.6165,9889.5266,13532.1071,9942.6709,9060.3272,12276.7929,11378.3186,11690.2911,6094.1905,10137.8908,2224.6071,11593.0633,8965.3473,4957.8075,0.0000,10375.9463,13536.5037,12017.4334,12329.1244,11987.6413,6209.1727,13266.5027,10220.5830,10775.0163,11729.2356,13498.0529,6175.5436,11778.5806,11582.7367,10230.1445,7492.1773,12212.7415,2938.3903,10802.5203,12818.2942,8266.7572,2892.6073,10772.6369,13570.5983,10096.3309,5267.2031,393795.4166,412445.6808,399700.0444,397017.4506,390184.7140,401993.4200,396558.6384,397200.9037,336320570.4093,336271383.7968,336292808.9463,336295109.3631,4137.2777,12902.7349,8760.2368,10972.4346,6616.2251,8325.9278,11524.6229,11769.6648,10615.5082,1775.5424,13687.0674,11887.3482,1353.3742,5552.9076,12515.3719,12073.5007,13435.0568,2690.9849,5917.7734,11129.1839,4673.3317,5378.8998,11245.2741,4258.6559,10203.8401,7773.1127,9568.0702,11453.0481,9190.6934,12595.0952,8112.5052,3986.8825,2894.4248,10494.5870,11962.1260,11545.3500,4436.0604,7525.9282,13054.4311,6251.0574,12471.3164,8403.7918,1696.4941,6640.4584,9441.7551,10509.3816,8030.7912,10513.4887,10948.7987,12289.1501,1334.8475,12103.4755,9957.2484,6929.7886,3062.0908,4214.3056,9056.8727,8109.3397,6945.7701,8795.6424,11267.2464,7367.9456,7138.2502,7703.2852,0.0000,9476.4505,8977.8543,7291.0362,8033.3118,7168.0257,9010.5955,8858.4536,11736.2979,11913.2035,12169.8454,9068.8883,9498.0830,2572.2888,5960.3422,13490.5058,8779.1364,3963.3974,10856.0166,10842.1329,9321.6267,13602.4980,11377.4364,12114.1436,9126.8903,2597.8319,13193.7063,388364.3031,407541.3319,394411.2541,392002.3713,385039.5252,396800.2537,391524.4275,392035.3182,336325395.3969,336276209.0346,336297634.3599,336299934.3498,13573.4135,8958.7850,8966.2862,8704.4545,8443.4935,9569.0709,11605.7817,8506.7163,5639.1624,13067.8032,13390.9337,2855.3109,7796.9430,10713.6255,11399.5875,13017.9486,2462.9921,2114.7246,10204.4632,4653.8332,8803.2657,8889.7092,1471.8041,12427.0601,8160.9887,11107.9169,9349.3377,11723.2304,11136.1359,8130.4763,1318.8845,1356.9821,11497.4405,13343.2874,12514.0519,7425.5269,10466.5382,13711.3309,7940.1636,10146.9392,11247.4570,5432.2510,9833.6387,11927.4491,7320.6858,10659.5839,11791.9938,10680.2816,9834.9439,5231.8517,13485.4699,10313.1665,9871.9855,4895.9842,4186.5289,11706.4328,11014.1399,7744.3632,11381.0065,9291.7815,10464.1861,3236.5511,5825.5881,0.0000,11942.8918,10084.7548,10433.8604,6328.6515,5161.5505,10332.6945,11121.9673,13329.9071,9956.8151,11040.0616,9064.8862,6233.5327,6436.5750,9344.3010,12627.8024,10633.9564,7474.1828,8623.4135,12866.6256,11681.8723,13602.7760,9230.0024,10265.0465,9355.4576,1672.5031,12757.5292,391916.0443,411085.6292,397961.1182,395556.0240,388606.9970,400314.9485,395018.4381,395564.2977,336321760.2756,336272574.0795,336293999.3160,336296299.2875,11814.8286,9430.3365,11633.4934,9235.7372,8949.4959,9348.0763,12041.4828,12147.0859,6180.1946,4367.7880,13306.2468,10164.5466,7817.6097,6037.5770,3539.5770,12975.2072,13325.7765,10998.8104,11996.0602,9966.1355,9655.9018,13108.7060,5301.1949,12363.8230,9697.3363,9076.8517,6445.1772,9572.9125,12425.8161,13230.0357,13581.7854,9271.0545,2371.7239,7759.0193,11959.5171,8078.1547,2485.1299,12192.0754,9294.9323,8004.6561,12529.0447,9106.4287,6326.9818,11650.3272,7536.5019,5068.6812,6782.1285,10417.8447,12641.2183,4096.2481,7151.5208,10109.0296,13218.9823,12168.8506,7109.2414,7870.6535,12496.4732,8145.0269,11576.6744,8638.2708,13333.0079,13409.2469,0.0000,7452.8238,7192.6318,8651.6749,11135.3392,11828.1601,10542.5430,6671.7856,4374.2591,8706.6209,6856.0314,8644.3073,12813.3516,11717.6835,9718.9446,4918.1357,10041.1425,10703.8303,11825.9601,5282.2700,6137.6869,4154.0319,11448.2281,8357.0069,8293.9894,13530.4785,7285.7950,394252.9809,413085.0945,400211.2502,397588.1655,390654.8455,402700.7709,397408.9299,397849.9981,336320480.7861,336271293.3386,336292719.0031,336295019.4235,12952.1105,4106.2430,13371.7717,12890.7245,4514.8085,5644.5191,9398.3187,9112.7338,9383.9180,8649.3551,11948.7132,12197.3733,13507.5971,12302.4377,9901.0153,9980.7315,3807.8144,11644.5146,10094.6734,12200.5613,9919.4159,10600.7535,1295.7621,4187.3586,12474.9227,10870.5385,7011.5308,1127.6676,9822.1425,8618.3821,4041.3989,11415.7335,5824.3612,6134.7347,10598.9191,10314.1707,3567.5920,11057.6924,8845.1260,7876.2398,8761.9100,9955.2983,10626.5661,11456.4334,13047.7865,13734.2466,9241.2763,8199.3771,9467.3915,13645.0664,6765.9299,6198.0926,11291.6016,9362.8909,9466.6586,2282.5295,7691.8808,5914.3774,9124.9219,9513.9688,4666.3969,0.0000,8228.8974,13080.8277,9633.6900,12733.6747,12193.3479,2971.9492,11999.8769,9515.2811,12788.7270,13328.7784,13572.0103,8129.2667,9235.9934,8890.2087,12289.0514,4359.8706,9856.2883,6209.6346,9539.0149,11448.7603,9822.5676,6524.6389,12815.4663,13557.3766,8517.8349,7501.1911,389744.7454,408451.6263,395663.6130,393010.7506,386164.3466,397965.4363,392547.1527,393176.2515,336324532.5647,336275346.0093,336296771.1679,336299071.5273,13627.2346,5763.3742,952.4759,12265.4045,10036.9178,11162.4791,9774.4082,12139.7020,10504.4851,9390.5941,3370.5023,4195.4531,7000.2939,9090.8007,7355.0022,11741.0309,7676.1682,11757.0811,1671.9364,8083.1248,11759.8537,13035.0679,13754.7055,1329.0017,11668.1532,9843.1980,12813.0666,8390.5828,9841.1791,13379.4097,10614.0294,13062.7242,13052.0548,11669.9459,10583.3523,13385.1803,4697.1415,12939.8540,11843.1900,12517.0951,12159.6086,4731.8020,10930.9629,8523.5849,4644.7989,7052.3233,11710.3009,11989.3305,5983.7965,13522.3595,12126.9259,7927.0853,12630.5988,12498.7625,13121.3175,13275.5140,10046.8561,12637.3208,7187.6212,10976.4370,0.0000,13207.0738,7476.7399,12466.0705,4131.2096,5029.8158,13668.6405,10349.5434,12134.3578,1656.9851,3164.2807,5325.4882,7846.8694,11509.7176,12506.4575,6118.2577,13812.0283,11246.0365,9567.6282,12404.9352,11067.7483,10139.4233,9492.3083,2030.8902,5739.0474,10014.1494,10936.7395,398680.7005,417812.7704,404719.7526,402273.3966,395302.0026,407159.5227,401899.4927,402367.9465,336315329.1233,336266142.3539,336287567.8463,336289867.9463,12242.4111,13739.3751,7356.0980,9059.2774,6706.5775,11108.6298,8678.8347,7114.5530,9606.2151,13514.9865,13641.9446,12989.6482,8655.1001,10236.3001,7563.3339,10307.6573,6908.5300,13363.6674,9424.9452,8638.2792,3430.3089,3676.5591,13501.4187,8469.1143,10165.2606,4143.7476,9244.1942,7827.6859,4972.3498,10472.0043,6575.1951,2562.4169,7739.8171,10567.7543,1197.1726,13046.7350,5998.2729,5165.9794,5491.1239,7657.6207,12414.0627,8882.9664,11637.1024,13285.6004,11941.5633,5568.7253,8933.6693,12636.3664,3196.6888,4407.2635,9956.9324,6837.8859,6591.8212,2667.6174,5120.7919,9404.6960,5986.4208,10461.2705,7023.5084,0.0000,5955.9268,11550.0330,6503.6083,12457.9544,11905.9191,2956.1552,9749.2606,8649.8431,13797.4191,13807.6495,12604.7674,10468.7573,6262.0159,5485.1956,13311.0172,2776.4458,6835.4961,9527.9221,7993.3029,9192.4574,10994.6953,9871.7571,13826.4832,12480.8225,7594.8687,9797.1009,386734.0296,405566.9752,392687.0833,390093.8191,383207.7138,395035.8306,389668.2332,390242.6683,336327451.1073,336278264.4888,336299689.7518,336301990.0271,6367.4804,13703.3573,12806.4838,7729.9529,12235.2310,11187.0594,8475.3611,4398.7520,8074.3912,5600.5610,8853.5491,6982.3184,7825.3564,13700.4416,4509.5550,7673.0532,7143.1967,7161.8323,9120.6095,13091.2365,13096.4786,6805.6539,8324.2875,12943.0213,13191.6653,7341.2549,8635.9352,13386.4124,9175.3372,13189.1503,10809.6468,7770.3581,10871.6709,12290.8818,9641.2845,10093.7590,9159.9829,9239.1677,9352.0760,9097.3729,6784.8718,5389.4296,3666.5125,11375.0995,8946.7399,11220.9785,2573.1608,11104.6251,10555.9998,4984.5259,9850.7297,9305.6146,12739.8137,11041.8446,13001.7106,9359.0952,8804.6363,12250.8923,0.0000,11038.3462,3002.1882,8935.8447,3733.6238,4551.5923,13192.0403,6326.3336,11001.2193,6930.5215,6067.6758,945.8578,10941.0237,7954.2236,9049.8499,8919.9123,12762.7642,7249.0047,12593.7993,10553.7107,7555.9191,11635.7221,12700.3432,7042.7850,1211.0922,8667.2553,13025.4806,394032.4198,413312.8198,400111.2537,397737.5094,390719.7389,402606.7868,397408.9604,397811.4967,336319946.2507,336270759.4137,336292185.0282,336294485.0247,11879.3725,9844.8601,11691.0645,9078.4183,11800.6572,11081.1411,9930.1070,2460.4807,3830.6273,6290.3344,9767.5277,8003.4663,11446.5872,8443.4094,12103.6673,1427.4084,8771.1633,11666.1213,13068.1213,13616.8136,688.7953,11704.6895,9324.1325,12823.2997,9071.3306,10427.7469,13142.0450,10305.9156,12720.2996,13325.9580,11861.1651,10052.9594,13526.7325,4037.0319,12978.2621,12296.6652,12695.5407,12125.2223,4793.1510,11128.8021,8532.9996,4722.0036,6575.1771,12190.7875,11620.5251,6242.5198,13635.6655,12512.6221,8679.9626,12620.0774,12581.6978,13219.0677,13245.6486,9762.6503,12774.0968,7699.5434,11110.3815,0.0000,13128.5228,7767.2541,12632.5385,5029.8851,5901.5900,13576.3085,10495.6332,11818.4792,715.9444,2624.9851,5843.5621,7928.5872,11984.5987,12745.7986,5309.6400,13746.5521,11680.0183,9343.4920,12205.2272,11119.3265,9487.0719,9191.2527,1083.8608,6195.0510,10593.0664,10345.9190,399070.7764,418160.3902,405098.5212,402628.4504,395665.1966,407537.2639,402267.8613,402740.5597,336315004.7844,336265817.9566,336287243.4533,336289543.5945,5714.6528,12056.4094,5242.2129,7368.7551,11711.1906,13290.8936,10403.6822,11995.5896,9618.4057,12429.9448,11959.1403,2672.9532,13407.6706,11748.9437,11347.2590,12206.5854,9910.8128,5743.3496,4872.5051,11451.6909,10783.9280,4145.0593,5468.1312,12218.5369,11576.5524,3323.7928,9582.0091,3518.2806,9347.7881,11325.3985,7346.3798,7371.0378,9363.6645,9408.3198,11010.9873,10108.6772,9726.3687,10485.5248,11882.3514,12239.8138,12839.4001,7652.8864,11299.8303,7260.6651,13201.5250,8648.4041,9905.0063,13203.2678,9452.9079,10057.2066,6577.4749,8156.0631,5194.5226,10145.9250,11221.8584,7505.3733,0.0000,8205.4985,12985.6787,10644.6256,13409.4747,13267.2539,4791.6398,12011.7843,7652.1137,11549.7608,11809.9663,13589.9358,8939.6797,11784.6785,10548.9998,9649.7830,5797.8254,11885.1002,5939.0970,8421.4237,11253.2054,6210.4389,5666.1887,11430.6234,13521.0476,11528.9424,3303.0300,392501.0049,411081.7399,398387.3636,395658.8390,388827.3952,400714.0524,395283.5035,395898.5617,336322097.3916,336272910.5029,336294335.7523,336296636.2612,11612.4752,7736.0366,11543.8892,9907.8023,13208.8215,8957.7307,11761.9200,10850.5296,10266.3755,8323.3301,3302.2248,11559.1838,12900.5674,8742.0953,9302.7893,13011.3270,6180.9524,8831.7875,9238.2727,13371.4962,3905.3923,5506.9225,9374.4982,9036.3275,7952.6255,12683.9171,8717.6302,10177.3745,13287.6430,10923.5807,8349.1429,6952.0926,12399.4865,10607.8218,12243.8269,12795.2572,6386.4344,13622.2129,13630.5652,12541.9821,4443.9539,10754.4584,11435.9566,13153.1405,11134.4399,8960.0688,11293.5665,12589.0047,12722.3689,6970.2531,11578.7189,1000.6067,12561.9294,7012.8829,3925.2522,0.0000,11860.1655,13384.8539,12887.9410,10975.9401,10548.2283,8045.4612,13752.1303,11736.4095,9615.3171,11048.8159,12823.4617,3791.9785,11805.8523,12330.7481,10182.7301,9235.7741,12368.1326,681.7124,12230.2528,13564.6482,9477.1444,1326.5933,9705.2689,13003.7345,9138.4535,6879.9154,395204.9393,413948.0396,401134.8137,398504.9117,391656.8369,403423.2910,398004.2479,398644.8451,336318981.0223,336269794.5621,336291219.6861,336293520.0140,13690.5682,11088.3329,3062.4819,4245.8352,12666.4682,11678.6634,13047.2317,3748.1322,7159.3276,11797.5474,4747.8257,3737.9006,11619.7228,5443.2923,8987.6292,8505.7635,9419.6860,11703.8453,7817.5573,13128.5256,8925.6705,5227.9268,4527.2940,10466.3543,10975.9368,11323.5711,4325.4478,6011.7419,12457.1855,6657.5003,12937.3303,7227.9802,1909.2254,5354.1860,8206.9060,11366.0427,6523.7936,9386.8481,10387.4389,12995.4864,1627.5958,11338.0585,9167.3590,6181.5812,4192.7691,4430.3518,7856.9995,6799.9555,7650.2425,7877.3358,12159.0129,6055.8931,8424.8088,9021.3195,0.0000,8512.1929,7927.1771,5877.2915,8249.9888,7600.0129,9093.0877,7438.8607,10889.8364,12085.6851,11969.3738,8471.1669,10694.3026,963.3669,4608.6059,13277.1563,8576.0106,2272.7750,11825.5040,9840.0931,7936.5081,13302.7839,12265.2874,12240.7251,8426.6048,4257.6184,13285.7118,387731.5661,406921.4182,393782.4768,391374.4976,384399.4833,396199.8268,390941.8833,391424.5697,336326095.3906,336276908.8941,336298334.2933,336300634.2952,6820.3827,13615.5385,13309.4962,6965.0905,8572.8868,5273.3068,13598.8580,12670.8026,6542.4438,13570.3643,12828.5389,8928.3136,13138.4306,9522.3481,10103.7605,8656.5740,8749.9030,10653.0850,4147.9483,9828.1181,13270.3499,13363.2323,7341.7724,7646.9314,6110.4151,12368.5887,11751.7481,4642.9646,11255.4619,6652.0814,10681.3795,13323.4410,11604.9929,9969.9270,9451.6037,11714.0671,10219.5465,10070.4273,6283.3548,13504.4719,6466.8465,11012.1951,11272.9525,12864.3845,13562.6973,10227.9130,10988.7628,10738.8145,9959.5481,6925.7335,11424.4720,11915.1262,10535.2869,0.0000,9595.3987,11400.7261,11711.9128,12284.3760,12631.9681,9042.8762,11288.4238,7127.5307,8551.6554,8362.4615,11774.1709,9726.4437,13462.8135,12136.7049,5217.7069,9454.4329,13104.9841,7459.4178,8436.2142,10713.2626,2339.7129,6823.8083,8265.2047,11694.1764,13380.6063,2043.6868,396356.7665,414991.5875,402260.2805,399548.1798,392685.9829,404648.2306,399260.7325,399814.2427,336318359.5372,336269172.3573,336290597.7747,336292898.2998,12499.2914,10388.2476,10715.9902,9621.8590,7280.6670,12822.6276,13783.9875,9535.0654,12614.7907,8602.6329,12139.8179,13294.4609,3622.6039,9949.7563,6165.4025,11777.3188,5140.1402,9478.6436,10179.4167,13313.5865,13048.2812,6014.1317,3133.6957,4480.0300,9524.3847,6763.3316,3045.3138,9498.5553,11432.3077,5119.8094,10976.2248,6785.0215,4063.5887,13162.9454,7006.9622,7152.8759,9925.7636,11557.7083,11211.0072,433.0457,9723.0604,7005.2125,11482.8985,12628.8322,4371.3752,5513.8056,10026.6985,4659.5988,11158.9235,6251.9498,13837.1109,12306.9667,0.0000,3863.4316,8996.0328,6560.6140,12944.4872,13260.7992,7302.4158,6798.5729,386.0298,11609.5168,10291.3294,10917.9490,13173.2056,10436.3286,7576.3219,8365.7265,6531.5777,9574.7438,11571.4098,1935.3404,5584.0534,4944.3730,11309.7329,11351.9455,10546.6875,12914.8576,6656.9110,390579.6156,409309.5796,396508.5303,393836.0514,386933.3394,398962.6452,393631.5869,394113.1136,336324191.4075,336275004.0395,336296429.6124,336298730.0874,6341.8140,12124.6343,12058.2888,13499.2802,1969.2644,4767.1403,10781.6820,4520.3754,6586.4922,10663.7578,3203.5480,11068.4034,7662.3857,10013.5368,10958.3875,10154.1096,12184.2457,7893.4944,2900.7920,1560.5650,10785.3654,12581.8576,11887.0376,5236.1775,8605.0126,13423.2234,6549.5329,11887.4479,9409.1285,2774.6209,7748.1374,10372.3699,9623.0040,9025.3324,11110.9393,11048.3490,11611.8561,2505.0806,12679.6230,10240.3593,7864.9496,3096.0354,4000.5807,10020.7393,9153.2413,6931.4672,9684.6124,10626.6041,8458.0854,5969.8298,6887.1546,0.0000,10348.6432,9489.5511,8409.4097,7571.4119,6570.7448,9335.7161,9748.6765,12379.7247,11473.0540,12006.2347,9204.6868,8487.4577,3879.3235,7126.1419,13410.2744,9311.5466,5180.1768,10134.4929,11619.6355,10241.0288,13749.4555,10703.5818,11711.2563,9343.2027,1261.6719,13137.7365,389299.6555,408476.5083,395346.4305,392941.0377,385983.7392,397719.7183,392435.4040,392961.5207,336324416.3770,336275230.0964,336296655.3807,336298955.3582,11169.8813,8983.7428,11069.4218,5610.7259,8324.0374,13467.7351,4109.1891,3759.6164,10367.7319,6849.4850,7587.6437,11395.3257,11175.9780,10182.3475,6249.0489,13795.9238,11725.0815,6827.5634,7271.4975,11977.3800,9093.8895,12151.8258,7657.4400,4765.5905,11284.1511,9826.0887,12251.5085,7360.9734,5976.2712,5947.6535,7290.4703,11361.2789,4278.0018,6102.5320,7237.5100,13200.1387,5769.9784,10586.7591,5619.2086,8031.8138,8037.7496,4303.5315,7465.1287,6499.9292,10749.2505,8532.1428,13540.7125,6234.3589,9629.8937,11637.5807,0.0000,8767.0565,4176.2234,5725.7585,6646.1625,6637.6592,11262.6619,4684.8329,10125.6024,10395.4377,9593.1894,5107.8000,11962.6135,4214.1900,5500.5854,11459.7028,10533.5335,3242.3039,13221.6645,9122.8092,5819.7681,12482.9123,13469.0859,10489.1675,4909.4544,7139.8681,13505.2521,389690.9103,408955.6894,395764.0719,393384.1014,386372.6747,398248.3657,393041.9676,393455.3360,336324259.9054,336275073.1358,336296498.7110,336298798.7044,4065.0505,4707.8574,11121.1536,9344.1032,10200.9399,10142.1235,12720.9659,2645.9763,10169.6349,11310.2649,12612.5247,12777.0000,2192.5888,11682.6780,7590.4718,12312.3058,10440.7592,11501.6950,12046.8205,9532.1714,11408.2853,13551.1303,12174.4037,8564.4091,13363.2729,2534.2247,12784.2436,13016.6213,12840.0124,11852.9458,5202.2734,11550.9828,8837.6852,5740.8911,5215.6972,12985.8781,10466.5259,7375.8085,13503.8651,13004.8515,10315.2803,12349.6549,12544.0097,12930.8916,12819.0403,8638.6260,12836.8534,8744.6256,10987.2359,0.0000,12609.6273,8750.2786,12797.3425,7175.2428,7907.5268,12826.0708,10877.3548,10804.9263,1777.4868,2876.6850,7475.6860,7925.4761,12830.7602,13033.8183,3432.0523,13093.5718,12487.9718,8406.5938,11485.5477,11204.7056,7588.7167,8061.9390,1463.4301,7685.3826,11642.9180,8427.8606,399436.7426,418399.4624,405430.2326,402891.5985,395955.8424,407856.6816,402554.6638,403048.5864,336314810.0838,336265623.1385,336287048.6205,336289348.8747,4007.6891,10901.3353,10338.4929,12396.7200,9175.1162,10896.6380,5091.2255,10501.0256,9175.9810,13760.9844,13024.5313,4303.1898,9349.3710,10363.4890,13672.5407,10742.3130,11883.0102,12663.8603,7410.5183,11808.6243,13213.3004,9963.7666,7838.0197,13763.8347,6470.4468,11243.0467,12516.6273,11317.4764,9915.0001,8178.1279,8991.2474,5449.6037,2148.3282,8847.6243,12449.6717,9437.9815,3943.9548,12701.9157,13247.5936,9501.2015,10635.0697,10748.7135,13821.4487,11727.8266,11531.8221,11177.8452,10406.8069,12952.9559,0.0000,11391.0884,5533.7136,10967.1622,6662.6066,7737.5354,13349.4224,8051.1522,9580.9435,3835.1273,1344.7660,4739.3900,10723.5963,11700.6518,11528.2348,3864.9752,13152.1330,10927.2386,11347.5334,9961.6052,8614.8839,8018.6069,11097.6784,3554.7778,4736.0205,11954.9795,10061.9719,397644.3008,416712.5099,403667.0751,401174.6140,394197.5492,406157.7669,400912.9327,401336.8378,336316667.0732,336267479.9323,336288905.5738,336291205.7787,12845.2009,12252.6256,10630.7519,11755.8023,11749.9585,6990.4685,12497.3280,8312.1749,12899.2753,11330.9197,6367.7547,9152.6252,8280.3670,12772.6338,12693.1724,13379.6042,10608.9898,5740.2733,9315.3630,13292.3604,10356.1589,4666.3529,13249.7436,6408.9244,10595.0104,13431.7932,11295.5990,9176.3709,9311.5279,9696.3131,6553.7999,5727.4152,8081.6653,13487.7571,6961.1716,6974.2527,12146.6732,13804.4454,11955.6914,9864.9383,10418.6383,13180.2651,10644.7444,10326.0098,11012.5912,11968.1801,12837.7032,0.0000,10132.6025,7855.7729,11003.6477,9815.8022,10630.5146,11864.5465,8806.9142,7373.3002,5873.1284,4287.3102,8117.5600,11127.0064,12864.0172,11753.4697,1442.3444,11754.3802,12089.5509,10457.2411,8329.1240,8708.5435,4408.5687,9993.6832,5455.0597,7976.0754,13412.7166,7025.1438,397391.7928,416250.1299,403357.5928,400752.5795,393821.4793,405826.7219,400527.8995,400987.6761,336317212.1086,336268024.7876,336289450.3997,336291750.7866,3669.6452,11495.1569,2742.6335,6974.0847,9432.9051,1818.7017,11233.3857,9061.1562,11176.6219,9711.0793,10281.9902,12356.5350,9204.6409,1597.0510,1999.3682,11803.3737,12451.1233,12667.8606,6820.1152,8806.7078,13408.2281,8160.5655,11097.4083,10087.9478,4301.0738,8474.9069,10711.6218,8706.1915,8921.0854,10403.0053,9773.2548,11232.0816,3977.1948,12965.5265,9011.2029,9054.8682,4949.9032,2206.3795,10538.0037,9678.5525,8451.8949,10536.4906,10940.8534,9104.2781,5199.9640,7719.7292,0.0000,11081.4064,8486.8449,8946.5906,5789.4789,4751.6731,10609.3244,9450.9436,12693.4291,10239.3449,10809.8461,7749.5462,8253.8410,4638.0264,7885.8478,12672.4349,10559.9114,5550.8333,10367.7537,12002.7798,10171.7301,13718.3375,10886.1453,10512.1962,7967.9868,1999.0422,13410.0670,390745.4547,409983.6536,396809.5812,394434.4567,387459.4007,399202.2703,393940.8031,394444.1418,336322941.2092,336273754.9015,336295180.2325,336297480.1714,10477.5325,4708.8706,9945.8628,7236.2905,1863.2816,12965.7308,9393.8563,12170.3692,7768.4336,12363.5627,10759.4488,9242.3442,2104.5702,3418.8589,12329.9817,13436.8316,13119.9155,9147.2281,11315.7264,13644.8758,9511.7069,8770.3233,12273.5143,7241.6052,11017.7523,12650.4354,5647.7495,11278.3824,11643.7533,9769.9858,8775.7624,7035.3957,13819.0709,9704.5183,11263.6034,6827.7468,4411.6471,12577.7975,11981.9968,9158.1222,12439.5732,9036.1351,11563.2670,1716.0115,6486.3646,0.0000,12883.7145,9870.6426,11493.8594,4967.6169,3807.5980,11472.9515,11519.7587,13743.3895,8419.8256,9799.2252,8335.5142,5337.0132,7929.7285,10609.8733,11678.9097,11835.5574,8701.9196,8276.7953,13454.4710,12179.9056,13344.8705,8810.7889,8777.4555,8725.2626,3719.1274,12639.9192,393979.4880,413165.5185,400029.7350,397632.1663,390677.8697,402390.5356,397100.7169,397639.2382,336319694.4485,336270508.2271,336291933.4837,336294233.4495,12784.5043,12317.2373,10631.0831,10994.3556,11568.0029,4905.0597,6293.9202,10923.7908,12179.0752,3516.3258,4337.4247,11010.2081,10346.5781,5123.8627,11364.9998,5932.6609,9351.7972,12363.0142,9337.9485,7150.4346,8647.8603,10802.9774,10619.3982,11059.3798,11297.1544,9025.9503,12897.8942,13286.9736,13195.9259,6409.8655,10870.3505,9444.2325,13632.3746,9554.6163,9082.5337,12521.9407,10987.6850,11347.6974,5887.3111,9677.9979,2955.7069,11266.3866,9507.3030,5362.6098,0.0000,9905.7093,13559.2442,11718.3725,12699.4183,12376.8872,5655.9096,13092.6600,9774.5290,11159.3005,11969.9524,13676.5001,6856.8299,11727.3366,11319.4090,10336.5892,6952.7595,12122.0965,3679.2494,10365.5188,12569.6438,8013.1848,3599.2282,11135.3946,13717.5312,10349.4965,4962.8307,393288.4652,411917.4571,399187.2931,396492.2745,389662.4410,401483.5512,396046.1657,396687.0717,336321124.5918,336271937.9360,336293363.0958,336295663.5340,6860.2276,8466.9912,3321.8510,10645.8042,10988.9044,12312.5238,8570.9172,9615.1041,13003.6209,11124.3285,3391.0527,4653.0049,12860.6639,11579.3139,13342.5839,8450.0800,8279.4505,12920.7357,10040.1537,10701.4817,10211.9878,6055.2139,8722.2305,10359.0765,8714.7192,7966.0164,8717.3256,7723.0918,11519.9824,5729.1620,12730.8686,6820.8470,9983.5804,7277.2257,537.5250,10431.6119,9584.2593,10447.7161,10954.2645,12079.4917,9197.5756,6245.8371,9737.4681,0.0000,11318.3533,6453.9517,8881.2354,3917.5897,3257.2505,11997.7156,8225.1218,12448.5267,9015.7034,9224.5669,5361.9465,9330.4218,5444.5026,8206.6193,11636.0873,11759.2490,5648.5761,11522.6919,11771.8442,9241.1388,13428.3054,11903.5976,9276.0513,5617.0072,4687.3524,13767.6687,391910.3787,411214.8420,397993.6861,395646.2408,388644.0567,400430.3956,395206.0842,395662.6456,336321820.9210,336272634.4581,336294059.9023,336296359.8193,12372.4839,8436.9162,5822.6734,9525.7115,8505.6260,12220.7140,4436.0873,13366.9832,10033.0837,8312.0266,7884.8651,9648.7119,8292.9963,10000.4788,5065.3418,2447.7571,10415.5066,7465.5044,13472.5572,4257.1694,4650.2225,2484.8341,5000.2055,12902.7101,3247.6654,7093.7425,9585.3827,13816.4618,4686.2608,8915.3466,8130.1158,4678.9397,6761.2736,6794.6058,4737.7809,3540.0715,8770.3924,5445.8021,13193.9114,2925.4274,11013.4187,11117.3856,0.0000,5870.4212,6427.2201,2488.7747,9615.0562,9431.4584,8723.5541,4422.8280,8320.0247,12408.7731,11557.4397,8176.3427,12662.5381,2902.0798,1881.8932,12369.8736,7698.5581,1508.3900,13069.7083,7000.5514,4666.8142,11833.8671,13317.9301,12433.1661,7880.1269,7641.4251,12547.7710,387027.1033,406152.7099,393061.6453,390607.6328,383628.5794,395524.8589,390278.6225,390721.9556,336327055.5655,336277868.7310,336299294.2624,336301594.3642,8246.3364,12207.9683,12376.6218,13340.6406,827.3413,12257.7474,8558.8027,12071.8820,8549.9502,9850.4911,12810.9334,10977.9549,12547.5535,13053.3678,12315.6430,10454.2479,13041.1946,3177.6608,13237.6366,12044.3613,12895.1074,12566.2257,3393.3019,11718.9351,9501.3803,5950.8162,5490.2050,11947.7738,11962.0695,7316.9770,13591.9849,11999.5010,8626.9397,12966.7549,12916.3863,12582.9549,13377.4966,8708.2631,13036.8071,6685.6849,10085.2650,0.0000,13331.5347,8675.0895,12947.4059,5161.6814,5767.6756,13175.5817,11204.6469,12184.1443,1477.4786,3885.8487,6760.7846,6634.5520,11970.0234,12917.4729,5898.3328,13490.4901,11841.0166,8221.5810,12591.8527,11763.8234,9655.7018,8106.0353,1885.9807,7140.8221,10040.1691,10028.2960,399121.6125,418185.9928,405142.0129,402663.0516,395712.9063,407555.9459,402267.9133,402766.2774,336314907.4513,336265720.7263,336287146.1575,336289446.3009,12071.5944,9189.9045,11676.3212,8640.6145,11288.8800,11575.9002,9186.7021,334.9631,2190.3753,12072.4674,12906.7565,12903.1198,7957.4137,10027.9237,13509.3626,8799.0619,9914.3453,11172.9804,5734.2634,9734.5527,11659.9769,7171.0492,10045.9524,10924.8223,9613.9943,10019.5843,5472.4599,13383.0845,9189.2306,10156.8669,5777.2191,2901.9170,11544.9944,10815.0520,8758.5079,11486.0074,10003.8221,10322.1226,3474.3648,7029.8295,0.0000,11979.9768,9030.9315,10204.9283,5032.8477,3843.0702,11037.0401,10417.5485,13207.9013,9233.8441,10191.5265,7821.7530,6811.5514,6273.0487,9237.4909,12125.5155,11197.0982,7101.6029,9335.0913,12716.4213,11128.3455,13524.5192,9866.2566,9552.9225,8141.9344,2428.2813,13037.0416,392374.5233,411594.6418,398433.8890,396051.8147,389085.3074,400811.7137,395538.2981,396057.6027,336321296.7711,336272110.5118,336293535.8075,336295835.7532,10743.4481,7536.6697,11799.5557,1613.9791,11732.5057,11114.1255,12065.8387,11910.4664,8059.9130,3041.7697,7203.2159,8491.2318,3548.7976,5639.8637,9517.1267,12436.4406,3213.9772,9378.8997,4534.0179,1212.4455,13516.4469,3627.0376,4921.3274,8682.6489,13000.6436,9539.6189,3922.8598,7827.6841,6049.6469,10611.8920,10721.3592,2185.6948,2933.1896,10471.0250,4018.1860,12857.9907,3856.3483,13462.5470,12893.6471,0.0000,3351.7765,6551.1555,3846.8299,11596.9199,11924.6084,8494.1011,3499.5771,3249.2390,11686.4003,10107.1939,9001.4658,13791.7631,8254.3422,5256.5026,9431.0885,7361.6828,7040.1592,13050.6518,2038.1791,2107.2923,7731.8797,12953.1754,11495.3690,8534.7614,11741.6706,9567.4326,389158.4234,408069.0908,395136.3920,392556.7731,385607.9784,397627.5171,392353.0762,392785.6708,336325415.1851,336276227.8798,336297653.5237,336299953.8569,4654.3173,12676.1161,10822.3564,7993.1912,742.5631,9057.9239,7698.4410,4910.6000,11822.3536,6734.1255,5215.7155,10310.7779,11044.5802,2605.4771,11533.6271,8734.3189,6872.3290,8380.3351,10002.7985,10727.3945,11216.1498,13100.3176,13800.7127,9827.3344,7196.6857,10072.8138,13577.5353,6377.9691,5047.4938,10600.3574,9359.2547,9296.2424,1066.4887,7709.3901,6618.3948,8837.1358,9077.8630,4293.7695,0.0000,8354.3284,12922.9195,9317.2036,12407.0570,11769.2922,3362.3461,11858.7602,10036.3532,13035.7974,13602.4533,13378.6582,8148.2281,8388.4783,8393.1216,12887.7552,4517.2144,9160.6988,6758.0703,9869.4878,11399.1251,10718.1799,7184.6491,13097.9125,13376.8153,7576.0786,8603.0278,389063.0250,407824.7595,394996.4551,392374.0540,385517.2892,397298.8545,391892.0104,392516.4134,336325116.8481,336275930.3709,336297355.5221,336299655.8285,13358.4576,8069.8464,8529.7123,5060.5393,11579.4312,10520.1820,1650.9784,8716.5709,3112.9349,5848.3750,8250.9999,8042.9871,4403.2524,12364.9763,5719.4015,8265.4631,6405.3412,6836.8821,12780.3021,9253.1855,11203.3822,13131.7892,11213.2268,8636.7252,6359.0962,12786.2284,4332.9447,7691.8846,12066.7256,6150.8809,6595.1461,4758.4652,4231.9774,8780.5853,6477.5983,12074.1855,8402.8915,0.0000,4632.9608,11879.2541,7103.4636,13629.5454,13362.0251,1333.9550,9804.0347,6259.9327,13500.5467,13242.7386,13203.0100,11161.3840,8864.2114,6866.3762,11806.4551,1090.7510,8909.2032,9215.5360,6121.6656,8858.8969,8370.6344,9272.7296,13415.2908,13008.2419,10342.6564,7144.0377,388041.6160,406721.3685,393954.0655,391273.5303,384412.5328,396312.3655,390919.1242,391495.7558,336326456.9901,336277270.0958,336298695.4093,336300995.8400,11876.2652,8771.8558,12400.9725,8939.7430,10242.5930,12835.3838,10453.6756,12459.0372,13176.7367,12024.7398,10017.0206,13249.5025,3412.7893,13008.6450,12207.3807,12734.1915,12224.0022,4187.7596,11360.6767,8911.6794,5272.3318,5915.4604,12113.5506,11591.5377,6746.1771,13545.2287,12292.1238,8768.8621,12679.4813,12659.2398,12866.9521,13198.8738,9152.0134,12831.5314,7332.2991,10615.7387,0.0000,13102.8764,8186.9147,12722.5826,5240.4974,5991.7904,13274.8416,10773.4622,11813.2081,696.4581,3072.9386,6331.9838,7334.0674,12007.1168,12787.8550,5308.8312,13515.0615,11770.9849,8722.9225,12237.3491,11340.1816,9314.0531,8566.1045,1127.1458,6681.5023,10415.2199,9965.5136,399108.0775,418173.7633,405129.1358,402648.0942,395693.2280,407556.1554,402275.4678,402761.1938,336314964.6586,336265777.8617,336287203.3293,336289503.4833,12513.1949,11240.3826,11263.6951,11119.9331,8810.6647,4320.3338,8258.5918,7854.4754,2035.2587,7044.4986,9313.8051,12845.7455,2926.2529,8421.6578,3612.3763,1457.8016,13528.2223,2116.6782,4666.9360,8498.0914,13479.8296,8543.4662,5446.7180,7341.0111,5699.3555,9944.9573,9697.6862,2193.9982,2169.1923,10407.3934,4231.1630,13332.2097,2978.8092,13049.9069,12829.9476,0.0000,3856.8897,5789.1064,2721.2237,10961.8513,11230.5375,8875.0996,2336.3970,4778.9255,11822.4310,10297.7459,8340.2187,13805.6369,7065.1867,4194.3685,10176.8205,7690.3383,5728.1201,13430.0669,3449.4332,1026.3531,9018.1482,13417.6082,11681.9187,7864.5832,10935.2095,10681.5724,388517.8331,407507.2472,394516.9311,391980.0304,385014.7652,397013.6379,391758.1486,392179.5293,336325933.2255,336276746.0055,336298171.6514,336300471.9138,7470.8387,11690.5612,11587.6723,7185.4090,10649.0293,7043.1929,11564.6853,13027.2362,8165.5371,9880.6564,5941.5434,11912.7238,12379.7720,12333.7263,11816.9945,7521.6187,13208.1030,12450.1706,11631.9057,3866.4296,12558.8506,9249.8976,12514.6463,11457.7079,11239.2204,12864.4521,11804.9525,12283.6180,8830.9329,11022.9896,2963.2870,12412.9009,9621.9953,7383.7563,0.0000,11003.2650,12893.1705,12755.3540,11883.0243,11861.8550,8287.1852,13069.4770,9751.5762,8873.0592,9760.1410,12699.7939,6618.3492,13107.6561,12663.9269,7707.0535,9258.2662,13230.9508,3626.7238,10689.1127,12666.8534,6241.0736,2915.1681,8776.5337,12773.6824,11652.7012,3498.9642,396375.4222,415019.3341,402279.8754,399586.4788,392744.4016,404604.1525,399183.9631,399797.8778,336318101.2391,336268914.4288,336290339.6683,336292640.1273,9073.2488,7785.5803,5090.5042,12023.9668,6852.5464,5850.4422,10782.0736,11081.0777,3315.0952,11110.6308,9257.6790,7333.0898,8936.2869,10431.2536,10297.5394,11629.1873,13306.8354,13802.3817,9287.1009,7636.1277,10273.0651,13676.3273,7014.5466,5434.1948,10738.9680,9832.7911,9803.5791,1730.6641,8229.0392,5959.3897,9379.2698,8796.3802,3790.1754,0.0000,8830.3191,13120.9009,9847.8579,12339.0577,11702.8657,3796.7875,12216.5689,10286.2863,12768.5541,13446.2149,13453.9302,7618.1949,8859.7112,8959.0606,12687.6652,5046.7500,9632.7420,6102.5800,10216.5767,11780.0318,10597.3712,6541.9721,12835.3782,13475.7746,7692.2689,8323.9527,389710.0073,408459.9979,395640.2984,393012.9128,386160.7086,397935.9347,392523.0680,393154.9268,336324473.2889,336275286.8289,336296711.9643,336299012.2774,1892.4228,12013.0714,12975.0880,12882.7076,7736.2855,9962.7061,13600.8457,8610.9009,10172.8173,11082.0108,5478.8128,9611.9035,11622.4900,7445.7037,10020.4067,11030.2769,9836.0559,10223.0053,5212.9127,13411.7822,9366.5497,10000.3048,5517.6151,2938.2140,11481.7446,10732.9560,8597.1156,11391.1381,10089.0280,10215.5254,3677.3595,6977.9266,0.0000,11905.9708,9145.8147,10103.7466,5325.2335,4143.0503,10925.4607,10431.1091,13223.8461,9528.6624,10455.2461,8018.0091,6965.4224,6071.5793,9097.2883,12345.0731,11076.5176,6955.2580,9430.3290,12703.3906,11126.8986,13641.4856,9974.4252,9842.1479,8322.6959,2125.1697,13124.8363,392056.6768,411276.3119,398115.7789,395733.8577,388768.0086,400491.8981,395217.5509,395738.4307,336321610.1813,336272423.9323,336293849.2229,336296149.1669,11088.8390,13117.9122,12193.1752,6320.1779,9725.5816,13667.9914,7104.3377,11043.9577,10458.5957,4184.6965,8932.9643,11304.5055,8463.1842,10046.9410,11653.9453,11039.9751,10679.2515,3974.0707,13183.8993,10469.7229,8926.4852,3783.8886,4130.7899,11004.6235,10236.8747,7128.5855,10621.9128,9813.0034,9609.1886,4538.6732,6045.2489,0.0000,11246.2904,9991.4359,9585.7511,7055.5854,5941.8060,9750.5337,10642.5044,12964.6213,10811.8176,11658.8111,9314.6085,7225.5896,5331.0096,8384.1721,13125.3490,9938.6885,6516.7221,9227.2546,12367.9557,11154.4819,13739.6949,9835.4094,11087.8582,9536.1979,322.5469,12932.6846,390587.6388,409755.6144,396632.0085,394225.1143,387274.8565,398989.9460,393695.4919,394237.2229,336323100.4565,336273914.2417,336295339.4876,336297639.4620,8663.2035,1994.1358,7152.1439,9225.6295,7367.3089,5442.9104,11485.1405,6817.4544,9354.0796,7636.0237,7574.3293,12217.1574,10069.9334,11436.8017,13039.0754,10188.5251,9702.9917,6100.7136,12931.0674,5820.8149,8597.9564,12634.4009,7052.5857,7641.8025,5338.4853,5362.5009,7747.1667,7652.6653,12021.8638,8239.1703,0.0000,5552.3913,12241.2057,8244.2841,13725.5145,13521.6850,2153.0301,10450.6229,6201.8234,12945.5767,12783.6291,13399.8454,10636.8811,9987.3919,8132.2300,11002.1227,2706.4701,10009.9942,8295.8519,6476.3817,9507.9869,7297.9302,8243.5173,12835.0646,13230.8777,10951.7902,5673.9281,389418.7313,408046.2747,395317.3257,392609.7722,385761.5451,397666.9279,392258.4679,392847.4850,336325155.1963,336275968.2673,336297393.5673,336299694.0431,7288.8748,10646.5281,6161.5227,3329.0098,11198.1264,10897.1459,5991.8151,11384.3052,7252.8937,4155.8892,12729.8692,5755.9883,4429.1993,7521.1574,11779.6187,11519.2653,3083.8416,7276.8941,8455.5395,12327.8278,11723.8478,5010.2211,5826.7595,11791.7197,6329.8026,12337.8403,6680.5234,13670.1293,13437.3860,0.0000,5570.5747,6688.0037,6682.4209,11495.3911,12061.2041,9682.5299,5026.5154,2940.6871,10186.5761,8360.5010,8759.1365,13517.8235,10404.2933,7928.0284,7035.8155,8883.3323,9262.7792,12583.2442,3307.8561,4157.2328,5573.6750,12317.1616,9900.6082,8320.0386,13013.2861,8236.7873,391929.3805,410787.4004,397894.1101,395284.0822,388343.2260,400391.2593,395109.2984,395540.5299,336322779.9607,336273592.5264,336295018.2020,336297318.5976,8458.5398,9098.7508,5644.6520,7154.9954,11112.8709,6735.2892,10483.9105,7937.1381,6983.5844,12418.4910,9767.6880,10590.6620,12353.3028,10126.1927,10804.4649,4486.3123,12359.7611,6631.9619,10034.2266,13190.5876,6671.1750,7514.2053,7150.6541,5378.8627,8326.2008,7769.6294,12803.6653,9607.4131,0.0000,5227.3282,11763.5775,8316.0575,13841.9710,13822.4230,4024.0551,9940.6871,4743.5694,12462.5851,12020.2740,13072.2080,11338.4953,10797.1272,8568.1279,9858.0992,4082.1351,10551.8019,8926.8585,5412.7289,8892.2409,5676.0303,8713.7053,12285.8144,12856.5591,12070.4815,4639.3568,390318.1167,408924.1585,396211.7642,393487.1234,386634.5891,398585.8301,393186.3086,393753.5897,336324386.8868,336275199.7867,336296625.1582,336298925.6787,6574.4865,11407.4951,2762.4517,13352.1498,5776.3969,2808.6451,4471.0273,7451.6011,12298.7102,7684.3901,10849.8955,12475.9596,12644.7561,3217.4950,9810.7964,11556.9174,3172.2600,3022.7045,8088.1361,6695.8047,6009.0562,4241.8408,5573.9522,10644.9605,5184.5051,9774.1289,7618.4338,0.0000,6448.0204,10313.9057,5499.3648,11181.4567,10559.9878,5358.7795,8696.5070,9405.5503,13514.0312,13454.4727,11319.3945,10690.5334,3870.7540,4082.5308,13618.2139,4869.9696,4683.3745,10576.0916,8456.4866,8450.6168,12092.1901,10991.7163,13590.7686,11204.3036,6034.5607,11375.8945,386348.4082,405320.4695,392339.3509,389818.4631,382898.3313,394712.5632,389386.3047,389927.0794,336327676.3059,336278489.7513,336299915.0596,336302215.2252,8656.4374,8499.4997,13197.6571,3008.6108,6775.0458,2426.7682,2889.2463,13309.9526,1400.3448,5470.7738,8815.5209,13740.4514,6861.5262,7082.4413,7423.5614,4992.4338,8580.6341,8318.8641,2974.5617,1993.5687,9729.1462,4501.6574,13400.8161,2126.3214,12196.9195,12173.9656,0.0000,4547.0371,5671.7648,1525.1837,10261.8933,10355.9935,8815.0606,2563.6012,6433.0157,12078.4391,10813.5520,8015.7426,13396.0044,5224.9205,2659.0904,11202.9477,7642.6011,3817.5887,13394.8357,5051.9394,2337.7612,10394.3338,13501.5083,12013.4994,7594.2562,9514.9830,11644.7383,387690.7188,406752.8748,393708.9243,391214.5963,384239.2899,396195.5227,390949.1692,391374.8197,336326588.9475,336277401.8913,336298827.4970,336301127.6803,11145.8919,9424.7877,7701.9017,12462.4082,9046.7079,6404.3549,11837.1985,8505.1458,7065.3723,8736.9894,9885.2652,12644.9832,2635.1252,9110.1281,9404.2650,12788.3416,12996.9108,6925.2524,7889.3389,11314.8843,7356.2053,10367.5311,8602.7200,13459.8511,12521.9370,0.0000,6669.7759,8993.2652,8804.1651,12314.2710,12818.8886,8952.5278,7937.0454,3266.1109,9725.9261,8371.5371,10390.9043,12405.5823,11980.1136,9738.1782,5761.2005,8593.4360,11156.5753,10779.7179,4691.6529,7091.6815,2384.4201,10355.9441,9395.1681,10088.4901,13602.9043,5320.7389,393616.2774,412334.0916,399542.8345,396863.3128,389962.7897,401997.8249,396664.2951,397146.6287,336321193.1983,336272005.7845,336293431.3690,336295731.8656,12718.5618,7008.7221,4959.4927,6347.3712,8583.9089,11820.1614,9566.3808,12155.5139,13436.8920,11475.4129,5343.5161,9720.6919,12862.7209,4264.7848,3669.7959,9650.8685,7818.6523,7524.3050,1654.9713,6194.9405,8793.3336,6898.5975,9664.4806,5989.5060,0.0000,7005.5735,11885.3491,7365.5084,12151.2264,11508.1677,3406.8563,10406.1487,9489.0994,13594.9178,13821.6065,12683.1586,9653.0545,6376.2935,6247.6288,13445.2180,3678.7271,7161.5135,8850.3174,8920.4011,9964.2206,11369.6227,9268.1829,13656.8770,12614.0806,6888.5653,9929.6492,387220.0497,406064.6704,393176.0023,390592.7626,383709.8798,395509.3298,390135.8265,390724.2516,336326900.0733,336277713.5530,336299138.7733,336301439.0251,13424.8913,12954.5934,13422.5494,12806.7270,3729.6472,12805.1222,10710.3797,7933.1863,2831.3669,12952.9962,11185.8949,9362.8263,13627.9242,12473.3239,10757.9697,13136.0149,13332.6193,11994.1751,13209.9922,6619.1145,13513.3397,7754.4917,9433.8370,0.0000,13114.7633,10516.5308,13571.6971,7989.5874,8376.2300,12203.4723,12323.7241,11574.9498,3495.9883,5322.9210,9220.3102,6032.5197,13167.1308,13586.1847,5120.0459,12753.2436,13096.9379,6333.4755,12308.6294,12530.4300,7983.0434,5964.0936,3485.7855,9477.7585,11212.3958,7746.1362,399597.2210,418496.0802,405572.5505,403007.7375,396098.9331,407954.5809,402615.5626,403156.7610,336314604.7916,336265418.0033,336286843.3710,336289143.6470,7193.2795,1971.5664,2012.7745,13818.1058,4171.6947,7307.6218,10589.0794,13446.4892,7436.6333,5517.0062,9565.1130,3014.9652,8362.4340,10138.4174,1053.4614,1026.9138,8257.4991,1582.1076,12427.1245,1359.8990,12856.4885,11483.0854,0.0000,1729.9698,8068.7531,1882.4728,12056.9036,12044.7421,6514.0235,4944.3742,4842.0625,13057.2805,11967.0140,10252.2479,13342.5225,6359.3575,2816.8873,11481.3708,5156.4391,5465.0511,12598.9336,3380.2122,3900.2431,9353.6714,12664.5500,12953.7848,9871.9771,10229.9864,10149.4870,386918.0462,405826.0772,392893.8338,390320.0382,383384.1001,395347.8091,390052.4671,390520.5431,336327501.1106,336278314.0210,336299739.5586,336302039.8565,5444.4866,8486.1015,11340.0749,7542.2898,10471.8188,11483.5897,12597.5090,410.8899,11228.9527,10451.5687,5401.6022,2424.8459,5648.5071,7962.8688,7030.6058,5949.0718,7474.7034,11201.0896,6211.8942,8252.5804,7729.8557,0.0000,8230.6776,9290.4463,6236.8506,9263.0025,8507.5034,7748.4104,8501.8355,10822.8027,12617.4045,12702.4170,9830.0329,10096.7215,2045.6716,4772.5671,13616.6030,7390.8874,3496.7204,10913.4943,9850.9975,8726.6451,13121.9901,11402.7665,12768.6394,9802.3036,3871.8433,12653.9951,387300.2526,406412.2354,393329.3856,390884.2426,383933.9560,395716.0739,390425.6464,390943.3776,336326547.1919,336277360.7557,336298786.0821,336301086.1297,3421.2782,13295.8809,3773.7958,7492.8188,10398.2162,13460.4187,5656.1691,7145.3424,9200.6609,2623.1257,6943.7791,8610.8067,2767.6260,1702.2995,7721.7487,3012.3869,12423.3264,784.2284,11788.2097,10788.2501,0.0000,3530.1993,7603.3604,1052.8389,11046.4996,10896.4647,6847.7192,4857.3586,6520.6866,12870.3685,11974.2482,9567.0563,12743.6305,4449.9535,847.9106,12030.8364,5620.8053,3597.8215,12464.6861,5140.5128,4333.4759,10515.8402,12642.2368,12833.4038,9237.6229,8683.5817,11083.0214,386638.6251,405632.1566,392637.2005,390112.2778,383162.6149,395085.1433,389803.6803,390271.3100,336327605.6391,336278418.7044,336299844.2125,336302144.4245,13612.3601,3426.2456,5699.1852,9324.2067,13177.5506,8671.5042,4426.1074,8365.3926,4916.3927,9736.9785,10383.4847,1002.9735,1783.5337,9651.1759,2998.3810,12712.4396,2714.4604,13197.5936,12367.1974,0.0000,2472.5261,6954.8420,2796.9766,11681.2697,11882.8107,7752.0279,3722.9126,3711.0372,12175.3343,10774.7115,9349.7222,13617.6211,7415.4047,4189.2846,10206.4114,6525.5795,6265.7915,12893.7730,2217.6248,2384.7581,8344.9271,12859.4956,12019.8236,8909.1274,11112.2805,9792.5077,388250.7597,407165.8161,394229.3828,391654.5406,384708.9461,396708.3870,391428.1663,391871.9304,336326260.6270,336277073.4010,336298499.0088,336300799.3252,13034.3793,11758.9915,8828.0052,4115.3777,11266.8084,13019.5248,9825.7208,13426.4113,10663.8158,8675.7028,13776.9078,13659.5152,11026.9954,13697.5857,6603.2341,13590.7685,4415.5278,7588.5128,0.0000,13840.7683,10783.3884,13611.3340,6258.9372,6154.5351,12293.8903,12813.3322,13246.2644,4794.7435,7082.0345,9010.6608,3519.8770,11837.8286,13231.3461,8222.6652,12924.2263,12133.3989,5890.0437,13607.6237,13245.0963,10725.9648,5991.4785,5122.2877,9411.1763,8700.5852,9971.2851,398506.8822,417524.1327,404513.0537,402020.4874,395098.6626,406869.6930,401541.5658,402097.9873,336315414.2426,336266227.7763,336287653.0535,336289953.1886,4243.7405,7716.4154,13631.5842,7569.9571,7272.2587,6237.1374,6288.8289,9392.7966,8094.1785,3864.6583,3170.4461,10686.6567,5611.0307,13703.7382,3478.0950,12186.2449,12716.8269,0.0000,5509.3224,4436.7802,2913.5603,9613.3967,9857.8237,9827.1510,1256.9157,6670.8399,11370.1379,9929.1067,6959.0784,13487.9102,5869.1523,3946.4327,10561.7659,8734.7193,4375.0565,13661.8064,5448.0862,1733.8543,10286.4647,13731.9250,11293.6116,6491.2768,9867.7769,11849.6316,388671.8130,407770.7043,394700.5492,392223.4646,385235.8122,397203.9489,391974.2456,392381.2494,336325616.5930,336276429.4898,336297855.1385,336300155.3039,4359.4663,12266.9450,10447.8043,7186.8992,3346.7310,9566.4117,11942.5368,9021.0996,6576.6602,6563.9426,12849.0642,8318.9712,13515.0863,7144.7900,12276.8435,13761.9549,0.0000,7898.7122,2576.1554,6771.6096,8529.1254,9281.7056,11833.1965,3038.5628,6905.0000,8701.0354,6652.2239,4958.9316,13214.1958,9031.8880,7783.9927,7480.4083,11045.2501,7732.5739,13462.2549,6531.2032,3709.1805,8688.3309,13347.0394,8520.9293,4415.6015,11581.6544,11077.8817,392613.1495,411705.4684,398641.7620,396156.2594,389162.1032,401168.9757,395950.5829,396336.0829,336321799.4670,336272612.1948,336294037.9205,336296338.1218,10142.6344,11370.2645,9829.8676,1899.4494,12095.7893,12540.6527,8113.7081,10042.2946,9939.0182,13695.5778,11322.5788,12457.5104,10297.7290,10190.3821,13095.1013,0.0000,11056.7782,3705.1852,9980.5921,5636.6537,6751.2048,13437.3490,6799.2041,9806.5943,5023.3670,3068.4633,2750.0776,11210.6424,10428.5187,10502.8109,5833.5440,13082.8503,9567.6844,12201.4507,9844.3991,7659.5029,9335.2220,12075.0685,4909.2414,2675.9963,11089.9839,11321.9899,396268.6277,415426.0379,402315.3011,399870.0547,392871.5152,404820.8432,399602.7331,400005.3918,336317949.7919,336268762.7066,336290188.3726,336292488.5013,12656.5555,11331.5209,11308.5828,13117.7301,11619.9353,11445.0414,13312.1559,13545.1150,10461.0544,12935.9563,4017.9751,13623.0687,7445.0702,7580.4768,0.0000,12953.4064,12131.2557,13804.2461,9507.7033,9548.8663,10851.2770,13363.4949,11751.5091,6144.7872,7853.6162,11110.7136,4536.6916,13215.7366,13625.2176,6996.7949,11688.9779,13388.6433,3779.2295,12513.5658,13372.2034,8148.7406,3319.0945,6176.9567,11343.8730,10839.0138,6693.4009,398666.3636,417469.4283,404614.5850,402006.5043,395130.8193,406951.4702,401569.2348,402160.2887,336315558.3018,336266371.6355,336287796.8898,336290097.2144,11459.3366,10319.8725,5751.0688,2630.3623,5317.5876,8181.7755,7225.7272,6287.3754,7775.5273,11359.2838,6417.5014,8112.3602,7863.7578,0.0000,8513.3596,9173.6701,6404.4736,9018.6044,8246.3130,8124.6798,8513.7527,11052.6872,12531.7767,12630.5451,9641.1733,10098.0736,1938.6018,4963.3774,13655.3762,7772.7066,3440.2121,11044.2811,10078.6015,8805.5036,13306.2357,11539.2359,12693.1947,9626.3710,3661.3340,12882.8199,387430.7545,406563.5991,393465.5913,391031.6307,384076.6182,395854.9847,390570.3105,391083.9230,336326393.7195,336277207.2973,336298632.6283,336300932.6588,9708.2065,7356.8471,11693.4362,12751.4812,4765.8640,5889.9372,10188.0119,5050.2584,11020.0766,6625.1158,13830.3010,12335.0044,0.0000,4272.1138,9062.9219,6923.4626,12931.4421,13271.4708,7475.1632,7009.0443,759.3334,11407.3203,10088.3447,10921.1913,13085.3561,10708.7552,7925.9374,8048.0749,6775.4118,9856.4833,11443.3040,2338.5609,5834.9556,4543.3740,11155.2502,11138.9052,10558.2762,13059.6720,6373.1480,390985.0331,409706.3472,396911.7218,394234.5952,387333.7583,399365.1365,394031.9225,394514.8377,336323801.7906,336274614.4111,336296039.9843,336298340.4681,11157.6981,11814.3304,7236.3052,9068.2947,8797.3070,13332.4398,10503.2247,13157.4677,9109.5526,10406.1597,13196.7159,0.0000,10286.1715,1914.3532,8707.8414,5681.0423,6655.6377,13116.0944,5364.1338,9538.5775,6621.2468,4890.7273,1826.9755,11843.1406,9155.2488,9239.1803,7312.7191,12594.3148,8161.4922,12897.1994,9274.8006,6444.9119,10074.4486,12852.9944,6563.1711,1373.4594,10477.0239,12036.5063,394553.1891,413754.5552,400611.4083,398189.0216,391178.8492,403127.2118,397924.1930,398313.2378,336319631.7884,336270444.7214,336291870.4049,336294170.4964,6047.1239,9755.7333,3996.5248,3619.7109,5722.2632,2554.9902,11335.2769,2987.2813,11785.4018,9539.9418,0.0000,3474.2615,9765.1121,3569.1012,12273.7003,11954.5437,4619.9593,7251.5744,6851.4488,13732.1962,13171.0036,11427.0871,12228.5058,5383.4643,2868.3644,12769.1429,3358.9892,5250.9127,11472.4801,5747.6371,6540.5496,10502.6799,11689.2029,13704.0704,11169.8270,8666.7815,10310.9993,386062.5431,404951.3551,392031.7825,389457.3836,382541.6032,394436.7787,389110.8193,389627.1728,336328207.2009,336279020.3573,336300445.7630,336302746.0342,6802.3147,9145.9308,8442.2790,4150.3423,8197.5283,9652.6144,7677.5338,7436.9185,5678.4958,0.0000,8991.4324,10903.1518,7866.6136,9946.0284,9062.8312,6832.5438,10258.8452,11406.2380,12756.8730,13224.6134,11152.1883,8742.2778,4423.7076,6451.0170,13823.8575,6937.6259,5758.5842,9359.0539,10675.0941,10324.1074,13050.0346,9934.3524,12926.4939,11194.5151,3520.7308,11955.6127,387884.5855,406915.9667,393891.1915,391410.2193,384489.2455,396235.8534,390906.4430,391470.4230,336325965.7310,336276779.4086,336298204.6337,336300504.7210,10406.1626,9548.5309,10043.8710,10830.7008,11844.4285,9120.4982,5980.3020,9334.4240,0.0000,11232.3490,6824.4806,8831.8728,4232.2716,3453.4658,11705.3896,8416.8274,12468.6612,9234.2028,9521.3172,5820.3043,9092.6982,5177.6839,8074.4000,11825.9787,11497.7589,5519.4812,11282.5937,11783.1816,9377.1288,13469.8069,11690.7138,9498.7133,6066.0510,4160.8051,13684.3609,391659.6451,410952.5929,397739.5901,395387.4758,388390.2594,400167.8805,394936.6828,395402.1064,336322060.2892,336272873.8578,336294299.2801,336296599.2002,1238.7042,8963.3719,2097.0465,12547.4122,2061.7970,13124.9146,11961.8106,0.0000,1731.8085,7621.2869,2350.6994,11994.1316,12092.6061,7048.2974,4410.4556,4055.2824,12674.6689,11425.3430,9920.2997,13528.6272,7022.6319,3596.0983,10833.1924,5745.3766,5995.0344,12739.3484,2523.1591,3188.2967,8732.9764,12745.5560,12540.1458,9508.1153,10794.6058,9852.8912,387560.7378,406461.6050,393535.0563,390954.8586,384016.1757,396001.1972,390711.0840,391168.1059,336326921.8922,336277734.7216,336299160.2948,336301460.6115,8779.7636,2575.7645,12773.8727,948.2967,12665.5484,11750.9567,0.0000,2627.9470,7215.8850,1112.9346,11465.3350,11496.3319,7315.8124,4015.9123,5202.7338,12703.5955,11528.6813,9481.9816,13387.5179,5936.2030,2473.1823,11312.4246,6017.8156,4854.1429,12887.5889,3710.2707,3085.4136,9615.9123,12962.6408,12608.3805,9082.3057,10012.4479,10619.2634,387158.5238,406117.8491,393148.4749,390600.6530,383650.9014,395615.3520,390337.3947,390789.3984,336327220.0750,336278032.9854,336299458.5511,336301758.8127,7338.9584,7459.6862,8237.3753,9032.9553,4640.1757,0.0000,8060.2827,12563.9441,8699.1266,12175.3597,11497.6478,3514.2191,11413.1823,10073.2647,13239.8971,13726.5188,13088.0383,8545.4935,7518.7854,7659.4158,13223.0109,4374.9834,8361.5532,7523.2801,9739.4421,10997.5388,11188.0824,7980.8469,13315.1961,13074.7447,6971.7721,9321.9821,388346.4865,407152.1176,394291.7283,391691.8185,384823.8918,396602.8521,391209.5712,391822.2879,336325779.8239,336276593.3645,336298018.5320,336300318.8032,11565.1567,2696.4577,12841.4835,10813.7704,0.0000,926.1622,9170.5150,3320.8963,12656.7584,12586.9115,5143.3332,6279.7761,4474.9736,13258.2780,12338.3235,11168.1775,12932.4900,7057.1828,3778.4788,11475.8033,3747.4678,6439.1219,11822.0793,3306.5966,5180.0803,8780.1071,11869.1646,13146.4716,10828.1605,10399.0513,9177.7812,387008.7335,405839.8297,392963.3113,390351.4754,383437.6825,395393.9385,390070.3378,390566.4469,336327461.5511,336278274.4803,336299699.9659,336302000.3158,12683.8789,7734.5898,4848.2672,0.0000,11776.1861,13440.0571,13021.4968,11320.0521,10994.8061,8107.3280,13767.7693,11375.8603,9466.9338,10820.6769,12949.7046,4443.1936,12298.9164,12574.7528,9655.4760,9287.5650,12758.6182,904.0727,11989.5236,13520.9566,8780.1965,731.0641,9514.1808,13108.6176,9907.6587,6080.6177,395631.5620,414339.4849,401552.2251,398901.6042,392058.4520,403845.2713,398421.4631,399060.3747,336318630.7382,336269444.1994,336290869.3419,336293169.7088,12300.2710,11311.7132,0.0000,3048.5675,7498.7629,665.4456,11348.2838,11278.4372,7060.7000,4495.8010,5965.5998,12926.0049,11896.5244,9623.1465,13153.0424,5160.1445,1570.2701,11826.1644,5772.4874,4184.6605,12762.1511,4518.7926,3793.0283,10198.8285,12894.4228,12862.3351,9257.9030,9368.7196,10957.0701,386719.6218,405697.2502,392714.1521,390178.4799,383228.6076,395171.3397,389891.7622,390351.6662,336327587.5678,336278400.5598,336299826.0955,336302126.3305,5647.3551,0.0000,13253.8220,10740.9044,12300.6218,5769.3756,4809.2237,11321.4862,12361.3919,13844.2098,8004.2242,9697.4514,9172.4980,3725.4406,9115.1396,11469.3779,11251.5607,11876.1504,9870.5529,6916.2000,13736.7289,12900.7478,12865.1696,7458.8142,8362.0188,9568.7167,4830.9193,11860.0464,395020.0939,414138.7468,401052.0700,398620.8265,391685.6628,403393.2624,398078.8681,398641.4251,336318699.1739,336269512.9599,336290938.1739,336293238.1887,0.0000,11364.5387,13030.0027,11611.4993,10387.7623,9585.1161,7292.0254,13162.5922,12400.7148,11126.2106,12424.9679,12554.2595,4419.1892,9339.8332,10636.2740,12375.7622,8353.3864,10297.4042,4415.6590,12396.2904,13107.7789,11719.6640,5159.5624,11308.8978,12740.1756,6107.4042,9525.9645,392257.2414,411121.5402,398218.7158,395657.7316,388788.4072,400503.7424,395108.1130,395742.3247,336321709.0808,336272522.8290,336293947.9220,336296248.1232,0.0000,0.0000,0.0000,0.0000,0.0000,0.0000,0.0000,0.0000,0.0000,0.0000,0.0000,0.0000,0.0000,0.0000,0.0000,0.0000,0.0000,0.0000,0.0000,0.0000,0.0000,0.0000,0.0000,0.0000,0.0000,0.0000,0.0000,0.0000,0.0000,0.0000,0.0000,0.0000,0.0000,0.0000,0.0000,0.0000,0.0000,0.0000,8993.6290,3587.2669,12807.1939,12827.3531,5670.5558,6026.2037,3653.3130,13113.7906,12056.4600,11091.9861,13253.8693,7698.4481,4353.2580,11044.4748,4336.0703,6951.7219,12063.8151,2430.0616,4802.0239,8244.4744,12052.6983,12972.1539,10724.4767,11036.1382,8923.6554,387412.1297,406228.5564,393363.1127,390741.0325,383826.4196,395804.2500,390483.4981,390970.6273,336327127.5884,336277940.4368,336299365.9540,336301666.3277,7035.4739,6469.7047,7186.2233,12259.7473,3643.3675,8755.9052,8131.5431,6507.9347,2823.8047,12322.4094,7783.3557,7617.3734,8402.8532,11569.1929,6617.4413,13221.0740,8205.3188,4886.0775,10275.6404,13232.2455,8082.0566,2260.8912,9941.4207,12169.6825,392644.6055,411843.8383,398701.7501,396277.9873,389267.5030,401219.2144,396017.0707,396404.1626,336321546.0917,336272359.0259,336293784.7092,336296084.8001,11069.2636,11028.9907,7662.4144,4003.3427,6256.2462,12812.6591,11724.2059,9215.9273,13308.1007,4987.0529,1569.5521,11824.4413,6403.9412,3859.2494,13066.5274,4796.8437,3434.2340,10450.3589,13202.3479,12753.9349,8836.8972,9348.2459,11341.8058,386811.2627,405821.6818,392814.8472,390295.6369,383336.6132,395281.2469,390013.3687,390462.0362,336327474.9284,336278287.9156,336299713.4718,336302013.6842,1281.1200,13391.9606,9374.3073,12844.8276,5696.3278,6329.5031,4046.5044,8273.1389,8803.3839,10768.6943,9344.1591,13363.2790,8737.6717,10711.2925,12604.5894,10388.6723,12396.3819,10924.9260,6026.7192,4585.9120,7220.0455,12967.5944,395744.0911,415018.7063,401820.6075,399454.6365,392456.2155,404262.9084,399034.5371,399489.0455,336318053.4286,336268866.8697,336290292.3418,336292592.2996,13012.9940,9777.0812,13164.5628,6525.4471,7370.3365,5023.9848,7707.2009,8249.4599,10550.1610,10148.2794,13043.6910,8399.6633,10338.7744,12860.1144,10748.2456,12854.8894,10640.1951,6877.3010,5518.2869,6127.8172,13131.4401,395105.6313,414381.7378,401181.9516,398820.6810,391827.8557,403607.0640,398369.9284,398840.5872,336318632.3887,336269445.9318,336290871.3548,336293171.2943,10432.7786,7396.6705,13480.4277,13459.8430,13357.1936,10378.2909,8636.8218,7169.1561,12199.7990,1506.3823,8909.3743,8494.4772,7238.6908,9620.3200,9055.7896,8643.7650,13435.6894,13214.5811,9579.8101,7455.7804,388128.7848,406822.4912,394044.5635,391375.8721,384518.7595,396384.0630,390983.4462,391577.1091,336326282.1260,336277095.3540,336298520.6145,336300821.0157,6467.4882,10717.3800,9078.5110,6346.2842,13562.6688,6870.1125,5105.0530,9726.0250,9401.7714,5405.1507,13732.2660,5441.9082,1440.5268,9765.4769,13742.7308,10608.2755,5831.0562,10492.9443,11630.0712,389692.4439,408789.3014,395721.1733,393240.7279,386249.7024,398235.9253,393011.9896,393408.4405,336324649.9119,336275462.7364,336296888.4191,336299188.5985,11648.3603,10287.0492,10743.8446,13283.8612,10223.6462,7316.6730,8479.2153,6564.4663,9324.7775,11766.7725,1587.9294,5231.2873,5240.3880,11522.5721,11395.4806,10360.0132,12826.1905,6990.3029,390380.8333,409127.6367,396314.3278,393650.2405,386742.8130,398773.1009,393447.9820,393923.7735,336324375.5195,336275188.1512,336296613.7339,336298914.1965,2540.0555,6374.2752,7902.8847,12347.4959,12961.1441,4793.8766,13686.4765,12035.1173,9090.3695,12124.8155,11261.8069,9034.0554,8882.6603,459.0441,6687.0772,10973.8608,9882.4911,399351.4948,418406.3979,405369.9152,402881.1006,395925.4829,407804.9653,402526.3889,403005.2711,336314768.6602,336265581.8009,336287007.2930,336289307.4653,5280.9131,9832.0586,12073.0133,12153.1418,3675.0917,13409.9481,11451.8908,10586.5444,10742.7219,9624.3893,8180.5481,10328.7442,2236.6626,5411.1589,11762.8434,9870.7776,398472.9547,417531.4842,404492.9659,401998.5319,395029.3469,406965.7856,401708.8782,402150.9442,336315784.0960,336266597.0354,336288022.6305,336290322.8310,11052.2271,8643.5296,9455.7311,8191.0410,12938.5439,7874.5314,12573.1611,10405.6378,7525.3314,11132.5702,12621.2791,6444.3832,587.9755,9353.3420,12689.9993,394670.3833,413927.9957,400743.4037,398355.6365,391340.2349,403244.3260,398044.6098,398443.8412,336319365.3865,336270178.4825,336291604.1169,336293904.1414,11159.3387,12638.7074,10245.4652,11286.4737,11807.3075,3550.4801,13556.8265,13774.8770,11225.0627,4071.2551,8157.5378,11378.5032,7440.8541,9509.2862,396379.1341,415311.3420,402360.6368,399831.8730,392942.3173,404668.7698,399298.2155,399906.5397,336317540.8911,336268354.5865,336289779.7385,336292079.9058,3679.6054,13190.8350,7988.8732,1551.5319,12031.7253,9101.6323,7259.6705,12947.9932,12434.8102,12469.3634,8535.8581,5054.4680,13020.8714,387254.2819,406416.7476,393297.8590,390873.0042,383900.7580,395721.5532,390461.3983,390939.9553,336326633.2696,336277446.7021,336298872.1215,336301172.1542,12427.2209,6016.7469,2877.0563,12561.8353,5959.9763,4800.1207,11138.9851,12787.0447,12953.0251,9153.0006,8123.8220,11615.0833,386443.6314,405473.3890,392451.8334,389947.7064,382992.2267,394897.2728,389621.8140,390089.1506,336327729.4179,336278542.5492,336299968.0448,336302268.2201,12245.5967,12547.8150,9724.8865,9421.5980,9732.9092,5001.3567,9243.5769,4362.8944,8152.4733,13191.5815,7043.5917,398381.5469,417248.1893,404349.5369,401751.9419,394824.4303,406803.6841,401497.9291,401971.8407,336316146.6840,336266959.4514,336288385.0228,336290685.3914,8081.4232,9637.2876,6162.9589,8509.2765,9093.4313,9767.0549,13624.6995,12739.1693,9737.5829,8040.4462,387346.4438,406072.8353,393271.3567,390615.6368,383744.3192,395634.4069,390253.0739,390821.6571,336327078.1243,336277891.2740,336299316.5923,336301616.9816,12542.4282,8125.5291,5853.5303,12347.3541,12862.0851,12113.8500,7676.0041,6271.3407,12811.3462,387440.0019,406602.9806,393484.3608,391054.4476,384073.6258,395932.8368,390686.1586,391140.9782,336326531.3697,336277344.6660,336298770.1530,336301070.2074,12308.8548,13577.1226,9262.8050,798.1191,9178.0868,12766.1570,9343.9439,6765.1095,395808.9926,414560.1144,401741.3400,399114.5603,392263.1514,404035.2638,398620.5545,399255.5496,336318378.5030,336269192.0203,336290617.1590,336292917.4859,4096.5866,6667.5988,12159.3395,11911.8294,9992.1356,12200.4315,8203.2035,389158.8938,407962.7905,395107.5670,392473.6316,385553.0534,397573.6274,392264.0108,392728.4208,336325511.7785,336276324.4601,336297750.0512,336300050.4630,9062.4687,13551.6720,11118.4314,7024.0109,10988.8323,10925.0243,389212.2543,408237.2563,395221.3605,392702.2159,385726.8383,397728.7850,392486.3323,392894.9619,336325222.8971,336276035.6635,336297461.3354,336299761.5752,8722.7088,8700.3919,10941.8983,13717.2791,3435.7423,395225.1073,413887.7790,401136.5922,398432.7376,391553.2179,403560.0966,398197.9078,398714.9253,336319570.6999,336270383.3699,336291808.8794,336294109.4057,8936.7305,12800.4558,9948.2635,6192.1740,396233.8035,414961.5558,402160.1137,399519.1796,392670.4974,404458.6617,399041.5875,399673.9889,336318009.0575,336268822.5129,336290247.6684,336292548.0232,6723.4120,11240.9945,9657.1916,399376.1954,418416.3344,405390.7386,402892.9252,395938.8497,407829.2079,402549.4789,403026.1728,336314781.4880,336265594.5878,336287020.0917,336289320.2815,9556.8373,12604.5326,394335.2597,413583.4772,400405.7911,398011.6259,390996.0047,402912.3467,397713.8746,398108.2932,336319736.8092,336270549.8625,336291975.5130,336294275.5509,12924.5108,390294.2145,409459.3232,396337.7696,393928.9159,386978.6473,398697.1731,393402.9354,393943.4152,336323401.5529,336274215.3274,336295640.5772,336297940.5551,394924.7689,413512.6100,400814.6274,398082.0155,391236.9889,403177.5699,397767.5373,398347.9839,336319790.4005,336270603.3035,336292028.6559,336294329.1985,28790.9725,8343.0161,17370.7573,12792.2999,13946.1741,18243.7826,11669.3240,336712776.6844,336663592.5716,336685017.4145,336687316.2279,20510.9532,16156.9271,24568.6724,17707.5017,19793.2264,19337.7210,336732486.3799,336683301.6992,336704726.1897,336707025.9118,11641.3234,11821.3091,7531.4447,13802.2944,6412.4633,336719067.2794,336669883.0375,336691307.7794,336693606.8264,8803.0677,12156.0847,11178.8799,8267.9178,336717003.2461,336667818.5161,336689243.1561,336691542.7248,15635.9630,14930.4177,10128.9818,336710054.5327,336660869.7371,336682294.5549,336684593.9468,8803.0677,5655.5378,336721215.1753,336672031.4027,336693455.8159,336695754.9114,7642.0251,336715867.7365,336666684.0299,336688108.2198,336690407.5506,336716662.7236,336667478.6410,336688903.1594,336691202.3672,58390.1352,35156.3201,27429.0223,26421.9828,32237.4149,15759.4049,
21600.000,9127.0140,5151.7901,7229.6463,10077.2870,3086.8574,13517.6477,9850.6483,6390.1925,3043.3510,12596.9937,13300.9195,5089.5934,11252.9762,1034.5396,8752.6174,11337.2771,11180.2268,6948.7206,12567.4162,13822.7324,6184.3825,8882.8324,9136.1326,7697.0210,9824.7810,6163.1863,1550.2189,13136.5398,5618.4238,7283.9569,8552.8068,6124.6189,12287.5768,12793.3790,11956.3925,5891.0035,11891.0414,12961.1117,12412.9747,7071.8586,7072.6594,11610.7883,13613.7512,13569.3878,10349.2834,11740.5816,13532.1769,11794.2576,8268.7091,12307.8642,8738.8820,11934.9659,13064.2859,5418.6132,8379.9684,11325.3579,7740.3111,12190.3301,8407.3151,13860.6730,4129.0746,10062.3494,10022.3118,5321.9559,10964.4047,10023.9890,12441.1949,11011.3798,9887.5797,11907.5243,3438.3650,10893.8496,0.0000,13006.8509,5035.0499,11699.8034,4006.8125,2122.9426,11195.5357,11670.2755,13782.1889,8120.4941,8474.2540,7425.1564,11713.8468,8482.6537,8849.0070,9544.0541,12874.1139,7428.8230,11244.1878,13537.6536,10686.5840,13287.7614,8443.9083,8397.1273,2306.8961,7419.5763,12341.0097,394103.4608,413640.3831,404124.2720,397214.7178,392694.2543,404224.2878,397434.5590,399170.7156,336310217.4833,336257033.7452,336278699.0895,336283419.7130,10428.2334,3798.1233,10204.8200,11144.7237,8682.4516,13549.3596,4028.0245,7335.3098,10806.7068,10733.6447,11786.7628,10860.6096,8659.7472,8610.6647,13012.0065,13556.1868,9136.1689,13179.7002,9589.5384,6046.5845,3494.8867,8393.2541,6677.7461,10720.4101,8596.2379,8959.0806,12678.1414,5288.5857,7080.2347,8774.8140,9331.6422,6165.1153,10871.3892,11236.4683,12376.5512,4867.0188,11677.3728,12346.3510,10860.4402,9060.2506,11976.8391,8285.4764,8455.7837,4064.4990,4068.1054,11397.8410,7291.6324,13366.6237,5016.8569,9884.7574,4656.8154,6902.8246,12417.9863,4065.4070,3240.6497,4754.7427,11945.7167,8923.3490,9847.7873,6568.2313,9316.0913,10031.8363,4696.8341,6836.2206,6791.4522,9865.5430,8749.6444,13775.2352,4335.4787,10321.3018,9908.6043,0.0000,6464.8872,4700.4283,3806.3361,11697.5961,10248.2075,11901.5292,3763.3977,9279.0153,13222.2667,7218.6909,4167.2217,13289.8287,1147.6017,8116.1012,10586.8458,6681.7614,8521.0178,13319.4281,8078.8421,3752.7982,12416.9342,13437.1149,13236.5713,7954.4062,9058.2954,13054.0909,396098.6578,415947.0789,406232.7031,399516.5423,394881.9616,406227.5246,399519.8840,401332.7808,336307470.5281,336254287.5829,336275952.6516,336280672.8614,7562.7930,5994.4136,4259.7894,13650.4484,9512.3458,9570.7429,7610.4530,9528.9671,13420.9832,2880.0130,13047.1036,4664.7416,5165.1285,11547.6288,8954.8448,10774.8133,10853.8643,13183.5587,10140.0316,8556.9503,5704.8699,5632.8096,5535.1746,10226.9345,3914.3737,11740.1171,6262.2325,11099.1573,4833.5773,10025.9233,13392.0098,13531.5769,13207.3479,4637.8377,12994.6206,10317.8697,12668.5204,10217.1711,10870.8250,12604.5562,13089.2156,12519.9786,12445.7901,11720.6928,11637.8884,13570.9651,6832.6802,12165.2717,11804.3379,11844.7670,12841.6301,5539.6815,11344.8832,11542.9217,7087.1191,8880.2464,11814.1762,12862.0114,5220.0553,12758.1459,12609.8127,7064.4204,13210.5669,12744.8108,13700.9024,13240.7535,8520.7147,11944.1211,7448.4115,13115.0265,0.0000,12762.9118,8120.0261,12249.4279,5421.1290,6063.9942,12501.9342,11973.4591,12738.4612,5738.3634,5832.4785,7401.7828,9107.8650,10337.3083,12078.9918,5191.3770,13358.7469,11078.0656,8611.8182,12827.5526,12491.6302,11680.5046,8095.8748,5797.5087,4473.0949,11103.2687,11778.2319,389443.4857,408939.2031,399443.3699,392535.1661,388022.5277,399499.4775,392703.5748,394485.3106,336314793.3999,336261609.8188,336283275.0460,336287995.6628,8131.8194,9224.3767,11033.1287,13287.9180,4869.0487,6551.9343,10254.7171,12548.9563,9551.9072,12621.2498,6433.9444,5890.5893,13631.7824,12917.4807,10111.5371,13282.0868,11358.9708,7094.9705,1956.4881,5924.5439,3412.4069,8590.8578,9372.8571,6503.7602,13217.5054,1925.7312,8617.3402,6070.4264,9923.4064,9269.5361,12775.0995,12957.7071,10635.9291,8162.3248,11534.2558,13531.2483,11332.5124,10102.7859,13274.9768,10286.2135,9995.9732,7456.5720,6423.1806,11957.2490,10230.0523,12178.4208,7356.8348,11287.0102,6982.2998,9190.5887,10915.0107,6604.7355,5790.5355,1420.7235,11122.3785,10505.8830,11336.6787,3537.6914,11317.6481,11791.4980,2354.0458,9750.4375,9466.9396,12132.7289,11147.2408,13063.5909,6810.5171,9542.9916,11936.1172,0.0000,8770.8358,4080.1309,6837.9909,10161.3662,8883.1796,13183.4411,6522.6870,10791.0252,11654.2219,4331.6226,530.7568,12654.0504,3950.9425,10059.3279,8324.4136,9479.9700,9825.9216,12538.1683,9937.8529,7270.8142,12931.3355,12690.9231,11665.2359,5353.9645,10234.5569,13676.5996,394451.8245,414108.2018,404509.8987,397712.0951,393138.4865,404485.5660,397733.7205,399580.7324,336309334.3712,336256151.2699,336277816.3032,336282536.7023,9414.0046,11230.7425,10548.0465,11564.7127,11401.0106,4426.8030,11574.8863,7608.2394,13428.1933,9511.4782,2696.3854,11632.2790,7884.0688,13463.4566,8823.2604,10067.3843,12641.8778,7675.0409,2469.3597,5250.6304,928.2964,13141.4092,8969.3729,9351.2582,8219.2094,13307.3378,2494.9540,13049.4060,11940.3175,12478.0874,13020.8758,8407.5745,11582.7888,6122.8583,11916.4016,13049.0801,13488.4023,12638.3325,9897.9955,8808.4216,12306.3039,9359.9819,7882.1784,12983.9902,8763.3481,9500.8160,13671.5149,9322.9226,9949.2387,9620.3806,12470.5507,9564.3278,7002.4700,4537.2362,13765.6118,9414.0719,8414.8150,13798.5185,13765.6990,9263.6207,13203.3816,13379.0247,12945.3490,13505.2210,9229.6070,9564.8432,11758.6956,13675.6741,0.0000,9837.6886,10646.2479,10395.1799,10083.9597,10857.0388,12915.3231,9919.4545,9127.0615,7615.5552,4257.2119,7771.5713,7064.5800,10742.8958,13617.7153,1019.2998,11200.8865,13377.8233,7009.2877,9432.0835,12010.3579,8864.5878,10154.5240,7325.6003,8908.4433,13550.9327,10755.9093,386377.9491,406072.6803,396449.2010,389660.8487,385075.5573,396448.1529,389703.9316,391524.7131,336317393.5269,336264210.4343,336285875.5009,336290595.8518,13773.7986,7740.5472,8935.8470,5743.8945,11819.2206,12928.5278,2564.8116,11069.3712,3605.5143,8844.7239,9904.2473,9079.0461,7900.3102,10941.7408,13721.6583,8427.2319,10560.8635,9236.5792,8719.1073,8902.5930,7440.6718,3338.4075,11833.8920,7754.9196,8988.3175,8527.5729,6975.9847,13280.9853,12472.8024,11560.2096,3010.5724,13146.3992,11886.6819,11427.5502,6915.1500,8041.7186,10825.7771,13875.7189,13717.3639,12012.7900,12960.8739,12675.7846,12687.2146,5613.3230,13335.6949,9123.4506,13000.4420,13666.4686,2551.1974,10467.1244,12735.6576,9375.4893,10913.9598,9285.5572,13639.3683,6331.7603,10598.0486,10276.4451,7794.1746,12079.8284,11291.9015,12529.8505,11602.4442,7500.6986,13076.1715,3744.9952,11132.5369,0.0000,13725.3797,7721.3514,13043.8762,1433.9738,2431.7081,10475.3423,12986.5791,13715.6795,5449.3150,9164.5299,9309.1150,9809.1197,10677.1075,9910.4012,8684.4477,13646.8794,8500.4756,9225.2441,13824.0427,12317.7280,12073.9900,6009.6355,5788.5554,4587.4952,8337.1133,10903.9645,391474.0584,411020.5813,401499.8062,394580.8817,390060.4090,401633.6045,394844.1382,396546.4369,336312934.1221,336259750.2859,336281415.7027,336286136.3312,10725.4453,10637.3742,12388.7579,8374.9346,3281.7699,13724.0579,6807.2545,13503.6745,11769.9403,8514.1917,10297.4609,10472.1740,8216.5702,2100.2868,10628.6785,10093.4975,11246.1134,11811.6305,11555.6070,10800.4699,13637.3811,6822.1586,12134.3637,9829.9526,11761.4545,10937.0665,3398.9566,4378.8708,6076.7997,13225.3940,4521.6516,7644.2018,6537.9961,10899.3166,10349.6964,7106.0148,2141.5559,3501.8962,6575.3937,5929.8206,5839.8214,4370.9192,12316.4674,5028.2936,9120.2405,5172.2931,2791.4123,13360.1692,8799.8607,6592.0164,11188.3698,9326.8269,9212.8768,3024.9764,12819.6338,7556.9524,7900.9545,11846.5455,5644.9200,6898.7622,4171.1770,5954.6778,11305.0704,5478.0305,12864.2474,6762.4012,0.0000,3474.7969,11418.2529,5540.3456,13535.0474,13375.4748,7587.0934,5817.5626,3119.9610,12721.5442,11530.5269,11173.7177,9861.1173,9154.6804,8418.5945,11766.3185,2388.8389,9726.9100,10286.0637,2826.9952,6279.3618,6581.7633,11927.8275,12610.2635,13357.1606,10056.1107,7641.4873,391560.2112,411811.8415,401853.9004,395290.7857,390532.0776,401941.4055,395325.1904,397014.3791,336311761.6282,336258578.8561,336280244.1057,336284963.9353,12600.1240,10831.5364,9965.5385,8266.4847,7362.8812,7201.8529,10378.5722,11717.3177,3176.8648,4044.9752,8889.5744,5105.6436,10236.4977,11460.4923,13672.9242,11685.8099,12651.3337,9976.1100,9323.0519,10256.3788,6137.3930,12785.9685,10669.4969,11370.8287,8481.0741,11966.5562,7805.0650,6914.2303,5636.6436,12660.8689,8532.5502,5406.8200,6646.8504,8948.6946,5455.6702,11361.0836,11414.8616,12569.1832,13311.3158,8611.9590,10985.0113,3318.7660,13059.2587,7952.9434,12894.0971,12001.2534,5527.3622,12427.0271,13561.8748,13280.9148,8498.5175,9107.2589,10160.0965,12088.8877,8800.6725,7996.3216,12725.3981,11069.5747,10902.8989,8821.3125,9430.6814,2003.9538,13167.7924,8022.3151,8314.5499,0.0000,12433.0940,12263.7411,13267.1729,6685.1051,8412.8822,5474.3992,13347.2185,10737.9706,4753.5167,12493.0427,13369.5215,5355.9543,13396.3554,9693.3379,10128.6156,11952.2325,9188.2890,4982.8380,11578.2326,12817.5855,6812.7868,2032.5191,4868.4603,11071.6464,8909.4240,4232.5661,387837.4464,407763.6475,398013.8121,391238.3248,386600.9138,398232.0047,391527.5305,393116.5427,336316282.4686,336263098.8061,336284764.3833,336289484.6556,3814.7542,12816.7658,11746.0135,10371.9435,10150.6554,6189.0988,9867.8865,12477.4507,13652.9734,6336.7927,13771.9747,11694.3275,2541.2467,6061.9642,9897.8090,7814.5830,11800.4591,5526.3248,6769.9855,13562.1594,4887.6639,4302.9418,9901.5940,6392.8004,8080.1752,11301.8535,10958.0015,10884.9737,7248.2310,13342.1669,12370.5258,8367.7310,6302.4511,11488.6375,10841.6411,11182.7770,5096.8082,7685.3885,13153.6618,7971.1960,12318.1202,8438.2635,7891.0662,8066.8194,9717.5812,10514.4352,2750.5945,6998.9927,6208.2632,13370.4840,6733.2533,12031.4499,5250.2414,8045.7169,8663.2152,3535.1136,6937.8972,6085.4215,10217.3449,8285.1615,13095.6870,7838.2215,7284.4408,9081.1540,0.0000,9492.7893,1713.2463,7151.9413,9412.1851,7381.7311,11143.1235,7306.9376,11709.4584,12382.1891,8681.5522,5389.8800,13796.8564,2940.3996,6291.7140,11599.0804,9067.3356,5971.4870,13640.1396,10800.3872,5441.9886,13544.2915,12119.1514,12530.2740,5892.5445,6444.0573,13169.3372,397627.6272,417379.0054,407728.9890,400941.2744,396345.1887,407778.4066,401042.6521,402810.8733,336306221.4060,336253038.1102,336274703.3246,336279423.6887,13271.6254,12559.4298,7740.1966,10154.9476,3296.5971,9905.1162,11516.3708,12454.6425,5180.9204,13243.4159,13131.7447,3292.4589,8186.9994,10136.6539,8305.4628,11342.9559,4198.1986,4052.9619,13457.1982,5411.4888,4717.1573,9797.1318,4650.6028,10531.9635,11890.8238,11063.0888,8210.5105,10058.6366,13577.2550,12138.2003,6430.9498,5261.3061,11101.1611,12719.5160,12938.4150,8070.1811,10457.2196,13713.6769,9896.0348,10083.8762,11076.7107,7268.3930,10699.5714,11944.8544,7572.7799,5745.1796,9929.2303,7542.2811,13228.5797,6495.1509,13359.3312,4538.9115,8346.9709,8563.9021,4403.4105,8854.9060,7758.8858,11151.6938,9251.9399,11291.4407,10590.2241,3922.5995,9417.3902,0.0000,11859.0027,2946.9573,10109.7184,6200.3562,3832.3830,10619.9733,10211.2074,13228.0990,10205.1915,9191.0320,6934.6395,12918.1293,6441.1596,6738.0387,11102.1104,11412.5727,5444.4301,12574.0214,12712.5780,8517.3735,13603.2518,9860.6875,10456.7158,3766.5940,5599.8072,12597.6501,396448.9924,416085.9169,406509.1163,399647.0707,395093.7159,406605.5596,399839.2848,401571.0817,336307708.9906,336254525.3729,336276190.7081,336280911.2294,8629.3084,10259.5767,11847.4630,12249.4650,6510.2586,9992.3840,6780.9508,13789.7078,6293.1018,6682.2238,13561.9919,9260.6107,5957.5486,8397.1698,4713.8539,13756.9856,11883.7785,6264.5200,10885.3157,13670.1969,6422.6185,13624.1561,10176.9714,9978.4162,11038.1233,10307.9568,10228.4687,2279.5871,9588.9474,13286.8231,13770.4284,10800.6374,6901.7503,5669.7754,11738.7568,8429.5333,3938.0067,11371.7964,9503.3525,8057.2123,13251.7623,8044.0236,7543.7687,11334.0031,12767.9312,9012.2708,9390.5632,2139.7589,13549.3341,5828.1600,11326.3832,12856.2904,12806.6442,11565.3833,12032.7427,12629.4345,10748.3463,12129.2757,8941.6856,8432.7474,13315.8035,12319.0367,0.0000,7640.9166,12438.9405,9394.2302,12034.4469,12898.1614,11324.1709,9003.6744,5665.4470,8891.5641,7434.5434,10014.2812,5514.7647,11507.7809,13238.2197,5110.4247,9028.8150,13506.0961,5929.2144,6484.5671,11353.7689,5521.0690,10445.4658,8544.8501,11832.2201,13697.7942,8456.4520,385421.2995,405368.7418,395591.3360,388911.2516,384245.1480,395616.7101,388931.1632,390705.5109,336318077.5908,336264894.7140,336286559.8215,336291279.9203,12828.5826,4880.9048,13490.9646,12543.6859,5633.2202,8312.3263,9814.1566,6017.9292,3379.8218,11143.3485,11959.7499,12104.4651,12956.1742,11646.2417,10364.1105,13590.4631,4612.0231,13235.4028,10003.6661,12425.5315,10191.5023,5857.4712,1811.3806,3671.4908,11915.0848,7119.0190,7141.8711,3422.9230,9488.7865,9716.2486,4352.2490,4769.8033,5623.2199,8417.6283,8639.2087,5247.9609,5478.1227,10470.2970,7865.5177,8010.2853,7921.7123,5775.3378,11954.3220,10068.4258,9219.4889,12683.9515,8832.0308,8615.1348,3964.6674,13539.8175,6742.5139,6657.7242,12945.1545,6554.9747,7499.1760,2976.8279,5563.5971,9099.2742,8246.0611,12010.2275,5557.6769,0.0000,6451.6650,12344.8756,8285.8264,12386.0302,12676.9500,5026.6260,8551.2388,4692.7047,11171.8011,12657.3792,12692.6084,8169.9062,10984.4868,8179.3197,11898.2186,5405.6105,9258.9902,8574.5944,5359.8136,8378.5810,4760.6432,9807.4739,11082.7709,13622.0025,9405.1540,4739.2789,390188.7604,410451.8911,400490.6931,393906.1855,389150.1340,400639.2806,394021.2900,395650.2053,336313292.4872,336260109.4991,336281774.8909,336286494.7524,11856.9779,5182.1911,7521.3266,9834.4324,7617.6311,9785.7409,9820.4356,13284.7356,10228.7469,10578.5283,7928.0785,8137.1026,6948.7738,9420.6143,4607.0148,10909.0399,8251.3146,10767.9423,7143.1429,8942.3870,13736.0049,12688.1383,12050.8853,1891.5543,13621.5598,10428.3767,11377.0353,8592.9281,9906.0704,11186.3493,13532.9990,13136.0441,12957.9782,12966.8216,11578.8928,13454.0701,4487.4592,13260.9678,10617.6491,12956.0659,13498.6509,2842.3843,11815.4302,12864.4599,9320.8511,9137.9304,10921.0448,13027.4858,7026.4733,11853.5125,11492.5891,8678.9970,13081.3070,12530.0196,13021.8989,12600.3634,6472.9352,13095.9694,6091.5698,12138.5459,0.0000,13562.8041,9106.2905,13294.0354,3192.1790,4909.5950,11014.1074,13133.9041,13104.9940,3662.9408,8290.1457,9502.1577,8197.8028,11555.6901,11428.2305,6751.1879,13804.4769,10261.1454,7572.9399,13405.3511,13130.6690,11057.7937,5652.2929,3904.3311,5682.7153,10137.9690,10398.0043,389066.9430,408609.6785,399089.0362,392176.4527,387654.8457,399205.3618,392416.2765,394135.6998,336315280.4532,336262096.6997,336283762.0668,336288482.6774,11761.4869,13823.5585,4766.1847,9462.0766,5939.5634,8255.1217,7775.7836,8574.0496,12747.0322,13591.6782,13676.4756,13325.6559,6780.7598,12066.1766,7627.5920,12799.6340,6902.5711,13649.5609,6445.5736,7102.5067,3163.0418,1432.8770,10717.9282,8211.6752,10542.5552,3907.4220,5516.3713,5843.1063,2331.9844,8559.9017,9504.7045,7914.5544,10555.9904,9235.5733,5121.9281,9711.2879,10176.8524,3668.3151,10073.2040,8846.5853,10155.4075,8483.1710,10762.9191,13171.3500,11613.9114,4659.8690,8392.4655,12687.2374,2769.9844,2185.5379,12122.5704,5239.6300,5318.9135,2860.0894,2918.9504,8820.9031,10237.3795,8977.8229,1533.7647,0.0000,9358.8959,10847.0457,9798.4585,10233.5179,10131.1018,1960.1195,10223.1441,8909.5407,10829.5983,13759.1614,12912.3808,10003.3553,10592.6643,4675.3618,13451.7066,7747.3054,5528.4047,10068.5639,9091.2561,8325.1256,8154.6913,8384.6394,10936.5959,12272.7982,5482.2470,5891.0130,393262.7345,413429.5892,403532.9462,396876.0994,392158.8787,403739.0827,397093.2399,398674.5607,336310521.9134,336257338.5586,336279004.1081,336283724.1245,7991.6409,11837.7826,11361.5976,7628.2804,12735.4169,13757.7543,6401.0052,8126.9471,8400.9061,6806.2574,9314.3335,6809.7798,789.0683,13281.7111,4731.7380,7682.0400,7817.4221,6867.6729,12233.5512,13104.5037,12404.4123,6243.9577,11733.2858,12790.3426,12811.2698,7895.2425,7737.2531,12110.9668,13447.8948,13326.2629,10276.5047,11314.8597,13444.6139,11943.2849,8659.2855,11935.3432,9384.7245,11556.9736,12841.4866,5995.2202,8358.7885,10874.7723,6883.1915,11953.8751,8985.2733,13757.3801,3174.9037,10564.3477,10586.9722,4587.8717,11149.2474,10275.2866,12742.1793,11377.8595,10275.4980,11518.4267,4418.5674,11373.8405,0.0000,12735.1791,4674.1115,11364.5704,4714.4447,3116.2174,11745.8864,11284.3098,13616.1949,8346.0876,7633.0280,6594.9836,11780.3851,8078.2504,9313.9239,9005.1258,12754.4310,8012.9460,11331.7131,13320.7811,10550.8151,13365.3804,9004.3623,8582.2509,1287.2824,8066.2018,12688.9835,393955.5964,413474.1350,403967.7696,397058.9714,392542.2108,404046.5601,397254.0173,399012.2597,336310327.3689,336257143.6924,336278808.9860,336283529.6126,12787.0281,9791.7365,12830.4096,10734.6954,11021.5973,11309.0726,5668.8356,702.2860,2672.1599,3191.3307,12326.3572,7484.6046,11135.9960,5902.0275,12327.2359,421.4208,12404.3148,11702.8225,13255.6645,13664.9961,8732.9295,11055.7751,8251.8344,13051.7456,12851.6507,12857.6774,13455.0144,10489.4611,9547.9651,11386.1852,8653.5043,9662.4257,12795.8465,9813.7483,9091.8105,13453.8025,8839.3905,10131.0209,9755.3352,11189.9613,8612.3365,4652.4763,6974.1960,13280.2472,10529.5249,6258.5770,13648.6205,13755.7505,7109.9760,12787.6580,12796.8598,13385.0885,13438.5011,10646.5248,8963.9089,11028.6309,13786.3760,0.0000,9876.0469,8795.9764,9660.8919,9793.2651,9991.5319,13601.6471,9159.6860,10103.9245,8708.2799,1734.0323,5469.7467,9191.7673,9090.5145,13081.7504,2855.9832,11203.9371,12737.5004,9059.9486,10000.8855,11102.4727,10702.2691,11070.6979,8531.5596,7120.9795,12970.0038,12238.8556,388628.9815,408244.3275,398668.8086,391853.4899,387292.2031,398644.0238,391882.8926,393733.2346,336315204.2070,336262021.0943,336283686.1158,336288406.5398,5401.2014,8500.8988,4619.3284,8257.4647,11222.6582,13740.8282,12603.1866,13505.0960,11266.9914,9157.5809,11857.2041,4788.3537,13518.2983,10038.3208,12508.2101,8449.5177,10060.8890,4956.1629,4109.0703,8308.5954,11038.1438,8248.3613,2374.7006,6688.9064,8498.1317,2582.6833,9571.2842,9937.2145,11222.7961,12260.9544,7515.4480,8888.3826,6282.3242,11823.7580,6834.1778,11723.6605,10351.4962,8097.1384,11616.0744,12611.9363,13755.7725,8975.0976,8082.3610,8388.6463,13130.5000,7037.7027,6238.7088,13273.8945,9213.3309,9318.2715,6172.6222,7315.9103,4718.6723,12012.2866,9266.9023,6148.0212,0.0000,10895.3779,12563.5193,12015.1736,8906.6689,9999.1331,2902.8229,12207.9463,9097.2629,7532.6243,13323.7406,13770.4350,6258.8227,12918.3857,8447.2027,11472.4608,10056.4357,8515.9475,6252.0920,9948.0101,11462.7039,5593.5718,5042.0947,7572.9338,12421.5246,8312.3213,2179.0845,388863.9112,408956.7692,399105.0604,392407.0071,387715.1224,399327.3735,392662.8406,394234.1797,336315054.7465,336261871.2679,336283536.8458,336288256.9444,11620.7029,2812.7613,9083.5440,13221.5088,12870.3697,9654.1016,11446.0505,7293.9864,11870.8473,11025.2326,4402.6145,12681.5961,12786.3815,9450.0532,11240.9565,12168.6617,8729.7322,8737.8173,6473.5828,12725.8217,5323.7358,6568.7225,9884.5107,11657.5791,7576.6296,10219.5553,9797.9887,13314.4250,12477.6389,6138.4529,11970.0379,4127.5600,12136.8411,10784.7134,12025.4075,11074.6766,7242.7303,13620.7052,12885.2552,12497.6769,4939.0562,11696.4259,8637.6241,12262.6191,11152.5743,10574.7278,13012.0973,12359.8095,12526.0228,9985.2235,11221.7774,2627.0617,12375.5491,10494.0121,10516.5429,0.0000,11458.6511,13162.7824,12833.6615,8556.9231,10387.8553,7964.0710,12733.8834,9142.1684,4342.1297,10932.7985,12848.7538,1426.0983,13725.0169,11965.9969,7579.0939,11643.1433,11725.2820,1039.8199,10254.6410,13326.0964,4693.0798,4768.4180,4070.4788,11667.1395,11611.6420,4524.0292,385003.8876,404928.0044,395174.3912,388423.1863,383779.5985,395334.4408,388633.0664,390278.7020,336318909.3963,336265725.9751,336287391.4036,336292111.6279,11707.8627,11571.1210,3974.5835,11098.1370,12855.7492,11832.4404,13333.4785,1026.0464,8206.9903,11643.6723,9648.3677,2575.5653,12668.6979,994.4061,8983.3291,8545.5363,7193.5185,9192.3726,9220.1348,13276.0809,8920.4150,2672.5271,182.0340,7371.9378,11630.2573,12311.3596,7313.1609,11072.4839,12722.6493,7259.2237,9793.1348,11277.3460,2382.3702,10995.1353,11196.4255,8190.1476,5819.1933,10806.6285,11054.1551,13566.7176,1791.4180,12054.1352,9127.2441,3932.8199,3954.3057,8622.7646,6200.8367,4965.9311,7695.7117,5473.4022,10198.7093,10970.9838,4531.3747,5135.0420,0.0000,11383.4547,6814.5791,10292.6030,7337.7395,5926.9512,6686.8971,10657.5409,12216.0195,10641.9024,12394.8759,10519.6178,12326.9349,8324.9884,2747.8044,13257.1538,10117.3131,977.8320,12091.7935,11910.3994,7993.1611,12038.3753,8684.3156,10909.7179,8364.6547,582.3042,10054.0581,396551.5172,416434.4834,406712.0779,399930.5717,395304.9242,406890.2972,400177.0775,401809.3515,336307515.1351,336254331.5052,336275997.0212,336280717.3365,6871.8478,13325.0374,12927.0393,10430.0317,12213.6159,8487.8488,12092.2691,12513.0545,1649.8373,13417.7538,12640.6686,10467.8790,11561.2419,10617.3524,6737.7652,7209.8879,8718.3977,11389.0437,4222.8342,4782.1184,10255.2295,11702.2066,6289.1232,8283.7585,8011.5012,12380.6783,11448.1232,4086.6722,10496.0827,6487.4301,10897.2854,10428.8509,10863.0000,9393.1722,9279.1203,13205.7827,11993.3393,12940.3237,5015.3722,11351.1925,6461.8071,13283.3498,10297.5096,9793.0334,13617.2898,11153.7364,11602.5632,8198.3149,9987.1273,4702.0243,11251.9066,11653.9060,9391.6942,0.0000,9885.7414,13608.4032,11710.7196,10382.8978,11809.0017,6912.7493,11673.6367,7131.7917,6920.6734,11650.4180,13250.0166,2585.8011,13452.0615,11419.1764,8829.6292,9935.1998,11604.7559,3078.1181,8426.1371,12333.0712,2090.4982,6552.2597,6686.6178,12955.5732,11559.8752,2774.6631,385451.5585,405527.6316,395680.5780,389002.4353,384308.5073,395839.3127,389174.8329,390809.2086,336318264.1559,336265080.9246,336286746.3397,336291466.4017,11823.8583,10303.9829,10457.1708,11520.8817,10374.7095,11872.2061,13772.0776,5440.2148,12411.2530,11162.8524,10993.8590,11891.9929,5233.5895,5025.8448,6803.4943,12784.8468,6084.1189,5804.3150,6404.2742,11626.2758,11472.0100,7447.8271,1796.5593,2399.8149,8187.0667,6487.0106,3902.8819,6283.9722,11652.6773,5540.5174,10243.9967,5703.7540,3281.0696,13125.5603,10216.6629,7262.1024,11257.3197,7644.0152,10501.3739,959.9341,13057.0195,8934.6172,9104.4144,12351.1144,7464.2689,8592.3389,5473.3068,7527.9818,10507.1941,6105.4445,13352.2114,8055.4390,0.0000,3930.7084,12218.3916,6540.1434,13510.9114,13695.0164,8064.1009,6613.8875,1421.6558,11924.2367,11048.1362,11408.1398,8436.0801,10173.6472,9848.3815,10645.9151,3952.9734,10936.0931,8949.7153,2269.7053,7839.3574,5004.0613,11492.7529,11748.1395,13573.4328,11212.8569,6918.1873,389509.2324,409745.1752,399795.5710,393228.7341,388473.9796,399875.6970,393256.3364,394953.8265,336313806.0076,336260623.2560,336282288.4830,336287008.3205,8250.5310,11349.2349,9611.6359,12730.8221,3161.4181,7083.1446,13147.0996,6814.8695,1999.0829,11261.2680,4138.0145,8241.0496,10335.1380,9607.0011,10355.0390,7822.2768,13679.7924,11271.7131,6281.8900,3938.9834,10088.7847,11285.9834,11825.3864,5431.0093,9086.5006,13310.1155,7369.7528,11593.7373,9625.3948,5763.9371,9283.5443,10374.1474,9684.3306,2923.1626,8548.2528,8313.1038,13826.3748,4529.2281,12260.7916,6687.4424,6237.9601,6782.6207,5521.4897,6143.3171,4929.6798,9212.6421,6926.7684,12287.3507,9120.6554,5839.2791,7458.5475,0.0000,10313.0595,3429.9169,8344.5704,8547.1883,6453.5292,9602.1734,8637.8828,12120.4324,11962.3904,10395.6929,7584.3962,13596.9041,5013.4551,4324.7735,12568.9234,9429.9055,3667.9875,13402.2803,11391.3640,6039.3130,13291.9739,11038.1414,12171.3571,6615.1071,4107.1099,12270.0853,397922.6176,417720.5639,408045.7122,401256.8254,396651.1485,408146.9720,401418.3813,403132.5625,336306014.2174,336252830.7728,336274496.1116,336279216.4659,5486.0903,3595.3575,8299.4133,10478.1868,8134.2925,12700.1545,3788.9470,9525.6772,5927.2874,11015.7030,8520.7787,12429.9301,12905.8291,11557.5749,7343.5777,10691.0218,13364.1634,12276.4410,11066.3827,13323.0165,9067.0672,8662.7644,7262.5080,4971.0072,11040.0145,9901.7465,12757.7362,5917.5565,11939.1230,5577.3557,7927.6748,11968.8440,7130.5268,4408.2704,1773.8379,10451.5597,11217.1406,10232.1982,5342.7945,11668.9590,12183.0326,4248.1901,9660.4685,9662.5814,11836.9250,11198.4240,13387.0394,5412.4132,10943.4191,12110.5009,0.0000,7428.8889,5673.5685,5672.5241,11410.9615,10373.5847,13344.8020,5219.3343,9581.4653,12208.7200,4067.9240,1800.4434,12411.9142,4186.7374,10626.9840,8099.8138,8470.6397,10689.3793,12404.4525,8637.5446,6882.0018,12304.7528,13314.5778,12155.5952,7086.9896,11132.7998,13499.2415,393693.5614,413420.2787,403776.9983,397021.3765,392422.2790,403734.1142,397000.8620,398859.9534,336309948.0051,336256765.0707,336278430.0514,336283150.3569,2886.3370,3122.5207,12385.6975,7930.1625,10752.5255,6142.3857,12304.3080,941.0917,12475.4363,11261.5473,12885.3435,13383.3523,9030.9410,10626.0459,7766.1877,12754.3716,12903.8981,12873.9646,13217.3274,9899.5064,8922.5554,11100.8325,8150.3596,9138.0548,12439.8336,9943.9412,8547.7301,13378.3184,8311.5040,9558.5303,10045.7263,11066.4340,8159.5068,4677.6475,6585.4031,13211.7516,9948.6162,6620.6014,13473.1907,13597.7796,7295.6505,12495.0246,12577.5287,13025.7421,13175.8256,10642.2647,8452.9917,11279.2497,13561.5500,0.0000,9300.0618,8928.4135,9202.2173,10121.1629,10318.2063,13397.8383,8685.6430,9499.2830,8888.0511,1808.6716,5508.2396,8980.7466,8942.8175,12965.2283,2868.4720,10694.7598,12715.8709,8902.9601,9393.5621,10782.1205,10281.6154,11158.8507,8693.1375,7542.2502,12964.3867,11964.9031,388533.8757,408186.2848,398587.8277,391790.7292,387217.0034,398561.4304,391809.2505,393658.1278,336315241.2657,336262058.2058,336283723.2203,336288443.6031,5720.0319,11183.2196,6473.6867,12434.5350,3496.2630,10924.2401,2899.1875,11460.2058,10973.1021,13459.9286,13753.3804,9460.4279,10082.5241,10010.2948,13659.5323,12362.0922,11852.0251,13755.8625,10698.4513,9997.3012,9977.1684,7761.4136,11017.4511,12050.1902,10948.9164,8466.3794,12787.9126,8148.7448,9973.1926,10170.8128,9448.6886,7453.3010,2152.0893,9084.4672,12338.9974,11221.4141,4276.3234,12972.7490,13234.9114,4783.9707,11821.5900,11680.8811,13245.3912,12811.9515,11923.4752,8142.3210,10298.9214,13348.5486,0.0000,9613.6440,6701.7910,8610.0660,9789.1493,9295.6053,13784.8993,8141.8020,10710.3582,10047.8109,1170.0302,2952.3923,11015.0222,7056.7066,12057.8478,5388.0931,10762.0250,11690.1670,10866.0371,10240.0771,9724.1901,12060.5481,11926.7916,9970.4887,5693.2475,11993.0349,13247.1737,391260.8028,410853.9070,401292.4052,394470.5656,389916.0323,401257.6919,394492.0134,396353.9424,336312587.1522,336259404.0337,336281069.0392,336285789.4879,13031.1718,8737.7338,9167.7517,8499.3057,13350.0515,2894.9820,12870.6621,12339.4149,12481.7526,12923.3505,7706.8191,12052.3969,6146.1406,11720.7975,12752.0332,13368.5487,12432.7395,10340.5319,9297.9670,12681.5416,10009.8827,7984.0571,13232.3921,8029.0166,10131.6480,13536.7029,9946.2268,10462.7862,8976.9861,12745.3120,10209.3457,7523.5204,4386.9083,13704.1864,9725.4137,8518.1032,13774.7174,13676.6780,9518.2631,13426.3943,13549.6461,13019.7337,13579.0440,8563.5445,10195.0294,11415.9496,13643.4403,0.0000,10397.5774,10828.1605,10978.9663,9534.0672,10490.3341,12695.2283,10537.1038,9518.6259,6816.8120,4828.6439,8253.6128,6551.5100,11185.7176,13634.7925,457.7264,11645.3459,13308.1159,6424.2792,9918.0023,12433.2032,8742.2344,9502.0982,6516.6572,8810.2904,13441.7356,10448.4440,386031.4136,405711.0912,396097.8254,389295.5678,384716.8567,396111.7470,389362.6758,391170.1862,336317798.5673,336264615.4004,336286280.5030,336291000.8804,7431.2289,12072.3787,8824.4263,2209.3713,12177.0582,1048.7219,9133.7070,9211.3226,7976.8625,9014.8858,9206.9248,13408.0818,9608.1585,3277.2724,1101.7076,8152.1219,11809.2291,12419.8242,7169.3665,10844.3960,12973.3940,7610.2226,9895.0836,11142.6869,3344.2706,10836.8348,11274.3237,8041.9751,5370.8977,10510.4921,10359.7083,13586.4026,2562.8226,12319.0685,8271.4441,4718.5969,4842.6663,7761.0398,6492.4659,5211.9700,8339.0475,6101.0753,10479.2759,10786.3446,4071.8406,5939.6963,0.0000,11401.7089,5913.2370,10109.9791,7039.6799,5347.3385,7506.0818,10440.3089,12413.7472,10616.1563,11815.2756,9791.0247,12533.7197,7727.3912,3251.3503,12922.5623,10264.9323,1508.0049,12275.7560,12035.8419,7837.0846,12415.8631,8941.8155,10887.1117,7520.3085,1479.7385,10625.9297,396792.0077,416627.5315,406933.3318,400136.0663,395524.4212,407095.6845,400372.0778,402023.7012,336307287.8410,336254104.2114,336275769.6932,336280490.0493,13126.5266,4775.6688,8323.6886,7291.0036,7431.3679,12521.4093,13282.7351,12634.4122,5838.0724,12025.4081,12477.8013,12881.0121,8300.0716,8316.3689,12278.0683,13489.9308,13288.6948,10711.6837,11433.0719,13250.2873,12316.0138,8327.2123,12038.9862,9855.2200,11665.4949,12932.5168,5748.4752,8915.8728,11026.3665,6790.7019,11532.7418,9530.3628,13717.0153,3188.2091,11017.8052,11006.4120,4860.3392,11588.8714,10777.6019,13009.0993,11786.4591,10005.1171,11647.1429,4840.8856,11756.9707,0.0000,12825.1803,5221.7053,11572.6702,4589.9594,3416.6291,11951.1610,11453.3026,13574.5488,7890.2006,7247.4301,6603.3404,11414.9392,8461.6499,9856.7133,8416.0462,12951.3487,8589.4796,10949.9594,13336.1498,10945.1694,13189.1491,8827.6409,8111.2543,1305.1865,8633.3026,12623.7474,393245.5255,412747.5612,403250.7003,396336.4965,391824.5156,403324.7867,396528.7888,398292.8618,336311047.4602,336257863.7871,336279529.0685,336284249.7065,13564.9689,12362.4292,10918.1459,11633.8212,9487.9780,5593.4805,6436.2912,9881.4468,10364.0667,4111.8736,4109.9999,10460.2067,11612.4363,5813.7002,6989.2416,6850.8860,11583.2039,10613.0954,3130.3970,9453.7442,7825.9940,9952.8088,10187.9393,9962.9247,8217.5881,10347.6495,12704.8844,11223.2871,12939.0186,5510.7768,11048.4572,5090.7732,13599.2396,9738.4778,9328.6395,13682.4168,10263.2180,10881.3178,7098.3506,9171.1501,6097.5980,10363.8531,12178.2213,8718.6942,0.0000,8766.6067,13588.3409,10804.9856,11298.0336,12448.4714,6542.9163,10809.1701,5854.4887,8298.5754,11874.3624,13210.7537,4019.3188,13006.4330,10970.2779,9514.0646,8721.8302,11409.3962,4571.7165,7204.8634,11495.3746,882.8617,7709.8171,8083.7235,13438.8429,11421.3573,2691.9350,386152.7831,406301.8562,396409.5816,389769.7049,385050.9126,396560.7673,389914.6538,391550.3228,336317454.2875,336264271.1715,336285936.5652,336290656.5446,8470.2221,5988.0499,9291.0493,10474.2574,13302.7317,13234.7112,9484.4842,9506.3356,12062.2125,13746.7151,10688.6234,9673.4615,13372.0410,11541.3934,11255.7357,8488.3491,8098.5786,12653.0715,11085.9079,11363.8692,8963.4913,11086.4795,8579.8010,10575.2106,9703.8878,7136.6799,7508.3613,2500.6804,11415.7756,10359.6943,12370.5814,1654.5425,11464.3165,11828.8054,1413.7469,10475.2909,9977.0919,12732.7237,11590.3052,12519.7778,8445.9157,8327.7836,12175.4583,0.0000,10234.1752,3519.0417,8426.9266,8819.3485,7464.8037,13201.3400,8170.2255,11925.7175,10800.4656,4610.8772,2030.2353,12581.3632,5103.5859,10121.4835,8174.7926,10782.9771,9545.8511,12356.0566,11236.7211,8452.6822,13365.5991,11921.1668,10862.4990,3560.3565,9875.2140,13772.4263,394387.4315,413965.5166,404416.6642,397573.6474,393027.9177,404410.5668,397638.5725,399474.3196,336309560.9680,336256377.6968,336278042.7805,336282763.2787,12247.1292,3166.9649,7621.6012,8963.0028,8058.7458,10541.9417,7551.4074,13465.9906,9981.1074,5129.3500,2467.8880,8628.5041,10834.7438,11555.9424,5247.6218,9439.7760,12844.8778,6223.5755,11355.8610,9779.7222,3993.6431,9482.5562,10087.1437,9758.6371,3384.1215,9042.1618,9738.2714,13838.5535,2634.0269,11698.2617,8320.5090,4393.8809,4965.4189,7269.5921,4944.6804,3576.6913,7772.2442,5288.1455,11771.8351,9369.9043,5988.2552,5704.5625,0.0000,10150.8876,5286.8814,8539.9249,8792.5366,6999.0647,8084.2981,8938.7192,11682.8653,11965.1442,11573.4585,9084.8702,13249.1393,6176.4655,2419.5402,13247.9910,8917.9954,1952.7546,13091.9925,11059.9681,5968.2270,12600.1992,10517.4146,12179.7663,8073.9957,2484.9622,11228.7773,397749.1221,417638.8889,407909.7396,401150.1765,396517.6917,408043.5143,401334.6583,403009.7262,336306161.4716,336252978.0162,336274643.4269,336279363.7048,12222.4921,11750.2642,13115.4896,13488.5959,8344.3203,11145.6446,8095.4367,12832.8398,12614.1880,12699.9522,13235.6138,10525.7103,9595.7443,11449.4528,8834.2753,9539.6022,12777.4085,9419.3435,9248.7510,13279.6992,8994.7087,10210.4241,9388.1568,11222.9361,8804.8660,4882.3852,6764.5104,13142.3720,10498.3280,6242.3814,13517.1951,13595.1926,7174.0120,12765.5263,12757.7049,13279.0528,13344.0565,10274.5607,9129.7221,10783.7194,13645.5421,0.0000,9981.7187,8809.5240,9812.4321,9461.6860,9738.2063,13378.6695,9328.3599,10106.6349,8298.6520,2053.6522,5669.5402,8877.4400,9221.4725,12976.7824,2538.6439,11262.1170,12599.5422,8724.3919,10054.6396,11187.1264,10504.6326,10699.1776,8121.4357,6995.1359,12815.1862,11979.1881,388472.0504,408086.6198,398512.0958,391692.8229,387132.6396,398495.1066,391733.1025,393575.9683,336315380.8292,336262197.6861,336283862.7260,336288583.1564,9572.5562,8990.0342,7623.5942,8367.1459,9755.7752,13153.2820,9103.7847,2270.0992,1167.8206,7617.1166,11979.3252,12561.2228,7896.7064,11356.4481,12755.4821,7977.9450,9128.9671,11595.4596,3014.5439,11298.0711,11572.7569,7319.0138,6277.2737,11082.4907,10815.6015,13297.4751,2716.4799,12307.7093,8622.2720,4720.8931,4618.9611,8329.9430,6967.9864,5773.2342,8283.3529,6237.2924,9701.4893,11285.0327,3545.3434,5813.5828,0.0000,11746.7570,6617.3991,10677.7624,6402.3419,4975.8810,6937.8696,10991.3292,12469.2012,9945.2599,12036.1146,10309.9252,11994.1076,8521.8377,3648.2674,12777.2534,10619.7595,1880.1101,11706.9983,12221.9147,8540.2835,12033.0618,8075.2985,10233.8500,7694.8280,1534.9245,10034.4259,396082.0411,415917.8295,406224.2262,399420.7286,394810.5251,406402.0244,399677.6060,401314.1013,336308049.0021,336254865.3178,336276530.8348,336281251.1999,6060.9171,7051.7448,13492.1575,1482.6206,9969.3063,8444.7621,10213.8337,8838.7644,8299.8689,4283.0848,5444.0611,3375.9600,4490.5913,8582.0420,2443.6974,13232.5191,4031.0697,8154.0663,4032.4532,3353.8116,13427.5029,5909.7666,4766.7121,9792.2036,11245.1485,7713.2999,5984.8106,11298.8318,6518.5546,7240.1998,9899.8037,3312.0234,4563.3543,4883.1083,4937.4556,12689.3278,4065.5160,11841.2162,6326.9876,0.0000,3531.8508,9191.3836,3395.2655,13197.1392,12401.5841,8461.6051,3976.1883,5726.7280,13605.1178,11003.8590,9531.3810,11897.9956,6485.8457,6660.3778,12431.5210,1605.3599,8097.3756,12169.5143,4621.4557,3054.5057,9322.9514,12777.1313,13573.2115,12015.1206,8568.3751,9805.8801,394642.3668,414813.7150,404905.1089,398310.9687,393577.3541,404973.0654,398338.2497,400053.4021,336308718.5997,336255535.7844,336277201.0019,336281920.9106,1952.6636,11651.6415,7378.4528,8503.5294,2813.9826,8190.4141,8443.1154,3000.9495,6156.0342,7119.3776,8142.9836,9384.7415,6795.4814,4931.7281,10279.3267,8734.0095,6537.0909,8736.3064,6866.7262,11470.4846,9522.6599,9835.6747,13077.6682,9995.1638,7256.5351,5666.9428,13469.3648,5258.0090,5076.8589,12854.0720,5799.3880,6559.0556,1734.3795,4263.9937,8991.8316,8999.7656,11112.0362,3958.1759,0.0000,7501.4040,11980.4105,8823.9021,11801.2406,11971.4409,3553.9772,9179.5393,6315.0719,11175.6816,13299.9462,12980.0844,8871.5024,10935.7836,6917.6000,12693.1866,6086.6339,8010.9732,9160.0093,6756.8808,8272.2331,5958.2808,9329.4807,11156.5651,13376.9288,8103.2713,4787.9009,391341.7440,411594.5758,401642.0323,395040.6350,390291.1390,401817.0823,395194.5941,396798.7751,336312235.7627,336259052.6512,336280718.1116,336285438.0065,10873.1481,8265.9180,9569.6445,2681.1621,6581.3617,7104.1761,1590.6468,7815.8256,8724.6742,8421.2080,10423.2025,8133.2869,5388.9429,9573.1718,9923.2273,5008.8504,9861.0465,8335.5063,10474.8578,9298.3479,10743.9464,13375.0180,10793.0785,5976.5864,7386.0196,13190.1096,4062.8781,3582.1985,12680.5832,5838.4871,6199.8951,2404.3262,3729.1160,8420.1675,10079.4776,9860.4145,2735.5105,0.0000,8911.0977,11594.4346,9778.2579,10739.9371,10886.7853,1810.0454,10161.9188,7998.0167,10656.2532,13714.2813,13203.6196,9178.7696,11107.3294,5903.4320,13094.5781,7412.8836,6782.9829,9327.2953,8371.4066,8717.1742,6972.6040,8350.2763,10710.7482,12849.0725,6761.7807,4822.6889,392052.5714,412257.7766,402336.7495,395700.4046,390969.8013,402538.9695,395902.8933,397484.7117,336311670.2133,336258486.9309,336280152.4634,336284872.4322,13580.6878,10058.2355,10067.0492,7568.0561,9314.0836,9849.8458,13258.7571,12973.2198,12966.9558,13297.7169,11025.4937,12966.5849,2808.5115,13466.1307,9709.5570,13184.9789,13384.4187,1470.6752,11964.3716,13272.6062,10497.8367,8975.6665,10242.0920,12569.4439,8327.7431,11011.1124,10513.6513,9734.1371,12651.6495,12124.1448,12122.2917,11840.6683,4873.8870,13358.6898,5779.3306,11175.6029,0.0000,13544.6940,9834.2878,13513.8564,2700.6427,5024.8325,9667.7393,13422.3181,12776.6472,2501.7962,9540.4967,10635.6168,7319.1547,12120.8115,10851.4158,7610.5425,13579.2562,9709.9249,6658.9858,13218.6567,13189.8608,10160.3016,3815.0713,2884.2798,6940.1860,9508.1183,9039.0015,388736.7829,408355.2927,398790.3959,391898.1817,387355.3301,398941.7204,392168.1608,393847.4062,336315605.7537,336262421.9610,336284087.4051,336288807.9598,10345.0856,9595.5120,10659.8518,9083.1400,9424.0956,4817.6587,5718.2000,2679.2020,3390.2958,9191.7617,3522.2661,13595.8289,3207.1788,8762.0095,3137.3700,3501.4883,13559.5497,5255.0602,3493.4534,8726.9496,11438.5276,8134.8582,6698.9243,10477.9371,7307.5678,8083.4282,8939.9923,3938.9040,4918.9340,6225.7269,5918.3308,13252.0184,3029.9910,11824.7369,7340.8137,0.0000,3381.4078,8365.3774,2101.6889,13217.4323,12251.6846,9538.5893,2753.8056,6268.6084,13832.1014,10179.7645,8429.4130,12404.0905,5291.9272,7059.4762,12102.6420,2270.5751,8345.3454,12642.1564,4954.7750,2078.8129,10133.6871,13278.8652,13800.5713,11385.7100,8864.4264,10798.9036,395136.2559,415250.3217,405375.3619,398765.1032,394047.7092,405417.6623,398770.8332,400515.6488,336308223.2408,336255040.4511,336276705.6120,336281425.5648,7785.4107,12489.2745,13253.3579,9201.1826,6606.4832,5654.4462,11861.1381,9251.9885,2181.2262,10809.7569,8688.0994,8712.0904,12398.9633,8724.2987,7607.7624,10962.4464,12987.5119,9892.8614,10865.3641,2093.9863,12909.0096,4964.5907,12342.5247,11972.4355,11795.1521,12556.5886,11573.8704,12218.0692,9554.7843,11262.8938,7664.5450,9145.0328,13090.9803,11243.3244,0.0000,7904.2983,13098.2486,9962.5626,11827.8627,12892.0505,9809.6174,9708.3925,5173.7910,8393.7823,9173.4256,11374.4955,4041.8722,12267.2064,12673.0716,6558.2390,8855.5952,13008.7571,4636.5489,6400.8156,11562.7304,3349.6102,9377.8872,8053.9467,12586.3664,13138.1070,6489.5299,385091.1721,405121.6250,395296.2347,388635.6316,383946.9600,395366.2633,388697.2356,390421.4523,336318420.3467,336265237.4023,336286902.6087,336291622.6521,7716.4702,8869.7623,1861.8659,7821.7777,8387.6251,10165.9209,11066.5881,6477.5188,7376.1474,8222.1834,10481.8042,6975.7314,10443.9603,8717.5690,9937.5612,11076.4737,11512.4713,13682.3421,9009.2397,8059.0027,6686.2680,13635.8180,6472.6447,5883.6156,13450.2933,7992.4017,8426.0574,4330.8323,6182.5162,6646.8225,10748.6953,10538.7005,5282.8078,0.0000,9330.2922,12714.7430,10738.5100,10584.0664,11316.8958,2684.0384,10982.1842,7458.0699,9270.2856,13427.4185,13683.0408,6986.7139,12368.3984,8108.9084,11958.6949,8333.0080,8673.3339,7203.9849,8297.4485,10329.5587,4809.8001,7195.3802,9249.9205,13232.8749,8600.5712,2239.6206,389386.6205,409580.7407,399665.5742,393024.1012,388296.7383,399868.9289,393230.2566,394811.6719,336314345.4360,336261162.1537,336282827.6801,336287547.6561,2779.9784,6184.2172,12050.9756,12609.8717,9225.2857,12277.0842,12075.1564,8486.5269,7766.5316,12352.9186,2794.3110,12091.0238,11939.2735,6447.3368,8079.3201,12151.7698,12029.8898,12666.9469,3564.4222,11995.9663,9931.9634,4758.6783,4181.5426,9924.8663,7752.2897,6807.4543,7862.9950,6363.2070,8104.4080,12157.5941,3964.2247,5417.6161,0.0000,12224.5893,8465.2813,11679.2599,5946.9925,5435.7044,5453.7831,11978.1351,12313.5012,8852.0451,12774.3502,11656.9935,10812.1760,10196.2121,4640.8325,12716.2429,11076.7353,3357.5745,10503.3975,12346.8232,9813.2865,10986.9413,6403.5536,9153.2592,8828.7208,2850.5858,8516.7488,394450.5061,414327.7452,404610.1879,397812.9302,393192.2460,404820.8672,398104.6007,399705.5081,336309733.9617,336256550.2144,336278215.8022,336282936.1414,7319.0001,11523.0743,12219.4835,7173.3588,10973.8978,12674.2116,7099.2597,9888.7014,11172.6366,2291.6673,10893.1190,11083.2874,8326.1627,5710.6308,10710.3532,11051.4329,13569.4080,1622.3252,11965.6071,9182.0765,3784.4108,3837.6478,8640.1785,6034.0601,4795.0652,7567.2333,5317.0038,10265.5251,10867.3718,4696.9977,5004.9624,0.0000,11271.7663,6822.9409,10178.5004,7486.1175,6079.5571,6638.1508,10551.3846,12125.5922,10737.7495,12410.2608,10513.6714,12350.8531,8252.6599,2569.3378,13295.3785,9985.3228,804.9825,12125.9472,11808.4305,7857.6117,12003.2783,8778.3759,11000.5704,8453.4704,421.1902,10035.3702,396601.7779,416493.1424,406765.5293,399988.3684,395359.8583,406942.8436,400231.6837,401864.1568,336307450.0481,336254266.4319,336275931.9452,336280652.2508,8612.0322,9325.3617,9523.4755,11256.5110,7993.4966,6774.9536,8315.5540,10787.6579,5291.9165,10704.8758,9239.2306,9459.7723,10142.2328,11579.5527,13604.3940,10253.1513,6477.1900,7865.9482,13166.4360,4940.2196,4217.0191,12909.6391,7125.5372,7321.6992,3897.8813,5024.1788,7054.8683,10949.0081,9396.9307,3817.6863,0.0000,9808.8591,11916.2903,10749.8958,9898.6558,10375.2627,840.7477,11066.8677,8536.6206,9498.6108,13681.2955,13489.3938,8189.5053,11832.8613,6653.5772,12612.8086,8542.2351,7158.1238,8275.9751,9108.0532,9820.8870,6484.3278,7009.3467,9562.5977,12643.8740,7031.8628,3708.2121,390987.7204,411152.1315,401256.7876,394595.0481,389879.2698,401473.1559,394826.2836,396397.6427,336312828.8452,336259645.4639,336281311.0298,336286031.0514,1442.6812,7185.5354,4863.8708,5066.4367,5957.8547,12475.8191,3857.4209,10568.8845,4071.2110,1572.6661,13606.4922,9371.9181,5681.0593,10212.0274,8229.7816,10580.5730,2152.3752,12378.3545,9196.6680,9542.2329,11474.7621,7072.7713,8234.5168,6144.3068,7708.5138,11578.3175,4467.5600,13468.6247,8533.9177,0.0000,2185.8433,11434.9420,4975.7636,13822.0375,13735.9917,9122.3773,5010.2497,1593.9934,12620.2570,10273.1004,10337.0440,9526.9292,8981.9597,9792.3312,10564.1874,2755.6608,10926.3212,9992.1948,707.0469,6708.0831,6501.3718,12408.4074,12453.3579,13125.2957,11282.7022,8417.1462,390547.9382,410751.1946,400819.8828,394251.1318,389503.9620,400868.9304,394244.0231,395974.4049,336312724.1057,336259541.4287,336281206.5863,336285926.4371,8018.4743,4880.3893,4414.8987,7182.1966,12219.5484,3945.8159,11389.8245,4147.9864,2296.5524,13470.2131,10025.4875,5736.0548,9726.9903,7195.5078,11421.4807,2114.3806,12116.7648,10189.9535,10480.5485,11366.0640,8195.1789,9254.2155,7293.1029,8824.3831,11379.8175,4587.2852,13699.0816,9564.3083,0.0000,2606.1459,11587.4646,5379.3237,13756.8368,13805.6591,9859.2853,5229.4161,1198.0190,12198.3496,9444.8459,9973.5191,8949.4824,9245.7297,10695.2633,9541.1400,3936.2839,11670.1907,9434.1686,894.8279,7499.2302,6226.7993,12366.4095,11992.2481,12924.3984,12014.8100,8616.7783,389520.7351,409681.0114,399774.5219,393193.2058,388458.1279,399806.2044,393172.2293,394922.9356,336313753.5078,336260570.8501,336282235.9665,336286955.8488,5050.1242,10908.2639,3644.0338,13370.1102,5327.1289,7350.7750,5105.7679,5981.1541,12711.6124,2701.7017,4699.7183,8393.3666,12675.8972,6381.0352,8800.1094,9282.6913,6178.4843,7078.0389,7586.4568,3021.3256,3238.4945,6742.1633,5291.6334,13332.9487,4893.5026,10174.6717,6717.6505,0.0000,5867.8645,6500.4346,3799.4248,12092.7260,10713.7151,9401.1706,4366.2092,8482.2814,13687.4532,10363.6664,7856.3985,13237.9677,3876.7933,5279.2529,12652.9138,4715.1327,6424.1463,13338.3142,7336.7301,787.7058,11501.3933,12908.7049,13738.7500,10040.0014,6999.3662,11485.5079,396940.6528,416971.4849,407149.8479,400490.9175,395803.4125,407209.4897,400540.5276,402275.7181,336306564.7049,336253381.7290,336275046.9440,336279767.0067,8657.8058,6640.7320,13541.7893,1072.1105,10979.1987,794.9361,3409.1548,13603.2775,6799.0918,895.2027,6544.9459,10010.7398,10400.4688,6657.5277,9364.3095,9903.2297,10536.4226,7997.3075,6996.8662,7709.8345,8691.9167,8731.2031,13399.4908,490.3006,12547.6713,9933.4989,0.0000,2787.4711,8276.0714,1405.8031,13334.1363,12540.5542,11464.3968,751.7910,5904.8361,13389.9728,7677.8435,6507.6343,11877.5891,5070.9527,9484.5597,10037.3804,3994.2472,10351.3101,12124.2820,4508.1369,4330.9258,10157.5225,13694.1387,13287.1588,10653.5277,10850.6983,11667.0933,393450.9388,413460.4594,403645.1203,397010.9090,392321.5188,403631.6319,396964.2900,398771.5705,336309893.9941,336256711.3020,336278376.3311,336283096.3506,9357.2507,9514.2431,7933.9625,11548.2075,8004.3984,6333.4589,11702.2651,12354.8366,9379.4523,11492.9672,4234.2912,12079.3378,3104.9531,13025.9238,10828.0446,10693.2742,12934.9947,10289.9074,11102.1155,7892.4148,9907.1454,8228.9236,8442.3465,13275.0601,9946.8811,0.0000,6774.9235,13187.2848,9149.6205,12473.6530,13326.6140,8682.5445,9011.8199,3580.3345,9543.4610,10296.6741,11876.8948,5134.1072,11975.6713,11743.0518,8357.4825,7417.2007,12342.9679,5770.6573,5037.9474,10614.8744,2277.8496,9799.5653,9263.5092,13301.0067,12495.1365,5636.5927,386165.1229,406302.0893,396412.6896,389795.6897,385073.7897,396499.3194,389855.0755,391554.3728,336317269.1140,336264086.2317,336285751.4725,336290471.4162,12622.8134,6304.4925,6112.0876,6239.0181,5451.3423,12660.3715,5550.7395,6776.9719,10919.4551,12051.7449,5747.1180,7114.1684,11612.9709,4277.7537,5055.8966,10317.4415,1388.6280,2778.7449,3340.6700,2609.9783,12049.2930,6269.0736,10710.0415,4111.8417,0.0000,5766.1750,9172.1512,5510.3190,12385.6683,11548.9603,6774.1782,6101.5075,7142.9563,13250.2383,12193.6414,10560.0280,11977.8517,7241.6655,4707.4336,13315.3477,3751.1645,6347.4410,12175.0143,6431.3249,3861.4887,9516.6148,11847.6233,13283.4340,11975.8941,6766.3835,9094.2630,395376.2245,415558.3229,405646.7717,399036.4048,394304.5967,405761.6880,399125.6807,400794.5347,336308104.5767,336254921.5851,336276586.9185,336281306.8535,13486.8751,9619.4722,13267.8069,12919.7505,3362.0514,12847.9341,13691.0935,11977.8006,7860.6218,10468.5746,11400.5830,10455.1005,10701.9100,10053.1190,11576.4663,12557.1614,12251.2260,11103.3313,11381.9048,2138.9880,13516.0240,7396.9475,10520.3025,0.0000,13207.3914,11547.7316,13740.4586,4878.2777,7141.4370,8284.8856,13684.5905,11782.1780,1578.0442,10798.4022,12174.2696,5276.7971,13227.8264,11057.2819,8094.3978,13153.1803,10212.4008,4602.5663,12514.1810,13562.9645,8228.5226,1877.1341,1845.9226,9296.1896,9976.4647,6833.8159,387141.1060,406889.5053,397246.1336,390402.8808,385819.9655,397426.2751,390681.6619,392322.2201,336317096.1155,336263912.3849,336285577.8823,336290298.3146,10956.1900,394.9887,2391.4666,13785.9662,7331.0701,1936.8501,7418.4649,9666.5016,10484.0390,5734.5869,10152.7611,9761.4940,10362.1989,8869.3651,6864.9478,7737.5300,8123.2906,8463.8940,13176.4408,702.2653,12904.3914,9645.0041,0.0000,1737.4699,9065.7516,1710.5735,13619.1072,12966.0158,11059.2628,1374.7725,4967.9957,13393.1155,8280.3433,7429.5518,11496.6129,5951.2343,9559.7084,10206.6519,3213.0828,10535.5009,11797.7212,3507.8399,4615.2690,9477.2533,13594.0758,13272.8100,11340.3859,11016.4676,11106.0941,392898.9802,412960.5009,403113.5816,396500.2363,391794.5595,403109.4394,396454.0671,398247.9277,336310406.0565,336257223.3965,336278888.4428,336283608.4115,10737.4179,10382.1316,8805.7795,6704.6668,10889.9525,12099.3266,12990.4256,1456.1607,10799.7502,10720.1497,2045.9392,1674.0939,10174.5358,5347.3917,4456.2886,5762.5460,3798.5335,9517.9660,10781.3158,6168.3385,2987.1130,0.0000,10701.3899,8527.7470,10145.4944,8352.2483,7555.5696,4576.2744,10565.5384,11101.2463,10665.2371,13167.5948,11660.5461,11493.3399,9263.9198,2336.8235,13540.9675,9206.8403,2173.9180,11353.5008,10960.4162,7985.2641,10660.9879,8287.8853,10888.3280,10065.5902,1935.5480,8415.5035,395527.6884,415531.3526,405735.6697,399002.9164,394339.4287,405934.8637,399249.5061,400851.3406,336308444.6828,336255261.1315,336276926.6853,336281646.8812,2617.9924,13494.5249,7021.7186,1636.8276,7069.3117,9614.0511,10243.8012,5894.3184,9766.5573,9592.3327,10194.7644,8476.0948,6731.1638,7546.6968,8105.1829,8346.1156,13009.9758,447.6582,12568.3841,9520.4675,0.0000,2006.1423,8676.0129,1520.9991,13300.5614,12615.7354,10953.2577,1122.3678,5148.7775,13166.2173,7996.6835,7063.6052,11411.6610,5589.5353,9330.7850,10007.4634,3334.5750,10263.9439,11690.5082,3731.9537,4403.5657,9503.6496,13380.6249,13053.8378,10957.5219,10747.0245,11059.4250,393018.9537,413061.4704,403226.4229,396603.2198,391904.0174,403223.6032,396563.4007,398357.5969,336310311.0301,336257128.3401,336278793.3914,336283513.3823,13679.9083,8239.2907,4207.6648,9223.0566,8989.1841,10179.6879,3650.1879,11538.5711,8999.0802,9485.1874,10440.9693,6414.5599,7538.8752,6483.6064,7513.2651,12248.3063,2976.3886,13123.4847,8555.1205,0.0000,702.4574,10397.6016,3432.3650,13719.8086,13362.6354,9636.3328,3486.1462,2998.2213,13011.6808,9663.8277,9272.3142,10436.0276,7646.3874,9295.9376,10626.6198,1843.0137,10443.9314,10830.4224,1503.3451,5414.6006,7763.5140,12864.3473,12873.2764,12437.0951,10861.6139,9438.0912,391815.5395,411976.8549,402070.6575,395489.0727,390754.1616,402102.6278,395468.7104,397219.2357,336311461.4704,336258278.8004,336279943.9235,336284663.8093,11536.3864,13532.4673,10964.5768,10077.2286,9359.2134,13013.0128,8466.4612,10291.7059,9756.7600,9750.0955,12233.8054,11581.7754,11831.5940,11308.5980,5275.2831,13643.0527,4632.1733,10556.9679,0.0000,13859.8301,9548.2631,13672.0390,1597.3075,4096.3964,9161.1200,13647.8003,13250.7923,3660.2408,10376.5159,10983.5749,8219.3460,12039.2808,10083.7498,8873.9054,13677.2759,8805.4360,7584.7817,13626.5975,13017.7300,10711.4551,3621.6717,4079.1148,6908.5106,8542.6521,9161.7988,389854.1180,409483.2332,399913.6044,393017.7719,388473.7692,400084.5707,393312.2779,394971.6081,336314544.3699,336261360.5053,336283025.9997,336287746.5615,6236.8533,7811.7427,13443.3779,5459.1804,10735.0623,7655.0748,6240.6852,7063.8573,5949.6737,4435.4817,3667.3489,8191.1333,6133.7963,13202.0423,6793.4220,8335.4651,7220.8115,0.0000,8102.8440,4350.7378,5840.2412,10635.5180,8852.7683,9829.6412,6228.4239,10465.8163,13147.4057,10094.7515,7096.0390,13738.1572,3182.6436,4618.2990,12633.9206,7176.8790,5088.5262,13693.7510,9469.1601,3280.4373,12714.5838,12376.4618,13271.3835,8218.3433,5672.8175,12259.8916,397924.5402,417829.4209,408086.4649,401362.6498,396718.0764,408155.5420,401455.0710,403191.6747,336305768.9099,336252585.7291,336274250.9802,336278971.1920,6040.9344,10533.5213,10210.9718,7457.0763,8825.4016,9889.4602,10560.9481,7342.1235,6959.8708,7541.2472,9044.5140,8813.9514,13672.6487,1259.6107,12247.5561,10045.8942,0.0000,3615.8429,7613.6425,1436.9130,13162.2974,12218.6218,11727.3864,874.9705,6732.9909,13526.4435,7495.5694,5913.0505,12343.4936,4280.1590,9292.1667,10197.5398,4548.5190,10092.4105,12545.7398,5357.4389,3992.6630,10801.7030,13837.3832,13445.8169,10179.5971,10609.4711,12147.7938,394130.5671,414106.0308,404311.6728,397662.6463,392984.2477,404294.4006,397619.0039,399432.8365,336309247.3029,336256064.5788,336277729.6030,336282449.6585,10302.8643,11441.2610,11116.6727,3954.8786,12122.1039,12533.3893,3462.6879,10583.8300,10415.9249,12596.6295,11884.9222,12853.2424,6957.3202,10187.2954,12619.7186,0.0000,8792.7643,5335.3691,7222.3205,10369.0085,9396.7833,13582.1930,6800.5324,10543.5647,11300.6391,3003.5329,909.7536,12120.5716,5130.3836,11020.0862,7246.3212,9777.8136,10794.7444,12018.1042,9791.5085,8130.2758,12587.4697,12678.8694,11265.8963,5741.9588,11176.1266,13621.0454,393191.3969,412831.8060,403241.8340,396442.8974,391872.8505,403204.6012,396450.2380,398310.8997,336310584.8483,336257401.7863,336279066.7864,336283787.1885,13471.9259,6841.4958,11553.1010,12852.8008,12638.2087,12087.3893,12637.5420,13099.8089,10975.5306,12364.4104,7228.6295,9997.1985,12676.3722,12282.2193,0.0000,9179.5395,12861.3843,10836.5541,10999.5941,12241.3014,10761.2178,10511.7902,6931.7212,7225.8526,8190.6412,10901.1136,3622.3120,12494.7687,13343.6047,4826.6016,10249.9551,13416.2154,3994.4058,7943.8183,12403.5499,4935.1945,8929.0241,6842.6555,11716.3976,13517.4633,7480.6137,384500.0955,404415.3010,394659.8621,387949.0088,383297.1845,394719.2202,388023.0215,389767.1063,336319124.8236,336265941.7813,336287606.9697,336292327.1268,11087.0328,10086.4320,2256.1939,2537.7982,9328.9981,4719.3422,3557.8605,6212.6830,3803.7550,10532.9340,10229.8001,6169.4727,3586.6328,0.0000,10419.8862,7537.9713,9487.5638,8700.5527,7499.0610,5831.2692,9930.1412,11277.1375,11374.5908,12812.2414,10919.0617,12309.4019,8210.9940,1193.0965,13674.6088,8922.6075,1082.3319,12175.2171,10935.4043,7076.1167,11435.7662,9290.1921,11595.4494,9577.6154,1210.3397,9509.5685,396602.4812,416582.3525,406800.3573,400064.6766,395407.0532,406978.9925,400289.0331,401912.9504,336307332.8411,336254149.3320,336275814.8415,336280535.0510,13010.0752,9610.6419,9733.3662,12418.8183,8238.6184,9308.2538,6259.6792,8290.0567,10251.8706,6321.8904,13533.6858,8747.7219,0.0000,4217.5061,12436.6196,6902.1301,13470.6058,13778.6616,8506.5128,6885.1486,925.1018,11575.2033,10665.1556,11342.3120,7871.3599,10481.3708,10481.6988,10019.2958,4645.1374,11464.6572,8416.5494,2357.2289,8425.8703,4528.9615,11380.6105,11368.8757,13538.3366,11728.2664,6887.2668,388687.5415,408901.7568,398964.6535,392391.0948,387642.4886,399036.8155,392412.7685,394119.7369,336314628.4614,336261445.7181,336283110.9253,336287830.7788,11386.3472,11637.7924,2107.3144,10926.9186,10281.8972,12979.9818,11754.3647,11814.5920,9669.2940,7132.2965,12142.9900,0.0000,11273.9901,3607.1988,9618.7718,7477.4496,6096.0574,12933.1734,9412.8691,12663.3781,9900.8048,5334.6614,3633.8991,12321.6793,6211.3551,10039.7845,8171.1985,11672.4905,9190.9836,12007.7413,12121.8978,9358.5267,13485.3681,11015.4439,10013.1681,1942.7006,9435.3273,13567.8841,394166.6633,413699.8778,404180.2299,397305.4808,392777.1553,404197.8301,397413.3266,399229.7492,336309913.9661,336256730.5468,336278395.6911,336283116.2555,1025.2529,10552.5934,3654.9233,3102.5077,4111.6518,1816.3715,10317.7386,9638.7357,7900.0258,1407.2754,0.0000,9355.1343,8966.2796,8944.3996,9937.6369,9149.8547,4414.7279,9436.3560,9898.0994,11682.0367,13273.9588,11692.5265,11667.4939,8828.2192,2009.2639,13817.1167,7637.1803,3254.0850,11654.6375,9655.4254,6773.9112,10138.6719,9466.6552,11841.4308,11051.5885,3371.9018,8249.0419,395651.1779,415745.8203,405893.1323,399210.2482,394515.0539,406077.2896,399414.9297,401023.8827,336308152.6003,336254969.2226,336276634.7329,336281354.8180,10975.2761,4580.4100,4087.9201,4231.2959,2512.7742,9607.5221,10273.8356,7632.3987,1353.7879,0.0000,9879.4286,9438.6238,9658.9933,9501.9279,8925.6036,3594.9198,10117.3038,10096.9139,11124.4439,13501.8919,12145.4967,11183.8461,9555.6230,2724.9197,13731.2239,8230.2241,3493.6485,11145.9654,10007.5738,7646.8211,9801.8813,8715.5680,11295.1400,11159.2729,3445.2174,7620.9610,395010.9909,415101.5224,405252.1639,398560.9011,393868.6125,405451.7991,398787.5393,400381.7068,336308849.4175,336255665.9786,336277331.5247,336282051.6242,9575.9913,8961.9908,12137.6153,10747.0231,12680.6981,8304.8208,7718.5461,11374.0405,0.0000,10123.0250,2148.3162,8088.5441,8732.6960,7063.9102,12675.6731,7938.1210,12005.0885,11195.3827,5841.0424,2729.2405,13005.7634,4235.7775,9069.9175,9223.7013,10407.3468,8489.4458,12784.9544,11240.6374,7645.6310,13542.1564,11915.5534,11295.2024,3633.1129,8845.6605,13687.9270,395503.3112,415114.8326,405547.0340,398712.2549,394157.4549,405556.4587,398790.9472,400609.0701,336308437.4754,336255254.1768,336276919.2986,336281639.7767,1424.6952,4185.5184,2405.2814,12187.4664,6694.2281,9842.2039,3956.6592,0.0000,6633.7374,8226.4648,5807.1192,11800.9969,10734.4950,6965.5898,6404.3038,8234.3834,13195.3521,12094.4805,10129.4543,12470.7063,6580.3833,3587.9405,13465.4743,4780.4638,5249.1417,12592.0717,7478.0975,3500.0852,10370.1151,11738.2271,13269.4069,11227.7994,5716.0519,9688.5902,396311.6391,416440.5363,406562.3681,399924.7510,395211.0763,406680.0724,400030.6394,401701.3439,336307240.3465,336254057.2698,336275722.6172,336280442.6154,5019.8166,2619.5525,12077.7211,7475.7428,8782.3544,3896.0747,0.0000,7709.2232,7391.6660,6557.0636,11006.7907,9747.8431,7008.9858,7116.9004,9311.9448,12917.6870,12070.5095,9885.3634,12760.2530,6308.6042,2372.0187,13549.6861,6018.7520,3993.0302,12800.8595,8593.4866,3918.6979,11047.2247,11375.2966,13035.7894,10443.2071,4496.7976,10066.8274,396957.5414,417028.4432,407186.8908,400517.3652,395823.9735,407313.1368,400648.7840,402316.1094,336306691.2413,336253508.0522,336275173.4273,336279893.4977,2752.2578,10071.2544,8297.8190,10791.6890,2936.8425,0.0000,7054.0450,11090.0931,7913.9879,11931.3309,11729.1521,4131.8071,8363.4325,6717.0468,11968.1180,13207.1129,12392.7759,10131.5011,9853.1709,5673.4481,13184.9534,5301.6750,7022.1161,10373.2290,6755.7033,6937.8801,7377.6128,10122.0343,11983.6200,12983.0964,7199.1790,6323.9110,393004.9349,413247.3896,403301.1439,396698.9905,391952.0928,403465.3017,396840.8515,398456.6348,336310553.2931,336257370.2001,336279035.6407,336283755.5420,10806.3747,8409.1243,9238.9644,1588.0495,0.0000,7902.5777,9334.7466,7719.7404,11052.2883,10330.2703,4774.9988,8249.6680,8544.6904,12257.2435,13017.8350,11499.9291,11534.1368,8445.4959,3078.3233,13655.2074,6038.4150,4667.8221,11629.9273,8212.8412,5766.3002,9467.3308,10300.5729,12356.0324,11689.8699,4925.3904,8080.9262,395292.8393,415449.3948,405556.9497,398913.0749,394194.9994,405719.9552,399074.1757,400698.5002,336308365.0363,336255181.8231,336276847.2757,336281567.2756,13305.0243,8686.8061,9862.5464,0.0000,12628.5202,12553.7986,13563.1322,6678.8399,8709.5164,7186.6562,13542.5471,10763.9264,3225.2551,11646.5966,13067.1867,4012.6455,13724.9391,11042.3500,8733.6490,12487.6806,10492.3771,3467.4116,11686.0956,13493.7709,6612.1095,2244.8222,3223.0078,10848.5016,10266.2681,4985.4665,386400.5751,406266.5002,396551.5618,389757.8412,385137.4978,396745.9766,390028.5017,391645.5275,336317713.5596,336264529.9249,336286195.4447,336290915.7599,12583.4402,9623.8174,0.0000,2363.2471,8487.7445,1192.9729,13398.6236,12631.6391,11170.7057,703.7404,5583.4547,13413.2341,8044.0124,6909.3917,11783.6955,5285.1517,9296.8344,10239.3373,3515.0917,10229.7525,12047.4963,4150.5330,4169.6992,9917.9622,13617.3550,13310.5570,10900.8473,10726.7407,11404.7654,393425.9846,413460.5219,403630.2801,397004.8298,392307.9423,403623.8194,396961.9667,398760.3737,336309905.5161,336256722.8281,336278387.8722,336283107.8699,8734.1043,0.0000,13231.4148,6622.6367,12223.5359,3294.7018,1612.9026,8824.3487,12357.4288,13657.6576,7917.2079,10909.8089,9820.7344,11332.1806,9582.2169,6977.8407,11248.1120,12600.9494,5305.5541,10868.0583,13568.0954,10677.9149,12539.0469,6806.8896,8271.4774,5584.9196,5052.8415,10745.4002,394419.0405,414080.0085,404492.3365,397612.4301,393058.2596,404657.8941,397893.0265,399555.4532,336309926.8369,336256742.9947,336278408.4897,336283129.0297,0.0000,8997.9328,9949.4200,9033.7602,10410.0063,9927.9134,3413.7311,9514.7688,9133.9193,11547.6750,13531.5813,12271.9750,10994.5170,9561.4528,3361.9377,13732.0426,7246.6289,4540.1674,11045.6640,9049.8237,7205.0500,9149.5050,9263.0168,11671.2227,11835.8842,4607.0265,7217.5529,394620.4893,414770.4929,404883.7353,398224.8968,393511.8846,405074.5961,398425.4478,400023.1696,336309135.7014,336255952.3752,336277617.8938,336282337.9205,0.0000,0.0000,0.0000,0.0000,0.0000,0.0000,0.0000,0.0000,0.0000,0.0000,0.0000,0.0000,0.0000,0.0000,0.0000,0.0000,0.0000,0.0000,0.0000,0.0000,0.0000,0.0000,0.0000,0.0000,0.0000,0.0000,0.0000,0.0000,0.0000,0.0000,0.0000,0.0000,0.0000,0.0000,0.0000,0.0000,0.0000,0.0000,10161.9783,2940.1977,13848.7266,13415.1488,10177.4164,2916.5258,3489.8100,13235.8710,9319.1404,8843.3892,10797.1159,7274.3303,9514.7716,10541.3270,2158.1975,10628.1052,11174.2499,1944.7445,5242.2205,8289.4541,13210.8322,13097.3656,12267.8676,11066.8082,10011.3305,392060.8638,412199.9676,402306.5849,395720.2945,390991.3166,402325.3950,395687.1495,397452.2688,336311209.3832,336258026.7356,336279691.8292,336284411.7294,8004.8321,8394.3850,6373.9550,11579.2142,8035.9034,12115.1709,11454.9327,7661.4024,4554.7045,13320.2713,3818.9800,7299.7867,10580.1351,9993.1293,6658.0043,13097.3153,11327.6432,6764.0254,13558.8201,11546.1843,11609.6006,4246.9855,7035.9042,13241.9295,396735.0446,416405.1837,406804.3163,399981.3680,395411.2378,406847.5365,400093.0307,401873.7941,336307213.3181,336254029.9505,336275695.1537,336280415.5988,13325.0779,12380.2298,10902.1311,680.9438,6253.5032,13735.7991,8655.9060,7024.0574,12354.5962,4627.1118,8493.6683,11001.7302,3315.1782,9503.7935,12587.3715,4809.0912,3045.4930,10439.3336,13705.8462,13668.7915,10804.6307,10027.5984,11594.7226,394494.0214,414536.5407,404702.6058,398075.6981,393377.5886,404706.7793,398045.8054,399833.3769,336308854.0959,336255671.3699,336277336.4419,336282056.4417,2551.1929,9509.0159,13323.3497,13639.0061,5100.2582,10169.9972,10278.8403,9451.3306,11205.7623,9439.4329,9374.0420,13598.0054,8006.4079,8858.0217,13838.0108,12446.0346,11634.2293,4923.1303,5491.5880,5775.5045,7760.1742,10092.5463,391345.1430,410943.2113,401392.6258,394485.9034,389951.4251,401554.2206,394775.1113,396446.1893,336313075.3833,336259891.5042,336281556.9836,336286277.5771,9886.6940,12428.2789,13840.1774,7350.6743,9928.5017,9101.3976,11144.3942,9575.8216,8180.0483,10277.2342,13036.9871,6598.5996,10638.7209,13754.7811,11136.2084,12733.9305,6962.7726,7695.4694,4355.8214,6430.0311,11271.2015,393745.5806,413336.0956,403789.8892,396886.8486,392353.3394,403932.9746,397153.0175,398842.9391,336310631.3269,336257447.4902,336279112.9337,336283833.5305,11239.1152,9133.0981,9516.5322,13778.9682,13421.4447,8660.5775,11677.9405,6110.1928,12848.9899,8845.4890,6519.3927,8686.6923,9610.1838,9759.4619,7209.5264,6873.7527,9618.2702,12337.1655,6352.3161,4366.1265,391604.5348,411745.6597,401865.2909,395189.7815,390482.4596,402087.3712,395434.4204,397002.2064,336312262.1986,336259078.7613,336280744.3452,336285464.3977,6183.0349,13603.9217,8143.8515,6665.5729,12200.9604,4696.3085,8972.8729,10556.4114,3706.4674,9902.2651,12435.2269,4750.3083,3627.1592,10401.6221,13743.0115,13522.0764,10665.8761,10417.7735,11716.8995,394088.7600,414110.4209,404288.4292,397656.2900,392963.8732,404282.5693,397617.4365,399416.3983,336309260.0147,336256077.3043,336277742.3525,336282462.3663,11865.0188,10146.9028,10782.6126,8323.6326,9983.5154,10614.4610,9794.9417,4280.5167,11601.0278,8848.6099,1571.8370,8041.8902,5249.7535,11843.3033,11655.6292,13315.4181,11901.3708,7664.3313,388991.5082,409185.3114,399259.5671,392684.4582,387940.6277,399313.3221,392685.7572,394412.2696,336314299.8964,336261117.1974,336282782.3629,336287502.2248,9833.7368,11587.9042,5180.3351,13154.7222,11881.8187,6856.1831,13426.9449,11030.2304,4467.5021,12570.0348,13815.7962,8552.7494,3435.7175,443.5824,8831.9141,10850.8124,7778.2139,386556.3294,406247.3166,396637.1112,389778.7291,385211.6694,396789.7534,390033.2605,391705.2185,336317670.7065,336264487.0153,336286152.4495,336290872.9208,3869.4836,10381.9733,7720.3787,12515.6805,4525.8947,10626.0584,12231.6586,10276.1133,9776.4760,10057.5945,11443.6644,11868.0427,9706.4456,6599.6541,12525.8297,12888.6533,390221.9530,409841.3639,400263.0016,393455.4435,388891.6221,400224.8017,393465.7517,395328.8300,336313576.8227,336260393.7573,336282058.7499,336286779.1642,12544.0302,4410.4138,10482.4493,7979.5977,9660.7179,10246.2852,12430.9796,9959.5426,7639.7416,12899.5588,12760.8670,11583.2519,5474.8650,10645.1523,13752.1413,394040.5562,413686.2016,404093.8444,397294.1136,392723.2379,404063.0667,397309.2898,399163.3628,336309744.9820,336256561.8955,336278226.9129,336282947.3172,13575.4566,12453.6675,6894.1419,11204.5369,12343.3305,733.9121,9496.4270,13165.3110,4047.6424,6071.0714,4839.5942,11936.2226,12292.0625,4978.6640,384514.2662,404455.0709,394689.2795,387956.8755,383304.9595,394824.5201,388128.8383,389797.1932,336319296.5780,336266113.2758,336287778.6424,336292498.8294,7447.1165,11031.8378,7219.9236,7735.5259,13557.5406,8839.2543,3785.8373,12817.2133,13202.7869,13207.4284,7460.8598,8275.9267,13151.9397,396794.2325,416622.5760,406921.9128,400189.3175,395563.1322,406931.0813,400217.2443,402018.0055,336306838.3710,336253655.3387,336275320.4460,336280040.6913,13612.8045,7950.8156,1807.5444,12377.7019,10150.8928,5984.6117,11287.9542,9980.7542,12068.6935,9760.5795,2216.5757,9657.3334,396824.2525,416834.1695,407032.5727,400318.6196,395649.2117,407193.7878,400512.1828,402150.5911,336307013.1408,336253829.7368,336275495.2020,336280215.3660,11780.0430,13245.1260,6736.3964,10138.3938,12413.0346,9104.6799,9575.6160,6576.1188,8473.1819,13381.2772,10724.0902,386299.0227,405956.6179,396356.8101,389545.4820,384973.7775,396367.6874,389613.6118,391425.8833,336317555.7404,336264372.5563,336286037.6541,336290758.0534,9287.5656,11549.6100,3078.5258,4249.2749,8434.3754,12851.5680,13343.2051,12462.4865,9726.1681,9457.3769,393270.3177,413459.3038,403538.2889,396959.2454,392218.0034,403592.9107,396963.7422,398690.1735,336310034.8775,336256852.1453,336278517.3251,336283237.2011,12162.0507,11221.6485,7118.3698,11766.9083,9140.1522,11268.0054,8625.8169,595.7265,9940.7142,396713.0849,416633.2866,406887.3634,400127.6818,395488.6863,407055.6411,400351.9383,401990.8594,336307267.7382,336254084.1932,336275749.6824,336280469.9501,9959.0630,13295.6448,4667.3137,5511.1552,4124.7843,11530.1935,12088.8357,5206.5191,384657.6524,404563.0665,394819.3928,388068.3148,383428.5861,394958.7583,388254.2568,389921.5276,336319213.4032,336266030.0406,336287695.4203,336292415.6483,6814.7969,6657.4188,12548.6343,12389.9552,12939.0241,11587.3242,8757.4578,390337.7958,410516.0419,400599.1243,394024.2278,389283.8661,400635.3097,394005.3384,395750.2416,336312929.1261,336259746.4691,336281411.5971,336286131.4648,11355.0991,13185.0584,13843.1484,10233.7117,7687.0589,11580.8623,396593.9095,416631.5005,406804.6100,400154.9547,395463.6944,406851.3168,400185.1383,401932.2394,336306868.3566,336253685.4429,336275350.6247,336280070.6688,8266.4005,8308.3628,13438.5529,11816.7589,3545.2344,385958.1851,406104.2573,396212.5127,389579.0130,384859.2324,396346.0038,389700.4237,391353.5115,336317598.3239,336264415.2735,336286080.6246,336290800.5936,3704.6442,9786.7705,8835.4324,6117.1928,388192.6553,408003.0167,398323.8971,391497.6224,386897.5224,398532.4685,391800.8806,393408.7571,336316058.3839,336262874.6122,336284540.1767,336289260.5669,9014.5270,11103.8558,7692.8632,386241.2131,405940.1388,396324.5964,389472.0939,384901.8197,396472.3465,389718.0422,391394.1010,336317956.3017,336264772.6414,336286438.0623,336291158.5205,8755.7276,13091.0531,393895.6127,413405.7728,403902.6734,397001.5939,392484.6884,403955.1905,397162.6024,398947.0144,336310320.8280,336257137.2446,336278802.4749,336283523.0901,9836.9087,396560.8607,416475.8195,406733.7858,399967.1102,395330.9759,406912.7704,400207.1680,401836.0782,336307463.7752,336254280.1827,336275945.6980,336280665.9789,387424.6123,407560.4016,397679.9985,391013.4619,386304.3676,397877.3658,391224.8805,392816.8417,336316350.5002,336263167.1815,336284832.6910,336289552.7216,30363.4591,13507.2701,18972.7531,11450.3795,17482.4584,18587.1548,13377.7371,336702421.8113,336649241.4522,336670905.8666,336675624.4332,17167.2820,17253.3660,24100.1602,17425.9981,19221.7739,18005.3969,336722944.7741,336669763.4400,336691427.5673,336696147.3956,12363.8107,11939.1763,8403.5273,12581.6025,6037.2353,336712932.7073,336659752.0391,336681416.3100,336686135.3397,8571.9434,15229.6386,10988.3235,7200.9855,336706634.8693,336653453.4230,336675117.7808,336679837.4372,15589.9847,12144.4386,6941.2937,336701810.7573,336648629.6968,336670294.0972,336675013.3398,8571.9434,9772.3987,336712543.6374,336659363.4772,336681027.3351,336685746.3842,8932.6792,336706031.6093,336652851.1004,336674514.9565,336679234.3355,336708177.9148,336654997.0211,336676661.2856,336681380.5349,61480.8052,38425.3693,27240.5387,27313.4727,37495.0934,20512.8515,
25200.000,11406.0253,6683.5498,8941.5456,3120.5481,3757.7596,13894.9145,8475.6367,8392.0597,6686.0104,10775.9896,11796.8068,7655.7567,13682.3068,8868.3049,3924.4059,10611.3544,8369.1654,13182.2115,11108.8640,13339.2707,9696.6621,9278.2368,3334.0679,3977.6527,5538.3850,12043.9281,3093.6021,10518.4597,6895.5833,12691.5344,4405.1293,11779.3970,13623.1635,12880.8039,13168.2983,8876.7989,13349.9758,7194.3419,12695.9728,12929.4383,11949.8861,12034.5356,13776.0980,9370.6977,10619.9180,12023.0700,12189.5742,11897.9930,8664.9569,11269.0885,13705.9470,11477.2322,13054.0898,6955.0388,12062.0888,11877.2432,6700.8195,7159.0358,13421.1643,12994.1252,7141.6576,13467.2296,13668.0134,7816.2849,13418.5901,13248.4544,12883.4604,13360.8785,7933.7012,11408.7622,7771.5527,11864.4077,0.0000,11764.4244,10417.1967,11941.6871,10735.4108,9663.8025,12467.3100,12666.9886,12768.9270,10083.2032,3814.3102,7971.3269,10218.5607,9639.4567,13311.9454,3902.3110,10784.1182,13338.3515,7570.2642,12776.1563,12771.7859,12203.6750,7011.0514,10070.1449,8060.9564,12228.5336,11485.1388,388369.5704,409285.7807,401479.4216,392057.4487,390388.1814,400083.1948,392797.7307,395136.4504,336303901.8797,336248091.7946,336270194.1646,336280623.2450,11653.1874,4174.7296,10810.2715,10514.2433,7248.2665,13479.7930,4916.1667,6250.3307,12961.6548,9372.8422,11055.7063,9484.6287,9035.2393,9174.0801,12753.7322,13235.5782,6542.1438,12846.0978,10023.0358,2773.7152,7042.4565,9070.1678,9001.7279,13435.0445,2758.9194,9388.4547,12149.9165,6838.9090,6642.1316,8532.2624,2449.2073,5609.4197,8472.8779,10787.8087,10011.6588,4526.4793,11940.1895,10661.4660,4889.8580,2401.3186,11927.7332,7479.7901,11016.8173,5287.3860,7356.3202,12045.8909,5368.7549,11513.7852,8915.6425,6979.5547,9368.7540,8741.2364,10692.5291,4699.3914,1300.2551,6395.4001,11401.7393,5150.2806,10639.7184,8734.6788,8857.5738,5765.0622,5482.8069,6748.3973,7040.0594,7040.1365,8891.4928,13752.5301,8537.7619,7322.6194,985.8672,0.0000,9262.0342,6130.7779,6740.3002,9568.2132,7623.5495,11700.7180,4434.6017,10568.5757,11822.4574,8828.8114,4912.6858,11349.3691,5568.2358,8024.7808,13038.5543,8426.8862,7458.6625,12976.1980,9734.6978,3277.6591,12109.3407,12955.9205,12006.2791,9162.9098,2342.4866,12235.2799,384890.7678,405167.8185,397658.5481,388071.7564,386622.3501,396214.1683,388842.2618,391300.1035,336307837.3082,336252026.6268,336274128.8800,336284558.7035,11517.5801,9220.2940,4227.6443,12082.2277,5913.6741,11358.8207,8990.3694,10530.5491,13473.5779,1396.2682,11782.2700,4243.3741,9318.4021,6926.3600,10022.3359,10151.9255,8103.0847,12475.4072,10876.5183,12962.6672,8077.8855,6753.1295,5488.0584,10689.2598,7569.3770,11977.0262,11027.5526,9280.1930,9344.2642,10607.5203,12113.4675,13591.8018,10454.2374,3244.4895,12816.1658,11113.8515,12642.0347,10654.0449,10806.9341,8689.6259,12909.0130,12567.9210,13233.2726,13770.4777,10609.8304,13640.8953,2453.5599,13626.3556,11560.9643,13254.2287,13229.1896,1697.0230,9570.5826,12388.4197,8614.9097,11533.6159,11498.0968,12388.6684,4538.0346,10226.0657,12553.8827,11091.8271,10636.2787,10173.8277,13716.9599,10112.6520,6586.2555,13619.5024,6202.0565,12212.2503,0.0000,13629.9502,7378.4496,13824.7630,5413.2075,5934.3898,9571.6740,13397.9603,12713.3017,4511.5511,7989.9336,10188.4386,12618.7609,12790.5686,10095.3931,5376.8785,13587.0569,10443.2190,10112.3074,13248.1462,11380.9671,9583.0658,3079.6800,4643.4471,3868.4370,11154.2684,7583.9043,387533.3044,408400.7119,400596.5897,391251.4616,389533.9036,399056.3994,391841.6228,394213.8478,336304362.3871,336248552.6880,336270654.7041,336281083.7788,7716.6527,9058.6626,10194.4512,13409.5941,799.9985,3849.5216,12999.1149,9270.6343,11366.8226,11687.0674,10006.2437,5755.8082,13626.8366,12162.9104,9907.9791,13724.0630,11549.8926,2432.6639,4431.6048,6093.0486,6789.5234,12337.6504,6534.2090,6622.0117,11599.6146,2871.1289,9851.8822,5089.0784,6148.1361,8924.5827,9396.5366,12734.6597,10974.5819,7611.1322,9865.5741,11505.0387,8538.4755,6184.9460,13379.1849,9850.3270,9472.6659,3989.1984,7481.6434,13043.8436,5673.2278,12186.6585,8260.8432,10094.3576,9139.5644,9978.3967,10705.7996,8025.0857,4412.5971,4351.6282,9040.8187,8763.0884,11811.7415,8681.7337,11625.1496,8828.1908,1446.9877,10066.3100,10276.8266,8181.6938,11613.2292,13303.2783,8046.7649,7383.4351,4503.1566,0.0000,9035.2404,8224.6845,6780.5813,11395.9475,9079.3956,13237.8303,6271.3878,11450.3138,12945.6648,5964.3246,2311.2515,10358.7193,3070.0061,10997.1762,11510.8660,7323.7625,10537.3583,11511.4538,10520.6121,7202.6762,13394.4835,12696.6482,13073.9662,9696.5987,6310.1738,13544.4693,385251.8565,405689.4935,398114.4609,388528.8515,387053.3920,396745.5724,389360.4167,391777.2664,336307540.9711,336251730.2494,336273832.6834,336284262.3483,6403.8372,13551.3850,9807.8260,7120.6313,6739.5937,10411.9990,10002.5497,10033.7903,13381.5037,10816.1070,2612.5201,11718.2461,7734.3521,13565.6041,11869.0255,12609.8630,9191.8971,6890.7001,3515.2177,5411.5579,7148.9946,12057.7935,3943.8766,9242.3420,5208.4189,13346.5335,3272.9986,11773.0754,13224.8890,11424.9669,13329.6416,10927.5053,12557.1662,5217.2543,11691.5360,13073.9698,11916.3683,12684.6893,12986.5782,7210.9729,8668.6609,10168.3710,12067.4712,10150.6638,10815.0743,9187.8813,13548.0698,9668.2454,11836.2257,9417.0858,12562.6450,10994.1576,7028.7650,4752.1344,13289.8113,12211.1983,9143.9776,13808.7791,13062.1722,6505.1201,13623.8844,13603.0246,11383.4357,13713.6476,9038.0350,9380.5244,9271.9507,11080.2898,0.0000,9878.8845,11525.6007,10054.1109,12385.2427,11221.5125,12849.5786,11349.5954,11751.0906,11856.8872,4271.2335,7492.0986,8397.1592,7613.0766,13676.7560,5856.2018,8534.5614,13562.8459,6633.9898,11469.4588,12599.7677,12540.0736,9166.0969,11809.6461,10127.5118,12069.7548,12469.5623,389465.9600,410280.6289,402530.1145,393046.5371,391438.1257,401181.2006,393851.8402,396199.9463,336303049.0579,336247238.6986,336269341.1919,336279770.4181,13231.4507,8582.8825,8666.9190,5860.3677,11998.8200,13246.8265,4839.4816,13426.1808,5664.5348,5858.1144,10086.4361,10507.1748,11530.4805,10947.8994,13721.2022,8831.8127,10868.3012,4364.1622,2828.3435,6567.1204,10472.8127,3695.3055,12389.7315,7979.2600,10712.4372,5887.6313,10227.4054,12801.9583,13730.4030,12740.7448,5975.0510,12871.8505,10086.0345,13593.6731,11373.0677,10408.7022,11519.0531,13676.0719,11771.7172,11530.5242,13112.2044,12605.0624,12585.9686,6389.6613,12904.3696,12797.6235,12983.5517,13713.6658,3789.5863,10018.5517,11321.6028,5526.9979,10101.2184,12219.2541,13619.5987,3721.8905,12308.1907,13108.7197,8255.7472,12028.7442,11729.2080,13524.3623,12214.2454,8649.0587,12916.7777,4789.3844,11187.1549,0.0000,13264.6193,7774.0676,12956.1066,8132.9306,6632.7744,12138.2918,12785.2264,13646.8509,8289.0311,4167.8383,7410.8044,12352.5838,10680.3355,11970.5455,5330.9107,12487.1835,12074.2889,10063.2177,13748.0076,11451.2996,12098.6737,6160.8463,8416.7290,4710.5909,10841.7466,10733.5305,385811.6026,406707.6661,398901.3308,389511.2028,387821.5897,397446.0539,390189.2211,392541.7378,336306287.0550,336250477.1397,336272579.3555,336283008.4317,11179.7053,10789.1850,11791.5492,9277.0014,7480.5706,11434.5634,2920.1832,10375.9243,13217.4435,9100.6159,11435.1057,3790.2371,8684.1121,4464.9655,9530.5122,10325.4618,13152.3178,13096.9199,12894.1107,6097.0697,13385.3345,9530.6666,11864.2304,5083.8045,12858.3768,6417.3119,1836.0515,5479.5885,4815.9848,10214.1451,3413.6431,12062.2191,6132.1460,4116.8161,6455.1864,7073.9471,2109.0796,10533.1375,8736.0178,6936.2049,7018.2532,7044.1758,10686.8744,8323.6765,946.7009,7635.4878,4747.8450,11860.4685,6237.4884,6777.9639,11835.1582,12150.9688,2879.8676,5493.4017,11597.2941,3215.9453,1880.8142,11122.3405,2771.6254,3306.8407,5261.8517,3291.8794,11732.6930,7962.5889,11142.9727,6753.1297,0.0000,7711.5212,8372.1735,7154.6260,8593.3780,9579.9453,6393.9514,5426.8118,6017.0347,9587.2610,13172.1561,11047.9643,9796.5839,9764.0476,3098.0155,13453.7179,8881.4309,2516.3328,11895.2682,5915.4818,4796.7379,7013.6787,12058.5200,9625.8802,11003.1463,5902.1533,8012.0964,390349.6813,410515.1225,403046.9371,393490.3804,392037.3011,401499.8905,394165.7599,396660.7334,336302237.8334,336246427.2939,336268529.3200,336278959.2488,13329.3583,12291.2035,5629.0521,10998.3368,6595.1502,9497.6192,8935.5177,11133.9470,3093.1327,5791.2434,10982.9846,3665.9615,9519.5383,13456.2260,12934.9073,10668.0211,10483.8744,3458.5075,12723.2924,10499.1770,7994.8111,12699.1412,10774.2200,11352.4343,12748.8378,12006.3696,11425.8349,7684.9907,7478.1942,12809.4950,8691.6950,9223.3409,11867.9742,12938.6093,5374.3028,11442.9733,9944.2632,13396.3128,12361.2820,6382.6506,13258.4997,5456.9536,11634.2619,11038.0042,10784.8312,10881.6016,7370.1900,11907.9646,13679.4024,12169.9000,9637.9912,12043.8637,9013.4991,9669.3131,9349.8540,12131.4869,13063.7123,10916.6403,10583.6427,12299.5604,9198.2237,1404.6564,11754.7734,10870.8509,13630.6713,0.0000,11284.4529,10918.9251,12786.5592,8109.6120,10164.3782,6159.9774,13249.7897,9354.8937,4886.1349,10969.5879,13031.2126,9415.0856,13327.4699,9837.2493,5077.1084,12059.5054,10254.2375,6535.9056,10385.8529,12746.1188,5674.0844,3053.3362,4533.0424,8964.8064,12969.8166,4519.1748,393350.2400,414145.2228,406377.9913,397010.0996,395320.6511,404833.9260,397607.9816,399994.0444,336298603.1614,336242793.3554,336264895.3845,336275324.5549,3444.5005,13065.8628,9533.9849,11289.1677,12154.4636,10062.9803,5062.3840,13727.1456,12018.9870,10464.4016,13851.6730,11954.9308,2924.8962,4412.3656,5455.5496,6284.4430,12058.8907,7169.3696,6012.4002,11640.9934,2149.4762,10355.4482,4389.9834,6776.9108,9580.9931,9825.3340,13103.5168,11023.4853,8312.3649,9596.0313,11815.6517,9154.6232,6826.2349,13616.1436,10424.9272,9401.9745,4386.5626,7881.5634,13273.5862,6209.3163,12182.2609,8474.8312,10687.4146,9377.0927,10417.7222,10574.0949,8554.7979,5194.0545,4004.0085,8742.6140,9415.8862,12155.2082,8567.6600,12105.7370,9484.6076,672.5158,10639.2038,10820.8418,8696.1794,12085.7508,13167.3820,8302.3150,7333.4957,5278.3471,0.0000,9292.7548,8528.2131,7209.7236,11608.4082,9244.3873,13514.1487,6943.0514,11770.9257,13038.9058,5343.0145,2091.6006,10376.2212,3260.3585,11504.6384,11142.3572,7496.5166,11076.0315,11302.0169,10874.9487,7886.7967,13630.9355,12538.0086,13160.6710,9674.9040,6987.3338,13728.5207,385248.9775,405729.5959,398135.3622,388556.9848,387069.5249,396775.9176,389393.1619,391800.9020,336307530.3269,336251719.6279,336273822.0838,336284251.7011,13502.8324,11626.7069,8914.8794,13011.1283,7686.4654,4381.8768,12950.1649,12299.0729,10462.6737,13412.6421,13184.7923,3715.3205,7287.8290,3661.3919,3375.0023,10759.4684,7460.0613,3816.8486,12762.5659,3752.0439,9924.2228,3706.9452,7055.3453,10678.7217,11869.3956,13399.5862,8840.6658,9968.2707,10447.8292,13178.7447,9423.4295,7162.1516,13338.8148,11933.4803,11033.2074,7478.0885,10405.4851,13713.7288,8986.5581,10187.6166,10819.5751,11453.4979,11429.5344,12209.5795,7974.8273,8119.7673,7088.6324,620.1955,9842.1088,10134.3281,13353.8620,5671.5514,12236.9044,10853.4276,3202.1837,10910.2252,10886.4655,10970.7081,12198.9367,12279.0050,10691.8093,4507.9713,6994.6752,0.0000,11481.8311,6968.6867,9884.8952,9949.7502,7121.7316,13525.1473,9300.5577,13163.2059,11516.7678,3122.3543,1724.0472,11916.7881,6444.2632,11588.0930,9640.3536,10015.3645,11332.6905,11636.7143,12615.0773,8594.7605,13658.3392,10772.8338,11694.1659,7071.0522,7595.3428,13096.9460,383801.4005,404437.5352,396763.5466,387254.0602,385691.6786,395370.3859,388032.9845,390419.8676,336308703.6431,336252893.2404,336274995.6046,336285425.0184,6776.1275,10948.2223,6918.4590,12295.0029,11933.5404,5570.4707,3513.8350,11016.1075,4438.8330,5689.5643,13611.9537,10957.7117,12182.1694,12801.9850,7238.4648,12767.3904,12374.4130,3185.2000,12520.9176,11479.2208,12110.9707,12838.7061,10459.2798,7467.9851,6014.4019,11215.1322,10895.8604,6630.9229,4594.7129,11681.9618,12983.4632,5396.4088,8589.2784,6420.7605,11313.0847,8907.5612,2991.8148,10626.5664,9878.3781,7828.2485,9628.6505,6623.4270,6952.6357,11541.1518,12634.2839,12612.3298,13615.3706,7621.6815,11175.0146,4736.2594,12900.5200,8771.1606,10151.4506,12910.6134,10453.2623,10436.0762,8896.6316,8643.2035,5213.4556,8019.4950,13457.6762,12704.5640,0.0000,7146.8866,12832.1993,9614.2676,11053.8281,12839.1595,5060.7486,10897.6154,4765.8975,8770.6962,12641.3609,13600.5912,5187.1129,11692.3483,9505.9928,8467.6019,8680.6114,9670.8659,4696.3941,5964.8127,12243.0804,4283.4060,8287.2523,8453.5753,12441.4525,12728.8100,6016.5818,396439.7919,416999.3220,409352.6535,399882.1417,398304.0410,407852.1877,400559.7012,402979.6519,336295849.1434,336240038.8932,336262141.0482,336272570.5365,13588.1606,6802.7050,13582.5157,10596.7465,10617.4056,7389.0781,10280.3247,9744.7203,4913.6009,10433.9111,6162.8663,11412.9388,12571.8093,11397.5700,10337.8739,11942.3856,4417.9071,9465.6196,11117.3185,10519.9990,10343.8061,7886.0008,2306.2371,8183.4153,13330.8431,7076.3058,6571.9991,3713.4100,9973.1749,10407.0031,9494.0524,5640.6584,3966.4379,5990.0568,2597.4157,7031.9668,4886.6317,13143.1777,1573.1341,8169.8992,358.3457,3066.5251,13725.2782,11297.4872,8476.4403,11978.1301,6474.4871,9028.5804,4613.8791,13606.9342,9352.3088,7101.3327,9595.4265,9563.6642,9935.6198,3357.5819,9308.1589,10614.5938,1606.9717,13263.7111,8741.6791,0.0000,453.3398,12475.4910,3439.6619,12933.5287,13263.4866,8719.2325,5828.7819,3659.5031,12503.0103,11823.3677,10901.0513,3341.9015,6887.3637,9602.0405,11723.1030,2794.2353,9243.7438,7379.7129,2413.7283,9577.1705,8541.3880,12524.3409,12370.5196,13678.1347,9954.3732,10445.7945,394121.7486,414420.2004,406909.5255,397306.4670,395866.1303,405495.4150,398110.5237,400559.9559,336298709.6583,336242898.8393,336265001.2054,336275431.0457,11355.2264,3024.5480,9859.6450,6995.5934,10797.3118,9176.1284,8206.1028,12281.9071,10451.7429,13130.3995,8578.1532,7089.2214,6665.4396,9830.3294,8089.1145,12433.0220,11223.4843,8207.2590,9785.6663,9776.2668,11399.4140,13474.3743,10080.3426,1894.3968,12217.1280,11874.3472,12654.8721,9722.3820,9972.6638,8480.8266,12452.2464,13074.0814,13159.3800,13715.0609,10650.9396,13451.4033,1865.9098,13783.0626,10832.7695,13397.4371,13065.2561,1245.3704,8541.2772,11850.6309,8495.3878,12242.6404,10663.4556,12315.4231,3970.6554,9472.0619,11925.0069,11097.3804,9746.6398,9247.4288,13501.0326,9369.9896,7435.9074,13727.4710,5583.8959,11641.3364,0.0000,13750.8686,6285.7236,13739.2564,4164.0237,4779.6835,9357.0266,13008.4035,12711.1555,4027.9442,8400.7342,10005.9216,13065.7202,12799.6874,9252.3859,6636.1450,13758.5608,9613.9696,10944.7877,13221.4869,10546.2561,9495.6344,4053.2557,4271.5908,2873.7648,10342.0614,7394.7363,386798.3776,407610.0580,399829.7706,390478.6593,388774.1192,398272.3748,391057.1881,393442.0591,336305097.2964,336249287.5865,336271389.5595,336281818.6931,11061.0395,13608.9834,7279.8121,9632.5111,5724.6242,6531.1745,2303.1325,11387.3591,11001.7683,13612.4298,13701.7064,11641.2357,8495.8174,13826.7894,7696.4660,12783.7938,6789.0808,13396.7483,8766.3171,4659.9372,5167.3593,2437.6253,10451.1201,5857.3847,11020.6495,4136.3654,6543.7952,8846.2067,4994.3473,3049.6438,9574.1905,9896.3232,7319.4841,4349.6393,8260.1346,10268.1608,8039.1097,3426.6754,6934.3578,4084.0377,11974.8407,8366.0323,9006.1872,13061.8253,11380.6069,5581.6392,3204.6876,12377.4053,3307.8078,4476.2050,12355.1220,4781.9680,5009.0470,5880.7722,3281.8262,9997.3148,7809.9095,12303.4838,9026.3505,0.0000,7165.6733,9911.3679,7840.3256,8974.4481,10726.1904,4043.9318,7201.3088,4066.9777,8796.6076,13761.7103,12511.7121,8494.4751,10855.9843,4039.4293,12514.6127,8891.3929,3966.3873,10341.9023,4686.1699,7393.9345,4549.8247,11029.1858,8712.2776,11651.9352,8374.5870,6228.8423,392914.2175,413151.2835,405648.7100,396118.9619,394635.0910,404091.4906,396775.1101,399259.8230,336299566.2033,336243755.7630,336265857.7714,336276287.6177,9946.4179,8637.4236,12424.8886,7476.6154,9687.8108,12274.9608,8554.6630,12586.4191,8627.5334,6917.1838,9117.1818,7530.9003,8210.3935,13405.6363,10539.8378,6294.0248,9653.9592,7470.4681,9938.4969,13112.4240,10282.2296,1764.4090,10715.3230,12958.6440,12942.8500,7734.6291,7652.0670,9377.8840,11626.7631,13697.0714,12184.9475,13161.0943,11521.0362,12438.7043,4049.3683,13675.5364,9640.0528,13438.8850,12757.3935,2835.1720,6111.2436,10007.1582,7197.0197,13093.9500,8925.8544,12555.9832,2603.6040,8746.5195,10596.9312,10020.9354,8266.9785,7784.7762,12775.9082,8685.7546,9776.1869,13520.7794,3556.8438,9732.5354,0.0000,13702.2883,3517.8602,13034.7145,3172.4040,1825.4333,10060.1385,11706.3674,12958.6821,5519.8057,8254.6460,8529.2791,13755.0326,11891.6761,8195.8802,8900.2936,13545.3369,8429.9906,12493.4492,13217.6009,8462.3185,10412.4640,6835.3595,5874.6758,1046.8259,8125.1352,8569.8654,384670.7874,405359.0699,397636.9344,388247.7959,386589.9219,396080.0074,388842.3441,391248.6241,336307325.2367,336251515.3876,336273617.3576,336284046.6378,12638.2279,9745.3498,12813.5082,12907.5928,13121.5058,7134.1717,6285.3947,1640.1171,3811.3633,8760.2228,10617.6020,2372.4435,10768.5554,3214.4310,12492.2267,734.9330,10273.3524,12552.3930,11664.9635,13793.1498,10472.7495,11746.6049,7229.8494,12495.9722,12059.3475,10400.3424,13398.1969,12828.1675,8573.2159,7748.4914,10117.1060,13087.2624,9491.0928,10923.0785,9640.9110,13113.6206,10304.6317,12128.1539,9036.6774,11273.6455,9532.3171,4737.6067,6554.8974,12428.9028,12933.1644,7959.8047,13659.4544,12474.6133,4405.9876,13003.0791,12999.9175,11233.3953,13585.2222,10630.9094,9714.9911,7673.2583,9584.4762,0.0000,10426.8285,10194.8369,9792.2087,11901.1411,10033.6815,13558.1419,10543.6186,12523.3771,12159.8287,2252.6870,5177.8735,9768.4569,6492.4410,13323.2701,7404.5394,8799.8318,13133.2715,8762.8010,12053.3671,11370.9186,13409.3446,10058.5430,12199.4775,9214.2258,10640.8321,13179.4696,387058.1031,407817.9098,400092.8590,390591.6926,389004.4632,398746.2948,391405.8738,393762.9808,336305503.2589,336249692.8423,336271795.3313,336282224.6212,7325.4613,8939.7858,1398.4246,7835.7838,13322.2608,13382.7743,12145.3370,11780.1701,6351.0447,11534.9293,12021.9492,8308.7727,13555.7624,8880.4583,12698.5219,11663.4705,10174.4652,10436.0405,5118.0499,7109.2774,11350.0448,10238.8822,8098.1910,10142.6046,11839.2574,2530.4919,9685.8155,10708.0526,13321.4294,11844.2253,4749.1999,12729.1593,5363.6579,11533.9555,8915.8920,10493.1847,9652.4588,8007.9090,10525.8460,12890.0309,12804.7240,11093.5123,10218.6179,7560.3560,10064.4828,6820.6688,10386.4551,13608.0805,8782.1787,8417.3033,11318.7144,6669.0876,4250.8631,11552.6967,11058.0355,12813.6192,0.0000,10967.2850,10039.4955,12312.6860,6773.7733,9573.2182,3545.4118,12286.6445,8204.4527,3663.3746,12343.1023,13414.8583,9873.0103,13546.3371,7467.2286,7773.7128,12134.6962,7991.4353,8270.4307,9391.4390,11314.8852,3305.7308,4956.0277,3285.9032,9018.6172,11784.0882,1469.1856,393209.5255,413855.3287,406153.0809,396767.3647,395114.3714,404565.4789,397337.4092,399756.8176,336298766.6750,336242956.8232,336265058.7477,336275488.0810,12749.9906,6707.8599,8314.1841,13195.5209,9843.6267,10177.4728,11154.7470,5515.6983,13551.8516,10397.6443,3455.4189,10940.3877,12993.0549,10096.5812,13508.1416,12197.3526,8848.6811,8948.2662,11521.9349,12225.3078,3847.6769,6928.5830,13089.1092,13664.0431,8034.0296,10623.1157,5032.8215,10889.5789,9360.2679,6288.7832,10876.5705,10212.0644,7809.1444,11715.2127,7101.2716,8741.0816,11093.4711,13608.9733,12988.6626,12467.9879,5047.7238,12778.6981,7410.7849,12346.7829,11157.1361,11875.9028,11701.2596,12360.2751,12331.7438,9991.5430,11027.3774,4680.7888,8128.2382,12958.1827,13104.4482,0.0000,7595.5700,13323.2697,9912.9926,12056.5340,13119.8021,7981.2493,11667.1546,7079.2742,9822.1882,10766.7183,12624.4708,4571.6568,10861.1131,11660.2537,6326.7739,8272.3935,11755.5196,1314.3642,7712.3663,13337.7176,7271.5914,7805.2532,9533.5027,12273.7139,13521.4275,8210.3051,395811.1828,416512.4448,408806.0389,399342.3811,397737.0609,407363.9159,400064.3929,402449.5154,336296514.6667,336240704.4127,336262806.7071,336273236.0450,9108.6601,7609.2888,8463.4516,11493.1986,12298.7816,11631.4589,12555.5016,4195.6509,12346.8660,11755.6995,11732.5293,1364.1037,12378.4167,4578.2545,3367.8925,8655.8912,6280.4734,7580.8540,5035.3658,13399.2491,9113.0496,1778.0867,4655.3622,7520.7046,5705.7426,12544.3490,9969.8587,9486.3153,8871.5497,8903.9497,8654.3499,10828.3570,2851.3944,10340.1924,8060.0825,9558.4042,3179.0231,6771.1127,10318.7354,13469.7692,2292.2864,8452.2681,9060.4790,3204.8443,4284.1720,10792.7126,1052.1285,801.9311,8155.3225,3284.5045,11813.9206,10485.8831,8602.2091,6544.0652,0.0000,10464.1832,5203.1205,9470.4690,5697.9028,6455.4279,7390.9974,7216.6302,9040.4549,7923.2561,12124.5366,9993.3718,12072.0315,10612.3785,2108.2611,12934.6388,11090.5477,1821.9512,13130.7511,9088.2085,3542.3361,8132.4920,10955.7951,8116.4736,8265.0708,4434.2984,7856.1154,387300.1793,407562.9778,400042.3545,390536.1160,389030.8373,398464.5238,391164.2800,393647.6803,336305085.3950,336249275.0872,336271377.0252,336281806.8130,6831.8327,13576.6541,13078.7430,12583.3067,12431.3502,6850.8838,11766.1464,12539.6769,7314.6489,13666.2029,9254.2808,12977.5635,11908.1445,9917.2515,9585.8436,4390.5975,8257.8599,11036.6863,9779.8122,6991.2289,10282.2293,12074.0716,1982.3715,9042.3985,9995.8458,13008.6343,11170.8136,3470.2017,12274.3350,6650.6973,10779.1864,8639.8995,9638.0054,8767.8608,9150.6470,10932.5052,12840.9083,13325.7387,10672.3195,10159.0220,6455.7395,11025.2939,6684.7941,10016.0117,13748.9670,8791.3978,8512.4934,10630.2075,6534.4386,4486.7307,10813.7845,11886.4548,12800.6457,0.0000,10121.4126,10754.1460,11716.7594,7779.1596,10472.3175,2689.3528,11890.0813,7107.3525,4963.6667,12835.5437,13744.4256,9007.6425,13338.0544,7460.0840,8317.2500,11488.9201,7930.4078,7768.5916,8397.9509,11391.3117,2184.4772,6025.3643,4608.9722,10067.9256,11941.1960,1811.7314,394253.7039,414852.2459,407174.3774,397767.9649,396137.3978,405595.3012,398353.9430,400780.2457,336297788.1038,336241978.1616,336264080.1119,336274509.5098,11732.3041,10000.1686,13381.7458,13828.5177,11348.1789,9636.1445,13687.9839,5824.4135,12317.8745,8631.6336,12984.4025,9833.0484,5907.9292,3608.3656,3769.5601,11657.5866,6439.1063,9535.1582,1913.7367,8102.4050,9912.1435,5840.5248,3359.8831,7785.1590,9174.2339,6025.8919,3777.2847,7542.2316,11279.2070,6334.6325,5179.7206,5061.0307,2506.5721,12816.3388,9848.5531,9359.6611,13328.6758,9907.2714,7057.2660,1100.9298,13237.4059,5491.7696,5394.2394,12100.2885,6691.8316,6975.2503,4893.7749,5446.7382,9702.5775,6180.3151,13161.1956,9467.9018,0.0000,5323.7343,11270.9237,6728.3983,10540.9646,12033.7580,4797.1046,7009.8478,1821.4078,9940.4337,13645.2049,12644.9279,6562.7627,10163.3636,6143.5617,12205.9872,7360.3878,5992.1292,8987.5790,2601.8450,8572.8464,4902.4663,11381.3685,9794.9954,12713.6910,9417.5462,7124.6525,394355.7635,414607.8341,407104.3302,397553.8740,396082.5954,405585.0440,398249.9513,400725.7568,336298211.7447,336242401.1938,336264503.3012,336274933.1518,6600.5116,6923.8904,6844.9862,12737.7268,4681.7818,7231.4381,12700.5442,4882.5352,8218.8073,6426.9662,4250.0773,8067.7076,10088.7293,12347.5728,9744.2378,7067.0179,11464.3554,12060.2297,7003.3447,4280.2067,13002.9086,9680.5341,11106.5242,5619.8814,8600.5897,13202.8348,6663.9837,11313.9367,9701.3416,9227.2965,10341.4782,10460.3797,9805.0149,6084.9028,3681.9494,3919.7571,10810.1582,7539.6020,12158.8954,7475.5344,10684.6432,8221.0992,3419.2059,8822.9524,8973.4917,8800.7708,10689.0479,13599.2854,9421.8151,5923.2556,3556.4100,0.0000,10274.1338,6279.3786,7940.4922,9966.3532,7328.5350,12946.2657,6488.7522,11996.9520,12105.9417,6578.8300,2255.3525,11759.9893,5151.8364,9892.1402,12002.6308,8962.5702,9446.7043,12717.8590,11209.3545,5695.4127,13242.5848,12475.6827,12300.4961,8369.5387,4596.7836,13078.9981,383814.9757,404228.5226,396658.3282,387092.1393,385606.0365,395247.1667,387880.6045,390309.1326,336308858.7499,336253048.1373,336275150.4632,336285580.1354,7448.8529,9013.3973,11854.1755,9259.1870,8164.6680,8693.2606,4063.6272,11831.9266,6025.0180,9006.9039,9609.1707,7162.3599,12214.2442,13030.4763,8102.7733,6919.6418,9310.4490,10433.4313,9053.7508,13000.3380,9149.3959,5853.0972,2326.1491,4826.7211,11616.0666,4152.7798,13545.9347,4752.9359,10602.9934,5986.7583,8047.3124,12699.4548,10725.7302,6481.3209,7834.6730,5908.4023,10095.7233,9964.3069,11514.1593,12152.5208,9108.1294,4378.5254,11260.4747,11572.2007,6374.7514,12119.6545,12469.3183,4698.5376,10693.1979,6770.7117,0.0000,5810.2385,11274.7178,4297.5117,13367.3070,12027.9206,12626.0431,5969.2638,9268.6786,13888.3967,7777.6164,6343.1950,6964.2597,1646.9820,11875.8489,11258.6929,3559.5948,11417.6308,9074.4945,8142.6073,9289.2597,12558.0070,13114.8314,13885.9986,12313.1260,8885.4939,13443.8134,389343.1074,409757.0796,402200.1429,392584.7491,391135.2692,400865.7517,393458.1044,395872.9494,336303614.2335,336247803.3481,336269905.8858,336280335.6044,2186.9828,8325.2003,10176.7595,768.6086,11421.5736,4084.1655,11817.3621,1616.1160,9833.1446,12464.2118,12265.9683,13615.4221,9232.6997,11858.2645,8188.0058,12933.1428,11621.5984,9974.1979,13049.0028,13023.7128,9620.4430,8585.9149,10916.9575,13141.9134,10189.4408,9809.8700,10603.5179,12935.4636,11131.4289,12608.1770,7658.1151,10590.0540,9627.3101,3824.7292,7691.8373,12166.7992,13250.4950,6491.3993,13280.1407,12511.6576,4858.9933,12604.5903,12528.0495,11819.7022,13204.2977,10321.0038,10640.5069,6320.1331,9613.8024,0.0000,11288.4931,9167.8376,10598.5912,10830.0101,8811.6960,13326.4903,10963.8163,12962.9078,11243.0806,756.3601,4920.7760,10659.2107,7407.0677,12893.5209,6906.8576,9850.8184,12759.5731,9321.9877,12614.4128,11071.8765,13230.3291,9199.5155,11319.6581,7822.6895,10302.0365,12686.1056,386154.6538,406948.5605,399203.1393,389728.7926,388116.5103,397830.7997,390510.3099,392866.0809,336306285.9523,336250475.6604,336272578.0818,336283007.3182,8394.2693,9612.8391,1587.1038,12518.2840,5562.3329,10934.5041,3618.3011,9280.0329,12361.2004,13114.5561,13514.0111,7704.7905,12015.5935,9777.8658,13640.8486,11048.8179,9433.3153,12792.2734,13318.5206,11170.5054,9732.6023,12004.8280,13423.6328,11131.7878,8567.1065,11933.2471,12729.7426,12314.3811,13310.5156,6019.0831,9685.2083,9800.3143,3160.4417,9445.0245,11826.8554,13797.3503,4550.3756,12842.6198,12576.0315,5827.2515,12098.9688,11929.6764,12622.6135,12769.6239,10395.4629,11915.8478,4520.2005,9700.7459,0.0000,12497.0286,7810.2124,11684.7996,9483.0885,7188.5104,13205.6410,11535.2831,13668.3208,10248.0187,1638.0549,5025.8523,12015.3828,8683.5437,12372.8758,7033.1575,11280.5498,12305.9061,10486.3830,13447.0560,10683.9841,13203.6923,8520.7554,10388.4522,6018.6136,9873.6686,12261.4490,384842.7318,405659.4388,397897.3618,388453.1284,386815.1454,396488.8837,389192.0512,391550.2208,336307457.2631,336251647.1159,336273749.4432,336284178.6348,13227.0297,8119.1466,8483.5396,10978.3093,12212.5879,9134.2212,13135.8770,13345.4037,12311.4766,10300.5986,8068.4170,13718.3381,7236.9846,10711.3632,13028.2524,13328.8799,8384.2976,12918.9310,9308.1838,12818.8015,12565.4103,8802.0663,13243.3755,6463.6972,11592.3813,12758.1316,11108.2925,12066.8844,6898.6362,12696.9808,13723.1373,10679.7855,8053.6482,13324.5360,10790.2770,8893.0940,11591.0155,13410.5354,11646.3879,12601.3474,12320.0151,12970.1397,11448.9469,2721.9552,11777.0539,10109.4749,13698.0436,0.0000,11569.4191,11307.8308,12851.9378,9480.5114,10403.5529,9020.8454,13646.4170,10837.5275,7016.9942,8724.0112,11759.2130,9326.0192,12390.2655,11854.3877,1748.2369,11705.0342,12131.8908,5569.4727,11513.9467,13527.9622,8544.2777,3215.9067,6798.9304,8749.9361,13457.7159,7638.6380,392252.4194,413163.2531,405348.9138,395978.2154,394272.6283,403866.3217,396627.1205,398982.2346,336299772.4790,336243962.6302,336266064.8043,336276493.8583,10321.0251,12620.8473,8881.5298,4099.6355,10023.1079,442.2350,4507.6141,9075.7214,9513.7939,8438.7537,4479.7676,13013.6499,10667.1532,2551.6127,462.7114,10600.5215,7093.9583,12218.3314,7582.6524,8715.1209,11359.3361,7180.0606,10083.4118,10268.7466,5514.4952,10355.0659,8995.1032,9671.3438,2052.8142,3507.3198,7388.4447,12710.6721,3423.5581,10377.4878,7974.7664,7016.8825,5104.5950,7627.0972,4681.3321,4849.2855,7910.0210,7067.1807,13266.7816,9889.5975,6761.6103,3150.6674,0.0000,10344.3087,4246.7869,8312.1190,7513.5310,5970.5091,10478.4115,5712.6397,10579.9308,10201.1535,9877.4195,6601.6022,12262.6818,7964.4848,6026.6135,13059.0860,10056.5883,5534.6347,13525.0860,10074.7224,1502.1671,11033.6558,12124.9335,10432.9621,7940.3829,679.1707,10820.2872,384733.7239,405010.6618,397492.7384,387944.1242,386466.9361,395988.2868,388649.3936,391117.7486,336307818.8054,336252008.3071,336274110.4141,336284540.2110,11796.6107,4784.1685,11790.3318,2380.3689,9983.3934,12715.0600,12741.5629,13717.0004,8819.6211,12210.1532,8634.7891,13289.6479,11732.1431,10131.1026,13032.8525,13361.0474,10163.4963,9225.1709,11490.4158,13298.4822,10766.5750,9405.3423,11196.3952,13123.7540,11661.5154,13030.2105,7120.6133,10597.1320,10018.3721,3858.8386,8221.1410,12350.3996,13562.0017,5997.2380,13341.6263,12813.1297,5444.9511,12700.5452,12585.1420,12320.0538,13263.1480,10203.3245,11229.8653,5961.3313,9979.1457,0.0000,11838.3579,8989.3866,11188.6591,10534.5001,8496.5081,13373.3283,11444.8837,13323.5204,10945.1315,764.0006,5250.5784,11145.3392,8079.5449,12949.1577,6658.2377,10486.2482,12851.2895,9587.8654,13044.1530,11267.2987,13285.8142,8839.1716,11033.2552,7356.3154,10494.4313,12590.3260,385861.2276,406685.1677,398923.8352,389465.0921,387836.7263,397541.6620,390231.8890,392584.1477,336306520.7682,336250710.5440,336272812.9395,336283242.1349,10958.0493,12340.3013,10949.3411,12628.3600,10400.4163,5929.0192,7767.7769,12673.7919,10245.3770,4632.2774,4067.5169,11972.8272,12749.3485,7921.6130,8249.4461,3507.1422,9309.7805,6801.5268,5171.5599,8766.4505,11737.3506,5228.7487,10047.8663,4199.9046,5885.9234,12754.3203,12993.5783,11594.6370,13014.6431,5392.0228,11308.0795,4852.7356,13530.1170,10041.7578,9866.7497,11482.1349,11135.5429,11276.6521,7334.2681,9939.6309,7296.9495,5540.0039,13763.3490,11773.6898,0.0000,4697.2874,13434.6769,7528.7611,12645.2680,13681.5120,7391.4917,9554.3708,4203.5462,10992.5841,11961.5345,12619.5936,2092.3479,9704.0483,10587.2860,9209.2289,6072.9492,10531.1441,3908.3162,4649.6301,12075.6549,6804.2580,10143.2236,10739.0992,13423.9508,12440.5295,8646.1726,396313.8771,416817.3730,409206.3731,399679.3386,398151.1768,407768.0452,400431.5466,402850.3230,336296217.8921,336240407.3803,336262509.6911,336272939.2763,11600.9569,2652.6608,8509.6436,10901.0841,10230.8261,13513.6364,11313.5953,9716.4652,8177.8841,11873.4265,10625.8727,8588.9201,13736.4975,11336.1117,8446.9748,5106.8457,8270.6073,13206.3438,7096.3554,12155.2996,8312.6024,11822.0593,9242.8344,10856.6480,10469.8482,10049.0049,7029.7800,4352.4595,7259.1344,10848.4097,12326.8197,8810.8817,12974.0011,10740.5919,1520.7407,11859.1032,11996.0553,9390.6930,12931.1584,12339.0652,8262.8049,7914.4756,7140.8641,0.0000,9215.4620,9672.0207,7724.1280,12217.9659,10071.0091,13686.1251,8206.3937,11856.1559,13115.8750,4212.6681,3327.5832,9626.9683,3720.0096,12507.0549,9910.9327,7281.8902,12151.8323,10058.5575,11047.9463,9547.2431,13669.4108,11931.4268,13191.2329,10008.8389,8744.8226,13778.5209,386318.0515,406897.0814,399259.3055,389697.5810,388182.7227,397921.0299,390544.1657,392931.1213,336306438.7654,336250628.1121,336272730.6221,336283160.1325,12050.3114,4431.6874,4570.7392,9664.5591,6996.4157,6511.7273,6027.3332,13636.7560,10027.2386,2281.9717,4536.6930,7799.6220,6918.6910,13046.7183,10430.8600,10323.1224,9487.1480,9616.7347,7818.0627,11574.3578,4158.4689,11141.4090,9109.1900,8554.1652,2498.3538,7117.1425,9707.6372,13709.0815,3351.7649,9390.5719,7995.2873,4024.0824,5475.3338,10651.1666,2384.0344,1939.1012,9144.6765,4071.2356,11666.5986,11253.0328,7586.6076,6843.2185,0.0000,11288.2474,4044.8737,10259.3852,4631.4107,5225.7825,7863.3839,8037.1662,9969.8943,7319.1319,11583.0220,9621.5982,12669.1674,10906.3634,2989.7502,12509.2885,11748.8966,2953.8546,13332.2389,10061.6937,3940.3039,8582.6245,10391.5204,7567.6773,7127.1654,4524.6657,7891.3305,386394.3433,406716.5344,399166.4043,389681.5726,388151.2359,397583.6657,390296.3805,392770.3915,336305909.6141,336250099.3977,336272201.3194,336282631.0312,9667.6485,12111.4739,11470.1071,13659.3636,10277.7808,11273.4824,7619.2461,12445.6208,11555.9595,9789.3913,13361.9084,12511.6475,8758.2400,7331.9965,9875.6647,13109.0337,9098.4989,10873.3948,9551.7372,12734.1587,10243.1543,11938.9524,8943.9765,10732.4705,8925.4079,4101.2483,6916.9143,11949.4751,12856.4744,7658.7620,13368.3393,12052.2740,3736.9584,12590.5130,12598.5245,10940.5428,13300.6283,10923.2840,9589.6359,7226.6891,8969.2482,0.0000,10343.3575,9703.4499,9502.6490,11635.1693,9623.5276,13505.2533,10087.4976,12463.6222,12105.9140,2035.6685,4447.6846,9924.9012,6061.5679,12982.8388,7825.5173,8684.9211,12768.4859,9159.4716,11946.6231,10811.5038,13402.1218,10240.7725,12165.6151,8943.5140,10042.3795,13164.7436,386578.5744,407307.1580,399596.2739,390088.0001,388510.7417,398245.7625,390901.8682,393265.1163,336305994.7942,336250184.3551,336272286.8330,336282716.1584,4828.4935,9162.7638,9770.5179,8434.2070,4668.4870,12865.8952,10798.5037,2963.4224,201.3415,10801.2141,7328.5561,12116.7410,7368.4945,8686.5461,11524.2987,7088.1254,10103.2815,10211.5898,5860.6527,10349.8234,9126.6845,9563.9227,2287.1647,3319.7295,6990.4407,12532.9851,3805.6455,10545.0702,7773.4627,7348.9577,5377.2287,7236.6995,5063.1736,5221.0627,7971.8572,7393.4454,13261.4836,9838.8028,6502.6077,2952.6650,0.0000,10334.8288,4207.5149,8253.5010,7632.2143,5905.7446,10693.4520,5716.5005,10713.6504,10305.7353,9522.9933,6177.0096,12217.8442,7686.8298,6374.4622,12912.0914,9948.9092,5891.4388,13440.0059,10180.1359,1852.4582,11224.9902,12090.1043,10538.1134,7826.1552,798.0485,10996.6618,384565.8416,404857.2569,397333.4968,387784.1780,386305.1669,395837.0002,388496.1692,390960.6700,336307991.5174,336252181.0130,336274283.1384,336284712.9212,5960.3251,6415.8552,10091.6986,1998.7999,12328.5396,7338.6456,2883.0291,4835.2839,8409.6108,2956.8224,10840.0537,7798.2863,6751.1399,8480.8219,6240.8374,10931.4825,8411.0625,1704.2464,8024.2992,5537.1735,11654.6078,5033.1840,5164.8419,10730.1534,12248.6396,1459.9634,6875.3328,10940.5401,4342.0088,964.6519,9986.1361,2643.2953,3279.8430,5190.6865,4426.2375,12530.0987,8000.5889,10230.1783,5107.1432,0.0000,8022.9900,7451.6014,6736.6983,8587.0073,8878.4182,7861.2305,4372.9162,7217.2788,10159.0262,12411.0874,9786.4190,10354.2638,8795.0499,3767.2603,13680.8327,8728.1624,3032.3455,12484.6171,6807.5392,3100.8615,8463.3718,12499.7122,10256.3327,10518.0525,4224.3896,9173.7845,388736.7118,408891.5075,401430.2710,391859.3658,390418.2737,399901.5515,392555.4231,395048.9656,336303908.3026,336248097.7057,336270199.7711,336280629.7156,7038.9305,12906.9333,5283.3018,8531.0615,3345.1992,8379.9912,9204.8792,8871.8429,3481.9894,6150.0037,6219.2948,2582.5854,6746.0243,4457.2367,12920.0966,3356.9386,6264.7256,2587.7148,1136.5264,13694.9674,10009.8440,7505.9090,12160.9235,8467.1289,7250.0468,3832.6810,13465.2228,7766.6789,5104.7221,10021.4721,7835.0902,8285.6846,1766.9770,7751.1552,11319.7118,3051.0682,13013.9444,7741.5765,0.0000,2509.5890,11601.3010,3355.8831,12120.8619,12594.6656,7990.5116,4569.7810,3202.6540,12088.9171,12558.6689,11003.1900,5414.7212,7390.8618,7978.4734,12733.5644,4298.7294,7544.8306,9036.2157,1733.8608,8073.0610,8030.0493,12879.3520,11996.1648,13367.4653,8660.1408,9950.8108,393313.8843,413520.5301,406048.3001,396440.0687,395018.0314,404599.3244,397217.8446,399689.0323,336299513.5585,336243702.7430,336265805.0214,336276234.9551,9329.5222,7806.4013,11058.6640,5066.2855,7504.4798,9887.2089,2664.9868,5376.3774,10156.8781,11416.4751,9085.7028,3150.5118,10068.9389,8721.1515,9425.1760,4928.4347,8231.8020,5982.8665,10887.0845,8921.2726,10538.9641,13370.9125,11632.0007,6938.5884,4093.0551,11838.0657,3253.8045,6472.0935,13211.4509,5586.4544,5518.2046,7913.3932,3144.7445,8375.3619,9285.3757,12113.3646,10510.2175,0.0000,8578.6922,9880.9437,9625.5056,7904.6918,10318.9065,1742.0650,9154.8399,5081.9642,6968.3299,13773.4055,13206.6883,9023.9465,12165.2013,4274.8465,11399.7870,10263.7717,4604.4269,9842.9613,6174.9976,8669.5520,2447.3482,9384.3856,6823.7875,10900.4237,9551.0980,3962.1445,393362.8358,413709.7822,406150.9077,396672.0409,395133.8447,404565.9830,397284.0212,399754.6471,336298922.6810,336243112.4566,336265214.3954,336275644.0964,11052.3237,12548.2466,12294.1500,8180.7630,8623.9947,8079.9465,11457.3649,13366.2672,12725.1329,13237.0829,10437.5308,12823.2872,2342.1557,13585.9619,9519.7874,13182.3777,12444.7848,2475.2604,6942.1535,10841.6197,8405.2343,12848.2924,9219.6531,11854.7223,3866.2214,8193.0932,10716.7290,10943.3999,8249.0502,7715.5109,12806.2800,8109.7082,8446.2441,13465.9016,5095.6857,10596.4905,0.0000,13500.4011,4755.9448,13229.1484,2415.4953,3331.4756,8881.5956,12116.0462,12328.1473,3828.0274,8982.6514,9692.9352,13272.5941,12511.3217,7843.1091,8139.4104,13592.8743,8203.1463,11735.7005,12783.9163,9135.5987,9188.7148,5456.3126,4184.2519,2302.1979,8995.2945,7124.0392,386170.4924,406882.7439,399147.3324,389776.2987,388101.7471,397573.2922,390349.5963,392754.6406,336305766.8847,336249957.1091,336272059.0419,336282488.2876,11752.7593,7495.0669,3982.8438,4638.8370,9744.8096,3289.5930,10075.9554,6097.7867,5400.0512,9339.1683,4474.8938,11968.2058,7298.8625,3599.7583,7220.6231,5249.8416,12300.5526,5730.6141,3711.4247,10122.1730,11488.4338,2848.8424,7301.2526,11273.5266,6178.9301,1553.0491,8769.5028,4500.7445,5093.1077,4014.8037,6242.6373,13148.0552,6845.4242,10357.6061,3773.2061,0.0000,7108.1970,8077.5602,5199.2513,9871.0111,9572.2888,9155.8001,2473.7623,7360.4345,11433.2583,11829.0471,8841.1551,9800.5925,7205.5155,5643.9920,13868.8906,7434.4458,4927.3008,12329.1848,6550.2440,3190.3382,9634.3775,13253.6380,11522.0519,11140.4124,3960.2586,10516.0565,388485.7861,408623.5542,401176.3514,391573.7374,390158.3700,399689.4342,392317.2923,394806.4748,336304297.1434,336248486.4000,336270588.5670,336281018.5498,8053.5999,13220.3158,12999.0956,10710.2585,10948.0417,2862.0818,8549.6919,7946.9971,8901.0158,9144.7681,11833.3835,6175.8000,12378.0519,6216.7752,8904.4486,11779.6663,13571.4274,11623.2647,10775.0957,1244.0497,12916.0616,8811.2523,12203.3887,12584.3998,11894.4192,9208.2356,13067.9533,13154.6667,9206.6343,12479.5938,7641.2427,6558.7149,12414.5122,11804.3992,0.0000,6542.1477,13349.0885,8271.5652,13308.6328,13345.4144,10544.7226,10491.1853,8146.7916,11945.1735,8872.8540,10604.4679,3799.6238,8227.4157,12817.9977,7096.4417,6108.1297,12712.5737,2675.4770,8028.4151,12954.1253,10019.4509,9746.5931,11755.7764,12618.2619,12878.9091,10943.8178,394137.2365,414813.1548,407128.3878,397612.3803,396049.3032,405758.8730,398415.5730,400791.9980,336298445.2160,336242634.7180,336264737.1859,336275166.5830,9458.1947,10886.9211,6525.4318,4735.4326,6192.0076,8884.2250,5553.9366,3742.9718,7474.1841,11732.9391,5228.9296,6828.7069,3806.6288,2632.1922,13122.2379,11021.6505,9953.9804,13379.7409,8479.2134,8481.6961,1056.1509,13623.0146,7133.3742,6738.3970,11881.0337,8268.8327,8530.9365,4992.3471,7068.5450,9130.2574,5207.5307,13607.4095,10110.0382,0.0000,4164.3540,12197.7338,6369.4992,11509.3405,12838.5913,5569.4835,7471.7001,175.9271,10544.3890,13292.7191,12697.2500,4832.1005,9776.2188,7754.2526,11544.4079,6359.9446,7611.2868,7557.4278,1687.9754,9732.9642,5374.8008,11277.3810,10354.9803,13248.4542,10425.6349,7713.7492,395338.6058,415644.7511,408120.3172,398566.0979,397088.9238,406631.4660,399288.6797,401750.0866,336297254.5523,336241443.9647,336263546.1503,336273975.9521,3007.4870,8834.1456,5670.0308,12267.4972,8749.4424,8765.7876,9797.5502,7795.1466,9502.8683,10294.1148,3337.1700,10033.9278,7998.0878,9888.3037,2251.9996,5149.2685,9326.9833,13126.3763,1458.5790,8954.7723,8882.1336,4687.5273,3774.6997,9552.2174,2194.5244,2408.4619,7541.8751,4762.7638,12563.5675,9915.3878,8093.3769,4895.7276,0.0000,10084.4407,4869.4300,8596.2224,6644.0066,6430.3621,8642.9857,6049.8529,9369.2513,9090.7182,11411.5173,8742.0802,11979.0967,9383.1046,3649.6840,13198.6808,10391.2447,3133.7167,13308.1393,9124.1758,1787.2809,9309.9070,11680.6820,9294.8149,8388.3812,2706.0677,9189.9422,386384.0331,406622.4785,399117.5570,389584.1980,388102.3062,397570.6707,390248.8694,392731.1491,336306105.0297,336250294.6041,336272396.6149,336282826.4434,10952.6182,7357.5167,12219.7674,7380.3803,8713.5657,11655.8953,7084.3698,10299.0062,10267.8623,5906.6466,10418.1255,9178.0267,9758.0227,2393.9520,3258.1027,7104.0673,12655.4730,3817.8377,10635.2667,7949.0969,7446.9409,5378.3816,7299.2741,5128.6857,5302.8431,7987.8726,7494.7042,13449.1007,9889.5103,6659.8403,2886.7329,0.0000,10393.8835,4365.5539,8269.6894,7805.4241,6073.6887,10832.2916,5689.3603,10799.5040,10492.5083,9662.0665,6249.3688,12322.4688,7715.5171,6467.7131,13103.0095,10000.6466,5971.9555,13593.4573,10246.9777,1814.0983,11368.1397,12290.4016,10725.0107,8009.1188,705.4111,11161.7827,384485.9970,404766.7588,397248.1416,387695.2181,386220.5255,395752.3593,388409.3205,390875.5077,336308085.5067,336252274.9883,336274377.1153,336284806.9108,7699.9611,10494.4694,12578.2825,10637.9525,3265.2687,11603.4384,6905.0228,10611.0577,6985.9133,9449.4210,7935.5842,9435.3753,9709.2961,11892.3410,13242.2034,11462.0860,8640.5414,5762.5002,10981.2840,4844.0808,8577.5528,13609.1069,7133.9125,6859.8763,9794.6710,4698.2733,6273.9667,10559.5457,11640.4250,11832.3633,0.0000,9881.0405,9913.6713,11158.1664,7049.5143,9880.6861,1140.1081,10919.5354,6602.0535,4992.6561,13226.1569,13488.3754,9453.7010,13065.7443,5707.2220,9678.7648,11356.0538,6215.9573,9025.1234,7840.0108,10080.2766,1410.9093,7205.0608,4742.8104,9924.5315,10766.4375,1414.2754,393483.7254,413981.1223,406348.9384,396922.2469,395322.3944,404754.0570,397503.8877,399950.2809,336298618.4764,336242808.4649,336264910.3759,336275339.8886,9060.1493,7629.8950,5163.2350,6705.2240,5718.5055,11758.9158,6547.9583,2997.0850,5845.7291,2817.2573,12804.7651,7682.0132,6710.0319,12081.5015,10977.9540,4355.7838,4352.0329,12519.6792,4936.4502,2215.3151,10738.8700,4755.0270,5282.1677,3398.8067,4971.6983,11759.5581,6178.8435,12024.2576,6804.7133,0.0000,5862.9557,9717.1138,5511.3300,10125.9239,10898.6567,6849.7830,4434.8629,4588.5254,10717.7941,13141.4877,11073.1757,8290.5512,8802.3905,5021.6587,13448.1586,7217.5394,4497.5422,11013.6883,4120.9095,5807.3251,7264.7685,12605.3238,10700.4293,12120.1398,6752.0150,8782.2779,391567.3934,411716.9175,404262.0964,394677.3345,393247.2892,402750.6874,395393.9873,397885.6402,336301140.1511,336245329.4735,336267431.5921,336277861.5607,7074.7180,5569.6928,8162.1314,7196.8182,12863.4621,3562.8734,11022.5856,3626.7971,6696.3248,13062.3919,13029.0431,10415.8727,11417.0236,2786.4090,11681.1444,7116.8224,13204.8101,11661.9372,10234.6278,9186.8149,12039.7830,12256.7918,6916.1496,11579.1386,9117.9759,4006.7738,13135.7960,10656.7480,0.0000,3889.9778,13411.2131,6031.4381,13657.0592,13767.6439,10038.4627,8630.8936,6248.9615,12642.4357,10217.1258,10747.3741,1602.7991,7196.9473,11916.1051,9386.1642,3761.2411,11695.5250,4440.4057,5775.7155,11877.7481,9602.0247,11324.9239,12465.9342,13522.7755,11955.9568,11073.5957,394605.1351,415114.9874,407509.4638,397944.1387,396443.0406,406137.0550,398766.0976,401171.8238,336298133.5957,336242322.9006,336264425.3675,336274854.9686,3864.3724,11366.8424,2200.5848,13477.6336,4836.2239,9010.6946,5929.3241,7077.6923,12804.0437,9254.9318,4471.6244,7963.0186,7716.2682,8304.2152,9386.9797,11427.2391,10912.6754,7282.9387,4682.7047,9706.9089,10097.2815,4966.7832,10905.8727,13149.8739,4555.6715,10406.5056,4809.6066,0.0000,5670.7698,10299.0521,3066.5542,12687.6637,11348.2930,12121.0268,3851.2801,8804.2346,13650.1925,8754.9881,6181.3471,7789.9259,1463.7950,10530.9329,12380.5533,3887.4768,9980.9515,10346.5966,7553.9090,7442.5603,12202.9893,13592.1026,13685.3784,12074.5200,7108.0430,13129.7195,388584.5314,408887.9860,401379.4114,391748.6636,390327.6674,400016.2933,392605.0155,395043.9673,336304393.5682,336248582.6439,336270685.1102,336281114.9479,8730.2392,2369.3643,13505.6431,2140.0193,7555.3635,2716.1610,3640.8610,13701.4018,10037.6451,6308.3866,10793.0607,7513.1078,7825.2711,6169.9278,13038.0864,9354.3609,5932.2110,8088.9040,8854.9604,9314.2526,1878.6661,9342.2105,12116.5468,1651.0426,12366.2423,6621.7855,0.0000,2341.8893,11483.0657,892.3369,12772.9524,12522.0620,9913.0519,3565.7757,5449.4100,13076.5730,11210.7446,9371.6537,5531.4444,5077.4017,9318.8232,12637.0120,2359.9855,8805.5529,9179.5762,3992.5708,7973.4057,9931.0726,13393.8893,13023.9711,13256.9199,8229.1807,11521.0763,391908.4834,412139.8183,404661.8093,395032.1197,393621.8382,403259.9101,395857.1202,398315.6069,336301036.3774,336245225.4581,336267327.8461,336277757.7654,10249.3845,9344.9857,8338.0415,7346.0776,7003.0810,5862.2036,11396.0136,11035.7386,11693.9140,13764.6787,9681.7972,9198.3795,3181.6921,12631.4520,6203.0948,8275.6958,13254.2653,8208.0362,8187.6497,8091.0207,6082.8238,6620.9863,8360.6982,13070.4019,11740.7023,0.0000,7460.7691,11631.6028,9423.6966,9653.4680,11847.3457,2472.2615,9954.7928,3863.4737,7790.4182,13462.9935,13645.1620,6854.1050,11990.8726,7089.6861,10049.1962,9285.2375,7314.1636,7344.5466,5324.0765,10633.2295,1895.8984,8800.3122,7519.9371,11908.8748,11338.3317,4423.6550,395468.6203,415909.4134,408312.3915,398835.6956,397280.9179,406766.1061,399478.4919,401926.6799,336296815.7552,336241005.5098,336263107.5498,336273537.1605,13492.5392,4159.3069,7463.7616,4947.1862,5304.2626,13284.2138,8810.8049,4243.8608,9387.3516,8524.6732,7033.5161,7898.5198,12135.3468,9580.3969,5563.0821,6563.8431,8454.9588,8932.2326,2945.1724,9588.8356,13126.5837,3723.9645,11183.1624,4599.3287,0.0000,4633.2701,10340.8009,1544.3401,12392.6550,11545.0739,10997.6894,2070.1671,7363.6548,13321.0144,10351.4541,7704.6036,7472.1785,3635.5145,9271.2509,13084.9966,3716.3669,8672.0526,10575.3718,6014.8518,6611.9946,11145.6049,13796.4211,13340.7166,12507.3811,6630.5893,12343.4085,389586.7553,409801.1182,402331.0371,392692.9997,391291.4193,400936.0272,393526.7231,395986.6828,336303393.1847,336247582.2431,336269684.6379,336280114.5725,13546.5517,10113.5445,12974.0196,12377.9517,3088.9568,8685.3668,12174.7643,9822.2968,12344.1765,10302.8167,11294.1991,5585.1983,8392.6201,11449.0300,12027.3810,9111.0956,8579.2624,13134.0614,8278.1378,6541.5667,13494.2869,7010.3362,11979.5943,0.0000,13361.4141,6861.1733,13638.4678,3621.5151,5605.9984,7866.3210,12945.5120,11797.4525,2202.7792,9721.8752,11099.7349,12629.6633,13294.5389,8347.3258,6917.0916,13691.2335,8811.3671,10578.0976,12488.6553,10557.4473,8012.9018,3478.7384,2437.2541,4296.5023,10567.8109,5719.4690,388221.0998,408991.5902,401228.1442,391879.4560,390179.8054,399646.5581,392437.6096,394833.8378,336303653.4449,336247843.7526,336269945.6723,336280374.8468,8941.2890,1452.2231,4310.8483,13778.4550,11419.4842,8011.7059,11229.5839,5790.2845,9448.9512,6097.0250,13412.3064,10303.2307,7641.3746,8517.7282,10208.1053,10586.7928,3685.7110,10262.5279,11169.4424,489.5601,12951.6175,8309.5639,0.0000,1150.8073,12496.1565,2723.0471,13379.7573,13296.5940,9925.9734,5594.8467,5180.3352,13147.8270,11026.2120,10025.2014,3616.8352,5632.9695,10418.5170,11686.5082,1247.6440,10013.9236,7532.3668,3925.8332,9657.8617,9755.5810,12883.6897,13040.4391,13673.5507,9856.9852,11447.2401,393307.4804,413624.3480,406108.5869,396493.4085,395059.0632,404723.5097,397326.1458,399767.1430,336299597.2075,336243786.3279,336265888.7618,336276318.5893,8298.3062,5562.0320,11261.4312,5439.5084,6669.8133,11452.2511,12468.8335,2256.4767,6162.6206,10961.6119,2714.0866,2200.3306,11023.3164,1825.9449,2373.6368,5960.6217,2806.6889,11674.2338,8583.0678,10510.7526,6591.7298,0.0000,8391.2735,7581.3259,7708.8169,7816.0236,8800.6988,6435.9627,5781.9379,6726.6820,9063.4788,12908.9308,10769.3186,10345.7632,9950.5999,2334.8520,13288.1731,9423.9234,1671.1515,12166.8509,6689.5393,4280.0593,7113.9062,11717.3052,9136.1440,10310.2605,5403.2434,7795.8172,389619.0938,409805.9066,402325.7576,392782.1367,391316.2207,400769.0154,393443.9421,395936.8842,336302915.1235,336247104.6446,336269206.6438,336279636.5400,3307.9606,13521.5178,11299.5805,8503.6834,11782.8953,6119.7574,9130.4861,4718.1404,13420.6639,9424.8637,7262.7291,9416.1984,9647.4205,10002.4758,3581.3768,9376.1877,10372.3797,1564.2002,13099.1009,8766.0018,0.0000,529.4528,12400.9109,3520.6192,12845.6735,13151.8593,8705.5617,5950.2148,3766.7213,12372.7141,11554.2271,10740.0613,3043.8967,6762.7296,9670.9546,11414.2308,2649.3599,9325.8727,7058.4186,2617.9309,9639.1363,8505.9568,12291.0251,12237.6647,13512.0766,9984.7659,10366.6173,394074.1964,414393.2044,406873.0567,397274.5829,395827.6370,405461.4744,398078.7164,400524.1901,336298741.1942,336242930.3925,336265032.7643,336275462.5804,13380.9078,9722.9165,7858.0888,12451.3093,8977.1941,6844.7206,2882.1826,13318.5382,6856.0118,4741.0450,10611.3861,7184.4685,7610.4694,2516.6475,6837.7709,10877.1430,4050.9144,12960.1912,8049.6675,0.0000,3373.7023,11330.7179,4363.4400,11521.5921,12290.1621,7006.9748,5068.0452,2470.7876,11392.2178,12882.1291,11426.0169,5774.1788,8210.9620,7169.4392,12619.5144,5286.1037,6786.9433,9082.7992,1389.8642,7929.4226,7087.8967,12438.1769,11290.7275,13082.3918,8631.0461,9076.8711,393523.0182,413732.7679,406255.7580,396663.3655,395229.2819,404782.9902,397415.0453,399889.9136,336299228.0802,336243417.3402,336265519.5605,336275949.4807,8524.3867,11555.2731,7527.9446,12042.2553,10882.6773,12855.4922,2955.1237,10158.0440,12164.7025,10354.7897,10170.4637,9709.8444,13604.3946,10063.1899,8045.5129,13722.4675,4678.0642,11344.4378,0.0000,13849.2187,6081.8015,13655.3243,4869.3301,4515.6413,10246.3459,12933.5750,13172.9258,5210.6216,7420.1597,9182.2298,13203.7765,12326.4346,9847.6231,6547.5212,13641.3745,10134.3083,11094.9678,13558.5283,10526.4659,10373.5786,4710.4494,5448.0926,2263.1033,10181.6094,8426.4089,385991.6987,406821.7751,399035.3236,389676.8047,387974.6266,397498.5824,390275.0930,392653.2083,336305938.4823,336250128.7352,336272230.7552,336282659.8750,5486.1081,7908.7374,13430.3285,3673.0392,10579.4398,7120.9210,6175.5220,5843.5797,8913.5312,4032.6107,3923.8240,9117.3805,6218.9743,12635.7407,11074.7613,6197.3237,5144.3387,0.0000,11372.4702,2831.7322,9763.5421,5741.5762,4549.3153,9755.8429,7329.0389,10953.3544,8759.2349,10258.3479,7657.8999,12943.0156,9564.6135,5128.9090,12653.5169,11332.0721,4844.5139,13711.9837,10732.3761,2754.7913,10376.8526,11141.5803,9034.2459,6719.0376,2676.3067,9752.3444,384655.2497,404984.3512,397435.9065,387927.8272,386412.9537,395892.9481,388584.4477,391050.4759,336307734.9470,336251924.6280,336274026.6403,336284456.3574,7309.8156,11061.3798,5035.7131,9989.0067,9777.1186,8799.7632,5120.7026,5773.8383,6778.3922,7168.1562,5966.7783,8838.0894,13888.8259,7604.3406,8452.8708,386.4746,0.0000,8346.4860,7176.8111,5663.4846,10294.0804,8671.4721,11546.5256,3235.3448,9848.5457,12312.6274,9473.6338,5666.1855,10704.3163,5050.0332,8051.2939,13403.1570,7553.1301,7425.9372,12742.1788,8888.5813,3475.3101,11932.6167,13431.4349,12462.5512,10158.1496,2929.9712,12340.4680,385823.7958,406052.7623,398568.0928,388961.2622,387534.2179,397132.2646,389747.5446,392212.1031,336306991.4492,336251180.6784,336273282.9572,336283712.8445,10223.0922,10114.3698,13512.1427,5129.8064,12138.1039,10956.9822,3795.8017,10816.2576,10758.7093,11281.8342,12099.5450,12213.6219,11097.2839,3941.4399,7186.3720,0.0000,11851.5711,6580.0605,10291.1168,9564.3880,6646.2193,13472.4316,9596.6863,13366.2714,11213.5125,3218.5969,2155.3125,12253.2461,6979.8869,11472.9801,9567.9483,10466.0925,11244.9367,11844.4857,12872.6606,8580.5117,13623.8558,10533.8389,11406.1261,6561.6425,7577.6707,12947.3576,383521.2427,404171.1649,396488.9600,386990.3720,385417.8355,395085.2883,387756.0128,390142.3675,336308936.0592,336253125.7062,336275228.0436,336285657.4358,12825.8414,9272.3774,12168.3960,12913.7037,11789.7799,8347.5172,13160.0285,13283.6349,8937.8135,12818.8001,8653.2542,6162.2078,12219.0745,11261.9934,0.0000,6361.3636,13264.5827,7730.3602,13624.8254,13350.7271,11263.7181,10023.7122,8550.5050,12568.0939,8378.8921,9898.7636,4125.9734,7293.4232,13058.5732,7703.6340,5490.9129,12890.6382,3899.5985,8209.9322,12695.5919,10803.9492,10458.4061,12411.3022,12717.5484,12540.3786,11719.5556,393406.1297,414058.6720,406387.3996,396852.8863,395307.0273,405036.8188,397679.2830,400056.2620,336299262.3424,336243451.7632,336265554.2750,336275983.7071,7982.1845,10018.6133,4342.8377,2384.9484,9830.5872,1973.6122,2522.1084,6421.7729,4432.9180,12667.0450,9048.7714,9257.2221,4871.7888,0.0000,9151.6058,6228.3943,7718.8054,7654.8390,7734.6818,8265.6202,5167.9305,8375.6653,9680.9402,12031.5099,9319.6509,11291.0682,9135.1713,3469.8162,13584.5438,9650.8694,2774.6685,13037.9158,8053.8571,2106.4257,8920.7608,12205.8939,9833.1084,9552.8819,3292.8913,9212.3972,387489.5128,407674.3473,400196.5059,390642.4279,389184.2369,398656.3031,391321.6675,393811.9950,336305084.3771,336249273.8599,336271375.8921,336281805.7912,13427.2757,6256.7762,6358.0099,12244.7233,7583.7145,7820.6195,5336.2910,6192.1893,9077.0740,6026.4911,13446.5174,10111.5982,0.0000,5055.2040,11804.0297,6936.2347,10908.3431,12448.1942,4741.9750,7626.7398,1048.9049,9971.0938,13567.5156,12896.6898,5784.1653,10297.0531,6952.9162,11701.0661,7181.2784,6858.3106,8133.7879,2401.7682,9399.5858,4647.2459,11063.2627,9787.6790,12935.5138,10172.4566,7024.2295,395091.7004,415386.6991,407864.3191,398320.8079,396837.6394,406353.6818,399021.0648,401488.1232,336297451.1978,336241640.6665,336263742.7972,336274172.6019,10515.1011,11471.8841,8419.3122,9790.7846,9427.1992,12999.5989,10452.5561,10195.9176,13291.7095,1799.2634,9534.7815,0.0000,13651.4668,4481.9583,12804.1218,5653.9332,3148.7529,11588.4129,11755.7456,13640.9106,7387.7948,6016.4178,6859.0402,13563.2199,10841.7919,9936.1129,8186.8087,13064.5567,10034.2336,12142.6454,13703.4105,9124.4681,11818.6644,7320.2746,7670.9660,1662.4311,8493.2529,10235.1652,383894.1826,404647.4560,396901.4375,387499.0317,385840.3899,395396.4924,388141.3217,390527.3881,336308176.0237,336252366.0981,336274468.1897,336284897.4141,4843.0772,12332.3108,2583.2390,2412.1135,7936.6615,153.0469,10212.8060,10037.1546,10495.2148,8677.7281,0.0000,9654.4677,7561.2823,9636.3054,6275.6997,8328.2304,4523.1455,8153.1997,7087.7401,6959.1144,13265.7739,11913.4972,10830.1761,11666.8530,1097.9146,12370.9698,10890.1154,1602.5651,11814.3792,7614.3964,6165.9488,5341.5179,10125.7589,7006.9758,9525.9684,7136.3399,5527.6970,390352.5601,410636.6324,403104.5886,393615.8062,392094.7537,401507.9983,394221.9592,396705.0613,336301970.4422,336246160.1981,336268262.0996,336278691.8623,9886.7255,3506.0550,4130.3316,4296.8347,4914.9099,12562.8820,7219.6211,10755.1365,5135.5230,0.0000,7229.4939,8188.0342,5954.0882,9312.7460,9587.1018,7934.9722,3733.2140,6605.2362,10655.9633,12506.6520,9894.7392,9730.8423,8378.6470,4437.1828,13750.1605,8000.8214,3730.9668,12143.4668,6059.2299,3711.6741,8472.7347,12784.5407,10723.7059,11123.2485,4735.1456,9434.5842,389370.4451,409509.9575,402058.3566,392473.6293,391045.0515,400543.6984,393187.1714,395680.9277,336303334.0973,336247523.4343,336269625.5368,336280055.5082,10970.3511,11127.4797,8983.4479,12304.4863,12854.3664,8381.4083,7277.1716,5855.6565,0.0000,9356.0706,8717.2619,7457.2238,11653.4118,9313.4696,13538.5045,7391.7877,11845.7030,12944.6031,4783.2994,2153.2690,10217.9782,3447.9722,11764.8305,10671.4189,7526.9051,11365.9748,10938.9529,10991.4931,8359.9109,13618.6109,12233.2444,13056.8034,9576.4535,7477.0174,13681.0333,385443.7733,405961.6742,398350.3683,388780.4478,387280.9900,396995.4920,389616.7803,392017.2790,336307313.1590,336251502.4891,336273604.9562,336284034.5311,661.0289,7418.9468,2681.9078,11697.6108,9861.0181,9356.0161,6601.8245,0.0000,9766.7174,6113.4188,8905.1893,6389.5760,7337.8948,6857.8859,6746.4699,8187.9630,8207.7690,12486.4823,10366.5485,11477.3273,10462.7018,1578.8619,13059.8288,10559.5116,1002.5469,12785.1148,8239.0678,3744.4633,7600.9696,11173.5011,8354.0105,9023.6495,4783.5413,7649.8621,388211.0933,408444.2408,400938.7781,391420.7739,389928.8201,399364.8136,392057.3196,394545.1874,336304220.8089,336248410.4480,336270512.3991,336280942.2271,7931.6801,2497.2869,11421.1840,10256.9370,9077.7823,6973.0102,0.0000,10148.2854,5784.6794,9373.0401,5785.1969,6915.9484,6680.4498,7279.7145,8461.4631,7665.5622,12396.7563,10440.3828,11694.1715,10787.0536,1318.2945,12797.4465,10933.6645,1058.5786,12777.3452,8601.9698,4085.8768,7439.4473,10755.9708,7826.4540,8577.9891,5036.1473,7278.8194,388079.3748,408341.4809,400820.9305,391317.0248,389810.2359,399238.7419,391940.8299,394425.1297,336304298.2654,336248487.9652,336270589.8951,336281019.6841,7943.7780,12251.7042,3228.5068,12328.0288,6231.6041,0.0000,3342.0994,10883.2138,2251.7093,12015.0680,12043.1140,8994.1622,2875.9924,4850.5230,12491.5470,12038.0221,9917.5226,6537.0122,6280.3129,7907.7263,13203.0692,4176.4771,7356.5373,10028.3796,3470.4057,6918.3983,9145.8632,13393.7879,12454.7128,13017.6577,7417.3888,10777.7323,391743.3567,411916.5548,404461.0336,394836.8202,393431.7257,403022.8002,395629.8877,398104.7237,336301154.2901,336245343.4140,336267445.7130,336277875.6863,10062.3431,10002.2932,10453.6650,8717.5715,0.0000,9612.9687,7555.4128,9630.8164,6211.2945,8295.7996,4387.2481,8187.0418,7026.2011,6833.6326,13194.8127,11892.2683,10744.5974,11649.2275,1184.1227,12237.5532,10852.1496,1700.5234,11689.7194,7573.3278,6234.3235,5204.5061,9986.7006,6876.7380,9459.8656,7190.7286,5379.2113,390417.5472,410709.7524,403173.9545,393687.1565,392163.3623,401578.0045,394292.9898,396774.6018,336301897.7378,336246087.5009,336268189.4041,336278619.1574,11343.0192,11341.2426,13873.5511,0.0000,10879.0132,11677.6506,12558.2404,9226.7508,10965.4760,6894.0329,13334.6299,9272.4284,6192.5576,10707.3911,13023.1839,8667.0510,13019.6936,10699.3906,4421.4232,11567.1267,11050.6180,5370.1520,10242.4117,13289.6385,6301.2216,3705.1914,5858.9324,9693.5053,13465.5233,5634.1176,393973.9727,414793.1295,407018.4058,397640.9064,395954.6106,405500.3514,398264.1502,400641.6189,336298028.4160,336242218.5551,336264320.6504,336274749.8041,12784.8357,7905.3343,0.0000,1193.8954,12231.6629,2263.1403,13200.0273,13084.8299,9862.1343,5122.3745,5144.7169,13085.2643,11034.4590,9843.4571,4024.7614,5449.2004,10122.3437,11868.5644,1307.6473,9694.5863,7878.9682,3817.3008,9250.1121,9734.4753,12958.3099,12989.8700,13541.6649,9462.8404,11410.1468,392994.0160,413291.5422,405784.2604,396166.0547,394736.9561,404394.9276,396996.5635,399441.6052,336299917.7033,336244106.8161,336266209.2384,336276639.0866,8193.8352,0.0000,13265.3888,3761.3633,12026.7697,6336.7070,3075.4069,12106.9039,10755.5695,13603.8203,8564.3558,5751.4151,5481.9101,13573.5571,9818.3363,9783.8730,9345.9576,12506.5244,9756.4112,12680.9769,13475.7468,8053.0362,12395.0353,8791.0904,8853.4297,2982.2644,7258.5026,11074.9532,383075.3819,403751.4909,396044.5004,386607.3603,384985.8997,394556.7179,387278.1859,389674.7366,336309106.5356,336253296.4703,336275398.6022,336285827.9258,0.0000,8624.4548,6845.3593,5997.3925,10031.7925,8363.1365,11513.3986,3526.2386,10006.3992,12136.7425,9434.8097,5604.5335,10931.7099,5333.2729,7896.6439,13377.4858,7866.4543,7279.8021,12872.3564,9090.5365,3207.1034,11917.8472,13322.1801,12297.3765,9898.2234,2583.1306,12251.1065,385577.8034,405812.4362,398324.0991,388722.7711,387290.7824,396882.3331,389501.8045,391966.4400,336307211.2428,336251400.4984,336273502.7617,336283932.6389,0.0000,0.0000,0.0000,0.0000,0.0000,0.0000,0.0000,0.0000,0.0000,0.0000,0.0000,0.0000,0.0000,0.0000,0.0000,0.0000,0.0000,0.0000,0.0000,0.0000,0.0000,0.0000,0.0000,0.0000,0.0000,0.0000,0.0000,0.0000,0.0000,0.0000,0.0000,0.0000,0.0000,0.0000,0.0000,0.0000,0.0000,0.0000,12549.2720,3154.1372,13142.3597,13354.7251,9122.3898,5713.1641,4108.4260,12781.2217,11700.8812,10721.6985,3440.7846,6566.6494,9864.6529,11832.3634,2383.5345,9486.1667,7512.4771,2828.7051,9610.4063,8950.9268,12740.5722,12656.3135,13774.8871,9945.3124,10810.0537,393936.3551,414232.3584,406723.9983,397114.8589,395679.3700,405318.6382,397928.6133,400376.8757,336298926.4213,336243115.5739,336265217.9609,336275647.8072,11219.1849,4336.3466,1784.4298,10256.1668,9264.4569,12165.6868,7561.9832,8744.6337,7111.5514,13473.7149,10232.6485,6680.0374,11082.8194,12308.8382,6647.1952,13348.6679,12108.0396,5338.6960,10771.2346,9495.5543,7893.1652,4046.8318,4896.7932,9564.5137,383850.0905,404344.0428,396716.6032,387258.2862,385681.0435,395174.3968,387894.0489,390331.5592,336308364.1344,336252554.0131,336274656.0207,336285085.5395,12807.8375,12310.0959,10477.9734,3081.2801,6264.3248,13323.5685,10857.5215,8758.1289,6178.4280,4364.9550,9501.0989,12816.2532,2531.1785,8953.7306,9654.5215,4833.1429,7644.1524,10532.5098,13634.9703,13295.4598,13104.3817,7800.2211,11985.4806,391110.0010,411336.3286,403861.4889,394225.5037,392820.6083,402467.9054,395059.8193,397517.5960,336301866.0117,336246055.0676,336268157.4725,336278587.3986,3638.1259,7752.6358,11352.0058,11523.0116,3677.7873,10594.9836,10439.6650,13347.5551,12742.9479,5882.3019,9833.4391,13529.0487,6321.0441,12440.4776,12022.8589,7941.5165,8256.8803,6871.8978,4062.8185,4132.8450,8071.4521,6293.4381,386583.7599,407169.0366,399490.2372,390099.1337,388459.2783,397886.8184,390657.2061,393089.2702,336305401.9125,336249592.0727,336271693.9384,336282123.3244,10402.8036,10648.5335,12829.7336,6698.0691,8375.7866,7673.0214,13853.6119,11132.3638,7590.1291,10138.1301,13113.9302,7699.2600,13147.8360,12919.0922,7023.3066,10847.2458,8356.9224,7053.8836,2380.4217,6599.4530,9289.8231,383858.0392,404454.3785,396776.8869,387354.9372,385735.1938,395227.0918,387969.0414,390390.0911,336308237.3474,336252427.3711,336274529.3579,336284958.7505,10304.3027,5637.8107,6025.8639,13525.2470,13539.1190,8904.6904,12715.1936,5474.8081,10276.9592,10746.5863,5901.7591,8980.7867,6912.1200,9817.7753,876.1851,8117.1310,5798.3418,10608.9710,10576.6525,2550.6384,393926.8857,414369.0157,406764.6625,397315.5861,395740.6876,405177.8720,397913.4295,400368.0541,336298252.1031,336242441.9963,336264543.9302,336274973.5157,7340.9160,12629.5742,11019.9853,8004.7934,8635.4450,5138.9209,7734.8581,13612.5848,5467.1819,7071.8230,11549.6173,6153.2795,4873.5645,10606.5469,13727.4171,12685.2076,11930.6021,5119.0411,11688.2002,388885.7876,409047.5331,401596.6556,391967.6300,390567.7265,400162.5617,392765.5405,395241.3819,336304029.0932,336248218.2138,336270320.5111,336280750.4897,10611.4520,13316.7184,12660.6218,4907.6439,9715.9272,7697.3440,11657.0739,6312.6360,7540.4178,7692.7196,1558.4885,9630.7769,5467.3964,11383.1861,10427.4515,13269.7216,10330.7354,7797.2932,395259.3742,415556.5056,408036.3698,398479.3373,397005.6434,406547.7556,399203.3036,401666.2007,336297344.7990,336241534.2004,336263636.3865,336274066.1991,11226.0631,12189.2211,12140.5605,13691.6424,7141.1598,7902.2812,13485.8050,7711.3762,10433.4070,11487.0825,10370.1595,6233.1826,4222.8381,413.8521,6028.0450,10632.6792,3739.4285,389740.6692,410431.3766,402703.3411,393344.8718,391665.0339,401097.9797,393888.2008,396302.4272,336302150.2085,336246340.4856,336268442.3538,336278871.6168,4538.5616,11221.9167,7581.3758,12825.5814,7317.7959,10267.1411,12689.2404,9955.7686,12960.6502,10852.1663,13473.2254,9356.6706,11329.6148,7429.1895,10031.7075,12835.0280,385451.0531,406240.3600,398496.0148,389023.9840,387410.6520,397118.0628,389799.7774,392157.3185,336306972.3635,336251162.0876,336273264.4923,336283693.7308,11617.3910,5224.0496,11219.9725,10772.9366,9169.3254,10864.2024,11981.7125,11945.9297,7648.9727,13716.9855,11813.0665,12362.8406,8081.0027,6608.8484,13417.1748,383889.5606,404426.4506,396800.9795,387256.4590,385735.2106,395415.1929,388056.3642,390459.1070,336308737.1887,336252926.6453,336275029.0300,336285458.5659,8140.7714,11208.1613,9692.7176,4292.6802,11026.7433,4406.9909,4657.5300,11770.1141,8434.7457,11150.8639,11935.7888,13689.0189,12007.0068,10160.1127,395479.6376,415954.4495,408362.2237,398802.8236,397302.8364,406962.3674,399600.0406,402016.8277,336297205.2812,336241394.6213,336263497.0249,336273926.6598,11254.9031,11768.1740,4548.9266,10751.2479,10180.4198,8569.7259,8084.8205,12757.7877,13280.7656,13735.9119,11659.9261,7570.6146,13482.7913,387957.5962,408333.6054,400792.2442,391174.1496,389732.4615,399444.3952,392037.3881,394461.1177,336304988.0209,336249177.1418,336271279.6409,336281709.3957,12498.0824,10896.9317,741.4368,12220.8848,8044.6554,5216.0716,6266.8834,10317.6224,7246.4579,8991.8763,6178.6954,6241.9032,389296.4034,409572.8905,402044.7597,392550.5299,391034.5449,400453.6435,393163.2212,395646.6375,336303045.9710,336247235.7076,336269337.6193,336279767.3905,11612.2014,12709.2869,6021.8280,12133.9117,13517.0013,9865.0519,4039.0218,7759.1210,8353.6832,13291.6612,8953.4419,391057.1885,411999.9439,404173.5894,394796.4579,393090.5437,402717.7162,395469.6305,397814.3831,336301018.2352,336245208.3496,336267310.5840,336277739.6091,10464.4585,7817.9231,5067.8859,9586.1756,10597.5661,13051.2811,13403.3560,13470.8755,9635.3416,12095.8232,392413.3246,412749.0464,405226.4539,395605.9150,394172.5410,403859.8936,396455.8629,398890.2096,336300530.3552,336244719.4489,336266821.9240,336277251.7335,12263.0584,7751.0576,4611.4273,6662.2834,10724.4713,7819.1115,9191.0529,5628.4165,6809.8924,389115.6272,409366.2401,401852.0276,392342.7141,390841.7377,400272.1815,392970.9612,395456.9015,336303283.4108,336247473.0827,336269575.0221,336280004.8292,8092.5920,13401.2675,8326.5237,8132.4111,10176.4073,12246.8121,13478.0057,9157.1960,395247.5974,415969.5957,408256.5827,398783.8030,397181.9153,406839.6174,399530.0961,401907.1069,336297137.5387,336241327.2359,336263429.5900,336273858.9121,9103.8115,6821.2753,12170.2374,11340.8007,13484.7366,9742.2211,8980.0505,394597.2882,414853.4683,407356.0819,397771.5228,396324.3692,405892.0324,398527.1285,400992.6567,336298127.1808,336242316.4615,336264418.7068,336274848.5782,10403.9916,12498.5886,10565.7333,8951.1894,1217.1572,10481.6230,385834.0445,406048.1844,398559.6711,388996.6781,387540.0842,397047.7958,389702.3502,392182.7422,336306775.6803,336250965.1228,336273067.2174,336283497.0890,7882.8852,5962.9340,10894.4547,11118.4614,2653.9268,394521.8362,414993.9738,407376.8824,397930.7806,396348.9459,405799.0486,398534.7350,400982.7417,336297648.4869,336241838.3848,336263940.3422,336274369.8968,4065.3950,6665.2215,12486.4718,6077.9505,390602.0573,411479.3514,403671.7977,394329.0955,392608.4442,402130.6897,394918.1509,397289.0116,336301289.4154,336245479.7157,336267581.7402,336278010.8063,6351.0542,10846.9295,3449.9861,390143.0129,410837.6937,403108.1336,393749.8931,392069.2816,401504.0272,394294.2305,396707.5863,336301747.7612,336245938.0371,336268039.9096,336278469.1690,8508.7865,9096.2493,384487.0147,405219.1929,397478.5737,388091.5138,386425.1770,395939.4776,388699.6357,391095.2329,336307514.4108,336251704.5607,336273806.5723,336284235.8075,11062.9609,384993.3851,405243.7300,397739.8941,388177.5759,386714.6128,396244.2939,388895.9756,391367.3450,336307615.8483,336251805.2899,336273907.4200,336284337.2532,392873.2764,413441.2358,405773.9631,396373.8508,394743.6128,404172.0405,396938.3330,399373.6161,336299142.2745,336243332.3746,336265434.2644,336275863.6857,31413.3083,17951.4198,19556.6153,10536.5720,20083.2755,17990.6796,14659.6303,336691058.9195,336635251.5508,336657352.5416,336667780.3523,13793.9978,18234.6603,22874.0627,17084.0670,18453.6524,18177.5982,336712091.5426,336656282.7567,336678383.5799,336688813.0351,12803.7330,11313.4456,8835.3789,10626.0175,6797.8986,336704306.1830,336648498.1813,336670599.0119,336681027.6516,9427.5847,17108.2365,9451.9863,10447.2342,336695241.6493,336639432.8133,336661533.9329,336671963.1115,14152.9876,8593.3454,6427.4572,336693330.0169,336637521.9763,336659622.9298,336670051.4734,9427.5847,7947.7978,336702194.0250,336646386.5243,336668486.8999,336678915.5275,5087.7597,336695345.1502,336639537.0577,336661637.6979,336672066.6418,336697800.9371,336641993.0334,336664093.7605,336674522.4138,63911.5622,41142.6033,23325.4021,28418.9845,44823.4107,26322.1211,
28800.000,12880.7694,12758.6426,10862.4783,6745.1135,6617.7316,13701.6496,6528.7072,6765.3747,6324.2256,12160.6037,4184.6440,12093.3158,10104.9509,13376.4541,8387.7324,8924.1904,2619.4198,12277.1167,11351.4548,12278.9515,7954.6921,9131.3827,10224.2176,11075.1927,11170.0515,10084.4092,5331.3726,4226.8234,7966.7290,13243.1522,9447.8001,8989.9592,13424.5596,6080.3444,10759.9568,11475.1369,13049.2005,3704.9618,6399.4504,10210.9472,9588.6126,9693.1709,13514.1756,6089.0436,6589.9107,11132.5727,12288.2275,6019.5446,10884.2120,9490.2205,10535.1310,10740.8362,11936.8279,9648.9958,13678.7338,13124.7993,11688.3002,2402.2050,11204.9798,12013.9143,13080.5731,12002.4322,9464.3844,8791.3621,13122.3959,12849.9405,6332.6800,11946.5228,6284.3614,10026.1545,8416.1117,6248.5310,0.0000,9517.6900,13440.4413,10254.0563,13226.0091,11987.2826,9562.2183,12600.5101,11703.0310,13005.8407,10140.2829,11254.1829,3488.2478,8143.8211,11865.6154,10273.1684,5878.8401,11069.0975,1954.8156,11485.1316,13619.0169,12272.2722,7112.4596,13026.6146,13318.0592,9477.8155,11040.7310,387216.3021,407965.5647,401046.2729,390707.8451,393553.5120,399091.8330,392659.5363,396081.3824,336292440.4376,336235436.1843,336258209.2394,336276889.2403,8160.8660,4278.8656,11787.9962,11535.2213,5686.7351,13566.9297,8872.5220,9491.9204,9693.1627,12183.5802,8179.7638,9038.5101,4734.0550,9990.4095,12803.4288,13435.8461,3314.9182,11350.4443,8487.3029,7837.8276,6805.7691,9198.5084,9206.3458,11378.4037,5169.8402,10798.5584,13117.9252,7820.8298,3872.7801,8590.8053,6444.1169,5030.5956,10751.6057,10346.5304,7249.9268,3632.1305,13529.7169,11298.9293,4999.4232,6009.3829,11897.6466,4890.0153,12961.7458,9809.2873,6622.1211,9751.7647,10201.3294,10068.0560,9305.3734,6300.9190,9018.9810,7812.4185,10470.2634,3304.2997,1497.8855,6972.0940,12813.0823,4579.4904,9008.1768,6387.2713,7827.9489,6909.4412,6807.1101,6464.6984,6616.8461,10224.9669,8772.3448,13707.4441,8682.3457,9374.5421,9589.5187,0.0000,9713.4503,2582.9473,7301.8557,4044.7047,5225.6211,11355.1939,2849.1944,9060.7218,7739.3197,9567.7637,5522.8497,11287.8431,8085.1969,7130.5850,11894.3437,11657.8821,6485.4075,13339.8092,8539.0771,2946.7363,10128.1003,13300.7332,7890.6780,5527.2001,6048.0473,11598.8730,389411.6971,410709.8366,403646.6584,393219.9471,396032.9311,401862.2270,395239.7761,398577.9977,336290425.1133,336233421.1174,336256194.6533,336274873.8735,9745.3196,8730.2377,9056.1230,7064.4407,10429.0864,12698.6516,11588.4100,8728.8544,13538.1058,2302.3724,12483.9045,3927.4907,8025.1002,9381.6774,12496.4352,10376.5033,6834.2938,9744.8166,11784.5034,12519.4078,5211.5231,3863.9083,5350.3830,11097.3721,11154.3216,12991.9483,11701.9370,8870.6639,7307.3033,11410.9918,8192.0434,13807.6637,10979.7615,4512.2987,9351.6487,11114.8851,13647.1054,10894.0999,11007.9102,10368.8827,8125.4512,12535.5606,13650.4459,11820.6859,7575.0849,13735.6633,3577.8789,12828.9947,12179.9891,11264.6447,10440.6710,5701.3145,7046.6292,7125.3058,4864.5501,11723.1599,11450.2006,9904.1038,2261.0274,10598.4965,12697.4838,11487.8375,8586.0511,9132.6435,13762.9771,9874.9353,10620.1000,12463.3705,8632.8857,11746.1495,0.0000,12736.7765,6773.0588,12568.3925,4860.2512,6171.9395,11477.1245,9866.3939,10476.2426,604.4306,5468.3605,7528.7027,13325.4014,13112.9572,10757.5081,5546.5638,13632.8242,11624.8476,12080.3691,11136.5861,7396.9418,6746.1938,8790.1974,718.5498,3076.0501,11366.4191,6981.0666,393026.3585,413901.0133,406995.8845,396476.7031,399478.7459,405270.8040,398587.9676,401960.2708,336287264.8537,336230260.1509,336253033.8554,336271713.5806,9893.1072,9370.1304,9337.1377,13469.0356,5651.3740,5926.2740,12213.9531,11052.2270,8785.0609,10173.3103,6958.8098,7747.5840,13666.5313,12200.1035,5473.5753,13110.4268,11153.7318,4067.6731,4755.0650,8277.6540,8996.1155,12725.5872,2134.7042,7655.5318,12353.0436,4024.0231,7489.8355,6463.9647,2860.2325,8670.2116,9623.9437,12178.4443,6869.3195,7036.6197,12271.3328,10751.9730,1785.7104,2061.1161,13251.6851,8587.4729,12875.4151,8287.3946,8053.8550,12269.1205,8498.2940,10200.1407,10042.6919,6773.7504,10822.3918,10288.3894,9549.4438,7308.6568,4481.5186,6519.0254,10596.3633,4895.3807,11513.3962,8071.3308,10297.3316,5943.8720,3071.0786,9769.8593,9748.1391,8837.8627,11278.0571,13500.9037,9712.3448,6679.2990,6023.3096,0.0000,10596.1305,6559.7665,7859.6468,5989.8647,4625.3658,12645.4843,5631.0236,11381.7337,9541.6335,8564.7841,3550.9820,8725.6616,6428.0588,9499.9540,12566.0667,11011.2961,7960.1657,11774.3879,10669.5991,7005.4405,12492.8318,12900.9644,9783.0959,7602.6349,2488.2351,13200.9474,390660.9918,411957.2585,404875.0796,394518.9956,397260.2983,403004.0072,396475.3039,399827.7757,336288899.4767,336231895.6886,336254668.9966,336273348.2646,857.4040,13011.7159,8021.6940,9046.1222,6587.7995,12829.9141,10013.8765,7264.5590,13430.5904,10138.9214,3001.7837,9750.2675,7657.5264,12961.7292,10438.9122,13553.7860,8639.3690,11265.3857,4568.6451,5613.7174,8860.1522,10499.3467,4560.2127,9515.2534,8541.3919,13319.8375,4640.1055,9589.5562,13315.7480,11192.4964,13121.2009,6709.3800,13337.4349,5550.7423,11549.8654,10395.0512,9539.1915,11669.8158,13322.3468,10448.3065,11073.8073,13478.5631,12212.9303,10726.2580,5683.6529,13169.8089,12940.7170,13297.2520,13653.5145,3590.1113,12596.4282,11232.7044,7047.4401,4556.3140,12563.4425,13450.0841,9201.9152,13775.4548,12106.6960,9315.7555,13458.8039,13555.2177,11117.2971,13392.6491,7889.6665,13316.4881,4070.0409,6708.8075,0.0000,13200.4171,12104.5306,13171.9779,10100.9162,8367.9178,12478.9195,12964.8959,13545.5339,9150.6865,4302.4130,8058.2263,8220.0504,11377.9248,13691.0128,7151.9089,11212.2175,13338.2912,6308.7284,13725.0036,12668.0831,11595.8114,5612.0700,9291.5989,9830.4865,9950.4914,10144.5965,393350.2691,414083.6575,407186.1375,396794.9456,399697.9709,405289.2614,398794.0248,402208.5585,336286482.5679,336229478.1146,336252251.3499,336270931.3479,13124.7734,8553.4121,8431.6490,5851.9066,13146.7128,9925.7292,7484.6483,13378.5233,10139.1938,2519.7550,10298.9806,7805.7078,12696.1541,10993.8978,13721.8733,7964.8000,10764.6607,4653.3334,5862.2289,9489.8240,9956.5029,3812.2086,9634.7817,7863.1088,13241.6817,4216.9631,8983.4479,13343.8093,10954.5860,13332.4148,6641.4218,13211.5419,5913.6500,11447.0625,9851.0318,8926.4092,12052.1040,13345.1713,10669.4282,10722.4168,13305.2961,12592.0956,10369.5082,6157.1697,13083.6505,12651.3281,13374.0637,13720.6816,3950.6276,12563.1479,11007.8416,6923.7667,4432.6742,12200.2487,13644.6596,9324.9913,13833.5377,11701.8752,8684.5145,13557.5314,13632.8378,10806.1781,13570.5531,8414.6899,13228.9066,3415.3277,5976.8243,0.0000,13167.3105,12032.6745,12933.4814,10006.0675,8081.1961,12719.7751,12731.7309,13702.3932,9440.9027,4414.4842,7620.8802,7784.5827,10940.8962,13681.3241,7861.4745,11131.8990,13170.8401,6434.5241,13788.1961,12604.1013,12040.7205,6334.3806,9605.6941,9898.3963,9356.5286,10719.5115,393388.6182,414163.8145,407249.5292,396871.9483,399751.7228,405341.0364,398857.9321,402270.0640,336286379.3216,336229374.9504,336252148.1554,336270828.1065,11713.6473,12212.0575,12837.1615,4988.3463,12275.6149,8574.0549,7823.2730,5820.7571,12300.1862,9786.1442,13138.6009,5998.2491,7496.3584,4329.7889,11829.1406,10278.7804,10649.7528,9962.2073,8394.5430,9749.4578,13443.2510,12370.4854,11824.6078,3075.5031,11358.9865,10727.4133,1580.6840,11530.8498,6888.0184,9270.9540,3859.1117,13233.1799,11132.6519,9692.8498,10606.6935,8430.8250,1560.2142,11354.1492,11420.4995,6776.7492,4980.8563,11817.9983,9865.9100,8524.2806,7948.3665,6414.9282,4737.6239,11340.0490,2542.7913,5939.6937,9308.3777,13888.7493,7780.7269,4877.2956,6636.5293,4842.9772,9545.6903,11068.0722,2047.1724,2753.7136,11523.3163,4750.0020,11976.5387,7834.7512,12273.1385,12921.8068,0.0000,8456.1028,3343.2996,8154.6796,6309.7002,8782.0989,8335.0095,5372.8277,5390.0452,6609.8846,10975.9419,9678.5955,13240.1024,10632.7503,4986.4910,9831.0918,11435.7386,6601.8588,13465.2318,5769.8100,2881.1191,5591.2601,12061.1218,6455.0711,5983.1011,10506.0863,7916.0707,386996.8793,408084.4435,401111.0342,390593.8980,393546.2533,399412.7250,392699.3090,396045.1604,336293244.4882,336236240.0265,336259013.7753,336277693.2161,11599.3112,11096.0780,8482.4885,7050.4076,10789.1135,10106.9382,12554.5179,10251.9403,3029.6904,4339.2485,13287.2198,6206.6040,9848.2742,12307.6573,12644.3543,10236.5466,10189.8385,6392.8714,13230.5756,9869.4977,4877.9426,12296.2670,12703.6793,11154.5357,12732.7027,12064.1428,9273.0818,8084.1836,11572.5369,12896.8869,3714.5513,8258.3863,13287.8180,13104.9212,5353.7656,12187.9991,4438.6292,10353.3649,11833.3531,8209.0424,10097.0447,9025.7117,9986.3075,12278.7447,9345.8762,10424.1062,9212.5634,12785.9540,13586.2270,11984.0367,6746.3214,13186.7552,9370.1144,11751.4969,10565.8078,12357.4053,12697.9533,11222.1449,11135.7505,9954.3757,9456.1012,355.8428,10349.9131,10956.7668,11112.5237,0.0000,9522.7586,12850.6786,11754.7563,12959.8014,12933.3877,6742.8070,13296.9001,9427.3397,10751.8195,10163.7313,13031.9513,9237.1091,11736.9466,11027.4632,5980.3267,7767.4206,11713.3602,4795.7373,10097.1792,12942.7825,7829.9196,3286.4093,10584.0118,12162.6062,13048.1319,5759.2289,386683.4353,407208.2439,400392.3665,389932.6731,392952.3000,398558.5205,391997.8744,395423.3012,336293494.6460,336236489.8163,336259263.1859,336277943.4037,3046.8254,13035.7515,7055.2039,11733.9529,9188.6412,11257.9831,8238.3197,12780.5272,8689.5278,8147.2904,13760.1962,12047.4027,2003.1210,3442.3496,10170.4136,11235.0356,13638.0727,4233.2195,5092.0154,8896.3462,2117.8696,10424.6996,8125.0320,2901.8854,11401.4333,5757.4538,11770.0632,10086.1395,9901.8906,9569.5164,7390.9284,4430.2985,3736.9442,12422.1226,11421.8925,10127.0847,4337.5359,8357.8593,13378.7131,4180.4169,11962.3319,8579.2665,6769.5357,10544.1841,11023.6824,10691.5682,11059.1189,9426.4359,9971.4715,7278.7046,6452.2392,12142.2637,11827.0329,11017.1082,4805.0276,2695.8710,11824.1122,11518.7357,4861.6320,11937.4573,11509.7765,8747.5788,7239.3521,2922.6468,0.0000,9149.0030,10592.4517,7232.4495,10590.0987,9002.9441,11500.7131,8668.5250,11725.6200,12690.6206,10281.8281,7721.4426,3645.5966,3615.8142,10298.7418,13158.2983,7497.3311,8331.9724,8344.0876,10850.3615,10787.3621,13691.1463,11734.9207,12841.8525,11639.7904,3410.0361,13682.5699,387967.5224,409122.8166,402066.5116,391769.9821,394482.0453,400108.6406,393675.7590,397056.5531,336291415.0763,336234411.3380,336257184.3972,336275863.8904,13695.2687,8248.5167,10201.6267,11182.7662,10654.9747,5594.7271,12590.0379,8507.6476,9754.4310,13450.8269,13192.7127,2579.5534,6007.7476,8034.1577,9325.9441,12795.8113,5570.4536,2370.5727,9459.0135,2508.2155,11585.4711,5775.0091,4123.7655,12360.5822,7867.8242,12956.7409,8402.7193,11205.1212,8509.6543,9203.2497,5577.6674,4387.9477,12971.0167,12358.6232,10809.5863,6839.7620,10457.4164,13711.9233,6545.7079,10172.9416,10669.0881,9095.4045,12099.7339,12479.6308,8462.2231,11646.0440,9572.9615,8332.9697,5787.2916,8466.0307,13257.3366,10853.5967,12515.5523,7418.1183,3697.1666,12839.9616,12685.8600,7211.1803,13083.7006,10971.9427,10816.5871,4570.3382,199.1449,0.0000,11098.5491,11053.5734,9599.7616,10023.8777,7848.8286,12574.4225,10095.5058,13006.6073,11691.4517,8071.2551,6508.4295,4421.0252,6434.1770,11940.5810,11900.9078,9131.8832,10385.9423,7647.8546,12428.8560,11459.9938,13724.7695,10419.5082,11890.3142,10894.9606,4633.0638,13311.9736,390652.5031,411716.7821,404692.0870,394386.2451,397128.1954,402733.0224,396302.1663,399692.5704,336288782.0031,336231778.1411,336254551.2052,336273230.8139,10254.2467,10399.4438,6649.1903,9427.2011,13271.2832,5952.2825,10715.3272,9013.3557,4496.1356,2499.4121,13309.8299,11752.6907,11938.7901,11258.8308,6605.9115,12106.5287,13769.8009,9586.4803,13322.5357,6825.5250,12973.9187,12633.0463,5483.5491,10393.9262,3222.2119,11543.3183,7356.1657,11088.8986,9253.8929,12146.3185,12820.3002,3954.4424,5654.0750,7984.9675,11045.2116,7659.4217,1501.6182,11316.5958,10457.3273,7342.7390,9201.4206,4461.0197,4084.8525,11947.7151,7229.2129,10041.2412,11775.5625,12747.6219,10102.7708,2163.6893,9452.8392,4266.0877,10722.2635,12899.0171,4036.4803,4094.3459,10849.8066,2372.3785,8800.2861,7008.3025,13546.1800,13741.6384,0.0000,6804.2272,7854.4391,8724.7472,10050.1617,11866.1715,4401.7133,8710.0842,2943.5433,8572.4944,12144.1994,12541.8101,12673.8810,11296.5345,5232.2541,8362.3710,9386.7596,7513.7335,11453.1908,4415.8329,7474.8375,2828.4884,9865.7910,8275.8004,9257.1802,12606.3920,4863.2080,384370.1746,405208.6909,398316.0680,387781.4425,390807.1649,396610.3030,389907.2868,393280.1045,336295983.0568,336238978.3173,336261752.0252,336280431.7825,13451.5556,6700.6443,13654.8726,11159.7595,8426.2145,3836.5239,10588.5011,10915.6894,9847.2333,8678.0964,7961.2683,12398.0662,12962.7946,11618.9925,9753.7693,8313.9698,2465.6336,8747.1381,11510.2215,11720.0267,9093.7740,11700.0738,2786.3322,7972.6907,13023.9837,11264.7156,6363.8143,2386.1888,9978.6596,9877.5821,7777.8235,11833.6411,3837.3976,4212.3110,8381.0552,10870.0801,3839.7823,12689.9540,5976.1554,8112.7384,7703.2070,9252.5377,12100.0952,12579.7466,12845.0522,13184.5553,6392.9866,9518.2389,9543.5189,13734.7721,9276.0333,7512.7974,9099.6827,11135.0788,10671.7928,3627.1675,9465.3529,6949.0108,6689.4341,10998.4579,8146.8623,0.0000,5952.8853,12568.6574,7420.3756,13538.3035,13023.2347,6766.6033,11000.1185,9006.6649,13637.7021,12429.0052,12413.0281,4332.4445,6371.2190,9146.8382,11475.5626,1782.7643,8363.5631,4885.9522,8539.3343,12473.0384,11296.3635,9034.9795,13587.3035,13719.0801,9463.3843,10719.7201,383523.0280,404360.2041,397416.6119,387062.5090,389904.1608,395492.1826,389025.8892,392434.3039,336296134.8411,336239130.6406,336261903.7638,336280583.6381,13201.0644,4119.2804,6093.2272,10370.9622,12261.4411,10642.9803,8439.3864,11188.5013,10614.1957,12001.1514,3135.4306,1863.3729,6700.7957,10324.7964,9669.1364,13076.0759,10511.7171,9765.3215,5286.6624,10439.6909,9432.4558,13711.8127,12231.2648,2482.8011,10092.3697,10689.2019,13818.5905,10087.0359,9950.7102,11577.2636,9353.4338,12980.2662,13373.9021,12365.6664,9374.6207,13392.2517,2599.9336,13406.9348,12366.7059,12316.8957,11636.0669,3993.3413,7994.9540,7004.1944,2921.0078,10755.3593,11405.8779,11350.6446,2491.0670,11779.4137,12496.5613,10435.6657,10005.0293,10467.7020,13548.5150,11288.2131,10912.2336,13102.1679,6712.6034,10376.9326,0.0000,13416.4868,7489.5768,12879.7370,4625.1191,4759.1926,12554.1237,10224.0541,11803.8606,2597.7084,3422.0323,6001.1595,12535.3488,12747.0934,11773.5119,6191.9238,13771.6957,12177.3192,11587.6231,12257.1549,8243.1446,8608.9848,8725.7123,2923.7194,3448.8630,10434.1405,8484.1659,394371.4699,415273.4144,408350.6609,397865.1549,400826.6195,406586.5623,399945.3090,403321.3488,336285763.5409,336228758.9612,336251532.5675,336270212.2805,11561.2953,13551.2668,9279.7429,9467.5066,6431.8006,9942.7784,4808.5371,10138.2319,7277.5168,13591.5660,13646.0917,11481.0114,8931.4709,12104.7744,7665.2427,10220.1312,6614.2747,13255.0768,9376.1251,6785.2604,5313.1093,4146.9590,13086.9299,6393.1731,11183.9452,4561.1112,9152.2985,9954.6014,6739.2723,6957.8215,6857.5815,5826.4675,2981.2693,7880.9752,6310.0334,13472.4896,924.0272,4257.9130,2258.6387,3502.0814,13863.4670,8480.2801,10145.5377,13136.5640,11605.6784,6287.1185,4778.0662,12265.8981,3415.2077,5697.1409,9703.7267,6044.0979,5343.8359,5644.5339,4591.8935,10252.2476,588.5195,13239.9187,11142.5360,0.0000,948.9969,8851.5462,3128.0059,11531.7682,12366.4647,4679.7643,6738.1958,3956.0164,12297.6321,13801.3472,12228.7116,9090.0102,6199.2692,3118.4088,12406.2974,5113.7542,2997.8640,10438.7259,2653.8083,8326.0744,8966.7949,12086.7801,12182.2852,11825.5258,9378.1482,10074.7557,381599.5362,402663.8544,395668.1789,385247.0012,388106.0435,393851.5967,387265.5706,390633.6467,336298217.6061,336241213.4316,336263986.8379,336282666.3752,8459.0807,11598.4235,13606.3438,7590.4691,9325.9169,9429.5508,10047.1990,10362.8721,6332.2346,5694.1857,8559.8285,8534.5007,11023.1281,13806.1549,9974.0866,6513.3780,7082.5102,9240.9051,6445.7869,13131.0809,11233.2957,4225.8485,6844.0664,12792.0046,13336.4767,8288.6423,8677.5670,11691.0151,6302.9956,13502.9516,12551.6262,10009.5908,8753.6382,12769.9466,6466.4659,11909.9279,10096.9969,10769.6920,9588.8710,7581.9533,4442.2774,3461.0674,4127.4198,12625.0563,8828.1978,9816.8501,1826.9477,9694.4122,10632.0684,9413.4944,7518.6043,8025.9446,12830.0215,9686.3998,12724.7187,11386.0339,8437.4495,10810.1082,0.0000,12045.7223,3811.8494,10802.7441,1125.4939,3829.5621,12075.7469,7020.5474,10230.7710,3460.9020,6717.5288,5301.4794,12897.2384,11388.6218,9490.0453,8923.3631,13495.1995,9827.2006,13250.8413,10416.9715,4651.9352,8494.0563,11398.4718,3713.8228,877.4806,9030.2059,9562.3981,392475.6438,413582.6542,406595.3765,396112.1992,399025.5205,404854.4583,398186.4206,401537.4262,336287615.6525,336230611.2885,336253384.9532,336272064.3912,11474.5679,9682.1228,11655.6190,11464.0808,13637.8290,7203.2178,10168.4061,3087.8430,4596.4407,9887.6315,8780.2147,4338.5089,11198.0611,7076.1099,12269.5030,1780.5000,7987.9696,12512.4708,11638.5255,13754.1074,4632.3300,12225.6040,8069.8750,12301.6637,8598.5433,7678.8647,12913.1070,12475.7135,12070.7814,11093.7202,12933.5983,12675.4879,10855.3437,5588.6966,13336.3873,12178.8836,13543.3514,13558.9028,3340.2374,11338.5221,9276.8626,4806.1201,6494.7774,11305.3535,13684.0289,7789.7912,13664.4769,11266.1646,7706.1261,13010.8964,13158.1673,11311.3467,13577.8025,10176.8182,13333.7981,1391.8797,5773.4186,0.0000,13514.5382,10684.3875,12688.3065,8176.3940,5895.2213,13460.0749,11627.1474,13786.8497,8329.3723,2953.0234,5423.5607,8683.1146,10771.8765,13400.2924,8481.2105,12113.8209,12790.9397,8464.2342,13792.4676,11360.1810,12154.0367,8055.3789,8579.9570,8307.9460,8259.9088,11289.8756,394456.7927,415352.8811,408402.4988,398021.2450,400877.6175,406511.4014,400007.8034,403404.9530,336285273.9928,336228269.7249,336251042.9852,336269722.7744,6818.9902,12513.1443,3630.9158,7769.2149,13328.9232,13065.4580,10717.6844,10282.6920,4761.9532,13546.8511,11707.0252,6528.1642,13320.8902,11286.2519,11995.4432,13388.8404,10332.0783,10106.6114,6237.0293,11586.3983,11629.1751,6514.8810,8845.4201,13589.3871,13685.6901,3176.7305,10469.1183,5188.1784,11169.3682,11019.6900,5570.5650,11088.6715,8977.6805,9436.5314,11896.8521,7909.9615,8725.1852,9919.4122,11330.9664,12841.7411,11994.4022,9226.2160,12850.8571,7250.4644,10851.2103,8889.4269,12499.5405,13454.2559,9276.7298,9267.0741,10797.3867,7398.1388,3384.8869,9619.7312,12157.7064,12625.3820,0.0000,8845.4765,11573.9301,11334.1261,12187.5895,12863.0283,5259.1048,12394.6166,7501.3349,9613.2378,10730.6341,13268.7726,11007.6612,12266.2719,9577.9613,5395.6635,8532.2449,10884.1108,7455.4534,8530.5321,11557.1385,5184.3845,4964.8040,9355.5771,11169.9150,13596.4238,3243.9393,385925.7417,406483.3284,399670.2471,389163.6637,392223.7547,397897.1993,391270.2480,394682.5656,336294415.2441,336237410.3103,336260183.8396,336278863.9833,12682.9346,9737.2982,11163.5242,9869.5034,10400.1868,10876.2544,11407.6898,9876.3045,11468.7954,7489.6275,2347.2452,9885.1682,13115.9210,10708.6141,10622.7506,13003.3785,6413.8719,9270.1259,12158.2295,13041.7035,2769.8285,5947.9439,11598.1255,11207.2762,7699.0934,13121.5471,3960.8296,7455.2933,11065.6167,10854.7019,6998.2539,10830.7504,8966.4179,10920.3721,9713.5387,11081.2415,10107.3904,13602.1597,13698.4144,12446.6379,4063.9827,11909.7561,10778.9451,13179.3512,11165.9123,10333.8548,10512.3629,12407.8237,12134.9465,7027.9687,10767.1644,4091.4102,9542.4533,9961.7467,8455.9479,0.0000,8764.6520,13519.0178,10410.0271,13657.4159,12929.3299,7829.2539,12930.4241,10512.6683,12758.3287,10799.1932,12484.4557,5556.3299,9230.3492,11261.2316,9210.8670,5321.8225,10992.9564,1568.0071,10552.9412,13607.5783,10828.9685,5901.2589,12698.8425,13446.4660,11048.2757,9388.1726,385956.7118,406606.8014,399728.8765,389350.7146,392259.0434,397811.2915,391339.9993,394766.1535,336293871.8317,336236867.3697,336259640.5158,336278320.6204,11676.8891,7146.2637,7803.0090,5219.6205,11364.4795,11478.0677,12298.8064,4961.8968,11313.6540,11855.7875,7846.4213,3076.8885,10572.2752,6290.8057,4644.7451,8688.2473,8729.1446,9842.1660,2306.5337,13448.7030,9199.0026,5018.7167,6315.9709,10919.2343,4610.5605,11616.9567,7793.6457,3622.6048,9575.2965,8328.3165,12064.7792,6676.8830,3320.6435,6933.6928,5929.1506,12374.5535,4516.1373,4780.1877,9643.9186,12829.4945,2074.0162,7658.0372,9038.0904,5872.9407,4563.9207,6755.5651,5665.0140,5435.3017,8183.5902,7381.2564,13424.5619,5998.3504,10977.2358,9788.8496,0.0000,7209.4629,4424.9791,4327.1651,7104.6634,8038.2293,9779.5900,765.7354,7419.2166,9998.4983,11692.3142,7944.3979,10336.6406,6078.1088,4894.3489,13007.1512,9692.2439,3533.4282,12919.5577,6431.9463,4074.7928,10326.9615,13799.6549,10055.9864,8251.9143,5929.8546,11918.9192,386224.8392,407543.8737,400467.9298,390059.6988,392849.0554,398665.2667,392062.4212,395401.4637,336293531.3336,336236527.4236,336259300.8953,336277980.1021,6778.8756,13846.3065,13509.4474,9803.6820,8920.4738,2463.9213,13432.3076,12779.8801,9505.1774,13819.9257,9756.7787,11547.9751,13596.3959,8498.1034,11950.2800,6607.5614,10156.3981,10296.5005,9037.3158,10896.3952,13403.5913,13675.0878,4658.4147,8598.3008,8186.0378,12656.5347,10955.2545,3295.8413,12712.0889,7578.7147,10362.5142,12021.1038,8117.3104,8107.0290,9309.7347,9267.8091,11160.0429,10558.8843,11247.7017,12557.1115,6456.8309,8490.4954,8298.4167,12965.0226,13722.4318,7576.6950,7846.9258,12435.3798,6613.2799,6542.5052,10238.7048,12173.0434,13529.4018,0.0000,9846.0876,9579.8560,11699.7003,10145.4914,11485.8043,6622.6995,11344.2905,7073.7829,6981.3433,9901.4745,12301.2168,12873.7654,13145.1287,9050.2487,4353.3098,10762.0854,10786.1167,10088.5220,8356.3990,9607.3355,2196.6755,6580.3417,6642.7923,8792.1932,13680.2324,522.1537,387519.1116,408158.3575,401332.5269,390784.0230,393868.7334,399619.3133,392926.8058,396320.9748,336292970.4479,336235965.4578,336258739.1575,336277419.1687,12377.9813,10225.2633,12595.8330,12105.9556,8636.2932,10787.9725,13689.3014,9775.8496,12410.8774,5137.9499,13159.0253,11489.4721,4084.9915,9335.6362,2814.5397,11880.9905,5544.1179,11955.5323,8372.8867,10866.0803,11728.2312,5288.3839,4291.6982,8352.1541,9800.0117,5477.1502,3781.9436,10191.9973,11630.3928,5638.1257,7206.7733,2715.6950,1674.6709,12855.8447,6252.9055,9170.0639,12010.3575,13115.3778,8253.8600,681.1969,9912.7631,1841.0309,8988.1392,11821.0749,2533.6640,2177.2377,9672.9691,511.6046,10122.5058,5112.6463,13658.2261,13221.9858,0.0000,5234.3584,6944.7689,6710.5377,9829.6703,11635.2344,4541.9384,6914.5648,1160.9783,9487.9240,12842.4602,12139.5693,12116.4033,9791.7459,2863.1594,10190.5444,8678.2255,5348.7796,11957.0326,2240.8017,6363.4822,5079.3636,11354.2969,9261.9722,9492.1026,11401.9741,7113.7101,383380.9371,404357.2287,397413.8011,386906.8326,389873.3884,395690.8238,389004.8000,392366.4295,336296814.9759,336239810.4553,336262584.1159,336281263.7114,3832.9260,9046.9863,10161.9370,13476.9645,3197.5385,4883.5241,10274.7060,145.8487,10068.3614,6773.0587,1663.9164,11108.6130,7467.2094,12494.3075,8711.1134,9566.5240,10276.2734,8968.0125,3255.5310,2123.6145,13143.5059,11092.9482,11372.9236,6046.2942,8859.7021,13495.1326,5985.4232,11134.2647,9665.6337,7266.2105,11260.9819,11427.6377,9813.5212,10360.5084,8189.7091,8522.6313,7922.0548,6330.4311,12550.1108,10674.6199,11432.3367,5480.0030,1214.7294,11766.1360,11567.7821,6593.4284,12336.6018,12239.4236,9681.3673,6027.6270,2569.2674,0.0000,10235.0417,9763.2874,7990.3118,9268.8287,7390.7383,12412.2569,8226.6613,12240.3430,11754.8034,9189.0462,5979.2843,5288.7598,4816.7229,10685.2659,12939.6653,9090.4755,8807.4491,9332.0252,11439.6103,10088.2912,13709.1445,11978.8112,11957.0544,10475.7542,2183.9352,13798.7259,389652.9930,410850.9661,403784.5186,393479.2011,396190.7111,401841.2824,395391.9950,398766.0846,336289748.0491,336232744.3212,336255517.4275,336274196.8587,11292.9964,12036.9974,13802.5825,2674.5766,8041.5694,9917.4679,3950.2353,7918.2886,9565.3339,2795.0152,9158.7835,5765.7246,10470.8334,10533.8546,7258.4042,11532.5502,7212.2894,3022.9289,3566.5274,11970.3556,9174.3011,10575.7359,4161.6781,5625.9766,12319.0861,4532.5413,12760.4851,6824.4608,3777.9635,8787.8731,8924.1607,12076.4415,8993.1806,7806.3350,10348.4722,9925.0992,3257.4105,10460.5110,11373.0319,8874.1753,1781.8663,3151.4158,9720.8056,9346.8686,4805.8241,10211.7307,12644.7118,6731.4846,9189.3425,5954.6690,0.0000,7551.1949,8638.9494,4575.2856,9666.2290,8891.8643,10679.1221,5873.0059,9985.5692,12354.5233,11508.0497,7888.9738,6208.7690,1895.0369,7954.8860,13829.6286,7603.5038,5629.5456,10438.9363,8850.6366,8631.8371,12897.7059,13165.2340,12475.1242,10911.1882,2779.5481,13556.9732,386370.8000,407649.1953,400561.5429,390239.3767,392949.9894,398649.8871,392165.5914,395526.3729,336293070.7726,336236067.0805,336258840.2603,336277519.5756,1541.6363,7968.3161,9679.3123,7101.5046,12127.9607,8927.0004,11245.2083,2751.8334,9341.1275,11198.0493,12857.4587,13120.9963,2456.1558,11387.3817,9092.5677,13213.9544,9454.0272,8904.4453,12231.1205,11141.2184,12512.5567,12440.6099,12894.1158,11085.9930,12321.8957,2934.0920,13584.5671,12513.2848,13113.4991,12807.5171,1666.9487,9865.2694,8190.4095,2895.1349,8514.7517,11571.6112,12683.1893,5217.3681,12937.5186,12111.7523,9195.9766,11723.5031,12030.9821,12629.0325,12603.2403,10258.1724,13438.9012,3967.3876,8217.1174,0.0000,13664.8763,9255.4385,13028.6711,6362.4482,4872.0387,13086.7073,11136.1588,12971.0703,5564.6389,394.4587,5323.3650,10751.7208,11982.3656,12814.7110,6746.4013,13076.4731,12723.5168,9887.0679,13230.8821,9999.4974,10384.2629,7825.3374,5837.2126,5951.4395,9472.3089,9702.9039,394905.3018,415781.0288,408852.6156,398416.1797,401333.3630,407025.2946,400452.5885,403841.6603,336285034.6817,336228030.2238,336250803.6597,336269483.4413,6975.2271,10442.9124,8449.4629,12520.4971,10049.8201,10945.0568,4184.6294,10281.9793,10703.0239,13458.7812,12783.8258,2551.6898,11192.0678,9590.5453,13640.9316,10216.3388,9840.6202,11831.4632,10642.9393,12662.4625,13144.3019,12997.0586,10271.2570,13070.8236,1772.4526,13737.7987,12832.2801,12922.6671,12491.4744,2182.5841,9387.9864,8118.9459,3086.6764,9479.9160,11942.6038,12197.1375,4258.6179,12634.1816,12686.0489,10194.7438,11181.6426,11564.7074,13300.8635,12138.2805,10258.7869,13539.2880,5468.2297,9504.0194,0.0000,13753.3357,8850.2872,13307.7473,5981.4285,5219.0493,12855.6120,11160.2934,12579.3795,4279.2925,1710.2341,6063.8485,11755.9332,12695.6248,12609.6192,5913.6738,13517.7609,12815.8952,10546.9369,12988.9322,9590.1462,9465.7192,7778.1507,4538.7632,5139.5033,10366.1797,8857.0860,394851.3990,415701.3744,408788.9801,398324.0825,401276.1058,406993.2989,400386.6684,403773.2171,336285210.9256,336228206.3556,336250979.8769,336269659.6740,13350.1388,11853.9895,10211.1706,13426.0346,10595.8077,10055.5051,13386.2507,9494.8781,12763.3962,8654.0711,8623.1480,11109.3860,8525.8885,11970.9129,13270.0962,13348.8422,6672.1554,9550.3781,9305.0726,13287.2139,12143.6061,5310.4003,13271.2296,5440.2428,11802.8538,12915.3441,9890.7966,9788.3855,7315.9481,9676.6249,10897.7663,9089.2089,10546.7710,13108.2126,8416.1945,7331.1150,9978.0936,13570.0711,13445.6135,8932.7884,9285.5922,13132.2328,8521.4787,6663.9864,11685.7729,10777.8091,12900.3838,0.0000,11396.6058,9782.6170,12779.6953,9401.8720,10406.6537,8566.1094,11943.0019,9004.4324,5677.2432,8021.1251,11292.3152,12856.5072,13648.5164,10558.8955,2115.3442,11780.6990,11962.5614,9843.9399,10115.6411,10028.6027,4072.9585,5481.6649,5380.9182,7885.4505,13494.2030,2302.3009,389896.7749,410516.1482,403695.2019,393154.1672,396235.7516,401969.2996,395290.6603,398688.9281,336290572.2963,336233567.2955,336256340.9735,336275021.0190,7618.3357,11370.3020,3233.3509,7530.2396,7813.3880,1540.1616,8824.3406,7984.3446,11517.8907,8577.6099,6936.3046,12005.9713,9278.7435,352.9729,1496.4025,12819.1266,8781.9767,11978.9520,6501.6655,6872.1998,12400.5613,6765.6323,11449.2311,8671.0912,5277.4024,9970.9250,9690.8739,10740.0729,7976.1998,5872.2166,8299.5933,10263.1933,3631.0685,11109.4587,9636.3439,9670.9303,4030.0717,1996.5653,9734.7835,9550.1086,7104.6082,10860.5712,13245.8828,8418.8572,7692.8410,5599.8487,0.0000,9315.0399,7395.2828,6343.1882,7674.0228,6591.1643,11893.0032,5392.5661,10820.8536,10906.1563,9932.8187,5506.8145,7499.0955,4457.3202,8780.4936,13267.1342,9595.9487,6817.8282,11219.4124,9892.2628,7620.4756,12796.7242,13130.2379,11095.1800,9153.6159,1043.1264,13505.8608,388807.9804,410115.0424,403023.2479,392687.3808,395405.6386,401130.2691,394625.3896,397980.2001,336290679.3344,336233675.6226,336256448.8635,336275128.1308,8956.8113,4804.2808,12694.9586,5230.1308,6293.1505,13209.3136,8712.6034,13217.5962,8151.3724,12437.6957,6886.9355,9738.5947,7593.6856,6468.8805,12643.6092,13217.4383,10388.4146,8097.5819,11798.0685,13606.7854,7696.3741,9086.7516,11617.2709,10696.6742,12736.2520,13231.1882,7112.8003,12535.7079,10666.2869,8215.7105,4010.9306,10255.7061,13666.4400,10823.5905,13296.6100,9236.9349,5904.5529,13531.7558,13435.6480,8304.3966,13533.7727,9704.9091,11831.5366,3789.5872,2436.1883,0.0000,11900.9139,11971.5356,11046.4165,10570.9093,8371.5477,12622.0896,11563.6185,13499.1846,11376.1943,7029.6718,7278.0658,4867.3515,8197.8629,12893.4431,10648.0434,9511.6802,11706.2373,6306.4532,13162.0292,12433.0937,13420.4335,8772.9212,11558.7046,11078.1655,6777.0445,12563.8765,391535.6313,412466.2943,405487.3629,395166.6576,397953.6721,403529.9565,397098.6090,400502.4857,336287988.5638,336230984.5239,336253757.5925,336272437.3701,10317.2430,12216.5612,11955.9925,10738.6859,12083.3985,5100.6477,7597.9845,13052.3633,12126.3893,4874.8357,4099.1866,11546.2585,11410.0727,6442.8443,12227.3798,2052.5375,6518.5151,9676.0436,10021.7784,6183.0984,11928.9523,7150.9011,9760.2602,8005.0574,9594.9773,11542.2967,13042.1336,13598.5173,13306.7417,6114.2504,11118.7270,9349.8071,13592.0386,9659.9661,9464.9845,10725.1023,11317.7613,10940.8936,5964.3547,9340.6155,4761.0662,7810.6080,11342.9060,9391.2791,0.0000,6861.5417,13089.2638,9032.8182,13874.6426,13529.1266,6062.2484,12139.1582,8961.8063,13166.6655,12116.1479,13138.3286,5989.1140,8493.5383,9797.2835,10025.3724,3450.7055,9625.2789,3850.2953,8913.1623,13025.8918,10265.3908,7297.0131,13067.6101,13715.6164,11105.9638,9229.8730,383881.4454,404579.4032,397688.4029,387300.9784,390207.8485,395787.9958,389297.2500,392715.9784,336295947.9851,336238943.5512,336261716.7359,336280396.7705,10088.0121,6639.1415,1710.5072,11120.2146,7569.0881,12538.4422,8595.3294,9593.4271,10252.2351,9056.6881,3276.1167,2108.1027,13164.6880,11102.8359,11414.5783,6162.2157,8938.8458,13491.6953,6097.1078,11033.7733,9754.4234,7358.2808,11319.4698,11475.0581,9700.1025,10347.7660,8146.7133,8405.8558,7890.4240,6401.2554,12583.6311,10589.6781,11481.7821,5592.7572,1250.0218,11785.0154,11595.3724,6704.1462,12371.1688,12227.8936,9766.2536,5893.3620,2507.5977,0.0000,10317.9166,9742.4633,8086.9198,9194.1270,7284.7358,12457.1634,8258.9534,12283.0054,11675.3039,9068.2924,5865.3742,5346.8607,4943.6928,10740.4751,12874.6127,9173.2899,8884.0121,9328.5464,11496.1716,10079.3575,13692.3476,11929.1870,11880.6564,10398.6588,2221.0992,13771.2914,389789.3705,410984.7431,403919.4054,393613.1447,396326.1966,401976.8970,395526.8275,398901.0766,336289615.0764,336232611.3428,336255384.4515,336274063.8856,11200.8931,8724.3799,1650.3389,10123.6791,7438.4050,9678.8537,801.7647,13618.2475,10104.2611,7520.0347,8660.4363,9613.5511,1587.0286,11514.3088,9672.1787,4560.1770,7274.8222,10167.0588,11225.3527,7200.2650,5436.3252,6077.8249,4449.2712,12145.2494,2292.4050,4850.4371,9579.2789,13667.7050,5019.3587,5760.9636,7839.4807,4449.1263,7111.3063,9138.0855,2987.0931,3034.1548,9900.2143,5516.6329,12911.6050,6416.6514,11903.0129,11646.2217,0.0000,7421.8819,2824.2900,5916.6995,6467.2411,8406.2695,8834.5310,2457.7197,5822.9439,8423.0907,11588.0492,8879.5979,12021.0296,8457.4391,3887.4014,11704.8939,10536.8856,4408.3339,13447.9841,5352.8738,2029.9063,8063.9077,13225.2977,8387.1838,7021.0313,8422.5296,10096.3669,386230.7211,407459.8320,400428.1527,389961.5068,392830.6072,398685.6142,392018.5662,395357.1143,336293772.8901,336236768.7190,336259542.3491,336278221.6368,7251.7632,11541.9951,11824.4997,13623.1024,3299.8472,11148.7459,9333.9842,12550.7314,7581.2623,6769.5731,13131.9378,11480.5546,12677.8282,11111.0146,12279.5605,12390.8770,10970.9129,5580.1818,13109.3281,11502.0956,13233.9276,13018.6271,3834.2623,10131.0696,7769.5846,3326.8128,7823.8050,10367.8496,13291.3862,6627.1029,13116.7334,10692.3509,7024.6703,12227.3901,12415.5191,11403.9615,13163.1101,11124.2512,12998.9961,1583.7145,5970.8725,0.0000,13342.9688,9405.6660,12149.9288,6672.1037,4181.6841,13560.4732,10492.4723,13417.4592,7510.3310,2834.6556,3734.7779,9242.5877,10434.3195,12780.1875,8923.0013,12456.8278,12132.5858,9641.3460,13362.3877,10134.5370,11935.9384,9131.8086,7809.2561,7036.2968,7421.0494,11452.0220,394567.2156,415551.3513,408575.6109,398187.7471,401031.1220,406702.5612,400178.3544,403563.6453,336285158.6735,336228154.4717,336250927.7840,336269607.4514,9894.5295,7531.5601,11901.4353,8594.4472,8172.1533,11129.4544,8959.9729,1636.8917,953.9945,12902.6055,9867.4571,11586.1766,6026.8898,7707.3080,12884.8148,6149.0094,11278.2272,8996.3388,6072.2597,10490.1188,10449.2541,10272.6660,9111.3752,6967.9322,8356.0883,9103.5625,4832.3148,11735.5418,10114.4040,10440.4441,4449.6040,487.2187,10670.7192,10471.0876,6625.8192,11502.3100,12708.4760,8883.1456,6842.5104,4136.7673,0.0000,9615.8899,8522.4647,6966.5025,8413.4875,6900.7231,12048.7340,6729.8431,11426.8425,11298.1200,9544.9961,5611.4879,6310.5537,4282.3670,9613.4807,13088.1238,9192.7516,7655.8602,10252.4105,10545.8159,8796.4261,13200.1393,12546.4558,11494.0856,9769.3300,549.1213,13611.0056,389136.5058,410393.9100,403313.0392,392993.1293,395706.2057,401394.6487,394917.7825,398281.8034,336290301.6267,336233297.9139,336256071.0866,336274750.4299,10641.4860,6647.3856,9766.3849,2417.6063,13379.5456,10354.5600,8804.8271,9839.4578,8664.7422,210.6655,11156.4966,10430.0999,5383.9317,5847.0982,10885.2692,10749.2603,7480.7528,6576.2595,5696.9583,3920.6468,11957.5303,2361.2735,5670.3562,9746.1781,13805.3357,6466.4799,4717.9622,7512.3663,3975.8844,8301.1121,10275.4883,1615.2283,2003.4693,10568.6402,4517.5975,12305.4915,6726.5225,12325.9136,12428.3847,0.0000,7520.0258,3178.9179,6819.7758,6682.4302,8910.4591,8145.9920,4059.3462,4995.3105,7747.4789,11529.3752,9586.0611,12614.1224,9510.2711,3835.2307,10816.2595,10732.1011,5219.1547,13392.1101,4956.5039,2437.5817,6653.7668,12629.9010,7639.9515,6776.8219,9644.5059,8881.3503,386140.7358,407292.1652,400292.2709,389797.8803,392712.6710,398574.1924,391881.4450,395224.0126,336293989.1964,336236984.8681,336259758.5610,336278437.9331,7983.6815,12993.6831,9722.1085,8633.4722,1863.6761,8265.9758,8397.8642,8839.7201,10763.2263,5893.0618,1739.2351,6418.1901,11201.2931,1690.6648,13471.0115,4440.3463,5821.1423,6971.5319,8314.3046,12918.3480,11499.6639,11654.9726,13046.9139,8041.3060,7352.4966,9191.8380,13578.9723,8287.3240,5074.2929,7637.0842,10289.4934,9742.7474,1072.6735,9042.6774,9229.2500,5095.4995,11180.3365,7752.9476,0.0000,4787.5112,11477.0074,5155.7743,12855.2197,12418.4953,7308.4517,9224.1720,8531.4537,13794.9565,12960.4339,11695.4573,4406.3222,3965.0276,7864.5562,12831.3469,2140.3120,6444.0518,7185.6126,7627.9455,11298.4844,11843.2590,11010.8415,13777.4540,13369.1160,7820.5859,11863.7670,383018.6730,404024.4612,397024.1091,386685.8444,389473.5517,395100.4105,388631.4691,392022.5488,336296526.6620,336239522.6714,336262295.7988,336280975.4634,12894.3321,7672.1591,10424.4110,6604.4598,11648.3561,12316.0068,3230.0050,6850.8654,5937.1745,8904.7804,6209.1934,4547.3992,9189.2095,12113.8476,4745.8537,7754.4487,2164.5999,3297.6379,13080.2679,8614.7223,11040.9708,13087.8443,11915.0288,9268.9770,2210.7199,11457.5629,3400.4547,9192.3462,12170.8560,5226.8709,4797.4950,8595.3857,2305.9647,8339.8353,4647.2168,13853.2263,12956.6823,0.0000,4034.2233,9165.3920,6914.1227,11600.8925,12921.4356,1807.8478,8693.6133,1847.4129,10860.8931,13300.2856,13215.5293,11028.4725,9568.4919,4271.3446,9996.6965,6793.7884,6119.7689,10317.2018,2745.7173,8693.7328,5669.4433,10256.0151,10626.9568,11211.9370,11935.7437,6774.7806,382181.6677,403045.5562,396131.6228,385641.0988,388615.8507,394375.4393,387726.2411,391104.9887,336297963.0627,336240958.4900,336263732.0536,336282411.8068,9819.2036,10772.6844,13431.3166,8306.0470,7998.5498,12564.5538,9672.5650,13274.8545,12380.1625,11917.7652,10761.4052,12385.8346,4169.1660,13172.4812,11539.5710,12612.6364,11985.7958,4050.8155,8086.3053,6062.9395,544.0773,10093.5761,10296.6688,12095.6728,3500.7083,12101.5425,11321.7634,8542.6068,10568.1411,10929.8482,12654.7253,11982.3693,11641.7899,12884.3577,4849.0505,8590.2631,0.0000,13328.6030,7380.1637,12218.4070,4088.2446,2706.6107,13184.2168,9528.8759,12402.0610,4613.3876,2837.9846,3705.8437,11379.2786,11507.7859,11875.2230,7946.9234,13418.6839,11744.5908,11354.1003,12556.4849,8199.6771,10216.5322,9590.3499,4972.8860,4019.3349,8585.1254,10180.1215,394654.5176,415656.0014,408690.3353,398247.8992,401143.0753,406885.2730,400287.1686,403659.7352,336285276.4993,336228272.1476,336251045.6464,336269725.2550,13641.6974,9818.2365,6944.4357,8135.5793,9923.1594,2373.9750,11523.9456,9173.3963,4069.6821,7872.4613,9688.4827,11550.0942,6916.1208,4779.0725,6137.9840,4639.3903,12318.7964,2828.2166,4801.2720,9691.9703,13532.3756,4271.6062,6147.3041,8228.3715,4614.5425,6440.1623,8602.3347,3607.9083,3525.7803,9436.5357,5887.4269,13088.3807,6132.4609,11776.2795,11258.0457,0.0000,7221.6742,3172.1862,5357.7289,6673.9695,8387.2421,9005.0791,1724.6275,6104.3064,8918.2690,11728.4212,8721.6102,11635.1508,7845.7461,3883.9944,12129.1188,10277.6819,3929.5606,13368.5987,5443.2045,2472.2792,8676.9913,13453.2429,8905.9320,7405.0383,7854.2381,10612.7919,386069.2718,407327.3045,400282.5104,389830.4712,392678.1840,398525.7618,391873.8015,395211.6876,336293869.9326,336236865.8335,336259639.4256,336278318.6847,8306.0256,12056.9183,11518.6601,8386.9899,13471.0441,5891.4363,9371.3888,12437.0277,10847.6715,8935.3111,8876.2970,10818.2151,12295.0660,11064.1277,12124.2422,8035.6255,13639.4093,13486.8474,11134.7617,3243.9399,12898.1725,11603.5540,12039.2610,12240.5824,11721.0524,10963.8151,12903.0782,12785.7798,9072.7880,11609.3616,3420.4071,11249.1066,8682.7677,8513.1734,0.0000,10609.4147,13469.7225,11980.9284,12931.4436,12049.2691,9149.5601,13576.6062,11531.5699,11480.4145,8943.5097,11756.0916,6907.1364,10738.9890,12391.6731,7371.4573,7749.1389,12329.5804,1860.8145,11802.6236,13710.5490,10484.6155,3647.7147,11439.3694,12494.7950,11549.4062,8623.8925,388456.7143,409042.7366,402191.2670,391792.9820,394736.3157,400289.4996,393801.8452,397231.9018,336291475.5003,336234470.9044,336257244.1015,336275924.2808,9537.0535,9760.8051,7337.4892,10503.0243,4397.9389,3510.8297,6476.3189,10138.6955,3523.4963,13420.8909,3764.0348,6437.9768,5921.6554,7537.4972,13134.1256,11513.2665,12176.9886,13542.7648,8433.4280,8208.3569,8118.0981,13670.1556,7524.7934,6273.7259,9089.9023,9730.7875,9166.4365,2889.3804,8011.0315,8250.3720,4550.4501,12026.8382,9108.1842,0.0000,3793.6237,11615.9508,5523.0056,13212.8303,13096.5566,5718.0123,9645.2674,7445.6519,13646.0737,13311.5665,12573.0216,5695.6022,5491.9080,7328.8730,12217.0758,685.5880,6489.5773,7041.6818,6721.7904,11369.9673,10826.8657,10432.1166,13574.9726,13492.7074,9219.0198,10805.0775,382165.9944,403095.7846,396126.5010,385759.8808,388593.4128,394228.1128,387732.2977,391127.2544,336297493.5603,336240489.4167,336263262.6058,336281942.3520,1377.7912,12914.0969,8755.3062,12145.4309,6803.9480,7071.7915,12401.7028,7056.9475,11258.1732,8913.5749,5525.0511,10128.9184,9803.6904,10550.2722,7867.4641,5636.9949,8015.8663,10311.6178,3812.2002,11195.3271,9395.5305,9788.3107,4352.2065,2053.9678,9752.2864,9594.0986,7399.4842,10947.9575,13305.2443,8646.9355,7504.9668,5618.9134,0.0000,9543.9527,7256.6807,6601.1926,7408.0929,6276.7533,12039.5135,5407.1240,10932.1164,10700.7575,9712.5313,5184.7609,7689.9910,4789.7168,8909.6625,13171.7397,9844.2131,7010.5709,11315.0743,10036.5880,7517.2951,12770.3137,13106.9181,10898.8332,8913.8237,1126.9683,13479.7782,389129.2585,410436.6462,403345.5840,393007.1354,395727.9588,401455.5672,394947.4521,398301.7593,336290367.1878,336233363.4676,336256136.7180,336274815.9831,13290.0540,9793.0550,12205.4196,6931.7018,8139.9702,12988.8894,7059.1582,10947.7705,9640.4021,6577.7793,10932.6571,10747.4879,9954.7241,8838.1549,6395.4579,7717.9199,9500.5474,5082.8783,12006.6058,9587.8937,10745.6216,5146.0418,1052.1048,10727.1611,10588.3273,7519.4224,11773.1802,13090.0451,9468.3159,6493.6468,4439.2316,0.0000,10242.3345,8180.9369,7548.8856,7790.8109,6150.4146,12539.2258,6675.5175,11756.1612,10881.2028,9125.7314,4815.0556,7079.7348,5158.3655,9925.3163,13031.4783,9987.7477,8075.4409,10763.4313,10931.9642,8528.5267,13250.5071,12718.0787,11101.8461,9232.2797,801.0469,13704.0346,389934.9443,411208.3713,404124.4551,393798.7701,396514.1787,402214.5172,395728.3050,399089.3163,336289521.0861,336232517.3694,336255290.5687,336273969.8866,8841.3133,4578.4375,9982.1775,8820.5753,4403.8762,10060.9875,10806.4026,7045.5473,10027.4833,5155.7659,6181.5915,11796.6219,10206.9959,12268.5729,12875.6434,10583.8078,11333.0871,4663.6500,11407.9068,6325.4108,11019.7594,13068.4660,7345.5810,7157.9564,9586.5612,4833.2759,5653.5116,7181.9571,13307.8168,12982.8208,0.0000,6336.6102,10626.8582,9274.1707,12201.4942,13241.3708,2309.2170,10844.6918,4759.5550,10421.9379,12329.2603,13594.8986,10973.4485,11023.6034,7133.1011,7839.4869,7216.6995,8708.2859,8710.2648,5814.2183,10376.8276,4848.7570,7742.3844,10154.9771,11447.5504,13039.5411,4616.5914,383495.5267,404177.4433,397323.9540,386820.5866,389849.3268,395561.9186,388921.2895,392319.4079,336296768.9853,336239764.1941,336262537.7439,336281217.7257,11319.6331,10524.3570,5494.5056,5981.0746,10979.1326,10715.2357,7643.9785,6642.6378,5897.1101,4125.7778,11924.8451,2170.6788,5512.3646,9644.4830,13867.2961,6462.2462,4922.8723,7400.3854,4179.2679,8346.5549,10248.7634,1813.0317,2213.6705,10673.8500,4723.9997,12428.0145,6888.1992,12282.1171,12428.8095,0.0000,7696.0393,3000.9721,6921.5502,6532.2658,8789.1409,8340.8040,4002.3321,5204.4590,7671.6857,11476.2957,9479.8796,12684.3386,9566.9686,4016.2028,10857.6685,10880.3020,5329.9537,13489.7395,5158.7662,2250.2235,6758.9915,12705.9106,7571.2611,6648.4076,9609.5511,8982.4521,386306.3510,407464.8389,400462.8070,389968.5214,392881.6437,398745.4183,392051.8819,395393.5909,336293823.4558,336236819.1338,336259592.8297,336278272.1923,7391.0619,9196.1035,8506.0760,7220.9709,11900.0389,6543.5201,9688.1180,6739.6903,8387.4074,11942.9709,12385.9729,13466.5734,13551.5082,7691.6214,11191.9034,7845.3246,13284.3525,8465.7826,9854.3468,11643.4226,10177.0636,9803.2223,6832.2490,7880.2120,4462.7512,7140.4620,12298.2177,10762.5752,0.0000,6044.5391,12565.4933,8843.4196,13702.8700,13800.3180,4254.5495,11819.7757,7498.0337,12676.0812,12533.7911,13626.0694,7657.9041,9187.7426,8801.5733,9505.9407,3914.4713,9135.5548,5401.0674,7677.7031,12414.5982,8839.3287,7356.5609,12520.8909,13373.5454,11882.1175,7948.4258,383085.3375,403764.1071,396888.6905,386465.7518,389413.0599,395028.9941,388494.1358,391908.4035,336296871.5723,336239867.0187,336262640.3076,336281320.3445,6080.9925,11795.2805,670.3524,13384.1636,5003.9243,4992.8446,7607.2715,8631.1187,12696.4494,11010.8236,10748.8539,12366.4371,8255.4907,6194.3630,9771.1430,13151.4301,8591.8068,3714.1960,6146.1281,10341.6229,9822.5737,676.6970,9584.3295,10308.5237,5453.4652,10450.8591,6719.8448,0.0000,5560.1785,10886.0557,4660.5319,12139.6456,11512.2307,8492.1598,8395.1801,9137.7250,13603.3401,12567.2878,10649.5571,4053.8990,2344.8915,7977.0516,13289.0934,3832.5863,6112.3920,7932.6150,8098.0136,10756.2644,12422.4624,11688.5643,13631.5983,12879.9341,6304.7463,12600.6844,383924.3217,405017.4975,397986.1901,387663.4229,390415.8654,396053.9561,389593.5426,392976.9015,336295549.2884,336238545.4242,336261318.5347,336279998.0945,8675.8860,6685.3061,13175.6853,3265.1701,1943.5651,4104.1418,3862.4973,13515.5458,6628.7970,7926.4209,11852.7360,12285.8436,3635.5271,5800.4769,11083.0576,3742.1969,4052.0789,8123.5981,5363.5125,4739.2848,6234.9294,5529.7250,11974.1682,2522.0351,12410.2630,10439.4019,0.0000,3826.6993,6890.7468,1591.8210,9781.0821,10665.9739,7134.7068,4027.9902,5208.0787,11534.0689,13162.2792,10496.3086,9444.9375,5270.5615,2704.2840,13012.3252,7062.8207,197.0831,11711.1044,3794.8711,6342.8463,9697.5555,13182.9641,11490.0819,10463.1416,7554.6239,11154.8628,383174.1900,404388.2244,397343.7500,386934.3355,389748.0938,395530.6430,388939.7144,392291.5808,336296582.4606,336239578.4571,336262351.8838,336281031.2315,12019.5744,9356.6856,8518.7782,10074.0972,5783.5252,5310.4667,11038.4525,7204.8454,9874.2482,11034.7470,12601.4993,10733.1700,3568.4612,8545.2779,5499.4242,11464.0819,13120.0430,4641.1451,4901.4756,11623.3923,3734.5185,8539.1008,8194.8829,13070.4249,13776.8017,0.0000,8018.6458,7761.1538,9721.4508,9495.6870,11357.0116,5429.4772,9202.1650,4354.0417,7455.3481,11282.4324,12167.5022,13024.8046,11994.7884,6363.8625,7188.8348,10208.6828,8513.4086,11435.9918,5744.8921,7521.2538,1354.6886,9172.9123,7128.2607,8461.9410,12865.4981,3737.3811,385683.0233,406481.5059,399605.1688,389058.6202,392105.5781,397908.8343,391196.1899,394571.4554,336294739.7359,336237734.9153,336260508.6544,336279188.4566,13293.8110,5480.1621,5618.2143,8012.6186,9090.6324,12514.4129,11423.4221,11077.1047,12387.1858,7732.2833,6734.6103,10134.4059,13294.0835,9060.9851,4278.9356,6217.0037,10779.0696,10277.6441,773.4081,9958.2201,10031.0116,5970.5480,10234.3292,6416.6787,0.0000,5977.7020,11276.1777,5297.9984,12364.1412,11617.8739,8661.7710,8913.2042,9519.4456,13717.2299,12428.8820,10721.4196,3452.3763,2809.3052,8489.5837,13179.1265,3731.9985,6708.2907,7435.0090,8547.9942,11182.5181,12592.5492,11399.3538,13748.9301,13069.5202,6474.9509,12629.2160,384151.4037,405217.3703,398193.2021,387875.2713,390628.8958,396251.9231,389801.6564,393189.2206,336295315.0445,336238311.1678,336261084.2544,336279763.8527,13600.1634,13220.8301,12541.1496,12214.7173,2491.9498,9748.6691,9089.9392,4712.0057,9354.5646,12599.3135,11640.9590,4852.1181,12373.6033,13226.0697,11208.6237,10985.5903,11376.8505,13454.0803,11621.4494,9119.1490,13441.1277,6632.4255,10335.0278,0.0000,13508.8526,9354.4354,13543.5991,6977.7274,6713.2818,12087.0738,11733.3806,12078.0699,4134.3247,2946.6872,7574.2815,12015.6479,13195.6340,12498.8726,4234.6136,13248.3527,12990.4114,10062.4173,12669.1679,10005.1949,8406.0128,6526.8737,4252.7321,5781.9004,11391.9537,7470.6480,394166.2667,414925.6450,408046.9035,397561.4931,400554.7857,406266.2075,399644.5291,403037.8079,336286011.4081,336229006.6897,336251780.2459,336270460.1495,4134.2228,3052.2332,4369.3392,13829.4329,9028.3521,10415.6322,13218.5290,11094.4958,6242.1717,5576.7662,12592.9881,4291.6198,5265.4752,9302.1901,6826.7193,6144.8389,4789.7374,5398.4505,10101.8387,858.1810,12986.4050,10615.4051,0.0000,834.4504,9326.5898,2938.1202,11824.4598,12440.2635,4974.5639,7060.3801,4769.5902,12669.3936,13779.4156,12187.8781,8355.4512,5572.8418,3931.9863,12590.4862,4358.8759,3302.6106,9943.7456,3541.8225,8853.9132,9539.3876,11991.8463,12571.3858,12181.4892,9037.4727,10454.5460,381592.2223,402654.4580,395654.8523,385249.8406,388092.8423,393818.4383,387253.9093,390625.4090,336298164.0792,336241159.9504,336263933.3043,336282612.8546,5744.5669,5674.0346,13224.0267,7247.6470,7637.4258,11419.7592,11642.1570,2242.7182,7508.4148,11231.4047,5576.9147,2186.9822,6498.0745,6868.4850,6338.3464,5331.0321,7240.0137,12371.3566,3686.9378,11484.1634,9064.6027,0.0000,4876.3877,7272.6618,1264.4427,9671.3904,10053.3748,8407.5137,3984.3945,6943.7833,11917.9945,12773.8055,9610.2352,8348.8056,3624.7532,4554.1233,13510.2013,7017.7904,1995.3215,11398.6455,5594.7699,6894.0417,10958.0347,13393.0326,11935.4406,10623.7854,5915.4900,12172.3245,383995.9992,405258.1647,398189.6954,387813.9132,390582.6682,396341.4943,389788.2621,393140.7342,336295630.9676,336238627.1071,336261400.4456,336280079.7507,1932.1234,13306.9419,7676.5114,9936.6725,12720.8950,11989.3804,7379.8739,2564.9284,11313.3579,1938.1626,7364.1849,10810.2158,4544.9089,3904.8733,7400.2975,2413.6157,9558.1197,2697.4428,13426.4179,12090.0326,0.0000,2547.2484,8194.9335,4883.0172,10953.2250,12197.1690,3369.5018,6996.6027,1729.0760,11073.0443,13328.9020,12348.0623,10315.1150,7947.1862,2434.6516,11095.1279,6304.7447,4032.3928,10681.5798,970.1229,7643.2798,6957.8949,11300.3028,10898.2263,10916.4282,10472.5572,8309.4175,382115.1798,403105.9472,396145.0512,385681.8641,388600.2812,394370.5060,387739.7560,391108.5391,336297884.6491,336240880.2783,336263653.7964,336282333.4025,13185.3195,6077.5989,8723.4075,12055.0354,12925.7893,6884.1941,2055.9069,10300.7239,193.0641,7565.1000,10811.4352,2755.0420,2056.7141,8554.5017,1785.5798,10660.3377,3710.9948,13414.1936,12493.9440,0.0000,4135.9946,6705.2125,5145.5988,9802.3463,11409.1999,4894.0990,5822.3641,1625.7502,10160.9035,13066.0847,11730.1762,11335.0514,8472.1197,1230.8909,11146.1115,7946.7781,3749.4473,11881.3351,1071.6473,6059.3603,6538.0757,11973.6913,9989.4674,9788.9857,10340.5459,8397.5735,382972.0325,404026.2502,397050.7386,386571.4567,389492.2492,395303.3229,388642.8130,392000.5045,336297088.5577,336240084.1956,336262857.7913,336281537.3034,10874.5683,9556.1229,4524.6275,7795.3949,12520.8048,12856.2339,6287.5111,13326.5221,12817.3326,10103.4888,12280.6166,12566.3780,12805.2634,12806.2207,9213.3401,13764.3163,4579.1331,8629.6514,0.0000,13831.8878,10353.2738,13604.2969,7749.1333,6471.8759,12852.5103,12171.2870,13152.4517,6167.9348,1363.7608,6840.3273,10710.0964,12540.7591,13305.9472,5761.1401,12916.2238,13345.3913,9056.9081,13524.4597,11037.2092,10230.1762,6512.0645,6360.4781,7100.8747,10468.0138,9129.4557,394745.2103,415524.0711,408627.1832,398185.1834,401129.7728,406795.6112,400228.6903,403628.2789,336285250.9647,336228246.3953,336251019.8161,336269699.7233,3559.8002,7984.8903,13707.9691,6391.8169,6828.2342,5833.6729,6134.9711,8564.5944,9467.0681,3863.9166,4298.1204,11257.9953,6637.1127,13001.1098,8313.9780,11087.5020,11742.6615,0.0000,9187.1016,910.5154,7837.0132,4547.2022,6973.7835,9918.7728,3783.1257,7127.3323,6537.7109,10230.1253,7801.6847,12729.2783,9766.9813,5815.7216,10716.7235,11854.7379,6459.5610,13726.0412,7043.8720,483.1952,7653.4240,12771.2964,6535.5119,4948.1244,8807.1488,9622.5400,388335.9742,409533.6745,402517.5079,392032.9830,394927.4488,400791.9789,394106.8681,397445.8230,336291752.8857,336234748.6224,336257522.3085,336276201.6246,5758.9700,12786.3049,5940.3343,9664.4439,5164.7656,8765.7410,8099.4710,7256.9188,7093.5775,7370.4566,11151.3380,9453.7880,13726.7350,9825.9849,8747.9662,9696.3487,0.0000,10765.3002,2661.1545,8596.7515,2641.1131,4052.1857,11993.8595,4291.4353,9823.6505,6699.4548,8573.5730,4680.6616,11773.2047,9118.1069,8191.5781,11302.0657,12473.6661,7776.2499,13467.4258,9492.8045,3370.5168,10057.9679,12973.8986,6900.1084,4302.6026,6610.2010,11400.3127,390786.0229,412053.0554,405002.8376,394565.7835,397396.2852,403226.3501,396595.4895,399935.6710,336289095.8107,336232091.7488,336254865.3123,336273544.5666,10341.6925,10089.0610,12249.8298,3619.7327,12164.2006,11176.5471,8309.7967,10618.6338,10974.5453,12667.3162,12125.9995,12051.5747,12913.0350,4876.7056,8521.6061,0.0000,13405.5879,7240.9489,12146.1874,3859.2173,2227.0057,13417.8213,9333.9651,12539.4438,4911.1706,3267.6103,3272.9329,11435.0054,11399.1130,11893.7060,8461.2009,13551.7638,11682.5537,11647.8257,12638.9051,8074.8635,10537.8972,10062.5435,5279.5798,4024.5373,8323.0706,10596.2765,394722.6712,415755.8910,408779.0194,398341.6454,401224.5676,406971.5889,400375.7466,403745.4227,336285181.8178,336228177.5125,336250951.0059,336269630.5751,11913.8941,12894.1009,12107.4141,13013.4244,10543.3479,8833.3338,13657.1792,13507.3703,8131.9019,12830.9145,6494.5359,11506.9566,6734.5924,5771.8354,0.0000,11129.4591,13362.4966,11561.7179,12487.5531,10955.7761,10850.5799,13060.9851,12721.8150,12042.2514,8366.5843,10264.6616,4805.3038,9349.0335,12887.7702,9275.7621,7964.0201,12194.3767,2591.2213,12645.7538,13687.4261,12352.0490,6159.2534,12104.3682,12486.2311,9591.3689,10911.2650,389574.6364,410297.3693,403389.4980,393042.6712,395902.9197,401440.8751,395002.5146,398426.1221,336290122.1509,336233117.8370,336255890.9162,336274570.9498,8656.7942,10149.9171,6814.6455,2662.9693,5311.0370,7248.7987,6905.7217,6677.4679,8380.8235,13274.4668,5750.8916,10480.1852,8468.3602,0.0000,6925.7562,6183.2411,3497.2303,8217.9607,8444.7252,10015.4516,2806.8216,8265.7565,11148.8336,11863.6133,7949.9247,8848.9318,4215.9709,5779.0716,13577.2471,8713.0139,3609.9565,12118.5281,7099.5834,5972.3741,11464.1680,13784.4842,11232.3154,9470.8205,4509.8990,12726.8808,385914.7466,407242.3713,400153.1896,389782.0147,392531.6051,398306.7867,391751.2230,395096.4666,336293696.2152,336236692.4252,336259465.7788,336278144.9984,10200.6810,2217.4566,9219.4733,12050.6247,3173.3994,2841.0175,9599.2434,283.4768,9648.5499,5140.1829,13748.1034,13282.4604,0.0000,5087.7099,7493.1145,6930.3084,10239.2498,11964.6320,3938.8516,7458.9343,872.0391,9683.6339,12913.2052,12449.3202,12005.6753,9923.8466,3272.9776,9972.6943,8388.4228,5677.9708,11623.9668,2320.1940,6948.3147,4878.1141,11009.9663,9445.1848,9836.6898,11677.5343,6768.4319,383152.0355,404091.2403,397159.5147,386651.2840,389627.3958,395433.6979,388751.0824,392117.0124,336297055.3679,336240050.8094,336262824.4603,336281504.1035,10431.0655,11680.3553,10221.4110,8308.1133,8840.4653,13369.0813,10111.8941,11920.4670,12147.9539,8060.7733,11018.1942,0.0000,12640.6730,5338.6919,11821.5111,2687.1048,4339.5244,12123.8004,8505.4984,10683.8739,1898.8986,5572.3586,5854.5713,13059.8637,12247.4577,10373.1818,7506.7967,13741.9371,10893.1502,12731.1811,11070.9431,6110.7589,8013.8128,10257.8121,2248.7866,1012.8999,9988.6082,8677.3557,393248.1150,414255.0033,407302.5214,396806.4268,399755.2932,405564.7392,398894.1771,402255.0363,336286913.0819,336229908.5776,336252682.2524,336271361.8164,7492.1691,10807.1865,2852.2047,2137.0678,8519.2526,1951.8323,10799.1803,3615.9510,13503.0555,12527.8228,0.0000,4076.9195,6761.6103,5037.8199,9891.4331,11488.6972,4986.6028,5780.7349,1752.0633,10314.8721,13197.3898,11793.4873,11353.7649,8416.8569,1101.9708,11328.0860,7947.3312,3635.2120,11972.8256,1030.3770,6103.6882,6729.7820,12130.4283,10147.0510,9908.2525,10327.5611,8587.5869,382851.2997,403914.6045,396935.7122,386458.3223,389375.1497,395187.1546,388527.7961,391884.7371,336297199.7589,336240195.4115,336262969.0038,336281648.5053,4828.3085,8687.3263,8217.4550,4257.7687,8965.6095,12389.9417,5127.9797,10422.7434,7361.4544,0.0000,6039.2650,8385.6130,2852.6405,10059.9054,9779.5663,9503.9447,5274.3126,8663.9559,12500.3371,12339.2128,9003.3872,6788.3326,1672.1505,6544.8217,13837.6130,6776.9566,4088.6877,10630.0276,7405.7598,8203.6711,12195.4989,13264.0590,12568.9993,11163.8253,4390.5933,13044.4201,384855.6055,406122.5909,399042.7768,388703.2027,391434.0157,397151.2423,390645.0875,394003.9326,336294643.6244,336237639.8736,336260413.1006,336279092.4213,11035.3602,10843.9517,6735.1343,11822.5448,12661.7308,9219.7395,6533.4087,3711.1131,0.0000,9908.4539,8863.0967,7356.2802,8586.6888,6924.7716,12261.1770,7181.6690,11748.1843,11397.5416,9384.7971,5573.7183,6121.1556,4525.2521,10001.3620,13071.0381,9291.4061,8070.8005,10081.1488,10894.4593,9164.5378,13398.1218,12437.8373,11600.4892,9918.0953,971.7400,13720.6872,389420.5845,410665.8499,403587.5466,393272.1836,395983.3498,401662.1098,395193.0187,398559.4071,336290004.5364,336233000.8248,336255773.9794,336274453.3415,748.8463,10377.6240,2995.9858,11484.3412,6120.0818,12930.0263,12895.3204,0.0000,6701.7291,4650.6254,6814.0576,7877.1874,10010.7162,6823.8788,5217.2345,3543.3955,8206.0171,12024.6380,10660.7786,12591.8462,9765.3518,3137.6757,10419.1663,10083.6744,5204.4837,12948.2784,3812.0702,3993.7060,5655.3865,12114.6504,8032.4654,7707.4485,10483.0153,7969.1523,385082.9042,406162.7656,399187.7635,388681.9624,391624.3270,397475.3330,390777.0924,394126.1819,336295100.4567,336238096.0304,336260869.7309,336279549.1904,9845.3356,2622.0201,11389.6688,5424.4360,13036.4884,12730.2284,0.0000,6026.9239,5043.1614,6200.4845,8316.8340,10306.5256,6416.4708,5071.8484,3050.3225,8772.4525,12325.3038,10853.7786,12237.6239,9294.7230,2405.0898,10731.0703,9545.8648,4588.0678,12736.3153,3124.8716,4357.2588,5997.5413,12192.5481,8606.4350,8243.2013,10293.0293,8214.8311,384502.7430,405590.0822,398609.9786,388113.1767,391044.6226,396887.6011,390199.9529,393549.9616,336295636.9910,336238632.6013,336261406.2724,336280085.7284,9426.3745,9907.0721,5326.1806,10737.9191,7090.8174,0.0000,5276.5527,11171.5624,4855.7787,12468.6903,11902.7780,8077.8344,8763.0237,8951.8800,13730.8543,12744.8835,11087.0157,4079.3554,2986.6277,7974.6877,13150.8769,3192.1572,6265.7317,7611.8987,7957.4846,11023.2151,12255.9198,11442.5582,13742.0896,13123.3063,6912.5843,12365.8194,383551.1882,404610.6537,397590.8335,387263.6776,390028.1036,395659.9981,389198.3562,392584.9938,336295944.5429,336238940.6346,336261713.7465,336280393.3478,9728.9770,4934.9458,13616.0755,13108.3647,0.0000,4939.6317,7297.2965,6676.3527,10084.0576,11797.1727,4032.0126,7188.0440,771.2467,9645.8167,12837.8035,12264.8588,11863.5713,9693.3091,2997.2722,10048.1777,8297.6301,5405.7690,11599.2440,2107.2764,6743.1808,5030.1505,11067.6867,9416.6724,9728.6392,11438.1859,6922.7106,383205.9644,404160.3851,397222.8334,386718.6286,389687.2181,395493.8480,388814.4766,392179.3765,336296980.5810,336239976.0487,336262749.6919,336281429.3180,10484.3202,10879.7474,10985.4206,0.0000,9653.9290,13048.2849,11851.7331,13108.5011,13004.3902,6972.9821,13448.8895,9686.9313,10950.1781,10175.4225,13065.5264,9073.9354,11724.6887,11237.4646,6163.5425,7740.6057,11856.5881,4516.0031,10319.8760,13150.0737,8163.9937,3243.8315,10792.0251,12338.7750,13036.1643,6093.6382,386752.1468,407272.7801,400456.6579,390002.5464,393017.4285,398615.6169,392062.8526,395489.8411,336293408.2127,336236403.3953,336259176.7459,336277856.9726,12968.2243,10774.7642,0.0000,1322.0715,8643.5788,2542.1828,11302.4102,12065.6666,5177.3352,6350.3232,4346.0497,12268.5168,13654.3173,11877.6878,8823.4741,5683.7747,3143.3070,12555.5846,5134.6921,2552.4949,10455.7580,2980.4477,8130.9994,9256.2135,12225.4166,12171.3849,11685.8863,8875.0218,10370.2577,381851.3408,402943.2768,395936.8675,385523.8993,388368.4091,394113.5655,387534.5762,390900.8731,336297930.0277,336240925.9026,336263699.2931,336282378.7995,4761.0050,0.0000,13246.8536,10385.3001,12080.6637,7980.9543,5436.4015,13625.8526,11003.5945,13788.6223,8855.4621,3942.6817,4616.9303,8152.0926,9932.2205,13131.0417,9533.6896,11892.4012,12278.5470,8797.8013,13642.5257,11051.7508,12674.9284,9054.9691,9125.5607,8430.7587,7112.9249,12031.1846,394147.0065,415118.3013,408139.4313,397776.4387,400597.3653,406235.3793,399745.1109,403136.5958,336285496.4320,336228492.2948,336251265.5204,336269945.2202,0.0000,11049.2394,11158.2424,9555.8347,10179.4544,8025.5015,12560.5228,10142.6771,13019.6269,11847.9715,8252.8348,6683.3640,4271.6785,6343.4090,11948.8583,12013.1840,9036.2755,10371.1138,7611.2839,12427.5131,11552.7110,13802.8795,10484.5368,12043.3744,11053.4818,4654.4314,13388.8196,390505.4399,411570.4695,404544.7974,394241.4683,396980.6973,402582.9426,396155.1477,399545.8990,336288921.4822,336231917.6288,336254690.6848,336273370.2940,0.0000,0.0000,0.0000,0.0000,0.0000,0.0000,0.0000,0.0000,0.0000,0.0000,0.0000,0.0000,0.0000,0.0000,0.0000,0.0000,0.0000,0.0000,0.0000,0.0000,0.0000,0.0000,0.0000,0.0000,0.0000,0.0000,0.0000,0.0000,0.0000,0.0000,0.0000,0.0000,0.0000,0.0000,0.0000,0.0000,0.0000,0.0000,9533.9458,3712.2171,12035.9285,12744.3134,4200.9041,7529.3177,4268.0240,12592.2911,13851.1501,12566.0346,8684.0476,6293.1857,3936.0964,12250.5482,4318.1618,3841.3133,9817.7755,3200.6010,9053.0306,9054.8794,11665.0691,12470.0809,12264.6830,9670.3733,9934.4231,381380.6078,402399.5103,395416.5989,384999.4772,387864.5035,393589.7185,387015.2497,390389.6964,336298429.6737,336241425.4689,336264198.8459,336282878.4451,7967.7858,3762.7429,6117.7837,10367.9509,3712.8923,7760.9289,6270.8046,9628.2851,6942.0660,12415.1675,9546.8140,6370.2754,10659.1283,11942.2870,6721.8647,13546.6577,7620.6520,883.0512,8112.5740,12657.3415,6322.8018,4419.0062,8208.3918,9904.6303,389034.3425,410244.1071,403221.4039,392747.5633,395628.4100,401483.8091,394811.5378,398151.2595,336291006.6458,336234002.4237,336256776.0815,336275455.3885,10476.8329,10938.3191,7488.2088,4905.5426,6268.9253,12331.5965,13270.7163,10538.1814,8271.2103,3891.0320,4105.8703,13442.4175,6141.4763,1698.4122,11047.2299,4851.3332,7530.3950,10675.4053,13158.6969,12313.1959,11261.0503,6880.8332,11837.7454,383013.4438,404229.1798,397176.1279,386795.0015,389579.4934,395329.0398,388774.9017,392132.0900,336296635.0649,336239631.1475,336262404.4834,336281083.8470,3000.2820,12423.2980,6581.9302,10572.9686,4452.0259,6756.5086,4404.3291,12489.2219,10826.9227,9564.9621,9644.0941,13393.9674,9607.4703,13260.9060,10599.9463,4644.6331,9323.4772,11821.3648,4729.4959,1914.3736,8174.1874,10362.0927,392569.5226,413725.7585,406717.8894,396253.8416,399136.6195,404959.5073,398309.8501,401658.6451,336287433.2638,336230429.0056,336253202.6247,336271882.0095,13414.7139,7760.8808,12161.7547,6026.1369,5233.7370,1633.6797,11087.9992,10189.8155,11041.0335,10054.4833,13207.3492,10509.9560,12252.7551,12019.6280,6946.2399,11113.0236,11446.4279,6373.0536,4202.8191,6753.7599,11579.3726,393819.1072,414973.8914,407953.7096,397535.8917,400371.7234,406137.8714,399550.1312,402908.5522,336285988.9292,336228984.8060,336251758.2752,336270437.6932,9823.0125,3605.7345,11448.0263,13218.0576,13591.0605,10216.3951,9564.7760,5688.2305,9660.2460,5752.5410,7057.2817,9003.0616,4207.5548,9992.0703,6278.9281,9275.9823,11221.3239,11997.5435,12164.2314,6652.6102,382080.8875,402867.6446,395973.6447,385496.6732,388474.8248,394191.9295,387571.1490,390961.9629,336298031.4657,336241026.8602,336263800.3538,336282480.2161,7302.5977,9462.7160,11475.3418,7817.4810,10809.8695,6745.0071,4875.0455,12711.4516,10118.9839,3917.4468,13148.2714,6437.7664,3333.1135,9926.8806,13723.7571,9515.6393,7686.0499,6363.4359,11608.7089,386572.2050,407882.1389,400812.7711,390391.6630,393196.2187,399024.4905,392406.1736,395743.8088,336293237.2898,336236233.3314,336259006.8430,336277686.0532,10261.3172,13197.6801,12538.5671,11558.9579,9347.8644,2792.8562,10458.9155,7754.1028,5102.4032,11416.4793,1544.3947,7191.9446,5632.8324,11214.2584,10042.5670,10299.2608,11377.8387,7345.7560,382628.8256,403587.0662,396645.4171,386150.6429,389108.6907,394905.5312,388237.8216,391604.1708,336297513.7195,336240509.2217,336263282.8331,336281962.4605,5846.5813,7430.0791,13440.8629,12988.7241,10454.7374,6025.5226,13661.9715,11338.1523,12383.5162,10896.6192,6896.3616,6699.8552,9242.8791,401.3191,2606.8189,11226.0868,7166.4778,392824.9640,413729.5376,406815.4227,396295.1311,399291.6263,405095.4105,398406.8228,401775.2098,336287464.7505,336230460.0745,336253233.7924,336271913.4766,5628.3281,10762.9114,12164.0608,13086.0641,6708.1607,13155.0251,12992.7208,9772.6805,13469.1650,10365.5909,10558.7477,7670.8664,6108.2924,6323.5548,9694.0924,9781.5053,395046.3243,415903.8952,408980.7309,398545.7841,401465.5216,407149.4424,400581.2442,403972.8034,336284894.0362,336227889.5643,336250662.9896,336269342.7965,10044.5480,9263.3698,11246.2269,10803.3802,12682.7618,10358.1232,11751.9284,12234.9328,7691.9415,12007.2301,11642.6996,7758.2507,5715.6120,5499.7830,12355.5950,393548.8017,414731.0017,407693.7551,397306.1154,400105.0313,405844.8860,399292.7271,402653.6258,336286138.3422,336229134.3386,336251907.7173,336270587.1180,5257.8610,10908.5078,12218.0043,5483.6883,9416.9513,5315.2871,10912.2881,12551.1523,13258.5358,9828.0314,13517.9217,13068.6844,6814.6868,12681.1950,386733.8768,407691.5799,400697.8201,390394.3507,393157.6597,398725.7045,392310.3242,395713.6963,336292728.5801,336235724.6340,336258497.6454,336277177.3943,7584.6505,13712.7647,5905.0247,5301.2030,9482.7684,8178.0931,9443.6867,12640.9185,12667.3352,13062.0729,11848.6832,4425.5856,13158.4705,384953.4710,406164.4284,399096.9118,388775.1464,391500.3182,397177.1681,390702.1622,394071.3027,336294493.8723,336237490.1206,336260263.2714,336278942.6768,11783.3562,7807.5744,2594.2148,12007.6185,1646.9774,5701.0636,7525.9786,12484.0784,10326.0959,9792.1093,9473.9664,9324.0392,383056.8602,404175.5303,397174.7747,386714.5599,389601.4805,395411.8619,388767.4854,392121.0610,336296914.8407,336239910.5961,336262684.1529,336281363.5930,11948.0066,12833.7286,8878.3265,11405.4675,11027.3533,6049.9739,4041.1113,5839.7778,8227.9969,13257.2322,4049.3663,391222.0647,411808.4215,404991.6638,394473.4669,397539.1209,403233.2982,396590.0274,399996.9952,336289163.8605,336232158.8890,336254932.4856,336273612.5921,7065.5093,6462.4431,7140.8283,11729.6531,10830.4292,9981.4805,13588.4758,13614.3510,9481.2638,10639.1730,382373.2285,403265.4771,396307.8713,385941.2950,388783.2111,394405.0288,387914.4915,391313.9745,336297300.0922,336240295.9122,336263069.0894,336281748.8843,11626.8885,3714.8881,6178.5717,9526.3108,13036.6402,11293.5374,10275.7911,7503.1689,10987.4426,383325.5043,404533.3858,397491.4926,387079.8283,389897.2569,395680.2639,389087.3422,392439.5470,336296440.5318,336239436.5153,336262209.9475,336280889.3019,11457.3697,13734.2609,11276.2140,5407.0821,12362.8360,13070.3768,10705.1423,9722.6869,387454.1289,408106.7095,401226.2727,390856.3647,393755.8000,399298.4341,392838.3150,396265.7839,336292349.0589,336235344.6171,336258117.7418,336276797.8502,7003.7136,6975.1654,11892.6588,10724.2732,10604.1497,10478.0131,8599.5478,382246.7589,403279.3637,396307.5157,385837.7386,388753.5812,394546.1006,387900.8323,391263.1113,336297774.1003,336240769.7491,336263543.3035,336282222.8504,8009.5895,12964.9906,6909.4924,5212.3241,8476.7689,9952.1099,388197.8551,409417.3440,402392.1795,391915.5260,394797.0814,400659.7708,393981.8946,397319.7247,336291854.9211,336234850.7030,336257624.3705,336276303.6629,8415.2044,6347.4342,8077.8675,13202.5162,2695.6688,386787.5412,407536.0676,400677.7221,390123.7363,393189.5461,398984.2331,392269.1531,395648.9808,336293687.5122,336236682.6150,336259456.3665,336278136.2299,9139.9443,10886.9826,12863.6431,6116.0460,389969.0423,410490.2977,403677.2903,393215.6548,396238.1703,401843.7545,395282.7915,398708.4830,336290223.4418,336233218.5847,336255991.9703,336274672.1972,2877.4933,11425.2955,6839.8906,392567.0041,413458.0771,406549.4880,396024.1697,399028.8312,404834.2293,398140.6995,401509.6653,336287748.6165,336230743.9133,336253517.6423,336272197.3409,9596.0897,9018.6291,392726.4136,413784.4926,406815.2067,396322.1080,399256.4917,405080.3177,398406.2079,401761.2838,336287414.4679,336230410.0250,336253183.7061,336271863.2031,13715.2257,389146.0219,410428.0232,403340.5163,393017.2855,395728.2667,401429.1362,394944.4645,398304.8024,336290300.6522,336233296.9532,336256070.1454,336274749.4538,387605.7682,408223.8790,401403.4520,390859.0519,393944.3040,399682.7355,392998.5744,396396.1236,336292873.9674,336235868.9686,336258642.6482,336277322.6900,31974.8995,21138.3068,19374.4960,12256.4828,21876.1888,16404.3662,15887.2979,336678612.0469,336621610.4883,336644382.3528,336663061.0317,11126.3557,18876.5033,20179.1095,16519.2828,17623.5501,16245.9301,336699847.3207,336642843.9074,336665615.7725,336684296.2627,12869.0243,9308.9652,8729.5799,8432.2419,6004.0872,336692815.8634,336635813.2165,336658584.9659,336677264.8347,11252.6457,17946.5518,7202.5940,9082.2315,336682853.3592,336625850.0741,336648622.2662,336667302.2712,11118.2163,5355.1498,4420.2733,336685225.9677,336628223.7343,336650995.4882,336669674.9481,11252.6457,11148.5601,336690288.9605,336633286.8091,336656058.0816,336674737.9913,4332.0536,336684485.5138,336627482.8105,336650254.6333,336668934.4764,336687932.4578,336630929.8873,336653701.7659,336672381.4179,65608.3043,43052.2492,15743.8945,29796.4083,51535.7801,31698.5061,
32400.000,11072.8773,11757.7740,9932.2670,11700.3310,6173.4606,13313.7461,7940.6156,4340.4143,2874.9896,13807.0213,8938.4973,10367.0239,6567.4564,9850.0061,11448.5899,9392.1268,8086.5612,5127.9443,12726.8830,12817.2954,2999.0726,8692.7129,12321.5070,12716.8413,13552.9480,2686.7662,4618.8837,9084.9755,7139.0799,8141.3934,11575.7184,1741.5854,12119.9618,6477.8514,9242.9652,7273.9464,11575.6650,11639.4572,6370.5596,821.9672,1571.2346,9009.4670,13346.6855,11724.4553,7226.5077,11472.6779,13495.5456,6372.6338,9730.2179,10995.5965,3721.3447,12855.1390,12582.4396,8529.1997,10435.0130,12649.2772,12190.2970,10160.0163,4227.4019,12961.6499,11430.1398,8041.3750,2978.7644,7434.7954,10549.0409,9423.6999,6088.5408,9244.4099,8729.4015,11469.8803,4593.7889,4421.1486,0.0000,11070.7968,8431.8917,10087.6659,8761.3134,7284.0959,7929.3679,11775.2587,12835.2927,11604.4287,12528.6185,10871.7040,6909.7123,7743.5626,6925.1913,13374.4391,9552.8283,4757.2902,8934.4522,12394.9464,11671.4739,13256.3930,8288.6014,11814.5309,10548.7619,1430.0349,11751.6852,389706.0319,410585.9177,403130.3185,393399.8760,401776.9318,402265.7922,400098.0117,398710.7333,336277186.6849,336220408.0708,336244121.3980,336266946.0314,8231.5603,3882.6954,11611.1294,12521.7912,6351.0613,13517.2259,7945.5473,9518.3019,7106.0477,12192.6361,10430.7393,9666.2950,6232.8575,10131.1041,12873.7802,13715.9518,7261.1274,11671.0860,7314.6587,9084.6342,4298.0110,7554.9475,7814.4072,9117.6182,9183.4448,10811.3553,13101.8436,7120.6416,4539.1217,7966.7965,10060.8110,4907.4639,11798.8753,9942.9683,11211.8161,2706.5862,12745.7237,12304.1445,10879.0147,10225.4651,11772.7283,5430.6413,9907.9026,7643.7938,2768.6980,9709.2406,10014.7568,12715.3694,4812.2033,9456.7133,6452.6770,6570.6055,12743.0023,1936.4558,3376.5490,6364.7902,13425.2582,8203.6799,7530.8842,5107.3678,7719.8075,10113.4999,5753.5409,6030.3021,6468.5911,11276.8026,8702.0234,13620.3015,4413.2736,11978.2989,12871.2610,0.0000,6020.9655,3604.6991,3636.9276,9193.0622,9572.2278,11197.6317,1322.1605,7001.5793,10814.9595,8774.5337,6052.7664,13420.5028,4851.1493,8104.4853,9971.3940,9108.8210,9261.6335,13592.4817,5934.9855,2267.2948,10577.7874,13727.3650,10747.8166,5690.2473,10126.9844,12222.4411,390289.3528,411095.7374,403588.1908,394075.1548,402244.2838,402515.4483,400661.6948,399171.1353,336275865.4210,336219087.1044,336242799.7874,336265624.9575,6149.0544,5280.6657,8752.0110,9624.5718,12189.5122,10961.0412,10317.5555,7841.2419,13292.8136,3372.0041,13613.6179,4371.4588,2573.2791,12696.3159,11308.9919,10928.6919,10106.4947,10911.8852,10954.4432,7828.7960,1567.8144,2063.7257,5309.3722,11351.2530,8683.4346,12743.3649,7298.5139,10820.8656,288.1264,11970.1704,10609.0510,13727.6503,13603.0710,6595.4982,9869.8146,9850.9970,13563.4677,11196.3807,11083.1192,13449.4246,8728.0159,12440.9425,12880.0988,9894.6004,9245.0292,13659.3151,7230.4704,11364.9995,12673.1958,9872.2539,10703.3629,7579.8442,9734.1578,6184.8084,2306.6299,9292.4107,11696.7805,10762.4931,3705.3253,13052.6107,12745.0931,8021.2509,12064.5421,12446.6116,13749.1475,13258.7916,12085.7544,10815.4904,9324.2308,12651.5502,0.0000,11923.9374,9546.0415,10934.4797,4500.2510,6148.5411,13766.0143,8467.4494,10768.3945,3669.9324,1915.7905,3272.3456,9999.8933,10808.5734,12993.4541,5520.1077,13378.5846,12910.6174,10104.4953,10881.9628,9460.6003,9748.4366,11208.2654,3678.1431,3938.7641,11489.5346,11422.3906,382376.1098,403130.4677,395645.6172,386094.5625,394310.9129,394617.8113,392716.3104,391239.3595,336283927.6735,336227149.2303,336250862.0125,336273687.1610,10350.0380,10424.2705,9165.3308,13474.2130,6990.1217,7714.7801,8992.1076,13325.8419,7994.8082,10973.3922,2639.2139,8160.6498,13641.6218,13230.4272,6581.7848,12672.8980,10204.3578,7751.7020,2077.5429,6202.4953,6712.3821,9276.5247,8184.4444,8276.1478,13719.9795,3947.0265,5798.4825,5865.4018,9368.5186,8336.4306,12607.1340,11966.8657,8583.3447,6428.1383,12972.3284,12873.3518,9474.4626,8768.5826,13121.5597,8159.9971,12197.5767,9265.8705,6458.0744,11269.5611,11214.9280,11167.7104,8152.6420,9566.8933,9277.7505,9599.0889,10845.2942,5131.4834,4783.2590,4825.3015,12707.2349,7813.7799,10322.2997,2908.7513,9714.6118,9998.5891,3205.2166,9085.4703,9101.5815,12141.2204,10981.2034,13674.7624,7888.6403,9813.5040,12429.6862,0.0000,9205.2550,4165.9223,6661.0986,5946.9010,6385.9872,12564.3893,4974.7384,9949.3749,9123.5783,7453.3890,3101.1842,12037.2553,5801.9527,9619.5051,9907.0916,11392.0175,9870.2364,12836.2573,9183.9546,6026.1584,11967.3575,13243.4093,9180.7841,2462.5622,8970.9586,13302.2244,388315.9308,408960.5527,401504.1086,391956.7652,400189.5668,400482.1827,398605.2422,397118.8179,336278085.2910,336221306.6546,336245019.4796,336267844.7235,7168.5936,10512.0000,8950.2143,12698.1551,11486.5397,8611.6015,11043.3385,3899.4371,13519.1445,8765.6381,3021.7049,9745.0737,7722.1848,12893.8153,7084.6298,11167.1052,12233.2661,11494.6997,5541.2016,5413.6773,4992.1706,12402.3741,9221.0044,9718.6979,10406.6015,13284.1944,5430.2641,12345.2510,12084.5492,12285.9246,12881.6810,6388.9955,12298.4018,5742.8905,11775.4684,11289.6559,11702.7945,11517.2110,10253.8044,11263.1747,13782.3977,12276.6918,7822.3313,13380.0502,3234.9764,12952.2363,13168.5140,10549.7887,11326.8932,4687.6729,12595.3945,9698.8860,7026.3671,4743.7092,13101.2741,10892.7367,8488.4666,13766.4285,12959.4791,11294.0911,13150.2110,13494.7029,12720.6324,13190.4871,8600.7239,12505.5757,8624.3592,10756.6757,0.0000,12970.4123,12519.3094,13182.1386,7075.7313,8074.7561,12464.7178,11549.2832,11199.6940,1813.2937,4278.9258,8113.9754,7029.9133,13229.6422,13655.8453,4044.5735,13073.6139,13259.6362,6061.3654,11872.1617,12069.7570,7638.0090,7535.1210,1708.2681,8630.0327,12057.2407,8318.9098,380007.5308,401014.1473,393483.6682,383875.3718,392104.6149,392487.6205,390466.5023,389033.0031,336286283.9723,336229505.8291,336253218.7046,336276043.5162,13703.2600,7166.8109,8819.3567,6512.0753,12995.8278,10263.4556,5964.2001,11012.2019,8897.3369,7300.0654,9454.7190,5924.4699,9458.1783,10986.7382,13720.8958,7611.3190,10328.3824,9722.3916,10044.5013,10912.3598,7830.8076,3615.9908,9083.2893,7882.2861,11730.6851,8709.5538,7559.8548,13792.4156,9625.5427,12166.9689,2670.8428,13468.0852,8979.0556,8974.9738,5649.6491,6384.2802,10761.6006,13561.0002,12834.2410,11699.0024,13399.5706,12276.2155,10760.3029,4505.3961,13556.9255,9226.5467,13440.2016,13678.9358,2814.1136,12791.9291,12490.0726,10275.8291,6209.0228,9277.8074,13659.3961,10390.0389,12178.9540,8640.3788,9179.0716,13401.4008,12893.4393,9868.8068,12502.5584,7588.8165,13604.2552,1912.2052,6271.6897,0.0000,13625.8469,11277.4237,13031.3323,5968.1315,5110.9072,10835.3019,13048.8899,13759.8320,7171.6757,9308.3442,9488.2089,2850.5748,11436.0273,11437.4489,10326.9389,12581.2660,9881.9916,5427.7433,13858.1510,13372.1267,11893.6863,5976.3275,7480.7838,9545.6477,6936.9787,10708.5256,383553.7044,404424.7965,396966.8243,387244.3798,395614.2325,396096.9837,393939.0680,392547.8151,336283292.2634,336226513.6772,336250226.9503,336273051.6265,11808.7692,11888.2423,12981.1413,2680.1969,9670.0456,11571.9117,10043.1433,10400.3018,10573.9507,10095.3188,12278.7739,11405.1775,7208.1713,1999.6212,12627.0785,9935.9241,8324.1680,8120.2615,6608.6551,12428.7638,13612.8452,10547.6029,11782.6419,8927.0005,9486.4594,12519.7753,2959.4568,10981.1823,8033.3038,13077.7094,4653.4891,9409.0865,11379.6254,13322.0455,13170.1330,9278.7925,1393.0142,5536.1199,9196.8007,4650.0457,4534.8121,10254.5466,12155.8587,4949.0115,11647.7307,749.9034,1829.4731,12961.4540,6592.3095,5369.7227,8252.3858,11582.0313,11666.2556,1902.8372,8595.1509,8508.9070,12129.0144,10924.8320,5494.9787,6898.3268,10919.8978,7448.8243,11520.2297,4106.7641,13859.0314,12943.7716,0.0000,4828.6293,8888.3765,6559.9962,12154.0122,12788.5063,9679.7741,5178.1535,1734.1324,10606.3479,8819.3531,9600.4679,13336.6090,9248.5845,9372.2314,7416.5714,7368.5512,10911.2903,12137.5371,2389.1636,4690.3511,5582.7801,12215.0283,10354.4890,9677.6775,12952.5906,8074.9063,388202.9020,409365.1985,401761.5533,392269.1596,400353.0836,400634.0978,398750.7554,397276.8761,336277641.7773,336220864.0844,336244576.6013,336267401.4965,10935.5268,9944.7772,11824.8325,4201.6410,10522.3134,8308.4301,13053.4780,10779.3189,2869.8571,1791.3288,11332.3603,7210.9673,10890.9425,10174.0601,13272.8171,12269.7354,12303.9947,11039.9808,9767.5847,9355.5047,2319.6132,12291.8249,12426.5532,12135.7645,8566.9414,12108.5301,5212.3151,7835.2835,9100.3815,12993.8193,5475.6979,4244.7672,8186.1680,9108.1144,5040.0245,12413.0109,8253.4400,10196.1017,12885.8422,9528.5216,7882.8900,6999.4669,11999.9648,8956.7377,11282.6929,11196.2772,7127.2336,13172.0235,13566.1316,13035.1620,4834.9132,10510.1984,10800.3963,13448.2882,10080.6560,8421.5309,12648.2363,11232.1382,10877.8907,6146.4445,9015.9452,916.9570,12172.6202,7772.1564,3966.9184,0.0000,11351.1540,12774.5778,12577.7456,11498.7613,10995.6324,6039.4673,13471.9731,11113.6715,10100.2582,11742.6922,13197.1989,4691.7636,12276.3050,9691.9991,10386.0985,8732.8551,8727.3448,3536.0273,11640.1509,13142.9876,8610.7337,1936.0490,10141.2108,13268.3213,8989.9662,5607.3654,385422.5208,406711.7363,399148.8670,389430.1106,397721.3146,398233.7645,396014.6575,394651.9482,336281137.3414,336224359.4261,336248072.5863,336270896.8890,2717.2321,12685.8066,10733.8693,10758.6021,6579.1871,7830.2588,11622.7267,11571.2992,11177.9569,890.8997,13676.4383,11715.1419,1569.7366,5218.8377,11328.1706,11793.1589,13223.0526,1692.0387,6015.9775,11462.9671,4859.2979,4474.2685,10709.7303,3181.7067,10092.8956,8437.6761,9403.3166,8620.3615,8839.6883,13346.9426,8804.6302,4230.3763,3181.0915,10489.2361,11637.0779,11804.3680,5531.4974,8757.3514,13455.1888,6730.2454,11713.8650,8694.6033,3543.9936,11536.6632,11224.6300,10739.2633,7171.3135,10297.8265,10639.9882,12517.0066,1298.8490,11955.1083,9298.7233,6582.1312,3892.6291,4180.3146,8651.6205,7520.0910,7668.4333,8648.4529,11549.8065,9187.5225,7261.6107,8095.0000,0.0000,9235.1731,4650.0611,7084.5839,8359.9049,7159.6793,9130.9773,8906.1386,11613.7959,12141.6108,12018.5945,8980.3167,10105.4447,4010.8419,5637.1215,13423.5831,9182.8699,4492.0542,11720.0458,10735.5682,8892.9414,13617.3617,11328.0778,12303.6156,8446.6611,2946.9654,13121.6094,391730.4965,412484.1780,405039.1501,395374.6924,403707.5878,404120.8214,402066.3663,400639.8569,336274997.4668,336218218.7650,336241931.9330,336264756.8209,13316.9100,10797.6973,9335.0185,7857.4491,7618.1672,10498.3165,11220.1391,9834.6956,3540.9509,13475.5363,12876.1221,1341.7675,6358.5456,10995.8390,11483.2160,13019.8293,1993.3690,3511.8343,10995.4350,4497.8254,6877.2510,10106.4545,3001.5615,11691.6230,8627.2072,10496.2364,6507.1242,10622.9773,12602.9629,8663.3634,2306.7142,1334.0498,10782.2009,12720.3578,12616.8712,7543.4402,10544.7085,13712.8651,7836.7076,10014.9760,10594.4981,4666.5052,12648.1962,12499.3150,8766.1991,9139.2619,11209.6415,10575.5797,11135.6710,3500.4188,13034.2653,9502.8823,8486.5920,4441.0490,4899.4716,10507.4200,9492.4679,8112.1882,10103.4344,10609.5834,10966.0415,4780.2248,6971.9443,0.0000,11012.0563,6701.5616,9227.9161,6960.2898,5423.6253,9714.4597,10451.1291,12812.7109,10950.8793,11441.6805,8852.5590,8154.6077,6443.8034,7479.0088,13007.7774,10518.4318,5798.4537,10236.1657,12193.2586,10610.7175,13717.5741,9987.3641,11181.2298,8431.1312,1906.4118,12933.2294,389621.8068,410356.2278,402925.9226,393229.5846,401598.0453,402042.0544,399944.7902,398531.6942,336277248.8157,336220470.0317,336244183.2933,336267008.1325,10549.4758,9946.0452,11669.3550,9625.2384,8682.1009,10471.5935,11923.6676,12307.1220,6424.1282,4299.1088,13227.7828,10214.4050,6409.1709,6064.2842,4141.1372,13154.9173,13266.8540,10873.9168,11631.3638,10282.7202,7763.5318,13304.4019,5340.6082,12106.0617,9821.9956,12113.0820,6348.4921,8442.9105,12291.6684,13683.7864,13611.6223,10375.7068,2361.8817,7015.1304,10976.8385,6370.3020,3546.9297,11810.2696,10781.7977,7195.2845,12820.2136,3189.8696,4360.3884,11796.4493,7949.7349,4861.4014,6685.6170,10502.1737,12683.8751,4000.1495,7598.5522,10442.4729,13177.8202,11127.1407,7806.0773,9034.1040,12183.9056,9461.0632,11435.6058,6334.0322,13448.6156,13344.0828,0.0000,7226.6514,9864.8711,8364.7438,11091.0851,12032.3838,11058.3489,6094.3159,4167.3752,8663.5537,6704.8940,8547.3843,12716.6193,10543.7667,11111.4487,5075.0116,9350.6100,12270.5756,11376.7811,4968.2563,6178.3562,4781.1957,11812.7910,8360.7826,8811.5680,13544.9040,7938.5480,385629.7378,406753.6691,399156.9326,389670.4409,397754.9639,398028.2349,396157.9691,394678.8374,336280219.0375,336223441.2996,336247153.8008,336269978.7486,12621.2288,5879.2157,13709.0389,12559.0120,2021.1309,5834.8107,10851.8646,6797.5568,8211.9484,10511.6328,12975.2246,12948.4900,12934.7357,11290.0538,9907.6702,11401.7807,2286.8808,12983.7447,10924.8146,13183.2395,8730.3654,9559.5633,3285.6240,4098.2197,11668.2742,10902.5710,6756.0944,3116.5397,9389.3010,9981.1391,917.1076,10592.7148,4923.8042,7883.9648,10779.5178,8353.8331,5528.2838,10055.6882,9330.9975,8114.1768,8998.4583,8557.4398,10363.5075,11433.9105,12674.4566,13429.5646,7918.5083,9951.6632,8216.8803,13632.0825,7372.0842,7932.8826,12732.3692,8276.3689,8019.0930,4167.2487,5586.7206,4215.6568,9629.9051,10393.0098,5749.7460,0.0000,8368.8459,11684.1353,10399.9713,13224.0617,12801.8087,2681.3753,11905.8438,8484.0958,12042.6717,12741.8544,13753.2500,8378.0901,10891.1218,7372.4365,10988.2634,5130.7276,7309.3573,7176.4265,8944.4568,11198.6426,7591.4212,5918.4879,11988.3978,13729.7456,9569.0484,4759.5403,388542.9595,409920.5496,402322.1374,392647.7143,400878.2964,401353.4183,399183.3068,397806.7609,336277801.4788,336221023.7836,336244736.7993,336267561.1065,13474.3950,5795.5706,1754.9029,11728.7421,9295.4603,10997.1985,10130.8423,12431.9209,10269.9603,9097.0922,4643.6624,4954.2200,6900.2639,10676.4634,6771.8350,11626.4288,7418.7199,11874.3931,3463.2518,11050.1394,12436.3989,12906.6819,13770.1860,3872.0856,11893.2069,8944.3732,12509.5579,9749.7872,9911.8053,12969.6213,10967.9132,13019.4265,13275.4682,11883.2919,10287.8003,13400.7242,4570.6038,12917.4295,12189.8642,11641.3285,12333.1862,4572.4354,11561.4861,9010.5144,5529.8103,7296.4712,11498.3286,12273.7330,6408.7810,13557.9042,12013.6991,8672.2705,13313.8643,13408.3197,13068.2193,13730.3898,10496.5691,12549.8648,6927.3070,10922.7938,0.0000,13283.1071,10793.4226,12468.9990,3430.0243,4728.8916,13356.3715,10793.1582,12369.8997,2421.6810,4051.4486,5521.7758,7382.4521,11744.9734,13246.7845,6519.1648,13808.3095,12602.2170,7931.4093,12586.2406,11582.2124,10384.4546,9198.5511,2779.5214,5977.3811,10440.9589,11074.8239,381265.1085,402043.0925,394572.6302,384957.2487,393234.7725,393606.1763,391611.6424,390165.1355,336285231.8944,336228453.3713,336252166.3348,336274991.3294,12140.9943,13772.6747,7574.7861,9547.3929,6490.6036,11014.4842,8790.6656,6921.1343,9827.3563,13395.9779,13598.3175,13261.1021,6153.2633,10194.7893,7635.6504,10412.9819,6545.2073,13401.9740,5291.0048,8239.8992,3535.6369,3560.2254,11872.7692,8577.0943,11275.7295,4527.9896,7160.8870,7141.0348,5267.7188,10590.5360,7271.3414,2610.2843,8438.3819,11207.8857,524.4296,12570.3074,6787.8330,3525.5393,9381.6150,8593.2856,12230.2707,8237.6497,11666.5861,13169.0957,11704.1035,5409.9306,9072.5074,12494.1583,2612.5508,3914.5245,9576.6571,5698.9987,4403.6673,2540.4254,3318.3089,8805.2736,7564.1831,10133.0680,6528.9385,0.0000,6295.2416,7844.4887,6867.4907,12563.7314,11742.2821,3361.1778,9799.0220,8868.0890,13779.5287,13778.0273,12644.1319,10497.2280,6447.9941,1974.1999,13368.1373,3700.2773,2259.8196,10790.6747,8290.8204,8961.2620,11061.5221,9712.2531,13801.8364,12322.2570,6425.6484,9663.2297,392986.4553,414126.3729,406585.4676,396919.2350,405184.8427,405629.9036,403512.6735,402114.3181,336273459.8001,336216681.7206,336240394.7933,336263219.3236,6217.6464,13662.3423,12467.4229,7708.3766,12526.4995,11487.6780,8099.2589,3982.1219,5037.2389,5649.5241,8719.2298,8655.4278,7037.1386,13665.7265,3512.5319,7900.9422,4116.8410,9749.2616,10139.7883,13141.5869,13119.9207,6659.1524,8577.3684,12350.8913,13194.3470,9241.7231,8716.2260,13680.2253,9418.4659,13130.0663,10867.0236,8598.1986,11516.6836,12282.5576,9521.2174,10164.8587,10442.8534,10530.7343,11016.5047,9111.0954,7526.7655,6028.3881,3965.7977,11561.0441,8814.5499,11516.7391,2573.0459,11348.2927,10657.1835,4086.0946,10954.8704,10946.6482,12832.8112,12400.6047,13233.2365,9859.5847,8538.9370,12188.5312,0.0000,11044.8542,6369.5702,8909.2120,3576.6559,4452.5548,13347.4429,7111.2780,11279.2481,7308.6558,6071.3152,1538.2990,10809.4533,7809.8604,11102.7507,9130.7345,12734.0707,10913.7373,11786.4289,10803.0927,8174.3527,12080.4951,12458.0034,7441.0327,1080.6539,9124.4093,13289.1148,385996.9115,406606.5113,399164.7591,389596.9139,397856.5959,398167.3352,396266.3627,394786.8175,336280500.6338,336223721.9123,336247434.8000,336270260.0341,11620.7141,9639.0515,11756.9171,9185.0882,11576.2109,11298.5895,9523.9416,3466.1505,3606.7297,5326.0436,11640.1145,8246.5380,11597.6965,8384.4323,12135.7297,2754.6388,11976.0615,11791.1479,13226.2233,13644.2670,5473.4981,11427.1634,8314.4260,12868.1479,10897.5761,11046.4908,12884.3762,9950.7132,12403.3266,13521.1028,11427.6290,9092.6052,13720.4826,4947.3502,12539.2628,12888.2068,10717.0389,11525.4520,5526.9631,11388.6990,8216.4463,4738.8609,7249.1814,12274.5128,11372.2567,6098.4728,13668.4086,12785.9141,9382.4290,12998.6926,13297.0632,13429.6151,13604.4200,10617.6885,12059.5713,8338.1432,11665.0338,0.0000,12869.4378,11059.7631,12323.9526,4762.7259,6201.4268,13442.4838,10298.6129,11512.4008,1234.4904,2509.8593,5513.7775,8244.5972,12072.2841,13513.5428,4960.0129,13633.1308,13144.4661,8189.4652,11863.0015,11096.8980,9277.7551,9508.6873,1417.6835,6088.5592,11494.4487,10431.8893,380852.2842,401684.7514,394191.3285,384604.1958,392843.1818,393191.5430,391227.5358,389772.1566,336285500.4476,336228722.0656,336252434.9280,336275259.9354,4336.4912,11768.4441,5718.2222,8873.9614,11170.4454,13514.0140,12419.9091,12364.1198,10527.1959,10665.7495,11191.1667,596.7361,13205.6657,12052.2606,12626.7070,9518.2810,10490.6697,4736.2928,5944.0005,10957.2225,11817.3806,5088.9443,4164.6988,9727.9293,10449.1829,2889.0415,10950.2604,5758.3883,9449.5685,11705.8383,7887.7694,7210.5415,8657.2561,10544.6965,9291.5701,9503.9097,9298.1790,9150.0266,12389.5069,12896.3885,13127.6429,6197.8459,10962.9027,8779.1569,13582.9709,9019.1429,8995.4919,13205.5238,9653.4464,9536.8689,5706.9428,7323.3578,2530.1188,10697.4212,9939.4454,5781.8595,0.0000,9665.3130,12582.9373,11583.1369,12782.3445,12480.1241,4603.4066,12580.4651,9152.5900,10948.2897,11999.1590,13612.8890,7241.0856,12001.7107,8964.0178,10035.2595,6876.8898,8678.5558,5542.5441,9829.4405,12038.8125,6927.8942,4362.1415,10891.1897,13681.9239,10175.9789,3629.8573,386547.2605,407935.6604,400335.9197,390655.6501,398890.0025,399372.6357,397191.5696,395818.6423,336279810.9947,336223033.3101,336246746.3322,336269570.6239,11631.7780,7359.6727,11624.1962,10291.0194,13185.1870,11546.7120,11590.4532,10522.4929,10017.7987,8619.5230,3868.1574,11883.4495,12928.8041,11285.1640,8971.4305,12786.9338,6706.2097,9265.2394,7899.8016,13500.6257,5109.5378,5751.8432,8165.1117,9124.9160,6645.7213,12731.1814,9373.4468,11197.7293,13403.9509,9730.3119,9150.0349,5439.5893,12798.2160,9695.4483,11834.5745,11907.3770,5561.6039,13598.0417,13493.2828,12432.4802,3438.4095,10953.8738,11495.3089,12971.1919,11178.4842,9119.5964,12482.2346,12188.1733,11886.5561,7535.1373,10301.6015,1898.8793,12882.3950,6884.5736,4565.4524,0.0000,12282.8693,13055.9274,13226.5484,10529.4044,10104.3295,7599.2361,13736.0076,11819.0474,8899.4828,10887.3244,12591.5981,3231.7884,12757.7135,10741.4119,9751.3791,10064.6328,9653.4813,1886.4385,12375.0974,13579.1006,8838.0351,263.7703,8976.1351,12722.1516,9165.4074,6207.7107,383937.3405,405169.4813,397621.1636,387899.8041,396203.7794,396714.5694,394500.5405,393134.8471,336282659.3690,336225881.3611,336249594.5368,336272418.8912,13656.6758,11264.3166,2451.8286,4738.8500,11196.6064,11652.9263,13079.9775,2495.8238,6699.0607,11703.8589,4938.2843,3625.4778,10667.1985,3845.2335,9483.9909,8648.4517,9213.5507,9130.5482,8134.0593,13508.8014,9096.4982,5050.4692,4037.4926,10545.0064,11127.8487,11562.4936,5110.0268,8054.2933,13248.1780,6706.0140,12112.6147,8032.5033,3784.2285,11067.4438,10731.4236,11233.4128,6400.3156,9788.6943,10421.4679,12874.6535,1451.4989,11524.5769,9008.2031,6153.1996,4306.1619,3934.0617,8060.3355,6951.1372,7838.4394,8323.1275,11906.6462,8533.8753,7977.3403,8661.0168,0.0000,8648.7041,3864.4229,6318.3995,8613.7228,7552.9611,9164.2015,8233.0961,11143.5217,12307.1271,11967.0119,8802.4491,10693.3129,3156.9912,5308.6158,13355.7716,8889.1407,4536.5221,12153.1809,10185.1208,8193.6047,13480.5098,11772.8734,12446.8334,8243.5972,3767.1412,13160.3288,392128.5927,412883.6527,405433.3480,395784.3006,404101.3389,404499.4110,402466.4889,401033.0317,336274538.2486,336217759.5770,336241472.6987,336264297.6185,6812.2249,13588.3306,13395.9552,9337.9404,9018.4355,6016.3703,13328.4305,12796.8092,6105.1570,13574.1267,12940.3885,10112.0977,12758.7417,9157.2770,9514.5998,8651.0808,11350.2257,10712.7979,2824.8977,9234.3347,12761.5018,13227.5547,7122.4207,7933.8944,5610.9031,11790.3780,10654.9471,3073.0332,10870.1835,8045.0914,10297.7249,12571.5590,6955.8164,7423.5352,9399.2638,11916.2286,10264.8572,10378.7900,6049.9833,13420.0072,6448.1199,11513.9500,11205.7194,12530.9348,13586.6224,10005.0970,10699.4519,10152.8458,9398.4567,6481.4724,9916.9796,11957.6056,10287.8877,0.0000,9629.1845,12944.1293,11673.2897,12178.2826,12691.2877,8757.4408,11005.4694,7057.3642,8389.1418,8708.0098,11838.7235,9366.4892,13032.6027,11565.6380,5532.4688,8963.9871,11981.5251,6940.0167,8322.6960,10759.2843,1848.5352,7189.4292,8136.7873,12145.3025,13141.4724,2264.1917,383478.2544,404844.8451,397218.4530,387634.0312,395774.4939,396163.1700,394117.6052,392699.9384,336282535.1768,336225757.6452,336249470.3696,336272294.8976,12412.8604,10638.4904,9743.2242,9570.4336,7824.4500,12088.0800,13749.8079,9366.2701,12370.1839,8897.3026,10767.9909,11958.8027,2922.5929,9630.5069,6351.8189,13470.9380,5190.2628,9066.2652,10096.6869,12945.2719,12871.5038,7727.2801,3314.0591,3746.9927,8265.7465,5137.6831,4687.6589,8981.2738,12391.5866,4495.5806,10892.3242,1323.1225,827.6367,13149.7202,7049.5533,7018.7253,9749.3671,11401.7501,11285.4002,465.3377,9988.3434,7413.6335,11359.5576,11468.0101,4528.4627,5914.0871,9599.1235,5905.8674,10618.6268,3951.6580,13815.6943,12060.8122,0.0000,3844.6918,9211.9341,6500.2654,12967.6070,13375.2533,8142.5135,6255.3313,374.9344,11488.0409,10121.9452,10875.0463,13053.8310,9200.8044,8358.6411,8420.6929,5719.1242,9997.8528,11763.7708,1806.2667,5424.2935,5391.3368,11582.4383,11257.9620,10896.9227,12554.3233,7159.2143,389140.2746,410384.8395,402768.5302,393252.4331,401345.8417,401656.0128,399727.2667,398269.8228,336276727.3537,336219949.7465,336243662.3162,336266487.0842,6175.4923,11479.0040,11948.6307,13347.0992,837.4059,4812.9343,10986.2760,4983.3246,5930.5090,10725.6250,2335.4453,11078.4859,8148.5153,9772.0085,7675.9893,9997.1268,12939.4022,8343.0622,2772.0293,1656.1422,10389.5692,12420.0272,12166.2688,6434.6433,9911.5829,13693.1132,6955.0540,10897.4209,9801.8837,3610.9058,12258.4437,11999.6947,9766.6041,8459.1047,11107.7046,10963.4874,11766.3181,2200.1547,12612.8523,9786.5300,7443.4725,3565.3981,4881.1964,9661.1559,8536.6153,7495.1256,9261.3845,10846.7005,10263.7766,5936.3411,7103.6343,0.0000,10220.4202,6012.4193,8377.3755,7935.5143,6522.8148,9130.4511,10007.2462,12344.5388,11746.3093,12013.6484,9294.2725,8972.6255,5480.6454,6399.3986,13412.2454,9727.4986,4767.0250,10848.8781,11616.7190,10037.3781,13733.4080,10453.7189,11944.3019,8823.3752,1609.2262,12951.8639,390824.6180,411584.0928,404145.5333,394456.1529,402813.2147,403251.7672,401161.0243,399746.3764,336275997.5838,336219218.8478,336242932.0869,336265756.9165,7992.5091,8503.8718,10786.9590,6607.7257,7707.9552,13555.4375,3204.7836,4337.4204,7543.7117,7937.1370,8554.5314,11774.1985,11360.1349,8810.2721,6554.2810,13594.2056,12122.4138,8290.4815,7427.0344,12712.6617,9116.5606,12272.1115,7995.3633,6553.6592,12211.0019,10093.0560,11806.1803,7861.7564,8066.4308,9911.4133,9997.0016,11252.8514,4765.4684,6308.4664,6756.4429,13196.5545,6080.3905,10826.2561,4929.4470,8629.2044,8555.0783,1640.5829,8633.4517,8312.5453,11173.4367,10295.3163,13597.2891,7849.5548,9370.3262,11671.4391,0.0000,8918.3984,2719.1792,6009.4432,6622.6453,6488.2669,11861.5700,5565.1092,10402.7974,10406.9895,9129.7953,4916.4387,11977.9559,4232.1460,8371.7674,11336.3968,10789.6885,8477.5770,13058.9600,9461.3153,6285.9957,12804.5181,13239.1664,10501.3021,4245.0469,7555.3207,13691.7814,389927.9307,410566.8597,403120.6496,393547.4297,401807.7948,402124.2928,400213.3013,398737.9109,336276566.4441,336219787.7410,336243500.6529,336266325.8444,625.7508,4125.0615,11796.5527,9711.7260,12539.4920,8043.5184,10599.3340,1555.2558,12367.0178,9542.2772,13618.0221,13050.8753,7789.0446,8960.0523,9500.4569,13522.9571,11834.9842,11705.6578,13046.8530,7386.7577,11557.7492,12591.4478,8993.9565,8099.7262,13470.0747,7866.5659,10515.7529,12829.8409,8638.9879,9547.8705,8450.7083,9119.1438,5063.8945,1638.5739,9492.3114,11947.5490,9573.1920,3548.0355,12640.2785,12978.3847,8449.2453,11273.6747,11832.9075,13643.5798,12668.2983,12092.4364,9873.7824,10290.0059,12986.9896,0.0000,11050.4641,9393.4190,10305.0871,5841.2842,7371.4750,13439.8242,7572.8886,9587.0596,4252.0681,1436.3985,3693.2417,10654.9182,10652.9969,12729.0603,4607.1941,12758.3840,12917.1014,10403.7431,9767.7056,8542.3951,8743.3071,11435.5461,4115.6977,4331.4775,12021.0658,10808.5364,382776.8519,403588.8248,396082.4748,386553.8261,394737.0692,395026.7107,393147.2427,391664.3633,336283410.0356,336226631.7252,336250344.4263,336273169.5704,3595.3226,12238.3911,10193.2497,12503.2621,8629.0251,10957.6953,2103.2924,12758.0830,9522.1034,13752.3321,13090.5243,8196.5320,9073.6021,9272.0028,13650.0129,12251.5514,12153.1556,13040.2894,7206.8419,11410.3470,12838.5826,9108.8298,7721.3450,13667.9983,7929.1833,10603.0938,13175.1310,8459.8199,9414.3106,8638.3767,9372.1829,5147.9421,2089.2996,9425.8152,12369.6942,9375.3822,4048.8574,12834.9513,13324.0997,8996.5096,11352.0489,11978.2599,13811.4095,12743.5703,12081.1732,9927.4248,10685.2232,13203.2701,0.0000,11091.0789,9797.2910,10518.8239,6399.4457,7921.6638,13514.9239,7730.7524,9422.2122,4249.0542,1241.4640,4290.2033,10835.4707,11027.9479,12968.0407,4120.5967,12804.3223,13213.9775,10416.5445,9687.5409,8662.9827,8383.6164,11468.2082,4058.4701,4920.1457,12450.1980,10584.2282,382493.5371,403333.4678,395818.0624,386295.5398,394467.4976,394753.5628,392877.9957,391394.3909,336283652.0698,336226873.8166,336250586.4908,336273411.6234,13428.3280,11879.8163,10774.4765,11134.2194,12074.6320,5372.9549,13561.9443,8856.3518,12910.9131,11864.5958,9819.8209,9343.9669,6859.3106,12764.2807,13259.1223,13371.0300,11442.4458,6188.2841,9291.0483,12941.8149,9357.8051,4635.9746,13278.4217,7804.2817,10327.7054,13699.6338,6912.1983,7969.5946,9069.0353,10306.0442,6395.3139,5354.1414,8131.9312,13482.9153,7492.0788,7062.4814,12647.7372,13817.8949,11299.5129,10824.3717,11692.8074,13177.0799,11825.5763,10585.2414,9600.2633,11830.1743,12906.7771,0.0000,10409.5273,11325.5853,10991.5364,9075.1384,10316.3172,12372.8326,8577.1025,7782.2885,5067.3630,3552.8741,7514.2712,10751.3419,12199.8634,12973.5682,1192.2041,11698.0344,13450.3195,9386.4591,8584.1770,9072.8219,5251.1156,10356.0222,4698.8720,8032.8188,13524.7970,7958.2966,382038.5960,403097.9916,395526.5092,386007.3083,394136.4663,394437.0905,392531.0444,391061.6888,336283937.7160,336227159.8201,336250872.4239,336273697.3698,5323.3680,10486.8804,5676.3603,5815.7423,11123.0823,1616.3055,10818.5168,7429.3318,9103.3014,8105.5893,9869.1669,12728.2402,7671.8496,2691.2990,1741.6291,9756.8975,12309.2578,11669.7756,5811.4460,9774.6974,13489.3649,6176.6636,11028.3996,9477.8819,2788.9464,12018.6361,11694.6354,9956.0828,8415.3187,11267.1645,11322.0755,11675.9068,1753.1961,12299.2914,10196.9662,6821.0103,2738.6274,5439.3216,9230.0547,8039.7052,6736.5434,8626.5482,10456.7244,9994.2813,6204.4791,6625.4366,0.0000,9812.2595,6118.6163,8159.0966,8524.6396,7154.8437,8421.1132,10034.9525,12036.4679,12023.0560,12305.5267,9777.8665,8936.8782,5376.0338,5727.6520,13485.0973,9090.7117,3974.5871,10703.5870,11313.9508,9954.3183,13492.9477,10190.5865,12204.9086,9320.4908,1293.7192,12577.2301,391194.5444,411998.5787,404549.9045,394857.4682,403209.7129,403654.5202,401552.8140,400142.6186,336275602.2391,336218823.5678,336242536.8057,336265361.5879,10895.8555,4903.8149,9455.2452,8545.9083,5716.3404,13054.1123,9955.1182,12139.4599,3294.6777,12163.5448,11385.3314,9638.7442,3819.3242,3954.4402,11640.8533,13270.2051,13441.8709,10235.3018,12101.6255,13386.3698,10072.0034,7425.7607,12448.1448,7549.2700,13370.6970,13495.6751,5916.5090,10978.4719,11514.9525,9675.9434,9222.1412,6812.7945,13792.6506,9093.4052,10978.5517,7125.1516,6277.7210,12455.0827,11742.0688,9798.1921,12035.1962,9911.4464,12595.1417,2101.1471,7200.4522,0.0000,12804.9320,8876.1675,11364.1186,4780.8906,3119.5951,11129.4792,11641.0127,13709.0947,8630.2098,9819.7175,8119.3032,6064.5056,9091.8390,10110.8330,11634.8377,12306.9894,8499.4292,8483.3150,13411.4529,12046.3708,13285.7974,8720.0744,8938.2597,7926.5908,4709.9266,12545.0130,386164.4045,406882.3848,399458.1295,389752.7889,398132.9337,398586.0013,396476.9677,395067.0924,336280749.2098,336223970.3991,336247683.6756,336270508.5175,13113.4322,12168.0016,12675.6422,9300.4132,10895.1095,4636.5319,6265.2058,10695.0611,12137.1713,5215.6904,3949.4478,9421.6494,10189.3966,3190.7884,11360.7744,6308.0854,9571.1488,12024.8649,8333.9918,7246.4427,8438.4568,10890.3506,9176.3773,9962.1824,9765.4800,8854.9362,12621.9249,13160.6863,13255.4634,5994.1652,10870.1853,9276.9263,13692.1181,9204.2559,8824.4777,13175.6379,10003.2056,9814.8760,5638.9105,7632.1527,2051.8701,11061.9836,9572.2689,5329.9642,0.0000,10046.8145,12685.0531,11835.7279,12650.0549,12290.8616,4745.5177,12861.7040,9635.3879,10920.9047,12098.7812,13665.1132,6806.5152,12094.7313,9069.8511,10246.6066,7217.3744,8627.6558,5200.9168,10272.7877,12350.3246,7373.0878,3913.7737,10884.0224,13729.6412,9933.1718,4078.8127,386418.2066,407794.1793,400200.9115,390510.1666,398757.3880,399249.2868,397055.5583,395686.4823,336279987.1745,336223209.4502,336246922.5069,336269746.7877,6524.1364,7054.7342,6997.5904,10807.5163,11615.6718,12273.9810,6238.3996,9180.3070,13102.1285,11713.7633,6510.1865,5757.3284,12921.5033,11065.0982,13338.6383,9224.4337,9158.4924,13024.3504,10536.7344,10089.3319,10171.4600,7943.0922,11703.8290,11868.4133,9164.1279,7591.9387,8317.6093,7194.7137,11926.8146,6046.9064,12489.1563,5750.1247,9995.0893,8099.4290,1846.3547,10670.3125,10156.9292,11146.2062,11549.3785,12703.9750,10204.4546,6809.8888,10410.1174,0.0000,10991.2426,5296.0802,8544.9221,4332.4639,3635.2178,12170.2910,8243.0154,12200.6878,9261.0315,8851.9522,4976.5451,10017.3135,6240.9822,9415.7086,11385.1031,11980.4837,8711.4012,11642.3813,11519.6948,8939.7032,13384.7643,11947.6750,9468.0899,4439.1795,6203.2237,13766.8166,388150.5175,408747.9791,401327.6650,391705.1115,400022.8788,400384.9400,398410.9626,396955.0393,336278555.3523,336221776.4960,336245489.5627,336268314.6870,10542.1161,6704.1276,6559.0233,9384.7864,8272.1494,11105.6548,4926.1379,13543.8458,10059.2292,8153.0218,7331.7908,10411.6799,8603.5448,10069.9799,4173.7724,4853.3418,11806.9066,6951.1738,13296.1456,4979.1151,5707.4706,8646.2712,8217.2927,12859.9254,3108.2631,7642.0648,9623.6514,13758.0517,4335.9719,9228.2689,8180.5416,4801.3462,6526.2320,4852.4764,5376.8028,4603.5527,8562.4637,6922.9200,12804.3926,5470.9383,10626.8625,10626.5787,0.0000,5911.4741,1684.6696,2904.6715,9949.3886,9479.0868,9144.4633,5343.0793,8703.3831,12705.8532,11586.3811,8523.2727,12606.6185,472.1931,4708.6106,12625.1614,7540.2917,5618.0054,13356.0670,7463.7267,5050.6965,12302.0639,13026.6029,12738.6912,7978.6380,6987.7434,12696.5767,392986.6039,413805.7599,406318.8940,396733.5333,404974.4222,405315.0564,403361.1807,401903.3944,336273392.6121,336216614.1647,336240327.0755,336263152.0751,11760.0773,10406.8489,13571.8723,13426.9824,6551.3232,9630.5748,9886.1834,13424.8458,11016.7500,10883.0273,13324.7396,8580.7931,12318.7348,12636.8256,9655.1089,9218.9538,13454.4098,7307.9397,11133.8561,12446.6402,9727.9653,10542.7794,7618.3786,9465.5345,5981.2410,2125.8600,9344.4482,11447.5002,10628.9724,3447.8026,12817.8056,12530.7991,7749.1949,11840.8318,12211.2872,13574.6904,13058.8718,12046.6349,10592.2256,9228.4593,12532.3693,0.0000,11708.8908,9260.9916,10673.5526,4386.5890,6012.2290,13606.6122,8223.2903,10619.7036,3846.3196,2075.7997,3012.3657,9980.0942,10530.0388,12757.2334,5616.9957,13189.4009,12685.2470,10120.0339,10700.4738,9220.7067,9734.5739,11189.9536,3859.1889,3672.6992,11282.7909,11395.3805,382661.8892,403413.7645,395929.7392,386378.3452,394595.5170,394902.4326,393000.9818,391523.9936,336283645.5604,336226867.1115,336250579.8965,336273405.0461,11013.9037,6067.3774,8277.6058,8342.3715,10402.7909,12045.3334,6254.1016,2222.2283,1981.5674,8623.2353,12569.8428,11044.9374,5644.5636,10294.8314,13222.4630,5195.8377,10725.2237,9697.4536,2070.3817,12039.7841,11656.7314,9693.1558,9196.5720,11991.2711,12071.3531,11007.8583,2686.3808,12156.2204,11147.7205,6548.4452,1518.7118,6851.9361,9230.9620,7996.1857,5423.6516,8053.8700,9311.6471,10257.9019,6040.8041,5207.7194,0.0000,9811.6107,7226.6950,8702.3886,9300.4545,7938.1708,7269.8921,10762.4311,11956.9642,12199.3679,12732.0973,10755.2641,8200.8062,6307.5559,5386.5817,13520.1618,8447.3399,3236.5524,9882.8952,11361.0362,10544.4296,13085.9971,9166.9162,12371.1649,10364.6527,1198.8938,11773.3533,391065.4648,411954.1147,404489.9154,394779.9450,403134.8295,403603.5399,401463.9582,400067.7404,336275734.7777,336218956.2109,336242669.4790,336265494.1465,10045.1597,6848.8505,13241.9920,2403.7257,11013.1422,10670.0912,12205.2118,11877.4193,8973.6789,3229.2714,5883.8897,6880.6413,2347.9982,7020.3760,8567.3792,13205.8451,2069.8640,9830.4469,2672.2238,2099.2574,13652.6766,4365.9731,5669.4797,9063.6470,12770.0329,9739.3379,3297.3459,8738.9814,6211.3585,10471.8925,9592.6143,2921.2088,4372.8600,9706.6717,5745.2397,12029.4017,1204.5537,13540.2902,12379.9550,0.0000,2313.1608,6862.3092,3873.2242,12225.8217,12535.1942,8749.2754,3880.6299,2616.2825,11997.8959,10294.1560,9707.7090,13667.4352,6936.2337,7181.4947,9627.5959,5900.0971,9037.4784,12968.1550,1162.2682,2752.0452,7831.8135,12783.6041,11824.4551,9568.3618,11545.8482,9435.8118,390831.5629,411930.1016,404348.5745,394838.7491,402952.2459,403243.4758,401348.0305,399876.9104,336275102.4166,336218324.5799,336242037.1750,336264862.0864,4123.7786,11129.6036,10805.7930,9173.3879,1078.7584,7101.9603,7627.2807,3120.9930,11685.6181,7008.6281,5976.0444,10671.3603,10664.3975,3038.0897,10843.6817,9162.6072,5325.8073,10300.2381,9710.5988,10605.7764,10752.4209,13044.9680,13805.3189,9396.1809,7491.5898,9765.0019,13561.0816,5842.9423,5051.5229,11287.7110,8061.1497,7201.6866,1087.4745,5148.8786,5766.7102,9714.5842,9167.6654,4077.6526,0.0000,8437.4322,10343.0618,9614.8815,12681.8179,11865.3136,1908.9057,11826.6046,9813.4170,12942.7038,13631.6126,13541.6585,8308.8800,9247.2491,5360.6137,12708.8316,5045.6335,4599.5555,8264.0413,9771.3442,11125.2252,10130.0765,6891.8440,12973.3269,13366.0351,7071.4812,7735.0345,390556.9127,411808.2405,404251.2611,394547.6294,402830.8765,403323.0450,401133.9330,399761.1015,336275972.5508,336219194.5888,336242907.7368,336265732.0893,12988.3770,8160.6398,9560.3761,4956.3161,9736.9834,9883.1918,3212.4214,8963.1976,4012.6193,4844.4898,8025.6854,8783.6358,3565.1515,12454.7860,6090.7509,6823.0739,7292.2405,6424.9797,12621.7904,8722.8992,11203.0239,13067.9883,10966.5816,8422.7307,6582.5411,12829.2563,3953.5950,7118.3728,11455.0979,4787.1652,4405.2299,3963.6827,1645.5764,7982.0129,6644.2946,11805.5873,7840.2104,0.0000,5017.2795,9392.6201,7298.9475,13657.3858,13235.5955,2338.8876,9603.4032,6544.0013,13447.0797,13280.4305,13214.5308,11069.4177,8346.8394,4465.4128,11975.9522,1147.1465,5626.0761,10390.8219,6419.2664,8589.9224,8561.0630,9360.7399,13371.6171,13040.8635,9294.0888,7231.1950,391767.8295,413068.8089,405475.6780,395845.9173,404045.2848,404468.7912,402375.3589,400972.5323,336274448.0287,336217670.2872,336241383.1990,336264207.6641,12594.3432,9706.3938,10653.2486,6585.5521,6908.9777,12051.6538,12673.4614,13323.4239,11997.2334,12550.2434,12055.3176,11726.8313,4764.8140,13148.7432,9922.6546,12945.0768,13331.2044,3367.4944,11821.0253,10917.1314,8214.2840,7287.7000,9365.1437,13405.0616,8289.2012,12509.6788,9537.9862,7760.6278,13272.9133,12916.1279,11225.7271,13040.5227,9396.6319,13066.7172,3231.4142,8342.0987,0.0000,13447.9375,10294.4736,12415.2363,3402.0199,2895.0705,12074.1831,11828.3682,13443.6929,5736.0695,7517.3264,7238.5508,5147.2376,10839.8027,11871.3818,9391.8894,13186.5314,10609.4750,7055.2646,13451.4298,12396.2457,11926.5669,7902.9526,6091.1707,7340.6698,7555.8570,11543.0963,383160.3732,403919.9000,396476.5224,386794.3941,395143.2482,395577.7768,393493.7149,392076.1704,336283610.9096,336226832.2232,336250545.4021,336273370.2654,12214.7394,11436.3089,11561.1025,11036.4337,10351.5589,4186.5442,7938.8647,6664.2720,140.6500,8623.1738,8957.4636,13373.8673,2399.0388,9354.6101,4599.5401,4376.0211,13588.9926,2142.3429,4567.8277,8110.2199,13462.7481,8697.4805,5504.6314,7316.7455,6357.5410,10069.2275,7784.9303,3766.3677,4663.1937,10307.2558,6843.1346,13031.8303,1818.7611,13003.3641,12681.1928,0.0000,3590.1831,4911.0986,2439.3088,11115.4452,11397.2043,9823.7137,1899.1597,4870.4824,11870.5272,9968.9524,8297.8000,13836.9997,5340.7201,7108.5755,10188.4542,7193.9358,8799.8033,13599.4915,3543.2569,557.3648,9480.9604,13513.9466,11748.2340,8033.8046,10767.9598,11068.2926,391265.0557,412220.5806,404674.6020,395165.6818,403303.9961,403582.5594,401711.4910,400229.5988,336274762.8474,336217984.7780,336241697.4107,336264522.4535,8603.4652,11620.2127,12268.5816,7369.8300,9938.7772,7482.1403,12353.7127,12148.3556,5575.4722,11032.8755,5833.2042,11841.3001,12275.2759,9135.1490,9560.6719,7214.2307,13022.7364,11472.1982,10701.2005,3363.1897,13185.0210,8761.3808,11841.9251,11976.9009,12034.9750,13459.4337,11489.1034,11865.1185,9938.8957,10461.6819,4695.0096,11572.3201,10209.3009,8862.1412,0.0000,11262.7118,13467.6089,12851.4219,11204.9006,11569.1465,8978.5979,12336.9505,9285.2566,7333.9575,8632.6943,11850.7902,7054.8925,13538.9286,12048.5956,6001.4284,10080.1825,11907.2304,4364.6632,10338.6536,12229.7500,4525.1982,4890.4481,7174.5474,12174.8342,12289.5539,3098.1032,382208.6617,403532.8355,395931.8650,386299.9037,394496.2978,394927.9171,392823.0535,391423.5507,336283985.4350,336227207.7474,336250920.6205,336273745.0906,6958.6060,7625.6244,3261.3507,12066.3643,7379.2315,6882.7065,11305.5599,10656.8255,4030.5810,10146.6814,9917.2911,5856.9753,10719.5361,10223.2999,9902.9141,11387.0325,13351.7024,13818.0659,8610.1269,7960.2963,10187.5715,13678.4998,6796.1636,5443.8105,11552.5872,8873.9613,8087.1661,2054.2265,6059.0353,4862.2191,10404.2920,8649.0714,3286.3450,0.0000,9209.7181,10896.6107,10359.0180,12452.0647,11631.9639,2690.9627,12343.8375,10291.0518,12515.9554,13432.8239,13584.6412,7457.3502,9901.7525,6279.7953,12466.0710,5912.4216,5312.3188,7390.1653,10360.5406,11721.7496,10029.6509,5948.5632,12558.7050,13447.8363,7150.7169,7411.7460,389645.0544,410903.2679,403347.9878,393633.2675,401926.4231,402430.5005,400224.1977,398857.0452,336276925.3238,336220147.3544,336243860.5306,336266684.8553,1155.1806,9486.8874,13278.1131,12022.5904,7637.0684,11465.0726,13479.8388,6990.8380,9338.5632,11149.4338,4256.9743,12900.9875,12695.1512,8068.5502,10370.0111,12360.4089,11694.9136,10008.9269,4362.5132,13076.2755,10926.7692,8464.1767,3612.8626,6960.9785,10797.2410,9732.4707,6745.6886,9691.8397,8944.1550,11571.0793,3972.1616,4857.4440,0.0000,11296.5792,8278.6924,10164.1655,8033.4633,6513.2187,8497.7924,11627.5174,12948.6260,11101.6727,12045.8579,10300.9016,6695.7721,7748.3366,7382.4105,13079.2016,10005.3820,5317.4773,8849.5033,12512.7975,11617.8895,13274.1755,8352.5595,11328.3607,9982.9210,1463.0651,11914.8858,389192.7896,410036.1899,402588.1650,392862.0530,401241.1906,401723.1351,399566.9145,398175.1098,336277709.3131,336220930.6504,336244643.9716,336267468.6487,9989.8209,13047.9643,12232.3115,7234.0391,10945.1517,13695.7737,7052.1432,9987.8401,10728.1766,3942.7530,12773.1411,12551.4078,8741.9576,9686.4610,11920.0382,11407.5012,10797.8512,3486.4785,13030.3259,10461.3564,8151.9180,3498.7774,6066.7222,10466.0028,9366.9423,7135.1186,9644.5426,9834.9639,11165.7024,4647.1129,5856.0407,0.0000,10993.4607,7419.3303,9546.4485,7868.1859,6334.5224,8874.6344,11059.5795,12843.9907,11366.2250,12050.7496,9860.2428,7654.9436,6904.4602,7063.9461,13288.5389,10025.2401,5108.1004,9739.3111,12285.4896,11081.4898,13593.0215,9301.9406,11588.3572,9477.1190,807.9115,12475.4967,389845.5873,410643.1348,403202.6157,393489.2566,401863.7329,402329.2603,400198.4369,398797.5140,336277042.0200,336220263.3045,336243976.6022,336266801.3470,10233.5589,4437.8454,7231.9904,10225.2570,8368.9635,4957.3534,10665.2496,8657.6495,7800.9704,8580.1018,8040.6229,10947.9524,10909.9519,12413.1642,13432.7515,8650.3870,9644.8599,7774.5818,13546.4605,6643.9871,7712.7447,12541.3893,7541.7643,7270.8651,3838.2419,4746.3528,5090.5289,9004.8475,10772.9337,6164.9676,0.0000,7650.9612,11259.5504,9782.6407,13421.8765,12995.2795,2014.9088,11462.6907,7995.0325,12432.4685,12933.5325,13731.7126,9039.1847,10400.0606,6730.2885,11233.2055,4269.0031,6889.1472,7949.4995,8368.9307,10679.5326,7709.3879,6733.6023,12370.2437,13676.1509,9525.7434,5177.5815,389326.2271,410698.4771,403098.5714,393433.4169,401655.6319,402120.8779,399965.0050,398583.7790,336276985.9000,336220208.2123,336243921.2042,336266745.5339,6771.6980,9502.2389,4218.2579,5197.5218,10823.7552,12067.9109,5157.8706,11816.6099,2005.1946,2947.7118,12819.9647,6023.3891,4059.6453,7156.1564,11848.0227,11556.5587,3262.7644,7453.2661,8948.4335,12317.4039,10211.1599,5985.7973,7315.6677,11566.7920,8251.1198,12159.4956,4219.4568,13687.3348,13354.1418,0.0000,5388.5755,8325.9935,6362.4945,11421.8381,12166.6981,10526.4180,4237.2514,3010.9623,10121.5476,8040.1865,8538.9799,13468.3878,8929.7886,9737.2826,7136.1484,8260.2949,11198.8944,12456.0181,3151.6642,4062.9727,6331.8236,12664.9670,9875.9879,8623.5185,12891.3326,8972.9017,387911.7672,408995.6903,401408.3414,391925.8488,400013.7301,400278.9357,398421.6797,396937.7377,336277952.6795,336221174.8795,336244887.3865,336267712.3744,7910.3386,7839.8705,5315.9573,7275.6275,11675.6359,6432.1905,9975.9296,4844.2568,4302.6198,12396.2477,9285.4080,9974.4035,11868.6708,9917.5462,11125.0301,3736.2955,12178.4167,6971.9707,10230.8105,12662.7547,5621.7869,6330.6393,7272.1951,4600.7977,7957.1203,6412.4337,13005.8098,9853.5627,0.0000,5282.9009,10724.0583,8299.9508,13757.8066,13838.1904,5364.9595,9149.4314,4089.5565,12037.2810,11601.2895,12761.2043,11505.7862,10248.3956,7716.0364,9428.7780,4046.5993,8950.9135,9954.2234,4913.0488,8262.1215,5109.3951,9357.3907,11851.8852,12779.4025,11828.9203,4766.8914,389064.5280,410445.0120,402814.8342,393236.6598,401368.8402,401750.3656,399713.7119,398293.9892,336276931.1222,336220153.6161,336243866.3386,336266690.8496,6532.4496,11325.5367,3104.3204,13259.3999,5076.5472,3752.3192,8628.8473,7837.6203,12904.9383,6011.8434,10127.5431,12069.4170,12847.5685,4463.5466,8618.2815,11110.8364,1152.9569,4572.1335,8021.0698,4304.9138,2766.1589,5032.0983,3669.2016,10632.0252,5939.6397,10681.0979,8392.3761,0.0000,5030.6752,5664.0905,4594.2912,11972.7099,11265.6917,5576.7698,7890.7911,8233.9662,13739.1611,13228.5538,11391.1327,11713.8444,4147.9892,640.1101,13261.7955,4323.8753,2771.4512,12144.7447,7269.2004,7049.1226,11471.0298,11336.1746,13753.0911,10982.7646,6570.8052,10864.8181,393725.7906,414759.2038,407233.1299,397603.5146,405851.1267,406251.3777,404202.7559,402779.9943,336272650.2442,336215872.0585,336239585.0497,336262409.7565,8593.1540,8818.8369,13323.9879,2275.3940,9235.0700,4573.7326,4324.6403,13533.8015,2128.8785,4652.3088,8157.7352,13394.2912,8600.2317,5457.1490,7366.6501,6220.2828,9949.9092,7763.5546,3636.6059,4526.7060,10170.7915,6705.5896,12927.7985,1715.9574,12929.6952,12563.6412,0.0000,3470.5195,4874.0412,2342.1191,11104.7082,11368.9830,9688.0414,1997.8883,4823.1019,11862.5410,9991.6742,8333.4304,13753.8097,5266.6299,6974.1887,10190.4798,7058.9695,8671.8224,13517.9683,3485.9990,670.4238,9437.0081,13418.9261,11741.8989,8067.4269,10670.2181,10985.4830,391294.0944,412253.9523,404707.6686,395196.3069,403336.3404,403617.5698,401742.4967,400261.9822,336274737.7986,336217959.7314,336241672.3704,336264497.4041,11207.0899,9555.0588,8585.2952,12801.1042,4487.4724,5255.2039,10818.9688,10137.4622,7979.3850,8884.7227,8347.7024,13264.9075,4250.5909,9987.3728,10674.2416,12972.5307,12757.9005,8624.3235,9667.6910,11039.4967,9035.4896,8953.5298,7982.7938,13012.8808,11909.5233,0.0000,8093.7370,11690.2123,10080.1359,12023.2273,12758.0567,9608.3689,8828.0602,4846.8216,8606.7493,7816.0082,10619.0999,11244.5211,11993.7091,11261.5745,4789.6798,8698.9192,12152.3291,9269.9257,6200.7569,8618.5659,1274.4893,9589.1568,8296.8287,10917.4137,13589.9567,4754.2356,384546.3495,405838.7338,398213.7083,388683.4625,396782.1930,397111.9059,395153.7017,393706.3457,336281333.7007,336224556.1518,336248268.7364,336271093.4428,12334.3484,7188.8238,3551.8818,9586.4216,8823.2142,11986.2312,8639.6551,11921.7215,13299.1108,11404.2519,5575.3876,9243.4006,12674.6618,3110.8895,3817.2855,9782.7317,6091.6565,4851.1223,2023.9640,3558.7160,8399.9555,7936.4458,9910.7997,6083.1906,0.0000,6659.9251,8199.9846,7307.7607,12558.4638,11713.6958,3027.7717,10145.0931,9074.8892,13690.4346,13801.2307,12788.3468,10154.7461,6837.5189,2465.5319,13338.7648,3861.9802,2351.7234,10444.6402,8572.3941,9331.4044,11003.0992,9320.8618,13717.6870,12482.9061,6342.6540,9449.2570,392708.9113,413861.9784,406320.2772,396646.2484,404917.3787,405371.2912,403240.8761,401847.0600,336273759.8708,336216981.7985,336240694.8907,336263519.3925,13642.4338,11861.7389,12013.9352,12543.9782,1796.6291,13351.8688,11561.4576,9048.3021,3094.5460,12063.3860,12183.5595,10013.6252,13387.1499,11445.8717,11185.4834,13588.8237,13582.1208,11349.9401,12960.9231,6853.7482,13416.4119,6247.9496,8456.4082,0.0000,13566.0418,12726.9823,13699.4545,6973.1987,7290.5803,11479.4949,12853.2178,12466.8069,4113.0468,6887.9176,9379.3619,4027.0141,13141.7265,13020.6511,6900.4265,12858.6948,12112.0492,3741.4399,13011.8393,13227.3473,9079.8826,5288.3722,4304.8627,9730.0063,10385.8803,8447.7308,380672.7921,401684.2456,394173.4895,384501.5956,392794.7037,393239.8974,391129.6930,389725.3086,336285851.1970,336229072.9398,336252786.0077,336275610.6779,8305.9165,4552.3820,3770.0409,13839.1712,3501.7674,6679.9800,9894.2783,13264.4952,8207.0081,4918.6868,9214.0815,4467.3260,9040.3956,8782.9144,1405.2772,2559.2976,8631.7450,4664.7122,12071.5822,983.9103,13035.5034,11652.1194,0.0000,1343.5376,5686.9722,2265.5273,12234.2407,12263.5407,7976.8734,4235.6838,4288.2354,12809.1431,11330.1488,10041.7172,13553.0637,5363.8794,5462.6811,11011.0273,5032.0868,7485.3230,13204.2724,2845.2478,2940.8131,9223.2282,12837.1931,12692.4348,9771.0045,10309.8136,10200.3785,392332.4113,413394.3566,405830.3445,396295.3866,404441.2848,404752.9310,402829.7544,401366.9131,336273701.0907,336216923.1409,336240635.8276,336263460.7162,11112.8924,10560.9299,11064.7737,8263.2068,11683.2980,12448.4384,11789.9969,2389.7143,11146.7134,11476.6041,4685.8641,933.1631,7330.5803,7693.2383,6316.3504,4422.4761,6413.4767,9637.3616,8994.3855,7880.4194,5958.6619,0.0000,8337.4466,6665.5155,7431.4701,10570.0905,9403.4087,6157.1234,10036.7903,10892.2461,13095.1169,13291.7919,11317.6251,9525.1618,5375.1646,3464.4428,13770.8912,6877.1146,1289.3274,10742.2017,10177.6620,9588.4387,12722.8314,9885.1695,13212.2208,10900.8245,3164.0515,11487.2968,392476.2718,413426.9121,405941.1610,396250.5760,404574.8458,405028.7232,402907.3783,401506.5300,336274197.3789,336217418.9443,336241132.1419,336263956.7928,1174.6287,12782.9693,6500.3562,5783.9787,8588.1271,11319.8975,11248.0624,1285.7417,8869.0941,7901.4658,11588.7139,10831.8896,4945.4387,6333.4501,10240.8630,6736.2211,11011.9985,3797.4140,13561.8125,12387.2183,0.0000,4280.0335,8726.9610,6287.2137,12176.1636,12715.5593,8962.1649,5336.3573,1063.1566,10714.1859,9099.2735,9818.0492,12989.5940,8957.9948,8777.5428,7635.3757,6636.7111,10333.0401,11792.7055,1906.0488,4711.7323,5416.0500,11780.6467,10475.7347,9868.0900,12523.4350,7633.3466,388529.8957,409711.5469,402107.0568,392602.3744,400695.4041,400989.6078,399086.5246,397619.4230,336277338.2472,336220560.5611,336244273.1109,336267097.9621,13219.0337,6268.2244,6482.6542,9421.0486,11726.4778,10819.6234,1207.8386,9520.4406,7025.8736,11076.8404,10886.5134,3974.7267,5415.2919,9591.4785,5776.1541,10979.2094,3159.7812,13681.5368,12113.3961,0.0000,3274.3986,8517.0608,5747.5959,12671.9020,13064.1550,8269.6507,5503.2429,528.4228,11524.2939,10037.5143,10438.9256,13171.7818,8539.5709,7985.9808,8632.6264,5684.8244,9691.9915,12049.2201,1012.6879,4622.3483,6017.1800,11875.8457,11308.0707,10422.0600,12232.7187,7769.7392,389568.6554,410770.2127,403163.8512,393650.4075,401748.9098,402052.7191,400134.9059,398673.0569,336276314.4915,336219536.8186,336243249.3930,336266074.2051,13288.6225,11974.7704,9402.6305,4276.7112,11167.4913,12996.2686,10056.1358,13180.0691,10579.7264,10413.6099,13767.5986,13569.2857,11021.8853,13059.9676,7211.0544,13707.5051,4635.6778,7740.5981,0.0000,13840.2019,12285.2721,13639.5192,6193.3999,6149.4820,11488.0606,13054.3535,13206.1603,5032.9754,7677.9088,9255.8584,3142.8687,12648.1102,12660.8987,8292.3581,13031.0181,11486.9915,4228.2002,13573.5153,13447.7719,10389.4601,5485.6452,5318.0966,9513.1421,9219.7359,9542.2039,381425.2131,402365.3149,394879.8944,385185.9846,393514.3145,393975.1554,391845.6972,390446.2624,336285240.7250,336228462.3107,336252175.4677,336275000.1513,5098.9808,8059.3483,13773.1177,7171.1756,7360.2686,6810.0305,6080.7254,9018.3580,6007.4411,4622.4052,4834.3790,10117.4813,7327.6457,13345.1284,3464.7469,12073.4655,12247.4193,0.0000,4786.5425,2876.6551,1790.2168,10189.7622,10266.0887,10086.9816,2377.1014,6765.4013,11974.8888,10230.4424,7598.2606,13520.1946,3519.4478,6531.5007,11078.0220,7814.3559,7937.5990,13741.7920,5460.4792,2107.0477,10896.4111,13639.6799,11921.1926,7176.7825,9444.8675,12130.0225,391845.0887,412698.9772,405185.4440,395655.0995,403833.5632,404124.3564,402240.2595,400760.5464,336274324.8393,336217546.5605,336241259.2885,336264084.3769,4052.6144,12378.1897,10659.7004,7034.6649,3777.5892,10023.4743,12177.2107,7578.7408,7833.4392,8667.6886,12778.6039,10291.2827,13471.0265,5903.3040,12441.2077,13775.9570,0.0000,7545.5164,6607.8127,6458.0164,8751.6586,9702.3857,12376.4836,2937.4070,6713.9342,8859.9173,6280.3346,5046.2476,13244.1657,7895.1459,10465.1437,7414.9075,10507.8813,11475.0142,12959.3323,6287.8961,4054.1021,9013.0813,13440.0225,8705.0948,5085.6150,11957.6136,11402.8818,387282.4032,408124.6907,400598.3053,391113.4796,399247.0396,399495.3246,397673.0330,396172.8200,336278759.7654,336221981.5724,336245694.1500,336268519.3514,10703.7200,11321.3980,9647.3196,2005.8666,12183.8125,12687.6655,7402.7875,10787.2373,11310.6800,13701.4675,12488.8377,12939.1243,9263.6191,10557.0184,13344.6076,0.0000,10604.3540,8289.4923,9423.7488,5752.7382,7207.3583,13602.6363,6531.2890,9542.3739,5674.1172,3065.6904,2473.7530,11448.2494,9693.7316,12280.5538,6012.1193,12659.1452,12567.7715,11451.6217,9474.8093,7644.8007,9638.2907,12348.8694,5595.1443,3060.0260,11704.9636,11716.3154,384034.4682,404784.0969,397290.6483,387772.0466,395956.3174,396231.0205,394375.5119,392883.8138,336282176.9578,336225398.5627,336249111.2555,336271936.4733,12548.7124,11164.7774,11706.9029,12763.5465,11356.8611,12694.2789,12954.1903,13005.5377,10128.5220,11801.6949,4388.8532,13092.5549,7745.3402,7593.1339,0.0000,12886.0280,13524.0213,13764.8848,9527.6002,9677.2837,9862.0259,13337.8073,11564.5645,6252.7543,8525.8261,11339.0121,4202.7397,13644.5063,12512.6100,7150.6745,11552.3806,11764.6965,1704.0191,12332.3615,13424.1099,7523.6021,3196.5905,6273.0301,11649.4348,10992.9251,5994.6007,381313.0969,402509.6290,394955.2590,385276.5024,393543.3810,394010.2642,391860.8077,390473.0359,336285121.7492,336228343.7715,336252056.8146,336274881.3029,11548.7931,10064.1469,5553.1418,2917.4384,5256.3155,7983.0031,6716.4938,6641.4940,7678.9443,11141.2607,8804.5657,7769.9189,7614.3642,0.0000,8615.4762,4959.3843,6760.3277,9348.7373,8181.5271,8146.5363,9039.0689,11208.5608,12699.8601,12599.1152,9854.0574,10225.5790,3898.4467,4516.4970,13674.9603,8225.8172,3285.7177,11677.9422,10321.0614,8830.9164,13377.3918,11117.3102,12838.7603,9344.8983,2962.9769,12692.4464,392409.9252,413228.8444,405769.0636,396100.0707,404425.9912,404848.3800,402777.8608,401357.8849,336274280.9623,336217502.3548,336241215.5217,336264040.3396,9979.4827,7778.7453,11586.8839,11642.7129,4962.3607,6321.8824,9779.5651,6225.7771,10493.4252,4348.9616,13818.3283,12109.6721,0.0000,4289.5722,9491.4362,6877.5712,12929.6444,13379.8569,8296.0619,6464.1431,699.0884,11251.2743,9901.8139,10859.9206,12951.8275,9523.3372,8694.6681,8074.5886,6010.6767,10269.6411,11582.3764,2216.1991,5705.3831,4978.6511,11443.6160,11010.7206,10911.7533,12732.5809,6894.3552,388701.1572,409954.7800,402335.7191,392820.8264,400911.3233,401221.3002,399292.4863,397835.2217,336277157.9366,336220380.3473,336244092.9096,336266917.6729,11355.9680,11795.5294,5723.3866,10181.4192,10539.2810,13304.7732,12058.4207,13476.0980,8689.7230,10304.4729,13188.1913,0.0000,10105.1646,6699.0355,8327.1702,5475.3690,6650.5896,13417.3553,5626.6957,9746.0784,7116.6095,4916.5474,1328.7431,11833.4832,8235.7672,11389.4844,7738.3677,12332.0971,11678.0424,12206.9033,9365.0154,6835.2363,10752.9884,12926.4861,7110.7966,1502.4402,10742.1957,12585.9069,385718.3739,406401.8469,398927.5303,389402.9018,397605.3193,397880.0877,396027.2263,394533.5475,336280572.2555,336223793.7364,336247506.4720,336270331.7330,5424.5448,8790.4758,3469.8151,1959.5519,4991.4057,2615.6123,10439.3155,5353.3937,11306.0278,8687.1355,0.0000,4178.3026,6252.0704,4504.5183,12505.5694,11915.6044,5084.6889,7771.7705,7404.6491,13822.3176,13242.3610,11733.1034,11981.0801,4868.0766,1245.6951,12984.3892,3292.9547,3567.0646,12134.4823,6482.0271,6794.8735,10819.1651,11303.1349,13804.5683,11369.8163,7502.0746,10257.5227,393648.7808,414740.1732,407196.0748,397577.3294,405803.4561,406197.8791,404155.0163,402731.5616,336272648.4733,336215870.4042,336239583.3456,336262408.0232,7691.5937,8399.7041,7068.3658,4248.2350,6907.0027,9151.7277,9694.5844,7281.9159,5191.6698,0.0000,9015.8916,7370.2109,8241.5135,10468.2933,9225.3934,6148.8945,10692.3241,11379.0363,12943.4464,13354.7259,11552.9369,8878.0798,6181.4620,4219.2517,13810.0629,7307.7749,1900.5677,10218.4848,10760.5407,10286.8584,12815.1632,9321.5214,13077.5911,11164.6901,2712.9469,11379.1792,391971.8170,412930.2236,405447.3747,395741.6738,404079.8324,404549.4433,402405.3582,401012.0440,336274758.3750,336217979.9261,336241693.1662,336264517.7777,9353.2221,8824.3157,10698.3217,10531.8600,13053.0896,8870.4978,8053.3488,10729.2864,0.0000,9707.1523,3543.3146,6969.3055,5883.3232,5363.8123,11635.9959,6961.2349,11271.5991,10233.7534,9425.0845,5348.4907,11011.4051,4597.1979,8310.0067,11695.9333,11022.0488,7958.4067,12404.2051,10411.6854,7572.4160,13212.3616,12554.8428,10383.6640,4706.5102,6294.7068,13727.0419,389642.2377,410267.3352,402834.5704,393230.2475,401524.7131,401870.4519,399918.3591,398455.9862,336276973.2280,336220194.4438,336243907.4535,336266732.5907,1576.7755,7531.0320,3315.5274,11327.7481,2200.5350,12868.5713,10875.5855,0.0000,757.3765,6354.0423,3113.3929,12707.8166,12602.0399,6769.6348,5538.2217,4428.4206,13167.6759,11967.4163,10909.5325,13173.4355,5695.6893,4591.1837,11391.9551,3691.3355,6722.9821,12770.7430,3227.8364,4290.8231,9091.5268,12242.4849,13059.1363,10645.4776,9975.2795,9615.2593,392646.9615,413767.8683,406195.6196,396640.6574,404796.3915,405131.9692,403171.9600,401722.2444,336273412.2675,336216634.3743,336240347.1074,336263171.8983,6515.5639,2792.8531,11097.4119,3481.9118,12178.5561,10016.2178,0.0000,2325.7098,5873.5748,3143.2512,12522.9039,12197.9144,6121.1406,6283.6891,5847.3591,13489.4214,12523.0998,11118.2865,12740.9264,4844.9515,3087.9824,12174.7814,3387.5145,5318.6204,12624.3358,4735.8315,5154.4146,10007.4765,11972.9884,13424.9815,10788.1860,8810.6347,10070.6707,393295.1730,414387.8166,406831.1729,397250.0362,405437.6063,405795.8190,403804.6528,402364.4599,336272868.5847,336216090.5921,336239803.4157,336262628.1748,4691.0920,6722.6445,9258.0680,9220.7468,4497.4954,0.0000,7984.0799,9613.0520,8926.0496,12574.7098,11701.4208,2153.0398,11368.2831,9750.3009,13242.7289,13768.2299,13303.8632,8840.0377,8415.3849,4403.1827,13058.0489,4723.2286,3603.7366,9017.9893,9539.6596,10641.7786,10616.2379,7723.5143,13281.2541,13075.6941,6508.7801,8490.2443,391380.6007,412590.1145,405042.1262,395343.4092,403629.2947,404112.7507,401937.8252,400559.5692,336275153.2738,336218375.2505,336242088.3981,336264912.7974,9197.8524,5342.4776,11988.3472,8622.9147,0.0000,3680.2275,8129.4518,5795.9113,13326.0904,12927.7222,3657.5202,8391.4890,6015.3632,13549.7359,13071.8000,12523.2132,11755.6925,7047.1495,3458.4153,12085.2910,686.9441,5194.0493,11294.4471,5528.3171,7306.9245,9040.0010,10395.8740,13475.7635,12290.9616,9041.0551,8284.2736,392550.5586,413781.9842,406200.3062,396589.0787,404782.2211,405181.4555,403125.6581,401709.2192,336273635.1156,336216857.2941,336240570.1702,336263394.7379,12184.1100,8346.2051,4863.9256,0.0000,11386.3568,13115.6791,12776.7430,11719.1323,11348.6444,6349.6322,13497.6706,10855.6381,9865.5780,11499.7710,13271.7880,5050.4306,12681.3310,10146.0689,9892.8415,8865.9141,9347.6808,3325.3657,11493.8609,13172.7462,7971.5164,1923.7133,9876.5563,13384.2321,9728.8209,4883.6948,384877.8536,406198.3429,398624.1930,388915.6480,397190.7918,397696.0631,395485.8866,394120.8612,336281622.0973,336224844.2531,336248557.3714,336271381.6700,13188.7856,12056.4824,0.0000,1839.5873,5916.0624,2711.0774,12020.2690,12192.7389,8514.4737,3617.6682,3688.1491,12335.9434,10701.4400,9598.2077,13617.1364,5863.7443,6306.2666,10344.5055,5630.0431,8223.8395,13157.8182,2206.1165,2322.1625,8721.8897,12901.9118,12197.4765,9374.7915,10802.4030,10027.7454,391634.7236,412692.8438,405125.2193,395604.0218,403736.4873,404034.9297,402130.8700,400661.7382,336274359.0015,336217581.0744,336241293.7177,336264118.6405,5864.8097,0.0000,13186.8219,10241.6203,12265.2609,5944.5009,4610.4132,10488.9319,12644.9242,13830.7218,8422.2200,10130.1342,9393.7118,4140.1730,10283.4658,10440.9185,11398.5347,12158.5391,8705.9492,6804.9148,13726.1430,12931.0862,12717.3953,6993.5478,8726.4054,9309.2144,5270.6879,11526.0904,385258.3528,406076.3746,398633.9926,388906.4315,397291.1434,397774.1723,395618.0198,394225.3475,336281659.3376,336224880.6494,336248593.9616,336271418.6687,0.0000,11241.9505,11109.2722,11600.1200,10693.7097,9636.3408,5804.8390,13167.1729,12204.3078,11353.5872,12793.2509,12778.7144,4991.0865,10357.3074,7865.8565,12462.0057,8612.8174,6122.7209,6068.1317,12237.3652,12850.2279,11286.9369,4816.5645,11494.2549,12655.8550,5652.2399,8816.0715,387984.9381,409112.1321,401599.5564,391852.8793,400201.8380,400727.3258,398496.4793,397134.5447,336278796.6199,336222018.3823,336245731.6838,336268556.0631,0.0000,0.0000,0.0000,0.0000,0.0000,0.0000,0.0000,0.0000,0.0000,0.0000,0.0000,0.0000,0.0000,0.0000,0.0000,0.0000,0.0000,0.0000,0.0000,0.0000,0.0000,0.0000,0.0000,0.0000,0.0000,0.0000,0.0000,0.0000,0.0000,0.0000,0.0000,0.0000,0.0000,0.0000,0.0000,0.0000,0.0000,0.0000,6753.3585,3455.0920,12836.2149,12829.5668,7066.5365,5374.0477,3731.6235,13014.8136,11727.3787,10893.4726,13342.6791,6246.9524,5291.9326,11008.5062,3940.8789,7373.2625,12795.1884,2510.2070,4106.5113,8615.2371,12321.7843,12884.5806,10668.7800,10530.5408,9352.4920,392259.2445,413398.6913,405818.2153,396274.2450,404415.3877,404742.1024,402793.9808,401340.7918,336273753.6829,336216975.8426,336240688.5356,336263513.3340,3603.4939,8722.7877,8412.1706,10184.6966,4697.8877,8984.9240,11748.7395,10471.4032,7016.2965,12430.2966,1721.8772,6141.1323,11916.2159,8693.1417,6770.3261,13254.6453,7822.8189,4846.2438,12265.0784,13132.8431,11792.3018,6435.7769,7252.2629,12955.0296,391853.5275,412605.6698,405131.5732,395557.9497,403798.7378,404123.3426,402195.4828,400727.8811,336274541.2884,336217762.7594,336241475.6484,336264300.7355,11213.8796,11109.8520,8811.3103,3699.4780,6267.0731,12776.6420,11282.1739,9045.5099,13471.5078,3343.0835,5133.2851,11682.8464,6326.1009,6882.0391,13598.2108,4864.9924,2789.1243,10722.7902,13287.1975,12718.0732,8642.4629,9168.0988,11594.3513,392797.5208,413732.1377,406203.4600,396657.9330,404837.5250,405148.8610,403231.7168,401764.3556,336273358.4011,336216580.2209,336240292.9765,336263117.9577,1794.6626,13289.2655,9943.0514,12848.4875,5686.2070,6092.6233,4237.0824,8242.0594,9744.2814,12027.4499,9019.8098,13568.2882,11221.7760,9646.5113,12654.8239,10799.0839,12252.3408,10514.9419,5982.5157,4323.4283,8479.8655,12778.7688,383852.0237,404490.9222,397059.5526,387434.4798,395746.9559,396116.2733,394130.6113,392678.8443,336282812.5681,336226033.7944,336249746.8373,336272571.9274,12672.6214,10426.2479,13273.5618,6945.1738,7627.2046,5482.7071,7633.3215,9201.8303,11282.1780,10214.9842,13206.9035,10196.9398,9477.4812,12985.7582,11145.0676,12890.6424,10133.0316,7257.4355,5377.1631,7010.0109,12983.4239,384901.8630,405538.2549,398117.2798,388463.3532,396805.7173,397202.6269,395177.5565,393738.6578,336281876.7296,336225097.8921,336248811.0281,336271636.0563,11036.8470,8350.1798,13152.4888,13507.6719,13582.8245,9492.8883,9101.9897,5017.5808,12276.8117,3391.2934,5139.9434,8993.9987,8356.6236,10192.2821,9139.6180,7736.2608,13127.1179,13424.5941,8300.1864,6999.0952,390950.2626,412253.0602,404673.1671,395000.7409,403243.0646,403708.7615,401555.1122,400171.8272,336275426.2896,336218648.4706,336242361.5102,336265185.8828,5920.6159,10884.4536,8727.3978,6702.2682,13711.5643,5699.5085,8328.4742,9494.3454,8731.7401,9692.3533,13601.1484,4885.1636,1349.2161,9770.0558,13731.9988,10770.6408,6454.1556,10923.6757,11644.2219,390092.1433,410962.1918,403434.1834,393935.0968,402078.5630,402341.4492,400496.7163,399004.5200,336275970.7035,336219192.5182,336242905.1405,336265730.2832,11462.3150,10012.7773,10658.3087,13168.5030,9017.0670,8354.1701,8422.0866,5868.3901,10016.4748,11934.3012,1527.7580,5094.2171,5609.1161,11778.2784,11233.4814,10672.5521,12533.7706,7457.1336,389219.1084,410444.3918,402831.6033,393319.5607,401412.3153,401716.9428,399796.9574,398336.2882,336276646.9712,336219869.3403,336243581.9031,336266406.6972,3053.4332,6620.6560,7720.6345,12644.9347,13682.4433,4444.6376,13519.0228,13291.6238,7341.1250,11952.3901,11577.8465,8654.8436,8745.7174,401.8201,7177.4199,11785.6078,9654.6146,380322.1454,401221.7338,393714.0428,384118.3953,392353.9817,392716.0572,390729.5442,389282.7217,336286005.0794,336229226.7895,336252939.6571,336275764.5888,4873.1383,10036.8270,11619.1550,13303.4881,3708.2968,13098.7230,13372.8742,9584.8077,10379.2582,9591.2001,8311.5250,10751.6924,2852.1207,5518.2588,12388.8188,10266.0942,381631.0205,402488.3261,394973.9376,385433.6123,393620.5313,393925.3811,392022.3157,390547.8274,336284552.9397,336227774.6832,336251487.4024,336274312.4843,11156.5588,8505.5300,11629.8854,8018.7359,12802.4623,11650.7233,11775.4906,10307.0207,7849.2897,11268.5926,12552.6442,6686.2568,706.4591,10227.5379,12832.4165,385216.5716,405864.9104,398405.8944,388860.5818,397090.3085,397382.5170,395506.3753,394019.4745,336281169.6546,336224391.0417,336248103.8474,336270929.0964,12359.5317,11340.2535,10003.5500,11688.4229,9891.0952,2932.9660,13501.9585,13819.6566,10599.8078,3280.2422,7932.9391,11271.2779,7966.3908,8752.6173,383267.1997,404312.2733,396813.9307,387081.6179,395430.2668,395936.7199,393737.2650,392362.9644,336283490.1829,336226711.8569,336250425.1119,336273249.6129,4652.8645,12716.2511,7665.7725,5372.0758,13200.0424,7813.2542,5453.5498,12454.5755,12861.5459,12692.0142,7950.6813,6563.8598,12751.9172,392920.0763,413729.1558,406247.4694,396653.8456,404904.9438,405252.8320,403289.0544,401834.2691,336273496.2489,336216717.7692,336240430.7081,336263255.6990,13239.7458,4076.2100,2353.1186,11755.9419,7484.2250,7492.1020,11336.3351,10886.7038,13700.1935,11241.6341,6378.4688,10539.8143,393526.9541,414583.6802,407054.8638,397415.5988,405668.8153,406080.4489,404014.5648,402597.8627,336272869.1496,336216090.9840,336239803.9979,336262628.6627,11922.6095,13552.0082,8502.8806,9293.9005,9945.5896,5121.9867,9568.1416,4062.0106,8551.5103,13467.1777,7481.9370,381322.1640,402407.1172,394834.8230,385297.3949,393440.4852,393760.9588,391825.5148,390366.0829,336284690.5246,336227912.6363,336251625.2851,336274450.1720,5661.6410,11070.5199,5548.2715,7650.5563,8642.7853,10150.9945,13433.0696,12603.3181,9435.4509,7781.7970,392218.0317,413485.8320,405895.1384,396283.6124,404470.4610,404873.2137,402810.8261,401397.2661,336273949.1384,336217171.3769,336240884.2430,336263708.7772,10770.7584,9312.0235,9092.4548,12070.2791,9834.9013,13372.2033,11259.7744,4354.8998,10820.7209,392773.0662,413787.2987,406281.9328,396602.8054,404904.0729,405351.6260,403236.4427,401834.8643,336273807.5246,336217029.2149,336240742.3608,336263566.9785,12573.2181,13605.4991,8425.4515,1676.3318,7419.7065,11996.8981,9904.0868,6357.8092,382388.1620,403579.1738,396035.1287,386330.2233,394624.7528,395116.4668,392931.6775,391555.4288,336284158.1852,336227380.1467,336251093.2755,336273917.7085,3856.6427,6966.9384,12360.4496,11756.8666,10226.5010,11943.3040,8578.8945,390379.2669,411542.9181,403945.8063,394433.6250,402537.7562,402836.8373,400927.3533,399462.0873,336275522.2361,336218744.5020,336242457.0854,336265281.9331,9511.7947,13586.2239,11455.2383,7593.3853,10851.3771,11210.4960,390910.7026,411843.1967,404301.5594,394796.8208,402934.9571,403207.8361,401345.9538,399860.6077,336275121.6141,336218343.5166,336242056.1416,336264881.2148,8687.5996,8362.6805,11567.3791,13481.7267,3594.9546,384201.2266,405538.5559,397908.9169,388357.9198,396469.6702,396823.3085,394828.9892,393394.2124,336281719.8944,336224942.3786,336248655.0127,336271479.6355,8816.3946,12697.2847,9351.2251,6084.3625,383726.3692,404962.0716,397411.8458,387693.3802,395993.7567,396502.0721,394291.4433,392924.6906,336282855.4867,336226077.4905,336249790.6555,336272615.0138,7254.8823,11987.9157,9472.3551,380302.4966,401217.3296,393703.8624,384114.2699,392340.9580,392698.3807,390717.8365,389269.3834,336285992.5645,336229214.3102,336252927.1555,336275752.0867,9831.2066,13043.6784,385866.7141,406501.1265,399046.9062,389498.2565,397733.9397,398028.0574,396149.7305,394663.3308,336280544.3531,336223765.7087,336247478.5309,336270303.7842,12297.4969,390455.4680,411283.5829,403835.1506,394122.9946,402490.8557,402957.2878,400823.7335,399424.3359,336276402.4677,336219623.8011,336243337.0898,336266161.8083,384767.2768,406182.2445,398555.3043,388936.7854,397103.3602,397528.7621,395428.4583,394029.6905,336281344.4743,336224566.9536,336248279.7734,336271104.1804,32059.8903,22763.3590,18587.2148,18580.8398,22942.6901,15713.9156,16619.1973,336665082.1420,336608306.4060,336632017.4995,336654842.5992,9958.2561,19079.8124,13945.0051,15637.2022,16381.6691,16199.7111,336686206.9786,336629428.9958,336653140.2988,336675966.8486,12411.8270,4579.6504,8115.7178,7826.7663,6341.0995,336678604.1363,336621826.8147,336645537.9190,336668364.2041,12057.2620,17838.4411,10009.4043,10441.9811,336669541.5727,336612763.9882,336636475.5950,336659301.4847,8086.4949,4245.2410,3086.7741,336677231.1729,336620454.2706,336644165.3185,336666991.3534,12057.2620,8569.6555,336676947.3579,336620170.5091,336643881.1245,336666707.6303,4296.3966,336675823.7546,336619046.9276,336642758.1534,336665583.9211,336674147.7925,336617370.9050,336641081.9494,336663907.9773,66520.7419,43991.6449,15033.9141,31493.1684,52509.5089,33203.8739,
36000.000,10310.9569,4581.2058,8991.5536,9851.9343,2852.7792,13481.9739,9049.6446,6775.9774,4597.7999,12614.2188,13736.0435,4564.1138,11377.0361,539.5843,8629.3120,10372.5026,11113.4531,7390.8087,12459.7596,13837.3162,6442.9707,8764.4329,7077.9014,7300.9041,9238.5214,8641.2784,1915.4385,13162.1085,6303.6293,7608.4602,8004.5859,9626.1531,12476.1713,13055.1593,11956.6574,3986.9910,11955.9053,12375.1954,12659.1126,9257.1130,7652.5847,11076.7315,13592.6360,13496.3916,11212.4603,12707.5195,13098.6278,12090.8473,6707.1572,12624.2389,10415.9879,13273.0287,13716.2344,5271.3230,8598.2032,11391.4216,7571.5088,12236.2030,8703.7060,13872.1738,3597.6501,10282.1015,10513.1969,7586.1538,11170.1107,10535.3032,12772.4415,11196.0453,10245.7586,12933.9821,3344.6239,11006.4253,0.0000,13053.0838,7022.7741,11855.0339,4049.5047,2292.3735,11168.8989,12041.8831,13813.4109,8202.4982,8162.5385,7481.0422,11805.0398,9900.7236,10305.8682,9325.0774,13055.6242,10933.0325,10944.4632,13615.0363,10805.3909,13057.9192,7903.0644,8450.1447,1662.7009,8419.8774,11930.9385,383039.0212,404177.2115,395219.0662,387753.3811,396442.8124,395780.5495,398178.0192,395322.0192,336268444.4274,336213224.5002,336238176.4911,336258415.2582,12048.0293,3981.1802,11323.4168,11943.6933,6482.1671,13341.7765,4547.0687,6648.5401,11190.2508,9329.2986,12692.0284,9005.9107,10050.9745,10172.6329,12624.9544,13425.8838,8192.4759,12604.9371,8357.3765,5508.7024,6246.2493,7535.7673,8820.3304,12293.7896,6257.7966,10194.9487,11788.2498,7253.5448,6383.1703,7389.2266,5539.1980,4648.4878,8872.3224,9490.2033,11001.5278,2661.5131,11454.2075,10938.6287,8709.2106,7482.4735,11677.9261,6909.6526,8087.3731,1382.3059,5430.6783,11824.9730,4467.7965,13080.4086,5330.2875,8708.0207,10064.2375,8403.6172,12816.5066,3597.2043,3319.9378,6939.6903,12327.9368,7350.4437,8879.1352,8628.5778,7946.5854,8040.7235,4914.3383,5877.8650,6905.9483,7545.6196,8891.4266,13419.9032,6368.3665,10284.5944,7480.8303,0.0000,5538.6344,6604.5484,3134.5780,12307.2790,10737.3624,11130.7648,3489.4877,8501.3813,13710.0611,9093.6377,6679.7987,13141.6309,2451.7615,8857.4207,12083.4386,5162.7939,9452.8817,13191.7703,7317.4829,1467.8701,11915.3700,13264.2463,13731.2068,9633.4004,7060.8024,12214.7496,380377.1279,401039.4586,392212.7058,384685.2711,393420.5276,392919.4286,395336.3892,392392.7082,336271750.7958,336216529.8842,336241482.4178,336261721.0605,9946.9544,6487.4831,3496.1799,13717.6528,8064.6298,9546.2959,8045.7175,10029.2778,13072.0570,2725.8916,12849.0802,4581.4647,5943.1737,10084.4484,8648.7702,10630.1237,10882.2426,13368.4991,9962.0422,8686.9801,6823.8924,6015.3443,5364.9665,11654.5605,3614.5293,11782.6046,6918.7234,10984.9856,7411.8751,12271.1278,13644.2576,13522.5616,12973.7365,6669.1211,13129.8649,9671.4685,12561.8019,11653.0712,10923.1231,11346.1142,13295.3935,12443.0849,12645.7838,12487.9706,11335.1628,13573.8490,6146.7995,12411.2972,12354.9276,11574.0162,13118.1806,5035.6699,11504.0367,11894.5641,7611.9209,9385.6931,11644.9323,13075.2617,5332.3499,12493.5794,12609.9246,8941.1344,13188.5280,12748.1527,13712.6829,12708.7296,8981.1198,12365.4297,6979.5136,12985.1973,0.0000,12961.5473,10467.3413,12463.2047,4764.1660,5783.7227,11799.5903,12532.6202,12972.5883,5719.4508,6366.6521,7772.8355,9346.3108,11074.5713,12209.9540,5535.3323,13342.9529,12306.6957,7837.8006,13073.8487,12672.9285,11629.6463,7231.7659,5833.3470,4546.3570,11475.7749,11343.5699,387341.4966,408513.4806,399559.9480,392061.7673,400771.0610,400142.1961,402506.3114,399643.6136,336264243.4635,336209023.5661,336233975.6499,336254214.2868,8938.6993,10789.8630,8793.4492,13541.3149,4049.1092,5818.7029,10297.1689,10838.9744,11373.3793,11629.4454,8584.6053,7148.6475,13592.5879,13168.2906,9997.7464,13219.8891,9987.8030,6422.6017,2451.8214,3967.8371,5365.5217,10155.1162,8786.3850,8177.7064,12658.0658,3895.1685,8402.0872,3754.0174,8541.0473,7923.7457,11352.2497,11979.2516,11011.4080,5827.8894,10530.3190,12756.2887,11014.4351,9470.8833,13235.7168,8417.3606,8508.2736,4840.3174,6060.6366,12313.6486,7968.0635,12822.3891,5799.4299,11270.5208,10244.2587,9850.1074,12235.9208,6050.6327,3460.2982,3214.9222,11575.7874,9764.5807,10140.3364,6201.5639,10687.1938,10805.3047,1753.4675,9202.2019,9913.3029,10439.4172,11497.5363,13764.1087,6750.5603,10258.8404,10460.4022,0.0000,6767.7832,8342.7491,4460.7080,11637.6261,10220.2328,12969.6990,4781.2663,9578.3968,12959.0359,5733.3667,2963.6934,12954.3263,1715.0757,11345.7502,9845.2442,7209.3541,11826.5453,12350.0387,8491.7054,5388.5529,12731.6499,13294.2780,12957.7386,7793.2958,9408.0414,13442.7579,381680.2850,402547.1482,393693.6788,386107.7274,394875.9139,394410.9884,396742.8240,393807.0250,336270488.6646,336215268.0789,336240220.6431,336260459.0692,9337.5647,11146.9301,10158.6270,11038.1086,10927.3735,4862.9662,10177.5471,8231.9130,13501.3199,9667.5437,2618.1003,11364.3671,7664.6210,13507.4383,9387.9863,10262.3814,12327.9911,7067.2257,6488.9526,5207.7360,2031.7413,13508.4087,8538.5718,9535.2063,7657.6533,13332.8296,6022.3893,13424.4132,12231.6634,12376.3938,13149.0265,11444.2037,11478.9230,4682.7674,11857.6021,13667.7038,13526.2808,12200.8461,9929.7166,8164.3590,11389.4331,8980.0760,8495.5893,12635.0236,9999.9231,8899.4726,13646.3195,7330.3384,9860.6225,9836.1252,12662.1642,9448.0933,7021.2185,5299.4421,13747.4717,9624.5431,8553.0102,13793.7475,13773.1856,9033.7745,13444.5493,13653.2155,12760.3856,13422.0942,10033.5588,8458.9254,11748.1085,13709.9819,0.0000,9626.3169,13034.5756,10043.1154,10078.8483,10984.6163,12665.0988,9943.8084,9251.5306,7966.4026,4246.0064,7388.8227,7455.1815,9849.1983,13563.5037,1546.4702,10564.4117,13206.7669,5704.1972,9416.9137,12065.8348,9459.9977,10286.3625,7747.6339,9159.6373,13638.0636,11174.7881,390237.4699,411217.1919,402334.2434,394763.5904,403521.1945,403015.3861,405346.0838,402431.1948,336261790.0548,336206569.6947,336231522.1699,336251760.5811,13824.5003,6862.1791,9106.9426,7148.4450,11874.6470,13331.1186,1975.2913,11223.5278,3264.0693,8830.2796,8700.3418,9195.2949,8209.0705,10945.6212,13722.0869,8572.9313,10279.2740,8581.5402,8349.0254,8186.5195,9785.7819,3655.2034,11985.9242,8191.5621,9037.8055,9328.2548,10693.6352,13245.0953,12794.4292,11587.2889,3459.4177,13114.6972,11515.1115,11747.2483,9450.8302,8684.4687,9871.5110,13871.7578,13561.8285,12606.0330,13428.3065,11925.3216,12947.1853,4268.5357,13396.8786,10450.0161,12721.3115,13576.6860,2684.4675,10401.6698,12695.6265,9203.2060,11011.7288,9535.6294,13635.6152,5825.6049,10611.0828,10778.7242,9633.5683,11892.8312,11102.3417,12891.9244,11065.7088,8189.1524,13446.5414,3966.2480,11369.4175,0.0000,13695.9420,8466.4898,13050.8921,1655.2603,2732.0868,10212.0497,13155.2648,13699.7601,5739.0038,8918.7639,9216.0484,10091.7803,11613.8621,10280.5782,8420.7731,13714.8405,10596.8070,9216.5002,13814.3159,12274.3355,11830.0934,5604.2289,6033.1855,4090.5813,9397.9146,10521.5030,385506.7548,406629.6931,397665.1320,390230.2510,398900.9469,398202.7750,400630.9937,397783.7545,336265890.1466,336210670.2257,336235622.1427,336255860.9970,11840.8943,10203.3019,11550.8700,8260.2193,3596.4740,13810.2113,7057.6683,13395.3334,11487.8448,10328.0850,10677.7438,10309.7964,8653.3643,2366.2178,10352.0948,9880.9901,11129.0579,11662.3953,11942.8014,8710.5691,13452.4316,7153.3152,11486.5397,9662.5401,10603.5217,7486.7442,2813.8369,4337.3740,6605.4488,12828.8465,4041.1093,8596.9281,6776.1662,8999.5492,9905.0354,9016.6300,1862.0743,4120.4544,5242.0433,4027.1415,7367.5764,3743.1214,12970.1942,4345.4038,7908.7222,5739.0562,2635.0184,13495.2097,8426.9652,5971.3742,10817.0158,9295.9727,9079.4570,3231.9980,12690.5208,7776.3409,7570.7375,10008.7696,5792.6391,6969.4835,3795.8839,7084.9658,11151.6096,4084.8256,12860.5055,6744.5181,0.0000,3037.6519,9916.6560,4921.6453,13636.1122,13304.4574,8573.8240,4607.9064,3188.2893,12820.3167,11325.4449,10784.2407,9938.9956,7558.5954,8031.1782,11833.2115,1961.4304,7585.2058,10843.9432,2552.1461,5796.3623,7385.5909,12490.1162,12713.7876,13241.1368,9183.0867,8680.1633,385207.0169,405600.4610,396820.3465,389345.0593,398052.1315,397533.8153,400040.4975,397078.2108,336267042.7330,336211821.3504,336236773.9576,336257012.7688,12725.9709,11638.9408,9843.1767,9839.1450,5984.0728,8341.5203,9406.9197,11248.0646,2716.5399,4430.9766,9150.8211,5494.8197,10870.5415,11734.8176,13299.6297,12407.5996,12025.8520,8739.2757,10501.8105,9740.4797,7087.8870,12515.4165,10679.0055,12628.0780,10855.8468,12151.2192,9241.6468,8023.7870,6552.9523,13154.1694,9380.2848,6859.5912,8300.1809,9749.8740,4752.2071,12059.0265,11828.1359,13309.5883,13039.2923,7451.7420,12057.4897,2818.6036,13177.1839,8374.4326,9907.4608,10781.6763,4430.0186,12314.1688,13735.0317,12886.6098,8133.9933,9753.4756,10696.3606,11241.5394,9173.0740,9113.9701,13189.0990,10868.9424,9986.6068,10204.8226,8289.4922,1593.8843,12704.1826,7924.3388,9684.0515,0.0000,12889.4704,10354.9114,13578.4882,5615.9682,7792.2171,5652.9018,13488.6987,11164.8408,3225.8172,11983.4239,12964.6002,5501.8764,13690.0350,8132.6351,9143.5027,12667.9796,7488.3704,6065.6362,11967.5930,13079.1019,6861.1121,1483.6999,3365.3857,10075.4334,9974.9926,4736.4329,389483.1595,410284.3089,401367.9567,394012.5259,402639.5619,401898.9091,404451.4131,401587.3950,336261914.9110,336206694.4483,336231646.3833,336251885.5132,2391.4333,12612.3475,12186.4082,10319.0802,10444.9728,6433.3357,9272.1704,12765.8713,13699.6467,7052.9467,13777.3100,11586.4192,2693.4710,5656.1104,5679.4647,7128.8176,11623.3209,6188.1440,6716.7107,13549.3940,4638.0423,5308.1503,6223.0603,6523.4689,8447.5535,11464.4798,11185.0525,8503.0596,7017.7562,12699.2794,12682.5409,8834.5466,6514.9371,12371.6889,10486.2090,11080.4221,5851.6234,8885.7346,13525.9878,8017.8020,11516.5778,8729.2089,9599.2743,12342.3806,11555.2378,10720.9204,3577.3387,6508.7772,5301.5819,13309.3035,7186.7677,11925.9594,4977.1371,8877.9799,9115.5721,3020.1516,8073.8900,8296.9216,10391.6196,10271.6353,13319.5541,9603.1538,7389.8670,9046.5158,0.0000,9248.4335,5157.8588,6977.6973,9825.3589,7646.8248,11980.0043,7326.4993,11620.8783,12612.7976,7944.5346,4920.3368,13804.2855,4356.1986,9665.8251,11457.1817,9120.5286,10567.1786,13375.4970,10730.6982,5407.3331,13587.0079,12154.7312,12729.4960,5935.4888,6713.4321,13233.0487,379449.0520,400365.3314,391478.2395,383952.6372,392682.8344,392134.3911,394512.9736,391604.9586,336272415.7051,336217195.2826,336242147.6114,336262386.2364,13004.2283,12992.9892,8600.1108,10607.1123,4277.2617,9200.5437,12039.4551,13150.2185,6376.6150,13615.6247,12637.7120,2695.0679,6703.9155,5917.3883,7083.0314,11127.3124,6379.1208,4848.2898,13713.0798,4710.4972,5201.0117,6747.1623,7148.3013,9919.5579,12101.6510,11392.1647,6650.3921,8874.1007,12977.9637,12800.5579,8537.0968,6088.6707,11952.0540,11844.5836,12256.2867,7837.4880,10499.1947,13714.9084,9434.0333,10009.8947,10368.0565,9590.8029,13022.8906,12587.1505,8998.2022,4867.5061,8434.8737,5869.2744,13334.5709,7076.9852,12902.9084,3587.8236,9010.7289,9282.4466,4390.3684,8933.9715,8749.5398,11243.5314,10418.3463,12478.2794,11066.8014,5414.9958,9467.3683,0.0000,10847.4903,4807.1498,8901.6229,7945.5014,5540.9502,11672.0167,9202.2357,12696.0826,11397.6521,8045.2074,5552.1114,13471.6640,6443.5360,9599.3278,11038.3681,10720.4476,10534.1719,12916.7899,12033.2392,7302.5870,13702.8582,10838.3458,11569.4495,3939.8349,6610.7716,12948.8088,379943.7553,400952.8622,392035.9532,384534.4581,393248.2346,392653.4306,395039.0437,392152.3684,336271752.5073,336216532.2896,336241484.4760,336261723.1631,6337.6297,10768.7940,11681.6732,12526.4644,6874.4291,10026.7797,6214.6819,13714.4771,6471.6901,6621.6777,13472.1902,9286.8008,9614.4500,8909.8417,5529.9692,13327.8405,11828.3308,5912.8313,10680.4874,13663.7403,8924.3799,12817.5221,10256.5070,9447.5798,10935.2269,12905.8298,10205.7951,618.4162,8987.4374,12945.8205,13689.1302,10375.5747,6874.8318,4838.3940,10673.3362,7183.8746,4668.8402,10908.1571,10946.5138,7277.8438,12347.9705,2949.7608,6178.2895,11459.0773,12965.8485,9098.9933,9835.0779,2273.3675,13446.8803,5743.1687,11768.9867,12653.6898,12506.6469,11023.6711,12034.0847,12454.2511,10205.0386,11671.0582,9004.5784,6266.9931,13414.9465,12238.2753,0.0000,7428.9874,13535.0804,9154.7648,12017.4567,13052.9817,10810.1334,8873.0279,5491.7928,8864.6367,7966.1017,10107.8560,5248.3587,10425.5881,12289.2878,5432.6603,8271.6398,11515.2390,4805.4455,6228.8965,11469.5413,5920.2318,10604.9008,8563.8096,12239.2008,13488.8228,8776.2458,391526.8879,412226.2636,403394.9959,395864.4189,404601.8303,404095.7009,406507.5857,403567.8696,336260610.6921,336205389.8228,336230342.3988,336250580.9662,12862.3547,7128.4596,13740.7848,11299.9188,8312.9996,7927.9663,11221.6680,5528.2201,1460.0564,12150.0628,11279.1870,12096.2249,12187.8185,10576.3712,10295.6305,13713.4588,3796.5185,12645.1103,11227.7570,11572.3611,9331.9909,5922.1672,3781.6033,6148.4355,12644.0395,7291.3289,6541.5583,4641.7361,9510.0961,11081.9086,7312.3773,3538.9451,4067.4874,8307.3828,6104.1799,4057.7819,6615.4467,11568.6946,6423.4602,8289.7067,3502.6629,1494.1523,12435.2460,10740.0382,8486.3205,12021.7808,6782.2539,10284.0266,1421.0764,13490.0937,8619.0372,8347.0017,11820.8427,7670.9122,8295.3573,4731.6097,7198.1634,8787.2627,5543.8789,13083.0559,7799.8931,0.0000,5403.1686,11351.5253,7721.7845,12923.6636,13363.4985,7233.1279,7381.5329,2300.3860,10875.7980,11665.9204,12087.1657,7023.0238,10015.3586,8310.1500,10577.4516,5079.7067,7317.0574,8335.7929,3493.0364,8773.9361,4059.5796,10817.8718,10703.7071,13726.0844,10494.9162,6179.7877,388463.7653,408865.9607,400074.4065,392628.2506,401317.4860,400760.6778,403293.5974,400342.6431,336263668.2516,336208446.9069,336233399.4343,336253638.3225,11616.6481,4862.2088,8194.2064,8197.1648,7773.2890,9495.9475,9929.9308,13379.2140,10014.3958,10557.0974,8882.2231,8323.5119,6787.4079,10952.1922,4740.6131,11110.8297,8796.2192,10380.6007,9471.7504,11692.4904,13631.8637,12756.2080,11762.3570,4890.8486,13580.0799,10343.4600,11397.2265,10306.2317,9976.1722,9655.8830,13674.5178,13090.3794,13205.8322,13371.6548,10923.4574,13460.9097,3640.6112,13356.3672,11072.3380,11901.8557,13188.6161,2405.2738,11578.2908,13001.9202,9578.4801,9682.8785,10659.3447,13160.7137,6829.5401,11370.3503,11481.2866,10400.3603,12595.0526,11875.0487,13090.3684,11480.9460,7197.0701,13236.1450,5696.7925,12022.6293,0.0000,13652.2267,9846.6851,13354.6943,2435.4365,4591.0288,10177.1033,13403.9103,13241.2737,4107.7570,8659.2960,9673.5264,8729.0077,12219.9599,10886.5337,7099.5734,13788.4798,10940.8337,7659.5156,13524.2533,13030.5359,10927.3698,4889.4817,4373.0801,5420.4378,10580.1506,9907.0487,387455.7489,408569.7029,399609.3888,392169.5712,400843.6586,400152.7018,402578.6655,399728.4162,336263966.8773,336208746.9330,336233698.8800,336253937.7103,11556.4157,13816.9074,6153.6744,9929.3811,5679.0162,7981.2665,7515.6927,8841.8459,12857.9093,13079.6028,13629.7915,13277.6996,5310.6779,12328.8923,7688.4323,12879.8820,6522.5668,13133.4305,4789.0164,6111.0910,3657.9708,1316.1282,8801.6365,8106.1587,11640.0737,4329.9408,3111.2304,5724.2580,4239.2873,8498.0491,9952.5665,8568.9837,10039.2807,8701.2049,5667.4399,9390.6917,10258.0524,1508.7386,9749.0326,7784.9276,10150.3544,7796.5156,10608.8217,13032.1680,11340.2022,4612.9586,8149.1905,12488.6228,2260.6420,1914.5810,11865.5718,3690.5169,2847.6130,3500.4318,199.2095,8139.1638,10179.2705,9134.4564,2040.5320,0.0000,9382.5005,6728.9826,9839.5450,10322.4731,10034.8515,3216.6641,9774.7175,8705.5652,10736.0204,13723.4028,12912.2499,9932.6163,10746.0214,1548.5726,13406.8283,8298.4652,926.1019,11234.1963,8930.6506,7913.4330,7758.2327,8742.9124,10810.6091,12004.5944,5073.4651,5781.0823,383847.4147,404302.6421,395462.2534,388117.0211,396742.5937,396052.2491,398666.2348,395758.0567,336267851.9165,336212630.8045,336237582.9536,336257822.1778,8325.1758,10699.9976,11297.3344,7577.7371,12633.1666,13791.2233,6289.1459,8326.1702,6617.7623,6880.9900,9150.2296,8695.2723,1533.5414,13278.3961,5810.4031,7642.3813,7568.0684,9645.1468,12384.3080,13143.7111,12134.0000,4458.2257,11760.8309,12306.4975,12841.4180,9473.3919,7783.2020,11363.4602,13466.0341,13348.4024,10983.4427,12475.9228,13179.3213,12013.4514,7124.6458,12379.7991,10608.7243,13215.1753,13663.1386,5710.6572,8445.8701,11079.9971,7105.7123,12239.1012,8832.7785,13822.9731,3070.3250,10436.2176,10667.9252,7143.3173,11195.2242,10627.5374,12820.4523,11374.8781,10557.6890,12720.8450,3746.5909,11120.1507,0.0000,12854.9665,7067.6271,11585.2696,4524.7182,2781.5933,11439.7570,11781.5745,13729.9151,8484.4702,7780.7229,7010.0849,11946.2240,9547.8027,10509.0539,9208.1414,12893.4189,11145.2424,11040.5778,13483.7523,10608.7222,13181.3723,8301.2204,8715.6588,1131.5599,8527.5430,12174.8569,382889.7172,404033.6281,395077.9521,387601.1839,396297.3906,395647.8646,398034.4299,395175.3223,336268627.4754,336213407.5467,336238359.5668,336258598.2989,12446.1285,9588.4118,12896.1348,11146.5604,11131.4408,10919.0144,4994.7384,4112.7484,2689.3452,3906.0469,12801.4217,7051.4368,11216.7345,5341.2258,12411.1225,3722.6771,12822.9185,12061.4997,13080.9124,13698.2545,10986.3821,10881.6129,6821.2503,12968.6944,13527.9403,12825.9771,13131.5075,10391.2381,8936.7145,10512.2466,8827.2038,10329.4290,12355.8854,10540.4902,8663.1247,13726.4378,8853.0851,10770.9735,10006.1467,11470.0211,8465.9665,4704.3829,7598.6826,13217.7944,10666.7866,6574.7235,13685.7732,13727.2150,7002.5569,13185.6423,13436.5817,13127.7485,13708.5805,11400.9540,8588.9367,10966.1582,13662.0028,0.0000,9619.7680,12092.5530,9294.9705,9894.0148,10173.8713,13444.9803,9300.6182,10194.8221,9140.0670,1717.5419,5098.6684,9504.6408,8378.5916,13668.2415,3469.6965,10551.8488,13588.8849,7875.9990,9988.5905,11148.3788,11165.7470,11088.4537,9015.7630,7581.3643,13011.7885,12499.8113,387994.9404,409046.6260,400154.6379,392560.8939,401331.2980,400842.0970,403139.3092,400226.4260,336264062.4628,336208842.2209,336233794.7007,336254033.0413,5251.5942,8402.2619,4586.3705,9417.1915,11534.8438,13759.5749,13244.4805,13100.7325,10295.9548,9444.5608,11195.9789,5844.7185,13319.6566,9962.7477,13365.1535,9565.7204,10615.6518,7067.1249,5666.8737,7463.7278,12046.1984,9670.2318,4514.9098,6818.0546,8937.0644,2126.5881,10855.8937,11049.3729,12389.3348,12296.3162,6650.2899,10506.9371,5021.1456,12488.6338,6481.3328,9283.2506,9427.7342,6499.8812,11614.5374,13235.7647,13574.4353,8552.4493,8595.0139,9408.1433,12335.7463,7430.3285,7290.9709,13480.7162,9179.5488,8291.8736,8158.5192,6145.0189,2288.1760,11998.2342,8665.8831,7808.4187,0.0000,11939.3635,9777.6067,12846.5131,7422.8603,8924.9024,3126.6933,12725.8745,10022.9084,5727.9285,13028.0777,13607.7656,5869.7982,13397.9947,6244.1751,10631.6378,11472.4464,5301.9941,7179.7007,10876.8490,12086.7022,5674.0640,3757.8638,5790.9266,11340.9763,8928.2854,2562.5028,388702.6758,409349.3935,400461.3766,393127.9218,401743.6331,401003.4727,403599.6815,400722.0619,336262768.6999,336207547.9615,336232499.9456,336252739.1668,11908.1795,3151.8156,9038.3891,13473.4451,12477.6389,11930.1925,11224.5453,6434.6682,12542.4638,11072.2416,4668.5899,12515.0208,12862.1995,11786.3821,12476.1044,11950.5117,9097.2575,9173.3698,9873.2095,12751.1760,5678.0378,6846.2695,10852.2702,12269.8650,6633.1306,10283.3822,9342.6417,13126.4855,11356.8900,4313.3849,12215.9821,6348.4841,11508.9268,10456.6521,6803.3181,8805.4750,7506.2075,13585.6147,12749.9744,12395.0236,4122.3585,12098.4447,8494.5100,12128.2475,11175.8954,11032.8117,13238.7788,11965.4887,11613.4066,10338.4973,9920.6821,3380.6776,10711.2779,10978.2581,11233.9832,0.0000,11288.2590,12612.7007,12634.3986,8593.8184,10638.2489,7539.0550,12438.2834,8875.1360,4104.1053,10747.2903,12586.6967,1278.0564,13336.2504,10277.3761,6815.0084,11443.0212,9315.4457,2208.8892,9949.8284,13333.6201,4406.2955,5544.6100,3796.9937,11571.7519,12282.5930,4997.6173,392212.9667,412960.7527,404078.1646,396662.2524,405328.1182,404670.8668,407179.1362,404286.2507,336259433.8916,336204213.2476,336229165.4263,336249404.3570,11362.6629,11283.7069,4605.3013,11318.0425,10953.3351,11779.1787,13196.2841,2415.3813,8790.2889,11564.1333,10204.3451,2217.6456,11457.6438,3707.2354,8408.3313,8676.9456,6821.7522,5196.8319,9049.8768,13614.7959,9108.2709,2708.0584,863.4717,7656.7979,11414.8177,12543.7562,8662.1659,11589.7220,12181.6930,7621.0182,8392.5849,11650.2461,4237.4897,12721.7449,11418.9863,8222.9303,5145.2025,10702.2717,10952.0888,13444.6606,1719.9558,11800.9601,8961.6225,3771.3347,4114.7818,9433.6263,5430.2662,4238.5063,7940.4303,5484.5025,9888.7360,12023.1691,4720.3602,4805.3142,0.0000,11358.8798,2046.1986,10419.0976,7648.4910,5963.4587,7047.6528,10572.5379,12029.1994,10718.1311,12352.2422,10721.6505,12318.1392,9616.2932,4218.5355,13296.2537,10552.1193,5526.7708,12750.8926,11799.0574,7614.0600,11557.8527,8596.3352,10939.1046,8167.5088,1629.2732,9487.2634,380504.7737,401245.6536,392346.7597,384973.8937,393612.2018,392905.5783,395449.4625,392570.8667,336270985.0767,336215764.4886,336240716.4882,336260955.6078,6863.9772,13335.0059,13021.9828,12925.5501,12530.9350,8690.6514,11614.4677,12623.5409,1863.3823,13449.9174,12264.2733,12676.4117,11261.6609,10128.5172,6518.9192,6956.4061,10720.3141,11408.2545,6148.1695,4140.1025,9705.8249,11632.8339,5002.2672,8548.8241,8096.8771,12038.3121,10304.5534,2347.1131,10451.8289,7911.7438,10533.9907,8881.4001,5623.4669,6734.0768,9212.5573,12901.9113,12093.6588,13209.9215,4960.7340,11136.0386,6448.7534,13341.8350,9666.5809,9438.8385,13579.6934,10261.1721,10038.0410,8011.7540,8026.1732,4031.7363,9666.3930,11721.3511,9484.4098,0.0000,9961.2311,12155.4702,11687.6176,10175.2071,11729.1097,5756.1145,11439.8871,7069.9001,6657.1430,12052.2231,13344.4164,2622.9914,12978.7788,8736.0982,8956.2914,9846.6292,7506.4549,4711.0589,8323.6691,12217.0070,1587.9207,6840.6609,6446.9127,12917.1313,11409.0006,2828.5634,391368.2363,411936.4068,403087.9349,395694.6634,404349.0950,403696.1304,406252.4116,403342.7340,336260381.2991,336205160.3298,336230112.5750,336250351.6030,11742.3721,10575.6199,11617.7841,11836.9046,10911.7631,10084.5168,13731.5804,5183.8614,12164.6420,11003.4520,11034.7730,9014.3684,4996.4197,4218.1790,6708.4895,13035.7105,6156.8676,6931.4462,5776.7037,9752.9600,11035.7078,8340.7623,2145.9610,3212.7888,7241.5639,4876.4258,5285.7731,5817.2652,12365.2300,5211.0352,8577.8104,3794.7314,459.9830,13085.7279,10142.1078,7355.3971,11448.6332,7486.8584,10243.5622,988.8136,13260.5643,8729.4970,8481.2214,11120.1597,7338.1040,8203.5002,4639.2165,7569.6392,9937.5119,4393.7243,13316.1667,7813.0736,0.0000,4085.4926,11168.1423,6522.0776,13446.8985,13618.5046,8142.8190,6161.1736,1471.0932,11757.7509,11326.1200,11495.2314,8141.2313,9041.0308,8636.8671,10847.8679,3744.0101,7836.1022,9218.5274,2218.7269,7834.5033,5436.4977,11732.9099,11595.8945,13682.5455,10403.3702,7439.3410,387538.1400,407934.8781,399152.0162,391684.1542,400386.7725,399858.1394,402371.8382,399412.5741,336264684.6299,336209463.2536,336234415.8482,336254654.6714,8013.6734,7813.8604,9057.9942,12558.1321,4002.3763,7130.2430,13251.0877,6787.7237,2835.5852,8407.1401,4778.4155,8266.1582,10638.4707,9792.8551,6996.5994,7564.2002,13491.5282,11718.8297,6713.8220,4050.2920,11000.1549,11036.1096,11945.1416,6597.2022,10071.1788,13476.8895,7595.1795,10523.2527,9997.1803,7739.3744,12890.5285,11788.1671,9826.8581,2575.2028,8142.8177,7602.0733,13822.9444,4904.4407,12196.1400,6147.2044,6973.3904,7271.7950,5572.6006,6768.9971,6586.1637,9545.8136,8653.7072,12442.7637,10743.4878,5818.3178,7398.3187,0.0000,10184.7366,2638.8810,8266.9694,8909.2922,6502.6884,10501.3149,8566.6490,12082.1135,12199.6911,9845.3227,7266.2924,13711.0072,6320.2362,7800.7641,12493.4732,9719.7465,8925.6351,13577.7102,11375.0643,5690.5009,13276.3362,11092.5642,12371.6603,6263.8814,4390.8607,12261.7883,378950.0594,399815.3187,390919.7846,383451.7492,392147.1671,391536.4066,393975.0531,391080.1041,336272742.6519,336217522.1960,336242474.3850,336262713.1997,2164.3927,3241.5651,8432.3763,10485.8453,7507.6664,12613.2581,2894.3706,10033.6988,1500.3397,10352.1091,9581.6581,12363.0676,13056.2640,11258.4568,7665.7692,9480.7515,13331.2192,12309.8874,10933.1627,13746.7666,9123.3838,8567.8584,6899.3380,6723.0267,12045.1389,9751.6392,12492.7196,6445.9451,12574.6253,9923.5582,10340.7895,11837.9585,8108.3404,4828.1734,1483.8979,10576.5665,11311.5478,10498.4049,5654.3742,12151.1381,12249.9288,2723.8941,10944.4050,11529.1697,11746.6300,12729.8815,13520.8226,7103.8378,10666.4729,11988.5596,0.0000,7602.7726,9862.9971,5940.7290,11321.1295,10320.8196,13667.9811,6139.5858,9889.1357,12156.6676,3468.7557,1574.4899,12278.8379,3975.8660,12607.0999,8062.8515,8369.7564,12919.8919,11309.5599,9000.4649,7563.3598,12653.3715,13045.4604,12119.9780,7396.3445,10983.1516,13666.6688,383493.4575,404450.5026,395584.6212,387976.0640,396756.7760,396303.7283,398601.0136,395669.8782,336268696.3745,336213475.9361,336238428.5111,336258666.8430,1601.5762,7482.8582,10578.7441,5599.0677,12827.6862,1388.7027,9932.0452,1103.3984,10718.0347,10764.7747,12988.6123,13326.4175,10003.6419,9122.0324,9673.9038,13539.4678,12186.8791,10701.0424,13517.1347,10460.0052,9798.1327,8323.7980,8375.7892,12260.3588,10826.6584,11240.5239,8140.7354,12657.0773,10620.0319,11371.4106,10392.4590,8553.2776,6689.3287,850.7831,10513.0882,11271.6817,11487.9047,3863.8672,12311.8455,12440.6836,3203.9777,11569.4678,11882.6426,12506.7211,12936.1894,12831.2463,8640.0915,9432.3432,12351.9696,0.0000,9181.2157,9639.0614,7692.5468,9796.8095,8875.6374,13539.3571,7882.6924,10982.8299,10966.3835,2496.2303,1147.2285,11937.5686,5572.1821,12650.2015,7163.1654,9851.3962,12998.5741,10742.7863,10311.4080,8750.5360,12820.9026,11970.2380,10965.0263,5615.6936,10933.2712,13517.5972,383882.3443,404939.2702,396045.2432,388450.7571,397221.2430,396732.9088,399027.2993,396114.8922,336268159.1423,336212938.9126,336237891.3689,336258129.7316,6183.7984,11596.3064,5635.0388,12550.4882,2762.5106,10993.5609,1743.7741,11745.9938,11620.8211,13380.5286,13760.7303,10233.3508,10135.7080,8914.0406,13634.9752,12869.4644,11618.1542,13588.0068,10831.9095,9856.2475,9473.0472,8897.2773,11864.0832,11754.2291,10890.6471,8680.8348,13292.0525,10326.3594,11544.7602,10070.2887,9853.4934,7654.7913,2345.2228,9700.1744,12172.6729,11578.9745,4442.5820,13064.1566,13169.6140,4777.5277,12477.9629,12728.7113,13098.1310,13494.6498,12416.1801,8978.2920,9856.9923,13119.4985,0.0000,9720.1949,10664.6537,8625.9252,9606.9648,9134.0256,13734.1437,8753.1981,11085.8079,10235.3404,1188.1154,2714.1124,11250.2132,6884.7015,13259.6589,5840.9906,10499.6137,13470.0548,9837.3896,10585.3980,9962.8926,12519.7823,11624.5121,10202.9578,5923.9048,11875.2663,13384.9423,385366.7122,406456.8994,397556.8052,389958.8788,398731.0052,398240.8176,400527.1223,397618.1564,336266667.6748,336211447.5053,336236399.9545,336256638.2928,13544.5252,8099.1827,9228.8250,8442.7922,13342.4556,7271.0427,13605.7908,12948.3868,12469.8832,12915.7409,10505.3563,12480.5307,5140.7242,11489.8577,13320.9541,13344.4627,11433.5750,10918.9627,9295.3953,12399.4037,10332.5578,8271.5922,13266.6904,8510.6173,10291.4870,13378.6001,7949.4088,10534.8958,8401.8995,13132.6100,10827.0027,8130.0547,5083.9886,13613.8584,10281.2840,8666.8112,13645.5441,13627.8795,10013.9807,13703.5515,13690.6132,13016.1846,13197.1698,8719.9103,9805.1848,11015.7355,13700.9878,0.0000,10855.7582,12989.6457,11329.3989,8805.4760,10162.4722,12023.3571,11235.4805,10071.9078,6219.7611,5492.3354,8463.4154,6508.0440,11055.4844,13259.0884,512.2069,11620.6165,12853.3754,4501.9651,10442.0845,12911.1683,9097.6932,8817.5442,5993.0251,8837.9250,13541.4987,10416.3473,390908.4340,411920.6509,403018.9455,395480.4061,404217.7691,403666.0944,406021.1111,403121.9147,336260959.5812,336205739.3206,336230691.6724,336250930.1803,9690.2845,11426.5431,9886.7780,1418.3215,10928.3511,1441.2569,6446.1268,7772.3641,6464.0231,7206.0153,7013.6019,13336.9552,8995.4931,3254.8851,1629.2527,8330.6617,9940.8510,11352.2286,6634.3070,10025.6504,12014.9546,5570.6372,10080.6329,10086.3164,4104.6074,12024.9793,10260.9170,9974.6747,3307.0444,9041.0874,10399.7442,13427.0041,1248.6672,10723.6839,9305.2934,3175.5275,3502.9221,8551.8746,3559.8995,2861.5403,6632.1588,5129.8822,10961.9041,10592.5488,6610.0658,3702.7150,0.0000,9732.6110,1897.7091,8626.9331,9440.6845,7704.4968,7569.5029,8797.4887,10872.3008,11975.8934,12102.5813,10138.1572,12717.1117,8062.9102,4225.7233,13567.5273,8808.3664,5542.0592,13221.7658,10416.9796,5472.7519,11477.5690,10178.0032,12137.4195,9011.6672,888.4086,9930.8005,379811.9665,400469.7927,391599.3730,384199.3370,392855.8519,392197.6312,394730.2672,391830.5650,336271843.0639,336216622.2866,336241574.4299,336261813.4773,13238.8601,4962.0501,8706.3353,6554.1157,10496.0599,12677.9036,13538.6045,12790.2267,5670.8484,11874.7321,11611.6062,13222.5816,10514.7349,8940.3668,11960.6691,13311.0212,12950.2202,11103.7033,12140.2325,12986.1377,12414.1149,7558.6391,12020.2032,11512.1023,12807.3105,13556.5222,6169.5045,9106.6488,10776.9985,6202.8107,11635.3037,9906.6243,13671.5701,2332.2563,11360.2152,11564.3264,6752.4318,11894.2107,11470.4427,13276.7577,12155.5740,10788.8806,12326.4371,5162.1281,11933.9253,0.0000,12621.3377,8162.8299,11399.8795,5164.3529,4116.3672,12110.6785,11583.0035,13507.1736,8353.3718,6536.6954,6176.2120,11663.9593,9339.2711,11415.5096,8116.0738,12829.4347,11930.8453,10523.7782,13254.8218,10907.2856,13139.5983,8728.7733,8537.2376,985.4266,9603.1796,12508.6647,383736.5346,404912.1718,395958.8941,388454.8701,397167.4613,396545.9810,398903.0840,396038.8401,336267857.9905,336212638.0929,336237590.1765,336257828.8137,13404.3106,12198.8335,12457.6552,10854.2411,8944.5193,5437.1135,6564.0598,11623.8743,10285.1255,5756.1741,3724.0208,9794.2565,11705.5211,5634.8687,7001.2209,6655.7376,11057.0733,9023.9822,1335.0661,9393.9652,9330.8139,9284.6833,8766.8006,4311.8732,5063.1700,10509.8459,12479.6628,11092.5277,13003.8220,4997.2255,11079.1909,4746.3932,13648.4866,9450.5999,9190.5637,13244.9284,9578.9598,9617.3212,6950.1564,7753.4631,5724.7138,8349.0700,12458.6551,9039.1870,0.0000,8584.0800,12168.2596,10577.9362,11334.9806,12554.1971,6112.9530,10289.6710,5433.5982,8187.2442,12009.5671,13128.3135,3799.2046,12237.4034,8671.5612,9403.4071,8450.3583,7418.8669,5684.2822,6777.2413,11344.9766,282.4505,8343.8077,7974.1624,13455.9051,11346.5180,3623.2978,390885.4189,411380.7277,402555.0387,395145.2458,403810.9293,403191.6270,405744.1193,402818.6203,336261003.2229,336205782.0930,336230734.4454,336250973.4302,9102.2833,2391.9148,10156.9324,10784.9661,13147.2748,13260.1436,9382.4589,9149.9508,10720.2453,13760.1403,11691.2332,9935.1728,13536.8593,11024.8332,10618.0005,8220.6236,8993.5351,12953.2322,10722.0758,11145.4880,8765.7276,12308.9646,11487.6064,11960.2409,10182.0812,7796.7703,7020.3036,1497.0654,11459.8806,10615.0564,12130.2684,2878.9224,11893.3813,12059.0369,2575.2247,11246.4393,11477.9767,12548.1638,12723.1259,13069.3255,9371.1134,8640.3825,12022.6154,0.0000,9727.5389,8788.3369,7973.8434,9432.1984,8144.8467,13493.9217,8216.7783,11673.0495,11251.8979,3807.6022,1340.4984,12611.8433,5488.1975,12307.0991,8175.2593,10233.8212,12803.7862,11509.8652,10958.8533,8457.2611,13395.8179,11954.0603,11296.6340,4774.6319,10235.7329,13768.2285,382704.2546,403779.3406,394876.7114,387293.6653,396056.7440,395551.1983,397852.7789,394946.8665,336269269.5023,336214049.3209,336239001.7217,336259240.1260,10403.8540,2705.6967,7439.1461,8958.6265,7644.9665,6543.4124,7619.1621,13651.5832,9993.8786,4126.4244,1423.2017,9105.5885,10729.6496,11962.3537,7026.7734,10499.9887,12691.8320,6605.8987,9881.5553,10518.9109,5250.8615,12634.8671,11135.9467,9547.6305,3035.4143,9201.3007,9780.1368,13757.2480,2144.2885,11574.6031,8294.5928,4432.6031,4771.8595,7905.8685,4882.3298,4245.6899,7880.4713,6332.5490,11307.5856,11091.2877,5707.6826,5061.3300,0.0000,10338.2942,606.3457,8965.8014,8845.6033,6790.9241,8447.0708,9181.2810,11659.5117,11881.4010,11617.1468,9496.4440,13120.8552,7905.6319,5326.4805,13357.7244,9554.2563,6630.9668,13413.3954,11157.3006,5890.0684,12229.4559,10173.1872,12067.3173,7956.1022,1614.2946,10692.0355,379361.7726,400103.0242,391217.0643,383805.1587,392467.7370,391809.4276,394318.2077,391425.8405,336272250.9749,336217030.3444,336241982.4582,336262221.4611,10927.5691,10449.8796,12736.2938,13294.7808,10712.0334,8746.5976,9036.5628,13368.8186,12493.7303,11176.6425,13582.2115,9792.1466,9005.0558,8037.8756,7607.2214,11824.4421,10608.2052,11683.3945,7359.2725,12828.9684,9943.8267,10767.5530,10959.0399,8848.1314,6073.6288,1115.1834,10014.1061,11638.5732,10863.3411,4924.6029,12499.3363,12600.3952,3501.2863,11583.0501,12011.1971,12283.8732,13001.7717,12918.6823,7827.2588,10216.1179,12437.0136,0.0000,8469.6285,10155.1564,7115.4388,10467.6521,9698.2832,13609.7483,7273.0749,10302.6765,11192.4965,2088.7149,1516.2450,11679.8183,5286.6435,12830.5537,6904.3641,9258.2583,13090.2318,10505.1296,9601.1072,8621.2397,12465.5485,12314.0471,11155.1790,6609.6215,11324.0461,13434.2737,384407.5484,405425.0772,396543.7993,388939.6237,397716.7375,397247.3307,399539.3032,396618.0667,336267711.7490,336212491.4317,336237443.9514,336257682.2846,5104.9538,6796.6337,5852.0000,8297.6510,5876.6775,12880.3245,8426.1200,3641.2175,3009.6613,8242.3351,8826.8067,10417.0080,5666.6918,9056.4649,11456.2878,4193.8841,10749.3512,9141.9293,3899.5850,11272.9051,9224.2846,10779.2297,3267.9150,8268.9563,10469.8940,13065.8308,2193.1477,9723.8325,9953.8312,2883.2986,3111.7809,8598.4537,2227.3428,2031.9410,5475.8529,4633.3884,11114.5865,9644.7064,7805.9413,2911.2572,0.0000,8668.6186,3194.8462,7702.8553,10357.7415,8818.9962,7418.5164,7843.8005,9867.6901,12375.0162,12143.5243,10220.9528,12508.8335,7581.2739,4083.4539,13603.4939,7637.9894,5228.1709,13132.4852,9355.4384,4512.8905,10937.9057,10715.5000,12496.9507,9861.8940,2125.5411,9673.0366,380121.1887,400709.0756,391857.9151,384449.8600,393112.4245,392476.5528,395012.9973,392100.8350,336271633.7172,336216412.7966,336241365.0195,336261604.0480,4861.2863,6198.5086,11779.1504,2480.4292,10529.0707,7575.0144,7408.3187,7854.9934,9139.9308,4325.2583,6432.3827,3507.1495,5108.6127,9329.0751,989.8571,12845.7927,5304.9579,6544.3607,8074.9256,5260.8548,13169.0662,6051.8232,5616.3907,10369.1880,11145.9589,7009.5733,5855.0600,11767.3284,6067.1502,5944.7243,8951.2314,3551.1588,4990.4251,3397.1215,6089.1863,11781.1033,5661.0013,11558.7877,5035.0840,0.0000,4352.1547,7794.6123,4521.9732,13072.2837,12200.4111,8465.5080,4426.2255,5828.8783,13328.3431,11565.6846,10229.9639,11460.1068,6477.7992,6727.7224,12843.0265,2994.6224,6790.4514,12250.9557,5005.8889,3525.0042,9136.6238,12530.8687,13300.7693,12274.4523,7054.0306,9491.6087,382580.9161,403010.6852,394216.6836,386754.0425,395452.7031,394912.5634,397424.5463,394471.6140,336269563.9410,336214342.6508,336239295.1760,336259534.0370,2693.1894,11157.4498,7071.5070,9526.1616,3032.0359,6491.9697,8562.9160,5310.5568,5660.2766,7143.8969,7980.7259,7913.3115,6383.4088,5047.1271,10842.6184,8206.6932,5013.0497,6969.0208,4550.7740,11738.6013,9140.9724,9413.3734,12885.5133,9444.7983,7519.7302,4894.6220,13445.9492,5409.9924,5078.3268,12056.9060,4913.2242,5234.7408,1751.6984,3772.1661,8478.7373,7815.0456,11545.5156,4530.8428,0.0000,7089.3089,9177.4640,8494.2361,12101.0960,12171.7933,4731.6398,8282.5813,5574.6318,11176.2680,13173.6972,12841.6610,8633.3319,10332.1032,5069.5701,12539.1745,6078.9286,4064.6758,10133.6175,6048.7240,7864.0853,5619.2867,10047.8348,11123.4753,13355.9288,7851.4435,5365.4609,385966.0699,406331.3862,397527.0077,390140.7518,398793.2111,398169.3630,400761.0319,397826.0665,336265981.6959,336210760.3569,336235712.7132,336255951.8081,9427.7822,8307.0402,10891.3507,3094.9394,4301.1139,6890.8896,3644.6485,7961.1253,9319.1918,8916.5427,9785.8734,7647.5044,5955.1526,9430.2153,10032.7447,2771.2744,8886.3528,6978.3605,10343.8129,8699.2514,10712.8658,13302.2941,10534.1275,5832.4028,7290.0374,12995.1238,3538.0518,3192.3214,12326.4069,4481.7603,3961.7058,3136.2337,1468.0755,7580.0879,9800.4892,9894.1129,3132.4762,0.0000,9084.6659,7822.3085,9911.8416,10665.5843,10680.4408,2706.9860,9792.6770,7931.9461,10440.4620,13743.1242,13219.5831,9076.5835,11101.2166,2757.6917,13055.4192,8053.0433,1496.9041,10540.6551,8343.8001,8435.4141,6645.9149,8638.2326,10474.2486,12551.7418,6268.8397,4819.1451,385047.2676,405472.1605,396639.8541,389292.9526,397920.0677,397237.0032,399854.5142,396941.5862,336266694.1902,336211473.0143,336236425.1976,336256664.4150,12064.4679,12608.9081,10319.3490,6526.4927,5840.5229,8113.8213,13337.4397,13602.2712,11610.7838,13271.1246,11931.1678,11282.8682,4419.4183,13289.6707,7769.9782,12968.6301,13005.4398,3552.6115,8688.4012,12524.1512,10399.3082,12086.8976,6700.1090,13179.4754,7153.5887,7905.1830,8116.8805,9982.2620,9650.5311,8577.8942,11083.7375,8630.6694,7896.4684,13425.9730,1502.6174,8866.5815,0.0000,13313.6529,5994.2173,12613.8491,2656.5316,1787.5597,8185.9947,12733.0970,13376.8436,7099.0370,10839.5086,10299.9635,10706.8917,11388.0249,7598.1039,10726.3657,12972.5696,8180.3809,10511.4591,13452.2173,10967.0168,11502.5006,5335.7405,7419.1744,5489.3845,6624.8538,9442.7900,383585.7960,404568.0451,395618.2178,388233.4273,396875.2725,396140.2728,398635.5166,395786.3230,336267748.4190,336212528.2814,336237480.1446,336257719.1839,10535.2560,9500.5255,8748.3035,8403.0792,10857.8922,4674.1803,6333.9380,1293.1289,3922.6099,10388.8808,2786.4512,13458.0276,3970.7227,8251.0644,8505.3905,6269.7282,13513.9408,5380.7604,3388.3807,8595.3075,11430.9480,7880.7026,6800.4672,10575.9006,7639.7489,7611.9938,7071.0754,5166.1028,6524.4101,5758.3413,8044.0539,12925.0467,4816.4227,11625.4869,6826.9701,0.0000,3584.9761,7916.6605,2339.0279,13252.0941,12121.2612,10284.3215,2399.8579,6453.5549,13808.6555,10126.6942,8432.4443,12266.2487,4241.5877,8418.8465,12289.5757,2778.6666,8677.3493,12651.8559,5217.5805,2129.2003,10459.7465,13369.5337,13778.2948,11439.4316,7758.9791,11126.7534,381838.8689,402361.9722,393562.9988,386051.2071,394778.8474,394283.0965,396735.9887,393778.6874,336270389.2657,336215168.1019,336240120.7025,336260359.4016,8877.8512,12851.1880,13627.4783,10129.8273,7292.8107,5339.7831,10977.2803,7646.6501,4496.4186,11144.5396,10494.1023,7740.7711,12286.0882,3271.1966,6499.4445,11030.0613,13079.8463,9477.1586,9942.4440,1701.2182,13410.1255,6065.2219,11670.1594,12628.8169,12484.7740,11170.0087,12143.3842,12488.6233,10339.3008,11627.4494,8547.2851,6756.2881,13170.5688,12263.9792,0.0000,7879.6685,13501.6238,9542.7660,11630.8460,12778.6470,10615.0644,9273.0732,5882.5450,8326.3218,7991.4185,10218.6512,4742.8337,10707.1437,12214.5240,5089.9739,8669.8540,11425.5082,4202.3092,6670.1940,11722.9625,5734.7965,10146.7666,8017.2637,12055.1331,13459.1263,8504.6109,391749.9262,412467.5149,403629.4434,396106.1060,404838.8236,404320.3549,406736.1249,403801.4277,336260338.0599,336205117.2339,336230069.7739,336250308.3617,6843.1118,9276.3991,3008.0180,7570.9063,8302.9168,10248.4389,9733.0439,4965.3734,7702.0832,8963.0786,10008.2879,5580.4196,7004.5555,5931.4598,10162.9135,10803.0101,11294.2390,13626.3762,8263.0803,8425.0396,5993.3548,13633.2693,6405.8950,6098.4176,13204.8481,7043.1764,6776.9572,4612.9220,4436.8139,5867.7318,9415.1258,11079.8226,6038.0863,0.0000,9081.6125,10055.9925,10575.8360,10815.4260,11556.5303,2966.0905,10363.0940,6785.0330,9102.3860,13384.8711,13639.1817,6561.1495,12067.6746,5488.4869,11674.7804,8383.2292,4069.7688,8352.6373,7712.5314,10122.8752,3787.8100,7916.5775,9039.1101,13209.8571,8804.2780,2440.9331,388093.1024,408523.6022,399694.5929,392336.6929,400970.7998,400299.6509,402907.5025,399991.4423,336263684.0052,336208462.8180,336233415.0452,336253654.2150,2955.5247,5560.0004,10299.5594,11595.1103,8753.2368,11128.4583,10624.9123,6697.5612,8404.4915,11266.4019,1628.4709,11532.7546,9950.1839,8758.7368,6378.2633,10908.7419,12180.0979,12555.7595,2113.4287,10324.9992,10778.9666,1611.7332,1843.5741,10817.1185,4210.5702,2705.1943,5970.7505,2929.2874,8685.8757,11431.1888,6604.0434,2803.0090,0.0000,10688.4055,4225.7773,10377.9763,8591.9261,7714.0027,4748.7910,10433.3803,10719.8830,10463.5862,13222.5742,12001.8639,11143.9533,10375.0764,1574.5189,13455.3938,9718.5580,2944.6200,12011.8001,10713.8987,7813.2430,9807.8827,8157.2940,10635.0036,10051.9807,2603.5319,7514.5742,382012.6277,402614.9095,393739.8759,386393.2872,395017.4401,394302.7791,396892.2437,394003.8121,336269531.4607,336214310.6343,336239262.6660,336259501.8772,8081.8701,11037.4984,12250.3509,7974.3082,11118.6094,12298.9069,7033.2469,9043.0834,11171.1171,4321.9214,12623.2890,11180.5803,8846.2291,4352.6741,10123.2990,10635.7405,13561.3759,1301.7166,11591.9428,8885.6843,3663.3101,4019.7025,8970.2384,4920.6551,3879.0487,7671.9612,5530.2016,10415.0548,11611.7440,5239.1638,4563.3635,0.0000,10887.4396,1413.3783,9824.0897,8243.6713,6437.6440,7420.8760,9994.3815,11779.1816,11234.2345,12195.9101,10386.0700,12606.1547,9003.9695,4353.4403,13412.9099,10056.1944,5704.3682,13027.9011,11451.1536,6878.6831,11717.9804,9246.6833,11438.1603,8270.0671,975.8999,9837.4912,380049.9649,400774.7345,391883.4896,384498.8042,393144.7229,392455.6108,394991.4364,392106.4163,336271490.9702,336216270.3383,336241222.3845,336261461.4711,9839.8612,10447.8631,11312.4783,11520.9885,6697.5198,8990.0615,6692.0719,11742.9541,4835.5866,9046.5729,8446.6168,7976.8085,10678.1537,12520.6888,13720.8606,9251.2908,7465.0052,8526.6960,12782.9152,5853.4122,5647.9664,13289.5124,7551.5166,6694.8974,6372.1489,4267.5512,4256.8782,11309.7641,9081.6614,6082.7009,0.0000,11018.4288,9043.5704,11966.0183,8668.3337,9596.0801,1070.6645,11838.2755,9206.8809,7600.5287,13530.5354,13710.8900,6918.1995,12781.2839,4623.3064,11701.7039,10340.0337,3439.1908,8437.4755,9982.1912,10935.4494,5556.7102,5598.3807,7650.1732,11953.1327,7867.0695,2278.6512,387495.0673,408041.0776,399174.4549,391846.5365,400460.2291,399731.4888,402347.9568,399458.4031,336264058.6292,336208837.7034,336233789.7440,336254028.9989,2339.0742,5741.9202,2852.6647,6876.2930,5263.2048,13167.4923,3197.0091,9315.5172,4498.7601,2089.1718,13648.2542,9307.8350,5463.9606,10167.8983,8234.6001,10355.1407,2492.2314,12494.4499,9231.2107,9044.2448,9748.0248,7371.5076,8479.8936,5457.9311,8514.9166,11311.0407,2532.8881,13398.0758,8298.1284,0.0000,1989.0141,10911.7908,4619.0559,13829.5407,13666.6156,9571.4674,4225.1517,1951.8886,12608.5032,10338.3778,10197.4169,9426.4618,7380.1817,9407.5615,10762.0032,1955.1156,8900.8278,10106.3922,734.2955,6599.4135,7227.4513,12737.3123,12458.7382,13200.9176,10413.7179,9157.6771,386335.3653,406773.8306,397994.3338,390488.0200,399213.6700,398725.5757,401197.5375,398230.5927,336265990.1045,336210768.7703,336235721.4455,336255960.1468,7143.7231,3126.3799,6091.2780,7300.8883,12924.6000,3365.9234,10734.2724,2929.9379,2826.8238,13380.8106,10585.8967,5909.4610,9613.0742,6545.5104,11731.3174,2718.9910,12221.8385,10756.6916,10584.8275,9797.5198,9210.1034,10144.0229,7309.7486,9959.0639,11023.1903,2137.8181,13761.3731,9971.4627,0.0000,2989.9165,12040.9618,5489.5545,13651.2283,13804.4505,10409.9014,5098.9247,1854.2699,11845.4648,9152.3299,9737.1872,8380.7662,7878.4531,10780.4021,9102.9859,3860.0698,10178.8160,8746.3129,1618.2093,8127.1471,6844.4840,12541.2834,11642.7093,13000.8579,11762.9706,9382.0485,388078.3622,408594.5982,399806.3542,392274.0829,401014.7789,400544.5684,402981.6245,400016.2709,336264267.8959,336209046.6774,336233999.3832,336254237.9834,4515.8541,11120.3225,3524.9033,13340.2263,4474.5157,8493.6455,9260.1424,7317.2416,13240.2186,4485.4901,3039.9377,7752.0977,11881.3787,7628.4202,7820.3002,9661.5192,7794.9033,7827.7703,5999.4769,5462.8755,6692.3175,6643.4383,8480.2132,13227.4417,5468.5515,11034.7277,7139.9845,0.0000,4441.6155,7296.9654,2367.0380,12857.7367,11510.9470,10747.4215,2628.5681,7444.2095,13818.0692,9590.4300,7544.9822,12733.1957,3209.5238,8655.5762,12193.7440,3903.6717,9087.5913,12947.9995,6211.3398,1328.7878,11209.4153,13384.3751,13811.2979,10608.8766,7423.7770,11711.7676,381074.4410,401662.9579,392851.7445,385330.1824,394062.9001,393567.6433,396001.4626,393049.7087,336271114.7183,336215893.6706,336240846.2467,336261084.9121,8656.5546,5889.5071,13605.7879,344.9487,10499.5605,5824.2152,4713.6091,13754.7713,8498.5776,2944.4026,7953.1246,8915.0949,10703.4025,4984.9663,10928.6001,10208.9818,10116.2945,7591.3734,8182.5659,9339.6832,7364.7832,10004.8035,12550.0547,1055.2943,13086.2012,9422.5460,0.0000,1041.9329,10633.4643,2476.7565,13719.1636,13224.4898,11267.5534,2081.8485,4227.3426,13050.6940,8441.8937,7978.0200,10615.1955,5131.6080,10597.4696,10065.8052,2366.1928,10409.6159,10738.6053,2832.7227,5717.5859,9201.5311,13462.1077,12918.7562,11996.1665,10619.0836,11018.5220,385152.0678,405711.6391,396920.7779,389364.8272,398119.2543,397671.3563,400079.1587,397111.5454,336267235.0495,336212013.8978,336236966.6265,336257205.1619,9849.7616,9528.2078,8894.8497,9694.1083,3420.2625,5055.7094,10607.5099,12772.8561,10790.2076,12461.7042,3752.7753,11761.2561,4638.0316,13348.5589,10307.5248,10070.6311,12931.7040,10273.4329,10399.3047,7754.4991,8748.5688,6136.0914,7885.0787,12736.3736,9895.4212,0.0000,8340.0156,12631.3817,10382.5574,11426.8104,12706.8860,7212.9181,10083.3404,5163.7176,8010.5906,11229.4531,12622.9503,3211.0047,12010.2408,9602.4430,8423.0679,8430.9219,8440.2296,4847.0073,6523.7112,11535.6346,1326.3159,8652.7832,7754.1130,13269.1550,11981.2807,4699.1966,391442.7951,411980.4109,403153.5154,395718.8452,404399.4026,403803.1668,406327.0030,403398.5598,336260490.5282,336205269.4507,336230221.8509,336250460.7482,12626.6233,6056.2983,5927.1683,8813.6893,6085.4209,12903.5886,5331.0565,6015.2861,10435.1825,11684.2530,6164.4916,6671.9727,11527.0853,5337.0430,5248.1895,8848.9273,2696.5800,4189.8987,3429.2867,5626.9139,11793.1910,6487.9406,11002.5016,4339.0787,0.0000,5214.0097,6998.0959,4997.5504,12743.3061,11723.8107,8247.7895,4975.2784,6693.0527,13340.1360,11794.8414,10264.7057,11818.8280,6531.9877,6127.9135,13177.6295,3910.5187,6375.4837,12603.0950,5924.7717,3168.2241,9569.7591,12351.7823,13341.0798,11953.0002,6201.9092,9577.9138,381866.9672,402311.8353,393510.1307,386058.5841,394750.1619,394193.6357,396713.2120,393766.2107,336270213.9594,336214992.7126,336239945.1880,336260184.0862,13679.9921,8984.1941,11383.3375,12258.3279,1654.6119,11660.2479,13720.9695,11794.6391,9476.6159,9422.1765,12238.4300,9373.7865,9563.5519,9613.4129,12124.7701,11320.4766,10351.9516,11442.6209,9284.7495,4349.1988,13414.5438,5837.9427,10283.8501,0.0000,13612.3023,9434.2694,13754.8809,2907.2749,5433.7378,7331.6746,13745.8733,12560.2598,3134.7364,11084.5042,11846.5519,7455.7552,13228.5713,8750.6366,8895.6665,13454.4756,8565.9794,7288.5880,13099.0161,13013.0378,9126.3441,1403.1799,3492.3951,7920.3816,9522.4093,7191.5591,387964.9587,408910.3095,399966.0633,392593.3233,401228.5972,400484.2603,402997.5945,400147.5339,336263367.2407,336208147.0430,336233098.9137,336253337.9768,10679.4104,6041.9310,5042.0190,13789.3193,8458.8336,2686.8603,7700.6698,9035.8789,10790.4565,5304.0413,10760.4906,10369.3859,10287.2795,7354.1990,8341.0664,9493.5444,7633.9511,10218.4058,12717.8664,1245.3614,13076.4170,9603.8345,0.0000,1362.9072,10644.6336,2330.4608,13728.2729,13196.6544,11493.1807,1957.8848,4539.8456,13125.0997,8232.2849,7725.4173,10782.8157,4900.6229,10777.0823,10012.0476,2636.7277,10622.1026,10843.1952,3163.8104,5702.8583,9456.8122,13570.0135,12995.5305,11873.1895,10689.8762,11258.4143,385021.8643,405596.9586,396804.5031,389242.6460,398000.4706,397557.1701,399957.1378,396989.6055,336267372.4471,336212151.3193,336237104.0536,336257342.5690,10644.5894,8817.4012,9558.2784,6940.5595,10662.2393,12616.8140,12001.4144,3233.0661,9199.3152,11693.4750,1081.6346,906.3542,11315.7039,3528.7867,2183.7925,4572.2057,1334.2915,8458.1563,10738.6794,7975.2291,1749.3198,0.0000,9938.8251,5440.7040,9990.7563,9567.6535,8983.3368,3870.2249,9988.2439,9669.9376,10691.0917,13513.9453,12463.9104,10598.1194,10471.2712,266.1276,13507.1477,8883.1036,1595.1033,11695.6764,9754.5084,7668.8481,8810.9377,8518.3374,10813.2229,11111.8512,3725.2930,6652.5271,382804.3742,403322.9694,394467.2814,387122.2389,395746.7213,395044.9644,397649.0530,394749.6438,336268822.9936,336213602.0063,336238554.1012,336258793.3233,3360.0192,12083.9763,11901.7328,8274.6698,10664.6993,4012.4206,12125.3972,2859.9337,12596.5092,10946.8514,10743.7471,11202.5321,10079.6765,10652.3564,7770.4673,9771.8435,8889.4300,4889.0775,13438.0071,10326.4553,0.0000,5670.6141,12625.6776,7944.6693,12619.5619,13370.3564,9283.1623,7597.7382,2767.9996,9878.9841,9549.5538,10843.9392,5706.6713,9887.0366,10623.2001,7888.0120,6203.9486,9741.6619,6300.9167,3904.7401,10014.1040,4453.1151,10824.9188,9625.1174,13025.3186,12233.9962,7505.3517,390289.3508,410834.5404,402028.3001,394528.9182,403249.2120,402732.2679,405195.8417,402245.8364,336261888.5125,336206667.3797,336231619.9720,336251858.6643,12964.5876,10249.6569,7252.2274,11217.1489,7099.9098,10429.6393,604.4482,13089.6701,8976.0135,8736.0778,10983.5917,7618.7672,8464.1039,5002.9704,7832.5601,9844.1097,4152.2547,13295.4348,8093.2410,0.0000,3991.7901,11279.9936,6475.9752,13335.4490,13552.9768,8297.8560,6108.8540,1053.2577,11552.7472,11002.6058,11278.3996,7884.3235,8963.7763,8867.9638,10464.2925,3809.3870,8067.6397,8898.5323,2014.3194,7956.3171,5309.6471,11643.8771,11381.1404,13533.9283,10577.0485,7468.4440,387796.4778,408212.5297,399427.4101,391953.1174,400659.4723,400135.2659,402640.3159,399681.4387,336264428.6854,336209207.3383,336234159.9393,336254398.7386,11270.5836,13538.2300,10982.2605,10184.5159,9436.7028,12976.0019,8148.7654,9981.6968,10085.5872,11347.4065,11633.2955,10689.5830,12140.7160,10020.3182,5903.8134,13643.7525,4837.5338,10757.4029,0.0000,13859.7780,9038.0488,13693.2671,1351.8496,4153.0944,8491.0415,13729.4152,13203.9619,3927.9855,10405.9334,11019.8028,8563.3657,12802.9778,9343.6302,8748.1179,13760.8205,9384.7087,8069.8064,13585.6984,12889.8684,10320.8002,3049.2869,4291.4839,6554.6502,9448.6882,8587.2001,387042.2769,408067.2963,399110.8473,391719.2981,400364.8417,399629.9582,402113.2867,399267.6896,336264287.6490,336209067.5863,336234019.4502,336254258.4474,6711.1013,8168.1779,13558.4025,4527.3689,10731.7806,7949.7713,6022.2489,6260.0735,5915.7993,4907.5979,5225.6656,7790.6571,7634.1124,12726.2948,9276.5180,7769.5334,6054.0510,0.0000,8452.1868,3309.9442,6541.2994,10572.4744,8533.0374,10031.4127,6832.3808,10605.7500,13080.0397,10425.4602,7844.1753,13608.2162,5266.7885,7077.2436,13033.4488,7782.7581,8130.1709,13748.5123,9757.0964,3358.1381,12557.4769,11961.0535,13198.7725,8346.4775,4099.0322,11832.5581,378956.1223,399676.5068,390815.5550,383345.2388,392044.3556,391462.1307,393921.6239,391005.8360,336272881.7873,336217661.0519,336242613.3585,336262852.1827,6066.6845,10690.9896,9963.2418,7593.6551,9158.5633,10136.9201,10148.4767,5127.6817,8072.4418,9181.3993,8483.0019,10525.8505,13577.5327,3868.1119,12023.3548,9535.7124,0.0000,3587.6132,9316.4617,1209.1452,13214.9082,12170.9847,12179.3772,1460.9006,6943.8599,13588.1008,7537.1100,5973.4653,12242.1522,2318.4070,10775.9359,10524.0139,4126.0744,10981.4662,12073.9132,5608.9369,4260.7648,11232.9590,13847.8525,13522.4258,10471.4333,9740.2482,12453.4672,382774.6926,403443.6967,394632.8287,387058.5837,395822.5685,395378.2332,397751.8277,394792.8664,336269556.3645,336214335.4096,336239288.0962,336259526.5751,10865.3399,11168.1097,11365.1971,4297.2369,12213.3924,12342.8445,2568.5059,11301.5880,11704.6752,12309.1025,12890.0600,13269.6357,8299.5039,9761.5670,12198.6191,0.0000,8774.4045,9529.7798,7112.0471,10369.5089,9303.4418,13683.9794,7326.7413,10827.5320,11592.6761,3052.8783,419.6853,12345.4802,4868.5158,12627.8396,7796.7251,9440.1565,13011.0546,11247.2359,10051.9590,8217.0411,13014.9048,12483.0822,11589.3667,6111.4444,10816.6865,13754.1635,383340.0896,404369.3013,395483.5588,387883.4665,396657.8141,396181.4707,398474.9948,395556.7939,336268747.1994,336213526.9101,336238479.4024,336258717.7538,13344.4715,6654.5828,12019.3932,12473.0685,12319.4407,12048.6133,12345.7300,12500.2052,10463.1260,11333.9892,7208.1548,8064.0181,12824.3193,12208.6428,0.0000,9037.6718,13575.9903,10693.7817,10947.3053,12418.0986,9873.0536,10435.5847,6690.0073,7121.7431,8873.0653,11129.6757,3171.5205,11762.7922,11897.4548,5202.1574,9640.3869,11010.0031,2723.1855,7677.4279,12485.1142,4900.7728,9009.2189,6786.8952,12130.6036,13438.3646,7487.9406,392454.8160,413178.6536,404328.8278,396835.1072,405549.5500,404992.9554,407434.9710,404511.4519,336259507.1758,336204286.3941,336229238.8390,336249477.5190,10863.8571,9807.4839,2441.0412,2804.5337,9487.7142,3816.2487,2641.9815,6574.2044,4426.2419,10242.5745,11180.2365,6298.8693,3319.2134,0.0000,10359.4113,2408.1525,9515.7351,8989.7407,7466.1305,6688.7864,9649.5975,11105.8378,11478.7619,12651.5462,10931.9423,12345.3147,9100.2217,3315.4654,13683.0249,9408.8641,4721.5177,12962.9325,10812.9895,6524.7593,11112.8769,9437.3462,11656.1846,9286.3676,531.1233,9236.0273,380363.8051,401010.5979,392134.6375,384758.7778,393400.4280,392714.2325,395270.2812,392377.6075,336271224.4798,336216003.7081,336240955.7883,336261194.9100,13258.5312,9404.7436,9162.2022,11260.5673,8148.8030,8942.3491,5490.5178,8199.2973,9704.4663,4317.4882,13517.9230,8555.2584,0.0000,4342.0760,11697.1095,6877.4503,13394.5539,13728.6690,8450.0873,6504.2984,897.5931,11386.6262,10987.7548,11447.5236,7520.7658,9327.5263,9236.2989,10216.5635,4306.8474,8381.5747,8541.5693,2254.2764,8483.7978,4992.8753,11601.8896,11197.9038,13691.5972,11014.9245,7396.4255,388387.8927,408809.4432,400023.8557,392547.6551,401255.1545,400732.2016,403234.8773,400276.0820,336263840.0022,336208618.6615,336233571.2675,336253810.0572,11359.1314,11570.5835,4635.1369,11374.1608,11216.1111,12947.6865,12313.6669,12104.9275,11254.4490,6343.2272,11774.1061,0.0000,11500.8698,7833.9159,9907.0139,7182.5377,5664.5665,12793.3693,10141.7635,12970.6798,10014.3958,5535.9164,4181.5686,12509.6751,7501.5625,11647.6018,8551.3333,11774.4571,12254.4852,11416.5441,12471.2040,9552.0531,13593.9722,10396.2104,10147.7406,1971.6169,9430.1592,13304.3134,382508.3864,403651.7837,394717.5564,387179.2057,395913.5466,395340.4942,397671.5716,394790.7693,336269232.8708,336214012.8715,336238965.0806,336259203.6198,369.3490,10734.8048,2761.2409,1253.9311,4619.3839,2093.4020,9318.2895,10550.0176,7905.3394,1218.7252,0.0000,9669.0466,4707.5241,9467.5261,9856.5183,8963.4765,4910.5259,9500.3715,9797.8942,11305.7160,13340.3248,12031.0226,11287.0797,9825.3950,1300.6964,13739.9390,8576.8280,2597.1328,12272.8854,9714.4472,6869.8065,9510.0171,9222.4533,11432.3974,10882.8250,2914.1121,7584.4242,381875.1438,402401.5381,393547.9065,386190.6608,394822.5887,394134.6633,396726.4367,393823.7728,336269780.6687,336214559.6845,336239511.8068,336259750.9936,10899.6423,2717.8692,1303.7732,4324.2967,1754.0737,9198.9563,10433.5380,8164.3287,1005.7080,0.0000,9549.4086,5045.3448,9450.7206,10005.6286,9199.4216,4684.3311,9467.5580,9577.6882,11287.5480,13414.4383,12169.0355,11117.7065,9920.8945,1157.9468,13724.5703,8443.1208,2322.8327,12155.7707,9528.4324,6941.8448,9254.8527,9222.5372,11404.6686,11107.9112,3271.3741,7346.3427,382132.4004,402642.2130,393792.0792,386436.2388,395067.5456,394380.8119,396976.4692,394072.0246,336269537.2964,336214316.2814,336239268.4134,336259507.6053,9626.5323,10096.3794,11179.0534,11713.7141,13609.6969,8211.7072,9112.3847,10706.4357,0.0000,8251.5463,7743.1418,6032.1226,10607.7674,8991.1223,13057.8655,6351.7299,10774.6652,12482.0087,5480.4156,2177.4677,13191.4783,3165.2800,11367.3647,9739.3234,8595.4251,11966.7740,12452.7911,9819.4039,6227.6495,13286.1508,12757.3854,12523.1775,6295.2011,9084.7794,13661.5312,381245.1630,402198.0239,393321.3190,385743.9091,394505.4772,394014.7219,396340.6794,393419.7317,336270804.2328,336215583.8223,336240536.2917,336260774.7377,1545.9942,3407.1226,3605.2461,10808.0769,8677.4867,9420.9656,1857.1019,0.0000,7577.3933,5313.7639,7246.8296,11444.6915,10350.6568,6659.8599,7279.9490,8383.5629,12589.0156,12676.0192,11103.5233,11814.5761,8018.2280,3762.7442,13701.2645,6356.0066,4410.4914,12716.9110,7963.0950,4582.8816,9704.9454,11031.6796,12656.2964,11376.2098,3991.5779,8727.1679,381331.0531,401805.1108,392979.2497,385576.6753,394237.5180,393615.1056,396174.2806,393248.4347,336270533.5691,336215312.4345,336240264.7339,336260503.7863,4089.5949,2712.1227,10062.0821,9763.4275,8428.4504,892.0866,0.0000,8784.7949,4623.5222,8460.7582,10504.6925,9447.9370,5766.8219,8505.0913,9259.7699,11913.3802,12991.9428,11507.3736,11615.6298,8917.3304,2421.0302,13739.3512,7639.9919,3420.9089,12543.8355,9012.7468,5742.5224,9706.0637,10061.3055,12017.6880,10954.3750,2969.9932,8193.3750,381419.0229,401928.2783,393085.6736,385707.6243,394352.7371,393693.6490,396269.4125,393357.0351,336270322.2696,336215101.2298,336240053.4272,336260292.5525,3569.3499,9649.3352,7498.8398,11247.4048,3522.5246,0.0000,6521.2649,8182.0548,7495.9938,12313.9951,11970.0310,5625.8385,7335.6209,5969.0416,12031.8372,12991.5569,12215.6446,9920.2157,9265.2184,4710.7748,13038.1685,5303.4751,4188.5400,11204.5415,6002.0306,6400.3526,7131.4251,10814.7779,12009.1190,12978.5584,6858.9440,6810.3295,384310.8986,404682.1784,395880.2071,388481.5407,397141.5122,396532.2816,399111.3922,396172.8800,336267669.7540,336212448.4180,336237400.7997,336257639.8618,8120.6429,10156.0734,8948.9897,1932.2693,0.0000,9362.8977,6534.5007,9770.7212,10173.6949,9854.8004,3253.4916,9713.0160,8741.4018,10661.0308,13601.4332,12767.2665,9938.6542,10626.7199,1375.2827,13325.0879,8286.5326,897.9653,11208.1838,8946.5215,7810.0156,7820.0014,8661.1946,10740.1715,11824.7208,4885.4070,5836.4198,383749.9164,404215.9301,395373.5765,388026.5569,396653.0886,395963.0223,398573.7437,395666.4113,336267942.8583,336212721.7652,336237673.9110,336257913.1289,12120.9069,9191.0721,9650.5631,0.0000,12335.7546,11047.4147,13340.4107,7062.2777,9111.0054,5272.4359,13203.2078,10234.4237,3885.9590,12235.5477,13368.4628,4317.1027,13800.5396,8230.4971,9113.6712,12126.3527,7336.8156,5355.1564,11185.4366,13096.8367,5482.9133,3068.9159,3867.5522,11127.9348,10501.2503,3559.5579,390371.5331,411100.3524,402201.7726,394844.2207,403473.8391,402748.3837,405310.8819,402436.0568,336261098.4534,336205877.8444,336230829.8463,336251068.9745,13350.3493,9768.3624,0.0000,1459.8212,11196.8654,3505.3206,13703.7897,13430.8148,11137.9764,3118.3292,3491.3962,12644.1946,8406.1915,8372.0377,9897.9534,5990.7195,10817.7901,9546.2003,2823.1426,10495.6031,10034.2036,2250.6811,6614.0174,8526.7729,13211.7748,12485.5184,12261.4929,11127.6782,10608.2464,386204.9073,406760.0745,397969.9074,390415.7615,399169.2125,398719.6447,401130.1044,398162.5090,336266183.5300,336210962.3686,336235915.1014,336256153.6371,8858.1794,0.0000,13173.2270,5118.7034,12168.4930,3737.9833,1349.0122,9018.8947,12333.7219,13644.2381,8321.7325,10587.1142,9612.3698,11723.3336,10661.9552,7844.2633,11176.2530,12824.7549,8634.4436,11453.7023,13552.4231,10326.9819,12361.9699,6765.6472,8622.6736,4742.6401,6113.4629,10465.1926,382268.5191,403271.4674,394321.9953,386921.0690,395572.5442,394854.0798,397331.2472,394479.2111,336269097.5143,336213877.3986,336238829.2906,336259068.2826,0.0000,8804.1788,5400.2468,8761.4699,10682.8035,9849.7857,5114.8607,8764.3410,8947.4217,11758.0273,13317.9146,12024.3905,11206.6885,9453.0343,1999.9620,13767.8842,7633.8737,2732.0868,12268.7013,8823.6372,6294.3498,9132.3867,9874.9196,11848.5121,11472.5187,3708.1394,7558.6413,382082.7581,402557.8207,393720.0605,386351.9623,394991.4005,394326.0494,396916.1224,394002.5716,336269664.9847,336214443.8892,336239396.0854,336259635.2428,0.0000,0.0000,0.0000,0.0000,0.0000,0.0000,0.0000,0.0000,0.0000,0.0000,0.0000,0.0000,0.0000,0.0000,0.0000,0.0000,0.0000,0.0000,0.0000,0.0000,0.0000,0.0000,0.0000,0.0000,0.0000,0.0000,0.0000,0.0000,0.0000,0.0000,0.0000,0.0000,0.0000,0.0000,0.0000,0.0000,0.0000,0.0000,10513.3932,2800.6766,13867.4734,13397.5949,10713.8409,2382.4215,3656.3199,13147.0619,9291.3960,8779.5444,10522.1041,5682.9927,10047.2251,10626.0841,1429.1553,9804.2899,10855.8502,2172.4011,5552.7387,8781.3305,13378.9015,13018.2458,12452.3439,10317.3518,10539.3222,385120.6368,405626.4817,396841.9673,389303.8617,398048.0636,397587.6296,400019.9379,397051.1642,336267253.2648,336212032.0294,336236984.7441,336257223.3426,9143.0810,8298.1753,6193.9154,8441.9652,9359.1143,11777.7120,11471.1398,11314.2358,9252.4436,12916.4829,7966.5663,5488.8269,13013.6403,9790.0584,6759.5992,13140.0994,11307.3355,6215.6595,12186.0062,9786.7251,11666.6537,7413.7634,1905.9940,10619.5178,379604.6222,400378.4689,391485.4999,384072.0926,392735.1029,392072.8170,394575.1685,391686.7844,336271983.3734,336216762.8033,336241714.8979,336261953.8912,13427.9177,12423.0040,11563.4057,422.7545,6277.6576,13696.7202,8486.9914,7010.5572,12083.4746,3080.3066,10120.6673,11060.6027,3058.7310,10280.6104,12131.4687,4887.9526,3677.0636,10738.8899,13774.7411,13629.7620,11072.0852,9338.9302,11922.6000,382767.6748,403369.0965,394567.6368,387011.6601,395765.3961,395310.4272,397711.1583,394749.2565,336269560.3746,336214339.3099,336239291.9921,336259530.5367,2887.2258,9046.6704,13505.0298,13566.2052,5116.9458,10086.1869,10371.2295,9575.6754,12265.9773,9371.9469,9096.5863,13757.3749,9616.1133,9003.5907,13803.7408,12446.3946,11167.0310,4246.5529,5460.3840,5458.0467,8935.6129,9462.0108,385838.7379,406898.8088,397937.4345,390535.7623,399186.9061,398458.6544,400926.8464,398082.5658,336265496.0456,336210276.0401,336235227.9039,336255466.8699,9661.4529,12581.6977,13813.8262,7678.9781,9871.5747,9195.0037,11430.7505,10819.1602,8842.8067,10331.0653,13187.1976,9500.3232,10929.9227,13752.6156,10928.2397,12439.7866,6553.0375,7982.0143,3871.6689,7272.4064,10751.9945,383045.6192,404108.8130,395151.1978,387734.1689,396394.6591,395685.3807,398138.5836,395289.2781,336268329.5995,336213109.5822,336238061.4805,336258300.4107,11449.0776,9125.2914,8442.2614,13720.8498,13644.6565,7748.0583,12406.5838,3670.2366,12259.9144,9921.1437,2420.7576,9238.5227,9789.7548,10293.3739,6079.0382,6350.6382,8505.3935,12017.3722,7120.3322,3081.2127,386567.8005,407083.8010,398223.4017,390897.1756,399510.1853,398784.9380,401407.2551,398514.1720,336265010.7915,336209789.8118,336234741.8667,336254981.1337,5889.8718,13620.6963,8562.2959,7244.8823,11853.7955,3461.6275,10115.7661,10969.3482,2714.8433,10215.9714,11936.9078,4484.8104,3927.8892,10455.9930,13728.9893,13543.7538,11281.4190,9493.2601,11729.4530,383121.6904,403708.3483,394909.9125,387355.5389,396108.5140,395654.1424,398058.6933,395095.3274,336269218.0895,336213996.9973,336238949.6880,336259188.2373,11651.3332,10464.6172,10917.7035,7895.4945,8783.4361,9715.5239,9963.9851,3858.9936,8956.6622,8712.1965,1515.0699,8223.6985,5664.1713,12006.3737,11458.7845,13526.0375,11216.8014,8117.0463,388188.3759,408631.7359,399847.5455,392352.6041,401071.3376,400567.7946,403050.0343,400087.6929,336264089.0765,336208867.7578,336233820.4043,336254059.1323,10119.9307,11750.5100,5278.4249,13477.4545,10476.0857,6682.1809,13262.8628,9976.2516,4597.1905,12370.2625,13788.9387,7948.0365,3123.5081,385.6060,8963.0058,11572.0355,7112.6936,390528.4508,411477.8369,402545.6877,395136.5112,403794.6944,403093.9431,405575.2573,402712.8053,336260918.2832,336205698.0484,336230650.0400,336250888.9753,3460.3138,10673.7877,7130.2583,13480.0681,5092.4207,10182.5078,13568.5578,9217.3633,10023.4399,10201.7632,11982.7639,11714.6170,10043.1800,6893.3525,12388.8171,13132.8894,386336.4194,407395.2516,398504.6508,390901.1959,399677.3102,399199.3288,401485.9253,398570.6782,336265751.4527,336210531.2154,336235483.7113,336255722.0297,12547.3007,4635.4486,12480.2190,8141.2898,9396.5236,12905.8893,11495.8889,10111.3602,7968.9400,13142.7894,12541.3806,11757.6304,6018.7263,10568.7418,13808.1500,382943.0632,403967.8848,395082.1037,387484.6584,396257.4318,395778.6382,398075.1813,395157.2860,336269135.0211,336213914.7265,336238867.2118,336259105.5747,13037.0839,10442.1514,6823.8721,10730.5062,9411.1508,2174.6135,9048.6796,13039.9269,3555.4061,6652.4793,4964.0635,12133.5151,12531.6187,5044.9144,392429.9872,413128.7261,404261.9946,396833.5575,405507.9827,404874.9059,407379.7555,404475.6693,336259309.6024,336204088.8465,336229041.1045,336249279.9995,10579.3707,10769.8777,5922.9292,11060.8993,12709.2571,7573.4086,3877.3403,12342.8509,13556.3400,13471.3282,8892.0257,8774.7562,13043.8530,381250.7402,402017.6909,393182.0572,385611.3063,394371.6648,393905.6701,396266.9704,393322.6575,336270951.8619,336215731.1016,336240683.6932,336260922.1816,13396.3927,9013.6818,1476.1316,11540.6721,9831.0154,7844.2766,8707.9408,8274.0253,10601.3847,11030.1831,3807.3464,6478.4471,382976.2955,403503.2017,394644.9699,387301.8031,395925.0044,395219.4100,397823.9299,394926.3291,336268636.6777,336213415.7082,336238367.7916,336258607.0180,11435.8647,13012.6575,4862.7275,10277.0798,12743.0578,9285.3438,9216.7423,6461.3641,8836.4495,13597.1500,10692.6754,390726.9452,411739.4723,402841.0064,395292.9635,404036.1602,403496.2951,405842.5469,402940.0811,336261179.0133,336205958.7428,336230911.1234,336251149.6013,8806.7115,11278.7870,2535.7731,4812.9494,8659.6773,13162.3032,13160.3853,12586.7154,9401.6750,10063.2887,384411.6316,404871.9932,396089.0474,388576.2310,397305.4699,396821.8834,399284.0219,396317.8095,336267907.0354,336212685.7425,336237638.4098,336257877.0981,10706.7335,9275.8951,8451.2084,7456.5739,7882.7804,10063.0137,11651.5730,5186.8467,5171.9750,384343.0076,404833.4394,395982.9401,388643.4271,397264.9650,396561.1312,399174.9466,396273.6279,336267300.2343,336212079.1953,336237031.3016,336257270.5381,9661.1376,13326.3155,5476.7675,6852.5796,4233.8428,11118.8798,13068.9154,6868.0403,392521.4778,413337.3377,404454.6998,396993.2330,405686.3259,405073.2933,407530.0351,404630.5332,336259225.3246,336204004.7615,336228957.0320,336249195.8057,7116.7592,6997.3377,12670.9320,12202.2769,13196.3126,10867.1240,9156.3185,386946.3667,407403.3382,398622.2085,391108.5985,399838.5336,399356.0441,401818.7490,398851.7903,336265388.9705,336210167.6617,336235120.3488,336255359.0215,11485.8653,13075.9990,13816.5512,10331.5406,6300.3201,11588.4266,380289.3025,400880.3971,392060.7723,384560.5283,393280.0603,392757.9404,395210.6210,392266.6257,336271806.8087,336216585.7912,336241538.2954,336261777.0323,8130.0086,7732.7223,13371.2674,11380.0203,3500.5612,390999.2210,411506.4604,402677.4120,395269.2565,403933.7685,403310.2605,405862.4426,402939.1541,336260870.0315,336205648.9265,336230601.2649,336250840.2532,3405.6217,9058.1070,9608.6814,5987.1416,388608.7309,409480.0503,400548.0849,393190.0814,401817.4682,401067.8333,403606.4344,400751.2805,336262737.7883,336207517.4618,336232469.3466,336252708.4632,9157.3969,11752.0017,7048.2146,390795.2390,411736.6096,402807.7025,395394.6506,404055.4130,403360.7848,405840.0549,402975.1085,336260670.8539,336205450.5984,336230402.6096,336250641.5322,8950.5523,12640.8926,382818.3557,403974.3753,395024.2301,387523.4178,396234.3207,395612.4596,397975.4258,395109.5535,336268775.2808,336213555.3483,336238507.4331,336258746.0880,9591.6854,380091.3145,400760.4048,391882.1710,384497.4766,393144.2773,392465.0602,395009.6768,392116.9535,336271502.8759,336216282.1372,336241234.2262,336261473.3190,389442.2413,409973.8719,401118.4517,393769.0703,402396.5351,401696.3805,404296.7331,401397.5684,336262196.7576,336206975.7735,336231927.9008,336252167.0814,31659.7153,22727.2275,17331.5501,22011.9010,23327.9736,18622.0859,17709.3809,336650548.0404,336595329.2860,336620279.5145,336640519.7984,10375.1365,18772.8269,9821.3019,14369.3054,14698.8254,14007.2452,336671238.3411,336616017.0309,336640967.7067,336661208.8465,11299.4312,3634.9673,7170.3359,9134.3618,7066.5830,336662290.7528,336607070.0116,336632020.4453,336652261.5693,10099.5765,16829.1062,14093.7803,9577.7013,336655457.5421,336600236.9534,336625187.8416,336645428.3247,9948.2064,7770.6858,4893.8402,336663780.4821,336608559.8400,336633510.4227,336653751.3096,10099.5765,10923.2629,336662335.5710,336607115.2009,336632065.1582,336652306.6623,4623.8770,336665471.4318,336610251.6163,336635201.8606,336655442.7082,336662788.1888,336607568.0616,336632518.5464,336652759.2704,66622.4005,43882.6728,22318.7579,33542.6069,48762.3407,31465.1858,
39600.000,12755.8677,7151.1226,10969.7428,2885.0635,3658.8874,13873.7069,7140.1527,8581.7128,7442.2757,10808.5473,10197.1032,7924.0251,13640.5130,9309.5465,4232.7687,9144.8609,7690.8076,13346.7781,11018.3886,13336.0837,9757.9497,9170.3541,7031.6006,4483.9251,5705.1814,12538.1728,3492.1970,10253.7608,7560.3827,12949.0065,7725.0680,11946.8662,13737.9898,12584.5212,13075.5812,9809.4402,13407.7225,5244.6762,12358.6747,13036.2441,12024.1035,10788.2120,13761.3519,8952.9426,10664.3602,12638.9023,11746.9976,11707.4262,8148.0484,11420.6106,13738.6833,11472.4909,12973.6216,6903.0086,12483.3463,11992.4380,7185.0754,7243.0866,13485.9912,12993.3707,7787.3552,13456.7462,13636.5157,9705.2679,13472.0529,13342.0654,12599.9478,12818.7133,8519.2442,11892.2376,7739.4725,11719.4154,0.0000,11786.3917,13054.9773,12037.3594,10699.4148,9835.8539,11878.8815,12980.2518,12778.7304,10099.2602,4242.6012,8161.4484,10089.9486,10502.6186,13274.1696,3979.9808,10514.9310,13141.5511,5962.2660,12811.3613,12959.0593,11980.3070,6357.5998,10094.2987,8693.6754,12335.1817,11007.2859,385847.0456,405664.6581,395491.9574,390993.4318,398115.5918,397845.8083,402903.4312,396716.1350,336250567.6429,336198075.5168,336224595.6552,336239219.3597,11456.2997,4337.1309,12159.1468,11658.7907,4311.3732,13325.7980,7491.9931,8113.1795,11967.7608,10598.0976,10644.3510,7412.0018,8715.8062,10839.1178,12461.2600,13179.8632,4012.5956,11541.7325,8256.9704,5536.6490,8655.8105,8406.9620,10547.8134,13448.8692,1414.2716,11054.6531,11769.4638,8720.7176,4779.6694,7513.5885,3626.6704,3889.5425,7876.8440,8942.1739,6490.0804,2431.3152,12846.4674,9676.9880,1139.9939,1890.4367,11654.9975,5222.0096,11758.6320,7642.6742,7431.9684,10891.4155,6394.9403,10429.5043,9195.4805,5396.6286,10947.6382,8864.4711,10973.8479,3719.8976,2497.8833,8250.5994,12211.7506,2303.6319,9063.2163,9218.5512,7050.6184,3650.6252,6534.7099,5752.3691,6784.7357,6785.4335,8897.1295,13161.0280,9318.5502,8414.2036,2990.1559,0.0000,8936.5510,4824.9485,6818.8784,8707.6731,7420.1241,10807.5267,3706.2395,9230.0350,10875.0120,10541.3580,7322.5362,11169.3566,7458.4796,7989.4897,13532.2772,9464.7817,7934.2559,13139.9861,8602.5809,1369.8798,10595.9046,12902.6783,11013.4870,9055.8460,1253.7016,11068.9124,388282.0424,408806.3788,398517.2068,393834.4567,401114.3687,400886.9355,405724.8083,399591.5199,336248109.2424,336195618.5240,336222138.4497,336236761.8080,12145.1560,9399.9284,4735.2907,11986.8128,6091.6530,11622.8395,10378.7111,10821.7424,13102.6384,1377.7422,11683.9351,4097.5924,9478.1746,6080.5723,10406.6116,10055.8448,7954.3169,12280.6936,10905.9421,13005.3859,7213.5571,6593.1276,5297.6658,12051.8896,8286.8210,12164.3280,11527.8702,9071.5627,9386.3877,12733.9418,11424.3007,13622.2174,10258.7038,6753.2835,12485.1711,10516.9290,12759.4654,11952.8970,10929.3765,8007.1026,12738.3540,12479.4185,13530.4515,13589.7913,9226.8879,13671.7695,1638.6135,13638.2009,12299.3745,10335.6283,11852.3017,1491.3420,9162.9962,12060.1483,8400.1691,11920.4220,11333.5056,12248.6491,4284.8414,10020.0476,12594.0629,12310.8216,9963.3976,9755.4935,13737.4857,9464.1280,7222.8252,13299.9535,6231.1576,12045.0240,0.0000,13680.9959,9404.0010,13812.0082,4742.0368,5725.7543,9438.3513,13149.0252,12599.4535,4324.7199,7915.2823,10079.0284,12898.2810,13406.0724,10666.5629,5711.6262,13580.5166,12187.3633,10344.0243,13138.1856,10873.6852,8979.8662,3438.2541,4496.0511,3794.6333,11578.0984,6813.6351,387208.1393,407109.5231,396964.7989,392327.7843,399497.1730,399413.5977,404393.6183,398162.2122,336249714.1630,336197222.1502,336223742.6828,336238365.8645,9591.7384,10606.9279,7599.6739,13621.6225,3543.0355,4782.6702,12605.1629,9336.6992,11595.9964,9978.9016,10094.3688,7919.2800,13604.3677,12405.9506,7976.6559,13261.3264,10106.9232,2606.0684,5208.2690,7130.4179,8871.1510,13373.6258,3209.5083,8583.3805,11388.9203,4934.3420,8499.5435,5006.9882,2183.1993,7572.1088,7953.9748,11492.7801,7547.6277,5200.7107,10851.1438,10350.8847,4549.1195,3681.3625,13239.1208,7553.7873,10301.1297,5000.3668,7554.4790,12726.2917,4530.0412,11489.5272,8234.6459,8042.3714,12236.3636,10620.8611,11429.3132,7172.1970,1940.2224,6289.6507,10156.3414,6392.7068,10583.5322,9555.8060,10319.2851,6298.0673,2403.6923,9370.4872,10134.4203,6560.8990,11576.6076,13773.2591,9168.8180,8007.5339,1447.6213,0.0000,8256.7502,8576.8235,5611.3553,10997.2553,8797.9459,12658.4814,4434.5805,10353.8806,12783.2764,8240.4203,4423.7694,10101.9455,4540.1968,10682.0565,12882.8179,7666.5099,9726.1958,11615.1749,9383.8560,5532.2029,12668.8011,13247.3633,12894.1182,10073.8126,3243.3556,13076.9840,388667.2984,409096.8119,398800.4824,394206.6833,401449.6567,401116.7527,406012.9882,399900.1461,336247439.8494,336194948.9698,336221468.6988,336236092.3628,5790.4939,13454.9148,8832.1223,6793.6027,6109.7293,10859.4951,8609.8223,9960.2032,13463.0245,10794.9166,2623.8853,10701.0654,7490.8455,13491.2683,12073.3938,12915.7086,8713.4965,6809.5743,7423.2824,5392.2828,7757.9776,11631.8442,3147.7201,9465.0986,5462.7021,13361.7477,7051.9960,10571.5929,13480.8293,11276.1930,13420.1672,10518.6492,12592.7355,3952.8553,11600.4565,12314.3642,11476.6103,11813.5004,13048.2528,7477.5659,8587.5395,11322.8764,12415.6856,9898.2520,10125.2671,9807.6868,13207.5321,11695.9458,12690.1929,9041.5693,12738.2710,10943.6588,7034.5025,5472.7769,13156.2951,12574.6923,9251.1391,13797.4125,12877.1242,7863.4595,13750.9254,13724.0463,11139.5704,13367.2832,9850.9751,10662.2967,8591.5507,10604.0887,0.0000,10264.0460,13377.1082,10321.0077,12151.3110,10903.9952,12488.8008,11767.5332,12165.9767,11828.3147,4252.1376,7214.6601,8696.7746,8407.9802,13427.9975,6190.6244,8575.6384,12671.8830,5286.7690,11892.2727,12659.1764,12729.4540,8655.5703,11812.1049,10245.8665,11582.4991,12304.6924,385469.9177,405381.9911,395175.8924,390702.3441,397833.4791,397492.2888,402542.3842,396383.8085,336250725.4450,336198233.5284,336224753.4598,336239377.3238,13283.8387,7844.4484,8815.8293,7209.6229,12130.3397,12253.1162,5140.8257,13534.5739,6309.0773,5471.1571,9085.9170,10127.5759,11885.2932,10973.7251,13725.4850,8868.2393,10600.2665,4718.4501,2481.6705,6388.2472,11774.8597,4007.4763,12235.5912,8370.1219,11187.1692,6592.8937,11803.4608,12874.5359,13599.9139,12824.4658,7105.8334,12860.1759,8418.1620,13499.6399,12211.4997,10654.8177,10880.8382,13666.9359,11415.3964,11866.3824,13547.4561,11891.1414,12505.7987,5382.6626,12998.8125,13521.5019,12218.7719,13435.7087,3903.2390,10541.3716,11250.4858,5503.7371,10088.5066,12389.8785,13625.8531,4496.4249,12593.2898,13268.0135,10018.1129,12312.5477,12349.0289,13413.4344,12308.3172,9280.7530,13292.1546,4825.6231,11028.7735,0.0000,13231.4608,11553.9273,12957.7242,8266.6853,6921.9743,12049.4214,12924.3625,13644.9570,8565.1283,3700.1742,7294.9196,12235.5212,11612.1139,12976.7523,5300.0010,12319.3215,13527.5739,8942.0699,13747.4460,11577.5380,11870.9314,5807.3025,8682.1516,5564.7414,11283.0743,10366.8353,388525.5635,408372.0957,398209.7561,393662.6164,400801.1635,400596.9271,405628.2617,399425.1403,336248060.0424,336195567.9506,336222088.2401,336236711.7481,12288.0510,10347.9817,11118.2509,9403.0994,9447.8018,11414.7226,3454.1360,10129.4223,12923.9887,10889.2164,11930.4496,3415.1549,9140.8208,4597.9114,9189.6692,10085.5377,11319.8530,12849.4497,12968.7680,4819.8021,13167.1552,9809.6418,11164.2312,4695.9034,10773.7795,5952.0200,1062.6959,5930.6684,5499.4037,9110.9527,2715.7158,12891.1666,6821.3014,3512.0380,6083.4142,9282.8482,1876.1855,10798.5995,8441.5291,5598.3819,8023.2303,7003.1525,11175.4387,7933.0984,1482.4913,8038.1477,5319.2900,12042.5412,5469.9669,6181.6990,11374.1754,11979.5867,2448.7178,5611.8423,11233.0947,3916.2595,1744.5659,9200.3897,3299.7379,3926.7820,5619.8090,5776.8133,11570.9192,7244.7813,11133.9766,6631.6820,0.0000,7452.7100,3852.8821,6619.3736,8917.0485,9481.6358,7865.2302,4170.9530,6041.3423,9919.0024,12898.4647,10658.0274,9794.8078,8570.4709,4352.3783,13536.8512,8986.2025,4364.4429,12685.8099,5765.2006,4125.0973,7733.5700,12619.7811,9948.0135,10631.3847,5413.6683,9023.3129,384488.5686,405067.1594,394778.9250,390052.3326,397351.8452,397173.7871,401980.1164,395838.5116,336252039.3771,336199548.7475,336226068.7428,336240691.9794,12886.7773,12302.6834,6315.3316,10013.6278,7198.6179,10483.9784,9347.2457,10367.0942,2677.2889,5557.6555,11916.6825,5059.6804,10271.1704,13291.6060,12445.1576,11044.8683,9687.1602,1757.0016,13564.6284,9819.2062,7974.3710,12293.6473,11477.6620,12162.8436,13557.7958,12208.0855,11681.8697,8757.2875,11249.7820,13266.3571,7508.6805,9724.0348,13308.3806,13447.6249,4779.0394,12259.4345,8911.8194,12699.5228,11880.8076,6327.2214,13099.9632,7306.8169,11215.8987,11860.6391,6682.4328,9504.5154,7253.3168,12170.9362,13786.3881,11698.3459,8795.2347,12801.3711,9710.7680,9555.6013,10113.5030,12847.4457,13211.7146,10904.1006,10160.1752,12461.5085,8418.3770,1758.5993,10551.8703,10797.9731,13782.0321,0.0000,11316.6595,11227.1300,12785.1700,8733.4030,10604.9421,6546.4331,13396.1763,9867.0690,5823.8401,10153.6544,12600.4022,9400.3213,12822.7463,9530.7813,3457.8506,11395.5165,10284.9155,6494.7485,10729.9846,13045.3404,6631.6037,2893.0819,5581.3255,9227.6780,13584.3860,5446.5945,381297.6293,401183.7233,391031.2390,386421.8596,393582.6848,393461.3676,398455.6249,392233.0312,336255490.2051,336202998.1783,336229518.5971,336244141.9218,1985.0453,12857.3087,9104.9000,11351.6754,12018.9903,10437.5039,4837.3120,13555.6114,11411.7295,10536.6550,13845.5012,11845.9327,2947.3132,3824.5508,5979.7586,6810.6956,12274.6417,6559.6254,5800.9783,11262.0690,1578.1959,10777.9121,3425.5626,5269.3105,10336.9083,9369.0213,13095.0272,8266.4505,8323.9982,8850.9106,11384.9676,7763.9126,6508.2819,13736.9767,10106.2848,9467.7964,5231.8538,9114.1576,13598.1753,5934.7369,11345.1761,8756.1798,10541.7319,12951.1351,12138.4003,10802.7338,9471.2793,5366.1125,4768.5861,8559.5532,9354.9086,12034.6282,9183.5833,12391.7061,9187.1798,1730.2156,11678.4199,12223.9323,8267.3194,13132.4517,13389.4890,9993.4048,7422.4134,4872.6077,0.0000,9020.9257,10913.1067,7023.3341,11892.7853,9428.4657,13576.0441,7332.5204,11661.2115,13245.7595,5678.5645,2738.7494,9802.9276,4673.4432,12523.1415,11332.6223,7573.0452,11480.9729,9980.0533,10783.7792,8461.9508,13672.9763,12413.6226,13337.8063,10139.6115,6457.2762,13765.5637,388719.2160,408973.7492,398699.1865,394171.2305,401370.1485,400995.3140,405955.1781,399837.6780,336247303.4600,336194812.2391,336221331.9522,336235955.7813,13238.5725,10185.5119,10102.0733,12692.9004,9272.7812,3736.1623,13086.5329,11569.9381,10740.6323,13712.9031,12670.5113,3034.2842,5420.4742,4267.2179,5011.4037,11474.5546,7468.5880,4307.5826,11959.4509,2338.0890,10729.5180,1835.8725,6661.0628,10948.1101,10688.9989,13427.6246,7244.9459,9315.6831,8874.5286,12324.7635,8591.3528,6839.2115,13617.0648,11120.5995,10252.9941,6948.5445,10457.8901,13713.8451,7632.1509,10127.7882,10085.9906,11427.4878,13302.7326,12861.3891,9414.3420,9340.9531,6298.1049,2979.8490,9094.6296,9916.9203,12837.0851,7715.5328,12664.9071,10192.6847,3602.1131,11920.7577,12444.3225,9726.4265,13313.5187,13032.5609,11156.7935,5855.3868,5834.9596,0.0000,10352.1745,11007.6002,8629.4822,11083.2943,8342.7626,13730.8521,8658.4598,12559.3640,12544.9162,3944.4443,1418.2965,10752.4269,6434.6014,12969.0750,10426.6063,8952.3374,12326.3256,10026.2280,11869.2459,8841.9576,13742.2169,11440.6265,12665.3031,8858.7416,7115.4621,13454.7344,389678.0277,409842.1545,399590.1194,395064.6797,402248.5625,401901.0011,406880.2720,400746.4957,336246429.1609,336193937.7490,336220457.5704,336235081.3508,6160.9371,11373.6953,6632.0009,12358.1463,12258.7269,5895.9888,4455.4824,10782.4236,4712.2567,5530.9212,13505.7836,10950.5854,13521.2934,12985.8723,7705.3563,11945.2451,12466.8481,3265.7964,12446.9779,11065.3499,13531.9323,11589.0254,9849.3091,7128.9435,5726.3804,13169.4167,10762.8171,7974.7426,4206.4603,11412.4792,12874.6820,4357.0963,8599.9001,5936.7423,10158.7585,7492.7323,3892.2602,10190.2281,11329.6344,6985.2711,8321.3594,1971.5234,4662.1542,11703.1942,12123.4813,12556.6503,13728.6121,7480.8036,11003.7321,4561.2138,12948.9914,8037.6842,9836.8073,12372.0599,9275.6460,8378.1516,8494.4044,6253.1042,4890.1303,5636.5723,13576.4195,12667.4920,0.0000,6892.8216,10315.2677,9339.3589,11061.4059,12957.9141,3821.8943,10550.2527,4491.2765,8754.2311,12890.3851,13626.7537,5402.9741,10545.7169,6312.1695,8640.1905,7988.2049,5646.6894,6695.5594,5613.2594,11960.2399,4696.5458,8697.7718,8480.3587,12508.6324,12463.3258,6360.7921,377894.5406,398093.6803,387870.3458,383228.4806,390447.8079,390268.8675,395187.5723,389009.4161,336258620.0460,336206128.6496,336232648.7820,336247272.1816,13448.4212,8431.0723,13746.9694,9620.1986,10562.6519,5503.6331,11592.5272,9949.9705,6944.6363,10725.6347,5923.8457,12386.9492,12007.8536,10508.1190,9850.9666,10570.2198,3169.1034,8523.2274,12237.5971,11204.5728,8395.9428,10133.7700,4254.4877,9348.7642,13212.2585,9258.4132,5928.5229,4490.0337,9928.8552,11285.0723,9658.6086,7998.9551,1987.2566,5098.9709,4608.9292,9049.3284,5779.6005,13429.0167,2159.6695,8359.9147,7161.1680,6878.9348,13345.5131,12443.7217,10003.4656,11948.7570,3880.5501,10668.1143,6352.0930,13549.6721,10540.6136,8740.5703,8347.8990,11051.1363,10773.6302,5068.1110,10006.7519,9465.1454,2877.0939,13156.6163,9941.9308,0.0000,2654.0987,11610.1755,5047.6882,13467.9948,13650.9739,8929.5874,7936.7988,5457.6851,12544.5376,11170.3069,10959.2825,993.6626,5593.6015,9124.1677,10340.0376,2204.1849,6742.8084,5723.0238,4804.9797,11290.7773,9611.6579,11677.9870,12395.2620,13714.9615,10585.5951,11068.7154,379697.5101,399996.5883,389718.3559,385160.9044,392375.0746,392030.6401,396966.9598,390844.7793,336256370.5846,336203879.4344,336230399.1598,336245022.9438,11439.1833,2767.2954,9699.1361,6857.2555,11249.7598,9196.6440,8366.4001,12204.1375,10302.3853,13007.5904,6662.9105,6588.9477,6533.3230,11340.3147,8519.1150,12692.7256,11441.1503,8126.2432,8921.6525,12217.6272,10760.8729,13581.1273,10153.6040,5617.4514,11851.3808,11272.2253,12933.3051,11225.7326,10053.2274,8474.2232,12329.5898,13008.3853,13448.3444,13499.6583,9508.6687,13454.6367,328.8314,13775.7370,11881.8035,10702.6937,11864.1633,1316.1809,8110.5960,11365.2758,7925.7963,12520.6294,10545.3171,12294.5191,3343.5825,9559.6747,12047.2085,11994.6643,9308.1518,9237.0261,13573.9060,9310.6605,8160.4579,13453.1056,5449.7448,11374.5878,0.0000,13780.4063,8574.4035,13651.2189,3710.8834,4474.8953,9701.8580,12661.6403,12691.3890,4372.5612,7985.1948,9622.8715,13325.3985,13292.7019,10451.2085,6914.4136,13750.7537,12094.3178,11179.7768,13165.5127,9977.4586,9167.4184,4716.4685,4627.1628,2533.4509,10783.7632,7058.7424,388148.0417,408104.0234,397950.9178,393298.2750,400480.1630,400402.0248,405364.7686,399136.8268,336248776.1457,336196284.2396,336222804.7657,336237427.9096,10932.1465,13596.9784,8867.0133,10050.8208,5569.7734,6629.7174,1841.1730,11429.4873,11017.2206,12757.2342,13652.7822,11553.3696,7783.4858,13798.3635,7758.0415,12442.2631,6406.0690,12513.2733,8365.8933,4004.1831,5507.9835,2629.6364,10823.3026,5807.4906,12019.5141,4617.5058,6667.5846,8963.1755,6741.4923,3221.0899,9570.1985,9397.0099,5463.4458,5163.4433,8306.0982,11228.8395,7362.5717,2500.2580,5051.6885,2253.1182,12149.1272,7775.3418,8970.9647,12950.7914,11124.2119,5629.5103,2775.0127,12171.0031,2979.1310,4577.6351,11005.1815,3949.6605,3410.7401,6169.6788,3417.0536,9378.8410,5993.2961,12521.7859,9328.6024,0.0000,6849.2837,5380.0402,7517.0235,9192.5238,10843.8874,4947.3164,6538.2116,3599.6945,8850.6897,13737.3949,12491.3250,8447.1497,9688.1384,1568.2162,12442.5486,8791.4404,1882.5946,11406.0160,4169.6762,7152.6989,5005.5594,11465.9354,8759.6119,11419.3467,8386.6207,7009.8985,381452.7058,401958.5873,391689.6142,386958.7228,394248.0823,394101.7166,398920.0893,392762.5624,336255153.4183,336202662.6272,336229182.7125,336243805.9099,9917.0769,8675.6220,12629.9796,7460.6964,9500.4308,11944.5870,8754.8095,12564.2857,5648.9669,6772.3819,8840.5828,9565.1522,8881.6124,13451.5747,10900.3766,6303.6219,7795.4280,10784.1252,9326.5907,13164.3537,10122.8776,3177.1835,10292.4969,12402.0268,13056.0623,9470.3417,7964.3638,9669.3921,11304.4658,13671.7015,12836.1355,12982.7109,10274.5199,12589.8121,2537.9811,13661.2812,10895.1503,11438.9544,11815.5185,3348.5210,5873.6046,9592.0122,6910.0954,13306.2269,8781.7694,12268.3330,2346.3806,8838.3296,10704.6324,10948.5712,8133.2222,8415.3864,12877.5442,9288.6404,10046.1902,13435.2259,4126.3484,9643.5409,0.0000,13604.2053,7001.5336,12916.0747,2835.2905,1822.3842,10414.2423,11327.7410,12697.3402,5632.6451,8102.0980,8455.3038,13803.7617,12617.2635,10131.2863,9092.2094,13661.1804,11787.5977,12487.1964,12970.3608,7940.8085,9821.2427,7216.1335,5948.0057,836.6491,8847.1052,8106.7824,389777.7000,409861.4114,399682.8762,395009.4795,402216.7998,402126.8237,407056.0905,400843.0563,336247077.7695,336194586.1219,336221106.5728,336235729.6966,11840.0080,9521.6087,12666.5235,13033.2415,13289.5778,6590.9702,6201.3647,5474.9861,3972.4799,9268.3507,10286.2400,1573.3795,10919.4131,3704.2969,12517.5972,4709.3128,9325.2654,12838.0701,11485.6036,13821.3216,9007.0860,11663.2308,6223.1539,12372.9435,11165.7668,9844.5809,12844.9202,12718.0954,8960.3370,8135.1315,11415.0267,13306.8981,9298.9346,9830.8394,10314.4209,12929.4516,12767.1640,13224.8850,8747.7141,11536.3297,9374.7427,4784.0363,7201.9783,12192.7713,13158.0550,8133.2408,13694.5059,12213.2097,6259.9269,13336.9387,13542.3357,10986.9082,13702.1049,11373.0269,11311.2969,6930.8707,8974.8387,0.0000,10714.7995,12685.2374,9998.9280,11671.2642,9649.3999,13367.4718,10910.0754,12807.2554,12157.0597,2390.4126,4851.9489,9928.4877,7790.2103,13651.5233,7827.9013,9028.8340,12998.5605,7534.9491,12360.6177,11403.3885,13488.1588,9671.0926,12212.6760,9341.3348,10076.0489,12991.5919,387786.3574,407766.8004,397547.3742,393063.0336,400207.5765,399859.5604,404892.2278,398741.7715,336248370.7428,336195878.9626,336222398.8581,336237022.7069,7001.7688,10349.3587,2745.8055,8981.5446,13480.7227,13225.6381,11523.5140,10780.2074,4074.2088,12920.6322,11284.4212,8355.1603,13247.2999,9876.8882,12713.9267,13275.4646,10740.5943,11277.7589,6751.4294,10752.4611,12311.6829,9419.2859,9111.0922,12409.0767,12821.5688,2615.1111,11087.0734,9904.3743,13074.2653,11442.1516,4350.4979,13115.6129,6854.1218,11346.7274,10535.1474,5481.0867,8191.6280,7387.1994,10929.7287,13390.6671,12289.7468,10272.3618,11530.5149,8556.7686,9533.2791,8110.3283,11763.7468,13649.8096,9050.5357,8169.9343,12104.7015,6254.1515,2048.7077,10361.4002,10988.7406,13487.4330,0.0000,11298.3790,9550.5670,12698.6347,7294.7448,9964.6485,4612.0506,12779.6512,8969.5667,3926.3713,11413.9304,13144.9871,9991.1838,13224.1514,7662.5119,5813.5744,11882.1677,9054.3229,8380.7922,10035.1270,11969.1670,4441.9506,3899.3655,3603.0286,8796.3145,12948.1939,2869.9701,381308.9109,401299.6472,391140.0917,386474.7511,393665.9843,393595.4627,398544.2694,392317.3337,336255600.8306,336203108.9970,336229629.4833,336244252.6441,12972.4628,7534.5376,8935.1150,12818.4879,9409.4821,12313.8463,10978.0018,6124.9251,12874.3266,9839.3530,3612.0355,10507.4610,13096.2926,12220.8813,12011.5118,12290.8683,8660.7512,9439.3915,13318.3589,12428.8344,4013.7622,6938.9253,12816.5398,13553.2583,7116.5511,11075.7966,3923.6024,9537.5655,9005.1333,7520.3557,10315.4968,11323.2630,7341.8045,11021.2401,6117.9681,8295.3898,11072.4654,13581.8459,13003.1366,12347.3430,4228.3700,12953.9776,8078.0458,12421.2931,11194.9145,11890.8941,11387.4719,12035.1765,11394.4782,9651.0281,9730.3760,5231.8567,7021.7352,12761.8675,12930.9257,0.0000,7628.1506,12593.7222,9806.1629,12266.5089,13246.9185,7555.1490,11761.8876,7654.4620,10140.1333,10574.9405,12330.9280,4701.9837,9826.1733,9862.1064,6170.1010,7333.4583,8888.6748,2484.5348,8089.2319,13424.0985,8209.1072,7840.5255,9911.0850,12482.7494,13267.1701,8784.6011,378850.1722,398864.6394,388656.9770,384106.2279,391273.5801,391016.8678,396012.2320,389838.7236,336257501.1580,336205009.4212,336231529.4666,336246153.1165,9067.3909,7100.3057,8665.4836,11382.6087,9718.5559,11564.2462,12363.7792,5258.8792,12526.7668,11689.7439,11477.7620,1366.0142,9854.7228,7133.3139,2365.4622,8802.2552,6297.7334,6590.7441,4448.3694,13675.2225,9313.7477,4131.7414,5115.8528,9306.4729,5192.0566,12561.5448,10287.4301,8486.4872,8517.8061,9085.3603,8913.0846,10438.6103,4696.3740,9267.5833,7497.9870,9969.4763,2521.8927,6378.9162,10104.9589,13306.0408,2215.7521,7973.5835,8915.5332,3807.8643,4498.8786,9821.0094,2194.8716,3390.8631,8397.5744,5948.0416,11513.5050,9857.7805,9092.7933,6811.9502,0.0000,10069.4717,969.0703,9045.0243,6222.6956,6748.0397,8457.3316,6293.5957,8554.7891,8211.0671,12010.2924,9948.7703,11863.6349,10254.8557,5497.9563,12974.7210,11177.7904,6924.8634,13544.0536,8570.2287,2847.1647,7986.4086,11501.3014,8350.2110,8088.7291,5141.4363,8286.7449,386952.9775,407441.3538,397182.6745,392439.9118,399728.8483,399607.0166,404424.6496,398258.8088,336249751.6351,336197260.8132,336223780.9900,336238404.0904,6820.9533,13610.9165,13185.7838,12525.2823,12280.5358,6561.9748,12049.6359,12699.6534,7639.7087,13724.9920,8843.3335,13373.7783,12514.9472,9107.3990,9837.3576,4283.3696,11168.5459,10986.3654,10413.1109,7415.5004,11301.1455,12287.7354,445.1907,9284.9864,9750.9810,12555.6436,10006.1957,1751.4486,12290.9143,8266.5663,10351.4116,8648.4252,3520.2627,5993.2634,9105.5244,10244.2916,12777.4133,13181.1049,10682.4799,10217.6913,6446.8535,10716.8761,6104.8679,10205.4418,13597.1976,7367.9433,6294.2969,10804.8393,3915.0450,3720.9811,9047.4450,11993.3240,12964.5259,0.0000,10163.4244,8274.2389,11688.5093,7564.8559,10500.4374,2026.6963,11575.5620,7046.8210,4635.4869,12786.2160,13692.5295,9410.2812,12782.2746,5339.1453,8130.7226,11266.3764,6969.7789,9313.8503,8295.3015,11013.1032,1780.3651,6452.0745,4321.7012,9815.1440,12234.1836,1806.7361,380356.5195,400499.1038,390313.3029,385610.5397,392835.3065,392770.4921,397672.8199,391458.3409,336256529.0202,336204037.4850,336230557.9107,336245181.0167,11708.2765,10282.7846,13208.2952,13833.6947,11386.9411,8334.3087,13647.9043,6238.5375,12090.9300,7948.8213,12749.9170,8424.9238,5352.4739,4222.0023,3524.2502,11797.1178,6424.2962,11043.9770,2846.4266,7411.5708,9754.9434,6816.9543,3585.0147,8159.2504,8595.3236,4320.2772,5213.3141,7667.6836,12031.6303,5938.8481,3252.0941,4324.5015,971.5777,12779.7369,9112.6381,9392.8231,13276.4200,9923.7626,6818.2647,1090.1508,12936.2913,4694.7446,5164.4361,10784.0400,5666.0372,5119.0055,5278.1857,4503.3600,9085.0031,4382.2743,13174.2885,9687.3670,0.0000,5415.5132,6965.7228,6697.4240,10404.3342,11893.5028,4967.6671,6596.1244,1798.2044,9693.5193,13735.0953,12670.8320,6915.4529,8974.7811,2908.0460,12181.9869,7512.2791,389.3902,10372.1322,2515.6421,8259.3901,5349.3752,11626.0876,9558.4736,12337.2984,9065.9864,7611.2152,380202.0309,400693.3459,390418.1507,385713.7849,392994.5181,392811.9619,397645.0369,391495.9671,336256289.4377,336203798.6242,336230318.6288,336244941.9328,6230.2349,4863.6277,6861.7955,12741.0959,4941.5418,6948.0885,12511.6204,4385.8089,8790.5348,2640.8864,4677.5863,8921.4308,9988.4104,12489.8128,6051.9463,7101.0586,10843.7326,11958.5217,6167.6330,4072.9595,13596.6820,9460.1071,11283.8533,6834.4500,9640.9023,13405.2127,6797.2624,10232.3821,10034.6773,9782.6825,13170.8176,12078.3352,9947.8773,7172.3087,3656.3376,3909.1964,10685.7258,7611.2377,12122.4471,7770.7604,11229.0033,8213.7938,3240.1776,10202.6470,10960.9172,8778.1794,12369.6615,13757.9508,10927.2008,5905.4631,3208.0644,0.0000,10131.2320,9128.0051,7847.9062,10269.0583,7395.1732,13389.6092,6767.3596,11970.9486,12338.3693,6359.9919,2105.9325,11380.3424,6318.8105,11830.5167,12067.0335,9283.1309,11348.1641,11746.9413,11203.6195,6339.9465,13299.8043,12416.6973,12494.4289,8577.5395,4405.4695,13194.6343,390356.5139,410670.7097,400398.7593,395820.5463,403041.2954,402723.9413,407650.6361,401522.3255,336245801.6424,336193310.5255,336219830.3507,336234454.0004,9051.9859,9195.6926,12173.6175,7507.0943,7545.4477,8638.7588,3335.0256,11917.5595,6916.2279,5507.5930,10448.5880,6943.3377,12310.0300,10904.8429,8381.5043,7121.4813,9068.9332,8409.6450,8479.8004,12993.6913,9174.8925,6500.5736,2313.7252,6817.3806,12630.8040,3908.7986,13002.7846,5683.9496,9743.5065,11418.2653,10554.7184,12572.9365,11140.0616,6804.3997,8069.9448,5941.4475,9992.6412,10248.2088,11649.1737,12264.2193,8782.9813,3184.9453,11961.5533,12257.5385,6088.7874,12640.1891,12607.0511,7267.8933,10341.1877,6459.7222,0.0000,6093.6604,11710.4549,4686.1224,13382.1453,11857.3927,12560.8345,6772.0533,9610.4680,13885.4146,7931.9439,6380.0384,6749.8503,1983.9323,11766.1443,11346.6915,4157.6321,9931.1467,8130.5957,8558.6976,9740.7937,12906.6770,12843.0290,13882.2836,12354.5456,7947.5285,13602.7139,385150.1851,405449.0200,395157.7886,390642.7394,397845.7260,397435.5717,402391.1142,396287.9657,336250778.7593,336198287.6361,336224807.2339,336239431.1600,2862.5784,10046.2042,8481.4745,4627.2246,13244.3180,6361.9290,9169.2769,2709.3550,8764.2383,10800.9553,12563.8837,12823.7836,4096.3492,10169.8407,10351.4648,13466.7058,9208.3664,6921.8886,12521.4340,11921.3035,12245.8641,10136.2790,12340.5143,12959.2579,10421.2380,6694.5881,12389.9551,11924.2116,13226.6855,13252.0665,5939.7157,7791.0123,7678.8276,1393.7706,11202.4357,9763.7673,13443.1253,3718.4312,11764.5589,10994.2688,7144.2044,10925.5047,11425.6399,11842.4609,12369.6010,12015.7589,12935.7732,1699.1350,7413.1982,0.0000,12538.4498,9739.3680,11191.8602,8055.1509,4871.1947,13043.9128,10333.4472,13464.5642,10020.8588,3548.4439,3516.5626,12715.2159,9722.6434,12556.7086,9253.7823,11677.0522,12925.0811,11145.3120,13184.4609,8484.2985,12795.1506,9303.9487,10225.4951,5087.1598,7744.1830,11761.2956,391074.5322,411143.4350,400933.0350,396359.8930,403540.3064,403299.7001,408277.3392,402104.4553,336245336.7440,336192845.1067,336219365.2252,336233988.7446,8387.6154,10493.0008,2550.8026,12615.9851,6498.3357,11006.9881,4367.8274,10379.2811,12454.8054,13116.5039,13409.4301,6396.3885,11935.2787,8670.4109,13613.1803,11172.2701,9298.8965,12195.9106,13196.7789,11414.9029,10639.4588,12995.1837,12921.0603,11307.1729,6747.0434,12507.0241,13185.2864,13046.8385,13708.0604,5488.7915,9973.4561,9728.1313,3267.8905,10003.1798,11698.9660,13844.7240,4634.2813,12883.3392,12555.7288,8194.0067,12363.1236,12614.2032,12647.0454,12983.7493,10933.1564,13077.3977,3748.0606,9429.3744,0.0000,12759.8459,11432.4248,11965.4292,9039.0991,6717.9858,13037.1504,11845.8058,13779.1796,10046.6867,1657.0629,5068.5209,12189.3327,10285.9477,13344.1916,7220.7463,11634.0834,13578.6709,9523.1200,13617.4530,10671.6386,12891.9174,7955.0040,10191.0446,6047.1939,9944.0863,11713.3947,389770.7959,409699.6274,399511.4803,394977.4502,402125.8960,401872.8835,406894.5468,400712.4403,336246650.1258,336194158.2111,336220678.3581,336235301.9618,13646.5621,8565.7101,8879.5192,11606.1927,11836.8813,11312.2120,13590.5277,12821.0373,12387.1133,10003.4803,10725.2152,13649.6620,7099.3326,10790.0595,13549.2864,13325.2633,6321.0072,13001.9237,9288.4279,12732.1448,12549.2483,7815.7176,13274.3890,6708.3197,11763.9548,12659.5302,8130.5374,10700.5199,6298.1635,12264.8486,13696.0476,10721.6449,8737.8572,13195.5610,10889.1973,8672.5155,11053.5830,13398.5510,12819.8822,11633.4182,11034.3161,12990.4401,9608.2122,3497.3976,11346.1605,9863.8299,13634.9913,0.0000,11928.5278,11721.8417,13117.4652,8756.3554,10108.4481,8028.8649,13723.8089,10984.8056,6311.3618,8907.9001,11805.0227,9984.9977,12782.9527,10666.0984,1860.1991,11689.6866,11351.5535,6380.9558,11682.5325,13214.1366,8056.2457,2044.9715,6148.6343,8572.3930,13565.3309,6658.3518,382575.9936,402403.0274,392257.5905,387672.7325,394817.9276,394678.9394,399695.7238,393472.7372,336254188.0809,336201695.9412,336228216.3539,336242839.7341,10691.1473,11362.3996,7805.0024,6072.6566,7161.0000,2254.2761,4685.9317,7228.2559,9503.4025,7233.4325,2346.5596,12289.9130,9400.6728,1405.2008,2280.6061,12115.0527,5234.2134,11085.1105,6443.2096,6762.8928,11328.6946,5184.5922,11154.1386,8381.0465,5616.5816,11117.7414,8978.1833,11541.2245,5035.3142,1430.8872,8103.0127,11499.3555,3362.6871,9070.1922,9791.4607,7899.3814,3669.4490,5404.7125,6770.5149,7698.0981,5948.3031,9579.8510,13414.9443,8740.2527,8766.2106,1940.2869,0.0000,8165.6263,6026.8497,5748.8212,9737.6215,8274.4225,11232.1893,2785.0254,9082.8563,11687.2548,10264.9344,6833.4332,10512.4189,6232.7675,8536.7696,13589.8051,8503.8635,7979.3597,12686.2196,8259.8629,2777.1150,11129.1729,13287.4223,11803.1484,9811.4766,1103.6299,11747.9662,387978.0166,408508.1590,398209.0942,393549.8120,400824.9011,400559.0169,405406.0434,399284.0601,336248304.8918,336195814.1956,336222334.0291,336236957.4888,11513.9543,4951.8705,12210.0289,4678.1095,10036.3830,12969.7716,12290.6183,13778.1585,8272.4605,12077.4563,6847.7300,12935.4167,11489.0985,9964.4492,12536.4530,13154.6564,9835.8567,9315.5923,12216.1289,13160.3981,10323.2810,8677.6889,11281.6767,13270.6501,12863.5305,13527.1892,7471.6721,11239.7846,9834.8328,4274.2826,8136.6606,12311.7556,13535.8126,6957.3704,13575.2887,12632.4362,7257.7564,13197.6380,13385.5743,11848.1087,13538.6692,10985.8438,12097.3133,5928.4924,9468.9079,0.0000,11637.7094,12464.1458,10987.3893,10809.4311,8764.2484,13249.5697,11567.8504,13288.5217,11345.0774,1146.5909,5068.7160,10790.0593,8977.4278,13684.7780,7112.4673,10148.3254,13375.9278,7987.6761,12984.2020,11446.6479,13282.3430,8738.1344,11423.7900,8235.1296,10355.6211,12487.2381,388397.4556,408328.4980,398126.1773,393629.9076,400769.4737,400457.0391,405494.3684,399329.2921,336247866.0094,336195374.1187,336221894.1212,336236517.8885,10667.7357,12168.3499,12670.9351,10407.7540,10423.8376,5639.9375,7864.6310,13634.0686,10434.3294,6187.3953,3697.2415,11132.6987,12574.8296,7290.8354,8569.9778,2926.9869,7912.5386,6075.3755,6798.7847,8303.2323,12677.6830,4558.8648,8624.5729,4749.4596,5744.5100,12750.0951,12806.5255,11742.6690,13123.6495,4926.9123,11313.2919,5304.9743,13575.7332,9711.7393,9658.7545,10691.5180,10626.6909,10015.9376,6949.8751,8513.7463,7063.0969,3778.0156,13700.6081,11759.6676,0.0000,4690.4343,11458.5792,7454.6564,12709.6386,13743.5065,6698.6581,9620.9734,4620.0740,10993.6261,12106.7349,12607.3041,2266.4845,8362.0267,8024.9765,9171.5740,5274.8951,6195.4683,5186.3868,4906.4234,12131.1377,7510.0060,10171.8409,10773.0984,13479.5243,12008.3521,9064.7014,378060.8311,398287.3846,388037.8356,383450.0000,390660.3976,390388.1166,395325.4334,389175.8828,336258193.8613,336205702.5447,336232222.4574,336246846.0873,11681.1352,4103.7319,6378.1028,11215.8456,9507.7922,13361.6710,9085.7947,9346.5527,7597.8776,11291.9208,8910.0396,7851.0591,13570.3706,10772.3610,8612.9679,5266.9722,9329.9534,13545.5648,6364.4155,11473.7538,8530.9588,11192.3419,12769.1912,12286.4872,10784.7157,10525.7783,6728.2941,5197.7547,7421.0717,10405.0624,12138.3185,9510.8435,12951.2273,10055.0226,2804.0275,12406.2839,12819.6140,8597.7064,13425.8149,12871.6483,9840.8436,7889.6021,6263.3574,0.0000,8888.3474,11760.2515,7330.4482,12362.3251,10113.4540,13534.6287,8239.7954,11692.5606,13333.6138,5124.9475,3608.0245,9163.4947,4774.8186,12894.2210,10513.7697,7156.9710,11741.0425,8850.3052,10866.9787,9640.9672,13701.8873,11959.3851,13396.7929,10530.8897,7780.2515,13773.3971,387874.7671,408062.1724,397796.3739,393292.1735,400474.5868,400086.0095,405069.2369,398949.4228,336248127.6307,336195636.2785,336222155.9872,336236779.8777,9668.2121,7956.8337,3675.0043,9790.2903,6629.8349,5739.1927,5625.3587,13757.6146,10079.5120,5134.2187,5452.2759,9108.1553,6405.8583,13027.0921,11041.8997,9501.7431,8553.8240,9981.3374,7828.4832,11269.0065,5872.2088,9545.3240,8213.7819,8967.5049,2022.6631,7005.8849,9726.4122,13616.9851,3420.1465,8732.6951,7942.0920,4178.0352,5759.4573,10268.7786,2683.5536,3678.0551,9434.7113,6070.1238,11203.4421,10690.9917,8341.7526,7387.7324,0.0000,10942.2932,1051.3050,10002.8856,4992.6153,5687.3889,8536.2454,7385.0417,9347.7020,7329.1563,11627.1321,9869.6704,12452.1958,10974.2083,6032.6417,12479.2480,11916.5304,7795.5937,13623.4112,9484.0104,3513.0417,7961.8568,10785.7838,7510.3003,6986.2369,5751.0492,7826.2829,387562.9049,407991.6791,397748.9199,393004.9143,400284.6294,400185.2811,405014.3182,398836.5632,336249214.6553,336196723.7076,336223243.9664,336237867.0220,6923.8575,10433.4426,11303.2434,13092.7504,5591.5133,9098.8569,9881.0408,12775.1968,8193.5411,6008.4384,13330.9383,11084.4541,11301.4518,8112.8985,11041.5779,13487.4189,8489.3767,8925.6396,11006.2606,11284.9946,13368.5005,12934.3920,8287.9966,8149.9078,6059.5209,1439.4979,10275.1519,9285.1372,13008.3311,6224.4363,12066.0928,10046.5469,4689.0303,11187.0224,11781.5049,10350.1665,12845.2808,12938.7269,11858.5559,4210.4674,5663.3277,0.0000,11193.4245,10092.4194,9439.1643,9799.4659,6735.4764,13522.1568,8839.0882,12870.2331,11653.7883,3904.1233,812.5757,11712.3681,7621.1862,12645.7825,10408.8624,10094.9477,12418.6936,10879.3874,12303.2886,8021.3057,13410.0347,10952.6787,11817.4718,7385.7930,6569.2890,12880.9899,390652.2841,410814.7292,400572.8557,396020.1726,403210.4858,402905.8190,407873.9276,401727.7547,336245564.0682,336193072.6395,336219592.5651,336234216.2273,6149.7454,6203.9002,10208.0020,8519.0558,3468.5302,11067.7036,8815.7346,3277.2738,4016.5967,12501.2550,5642.1348,9691.8035,4346.4571,5752.1402,11724.1495,3171.1921,12078.6684,6916.4984,6244.1607,11108.0239,9054.8027,12237.1185,7032.9354,2004.0025,8102.3640,10034.2801,5237.2552,8979.8863,10651.2100,9116.0315,4433.6518,3762.1468,8280.3348,9007.7962,4718.1455,10445.8174,13428.4020,7680.8949,9431.3734,2028.0863,0.0000,6807.0365,7790.4275,4022.2959,11136.0469,9609.6396,11615.4287,2296.1616,8742.8715,12649.0566,9807.3050,6422.4209,9180.2328,4101.3966,9288.6431,13333.4436,6746.1337,8039.8326,11602.0400,7672.9942,4941.5073,11682.7978,13550.6504,12723.4603,10898.0299,3021.7037,12488.3628,387058.9181,407569.2713,397260.9912,392641.4956,399903.7144,399582.8563,404451.1082,398342.6878,336249075.0936,336196584.3717,336223104.0845,336237727.7005,6830.4392,5643.8900,8310.6732,2924.0177,13163.4577,7612.6519,3333.0453,5573.8729,9283.8953,2907.4677,11372.9600,8968.0192,6496.6888,8149.0529,7582.0416,10506.9357,8720.8795,2466.4519,8412.7698,5969.0898,11433.1321,4495.2949,6035.6045,10944.7907,12415.7556,1728.2666,6336.1381,10529.8394,3634.8488,2411.4947,9303.9895,2618.1996,3507.4594,6460.2830,5720.3719,11581.5192,8075.7663,10491.6137,6499.7854,0.0000,8275.9723,2877.7263,7329.5628,8105.8818,8641.1639,8019.2233,4666.5388,6829.6320,9402.8043,12619.2453,10373.4105,10463.3532,9038.6359,4566.8356,13403.3657,9667.0165,5139.3739,12986.8376,6653.4602,3401.8905,7771.9161,12311.2845,9464.5699,9866.4285,5076.7843,8780.6857,385310.4889,405868.1394,395587.8224,390854.6814,398152.4041,397991.7385,402799.5107,396651.0700,336251271.2965,336198780.6218,336225300.6702,336239923.8622,7433.9131,12224.1456,5905.5007,9502.7021,3254.4208,6925.8236,9125.6049,9708.5653,4180.8870,6099.7891,4936.0407,511.3498,8502.0710,4144.5790,13461.5540,2325.8338,4731.0699,6999.4876,4745.0892,13791.1002,10152.8637,7870.3395,12190.1624,7779.6971,7540.1503,4251.0735,13480.5658,8000.9437,5102.9471,8061.7412,8320.0763,8256.4605,1649.9965,8228.4822,10873.2886,1940.2491,13061.1532,8011.0168,0.0000,1723.4109,9020.5386,2936.3367,12466.8993,12752.1013,8304.2831,4742.1391,3517.2251,12239.0082,12529.3182,10990.6305,4790.2717,5432.7939,6743.3592,12579.4751,3874.6731,3919.1684,9301.1401,2049.1179,8553.6838,8804.8487,12978.4434,12140.7113,13359.5064,8184.4712,10666.8683,380896.2456,401404.6900,391099.6059,386467.6208,393733.2025,393432.3641,398294.2271,392179.8461,336255271.8948,336202781.1501,336229300.8840,336243924.4843,10784.1169,7852.1349,11894.8672,5601.3291,8443.4930,10214.6394,4480.4098,5693.3595,10014.1106,11031.8898,7486.7917,2931.4078,10212.8696,9951.8950,8833.7195,4928.5111,3795.0604,3076.0183,10990.1900,8282.9947,10575.2463,13258.7978,11421.7272,7144.4337,3767.9325,11568.5473,2674.3163,6812.3676,12366.9541,4253.6227,3121.6729,8271.6578,1090.8410,7535.3066,7355.5125,12366.5011,10894.0696,0.0000,8421.6765,5711.1289,9485.7705,8007.8115,10464.9066,2757.4966,8698.4604,4718.1494,6859.6827,13725.6147,13225.4210,9118.6596,11297.9290,1184.9987,11194.5664,10144.1371,3712.0540,11061.3301,5824.8725,8422.4996,2553.3042,9785.6429,6712.8001,10628.2267,9893.5875,4629.0318,380988.4375,401379.2404,391143.0683,386402.8275,393676.2262,393584.0333,398420.8746,392237.4007,336255784.1225,336203293.0871,336229813.3436,336244436.4394,8506.0444,12497.3989,12904.5402,7442.8153,5287.2623,11306.1585,10271.1444,13444.1017,11165.7139,11944.0199,11521.7379,10810.3505,5447.4857,12785.4491,10061.2295,12292.4054,11908.8362,5734.6651,4351.2757,7015.7546,5017.7653,13046.7689,7250.4134,12273.6545,3206.2091,9110.2929,9270.1085,8698.0494,8001.0267,8666.8538,11560.5359,10153.8418,11841.3199,12869.9492,2899.9778,7028.5635,0.0000,12731.7232,6552.4779,11367.7516,5082.9811,1446.4212,11596.3983,9452.5115,12575.8729,8137.3342,7343.8927,6132.0478,13496.2995,10849.8287,10447.8472,10637.4835,12623.8235,11557.2197,12876.9436,12486.5038,5942.2132,11118.7872,9485.4844,8414.3034,3247.8695,6334.8184,10027.5522,391023.7296,411224.4040,401010.1332,396352.2317,403574.4459,403420.0374,408334.0843,402149.5160,336245609.1427,336193117.7483,336219638.0048,336234261.2542,12550.4082,7875.7319,1298.4417,4208.0231,11070.6407,3038.1029,10689.7138,6806.9026,5440.2764,10008.1303,5261.0911,11640.1292,7584.5105,3445.1404,9751.6443,7178.8919,12241.3846,5383.2348,3716.3473,9944.0209,11553.8396,2328.0404,7286.2767,10918.2251,6338.4988,1377.0672,7029.5826,5411.2909,6243.7153,4879.2441,8089.6868,12817.4400,7534.8417,10285.0984,4179.8705,0.0000,7214.7353,5195.7001,5303.4413,9811.2270,9268.5555,9870.2439,2010.8577,7390.7185,11310.3482,11765.6520,8829.7479,9838.2197,6803.4606,6771.7594,13860.7630,8197.4438,6090.9152,12677.8586,6628.7165,3125.8364,9806.9580,13367.6963,11379.1785,10660.5526,3214.4183,10845.9726,386096.1415,406682.5168,396379.1580,391690.4265,398981.7697,398742.2411,403564.3305,397440.5221,336250259.0471,336197768.4538,336224288.3132,336238911.6977,9116.8461,12669.9401,12739.5512,10058.4674,12090.2259,4238.0515,8177.9093,9718.6456,10509.3211,9469.1715,11398.1790,7724.7208,12231.6419,9292.9821,10668.7711,10684.7777,13648.2830,11972.0171,10077.8152,2312.6959,13323.8943,10426.3183,11480.9427,12979.3231,12423.0284,9239.4688,13365.7797,13056.5502,9900.7679,12079.2909,7996.5962,8312.2293,11249.0881,11742.2541,0.0000,8213.4980,13476.2910,9416.9674,12923.3841,12722.9745,10549.6298,11575.0849,9881.7518,11681.6818,7811.2355,9930.8665,5677.9917,8280.7508,12041.8167,6059.9500,6781.7692,10867.4512,1589.6856,9772.5701,13340.2111,11038.7555,8653.3509,11553.3888,12043.4778,12551.4825,11202.1402,381598.2097,401560.3096,391345.5765,386856.2653,393999.7088,393665.7004,398698.4612,392542.2349,336254586.0716,336202094.2543,336228614.1619,336243238.0120,8834.6915,10932.0099,7238.9244,5406.8281,5681.9494,7527.3283,3653.2520,5958.0239,7095.4950,12825.4984,3959.9290,5442.4611,4120.7005,2679.2909,13273.1264,10945.2190,10159.0493,13372.2328,7709.1429,8779.2216,2033.1663,13634.7952,7199.1096,6809.1982,10390.3540,8118.4655,7577.9939,4818.0187,6516.6013,8572.4291,2156.9172,13722.4628,10326.8808,0.0000,3563.4436,9199.1370,5996.0760,11891.0755,13083.1348,5743.0251,7336.4949,1074.4925,10758.1746,13253.8503,12643.3297,4315.5984,8009.1573,5371.0171,11356.1537,5582.2429,2806.1522,8384.3887,1517.1579,9967.4626,6441.6272,11515.5122,10579.3219,13288.2416,10195.2629,8615.5378,378856.6554,399275.7745,388999.7706,384348.0758,391604.6418,391365.1559,396236.0356,390095.6722,336257467.8654,336204976.9209,336231496.8243,336246120.3062,2938.6226,11399.9743,4205.8347,11221.0741,7127.1749,6467.5124,10495.6873,5726.1059,11012.7907,8393.5215,4479.5777,10400.9137,8087.7965,11579.4607,4476.2741,2822.2090,9002.3431,11857.2326,2054.3770,8243.4363,10022.3477,6705.3689,2582.0965,6616.4933,5553.3514,6514.1621,5834.9315,8528.4061,13013.7668,8461.7238,9284.7915,3327.0223,0.0000,8088.7101,4943.0054,6008.8061,9240.2938,8299.8955,10386.4777,2740.4106,8376.4929,11098.8710,11073.7498,7952.3926,10513.9295,7018.0885,7424.5666,13683.9454,8801.6120,7080.8979,12896.9239,7676.9177,2078.1942,10244.4137,13132.4563,11204.8563,9821.7881,2010.1062,10983.9307,387290.8872,407846.5160,397549.7952,392865.1936,400150.5787,399915.2340,404745.7002,398617.6911,336249077.0152,336196586.3608,336223106.2493,336237729.6249,12387.9952,6952.8738,12239.5575,7953.9271,8698.9017,11863.4263,7017.7581,9863.0187,10097.6706,7118.5822,11983.5422,10269.7415,10223.9756,3806.0965,2167.7784,6715.1226,12343.4760,3969.6066,10465.9263,8113.6460,8346.3319,5441.9139,5888.7833,7010.4277,8022.1654,7969.2018,10048.2209,13529.3909,10429.4059,7001.0961,2429.8026,0.0000,9940.5243,5800.8571,7692.3523,8554.7614,6455.4138,11814.9251,5009.5639,10587.3935,11046.1731,9325.1821,5848.2272,11871.7399,7642.9519,9375.9955,13214.3537,10060.2034,9425.5168,13208.9828,9965.3822,2438.4822,11569.3735,12687.0074,11222.1311,8188.8744,1190.8421,11682.7208,389739.8578,410199.8206,399919.7585,395258.5134,402522.8632,402284.2201,407145.0158,401008.5555,336246621.3955,336194130.5515,336220650.4880,336235273.8871,9348.5961,9404.4342,12391.9632,9894.4917,1787.5391,12179.3029,8388.4382,10135.0446,8741.6017,3303.5139,5966.3090,9158.3133,10460.7917,12815.2825,13150.4976,10332.5715,10384.6835,6380.7592,10800.4707,6377.3881,10288.1857,13499.0304,7635.6403,6576.3503,10705.7023,4193.1815,3369.6762,8844.7073,12041.4076,12988.8104,0.0000,9965.9594,8534.9128,11568.0078,7829.3098,10665.6065,2055.5676,11584.3800,6929.0783,4880.9878,12660.9541,13642.1875,9093.0703,12626.7011,5516.2046,7875.7522,11027.9074,6961.3468,8930.1123,8174.9058,11172.5635,2003.2348,6341.0453,4563.2757,9952.3601,12317.3815,2169.0273,380144.3104,400276.2598,390090.1609,385395.5827,392616.6968,392542.8339,397450.9561,391237.9150,336256713.1128,336204221.5586,336230741.9676,336245365.1019,9526.9273,7299.1405,3852.5763,7974.7656,5848.4577,12122.6788,6326.6646,881.9289,7484.3514,4458.8452,12845.5030,7045.0135,6470.0144,11820.0166,10904.8379,3967.7024,4534.6323,12182.2402,4962.1336,1681.7747,8811.3306,4831.3145,5124.9288,3993.0605,6261.2617,11446.6269,5621.9923,11962.7153,6853.1162,0.0000,5798.8960,5553.9910,5215.6617,10204.9587,10715.0445,7781.6495,3533.0007,4727.9691,10763.4320,13036.4154,10882.2191,8390.1864,7533.9879,4574.3550,13492.0983,7532.5115,3283.4098,11865.0283,4153.9533,5454.8542,7872.2611,12947.8702,10743.4765,11720.7517,6081.1421,9519.8782,383176.8314,403765.3241,393466.2772,388761.7894,396057.5933,395841.7838,400655.7703,394525.5407,336253236.1083,336200745.5056,336227265.4049,336241888.7455,6338.2702,6445.0039,9143.3967,7301.9931,13034.6914,4117.3660,9780.9139,7311.0486,7894.2261,12788.6312,13224.1224,11117.9876,11876.1065,2289.5181,11875.1287,7442.8010,13308.0804,11384.5766,10233.1230,9056.7928,11966.8572,11596.7770,6893.3855,10555.6358,8538.0130,4582.5232,13037.4566,11007.5936,0.0000,4597.9546,12468.3736,6759.9270,13528.6906,13773.9564,9074.1230,9488.6446,6650.7762,12275.3574,10575.3576,11149.9855,1543.2612,6729.0902,9992.3643,8982.5864,3726.2712,7996.8432,3889.2384,6342.4512,12366.3804,9769.7885,10696.0537,12106.7366,13550.7523,11689.2149,10917.8174,379427.4404,399610.2227,389353.4616,384819.5808,392009.4879,391668.5437,396638.2185,390504.1148,336256669.1412,336204177.7602,336230697.5443,336245321.3564,4752.2116,11727.8328,1765.3469,13393.4791,4078.1942,7962.6381,10427.3223,9005.6910,13232.9368,10486.3454,6107.7098,9295.6387,6606.4819,8698.1420,8654.6056,12325.0922,10982.0842,7030.5139,3917.7482,10731.7685,11030.3170,3904.0501,11496.1969,12554.4748,5646.9086,11188.5689,5909.7761,0.0000,4343.9611,10680.7895,2420.4615,13217.7840,12087.3785,11613.6932,4990.5005,7992.4092,13697.1848,9593.8972,7578.5330,6040.5112,601.3139,10362.0309,12218.5978,3010.9191,8233.7797,8829.7042,6761.4357,8772.8815,11988.7796,13342.9171,13678.0048,12775.3239,7157.0865,13058.7452,384160.5095,404571.0256,394264.0818,389711.4333,396941.5362,396551.2705,401467.9557,395369.6830,336251800.0477,336199309.1407,336225828.7293,336240452.5739,8685.9509,3809.2474,13373.3289,2627.1918,4461.9670,7278.0476,4911.3889,13714.2070,9809.0623,7421.2487,11952.8735,8030.5697,7142.4963,4467.5722,13301.6281,7879.5906,4674.8685,7763.3122,8105.1932,8113.2017,1207.0685,8251.1703,11108.7842,2426.5207,12835.2427,7572.8661,0.0000,2066.4921,8749.2699,2620.6252,12320.6044,12508.4840,8490.4606,4242.0477,3814.1826,12243.2258,12415.2854,10714.9308,5188.9878,5222.2593,6734.8281,12724.4326,4026.6977,3993.9401,9574.2641,2362.5769,8139.7465,8946.5224,13075.4350,12158.9979,13186.2452,7735.5312,10758.3500,381350.5114,401871.8319,391564.6048,386929.7961,394198.0581,393897.1719,398755.2695,392642.1738,336254819.2881,336202328.5701,336228848.2999,336243471.8937,11324.4826,9381.7639,9224.8619,7347.0402,2190.6257,4351.7656,10234.4155,10029.7148,12168.8194,13477.5190,10393.8817,9436.6345,4816.4585,11497.9786,5237.2699,9079.2878,13138.4718,6668.5069,5545.7858,9569.6542,2966.4609,4872.9985,7764.3099,12541.5423,12390.2736,0.0000,8964.3468,7819.1437,10601.7219,8305.2450,11024.1631,275.2743,10537.0435,5483.9433,5927.8647,13267.9320,13710.5583,8549.0963,12008.9013,3997.3473,9212.2338,10344.1865,5404.2351,9420.0820,6812.2766,10447.9228,832.5822,7883.6518,5659.6359,10634.7521,11651.8146,3090.6071,379770.0591,400005.7055,389797.9800,385088.5602,392329.9045,392243.3171,397124.4892,390924.6122,336257027.0778,336204535.7313,336231056.0635,336245679.2014,13357.6699,4190.5558,6583.6455,10150.2956,8229.2320,13394.9236,9495.5763,5130.2923,9678.7774,7924.0768,7324.2187,7920.5574,12354.3932,9923.1773,5473.7277,4361.2037,9581.5772,9971.5818,2710.6237,10704.7634,12810.6968,5409.6094,11286.0569,5061.4697,0.0000,4198.0289,9567.3158,1258.3943,12740.0936,11740.1540,11187.0604,3339.1852,7356.5689,13428.3978,10447.9845,7964.0766,6686.6693,1947.1127,9405.5650,12964.2710,3865.4786,7290.4976,9943.6276,6043.1627,7554.2117,11503.1208,13701.6169,13421.9684,12638.4873,6059.8289,12713.5294,384356.1668,404846.9074,394531.6498,389944.4310,397195.7708,396831.5432,401717.1038,395619.1117,336251663.7789,336199173.0254,336225692.6374,336240316.3882,13709.5314,11664.4982,10606.6566,11703.9381,1598.8217,7836.8978,11208.1045,7955.8623,12595.3650,10294.0653,12145.1662,3338.7100,9301.5611,11832.8966,11949.9079,9029.9595,8970.8935,13447.3562,9097.1529,8206.9144,13366.3010,5446.8301,11230.5665,0.0000,13700.1132,8284.6883,13547.3528,3384.5099,4272.4682,9571.4465,12490.4865,12559.4707,4218.2717,8128.9907,9617.5721,13314.5753,13240.3159,10235.9027,7132.8174,13716.0132,11922.7542,11295.0908,13035.4200,9735.2331,9018.2845,4895.4259,4487.1052,2389.7210,10594.9727,6923.1911,388160.1707,408133.5251,397977.9499,393319.5938,400505.6615,400430.4004,405387.2283,399160.0852,336248767.7285,336196275.8564,336222796.3812,336237419.5121,6832.2453,7466.6548,6168.8428,13786.8658,11446.3424,8676.0966,11900.4450,5759.5587,9238.5642,5621.1147,13631.7939,9672.9189,7032.9091,7646.4540,10030.8030,9904.9221,3015.4282,9563.6220,10574.9609,1825.5919,13110.6337,8678.5662,0.0000,631.3194,10596.6273,3197.5956,13280.8606,13340.2954,9064.1883,6143.5451,4718.5812,12797.2916,11710.3502,10675.8451,2943.7522,4646.7700,8354.5855,11700.5835,1799.6374,5675.0912,7641.3246,3571.9880,9976.5097,9666.9432,12655.8554,12680.3405,13720.5348,9246.5842,11322.7147,380455.7784,400871.5521,390573.3803,385988.5114,393227.8479,392885.7767,397786.8431,391675.1610,336255609.1491,336203118.2310,336229637.9122,336244261.6502,7046.2361,4068.2329,12470.6386,6733.4931,6887.1023,11925.8833,11163.9556,3830.1945,4272.3270,11914.8621,4103.4002,2127.2709,9336.7399,4065.5711,4286.1386,4728.2029,5461.4382,11007.2685,5962.7630,11849.1225,7283.9992,0.0000,6307.5124,4953.3095,5959.2322,9617.7671,10396.3710,7156.9328,4248.0980,4646.7021,10107.0015,13128.2541,11143.1217,8664.3556,8188.9660,3780.9688,13254.5170,8074.3434,2999.1942,11926.8235,4355.2770,5410.6413,7185.2102,12525.8032,10084.9334,11351.7276,6355.7312,8822.6492,383103.4669,403675.2093,393384.6615,388668.2826,395964.3589,395772.7843,400584.8185,394446.2271,336253378.0905,336200887.4472,336227407.4086,336242030.6918,3373.5214,11228.5703,10810.5137,11894.3184,13537.5223,8832.9066,9699.8920,3546.4982,12344.6182,6223.2198,8753.7353,12380.6592,7575.6613,6590.0328,8274.6764,4337.7965,5187.2238,5941.1532,13086.8097,12076.5282,0.0000,7234.1022,8742.5671,9304.7494,9818.6455,12011.9211,2041.0825,9875.3549,3909.9844,7663.9203,13121.2195,13488.9908,6593.0711,10782.9806,4491.6930,9259.9585,8655.4308,4500.5730,8155.0684,5261.0484,10770.9081,2935.9291,8675.8384,7404.3448,11709.1715,11601.5386,5056.9845,378759.1327,399018.7065,388793.4582,384114.3217,391352.2724,391210.3846,396100.5818,389917.9674,336257858.5960,336205367.3096,336231887.5022,336246510.7824,12446.3801,9449.5987,9983.3809,13381.1283,9661.7707,7430.7450,699.6957,12819.0670,4764.3127,5970.8464,11179.8607,5919.5402,5206.1633,5919.8238,4083.9917,8244.3496,4522.5222,13184.0812,10255.4094,0.0000,5701.2410,7248.0734,7267.5185,10207.0137,11910.3149,4100.5309,7353.3190,1684.4963,9169.7648,13651.7586,12901.9336,6715.7425,9388.4584,2788.2949,11577.6833,7706.1673,1236.7060,9885.1004,2879.3926,8806.2831,4570.3401,10992.7547,9006.8422,12192.6483,9652.6727,6922.4873,379757.5404,400202.3267,389937.8841,385236.3057,392509.0432,392338.1831,397181.7561,391024.9098,336256765.7719,336204274.8616,336230794.9113,336245418.2025,8733.1015,11410.2701,7195.9939,12077.6035,11117.7122,12821.5471,2930.6479,10478.1254,12512.2538,11609.1795,10200.5256,10168.2788,13730.8732,10218.1761,8421.2828,13617.0163,4884.7058,11358.4030,0.0000,13849.7710,9423.9161,13668.4523,4891.1678,4798.1268,10424.6524,12882.8963,13127.7414,5458.5860,6941.5749,9022.7448,13243.3300,13045.1585,11257.3651,6335.3418,13593.4906,12645.9494,10729.3313,13515.3148,10441.9839,9975.8437,4643.5699,5672.5318,2797.8237,10968.8453,7965.0249,388487.1113,408400.3053,398248.8439,393622.7824,400791.3128,400686.6585,405669.7715,399445.1648,336248368.6144,336195876.6290,336222397.1159,336237020.3409,5688.9399,8254.5232,13552.5967,3420.9400,9878.5387,7095.4131,5979.4663,5983.3389,9068.4428,4473.6129,5512.9238,9503.7716,7792.7029,12130.8746,11186.2133,7049.0774,6025.4494,0.0000,11187.1605,2845.4846,9769.9987,5521.0018,4724.9337,10019.3809,7009.7787,10341.2074,8367.2982,10546.3536,8331.3765,12776.1599,10313.8505,7626.3026,12624.7299,11822.6933,8891.7656,13747.7833,10235.3123,2489.3924,9516.6017,11212.1196,8584.3879,6438.9533,4406.7863,9243.6129,389117.2992,409536.0653,399287.2038,394568.0833,401840.0628,401705.5206,406548.3368,400379.1656,336247553.2265,336195062.2694,336221582.4608,336236205.6016,7124.7542,11266.1307,4677.8261,10035.9672,9481.5014,9069.8513,4989.2473,4296.6198,7953.6831,8851.5511,6501.2682,10618.8812,13797.7802,9284.4533,8175.6023,529.3124,0.0000,8558.7136,7089.9065,5959.6263,10165.6007,8210.9153,12089.6123,3613.2385,9962.7129,12199.4163,9383.8712,5646.2240,10713.0274,5777.1211,9673.6348,13448.7771,8498.1262,9025.6810,12539.2772,9081.2402,3760.2639,12007.1695,13372.1560,12327.2439,9726.9828,1389.6319,12464.9386,388759.3352,409250.7616,398952.8301,394318.7634,401581.4656,401289.7630,406155.9230,400037.4146,336247454.4187,336194963.6527,336221483.4482,336236106.9835,10764.0692,9842.0489,13507.9334,5087.8944,12236.2669,10837.3014,6063.0885,11380.8921,11924.1440,11355.9100,12906.0127,12615.4399,12625.9913,3037.5549,6783.7219,0.0000,12084.1059,10232.3410,10549.7456,9167.8012,5996.7700,13540.4887,9875.3325,13437.7533,11051.9628,3267.4185,2242.2099,12362.6542,8837.2354,12911.8773,9805.6220,11045.0233,12968.0685,11017.7119,13012.2599,8549.2724,13366.7406,10198.4443,11235.1104,6399.5179,7426.2738,12560.0701,391055.6945,411154.3236,400930.0880,396374.3506,403555.2188,403277.3181,408256.7714,402097.1185,336245246.7905,336192755.2244,336219275.2430,336233898.8521,12659.1947,9296.4407,12570.7411,12555.6299,11336.9068,8542.0624,12965.7652,12688.9300,8223.3987,11796.9368,8873.8614,6554.3036,12162.0188,11061.2492,0.0000,6305.3655,13214.2924,7729.8343,13606.7382,13417.5716,10373.5276,10336.2526,8591.3952,12512.9180,9013.6688,10160.5489,3764.9939,6830.3935,11421.8449,7993.1409,4746.4426,9728.5899,2752.7012,8255.4839,12852.7591,10965.9058,10208.0610,12375.4804,13048.9743,11946.0751,11642.6470,380758.3638,400841.9790,390598.8037,386100.3897,393265.5522,392903.7510,397908.5497,391771.3134,336255318.1607,336202826.5914,336229346.3784,336243970.2676,7744.7134,9798.5127,5026.5470,2727.4672,8372.4105,3690.1194,4776.7678,6824.6432,7100.7820,12390.1557,8909.7253,9495.3788,5166.1542,0.0000,8863.3767,3085.0719,7361.0377,8025.0497,7799.6077,9334.0112,4276.1865,8119.8237,9892.4190,11855.2603,9199.5227,11100.9067,8656.5798,6135.0155,13591.2926,9909.7505,6557.2842,13343.6035,7755.0461,1732.2975,9056.8388,12590.7830,10004.5288,9280.2831,3546.4868,9737.2053,386902.7149,407454.1311,397171.0274,392451.1543,399744.5236,399565.4116,404380.8151,398236.8333,336249628.3309,336197137.6518,336223657.6688,336238280.9004,13174.7513,5411.9284,6078.1882,11038.3938,6496.5303,5842.8598,5542.2538,4769.2406,8455.5524,3920.6538,13459.0220,10289.4979,0.0000,5146.5232,7776.6427,6900.9733,10760.1231,12330.3452,4567.1116,7274.0726,1006.2729,9711.1771,13706.5473,12942.1605,6197.0546,9067.9788,3471.4714,11695.7198,7213.4053,1276.7556,9652.1525,2292.3395,9104.8861,5115.5355,11293.3724,9543.5532,12614.8659,9796.4313,7465.0575,379427.9400,399878.9320,389609.2336,384917.5882,392188.9202,392000.4934,396847.2378,390695.8233,336257042.4992,336204551.6052,336231071.6112,336245694.9480,10476.4028,11482.7480,10020.7578,9766.7808,10088.1620,13076.2560,10852.7294,10541.5146,13691.6393,2224.8907,9403.4350,0.0000,13676.7236,8609.3983,12843.3124,5066.2692,2645.2513,11636.4847,11615.2202,13443.5436,7199.4420,6079.3307,6979.3874,13661.5012,12034.6299,11537.7950,8437.8207,13323.5007,12735.7071,11823.6351,13554.6403,8746.4433,11179.3859,7278.9652,7466.7602,1574.0165,9033.0249,9555.3740,390512.4817,410530.6155,400352.5363,395725.5693,402911.0465,402771.5818,407734.8048,401529.2323,336246206.8953,336193715.1276,336220235.4991,336234858.7698,5529.3381,11640.7662,1640.4557,525.0730,8337.2575,2362.4621,9233.1181,8500.6796,11157.2173,9455.0609,0.0000,9240.0568,3210.6937,9427.7666,6734.3612,8866.4594,5138.6930,7698.4622,6274.4800,6883.7584,13312.6886,12201.0694,10528.9503,11138.6249,2086.1990,12082.9382,10824.9874,4712.8893,12416.1056,6903.9569,6275.8150,4658.9236,10447.5666,6871.6102,9456.7874,8135.5968,5691.2776,383420.8904,403869.1060,393624.9732,388868.0311,396154.3389,396068.3335,400886.6204,394707.1143,336253382.9166,336200891.9985,336227412.2561,336242035.3005,7877.7087,4884.4146,5534.9462,4378.4396,7176.8716,12230.7878,6701.6755,11055.9314,5419.1951,0.0000,6584.5354,5101.6698,5192.5187,9901.8508,9875.6817,8917.2772,2469.1710,6232.5017,11013.1964,12402.0237,9811.4541,9244.4458,7140.7039,5691.8367,13748.3493,7923.5153,4846.1210,12389.5474,5543.5983,4039.4791,8904.2905,13199.4364,11045.2803,11109.3492,4518.9744,10207.0770,384813.9034,405408.8731,395106.7383,390407.5191,397702.9013,397476.6915,402292.0705,396165.3953,336251575.7328,336199085.1500,336225605.0301,336240228.3853,10931.8414,11509.6872,6814.0863,12511.4806,13492.4466,8911.8085,8391.8492,3831.3731,0.0000,7850.6179,10287.1240,5524.4048,12058.4597,9876.3829,13082.8416,5823.1527,10634.6035,13388.2647,7172.5806,3999.5562,9138.8968,3338.5409,11687.0305,12062.4451,6599.7154,10405.5620,10222.5169,9624.5077,7664.1810,13216.7099,12995.9408,13464.3692,10772.6064,5541.1670,13610.5868,387920.6503,408265.2366,397974.0726,393427.0950,400645.0641,400268.7206,405202.1029,399093.5513,336248084.9501,336195593.9111,336222113.5762,336236737.3852,1232.8391,8331.5774,3896.0545,10235.1803,9098.3325,10280.6495,8366.8531,0.0000,9613.8619,1661.7259,9265.8672,6273.5929,7881.1768,6590.6205,7036.7790,7245.5774,7296.3497,12819.4327,11310.8321,11166.3263,10811.5268,3527.0391,12501.0409,11027.7688,5588.6183,12984.1480,7592.8972,4823.6276,6093.3198,10879.3453,7360.4501,8782.4546,6883.0840,6726.8755,384969.6022,405441.0564,395190.8399,390435.3586,397724.8593,397628.5948,402443.2907,396268.8478,336251808.3608,336199317.4947,336225837.7269,336240460.7796,8507.8530,2692.2125,9358.7000,8801.3586,10775.3834,9238.2415,0.0000,9485.9921,2734.0640,9538.6054,6322.0910,8412.7765,5466.5386,7681.5828,6677.7491,6703.9816,13083.1552,11932.9440,10783.9417,11159.2298,2575.9221,12037.3090,10994.4536,5111.6349,12537.6529,7252.5523,5941.4439,4941.7025,10347.8362,6717.8767,9050.2929,7870.8768,5744.2530,383931.3029,404372.6487,394130.3941,389373.5287,396658.6770,396574.9271,401394.7205,395213.9428,336252881.9749,336200391.0433,336226911.3119,336241534.3488,8951.6163,11824.1704,3420.9866,12422.6953,6627.8640,0.0000,2618.1507,8770.2401,1565.9113,12427.9556,12250.5057,9387.9802,3360.1646,4958.7517,12667.0019,12001.3530,9960.4899,5794.8471,4327.4623,7445.4701,13036.1901,3945.3301,4923.8960,9945.1934,3544.3656,7652.1575,9779.3263,13451.2221,12612.4528,13056.2327,6953.4383,11423.7450,382350.8607,402886.3037,392572.7455,387946.6028,395214.8389,394895.6405,399754.8243,393648.3242,336253775.7634,336201285.0815,336227804.7676,336242428.3986,7305.9290,8178.6090,11789.2549,10935.6819,0.0000,9183.0265,5236.2801,10076.2047,7046.7452,9723.2784,2883.5001,9086.7135,5682.8724,5910.9201,13423.7341,13037.8520,9775.6735,11716.0627,1857.0146,10855.4476,10762.2650,4645.8755,11272.1267,6735.0000,8245.4568,2338.6027,9190.3627,5782.5743,9824.7415,9851.9057,3863.4662,381704.8894,402062.1506,391836.6406,387091.4749,394360.6419,394287.6725,399128.9708,392937.0911,336255134.4045,336202643.2986,336229163.6173,336243786.6685,9668.9579,11751.9981,13845.8563,0.0000,10607.4870,10806.1439,12339.8312,8994.9923,11220.5584,5085.6315,12974.6341,8663.8368,5868.1679,11318.5265,13309.4584,8780.9320,12748.8962,8402.7881,5079.5033,11012.1914,9149.9113,6780.3713,9683.2026,12863.9032,5285.9932,4364.8842,5565.9352,10055.5489,13547.1138,4587.0405,380084.3761,400043.3107,389879.4269,385247.7916,392425.8871,392313.9691,397284.0376,391065.4128,336256700.6941,336204208.8089,336230729.2094,336245352.4954,13444.4510,9374.5377,0.0000,1445.4535,9908.3238,4286.9039,12688.0854,13261.9943,7578.3600,6477.0109,2965.2481,11919.4385,12478.4405,11616.2938,3130.9553,6179.6063,6949.7059,11570.1143,3538.5101,4181.1347,7895.6811,1995.6317,9890.9216,8228.2334,12183.0239,11773.9473,13577.8317,9603.5594,10131.0052,379585.4753,400012.1840,389721.8878,385105.7929,392354.6988,392057.3325,396942.4821,390819.1296,336256587.8168,336204096.9053,336230616.6787,336245240.3029,8007.0424,0.0000,13196.0267,9015.1868,11959.1014,6717.1535,3385.9869,12643.9389,10760.9261,13605.7104,8994.6382,4886.0956,4977.4399,13416.4314,10816.3989,12155.3861,9322.6897,12596.6595,12919.7356,11855.2394,13470.7570,8215.7597,12283.7225,8803.4426,9238.0940,3561.0529,7948.4924,11018.4858,391322.1491,411388.7498,401189.4398,396586.9912,403774.2030,403579.9208,408545.0475,402359.0352,336245221.8254,336192730.1700,336219250.3977,336233873.7934,0.0000,8599.0696,7493.0143,5970.9934,10343.5244,8260.1429,12316.4050,3904.7203,10180.1529,12355.4645,9025.2778,5210.2545,10665.5408,5539.0521,10018.8647,13316.9764,8390.9266,9316.2119,12368.8655,9279.4368,4214.0337,12250.0285,13343.7056,12483.2165,9733.3110,1842.3362,12666.6001,388898.3066,409371.6987,399074.6544,394451.1979,401708.4228,401406.4568,406280.9525,400163.5857,336247288.3849,336194797.5855,336221317.3664,336235940.9336,0.0000,0.0000,0.0000,0.0000,0.0000,0.0000,0.0000,0.0000,0.0000,0.0000,0.0000,0.0000,0.0000,0.0000,0.0000,0.0000,0.0000,0.0000,0.0000,0.0000,0.0000,0.0000,0.0000,0.0000,0.0000,0.0000,0.0000,0.0000,0.0000,0.0000,0.0000,0.0000,0.0000,0.0000,0.0000,0.0000,0.0000,0.0000,10235.2755,3094.3209,13118.3900,13271.4427,8791.0625,5837.1285,4250.9024,12662.9395,12021.2037,10868.8948,3328.1880,4906.6710,7901.2590,11949.4250,2381.3588,5149.7720,8069.3363,3018.0655,9687.1134,9383.0408,12755.1129,12546.5389,13701.7746,9061.3322,11124.4858,380410.7769,400852.8497,390552.5327,385954.6224,393201.3506,392870.4666,397760.5487,391648.2171,336255680.3376,336203189.4683,336229709.1627,336244332.8639,9469.0243,5484.3212,6510.3078,7777.2639,6945.5942,8423.0442,7320.3509,11964.9585,10249.8496,11803.1914,10667.6750,5044.3440,12433.1004,11369.4103,6826.4794,13262.1334,8600.3645,3680.4638,7242.4674,10801.3033,7456.7661,7663.6620,5895.8521,7407.6488,386572.0239,407021.8906,396774.2173,392028.0966,399311.7662,399208.4203,404032.0855,397857.4574,336250188.8296,336197697.9241,336224218.1588,336238841.2253,12809.4545,12187.6463,10444.7127,3454.0309,6279.0685,13227.9462,11165.1960,8971.8434,5924.9782,2829.7840,8691.9741,12941.6644,3344.5978,6333.3519,9705.5215,4903.4474,7864.2044,10822.1915,13619.3924,13193.1300,13009.4966,6699.5565,12243.8761,383206.7952,403712.7042,393397.2007,388798.7370,396055.3695,395703.3723,400580.7473,394480.7133,336252839.9601,336200349.2309,336226868.8594,336241492.5799,3884.5280,8445.4228,11096.1454,11365.6957,3686.8858,10205.5009,10347.0922,13420.0156,13114.2156,8144.6435,9542.5599,13647.8169,10321.3738,12683.2230,11883.4215,7699.5980,7713.3629,7116.3108,4017.0018,3565.8455,9217.6525,5970.9180,387871.9019,408021.9761,397841.8448,393124.2065,400352.9988,400308.8304,405204.4277,398985.2220,336249113.7884,336196622.2640,336223142.7777,336237765.7732,11125.5210,10327.5467,12712.8807,7055.3404,7876.9828,7335.7287,13837.2190,11816.1188,10265.1607,10191.8060,13279.6320,11692.3740,12963.9139,12793.1262,6695.0770,10573.3192,8672.4886,7357.2229,2077.2141,7443.2755,9209.8166,390674.4394,410833.0675,400634.4955,395963.1478,403181.9206,403062.9106,407978.9137,401780.7301,336246075.1284,336193583.6395,336220103.9947,336234727.1657,10387.8917,5248.0323,6149.4519,13359.8886,13730.0432,8438.0068,11903.4080,3813.9592,9399.4047,10217.1313,5167.0170,9465.4416,6589.6487,10379.1859,926.4673,8118.6777,5887.5815,10780.3354,11577.7698,3329.8902,379682.3761,399932.6907,389721.5143,385011.0663,392255.0129,392164.9626,397042.7927,390845.2390,336257101.4145,336204610.0979,336231130.4152,336245753.5582,7100.8739,12295.6909,11402.1508,8438.2058,8648.3255,5022.9238,7675.3769,13747.8694,6577.0091,6221.8004,11820.2146,6019.1296,4773.6480,10489.5137,13714.6085,12333.5932,11575.9446,3874.5717,11680.9282,385427.6393,406004.5679,395690.8352,391037.6588,398318.8222,398027.3283,402866.8890,396756.6971,336250782.3985,336198291.7994,336224811.5419,336239435.0696,10328.7007,13523.5648,12760.4772,5329.1014,8442.3114,4409.1807,11664.9718,6356.7222,1812.8777,9147.3359,1500.2968,9413.6183,5869.3020,11536.7488,10159.3148,12991.9752,9862.8014,8144.5276,379191.1569,399638.8355,389363.3280,384690.0649,391956.4033,391740.5714,396596.1775,390452.0138,336257199.8284,336204708.9348,336231228.8798,336245852.2898,11076.4836,12182.5558,12229.3149,13723.4666,7503.8343,7661.0883,13313.5335,9711.9654,11040.3794,11212.0508,10049.9899,5448.0466,4815.7685,355.4327,5996.0870,11444.1624,2991.5213,384630.4981,404685.7960,394525.9665,389818.0458,397029.5659,397002.9637,401920.4313,395687.6901,336252421.0162,336199929.2986,336226449.8750,336241072.8777,4420.5116,11422.7656,9220.0609,13595.0057,7580.0122,10654.8568,13457.5841,8873.1468,13221.0839,10871.8216,13318.8095,8820.2355,11189.0228,7439.1707,9824.7274,12421.7780,389291.5456,409243.3015,399040.9680,394530.0052,401676.4590,401379.6992,406406.8685,400239.1938,336247005.2216,336194513.3666,336221033.4001,336235657.1149,11524.1631,7061.1906,12724.2007,10896.1831,9717.2264,12327.2596,10969.3642,12106.1236,7958.0532,13653.3162,11532.2009,12336.4086,8086.1469,6303.0752,13269.8727,390539.7092,410734.7786,400483.0603,395934.4782,403128.9657,402806.6752,407770.0471,401631.9280,336245624.8558,336193133.4986,336219653.3680,336234277.0673,6517.0698,9015.8376,9903.9947,3192.9871,6759.6912,5224.9024,4939.7960,11771.4982,9166.8256,11247.2916,12056.6416,13773.3822,11217.2826,10632.0980,379049.4612,399315.1751,389046.1401,384486.1780,391695.7635,391366.7201,396308.5311,390178.7849,336257058.9725,336204567.7509,336231087.5232,336245711.2814,10619.8735,12216.0373,3544.9507,8607.2568,9011.9001,7235.8257,8614.1369,12244.0942,13340.5663,13718.4739,12536.7853,6886.7756,13214.4706,384742.0386,405144.1746,394838.4178,390288.9485,397516.8837,397124.5708,402044.4457,395945.9679,336251215.5571,336198724.6349,336225244.2248,336239868.0743,11722.3124,9688.5523,3032.1655,11329.1045,5286.9980,7515.3853,3670.6821,10433.5440,7399.2726,10650.5513,8979.8014,5573.3240,381543.8915,401986.4659,391737.0029,386997.1281,394278.6153,394168.0174,398994.9159,392821.4615,336255172.0761,336202681.1495,336229201.3443,336243824.4679,11342.1745,12095.8614,5684.4637,12159.6474,13440.2417,9479.7945,3179.4810,7552.9492,8677.9954,13476.6980,8230.4454,383372.7379,403166.3709,393017.3639,388467.5926,395598.7475,395416.8096,400455.8316,394241.7684,336253284.3648,336200792.1699,336227312.5050,336241936.0022,7224.9992,7038.4817,5280.4895,10365.3409,10784.6935,12654.0110,13216.9070,13617.4748,9279.2966,12147.8499,381321.6786,401683.2681,391387.3537,386836.4078,394058.6518,393682.5883,398609.3671,392502.2524,336254668.9160,336202177.9021,336228697.5344,336243321.3722,10244.5541,2321.2839,7976.6304,5534.0176,11588.0208,9586.5300,12169.7105,8722.1686,7720.2479,380483.7965,400975.1249,390698.2381,385998.7789,393278.2914,393088.1138,397923.4634,391776.4975,336255986.3136,336203495.5026,336230015.4915,336244638.8134,9248.0143,13529.3115,10011.1571,8096.5659,10870.7634,12196.5873,12993.1574,10267.0070,380422.7103,400386.0274,390177.5093,385668.3909,392817.0829,392513.3974,397537.1527,391372.3506,336255831.6624,336203339.8388,336229859.8089,336244483.5865,8987.7431,7153.9858,12256.3426,11073.7194,13232.1437,9132.1262,9275.5568,379787.3009,400272.9414,389982.5920,385324.3513,392592.9342,392340.7061,397195.4497,391065.1425,336256505.2874,336204014.4806,336230534.3296,336245157.8181,10060.3421,12494.3605,10208.8976,8380.1034,2412.2460,10372.3548,388439.2886,408950.3718,398672.3005,393968.1071,401251.1511,401061.5934,405892.5660,399747.4917,336248062.6644,336195571.9089,336222091.9282,336236715.1897,7912.3255,5199.0957,10231.6348,11403.9747,2630.7186,380337.5480,400585.8410,390379.5913,385657.6676,392903.9840,392832.4662,397705.5090,391502.7837,336256509.1430,336204017.8185,336230538.1818,336245161.2728,4724.1012,6980.1934,13071.7315,5987.3885,384039.7482,403881.7223,393742.8701,389130.1622,396284.3816,396183.5170,401185.1411,394953.0794,336252839.3649,336200347.2428,336226867.7435,336241491.0104,6295.6533,11589.9076,2698.4577,384280.1676,404333.0790,394173.4135,389466.4683,396677.4053,396650.1053,401568.4056,395335.6255,336252767.9848,336200276.2628,336226796.8365,336241419.8444,9083.9489,8490.5798,389961.2419,410009.4578,399834.3165,395177.1773,402374.8492,402271.8702,407215.4426,401002.6649,336246862.0748,336194370.3588,336220890.7971,336235513.9653,11782.9777,388903.9418,409405.0674,399113.9633,394453.6909,401724.3711,401470.0271,406322.7291,400194.6720,336247412.0232,336194921.2663,336221441.1438,336236064.5766,381920.2268,402053.2479,391875.7040,387158.5560,394385.0740,394345.9325,399243.7156,393021.4918,336255059.0829,336202567.5230,336229088.0198,336243711.0509,30742.9393,21152.6306,15784.2833,22942.3737,23049.9405,21274.1199,17799.9128,336635161.4635,336582671.2294,336609189.1253,336623814.7193,11469.2713,17870.9290,9117.5050,12655.4927,13424.5659,13215.4649,336655075.5604,336602582.5774,336629101.1719,336643727.1011,9459.2635,5987.7419,6224.6906,10707.6772,4973.4542,336644823.9281,336592331.5309,336618849.8500,336633475.8601,8802.8814,14929.7120,15636.1096,8707.4656,336640850.6045,336588358.6669,336614877.3057,336629502.7345,11178.9810,12157.0782,7290.4744,336647818.0246,336595325.5256,336621844.1904,336636469.8281,8802.8814,7506.9115,336646690.4459,336594198.1897,336620716.1074,336635342.5401,7364.3480,336652013.3957,336599521.8825,336626039.7512,336640665.9250,336646110.6000,336593618.7643,336620136.9490,336634762.8806,65910.6799,42732.1851,28161.8030,35961.8623,43800.9858,28809.7981,
43200.000,13233.0394,12881.5819,12085.0532,7359.1748,6522.6177,13721.8999,5299.9201,6889.9245,6548.8703,12168.1704,3481.9497,12047.6659,9888.5074,13391.6410,8922.1899,7445.2839,2117.4493,12024.9226,11281.0618,12291.1348,7862.2772,9065.2849,12708.2215,11458.4620,11546.4239,8661.9065,5528.5544,4023.5494,8490.9595,13026.9599,12168.7983,6455.9014,13309.3482,5533.3214,10554.0173,9650.9027,13077.7709,5430.0457,5724.0227,8125.1879,9124.6931,7981.9627,13519.5064,6566.6019,6939.3863,11824.5443,12161.2883,5764.1125,10109.7977,9898.8321,8918.7915,11976.4400,12004.2156,9541.9158,13580.8328,13237.2457,12059.5069,2268.3978,10991.0958,12044.2207,13267.7939,11541.4822,8960.0495,10038.5854,12537.6590,11651.2006,5777.4951,10247.6156,6698.3677,11045.4296,8196.2872,5903.3491,0.0000,9621.0125,11842.3178,10390.1640,13243.4078,11875.2560,8466.0279,12833.4539,11767.0557,13019.5788,10606.3589,11418.9539,3407.7487,9057.0697,9510.0139,10451.3014,6122.9037,6868.5534,2876.5045,11582.2965,13633.3329,12139.4038,6615.6127,13034.0021,13408.1155,8699.2256,10628.0278,385116.8780,404508.5917,393740.7938,391928.5404,396928.1080,397349.7594,403766.4397,399755.0690,336235875.8672,336187065.2961,336215505.4359,336223821.7696,8140.9297,4112.5209,12718.0814,12824.2730,2936.3725,13360.4994,9933.5316,10459.0212,7411.9080,12719.7248,9113.3760,7513.5576,5433.9138,11382.6416,12582.6006,13441.3512,3335.9693,10161.5696,6063.1593,9581.8907,7780.3124,7029.9606,9986.2767,10326.5298,8000.3085,12058.2973,12653.0318,9041.6826,1573.6053,7153.2190,9757.3540,3462.9566,10789.3713,8409.8850,9243.8203,1155.1902,13562.3964,10969.4792,8773.2311,8372.4253,11565.2830,2051.6425,11933.8344,9668.0972,4625.6247,8731.3806,10479.1356,11189.5766,7571.5018,7681.2177,8390.1507,7119.0914,11734.0231,1439.8778,3714.4197,8328.9892,13516.6523,5143.9863,6632.3922,6616.6159,6048.5455,7638.8772,6751.6109,5320.3430,6323.8560,10510.9064,8729.4133,12878.8961,6705.2311,11348.3120,11405.6752,0.0000,7985.9665,3706.1598,6139.0902,5733.0957,7596.0788,10445.7466,1479.5324,6693.6802,8033.5346,10625.9346,7854.5421,12021.8495,7480.4604,8083.3769,11518.5737,10971.9442,9835.6013,13592.7439,6206.5068,1374.8974,8865.6400,13381.8395,8042.5419,5792.4142,8425.5823,10870.1096,384813.8745,403731.5852,393036.4731,391449.9761,396335.4189,396509.7173,403026.5499,399206.0805,336235433.1327,336186621.4379,336215061.3334,336223378.3486,8996.5725,8316.9035,9239.3079,7031.6327,11097.3493,12607.1004,12096.5056,9000.5493,13020.9649,2551.4787,12587.6959,3874.9245,7446.4433,10313.7545,12503.9849,10388.4273,7291.0971,9718.4770,11666.7249,12218.8685,2986.4663,3291.9069,5147.7188,12311.2924,11176.8153,13122.9900,11341.4985,9142.3676,4953.4548,13183.8342,8135.5123,13820.4105,11291.4053,8470.1751,9025.3307,10052.4284,13732.1485,12090.9474,11118.2371,11313.7147,7932.6897,12427.2681,13626.5751,10920.1571,6707.0571,13745.3839,5136.1079,12515.7796,12961.8872,6991.0747,9178.3100,5948.6700,7441.6912,6431.4586,4081.6131,11907.5419,11332.0929,9892.8404,2244.6841,11062.3877,12737.5117,11184.0625,9371.2984,10556.7114,13778.3232,11221.0536,11063.2615,11348.1733,8742.4642,11692.3749,0.0000,12682.1287,10641.4893,12320.1692,4113.4186,5965.4924,12136.9054,9276.0787,10408.3631,640.5026,4841.2373,6913.2330,13181.1691,12827.1572,12458.5979,5855.8007,13564.1242,13421.1555,11466.4129,10984.2337,7211.6396,6814.1658,9466.5738,972.3841,3218.1150,11766.2959,7598.2505,378833.0101,398069.5022,387288.3871,385651.5908,390640.3168,390772.1732,397207.8804,393399.7426,336241246.0358,336192435.0289,336220874.5900,336229191.7295,11371.3351,11150.8615,6733.2388,13618.0231,7210.2583,7551.7225,10540.3680,12625.5728,8792.1406,8841.8650,5737.3325,9443.6514,13610.4364,12896.4123,3108.3957,12362.6967,9316.0074,6334.4490,5134.1570,6745.2078,9555.0222,11987.3709,5504.6635,9515.4617,12716.1166,5638.0355,5039.7780,5644.5852,7924.2926,7295.2794,10165.0199,10831.0284,6184.8196,4554.8966,13216.1875,10888.3714,5825.1577,4843.9291,13040.3172,6058.3107,12906.2230,9149.3723,7042.8035,11367.6957,9388.8497,10396.6121,9005.8358,7211.6304,11095.7406,10231.6001,10832.9979,5348.6662,3214.3131,7190.7493,12172.4368,3564.2026,9764.1002,7190.4970,8689.6715,6071.4649,3523.4754,8719.6120,9203.8518,9611.7778,11059.1548,13728.1874,9123.5211,8899.9440,8609.8359,0.0000,9348.6808,5676.5553,6502.9598,5554.8137,5461.3751,12064.3088,3589.3471,9662.9106,9181.4731,9603.4027,5194.9322,10096.5134,6596.8552,9577.2354,12557.2834,11264.7241,9912.7543,12544.5004,8923.7644,5067.4009,11489.8699,13468.2743,9325.7496,6349.9089,5228.6723,12769.2611,382982.3132,401826.8409,391165.3771,389546.7500,394398.5047,394671.7785,401212.9997,397328.4725,336237555.6465,336188743.8089,336217183.9714,336225500.7399,1370.7887,12796.3386,7364.6501,9615.4759,8398.5413,12836.1048,9355.3070,6564.2030,13520.7431,9849.6434,3013.5783,8704.1543,7469.3373,12863.0310,10228.4304,13475.2885,8897.2860,11247.5274,8305.9296,5560.1782,8612.6618,11119.4921,5334.8808,9770.2447,9125.2681,13317.4197,8032.7845,10668.7092,13207.3776,11301.6849,13176.8282,6650.8075,13199.7058,4691.0534,11525.0381,10118.2132,9580.9434,10764.9774,13105.1085,10798.7632,11999.7203,13750.4923,11033.0923,11140.7551,3593.9015,13504.0914,12687.5476,11183.3247,12877.4369,2770.1539,12756.2286,10956.3214,7052.7517,5343.9773,12504.7512,13393.0811,9145.4421,13763.5173,12107.1839,11030.3658,13447.7927,13551.1333,11277.0141,12894.7752,8850.9769,13613.1106,3897.0229,6837.6786,0.0000,13433.3339,13434.1804,13352.0837,9568.0317,7877.1316,12144.4278,12986.4761,13525.7310,8696.3048,4284.5603,7807.4466,8401.2575,12519.0692,13251.1964,7028.1962,11700.1903,12038.5882,5008.8190,13751.3621,12596.6654,11047.7222,5415.1619,8829.9681,9683.2276,10131.0426,9580.2871,378401.5456,397805.7702,387018.5205,385244.2357,390259.2728,390596.7689,397004.9527,393048.8712,336242277.9019,336193467.3109,336221907.2210,336230223.8189,13169.0249,7485.9492,8629.1698,7342.2720,13255.4289,8914.8230,7440.4601,13245.6771,10334.9081,3138.5693,9097.9656,6975.0428,12611.9838,11008.9975,13722.4599,7961.3844,10503.3963,8898.0229,6551.7159,9625.9496,10353.8679,4084.5859,9369.8357,8270.2867,13371.2889,8338.7325,9786.5187,13507.8460,10585.0150,13283.5617,6211.8785,13240.4024,4942.8794,10947.2416,9258.0011,8814.0052,10953.6842,13352.7237,10720.3887,11333.7167,13673.3177,11774.5387,10333.6954,4710.8227,13254.1362,12114.9306,11862.5260,13244.9555,3968.7163,13005.0432,11121.0091,7581.7608,4477.6156,12056.3937,13645.8411,9827.3247,13774.4240,11428.7586,10413.0559,13696.9701,13666.4869,10507.1514,13015.0200,9091.2473,13596.0789,3312.8956,5669.6190,0.0000,13171.2983,13298.2655,12950.7063,10012.9688,8022.2166,12139.3641,12938.1991,13699.9937,9626.2409,5180.8797,7767.0890,7318.7738,11912.1417,13033.3974,8115.3516,11232.2976,11501.8850,4413.7918,13791.7070,12849.3152,11790.7700,5958.3002,9767.4093,10252.5394,9317.8941,10370.4862,378886.7355,398258.1114,387484.7312,385701.0095,390701.8504,391073.6342,397492.0503,393514.3683,336241902.4884,336193091.8348,336221531.8461,336229848.3536,12682.6818,11825.6391,12222.8469,5333.1539,12720.9036,8730.3030,8027.8989,5572.9401,11910.3001,11401.5193,13475.6736,5989.0498,8044.9769,4550.6990,11570.9697,10061.8297,7045.8320,9558.5900,8404.4168,10191.0556,13223.8718,12592.2237,11128.0951,3122.9550,7958.2993,11426.4821,1582.6022,11732.4790,7376.5557,10727.5658,3279.0772,13093.5712,11536.9106,10895.6676,10582.4372,10440.6049,1252.0978,11305.6554,10821.6776,5184.1148,6363.3483,11733.2314,10902.7805,7968.1043,9275.0524,6055.2227,5192.7470,11490.4688,1536.6898,5278.9880,8660.7619,13907.6974,7668.4691,5096.2732,6113.5278,5682.4347,9682.5198,9218.2562,3810.1907,5413.5040,11665.3290,7650.0247,11887.5213,6332.8601,12272.9721,12879.8861,0.0000,8321.7078,5098.1082,7731.9897,6112.5481,8704.1877,9665.7618,4201.7338,5488.6707,6708.7124,10549.5502,9230.1097,13220.3873,9303.7706,8222.1809,9972.3939,11275.5968,10554.0233,13735.4739,5667.2361,1842.8993,6505.3943,12591.1470,6604.1552,5585.6790,10643.7393,8933.0676,384896.0828,403932.9451,393198.6380,391616.4194,396545.6136,396656.8598,403140.1198,399356.8158,336235164.8783,336186353.4372,336214793.1076,336223110.2825,10918.3214,10592.5902,9746.9104,4189.0329,10994.2978,10512.8263,12941.2615,9724.5189,2580.6390,3333.1269,13398.3069,7321.4297,10778.6026,11524.0460,12262.4591,12173.6357,10276.0713,7870.3968,11931.5441,9036.7746,4346.0491,11916.3429,13122.8510,12515.7009,10241.5759,12245.2379,8474.8902,8974.5270,11720.4756,13301.3704,2942.1575,7710.1904,11695.4862,12322.0931,4660.7187,12905.3246,4591.8952,9589.6134,11971.7344,8782.5589,9234.0462,9092.6981,10369.3588,11225.2248,8750.1773,9805.3626,8596.9978,13136.8645,13648.7125,11946.5844,5228.9864,13085.8078,10365.9121,12265.5919,10994.6114,11850.5653,12810.9907,11194.6736,10576.5097,9037.3222,8495.4476,2018.3877,10479.6422,10012.0064,9850.4859,0.0000,10076.6537,12439.6623,11973.4474,12995.3216,12673.4235,6750.9141,13469.9255,10368.5139,11044.6925,10003.7443,12670.1901,8255.1741,11582.0097,9685.3183,6671.4941,7313.2939,8694.2445,4263.5863,10868.2328,13257.5582,8707.7747,2798.9834,10944.6299,12691.8282,12095.5159,6385.1122,384872.6904,404454.7582,393620.3788,391826.1760,396898.4529,397196.4282,403558.0480,399621.5522,336235748.2450,336186938.0731,336215377.7989,336223694.4507,1585.9490,12813.4958,8591.9146,11595.0037,8676.0519,11057.8358,8836.6568,12140.0962,8579.8105,7525.5558,13733.3755,11900.7655,1996.0397,2923.3103,10969.3606,11601.6169,13711.9165,2638.0904,5042.8055,8866.5683,2552.8754,9961.9955,9591.9743,2474.1342,11675.4553,5696.7868,11433.2153,6387.6658,9786.2730,10581.6061,7079.5034,1536.6872,3079.7745,11762.5664,11170.2162,10564.9511,5549.6402,9589.6044,13661.1531,4462.2876,11070.0345,8882.2579,5606.1181,13356.8678,12467.7556,10915.4650,10934.3914,9640.0118,10394.2085,7533.2691,5878.5256,12002.8045,11787.9403,10520.6681,4067.4155,4028.3231,11754.8482,11153.6012,4928.1285,11448.9328,11721.0942,10389.4286,7345.0820,3449.7944,0.0000,8898.3907,8790.5198,7047.1358,10761.2575,8936.0413,10920.8859,9032.2928,11607.7826,12858.9552,10774.4743,8091.7881,3724.3681,5040.2669,9161.2164,13327.0915,7973.6836,6864.6139,8435.2955,10752.9861,10866.6791,13715.9358,11530.2204,12976.4640,11431.7379,2225.2882,13595.7993,384639.9782,403648.8505,392975.7785,391240.7378,396122.2570,396559.7362,403071.5419,399067.7932,336236397.3547,336187585.9249,336216026.3590,336224342.6755,13277.9981,8759.2179,10814.7734,9804.5634,10776.7503,7547.4154,11987.5508,8303.5506,8393.3827,13669.9352,12570.9509,1489.7391,4140.4084,10431.6175,10721.9095,13356.6717,3953.8853,3583.8829,9106.9018,2266.0935,10674.5936,8974.7505,3830.4356,12224.9171,6666.4739,12157.0880,5330.4825,10469.2143,9849.1730,7939.7439,2527.6538,3078.7687,12010.2384,11699.3644,10915.5464,6769.8660,10568.5380,13712.4411,5566.2924,10028.9565,9982.2198,6981.7527,13473.2043,12982.4457,9819.7154,11379.8031,9646.8879,9617.1946,6735.6209,6918.1582,12659.8894,11381.2405,11427.6061,5499.1312,4756.9800,12417.8085,11947.4687,6005.3822,12124.4443,11611.9765,11302.9339,5949.0292,1927.9684,0.0000,9986.2342,9765.9603,8309.0199,10419.2817,8242.1072,11516.3342,9729.0593,12343.5944,12408.0712,9733.6375,7356.2276,3612.3352,6444.8108,10184.5673,12784.0924,8778.6482,7916.8421,7666.4444,11630.8924,11265.0792,13765.8569,10886.0437,12550.8928,11119.1808,2868.6093,13451.1089,383201.6068,402245.8149,391564.8586,389818.8026,394710.6468,395154.4149,401657.8053,397647.8439,336237847.6287,336189036.2771,336217476.6934,336225793.0013,10003.4695,10787.3131,6725.1338,9534.3887,13195.2179,7809.7539,11216.4396,9072.5747,4796.8674,2172.5130,13212.0066,11782.7729,10236.7226,11094.2519,6896.2825,11686.9863,13803.9807,9706.5857,13069.2506,6656.0380,11319.1859,11648.4168,4272.9715,10375.5221,3393.2571,13143.6282,7102.2883,11195.9551,9495.6935,12443.1411,12807.3610,6173.8374,5693.1689,7519.1688,9920.3500,5753.4132,3587.1306,10991.4078,11774.6609,6476.3811,9487.6453,2978.0466,539.0191,12079.4951,6494.0236,9789.5056,11489.1768,12721.5886,10111.9232,1825.2768,9344.3137,4296.8787,10741.6020,11684.0533,2659.0847,3174.1773,10719.9653,3458.7036,8289.2225,4359.6411,13641.8674,13715.4999,0.0000,6568.1134,6818.7419,8420.2831,10022.7432,12004.5394,5594.9007,7990.5310,2547.9991,8530.2870,11983.1658,12421.3205,12786.8487,9955.7756,6130.3375,8427.5021,8788.6853,8889.2117,12277.8580,3972.4662,6881.6512,3617.9493,10392.2829,8279.6876,9307.8381,12524.4897,5681.1369,387735.2938,407018.5968,396224.9319,394589.8483,399593.5167,399701.7264,406124.9653,402332.2319,336232303.7063,336183492.8251,336211932.3305,336220249.4865,12864.5997,8019.8310,13735.2269,11023.8927,5511.8714,2430.1865,11811.8662,9575.2996,10255.5427,9834.2651,9931.0707,13358.1476,12393.2817,10663.3798,9509.5270,8477.8587,552.7449,10326.4289,12171.4077,13238.7737,7236.8963,11977.9451,4731.7933,7937.4379,11664.3206,12365.8143,6104.5163,3925.3651,9531.1243,10750.5804,5067.6334,12535.8321,3282.1626,6111.6173,10354.6247,10489.4906,5707.1286,11381.2324,7942.1546,8290.8640,10216.9117,9841.8752,10951.5414,12853.4218,13597.9002,13177.4763,5184.3501,11079.5405,9878.0802,13557.0576,9557.6371,9120.5044,10971.1941,10684.7696,9537.0847,5431.1720,7566.2870,4573.1341,8917.2005,10626.0396,8625.3220,0.0000,7565.1341,10797.3143,9483.8869,13752.8743,13191.5566,5398.9012,12375.0781,9557.8093,12988.1126,11968.4452,12923.2005,5736.8393,8747.8674,7315.1646,9962.7620,3729.1576,5240.6818,5072.2086,9531.9170,13026.4254,10442.1371,6619.2200,12914.8647,13682.0214,10125.3675,8993.5060,387670.3699,407111.4423,396321.7169,394529.2781,399550.6833,399909.9048,406311.1229,402340.0918,336233125.6329,336184315.1666,336212755.1420,336221071.6215,13316.6734,4357.4772,5197.1504,10801.6513,11962.9059,10726.7750,8892.1998,11335.5984,10405.5790,11620.3353,2546.7447,1220.5385,6602.9699,11717.0365,9482.8074,13069.3974,10115.8616,10221.7112,3711.1687,12588.9983,9798.5468,13633.5387,12571.8967,6630.1404,10016.9975,9372.9632,13766.8211,11184.5465,10002.6552,12121.4666,9395.3434,12916.4206,13574.0962,11964.4142,8652.2075,13391.4524,3226.1156,13286.8124,13054.8149,8898.0344,10899.0531,4111.6622,8779.5963,6634.4317,2224.6999,10771.7740,11315.1808,11497.5828,3145.0505,12300.3581,12493.9452,10561.0388,10997.4697,11952.3628,13501.2913,12472.2849,11416.5797,12523.2398,6612.2571,10149.0194,0.0000,13426.7737,11481.6329,12732.7128,4191.9857,4461.0574,13017.0313,10000.1866,11893.8238,3172.8614,2529.8311,5325.9168,12174.4796,12803.1620,13257.4715,6516.1212,13766.4149,13586.0419,10446.4756,12272.0144,8484.6606,8743.3383,9114.0991,3474.9479,3962.7261,10826.3095,8932.9284,377433.3668,396657.1110,385888.3788,384225.2293,389203.1846,389394.9682,395838.2127,391989.5770,336242798.3193,336193987.2918,336222426.9917,336230743.9833,11529.1097,13565.6255,9966.0534,9882.7898,6310.4443,10132.1799,5205.3164,9839.8619,7358.6845,12319.1906,13587.5082,11772.1026,7146.5745,11791.0018,7729.1975,9827.2508,6229.3292,12254.5331,6709.7413,6766.5088,5393.2984,4194.2667,12093.3126,6579.2234,12092.6764,4976.2333,8388.2555,9604.2687,7625.1334,7236.1240,6986.9389,4247.8458,3285.7851,9555.6733,5829.1543,13770.2255,315.6539,3584.9916,8977.1946,6215.3665,13862.7734,7863.5824,10261.4770,13019.4980,11348.2573,6226.5445,5183.7935,12101.8973,2993.8486,5514.5055,8096.0290,5397.4319,3878.1708,5539.4288,4503.9866,9704.8311,2567.1870,13086.1092,10982.5725,0.0000,676.2940,4098.1070,3012.1080,11735.8838,12390.3717,5208.7467,6761.0287,4433.5027,12402.6814,13767.5084,12234.6533,9152.4099,4352.7813,1185.2620,12466.9246,4755.4286,3609.9619,11499.2784,3223.6553,8206.3753,9589.4470,12101.4902,12305.0379,11692.6742,8725.7813,10475.3567,390427.4987,409527.9614,398804.3524,397135.1732,402064.0803,402326.3739,408806.1287,404917.6224,336230047.2220,336181235.9636,336209675.9630,336217992.7034,8032.2841,12396.8958,13522.6970,7582.6957,9678.6756,9371.1283,9928.1425,9990.1258,1905.9888,5499.5910,8315.3107,10211.9880,10891.6777,13831.4928,9392.3111,6830.9872,2927.7259,11816.8083,6945.4588,13176.2517,11408.4437,7029.8599,6521.5511,12068.7111,13406.4538,10137.3497,8920.5315,12691.4250,6058.9506,13397.2575,12592.9591,9338.5058,8624.8532,12805.6723,7223.5920,11541.2441,11286.6889,8651.8239,9514.7511,7999.9085,5195.8494,2745.5066,3595.4331,12748.7121,8679.3412,9753.7110,1670.3859,10165.0303,10722.7893,8608.1112,8784.9793,10013.4007,12918.0151,11501.4924,12934.7888,10625.2222,8674.5337,10878.8561,0.0000,11822.7052,8607.0544,10422.8280,660.7273,3930.5276,12718.2632,6493.1650,10104.8386,4097.9887,6399.8478,4840.7036,12698.8793,10963.8501,11768.7944,9133.7286,13435.8365,12755.7934,12646.3367,10204.0160,4781.9556,8763.1396,11827.7997,4309.8170,700.3907,9639.5163,10160.4232,379658.7117,398681.9648,387957.8375,386352.9078,391272.9018,391436.4603,397926.6009,394107.3557,336240525.1495,336191713.6797,336220153.4585,336228470.5226,10769.4639,9480.0514,11504.8659,11299.3542,13493.9897,7570.3592,10078.7859,6455.3106,4548.2773,9494.3031,10073.8133,5070.0008,11412.9370,7587.8277,12251.9690,5658.7943,10373.6626,12579.0376,11825.0054,13764.7530,4117.6538,12020.1336,7397.7810,12316.8418,8970.7313,7905.8785,12364.9586,12144.7622,12388.0868,12173.4991,13263.1699,11628.9173,11368.6205,3285.4340,13598.1944,12289.8830,11745.1037,13183.1957,3058.4812,11591.7744,8965.2588,4840.3901,7214.1187,11204.4373,13556.0463,7624.5761,13692.8099,11330.5013,9465.6560,13290.4422,13613.3932,11592.7700,13591.5061,10966.6690,13697.7160,1844.0836,6195.3694,0.0000,13628.3005,12649.7745,12769.3141,7601.6835,5283.0601,13276.3981,11648.8339,13688.7245,7965.6409,2971.9204,5130.9937,8836.0282,11937.0373,13541.5346,8408.0625,12622.9302,12510.2608,7243.3723,13735.3055,11334.7085,11682.6395,8005.4543,8193.4243,8006.9587,8761.4892,10919.5044,377393.6812,396640.9040,385890.4944,384152.2239,389120.0907,389455.2523,395902.2415,391955.0241,336243259.1487,336194448.2051,336222888.2110,336231204.8299,5564.8807,13127.3220,5111.0827,9184.7034,12701.9569,12944.5211,11840.4108,10234.1551,6288.7394,12653.7335,10797.6973,5426.7706,12968.7403,12251.9187,12556.9952,11259.7249,10880.0263,9311.1963,7488.9051,12619.3084,12502.7346,4773.9268,8293.5162,12660.8771,13221.5554,3031.0102,11760.5290,4147.7880,10126.7219,11085.2258,6693.4463,10184.6284,9487.5629,9762.5463,11427.6200,6672.1323,7960.1304,9195.1725,12116.1955,13268.5794,11994.8533,7529.1851,13160.7813,8712.8024,11625.7236,9827.9877,12322.1277,13340.7998,9671.6106,9188.7346,9921.7261,6977.0597,1072.6290,9344.0432,11296.7238,11476.0705,0.0000,9500.4391,11766.6423,11772.1772,12579.4357,12922.7133,5622.9781,12873.7183,8840.5046,10117.8476,10375.3533,13099.4122,9991.4078,11871.7695,9015.2539,5601.8934,7635.4621,8987.6838,6605.8994,9630.1847,12292.8889,6594.3012,3829.4030,9946.5293,12070.1890,12994.4018,4190.3251,385579.3637,405167.3973,394320.2998,392558.1416,397640.2572,397869.9505,404225.7172,400335.4585,336234835.7680,336186025.5969,336214465.1648,336222781.9929,12662.2919,9885.4758,11660.9414,9488.6427,10404.7421,12822.5410,11311.2375,10364.8696,10011.5000,7075.8535,2939.6290,10034.3621,13161.2482,12624.7609,7885.8435,12988.3242,6270.9797,9711.7300,10744.3628,13279.9912,4235.8897,5918.8586,9651.0094,10578.9855,6362.5316,13411.4568,5128.5012,7670.8755,11824.8851,10989.2474,6868.6082,9981.8156,9825.6537,9678.3070,10836.4049,11120.5471,9413.5636,13573.2559,13667.3907,12345.0754,3046.5283,11888.8264,11326.1561,13194.4671,11204.6374,10067.7949,11274.7699,12006.7142,11123.9276,6746.5009,9323.9063,4744.6193,10654.3298,9143.5958,7645.1518,0.0000,9507.8544,12072.4567,10914.4120,13459.7680,12507.5436,7358.4541,13208.2837,11119.5627,12561.7625,10664.8540,12220.4317,5356.5187,9957.7048,9274.1323,9233.7574,5944.6084,7147.1447,2768.3400,11179.4454,13668.7952,10944.5665,5162.7282,12527.4984,13438.2642,10184.1604,9131.0044,385497.0001,404978.2125,394181.9174,392370.3087,397401.9964,397781.6872,404173.6757,400186.5638,336235369.4507,336186559.0729,336214999.0574,336223315.4946,11943.0925,7400.9146,7470.7482,4923.2879,8810.9299,11420.3967,12292.4977,5177.9363,10814.7234,11779.3117,6955.5644,3182.4811,8192.8333,7243.6100,5894.5993,8821.5725,8810.8007,8635.0150,2882.3121,13672.2771,9368.5253,6245.5803,6246.8114,11885.6960,4906.9535,11650.6920,7492.7744,4368.6634,10840.1039,8235.0382,12176.5722,6497.9106,5143.8281,10425.5122,8655.9241,12545.3727,4681.2223,5246.6924,9554.8479,12639.9988,1923.0181,7866.6384,8870.2234,6255.6037,4704.4373,4145.3353,6846.2425,7008.7494,8347.8104,9139.0091,13156.2166,6723.0530,10939.0542,9766.6049,0.0000,6906.1519,2887.8531,3839.6433,7632.1120,8193.4054,10359.5956,1925.3880,7589.2159,10400.0789,11609.3232,7997.1410,10129.3061,4717.0510,7215.1762,13094.3211,9646.4840,8115.9231,12983.3829,6550.6080,4681.5481,10950.9776,13825.3149,10448.4309,8064.7708,5957.7831,12450.5017,386032.3133,404889.4697,394223.3322,392609.3879,397466.0201,397724.4352,404261.9679,400387.4186,336234466.8965,336185655.0853,336214095.2205,336222412.0099,6764.6145,13850.1312,13586.6045,9513.3993,8762.2505,2846.3044,13451.0952,12916.9573,9423.8578,13823.0892,10011.9084,10916.9953,13056.4875,7796.8785,11788.1953,6804.7126,12741.5668,10288.0269,8253.2023,10891.0148,13684.1243,13774.5578,5547.3928,8824.1895,7465.2178,11929.8432,9722.8002,1911.5577,12439.2791,9079.9623,9900.5448,12164.4459,2215.7254,5212.7819,9268.4651,9203.4839,11019.3872,10379.5167,11122.2284,12714.7051,6436.2710,8727.0016,8511.8512,13034.9197,13414.6897,7074.8241,7531.1178,12211.9901,6487.1115,6060.2910,8392.3846,12239.6600,13424.4197,0.0000,9854.6252,10433.8054,11660.8598,10080.1199,11664.1004,7053.6484,10963.3339,6999.1667,6837.0745,9688.5929,12210.5313,12864.7880,12528.2555,9360.5040,4172.4187,10200.3147,10888.5932,10321.2882,8238.6952,9389.5435,1787.8457,7027.2697,6549.8551,9204.3706,13765.7807,1144.9207,384515.3030,403998.3123,393156.2290,391475.7053,396540.6098,396650.4086,403023.7481,399219.9307,336235541.9930,336186731.5537,336215170.9152,336223488.0717,12373.4956,10482.5108,10354.5017,11774.9343,8565.9131,10417.8515,13650.1650,9957.3906,12176.2938,4988.7702,11147.7494,10631.2629,3086.8020,9616.2362,3107.6930,12772.7870,5495.6184,12182.3420,8910.7029,11373.2502,11824.6168,7238.4292,4446.7195,8076.4372,8851.4631,3718.0810,5490.2647,10097.8363,12518.7422,4995.7743,7991.7225,4889.9286,1679.0334,12846.8652,5381.1521,9018.2831,11627.8043,13052.5546,8501.7747,647.0490,9564.7202,2375.5360,9299.3390,10401.9846,806.0125,1378.7279,9847.8202,3474.8113,9486.6869,2718.3938,13694.7739,13297.2740,0.0000,5212.9156,4891.7157,6654.4962,9829.4493,11734.6248,5879.9910,6393.0524,1064.1497,9317.6467,12555.1256,12042.9946,12355.6307,8448.1041,4905.4571,10002.2123,8331.4642,8000.6637,12796.6963,2090.1416,5833.6745,5551.0903,11600.8473,9119.8254,9299.3033,11438.7289,7578.8524,388514.3398,407689.0343,396925.4203,395303.4947,400271.2594,400402.1424,406853.9302,403051.0721,336231585.4362,336182774.3150,336211213.9505,336219531.0482,3413.2464,9724.5468,10467.9299,13441.9078,3398.0631,4473.7788,10142.0157,790.9335,9924.6587,8129.1659,4344.0414,11690.3545,7458.5359,12316.9538,4609.8425,9658.8896,10735.9308,8722.5220,1848.6915,1632.9084,12640.7979,11005.3941,11697.1933,7254.2595,10173.5268,13700.8145,6305.5303,10033.9511,10034.8006,6914.9260,13458.5096,12904.9372,9949.7344,10596.0495,8577.4480,8975.4288,7957.4783,6033.9774,12537.0979,10702.3197,11253.0022,5182.3936,3589.8107,12128.3712,11813.8780,6741.8249,12338.9071,12419.5303,11232.1766,6011.0936,2934.8346,0.0000,10111.0088,9203.1329,7976.1047,9543.4122,7345.8139,12027.8799,8830.9820,12244.5571,11994.8887,9568.7270,6409.5420,5009.7836,6250.4955,10345.0285,13038.5553,9523.9914,8461.6838,8803.3823,11477.1144,10440.7765,13769.5619,11661.5631,12157.3982,10339.8137,1774.3926,13738.5967,382799.8511,401776.8208,391109.1137,389386.2042,394259.7618,394686.6011,401205.3551,397210.0744,336238197.2804,336189385.7739,336217826.1949,336226142.5539,10400.0222,11917.9542,13743.7801,484.5839,7428.5600,10069.8773,3209.2122,7732.3214,9100.1118,3297.8002,9892.9476,6347.6712,10566.1601,6969.9576,7517.9190,12220.0907,7578.5894,1651.4584,2875.4543,12096.8921,9208.7278,11133.7821,5425.3245,7601.4715,13117.8190,5185.8913,11888.3072,7610.1958,4107.3804,12747.7647,11377.7043,11944.6005,8968.7700,8030.1707,10254.2415,9818.5694,3110.1853,10712.7863,11028.2494,8946.0482,2093.8262,1773.3322,10204.9756,9736.3494,5552.2295,10717.1292,12653.9876,8990.2587,8833.9265,5946.3779,0.0000,7774.3311,6551.5612,4972.7158,9769.8320,8575.5619,10799.6146,6653.9838,10290.2655,12404.7674,11425.8775,7844.3351,6241.3834,3278.3368,8140.3532,13804.4518,8338.5246,6777.8170,10541.2506,9234.1318,8914.0555,13194.7378,12897.1917,12509.1411,10457.7914,1746.0002,13693.4744,385552.6084,404456.5238,393800.6380,392113.2607,396968.6653,397356.3374,403890.8213,399926.1106,336235336.2232,336186524.5469,336214964.9437,336223281.3914,3700.3795,7722.0580,10579.0104,9948.9213,13514.3724,9273.1008,8324.5517,2085.1418,11932.3702,8292.6432,13281.9763,12035.2081,6220.8979,8042.9943,10935.4822,13522.8344,10246.3664,8951.6427,12574.5633,7588.8115,13274.4360,12919.9385,10512.8184,8796.1202,12919.7216,5463.1423,12322.1974,11936.8394,8913.9198,10264.8252,6274.1766,6814.5829,4213.3518,1877.4182,11777.2682,9619.1512,10646.5115,1450.2388,11173.9174,11289.2345,9108.0564,9868.3967,10962.4326,13049.2024,12046.1477,12394.5445,11529.4471,7354.4501,10200.3157,0.0000,12544.4931,9841.3939,11350.5711,1652.2917,3176.4309,12952.3389,7962.1221,11005.0436,3464.4425,4575.8016,4207.5269,12257.7350,11611.9809,12453.0905,8160.5122,13573.4006,13070.8522,11622.4744,11193.0964,6444.0721,8917.5242,10739.3066,3766.5250,1718.5966,9780.0349,9805.6736,378455.2468,397548.5076,386810.2768,385180.0454,390119.1364,390302.7910,396777.3988,392940.8082,336241767.1200,336192955.8059,336221395.5787,336229712.5929,6366.9874,11973.0909,9019.5921,12627.0064,10264.1392,11000.2063,4575.5744,12602.2588,10509.5805,13517.1222,12738.8227,6740.3180,10823.0537,8456.2934,13620.7600,11350.1550,10253.4623,11812.2439,10213.9729,12582.2331,13605.6332,12501.9024,8787.7660,13320.4485,2074.0554,13548.9111,13317.4157,9062.0945,11223.1450,2969.8423,9664.1322,7645.3324,3020.0897,10033.5122,11869.2043,11876.1217,4291.0850,12717.1872,12782.8210,10991.0082,11508.8172,12342.4555,13425.0998,12589.6576,10838.6406,12868.2750,6148.1060,9866.6502,0.0000,13647.0736,12085.2907,13150.5858,5325.1101,5144.7745,12914.1462,10802.6358,12258.0518,3840.6382,1643.8591,5862.3991,11836.2703,13094.5297,13453.1743,5904.9697,13615.6643,13574.9957,9644.7760,12676.7533,9401.0615,8860.9169,8220.0430,4087.5353,5112.7474,11052.3172,8648.4760,377236.9945,396518.1147,385738.0060,384054.7796,389048.3841,389255.2402,395685.4228,391823.7340,336243035.4392,336194224.5409,336222664.2356,336230981.1861,13662.0070,12115.6107,10652.8082,13368.7718,10605.1125,9286.6838,13545.9782,8674.9803,12882.7270,9074.8297,11440.4965,10747.5146,7742.6659,12253.2563,13621.7579,13338.2520,7642.7463,9326.8010,9288.0152,13061.0251,11030.3725,3521.9645,13307.5430,6807.0552,11591.2223,13164.8321,4028.3688,7262.3738,7099.1880,9402.6945,10201.7045,8419.3577,10845.9975,13061.2154,8397.9387,7026.7834,10245.0742,13623.8418,13311.7766,8652.4481,9392.6901,13174.9837,8801.0471,7275.4307,10237.8509,10744.5314,12839.2689,0.0000,11592.9143,11403.1621,12728.5399,8645.6554,10086.8445,9269.8860,11280.6879,8973.4577,4769.1709,7440.7952,10752.7347,13023.3114,13356.7158,11170.8293,2116.0176,11748.7771,12286.4786,10024.8250,10031.3136,9443.8347,3510.5022,6543.8936,4512.3599,7742.6661,13589.8023,2822.1868,381686.0715,401158.8797,390319.2786,388638.3143,393700.1657,393815.1451,400191.1593,396383.8057,336238375.5389,336189565.0661,336218004.4380,336226321.5950,7252.0549,9649.3057,3302.2835,7892.4020,9317.5909,2814.3575,9967.9830,5886.1199,10363.7598,7111.7948,7706.3909,11945.2148,7141.3792,1572.8763,3085.1976,11789.0209,9349.8633,10769.0325,5003.2073,7588.9837,13036.1306,4710.0897,11877.5776,7396.0576,3853.1375,12661.3846,11281.1759,11903.2268,9149.7901,8328.2024,10416.9983,9485.8472,3372.8574,10621.0726,11197.0020,8849.8658,1876.0270,2206.5507,10175.9323,9635.2276,5083.3352,10499.9125,12332.7004,8851.6286,8819.8080,5770.8881,0.0000,7534.1219,6613.9490,4891.9703,10001.2061,8804.0095,10490.1820,6885.1042,10182.2881,12489.2048,11462.1692,8077.7477,5833.2158,3058.0792,7895.2799,13685.5310,7922.8638,6377.9654,10217.9954,9132.9741,9113.0925,13108.1441,12640.4638,12585.9369,10657.2201,1878.9625,13530.6393,385775.2940,404700.3684,394040.0731,392346.0742,397207.3595,397599.0610,404128.7244,400160.2698,336235123.1750,336186311.5471,336214751.9401,336223068.3745,8946.8426,5003.7960,12462.9911,8710.9720,6666.6874,13393.2431,8383.9795,13106.1628,4981.8249,12280.8920,7457.5083,9269.4768,5917.6840,5763.2590,11716.0620,13023.2468,10865.0780,8994.5306,12529.2857,13346.1119,7707.0633,7759.9314,11889.9665,9701.3943,13251.9494,13633.6517,7311.3282,12665.9198,10644.7855,8725.8463,4505.0557,9728.2139,13648.2657,11008.3779,13020.4152,8604.1176,7665.2398,13568.3659,13255.4246,8028.0368,12942.1892,10500.5955,12839.2489,3535.8752,1698.6651,0.0000,11827.7426,11918.0861,10902.8150,10498.7097,8035.8814,12046.4122,11714.0671,13487.7107,11557.2829,7712.5701,7310.7291,4343.7772,9337.5062,11862.8002,11047.9093,9904.9867,9677.3645,5346.3964,13138.9310,12518.3648,13380.8681,8671.9146,11714.7512,11060.8443,6084.7884,12461.2057,380864.4897,400065.3044,389345.0904,387566.3359,392506.8321,392946.1199,399410.6793,395395.7793,336240152.0408,336191341.0317,336219781.3195,336228097.6468,10612.7834,12046.2798,13446.1002,7396.4845,11792.5617,4710.0763,7541.7412,11998.4932,12262.8965,6448.5419,3740.1214,9755.5867,11004.2344,4711.6204,12400.9861,2823.4184,6034.8877,10127.2401,10316.3058,5775.6479,11679.2837,7637.4801,8208.0758,10024.1931,9540.5530,11276.3218,12759.9928,13675.9409,13406.2534,5720.7034,11093.0162,9561.1527,13659.8982,9251.8947,9156.0696,11117.5193,10415.1304,9218.0405,5461.0093,7165.3039,4482.2937,8588.7311,11042.9206,9050.1516,0.0000,7245.1635,10637.3093,9344.5333,13873.3622,13430.0317,4935.1420,12309.3303,9227.4433,13064.5184,12264.2068,13183.9992,6136.2895,8712.2044,6974.8967,10040.2132,3412.0644,5038.7373,5578.5780,9216.9396,12952.4102,10266.0001,6859.3119,12978.9955,13773.2809,10349.4615,8873.2586,388109.5156,407551.9628,396760.4493,394972.2220,399995.0349,400345.1011,406745.5005,402780.6782,336232657.6103,336183847.1465,336212287.1019,336220603.6029,9458.9027,7627.2163,4738.0827,11313.9066,7877.6045,12314.9329,4298.0328,9162.1766,11117.3215,9107.9836,1885.2047,871.6653,12869.9657,10549.8121,12020.0163,7535.4771,9912.4735,13573.5041,6731.6770,9979.8735,10026.2601,6925.8574,13331.6235,12759.9797,9965.5845,10093.0865,7933.0768,8581.4389,8542.7464,5587.0856,12377.7470,10252.0272,11092.8132,5124.0905,3025.8971,11883.6461,11662.4629,7154.4517,12363.1514,12739.4204,11128.1300,6100.3264,3573.3200,0.0000,10139.5729,8863.5152,7808.8289,8998.6818,6834.5451,12211.8222,8297.3841,12104.6477,11673.7371,9433.5821,5890.2541,5719.5291,6215.1662,10383.8099,13061.6292,9874.4967,8736.4492,9334.8817,11323.8896,9916.1865,13650.0197,11973.9715,11844.4661,9837.4135,1476.2953,13769.2045,382599.4118,401547.2533,390884.2359,389174.3490,394040.7262,394454.0990,400979.1307,396994.3651,336238355.6886,336189544.1136,336217984.5226,336226300.9199,8480.8663,9398.1239,2865.6225,10064.9223,7274.4992,10189.0492,549.7558,13658.1320,10134.4132,8881.6393,8829.0082,10883.3185,1896.4280,11181.5629,8856.0782,3150.6337,8587.9107,9870.0278,12058.9032,6279.7786,6839.0686,8157.6964,6285.5797,12535.4308,2116.3834,5223.9138,9583.6297,13557.8732,4950.9885,5573.0354,7860.5598,4665.4208,7169.8957,7019.7630,4269.5235,5067.6982,9845.4128,7650.9649,12482.9384,5363.1516,12141.9317,11740.8740,0.0000,6719.3204,2382.2492,5097.0236,7151.4011,8886.4050,9476.2821,1567.8583,5516.1765,8971.6900,11612.5328,9069.6589,11874.5542,6779.0623,6833.5992,11841.2693,10074.3563,8907.8983,13632.9310,4852.4299,2405.4776,8709.4865,13458.6290,8935.4523,7123.0937,8653.4600,10741.8969,386346.5730,405281.3882,394582.7453,392991.9556,397882.0556,398057.6704,404570.6807,400748.7169,336233902.7121,336185091.0570,336213530.9507,336221847.9535,10876.3470,9097.9611,12695.4194,12639.3061,4407.9823,8116.5555,11132.9870,13169.8382,8811.4774,7297.3791,13217.1401,8201.5515,13599.6504,12308.4211,10633.7384,10286.9522,12140.0643,5815.9812,12307.6942,11267.7890,10327.3849,11262.8093,6486.8897,7355.9152,3842.7360,1668.7928,11249.0358,8689.4673,11459.4899,3429.8328,11551.7248,10296.6782,7712.0374,10645.8143,11534.5446,12341.5850,12669.4674,12961.0915,11885.5389,6134.4111,8800.4989,0.0000,12533.4858,9742.9816,10881.3265,2310.6724,1107.9641,13399.2092,7756.0223,11688.6211,5450.7124,4736.0839,2158.9938,11253.5018,10815.2432,12524.1650,9457.9720,13383.9422,12707.8821,11295.6979,11630.8157,6953.6566,10404.0809,11218.7723,5743.3476,3224.8370,8269.5961,11120.0586,378334.0166,397361.3827,386647.7189,385006.5454,389919.3505,390155.4571,396649.8029,392780.6980,336242040.9187,336193229.4703,336221669.4048,336229986.2869,10950.4167,3444.7645,9747.8866,8333.2112,9348.6830,10585.7979,4901.3056,3104.8795,5002.9083,10354.2139,10687.2778,8959.2205,3139.0242,8275.5617,12990.1147,2133.3768,12121.2136,6921.2232,3715.7392,12605.6206,11257.6409,11962.8548,10678.1144,10358.7454,11660.7519,7757.1595,5617.8094,10667.3249,12503.1504,8981.2463,2920.0438,4904.3966,10600.7033,9684.1988,2596.8910,9776.6368,10738.4480,8730.6013,9109.5637,5347.4616,0.0000,6872.9571,7753.6124,5527.9895,11647.6614,10416.0243,9129.2003,8752.8278,10159.3827,13323.2813,11979.4189,9725.9763,3680.1347,3423.7667,7166.4290,13319.8823,5847.8421,4568.0042,8547.0978,9216.5279,10722.8634,13031.2014,11403.4675,13380.2957,12139.7538,3861.2297,12954.4893,386916.8827,405965.0803,395279.7982,393545.5443,398440.7062,398859.2214,405360.7495,401368.2625,336234058.5407,336185247.1975,336213687.5745,336222003.9233,10895.2616,6006.1430,11407.2986,3257.4999,12998.1848,10576.4663,10828.6256,10804.4423,9544.4873,1498.8805,10350.2108,9948.2114,3966.4294,6160.2495,11017.7824,11654.2497,6679.6805,8474.4106,5726.5106,4026.0608,12156.2118,2443.6791,6442.3966,9789.3795,13732.4559,7473.5437,3681.5147,7430.9609,4205.3144,9192.5537,9304.3886,2304.5387,3912.0457,10896.0984,6333.8539,11291.4913,4878.4250,12835.3115,12983.1434,0.0000,7032.1973,4261.8114,6865.8848,7446.0905,9762.8116,8491.2413,4302.2815,4012.1917,7784.4947,11413.1285,10181.9415,12881.4644,8633.4223,6912.4571,10231.7297,10241.4493,9543.4134,13563.0426,4169.4854,2907.3903,6283.3326,12492.2170,7646.8921,6959.8518,10678.7920,8691.2433,386377.8896,405437.7879,394699.5006,393108.6429,398043.5498,398162.3659,404640.8407,400851.4782,336233700.3564,336184888.9705,336213328.6484,336221645.7949,7812.0140,10748.5636,10201.3309,9720.2222,1560.6814,6409.3823,8142.7447,7906.7552,11102.0055,6173.9783,1647.8922,8033.5960,11974.7240,1358.1653,12921.7125,5500.4002,4199.9377,11545.1560,10001.3603,12686.3433,11381.8178,12098.7253,13224.9933,7479.6780,7642.7625,9457.0007,13580.2177,7968.0135,5070.9813,7802.7282,9845.9999,8517.9767,891.6277,7741.7809,8616.0669,7442.1569,10899.4620,7586.6377,0.0000,5219.9959,8143.0051,5918.2615,13146.5728,12466.3950,6496.8613,9947.5033,8878.0147,13830.2088,13074.8329,11979.3341,4532.8324,4644.5244,5360.1609,12674.8030,2613.1448,1918.2821,7992.1564,8120.7139,11555.0733,11979.7838,10353.9938,13806.4429,13353.6949,7108.8618,11605.6186,389051.0527,408241.9482,397517.9294,395765.8582,400707.1516,401097.8527,407563.2230,403582.9715,336231829.6870,336183018.6633,336211458.8903,336219775.2908,13395.7166,7745.0728,10952.7261,6738.2427,11282.5582,12152.1680,4896.9741,7188.6872,5416.8544,7392.1156,4952.1789,6341.0611,8641.3451,13000.3850,3888.1578,7428.6869,5745.3485,3028.5488,13120.7908,8017.2040,11070.0526,12972.8218,11665.5904,9317.4922,2573.6639,11458.7872,3040.2485,9097.0903,10969.1193,3831.1977,2413.2848,8280.4706,546.6850,7524.7715,2456.7919,13818.8950,12806.8253,0.0000,3797.8070,6260.1837,6748.2014,11771.7882,13077.8140,2953.2266,8392.1676,2148.1430,10939.5118,13256.7994,13225.9857,11073.0357,8106.7153,3257.5699,10050.5297,5932.6122,6118.6006,11388.0395,2765.9152,8425.3978,6332.4831,10455.6265,10740.8094,11322.3311,11555.6267,7256.3251,389930.5912,409208.7446,398428.3373,396760.2581,401753.2773,401932.2485,408362.4922,404522.0575,336230298.4005,336181487.5273,336209927.2086,336218244.1650,9838.2281,10100.7014,11608.0356,5981.7621,4372.3930,13332.2789,10594.0163,13055.2385,10629.2970,11486.8295,12553.1078,9920.8512,6572.1332,12210.6936,10077.8878,12499.8638,12985.5183,6706.2470,9911.0280,6682.6502,4939.1906,8711.8092,8123.8644,12985.7146,7524.7506,12471.7389,8644.3991,6003.1333,12412.3035,12704.5070,10247.6850,13372.9482,12686.2043,12602.6241,3124.4051,4892.4634,0.0000,12342.4409,10503.4823,10471.1578,6481.2464,3448.9292,13409.4567,9162.4422,12976.2758,8960.7435,5752.9039,2513.2492,8094.6654,9496.9641,12425.1447,10968.7061,12122.0264,11397.9629,9158.5680,12615.6574,9602.9113,12639.4064,10774.5385,9210.4588,7364.5587,5511.8126,12646.0468,378913.2248,397940.3038,387247.3870,385546.8372,390444.7745,390802.7855,397305.1356,393353.3535,336241830.8170,336193019.3972,336221459.6087,336229776.1705,13726.8846,10344.7175,8654.5018,8506.0211,11226.5288,2103.4647,11496.4165,8990.1413,3587.7856,8877.1763,9937.9672,11906.1584,6646.3130,6921.8766,8469.8487,6745.1147,12396.1005,2051.5679,4770.6387,9278.5423,13554.1270,4716.1763,6073.3641,7635.8184,5163.1515,7092.1534,6701.4340,4775.2372,5577.8606,9940.5080,8108.1281,12734.1392,5841.3477,11887.9418,11540.7926,0.0000,7083.7766,2647.2222,5231.8731,6813.5337,8497.4784,9868.8075,1097.5072,6024.9539,8887.3322,11410.1009,8668.8118,11829.8743,6791.8962,7216.5473,11943.7398,10331.7618,9127.0156,13655.4813,5357.3877,2235.7535,9002.1023,13562.8389,8871.3905,6856.3006,8383.8406,10999.3624,385941.8747,404858.5364,394165.1293,392575.5888,397459.6044,397640.8243,404158.5562,400333.6059,336234326.0849,336185514.3901,336213954.3072,336222271.2983,9372.5646,11359.6626,11592.0208,7216.7936,13395.5722,7234.3818,10780.9023,13113.5523,9628.2182,10122.5885,6890.3531,11996.2294,12164.7966,9717.2538,11274.1138,6229.1954,13405.0619,13037.7012,10330.6386,4117.2209,13316.1304,11883.9327,11280.1977,12488.3092,12311.5701,12522.8419,12436.6324,12118.7777,10064.0997,10531.7977,4702.1305,12104.2581,7871.0591,8664.2796,0.0000,11779.9284,13287.8428,12947.0466,12006.9408,11200.1896,9147.8787,13759.3578,11962.1058,10150.4860,7885.2363,11186.4334,8111.6020,12320.6281,11459.9586,6034.6796,9236.1831,10258.2896,2974.9558,12398.7955,13418.2418,9581.2389,1516.6325,10125.3281,11812.4122,11646.4914,7301.1321,382043.8671,401606.8462,390779.6550,388979.6353,394044.3673,394362.5346,400729.9176,396780.1444,336238624.7467,336189814.5230,336218254.2967,336226570.9137,7721.6998,9339.3586,6607.1742,10991.2071,4804.9535,2527.3197,7847.6149,11165.1630,2896.2983,13045.1148,4998.9715,4910.2357,10722.7772,9144.6453,12810.6878,11384.3594,12527.9008,13592.2428,7708.4883,8450.9367,8661.5571,13680.6082,7395.6064,6169.1560,8898.3425,9253.9762,7810.1038,2420.5456,6610.8279,7571.4781,6764.7109,11590.4207,8680.3613,0.0000,4621.4269,8233.9442,6288.1578,13443.7555,13060.1157,5109.3908,10255.1741,8085.9881,13678.2988,13305.9763,12683.5021,5604.5872,5527.4447,4619.5222,12109.0148,1069.7242,1515.9016,8011.8388,7491.0311,11606.3887,11154.7894,9833.2815,13617.2315,13515.0259,8374.0045,10697.8402,389661.5581,408914.4323,398170.8266,396418.7676,401382.0897,401744.7671,408193.3425,404229.1938,336231127.9942,336182317.1057,336210757.2286,336219073.6965,1980.2977,12159.5575,10176.1931,11136.4491,5887.9671,8828.5393,13403.1098,5186.9993,11088.6575,8612.9847,5232.9968,13086.2752,12080.4850,11057.7034,9874.9300,8464.3669,9813.2767,8673.4385,4585.1266,11553.8284,11038.0512,9998.3247,3385.7558,2515.6824,11134.2841,10682.3784,5617.3027,11361.1081,12340.3297,9979.4666,7566.8709,4364.9990,0.0000,8713.1083,7854.2176,6339.9302,9842.2343,8164.5643,11172.4424,7815.6689,11177.0206,12339.2187,10654.8623,7327.3780,5146.0616,4511.8435,9015.0782,13437.7843,8543.6510,7222.8934,9481.8759,10254.5119,9781.2343,13473.0600,12179.4526,12466.5103,10573.6991,792.4279,13667.3490,384484.1945,403430.8791,392768.6067,391059.3575,395924.9803,396337.8690,402863.3674,398879.2912,336236476.9523,336187665.3769,336216105.7962,336224422.1821,13015.8310,9965.0513,12244.0151,7634.4709,9449.4112,13405.4530,7005.9811,10145.4570,9810.2897,6725.5779,13151.6408,12487.5654,10205.9604,9477.9730,7283.2181,8387.3930,9213.1566,4930.4016,12066.2859,9890.4472,10742.3947,4874.3626,2293.0669,11485.6838,11337.8010,7410.9714,12234.8378,13035.6826,10834.7630,6529.9658,4400.6095,0.0000,9963.5534,8321.5539,7416.8908,8537.1254,6531.9829,12258.0956,7600.3576,11800.1335,11437.9795,9533.6020,5612.8079,6401.1215,5971.7007,10226.1240,13163.0412,10071.4098,8833.7385,9952.8797,10984.5504,9289.3604,13489.5914,12366.4692,11609.5271,9403.7801,1285.9970,13792.4929,382706.5527,401622.1497,390964.2829,389269.2856,394127.7494,394525.2760,401057.1948,397084.7695,336238201.9398,336189390.2893,336217830.6847,336226147.1246,10589.2319,2130.8324,8483.7149,9102.4135,6537.3360,8973.1220,11388.7918,7381.8062,9723.9983,6253.0177,6200.1127,11221.2312,11148.3373,13063.6496,13010.7796,8815.2428,11958.1604,6683.7840,12228.3888,7577.4507,11031.7460,12665.2520,7864.7196,6979.2700,8610.2992,4357.3196,2861.6234,6974.2505,12615.5848,11976.9949,0.0000,7075.0216,10035.6923,9922.9115,12942.6098,13584.6164,2726.2476,11680.0927,6642.7507,11041.3762,12060.5244,13706.0142,9954.2368,10329.0028,6540.4586,7688.9236,5708.9116,7077.5414,8189.7666,7364.4862,11424.9416,6447.2697,6588.9734,10845.9152,12455.6904,12550.4237,5159.2670,388188.2800,407692.4020,396864.5147,395125.2989,400182.2630,400403.7759,406780.5134,402900.1339,336232188.0772,336183377.7237,336211817.3404,336220134.1802,11242.2312,10064.9562,4211.7258,7225.5029,11040.2854,11455.3774,7211.5644,8331.7816,6850.7497,5440.3283,12002.4352,1025.5807,5174.5916,9085.8657,13856.7073,6641.6159,5045.8415,6836.7913,5061.3267,8740.9418,8410.7213,3657.6180,5036.1397,10983.1407,7518.9163,12145.8510,5765.3168,12320.8748,12525.5858,0.0000,7604.7908,3969.1950,6686.1625,6519.5096,8821.8690,9524.5518,3113.8429,5265.3715,7669.5915,11061.6575,9219.5317,12767.8799,8340.2233,7580.8580,10778.5883,10794.0490,9899.3789,13779.2302,5118.5400,1518.5365,7359.0505,13005.7337,7592.3763,6198.9570,9932.8210,9662.5092,385592.7850,404585.5240,393865.6857,392282.6081,397195.5861,397328.8257,403824.5566,400028.5199,336234532.5300,336185720.9954,336214160.7491,336222477.8648,6983.3375,9112.2020,8326.7742,7347.9575,11966.9418,6791.1926,8654.8323,7993.9354,7411.4757,11709.3023,11766.8461,13432.3700,13527.5371,7848.7149,11394.8924,7572.1209,13117.4164,7779.6601,9979.3194,11964.4492,8667.1036,7476.5179,6956.8664,4947.9947,3442.6294,7081.9875,12338.3456,10981.7143,0.0000,6401.6780,9946.5116,9235.1012,13571.9208,13804.8643,2575.0173,11791.3388,7319.7809,12234.5423,12584.9635,13758.2140,8469.7688,9289.2977,5950.8856,9102.9346,3921.7121,5563.6356,7428.4191,7647.6112,12032.6162,8257.0434,7038.6790,12081.9767,13255.8102,11632.2187,7049.5000,388893.6213,408363.6749,397553.1709,395795.0940,400834.9947,401110.9113,407499.9401,403584.2672,336231641.8863,336182831.4701,336211271.2389,336219587.9313,6776.0724,11852.0938,1675.0198,13246.3697,4425.3816,2611.2593,11379.6386,9492.0671,13116.6639,10357.5348,11255.2060,13016.8377,8705.2725,6316.0526,8778.8660,13163.1122,6973.0855,3791.2408,6868.6386,9000.7922,7689.5691,1406.0829,7436.7585,9548.6096,6535.8980,11240.0131,8002.5096,0.0000,4242.6623,6797.2165,4373.8684,12585.9008,12100.0475,6707.0572,8703.5503,8148.2691,13619.6211,13272.9846,11623.7049,5484.6868,3148.3899,4532.5416,13089.4122,3323.9159,1625.8419,9212.4657,7180.9934,10543.8264,11873.9563,11313.1548,13598.3172,12825.0214,6523.4006,11902.8161,389354.6670,408469.2742,397760.6165,396034.3952,400954.6249,401327.1386,407810.2189,403846.0262,336231466.8178,336182655.6166,336211095.8558,336219412.3072,8590.9444,8129.7407,13167.1899,3309.5680,5063.9523,8030.8835,5239.4743,13469.3743,4899.4643,7939.1440,11562.4647,12824.4817,5284.2599,4110.1787,10097.8523,2013.8647,6258.6188,7617.5805,3410.1253,2951.2660,7977.8280,5400.4417,11123.4463,2602.7255,12996.6543,11744.9323,0.0000,3773.4589,1491.3911,3282.8346,9634.9731,10935.7035,7137.2405,4056.9399,3622.3222,10698.4040,12960.9141,10965.2692,10890.3451,5392.5292,3921.2725,12129.4178,7664.1804,6519.4849,12906.0189,2339.1835,5286.0328,8670.7158,12945.7440,10607.3214,9539.0724,8877.4753,10349.3865,388893.2593,407905.1310,397192.7962,395572.0705,400481.6536,400684.3370,407181.1578,403337.3379,336231418.0099,336182606.5358,336211046.4509,336219363.3641,12526.8870,9490.3598,9333.4796,11683.0315,621.3232,4037.3834,9829.6706,7642.9040,9856.7182,9952.4925,12098.3526,11846.1660,5284.9591,7824.8411,7505.2492,12545.1869,12795.0229,5673.5965,6494.0232,12315.4359,6164.2032,7540.7068,7548.5723,12516.0886,13672.9712,0.0000,9376.5028,9281.1929,10887.4684,9106.6418,11111.4953,7376.5994,9649.9806,5965.2074,6176.3346,9877.4638,11718.1174,13296.6266,12013.2724,8923.7743,5346.3837,10511.1626,10900.4829,11423.4604,7233.0681,7851.6183,154.2241,8535.4592,5869.9376,8171.9898,13412.1014,3023.8642,384726.5284,404119.1554,393295.2363,391645.3483,396685.3662,396773.5054,403167.7096,399382.9866,336235264.1984,336186453.5515,336214892.9258,336223210.1434,12751.1230,5992.8829,3732.2087,12109.4045,10602.5589,12535.8490,11215.8161,11556.0730,12773.8677,7534.0426,6850.6642,10017.7237,13328.1474,8390.1999,4097.1110,6736.5741,10225.8217,9030.4437,496.2532,8617.6731,9543.0811,7967.9115,10288.2881,6699.5684,0.0000,5806.5232,7990.6315,5638.0314,12721.1887,11815.0004,7611.8997,9544.8172,9450.4499,13806.5123,12793.7829,11240.7648,3919.5849,3941.8717,6035.8222,13082.6521,3918.5796,2836.5704,8192.1830,8584.3375,11343.6544,12546.1299,10856.9153,13814.3761,13043.5421,5916.3033,12285.2547,388383.9122,407515.5730,396808.5874,395061.3421,399982.7965,400390.3454,406871.0955,402882.1967,336232553.3650,336183742.2100,336212182.5129,336220498.8762,13733.4886,13327.9235,9748.8538,11889.5133,899.5293,10983.2203,9015.5326,4387.6914,8445.0901,12332.4761,12538.7118,6181.9003,13273.9337,12775.2229,11195.9635,12352.8458,12928.6568,12864.4227,12786.5547,9983.9185,13307.2863,5039.8126,8876.8406,0.0000,13765.8028,12799.8580,13464.5939,6994.6482,6066.3237,12702.9629,11820.7509,12847.1933,5597.8171,1235.9618,6482.9472,10781.6151,13126.6924,13561.4640,5715.2849,13085.4320,13216.6293,8021.8890,13235.4672,10759.0690,9536.8902,6864.3390,5783.8920,6914.6199,10892.5596,8713.1703,377260.4398,396607.1582,385818.6326,384099.4150,389107.6451,389358.4680,395775.4397,391880.7174,336243140.8091,336194330.0654,336222769.8150,336231086.6480,3871.3756,8751.5009,5969.3226,13825.9405,7864.4287,10338.3004,13041.8036,11350.0264,6468.7863,4946.8385,12077.2233,2823.1922,5789.3981,8327.0332,5225.4209,3657.5210,5688.8379,4199.3733,9512.4127,2336.5514,13155.8549,11119.9623,0.0000,488.5493,4212.4571,3292.5773,11760.9845,12466.6952,4946.7499,6872.9463,4190.9081,12317.8775,13752.3103,12333.0810,9269.8148,4638.0342,914.0885,12303.2980,4711.5716,3684.0596,11469.7451,3028.3697,8216.7339,9364.3670,11971.6568,12212.4261,11686.6791,8949.5949,10248.3966,390459.9102,409574.4715,398846.4797,397177.0295,402110.9112,402367.3613,408843.2915,404958.0778,336229996.1750,336181184.9474,336209624.9237,336217941.6788,11184.0164,9006.8141,13364.9586,8566.3850,9550.1729,12244.5116,10335.5967,3994.1929,8107.0990,12123.6437,5946.1836,2066.6623,5266.7653,7932.3567,6883.5186,3735.5850,7638.0161,11050.1859,5789.2931,11382.5217,8520.7677,0.0000,3990.8593,4707.1683,2017.3611,11298.2968,11088.2592,7762.1007,6520.7963,7481.2924,12951.2166,13141.0565,10642.9622,7021.0455,881.5861,4460.7590,13505.6496,5435.6358,3578.4926,10829.7639,6245.0762,8739.8808,11735.7643,12575.0894,12947.1856,11611.8697,5640.6516,12356.3649,388963.5512,407960.0152,397274.5517,395589.7905,400478.0192,400819.1352,407328.9977,403391.8138,336231765.7955,336182954.3184,336211394.5642,336219711.1085,3421.8579,10077.5729,7326.1896,9716.0049,10084.6704,12020.6313,11428.3026,4670.1041,7961.6180,6900.7126,12103.7257,12464.9714,5102.3918,5880.7733,11888.4446,5586.1306,7459.9977,6939.2852,12549.2418,13510.2052,0.0000,8798.1281,8767.8469,10361.2942,9134.7071,11126.0143,6903.9372,9257.5970,5346.6152,6473.5566,10105.6371,11696.1248,13034.6949,11535.0502,8344.8838,5766.0351,10059.5738,10413.0241,11384.2045,6624.0845,7563.5794,663.1783,8678.4557,6178.3049,8239.0690,13109.7589,3293.7506,385222.5542,404596.7045,393778.3724,392129.5045,397163.0071,397257.6107,403656.9933,399868.8095,336234783.0553,336185972.3694,336214411.7729,336222728.9720,12188.0273,6270.7211,9620.9568,11502.5540,12626.1181,9676.6380,1300.2658,9413.0673,3757.9071,10290.4107,11308.3911,2229.8947,2636.2444,10330.9267,3157.0133,8380.7257,3829.8426,13559.6460,13484.3919,0.0000,6075.2921,6337.9278,7913.2809,9990.0465,11915.4478,5397.8635,7622.7568,2018.0936,8729.7485,12067.2400,12295.6991,12512.4705,9483.1756,5651.3624,8737.8580,8456.4093,8480.6420,12227.6489,3433.7786,6673.1747,4073.4511,10533.1314,8493.0334,9326.2118,12169.4621,6053.9738,387971.9053,407233.9944,396447.0311,394812.0425,399808.0532,399925.8290,406355.0897,402556.8766,336232091.1752,336183280.2482,336211719.7913,336220036.9218,11567.4318,9660.7416,5138.0703,7773.5362,12584.7377,12832.1053,7009.6538,13523.3258,12820.3145,11365.9175,12724.6638,13189.8925,12649.5500,12880.3795,9634.3658,13506.0888,4778.5407,8546.4027,0.0000,13828.9580,13131.2527,13627.8981,7761.9874,6635.6559,12619.9420,12291.3218,13108.6433,6378.7301,1948.6365,6936.4275,10369.1836,13179.2650,13619.7171,5783.2066,12867.1233,13079.9860,7328.5668,13484.8845,11361.7431,9864.9191,6315.7164,6543.5058,7713.5786,10912.7754,8801.2712,377367.3968,396743.4372,385951.0157,384216.3198,389231.2264,389500.4155,395911.3074,392002.7336,336243091.6308,336194280.9567,336222720.7282,336231037.5113,4195.6418,8319.3121,13791.7477,6443.9143,5957.4151,6124.1267,5917.9172,8733.7830,8000.1227,4609.8639,5938.9218,11201.8454,8319.5437,12513.5286,6595.2793,11771.9047,12172.8652,0.0000,8257.0242,4383.3754,7000.7489,5635.5699,7976.9673,10201.2301,2823.4614,6178.0668,7238.3906,10497.2114,8397.9437,12707.5301,8473.2915,8259.7442,10781.6277,11260.2056,10317.2057,13745.3888,5996.3804,494.0109,7783.0959,13066.3892,7201.7520,5400.5516,9561.3373,10001.0861,384698.5467,403666.9539,392953.9446,391372.7068,396277.6557,396418.0388,402920.0830,399120.2228,336235448.4227,336186636.8341,336215076.6171,336223393.7196,5271.3118,12945.8532,6380.3303,9489.2047,4362.4517,9227.7727,8798.2969,6506.3030,8351.0505,9380.3034,11709.1824,11259.1777,13631.9172,9748.9670,9052.5591,10204.7328,0.0000,10679.3729,6883.5755,8585.4368,2689.1526,4269.5710,12543.2215,4388.4419,9654.5544,6600.7529,8152.3488,4685.0268,11922.7458,9113.8562,10755.0851,11013.2557,12690.4799,11663.4243,13059.6106,9359.1502,3734.6960,9996.0874,13000.0551,6764.6223,3397.6691,7898.9009,11536.4962,381230.4280,400138.5333,389449.0191,387851.5388,392731.7407,392932.4915,399453.2273,395614.5969,336239081.2953,336190269.5812,336218709.5279,336227026.4929,10896.5667,10027.5693,11872.7850,3268.4976,12246.2772,11388.3104,9012.9999,11196.3113,12097.7958,12951.5651,12939.5155,12471.2077,12522.8575,5788.6303,9130.0385,0.0000,13224.6904,10824.6776,11948.8749,3125.1749,2295.1755,13531.7046,9040.2874,12166.7203,4674.5332,3272.7206,3223.6261,11567.3325,11859.3085,13150.9253,8388.9933,13743.1056,13284.6857,10809.3814,12283.3040,7952.3850,10058.0109,10338.5763,4993.1067,3565.4187,9346.0165,10480.5529,377470.6505,396580.7008,385845.1627,384190.2414,389129.4789,389356.1452,395829.6926,391962.8173,336242864.0397,336194052.7692,336222492.6236,336230809.5307,11734.4978,12837.5541,12452.6470,12616.7260,10106.9608,10470.0520,13232.7111,12618.8645,7613.9564,11341.3012,7001.5164,12206.1785,6666.9154,5503.1417,0.0000,11125.3631,12730.8504,11632.3656,12545.7574,10941.9241,9764.9458,13296.2829,12684.1411,12118.1213,9017.8860,10533.0173,4516.0873,10356.4817,10984.3038,9466.9973,8036.7670,8697.1106,1175.0599,12639.0644,13779.0224,12080.9290,5541.2956,12164.7875,12716.2043,9100.7889,10383.4383,382907.2347,402329.3919,391552.5637,389736.6528,394746.8108,395161.7289,401570.1685,397561.5692,336238057.3412,336189246.8287,336217686.9215,336226003.2864,8871.9406,9909.7701,7028.5497,2994.2554,2695.3668,8072.9827,7879.7221,7038.6709,9596.2495,13047.4389,7313.8505,10359.0826,8490.2179,0.0000,6803.1096,3951.8898,3395.1375,8615.9823,8466.6504,10391.4975,3810.2238,8487.3537,11408.7392,11796.8167,8036.7459,8727.4013,3333.5325,7185.3178,13596.0998,8919.6322,7257.1537,12227.1570,7345.0592,6433.3820,11943.1888,13668.8550,11477.4058,9174.0087,4378.2569,13076.4689,386247.9991,405105.8396,394448.3287,392808.7754,397659.2702,397969.9664,404510.8565,400600.7682,336234407.8819,336185596.0842,336214036.3399,336222352.9896,9867.4156,2527.6866,9486.5540,10710.1271,1442.5203,1396.9359,9744.2071,2910.3538,9005.1778,2680.7972,13771.3933,13339.1340,0.0000,5107.3935,5337.3861,6888.8875,10205.2880,12041.0920,5345.6356,6938.5062,802.0500,9484.5279,12637.5277,12341.7396,12262.5678,8608.9031,4740.5000,9792.5454,8022.6924,7826.9753,12547.8526,2195.2735,6399.0760,5329.5155,11274.4725,9275.9857,9655.4491,11656.0512,7217.3451,388722.8097,407930.1492,397159.0263,395528.9022,400506.2800,400639.1921,407083.1792,403277.3885,336231381.0123,336182569.9660,336211009.5845,336219326.6740,10633.0872,11692.5276,9777.6861,9066.8223,10318.4200,13410.0218,11484.4628,12258.8794,11028.4592,8588.8754,11240.4153,0.0000,12312.8745,9560.3589,11348.4352,1943.7208,4531.6542,12597.0404,7745.9644,10303.3755,2521.9979,5492.7492,5533.7605,12987.5254,11876.6612,12184.3417,7812.4256,13627.9104,13172.4336,12209.2322,10619.8088,5785.9070,7954.7012,10903.1854,2776.0077,1019.7995,10605.6036,9152.5359,379065.4507,398175.6168,387427.5257,385811.3945,390759.9014,390906.8737,397374.6403,393562.3485,336241061.2751,336192249.9925,336220689.6733,336229006.7790,7472.9106,9136.3828,2517.2929,1147.1334,8135.2452,3533.8453,9881.2252,804.7631,13572.7139,12417.7874,0.0000,3138.9724,3457.4559,4579.9196,10518.4203,11941.5944,5540.0962,5804.9349,1838.5653,10762.5411,13247.3376,12043.9963,11166.5691,6484.4461,3000.1076,11387.9045,6948.3338,6246.0111,12553.4495,364.0585,6353.5367,7558.2742,12168.7936,10616.9293,10236.7865,10145.1374,9137.2840,389610.3497,408722.3666,397982.7642,396349.2293,401291.3303,401474.9351,407946.1798,404110.5690,336230635.9644,336181824.7138,336210264.5190,336218581.4739,3446.7330,9112.8421,8363.9706,4341.2162,9283.0827,11973.9309,7438.1960,10233.9923,7232.6185,0.0000,5941.5182,5450.3178,3235.6572,10622.1970,9946.9315,9383.0705,6410.0714,8955.6577,12823.9911,12447.6104,9357.1736,6464.5864,1221.3036,6367.5750,13829.8798,6872.7122,5123.1980,10743.1387,7777.1329,8795.0070,12611.5165,12875.0053,12874.4891,11131.2428,3733.5075,13188.1894,387451.2009,406388.5806,395721.8678,394036.3674,398903.6890,399272.7472,405798.3390,401844.8848,336233375.2779,336184563.6734,336213004.0155,336221320.4983,10008.5305,9855.5149,7072.1597,11142.6173,13184.9800,9316.7037,8343.6011,6320.1216,0.0000,8560.2677,6372.5135,5550.5054,8350.7234,7178.2433,11512.5504,5734.2973,10390.5001,11403.0083,10583.8079,6469.0035,7405.9043,4452.4303,8889.0036,13477.3740,9551.3232,8051.6236,11111.2153,9415.9936,7864.0429,12888.0762,13109.3230,11535.5526,9134.0373,1982.4012,13598.2023,384299.1413,403167.3556,392515.2475,390848.7419,395696.8306,396057.7310,402599.0488,398654.0565,336236505.9994,336187694.2358,336216134.5887,336224451.1172,1804.1251,10009.1311,4202.3003,9994.6650,3041.3826,13486.9323,13179.2197,0.0000,5499.4099,4438.0973,6476.4247,9251.0321,11243.6811,6543.9566,5714.9131,1749.7927,8982.4982,12313.9246,11568.6223,12436.1010,8317.8839,5259.1854,10129.0232,8748.7649,8279.3902,13010.6041,2322.5489,5071.0833,5753.5320,11884.5425,8799.3728,8741.8223,11148.2541,7920.0094,388080.3684,407218.9734,396463.6562,394850.6615,399807.8209,399936.6906,406397.0702,402597.2705,336232016.2224,336183205.0183,336211644.6723,336219961.7794,8758.4106,2889.5796,9335.4530,1345.8089,13641.1615,12790.8061,0.0000,3874.0357,4310.8978,5619.8803,10410.8078,12009.3815,5183.6764,6334.9210,698.4816,10208.8492,12968.5782,12197.8587,11577.1780,7418.5430,3585.2396,10630.2712,7250.8951,6817.6847,12449.4128,803.4204,6385.3032,6540.9753,11670.6857,10034.4640,10007.6680,10818.1362,8209.5335,389295.5667,408455.9304,397701.0158,396067.2418,401026.7028,401188.7016,407646.5005,403823.2229,336230887.7926,336182076.6466,336210516.3672,336218833.3787,8249.2289,9266.7435,7678.6178,10569.7259,7084.1583,0.0000,5473.1011,7928.5263,5592.1882,12856.9971,12055.2619,7192.1602,9598.1077,9165.3896,13817.8179,12939.8261,11514.8970,4217.6494,4051.9708,5683.7853,12976.6643,3445.4094,2390.9886,8217.9855,8319.0229,11349.2845,12330.5724,10753.0965,13813.4353,13137.5781,6331.9136,12059.9953,388702.5949,407850.4344,397138.3305,395391.1883,400318.3707,400718.4459,407194.8639,403210.2902,336232209.4630,336183398.3432,336211838.6196,336220154.9998,7008.3637,2940.4898,13672.6611,12702.5642,0.0000,4063.2291,6663.8844,7072.6945,11857.1293,13107.2629,2512.0232,8738.2474,2583.8514,10871.0923,13089.8517,13257.5232,10921.9724,8317.1840,3499.3482,9711.0105,5764.2525,6109.5886,11027.1848,3266.2932,8714.0611,6144.6716,10013.5786,10668.7451,11393.1711,11650.1811,6878.9355,389772.5525,409078.1362,398291.5752,396615.9555,401616.9852,401798.9138,408222.5828,404378.7937,336230465.5477,336181654.7372,336210094.4058,336218411.3536,9337.8158,11334.2350,11129.2417,0.0000,9211.4203,11801.7930,11552.6945,13087.8786,13249.5947,5320.1707,13051.0691,9039.3474,10897.0800,10850.9728,13342.0894,9360.3127,11517.5064,8744.9109,6535.9259,6927.5373,8396.2060,6133.7685,9705.2543,12697.5788,7447.0783,4057.0974,10741.9338,12653.4704,12730.7016,5199.5998,386140.4796,405724.7346,394882.9004,393109.3285,398187.1312,398442.0543,404800.5246,400893.3744,336234351.3606,336185541.1892,336213980.8197,336222297.5779,13553.3513,12261.0976,0.0000,2562.1686,3993.0805,4654.7282,10960.4445,12247.4238,4811.8611,6420.3220,1904.4499,11053.2957,13342.7042,12318.0623,10797.2864,6404.9923,2327.0398,11284.0758,6257.9477,5671.2226,12133.9755,795.3516,7017.4121,7587.0585,11801.5283,10903.0938,10679.8480,10185.7077,8944.2817,389909.5891,409053.0092,398307.6733,396661.8672,401612.0964,401806.7109,408271.1616,404426.5629,336230364.9123,336181553.7357,336209993.5462,336218310.4683,4535.9034,0.0000,13181.6155,12284.4548,12060.1432,8201.1435,5487.6998,13248.4684,11381.6610,13799.8072,9240.8348,4676.0390,4974.6956,7558.2816,10960.8405,13161.9299,9724.2419,12038.6094,11776.1152,6993.3445,13657.7814,11522.4153,12571.5987,8720.3371,9464.1470,8781.4297,7380.4271,11874.0251,378167.5021,397357.4970,386628.2392,384882.2861,389827.5933,390204.5175,396668.1154,392695.4783,336242623.2991,336193812.2418,336222252.3832,336230568.8918,0.0000,11085.8397,11032.2088,9800.7658,10486.7863,8058.4443,11919.4560,10879.4084,13103.1645,12050.7919,8684.6435,7215.3695,3696.5544,8073.8065,11198.8612,11996.3408,9432.0618,8915.3295,6440.7204,12577.8068,12033.8871,13717.1819,9816.0971,12206.8120,11139.3355,4577.7103,13076.2686,381857.7466,400979.4020,390280.1315,388514.5694,393429.7075,393878.0502,400362.6253,396345.5865,336239196.2571,336190385.0767,336218825.4436,336227141.7446,0.0000,0.0000,0.0000,0.0000,0.0000,0.0000,0.0000,0.0000,0.0000,0.0000,0.0000,0.0000,0.0000,0.0000,0.0000,0.0000,0.0000,0.0000,0.0000,0.0000,0.0000,0.0000,0.0000,0.0000,0.0000,0.0000,0.0000,0.0000,0.0000,0.0000,0.0000,0.0000,0.0000,0.0000,0.0000,0.0000,0.0000,0.0000,4676.2257,3638.0678,12036.6414,12683.6769,4597.1602,7305.7460,4353.5260,12484.6397,13823.6669,12540.1041,9096.9463,4792.6818,584.0572,12249.1371,4284.7549,3357.7739,11236.2347,3304.5446,8606.6327,9399.8795,11765.1044,12375.5862,11953.2389,9084.6046,10158.7911,390602.0509,409738.1826,399005.9073,397329.0536,402268.7966,402530.6648,409001.7198,405111.7934,336229869.0840,336181057.9069,336209497.8817,336217814.6202,2827.5390,8838.6327,9963.5007,8209.8458,2798.0009,4946.9967,10492.4229,12468.5218,9930.7035,10549.7977,4794.0782,4919.4254,12420.9831,8229.5042,6881.6420,12906.3695,3770.5045,4674.4310,9375.3219,13230.7775,10447.0204,8902.8096,7810.4257,11030.4779,387993.6138,406947.0579,396251.6339,394635.1168,399525.0535,399745.4628,406257.5241,402404.3700,336232376.8213,336183565.2185,336212005.2103,336220322.0844,10521.5175,10851.8219,7849.1383,4953.2430,6283.4813,12248.9085,13207.3215,10555.9209,8722.3571,2250.2997,4115.2995,13374.9186,6540.9770,4836.2783,11997.9007,4922.8021,7222.3569,10955.9422,13156.7494,12226.2754,10753.3582,6532.7027,12034.3417,389020.9114,407981.3612,397296.3251,395643.6992,400526.9390,400818.5146,407333.9186,403432.1619,336231559.3808,336182747.8107,336211187.9671,336219504.6452,3301.8462,12982.7187,6685.1781,10525.1935,4419.7649,6095.3768,4229.7639,12464.8490,10934.5522,11999.9431,9328.6666,13520.8582,12817.7229,12483.3932,10571.4018,5210.4423,9241.4354,11839.8501,4661.4425,1184.4716,9320.2354,10506.2696,379299.7599,398313.0552,387593.7044,385983.5855,390898.8122,391077.5448,397571.2038,393742.0388,336240924.5789,336192113.0896,336220552.9079,336228869.9348,13707.4635,8009.6653,12208.0931,6475.5415,4955.3655,1085.4665,10742.1539,10574.8082,12710.5995,10105.0574,13359.5572,12623.6545,11092.6763,12045.7235,7578.1837,11223.9712,11433.3102,6765.8043,4290.9593,7592.5444,11806.5234,378209.4806,397213.4042,386510.3821,384859.7697,389761.8848,390027.9881,396530.0422,392641.6670,336242254.8728,336193443.3792,336221883.3962,336230200.2024,10310.6434,5008.1640,11860.9993,13160.4947,13736.8254,9630.2991,8484.6456,4050.2795,9659.0385,4105.8565,5168.9684,9434.3189,5369.1449,10539.5169,7325.0298,8783.7399,11680.4645,12604.7675,11596.0367,7037.6868,389905.5695,409291.2745,398493.8141,396775.9883,401795.2793,402027.3689,408434.7303,404552.9866,336230484.5006,336181673.8846,336210113.6146,336218430.4230,6826.6628,9211.5704,11257.2453,8071.3109,11335.2048,6262.3082,7500.3889,12332.2744,10355.6581,9032.4633,13484.1054,6037.0514,2843.6995,9773.6798,13711.3539,9232.7918,6916.0323,7497.2727,11602.4864,385605.3550,404489.1816,393807.8921,392213.1218,397084.1668,397291.0038,403818.4502,399977.6176,336234739.8501,336185928.0870,336214368.0837,336222685.0106,10030.5730,12935.9207,12441.7264,11881.0629,8024.0893,3998.8168,10262.4016,7460.2318,7190.6622,12450.5444,1484.7199,6623.9684,6004.5350,11434.4015,9837.2027,10050.8804,11314.0807,7705.9009,389215.6042,408408.0165,397643.3176,396008.4678,400979.1807,401128.7461,407577.7453,403761.3864,336230933.0156,336182121.9398,336210561.6091,336218878.6525,5388.2681,7412.4181,13387.6560,12853.6904,12243.1723,5686.5461,13464.4894,13349.7980,11645.6598,10668.2584,7039.2999,6285.8792,9488.3094,341.6285,3422.3204,12033.7091,7209.6630,379257.4544,398504.3102,387718.7624,386085.9171,391079.2408,391198.2591,397630.4460,393830.6490,336240790.4293,336191979.4442,336220418.9707,336228736.1409,5416.2890,10897.7842,12869.9204,13661.6165,6622.0246,13404.7592,13362.3363,8728.1245,13234.3155,10228.4394,9941.2412,7931.6872,5630.1602,6155.2571,10378.7563,9440.6965,376950.5758,396230.1217,385457.8326,383752.8249,388740.5564,388992.8246,395426.5162,391533.9563,336243449.5076,336194638.6146,336223078.4112,336231395.2458,10052.2839,10078.7284,12603.1461,10663.6695,13063.0468,12262.9375,10792.7295,12172.5083,8015.4805,11826.0206,11555.7455,7690.7765,5246.6448,6735.9450,12306.2740,378467.5490,397451.6685,386758.4233,385097.9812,389990.5203,390285.7919,396794.5796,392887.4038,336242087.2990,336193275.7690,336221715.8659,336230032.5960,6897.9378,9190.1388,12234.8360,6448.1941,6222.2372,5517.3469,11310.8982,12712.3245,13311.1626,9258.7686,13456.3002,12892.5824,5801.9596,12451.1764,385172.4084,404378.0179,393660.3341,391873.9671,396813.2045,397266.4906,403731.0561,399707.1579,336235914.2277,336187103.2450,336215543.5843,336223859.8444,5249.7661,13667.7581,6124.9542,4296.6115,10906.0313,6792.6861,8601.7590,12073.8254,12783.7313,12872.1907,11329.8021,4876.4208,12720.5148,388361.0385,407325.0756,396648.8233,394966.9324,399844.4283,400194.2231,406712.3608,402770.7940,336232400.1499,336183588.6013,336212028.8860,336220345.4127,11836.9231,4162.3452,3488.1862,11036.9818,3106.6664,8618.1213,8941.1613,11389.8605,12122.0787,11865.5409,9384.9329,9658.8008,390508.0956,409673.0328,398932.3204,397253.2961,402202.8470,402456.0589,408919.4788,405034.0275,336229935.3197,336181124.2060,336209564.1403,336217880.9010,11679.9477,12371.7085,8554.3815,11200.1875,10785.4489,5314.4219,4814.1508,5527.9381,8598.6759,13452.0354,3548.1435,380843.2887,400372.9094,389526.4808,387812.0778,392886.2409,393043.8893,399408.8036,395569.5365,336239338.3810,336190528.0406,336218967.4684,336227284.5148,1898.2730,8190.4528,6999.0432,11513.3499,10491.2320,9546.7764,13377.8068,13498.8059,9156.3735,10018.3788,389967.0870,409255.7780,398499.5833,396751.1985,401728.1680,402067.1180,408505.4733,404555.7471,336230746.8556,336181936.0435,336210376.0883,336218692.6158,9018.0837,6390.7421,10556.5925,10906.7060,10631.1924,13289.7963,12909.1441,7819.4645,10851.3386,389879.0324,409063.3801,398333.1872,396605.3254,401549.9737,401894.3336,408358.7493,404410.3467,336230848.2533,336182037.2044,336210477.3334,336218793.8528,12542.3529,13744.7332,11396.1747,4415.3978,11671.4229,12550.0376,9878.0853,9515.4746,382764.4628,402235.8515,391442.9944,389628.1538,394656.2442,395046.5666,401441.3002,397447.0136,336238124.2555,336189313.8468,336217753.8497,336226070.2776,6437.9046,7282.7608,12039.4152,10512.6818,10251.1596,10403.5944,8876.8015,389607.1910,408735.8568,397991.1401,396357.1304,401305.0841,401482.0774,407948.7750,404116.8607,336230619.5690,336181808.3548,336210248.1332,336218565.1048,7994.2157,13101.5340,7023.2752,5020.1144,9433.8726,10166.7322,384250.1429,403208.5742,392498.3401,390917.8577,395819.5373,395962.8319,402467.4497,398666.0208,336235905.6559,336187094.0451,336215533.8397,336223850.9373,8475.8705,5979.2247,8309.0342,13489.5498,2909.7995,384780.5431,404181.0235,393355.2557,391703.5792,396745.9589,396834.1902,403226.4519,399441.3033,336235211.4071,336186400.7781,336214840.1475,336223157.3641,9421.4647,11498.8111,12431.1355,6011.7873,382171.6786,401765.1604,390923.8481,389137.0022,394215.8778,394493.1484,400850.2754,396926.8712,336238377.2663,336189567.1024,336218006.7629,336226323.4848,3634.7851,12175.7840,6947.5339,379486.7166,398743.6477,387954.8718,386322.4374,391319.4218,391433.0101,397862.3087,394065.7758,336240548.1920,336191737.2290,336220176.7371,336228493.9198,10106.1790,9687.1338,379527.5835,398585.3655,387850.9640,386243.9182,391175.7928,391327.9727,397808.8852,393995.6831,336240620.8280,336191809.4319,336220249.1612,336228566.2538,13785.5364,383957.1532,402878.4806,392220.7871,390521.2008,395380.2622,395784.7698,402315.8437,398338.6108,336236978.4709,336188166.8362,336216607.2506,336224923.6635,384238.9443,403764.2817,392915.2436,391215.6736,396291.1170,396420.6822,402784.8958,398965.5573,336235877.0823,336187066.7415,336215506.1185,336223823.2219,29245.2689,18427.2380,14286.1116,22817.1202,22107.5338,23132.2670,18907.8002,336619137.1391,336570326.4596,336598764.1745,336607083.2608,12268.3121,16244.2040,9378.8743,10446.8534,12248.6685,11144.6265,336637907.6071,336589094.1283,336617532.7845,336625851.8349,6917.4213,7828.1127,5668.5233,11980.1843,7877.8822,336627258.1182,336578445.3840,336606883.7020,336615202.8602,8572.0195,12143.5339,15589.7375,8306.5191,336626093.2527,336577281.0775,336605719.5373,336614038.3337,10988.0133,15230.2872,8735.5490,336630939.4325,336582126.3898,336610565.2351,336618883.9155,8572.0195,9133.9204,336630343.3274,336581530.3957,336609968.4897,336618287.9702,8443.1186,336636838.6342,336588026.3698,336616464.1257,336624783.7420,336633633.4547,336584821.2597,336613259.4994,336621578.5492,64406.9482,40641.8370,31035.8439,38750.4741,39258.2450,25936.2285,
46800.000,11055.8064,11382.8904,10777.0472,11898.5255,6047.5988,13294.0216,7379.4801,4787.5140,4109.5570,13789.9483,10713.5902,9884.8150,6535.1706,9424.0249,11613.6029,8456.1113,8479.1714,4733.0518,12645.1638,12845.7352,3189.9571,8589.7688,11406.7213,12631.3849,13369.0494,3943.3496,4763.7965,9311.9967,7637.1567,7686.5599,11721.3828,6049.4702,12009.3781,7053.2950,9131.1195,2713.4820,11595.8756,12419.5288,6845.0378,2287.2789,1301.8531,8189.9000,13324.1364,12166.4041,8639.2057,12368.4307,13180.9596,7019.9515,8108.1664,11508.6147,4363.0891,12983.7661,12947.1226,8378.6243,9980.3599,12691.0583,12140.7790,10097.3590,4093.0026,13001.0363,11039.4332,7664.5629,3333.0236,8871.6641,9967.6122,8381.6624,6774.7109,8226.5193,8893.0436,12695.6814,4225.9889,4601.3412,0.0000,11184.8729,5498.1601,10282.1323,8823.0270,6946.3589,7556.6861,12016.6032,12912.5499,11651.2281,12539.5078,10923.7962,7191.2402,9228.1975,6129.0947,13337.7820,10194.8397,6635.1401,9834.3814,12523.7393,11566.4676,13088.8069,7862.1099,11827.8157,10042.2928,1867.8404,11376.2540,380336.0283,398257.7507,388473.8064,389435.8790,391446.3438,392094.4883,399220.6962,393170.4868,336223338.7315,336178891.8377,336209616.7093,336212110.3189,10305.6412,3870.6639,12264.9469,13221.6067,4878.4879,13204.0800,7854.9093,8733.3904,6862.1429,10702.0796,12130.1414,8122.3977,8733.6032,11348.3364,12507.0309,13475.5346,7764.0044,11041.4409,5638.9247,9220.6529,6554.7521,5926.9793,9165.4345,10020.7685,8549.9735,11615.6898,11965.6172,8438.8667,4682.8081,6293.5078,8141.7956,3541.7122,10374.2750,7958.0827,11393.4269,786.5288,11989.2917,11250.9386,10854.5865,10316.1271,11440.6644,4761.4887,7820.4878,4842.2534,2600.7633,10419.8610,8040.4378,13507.6902,2144.2081,9552.6159,10646.3868,7733.3480,13562.4597,1830.4736,4975.3368,8017.5189,13474.9617,8144.5855,5987.4438,7442.5576,6424.1783,9531.5595,5245.4044,4971.0419,6595.2311,9726.8621,8837.6553,12538.8612,4023.6188,12600.2325,12121.4541,0.0000,3184.6923,7079.0394,1384.5055,11186.3626,11303.9844,10373.4958,2157.3908,5401.8264,12126.0553,9972.2730,8356.4369,13685.6476,2798.1394,9291.4814,10616.8099,6480.4702,11005.3608,13504.1746,4059.0957,773.2870,10276.5810,13453.1419,12042.2606,8198.7762,9871.1453,11546.8136,378358.4875,396237.8582,386488.7150,387386.0911,389258.3948,390167.0931,397432.6208,391184.5413,336226219.5309,336181772.7259,336212498.2926,336214991.1909,7649.1239,4992.2310,8349.4007,9787.7059,11530.4998,10596.3784,10081.7313,8374.9727,12659.5230,3419.6061,13573.9795,4365.4724,2136.7742,12340.1288,10746.3071,10885.3625,10521.1071,11288.0511,10650.8163,7435.7709,5330.5781,2648.3575,5144.3554,12477.4946,7973.6012,12721.5925,6665.7343,11057.3165,4896.2444,13311.2831,11484.7731,13699.6804,13729.7406,9468.7782,10125.3203,8740.0872,13431.2099,12394.9625,11149.5672,13184.5525,9082.5719,12348.9540,12760.6181,10138.4296,9509.0318,13645.3139,7657.5365,11300.2629,13162.4556,8510.6358,11131.4018,7466.4538,10470.4482,6709.9830,3146.3608,9548.0914,11567.4948,11128.5043,4095.6304,13264.6402,12754.3264,8202.6709,12919.1844,13396.5922,13755.7427,13724.9212,12427.5002,10531.3352,9065.5206,12631.4418,0.0000,12007.4541,12406.6846,10904.5812,3778.8382,5890.3761,13668.0750,8982.1002,11083.4650,3923.6839,2350.7040,3144.1797,9687.7641,10619.7825,13547.9358,5845.4356,13305.4528,13242.5017,8594.9047,11129.5303,10066.8547,10216.0923,11007.5616,4007.8163,4174.9898,11846.9800,11743.9620,387648.6975,405701.0136,395888.4645,396778.1112,398745.9749,399579.8552,406781.6556,400585.3020,336216742.8108,336172296.4372,336203021.6806,336205514.7555,10975.6476,11953.2069,6738.3909,13613.0102,7217.7939,7707.1244,7561.5335,12597.3301,9879.1347,10203.7807,5391.7932,9224.6422,13554.6042,13656.7864,7362.6925,12146.5495,8321.0725,8513.4396,3610.0609,2631.8555,6974.0266,9039.3629,9401.1136,9800.1379,13394.9913,5569.7187,5314.2392,3252.1276,10044.3363,6906.0330,12233.3650,10719.3945,10221.2186,3914.6519,12181.1749,12785.0863,11351.0638,9906.4614,13040.6980,6068.3740,10442.4874,7644.8647,5245.4198,11265.9077,10292.8002,12355.6805,5830.2843,10838.2791,11051.4134,9865.6855,12354.4108,3655.2658,3519.2396,5245.7326,13400.5663,8228.3146,8498.9297,3989.4621,8901.1917,10384.2296,2732.7885,8292.0823,9358.9346,11689.5750,11254.6317,13654.2574,6650.0198,11373.8878,12817.3258,0.0000,6848.6731,8351.4897,4317.7340,8457.9286,8863.2567,12307.7569,3066.6604,8026.6796,10464.0299,7905.8756,5026.0846,13178.8994,4030.5138,11152.1628,9897.4876,9629.3289,12522.5495,13033.9788,7055.9420,3828.0828,11442.0510,13654.9559,10441.2917,4736.6303,9972.9681,12928.6294,380359.3826,398407.6285,388598.8190,389473.8354,391417.1631,392304.0563,399533.9613,393295.2324,336224214.0985,336179767.7129,336210493.0730,336212986.0372,7613.0985,10236.5130,8829.1021,12777.5028,12234.3433,8320.0406,10041.6212,4268.4496,13593.3784,8686.0414,2954.5369,9512.5725,7515.3465,12941.6697,7197.4984,10935.9749,12419.5907,11138.6522,9119.3559,5333.1906,4049.2903,13313.5347,9453.9887,9912.8248,10304.8997,13307.9928,8632.0355,13405.2897,12023.3035,12391.2964,12963.3211,10424.7364,12034.1328,4612.9405,11760.8346,12268.8588,12183.3299,10971.9029,9920.9967,10914.0436,13654.2953,11374.2333,6520.4605,13521.4011,5546.8921,12423.6422,13108.6212,5311.9322,9690.5099,5301.5051,12768.5932,9345.2337,7040.0395,5556.6870,13175.1998,10632.2435,8479.5346,13756.8725,13145.9056,11628.0184,13226.4461,13475.2018,12850.9310,12765.0736,9483.7014,11039.8660,9183.8984,11299.0063,0.0000,12761.0894,13499.2866,12892.0508,6748.9604,8241.9665,12192.1367,11221.7360,10875.9273,1254.8671,4262.7986,7772.3311,7282.2525,12956.0275,13010.8234,3548.8701,12897.6500,11663.7613,4733.2153,11511.6839,12006.2733,7332.1503,8058.0977,1064.1888,8639.8115,12681.3948,8463.8815,389908.5263,407743.6172,398005.7466,398936.5162,400832.2628,401650.7890,408875.8189,402702.0474,336214338.2715,336169891.3376,336200616.7572,336203109.8419,13708.6744,5912.7152,9034.9630,8001.6618,13051.7998,10878.2584,5454.6206,10895.5872,8554.6562,7747.1761,7981.0793,5801.7945,9203.5656,10992.7413,13722.6451,7736.2110,10028.5919,11192.7072,10193.7341,10579.6591,9286.0450,3892.9076,9240.1884,8300.2254,11479.7118,11176.2078,10508.2216,13789.6891,9855.9194,12057.0976,4269.4419,13455.3753,9448.0044,8965.5285,7124.7111,6733.9393,9272.1092,13553.6545,13012.9801,12462.5227,13676.1292,11340.2723,11131.5216,2584.8625,13674.4113,9149.3295,10653.6393,13004.6835,2814.8868,12719.3287,12573.1154,10523.7388,6460.8011,9147.7254,13659.7171,10225.3802,11843.8728,8713.8006,10815.2506,13047.5754,12084.9439,10191.7477,11214.0120,8335.5502,13733.5805,2114.5957,6671.6544,0.0000,13639.2473,10376.4933,13046.1295,5819.3569,4805.3793,10035.7049,13238.3243,13752.9594,7304.9442,9594.6725,9555.0097,3182.3709,12309.5532,10048.0918,10335.8541,12887.6848,8848.1270,5521.4428,13857.5122,13417.2012,11625.3269,5532.4295,7568.1095,9228.8370,7632.7409,10322.0302,386357.8517,404287.4636,394503.3801,395461.4517,397467.8372,398127.3707,405257.5382,399200.1218,336217366.6231,336172919.7889,336203644.6947,336206138.2513,12682.8262,11453.3294,12003.9135,2568.2919,8855.8551,11774.1559,10235.7177,10358.6362,10128.4810,11603.8027,12468.2726,11386.2830,7748.6914,2508.1483,12357.8463,9741.3490,7039.9771,7771.8944,7108.5496,11494.7796,13365.1710,10768.1987,11065.2500,9019.5238,6890.6837,10348.4467,3196.6188,10954.9304,8486.6541,13370.9039,4234.9583,8979.9455,11547.1556,12784.4365,12949.3228,10969.4475,1029.5595,5370.1918,7856.2817,2354.8139,6716.8065,9918.8580,13060.6720,4004.1925,11660.7062,7125.5023,4096.4723,13046.6102,6587.6990,4652.7788,7661.7326,11770.9223,11583.4590,2461.3937,8481.5306,9003.6853,12049.7699,8863.9130,6555.4339,8441.2354,10760.5185,9445.3628,11457.5405,1458.3615,13825.5763,12942.5628,0.0000,4676.6246,10359.6810,6080.2506,11929.8067,12710.7953,10677.2836,4029.8063,2113.9449,10484.7052,8390.0242,9114.3491,13351.0982,7431.3557,10783.2092,7520.3445,6873.7923,11374.8008,12012.7735,2252.2820,4275.2701,6617.6766,12720.3060,10275.3680,9680.5809,12574.1588,9112.5383,381870.1603,399592.0073,389903.2503,390811.9426,392600.9936,393564.1844,400878.5113,394597.8654,336222906.9466,336178459.8105,336209185.6762,336211678.3890,10918.3481,10443.6041,12302.9446,6244.9148,9440.6760,8804.8037,12343.6354,10447.0234,2387.5240,1681.5039,10833.1060,7767.8961,11672.5612,9858.8708,12892.4117,13373.9002,12221.8202,11089.4886,9079.9854,8693.4447,3912.2895,12012.7521,12257.7882,13309.1796,8627.6367,12291.5005,5977.1620,8759.9669,7798.6101,13392.5674,7418.0605,4650.8313,6459.8201,8424.0479,4263.3868,12970.9455,9748.3915,11214.8379,13044.2615,8965.6237,8770.0557,5486.0561,12708.9206,7546.4288,8838.5370,10339.8100,5742.4808,13140.3022,13638.7016,12908.8230,4053.0967,10199.8240,11583.6953,13117.2837,10190.4188,8095.0304,13052.2048,11033.8369,9836.8128,6864.9910,7703.5398,2772.0991,12484.5009,6621.2442,3813.9531,0.0000,12207.5391,10037.1624,13048.1705,10495.1565,9853.6007,5906.4024,13627.8078,11872.0102,9350.4181,11646.0194,12761.6842,3177.1983,12880.4795,7320.4101,10407.7862,10067.9571,4702.0091,4630.3060,12350.3384,13391.7448,8825.1577,1010.6148,9422.7146,12693.2496,8378.4215,5939.2976,385260.5812,402891.9634,393213.4754,394213.9759,396100.2879,396786.6248,403972.4938,397908.7245,336218484.4706,336174036.8956,336204762.1506,336207255.6061,1302.4368,12437.6940,12230.9587,10517.9453,6666.7190,7309.6127,11623.4673,11423.8217,11720.6964,465.2535,13671.4871,11567.5271,1765.9997,4902.8106,8581.3643,11423.6862,12964.4606,3761.0973,6109.3403,11789.6652,4997.2582,3655.2207,9114.8731,6241.7702,10007.1383,9079.2295,9323.9526,5256.3211,8506.9820,13697.0829,9521.2553,5833.6748,3542.8046,10687.0569,11299.2283,12000.3379,6570.5815,9878.3193,13694.9207,7164.0494,10765.6208,8981.6814,5939.6379,13540.8075,12540.3105,10937.3300,6317.9444,10051.7142,10228.4821,12710.8628,1666.1499,11827.6713,8560.2251,6485.9397,4744.7966,4850.4909,8454.0337,7618.8336,8348.7810,9072.0577,11747.7799,10753.6203,7359.6801,8457.1972,0.0000,9001.1726,3832.2810,6894.2250,8622.8504,7139.0970,9510.1854,8938.4561,11512.0905,12307.9209,11768.3453,8857.2768,10650.5354,5402.1907,7437.9979,13328.7950,9530.8209,9245.3571,12371.0017,10651.0033,8460.3974,13641.2837,11302.5146,12437.4019,7713.1148,3616.2008,13068.7710,378126.2888,396169.1882,386348.3993,387269.2769,389287.9463,390012.0603,397160.6483,391045.5863,336225828.9250,336181382.3803,336212107.3275,336214600.7489,12745.1127,12391.0405,9692.4850,7343.5736,6843.7917,11049.0458,11210.5285,11194.0234,1649.2470,13673.9722,12177.2430,1037.8632,5000.4706,8705.6134,11186.6736,12783.2414,4286.9379,4889.1474,11735.5854,4490.1756,4835.2403,9193.2735,6885.3070,10803.1035,9320.6657,9962.5990,4106.4831,9330.8978,13449.0544,9570.1941,5600.4843,2872.7121,10719.3128,11807.6563,12496.5754,7611.4074,10601.8551,13714.4508,7843.5438,9878.0686,9864.4988,6243.3189,13459.8676,12948.7418,10050.2452,7295.9855,10384.0628,10083.3708,12185.8800,2394.3495,12395.3907,8425.3433,7410.3803,4977.0820,5303.5592,9365.4363,8458.0642,8712.4509,9581.5248,11560.6996,11419.6026,6254.7035,8137.7851,0.0000,9910.2021,4760.9591,7892.6774,7744.2413,6069.7841,9755.7000,9607.0572,12123.6877,11708.5783,11433.9833,8563.2499,9866.2581,6441.2092,7854.8522,13116.2933,10293.3634,9303.2436,11740.7388,11369.4233,9280.4525,13723.2945,10762.8527,11868.0523,7388.1906,3429.1044,13059.9569,379118.6465,397181.9165,387352.9173,388275.5436,390310.3367,391015.6017,398151.3489,392050.1425,336224787.0303,336180340.5287,336211065.4109,336213558.8821,8972.1642,10427.6097,11684.2185,9993.8261,8401.0436,11432.9052,11755.7625,12439.1047,6673.0922,4239.2206,13115.3669,10276.1003,6922.3112,6109.3402,4812.5018,12682.8399,13163.1808,10733.0341,11212.4658,10575.7000,6533.2316,11738.7332,5588.2905,11813.5411,9935.2923,13460.6670,6234.2000,7325.8999,12115.5295,13454.2125,13572.5951,11310.8298,2335.6563,6273.1580,9808.9184,4640.4031,5221.4020,11389.1996,11998.3743,6361.3498,12737.1759,5338.9578,4372.8905,11927.5204,8383.0577,4641.6926,6600.3819,10601.7068,12695.6893,3916.4142,8036.2078,10750.7423,13086.8199,9718.6341,8593.1496,10178.6975,11825.2218,10670.8961,11256.4015,3935.0944,13535.2886,13260.4911,0.0000,6995.7214,11805.4553,8063.1734,11059.9542,12209.9503,11493.7004,5525.3094,3973.7004,8643.3378,6566.6412,8424.8139,12607.9822,9142.9624,11937.3717,5228.3477,8629.7119,11964.5487,10741.9985,4657.5087,6248.6569,5458.5902,12139.3497,8388.3893,9303.6720,13400.2753,8596.9464,384428.7719,402158.7182,392467.8419,393375.5346,395167.1678,396129.7226,403442.2655,397162.5035,336220358.8485,336175911.7438,336206637.6118,336209130.3121,12163.8835,7773.2692,13705.8590,11780.0921,4062.6198,6419.2868,12022.6852,4250.9048,7008.0383,12022.6279,13509.6274,12795.4106,12005.5805,10034.9674,9982.7202,12524.7766,2600.0828,13661.7052,11653.2973,12682.8987,7937.0804,8289.1858,5205.4084,5306.9482,11663.1491,10693.8125,6375.1607,5051.0895,9141.8072,11248.7649,3460.7280,9549.1292,4231.5782,8976.9998,9664.9383,5710.3650,7318.4082,10022.5783,9310.0092,8368.2843,6490.6904,5327.3521,10155.4560,11361.8193,11813.2672,12696.4384,6804.6396,11399.1887,6890.6017,13334.8032,8383.0994,9487.7321,13051.0302,7598.0141,7300.7339,5967.5233,5090.6428,3710.1398,8516.9018,11323.0833,7365.5552,0.0000,8580.6286,9942.1757,10850.3496,13186.9186,13123.6224,4600.7530,11209.8634,7338.7921,10872.1880,11763.7981,13390.6906,8693.1411,11493.3716,6793.4405,9362.7341,5994.8411,5099.1366,7914.3854,8195.1121,10731.2951,4949.3718,6598.5976,10750.0418,13622.4439,10633.5366,2193.4468,383230.4697,400692.6820,391082.6750,392076.1500,393841.5725,394655.5133,401930.3722,395776.6804,336220935.3424,336176487.4365,336207213.1711,336209706.2639,13285.9953,5785.8096,2760.0401,10791.7943,8596.0620,10799.7737,10457.5768,12702.8004,10002.6969,8751.0023,8050.7363,5671.4956,6799.8815,11953.4175,6148.0338,11546.8213,7255.1959,11910.8621,7771.7154,12966.4981,13007.7259,12805.9900,13732.1386,7712.9508,12096.1928,8287.2978,12221.3875,11011.8786,9976.9949,12044.2361,11282.9575,12989.9814,13413.3774,12123.8767,9938.1308,13410.8877,4651.0424,12908.4247,12326.7926,8885.0019,12116.3562,4431.9823,12049.5250,9495.8682,6363.3525,7603.3733,11263.2441,12540.3077,6756.9060,13482.7794,11900.6994,9684.7845,13689.6069,13626.3285,13034.2259,13386.5989,10952.5207,12318.7300,6629.9245,10869.9193,0.0000,13338.6058,12354.5563,12460.9600,2788.9755,4421.3683,12821.2067,11264.3148,12594.8450,3198.0618,4921.4004,5776.7581,6991.7286,11977.5475,12887.4530,6937.3939,13800.6900,12065.9590,6381.0417,12762.4742,12044.2549,10592.4257,8800.5478,3515.3335,6144.8283,10845.8518,11112.1264,388544.8735,406565.1815,396758.1096,397673.3184,399663.5686,400424.8875,407594.3955,401455.1937,336215560.0967,336171113.5863,336201838.6750,336204331.9463,12017.4140,13794.4345,7975.1594,10006.3951,6257.7820,10903.3726,8880.4691,6807.6471,10051.7777,11723.4926,13542.6446,13475.8945,3381.7757,10228.7781,7687.0382,10573.6513,6160.2597,12050.0464,500.2639,7778.5994,3682.7052,3433.7264,8653.9359,8679.7491,12176.5802,4901.6576,4858.9701,6455.4531,6103.5500,10695.7170,7922.1194,3689.1152,9121.2792,11571.5645,629.3639,11820.5169,7526.4674,2444.7257,11994.4016,9471.5832,12053.8379,7537.5752,11684.6419,13038.9822,11430.9214,5254.0756,9187.7631,12330.0477,1999.8618,3417.4273,9342.6443,4536.0422,2324.2695,2567.7762,2995.7825,8177.9886,9111.2488,9837.9707,6038.6234,0.0000,6616.0170,3055.1122,7232.7190,12654.0073,11573.7669,4074.7140,9819.4484,9057.8855,13747.6120,13735.0053,12696.8821,10517.9406,7055.4386,1734.5002,13413.9228,4581.8001,4673.8537,11848.2811,8557.6896,8698.7315,11062.3220,9586.4781,13762.6664,12133.6249,5208.3027,9490.1174,377043.6372,394742.6196,385042.9579,386014.3045,387896.3429,388646.8480,395857.9485,389738.7605,336226894.4587,336182447.0708,336213172.4021,336215665.7217,6213.4500,13207.5684,12132.8086,7684.1531,12788.1031,11779.2424,7671.1323,3541.3445,4081.3895,5757.4762,8597.2417,10154.5281,6188.9740,13631.5686,2589.8654,8096.2670,4280.7438,11683.2963,11050.6059,13181.3403,13108.1790,7588.2809,8833.2132,11652.4664,13187.3100,10839.1312,8754.9620,13496.6608,9654.2473,13073.8115,10945.7055,9683.4458,12021.6261,12249.6937,9154.1887,10312.4169,11526.6456,11314.3533,12369.7606,9096.1930,8181.4947,6661.4010,4364.1174,11755.1414,8665.7533,11805.3234,2594.5722,11527.8000,10743.4813,4730.9907,11813.2730,12082.5385,12905.9205,13104.4420,13407.3341,10611.8082,8208.3480,12097.7557,0.0000,11043.0017,10005.0777,8900.4608,3565.6545,4323.4761,13330.8814,7937.6875,11557.8654,7712.7513,6168.1299,2196.2257,10700.3798,8037.7068,12387.1760,9354.1975,12701.3298,12943.0731,10886.5239,11062.9494,8755.6919,12475.2298,12117.9829,7853.8531,976.5845,9525.9717,13448.3777,383954.2215,402118.6297,392263.7044,393143.0376,395168.0095,395969.2513,403138.5080,396960.8298,336220362.9205,336175916.7843,336206641.8262,336209135.0214,11293.2472,9425.1952,11870.0090,9302.0798,11345.1474,11453.2871,9120.4747,7046.5607,3396.3067,4310.2609,12977.0261,8394.7105,11724.3833,8226.4291,12204.1789,6564.1760,13552.1857,11938.7007,13344.4491,13654.1663,9767.7833,11139.9803,7141.8122,12898.3658,12422.0462,11616.2006,12438.0228,9562.5478,11978.2667,13377.9469,10853.0598,8380.9698,13813.8807,6446.3202,12004.0236,13296.8817,7253.5218,10716.8342,6207.5845,11658.5168,7909.6973,4774.0294,7921.2613,12370.1142,11116.3506,6053.1164,13704.3782,13051.6647,9805.9142,13301.5141,13671.7074,13576.6922,13551.5193,11343.5165,10937.3042,8913.4845,12150.5258,0.0000,12568.3188,13050.2018,11969.9937,4612.6701,6589.0655,13249.4194,10106.4448,11195.2005,1824.1372,2396.3152,5185.9018,8552.5393,11819.7514,13516.3172,4636.2095,13389.1642,12745.6084,6934.3187,11501.9082,11093.5136,9162.1941,9795.3985,1916.8330,6134.9250,12277.4357,10567.3720,388999.8438,406973.8971,397188.0468,398093.6381,400037.0764,400861.7112,408070.0674,401884.7803,336215321.2033,336170874.6279,336201599.9268,336204093.0131,3126.2252,11265.3634,6452.5778,10221.7979,10643.1742,13395.0641,13538.8037,12540.7472,11027.5451,9135.7632,10317.8278,1554.4625,12904.0481,12094.8994,13467.8411,7930.0266,11027.9240,4703.1522,7137.6689,9306.7160,12654.6283,6980.3938,3505.2043,7031.7110,9362.5124,2326.3515,12059.5327,7910.3124,10299.2404,12085.0550,7897.1304,7779.5514,7388.2721,11651.1115,7322.3680,8097.3700,8761.0777,7602.4754,12662.5853,13350.6139,13239.7298,4785.2501,10544.1959,10134.9728,13587.6912,9279.2010,8227.1056,13302.0019,9727.1562,8642.9268,5748.0111,6166.6551,488.8582,11308.4413,8517.7674,4406.8093,0.0000,11003.7036,9797.4412,12402.8110,11847.5788,11365.1942,4407.4498,13050.0277,10479.5809,10204.7784,12071.8940,13390.0121,5384.6694,12510.0852,6463.5411,10300.0453,8470.2470,3623.5226,5797.9938,11075.1304,12668.9281,7525.8769,2992.0032,10201.2217,13409.2196,9000.4465,4165.1762,384312.0780,401852.7985,392208.5557,393213.9341,395050.2566,395773.6259,402991.1888,396903.2345,336219545.6429,336175097.8654,336205823.2981,336208316.6453,11682.1757,6980.4502,11640.5924,10728.9886,13092.6041,13110.5803,11404.9448,10042.7549,10262.8368,8957.1455,4417.9742,12153.2628,12953.2427,12960.0706,9838.3551,12503.9392,7276.9270,9657.3875,8436.2217,13576.3474,6155.3569,6036.4460,7825.5608,9443.1013,5311.3603,12699.6157,9835.9283,12043.7703,13083.1091,8087.0853,9936.4172,4648.8727,13007.0762,8906.2439,7807.4235,10097.5721,4841.3055,13561.7217,13315.5676,12323.0076,2423.9661,11189.5798,11485.2084,12780.1906,11199.9007,9393.4422,13323.7597,11712.6054,10788.4098,8160.2018,8753.9127,3302.6435,12463.2242,6989.4081,5396.0861,0.0000,12620.5831,11099.6862,13482.3610,10051.2830,9744.3943,7120.6827,13638.3234,11818.0128,8142.3202,10717.4133,12338.8095,2762.2966,13393.2722,8626.2116,9270.4511,10741.8740,6077.1759,3080.2690,12426.2870,13573.2511,8083.9534,792.2817,8200.4401,12438.3720,9532.0255,5531.4523,386752.4329,404387.7055,394709.6508,395704.7590,397583.5179,398287.7984,405482.2845,399404.9738,336217051.4407,336172603.8940,336203329.1963,336205822.5961,13589.2021,11411.2282,1875.8336,5231.7239,8805.8608,11645.4993,13093.3655,3358.8494,6407.9559,11597.8241,5417.0863,3483.9327,9336.8909,5835.7753,9826.7365,8761.8312,8975.8088,5437.4248,8433.3804,13705.3451,9250.6208,5616.0916,3511.0755,10446.6744,11271.8201,11787.0973,6221.0711,9790.9349,13652.2150,6763.7559,10913.8526,8810.8165,5579.9283,13539.1456,12398.1384,11093.4528,6227.7480,10168.6858,10476.1736,12723.3960,1259.3839,11682.5732,8854.3127,6084.5523,4400.7015,5074.9864,8138.3656,7240.6641,7999.4006,8723.9640,11587.1636,10637.4296,7529.3866,8273.8285,0.0000,8774.3578,3393.0108,6757.4190,8976.9775,7502.4142,9201.1503,8943.4425,11367.7120,12511.5688,11990.3807,9173.2393,10700.3567,5297.2584,7071.7080,13435.8590,9211.1177,8974.4321,12432.7498,10499.8202,8390.7350,13565.9530,11253.6469,12633.7490,8060.8070,3411.5785,12929.2081,377847.6779,395871.6556,386057.3664,386981.2975,388992.9273,389717.5391,396869.1743,390754.5122,336226099.7283,336181653.1347,336212378.1003,336214871.5196,6811.2207,13566.3444,13479.9232,11547.4011,9459.3763,6719.4133,12462.6147,12900.2216,5656.3141,13549.6661,13003.5336,11210.0826,10980.3436,8787.2640,8921.2792,8627.8998,12715.2769,10772.6306,2884.8570,8597.3679,11696.4389,13068.7320,7082.4750,8207.4689,5253.8307,11150.0171,9378.7473,1776.8439,10518.2594,9350.5120,9927.6936,11372.9961,2566.4809,4467.8681,9344.5176,12058.0600,10313.4526,10687.4615,5809.6193,13319.3280,6439.7775,11979.1278,11077.4655,12166.3189,13200.6208,9711.5864,10138.0404,9569.2277,8705.2518,6093.4888,8143.8672,12002.0146,10049.1270,0.0000,9694.8798,12299.0036,11652.6618,12076.4843,12738.1030,8409.7744,10711.3292,7001.8298,8237.3875,9063.5606,11894.7443,8994.8974,12414.9594,10178.6500,5835.0714,8541.8413,8592.2618,6698.6184,8225.4975,10798.4185,1347.9139,7543.7688,8016.6195,12548.4108,12809.6287,2608.6013,386541.4509,404057.4354,394433.8605,395404.0207,397162.8027,398029.8846,405324.0308,399128.0563,336217830.5545,336173382.8354,336204108.6704,336206601.6037,12332.1864,10910.6605,8948.1193,9546.4286,8385.8863,10787.8838,13715.6619,9165.2493,12117.2618,9181.4202,8867.3979,9086.1447,2458.7628,9265.9034,6530.5508,13367.8704,5240.1903,8722.5762,9955.4026,11922.5577,12649.9328,9284.9417,3508.0426,3065.4855,6933.3784,3510.4478,6298.3688,8451.5375,13101.3772,3927.4965,10529.3762,7062.9088,2494.3776,13135.9753,7176.4115,6886.5559,9594.6722,11241.8484,11334.2875,497.9667,10272.7922,7808.1238,11186.1132,9970.3323,5118.8033,6941.3497,9124.2073,7587.1072,10035.3032,1931.7720,13796.9899,11810.6495,0.0000,3864.6961,9697.4015,6463.5167,12994.8423,13475.4786,8916.3018,5701.1663,408.3923,11376.1837,9970.8238,10831.5370,12915.8498,7872.4544,9302.9961,8475.7099,4906.7454,9813.9032,11745.6239,1697.9574,5303.4330,5847.0322,11851.9484,11174.9680,11243.5581,12064.6445,7679.2180,381051.8918,398668.7198,389014.5613,389946.4760,391707.3815,392650.1658,399969.1313,393708.8377,336223614.4253,336179167.0049,336209892.9135,336212385.6770,5979.7833,9512.2955,11768.7071,13151.0483,3607.7226,4916.8429,11215.6206,5408.1653,5267.1271,9970.8635,6327.8109,11023.0669,8651.3455,9579.8712,3709.8873,9831.2136,13406.6416,8864.3298,4672.2267,1907.9208,10112.6815,12236.7384,12402.2085,7563.1846,11013.1452,13741.2633,7336.9387,9697.9418,10164.9207,5459.9942,13527.0200,12992.5424,9898.2344,7826.6614,11061.5553,10792.3225,11903.4350,2009.6236,12550.8295,9250.6056,7128.3672,4132.1112,6214.2389,9304.6801,8164.3129,8056.2771,9079.2836,11014.5640,11721.0421,5897.9871,7321.2720,0.0000,10084.8683,4421.9720,8335.6576,8235.0298,6450.1521,9122.7436,10206.4242,12312.6471,11966.5189,11948.1154,9348.7106,9440.7868,6961.0421,7192.7589,13398.1848,10102.2281,8604.4143,11521.5207,11614.2016,9787.6021,13703.5209,10244.1952,12128.5531,8231.2880,2450.0790,12760.8830,378994.4690,397023.2770,387204.9235,388137.7591,390167.7373,390856.9085,397989.3468,391902.0572,336224843.2358,336180396.6344,336211121.5078,336213615.0202,4368.2611,8023.1128,10472.2455,8104.5282,7050.6708,13624.1551,2289.4858,4977.7783,4987.9346,9737.1040,9506.6025,12110.3268,11554.6196,7626.6169,6900.8794,13065.1041,12469.1090,9788.7522,7577.1517,13075.3700,9170.8685,12364.0221,8473.0687,8321.4295,12874.3797,10339.1507,11068.8900,8399.4799,9910.4483,12481.0972,12080.3036,11101.4717,5447.5796,6565.9596,6312.1762,13189.2555,6375.2134,11084.3433,4219.1887,9232.0197,9040.4804,1454.6581,9763.4321,10030.8302,11551.6382,11694.7245,13613.9050,9544.3811,9058.4557,11687.7033,0.0000,9081.0135,7578.1126,6315.7106,6564.4264,6285.6701,12340.2283,6465.7180,10696.2051,10400.6451,8668.6408,4763.2283,11956.0439,5080.3471,10850.0187,11209.2921,11029.9521,12194.8237,12595.4874,9816.2584,6820.7457,13091.2044,12942.0565,10495.9913,3555.2543,8015.3296,13815.9217,380444.4714,398591.1652,388741.7640,389622.4725,391639.4342,392445.7947,399620.7576,393438.8528,336223867.3019,336179421.1001,336210146.1634,336212639.3590,4583.9611,7170.0294,10839.6860,9431.1876,13499.4645,5475.6615,7501.5688,710.3305,11534.0716,8201.1620,13129.9652,11986.7334,10305.8615,5740.3848,11043.2461,13430.3086,12169.1965,10700.6702,13463.5442,6178.7253,10984.3610,9620.3540,6379.7954,10453.4948,11788.8877,11232.4245,7509.6352,12062.9375,9981.5012,9989.0441,11165.6249,6085.6507,2733.5647,2682.1121,12458.5476,9683.9084,8981.9303,1768.6556,10692.2194,11620.1663,4349.1099,9985.9293,10998.6318,12786.3462,12404.4457,13617.4838,7454.6317,11011.0821,13249.0833,0.0000,8529.2184,10081.5058,6623.4985,6913.7101,7940.9656,13147.1786,4436.6089,8638.7551,8479.2077,5577.2208,2802.1241,12490.7204,6449.5188,12366.8557,8155.9559,11002.8222,13185.9803,11920.0066,8050.7515,5664.1466,10842.6816,13220.2371,8451.8581,3170.7685,11010.0814,12674.7525,382946.4977,401014.1359,391199.6562,392070.6044,394018.7917,394909.0255,402137.3907,395896.0646,336221663.1140,336177216.7974,336207942.1559,336210435.0992,3356.0324,13014.5108,9947.7144,12602.6405,7983.5276,11034.8773,3931.4431,13365.7743,9972.4996,13729.1700,13142.5430,11134.4458,8805.1023,8079.8946,13625.2747,13279.3489,12356.0178,13171.2663,6998.4131,10987.7368,12235.6102,8466.6022,8132.8336,13509.0904,9236.4836,9958.8105,13595.0778,7244.9702,9476.1296,9058.6252,9764.6928,4901.5571,2057.8246,10006.4234,12282.0919,9342.9690,4190.7155,12967.2426,13386.6105,8373.5151,12031.6044,12919.2020,13767.8042,13379.7956,12538.5460,8745.1574,10893.1846,13405.4656,0.0000,10772.0623,12635.6437,10045.9535,6223.0054,8110.0236,13604.7319,7517.2362,9298.9940,4733.6626,1152.7701,3813.8164,10953.6433,10157.1017,13640.0419,4408.3798,12397.8356,13440.7639,9340.8629,9445.2258,8756.7364,8854.0105,11754.2288,4614.6076,5159.6008,12808.8814,11108.0653,387242.0608,405223.7555,395440.2564,396325.8968,398241.3920,399132.4121,406373.1929,400136.5251,336217343.7962,336172897.2867,336203622.7437,336206115.6532,13665.6078,11394.8739,10887.1343,10460.8810,12387.7792,6555.0555,13382.1393,9608.4035,12914.4324,12330.2899,12241.5114,9576.4150,5303.7545,12698.9728,13526.8965,13357.7175,11835.3481,6653.6190,9285.8289,12519.2390,8597.3873,5232.0295,13308.9235,8986.3308,10104.4443,13687.8308,4247.4297,7536.6275,8806.5665,10978.9948,6402.3199,5179.2016,8259.3115,13449.3783,8041.7687,7207.0821,13080.4630,13817.0318,10582.4386,11773.9043,12692.7197,13174.7930,12573.7238,10908.1220,8238.7052,11647.3808,12965.9890,0.0000,10681.2116,13327.9962,10988.2648,8313.7132,9988.5457,12645.8560,8554.9906,8224.6157,4314.8107,2935.2984,6926.9294,10338.0989,11457.3247,13299.8410,1188.7823,11653.0472,12568.2562,7921.4388,8884.0898,9556.1164,6087.0885,10559.8307,4009.2703,8112.4576,13615.1654,8775.7479,388327.0790,406145.0983,396419.8707,397329.1686,399178.3050,400083.7521,407355.0898,401115.5122,336216256.6386,336171809.7266,336202535.3816,336205028.2281,7707.5810,9371.4824,8239.1084,4968.2950,11261.7973,2904.2900,9454.6928,5834.9958,6575.2630,6050.7009,9207.2219,13034.5434,6466.5137,3308.8560,3433.0434,7908.1839,11671.7140,10353.9057,5143.3408,10140.5859,12930.5776,3976.9346,10826.6167,8795.3621,2343.8160,13042.1999,11465.6947,11066.8552,7385.2489,11588.2851,12244.5697,11736.4834,2146.9913,11069.1146,11076.0135,4103.5030,1341.5174,7725.1574,6823.6244,5136.8323,4982.2595,6026.2523,9464.7173,10551.4126,7746.9538,5917.8942,0.0000,8289.1586,1741.5995,7507.0753,10774.5214,9291.8902,6360.9207,10062.1367,10865.3452,13180.6914,13207.4458,11345.3305,9857.1221,6585.2928,3989.8138,13748.5599,7402.5469,6205.6198,11777.9860,10200.1283,9194.0815,12642.2645,9743.1950,13272.3775,10480.9953,2179.3381,11249.2063,377393.9245,395256.5226,385496.7206,386452.4594,388413.8472,389121.4423,396287.4659,390193.3328,336226438.6042,336181991.5915,336212716.6635,336215210.1152,11311.6167,5091.4696,9047.2385,9629.3669,9770.3627,13127.1111,10556.2508,12141.1662,2080.8122,11976.3090,11713.2343,10128.9509,6724.5370,4694.0021,10873.9421,13064.7714,13666.7164,11160.1676,12728.0387,12953.4899,10611.1314,6034.3270,12584.0214,8561.8520,12333.1334,13701.8653,6169.4218,10689.5785,11373.9186,9499.1075,9638.6799,6737.8828,13762.3125,8392.1730,10790.4574,7608.7114,8028.7273,12304.1031,11427.3994,10465.3828,11489.4559,10691.7655,13233.7297,2499.5480,7882.5717,0.0000,12713.5178,8653.8097,11236.9493,4601.7388,2438.2408,10877.0323,11767.3668,13671.6859,8787.3856,9735.0638,7891.3857,6740.5642,10113.5817,9956.8144,11542.7311,12701.0466,9925.8729,8770.8549,13368.7770,11922.0118,13210.3246,8610.7174,9047.9203,7042.8003,5940.4430,12426.1805,383751.5719,401825.6381,391991.4802,392922.3936,394977.2284,395646.3238,402761.0461,396688.6654,336220056.6491,336175610.1763,336206334.9641,336208828.5185,13384.0932,11991.4511,13420.1398,7734.8599,10114.8073,4403.8619,6216.1208,10300.6461,12071.3567,6813.1339,3558.7428,7723.6562,10092.9729,1840.9844,11327.0348,6627.2318,9760.4663,11343.6698,7196.4919,7378.2013,8556.2149,10881.9324,7520.1626,7623.7549,7632.4900,8743.2212,12289.1600,13011.4783,13298.4921,5569.4160,10869.8587,9076.6077,13742.4481,8821.8050,8581.5570,13377.1374,8893.9879,7992.9353,5444.7679,5415.3161,1220.5860,10425.2053,9712.6437,5373.5066,0.0000,10163.2085,9786.6801,11923.2301,12590.4690,12236.1572,3931.3583,12548.5749,9457.6722,10679.6836,12214.5152,13645.6847,6765.3197,12226.5798,6284.1810,10159.2999,7457.6958,3682.6578,6693.1618,10136.7941,12095.3621,6668.0613,4429.0034,10630.0913,13731.4637,9583.6950,3167.9023,383756.5895,401250.8884,391625.0567,392629.8421,394435.3124,395188.8128,402428.2832,396319.3978,336220199.9830,336175752.1110,336206477.6627,336208970.9239,6448.5688,5914.9723,10191.3533,11005.6081,12162.0366,12264.5083,6072.0130,8763.3723,12734.5236,12272.5969,9217.2091,6754.1663,12909.7516,10510.0347,13189.1181,9741.3072,9954.9071,13051.8716,10910.1081,9544.1331,10070.9158,9911.3046,12503.3557,12897.5565,9573.5197,7397.7066,7904.7377,6570.2570,12290.0498,6494.4247,12233.8311,4596.2105,10165.9781,8924.7321,3652.7269,11026.9287,10952.4962,11737.6037,12161.2929,13169.2505,10975.7271,7329.2310,10994.8065,0.0000,10628.5869,8192.8998,8195.2262,4767.7220,4155.5312,12422.8291,8279.8178,11938.9449,9452.0641,8370.2633,4599.9535,10618.0181,6950.0892,11066.8074,11092.6568,12051.0011,12011.2438,11524.7792,11255.5476,8687.6202,13346.0713,11974.2999,9614.6407,3227.9987,7542.1778,13759.1053,381874.8670,400045.2041,390184.6655,391073.0999,393118.2579,393882.3984,401032.2124,394881.9424,336222300.9184,336177854.7529,336208579.6895,336211072.9976,8082.1002,5953.2306,7169.8617,9217.1170,8011.9859,8391.4304,5432.5186,13589.1397,10060.7526,7866.3967,6659.9187,10945.7444,8930.7171,10212.1481,4073.6384,7037.6589,12825.1934,6451.5143,12636.7469,5890.4628,6824.8862,12895.7461,10735.9479,12771.4946,2981.3839,8182.0885,9688.7277,13640.7836,3943.7311,9530.5333,8231.1437,4903.2609,6234.5581,3896.1847,5963.7853,5962.5690,8334.1107,8317.4272,12300.4839,8107.4500,10191.5670,10072.4915,0.0000,6019.3041,3619.0266,3492.5754,10289.2481,9479.5274,9506.1282,6229.8979,9083.4108,12976.9015,11637.6417,8917.3141,12533.9234,1982.4475,7501.3810,12866.9888,7519.4252,9780.5692,13516.0296,7938.9635,5396.3563,12668.7328,12670.2940,13014.3891,8055.6112,6194.5099,12724.3648,376821.6964,394799.0785,385006.9339,385916.7239,387873.8617,388678.3659,395877.7278,389703.7765,336227381.8381,336182935.1841,336213660.3925,336216153.5932,11868.9571,8312.4369,13282.7086,12160.9173,10561.2861,6040.1262,10621.0130,13536.3116,12453.3186,11076.2294,13481.1948,5998.6903,10896.6802,10009.9626,6471.7544,10049.4136,12091.1868,11058.3030,7740.3092,12383.5137,9533.8209,9783.5696,10974.2551,6600.2277,2531.3526,2055.3268,12184.2925,10178.5367,8862.4822,1795.5720,11059.1049,11988.5170,5020.5370,10246.9044,11294.0904,12993.7702,12577.5650,13528.9080,7435.6009,11129.0291,13386.3082,0.0000,8758.7977,10537.0334,7076.2433,6850.8386,8051.8105,13271.1545,4668.6609,8554.9148,8003.2230,4961.7035,2669.8630,12388.2504,7005.3567,12623.0990,7573.7195,11171.1497,13299.9081,11637.4632,8076.1515,5968.8935,10484.8415,13110.6159,7959.2823,3352.2415,11399.1612,12453.0209,383579.5919,401634.0424,391824.8217,392696.3051,394636.6172,395533.0941,402766.4201,396521.1556,336221051.5988,336176605.2580,336207330.6470,336209823.5682,7970.2482,3763.8813,3824.6345,8177.9099,8713.0195,12140.1991,4885.4156,4424.5180,5956.1356,6154.9646,10767.3540,8182.9220,3829.8086,9215.3486,11630.5571,1087.6633,11507.7706,7665.7926,2035.8107,12003.2248,9661.5646,11743.9496,7478.7091,11606.2935,12841.4157,11285.8957,4808.7338,9384.9167,12082.5178,2197.3092,2933.0416,9077.7975,4825.4971,2687.5539,2679.3660,3316.0353,8157.0482,9257.8052,9400.5804,5773.9599,0.0000,6815.5907,2717.6095,7233.8267,12283.6057,11152.7541,4197.3319,9806.1172,9250.0947,13525.6318,13548.3371,12427.5018,10230.9920,6950.6924,1738.2764,13331.8788,4943.3707,4645.0377,11654.2087,8738.1760,8727.1263,11155.4756,9399.7456,13551.8422,11830.3367,4708.6078,9578.9245,377215.3145,394935.6609,385228.0498,386197.8082,388090.8968,388834.2457,396038.6799,389923.9775,336226702.4721,336182255.1323,336212980.4263,336215473.7668,9135.5551,6127.3869,12679.9458,3303.7871,10447.3773,10048.1834,11202.2395,11602.8698,9808.8242,3866.5495,4671.8188,5051.8948,2188.4669,8347.4325,7434.1139,13613.8027,1538.1424,9607.4391,8944.3110,4794.8494,13675.9974,5025.5261,6433.6345,9510.4598,12420.7896,9815.0904,2922.9531,9658.6846,6296.3661,10096.2800,8366.8541,3575.1509,5713.4339,8699.7272,7280.7092,10937.3820,1742.5463,13499.9449,11695.8250,0.0000,1585.4944,8109.3405,4209.5662,12769.8662,13000.5916,8933.7237,4311.7005,2351.3455,12248.5725,10566.7781,10383.7232,13423.5867,5744.5990,8623.5946,9895.9660,4274.0866,9859.6108,12789.9856,1039.8159,3380.6340,7957.3610,12579.0155,12097.2359,10531.1911,10947.7424,9286.6131,379094.5088,396791.2468,387107.5435,388029.6940,389825.9701,390755.7035,398057.3900,391802.4005,336225522.0518,336181074.8116,336211800.6043,336214293.4228,3612.3975,8993.6351,10740.3769,10226.4423,1439.2176,4933.4524,7610.2432,2617.6111,11519.7606,7235.9799,6723.3796,10607.6698,10056.0443,3450.6724,10284.9048,9434.6649,3685.5253,10521.7832,8859.6692,10536.2390,10205.2939,12923.6747,13768.2017,8949.8129,7762.3348,9412.7580,13536.2189,5300.0111,5046.4317,11651.6814,6533.6186,4746.0257,1140.9839,2236.8913,4885.9447,10105.3496,9353.3852,3977.8125,0.0000,8494.3766,6254.9689,9850.5760,12900.9575,11971.1053,643.6482,11634.6500,9537.0318,12812.8757,13635.6924,13667.0539,8468.7578,9892.2457,2083.0569,12531.7192,5485.6609,1320.0896,9660.3497,9606.5124,10764.4131,9478.5142,6867.1060,12815.7052,13347.4068,6636.7336,6889.5129,379658.2737,397234.1367,387576.6578,388574.2512,390421.3523,391150.9587,398367.7017,392271.6279,336224209.3946,336179761.6955,336210487.0958,336212980.4492,10851.7293,8262.5656,10543.4294,4872.7942,7352.9184,9223.2846,5063.7935,9201.3565,4905.9227,4420.0611,7965.0342,9391.9830,2815.9904,12266.6580,6556.2293,5327.9434,10103.1224,6798.1916,12457.6383,8155.5494,11202.5551,12991.6283,10674.8839,8197.6431,6795.3595,12841.1768,3586.4020,6512.2314,10717.9205,3354.9351,2307.5520,3167.2637,1388.1395,7132.6042,7381.1866,11549.4038,7269.8901,0.0000,5422.3567,5977.5718,7540.7360,13672.6855,13089.4307,3424.7408,9403.3861,6817.2071,13383.2206,13303.6781,13233.5197,10963.0249,8093.3643,3500.4734,12126.7359,1989.6527,4740.1163,11387.6436,6717.0627,8308.2713,8697.9407,9458.1989,13316.3230,13027.5393,8155.2521,7299.5722,378238.5424,395802.6518,386155.0565,387132.7549,388938.2259,389747.3424,397006.7493,390849.8764,336225894.1128,336181446.4415,336212172.0494,336214665.1900,11839.9270,11911.1550,8604.8122,4764.1836,2856.0945,9591.6077,13215.0666,13019.2733,10088.7097,12609.1591,13002.1646,9079.7923,6583.6941,12152.8642,6756.9431,12555.3422,13376.8134,6801.9250,10378.3814,11981.1500,10677.5988,9591.1328,5416.1276,13458.8674,9560.2013,9461.0767,5769.5007,8318.8637,11324.4540,10135.6066,8853.7583,10074.1085,9721.6239,13036.4661,2258.2885,6230.0519,0.0000,12087.2734,7257.4257,10833.5082,6449.1504,4410.8425,9387.9265,11905.2204,13373.7432,9959.3788,10961.0079,9231.6299,6483.6257,9706.9309,8300.7495,12292.2118,11642.0562,8400.6481,8970.7774,13039.8866,11795.5465,13110.2336,7947.0096,10186.6433,8348.8415,4094.7330,11864.1127,382345.1570,400354.9588,390541.4975,391487.2890,393526.3742,394180.3396,401296.6844,395238.4861,336221383.9103,336176937.2543,336207662.0616,336210155.6567,11724.2702,11581.8016,11388.1066,10893.7197,11657.5639,4066.0501,7642.1468,5453.6140,1954.8297,10051.7735,8561.6393,13601.5435,2100.7638,10121.0049,10280.8207,7370.1495,13640.1899,2568.6741,4459.9211,7720.4341,13442.4301,8826.0288,5561.5109,7337.7018,7014.6876,10144.0202,5649.2559,5317.2306,7072.0551,10151.6604,9181.3464,12660.8660,3492.7560,12945.3847,12516.8014,0.0000,3307.5065,7772.6653,2167.1169,11272.7866,11541.7550,10698.3253,1581.3967,4963.5659,11919.7224,9637.7240,8258.6421,13852.9676,3546.5232,9776.7899,10197.7612,6699.7318,11343.8096,13478.0973,3648.3554,87.0733,9934.0335,13599.4328,11816.8780,8232.7565,10481.1745,11443.5214,378835.7044,396704.7558,386960.6119,387855.5008,389716.8902,390640.7079,397915.1429,391656.2531,336225803.8207,336181357.0053,336212082.6214,336214575.4746,9632.6216,11920.3099,12887.2655,8298.3501,9130.5144,7735.3977,12530.7591,10549.6801,2872.4424,11912.5858,7395.4835,11339.8344,12161.6235,2130.1712,6696.8135,7311.1017,12830.9346,10292.8849,9627.5402,4190.0102,13584.6551,8349.0022,11073.1105,12457.1597,12701.1628,13091.7268,11470.6411,11751.8471,10896.6761,10419.9592,6732.9433,9611.5400,10829.2205,10265.7395,0.0000,11320.7948,13089.5771,12623.0217,10338.9358,11256.8218,9824.0988,11348.4452,8813.0869,5779.0219,7390.8589,10736.9397,7637.4864,13118.9335,11380.5059,4205.9889,10566.4527,9609.6460,4678.1320,9871.1733,11729.5292,3464.6241,6849.7641,5562.2319,11496.6174,12928.3970,4424.8182,388609.6683,406219.8635,396561.9670,397523.4386,399326.9853,400169.7612,407438.5455,401256.9506,336215679.7655,336171232.2711,336201957.9633,336204450.9634,4806.1968,7608.0195,1789.6282,12066.2804,7808.8574,7920.9676,11386.7255,9841.5604,4754.1796,9296.4059,10397.5408,4301.8965,10208.5770,9250.3406,9558.4094,11092.5840,13339.6593,13819.7279,7887.2570,8284.0476,10040.8332,13677.6481,6550.6881,5499.7907,12162.4965,7736.2706,6060.0317,2472.5009,3553.8687,3762.9004,10842.3099,8646.6111,3004.4108,0.0000,9542.3909,7142.6700,10800.8385,12517.7499,11588.4423,1510.9840,12334.2788,10222.3973,12220.4126,13413.5941,13692.3385,7304.5549,10774.2686,3218.7399,12225.6415,6652.6476,284.1419,8620.2364,10419.1486,11600.3196,9326.1896,5583.2498,12239.0377,13412.6079,6818.5406,6407.2505,380868.0666,398441.4601,388783.8320,389786.8284,391641.3995,392352.8698,399560.3511,393478.7485,336222944.7412,336178497.0261,336209222.3863,336211715.7843,3070.6715,6345.8068,12990.0808,10831.2708,7685.1581,11950.3831,12457.7058,5289.5171,8726.5184,10888.4153,2482.6287,12460.4227,11912.8078,9016.8232,9968.4665,12999.6967,12938.1772,9685.8778,4608.8873,12092.2495,12071.9151,6393.1094,2104.0032,9776.9397,8763.0066,6904.4038,4669.2294,6293.3658,7456.5172,12054.1674,5740.8385,2992.5396,0.0000,10334.3899,4887.0102,10063.9440,10340.1615,8726.1077,5486.0301,12026.5738,12054.2342,12245.5480,13183.2859,12050.7451,7275.9233,9287.9766,4098.8135,13372.5398,8700.3887,4602.6009,9742.7072,11756.9054,11375.4626,12210.0483,7174.7904,12373.0815,11318.9423,2373.7164,10106.5755,379698.4132,397506.6979,387762.8971,388740.6559,390704.4637,391364.7862,398513.4669,392459.1281,336223980.8963,336179533.7240,336210258.7317,336212752.2986,8947.1057,12925.9681,12260.4846,8096.2660,11837.9588,13465.7109,6980.7510,8795.3536,10952.8410,4554.9212,13268.0779,12989.8351,9039.2598,9101.5054,12090.6957,11664.2783,10892.6994,2996.8555,12836.1017,10376.4300,7294.7675,3281.6022,7835.4323,9625.6703,8169.1650,7168.2208,8472.5629,9774.3583,12318.0929,4838.5768,5683.6994,0.0000,10708.9892,4828.5433,9478.0500,8602.8682,6709.4223,8115.2703,11316.8523,12684.7117,11849.4771,12374.3909,10345.5490,8151.3060,8293.1952,6397.5588,13439.1795,10089.9581,7372.7057,10582.1848,12162.0179,10859.2228,13388.4695,8876.0619,12021.7422,9359.7674,1359.9910,11970.9908,379650.2931,397616.1768,387817.7615,388768.5783,390788.4808,391450.6485,398577.9949,392514.6514,336224079.9929,336179633.2168,336210358.0815,336212851.6594,11540.6945,6848.0825,8606.0795,11168.0608,8474.3027,5824.5839,9098.3564,10401.1340,5891.6327,8918.8094,8190.2075,9326.1745,11556.8851,13115.4445,13600.1424,6874.0367,9593.5166,9294.8862,13753.6592,7454.8434,7060.5026,12759.9300,7985.2040,6711.8872,3712.1745,4001.2493,2387.2266,10404.6901,9339.7724,4218.1888,0.0000,9573.2798,8386.4157,11196.5248,12700.9548,12064.1810,2196.2115,12311.7822,9578.2646,11590.0954,12892.3621,13736.7411,7169.6747,11383.4045,4587.4329,11244.1758,6632.7745,1933.2126,7813.8326,10019.3835,11681.6019,7913.1784,5060.6797,11569.6917,13642.8626,8269.5334,4737.9321,382085.8828,399606.9919,389969.9633,390974.8112,392798.3125,393534.9874,400762.4087,394664.5144,336221810.6520,336177362.8295,336208088.3070,336210581.6249,6281.7498,8242.5099,2429.6481,7042.9176,10427.5948,12921.2525,4351.4446,11997.5546,7282.3437,4924.5365,12889.6478,6429.6366,3686.7279,6788.0830,11917.1611,11576.6606,3453.5867,7646.9136,9444.4752,12274.6729,8350.5101,7170.2766,9004.0718,11308.8578,10101.4163,11935.8201,2206.5725,13677.8428,13256.6273,0.0000,5212.7761,10551.2411,6049.2946,11359.3676,12249.2901,11274.7757,3487.2626,3118.3500,10068.1625,7703.0353,8303.5115,13397.9500,7291.8267,11271.3054,7211.0859,7636.5072,11882.4021,12043.0480,3049.1452,4088.3290,7075.6544,12957.1473,9863.7117,8925.7907,12644.8679,9676.5004,382221.2114,399991.5694,390286.1770,391186.3437,392992.1424,393956.8190,401264.9987,394980.9911,336222576.9933,336178129.9823,336208855.8078,336211348.5192,7268.1640,6250.0917,5575.0854,7392.1362,12294.2878,6027.6045,9440.0643,6594.4582,2153.3802,12373.6093,8968.3699,9324.6565,11345.6740,9729.0706,11410.1009,3015.1535,12023.6675,7473.7017,10401.2153,11559.5031,5277.7555,6293.9334,7369.2372,5748.4185,7657.1093,4849.5145,13198.5339,10101.7140,0.0000,5386.8457,9601.6363,8261.0971,13603.2631,13831.7156,6751.3593,8267.0688,3456.0272,11576.6849,11125.8299,12391.2550,11590.6114,9408.5018,7851.7017,8993.0780,4002.2508,7733.4329,10530.2859,4425.8839,7700.4099,4776.4693,10033.5124,11392.3697,12721.6632,11558.5671,5304.7691,381471.9404,398980.8686,389360.8248,390323.0521,392065.7960,392964.3120,400275.8999,394054.7694,336223006.9474,336178559.2220,336209285.1208,336211777.9934,6192.2787,11301.0574,3617.1607,13180.2272,4338.1991,5665.9473,11748.2706,8423.4482,13344.6462,4369.1977,9222.9561,11405.5078,12872.5324,5821.8939,7351.5152,10644.1181,1725.6002,5990.5860,7355.7335,2234.7084,2262.2386,5785.8485,5111.2567,10405.6955,6566.0951,11480.1134,9105.0392,0.0000,3573.9345,3567.1061,3860.1761,12531.5962,11864.6870,6874.3843,6825.9483,6992.1992,13698.5635,12715.3361,11289.1770,12486.0636,4119.3728,5208.7620,12729.4925,3776.2526,7680.8013,13167.6118,6014.1756,5480.6452,10858.4919,11796.0627,13666.5216,10803.1227,7109.5288,10530.4366,376361.6917,394126.9737,384410.0723,385349.3329,387219.3032,388046.1259,395287.0634,389106.0345,336227853.9136,336183406.7467,336214132.2067,336216625.3278,8570.4072,8883.8351,13470.8847,2039.1428,10660.1725,8919.1172,5690.4411,13491.8261,4392.1004,4402.0768,7796.2603,12738.1594,10052.7588,3782.8245,7973.1043,7600.4198,10900.4711,7220.6231,5327.9083,7303.9069,10178.6389,8973.7045,12018.6529,1620.8294,13435.0909,12628.3082,0.0000,3128.7166,8804.9991,3838.2165,11745.1928,12229.6304,10449.4016,2331.4735,3178.6734,11435.3543,9222.1349,8785.9105,13685.5892,5300.7044,9996.6582,9124.1572,6259.0833,11177.5515,12897.3884,2013.5310,2010.3367,8417.9271,13201.4042,11282.9711,9037.1637,11397.4514,10291.1722,379926.9296,397715.7498,388001.5911,388904.0206,390726.1349,391671.3235,398967.5989,392696.7087,336224781.6184,336180334.6257,336211060.3749,336213553.1553,11209.7058,9650.7835,9458.2961,12131.9421,1255.5956,4130.1857,9597.3024,11570.4029,9056.2183,9441.4898,6632.3872,13539.9266,5868.4172,10936.9923,11483.7172,12793.7459,12600.8297,9883.0499,10622.8659,10569.3874,9634.4255,7589.0491,7389.4361,12362.9093,11120.4581,0.0000,9445.8039,12621.6782,11204.0210,11544.9484,12473.4199,9586.7066,9775.4251,6397.7710,7499.3946,7800.8106,10877.2504,9734.7383,12027.9430,11058.9264,4421.1514,8974.3131,9796.7972,7234.9681,7639.5323,10072.8921,966.7307,8662.5980,7233.9156,11675.9186,13289.2474,4309.1021,386895.7330,404464.7478,394825.0727,395778.5430,397542.8546,398438.4927,405739.7523,399519.4574,336217592.6503,336173145.0901,336203870.9502,336206363.8069,11928.3004,7285.9426,2918.3555,11686.2734,9007.8265,12155.8687,7593.0676,11607.8754,13063.4040,11308.7331,5803.0661,8757.4098,12451.0191,1971.2063,3982.2792,9592.5921,4158.2369,1910.2481,2357.6281,2450.7306,7949.3577,8780.7261,10173.0703,6196.4314,0.0000,6314.3221,3558.6297,7218.1211,12882.0221,11889.3686,3765.9694,9723.9384,8647.5685,13725.4989,13698.8210,12828.2011,10606.1808,7187.1984,1741.1380,13221.8953,4033.9449,4538.8301,11786.1225,8198.7892,8586.1428,10664.8379,9550.0861,13725.6718,12327.7171,5761.4000,9100.4745,377166.2976,394838.0546,385148.7339,386121.7726,387989.0483,388749.9405,395970.1186,389844.3656,336226803.6036,336182356.1568,336213081.5398,336215574.8279,13748.0626,10413.0091,8841.7807,12006.9055,329.0937,13350.4469,12236.9822,10056.4386,4437.6033,10867.6196,12947.9649,10327.0923,12673.6300,10259.0277,11768.6936,13350.1332,12661.1373,10806.4427,11523.2056,7625.4026,13300.8947,4616.8237,7600.9948,0.0000,13748.9196,11700.8942,13575.1923,6218.3812,6135.9120,10304.0194,13246.1333,13138.7383,5491.8538,8429.7519,9584.0789,2542.3465,13122.8225,10869.2552,8546.7016,12967.6569,9217.5188,3241.8679,13496.9534,13569.8839,10047.5263,4737.9432,5727.0149,9643.6057,9502.8012,8990.1158,388198.6772,406059.0377,396302.1673,397262.5826,399226.8252,399921.1698,407079.0604,400998.7261,336215616.4959,336171169.5199,336201894.5868,336204388.0315,9304.4043,9920.1253,6190.1186,13817.0966,3567.2005,6051.0815,9191.5813,13036.0661,8908.9131,4359.5031,9003.6789,5838.7343,9605.5799,7158.5716,3529.8568,5585.2942,8853.4183,7636.7637,11620.2120,2696.9982,13189.9382,11769.5177,0.0000,1271.6081,7324.1454,2720.4528,12343.5010,12459.9998,9334.4603,3469.7947,3768.0482,12500.9728,10645.4023,9816.1108,13643.2870,4328.7048,8597.5789,10515.2664,4812.4142,10180.7570,13282.3851,2346.2829,2178.3526,9146.6784,13017.5702,12380.9945,9803.2480,10322.9153,10338.6785,378311.3788,396078.2640,386369.0483,387282.3305,389108.9615,390028.3331,397315.1532,391064.3440,336226275.0162,336181827.9386,336212553.6368,336215046.4950,12358.3107,10799.6994,10679.8736,8748.0272,12486.7130,13151.5003,10622.4916,4415.5451,10769.7635,12324.7219,4158.4341,1439.1007,9531.8498,6723.2116,4658.9500,2921.1250,4395.3236,7649.8739,10717.7975,7911.4911,4200.7653,0.0000,8569.2889,3366.1332,8666.0672,11644.5539,10263.5371,4275.6901,11028.8995,10688.5597,13181.9870,13648.1501,12510.1858,8973.4537,8115.6395,2023.4423,13573.2204,6692.7851,4064.2315,10895.1056,10286.2364,10123.0446,11736.4204,8351.7567,13253.3322,11832.3193,3315.1619,9778.0870,378066.1650,395815.5935,386094.7271,387071.6751,388996.0288,389695.3166,396872.7786,390790.7710,336225716.9863,336181269.6890,336211994.8467,336214488.3071,5117.9278,8755.4291,11713.6886,8800.6703,8709.2984,6106.7427,13502.8093,6645.4119,10295.0695,11939.8347,12904.9916,12339.1634,10512.6749,11188.4557,11035.7534,10260.3469,7833.7516,7905.4704,11798.1923,11160.6441,0.0000,10013.2762,12813.7587,11442.4944,10638.3265,11699.4209,10098.5602,9847.9346,7110.8906,6310.9353,6795.6322,10131.8303,9200.7425,12142.2180,11464.8185,3314.3293,9734.9769,10152.2989,6513.6435,8241.8591,10291.6206,2184.3580,8417.4518,6035.7515,10990.8603,13218.7130,4923.4806,387670.2709,405287.9706,395630.7391,396578.8009,398364.8004,399251.1058,406540.9242,400325.5102,336216787.6756,336172340.2334,336203066.0269,336205558.9105,12029.5787,9109.2573,8088.7611,10024.6274,9481.8157,12215.3895,2110.9256,11032.3283,8887.3842,11590.1615,11362.0374,6585.3035,7871.2931,9030.1756,7570.1082,8491.0587,4174.1231,13408.4794,11188.6492,0.0000,5978.6467,10695.5839,8487.8447,12917.0275,13492.5036,8396.1417,7600.4179,2740.1136,10366.3327,9623.4578,11367.7445,11719.5368,9686.7755,9435.3540,7289.5733,5737.3351,9161.6823,10148.1284,4122.6360,7420.1182,3513.4742,10423.1361,10140.0340,11915.1745,12474.6874,5568.2394,382992.1954,400541.3116,390909.9679,391857.9522,393601.8479,394527.8867,401847.5562,395603.9691,336221605.2645,336177157.6673,336207883.6057,336210376.3976,13430.0049,12169.3070,9919.8810,4469.4987,11075.1827,12973.5920,10238.9791,12871.9290,10522.6769,11815.2910,13494.4935,12852.5438,11056.4180,11738.5872,7825.1991,13322.1698,4851.3494,7907.6558,0.0000,13842.7184,11912.3650,13659.3753,6115.5338,6145.3640,10544.9707,13248.5554,13166.5819,5229.8710,8228.7792,9475.3920,2835.6103,13220.0880,11121.2960,8368.9293,13120.1832,9478.8194,3217.5610,13537.4506,13607.8353,10022.9447,4971.3136,5470.1599,9573.3963,9756.7999,9070.9487,388446.2657,406311.4314,396553.2769,397511.7767,399475.7118,400174.2119,407333.5504,401249.8642,336215384.2302,336170937.2709,336201662.3446,336204155.7771,5944.6762,8412.9796,13798.3538,6703.8660,7532.6798,7362.3744,5869.3738,8503.7548,4043.8864,5312.0376,6413.4999,9442.6088,8856.5007,12763.2867,5726.3581,11835.7099,11631.1773,0.0000,4214.3165,5896.3562,942.2006,10751.7660,10562.1161,10317.9471,3483.1120,6986.3784,12513.1500,10542.4091,8259.6748,13488.1053,1009.6903,8837.2837,11577.5680,6989.2064,10827.8675,13738.9335,5683.0688,2528.2845,11439.1289,13442.6810,12478.6735,7791.3406,8677.6292,12295.3882,377570.8619,395509.0774,385736.4421,386633.4502,388543.3287,389417.7349,396657.8276,390432.7443,336226887.3758,336182440.6851,336213166.1080,336215659.1101,3796.2849,12495.6497,10839.2260,6885.2930,4312.3431,10464.8244,12340.2885,6054.1482,9013.9143,10477.5156,12622.4418,11859.4146,13337.1575,5319.3725,12571.6452,13751.7599,0.0000,7170.7649,10598.5597,6121.3223,8993.1832,10089.6483,12825.7093,2932.1063,6527.6855,9025.4458,5937.1247,5129.3640,13257.1678,6656.3630,12350.6330,7371.1231,9901.1117,13115.4689,12209.0797,6045.9968,4409.0719,9373.1593,13515.1968,8897.4174,5787.9511,12145.1876,11729.1384,382808.1666,400765.2887,390993.1116,391869.0616,393754.3047,394693.3881,401962.1240,395688.8242,336221952.0186,336177505.4616,336208231.0486,336210723.8461,11249.1842,11257.8283,9489.9672,2271.3473,12280.4773,12795.0816,6657.5778,11483.6756,12411.5304,13639.2986,13289.9900,13284.4456,8445.3452,10836.1442,13520.6072,0.0000,10120.0738,11738.7044,8828.2303,5975.0630,7641.8981,13716.3826,6359.2345,9308.6261,6321.2286,3071.8717,2231.1596,11678.7040,8776.7337,13367.5842,6236.2325,12150.1100,13604.9318,10579.1538,9130.5931,7658.1859,10035.6680,12560.3454,6271.7201,3561.8931,12120.1117,12117.3787,385603.6674,403650.3242,393843.7772,394718.6941,396658.9385,397548.4208,404779.1515,398540.1705,336219002.7217,336174556.3679,336205281.7531,336207774.6823,12422.1548,10997.6149,12094.6960,12312.1201,11057.9500,13462.9613,12326.5561,11824.2218,9779.2215,10022.3905,4753.8990,12044.5029,8041.2096,7566.6325,0.0000,12823.4745,12344.6429,13722.2800,9578.2176,9828.0078,8701.2793,13264.9628,11378.3477,6395.9073,9193.1778,11578.6902,3878.7507,13778.9940,10240.0335,7363.4480,11393.6389,7902.8115,1388.1186,12149.1153,13437.3301,6863.5600,3182.0965,6401.0064,11945.6371,11085.0449,5238.1877,388438.7615,406083.7019,396405.8072,397388.6190,399251.4487,399995.5400,407209.1189,401101.2441,336215499.1075,336171051.6216,336201777.0239,336204270.3058,11613.0484,9787.8776,5362.8204,3202.5254,6138.4614,7730.9767,6525.8667,6968.4160,7831.9502,10877.9157,10750.6027,7450.9000,7363.2335,0.0000,8692.5180,2537.4481,7087.1243,9656.3363,8112.9206,8242.0797,9482.4016,11335.5399,12846.5635,12563.6132,10078.7224,10361.7492,5788.6486,6009.5761,13693.6824,8652.9876,8013.0391,12239.9401,10529.0981,8794.0795,13380.6992,10712.6652,12962.9414,9043.2070,2465.8825,12437.2713,377559.3257,395530.1202,385733.2257,386669.4008,388667.5103,389380.1371,396533.3131,390430.2309,336226325.7035,336181878.9657,336212603.9500,336215097.3981,10272.3904,8183.0102,11432.1120,10189.5740,5548.9454,7303.3327,9326.1312,7805.3452,9933.2297,2183.3227,13810.2446,11883.1630,0.0000,4338.1082,10027.4374,6849.7126,12931.0642,13475.6300,9043.6124,5909.0638,647.6312,11105.3002,9735.4778,10796.4600,12798.2395,8229.5729,9537.5118,8101.3886,5250.3837,9906.4589,11508.2929,2103.9843,5620.9517,5430.7503,11727.6309,10894.2715,11263.8272,12282.8583,7436.8230,381532.0034,399142.1649,389490.6641,390423.0967,392180.4530,393125.4446,400446.3568,394184.8770,336223144.7718,336178697.3384,336209423.2610,336211916.0150,11526.4344,11760.7444,4768.1154,11153.0956,11900.4701,13257.6094,13088.8496,13703.0198,8936.4684,10114.0135,13129.0304,0.0000,9927.9149,10571.1402,7976.1935,5399.6843,6614.3515,13587.1792,6130.0123,9992.6108,7648.2212,5008.7244,1110.5361,11834.8735,7542.0640,12824.6626,8164.5066,12076.4219,13436.7247,11380.0794,9514.3614,7260.9998,11415.1427,12880.9321,7680.0147,1631.8743,10895.5270,13043.0315,383994.8462,402110.4600,392277.3430,393148.1545,395126.8769,395988.6618,403195.6132,396974.0451,336220530.2813,336176084.0704,336206809.3139,336209302.3356,4706.8851,8293.4686,3006.6161,1366.3545,4268.2370,3906.9436,9424.9390,7765.6533,10800.6344,7760.3054,0.0000,4948.9749,2864.6601,5467.8893,12696.1548,11814.1981,5540.3109,8292.8446,7934.8951,13855.5635,13317.0983,12048.3704,11688.3945,5470.6512,3613.2420,13161.3769,3787.3523,6316.0888,12674.3638,7187.9443,7038.6439,10991.7364,10871.9262,13844.7645,11510.5962,6150.7155,10069.0453,376428.8297,394159.4693,384451.8003,385406.6404,387280.8570,388072.2103,395299.9506,389147.7188,336227652.1396,336183204.8591,336213930.2622,336216423.4763,8774.1951,7391.3153,5498.1949,4331.1230,5704.2429,8587.4643,11150.5750,7227.0786,4713.3062,0.0000,9018.8289,2933.2798,8574.4094,10938.8490,9393.9966,5621.9396,10964.1132,11299.8960,13083.5043,13469.0871,11929.8022,9037.4358,7759.9741,3418.0713,13790.5087,7651.1201,5256.1247,11155.1276,10787.0888,10134.4586,12486.0418,8818.3699,13183.5895,11122.3468,1960.3022,10733.8265,377990.6457,395814.5885,386066.8755,387034.5546,388991.3938,389678.9645,396839.9405,390763.2759,336225770.7710,336181323.6500,336212048.7085,336214542.2087,8643.3841,9084.0313,11016.3583,10994.4606,13494.8126,8528.6947,9829.0377,11704.4755,0.0000,7860.8219,6910.9634,4938.9728,7725.8379,7472.4292,11863.4403,5390.0653,9751.4142,11007.9747,9104.2675,5520.4388,12456.4163,3705.0162,10308.3326,11316.7247,10037.0563,11884.4274,13005.2518,8749.8223,5570.2643,12735.4134,13175.9933,11065.7836,4546.1246,8030.1335,13527.2014,379486.5564,397591.0873,387757.5663,388639.8960,390632.3808,391458.5991,398649.9608,392454.5104,336224872.2904,336180425.9911,336211151.1422,336213644.2834,2278.4391,5825.5308,4507.6605,9730.0421,5194.1427,12388.4969,9512.4606,0.0000,2341.9499,5484.8623,4539.0387,13222.0193,12841.5594,6473.9126,6690.5885,5254.5558,13449.8241,12473.2756,11783.9299,12604.8107,5454.9204,5625.3929,11884.5188,1875.1386,7537.5159,12795.9112,4487.1253,5371.5191,9332.1373,11578.5788,13366.1099,11558.9477,8663.1611,9215.5516,377218.1075,394889.0139,385207.9569,386153.7221,387973.6950,388833.9928,396104.8436,389903.2354,336227109.0682,336182661.6982,336213387.3327,336215880.3489,3841.5499,2934.9018,8728.2932,7192.4754,11248.4709,7752.3387,0.0000,4522.2185,4102.9217,5865.0184,13105.3453,12376.5872,4845.0442,8355.9182,7122.4336,13692.2680,13228.0956,12404.1765,11590.6611,6203.9778,3503.4899,12691.5446,2517.8933,5853.0083,12314.0040,6547.4061,7108.7366,10054.2060,10518.8700,13653.6979,12010.6326,7046.7531,9092.9341,376952.0639,394618.9414,384934.8626,385896.1598,387740.0883,388546.6511,395790.8949,389630.3712,336227175.0046,336182727.5805,336213453.0825,336215946.2464,1857.4927,5940.3749,9806.8092,9486.6690,4452.4838,0.0000,7891.3386,5274.5333,9091.8135,12898.0144,11897.5426,1608.6527,11136.6836,9375.0935,13191.7536,13762.5817,13461.5300,9123.8809,9080.1223,1030.1600,12888.4341,5010.9031,2295.9735,10400.3531,9274.4867,10175.2876,9999.5126,7734.9963,13198.9070,13061.5486,6074.2421,7715.3703,378718.8630,396326.7116,386658.0963,387649.1603,389505.8892,390239.8663,397454.6745,391353.3034,336225161.4886,336180713.8689,336211439.2477,336213932.5963,6221.9848,8432.7436,10683.1080,5998.7045,0.0000,6575.9145,5798.9692,8348.8494,13365.6322,12632.0801,2110.1326,10238.3433,7869.5134,13185.1724,13446.4154,13385.8304,10024.6673,8673.9170,2426.6992,12300.7320,3329.7569,3423.4139,10741.5275,7832.4439,9217.9567,8973.3340,8477.1478,13145.2803,13122.3249,7400.4054,7059.3157,378645.0342,396212.6972,386561.4740,387547.3387,389369.0430,390146.3788,397388.9921,391256.3860,336225378.0188,336180930.3326,336211655.8584,336214149.0844,11184.7532,8926.3814,4871.2202,0.0000,10968.6073,10061.4849,12476.4972,12076.4097,11669.7011,4534.5499,13050.7761,10301.2422,10223.7746,12067.0178,13514.8485,5696.7689,12647.0109,6694.0322,10152.4976,8414.7087,3887.8728,5844.5135,10951.9591,12677.5493,7191.7245,3273.5699,10204.5109,13578.6556,9396.7425,3745.3236,384462.5877,401985.2205,392348.0297,393354.0124,395179.6314,395911.7751,403136.2979,397042.5791,336219424.2045,336174976.3889,336205701.8617,336208195.1820,13663.3092,12362.9849,0.0000,3252.5738,9315.3584,5078.9286,12282.3934,12813.5227,9856.5177,3846.9483,1574.4897,11277.5734,9361.4842,9628.2570,13371.6342,6547.6286,9788.7043,8591.6605,5650.2714,10661.8003,12349.5199,843.7526,3553.3414,7137.5619,12636.5543,11094.9279,9998.0699,11818.2232,9119.9011,380567.8924,398277.9270,388591.7417,389506.1196,391297.4807,392247.2472,399556.7865,393286.4540,336224142.5452,336179695.3619,336210421.1990,336212913.9553,6107.4406,0.0000,13118.6436,8965.7932,12223.6879,6095.8405,4389.2119,9654.7176,12875.3384,13822.1519,8788.0565,10490.7844,9584.6241,4634.1673,11286.7682,9154.9048,11538.8531,12428.5657,8491.3027,7284.5198,13718.9439,12904.2607,12550.3749,6549.5753,9040.9446,8963.3615,5881.2602,11160.7826,384430.6123,402400.9066,392601.1172,393555.9532,395584.1972,396229.8389,403347.1957,397297.9499,336219262.5483,336174815.7974,336205540.6245,336208034.2311,0.0000,11124.0690,7177.2624,11580.2223,10959.5673,9682.7795,4330.3610,13071.7757,12005.9937,11540.5460,13101.7666,12976.0142,5531.0295,11140.2934,4554.8322,12555.0808,8867.2577,2933.2083,7895.3237,12071.5244,12514.8334,10832.6890,4692.2606,11642.7689,12525.8191,5276.6080,8104.0979,381702.7265,399393.4752,389691.2503,390688.6681,392609.6094,393270.0297,400434.7382,394386.8050,336221962.6586,336177515.2010,336208240.3234,336210733.8708,0.0000,0.0000,0.0000,0.0000,0.0000,0.0000,0.0000,0.0000,0.0000,0.0000,0.0000,0.0000,0.0000,0.0000,0.0000,0.0000,0.0000,0.0000,0.0000,0.0000,0.0000,0.0000,0.0000,0.0000,0.0000,0.0000,0.0000,0.0000,0.0000,0.0000,0.0000,0.0000,0.0000,0.0000,0.0000,0.0000,0.0000,0.0000,6830.5396,3316.3481,12849.8315,12813.7839,8383.5805,4691.4417,3835.9206,12918.4342,11368.3159,10678.6490,13409.4377,4772.7312,7683.2462,10968.8049,3623.8573,9336.1392,13176.2776,2620.2697,3378.7409,9020.9989,12595.9220,12802.9413,10612.7780,9951.4118,9827.4169,377875.2115,395593.7730,385900.0576,386825.3149,388641.1306,389546.5541,396833.2815,390595.2548,336226640.7380,336182193.5263,336212919.2326,336215412.1266,5950.2826,11129.9184,9891.7021,6686.0572,8766.4896,9750.9012,13374.0952,12961.5781,10998.6141,10901.9235,5113.9451,4301.0075,13499.8450,6397.7204,6873.4078,12429.3497,8931.4124,7764.2550,12303.9023,10667.2695,13431.3216,10182.9526,3755.0136,11309.9990,376725.3264,394584.2961,384828.5368,385774.3247,387716.2042,388462.3835,395648.9358,389525.1432,336227230.6063,336182783.6105,336213508.7818,336216002.1304,11331.6272,11172.2539,9924.5568,3438.7658,6291.0556,12725.6018,10802.9869,8860.2628,13599.4880,1688.6044,8547.6786,11533.5184,6241.2789,10545.0731,13755.1260,4943.1058,2157.1245,11009.1191,13378.9670,12671.4592,8489.5513,8949.7647,11870.3033,377412.4256,395303.8380,385548.1655,386450.3828,388338.8388,389222.8356,396474.4738,390244.2532,336227065.2114,336182618.4106,336213343.9007,336215836.8728,2272.5107,13031.3636,10479.2646,12850.5169,5678.7588,5953.4971,4468.5587,8186.4558,10541.3061,12535.4544,8724.7608,13678.1425,12317.3311,8459.1504,12696.0615,11208.1538,12090.3341,10068.6366,5941.4596,4237.8378,9601.7637,12546.4416,386485.1416,404603.2579,394760.9137,395662.4398,397694.0866,398444.1788,405593.9077,399458.1867,336217624.9392,336173178.6595,336203903.6201,336206396.9419,12202.1044,11019.0944,13370.7312,7343.4484,7910.4361,5925.5850,7619.0418,10149.3260,11435.1728,10296.3402,13332.8826,11379.9015,8789.8533,13098.1845,11478.7091,12881.9791,9583.0021,7614.0821,5208.7270,7847.5487,12759.1826,385041.0266,403163.1809,393315.7896,394227.9031,396281.1099,396989.6369,404117.5915,398013.1053,336218923.5467,336174477.2353,336205202.0815,336207695.5260,11575.8833,9202.6369,12667.9599,13498.0295,13717.2853,8500.3847,10064.8711,2593.6072,12228.6722,5275.8799,1456.6497,9479.5254,9356.3092,10725.6099,8978.5856,6768.2738,12655.4792,13463.0024,7176.1833,6345.3020,379975.1850,397528.2420,387879.6444,388878.1692,390712.0175,391452.1049,398677.3068,392574.4537,336223927.0113,336179479.2646,336210204.7138,336212698.0347,5363.5323,11026.3966,8433.5457,7078.8115,13779.8475,4396.3133,10784.2978,9305.9398,7908.9052,12097.0632,13182.6401,4308.4883,1527.5835,9806.5042,13720.8380,10916.0320,7225.3152,11081.1179,11671.9205,380070.4636,397980.6048,388223.4234,389108.6928,390980.1092,391913.7157,399186.9155,392919.0814,336224632.4090,336180185.7122,336210911.3192,336213404.1426,11283.4275,9759.0625,10571.1384,13026.5915,7714.3189,9520.4020,8367.7308,5169.6348,10074.1102,11839.8524,1471.4275,5025.6310,6000.8855,12032.8393,11081.2091,10998.7565,12126.5804,7952.5769,381092.5915,398726.6978,389066.8802,389994.7473,391759.9155,392706.8748,400025.5161,393761.2150,336223593.9937,336179146.6202,336209872.5234,336212365.2769,3636.7524,6846.2945,7510.2187,12664.6634,13257.0023,4148.9884,13283.9889,12101.5998,5412.9930,11780.6968,11883.4113,8297.8714,8603.7050,345.0440,7704.0617,12450.3065,9435.7483,389743.6112,407642.2128,397881.7520,398803.4867,400725.0822,401537.6243,408750.6086,402578.3204,336214501.9213,336170055.1452,336200780.4877,336203273.5966,4446.6471,10242.9969,10884.4514,13687.8173,3815.4769,12697.0470,13244.3560,8466.5299,10027.8648,9592.8348,8580.9453,11105.2114,3509.0296,5721.1374,12872.0969,10698.3941,388086.0693,406049.0237,396271.0241,397164.0024,399079.3292,399955.7195,407191.8133,400967.3777,336216433.4485,336171986.8830,336202712.3233,336205205.2675,11254.5992,8383.0861,13058.7852,7838.9667,12592.4198,13460.1787,10769.0906,10206.5406,8184.7579,11415.0187,12456.7186,6908.3893,1431.5835,10968.9298,12954.4966,384910.3449,403032.2771,393196.0212,394069.9157,396057.5898,396904.7130,404103.2659,397892.8421,336219563.2445,336175117.0437,336205842.2463,336208335.3048,13193.7860,9303.8667,9769.1884,11993.6620,7271.5289,3391.7487,13413.0064,13833.1077,9902.5293,2541.0965,7679.2338,11183.4178,8610.7472,7940.0823,386944.0261,404712.2289,394985.3875,395967.1881,397909.2240,398581.1083,405740.3617,399681.4314,336216776.4070,336172329.1735,336203054.2663,336205547.7696,8392.8360,12024.1091,7137.9555,10502.2960,13691.1580,6456.0278,3506.9767,11890.0850,13219.0437,12655.8329,7759.6545,7862.7487,12479.2410,377255.5165,395212.0310,385431.0695,386331.3644,388258.7082,389110.1998,396336.2179,390127.5913,336227118.6792,336182672.0135,336213397.3608,336215890.4290,13096.1304,5146.0147,3001.1657,10744.6621,9269.1987,9795.1170,10537.9528,8167.8975,13279.6329,12566.4055,5232.3325,8468.1935,378211.4339,395867.4316,386181.5070,387165.7593,389041.9932,389771.5975,396977.6475,390877.0356,336225656.5455,336181209.0398,336211934.3615,336214427.7290,11578.8468,12117.5024,7120.0013,9169.2627,10183.8283,5334.2705,9840.3030,3818.9796,8951.2487,13667.1266,7928.5662,388764.1806,406534.5318,396825.1482,397745.3337,399581.9019,400477.1499,407750.0809,401520.6764,336215764.2224,336171317.1816,336202042.8576,336204535.7256,6500.9624,12038.2460,4916.7040,6757.0473,8301.2702,10642.2532,13184.1023,12479.8599,9100.9214,7786.8338,378077.9548,395664.5953,386012.6501,386974.3403,388766.9826,389620.4983,396899.3849,390707.4405,336226217.7602,336181770.1794,336212495.8780,336214988.9000,8603.1952,10242.0864,11361.3957,9291.7034,5622.2387,12121.9653,13167.6604,6575.6959,6457.6893,380781.1551,398367.3770,388705.3840,389705.7265,391563.9776,392277.4180,399484.2027,393400.3998,336223037.6982,336178590.0162,336209315.3693,336211808.7634,12519.9343,13464.1471,7599.4389,3688.2375,5474.3946,11130.1940,10938.8270,6417.4978,388862.2267,406574.4754,396872.6416,397846.2831,399736.6693,400473.5198,407674.0450,401568.4941,336215060.6256,336170613.3069,336201338.6277,336203831.9349,3719.0394,7289.6831,12566.2408,11606.1863,10494.6232,11576.8678,8989.0674,379971.1097,397656.8371,387978.3820,388898.6085,390684.3713,391627.6580,398937.4704,392673.0414,336224704.0392,336180256.7870,336210982.6278,336213475.4030,9962.1736,13595.4617,11782.1387,8154.3019,10455.6990,11472.1143,378860.9118,396734.1800,386988.5145,387882.9180,389746.1994,390669.2226,397942.6568,391684.1774,336225776.9332,336181330.1278,336212055.7381,336214548.5937,8619.9448,8047.7734,12139.0230,13117.5983,3731.2402,386204.9284,403740.5956,394112.2968,395071.5106,396824.4840,397719.1298,405024.5182,398806.4572,336218275.3008,336173827.6534,336204553.5392,336207046.3992,8680.8212,12465.5569,8952.4152,5956.3278,386195.8242,403841.6053,394158.7098,395155.6347,397044.6615,397735.6506,404921.8525,398854.0696,336217566.1699,336173118.6379,336203843.8941,336206337.3344,7806.1804,12592.8108,9291.6615,389757.6999,407645.3246,397889.2517,398810.8705,400725.1379,401544.7810,408762.9313,402585.7492,336214510.8508,336170064.0524,336200789.4239,336203282.5116,10032.7668,13359.6588,383912.4617,402064.4088,392215.6531,393090.6860,395100.2291,395924.6162,403107.4180,396912.6432,336220485.7462,336176039.5968,336206764.7098,336209257.8395,11581.3613,378758.2823,396673.5428,386893.1477,387849.8215,389846.9962,390518.8221,397658.5729,391589.8925,336224981.8152,336180534.9144,336211259.8494,336213753.3990,385387.6228,402864.0738,393250.0876,394240.1152,396007.9462,396826.4362,404101.4109,397944.1906,336218799.4703,336174351.6091,336205077.3512,336207570.4220,27043.7636,15308.9699,13630.1676,22024.3272,20508.9059,24256.3137,18351.7640,336602738.9061,336558291.2799,336589014.6504,336591509.9730,12179.0019,13661.9968,9539.7654,7786.7811,10995.3713,8839.5086,336619964.4337,336575514.1239,336606238.6376,336608733.7138,4017.6051,9075.9765,5590.3088,12970.9220,4697.3816,336610515.8566,336566066.5294,336596790.5922,336599285.7904,9427.9168,8592.3715,14152.3643,5475.4181,336611751.1247,336567302.2191,336598026.2552,336600521.3420,9451.3170,17108.5695,8788.2609,336613685.1283,336569235.2564,336599960.0342,336602454.7083,9427.9168,4339.2595,336613793.4218,336569343.5744,336600067.6965,336602563.0062,9456.8012,336620636.1155,336576186.6079,336606910.1936,336609405.9190,336615191.2460,336570741.8797,336601465.9344,336603961.1533,62156.7193,37828.9141,31066.9891,41888.0469,36242.8242,22846.2316,
50400.000,11249.9361,4046.5370,10547.5608,9590.9763,2608.0278,13430.5708,8219.3814,7192.6184,6298.1703,12642.0120,13619.3177,4088.2837,11501.8731,485.2506,8482.2752,9263.7538,11010.3602,7830.5318,12355.3413,13843.6808,6728.0262,8661.2665,6139.6399,6891.0152,8646.4564,10740.3295,2374.4907,13173.3908,6973.5967,7947.6866,8188.8457,12167.4342,12574.3887,13293.1949,11954.5151,6176.9226,12004.6276,11479.4099,12876.6562,11097.8313,8245.5644,10384.5001,13570.0171,13377.9482,11954.4786,13377.7255,12390.6650,12377.3019,5151.9688,12899.8166,11804.2714,10960.7365,13452.4263,5132.9426,8835.7617,11442.6305,7397.2004,12272.7420,9004.6911,13876.8804,3134.6632,10496.9112,10995.0656,9602.1426,11289.6621,10922.7178,13075.1943,11145.2750,10581.2172,13464.7060,3312.5506,11128.3500,0.0000,13101.0829,10250.1892,12005.0125,4104.7030,2525.7536,11097.4768,12354.4355,13835.4754,8307.6139,7829.5551,7508.9285,11897.3846,11151.1250,11457.3504,9104.3228,13199.7215,12859.4952,10492.9270,13679.6519,10897.2002,12796.0027,7341.4643,8526.8531,1207.2572,9382.6091,11484.0368,385079.4629,400729.8710,394072.2416,397763.9772,394972.1301,397054.7928,403841.1280,401226.8218,336202961.1377,336163263.2874,336196633.9983,336194644.4219,12967.6894,4221.1672,12285.0591,12390.2533,4849.8734,13034.7156,6278.5009,7072.4098,11318.9419,9183.1802,12921.9778,6786.8175,10946.4833,11529.0155,12199.7179,13025.1217,7049.9863,11493.6098,7141.6812,5987.8142,8779.5515,7237.2849,10697.1030,13340.2412,2645.4660,11318.7175,10636.3361,9120.9166,5790.1169,6260.2527,1897.4821,3050.2875,6740.0099,7394.9069,7184.8627,2099.5544,11878.5981,9243.5966,4883.4660,5759.4735,11379.4682,6070.7541,8586.4367,3534.9470,6676.5201,11570.8603,2061.4491,12055.4451,6596.4166,6761.6183,12381.2564,9317.9366,12693.4368,3759.0986,4919.1574,8946.7381,12215.8817,5709.0643,7906.8971,10215.6302,6371.8924,5564.4111,5823.9374,4904.9578,6848.5539,5162.7211,8971.6464,12105.6225,8367.6977,10146.4926,4650.4336,0.0000,5672.7728,6893.4235,4465.4586,12471.0798,10864.8550,10196.5502,4167.1460,7838.0620,13536.1263,10801.0525,8922.0467,12497.1831,5224.1517,8994.7289,13106.2015,5329.1346,9560.7097,13110.7574,6925.5764,954.6871,10915.6131,12749.9596,13551.7392,10756.3618,4551.0844,10947.0593,387580.4099,403677.9429,396816.3887,400483.5768,397976.5511,399916.0118,406590.3405,404005.3841,336200131.3474,336160434.6333,336193804.3782,336191815.2411,11805.5756,6960.9111,2759.5955,13750.3290,6514.1618,9631.5833,8852.2564,10501.7216,12434.0260,2570.9626,12632.1249,4485.1577,6647.4389,8317.5497,8439.0992,10482.0776,10867.5556,13499.1380,9847.9586,8843.2115,8591.3142,6319.9193,5189.8846,12748.9253,3686.8001,11809.7511,7699.3167,10822.7044,9855.8889,13386.3753,13683.9400,13511.0791,12701.8263,9360.7445,13214.1937,9005.7176,12466.1535,12739.2729,11009.2508,9765.1672,13459.5648,12351.9360,12851.4060,13039.6651,10724.0785,13591.4226,5524.5975,12659.9511,12744.7970,8953.5367,12533.9808,4544.1707,11521.2216,12180.7987,8033.6375,9821.2763,11478.1239,13237.7844,5385.5758,12169.0088,12622.3917,10763.7153,12869.0672,12234.0940,13723.4267,11604.0543,9402.5534,12513.7783,6557.9251,12852.6120,0.0000,13142.2356,11776.3055,12672.6471,4102.3003,5528.1469,11008.7516,12986.0047,13159.8342,5768.4998,6816.0956,8120.4868,9607.6126,11866.2549,11742.5394,5856.0048,13330.2415,12125.3827,7404.8090,13278.4865,12746.0988,11472.1409,6296.8793,5919.0565,4589.8307,11849.2502,10787.0993,381162.5435,396785.2582,390140.4880,393831.6341,391043.0734,393117.0223,399887.7064,397293.8100,336206793.7824,336167095.8136,336200466.5115,336198476.9807,9950.6444,11994.1161,6140.0432,13669.1363,4515.1632,5355.0016,10256.5293,9284.7244,12598.2249,10148.6817,10279.9566,8656.0950,13511.6301,13093.8568,9505.2417,12667.2637,8365.6149,6214.6360,5117.6447,5385.9951,7681.3391,11751.3600,6506.7235,9739.2893,11696.3262,5935.3236,8108.9037,3196.1252,4988.6867,6433.0898,9380.7841,10553.8498,8670.5265,3249.5056,10186.4970,11438.0811,8573.5058,8299.7963,13144.5136,6385.5703,7672.4865,2417.9279,6244.8562,12499.2593,5229.9994,12761.0701,5102.8041,10058.3304,13042.0498,10649.6364,13034.9337,5809.4568,1662.8688,5617.6432,11692.6746,8694.9013,8745.3869,8500.6423,9759.3105,9158.3540,1873.4967,8617.0710,10159.3348,8174.4372,11693.8472,13502.5054,7813.9316,10713.8247,8408.0645,0.0000,4978.8575,10100.2026,2414.7335,12656.0191,11134.1737,12493.8129,3113.0990,8285.4841,13649.9036,7679.0093,5555.1143,12747.8527,1615.5450,11658.3467,11303.0884,5226.6901,11358.4134,12084.2504,7086.4563,3569.6090,12174.5375,13543.3525,13636.7861,9740.5357,7682.1485,12838.1823,386920.1302,402887.4751,396090.4828,399756.1580,397247.6845,399159.7878,405769.1468,403273.1473,336200499.9832,336160802.8086,336194172.5955,336192183.5612,9214.6524,11007.2085,9617.4925,10458.5067,10186.1860,5365.9211,8454.0633,8772.4515,13573.2613,9797.0878,2544.7991,10893.1523,7425.6001,13532.3483,9957.4574,10521.2321,11963.9189,6450.3519,9879.2804,5144.0796,3090.2842,13238.4705,8016.7398,9720.6886,7102.5963,13349.8139,9304.6217,12041.3571,12554.6680,12245.1419,13284.3571,12721.4521,11402.2520,3150.1766,11787.9237,13583.0980,13473.5341,11537.6018,9969.3671,7579.7863,10373.4673,9068.0917,9376.9199,12240.3006,10832.3720,8471.3424,13334.0220,8781.4049,10239.4259,10018.4093,12830.0762,9358.9584,7019.2833,6038.6359,13710.6486,9912.1200,8671.0896,13789.0594,13744.2571,8994.9076,13603.4234,13584.0189,12531.4188,12933.0794,10818.3265,8030.8159,11658.4776,13686.8404,0.0000,9477.1308,13545.1288,9750.6279,10030.1618,11067.3943,12362.3790,10084.8000,9477.0000,8294.5027,4216.0938,7001.6278,7843.0563,9051.4497,12734.4438,2156.8737,9929.4453,10974.1264,4315.6576,9514.4250,12132.0981,10092.4209,10325.1588,8140.7195,9388.1771,13552.0275,11557.9524,378390.9710,394137.4337,387440.8600,391116.0937,388494.3202,390454.0859,397090.6231,394607.8544,336209043.4897,336169345.6754,336202715.8480,336200726.6935,13841.1117,6031.9223,9285.3570,8485.0285,11958.0495,13191.9939,1548.2130,11373.4576,3028.8726,8776.7312,7427.2853,9291.0866,8530.6513,10969.9745,13726.1335,8712.8871,10010.0854,8309.9682,7944.0123,7483.9304,11668.2865,3995.0238,12118.4311,8624.1123,9121.6223,10037.8115,12981.7597,13143.5243,13078.7522,11614.6263,7485.7696,13069.0690,10845.9081,12041.1520,11479.2931,9294.1173,8865.1068,13865.8031,13351.3308,13029.8743,13668.9552,11023.4204,13169.2340,3369.5758,13436.4503,11625.4046,9251.6308,12719.6351,2840.0522,10348.1550,12642.1491,8996.7642,11125.7263,9780.8824,13638.9997,5349.3976,10648.2244,11262.0972,11185.4055,11643.0561,10835.9140,13206.5011,10394.1176,8857.9771,13392.9985,4179.7631,11588.6102,0.0000,13667.3567,10236.5995,13055.4991,1894.7668,3048.1977,9971.8552,13288.7740,13690.5717,6072.3069,8630.7953,9095.9149,10378.6098,12384.3769,10671.8957,8168.6084,13726.9315,11951.2556,9149.1600,13807.3877,12208.4372,11596.3809,5193.7766,6326.0773,3706.1119,10359.4230,10134.5189,382827.1303,398485.5385,391821.9672,395515.9552,392704.0145,394805.6187,401621.6570,398975.8697,336205329.7817,336165631.9815,336199002.7423,336197013.1109,12711.4088,9673.9783,10329.2829,8128.1658,5100.3315,13857.6336,7379.5081,13276.4442,11143.7428,11815.3902,10993.3903,10186.2395,9104.4138,2794.9216,10021.3422,9620.2115,10350.7259,11477.2201,12278.8526,6219.4227,13170.1371,7510.5012,10709.3360,9573.3481,8825.5679,3098.2081,3176.6869,4413.6822,7188.6930,10730.5820,3619.1496,9438.2907,7084.2841,6725.3412,9415.3510,10709.2111,1613.8754,4771.1718,3880.3832,2709.2020,8994.8132,3070.3170,13294.2136,3772.0464,6892.5275,10543.0275,5899.1522,13618.5254,8217.5849,5331.9743,10418.4743,9300.0305,8982.4540,3558.9299,12539.6013,8140.4964,7283.2422,7622.3329,6575.6459,7893.9820,3538.9535,8804.9165,11048.3856,4343.8663,12812.5799,6724.5254,0.0000,2558.6634,8400.2202,4232.7850,13728.0154,13222.3462,9577.3268,3354.5145,3398.8631,12906.6196,11076.2344,10360.9918,10004.3749,5743.2855,8480.4302,11878.8632,1814.4624,6997.4456,11134.8044,2462.0154,5473.9745,8215.0628,12981.8052,12806.3717,13102.8570,8215.5625,9668.7048,383411.6439,399599.9802,392696.4621,396357.0346,393921.6225,395820.8595,402459.4076,399892.3516,336204204.6445,336164508.1101,336197877.6171,336195888.6179,12724.4142,12280.9667,9742.4237,10605.2743,4771.5020,9445.1955,8503.3791,10652.1777,2287.3550,4845.1065,9620.4286,6142.2506,11437.1115,11939.9988,12710.6820,12136.8575,11205.3329,7188.5856,11990.6494,9186.7542,7966.2854,12173.6201,10807.2177,13031.3165,12792.8091,12343.7215,10479.0340,9081.9510,10014.0946,13515.6855,9532.7992,8168.6755,10671.4132,10686.1356,4104.4186,12616.5304,11866.6142,13640.5461,12581.1375,6345.4642,12896.1151,4147.9406,13076.6700,9468.3035,4163.7931,9141.9001,3599.3966,12245.1802,13779.7777,12355.6333,7924.5832,10467.2166,11174.6525,10323.0673,9654.8532,10292.1481,13484.2696,10725.9370,9194.5235,11382.6192,7248.0205,3460.1143,11691.7264,7989.7252,10937.7278,0.0000,13161.0492,8993.8056,13715.4973,4643.8185,7395.6585,5961.2431,13586.6747,11512.8929,1800.5134,11290.3801,12410.8092,5935.9898,13686.3128,7307.0424,7971.9314,13040.1140,7959.3630,6827.2115,12246.5715,13284.0245,7098.9680,1510.7344,2012.1300,9111.7934,11209.7629,5408.7469,378563.9901,394409.9691,387655.2912,391346.0730,388589.3488,390685.4296,397534.6665,394820.8123,336209730.6914,336170033.4300,336203403.9646,336201414.3553,1011.5910,12377.0683,12137.8474,10335.4015,10715.4344,6819.0744,8630.4617,12892.4259,13631.3761,7724.9783,13774.6932,11449.1961,2852.6912,5288.5839,1233.6305,6519.1708,11519.6495,7177.1276,6638.9044,13491.2130,4342.8887,6273.1434,2036.0314,7763.7987,8885.3034,11542.5996,11398.2004,5945.4294,6764.5247,11721.9816,12899.3377,9124.0429,6689.7561,13012.0873,10074.4117,10955.8043,6627.3743,9966.9216,13722.3423,8007.9847,10579.6945,8996.5260,10901.8069,13512.5963,12845.3973,10945.8921,4645.5201,5988.6812,4411.2992,13223.7645,7615.5420,11792.2176,5002.2879,9672.6640,9490.7721,3733.8353,9285.6680,10369.6164,10476.3547,11955.6797,13480.2876,11090.4626,7504.7186,8953.2674,0.0000,8979.3903,9920.1241,6774.8070,10251.2760,7962.3557,12693.7148,7344.6871,11505.2206,12841.2814,7219.6789,4449.2076,13763.2125,5725.5239,12140.8467,11354.4368,9142.1546,12960.2974,12684.5748,10633.0120,5474.0910,13615.8010,12181.8883,12930.3008,6210.3148,6939.5448,13290.8546,388563.2663,404381.9509,397652.1884,401328.4671,398703.6595,400681.3595,407351.9571,404822.9150,336199041.2541,336159343.7450,336192713.9214,336190724.6733,12454.0373,12457.9469,9597.9313,10982.1937,5922.9765,8306.4465,12586.1929,13407.8088,7697.6396,13767.2578,11932.7821,2911.5304,5295.6323,350.8662,6051.5435,11076.1362,7750.6769,5721.1152,13622.8352,3995.7058,6391.2605,2592.1074,8503.9325,9544.7696,11969.4725,11653.2960,5749.4296,7597.9090,11657.4463,13096.4269,9515.3871,6828.5974,12849.6955,10670.0215,11346.2034,7433.9717,10520.4749,13715.6405,8748.7389,9981.7962,9567.9979,11194.0003,13329.8993,13103.6309,10303.5006,5151.4745,6733.9123,4173.1163,13179.3457,7805.1488,12224.1283,4041.5388,9899.1913,9819.4467,4389.6101,9688.5869,10587.6431,11007.6808,12027.6084,13281.4499,11494.8838,6850.4890,9368.0224,0.0000,9622.2874,10084.4449,7535.8121,9552.1524,7229.2616,12671.7041,8104.8369,11953.7728,12367.1441,6876.2854,4236.4324,13651.9636,6437.7426,12236.1264,10968.4719,9797.6329,13138.1128,12419.6965,11163.6785,6319.4239,13689.3209,11694.1348,12471.4927,5272.6414,7276.0693,13246.1961,388308.0640,404088.8186,397376.2366,401054.7762,398404.0987,400395.3999,407077.5780,404543.9564,336199333.2996,336159635.6963,336193005.9602,336191016.6698,3779.4899,11258.1663,11517.6107,12777.8438,7269.7631,10061.1605,5724.3176,13617.1667,6685.4127,6578.6912,13368.9446,9303.6931,12247.9983,9393.2843,6331.7453,12197.9473,11772.6366,5565.3880,10464.6761,13616.4188,11170.7247,10272.6737,10323.8137,8861.1291,10846.7822,13664.5563,10181.5001,2296.9213,8347.1132,11977.5783,13552.3766,9879.3644,6832.6003,3957.8463,9391.4104,6066.1117,5959.3405,10378.6992,12124.4856,6460.3660,11034.2572,6740.8935,5972.5284,11612.4668,13078.5489,9169.6172,10250.2177,2418.8816,13335.7412,5680.9445,12163.5789,12410.0063,12159.0643,10261.5246,11895.1691,11848.0147,9594.1697,10834.0033,9126.7240,4161.0907,13517.1750,12145.0413,0.0000,7198.0808,12171.8762,8901.8011,12000.5105,13208.9544,10239.2817,8759.4185,5341.5318,8833.5900,8482.1413,10204.3079,4996.4178,9135.3178,10399.5958,5759.8739,7435.5116,7306.3127,4318.8043,5986.5190,11560.5646,6383.7239,10785.0625,8577.2786,12600.2016,13128.2894,9125.1592,376735.4561,392719.9436,385910.8449,389578.4757,387058.1584,388984.2533,395623.0403,393093.9100,336210748.3414,336171051.1781,336204420.9882,336202431.9319,12671.5107,9151.0399,13646.5650,9726.7078,10097.3993,7234.6754,12356.1096,5986.0606,2968.6402,12712.3895,10307.4254,12346.8006,11184.8135,9346.8380,9989.1135,13157.0568,4026.2469,11508.6308,12303.0374,11080.6984,7705.0013,7450.7038,5671.8297,8404.0457,12877.6562,8060.3066,5822.9884,6003.7570,9599.8342,12138.0027,9231.8983,3961.4169,2557.5341,7664.3952,3713.1642,5508.2595,7734.3567,12663.3744,5029.2327,8547.4707,7296.6824,3255.7902,12545.1170,11639.4101,8164.2555,11253.1253,4773.0365,11678.8706,1982.7222,13182.3844,10329.0104,9857.0470,9977.9717,9455.4812,9677.6669,6429.5701,9009.1999,8906.9928,2027.4117,13650.8116,9763.8687,0.0000,5110.5140,10212.4730,7454.3326,12948.0364,13651.5321,8843.2339,6949.4976,1809.1811,10312.7369,10455.2341,11200.7519,5988.1190,8338.0117,8491.9913,8921.8529,5010.2870,5121.9435,7333.9954,3009.5379,9672.7799,5129.7922,11435.6935,10102.3919,13548.4815,11349.2232,8022.9847,378495.0299,394629.0695,387749.4505,391412.7924,388948.1634,390860.1528,397508.5618,394941.7411,336209099.0804,336169402.3616,336202771.9692,336200782.9438,11373.0727,4505.7725,8763.9005,6459.9835,8076.2551,9213.9747,10018.0804,13433.1089,9834.4668,10550.9514,9408.0777,8413.1557,6634.5870,12188.1952,5085.3199,11309.8739,9385.3466,9958.6677,10895.8718,13301.9452,13350.1469,12839.7289,11456.9164,8479.9723,13487.0107,10187.8114,11471.9300,11750.3578,10067.4127,8058.8917,13779.9109,13034.5915,13414.8307,13559.8741,10052.8334,13477.4123,3119.3197,13455.9806,11561.9326,8106.3641,12101.5141,2038.1632,11213.0673,13073.8799,9715.5576,10180.6962,10398.8530,13258.1528,6549.3388,10874.7063,11499.0703,11858.8085,11888.7502,10901.2724,13169.7662,10062.5689,7855.5801,13059.8756,5342.0259,11900.5562,0.0000,13723.0517,10389.2591,13404.9549,1686.8916,4276.3053,9400.0736,13578.3249,13346.2451,4643.9004,8919.4400,9804.2405,9273.1260,12834.3046,10283.5427,7429.2679,13773.3120,11299.5274,8113.4065,13614.7345,12828.1852,10738.6644,4137.7494,4904.7573,5102.6683,11017.0644,9349.2744,381332.5621,397006.3136,390334.8115,394028.8285,391219.0933,393322.2380,400144.4859,397489.5599,336206842.6845,336167144.9268,336200515.6722,336198526.0407,11350.0266,13804.7153,7656.0132,10386.3085,5416.1555,7687.3603,7232.6820,9098.7523,12969.3138,11081.9736,13583.1688,13179.8031,4772.5596,12574.7817,7763.2409,12908.9034,6152.6115,11231.6617,6271.7294,5092.2553,4184.5361,1216.1291,7355.5546,8009.4560,12543.5947,4783.0085,2235.6377,5686.7388,6227.6508,8477.9604,10353.0977,9160.6501,9309.7763,8202.5440,6207.3062,9251.6078,10258.9521,721.2779,8913.0125,6941.8580,10138.9169,7126.7275,10471.7909,12896.9632,11080.0231,4570.9508,7878.9019,12282.5879,1834.4728,1771.7503,11239.7156,2141.5824,842.4542,4155.5394,2773.1552,7401.5622,9832.2263,9304.6142,2583.7164,0.0000,9384.6301,1755.2306,9851.0626,10410.7944,9942.0552,4437.4672,9285.8674,8469.1507,10634.3011,13686.4116,12911.5254,9859.4130,10705.1855,2944.8665,13346.0020,8803.9597,5747.2444,12200.9226,8733.7894,7526.2484,7360.4720,9126.0773,10678.6510,11724.7542,4916.1532,5768.9539,384415.5443,400584.5875,393681.6546,397357.5703,394775.4835,396794.7027,403598.1640,400870.0665,336203847.4867,336164151.1220,336197521.0653,336195531.6652,8616.0029,9450.4446,11269.6980,7538.3573,12494.0210,13777.6612,6289.2033,8551.2220,5780.1865,6921.7120,8967.1798,10433.9884,2488.8322,13266.2374,6835.6411,7585.7168,7897.0503,11920.0367,12350.6997,13195.5059,11844.4506,5802.0219,11744.6622,11654.7983,12883.8137,10864.4950,7900.8120,10502.0278,13459.3841,13369.9231,11723.6968,13289.3130,12539.7792,12130.6237,5356.7877,12794.6938,11666.4278,11178.4069,13481.9306,5440.0070,8446.9731,11228.4407,7259.0064,12467.1706,8699.1927,13843.4187,2948.6160,10291.9999,10775.5723,9353.7895,11061.6104,10760.7207,12917.9613,11104.8753,10752.6717,13451.1776,3095.6333,10881.8861,0.0000,12965.9190,10074.0541,11797.6241,4415.4992,2458.7906,11131.8207,12152.1540,13799.1927,8645.3387,7884.7676,7371.2395,12110.3899,10941.2077,11427.6379,9392.3257,13057.3136,12895.5122,10770.2524,13603.7883,10574.9662,12901.8676,7600.7856,8862.3546,985.9106,9052.2959,11575.4489,385509.3655,401168.6770,394507.0977,398198.3683,395412.0574,397491.9437,404275.9339,401662.4063,336202523.0505,336162825.2242,336196195.9175,336194206.3481,11899.2929,9365.1931,12930.1616,11559.2968,11283.4614,10480.6517,4326.8154,7977.6830,2733.6421,4770.1042,12656.7261,6534.3102,11296.7978,4804.4194,12478.0609,7435.7740,11649.1954,12413.4710,12872.8158,13734.3573,11742.6126,10722.3109,5297.2925,12865.8293,13428.8619,12689.7885,12570.6589,10287.5972,8425.2413,9628.1602,9408.9329,11072.2846,11878.9202,10903.0360,8436.6966,13655.6065,10458.2682,11537.0602,10221.3328,11717.7607,8332.2664,4737.5587,8192.6588,13129.8706,10856.9753,6873.0863,13716.6625,13649.3113,7346.2837,13484.6414,13720.8691,12824.4634,13549.3439,12082.7530,8910.6622,10823.1276,13472.7669,0.0000,9426.1605,13564.7569,8992.6509,9959.7806,10301.4040,13235.8097,9520.1365,10360.0050,9539.3168,1722.6527,4723.6841,9804.1557,7930.9670,13441.1772,4124.4856,9935.8483,12207.0008,6579.2788,10065.8151,11188.7234,11641.3389,11036.3746,9460.9449,8000.4106,12862.8417,12724.7253,380688.5867,396388.9106,389715.2824,393390.7902,390758.8938,392717.1659,399340.7197,396879.3812,336206709.5790,336167011.6339,336200381.8529,336198392.6999,5409.0418,8664.7542,5117.3203,10455.6616,11788.0913,13417.3192,12496.3173,12360.9526,8845.9317,10867.5578,10439.2344,7029.8670,12992.1224,10016.0950,13281.8779,11821.7399,11142.3751,8961.6607,7212.3661,9571.3593,12836.4574,10332.1733,6482.9855,9176.1267,9794.5909,1919.7229,11927.4137,11653.6981,13191.7130,12097.2314,5577.9931,11885.4892,4807.4538,12825.5805,7676.9365,3973.0711,8039.4868,4897.4572,11593.8939,13631.7610,13134.0641,8285.8254,9343.3202,10322.1985,11290.0122,8055.3933,8722.1694,13635.6150,9207.1711,7451.9447,9961.5685,5209.3590,1793.2100,11351.9530,8256.3315,9476.2820,0.0000,12692.7067,7348.7729,13401.4366,5860.0037,7966.5358,3817.8038,13137.6446,10802.8288,3879.2735,12430.8185,13181.4195,5983.6101,13619.1269,5278.3642,9494.6069,12446.2835,6509.7501,7998.4998,11608.1909,12586.4929,6000.1467,2537.8765,3981.4024,10094.2239,10152.4228,3468.1516,379191.5678,395133.9475,388333.3888,392021.9819,389296.4905,391387.3775,398248.6511,395504.7599,336209188.3430,336169491.3714,336202861.7896,336200872.1879,12201.2573,3803.1019,9077.7593,13639.4922,12018.5066,13217.6231,10969.0544,5615.7922,12740.1636,11030.5782,4945.1371,12257.8834,12950.6253,13211.5188,12231.6861,11819.7999,9378.6198,9631.3382,12605.9419,12776.4467,6007.5473,7088.7825,11614.8345,12811.7164,5820.3035,10364.9262,8709.4979,12543.5822,10096.2695,3366.5292,12319.8988,8465.3225,10770.0238,10073.1086,1871.8648,6525.8471,7812.8852,13559.7003,12612.2236,12268.2907,3454.2828,12474.7717,8443.9080,12001.5081,11219.9082,11449.5650,13024.9757,11576.8641,10511.0701,10579.3629,8460.0236,4568.6304,8578.3270,11416.6494,11886.0701,0.0000,11083.6948,10681.6771,12387.3637,8608.6594,10904.8782,7133.7801,12180.6416,8677.9963,3983.7980,10530.9878,12279.8474,1544.3643,12557.7673,8140.6842,5990.7442,11053.3922,6245.0347,3383.9591,9679.6895,13361.7878,4581.0709,6244.6874,3678.2113,11520.2668,12824.6011,5697.1902,375777.7196,391707.8745,384917.3495,388598.3119,385947.7241,387972.1267,394739.1696,392092.2214,336212165.3095,336172468.1513,336205838.3502,336203848.9800,10989.7801,10942.8776,5206.0457,11537.5980,7860.7386,11724.7984,13029.6329,4913.4733,9366.3460,11486.6375,10671.7683,1854.1259,9107.7574,7931.8023,7716.0644,8834.6793,6440.3067,2334.1627,8837.4124,13761.8891,9311.5237,4570.5989,1590.7266,8354.9977,11198.6013,12752.5673,9838.3531,11713.2855,11389.3827,8014.2092,7103.5376,11909.3753,6020.7697,11078.7228,11004.9209,8267.9042,4434.4424,10562.9393,10830.3665,13296.4753,1671.5849,11494.6807,8808.4001,3696.2133,4311.9243,9989.2042,4823.1633,4640.9952,8218.5144,6462.6997,9477.3609,12474.2928,4994.4010,4543.8991,0.0000,11303.5664,3767.0991,10493.9717,7983.7072,6018.2367,7576.1007,10357.3974,11784.6975,10797.9584,12295.5746,10886.9222,12296.6043,10607.9526,6972.2085,13319.9204,10966.6332,9964.9128,13242.7683,11623.5125,7175.1810,11022.5570,8622.1541,10972.1083,7980.6132,2765.6645,8943.7387,387648.0487,403620.9117,396810.2714,400494.6555,397810.9897,399872.6945,406694.0746,403985.3666,336200614.3319,336160917.4573,336194287.7616,336192298.2226,6854.9040,13338.9262,13112.4968,13662.0169,12801.2201,8844.7677,10884.5748,12753.1415,2169.0440,13479.0995,11831.5827,13485.7498,10387.8528,9576.1908,6349.9793,6683.5371,12022.4141,11422.2158,7977.0458,3564.6355,9281.8751,11561.0136,4165.8763,8829.1492,8177.4231,11574.6778,8976.3710,792.3215,10402.3474,9255.9769,10139.1944,7244.9491,2462.1563,3701.0198,9151.9853,12492.3950,12188.2401,13435.8431,4973.5709,10905.9124,6435.2056,13334.0914,8965.8884,9083.8950,13135.4194,9181.7801,8023.1200,7861.2629,5758.4097,3461.3630,7756.0518,11796.2675,9593.6614,0.0000,10019.5102,8453.3955,11654.1572,9957.2416,11639.3851,4551.2704,11192.3884,7005.3604,6389.5030,12417.3719,13437.3424,2803.6154,12282.6267,5257.2548,9059.6669,9742.6313,2762.2050,6602.1621,8215.9030,12066.0706,1117.2420,7158.5151,6202.4530,12818.4753,11244.6635,2977.4838,377058.0473,393148.1650,386281.8752,389958.5567,387364.8911,389376.4598,396157.3510,393466.4906,336211014.8588,336171318.1745,336204688.1662,336202698.8220,11638.3455,10825.3031,11904.3994,12143.7009,11382.9827,7825.4471,13678.7665,5006.1922,11894.7270,10776.3483,10632.1008,5404.1084,4867.8638,3352.1543,6601.5543,11750.8298,6227.0875,8352.6577,5163.5832,7435.6900,10550.9244,9231.7028,2523.4110,4048.7050,6342.1571,3244.6702,6699.4044,5359.4688,12848.9661,4906.9695,6595.6838,8590.2727,3323.7320,13043.8076,9998.4570,7456.6595,11639.9697,7362.4283,9952.1438,1014.7145,13404.5057,8465.0609,7788.7508,9541.4053,7252.5105,7865.3887,3752.1998,7854.6877,9357.7654,3370.2851,13267.4127,7565.9292,0.0000,4217.4287,8508.5499,6486.0782,13369.1136,13521.1666,8234.3065,5726.0082,1516.3749,11575.0906,11617.9789,11590.4743,7870.4600,7772.7145,7371.3867,11044.9686,3702.2233,4801.3870,9671.5978,2164.9560,7818.8333,5851.0540,11968.1967,11427.3349,13723.2305,9494.9608,7933.3937,380841.8597,397049.8773,390135.2260,393797.2049,391351.8683,393263.9099,399926.1165,397331.5909,336206858.8723,336167162.4010,336200531.9316,336198542.8947,7804.2965,3192.7813,8524.3783,12413.9466,5788.2620,7151.6572,13330.7080,6720.8392,3691.9168,4706.5128,7607.6370,8376.1706,10898.2182,9975.0458,3342.1743,7276.9840,12963.7362,12108.7559,7473.6202,4171.8420,11822.9211,10756.1683,12051.5219,7727.7377,10918.9514,13450.8762,7808.6084,9289.6174,10345.5815,9445.3311,13159.4725,12693.4646,9976.1691,2823.4035,7712.3564,6875.1006,13811.0378,5263.1934,12110.5913,5735.0884,7726.3527,7717.9153,6099.7298,7685.5061,8598.1272,9835.5968,10437.3593,12540.5234,12030.6303,5791.6777,7291.9620,0.0000,10044.2735,7993.1985,8169.9582,9290.5704,6590.0901,11351.1006,8475.6055,12023.9767,12445.3702,9279.7172,6931.5643,13795.8251,7589.6681,10747.2505,12441.4496,10001.7263,12399.5000,13367.8194,11337.9896,5394.1969,13246.1488,11145.5939,12583.1433,6056.9101,4780.8149,12255.4036,389259.1612,405118.0809,398366.5116,402046.6852,399390.5446,401403.5376,408131.8460,405537.8971,336198579.1053,336158881.7907,336192252.0494,336190262.6775,5024.0071,3022.7212,8594.5330,10397.7399,6862.8682,12518.9219,2051.7713,10514.0139,3605.7627,9356.9727,10514.0427,12272.5833,13196.0265,10097.8743,7960.5138,8100.2105,13260.7347,11920.7861,10805.9882,13716.4053,9141.5582,8499.1774,6810.4994,8432.1887,12761.5665,9611.0715,11950.9411,7024.9152,12892.4638,12601.1588,12143.0267,11729.3585,9009.0721,5208.2162,1581.5026,10679.9150,11419.7550,10745.3822,6033.7919,12573.3798,12308.0447,3423.2058,11997.9352,12857.0712,11636.2843,13584.0439,13653.4062,8937.4643,10394.2985,11852.5399,0.0000,7779.4577,12653.3001,6219.2193,11239.8900,10297.9875,13816.0544,6997.2694,10178.1033,12112.6235,2939.4924,1466.2665,12143.7445,4713.8585,13549.2784,8055.9916,8309.1906,12861.4699,9920.1932,9345.4280,8185.7306,12939.5261,12732.0326,12090.9875,7746.7112,10812.8574,13759.3809,384611.9595,400376.3657,393674.9099,397346.0947,394761.0912,396693.6135,403291.5625,400844.1856,336202717.7368,336163019.9598,336196390.0292,336194400.9465,5705.0368,10781.6324,7943.9460,5458.2286,13523.9961,3668.9924,6605.6051,2527.8561,8616.9315,9655.5575,12003.9065,11724.3026,5917.0629,7693.3459,11403.8968,13077.7194,9663.6464,7035.5939,12793.7338,10640.7053,11218.1264,7470.1209,10456.5238,13594.8397,8864.5531,9890.3440,9485.7325,11281.0786,13181.6789,13037.8222,10168.2630,5412.0117,6709.5562,3861.9092,12975.6264,7995.3873,12167.5634,3785.7542,10033.5012,9961.8216,4327.7389,9833.4392,10694.4918,11079.0351,12061.6378,13190.0903,11381.9437,6848.7844,9526.1513,0.0000,9584.3158,10198.6836,7531.5855,9417.5136,7172.7111,12662.1077,8114.6838,11886.0267,12178.3873,6540.8173,3929.3000,13480.7963,6395.1785,12260.5748,10668.6276,9778.8885,13090.9743,12166.6650,11109.0802,6496.3540,13596.3056,11574.3919,12279.6048,5096.6985,7487.9510,13195.9713,388029.6634,403801.9873,397093.4040,400772.0312,398119.4885,400110.5393,406790.7958,404260.6096,336199602.3931,336159904.7618,336193275.0331,336191285.7450,6629.4427,11767.2741,4729.7529,12651.8104,2415.4413,11061.1344,5590.8864,11258.0932,12180.8668,13305.5142,13754.1247,10162.0424,10203.8174,7689.6234,13604.4438,12871.3016,11362.0525,13065.8325,10946.4724,9814.3365,9245.5455,10227.5058,12445.8013,11509.4254,10412.4103,9095.4140,13559.7904,11739.5921,12694.2770,9934.3179,10222.8549,7868.1976,2543.0960,10239.8212,12015.4474,11929.7767,4589.4064,13140.6081,13108.3987,6071.9752,12972.1921,13369.7777,12964.0426,13652.3939,12836.9211,10234.6562,9355.0204,12859.8952,0.0000,9887.2771,13065.0084,8740.7782,9402.1273,8939.1208,13586.0349,9393.4515,11469.5807,10397.4083,1209.2257,2581.0522,11465.2037,7409.6611,13661.2930,6274.0463,10354.5153,13147.1418,8663.8349,10962.7650,10181.8496,12884.1812,11222.1693,10401.3742,6117.9495,11707.1162,13406.7260,383276.9823,398943.7142,392285.8741,395963.6584,393305.2100,395278.5346,401914.8917,399447.1486,336204175.3104,336164477.3014,336197847.6122,336195858.4043,13710.1410,7595.6468,9280.3042,8642.7675,13253.6236,10845.5488,13109.5499,13349.4158,12440.1518,12833.7085,12394.7765,12856.0072,4521.3854,11245.3485,13572.9852,13335.0065,9864.2082,11437.3321,9270.6031,12128.4239,10742.4680,8353.9439,13292.1146,8853.9594,10506.6564,13003.3780,7048.0656,10236.0400,7820.1015,13356.3499,11396.5241,8710.4785,5739.6957,13502.6099,10777.0575,8767.7620,13392.6808,13571.1905,10896.6941,13608.8013,13106.0134,12996.5376,11980.3213,8978.4849,9539.9325,10624.5242,13732.7159,0.0000,11289.8154,13001.1299,11688.8222,8018.9316,9843.2593,11103.4265,11902.9984,10573.9877,5635.7462,6158.1014,8731.2046,6572.8339,11126.0517,11831.8842,992.3003,11585.5952,10473.9953,2897.4445,10928.5304,13282.4864,9311.1995,8005.0980,5486.4322,8833.8733,13631.9460,10200.4345,377377.4834,393095.6123,386408.6465,390090.7923,387401.9247,389412.2239,396114.9347,393571.4656,336210288.5918,336170590.7768,336203961.1491,336201971.8343,11360.0672,10424.6623,10345.7115,3983.8460,7766.1127,3405.9001,3363.8536,6239.3506,5671.4157,5724.3287,4597.8617,12820.7415,8351.3682,2600.0850,3765.4086,9957.3710,7570.9482,10006.0968,6004.0469,8315.7749,11135.6987,3436.3541,10736.3220,8580.1567,4966.6508,11774.3128,9246.2514,11590.0523,3117.4642,7309.6914,10280.6955,12601.2286,3358.5241,8630.9875,10419.9952,3971.0998,3223.3780,7806.0056,2703.5688,4661.6937,4827.8535,7178.4951,10919.9755,9675.6661,8926.5367,2298.9871,0.0000,7638.2597,4586.5459,6882.7351,11424.1796,9779.8371,8611.5853,6521.8259,8811.7808,12816.0051,12007.9754,10283.5918,12299.9379,7554.3137,7341.4196,13661.7579,7179.1482,8935.0023,13413.0346,8274.2210,3194.9320,10429.2629,11516.0411,12874.0166,10476.6631,2288.5668,9686.8312,387733.1831,403842.9552,396972.5759,400644.5726,398093.8278,400073.0117,406805.8779,404160.1982,336200214.2420,336160517.6411,336193887.5120,336191898.2401,13304.4456,5133.4898,9146.9066,7153.5572,12192.5260,12809.7201,13704.9860,12941.6796,7592.2708,11692.0128,10319.3244,13485.3293,12036.7288,9478.2084,11516.9057,13085.8177,12543.5593,11333.0311,12705.5510,12643.0537,12426.2705,6955.3902,11986.9810,12773.9621,11334.2841,13556.3839,6625.9215,9392.3978,10492.1337,5580.7300,11735.3495,10264.6998,13618.4686,1797.4774,11726.3796,12053.4143,8474.9206,12205.3105,12103.2091,13440.6931,12334.2860,11519.9013,12748.7200,5469.7696,12048.9947,0.0000,12395.1527,11534.9449,11203.2320,5751.7629,4813.6567,12244.0026,11681.3668,13433.9319,8844.0064,5745.2658,5694.7217,11884.3217,10126.7261,12547.3710,7874.6924,12623.8379,13299.9731,9794.5351,13163.8365,10865.4223,13114.3607,8641.9152,8996.9877,1772.6672,10392.3794,12408.0395,384551.1067,400170.0764,393529.7200,397218.1117,394454.0581,396506.2775,403243.4962,400684.0380,336203285.9655,336163587.9595,336196958.5964,336194969.1256,13188.7744,12040.6893,12954.2427,9292.4868,8522.5845,5272.5318,6729.1871,12464.6297,10252.3815,7319.1547,3325.0772,9086.1085,11777.1028,5947.3388,7074.6844,6421.7643,10314.0754,7225.8312,1895.3656,9291.1990,10731.1354,8546.1752,7188.9835,4219.6832,1811.2548,10658.4511,12258.5211,11000.2785,13067.7421,4502.5396,11113.6226,4466.2293,13677.2596,9179.7969,9044.6201,12325.0778,8947.2679,8254.4468,6785.4524,6513.5859,5487.4839,5931.6746,12719.8022,9364.9593,0.0000,8399.3725,8812.0651,10347.7730,11337.1060,12653.6190,5784.3572,9814.5532,5049.8881,8030.2451,12136.5040,13050.0135,3540.9619,11145.3777,5929.1348,9263.4367,8112.0623,2177.5617,6894.4783,6373.2003,11247.4522,1186.1536,8920.4763,7823.9395,13455.3909,11216.2984,4545.4732,377317.1513,393455.9120,386569.1173,390240.2462,387704.1732,389677.6744,396414.6313,393758.5692,336210604.3661,336170907.7631,336204277.5752,336202288.3512,9689.6832,3363.3814,9980.8162,11073.3057,12864.4434,13255.3359,8957.0814,8760.1969,9140.1039,13654.3802,11836.2961,10040.5572,13478.8192,10438.8383,9995.8440,7894.6858,9863.9138,13208.0264,10240.9981,10837.2858,8612.5726,12940.0944,12737.5345,12925.6247,10654.1327,8482.3917,6503.0975,492.3662,11479.2861,10803.6855,11874.1607,4116.4865,12271.3972,12150.1149,4191.3705,11953.8791,12665.9001,12218.8473,13446.0406,13493.8060,10360.4344,8910.4759,11763.1275,0.0000,9204.8901,12322.0728,7501.6929,10017.3403,8782.6232,13682.5755,8236.0158,11413.3308,11676.3864,3152.3856,613.9239,12586.2679,6033.3151,13504.4102,8308.0448,9634.5895,13354.7601,10346.5930,10674.9492,8467.0911,13437.6131,11989.3211,11708.5572,5957.9617,10325.5310,13766.7523,385465.0644,401175.7368,394498.0439,398174.0696,395537.3584,397501.7762,404133.2596,401662.5537,336201977.8585,336162279.9772,336195650.2155,336193661.0280,7724.7264,7012.9595,7109.1867,9027.6830,7213.4460,1956.7860,7648.9249,13697.4323,10040.3264,4671.5245,516.9361,9689.0499,10627.2823,12349.9209,8649.4750,11114.0165,12144.3388,7121.8840,8301.8520,11111.1665,6670.1030,11993.4992,11370.5530,9340.2123,2672.9325,9322.1513,9816.2841,13621.5421,1720.3753,11380.4359,8260.2176,4480.2740,4696.7455,8631.8236,4926.5315,5511.1026,8098.8527,7664.6010,10718.8754,12123.5177,5552.8379,4521.7370,0.0000,10495.3150,4784.1930,9332.2360,8929.3997,6605.5868,8852.1315,9274.4103,11558.9361,11785.0497,11655.0042,9865.7550,12976.2242,9364.5863,8086.6690,13426.7910,10202.3630,10620.8410,13603.7233,11171.8528,5749.2623,11744.8643,9901.2939,11938.2758,7814.4687,1852.8844,10108.6907,388638.3001,404607.1057,397800.5107,401482.0904,398825.1112,400863.1374,407649.6892,404976.8690,336199473.6021,336159776.6757,336193146.9037,336191157.4414,7439.9199,8707.6330,11307.4485,11751.3677,7576.7418,6084.8443,10485.2488,12775.7398,9728.2844,8070.4178,13346.6119,8969.3049,9577.1449,5494.3067,8684.5024,13326.6223,7697.2358,11464.3215,7489.2881,11290.1489,13293.9669,12267.8360,11656.0179,5844.5155,4420.8529,3209.7287,12321.4301,8821.4465,10884.0463,5692.6813,10478.9077,10167.0944,1842.6776,9845.0350,11021.1957,10281.3733,12418.1937,13659.3912,9802.7115,8929.0518,9577.1895,0.0000,7664.6638,10714.8068,5389.5651,11059.2370,9230.5895,13056.5780,6107.2175,10469.5911,12926.2862,6034.3473,3195.1835,13239.3004,4061.9495,12499.7526,10516.0535,7961.7680,12685.4686,11915.1909,9492.2183,5465.8845,13242.6234,12715.8428,12966.2626,7196.5619,8047.9650,13438.4098,387463.7456,403295.2999,396561.1833,400233.5264,397646.7305,399595.2018,406227.7813,403734.0332,336200001.9573,336160304.4294,336193674.4880,336191685.3401,1525.0375,5215.1788,6608.7620,8414.3415,1947.7668,11157.5739,7987.5867,4777.5224,6880.4380,10804.0182,4503.7999,7323.3200,3359.8025,5311.0505,10442.4871,261.0768,12414.5710,5635.4423,6052.0851,11563.5099,7819.2629,12980.9975,5413.9177,5071.0281,9763.4583,11194.6501,6552.0136,6240.5936,11284.8622,6389.0131,5465.4650,6672.6560,4701.1679,6559.0762,3614.6583,8363.6010,11454.7011,7003.3104,11110.8806,4635.1737,0.0000,4513.0729,6846.6050,4244.1112,12911.5639,11739.1331,9522.5205,3602.5228,6221.8296,13255.7917,11176.6836,9726.9894,11511.5101,5464.4149,8258.0556,12836.0445,3990.4878,8252.7062,12483.3436,5366.2201,2726.9722,9681.3043,12698.4994,13231.7557,11772.5964,5566.6790,10109.7610,386119.8898,402271.8594,395384.6036,399049.2655,396571.7551,398498.3813,405166.5826,402577.2389,336201593.3323,336161896.7547,336195266.3961,336193277.3017,3935.4947,5338.0116,8605.9189,3452.0492,11422.3024,6842.4234,3875.4931,6872.0743,9938.7394,4712.9030,7577.8750,4753.0156,5696.7864,9713.8868,1347.2886,12191.3328,6416.1341,4797.1279,10964.3265,6993.0462,12813.4571,6022.6376,6444.5030,10884.7983,10993.3019,6289.5120,5795.6130,12045.5744,5511.8758,4527.9657,8036.6897,3732.0631,5508.6220,2225.6034,7255.4445,10662.7449,7137.5957,11250.7120,3798.3375,0.0000,5248.4402,5951.2935,5563.3926,12852.7348,11888.3029,8486.6528,4838.6428,5986.1372,12941.4904,12084.5277,10855.4923,11019.2871,6828.3018,7116.8071,13144.5116,4604.0182,7240.1984,12473.3074,5440.4118,3981.2938,8836.2582,12274.2972,12914.4987,12316.8078,5486.1166,9131.3662,385518.2576,401710.8328,394803.0410,398468.3560,395989.0619,397926.2386,404618.0166,401997.3685,336202306.4568,336162610.0212,336195979.6559,336193990.5248,3453.8063,10199.1705,6835.9827,10434.7401,3213.6684,4902.6149,8678.3603,7406.5595,5212.9276,7118.2063,7621.8959,6139.1867,6591.2764,5104.1014,11503.1875,7539.5029,3487.7089,8264.6780,3742.8951,11992.6682,8905.3856,9025.1678,12711.0339,8878.0429,7803.8802,4057.6462,13439.4787,5710.7601,5086.7897,10658.0770,4680.7147,4937.6519,1757.9306,5072.7598,7982.4887,6479.1679,11956.8368,5117.1653,0.0000,6632.4105,5731.0701,8116.6164,12367.7864,12374.5147,5879.9238,7349.8403,4763.1348,11132.6280,13044.3030,12689.0279,8333.9643,9342.8987,4630.3196,12351.1249,5984.4013,3675.1047,10852.8187,5266.0733,7596.1802,5489.8720,10734.8460,11053.4216,13348.6967,7598.5279,6134.8194,382093.5608,398328.3708,391397.7717,395064.9363,392573.3185,394530.4715,401261.1310,398593.2686,336205893.3728,336166197.0776,336199566.7355,336197577.5441,8296.6336,8354.6886,12019.2815,3625.2426,3267.7035,6767.7352,5611.9501,8151.9995,9847.1164,9395.7638,8973.8056,7219.4552,6534.6439,9428.2148,10072.0871,734.4789,8113.5960,5944.0972,10205.9252,8084.9836,10698.9429,13225.1445,10303.2406,5696.8073,7176.3086,12767.8558,3006.6603,2926.1400,11636.5629,3127.1079,1914.2204,3916.4325,2212.7649,6700.5398,9289.6695,9944.0120,3613.7583,0.0000,9233.2622,2775.1336,10018.0997,10588.3598,10472.2208,3726.7653,9406.5164,7840.1214,10220.6711,13764.3094,13234.6704,8997.8250,10939.0686,2130.6039,12993.2822,8643.9179,4644.5102,11615.8561,8286.1463,8170.9902,6308.1814,8942.5819,10234.6051,12219.0158,6015.0334,4884.7920,383258.5512,399444.9620,392533.6913,396208.7461,393636.8539,395651.3357,402452.3412,399723.2979,336204997.5021,336165301.1732,336198671.0805,336196681.6987,8819.2713,13449.8374,10770.0687,6247.9544,2305.1229,9625.4827,11582.8095,12873.6486,9564.8813,11910.1483,12303.2256,8558.0372,6999.9013,11773.2984,7866.4660,11780.0569,12044.3016,8007.8487,3882.8009,9918.3000,9172.6953,13537.8591,3321.7527,12226.0437,6815.7899,5754.7215,6176.1381,8782.0494,6497.7459,6652.9849,9465.6415,8285.1548,10541.8705,12717.2894,3709.5744,6163.9705,0.0000,11349.2153,5841.5956,10106.7509,7442.6301,4798.4675,9179.9240,10175.1972,12364.0478,10923.4078,10889.1643,9242.7213,12861.4275,9864.4190,8736.6302,12653.5782,11151.5996,11241.5615,13089.5410,12032.8712,7004.4882,12096.6024,8978.5611,11110.7945,6110.3698,3735.9054,10324.4889,388281.2841,404166.2986,397398.4646,401083.8225,398381.3517,400439.5046,407237.4990,404568.7719,336199851.7473,336160154.5943,336193524.9811,336191535.4583,10801.3326,9443.6299,6437.6140,7644.1154,12027.6823,4554.6656,7047.2772,1596.8510,5016.2187,11366.1047,2143.4697,13001.9594,4737.3037,7819.4236,12366.5407,8865.8114,13455.9007,5555.9158,3299.5927,8486.4353,11428.7694,7602.1318,6898.7770,10639.4320,7949.3134,7113.2655,5055.3567,6405.5011,8212.1157,5383.6119,9931.3592,12551.4735,6903.4385,11394.4054,6271.2955,0.0000,3811.5421,8383.5383,2565.4775,13277.1939,11961.8237,10959.2647,2146.2838,6634.3763,13774.1808,10098.1359,8435.1380,12135.3885,3718.1634,9831.7493,12477.9114,3570.4593,9539.4374,12507.3240,5475.1373,2250.2192,10745.7335,13441.3334,13744.3444,11439.2312,6520.3084,11421.4561,386516.9620,402619.6794,395757.5361,399420.7945,396950.6211,398860.1624,405493.8947,402948.2007,336201045.7809,336161349.0211,336194718.6553,336192729.6207,9881.4055,12834.5135,13711.5785,10550.6635,8200.6677,5370.2454,9855.4749,7312.9708,7282.3696,11307.8578,11599.6803,7207.6257,12158.6786,7352.3877,7854.9767,10917.3076,13162.7234,9246.8688,8964.0685,3426.9626,13683.4411,7565.3950,10845.7472,13163.1740,13005.6172,9772.5797,12795.3984,12738.5077,10991.1551,11818.9954,9744.7599,5750.5306,12874.3534,12979.3374,0.0000,8145.2223,12909.4243,9268.1198,11184.1035,12426.1306,11181.4440,9344.5250,7159.2079,8348.9505,6723.5294,8925.7082,5862.8192,9088.2877,11478.6941,3763.1977,8511.2788,8911.2002,3367.2560,7510.4280,11950.6385,7918.5741,10509.2724,8113.6006,11389.2044,13500.1348,10142.3606,377009.4166,392888.7856,386129.4695,389800.1963,387238.2232,389176.4683,395810.7094,393305.6895,336210429.6627,336170732.2042,336204102.1644,336202113.0750,6471.8840,9677.8163,4790.2180,7386.3083,8107.0854,10014.9336,7982.4852,4048.4603,7933.5929,10045.4171,9358.7255,4192.2409,5656.7828,2895.3206,10395.5523,10592.3476,11097.2064,13574.7350,7496.4783,8792.7229,5277.9039,13635.2416,6417.5217,6311.5255,12354.7648,6312.6186,5363.5541,4837.9443,3682.2113,5176.2611,7510.1749,11607.9151,6789.7718,0.0000,8789.0141,6056.8176,10356.6165,11016.1102,11807.2637,3553.9635,9717.4495,6065.4033,8905.7076,13336.1227,13569.8710,6092.3675,11312.4399,3038.4364,11350.1846,8287.2038,1150.1800,9360.1669,7074.7552,9992.1969,2920.3387,8644.0374,8808.5850,13198.8770,9014.0270,3225.8163,379793.0115,395984.4437,389071.2381,392744.0419,390195.6731,392191.3559,398968.9069,396262.2341,336208342.6914,336168646.3130,336202016.1474,336200026.8389,4235.2368,8004.9320,8028.4713,10275.3610,7755.2278,8873.3527,9678.7293,4730.1609,9846.6224,9552.7931,2548.9669,10357.2540,8039.9476,10772.5085,5162.5660,9114.6997,11807.1105,11933.7276,3196.7132,8209.5651,11438.1440,1740.5075,722.9732,9774.6348,261.2851,2172.6249,4019.0958,4836.0800,9111.6880,9823.8615,8928.8188,354.0932,0.0000,8602.5716,2356.3274,8554.5288,10824.4364,9718.8950,6420.4754,8051.2053,8629.5697,11728.4670,13054.1982,11818.2607,11128.3639,9361.3819,5031.7167,13648.6450,8043.7828,7273.1811,12918.6529,8515.8175,5586.5964,8881.6346,10230.2540,11786.3705,11112.7525,3062.6038,7669.0734,386215.2342,402364.4166,395472.8058,399147.0719,396578.7668,398581.7278,405357.1236,402661.1830,336201924.2693,336162227.8257,336195597.7358,336193608.3858,9389.6543,10502.9295,12277.5220,8699.4802,11031.1781,11897.2108,6974.2377,8296.2571,11107.8441,6221.6750,11795.4741,11092.7373,9358.8990,2911.1503,9455.7902,10156.4179,13513.9689,1207.1320,11170.9391,8648.8816,3988.1406,4226.6508,8899.9487,4493.2430,5036.2482,7774.6558,7246.5516,10456.0984,12023.6782,5771.8302,4095.0791,0.0000,10453.2582,4307.1692,9404.2329,9004.2085,6813.6920,8481.1147,9296.8132,11383.9778,11712.8432,11920.7728,10203.2860,12801.9244,9520.0790,7675.0949,13515.5625,10128.3160,10295.6159,13581.0479,11038.5940,5803.6634,11463.2261,9795.0646,11862.3950,8162.5237,1537.5123,9776.5614,388435.1462,404422.8436,397607.0444,401288.3781,398635.7716,400674.2896,407465.5247,404784.4387,336199703.4200,336160006.5525,336193376.7618,336191387.2970,10941.7506,11007.6642,12521.5387,11262.3423,4807.6518,10831.3099,6205.5086,12190.2941,6166.0497,4049.2841,6754.8118,6525.5378,11170.0617,13193.6888,13566.4798,8232.4706,8734.3434,9186.2097,12138.4152,6956.5955,7538.8826,13528.6624,7994.6539,6164.6269,8529.8125,3593.6194,1424.2975,10608.3295,9043.2690,8333.1407,0.0000,11899.7483,6254.1517,12810.8562,7376.1986,8972.3555,2003.3742,12429.4079,9772.6561,5473.9065,13065.3985,13601.7382,5895.4777,13251.5620,3556.3307,10375.2067,11560.3356,5001.3069,8627.0144,10643.4640,11889.8224,4858.3609,4352.6165,5504.6821,11092.9861,9488.9383,1710.6812,379477.9345,395506.1400,388665.6821,392350.6662,389668.9252,391741.6557,398594.7148,395843.0291,336208899.2833,336169202.5432,336202572.8108,336200583.2614,3230.2809,4241.3196,1177.6118,8583.2311,4527.7183,13532.8532,2640.3681,7956.4206,10163.2948,5604.3587,13698.1045,9274.6655,5243.5681,10115.9221,8263.1811,10138.8404,2852.1974,12571.5591,9305.4149,8535.5072,7617.2142,7888.0618,8985.1925,4783.0926,9520.2304,11074.8660,2841.4026,13309.7045,8057.7572,0.0000,1748.6492,9477.0702,4223.1067,13839.7543,13591.2393,10042.2498,3478.2868,2335.0652,12594.3629,10394.2075,10048.7359,9338.6612,5594.3827,9141.6803,10949.4288,1268.8608,7045.2585,10193.2992,1000.3498,6549.2916,7937.0195,13043.6003,12461.0005,13233.2082,9427.7498,9869.8363,382188.6724,398352.5465,391461.2778,395120.9002,392691.8900,394580.3596,401199.4124,398656.2765,336205339.2075,336165642.5683,336199012.0638,336197023.1049,6203.1037,2278.4469,7671.3792,7406.5504,13406.2911,2917.6879,9824.3553,9063.2815,5623.2949,13246.8381,11208.0243,6311.9650,9665.5536,5903.1110,12027.9108,3423.3752,12363.2779,11220.8374,10660.7338,8233.5407,10161.9347,10793.9742,7293.6874,10634.8226,10729.0356,703.4958,13784.1018,10361.9449,0.0000,3515.9266,11214.8270,5728.3603,13461.1882,13792.3773,10653.6726,5409.6530,2622.9768,11404.4413,8991.9795,9593.0386,7735.3597,6445.4498,10204.9329,8643.7333,3778.5539,7348.6540,7848.8803,2460.1954,8876.1022,7438.1807,12579.9402,11212.4139,13090.4479,11490.9219,10012.5972,379642.8098,395726.7998,388873.4206,392534.2793,390085.9410,391973.1687,398575.6425,396063.9339,336207774.4505,336168077.5435,336201447.1184,336199458.1751,4331.4648,11411.4298,3556.2170,13296.4414,3569.6041,8929.0153,12368.3618,9029.0957,13600.7397,6517.8231,1822.6724,7559.4840,10887.1943,8764.9855,6823.2414,10308.1298,9161.5797,8393.6615,4100.3911,7726.5807,9363.5451,6390.1389,10805.9305,12883.6991,6205.5789,11786.1877,7620.7354,0.0000,2959.7713,9520.6929,973.7155,13404.3004,12230.0813,11650.0727,895.4241,6375.8726,13689.9026,9022.3585,7491.2079,11929.1140,2292.2318,10665.7948,11652.7287,3039.2025,9932.0910,11876.5320,5079.0336,3411.8458,10911.7683,13671.2532,13638.8575,11315.5632,7737.6175,11919.5274,385833.5434,401899.0425,395055.6069,398717.7559,396253.4727,398149.8952,404757.8585,402244.6926,336201618.7910,336161921.8869,336195291.5145,336193302.5280,8638.4152,5377.9461,13580.7757,1726.9361,8805.7259,10107.2583,5957.6248,13638.2160,9711.2032,4924.5577,9518.6500,7742.2084,10760.7018,3225.3396,12237.9109,10073.7137,9363.7417,7251.7603,8752.2681,9769.4313,5826.0271,10166.8795,11271.1064,2089.9931,13407.3002,8904.5442,0.0000,1457.0629,10206.2185,4049.2305,13761.0974,13605.7158,10551.6497,3495.3419,2477.2051,12394.5680,9586.1012,9444.6140,9124.4879,5207.2154,9788.4368,10182.6906,1537.5132,7506.1791,9571.5188,1133.8083,7022.8285,8142.4924,13072.5016,12247.5375,13004.8761,10060.8332,10253.6857,381692.7975,397819.3750,390946.3162,394605.9082,392173.1558,394056.5736,400661.1451,398139.4247,336205762.5852,336166065.8178,336199435.3351,336197446.3967,10467.0885,9531.2183,9766.6773,7742.0433,2397.4476,3599.9036,9337.6368,12675.6090,11942.1591,13149.4633,4206.4597,11291.3175,6178.0885,13240.3986,9454.7268,9526.9735,12915.1429,9578.3287,8545.6498,8064.7607,6409.0532,4002.6928,7285.4579,12031.6976,9977.7455,0.0000,9733.5695,8968.3265,11426.9715,10119.8585,11833.6890,5259.7614,10989.5546,6682.6032,6372.5832,12000.8135,13146.6367,2163.2457,12023.4468,5908.0017,8516.8706,9503.7703,3100.9079,5988.5355,7910.6250,12114.5117,1250.5929,7441.7876,6156.5137,12814.3107,11570.3729,3719.0389,376719.0615,392797.3052,385937.3281,389613.1376,387026.8894,389029.5057,395795.5394,393121.8226,336211283.9720,336171587.2320,336204957.2052,336202967.8923,12549.0728,5763.0162,5976.3602,11626.4048,7791.1952,13126.5209,5564.1738,5289.2820,10023.4513,11286.0916,6608.3626,6220.6855,11526.6669,6366.3041,5421.3420,6925.1100,4642.6233,6518.2744,3471.2716,8334.5105,11494.4322,7067.8671,11277.6315,4589.1065,0.0000,4611.8074,6832.4868,4437.3875,13070.7767,11913.7746,9513.0236,3769.3422,6225.0226,13377.9191,11421.8066,9986.8430,11577.1120,5690.5060,8222.4472,13021.5707,4061.5555,8218.6450,12622.6559,5390.9263,2917.1608,9680.4519,12806.4377,13352.4903,11995.0180,5631.4547,10109.8523,386119.4733,402282.8226,395390.1436,399054.4909,396581.0457,398506.7630,405176.0119,402583.4485,336201604.6975,336161908.1539,336195277.7800,336193288.6878,13754.5276,9555.0803,7786.5943,11378.4517,1363.7067,10130.6796,13363.9855,11134.4416,10891.9767,8422.0575,12848.2551,7894.3922,8652.5314,9452.7631,12426.6405,9995.8425,8682.8056,11851.2552,7839.9861,6484.8252,13273.4944,4208.7568,10024.5161,0.0000,13728.7082,8097.3988,13503.1816,1579.7653,3593.6298,7325.1669,13514.8335,13111.2764,5174.3462,10927.9537,11218.6062,9409.0890,13223.9272,8194.3779,9591.0074,13611.8865,10164.3583,9549.7168,13454.7612,12111.7489,9960.2370,2759.7299,5474.0089,6215.7397,9299.2186,7711.0558,382397.5282,398171.9107,391451.0918,395145.4348,392343.9859,394462.2585,401325.8444,398610.9356,336205977.0133,336166279.5986,336199650.2941,336197660.6009,9836.6412,10957.2189,7440.4381,13763.5203,9452.5711,3593.1100,8225.0251,8365.8478,11022.2303,4879.5132,11399.4331,10766.1313,10079.3217,5910.5264,9470.1439,10614.6385,7012.6648,11202.2987,12183.0916,3132.7819,13227.0921,9539.8889,0.0000,1307.0339,10931.1191,2949.8561,13764.0187,13402.3331,11604.7506,2747.8904,4117.3210,12774.8775,8441.0436,8139.2315,9980.1376,3808.5292,10889.0794,9868.8072,2016.3512,8887.3492,9759.1459,2856.0397,6709.0753,9412.1744,13497.5199,12642.3306,12393.0182,10237.3669,11359.1680,382436.3332,398505.9711,391661.0025,395320.6384,392880.4495,394757.6162,401341.2372,398851.0847,336204924.5085,336165227.5599,336198597.1153,336196608.2000,8617.6573,6294.7502,10370.3241,7451.2763,10268.9324,12905.4669,10626.1040,5140.1680,7240.4369,12502.7187,2500.2097,2253.1938,11187.3482,2398.9989,1533.7344,3604.7008,2767.3422,7261.6172,9281.2117,9753.4705,2891.1797,0.0000,8954.2618,2426.0380,9594.5933,10680.4180,10342.9010,4338.6040,8989.8123,7857.7816,10586.5663,13599.3271,12914.2483,9456.1205,10517.4961,2774.6983,13136.6049,8357.9243,5157.3993,11895.5815,8176.2856,7541.6896,6841.3188,9263.1532,10608.7153,12010.9466,5377.4296,5520.4226,383917.5059,400100.9337,393191.6219,396866.1818,394298.6579,396308.7253,403102.5031,400381.3540,336204309.1505,336164612.8094,336197982.7053,336195993.3363,5775.7020,7394.2132,12828.6374,12679.5833,12761.3184,4632.2295,11331.8007,8107.8545,12194.5543,9825.6072,10117.1825,13171.0061,10313.2767,9041.0675,9557.6509,6777.3654,2801.6070,8802.2022,10816.2716,10654.3939,0.0000,11052.2449,9244.0581,12356.9728,8266.2863,10435.8076,5352.6017,12057.5754,8505.5804,4052.5315,11420.3324,12777.9893,2055.3484,12677.0669,6458.5661,7463.4177,10900.7721,4982.1897,5080.4544,9559.5305,12805.9714,3466.3824,5448.0004,3831.8950,11539.2727,11779.5979,3866.9043,376647.0830,392627.9671,385812.3298,389493.9110,386842.3759,388878.8251,395672.7196,392989.3854,336211429.9295,336171732.9540,336205103.1427,336203113.7265,11460.3726,11332.2247,9918.7115,12763.3303,5604.2437,10385.2682,2951.9564,13692.1230,8429.2581,8104.6230,11505.4663,7871.9775,7539.6576,5212.6565,6333.1298,6630.3398,5016.0920,12820.8331,8291.0504,0.0000,7087.3540,8189.8965,9140.4523,12026.7464,12902.1995,6082.2919,8510.4309,3688.3518,9331.1230,12190.6121,12736.3514,5185.4398,10130.0413,5734.3706,10115.9630,6701.3348,1990.5459,8061.3317,4988.5266,9994.3988,2618.5804,9901.8138,9154.9318,13613.1631,10329.8295,5272.3451,378619.8592,394802.3642,387896.2756,391564.1660,389062.2827,391016.5263,397734.4554,395089.1376,336209260.9760,336169564.4833,336202934.1849,336200945.0170,10959.8460,13531.6743,10954.2228,10306.8646,9511.3895,12939.7023,7817.8426,9680.2651,10418.0359,12567.1537,10907.0195,9637.0520,12427.8464,8596.3734,6506.8986,13163.3862,5056.1016,10956.9513,0.0000,13860.2139,9119.7698,13713.5191,1102.5250,4213.9226,7888.0359,13763.2914,13157.3128,4239.4298,10393.8577,11037.6891,8915.5964,13360.0167,8872.2236,8621.1861,13800.9852,10367.5444,8673.6251,13542.0755,12724.3751,9923.4335,2483.1666,4550.1355,6217.6933,10303.2506,7992.0598,381382.5001,397122.2104,390417.9824,394112.5933,391304.9222,393420.8587,400274.6447,397575.9110,336206936.9545,336167239.4231,336200610.1438,336198620.4650,7159.2013,8505.7775,13557.8148,3594.9002,10649.1968,8164.2839,5822.4972,5544.2119,6536.7717,5356.6869,6737.7703,7626.7059,9033.7553,12049.5719,11050.4139,7272.9454,4910.8259,0.0000,8820.8933,6285.1189,7231.2150,10506.8589,8188.4118,10250.2175,7264.4973,10662.5744,12942.2231,10729.5093,8530.9337,13427.1504,7225.6091,9306.1300,13334.5217,8595.0914,11036.3424,13725.5429,9969.0485,3422.3741,12220.5787,11557.7096,13047.2238,8363.8132,2588.4863,11296.5085,389163.5910,405149.0266,398337.8355,402013.8011,399412.1283,401406.8457,408135.3428,405517.6359,336198714.0478,336159017.0948,336192387.1545,336190397.8353,6114.4666,10828.7391,9704.3782,7737.7674,9440.5439,10366.2565,9707.9739,2716.5112,9115.1983,10600.0470,7956.1171,11877.1465,13427.0801,6509.3711,11763.2380,8989.2965,0.0000,3644.6192,10665.4933,1164.7734,13255.9035,12090.8696,12564.5374,2065.9870,7168.0925,13630.9803,7606.7636,6030.9302,12139.3865,505.2109,11750.7474,10847.6985,4049.9120,10888.4262,11473.0833,5887.1981,4526.5551,11616.6121,13834.8419,13577.7935,10693.1244,8729.1201,12719.0603,385652.0601,401646.6549,394837.5718,398500.3478,396021.6975,397914.7060,404503.4123,402022.6246,336201705.0604,336162007.9288,336195377.6193,336193388.6497,11355.8958,10891.0200,11616.2020,4581.1461,12305.3739,12143.8125,3848.3472,11916.1952,12683.3203,12049.2031,13479.0299,13574.0875,10044.0062,9256.7602,11731.1856,0.0000,8841.3570,12370.5472,7129.0468,10348.5311,9151.3829,13730.2904,7881.0203,11130.6175,11845.5056,3101.7365,122.3408,12542.9907,5636.3637,13517.8117,8326.6296,9291.5996,13259.2861,10322.7517,10357.5914,8294.3000,13357.7589,12212.2910,11865.9267,6397.7744,10369.3231,13793.9040,385382.6118,401107.4378,394423.5124,398098.2944,395474.9322,397431.1646,404054.0362,401589.2820,336202030.7965,336162332.9437,336195703.1384,336193713.9775,13212.8889,6501.9121,12398.6841,12043.7873,11971.9034,11690.3657,11857.9886,11368.3650,9924.4775,9840.8146,7263.1500,5894.0923,12976.7976,12156.0563,0.0000,8894.2630,11673.6419,10544.2954,10875.8918,12578.2338,8918.4533,10342.0990,6474.8136,6991.1179,9487.2477,11333.3443,2740.3417,10795.0229,9407.3075,5518.4169,8990.1326,6414.8255,3027.8718,7426.0890,12530.0281,4998.0796,9142.7491,6702.5877,12462.8046,13234.1840,7578.6201,375740.5511,391715.4426,384907.9495,388580.5613,386013.8022,387977.0199,394666.8816,392088.7122,336211916.7014,336172219.5678,336205589.5132,336203600.3394,10607.6511,9550.9020,2826.3486,3099.5333,9464.3516,3457.9644,3914.3332,6964.2849,6284.7555,9874.3742,11711.4210,6449.2833,3088.8455,0.0000,10282.1287,3206.5896,9510.7710,9291.7762,7438.8859,7639.1814,9289.4230,10899.0208,11584.9444,12485.5942,10930.9254,12367.9438,9818.3503,6715.7729,13689.5101,9885.3561,9494.7153,13496.4549,10650.5744,5949.2327,10769.8845,9640.0118,11720.8281,9012.4745,1268.1982,9010.6941,387885.2425,403918.4442,397080.6570,400761.0582,398122.1417,400159.1778,406957.9617,404260.6752,336200303.1064,336160606.3755,336193976.5300,336191987.0688,13448.5535,9127.2905,8523.0919,9771.5649,8036.6224,8488.1270,4670.3615,8201.1705,9157.0055,2722.5100,13492.1762,8356.6401,0.0000,4445.0505,9108.2205,6836.7482,13303.0237,13660.6502,8378.5183,6150.4348,869.8032,11179.4525,11329.2569,11565.0205,7190.9770,8011.5122,7689.8523,10412.2413,4071.0192,4702.2895,8933.9911,2146.4199,8525.4173,5436.2978,11818.9653,11008.4251,13778.5141,10200.1800,7876.1789,379941.7963,396132.5180,389226.0644,392888.2047,390439.9765,392350.6417,399007.9058,396421.5503,336207725.1552,336168028.6204,336201398.1644,336199409.1356,11306.7015,11534.4990,7205.0188,11616.4190,11808.5899,12950.0892,12443.0384,12291.6667,12568.8272,5515.7125,11399.8704,0.0000,11733.5200,11227.2166,10223.4365,6924.6241,5218.7078,12592.1842,10757.9066,13224.9230,10128.3248,5709.7115,4701.0524,12680.0382,9071.0072,12670.1907,8900.1368,11964.1616,13521.8824,10777.7740,12778.2934,9659.8835,13565.1439,9721.3490,10271.1033,1979.1484,9511.2444,12908.1578,386015.9605,401665.0503,395011.8748,398697.7705,395961.0309,397996.5938,404715.6095,402169.0247,336201753.3471,336162055.4086,336195425.9603,336193436.5380,1061.1122,10746.6364,1875.4267,1141.0192,5283.9483,3843.2443,8193.4903,10773.4996,8037.5154,1966.1686,0.0000,9924.0408,743.3995,9899.2525,9783.1254,8818.2939,5437.8587,9454.5701,9609.3298,10897.4878,13399.3476,12331.7273,10892.5522,10557.8968,4232.9263,13594.1845,9401.0193,7293.7728,12800.1665,9673.6329,6964.7369,8755.8894,9073.7536,10989.2541,10684.9746,3389.1334,6900.8885,385866.6370,401985.7465,395106.2995,398784.6841,396173.8227,398206.2825,405017.3676,402291.2480,336202408.9819,336162712.4975,336196082.5415,336194093.0960,10287.3370,824.3133,1537.3352,4425.7526,4314.1278,8704.9824,10200.1344,8701.4189,997.8732,0.0000,9162.7699,1684.5624,9169.2690,10505.2149,9485.6846,5935.6396,8675.8229,8985.3831,11431.6283,13312.2987,12160.4515,11006.6681,9937.6083,4573.7848,13697.4123,8608.4239,7167.8635,12903.4589,8966.3123,6237.0927,8747.8097,9810.3693,11500.1650,11085.8268,3254.3321,7277.3393,386012.6598,402157.5666,395267.0869,398942.8307,396359.9010,398374.3558,405165.2214,402454.5370,336202189.9173,336162493.4807,336195863.4350,336193874.0474,9846.0353,11166.0793,9616.3288,12501.5335,13775.4246,8494.6213,10296.4405,9630.8465,0.0000,6150.1079,11007.6619,3797.1129,12095.0415,10578.6538,13137.0512,4613.5449,9265.1660,13298.2898,6157.4191,3779.6548,12868.1674,2309.9381,12492.9060,10434.0602,6529.7805,12184.8068,11639.9079,8160.6975,5110.4446,12765.8064,13346.5746,13294.5545,8686.6409,8581.4562,13393.5542,386701.9995,402586.4215,395828.6685,399496.6593,396956.5240,398877.2216,405481.8450,403005.9495,336200676.6337,336160979.2159,336194349.1204,336192360.0637,2177.3165,3795.9866,4788.9714,9091.9468,9698.6082,9149.1165,511.9693,0.0000,8503.9208,2460.1616,8525.5293,10978.1224,9925.2882,6377.3602,7998.9566,8469.2185,11774.4707,13132.5249,11925.1790,11058.0108,9371.9446,4956.1583,13675.3998,7931.5583,7121.0221,12901.9467,8370.5410,5638.7346,8757.2681,10316.8047,11825.8918,11305.3727,3305.4452,7604.2240,386075.9656,402234.5602,395338.5781,399012.3388,396449.7707,398449.9689,405223.4718,402527.6199,336202060.5039,336162364.0836,336195733.9740,336193744.6329,4821.9702,2836.3946,7396.8173,10306.2345,8595.6613,2500.4041,0.0000,9780.0011,918.6910,10058.1512,9863.3161,9270.0260,4494.8434,9552.6016,9041.7939,10443.0515,13543.9028,12705.2374,10102.3257,10805.2758,3169.4058,13312.4900,9232.1690,6292.7593,12289.7623,9260.1682,7516.7585,7793.1103,8750.8365,10512.3471,11170.0319,4423.6891,5939.7289,384825.9088,400966.5739,394076.6148,397754.3568,395151.9353,397182.0833,403994.9230,401262.8444,336203463.6685,336163767.2391,336197137.2508,336195147.8149,5866.6597,9214.8439,6716.5694,11675.5968,4130.4797,0.0000,5935.1007,5521.2498,7025.2582,12657.0254,12211.5966,6967.7051,6241.1862,5157.5618,12042.5040,12774.7143,12023.9116,9634.6856,8312.7951,5580.0048,12856.0848,5239.7015,5307.5338,11709.1131,5167.7238,6064.7985,7050.3700,11474.2193,11989.1064,13000.4927,6519.1156,7471.0604,383707.6921,399936.1099,393009.7497,396675.7878,394193.6710,396141.2927,402856.2282,400205.4362,336204221.6558,336164525.3369,336197894.9692,336195905.8054,4846.6824,10124.3824,9128.9980,5185.3554,0.0000,10556.4047,3220.4565,11327.2655,9122.2323,9501.9873,1712.8799,10811.5514,8867.2683,8571.5178,13708.8475,13503.3102,8072.9875,12042.6658,652.5621,12294.4644,10053.5980,4589.2827,10804.0368,9495.8844,9631.6330,5752.2082,7075.1479,8612.2606,11612.6196,6942.1880,3253.5564,382169.1449,398298.3539,391411.9562,395091.9017,392467.7131,394513.9374,401348.6751,398596.5097,336206194.8002,336166498.3441,336199868.4196,336197878.9404,10371.7185,9659.3372,9434.6324,0.0000,12025.9008,7514.2312,13072.3952,7444.1555,9433.4813,3214.8640,12720.6893,9699.9795,4539.0525,12749.3401,13606.4152,4767.3034,13458.7875,4696.5213,9512.9969,11747.0884,5075.8190,7565.5678,10662.3915,12586.1521,4386.9525,4189.5568,4509.6142,11302.6641,10560.1549,2133.9698,378232.6872,394237.6878,387408.3516,391093.3636,388409.7680,390478.9092,397322.9020,394584.6634,336210084.5123,336170387.6844,336203757.9617,336201768.4306,13708.2462,9921.2493,0.0000,3469.7482,10766.2825,5832.2292,13410.3545,13749.7845,10170.3570,5414.7707,1923.8977,11318.8558,9458.9788,9975.7702,7529.1839,6681.5045,9677.3354,8967.5097,3592.8284,6772.0011,7998.7240,1959.5855,8727.6417,6960.8754,12398.4187,11128.9478,13215.4683,11193.5092,9546.8993,379682.0259,395789.7316,388924.6481,392585.6555,390138.7584,392029.9780,398642.9268,396116.3579,336207782.0660,336168085.2390,336201454.8029,336199465.8447,8960.9913,0.0000,13102.2011,7793.3639,12096.1797,4232.4250,1171.3771,9382.6172,12259.2567,13621.2524,8762.4628,10187.6779,9354.3801,12101.1793,11594.3228,9575.8354,11110.5589,13016.9177,11878.6640,11787.7317,13524.5349,9950.3892,12188.6027,6768.3355,9013.0263,3887.8062,7124.6009,10206.8431,386300.7941,402057.6328,395347.9642,399040.0245,396257.9622,398355.6516,405184.3131,402508.1661,336201935.0729,336162237.5858,336195608.2405,336193618.6016,0.0000,8576.9080,2620.5003,8439.6603,10977.4266,9775.2894,6766.2020,7947.5611,8751.6209,11980.0490,13056.4818,11741.7417,11403.9905,9239.1618,5384.5978,13795.5430,8022.4991,7575.9337,13124.1381,8581.0398,5343.9627,9184.2047,10478.5597,12040.0985,11110.7781,2843.1779,8010.4670,386529.9380,402678.2440,395787.3184,399461.3069,396895.4977,398896.1298,405667.8754,402975.7902,336201595.3374,336161898.8892,336195268.7925,336193279.4493,0.0000,0.0000,0.0000,0.0000,0.0000,0.0000,0.0000,0.0000,0.0000,0.0000,0.0000,0.0000,0.0000,0.0000,0.0000,0.0000,0.0000,0.0000,0.0000,0.0000,0.0000,0.0000,0.0000,0.0000,0.0000,0.0000,0.0000,0.0000,0.0000,0.0000,0.0000,0.0000,0.0000,0.0000,0.0000,0.0000,0.0000,0.0000,10143.3191,2672.0095,13874.0183,13379.0378,11114.2001,2087.4632,3803.5334,13034.5663,9342.5531,8763.3186,10223.0573,3992.7817,10248.8485,10727.3003,747.8204,8448.6461,10441.4150,2384.1812,5913.5332,9226.4752,13509.4472,12916.2457,12622.8181,9453.9345,11005.6648,383082.2593,399194.5534,392328.9603,395988.3618,393555.1580,395435.7830,402032.6458,399521.3707,336204345.8715,336164649.0654,336198018.5880,336196029.6568,10213.5390,9279.3976,8513.4819,4772.1444,9776.9438,9615.8982,10281.4086,13316.6406,12400.1925,10397.7991,10838.6315,3664.7313,13243.5284,9634.7628,6931.5735,12377.1747,9774.7229,7472.1404,8312.6554,8414.3814,10376.9290,10513.3429,3909.9403,6272.2834,385293.3937,401400.5312,394526.1056,398205.6592,395582.4915,397622.7713,404442.7757,401709.9085,336203011.7153,336163315.2037,336196685.2867,336194695.8179,13516.4588,12460.0067,12057.8224,910.7802,6288.6426,13636.6287,8426.3408,7049.9074,11788.6320,1643.1597,11162.0496,11151.8779,2988.6020,10169.3470,11481.6452,4955.4000,4283.4926,11003.6032,13817.1104,13571.2746,11336.8604,8525.4216,12208.3844,385309.2340,401353.2166,394520.5386,398182.0555,395720.9731,397610.0088,404203.4299,401708.6663,336202082.7041,336162385.7166,336195755.3409,336193766.3818,3272.6228,8582.0762,13626.1321,13472.9546,5141.7011,9971.1953,10439.2934,9684.9798,13059.6272,9429.3561,8778.4720,13841.6751,11010.3183,9158.6128,13745.1690,12425.4144,10664.4488,3542.1234,5438.7478,5230.8553,10045.1306,8797.0735,382264.5226,397977.3747,391286.4126,394981.2544,392167.8241,394282.7108,401128.9868,398442.7964,336206024.6330,336166327.0222,336199697.7700,336197708.0929,9552.6278,12650.9290,13770.2648,8027.3362,9766.7165,9253.0167,11712.5869,11890.8563,9912.6016,10386.7040,13335.8227,11984.6923,11159.3482,13732.1700,10664.1143,12109.5783,6201.8627,8287.6272,3390.1000,8098.8227,10210.2404,385440.1438,401161.6430,394468.3731,398161.5400,395364.6415,397467.2150,404296.0227,401626.1140,336202788.9229,336163091.3314,336196462.0376,336194472.3882,11577.9361,9045.8133,7281.0292,13584.8361,13757.0860,6843.0145,12690.8052,1606.4832,11490.7666,10673.7720,4183.3908,9777.6508,9855.5635,10811.7677,4816.1634,6013.2645,7302.5094,11675.8476,8333.3071,1701.3368,380634.0975,396734.0597,389860.5999,393542.2852,390899.0164,392954.9891,399798.4036,397042.9433,336207742.3773,336168045.8364,336201415.9737,336199426.4699,5644.7191,13574.7084,9059.6474,7806.7590,11492.7126,2534.9878,10619.2771,11389.4772,2234.8311,9558.8699,11488.8918,4296.6976,4179.5034,10486.2510,13714.9338,13502.6877,11753.4817,8312.3534,11735.3328,385052.2753,401132.5325,394282.3114,397943.2666,395491.7051,397380.6849,403981.6160,401472.5511,336202380.7031,336162683.8263,336196053.4121,336194064.4511,11413.2940,10822.0475,11072.6791,7475.0528,7431.9181,8380.4133,10138.9309,3530.4262,5457.9551,8833.2614,1455.6151,8386.6060,6054.6979,12161.6511,11238.2498,13673.4167,10424.3693,8534.6424,380039.3659,396212.0258,389315.0121,392976.2181,390534.6001,392435.6861,399075.6603,396509.9432,336207555.6481,336167859.0413,336201228.5712,336199239.5750,10373.8543,11895.8588,5359.7270,13495.6195,8546.6373,6472.7119,13006.7032,8478.8450,5395.3861,12141.8255,13725.7537,7336.8876,3017.3260,330.0517,9117.8433,12198.7808,6463.0289,377583.8635,393388.7201,386654.5819,390344.4717,387592.4486,389675.4180,396498.3297,393818.5444,336210579.6582,336170882.2405,336204252.7707,336202263.2113,3094.2185,10944.9885,7157.5059,13660.1035,5647.0417,9854.0775,12795.2936,8020.3964,10337.5584,10341.2022,12455.8252,11462.3601,10339.4285,7139.9756,12141.9537,13280.7707,382397.5388,398087.2383,391419.1765,395094.7975,392459.6664,394418.3253,401039.2069,398582.5712,336204998.0147,336165300.0458,336198670.2802,336196681.1218,12541.9959,5550.4803,13537.0966,8334.8623,9219.5348,13249.7436,10322.9243,10291.0853,8270.1215,13350.5663,12278.0560,11913.3197,6513.1487,10398.9843,13814.5464,385358.8579,401086.6250,394401.4301,398075.9027,395455.7692,397409.9188,404030.4652,401567.4763,336202046.6577,336162348.8101,336195718.9944,336193729.8403,12138.9931,7656.4644,6755.7625,10147.2413,5123.7106,4018.9074,8596.1565,12910.8910,3355.9844,7249.7750,5076.4943,12322.3271,12630.8931,5320.6220,375768.1861,391764.0533,384943.4084,388620.8136,386011.3473,388015.3834,394767.1431,392123.2145,336212135.1113,336172438.1152,336205808.1774,336203818.8690,11926.7926,10571.3216,4433.0707,11082.1922,11313.8824,6186.4672,4778.7021,11747.3943,13735.3906,13445.3247,10376.6744,8867.8067,12827.7489,385616.3789,401588.3646,394789.9597,398453.4362,395965.6345,397861.4078,404449.4066,401973.5514,336201729.8814,336162032.6843,336195402.4084,336193413.4312,12116.2601,9740.3160,3965.2979,10519.5760,9072.9176,9681.2930,5185.3751,7266.8643,8562.4256,11904.2898,7288.6600,2911.0333,381709.3932,397851.9833,390959.6279,394638.3774,392027.2573,394065.3567,400891.6388,398145.4165,336206621.0140,336166924.5802,336200294.6132,336198305.1615,11069.4673,10538.3181,2925.8885,10430.3780,13032.1537,9419.4436,8792.9613,6308.8438,9172.6007,13729.0832,10578.9341,377424.9898,393155.1128,386463.6856,390143.4533,387478.2806,389471.1499,396151.6818,393628.1238,336210159.7617,336170461.9519,336203832.2525,336201842.9938,8011.2380,10640.8104,2130.3579,5679.9835,8915.0149,13367.0331,12893.0461,12762.0932,9064.0804,10619.8666,383199.8788,399336.2031,392458.7343,396118.3390,393686.0545,395571.1837,402179.2661,399652.3288,336204279.2653,336164582.5424,336197952.0554,336195963.1073,8433.3205,6596.4212,10264.7809,1916.6286,8608.2792,8344.8156,13164.7442,9663.4433,3419.0375,378976.6644,395149.6094,388245.7352,391917.8976,389374.4505,391361.8169,398124.3364,395436.2435,336209079.0406,336169382.5823,336202752.4071,336200763.1299,9506.7555,13249.2471,7016.3501,8003.9611,5123.6868,10752.7720,13627.3047,8570.8897,375961.6364,391798.8797,385055.3821,388733.9949,386094.4831,388089.0358,394794.8044,392226.3734,336211720.3422,336172022.8498,336205393.0435,336203403.7766,7401.6677,7312.6792,12780.8854,11987.1469,13396.2184,10026.7198,9518.7058,381196.1383,397355.9647,390466.2857,394126.1765,391694.6576,393584.3715,400204.9506,397661.0028,336206329.8941,336166633.2367,336200002.7409,336198013.7804,11530.4180,12959.6634,13749.9218,10318.7650,4762.8846,11549.4131,388039.3236,404103.1345,397258.0099,400925.6589,398410.5267,400349.3711,407015.6496,404445.1296,336199627.2863,336159930.4684,336193300.2475,336191311.1137,8036.0690,7150.3161,13173.5118,11003.7599,3445.4690,377384.2617,393510.2633,386628.0743,390301.9896,387738.1340,389732.3731,396495.9512,393815.6605,336210638.0104,336170941.4068,336204311.3027,336202322.0115,3296.3053,8315.7424,10477.7248,5886.2905,379881.8119,395711.0322,388963.7446,392656.3361,389879.2565,391988.9670,398853.2055,396127.3744,336208487.4808,336168790.2028,336202160.8046,336200171.1462,9310.8009,12312.8777,6417.6911,377353.8987,393164.9258,386428.0784,390117.3759,387371.9640,389450.6682,396268.9667,393592.6779,336210788.8744,336171091.4660,336204461.9748,336202472.4297,9234.6198,12071.7586,385692.2327,401341.5846,394685.8663,398375.6170,395602.5082,397668.9893,404431.9049,401841.3322,336202252.8269,336162554.9455,336195925.6034,336193936.0788,9605.1104,388275.6100,404322.0587,397479.5440,401157.2355,398545.7385,400562.3825,407334.8640,404661.5374,336199806.8967,336160110.1712,336193480.2412,336191490.8463,379053.0723,395144.5906,388275.4231,391956.3178,389320.7961,391368.2963,398198.9714,395457.8677,336209250.1036,336169553.5075,336202923.6223,336200934.1530,23887.3463,13087.6923,15540.2177,20730.4329,18495.8522,24711.5100,19493.8842,336586262.7707,336546564.0606,336579932.5894,336577945.0220,10861.8866,9659.4621,9237.7834,5472.1496,9736.9419,7382.7327,336601519.2032,336561818.1211,336595187.9000,336593200.0314,3813.4472,9955.9270,5486.6298,13730.4024,7285.2582,336595194.5208,336555494.5849,336588863.7872,336586876.0421,11253.1525,5354.7175,11117.1903,4117.1326,336598806.2428,336559106.3376,336592475.4417,336590487.7663,7202.1315,17946.5970,10785.2374,336596451.2110,336556750.5302,336590120.6303,336588132.3846,11253.1525,5325.0085,336598081.4273,336558380.9008,336591750.4456,336589762.6004,9919.4625,336603893.6857,336564192.8737,336597561.8841,336595574.5528,336602324.3439,336562624.2126,336595993.5054,336594005.7455,59230.0497,34658.0999,28726.5699,45328.4306,35926.4540,19326.3522,
54000.000,13524.3057,7604.0882,12500.1416,2809.3874,3545.1004,13847.6217,5752.0271,8768.5295,8336.7180,10844.9280,8242.5125,8168.5146,13600.0754,9728.8860,4619.7148,7490.7595,7021.1887,13485.3350,10914.2678,13329.1596,9806.1319,9071.7684,10522.9813,5030.9427,5942.3253,12519.9558,3916.4526,10000.6283,8214.4137,13174.6699,10764.8343,11037.7015,13753.6412,12267.5561,12983.9311,10517.5174,13471.1422,3184.4022,11997.6253,12564.5744,12051.9036,9265.0557,13758.2387,8540.8992,10677.1000,13007.9654,11093.5394,11499.1138,7723.4827,11559.8877,13333.3129,9411.8735,12105.7913,6822.8044,12847.7863,12122.1329,7696.8616,7354.5783,13534.5374,12988.1338,8419.9822,13404.3041,13566.2527,11304.7083,13318.6376,12914.5740,12284.3858,11707.9104,9082.8384,12061.3929,7688.3381,11579.8796,0.0000,11811.4704,13368.6598,12137.9954,10663.0820,9977.1953,11187.1501,13263.2259,12783.9248,10113.9029,4737.8552,8367.7917,9974.5156,11265.2148,12196.3447,4056.8707,10239.0138,10419.8711,4443.5780,12842.8032,13133.7108,11718.7463,5700.6337,10116.9610,9297.3914,12334.8482,10489.1644,381250.8886,395208.4971,392890.1511,399255.2596,391071.4506,397388.5457,400013.4292,395477.1003,336190898.6793,336156029.2086,336192357.1682,336188162.7207,10883.2760,4325.7001,13119.9162,12526.8894,1845.1581,13047.5911,9686.2880,9924.4949,10438.3937,11964.8721,10204.2050,5157.8250,8441.2095,12160.6363,12177.7681,12891.8027,1575.0640,9750.2908,6224.6586,8154.1032,10235.1148,6688.6937,11659.7922,12732.1541,5275.5024,12401.8825,11118.9088,10278.8544,2997.0797,6263.0633,8498.6754,2099.4182,7832.2960,6731.3203,6760.7663,2305.4992,13511.6310,8824.5189,4996.9766,4737.8771,11328.6977,3474.6873,11982.9061,9266.7420,6568.2092,9319.2811,7924.0826,10183.9192,9024.2935,5432.6780,10068.4627,8245.8624,11165.1308,3157.3063,4949.4654,9826.4095,12476.8483,731.2430,7158.3934,9491.3670,4979.7555,3227.7582,7154.2825,4656.4825,6409.2282,7360.4181,8833.6236,11605.9627,8649.9238,9855.0054,6020.4197,0.0000,8618.0411,5104.4736,7269.4095,8003.4206,7838.8188,9742.2272,3773.4002,7581.5248,9591.5841,11837.3294,9462.4857,10870.0813,8380.8878,8352.5175,13372.2850,10240.3007,10319.5456,13364.5146,7287.0969,1900.7890,8696.6053,12626.1857,9661.4266,8830.1909,4625.4264,9741.6273,380300.7646,393815.5629,391754.1618,397933.7636,389722.6438,396174.1150,398514.0617,394146.8140,336191153.1012,336156281.8833,336192610.7211,336188416.2049,12126.6674,9505.3060,5258.6552,11858.8699,6808.0190,11847.8316,11546.6181,11088.8293,12446.6324,1423.0015,11621.4288,3955.6832,9541.8020,6088.9218,10818.3089,9970.5945,7856.1332,12072.7362,10915.1237,13017.1754,6998.1802,6359.1088,5092.8077,13018.8191,8930.1456,12377.9540,11912.1470,8919.9029,8920.4960,13598.4819,10672.4657,13660.3241,10136.4945,10145.1106,12121.0641,9774.2505,12908.5898,12872.4836,11026.9668,7988.6627,12531.5932,12387.2823,13698.9564,13037.8749,7636.0665,13696.1912,2702.8963,13585.2960,12896.0510,4459.6163,9772.7040,1533.4675,8791.1997,11660.9759,8087.5971,12283.1843,11164.4000,12094.8302,4011.1732,9937.5457,12627.9609,12958.8158,9431.2341,9679.8701,13757.0451,9320.4181,7829.1926,12434.3159,6273.7363,11864.0119,0.0000,13710.2291,11454.1798,13766.8581,4081.5578,5500.1733,9589.7346,12792.5363,12466.7359,4259.4500,7752.1062,9923.6838,13156.5984,13720.2243,11364.9800,6044.8040,13562.3115,12642.4421,10501.0514,13002.0346,10324.3095,8375.5398,4149.6156,4448.6464,3734.6890,11950.6653,6190.1446,379287.4950,393170.5447,390919.9727,397221.5503,389161.4158,395421.7019,397832.5276,393460.7847,336192149.4775,336157279.4516,336193607.2647,336189413.0522,11251.9047,11889.1567,4560.2421,13689.8017,6151.6520,6520.4769,11699.4272,10816.7549,11401.8916,7859.9736,9786.1394,9844.2341,13522.5303,12569.3969,5607.7528,12234.2976,8299.2961,4879.4118,6984.4704,7045.7845,10494.0423,13643.5968,2256.3649,10350.5268,11071.4986,6879.0708,6717.0659,5171.8378,6010.4093,6127.5998,7082.2052,9788.0154,4238.1201,2581.8853,12209.3896,9290.2410,1838.2641,2288.3392,13013.6338,4982.9514,11136.7582,6871.0525,7240.7350,11955.5442,5118.7314,10828.0708,8220.6572,6332.1304,12314.5834,10833.6401,11887.8323,6053.1617,1443.5306,8038.9835,11029.6496,3683.9461,8980.6294,9958.7908,8590.5981,3651.4906,3283.1988,8446.2239,9644.8655,5903.6573,11344.7131,13249.1183,9591.1795,9027.6580,2106.1535,0.0000,7666.1306,7733.5675,5126.2696,10363.2736,8595.3566,11855.8374,2603.6347,8941.1030,12083.3615,10108.9783,6712.5893,9923.9011,5865.5735,10177.9377,13610.9965,8572.5981,10115.2306,12074.9314,8058.0472,3986.7697,11500.7353,13492.7070,12158.3325,9933.4506,670.9804,12306.6050,379109.6918,392639.6398,390553.6446,396760.3487,388468.7751,394965.8483,397422.1749,392961.5836,336192722.7552,336157851.7420,336194180.7357,336189986.0714,5143.3019,13311.7788,7799.2983,6584.9378,6156.1322,11296.2165,7305.0892,9766.8655,13532.3398,10732.0902,2645.5989,9478.3465,7276.2578,13392.5330,12221.5833,13178.1170,8241.3068,6754.0474,10605.7845,5388.8719,8266.2467,11087.7431,2407.8721,9698.2711,5873.8951,13368.4974,10182.8815,9294.4958,13653.8955,11153.2605,13495.6341,9411.4505,12603.9839,2915.3234,11522.4368,11169.7537,11008.1131,10715.6545,13085.8130,7854.9068,8894.7874,12341.9508,12379.0900,9728.1984,9041.0054,10481.2010,12646.5228,11174.4795,12821.8090,8616.0504,12901.2753,10881.8839,7051.3988,6214.7864,12995.4611,12894.0170,9344.7056,13782.3697,12682.2095,9482.8658,13751.8948,13484.5754,10932.5044,12592.3389,10623.3585,11823.8499,7841.7043,10116.7673,0.0000,10643.2268,13295.4451,10601.6357,11894.6972,10514.5215,12091.0611,12160.9932,12541.3241,11794.8882,4244.9869,6935.8643,8991.2007,9524.8605,12415.0544,6507.1931,8770.4734,9865.4259,3912.3035,12286.6607,12703.4716,12805.5982,8119.0148,11803.9079,10324.0597,11074.0017,12044.2954,380897.3434,394802.4739,392503.2930,398861.2243,390615.8658,396984.8851,399652.1241,395073.3904,336191431.6768,336156562.1067,336192890.3057,336188695.7400,13305.4628,7094.2560,8956.9574,8496.0814,12227.8717,10770.4196,5442.0313,13627.6847,6941.6305,5123.1466,8008.0155,9671.1109,12205.9504,10983.8959,13725.2766,8895.1285,10325.6884,8049.6193,2410.8357,6274.8814,12538.4431,4306.8315,12054.8516,8763.2881,11653.8600,8800.0590,12202.3923,12929.0699,13409.5500,12905.4761,9095.6254,12870.2129,6484.7539,13333.2559,12461.6496,10839.5324,10061.2221,13652.3664,11033.0907,12103.7983,13741.2966,10968.2540,12386.7005,4642.0353,13072.1870,13758.9724,8534.8594,12379.8778,4004.7988,11101.9792,11213.4063,5635.0206,10074.6633,12537.3750,13623.9117,5326.2802,12849.7042,13360.8841,11497.7245,12518.2361,12639.4096,13235.9422,12008.4850,9883.5786,13253.2063,4846.9106,10863.1625,0.0000,13191.8080,13410.0343,12964.7073,8412.7247,7186.9752,11859.0536,13068.4490,13634.7332,8828.2774,3368.9474,7231.9502,12087.0598,12377.7806,13011.6347,5265.9324,12119.2314,12297.8337,7618.2716,13741.5834,11748.0029,11616.1432,5466.2082,8931.8832,6408.9684,11596.4108,9985.9590,378425.2423,392366.5030,390064.9814,396413.5316,388268.2396,394565.6346,397129.9814,392640.7239,336193490.8532,336158621.2133,336194949.1170,336190754.7479,13075.1152,9900.0228,10192.9807,9516.0484,11137.0336,11351.2072,3928.0327,9860.7511,12589.7499,12260.8129,12298.2404,3094.3041,9578.8094,4840.3639,8861.1016,9859.8417,8274.9005,12579.9663,13013.8711,4674.7348,12884.4999,10061.0215,10391.5445,4421.9175,7667.6785,7555.2807,2154.3549,6393.0675,6114.2628,7796.5994,2055.0577,13411.8075,7441.9471,4517.8273,5735.2190,11060.6759,1690.7444,11108.2349,8319.3529,4965.3541,9224.4415,7048.5611,11406.5297,7686.8679,3753.3464,10526.1722,7627.5332,12201.3989,4901.4721,5608.6293,10895.3096,11796.4987,2063.5372,5819.8804,10841.6401,4689.2634,1864.6849,6889.8503,4723.8417,5982.8008,6041.9175,8322.4143,11379.5542,7326.4467,11098.1451,6514.5838,0.0000,7258.1995,3891.5829,6143.3447,9230.5204,9373.1345,9141.8358,2903.3249,6168.9365,10227.5680,12597.2662,10269.5622,9778.5973,7418.3005,7261.8400,13611.8933,9180.0900,9164.7715,13086.8140,5744.6901,3636.5082,8477.2938,13061.8037,10246.2719,10224.9777,5065.8824,9946.3341,381924.2197,395418.8747,393365.8212,399541.4599,391310.6028,397779.7923,400129.8875,395751.4665,336189593.6980,336154722.4462,336191051.3690,336186856.8105,12267.7314,12009.4075,7106.5273,8054.0717,7994.0207,11307.2513,9948.0254,9579.2891,2252.6259,5180.5309,12697.3029,6393.0453,10944.7109,12920.6051,11751.4530,11811.4694,9030.0678,1917.9798,13438.7794,9048.4008,7908.7724,11838.0089,12165.4732,12709.8517,12030.6283,12377.9341,11640.6157,9720.3528,12986.8060,13570.7819,5956.2520,9961.9566,13512.1377,13641.1995,4164.3014,12852.3460,7746.7820,11692.7398,11524.8934,6776.9064,12646.8039,8654.8189,10824.7083,12064.7184,5728.5340,8277.4179,7249.1035,12505.3196,13758.3283,11285.2859,7972.6761,13353.5320,10365.7644,9741.9239,10814.7250,13260.7826,13223.5395,10908.6373,9741.2568,12290.3826,7602.5988,3854.0415,9578.5661,10578.4219,13639.5062,0.0000,11272.2201,11113.8692,12670.6301,9379.0354,10998.4501,6847.2427,13495.8154,10365.7168,6910.8794,9400.0366,12087.4906,9284.4732,12238.2946,8949.4504,2089.9545,10519.3115,8745.6795,6166.5594,11047.1597,13288.7414,7612.4686,2923.5881,6760.4041,9783.5466,13749.8979,6300.4507,385233.1036,399163.5999,396876.6321,403210.6501,395100.5739,401380.1161,403885.5261,399443.1091,336186528.9733,336151659.2877,336187987.1218,336183792.8067,548.7360,12637.3840,8912.0667,11378.3661,11829.5568,10744.7187,4781.2791,13095.3212,10755.4152,10523.1172,13826.3199,11744.6134,2963.8094,3269.2497,8552.1624,7382.5511,12485.4845,6224.6342,5584.8623,10861.4387,990.6553,11086.5098,6670.4811,5976.4628,11050.0051,8871.4112,13043.7650,4839.6134,8367.9312,8428.4474,10883.5840,6235.6995,6133.6563,13422.8460,9813.7419,9592.2741,6169.0554,10266.3603,13758.4586,5668.6781,10344.6787,9053.6712,10055.5304,13265.7453,13256.7862,11015.4902,10254.4452,5642.0286,5571.2540,8364.8174,9233.9317,11920.6715,9740.9826,12551.9891,8805.9478,3958.2445,12460.7446,12987.3072,7806.0128,13449.1384,13518.9656,11427.7404,7520.1221,4503.9798,0.0000,8754.8134,11624.2235,6857.2383,12157.4878,9572.4522,13422.5158,7788.6583,11561.1855,13419.7430,6135.6094,3361.6107,9211.1743,6051.6800,12415.5763,11512.5144,7700.6834,10240.6572,8576.6524,10707.2458,9028.6539,13715.2800,12262.7109,13485.9305,10529.0742,5858.7892,13780.7650,378520.7076,392217.7503,390026.0902,396314.1957,387988.3677,394462.1785,397084.5826,392512.1061,336193764.1188,336158893.8377,336195222.6035,336191027.8835,12686.0287,8935.2670,11090.0417,12049.3677,10535.9498,4260.8243,12882.7507,10645.6895,10694.1329,13775.9465,11969.8209,3019.4870,3530.5206,8442.7580,6909.1403,12197.9762,6664.5587,5066.6228,10942.1448,938.8642,11191.2460,6653.7717,6354.8505,11257.9516,9196.9446,13156.4882,4899.3781,8703.8544,8119.8201,11092.8903,6667.0577,6365.6693,13316.0365,10139.2855,9617.1694,6501.7778,10560.7177,13713.4709,6101.9413,10026.4503,9322.3282,10370.5397,13100.6761,13319.8075,10669.5459,10344.7299,5951.0902,5209.2500,8329.1221,9492.0378,12124.3498,9450.2537,12686.8944,9163.1791,4452.9255,12577.3125,13087.3257,8185.1171,13478.1940,13396.0595,11611.6828,7172.6474,4843.6915,0.0000,9055.4880,11840.0079,7274.2328,12011.0879,9386.7905,13434.2651,8178.7305,11777.3932,13265.0908,5623.5371,3065.4641,9354.7169,6445.0595,12548.2547,11178.5504,7924.4662,10376.7709,8340.9775,10972.8128,9222.2264,13712.9371,11948.4384,13334.8011,10293.1024,6207.3712,13677.7191,378366.3442,392081.7173,389880.5281,396174.8869,387855.8722,394320.6126,396947.4353,392373.9784,336193917.5372,336159047.3153,336195376.0318,336191181.3259,6296.8002,11749.3361,6361.9042,12394.0726,12570.8744,6593.3884,5368.0232,10546.3159,4932.3763,5374.6713,13395.9719,10957.0492,13088.8392,13151.3860,8195.8756,10622.0056,12523.1723,3445.0233,12345.1927,10615.8207,13330.4237,9081.1312,9186.6785,6863.9337,5417.6670,13297.7219,10624.1431,9316.3471,3977.0760,10814.7084,12728.1833,4212.5376,8605.2494,5559.4087,8856.3047,6101.5653,5373.2231,9765.8979,12441.1152,6131.3820,7034.0240,7837.7959,3892.5137,11824.6183,11515.3261,12500.1929,13811.7137,7352.0868,10840.1882,4395.5778,12956.8387,7265.3194,9539.2707,11437.6698,7947.4248,5963.4013,8139.5505,3791.0316,4564.0182,3260.7028,13656.8345,12629.7119,0.0000,6665.3196,6228.8198,9080.3342,11054.8553,13051.6119,2710.2514,10187.0275,4235.8101,8719.8822,13120.8701,13654.4153,5655.1517,9206.1085,2719.7451,8818.8500,7316.2901,3977.1497,8528.5020,5279.7873,11642.0016,5145.6841,9045.3434,8490.4180,12534.3523,12096.7941,6704.6352,388789.2615,402508.7539,400335.5849,406593.9042,398417.6630,404795.2043,407229.1792,402814.1533,336182844.0780,336147973.6752,336184302.0588,336180107.6015,12932.1405,9885.8240,13572.0536,8817.0907,9177.5622,3333.4148,12607.5799,9996.8108,8863.8934,10919.9205,6391.3294,13322.5162,11265.9655,9531.0293,9372.7704,9034.5383,3189.1146,8240.1015,13003.2044,12686.9531,5970.3753,11789.4185,6127.3324,10266.5793,11784.3170,11101.5952,5441.9349,5681.5628,9675.9777,11932.9727,8435.0387,10058.9289,862.7520,5200.7620,7601.0295,10345.0683,6982.6131,12898.1404,4740.7626,8526.6483,11291.0577,9346.5901,12411.9423,13228.0042,11395.1217,11850.7460,1325.6353,11992.5049,8187.5603,13213.6798,11311.6654,10201.5925,8845.4239,11784.7067,10651.0388,6748.9814,9335.2935,8564.7074,6265.3243,12578.2202,10901.1107,0.0000,5261.6742,9681.7840,7163.8751,13447.6118,13602.5017,8477.5675,10085.6391,7460.5634,12172.7916,10461.6987,10978.4440,2205.3006,6221.4216,7681.4787,8673.5441,3328.3641,3356.4247,4220.7999,7163.9617,12622.9719,10346.7808,10152.5929,12038.3054,13473.0050,11078.6902,11039.9705,387043.3291,400809.9156,398587.9457,404893.5017,396613.0960,403041.9162,405648.1885,401098.9544,336185179.6443,336150309.6266,336186638.1661,336182443.5131,11561.1823,2618.9398,9412.8680,7297.5457,11621.2876,9260.2200,8570.7217,12133.1882,10131.8048,12838.3337,5754.2695,5995.6761,6380.8430,12505.3418,8863.9695,12937.0715,11552.7895,8192.2305,7818.1178,13460.5531,10195.4579,13668.6394,10311.2122,9199.9187,11482.8682,10376.0060,13196.2285,12318.8405,10108.3095,8970.8543,12174.4934,12931.2379,13646.0000,13035.4088,8271.5191,13447.7184,1595.4596,13737.4829,12762.1072,5295.3343,10202.2196,1610.4582,7879.0814,10827.0823,7256.3947,12760.6078,10441.0896,12275.0298,2736.8627,9821.4639,12158.7685,12453.9396,9220.9017,9800.1847,13626.9129,9853.3852,8857.9510,12760.4722,5305.0496,11081.6472,0.0000,13789.7302,11398.5608,13543.2725,3407.0796,4163.0770,10255.6389,12266.5065,12668.3182,4825.4653,7456.8834,9190.0655,13526.9073,13561.6131,11747.9027,7175.4663,13734.6148,13073.0581,11113.6986,13102.6430,9447.2757,8882.4281,5457.9684,5062.1722,2348.7052,11175.3012,6908.1255,378148.8821,392003.2180,389767.8210,396059.3663,387990.0026,394263.5562,396666.0486,392296.8376,336193263.3569,336158393.2215,336194721.1100,336190526.8809,10816.2530,13569.4636,10233.0099,10437.2537,5435.8426,6790.6833,1415.8540,11439.6627,11002.4126,10415.7367,13589.5811,11511.2873,7248.0759,13720.9200,7820.4678,12033.5355,6010.4229,10403.0416,8305.1680,3541.7525,5812.7590,2816.8558,10634.6186,5734.6206,12794.5460,5073.2759,7284.0055,9050.3091,8367.3984,3348.7703,9559.6017,8752.4569,3475.2556,6556.5668,8297.0273,12061.8863,6632.7469,3059.4898,8923.1286,4239.0053,12325.9453,7142.8114,8907.5196,12812.4373,10836.4586,5676.3797,2399.7647,11950.1141,2716.5444,4686.4753,9197.3286,3514.3372,3089.1812,6421.0306,5068.9402,8748.1029,4493.5525,12712.7997,9567.6161,0.0000,6522.3767,236.9824,7162.1142,9419.6143,10973.7273,5866.3349,5842.9766,3164.5445,8930.3400,13696.3297,12452.3256,8404.5716,8248.1027,3753.0940,12398.6872,8648.2237,7162.0260,12268.1101,3647.9653,6896.4115,5612.0574,11854.0112,8838.7280,11186.2483,8377.0668,7788.7181,385347.5283,398890.1683,396816.8786,403003.3639,394809.8351,401243.9325,403576.8746,399219.3956,336186079.8338,336151208.7228,336187537.4747,336183342.9822,9823.9491,9145.3110,12827.6488,7432.3032,9366.5632,11610.1721,8925.9271,12521.9410,3496.2593,6587.1401,8544.3154,11227.2568,9468.2951,13509.5439,11133.7563,6361.5374,5864.6814,12931.3818,8741.0410,13204.7731,10018.7835,7586.7704,9846.1539,11663.8038,13166.5841,10970.4896,8249.6880,10280.7289,10950.8143,13626.2021,13289.2700,12455.4016,8941.2569,12716.7959,2518.0784,13563.8793,11939.6282,6594.5581,10391.2084,3924.6687,5753.4527,9111.7522,6548.0404,13485.4210,8621.5933,11974.8857,2064.3547,9016.9596,10786.3979,11376.7755,8275.1976,9430.8819,12961.1075,10249.3944,10263.4725,12775.0056,4679.0392,9550.6716,0.0000,13485.4774,10672.9177,12763.8862,2641.8154,1873.5777,10895.7399,10855.9342,12423.6487,5806.2069,7897.0538,8346.4706,13836.0142,12983.6232,11833.5128,9284.2415,13740.3675,13406.1599,12295.3525,12701.5351,7403.0296,9277.0344,7749.4499,6071.4904,619.6274,9513.0055,7838.6009,376907.5783,390682.2194,388489.8016,394752.3800,386661.0249,392969.3103,395343.0020,390985.6235,336194439.2790,336159568.8528,336195896.9387,336191702.6673,10891.8897,9318.0936,12483.8461,13115.9588,13423.6370,6063.7390,6165.6588,9030.5989,4133.4582,9669.5211,10068.0951,895.4403,11083.1237,4303.3760,12523.6763,8282.8035,9067.1748,13062.4833,11341.9785,13838.0663,7360.8510,11562.1337,5420.5318,12263.7362,10075.8303,9271.2605,12085.4904,12591.4908,9430.5435,8892.2153,12500.0640,13147.7197,9214.6980,8344.1538,11005.4201,12552.0218,11788.1467,13515.4844,8437.3108,11788.2072,9209.9520,4841.7124,7854.6073,11923.8304,13347.9152,8264.8333,13721.4112,11943.8055,8243.2757,13566.0135,13734.8254,10795.1098,13397.6891,12033.9695,12595.3023,6130.4012,8367.8831,0.0000,10998.8606,13338.1320,10217.0677,11428.2121,9186.6383,13137.7448,11249.9736,13059.1742,12147.7169,2533.5611,4520.8722,10090.2870,9249.0860,13181.7219,8214.5890,9398.9722,10988.6154,6242.1779,12643.9263,11430.2663,13477.5263,9303.1033,12212.9343,9398.0396,9538.1466,12745.3988,378622.7162,392482.9120,390207.1815,396549.6907,388289.0813,394679.2669,397334.9708,392758.9846,336193667.2261,336158797.4794,336195125.7967,336190931.2062,6506.8470,11626.9336,4489.8809,10040.6930,13337.7776,12717.3875,11322.7732,9792.1162,2053.3902,13405.5749,10385.9587,8325.1199,12808.0342,10951.2657,12506.1999,12522.1369,11248.3772,11679.0772,8250.5583,13069.3878,13033.0674,7891.6092,9763.5920,13441.8818,13439.4199,2724.2111,12174.2338,8765.2903,12318.0567,11089.9880,4837.8738,13045.8497,8301.9376,11062.6103,11527.4446,3776.5191,6818.0787,6972.2518,11481.9634,13652.1477,11746.5090,9348.8080,12584.8264,9532.2924,9397.0373,9357.3016,12739.0248,13569.9275,9415.4718,8201.4356,12399.0519,6057.2677,2373.5617,9168.9820,10769.5560,13734.7948,0.0000,11474.3185,10064.9548,12866.0007,8040.1448,10426.5573,5513.5220,13155.2461,9730.3496,5039.3159,10408.1740,12687.3054,9964.0898,12695.9165,8060.6899,3777.3962,11228.0518,9072.0878,8022.0445,10618.1992,12527.4015,5791.4086,2977.1333,4842.7124,9102.8435,13618.0712,4198.9604,385278.3832,399171.7353,396912.5558,403222.8340,395142.6609,401413.6069,403853.0559,399459.3219,336186277.3975,336151407.5029,336187735.3363,336183541.0768,13148.0702,8274.0145,9530.6411,12360.2228,8929.9145,13446.2996,10846.2351,6921.9632,11513.1333,9209.6144,3838.9245,10110.6404,13187.7657,13415.9372,8780.5572,12377.5221,8418.0365,9891.2877,12954.1277,12596.1152,4641.7364,6915.4454,11740.8521,13295.0774,6085.7648,11459.8754,2904.6139,8158.6739,9124.4518,8740.6908,9685.6213,11876.8216,7141.7132,10033.1677,9368.4008,8507.8501,10978.8136,13547.2208,12997.3183,12245.9182,3522.3150,13066.0072,8731.4506,12529.9392,11226.7049,11821.4440,11154.1569,11643.3930,10222.1658,9231.4944,8190.3438,6099.2181,7006.9813,12442.8706,12647.4845,0.0000,7726.7241,10234.5346,9739.3469,12433.0487,13291.9354,7106.2559,11917.0444,8255.9956,10457.0026,10417.6949,12016.8299,4859.3321,9021.0753,7576.4915,6163.9787,6414.7897,4809.3638,3662.1425,8527.3682,13497.7551,9038.9147,7737.2634,10286.5026,12705.7707,12777.7840,9215.9830,387546.1262,401394.3600,399137.1543,405461.1458,397247.7395,403613.6337,406191.1450,401677.3415,336184516.0908,336149646.2831,336185974.5124,336181779.9911,9108.5582,6656.2835,8814.7651,11256.4227,6125.9809,11470.6591,12184.6319,6713.6325,12619.2505,11631.3228,11101.8265,1456.7704,6299.3017,9717.8952,1985.8497,8938.7087,6374.4221,7238.7316,3858.2794,13756.1937,9504.5925,6433.0679,5509.8166,10903.7264,4671.4499,12570.6725,10424.3554,7484.4643,8607.7874,9222.4396,9386.9653,10006.8736,6444.4136,9130.5819,7916.3784,10376.8179,2016.9124,5963.3584,9856.6873,13100.7253,2147.1028,7554.0408,8741.0899,4425.3630,4693.6552,8408.1539,3841.2864,5904.8719,8619.2378,8428.2654,11160.0460,9174.9916,9534.8168,7038.1305,0.0000,9678.4222,5393.2478,8599.1740,6744.6775,7040.4030,9456.6049,5295.8630,8117.1611,8506.7458,11868.6677,9875.6456,11654.0343,9627.3434,8513.9647,13018.7003,11225.8054,10964.1766,13700.9911,8082.8710,2170.1965,8040.9908,12018.2439,8599.0046,7889.8110,5792.8392,8861.8129,379978.4191,393515.9298,391447.7024,397628.4182,389452.0794,395875.9710,398187.3369,393846.8454,336191359.4243,336156488.2305,336192816.9459,336188622.4972,6803.9368,13648.4273,13263.5656,11097.1532,12100.0509,6288.1362,12040.9045,12831.8516,7942.9048,13751.6742,8510.5960,12229.8614,11908.8543,8232.1762,10084.8333,4246.1875,12956.5326,10934.5618,10810.5123,7855.8154,12059.8733,12501.9192,2710.7068,9501.8493,9443.8536,11935.2474,8641.0694,656.7133,12285.8709,9729.4150,9877.1606,8936.4105,3617.4724,2857.9551,9054.0570,9546.8201,12695.8248,13001.3858,10667.9644,10326.2710,6428.2142,10421.9525,5656.4741,10433.1241,13012.7658,5897.5571,4220.2337,10969.6078,2056.0650,2968.8798,6934.9938,12086.0217,13112.9051,0.0000,10196.3528,6691.2135,11655.9877,7374.4987,10560.0478,2366.0906,11220.9380,6974.3332,4337.3720,12696.3464,13636.6320,9777.0849,12004.7925,5053.7878,7933.2453,10991.0069,8333.5743,10591.0463,8180.7930,10619.5377,1432.6412,6847.7328,4068.4700,9609.7957,12489.1452,1996.8804,386229.8993,399984.2298,397807.1844,404057.5668,395974.5315,402284.3982,404625.7238,400292.1400,336185074.8616,336150204.4096,336186532.5083,336182338.2359,11712.2004,10542.9376,11245.5717,13793.8060,11382.0737,7331.9124,13595.8052,6626.2225,11844.0780,7251.3977,11107.8102,7690.6627,4832.5720,4882.8444,3266.0645,11137.0397,6403.1984,12217.2785,3740.4460,7448.0573,9676.0904,8003.4343,3823.9091,8489.6228,8028.2637,2530.6463,6703.4635,7838.8511,12618.1986,5531.3735,2645.1176,9259.3068,4106.2992,12744.4732,8293.6033,9411.1400,13176.1136,9904.8685,6657.0241,1077.4636,12588.1643,3895.4559,5120.3589,9139.0112,4737.5601,3766.2517,5760.8479,4918.7624,8397.6430,3153.8851,13199.8288,9922.6182,0.0000,5506.0797,1357.5036,6669.1712,10281.8225,11783.0068,5420.8686,6164.5262,1770.6286,9455.3273,13778.6433,12687.8915,7266.1285,7653.6651,2771.7653,12143.7712,7667.3652,5943.6642,11570.0678,2424.9612,7914.3361,5799.5032,11833.7352,9332.7356,11929.0958,8843.1596,8072.1689,386386.5049,399942.4776,397858.8596,404054.6784,395846.4132,402286.3641,404646.9177,400268.6322,336185123.6331,336150252.6093,336186581.3722,336182386.8500,5872.8436,6154.8629,6936.8172,12725.9720,6023.9235,6631.6338,12300.2381,3883.4417,9291.9809,3970.7809,7521.2109,9803.1687,9854.1648,12612.0946,2023.3254,7197.5138,10206.8371,11793.3416,5831.6601,3871.5398,13751.7082,9276.6717,11467.8676,7991.8065,10651.6639,13444.0060,6934.0021,8998.1148,10379.7042,10121.1065,12682.9236,13144.4750,10086.7970,8187.4195,3785.9170,4074.3825,10543.9069,7647.2765,12110.6271,8070.3232,11682.9115,8157.1864,4454.8744,11392.8450,12402.8096,8732.7041,13374.7949,13855.4707,12149.4020,5901.8954,2883.9388,0.0000,10005.4223,11254.9121,7787.9466,10565.0128,7444.0931,13628.2967,7171.9379,11970.3401,12553.2420,6216.6149,2057.1804,10985.7202,7524.5639,12744.6361,12118.1186,9606.6226,11643.8029,10515.4138,11227.6010,7027.9856,13368.4295,12323.5180,12673.7994,8765.9451,4339.7707,13298.9820,376593.7521,390258.3393,388092.2962,394358.0887,386065.2880,392527.2891,395083.6301,390560.3381,336195449.9297,336160579.4376,336196908.1850,336192713.5318,10751.1316,9390.4669,12445.8301,5937.2600,6921.8051,8552.6800,2722.0835,11970.5807,9078.5825,3594.9376,11203.2368,6730.9947,12368.2000,7392.9330,8649.9942,7567.7230,8800.5810,6165.5600,7906.1407,12571.4169,9222.6439,7133.8622,3410.2464,8658.8944,13317.5196,3771.0072,12109.5036,6588.0652,8792.5958,13492.0079,12357.9984,12435.3863,11511.3281,7151.1677,8339.5671,5966.1577,9875.1721,10510.6402,11767.1709,12313.4597,8454.9582,3943.6116,12468.9832,12497.7281,5840.0466,12586.3734,12708.9084,9544.6403,9991.3229,6167.9105,0.0000,6358.4542,10796.6099,5064.0997,13397.1580,11671.9432,12332.1784,7571.8338,9930.2195,13881.5487,8113.7874,6431.5077,6525.2982,3753.9919,10967.5481,11420.2143,4816.0290,7861.4669,7220.0800,8952.7908,10180.1555,13190.2351,12515.3782,13878.5159,12366.2232,7006.4174,13677.2027,381654.0549,395337.2243,393149.8607,399437.1820,391089.2005,397580.6669,400220.1876,395631.8566,336190738.9440,336155868.6767,336192197.5228,336188002.7507,6693.2817,10805.8016,8863.1211,8978.3336,13579.5282,9183.0990,5616.7248,2503.1021,11230.5227,7794.9422,12011.9443,10553.0719,4467.3789,7632.5407,12018.8105,12788.3479,8539.0604,5129.5924,12027.0985,9479.8177,13532.7912,11750.6455,11541.8479,10673.8623,10771.3826,4936.6017,12636.4709,10813.4927,9135.9596,11296.8176,6567.0698,4338.9984,6103.9766,4884.9509,13215.0595,6590.4373,11792.5862,3676.4003,9188.1535,8909.3291,8904.5356,8482.7733,10028.3330,11399.5170,11396.3211,12092.8075,12619.3470,3977.0809,6583.4359,0.0000,12389.3730,10271.8206,10941.0344,5319.5609,1774.4149,12072.3616,8678.8358,12125.1330,8468.1459,7468.3107,6081.9366,13330.5613,11233.0300,12139.3471,11125.2045,12725.9513,13179.2951,12537.7343,12017.5044,5128.0242,10725.0917,10137.5002,8688.8976,3579.6248,6639.9836,10016.8736,375771.5025,389463.3573,387306.7460,393550.9858,385390.2133,391763.4529,394167.5217,389772.9176,336195710.1364,336160839.4974,336197167.8933,336192973.4910,8289.3199,11393.0503,3541.4333,12727.3737,7372.2851,11062.8087,7036.7840,11520.3292,12436.4186,13128.0337,13299.0709,7189.4196,11820.8211,7487.2841,13590.2984,11270.7167,9209.3810,11511.9126,13050.0425,11649.7622,11547.8378,13576.7305,11999.3256,11520.0591,4691.9111,13002.8252,13424.1352,9770.9233,13086.2210,4969.5100,10238.7974,9616.3949,3354.4159,10554.4642,11546.0196,13846.1971,4699.8513,12916.1116,12528.4818,10165.6319,12519.1220,12997.8613,12688.5785,12860.5196,11402.7108,13614.7250,2990.0366,9193.9726,0.0000,12996.1621,13374.2080,12219.5850,8578.1047,6193.6107,12861.0869,12061.2400,13841.5949,9845.9794,1672.1985,5119.1497,12367.1903,11664.4092,13548.6092,7390.9090,11998.0876,12739.5805,8528.8273,13738.4743,10619.5754,12485.2456,7510.3037,9987.2358,6040.8867,10102.4823,11129.4511,376794.5491,390684.5307,388407.0490,394741.7891,386563.5513,392894.9000,395465.4114,390963.3996,336195148.3745,336160278.5720,336196606.6467,336192412.2174,13703.4582,9051.6588,9344.2079,12173.0531,11467.1728,12020.7969,12825.9534,12099.9123,12505.7492,9759.5780,12570.5394,13510.9023,7019.2063,10975.1583,13716.9544,13305.5590,4694.7690,13038.8558,9280.3175,12603.4449,12181.9141,6525.9628,13313.5716,7191.9223,11883.5572,12546.6533,4560.5877,8513.9219,5662.6058,11742.9078,13572.1471,10644.6101,9417.1975,13059.1334,10948.8205,8397.3880,10587.1823,13406.4268,13542.1878,10522.6930,9637.6252,13037.5416,7821.1599,4368.4075,10513.5099,9604.6350,13544.8257,0.0000,12255.5188,11324.6318,13338.0586,7983.2252,9776.2545,7356.2345,13655.3817,11089.2809,5622.1460,8984.0507,11788.8027,10634.9493,13014.3970,9631.7786,2117.0391,11683.7230,10048.6810,7471.7214,11801.4236,12792.1919,7466.8737,1120.5997,5518.7135,8369.5116,13643.6675,5598.5551,383800.9413,397737.4615,395451.8237,401781.6277,393699.4786,399959.8200,402434.7689,398018.3134,336187851.8567,336152982.1306,336189309.8900,336185115.6307,10635.3879,9587.0543,6715.2444,7905.5312,7122.7397,4069.3439,6568.1352,5110.5668,9453.6002,5981.8894,3126.1763,11656.6131,7697.1270,429.8294,4461.6895,12591.3927,4280.7545,9688.4716,4991.6432,5709.9246,11858.8484,3143.2632,12049.1819,6305.4873,4987.9709,12683.4734,10337.1989,12857.5926,7596.6038,3525.0704,9322.4157,9720.5521,4792.7886,7885.3790,11371.1765,8648.1980,3045.6064,2463.0148,8749.0802,9482.2283,3791.1177,10895.4004,12857.1826,8178.5056,10428.6020,3566.3952,0.0000,5688.5399,7115.6566,2949.3903,11540.2888,10249.7800,11235.3181,1856.2162,7642.6979,12651.3880,10809.9817,7764.4123,8218.1160,3879.0315,9169.8839,13573.4258,6741.1261,8514.6914,11292.1260,6529.2964,5645.7442,11337.8303,13727.1306,12675.4280,11358.9613,2807.7560,12463.6259,381097.0743,394620.1794,392533.8778,398743.3989,390428.0130,396941.8036,399423.1038,394941.1610,336190848.8911,336155977.9093,336192306.9740,336188112.2586,11206.4001,5143.0655,12557.7957,8476.9053,9675.3426,13216.3263,11774.5071,13808.3871,7756.3851,11956.3058,5188.1512,12496.1884,10632.5470,9687.2313,11747.9909,12930.3424,9596.3277,9489.0288,12818.8318,12869.2857,9853.6374,7817.0185,11400.3308,12886.5410,11332.3164,13417.6337,7792.3724,11849.2113,9702.3452,4873.7160,8071.9211,12207.1569,13496.6732,7852.8349,13730.7996,12347.0332,8926.1851,13552.9002,13685.1766,11308.3615,13246.4637,11669.4692,12764.0413,5868.4869,8933.1057,0.0000,11430.5732,13488.8333,10791.4963,11073.5974,8960.9706,12975.1236,11719.3889,13246.1205,11707.8963,2045.0334,4980.5049,10394.0941,9862.6678,13227.0601,7564.8188,9860.4063,11197.0511,6149.4654,12923.7692,11660.9624,13264.0924,8636.7910,11775.7411,9014.0353,10044.3671,12374.1276,378619.4759,392503.2711,390217.1064,396565.2179,388322.9919,394695.5513,397344.4209,392777.4804,336193630.6855,336158760.9991,336195089.2309,336190894.6761,10394.8072,11987.9975,13258.5300,6878.6577,10420.9463,5340.1262,7940.0195,12702.8137,10601.9611,7676.4913,3342.9766,9876.3660,12350.0135,6705.7547,8867.6106,2439.7853,6376.3441,5920.2535,8333.5565,7795.4059,13247.1056,4014.2345,7046.1570,10124.2919,6864.6744,12724.0411,12569.0238,11886.6075,13234.7319,4443.8703,11314.6653,5733.0907,13627.4214,9361.1738,9440.7472,9873.1616,10001.2050,8457.0716,6537.3365,6911.6064,6947.1701,3633.6318,13600.6866,11707.7019,0.0000,4695.6899,7649.6251,7387.9489,12777.1543,13794.5428,5981.9583,9722.9943,5031.1897,11016.2398,12262.1375,12593.7205,2439.7389,7055.6906,4940.4284,9176.3601,4417.3843,1250.6830,6583.8262,5186.3988,12168.1153,8161.2931,10130.7282,10832.4004,13541.3174,11458.6712,9403.1853,388609.8089,402332.0413,400144.0741,406420.8226,398176.7049,404595.3912,407120.0720,402631.0739,336183344.5522,336148474.2910,336184802.8295,336180608.2413,11635.2920,7451.8098,5842.2918,11514.1606,8788.9363,13163.9632,5712.8809,8968.0788,7661.7523,10686.6802,6777.4949,6989.0709,13160.1123,10185.7972,8957.6527,5883.2363,10317.6893,13730.2670,5706.2302,10558.8636,8803.6783,10228.7569,13259.7344,13240.7399,11078.3803,10882.4331,6483.2360,5992.2488,7601.7137,9866.7789,11931.3301,10075.0011,12827.8086,9262.4412,4450.1532,12784.6624,13145.9618,7820.1319,13396.3029,13243.8930,11262.2689,7885.6266,5373.1118,0.0000,8564.6849,11821.1601,6939.7180,12486.1479,10080.9036,13271.0992,8294.4647,11518.4084,13506.0380,6012.0739,3957.6513,8704.3908,5956.4457,12321.4384,11078.0724,7242.8030,9835.0168,7782.0916,10683.7140,9729.4529,13724.0914,12000.4010,13556.3709,10894.4459,6643.9930,13770.7905,379160.4964,392879.6725,390674.5257,396972.7300,388644.7688,395114.0546,397755.0199,393170.6101,336193183.1292,336158312.9473,336194641.6781,336190446.9530,6370.5810,10666.9394,2853.7936,9880.4179,6294.0260,7634.5396,5219.7079,13715.3599,10114.1993,7628.7869,6265.6127,10418.2935,5884.3301,12930.4434,11307.8146,8372.7512,7959.2878,10247.4224,8457.6526,10810.3210,7450.2692,8143.2246,7729.4946,9429.8909,1527.5978,6870.1654,9719.0974,13452.6871,3525.1012,8058.5725,7885.7489,4354.1863,6016.9194,9395.8145,3551.6000,5706.1137,9667.9340,8127.6359,10642.9894,9677.1045,9076.5055,7891.4010,0.0000,10553.4420,5962.0625,9684.7167,5438.8596,6221.6586,9213.0709,6605.8776,8696.4699,7387.9584,11655.4576,10088.7972,12223.7258,10604.5543,8748.6140,12450.4592,11961.4667,11453.5499,13755.5695,8858.7814,3067.2049,7501.9787,11234.6816,7506.3542,6872.2800,6816.4248,7994.3344,379684.9486,393256.3693,391173.9218,397361.6652,389215.9204,395611.8779,397908.1178,393584.9565,336191573.9778,336156702.8610,336193031.4433,336188837.0546,9705.2350,7862.2225,10972.6057,11150.6112,2068.6997,6456.8647,11825.2997,12326.1236,6780.9066,3035.0733,12978.3026,8724.5821,13016.2726,10297.6233,10874.7854,11862.8504,9102.6729,6840.0990,11700.4087,10097.9798,10785.6041,11969.8190,8336.9714,4992.4536,3971.5372,4279.2981,12539.9223,5907.3397,11691.0569,5621.0608,9789.3243,7836.5533,6881.6692,9226.8745,10735.9242,10099.3633,12186.5882,13082.8700,12356.9961,4599.9758,4304.1564,0.0000,11354.0981,10251.1217,9433.9070,7519.1033,4167.0405,12771.7925,7288.6426,11870.8524,10290.8598,7262.4334,4481.1569,12574.6732,9680.8645,12294.6114,12023.8434,11615.3526,12685.1131,12235.7998,11468.0450,4597.3066,11786.2918,11463.6592,10471.8712,5871.9063,4637.4551,11481.7215,375713.3031,389363.4559,387220.6258,393461.1007,385243.6432,391662.9895,394110.6601,389674.1996,336195945.0387,336161074.3387,336197402.9397,336193208.4297,9128.2419,3340.1231,10132.7052,8327.0865,6738.9346,9255.0833,5999.2929,4459.1182,7764.0133,11629.0022,6475.0694,6418.9644,942.0375,5456.1161,11948.6684,1074.1888,13068.5267,3618.2604,5660.1615,12977.7627,10325.2740,13398.5651,10580.3172,6877.0204,10340.9201,6316.9568,8228.7255,7700.7026,12742.8502,10170.3592,5946.9232,3660.5505,10520.1756,10385.8890,2322.3691,10744.4674,11870.5321,6849.4710,11611.8705,6358.0243,0.0000,3152.4271,8130.2771,1737.0783,13170.2209,12255.7374,10587.9751,5317.6952,7039.0587,13342.7318,10592.0612,8649.6510,4862.5157,272.8912,8523.4420,12289.6135,2966.3147,5816.0261,8566.3913,5828.8737,9075.2382,11561.7306,13082.1175,13299.0299,12942.3922,6373.4212,12702.3102,383779.9326,397377.6735,395243.0877,401490.8487,393151.0382,399660.5666,402225.5447,397685.8329,336188419.7571,336153549.1418,336189878.1303,336185683.3641,7722.8817,4853.4617,8497.2789,3867.8490,13629.3984,7996.3687,6390.9603,6687.1910,10085.6115,3360.4437,11656.0509,9793.1715,5924.0947,7782.3607,8754.5332,10493.4856,8804.1553,4912.6381,9033.1131,6539.0870,11226.1651,3903.8047,6865.7407,11083.5057,12458.7172,2805.7639,5793.7284,10044.1249,2987.1852,3945.6702,8549.0002,2765.0769,4515.6401,7656.2162,7180.2417,10393.6199,7600.8247,10855.2027,7835.5909,0.0000,8511.4310,3532.9607,7888.1617,7668.6688,8582.6630,8212.8470,4933.9527,6417.1659,8592.6968,12726.8031,10920.0394,10601.5065,9034.4557,6905.6353,12995.7010,10351.6497,9724.4604,13397.6345,6474.7787,3745.7901,7034.8300,12116.1330,8618.5790,9185.8699,6497.0874,8400.7383,381928.6315,395452.3031,393391.3550,399567.4196,391384.6667,397816.4411,400124.8371,395784.8387,336189422.8034,336154551.5776,336190880.3354,336186685.8696,7762.1887,10102.5495,6513.5704,10413.3843,3123.2797,5468.4502,9000.8005,10131.0526,4870.9505,6128.5842,3553.4622,2452.6315,10145.8458,3782.3113,13655.9281,1554.0541,3156.4829,11966.5681,7979.3031,13835.2797,10272.8850,8272.6432,12244.0938,7058.2586,7811.2822,4778.1549,13485.3010,8147.9578,5100.8158,6134.5693,8734.6233,8174.7807,1514.4226,8529.0952,10452.2339,3982.8300,13044.9511,8219.1680,0.0000,977.5012,5673.0145,2690.9364,12768.7514,12879.8225,8413.8982,5214.5807,4011.2992,12365.6568,12522.0296,10981.3658,4178.4994,3304.9762,5815.6673,12434.7727,3498.1027,4103.8801,9556.9009,2673.1678,9036.5537,9560.2934,12944.9844,12270.2718,13339.8674,7631.0763,11253.9748,386037.8397,399603.4871,397495.6807,403719.8516,395416.5371,401912.5539,404404.3882,399919.8633,336185928.8500,336151058.0468,336187387.0139,336183192.3102,11725.2761,7872.1631,12482.6431,6076.9962,9462.8010,10520.0061,6293.2744,5951.1758,9802.1724,10420.7815,5648.1303,3962.2662,10280.7585,11140.7520,8142.7645,5606.1801,6716.5028,1909.9695,11111.0795,7606.1207,10581.9976,13128.4448,11173.5880,7365.0327,3424.2335,11315.7105,2118.2878,7141.3568,11082.9113,2902.3501,737.0553,8558.4908,2661.7709,6664.9571,5154.5792,12607.8597,11220.7457,0.0000,8237.6693,2799.7028,9313.2458,8137.6587,10652.4871,3820.1937,8196.9284,4326.1573,6792.0851,13666.0001,13237.3621,9199.7819,10137.1719,3295.8529,11014.7500,9926.9986,7706.6484,12063.5361,5438.2773,8148.8821,2931.7616,10158.6394,6649.8888,10401.2620,10194.1480,5315.3088,385851.6059,399463.3506,397360.2076,403562.3352,395425.3150,401806.2842,404115.0814,399787.4364,336185440.4579,336150569.5236,336186898.0149,336182703.6329,6223.5233,11185.9091,11851.3568,5680.5764,2441.0856,13429.8311,8545.3301,12219.0061,8915.5325,10435.4686,12665.1407,7668.8407,8149.0211,10804.7506,9730.8178,11855.4534,12461.1554,9455.7726,6398.7153,2906.4230,4162.0180,11565.4781,6269.2937,11664.0189,7059.5843,10537.9493,7465.5708,5208.6092,10128.4117,11422.8557,9053.4859,12720.2136,13548.3848,12059.3649,5377.1001,2689.3118,0.0000,10412.8788,10468.5688,8220.5825,9175.6653,5986.2337,13159.9948,6638.5766,11680.7523,11542.8537,6928.6760,3218.6768,11668.7327,8299.2135,12361.9144,12285.7673,10452.3228,12040.0517,11509.9774,11061.8030,5361.6200,12547.4146,12109.4399,11689.4096,7523.2235,3625.6986,12458.2069,376170.2412,389810.4346,387665.0026,393912.2384,385650.8751,392099.9837,394597.5783,390118.7992,336195675.8531,336160805.1998,336197133.9195,336192939.3256,13085.5141,8257.0946,2846.1660,4017.0621,12125.6071,2807.8114,11231.5463,7597.5786,5830.4690,10606.1651,6014.0081,11250.4764,7839.5140,4679.3753,11483.8181,9197.9134,12207.0668,5082.6249,3713.7032,9737.1809,11586.0614,1809.3388,7263.8423,10512.8126,6513.4019,1671.7423,5247.0020,6438.5462,7732.1103,5706.1579,9823.0394,12412.1607,8363.1198,10267.6490,4625.2800,0.0000,7311.8019,5655.1333,5400.9262,9767.4204,9000.2755,10512.8379,1608.9300,7409.9982,11191.5540,11672.4377,8817.0738,9881.5353,6578.9755,8655.2825,13837.6779,8893.0813,9634.7696,12831.2928,6693.3471,3102.3148,9979.8259,13464.7900,11240.5519,10131.0741,3109.8807,11162.5044,380568.7369,394064.8671,392004.7935,398189.0401,389927.4419,396415.0678,398807.1759,394394.4571,336191083.4794,336156212.2836,336192541.2727,336188346.6594,10104.4291,11807.4201,12344.9781,8867.0944,12938.0467,5810.1810,8685.3945,11519.4704,11104.8896,9943.6083,10080.2522,9430.4235,12082.6969,10367.9007,11468.9294,9283.3241,13568.9309,12147.8913,9333.2301,4412.5640,13509.4504,11717.0972,10646.3599,13205.1706,12824.5805,10448.0196,13335.3884,12591.0763,10585.2780,11154.8045,8763.0519,10347.7585,9792.9908,11514.8665,0.0000,9773.0785,12562.0699,10566.2284,12223.2484,11809.2304,10400.8833,12525.7794,11307.2492,11245.9205,6734.9404,9236.5319,7431.8032,9513.4186,10930.4254,5220.4729,7846.5242,8140.3048,1314.7956,11246.7347,13480.0360,11565.9519,7261.1843,11182.6254,11339.3375,12180.9761,10971.0190,383705.6184,397620.1241,395319.1238,401676.6790,393447.3017,399804.4370,402455.3201,397891.3499,336188577.0233,336153707.4877,336190035.6313,336185841.0899,7977.4625,10881.7184,7766.5125,6044.8044,5247.2336,5914.5289,2781.5952,8045.5923,6626.7167,13521.4042,2651.9477,4013.1013,10376.5787,5725.4664,13364.7120,10847.7865,10375.5043,13368.7140,6897.1914,9049.8449,2971.2052,13644.5970,7230.1373,6845.0184,8752.9812,7987.0150,6658.4751,4575.4476,6188.3678,8119.4728,1066.9512,13746.6174,10453.9804,0.0000,3060.0842,4940.4981,5688.8245,12230.3973,13285.7208,5821.6878,7377.3986,2047.7683,10963.7598,13223.4929,12572.8507,3832.7677,6056.3286,3230.3796,11202.1120,4724.8322,2444.2837,9167.5198,1930.4384,10208.4478,7470.5526,11614.9155,10804.7965,13329.4929,9807.1037,9378.1932,387970.2809,401585.8464,399459.2610,405691.7072,397439.8761,403891.4305,406349.7835,401899.7465,336183830.3726,336148959.6839,336185288.4400,336181093.8334,4069.4228,12671.2972,4280.9744,9988.4455,5373.3611,5943.4855,11856.6153,3535.7571,11847.4988,6667.9874,5160.6589,12612.4417,10394.3878,12704.4389,7269.2973,3143.0971,9123.5485,10005.0503,4481.4276,8039.4367,11133.5077,8569.8951,2983.1119,2564.1481,8627.5110,9458.8235,4183.8797,10950.6946,12933.7624,8418.3020,10204.6478,3275.6896,0.0000,6060.9638,7154.2272,3369.3680,11315.9727,9957.6277,11332.0696,1747.2933,7842.9287,12539.4245,10727.2396,7604.1841,8559.2675,4276.5933,9324.4302,13615.1846,7111.7359,8822.2712,11483.8902,6773.1528,5281.4140,11339.6968,13709.8107,12572.5505,11109.4897,2408.6687,12421.9832,380739.8525,394261.3627,392176.8023,398384.5579,390073.5872,396585.0309,399059.6497,394582.9390,336191180.6860,336156309.6870,336192638.7438,336188444.0377,13336.6666,6614.5945,12273.3728,8526.5923,9014.4293,12163.8524,6959.9332,9359.5079,9990.2976,8111.1748,11921.7949,11548.5997,10645.0859,5159.7195,1085.4707,6448.8879,11977.2460,4133.2338,10360.0278,8308.8531,9131.3809,5451.5794,4693.5892,8763.0567,10234.0300,7923.2953,11954.2327,13522.0701,11060.8101,7299.4847,2020.8997,0.0000,9511.5879,8917.1199,7160.5360,9253.3553,6811.1065,12539.6788,4668.7948,10439.8813,11539.5521,9029.8928,5507.3079,11369.3014,7668.8633,11345.8237,13292.2733,10136.7826,11538.4713,12452.4029,9759.9913,3463.5941,11846.9757,12971.1681,11665.6280,8364.6452,1717.8063,12204.8698,377208.7344,390774.8084,388672.4532,394888.3416,386623.2694,393094.2944,395542.9730,391093.7095,336194543.6370,336159672.7041,336196001.5682,336191806.9610,10741.3459,7845.0664,11447.3349,9261.0882,3296.4982,12196.0071,9984.8167,9529.0060,9824.1948,4464.7000,4573.6385,8969.7440,11228.9250,13424.5728,12918.6540,8984.4173,11800.2934,7364.7819,10856.9905,7836.5439,11538.2731,13137.9283,8134.4916,6429.6768,11085.3617,3783.5822,414.0793,7025.7152,12165.6248,13604.0808,0.0000,9981.0838,8223.6685,11761.8213,8774.5625,11427.3006,2955.2037,12136.2527,7588.8245,5635.6694,11939.6999,13491.6854,8701.6957,11779.2770,5709.2787,6041.8295,10175.4298,7435.5586,8602.6015,8665.9817,12078.5174,3992.9923,5583.0567,5371.8459,10368.9879,13239.5389,3711.6451,387038.5893,400860.1954,398640.4970,404924.1564,396824.5909,403127.0759,405537.5754,401156.9384,336184455.5728,336149585.4330,336185913.4445,336181719.1423,10004.4379,7197.4149,3406.6311,9247.1068,6085.1075,12251.6682,6227.9584,2146.7245,10903.1712,7268.2633,12877.4923,6429.3770,6245.7751,11536.2371,10827.0050,3595.3726,4735.7666,11797.6353,5060.7723,1415.5204,6566.3806,5385.7759,6024.6288,4659.1961,8009.5297,11084.0368,6049.5083,11903.8436,6924.8644,0.0000,5784.3049,3298.0630,4975.9551,10273.4571,10530.6530,8654.3960,2646.5415,4904.7660,10793.7321,12908.7002,10699.2189,8498.1295,6332.3395,6352.4693,13530.5154,7919.5380,7882.7926,12459.9998,4257.6319,5146.4790,8456.4469,13214.8231,10771.3119,11270.1627,5589.7833,10180.2846,383314.4524,396809.1755,394752.5580,400933.0890,392682.1930,399163.9942,401539.0661,397140.1560,336188295.5211,336153424.3149,336189753.2865,336185558.6865,5698.1409,7391.8206,9822.8652,7426.4330,13003.2798,4696.4912,8384.1995,10940.9589,8784.4563,12456.0536,13251.0904,11764.6708,12312.3612,2055.8851,12060.8778,7740.7775,13373.0356,10977.5005,10266.1137,9353.5965,11490.5033,10218.7171,6922.3461,8752.4060,7987.4212,5752.5370,12917.6513,11346.7888,0.0000,5288.1831,9362.0115,7460.6503,13337.7924,13757.5467,7832.7777,10256.3198,7024.2623,11860.2504,10945.4184,11541.2163,2114.1552,6656.3846,7103.4993,8564.8066,3708.9707,2839.9533,4588.8111,6863.5581,12733.9416,9818.0080,9973.2903,11708.6340,13552.0311,11426.5305,10589.3669,387629.9353,401396.1785,399177.0118,405479.2130,397211.0113,403632.5550,406221.9329,401686.4378,336184531.0140,336149660.9752,336185989.4870,336181794.8563,5812.4135,12024.9461,1979.2517,13270.2944,3417.0744,6191.2547,13049.3272,10445.2238,13488.2881,11250.5101,7670.0119,10604.2887,5520.2382,9030.3394,7914.8290,13027.2644,10624.6883,6770.9680,4396.9015,11005.5471,10707.6583,2882.9116,10813.0726,11675.1146,6811.6860,11876.6443,7094.5260,0.0000,3102.0176,8570.9598,2579.7635,13520.9788,12685.4154,10539.8155,6205.4455,7191.0716,13498.5382,10562.9330,8945.5064,4202.4168,1183.6091,8572.0042,11966.4320,2195.8559,5374.7861,7920.6163,6046.1990,9846.4326,11687.5202,12907.4688,13441.8818,13272.4794,7205.4454,12782.8830,384316.9172,397937.5095,395789.1347,402047.2439,393705.5075,400210.2450,402793.8676,398242.1952,336187935.4706,336153064.9559,336189393.9075,336185199.1370,8618.9145,5639.4741,13246.4598,3434.8018,1274.7811,10813.2419,6187.0841,13449.7753,9067.1286,8487.3252,12714.5043,8626.8868,6745.6414,2677.9624,13101.4458,6014.5038,4278.0933,7380.7394,6702.4087,6086.8244,3356.8595,6880.8745,9628.4296,3015.1498,13157.4522,8773.7351,0.0000,3221.9940,3369.5263,4385.4305,11603.4822,12319.6622,7049.9785,4977.4168,2188.2162,11093.4072,13260.4524,11793.3693,5730.7500,5395.1798,4200.0165,12526.9666,5658.4309,4876.0331,10758.5249,949.3463,8108.6368,7862.6516,12623.3508,10989.3223,12692.2926,7834.4383,9866.9247,386191.0819,399734.9393,397648.1531,403852.2608,395590.5978,402066.7212,404488.2543,400058.1893,336185541.7695,336150670.7976,336186999.7080,336182805.0831,12270.5794,9446.0151,10034.6449,8821.5828,3396.3996,2841.5875,8860.6534,9019.5011,12397.0111,12792.8529,11004.6174,9911.5734,6429.4675,10091.9483,5200.7122,10170.7309,12889.2565,5376.4057,3835.8239,10972.1186,2156.2904,3535.8316,7122.5277,11831.3068,12862.9262,0.0000,10313.0415,6463.5480,11627.6466,6867.8277,10140.2641,2782.4443,10976.9374,7037.6524,3947.4502,12641.9203,13464.6769,10072.8813,12033.6308,5201.7296,8202.5539,11190.2591,8646.7115,10923.6883,8220.2528,10166.6046,1075.6244,6991.5929,3692.4356,9215.4693,12201.9814,1694.0742,385749.7034,399492.4150,397322.6575,403567.3185,395487.2555,401798.2512,404127.8132,399802.2202,336185523.1226,336150652.6144,336186980.7280,336182786.4614,12994.5964,4403.7146,5604.1102,13225.8178,10655.8653,13465.6145,10071.9024,6016.8313,10041.0915,7284.5048,7583.6315,7993.5775,12557.1759,10098.6994,5359.1891,2772.4995,10388.7110,10481.8876,2441.7913,11116.8195,12442.5013,7416.3182,11366.2709,5509.8583,0.0000,3845.4026,8131.6392,1389.3082,13039.8025,11917.8202,11080.6161,4569.4944,7414.3228,13492.0768,10617.0173,8263.8516,5882.7886,870.8936,8971.6396,12832.5021,4033.5445,6711.1446,9351.4305,6162.7833,8417.3108,11849.2529,13499.3594,13468.0693,12745.1711,5487.1405,12983.1328,382961.3876,396535.5772,394413.9106,400652.5595,392308.8627,398826.8471,401380.7095,396846.7378,336189216.0411,336154345.3327,336190674.3723,336186479.5999,13757.7717,12926.0699,6665.1213,11119.9729,1784.7641,7872.8115,10093.3045,5821.7893,12607.1323,10311.2335,12800.8090,1417.7793,10526.6049,12053.0114,11753.2352,9919.6703,10648.6051,13453.0428,10838.2295,9883.0764,13200.1801,3783.2914,10245.0440,0.0000,13761.0992,11887.5713,13233.1083,4369.5420,3393.5490,11203.4730,11997.5968,13119.2636,6260.8654,6210.0849,7901.0144,13557.9629,13168.0582,12413.9279,7565.8400,13552.3300,13302.9009,10903.1915,13388.6628,9202.9789,9986.7218,6236.4033,6488.3971,1960.2462,10523.7397,8211.4135,377085.8829,390938.8742,388699.5240,394996.8518,386902.6919,393191.9223,395625.9829,391230.5268,336194417.2382,336159547.1328,336195875.0820,336191680.8084,4406.6755,11832.7316,7990.4338,13751.7404,11216.1427,9288.7761,12477.8164,5773.1329,9037.7196,5131.9175,13723.8224,8845.7129,6508.8608,6892.4315,9461.4742,8605.9453,2713.6877,8421.9631,9828.4086,3668.8940,13266.3334,9111.1454,0.0000,708.2696,6476.2753,3694.5330,13125.5268,13357.0027,8064.4141,6591.6142,4247.6503,12383.0887,12340.3670,11274.4055,2675.1831,3693.1337,5707.7596,11681.6207,2419.9741,2770.9799,8459.5264,3228.5449,10151.0616,9556.2138,12410.4766,12264.9852,13651.6291,8711.4826,11141.2907,386862.2930,400470.5630,398338.2836,404580.2688,396279.1693,402762.7429,405281.5330,400781.0160,336185165.2778,336150294.6490,336186623.5328,336182428.8334,10860.0999,6497.4959,13288.1756,8110.1667,7617.1547,12304.2896,9456.1461,5592.8825,3236.0298,12665.1377,5514.5215,3100.1208,6946.9408,6109.8743,5925.1698,3535.8786,7236.2682,10187.2293,4132.7642,12733.4843,8034.5045,0.0000,4055.7951,2971.8485,4326.1911,11137.2162,11698.7567,7611.3570,3950.0922,3085.9857,10995.0010,13163.7761,11389.4032,6756.6319,5556.7431,4911.3722,12952.0517,6435.6457,6013.7329,11423.1398,2166.2419,7031.3794,8028.8573,12891.5095,10919.5488,12209.2176,6946.1798,9976.3181,385180.3593,398701.1766,396628.0585,402821.8035,394562.2392,401042.9131,403446.1981,399027.8329,336186508.0017,336151636.9270,336187965.8737,336183771.2540,5994.6398,5836.5868,8775.1089,12363.6167,11050.1894,11580.7477,10569.7220,9120.8103,7578.4926,7167.0879,11487.8007,13266.4918,6922.9687,6349.9353,12499.2068,5389.0310,4396.7177,9632.9442,9678.8123,12749.2900,0.0000,12067.3214,8792.1655,12888.1960,4760.5589,8127.1448,5734.1854,12045.8103,9636.0063,1284.7338,10743.1114,12256.1197,11555.2340,13087.5544,8059.5438,6450.7338,12449.4420,10499.1524,10595.8934,10563.3355,10300.3609,4294.5960,4552.8502,1066.9762,6759.8460,12380.3375,1789.9438,383192.0813,397012.2575,394801.2172,401072.9216,393020.7068,399293.3755,401645.3489,397312.7772,336188105.8403,336153235.5776,336189563.4839,336185369.2776,10791.5613,8923.7437,11575.6091,13365.1907,10261.4127,8829.9435,3735.6532,11510.2327,3910.7598,8395.4485,11679.7958,4551.9790,2333.8837,8963.7994,870.7169,4965.6301,4715.0485,12809.7718,12061.6146,0.0000,8243.0216,4168.0034,9788.1303,8517.0622,11200.8896,1924.0434,9332.7043,4416.1783,6414.3620,13435.0881,13548.7918,8514.1245,10377.0966,2601.1938,9789.8081,9589.5438,6912.6748,11007.2703,5719.7707,9524.9506,1954.4618,9074.0694,6208.8860,10698.1055,11215.0755,4459.2776,386868.6687,400534.9666,398401.5549,404625.1260,396496.2747,402858.0422,405194.3331,400851.9469,336184473.0417,336149602.3195,336185930.6903,336181736.3250,9069.0319,11280.0852,6914.8095,12101.1402,11352.0400,12783.8071,3187.0090,10824.5381,12813.2485,12531.2263,10312.1882,10674.1535,13797.8603,10384.8340,8807.6447,13000.0738,5073.9691,11364.5577,0.0000,13846.4114,12144.8078,13686.8591,4941.0301,5087.7340,10590.6988,12826.1810,13076.2953,5695.7826,6456.9192,8888.8520,13254.7451,13526.6057,12148.3422,6089.9457,13490.3688,12944.4717,10141.1559,13467.1406,10412.6758,9554.8154,4632.8525,5881.3637,3493.8025,11642.5065,7520.3427,378307.0477,392204.1189,389941.5130,396254.1115,388174.9278,394443.2037,396889.4357,392490.6015,336193229.6791,336158359.7356,336194687.5684,336190493.3222,5921.4606,8587.3871,13547.0967,3397.5686,9085.7300,7085.5740,5756.5295,6223.2378,8828.4744,4995.7873,7045.2424,9857.5126,9279.2157,11423.3773,10523.4677,8015.4685,6948.0654,0.0000,10914.4041,7069.3458,9689.3416,5488.6491,5216.3669,10271.3879,6530.7187,9622.8882,8004.3478,10817.6636,8979.3181,12574.9816,10516.3651,9798.8251,12543.5207,12116.2121,12003.0759,13707.1045,9621.2196,2263.9098,8667.1149,11397.2827,8158.5262,6218.5921,6014.6955,8892.4766,378357.4913,391936.9061,389847.1961,396041.7763,387883.3139,394284.9327,396604.0912,392263.1642,336192958.2196,336158087.1492,336194415.7454,336190221.3361,6910.9789,11460.3197,4305.6462,10068.2650,9111.8596,9310.5214,4979.6031,3706.0005,9045.7158,10367.3705,7099.8144,12015.0839,13624.9159,10646.2203,7967.8550,1225.1590,0.0000,8774.1346,8771.3054,6260.5948,10027.1423,7735.9619,12531.7944,4018.1569,10061.0197,12071.3627,9266.5016,5631.4400,10745.4526,6765.4812,11128.0481,13470.0153,9391.0696,11010.6446,12164.6835,9258.0831,4036.0666,12040.5959,13308.6453,12176.0087,9210.8828,779.2183,12557.8128,377827.9206,391382.2605,389282.9319,395498.8001,387213.4633,393700.1266,396166.5659,391701.1163,336194005.1588,336159134.2223,336195463.1550,336191268.5073,11282.1067,9543.6240,13453.7513,4983.9980,12316.5307,10731.6291,8059.8097,11862.5360,12796.4768,11476.7918,13353.3017,12909.5905,13494.9230,2201.5971,6474.8170,0.0000,12288.8978,12612.9177,10784.4720,8763.8189,5274.3715,13573.4134,10069.2572,13456.5953,10880.0920,3314.5807,2402.9495,12474.0790,10418.5409,13608.2038,10009.2075,11631.2651,12926.9384,10092.3779,13099.1727,8494.1503,13023.7846,9960.3342,11046.6850,6155.5076,7525.6089,12154.3448,375472.5656,389258.1276,387034.5025,393334.5911,385114.2964,391499.4110,394049.1043,389548.7021,336196441.0161,336161570.8597,336197899.2212,336193704.7122,12459.7761,9287.3079,12929.1309,12109.7436,10836.6014,8869.4709,12506.5358,11499.7076,7465.6681,10198.9379,9063.6859,7464.1297,12095.0759,10858.7794,0.0000,6210.3613,10622.5112,7695.0020,13590.1589,13459.4953,9357.2302,10599.9877,8600.2513,12460.9794,9642.7425,10413.1522,3403.3132,6584.4754,8779.7966,8294.0357,3992.2613,4639.3710,3189.4581,8268.1446,12952.8508,11097.3970,9958.9804,12345.2868,13327.7673,11219.3737,11527.4760,386284.7873,400081.3231,397840.3769,404160.2547,395875.3632,402298.7458,404933.6533,400365.4140,336186024.0890,336151154.1983,336187482.6917,336183288.0330,7575.8988,9549.0495,5673.7783,3052.3602,6639.3825,5369.2570,7067.7175,7203.3708,9412.7291,12071.5390,8955.9794,9708.9220,5405.3408,0.0000,8592.2175,5614.2539,7001.3139,8394.2837,7868.5278,10271.0623,3375.9732,7926.7785,10107.5769,11653.3951,9053.4766,10909.7829,8100.1672,8809.1568,13599.0889,10145.9558,10474.4203,13372.7341,7512.0582,1633.2858,9312.5970,12930.5468,10184.4213,8980.0267,3972.7480,10309.5392,379896.9146,393405.9812,391345.3179,397525.8687,389301.3938,395762.5778,398116.0785,393736.8716,336191605.6955,336156734.4775,336193063.3560,336188868.8153,12874.0493,4545.1800,5953.7989,9506.9617,5406.9648,4037.4358,5872.9805,4484.6972,7765.0103,2212.6257,13478.4442,10484.5055,0.0000,5240.2651,2321.8197,6870.1203,10623.5578,12236.2775,4754.3539,6902.4454,962.5546,9458.8475,13798.0523,12977.6091,6607.3141,7695.1344,1843.4984,11675.9845,7264.3585,5142.0486,11004.1177,2181.1765,8773.4924,5580.0576,11487.3929,9309.5103,12261.2002,9512.1904,7882.3572,387159.0525,400739.2762,398641.8348,404847.7767,396640.5713,403073.6644,405449.4016,401062.1016,336184382.1826,336149511.2594,336185839.9756,336181645.4550,10469.0647,11470.2525,11069.7563,9812.3594,10801.7411,13141.0019,11329.3975,10797.5369,13377.3352,2892.4116,9300.1886,0.0000,13654.3818,11780.6427,12824.3920,4525.0548,2169.8892,11783.7834,11336.0374,13191.3280,7060.2337,6112.4164,7079.5062,13741.0973,12819.6901,12688.9045,8687.3890,13534.6527,13555.4413,11433.3409,13342.6473,8312.6435,10508.3947,7497.0750,7299.2027,1473.1901,9601.3919,8982.8133,376209.3058,390026.4869,387804.9827,394091.2744,385979.5049,392289.1264,394720.3492,390321.8672,336195292.5862,336160422.3612,336196750.4169,336192556.1105,6114.0757,10435.7181,943.6705,1635.7081,8605.6013,4536.7365,8167.8337,6488.4250,11772.1683,10115.1156,0.0000,8779.3976,2730.0206,9158.9221,7238.7707,9455.3352,5739.4221,7192.5855,5421.0592,6886.9037,13350.3111,12451.4158,10221.9900,10136.1205,5040.6598,11808.0514,10564.7953,8948.2375,12910.9735,6139.4055,6376.1799,4314.1872,10779.5977,6830.2720,9466.9949,8961.8426,6099.6916,384024.3889,397600.9731,395517.4360,401705.3728,393565.2978,399957.0392,402246.3404,397929.6891,336187228.6919,336152357.6110,336188686.1736,336184491.7874,5414.8873,6284.4299,7150.7242,4462.0487,9082.5823,11856.2110,6998.9532,11287.4446,5651.1872,0.0000,5975.5482,4611.2132,4429.1637,10446.7935,10134.5753,9683.2327,1269.5940,6010.9788,11340.3616,12297.9619,9721.7889,8751.3740,5778.7062,7486.9799,13738.8945,7861.8653,8409.9940,12411.1990,5181.6606,4542.0047,9463.0034,13499.1807,11345.8658,11068.1606,4283.4457,10955.7995,382211.9906,395703.7126,393645.0877,399829.1148,391559.9202,398053.6373,400451.2852,396033.4232,336189474.1351,336154602.9456,336190931.9632,336186737.3311,10480.4381,11102.3342,4756.7819,12108.3985,13347.2397,9353.2977,9566.9620,2919.2694,0.0000,6359.3401,9030.4319,3633.1734,12148.2840,10254.1838,12266.6668,4260.8770,9146.0989,13328.3685,9299.3670,6112.6596,8165.1549,3557.6005,10501.7765,13049.3168,6425.4657,8904.8968,10190.2733,8042.2526,7034.8119,12540.2551,13498.1651,13365.2897,11376.1328,3375.3776,13310.1815,380204.5754,393780.7893,391658.8450,397896.8899,389560.5207,396073.0718,398620.7607,394092.0696,336191926.4615,336157055.7277,336193384.7416,336189189.9914,2288.5152,9071.7905,5071.3093,8436.3376,7279.9994,11217.9863,9899.5019,0.0000,9368.9714,3511.9757,9524.4412,6484.4823,8717.7194,6298.5243,7296.8580,6249.6476,6490.5786,13037.1720,12119.5146,10798.6119,10484.8385,5859.1872,11774.1905,11060.2941,9600.0432,13130.5199,6890.7570,5864.8449,4606.1524,10619.8150,6470.7789,8752.5493,8761.8899,6026.9777,383161.1145,396743.0173,394657.8189,400845.9402,392714.8081,399099.4412,401381.7404,397071.6303,336188062.6870,336153191.6061,336189520.1374,336185325.7700,8872.7057,2945.1908,6778.8316,5770.0956,12191.6288,11049.4901,0.0000,8671.2182,3069.6254,9555.4922,7495.9215,10091.8513,4192.1264,8193.1268,4930.3104,6307.8433,13436.1085,13000.8710,9660.3485,10387.5124,3959.9660,10948.3073,10314.4564,8225.3960,12244.4945,5957.2963,7742.7996,2848.1463,9964.7243,6185.9537,9834.9021,10018.8542,5021.0453,385220.1729,398834.6864,396731.3506,402932.6196,394804.1675,401178.9616,403479.2586,399159.0256,336186041.0255,336151170.0828,336187498.5486,336183304.1842,9519.2439,11387.7437,5366.7947,12456.1257,6972.1735,0.0000,2022.7389,6278.5496,1199.2118,12783.8330,12427.3377,9506.9090,4242.0197,5235.0148,12801.6089,12002.1176,10023.2704,5047.7673,2190.3395,7023.4397,12862.2820,3772.6119,5326.0404,9833.5440,3876.8200,8373.8233,10409.0540,13365.5773,12738.7926,13079.0919,6444.1331,11942.8132,384754.2243,398304.8605,396202.2476,402424.3611,394104.3288,400614.3275,403118.5358,398621.7811,336187269.2609,336152398.4219,336188727.4536,336184532.7204,4167.8133,5192.8769,12711.9566,12463.4333,0.0000,8718.6776,4985.9616,10321.5133,8343.9259,11172.3760,1343.8449,9969.5318,5083.2750,5925.0235,13260.0994,13650.0119,8692.4281,10814.7047,3140.3875,9176.4271,9869.8617,7105.3394,10734.9561,6378.4813,10003.3464,1474.6756,8417.8922,5696.5233,10531.6666,11693.6676,3815.4784,386935.4865,400630.5401,398482.4479,404715.4500,396598.6858,402945.3673,405286.6748,400944.3600,336184403.6081,336149532.9810,336185861.2697,336181666.9289,7398.9915,12122.9128,13787.9749,0.0000,10284.2594,8602.1539,12043.1411,8792.7932,11442.6009,3366.0046,12432.3264,7980.3664,5606.5812,11853.6933,13534.7275,8925.6282,12026.0975,6116.0292,5750.8956,10399.9049,7707.6806,8541.2707,9039.2430,12307.2842,4297.6509,5281.6907,5344.7249,10333.6621,13458.8857,3779.1778,386956.7312,400792.0925,398565.0713,404853.5495,396758.6833,403054.5581,405469.1197,401087.1914,336184545.1172,336149675.0247,336186002.9994,336181808.7069,13702.8630,10817.3135,0.0000,4038.2489,4368.9374,6453.0231,11654.8855,13020.3971,4867.3796,7667.0596,1441.6654,10214.5986,13376.3044,12873.1897,4630.1517,6903.5784,2176.3591,10930.0473,5657.9572,3034.2981,9471.2492,2106.8056,10083.8048,6508.3507,11171.2164,10043.4419,12966.8847,10099.8728,8526.5131,388055.9317,401677.6959,399551.8533,405781.2607,397551.9634,403987.9976,406421.2862,401992.6818,336183649.4442,336148778.7377,336185107.4291,336180912.8663,7822.4739,0.0000,13134.7110,12522.1875,11918.2206,7084.2754,3657.2361,13018.0910,10841.4276,13615.4990,9383.0874,3976.3274,4521.2898,13223.2541,11693.5389,13468.0326,9277.4207,12667.0500,13413.8886,10634.3582,13479.8806,8507.7290,12164.2922,8782.1034,9581.6892,4204.1037,8559.9443,10960.5808,375402.7076,389214.9627,386985.1421,393284.2086,385113.7666,391460.9874,393965.1144,389505.9668,336196335.1750,336161465.0312,336197793.2306,336193598.8161,0.0000,8606.5424,9414.3418,6015.6456,10630.4338,8149.7857,12863.6083,4568.8896,10377.6629,12550.4730,8652.1303,4854.7520,10385.8223,6266.2111,11469.3200,13252.2713,8910.3912,10842.4237,11542.3699,9503.9939,5182.4079,12560.8534,13286.8176,12648.2520,9575.5709,1570.4278,13009.6385,377821.6959,391396.8172,389281.9978,395511.0831,387209.2358,393700.5862,396203.5889,391711.1777,336194122.8659,336159252.0437,336195580.9764,336191386.2985,0.0000,0.0000,0.0000,0.0000,0.0000,0.0000,0.0000,0.0000,0.0000,0.0000,0.0000,0.0000,0.0000,0.0000,0.0000,0.0000,0.0000,0.0000,0.0000,0.0000,0.0000,0.0000,0.0000,0.0000,0.0000,0.0000,0.0000,0.0000,0.0000,0.0000,0.0000,0.0000,0.0000,0.0000,0.0000,0.0000,0.0000,0.0000,6370.2883,3036.6168,13106.1457,13193.6318,8456.3358,6003.3391,4397.7489,12554.0738,12319.1425,11007.7105,3277.3772,3186.9909,6013.1470,12059.8948,2606.5463,3453.9813,8850.4252,3213.1339,9736.0669,9801.3662,12733.9753,12449.2370,13582.7079,8173.0374,11398.8611,386400.5627,399990.9469,397867.7252,404103.7712,395795.7816,402288.2164,404803.6416,400303.3388,336185630.7192,336150760.0282,336187088.9607,336182894.2483,7013.8504,9305.4707,10826.1849,5761.6520,5744.8168,3066.9386,8814.3562,13473.1214,12251.5891,8221.8022,8077.7647,3654.2607,12191.4059,8462.9886,6991.8624,12039.4596,3539.8327,6817.3706,5538.1555,11665.5921,8723.1724,11034.4262,8245.8388,7682.1930,385271.6377,398820.6936,396743.4545,402932.9846,394738.4260,401171.4875,403510.3240,399148.9072,336186168.1347,336151297.0509,336187625.7932,336183431.2993,12820.4310,12071.7019,10349.5129,3873.0749,6298.9797,13135.0285,11457.5969,9175.8578,5711.7990,1515.1476,8010.9362,13056.7138,4126.2053,6219.2614,9906.4855,4979.2245,8052.6165,11108.8639,13581.2135,13096.3481,12854.7077,5623.9908,12474.5748,383710.8642,397260.1836,395155.7502,401380.4430,393048.6785,399566.0368,402085.6568,397576.1283,336188367.0424,336153496.2147,336189825.2741,336185630.5212,4182.3041,9147.6483,10821.0167,11215.9211,3694.4903,9797.4129,10266.8822,13497.8708,13216.1028,10348.5237,9248.4219,13697.7243,12738.9630,12666.7368,11748.3495,7488.2430,7178.5840,7400.8574,3968.0297,3131.1891,10250.6625,5744.8290,378904.6927,392656.1026,390482.6605,396728.1100,388663.8087,394961.5863,397282.6047,392965.3052,336192307.8827,336157437.3311,336193765.3957,336189571.1702,11818.7082,10022.8798,12615.7170,7411.4679,7309.3383,6971.1835,13796.4387,12287.7543,12333.2574,10224.5571,13420.6421,13548.3328,12434.6925,12684.7984,6485.5261,10349.5967,9005.2509,7657.9056,1876.5409,8232.4886,9235.9545,375891.7255,389634.2534,387454.2510,393711.7162,385585.7279,391923.9666,394319.6214,389939.3709,336195532.5697,336160662.0697,336196990.2939,336192795.9585,10487.2726,5133.0748,6505.9798,13168.1311,13811.7486,7974.4089,10685.6540,3064.0067,8575.2386,9361.7735,6366.8259,9903.3820,6418.2887,10880.9825,2551.4429,8093.2765,6257.0762,11114.7529,12204.8185,4295.7862,387694.8416,401417.7018,399251.8936,405498.9097,397373.9681,403718.5514,406089.6744,401726.8616,336183724.4500,336148853.9568,336185182.2128,336180987.8564,6843.8741,11913.8339,11708.8671,8851.1806,8747.2345,5133.0093,8351.5620,13811.4552,7597.0958,8663.4256,12150.5076,5877.2646,4608.5382,10345.8096,13698.5530,11934.5231,11084.1578,3268.8700,11663.7204,381486.3207,394983.7452,392917.8911,399109.3715,390820.9474,397324.9263,399752.2977,395310.8742,336190294.6904,336155423.5563,336191752.6066,336187557.9401,10049.6633,13681.9817,12847.6755,5765.8036,7042.8694,2116.7909,11656.6689,6433.9278,4335.0219,10519.4616,1441.8757,9151.2054,6265.7160,11659.9126,9898.0898,12673.5168,9483.4391,8467.3112,387445.7622,401029.8985,398926.9086,405138.9148,396914.2537,403357.1861,405758.1119,401350.6809,336184179.1917,336149308.3193,336185637.0695,336181442.5150,10921.7754,12182.2198,12328.4670,13432.0159,8592.8019,7435.3142,13077.9835,11281.8600,11520.8142,10936.2670,9717.5877,4660.8139,5428.8054,295.6105,6054.2028,12122.6241,2392.4887,382276.0344,396075.5626,393878.0722,400138.7934,392095.1430,398367.7658,400694.6603,396379.7221,336188951.6247,336154081.2559,336190409.1812,336186214.9915,4322.0462,11626.1304,10746.6990,13577.7701,7813.5009,11093.1090,12217.2475,7737.2015,13435.4212,10863.1653,13060.9394,8355.9116,11036.3327,7397.4237,9722.9460,11953.6890,377171.4047,391049.9472,388772.2948,395111.1420,386896.9588,393253.5536,395862.5180,391327.3575,336194919.0279,336160049.2514,336196377.4290,336192182.9307,11434.8558,8709.9677,13346.0192,11004.1112,10266.3687,12119.9485,9777.0549,12251.8118,8272.4308,13553.3108,11282.8681,12314.0980,8054.3690,6197.4167,13109.2070,376139.6438,389875.2971,387671.2807,393962.6188,385691.0675,392121.0751,394701.3227,390168.7112,336195928.1610,336161057.9086,336197386.4779,336193191.8689,5062.9747,6435.4300,10128.2363,2071.6894,1797.8634,6295.2914,5277.7361,11783.3848,9846.4568,11264.0666,12188.1781,13828.3408,10299.4870,11030.2309,387528.9538,401223.2278,399042.1803,405318.9611,397027.6384,403482.5389,406050.0433,401522.0201,336184606.2947,336149736.0040,336186064.7049,336181870.0266,8572.7065,12503.7812,3181.7006,5972.2645,8832.0087,5804.9207,8970.8566,11627.0045,13264.1670,13390.4450,13003.9989,6243.2740,12797.9744,383718.3957,397306.9336,395177.3743,401421.6360,393079.9214,399593.0309,402153.9744,397616.2555,336188475.5268,336153604.8776,336189933.8875,336185739.1174,10451.5218,7544.3251,4752.7777,10220.0474,3496.9917,9805.4301,4484.5206,10282.7770,8401.8554,12084.2638,10647.7303,6737.1303,387831.3400,401467.8038,399342.1340,405566.1812,397383.4479,403786.7435,406170.2891,401784.6550,336183689.2893,336148818.5524,336185147.1065,336180952.6345,11055.2829,9889.3487,5864.4397,12167.4852,13323.1863,9040.6884,2333.6636,7361.6123,9000.6886,13571.4826,7460.3448,383481.8188,397444.0815,395136.8151,401486.1201,393371.3981,399644.9556,402181.3418,397718.2636,336188368.0273,336153498.4657,336189826.2536,336185631.9337,3518.7255,6848.6969,5535.3288,11011.0006,10906.5082,12156.8156,12977.5914,13720.3196,8932.9360,12057.1535,386119.4173,399779.0033,397611.9349,403881.7364,395559.5147,402042.2918,404626.7445,400079.9368,336186107.1508,336151236.7692,336187565.6055,336183370.8695,7070.2779,4206.7666,11416.1274,8352.7301,10752.1687,11116.8800,13460.7680,10536.4485,9761.3261,388111.7602,401796.7990,399627.4869,405892.3531,397631.6319,404070.3276,406590.2409,402099.7717,336183852.6598,336148982.2743,336185310.9212,336181116.3005,10430.9132,13502.5162,11303.9406,7868.9357,11432.3115,12022.2993,12114.6030,10989.2786,384763.5355,398652.5380,396364.4601,402714.0619,394471.6178,400843.8378,403492.1685,398926.5157,336187529.3539,336152659.7484,336188987.9697,336184793.3998,8820.2990,7482.5151,12316.0060,10809.4417,12927.8622,8631.0913,9543.6486,386940.1804,400503.2047,398406.8311,404617.1980,396363.1727,402829.6941,405254.2660,400824.4293,336184786.8295,336149915.9249,336186244.7828,336182050.1718,9702.0329,12526.3546,9838.3277,7757.9826,4005.3935,10296.7606,378502.3774,392039.0884,389964.9456,396153.7353,387944.7840,394388.9466,396742.8764,392367.2186,336192964.9790,336158093.8332,336194422.6236,336190228.1170,7926.8701,4437.3135,9593.3039,11792.3868,2630.7341,385955.9332,399662.4408,397511.9123,403743.7910,395651.9084,401979.8635,404298.3809,399976.5612,336185303.2265,336150432.5940,336186760.8028,336182566.5116,5382.2389,7530.1172,13441.3329,5877.7675,382704.5550,396647.0934,394358.6507,400689.8494,392613.1857,398868.3224,401341.5098,396927.4085,336188935.3830,336154065.6614,336190393.3983,336186199.1514,6314.1114,12211.2556,2111.0990,382569.5434,396369.5472,394171.7299,400432.7644,392388.5238,398661.4361,400989.1970,396673.6158,336188661.7885,336153791.4249,336190119.3504,336185925.1592,9637.1935,8084.1331,376734.0478,390525.4986,388322.5619,394593.2137,386498.8823,392804.5478,395194.3277,390826.1749,336194653.2886,336159782.9335,336196110.9957,336191916.7198,12466.4747,378503.3497,392043.5572,389951.6935,396162.5815,387872.3734,394365.8326,396828.1112,392364.0846,336193335.0151,336158464.0362,336194793.0070,336190598.3475,384571.0148,398351.8199,396163.1912,402419.1949,394360.5903,400647.8999,402978.4971,398657.7113,336186683.9429,336151813.5423,336188141.5353,336183947.3131,19257.3358,13183.6540,21056.7495,19041.2004,18524.0930,24537.6871,18370.5936,336570018.0400,336535145.2914,336571472.7438,336567279.4683,7882.5165,4762.0535,8664.4655,5788.5954,9270.7177,1864.5799,336583155.2209,336548280.6971,336584609.2901,336580415.7951,8311.8323,10674.6205,5365.2548,14217.1388,6295.0445,336581466.2793,336546592.7464,336582920.7788,336578727.3604,12056.9120,4245.1875,8086.6590,4027.4493,336587297.8218,336552423.5323,336588751.8977,336584558.4782,10010.8483,17838.2192,8650.5461,336579609.8556,336544735.5088,336581064.5606,336576870.7421,12056.9120,4016.9169,336585879.9834,336551006.1089,336587334.4268,336583140.9264,9989.7058,336587030.1967,336552155.2467,336588483.5134,336584290.3278,336583610.3487,336548736.0577,336585064.5385,336580871.0497,55722.3879,31668.4371,25022.8322,48986.9650,39245.7746,15129.6355,
57600.000,12981.1124,12971.7428,12815.1616,7938.2708,6456.2658,13710.9976,4186.6637,7048.0961,7135.2649,12155.2835,4521.9557,11977.8751,9653.4571,13375.8229,9416.5708,5902.7305,2019.6181,11733.2343,11212.6044,12299.9536,7791.9322,8969.7816,13525.9156,11801.3808,11873.9738,7267.8101,5786.3782,3865.8793,8995.8270,12755.3441,13455.9452,5513.2333,13076.0865,5012.3646,10332.3623,7408.5281,13098.2650,7205.9479,5043.2675,5753.0580,8647.6948,6089.9193,13507.1732,7077.7523,7510.4805,12289.9350,11810.1507,5591.7308,9217.3766,10280.0469,7064.5683,10703.6224,11481.4686,9444.0791,13374.5782,13327.8459,12381.4939,2124.7986,10759.4474,12071.3747,13406.6445,11009.7262,8426.1942,11113.4157,11718.9927,9930.1889,5268.3480,8046.6668,7134.2003,11772.5783,7986.1241,5538.8959,0.0000,9722.2668,8133.6120,10519.7094,13243.6935,11755.6251,7263.2713,13005.5718,11825.5601,13021.7586,11028.5155,11571.2726,3351.6885,9950.6474,6401.7620,10626.8963,6457.1272,2495.5060,4651.9927,11670.8833,13603.5921,11968.7794,6131.9529,13029.7983,13447.6151,7901.8150,10170.4957,380285.8625,395807.6308,395089.4750,398322.0409,389544.9403,399891.1887,397752.3089,397525.9515,336175338.9909,336145071.4101,336184551.8468,336181508.9577,8794.9734,3952.9719,13225.1239,13558.9474,2376.9901,12998.1264,10611.7057,10554.6674,4854.6739,12140.0325,10405.7625,6150.5580,7151.2953,12422.0401,12279.9198,13135.4855,5076.5985,8836.1691,3408.4389,10895.5133,9061.7370,4574.6584,10665.5332,9453.5472,9193.8056,12860.6072,11690.8285,10107.2093,1897.5197,5329.9919,9898.7890,2154.0406,10458.5455,6200.5453,10919.1329,2124.4645,13027.1402,10421.1895,10883.1028,10171.4940,11216.9880,1591.1615,10156.4813,8383.4323,2121.0485,8620.7438,10172.9544,12566.3205,5358.2731,8913.5384,10956.0819,7330.8591,12610.6024,1362.9936,6148.1926,9614.2485,13536.8593,6550.9190,3989.6126,7537.5929,4431.9089,8485.9713,6256.6964,4155.0854,6276.5538,10342.1796,8797.2546,11117.4066,4281.7642,12767.7498,12583.1366,0.0000,6093.7740,7581.0273,5436.3562,7790.1304,9825.6293,9492.5587,2586.9783,4010.2296,8608.8393,11444.2709,9899.0039,12415.8116,6061.0176,9395.2794,10908.9313,9511.2849,12069.2495,13668.0461,3585.1501,2362.7144,7868.6265,13084.8070,8525.7935,7097.6237,9995.5017,10084.8233,378837.9961,394457.4469,393656.1368,397062.7264,388133.7798,398589.5074,396764.7729,396220.7329,336178022.1372,336147755.8787,336187235.9748,336184192.9095,8462.3938,7875.1137,9376.1204,6939.7201,11548.2775,12455.5189,12306.5905,9285.6266,12191.0228,2788.8414,12676.5022,3834.4087,6810.2980,11082.4850,12405.3133,10410.4034,7758.1284,9715.8031,11512.2587,11889.3321,5539.0215,2730.6520,4962.1151,13143.0288,11092.2826,13226.8315,10861.9730,9449.9712,5170.2513,13609.2803,8359.1268,13826.6937,11598.5185,11446.4528,8710.0908,8824.3242,13783.6419,12976.9121,11230.7206,12043.2521,7736.3610,12324.6576,13463.1185,10017.0281,6284.8144,13747.2098,6635.9751,12183.2618,13487.3388,4697.9139,8364.7389,6210.7861,7986.4254,5746.1853,3263.5486,12089.4041,11208.7534,9901.3264,2342.3192,11540.7899,12777.9339,10619.0546,10324.3157,11896.7417,13790.7983,12345.7397,11468.5707,10054.0413,8842.7589,11648.5691,0.0000,12605.6305,13084.0550,12043.0116,3375.4673,5762.7146,12697.1780,8742.4005,10357.8572,1265.6564,4198.7543,6243.3601,12988.9343,12329.9821,13384.7505,6177.6850,13484.4085,12978.3212,10507.9221,10844.0695,7166.4633,7021.8428,10051.0952,1541.9420,3388.7801,12135.3911,8275.3455,386931.8059,402491.2017,401716.3685,405032.9828,396119.3235,406620.1235,404722.9826,404237.0270,336169811.7786,336139545.1852,336179025.6042,336175982.4804,12370.6519,12492.8975,3908.8468,13645.5345,8634.4570,8518.5298,8365.5960,13266.7704,9246.5511,7626.2564,5412.2648,10790.0339,13495.3214,13364.8119,2644.1641,11203.6593,7107.4311,8424.9471,6664.3229,3390.6483,9882.9719,10860.7482,8253.1231,11037.9985,12683.6249,7262.9491,2618.2053,3696.4636,10534.2311,5826.1323,10676.2050,9181.3548,8563.1743,1915.4568,13355.9953,11077.9024,9486.0357,7471.8542,12874.0893,3310.3447,12181.6784,9105.2296,5624.7251,10674.9950,10014.3629,11283.3273,7489.4670,8894.0819,11416.4673,10187.9284,11860.4316,3136.7061,3574.2679,7899.9969,13165.2995,4200.5404,7611.5124,6554.7728,7152.9317,7167.4090,3505.4964,7655.8491,9012.0229,10325.4015,11094.0400,12982.4122,7811.9614,10827.9413,10747.5296,0.0000,7869.1041,8471.2621,5394.2810,6087.1759,7205.6363,11530.9671,1455.2856,7538.6506,8850.4970,10337.2044,7151.2895,11350.6446,5980.2991,10720.2960,12069.7028,10888.8598,12652.1552,13148.3646,6820.6905,3103.0625,10328.9788,13675.1483,8894.9918,5675.7054,7789.9990,12115.8884,381081.0290,396748.5007,395936.6428,399403.0604,390492.6427,400872.4034,399049.8170,398520.8705,336175664.8132,336145398.7430,336184878.5295,336181835.5529,2082.6252,12518.4914,6825.6951,10177.6870,10075.0835,12812.4655,8674.4248,5885.9059,13595.4756,9584.7788,3017.1992,7733.8252,7256.5483,12798.7622,9990.6242,13350.7138,9227.0047,11214.0566,11245.2584,5505.7689,8241.8273,11824.0491,6081.7604,9999.1395,9624.8614,13332.3381,10812.5308,11667.4021,13041.2024,11435.6500,13209.3443,8961.2814,13034.9859,4003.0607,11496.7132,10206.8992,9789.5731,9770.4074,12849.4733,11052.8351,12751.3034,13590.8164,9494.1150,11577.9703,2080.2683,13695.7681,12327.4329,5495.8771,11189.4213,1971.5656,12910.8505,10659.3488,7063.2173,6116.0719,12481.3873,13285.3567,9100.6834,13744.7667,12167.5384,12273.3604,13348.5056,13208.6837,11478.7298,12034.5009,9694.5557,13181.5032,4034.0957,7093.2850,0.0000,13611.9800,12900.8450,13479.0420,9029.9572,7470.8258,11760.2160,12926.1262,13447.2527,8237.6677,4269.3312,7560.1781,8571.8843,13305.1241,12035.3207,6880.5488,12118.2021,9071.8998,3655.5923,13713.5594,12518.1783,10418.6238,5344.8822,8357.1204,9554.4745,10517.4543,9002.9671,387390.4671,402907.2958,402177.7533,405410.6526,396590.2653,407005.8466,404927.1333,404629.6696,336168566.4747,336138299.1414,336177779.6744,336174736.6826,13153.0828,6327.1490,8824.6386,8741.2153,13358.3505,8183.5859,7361.8265,13105.6974,10478.7334,3748.4950,7718.0744,6141.7943,12493.5773,11025.4780,13725.6130,7968.7648,10207.4182,11924.9458,7180.5620,9749.7190,10675.4467,4349.0229,9144.0629,8640.9267,13442.9131,11512.0627,10653.2928,13589.7693,10252.2043,13225.7993,7666.1594,13257.6275,4795.3459,10446.0399,8752.9865,8717.3090,9539.5061,13332.4500,10832.1530,11897.7282,13786.1245,10749.3349,10350.4484,3381.6892,13399.9895,11291.5214,7251.4161,12013.0813,3975.9848,13338.7561,11212.6132,8179.9032,4580.7723,11900.9837,13651.5478,10258.6375,13646.4405,11147.6345,11805.2883,13609.0092,13097.0192,10255.4658,11817.3712,9750.5213,13508.8492,3220.9536,5375.1038,0.0000,13183.4529,12165.7639,12963.3023,10003.6585,7938.3856,11410.2657,13106.1036,13702.7873,9788.6606,5885.4010,7887.2303,6851.2241,12688.3484,11286.4333,8381.0795,11378.4509,8030.6151,2381.9211,13797.9877,13060.2145,11517.7976,5562.4113,9904.7549,10534.9335,9313.0593,9987.3872,386471.3243,402000.2748,401272.8470,404517.7476,395717.4219,406091.4890,403989.8238,403722.9747,336169334.0036,336139066.6247,336178547.0551,336175504.1192,13370.1666,11386.1630,11289.3342,5691.7008,12857.7440,8806.1860,8259.0037,5266.8031,11456.5005,12646.0287,13706.6177,6022.5672,8577.8327,4858.7915,11259.0982,9853.1427,2683.6695,9111.5093,8391.4238,10589.3641,12908.3742,12793.0021,10328.2488,3399.0593,3494.6839,11464.7096,2884.3020,11938.3101,7887.0089,11294.2666,2728.5976,12654.7878,11926.7322,11858.1477,10523.7533,12056.2670,1013.1736,11277.8809,10213.4671,4284.3664,7924.2074,11650.4626,11601.9060,7514.6159,10577.5633,9843.3276,7438.6816,11599.9208,1365.7432,4621.5649,7963.3618,13910.4322,7559.1330,5387.9140,5527.2252,6589.2725,9839.6442,7040.6012,5771.1329,8089.9706,11813.7303,10206.7862,11779.7581,5717.6878,12213.3688,12824.0834,0.0000,8206.4482,9484.0828,7320.6926,5924.4490,8568.5939,10875.6839,3065.6593,5673.1492,6818.8632,10073.3968,8745.0058,13162.3092,7918.7609,11026.0920,10088.5773,11143.0854,13024.6026,13592.3494,5664.8597,829.8112,7416.9435,13027.2302,6757.1252,5129.2804,10743.2742,9891.3095,381047.0417,396663.5243,395859.7434,399264.9083,390325.6886,400799.1121,398988.5496,398427.4884,336175925.0432,336145658.8513,336185138.9738,336182095.8806,10265.6541,10301.5579,10883.0348,2260.5011,10941.6235,10841.9921,13098.9571,9197.1424,2111.6529,2215.9486,13279.6889,8380.4969,11636.5117,10644.7026,11706.7592,13406.2678,10393.0737,9140.8174,10215.6606,8155.8341,4229.2459,11513.6016,13359.9695,13376.4667,7625.4552,12426.8605,7731.6496,9809.5292,10275.2982,13588.3723,4095.6843,7156.9084,9223.5694,11322.5945,3910.6567,13431.7089,5662.9736,9442.4686,12263.1266,9096.9552,8566.2256,8518.9107,10976.8166,9612.1855,8094.7007,9211.2198,7926.9950,13391.7557,13590.4456,11885.6050,3658.9655,12799.7688,11297.3831,12636.4615,11297.5992,11173.5483,12975.5941,11117.0004,9743.7882,8185.5663,7292.8459,4317.5205,10999.7810,8888.8063,8397.5260,0.0000,10688.0031,9822.8577,12189.9135,12873.4121,12182.4937,6662.6641,13614.8352,11271.9173,11277.3972,9896.0742,12180.2637,7169.4171,11790.3127,7484.7444,7479.9219,7466.4035,3664.1594,4158.9853,11629.6498,13506.6930,9449.0185,2456.2029,11230.2295,12998.4337,10902.4341,6932.3034,381370.5028,396832.7269,396127.2434,399285.0921,390484.0168,400926.6147,398785.3186,398539.8002,336174442.0122,336144174.2454,336183655.0603,336180612.0521,219.4103,12553.0735,10277.8632,11417.3511,8186.3281,10782.9914,9396.3566,11394.8936,8675.1217,6839.7774,13712.6607,11757.7316,2000.4322,2413.3941,10630.4397,11887.0748,13730.9756,3304.1199,5034.0873,8938.1093,2993.3927,9410.2439,10480.3628,6705.0316,11845.2467,5852.5240,11108.7527,1916.4802,9654.6104,11566.6298,6978.3231,1700.9940,2398.6310,11000.2555,10878.5168,10993.7481,6720.7547,10668.4453,13772.2735,4845.9941,9993.9041,9167.7318,5193.8246,12803.1657,13309.8225,11120.2374,10657.4821,9803.2946,10715.8260,7799.4901,5280.6166,11867.4677,11641.5281,9985.9228,3413.4793,5688.6762,11503.6353,10498.9430,5225.0873,10700.2350,11863.3355,11733.0851,7426.0570,3992.0911,0.0000,8646.3945,7009.8462,6857.5911,10884.4375,8837.9339,10373.2761,9337.6705,11494.6247,12977.8492,11191.5796,8423.3926,4002.8718,6391.2990,8265.9953,13479.9049,8459.1496,8196.6555,8945.5365,10658.7833,10871.2895,13739.3822,11335.0173,13066.4537,11120.2874,1039.9992,13498.1786,380585.3216,396232.0780,395461.9544,398871.6379,390067.1143,400320.4920,398311.8436,397984.6909,336175291.4687,336145024.7138,336184504.4680,336181461.6736,12540.4676,10344.5318,11251.5128,8262.6915,10611.3214,9240.9889,11425.8538,8736.8667,6762.8305,13679.8360,11746.3867,1796.0895,2327.1215,10490.4388,11733.9647,13648.7509,3448.5009,4949.1807,9046.7615,2777.4481,9348.2168,10328.1819,6852.5971,11796.6163,6016.3184,11156.3691,1724.9368,9569.7196,11524.0966,7127.8629,1889.1267,2185.0642,11066.3329,10791.1009,11070.1230,6850.9564,10653.0266,13713.4815,5019.0684,9854.0906,9224.9467,5340.5753,12704.0075,13288.5223,10997.9625,10573.9151,9635.3598,10533.9712,7833.2287,5217.2196,11863.6699,11479.4544,10020.5267,3493.6431,5597.7112,11510.8398,10556.8330,5395.4446,10778.9311,11910.6699,11735.6213,7279.3721,3929.2496,0.0000,8721.0130,7120.3605,6884.2079,10708.7723,8635.5079,10463.3867,9247.3919,11500.8563,12844.0706,11035.8194,8217.8370,4099.5058,6437.7769,8390.8119,13410.7659,8584.5009,8298.7246,8917.1665,10671.7835,10769.4559,13692.5596,11325.8762,12936.1433,10953.4072,933.7266,13473.9459,380770.9465,396418.7038,395647.8122,399059.1215,390253.2377,400507.5453,398501.6380,398171.7334,336175117.0824,336144850.3417,336184330.0918,336181287.2957,9680.6104,11163.0962,6760.1226,9638.8503,13089.3382,9504.0412,11657.4394,9102.7755,5128.2360,1819.7042,13076.6786,11814.2738,7845.4969,10924.9810,7251.5656,10797.8704,13802.3030,9794.6662,12757.9967,6493.0675,8478.6760,9405.1413,3013.5938,10312.0723,3551.6991,12957.7056,6835.1869,11171.6977,9701.7501,12227.5468,12726.3410,8239.5783,5747.1762,7063.4057,8611.9299,3731.5642,5634.9970,10607.3483,12800.3304,5563.3850,9745.8133,9496.1149,3146.8745,12224.3826,5767.6086,9544.9910,11184.2078,12688.1236,10079.2207,1455.0433,9241.3950,4439.7789,10710.2594,9997.5937,2003.9645,4251.8155,10535.1121,5905.7326,7753.3680,1513.4662,13724.8798,13668.2178,0.0000,6303.0717,7966.9824,8088.9818,10008.7377,12129.9804,6806.5544,7237.7454,2119.9051,8516.1168,11807.0468,12293.9326,12872.5706,8376.5844,8130.9668,8503.5645,8148.5137,10541.3675,12824.8869,3498.3603,6262.9156,4446.1326,10911.2848,8311.5569,9362.9139,12299.7921,6525.8927,377830.1633,393363.5773,392593.5923,395882.0198,386958.0542,397497.0784,395605.3354,395105.1856,336178956.5014,336148689.7406,336188170.3256,336185127.1705,12004.1649,9344.4733,13476.7476,10728.9867,2119.2870,3045.6544,12727.2374,7906.9455,10395.3072,11017.2680,11534.0649,13315.6457,11499.2562,9451.2317,9501.6824,9272.4006,2494.0022,11836.3410,12572.2137,13419.8527,6192.4003,11504.0181,6566.6412,8102.5347,10665.1739,12957.1948,5883.6659,5705.8733,9057.6580,11579.0237,1894.7456,12817.4049,3575.7700,7995.9552,11085.1226,8939.4080,7583.9313,10139.2329,9437.4725,8480.5784,9095.7836,8324.0942,9575.1373,12744.5459,13744.1012,12771.6221,5008.9344,12303.7872,9993.5357,13078.1776,9809.1391,10519.7178,12567.3316,9729.0605,8009.1906,7146.2070,5288.8844,2810.3422,9648.2904,10346.8445,9262.5831,0.0000,9122.8045,8369.2153,11137.0084,13375.9444,13037.9348,4573.3603,13031.0631,9890.7049,11799.6850,11215.4725,13024.0679,7455.2617,10717.0125,5677.3391,8133.4443,5618.2397,2692.7212,6131.8543,10239.3025,13022.6307,8979.8043,4263.9162,11714.2817,13366.1393,10865.3189,6675.3462,379222.5839,394687.5143,393978.2846,397142.5873,388332.6964,398784.3999,396659.9829,396396.5338,336176643.8720,336146376.1494,336185856.9622,336182813.9441,13396.7974,4593.4913,4264.3059,10971.3492,11547.0596,10792.7340,9332.2406,11486.3570,10173.5741,11193.8439,6940.3830,1116.2336,6533.1759,12756.9550,9207.5370,13035.4378,9653.1896,10659.6323,6352.6835,13545.2514,10312.8895,13540.7824,12878.6524,10095.2423,9956.6388,7984.5337,13658.0892,12043.1869,10063.0023,12290.3620,9417.3367,12871.7601,13677.0057,11568.6857,8057.4715,13393.1838,4240.2588,13160.1479,13403.4979,4860.8613,10140.4200,4272.4438,9598.2884,6346.4404,1865.9811,10803.0491,11207.6662,11645.9143,3806.2505,12765.8762,12473.0204,10648.4070,11946.8424,13037.4767,13448.6084,13129.0949,11903.7046,11734.9017,6515.5585,9936.6113,0.0000,13413.3699,13447.1414,12564.0756,3869.8506,4164.0113,13285.8523,9868.4085,11987.0303,3811.4234,1735.8656,4629.8294,11759.5102,12731.3966,13649.3621,6876.8744,13763.7128,12503.9722,8954.5066,12291.0206,8828.5352,8924.7200,9402.4655,4068.5803,4453.5199,11201.7826,9373.0172,388267.6713,403835.1990,403067.1000,406385.6578,397499.7903,407954.3649,406015.4647,405578.8897,336168230.5848,336137963.8909,336177444.2243,336174401.1625,11487.9597,13580.3566,10510.3828,10280.7083,6175.2876,10304.5406,5591.4361,9538.0601,7487.8814,9627.8215,13522.1598,12042.7792,5280.3689,11492.4898,7776.2631,9509.1668,5830.2347,10110.3010,4757.6608,6811.6769,5471.6648,4229.2017,9457.4742,6802.7427,12779.6712,5383.4739,7607.1423,9200.2217,8546.5787,7517.5583,7152.1850,2733.7720,4659.7972,10947.6726,5329.7008,13676.1601,1323.4324,3875.0440,12968.6725,8838.7326,13849.4106,7224.8407,10405.2839,12904.0249,11072.9629,6156.2169,5574.9389,11928.6940,2597.6307,5318.8864,6649.7563,4933.1938,3454.6850,5437.6113,5518.7697,9137.0545,5360.1515,12908.3568,10808.3481,0.0000,617.4831,1859.4967,3042.8900,11927.4577,12398.6040,5839.3633,6893.4318,4893.2658,12495.3314,13726.4869,12269.0797,9217.7348,2818.0627,4369.9428,12513.6559,4497.4228,8377.1150,12364.6262,3776.7705,8104.1550,10150.5662,12075.6091,12414.8589,11547.9589,7977.8062,10807.3570,375093.0228,390696.5530,389920.8418,393288.7554,384419.3007,394809.0890,392876.0147,392447.5300,336181210.2020,336150943.4903,336190423.6065,336187380.6437,7627.6952,12917.7742,13376.1208,7586.7892,10034.7514,9335.4104,9756.3109,9608.4443,2771.4773,5367.3273,8093.2690,11546.2426,10661.0379,13843.2290,8701.7249,7156.4572,2018.6702,13127.1730,7665.2915,13219.8163,11576.4477,9813.8595,6220.1097,11199.1042,13460.6268,11681.3016,9142.1369,13340.7134,5806.4772,13279.8672,12485.1027,8878.9877,8836.0895,12813.3002,8012.1721,11164.7455,12260.3199,8003.4281,9936.0867,8391.1961,5998.4892,2061.2511,3149.8930,12862.8320,8527.5703,9709.3733,1582.2091,10621.3782,10818.4260,7792.1564,10032.7165,11683.9535,12998.5689,12854.3942,13075.1326,9919.7497,8869.3205,10952.6457,0.0000,11572.8054,12017.9809,10011.2197,779.7992,4029.1952,13230.8623,6098.7271,9997.6817,4715.7852,6141.5532,4386.9134,12476.5857,10409.8344,13201.9550,9353.0392,13344.5259,13562.2206,11772.6471,10007.0390,5063.2897,9124.3367,12175.7667,4889.5470,563.2238,10190.0333,10765.1132,385890.2683,401515.0741,400716.6419,404123.8119,395207.6661,405642.4551,403795.6371,403277.3710,336170897.1920,336140630.9651,336180111.0031,336177067.9554,10033.9496,9255.5553,11414.4821,11109.3063,13313.0415,7991.3802,9992.5254,9660.7725,4471.9427,8970.8518,11469.0851,5729.0721,11607.9244,8005.1244,12265.4952,9074.8079,12361.6826,12613.4812,12043.1839,13760.6783,7832.1576,11797.1760,6708.0017,12345.1509,9926.0233,8331.1314,11643.0970,11778.1216,12595.2651,13007.8854,13209.7599,10316.4171,11880.4142,1164.9636,13719.3449,12375.4415,6460.1361,12005.7365,2920.2540,11846.0032,8642.6425,4876.9427,7906.4204,11162.0175,13385.6458,7460.0823,13724.5271,11481.6262,10809.2766,13482.4916,13712.5271,11914.0131,13186.0917,11622.0321,13357.7042,2612.5543,6721.1308,0.0000,13691.2208,13048.0756,12801.1841,7025.8694,4776.9344,13030.2660,11609.1174,13540.7869,7595.9384,2968.5213,4850.1212,8986.9995,12728.9091,12915.7134,8299.1762,13037.6274,10690.5301,5923.9978,13623.0182,11313.8662,11163.2510,7997.2319,7794.3109,7721.3366,9494.4358,10553.0744,388271.1213,403837.5294,403086.5393,406389.6559,397554.9046,407939.2357,405916.4095,405573.8293,336167802.5277,336137535.5485,336177015.8133,336173972.8515,4088.9838,13362.3319,6649.3637,10499.1292,11825.5330,12514.4806,13004.3911,10312.8456,7913.0405,10918.0521,9743.3626,4559.8500,12510.5496,12922.9867,13069.9274,7976.6213,11397.4621,8372.7815,8685.9349,11480.4715,13166.9201,4312.8812,7571.5169,10387.9910,12347.8398,2699.7643,12773.2302,4487.7127,9547.3542,11417.9099,7583.1539,9281.8483,9266.8206,10401.4969,10046.7103,7474.5472,7537.5980,8379.2153,12759.5220,13491.8448,11987.9647,5655.5549,13132.4647,10099.1011,12293.5443,10531.7851,11782.7059,13269.8919,9977.5065,8779.6502,8892.0196,6229.0456,2518.8224,9797.3514,10145.4836,9967.0920,0.0000,10246.1935,9788.9391,12150.7897,12738.2088,12647.8693,5770.4341,13267.5397,10150.8518,10592.8436,10127.4502,12714.2398,8730.6667,11833.0128,7344.5369,6346.6958,7294.5060,4615.9363,5842.0313,10727.7384,12901.3274,7847.5335,2738.0065,10496.1070,12738.5584,11905.2625,5142.4709,380736.1518,396182.8373,395475.8724,398618.4598,389796.5056,400284.4496,398166.7282,397889.0516,336175238.9656,336144971.2217,336184452.1565,336181409.0904,12616.0247,9971.7969,12098.3775,9225.9816,10392.0665,13621.4722,11188.7367,10687.9906,8763.0698,6827.8494,3564.5137,10287.3380,13192.7059,13566.1716,6446.9567,12907.1819,6270.7734,10122.4800,8842.5356,13486.9525,5648.9933,5937.3049,7493.6662,10015.7559,4856.3014,13627.8339,6259.8297,8445.0043,12400.7842,10639.2123,7033.7379,8813.1426,10678.9267,8325.3721,9524.7994,10503.0753,8665.3733,13538.0221,13596.6950,12228.5456,2077.2939,11869.2207,11808.4821,13168.2406,11230.0320,9845.0092,12141.2152,11528.0013,9870.9836,6660.7500,7611.1769,5719.4469,11502.0056,8323.9701,6866.9427,0.0000,10236.0105,8969.2925,11431.5582,13190.6070,12034.7811,6847.9182,13451.0361,11660.4292,12310.5236,10508.2900,11935.5845,5210.6566,10934.0392,6807.2942,9218.1671,6820.2799,2399.5904,3943.9209,11751.4061,13715.6943,10889.8959,4331.5694,12294.3680,13366.9269,9435.3089,8723.1940,380797.4253,396287.3828,395577.5700,398768.9431,389983.8648,400374.8072,398226.8292,397999.0286,336174888.2149,336144620.5086,336184101.1401,336181058.1970,12193.9691,7672.1382,7085.5445,4687.4300,5895.0326,11400.5984,12300.6598,6060.0433,10274.5313,11683.7188,6087.6268,3287.4833,6131.1698,8921.0978,7050.2138,8934.8101,8869.6951,7241.3370,3485.2225,13714.4244,9521.3771,7636.5240,6111.7202,12450.5920,5214.5562,11670.6827,7316.0664,5935.3603,11967.6032,8098.2533,11959.5049,6463.6020,6864.1622,12659.5101,11084.1255,12690.1174,4922.6597,5792.3922,9537.2617,12423.4019,1751.0656,8090.3940,8724.4457,6583.7066,4827.7397,1349.1665,7900.2151,8465.3910,8482.3047,10496.7181,12826.5171,8182.3332,10849.7850,9724.1210,0.0000,6585.8727,6751.7143,3374.5685,8152.1888,8333.4144,10799.1129,3098.0020,7784.2077,10786.9366,11574.0958,8130.5236,9915.6482,3867.2892,9401.6039,13183.7651,9588.0480,11632.9844,12896.4595,6715.6378,5309.4765,11547.3185,13763.7399,10826.6038,7892.8954,5955.7108,12898.2230,379463.0014,395141.5670,394333.6078,397809.0653,388922.2429,399257.0466,397404.4355,396913.4223,336177079.2254,336146813.0699,336186292.7630,336183249.8480,6759.8700,13850.6288,13669.1064,9593.5436,8622.2746,3389.4240,12833.7012,13047.3489,9312.5583,13799.7278,10274.9218,9884.1199,10828.7593,7109.5687,11577.4661,6992.9884,13636.8506,10282.1952,7489.7727,10828.3080,13275.0881,13831.7794,6771.1064,9062.1853,6742.9334,11078.6510,8341.2160,1662.0428,12143.3201,10412.0419,9455.3748,11964.7107,5725.3235,2042.6823,9231.3683,9195.7659,10882.6877,10206.5941,11007.1699,12855.0723,6429.7554,9001.9199,8737.7661,13060.2722,12697.0328,6780.0525,7627.2549,11935.5054,7024.4722,5659.0263,6342.4226,12312.4333,13303.7458,0.0000,9889.8758,10758.3174,11637.5132,10018.8301,11835.5945,7533.3166,10568.5292,6942.8887,6700.6288,9477.0572,12107.7981,12836.5562,11736.9795,9648.5913,3993.4369,9630.3910,9803.5142,10393.8778,8139.8343,9184.4114,1430.1804,7485.7417,6462.8890,9633.3894,13720.6004,1796.0179,381191.2149,396656.4524,395916.4539,399106.3505,390202.9577,400785.2358,398812.5547,398378.5177,336175456.1237,336145188.9207,336184669.8658,336181626.6624,12356.9090,10759.7290,7191.1162,11420.6885,8522.8210,9838.4973,13613.0581,10114.2870,11933.6525,4947.2644,7889.7384,8992.4020,2079.5067,9849.5656,3434.2423,12280.3128,5446.3449,12122.6997,9401.5682,11540.6357,11888.9459,9073.4034,4625.4701,7767.3986,7802.9210,1959.4573,7109.1802,9965.1334,13178.9085,4362.7551,8873.6867,10518.1836,4866.3907,12839.2732,4558.6436,8861.4616,11216.9847,12994.9793,8735.2733,610.9862,9233.6346,3105.1189,9587.2367,8674.7319,1052.3298,3874.4776,9971.3769,6317.0031,8822.4316,987.9777,13728.5616,13360.0680,0.0000,5203.9725,7049.0733,6610.8666,9812.3377,11828.3931,7189.1260,5860.0731,969.4787,9136.4721,12234.8190,11938.6943,12576.1321,6988.2174,7900.2073,9800.1171,7950.0428,10813.8236,13304.6849,1947.8518,5281.2780,6024.0425,11862.7933,8969.0584,9143.9979,11399.6970,8063.6599,377260.9953,392826.1257,392045.1729,395376.6883,386452.2866,396958.6702,395089.3291,394575.5138,336179525.1649,336149258.5695,336188738.9749,336185695.8575,2947.7246,10052.6400,10749.3019,13374.7458,5123.7411,4109.2143,10065.7890,1524.5511,9702.4403,9756.3253,8324.7193,12138.4039,7541.2203,12127.5135,391.6494,9724.6343,11253.9229,8561.6647,3475.6754,1164.1270,11831.1788,10871.5150,12003.9213,8372.4443,11296.5421,13683.4823,6647.2274,8745.3282,10365.4742,6963.2788,12162.1756,13632.8837,10076.8068,10696.4632,8914.4276,9384.3578,8019.6182,5715.9388,12512.8437,10665.3748,11004.7402,4940.9047,5850.6173,12246.9951,11610.3491,6979.6188,11829.2959,12551.4798,12424.0524,5979.5744,3330.8462,0.0000,9968.3548,8564.2339,7940.3346,9770.9309,7276.9334,11551.3126,9366.5176,12236.8055,12192.4360,9942.2721,6821.5106,4827.8126,7620.4478,9746.1020,13141.4575,9936.9026,9204.8537,8610.4098,11499.4083,10718.1407,13804.2969,11323.0418,12319.2125,10136.2079,1977.5443,13632.6551,382532.1032,398184.7609,397411.2876,400829.4492,392020.6351,402274.3809,400275.6034,399939.2970,336173389.1668,336143122.4855,336182602.2070,336179559.4088,9101.0405,11792.4374,13632.2641,3501.6945,6776.4572,10222.2482,2587.4887,7608.7635,9004.2629,7523.7966,10600.9660,6931.1395,10691.2848,3133.0015,7815.5636,12657.1918,7969.9574,3708.5645,2197.3339,11928.9048,9249.5710,11633.6082,6797.4369,9388.2011,13597.5764,5827.7181,10672.5349,8378.0553,5430.4757,13053.2635,13022.5776,11786.1968,9005.6509,8274.1266,10175.5078,9696.6324,3053.1792,10980.7479,10676.8178,9063.3744,2604.2577,3438.4574,10653.7631,10102.0371,6284.1933,10990.3347,12655.3762,10917.8929,8425.4682,5928.9548,0.0000,8003.3275,6797.1241,5385.5638,9854.3077,8233.9456,10869.8157,7448.2486,10605.8539,12446.8452,11338.0007,7826.2186,6241.5336,5116.8800,8827.0644,13776.2632,9032.4389,9710.1548,10564.4071,9626.2605,9236.7025,13451.4591,12567.0815,12535.6439,9988.9435,1403.7145,13768.3112,380328.2899,396001.0741,395213.6053,398665.6853,389835.5385,400097.3260,398148.3532,397763.6152,336175761.4193,336145494.9400,336184974.5816,336181931.7686,7502.7485,8514.7296,10631.7859,11631.3644,13364.6829,8960.0134,4656.0003,823.8547,12141.9142,5377.6294,12388.3563,9796.8005,10125.3078,3660.5646,12190.6483,12571.0607,11403.2379,9287.8892,12868.4412,3117.8667,12420.3276,11105.7941,6499.7023,8647.4705,11964.9077,9980.2885,9169.1595,11093.6575,9219.9590,8938.3873,10242.8249,3315.6027,2032.3472,5735.5017,13429.4318,7239.3387,7659.8490,3536.2846,8497.4774,9792.3636,6534.1170,7978.4722,9901.1811,12171.9265,11623.3787,12646.8323,7924.6164,10514.9508,11674.1099,0.0000,9693.4016,10495.5260,8139.9833,3511.8964,6169.7656,12135.1249,3635.5013,7904.6322,5900.6045,8349.1865,6372.1809,12625.9117,8668.0065,12043.9454,10037.6952,12184.7845,13319.3288,12802.8367,7789.1301,2343.1748,8529.2803,12843.7533,5951.9090,2791.3394,9939.3492,10631.7861,383338.2113,398971.2939,398165.6758,401589.1280,392661.0144,403102.4629,401283.3794,400737.5638,336173553.0563,336143286.9174,336182766.9255,336179723.8692,5696.0583,13093.4195,9487.4104,12714.2281,10341.9770,11077.5373,6997.5156,13524.2402,10357.2846,13573.7441,12689.1049,10636.5632,10427.6596,7217.5053,13595.1283,12372.9442,10710.9941,11761.9895,9762.0711,12425.3242,13772.6604,11685.9620,7338.7316,13528.2837,4147.9666,13232.8983,13595.9676,3828.2425,9610.0565,3716.8305,9952.2327,7150.4671,2939.5814,10561.1492,11818.5386,11528.9784,4353.4811,12811.9399,12906.4605,11300.6973,11846.0744,12896.3948,13541.1606,12798.0048,11288.5541,11599.6762,6839.0049,10250.8019,0.0000,13493.1089,13559.5043,12934.8848,4690.2553,5198.0529,12950.0655,10381.3946,11903.0764,3449.1510,1571.4452,5639.9016,11897.9183,13080.0422,13521.3322,5900.7764,13621.4957,12218.5199,8613.4221,12321.0842,9222.5734,8306.9164,8694.1426,3673.7782,5144.3890,11740.1611,8567.6926,388185.1414,403732.9005,402971.7927,406263.4155,397378.2296,407852.5448,405899.1392,405471.6903,336168304.4239,336138037.6169,336177518.0655,336174474.9812,13616.0844,12279.2811,11030.2707,13166.0922,10698.5162,8562.8269,12465.3022,8062.3188,12976.8022,9519.3730,13189.4081,10375.1850,6737.8412,12484.8862,13631.5320,13336.3138,8896.4249,9108.4548,9277.2109,12722.7771,9697.1338,1940.1222,13338.9552,8243.7174,11329.4887,13242.1078,3012.4685,4855.7458,6949.8631,9318.9153,9469.3364,7684.7445,11141.0532,13000.1126,8403.5371,6767.4674,10622.3406,13670.3890,12662.3510,8835.5802,10036.1269,13204.4026,9669.1709,7918.2092,8427.6378,10735.2011,12773.7197,0.0000,11756.8946,12411.8187,12631.6990,7873.3970,9771.9205,10052.8874,10577.0217,8953.8801,3867.9990,6766.9634,10140.4269,13103.0438,12790.4812,11686.3346,2242.2741,11713.3794,11126.7385,9808.6082,9943.1389,8933.6709,3195.7681,7529.6726,3652.8019,7638.4582,13670.8309,3746.7521,384445.9921,399927.9785,399181.4984,402393.2699,393486.6739,404057.2303,402098.6939,401654.2959,336172238.2685,336141971.1981,336181452.0546,336178408.8572,7633.9112,7673.8647,5591.4133,8089.2892,10737.4617,4340.4497,10368.2344,3742.0772,8726.8629,5044.3459,8677.5858,12210.9137,4837.5175,2701.9168,5070.7862,9760.7766,9915.5454,9247.0714,3677.6194,8706.6376,13190.5121,2549.5734,11856.2537,6446.0905,2078.9865,13357.2660,12030.1846,12615.2956,9635.2785,10387.7251,12115.6897,8663.8300,4662.0741,9897.6412,12309.5356,7486.3620,1416.3502,5375.4377,9401.0297,7996.7599,3057.7644,8531.4133,10702.8408,9715.9914,9901.7725,6647.2418,0.0000,5782.7750,3968.7319,4514.1089,11806.3074,10685.0754,8278.9457,8466.8854,9383.3995,13400.4174,12712.9891,10360.8955,5197.2277,3838.0176,5816.9338,13554.0640,6016.6277,7415.4644,10233.3833,8392.3690,10149.2911,12859.1382,11639.9185,13423.7249,11799.0738,3361.9072,12804.4493,377597.6552,393233.7565,392462.7750,395861.9794,387042.8057,397327.7273,395335.9595,394985.8071,336178357.9839,336148091.2147,336187571.0622,336184528.2307,9036.6536,5184.5185,12165.8164,11244.3703,8997.3621,13526.6758,8236.5731,12998.9814,3794.9423,12115.4030,8379.4692,8932.1170,5257.4963,5115.7788,10574.1121,12779.5123,11382.7593,9956.6204,13095.4430,12901.9476,7884.8414,6220.3062,12154.7352,8839.2136,10367.2622,13411.9182,7495.4084,12682.8090,10601.2889,9141.0898,5035.1275,9197.8104,13631.6080,11066.4956,12705.7406,8041.2242,9258.0730,13431.5074,12616.4211,7961.4020,11876.1718,11215.5142,13486.9737,3284.0471,1169.4722,0.0000,11760.5626,10311.5273,10762.6863,10400.3698,7650.2057,11418.7956,11848.7512,13479.9091,11698.3262,8297.5639,7327.2891,3936.4986,10386.2001,10237.1979,11413.1895,10381.8814,7836.6306,5081.7963,13121.4868,12571.3764,13330.7130,8554.7180,11829.4835,10911.7477,5634.9159,12343.4933,384497.8979,400090.5868,399344.9716,402674.6823,393887.1364,404175.0866,402098.7556,401827.3352,336171231.6593,336140964.5506,336180444.5881,336177401.7571,10962.1170,11852.2637,13520.1047,3947.1222,11387.5651,4322.2173,7460.1803,9730.0507,12392.6153,7921.5090,3373.5578,7510.1284,10601.7142,3064.9187,12557.0093,3557.0969,5979.4437,10468.0780,10358.2400,5462.2803,11240.6066,8137.3014,6444.9546,10823.8074,9225.2972,11014.2324,12416.9266,13738.3349,13484.0819,5339.9785,11063.4743,9745.7416,13710.6957,8799.9084,8834.0627,11471.1077,9329.0091,7119.8293,4976.0942,4632.3303,4393.6893,9375.2662,10769.1683,8712.9988,0.0000,7630.9276,6508.5819,9671.3950,13848.1767,13330.3850,3714.9509,12434.1672,9464.0946,12942.2754,12389.5334,13232.7922,6296.5131,9142.7632,3677.5605,10035.9275,3623.7207,1379.8912,7214.8315,9496.2442,12846.1454,10175.9200,6445.7929,12868.8961,13809.4695,9558.1591,8427.7741,377537.1795,393033.3238,392315.6987,395520.5786,386717.3573,397126.8864,395013.1924,394749.0270,336178260.5338,336147992.9276,336187473.5540,336184430.5885,8813.4034,8637.2378,9050.2352,11494.8477,8392.5020,12116.2342,1841.4762,8728.9412,11786.3502,9367.7567,4593.4415,611.5892,12482.9359,9938.0567,12534.7505,8766.0457,10753.7930,13499.8785,7452.5623,8842.8034,10241.5683,7447.4197,12095.6546,13495.6647,10197.2219,9770.0159,7696.7065,8627.0682,9161.0192,4861.9237,12158.3271,9759.6175,10759.1420,5028.0316,4826.5480,11942.0842,11636.7819,7820.8393,12202.9433,13098.6550,12119.4985,6327.8225,4616.2522,0.0000,9950.6892,8808.2056,7537.1463,8774.2281,6381.0224,12042.3743,8334.4843,11912.4705,11610.1165,9666.6164,5908.3926,6210.6240,7354.6268,10329.6453,13172.7800,10526.8260,10206.3748,9503.1534,11141.8393,9728.2959,13597.2012,11997.4656,11748.0398,9124.9027,2401.0623,13759.6614,382871.5013,398539.2629,397755.3400,401198.2217,392373.2258,402633.8735,400671.4837,400299.7043,336173185.4297,336142918.9206,336182398.5773,336179355.7651,5283.5545,9573.8971,4024.5616,9967.0438,7109.5249,9776.7081,1081.4831,13558.5093,10153.9741,9857.9670,8868.9894,11855.9136,2410.2490,10841.2936,7891.4610,3212.0761,10048.9264,9469.9170,12570.7890,5409.9332,8126.0087,11800.3581,8878.5195,12878.1055,2053.9114,5702.2431,9627.1738,13394.9535,4866.2899,5478.5971,7904.2813,4871.4943,7175.8446,4555.3057,5456.9210,6965.0627,9724.8814,9471.7215,11945.8905,5689.0211,12300.8567,11780.3571,0.0000,5965.9193,7111.9649,4217.5769,7825.8078,9321.3584,10042.9437,1295.0727,5308.3709,9498.0265,11663.1891,9302.3367,11718.1280,4915.9063,9406.4683,11981.5965,9552.0450,12100.2988,13668.0124,4450.6694,2889.1083,9407.6657,13611.3994,9464.6866,7251.7227,8686.3721,11345.6991,378839.4510,394486.9179,393679.6106,397121.2692,388203.5693,398614.1147,396790.4486,396255.4873,336177937.7768,336147671.6101,336187151.5287,336184108.5182,12374.9706,6125.5439,12557.1606,10369.0247,9835.2405,4292.7541,12002.5599,12785.1924,11327.3219,9006.0253,13080.1481,3914.7359,12738.5711,11431.5156,7210.8068,8870.9701,12109.9930,9444.6142,9722.2801,11320.8732,9015.0541,9376.1772,9786.5854,4093.2916,1362.3133,5032.8493,13256.5269,7354.8698,8336.5025,3020.0650,9114.4682,9900.1119,6617.9597,8642.1930,10454.2586,12322.4446,12035.9261,12869.7856,8582.8467,9974.4252,11339.5245,0.0000,10199.0956,10864.6368,8539.4759,2778.8781,5423.2572,12499.9808,4200.1053,8577.0089,5695.9889,7790.5177,5642.6564,12481.3508,9031.4201,12365.0515,10001.0074,12510.2859,13392.7957,12523.9884,8457.9030,3150.4449,8866.4313,12740.7346,5784.9835,2134.6796,9794.4106,10826.7023,384056.5465,399691.9819,398887.0704,402312.0863,393388.2976,403821.5846,401996.4128,401458.1505,336172799.9817,336142533.8389,336182013.8265,336178970.7801,10232.3210,1160.8404,6544.1205,8084.5256,10298.3010,10622.7576,689.5407,5294.8495,8592.7123,6186.1110,10943.7063,5524.1674,2277.6116,8650.4173,11678.1969,2122.6674,12340.3807,5624.7779,2661.5232,12530.0118,10091.1462,12546.8328,10709.9980,12441.1445,13448.7096,7366.3603,8108.5286,8778.5326,13410.6798,6697.4454,5512.8681,8698.4003,8204.3673,5841.4633,1728.2753,5058.7156,7320.1564,8447.4097,11166.2921,8264.6722,0.0000,4851.9213,3041.6857,6416.9243,13315.9758,12758.0345,4512.0148,10280.4765,8267.3172,13499.7496,13265.9056,12563.9592,5716.1152,5762.7290,1856.4522,12070.3955,2009.6963,4292.6154,9338.0237,7713.9157,11324.3946,11242.6814,9527.7963,13449.0439,13206.3679,7134.0168,10528.3609,376011.1205,391574.4821,390830.2998,394129.0218,385314.2152,395669.7061,393620.3839,393308.0949,336179861.5180,336149594.3144,336189074.5784,336186031.6720,10943.9190,5397.2825,12104.9382,4146.3228,12306.0500,10665.6958,11915.1370,11553.3808,10368.5590,2844.3759,9303.4531,8999.2844,2367.0961,6966.0831,10896.0035,12562.5490,5748.9148,9790.7574,10018.2396,5483.9319,12300.0977,2888.9711,7210.0489,9867.9978,13533.8460,8381.6358,2606.1301,7603.1918,4569.8142,9892.3340,8124.5704,3092.1473,5757.9917,10966.9065,8042.3599,10044.8366,2983.6817,13246.7625,13360.9966,0.0000,6566.6799,8232.2125,6956.8227,8202.1821,10590.0235,8846.0363,4597.5347,3000.2494,7872.2495,11298.8215,10744.3562,13053.6702,7467.4679,9390.5529,9645.0574,9468.6837,11898.5208,13528.0382,3416.4904,3430.8604,6062.8791,12340.8863,7725.6582,7458.2930,11361.0096,8541.6549,378861.2890,394444.4226,393653.2984,397012.5396,388076.5932,398580.1794,396741.9731,396199.8338,336178049.3853,336147782.9689,336187263.2835,336184220.1617,7597.8302,7293.4074,10643.2131,10709.5951,1275.0832,4333.5129,7898.9193,6860.9942,11408.3400,6441.0807,2838.4152,9378.9058,12335.5683,1243.4331,12092.0996,6454.2025,2485.7091,12796.7220,10944.4640,12440.1092,11170.1001,12499.7969,13398.1206,6919.3200,7924.9782,9677.0447,13581.2947,7551.0177,5059.6396,8540.4467,9121.4204,6893.0621,731.6118,6141.9716,8033.0198,9366.5193,10635.7771,7426.6317,0.0000,5664.9676,3656.6723,6654.5765,13380.7944,12511.6880,5557.1043,10573.8141,9175.4856,13814.8036,13192.6523,12277.8632,4763.7487,5954.4083,3004.1047,12501.7989,3150.0095,4316.4758,9004.9324,8558.0260,11735.1575,11987.0951,9665.2315,13786.6205,13339.7923,6385.9734,11204.4030,376489.5705,392062.6312,391318.3671,394627.7479,385823.4111,396153.8728,394094.5731,393797.2087,336179314.5102,336149047.3103,336188527.5015,336185484.6259,11973.2195,7850.1964,11381.2702,6849.6124,10409.0815,11915.9398,6624.5220,7545.1155,4965.2388,5750.8661,4270.6153,7980.7948,8042.3463,13526.5813,3190.2148,7193.7297,11145.7624,5302.6480,13149.1167,7403.0454,11120.4103,12851.9154,11396.7028,9342.9936,2964.1320,11463.5365,2730.5108,8952.0062,9562.9576,2396.6416,851.8840,7910.1379,3189.8132,6667.4196,2552.4281,13761.4409,12628.1174,0.0000,3640.9335,5197.5050,6649.8399,11935.9658,13213.2825,4094.2683,8146.2045,2527.4394,11011.9910,13202.7644,13246.1808,11111.0896,6666.3416,5051.1988,10095.6730,5042.4341,8426.0220,12248.0320,2921.9927,8161.5887,6952.4846,10635.8750,10847.7829,11430.9412,11018.7855,7699.9659,375529.4133,391067.0555,390306.7150,393591.3445,384699.8792,395189.4548,393247.1075,392805.0554,336180946.8809,336150679.9396,336190160.4605,336187117.3777,9813.6643,10932.1499,8298.7216,3258.7703,1490.8152,11508.9722,10919.7093,11716.8588,8222.8382,11269.6340,13494.9643,6437.4590,8551.9828,10282.7639,6827.8260,11951.9736,13448.7387,9857.6648,10747.4086,9030.1442,9373.0592,7629.9980,5885.3614,12418.5410,10673.2227,10930.4241,4961.5788,6035.7639,12148.8956,11459.0189,6750.1109,11587.9542,12238.4005,12319.3185,5789.4846,2985.9121,0.0000,9874.2528,8439.5636,7976.7149,9812.9971,7334.6313,11289.4940,9468.7816,12144.8123,12103.5573,9812.2854,6892.0931,4463.1232,7635.8311,9507.8579,12904.5557,9696.0692,8848.6833,8251.6666,11434.6633,10775.5763,13625.7274,10976.1731,12226.5307,10177.8985,2064.9189,13379.5615,382490.9609,398136.9956,397366.4368,400774.9676,391967.9091,402226.2683,400219.8888,399889.6457,336173410.3018,336143143.5735,336182623.3317,336179580.5291,13467.6383,10854.2575,10233.2988,8858.4595,12300.6205,1817.7057,11402.1604,8734.6439,3930.4032,9882.3143,10131.4145,12131.9413,6380.2486,8876.0802,11413.1392,9012.9276,12460.4745,1523.1007,4736.6014,8839.9661,13578.6040,5150.6665,5995.7613,7025.5389,5794.2377,7723.0618,4675.6577,6078.0897,7768.9628,10389.1656,10142.5722,12322.4538,6240.2607,11982.8405,11810.9867,0.0000,6932.7453,7989.7290,5097.5418,6919.5455,8602.7803,10708.1841,487.4773,5940.6535,8829.9958,11064.8508,8615.0379,12018.7262,5771.1356,10170.5030,11744.9443,10318.1404,12566.1327,13655.3054,5266.6183,2055.9097,9336.1567,13661.4695,8814.0899,6324.2006,8896.8237,11378.9966,379842.8131,395493.0194,394683.1830,398129.7745,389207.4520,399621.6524,397807.2050,397262.8945,336176986.4106,336146720.2964,336186200.2027,336183157.1847,10326.8475,11068.3674,11807.3796,6785.9022,12997.6308,8323.9048,11972.4010,12857.0989,7513.9610,11255.9083,5702.1984,12687.1223,12030.5072,4740.6551,8950.2323,4506.8416,13058.7626,12252.3790,9366.3055,5709.2224,13535.6216,11885.3248,10417.5355,12669.5264,12810.7612,13454.3361,11936.7603,11512.3496,11001.3508,9691.2069,6431.3908,11704.1201,7500.7663,9076.0709,0.0000,12629.7018,12138.0371,13548.7121,10783.3147,10291.4503,9395.0647,13489.5464,12082.0123,8596.5532,6734.8451,10431.8935,9226.2167,13334.6608,10460.9798,4734.5870,10480.0174,7348.6949,3917.4553,12638.7500,12859.4211,8378.8153,1774.1789,8585.5572,11021.2702,11999.7278,6030.5413,384969.5967,400430.7424,399718.2124,402879.0228,394053.9661,404532.8553,402426.7848,402140.5518,336171036.3225,336140768.6996,336180249.5600,336177206.4967,5492.3725,8909.6931,5808.4010,11443.6764,5285.4427,2956.8655,9164.7043,11719.9274,2464.4066,12279.3618,6187.5992,3284.2417,12472.2404,10192.3348,12444.5600,11221.7158,12856.8619,13645.3077,6951.8915,8695.1218,9157.9227,13690.5615,7218.1621,6063.6551,9269.6449,8598.0655,6188.8462,1985.5034,5048.9813,7004.0410,8814.4780,11137.2463,8233.5431,0.0000,5438.6306,3709.0308,7086.2146,13616.1290,12997.5374,4390.8124,10840.1322,8673.4953,13657.3905,13297.3166,12808.7319,5568.5677,6437.1777,1948.1938,11971.5165,2052.7094,3719.1240,9008.8893,8204.7132,11809.8213,11325.5057,9157.0883,13605.3611,13528.5963,7483.6807,10419.1130,376111.0806,391664.0982,390925.3087,394208.5896,385399.6385,395757.6720,393691.9725,393394.4057,336179717.9940,336149450.7064,336188931.0200,336185888.1126,4027.4776,9821.3882,11345.6213,9824.9091,5694.0026,10616.1068,13529.8913,3407.8087,10356.6793,8649.7280,4179.4988,12783.4955,12873.0101,11295.3754,11117.2912,10812.8177,11554.1494,6856.9007,6144.8071,11567.2348,12381.8977,9582.7175,3507.5048,6660.1708,11144.5755,9763.2383,3729.1915,9624.6463,10800.7929,11377.0090,7971.9112,4171.8476,0.0000,8023.4182,6156.6089,6909.1125,11773.8115,9941.9139,9190.7146,9979.0330,11156.1952,13362.2603,11690.5839,9573.3074,2870.3579,6316.2465,6973.7292,13220.9296,7156.0135,6784.3857,8419.1410,10372.3001,11427.0335,13449.4766,10590.8874,13422.5592,11958.0822,2572.2345,12940.6839,379559.2108,395183.6281,394423.9101,397801.1265,389004.7186,399270.1202,397233.1624,396929.6739,336176235.7082,336145968.7777,336185448.6525,336182405.8487,12236.7964,10096.9904,12266.4637,8333.7602,10704.0766,13604.8138,6932.9632,9125.9747,9990.6553,6964.8122,12301.5410,13494.4556,10443.0880,9913.7406,8115.8648,9094.0717,8930.1130,4766.5952,12095.2574,10170.9570,10573.2845,4570.5633,4837.4979,11846.0982,11405.1337,7310.1842,11927.1325,12904.8569,12038.5991,6564.9566,4427.1901,0.0000,9653.5116,8415.3140,7299.9607,9228.4772,6914.8176,11737.6606,8474.4128,11818.6360,11934.0181,10031.6561,6452.4056,5781.0464,7063.4495,9930.6692,13298.7969,10128.5067,9850.2263,9437.6498,11018.8615,9932.4035,13669.3071,11928.8626,12061.7499,9550.4892,1814.2235,13764.3843,382367.9774,398033.6315,397251.7538,400690.8900,391870.0785,402126.8928,400156.6467,399793.0177,336173653.6691,336143387.1215,336182866.7854,336179823.9795,12016.3656,1885.1634,7641.8186,9971.3454,8027.0123,7904.3020,11047.3382,8424.6470,8468.6957,9159.0500,6932.4856,10363.4839,11948.4133,13566.3357,13008.2473,6740.1686,12236.3782,8611.3682,12885.9669,8658.2139,10677.6709,12490.0393,8352.4073,6643.2439,7478.0146,3762.3938,1351.1647,8247.0710,11488.3310,10507.2993,0.0000,8218.6446,7869.8180,10656.9624,13317.4338,13465.6874,3198.3623,12439.4914,8527.1794,11501.1801,11726.2421,13489.4234,8683.1275,10306.4809,5134.6827,7885.5633,5040.2904,3907.8812,7690.3405,9018.0972,12302.3103,7844.9418,5320.6762,11376.6066,13183.4945,11459.9140,5757.1887,378192.3923,393654.1962,392939.8648,396105.1386,387276.0406,397757.8174,395662.5710,395365.1228,336177815.5228,336147547.8759,336187028.7353,336183985.6783,11142.5510,9551.5037,3671.0858,8553.3034,11065.0909,11973.6724,6822.8246,9901.3812,10486.8406,7796.6948,12063.3908,359.2562,4837.0744,8497.8654,13844.4397,6797.0257,5189.6801,6251.8991,5953.3108,9115.4478,6320.2410,5472.2927,7662.7830,11253.5858,9955.2108,11841.5228,5504.7662,12325.3807,12604.8807,0.0000,7504.3025,8795.9233,6434.5727,6489.0167,8820.5747,10614.3264,2220.4050,5351.3536,7665.7727,10618.3724,8939.2433,12821.7991,7065.7982,10558.6079,10696.7439,10682.9433,12807.8970,13704.8967,5108.0344,796.3307,7976.1029,13269.0937,7611.2944,5749.8049,10205.2693,10328.8465,380305.9527,395932.4761,395126.6773,398544.4532,389609.6097,400066.2286,398255.7415,397698.3067,336176625.2779,336146359.1083,336185839.1680,336182796.0967,6579.7229,8672.2246,8099.1396,7460.3854,12098.9997,6922.2257,7699.4187,10012.1500,6347.3233,11501.0479,11046.8389,13296.9878,13392.2086,8056.6012,11564.7885,7271.8967,12917.9799,7145.4954,10086.7683,11859.4312,6933.4653,4969.0023,7061.9583,1940.4578,2426.7312,6876.7404,12410.5113,11172.7281,0.0000,6751.8958,6693.9594,9563.9279,13365.8615,13794.2043,1487.5025,11579.7510,7105.8034,11741.6400,12538.5893,13809.5578,9209.3049,9244.8291,4044.1262,8695.2883,3923.2851,4726.6459,9153.3816,7563.8558,11532.6251,7620.6712,7012.8001,11598.2387,13126.1358,11344.9128,6192.3943,376787.8724,392265.0251,391541.2189,394730.8079,385888.2498,396372.7816,394309.8259,393981.5349,336179308.9679,336149041.4599,336188522.2529,336185479.1907,7100.2792,11819.5990,2775.1500,13101.4958,3859.8515,1669.9418,13117.3332,9987.8725,13385.6607,9275.2801,11519.8114,13322.1358,9199.5169,6649.8537,7690.2985,12925.7291,5089.9315,4420.7228,7289.1695,7066.4145,4934.7130,2817.8123,5459.4489,8570.0004,7408.0517,11923.3602,9161.3756,0.0000,2997.1712,885.4567,4402.3536,12798.6508,12556.9671,5299.4969,8724.1031,7080.3668,13374.2294,13680.9363,12359.4314,7050.3118,3752.9468,2774.6998,12725.2833,2951.5122,6409.5017,10908.8194,6219.5695,10010.5205,11222.3745,11070.9299,13320.0880,12588.7591,6832.6408,11144.5090,375336.0728,390929.2376,390168.1270,393512.8073,384677.2250,395030.5424,393035.3321,392672.9832,336180697.5520,336150430.6093,336189910.7353,336186867.8250,8531.3893,9260.1960,13245.4706,3606.0235,7966.1072,11350.9436,6591.5648,13169.2411,3468.9428,7996.4568,11005.2857,13089.5087,7080.6931,2444.7694,9112.2384,2471.5665,8243.0419,7030.8858,2347.1026,4333.7305,9364.6157,7112.1237,9936.3813,2639.9035,13384.2800,12732.9639,0.0000,4451.4465,6266.6245,4972.8447,9442.2197,11215.9770,7870.6048,4315.5355,2173.3968,9668.3568,12389.3701,11261.1267,12049.5399,5471.6630,7883.7319,10942.6464,7974.9305,11044.6319,13525.9573,1487.9609,4417.3783,7588.0639,12636.1260,9548.6465,8797.3544,10191.0617,9523.4017,377153.6407,392753.0863,391961.7247,395338.6141,386418.3690,396882.9865,395030.3413,394510.2515,336179602.7441,336149336.3090,336188816.5127,336185773.4439,12774.0008,9643.2875,10110.3977,12554.7865,4707.5509,2990.4807,8451.0037,8737.8210,9896.8508,8962.2720,11400.9409,12728.7900,6908.7477,7667.3759,9327.3113,13281.7228,12465.9582,7350.5455,8583.8775,12616.7298,8310.9501,6986.0667,6909.7071,11786.0733,13246.0588,0.0000,10589.9201,11458.7274,11878.3586,8773.3364,10820.8799,8813.6247,10150.1497,7484.6295,5159.3250,8362.2220,11144.2917,13163.5684,12043.8430,10668.6705,3347.1526,10676.8130,10686.7010,10475.6378,8615.6164,8543.9221,1304.5808,7887.0555,4909.8917,8393.1708,13705.5059,2802.8087,382574.1083,398052.1206,397305.1362,400513.9913,391602.3735,402183.2386,400231.7503,399778.3462,336174148.8045,336143881.7261,336183362.6104,336180319.4029,12047.8934,6441.3672,1701.0281,13100.6719,11452.4458,12554.4950,10809.2992,11947.6908,13090.0576,7373.7257,6946.7107,9866.9113,13311.8861,7571.5777,3914.0661,7602.9683,9317.0849,7304.3259,523.5234,7006.8837,9015.7905,9593.6733,10355.3739,6974.6576,0.0000,5647.2534,3524.5599,5962.8184,13002.1626,11996.0119,6529.5546,10014.8517,9347.1096,13831.4691,13121.5834,11725.1975,4536.9825,5234.3107,3916.9906,12979.6437,4090.2341,5313.8114,9354.5245,8582.1418,11365.9451,12433.2122,10360.2926,13821.8552,12980.5215,5322.1601,11871.1140,376756.1606,392351.2595,391598.7989,394938.6512,386132.6093,396442.2689,394400.9532,394091.4636,336179071.5893,336148804.5200,336188284.5866,336185241.7333,13749.8054,12588.3681,5568.8824,11461.9658,1789.5685,12055.9058,9168.1681,5251.1159,7598.6633,11761.1480,13207.0934,7628.8057,13716.6781,11959.5694,11432.4516,13322.2189,13528.5940,12033.0481,12814.3483,10940.5489,13164.2997,3355.9765,7228.6857,0.0000,13737.6860,13150.0294,13141.7263,7397.8476,5629.2080,12653.3973,11985.9073,13395.7444,7270.3926,2661.7985,5762.1658,9210.7873,13059.6531,12766.9412,7380.9194,12873.6291,10359.1909,5401.8424,13589.0496,11539.0557,10561.6203,7103.6176,7446.2986,8027.8848,10148.9289,9743.6580,388194.4087,403740.4711,402996.2478,406271.9517,397436.5219,407843.1480,405807.5494,405471.9083,336167880.4010,336137613.3127,336177093.6984,336174050.7106,5091.0726,12529.7028,7849.0807,13786.3635,6554.0993,10182.5335,12721.5835,11571.6965,6772.5525,4327.9281,11491.5515,1309.9638,6410.5163,7138.0647,3670.8410,2525.5685,6500.1841,5158.3067,8835.7485,4116.5806,13294.5447,11565.3769,0.0000,902.9381,3022.8774,3683.1097,11625.3482,12472.7781,5685.3405,6559.7801,3624.1572,11898.5978,13580.9898,12397.6695,10102.3020,3698.6432,4867.6035,11958.6139,4961.9624,8840.4080,12676.6464,2529.4766,7468.3763,9219.5661,12032.5437,11794.8392,11168.5070,8921.8009,10121.8894,375175.4849,390768.4462,389991.8320,393349.1781,384465.8760,394886.0941,392968.2765,392518.7744,336181238.0723,336150971.3783,336190451.5741,336187408.5723,13307.4838,11024.3461,13083.0565,9618.4970,11211.8606,12942.4552,8722.9554,5844.5949,8833.3401,12840.0064,6271.9957,3058.9397,6545.7483,8258.0585,6408.1110,2037.4430,6829.2883,9454.6273,8590.0260,11031.8325,7940.7903,0.0000,4291.1307,2189.2720,4381.7301,12544.4128,11873.8679,6571.4503,8773.9631,8259.3399,13551.2857,13351.3215,11616.7271,5921.4291,3634.8933,3955.5307,13167.5800,4147.9730,6529.4796,10475.1080,7326.2304,10265.5129,12085.4162,11231.8688,13531.6763,12430.7523,5347.7169,11945.6138,376182.0612,391793.1742,391029.3967,394395.6932,385571.4577,395889.8802,393888.8870,393539.7744,336179782.7362,336149515.8412,336188995.8449,336185952.9762,7272.2006,4070.4096,10664.2549,9549.8306,6452.7821,9515.7177,13050.8996,10427.6339,6778.1406,12072.3458,13492.3207,12708.9184,10740.7421,11488.7827,12971.6635,10733.9920,8401.6248,10408.4673,8427.8764,11069.2699,0.0000,12787.1092,12961.2125,13264.1743,7548.0970,8422.8101,10869.8720,11494.4001,10854.7398,4223.1504,4419.5180,8774.3601,11849.1490,13320.3729,12127.4509,2175.8846,12174.4023,10552.4152,7673.3006,11600.4754,10186.0803,5908.5689,6082.9406,4195.4264,7657.6608,12856.9606,5222.3299,386338.8840,401826.3489,401087.3616,404297.3136,395417.8378,405946.1739,403944.6802,403549.9236,336170106.4887,336139839.3098,336179320.1000,336176276.9581,10512.3837,7896.9277,10439.5929,10683.1005,11616.5522,11860.2069,4496.0247,9117.3389,7003.3584,12170.3639,11740.5729,4871.9750,6016.1940,11279.0623,6065.4802,6023.8091,4413.6556,12975.8404,13504.7317,0.0000,8383.4575,9553.3672,10287.2640,10077.4237,12073.9237,6777.5735,9350.1049,5034.8201,7371.8733,10499.1120,12307.1515,12832.8043,10442.2022,8784.2710,5828.3963,8769.9258,9884.1029,11359.3500,6321.0460,8065.9955,1809.6090,8769.8065,7132.7633,9568.0719,13230.5035,3545.8051,379618.0683,395104.9801,394354.6520,397576.6506,388664.2437,399236.1251,397293.3641,396833.6185,336177088.8356,336146821.7823,336186302.6159,336183259.4243,12175.1790,9753.7522,5750.5560,7784.5031,12634.4994,12812.0032,7688.6809,13652.1634,12793.4856,12314.8629,12975.9502,13249.4842,12479.5453,12348.5518,10068.3973,12761.0947,4986.5858,8458.2364,0.0000,13830.9980,13409.6090,13641.2375,7775.0281,6789.7006,12224.7864,12382.3074,13068.8853,6579.6830,2624.1702,7011.5400,10011.7606,13575.2632,12730.5981,5861.1460,12813.9675,10257.8368,5428.8344,13445.3502,11664.6683,9482.9541,6120.6633,6714.7726,8286.7872,11299.1041,8454.6481,388048.7079,403566.5888,402829.5171,406069.2406,397226.2937,407672.8483,405630.5256,405292.2389,336168086.4887,336137819.2861,336177299.8479,336174256.8115,4940.7079,8662.6708,13759.3169,6510.0388,5127.1355,6493.8334,5714.0457,8823.1214,6053.9923,5367.6873,7486.9749,11005.6197,9825.6202,11811.1053,5431.0000,12317.6256,12477.0184,0.0000,7226.7397,8513.3105,6094.4498,6681.8957,8891.0020,10477.0235,1953.5883,5240.6313,7930.4332,10768.5449,8989.2043,12646.4681,6733.9203,10346.5491,10861.5137,10473.5307,12672.4398,13683.4900,4909.5536,1050.3609,8142.3712,13293.3982,7878.1665,5966.3031,9978.0665,10437.6590,380055.6603,395684.8996,394878.9645,398299.7811,389367.3067,399817.7562,398005.3069,397451.0622,336176853.0644,336146586.8935,336186066.9349,336183023.8719,4768.3812,13099.7646,6839.6886,9305.3785,3532.4106,9724.3032,9481.8381,6052.2114,9539.1269,11116.5516,12198.6667,12633.0646,13460.5479,9523.6931,9343.5724,10681.8926,0.0000,10568.1324,11006.2559,8539.6967,2730.2319,4538.2443,13019.3317,4508.0955,9470.7241,6483.6352,7711.2647,4683.5635,12054.8015,8993.7810,12632.5140,10714.1081,12791.5854,13495.8856,12382.2012,9203.5100,4119.1228,9957.4870,13018.9075,6615.5403,2480.6710,9071.9456,11684.2795,384524.7990,400176.3432,399369.0500,402813.1613,393898.9763,404302.0666,402472.0575,401945.0781,336172259.4522,336141993.3506,336181473.2294,336178430.2203,11412.6278,10012.8151,11463.2092,2940.2600,12344.0883,11645.5084,9378.2581,11743.0584,12944.5692,13216.1312,13412.3345,12736.5941,11587.7906,6644.9143,9734.9803,0.0000,12985.3851,13037.9709,11685.7670,2405.4479,2680.0041,13607.4327,8691.8519,11753.1536,4483.3109,3275.0207,3199.4902,11688.3971,11910.8499,13670.8309,8306.7069,13805.4768,12959.9056,9839.0281,11876.6119,7841.3552,9632.8872,10632.3350,4746.5012,3190.2182,10352.3147,10451.2495,387875.7318,403475.2562,402694.3116,406058.2177,397167.1384,407595.0319,405687.1762,405227.5545,336168678.2573,336138411.7666,336177891.9186,336174848.8859,11549.7528,12786.9719,12765.0068,12137.5483,9643.6801,11768.6623,12536.9005,11107.9230,7111.7598,9217.0015,7491.3195,12523.2291,6640.4183,5229.5644,0.0000,11123.9130,9719.3154,11701.0996,12611.9929,10947.9099,8521.2202,13475.2196,12650.1626,12198.9283,9638.8907,10804.2255,4253.3779,11213.5561,8097.5911,9677.6630,8153.9801,4021.0745,2617.8006,12631.9067,13831.1100,11788.0936,4930.4589,12230.5675,12915.0010,8604.2339,9813.6727,382328.9632,397839.9681,397125.3922,400342.8171,391565.1793,401924.0445,399777.5811,399555.6306,336173307.0859,336143039.4651,336182519.9634,336179477.0573,9072.4874,9670.4586,7201.1144,3330.4129,844.7143,8790.6429,8822.5044,7381.9448,10512.4831,12775.1608,9092.9248,10209.7979,8514.4150,0.0000,6658.4255,6259.2176,3333.2890,8988.7229,8480.3796,10661.6346,4779.4425,8696.9601,11646.2902,11764.6360,8188.1973,8620.7262,3498.2592,8908.1495,13614.6584,9107.1750,10887.4923,12241.0090,7585.3572,6881.2255,12375.1528,13490.2872,11701.2504,8872.0147,4371.4491,13345.4345,379336.4108,395017.5771,394215.6239,397688.8888,388823.1432,399125.7547,397240.6967,396787.1353,336177033.8506,336146767.5951,336186247.2433,336183204.3725,9547.4888,3111.4636,9732.5636,9046.2683,703.3843,3493.2884,9841.9894,5825.7554,8340.8870,422.4508,13794.0633,13383.8731,0.0000,5138.8892,6968.1166,6856.8871,10154.4603,12111.9061,6721.0618,6397.1062,735.6044,9276.2421,12325.0099,12223.2478,12497.6077,7178.9429,7592.3269,9598.7772,7628.9337,10495.4231,13133.9351,2077.2239,5824.1671,5787.5842,11560.5133,9099.8411,9505.8591,11559.5134,7698.1901,377059.7075,392615.0444,391838.5358,395155.8398,386234.6066,396746.8712,394865.6124,394361.5941,336179694.6430,336149427.9753,336188908.4329,336185865.3105,10858.4766,11715.7906,8988.4693,9939.6032,11670.5627,13439.8338,12628.4258,12475.9710,9752.6364,9066.7173,11461.3867,0.0000,11937.7329,12469.1968,10813.6552,1364.8845,4772.2975,13026.3652,6996.2584,9929.0336,3191.5411,5443.3437,5214.3798,12890.7264,11188.8693,13323.6972,8124.6076,13448.2872,13471.8375,11483.6537,10161.0197,5558.7986,8085.7030,11485.1753,3374.6448,1077.1485,11147.1183,9733.9813,386265.6022,401864.5370,401073.8206,404446.5588,395526.4915,405994.2042,404135.5202,403621.0097,336170545.5839,336140279.2387,336179759.4343,336176716.3469,7336.2024,7430.0408,2477.5919,2385.3470,7618.8979,5372.2857,8872.4317,2950.5668,13543.9915,12207.9550,0.0000,2204.2566,4265.4913,4311.0193,11107.8271,12324.5061,6063.7197,6056.8066,2399.2424,11178.9292,13304.5131,12301.0111,10953.8510,4518.8742,5786.1608,11453.4893,5862.9858,9527.0494,13015.2165,1232.3375,6644.2152,8361.5107,12122.2029,11057.5278,10576.3192,9679.7733,9601.9444,375574.4732,391162.0743,390382.4531,393736.6616,384838.8498,395284.8435,393387.1333,392913.1458,336180964.4630,336150697.8230,336190178.0682,336187135.0316,4085.9688,9276.5256,8252.6851,4410.1259,9221.7303,11513.5622,9606.6926,10018.9924,7097.3774,0.0000,5874.9663,4446.1336,3735.6804,11137.8104,10109.3322,9098.5755,7467.5596,9232.0155,13100.8538,12599.8503,9775.1771,6200.0421,3187.8784,6782.6465,13810.5326,6986.4727,8600.3053,10966.2028,8143.8493,9322.0715,12931.3603,12396.0537,13135.3412,11107.5917,3030.3621,13192.7583,377936.7587,393592.1564,392810.4958,396239.3334,387408.0662,397689.5410,395730.8329,395350.6202,336178128.4753,336147861.8791,336187341.6316,336184298.7990,8826.5077,9103.5045,8020.0824,10833.8966,12954.4201,9099.5205,10000.0519,8661.2546,0.0000,7112.3047,6864.9341,3846.8757,8270.5198,7858.3337,11021.8377,4264.3623,8729.4475,11099.8774,11292.9138,7582.1097,9014.0779,4114.3009,9426.5275,13359.4355,9623.3445,11275.2043,12282.1412,7683.1686,6327.8860,12149.6586,13514.9335,11164.5460,8152.9200,4748.8884,13238.1669,379993.0401,395675.7006,394871.0980,398348.0073,389475.7324,399786.0372,397912.3270,397446.5063,336176435.9479,336146169.7428,336185649.3898,336182606.5071,2852.0378,9290.3722,5380.1995,8181.6587,492.3759,13760.2585,13132.4427,0.0000,4475.9410,6340.1013,6403.9194,10478.9298,12260.9079,6266.7913,6455.2915,199.7628,9740.9442,12568.6385,12343.7424,12119.0714,6686.1274,7008.0773,9909.3429,7045.2016,10107.1101,13019.4362,1571.5941,6130.2095,6250.7718,11527.7517,9573.4251,9859.4905,11216.5844,7933.1576,376610.1010,392168.2381,391392.8775,394712.1320,385797.0190,396297.9071,394408.4263,393914.5881,336180084.6196,336149817.9280,336189298.3623,336186255.2560,7185.5389,3105.9469,6853.9357,3106.2566,13555.6927,12181.0348,0.0000,2859.9420,4376.0095,6036.8049,12051.2766,13133.6001,3899.6833,8028.5332,2943.7511,11386.2201,13328.1672,13132.2745,10567.7575,5993.4374,4409.0606,10532.4672,4415.0091,8066.0648,12102.5411,2931.4460,8282.3894,7613.7107,10722.9887,11238.1189,11577.9373,10420.0551,8231.5415,375289.6342,390836.7937,390075.5937,393371.0071,384486.6253,394956.4558,393008.8783,392576.0945,336181123.6005,336150856.6686,336190337.1265,336187294.0689,6686.6218,8618.5772,9552.8420,10423.2531,7089.0902,0.0000,5704.9441,3611.2135,6297.3903,13171.8117,12201.5515,6159.2274,10290.4651,9330.8875,13839.0681,13135.2674,11944.4763,4524.4891,5578.4759,3568.5277,12785.5647,3731.3974,4859.6970,9151.0258,8628.5025,11561.9986,12279.5694,10043.5253,13822.8224,13147.2561,5741.9879,11611.7314,376680.0866,392265.8621,391517.1717,394843.8848,386039.5104,396356.6434,394306.1888,394003.5557,336179130.6878,336148863.5587,336188343.6765,336185300.8155,4156.3932,5410.1687,12964.0101,11541.7050,0.0000,5048.9891,5386.2171,8146.6025,13051.5505,13709.5059,981.0645,10348.2812,5537.2116,11776.8955,13030.7520,13711.0388,9586.3018,7881.7174,3305.9684,9516.6214,3201.2437,5799.4892,10369.3014,5872.3556,10440.2899,7588.9294,8560.5467,11627.4718,12719.8728,10910.9503,6960.8714,375805.1837,391307.9595,390570.8561,393798.7603,384941.7427,395419.8190,393397.5065,393032.6617,336180390.7108,336150123.4039,336189604.0741,336186561.0160,8000.2550,11769.0918,11252.1374,0.0000,8761.4963,8689.4470,11211.3705,13032.3009,13460.4446,3880.0536,12496.0865,8368.1063,10817.4589,11386.1525,13537.3463,9693.0322,10939.7919,6159.9563,6912.5056,6069.7948,5130.6766,8028.6958,9054.9778,12106.4663,6838.5517,5108.8302,10671.9156,12864.6953,12258.7104,4559.1264,378731.4698,394180.9713,393466.9158,396618.8312,387777.9541,398289.0278,396204.6402,395890.5606,336177379.6650,336147112.0206,336186592.9665,336183549.8711,13720.3743,13228.6463,0.0000,4899.4887,6705.3839,6806.6445,10347.4653,12209.4716,6310.1157,6626.0018,634.1042,9426.1636,12358.3078,12311.9233,12262.0770,7087.2515,7220.4152,9534.5860,7251.6829,10150.7892,12925.6749,2039.7380,6132.5879,5790.0278,11324.4149,9249.8271,9721.4337,11457.4948,7544.2309,376897.5699,392449.1868,391675.4200,394986.3679,386069.3958,396579.7088,394688.7985,394194.2122,336179815.9297,336149549.2166,336189029.6902,336185986.5720,4325.6210,0.0000,13106.1063,12092.7165,12020.4071,8416.0807,5522.1068,12671.5195,11733.7744,13810.5436,9607.2278,5457.2559,5334.8161,6945.7055,11826.3588,12054.0162,9957.9882,12191.2232,9684.5340,5265.5689,13668.7377,11946.1261,12458.2621,8345.8408,9785.6044,9078.1510,7673.9942,11677.7091,387090.6323,402675.4957,401925.5052,405248.6235,396437.5402,406768.3844,404721.6113,404413.2266,336168808.0662,336138541.0554,336178021.1747,336174978.2841,0.0000,11114.6766,9550.6670,10036.6794,10770.1369,8111.2893,11068.9984,11533.5919,13172.5242,12227.9378,9155.7823,7751.7027,3101.2025,9615.0105,9635.9966,11995.0313,9789.5078,7548.4911,5786.3491,12710.4001,12449.3814,13568.1657,9077.5342,12347.5057,11225.3642,4690.6297,12665.3523,383497.5056,399100.2827,398351.6554,401695.2430,392909.5957,403183.7666,401112.2808,400839.3403,336172222.6252,336141955.5549,336181435.5313,336178392.7175,0.0000,0.0000,0.0000,0.0000,0.0000,0.0000,0.0000,0.0000,0.0000,0.0000,0.0000,0.0000,0.0000,0.0000,0.0000,0.0000,0.0000,0.0000,0.0000,0.0000,0.0000,0.0000,0.0000,0.0000,0.0000,0.0000,0.0000,0.0000,0.0000,0.0000,0.0000,0.0000,0.0000,0.0000,0.0000,0.0000,0.0000,0.0000,2168.1552,3560.3668,12006.4737,12603.1414,5436.8763,7062.1923,4447.8655,12363.8986,13741.8365,12496.4186,9490.5129,3391.9211,4222.7699,12239.5013,4329.9465,8312.6340,12384.9010,3416.5717,8113.3959,9753.6465,11899.2848,12270.5500,11602.9927,8463.8360,10416.0695,374978.5334,390572.5801,389799.1540,393154.9747,384282.4278,394686.5255,392751.9000,392321.6645,336181344.5664,336151077.8187,336190557.9938,336187515.0142,3724.4591,12371.4740,12338.9846,5386.2921,8001.6502,6339.3093,12975.4389,13558.4329,12160.2964,7644.4183,3147.7173,3178.1840,12565.3073,3345.8505,6988.3412,11276.5860,5404.3417,9286.4960,10804.8992,11311.8859,12914.9993,12112.2853,6999.2380,10962.2705,375349.2783,390947.0748,390180.8423,393534.6421,384688.1098,395051.9692,393077.5464,392693.4494,336180770.0921,336150503.2312,336189983.3470,336186940.4211,10521.3893,10745.1365,8419.9916,5002.2527,6304.0112,12136.8559,13082.0927,10552.1194,9160.2561,767.5224,6729.1685,13289.6561,6903.9758,9902.8260,12740.1693,4997.6849,6878.2288,11236.1563,13167.9191,12113.9516,10197.1899,6303.1193,12238.7607,376644.6458,392294.9425,391501.2762,394934.5584,386060.5769,396407.2146,394514.2748,394058.0632,336179741.1372,336149474.7229,336188954.5714,336185911.6523,3621.2165,13391.9442,6796.3338,10456.0856,4394.8347,5447.0977,4040.4621,12407.4862,10881.5339,13413.0479,9028.7039,13553.1029,13513.4522,11387.4884,10513.9349,5762.7482,9170.1805,11844.0416,4600.5287,883.8713,10342.3830,10650.8081,386491.3821,402109.5136,401314.9038,404711.3071,395799.3695,406235.7079,404376.6832,403869.5062,336170255.6736,336139989.3913,336179469.4626,336176426.4140,13805.5723,8323.0623,12249.8594,6902.0862,4838.7957,533.2537,10380.5598,10911.1327,13320.3875,10182.5608,13481.2221,12667.8937,9721.3920,12066.7599,8200.6237,11335.9576,11356.8734,7138.2953,4407.2585,8402.1321,11994.2211,387357.1859,402991.1423,402204.2197,405610.4696,396737.8502,407103.3316,405189.8860,404749.3685,336169058.3576,336138791.9534,336178271.8750,336175228.9215,10879.2488,6418.0056,12177.9828,13069.0924,13783.8624,8962.3282,8075.9572,2813.0733,9697.6385,2682.1702,4940.6121,9835.9754,6656.8079,11068.2543,8200.8974,8150.0428,12041.9901,13117.6975,10672.1314,7253.3065,375879.6836,391379.0864,390647.0931,393867.1875,385022.3740,395486.8827,393442.5263,393101.2829,336180220.4683,336149953.0802,336189433.7517,336186390.7130,6321.3565,8928.9621,10966.2678,8313.6443,11813.3447,5666.9290,10240.5727,11899.4324,10394.7616,12560.3681,13554.6987,5603.4930,2333.0998,9646.5758,13700.8267,8927.7332,6244.7435,8553.8825,11615.5116,380038.8388,395694.6837,394884.0263,398337.2888,389418.3815,399821.9391,398005.7155,397465.4501,336176765.5281,336146499.4284,336185979.2969,336182936.2918,9788.3417,12629.0961,12330.0859,12175.3470,6603.9970,7096.3899,10050.5974,7137.1397,10233.5355,13135.4963,1427.8479,6021.7844,6388.2496,11684.5221,9623.3144,9830.1892,11191.4128,8108.0160,376576.7690,392138.2547,391361.3603,394685.5177,385769.2867,396268.1834,394382.8888,393885.5854,336180128.3503,336149861.6825,336189342.0992,336186298.9946,4951.6267,7360.6983,13311.7874,12426.0784,13106.8710,5362.1032,13190.6104,12804.7990,10674.4193,10422.1624,7180.9384,5921.6455,9743.5565,282.8676,4217.0446,12691.6185,7323.3384,386312.2066,401854.3718,401083.6191,404378.8737,395460.1358,405985.6342,404085.8680,403596.8078,336170475.9475,336140209.2838,336179689.8099,336176646.6567,5196.7582,11016.2376,13151.3771,13444.4285,6528.2394,13550.8105,11738.5900,7573.1545,12945.3312,10094.6903,9329.0354,8253.0224,5165.8542,6043.5677,11129.5645,9185.1309,388531.3912,404082.4671,403326.1739,406617.0188,397749.6504,408195.9076,406215.1944,405819.5151,336167805.6070,336137538.7221,336177019.1259,336173976.0803,10067.1311,10698.4956,13193.4370,10503.5126,13358.5289,12544.9791,9664.2527,12091.5393,8339.7090,11631.7166,11446.9005,7590.9998,4792.3685,7980.1354,12242.5179,387173.0237,402812.2077,402024.8825,405437.2274,396569.0531,406922.6793,405005.8744,404571.1236,336169209.1549,336138942.7542,336178422.6385,336175379.7004,8572.9118,7239.6484,12237.0419,7375.2498,5179.1456,6105.6089,11678.3377,12856.9548,13275.2616,8633.2413,13370.3864,12683.8647,4976.9532,12127.8752,380677.1261,396258.7507,395519.8162,398833.7328,390056.0627,400340.3247,398243.2719,397991.7365,336174967.6328,336144700.3823,336184180.4737,336181137.6540,6199.9886,13323.1855,6380.4988,9354.1418,12376.6892,5332.9561,7494.2302,11425.7328,12883.0484,12404.9197,10599.7238,5917.2169,12234.7253,376481.7307,392127.7181,391338.5496,394763.4014,385898.4575,396237.0706,394326.3430,393888.5102,336179825.3174,336149558.8293,336189038.6905,336185995.7840,11380.1943,206.2042,4544.5606,9858.9492,6750.1633,11010.3999,10106.5447,9288.8716,13018.7582,13207.4658,8594.6244,9433.2283,375438.0691,390980.3972,390238.7660,393512.7236,384683.1781,395081.4675,393041.4487,392710.8947,336180536.4045,336150269.1589,336189749.5659,336186706.6075,11393.4537,10003.6441,8195.5480,10976.8857,10542.8082,4547.0119,5585.5117,5227.4614,8970.2613,13585.4549,3237.0337,384771.7012,400232.7632,399501.5393,402677.9926,393795.8799,404354.3956,402341.3838,401950.5309,336171706.2098,336141438.8946,336180919.8380,336177876.6629,4541.7133,9920.2296,6819.6710,11139.4921,10108.2972,9284.7075,13099.2142,13343.6225,8794.7048,9402.8478,375336.9066,390875.9309,390135.4930,393404.9744,384575.6497,394977.0447,392934.4999,392605.6031,336180635.3668,336150368.1018,336189848.5272,336186805.5655,6081.0119,10206.1084,13024.4212,10646.8853,5948.0838,12759.4180,13561.2641,8901.5389,8823.2386,378581.2100,394084.5615,393367.4363,396579.4697,387785.5486,398174.6361,396050.5252,395800.7128,336177153.3935,336146885.7861,336186366.3564,336183323.4157,13283.1938,13563.3947,11125.2473,3933.4116,10732.6350,11782.3913,9587.1376,9140.0247,384656.0684,400159.1174,399443.3327,402651.9840,393861.2309,404247.9686,402115.1622,401874.4159,336171078.4264,336140810.8456,336180291.4110,336177248.4658,5825.5468,7602.1431,12218.6616,10287.2739,9916.9239,10299.0749,9192.7164,376168.7990,391752.9355,390970.1858,394323.4231,385412.8615,395880.1406,394001.0521,393504.9798,336180486.5006,336150219.9183,336189700.1990,336186657.1328,8076.2606,13232.9781,7147.5506,5013.9389,10181.7619,10419.0596,381086.0708,396715.3066,395908.5500,399329.8154,390394.8661,400848.9758,399040.1459,398481.7784,336175853.3590,336145587.2135,336185067.2563,336182024.1865,8541.3808,5665.7361,8697.2452,13639.2059,3149.7775,381373.7383,396857.2166,396106.4856,399324.8014,390407.7468,400990.0125,399051.9343,398585.6210,336175389.7554,336145122.7260,336184603.5855,336181560.3768,9703.2490,12012.5774,11854.4205,5904.5998,383398.1864,398850.6172,398143.7878,401291.4481,392475.5089,402949.9146,400824.6976,400557.2207,336172537.9616,336142270.2345,336181751.1293,336178708.0765,4383.6879,12784.6565,7122.0726,386123.1313,401662.2226,400892.0850,404183.6728,395263.7318,405794.0031,403894.3406,403404.1054,336170675.7166,336140409.0415,336179889.5870,336176846.4281,10552.4028,10398.1616,385887.3400,401503.9165,400707.2646,404104.1300,395184.7670,405632.6965,403785.4643,403264.6530,336170924.7027,336140658.4481,336180138.5390,336177095.4750,13635.8613,380643.7134,396302.8980,395525.0586,398954.4418,390139.3670,400394.4750,398411.4481,398060.0032,336175321.3824,336145054.7517,336184534.4494,336181491.6491,381617.7535,397066.5947,396338.6446,399500.7772,390616.9097,401189.2837,399173.3505,398781.9145,336174869.0056,336144601.6123,336184082.6244,336181039.4385,17080.5214,15528.7015,23008.7321,17060.5026,20952.2945,23753.1451,19448.0030,336554307.7775,336524037.7198,336563518.0027,336560475.7895,3186.4042,7709.4893,10437.6244,4434.4630,11395.4034,2618.9496,336569613.6463,336539342.7004,336578823.7158,336575781.4015,10552.6828,11322.8906,6413.0047,14298.6838,5622.5801,336569094.1530,336538823.5993,336578304.3692,336575262.0656,10099.1462,7771.9493,9948.7340,5582.9557,336571862.4661,336541590.7407,336581072.5111,336578030.0591,14094.4402,16828.6337,10984.7045,336563528.0035,336533256.7572,336572738.5193,336569695.9533,10099.1462,3196.8907,336573534.1441,336543263.0535,336582744.0409,336579701.7743,9763.0591,336570427.1551,336540154.9440,336579636.3947,336576594.2014,336571209.2133,336540938.0109,336580419.2058,336577376.8763,51756.2373,29527.0449,22249.2154,52716.8973,46115.3120,10599.5444,
61200.000,10764.3757,10992.5463,11350.8975,12073.2361,5914.6770,13273.4333,6962.4065,5257.6221,5699.5924,13789.1453,12119.7296,9384.7946,6506.7883,8994.3796,11755.1497,7580.5322,8892.8895,4368.5932,12560.0944,12864.1121,3405.4615,8517.9345,9403.8537,12515.6235,13138.3438,6318.4287,4958.5827,9540.8765,8142.1786,7242.1921,10902.2862,9992.2080,11822.5758,7638.8850,9017.7851,2921.1771,11603.4619,12924.9908,7350.0928,5243.4450,1515.9202,7547.9499,13313.4277,12575.7726,9943.6934,12992.1268,12585.6790,7675.8223,6328.4889,11985.8568,5866.9360,9440.6803,12536.5912,8227.6007,9500.3185,12727.5475,12057.4960,10055.4914,3980.2426,13031.5135,10620.8543,7322.5874,3794.1862,10214.2787,9341.9688,7515.6113,7468.4777,7479.7733,9049.5853,13410.0623,3852.8159,4806.4981,0.0000,11304.6668,5879.2572,10474.8620,8921.8046,6607.6936,7314.6286,12214.6221,12979.4853,11727.1878,12517.2808,10958.8898,7484.6198,10562.7318,6846.2081,13291.8221,10817.8696,10156.0812,10661.3390,12640.5976,11436.4458,12887.3411,7441.8299,11870.7744,9514.0486,2962.8475,10975.6822,384396.8532,404427.2240,402497.7947,400920.6598,393447.8239,405553.5752,401027.1662,399134.5899,336157801.6872,336131642.3092,336174221.0639,336175144.8561,12053.8930,4025.9387,12687.0694,13377.6251,5145.0363,12754.5986,8048.7239,7948.8830,7316.7487,9257.0472,13263.1963,6443.6422,10760.8520,12305.7735,12026.5416,12888.2668,8231.4773,10154.4714,4590.9080,9293.5609,8765.8092,5672.5600,10591.4393,11234.8370,6168.7483,12153.9245,10364.3458,9781.8707,5481.6351,4893.4000,4257.1536,2401.9863,8370.8410,5686.8630,8572.0886,3007.6911,11551.6395,9701.4872,8689.8362,9802.4837,11098.1630,5553.7272,6139.6871,1482.9628,4422.9119,11009.9587,5550.6216,13408.3095,2105.9955,8529.7756,13206.3342,9119.8572,13733.4554,3294.2088,6954.3202,9665.5342,12854.8161,8095.9795,5079.3307,9616.9375,5196.1314,8458.7185,5359.0339,3935.0401,6696.2422,7553.8767,8965.5650,10566.1763,6122.4840,12649.8251,10675.6606,0.0000,808.9749,8629.8200,2664.1413,12645.9905,12450.1319,9415.8501,4170.0273,4651.3749,12924.0107,11142.1006,10337.2454,13341.5766,2923.1945,9838.5747,11274.7123,3623.0446,11094.8429,13303.3181,3466.3566,2627.2111,9848.1366,12737.3815,12841.7523,10315.1671,8705.5367,10509.9841,387057.2575,407193.3020,405253.0785,403822.3298,396348.4327,408193.3364,403647.6458,401917.9522,336154281.5748,336128122.0196,336170700.2639,336171624.3533,9601.0822,4787.1509,7918.1435,9915.8683,10559.7523,10276.9061,9920.0051,8890.8638,11725.9985,3439.9826,13505.7803,4353.6867,2054.0321,11530.6144,10115.7511,10823.3817,10887.6454,11658.4887,10375.2597,7069.7364,9082.5019,3220.1814,4970.4012,13245.8530,7234.1216,12672.4708,6223.3544,11237.4741,8971.9655,13360.9560,12265.4060,13662.6000,13806.8938,11617.7299,10408.2418,7585.0567,13270.4069,13220.7898,11227.6679,12380.4161,9432.3277,12240.6269,12636.5076,10614.3203,9708.6721,13641.7764,7938.6129,11323.1656,13393.9218,7925.4642,11293.9324,7341.6511,11100.9201,7293.7803,3981.8935,9737.2576,11439.5994,11492.2274,4452.0975,13380.3769,12764.8861,9007.0595,13483.3082,13692.2721,13759.1360,13407.2431,12746.1357,10405.5153,8781.5435,12602.5603,0.0000,12107.5029,13241.2673,10936.0961,3028.9301,5639.3934,13340.7171,9615.4965,11410.1761,4262.7844,2908.6680,3252.4206,9386.2177,10638.0251,13040.4889,6143.3002,13234.5145,11480.6642,6954.5954,11407.8923,10646.2980,10619.0396,10675.5410,4392.8915,4391.7861,12184.8657,11931.6399,377025.3679,397071.5111,395150.5609,393535.7075,386121.7441,398068.4386,393436.2487,391718.9727,336164236.8931,336138076.7154,336180655.7024,336181579.6587,11408.4157,13011.4241,4428.9666,13632.6310,7618.6418,7235.9955,6406.4749,10928.5878,11623.8920,9210.1099,8070.8413,10218.9312,13411.4598,13644.2295,8309.1212,11275.4203,6236.4914,9189.6737,6138.2207,3172.0446,7881.9825,9554.4365,8778.4125,11072.3906,12475.2113,7276.8747,5685.4940,1173.9906,7849.8310,5320.0931,11177.6466,9118.2260,9504.6492,1230.6933,11117.5903,12115.9276,11031.6580,10432.3752,12954.4545,4330.5800,8298.2030,5164.2763,4696.3426,11554.6140,8723.6948,13123.1351,3337.3788,11037.4365,13161.3973,10525.1309,13347.6820,3226.1339,3713.7421,6462.9041,13464.9456,8691.5836,6514.4619,6342.6773,8124.4703,10281.3584,2247.8465,7589.3585,9770.1310,10513.8299,11574.3288,12671.7740,6525.3198,12418.6296,12483.2362,0.0000,4174.6785,11092.4958,2151.1000,10590.8531,10900.5683,11906.2568,1557.0033,5989.4463,11532.4256,8693.5333,7202.5045,13716.7211,1759.5393,12125.9140,10082.1196,7236.1468,12617.6012,12869.3901,4810.1543,1515.5922,10800.0879,13680.9865,11469.2808,7405.8952,10028.0177,12236.6339,385413.7106,405518.3434,403588.3441,402072.0642,394640.6748,406477.9588,401864.9658,400194.4190,336155655.7323,336129495.7319,336172074.3272,336172998.4051,8036.6020,9908.7557,8725.1999,12770.0064,12566.2946,8047.5875,8709.1207,4783.1214,13666.1667,8606.6999,2874.2328,9363.8020,7309.2541,12978.6241,7438.4482,10744.1133,12553.1714,10752.7453,11800.0319,5226.1259,3045.2923,13639.0644,9595.8959,10112.1773,10099.8272,13316.4956,11229.4621,12710.5548,12030.4748,12470.4326,13066.4615,12987.1887,11766.8554,3494.1429,11747.3755,12862.0779,12615.1042,10381.5481,9585.5644,10468.6771,13205.6639,10370.1638,5851.2640,13584.7964,7640.2895,11804.3517,12841.3898,5026.9488,8266.2026,5928.4317,12918.6313,8996.4688,7034.2445,6333.6043,13233.6695,10411.3569,8450.7956,13751.4640,13317.1839,11592.1598,13265.4602,13156.7247,12935.1231,12039.7895,10327.7887,9242.3707,9699.3624,11816.7573,0.0000,12519.7528,12594.1597,12561.3562,6381.6852,8419.5881,11911.3774,10913.3816,10579.5025,844.7909,4229.1960,7404.5924,7550.5412,12332.3076,11631.2938,3057.8614,12605.0272,8375.8029,3366.6535,11159.3385,11954.5633,7270.1465,8588.3416,565.0758,8653.1983,13191.6924,8785.2014,374790.9167,394887.9054,392953.5859,391459.7529,383995.2449,395915.1661,391360.3552,389594.6300,336166634.5539,336140474.8131,336183053.3525,336183977.3680,13689.7156,4617.5745,9260.5307,9369.4381,13117.8447,11347.3073,4934.0894,10774.4582,8183.8226,8174.4090,6368.8043,5790.3480,8950.0992,11012.0038,13725.2443,7863.6231,9751.9713,11639.2433,10294.9277,10197.3825,10729.9960,4198.6620,9398.1920,8736.7287,11200.8128,12511.2001,12585.3443,13703.0643,10111.4985,11942.3794,8292.5469,13436.6584,9859.2595,9006.6032,8975.1734,7132.7966,7603.9302,13553.0103,13144.7228,13071.3948,13719.4030,10241.8805,11499.7246,715.0422,13761.2227,9317.1273,5008.4543,11595.2635,2844.9731,12568.8707,12660.4331,10726.0022,6720.2778,9017.1926,13661.8145,10005.8377,11485.6155,8832.3868,12136.6670,12514.7608,10909.9635,10534.3632,9546.9370,9033.5822,13388.2959,2324.3271,7075.3645,0.0000,13649.4154,9112.4492,13062.7402,5719.4152,4489.7680,9199.4544,13407.9022,13746.5189,7496.9088,9837.8233,9616.4923,3566.6411,12991.9379,8542.4266,10324.5715,13156.7461,8745.4322,6127.8370,13855.6726,13428.6928,11365.8478,5082.5712,7713.5638,8869.1500,8402.2170,9936.5426,378496.2918,398524.4058,396595.8493,395014.0028,387544.0210,399646.2285,395115.3753,393227.8034,336163623.9933,336137464.5078,336180043.3112,336180967.1173,13279.1874,10959.3130,10675.6424,2534.4680,8112.1249,11932.3593,10462.3470,10303.0242,9625.9060,12728.8177,12580.8408,11388.2449,8287.3774,3119.9896,12068.8039,9502.3392,7296.8712,7407.4223,7577.8026,10297.4816,13032.9564,11006.8978,10238.9234,9177.1238,5316.3332,7392.6770,4165.6370,10959.9496,8965.0971,11906.9621,3900.9261,8465.2999,11730.3067,11824.2669,12710.0934,12290.7605,667.7958,5323.9601,6468.1751,1176.9574,8691.9877,9600.8729,13567.2595,3147.1417,11607.8669,12152.7448,7444.8613,13122.3725,6822.5597,3905.0780,7053.5919,11958.8386,11526.9623,3100.0836,8371.5914,9558.7972,11997.0719,6451.6039,7908.2062,10142.3994,10633.9571,11248.2534,11429.4510,2440.1694,13759.7115,12945.2556,0.0000,4576.6051,11563.0654,5610.4317,11674.2562,12621.3416,11582.3341,2951.8375,2674.0533,10343.4432,7927.6081,8605.5822,13359.9604,5420.6230,11892.1849,7633.1602,6443.8418,10805.0519,11557.8732,2403.4274,4107.8904,7607.8087,13137.5870,10177.7632,9673.3320,12138.6531,10063.8227,382850.4101,403003.2971,401063.1972,399649.6642,392186.8551,403959.6381,399392.9720,397720.4278,336158211.9653,336132052.1974,336174630.4235,336175554.5936,10944.8276,11176.6835,12637.9647,8396.1315,8100.6746,9357.7185,11397.5168,10082.4157,1922.4140,2326.9052,10342.0557,8344.0757,12310.9594,9638.1198,12323.5002,13052.1745,11959.2339,10751.7914,9607.6784,8051.6506,5425.1861,11704.4415,12015.3261,13517.8814,10575.1931,12471.0297,7124.4437,9642.9634,8859.0929,13646.7128,8896.8544,5550.7348,6977.0359,8126.4562,3502.3643,13339.5602,10960.8977,12263.4241,12980.3011,8033.5742,9843.9195,4119.2958,13236.2188,7044.3398,4074.9548,8956.9204,4263.2677,13024.5596,13589.4143,12652.1072,3852.2432,9952.5419,12215.1507,12529.0167,10313.7980,8137.0956,13405.3106,10821.8602,8706.5924,7974.3790,6336.5729,4972.2189,12259.3697,5576.0638,4578.2857,0.0000,12883.2212,6732.9612,13373.4390,9349.4339,8571.7884,5869.7670,13724.0649,12465.0560,8596.6194,11426.0588,12188.3880,1759.4168,13391.9943,5182.3819,10268.8277,11294.2348,4974.7161,5838.6036,12893.3582,13561.7823,8977.8877,591.3476,8688.3894,11853.7304,8446.6614,6339.6944,378903.8844,398986.4019,397043.6364,395592.1312,388069.9179,400137.1203,395686.9484,393753.0402,336163424.0950,336137265.0980,336179843.4036,336180767.2747,603.3829,12166.9002,13172.9282,10327.8973,6791.8158,6865.8652,11538.3721,11299.5196,12223.4806,1156.8928,13652.4038,11387.1381,1993.0627,4672.7685,4927.9514,10982.4440,12695.4040,6184.4487,6197.5138,12096.7741,5096.8834,2953.6351,6943.6527,9423.1782,9904.3142,9682.1086,9253.6340,3425.0739,8121.8941,13618.5180,10222.0767,7715.2641,3994.9952,11003.0604,10927.2937,12136.3022,7541.6418,10858.1186,13761.7486,7556.5091,9706.1991,9253.8207,8182.9288,12141.4479,13280.7513,11154.1000,5497.6900,9755.2143,9722.2293,12901.0929,2198.1771,11671.2126,7800.2910,6567.9204,5576.1376,5936.9445,8473.9108,8407.2159,8977.9999,9920.6980,11851.7460,12018.3802,7483.7288,8790.4860,0.0000,8747.8040,8317.5170,6681.7516,8932.8425,7199.9920,10039.2665,8916.9343,11384.9134,12480.3920,11429.1384,8690.6231,11185.6767,6734.9410,9911.2126,13218.4062,9828.7595,12657.0615,12722.0631,10542.1700,7975.3607,13650.5630,11299.1474,12581.3684,7017.5280,4444.6288,13016.5646,386664.3549,406695.9221,404773.1555,403153.2886,395721.0453,407747.9366,403149.8436,401360.6210,336155018.7762,336128858.9531,336171437.8911,336172361.7496,11883.5284,13212.7505,10140.1858,7176.4683,6416.8187,11230.2408,11556.3618,12371.8971,1749.3548,13646.3839,11260.7244,2443.9626,4099.1765,4443.6751,10570.1772,12400.7000,6564.7036,6191.9603,12318.5089,4596.3441,2918.6116,6502.6547,9563.2230,9822.1408,10023.1922,9498.4091,3975.8360,7809.5724,13470.0910,10563.9734,8153.0022,4503.3104,11298.6143,10615.0591,12109.8789,7549.1072,10630.5192,13715.8814,7864.7474,9812.8901,9051.4199,8598.7903,12174.3535,13275.2891,11192.9655,5276.6231,9309.2537,9246.5621,12990.4163,2772.8275,11538.6224,7279.1294,6874.4221,6085.9126,5464.6963,8646.5866,8742.4526,9327.0807,10259.7044,12100.1578,11823.4028,7674.3120,9201.6069,0.0000,8635.8735,8723.1950,6418.8862,8667.6023,7060.4362,10384.9470,8557.9593,11234.6246,12274.2851,11052.5062,8206.8429,11345.0057,6441.7083,10263.5535,12974.6156,9900.9469,12804.0231,12672.0926,10368.3273,7686.6307,13608.6840,11521.5835,12373.1690,6527.6847,4986.1945,13141.0293,386467.7996,406498.8432,404576.9772,402951.3401,395524.1838,407542.0665,402935.2740,401158.2153,336155155.3285,336128995.4452,336171574.4098,336172498.2764,7221.4787,10885.1098,11710.5762,10350.4520,8142.2141,12182.2847,11558.2504,12559.0228,6922.0058,4223.3955,13003.5752,10325.6118,8861.9026,6225.9208,5533.3771,11621.2904,13039.0547,10598.8143,10761.4625,10855.8848,7023.0819,8681.1711,6036.6104,11491.7724,10059.2947,12924.2951,6155.7350,6358.7434,11915.2028,12541.4190,13488.2418,12014.4063,2329.0850,5523.0001,8470.9276,3195.8532,6970.7637,10927.3766,12895.7830,5508.8562,12307.8256,10844.9316,6370.7861,12063.7741,8845.2709,4448.2547,6587.5379,10683.1760,12714.3388,3880.2003,8485.1487,11039.9308,12967.2396,8079.9689,9406.7031,11145.2894,11425.1872,11600.5686,11081.7723,2241.7439,13613.8654,13169.4114,0.0000,6768.0972,12193.7569,7768.1930,11015.2527,12387.1013,11846.9737,5037.4009,3832.0077,8600.0362,6493.8901,8330.4100,12501.9036,7548.5712,12069.9587,5417.3842,7859.6439,9928.6638,9973.2099,4387.4854,6387.3588,6133.2104,12434.0421,8392.0668,9782.3729,13120.1302,9219.1062,380343.3326,400500.4420,398559.1395,397157.4621,389689.5918,401460.0268,396901.4994,395223.3271,336160729.1836,336134569.4337,336177147.6301,336178071.8079,11569.0227,9599.9762,13354.0216,10543.9099,7101.6244,7035.8576,12919.4434,1641.5585,6099.5595,13089.9000,13531.1655,12401.2732,10747.8320,8538.6843,9933.7856,13155.4885,4321.5627,13620.0465,12316.6632,11510.9926,6852.5395,7472.0731,7016.8743,7171.1645,11976.1895,10353.5798,5819.8315,6855.9381,9130.0045,12320.5714,6629.1209,8422.2539,3918.2740,9362.4621,7523.9834,3357.8330,8874.3550,10882.7647,8850.0678,8659.3017,7955.5282,1000.4165,9958.4225,11458.9553,10573.9197,11596.3921,6256.1588,12533.9935,5799.0221,12762.2863,9706.3352,10848.3748,12130.2600,8033.4364,8021.4362,7642.8572,6805.2700,5003.5051,5969.9444,12102.2731,9089.8316,0.0000,8842.7728,8415.5319,10988.5266,12607.2412,13116.5224,6922.9610,10134.2438,6326.3602,9299.5152,10418.9566,12498.2915,8972.8237,11004.6112,7189.4008,7424.0285,6807.3191,3795.7059,8009.8625,7465.4928,10298.8272,2053.8604,7958.1277,9129.3478,13230.1029,11601.6195,2506.9063,379804.7952,399985.4569,398029.4131,396736.9301,389194.6960,401052.3857,396618.7445,394789.1970,336161986.6883,336135827.7317,336178405.4779,336179329.5949,13058.1263,5728.4964,3761.6556,9463.1612,7916.6067,10560.5273,10748.4259,12953.5789,9760.8893,8433.3653,10695.7994,6315.0859,6685.8636,12891.5610,5571.8631,11458.4830,7302.8174,11855.6317,11025.5002,13631.4677,13439.4490,12712.4462,13638.2222,10823.1128,12291.3801,7836.3293,11931.7416,12072.5918,10054.3744,10634.8927,11581.2300,12944.8228,13501.7863,12370.2339,9497.5663,13429.6923,4911.1077,12938.1772,12303.4321,5634.9185,11389.7402,4322.0796,12377.3213,9993.3086,7135.2903,7860.7851,11009.4412,12790.9566,7016.2564,13293.9222,11787.9257,10879.7443,13734.6885,13162.6503,13009.3327,12280.0107,11384.6850,11949.4256,6323.2473,10820.7107,0.0000,13389.4126,12108.2789,12481.4126,2259.2633,4113.7669,12077.9810,11768.0056,12813.0738,3994.0745,5728.9672,6119.7689,6670.2078,12265.8814,11610.6915,7323.1315,13788.0005,10216.6381,5153.8466,12943.0888,12436.5423,10756.4324,8295.2133,4264.4732,6236.9257,11240.1794,11042.1512,376337.6302,396371.5078,394448.3203,392837.2159,385402.0904,397422.3248,392828.9992,391038.5038,336165269.2892,336139109.3668,336181688.3193,336182612.2048,11884.7129,13806.1856,8525.6119,10460.6883,6020.5729,10766.1253,8940.6834,6705.2806,10260.3085,8702.2247,13485.7526,13645.9623,685.3308,10280.7958,7760.4785,10733.2362,5788.2101,9425.7539,4463.9646,7277.0203,3923.1945,3297.4599,4560.9648,8760.8127,12895.7869,5300.9192,2869.0421,5737.1145,7258.5292,10810.6018,8598.7545,5110.2466,9687.2341,11670.4915,1369.3645,10854.8620,8219.0016,2863.9102,11740.4865,10087.7791,11862.1056,6830.7610,11687.5042,12898.8591,11168.3772,5091.1129,9273.8692,12157.9159,1407.0710,2896.9605,9164.5122,3497.5357,2002.5790,2804.4788,4580.4384,7529.2524,10390.3589,9534.7418,5519.7900,0.0000,6928.3533,3144.0278,7568.5132,12748.8839,11391.6314,4947.0305,9792.3155,9215.2716,13713.5753,13685.7886,12734.7844,10539.3054,7857.2648,5269.3614,13457.9752,5494.3094,9288.5501,12701.4559,8788.1515,8424.5345,10996.1644,9472.4428,13720.9768,11927.6930,3922.3710,9280.7441,387581.9826,407689.5699,405746.4661,404310.3625,396801.9341,408788.3247,404307.8877,402445.2586,336154426.3705,336128267.2832,336170845.4998,336171769.4429,6253.9297,12350.1864,11775.9890,7656.2040,13007.1555,12062.8871,7279.8869,3175.3732,6235.9238,5851.0105,8473.1308,11446.6956,5279.2894,13587.5936,2034.8981,8251.1936,7078.8652,12721.6591,11813.2866,13229.4924,13064.1506,9092.7946,9102.7157,10794.9169,13177.6347,12075.2638,8805.9928,12862.4446,9887.6160,13031.5904,11138.2928,10869.9744,12288.4540,12254.0405,8534.6421,10584.0365,12402.3150,10219.0444,13076.8944,9056.3132,8730.4073,7276.4301,4760.0079,11884.1431,8532.4060,12090.8242,2609.0807,11639.3632,10844.6098,6553.2245,12402.4267,12692.1532,12992.5754,13155.5343,13524.5792,11452.4290,7836.6971,11993.7429,0.0000,11084.6859,12353.7518,8980.3694,3654.2773,4185.3548,13152.8877,8784.7169,11847.4648,8112.0749,6266.2708,2812.9512,10610.3941,8712.9687,12877.3596,9554.4662,12710.9189,13024.5438,9911.3984,11353.5679,9274.2734,12790.4671,11676.0351,8253.8690,896.5578,9926.4431,13484.3206,380857.3230,400873.2872,398958.3556,397282.8395,389887.9321,401873.0046,397214.1334,395497.4615,336160467.1925,336134306.9066,336176886.1016,336177809.9982,10920.6666,9207.2447,11968.1756,9503.3506,11146.8397,11552.4927,8705.2635,10226.2758,3166.0393,3329.0243,13636.8659,8459.9059,11845.3204,7980.9644,12254.0304,9799.0432,13194.8109,12114.7244,13418.6616,13670.4423,12466.8854,10847.7703,5803.1409,12914.5982,13357.8666,12105.6767,11838.1571,9171.5594,11464.3976,12927.8566,10294.0372,8151.0361,13817.5470,8013.0457,11407.3533,13442.7038,6899.0531,10055.4856,6885.0934,11892.6903,7614.3058,4791.2459,8557.4399,12445.1447,10896.6470,6028.9283,13730.6302,13283.1276,10036.3271,13519.6188,13692.7434,13657.4283,13101.1383,11996.0872,9682.8247,9432.1589,12591.4384,0.0000,12240.9174,13250.1361,11584.3021,4471.6042,6985.6016,13019.7797,9945.2323,10908.4886,2469.5438,2266.0754,4843.7587,8870.8426,11299.5073,12739.0805,4382.7925,13029.6372,10409.6872,5591.9893,11156.7949,11085.4252,9221.3339,10091.7033,2534.7689,6240.4998,12893.4505,10805.1254,375815.9729,395885.1044,393958.9572,392393.6010,384961.8101,396886.4970,392280.5004,390554.0685,336165456.2813,336139296.2425,336181875.0507,336182799.0428,2608.1269,10640.1392,7319.5068,11350.6089,10153.8474,12940.0420,13158.6856,12474.9753,11042.7505,8885.3326,9384.4612,3619.1544,12510.4413,11933.2215,13457.2561,9346.3538,11521.1185,5687.9892,8339.8100,8985.2448,13252.6703,8804.1971,4014.3113,6152.6634,8536.8587,1736.2164,12879.1059,9745.2743,11472.5741,12283.7781,7384.3644,8840.7644,5902.9091,12557.9719,6049.8449,5037.9668,7804.6724,5880.0796,12731.5182,13586.6410,13146.9393,3860.8614,10111.7752,11262.6744,13188.4802,9500.5463,7820.3181,13445.7009,9721.3457,7531.1529,6689.6468,4847.5842,3112.9148,11493.1328,7038.7146,4012.6467,0.0000,12097.3326,5709.2876,13010.6230,10650.9381,9958.9621,4372.5820,13398.3228,11561.6313,9396.2104,11990.3329,12924.3185,3496.6805,13067.8384,3764.8944,10385.1302,10104.4740,3586.7458,6627.9514,12076.2212,13133.6890,8033.4645,1580.9898,9433.7473,12702.3051,8419.9265,4879.5903,379717.4777,399823.4304,397875.6259,396473.5697,388935.5355,400974.4834,396547.5464,394610.5766,336162627.6360,336136468.7836,336179046.9004,336179970.8099,11760.9935,6651.2027,11620.1022,11174.9483,12950.2686,13531.9179,11185.4163,9398.6926,10732.8955,9303.8346,4954.0890,12357.2649,12987.0383,13631.2278,10720.5654,12223.1326,7851.7449,10063.9533,10479.4849,13609.1016,7049.8483,6346.3104,8376.7961,9911.9927,4154.6247,12625.5310,10116.2345,12609.8584,12336.2774,6109.6322,10672.9943,5144.0529,13029.2386,8298.7483,2674.9058,7508.2379,4186.2836,13534.6222,13104.5510,12200.3917,1560.1107,11442.9774,11429.4178,12552.8360,11244.7227,9744.7254,13712.8961,11228.5205,9518.4923,8790.2876,7071.8642,4773.0008,11277.0351,7247.1856,6338.0436,0.0000,12875.7202,7964.4786,13652.9893,9520.6814,9420.8779,6676.6736,13478.7463,11751.2718,7343.6479,10529.0032,12045.0170,2376.1307,13634.3396,6156.0682,8700.7899,11260.5572,3638.1866,4253.9569,12396.5575,13568.2529,7307.3075,1848.2586,7382.0073,12130.0379,10120.1116,5024.1094,377354.0428,397458.4509,395512.5871,394097.1515,386569.0611,398592.8912,394148.4552,392234.1075,336164842.2610,336138683.2622,336181261.4511,336182185.3770,13475.9076,11515.7149,1380.9969,5717.0560,5848.6738,11618.2807,13080.1072,5442.3529,6221.6624,11501.6764,6017.1483,3318.0640,7743.8319,9085.7854,9994.2859,8906.9397,8707.9793,2310.7246,8683.8787,13708.2583,9423.9618,6772.7536,2987.6773,10274.6028,11406.8875,12050.0573,7541.7369,11186.7059,13654.7692,6931.5860,9385.4458,9586.9676,7279.8490,11902.9516,13113.0070,10931.7089,5998.6926,10492.5735,10498.8557,12542.4940,1094.9660,11802.7540,8693.1171,5986.3928,4527.9747,6816.1768,8106.3802,7686.3555,8209.0011,9137.4676,11207.7951,12252.3147,7064.2552,7871.1220,0.0000,8932.9098,7427.7646,7207.5934,9346.0780,7436.4554,9238.2509,9533.4045,11558.0986,12699.5517,11989.7835,9499.9460,10723.8994,7307.1138,9093.4093,13498.3068,9621.1764,12191.6168,12635.8563,10784.3327,8500.9999,13544.3365,10708.5178,12802.5068,7872.5989,3340.4302,12595.4764,386824.6411,406859.3187,404934.3560,403330.2340,395886.6704,407928.3733,403349.3081,401536.2005,336154974.4058,336128814.7092,336171393.5793,336172317.4263,6803.4831,13536.6505,13545.4777,12727.7370,9931.5493,7380.1208,11049.6477,13009.0278,5179.3358,13515.7699,13004.5222,11774.8413,8216.3475,8425.3136,8267.0924,8582.3515,12660.5886,10833.8405,4352.3529,7885.8352,10154.1702,12866.2778,7232.1535,8485.0636,4967.3137,10402.6962,7914.8512,1781.6323,10135.0710,10501.4861,9518.6862,9748.1752,7132.8040,1339.5197,9289.8627,12132.6053,10379.5976,11031.6957,5572.9029,13192.8623,6421.5590,12400.4100,10876.3004,11742.1760,12419.6747,9337.2317,9316.7883,8929.1859,7960.2686,5814.2066,6147.3212,12041.8975,9804.9125,0.0000,9732.6728,9484.3173,11614.0583,11965.8439,12767.6506,8002.2680,10415.6304,6932.1679,8089.6274,9482.6042,11979.0706,8615.5572,11575.9436,8141.7693,6147.3994,8107.1705,3951.4236,6902.0784,8111.4339,10837.8080,884.5105,7887.6831,7898.6143,12891.9920,12368.8992,3004.9260,378285.1138,398461.4986,396507.0685,395201.3975,387665.8395,399521.1796,395076.5396,393257.1715,336163438.5307,336137279.4841,336179857.2938,336180781.4119,12232.3954,11144.2399,8757.5872,9603.4344,8981.8352,8956.9755,13662.6494,8954.1565,11830.4234,9437.9162,7220.3770,5046.6105,2401.7414,8832.1350,6680.8023,11461.2164,5302.6431,8587.2376,9751.9970,10240.8367,12360.9414,10592.2914,3741.0749,2500.6668,5474.6552,2030.6984,7803.8519,7848.9372,13527.4492,3365.9832,9878.4127,11847.4840,5637.2355,13118.9542,7382.4341,6774.0607,9511.3655,11075.0032,11356.2117,535.8886,10591.0138,8149.8583,10940.4501,8150.8640,5937.6454,8156.2158,8567.0136,9185.8994,9432.4792,2133.1771,13762.6631,11525.2031,0.0000,3863.5873,9826.6142,6405.1853,13006.6684,13565.5317,9580.4527,5148.5323,463.3803,11249.8250,9891.9957,10810.5099,12760.2367,6408.4764,10030.9946,8580.6262,4019.5525,9138.5592,11579.4164,1584.2310,5258.0429,6276.7365,12096.1100,11078.2184,11589.2306,11422.6822,8159.3527,383620.6851,403796.4984,401848.2769,400502.1521,393004.5236,404788.8553,400278.2993,398553.4167,336157689.6504,336131530.2451,336174108.1972,336175032.3712,5853.2862,6684.8853,11540.1723,12948.5673,6208.6382,5041.7334,11441.6262,5819.8900,4614.5036,8557.8800,9879.4045,10895.1077,9145.6985,9382.2772,2394.1113,9633.6269,13542.1082,9403.6778,6891.6115,2263.8994,9980.2613,12048.3364,12613.3214,8641.1630,11919.5401,13577.3994,7709.7693,8352.3092,10526.3733,7452.4833,11230.2327,13306.8727,10039.4773,7162.3423,10987.5954,10553.9242,12039.3016,1896.9674,12474.0417,8691.2162,6896.2356,4716.4868,7641.3680,8997.6144,8228.8957,8600.2288,9250.3225,11099.0380,12813.6842,5863.8225,7509.9775,0.0000,9951.2494,7557.8261,8293.8936,8580.3182,6420.2875,9268.3917,10349.7493,12269.5690,12204.2841,11822.0580,9371.9184,9911.0933,8356.4185,9010.8661,13380.7955,10463.8311,12004.8092,12034.3300,11601.8214,9483.2078,13653.7538,10054.4250,12333.4254,7645.8062,3408.1561,12556.9030,385898.5940,405921.7312,403998.1069,402377.8740,394935.4542,407002.2205,402423.7653,400595.9272,336155982.4953,336129822.7991,336172401.7293,336173325.5483,3509.1842,7521.6617,10135.9727,9709.9477,6388.5209,13688.5651,1425.8474,5577.4530,5033.0553,11289.6634,10327.2620,12431.7134,11716.5156,7631.2960,7193.2869,12201.5490,12786.1440,11113.8387,7805.9157,13041.6741,9193.5343,12418.9017,9060.5586,9912.8304,13227.5641,10602.2762,10143.0951,8941.0414,11451.4640,11937.7393,13308.6603,10979.4578,6141.5130,6795.7976,5873.2886,13180.5407,6687.2794,11308.4617,3505.0743,9768.3381,9531.7698,4119.8692,10717.5362,11392.7592,11918.0338,12561.4031,13618.0107,11025.8054,8779.4575,11725.5298,0.0000,9237.9192,11487.8882,6618.9247,6548.8099,6146.0666,12668.7035,7291.0750,10957.2283,10415.2570,8185.3320,4609.0668,11962.1428,6393.4370,12524.9258,11075.4675,11260.9212,13581.7343,11861.4632,10139.6414,7295.3991,13306.5182,12606.6893,10509.0899,2915.0294,8568.8427,13857.9824,383947.8406,403973.1295,402056.8029,400395.4399,392998.1769,404966.9787,400310.1612,398601.3142,336157349.1421,336131188.8982,336173768.0306,336174691.9419,8384.6659,10571.8242,8131.2580,8908.1343,12996.1145,4834.1283,3697.0472,2232.6544,8950.3307,7532.2712,11255.1094,9717.6970,7565.6086,4089.0883,12271.6851,12056.1178,10342.5983,8365.6107,12833.3810,7143.4036,10386.2474,6127.6174,7512.7974,12830.2999,8688.9534,11911.5202,5973.2809,10541.4162,12983.8428,12159.2454,12592.7627,2880.3111,5566.4719,6685.8539,13656.8578,6504.6156,9037.9176,5319.8916,7805.3634,8962.0667,1058.4064,8320.1491,9792.1648,10531.3334,11599.3591,13023.3779,9092.0170,10635.5857,11668.3820,0.0000,6185.5146,10630.3867,3230.9521,9235.5869,8947.6539,11854.0283,4643.1495,8588.4694,11701.1267,9168.7049,6470.2516,13069.7430,3015.3278,11926.7925,11275.0540,8728.7657,13218.8329,12928.8628,7498.1404,4117.7559,12408.6206,13235.9668,11716.7656,5731.5767,8331.5143,13160.0151,385966.0760,406030.8478,404107.4127,402518.5333,395102.3645,407012.0796,402379.8994,400684.4023,336155239.8631,336129079.7760,336171658.6322,336172582.6185,3389.6613,13231.5287,9596.0488,12700.9338,7257.5473,11096.5825,7501.2489,12364.1642,10515.0290,13691.1378,13201.6833,12497.5474,8589.6700,6760.8554,13597.5132,13702.7070,12483.7053,13019.9196,6840.8955,10569.2090,11487.4291,8296.2499,8942.8991,13308.5656,10228.5415,9390.4323,13752.9990,9288.4095,10104.0141,9444.3677,10144.7660,4764.4874,2072.8758,10517.1452,12181.0903,9398.5390,4319.7623,13089.3475,13427.6841,7941.3602,12640.1417,13507.9585,13696.4193,13568.3308,12932.6860,8084.6622,11024.8986,13562.9998,0.0000,10479.2385,13617.0398,9600.4390,6031.8904,8265.2075,13616.7226,7486.9943,9273.7315,5213.7305,1061.5688,3337.4198,11067.0247,9259.3536,13490.6166,4753.8625,11963.2213,11561.9505,8101.4804,9300.2661,8898.9892,9428.6904,11957.8520,5155.5874,5386.4859,13023.8833,11624.2490,377737.8094,397818.5799,395893.4102,394332.1178,386914.0715,398780.3978,394149.0296,392476.3299,336163306.8011,336137146.6079,336179725.4095,336180649.4572,13557.8900,10839.4488,10953.8610,9823.5625,12669.8336,9508.6152,11974.9708,10472.1647,12889.3603,12737.3804,13404.2366,9888.5290,3612.2500,12565.8148,13463.4258,13348.1081,11678.4757,7165.1587,9260.1955,12048.8757,8248.8979,6116.0289,13333.8342,9901.1243,9955.5305,13386.5946,7557.7530,7830.4221,8524.3893,11662.6405,6625.2888,5290.5552,8364.6695,13402.5630,8626.7920,7397.9592,13424.2164,13801.5915,10115.9583,12574.9930,13178.1630,13156.4418,12643.1413,11292.3968,7187.3639,11427.0310,13012.4200,0.0000,10959.1892,13184.1003,11032.1365,7484.4787,9650.9794,12648.8226,8799.2203,8717.6557,3565.9535,2639.7849,6453.9157,9879.8101,10757.3444,12535.9437,1436.7589,11595.9072,9460.5912,6081.2195,9251.7401,10141.1148,6876.3074,10595.6703,3337.9699,8201.9010,13689.3883,9438.6334,376014.1350,396128.5558,394194.2568,392714.9375,385261.7287,397113.4936,392536.3585,390827.3127,336165159.4059,336138999.5195,336181578.0175,336182502.1018,9975.1351,8245.2910,10222.7227,5125.4726,8946.8835,4684.6760,7211.9788,4531.2277,3736.1455,4142.8913,8379.9528,12990.6933,5843.3844,3292.3017,5420.5244,7702.0436,10622.5748,8797.6280,4839.6339,9566.3581,11896.2441,1685.3783,10847.4098,7987.2570,3383.0480,11878.9219,10369.9423,11905.2267,6286.4155,11351.7978,12553.9999,11431.4157,4536.3466,9304.7771,11719.6412,1150.9392,2791.7632,8630.1535,3613.0247,2616.4512,3438.6604,5154.2629,8021.5256,10381.9382,9410.0929,5857.5654,0.0000,6712.6561,3654.6360,7098.9082,12469.7815,11085.4779,5502.3890,9446.9822,9205.3183,13662.9819,13473.3432,12345.8406,10708.0927,7388.5702,5779.3348,13440.8909,5627.2905,9681.1425,12795.7874,8687.7298,8043.2227,11240.3268,9748.1234,13675.9454,11478.7592,3621.8545,9688.0985,387746.0264,407847.8477,405906.6175,404454.0380,396953.2939,408939.8130,404446.9416,402594.4525,336154211.1951,336128052.0323,336170630.3134,336171554.2522,11711.4446,5279.3986,8676.5445,10292.1068,12550.8017,13154.9614,11156.6596,12144.4975,6585.6084,11755.8307,11671.4356,10658.8252,9406.2357,5499.3452,10077.1749,12825.3419,13796.1223,11903.6683,13189.7111,12401.8961,11117.7013,4830.3739,12679.7011,9891.5946,8396.9608,13259.3612,6479.7915,10387.1432,11205.3493,9223.0491,10062.9177,6727.7592,13714.6361,7589.8343,10661.3981,8180.1955,9602.8858,12121.5299,11112.7697,11120.1891,10885.9269,11386.9918,13484.0032,2954.0143,8545.2289,0.0000,12595.9190,9817.7671,11090.1430,4536.5660,1809.2329,10704.7551,11871.8634,13617.0678,8995.4390,9543.7631,7616.7524,7425.1183,10993.4840,10196.5759,11414.1248,13017.1095,11426.7444,9013.2297,13308.0871,11759.6555,13150.6450,8521.6621,9210.3752,6073.1577,7198.5189,12324.0546,381114.3670,401115.0857,399195.7755,397535.0861,390104.7099,402198.6471,397604.3898,395773.6238,336160775.3472,336134615.5014,336177194.6029,336178118.3932,13599.0074,11829.7202,12834.3404,7020.2279,9307.6330,4184.3841,6219.0908,9921.3253,12007.9525,8320.2564,3159.5285,6173.3684,10023.6121,2604.3058,11308.8969,6913.9949,9868.0475,10334.1290,6083.6368,7517.9536,8956.8955,10784.4979,5717.4126,7089.3783,5243.3818,8622.1227,11959.2433,12858.7583,13338.8743,5170.4203,10878.0400,8858.5897,13778.5840,8478.2561,8344.2659,13077.9359,7783.7451,6116.0031,5277.9118,3552.7517,714.9004,9382.0756,9869.7561,5466.6674,0.0000,10257.4709,5400.6290,11982.3599,12512.8966,12178.0780,3392.6529,12182.0466,9252.0169,10418.2973,12330.0773,13618.3296,6693.0304,12081.6211,3462.4105,10050.6682,7671.0790,2130.3531,8099.0868,9966.9184,11856.2955,5925.7089,5015.2621,10357.9521,13714.8555,9278.6462,2299.1825,380919.3377,401069.6785,399114.5191,397792.5579,390237.5702,402197.4883,397791.8308,395881.9930,336161291.1655,336135132.4340,336177710.2548,336178634.2606,6542.6029,6211.5554,11941.8880,11181.7074,12614.8920,12241.3544,7758.7811,8306.0365,11889.5602,12771.3090,11228.2759,7655.5505,12790.4628,9903.1030,12910.1490,10023.3170,10674.4134,13043.7673,11169.9836,9157.4635,9921.5187,11596.8475,11180.2420,13417.7925,10019.7900,7338.7496,7452.7390,5843.4783,12622.4407,6985.4212,11947.7672,3398.1552,10408.3786,9697.6618,5404.8643,11429.6560,11795.8211,12213.7090,12648.5278,13495.6231,11566.9697,7862.6419,11508.1414,0.0000,10225.7312,11602.7557,7816.5268,5305.4776,4851.9868,12694.0306,8293.8410,11649.0042,9671.1229,7791.3359,4212.0596,11189.1111,7594.1639,12468.0608,10795.1479,11984.2640,13352.0955,11110.9834,10962.8240,8416.3586,13323.2586,12016.1774,9797.1627,2139.7732,8685.7087,13758.4120,382868.8434,402883.9026,400968.7596,399292.8266,391896.3966,403888.3028,399232.1507,397509.6336,336158496.7160,336132336.4720,336174915.6586,336175839.5448,5333.9068,7523.0940,7617.5047,9100.9432,7734.6242,4687.8647,5903.1771,13505.2296,10089.7943,7696.4671,5897.2265,11302.0578,9258.1506,10487.2921,4970.2386,8927.2983,13408.4190,6103.3666,11513.6464,6922.6300,7977.2997,13105.5710,12366.5726,12630.7008,2852.2683,8661.4817,9732.5915,13465.0127,3552.2057,9809.6684,8267.5882,4987.5647,5946.8807,4508.2453,6477.6591,7359.4743,8182.4017,9555.4528,11710.7187,10400.3873,9701.1299,9469.2470,0.0000,6248.2730,8155.8740,4183.9225,10616.4733,9430.4593,9829.2132,7009.6411,9451.0744,13202.6170,11668.3049,9274.1022,12458.4097,4351.7582,9928.8150,13084.9811,7742.3000,12585.0066,13546.1691,8416.9489,5666.4124,12902.2906,12252.3701,13240.9265,8097.8339,5354.0016,12619.2155,387925.9767,407991.3489,406063.5146,404499.6114,397057.2127,409021.3439,404433.8386,402671.4425,336153600.0773,336127440.3146,336170019.0446,336170942.9791,8563.9655,6329.7032,11521.5725,9681.3750,9147.3780,2371.4807,11300.6962,12366.7376,11128.8229,9982.7203,13105.4956,5121.1501,9158.4596,5846.1145,5683.7997,11916.5172,9102.0906,12673.1519,4442.9980,11202.5518,13010.3815,11124.7245,12992.3471,3302.8294,3719.9380,5893.4712,13512.7490,8254.5315,7469.2568,5407.6040,8414.1569,10175.2316,1213.0265,8211.6849,10142.2812,10866.6678,11875.8030,12983.6678,7367.0916,11853.1540,12461.1485,0.0000,5151.3631,11257.9646,2648.8541,9818.8410,10081.9961,12170.5632,2519.4660,6973.6020,11270.5955,8351.1177,6379.9915,13507.0914,2251.6702,12323.5018,10167.2376,8065.7919,12915.3213,12723.7575,5866.9941,2589.7751,11328.2309,13610.1389,11233.3216,6404.2253,9771.9896,12656.5111,385211.2237,405300.1866,403373.4112,401825.0697,394403.5316,406260.9536,401633.8146,399963.4977,336155863.2774,336129703.1936,336172281.9102,336173205.9601,3633.8062,4767.8416,1806.2058,8285.5846,6952.4351,10981.1903,6287.6617,6093.3889,9384.0000,8033.9290,7916.7142,4606.0943,3494.8593,6351.6198,9499.2186,3165.6543,12475.2583,5414.9189,5658.9759,11839.6042,7145.0775,12738.1290,6715.6380,9920.6004,12020.9171,10829.1638,8494.6572,5399.8292,12134.4335,3867.7708,7040.1356,8893.8478,1359.8958,3475.1084,4097.6928,5448.9822,7215.1895,6851.9159,12028.4486,8093.0068,0.0000,4209.9784,5711.9563,6613.7454,13597.2671,13125.5687,5975.6878,7739.4248,5422.5401,13019.3798,12580.7012,12576.4522,11604.9203,6867.6991,6588.8298,11555.4943,1193.2766,8305.4907,12333.2778,5274.7287,6640.7670,8234.0472,10458.3031,12932.4117,12508.4192,7903.2231,7627.4806,386370.8480,406528.0389,404578.0540,403224.8698,395705.2502,407585.4208,403115.5737,401303.8467,336155367.6105,336129208.5332,336171786.4630,336172710.5358,8065.2263,5395.2852,9993.5854,4208.7494,10296.3110,9304.8666,9104.7458,11094.3808,10566.6789,4755.3487,3939.3719,3180.2947,3080.9975,9470.1306,6146.7074,13607.8455,2142.5065,8792.2610,12643.0991,7262.1355,13589.2915,5561.8467,7170.5807,10007.8323,11970.4812,9773.4453,2925.3769,10524.4897,6262.8247,9496.4908,7066.8295,4118.0340,6839.9745,7493.4909,8595.7367,9651.9101,4318.2666,13335.2686,10850.1499,0.0000,1691.2873,8821.0203,4738.3821,13193.2736,13312.8201,9055.4452,4734.2140,2593.8662,12410.5181,10927.8976,11002.2424,13085.2586,4870.3386,9550.1130,10250.6105,2546.2627,9922.9959,12629.8087,1835.5167,3988.5532,8061.8063,12343.0322,12282.9858,11363.3882,9966.5128,9095.2861,385726.5706,405888.5249,403942.5748,402569.3414,395076.9186,406889.6372,402371.9376,400637.2280,336155634.6990,336129475.2887,336172053.3241,336172977.4611,3174.8867,7100.2348,10634.5863,11147.7812,1794.2767,2732.6863,7637.3136,4064.9460,11342.3067,7434.6229,7371.5913,10118.5277,9321.3001,3837.2685,9943.7403,9559.1453,2076.9015,9745.1638,7780.8197,10468.4017,9664.0666,12742.6659,13696.6848,8515.6310,8048.1720,8987.4651,13517.2054,4872.0396,5053.3009,11531.4554,4907.3566,2238.1266,1213.0465,875.1798,3917.2344,10011.0304,9588.2207,3963.7131,0.0000,8520.2377,1915.9511,10021.9528,13090.0489,12081.8173,1412.4291,11293.5933,9180.6964,12638.6150,13612.3872,13745.2706,8604.2001,10237.0240,2109.8184,12324.8100,5866.3693,6075.6427,10867.0980,9355.7763,10365.3793,8745.4098,7040.8085,12617.1909,13337.6358,6279.3392,6080.6305,384895.6334,405028.8496,403077.5424,401715.5815,394173.6812,406155.5262,401729.6495,399824.5171,336157320.7504,336131161.9618,336173739.9042,336174663.8730,7490.1450,8348.9765,11490.1496,4861.3228,4559.4785,8513.3603,6875.6673,9444.2839,5840.8942,4639.8694,7981.4445,9841.8004,2137.5878,11838.4097,7039.9064,4061.2506,11488.4995,7674.0842,12277.4485,7582.1723,11193.3697,12916.0556,10400.4697,7952.1439,6977.8966,12827.6531,3247.0302,5852.1836,9835.5170,1912.5682,1818.9334,2383.3291,3959.9654,6265.4382,8322.2170,11277.7812,6670.3252,0.0000,5796.9039,4132.8549,7758.3983,13684.3558,12918.3030,4509.2203,9178.5027,7055.7160,13314.7734,13335.9428,13245.1574,10862.5664,8027.1146,5159.8908,12279.3681,2995.1083,7821.4938,12236.8210,6979.4269,8029.4125,8778.3243,9554.4971,13254.9797,12970.8010,6914.7718,7345.8834,386503.0955,406651.6277,404700.9643,403345.1985,395816.3291,407736.6205,403284.5518,401435.7111,336155425.5850,336129266.6353,336171844.5615,336172768.5926,9648.8531,13418.4351,7515.9129,4691.6144,1521.2073,8473.0912,12014.3980,11524.2380,7622.3765,11531.3122,12969.3522,5729.0338,8650.5277,10076.4544,5269.8597,11086.5431,12333.2207,10261.4510,7129.1816,11612.0044,11690.6105,11428.2174,1391.6584,11730.9036,10195.2807,5034.8119,2356.2831,8412.2017,7358.4950,6132.8936,6483.9530,7281.1850,9540.5538,12336.2067,6397.3593,5783.1365,0.0000,9216.2232,5424.7608,8249.7430,10042.8342,8020.9426,7334.7211,10517.8444,11585.8461,12753.9586,12713.4382,10820.9985,9544.0338,8406.4633,7150.9030,13595.8381,9059.4598,10841.4791,12088.5290,11005.7621,9420.1878,12867.3298,9223.3594,12851.7647,9383.4090,1054.7207,11322.5062,386589.0206,406636.4395,404705.9705,403145.8680,395676.9215,407736.2485,403198.9200,401341.7063,336155420.6628,336129261.2309,336171839.9219,336172763.7620,11114.2832,11685.2561,10712.6926,10675.6020,12663.2307,3983.7960,7434.3265,4306.6571,3911.3404,11290.2615,8117.6233,13507.1722,2176.2481,10652.8746,13326.3914,9970.6134,13689.0086,3208.0831,4352.0494,7364.8330,13409.3540,8923.2390,5638.4917,7438.9775,7608.4859,10156.9125,3302.9316,6759.3125,9177.7081,9946.7868,11085.0007,12238.2064,5890.3502,12860.6438,12311.2868,0.0000,3048.0798,10713.7852,1877.0751,11417.3940,11675.5975,11456.9150,1455.5279,5089.4428,11959.8208,9334.1656,8222.0057,13860.4919,1639.5959,11747.7048,10255.6652,6241.8236,12269.6107,13085.3059,3802.6620,415.6610,10358.8893,13657.9213,11877.6021,8475.3719,10060.5426,11775.2140,385818.4494,405937.8318,404004.3170,402520.9619,395077.4141,406901.7785,402307.0618,400628.8704,336155282.5789,336129122.6929,336171701.1599,336172625.2584,10575.7953,12253.9891,13341.4705,9431.8148,8317.0188,7868.4331,12101.9489,8692.5483,2750.0653,12510.9162,9367.1528,10527.3172,12051.7461,5816.1001,5226.1171,7691.7498,12669.7090,8986.5406,8413.8183,5707.5841,13751.7528,8163.9172,10153.2511,12918.7392,13219.6532,11913.6485,11832.7111,11956.8587,11691.4164,10771.5765,8743.4464,7049.9385,11328.9067,11518.1940,0.0000,11205.2382,11790.6766,12110.6304,9249.7691,10857.1391,10723.5771,10283.8626,8482.3326,4294.2771,6022.7720,9359.2781,8289.1400,11936.0735,10627.4109,2274.6072,10759.7190,6549.0798,4536.2437,9412.9874,11260.1862,4055.6002,8571.0254,4040.0927,10684.1506,13426.0517,6464.1847,375648.6528,395791.4803,393847.2422,392451.1939,384955.3379,396819.7469,392311.3186,390538.8843,336165809.2071,336139649.7393,336182227.9142,336183152.0060,3213.1818,7703.3226,2339.2626,12051.5715,8167.3595,8819.2100,10988.9716,8734.8813,5451.6077,8766.8644,10703.2245,2761.4946,8465.3488,7687.6008,9215.5721,10809.3915,13278.7465,13810.5949,7161.9287,8618.1101,9824.6230,13677.3391,6359.1008,5594.9572,12356.9628,6529.8353,3913.8538,2916.4615,925.5324,2653.1276,10626.8322,8736.1282,2962.8437,0.0000,9827.1815,2441.4984,11167.2848,12551.9101,11554.4474,392.0736,12196.7144,10071.0970,11881.5301,13388.8841,13761.3384,7135.8609,11337.9523,566.6648,11942.0303,7293.8971,4967.7682,9752.6949,10385.5282,11457.5534,8489.4698,5437.9600,11876.9166,13376.0765,6696.0872,5331.0981,383432.8086,403558.6603,401607.4563,400240.4086,392694.6429,404700.6813,400283.3103,398357.4181,336158885.3659,336132726.6164,336175304.5814,336176228.5264,5154.6374,4926.6766,12116.8982,9347.1675,7544.8104,11121.1513,10891.8132,3749.2078,8988.3720,10150.3869,674.5486,9995.9410,9785.0340,10060.2223,9028.0646,12874.1956,13452.0125,9346.1557,5821.2313,10451.7344,12766.7984,4208.6132,2491.1025,10852.3396,5638.7898,2807.3120,2456.3587,2890.2328,5727.6254,11357.3362,7900.8959,2730.8345,0.0000,9068.3480,847.3258,9725.8629,12128.6820,10621.9730,2961.4786,11505.2859,10521.3191,12856.1132,13693.2791,13115.9754,8357.3298,9944.4243,2961.3141,13153.3635,7203.3134,7721.3725,11254.2768,10400.0148,10435.8982,10582.5180,7121.7570,12891.3511,12294.6611,3750.8558,8080.0576,385720.6559,405818.9441,403874.5761,402441.3220,394919.8500,406951.7400,402496.5605,400587.3934,336156528.1837,336130369.2430,336172947.4455,336173871.3453,8280.7159,12767.9420,12296.8910,8937.7563,12407.8425,13007.6682,6927.1550,7549.5873,11155.7843,5782.9157,10424.6289,12694.4116,9340.0567,8321.5416,12170.0422,11803.1080,10966.7834,2497.9157,12581.4935,10246.5615,6375.2930,3127.3758,9227.4331,8578.0865,7070.0047,7231.3970,7650.0019,9585.2226,13050.5715,5084.3062,5498.8770,0.0000,10407.4630,5871.6924,9392.8665,9338.5421,7089.8878,7593.0629,11411.0110,12471.1664,12304.9293,12610.0604,10752.5919,8689.3696,9505.7518,7259.1411,13561.3345,10173.3925,10774.3357,11515.3454,11986.8611,10484.8620,13122.5484,8558.4007,12431.4619,9230.8916,1919.4104,11433.5744,385595.4603,405629.1476,403700.4232,402120.2391,394653.6008,406740.8320,402202.6082,400330.2823,336156501.1094,336130341.6677,336172920.4344,336173844.2427,12522.6471,8900.2214,10418.7019,11705.4547,7700.4554,7488.6283,7229.8887,11799.8822,4692.2419,6510.7236,7440.4869,7396.1442,12040.0867,13520.5838,13525.9128,5127.2760,9616.8401,10558.5815,13534.7489,8272.4426,6949.6914,13114.6336,8408.4938,6062.9781,5145.5468,3201.0044,1932.2886,11033.8742,7861.4932,3262.4919,0.0000,11172.5961,4345.2761,12333.0969,11605.1962,10795.7845,2715.5230,12949.8724,10856.6698,10482.9811,12642.4766,13409.3813,5122.9278,12437.7324,2181.7052,10990.9340,8883.9008,3595.3382,7950.9472,11332.9271,12498.9743,7941.9563,3272.5517,10494.6705,13144.3207,7780.2185,4526.4240,381200.0289,401318.0513,399367.7881,397990.0053,390444.8516,402467.7084,398050.9562,396114.8457,336161153.8275,336134995.0541,336177573.0712,336178497.0001,5849.7939,6883.9504,1831.1569,8755.7786,10007.7389,13439.8634,3580.3920,11927.5913,12056.8118,7726.3050,12969.0996,6937.9151,3313.8759,6468.7417,11983.8016,11604.1910,3687.0881,7876.7669,9923.4481,12215.3940,6269.6789,8392.0939,10549.8451,11031.2830,11601.2582,11720.9502,2814.1501,13659.4185,13156.0985,0.0000,5044.2406,11877.5462,5735.0484,11284.5185,12334.2670,11915.0846,2841.7204,3296.0679,10002.8142,7397.7064,8080.6650,13334.6970,5504.3014,12189.5019,7321.4345,7006.9620,11011.8867,11391.9013,3036.7441,4243.3143,7790.0212,13209.9510,9839.2516,9234.7173,12292.3923,10327.2392,382480.7606,402627.9677,400689.5158,399261.5858,391805.1871,403579.3971,399002.6877,397337.5200,336158546.4368,336132386.6026,336174964.8871,336175889.0527,6522.6554,4388.3376,6349.9898,7507.1775,12849.4418,5535.8370,8879.3086,10754.8572,3660.4355,12316.1644,8942.6713,8671.1492,10833.6554,9550.9977,11719.6373,2343.9621,11919.9492,8147.9417,10582.2553,9944.7516,5848.4044,7321.2245,7455.2908,7678.6878,7471.0487,3432.1196,13366.8231,10353.2367,0.0000,5545.0289,8768.2340,8221.0765,13367.5169,13809.3970,8041.6255,7371.3965,2861.0365,11025.8811,10622.2626,11984.5661,11585.9886,8273.0998,8526.0131,8524.1143,3942.9760,7174.7721,10673.2129,3981.5191,7341.4702,4635.7141,10662.2115,10850.0061,12697.9582,11283.2548,6025.3039,382750.7346,402937.1741,400983.6565,399679.1094,392156.0685,403962.6742,399494.4988,397722.2792,336158784.4484,336132625.3021,336175203.0898,336176127.2521,5677.2605,11341.7371,4212.6562,13121.5193,3544.9255,7391.6359,13171.3407,9383.3360,13619.7263,3489.6911,8176.1631,10588.8263,12737.6773,7240.7816,5959.6802,10312.5716,3804.6729,7298.3317,6059.0925,2781.3012,5501.5986,6437.3276,8034.7713,9995.0604,7146.4255,12181.4975,9733.0191,0.0000,2080.9685,7530.1886,3435.6968,12908.0293,12409.3928,8502.9496,5525.2096,5630.7451,13404.7257,11976.6472,11050.4120,13004.9892,3774.6455,8947.7733,12029.9755,3235.7506,10841.1366,13469.3748,4642.4144,3910.8957,10217.0167,12271.3883,13341.2841,10793.0864,7649.8805,10330.1855,387719.4815,407851.7184,405910.4849,404482.0139,396999.6709,408872.4290,404341.8293,402584.2120,336153754.9657,336127595.5244,336170173.7465,336171097.8074,8546.8779,8736.3366,13584.3696,2523.0606,10861.3272,12161.0632,6938.6822,13203.4081,6596.0833,4905.3220,7967.6828,11772.0087,11218.1602,2127.1368,9111.7257,8774.2336,11424.0114,6750.7007,6936.1810,9264.2614,9768.0083,10455.1131,10763.9984,2127.5850,13718.4437,12372.9391,0.0000,3763.4977,10825.2572,5426.9324,12175.5425,12924.5828,10821.3498,3372.0916,1611.4159,10819.2886,8753.4128,9390.3842,13212.9179,5318.0430,11187.5852,8152.7256,5352.9166,10315.6493,11710.2527,1279.9538,4004.3899,7290.9638,12823.4922,10655.4952,10292.3706,11677.8010,9499.0838,383469.4057,403629.5508,401686.8195,400294.5928,392820.3884,404598.2024,400049.8193,398359.5598,336157676.0482,336131516.4037,336174094.5403,336175018.7100,11179.2926,9699.1210,10254.0251,10571.0213,5999.3634,2975.2894,8224.3629,12632.4841,10179.1574,10286.2905,4790.1413,13480.7208,7395.3366,11763.7951,11811.2896,12296.3476,12529.0245,10510.7737,10395.6237,10001.4168,8926.5984,6615.9250,6764.7125,11535.5992,10227.6927,0.0000,10628.9652,10291.7604,12127.9827,10897.4263,11961.9388,8892.7788,10718.7958,7844.7155,6534.3941,8350.2841,11179.1640,7944.2360,12039.2825,8893.0471,4814.3366,9392.8717,4378.5392,5446.2616,8950.6834,11345.5786,1886.2864,7593.9267,6333.2100,12211.4663,12770.0080,3967.3329,376881.0097,397044.2823,395093.1264,393756.4556,386232.0368,398099.6737,393637.6445,391825.4902,336164786.2721,336138627.1043,336181205.0404,336182129.1411,11522.6347,7301.2834,3521.0644,11949.4982,9327.0418,12316.1593,6553.2535,11219.2343,12758.4040,11214.9516,6105.1295,8202.8095,12246.7938,1218.0346,4213.8107,9004.4653,2184.5413,1615.3348,2663.1725,4611.1843,7405.0179,9441.0512,10449.2267,6308.1404,0.0000,5946.1017,3737.4888,7084.8081,13183.4306,12078.0317,5078.8612,9145.7530,8152.6407,13712.2292,13528.9630,12812.0948,11016.8664,7388.5026,5552.1508,13079.4848,4207.8450,9063.6663,12786.7309,7753.4991,7768.0218,10312.2429,9884.2451,13690.8841,12208.8865,5187.5522,8847.9050,387559.2791,407683.4360,405737.8968,404329.8472,396816.8267,408770.1985,404294.6151,402446.5819,336154369.3333,336128210.2642,336170788.3801,336171712.3637,13736.3220,9285.7004,4336.9818,11138.1681,2211.1101,12768.1225,12672.9332,10782.0139,6054.7789,9411.7747,13441.6205,10229.2038,11578.5238,9037.0518,12361.9923,12479.7192,10858.9415,10436.1785,9342.1569,8609.5100,13147.7121,2931.8325,7000.1484,0.0000,13642.2448,9059.9104,13205.8973,5951.0595,5005.8230,8981.0046,13440.7625,13554.8201,7134.8137,9716.3613,9784.8582,2919.5332,13134.6151,8322.3490,9947.0497,13037.1614,8202.5960,5530.0767,13735.3079,13502.0002,10878.6717,4547.7413,7342.7365,9182.7560,8703.0252,9420.1297,378080.7807,398116.9092,396186.5475,394621.9581,387145.8170,399240.1644,394718.3608,392827.7698,336164042.0435,336137882.6055,336180461.3464,336181385.1654,9957.5575,13051.9785,8492.4615,13760.9537,4398.3992,5461.6805,8576.2232,12751.6166,9595.7564,3790.2833,9023.4394,7087.2050,10078.6705,5325.5245,5538.9816,8208.3970,8930.8875,10047.6833,11092.6077,4503.7536,13333.0092,11826.2119,0.0000,1563.4352,9999.5741,3230.4804,12407.9315,12679.6143,10466.3706,2702.6852,3239.2116,12120.0678,9975.3346,9617.2148,13627.7715,3239.2535,10862.6531,10018.6953,4491.1546,11165.9226,12866.6742,1852.4078,2033.6553,9049.3131,13166.6487,12003.9448,10025.3128,10271.8305,10473.9484,385684.4518,405829.5460,403889.4198,402467.1392,394999.4699,406805.9859,402248.4207,400549.8335,336155506.2270,336129346.5649,336171924.7967,336172848.9282,10002.6278,9340.4077,10229.9520,9116.5550,12854.2319,13552.4195,9204.1335,6341.2043,10083.7866,12985.0554,4163.7629,3081.8511,10995.2084,5305.4626,2349.6858,1839.0246,2315.0208,5302.2438,11036.5112,8371.1449,2946.6459,0.0000,8861.1399,348.5539,9738.7873,12431.0641,11041.1138,2463.1943,11431.4186,10178.2510,12879.0252,13732.9632,13314.4439,8470.4347,9962.7582,2608.9036,13015.8182,6789.4322,7366.0920,11234.5621,10113.6391,10372.2105,10186.4779,7133.9502,12900.0533,12590.0541,4356.2113,7641.9297,385647.9879,405755.3085,403809.1139,402394.3427,394867.3904,406886.9690,402439.6606,400530.9615,336156595.2960,336130436.3989,336173014.5327,336173938.4495,8110.0631,2461.2893,13518.8784,12014.3198,10510.6496,2401.3558,11829.1932,11609.6485,11002.3336,12327.6183,10887.5707,13105.6194,12312.8990,11056.5342,10506.4008,9065.7904,7033.1157,11091.7949,6962.2751,8144.4908,0.0000,13182.2319,9697.6466,13550.6804,7528.7901,8026.0844,8741.5350,12969.3792,11875.1838,4918.0665,8513.7172,10291.2241,2812.3924,13454.1324,8245.5356,7070.4650,12194.8741,5463.1478,1814.1054,12475.3127,13363.3097,7550.0590,3909.9482,5000.5549,10584.4321,10975.2195,6586.7157,375927.9789,396017.3505,394077.3848,392612.7575,385110.2302,397123.6323,392636.8235,390762.9463,336166043.5720,336139884.2920,336182462.6831,336183386.6107,10120.8595,11329.6572,9923.2120,11001.3132,6598.8110,12800.3539,5273.6565,12324.9663,10081.9405,11356.0007,11814.9391,8330.0277,8609.9854,8320.6047,7607.7498,5906.4797,5228.9577,12401.0994,9798.4531,0.0000,8655.1511,9107.9766,10760.0384,12400.2079,13099.0555,7741.5249,9629.4124,5809.5467,8904.5831,9787.5559,12028.4203,9377.1948,10745.6267,7996.2505,6700.2422,6945.9958,4531.4336,7944.7161,7020.1571,9950.6610,1289.6092,8533.7601,8713.5216,12901.6955,12033.8181,3357.3770,379477.3600,399659.3916,397704.4399,396406.3094,388871.3561,400711.2434,396264.6217,394455.6836,336162208.4663,336136049.4189,336178627.1952,336179551.3291,13460.0628,12369.7220,10399.5972,4629.1709,10971.2213,12948.1877,10372.6552,12498.5818,10463.3092,12873.5709,12966.0647,11565.0146,11090.2473,9818.1086,8411.5369,12457.9877,5070.7891,8081.8064,0.0000,13842.3292,9962.5881,13684.9417,6071.3300,6134.1275,9466.5455,13418.9403,13123.2046,5476.1699,8751.7804,9705.0729,2572.0243,13579.8309,8866.0007,8424.2094,13174.0083,7383.3635,3473.1039,13497.0024,13725.4528,9650.5217,4439.7911,5670.0618,9595.0107,10282.0696,8577.4681,376370.0145,396425.1405,394491.8542,392959.7288,385476.8712,397537.2741,393023.0378,391145.2046,336165650.2604,336139490.8349,336182069.4695,336182993.3336,6723.4598,8740.9131,13703.3705,6206.6574,7786.3807,7869.0007,5662.1976,7897.8493,3001.0903,5935.0803,7880.6165,8769.3920,10181.4428,12010.7086,8363.8572,11477.7705,10889.0179,0.0000,3991.0865,9256.2855,1369.0166,11256.1990,10745.5620,10539.6464,4488.9804,7329.4358,12952.2428,10832.3493,8870.7985,13408.3631,1600.3532,10776.3003,12056.9993,6489.0755,12574.5600,13657.3413,6106.7907,2939.0974,11861.1162,13149.9319,12932.9178,8307.6643,7628.4279,12320.7019,387566.7942,407660.1327,405729.4015,404205.9200,396763.1071,408656.1382,404064.2310,402345.3782,336153734.0884,336127574.2677,336170152.8618,336171076.8791,3639.4721,12586.4315,10987.8023,6763.8642,4923.4963,10848.7400,12430.2262,4676.6243,10058.3210,11881.0520,12388.5337,12927.9360,13146.6445,5829.8280,12678.0544,13687.1702,0.0000,6794.5355,12814.8549,5775.6941,9213.8471,10460.7380,13164.8127,3040.1030,6378.5204,9178.5464,5654.6497,5227.8074,13267.0557,5399.3894,13279.0540,7401.9893,9235.8546,12380.4629,11240.1912,5840.3853,4738.5246,9754.6070,13577.3152,9079.1054,6499.1133,12144.3500,12037.3852,381947.2817,402052.9406,400124.4627,398602.6813,391180.9310,402991.7839,398362.6534,396719.7342,336158986.4811,336132826.3291,336175404.9731,336176329.0799,11724.9310,11166.2693,9413.7236,2590.2939,12365.7305,12853.0320,6230.2272,12103.6053,13191.1681,13523.0297,13680.9868,13526.8974,8295.9893,11027.8870,13627.2378,0.0000,9654.7352,13466.1404,8245.9215,6201.4801,8027.4136,13778.0426,6348.0282,9168.2711,6941.4418,3079.2525,2050.2528,11901.4669,7878.5260,13686.4737,6544.1371,11601.8023,12485.6338,9570.5406,8879.3652,7689.7929,10529.1388,12714.8874,6921.1083,4066.3773,12330.5755,12519.8818,379541.1420,399610.4114,397688.4502,396098.5194,388693.3583,400562.9755,395911.7446,394253.6171,336161462.4725,336135302.1782,336177881.0816,336178805.1164,12284.8551,10821.4482,12393.5670,11810.9963,10742.5484,13720.6722,11480.1667,10115.5048,9439.6717,7791.9200,5204.8796,10508.2623,8329.0326,7578.5986,0.0000,12752.4717,8871.0253,13667.4568,9602.8145,9937.3056,7469.2255,13133.5634,11178.4819,6508.2571,9796.8085,11790.5016,3585.6023,13620.4291,7066.3504,7525.2027,11222.1841,3337.0088,3411.7459,11948.3593,13402.3677,6194.5552,3384.7398,6498.0659,12156.2977,11124.0125,4520.1298,376506.9802,396624.7911,394677.6491,393280.3540,385752.3680,397742.5608,393295.1552,391402.0861,336165563.8688,336139404.8283,336181982.9630,336182906.9282,11654.4626,9514.8689,5196.9544,3498.3874,7415.9733,7481.2926,6810.6729,7320.9140,8306.4646,10556.9514,12226.2641,7120.1131,7090.4927,0.0000,8794.9786,6512.5533,7416.3498,9977.3520,8040.4864,8415.5160,9841.3573,11442.0596,12992.9801,12506.1228,10273.6334,10505.5936,7563.4806,8293.1667,13710.8340,9135.0786,11725.5837,12673.9216,10717.3921,8702.2270,13312.5356,10306.8030,13087.2477,8750.7806,2345.9048,12119.2161,387123.2824,407166.4320,405238.5996,403658.4055,396202.7079,408247.5183,403687.8128,401857.1519,336154757.4067,336128597.8366,336171176.6093,336172100.4585,10604.7699,8534.2612,11208.4832,8418.1670,6339.7656,8431.8024,8789.3471,9297.1436,9360.9275,1702.1801,13789.6801,11624.1248,0.0000,4364.6938,10014.8000,6803.8466,12917.3803,13565.2297,9672.2526,5367.3860,594.7872,10943.4191,9648.2598,10761.1657,12623.3252,6786.3719,10105.6395,8177.8415,4417.2768,8933.9904,11286.8909,1983.5806,5622.2995,5856.9999,11982.8252,10762.8382,11620.3253,11689.6534,7935.2271,383106.2453,403284.0036,401335.4045,399993.5407,392494.7926,404275.7755,399766.9098,398042.4611,336158200.0618,336132040.6588,336174618.5988,336175542.7776,11657.6028,11729.1000,5218.0263,11935.6654,12818.0002,13218.6359,13536.4232,13843.5730,9812.9160,9840.9528,13022.8550,0.0000,9820.3739,12941.9945,7748.8966,5386.1565,6546.4119,13620.0219,6841.3415,10303.4672,8161.3075,5097.7800,1297.2949,11835.8504,7407.6856,13474.1632,8575.5794,11882.8199,13179.2232,10406.4700,9760.9310,7697.3073,12019.7608,12706.0455,8220.1794,1743.0872,10981.8495,13375.3611,381046.9933,401088.2754,399170.9511,397530.0780,390136.1644,402055.0606,397389.6643,395715.5723,336160060.5121,336133900.1645,336176479.2444,336177403.2154,3923.0308,8199.4909,2652.1062,2717.7882,3718.6001,5581.9265,8345.9951,9703.3061,10264.5030,6770.2975,0.0000,5731.1605,4408.2411,6362.5016,12846.0846,11650.5851,6002.1036,8731.3253,8404.4421,13828.5242,13384.1910,12319.7033,11378.1674,6679.3635,6380.2849,13299.1149,4719.6426,9897.8966,13121.8603,7820.0393,7249.8899,10997.5146,10409.3272,13820.5610,11582.8901,4650.9608,9743.5500,388041.0581,408153.5796,406211.3604,404772.9436,397272.7173,409231.6155,404735.6984,402901.2806,336153820.9966,336127661.8090,336170240.0408,336171164.0110,9654.8555,6197.2266,4224.7291,4433.5691,5290.1524,7925.1758,12028.0337,7235.7702,4207.5620,0.0000,9015.2285,3292.2356,8866.3610,11400.4869,9569.2854,5370.3818,11066.9069,11151.8977,13194.7149,13551.2772,12252.0281,9207.4061,9082.1101,5275.1295,13748.8483,8018.6116,9615.8393,12050.2483,10742.4595,9880.5211,12052.9752,8418.0359,13262.4694,11093.0753,1360.8040,10027.5209,386729.9523,406801.9282,404864.4659,403366.7980,395870.7899,407921.1064,403426.2344,401539.3403,336155418.6492,336129259.4817,336171837.9274,336172761.7914,8382.9040,10093.8733,10833.5721,11882.6704,13162.5354,8390.5855,11295.1837,12185.0427,0.0000,5766.7999,11069.7855,2875.7883,9504.4666,9501.0943,12156.9404,3702.0537,7942.0675,11551.9715,8775.8973,6324.3342,13395.7497,2559.5768,12266.3886,10822.4335,8536.3859,13226.9851,12928.5962,6831.3023,3411.1193,12035.8185,13548.7117,11544.2547,5942.4049,9121.1044,13076.4915,385655.5162,405730.2157,403805.7419,402231.5846,394815.2430,406699.2692,402065.6819,400385.7371,336155472.4836,336129312.3745,336171891.1823,336172815.1985,3081.4100,3968.2432,5661.8155,7872.0281,7732.9436,11714.8306,7923.6833,0.0000,4140.6510,5432.9659,6064.6968,13511.0646,12819.3663,6183.7483,7743.7368,6261.6770,13500.7403,12921.5708,12492.2289,11862.1687,6366.3910,6749.8613,12281.6707,2134.3300,9137.4298,12882.9271,5839.8235,6406.0298,9363.4581,10776.9278,13437.4207,12209.3923,7005.9521,8615.5196,387299.7275,407443.9353,405496.6148,404115.6615,396604.1049,408503.1415,404021.3329,402208.9212,336154444.5791,336128285.4474,336170863.4749,336171787.5209,1052.6273,3043.6663,5954.3399,9618.5619,10043.6630,5167.5201,0.0000,6970.4566,2495.3334,8332.9631,13173.9999,12083.5078,3530.8157,10051.2812,8492.5962,13303.4204,13603.4717,13243.8412,10018.9375,8599.9089,4069.1303,12787.2690,4650.1326,7816.8672,12019.2759,8351.8399,8859.7569,9616.4170,8703.4802,13281.5487,12715.1317,5413.0765,7664.9052,386564.8954,406693.7627,404745.4921,403359.2847,395832.8287,407798.6427,403345.9964,401472.0395,336155494.3473,336129335.4115,336171913.4433,336172837.4207,2034.6952,5059.4891,9911.5003,9793.9985,4472.0635,0.0000,7774.5251,1876.9527,9193.6534,13183.9244,12096.0502,2527.0237,10729.1463,8912.7430,13086.1793,13710.9287,13557.2468,9379.4076,9438.5789,3112.2839,12686.9204,5262.6131,7081.5523,11560.9013,8917.4429,9649.3245,9316.0647,7944.2515,13066.7256,13063.1978,5684.3703,7008.4141,385893.4943,406023.6630,404073.9381,402698.6870,395164.3872,407140.7999,402701.9009,400810.6249,336156254.6859,336130095.8295,336172673.8191,336173597.7890,3190.7340,10209.7703,9152.6601,3439.7929,0.0000,9097.3293,2047.0852,10531.0405,12778.9847,11789.2646,559.1590,11664.1136,9520.6447,12196.2219,13425.2907,13691.0545,7859.3505,10722.3631,1300.8243,12044.7251,6494.7662,5433.1115,10257.7724,9774.6404,10837.7735,8500.6925,6235.0440,12181.2891,13304.6830,6460.6185,5589.6025,384141.2306,404271.4938,402320.1826,400956.5406,393412.7935,405404.8089,400982.8703,399068.6993,336158118.1346,336131959.3627,336174537.3138,336175461.2728,9900.4636,9433.0740,4840.9193,0.0000,10511.5363,4973.9917,12113.9397,12415.1073,11936.7932,2937.5716,12461.1227,9728.7773,10581.3149,12563.1227,13701.6711,6357.7621,12221.0983,2902.4011,10441.1706,7947.4237,2489.1256,8176.8651,10373.8518,12076.9680,6556.6369,4595.0536,10539.8785,13692.3246,8864.6988,2938.1180,381107.1564,401250.0695,399295.7582,397962.7197,390408.3788,402385.8561,397980.4949,396060.5578,336161158.6579,336134999.9371,336177577.7943,336178501.7796,13722.2594,12243.8430,0.0000,5462.1112,10937.1569,7314.3046,12138.5802,13113.8596,10521.3310,5206.1228,1819.6079,9811.6256,8306.6939,9819.6490,12435.1476,7203.8873,10861.0936,6781.2243,5955.6918,9071.2361,10521.5120,2876.2163,5989.9953,5432.6242,12021.2977,9611.8044,10946.5680,12384.3542,8156.4144,381702.1999,401874.6849,399928.3665,398569.0349,391080.5821,402853.5612,398327.8860,396621.5396,336159509.5778,336133350.0491,336175928.0700,336176852.2541,6355.5120,0.0000,13044.8229,8238.8570,12181.7526,6317.1673,4155.6239,8853.4043,13055.9782,13803.4431,9183.5736,10774.7641,9746.3613,5181.0439,12151.9488,8221.9429,11653.3178,12687.1370,9687.1811,8105.1133,13702.7053,12806.4508,12373.7708,6117.8634,9386.9402,8549.0368,6589.3667,10778.8186,380688.4887,400705.1984,398778.8513,397174.2406,389711.2162,401828.7618,397288.2694,395400.1667,336161469.8502,336135310.3391,336177889.2159,336178812.9967,0.0000,10981.5602,2717.3685,11524.5182,11245.3755,9725.5638,3052.7459,12866.8529,11773.3344,11738.8699,13359.8524,13138.9111,6077.6940,11672.1600,2403.6760,12639.9219,9116.2729,6625.2076,9655.6831,11865.9166,12099.0589,10368.9524,4792.3516,11805.8155,12360.3805,4973.8199,7430.0188,383461.9868,403547.8254,401603.9806,400160.1028,392634.2852,404702.5125,400257.9866,398319.3574,336158936.1969,336132777.3013,336175355.5485,336176279.4122,0.0000,0.0000,0.0000,0.0000,0.0000,0.0000,0.0000,0.0000,0.0000,0.0000,0.0000,0.0000,0.0000,0.0000,0.0000,0.0000,0.0000,0.0000,0.0000,0.0000,0.0000,0.0000,0.0000,0.0000,0.0000,0.0000,0.0000,0.0000,0.0000,0.0000,0.0000,0.0000,0.0000,0.0000,0.0000,0.0000,0.0000,0.0000,8939.0337,3178.4804,12865.9146,12816.7034,9552.7589,4012.6265,3922.8249,12805.9045,11011.6775,10473.8023,13456.1193,3370.8907,9998.7669,10941.7184,3385.3492,10925.4458,13209.5121,2725.7690,2722.6264,9384.5907,12830.5613,12706.4893,10612.9842,9316.8956,10255.0857,386675.2293,406820.1423,404878.4127,403464.6107,395987.1329,407815.4688,403274.5893,401550.2114,336154638.2090,336128478.6725,336171056.8573,336171980.9679,9849.0231,12291.9517,10940.0990,2156.9554,11453.6783,10125.4903,12636.5457,13572.9281,13238.5008,8172.8730,10062.9278,2271.3184,12792.2173,6829.9321,7037.4051,10940.8617,10103.7128,10442.0438,9939.0759,6810.5947,12656.7413,12548.1611,4527.2395,7339.5813,385311.4910,405419.7106,403473.2417,402061.0836,394532.9959,406552.2008,402106.7440,400196.7000,336156935.9716,336130777.0809,336173355.2068,336174279.1251,11457.3059,11267.9531,10907.7102,3241.7472,6301.5052,12666.6263,10320.4518,8684.3039,13705.6986,407.1916,11184.3695,11407.5839,6154.6552,12480.8889,13536.7899,5010.4739,1593.1686,11258.0919,13447.0723,12619.5081,8458.2907,8697.3223,12106.1477,387031.2688,407137.3258,405205.1516,403701.4196,396257.7320,408118.8217,403526.3235,401825.8376,336154178.1392,336128018.2961,336170596.8250,336171520.8802,2790.0653,12636.7156,10970.2718,12836.3066,5667.3587,5804.4571,4675.9216,8141.5654,11223.0812,12210.1603,8382.2827,13721.5469,11546.4943,7179.7230,12721.6559,11571.9589,11895.0707,9618.6408,5897.0267,4282.4049,10645.6400,12277.5346,377894.5934,397911.8133,395993.5862,394339.4652,386924.6930,398945.8160,394320.8001,392555.8639,336163626.3247,336137466.2266,336180045.3386,336180969.2099,11618.7862,11573.7991,13467.0733,7754.8863,8167.3031,6344.9375,7643.9168,11110.2767,11132.0927,10362.2217,13456.7840,11604.6355,8299.8616,13215.7913,11742.3313,12829.3956,8976.7000,7983.8920,5027.0867,8655.6159,12461.5997,379792.2595,399794.3188,397876.5153,396207.9276,388787.1132,400858.3379,396247.0974,394442.8762,336161953.2713,336135793.2970,336178372.4418,336179296.2557,12004.3393,9905.1271,12048.2802,13437.8759,13738.7218,7434.0431,11088.2093,773.9442,12043.6986,7005.5759,5230.8921,9999.1239,10183.5298,11219.7346,8579.1732,5771.9383,12041.5977,13335.6777,6506.0680,5520.1435,383782.5791,403909.1222,401958.0434,400590.4424,393045.8520,405048.3327,400628.6911,398706.7042,336158516.9328,336132358.1733,336174936.1392,336175860.0872,4831.4696,11141.8878,8258.3993,7485.6005,13787.3795,2934.2285,12260.9761,9228.1283,6959.5755,12198.5324,12538.3324,3751.2552,1846.1990,9857.9373,13707.7410,11041.8701,8092.1822,10948.4653,11688.7338,384575.9086,404697.4884,402764.4993,401280.9935,393841.9672,405649.6734,401047.0937,399384.5377,336156450.7489,336130290.7922,336172869.2722,336173793.3887,11084.9195,9586.4655,10516.1683,12855.2008,6277.4980,10334.3989,8362.7708,4397.9758,9357.6736,11545.9993,1411.3238,5077.9808,6364.5918,12256.5880,10910.8815,11350.4673,11586.3580,8403.5142,383450.0494,403623.8106,401676.5671,400322.9444,392829.9328,404610.1436,400091.9759,398375.6216,336157818.9727,336131659.5164,336174237.5005,336175161.6770,4220.5646,7086.1631,7317.8171,12434.1660,11726.3834,3802.7656,12958.3701,8728.3045,3341.7487,11587.2534,12146.2238,7960.0522,8512.1531,289.9911,8223.9246,12995.8139,9238.8759,374791.9501,394877.2176,392945.0766,391428.6275,383970.1110,395907.8874,391344.8668,389575.8226,336166655.0050,336140495.2205,336183073.8414,336183997.8339,4012.1830,10448.2383,9997.8546,13277.3438,4039.0488,12228.7523,11053.1069,7224.6046,9746.4344,9623.6179,9018.3782,11403.7064,4154.5697,5931.4198,13187.9437,11176.5157,376896.8055,396979.6275,395053.1616,393501.1637,386076.2406,397951.5201,393331.4519,391644.3995,336164201.6572,336138041.5270,336180620.2939,336181544.3362,11351.9637,8343.3066,13557.1693,7703.1323,12326.6602,12828.3060,9548.2713,10137.2985,8493.1137,11597.7115,12341.9679,7149.4849,2182.7880,11552.7534,13067.9363,379763.1802,399806.4318,397888.5108,396253.1792,388856.5914,400775.3440,396114.1482,394436.5666,336161348.8790,336135188.5432,336177767.6069,336178691.5814,13673.2314,6777.9048,9502.4117,12209.4453,5770.8361,4584.8367,13288.9662,13825.5472,9164.6359,1950.8970,7443.9719,11109.9577,9306.0867,7125.6379,377604.7254,397676.2496,395736.9140,394255.4722,386746.7552,398815.5997,394343.7230,392426.5516,336164624.4578,336138465.3103,336181043.7393,336181967.6043,11348.7794,11168.4601,6385.6835,12512.1222,13393.4591,4996.5715,1427.5164,11200.3054,13465.3069,12386.4215,8166.3853,8880.8968,12145.8449,386741.7944,406846.2557,404914.7544,403405.9418,395965.3368,407823.8851,403226.4243,401531.3911,336154442.1471,336128282.2683,336170860.8199,336171784.8767,11956.3179,7600.3561,5119.2316,9585.9793,10610.0373,11524.4604,8742.3153,5118.6625,11735.1833,13107.2568,6331.4138,5606.6913,383355.6971,403474.0463,401524.2556,400142.4872,392600.6056,404618.2124,400195.4345,398267.4615,336158973.1487,336132814.3688,336175392.3885,336176316.3184,11193.5259,8462.7972,5602.0504,9091.4393,10473.5966,5647.8429,10040.7835,3528.6555,9323.9234,13773.2216,8360.6456,375800.0054,395929.8956,393991.2316,392550.8802,385080.7461,396926.8494,392376.1924,390648.6338,336165452.0145,336139292.2848,336181870.6354,336182794.7348,8751.0157,12520.7537,4215.5636,5947.6872,8001.7176,11156.0617,12851.9484,12418.7678,8778.3884,7954.5952,386227.9649,406392.0099,404442.1434,403094.0370,395579.3490,407431.7158,402952.1588,401163.9903,336155394.6944,336129235.5440,336171813.4636,336172737.5660,6275.0643,10209.7158,12187.5267,4765.8893,4458.9308,8653.7272,13158.2374,10346.3786,1433.9147,378935.0875,399083.1467,397129.5513,395796.1561,388248.5828,400199.8767,395781.4316,393886.7317,336163172.2493,336137013.4069,336179591.2894,336180515.3043,12199.9921,13175.4947,7145.6165,5653.4675,3388.6543,10185.3366,12079.3808,7132.9572,374990.7922,395085.8897,393147.0351,391679.6979,384186.9088,396167.3024,391662.1353,389821.7778,336166797.9686,336140638.5531,336183216.9705,336184140.9320,3761.6608,7582.0213,12743.6410,11436.0593,10818.2356,11085.3793,9359.1431,384490.1555,404653.2519,402708.9143,401328.0727,393846.0712,405633.0665,401097.4759,399391.7085,336156731.7140,336130572.1658,336173150.2479,336174074.4101,10386.5594,13575.2521,12066.4348,8672.4038,9810.3498,11689.2566,386100.8266,406221.1515,404287.0477,402807.6815,395361.1403,407189.6305,402599.8163,400915.3324,336155029.0694,336128869.2192,336171447.6674,336172371.7625,8547.1821,7750.5083,12619.5360,12632.7361,3828.8523,378308.1389,398486.3514,396532.8247,395223.0128,387693.9792,399531.8370,395075.4930,393275.5423,336163320.5523,336137161.4281,336179739.2591,336180663.3937,8587.0594,12101.3586,8790.8341,5846.8021,378687.1506,398777.3209,396833.0361,395396.9523,387870.2011,399926.8966,395483.1617,393549.8697,336163631.7156,336137472.7513,336180051.0016,336180974.8873,8338.8061,13085.0017,9126.0659,374784.0445,394873.1382,392940.3771,391430.7561,383970.8289,395901.6925,391340.4038,389573.8280,336166649.2115,336140489.4351,336183068.0318,336183992.0329,10217.5386,13526.8318,381068.7254,401091.9537,399176.5738,397509.4721,390116.3087,402079.6015,397416.3194,395715.5300,336160176.8515,336134016.5330,336176595.7012,336177519.6213,10828.6215,386651.2953,406707.0356,404773.7006,403237.9065,395756.8436,407818.7678,403300.9978,401426.3116,336155443.7221,336129284.4143,336171863.0078,336172786.8510,379376.5225,399540.7266,397584.8373,396278.5621,388727.2088,400644.4882,396229.7924,394351.1778,336162656.2568,336136497.4316,336179075.2160,336179999.2705,20800.1026,18668.2160,22627.8669,14949.8619,22495.5634,22361.6570,17909.4582,336539409.8804,336513246.6080,336555826.2279,336556750.9433,2295.3103,10914.8443,12776.4422,6491.2979,13320.2688,7645.5626,336559420.3273,336533256.5081,336575836.7488,336576761.3621,11641.0843,11822.9805,7530.6047,13801.6180,7502.8328,336557555.9009,336531392.2280,336573972.3265,336574896.9560,8802.6952,12158.0717,11179.0820,5992.6373,336555557.5037,336529392.8037,336571974.1518,336572898.5505,15636.2560,14929.0063,7312.9340,336548571.9676,336522407.8950,336564988.7354,336565913.1565,8802.6952,8562.9459,336559736.8572,336533572.4552,336576152.8671,336577077.5991,8872.7917,336554437.7941,336528272.5718,336570853.6612,336571778.3577,336553747.2458,336527582.8676,336570163.6526,336571088.2033,47484.0856,28776.3971,23169.6902,56274.8030,53796.2090,10036.2753,
64800.000,11877.8274,3516.6735,11760.7297,9330.4132,2389.4142,13366.2856,7445.3900,7576.4324,7911.4547,12658.0918,12957.1297,3634.7242,11624.7334,966.6945,8352.1336,8096.0390,10894.9587,8263.3057,12239.3952,13847.8584,6985.3338,8541.4892,7349.3446,6488.7958,8016.6688,12304.7831,2883.5981,13179.8105,7623.5093,8319.2715,9055.9330,13236.2197,12599.9993,13479.8133,11955.2706,9437.1864,12061.5058,10329.3096,13049.9961,12419.8890,8783.6982,9603.2422,13547.7280,13205.8102,12523.7219,13731.7333,11394.0119,12608.8113,3796.8463,13125.0788,12825.3254,5801.7238,12282.4677,4983.0658,9120.2886,11498.6186,7255.5671,12317.5742,9289.8164,13878.0958,2805.0987,10715.6083,11422.8479,11273.3766,11335.8405,11157.2859,13312.4167,10881.1627,10892.4807,13457.1447,3288.9915,11230.0739,0.0000,13145.3710,12405.3016,12151.1859,4153.0775,2758.4983,10993.2919,12634.6285,13852.2413,8389.1165,7507.1250,7560.8473,11977.6064,12168.1876,12049.4688,8878.3146,13281.3443,12560.5194,9943.3876,13737.4914,10992.7384,12485.2192,6791.5171,8579.5301,1215.6650,10235.0727,10989.8461,379295.6480,402744.0984,400169.5661,394449.9878,389054.1730,400839.1314,394762.2145,396855.3403,336148878.0701,336126102.6616,336171297.5430,336172732.1272,13173.0274,4390.5758,12990.9424,12514.1321,4909.2714,12629.6285,8427.4751,8592.9068,11172.3122,10322.9999,12548.0760,4250.4688,11350.0003,12596.6748,11780.4870,12359.3710,5955.2941,9869.2359,6139.8007,7387.9406,10921.0253,6304.2506,12159.5694,13674.6611,1545.1200,12300.8990,9274.8215,10788.6984,5441.0068,5226.2609,6607.2641,1519.1960,4880.8651,4998.7397,4438.8403,4003.8059,12655.4519,7393.6382,1187.7282,4792.4460,11051.7848,6146.9886,9467.5130,6496.3302,7173.2343,10527.9894,2972.2354,10858.1745,7952.8032,4828.0768,11307.6736,9307.0114,12109.1927,4399.8998,6922.3206,10652.3822,11573.3734,4488.8719,7044.3117,11287.8032,4621.0385,2748.0128,6867.4231,3913.2339,6585.2574,3484.8500,8959.6102,9892.8350,9225.7016,10109.4261,1959.6745,0.0000,6681.7150,7021.8778,6498.5715,12171.4788,10725.2011,9069.6548,5334.9857,7335.0537,12702.4491,12183.9495,10820.1896,11402.3578,7439.2303,9009.5822,13537.2255,6761.3016,10786.1148,13127.3403,6901.2714,3244.9668,9400.1795,11965.0600,12702.2321,11324.9488,2831.7100,9316.5167,377583.0248,400898.9674,398320.2655,392283.9504,387089.8958,398951.3509,392699.2382,394939.6302,336150223.9739,336127447.6555,336172643.8346,336174077.9868,12989.5296,7463.6762,1982.1060,13766.2393,5094.6613,9737.1541,9818.4548,10950.0738,11573.5797,2386.7625,12412.2223,4376.2584,7317.0855,6419.1038,8433.0037,10326.2574,10825.3274,13592.0066,9722.0216,8972.4753,10011.2632,6572.8876,5009.8840,13439.2516,4001.4645,11886.5141,8489.6502,10622.6489,11296.1092,13224.0411,13526.5885,13516.4854,12410.1681,11606.1888,13256.0545,8402.2169,12424.3283,13422.5771,11067.1520,8090.0242,13598.7860,12270.0977,13015.0083,13293.1081,9791.2229,13602.0403,5141.2856,12890.9607,12990.4858,5180.7473,11051.0819,4025.9507,11417.4627,12415.4817,8374.9030,10265.4257,11293.0825,13366.0451,5386.7754,11813.0675,12627.7998,12246.7703,12302.8116,11369.3193,13735.5342,10180.7533,9796.8106,12271.1689,6106.1384,12691.9962,0.0000,13305.1889,11984.3947,12864.3139,3487.7428,5247.2842,10237.5030,13338.4128,13315.3081,5903.8463,7214.4656,8451.5636,9922.1217,12567.5053,10985.2589,6193.6190,13320.1479,10787.8576,7441.6143,13452.3123,12726.1794,11220.2714,5350.4827,6071.0905,4607.3822,12170.9274,10128.1019,382788.0023,406237.1030,403663.6412,397948.2043,392549.3174,404339.5916,398266.2004,400352.7573,336145455.1913,336122679.8692,336167874.6796,336169309.2637,11023.5303,12800.4276,3633.0389,13661.4496,6103.2751,5901.4831,10138.5140,9156.5158,13154.9120,8209.9258,11402.1928,10166.4982,13387.3719,12758.5457,8640.3358,11615.1035,6625.3207,6716.0311,7778.9110,6842.0335,9808.8842,12959.8489,3190.4230,11146.0005,10409.6582,7879.0940,7659.8516,4361.6806,4674.1054,4884.2869,7036.9582,8721.6139,4232.5319,560.1069,10817.3460,9680.0262,4626.7150,6878.2038,12966.3125,4672.6982,7761.0955,3002.7393,6526.7247,12260.6447,2233.8236,12140.0748,5461.8302,7969.2503,12868.5820,11195.1963,13281.2402,5752.6570,2734.4279,7865.4033,11427.4353,7398.6549,7270.2779,10275.9289,8493.4972,6917.6734,2704.2312,7926.8935,10030.4220,5544.1480,11645.6776,12261.5227,8980.5031,10990.3671,6026.7241,0.0000,4082.5443,9756.0341,2526.9752,13149.7870,11586.2289,11725.5918,2075.1164,7043.0926,13689.3806,9622.0009,7930.8461,12074.8705,3736.0988,11192.9826,12427.1240,4513.4572,10546.2681,12007.0289,5934.3210,2458.0014,11220.4481,13450.0828,13664.1506,11066.8397,5351.3364,11884.5615,377427.8975,400723.7218,398158.6426,392128.9674,386919.7890,398881.7813,392649.4397,394811.9593,336150879.9944,336128104.0781,336173300.0165,336174734.0976,9034.1469,10809.5680,8926.4768,9823.5368,9297.5657,5864.0715,6500.8731,9238.6282,13625.5755,9950.6322,2484.7053,10175.6835,7196.8919,13545.9713,10475.0064,10781.5489,11531.5200,5802.5967,12315.1159,5118.3484,4120.5308,12403.9119,7413.7156,9902.4381,6567.0343,13371.8409,11824.9142,9324.5282,12870.7260,12091.8348,13393.8982,12197.6596,11324.0937,1564.8691,11712.7377,12815.1526,13317.3102,10617.2780,9996.1628,7059.5765,9358.2283,9554.3034,10241.3213,11800.5726,11214.0148,8210.6374,12737.7580,10643.9716,10715.8694,10148.1388,12994.4448,9294.1744,7039.0253,6792.4923,13642.3584,10207.7220,8831.6160,13776.8051,13671.9603,9273.2677,13653.0005,13154.3935,12263.0837,12019.2629,11524.1174,8394.3671,11477.1911,13593.9741,0.0000,9341.7983,12095.1724,9479.9813,10011.2531,11107.4386,11996.6946,10308.4456,9731.6408,8657.2821,4206.9137,6612.3105,8221.8626,8524.8645,11175.4841,2782.5776,9309.4015,7009.5707,2888.6507,9659.1462,12211.2368,10689.5810,10265.2242,8562.1082,9646.3175,13291.4408,11855.6117,385390.9803,408756.2987,406199.4636,400354.8608,395023.6272,406982.7131,400859.6200,402905.6873,336143399.1569,336120624.0339,336165819.0494,336167253.3430,13815.5315,5328.4294,9441.8805,9687.6747,11997.7797,12488.7852,1328.1997,11547.8079,3014.7259,8685.7332,6166.0420,9349.0117,8913.9719,10974.2445,13726.4036,8844.7186,9707.8878,8893.9717,7516.6564,6716.9254,12985.3234,4308.6465,12230.9388,9033.6776,9306.8186,10584.1054,13556.6049,13002.0503,13313.1461,11664.6189,10835.0397,13039.2745,9885.7278,12298.6330,12881.9892,9859.6296,7895.5392,13842.0042,13067.5671,13268.8605,13661.1621,9925.7921,13336.1838,3297.3528,13438.5465,12541.9669,4100.1557,11117.1477,2977.1716,10376.0265,12592.6874,8794.3960,11226.4432,10054.6787,13635.0892,4977.5074,10751.3420,11720.4218,12400.0083,11379.3298,10558.2417,13457.4252,9687.8643,9489.8040,12894.7952,4378.4896,11782.6777,0.0000,13632.0289,11658.3335,13061.4015,2165.2835,3419.4866,9777.3059,13407.5419,13673.9110,6352.5690,8312.4160,8986.9793,10617.4765,12954.5663,10897.6096,7884.2464,13668.0035,11657.1732,8986.6485,13795.2613,12166.8715,11326.5048,4795.9834,6567.3104,3554.5771,11202.9311,9717.1796,381410.3707,404867.1697,402289.3052,396575.4269,391179.0304,402935.8924,396858.1099,398968.0696,336146662.9146,336123887.4510,336169082.3416,336170516.9543,13250.9294,9135.5331,8834.1923,8017.4975,6843.4801,13858.0076,7666.8720,13148.5011,10756.6220,12856.9695,11165.1863,10069.5595,9533.8681,3313.8857,9685.9882,9398.1836,9468.5477,11290.2688,12595.1706,3517.1522,12824.5017,7787.3746,9870.3259,9532.5587,7515.7631,1992.4299,4206.5867,4509.5838,7716.1952,7190.9025,3299.2536,10102.0438,7339.4538,4215.7518,8902.8706,11964.6845,1432.3118,5449.0647,2880.8373,3259.3392,10523.6980,2422.6146,13240.3026,3527.3360,6170.9295,13136.8955,9092.4173,13709.5281,8173.3024,4728.0331,10029.5201,9299.1391,8885.5429,3980.3260,12390.4015,8547.3333,7015.2572,4878.9452,7677.8505,9150.2891,3370.8924,10404.2925,10910.9707,6135.1785,12730.1138,6691.9096,0.0000,2177.2936,7849.5986,3578.3932,13795.0867,13118.0078,10431.7126,2138.2455,3753.6552,12977.3990,10812.9924,9940.0793,10029.7860,4001.0879,9262.2599,11923.9129,2125.5176,8236.4210,11105.2127,2646.3407,5345.1783,9035.8307,13350.6179,12887.2741,12951.7536,7186.7821,10558.8760,380487.3531,403763.1585,401196.2075,395115.2448,389940.7125,401903.1235,395641.0218,397835.7080,336147760.2571,336124984.1926,336170180.3374,336171614.3521,12564.5863,12633.5455,9593.3284,10348.0574,4141.2985,10478.8553,7865.7388,9955.4576,1862.3858,5173.4167,10275.9207,6912.9778,11893.8750,12050.4947,11905.1852,11604.0028,10271.2566,5390.4651,13062.9728,8577.7550,8728.8494,11762.4932,11087.3377,12831.4445,12794.5506,12506.3593,11456.4579,10050.2353,12798.7787,13733.2380,9010.1695,9273.7702,12534.3102,11604.8817,3495.8350,12958.5807,11540.4222,13499.9617,11996.2320,5542.0703,13442.1188,6074.2796,12773.7710,10622.4263,3422.7436,7275.3073,3350.4223,12258.9225,13693.0028,11754.6910,7841.1593,11210.7745,11555.6152,9493.5116,10221.3406,11406.3872,13590.2979,10626.1827,8570.4486,12278.1449,6341.8341,5570.8192,10286.5237,8174.3158,11971.9168,0.0000,13245.2030,8811.0391,13681.3024,4015.8210,7341.8873,6338.1855,13629.9105,11757.6681,1183.4143,10473.6582,11757.1442,6494.9580,13383.6637,7164.7530,6686.6689,13052.2191,8570.4675,7208.0828,12402.1647,13430.1593,7466.3821,2056.5009,1453.0031,8390.8772,12347.1054,6124.9923,385749.7585,409188.5691,406604.9833,400823.2150,395473.7556,407210.6114,401089.6033,403258.1784,336142077.9636,336119302.2267,336164497.4249,336165931.9725,838.4465,12125.4473,11692.8017,10335.2679,10958.1303,7223.5343,7935.4149,12813.7433,13436.5273,8324.9719,13769.0222,11341.1388,2986.0854,4966.1276,4746.7094,5951.0973,11442.2664,8178.1875,6534.8716,13382.5246,4014.8039,7199.2966,3739.1597,9323.7249,9463.6215,11527.6795,11616.9427,4595.0781,6590.5978,10501.7897,13002.9755,9158.1981,6792.8841,13327.5481,9678.9866,10822.8750,7414.8200,10966.0723,13751.7125,7943.9632,9478.1772,9278.1547,11737.9833,11275.0820,13544.5682,11141.1199,5852.9160,5515.2944,3524.4712,13127.7065,7989.1980,11681.7423,5212.2100,10432.2531,9763.2427,5235.1040,10513.3400,12078.4436,10465.3754,13134.6775,13551.1181,12289.2990,7607.9657,8846.7724,0.0000,8720.9362,12716.9162,6600.6640,10625.1508,8236.7164,13248.7239,7466.8153,11413.1157,13018.1763,6486.8611,3987.8300,13664.4518,7043.9209,13452.1588,11246.5158,9144.8598,12701.9302,11587.6672,10563.0506,5748.7822,13654.3630,12187.6990,13085.2279,6579.0558,7081.5360,13354.8407,375788.3154,399150.0761,396587.9076,390717.0916,385405.1039,397337.6348,391194.0919,393276.7046,336152693.9108,336129918.4471,336175113.7434,336176548.0368,11643.4488,11197.0228,10564.8258,11218.8279,7646.0361,7373.4454,12950.7323,13219.0923,8905.7858,13692.1058,11084.5690,3771.6506,4243.8464,5449.6019,5533.4384,11180.2604,8201.7781,6609.0877,13179.9735,3391.2658,7809.9484,4190.8474,8881.0588,9535.2242,11450.7275,11820.1196,5019.3236,6417.1884,9959.6794,12956.5085,9240.6709,7378.2759,13424.8424,9290.0336,10280.6876,6916.3990,10586.4808,13715.2977,7827.1411,9923.9911,8724.8562,11796.4883,11562.7532,13482.0877,11406.4183,6403.5931,4965.1932,2972.9458,12774.3537,8519.9547,11380.8155,5505.8248,10792.4486,10060.0227,4692.1892,10807.0645,12316.1758,10400.0348,13276.9821,13647.5683,11907.9082,8177.2368,9164.2924,0.0000,8241.8137,12757.3758,6096.4036,10908.5150,8739.5245,13380.9665,7093.5733,11058.5030,13026.4026,5948.6463,3377.0007,13442.1393,6445.1511,13443.6897,10879.4170,8677.4523,12328.1460,11171.6199,10168.9619,5894.4471,13575.0201,12389.6433,13078.3197,6983.0734,7501.4102,13474.4509,376273.0636,399627.6329,397067.5138,391188.7533,385880.3205,397830.3738,391684.9989,393759.7745,336152287.5243,336129512.1044,336174707.3947,336176141.6644,1318.8034,11694.7929,11339.0552,13003.7139,7658.7832,10022.2813,5271.7067,13493.2727,6872.1664,6544.9815,13248.5096,9330.9858,13360.5644,9866.9026,7121.2360,10447.6822,11674.2565,5211.9474,10224.9378,13524.6355,12470.6096,6389.4953,10384.7639,8275.4321,10736.0848,12460.0577,10162.4843,4380.8726,7688.5789,10485.8517,13361.1111,9302.9201,6805.2039,3117.2338,7970.3439,5320.9825,7415.5728,9841.8888,12960.8098,5647.8800,9368.1724,11561.2681,7041.1727,11727.0564,13113.4809,9261.3710,10655.1170,2559.1459,13207.8930,5631.5059,12526.6527,12110.4239,11784.6126,9367.2125,11608.8871,10834.5751,8975.2524,9676.2436,9210.0964,3057.7005,13580.1473,12042.5879,0.0000,6984.6229,8615.6195,8659.2193,11982.9426,13335.3249,9589.7744,8679.1907,5213.3478,8806.6604,8986.2060,10296.7301,4728.1287,7731.5579,7778.2009,6076.7520,6596.3075,1948.6494,4639.0362,5767.4429,11645.7112,6868.4596,10906.2757,8596.3189,12919.2786,12631.9704,9451.5977,387321.2207,410641.2016,408077.2783,402099.0901,396857.0418,408808.4674,402605.2168,404742.8687,336141118.2430,336118342.6111,336163538.2434,336164972.3812,12247.2722,10829.3925,13221.3244,7971.8096,10626.2604,6262.7564,13162.3461,7110.9941,5499.3270,12836.7216,9135.6810,12932.3921,10026.9962,8106.1489,9486.4639,11965.4716,5133.3280,10051.1951,13104.1006,11824.5574,5164.3218,9491.5089,7448.6440,10274.4698,11781.9130,9152.0652,5093.4168,7348.1540,9594.1840,12860.9903,9812.4595,5574.4841,1876.5133,6884.3550,4116.0478,7845.0875,8794.4904,13229.4095,4458.5698,8753.5859,12010.2675,7159.2496,12254.2607,12524.7625,8354.0660,10475.4069,3517.3020,12724.6304,4602.5669,12633.1082,11675.4010,11154.6237,8484.3216,11085.2850,10605.8542,8022.3439,9798.9338,9487.0882,2328.9118,13666.5133,11351.4294,0.0000,5792.2424,8333.3087,7640.7748,12486.8589,13522.5894,9724.1476,7574.5258,4076.4988,9623.5911,9139.5330,10128.5246,5453.3267,6736.5898,7859.9622,7063.9352,5375.2040,2555.4338,5704.5186,4525.7629,10790.4064,6980.9737,11483.2242,9427.1176,13103.0331,11957.6269,9626.9129,386492.1063,409798.6584,407235.2929,401230.4500,396004.8902,407969.0541,401752.1402,403897.3706,336141953.0124,336119177.3179,336164373.0546,336165807.1508,11165.7717,4120.3088,9230.6343,4948.9666,8552.0969,8967.5050,10101.4617,13456.2824,9627.8877,10491.6709,9466.1359,8401.9086,6458.2692,13071.6257,5486.6479,11559.2261,9925.9725,9540.0976,11163.7291,13597.2806,12914.5309,12952.0066,11174.2357,11323.9895,13346.8385,9927.7572,11636.3227,12828.3855,10134.6455,6769.9383,13839.5732,12975.1713,13547.9297,13478.4571,8955.6987,13480.6555,3215.2207,13536.2278,12083.1471,3025.5777,10280.0837,1777.1083,10756.5253,13074.8904,9731.3112,10660.6160,10147.0523,13327.6136,6181.4750,10429.8589,11541.6817,12899.0201,11061.9944,9909.2729,13258.7292,8764.2552,8481.8315,12505.4178,4958.4707,11747.4246,0.0000,13769.1172,10973.1408,13428.7104,1119.8630,3952.0888,8843.9751,13653.4928,13425.5621,5231.7388,9070.9936,9888.3211,9832.7551,13301.1934,10041.3412,7748.6425,13750.3251,11163.0112,8767.6898,13679.3490,12536.4284,10498.0324,3539.3464,5465.9815,4734.3827,11409.4511,8760.7480,382342.4494,405800.4140,403219.8209,397497.4626,392108.6166,403847.5676,397762.0031,399890.5413,336145629.7333,336122854.1827,336168049.1397,336169483.7565,11136.2393,13773.6511,9149.7917,10799.6375,5163.5245,7426.2964,6929.2507,9363.7319,13065.6525,7808.3308,13520.3829,13053.1780,5450.8585,12803.6454,7824.4938,12881.2817,5761.8646,8144.1123,8907.1476,3982.1236,4663.3087,1178.2758,7400.3549,7884.4794,13200.7465,5211.3844,4097.5789,5768.3476,8123.5530,8419.8946,10686.0917,9623.2043,8391.8921,7891.7073,6692.7245,9378.5492,10170.1330,2887.9519,9050.6215,6835.6495,10173.7295,6404.7965,10298.2825,12735.7055,10778.6955,4554.7236,7590.1140,12050.4388,1523.0351,1823.5698,10236.1963,663.7756,2607.9146,4752.5640,5490.2115,6639.3779,9256.9902,9526.4357,3084.1273,0.0000,9365.2500,4185.3014,9831.6999,10496.3246,9886.7398,5621.7720,8712.0484,8208.6403,10533.2082,13632.2126,12901.8861,9783.5754,10438.6249,6224.7211,13290.5507,9224.6863,10269.2033,12928.1186,8503.6785,7094.4041,7015.7547,9554.2577,10548.6038,11422.2150,5049.1248,5930.0836,379760.5149,403109.4932,400520.1097,394518.6301,389311.9187,401079.2206,394833.1495,397119.8700,336147700.7917,336124924.2729,336170120.4745,336171554.7388,8908.2670,8311.8552,11332.4752,7487.3148,12330.8117,13726.8948,6305.9509,8760.4471,6564.3956,6945.0731,8761.1107,11853.3370,3484.6179,13272.6735,7780.3853,7515.6117,8446.9583,13160.3019,12151.1693,13232.4732,11545.3343,8804.1224,11690.5078,10890.3902,12934.6807,11958.2946,8003.6118,9732.7297,13429.8957,13382.9161,12387.8208,13705.1359,11535.2968,12231.2630,3460.5030,13150.8318,12510.6341,5855.4129,12324.5367,5211.5843,8382.2477,11323.1057,7360.5353,12683.6106,8541.9896,13828.5987,2805.5545,10148.5279,10853.6600,11088.2167,10807.4222,10800.4829,12991.7428,10766.0922,10884.8820,13601.3087,2424.1483,10620.6791,0.0000,13053.9753,12225.7714,11983.3818,4410.8433,2098.6457,10891.6954,12406.7746,13832.7050,8821.6584,7974.2399,7716.8973,12287.3360,12101.0036,12038.8368,9584.5306,13206.0778,12860.9711,10568.3940,13685.7928,10458.8266,12537.2905,7004.0882,9015.4585,853.6526,9552.7287,10917.1089,378528.0695,401974.7631,399398.8266,393669.6214,388280.7627,400059.0097,393975.2459,396079.5443,336149578.6191,336126803.1381,336171998.0865,336173432.6650,11139.5566,9155.1690,12941.0784,11933.2524,11435.7715,9971.7525,3625.0217,11065.6712,2854.2567,5664.3614,11998.7827,5962.1694,11375.0820,4304.4877,12548.0870,10491.8176,9472.2994,12747.1801,12637.0416,13754.0236,11009.7601,10561.2212,3783.0000,12748.7382,12624.4586,12437.0280,11771.2511,10178.4817,8013.7936,8847.6268,10243.0546,11703.8801,11362.3718,10848.3001,8386.8723,13253.2540,10965.0764,12075.3676,10386.1939,11967.9197,8214.5312,4794.6784,8799.7366,13002.6264,11052.2575,7207.5433,13744.2520,13513.1640,8143.2609,13682.1346,13648.6198,12478.1851,12963.2813,12654.5757,9761.8389,10595.8497,13218.6498,0.0000,9245.0045,12985.5630,8712.5250,10057.0879,10371.0587,12976.1648,9795.7170,10546.6578,9948.7604,1783.7018,4342.1905,10090.4753,7886.0370,12416.1188,4763.3634,9366.3005,8835.1092,5219.7376,10180.2499,11241.3191,12084.5225,10925.4659,9909.9926,8422.6919,12527.8502,12885.6362,383114.9251,406481.5296,403927.2657,398098.6209,392755.5378,404728.2487,398616.7668,400642.3352,336145774.0034,336122998.9593,336168193.8976,336169628.2009,5657.5941,9311.5392,6034.6638,11328.3781,11948.7074,12710.3146,11212.4346,11340.9510,6981.4339,12372.1459,9568.7894,8156.1783,12530.9655,10288.6812,12536.6974,12639.6863,11610.7623,10541.0628,8676.5727,12380.2778,13392.1970,10110.1202,8201.1121,11663.7212,10846.9280,2011.6845,12686.6213,11745.0162,13469.4156,11709.4810,4638.8299,12916.6908,5884.7235,12848.8890,9451.5465,2926.3352,6310.0063,3575.6705,11636.8739,13785.5124,12482.6419,8154.2760,10257.1319,11089.1353,10154.7694,8893.6690,10247.5885,13685.2767,9337.6044,7038.0080,11440.7441,4748.8013,4063.6342,10156.9505,8067.2749,10948.4004,0.0000,13154.0536,7553.2804,13682.7309,4408.6841,7349.5186,4760.0940,13428.1789,11416.0397,2212.9163,11560.7043,12527.9162,6459.8873,13518.0676,6011.5664,8124.7050,12937.0330,8749.0220,8427.1847,12135.0541,12961.0644,6547.9556,1606.8054,2388.6745,8910.9533,11552.4338,4566.2439,385247.9739,408682.0360,406094.0953,400285.7509,394956.5616,406669.3397,400528.8777,402732.0252,336142401.4686,336119625.5321,336164820.9107,336166255.4456,12492.5273,4544.0401,9137.4545,13702.3733,11493.3526,13427.3668,10747.1513,5041.6693,12285.1286,10879.9097,5221.7033,11917.3529,13038.8966,13627.6345,10182.4629,11719.7118,9562.2405,10044.0330,13545.5360,12764.0637,6388.4426,7282.7872,11836.4990,13238.6990,5090.1677,10388.0771,7915.2320,11582.6846,8851.7353,3954.1942,12266.6279,10270.0200,9937.2549,9540.8193,7964.1495,5098.4607,8151.5593,13520.2763,12461.8215,12159.7913,2998.8247,12808.3158,8428.6753,11945.4131,11245.0258,11798.5717,12465.6845,11131.6153,9180.7317,10690.3014,6817.6460,5843.7992,6295.2117,11772.1947,12403.0148,0.0000,10835.1528,7639.2950,12084.4351,8668.0925,11202.1398,6702.7355,11945.2275,8511.9251,4101.5983,10338.7352,11953.0388,2017.6084,11466.9350,5643.5431,5220.7248,10481.4070,4016.2974,4542.8191,9417.1135,13381.0771,5067.6961,6821.1527,3839.2806,11570.3656,13167.1137,6432.2881,388414.8526,411797.5856,409221.3720,403335.1203,398044.6807,409873.7659,403705.3604,405874.0202,336139612.5495,336116836.8068,336162032.2642,336163466.6115,10632.5503,10576.8408,5778.0399,11738.1725,3917.2672,11655.5792,12837.4218,7231.9232,9939.5059,11410.8029,11049.3950,1464.1952,5877.6858,11157.7086,6939.7597,8966.9618,6094.0007,5388.8568,8592.1762,13715.7817,9500.3990,6762.6228,2280.7515,9390.2325,10957.1487,12923.0711,10780.9237,11474.3066,10467.8512,8365.2052,6235.2176,12055.2188,7673.5636,7598.9212,10240.6312,8382.9965,3646.6055,10366.7103,10670.1900,13108.6212,1637.4687,11163.9281,8635.8534,3759.1907,4490.0920,10178.0814,4602.3647,6048.4547,8466.5638,8077.4832,9007.7569,12356.4481,5397.0382,4323.5981,0.0000,11223.4786,8432.5950,10526.9341,8317.4380,6119.1538,8263.2451,10016.6979,11509.9357,10864.5297,12221.0048,11031.8104,12265.6221,11248.9241,9633.1025,13345.9754,11316.5326,12813.9908,13542.0512,11407.9394,6656.8504,10479.0601,8817.0100,10991.7833,7776.5310,3846.0469,8509.4679,376526.5370,399922.3951,397334.5613,391443.2865,386165.0218,397910.1353,391725.1025,393957.9137,336151018.7813,336128242.5471,336173438.3226,336174872.7380,6845.5590,13354.1646,13182.9759,12518.4402,13025.2968,8954.5608,10064.5008,12853.4839,2581.1497,13480.2368,11362.3791,12702.8626,9249.5100,8950.9495,6330.6703,6411.0777,12329.4455,11430.7762,9566.2646,3232.3833,9163.2793,11529.0067,4227.0994,9084.1975,8274.3872,11029.6511,7477.5257,1511.5822,10403.4800,10478.8721,9723.4937,5858.7160,8238.5997,668.7610,9085.2115,11975.5562,12271.0042,13614.2251,4938.4534,10707.9587,6421.3429,13270.5419,8222.8853,8814.0668,12289.1035,7932.1184,5665.2355,7832.3710,3562.9083,2996.4506,5596.6615,11867.0871,9728.1226,0.0000,10091.8519,3533.3819,11629.7727,9739.8747,11557.7465,3401.4536,10914.4798,6941.5575,6129.5033,12734.1117,13519.0798,3052.3796,11389.8338,1338.8863,9144.8494,9664.9199,5009.2353,8391.6858,8110.3067,11877.0421,689.7515,7454.1195,5962.8017,12671.2223,11124.4454,3215.3481,386843.6865,410204.5024,407619.6811,401654.7484,396421.1857,408210.5347,401989.6197,404237.3425,336140821.9303,336118045.7161,336163241.6412,336164675.9258,11565.1829,11079.4009,11035.4305,12429.2744,11800.1352,5365.0030,13621.1221,4836.8459,11614.6739,10494.4175,9735.0803,3442.3353,4855.9053,2497.2701,6469.3462,9311.6461,6291.9193,9765.2405,4582.6530,5076.7232,10091.9791,10047.9491,2870.7183,4870.2001,5641.8708,1823.3691,8079.7300,5033.2047,13122.7678,4661.8617,4460.8612,12280.5148,6393.9874,13001.0304,9782.9543,7556.0589,11813.8300,7195.9044,9659.3575,1039.1436,13495.6391,8153.3357,7101.5183,7686.5971,7221.6614,7669.7009,2936.0698,8355.5666,8725.1021,3803.4687,13233.7612,7373.5278,0.0000,4373.9794,5484.2467,6469.2329,13290.5731,13418.4303,8332.5733,5290.2243,1563.3309,11397.6891,11896.7533,11682.5057,7609.7767,6459.3503,6686.4374,11230.8075,3891.1102,6118.4906,10203.3972,2122.4495,7789.4595,6276.2742,12175.4919,11264.8591,13702.9921,8590.6443,8419.1251,383232.6790,406517.7986,403945.1456,397861.5592,392693.4187,404613.0302,398342.7624,400570.5341,336144818.3196,336122042.1162,336167238.3416,336168672.3828,7591.6196,1945.7818,7951.8431,12248.8319,7692.5338,7144.2458,13381.1752,6607.7372,4581.7666,2658.1719,10334.5846,8659.9824,11098.1032,10197.4869,3269.2546,7038.3470,12121.4597,12423.8778,8342.2088,4293.9439,12465.4435,10483.5006,12135.9345,8788.7950,11652.9581,13248.4727,7993.7453,7900.8222,10686.7600,10816.4341,10044.1705,13066.1240,10115.1964,3629.1325,7276.8609,6081.7788,13785.3275,5605.5403,12050.2397,5375.0077,8519.9458,8107.9430,7003.9512,8823.6333,10552.2093,10065.7962,11979.5718,12578.2210,12956.8734,5774.7740,7192.6168,0.0000,9912.6417,11845.4500,8088.4818,9629.7242,6654.7436,12125.5366,8435.3271,11989.0526,12650.3775,8656.7620,6571.6801,13840.5955,8774.2770,12783.5495,12372.6132,10260.9426,13402.9427,12759.6396,11324.8743,5256.9920,13229.1526,11206.4523,12757.6789,5905.9880,5230.6697,12281.4969,374830.6836,398211.8630,395640.7033,389777.9208,384467.5704,396331.1053,390181.1903,392309.4421,336153309.7500,336130534.0426,336175729.4571,336177163.8153,9020.8769,2873.7360,8733.7551,10217.8373,6194.8120,12410.6804,1325.1698,10971.6966,7900.3195,8518.5655,11371.4207,12162.3730,13320.3400,8559.7202,8274.7013,6629.5028,13146.2464,11168.7605,10661.5023,13222.4529,9197.8077,8449.7183,7009.8848,10001.0300,13167.4678,9486.1510,11118.7578,7640.9562,12864.4642,11985.9722,13143.5552,11584.1140,9874.6197,5626.2762,1960.4582,10801.6845,11510.2631,10994.6028,6432.3038,12939.4068,12339.3119,5494.3767,12834.8025,13607.3873,11509.4833,13726.4892,13740.5697,10589.8816,10096.2277,11729.1570,0.0000,7961.8290,13278.4326,6516.4911,11147.3074,10238.8910,13778.1072,7858.4687,10468.2039,12060.0741,2428.7391,1415.1978,12002.0362,6007.0131,13356.7979,8015.9026,8292.0392,10492.9575,8274.5526,9693.9239,8816.8746,13173.0177,12354.3277,12054.3521,8092.4312,10610.6976,13774.5684,379793.6284,403141.2372,400588.4229,394724.1833,389402.0172,401398.6567,395269.7633,397300.5766,336149098.7307,336126323.5944,336171518.6824,336172952.9276,9289.9319,12593.8237,6965.6084,8125.0328,12732.4547,8149.6838,2653.2275,2789.2178,10369.3586,7627.4363,10172.3965,8726.5674,2851.4287,7024.5091,12747.9526,11411.1382,7324.1867,2422.7536,11580.6015,10378.5215,12326.9338,9161.9050,11421.0862,12428.0636,7601.4716,7272.0880,10969.8253,9605.6957,9310.0160,12177.5786,9615.0394,2145.0521,8022.1169,7675.9729,13633.4999,3737.7766,11600.8987,6432.2265,6824.7686,6553.1942,7774.8970,7227.8322,9070.2675,9204.4068,10774.7406,11503.2034,12712.0008,5331.7192,5695.8550,0.0000,10092.4612,10683.5184,8593.8398,9244.1290,6283.2741,10935.1887,8587.5309,11675.4266,12208.9852,9944.1851,8122.2242,13410.8245,9371.8400,11789.9771,12837.1909,10370.5896,13244.7194,13144.6018,11152.4975,4920.4187,12363.6188,10534.6308,12323.4300,6408.6918,3794.3648,11126.4474,374988.6862,398372.5028,395795.6278,389916.7102,384621.0620,396446.9600,390281.5816,392447.7550,336152934.5659,336130158.6599,336175354.2245,336176788.5932,7042.4753,11754.0072,3795.3280,12760.7560,2551.0952,11125.5752,9024.3333,10431.3334,12642.8433,13232.2560,13724.5868,9672.8046,10266.1342,6413.4871,13577.3231,12454.7091,11049.2910,12238.0716,11062.9895,9848.8267,9299.4368,11498.4485,12682.4914,11287.3737,9538.8794,9623.9391,13584.2195,10420.4593,13089.4605,9756.1915,10569.6424,8083.5250,2739.4003,10786.0617,11829.5121,12260.8139,4737.3633,13200.4182,13023.2504,7923.7667,13300.9827,13603.8215,12830.4564,13308.6323,13177.9621,11473.3980,8776.2806,12565.2812,0.0000,10064.9947,13553.4781,8893.2346,9226.8344,8683.0478,13362.3451,10028.0184,11841.8143,10579.9530,1251.3126,2523.6743,11692.7244,8412.7451,13252.6474,6690.1379,10299.4455,10781.2416,7451.6649,11341.6344,10382.3422,13157.0614,10761.8440,10612.7979,6294.3827,11477.0657,13320.4182,380587.2690,403971.7109,401415.5593,395621.6484,390258.0876,402205.6135,396110.5478,398132.2305,336148232.9949,336125457.9464,336170652.8079,336172087.1745,13518.0423,7179.1572,9405.3684,9002.4206,13088.3251,12949.8933,11446.3908,13530.9067,12453.8081,12689.4766,13190.0517,13176.8963,4514.0827,11069.1865,13515.3968,13309.3246,7817.9391,11923.0496,9267.6810,11874.1749,11079.0432,8172.8668,13326.3291,9091.7582,10756.0862,12497.7543,7789.4024,9352.1070,7167.4074,13417.5333,11924.4450,9244.0714,6454.3209,13362.1522,11224.3526,8816.4138,13037.6270,13520.9252,11860.0066,13146.0292,11863.2356,13005.0778,10045.7208,9301.3562,9266.2522,10178.9158,13733.7289,0.0000,11704.3387,11176.0431,12039.9535,7204.1966,9491.8482,10013.5858,12510.0069,11033.9718,5142.3118,6794.2470,9015.1019,6796.2540,11322.7160,9686.0349,1558.7949,11571.5959,7205.7332,2801.3252,11380.4300,13550.6167,9394.9062,7054.7181,5074.0355,8793.2671,13694.3624,9807.4007,386632.9923,410042.0496,407474.6821,401686.1491,396327.7987,408189.4457,402084.0159,404165.7544,336141796.0482,336119020.7791,336164215.7301,336165650.1692,12372.8136,9094.0971,10235.3563,6597.0434,5324.9050,5301.1390,1774.8208,4720.9618,5992.9760,4682.4861,2719.1636,12000.7548,7587.7139,1498.8119,5887.3599,11621.2690,4846.8337,8422.9278,5103.3452,6161.5328,10831.9940,1440.4827,11673.4399,6667.5735,5301.7762,12057.1776,9526.1382,12768.8743,5220.3887,5729.4544,10170.7643,11161.3680,5811.5437,6274.7586,11467.1670,5992.5514,4176.2731,5718.2571,5218.5694,7596.4249,3075.8720,9680.9241,10500.4448,8532.1875,10885.3897,3486.6201,0.0000,5292.3053,7486.8743,5160.5734,12809.0408,11469.0226,9768.9855,3883.4642,6429.8256,13051.3039,11646.3347,10278.2184,11286.7544,6124.3614,9366.8973,13206.5150,5410.6006,10278.2619,12697.1370,5775.8044,2916.5743,9575.8403,12616.9071,13027.0887,11739.9183,3928.2716,9983.8353,377973.5736,401274.3418,398700.0188,392646.4283,387459.8681,399359.6958,393103.5140,395326.8032,336149988.9639,336127212.7315,336172408.9049,336173843.0058,13312.2954,5318.6275,9678.6382,9030.3648,12376.0311,12965.3123,13764.4113,13091.6950,9592.6012,11536.8721,8648.9575,13642.6035,12770.8183,9899.6729,10906.0095,12838.8269,12075.0686,11431.4520,13137.1146,12173.4460,12345.6200,6449.6594,11953.6644,13537.8323,7892.2806,12926.0358,7035.2876,9842.7639,10234.6580,5037.0038,11828.2057,10602.9223,13557.7482,2022.8236,12123.2223,12444.4506,10021.5991,12531.9406,12567.4264,13483.9744,12228.2239,12143.0912,12921.1012,5727.9518,12104.1270,0.0000,12155.4959,13260.4961,11010.6910,6309.9370,5453.2802,12314.3999,11809.5807,13356.7049,9271.9104,4912.4609,5251.2183,12027.1034,10830.9575,12873.2484,7643.2861,12342.8933,12014.4431,8750.9302,13074.2047,10902.6894,13073.6228,8542.8305,9399.1331,2888.9967,10971.9451,12285.2939,379733.3906,403161.2015,400595.4998,394863.1104,389468.3731,401323.8559,395250.5248,397300.2065,336148762.5130,336125987.3310,336171182.1164,336172616.6295,12911.5680,11860.3421,12345.2817,7273.3971,8154.8534,5113.7524,6868.0460,11989.0210,10201.1409,8753.7795,2938.9605,8387.9579,11826.6521,6565.9301,7103.6299,6159.8812,9353.7707,5251.2545,3930.1508,9138.6751,11957.0966,7717.2722,5528.3284,10089.0436,2457.0116,10820.9881,11989.5144,10902.9097,13130.2295,3979.9477,11144.2789,4193.4280,13707.6619,8883.0347,8904.0360,10974.2012,8313.8228,6843.0609,6609.7469,5660.1674,5399.6776,3226.5728,12959.5080,9647.8211,0.0000,8196.3234,4046.4576,10091.3753,11351.3830,12772.4306,5537.2574,9330.8426,4658.2924,7917.6688,12267.3033,12966.4195,3304.2462,9749.8883,3227.8862,9161.8148,7701.3224,3482.6315,8095.4342,5950.2785,11141.5045,2196.8820,9434.1849,7725.4767,13462.5725,11023.3746,5443.9876,386795.0266,410124.2150,407545.2870,401531.5202,396323.9669,408174.0028,401933.8345,404168.3925,336141061.6875,336118285.5222,336163481.5437,336164915.7208,10247.0920,7271.9419,9215.4812,11393.6961,12454.5554,13224.5007,7993.8784,8388.7902,7511.3479,13422.2840,11165.6052,9976.9853,13173.4196,9832.1958,9410.7984,7606.9888,10701.3506,13376.0629,9646.9124,10351.3979,8513.1240,12975.1798,11512.1661,13423.9735,11075.4322,9221.9301,6019.0195,646.1791,11490.5661,10911.9159,11608.2761,5306.3273,12604.3087,12087.1118,5835.1226,12597.6360,13450.2368,11746.7423,13682.7146,13753.0226,11343.5219,9135.5957,11429.1269,0.0000,8658.3232,13419.9201,7017.1785,10567.1975,9331.7084,13750.9180,8287.2493,11150.6502,12044.7439,2729.2087,97.1724,12487.9261,6719.1096,13556.1108,8496.5193,9007.5603,11223.3781,8920.9309,10392.8246,8558.1869,13482.5829,12024.0137,12068.9091,7062.3637,10139.1953,13762.9180,378860.6544,402221.0039,399666.2512,393823.1555,388489.0077,400464.6948,394344.8584,396377.5584,336149960.4691,336127185.3176,336172380.3639,336173814.6518,4539.2523,10671.5564,6649.5947,9085.3345,6768.7142,4064.1905,7654.2447,13591.8787,10060.5714,6410.2262,924.8509,10396.3265,10504.4114,12674.5275,10005.4321,11273.4871,11293.8708,7644.3872,6935.1866,11544.0753,8067.9239,8547.7610,10957.9159,9193.8016,2270.9235,9392.0641,9843.2078,13415.2369,1346.2025,11128.8459,8209.8575,4540.3889,4663.4088,9189.2642,5145.9737,7040.4358,8324.9539,9120.1528,10023.0155,12435.9712,5632.3756,4092.6189,0.0000,10615.9372,9122.0649,9648.4857,9028.6086,6489.7246,9297.1899,9225.5564,11393.7635,11658.4687,11694.2718,10229.4606,12807.1166,10454.0954,10425.5260,13470.5843,10777.7775,13039.0394,13659.3953,11114.8968,5537.1422,11172.9010,9767.9122,11775.3332,7648.9040,2901.5802,9536.2802,375677.1301,399063.2319,396478.9342,390578.1073,385302.6090,397078.7076,390892.7345,393109.1838,336151977.6060,336129201.4419,336174397.2034,336175831.5843,8470.8362,6540.2722,9307.2694,9006.4253,891.2290,4616.4313,12109.2116,11216.1345,6196.4678,3807.8576,12635.7790,8507.9068,10866.8228,6893.9153,9923.4918,12897.2512,5579.1104,9473.9053,9070.7277,9292.7409,11102.2482,12321.2855,11405.8031,2514.3958,5608.5625,6908.5044,13220.7205,4985.9509,10356.1365,7544.0339,7616.5393,6637.4083,5368.8384,7614.8574,9824.5255,8024.3916,11616.0339,12326.8458,11710.1713,7716.0427,5531.7762,0.0000,8017.9219,10773.6275,6214.6948,11083.5202,8548.1363,11750.9927,6283.1588,10301.1477,13234.2111,9408.5477,7270.5005,13393.1520,7152.1097,12077.3496,12856.3295,8388.3936,12633.3248,12931.4204,9509.9681,2647.4311,12449.2456,12108.4333,13297.1509,8114.2831,3563.9123,11937.2538,375075.7174,398423.5807,395852.9468,389916.7979,384652.1623,396544.1330,390355.4208,392509.8618,336153042.6810,336130266.8136,336175462.4973,336176896.7473,5915.2425,5412.5077,8796.3292,8310.7810,4547.4806,8495.9685,7601.4249,5937.8273,10114.8003,11808.4320,820.1185,3576.3929,2491.0417,2305.6250,10208.4224,4187.8302,13445.7556,1601.7850,7163.0986,13143.7307,8921.4976,13584.3569,9399.7916,4611.7275,9491.7630,8031.8706,10160.3260,3579.8677,12236.3388,9772.8469,8476.1428,4806.7593,8973.5007,9962.8842,4803.3957,10675.6006,10967.4258,4945.6052,13082.5535,8241.3160,0.0000,1000.7728,8312.9806,3448.8372,13667.5961,13346.9698,10677.2753,2746.4856,2973.0166,12420.3178,9773.2463,9295.6364,9146.6661,3179.2179,9258.3201,10596.5666,458.5711,6946.4964,9665.3101,1621.0192,6695.7680,8825.3263,13191.1474,12303.6721,12923.9491,8628.2722,10745.0725,381915.3812,405191.9589,402628.7942,396563.0003,391375.9700,403361.5113,397112.0670,399280.1469,336146489.4608,336123713.5594,336168909.5733,336170343.5853,3456.3611,4416.1394,5812.5238,4425.3117,12358.7454,6240.1291,358.8861,6103.3572,10654.9111,5335.0681,8692.1942,6359.5328,6105.3909,9779.3661,2937.8193,11459.3082,7380.5856,3687.0283,11519.4370,8360.8094,12378.7293,5828.5869,7253.0480,11332.5090,10739.1955,5610.7025,5806.6810,12146.3287,4828.6251,3034.9081,7250.4568,3879.9009,6172.4334,2030.9967,8408.0259,9306.1836,8161.1719,10991.4182,2867.4371,0.0000,6187.6175,6042.3413,6589.9146,12532.5767,11501.4749,8492.7172,5231.2888,6187.8819,12442.4414,12542.4584,11434.4237,10565.4608,7386.0386,8122.8611,13330.0298,6146.7463,9893.1801,12768.4685,5907.0575,4426.9394,8421.4012,11997.5823,12412.8773,12159.1970,4269.2743,8729.2296,378863.4120,402169.4054,399590.4294,393531.3825,388352.2877,400217.9923,393953.3511,396204.9869,336148936.9633,336126160.5927,336171356.8558,336172790.9756,4153.4028,8712.7134,6628.9994,11231.3389,3347.8212,3770.2777,8768.2803,9155.1082,4776.4951,7094.2470,7083.6914,4249.5619,7499.5629,5092.4101,12143.0286,6776.2069,2068.0153,11327.4121,5728.5689,12241.6815,8724.2237,8640.9726,12534.5790,8296.2473,8059.2022,3244.4880,13422.9316,6034.8757,5088.5889,8707.4842,5036.3924,5588.4312,1746.9933,6880.8460,7538.3307,5557.4351,12327.4392,5649.4114,0.0000,6175.4223,3791.1270,7707.9672,12588.0548,12564.7208,6889.2826,6375.1251,3961.8549,11083.7378,12912.9168,12507.8067,8025.5512,8004.9472,5699.2236,12180.8762,5825.4667,7414.5586,11336.8932,4467.2677,7400.8118,5700.9092,11359.2993,10988.6053,13326.9775,7314.8494,7055.5816,382276.7621,405577.9296,402998.1890,396924.5527,391755.8014,403618.8481,397345.4938,399608.2754,336145513.3895,336122736.9956,336167933.3037,336169367.4032,8300.8994,8387.4798,12865.4194,4150.6821,4601.7939,6808.9453,7445.6907,8299.9838,10281.1509,9797.2005,7985.1974,6961.2737,7104.1839,9651.2695,10030.5403,2151.3413,8947.9474,5801.9098,10103.7935,7418.9652,10662.8725,13125.8404,10015.2261,5625.8080,7035.3937,12507.5505,2482.0665,2906.2083,10621.8823,1829.4930,1955.0812,4672.6307,4649.7101,5780.4797,8568.9336,10055.7756,4132.3163,0.0000,9363.7810,3071.7111,10108.9377,10508.0952,10306.8678,4757.7491,8966.2214,7715.9906,9991.9842,13764.1273,13249.6885,8913.1370,10599.8509,5182.2192,12918.7263,9153.6854,9528.9436,12474.0310,8193.3280,7880.6483,5975.9557,9266.5398,9985.2189,11856.9872,6091.4173,5060.8831,380919.0224,404266.2731,401676.5469,395669.6564,390466.8205,402232.7190,395983.3481,398274.5046,336146534.9414,336123758.4107,336168954.6305,336170388.8882,4383.8475,12390.9653,10687.3974,5465.2194,3246.7357,12367.2583,8264.3072,10839.2273,6915.6497,9650.4437,12574.0025,5118.8148,9509.7665,9055.9464,8625.8123,11021.4555,11914.2425,11427.8613,1890.6033,5879.6687,7656.7598,13126.1809,4323.7847,9989.3617,8136.3526,6894.6232,5832.0642,5664.6220,6858.4383,9205.2323,7407.7123,11154.3095,11927.1144,11493.2335,7869.9169,4690.5531,0.0000,7928.2306,10209.5030,6321.0275,11164.0163,8705.3246,11292.0237,6164.1721,9996.0908,13176.3559,10020.8747,7996.6510,13203.8327,7313.5396,11636.6269,13119.8677,8264.0529,12512.2656,13133.0129,9253.4098,2146.9081,12045.3308,12019.3363,13235.8815,8546.4065,2708.1821,11495.2532,375184.0720,398528.9905,395956.2332,390005.4091,384751.7437,396632.4985,390433.3761,392605.4125,336152850.1759,336130074.2139,336175269.9863,336176704.2277,11057.7235,9374.0043,4176.3318,6866.8115,12894.5865,4451.2662,7763.3393,3130.2784,6308.8180,12124.6090,1706.3886,12281.5023,5483.1841,7585.7920,12936.5802,10988.6355,13401.7957,5786.3062,3195.9323,8377.5393,11402.8151,7296.7045,6990.5405,10668.4748,8235.8041,6595.7386,3192.6243,7617.4191,9768.4580,5086.8491,11456.1557,12101.6249,8840.8317,11190.8925,5729.1999,0.0000,4032.6493,9457.3249,2809.8274,13302.6424,11786.4455,11534.7960,2020.4346,6805.4594,13738.8982,10069.5929,8440.8201,12000.1490,3998.9239,10976.0606,12655.7423,4421.9129,10497.2760,12193.4219,5719.9028,2444.4455,11011.0139,13502.6617,13709.8128,11387.7389,5218.9221,11701.8370,377526.5879,400819.2876,398253.1067,392212.4658,387011.1527,398968.2734,392728.7310,394901.7921,336150737.4779,336127961.5041,336173157.5016,336174591.5735,10787.8830,12341.5087,13503.3294,10263.3965,9147.4862,5839.2261,8896.7445,8473.5818,9490.3199,11357.8639,11795.4743,7364.3402,12011.6854,10938.7014,9813.3642,10605.4586,13185.0422,9198.9864,8001.2810,5496.8218,13709.5834,9096.9087,9936.3985,13518.8608,13351.6261,9219.0933,13292.9781,12699.4030,11528.6422,11494.7488,10970.2726,7078.1738,12186.1039,13356.3034,0.0000,8634.9463,11315.7021,9176.4232,10586.8073,11835.5495,11452.6177,9853.1604,8605.5648,8557.1272,5449.9066,7568.9309,7177.2217,8153.3536,10359.5300,3028.4353,8519.9232,5656.4502,2290.4243,8645.2670,12162.5465,9749.7408,10438.3150,8419.5478,10646.0091,13278.9676,11302.7336,386206.7739,409558.9659,407001.1406,401121.3966,395812.8452,407776.6760,401633.5340,403698.8171,336142523.6298,336119748.4038,336164943.5631,336166377.8103,6514.6059,10041.5772,6489.1414,7188.2602,7834.2002,9449.3694,5864.5248,4486.9911,8049.9207,11241.7233,8545.7150,2902.9491,9661.1221,2583.7614,10654.8799,10364.9199,10884.7795,13516.5396,6687.0115,9133.0758,4568.3595,13635.2624,6428.0243,6510.6034,10923.5732,5782.8414,4393.6714,4988.8979,4280.3872,4674.1843,5293.8153,12098.8863,7452.8520,0.0000,8469.5939,1374.7360,10081.8263,11192.3603,12072.7007,4215.8311,9024.2489,5326.4020,8734.9034,13289.1718,13467.6271,5629.4231,10110.2006,2527.3369,11050.7802,8046.4565,6168.1949,10224.5185,6401.4001,9869.6027,2570.4382,9336.9392,8615.6457,13194.8935,9167.6307,4300.0428,384692.3414,408023.4098,405438.6781,399410.7543,394217.1476,406027.3493,399772.6586,402045.0697,336142944.1044,336120167.7078,336165363.8986,336166798.0922,5834.9559,10763.7460,5387.2227,8763.3194,6240.5153,6250.7153,9956.4003,2756.9164,11339.7267,7379.4185,3979.0442,11489.6149,8582.1200,12327.7350,5512.5834,7040.3578,11092.1284,10878.0504,5401.8099,6017.9156,11914.2849,4840.4307,3010.6179,7028.3596,3940.3612,6319.5299,2317.2518,8569.2082,9467.4431,8335.4227,10801.2059,2697.8542,0.0000,6155.8663,6292.4885,6421.5175,12457.2117,11333.9500,8658.8576,5095.7783,6363.8614,12497.9444,12374.1293,11205.0527,10729.8317,7255.1403,8340.3317,13316.3713,6147.8238,10038.5909,12784.6603,6023.1890,4077.5263,8647.9324,12004.8362,12473.7951,11951.4018,3967.1872,8895.4807,378585.9115,401893.3509,399314.8094,393260.4351,388077.9388,399945.6826,393684.0665,395931.2722,336149229.0059,336126452.6569,336171648.8967,336173083.0209,10870.2639,9938.3674,12308.3747,9346.6470,10844.6052,11566.8545,6910.0804,7672.8240,11018.8756,7916.8841,9229.1373,11100.7738,9855.4669,1397.6266,8711.2672,9586.6932,13410.2385,1407.6548,10770.2432,8407.9204,4711.6126,4438.4837,8511.9121,5136.3882,7319.5880,7857.1923,9495.2667,10407.1542,12206.6615,6289.2938,3647.6331,0.0000,10010.3147,9188.4173,8962.3507,9683.7651,7158.6721,9665.0840,8520.5457,11004.6080,12119.0446,11563.5122,9964.5652,12929.4609,9832.1614,10610.6281,13588.1043,10199.6983,12960.7684,13712.8836,10635.3869,4675.5001,11297.5058,10394.1203,12220.4291,8052.9298,2096.8493,9906.8075,375433.7594,398808.4830,396226.0550,390306.3141,385041.0752,396837.9616,390644.0433,392857.4595,336152273.5570,336129497.3981,336174693.2036,336176127.5465,11760.9236,10965.6093,12948.4868,10598.4635,2839.7035,12190.1524,7280.8117,12159.1035,8042.7656,4518.5893,4489.5718,5410.4438,11637.0602,13563.9792,13169.2119,7275.1619,10105.8752,9796.3421,11379.3981,8158.9493,9447.8932,13496.1466,8435.2367,5823.0217,10262.8112,3085.0514,2155.5106,8971.1326,9250.1415,10302.0704,0.0000,12439.0272,5887.4134,13281.7638,6211.2171,8692.5896,3040.8283,12830.5867,10219.7197,3179.4438,12309.1378,13183.2178,5293.4381,13133.0236,4145.7010,8697.9524,12154.2978,7768.6344,8646.9087,11090.9388,12648.0560,4737.8287,3516.4443,3183.0093,10278.7997,11255.3279,2781.9800,385800.2168,409214.4098,406625.2180,400766.1429,395469.7296,407190.3029,401021.0927,403251.1488,336141769.7783,336118993.6869,336164189.2783,336165623.7461,4108.2318,2938.8963,2103.6924,10111.7005,3803.5058,13548.1706,2398.4143,6596.7621,13214.3828,8709.0257,13730.6647,9260.7296,5053.7813,10074.4113,8272.6701,9900.9932,3194.1694,12627.4841,9360.9298,8003.9773,5238.5850,8506.2188,9569.0617,4116.2124,10426.1420,10782.9362,5009.2676,13208.2696,7810.5443,0.0000,1572.4859,7898.4497,3857.1325,13845.3215,13496.7112,10429.4072,2832.5045,2717.8713,12581.3322,10452.7460,9909.2083,9233.4553,3808.8466,9009.4277,11136.2982,1154.7104,7166.7944,10195.9046,1388.9037,6554.5144,8613.9465,13276.6223,12466.0865,13229.0562,8355.0984,10514.8402,381778.4645,405052.2298,402487.1750,396408.3059,391231.0939,403206.5654,396947.8504,399131.6155,336146550.3953,336123774.4050,336168970.5016,336170404.5061,5233.6211,3149.8166,9106.0719,7525.4406,13653.4143,2660.2336,8657.2148,12798.2541,8192.8036,13060.5233,11792.2341,6850.2972,9838.8770,5318.3465,12289.0616,4163.8629,12520.7950,11542.4284,10727.8966,7016.7039,10873.1394,10916.1211,7290.8233,10613.6377,10496.1146,3062.4024,13762.1236,10748.3541,0.0000,4099.3202,8785.6565,6042.0438,13211.5651,13756.3446,10564.1306,6012.4782,3409.3198,10940.1047,8941.2924,9495.6212,7071.2213,5106.6081,8797.0605,8177.3935,3707.9355,4293.0362,6960.1939,3289.5748,9645.9778,8033.4462,12471.6480,10769.7685,13179.5792,11211.9105,10520.0283,385066.6039,408356.8087,405796.0539,399767.0717,394554.9250,406546.1173,400319.3250,402459.9254,336143463.7710,336120688.0710,336165883.8748,336167317.9217,4757.7999,11788.3661,3773.4003,13219.6371,2682.6245,8538.8056,13463.9976,10706.4186,13772.1038,8371.6637,2200.6379,7837.7460,9730.8421,9727.7180,5940.2024,11064.6196,10184.9541,8770.9474,2429.0756,9517.0026,10974.8993,6014.6825,11959.4822,12326.9204,7144.1840,12419.4824,8191.6499,0.0000,1557.9174,9908.4825,983.5535,13698.2871,12809.7495,11994.1242,1312.9244,5404.8733,13313.8103,8740.8718,7685.6588,10865.1862,1202.0708,10939.7115,11036.0422,2127.8136,8765.9443,10367.1269,4095.9099,5377.9681,10659.3094,13740.6495,13236.0552,12020.5413,7943.7739,12084.1696,379883.4803,403163.8774,400604.2493,394561.6393,389356.9889,401362.1603,395129.3621,397268.2207,336148650.0350,336125874.2678,336171070.1518,336172504.1791,8612.7895,5454.5151,13479.1593,3094.4534,6102.6329,12678.8343,7155.4281,13235.3390,10392.3818,6780.4467,10984.5809,6551.9669,10606.6422,1431.8333,13176.0469,9476.1241,8432.1210,6945.3299,8625.0416,9018.2530,4416.5810,9372.1503,9568.3858,3026.3729,13526.4016,8544.6863,0.0000,3303.6773,6827.7241,5680.2245,13463.8199,13668.0873,9339.6034,4830.2744,680.0213,11459.7406,10824.6481,10777.8508,7500.9886,5351.7976,7592.6610,10304.7873,2734.7316,5399.2218,9197.9365,742.6708,8140.6894,7010.9827,12511.8116,11311.3230,13595.6289,9421.3443,9379.3780,383723.7222,407004.7416,404437.2801,398363.5961,393185.0242,405140.5162,398881.7400,401076.9572,336144526.6060,336121750.5833,336166946.6821,336168380.7059,11224.7229,9527.4687,10579.8847,6809.1537,7058.7195,1992.9042,7870.1248,12115.6470,12822.5284,13480.7379,5270.5606,10770.5444,7671.9795,12686.4038,8439.6558,9288.8674,12813.0519,8342.5841,5841.7039,8882.3634,3185.0245,2200.7444,6666.1511,11141.0678,10191.3500,0.0000,10983.3379,4431.0653,12307.0017,8575.5506,10722.5159,3024.9373,11715.1493,8131.2454,4754.1121,12485.4660,13406.1134,3116.0532,12053.8704,2107.4168,8596.8920,10598.9363,5620.7701,8050.1436,9210.5782,12371.2895,2151.4422,6131.1990,4598.5495,11938.1409,11434.6083,2738.9279,386935.7713,410316.2638,407730.2535,401804.8861,396547.3344,408314.6485,402113.5906,404352.1443,336140708.0470,336117931.8985,336163127.6863,336164562.0364,12351.9640,5505.3905,6117.2324,12705.3654,9906.1331,13318.5331,6071.2617,4597.0902,9652.5243,10865.9534,7007.4217,5872.3505,11549.2568,7288.6453,5547.7085,4635.6114,6512.4227,8647.4192,3460.5773,10451.4431,11156.6485,8066.0656,11524.2175,4882.5669,0.0000,4028.2297,8162.3530,3878.3281,13328.5772,12074.4620,10522.2742,2503.3977,5848.3823,13369.2800,11059.1601,9699.9463,11282.2051,4856.8000,9869.2883,12856.7387,4219.5476,9916.3947,12276.9659,4941.2387,3124.0855,9920.4783,13188.0322,13326.7402,12036.7676,5045.1817,10705.2771,378329.8676,401619.1406,399049.1410,392986.5351,387802.3484,399737.2972,393481.4175,395684.6740,336149791.9715,336127015.8431,336172211.9804,336173646.0423,13715.2199,10977.4092,3026.4865,10464.5406,2945.4140,8535.0244,12639.3972,10012.0211,12047.3165,7633.8461,13240.1112,6083.6032,8321.9039,9565.4654,12435.7898,9146.5344,8477.0733,12229.9700,8242.4598,8410.1709,13089.7773,2492.5647,9710.6476,0.0000,13573.9086,10307.1518,13008.0418,2515.0498,1690.6180,8381.9468,13032.1754,13446.8435,7124.3835,10330.2634,10308.6088,11052.2554,13187.5749,10008.1955,10165.9176,13604.1303,12303.8656,10949.9915,13599.7916,10971.7439,10724.6360,4504.9811,7354.7182,4267.1759,9257.5299,8418.3986,379789.3842,403243.1051,400657.5948,394907.6780,389539.7615,401251.9957,395145.7560,397311.5641,336147965.4448,336125189.6542,336170384.8228,336171819.4285,8459.5742,13395.2162,9493.7884,13692.7102,10267.4707,4532.5240,8879.9968,7659.4534,11176.0924,4493.6055,12011.5166,10949.3955,9775.5575,4743.5701,10229.2318,11014.2802,6321.4638,11407.1469,11553.9357,4972.3233,13366.2270,9516.8614,0.0000,1600.6960,9307.7086,3559.1167,13734.0852,13561.8883,11398.4798,3563.1671,3729.0133,12369.7360,8826.3335,8600.6039,9106.1913,2727.0741,9920.1005,9746.6361,1425.9044,6626.3529,8787.8770,2615.8247,7628.0980,9383.4442,13367.7641,12242.6758,12854.9499,9706.5201,11427.1736,382560.9297,405838.7158,403279.4846,397231.3936,392030.2018,404039.0840,397803.8242,399943.4422,336146006.7026,336123230.9654,336168426.8424,336169860.8558,10112.5146,5204.7449,11163.9362,8192.2778,9776.3402,12972.3672,8909.3530,6955.7834,5054.9059,13105.6601,4340.8852,3888.9119,9789.7332,3406.6033,3639.1393,3034.3260,5403.9523,6286.9416,6875.0181,11326.9515,4828.9686,0.0000,7848.2021,2543.3851,9018.8058,11565.2431,11551.8125,5445.6217,7759.9135,5787.3922,10362.6639,13431.9260,13015.2779,8129.2779,9406.6820,4863.5641,12482.6182,7557.8443,8238.0540,11811.3475,6350.4086,7718.1224,5277.4183,10229.3016,10302.6063,12721.5116,6763.1936,5675.8959,381882.3627,405205.7215,402620.4468,396575.9078,391393.2324,403205.0377,396940.7366,399222.4187,336145717.5616,336122941.0763,336168137.3632,336169571.5386,8347.5480,1345.7226,10112.2199,13342.6187,11322.8506,10152.7409,8833.1380,12229.3246,8130.2155,8340.5021,9767.4971,13188.5851,9033.5064,7412.5448,11840.6669,6186.6340,6028.6550,11700.2038,5380.3038,10245.6404,0.0000,13477.0069,8794.1633,13470.4126,2049.3345,4601.6264,6284.4753,13340.9707,12510.3224,4441.9680,10937.7834,11489.0277,8798.9724,13476.4607,7921.0074,8999.2274,13379.3261,10586.5449,9617.6939,12958.7256,12044.9030,8610.6200,1539.8469,4683.4534,6574.3803,10389.1172,6230.2913,382625.4714,406074.2513,403486.4917,397715.0598,392362.6506,404064.3701,397943.9325,400131.2815,336145048.3243,336122272.4508,336167467.7100,336168902.2981,9247.6674,11542.7172,11972.8758,13543.9397,5289.7881,10249.7443,6044.2460,13245.2934,7693.3999,8235.2060,11991.8895,7356.5196,5160.1335,7247.9560,3341.8364,3009.9650,5508.1892,11760.9021,9168.0754,0.0000,9769.2267,2878.9935,11307.0269,9884.5695,11508.1831,3193.3807,10524.5895,6615.8306,6563.8185,12811.0435,13463.4188,3572.6206,11126.7712,877.9199,9515.4218,9344.6524,5223.8683,8759.4741,7773.1662,11414.2362,305.3344,7671.6216,6413.0938,12657.4390,10628.6522,3065.9540,386339.4966,409695.7595,407110.6079,401134.8767,395908.4325,407698.7840,401471.6668,403725.5024,336141307.5223,336118531.2652,336163727.2427,336165161.5139,10646.2973,13511.4972,10886.4570,10413.2127,9626.5728,12900.3028,7484.9741,9449.4783,10768.9322,13348.4518,10125.9280,8650.5857,12694.1317,7372.4562,7110.1480,12192.4309,5257.1340,11143.8298,0.0000,13859.7728,9879.2018,13732.2623,883.5306,4318.2492,7457.0976,13753.8450,13106.4193,4501.0800,10334.1852,11045.8622,9242.3462,13669.2353,8909.1308,8469.0508,13788.9903,10915.1754,9275.9601,13494.0679,12543.9440,9491.5501,2011.4928,4758.8141,5922.4508,11089.8183,7377.6674,382717.2932,406173.9788,403588.7155,397845.2846,392473.4248,404184.1921,398081.7689,400244.4610,336145070.5774,336122294.8450,336167489.9550,336168924.5691,7582.1663,8842.2461,13429.3397,2585.1973,10484.8114,8316.6623,5599.2022,4875.6871,7377.1310,5793.0449,8155.6849,7602.0724,10292.8886,11162.0481,12001.5628,6978.0670,3828.6482,0.0000,9180.1119,9665.4340,7901.2672,10427.9567,7862.2902,10450.2885,7543.0008,10631.9524,12718.9980,11027.2802,9214.6801,13181.9271,8843.1914,11137.1783,13549.2721,9431.7871,12899.1414,13626.5470,10097.6324,3476.9380,11711.9274,11219.2954,12803.2060,8291.7803,1731.3801,10680.2652,375092.5597,398453.9500,395875.4357,389940.0116,384681.3057,396513.4617,390315.7663,392513.5028,336152741.5874,336129965.4986,336175161.3042,336176595.6017,6170.0354,10963.5084,9391.3759,7881.8261,9676.1135,10553.6914,9213.7764,283.2252,10064.8503,11717.1757,7444.6674,12792.6580,13184.3413,8879.4337,11494.7873,8420.8612,0.0000,3731.0253,11136.9322,1260.0094,13299.4987,11966.6843,12851.9224,2674.0632,7395.0972,13678.3070,7692.6012,6089.5595,12041.0573,1892.7453,12125.1745,11166.6333,4279.1327,10137.2391,10773.5624,6173.0079,4791.2760,11968.1672,13801.9448,13637.2909,10847.2996,7596.4975,12949.6272,378341.0539,401635.6652,399077.9376,393074.5763,387843.3657,399850.8143,393641.3515,395753.5339,336150267.4541,336127491.8200,336172687.5345,336174121.6091,11834.9963,10564.4903,11851.1658,4829.6823,12389.1347,11900.7869,5964.5319,12425.2711,13336.5554,11792.7114,13648.2416,13755.7194,11676.8384,8684.4333,11215.7123,0.0000,8933.1453,13450.6404,7206.2393,10348.9182,8922.2125,13724.8489,8430.6712,11427.1011,12094.4533,3159.7655,570.1198,12735.2076,7013.3118,13635.0708,8833.9669,9291.9140,11574.6332,9309.8869,10671.5907,8364.6523,13615.8108,11910.8087,12132.2116,6621.3899,9842.8934,13747.0370,378361.7472,401727.1141,399171.2559,393335.0850,387997.3262,399962.7918,393845.3629,395881.1674,336150415.8742,336127640.7021,336172835.7440,336174270.0487,13051.8231,6307.9319,12753.9615,11515.3312,11580.9202,11030.0252,11129.3526,9715.3487,9364.0061,7974.7193,7286.8526,3720.9623,13104.8207,12073.7614,0.0000,8747.6460,7504.5937,10388.0421,10824.7489,12726.1533,7858.5793,10211.3432,6224.4836,6890.2836,10104.9429,11547.7416,2286.5168,9637.4203,6069.5521,5881.5027,8327.3633,1184.7782,4577.5390,7145.9644,12523.9293,5123.2867,9263.0755,6649.5377,12764.2891,12896.6441,7660.1291,388293.2076,411637.0092,409066.2818,403113.4639,397860.5676,409753.0489,403555.3714,405720.2037,336139901.0090,336117125.2575,336162320.8896,336163755.1051,10350.1019,9262.9619,3384.4719,3382.7882,9218.9532,3913.9374,6108.4671,7322.4663,8471.5292,9464.9880,11843.9060,6665.2285,2893.9251,0.0000,10189.3827,8179.9346,9474.8156,9576.2473,7425.8417,8645.8815,8841.9384,10685.2603,11676.7113,12286.2640,10904.8363,12379.2612,10309.5076,9693.3534,13695.6678,10304.7352,12614.5799,13746.8336,10471.6443,5307.3206,10457.9047,9933.3007,11772.7892,8708.0004,2300.5708,8910.1138,376178.4171,399552.8899,396967.1290,391035.0525,385780.6083,397555.4661,391350.9618,393588.2251,336151412.9249,336128636.6476,336173832.5484,336175266.8931,13587.0302,8791.0848,7891.5427,8020.4138,7913.1407,8033.6210,3923.2293,8342.5050,8566.9606,2802.6846,13477.1238,8207.0805,0.0000,4572.1930,5623.1579,6811.8313,13211.4442,13587.0388,8299.1289,5805.3402,847.3756,10979.3663,11659.8605,11678.7546,6871.8277,6608.9542,6461.5234,10597.6338,4032.1495,5199.9327,9488.8099,2044.7655,8549.6235,5890.9438,12005.8161,10827.2952,13806.5725,9377.4130,8345.2186,384162.4814,407449.6028,404877.9747,398801.7178,393628.0987,405553.0208,399287.9164,401507.1947,336143933.1097,336121156.9655,336166353.1379,336167787.1825,11232.1697,11472.8089,9431.2794,11690.3299,12129.3420,12945.6666,12266.0169,12382.2682,13366.5793,4625.4257,10998.0007,0.0000,11945.6010,13139.1345,10531.8629,6735.1412,4713.3249,12377.9365,11263.8069,13429.8128,10253.0944,5891.3584,5229.1888,12855.1213,10583.0253,13095.4606,9239.5338,12188.8368,12798.5361,10185.4326,13039.9456,9690.6402,13411.7852,9071.1995,10394.6424,1965.0467,9625.8975,12403.0932,377907.2392,401331.6168,398763.9971,393015.9004,387632.0631,399479.8589,393395.8007,395461.3770,336150484.8594,336127709.5622,336172904.4567,336174338.9585,1967.7855,10452.3614,1105.9738,2983.0316,5945.0977,5811.4751,6965.8174,10295.4173,8350.8816,2956.4493,0.0000,10127.7757,5294.8447,10260.9048,9707.1955,8772.3267,5975.8580,9289.5195,9345.5553,10445.9775,13450.5264,12613.7213,10468.6632,10916.3547,7026.9187,13399.6032,10051.7824,11095.9795,13208.2208,9546.2841,7028.7948,7909.1114,9056.4711,10500.4325,10472.5906,4490.9831,6285.2761,378846.6476,402212.2027,399621.7105,393653.2657,388426.4428,400175.0267,393945.3815,396224.7345,336148584.6859,336125808.2081,336171004.3063,336172438.6255,9133.4379,1299.5764,4306.4019,4517.4082,7075.1861,8170.4598,9788.2237,9232.5646,1276.1698,0.0000,8759.4370,5683.0257,8841.7825,10952.1671,9763.3305,7212.8957,7746.4522,8391.4755,11547.3988,13177.1142,12106.0461,10871.2539,9617.8340,7713.3518,13668.4649,8724.4375,10981.0875,13357.0339,8384.0600,5503.7824,8395.8802,10453.6011,11574.2739,11034.7805,3356.7542,7505.6676,378229.8123,401571.8229,398985.4042,392979.0776,387772.6203,399565.1251,393319.9551,395591.4994,336149321.7001,336126545.2404,336171741.4234,336173175.6641,9988.7270,11654.4685,7505.7717,12742.8540,13141.0533,9007.6963,11258.9939,8324.0593,0.0000,3948.4277,11142.9138,1492.1582,13123.7995,11740.3339,12805.6005,2832.9192,7550.1740,13598.8388,7570.2157,5903.2176,12075.3008,2126.2445,12128.8085,11129.3631,4488.1034,10222.7178,10772.5005,6349.7016,4653.9096,11994.1556,13672.1418,13563.2112,10607.1655,7441.6158,12905.1373,378187.9331,401485.9609,398927.9125,392930.7370,387695.7946,399699.0324,393492.5109,395603.8686,336150408.8409,336127633.2116,336172828.9082,336174262.9937,3051.8277,4916.3043,5925.6064,7068.1731,9606.0229,9145.7495,2536.7142,0.0000,9366.0839,4775.9738,9661.2788,10398.7140,9564.4868,6067.5521,8579.2455,8489.3661,10742.9757,13456.1407,12615.2346,10192.5457,10322.3583,6753.0136,13390.6031,9266.2034,10616.7054,13080.6968,8687.6668,6652.8511,7540.9346,9635.5792,10770.5363,11076.9012,4448.0769,6373.8193,379156.4621,402507.6123,399918.6693,393923.5771,388712.3257,400481.3152,394239.1931,396520.6584,336148318.4550,336125541.9591,336170738.1330,336172172.4043,6345.9682,3022.9252,4237.1420,9009.7813,9303.7158,5477.0563,0.0000,10552.9785,3035.9756,11265.0383,9149.8957,9393.2726,3168.1110,10287.9240,8696.9952,8566.0537,13718.6963,13467.2191,8270.8156,11635.4678,4375.1119,12302.3101,10327.1692,9454.9765,11986.5621,9316.4225,9139.2715,5405.2644,7655.9691,8582.4578,11228.1839,7127.7583,3495.5333,381759.1102,405129.9961,402537.6830,396573.6999,391345.9982,403077.8647,396848.4954,399137.1039,336145628.0957,336122851.6053,336168047.6938,336169482.0288,8055.5099,8795.9985,6464.0517,12057.8976,4710.0532,0.0000,5354.8668,5215.0394,6532.1003,12932.7655,12427.2365,8095.3533,5089.9555,4393.7549,12023.8966,12551.5614,11799.6388,9318.3453,7051.8842,7178.7850,12675.4387,5136.6232,8429.0896,11912.5492,4339.6509,5885.3903,7243.4680,12064.7869,11950.7360,13005.1686,6157.6286,8286.5270,380721.2059,404015.6407,401438.2630,395359.2669,390191.8439,402075.0246,395801.5835,398053.0533,336147143.8044,336124367.4487,336169563.7509,336170997.8303,1231.7352,8361.5383,9729.9744,8127.8897,0.0000,11368.1921,3278.2312,12344.2505,8063.8323,9486.2866,195.9816,11566.7138,8949.2224,6107.8241,13344.7786,13700.7709,6096.3863,12415.9246,2526.2517,10631.1876,11063.4033,8043.5528,10317.6774,9838.6882,11156.5847,3643.4680,5838.3903,6090.4348,11263.7283,9523.1269,497.1095,384403.6540,407791.1397,405199.3894,399272.3720,394020.9261,405744.5496,399535.7594,401806.9047,336143031.6233,336120255.2708,336165451.1834,336166885.5675,8178.6320,10082.2208,9173.6486,0.0000,11682.9771,3966.0843,12742.2818,7855.1887,9721.5284,1095.0106,12054.9719,9123.3691,5181.8987,13169.6246,13772.0911,5253.6933,12695.2997,2382.1480,9928.8478,11355.0249,7513.6524,9610.2015,10085.0336,11936.2848,3299.9141,5384.7469,5136.7894,11386.9596,10476.9045,765.8374,385453.7788,408846.3024,406255.5098,400342.2155,395081.2960,406807.6499,400607.3887,402867.8534,336142025.9490,336119249.6711,336164445.5048,336165879.9027,13644.0547,10168.5092,0.0000,5838.5198,6432.0343,7986.3699,12537.6892,13550.0108,8276.8192,7454.8386,2621.8020,9531.5870,10742.1062,11415.3719,4844.8990,7381.7880,6202.2864,8521.7738,5310.7281,2552.2701,7236.7305,3703.4259,10364.1502,5298.0908,11185.2050,9335.6256,13589.4339,11157.5999,8211.5792,386296.3683,409599.5685,407030.2146,400995.2092,395793.4413,407722.5135,401482.2896,403672.4933,336141906.3845,336119130.4379,336164326.3921,336165760.4804,9052.6539,0.0000,13038.1890,11200.0709,12039.2624,4669.3459,1065.4430,9884.5132,12184.8944,13609.2425,9139.9668,9704.7624,9082.0280,12424.9222,12363.5912,11325.6230,11016.1346,13171.8974,13185.3587,11793.7382,13510.6499,9621.3919,12003.9542,6815.8624,9342.7525,2980.8470,8073.3823,9972.4428,377622.0796,401065.9861,398484.0735,392725.1548,387359.4472,399103.5038,392996.6679,395145.1783,336150235.3496,336127459.6161,336172654.7820,336174089.3529,0.0000,8382.5441,6736.2326,8145.3587,11230.5358,9686.0930,8267.2932,7118.8253,8605.2574,12164.7215,12747.3705,11446.6069,11557.5057,9029.2845,8704.9068,13818.4853,8430.4248,11430.7641,13550.2175,8389.2323,4367.0668,9317.6164,11029.4180,12198.0602,10717.8062,2184.8430,8546.1058,377276.2665,400614.5817,398030.7376,392025.3153,386815.8953,398628.4566,392386.8241,394643.2538,336150358.0108,336127581.6184,336172777.7629,336174211.9903,0.0000,0.0000,0.0000,0.0000,0.0000,0.0000,0.0000,0.0000,0.0000,0.0000,0.0000,0.0000,0.0000,0.0000,0.0000,0.0000,0.0000,0.0000,0.0000,0.0000,0.0000,0.0000,0.0000,0.0000,0.0000,0.0000,0.0000,0.0000,0.0000,0.0000,0.0000,0.0000,0.0000,0.0000,0.0000,0.0000,0.0000,0.0000,9101.1773,2539.1981,13880.9837,13350.0508,11381.0988,2067.1255,3972.5260,12933.2908,9414.9459,8739.8949,9922.3454,2289.3485,10077.5401,10825.5958,583.7495,7699.1499,9975.1223,2616.7138,6301.2074,9687.4844,13603.9922,12828.7451,12759.3698,8529.1600,11455.9146,381189.5917,404464.0801,401902.9946,395841.2831,390650.0519,402649.8796,396405.0948,398560.0310,336147292.0440,336124516.2030,336169712.1741,336171146.1807,10437.6216,10426.9372,11192.3939,3257.3889,9388.1154,6360.5803,8413.1215,13391.0429,13456.5872,6218.5524,10577.4097,2392.0113,11323.8018,8738.5396,7100.9735,10660.8116,7287.7975,9605.8087,3008.1602,8595.4222,8332.4216,12544.5460,8492.0817,3425.2587,383900.0552,407244.4289,404656.9427,398649.2119,393445.0926,405227.9134,398980.7936,401260.2844,336143643.3803,336120866.9453,336166063.1082,336167497.3487,13599.1857,12480.2026,12391.8272,1579.8124,6312.4904,13575.1759,8414.2044,7092.0429,11480.5079,1272.0302,11493.8503,11242.5905,3103.5146,9476.0876,10692.7522,5033.9516,4895.7418,11280.5402,13841.3790,13514.7449,11571.7811,7638.1487,12490.7380,379056.2838,402341.3704,399782.4274,393753.0988,388539.3856,400545.7806,394320.9275,396450.4336,336149501.5276,336126725.8032,336171921.6315,336173355.6750,3674.3376,8155.9271,13702.5665,13377.6909,5157.8842,9885.4010,10531.5463,9799.5079,13547.9823,9561.4534,8484.5973,13845.8892,11296.9425,9383.5040,13680.8793,12384.0948,10123.3148,2876.9279,5408.2474,5128.9830,11003.3117,8091.5802,382126.8974,405585.7221,403002.0016,397269.8414,391889.6635,403608.3418,397513.7991,399663.4412,336145722.7877,336122947.1199,336168142.1677,336169576.7890,9630.5054,12645.2123,13719.3483,8358.0163,9598.4775,9278.8044,11986.7787,12710.2203,11093.7316,10434.5251,13451.9418,12898.5504,11280.6373,13700.8798,10360.0606,11752.9445,6005.8953,8573.1727,2862.6845,8860.5389,9686.5150,378526.2879,401976.9353,399394.7841,393650.7020,388276.1595,400012.5828,393913.4498,396057.9048,336149343.1466,336126567.4519,336171762.5565,336173197.1505,11613.6556,8906.9774,6069.0545,13383.2709,13769.8889,5957.7116,12447.3283,2381.5189,10590.6017,11068.1849,7936.8972,10258.5534,9817.7375,11271.5968,3494.2395,5892.0746,6043.9826,11386.3290,9672.9205,333.4005,384591.1339,407977.8626,405386.2001,399457.6721,394207.1139,405931.8646,399722.3694,401993.6628,336142847.1995,336120070.8478,336165266.7634,336166701.1446,5425.3929,13482.8636,9591.8745,8357.1089,11114.3294,2451.9666,10672.1463,11792.0584,2522.9543,9228.3093,11148.4185,4160.5779,4398.1131,10495.2635,13697.8612,13416.6857,12086.5641,6947.5023,11736.8134,379196.1662,402476.6218,399913.8620,393859.3838,388664.5520,400650.5599,394407.6611,396568.2055,336149207.5005,336126431.6071,336171627.5920,336173061.6217,11181.3294,11181.3907,11225.1619,7059.9043,5997.8614,7075.0259,10306.4273,3408.1321,5073.6457,9170.9964,1398.4684,8529.3187,6458.2946,12288.0381,11025.8930,13762.8988,9611.8015,8940.0428,384165.9628,407449.5406,404880.4935,398806.1123,393629.2506,405572.9823,399311.9514,401516.2531,336144026.8803,336121250.8154,336166446.9388,336167880.9706,10644.9602,12048.4829,5468.6307,13208.7636,6561.2204,6314.6778,12696.5134,7689.6582,6635.3092,11915.3942,13628.6900,6725.1989,3043.7446,274.6186,9293.2345,12681.1501,5815.8320,386650.4991,410079.7213,407496.8337,401694.4316,396357.2046,408106.6035,401975.3412,404148.1261,336141188.7202,336118412.9652,336163608.2226,336165042.7353,2745.9157,11219.4752,7781.2800,13051.4010,6177.4517,9629.1809,10061.8952,6765.1034,10671.9279,10479.5915,12850.4697,11144.3918,10645.5585,7370.5078,11787.8277,13329.0233,381378.4462,404749.9930,402195.6747,396379.3380,391028.5009,402997.0133,396892.0745,398912.7534,336147503.5607,336124728.5204,336169923.4310,336171357.7536,12532.9627,6803.5227,13590.9350,8523.5015,9089.2044,11286.4749,8962.5765,10470.6899,8584.7972,13523.9168,12008.9601,12074.7730,6994.4667,10145.9583,13782.2017,378812.0026,402173.4715,399618.6388,393777.8081,388442.2997,400416.6339,394297.9193,396330.1562,336150007.2142,336127232.0653,336172427.1046,336173861.3963,10926.9659,4301.6425,6744.0705,9498.9239,2950.3905,5793.0618,8141.0414,12770.3698,3453.3976,7785.3001,5222.8618,12517.5093,12583.0760,5716.4042,388269.2418,411631.2629,409053.7021,403115.8973,397859.0156,409695.0344,403497.3252,405693.8801,336139677.0096,336116901.0959,336162096.7804,336163531.0597,11400.6638,10408.6748,2795.8002,8739.5909,9792.3835,4751.9516,6033.3850,11078.6312,13729.4795,13131.2436,11678.2686,8617.6343,12513.6160,380114.3490,403399.3931,400842.4308,394820.5293,389600.7748,401618.9471,395400.4406,397516.5000,336148532.2937,336125756.6563,336170952.4159,336172386.4570,9950.0281,9679.5725,6008.5030,9295.2992,8170.1206,11223.3523,1157.5471,7331.6270,6441.4886,12410.1700,10211.3281,2293.0515,385786.2915,409148.0208,406560.8706,400590.8768,395362.5366,407135.6712,400909.2588,403171.9198,336141791.2144,336119014.9062,336164210.8990,336165645.1913,10692.2019,6524.9121,1524.8011,10579.6815,13286.9997,9515.3473,8320.3661,6207.2365,9506.3481,13769.9977,10394.8149,386789.6188,410180.3807,407616.7680,401800.9919,396456.7388,408355.8307,402240.2074,404312.0176,336141763.3140,336118988.0886,336164183.0837,336165617.4598,7253.4597,9783.1540,2048.5772,6640.0431,9251.1031,13450.8049,12582.9158,12941.3299,8714.6266,11136.2870,381685.5880,404959.9496,402398.0254,396332.4833,391144.3649,403139.0237,396891.1871,399052.3734,336146766.0403,336123990.1718,336169186.1671,336170620.1725,5187.5396,6002.0972,11753.6503,5034.7827,9826.1446,7464.1911,12901.7057,12284.5747,7779.3758,387649.2656,410979.8536,408410.0257,402431.8552,397194.2879,409101.8034,402891.5646,405061.5192,336140563.4791,336117787.6812,336162983.4051,336164417.5784,9517.6573,13056.2019,8716.0860,8872.4554,6477.5246,10492.1544,13671.7824,10060.2576,387334.4944,410708.3485,408144.9836,402290.5248,396970.1925,408884.5566,402748.4448,404834.0159,336141200.9365,336118425.6309,336163620.7670,336165055.0841,7667.4574,7643.4793,12865.5789,11776.7940,13538.8094,9150.8742,9871.9171,383114.8959,406391.7307,403825.5276,397748.0572,392570.9182,404537.0588,398277.7391,400467.5064,336145179.0012,336122402.9974,336167599.0961,336169033.1077,11500.2496,12853.2439,13646.8308,10203.5491,3130.6826,11476.3484,375973.6871,399290.9176,396719.9914,390715.0477,385494.4158,397405.7524,391179.7340,393363.7915,336152112.3126,336129336.2771,336174532.2228,336175966.3754,7918.0906,6565.5968,12857.2979,10784.1336,3366.6810,386520.9544,409874.0839,407289.4336,401308.4166,396084.9055,407880.7574,401651.3964,403904.5949,336141142.4206,336118366.1668,336163562.1555,336164996.4157,3294.7900,7664.3495,11360.6708,5759.9354,384157.7882,407604.5856,405017.0868,399241.0286,393891.3717,405596.3141,399473.7188,401661.7313,336143529.5131,336120753.6545,336165948.9120,336167383.4918,9472.3046,12740.0108,5783.5449,386830.5980,410257.2164,407674.6400,401867.1496,396532.8218,408286.3809,402152.7542,404325.7974,336141016.3301,336118240.5742,336163435.8443,336164870.3476,9531.6841,11413.1469,378240.8589,401681.8714,399108.4070,393375.6876,387986.9697,399785.2785,393702.5553,395794.4583,336149950.6343,336127175.2119,336172370.1372,336173804.6959,9926.1801,375836.9613,399183.5928,396603.2764,390628.5799,385396.3719,397227.0597,391006.1218,393229.9114,336151921.4803,336129145.2512,336174341.2307,336175775.4822,384876.8125,408264.8601,405673.4610,399748.5454,394495.4805,406221.0440,400013.8074,402282.2235,336142573.5356,336119797.2040,336164993.0984,336166427.4832,23954.9340,21350.7454,21372.2523,13052.6619,23162.2597,20368.6617,18727.9060,336525560.0671,336502780.1523,336547978.2560,336549413.2235,2860.4854,13806.8734,14332.2220,9836.7899,14800.2685,7471.1034,336548931.9572,336526151.6687,336571350.3359,336572785.1019,12363.4308,11940.4034,8402.8587,12580.0461,4816.2664,336546238.6853,336523458.3195,336568657.0212,336570091.8102,8572.0957,15230.9356,10987.7030,9861.2635,336539992.5779,336517211.6142,336562411.3728,336563845.7171,15589.4903,12142.6292,9057.5858,336535125.0852,336512344.6850,336557543.6610,336558978.2563,8572.0957,6948.9439,336545882.4492,336523101.3376,336568300.4520,336569735.3992,8116.1435,336539403.4213,336516621.9094,336561821.6263,336563256.3585,336542531.2196,336519750.5197,336564949.5230,336566384.2909,43092.9573,29401.1090,24861.4022,59293.9744,56040.9210,15079.6771,
68400.000,13654.4139,8055.9004,13438.6795,2855.8634,3478.8986,13791.2951,4287.9763,8976.0887,9298.1482,10876.1059,6026.2756,8433.1637,13543.9403,10131.9988,5012.4242,5650.0222,6310.8171,13602.8263,10814.1471,13316.3396,9870.2857,8961.4546,12786.2558,5560.7445,6256.1759,12011.2225,4396.2479,9718.2474,8834.2924,13361.6910,12723.9336,9363.4255,13651.5704,11901.0617,12878.4917,10760.0686,13520.8574,1090.2120,11574.5261,11533.4336,12057.9115,7487.3693,13741.3802,8154.6626,10662.9465,13099.8500,10268.5699,11274.4129,7494.5868,11673.7173,12479.6159,6927.8374,10524.9269,6767.0050,13124.9214,12229.0121,8175.9565,7440.6447,13574.7815,12978.5105,9019.2050,13291.8487,13453.6085,12511.5156,12943.4924,11957.1958,11919.6095,10059.4698,9620.3360,11889.4208,7666.3424,11418.0112,0.0000,11835.7419,11255.4244,12229.2987,10628.2835,10131.0191,10361.9064,13477.5023,12782.8709,10131.7621,5230.6148,8552.8443,9840.2800,11882.4086,10137.1505,4174.7741,9965.7254,5684.4108,3295.1062,12864.0057,13267.2907,11426.8089,5011.8124,10141.7023,9868.3594,12244.9298,9923.5618,382403.0926,408117.3758,404370.2781,395280.0444,393152.2950,403280.0907,396137.2069,397302.8105,336132829.1089,336112544.9656,336159300.0930,336155921.3329,10168.8859,4176.2604,13643.4459,12990.5463,3230.3343,12647.7798,11350.7557,11088.8843,8506.0840,12587.8128,9969.6826,3235.4898,8447.3385,13092.2692,11891.2641,12401.2291,2339.2311,7590.4968,4189.5362,10346.4199,11533.0515,3917.4385,12341.9633,11440.5741,8065.8824,13297.9872,10254.0629,11464.2638,2476.5202,4534.3888,10649.2531,518.0299,8220.0106,4303.8948,9501.9463,4347.6822,13642.8275,8249.9160,8796.4047,7574.4405,10984.3161,3684.2552,11513.2426,9810.4087,4828.4078,7924.1850,9301.4598,10981.6553,8345.8766,6928.4014,10895.4517,7692.5884,11209.3188,3450.7153,7341.4954,11095.1624,12219.5781,3645.7721,5118.7788,9690.4645,2811.3142,4920.2955,7172.4430,3490.5008,6139.9278,8317.4943,8826.5086,9223.2633,6695.7899,11249.1519,8746.6222,0.0000,8338.4473,8190.0127,7933.6930,7601.6129,8773.5267,8619.7945,4706.7401,5796.0889,8106.9156,12697.1740,11228.4942,10501.7212,8274.8709,9387.3468,12590.2362,10451.3622,12639.2788,13554.6933,5978.4451,3956.1079,6607.6994,12116.3710,8098.9613,8748.7125,7576.1615,8399.3275,381616.1379,407350.4473,403719.9176,394759.3328,392460.3177,402815.0349,395719.1485,396709.3993,336135036.8236,336114753.9797,336161507.5440,336158129.1897,11569.3377,9526.9322,5799.9351,11710.6642,7765.5413,12058.4488,12476.9959,11353.1817,11486.2365,1562.3106,11562.9943,3816.1128,9501.0050,6813.0521,11182.9293,9907.3419,7776.7552,11835.2446,10934.2843,13007.0994,7986.3957,6068.0805,4896.0976,13576.9904,9520.9419,12565.5123,12169.8533,8819.5186,8470.1998,13098.1547,9898.2157,13693.3925,10040.4177,12573.4656,11709.9098,8856.1659,13054.1960,13436.7332,11153.4038,8518.6405,12306.1326,12289.2698,13727.9948,12151.3483,5929.3702,13722.9207,4480.5371,13460.9181,13309.5706,2750.0722,7312.3638,1849.5034,8475.9133,11204.0923,7683.1099,12605.5699,10998.9556,11912.4544,3721.5538,9953.3787,12673.8818,13034.7695,9128.9791,9996.4918,13774.2350,9690.5903,8331.4250,11069.5676,6412.4628,11696.2716,0.0000,13703.4580,12596.5413,13673.1184,3450.7307,5300.3687,9936.4519,12327.4804,12301.5889,4314.4846,7510.6274,9707.5945,13368.5206,13722.1539,11914.2803,6372.0987,13530.5636,11423.2166,10446.1174,12826.1018,9733.8110,7771.7982,4992.9923,4498.5953,3686.6443,12313.3835,5721.5261,384953.9080,410605.1623,406917.7207,397771.4198,395676.6638,405990.7709,398788.2960,399857.0883,336131204.7865,336110921.3049,336157675.8835,336154297.0474,12557.6168,12779.1289,1290.2144,13626.2798,8437.6150,8149.6252,10358.2911,12454.1943,10956.9236,5588.0812,9238.2976,11430.3231,13388.3033,12683.4485,3100.7650,10707.2419,6247.8658,7322.3244,8956.8953,5052.2190,11606.4709,13151.0715,5616.4374,11782.1629,10720.0374,8611.7699,4669.1189,4446.0491,10058.0717,4624.8240,7163.4483,7755.8914,6138.0659,183.2001,13268.2336,8645.0435,5852.0657,4066.8955,12780.4755,2532.0056,11621.1417,8360.9408,6373.8023,10930.6567,6782.2815,10701.6174,8007.0561,6503.8911,11276.8470,10752.9871,12035.5937,4710.9480,3790.6698,9478.5735,11583.4142,1163.3321,7106.1629,9947.9097,6590.1605,2347.9519,3778.2428,7341.7418,9131.4706,6566.4483,11167.5451,11800.4742,9053.5874,10183.4181,5180.3984,0.0000,7368.7951,8902.0181,5515.9654,9551.2103,8624.0961,10991.5084,1410.6735,7303.8790,10883.9768,11506.4516,8811.1395,9905.7632,6539.2613,10500.2786,13667.1751,9493.0817,12300.7307,12745.1867,6655.6175,3012.3991,9964.6792,13413.4529,10913.7760,9425.3716,3718.2940,11292.2763,383541.3382,409324.6986,405679.0181,396784.7347,394425.7161,404701.8425,397657.6886,398676.2133,336132811.5914,336112528.6301,336159282.1754,336155903.9675,4486.5414,13110.8378,6675.4274,6595.0844,6994.3682,11685.0611,6272.4873,9482.9735,13595.2316,10635.9546,2673.3954,8042.9614,7034.8230,13296.5035,12317.5715,13404.6073,7870.9497,6754.9531,12743.3209,5370.2034,8638.0319,10660.3127,1941.5408,9919.5709,6433.5256,13381.9591,12399.1146,8803.7236,13738.7756,11065.0155,13554.6416,8774.4345,12604.1189,2421.6746,11440.0185,9884.0895,10590.8532,9391.3315,13084.1709,8321.8189,9549.6161,13097.7362,11917.5713,9699.6201,7676.9094,11168.4511,11909.1103,7808.9555,12076.8188,8163.8029,13048.5748,10802.2812,7058.7602,6927.0222,12849.5077,13174.6673,9413.1175,13761.8864,12511.7178,11075.2845,13627.7418,12880.7470,10792.5057,11398.0805,11320.3832,12580.8040,7069.4825,9637.3275,0.0000,11034.2607,11309.7437,10913.1585,11609.8499,10103.5876,11625.7670,12507.9460,12880.1430,11738.1476,4228.1467,6675.1746,9262.7721,10763.9565,10670.5379,6792.1823,9130.2095,5685.4624,2492.6784,12654.6051,12731.4836,12759.9751,7516.5667,11764.3288,10363.4972,10652.1528,11672.2561,383473.2015,409224.3654,405474.4278,396441.2638,394258.0836,404344.9371,397242.7338,398416.5109,336131634.2012,336111350.0568,336158105.0691,336154726.4418,13274.2968,6339.4967,9103.9255,9698.3108,12341.5991,8932.5062,5758.8017,13705.2901,7530.0563,4796.3622,6876.7190,9146.9184,12491.5505,11009.1048,13729.4202,8916.0272,10038.8717,11173.0775,2558.2448,6313.0002,12765.7209,4609.9158,11857.7090,9126.6681,12081.5160,11054.9036,11506.4465,12930.8340,13171.0216,12978.1743,10813.3565,12864.8766,4388.3786,13102.5392,12149.1570,10978.5083,9066.7126,13620.7753,10689.8680,12268.8140,13693.1043,9891.8590,12251.1366,4357.9549,13138.3872,13506.2440,3931.7540,10629.9304,4107.6276,11618.9967,11160.5707,5818.8520,10069.6538,12662.3550,13630.4329,6116.9728,13058.0445,13400.6128,12616.3604,12594.1128,12503.3721,13008.4702,11264.2774,10471.8738,12827.9850,4858.7062,10656.5534,0.0000,13161.1822,12794.4004,12967.2154,8557.4709,7430.2518,11551.3785,13174.9021,13634.0391,9097.9476,3165.0193,7144.1479,11919.8556,12967.2384,11988.4528,5323.1794,11928.6223,8587.1970,6177.6204,13741.3050,11903.0300,11356.5968,5115.3917,9188.0802,7194.6038,11799.3032,9586.1862,385330.2448,411028.5374,407295.5216,398187.7842,396071.6965,406245.2813,399085.9766,400228.8175,336130128.4408,336109844.4775,336156599.4595,336153220.6743,13577.2454,9363.3775,9003.5091,9632.6504,12449.0031,11240.0190,4445.6205,9586.4000,12200.7821,13229.5352,12569.6870,2842.7783,10026.6124,5166.4051,8447.5757,9605.3318,5102.2067,12290.7755,13033.0869,5792.5085,12495.9954,10304.7220,9498.2668,4332.8368,4817.3789,9912.2906,3725.6540,6868.6319,6757.0324,7059.9390,1407.1373,13613.6562,8048.9000,6346.4137,5323.2475,12403.0131,1579.3961,11409.5493,8344.9360,5366.6679,10419.0325,7106.3810,11323.0945,7555.2121,5940.9842,11706.4283,10119.4315,12332.0346,4672.7377,5054.6222,10406.6310,11611.2247,1659.9437,6093.7968,10446.0283,5567.7518,2149.4717,4364.4852,6424.9649,8235.8191,6489.8006,10502.3421,11209.1120,8170.5826,10992.4285,6369.9834,0.0000,7060.1936,8277.5141,5647.2090,9548.0139,9226.3701,10292.4075,1613.6488,6367.6902,10540.1446,12264.0243,9855.3149,9722.1139,6459.7988,9932.4409,13675.4925,9398.1396,12367.2626,13107.4347,5813.1381,3441.4669,9239.0264,13421.1142,10548.5762,9807.3072,4819.1070,10817.4348,382506.3397,408283.0323,404643.4643,395744.4917,393388.0138,403682.9949,396633.1316,397641.5989,336133935.9747,336113653.0643,336160406.5696,336157028.3535,11496.0236,11527.4091,8023.7771,5297.1151,8789.4511,11979.0229,10587.8912,8720.3447,1828.8217,4662.0921,13292.7941,7714.9242,11598.0470,12342.3435,10876.3624,12608.1646,8485.5052,3624.9865,12341.8325,8184.3700,7824.7028,11325.4319,12780.5052,12957.0282,8679.8456,12556.4382,11338.9115,10599.5281,12470.7584,13748.0491,4432.8452,9970.5643,12410.7966,13514.5904,3527.2086,13274.8322,6684.7434,10614.3946,11443.8662,7531.5780,11957.6842,9395.7311,10611.5317,11529.4884,8130.3379,7471.5183,7344.4534,12865.1978,13598.5992,10883.5267,7238.0062,13694.7762,11037.9752,10102.6170,11432.0578,13381.7790,13176.2401,10927.4924,9211.0010,11829.5982,6671.8303,6018.4648,9269.3001,10206.1516,13205.6356,0.0000,11218.1039,9414.1229,12489.9636,10001.2478,11287.0391,7044.8991,13576.0454,10915.6519,8041.4357,8678.6731,11448.3810,9097.2916,11784.8694,7696.7366,1691.1418,9587.2506,5481.1396,5677.2443,11407.3012,13481.4299,8628.5736,3126.7585,7961.0909,10451.4849,13459.2978,7114.5748,379065.5103,404750.9083,401021.2131,391898.3073,389796.0235,399989.8868,392817.1705,393952.5993,336136429.4459,336116145.4471,336162900.4953,336159521.6722,1036.6921,12377.7853,9152.6339,11400.1622,11602.5151,11006.3696,4984.7300,12364.7011,10103.0714,10427.8218,13806.6466,11626.8990,2978.5676,2742.7920,10748.6053,8015.3996,12710.2560,6408.4216,5375.0540,10474.6144,431.3764,11285.8361,9879.1533,8409.6575,11656.6689,8365.5546,12962.6343,2794.3748,8393.0915,8500.0499,10342.2475,4983.7386,5684.1162,12709.1045,9463.2291,9790.2899,7144.8538,11259.0549,13745.1485,5446.8164,9184.3821,9326.1425,9348.4199,10240.0889,13697.3517,11228.6229,10870.5199,5920.5797,6391.2794,8179.2898,9063.7268,11791.4212,10251.8053,12595.5770,8345.5587,6056.3052,12958.7590,13097.1313,7351.1184,13055.0089,13586.4604,12529.6698,7603.6935,4101.4521,0.0000,8473.9557,10626.1517,6670.3789,12399.6525,9699.2136,13081.8188,8214.1305,11446.5341,13565.3620,6729.4963,3997.7239,8591.4530,7342.5211,11348.1681,11728.8978,7894.4370,8574.3933,7341.9538,10613.9296,9527.9176,13748.4899,12088.7460,13609.2050,10860.3253,5205.3791,13770.4553,384974.5878,410791.0481,407072.5620,398170.4771,395845.8817,405937.5544,398914.7752,400047.4306,336130372.1494,336110088.4082,336156842.7482,336153464.4608,11842.5131,8786.3524,11898.4169,11098.3941,11479.4915,5705.4124,12398.2867,9745.1683,10317.2703,13618.5921,11069.1381,3691.6294,1913.3976,10849.7123,8774.3164,12868.8553,5528.1637,6004.6983,9814.8848,836.9058,11247.4704,10021.5074,7650.5221,11421.3021,7485.2346,12591.0552,2281.7162,8101.1367,8737.4916,9581.9532,4095.4587,5809.4205,12523.5254,8951.9787,9219.8802,6224.0316,10647.8735,13713.6090,4475.3763,9882.5962,8494.7217,8549.6551,10826.4738,13544.7687,11743.8156,10922.0223,6009.6307,7244.0772,7618.7465,8880.0338,11206.0073,10841.2842,12266.6822,7790.0341,5416.8465,12699.6680,12698.7128,6440.0840,12692.5596,13363.4807,12015.3407,8408.9259,4219.8645,0.0000,7594.6194,9915.4960,5797.7693,12702.0822,10267.1619,12694.9496,7762.4437,10805.6776,13673.5662,7528.5903,4929.4211,7797.5748,6435.1854,10748.0155,11890.2465,7053.8803,8234.9523,7394.9241,9906.3882,9541.5495,13565.8082,12317.2757,13701.3856,11360.3110,4923.9039,13757.6319,384099.5997,409921.9758,406205.8119,397316.2870,394978.5680,405069.1901,398054.0135,399183.6639,336131260.0369,336110976.3150,336157730.6113,336154352.3534,7043.1487,12113.3300,6068.5732,12423.7302,12835.2806,7599.3423,6258.8080,10284.3203,5212.4773,5244.1720,13255.5783,10949.4802,10960.6218,13282.3214,8697.2791,8832.1451,12562.7985,3603.0839,12198.4323,10137.1462,11536.8030,5936.6683,8519.5668,6567.2847,5131.1535,11558.3166,10488.2313,10516.5437,3814.9786,9901.4481,12516.9102,5148.7349,8614.6791,5225.9650,7366.6498,4949.6585,7028.3101,9273.2892,13244.9137,5238.9846,5894.8245,12375.1589,5538.6510,11975.7558,10839.2221,12434.3141,13850.4867,7209.1976,10650.6314,4260.6007,12939.0295,6461.1980,9192.5427,10156.9690,6552.3058,3393.6826,7735.7877,2443.1948,4365.8193,2118.9882,13735.6224,12571.4040,0.0000,6407.9440,3033.1058,8798.6983,11062.3098,13145.1866,2144.6480,9810.0388,4003.8270,8703.0654,13306.8629,13667.7126,5874.4484,7692.4193,1905.0325,8996.9386,6592.3430,7532.6072,10137.2737,4952.4632,11307.9378,5693.1790,9434.1800,8517.0684,12539.2504,11588.9953,7145.1775,375092.8460,400821.7125,397143.9812,388131.2897,385899.4018,396167.3740,389050.4774,390109.7164,336140881.1306,336120597.6849,336167351.9577,336163973.4331,12042.8498,11088.5474,13057.8276,8280.9284,6616.0124,1252.1485,13290.3618,9834.5879,10473.1628,11090.5067,7413.3186,13486.9887,10330.4215,8399.1908,9097.0095,7735.1638,4490.3562,8829.2659,13407.4487,13523.4651,4232.0223,12704.0482,7854.6400,10907.2668,9917.5484,12527.7073,5147.7733,7032.8441,9202.0626,12387.6401,6022.3750,11714.9701,2455.5795,6478.1285,9956.9357,10503.8915,8348.4763,11702.6280,7237.6888,8669.2017,11166.0890,9814.5368,10979.5812,13583.6795,12473.0487,11609.7013,2117.8694,12967.3536,9811.6436,12589.8759,11705.1969,11431.8793,10651.2853,11724.6058,9573.9317,8320.6310,7419.2260,8165.1062,8674.0368,11628.8484,11600.3835,0.0000,7694.1100,6780.5986,9273.9064,12851.4425,13143.8430,7581.8021,11894.2019,9271.3353,11380.5412,9690.7609,10952.6237,4725.8219,8291.9889,5543.4155,6750.0654,5167.5460,703.5285,3939.6786,9235.2174,13466.6054,10552.4398,8018.9825,11281.6492,12952.1062,11509.5206,10311.2609,377412.4768,403169.8121,399433.3724,390421.2794,388211.5067,398324.8068,391230.3845,392382.7660,336137797.0350,336117512.9835,336164267.8618,336160889.2889,11685.3311,2559.8400,9021.3603,8035.6201,11881.3905,9354.4401,8785.8676,12048.6941,9966.1458,12643.0390,7305.5271,5357.1737,6267.1470,13299.6108,9159.2095,13140.4867,11560.4614,8360.6075,7612.6175,13407.2997,9732.0548,13735.3025,10495.5129,11913.5824,11084.8118,9210.0485,13421.5169,13030.4720,10181.1393,9678.9134,11996.0898,12863.7506,13758.8226,12368.3905,7018.1457,13447.6808,3276.6681,13670.6507,13390.1540,1979.2791,8349.0731,2037.5591,7841.2943,10244.4771,6506.9352,12974.7407,10342.8703,12241.3570,2193.5932,10190.0657,12270.9350,12516.6928,9467.5135,10690.6205,13667.0444,10669.3691,9478.2631,11704.8666,5227.2883,10784.6359,0.0000,13771.5768,13040.0809,13400.7061,3267.0026,3856.6928,10881.5498,11821.5027,12629.8776,5349.1437,6855.3952,8694.8842,13665.4149,13616.9049,12589.1487,7456.5095,13724.1008,11903.0445,10682.9645,13020.7398,8946.8711,8631.8920,6197.9083,5551.7487,2330.4365,11552.4548,6896.1557,386234.2897,411897.4494,408211.9298,399084.6986,396970.0350,407277.8457,400088.1122,401155.2139,336129920.4221,336109636.9843,336156391.4798,336153012.6922,10706.1660,13545.5271,11356.1459,10807.1939,5301.2425,6949.0214,1001.8745,11423.1910,11007.4834,6915.4332,13524.6360,11467.2525,6977.2562,13609.1625,7878.7145,11599.2613,5611.2262,7427.9522,8605.4962,3442.7370,6112.8851,2996.0495,9703.9765,5726.6857,13330.7217,5535.4223,8158.3359,9109.2845,9793.9458,3562.9493,9512.4283,8005.9809,1730.0033,8088.3581,8244.8297,12668.1566,5875.6145,4548.3609,12376.4869,7219.0645,12493.5542,6528.1857,8902.1294,12685.9549,10552.3236,5719.2610,2031.8719,11726.4457,2543.3473,4809.8721,7058.9380,3654.1948,4356.2832,6657.7405,7083.4924,8093.0819,4208.1763,12884.2892,9814.7757,0.0000,6175.0866,5485.3862,6805.9851,9625.2809,11100.2704,6774.3221,5240.3920,2723.1999,8979.7347,13654.2814,12435.3278,8366.0605,6616.1323,6936.5662,12338.6638,8459.4581,11261.4221,12921.7611,3109.6812,6704.7009,6251.6216,12202.0029,8890.8016,10954.1139,8338.4012,8526.6222,378601.3153,404349.6444,400711.4064,391767.2818,389454.4850,399781.5343,392698.8796,393701.4939,336137882.7372,336117599.7764,336164353.4265,336160975.0984,9678.6115,9843.1823,12980.5756,7424.3326,9245.5469,11249.8944,9092.8621,12473.1566,5185.5923,6403.8124,8247.1989,12491.0642,9971.3628,13553.9475,11232.7862,6463.9797,5397.8537,13653.6819,8226.1234,13252.3600,9934.3719,11048.1561,9359.4839,10750.8801,13275.1446,12225.0550,8573.5450,11013.1030,10587.1635,13558.4444,13541.6571,11646.1611,7663.7674,12841.6707,3914.6171,13377.4006,12772.8394,3820.2742,8880.4483,4484.9004,5758.1782,8596.2223,6147.1695,13630.6989,8472.0723,11655.2583,1785.1034,9261.5828,10889.9034,11326.0191,8681.7043,10608.2253,13052.0604,11306.0011,10375.2024,11635.0340,5254.9486,9500.0919,0.0000,13330.1365,12991.7812,12560.6251,2613.4297,2004.8593,11432.7175,10296.0526,12119.2075,6023.1765,7673.7468,8200.3025,13835.9207,13003.9104,12975.2982,9473.8676,13785.1475,12893.2161,11857.8560,12393.7084,6851.4298,8773.3870,8337.4067,6233.3283,409.2450,10174.6214,7728.7367,387057.2377,412737.0961,409068.1658,399980.4717,397820.3099,408148.0435,400979.7409,402023.3007,336129267.5814,336108984.3499,336155738.5574,336152359.8797,9777.7430,9085.9508,12307.3534,13152.2361,13526.2404,5668.4388,6195.7952,11699.0822,4259.3649,9931.4748,10200.9585,743.0798,11246.0415,4973.2060,12535.1292,11123.1102,9848.3941,13221.0023,11261.2056,13846.4874,7390.7168,11453.4891,4899.8230,12168.3437,9154.3919,8781.3446,11105.8129,12429.8683,9953.6404,9897.7733,13278.3385,12584.3329,9301.8295,6518.1173,11672.2305,12063.4351,7293.3458,12899.4149,8104.1374,12026.0178,9031.3584,4887.5867,8469.9618,11679.4499,13502.6169,8344.7610,13748.3478,11722.3288,10085.2263,13689.6571,13561.8504,10705.3440,12662.2345,12583.8852,13355.8429,5289.2736,7790.2815,0.0000,11289.1595,12141.8679,10456.9515,11165.9107,8692.8693,12843.5357,11541.1142,13276.2790,12114.0279,2654.6887,4206.6927,10233.2640,10679.4421,11939.6241,8552.7222,9903.1510,7670.2042,4858.7304,12899.4821,11449.1762,13365.3392,8897.1679,12181.3057,9389.8937,9170.4104,12419.1094,385662.9395,411427.4731,407686.7836,398680.3981,396466.8957,406561.6204,399475.0838,400636.2756,336129530.2321,336109246.2217,336156001.0435,336152622.4915,5818.4900,12664.3853,6278.5267,11034.8176,12875.2399,11888.3621,11851.3301,8869.7651,2162.1398,12739.7243,9330.7016,8229.3889,12235.8922,11962.1045,12366.6120,9443.4145,11733.6681,11663.5230,9604.6561,13065.2873,13527.1389,5967.6862,10065.2093,12937.7974,13631.6093,2728.6551,12990.3182,7522.0995,11275.6015,11001.5684,5935.3827,12568.1935,9269.2880,10862.8863,11591.9469,7775.1307,5991.0956,6791.2561,12108.8085,13685.0207,11179.5497,8417.5556,13329.9331,10503.6854,9605.2749,10472.4853,13285.4929,13425.1165,9828.2725,8231.1219,12230.7852,5803.5067,4710.7057,8595.9185,10373.1238,13551.7966,0.0000,11551.1108,9433.5273,12855.8318,8875.1166,10832.7026,6202.1961,13444.1285,10521.8128,6500.3009,9354.6327,12013.2143,9800.7822,12181.9012,7717.8806,1794.0021,10331.7851,6870.7785,7273.7423,11195.8504,12988.2415,7226.7672,2384.8698,6402.7793,9754.1006,13702.5520,5475.6033,379007.0685,404674.6890,400958.4012,391817.4846,389728.0097,399967.1300,392777.1311,393890.3475,336136699.7437,336116415.8832,336163170.8291,336159791.9759,13275.6366,8971.3475,10158.9577,11848.3137,8447.4472,13422.3843,10692.0592,7725.1064,9631.7819,8541.5998,4142.1240,9802.7985,13270.2670,13581.3543,4640.1417,12477.3678,8141.6993,10336.0839,10713.9403,12772.0138,5576.0707,6867.8173,9888.2428,12913.2732,4937.6413,11811.9797,2332.6372,7051.3481,9686.4785,9726.8249,9048.9535,11881.4250,7330.2082,8750.9643,11158.7046,8964.3790,10824.2557,13514.4503,12978.8736,12119.2147,3051.4269,13131.0382,9428.0101,12622.3745,11260.3486,11680.3630,11172.8021,11205.8384,8847.3074,8766.7256,6438.7298,7156.9299,8010.2807,12015.2306,12265.9334,0.0000,7967.0576,6489.4919,9782.0111,12533.9442,13255.9826,6627.0679,12157.7874,8935.9246,10738.9334,10232.5377,11671.5431,5084.0534,8733.9551,4906.0361,6226.5800,5684.3975,1911.4156,4807.2466,9081.1633,13578.5252,9774.1949,7499.2082,10621.3398,12895.5363,12090.1546,9517.0460,376752.2639,402495.9921,398764.1544,389733.0909,387540.1381,397676.9605,390567.5619,391711.3291,336138539.4152,336118255.4008,336165010.2799,336161631.6666,9169.3842,6202.7750,8911.2922,11132.5072,2424.5816,11408.1116,12018.9684,8182.7865,12632.1804,11559.8306,10620.8261,1647.3676,2515.2451,11515.6180,2509.4256,9074.8299,6466.7354,8611.5415,3252.4325,13650.6168,9689.7779,8531.0906,5859.9547,12192.6892,4145.4047,12536.9761,10385.1283,6689.3857,9075.1288,9309.2986,9903.5135,9506.6790,8073.7156,10179.9282,9169.7626,10770.3022,1911.6856,5617.5318,9654.8742,12868.7964,2073.6540,7119.9728,8593.5359,5025.0880,4891.5856,6681.9863,5462.6291,8154.1943,8827.7753,10509.4567,10734.8984,8678.0680,9943.3889,7292.3473,0.0000,9231.6627,9710.8986,8088.7246,7260.5873,7331.7109,10358.3162,4241.8684,7657.9535,8790.1747,11754.4490,9821.4936,11412.6899,8789.0013,10923.8111,13059.0882,11208.3662,13222.1681,13606.0962,7561.5573,1675.6606,8222.3918,12497.6182,8842.1420,7711.9246,6394.2364,9496.9462,383868.1630,409610.7084,405977.3113,397026.4194,394718.7994,405059.4913,397971.9352,398967.7402,336132746.6144,336112463.7730,336159217.3132,336155838.9838,6793.3256,13679.5542,13346.7872,8800.6007,11880.6912,6040.6374,11652.1518,12975.2544,8221.3601,13760.8221,8207.2413,9789.7706,10072.6170,7296.8788,10305.0972,4221.0647,13209.9754,10881.7160,10977.1893,8289.4211,12415.7588,12698.0028,4970.8109,9740.3721,9096.1386,11160.2109,7151.5022,2095.5528,12246.3163,11014.9662,9398.2061,9346.8408,9722.7243,491.1896,9010.6287,8834.0446,12609.0808,12778.8302,10679.5814,10431.6240,6419.8368,10120.3123,5298.5634,10658.0478,12025.5433,4431.0813,3158.6508,11099.4086,3302.2785,2311.7217,4612.6088,12189.3399,13257.0097,0.0000,10235.5364,7606.6459,11628.1077,7157.6933,10620.7616,3374.5087,10845.1887,6913.9331,4011.1261,12558.9288,13565.4793,10139.6767,11045.8294,6746.0683,7714.9343,10672.8272,10197.7975,11594.7990,8077.2457,10204.3621,1203.8254,7283.3801,3788.5575,9422.2017,12671.6395,2349.3570,377888.8894,403554.8063,399893.2292,390794.4564,388642.8432,398999.9817,391818.9097,392848.4123,336138494.4629,336118211.1929,336164965.4628,336161586.7548,11696.8330,10805.9634,7743.5361,13703.4657,11325.1990,6803.8830,13540.7568,7037.2501,11586.4659,6500.9137,8237.2512,7898.9658,4379.9157,5556.3117,3048.1675,9803.0616,6377.3844,13046.7692,4656.4902,8073.2499,9607.8116,9301.1970,4088.1337,8765.7972,7463.6761,845.5922,8129.6722,8004.4043,13008.8901,5134.0869,3966.2747,12653.3353,7098.8487,12710.1958,7389.0072,9417.7515,13026.2218,9914.8451,6495.0127,1061.7601,12185.8847,3102.8636,5172.8533,7223.1965,4097.2461,3954.9823,6274.9059,6497.5905,7697.1653,3459.6684,13219.7496,10163.7741,0.0000,5586.2863,4584.0816,6636.8739,10133.5128,11662.8588,6165.3786,5736.4981,1740.5777,9194.5114,13771.8326,12694.4219,7641.7816,6233.3840,6075.3135,12083.4238,7801.4155,10685.1100,12556.9765,2334.9872,7534.1735,6243.1372,12057.0960,9085.8282,11477.2554,8680.7618,8535.3866,377774.6726,403525.9913,399882.6845,390938.6624,388627.3940,398941.9349,391860.9088,392871.2387,336138625.0082,336118341.9830,336165095.6977,336161717.3642,5522.4343,8895.0603,7140.8057,12721.7880,7505.4619,6286.9088,12084.2451,3395.6473,9718.0937,7846.9679,10410.0774,10611.7336,9711.1434,12708.4879,3569.9305,7276.9560,9703.0908,11583.8071,6206.3315,3664.0482,13451.7007,9040.0511,11662.4310,9065.6125,11528.5020,13291.5603,7091.5061,7612.8548,10685.2837,10272.3631,9003.8428,13521.6474,10223.5876,9078.6461,3960.9534,4459.9452,10402.8685,7651.8632,12079.7249,8400.2185,12041.5610,8060.3231,6216.8446,12329.3536,13215.6789,8692.1172,13640.8858,13904.5060,12998.6278,5883.2532,2507.8721,0.0000,9858.2953,11803.4136,7702.7103,10847.3977,7490.8973,13665.8689,7587.4528,11950.2782,12750.5823,6247.1764,2205.2956,10556.6569,8674.9517,12609.4352,12201.2712,9931.8935,10571.8880,9148.1254,11229.9900,7670.8680,13418.4588,12187.3673,12838.7584,8959.0580,4416.0297,13366.0696,387083.4641,412883.8485,409181.5048,400262.9708,397947.9913,408090.8283,401051.3219,402157.8151,336128507.8199,336108224.2769,336154978.4490,336151600.1429,11799.6711,9586.6875,12670.1808,5170.0300,6272.8699,8493.3237,2349.5463,12017.1165,11123.9099,6130.8348,11866.6585,6573.6944,12439.3225,3512.1663,8923.2715,8221.9877,8550.4277,4003.2322,7323.2065,11775.2531,9247.5736,7767.3498,4899.8578,10273.6564,13667.8770,3800.6553,10881.5000,7459.2848,7875.4165,11564.1612,13311.3414,12295.2164,11839.8002,7481.6162,8623.4990,6011.5270,9774.9095,10774.6888,11871.9711,12335.5893,8142.3202,5880.0935,12788.8083,12286.3604,5681.4141,11977.8679,12822.0008,11396.1150,9611.5021,5850.1628,0.0000,6635.7725,8902.7660,5457.4859,13408.1603,11485.7495,11977.4677,8338.9617,10248.3500,13876.3132,8315.6549,6508.3211,6299.7364,5680.5462,9632.8169,11496.9318,5540.4236,6870.4504,6524.7985,9343.3215,10603.1354,13423.1381,12135.2588,13873.2720,12360.8285,6091.2584,13686.5783,382346.3608,408171.5603,404448.8070,395560.1347,393224.2417,403297.8571,396285.1971,397424.9721,336132917.2415,336112633.4277,336159387.8166,336156009.5505,10013.7263,10843.5913,9772.1367,12038.4179,12382.2901,10974.2758,1561.6550,1324.6495,12453.5618,3781.8466,10636.2374,7156.2173,9474.9582,5192.9919,13021.6230,10990.0709,9901.3342,6407.4607,11841.9741,6340.1022,13099.5296,11655.6781,8268.6411,8158.4708,10670.0139,8133.6609,10946.0910,9754.1456,8343.3709,8677.9518,8937.3334,581.3943,6243.0789,8490.6494,13401.4281,4010.0890,8509.7919,6535.3718,5863.3676,6954.1797,8289.4509,5811.5240,8651.0629,10412.8617,10656.5881,10447.4044,9502.3117,8488.1350,7864.6477,0.0000,10768.3529,10881.8500,9732.8491,5140.5061,5313.7586,10589.4899,6276.2397,9093.8881,7389.8627,10652.5994,9278.6435,12442.4593,10369.1350,11682.4943,12080.3812,12298.0339,13397.1738,13356.4489,9201.8911,2373.5030,7875.9272,11290.8975,7496.7234,5508.9279,7558.2743,8528.9303,385153.2026,410870.8851,407232.0838,398234.0946,395974.6554,406328.5428,399210.7575,400212.2999,336131458.1699,336111175.2724,336157928.9634,336154550.5213,8091.5587,12236.0240,4488.1412,12815.6119,8152.2906,11135.3921,9659.4140,12153.1837,12317.7173,13157.8874,13176.7842,9665.2725,11672.5271,6214.5317,13560.0482,11436.7181,9263.9842,10770.9497,12875.5206,11850.1898,12370.0572,13711.1259,10691.8484,11793.7109,2646.5790,13385.2732,13467.2817,3448.5784,11513.5452,4472.8341,10486.7778,9469.3463,3413.5113,11046.6677,11428.9968,13794.2327,4766.4573,12952.3652,12548.3480,11646.1900,12588.5678,13086.9694,12768.3183,12429.2497,11756.1814,13443.5543,2412.4685,9026.9071,0.0000,13195.6378,13357.7785,12434.8165,8122.8528,5707.7475,12657.3230,12162.4949,13844.9995,9650.4312,1674.6212,5166.7982,12512.1050,12729.6458,12965.8980,7532.9418,12355.7251,9909.7527,7456.1692,13797.1078,10530.4822,11981.2093,7131.9793,9780.4732,6035.4308,10427.5048,10496.7284,387227.6509,412942.2573,409218.8829,400142.4370,397991.2267,408171.4403,401030.6436,402160.4446,336128309.7663,336108025.9418,336154780.7197,336151402.0203,13389.8419,9599.3057,9776.5588,12652.9320,11113.8296,11431.5605,10893.1097,11216.7496,12608.9436,9535.7795,13368.4224,13298.7014,6857.0039,11181.9320,13519.9138,13304.1083,4309.0407,13035.5654,9263.1085,12403.5817,11437.9426,4990.7433,13344.3151,7999.0419,11931.5941,12376.8525,6290.3933,5631.4128,5107.5607,11167.0586,13352.6793,10438.3055,10043.6017,12911.8830,10959.8749,8081.5016,10193.6886,13418.3653,13712.2246,9395.3283,8496.5929,13069.8089,6695.0341,5199.2660,9237.0764,9427.8699,13436.2221,0.0000,12530.5587,10562.9293,13496.1021,7183.4902,9460.9697,7068.4990,13431.7509,11139.5828,4980.5281,8936.7220,11697.3406,11223.2982,13018.0171,9109.0309,2452.7295,11667.0760,8560.8885,8452.3366,11857.3855,12271.6935,6790.7963,1421.9620,4934.1495,8159.8966,13711.4364,4485.1478,380600.4211,406250.9829,402544.1997,393383.7286,391310.3676,401584.3735,394377.9604,395475.4533,336135287.3528,336115003.6052,336161758.4782,336158379.5883,10330.3950,7360.1908,6300.2197,9369.9365,9290.7312,5705.2096,8508.6469,2819.3581,9260.2479,4225.0925,5578.6997,11404.9017,5603.7088,1570.7910,6523.3360,11732.0823,4886.9027,8013.4979,3263.2125,6226.4083,12455.6561,1536.2148,12518.1023,4245.0735,3624.7095,12961.4549,11772.9183,13565.7405,9561.8232,6461.8913,10798.5123,7508.9638,6694.6502,6984.2451,12625.7566,8977.9475,3780.6296,2380.0890,9797.6206,9588.0409,1517.1409,10454.4285,11702.3299,8542.5175,11678.4379,5941.7651,0.0000,3039.2717,6196.0064,287.6217,12769.3321,11839.9361,10279.5307,4420.0148,6458.8267,12995.4330,11504.0365,9165.6500,5472.3834,1522.3192,7980.7533,13014.0233,4765.5034,8905.6374,10032.1329,5214.7047,8236.5794,11420.4172,13401.9659,12956.9314,12547.9932,4455.9485,12670.8148,380330.9724,406155.4067,402474.4925,393619.5824,391234.7029,401398.1874,394393.0577,395468.6990,336135447.0039,336115163.6321,336161917.5124,336158539.3579,10903.8953,5310.9533,12822.8746,11524.4456,9558.4657,13418.6881,11218.7822,13821.6208,7758.4861,11811.3935,4223.4449,11995.0490,9346.9293,9311.1413,10675.8182,12651.1260,9517.7005,9791.7633,13272.9874,12449.3539,9396.7388,6823.8328,11551.7409,12046.1053,7420.7442,12724.4765,8110.6427,12360.6569,9551.6273,5498.1122,8031.0707,12048.0602,13459.1978,8652.7700,13808.0620,11973.1635,10372.3424,13729.3578,13427.6059,10733.9670,12362.8514,12285.4268,13191.2386,5772.2124,8316.3137,0.0000,11230.5933,11943.3088,10588.1512,11326.4959,9109.6779,12557.3641,11843.3702,13210.1782,12054.0687,2975.2241,4908.5687,9966.0232,10707.5310,11624.6433,8084.0749,9682.4500,7122.7156,4189.7549,12868.9874,11852.2295,13253.0467,8528.7533,12110.6914,9683.8795,9597.5263,12260.4388,385096.0094,410857.4012,407113.3057,398099.8174,395894.7453,405984.8669,398894.5305,400060.5720,336130062.0581,336109778.0016,336156532.8846,336153154.3116,10198.1197,11794.8942,12604.1847,2648.5629,10410.1120,5018.4346,8008.1678,9986.5202,10804.8941,9039.4161,2981.5889,8220.2236,12074.8869,6245.3920,9171.6187,2118.3290,4815.7556,6401.9759,9640.1509,7264.4492,13433.1109,3776.3501,5338.8679,12864.4777,8420.3333,12679.3568,12294.8993,12052.3902,13333.9546,3989.0430,11311.4427,6182.9702,13659.5572,8979.0942,9195.1436,9233.7288,9270.8320,6667.1218,6093.9893,5321.8724,6959.8617,5213.6936,13471.9489,11637.6731,0.0000,4797.0378,2638.3141,7407.3669,12809.9547,13830.0744,5232.8389,9906.3276,5485.0768,11001.6214,12397.4960,12596.2183,2663.7276,6062.9709,1704.1483,9155.3035,3550.0226,4929.2327,7984.5181,5550.0320,12214.5616,8739.9262,10024.9877,10853.8985,13583.5547,10789.1902,9654.7408,375281.8555,401048.9338,397346.2423,388375.5866,386111.5036,396290.1685,389211.3501,390312.5014,336140290.5894,336120006.8924,336166761.3332,336163382.8837,11472.6054,10136.8459,8089.3738,11771.8408,8172.7679,12949.5300,2907.9050,8569.8285,8313.5615,10133.6267,4894.6430,6008.7298,12541.3401,9529.8296,9474.0683,6865.4862,11193.2011,13745.5735,5262.9043,9389.8197,9113.7292,9209.5861,10386.3611,13658.4877,11334.1177,11089.4862,6235.7625,6682.7875,7818.8738,9264.9981,11715.2825,10478.6106,12630.4632,8413.0072,6111.4975,12998.2444,13025.3342,7179.1129,12910.0582,13476.2749,12412.6471,7851.6651,4432.0614,0.0000,8272.5748,10421.1895,6569.2907,12565.6029,9975.5497,12937.7770,8330.8927,11342.2355,13618.8696,6841.0461,4336.2125,8278.5689,7171.3391,11117.8413,11614.1244,7578.6014,8245.7401,7067.6751,10505.1298,9773.5126,13733.3575,12025.8881,13656.0697,11086.6006,5416.0790,13763.5363,384612.6827,410430.1416,406709.6587,397808.0054,395483.7965,405570.1291,398548.2822,399684.0525,336130705.6372,336110421.8700,336157176.2356,336153797.9466,2508.6216,12041.2228,2295.6397,9968.0772,5968.1671,9750.0790,4830.1283,13519.0171,10161.1762,9740.1842,7002.9055,11600.1258,5414.1219,12743.7677,11237.4301,7099.3924,7888.7862,10426.1216,9397.9542,10196.7630,8899.7666,9442.2505,8165.9941,9889.7634,1094.4011,6797.4041,9738.3160,13239.6634,3674.3670,7330.2988,7850.3594,4548.7716,6293.0867,8057.1973,4649.3200,7656.4138,9872.5530,9997.4925,9962.3934,8495.5366,9772.9089,8416.0803,0.0000,10095.8654,10055.7065,9290.6495,5914.4725,6772.2010,9877.4798,5739.5668,7982.4099,7457.6979,11700.8000,10304.9430,11976.7733,9828.7770,10984.7001,12406.8463,11878.4352,13381.7629,13724.7210,8157.6133,2678.9386,7195.9334,11697.7564,7521.8023,6797.7252,7739.5022,8325.1487,383837.3463,409557.0982,405925.2465,396938.4051,394665.7344,405031.3466,397918.4317,398909.5812,336132853.9518,336112571.1151,336159324.7238,336155946.3110,12394.4839,4537.9312,10489.0954,8058.2896,8576.9193,4556.7130,12921.1779,11186.3714,9250.4011,5231.7514,12446.1755,6197.7635,13220.8462,11387.9452,8669.7331,9175.3230,10128.7035,7893.2025,10966.9973,9755.4548,8398.2326,9663.7736,9182.7259,1493.8889,5071.0085,7743.3097,13307.8346,3424.4982,9025.2930,6491.6083,6767.7371,6558.0369,7592.0874,6852.5116,9501.1865,10099.5920,11390.8275,11276.5948,10174.8810,7939.4917,6761.6355,0.0000,10640.7734,11155.0726,9267.0924,5928.8870,5019.4130,11326.0630,5765.8436,9515.4739,8387.5961,10164.8388,8353.0147,12386.8158,10059.4693,12070.6442,12453.9252,12148.0724,13369.8435,13144.8082,9436.9796,1547.6972,8930.7287,11735.0538,8500.6891,5661.5353,6582.1685,9511.4299,385903.8727,411636.2997,407993.1088,399014.4281,396737.3300,407068.5063,399965.7969,400975.5198,336130616.0795,336110333.1508,336157086.8328,336153708.4341,10900.4609,3922.0337,9426.8135,8021.8749,10104.4770,8530.2786,3723.8139,6278.5254,10780.7548,8042.3268,8831.8595,2579.5199,2652.6109,7178.2131,11203.8672,5177.5915,13059.9230,3387.5036,5016.1227,12846.6673,10207.2670,12933.1358,12377.4821,10795.6769,12298.4005,2583.3664,10824.9469,7295.1425,13547.2792,10049.9816,8438.7166,7763.6695,10482.8815,8500.7860,4561.2383,7563.0353,9008.2224,7095.3079,12697.4359,10034.8397,0.0000,3731.7973,3909.0870,5823.9230,13404.2709,13543.4369,7495.1653,9130.9123,6522.2058,12253.3229,11427.7155,11112.2298,513.3814,4542.2354,4177.1451,9934.2447,1122.3278,4318.2257,6971.0745,6025.1173,11869.7183,10446.1384,10852.2164,12145.7783,13642.3820,9287.5612,11222.9237,376747.9606,402543.3112,398831.6067,389901.3287,387601.2875,397731.7266,390684.5457,391802.8598,336138666.0670,336118382.3009,336165136.7299,336161758.3672,8594.6780,4126.1998,9884.6185,4798.1690,13675.1095,8489.8667,9228.4939,7896.0433,10855.2693,4193.7553,11659.7396,10162.3714,5061.4883,7571.0542,9717.7746,10886.3208,8658.5047,7292.5757,10734.7122,7389.6040,11004.1999,3336.1540,7669.5870,11160.3735,12417.6230,4026.8482,5266.4611,9527.3174,2595.8384,5424.0849,7638.0973,3148.3187,5997.1515,8730.6675,8707.8862,9014.9445,6686.0123,11246.2193,9089.4352,0.0000,8704.1236,8385.9580,8382.4464,7258.7859,8659.4614,8510.0753,5202.2758,5988.5455,7725.4451,12738.0880,11407.8389,10765.8901,8686.8079,9481.5057,12453.7086,10747.9513,12768.7701,13666.2083,6273.0548,4125.4945,6276.4089,11931.3867,7718.7969,8539.4358,7989.3301,8056.9151,381633.0033,407360.0368,403730.6281,394759.2281,392470.5226,402834.3797,395730.6411,396718.4780,336135053.4059,336114770.5708,336161524.1483,336158145.7696,8058.0080,6705.7277,7184.6385,11237.6383,2951.1894,4180.3031,8839.5660,10152.6945,5551.1165,6158.4522,2225.3249,4778.1656,11499.2645,3379.5981,13469.4782,1487.0722,1665.4059,13523.0280,10508.2370,13838.6177,10404.8588,8761.4709,12356.4798,6314.3158,8092.7007,5341.5051,13502.7340,8226.5882,5095.1471,4930.4753,9025.6190,7943.2583,1362.8210,8545.0291,10082.8988,6558.2362,12977.5229,8417.3101,0.0000,246.2480,3649.0506,2756.0824,13019.1023,12996.5805,8327.3641,5966.1942,4572.5809,12437.8659,12549.6285,11033.0690,3530.5477,1341.1640,5602.7731,12260.3874,3157.7747,7869.3808,9870.0670,3396.1763,9567.0769,10237.2542,12789.9085,12349.7189,13330.5356,7002.7973,11701.4565,377728.3372,403539.1711,399857.8468,390979.4657,388617.3896,398795.3287,391773.3150,392847.4330,336138046.0913,336117762.6778,336164516.6496,336161138.4349,11550.4332,7923.9866,12827.2735,6543.7329,10306.6124,10791.9963,8006.7026,6268.4147,9524.5196,9609.2512,3700.8109,5512.5175,10285.5040,12158.4217,7404.2045,6652.3050,11438.3493,4537.1831,11226.7908,6915.1658,10620.9335,12992.7217,10937.1307,7577.1216,3100.0413,11066.1169,1573.5316,7458.8036,9442.1415,1670.0835,2051.1682,8796.6657,5176.8919,5756.5012,3135.9840,12837.5999,11542.4567,0.0000,8051.8586,6128.0707,9145.7778,8241.3655,10841.7341,4905.4593,7734.9222,3941.6087,6694.5263,13592.4149,13256.1317,9297.8573,8747.8735,6622.3991,10815.6696,9628.7047,11187.8429,12847.7796,5060.5638,7893.6332,3438.1143,10518.2503,6562.1379,10195.0776,10422.3012,5983.5316,378038.0072,403746.4513,400106.4244,391095.2264,388849.1843,399211.0706,392082.6303,393083.7328,336138513.1953,336118230.1869,336164984.0194,336161605.5334,6064.0545,10288.7514,9074.8222,2758.3986,4081.3339,12936.0306,7097.2823,9870.8530,6095.3899,9441.3904,13377.6230,3720.9994,10198.6741,7908.8874,7498.2524,11172.1601,13175.7852,12131.9774,9459.6326,4217.1417,7611.5758,8655.4148,6955.0666,10118.0085,10725.5569,11015.3024,5836.6693,3374.9222,11579.2482,11983.6124,5506.7991,12547.9593,13298.1186,11350.9144,8821.2912,2606.6439,0.0000,6874.8657,9475.8348,4439.0887,12170.8061,9827.6325,12488.7799,5723.0649,9794.5873,13339.9330,8697.5826,5481.7761,8042.8960,5502.3474,10697.3229,12773.9155,7276.8533,9471.3712,9108.0249,8799.5879,7843.3378,12970.9791,13026.6609,13370.0531,11002.2090,2723.5193,13512.9882,384164.4928,409988.7772,406292.2252,397421.7446,395057.8759,405188.2774,398179.1365,399279.1343,336131438.9152,336111155.4147,336157909.4503,336154531.2551,13343.0212,8721.8412,5791.4272,3995.4624,12923.0592,2601.5240,11697.6084,8368.4650,6489.3511,11107.4873,6741.3218,10786.1986,8056.5607,6551.5950,11385.8858,10927.8557,12158.6461,4854.8674,3716.4640,9507.4838,11633.1427,1274.1012,7233.0961,10051.6750,6762.2161,2333.4244,3692.7238,7520.3965,9293.2131,6558.7236,11318.4779,11962.3063,9195.9145,10236.3740,5099.6154,0.0000,7393.2625,8992.1845,5478.1085,9704.9967,8713.7809,11141.8786,1369.6690,7416.4874,11057.7465,11552.8773,8800.0305,9949.7236,6532.8368,10607.7681,13794.5838,9522.4088,12367.5453,12799.3929,6742.0008,3112.7282,10143.2568,13549.2588,11088.2331,9543.0106,3610.3267,11467.1837,383609.8701,409395.4658,405749.6683,396859.1130,394496.5059,404770.0698,397728.5577,398747.5271,336132737.8320,336112454.8715,336159208.4084,336155830.2093,10976.3264,10931.0985,11933.2290,7464.3735,13463.4363,7365.8419,9874.8091,12765.4574,10628.4989,10586.4079,8194.5844,11018.9516,11923.4362,7741.4588,10728.8954,7651.2345,13323.4209,12103.9041,8512.4406,6489.8277,13495.9525,12672.1826,9694.9797,13275.4827,13111.8681,12063.2533,13009.9292,11859.0326,11257.3910,9919.9788,9687.9196,11631.0672,8179.9431,11181.5992,0.0000,11163.9266,10695.9137,11630.2534,11224.7767,10669.1649,10201.9911,13197.5235,12404.1693,10647.1545,5646.5627,8564.5717,9018.9151,11222.8878,9611.1460,4709.7550,9130.5207,4748.9269,2231.1520,12414.0345,13342.7989,11602.7241,5718.8130,10641.6615,10504.6619,11929.5285,10309.0107,381799.1066,407526.1007,403776.9697,394705.9477,392559.9257,402671.6089,395542.5333,396712.3853,336133371.0864,336113086.9212,336159842.0316,336156463.3142,6870.7907,10746.2828,8071.7771,6710.0875,4858.7832,4107.4893,3879.5423,9820.4190,6081.1296,13764.9910,1504.3000,2615.8918,13403.3509,8564.4555,13404.7314,10778.6683,10658.7206,13385.2375,6059.4983,9315.0632,3915.7434,13658.1016,7248.6201,6846.9615,7394.1223,7867.8224,5831.5890,4267.0415,6057.9854,7816.7948,4185.3490,13694.0697,10538.7622,0.0000,2763.7253,787.6387,5544.9297,12514.6252,13453.9948,5800.4640,7677.5462,3041.3524,11123.0664,13191.9275,12522.0403,3376.8961,4234.7177,2965.7466,11022.7294,3786.7003,7304.3683,9909.6595,2731.9736,10515.0581,8413.5171,11587.8103,10988.0115,13375.1462,9261.9264,10000.4996,375839.7596,401620.4573,397940.8190,389012.4087,386698.3519,396911.5647,389853.7546,390921.4832,336139997.4892,336119714.0577,336166468.1484,336163089.8168,5713.6620,12237.6438,5782.4322,8514.8111,3898.0538,7557.1626,13008.2421,1276.9284,11878.5319,5539.3937,5110.2528,12511.4693,12481.2741,13242.6115,9757.1729,5713.8582,9815.3948,7627.9829,6900.6940,8288.5852,12175.4455,9944.0138,4513.7362,2217.7223,10680.0961,10640.5646,2872.4613,11329.2484,12425.5492,9706.7732,10824.8051,4802.2752,0.0000,4369.4248,7406.4590,1808.0346,12816.7774,11357.0747,11199.6884,4872.6566,7813.4841,13358.7066,10572.4417,7953.9340,6150.1760,2878.8601,8965.1850,12995.3749,5350.6324,8896.6602,9523.0022,6644.0572,8273.8689,12201.5223,13380.6890,13342.9544,12241.1374,3645.7196,13188.1113,381598.9482,407428.4522,403739.5824,394886.1343,392502.8431,402644.1625,395643.3026,396731.8292,336134077.1326,336113793.6900,336160547.6367,336157169.4816,13728.3530,6264.1784,12292.0740,9060.6814,9590.2867,12464.2514,6890.5462,8748.8134,9883.9079,8886.3886,9915.0040,12611.8086,11040.2933,6420.3389,304.8497,6446.9781,11566.6321,4314.5607,10252.9514,8608.7846,9796.5480,5414.5139,4414.0646,10258.8101,11795.7626,7854.9672,13064.0680,13443.0125,11706.6872,7565.0190,1721.0286,0.0000,9037.1539,11007.3627,6595.3948,9927.2658,7183.6861,12997.4865,4658.0733,10290.1086,11991.6636,8886.7941,5323.8885,10778.4757,7834.8187,12253.0188,13373.4855,10192.5215,12024.7479,11437.7529,9557.6396,4562.8766,12150.7887,13151.0987,12074.1123,8604.7771,2256.4153,12687.4570,386442.5408,412238.5790,408567.8106,399669.5614,397323.0896,407535.9357,400498.8359,401556.9223,336129565.9573,336109282.7596,336156036.5454,336152658.3139,11885.5816,6040.9290,10044.9678,9207.4072,5581.2206,11717.9648,11025.2106,9111.2621,9935.2484,9677.2585,4884.1677,8840.8035,11975.0457,13735.4851,12543.9447,7565.7358,12830.7350,8597.9798,11095.4735,9154.1680,12301.0692,12720.3598,8638.5374,6291.8492,10964.8979,3375.3119,2827.2117,6406.3778,11959.4891,13679.5530,0.0000,10009.3536,7361.4601,11806.0993,9714.9202,12008.8098,3777.9281,12629.3238,8556.0147,6880.2740,11078.0535,13018.1779,8313.3131,10916.7966,5434.4063,4392.5742,8995.2161,6489.7599,8077.9457,9362.4231,12810.0079,6057.2882,4976.1956,6711.8812,11007.4467,13432.8268,5267.2912,376858.1701,402540.1653,398834.9502,389725.0078,387600.1328,397851.7410,390678.3657,391775.4191,336138920.0322,336118636.2793,336165391.0543,336162012.2821,10435.4793,7253.0833,4124.8998,10434.5504,6321.5723,12133.2603,6195.7062,4494.5365,12388.8246,9894.6084,12909.1090,5920.8753,6023.8248,11230.0447,10753.8094,3202.0285,4955.2371,11388.4048,5335.8258,1444.2002,4058.3271,6335.7933,7564.3564,5324.1122,9785.2356,10735.0373,7212.8879,11813.9580,6985.5120,0.0000,5737.5881,7002.4581,4696.7218,10352.1463,10331.2925,9538.9631,1785.3532,5099.0189,10838.7995,12747.5847,10501.8422,8586.6542,5294.9611,8831.7566,13561.9503,8293.0716,11682.5630,12787.0500,4386.9849,4928.8964,9048.0267,13455.5479,10813.8972,10794.4129,5239.7368,10825.7263,381032.1754,406815.9030,403173.2033,394283.7127,391919.0025,402201.0859,395158.4800,396172.1325,336135339.2798,336115056.3191,336161809.8571,336158431.6570,5183.7794,8165.9568,10202.0366,7531.8346,12843.7624,5252.5922,6845.7585,12296.4805,9196.2473,12112.0540,13094.6473,12322.0948,12692.1523,2251.5666,12208.9171,7996.7449,13391.8007,10427.2960,10271.7210,9842.5134,10600.0567,8149.9688,6932.7024,6285.2425,7549.3040,6934.8478,12803.0474,11643.6250,0.0000,5957.3649,4608.6293,8131.9891,13065.4416,13731.4692,6329.1712,10887.3955,7351.9961,11375.3061,11297.4595,11921.8395,2943.6931,6904.6372,3455.7727,8143.1961,3697.9256,2925.3506,6166.2648,7324.0928,12962.2638,9738.9201,9233.5505,11246.3089,13524.3763,11126.6260,10113.7718,375979.0000,401745.5552,398025.1377,389039.9100,386797.1154,396937.6156,389855.4171,390983.7922,336139386.1843,336119102.2997,336165856.9573,336162478.4593,6716.3025,12192.1085,2703.8451,13108.2117,2847.0695,3819.8072,13233.2819,11299.4132,13583.1908,11516.5075,9056.8510,11776.5139,4645.1937,9298.7903,7163.1580,13499.7911,9854.4364,6548.7789,5511.7667,10506.0604,9229.3175,2207.7587,9148.1209,10579.5067,7865.8685,12448.9832,8253.3262,0.0000,2165.6600,4660.9711,3392.3551,13569.8187,13140.2852,9015.6690,7268.3850,6396.3798,13037.4806,11542.2502,10237.9390,2407.3410,2206.1135,5956.7136,11634.4780,1578.6288,6366.8594,8231.9262,5412.0224,10605.1821,11262.9381,12352.0156,12959.1693,13552.8435,7251.7122,12302.2685,378118.4810,403936.6542,400235.8048,391353.4173,389002.6172,399132.0097,392114.4311,393219.1046,336137397.7511,336117114.1306,336163868.3173,336160490.0769,8546.7844,7391.0632,13175.1205,4315.3048,3180.6166,12852.0151,7457.9970,12925.5728,7929.6074,9412.5705,13050.7820,9286.6078,6757.8752,932.3891,12481.8896,3891.2085,5026.2690,6885.0758,4833.9998,4259.7888,5575.3125,6468.5396,7816.9111,3413.3222,13298.5284,10009.9721,0.0000,4797.0018,3880.8503,6059.8394,10630.9242,11977.6512,6133.9588,5699.2948,1102.6302,9655.8927,13683.2294,12575.8559,6896.1723,5534.9696,5561.3928,12030.3011,7049.5035,10167.6123,12149.1354,1495.2651,7914.3266,6718.4301,12108.0213,9543.3836,11851.3356,8496.0621,8917.3325,377456.6209,403216.7703,399568.1260,390633.6577,388314.7735,398610.2613,391537.6377,392556.8298,336138847.8374,336118564.7542,336165318.5078,336161940.1914,12983.1243,9573.7075,10764.3951,10630.3889,8147.4291,1637.5964,7338.0222,8316.4437,12397.7234,11757.8048,11510.5374,10493.2613,7942.6349,8550.4022,6139.3851,11292.0396,12525.8668,5098.0435,4985.5343,12113.4688,5032.8359,3561.9362,6456.9870,10981.9088,13110.7629,0.0000,11454.3409,9181.4130,12457.4019,5444.1583,9241.4669,5195.5771,11306.2374,8474.2571,1968.7192,11597.2736,12907.8937,11330.4720,12058.3218,8339.3693,7073.5748,11779.8475,10774.8461,11584.7509,9502.4869,9890.8575,2237.3436,6262.0775,1735.8139,7829.9421,12800.2093,559.6776,379672.4300,405323.0245,401659.3626,392534.5692,390409.8472,400775.3975,393577.7118,394609.3911,336136748.0471,336116464.7669,336163219.0998,336159840.3306,12394.5233,4694.5053,4630.5387,12887.7893,12335.2181,13512.2174,10526.3431,6896.1416,10496.7121,6635.8469,7821.3856,8061.1604,12766.2144,10112.9387,5194.2843,3296.3918,10839.9098,10395.8573,2143.9878,10837.4728,12052.7699,9300.6227,11424.8506,5950.7283,0.0000,3529.2438,6649.7416,1803.4774,13281.7614,12096.6793,10706.8346,5717.3029,7472.4027,13491.6002,10889.1574,8663.2885,5028.2388,2158.1412,8162.8249,12693.9102,4187.5520,8074.2475,9031.0770,6299.4326,9201.4122,12135.8702,13207.3716,13456.2171,12850.6018,4887.9517,13138.5601,380484.8060,406315.2751,402620.8939,393764.8750,391386.1409,401515.2346,394514.2754,395611.0654,336135110.7970,336114827.2806,336161581.3078,336158203.1390,13685.0333,13467.6985,1913.7046,10625.3902,3378.3129,8665.4459,8899.5827,3522.3059,12382.6652,10275.0713,13239.7682,2176.8629,11739.6099,12022.3319,11596.7163,11281.0517,12373.9803,13118.9370,12228.8773,11386.4108,13022.0648,2063.2950,9013.6177,0.0000,13529.2058,13528.1791,12670.1689,5938.0779,3339.7289,12428.2272,11509.5312,13460.9347,8199.4193,4095.0355,5940.1727,13353.2894,13075.7790,13282.9282,8246.6288,13226.1192,11379.4630,9453.8631,13530.9187,9026.6809,10902.7706,7412.9506,8372.2573,3522.3482,10260.1260,9455.1097,387803.9203,413502.1285,409799.9969,400713.0221,398564.0819,408805.4830,401649.8417,402745.6448,336128045.0660,336107761.4794,336154516.0402,336151137.3361,1810.6399,13530.0938,9635.7418,13687.7714,10725.4781,9804.1949,12923.2267,5899.6782,8817.5629,4651.7453,13676.2006,7844.4898,6041.5667,6230.6830,8564.6417,6985.1965,2825.9638,7357.0572,9014.7072,5451.5943,13392.2550,9543.6457,0.0000,1279.1916,2236.7700,4190.9060,12889.6855,13332.2135,7124.8925,6908.9811,3788.1823,11891.2586,12874.2728,11807.3633,2964.9451,2799.4198,4235.7885,11629.0168,3004.9822,7379.6235,9752.3463,2916.6103,10166.9802,9438.1057,12206.6876,11778.9725,13462.6523,8209.4058,10949.9808,376643.0438,402440.8610,398758.8793,389857.5559,387517.9720,397708.5528,390670.5672,391743.9397,336139137.3576,336118853.9181,336165607.9625,336162229.6924,13419.2456,9590.0000,13674.3382,9468.3817,8760.9226,12636.7746,7410.6622,7327.2180,3819.3494,13236.7890,6787.3779,4443.9965,5166.8982,7664.7136,6742.2098,2574.3117,7869.2448,9410.2095,5424.5294,13159.7154,8785.9653,0.0000,1721.1210,3215.5372,3470.3493,12299.6515,12684.0735,7599.6111,5359.4421,3098.7147,11629.8192,13051.4329,11570.0865,4637.8638,2542.6246,5405.6680,12351.3890,4504.4609,8762.1267,10799.8486,1799.2841,8812.3359,9154.6965,12729.7915,11534.0560,12898.4654,7220.6503,10894.6846,377561.0227,403358.2906,399690.1797,390800.2926,388444.5997,398663.6490,391628.8509,392681.4247,336138409.1395,336118125.8627,336164879.7208,336161501.4907,9297.1525,1469.8250,8869.0934,10032.7232,5253.5833,12112.8449,10821.8864,12782.4238,2495.4536,11206.4061,12449.4431,12278.9824,10598.4314,11458.2182,13363.2688,11075.6492,10020.5203,12233.3604,3854.8273,10223.7952,0.0000,13554.2588,13064.6643,13101.1903,5073.4273,4215.5168,11312.0737,12029.7445,13041.3703,6743.6591,5006.1800,7450.7294,13154.9581,13316.0192,12557.1935,6816.2660,13160.6397,10937.2038,9272.5563,13294.6038,9591.2662,9720.7111,5785.4471,6912.1529,3469.4868,11230.1232,7960.8233,386523.9728,412202.0042,408500.5871,399383.3773,397264.4479,407525.4109,400348.3786,401441.0591,336129385.7108,336109102.1061,336155856.7478,336152477.9705,8557.4968,8742.9421,12530.8619,12477.7639,10717.3964,10450.7381,6757.6764,9732.8873,5518.3110,10784.8988,12095.0615,4609.7292,3572.1124,11262.4100,3560.2797,2359.8633,5000.9014,11846.2254,13172.8172,0.0000,10442.2841,7887.0523,11758.1298,6786.3753,10289.4080,3674.7126,10936.9353,7246.3775,3566.4950,12232.7276,13337.1772,10294.8264,11208.3213,6995.2424,7382.9118,10813.3403,10158.8622,11426.7298,8371.3211,10145.2078,1351.2888,6886.0351,3341.8670,9049.0235,12659.1911,1865.9363,378267.3303,403930.3775,400266.9283,391161.8908,389017.2012,399372.9054,392188.3050,393220.4567,336138103.8917,336117820.6041,336164574.9042,336161196.1804,9443.7040,11139.7383,6653.2889,12135.8465,11575.0096,12750.4488,3591.9593,11161.1153,13081.2770,13066.5489,10443.1436,11064.3103,13818.8275,10443.6317,9203.9303,11926.3237,5278.8041,11354.3662,0.0000,13847.0613,12989.7682,13697.4598,4995.4705,5365.0912,10713.4275,12734.3658,13029.1430,5949.8876,5973.9449,8727.8762,13253.1767,13769.3905,12260.7570,5887.0618,13360.2442,10827.0352,9368.0661,13418.9934,10383.8313,9125.2709,4673.8937,6106.9925,4207.4428,12215.6476,7077.9415,385600.9665,411262.8358,407560.7081,398418.6705,396324.9834,406598.4576,399404.3856,400496.6019,336130344.5451,336110060.9122,336156815.6334,336153436.7951,6233.6361,8918.9585,13432.5077,3643.7963,8197.3440,7101.0600,5556.5817,6597.5296,8075.3121,5594.9218,8495.5076,10192.4718,10634.7614,10511.3239,9311.9704,8971.9042,7898.5460,0.0000,10541.4986,10690.8670,9506.7814,5608.3440,5873.8204,10545.2804,5927.5778,8794.2103,7662.4665,11075.4139,9583.3123,12342.6445,10149.6013,11580.4355,12398.4889,12194.0834,13506.6850,13584.4239,8885.3458,2135.7609,7876.6634,11646.3765,7755.6371,6081.6797,7448.1675,8710.6138,384848.2898,410569.5498,406933.9363,397945.1938,395675.5950,406032.3243,398919.7040,399916.7957,336131795.8375,336111512.9732,336158266.6125,336154888.1941,6679.6779,11642.9305,4036.0063,10083.3607,8693.4574,9601.7233,5194.2879,4309.3642,10082.1551,11662.9863,7789.7956,12998.6440,13391.6483,11580.7337,7766.4580,1950.3287,0.0000,8961.9741,10922.4964,6521.2779,9892.1824,7248.2446,12923.8976,4413.3383,10133.9193,11941.9987,9121.4797,5609.6165,10781.0747,7769.4220,12201.7819,13464.0621,10202.1202,12123.9836,11608.3149,9402.6222,4335.7838,12040.6232,13231.4065,12022.4923,8641.7938,2205.6401,12633.0343,386321.6238,412117.1602,408448.8598,399552.1163,397203.3008,407421.6538,400384.6740,401438.9698,336129720.2345,336109437.0627,336156190.8198,336152812.5936,11739.2360,9306.7577,13344.7815,4833.9269,12410.8832,10723.7768,9658.3321,12277.7894,13363.0958,11684.8474,13432.7381,13063.6895,13636.3330,1525.9228,6316.5335,0.0000,12455.3326,13346.2555,10981.2929,8368.9274,4541.5159,13566.7498,10162.9816,13414.1798,10699.2069,3352.8892,2601.0636,12559.1842,11651.9975,13534.0903,10164.7261,12198.3832,11141.0094,9029.1498,13121.8910,8423.0238,12594.7995,9757.1308,10842.3818,5862.2899,7975.8283,11720.3235,388520.0909,414266.2071,410558.9603,401544.4865,399325.4794,409511.5019,402407.8659,403516.2258,336127139.0625,336106855.4528,336153609.8870,336150231.3522,12256.1576,9308.6699,13224.8468,11605.6016,10298.7587,9295.3581,11833.7790,9819.8386,6680.7642,8195.9614,9269.3188,8664.0287,12022.1552,10647.4972,0.0000,6156.7964,6038.0941,7692.5712,13568.4595,13497.8716,8258.8807,10842.5092,8641.8623,12400.8178,10213.7454,10656.2584,3083.5822,6661.1307,5462.6203,8579.5633,3334.6415,2002.4666,4765.7004,8315.4319,13019.8222,11234.4208,9718.9220,12307.0636,13547.2789,10372.9034,11407.7059,377391.2204,403175.8531,399443.9855,390480.5765,388221.0834,398317.8419,391255.3510,392403.5672,336137809.4304,336117525.4431,336164280.1598,336160901.7034,7399.2672,9321.7193,6279.6417,3397.7965,4883.5905,6924.1813,9086.7065,7584.7264,11236.6703,11702.5002,9233.5482,9900.3506,5678.6228,0.0000,8284.7841,9492.6862,6602.8956,8750.2833,7937.9322,11074.0833,2527.4746,7724.0196,10302.3809,11489.0937,8946.2961,10696.9805,7553.7637,10958.5962,13606.1205,10341.1676,12826.9603,13158.7053,7257.8061,1933.5215,9609.8658,13224.0658,10347.9947,8689.7481,4523.3156,10872.5254,384080.5327,409850.7930,406210.0247,397298.0839,394954.6734,405253.5607,398195.5930,399205.4177,336132372.0207,336112089.1145,336158842.6400,336155464.3962,12517.8869,3638.9059,5896.1019,7707.4816,4452.5114,3419.7063,6248.1666,5702.7704,7070.2602,2557.0361,13493.6298,10681.9267,0.0000,5324.7583,3739.9979,6835.3340,10461.4711,12132.4481,5350.4873,6524.9714,919.9694,9183.9893,13835.3940,13000.2060,7039.4933,6206.0567,5130.2025,11635.1924,7306.1214,10076.6484,12154.8685,2071.3241,8399.9681,6037.0878,11705.6210,9054.3521,11863.3291,9254.0088,8310.2342,376964.0443,402713.6161,399064.6158,390112.2310,387811.0338,398116.4228,391031.4085,392049.9004,336139354.3864,336119071.2878,336165825.0929,336162446.7340,10503.1121,11495.6632,11531.1261,9970.2018,11532.0430,13223.9024,11836.2707,10910.6078,12403.2663,3701.9134,9268.7592,0.0000,13574.2946,13392.9014,12733.7247,4069.4121,1862.0918,12001.1582,10919.3077,12876.5720,6972.7459,6128.5679,7142.7200,13781.8912,13177.6770,13266.7961,8923.7996,13694.2558,12353.1817,10900.3157,13058.6201,7828.8368,9817.5504,7866.1536,7173.1434,1380.8285,10242.6308,8519.8628,387651.1849,413337.3862,409653.7062,400562.8828,398411.0203,408702.3947,401537.3930,402603.9717,336128466.7598,336108183.3731,336154937.7420,336151559.0449,6620.0932,8781.0739,1172.4052,3575.4189,8756.8610,6570.8056,7009.9582,4478.1104,12331.2853,10720.8052,0.0000,8267.4432,6964.1972,8850.6340,7739.0764,10048.0985,6327.9438,6748.7194,4513.3779,6912.0070,13389.7145,12687.1405,9909.7046,8709.2501,7756.8919,11510.0371,10106.7850,11906.2392,13293.2080,5326.1820,6537.4443,4326.2187,11100.4921,6827.4316,9552.7090,9576.2904,6644.8311,379321.5213,405035.2955,401401.7674,392405.3345,390142.6237,400511.7701,393391.5740,394383.7564,336137317.8028,336117034.8850,336163788.5969,336160410.1524,2658.4761,7561.6291,8559.9168,4536.7658,10462.5925,11453.0526,8048.9674,11466.6750,5906.0246,0.0000,5314.1169,7243.1821,3603.4046,10960.8243,10390.5792,10240.2622,988.7349,5852.7418,11627.8535,12250.3949,9700.2208,8202.1238,4514.9508,9120.1472,13712.0906,7767.4659,11325.8994,12272.9802,4895.7608,5233.0297,10055.9068,13695.4777,11613.0446,11054.3783,4029.9826,11639.5364,381539.9154,407339.0348,403687.9384,394816.4198,392437.0649,402686.7002,395659.6768,396687.7409,336134691.3909,336114408.3515,336161161.9313,336157783.7670,9587.3868,10188.8993,3801.1327,11460.2043,12447.6760,9497.5963,10646.5514,4135.6264,0.0000,5161.6312,7880.7990,2369.2134,11879.7531,10464.2400,11297.9697,2801.2866,7438.8446,12747.8559,11026.5527,8093.0723,7595.0190,3794.3953,9613.3234,13567.9131,6928.8742,10401.5036,10961.3595,6316.6793,6424.9406,11603.3854,13718.8504,12748.1643,11400.7716,2292.5350,12781.9355,382424.2789,408244.0759,404573.1346,395718.3254,393329.7482,403517.9058,396509.8428,397570.2868,336133509.5819,336113226.3438,336159980.0875,336156601.9471,3396.3771,9572.9843,6221.9181,6356.5668,4688.2410,12055.5418,11200.7304,0.0000,9051.5243,7491.2236,9693.6258,6925.9718,9671.5910,6029.0608,7624.2696,5302.7118,5850.4526,13151.9402,12778.1953,10390.8600,9522.9652,7965.2522,10890.1882,10640.9894,11941.2869,13218.1582,6222.7405,6885.4238,3354.8992,10375.9546,5761.2802,8977.9989,10225.5214,5623.9268,379511.3267,405209.6959,401574.4797,392551.4326,390315.6539,400695.7974,393557.9192,394551.1534,336137147.1089,336116864.1667,336163617.9565,336160239.4489,8876.3165,3208.3744,4064.7625,1769.3375,13123.1066,12310.4305,0.0000,7876.4568,5227.8099,9507.8208,8857.6989,11592.7769,2906.8181,8954.3715,3944.4946,6593.9471,13451.6009,13603.9402,8418.2400,8826.7295,5106.3572,9623.5582,8916.8995,9947.6117,11891.2345,5236.6387,9425.2450,2977.5220,9513.4205,6413.9821,10814.8092,11296.5899,5333.0058,376776.4791,402480.4378,398827.0065,389795.8960,387573.9611,397913.9158,390776.1484,391796.6484,336139594.0358,336119310.8626,336166064.8997,336162686.3549,9559.0980,10970.9528,7632.0870,12440.1508,7313.1515,0.0000,1568.6125,4921.0358,1490.4247,13076.9983,12595.7397,9365.3951,5336.1792,5580.7354,12869.1785,12067.3080,10172.4654,4246.6814,55.4241,6769.7932,12658.0675,3623.1001,8222.3109,9826.8591,4333.4744,9109.2201,10967.0721,13149.5162,12803.9580,13115.1719,5888.3660,12316.1254,378875.1504,404695.5265,401012.6627,392149.3435,389773.2819,399937.5472,392926.8679,394004.6810,336136872.5360,336116589.1235,336163343.0631,336159964.8841,1943.2821,3254.6676,13052.9050,13243.6979,0.0000,8409.1960,5282.5738,10448.5747,9684.3542,12320.0192,416.4325,10903.2844,5767.6007,6822.8841,12717.1954,13694.8548,7631.6125,9510.3260,3798.5795,7395.5361,8332.3527,7914.3033,10066.9583,6845.7784,11488.4505,4162.8877,7636.5787,6616.4583,11413.2265,12529.7473,5050.5825,375844.6434,401540.8359,397861.5139,388794.9462,386617.1793,396911.6446,389758.4494,390817.1162,336140203.3536,336119919.8817,336166674.2882,336163295.6386,4786.0322,12475.7017,13722.4976,0.0000,9967.5000,7062.9808,11714.1432,8577.3812,11612.7493,2269.7467,11752.8778,7291.7751,5353.5477,12271.0114,13685.9667,9143.5250,10919.3606,5586.8666,6375.1922,9795.2579,8612.0246,10263.0019,8378.2781,11632.3746,3474.0179,6341.0218,5136.7556,10472.9807,13223.3892,3441.0481,376795.9294,402467.5499,398787.6138,389681.9300,387543.5484,397858.1237,390678.5451,391736.1230,336139324.9620,336119041.4806,336165795.9753,336162417.2349,13548.2013,12024.7784,0.0000,6461.5506,3568.8372,8458.1817,10146.7137,12399.2210,2870.5803,8610.3141,2707.3180,8050.5787,13593.4993,13553.0177,6956.9802,7586.0054,3684.1621,9954.5075,7492.7841,9069.4043,11348.4931,3990.8232,9886.3161,4647.3463,10099.5394,7876.0474,11811.2140,10886.4701,6731.5771,375958.5247,401684.2253,398023.9572,389021.6831,386773.4295,397079.7157,389964.0044,390996.7438,336140257.2323,336119973.9860,336166728.0386,336163349.5538,7594.0130,0.0000,13057.7222,13567.9617,11853.0285,7471.9238,3935.4206,13221.0916,10924.8569,13620.4445,9786.4696,3093.5356,4033.8036,12983.4054,12402.7851,13544.7947,9295.0874,12722.3486,11207.9714,9060.9417,13479.9114,8838.3615,12050.8083,8733.5183,9942.5454,4913.3500,9101.6215,10901.0281,388402.0806,414127.5535,410420.0751,401371.9963,399186.3530,409391.2946,402264.5400,403371.1876,336127307.2651,336107023.6402,336153778.1590,336150399.5437,0.0000,8606.0257,10850.0819,6075.7175,10917.2591,8055.6430,13193.4081,5368.6801,10576.3665,12741.3448,8350.3889,4565.7443,10061.7260,7299.1799,12049.5995,13190.2136,9395.2358,11173.7559,10458.7331,9732.7044,6136.8211,12843.6539,13144.3459,12811.5688,9473.1428,2019.5018,13283.5988,386140.0012,411949.3909,408265.3294,399378.4382,397025.7707,407197.5975,400173.0903,401252.7318,336129664.8861,336109381.5420,336156135.4516,336152757.2342,0.0000,0.0000,0.0000,0.0000,0.0000,0.0000,0.0000,0.0000,0.0000,0.0000,0.0000,0.0000,0.0000,0.0000,0.0000,0.0000,0.0000,0.0000,0.0000,0.0000,0.0000,0.0000,0.0000,0.0000,0.0000,0.0000,0.0000,0.0000,0.0000,0.0000,0.0000,0.0000,0.0000,0.0000,0.0000,0.0000,0.0000,0.0000,3468.4418,2985.5846,13069.0075,13098.9394,8192.3915,6183.8730,4534.6846,12421.8376,12588.5951,11147.4392,3329.0050,1548.0084,5405.2154,12164.8834,2993.7739,7723.8394,9790.4980,3397.8374,9739.4499,10193.2644,12714.9184,12329.9943,13406.3734,7216.8298,11649.8583,377535.6623,403345.5002,399663.1222,390782.1183,388422.9694,398599.8586,391576.3524,392651.9070,336138225.3058,336117941.8780,336164695.8695,336161317.6474,6147.9561,12120.4083,13275.9206,5025.5838,8027.2060,2940.4324,10548.6507,13063.0420,12622.0800,3639.9102,4884.7293,2269.9044,10466.2237,4170.7495,7104.0828,9754.6093,2986.5990,10578.1181,7791.9159,11020.0429,10404.6273,13093.0165,9646.3000,9348.4335,375711.7326,401482.0561,397802.0654,388855.7597,386559.3311,396782.3075,389712.2161,390779.3086,336140141.4391,336119857.9973,336166612.1339,336163233.7609,12801.5593,11929.9667,10263.5789,4282.1417,6314.5156,13014.0539,11726.9700,9376.3866,5572.2469,1496.4895,7986.9938,13161.6103,4888.0816,9098.9032,10274.0657,5049.8782,8184.2745,11377.3442,13535.6757,12973.6980,12626.5060,4521.6530,12683.4823,380224.2842,406048.6826,402370.1245,393517.3519,391129.5382,401297.8775,394293.3464,395365.4102,336135583.9289,336115300.5817,336162054.4332,336158676.2854,4510.4184,9804.3133,10507.6002,11038.0141,3705.1908,9384.3364,10176.6635,13555.3597,13024.7063,11939.9102,8943.3163,13657.9194,12827.7648,12371.6496,11581.5447,7284.3696,6619.7334,7707.7759,3922.9725,2894.6150,11178.4815,5568.6617,385032.7778,410692.4551,407033.6374,397924.8364,395782.4377,406148.8217,398961.8675,399988.0229,336131470.9800,336111187.8249,336157942.0002,336154563.2782,12427.3501,9709.5375,12507.9529,7772.9209,6750.1642,6581.4582,13724.8691,12552.2588,13466.0493,10279.9239,13544.2373,12882.8419,11568.4068,12562.4496,6348.3246,10148.8493,9328.3024,7965.3842,1870.6321,9002.1714,9314.1189,388129.1130,413832.7013,410158.4727,401102.8728,398912.4975,409207.8831,402063.8438,403117.7831,336128065.0991,336107781.8347,336154536.0083,336151157.4044,10701.0612,5418.3688,6997.1794,12928.1139,13784.5600,7536.1990,9317.0220,3649.2332,7776.2098,8233.2267,8075.2232,10285.3611,6525.5785,11376.7747,4146.9188,8009.1999,6791.1008,11550.5134,12419.9225,5253.9105,375713.4840,401412.8086,397736.1051,388676.7874,386490.8624,396787.9882,389638.8028,390693.7648,336140357.7673,336120074.3243,336166828.6875,336163450.0567,6574.9570,11476.8694,11916.9837,9222.4733,8931.0226,5313.5086,9800.0320,13790.4534,8482.6383,11756.0652,12463.4838,5726.0995,4386.1031,10186.6063,13685.2328,11481.7031,10464.6836,3566.1157,11657.6922,382479.2793,408274.7467,404625.4641,395749.0017,393373.8466,403630.6237,396599.7949,397624.8985,336133791.7993,336113508.7903,336160262.3486,336156884.1766,9745.2772,13782.0191,12918.9321,6237.1320,5540.5535,4577.9656,11626.1219,6509.1517,9537.4037,11745.2238,1383.8393,8836.0485,6655.7286,11812.8283,9613.3922,12304.2079,9127.4158,8801.9727,376618.4929,402377.6623,398722.8598,389780.9478,387471.4085,397756.0086,390680.1914,391708.3303,336139597.2421,336119314.0807,336166067.9278,336162689.5876,10759.0892,12168.4621,12409.7168,12813.8278,9853.1930,7205.0912,12755.3707,11549.0843,11819.7050,10631.3988,9364.1172,3841.7774,6073.0084,237.4274,6190.1113,12668.9247,1991.7445,381584.6737,407228.0866,403564.6181,394428.3485,392315.1540,402686.6799,395481.5873,396512.7387,336134878.9819,336114595.7228,336161350.0583,336157971.2637,4250.6660,11797.5505,12033.5042,12762.0526,8008.9263,11561.8178,9187.3571,6505.9586,13591.4069,10827.2736,12693.4193,7910.0986,10867.4937,7332.6099,9834.7758,11415.3144,386971.0884,412706.5020,408975.4878,399927.2171,397751.0886,407895.1349,400776.4868,401920.0114,336128416.4881,336108132.5858,336154887.3840,336151508.7441,11344.7364,10148.7841,13067.4512,11092.9703,10832.7433,10410.4425,8424.8316,12379.9071,8572.4145,13400.6938,11001.2405,12276.8044,7980.4064,6404.0205,12904.8400,387803.7131,413583.3431,409871.0980,400908.9320,398640.4300,408783.0153,401717.1418,402836.5480,336127710.0846,336107426.4277,336154180.8025,336150802.3858,4229.6411,4144.1522,10340.2758,922.3885,4827.7236,7467.9230,5687.0130,11807.7556,10476.3282,11226.6233,12299.5931,13837.6099,9217.5686,11372.4082,376554.9137,402353.4607,398645.1322,389723.0660,387413.6882,397548.1616,390505.3712,391618.8519,336138892.7785,336118609.0489,336165363.4251,336161985.0840,6731.4374,12610.8880,3611.8059,8194.9529,9799.6492,4297.2781,9073.2992,10913.3990,13099.7591,12748.5680,13067.3204,5876.7974,12260.9856,378883.2803,404702.9409,401020.1457,392155.6089,389780.6990,399945.8757,392934.3296,394011.9533,336136866.4809,336116583.0690,336163337.0104,336159958.8287,8896.2734,4946.8654,6031.7112,8902.2348,5050.9687,11755.3037,7269.6058,9587.4032,9686.6596,13043.4102,11129.3206,8390.7149,375106.5827,400855.3547,397164.0013,388172.2075,385924.6317,396145.2524,389047.6774,390129.6019,336140646.7517,336120363.1677,336167117.5373,336163739.0490,10759.6323,6839.3117,6407.7422,12151.8301,13156.1481,8537.0728,1532.4839,7162.0718,9313.8024,13600.0757,6614.1855,380403.3497,406073.9229,402347.6637,393203.7989,391121.2248,401335.2371,394147.2533,395276.3451,336135187.0109,336114903.0558,336161658.1030,336158279.2345,5150.7714,7479.4228,5788.9761,11508.3765,10938.3594,11611.4544,12658.9460,13781.0879,8550.6691,11836.2713,377184.0195,402991.4267,399283.0481,390376.0781,388052.0480,398177.0293,391144.8952,392259.5956,336138251.0492,336117967.3302,336164721.6653,336161343.3599,3339.7572,9425.2930,13313.1574,10872.5471,8088.8655,11463.0973,12772.6712,11169.8241,10584.2772,377999.3530,403761.1450,400022.5559,391016.1838,388801.6812,398905.6609,391816.1537,392972.4292,336137178.5835,336116894.5164,336163649.3987,336160270.8377,11555.5779,13312.1435,12177.3227,7511.6339,11795.7382,11643.3247,11058.4608,11337.0822,381004.9212,406761.0314,403010.3951,393985.9577,391794.4303,401875.5271,394778.8970,395953.8212,336134068.2763,336113784.1019,336160539.1275,336157160.5168,8591.5880,7804.8284,12400.8874,10518.4900,12561.8886,8176.7215,9816.8892,377073.8947,402850.9970,399193.2986,390278.8069,387943.4370,398204.1555,391148.4569,392182.9989,336139069.5437,336118786.3651,336165540.1744,336162161.8957,9335.3008,12579.8723,9447.9154,7094.0742,5575.3491,10255.8632,385300.9969,411051.1496,407410.8148,398464.7607,396154.6261,406474.2110,399392.8477,400400.0555,336131211.8587,336110928.9632,336157682.5461,336154304.2254,7996.5693,3647.2007,8992.9326,12195.1447,2701.8092,378483.5185,404151.9898,400499.2038,391412.2890,389245.8791,399618.4109,392442.5318,393459.1323,336138013.1712,336117730.0064,336164484.1474,336161105.4749,6060.0542,8184.3726,13596.1123,5785.9495,381298.0802,406956.0423,403238.7077,394081.4905,392008.8814,402253.2706,395053.1193,396167.5629,336134444.3089,336114160.4555,336160915.4281,336157536.5368,6399.7031,12711.4672,1761.9299,381347.6617,406991.3108,403327.8042,394191.9554,392078.3472,402449.6547,395244.7986,396275.9822,336135112.5742,336114829.3120,336161583.6498,336158204.8559,10217.6043,7869.4313,387196.8522,412877.4124,409205.0985,400115.4436,397958.4114,408278.5285,401110.1264,402158.8897,336129082.4329,336108799.1655,336155553.4129,336152174.7279,13034.2528,384652.7240,410466.7911,406793.6739,397925.6711,395550.6743,405740.1168,398724.3230,399787.7524,336131278.6067,336110995.3692,336157749.1359,336154370.9686,379665.8937,405313.6147,401645.6545,392512.6958,390397.6562,400756.7974,393555.0391,394592.9751,336136708.1134,336116424.7840,336163179.1826,336159800.3906,26320.2370,22848.7831,19594.4457,12166.3619,23084.5209,17851.6736,16976.4799,336512937.9803,336492650.1454,336539408.5375,336536029.9688,5154.7439,16369.9756,15100.0734,12806.2260,15746.5519,11891.2105,336538744.3403,336518456.2630,336565215.1279,336561836.2763,12803.1849,11313.8041,8834.6063,10623.7078,7338.4776,336534648.8996,336514360.5149,336561119.7145,336557740.8070,9428.2489,17108.9025,9450.6477,7545.7826,336525613.0012,336505324.5216,336552084.2306,336548704.8416,14151.7409,8591.3976,5139.0559,336523657.3281,336503369.2019,336550128.1383,336546749.2570,9428.2489,10722.4919,336532562.3763,336512273.3520,336559033.0102,336555654.2582,5567.8675,336525725.8231,336505436.8777,336552196.7371,336548817.6712,336527537.4892,336507249.0539,336554008.3875,336550629.3806,38810.0778,30680.5112,23409.3294,61327.8494,52734.6083,18838.2518,
72000.000,12151.3654,13027.6036,13013.5803,8517.8019,6380.9038,13702.3747,3398.7910,7230.6023,7952.0196,12162.6696,6401.5944,11872.0107,9427.4129,13337.2336,9908.6377,4486.6433,2344.0336,11441.0346,11131.3825,12300.2577,7727.4022,8902.0201,12582.5354,12127.7271,12157.5772,6305.4902,6075.2350,3732.1619,9504.5344,12458.4957,13151.2100,7264.7758,12744.2727,4535.7675,10113.4265,6209.7803,13115.9034,8884.8422,4384.5802,3585.3053,8172.7198,4220.8338,13511.8047,7620.2463,8227.2278,12524.3522,11252.1663,5497.1868,8288.4774,10652.8625,5160.8873,7764.9192,10428.7519,9333.8614,13089.4953,13424.9539,12682.1697,1990.7347,10530.4898,12089.8523,13504.9967,10451.1417,7893.5615,11924.9480,10714.7627,7829.2476,4823.2015,5558.4253,7565.0981,12149.9633,7774.3774,5183.1831,0.0000,9825.6514,3413.6640,10652.2285,13260.5001,11624.3935,6017.8766,13140.0216,11874.9822,13035.3464,11437.0388,11724.9931,3331.1434,10775.6855,3106.4332,10791.2102,6865.9443,5526.0563,6523.4578,11751.1331,13547.0360,11764.6988,5667.8707,13037.4151,13443.6492,7132.8040,9690.4616,384070.4061,411419.9117,405653.9811,395219.4002,397609.4706,404239.9290,397255.1939,400770.5502,336121862.3350,336103082.7631,336149827.5758,336140573.2584,9994.7523,3914.4460,13330.5948,13720.1069,4960.8799,12464.1636,10919.6528,9959.6753,2497.6316,10686.3491,11751.1401,5220.1698,9204.7088,13092.0603,11838.3844,12486.9836,7089.0045,7574.6578,1040.3227,11733.0279,10245.4054,3776.8087,11290.6005,9191.7280,8505.3803,13203.6100,10245.1543,10997.7381,4160.3190,3538.4805,7217.7795,1811.5637,9630.2572,3792.3411,9755.1754,4710.0901,12208.1325,9525.1659,10833.9841,11274.7067,10832.9247,4395.1841,7783.5461,6115.7291,1202.0111,9299.3925,9259.9695,13503.3042,3008.1012,9211.0857,13358.7197,8534.4986,13032.6407,3290.7787,8378.0408,10785.5873,12862.3422,8109.2015,1465.3336,8980.1615,3264.4659,9071.5123,5747.5392,2974.4095,6370.5647,9585.3841,8907.2392,8564.5135,3752.3643,13563.0849,13022.3506,0.0000,4472.0684,9975.8346,5581.6862,9751.5764,11692.4807,8450.6463,4634.3752,1215.7611,9366.5581,12052.7863,11564.7691,12394.4849,4406.2855,10348.1699,10247.5022,7343.1739,12343.6925,13539.5268,1044.6704,4405.8561,7311.7202,12374.9143,9252.5353,8951.2696,10595.3646,9205.4246,386868.7645,414333.5567,408409.2752,398112.4733,400399.5380,406766.1202,400013.4044,403525.5208,336117534.2575,336098753.7627,336145499.6673,336136245.2114,8556.3669,7357.8811,9466.3809,6843.7795,11723.0270,12266.4575,12266.9775,9561.3744,11046.5463,3001.9451,12762.6046,3810.7127,6092.8130,11549.9808,12187.7256,10425.1259,8255.1405,9784.9514,11342.6639,11533.3409,9230.4820,2168.5211,4764.7940,13576.6494,10907.6021,13307.9063,10307.4910,9782.0117,8039.0587,12654.8053,8879.6488,13823.1557,11915.7742,13106.4999,8481.8954,7396.3036,13799.7974,13476.8174,11332.0561,12407.6216,7576.5372,12206.6027,13192.6696,9296.4274,6391.6657,13749.2300,7924.4501,11866.5548,13733.0481,8024.5015,8256.1622,6464.8911,8666.2961,5138.8483,2467.5453,12219.3724,11088.8227,9972.3987,2574.8986,12012.3298,12811.8430,10053.9286,11324.1389,12910.1581,13799.1792,12987.5232,11841.3443,8803.2879,8898.1851,11600.0376,0.0000,12535.2285,13446.0897,11784.9527,2627.0841,5553.2590,13107.9801,8374.5390,10365.5648,2000.8294,3515.4412,5563.0159,12758.5289,11720.2264,13321.4030,6476.8774,13393.2033,10280.2563,9190.8793,10760.4053,7328.3726,7382.2353,10516.3061,2213.3981,3597.7974,12463.8102,8971.0423,376917.9455,404381.9563,398472.7871,388177.7255,390453.3630,396842.4380,390077.7168,393584.0924,336127519.2107,336108738.6927,336155484.6167,336146230.1685,12893.1668,13374.8023,2193.0124,13544.6905,9796.0572,8804.9913,5790.5215,12634.4452,10177.9226,6654.9030,6433.7409,11779.3896,13305.2169,13488.0390,4564.0691,9715.2443,4596.8050,10182.5525,8493.4789,978.1242,10106.9169,9723.3680,9428.2170,12204.0731,12172.7027,8784.1425,1702.5835,1041.8283,10066.3663,4231.3646,10839.8577,7254.3601,9634.9694,829.9718,12702.1782,11057.9098,11353.8614,9610.0489,12725.9039,1349.4042,10692.1743,8035.0425,4135.3368,10453.6217,10143.6935,12442.0027,5541.1238,10329.5478,12567.0876,10491.1142,12580.9335,736.1380,5202.8741,8674.7347,13510.4442,6011.5988,5130.4495,6696.0629,5827.4881,8456.0183,3135.7886,6630.8634,9206.7798,10618.1513,11329.4508,11305.8123,6510.8063,12360.2094,12276.6857,0.0000,6336.1494,11582.3048,4930.9196,7367.2881,9236.3652,10981.1527,736.1572,5081.2597,8679.9563,10833.0894,9045.5239,12301.5045,4630.9927,12043.3760,11225.1472,9792.6058,13350.7847,13389.3584,4446.2697,1676.6515,9130.4703,13509.0850,8647.1959,6260.2537,9627.5494,11232.9235,384555.8301,411994.6944,406036.7242,395706.4109,398064.0053,404403.3531,397636.1821,401175.9218,336119667.3413,336100886.6570,336147632.8955,336138378.2596,2851.1356,12187.1028,6536.7882,10711.2137,11480.6945,12760.2191,7944.5011,5181.9184,13664.7454,9279.5419,3008.6535,7053.3361,7067.4931,12723.9965,9768.5772,13188.7081,9572.5682,11182.4263,13075.0972,5431.8835,7741.0168,12371.0632,6790.9148,10238.4815,10042.6510,13330.4049,12673.6742,11798.2096,12845.9224,11588.7675,13252.6190,11558.6778,12834.7198,3595.4735,11486.6346,10544.5329,10082.8811,8832.2223,12555.4392,11216.3331,13266.4487,13021.6017,7713.6116,12011.2530,2860.7181,13752.9738,11865.0504,2162.5974,8821.6821,1169.3428,13044.7612,10328.7727,7064.4594,6872.2536,12450.0758,13135.9266,9016.9320,13730.0924,12255.4143,13001.4502,13193.8766,12582.5286,11701.5929,10922.7710,10476.8420,12034.8949,4355.3627,7450.4959,0.0000,13744.3802,10607.8270,13555.7230,8439.6673,7062.9792,11391.7168,12791.1460,13317.6989,7773.2416,4246.5754,7292.4561,8750.3541,13699.1714,10149.7205,6696.0666,12459.2408,5130.9658,2336.6757,13617.1472,12425.1196,9770.3549,5519.4701,7874.0402,9387.4078,11010.1492,8532.5310,376435.2910,403837.9717,398034.8932,387665.3757,389983.0469,396540.8854,389639.1113,393139.4290,336128954.8931,336110174.9865,336156920.1545,336147665.8430,13117.2050,5099.7720,9027.7979,10019.6997,13450.0943,7850.2252,7250.6601,12948.1325,10574.4952,4422.7979,6208.6998,5272.3852,12335.4821,11041.0715,13726.4165,7977.6211,9927.6628,13350.9640,7792.2208,9835.2126,10915.2338,4628.2569,8913.7697,9035.9435,13452.3230,13339.1600,11251.2187,13604.6732,9923.6589,13155.4361,9868.6030,13283.6312,5438.8207,9923.1170,8539.8415,8624.3513,7854.0939,13319.4675,10953.1346,12381.9425,13652.8575,9544.7970,10387.2247,2652.3057,13520.3193,10269.1046,1886.4613,10095.1966,3990.5631,13577.4573,11338.5827,8781.5186,4659.3721,11722.1384,13653.0043,10629.4969,13450.0258,10844.5484,12860.4903,13299.6372,11960.7300,10018.6192,10042.8896,10365.2007,12955.7802,3132.1733,5109.5180,0.0000,13191.1726,9050.2302,12981.4813,10017.6749,7828.4265,10543.2556,13273.4676,13700.2283,9971.8764,6590.0561,8043.2110,6366.4864,13270.7094,8642.1633,8619.9883,11532.8471,4718.6858,989.1363,13800.0595,13259.3427,11238.9537,5167.5170,10060.8405,10750.3303,9337.8900,9604.5404,377843.1933,405209.1799,399425.0633,389010.2041,391382.5603,397983.9544,391026.6003,394540.1246,336127822.0197,336109042.2592,336155787.2987,336146532.9479,13743.7919,10928.5006,10135.0864,6035.6577,12653.0718,8857.5559,8499.8372,4979.8583,10953.4498,13443.7859,13838.0292,6106.4138,9090.1586,5246.0617,10955.7681,9626.5994,3148.1062,8638.2133,8370.4165,10987.0399,12525.6316,12989.5838,9448.9116,3851.2837,1625.1326,10966.0718,4412.2099,12158.1027,8379.0405,11060.3485,2297.7805,11910.3572,12295.9266,12519.3139,10478.7326,13166.3688,871.5445,11273.3797,9677.2976,4624.1396,9408.9531,11605.0806,11964.7586,7197.4989,11735.2125,12104.1252,9866.4517,11702.0437,2265.0779,3977.5728,7239.4687,13897.5467,7494.0056,5750.4991,4937.4016,7469.5041,10029.5574,4925.9898,7624.3674,10378.9625,11987.9559,12146.6057,11661.1572,6321.6076,12130.6695,12773.5933,0.0000,8131.2543,12610.2811,6957.0508,5785.6723,8441.3526,11887.9370,2131.9129,5948.1394,6961.0614,9560.0596,8256.1263,13102.4719,6673.7008,12927.8796,10200.4149,11055.1160,13190.4096,13050.7655,5780.7917,627.4284,8290.8116,13356.9191,6934.5223,4691.8164,10856.6966,10743.1858,382737.6683,410193.9936,404231.5000,393925.4265,396251.1364,402574.2997,395833.0330,399363.8583,336121393.6477,336102612.9047,336149359.1829,336140104.5793,9666.2333,10354.5596,11841.4773,3993.3850,10594.5255,11089.9540,12993.4490,8757.7335,1635.4510,1089.1563,12943.7945,9323.7449,12347.0957,9695.3306,10999.9199,13334.8390,10538.8051,10119.0618,8814.7285,7259.1453,4585.2105,11111.5004,13406.0381,13431.9297,7555.9839,12591.8451,7179.2384,10561.2007,8966.5523,13724.2884,6076.0402,6712.2249,6692.0295,10179.6612,3110.5435,13733.6176,7116.8959,9917.8835,12519.3253,8996.6903,8199.7041,7427.3846,11658.0118,7767.2003,6630.0476,8329.0625,7225.2815,13530.6462,13414.4228,11819.1681,2208.4304,12341.0986,12080.0677,12814.2468,11486.5071,10398.3911,13179.8212,10977.4654,8642.0927,7552.2360,5867.6782,6471.8946,11439.6785,7597.5517,6838.2381,0.0000,11250.0551,5417.4033,12344.2277,12599.3093,11449.5664,6517.3291,13706.0384,12042.5005,11443.3754,9873.8090,11594.3866,6021.1668,12246.9627,4611.9039,8301.3386,8127.9061,2294.6246,4729.5311,12285.0641,13677.1070,10023.5924,2372.7668,11432.4297,13035.1481,9657.2364,7420.8381,382133.4596,409518.6364,403765.3715,393379.5426,395691.2620,402316.5264,395371.7918,398860.9632,336123769.5741,336104990.0160,336151734.7178,336142480.5331,1424.9449,12278.5729,11779.5104,11230.8024,7665.2300,10462.4892,9911.8389,10595.3992,8910.4261,6104.7841,13674.6324,11592.9263,2044.0592,2029.8569,9198.7176,12092.0882,13695.4074,5455.8159,5051.7176,9047.0733,3434.9298,8764.7017,10448.2447,10337.2293,11900.2845,6139.0029,10748.0188,2859.8769,9490.8549,12359.7939,7031.6102,4634.3648,1790.1058,10232.4984,10589.6066,11403.1978,7831.4695,11600.6451,13712.4677,5275.5107,8807.5153,9453.4895,5823.4865,9032.1296,13507.6296,11330.8731,10231.0170,9949.4655,10943.9247,8050.9064,4641.4325,11714.5712,11395.3098,9398.9276,2873.2103,7331.5817,11095.1952,9751.1753,5654.8127,9913.0328,11893.9728,12757.7434,7534.9538,4545.7018,0.0000,8387.1698,7609.3971,6663.8696,11029.7148,8754.9841,9880.6844,9599.9907,11368.6916,13088.5318,11533.0048,8718.4043,4429.8996,7681.2655,8271.4900,13601.6177,8940.8901,10844.5595,9665.1642,10555.0462,10790.2110,13750.7496,11152.9868,13151.9998,10724.5936,629.0140,13382.8699,383910.5710,411224.0120,405364.2699,394875.8449,397402.2607,403937.8907,396955.1454,400529.0064,336121421.3641,336102641.3096,336149386.9191,336140132.2170,11518.9209,12049.3838,11564.4517,6589.4675,10236.4523,10618.1261,11111.8470,9638.1598,4957.6822,13457.1069,10708.3657,3127.4403,1609.5679,8131.7914,12337.8947,13654.9210,4914.6625,6313.4394,9217.9227,3674.5159,7633.2809,9525.5607,9986.6986,11062.3450,6057.8042,9960.4636,2574.7696,8509.1270,12862.6658,6964.7105,5033.6769,2554.6696,10545.8598,9711.7677,11170.0810,6992.5699,10723.1457,13714.7307,4982.5557,9724.7489,8416.2121,5589.9961,9938.5484,13427.5285,11995.4885,9239.8343,9536.0066,11056.4632,8923.0557,3456.8025,10861.0983,11178.6399,8379.4018,1717.5331,6174.6188,10284.5684,9207.1528,5527.1277,9832.9193,11788.7053,12124.9133,8567.7924,5843.9872,0.0000,7330.1301,7733.8069,5351.2561,10928.6672,9076.9524,9701.0094,8629.8278,10474.9356,13020.1524,11940.4004,9003.1711,5508.9284,6444.5176,8488.0819,13737.9718,8481.4861,11470.7130,10579.0677,9554.0629,9941.9627,13495.0922,11751.3998,13070.2156,10466.9706,1092.0907,13390.8051,384806.1031,412129.2236,406253.7211,395776.1087,398296.3114,404806.8258,397844.5728,401419.3393,336120382.8770,336101602.7401,336148348.4511,336139093.7312,9383.7767,11502.2588,6849.8950,9747.8751,12951.7967,10941.7722,12063.3407,9164.3214,5422.9960,1492.8078,12946.9975,11843.3398,5911.8114,10737.5857,7644.0883,9608.5237,13771.5867,9910.9147,12403.0617,6414.1472,5087.4606,6646.5501,1743.8291,10272.5351,3773.2030,11039.2601,6575.6663,11019.9518,9933.8417,11552.4521,12617.5424,10047.2549,5785.6660,6663.0501,7188.6728,1756.9407,7511.6625,10222.8718,13461.2824,4634.6857,10016.4204,13180.0805,6533.6083,12346.9806,5143.3994,9276.6314,10849.4536,12658.6441,10079.6531,1116.3749,9149.0025,4764.4132,10695.8444,7918.5654,2791.2569,6313.4737,10365.1563,8361.1626,7205.8837,1407.6258,13784.9867,13621.3085,0.0000,6061.7671,10071.3398,7771.0317,9981.9203,12247.3261,7991.9565,6460.4302,1724.0901,8473.9778,11602.4486,12160.2813,12977.4038,6606.2447,10211.8653,8583.1128,7514.6415,11405.8826,13094.6445,3047.6417,5644.1046,5213.9744,11368.5859,8315.4192,9428.9256,11986.7152,7295.3139,386262.6391,413752.2384,407847.4566,397585.8339,399810.1247,406185.6451,399456.0599,402945.4577,336118215.9918,336099435.5755,336146181.3021,336136926.9757,10902.4883,10604.0876,12874.7888,10190.5174,2401.6299,4768.5834,13347.0695,6039.4462,10274.2286,12042.5984,12709.7254,12549.4079,10285.5723,7986.9931,9594.2328,10316.6141,4828.1334,12948.1717,12785.3797,12260.4678,5706.0720,10506.7839,8274.6912,8568.5925,10595.4450,13027.9857,5584.8923,7494.5084,8780.2702,12318.6504,2701.5221,12668.8584,4457.1669,9420.9889,10507.4525,6412.4581,9302.2658,9625.0055,10382.0557,8744.1334,8814.2532,5036.0822,8070.3693,12411.2458,13269.5501,11940.9155,5996.6400,13175.9437,9889.6750,12304.7572,10222.0728,11708.6075,13113.2910,8844.0954,7177.3950,8733.8516,4664.6200,3304.8177,8751.4854,10189.9637,9996.5249,0.0000,10444.5089,6294.4827,12304.7649,12417.6893,12552.3891,5248.6018,12967.3461,9979.1761,10111.6388,10150.1656,12659.4351,9088.7566,11779.6461,5451.3762,6030.0144,7280.1936,3405.2249,7164.4286,10612.0193,12540.8986,6993.7104,3069.0802,10025.4668,12768.6963,11650.0312,3948.5097,383305.1881,410746.1276,404976.3541,394662.3848,396879.8498,403451.3200,396588.3152,400051.5451,336122320.9135,336103541.2356,336150285.9833,336141031.9131,13440.8937,4819.9034,3272.1070,10796.0934,10997.3506,10818.1032,9768.5012,11668.7539,9941.2114,10743.7571,10661.6560,1599.0658,6444.8796,13412.6397,8859.1962,12962.6417,9195.9737,11055.6300,9893.1952,13202.1801,10950.0598,13420.6130,13153.3410,12491.4629,9972.0240,6560.5153,13483.6882,12616.5679,10117.7290,11993.0861,9463.7004,12812.0427,13698.2949,11260.1595,7620.6907,13397.1564,5311.8811,13050.7013,13413.5756,5561.7789,9405.4984,4457.8847,10419.3703,6229.5985,2135.8419,10785.3705,11082.5941,11819.1084,4458.9391,13149.7149,12420.9085,10866.8478,12753.8565,13552.7917,13380.0937,13090.4431,12356.6950,10821.0791,6391.1201,9727.9562,0.0000,13395.4890,13021.4743,12419.1072,3707.6206,3864.8511,13324.3136,9907.0020,12105.7194,4511.8016,1194.0234,4011.9506,11297.0743,12604.0485,12852.5541,7212.6886,13752.8635,9242.5176,7125.1460,12341.7059,9295.9303,9164.4343,9570.5809,4714.8717,4915.2381,11548.3026,9786.7965,375615.5977,403045.3151,397162.7455,386822.2209,389146.6305,395590.9984,388764.7190,392281.4134,336129092.7408,336110312.3808,336157058.1535,336147803.6797,11445.6800,13583.1556,10907.2060,10669.1400,6041.6926,10461.5245,5958.5440,9209.2426,7568.4277,5809.7118,13449.0493,12331.7714,3902.4760,11173.3849,7841.0478,9200.7168,5436.9117,7072.2392,5935.6176,6876.4737,5570.9483,4249.2152,5620.9290,6994.6395,13266.0400,5791.4155,7000.2052,8732.9300,9433.2796,7791.3137,7445.3266,1789.6585,6311.5618,12041.0196,4832.3197,13190.2226,2426.7845,4944.4909,13055.0975,10925.6905,13816.7804,6563.2246,10524.7159,12766.1138,10790.4677,6072.9416,5958.8796,11749.6075,2274.3466,5104.9162,5611.3935,4724.4065,4449.8389,5367.8691,7080.4672,8577.6483,7927.7679,12696.7728,10596.2425,0.0000,895.0371,6828.4385,3118.2670,12115.0520,12387.2029,6525.2543,7054.4825,5351.6281,12584.9054,13671.9220,12283.6364,9285.0080,2364.9730,7607.5133,12584.2025,4447.5292,11936.5874,13025.2229,4319.1792,7983.0802,10647.2857,12002.2262,12522.8949,11397.0795,7138.1148,11061.6766,388904.3763,416304.7682,410416.9639,400034.1099,402422.2655,408873.8403,402014.9487,405551.5317,336115964.9937,336097184.7788,336143930.4357,336134675.9064,7186.5704,13084.2008,13155.9801,7578.5514,10413.1873,9380.9870,9560.0938,9210.2516,7063.0661,5229.4014,7882.8661,12515.5363,10330.5431,13848.6925,7926.4029,7474.9825,6302.6871,13103.7767,8556.2819,13263.0870,11747.1757,11671.6386,6030.2237,10146.1335,13499.2255,12801.9192,9330.2061,13562.5459,5618.6640,13161.1240,12302.1310,8830.3231,9311.6431,12819.3791,8662.2886,10849.6420,12990.8038,9052.0159,10645.5805,8750.7799,6826.8122,1550.3557,2760.1482,12921.9577,8378.9242,9740.9693,1534.5204,11043.9093,10909.4539,7367.0255,11180.1575,12901.9581,13078.7635,13602.1237,13159.4395,9513.8396,9000.0777,11004.7555,0.0000,11350.1757,13510.5685,9637.9321,1312.2239,4115.3448,13585.6770,5973.2231,9968.8323,5331.8564,5873.4614,3938.1413,12244.4163,9888.3217,13665.3443,9557.4278,13251.7228,12133.8050,10628.1854,9892.5829,5515.1969,9579.7114,12424.1423,5471.7788,480.1074,10675.3936,11348.0597,378195.9066,405626.1433,399681.0864,389340.4703,391704.9820,398068.1579,391280.0572,394819.9367,336126094.4967,336107313.8253,336154060.0548,336144805.4121,9387.2190,9042.7631,11318.9678,10940.9446,13102.9958,8419.3444,9921.1094,12025.8027,4356.5311,8324.0309,12605.3251,6348.0863,11805.6760,8341.1849,12257.6501,11675.2294,13006.8862,12629.5624,12270.8344,13755.9046,11363.7031,11546.7297,5999.1168,12387.9163,11049.8971,8842.6016,10832.5764,11381.2710,12700.7792,13560.2244,12818.0724,8898.3307,12365.8767,2158.6002,13712.5215,12382.1380,2562.7080,10281.1181,3035.0056,12070.6356,8302.5613,4903.5033,8571.1627,11116.8462,13182.4283,7251.9091,13745.9593,11663.7886,11723.3537,13589.5547,13466.1147,12240.8704,12413.1153,12192.5834,12370.6429,3452.3127,7312.7137,0.0000,13712.0059,11799.2771,12788.4448,6417.6327,4306.1432,12759.5434,11517.9174,13351.5562,7248.6258,2940.3776,4559.9877,9157.4759,13139.7494,11574.4163,8157.8590,13357.0656,7716.5233,4548.0717,13462.0294,11281.2003,10662.0070,8126.3907,7412.6450,7402.8195,10308.9212,10286.8912,375623.8463,403015.3014,397172.3251,386783.9799,389153.2375,395669.4871,388772.2587,392295.5967,336129487.4060,336110707.2878,336157452.7942,336148198.3293,2488.5521,13222.8949,8078.4804,11604.4647,10746.4004,11790.8352,13137.1750,10501.4183,9318.8137,9076.3437,8590.1346,4278.2752,11975.5026,13271.7588,13087.9063,6675.8829,11859.1391,7495.4334,9770.0436,9634.9440,13576.1169,5705.5958,6852.3046,7474.3260,11147.3725,2180.7214,13440.4502,5934.9612,9679.1557,11810.0250,7991.5523,8575.0911,8363.1163,11184.5049,8064.1853,7533.8678,7058.2950,7517.5644,13204.3326,13501.8020,11980.3687,3752.6855,12784.5034,11283.6254,12739.7004,11010.0954,10973.4716,13269.4122,10156.0620,7959.1566,7930.5369,5095.8125,5107.2891,10453.2578,8724.4385,8199.4153,0.0000,10943.8845,5517.0852,12403.4021,12654.3863,12018.4529,5771.6429,13540.9536,11289.5683,10996.4596,10035.9297,12150.6045,7288.8637,12124.9242,4610.4758,7377.4398,7652.2593,2097.5337,5656.4892,11686.1444,13355.3578,8888.4052,1885.5361,10955.3274,13065.7730,10527.5043,6060.1538,382674.8627,410082.4746,404326.7864,393970.1770,396240.9216,402849.7298,395935.7155,399412.7577,336123149.6086,336104370.0262,336151114.7115,336141860.5858,12553.3443,9996.8014,12454.8308,9043.5488,10366.4774,13208.1485,11063.6042,10850.0659,8099.8323,6719.0958,4191.0843,10602.3653,13217.1039,13456.7024,7499.5880,12763.0384,6397.4836,10521.4308,8155.2512,13638.6223,6981.3862,6007.5591,5759.0179,9536.7034,3281.0187,13773.8748,7307.1337,9474.4115,12643.6434,9798.9680,7416.6028,7555.0475,11453.6897,7007.9771,6834.2044,9085.8420,7836.4744,13506.8703,13483.6790,12115.4231,1343.3904,11841.2983,12204.3662,13095.3486,11270.8946,9675.8429,12880.8782,11003.3622,8448.2203,6752.2633,5736.4333,6842.9233,11781.9489,7489.2957,6156.2891,0.0000,10907.3463,4755.2715,11913.7745,12855.4285,11487.8221,6352.9151,13634.1589,12109.9387,12019.3693,10360.6134,11623.1422,5089.9040,11892.7327,4031.7692,9166.1946,7779.1629,3327.3086,5100.5529,12236.7695,13746.4545,10679.7812,3443.1899,12015.0553,13223.7190,8886.8273,8222.8343,382660.5398,410032.2706,404277.8098,393874.0619,396212.5033,402844.1125,395882.5397,399380.0828,336123279.2722,336104499.7255,336151244.4439,336141990.2194,12423.3006,7986.3264,6670.4329,4453.4667,3934.6794,11354.3500,12319.9220,7393.2503,9676.9314,11599.0293,5219.7064,3366.2341,5511.6535,10700.4920,8071.1755,9066.5762,8905.0100,6566.2279,4068.6536,13558.3162,9681.9841,8969.5056,5922.0703,12630.1316,5564.8230,11751.4434,7442.2830,7786.5866,12857.9928,8001.5940,11370.8019,6691.8457,8458.5983,11663.0405,12830.6165,12794.0969,5160.7226,6319.1636,9503.7850,12169.8689,1593.0831,8367.1371,8554.9362,6849.1301,4956.2931,1548.4341,8775.6451,9669.8032,8639.9440,11405.5920,12457.2949,9940.1440,10701.5381,9636.1169,0.0000,6363.8174,10463.7583,3090.5149,8654.4067,8440.0412,11104.6996,4228.1856,8055.6728,11146.8639,11517.2956,8248.7246,9727.9305,4173.4436,11147.6407,13266.3940,9618.1205,13360.7473,12672.8459,6992.4108,5880.0343,12093.4902,13607.2247,11180.1201,7703.5920,5963.5609,13234.0506,384716.6302,412089.0159,406148.3573,395731.5659,398203.9703,404604.2687,397740.9790,401312.7599,336119835.7110,336101055.1773,336147801.3539,336138546.5798,6746.5682,13844.5790,13724.4424,10010.9206,8572.0214,4081.0266,11586.8362,13164.5147,9167.9656,13751.1072,10550.5991,8932.7199,7167.8237,6486.4542,11297.4560,7176.6856,12732.5518,10285.5693,6918.5781,10691.3512,12158.9042,13834.1115,8026.7924,9284.1708,5945.6408,10064.9380,6785.2879,2860.9539,11789.3819,11519.7821,8962.9684,11392.0560,10972.5225,1335.7962,9189.3714,9275.5824,10752.0108,10100.0166,10880.8112,12983.2629,6409.2090,9356.7840,8964.4560,13028.0190,11581.9065,6726.1859,8023.5093,11582.0907,7919.3461,5362.4896,4157.3420,12370.0838,13162.5445,0.0000,9898.8194,10096.7963,11597.7232,9956.1274,12005.3320,7992.0077,10157.3269,6868.2112,6581.3976,9330.1840,12030.9332,12780.5763,10731.8652,9707.9887,3891.2309,8986.5601,8043.2045,10352.5782,8020.7307,9029.4696,1190.8467,7906.1353,6392.7227,10102.3442,13531.5562,2413.4607,382927.5344,410432.4821,404586.3362,394352.0399,396501.3464,402939.9135,396201.1481,399657.1593,336121934.3493,336103154.1995,336149899.4881,336140645.3713,12339.4946,10997.5683,4616.0193,11073.5788,8560.6288,9073.5978,13557.7390,10238.8428,11657.8550,5077.5672,4024.4583,7067.4321,1190.6658,10020.9194,3735.7765,10404.9366,5405.8011,11809.8919,9818.3590,11264.9928,11929.4130,10643.4161,4820.2584,7417.6922,6631.9437,670.7885,8606.7015,9778.2302,13580.2133,3679.8354,9664.6349,13384.3603,7783.1279,12831.0569,3933.3876,8691.4659,10801.6572,12921.3550,8988.0136,578.9323,8987.0207,3885.5254,9848.4851,6663.5227,2775.4417,6411.2738,10032.0033,8797.0042,8112.1767,2781.0478,13756.1557,13396.6152,0.0000,5175.2973,10145.6025,6551.6025,9806.3606,11950.3017,8368.8129,5306.5923,870.9971,8962.4914,11900.6278,11836.5149,12772.6575,5374.5393,10425.4928,9619.6439,7502.0370,12084.9440,13472.4044,1791.9817,4753.4977,6476.8349,12088.9932,8828.9154,9091.2637,11283.0873,8508.1273,386642.8604,414119.8348,408200.8804,397921.0740,400180.3565,406546.0236,399806.9388,403309.5863,336117765.8210,336098985.3423,336145731.1927,336136476.7878,2534.2360,9749.0769,10989.7063,13277.8325,7231.7517,3756.2019,10001.1902,2278.9182,9412.0815,10775.5376,11461.6195,12463.8909,7670.1856,11907.7874,4756.7447,9785.5196,11703.0495,8453.7000,5948.1007,833.9686,10793.0827,10765.3941,12302.3339,9424.2716,12255.0508,13460.1492,7002.0029,7335.9203,10710.6367,7460.4153,7715.8529,13586.1026,10209.4335,10676.3949,9256.6162,9744.1960,8053.8629,5372.8782,12491.2397,10568.4748,10688.6184,4747.1150,7941.3115,12140.3778,11058.1227,7263.7920,10943.5423,12608.7141,13257.2292,5959.6516,3699.4507,0.0000,9839.7639,8772.0137,7928.7565,10029.9914,7220.0781,11002.8074,9883.0282,12235.8014,12397.8586,10284.6505,7208.4833,4731.1412,8946.5295,9264.9623,13229.5658,10347.9837,10602.3069,8714.5515,11532.4137,10934.0388,13824.4171,10967.0681,12492.2360,9882.3232,2657.9841,13489.0486,381878.9638,409189.9924,403328.6908,392837.8747,395369.0002,401904.4456,394919.2925,398494.9410,336123431.0742,336104650.9888,336151396.6435,336142141.9248,7929.7439,11649.8465,13462.5446,6387.2599,6128.9073,10363.4085,2204.3765,7466.2437,9241.4986,11039.8958,11191.0527,7492.7775,10766.1959,4127.6910,8067.6090,12842.9129,8343.6524,6357.3771,1720.4655,11458.2255,9284.1383,12099.8401,8176.5384,10913.9748,13729.1037,6485.0600,9212.7858,9119.5146,7053.7649,9561.9953,13706.7086,11641.7253,9020.9307,8512.3686,10092.7096,9588.1208,2987.7349,11214.2904,10294.1141,9132.6442,3149.0334,5845.2880,10957.6184,10308.6899,6994.1030,10942.1275,12633.3877,12383.2986,8042.5939,5953.4941,0.0000,8225.4582,8993.4640,5778.6471,9956.8475,7900.9380,10838.0489,8192.5380,10888.4676,12496.3149,11241.6614,7807.6839,6274.6093,6963.6023,9666.3590,13736.3815,9711.6484,11880.6788,10532.8276,9984.9209,9515.7240,13634.5728,12198.3285,12568.8687,9488.5107,2211.9855,13759.3250,383545.7203,410868.0448,404977.8290,394499.3715,397030.3160,403522.8410,396567.8673,400148.5693,336121528.7440,336102748.5122,336149494.3604,336140239.5919,10656.1736,10274.6087,8647.8574,11936.3411,11722.6911,8441.9249,769.1212,1872.5307,9652.6138,4500.8567,10157.1888,6846.2740,8899.5063,1286.7310,12942.3818,10417.4774,10720.8228,9145.0554,12440.5747,2320.2407,10421.8840,7272.4580,4273.0682,10874.9504,9397.9050,12525.3997,4886.6282,9611.3138,12641.8267,10753.8289,12843.9849,1310.9012,5807.4591,9234.6554,13206.4709,5346.0334,5120.1428,7422.0705,5167.9389,7669.7798,2430.5548,6324.7383,8682.1791,9910.8687,10911.2506,11122.7640,6769.1947,12336.1946,11928.4825,0.0000,5544.1739,11032.0239,3979.7170,8014.5055,9527.6598,10532.1529,1333.1791,4946.1346,9369.2043,11287.2250,9340.1146,11816.8544,3697.1388,11555.6710,11613.8925,9195.3601,13305.8022,13403.2036,4085.6110,2635.7150,9527.5947,13462.5188,9336.8322,6933.8120,8986.3539,11418.7627,385243.0771,412672.6274,406719.8345,396376.7130,398749.3979,405100.9736,398318.3326,401861.7641,336119047.3344,336100266.6939,336147012.8926,336137758.2465,4989.1772,13664.9870,9868.0638,12810.6575,10296.0973,11132.6629,9668.5121,12755.6187,10300.0546,13620.0954,12660.4435,13044.7991,10019.5503,5874.8192,13571.2706,13045.7265,11138.6928,11683.0930,9287.6181,12199.1367,13647.7031,10667.7766,6276.7331,13685.9460,6277.2063,12808.3556,13634.1756,6315.9279,8228.9410,4475.5121,10240.2821,6626.9531,2853.5556,11045.5233,11746.8032,11185.4393,4401.7481,12908.5488,13014.9606,11200.3792,12200.5656,13204.0744,13634.1319,12749.7849,11667.0275,9909.0971,7490.4569,10634.1626,0.0000,13304.1173,13045.5548,12673.6683,4006.8347,5288.4513,12982.5239,9930.0961,11540.6026,3161.6556,1483.6973,5401.6833,11955.8582,12684.1296,12809.7275,5923.3389,13539.4276,8962.0852,7472.3592,11943.9385,9068.6740,7911.5466,9232.6684,3355.7040,5175.8672,12346.4583,8697.2809,375948.3362,403399.7982,397519.6527,387208.5660,389488.9596,395922.8653,389124.5537,392627.2998,336128721.5685,336109941.2068,336156686.9306,336147432.5269,13228.0054,12333.6525,11377.1636,12840.2211,10888.8468,8935.5248,10243.6292,7833.0825,13059.6789,10032.8614,13603.0377,10045.2155,5495.2012,12682.3760,13284.7824,13326.9768,10044.1242,8900.3633,9256.7978,12278.2085,8287.3690,1860.9110,13370.3833,9543.0838,11036.7179,13118.4047,9160.9664,3975.5784,6814.0255,9490.8778,8716.9992,6933.1629,11402.2794,12940.5569,8479.7575,6583.2397,11111.7117,13715.5810,11652.2287,9466.1513,10933.2425,13231.1039,10653.2133,8606.6928,6408.9756,10692.6355,12698.0954,0.0000,11905.4539,12067.5585,12516.4359,7043.7028,9429.3522,10823.4217,9908.1311,8987.2380,2942.0965,6014.1355,9479.7669,13106.5945,11988.1620,11702.5786,2479.5732,11667.9922,8353.5280,9172.4661,9889.9673,8594.4386,3304.7678,8390.1826,2773.7445,7574.5771,13729.8690,4838.7707,379131.0281,406631.0104,400764.6466,390522.0966,392695.7613,399114.1274,392377.2960,395844.5926,336125553.3543,336106773.0576,336153518.5704,336144264.3619,8697.7198,5674.5709,8169.7982,8251.3158,9876.1659,5988.2056,9853.8217,2085.5951,6734.9525,2674.1790,9570.5271,12495.4919,2824.8329,3328.1138,7006.0888,7650.4577,10434.6934,7512.5571,3064.2044,9389.8467,12700.9578,961.7303,11620.5548,6015.0358,1332.6625,11434.7122,11604.1560,12839.6195,9501.8390,11873.0915,13205.1940,7976.9981,6575.7281,8985.9098,12952.5062,5802.3898,3520.6930,7721.8600,7451.9125,5063.7312,1658.8387,5928.3071,8428.5698,10323.5677,10856.0709,7836.7298,0.0000,4623.2723,4100.3802,5441.3436,13014.3554,12159.8671,5618.4647,9643.9904,8488.5123,13612.3052,13471.6773,12119.3336,5994.8641,5576.8808,5078.5620,12868.5190,4022.7218,10265.2127,11142.5200,7750.2182,10605.4851,11987.5145,10370.1396,13585.2357,12578.7149,4884.1544,11371.8348,388054.0337,415412.6849,409571.8362,399138.6079,401571.2790,408105.3066,401168.1555,404709.9607,336117297.6074,336098517.6738,336145263.0137,336136008.5047,9170.4391,5382.2762,11785.2619,12531.1532,11493.2948,13602.5497,8222.3414,12870.7012,6733.4759,11931.0939,9343.3828,8702.5466,6244.1671,4544.2725,9285.6723,12515.6122,11895.8659,10898.6103,13493.3678,12290.8287,8170.1725,4569.6080,12406.1586,8354.2134,4785.0524,12561.0877,7699.3688,12583.4823,10569.9308,9486.3209,5545.3562,8628.2387,13596.6103,10994.0872,12342.3535,7534.5674,10658.8597,13128.0761,11618.0299,8051.9704,10464.9189,11821.4888,13733.3724,3095.8938,1181.6520,0.0000,11681.1640,8421.2760,10618.0289,10323.1536,7219.9052,10762.2113,11982.7986,13456.1022,11842.0658,8807.9889,7343.1816,3654.3332,11324.7132,8521.0104,11724.2043,10892.8601,8041.1121,5506.2541,13092.0528,12584.7626,13277.9835,8454.0926,11945.3618,10628.0285,5508.6202,12234.8198,379842.5081,407160.6810,401345.2422,390866.6116,393351.4617,399940.6406,392939.4677,396492.8677,336125763.0427,336106983.1754,336153728.4876,336144473.9184,11324.4995,11669.3626,12159.0313,3910.5130,10883.6439,3927.8504,7392.4490,7077.6723,12501.0478,9302.9588,3012.0677,4941.0647,10192.5867,2323.7060,12709.2597,4295.3273,6273.5567,10615.9743,10171.5617,5200.5549,10679.5406,8617.6779,4542.2671,10071.4106,8674.8932,10726.2064,12046.5155,13783.9534,13557.7940,4980.7827,11038.4126,9896.8255,13757.7390,8364.8550,8508.0724,11638.2951,8120.8622,4794.3112,4491.9391,1967.2166,4506.4161,9965.6931,10490.7616,8367.0127,0.0000,7993.4169,1733.0095,9978.3545,13814.7200,13215.5483,2483.2501,12500.5652,9663.7476,12816.2903,12520.5551,13275.1903,6434.1155,9631.2481,892.2587,10037.5093,3994.0684,6149.3333,8726.3287,9737.5219,12718.1144,10006.5858,6054.9808,12755.2477,13833.2045,8741.6909,7922.7877,386505.2653,413896.9260,408121.9571,397739.5429,400058.5501,406653.4721,399727.0679,403222.2753,336119247.5060,336100467.8841,336147212.6779,336137958.4609,8121.4427,9438.6573,12132.8648,11635.5221,9004.7300,11894.9126,5939.3808,8257.9293,12120.4423,9755.0953,7651.0893,1801.5659,12030.9085,9294.8468,12952.6348,9808.1947,11468.4943,13312.2574,8188.3717,7818.6536,10401.4069,8670.9449,8331.3664,13654.9791,10461.6193,9369.3206,7455.8748,8552.2397,9745.3974,4181.9794,11905.7783,9118.6963,10447.7639,5236.4984,6545.4990,11956.8509,11597.6491,8577.4948,11954.7684,13297.3449,12748.2246,6663.3941,5642.9485,0.0000,9742.1401,10158.2859,7256.1595,8591.3251,6001.3757,11939.5905,8363.9699,11689.1601,11538.0559,9781.9543,5915.0866,6801.5268,8357.2821,10672.3576,13215.7512,11109.1565,11675.3265,9693.6752,10932.5432,9482.8362,13542.9775,12041.8288,11644.5524,8277.1348,3889.6138,13757.7224,381364.3234,408688.9788,402794.1881,392319.0856,394848.1594,401334.2017,394384.2422,397965.2781,336123649.5371,336104869.2538,336151615.1664,336142360.3853,2640.6159,9702.2520,5099.0812,9859.8269,6956.1498,8445.7901,1754.0792,13318.1999,10181.0540,10405.2033,8771.9089,12515.6549,3039.4631,10584.0444,6987.1552,4808.8867,11438.3924,9022.4415,12651.1975,4790.0369,9279.1882,12785.4747,11256.6122,13160.8564,2063.5427,6174.7627,9643.0550,13167.1057,4771.6569,5554.8640,7947.0001,5059.3648,7127.3494,1828.1304,6528.7985,8647.1258,9578.7996,10922.7461,11339.3944,7335.5500,12363.7630,11734.1555,0.0000,5260.8454,10875.5656,3333.1138,8468.6432,9696.9646,10527.4035,1861.0920,5301.8939,9992.5795,11687.8459,9506.7201,11568.1335,3199.2653,11455.3548,12138.8974,9070.5722,13502.1519,13551.2056,4292.0783,3369.1655,10121.5611,13666.1078,9967.0610,7386.9337,8530.7146,11867.3873,385622.6818,413042.5972,407090.2910,396734.3947,399125.2936,405483.1095,398687.6613,402236.5658,336118702.7272,336099922.1013,336146668.3026,336137413.6314,9898.7774,3447.4479,11157.0038,7048.4436,10218.5132,1706.4065,12248.2468,11285.9347,11738.2964,10254.7492,12556.7045,875.5557,10373.5385,8321.1409,3472.7578,9695.4884,10569.2804,12444.5975,5670.5917,10692.8156,12522.6041,9768.7911,12283.7081,703.1126,5230.3417,8437.7684,13563.1393,6903.8095,4564.0867,6326.4013,5956.3716,9167.9533,4121.6102,6321.7646,9153.7936,10985.6596,11215.9829,10919.6187,5696.2441,12496.3480,12629.2403,0.0000,6653.2820,11713.0403,5719.1405,7109.5688,9351.9753,10884.3920,1548.3107,4639.1345,7979.1488,10501.0099,9174.1039,12658.1840,5249.2750,12100.7174,10533.0383,9853.5721,13089.0506,13279.4168,4274.9628,1006.5739,8288.1849,13227.7265,7928.2788,6060.2622,10287.0986,10578.3271,384279.0823,411731.5681,405776.1329,395464.0528,397793.6368,404128.0761,397377.3955,400908.1173,336119921.0582,336101140.3736,336147886.5793,336138631.9892,7886.9470,5429.8193,3825.6297,8142.6879,10600.5966,10179.8377,4599.6620,7223.7742,11395.2382,4806.2882,10601.0746,1745.4596,4513.6044,7571.8558,9106.6222,6148.9529,12460.0395,5772.3216,5569.7316,11926.0680,7226.3143,11932.4673,9742.3462,12824.7945,13364.0209,8324.6858,10633.3622,6628.9114,12827.6478,5517.7645,8900.5914,10236.0989,4589.6924,1624.3311,5841.2073,2044.2038,3009.8340,6901.1113,12461.1998,10859.7974,0.0000,5668.1787,4415.3102,8546.2640,13193.7494,13661.7092,1493.3182,10573.3147,6382.2570,11817.7902,12915.1235,13662.7557,9212.5535,7705.2804,4412.7426,9475.4730,2203.2009,8221.5762,10944.1648,6664.1933,10588.3743,7969.3589,8079.2593,11704.8021,12973.0736,9933.7993,6861.9918,388001.3444,415436.5860,409620.0693,399289.3760,401558.0636,408076.7829,401227.0914,404714.3543,336117305.7778,336098525.9139,336145270.9656,336136016.7515,10770.3588,4812.8376,10967.1338,5028.0053,11484.2921,10588.0489,11848.9876,12064.0100,11098.5721,4131.7736,8070.2773,7604.1142,622.4657,8094.1405,10524.1965,13285.2335,4713.8393,10429.3778,13120.7002,7561.5817,12401.2638,3551.2033,7928.7843,10004.9617,13204.8187,9175.5957,1565.9099,8061.6975,4935.8688,10362.0077,6719.8628,3848.7472,7367.4052,10771.5497,9509.8370,8612.6610,2539.3038,13552.8674,13544.2435,0.0000,6150.2001,10837.3253,7077.0350,8943.5961,11384.0290,9142.9107,4899.3631,2046.4710,8037.6372,11224.1511,11266.2832,13129.8682,6031.8744,11067.6675,9146.7419,8430.6048,12138.9824,13331.7959,2799.8014,3990.7678,6017.0267,12161.3418,7902.7968,8231.6849,11644.9080,8407.7695,385637.0797,413120.2746,407193.5197,396922.7104,399174.2133,405526.0923,398800.0931,402301.7544,336118693.1968,336099912.6582,336146658.5784,336137404.1659,7348.7436,3579.1958,11017.4343,11592.8299,1035.4147,2255.0111,7669.0506,6016.8758,11701.3196,6753.1045,4267.9615,10363.7252,12303.9548,1358.5442,11070.2882,7325.9818,754.2907,10752.3423,11101.5510,12154.6459,10871.7375,12839.6188,13543.5487,6366.6606,8208.2355,9842.3443,13576.2148,7081.6855,5058.1440,9404.2002,8135.6045,5034.6853,596.8504,4693.5186,7489.1701,10771.6832,10376.4818,7252.0258,0.0000,6122.7182,2220.6275,7339.0114,13576.6710,12542.6379,4575.8929,11070.7789,9418.6177,13757.1941,13301.0960,12546.3010,5054.4533,7367.2898,3218.9273,12314.8993,3759.0268,8877.5695,10095.8774,8934.8143,11822.9135,11856.5419,8950.6661,13727.6125,13325.5228,5672.7259,10663.4659,387582.0060,414939.1950,409128.8701,398696.8326,401109.2039,407681.4674,400727.2044,404257.3248,336118007.0718,336099227.3001,336145972.4026,336136717.9814,8786.9276,7929.2889,11759.3444,6943.8193,9086.5199,11594.7146,8258.9619,7871.5854,4692.5718,3952.7040,4351.1297,9421.7840,7372.0914,13671.5388,2656.3850,7084.6843,13324.9849,7861.9070,13161.0088,6787.1154,11144.8171,12727.7277,11121.5780,9342.6040,3330.3173,11489.6520,2503.3115,8745.4468,7989.1300,1013.0803,2895.0657,7487.4500,5767.5732,5806.2589,4696.7443,13668.1743,12407.2344,0.0000,3489.4492,7327.0857,6537.5982,12090.3076,13325.8986,5192.6817,7890.8409,2902.2930,11083.8204,13158.8458,13256.3521,11139.4682,5302.7777,7647.1934,10193.1917,4123.8218,10847.3861,12910.8911,3113.8660,7883.5890,7523.7222,10781.4089,10955.1982,11548.4208,10316.6587,8091.8785,388589.7190,416045.0992,410171.7738,399863.0257,402134.8240,408571.3626,401777.4062,405275.7698,336116226.4680,336097446.2828,336144191.7610,336134937.4346,9551.6375,12449.3325,4552.7894,2826.9114,4544.9304,8724.5169,10588.1726,9443.1088,5400.5585,10571.1978,13316.4137,2498.9758,10241.7410,7700.8645,3126.5789,10227.5493,12636.2112,12139.4584,9900.2216,11069.1616,12266.3651,7608.9327,5319.4998,10425.8339,12360.1907,7569.2654,1848.8046,7393.7675,9328.1881,7415.1984,3020.6933,7793.5136,10136.3746,11651.8645,9203.2185,5906.6962,0.0000,6407.5430,5456.4524,5723.5390,12214.3308,10646.7670,7654.6366,9649.0664,9989.5670,13525.0871,12652.1484,10609.8843,4492.8981,6417.8473,6310.1549,13329.1312,6451.5921,10411.6360,10311.0438,9173.3066,10784.1142,12990.0667,10622.9056,13542.1315,11832.9373,2281.6346,12429.6299,386260.8684,413592.0746,407745.4955,397278.5057,399764.6879,406306.9006,399338.7593,402897.9477,336119126.3423,336100346.3757,336147091.8226,336137837.2148,12869.6489,11300.7498,11382.7712,9191.7277,13067.4761,1599.3680,11253.7533,8412.1784,4946.7271,10851.1091,10263.5382,12220.9691,6121.3096,10495.3970,12405.2241,11002.5892,12544.1420,1559.0309,4695.3573,8382.1690,13581.6414,5568.0206,5930.3773,6465.1356,6398.0009,8291.0483,2737.3160,7352.6921,9737.4716,10761.6990,11768.7585,11847.0283,7245.9432,12083.4571,12048.3344,0.0000,6769.2305,11840.9423,4942.7221,7059.1693,8763.4216,11440.9633,177.1858,5869.9011,8795.9971,10694.5065,8559.4164,12199.9232,4874.8100,12321.5060,11561.7334,10237.5192,13550.8660,13350.0668,5186.8349,1958.8151,9681.8985,13734.1061,8784.0349,5902.2027,9358.7258,11726.0972,384124.4968,411554.7645,405592.4902,395251.1529,397627.6213,403966.5496,397190.7652,400737.0523,336120091.7317,336101311.0261,336148057.3151,336138802.6410,11197.2804,11206.6933,12084.5122,7431.5459,12277.1132,9153.6979,12682.0085,11716.6244,4826.4681,12232.9049,6246.2014,12879.2236,11917.1867,5483.1787,5777.6653,3146.9318,12648.8187,11126.2202,8233.5917,7458.5190,13533.5029,11637.0845,9417.9273,12840.5448,13200.3065,13456.6939,11645.0614,11251.8530,11844.1642,9491.4200,8160.8635,10052.0792,7552.8846,9684.3322,0.0000,13141.0390,10167.1271,13763.5052,9241.1786,9305.4443,9976.2677,12789.8293,11915.1040,6839.8489,5497.5639,9480.0551,10204.9252,13541.7808,9530.0789,3627.6005,11419.7752,3893.6855,4521.8070,12538.5749,12080.6901,7103.8437,4030.8686,6843.4843,10083.4689,12496.3201,5376.6985,377967.2633,405413.4821,399618.4026,389308.6585,391535.2641,398075.2721,391228.8735,394699.7355,336127384.2198,336108604.3372,336155349.3673,336146095.2109,2987.0963,8482.6584,5199.4186,11861.4591,5869.9075,4286.4147,10196.5654,11804.4144,2302.2133,11224.9204,7290.5672,1609.4654,10830.1588,10468.5981,12018.3361,11027.2873,13136.1168,13691.9146,6188.2458,8938.9261,9584.9407,13698.2009,7028.3421,5967.3831,9890.6432,7765.6773,4407.5841,1618.0903,3716.2515,6596.2451,10367.7863,10662.0041,7760.0925,0.0000,6217.3841,1402.5155,7845.9287,13742.5727,12898.9551,3619.5217,11339.4160,9187.9205,13592.6227,13291.8131,12911.9398,5565.3280,7707.2975,2404.6665,11821.6126,3110.2424,8385.6174,9998.2478,8837.8114,11956.5209,11328.7059,8411.9249,13549.7308,13531.8430,6590.1864,9973.5510,387698.1164,415066.5603,409263.8295,398846.9257,401232.5427,407807.6185,400863.9498,404384.5265,336117915.1199,336099135.3823,336145880.4079,336136626.0424,6116.2707,6566.4799,12145.0639,8292.6010,6070.8725,11500.7425,12672.5473,2443.5433,9618.5131,8817.2808,2501.6250,9385.2161,11813.9473,11257.3472,11512.6981,12488.6668,12854.3420,5266.6299,7858.2867,11154.6653,13263.8466,8621.8371,4646.9493,9621.0047,9749.0279,7004.7560,2077.4180,6210.8454,8778.6215,11935.3159,8711.7810,5189.2422,0.0000,7635.5589,3371.5889,7963.0362,13080.8611,11422.9516,6282.5958,11447.7479,10783.1280,13690.2331,12511.1311,11449.1377,2907.0504,8322.7928,4068.6678,12502.1515,5836.9633,8492.1824,8895.8235,10264.2907,12272.6505,12629.3092,8663.3579,13696.2221,12938.6404,4308.4069,11352.1480,385919.3799,413253.5239,407448.0540,396988.3306,399438.6788,406029.8618,399044.4390,402585.3059,336119769.8895,336100990.1403,336147735.2582,336138480.7822,11079.3239,10248.0833,12305.4420,9082.6516,11837.6552,13556.4192,6880.0474,7909.3560,10243.2731,7381.0866,8295.2463,13655.5433,10654.3518,10123.3616,8900.0986,9750.5625,8612.5825,4587.1736,12106.9840,10385.3379,10235.1075,4233.9712,7241.5679,11806.8200,10884.4646,7226.9956,11016.7626,12683.3750,12997.7958,6601.0425,4467.4078,0.0000,9371.3917,8911.5146,7263.7427,9898.8673,7287.2920,11023.3238,9298.1979,11832.5867,12383.3251,10529.3682,7245.2683,5270.1244,8340.2731,9466.0486,13403.1604,10213.0251,11064.0461,9320.6340,11064.6793,10436.8827,13780.5234,11416.5111,12473.1369,9646.0515,2355.1705,13615.0876,382323.9306,409637.9701,403765.7973,393278.0884,395811.4082,402331.4721,395356.0517,398934.2984,336122899.9882,336104119.8467,336150865.5781,336141610.8368,13031.5164,4295.2533,8019.4278,10953.8823,8670.4876,7202.3007,9822.8822,9790.6512,6599.3103,9082.8476,7262.6205,9250.8496,12572.0264,13746.3360,12877.8485,4497.9243,12194.2088,10277.4706,13275.5386,9576.3675,10086.4259,12596.6971,8798.8318,6112.8573,6528.7502,3022.2512,3784.1607,9773.4806,9961.3653,8688.6265,0.0000,9459.8806,3870.1807,11342.3932,13310.7149,12869.0744,3725.4505,13041.1759,10191.1515,11768.8497,11374.3433,12962.9746,7235.7223,10948.9288,2918.4865,8355.6976,5730.6912,4189.7933,7444.1299,10522.3158,12978.2620,8933.5913,3995.3288,11704.2566,13522.0502,10037.7027,6326.6745,384800.8062,412209.2241,406445.9269,396088.3494,398364.7180,404963.6422,398054.1912,401534.2683,336120981.4525,336102201.8567,336148946.5657,336139692.4271,11026.3895,9047.7250,4236.3747,9810.9673,11097.0958,12260.9574,6504.2204,11243.7514,12389.9579,10083.6421,12132.1696,1428.8614,4502.4467,7887.5249,13830.6102,6993.1184,5351.3987,5692.0350,6785.8915,9499.0656,4271.1522,7145.4343,9905.2013,11514.8619,11840.8044,11508.3541,6259.5310,12335.5949,12691.8917,0.0000,7422.8327,12257.9643,6212.9575,6481.0629,8855.4792,11541.3984,1423.0331,5468.0732,7666.1716,10144.6027,8666.7905,12889.9912,5895.8167,12629.9398,10613.9439,10568.2050,13314.3128,13278.1064,5146.1322,369.6473,8563.7475,13473.7959,7633.0413,5372.8009,10476.4994,10919.7663,383536.8839,410988.2187,405026.1892,394713.1108,397048.5559,403375.2077,396627.0853,400160.7829,336120616.6497,336101835.9217,336148582.1916,336139327.5772,6159.9756,7875.5309,7916.8789,7584.5705,12267.4523,6943.1028,6989.2646,11649.8580,5871.4999,11261.4612,10326.3679,13062.7275,13159.3545,8320.2562,11767.2683,6932.3486,12701.9791,6731.6712,10247.6054,11226.3826,5204.9208,3278.3520,7200.9532,2456.0900,1340.6401,6568.8470,12486.1521,11360.5700,0.0000,7099.9817,5323.3431,9844.4122,13086.5084,13762.5795,2378.8951,11202.8043,6847.5168,11172.4737,12401.7223,13785.4692,9898.7086,8978.7731,4999.0998,8258.0210,3919.3439,7398.8998,10503.4170,7426.8316,10956.3069,6898.1910,7189.5929,11044.8841,12998.2375,11064.2420,5386.1321,387091.9466,414543.1600,408736.8602,398429.8692,400658.4755,407179.5036,400346.8831,403820.0190,336118247.1461,336099467.3117,336146212.2770,336136958.1386,7071.8930,11729.8532,3865.5915,12979.2742,3328.3479,3756.9794,12734.8647,10386.2282,13492.1482,7895.2776,11553.9028,13293.6591,9710.4741,7255.5074,6483.8507,12501.6548,3051.7472,5489.1268,7141.6526,4724.4510,3034.0986,4210.1997,5505.7301,7336.9781,8106.8164,12516.7559,10204.1494,0.0000,2063.1983,5312.4007,4731.1945,12823.6545,12922.7135,4927.6185,8454.6682,5918.6245,12886.3146,13778.5446,12853.5299,8584.1929,4085.6234,6084.2762,12183.5202,2742.6239,10934.6225,12409.0577,5214.1595,9192.3870,10443.8480,10959.0738,12815.6379,12252.9767,7288.0229,10343.1608,389130.6730,416530.2185,410668.8616,400286.0441,402657.5280,409142.7055,402268.2968,405795.0638,336115941.1734,336097161.1082,336143906.5480,336134652.0965,8473.3276,10087.2976,13385.0153,4113.6323,10000.6325,13220.8486,7828.9942,12627.4748,3455.2406,8135.6822,10317.5508,13073.5697,8861.4684,1180.3875,8422.9839,4341.3258,9951.7189,6433.0641,3405.2210,6950.2193,10355.2175,9235.3355,8504.4422,2824.0922,13585.5402,13388.4576,0.0000,5569.9097,10507.7824,6603.9243,9268.9479,11540.8210,8835.3249,4834.1883,1522.1199,8514.3499,11536.3836,11420.5416,12888.1611,5506.8274,10781.2315,9494.9650,8001.3323,12179.6373,13406.1191,2180.4080,4146.8061,6402.9378,12201.3084,8385.1331,8528.8164,11319.5761,8612.8293,386117.3828,413595.1364,407669.9270,397391.3415,399652.9370,406010.2158,399275.8004,402780.2777,336118240.6727,336099460.1529,336146206.0603,336136951.6376,12781.7023,9762.2728,10807.2725,12443.6223,9228.0120,2320.4507,6932.3825,10166.2911,10039.3668,8337.1169,10526.9528,13349.8195,8406.3836,8135.1095,10832.2166,13641.3623,12211.8760,8977.8744,10008.7651,12550.4324,9397.0916,7111.5961,6239.8143,10881.5488,12517.4814,0.0000,11608.0051,11067.0195,12672.5878,8545.8896,10485.5465,9619.8658,10722.5619,8874.4508,4717.6714,7013.3612,10554.0582,12639.8091,12056.8134,10598.1982,1290.6952,10738.5156,7214.9639,8788.9117,9857.8993,9529.9362,2606.1695,7167.5608,4562.4482,9033.5386,13699.6438,3056.4084,380110.4253,407609.1125,401766.9058,391524.6552,393683.0490,400131.4672,393381.0956,396839.3310,336124770.0503,336105989.8950,336152735.2031,336143481.0674,11241.2073,6859.9362,704.1703,11028.5277,11698.4265,12552.3775,10232.7273,12267.1600,13326.6518,7237.2148,7076.4986,9669.5799,13255.0971,6641.8833,3810.0722,8426.2852,8106.4817,5443.1093,805.9537,5761.0121,8403.8810,10845.5422,10439.0745,7237.6031,0.0000,5519.8471,3524.5789,6278.6216,13254.0973,12178.7956,5550.2399,10334.3618,9202.9095,13810.6074,13398.1115,12157.6098,5230.0461,6468.4454,4510.0156,12856.2094,4277.3043,9790.7139,10638.6297,8540.8793,11255.0165,12238.0369,9901.9678,13789.9971,12900.7760,4738.9411,11378.8493,387711.5630,415062.6154,409234.6037,398793.0523,401230.1272,407784.2038,400831.0211,404371.8657,336117761.5670,336098981.7051,336145726.9558,336136472.4636,13653.6948,11254.4786,928.9082,10755.9373,3629.1767,12742.3969,9542.0908,6737.7367,6879.5525,10883.9032,13614.1959,8883.4111,13642.6545,10807.1637,11951.5926,13664.3134,12945.5115,11047.6471,11587.2381,11789.5770,12988.5967,1629.2287,5510.6192,0.0000,13426.8398,10588.9543,12612.6750,8095.2230,5453.7234,11982.7464,12213.5074,13696.6387,8899.4723,4926.7408,5692.5053,7422.7605,13038.1635,10356.3261,8952.1730,12630.4677,6824.0114,3154.3984,13714.8263,12203.9266,11443.6412,7270.9015,9036.3544,8904.2451,9220.6134,10548.3484,376538.6739,403906.0063,398086.5095,387669.2246,390066.3879,396624.8574,389685.4238,393213.0049,336128834.2088,336110054.2444,336156799.5810,336147545.1224,6827.3533,13477.2925,9666.8170,13705.3336,5203.2068,9955.4655,12279.8034,11768.2482,7236.2631,3665.0352,10896.4791,320.5459,7151.9905,5733.0228,2721.5464,4433.7372,7250.0418,7402.4561,8035.2400,5858.2306,13427.9658,11976.2559,0.0000,1565.6140,8034.2980,4112.0997,11459.8300,12508.9586,6827.6231,6128.2023,3021.3419,11415.0268,13279.7663,12396.2620,10879.2488,2774.1609,8606.7385,11554.5510,5121.8655,12091.3204,13449.4669,2007.2150,6632.1189,9045.4289,12116.2220,11321.1758,10702.5218,9001.9225,10005.1200,388612.1527,416046.5107,410144.9839,399806.5509,402138.9159,408553.0282,401746.2771,405268.2245,336116051.8549,336097271.5324,336144017.2640,336134762.7912,10985.4430,11274.5436,12397.6160,10375.7016,12488.7346,13417.7677,6936.8098,7607.3190,9516.2694,13349.8622,6591.0528,4456.1408,8796.5531,7855.8306,4963.7008,458.0943,5095.6060,7802.8162,10595.5113,10528.4866,7415.4130,0.0000,5552.6492,2880.9192,6654.8086,13371.4532,12393.8384,4895.0175,10555.8632,9064.1884,13704.2835,13358.9418,12381.7467,5328.6584,6717.2002,3879.4533,12512.4746,3739.4751,9376.0790,10464.6056,8490.5121,11382.8516,11895.9746,9461.7588,13675.5676,13054.0924,5313.9880,10910.9881,387777.1306,415134.5507,409313.3339,398880.3697,401300.6724,407859.5293,400910.8868,404445.3906,336117727.7220,336098947.8933,336145693.0803,336136438.6269,10140.3586,3101.1257,12819.8105,9933.1917,7105.0624,6249.9116,11186.0898,13380.0437,9150.3234,13451.2416,10907.9848,12175.6311,13341.7688,12508.2135,10777.8870,10985.0531,11108.5946,12661.7560,2207.8148,5585.1677,0.0000,13265.7779,10102.0422,12695.1228,8440.3892,6131.3681,11414.4065,12390.7438,13470.7976,8801.4732,5009.1119,6363.2208,7261.9470,13039.6822,9796.4143,8362.3654,12202.6997,5933.4195,2251.4595,13553.7699,12319.6637,10968.6979,6379.1860,8921.6228,9254.7865,9401.1307,9860.6955,376879.7409,404253.4335,398443.8701,388035.7080,390413.5005,396980.3122,390044.2201,393564.0757,336128552.3803,336109772.4679,336156517.7136,336147263.3035,8278.8390,10114.4967,11112.1151,10010.4069,10007.4791,13255.4005,7447.9116,9615.4928,9641.5720,13089.9914,12125.9874,7540.2393,8267.2021,11416.7606,7630.2156,5040.1167,5341.1356,11672.4284,12569.7565,0.0000,10444.4274,9722.9194,12093.3106,10086.0974,11801.3563,7820.2794,10883.4793,7852.7135,6660.8825,8827.0145,11855.9289,12228.1930,11320.3795,9227.4851,2993.6414,9080.2457,6894.6622,9348.6619,8915.9183,9839.2096,2173.8477,6739.6663,6494.3984,10373.5519,13397.0380,1204.3850,382264.8147,409761.6397,403932.5877,393688.7068,395841.3114,402306.2271,395547.4875,399001.4889,336122742.0785,336103962.0205,336150707.1925,336141453.1005,12704.2806,9891.6357,6429.3343,7766.9165,12664.6804,12787.9288,8331.6404,13702.1848,12723.6225,12955.7896,13018.1328,12722.4777,12271.3299,11219.1810,10491.0364,11537.6893,5186.7830,8376.8154,0.0000,13828.2599,11159.7680,13663.0617,7805.4545,6930.2628,11660.8259,12486.5483,13022.7974,6797.9366,3394.7898,7150.9134,9639.4864,13738.6347,10701.0806,5916.4546,12723.7535,5581.1952,3428.1858,13400.5084,11973.1909,9093.8628,5922.7914,6900.5625,8817.4325,11613.4172,8106.7153,376134.3947,403552.9038,397739.6562,387389.9337,389685.0394,396221.2430,389345.0069,392840.2672,336129128.7671,336110348.7904,336157094.0244,336147839.7258,5684.0995,8980.4490,13601.6428,6565.5328,4481.8832,6939.2001,5498.0506,8794.1553,3697.3028,6104.3556,8896.3257,10682.5956,11096.8453,10950.8790,5904.5498,12717.9766,12627.0538,0.0000,6152.5442,11530.2772,5160.2440,7678.5474,9716.2062,10731.5707,1449.2913,4460.8641,8620.2151,11021.0734,9535.2170,12558.4309,4661.5293,11967.4782,10998.6473,9570.8716,13301.4683,13543.7485,3909.7940,1653.2360,8696.7621,13436.6785,8568.8058,6613.9621,10037.1647,10883.0592,384888.2620,412335.8290,406380.0003,396061.1355,398400.7279,404737.5169,397980.6139,401514.4484,336119327.0633,336100546.3869,336147292.5935,336138037.9898,4245.4097,13236.0928,7282.0853,9108.5546,2687.5032,10170.8535,10108.3139,6033.5767,10576.7472,12436.1555,12610.0044,13465.8570,13218.4884,9261.2335,9669.9330,11136.2704,0.0000,10440.5944,13304.6276,8478.2066,2835.8730,4925.5911,13373.7809,4657.3631,9270.7087,6385.2827,7240.5655,4704.1802,12199.1136,8774.4581,13565.9647,10405.3934,12786.9199,12764.3175,11445.1059,9027.6705,4474.2781,9945.7936,13043.8492,6488.5670,1622.2935,10109.9624,11831.3472,379459.5500,406883.8513,400927.3287,390579.0949,392962.1331,399313.4243,392525.1542,396072.6502,336124780.2961,336105999.5795,336152745.8904,336143491.2024,11875.3910,9982.0169,11046.3810,2615.1459,12422.8886,11883.3824,9470.0713,12240.5494,13477.2520,13434.3424,13523.6448,12894.0277,10327.8223,7454.2043,10313.1022,0.0000,12700.2599,13435.1395,11368.5021,1661.3163,3207.1295,13650.2262,8318.8892,11322.0717,4414.5395,3271.8908,3210.9055,11815.8658,11596.2111,13409.8261,8241.8302,13747.7299,10669.4509,8758.8762,11438.6534,7735.9589,9349.3284,10986.0837,4618.7056,2886.0228,11236.3128,10567.2766,376370.9892,403801.7269,397888.3361,387548.2885,389891.5432,396295.9519,389488.7741,393016.6649,336128121.8283,336109341.3098,336156087.3131,336146832.7559,11336.9315,12721.6553,13003.2852,11597.2895,9147.2219,12650.4150,11596.6957,9087.6441,6625.1623,6632.2978,7964.8213,12440.8978,6586.8325,4944.6816,0.0000,11118.3909,5113.2865,11759.1043,12668.3397,10911.1981,7185.7580,13590.7842,12601.2317,12270.3260,10219.9838,11050.7476,4020.3930,11894.7872,4600.6374,9869.8391,8318.5331,4129.6301,4735.8585,12608.4921,13826.4088,11467.3917,4357.2341,12288.6036,13037.3551,8089.8947,9228.2560,382197.0920,409552.0287,403793.4279,393367.4830,395740.7843,402377.3031,395395.9138,398904.8812,336123756.5781,336104977.0165,336151721.7957,336142467.5093,9301.1070,9414.3375,7330.4085,3656.9263,3034.5822,9371.2768,9631.0221,7729.2935,11091.8216,12467.9356,10824.2521,10025.5682,8497.2070,0.0000,6586.1805,9759.1820,3414.9458,9365.4437,8484.4349,10830.3136,5717.8420,8947.8883,11879.6052,11714.0687,8320.8109,8536.0506,4700.6103,10488.8535,13633.8334,9354.1021,12979.5463,12150.3423,7883.2514,7285.4514,12762.7519,13244.3447,11923.4066,8561.9191,4497.6669,13525.3187,384771.4089,412123.8556,406199.8080,395757.7928,398256.4952,404689.2626,397791.1001,401367.9593,336119965.5086,336101185.0824,336147931.1487,336138676.3673,9306.4011,3831.6930,9963.9770,7087.9250,2337.1886,6030.2093,9885.6862,8394.5773,7633.4640,2492.5880,13810.7647,13406.3192,0.0000,5153.7070,9873.2162,6813.9805,10112.9368,12209.6565,7963.9771,5833.4493,664.0318,9071.1410,11994.9634,12106.2576,12707.8219,5604.4227,10122.7461,9421.5548,7173.6132,11824.4189,13371.6808,1950.9361,5275.4767,6222.0404,11809.3492,8930.1153,9451.1239,11393.8846,8140.8448,386823.4409,414302.5223,408391.0170,398114.2032,400364.4239,406738.1812,399997.7450,403496.2883,336117635.3069,336098854.8695,336145600.6546,336136346.2786,11088.4828,11721.7384,8144.8960,10855.8247,12756.4911,13454.1482,13380.2845,12603.7464,8727.3680,9460.5068,11645.8297,0.0000,11554.1050,13604.7528,10261.1332,1112.8069,5015.7587,13383.0909,6370.9118,9625.0667,3915.6340,5374.4103,4899.8853,12776.6233,10317.6814,13671.1727,8445.5340,13226.5425,11734.9983,10540.8110,9758.3631,5496.3147,8444.8711,11990.5357,4049.3877,1157.2710,11573.4596,10397.0173,378035.5469,405486.1997,399546.8545,389233.4042,391554.8930,397913.1693,391148.5987,394674.3005,336126235.1651,336107454.5064,336154200.6690,336144946.1000,7083.8657,5941.7839,2684.8183,4148.0504,7018.1176,7145.0881,7847.2560,5962.8570,13407.5279,11886.6863,0.0000,1392.0599,7779.8279,4215.4095,11636.7106,12621.7901,6560.4562,6406.2888,3190.8952,11549.3701,13355.8806,12514.1783,10732.2606,2907.8658,8357.1973,11561.4241,4823.1146,11962.2334,13377.5512,2264.9248,6910.6119,9088.4323,11981.2860,11454.9505,10901.6166,8937.2132,9943.7588,388734.7115,416167.6090,410270.4782,399930.1548,402262.4491,408682.9965,401871.8209,405392.9651,336115966.6885,336097186.3931,336143932.0890,336134677.6255,5893.2909,9158.1183,7947.7848,4498.0768,8924.5246,11019.5012,11432.1809,9775.9075,6919.7120,0.0000,5911.6510,6955.7727,4331.1829,11622.8715,10253.5775,8693.6565,8409.7186,9507.8675,13336.5365,12747.0250,10171.7257,6014.4887,5300.0717,7817.9850,13774.3822,7205.0723,11608.8646,11296.7912,8523.3191,9738.7334,13140.1676,11834.2144,13358.4740,11075.7991,2297.0032,13048.9080,386336.0198,413670.5766,407795.9250,397331.7178,399831.3610,406336.5791,399387.8561,402956.1682,336118831.2314,336100051.1091,336146796.7771,336137542.0950,7733.6763,9173.8975,9039.3220,11186.4774,11962.8673,8760.8009,11462.8206,10617.0789,0.0000,5726.1977,10646.8144,2793.4717,8440.9456,8929.8164,10837.1495,2898.8440,6795.8020,10567.3840,11551.9645,8733.5050,10588.2796,3432.0645,11292.1600,12755.1170,9335.2866,13447.4507,13088.3780,5733.1261,4605.5377,11200.4977,13658.2044,10576.0389,7397.2042,7139.7529,12628.2873,385141.4275,412535.6199,406587.6621,396198.5332,398635.1071,405013.5798,398182.3021,401744.4214,336119291.3388,336100510.7524,336147256.9559,336138002.2229,3831.0088,8249.4838,6502.2271,6181.5398,3817.1845,13735.2441,12747.6666,0.0000,3907.0638,8100.6863,6607.2325,11521.4164,13029.2361,5978.8687,7296.9933,1957.4470,10441.8888,12797.9476,12950.9033,11649.3624,5334.3933,8383.4161,9837.3764,5055.3385,11074.4513,13031.4745,2472.3995,7131.7605,6944.7303,11017.9653,10306.3294,10951.5824,10695.7973,7915.8956,388106.5546,415571.1473,409687.0055,399390.5227,401651.5098,408068.8169,401293.2306,404790.2081,336116600.3316,336097820.0729,336144565.6351,336135311.3018,5327.2608,3257.1374,4564.6752,6888.1375,12802.3151,10957.4788,0.0000,4174.4094,4720.2789,7254.0851,13152.4657,13625.7028,2583.6068,9727.3269,5643.6295,12201.3972,13403.4484,13597.4969,9279.7504,6362.8587,5051.0957,10472.3791,1375.5377,9420.7642,11757.6301,5649.3328,9940.2762,8664.3720,9331.9832,12094.8924,12781.5198,9289.4140,8074.9360,388777.1182,416205.6511,410370.8011,400028.6388,402324.8771,408825.4105,401975.5445,405474.5323,336116410.4063,336097630.4580,336144375.6536,336135121.3660,5220.7536,7956.7033,10908.1726,10289.7159,7083.6083,0.0000,5984.4940,2783.2660,6960.6015,13439.8116,12336.2299,5077.4159,10823.2776,9446.3221,13805.5655,13309.7680,12331.6064,4937.4321,7079.1660,3768.7239,12573.1338,4087.9487,9226.1168,10238.1722,8885.6935,11652.1527,12092.5879,9321.8253,13782.1934,13154.8679,5165.4469,11022.3755,387550.4931,414902.9439,409086.2642,398647.6008,401073.5494,407640.7333,400683.6351,404219.0465,336118004.3933,336099224.5902,336145969.7502,336136715.2961,3028.7854,8446.0313,11543.8286,9755.2880,0.0000,7029.0415,2989.0130,9508.2301,13594.4711,13560.7856,711.9881,11751.4356,8175.9273,12271.5511,12687.2667,13596.5948,7969.6199,8904.5084,2648.9981,9490.4692,2914.0719,6887.1748,9750.2402,8393.7310,11829.5064,8801.3186,6734.9029,12180.6210,13522.8836,9557.3533,6990.3680,387248.7450,414665.5243,408874.7457,398522.9631,400806.8222,407367.7910,400481.5401,403968.8294,336118309.6375,336099529.9192,336146274.7977,336137020.6068,6853.7500,12151.3285,11356.0935,0.0000,8247.4560,5807.6377,10787.7915,12951.8791,13628.9241,3242.0311,11785.3692,7644.9858,10730.1467,11838.6975,13674.3631,10045.0293,9977.1012,5277.2399,7333.9161,5090.7768,6474.0097,9821.2857,8335.5510,11405.2244,6414.1770,6218.8146,10602.0102,12992.3560,11611.8690,4360.4792,386089.7839,413545.9797,407750.5303,397452.4999,399661.9319,406192.8249,399362.2033,402827.5162,336119315.5480,336100535.7549,336147280.6435,336138026.5498,13470.0172,13652.9674,0.0000,7188.8595,10319.8487,8807.4214,9566.9343,11992.8533,8178.6627,7114.2067,3090.6619,7510.5739,10830.7287,11927.4579,13132.5063,7731.0107,10329.9118,7369.7663,8079.0040,10755.4181,12518.0583,4369.5279,6050.7379,3855.4929,10703.3510,7334.1200,9168.7971,12514.0966,6214.9388,385228.8061,412727.5806,406831.1840,396583.3011,398782.8052,405163.0241,398441.6362,401921.9582,336119282.9864,336100502.5960,336147248.2595,336137993.9818,4152.6953,0.0000,13033.8138,10155.7384,11999.7570,8653.7097,5524.3757,11904.5439,12099.5080,13817.9718,9969.6894,6221.8166,5732.7755,6330.7123,12564.6165,10042.9732,10160.5168,12348.4340,7478.0469,3945.6198,13681.2792,12327.2638,12329.4275,7931.1390,10104.2467,9291.7114,7995.5962,11443.1233,377284.5864,404630.5334,398809.0248,388364.5127,390802.8359,397370.4723,390405.5520,393946.0089,336128151.3067,336109371.3564,336156116.7226,336146862.2022,0.0000,11145.4199,7514.8010,10269.2006,11053.7042,8156.9294,10043.6161,12105.6177,13220.6621,12402.9053,9643.0832,8262.4847,2506.6651,10954.9840,7662.5932,11990.1612,10133.9529,7932.9196,5918.8832,12821.4047,12775.5828,13361.4893,8314.9895,12488.9943,11278.9418,4925.0256,12182.8554,380921.1638,408235.7400,402427.5747,391945.0356,394431.1869,401030.8225,394021.9733,397574.4039,336124764.4000,336105984.5875,336152729.8296,336143475.2760,0.0000,0.0000,0.0000,0.0000,0.0000,0.0000,0.0000,0.0000,0.0000,0.0000,0.0000,0.0000,0.0000,0.0000,0.0000,0.0000,0.0000,0.0000,0.0000,0.0000,0.0000,0.0000,0.0000,0.0000,0.0000,0.0000,0.0000,0.0000,0.0000,0.0000,0.0000,0.0000,0.0000,0.0000,0.0000,0.0000,0.0000,0.0000,7150.3556,3482.5089,11993.4125,12547.0260,6447.6401,6810.6102,4530.3760,12241.9500,13614.8895,12441.5224,9877.3253,2411.3464,7854.8084,12224.6220,4447.2488,11963.6508,13207.4168,3523.9441,7592.2084,10070.6808,12008.2137,12166.6614,11264.4526,7882.8365,10637.7133,388952.5088,416365.8189,410474.5780,400108.4283,402474.4307,408914.0992,402073.8676,405604.2838,336115851.9431,336097071.6992,336143817.3677,336134562.8655,8827.2138,13620.0578,12764.4281,3160.9653,11863.7981,9553.9359,13163.4960,12713.9735,12804.0949,5376.1383,8642.9460,1010.8329,10978.3713,3591.1325,7144.1876,9042.8801,9383.6794,12315.2184,10808.8455,7144.6241,13119.2173,13535.0809,7253.6172,9108.0500,386872.2273,414246.4865,408458.1317,398050.8579,400413.9107,407003.0729,400060.0721,403571.1753,336118829.0228,336100049.3478,336146794.2640,336137539.9567,10549.3111,10686.0138,9069.2448,5063.0030,6317.6928,12029.5858,12903.3336,10533.2397,9595.2295,1387.7455,9604.9121,13195.7562,7235.8721,13001.6886,13200.6130,5068.0401,6502.1031,11488.8616,13162.3109,12009.6598,9655.4762,6256.4144,12405.6826,387297.1890,414682.8956,408761.2341,398359.8599,400796.9590,407213.9750,400355.9701,403913.5473,336117362.3239,336098581.9141,336145327.8861,336136073.2108,4000.6066,13636.4998,6986.2085,10395.5265,4362.8127,4751.0257,3895.8423,12366.3266,10727.1346,13678.6468,8698.2669,13521.0683,11544.2907,9993.2659,10467.5700,6324.6978,9108.4319,11832.5880,4532.3567,1294.7154,11263.3072,10776.5694,377357.8976,404796.3853,398862.8798,388533.1038,390874.4232,397247.9209,390463.3421,393994.1322,336126981.3882,336108200.7645,336154946.9041,336145692.3148,13697.3588,8764.3330,12322.2046,7334.6824,4792.8016,269.0053,10012.5273,11267.5501,12865.3480,10236.3026,13590.9299,10816.6465,8168.2327,12126.0704,8832.8583,11459.0339,11206.5410,7518.9119,4526.6342,9167.6885,12135.4936,376663.7568,404046.7175,398142.0337,387739.9393,390167.9825,396611.2373,389737.4108,393289.6654,336128037.8104,336109257.3796,336156003.3661,336146748.7019,11426.1296,7708.5427,12387.1807,12973.7158,13719.4451,8231.7400,8411.7387,3037.0471,9798.3818,2280.1295,7511.7198,10274.7225,7885.4510,11541.3129,8842.3378,7370.8370,12291.8293,13498.3395,9492.3734,7267.3794,387747.7194,415166.3945,409367.7837,399017.2175,401303.9127,407854.3102,400974.1427,404463.7038,336117746.7163,336098966.9604,336145711.8916,336136457.6837,5790.2072,8664.0610,10624.3894,8561.9899,12259.7924,4959.0398,12332.5308,11443.4051,10246.8357,13506.5981,13327.5955,5142.2290,1782.5308,9542.8181,13687.0448,8649.7270,5832.4226,9469.2576,11618.5305,384069.7247,411502.3650,405540.2947,395202.0931,397573.8799,403911.6770,397138.8626,400683.6831,336120140.4969,336101359.7898,336148106.0751,336138851.4083,9544.5825,12293.9373,12215.3925,12442.1458,5064.6694,9858.3864,9846.7694,6756.4781,11913.1559,13453.7431,1368.0264,5435.8934,6746.7736,11902.1922,9411.5456,9702.5570,11022.8004,8477.2730,387262.3019,414734.5087,408823.9441,398537.4033,400800.9165,407180.2085,400429.7543,403932.2048,336117223.5831,336098443.1620,336145188.9413,336135934.5491,4572.5561,7350.4776,13248.4744,11736.5905,12960.6284,5027.6088,12837.0877,9845.8759,9525.8787,10172.1276,7364.5147,5635.2945,10003.6459,224.0542,5014.0069,13208.5611,7498.1186,377798.4210,405284.1977,399384.4616,389119.8784,391345.8357,397732.5322,390992.9329,394482.3202,336126660.2906,336107879.8133,336154625.6255,336145371.2713,4968.0519,11137.4751,13024.1221,12457.1030,6441.9557,13594.7263,8371.1878,6342.1795,12615.6804,9962.7823,8815.4960,8689.5554,4753.3033,5929.5165,11837.8355,9114.9808,375532.6047,402966.0363,397100.5085,386765.9029,389071.1116,395534.5308,388703.9929,392211.7700,336129288.8496,336110508.5766,336157254.2125,336147999.7985,10089.8845,11122.4218,12922.5902,10335.9420,13571.9699,10978.9394,8382.6676,12002.1225,8649.4355,11471.7294,11365.5812,7532.9334,4360.4283,9124.8387,12208.5073,376796.3942,404179.6396,398271.3297,387869.5602,390299.4493,396737.8532,389866.5610,393420.0149,336127880.0528,336109099.6036,336155845.6166,336146590.9432,10139.0817,5630.5481,12218.6760,8272.0622,7678.5892,6942.9216,12018.4942,12989.1125,13157.6251,7966.0439,13295.3703,12453.7355,4502.9986,11730.2801,383233.2273,410551.5613,404756.3161,394279.1585,396749.3726,403362.0588,396351.9980,399897.1443,336122563.7968,336103784.0800,336150529.1781,336141274.6813,9371.3675,12675.1613,6558.6909,12816.5454,13390.7264,3778.9081,6149.2274,10653.4022,12934.8859,11691.4025,9840.4176,7252.4357,11668.0361,387814.7937,415218.5450,409299.2430,398920.7505,401322.8048,407732.4736,400896.0564,404442.4985,336116807.0806,336098026.6756,336144772.5994,336135517.9836,10439.4068,4085.8079,6350.1989,8551.8741,9818.4385,12659.7755,10481.6555,6315.0997,12912.6845,13678.3581,7966.1779,8519.2615,386397.1897,413777.3536,407999.3203,397601.3978,399944.7685,406542.8661,399602.8186,403106.0424,336119364.2998,336100584.6694,336147329.5034,336138075.2434,11067.9442,6345.6003,7810.1843,10753.7820,10348.1632,3838.1347,6315.2777,4917.6791,9328.8416,13629.6512,3276.0179,379325.3937,406814.8064,400986.7248,390732.9789,392899.2172,399371.1695,392600.6218,396058.7833,336125677.7386,336106897.6582,336153642.8774,336144388.7534,9215.7192,11411.1191,6584.2325,10631.6604,9643.9046,9152.0819,12749.0883,13178.8044,8459.9078,8771.8822,388820.2332,416229.7576,410405.1343,400038.6767,402363.8726,408888.3260,402008.2777,405514.2994,336116502.9123,336097723.0365,336144468.1715,336135213.8600,3967.7078,12349.5749,13200.2879,8666.6089,454.6356,9831.6962,12132.2669,10889.6359,6004.3168,380615.6495,408026.5777,402264.9705,391912.2051,394180.9700,400781.4712,393873.7921,397351.3934,336125127.9685,336106348.3255,336153093.0887,336143838.9452,13649.4898,13193.8820,10580.3723,4409.5495,9602.1196,10763.8384,9935.3812,8825.1890,377849.7442,405229.1243,399448.3333,389051.2220,391395.7092,397993.3526,391051.6571,394556.0617,336127800.2293,336109020.4760,336155765.4734,336146511.1700,5207.0722,7894.9585,12372.4356,10062.1405,9672.7278,10182.7550,9476.4724,387653.0666,415109.5777,409192.0331,398883.6439,401182.9747,407563.2229,400795.3692,404310.0401,336116825.9339,336098045.4925,336144791.3413,336135536.8832,8282.1114,13355.2604,7326.7794,5243.8123,10683.6014,10697.8273,383353.4471,410809.0005,404848.1963,394540.8089,396867.2458,403192.9570,396449.6781,399980.4068,336120795.5395,336102014.8128,336148761.0703,336139506.4711,8578.8036,5434.3069,9240.1755,13634.2864,3366.0561,382330.9071,409839.9327,403977.9918,393748.2028,395900.8219,402317.5110,395592.2958,399052.1680,336122395.5116,336103615.2659,336150360.6850,336141106.5302,9980.2599,12409.0146,11178.5817,5797.9906,380849.1420,408263.8460,402505.4664,392158.3806,394417.0701,401018.9150,394115.0761,397588.9860,336124913.3980,336106133.7718,336152878.5011,336143624.3797,5144.5029,13262.0981,7350.8519,377954.2026,405442.0549,399542.7604,389281.1008,391502.5970,397888.4352,391151.5551,394639.4832,336126504.1527,336107723.6775,336154469.4817,336145215.1354,10916.2914,11112.2072,378340.6724,405777.5590,399831.4792,389499.6880,391852.0704,398209.8758,391431.2191,394967.5561,336125924.7295,336107144.0485,336153890.2764,336144635.6501,13269.5081,384503.2311,411819.8276,405960.0776,395475.2608,397996.2636,404530.1039,397551.2259,401123.4233,336120822.5330,336102042.4833,336148788.0803,336139533.3884,382407.9609,409896.2366,404084.8749,393831.0904,395987.1648,402478.9320,395699.9366,399151.8249,336122759.4217,336103979.4679,336150724.5067,336141470.4440,28020.3179,22794.1510,17434.9752,13812.6296,22327.7786,15399.9095,17267.4499,336501657.4897,336482873.0192,336529623.9852,336520368.4379,8581.3310,18581.6940,14593.5196,15290.6555,15665.7809,12044.5840,336529195.6154,336510411.0141,336557162.3173,336547906.4981,12868.1352,9307.9361,8728.5849,8430.3241,5762.9928,336522578.0752,336503793.0032,336550544.9645,336541288.9347,11253.6594,17946.6420,7201.6694,11520.8846,336512618.2753,336493833.5221,336540585.2978,336531329.0511,11116.1643,5354.2855,3682.1831,336514956.0904,336496171.3538,336542922.7457,336533667.0049,11253.6594,8491.5212,336520066.9252,336501281.3502,336548033.7830,336538777.8485,5141.0435,336514246.4497,336495461.4671,336542213.3348,336532957.3016,336517860.5935,336499075.6761,336545827.3393,336536571.4920,34906.1142,31633.9401,19196.2632,62027.1449,47407.0079,20744.6730,
75600.000,10256.2095,10559.6811,11596.7323,12214.6298,5810.7574,13229.1896,6769.7362,5711.1069,7305.8485,13771.1879,13051.4771,8851.7173,6506.7448,8532.5410,11870.9945,6901.0856,9313.0173,4047.1945,12468.8727,12880.6283,3658.6651,8414.9818,6989.0847,12369.0015,12842.6048,8684.4902,5216.5494,9767.3265,8632.1321,6808.7768,9364.3219,12636.8810,11561.3174,8201.1425,8915.0365,7460.6998,11613.0010,13122.2870,7866.1446,7920.1967,2080.6925,7233.4939,13290.2454,12913.6436,11064.4405,13310.0839,11700.3091,8283.3252,4459.4704,12396.1708,7621.4216,3626.2354,11390.9230,8076.6862,8991.4850,12753.0741,11942.8447,9991.8624,3922.8454,13058.5742,10160.4573,7032.5576,4330.0748,11316.0953,8711.3525,7081.0466,8126.0993,7272.8463,9206.8509,13557.6114,3503.0392,5018.8330,0.0000,11413.3908,9031.0121,10657.7933,8983.1248,6263.1659,7246.4771,12369.4595,13039.6088,11772.9511,12463.5334,10998.1534,7757.6786,11664.1795,8545.4899,13238.9468,11365.3535,12455.7453,11341.8823,12747.3100,11283.9775,12637.6715,7049.4840,11884.1042,8942.1057,4203.1872,10533.7165,380305.0035,408887.6029,399686.3018,389871.9120,397863.6592,398707.5334,395922.5649,394827.7217,336114799.5988,336096512.8310,336141534.9585,336127824.9758,13236.0872,4282.7998,12869.4549,13010.7067,6913.3681,12197.2739,8713.4268,8016.4839,8247.9517,8947.8254,13706.6923,4884.4328,12200.6369,12971.2520,11488.6722,11957.8856,8575.0048,9037.6880,4710.8678,9447.0950,10698.4252,5682.6246,11872.4369,12295.2287,2527.2878,12495.0109,8343.3666,11099.7411,6532.7757,4001.8514,4901.2305,2033.8188,5852.7924,3252.2177,3899.4341,5595.6435,11701.2768,7673.0688,4886.6973,8900.2580,10748.9537,7224.1552,5612.1985,2254.3875,6125.2081,10977.3432,2896.1011,12494.8287,4649.5970,6565.8954,12021.0858,9861.6189,13239.4824,4944.2076,8868.5524,11144.0515,11572.7021,8083.5993,5201.7050,11382.6412,4208.5585,7005.8325,6209.6405,2997.1823,6650.9859,4851.9185,9039.6344,7813.5450,8193.2217,12212.0920,8672.4414,0.0000,3052.5557,8962.5815,5332.4882,13506.6794,12969.3623,8307.6923,6148.8072,5122.6089,13164.7112,12159.4468,11925.0006,12380.3873,5275.0822,9886.9695,11754.3509,1870.2711,11269.9446,13089.7577,4620.8283,4832.2197,9172.4162,11627.4476,13091.7562,11874.7748,6956.5631,9099.1583,377607.4498,406045.9677,396850.3876,386880.8136,395095.0453,396053.8212,393120.2942,391996.1445,336117875.0508,336099588.4761,336144610.5089,336130900.3384,11415.1666,4801.8371,7424.0684,10021.4066,9321.6266,9943.6513,9862.9327,9388.7321,10587.9047,3419.6857,13406.4600,4335.1967,2459.3862,10292.8357,9509.2431,10746.0341,11220.7805,12017.1022,10060.8899,6669.7517,11689.4447,3810.1574,4806.2057,13611.2282,6434.2963,12636.8352,5943.8655,11366.6454,11860.3631,12134.2145,12922.9928,13633.6840,13836.6168,12738.5833,10689.3146,6580.5471,13111.3740,13657.8022,11280.7228,11074.2975,9767.7380,12148.0802,12497.4449,11167.0580,9752.8862,13629.2038,8088.3746,11405.2115,13393.8474,8248.0557,10932.6919,7190.4112,11622.3885,7896.4674,4792.9310,9958.2565,11291.8126,11846.9177,4774.6001,13406.7365,12766.5488,10150.2321,13739.8180,13335.0864,13762.7947,12340.2984,13031.2152,10342.3342,8435.3206,12553.9882,0.0000,12200.3141,12099.3229,10979.2843,2314.3984,5365.2797,12810.4758,10291.8136,11736.5133,4701.6827,3571.2294,3504.9052,9121.3723,10824.5568,11629.2888,6465.6958,13170.4098,8267.8441,5471.9570,11695.5556,11190.2492,10961.1239,10222.7066,4849.7013,4585.5454,12471.9693,11995.2122,387616.8620,416110.2495,407042.8478,397095.2635,405198.3717,406192.5694,403187.3214,402117.4544,336108579.5248,336090293.3954,336135314.5570,336121604.8447,11707.6431,13544.2052,3663.5196,13534.5527,8277.2385,6852.9391,5923.1377,9270.6399,12915.4648,8071.2393,10323.1794,11111.2324,13231.3416,13201.8020,9121.7613,10095.4614,4217.4281,9751.5117,8597.9927,6106.9294,9189.9872,10550.7500,6475.0769,12089.4351,10987.6341,8946.0996,6564.8327,3346.1758,5401.0872,3672.6069,9448.4695,7280.3129,5934.3606,1504.2586,10463.6098,10833.4670,8628.7137,10338.6687,12832.0102,3993.8450,6176.2308,2100.9938,4952.0502,11785.8725,6628.8322,13203.5338,1571.7265,9994.3384,12743.3345,11259.4470,13732.6117,4058.4430,5187.3536,8060.7428,12891.1521,9051.5413,4652.1425,8719.1107,7395.9248,9616.8884,2349.4442,7003.1656,10047.0980,8636.3208,11772.0575,10780.0556,7566.4812,12920.6034,11472.4855,0.0000,1327.1477,11451.1314,2272.8988,12224.9190,12354.5553,11302.1844,2084.6045,4179.3446,12210.5131,9721.3232,9234.6190,13601.3883,1096.8944,12163.5311,10386.9959,4394.4753,11143.4143,12531.4903,2881.7223,1073.6763,10014.0894,13325.7147,12134.1351,9756.3579,9159.9991,11236.1104,378652.4565,407058.9752,397949.7525,387924.1221,396167.2848,397203.0120,394153.6112,393051.2619,336117434.5698,336099148.3216,336144169.8283,336130459.8399,8399.8157,9500.9604,8544.6850,12663.5664,12489.6304,7775.1041,7056.5409,5451.3500,13717.9136,8622.9719,2791.4068,9159.5439,7092.7801,13039.8735,7705.3300,10555.2263,12619.8082,10359.9320,13342.8105,5149.3941,2032.6826,13309.7359,9629.9657,10289.5161,9796.4619,13341.8545,12931.7622,10238.5679,12086.8506,12513.8389,13145.4528,13582.7887,11490.0130,2560.0811,11720.4850,12917.7044,12987.1989,9658.4174,9219.8483,9930.6985,12455.3955,9416.1552,5968.5248,13554.3873,9411.8470,11110.9134,12338.3893,9819.1620,7531.7009,6533.4933,13069.4110,8663.5447,7049.4550,7102.3910,13289.2915,10194.1664,8490.9738,13737.2066,13470.4505,11302.0258,13234.1416,12505.4210,12960.3325,10970.8140,11042.2179,7442.8769,10156.7209,12266.3625,0.0000,12239.6781,9912.1940,12187.2601,6093.0279,8657.7297,11572.5474,10633.6418,10284.0123,978.2731,4213.7110,7031.3184,7820.7859,11440.2565,9572.5712,2614.3359,12197.3023,4003.3539,2005.3632,10799.0084,11926.2572,7367.8332,9043.1322,809.1397,8762.1047,13558.8514,9161.0227,389696.7882,418163.4237,409032.2878,399070.9876,407232.7386,408208.6300,405239.1036,404142.1970,336106199.8186,336087913.5493,336132935.0162,336119225.1168,13616.8948,3371.0814,9464.6628,10562.4870,13154.8252,11562.8224,4375.4196,10695.4229,7789.3889,8538.4606,4668.8867,5919.0941,8756.9641,11016.9586,13726.7510,8002.0408,9431.5914,11122.8804,10336.8103,9729.8225,11970.5256,4482.1334,9593.3057,9136.2822,10935.0665,12585.5044,13258.0501,13533.8122,10419.9547,11843.3049,11561.0520,13418.7529,10130.7744,9143.0105,10763.4825,7607.1526,5877.8832,13524.1850,13223.4235,13499.5379,13508.4012,8944.9817,11861.6234,1425.5726,13803.4015,9745.6564,2277.6119,9503.7832,2862.7507,12366.2427,12730.3637,10872.8419,6971.7374,8945.4787,13661.2681,9739.0024,11141.7289,9047.5703,13076.8040,11834.4015,9511.6260,10912.6071,7703.7631,9692.7893,12562.1060,2561.8736,7487.5859,0.0000,13657.4011,8539.6013,13076.5707,5589.0725,4197.4228,8391.5281,13545.5685,13737.2480,7632.6448,10017.0914,9660.4030,3968.4293,13446.0780,7506.8136,10286.7791,13378.5011,9436.0740,7010.1268,13851.2696,13418.9645,11069.8638,4625.7405,7802.6034,8475.5346,9236.1962,9510.4508,386100.3800,414678.9935,405485.3873,395663.4944,403661.2919,404511.6942,401716.2593,400623.1391,336109111.6059,336090824.9294,336135846.9107,336122136.9776,13549.1190,10448.7051,9089.3770,2556.1683,7448.0536,12036.1779,10684.3859,10249.4346,9051.5621,13397.8782,12564.0530,11413.6656,8792.1730,3740.2043,11758.6196,9298.8868,9093.9195,7001.7905,7990.0983,8998.5542,12627.2148,11197.4126,9346.8758,9407.3199,6740.1144,4904.6312,5450.4436,10962.8634,9428.6136,9036.1246,3668.2298,7843.1294,11876.5408,10533.4464,12449.3188,13116.8090,381.0484,5343.6898,5180.4607,3116.1950,10389.2895,9308.4761,13656.1614,2548.3107,11436.0947,13407.2045,10285.4373,13162.3896,7282.3420,3152.5456,6421.1612,12135.8534,11475.5108,3729.3117,8278.1723,10143.3600,11952.5545,4074.0412,9319.4349,11621.6128,10518.4847,12533.4572,11367.6819,5221.6063,13651.0469,12936.7805,0.0000,4532.6968,11653.5264,5187.3991,11422.7563,12508.2964,12318.2626,2140.2946,3272.9113,10214.1638,7407.8362,8071.1638,13332.7530,3447.2777,12293.8253,7701.3143,6099.6509,9107.3766,10739.2342,2757.4029,4221.7973,8542.9420,13437.9918,10093.6328,9672.3946,11654.6262,10918.8195,381939.6375,410319.5949,401228.7260,391172.4945,399449.7985,400514.3324,397424.2474,396322.5815,336114382.5252,336096096.4064,336141117.7335,336127407.7778,10988.7307,11949.9164,12802.0025,9880.1844,6578.3011,9973.0576,10287.5078,9636.3614,1458.1415,3198.3208,9971.5263,8903.4972,12807.4100,9553.3746,11564.4438,11695.1681,11505.1637,10037.5431,10937.0242,7428.1087,6855.5444,11349.1449,11770.9602,12831.5205,12017.3132,12629.7570,8456.4031,10466.8856,11443.1068,13768.8443,9732.8766,6744.3010,9165.6148,8342.2852,2782.2557,13487.9697,11842.6227,13103.8374,12670.6957,6803.1517,10965.8895,3878.6234,13555.8291,7719.3481,4480.4391,7037.5221,2779.2188,12863.0034,13418.0058,12261.1895,4247.8316,9859.3772,12698.1023,11736.1463,10488.8196,8617.6113,13642.4115,10606.7055,7629.8023,9274.8806,5058.4244,7066.9757,11408.7019,4840.1405,5868.8535,0.0000,13387.8998,5690.7806,13563.7479,8066.4736,7265.3839,5968.6199,13762.4777,12901.4379,7829.7192,11050.7161,11494.4852,1126.2441,13686.0077,4479.4558,9980.6171,12310.7863,8101.8640,6854.9119,13279.9689,13658.3524,9065.2170,1347.3065,7926.0936,10826.7126,9213.6968,6760.3003,386339.7090,414906.6548,405654.3804,395836.1601,403864.8118,404687.3773,401939.2656,400824.2692,336108559.8217,336090272.9752,336135295.2813,336121585.1839,1852.1198,11868.5084,13521.8330,10117.8866,7018.1615,6433.1253,11357.3177,11189.6771,12648.5695,2051.5598,13639.9559,11235.5081,2192.6243,4490.0037,3448.9614,10460.8969,12394.4696,8364.3541,6270.3637,12378.9925,5145.3863,2628.9593,5732.1892,11659.9212,9893.3062,10225.7171,9270.4978,5564.0037,7764.1662,13105.8850,10883.6172,9357.5010,4439.3123,11375.2324,10547.7631,12212.3081,8438.7464,11715.5701,13655.8063,7891.8244,8486.7877,9527.1181,10131.0969,7670.2919,13436.1450,11338.7266,4893.0970,9434.5114,9122.0669,13058.3196,2810.2581,11538.8959,6988.6839,6917.0360,6367.8731,7223.4566,8835.5888,9704.6187,9533.6866,10986.8935,11871.7152,12960.0133,7583.4058,9091.1390,0.0000,8503.3339,12069.5512,6489.1439,9179.2302,7248.4602,10697.8618,8906.7409,11281.3453,12594.9742,10997.4969,8493.0825,11651.8876,7990.1611,12032.7935,13082.5987,10070.3797,13523.5215,12692.7789,10458.5986,7529.0849,13669.2830,11311.8666,12673.8036,6316.7797,5274.3163,12985.6774,377965.1494,406492.0065,397388.2630,387486.5082,395544.9914,396494.2079,393554.7205,392479.8555,336117814.6740,336099528.2710,336144549.8439,336130840.0193,10751.3828,13078.7606,10618.0597,7420.7297,6469.2888,11061.2444,12106.7380,13222.4910,3674.7440,13411.8200,10206.1354,3990.5017,4032.8524,3100.8379,9716.1158,11930.3397,8206.1254,7392.6470,12678.9658,4768.8298,2324.9432,4534.4669,10828.5537,8989.1391,10567.8447,9217.7922,5360.5702,6170.1950,12660.5382,11433.5294,9630.9288,5974.0595,12211.1782,9202.4796,11440.9992,7313.7382,10671.9899,13716.2859,7802.5290,9743.9197,8176.8534,10617.4929,8995.8702,13504.0305,12120.4260,3614.9637,8039.2257,8155.9039,13507.5759,4211.7289,10531.7632,6298.7754,7125.9584,7334.7342,5572.0995,8764.1215,10272.0613,9781.4790,11713.2790,12231.0235,12196.5392,8963.5687,10093.1788,0.0000,7246.6061,12514.7565,4873.2390,9525.0913,8166.1746,11381.9605,7385.9347,10208.1510,12563.8062,10360.5299,7847.9221,12484.7233,6444.5435,12621.8503,12600.2534,9293.4618,13343.7393,12795.5401,9254.3773,5995.3547,13397.9236,12220.3671,12617.9349,6116.4631,6267.2889,13196.7714,377785.8418,406285.0619,397201.9800,387265.2620,395361.9847,396345.2348,393357.9623,392283.9613,336118183.4641,336099897.1628,336144918.6022,336131208.7927,5581.5335,11302.2055,11715.6886,10683.6557,7872.8615,12678.0086,11315.1840,12649.0054,7174.9277,4219.7761,12859.2288,10386.8946,10793.5383,6355.3354,6264.6685,10034.2025,12872.1570,10450.3767,10262.0411,11108.0824,8753.6994,4774.3035,6620.4552,11142.6094,10170.9501,10573.4725,6061.0586,5734.8673,11678.1030,11019.1366,13336.5967,12427.2790,2305.5739,4804.5266,7011.9344,2766.4822,8649.7241,10434.5514,13446.2465,4651.7663,11540.7482,13365.7212,8794.9628,12184.0049,9303.3758,4245.1971,6588.1701,10779.2848,12701.8624,3860.8615,8916.0450,11296.2460,12800.5140,6371.5785,10185.4981,11817.3620,10988.5337,12134.7749,10871.6250,3256.2562,13662.2218,13061.6180,0.0000,6535.3931,10888.2113,7458.9785,10983.8887,12535.8682,12093.9197,4607.9893,3713.4055,8579.7712,6436.2866,8210.2223,12385.4869,5836.4602,11472.6140,5599.8098,7074.7158,7079.9448,9107.7215,4131.2454,6555.2561,6827.8837,12683.0361,8419.7635,10229.0126,12689.9506,9828.5999,384321.7788,412700.7609,403591.7593,393539.1085,401822.3718,402875.7093,399803.3736,398695.5334,336111925.0576,336093638.9106,336138660.2958,336124950.3072,10916.4668,11155.4106,12684.4118,8877.1948,9390.9880,7446.8701,13481.0462,1784.5444,5897.2909,13655.2204,13042.2498,12354.7448,9231.7495,6938.3435,9627.5642,13172.0350,6246.4417,12866.9831,12828.6473,11085.2420,4852.8653,7672.5936,8674.1467,9071.6286,11407.4481,9968.8644,5091.6712,8454.9405,9232.7427,13123.6136,8870.9753,7365.6977,4143.6834,9132.4976,5067.5790,3960.5276,10167.9822,12065.5649,8145.3004,8912.9501,12233.8374,3738.0753,9817.4928,11738.5135,9125.7341,10226.6362,6523.2776,13289.1517,5423.0638,11955.1967,11040.4696,11966.3810,10352.0937,9363.5350,9383.8157,9159.7360,8694.0415,7081.9909,2482.3841,12614.9481,10679.1871,0.0000,9154.6985,6764.6840,10864.1488,11546.9227,12794.4906,8882.1760,8993.6866,5847.2257,7507.6299,8771.7581,11129.3681,9203.3918,9656.9818,7414.0718,5306.1955,7541.2012,3630.3662,7302.2469,7025.3879,10056.6659,1354.4624,9368.9729,7317.7517,12581.6805,12382.9044,5124.4107,386376.3926,414794.5404,405579.3362,395595.2180,403843.5615,404801.3742,401872.3939,400737.7752,336109152.3053,336090865.7876,336135887.7716,336122177.5742,12802.3934,5623.4963,4745.2453,7798.5997,7400.6399,10295.3669,11010.0118,13177.5030,9486.3684,8061.3844,12008.0514,6897.7992,6561.5062,13460.6194,5004.7612,11419.7829,7461.0550,11719.8613,12781.6022,12971.0558,13710.0105,12658.5469,13495.5063,12826.3133,12455.1914,7677.7756,11696.7639,12886.1025,10120.9822,8835.7904,11837.5401,12909.9612,13516.4942,12525.5557,8912.5116,13440.6640,5336.5569,12978.5349,12210.6105,5763.0583,10065.3038,4242.8385,12545.7701,10464.3004,7827.2671,8165.5809,10735.7835,13018.6647,7188.0187,13007.8627,11686.8214,11993.9754,13454.4261,12100.6185,13008.9548,10544.6468,11788.4363,11393.4708,5975.8038,10767.3738,0.0000,13416.8850,10611.4284,12487.6462,1932.6200,3798.7901,11187.4143,12246.2376,13014.8617,4764.4721,6483.7787,6485.8037,6470.6715,12538.5197,9827.3953,7720.2837,13770.9746,8205.0590,4784.8869,13111.7352,12750.7042,10865.4786,7705.0010,4984.2048,6253.4297,11604.7135,10865.1256,388036.4781,416573.6684,407451.5930,397564.2728,405612.9033,406540.1655,403631.5704,402552.9899,336107716.8233,336089430.4609,336134451.9615,336120742.1689,11729.4043,13805.5258,9224.6695,10879.4479,5769.2528,10614.2097,8977.7004,6690.4554,10469.3982,4681.7496,13416.3298,13758.6659,2667.4063,10401.8852,7813.0602,10922.0162,5395.5765,5815.7652,8746.0424,6715.2721,4183.7844,3153.8702,2841.9894,8832.2992,13374.2530,5680.1994,2979.4351,5054.9441,8564.4567,10910.3545,9214.2542,6541.6493,10071.5393,11529.6369,2118.3117,9789.9104,8835.4681,4357.3240,9180.8963,10399.5376,11683.5811,6067.2305,11673.8499,12742.4427,10869.9836,4935.8826,9335.6466,11961.5077,806.0957,2385.7199,9025.1387,2784.6752,3946.1869,3145.9883,6755.3348,6873.5042,11261.7217,9281.2557,5011.6456,0.0000,7221.2285,7916.1098,7897.5142,12827.2285,11210.2817,5907.8956,9716.0590,9343.3392,13665.3074,13623.1055,12782.7755,10553.1216,8694.8055,8433.1296,13491.8997,6333.1766,12454.0656,13309.6582,8985.8873,8111.1858,10872.3697,9415.0408,13664.5736,11689.8323,2665.0019,9059.0869,377053.6484,405568.0680,396332.4626,386452.8371,394560.1508,395437.2739,392616.4582,391495.2737,336117983.6747,336099696.8648,336144719.1851,336131009.0083,6430.6297,11145.7680,11462.9878,7622.6443,13193.7764,12329.8137,6846.0038,2803.4851,8951.0931,5985.9685,8351.9741,12426.4096,4330.4236,13547.4124,2087.4983,8370.5310,9747.1840,12712.8090,12423.3967,13265.8548,12983.3928,10614.0256,9365.0115,9876.4969,13164.4563,12912.0938,8818.9375,11848.9274,10112.4642,12994.7242,11381.5818,11948.2730,12254.6838,12238.5227,7693.4787,10908.5379,13045.7834,7387.7184,12925.2964,8991.3147,9183.5032,7872.8605,5191.5456,12014.5318,8380.0127,12361.5622,2630.2893,11688.4510,10926.0985,8619.9905,12727.9017,12808.2311,13058.0910,12627.1753,13577.0607,12128.5721,7401.2944,11859.1771,0.0000,11116.3179,13026.2854,9075.2881,3873.7057,4014.5580,12842.0860,9600.7788,12127.8662,8524.3735,6435.6126,3459.6833,10549.4381,9626.5032,12644.1605,9766.9745,12723.2922,11240.0870,9025.7075,11642.0356,9737.3625,13032.3005,11151.5006,8659.0281,852.9651,10277.8328,13404.2449,383769.4630,412281.3663,403235.6120,393304.7011,401370.8239,402363.8564,399356.3685,398297.8442,336112475.8415,336094189.7056,336139210.8349,336125501.1772,10423.5758,8987.5897,12098.1411,9710.1729,10950.3939,11579.5868,8304.0929,12499.1738,2970.9159,2426.6480,13577.3253,8433.9026,11944.5712,7651.8628,12334.6727,12176.1039,10980.9830,12313.5141,13444.2076,13670.6218,13202.9743,10548.8281,4341.6824,12910.2208,13592.4320,12505.3339,11038.4184,8752.1717,10869.3764,12204.5759,9867.6655,8351.2763,13718.7499,9362.5490,10764.0307,13290.1228,9611.7787,9684.4169,7506.8616,12135.0399,7334.2473,4830.5866,9185.9327,12518.9279,10679.7137,6117.8520,13757.5890,13481.5764,10166.6441,13646.9870,13351.2605,13663.0196,12238.8054,12509.0922,8615.1588,9874.9373,12957.8359,0.0000,11876.2350,11549.5067,11159.1479,4465.8453,7417.7327,12731.1755,9820.2891,10624.9079,3099.7172,2150.7267,4501.2528,9178.9071,10605.3554,11213.4736,4188.6705,12559.8415,6453.5899,4187.7759,10808.9759,11097.9797,9378.9736,10335.5370,3156.7225,6491.9097,13321.7079,11062.6228,388641.1886,417107.9409,408026.7692,398053.6370,406202.2509,407208.4938,404190.3296,403110.0911,336107550.4680,336089264.3458,336134285.5458,336120575.7693,3009.3465,10040.1532,8230.1307,12263.5768,9782.8095,12153.1769,11478.0977,12111.9319,10551.6101,10094.0525,8389.3471,5609.2900,12007.4850,11661.5690,12523.7982,11371.5539,11959.6037,7284.7657,9501.6464,10939.8328,13620.5295,10001.7560,5442.5737,8111.9840,8264.7554,1339.8983,13368.1314,11181.1877,12597.2109,12245.8421,6436.9479,10161.8959,4907.9757,13214.5673,6525.2509,5334.5425,6309.1270,4064.9314,12645.5965,13597.8804,12811.8141,3801.3541,9798.1547,12168.0858,12411.1833,9765.9973,8022.8835,13583.1329,9691.8690,6481.8089,8206.4582,3695.5437,5765.6053,11039.5282,5683.8979,4902.8027,0.0000,12950.3166,4412.6587,13413.0125,9198.7745,8355.4029,4659.3003,13628.2078,12410.4926,8539.1841,11676.1185,12219.2532,1840.1568,13497.5475,3171.3668,10269.3682,11567.2688,8080.5997,7539.3098,12844.6952,13435.0391,8461.0754,213.4906,8601.0597,11616.3128,8770.2688,5687.5371,385664.6534,414225.2026,404951.8450,395133.3637,403175.5937,403989.6076,401256.7588,400133.4827,336109126.3935,336090839.4804,336135861.9150,336122151.7516,11878.3232,6360.6817,11545.3220,11617.6747,12744.3461,12802.9304,10962.7126,8648.8506,11088.9555,9622.1866,5462.0790,12470.5711,13022.0086,13252.4620,10563.6214,11915.7917,8402.3717,10425.4177,12236.9471,13589.5407,7782.3919,6661.6354,9338.9095,10504.8199,3292.1807,12473.2830,10191.4219,12803.9299,11189.4020,3856.9525,11312.3237,6707.5291,12852.8113,7858.3087,7271.3221,4343.6442,3764.3970,13492.8016,12860.1394,12084.2020,1163.5121,11720.8485,11314.8500,12343.2582,11265.9208,10161.5442,13604.2322,10680.9872,8031.9066,9383.4774,5250.7935,6165.9302,9360.4690,7668.9058,7289.1070,0.0000,13043.0733,4496.5239,13734.2784,8976.0318,9221.3817,6209.4807,13251.3989,11611.8587,6515.3251,10340.3615,11732.3235,2200.3814,13431.4983,3489.2619,8091.2084,11581.8688,5536.5353,5391.6067,12281.6999,13546.7314,6500.9335,2854.6885,6528.7827,11863.0719,10832.4567,4679.4282,387833.1245,416363.1329,407100.8498,397245.0312,405334.4372,406179.1672,403404.3531,402278.0130,336107112.2795,336088825.4703,336133847.7802,336120137.6165,13330.0920,11587.3293,1163.7260,6198.3170,3618.0291,11601.9738,13039.7140,7637.1983,6254.4547,11395.2250,6740.2520,3121.7790,6361.7125,11786.8879,10000.0441,9021.7697,8412.3130,5103.3734,8912.3368,13531.6436,9580.7217,8195.6884,2471.0280,10159.4788,11531.1011,12291.2081,8834.4280,12186.0389,13267.9015,7106.0566,7605.0651,10291.5691,8821.5559,6735.7503,12888.5267,10772.3914,5706.0575,10785.4996,10524.7949,12328.0281,926.1563,11890.5407,8531.3451,5871.9268,4635.8628,8521.7450,8004.6056,8319.2103,8390.5949,9647.3516,10773.7975,13253.6780,6631.5983,7447.0218,0.0000,9076.1269,11016.0072,7640.0147,9704.2739,7375.3870,9318.0645,10018.9506,11713.5652,12866.2790,12004.8188,9852.7406,10754.5671,9055.0095,10931.8980,13561.1908,10018.1406,13509.5468,12770.6616,11030.6000,8539.3907,13429.8704,10185.5432,12948.6434,7680.0180,3556.9056,12175.6906,377804.3979,406351.2482,397206.9042,387337.0726,395373.9313,396282.8544,393403.1280,392319.1199,336117684.3146,336099397.7544,336144419.5729,336130709.6711,6802.1135,13514.2374,13605.4376,12441.2205,10387.3120,7995.2270,9262.5243,13094.4971,4695.8320,13456.8431,12951.2954,11477.4226,5546.9108,8058.0169,7631.2839,8518.9055,11308.5947,10894.5495,6174.5508,7143.6192,8399.5507,12653.8777,7567.4645,8749.2083,4857.7588,9638.4357,6312.0404,3084.2101,9803.2676,11490.7099,9122.1299,7788.7666,11694.2374,2195.8816,9232.1032,12126.4472,10447.8516,11365.3540,5330.5273,13053.4790,6412.6394,12777.2165,10609.2229,11300.7024,11277.8397,8878.8773,8300.0379,8320.2742,7324.2425,5640.7720,4136.9965,12083.3582,9576.0497,0.0000,9801.5034,5238.4912,11593.1442,11858.7299,12785.4195,7562.1989,10108.6567,6875.6322,7951.5575,9896.5011,12054.6670,8227.5691,10577.4571,5938.3502,6446.1320,7761.5583,3950.2208,7480.2011,8012.1893,10863.5477,498.4354,8214.0464,7787.1626,13181.8062,11873.1420,3458.4801,386267.2062,414704.7482,405456.9253,395502.3935,403727.7308,404650.3664,401773.0287,400631.8294,336109017.0328,336090730.3810,336135752.5692,336122042.3132,12142.5519,11398.4617,9054.3161,9687.5776,9571.8555,6729.8979,13610.4535,8711.8198,11537.4146,9668.8838,6752.2121,1456.9381,2756.9823,8359.9542,6820.2568,8033.9119,5364.4754,8679.7706,9495.2761,8048.9642,12033.5511,11632.9853,3979.5843,2165.0537,4021.3788,1590.4396,9193.3252,7245.6927,13685.3221,2900.9765,9001.3039,13453.0379,8466.7235,13101.2274,7629.4500,6664.7193,9454.0044,10902.8994,11353.1070,573.2690,10910.8307,8459.6594,10646.9850,6100.3044,6864.8532,9321.0198,7971.7188,10523.3280,8800.2938,4228.4551,13732.7934,11239.0913,0.0000,3903.3970,9461.7457,6371.1308,13023.5705,13640.7442,10148.5382,4587.1440,542.0229,11133.8440,9838.1306,10789.3941,12587.5812,4936.3284,10405.9229,8684.8478,3145.0532,8723.5529,11282.4189,1493.3930,5253.2421,6715.5873,12330.8803,10992.8707,11914.6343,10666.9497,8650.8271,381126.2436,409513.7408,400348.2595,390320.2162,398602.3489,399614.9755,396606.3591,395481.6424,336114730.1739,336096443.7979,336141465.5691,336127755.4295,5707.4303,4610.6900,11238.8002,12703.3189,8545.7125,5198.4662,11678.9189,6176.0321,4036.6867,7201.1633,12320.4858,10752.3577,9628.6366,9246.4552,6150.7033,9432.2058,13319.9237,9965.5911,8919.5050,2668.3471,10054.3678,11840.8505,12781.3147,9623.4560,12612.2779,13197.8879,8052.4603,6845.7892,10862.2686,9351.7493,5967.4599,12965.5431,10168.4461,6520.8867,10873.5628,10227.4813,12156.9656,1953.0821,12405.5521,8053.9420,6845.4938,5331.4953,8969.1527,8871.7890,8853.9910,9117.2924,9825.7198,11131.1570,13489.7563,5827.0778,7697.2888,0.0000,9812.5230,11199.0047,8245.6834,8861.3109,6366.7245,9615.3825,10449.5881,12233.2616,12390.8412,11618.4146,9360.0690,10353.5425,9596.8078,10986.9515,13345.9212,10783.8988,13372.9853,12305.6626,11593.8285,9153.0270,13594.3093,9913.3453,12491.3676,6998.5476,4382.0489,12361.4483,378624.1804,407178.9566,398042.9224,388180.0445,396201.8870,397109.1189,394229.9219,393150.4718,336116906.3418,336098619.8041,336143641.5687,336129931.7035,6876.5775,7024.4320,9762.8269,11103.9475,5691.2646,13734.3360,796.1239,6210.9244,7628.7698,11999.8743,11100.4351,12708.9010,11885.0567,8830.9879,7526.6215,11056.6583,13048.8927,12090.1462,8027.1855,12617.1899,9247.4172,12445.7411,9692.7379,11294.1849,13260.0984,10844.3316,9003.6461,9494.0230,12624.5738,8468.4888,13599.1461,10812.9374,6922.2141,7075.2449,5496.7712,13166.5092,6983.5601,11549.9058,2773.4227,10291.6152,9985.5137,6709.5561,11538.8706,12350.0322,12236.4109,12868.5157,13586.8372,12156.1009,8450.2008,11747.0753,0.0000,9406.7859,13384.5639,6943.4805,6497.9076,5953.7003,12854.8000,8125.9768,11233.0235,10411.8465,7712.7196,4504.0850,11932.3421,7852.7707,13228.4552,10935.9294,11473.2727,12359.0080,10888.8353,10477.8313,7821.7574,13476.6225,12203.3696,10504.1620,2278.0628,9121.8105,13827.1001,381133.2885,409631.0392,400592.3565,390644.7488,398730.8474,399739.8760,396710.6732,395651.3913,336115158.1224,336096871.9980,336141893.1271,336128183.4509,11350.7338,12905.7995,5473.6732,8967.8463,11068.1439,7520.3428,915.5434,2933.2177,9508.8634,7154.8049,8268.1250,6588.4461,2359.9146,6116.1598,13156.1256,9517.2204,7140.6526,5172.0835,11259.6858,9302.6146,10169.0666,5650.9171,9920.5831,13194.1883,4976.0893,10203.4423,7453.6721,8443.7463,9445.2549,12571.7039,12501.5754,2351.4338,9116.3233,10049.6057,12937.2542,3406.1682,9466.9971,8782.6515,4265.7814,5229.8079,5938.0122,6081.1959,8090.8037,7282.2527,10180.7029,10425.1368,11658.6613,9459.9266,8439.3460,0.0000,5909.2251,11074.7017,4681.6951,11326.3921,9824.5353,9616.6234,7438.5788,9216.1919,13418.8906,11864.0756,10050.9878,12260.3177,6211.2162,11406.8936,13156.4441,7294.3290,13269.2825,13447.0556,8319.0605,5529.2521,12524.0440,11628.4581,13441.3357,8685.4414,4221.6213,11873.7751,376493.2415,404990.8151,395852.8158,385927.4037,394040.9278,394992.8909,392056.6065,390963.8811,336119135.8159,336100849.3328,336145871.0997,336132161.1418,3631.0074,12930.3257,9154.1109,12794.9462,6461.8932,11170.4112,10583.4905,10099.9169,11095.8917,13639.8262,13244.6536,12236.1344,8388.0165,5382.3639,13569.0706,13529.6234,12530.8182,12538.4520,6687.5357,10161.2837,10655.6303,8625.0632,9868.2963,13056.1603,10841.0917,8902.6177,13650.6539,10857.6156,10864.2127,9786.6392,10526.1577,4703.1223,2122.6325,11026.5098,12066.2632,9485.1010,4479.6472,13203.8061,13446.8487,7942.2489,13141.3834,13698.9108,13594.3167,13256.2491,13222.7956,8174.7634,11079.2311,13670.4778,0.0000,10175.1283,12608.2034,9145.0370,5938.8142,8404.4600,13535.4439,7601.2729,9291.1868,5735.6409,994.4529,2832.9371,11189.6050,8501.4633,12526.7189,5115.7859,11506.3897,7879.5326,6764.0442,9203.3690,9077.5224,10036.0502,12066.8839,5725.2905,5649.6218,13092.6138,12090.4042,386662.5925,415099.3354,406054.1653,396042.4176,404225.9219,405276.1964,402194.7610,401120.2034,336109817.0783,336091531.0869,336136552.0996,336122842.3639,13104.1316,10190.5208,11008.4622,9219.0865,12905.8720,12138.6485,9492.7600,11327.0979,12869.1856,13069.8596,13235.4078,10222.8423,2077.4971,12397.3230,13113.0453,13329.2853,10924.8577,7672.5262,9256.5761,11559.0437,8307.4511,7000.0419,13362.6336,10568.8362,9881.2984,12821.9417,10834.9110,8338.8995,8212.5869,12297.2305,6991.6335,5606.4325,8538.0062,13324.5350,9208.5043,7611.6965,13659.7338,13774.0799,10033.1988,13116.4941,12997.6747,13147.1994,11906.9099,11700.5528,6633.5714,11150.5621,13044.6261,0.0000,11229.9509,10807.8568,11091.0472,6640.5047,9294.9015,12366.6551,9225.8216,9222.9542,2953.4712,2707.3523,6046.6682,9407.6145,10187.1209,10672.9978,1849.9384,11555.8225,4730.0384,3982.4386,9648.6364,10763.3996,7598.0960,10463.1022,2823.1137,8294.5954,13739.4045,9950.7927,388893.0062,417333.9834,408231.3045,398236.7523,406429.9030,407442.2521,404420.4783,403327.5928,336107243.3524,336088957.2002,336133978.5006,336120268.6361,11836.3568,7252.3177,11517.5926,6345.8957,5139.1936,6495.4585,4299.1425,3902.3710,1266.1355,3218.7464,7578.6091,12478.7587,5868.6468,2677.4979,7357.9698,9272.9368,9264.9615,7019.0125,4611.4540,8005.0900,10826.8332,691.9058,11305.9253,6958.7036,4551.3351,10805.5813,9556.9944,12426.4529,5805.6845,10610.0110,12320.0514,10814.0478,6949.1615,7123.9913,12137.7350,2167.3178,4918.2820,8012.6961,739.7399,4509.6614,2684.7160,7315.5504,6452.1848,9483.0081,10976.6598,6562.0201,0.0000,5384.8551,7733.1609,6994.1121,13471.6065,12448.0028,6448.5582,8249.4134,7160.0708,13426.7873,13130.2049,12759.3996,11273.5141,7328.3135,8585.4453,12585.9162,3820.5358,11599.2612,13152.6885,6880.4879,6817.9913,9502.6497,10261.2094,13380.8649,12256.0066,5148.2294,8358.6037,377398.3330,405872.7741,396640.6242,386718.4642,394885.9121,395795.0000,392932.4824,391803.9202,336117772.4680,336099485.7268,336144507.9941,336130797.7768,12086.9005,5464.6835,8454.6608,10708.8519,13607.1296,13182.3258,11732.1732,12181.6584,10271.7883,11553.7766,11215.7308,11205.2349,11553.5495,6334.3489,9276.2552,12551.9607,13817.6181,12448.0847,13487.9560,11698.7131,11563.8785,3925.6380,12739.2424,11252.1700,3501.2797,12173.1683,6765.0777,10173.8825,11029.9216,8882.1301,10454.9760,6861.5664,13663.4955,6728.2672,10657.0532,8834.6381,10975.5295,11976.4041,10896.1901,11731.7629,10306.0417,11973.5031,13355.7209,3381.7928,9159.4591,0.0000,12464.3708,11285.4212,10946.0843,4480.4751,1307.1716,10625.4485,11988.6223,13559.5748,9146.8746,9255.9945,7334.9737,8043.2025,11721.8358,10609.5773,11241.4915,13235.6544,11525.3607,9090.5337,13247.9446,11626.0365,13073.7665,8414.8065,9320.2159,5056.1117,8416.5788,12195.7599,383573.8958,412140.9673,403023.8021,393170.3304,401167.3827,402074.2167,399191.5261,398121.2471,336112100.6584,336093814.2144,336138835.7956,336125126.0268,13743.6594,11639.6947,11019.3465,7455.1535,8420.8908,4004.6874,6202.5757,9578.8375,11920.2068,9668.9559,2763.0426,5219.4613,10008.6387,4410.9302,11261.2269,7139.0450,9846.2812,9000.0201,5261.9742,7663.5173,9649.6872,10583.1480,3832.0049,9742.9407,3609.6891,8564.5823,11574.7764,12683.8534,13365.1317,4778.0479,10886.0198,8608.4740,13806.1624,8108.3852,8126.6542,12256.7300,6640.1467,4365.1756,5160.3310,3100.9364,1149.9448,8019.2654,10088.8587,5620.2380,0.0000,10326.6741,1215.4405,12009.4937,12428.6382,12154.8126,3199.3700,11735.0122,9008.5806,10157.5893,12435.8611,13582.3939,6630.8683,11631.8215,2532.2325,9949.7968,7830.6500,7299.0321,9363.5362,9753.9648,11584.9844,5147.9078,5692.3595,10087.0595,13690.3905,9043.5643,1602.2417,383813.2398,412306.6292,403004.2786,393124.8335,401274.4632,402120.7017,399352.5305,398205.3983,336110984.5046,336092697.5721,336137720.1555,336124009.8209,6888.4230,8190.7151,12104.0016,11404.6607,12947.4833,12241.1651,9387.6743,7871.8942,10602.8843,13181.6090,12399.7260,8416.7042,12528.8939,9263.9778,12506.3941,10091.0350,11328.3395,12979.5292,11288.9205,8815.0317,9735.4674,12839.4467,8345.6209,13422.1687,10421.0664,7537.6437,6992.4319,5040.0393,12910.4362,7518.6511,11650.8297,2181.9702,10767.2443,10390.7538,7061.8230,11920.9055,12584.7133,12543.3644,12918.0956,13657.9964,12018.2303,8342.1446,11927.1805,0.0000,9787.2303,13362.5863,7422.6557,5827.2059,5562.5006,12965.8924,8333.2114,11348.3282,9838.7584,7127.3568,3853.2473,11669.4669,8185.7047,13160.1277,10475.3242,11774.2629,11992.9218,10354.9980,10660.7980,8222.5959,13309.0138,12044.2015,9937.9238,1491.9350,9585.2937,13751.3404,381919.0737,410416.5782,401380.3884,391431.9566,399517.7771,400528.1861,397496.6643,396438.1849,336114398.5722,336096112.4651,336141133.5650,336127423.9002,3496.5605,10159.3268,7913.9858,8968.1099,7429.3902,3256.6468,6374.1565,13295.9624,10092.1175,7886.6103,5037.7131,11544.6162,9592.0885,10807.5184,6345.9222,10439.8138,13542.8239,5847.8609,9991.7164,7938.4569,9081.9912,9207.9965,13024.5268,12452.3079,2717.6745,9121.5210,9794.8619,13223.8343,3124.2318,10062.1396,8296.5633,5056.0829,5619.3430,6069.8025,6932.5132,8704.9643,8037.5699,10626.8967,11026.5076,12113.7235,9193.5699,8811.5782,0.0000,6522.9840,11573.2484,4910.9065,10935.6757,9344.8290,10123.0337,7707.6807,9792.9040,13395.7341,11717.2381,9667.3217,12364.1910,6525.9605,11819.3492,13283.4657,8088.1525,13534.3346,13461.3238,8873.7816,5883.6140,13015.4432,11805.8883,13431.5698,8108.6386,4525.7009,12396.7149,376600.4148,405103.8284,395979.5301,386056.9586,394158.0013,395113.7774,392169.9107,391083.0104,336119095.9708,336100809.5232,336145831.2162,336132121.3008,7508.2567,4971.8840,8538.4126,6290.5825,3127.4148,3599.0687,12224.9565,10037.6937,7434.3844,7753.7913,12164.9499,7011.3021,8268.7979,3054.9304,7706.6389,12773.9290,4934.2049,11917.1909,4794.4089,8964.7475,11283.1982,12114.3153,13417.3253,1016.8019,7353.9099,9249.0814,13156.3042,6203.8298,7222.0079,8798.8155,5129.7033,7189.4024,3727.4626,5827.9085,8809.3720,7506.0105,10957.2092,10520.3099,9932.0702,11378.7820,9869.9789,0.0000,3150.7048,11293.3614,2288.9173,12060.1297,11305.3014,10368.9478,4974.4207,6884.6402,13213.8700,11142.1757,9818.2819,13172.7141,3610.2461,11869.6612,12191.3453,5350.2430,12565.6049,13375.4103,5797.8517,2831.8329,11503.2580,12655.3409,13188.8920,9293.0854,6485.6189,11644.2763,376807.2156,405259.1695,396134.5232,386158.1774,394338.0560,395332.2720,392339.1385,391241.1170,336119028.8611,336100742.4851,336145764.1400,336132054.1591,3135.0188,7476.8171,6317.7708,8272.9614,6566.7399,8351.2901,8472.1000,7367.2474,11933.1131,10655.3618,5081.8051,836.6450,4851.7668,2139.1421,8120.1509,7081.5788,13267.4034,4235.3511,8109.4246,13095.9860,7234.6851,12457.9864,8386.3299,7650.7459,10106.3039,9841.1257,11488.1058,1299.9747,11525.2890,8323.9954,10353.6967,7249.1819,6472.7406,8500.9194,7270.2725,9507.8520,7612.0786,3689.3502,13399.3694,10506.6814,0.0000,4926.5163,8276.6284,7427.9952,13031.3133,13614.6401,9162.4813,5855.5791,1791.9437,10756.9441,10119.3635,11313.9760,11746.5718,6149.0223,9283.3512,8413.5889,3168.5986,7934.3066,10766.8677,2899.4486,6399.5962,5515.8751,11435.9782,10609.2390,12383.6312,10536.7751,7356.6693,381765.8208,410162.7837,400970.2217,390959.3837,399233.0891,400221.5236,397249.2619,396117.6355,336113913.7359,336095627.2678,336140649.1884,336126938.9961,6822.9365,4633.9218,5723.7835,5133.3233,10591.8589,8415.4057,6163.5924,10402.6809,11229.8307,5766.9038,3925.4115,2128.7809,4269.8686,10302.6609,4785.0449,13215.7858,3340.2818,7555.8745,12840.5470,9279.2124,13386.8218,5957.1269,7905.7150,10528.2466,11394.6510,9618.7184,3275.7661,11295.9109,6104.7125,8684.8113,5893.0936,4565.3533,7775.5022,6093.8153,9707.6087,8143.8980,6583.1156,13073.2572,9861.1014,0.0000,2580.9123,9157.9804,5472.0667,13520.8839,13473.9742,9104.0020,5181.7344,3198.4537,12508.0541,11343.0279,11581.2716,12636.7036,4719.7686,10148.3498,10626.6521,784.3176,10321.1070,12522.4855,2852.6846,4575.6835,8120.1354,12070.4861,12404.1899,12041.0530,8674.8387,8862.2828,378842.7040,407254.7785,398070.5418,388071.7345,396322.1737,397306.4722,394337.9748,393212.1023,336116801.0163,336098514.5245,336143536.4562,336129826.2876,2828.2883,6384.3359,10484.5579,11920.1207,2131.7396,1347.0155,7707.1881,6181.4754,11138.2264,7589.6872,7841.6067,9251.9361,8697.4355,4176.3780,9928.0587,9530.0118,908.6376,9658.3191,7197.3322,10458.5270,9076.6168,12499.6796,13585.1024,8085.2990,8306.3878,8524.2976,13488.6016,4515.1199,5051.1911,10845.7982,3219.4234,1347.7588,1294.3972,3859.0198,2944.8317,9549.3894,9897.3373,4071.5142,0.0000,8519.7434,4391.8739,10130.6284,13225.2314,12202.0547,2896.1350,10798.2006,8776.8454,12433.9615,13563.6372,13782.0196,8729.5297,10219.3777,5281.6824,12125.2675,6154.2630,10212.9407,11834.2308,9043.2466,9898.8226,8013.0937,7456.9139,12392.8977,13317.1873,6000.7146,5471.5258,379908.4691,408410.3690,399119.9592,389245.4218,397380.1527,398229.3143,395455.2783,394313.7276,336114894.6656,336096607.7227,336141630.3035,336127919.9896,4390.4652,8442.7623,12274.1236,4882.8082,1764.4804,7815.1935,8564.2173,9676.0668,6716.7665,5424.1954,8041.2707,10129.6132,1792.3136,11253.8384,7539.4789,3593.0838,10830.8814,8731.1240,12095.2062,6971.9596,11180.6148,12826.5494,10079.3846,7702.8156,7146.9733,12777.6217,2943.7832,5172.5194,8905.1265,549.9732,3681.4884,1691.7358,6467.4850,5366.1909,9207.7595,11031.5739,6072.1217,0.0000,6184.7526,6766.3244,8010.4817,13682.2045,12732.4554,5568.0576,8939.9792,7279.0984,13234.7059,13353.1401,13263.2923,10748.4746,8161.2640,7708.3884,12412.5324,4002.1185,11118.2455,12869.2111,7233.3936,7734.0646,8807.2119,9667.8054,13180.5204,12863.6273,5665.8536,7388.5709,378089.6263,406565.4349,397311.5179,387397.9022,395566.6556,396460.0997,393622.0118,392486.6930,336116966.4720,336098679.6655,336143702.0471,336129991.7811,6507.0129,13112.4471,7952.4082,5138.7300,5685.3560,10456.4381,9290.4910,8921.6399,4699.6774,9145.1107,12415.3619,2676.7836,10692.5284,7044.6330,6712.8652,10010.7768,11499.9500,12620.9839,3314.1735,9818.9088,11194.6850,12215.0333,4522.1004,8475.9312,10392.5029,2193.0177,4359.3397,6647.7995,3855.8297,6419.2120,5254.5782,8950.1375,8829.4531,10899.3419,10086.5405,7401.4271,0.0000,5247.9197,9760.4852,5343.9946,12444.9815,11066.0027,8223.1658,7654.1886,8318.6281,13674.4177,12629.1539,11406.0111,11952.9927,6437.8792,10299.6677,13157.9219,5666.6607,12801.7610,13566.3012,7589.9693,5742.1757,11460.3249,11106.2792,13668.6424,10389.8245,3774.4969,10553.6525,376349.9860,404839.7994,395659.3043,385737.2333,393872.0778,394803.4860,391902.0095,390793.5716,336119053.1341,336100766.5267,336145788.5289,336132078.4539,10427.8725,11738.2151,9663.6278,10399.2545,13361.2169,3918.5338,7283.6497,3490.0730,5766.2038,12306.9454,7644.8522,13089.0378,2559.6037,10947.5790,12613.5012,11978.3821,13729.2460,3968.3082,4233.8873,7014.5608,13370.9559,8993.3661,5713.9299,7574.4986,8190.2660,10119.0998,901.6704,8132.5435,10949.7064,9695.1759,12514.5658,11748.5052,8181.3611,12767.6539,12091.5676,0.0000,2773.7975,12271.0772,1601.4933,11566.4287,11786.1785,12115.5172,1567.2141,5215.1573,12002.4287,9034.4709,8188.8800,13853.5359,448.3696,12862.2410,10311.2423,5833.9147,11446.5811,12435.8600,3963.1148,906.1535,10769.9819,13705.2689,11941.9683,8727.3695,9529.5351,12092.1601,378894.0706,407302.4441,398221.6837,388190.6148,396424.2653,397476.0213,394400.4166,393307.9094,336117358.1833,336099072.0247,336144093.3683,336130383.4554,11401.5232,12304.1607,13574.2429,10172.3151,7559.0347,7965.9438,11197.9651,7381.7347,5381.4737,12826.4189,10974.8563,9587.7110,11919.2074,11274.4198,6698.2679,8269.7749,12538.4483,7681.6878,7133.0410,7417.6847,13679.7277,8246.2944,9164.2517,13286.3627,13571.2440,10412.1875,12399.8718,12186.6858,12309.6895,11005.7731,10472.1967,5156.5813,11629.9399,12517.0712,0.0000,10949.2307,9595.1537,11370.7001,8105.0811,10420.6722,11464.0073,9343.3636,8374.0748,3412.3732,4582.1188,7769.2157,8981.3536,10303.5383,9593.0371,351.6968,10730.8370,2941.6875,3957.9900,9062.6592,10869.0288,5746.1013,9913.1830,3192.5158,9827.3008,13693.8218,8468.5398,388941.2428,417374.3439,408236.2248,398243.0474,406456.0741,407452.2582,404458.2498,403351.9718,336107006.7369,336088720.4816,336133741.9805,336120032.0145,3341.3675,7927.0861,4230.6897,11992.5153,8416.0990,9462.4053,10104.4349,7545.1650,6089.2875,8797.6265,10815.8675,1453.5536,8689.2228,6127.7486,8949.4306,10480.4932,13162.0776,13786.0261,6412.4034,8944.9656,9551.6398,13674.1225,6158.2695,5730.3602,12012.7752,5239.7206,1815.0781,3353.7413,1820.0125,1726.5185,9792.4720,8963.7241,3205.6233,0.0000,10060.6219,2679.4358,11458.2586,12540.6365,11559.6760,957.3278,11918.7213,9849.5541,11506.7334,13358.9524,13801.0852,6976.6248,11494.8613,3346.4744,11647.2845,7789.1015,9378.3068,10747.6531,10268.2092,11260.4223,7552.4421,5609.5812,11479.8057,13336.4371,6789.4581,4265.1773,381657.2482,410176.5587,400872.4418,391020.7048,399130.8601,399957.1706,397215.0961,396072.8796,336113040.1276,336094753.1325,336139775.7780,336126065.4615,7102.1385,7126.2218,10739.0903,7626.1964,6935.1252,9083.6166,9584.2087,2873.2183,10150.5181,8882.9730,1935.7800,9770.5229,8167.3530,11059.4734,7966.6187,12039.9412,13267.2476,9081.5692,7444.8819,8295.8511,13044.9566,3228.4808,4311.9742,10024.2381,2033.2431,1941.0895,211.8850,4914.2177,4221.6819,9781.4929,9975.0162,4437.6564,0.0000,7651.7905,5587.7616,9177.1020,13264.3165,12118.2455,3950.8067,10134.2035,8476.5240,12880.9518,13551.9969,13490.0182,9517.9645,9413.8697,6412.2362,12477.9814,5532.4671,10869.3920,12378.6138,8551.1357,9012.4170,8738.4945,8291.0024,12844.9131,12908.5358,5125.9198,6592.7971,378824.4291,407323.4914,398049.7386,388166.5378,396303.2872,397166.1333,394371.2304,393234.4254,336116065.2390,336097778.3440,336142800.8435,336129090.5618,8336.2880,12561.1686,12325.8999,9694.5893,12653.8340,12378.4166,6856.9981,6337.0765,11304.1637,7310.2467,5491.0675,11878.6999,9655.4034,7346.3978,12149.7381,11816.8614,11013.5089,2027.0866,12292.2287,10043.3521,5485.7032,3077.6130,10139.5636,7512.2071,6738.7369,7312.4125,7809.3689,9315.1186,13346.2666,5401.0224,5337.0868,0.0000,10078.3356,9494.3079,9274.2973,9987.9620,7446.4164,7514.0259,11343.6501,12223.7117,12684.1411,12754.7933,11091.2861,9241.9524,10455.8009,9289.2137,13665.9280,10239.6291,13043.7478,12359.2775,11773.2984,9968.0140,12826.0671,8431.1066,12770.4491,9049.8259,2478.0703,10921.3361,378549.2214,407115.9441,397923.8813,388088.8477,396104.5992,396967.8379,394156.2125,393060.8185,336116624.1621,336098337.4301,336143359.5207,336129649.5296,13115.5157,10452.5517,12024.0403,11722.9249,6169.7599,9389.3707,5973.6588,12769.3117,5425.8354,6268.5662,5670.8282,5239.9638,12377.5114,13621.4175,13183.7697,3701.3748,9810.8408,11549.9650,12919.1392,9106.9914,7593.7796,13408.6464,8805.5825,5453.4208,7201.0922,2462.1714,4508.4888,10590.1719,6608.4454,4244.7821,0.0000,12433.4665,3205.9229,13168.9278,10145.7674,9325.2051,3481.5655,13370.2218,11826.3830,9137.4181,12125.1608,12761.3389,2959.5688,13200.8266,1990.8829,10451.1166,10774.5074,8054.1785,8149.5723,12311.2104,13113.7119,7859.8786,1471.6442,9168.5672,12249.4471,8459.7786,4692.7032,385019.3150,413570.2099,404281.6877,394457.7750,402517.4470,403329.1447,400602.3714,399472.0582,336109706.6916,336091419.7362,336136442.2618,336122732.0437,5474.0449,5522.1690,3221.9026,10273.1068,9573.9382,13597.9706,2916.4225,11591.2086,13367.6628,10234.8990,13027.6188,7524.2263,2939.5608,6163.6422,12051.0757,11613.6978,3923.8818,8120.4994,10385.6827,12123.9084,4260.0319,9573.8812,11778.6668,10726.2374,12601.1873,11463.3048,5126.0277,13614.7801,13043.1504,0.0000,4881.3856,11695.0966,5428.9021,11220.7787,12395.5030,12416.7107,2383.3833,3496.5333,9948.9512,7084.6908,7843.0209,13251.1280,3724.6556,12307.9636,7406.9193,6399.2467,8915.2484,10501.6768,3082.2473,4508.6708,8482.6060,13402.5037,9826.9936,9537.7437,11829.1256,10934.2249,382287.1085,410667.0782,401579.2240,391522.1842,399798.8212,400865.1025,397772.1497,396671.4905,336114057.1061,336095771.0010,336140792.3045,336127082.3586,5672.2928,2354.8345,7546.2074,7622.9435,13309.4734,4970.3975,8188.5624,13193.5047,6662.0115,12251.3055,9126.9723,8026.5204,10339.0118,9407.5807,11992.6240,1838.2640,11858.3537,8845.4407,10736.1967,7934.1584,6923.9932,8621.8513,7521.9177,9386.3168,7408.0941,3156.9953,13513.3702,10606.5959,0.0000,5747.6289,7984.6015,8175.2349,13072.4298,13766.3785,9104.9797,6490.0287,2381.4383,10451.2907,10101.1496,11534.7715,11502.5334,6875.4677,8996.3674,8049.2367,3878.3648,7390.2367,10424.3800,3616.5080,7160.4296,4815.7930,11234.4750,10293.0315,12697.5324,10986.1468,6902.5447,382484.8862,410880.8957,401680.1883,391670.9903,399947.4732,400931.0144,397966.6242,396832.1647,336113160.5685,336094874.0829,336139896.0376,336126185.8276,5273.8852,11538.2672,4826.4218,13058.6451,2725.1559,8479.5656,12577.0906,10705.4533,13719.3164,4048.8089,7071.9963,9706.5197,12443.3574,8553.1242,4560.1082,10146.0317,5825.6610,8408.1035,4213.0512,5145.1116,8547.1484,6922.6354,10628.0303,9487.7591,7811.5673,12759.3082,10277.1545,0.0000,813.1411,10407.5206,3500.9182,13050.7111,12834.2540,10021.7802,4089.1670,4251.6448,12869.8343,11073.0362,10701.8515,13228.7478,3144.7588,11242.6847,11184.1753,2718.9372,11336.9550,13002.4718,3241.8880,2738.7137,9658.2562,12714.6980,12792.1535,10921.8785,8101.6324,10333.6814,377835.4017,406253.7562,397103.7361,387100.8820,395335.7073,396337.8480,393339.6432,392226.2568,336117968.9940,336099682.5928,336144704.3513,336130994.2705,8545.4784,8502.7626,13620.0687,3494.3039,9802.2648,13467.1825,8098.8243,12655.4373,8483.5667,5957.9355,8626.6249,10530.3109,12042.5718,1126.8494,10429.1496,9608.2970,11522.0592,6380.0078,8106.7546,10137.2864,9016.7645,10917.5154,9271.6313,2972.9346,13765.9702,11847.1133,0.0000,5009.4641,9671.6674,6981.1927,12383.7273,13367.7265,10687.3299,4636.8747,1161.2146,10076.7629,8705.9997,10063.6779,12340.0670,5389.3350,10514.4265,7361.8398,4638.4209,7713.4914,10319.3941,2263.1806,5892.6670,6115.4301,12286.8332,9919.7359,11533.3944,11537.4469,8659.3949,382568.0060,410949.8334,401797.9704,391760.3639,400048.1460,401072.9698,398045.8938,396924.5050,336113400.9882,336095114.6795,336140136.3438,336126426.2397,11239.5629,9703.1788,11016.0998,8530.8747,10111.1245,1851.3356,6697.9669,13228.5628,11239.9493,11177.7278,2888.0861,13101.8087,8823.7469,12324.6463,11682.9865,11585.4751,12487.1032,10443.3237,8919.7416,9561.0503,6956.5424,6313.4392,6155.2623,10518.9657,9311.5338,0.0000,11669.3980,5093.8698,12868.2958,10125.2536,11200.9901,7584.0083,11592.2331,9195.4106,5899.3176,9190.2222,11437.5460,5899.2168,12073.1195,5067.0420,5724.3224,10039.4273,2497.3037,5107.2897,10152.2691,12360.1352,3063.7563,6350.1648,5772.1036,12420.8280,12171.7834,3760.2104,388207.8305,416680.3036,407435.0331,397513.7632,405688.2250,406587.1826,403739.3487,402606.2550,336106997.2646,336088710.5963,336133732.7588,336120022.5650,11126.3247,7251.2838,4733.9032,10582.4793,10013.9896,12477.1233,5513.5175,10758.8210,12371.1374,11103.2305,6392.0960,7651.2757,12025.1979,1528.3341,4437.2003,8022.7396,1244.6872,4597.1235,2923.5583,7464.7911,6825.9681,10008.5039,10730.8104,6439.4270,0.0000,5585.1934,8061.5678,6922.4034,13405.2416,12236.1932,6592.5431,8426.3710,7655.8215,13645.2448,13285.2174,12734.1745,11365.5230,7428.5835,8839.3695,12927.9226,4374.2594,12001.1989,13376.6376,7292.2286,6866.9411,10039.2841,10334.9045,13610.1887,12076.8407,4587.3312,8800.1321,377020.4962,405502.4276,396274.1274,386358.3806,394513.9561,395420.1946,392560.5687,391434.8317,336118145.8496,336099859.1071,336144881.3636,336131171.1633,13607.0195,9240.0988,907.7023,10036.7573,4147.3706,11642.7964,12808.5569,11117.0144,7703.8362,7772.4149,13678.9785,9713.1762,10267.6796,7976.6193,12737.2889,11201.6385,8923.3123,10316.7372,7466.3787,9579.8302,12958.6533,1183.0313,6734.9632,0.0000,13259.7461,8622.9345,12587.0020,6189.6926,4073.9576,8025.2413,13377.0151,13730.5094,8718.2200,10635.8643,9895.4758,4728.1257,13129.4002,7666.6348,11120.1863,13049.4112,10288.7471,8149.9441,13740.6420,13018.0348,11577.2240,4926.1787,8877.9117,8361.2839,8114.4871,9795.6048,384742.0104,413326.8080,404131.7416,394317.6485,402305.1598,403149.8636,400362.2126,399269.9920,336110436.5409,336092149.8356,336137171.8544,336123461.9175,10110.5943,13237.7032,10511.4747,13663.6677,5551.6157,4937.8791,8061.2077,12427.7465,10201.5444,3280.0415,9211.3663,8199.9315,10423.5658,3373.8356,7367.9330,10259.8530,8861.6359,11757.0711,10512.0881,6258.4547,13455.0432,11840.2961,0.0000,2061.8557,11135.7183,3757.9616,12414.6498,12872.0853,11343.1750,1988.6075,2760.3390,11691.6447,9336.3669,9429.1010,13495.7203,2126.6171,11912.5772,9512.1017,4091.6797,10266.0832,12025.5654,1436.3752,2553.6919,9003.3685,13293.2221,11588.1176,10358.1469,10111.7958,10663.7287,379727.7616,408119.2008,399002.4497,388964.2416,397230.8040,398272.0322,395217.0764,394109.1586,336116377.5975,336098091.3567,336143112.8777,336129402.8577,8993.4809,7100.9203,9842.4820,9425.6447,12796.6493,13650.0875,7630.8302,8116.1492,9141.4090,13439.9622,4814.7635,4770.2515,11248.7925,3918.1551,651.5823,1967.1261,3073.0285,2736.9178,9925.5222,9231.5337,3235.6062,0.0000,9133.4831,3978.4011,10553.1827,12854.9731,11726.3067,2068.0437,11270.6053,9391.4981,12189.1031,13543.7055,13726.0036,8047.5323,10705.3867,4703.1972,12135.2344,6918.1497,10141.6859,11533.6151,9661.3648,10390.4757,8174.5230,6705.1192,12161.6572,13154.0512,5807.1538,5329.3503,380306.0097,408820.2912,399526.3078,389665.8364,397782.2589,398619.6336,395861.4063,394721.3498,336114447.1382,336096160.1704,336141182.7744,336127472.4696,10337.9349,4927.9765,10967.8208,12552.5086,10961.2022,8205.9466,6914.0923,13483.1782,9405.7010,9651.9564,7313.5942,12247.7144,10741.3658,8631.7350,9946.4612,7490.4376,9581.3295,13005.0133,409.0029,6443.2599,0.0000,12788.3268,8768.9179,12022.6885,6365.6139,3925.9785,7941.3959,12995.3946,13509.8516,9185.7028,10732.1964,9746.9129,5374.0636,12666.8557,7904.3508,11405.6929,12686.5725,10670.3303,8682.9436,13441.2179,12511.4124,11787.5941,5383.9151,9338.8911,8026.7165,7370.7483,10001.0539,383870.9698,412454.7884,403265.0976,393448.5486,401436.3139,402285.4012,399491.1321,398400.4565,336111333.0650,336093046.3693,336138068.3713,336124358.4414,7600.9016,12653.8639,11543.2510,11920.2911,3252.3765,12600.9992,8149.0066,12951.6090,10558.2396,10659.0627,12257.6172,9100.7565,7564.1845,8119.1851,5841.3715,4706.0123,6048.1164,10736.4935,8348.0141,0.0000,10943.5633,3723.9853,12459.4831,11189.1534,11861.9765,6324.5458,11371.2461,8572.0072,7502.8695,10302.6738,12268.6476,6309.3863,11702.5267,4100.8659,7017.8606,8906.3057,3979.0724,6742.2919,9559.5928,11905.4967,2477.6634,6274.7959,7382.5049,13053.2420,11347.5040,2053.9190,386787.7423,415257.9801,405990.7649,396074.9694,404255.4453,405141.6812,402314.7833,401174.1156,336108291.8360,336090005.0824,336135027.3961,336121317.1359,13382.7891,12549.4278,10822.9063,4818.0640,10880.2407,12922.9067,10459.2595,12077.2772,10442.5394,13496.4002,12194.7604,9793.8314,11164.8275,7433.0634,8993.1342,11139.3833,5282.7831,8268.4752,0.0000,13844.7358,7533.5119,13703.2084,6011.1911,6127.9310,8305.0185,13541.7490,13079.9003,5678.3884,9225.3646,9910.3025,2420.1953,13691.8773,6456.4038,8481.4467,13206.8430,7215.2371,4775.4448,13454.6054,13800.8874,9247.2226,3913.0716,5824.3720,9578.5836,10802.0624,8044.9021,388128.1255,416684.4546,407475.3041,397631.9367,405670.1408,406528.4920,403725.5886,402622.3743,336107058.2266,336088771.5561,336133793.5724,336120083.5816,7481.8007,9077.6872,13480.2897,5648.2104,8075.7986,8327.8490,5444.0642,7159.0615,3867.8155,6489.8044,9212.8630,8059.8798,11285.8226,11064.8534,10610.5931,11032.0362,10013.3452,0.0000,4075.6798,11757.0570,2448.3437,11722.6124,10824.9237,10731.3094,5421.6812,7727.8585,13315.0695,11129.0947,9495.6217,13259.6599,4085.3480,12239.6792,12494.6192,6324.2145,12978.6254,13501.0148,6632.0748,3343.2881,12144.1635,12776.8519,13306.8123,8727.8121,6318.9985,12200.4330,376654.2012,405115.5152,396002.8824,386033.0655,394195.9768,395190.6998,392194.5441,391102.4900,336119223.9198,336100937.5671,336145959.1639,336132249.2241,3555.3188,12680.6130,11098.8516,6647.5526,5560.7797,11206.6764,12444.2371,3932.0598,10992.4135,12864.1399,12075.6909,13478.5113,12867.5360,7185.4314,12750.7806,13584.5445,0.0000,6395.1862,12863.4284,5406.8523,9453.5691,10795.3600,13399.4259,3242.7931,6239.1454,9340.9040,5418.7116,5322.7067,13261.9297,4352.9821,13216.3276,7456.5811,8530.3147,9625.7461,10097.2782,5644.1424,5077.4207,10156.1626,13619.2532,9271.4500,7199.2513,11950.0582,12337.0525,382744.7990,411143.0460,402099.1580,392049.1119,400288.3416,401368.2363,398249.0406,397166.8093,336113811.3468,336095525.3624,336140546.4195,336126836.6118,12180.3417,11047.7469,9368.4729,2978.4718,12455.0476,12857.8580,6423.9286,12640.9122,13634.9204,13344.0480,13639.5187,13627.9332,8893.9423,11130.2071,13659.6692,0.0000,9167.4211,13225.5750,7639.6147,6514.9802,8370.1556,13781.7916,6465.6803,9071.1594,7556.9960,3098.1618,1948.3249,12117.5682,7217.2551,13223.8637,6885.0106,11020.6135,9405.8010,8472.1391,8675.9221,7745.1988,11057.2806,12798.8527,7562.1041,4600.9646,12335.0510,12886.3011,384746.2125,413180.9848,404154.5854,394137.2172,402317.7145,403380.8355,400279.4682,399210.8005,336111834.1911,336093548.2373,336138569.1805,336124859.4780,12127.4315,10644.0611,12673.2545,11211.0609,10397.3551,13456.2378,10376.1538,7893.6316,9100.9109,5219.6112,5633.8835,8583.5234,8607.8125,7550.9285,0.0000,12687.1831,3978.5717,13610.2411,9657.2454,10064.4543,6112.0919,12950.7811,10979.0567,6653.6797,10392.1293,12012.8930,3324.3068,13179.7181,3226.1002,7743.8069,11040.6535,4898.5600,5569.4702,11745.5634,13321.4624,5492.2870,3684.6930,6625.5298,12347.8745,11101.6268,3761.1995,387810.7492,416326.0723,407057.5541,397188.2331,405301.2851,406153.0879,403370.4531,402238.9262,336107139.2413,336088852.4321,336133874.7679,336120164.5688,11671.2582,9216.9418,5082.8975,3784.5297,8689.4878,7294.7325,7595.2186,7641.9974,9112.0864,10199.1220,13135.4638,6832.2141,6818.8915,0.0000,8871.9634,10543.5636,7713.3204,10271.8526,7967.0885,8710.4790,10108.3758,11519.9752,13116.7373,12436.1928,10472.5406,10654.7435,9096.2930,10516.5356,13726.9279,9578.5184,13486.5027,12959.6566,10870.8469,8542.6698,13183.5674,9956.6093,13189.3671,8435.0263,2665.3395,11760.9920,377479.5550,406026.4871,396864.9276,386999.5168,395040.4342,395938.9034,393076.0028,391986.2805,336117903.5989,336099616.9814,336144638.9020,336130928.9550,10941.0233,8848.0714,10938.9755,6414.2919,7220.0514,9483.0855,8216.4862,10521.7968,8771.4559,3683.8958,13774.1426,11367.3756,0.0000,4423.8159,9357.0928,6776.5475,12908.1683,13641.5817,10195.7392,4822.9709,552.0670,10792.4570,9589.9797,10724.5146,12429.9746,5297.9295,10289.1411,8254.2590,3602.4925,8290.0833,10945.8924,1872.9943,5667.5055,6299.5192,12226.4706,10643.6239,11958.8374,10988.1820,8446.6756,381683.5260,410069.1193,400902.7889,390873.1592,399158.2060,400171.4227,397162.1878,396036.8149,336114180.8414,336095894.4712,336140916.2364,336127206.0954,11751.2749,11676.0759,6792.7860,12511.0885,13283.5344,13163.1815,13414.7290,13882.7981,10922.4971,9478.8066,12864.2041,0.0000,9722.3367,13497.9161,7576.4237,5504.5106,6436.6210,13528.7562,7637.6111,10633.0588,8691.7560,5246.6944,1815.5454,11851.3479,7867.6096,13344.9132,8984.9080,11729.1810,10970.3785,9409.4651,10047.0372,8123.3429,12556.1603,12420.6373,8767.2630,1845.6196,10986.0314,13584.1517,383369.0785,411841.2964,402817.8642,392839.4066,400961.2752,401998.2090,398930.0021,397870.3513,336113110.9941,336094824.9801,336139845.9611,336126136.3057,3074.1372,8417.4894,2479.0499,4480.0849,3364.2723,7305.2746,7210.8523,10981.4777,9756.3000,5728.5788,0.0000,6514.3084,8294.4797,7248.4658,12946.0206,11445.5011,6460.8142,9109.7598,8826.2364,13740.0554,13450.6633,12592.8211,11024.0652,8046.3770,8879.1248,13388.4346,5765.2140,12486.8205,13444.3722,8397.2052,7438.9033,10846.8533,9950.0238,13731.2060,11590.4220,3120.9594,9298.8262,376788.2093,405291.8978,396066.5106,386172.3801,394294.4445,395186.4447,392344.4968,391224.3337,336118331.2162,336100044.4513,336145066.7101,336131356.5435,10128.3448,4921.2597,4169.5457,4520.8859,6205.0069,7221.4707,12326.8282,7359.2717,3730.6724,0.0000,8987.6097,7868.6874,9106.9130,11803.4105,9750.5833,5560.6420,10999.6886,10952.9035,13258.6220,13604.8699,12538.8301,9386.6441,10051.3472,8013.6424,13702.7814,8340.0852,12602.8847,12821.0815,10637.3304,9512.6717,11557.4283,8220.8133,13296.7809,11045.2481,1216.8148,9332.4985,377847.9511,406394.9032,397158.1902,387313.9819,395370.5210,396221.4614,393434.4778,392320.0198,336117109.5592,336098822.7073,336143845.0460,336130134.9130,8575.1468,11212.8915,10072.6160,12684.8075,12089.2326,8609.7972,12385.0563,12160.5334,0.0000,3558.4226,12526.0161,1527.3952,11001.2563,11205.7817,12325.7392,2016.5575,5927.2583,11790.5897,8646.1886,7510.8660,13754.8362,1326.2878,13034.1552,10281.9462,6560.8743,11559.6655,12263.8508,4735.3869,1552.3085,11141.7999,13664.2099,11744.8043,7956.1126,9468.1965,12410.6406,379052.9960,407468.5780,398399.6279,388372.8128,396592.9363,397646.6281,394566.1764,393479.1092,336117249.6424,336098963.5133,336143984.7922,336130274.9192,3929.2190,2010.1122,6760.9185,5805.8301,9394.7459,10927.4053,6164.2177,0.0000,5912.8987,7151.6752,7621.3648,13570.9991,12562.0264,5867.9627,8712.1515,7311.3689,13327.0601,13287.8057,13062.0777,10923.4545,7867.4194,8043.4583,12526.2270,3994.1872,11352.9484,12994.2339,7164.4338,7400.9965,9148.8588,9860.2399,13278.2333,12593.1586,5320.2967,7805.9133,377766.7810,406243.8821,396998.2998,387083.2176,395248.8031,396146.9538,393301.1552,392168.8007,336117327.1459,336099040.3615,336144062.7014,336130352.4560,2034.2841,3167.0141,3291.8722,10336.3097,8849.4412,2752.6571,0.0000,9204.0591,4382.3188,10466.9577,12707.5869,11428.3178,2159.5017,11350.6573,9703.6294,12330.6079,13618.3486,13640.5959,8044.6321,10728.7694,4965.3518,12395.5219,7165.0587,10486.2393,11683.5942,9896.5233,10379.8998,8671.7338,6671.5327,12314.5307,12931.0583,5241.6051,5832.9737,379996.7737,408518.3818,399228.0425,389374.0057,397478.6910,398313.0915,395557.9621,394420.6437,336114753.1391,336096466.1702,336141488.7631,336127778.4752,4969.3251,4165.6179,9713.8989,10155.0131,4592.5890,0.0000,7643.3537,5572.0350,9233.9510,13394.9914,12284.6129,4004.1678,10146.0623,8406.1138,12933.1478,13611.8184,13592.1473,9607.6426,9437.3452,6432.0431,12484.9011,5447.2275,10855.9465,12429.9494,8501.3436,9042.7527,8663.3633,8383.5662,12893.4937,13048.4909,5329.7158,6536.0578,378837.9362,407334.5537,398058.8848,388173.8372,396314.5236,397177.8850,394382.7157,393244.7746,336116048.6635,336097761.7656,336142784.2744,336129073.9848,2613.2468,10242.5576,7785.7528,2876.7718,0.0000,11153.9235,2266.7818,12241.8359,11579.3675,10573.5841,1049.7187,12644.3952,10812.3594,10622.1940,12964.1209,13448.6003,5324.6726,12309.3059,2119.7478,11269.5891,9150.8980,8893.4247,9756.8106,11255.8692,12125.3751,7701.6544,3865.0369,10620.4702,12904.9274,7235.1376,4187.4606,382972.8978,411509.7187,402207.6611,392373.5554,400456.6641,401270.6867,398543.8499,397406.0842,336111699.4995,336093412.4994,336138435.1254,336124724.8436,8636.4196,9899.8651,4811.3154,0.0000,10033.3650,1711.0961,11702.3058,12711.4338,12164.9580,2366.9395,11708.5358,9140.1879,10900.0241,12935.2317,13808.8070,7022.2803,11465.6695,2914.6195,10736.4630,7510.9474,8251.2210,10132.7456,9765.9785,11337.8991,6084.0370,5885.7333,10842.2404,13713.4603,8192.0335,2742.2323,382743.8091,411243.6648,401937.8416,392066.4253,400206.5096,401045.8809,398287.3200,397140.4283,336112008.1634,336093721.1999,336138743.8248,336125033.4844,13355.2641,11770.5020,0.0000,7651.3161,8587.1396,9313.5591,11619.6324,13009.2578,10275.7782,7001.9316,3998.5144,8109.5940,7912.0176,10142.3295,10847.4392,7865.4524,9287.2158,5217.7906,6693.9766,5101.4574,8251.6631,5151.7520,8386.3501,3782.6501,11035.1115,7917.7373,11864.5885,12529.3326,7187.2118,385329.9379,413723.2007,404549.8819,394529.0843,402805.3665,403807.8922,400813.3821,399687.3207,336110507.6645,336092221.3036,336137243.0485,336123532.9200,6619.6210,0.0000,12970.7853,9118.7970,12136.3905,6503.5246,3901.5661,8211.5809,13187.4457,13790.7569,9524.3359,10977.5269,9877.2568,5750.7910,12831.5449,8260.4480,11755.3413,12925.1602,11065.6015,9041.8442,13691.6250,12660.1494,12177.5084,5736.8877,9680.8526,8050.6485,7377.5977,10376.8693,383675.3334,412263.1233,403076.0132,393263.4935,401243.9268,402091.3237,399298.7741,398209.8545,336111534.7399,336093248.0440,336138270.0384,336124560.1193,0.0000,10846.4461,5006.8315,11462.2872,11489.8371,9761.1312,2527.9956,12566.9803,11542.5305,11898.0918,13555.3314,13274.2677,6587.0122,11954.1183,4842.4727,12729.9261,9362.5229,10880.7856,11169.1555,11657.2775,11609.0548,9906.0754,5115.2822,11933.3164,12146.5809,4815.0203,6822.0492,380809.0494,409366.7499,400082.7095,390265.3419,398312.7157,399123.1637,396397.4963,395270.0676,336113890.4660,336095603.4740,336140626.0456,336126915.8248,0.0000,0.0000,0.0000,0.0000,0.0000,0.0000,0.0000,0.0000,0.0000,0.0000,0.0000,0.0000,0.0000,0.0000,0.0000,0.0000,0.0000,0.0000,0.0000,0.0000,0.0000,0.0000,0.0000,0.0000,0.0000,0.0000,0.0000,0.0000,0.0000,0.0000,0.0000,0.0000,0.0000,0.0000,0.0000,0.0000,0.0000,0.0000,10868.0889,3033.5458,12869.1330,12801.4083,10596.8516,3327.2287,4037.1090,12697.8980,10632.6555,10252.7312,13482.2023,2403.3528,11671.3276,10911.2602,3273.2428,11292.3254,12904.4439,2861.7257,2087.4838,9780.2707,13058.6520,12617.6663,10611.5952,8625.6334,10714.0103,378097.3916,406508.3371,397373.8833,387359.4329,395601.7198,396618.7903,393598.3525,392488.5695,336117822.7697,336099536.4299,336144558.0916,336130848.0420,12288.4643,11717.9983,11337.5657,2730.9413,12129.6667,9724.5340,9672.5547,12220.2342,13273.6654,5497.6234,12017.0187,1325.9452,9883.7761,8606.1964,7209.0347,8803.4404,10405.8445,11963.6852,5647.7818,4495.4568,9625.9926,13238.7173,8798.3795,1933.7924,384257.8304,412767.1860,403467.2938,393603.2729,401728.6723,402564.6657,399809.0635,398666.1099,336110510.4465,336092223.5049,336137246.0778,336123535.7724,11559.8805,11344.2071,11782.8621,3143.6950,6325.8268,12596.0824,9812.3749,8495.3854,13777.9441,1832.3264,12830.7506,11275.9199,6075.8626,12216.7605,12954.9808,5088.8182,1235.4839,11520.7904,13515.6218,12559.9960,8473.1591,8396.0858,12359.6037,377848.2132,406276.2649,397190.5453,387180.2607,395386.2253,396421.2280,393368.0913,392278.0119,336118300.9696,336100014.7581,336145036.1610,336131326.2540,3265.9248,12093.1820,11430.7046,12822.5758,5659.1067,5764.5220,4917.4083,8075.8462,11710.5932,11067.0431,8069.8413,13679.8616,9151.2494,6012.0017,12741.3651,11929.9663,11683.3041,9135.5388,5856.0430,4502.1728,11524.9526,11964.2515,387096.1931,415623.2580,406536.2017,396629.9588,404684.9392,405641.2088,402688.6225,401619.5386,336108889.4490,336090603.2015,336135624.5120,336121914.7903,10986.5728,12059.2411,13550.6254,8140.5644,8421.0546,6745.7272,7729.2775,11947.1252,10616.2269,10439.4853,13545.9234,10860.2953,8136.2680,13318.7996,11940.5551,12727.4578,8348.8295,8327.4160,4813.8907,9402.2931,12091.8658,384797.4902,413358.2410,404247.3312,394384.9715,402391.0353,403306.4671,400411.3614,399341.7699,336110941.5684,336092655.1677,336137676.6855,336123966.9323,12324.1468,10475.5635,11284.0573,13307.1925,13664.0296,6289.5845,11899.4108,2998.2190,11713.7134,8514.0306,9442.7914,10482.0633,10861.3899,11663.4096,7953.4170,4838.4271,11275.1743,13070.7339,6638.3437,4548.5262,381986.4937,410518.5611,401215.4434,391376.7793,399467.2109,400284.4209,397553.7955,396414.6478,336112684.7262,336094397.7197,336139420.3636,336125710.0678,4303.0593,11238.9110,8190.2296,7906.4169,13719.6446,1433.5087,12740.5402,9207.8039,5905.2403,10524.0870,11735.3182,3188.6396,2261.2977,9928.5338,13693.4282,11155.0120,8963.2762,10524.9753,11713.9527,380167.7784,408561.6137,399481.9673,389436.3556,397690.8992,398753.1847,395663.8276,394568.7085,336116153.3594,336097867.2377,336142888.5426,336129178.6220,10895.2053,9450.1554,10461.2535,12659.2586,4799.0311,10629.5054,8361.6625,3634.8122,8578.8273,11095.3799,1354.7563,5195.0741,6750.7319,12470.7543,10751.4574,11695.4565,10941.0661,8872.6111,381428.4287,409812.6004,400656.4109,390622.4233,398907.5388,399928.3123,396907.3809,395785.0355,336114495.2201,336096208.8815,336141230.5923,336127520.4737,4833.0129,7308.2724,7099.1728,11960.1863,9210.2847,3514.9305,12577.2726,4259.7942,1204.6586,11397.2704,12398.1874,7658.5438,8411.2255,236.6628,8756.8172,13378.4722,9054.2584,389872.2445,418353.4521,409213.5157,399269.5973,407411.2958,408370.8376,405423.9974,404327.2826,336105931.7949,336087645.4788,336132667.0038,336118957.1019,3557.3820,10656.3162,9111.3166,12095.3545,4318.6612,11704.8989,7130.6592,5904.4175,9499.3252,9688.0982,9532.7517,11616.4777,4814.2328,6211.8307,13331.9819,11634.7153,387456.6220,415896.7867,406839.0418,396833.3848,405015.5215,406055.7008,402989.5770,401911.5247,336108943.5517,336090657.5259,336135678.5966,336121968.8381,11443.0037,8420.8373,13092.2329,7562.9126,12002.4178,9835.8937,8161.8973,10068.9896,8814.4562,11782.7044,12200.5211,7374.1536,2983.0401,11986.1875,13153.3460,385030.5776,413493.3706,404466.4193,394478.3546,402616.3037,403658.0023,400584.1933,399521.3319,336111472.3009,336093186.3099,336138207.2707,336124497.6052,13752.9913,4285.6435,9246.9806,12325.1194,7218.7121,6048.2893,13133.1820,13787.2695,8366.4706,1648.1734,7181.3831,11063.0300,9991.2572,6283.7023,387190.5653,415747.3365,406494.7084,396665.0843,404710.4219,405540.6958,402782.6285,401665.2731,336107737.3736,336089450.5502,336134472.8357,336120762.7287,12642.9047,10195.7862,5431.0450,11248.4870,12369.8278,3533.1633,829.5983,10458.3222,13582.9830,11892.9270,9007.5629,9507.4086,11804.0268,378955.5166,407361.8787,398273.5819,388242.4000,396480.8549,397529.4399,394459.3898,393363.9583,336117258.9494,336098972.7706,336143994.1541,336130284.2200,9889.0915,9639.8030,7207.4075,8255.4148,11266.7021,12596.6332,6295.4955,3239.4297,9190.1366,12936.2738,8929.8529,2775.4353,384946.9797,413472.1575,404174.3327,394326.0344,402427.1116,403252.4115,400510.0397,399371.1467,336109794.3808,336091507.4308,336136529.9922,336122819.7163,10790.7262,3288.9867,4149.2116,9019.2849,10777.2658,6012.9401,10182.7017,3301.7237,9696.4721,13796.5128,8770.0600,388910.8231,417341.0554,408210.0004,398212.0724,406427.7304,407430.3749,404426.6931,403322.1508,336107087.8881,336088801.6591,336133823.1158,336120113.1641,10242.6571,12516.7581,3509.3126,5252.9899,7868.8199,11683.5683,12474.1198,12385.2666,8429.1188,8353.7981,378867.3748,407285.7049,398085.3747,388097.6031,396341.8768,397311.3488,394365.0738,393235.2361,336116667.1024,336098380.5512,336143402.5779,336129692.3771,3903.6068,9490.0584,11676.6778,3613.7604,7985.4160,4068.7834,11318.3617,12979.5402,5911.2249,388836.2100,417288.0969,408090.0208,398132.9221,406330.2479,407274.8712,404358.9236,403236.8758,336106702.9690,336088416.4916,336133438.3531,336119728.2568,11658.6346,12755.4796,7241.1444,7398.9664,1252.4594,9322.5049,13038.1329,8242.9837,389874.2658,418366.4879,409203.0609,399276.9598,407407.0829,408343.7474,405430.9087,404328.7846,336105758.6024,336087472.1946,336132493.8637,336118783.9156,3914.8279,7897.9036,12916.6793,11272.4204,11151.2926,10486.7598,9753.3136,380447.6056,408833.9660,399695.3674,389658.3887,397936.8390,398967.6108,395930.3982,394814.2564,336115557.4458,336097271.1499,336142292.7791,336128582.7019,10779.1280,13531.9840,12339.5380,9139.5894,8931.6106,11868.2718,378280.6189,406694.6045,397599.9379,387577.8838,395806.7392,396846.2455,393789.1141,392693.1332,336117863.8738,336099577.6575,336144599.0938,336130889.1492,8437.9272,7485.8889,13006.7676,12090.7995,3896.6311,386501.5542,414935.1728,405695.8819,395734.6124,403964.4546,404895.4876,402005.6404,400866.3931,336108844.2335,336090557.6176,336135579.7495,336121869.5114,8474.1915,11627.5326,8958.5073,5713.7730,385875.1387,414435.5189,405162.8610,395343.9307,403386.3690,404200.9263,401467.2183,400344.1345,336108921.9033,336090634.9948,336135657.4218,336121947.2612,8873.4814,13423.4147,8964.3924,389875.0784,418353.2147,409212.3052,399265.4372,407412.0508,408373.2982,405424.4627,404326.7688,336105931.7154,336087645.4005,336132666.9288,336118957.0204,10354.3583,13550.2917,383395.1531,411895.6777,402858.7046,392913.5718,400995.0778,402002.2390,398974.9171,397916.8556,336112928.4738,336094642.3774,336139663.4556,336125953.8029,10162.4395,377377.2016,405921.7826,396708.3049,386854.5317,394910.4806,395778.3797,392965.0059,391857.6245,336117711.2831,336099424.5043,336144446.7169,336130736.6361,385251.7447,413735.8006,404443.7044,394550.8555,402713.5674,403573.2841,400785.6043,399639.8130,336109639.6691,336091352.7979,336136375.2920,336122664.9787,29133.0751,21078.9774,14981.8637,18047.9267,20914.7852,16097.5853,15524.6911,336491762.1519,336473471.5268,336518499.8596,336504787.7388,12472.2447,20431.5215,12492.5612,17324.1241,13138.8405,14602.7861,336520434.3642,336502143.7033,336547172.2073,336533459.9115,12410.3843,4578.0652,8114.6284,7827.8223,6542.6947,336510178.3231,336491887.1416,336536916.5175,336523203.8862,12056.5618,17837.9971,10012.2923,8098.3284,336501095.6650,336482805.0364,336527833.6361,336514121.1567,8086.8236,4245.1344,4138.4075,336508781.6736,336490490.6847,336535519.6760,336521807.2535,12056.5618,11225.7109,336508529.4970,336490237.9155,336535267.7909,336521555.1344,2838.5005,336507353.8379,336489063.1558,336534091.6665,336520379.3963,336505980.3584,336487689.5442,336532718.3042,336519005.9107,31685.1369,31611.7399,13411.6183,61341.6946,41779.5120,21771.9724,
79200.000,12129.1955,3054.2077,12527.8615,9037.5109,2161.0169,13284.3063,6738.9621,7984.2844,9422.3072,12684.0776,11764.6613,3271.1935,11748.3234,1526.2469,8201.0249,6935.3600,10738.4883,8693.7069,12126.6875,13844.2107,7266.7900,8437.4327,9556.3680,6082.6051,7395.4226,13286.3179,3420.4298,13169.8292,8246.9593,8696.8418,10129.8964,12694.9648,12542.1653,13637.9420,11953.6456,11932.2372,12102.6321,8932.1831,13188.4595,13189.2156,9328.9370,8785.6838,13523.2237,12989.8339,12934.5829,13762.6487,10166.1925,12825.2659,3182.1012,13303.6195,13454.5361,3155.5039,10302.4586,4841.2718,9412.6804,11540.0386,7116.3351,12353.2482,9580.2850,13872.8305,2638.0395,10925.0527,11839.1329,12525.1160,11299.1203,11193.0058,13515.6411,10417.6536,11179.2863,12923.3234,3334.0801,11339.8090,0.0000,13190.4935,12673.2852,12290.3067,4214.8084,3036.4704,10843.8754,12854.9061,13860.0428,8493.4998,7171.8220,7585.1287,12056.8838,12946.3616,11940.2144,8652.5910,13321.6651,10054.6653,9288.3871,13782.3614,11064.0335,12145.3463,6225.4782,8655.5900,1655.1186,11024.3868,10461.2789,386197.9745,415139.0733,401798.8507,393747.0801,402757.4692,402575.1451,404140.4384,400981.8309,336101153.2941,336082407.9193,336124244.9917,336108422.3825,12714.9353,4382.0038,13387.4172,12294.5306,6594.4900,12146.3149,10421.0148,10301.0980,10777.3925,11748.6265,11717.2634,1660.4070,11334.3378,13321.5081,11407.3192,11529.4482,5376.6449,7810.4530,5647.1750,9109.4539,12501.8203,4101.7978,13133.7266,13226.4802,5384.8987,12994.7781,7937.1454,12099.9208,5530.3692,3876.6295,10391.8419,1221.6871,4293.6756,2443.5697,7217.8422,6322.5371,13351.2003,5807.9775,5049.1802,5493.0310,10715.7481,7114.2695,10257.6442,8737.6328,6725.2415,8883.2423,5635.0229,10240.4368,8950.6198,4599.9040,10429.5371,8684.2171,11131.4965,5300.3300,8883.9634,11996.1864,10503.3122,4522.0033,6471.0046,11860.3103,2880.0588,950.1239,7504.8132,2890.1358,6231.0241,4042.6405,8927.3019,6984.0711,8629.4228,10214.4414,2620.2157,0.0000,8044.6515,8969.3857,8461.2640,11436.3574,10435.6400,7832.9840,6651.6921,7057.4292,11263.4472,13156.7700,12280.3559,9991.1387,8756.3239,9538.7007,13324.8796,8429.0471,12751.8820,13251.3041,7172.1784,5464.5455,7402.4666,10981.9239,11239.2017,11417.4856,4278.6672,7429.6001,386499.5876,415481.0627,402357.4700,394232.3095,403264.4248,403075.7312,404432.6765,401346.8097,336101982.6586,336083237.6856,336125073.8576,336109251.6404,13442.7262,7909.7925,1278.7487,13750.7197,4023.5061,9935.2318,10889.9895,11369.9087,10449.9651,2220.5007,12179.2907,4255.3596,7892.8543,4583.5051,8533.2165,10173.8448,10746.2715,13630.1572,9659.6030,9127.0997,10839.9960,6746.5396,4827.5115,13716.2093,4589.8115,11949.4306,9287.6450,10392.6978,11590.1138,11784.7079,13172.4216,13519.7144,12089.6279,12960.3965,13242.3836,7772.6284,12399.7975,13701.7032,11161.8197,6578.5170,13698.6425,12174.7558,13128.9416,13190.1109,8548.7515,13625.3796,5274.7544,13088.3206,13079.6845,5920.4217,8728.8212,3531.3394,11201.8614,12578.5634,8607.0323,10644.2964,11111.7190,13442.8211,5333.1928,11434.8304,12647.3443,13261.2584,11549.9627,10353.8681,13745.6314,8747.2223,10125.3813,11561.0754,5729.9162,12531.9669,0.0000,13445.7213,11234.0407,13038.1907,2914.8419,4994.1198,9523.9897,13560.5784,13420.9303,6104.8033,7520.5724,8740.4712,10246.1321,13113.9479,10191.2684,6509.8114,13307.7120,8666.6449,7751.6978,13577.7363,12600.1983,10870.7445,4390.9888,6270.9960,4601.3906,12490.9305,9373.5290,383168.4164,412103.6555,398765.6311,390708.8801,399722.3098,399548.7449,401110.3739,397950.9834,336104177.7825,336085432.3913,336127269.4993,336111446.8749,12050.3150,13163.8026,3078.4625,13522.3019,8024.5696,7239.3206,9972.7197,10597.0367,13075.4747,5949.9001,11922.7841,11545.5577,13223.0878,12298.1606,7519.7663,10110.3855,5027.6695,7784.4397,10079.5527,6494.9924,11562.3649,13552.2932,2426.5204,12268.9732,9030.4040,9597.4669,7038.3964,5019.8941,8879.3697,3299.5257,4806.3666,6580.7199,3165.5809,2178.3413,12063.2515,7782.3805,1976.4197,5739.7726,12728.8061,4202.6069,8595.5359,5491.9109,6475.9921,11523.4875,1477.9424,11353.1226,6421.7222,6006.7772,10642.9663,11334.0850,12984.4055,5679.9122,5059.4530,9821.6840,10815.7949,6154.0654,5932.8080,11452.8059,6891.1256,4273.7918,3540.3601,7032.3241,9572.0216,3202.8552,11442.1447,10172.0130,9471.5478,11110.1007,3767.9090,0.0000,4745.2357,9700.6245,4581.0169,13083.4474,11614.6063,10738.1285,2653.1132,6064.1473,13080.7820,11334.3814,9994.5953,11054.2620,5553.7799,10822.1601,13094.2226,5601.9867,11610.1786,12293.7491,5333.5712,2988.6266,9850.9547,13029.5457,13041.4350,11735.7952,3227.3364,10616.0754,387583.3908,416629.5558,403434.5084,395391.7017,404375.4404,404082.8131,405522.4787,402430.6898,336100367.2661,336081622.0449,336123458.6503,336107636.2770,8808.0334,10560.5291,8056.5825,9171.7559,8470.4706,6394.1972,4480.5817,9605.0869,13675.8602,10067.8939,2435.6115,9189.7917,6944.7459,13541.1279,10977.3454,11084.5090,11063.2006,5157.1002,13532.5029,5073.6111,5069.8216,11172.6604,6734.6058,10083.6824,6132.5701,13388.6881,13313.7754,6296.6219,13171.3017,11920.5457,13504.5571,10332.0539,11270.5333,155.4350,11626.2993,11408.9240,13083.1474,9435.1135,10026.1251,6699.9019,8541.0179,10345.8013,10933.5676,11354.6589,11140.8153,8213.1704,11871.9286,10403.3493,10951.3770,10240.2758,13137.4808,9252.9889,7039.4477,7501.0255,13558.6113,10555.6381,8966.8076,13763.2412,13569.0799,9945.8337,13595.5034,12374.5290,11971.7610,10695.9267,12170.5698,9348.6179,11216.6697,13445.1685,0.0000,9284.1406,8879.4101,9294.4818,9952.7330,11098.6390,11565.4147,10620.3922,10062.3469,8992.7018,4180.2628,6227.4291,8591.0723,8494.9214,8963.2290,3412.3704,8783.8801,1936.6079,1412.8509,9901.6860,12293.6327,11250.9995,10101.7882,8948.6879,9868.4896,12893.9918,12073.7095,380685.3845,409742.0712,396336.5651,388403.0806,397338.3125,396985.2536,398635.1661,395483.9942,336105995.2522,336087249.4970,336129087.1970,336113264.3740,13751.5201,4795.7287,9604.9955,10763.8636,12063.5899,11241.0734,1496.4142,11716.2460,3142.4573,8556.9699,5008.0152,9369.0237,9297.9422,10999.1678,13730.5144,8970.0063,9418.9270,10070.7150,7065.1059,5996.6797,13657.0599,4642.0827,12322.0868,9431.3609,9520.7558,10888.2025,12384.1720,12806.6832,13502.0210,11714.3747,12814.8232,12994.8144,8678.4100,12516.2981,13598.2934,10385.9591,7035.9928,13813.5868,12739.2284,13344.3980,13426.9585,8726.1186,13462.5101,4086.4037,13424.3100,13101.8136,4933.8042,8901.0447,3134.2651,10429.4483,12528.8189,8568.9121,11340.9333,10319.9144,13638.8438,4693.3697,10872.2342,12149.1171,13234.7251,11084.1834,10240.8793,13652.4409,8987.1414,10088.5344,12023.5274,4569.6280,11955.8911,0.0000,13598.3102,11744.2614,13064.4597,2446.9803,3785.8668,9597.3301,13490.9854,13665.0276,6674.6646,7960.0145,8849.4368,10858.0719,13338.3573,10739.8534,7619.9358,13558.3130,9575.3956,8736.6289,13787.0159,12108.1241,11067.6215,4394.7998,6854.2053,3600.5037,11926.0376,9294.2290,384262.8234,413188.9012,399864.3478,391794.2804,400815.3360,400656.9478,402203.7699,399046.2527,336103190.7827,336084445.4459,336126282.4545,336110459.8674,13497.6930,8503.5893,7027.6927,7890.9794,8523.4427,13818.0920,8015.1084,13016.7595,10318.4813,13469.6110,11254.6288,9997.2249,9970.2357,3901.4188,9298.9526,9127.0724,9060.4704,11079.5072,12855.4538,1357.0822,12377.1673,8083.6314,8914.4835,9576.6406,7786.9142,6508.3911,5527.1225,4706.0665,8282.8117,2861.1887,3118.5617,10601.7913,7633.4383,1651.0113,8351.8347,12770.9323,1331.0775,6121.4269,2701.2152,5057.4816,11832.8022,1767.9281,12789.8209,3605.0201,5951.3420,11952.6151,11634.0339,13786.0418,8320.9625,4139.6700,9641.0050,9331.1739,8831.5205,4470.7261,12234.3068,9041.3055,6805.3089,1870.3927,8921.6756,10392.4772,3370.7211,11613.8075,10828.2140,8331.2274,12598.7556,6657.1639,0.0000,1811.9683,8492.4490,2860.3864,13849.3088,13003.5165,11181.3786,1138.3150,4201.7259,13032.6860,10520.1527,9494.1460,10038.7800,2750.7106,9968.8764,11947.2173,2696.1319,9898.3628,10802.9928,3019.3271,5439.7434,9835.7755,13634.9959,12954.3203,12790.8144,6090.5972,11375.3582,385529.8180,414610.3269,401379.5020,393381.3284,402338.2004,401989.3638,403471.1370,400377.0236,336102132.5587,336083387.1798,336125224.0629,336109401.5886,12234.6193,12657.7521,9479.2027,9037.8606,4274.0867,11411.8608,7525.5786,9122.1453,1472.9230,5391.0429,11003.1949,7821.4780,12286.0667,12028.3951,10905.2792,11329.1660,9202.7038,3395.4350,13270.9289,7911.3041,9368.6634,11272.4419,11474.2853,12267.8693,10455.2315,12678.3894,12161.8892,10941.6279,13554.5726,13810.4473,7905.3990,10161.0926,13328.6207,12391.7126,2947.8403,13133.2383,10903.4447,12916.0911,11468.6274,5476.3271,13685.1576,7826.6705,12344.6867,11367.9761,8916.5910,5690.3703,3753.8210,12364.7087,13471.8794,11057.6183,7954.9318,11904.4379,11890.8090,8792.5218,10838.1785,12370.9432,13525.5257,10599.7569,8100.8852,12871.0434,5576.6856,7615.1492,8917.6800,8417.0723,12798.5927,0.0000,13159.7021,8570.4103,13483.2932,3844.4127,7546.9523,6729.6682,13637.8008,11953.7039,2281.8568,9503.3208,10962.9671,7158.4051,12870.6468,7092.5310,5295.1621,12732.7219,7920.3893,7227.4584,12482.6379,13520.8332,8053.9823,2810.0035,2437.9607,7973.1239,13209.2526,6926.5922,379860.0189,408790.2524,395503.6438,387416.6428,396444.2276,396292.1478,397800.1465,394654.1537,336107729.5875,336088984.2845,336130821.2088,336114998.6607,2182.2653,11840.7281,10995.0943,10393.1599,11170.3815,7711.9841,7230.7282,12498.4680,13127.7308,8870.7894,13754.8712,11204.3039,3124.1621,4708.9392,9044.8369,5553.7721,11448.8740,9067.5588,6406.2577,13229.3979,3649.8502,8057.5051,8013.2653,10714.7380,10059.2173,11428.4267,11814.8018,5978.7621,6402.5847,9190.8061,13006.3844,8947.5753,6839.5606,13261.1471,9225.6164,10696.6415,8192.4990,11808.0422,13612.8384,7831.3244,8259.2031,9533.8277,12103.9060,6219.5684,13578.9075,11351.9952,7018.4562,5030.3958,2792.2101,13005.1599,8331.4150,11543.2233,5667.6090,11115.0810,9950.0728,6926.1490,11605.8993,13225.3007,10368.4078,13647.7226,13553.0885,13134.6357,7716.1876,8677.9555,0.0000,8438.6152,13011.4855,6398.3940,11005.4769,8546.3949,13621.0840,7596.0873,11294.1690,13186.0767,5843.8614,3566.3152,13513.6627,8266.2773,13476.5997,11186.3645,9137.6210,10117.3720,10137.9909,10465.3163,6096.4167,13681.1483,12176.7322,13235.0447,7091.8232,7143.6316,13408.2877,389575.9315,418624.4699,405268.4552,397302.4636,406254.4456,405924.2041,407524.0358,404385.4658,336097468.7190,336078723.1701,336120560.4668,336104737.8038,10584.0437,9769.7025,11512.1544,11262.6388,9320.3245,6668.9546,13008.9781,12638.0722,9891.6836,13387.5811,10053.5234,4926.6017,3987.8039,9796.8992,5904.0404,11492.0964,7838.3392,7489.0655,12398.4553,3086.5523,9113.8984,8581.7080,9242.2481,9728.7902,10538.6901,11822.8628,4591.4914,5369.8214,8519.5214,12369.5157,7801.8060,7730.4440,13465.3387,7664.5858,9157.8538,6356.6437,10642.6837,13715.1376,6671.1849,9851.8595,7809.3318,11336.4985,7999.0277,13648.8517,12333.6359,7876.0838,3170.9548,3323.1994,12108.5634,9142.0096,10337.3783,7353.4418,11469.1875,9966.5774,5302.5255,11817.1681,13277.0062,9413.6139,13660.9402,13593.5802,12272.4887,9395.7912,8834.3434,0.0000,6696.6062,12151.4376,4559.6660,12040.2964,10111.3443,13653.0453,6158.6243,9974.4979,13403.0811,5705.6370,3505.0154,12861.0590,6435.3113,12885.9071,10847.9525,7406.1368,9210.6484,9470.0663,9008.7660,6003.3344,13340.6485,12917.8237,13416.3499,8757.4482,7273.4259,13600.1469,388528.0816,417603.2404,404245.5094,396301.6216,405238.0351,404869.9389,406476.6170,403343.8806,336098447.5857,336079701.9764,336121539.3591,336105716.6718,2039.4506,12109.1560,11162.0926,13205.0013,8059.9891,9980.8751,4958.0763,13346.4358,7093.1737,6531.7111,13111.6470,9349.0819,12778.6603,10306.2996,7881.7740,8123.5803,11572.2842,4868.4577,9976.9785,13394.8243,12545.8605,1835.5408,10434.2745,7633.0709,10641.7600,9446.2092,10142.6084,6401.2588,6994.9538,8498.2782,13108.7011,8774.8159,6762.4167,2271.7327,6382.3887,5196.1091,8866.9468,9238.7279,13471.6400,4831.3250,7373.5395,13268.3015,8734.2824,11869.4542,13067.4706,9336.1364,11023.6754,2706.7751,13069.7380,5608.9042,12841.8827,11775.4974,11358.9055,8472.5113,11206.1072,9528.8121,8288.1426,8394.2364,9345.8396,4093.9616,13643.1934,11924.5415,0.0000,6754.4942,3711.0681,8405.6645,11964.9309,13462.0002,8925.9785,8621.5134,5116.9107,8775.1244,9464.7273,10389.7865,4474.9909,6276.5168,4922.6496,6397.8431,5688.0528,4575.5209,5673.0014,5572.0193,11707.5074,7389.0173,11045.1445,8609.6061,13192.7450,11980.9935,9797.7151,378422.5043,407487.4459,394202.2930,386215.3468,395171.5901,394837.4327,396367.5883,393253.0654,336108864.6456,336090119.1147,336131956.3306,336116133.7136,11518.5644,12144.9390,12455.4266,6270.8852,9793.2996,5176.8672,13628.2875,8423.3042,7962.4819,12579.1179,7884.1936,13217.5466,8760.6347,6832.2926,8974.8921,10241.6478,6614.8444,8651.7621,13596.3962,12943.7350,2401.2111,11407.2382,9053.0092,11739.3340,9531.6782,10384.4137,4503.5704,8601.4232,9327.9798,13254.1620,8988.1749,7538.7054,2921.3972,6586.3339,6843.0106,9613.1672,9788.0203,12982.9122,5388.9503,8906.6859,12585.8862,9530.0764,11539.4833,13245.1556,9029.1805,9770.8832,3994.7167,13412.2310,7163.5099,11829.3017,12614.1262,12206.4116,8668.2117,12167.2784,10606.0661,9460.5451,9195.6547,10403.2854,5815.1784,13123.1609,12533.5054,0.0000,7178.2992,5367.7897,8348.3396,11518.8930,12964.8599,9892.3397,9049.4623,6610.5085,8822.4751,7833.3490,9035.5428,5661.4711,6492.8520,6138.7413,5048.0343,6235.2188,2660.0626,3856.2897,6760.0835,11914.5754,8730.1557,10885.5744,8684.3145,12379.1914,12349.0522,10681.6488,378823.9028,407894.7585,394564.1321,386603.7066,395547.5147,395194.5909,396771.3079,393644.9264,336108207.0829,336089461.4497,336131298.8727,336115476.1713,10965.3067,3707.5094,9583.4513,4071.7983,9082.1143,8746.3238,10169.2880,13440.3173,9454.0901,10451.3074,9508.7046,8298.5853,6300.6719,13579.8187,6005.5425,11798.2284,10445.4648,9128.5880,10543.6670,12557.5010,12346.0492,13071.5592,10890.6797,13082.9288,13153.4477,9469.9804,11840.7235,13504.9083,10223.4845,6125.1697,13863.6690,12909.5634,13624.1186,13120.6458,7661.9433,13492.8852,3982.8704,13604.7899,12555.1561,5422.5485,7852.2986,1680.9364,10237.2416,13007.0622,9626.6032,11096.2523,9901.7508,13362.1875,5743.1888,10039.7342,11612.4929,13483.6504,10212.0631,9185.6066,13351.8118,7985.5624,9013.6072,11569.2370,4629.9750,11586.8632,0.0000,13794.9675,11329.6678,13434.5827,989.1624,3631.5914,8535.3993,13623.3602,13473.2526,5863.2379,9112.7803,9920.5394,10381.9852,13613.9448,10191.3765,8055.3047,13729.3724,10115.6444,9363.0290,13713.1421,12155.5924,10212.6825,3122.0880,6060.2859,4330.9887,11791.9990,8147.5316,383899.0395,412809.2183,399517.5899,391419.7116,400455.8796,400326.7541,401837.8386,398686.2318,336103767.7051,336085022.4613,336126859.2961,336111036.7756,10923.7324,13738.9244,10517.0310,11198.7470,4908.9566,7147.9806,6604.1848,9613.4025,13162.4194,3763.7654,13458.6541,12885.0176,6826.6162,13007.9753,7897.4045,12798.3967,5378.7794,4314.2988,11028.0404,2866.9075,5164.9497,1169.9268,8604.2176,7774.5722,13621.7334,5665.4270,6534.0805,5919.0759,9819.7529,8405.5384,10964.2197,9948.4304,7390.3601,7838.9506,7159.5065,9682.2448,10002.0655,5012.5806,10228.9097,7653.6880,10202.5514,5711.5567,10147.9093,12582.6958,10492.2851,4543.6522,7275.0354,11813.2042,1427.1845,2028.0372,8895.4007,1273.3047,5036.8494,5355.8695,7957.7865,5827.6381,8601.7871,9756.3981,3614.2115,0.0000,9323.7399,8936.7294,9784.3218,10579.1147,9836.5907,6753.8633,8108.8101,7916.7117,10421.2634,13578.2979,12894.6237,9703.9497,9957.1178,9185.6003,13218.1505,9588.9082,13030.4691,13422.8893,8238.9009,6697.8448,6704.4167,9990.9425,10410.0180,11112.0462,5401.2166,6189.3899,385985.7107,414941.8701,401832.7934,393681.9794,402730.2342,402579.0471,403917.0556,400829.5917,336102628.1818,336083883.2754,336125719.3415,336109897.1590,9143.5436,7449.4379,11420.9815,7450.7080,12135.8952,13628.8046,6422.9186,8991.9373,8414.9286,6936.5485,8535.8125,12923.9019,4458.0330,13270.9738,8638.5476,7443.9735,9047.4469,13136.1023,11802.2507,13280.9545,11233.5243,11569.0645,11589.9485,9969.5664,12996.7152,12774.9790,8183.5016,9188.6478,13378.7361,13386.3772,12967.8082,13704.1039,10208.5374,12370.2108,1797.7414,13441.3824,13144.5732,1959.1657,10327.6392,5010.1443,8267.4560,11360.5056,7391.7939,12849.0289,8403.2873,13767.9458,2646.9701,10018.7416,10959.1591,12282.5307,10499.7787,10845.1311,13082.3430,10505.6863,10926.7338,13133.1938,1833.5092,10381.0075,0.0000,13126.7602,12943.7355,12146.9781,4499.2100,1754.1136,10731.7382,12528.3001,13819.2439,9018.2891,8017.3161,8007.1112,12457.3778,12988.3834,12272.9108,9760.2664,13360.6157,10974.3971,10328.5633,13719.2134,10258.7000,12091.7483,6487.9779,9182.1816,747.8108,10103.9996,10209.2261,387283.4553,416217.6965,402902.1317,394832.6305,403852.2421,403685.3982,405224.8007,402071.7375,336100227.5235,336081482.2254,336123319.1495,336107496.5987,10147.1671,8921.2804,12922.0160,12291.8152,11615.4234,9428.0355,2940.5532,13013.7006,2986.4519,6530.3500,11050.1720,5316.7292,11454.7757,3940.8156,12604.0712,12608.6321,7508.4862,13047.6075,12387.1914,13774.2330,9446.4136,10414.5717,2488.4687,12617.4436,11225.1381,12098.8850,10729.8267,10063.9089,7791.3995,8383.8074,11204.2126,12116.1721,10857.6747,10363.5748,8577.7275,12553.8774,9186.4485,12133.8291,10511.9884,12190.3427,8107.3293,4833.4659,9360.4963,12854.7401,11282.5655,7503.8172,13767.4442,13339.4463,9311.2242,13773.7019,13215.8211,12116.6577,11957.6070,13132.5306,10849.3235,10288.4962,12904.1172,0.0000,9139.9692,10447.4040,8517.8684,10121.6911,10382.8261,12658.4242,10119.9335,10787.8859,10322.0786,1860.5450,3962.6906,10358.7931,8369.1605,10639.7951,5407.2393,8934.1295,4140.7195,3780.7522,10369.3813,11286.6027,12488.2796,10737.2621,10316.5429,8781.9487,12059.4072,12980.6649,382999.2583,412061.1125,398637.7872,390717.7796,399646.0304,399280.0121,400949.5674,397794.6835,336103601.7700,336084855.9869,336126693.7414,336110870.8969,5893.9401,10172.8694,7204.1938,12052.6055,11947.6850,11671.3814,10503.5599,10050.6246,4786.8128,13101.5319,8600.5410,9137.8601,11932.9866,10751.9016,11611.0629,10952.6123,12053.9709,11742.7354,10017.5888,13583.1395,13705.3444,9043.3158,9613.2480,13121.2628,11844.0985,2241.3614,13166.3524,11365.3607,13180.2731,11315.9103,4484.2429,13534.5764,7412.0896,12627.1765,10876.2485,8790.6351,4724.1474,3007.0223,11797.1659,13697.7824,11626.4183,8262.9355,11172.6862,11732.4169,9050.6757,9849.3881,11633.1257,13610.5608,9605.5106,7050.5172,12511.1835,4708.1783,6568.6466,8822.9316,8056.0682,12159.7872,0.0000,13322.7525,8553.6539,13683.7829,3354.2884,7128.6285,5729.2932,13614.4952,11895.3872,1887.8104,10410.9825,11627.6509,7195.3344,13138.2923,7000.6660,6558.8185,12945.9658,8953.8529,8383.0549,12488.8753,13218.8857,7374.8048,1608.7309,2105.4700,7981.0854,12747.6466,5771.5925,380298.7983,409213.4046,395959.2384,387845.2253,396887.4527,396763.5056,398236.6320,395096.5738,336107510.9187,336088765.7136,336130602.4545,336114779.9767,12770.0671,5408.2257,9297.5575,13669.9331,10905.7043,12533.3393,10495.2028,4733.6000,11108.2407,10629.1603,5508.9873,11513.5575,13134.1349,13006.7810,6507.1039,11715.1027,9654.2089,10472.1354,12312.5073,12756.1763,6845.1139,7433.0860,11334.7259,13547.6699,4493.2194,10421.6040,6986.5385,10312.8277,7963.7034,5527.5119,12074.0788,11631.3174,9106.0009,8792.8507,12162.8769,5527.3424,8500.3922,13489.7275,12312.7834,12024.1857,2924.8022,13103.3409,8534.3028,11902.2516,11286.4905,12078.4034,11747.4483,10687.6249,7698.6952,10679.9036,5092.2607,7164.7304,4705.7296,12050.2614,12838.1211,0.0000,10578.9252,4200.7347,11761.0965,8700.4500,11482.9615,6273.8831,11796.4030,8464.7337,4342.9378,10114.8046,11582.3154,2627.2330,10229.2351,3004.6628,4433.1523,9758.1496,5545.0569,5660.6000,9243.2410,13420.7158,5852.2831,7294.4843,4149.7685,11659.1360,13288.0412,7211.9803,377151.0002,406144.4418,392874.8182,384824.3366,393823.5557,393593.3662,395093.8962,391966.8890,336110342.4478,336091597.0574,336133434.0761,336117611.5138,10253.8435,10157.3068,6315.7640,11937.4144,1314.3002,11592.2023,12624.0805,9261.8499,10476.2897,11334.7450,11319.4128,1073.5246,2746.3035,13039.3481,6126.6470,9120.9397,5747.5022,9089.5634,8309.2383,13475.5075,9700.7298,8907.5637,2971.2933,10543.3774,10717.6357,13056.8170,11500.1748,10920.5528,9534.4299,8721.6264,5976.8220,12081.1290,9194.1885,6416.6674,9482.5476,8510.1522,2841.3881,10143.0886,10501.0240,12899.1154,1622.6369,10779.7882,8480.4930,3932.0964,4699.7475,9952.9668,4881.6736,7840.0749,8737.1783,9839.8230,8442.5528,11749.6590,5844.8390,4193.5171,0.0000,11106.2996,11892.3131,10502.9556,8668.3442,6239.8031,9034.2444,9556.0260,11177.0243,10931.0476,12139.3008,11146.6566,12216.6880,11538.6573,11775.7842,13357.8359,11622.4886,13581.5587,13607.9313,11126.9353,6090.7602,9919.0235,9111.7046,11012.9064,7586.2136,4911.9330,8171.1963,389091.7452,418028.5471,404859.5561,396720.1332,405769.0002,405633.0418,407026.6395,403916.8479,336099249.2989,336080504.3352,336122340.5588,336106518.3000,6836.0253,13362.8364,13250.7688,9672.4325,13197.8110,9018.6343,9193.5065,12971.3364,3013.4172,13474.6267,10843.0746,10383.2362,8152.7388,8263.1815,6370.8202,6119.8653,11510.3551,11434.0678,10895.4845,3110.4435,9292.4546,11497.4872,5239.5297,9354.5807,8352.1600,10371.5148,5862.0896,3219.1573,10395.4888,11538.3139,9282.8076,5043.9599,12445.3909,2952.1711,9024.8848,11359.7560,12346.3277,13742.1956,4970.3134,10497.8267,6408.5113,13145.5559,7415.7128,8560.5227,11070.7359,6534.9221,3155.8816,7842.9274,2788.4082,2758.8829,3346.9096,11946.1151,9877.9870,0.0000,10149.1273,3556.4314,11596.7161,9512.8217,11468.1446,2497.1981,10621.4097,6877.2493,5869.6019,13004.7441,13595.9679,3401.0693,10305.1980,2763.6386,9205.8806,9565.8946,9648.3807,10042.9085,8001.8644,11651.8333,499.6815,7783.3770,5721.4689,12471.9035,11000.6816,3521.4247,379080.9072,408042.0491,394892.8474,386762.9126,395801.6565,395639.0745,397015.4897,393916.7419,336109186.7151,336090441.6449,336132278.0363,336116455.7233,11469.2744,11311.3955,9092.9252,12689.5671,12144.6528,3077.0686,13550.7278,4768.7392,11314.0323,10143.8961,8486.7031,5956.0249,4943.2285,1595.5509,6329.3133,6420.0183,6352.9303,11089.3054,4103.1230,3340.5143,9596.2940,10795.0105,3244.2412,5669.2446,5162.6718,1655.4706,9346.0537,4759.6513,13165.1620,4459.9980,2475.9308,12982.8700,9099.3536,12956.6106,9488.2005,7658.7012,11970.3510,7065.6940,9333.4045,1060.3389,13520.6546,7794.9002,6352.3322,5606.5238,7250.9738,7728.3321,2141.7021,9046.5991,8097.7139,5291.9813,13187.6911,7186.0573,0.0000,4507.6761,5640.4355,6435.7409,13199.1413,13295.0095,8491.1235,4880.0187,1605.6543,11205.5779,12169.0684,11778.9556,7384.0841,5119.5312,7208.7018,11406.3088,4217.2584,9885.5184,10819.0442,2078.2166,7739.4104,6683.4427,12381.3525,11087.2283,13611.9794,7642.1622,8882.9239,382680.5117,411728.2964,398555.5270,390504.9799,399490.7290,399200.3480,400617.8587,397532.9914,336105340.7607,336086595.5310,336128432.1414,336112609.7696,7410.2292,6734.0905,7433.1787,12120.0192,9431.7819,7106.3022,13406.2595,6456.9164,5432.8509,5907.2176,12219.0218,9023.5743,11253.8449,10411.1120,6925.1057,6774.3903,11045.5601,12675.5321,9180.4036,4413.3670,12819.8329,10178.2148,12214.1216,9776.2787,12225.9913,12871.3497,8170.3315,6389.2827,10998.3453,11817.1701,4540.6588,12846.8985,10260.0861,4618.6957,6820.8142,5300.9877,13749.7454,5928.2337,11968.3238,5196.9934,9281.2564,8452.2108,8095.6663,9973.2043,12132.3302,10254.6289,13022.8104,12553.8322,13477.1657,5750.4038,7043.8984,0.0000,9767.0176,13432.5621,7985.4291,9985.4133,6751.9230,12773.3409,8392.6933,11933.4832,12859.7833,8045.9184,6203.8162,13852.2131,9848.1575,13674.7108,12331.3094,10514.1485,11835.1407,11774.2700,11290.0379,5210.7760,13200.3807,11254.9431,12939.5499,5909.4407,5716.4392,12306.2155,390741.9653,419749.7491,406445.6449,398422.3399,407407.8783,407146.6480,408686.9093,405553.8200,336096684.5254,336077939.1720,336119776.1198,336103953.5851,12005.5570,2900.1812,8898.2689,9984.4568,5515.5352,12294.1987,1098.5893,11399.7603,11258.3476,8316.6295,12089.9161,12025.9687,13435.3306,7577.7007,8559.5346,5220.7377,12991.3685,10089.7403,10524.9805,12295.0700,9215.7185,8428.4528,7452.3960,11319.2080,13258.9079,9372.7986,10081.6523,8257.6236,12489.1820,8420.6970,13244.6422,11461.9502,10650.2091,6001.6611,2511.9130,10901.5296,11613.1692,11224.2513,6871.1195,13245.8438,12358.2488,7720.9208,13416.9357,13735.2166,11360.7859,13149.5696,13823.8644,11872.4785,9804.2525,11589.6234,0.0000,8144.2070,11578.3335,6814.7768,11064.1057,10210.5590,13565.9478,8643.1872,10738.2439,12016.1938,2078.4612,1497.0710,11857.3541,7477.9857,12039.8936,8007.7025,8315.1961,6447.9340,6420.2604,10021.1115,9386.8241,13347.3109,11934.8560,12025.1757,8465.5394,10397.6601,13719.9406,385698.9937,414773.4661,401358.4998,393443.7549,402367.2552,401985.4019,403649.3717,400499.9641,336100945.4711,336082199.7094,336124037.4060,336108214.5893,11938.4725,12832.4237,8225.7977,11086.1436,10566.7742,11413.4491,1659.1565,1884.8293,12428.1933,4859.0375,7990.9554,4714.8518,8396.0889,7533.6890,13474.6758,8789.8053,7856.8891,2846.8335,10607.8321,9786.2643,12405.9714,10757.3178,9950.5519,9352.7866,7771.7124,7036.0523,11303.1945,8127.1912,7364.2601,9262.8069,9172.1788,2651.7634,9637.4949,10759.7061,12384.7865,1108.6712,9775.2042,9277.0291,3007.0156,3397.1447,9189.1463,3970.3073,7337.2720,7583.1040,9606.1721,8007.7350,11051.4081,6921.1481,3024.0268,0.0000,10285.0762,11241.3696,9846.6835,9374.8924,7287.6177,8693.8399,8683.0438,10210.7846,11046.9515,12358.0091,11333.6606,11735.9193,10794.6739,11284.2031,13410.1689,10807.4665,13419.1258,13565.4053,10170.0968,5427.6110,9309.6896,9582.6700,11103.8775,8525.2311,4090.4321,7898.0618,388701.9725,417649.9507,404494.4656,396357.2019,405402.6086,405254.3071,406636.4801,403533.2515,336099687.3616,336080942.4039,336122778.5981,336106956.3564,7389.0398,11692.3242,2819.2651,12853.3852,3175.4152,11193.1266,11593.3999,9729.8306,12983.9062,13170.1489,13679.6341,9562.7788,10330.1417,5063.0358,13542.8025,11749.4657,10753.7378,11126.6955,11158.2222,9968.6824,9679.9223,12553.8798,12511.5792,11147.3629,8344.3215,10246.5301,13381.5167,6843.9412,12558.5306,9545.8952,10879.9655,8291.4721,2925.6345,11254.4310,11660.0368,12567.3475,4867.5225,13247.8430,12954.4735,9851.5508,13463.2437,13431.4116,12725.0578,12487.3462,13432.3562,12389.9051,8147.6316,12251.6067,0.0000,10288.0475,12047.8969,9121.7885,9039.2136,8399.7087,13053.6255,10623.0605,12198.3273,10739.0242,1290.6683,2572.8134,11897.1315,9694.0881,12044.0374,7079.7774,10373.1868,6722.4783,6163.9845,11721.1521,10549.0250,13314.9225,10216.1738,10792.2888,6437.2605,11277.1387,13114.2503,385413.0655,414449.3637,401027.5110,393087.2115,402029.8187,401698.7012,403362.5378,400202.2246,336101271.9363,336082526.2206,336124363.8738,336108541.0602,12956.7913,6990.9542,9526.3369,9536.0347,12851.2300,13330.9552,8745.3481,13464.8284,12454.9857,12480.9630,12873.2819,13429.7306,4916.0873,10909.8590,13106.0238,13301.4227,5400.5966,12345.9290,9244.6285,11623.9249,11202.5602,7705.7477,13351.9185,9362.1362,11013.4166,11878.8447,9683.4319,7837.6269,6517.7152,13309.5189,12375.6413,9690.4209,7102.4892,13203.5924,11604.5673,8803.4487,12587.5642,13468.6907,12667.9871,12337.9694,10098.8332,12998.8847,7588.1625,9663.8686,8830.9200,9764.1774,13711.0215,0.0000,12085.4169,8352.2306,12379.1564,6342.0812,9154.5155,8792.4755,13008.4239,11432.0090,4727.8661,7359.9441,9311.0726,7115.6574,11570.5226,7330.8774,2111.3532,11547.1071,5100.6948,4168.8586,11777.3756,13689.3275,9336.5104,6007.7220,4735.3024,8717.9455,13745.4819,9246.6478,379188.4811,408168.2040,394818.3673,386798.5236,395787.2656,395554.1448,397133.6605,393980.5519,336107935.9689,336089190.4464,336131027.7629,336115205.0705,12724.2237,7490.0691,9745.9309,8933.3706,7051.0914,6975.9813,4297.7206,3544.8361,7077.4872,3605.9319,3411.5880,11197.4102,6678.3077,475.9245,7856.5854,12305.4360,1990.0965,6624.0178,3865.9205,4496.7082,11121.4758,1727.4901,12520.6077,4374.2490,4864.5575,11889.0542,10908.6476,13405.2771,7791.9377,5166.6296,10325.1187,9200.4564,8098.0001,3883.3118,12406.1693,7939.1716,5678.4165,2992.0474,7775.4835,9413.5855,2054.9213,10922.5587,9902.2207,7876.8958,12368.5009,5759.9018,0.0000,2985.6402,8111.0136,4056.7485,13529.9934,12729.8466,10352.4195,2013.4036,3866.9972,12640.5299,11228.4604,10256.0372,9679.9231,3894.5537,9530.4799,12211.2344,3583.7568,10422.1473,11289.5518,2995.5824,5219.4350,9006.5564,13198.7886,12562.5561,12763.0255,5536.6980,10495.4907,385462.5580,414526.2997,401324.4935,393299.5391,402271.3650,401952.2506,403401.9837,400312.4198,336102395.7142,336083650.4251,336125487.1433,336109664.7313,13273.6405,5484.7449,10217.7561,11128.0122,11298.4827,13098.8591,13726.6296,13232.5302,10847.7984,11349.5210,6664.8733,13705.8855,12707.7264,10220.9011,10116.7886,12541.2532,11581.7702,11437.2261,13424.9407,11643.8738,12181.5417,6087.8327,11924.1884,13755.9028,4865.9677,11739.2840,7473.0177,10340.3779,9943.8475,4529.9028,11912.6146,10909.1552,13489.5032,2749.1166,12506.6650,12748.2080,11316.3369,12806.5283,12712.7195,13417.6002,11740.5981,12692.2329,12880.2393,5966.3156,12088.6325,0.0000,11896.3650,12559.5557,10795.3522,6876.6356,6081.5096,12299.3576,11906.7015,13275.1311,9718.3843,4020.5037,4760.1164,12136.4847,11451.0389,12178.0840,7502.6695,12007.4827,8193.7555,7416.8165,12977.1166,10939.6348,13056.7532,8451.4188,9825.0888,4014.6381,11352.5167,12175.3204,385869.0222,414861.3643,401462.9816,393477.9741,402449.0801,402183.5036,403815.9867,400652.2994,336101044.2719,336082298.6839,336124136.1315,336108313.3861,12595.9658,11683.0908,10756.4599,5770.3153,7939.2323,4943.8792,7036.8852,10088.1559,10200.6354,10039.8527,2541.1694,7719.4804,11842.3491,7323.7073,7191.5909,5873.2961,8200.6767,3362.8123,5957.9200,8938.6634,12895.9033,6840.1637,3884.6330,13316.8445,5716.4882,10968.2935,11723.4962,10849.3935,13192.3909,3479.0579,11177.1277,4018.4857,13719.2949,8593.9190,8750.4892,9347.0631,7754.8892,5606.2102,6411.6378,5478.3230,5487.7043,964.1392,13175.4654,9932.2455,0.0000,7999.4812,1516.4200,9842.5022,11327.1291,12882.7322,5384.9493,8934.1717,4335.7560,7756.5920,12388.1256,12889.5970,3029.1534,8118.0808,2781.2349,9030.9581,7227.7879,8506.0527,9244.9713,5576.7661,11090.1555,3167.6583,9885.5160,7583.4778,13454.4959,10747.8024,6290.9049,378885.7138,407895.3519,394721.1773,386639.7432,395647.5269,395413.2610,396823.2135,393728.4029,336109138.2195,336090393.0159,336132229.6204,336116407.2373,10713.7535,10588.5181,8883.4594,11683.1338,11937.1700,13160.8708,7077.0335,7989.1391,6184.9447,13083.9912,9804.4494,9750.9788,12612.1403,9160.8928,8955.6552,7499.5154,11472.9269,13449.1267,8966.5382,9658.3175,8492.1154,12468.8656,7857.1298,13430.5246,11479.7894,9889.4818,5517.7692,1643.1874,11472.5819,10943.2333,11329.4580,6418.3125,12856.1777,11881.3585,7400.7484,13102.0374,13728.9323,11156.1593,13373.1194,13874.7290,12248.5490,9312.6114,10987.5844,0.0000,8109.3409,11993.2594,6523.0316,11080.1656,9823.9553,13690.4627,8311.8287,10885.4375,12375.5152,2763.9210,820.8030,12337.6023,7539.9601,12470.3852,8803.0082,8428.6181,7353.9165,7337.4942,10111.3115,8642.3822,13531.9040,12055.9096,12395.2357,8066.9034,9694.6042,13759.8933,386722.1523,415793.1042,402387.0335,394464.7380,403392.4359,403017.8404,404672.2430,401524.5665,336099984.8210,336081239.0948,336123076.7244,336107253.9336,2211.9057,12946.3709,6092.4192,9203.3946,6307.5305,8419.2549,7626.9732,13332.8225,10111.7933,8564.2252,1964.5625,11172.5711,10390.8306,12938.7321,11077.1736,10998.6854,10268.5260,8212.4657,6114.0968,11805.3346,9431.9504,6166.5048,10210.9211,9064.3460,1864.3627,9434.2142,9871.9397,13162.4290,1157.5288,10805.0746,8157.8385,4619.5037,4758.1139,9379.5090,5559.6531,8611.5256,8626.8442,10541.0497,9216.4022,12074.5900,5856.8513,3864.3284,0.0000,10693.3074,12206.2409,9893.7877,9153.5869,6422.3860,9784.8040,9032.0843,11147.8584,11519.1988,11733.5217,10556.0707,12620.3638,11124.7200,12214.0182,13475.2785,11295.7618,13513.0901,13562.2412,10969.2761,5277.0991,10521.5932,9740.9792,11597.7313,7473.7720,4202.2156,8988.8536,389729.5364,418679.8819,405496.2037,397373.2493,406412.5488,406255.5332,407665.9675,404554.9276,336098501.6515,336079756.6420,336121592.9450,336105770.6578,11934.6414,4169.5454,7543.0329,5388.5801,6863.1592,5901.3317,13276.4895,9051.4251,6642.8228,1690.1223,11667.8426,8687.3595,11845.0466,9620.1342,9558.4529,10484.3031,6317.2761,7915.2483,10395.2848,8006.1068,7705.2611,10370.4794,10400.6410,1477.8304,8195.7533,10031.4662,12544.4924,1177.4485,9268.6872,9382.4711,4155.1284,2998.9712,7772.6146,4977.9100,8446.3649,6752.4290,10658.8570,9128.1619,11230.7017,7661.1229,1702.9645,0.0000,9109.7068,11424.7874,8453.2294,10526.5460,8213.9085,9797.7844,7267.7350,9624.4333,12063.7152,11911.5438,10600.8524,12153.9072,9672.3434,11759.7010,13647.8741,9787.2051,13237.4941,13491.8964,9358.2284,3628.5549,10037.6838,10832.6148,12103.2558,9006.7199,2251.3085,9154.2856,389406.0719,418382.1204,405210.4973,397101.3901,406129.1329,405939.5527,407342.6526,404241.1382,336098835.1280,336080090.0978,336121926.4070,336106104.1277,9872.2697,7251.3046,10676.1427,7988.0614,8797.7733,6338.1092,7466.3465,7377.3023,12402.5986,9957.6039,5386.5735,542.1423,4683.6131,4963.2280,9959.6312,7959.0223,13436.0025,3183.8659,7342.1305,12950.9467,9815.8232,12480.6390,12378.4303,7764.8437,10053.3023,4391.9443,12574.0392,5168.3447,12473.3734,11729.9071,10895.0543,6935.4898,11261.8925,10233.5119,7544.2405,9534.6718,10181.4898,5204.9441,13507.1650,11257.8380,0.0000,5157.5018,4947.6090,6779.6797,12519.6798,13476.8772,9902.2650,7194.4867,4497.5957,9965.4312,8801.7266,9399.8608,6008.3487,4576.3364,6357.1451,7182.5085,4086.2052,4762.6804,5970.4040,4518.6875,10615.8267,8364.7816,11856.4103,9822.7014,13029.1982,11077.4047,10645.2491,379839.5328,408922.1692,395625.6200,387658.7322,396602.3579,396239.5947,397785.1688,394671.7094,336107372.6194,336088627.0463,336130464.3272,336114641.6896,3739.7976,3500.5832,6275.0170,5359.5056,13148.9007,5961.2318,3935.3344,5659.4361,11336.8204,6125.9027,9683.8418,7823.7843,6224.3599,9604.2685,4536.7832,10837.7753,8132.6478,4412.9343,10794.2195,9395.9450,11864.7486,5491.3268,8028.1040,11696.6841,10450.0228,5047.1042,5866.0766,12068.8054,4075.4683,1583.5376,6505.1902,4066.0404,7080.7714,3083.7008,9592.0042,7794.8848,8609.3401,10757.8220,2623.5270,0.0000,7076.4649,8949.0148,7517.5753,12126.4054,11050.7938,8582.1641,5590.2630,6393.8160,11847.0884,12915.4160,11935.8634,10144.1242,7848.3723,9745.7835,13379.5343,7536.3778,12520.5557,13106.3075,6345.4220,4858.9410,7888.7627,11724.6701,11810.9309,11816.8706,3894.1466,8299.8869,386634.3231,415634.9985,402500.2491,394394.9883,403414.5384,403197.0007,404568.5712,401483.9229,336101746.3838,336083001.3564,336124837.6160,336109015.3698,4863.0217,6878.3880,6536.1665,11909.0378,3440.1277,3603.6042,8836.4499,10490.4115,4426.5652,7027.8228,6393.8572,2698.5708,8755.9943,5018.4175,12619.2487,5902.3801,1429.5510,12622.6879,8500.8120,12469.0905,8699.9764,8330.7169,12397.9392,7707.9241,8334.5884,2380.7695,13424.8589,6424.4414,5094.7228,6340.4082,5842.9586,6704.8001,1720.0102,8524.1512,7183.6087,5653.0717,12662.7927,6189.0269,0.0000,5688.0190,6066.7180,7273.5160,12766.0382,12752.9109,7746.7710,5484.6162,3101.0776,10983.3522,12791.9303,12325.6210,7650.9955,6366.4652,7348.2194,11975.0399,5587.8904,10796.4913,11617.6542,3606.4351,7396.1137,6112.5644,11909.1143,10880.1160,13319.5987,6993.1182,7988.4568,383260.6156,412286.3793,399141.0171,391060.7565,400063.7976,399809.4476,401195.8356,398113.9046,336104968.2111,336086223.0818,336128059.5128,336112237.2070,9157.6812,8430.7481,13445.0952,4740.5571,6849.5378,6940.2392,9116.6225,8493.0655,10638.5244,10071.5872,6902.5123,6968.6095,7655.2566,10031.5311,9913.9687,4404.3508,10718.4101,6765.0419,9996.1802,6739.6142,10647.5459,13022.0212,9757.9464,5568.3481,6880.0617,12219.7486,1964.8617,3063.2855,9299.8827,1106.9364,4034.4532,5428.9525,7059.6699,4829.7311,7775.5436,10182.3253,4691.5495,0.0000,9470.9843,8132.4486,10174.9596,10423.3188,10144.7078,5797.2604,8517.6822,7569.2346,9758.1549,13753.6245,13265.0446,8852.2540,10066.9704,8306.4029,12819.8037,9594.2472,12729.1864,13135.4832,8073.8190,7610.2137,5658.4538,9601.9283,9731.5048,11468.5874,6404.0287,5305.3837,384851.3481,413803.6322,400700.7669,392544.4544,401595.6605,401451.0175,402782.0848,399695.5478,336103792.3761,336085047.4761,336126883.5314,336111061.3527,1270.0720,10375.9910,9568.9171,3522.4534,6859.6047,13351.4989,3957.7403,7698.0309,3809.8653,7495.4773,12738.5071,2208.7134,11465.8542,5394.0630,8018.8625,10234.2311,12584.4391,13349.5009,6899.9772,1929.1180,7569.5764,10917.9932,7864.8061,6992.0404,10430.9100,9319.0042,7056.4413,1367.7419,9497.6737,11446.9545,5418.0780,12615.3255,11911.8289,10248.2613,11131.1131,6216.1525,0.0000,3476.9696,10323.3361,1812.7315,13294.1035,11732.4460,12239.2511,1765.9342,6742.3767,13529.2920,9171.8638,7610.2610,11581.1140,3911.3087,11506.7805,12120.3576,4575.7919,10197.4052,10882.5426,5625.4416,3689.7316,11367.0313,13539.4984,13493.4663,11218.1446,4910.0526,12242.7765,387711.7066,416790.0804,403522.7829,395538.6626,404490.8776,404138.2139,405655.5581,402550.0910,336099762.6780,336081017.2494,336122854.2458,336107031.7217,11302.4600,9364.2677,3168.0441,6015.6697,13455.0046,4379.8429,8510.4483,4777.7373,7608.4873,12641.3269,1727.1470,11297.7911,6201.0187,7714.7746,10178.6240,12479.5490,13334.7154,6037.2966,3109.6954,8282.8754,11384.8067,6969.4424,7077.0315,10651.8457,8511.3171,6080.1385,2302.9485,8751.8133,11079.4705,4968.3559,12554.1173,11611.7432,10469.3477,10956.3667,5146.7699,0.0000,4265.7099,10599.5236,3038.6489,13319.4565,11581.3092,12041.9756,2056.0619,6969.1821,13693.3910,10055.8866,8445.4144,11874.4866,4870.6415,11733.4931,12829.0535,5346.3286,11099.3437,11751.2325,5955.5090,2671.6747,11238.5586,13544.8513,13664.3821,11275.3629,3825.5013,11952.2356,388316.7715,417383.2949,404141.0042,396135.6875,405099.4933,404768.7955,406259.1009,403158.1793,336099329.1093,336080583.7608,336122420.6069,336106598.1406,11578.9538,11430.5034,13049.0507,9300.0000,10069.4693,6747.3806,8608.6780,10344.2180,10817.8805,11384.2045,11041.1512,8272.5594,11844.9630,10327.6143,10838.4394,10101.1809,13102.3639,9315.2302,7061.4836,7453.3042,13509.8341,10560.2527,8899.2879,13696.9077,13533.5462,9998.3916,13528.2031,12282.5673,11974.1071,10583.4141,12073.3038,9304.1682,11124.9758,13418.1658,0.0000,9342.6505,8833.0412,9358.7631,9814.1382,10994.8691,11461.3195,10662.9083,10076.6816,8852.8314,4201.4064,6264.0027,8517.8240,8562.4008,8886.5390,3273.9121,8841.9010,1935.2381,1323.3191,9931.6926,12298.2723,11170.3125,9958.9405,8810.1186,9778.6521,12882.5826,11967.2988,380658.8239,409713.1392,396309.1723,388373.0366,397309.9394,396960.6184,398608.5072,395457.2125,336106034.1890,336087288.4410,336129126.1293,336113303.3103,6773.7520,10360.3643,7947.9149,7068.8558,7462.1670,8564.5653,3502.6649,5930.7257,8063.2362,12307.8021,7582.7162,2035.1505,12834.0636,5652.4117,10908.2095,10209.1725,10715.4052,13469.2046,5867.5228,9472.7292,3899.8024,13640.2404,6498.0727,6693.3838,9043.6263,5591.5952,4236.8882,5071.8629,5620.9572,4458.7066,3454.1860,12552.8510,8103.7149,0.0000,8121.7481,3949.7100,9770.4831,11327.5436,12337.7285,4875.1142,8395.4974,4584.3310,8531.8170,13236.9120,13346.0343,5120.0739,8507.5484,4659.1719,10713.1983,7659.9605,10283.9448,10950.1678,5716.8908,9849.0631,2849.6538,9973.6729,8401.3707,13204.2622,9232.0887,5417.1809,380717.6165,409708.5037,396576.0867,388462.1418,397487.1947,397285.4745,398651.6117,395565.0336,336107613.7670,336088868.6980,336130705.0473,336114882.7630,7465.7628,12365.2624,2444.8426,7039.4145,4225.5911,4806.7202,11144.8896,1482.1430,12324.9925,4812.4280,4931.5956,11697.9920,10933.7664,13329.7203,7397.9800,5194.2013,10314.3589,9500.4784,7706.9403,4203.2280,12287.2957,7641.8143,5296.6583,3088.1813,7521.5724,9351.7748,1999.9939,10968.5160,9869.4065,8134.6491,12160.5925,5327.3619,0.0000,3359.2783,8377.1654,4187.1103,13456.7295,12543.2500,10355.0840,2055.3220,4248.7073,12712.2474,11332.4059,10292.8680,9913.2022,4261.2926,9739.7102,12424.0328,4015.6209,10705.9742,11539.7307,3441.4116,4831.8784,9084.8238,13160.5575,12640.9007,12615.1068,5105.1888,10445.4781,385846.8055,414906.3328,401709.0603,393678.5812,402653.7247,402341.4761,403785.9372,400696.7112,336102049.4707,336083304.2025,336125140.8835,336109318.4851,12189.8226,9323.5451,12331.4084,9911.9597,10625.8374,11338.3170,6847.9284,7178.8405,10875.2406,9350.7626,6615.4000,11255.1769,10339.2914,222.8420,7897.0237,9007.2596,13268.5070,1792.2740,10330.6106,8272.2269,5604.6354,4645.0247,7953.0841,6454.8601,9637.6247,7925.7191,11531.6010,10258.9656,12216.4119,6788.1961,3176.2422,0.0000,9513.6372,12348.1483,8450.0841,10357.7509,7523.2211,10818.0179,7653.0963,10583.9046,12496.6067,11182.1950,9690.1358,12983.8084,9974.5902,12635.6521,13647.6310,10264.9941,13251.8709,13409.9466,10184.4057,3493.3409,11192.9722,11000.2072,12555.5951,8042.7996,2654.1340,10168.1652,390363.5693,419343.8257,406141.2394,398049.0808,407069.2298,406867.9047,408302.3068,405192.5829,336097697.6504,336078952.5584,336120788.9946,336104966.6631,12315.9600,10359.1823,12559.8532,9889.1668,2694.3674,13004.9433,8974.0774,11758.9155,9460.6267,10258.8110,2920.5164,4932.5331,12112.1643,13639.1293,12536.4941,6672.6205,11374.0441,10380.0276,10616.9337,9368.9621,11113.6411,13199.1401,8904.8820,5679.9466,11501.0204,2756.7160,5053.5235,7026.8496,9573.6467,11914.6216,0.0000,12636.5716,6788.8488,13380.4808,5382.9703,8745.3818,4046.8276,13092.5884,10597.1045,787.5700,11265.9924,12443.2690,5321.1356,12504.5074,5064.3880,6685.7691,12133.2977,8736.7022,8433.0221,11376.9221,13219.6772,5473.7064,3375.6384,765.0317,9671.9857,12690.2557,4458.7938,379053.5092,407978.5899,394754.8491,386633.0046,395676.4960,395546.8122,396990.7445,393861.7569,336108877.1819,336090132.0135,336131968.6612,336116146.2269,4967.3780,2208.0436,4106.3926,11416.5494,3042.4049,13215.3723,2481.5123,5539.1883,12479.0227,11211.4917,13770.4105,9283.8219,4868.4303,10026.5114,8305.8591,9673.6262,3555.1308,12647.3994,9456.7705,7468.6682,2769.2211,9205.5123,10167.0193,3507.4030,11141.2468,10527.7444,7375.5023,13085.3495,7556.6534,0.0000,1361.3875,7522.5851,3453.6740,13852.8041,13395.9334,10800.6693,2387.0615,3118.0338,12565.1608,10498.9679,9761.9390,9138.4937,2202.6326,9119.4753,11311.9394,1658.0953,9165.5087,10157.0821,1823.6933,6623.0808,9269.1148,13481.6348,12467.5979,13185.7207,7178.5521,11127.3867,384218.8163,413302.9263,400069.2529,392075.4807,401029.5360,400675.1530,402160.2806,399066.1538,336103406.3836,336084660.9792,336126497.9085,336110675.4171,4286.5119,4753.6038,10259.6922,7628.0133,13655.0206,2716.5801,7205.5174,13128.6336,10105.9761,12832.5667,12306.3506,7515.6502,10145.5184,4777.8576,12527.2298,4904.3353,12687.0437,11718.5442,10761.2812,6594.7061,11256.3084,10382.3689,7256.0746,9838.0618,10366.1035,5377.8186,13705.0977,11110.1874,0.0000,4741.8356,5170.2878,6462.1058,12875.4469,13709.6786,10138.4201,6839.4380,4189.5331,10391.5593,9032.3655,9503.3867,6355.7138,4176.3059,6677.2550,7697.1608,3638.9102,5231.1497,6442.4965,4121.2930,10416.9074,8540.6415,12229.2511,10249.8570,13265.2886,10905.2835,10862.3996,380093.1082,409180.4018,395888.0513,387923.1779,396864.7754,396495.9276,398038.4489,394927.3993,336107139.0036,336088393.4331,336130230.7019,336114408.0713,5569.4106,12125.4135,4155.7459,13098.7980,1808.9464,7328.2348,12096.8955,11955.7413,13766.6184,9918.2034,3748.8322,8596.9532,8411.7514,10538.4763,5185.1993,11870.7117,10818.0092,8972.1687,2543.3349,10647.9520,11358.7089,5556.2767,11843.3130,11632.3844,8136.5091,12928.3018,8785.0765,0.0000,936.4283,8133.1901,2388.5286,13745.0757,13273.8385,11739.5205,3051.5798,4551.2502,12674.8310,8876.7680,8182.1647,9536.1861,114.5468,9635.4472,10377.8319,1196.9988,7895.2334,8892.3135,3343.9614,7175.8873,10365.2832,13585.1438,12585.0383,12688.6456,8047.1054,12106.2951,384195.5135,413296.0594,400010.4984,392053.8715,400988.8335,400600.4486,402140.1598,399034.6536,336103103.7730,336084358.2306,336126195.4269,336110372.8303,8562.9764,6123.7610,13341.0148,4380.7483,2710.7255,13278.8212,8317.9468,12574.9060,10521.0867,8455.6951,12210.9782,5551.2838,10292.0385,678.9710,13669.8551,8452.6247,7482.6307,6588.4556,7795.0466,7388.7848,3721.8785,8188.0147,7603.0212,3785.9106,13437.8000,8408.6984,0.0000,5144.3443,4126.4442,7231.0562,12833.2056,13425.4831,7821.9090,6055.1441,1128.6123,10272.5014,11973.5584,11921.6605,5950.5453,5497.7307,5836.7168,10388.2808,4494.1663,8948.7957,9909.3964,2421.8085,9001.3389,5810.4903,11836.7572,10131.4388,13728.7217,8908.9233,8409.3044,381130.2121,410176.1930,396993.5246,388945.5561,397930.8064,397642.0526,399068.3983,395979.9974,336106813.6738,336088068.4119,336129905.0906,336114082.6901,11973.1280,9576.3858,11291.1259,7573.7147,10911.4256,284.9581,6282.2909,11217.7768,13395.0268,13399.9612,6648.2719,10253.1159,9041.8764,11699.9481,7499.8370,9397.7388,12568.4918,6859.4482,3153.5045,9945.4849,573.2291,2437.0873,6003.8136,10123.8311,10493.8309,0.0000,12006.8255,5981.2018,12971.7032,6857.4548,9420.4627,1391.3830,12245.3084,9443.0333,3473.6744,12597.3262,13375.1756,4976.0112,12072.1881,4452.3578,8619.0000,11551.9736,10002.5690,9993.8446,10363.5710,12331.6357,3292.1660,4890.2354,3407.8116,10684.4805,11588.2639,1999.3508,379616.0360,408538.3603,395371.5083,387220.9940,396276.8628,396162.8184,397550.0451,394437.1930,336108646.2531,336089901.2139,336131737.5945,336115915.2706,11997.0494,5248.5268,6293.4436,11129.9096,11783.1791,13486.3534,6817.9726,4049.3813,9418.2010,10418.0633,7420.0078,5544.1598,11654.2285,8118.9341,5638.8371,2183.7434,8172.8056,10276.9990,3401.6469,11833.8584,10805.4912,9277.9988,11748.0799,5190.8334,0.0000,3397.4413,9465.3672,3294.0695,13546.3175,12247.4129,11267.7452,1201.3959,5481.8352,13300.0370,10770.3962,9461.6291,10900.4928,4226.1788,10749.7478,12674.5146,4366.1828,10887.8623,11660.1947,4501.8476,3792.3582,10194.8907,13490.0676,13246.7434,12134.4705,4447.3424,11278.8970,387028.5719,416094.8199,402876.3660,394860.5419,403828.3424,403502.4563,404969.2149,401875.3229,336100744.9302,336081999.6184,336123836.3843,336108013.9523,13555.6818,12441.5309,2278.1837,9682.2237,4758.9087,7232.5014,11556.1001,8453.0697,12928.6583,7123.9416,13391.3510,4077.6043,8650.7257,9828.9346,12228.1815,9199.9180,9844.5308,12458.7523,9931.9140,10003.0798,12881.5604,751.2418,9325.5989,0.0000,13131.3602,12761.7768,12257.2473,4457.2391,397.7228,9945.7305,12321.5532,13545.4229,8951.3884,9328.2191,9110.6423,12347.3625,13121.1544,12075.8437,10635.6820,13406.9152,11811.9003,11286.7236,13514.1677,9688.9520,11429.3585,6202.6433,9116.3690,2286.8136,9286.1727,9268.2189,387661.9819,416582.2106,403307.3783,395207.3703,404242.9704,404104.8094,405601.0289,402456.5680,336100109.4904,336081364.3080,336123201.0100,336107378.5460,6603.3113,12795.7146,11110.6185,13594.0627,10855.6328,5468.8679,9631.8748,6926.7613,11254.5613,4135.9746,12568.6172,10912.1389,9354.8687,4140.0607,10579.3684,10704.8977,5540.7413,10943.3763,10892.1205,6700.8524,13482.1207,9488.7706,0.0000,2097.9697,6684.9022,4158.1991,13628.1322,13686.1380,10920.9557,4345.8425,3369.2625,11885.6308,9385.1153,9133.5623,8166.3353,1696.3469,8317.1424,9669.0647,948.9295,7187.6999,8301.6081,2447.3697,8425.6737,9330.2634,13203.0743,11769.6390,13241.8795,9069.9840,11439.7044,382449.3824,411545.6405,398271.1629,390305.8764,399245.3351,398865.9565,400393.4327,397290.0570,336104899.9284,336086154.4004,336127991.5697,336112168.9835,12680.0849,7307.2408,11804.3343,9202.2510,9361.7498,12886.8090,6966.3022,8639.2077,2748.5371,13520.2322,6155.6437,5490.3523,7497.9591,5402.3281,5537.5876,3101.3162,7322.5543,5961.0704,4705.0582,12569.2985,6803.4129,0.0000,6728.3464,5168.4194,8353.1101,12158.1214,12535.1658,6514.3278,6722.0504,3546.0182,9999.8792,13040.4987,12802.2304,6641.1718,7287.2359,6272.4415,11523.6929,6461.0302,10649.3459,11412.6719,4423.9807,8358.9221,4768.6449,11097.7222,9887.3975,13258.1269,7817.6889,6835.9867,382263.1637,411272.9565,398137.5570,390040.0807,399053.9107,398824.3573,400197.5553,397114.7087,336106038.5707,336087293.4792,336129129.8516,336113307.5644,10984.8029,6500.4435,6731.2272,10078.2558,6498.1624,13187.9850,7130.2746,13247.1906,2326.9943,9410.6575,9938.3843,11095.7951,10010.6468,11038.8165,12194.1784,11182.5830,11251.4685,13260.2423,1668.3115,9108.3326,0.0000,12198.4713,13121.3152,10981.8836,6095.6642,2566.9428,11216.1427,11339.5994,13292.2564,10177.4401,7879.6186,7273.8472,12914.0930,12132.7561,12713.5927,10607.2411,12589.1032,11302.3876,10824.2401,13042.5678,8675.9357,12349.4151,7850.2724,10318.0179,1560.5137,8606.0664,10656.5676,388661.7820,417613.8910,404304.7233,396243.9899,405256.6201,405068.3590,406604.1588,403456.9070,336098849.6841,336080104.3875,336121941.2881,336106118.7528,6490.7516,11131.7428,13267.0533,13401.2986,6522.8195,10164.4650,8797.2959,11784.5169,7355.3913,9217.3350,12400.4479,6690.2871,2940.3900,9708.9319,483.2361,2215.9117,5790.2674,10216.1771,10339.1469,0.0000,11823.0702,5786.6436,12819.9091,7060.6254,9536.4022,1148.6679,12061.4146,9209.5241,3692.2272,12624.9911,13372.4552,4844.4897,11902.1149,4301.8846,8690.8523,11365.9101,9989.5684,10016.4671,10142.6272,12195.6328,3012.7731,5124.7821,3617.9871,10792.0706,11448.6290,1881.0258,379644.2675,408569.3588,395405.3929,387255.5307,396310.5343,396193.4183,397578.2523,394466.8792,336108628.0168,336089882.9796,336131719.3523,336115897.0327,10316.6947,13478.2413,10775.9720,10534.2621,9738.4919,12862.2606,7153.9556,9245.9769,11115.5841,13677.3787,9314.2559,7902.8589,12930.0939,6663.3355,7676.8896,10801.8345,5472.8521,11328.7319,0.0000,13860.2052,10601.5772,13749.0462,704.0837,4424.6815,7179.5895,13696.8892,13056.5658,4807.0468,10234.2684,11033.6070,9575.7282,13748.8458,9314.5117,8319.2225,13732.9980,10448.2505,9803.1621,13444.0206,12331.3356,9053.9745,1642.8046,5013.8954,5669.2655,11799.2451,6745.2067,383095.5482,411993.8468,398736.9925,390613.4425,399662.9193,399558.1147,401032.2502,397888.0055,336104780.0928,336086034.9344,336127871.6044,336112049.1486,7977.6210,9163.9789,13197.2738,1592.7698,10228.2776,8407.1766,5398.0705,4447.1560,7972.3203,6252.5007,9474.5909,7808.8333,11411.9610,10103.8628,12110.9115,6861.0033,2999.7592,0.0000,9505.2702,12250.4925,8493.9827,10350.2664,7571.4214,10677.7988,7644.8056,10496.7304,12431.3405,11299.3863,9834.7151,12891.8426,9979.4105,12535.9167,13661.4982,10246.4359,13276.1684,13442.7896,10117.6510,3526.6797,11049.2065,10953.1103,12488.8098,8144.1026,2597.5592,10022.1406,390259.8677,419238.6359,406040.6649,397945.2998,406967.0674,406768.6936,408198.2689,405089.5653,336097830.3699,336079085.2891,336120921.7036,336105099.3806,6232.8850,11080.2514,9072.5901,8027.0124,9850.8983,10735.7172,8716.1390,2288.4407,10921.0380,12509.7990,7033.0751,13256.3970,12889.9449,10844.2817,11191.6742,7819.0411,0.0000,3886.2871,10823.2633,1505.1885,13332.5828,11810.4140,13076.0149,3266.8263,7624.9705,13707.2999,7790.7167,6143.7997,11942.6151,3852.1731,11956.3675,11473.7727,4831.7202,9363.9167,10002.0276,6468.9213,5053.7228,12268.9083,13744.9789,13676.1456,10926.5160,6392.6513,13141.5000,387565.8663,416658.0682,403346.1486,395394.2894,404329.8285,403947.7402,405512.1895,402396.9524,336099629.3727,336080883.8226,336122721.0541,336106898.4375,12239.7257,10246.0948,12068.5478,5015.0998,12477.7895,11676.8882,8133.4527,12829.3704,13648.1298,11601.9278,13393.9867,13819.4378,12899.3177,8043.2799,10671.3063,0.0000,9093.7197,12661.4387,7387.3695,10333.9890,8638.9836,13665.2674,8945.6574,11715.2273,12304.8048,3214.3451,1032.1525,12898.3083,8643.9815,12968.6830,9307.2995,9498.2641,8347.1325,8161.8628,10995.2512,8418.3358,13767.3054,11549.5977,12352.7941,6760.9973,9369.3186,13603.9567,387717.6173,416769.1601,403368.6886,395428.2551,404368.1401,404021.9846,405667.1408,402516.5070,336099066.2509,336080320.5796,336122158.1237,336106335.3601,12888.7729,6152.1599,13027.3260,10947.0785,11166.0792,10111.8961,10255.9257,7743.8840,8787.1610,6124.0417,7391.9358,2518.5368,13236.1346,12012.5341,0.0000,8600.3145,1963.8453,10226.9784,10754.1141,12860.1376,6811.2109,10070.1195,6005.6232,6761.9764,10648.6250,11736.4348,1854.3270,8314.2587,2405.3542,6185.3421,7636.0628,5725.6147,6430.0848,6886.1143,12487.3909,5367.5557,9430.4313,6567.2690,12990.3408,12442.5089,7822.8358,377406.8703,406432.9926,393184.6467,385149.2628,394134.7496,393863.9450,395349.5314,392236.4517,336110141.5553,336091396.1579,336133233.1462,336117410.6093,10059.6568,9001.3583,4002.9758,3692.9488,8782.0303,4937.7852,8319.5298,7704.6717,10486.3848,8981.3192,11633.2585,6893.5562,2760.1481,0.0000,10075.5730,11808.5012,9402.8232,9871.4688,7419.1235,9633.4820,8327.6504,10436.2132,11767.6647,12090.0230,10870.3108,12373.7794,10586.5108,11956.6931,13699.8376,10700.1046,13550.2390,13705.0993,10252.8394,4649.8669,10150.8256,10261.5654,11826.2830,8421.6490,3373.5660,8884.1623,389534.4043,418493.3441,405324.0704,397201.0107,406238.3386,406072.5192,407470.2621,404365.4766,336098759.4347,336080014.4392,336121850.6997,336106028.4339,13659.7961,8391.8339,7199.3891,6074.9674,7785.1624,7725.1963,3181.2171,8690.8483,7995.3403,4450.7877,13452.1583,8058.3517,0.0000,4677.9398,4779.8879,6772.0205,13105.2361,13495.2893,8270.7040,5491.0282,825.3922,10762.1983,11986.2517,11799.9680,6587.4291,5121.3302,6469.3216,10775.6260,4122.6584,9230.1701,10202.6609,1939.5839,8546.1092,6325.7373,12193.5695,10628.8388,13765.3581,8495.1679,8791.5675,381702.0567,410752.7533,397570.3458,389526.2601,398508.7301,398212.9033,399640.1667,396553.0443,336106244.0353,336087498.7711,336129335.4486,336113513.0503,11150.9570,11449.1945,11177.8955,11639.6633,12244.2901,12977.9520,11895.6086,12361.9048,13509.6068,3710.3322,10607.1462,0.0000,12147.2085,13286.9646,10835.3014,6605.9468,4200.2291,12168.2290,11624.5961,13569.8834,10379.8934,6041.4561,5709.7155,13009.5997,11902.5053,12921.3396,9547.6680,12463.2607,10174.5840,9570.0095,13240.7263,9631.1423,13129.0085,8431.2899,10510.3581,1933.7561,9875.0488,11797.1949,387965.7235,416938.6627,403579.0740,395559.3462,404549.8441,404320.6602,405910.7799,402753.7812,336099217.6127,336080472.1633,336122309.3528,336106486.7059,2879.6649,9729.5782,1025.2314,4873.2105,6620.9804,7715.8387,5640.2563,9227.8532,8763.1533,4032.6533,0.0000,10265.7363,9511.5320,10533.5150,9635.0076,8792.6760,6533.0204,9037.6040,8999.0678,9963.1653,13495.8726,12861.4429,10031.7976,10828.4949,9495.1340,13137.7877,10534.8169,13246.2832,13508.1550,9324.4694,7111.0250,6983.2711,9143.7622,9980.2796,10265.2145,5753.2706,5765.8027,386309.2268,415247.2931,402134.4135,393971.5030,403028.9155,402901.7902,404240.2760,401147.4652,336102324.8685,336083579.9880,336125416.0261,336109593.8479,7513.0019,3209.1512,6825.6078,4612.7622,9480.1010,7581.3513,9401.2939,9749.8963,1749.2645,0.0000,8295.3265,9712.5238,8441.4130,11386.0941,10050.8463,8412.8422,6702.9761,7731.4588,11635.1805,13043.0507,12032.0084,10681.5302,9001.5675,10238.0613,13617.6289,8784.2879,13061.5282,13513.4918,7724.0983,4859.9661,8159.4121,11105.2136,11626.7066,11015.6519,3542.8856,7924.9674,387378.2686,416358.1862,403228.5439,395104.6251,404136.7789,403949.1606,405311.8156,402223.7805,336101081.9479,336082336.9750,336124173.1514,336108350.9311,9767.2547,11359.5375,4979.5058,12386.1038,11778.7989,9472.6989,11953.5237,6955.7074,0.0000,2142.9877,9546.6309,1137.9139,13647.5883,12465.4200,12062.2921,1090.6432,5720.8599,13375.4959,9305.1776,8009.2472,10913.3866,2645.3621,10884.1421,11742.7158,3282.6964,9610.0660,10420.8378,4508.5399,4865.0845,10960.5930,13718.6062,13318.1219,11962.0858,5911.8007,12191.9981,386555.0516,415643.0456,402376.0533,394400.1067,403346.3612,402979.7235,404498.7406,401395.7164,336100894.9880,336082149.5307,336123986.5708,336108164.0332,4047.6634,6283.7703,7035.7292,4840.2011,8428.5548,9364.2480,4624.0466,0.0000,10090.6340,8739.5596,10590.3308,9743.7964,9311.6706,5787.5310,9046.2188,8434.2895,9536.8769,13640.0491,13139.9144,9279.8074,10648.3844,8725.0658,12838.3096,10258.2120,12944.4806,13251.7090,8886.5350,7631.9091,6085.0966,9031.2088,9535.0475,10767.3540,6347.2140,5102.2667,385356.5160,414296.3926,401189.7523,393025.5977,402082.9469,401954.5824,403287.1520,400196.6037,336103297.8346,336084552.9531,336126388.9881,336110566.8126,7888.7903,3273.8868,807.4029,6121.5743,10257.6844,8191.4925,0.0000,11006.5366,6358.8284,12001.6491,8469.5707,9799.6389,1859.0260,10803.0568,8328.2732,6424.2421,13506.7346,13739.8625,6275.1641,11320.4918,5647.7792,10736.1131,10740.4027,11420.8084,11645.2544,9221.7013,10579.8576,2760.7010,6949.8106,6376.4211,11253.7167,9604.1936,1505.0565,381538.8509,410466.6515,397346.8768,389179.4221,398240.7600,398127.5683,399470.0030,396372.5360,336107009.8446,336088264.9139,336130101.0615,336114278.8364,9757.0102,8426.3673,7005.0253,12400.0016,5299.1146,0.0000,4735.9418,7348.9566,6014.9860,13157.7275,12639.8480,9001.7560,4013.6750,3604.2948,11943.1043,12352.8346,11581.6661,8921.9403,5557.0383,8663.3092,12457.6052,4975.9704,11045.6791,11871.1214,3449.3208,5996.8063,7587.1345,12571.2590,11858.3568,13035.5793,5772.8269,9121.9203,384734.0520,413773.0496,400612.1891,392549.2835,401542.2613,401265.9835,402670.4787,399587.1587,336103399.4093,336084654.2406,336126490.7388,336110668.4094,2543.0090,5491.4917,10462.6621,10595.6953,0.0000,11735.6111,5459.7054,12782.6597,7211.6424,9782.6318,1456.3483,12068.2227,9076.2715,3505.9995,12514.8651,13328.2772,4424.5358,11785.9457,3897.2244,8384.3832,11235.8756,9683.8139,9722.8471,10028.3651,12365.6866,2927.2846,5257.2012,3406.3322,10956.8139,11664.6842,2332.0722,379271.0423,408200.9884,395031.1187,386887.4094,395938.8636,395814.2956,397205.6468,394093.5985,336108950.7577,336090205.6968,336132042.1121,336116219.7767,5916.9252,10456.1135,8911.7724,0.0000,11330.4543,6111.9539,12373.3395,8259.4512,9928.6191,1093.1020,11266.9082,8562.5884,5814.8104,13496.0609,13873.5065,5818.8659,11588.2403,5189.4372,10344.6646,10994.9171,11179.6694,11368.5977,9504.8422,11189.5920,2444.9889,6590.5560,5756.9453,11357.4569,10265.7473,1058.6199,380843.5629,409768.7921,396643.2092,388476.4008,397538.0635,397427.5006,398775.0151,395675.1844,336107667.1034,336088922.1574,336130758.3394,336114936.0993,13171.1144,10486.4035,0.0000,8045.0974,564.4258,9863.7298,11127.3196,12852.6553,5648.0284,9164.9004,4606.5667,7379.5338,11882.0975,12538.9424,2289.3386,8047.6473,2209.9357,8232.8755,7195.2465,7710.1184,8451.4004,5774.2454,11440.5431,3613.1365,9696.9841,7196.3845,13306.3567,11188.0249,6617.1606,378419.9201,407434.7302,394240.4738,386171.8415,395173.3555,394928.4833,396358.9359,393259.3062,336109471.0761,336090725.8185,336132562.5292,336116740.1037,9118.1758,0.0000,12960.0382,13057.8186,11962.6611,5154.0091,1121.7210,10439.0629,12071.4237,13587.7805,9551.6683,9152.2661,8758.7076,12730.4498,12956.7654,12467.9841,10935.8617,13294.1611,11948.1198,11449.7404,13484.4785,9292.1886,11827.2703,6894.2661,9709.7342,2086.7762,8951.1458,9766.1482,388271.9942,417199.4103,403918.8033,395826.5559,404857.5058,404708.5650,406211.7619,403067.2394,336099455.4658,336080710.2662,336122546.9961,336106724.5228,0.0000,8155.3414,10739.6376,7803.2130,11502.8639,9600.5720,9652.9956,6265.0663,8457.0058,12357.8371,12401.2243,11119.9946,11691.2576,8834.1932,11298.3653,13833.8729,8831.2429,13161.4695,13567.7856,8190.7641,3366.8987,9514.1342,11550.3508,12367.2968,10338.9697,1903.8973,9134.5376,388747.8413,417737.8390,404582.4052,396477.1652,405499.8041,405293.7236,406683.5785,403590.1955,336099554.2716,336080809.2437,336122645.5256,336106823.2641,0.0000,0.0000,0.0000,0.0000,0.0000,0.0000,0.0000,0.0000,0.0000,0.0000,0.0000,0.0000,0.0000,0.0000,0.0000,0.0000,0.0000,0.0000,0.0000,0.0000,0.0000,0.0000,0.0000,0.0000,0.0000,0.0000,0.0000,0.0000,0.0000,0.0000,0.0000,0.0000,0.0000,0.0000,0.0000,0.0000,0.0000,0.0000,8105.7481,2419.4290,13874.7673,13317.4715,11519.6164,2351.4852,4121.8466,12807.6360,9557.9223,8763.3438,9600.9069,971.4598,9646.1486,10937.9383,1180.2945,8587.9450,9573.8848,2831.2006,6696.9381,10102.8621,13664.6689,12717.7376,12870.2850,7494.3641,11848.5716,384497.8019,413593.2049,400328.2807,392357.9498,401299.7620,400922.8897,402441.2134,399340.5760,336102931.6684,336084186.1814,336126023.2690,336110200.7157,9876.0613,10906.2922,12723.3290,5754.8059,9300.5750,4858.8063,7091.3936,11526.1350,12274.2896,1889.3289,8042.2968,1936.0794,7710.3894,7229.3663,7220.2971,7947.8648,5961.6365,11588.4553,3868.8769,9492.3049,6904.7383,13112.5336,11379.8296,6742.9065,378245.3239,407261.6950,394055.2973,385993.2340,394991.7953,394742.6034,396185.1961,393082.2968,336109570.2082,336090824.9216,336132661.6912,336116839.2417,13666.1254,12489.5288,12574.2920,2227.5237,6323.8552,13491.4626,8505.6436,7184.3128,11153.0204,2499.2602,11177.5598,11360.4202,3433.2311,9097.5542,9889.0181,5101.2888,5458.7969,11525.3805,13840.4416,13437.4288,11779.0072,6631.0091,12733.8142,386513.2406,415609.6466,402316.1699,394359.4404,403295.7544,402911.4588,404458.4426,401349.6548,336100770.9616,336082025.4326,336123862.6112,336108040.0191,4109.1640,7759.5650,13719.5189,13262.7398,5181.9576,9776.4739,10600.7783,9897.0201,13729.8877,9669.2237,8150.7521,13766.9618,10285.1891,9585.8866,13592.7021,12324.6371,9552.4776,2203.1808,5387.0892,5148.7787,11863.7436,7353.7447,383359.3432,412261.9849,398989.7746,390876.9155,399920.9673,399806.6391,401296.9248,398149.2209,336104425.2579,336085680.0623,336127516.8050,336111694.3204,9836.6436,12560.0409,13650.6727,8707.3327,9385.6336,9269.2547,12251.5470,13293.2101,11982.3607,10487.6237,13562.0717,11763.4873,11209.6989,13649.8741,10012.8611,11370.0058,5902.3082,8877.4623,2344.1892,9600.7726,9166.7881,387367.8231,416284.3783,403008.8207,394906.7391,403943.8831,403810.2467,405306.6228,402161.1412,336100406.6491,336081661.4675,336123498.1720,336107675.7058,11631.6823,8764.5820,4813.4831,13104.4590,13669.5531,5153.2598,11689.1770,4545.7976,9527.2036,11108.1443,10559.2547,10687.3680,9724.9411,11719.1527,2375.2969,5944.1834,4742.3896,11177.5699,10887.8901,1171.6259,380121.7227,409047.8550,395904.7574,387746.2858,396804.4756,396689.8002,398054.4237,394949.5204,336108274.5627,336089529.5718,336131365.8462,336115543.5680,5250.9369,13331.2715,10131.0003,8877.6436,10746.0566,3133.0153,10665.4658,12167.4416,3435.6285,10160.0822,10985.3751,4096.1336,4554.2620,10473.3149,13682.1149,13270.0687,12256.2232,5408.6675,11735.8001,386534.1750,415614.1157,402372.6286,394378.5146,403334.0851,402984.0508,404476.2692,401378.8543,336101077.0865,336082331.6968,336124168.6059,336108346.1199,10926.5813,11550.4755,11390.8266,6668.1082,4478.0134,6625.7576,10472.2332,3436.6657,8731.3550,9754.9870,1339.2081,8636.6575,6840.0896,12413.5890,10791.0487,13782.8569,8726.9312,9318.5019,381600.0834,410661.4582,397461.5836,389433.8893,398407.1640,398092.8915,399539.4381,396449.6758,336106224.8126,336087479.4928,336129316.2721,336113493.8355,10883.6970,12183.6919,5558.6466,12618.9762,5384.8134,6126.5071,12291.1475,8373.0141,7978.0385,11661.6314,13499.0772,6130.0558,3300.7218,223.0207,9489.5044,13038.8981,5221.5976,378893.3759,407821.2135,394579.7950,386468.4783,395506.9666,395369.6102,396831.5925,393698.0641,336108931.9921,336090186.7804,336132023.5151,336116201.0456,2467.9286,11469.3474,8884.6391,11668.1628,6684.5720,9571.6035,5836.3742,5412.6336,11038.2407,10601.1756,13144.9182,10734.9143,10911.1587,7549.9500,11410.6727,13266.0237,384731.6809,413784.3829,400358.9942,392433.0071,401365.8959,401011.4881,402681.7793,399524.2474,336101893.5586,336083147.8016,336124985.5170,336109162.6844,12514.9074,8221.1535,12632.7486,8733.8843,9077.1027,7567.5487,7418.9877,10669.9943,8872.3549,13652.4992,11693.3161,12217.3064,7415.9028,9856.3927,13696.5696,386904.0493,415965.0721,402555.6097,394627.3300,403559.7704,403198.0609,404854.0287,401703.0429,336099806.1701,336081060.4549,336122898.0757,336107075.2845,9447.9309,642.7936,6738.8666,8749.4507,6992.5774,7470.5792,7695.3535,12631.6272,3857.5612,8316.5962,5353.6040,12697.7420,12366.9852,6234.4058,377416.3275,406413.4951,393196.0216,385123.8853,394131.1500,393906.9500,395356.5220,392245.7315,336110362.0833,336091616.7980,336133453.5908,336117631.1243,9551.1943,10315.5793,1109.9134,7827.4815,8832.6859,3280.8331,7257.8260,10302.8058,13554.9356,12527.6255,12713.6603,8115.4464,12065.7678,384081.5216,413181.9300,399896.5960,391939.7502,400874.8294,400486.7246,402026.1579,398920.6789,336103217.9816,336084472.4389,336126309.6359,336110487.0391,7098.1074,8843.7384,7427.0888,7877.0229,7684.2225,12386.5983,3223.1591,8041.9178,5185.0871,12534.6016,12051.7141,5633.8318,377737.4698,406727.2163,393521.8919,385438.5419,394452.0764,394240.4063,395676.7072,392567.7989,336110128.9458,336091383.7009,336133220.4194,336117397.9809,10299.3483,3137.0860,2236.4252,10734.3231,13491.9360,9552.8227,7794.8295,6072.2646,9814.6877,13725.9402,10125.7214,378764.7698,407778.0399,394411.7536,386424.7906,395392.4731,395110.3405,396712.0623,393561.8544,336108190.7965,336089445.1814,336131282.6457,336115459.9047,7887.8907,8949.6330,2254.1646,7655.1277,9565.6556,13415.9369,12185.2935,13141.8876,8340.9948,11545.1944,383319.9320,412415.4576,399149.1103,391179.5512,400120.9463,399743.9376,401263.4498,398162.3596,336104087.5815,336085342.0800,336127179.1960,336111356.6315,1266.8450,8737.8354,12305.7564,9957.1809,10025.5660,8284.3831,10858.8068,12805.2507,11210.8305,379496.9051,408555.6750,395181.2583,387233.1176,396174.3778,395827.3862,397445.8597,394303.9743,336107328.9447,336088583.2440,336130420.8261,336114598.0533,9781.5729,12745.0672,10356.7395,9456.4243,7913.8262,10228.3515,13209.4027,11282.8044,379575.9254,408622.1763,395235.0813,387283.8372,396229.0787,395895.9853,397524.9568,394376.5074,336107209.5752,336088463.8682,336130301.4806,336114478.6904,7893.6172,7952.4545,12944.5374,11539.9571,13612.2243,8187.0649,10195.8149,382568.7245,411643.2229,398426.1427,390416.9881,399379.5501,399042.7324,400509.1677,397417.5408,336105147.8006,336086402.4316,336128239.2974,336112416.8294,11389.2072,12750.9416,13507.8872,9980.4102,1531.1906,11373.0095,389779.9148,418812.3876,405590.2729,397547.7825,406535.3209,406257.3781,407720.9308,404617.7627,336098057.3834,336079312.1538,336121148.8029,336105326.4039,7856.6541,5994.1763,12429.1594,10691.0138,3299.2022,379462.1051,408420.7655,395279.3254,387144.1643,396185.5377,396027.5545,397396.0434,394299.0705,336108861.5416,336090116.4951,336131952.8404,336116130.5455,3510.9044,7100.6058,12177.5592,5662.4902,381658.7718,410558.7572,397317.6600,389187.3140,398239.3456,398136.7920,399595.0027,396455.5999,336106278.7476,336087533.6061,336129370.2355,336113547.7981,9644.6113,13053.2367,5198.0068,378754.7320,407684.8571,394444.3349,386334.1586,395371.7092,395231.6550,396693.0565,393560.2878,336109067.7862,336090322.5715,336132159.3092,336116336.8394,9926.0398,10683.8182,387652.9430,416597.2064,403270.6277,395213.6721,404225.9515,404043.1838,405595.3028,402441.3161,336099776.4107,336081031.0765,336122868.0634,336107045.4900,10440.8631,389607.0160,418618.3729,405425.9502,397353.4655,406358.1244,406115.5660,407545.7862,404446.4115,336098442.9871,336079697.8549,336121534.3286,336105711.9947,381081.3097,409995.8364,396861.0159,388690.5498,397756.1239,397658.0252,399012.8573,395907.8501,336107404.4174,336088659.4719,336130495.6682,336114673.4177,29694.0324,17815.5501,12327.7337,18256.8454,18837.6111,17952.5216,14961.9792,336483226.7420,336464477.5699,336506321.7057,336490496.4040,16345.0386,21901.6713,13855.1776,18945.7976,12630.1460,15481.8658,336512479.9876,336493730.8563,336535574.9915,336519749.6660,11297.2718,3637.5900,7169.5728,9136.3803,6481.2689,336497925.8680,336479176.2718,336521021.3091,336505195.6277,10098.7159,16828.1611,14095.1000,11121.6111,336491057.4397,336472308.4423,336514152.3906,336498327.1165,9949.2615,7773.2127,5928.0890,336499402.8338,336480653.4619,336522498.0851,336506672.5607,10098.7159,8348.7449,336497976.4846,336479226.5451,336521072.1431,336505246.2728,3961.9897,336501055.5239,336482306.2121,336524150.6120,336508325.2082,336497700.5160,336478951.1381,336520795.6882,336504970.2185,29440.6102,30522.4880,8149.7294,59510.9127,36858.8060,22743.0181,
82800.000,13157.4118,8483.7717,13762.4961,3072.5805,3399.7400,13732.9942,2886.7649,9182.1033,10223.8283,10911.7073,3789.7073,8667.7226,13490.4302,10508.9723,5460.5490,3736.1524,5626.7129,13694.9635,10700.5769,13299.1505,9923.8487,8860.1339,13463.9573,6115.6396,6609.8280,11078.0265,4879.1937,9447.5451,9442.4616,13514.3194,13302.8468,7624.3622,13449.3470,11517.7673,12775.5637,10486.1637,13575.6924,1294.2168,11131.8795,10059.6574,12023.5984,5602.4993,13737.0203,7788.8594,10621.6809,12913.2882,9286.5750,11037.8437,7475.0745,11769.8907,11241.2208,7336.4332,8365.5797,6683.0101,13336.1499,12348.7925,8673.3059,7554.8597,13600.1294,12963.6407,9596.5194,13140.1386,13307.1572,13286.8597,12375.0686,10558.1853,11528.6598,8036.8014,10132.0677,11369.1288,7626.7800,11263.3708,0.0000,11863.2354,7153.9636,12325.7137,10593.3957,10254.2426,9462.8988,13656.2403,12776.0619,10148.3273,5765.4023,8754.0211,9720.4136,12331.2071,7357.6322,4288.0894,9694.8110,1040.0556,3200.4409,12880.0538,13385.1402,11097.7223,4324.7839,10164.9846,10402.5806,12062.6867,9325.4523,385221.1390,414140.8652,396770.2788,391365.1846,399154.1650,399293.6880,403287.5629,398066.0597,336096747.2986,336076722.2934,336114338.9112,336099168.3519,9658.0180,3995.8378,13695.0088,13026.4031,6093.1797,12078.5784,12447.4694,11437.1789,6305.1045,12083.8659,10160.7702,2834.3581,8942.9796,13599.1137,11514.7587,11649.7293,5017.0151,5263.5855,2927.2277,12042.7836,12374.0859,1709.0068,12637.7488,9868.9915,9203.0007,13708.8997,9149.7141,12279.1902,4015.3755,2436.5835,9642.9691,1726.4464,8632.8085,1741.7407,10230.2802,6669.2619,13171.1886,7820.0164,10865.8702,9984.7027,10580.9041,5539.8783,10281.8278,9187.6992,2423.0902,7464.6580,10188.4231,12305.8027,7249.7832,8332.8212,12818.3339,8087.9893,11133.8311,4577.8909,9460.1778,12044.8193,11420.7299,6411.8178,3435.7933,10000.6565,813.1973,7007.7075,6725.7835,2231.9406,6047.2783,9106.1499,8863.1462,6172.6703,4192.0897,12399.9875,10942.5431,0.0000,8155.4155,10927.0497,8682.4994,7663.9432,10040.3638,7413.1090,6114.8222,4268.8172,6706.7674,13128.9458,12559.1490,10058.4807,7291.7325,10522.4681,11285.2061,9952.8914,13172.8838,13585.9743,5049.1747,6047.8348,4722.2078,11345.6757,6629.5962,9090.4506,9815.4124,7191.7865,387765.4469,416794.1261,399134.2266,393961.6343,401618.5303,401578.1392,405817.2771,400634.6892,336092214.5392,336072188.9082,336109806.9183,336094635.8650,10691.8544,9461.1855,6326.9410,11529.7438,8787.4279,12220.3227,13103.9217,11587.1573,10247.0081,1744.1644,11539.5205,3687.9702,9357.1145,7942.6511,11508.8341,9855.6104,7767.7025,11599.4660,10930.0042,12965.7434,9857.5266,5705.4142,4684.9390,13706.3260,10019.2156,12766.9402,12303.8207,8800.2090,8790.8432,11269.1297,9212.5776,13729.3755,10027.7693,13610.6547,11277.9246,7747.9232,13211.6613,13593.8842,11257.0950,9386.0447,12046.3068,12183.3808,13609.7566,10999.6060,4313.1972,13744.0299,6255.0846,13275.7225,13516.8909,9108.5862,5173.5988,2301.4526,8304.9631,10680.3151,7188.8910,12896.6107,10831.7873,11729.3739,3445.2312,10106.2469,12713.2297,12608.9707,9191.7854,10656.6491,13790.0334,10411.8166,8786.0673,9290.7431,6550.5960,11517.0441,0.0000,13676.9704,12273.3011,13550.0942,2885.8444,5087.6153,10458.7948,11787.5490,12129.6765,4491.3070,7179.6671,9445.4962,13550.3429,13416.6205,12058.2097,6692.0876,13484.1717,8578.5074,10130.3270,12635.2742,9151.2806,7240.3007,5907.7358,4648.1317,3671.7249,12626.3616,5553.0999,382000.9702,411040.3982,393506.1151,388255.3239,395991.6614,395932.2098,400032.8798,394902.4182,336098739.4768,336078713.9789,336116331.6373,336101160.6231,13393.2228,13263.5190,2257.8538,13416.5680,10354.8681,9311.8699,8676.0207,13189.5004,10531.2867,3425.7966,8736.8994,12598.2258,13171.3929,12649.5294,1888.1588,8736.1697,4130.3451,9588.6271,10714.7363,2359.4401,12213.6005,11991.3206,8318.2212,12858.9807,10255.0216,10110.3373,2760.4414,3018.8733,11382.9996,3092.3159,7878.7421,5417.6510,8897.4616,2854.2139,13585.6987,8402.9071,9477.3690,6797.6748,12539.2708,2298.2188,11501.5988,8978.5073,4958.7459,10007.1321,8498.0176,11364.0730,7482.2981,8145.8422,11278.4428,10729.1137,11916.7034,3394.6448,6218.2617,10582.2039,11712.6483,2631.9619,5105.7242,9702.2221,4383.6427,4048.9095,3839.0065,6084.6923,8872.0349,7844.9214,11165.9327,9486.8144,7740.5393,11355.0612,8025.8561,0.0000,7397.2624,11662.9121,6541.6110,8700.8014,9052.1922,10089.8686,2444.5064,5584.4590,9276.1981,12405.2787,10605.9750,10018.0055,6409.4771,11621.6247,13054.9011,10006.0358,13472.5172,13325.1655,5366.5295,3313.7095,8166.3140,13000.4393,9259.3371,8847.3670,6800.7856,10074.5869,385297.7014,414286.7075,396626.8553,391438.8196,399080.6355,399107.3868,403367.7740,398137.4675,336094690.6463,336074665.0637,336112283.0028,336097112.0312,3821.8090,12873.2419,5616.0244,6742.7862,8276.4346,12060.6100,5680.7298,9081.0397,13645.9153,10488.9062,2705.7481,6553.1216,6824.8658,13176.8613,12363.2707,13584.3993,7540.1398,6790.9261,13627.1677,5357.9151,8890.5837,10426.8278,1878.0710,10152.4869,7055.1819,13383.7691,13498.5361,9138.2172,13734.6118,11013.5453,13602.0844,9379.0303,12575.9392,2746.4815,11375.8055,8764.1433,10197.1574,7975.1337,13059.5950,8823.2880,10368.2565,13501.4787,11028.0251,9770.6095,6216.1243,11825.9922,11051.0444,4895.1707,10422.0752,7670.8375,13179.9052,10703.4244,7072.5377,7646.9867,12679.2455,13407.2900,9454.7836,13740.6465,12348.4625,12397.6481,13395.5759,11969.6684,10709.0609,9899.3335,11943.0670,12750.6099,6241.8043,9170.9702,0.0000,11410.1237,7771.1141,11222.6494,11303.3431,9620.8837,11149.8360,12800.3981,13171.9313,11675.3515,4218.8413,6412.4400,9532.8203,11911.0773,8335.9725,7049.8243,9583.6211,2044.8885,1160.3287,12981.4738,12739.1293,12601.3531,6940.9602,11712.0083,10352.4494,10325.9786,11229.8115,383413.0492,412299.0516,394934.8079,389511.6142,397291.7752,397489.6368,401495.0399,396234.0087,336098590.2337,336078565.2810,336116181.8114,336101011.3286,13216.8477,5622.8168,9246.2439,10773.4097,12424.6728,6869.9233,6057.1836,13765.0618,8094.8442,4558.8977,5773.3262,8547.1384,12736.0264,11020.0939,13729.2526,8928.6798,9746.6755,13092.8073,2982.9587,6414.2722,12482.7927,4904.9033,11634.9883,9497.4845,12479.3473,12577.6664,10028.2904,12903.9375,12877.9879,13044.8383,11766.2088,12880.7914,2143.6453,12801.6325,11350.9913,11061.4803,7938.8704,13586.9159,10337.6621,12346.6172,13391.7153,8649.0356,12085.5046,4641.3315,13181.8758,12777.1309,5838.0700,8262.7713,4200.0344,12125.6386,11144.6563,6148.7164,10064.1850,12761.2321,13629.0073,6917.0362,13218.2891,13376.1637,13371.0600,12537.7979,11916.9739,12722.7524,10093.8788,11015.9176,11991.1205,4856.4895,10445.2689,0.0000,13124.5397,9759.5147,12975.3659,8712.7263,7646.7527,11121.8582,13284.4443,13624.9088,9353.6926,3205.5117,7113.5330,11723.8993,13364.3261,9958.6102,5377.2185,11718.5169,3126.9625,4765.2856,13735.2547,12092.9308,11073.3277,4778.4602,9428.8019,7950.6325,11888.2435,9178.1772,382177.8029,411122.8590,393722.3970,388346.1412,396127.0281,396225.9534,400237.2300,395035.3703,336099519.3739,336079494.2512,336117111.1168,336101940.4487,13747.1677,8833.4579,7749.4202,9738.5938,13340.7077,11083.7765,4893.9055,9295.1263,11784.5413,13714.5657,12722.9031,2670.2054,10444.7733,5555.9116,8053.9240,9368.5897,4553.7928,11987.8605,13011.1987,7624.0164,12053.7434,10518.0964,8548.6301,4369.9036,5086.5522,11917.1886,5271.2698,7336.9816,7324.2144,7843.6190,909.4523,13511.1251,8583.5691,8339.6858,4965.8471,13194.3027,1552.4432,11738.9670,8623.3482,6600.3596,11441.9564,7256.7689,10938.9076,7605.9171,7913.1728,10283.8053,12064.9562,12440.6582,4763.0317,4559.0338,9921.3023,11416.4558,1324.4880,6426.6499,10033.5939,6381.7209,2568.5276,2509.8602,8026.5583,10132.9531,6972.7467,12026.7840,11006.4764,9438.9238,10866.1566,6235.1471,0.0000,6932.7026,11621.0532,5236.0060,9850.3268,9072.4496,11202.1215,591.0316,6645.3630,10827.7127,11914.7457,9449.3355,9653.9861,6048.0707,11785.5793,13729.0493,9697.1577,13289.1022,12781.7245,6000.6540,3554.9889,9964.4146,13662.2694,10826.0106,9363.9000,4839.0623,11571.2230,384339.2271,413295.1145,395657.2758,390441.5947,398084.0787,398166.9431,402422.0837,397158.6737,336095810.2715,336075784.7734,336113402.5477,336098231.6704,10594.7385,11020.7117,8903.8330,2053.4957,9464.5383,12476.8539,11194.7454,7913.2313,1396.3331,4048.5739,13661.2020,8908.3849,12145.2494,11565.3895,9836.9662,12718.3949,8194.7774,5492.3504,10533.3200,7240.9506,7757.1998,10790.5526,13271.7195,12713.2148,5365.2011,12708.1655,10821.6837,11354.8981,10406.4034,13774.3421,3940.9795,9777.7646,10184.4979,13053.3007,2835.2850,13473.8694,5950.4672,9722.9586,11552.4666,8183.2850,11089.2892,9477.8443,10579.2797,10267.3890,9498.9397,6905.3447,7498.8401,13208.6284,13318.6906,10583.2705,6680.0433,13800.5597,11628.9076,10597.2401,11927.7942,13204.3179,13125.9515,10907.1821,8439.6344,11130.7490,5533.8274,8006.7901,9531.0790,9660.3962,12500.4381,0.0000,11118.6581,5820.2628,12228.9799,10581.5426,11423.2202,7118.2999,13614.6254,11421.5852,9136.5043,8140.7430,10748.7096,8820.3734,11579.2409,5629.7232,2788.1164,8726.1946,3751.9748,5337.9476,11735.9610,13614.5028,9545.9546,3458.5503,9105.6778,11136.9544,12735.6110,7832.2980,387795.3716,416736.4041,399341.5088,393960.2802,401742.8751,401847.1597,405855.2906,400651.3877,336094027.9829,336074002.9280,336111619.6458,336096449.0348,2501.0593,12111.0305,9776.7295,11385.3792,11321.0211,11196.5169,5337.3494,11389.3199,9459.1138,10250.8768,13773.2135,11512.4712,2993.7770,2291.5346,11677.9753,8640.3150,12909.1380,7178.1349,5169.8249,10077.9109,367.3665,11366.7652,11923.3489,10958.0293,12174.7439,7852.4904,12835.0791,5522.9646,8438.1812,8960.4862,9764.0365,4840.4076,5187.7315,11642.0713,9142.9623,10040.9663,8129.7831,12122.6667,13560.1666,5268.1409,7903.6734,9612.4733,8599.6885,4637.9531,13443.2088,11429.1059,11329.0981,6270.8502,7182.9352,7979.7805,8836.4667,11665.4958,10678.8472,12514.0098,7816.0183,8007.2243,13171.2965,12601.6714,6909.1149,12032.7502,13557.7197,13296.1184,7700.7717,3759.7173,0.0000,8197.0663,8845.4000,6500.3206,12623.0197,9792.7055,12564.3448,8672.5571,11338.3521,13680.8407,7361.7148,4603.8827,7962.6962,8571.1064,9691.2039,11930.8802,8141.8840,8290.6967,6501.2598,10531.5149,9989.3134,13777.9245,11894.2368,13706.6307,11099.2385,4561.9875,13734.1887,382740.3807,411589.2040,394147.8593,388759.8791,396479.8695,396743.1306,400849.7623,395518.5694,336098765.2091,336078740.1941,336116356.9252,336101186.4671,10764.6011,9898.2357,12485.8849,9838.7069,12068.5118,7415.1504,11778.5308,9081.2035,9629.0248,13227.7510,9998.5407,4761.1179,1979.5618,10689.1996,10411.3579,13368.9368,4991.5637,7035.2146,8653.4743,2244.2115,10861.7972,11240.1675,10134.3378,11359.6778,5668.3119,11717.2514,3300.3208,7569.6666,10243.8478,7915.0738,2740.1074,5347.4562,11487.2613,7707.4542,9064.7771,6162.5244,10754.3123,13713.7521,2871.1104,9731.1174,7647.6726,6564.7004,6828.2376,13550.8710,12603.0536,10990.5038,6474.0591,8997.0716,7013.0219,8115.1477,10111.7693,11817.9556,11386.3721,6130.7347,6325.8938,12244.5082,11483.2112,4614.1119,11305.5060,12881.4941,12387.9379,9565.9810,4348.0241,0.0000,6016.8677,7981.2732,4267.9664,13134.7293,10962.7871,11632.9043,7442.8532,9676.6878,13757.4319,9316.0492,6700.5508,6239.1972,6445.6502,8806.4945,12455.0036,6440.2778,9483.8944,7784.1986,8709.2817,9723.8109,13303.4302,12566.4383,13754.7766,12009.6130,3416.6104,13690.5947,384719.4037,413568.1218,396099.8044,390729.9574,398433.5813,398696.3109,402831.5280,397492.4378,336096639.4532,336076614.4135,336114231.2100,336099060.7445,8209.3562,12424.0529,5795.9323,12426.2010,13084.4412,8642.4247,7118.0614,10027.1902,5436.4310,5113.0780,13115.4385,10955.6268,7428.8135,13389.8146,9194.7397,6859.1217,12572.9877,3841.4765,12029.4618,9631.2152,8354.0225,4350.7462,7827.1306,6361.3460,4823.1016,8277.0999,10345.1900,11542.3001,3854.8175,8886.3992,12277.7132,6569.3965,8619.4805,5042.8207,5782.8340,4360.5566,8585.5814,8801.4991,13669.7608,4351.2568,5319.0863,13312.0728,7930.6992,12087.5425,10076.4748,12365.1067,13854.4582,7078.1252,10473.4953,4132.7048,12878.3238,5629.5522,8875.1799,8641.1392,5116.9957,1413.4312,7397.1492,3878.0071,4183.2830,3775.2134,13780.9228,12516.6180,0.0000,6176.4568,6238.0966,8532.8450,11055.6644,13215.5745,2454.9729,9421.7046,3792.7626,8668.8051,13469.3465,13681.7122,6129.1170,6107.4250,5485.5336,9177.2438,5913.3688,11182.3582,11502.2974,4645.5936,10937.9695,6223.3782,9758.8549,8527.1543,12501.8140,11005.4997,7552.2117,392028.0515,421007.1932,403449.6377,398186.9106,405887.2067,405934.4494,410093.5290,404880.1994,336088694.4650,336068669.1303,336106286.4961,336091115.6942,10791.9042,12017.1432,12218.0518,8003.9447,3215.1840,2092.5049,13642.2013,9457.1888,11653.8658,11230.5161,8635.5581,12666.8811,9222.4593,7155.8156,9087.3587,7072.0489,6283.4019,9957.1785,13469.3632,12894.0814,4229.1566,12824.5375,9433.6344,11281.8484,8960.8490,13427.2555,4975.9215,8460.7786,8725.3530,12679.3945,3002.1817,12916.3323,4336.8661,8192.0299,11199.5487,9435.5914,9730.2047,10276.6677,9352.1914,8871.4053,9595.9651,8183.9484,9075.5716,13497.8870,13103.6152,11153.6937,4778.6437,13562.2564,11071.6865,11689.6336,11836.5264,12430.2412,12365.6967,11035.9832,8060.8828,9760.5088,5061.1904,8322.1563,9634.4872,10405.9056,12035.3408,0.0000,9802.2423,3968.2092,11094.4388,11731.3522,12279.8835,6765.1972,13126.9665,10720.0169,10273.2325,8858.6535,10808.4080,7141.1327,10410.8863,3929.3452,4686.4601,7054.6447,4315.8098,5006.6651,10884.4944,13739.0957,10174.7541,5386.6213,10224.5434,12164.6634,11946.8029,8942.3715,388788.6214,417705.0595,400315.6350,394920.3806,402697.0967,402844.0393,406859.9411,401627.4080,336093098.4399,336073073.4482,336110690.0478,336095519.5132,11831.5186,2634.8232,8508.7888,8829.8418,12016.6532,9472.4824,9042.4023,11982.6720,9781.8444,12405.2896,10069.2661,4641.8112,6135.4666,13688.2794,9360.0407,13316.5063,11470.4208,8653.0073,8961.9484,12062.2374,9484.6169,13772.5037,10745.9914,13398.8137,10704.4604,7752.7094,13602.0864,13317.3007,10231.7723,10356.3102,11790.0423,12783.0156,13775.5413,11568.0274,5877.0624,13440.1925,4858.2709,13579.6378,13707.2385,7964.1123,6732.1948,2524.4171,8079.6074,9627.6736,5686.4637,13146.4057,10253.5897,12218.4973,1861.7767,10666.8392,12360.5953,12293.0620,10043.3255,11636.3153,13682.4983,11417.3447,10042.8247,10345.9921,5137.9850,10466.0185,0.0000,13736.3203,12687.4904,13245.1642,3344.0038,3546.4961,11508.3844,11382.1155,12597.3536,5916.9018,6152.8802,8156.4422,13741.1647,13471.9080,12612.5786,7716.9445,13705.0361,8558.6461,9853.1584,12942.2902,8562.2523,8462.8090,6909.0457,6073.8691,2532.7005,11882.5454,7076.5897,380581.7446,409607.9112,392076.6606,386817.5274,394550.9430,394516.0744,398620.7056,393473.6915,336100160.5252,336080135.0459,336117752.6748,336102581.6895,10609.4392,13505.3755,12204.3291,11148.8031,5186.2636,7156.9589,743.2980,11373.0732,10982.6848,2714.9838,13444.5008,11477.1244,7055.3644,13448.5649,7940.7186,11102.6482,5204.8364,4220.1367,9275.0493,3656.6360,6383.2144,3166.8773,8257.1148,5696.6290,13626.5552,5975.5352,9015.8385,9121.6407,10968.6585,3728.4652,9484.9616,7221.4111,1942.2325,9626.9880,8144.6463,12987.0518,5114.5575,6222.0142,12712.5719,9956.0996,12658.2971,5889.3941,8870.8978,12530.7176,10237.6515,5757.2504,1779.2198,11490.6011,2478.2875,4924.1658,4618.9845,4266.1432,6193.5651,6861.9116,8987.0067,7445.6959,5520.5425,13023.0097,10000.4723,0.0000,5818.6865,9993.8439,6419.5675,9838.7211,11231.3753,7637.5520,4657.8067,2355.4318,9055.0166,13593.7855,12399.0995,8333.1133,4824.6919,9740.1926,12309.2877,8255.7773,13393.2168,13350.2497,2583.3616,6504.8422,6958.3086,12493.4659,8974.5138,10724.3147,8245.9494,9229.4235,388626.7479,417616.1929,399969.7140,394772.2744,402422.4487,402449.1207,406695.5849,401469.4826,336091477.8756,336071452.3430,336109070.1674,336093899.2314,9463.2542,10620.6704,13095.5378,7403.7631,9192.8863,10901.9445,9225.3033,12404.2270,8514.9548,6181.8225,7938.7503,13291.2356,10379.1952,13606.1449,11202.5736,6615.8717,7256.8609,12854.6575,7900.4590,13290.9909,9908.5655,13067.5510,8860.5881,9654.8964,13376.3506,13089.5917,8862.6869,11724.3758,10195.4495,13471.2432,13596.0536,10671.9868,6701.2996,12943.6224,5620.6650,13123.8349,13355.8038,8312.4965,7878.7515,5073.3133,5948.7985,8018.7558,5675.0193,13738.7539,8309.6400,11344.8380,1486.7045,9576.6882,10971.1783,10904.9189,9354.7788,11763.9790,13129.0236,12238.6990,10426.6653,10177.8826,5789.0349,9444.1013,0.0000,13158.5024,13395.7964,12328.7453,2771.6305,2172.3095,11996.0224,9684.6087,11817.0635,6286.1821,7397.1993,8019.7634,13816.7829,12712.3795,13352.4578,9660.8869,13794.7926,10271.9897,11160.3071,12078.5430,6339.4275,8389.5852,8977.5898,6437.2802,206.7380,10764.6234,7853.9197,380085.5541,409117.3853,391536.1337,386311.5761,394017.2840,393974.4673,398128.5850,392971.8313,336100312.9687,336080287.3987,336117905.2420,336102734.1997,8635.0351,8873.8294,12099.1741,13150.6978,13591.4998,5342.0320,6282.1287,13207.3107,4370.6850,10067.2207,10634.4138,1371.2681,11421.1839,5650.4996,12524.4743,12963.7952,10867.8872,13318.0607,11227.8428,13844.0948,9366.5022,11324.0433,4710.4471,12094.2295,8724.7901,8345.8994,10003.8251,12253.1269,10488.1177,10957.1665,13701.7932,11638.1890,9500.0555,4500.6385,12290.8701,11512.4414,2337.3130,11395.1983,7767.2532,12246.5875,8840.0676,4939.4160,9082.2092,11407.8156,13618.3138,8371.6798,13766.9471,11516.8634,11611.5444,13713.9108,13049.8576,10689.1256,11566.4021,13032.8705,13477.3006,4400.2902,7249.6276,0.0000,11567.5374,9404.8981,10694.7268,10891.8930,8122.0074,12522.4944,11786.0963,13454.4219,12071.7401,2770.4645,3889.2708,10381.7960,11925.1258,10038.2441,8851.8909,10471.1843,4442.9524,3441.1668,13120.1119,11458.5306,13168.4298,8553.1679,12134.7497,9305.7841,8979.0939,12061.1349,381245.5190,410129.7301,392739.6000,387331.4403,395095.7317,395299.5143,399332.9711,394059.7639,336100543.2681,336080518.2602,336118134.9244,336102964.4109,4972.3647,13381.2133,7928.5822,11862.4986,12098.9994,10758.7104,12266.2043,8230.0561,4223.1085,11079.7796,8136.0152,8117.7824,11564.0949,12808.6087,12168.5384,5544.8658,12158.2367,11276.7032,10766.4469,11101.7058,13762.7011,4506.7099,10038.1402,10965.0039,13351.0254,2541.4723,13455.4567,6466.4006,10248.8842,11144.6338,7012.5526,11749.0574,9548.6326,10797.8909,10664.7461,10029.5343,5663.5388,6843.3390,12728.7669,13491.7305,10706.4092,7590.9519,13722.6109,11352.8169,10113.5253,11390.0498,13377.0026,13273.4804,10196.9158,7972.7553,11654.1199,5238.8287,7125.7865,8786.0426,9765.2146,12942.4603,0.0000,11503.7529,6608.4551,12660.0846,9728.0605,11097.5684,6657.6356,13617.5080,11236.4863,8024.7950,8452.4798,11195.9548,9478.1043,11851.8746,6240.9349,1536.6092,9362.3738,4623.2624,6431.6593,11692.4006,13333.2809,8558.8837,2386.0776,7990.7842,10578.6943,13181.1554,6641.7554,387822.6742,416786.7305,399371.0398,394012.6389,401791.4768,401856.9344,405874.4062,400691.7093,336093844.5617,336073819.4335,336111436.2998,336096265.6136,13355.0331,9578.4293,10739.7318,11278.4038,7935.5744,12221.0100,10576.9393,8533.1186,7519.8827,7839.1098,4497.3839,9588.1974,13339.0753,12692.6527,3050.6348,12534.4251,7855.7311,10745.8374,7573.7272,12910.1307,6729.2524,6809.5262,7427.6586,12416.8830,3715.0391,12101.2981,2500.1712,6465.4302,10400.1136,10311.6537,8429.0767,11380.7375,7794.4398,7223.5842,10247.0501,9111.5759,10592.2206,13477.3700,12939.7178,12010.1680,2928.5415,13138.6954,10080.5798,12720.9031,11294.7384,11478.8404,11412.0234,10702.0904,7302.4188,8283.6882,4532.0549,8258.4129,9297.3132,11471.7561,11795.6184,0.0000,8262.1691,1976.2272,9873.3606,12593.1212,13125.8886,6134.7618,12427.4974,9596.0283,11013.6272,10080.0478,11307.9683,5321.2288,8984.5470,2021.6795,6400.7939,5220.6770,5920.5848,5933.0193,9649.2663,13644.7928,10361.6617,7136.5452,10943.6456,13059.1138,11247.5029,9665.3494,390031.6090,418935.1049,401532.1055,396139.7535,403903.6276,404074.0533,408111.4521,402858.0665,336091783.9070,336071758.9307,336109375.5144,336094205.0136,9303.5239,5847.5732,8955.6163,10993.7998,3388.4730,11318.0714,11874.8139,9524.1381,12554.8421,11496.8408,10024.8001,1870.0691,3122.2972,12344.9683,3605.6319,9207.1385,6600.4076,9812.6677,2657.4566,13343.1429,9868.0787,10258.6691,6137.2584,13101.6144,3616.0512,12512.2295,10257.6492,6471.9543,9857.7748,9364.2210,10310.6516,9023.7426,9542.4248,10557.0320,10772.5998,11147.9525,2171.9769,5274.5067,9425.4925,12597.4478,2009.3047,6773.5247,8416.2293,5601.2355,5072.6289,4949.0045,7000.8375,10058.0030,9023.9485,12078.9480,10268.4802,8698.0449,10293.4456,7496.5201,0.0000,8797.9019,12561.4038,7566.6406,7763.6258,7611.2914,11136.0422,3163.6853,7276.4301,9075.8650,11613.4786,9741.0599,11174.0037,7900.4068,12571.5194,13103.8632,11176.7891,13344.8770,13267.2509,7102.7166,1466.3125,8578.6363,12912.0462,9095.3264,7512.2743,6915.7421,10177.5921,383483.3239,412479.8471,394818.8267,389634.4055,397278.4226,397292.9662,401550.3316,396328.3207,336096471.2361,336076445.6242,336114063.6212,336098892.6178,6776.0093,13712.5005,13400.5595,6718.4030,11643.8572,5855.7673,10887.2019,13093.4071,8473.4492,13738.0544,8009.0335,6636.0634,7327.7800,6323.9170,10499.5705,4265.8424,11832.9575,10828.9029,10917.6205,8700.1666,12270.1213,12881.1368,7039.3398,9951.2106,8678.5795,10216.5960,5519.4037,3831.1234,12173.9625,12072.4465,8869.6285,9768.7611,13171.9341,3720.6230,8961.0036,8172.1375,12504.7719,12532.2252,10666.8343,10579.0931,6400.6676,9861.0868,5129.7532,10896.4151,10648.9132,3216.6797,4147.8304,11197.7768,5777.0529,1830.0121,2105.4883,12277.8725,13383.0166,0.0000,10263.0238,9663.9900,11593.8690,6967.5139,10711.4178,4566.1084,10431.5083,6840.0900,3720.8035,12390.3310,13493.0025,10466.2618,9884.4997,8919.3714,7490.2425,10290.4151,11113.3235,12286.6069,7959.9501,9786.4432,1166.3379,7682.0638,3548.6824,9309.8287,12782.0152,2782.2959,389204.8598,418253.1686,400660.6991,395451.1745,403156.0661,403081.9521,407239.6688,402101.8149,336091223.7552,336071198.2106,336108815.9866,336093644.9515,11706.6150,11045.7695,3199.3087,13568.9842,11238.6941,6914.4466,13473.9161,7417.8530,11307.0397,5759.5404,4651.7426,8736.9328,4043.9316,6216.6442,2826.7381,8217.9087,6346.1593,13498.8389,5512.7743,8989.2594,9610.8542,10511.6446,4352.2681,8989.1693,6926.0929,1373.4752,9460.3633,8187.2268,13203.8651,4727.5008,5924.8610,12921.3466,9688.7596,12677.1779,6422.6631,9408.0921,12827.9706,9888.6505,6421.4921,1044.3642,11750.4946,2387.0873,5388.4555,5085.6378,3969.2213,5542.4680,6812.5869,8419.0320,6933.2395,5019.4892,13250.9713,10412.2855,0.0000,5662.7444,9582.9113,6604.4463,9999.6491,11578.3367,7020.2055,5295.0159,1706.1594,8943.5377,13717.3255,12692.1350,8008.4687,4733.2755,9272.4115,12010.4347,7913.0676,13249.0127,13250.0290,2239.1569,7125.6439,6682.6653,12243.7003,8850.8818,11015.4654,8637.0025,8965.5678,389242.8231,418232.7855,400593.0322,395391.0111,403045.5046,403071.7501,407310.9457,402087.2222,336090909.4953,336070883.9787,336108501.7652,336093330.8389,5189.5408,11048.7621,7386.1370,12693.7752,9051.8408,5909.8215,11849.9392,2964.5100,10066.2713,10958.4451,12457.8529,11378.3331,9548.8022,12779.6805,7677.5031,7409.2012,9343.7446,11326.1812,7219.7398,3475.6257,12706.9705,8844.4948,11863.6238,10064.6081,12304.4166,12963.2466,7258.7514,6137.0552,11003.9385,10283.8328,3443.3589,13182.1759,10357.6664,9868.3334,4267.0220,4945.7829,10244.2477,7621.2058,12071.6913,8707.4037,12301.5323,7923.3005,8112.3422,13007.9276,13389.4301,8645.6533,13175.6666,13890.3608,13484.1108,5879.0762,2156.7729,0.0000,9728.8074,10867.7224,7651.2471,11122.7030,7523.1539,13501.0122,8094.7628,11954.1651,12931.9612,6360.1949,2436.9913,10116.4445,9785.5379,11550.6834,12271.1520,10261.4440,9015.1003,7740.5601,11260.6887,8319.7074,13473.3789,12014.6335,12991.3356,9115.3985,4641.3742,13409.3547,380374.0994,409253.9754,391775.6413,386422.7543,394132.7371,394346.8717,398475.3729,393167.7062,336100816.7449,336080791.6003,336118408.6036,336103238.0239,11823.8541,9792.4783,12843.3497,5640.9181,5624.8885,8403.2138,2326.3936,12026.8997,12299.7410,9520.5299,12415.0163,6425.6753,12473.0993,3897.0887,9185.0403,8967.1594,8277.1130,3042.6142,6755.9873,10621.0241,9295.4560,8374.3658,6426.7118,11617.3105,13661.7459,3937.9173,9385.5141,8292.7360,7096.7350,6291.2311,13313.6888,12145.0209,12103.9886,7832.4469,8932.4744,6049.1516,9660.6755,11016.5218,11956.0009,12291.6170,7831.3581,7989.7196,12876.0603,11601.4683,5569.1863,10832.6062,12896.0560,12730.9635,9236.9562,5552.8388,0.0000,6895.8088,7086.4710,5838.6332,13419.0539,11286.6801,11470.1954,9081.6020,10543.5003,13870.0788,8542.0329,6599.0953,6064.1781,7523.1197,8022.4011,11558.4798,6262.6303,8094.3652,6175.8131,9710.7276,11002.2025,13587.0339,11706.6724,13867.8845,12324.7145,5269.6913,13612.8040,384939.6303,413778.4537,396351.5075,390950.7342,398675.3842,398953.9761,403051.0955,397713.4440,336096706.3596,336076681.4043,336114298.0078,336099127.6028,12364.0035,10697.1511,8984.3482,13412.3014,9778.9478,11479.6784,2695.1569,1538.3567,10523.5224,1051.6363,8457.1704,3338.5716,9833.5268,5107.7391,13368.9983,8199.2040,10449.3820,8676.9579,11506.3761,4218.9009,10960.0534,9258.0583,3412.2886,8378.7947,9639.9046,11797.9556,7455.5511,8392.4271,12167.5991,9121.7298,11305.4903,3380.9166,8080.3376,11318.1385,11717.8883,4807.9808,4055.3253,9599.1981,2271.5801,5859.8251,5596.8769,3887.7691,7354.9990,8725.4341,9961.2834,7632.0126,5755.9146,11854.1363,9771.3522,0.0000,7963.8988,11401.7909,7919.0282,7735.8304,9357.9765,8664.8432,4654.7847,4792.8227,7580.8610,12775.9613,11721.2899,10214.0851,7014.0624,11147.6150,12043.3383,10146.7415,13348.7623,13560.6534,5159.0358,4557.1929,6097.8041,12028.4512,7537.4623,8656.1690,8664.6951,8313.9108,386529.1556,415546.2448,397880.2170,392707.2853,400356.0597,400335.2141,404586.9623,399388.5864,336093408.2608,336073382.6298,336111000.6527,336095829.6144,7797.5736,12828.2096,5411.1790,12916.4349,8846.6592,11188.6097,11651.1603,11780.6475,12125.9867,13195.0920,13053.7098,11991.9875,11488.3172,4892.1834,13535.3190,11600.1834,9374.7999,10118.1255,12673.8285,12011.6923,13022.3305,13406.6196,9073.1193,12082.0726,1792.0855,13659.0683,13301.5294,4391.5986,9212.6771,4041.2493,10717.5146,9275.9142,3451.0083,11524.4706,11287.4598,13696.7623,4812.9711,12986.4748,12563.8988,12587.8886,12606.7680,12929.1106,12859.5011,11796.3619,12025.7967,12555.9007,2053.9055,8907.4892,0.0000,13363.7691,11394.3875,12614.5094,7659.5046,5183.2463,12476.7859,12163.6132,13798.5835,9458.3681,1668.2186,5217.1176,12658.6545,13425.5261,11666.3646,7660.4463,12682.7869,5575.0424,6383.5826,13802.3259,10407.4119,11409.7293,6951.9018,9569.8260,5999.1125,10825.6654,9892.8028,379878.1296,408832.4278,391392.1088,386043.8613,393804.8225,393892.1979,397940.2601,392734.3360,336101498.7905,336081473.5732,336119090.6553,336103919.9197,12738.4367,10119.8614,10250.5200,13025.6359,10817.5169,10157.7516,7992.0577,10244.7877,12741.9004,9404.6890,12943.1854,13024.4718,6572.3987,11461.6939,12967.3559,13287.7483,5469.4097,12981.5171,9251.6574,12121.7505,10325.8463,3295.4065,13381.0153,8955.6244,11912.6363,12177.3908,10728.5466,2284.3130,4553.9940,10610.5145,13032.6653,10111.4811,10650.4340,12760.6170,10943.8016,7732.7637,9964.8593,13447.2916,13300.2734,8493.2244,8092.3175,13121.8899,6868.1803,6029.2600,7518.4791,9242.5392,13300.5595,0.0000,12771.7230,9671.1250,13606.2454,6349.2497,9109.5964,7308.8621,13071.4593,11157.4924,4419.7730,8771.9843,11536.7300,11779.8803,12749.4228,9178.7209,2856.1739,11653.1199,7223.9478,9177.2701,11871.5623,11678.7082,6065.1989,2482.2092,4425.6811,7943.2821,13754.4158,3433.1327,386190.2106,415215.7273,397727.0700,392441.6837,400199.8741,400161.1309,404221.7027,399090.6114,336094926.5055,336074901.1371,336112518.5043,336097347.5888,9992.9495,4782.0019,6998.2500,10383.0425,10057.3396,7261.0714,9830.5026,855.2158,8893.1183,1825.8915,8017.6583,11535.4913,3264.2999,2700.0049,8407.2882,9747.1943,6629.9519,6159.2139,1557.9595,7599.0029,12702.3945,2281.1688,12537.8075,3005.8785,1717.9195,10508.6268,12308.4882,13631.5434,10791.5211,9116.1911,12133.5455,5060.7694,8574.2948,6647.4274,13418.8167,8817.3937,5364.8928,5359.3007,9641.9995,7968.8310,909.4221,8433.5803,10146.0933,9463.7879,12484.1566,8184.2290,0.0000,1465.7774,5719.8459,3016.2143,13351.6576,12969.8591,8363.2890,7106.4617,5929.4628,12723.2730,12141.3068,10605.8309,2555.9895,2487.4002,6183.3681,11942.9478,2686.6686,10753.7414,9666.1877,4936.0588,10271.9698,11229.9477,12350.6586,12656.6661,13298.5676,6024.7445,12218.4750,389271.9910,418153.1866,400643.5598,395312.5045,403003.9113,403213.5972,407375.1436,402061.0801,336091834.3197,336071809.2039,336109426.1568,336094255.6158,10590.8468,5503.7684,12996.9850,13305.5719,10057.4316,13589.9423,10630.6296,13802.3796,8714.5738,11674.4708,4426.2722,11437.1605,8027.6837,8843.8328,9336.3125,12359.5134,9555.9439,10211.3983,13573.3261,11865.1838,8955.8467,5732.3244,11731.5275,10867.4232,3448.4614,11450.8694,8404.9920,12787.3704,9451.8255,6190.8965,8006.7129,11821.8865,13409.2247,9361.2408,13796.5633,11511.6895,11601.8738,13713.1234,12614.8981,10134.9613,10917.2555,12786.0217,13312.5217,5659.8319,7679.8311,0.0000,11025.8933,8384.4228,10390.0966,11567.6559,9188.7647,11996.2659,11989.7120,13166.7352,12364.8262,3922.3296,4922.7270,9507.1456,11496.8039,9078.5749,8581.9326,9598.8723,3844.4415,2272.4074,12813.1570,12056.2544,13227.8691,8424.6522,12409.8504,10235.0716,9056.6307,12141.5371,382419.8039,411292.1192,393916.8154,388494.9115,396263.3981,396485.7191,400510.1255,395228.3075,336099500.4361,336079475.4814,336117092.0331,336101921.5686,10041.1623,11597.9171,10712.9890,2934.0746,10341.9997,4683.5612,8058.6183,5892.2101,10985.6051,10282.6862,2638.4280,6308.7721,11751.9706,6050.3543,9455.8081,2110.4356,3297.2802,7242.1277,10688.8348,6694.3734,13248.9619,3803.4704,3634.6620,12021.2668,9792.3346,12610.7207,11972.6867,12212.3248,13432.6731,3523.6205,11305.3142,6603.8502,13695.2750,8583.2148,8938.5084,8808.1696,8431.4413,4810.9599,5621.2941,4233.6465,7095.8771,7238.1332,13308.4991,11533.9493,0.0000,4907.4688,2930.2903,7436.3253,12846.8474,13851.5328,4517.1996,10103.3174,5919.4977,11009.5646,12541.8734,12597.6145,2875.4731,5545.5735,2502.2781,9173.3309,2633.9123,9583.3710,9316.7402,5914.8338,12237.6536,9250.4764,9858.0448,10900.3732,13627.1045,10009.7199,9820.2909,391864.3767,420783.4307,403298.1547,397964.1674,405685.0213,405833.1477,409948.8969,404686.0887,336089391.5191,336069366.4055,336106983.3112,336091812.7218,11180.3707,11748.5308,11002.5154,11995.8449,7659.5554,12689.0007,5349.6767,8157.1118,9227.8819,9632.9434,4698.3415,4933.0386,11761.8856,8856.2473,10081.1274,8002.1822,11949.8875,13593.4343,5042.4789,8068.4407,9441.6434,8439.1547,4863.0106,13500.0502,11576.3677,11157.0066,6042.1060,7296.4239,8038.8083,8572.1900,11478.7158,10729.4145,12345.5760,7505.6674,7702.9769,13052.0203,12542.2370,6690.9120,12069.0721,13536.9604,13218.4013,7864.7171,3521.4585,0.0000,7989.3264,8910.1933,6205.7766,12622.7596,9811.3895,12551.0563,8381.1903,11152.1517,13686.3010,7605.1779,4735.2578,7893.8437,8339.8845,9746.5166,12099.8087,8075.2357,8564.8059,6805.9069,10320.2472,9787.9175,13730.8086,12067.9157,13710.5905,11110.3084,4213.7638,13760.6880,382805.0042,411654.7679,394206.3359,388823.3904,396539.4824,396801.2278,400914.8044,395582.5117,336098654.0041,336078628.9770,336116245.7368,336101075.2710,1651.7722,12087.9617,2351.3378,10018.3420,5683.4057,10819.9200,4461.6502,13162.9382,10195.7025,11276.6301,7616.0006,12568.0283,4952.2454,12504.2646,10877.7253,6002.1094,8463.6090,10502.5659,10373.4120,9469.2856,10150.1113,11149.6101,9520.4551,10367.7167,755.0013,6715.4128,9729.3050,12955.3153,3839.9191,6610.7393,7816.4593,4753.5436,6521.3251,6347.8656,5836.1516,9418.5784,10014.4206,11549.3866,9205.3159,7651.2091,10413.8570,8872.7068,0.0000,9601.7405,12726.2564,8840.2380,6432.0652,7348.2117,10499.2801,4772.5513,7263.7312,7572.7511,11726.3004,10489.3725,11722.8470,8714.2287,12594.8093,12373.5921,11690.0094,13285.6174,13528.3423,7429.1899,2342.1712,7152.8600,12152.6747,7592.5747,6761.7832,8461.8583,8822.8988,383859.6387,412882.8793,395213.0991,390045.2622,397694.0922,397662.9706,401915.0564,396722.7970,336096022.4012,336075996.7316,336113614.8347,336098443.7595,11127.9479,767.9463,9608.6534,4112.9057,10733.1740,5411.7635,13082.4791,9370.8102,11261.4085,8691.2303,11697.6809,5182.7290,11675.1154,10340.6460,4633.5623,7649.1206,10532.1629,11061.2533,8710.1237,9560.3781,11840.2093,8617.2019,10410.7399,2177.5259,7930.6457,10614.6271,12437.5368,4930.1396,5414.4758,8449.2268,3218.9656,6801.7196,6573.5763,4242.5742,8066.7085,9800.4986,10444.0168,7834.0927,6150.7910,11134.9430,9829.3283,0.0000,9164.1044,12077.2187,8919.2232,6454.7393,8267.4165,9236.7914,5337.9392,6154.9559,6747.0485,12224.4466,11361.4899,11188.8133,8271.8818,11822.9519,11763.9333,11124.2761,13187.8605,13561.5651,6568.1593,3897.6983,5809.6302,11633.9097,6732.3369,7413.4626,9148.9033,7807.3451,385368.8774,414400.0359,396731.0505,391565.8558,399218.1468,399173.2920,403420.3821,398238.1418,336094528.0825,336074502.4124,336112120.5094,336096949.4250,10822.0523,7258.1401,8442.5699,7998.5755,12281.8805,8576.5461,5285.1740,8203.5167,12807.0296,3225.9905,11074.8685,1676.1419,5946.0601,8167.1878,9018.0368,8802.7602,12475.1844,6326.0166,6305.4301,11818.8886,7817.6232,10930.6420,12334.7060,13140.3327,13014.4393,4294.9912,12457.6626,7922.0793,12811.0519,9166.6288,10805.6647,10663.4635,8400.6972,4467.8868,8042.8301,1848.6237,5766.9110,6763.9036,12597.3272,12538.7582,0.0000,7467.5074,2992.0956,9624.7619,11820.5943,13309.5243,3243.3067,11610.2466,7479.5246,9597.0432,11614.6557,12642.7424,5266.1870,7964.2290,1956.2064,6654.7433,5062.1650,8037.6908,8418.3920,7848.6485,12875.7907,8256.9496,7455.1307,9487.2739,12866.4479,11577.5160,8083.2809,391495.9433,420437.5245,402975.9213,397635.6504,405379.1787,405488.2348,409566.7770,404339.0136,336089900.9534,336069875.8338,336107492.7221,336092322.0918,9332.1650,3446.7550,10627.7892,5707.1574,13300.4433,8951.2795,11201.6907,9111.5743,11532.9871,5141.4843,11386.5442,10045.1159,3965.1773,7725.6384,10459.8669,11599.4659,8288.8589,9222.4815,12279.2114,8607.2098,10808.4142,2930.9866,8419.1910,11191.1610,12253.6708,5298.4933,4791.1063,9066.5653,2506.7090,6776.0788,6526.0001,3683.6837,7566.1083,9605.2417,10113.5753,7455.9185,5653.9668,11676.9812,10218.1410,0.0000,8864.1875,11862.9481,8826.3116,6940.7506,8938.5177,8815.8824,5451.0497,5569.1033,6844.7848,12670.4496,11849.7888,10926.0301,7954.3678,11566.1200,11807.7323,10850.5112,13369.8992,13741.0212,6066.1242,4539.8200,5560.3101,11736.3673,6810.2222,8056.2108,9355.3607,7753.0497,386128.7684,415160.0154,397488.9089,392325.2519,399976.2708,399930.9792,404180.3149,398997.7408,336093762.8835,336073737.2155,336111355.3085,336096184.2268,8287.2139,2632.1062,7815.2467,11975.9801,2747.4633,3526.7375,8639.9088,9837.7332,6216.7741,6281.0929,1610.6430,6930.2853,12519.1068,2939.8298,12896.4058,2271.0367,1178.7090,11038.7192,12160.6459,13788.1745,10472.0338,9260.5592,12485.5134,5539.0252,8358.8741,5930.6621,13509.4532,8209.4299,5091.8601,5045.8037,9094.2193,7519.1416,1194.5860,8303.4586,9779.3351,8968.4847,12853.8159,8562.7663,0.0000,645.9446,6044.5815,3037.7639,13226.5244,13084.1318,8054.3154,6803.5116,5188.8574,12489.2687,12597.7574,11089.5446,2907.6076,1745.9153,6374.5875,12093.8364,2977.4357,11240.0371,10280.4219,4162.7125,10055.2105,10835.4689,12509.6886,12415.4473,13311.5874,6300.3885,11995.0908,389655.0907,418546.5566,401020.0855,395704.0272,403389.2540,403581.9425,407755.6617,402448.5024,336091333.6244,336071308.4674,336108925.5082,336093754.9307,10102.1120,7949.2614,12948.8868,6953.6809,10763.1319,11013.4694,9540.0072,6525.4207,9201.4474,8592.7028,1607.3470,7218.9908,10210.4672,12932.5536,6572.5370,7763.3252,13343.0457,7534.7640,11354.0237,6201.1867,10629.9831,12839.9303,10664.0067,7792.1342,2763.9822,10844.9903,1113.7146,7738.5971,7447.9021,1193.3803,4490.6373,8959.0705,7549.5861,4835.7132,2720.3385,13046.4549,11805.8747,0.0000,7838.9063,10035.5887,8945.1854,8370.1672,11060.1040,5949.5561,7238.5841,3532.9981,6640.7495,13509.7763,13267.3816,9381.9457,7100.4362,9502.2712,10650.7144,9241.8563,12900.0624,13393.7231,4650.1544,7613.8736,4070.4742,10842.6889,6525.3916,10045.6585,10543.6161,6640.4637,389265.6138,418292.5784,400649.2685,395464.4134,403130.7738,403094.0128,407316.8243,402136.7798,336090836.0442,336070810.4567,336108428.3666,336093257.3438,8042.6717,10851.8179,4917.3322,923.2557,7504.9089,10116.5886,7158.5918,6785.7092,2980.5180,8921.4216,13163.6998,946.8994,11625.1242,4753.2422,3475.6014,9224.2848,12793.0701,13314.2680,11131.6606,8389.5198,11154.7121,5026.8157,8622.4022,8070.8800,13030.1742,9955.2201,5653.8309,5735.4026,10761.6263,9250.7721,1784.8523,9288.3638,11171.7485,10631.4137,11536.2335,6998.1679,0.0000,3146.6800,5958.8247,3046.8305,13471.6804,12463.9503,9472.7771,7375.8557,7438.2098,13232.3535,11120.2725,9327.5876,3276.1732,3951.7787,6663.8796,11973.3581,3483.8739,10015.2082,8629.1284,6445.2471,10338.9496,12115.2600,12306.9786,13186.8996,13048.2479,5095.8607,12822.9912,387910.8538,416773.3025,399288.9342,393934.4669,401633.7795,401874.0401,406019.0432,400691.0060,336093367.4423,336073342.3852,336110959.2151,336095788.7298,13277.5640,9168.2924,8450.9615,4223.4036,13402.9397,2419.6981,12089.0856,9068.1299,7322.4758,11531.2624,7422.4439,10347.1354,8237.3540,8439.3845,9702.8523,12196.5194,12136.5486,4721.0648,3712.4918,9247.1592,11645.2650,748.1524,7195.9204,9546.3281,7018.4609,3056.7926,3070.7947,8565.1316,10690.4204,7352.0746,12413.8874,11438.4533,9962.5467,10258.4706,5583.0369,0.0000,7464.5789,11885.4955,5545.9686,9658.4454,8475.6938,11680.9696,1361.7959,7413.2010,10928.1090,11400.2151,8781.1419,10022.7270,6656.8400,12098.4341,13737.5482,10078.2068,13082.9532,12546.7775,6777.9506,3164.9328,10311.3891,13617.4488,10940.7325,8917.2674,4518.2428,11755.1567,383471.7733,412424.9451,394793.2160,389572.1834,397217.3786,397305.3558,401555.4794,396290.3089,336096708.3638,336076682.8735,336114300.6306,336099129.7597,11758.5909,10406.7046,11541.6873,6543.6902,13660.0072,8765.2582,11223.9867,13147.9745,9134.9940,11311.6089,6328.0889,12294.2730,11786.1862,6506.1698,8405.0033,5801.2661,12919.3317,11802.3578,7619.2222,8438.3493,13257.8355,13256.4871,8633.9823,13233.1542,13281.2145,13271.9745,12517.9823,11144.3127,11900.2425,8881.8723,10558.3340,11690.2927,6490.0451,10796.7844,0.0000,12293.2932,8112.2119,12485.2696,9969.3874,9285.9535,10164.7609,13485.2328,13130.3282,9944.5205,4601.3140,7925.9523,10420.1971,12686.0618,8344.6413,4666.8320,10408.1178,1150.2291,3327.6770,13216.1369,12903.1468,11185.5649,4432.0724,9983.4557,9532.4077,11868.3906,9360.9064,383973.9057,412899.3850,395521.6506,390123.2677,397910.2160,398040.7434,402038.9024,396821.5849,336097921.0552,336077896.0175,336115512.7044,336100342.1159,5647.4800,10523.3193,8172.0566,7336.3982,4657.1654,2147.6411,5733.3836,11222.1825,5468.6460,13531.5785,1196.0048,1588.2044,12203.6094,10667.7694,13379.7166,10678.9823,10945.3700,13405.9960,5186.3981,9557.1659,4806.9980,13669.5144,7227.7270,6819.3254,6668.5592,7658.0294,5145.8309,3901.8375,6115.3097,7687.7299,7056.3041,13555.1461,10544.5855,0.0000,2700.5961,5091.6179,5512.2042,12756.8512,13574.7462,5669.8330,8107.3757,3985.8444,11274.5761,13169.8900,12459.4173,2984.9834,3130.4687,4956.7563,10875.3532,2830.8512,11103.5285,10626.3083,3601.0299,10805.7322,9251.3628,11421.8281,11169.7101,13417.7273,8562.5840,10455.5212,391377.2727,420298.7190,402767.0090,397464.8813,405158.6783,405302.7569,409465.9499,404191.7391,336089560.8398,336069535.6414,336107152.7494,336091982.1094,7440.4345,10136.5078,7787.8878,6939.2093,3654.4799,9651.6343,13375.9499,1396.4440,11249.3465,5584.2056,4284.8708,8668.2006,12977.7652,13152.8001,11537.5441,8397.6185,10798.5849,4897.3625,9017.9101,8849.8270,12949.6446,10624.9483,6256.4423,6361.6846,11361.4255,9797.4834,2704.3188,9561.1544,11604.7827,11185.8496,11148.6748,6752.3051,0.0000,4055.1213,5938.4090,3709.9245,13619.0226,12370.1433,9899.0146,7906.0049,8239.8586,13494.8896,10630.0944,8838.1825,3641.0641,4850.9820,6747.9477,11862.4442,3862.7205,9531.6742,7999.2427,7288.9036,10671.7778,12553.3215,12175.4779,13457.5046,13055.8165,5137.5508,13083.4121,387423.5016,416276.7180,398810.2465,393440.6403,401147.1260,401402.3801,405533.5188,400200.3231,336093977.7777,336073952.7599,336111569.5045,336096399.0525,13525.1907,6008.6364,12327.0759,9624.0314,10433.7035,12703.0188,6834.0903,7990.4060,9869.9691,9466.4396,6422.6983,13182.4157,11389.2827,7530.9282,1249.4075,6611.0812,11105.8454,4484.7907,10206.3495,8909.5758,10303.7765,5319.6974,5520.6305,11427.0070,12627.5085,7767.5067,13312.6174,13282.7118,12359.0290,7791.9226,1553.4191,0.0000,8597.2684,11633.5177,6103.7147,10544.2782,7531.6732,13157.9678,5082.9926,10205.7097,12382.3774,8827.0233,5250.8882,10145.6767,8284.0376,12152.5295,13423.9366,10270.6373,11274.0162,10287.6448,9438.0985,5665.1012,12483.6999,13205.9746,12428.9962,8821.3559,2796.9567,13103.8200,381106.7753,410013.7726,392458.9756,387167.6537,394841.8879,395009.9783,399204.1607,393905.7121,336099575.5382,336079550.2321,336117167.5958,336101996.8899,12657.7742,4447.8064,8668.9872,9749.3663,7434.4760,10850.9934,11186.5762,9060.0566,9040.5079,11232.8410,5982.4830,8743.8874,12638.1921,13723.1254,12096.9489,6283.7915,13436.5441,9837.0143,11474.4489,10288.9269,12566.8204,12433.4326,9109.6814,6013.7411,10426.5856,2860.7540,5755.7327,7424.1037,11371.9783,13205.6186,0.0000,10042.7810,5056.3765,11700.2456,10577.9887,12311.2760,4522.4970,13010.6979,9620.0920,8313.5696,10212.4552,12264.8408,7925.5355,10430.2449,4372.2632,3656.1233,7764.8649,6326.2989,7539.6387,10137.7262,13332.4896,7910.6903,4561.8545,8230.0423,11715.6166,12898.0190,6652.7794,389958.0057,418919.9523,401482.8236,396136.2667,403901.7842,403973.2129,408014.6730,402821.1639,336091583.8104,336071558.6753,336109175.5682,336094004.8898,10863.8808,7545.9404,5543.1088,11440.0199,6644.5206,11786.1446,6290.0939,6724.5936,10984.1407,11917.9399,12933.6828,5492.4882,5820.2635,10901.7770,10674.9500,2830.9681,5182.5536,10933.2262,5643.9771,1842.7255,1623.7318,7386.9723,9152.1218,6014.7947,11220.5770,10332.9834,8685.8207,11731.4128,7071.8713,0.0000,5738.0520,10852.4886,4477.8746,10419.6464,10135.4636,10305.3777,1088.4515,5317.6584,10868.4480,12562.4282,10311.9139,8686.6138,4755.5644,10963.5954,13586.4054,8714.0534,13360.8858,12843.2544,4570.9554,4771.2795,9598.5319,13626.0024,10841.3928,10271.4694,5192.4787,11386.3773,385881.7325,414834.4939,397198.9297,391980.5456,399623.1833,399711.0230,403965.6223,398699.3904,336094302.2779,336074276.8017,336111894.5300,336096723.6733,4810.5715,8661.8362,10319.3083,7656.6796,12592.2669,5760.8690,5403.5101,11457.9447,9210.4498,11710.1037,12773.3982,12807.6499,13007.9900,2749.5418,12357.5212,8211.6757,13364.3841,9797.1095,10325.5314,10218.0635,9335.4273,5547.3252,7000.4683,3502.8463,7209.2693,7910.5476,12674.7133,11929.5993,0.0000,6604.3216,1526.9339,8766.8989,12730.6613,13681.4894,4634.2287,11379.6763,7636.5065,10846.3321,11616.9496,12271.2495,3887.4909,7294.0126,542.7802,7706.0118,3700.1824,8039.1027,7956.5922,7728.8877,13057.8802,9526.3112,8463.8144,10747.5531,13469.6731,10835.9291,9481.5240,391438.8485,420354.0700,402907.2574,397546.9893,405289.3478,405442.6242,409519.9403,404265.2911,336090079.1113,336070054.0610,336107670.8151,336092500.2630,7367.5896,12232.6767,3682.3737,12937.3787,2463.3929,1122.9081,11103.4067,11673.3885,13500.4255,11294.1986,10263.5342,12723.4247,4112.9714,9556.2955,6437.0227,13713.5495,8712.3275,6537.8904,6479.4214,9270.6407,6945.1077,2440.8882,7193.6988,9260.1766,8778.0495,12918.6140,9387.7657,0.0000,2088.0796,4574.8224,4477.8336,13384.9013,13454.8011,7196.9847,8123.8027,5655.9102,12344.2939,12407.8658,11376.9627,1391.3839,3108.7374,4905.1220,11203.8255,1413.5540,10432.0597,9539.6497,4919.8105,11038.2692,10704.6888,11709.9157,12261.8240,13608.2826,7413.2016,11612.0124,390393.1629,419282.7585,401782.4839,396447.8813,404148.2613,404344.6798,408491.9915,403190.2390,336090776.8571,336070751.7541,336108368.6683,336093198.1253,8461.9542,9003.7903,13196.8272,5196.6865,6446.4361,13178.8839,8641.0591,12138.2219,6607.5348,10184.3110,12983.0939,9907.3431,7308.4786,1171.8521,11531.7089,1663.1457,6591.5977,6294.3254,2750.7131,4520.8427,7631.7205,7594.2693,5692.1597,3700.7645,13277.2298,11187.2498,0.0000,6435.8496,9420.6440,7652.0018,9451.8130,11561.5828,6057.8003,6400.5696,1997.7466,7968.9329,13672.7827,13065.5538,8298.6866,5644.8597,8974.5534,11226.1347,8170.9274,12963.9709,13189.8998,3084.2815,7639.9809,5487.9344,11480.9229,7859.7350,10793.3231,9611.5754,7863.6976,389660.3511,418665.2016,401028.8259,395830.1751,403492.4207,403493.8414,407721.4535,402516.4145,336090504.5688,336070479.0359,336108096.8437,336092925.8866,13450.6218,9709.8275,11403.2586,11986.6675,11679.4218,1629.5126,5668.5241,8277.0149,12203.5371,10477.0224,11864.3688,11148.7787,9334.2571,7128.3426,7691.6159,12317.8231,12127.7102,6148.8960,7377.3452,12945.3443,7639.8397,4969.1119,5748.7518,9974.5765,13099.5543,0.0000,12382.6491,10930.2694,13096.4077,4309.2007,8412.7775,7248.3398,11574.4510,9778.8546,1162.3234,10190.4477,12090.4724,12263.5602,12075.8663,10372.4413,5923.2781,12128.7643,9696.6977,11298.4520,10648.2063,9767.7331,3488.3308,5642.7321,1153.7364,6790.2137,13314.2610,1354.5987,386095.6177,415152.9809,397589.7070,392365.9177,400091.4339,399999.7872,404121.5065,399005.0567,336094497.5211,336074471.9779,336112089.7301,336096918.6720,11575.9962,5113.7862,3960.9210,9132.4801,13187.0953,13519.7370,10814.1675,7748.4121,10973.6675,5948.9662,8038.7916,8156.1811,12942.7164,9960.7125,5022.3154,5141.8764,10911.4083,9762.2308,1825.7810,10008.2014,11633.6119,10958.8578,11467.9920,6379.8862,0.0000,3323.1299,6858.5410,2365.0924,13477.2150,12262.1092,10092.8858,6788.1941,7570.1038,13450.5422,11207.6915,9080.9638,4164.8503,3929.9430,7542.8447,12544.6332,4362.7852,10514.3575,9094.0851,6492.0130,9878.8381,12374.6070,12824.1352,13412.1921,12925.4999,4293.3215,13175.1391,387319.9790,416181.2699,398685.1240,393338.3441,401030.0535,401271.8169,405429.7398,400097.0119,336093876.6481,336073851.5675,336111468.4544,336096297.9560,13504.6442,13141.7913,3568.4992,10055.9376,5142.1029,9873.1830,7827.5303,1681.0093,11922.8213,10136.6131,13455.9778,4319.5877,12713.8228,11667.1616,11716.4722,12591.3641,13309.7196,12443.1368,12550.9076,12577.7366,12811.7347,328.7955,7596.4478,0.0000,13028.4646,11926.7188,11917.6083,7615.8242,4093.8995,13057.8433,11157.7597,13582.6321,9898.4961,2178.8653,3910.3615,12723.1612,13007.4547,12264.0996,9039.6793,12768.9585,6814.9984,7154.0022,13474.5012,9285.2732,11723.0302,8374.6875,10015.2522,5429.0939,9744.0753,10573.4886,379030.9452,407981.6510,390517.5587,385182.4392,392928.0566,393023.8328,397098.8297,391879.6214,336102171.0323,336082145.7791,336119762.9531,336104592.2036,1429.1768,12172.9548,11013.0517,13577.4762,9991.9518,10255.8242,13242.9640,6070.2517,8652.6244,4160.8772,13501.1763,6681.9748,5791.4010,5629.1033,7407.7307,5605.7572,3395.5137,7013.6798,8069.1976,7136.9845,13512.6544,10018.2662,0.0000,1959.1423,6090.9707,4696.5196,12596.8806,13290.7519,6380.4682,7107.5980,3322.8576,11338.8957,13309.3004,12278.3965,3655.0457,2068.1325,6027.2955,11532.5716,3562.7669,11673.5144,11135.7147,2629.7663,10035.0660,9289.8852,12008.3831,11240.3982,13173.0125,7872.5789,10714.2209,390865.0859,419788.8141,402236.7162,396949.3562,404631.6707,404771.4218,408954.7264,403677.3181,336089932.0398,336069906.7986,336107524.0063,336092353.3379,11482.9751,11530.2740,13597.5308,10616.5615,10011.3371,12863.8059,5102.8393,8919.2944,5455.3475,13593.2289,7834.0623,5855.8592,5761.0952,8530.5010,6531.7796,2339.7727,7318.4656,8912.3865,8194.6029,13127.5485,9411.6937,0.0000,1306.9288,5396.9375,4115.6641,13060.6536,13312.9389,7033.7534,7399.6735,4656.9796,12003.0504,12787.8973,11642.8507,2469.6254,2155.2645,5570.7966,11513.4646,2443.5702,11067.5794,10292.0825,3846.1718,10429.0044,10202.1316,11992.0766,11916.1914,13383.6762,7283.4841,11358.4138,390448.7790,419351.0829,401825.5734,396512.5085,404202.5868,404377.9286,408544.8706,403250.3403,336090541.4240,336070516.2588,336108133.3082,336092962.7124,11741.8798,7944.7067,10827.2257,6827.2540,3208.7002,10075.7584,9751.1623,13123.9504,7329.8603,13084.7525,10318.0774,10437.1886,13284.9616,13310.4391,10371.6238,12405.5607,13307.9424,13409.6871,3337.3382,5415.6982,0.0000,11288.1871,10456.4508,9913.9540,10152.8997,6650.4237,13060.4250,10358.8459,13042.0509,11895.6854,3058.8755,1560.4717,10806.6630,11466.9669,11068.4511,10067.2204,10910.3186,6385.6786,5510.1823,12625.7383,9775.3017,13006.9997,9684.6427,11972.9577,8155.1312,7588.5242,12233.2095,380057.9900,408952.9805,391519.8284,386142.8189,393885.7480,394074.4472,398147.2463,392871.5312,336101409.1564,336081384.0550,336119000.9326,336103830.3517,5935.9932,9402.2888,12824.2914,10945.2612,10916.0867,11897.5503,9397.1650,8098.1016,8165.8065,12623.2198,12435.3157,6519.5208,6687.5884,12658.2316,6384.1332,4259.1318,5592.8834,10322.3142,13426.1218,0.0000,12083.2065,9885.2499,13069.8883,5740.0468,9370.6340,6237.3405,12125.9835,9721.4369,2696.5385,10188.8848,12331.5630,11557.9212,11906.6312,9261.7445,4650.8214,11408.9351,8903.0705,10592.2052,10600.0371,10772.1551,3882.9961,4557.2203,2628.6548,7940.6181,13537.7007,1166.6293,387157.0910,416201.3497,398665.9006,393418.3005,401155.6206,401086.2291,405185.9302,400062.2392,336093641.6508,336073616.1846,336111233.7687,336096062.7748,9900.6331,11019.2739,6482.6757,12159.4176,11791.9851,12713.0374,4172.5761,11492.3257,13298.4363,13228.9241,10596.6140,11248.6798,13779.4948,10323.0769,9593.7356,10392.1861,5466.4838,11337.5359,0.0000,13843.5399,11597.1194,13713.6594,5074.1929,5644.4355,10769.3387,12641.8070,12975.1052,6189.1638,5520.5081,8599.3329,13224.7907,13760.8492,11494.0195,5652.1958,13175.0398,6755.6149,8453.1633,13365.0631,10413.5954,8677.9020,4753.2468,6314.9476,4974.4179,12667.6648,6663.8169,381746.8525,410758.6130,393276.4432,387980.2713,395737.4293,395724.5318,399785.4274,394637.9098,336099353.5545,336079328.1846,336116945.5661,336101774.6622,6565.5727,9231.7399,13187.3517,4051.7873,7238.5465,7177.9733,5333.2431,6969.4937,6816.7400,6241.5702,9802.2436,10427.1736,11779.6904,9428.5649,7994.5095,9917.6343,8777.5401,0.0000,10085.1032,12954.6795,9238.6339,5906.5601,6696.1120,10803.2283,5203.1604,7878.8755,7382.8569,11314.3635,10149.0608,12081.3390,9237.5410,12839.2276,12226.7122,12052.3382,13093.9608,13387.4878,8047.5524,2130.1158,7273.8379,11949.8340,7419.9615,6096.5434,8609.3988,8747.6343,383218.4459,412244.5951,394578.7804,389409.3004,397061.6653,397025.9968,401272.2856,396084.4700,336096679.1190,336076653.4461,336114271.5525,336099100.4697,6413.8715,11812.0284,3784.5658,10082.0757,8200.2106,9863.0969,5519.5517,5677.6390,10989.5488,12611.3775,8488.6534,13478.8673,13071.6863,12074.3498,7650.1905,2681.2813,0.0000,9151.4245,12225.6170,6784.5765,9746.3099,6762.1851,13212.5012,4814.3621,10188.6448,11795.8764,8940.9978,5593.6783,10840.9972,8716.6482,12659.0275,13431.0794,10944.8439,11645.5579,10880.1355,9528.5576,4619.6003,12005.9378,13157.1266,11851.3902,7991.3853,3784.6138,12683.4724,380693.4680,409620.1940,392043.9935,386774.3360,394443.2689,394578.6520,398784.5944,393502.7988,336099825.7942,336079800.4176,336117417.9271,336102247.1525,12164.5676,9051.8266,13184.9619,4623.4144,12486.0968,10737.9097,10815.2020,12623.7642,13612.9042,11921.4227,13171.0798,13097.6182,13065.8037,1428.8974,6283.7538,0.0000,12586.9551,12298.1332,11142.0971,7977.6152,3745.1939,13535.5159,10167.8886,13316.1331,10508.8999,3387.0677,2848.4296,12646.1718,12499.6483,12697.2750,10288.6826,12712.8669,7934.5135,7883.5458,13085.8491,8330.0495,12111.2840,9686.1748,10622.4460,5496.6804,8624.1610,11323.1361,378550.4522,407493.8319,390009.2684,384684.0987,392414.8172,392524.3973,396624.8858,391389.5734,336102511.1561,336082485.8808,336120103.1183,336104932.3681,12021.0047,9296.3390,13467.7395,11022.3366,9718.2812,9690.8332,10935.6963,7765.2791,5856.0421,6057.0826,9440.1388,9875.4979,11940.4753,10436.1821,0.0000,6063.4710,1342.3694,7654.6065,13548.6200,13511.2464,7109.6413,11029.5827,8651.3139,12344.3434,10771.4152,10888.9087,2777.4605,6985.3849,2380.7680,8875.1552,2759.2587,7481.0479,6621.9835,8329.7202,13025.4500,11340.8633,9490.7852,12274.6006,13706.7484,9411.4971,11258.6752,390080.0946,418955.6522,401536.6341,396143.5635,403887.2648,404105.5750,408175.0311,402882.6884,336091648.1895,336071623.2373,336109239.7997,336094069.3568,7301.6307,9067.0037,6836.9675,3724.2822,3706.0465,8336.6629,10724.6617,7947.0313,12489.1697,11299.0755,9816.6173,10060.5593,5895.6591,0.0000,8001.2986,12197.0877,6211.5832,9102.1519,8007.8347,11722.6245,1885.9363,7597.6765,10500.1418,11301.5208,8815.4401,10485.8361,7176.9844,12369.7325,13614.7237,10530.4420,13127.4899,12706.8566,7079.0983,2433.2097,9994.0579,13455.6983,10519.6602,8375.3862,5115.6853,11431.4115,383149.1205,412113.4831,394474.1802,389262.4863,396907.4040,396976.6869,401228.6687,395974.4469,336096968.0325,336076942.5084,336114560.3327,336099389.4257,12126.6754,2744.6647,5990.4675,5697.2432,3868.3039,4654.9911,6678.9421,7596.6322,6314.5035,4492.9016,13515.1480,10889.5595,0.0000,5409.2185,8913.5355,6802.7651,10311.2698,12057.5934,6157.2070,6130.4150,876.0496,8917.7916,13823.3257,13012.7094,7461.3990,4608.9962,8531.8266,11581.1511,7341.6805,12972.6458,13012.7517,1958.6426,7992.7222,6483.4316,11887.9732,8810.2816,11452.8561,9089.4101,8706.9132,390048.8647,419036.5534,401409.9189,396197.7890,403859.4327,403890.2536,408117.0088,402894.0786,336090196.3374,336070170.8543,336107788.5646,336092617.6627,10577.2131,11498.0231,11457.7535,10292.8932,12235.6676,13291.4045,12310.8227,10925.0594,10899.1264,4517.0541,9260.4722,0.0000,13446.7697,13164.4099,12582.5281,3736.0538,1725.2397,12292.0354,10387.4522,12518.8622,6943.0205,6111.0698,7182.6312,13800.1978,13112.3115,13189.6911,9160.2829,13789.4391,9308.5475,10224.1570,12720.8106,7322.6199,9181.2281,8412.9993,7095.3489,1288.0912,10848.0136,8282.5498,379584.2261,408602.0677,391052.8103,385801.1715,393520.9019,393502.3548,397630.4188,392466.2578,336101023.9756,336080998.4769,336118616.1638,336103445.1805,7007.4385,6715.6048,1984.1200,5444.6330,8769.9965,8403.8065,5833.9426,3771.0468,12807.8920,11199.4044,0.0000,7724.0298,10507.1851,8500.0725,8254.0035,10641.4770,6886.6032,6330.1501,3592.8673,7015.4410,13421.7305,12883.1915,9596.6965,6880.0939,10067.9384,11248.9169,9480.1126,13183.2754,13566.4144,4492.6035,6690.3046,4756.5300,11378.1871,6922.1640,9717.6513,9921.8839,7280.7960,388520.0805,417544.0734,399889.4018,394711.2316,402369.5525,402337.4140,406573.6918,401386.8572,336091503.6485,336071478.0410,336109096.0020,336093924.9708,306.1533,8603.3690,9586.7742,4618.8346,11252.7136,11035.4951,9594.1169,11578.1749,6105.3645,0.0000,4709.6150,10102.9287,2786.9683,11428.2505,10615.8170,10572.4924,2003.0093,5861.5012,11885.0932,12211.6192,9681.0008,7653.1825,3914.2371,10374.0662,13678.6703,7724.8264,12849.8657,12038.2946,4817.3699,5946.7449,10681.1024,13764.2452,11858.5701,11016.3365,3760.2425,12228.7987,385940.1089,414862.8160,397258.9995,392007.6969,399658.0172,399796.6386,404034.2047,398741.6570,336094477.7802,336074452.4076,336112069.9228,336096899.1686,8323.5419,9345.2782,4642.4523,11074.7063,10794.1177,9326.9586,11635.6236,6322.4740,0.0000,4637.0935,10038.7846,2906.3550,11292.6611,10609.9889,10357.2226,1929.3553,5582.6095,11685.9157,12267.7826,9821.1853,7612.4522,3794.1241,10279.7303,13565.8079,7674.9053,12850.9982,12086.1904,4555.8741,5876.9143,10433.9684,13657.9708,11656.5375,10954.7588,4021.6409,12022.2518,386116.7652,415043.6546,397436.8220,392189.0585,399839.1790,399970.8965,404209.3863,398920.8178,336094278.8189,336074253.4360,336111870.9713,336096700.2058,4455.1175,9753.4789,7304.1730,4100.6101,2098.5337,12731.8876,12190.2968,0.0000,8694.4896,10206.6515,9781.8283,7572.3342,10676.7152,5740.3276,7997.4473,4572.0983,5554.4129,13185.5670,13277.1195,9931.0695,8027.2168,9618.6759,9948.8934,9782.5177,12561.3798,13253.5835,5698.8139,7842.8160,2908.9539,10102.7615,5431.0564,9496.6876,11163.3769,5563.1532,388984.0247,418022.8529,400384.5278,395201.2853,402875.0929,402817.8641,407028.9453,401864.9766,336091140.7225,336071115.1194,336108733.0507,336093561.9997,8478.9698,3422.9856,2783.8870,2718.6148,13450.7977,12904.5528,0.0000,7338.4867,6784.4297,9475.1554,10166.5425,12733.9419,1640.8901,9887.3857,4560.2448,7499.0309,13168.0917,13722.3077,7185.1967,7210.0151,5950.0511,8333.1316,6971.8420,10913.4996,11511.4397,5576.7354,10872.9801,5040.8182,8887.6327,7348.3652,11846.3765,11637.6850,6271.6724,391652.3315,420649.5293,403089.0989,397835.7734,405541.1106,405557.2020,409709.4225,404517.3452,336089035.8252,336069010.4497,336106627.8895,336091457.0355,9135.4651,10586.2183,9766.9319,12372.3783,7609.6270,0.0000,1517.6928,6538.8456,2139.0168,13313.9811,12736.0865,8978.9887,6443.6449,6012.7655,12898.9828,12165.8519,10338.7991,3449.8260,2255.7832,7014.5200,12446.6981,3586.2625,11147.2514,10006.8056,4902.7794,9773.5972,11454.2863,12799.8866,12839.8311,13137.5658,5291.7999,12530.3041,388694.8969,417574.9354,400054.2010,394730.4233,402414.6209,402625.7453,406799.5080,401481.0043,336092334.7060,336072309.5678,336109926.5748,336094756.0215,4118.4374,5457.4275,12710.3342,13211.4214,0.0000,8391.3401,4774.3567,10497.9796,10856.9447,12982.2190,1859.3793,11778.4205,7328.3006,8233.9876,11891.4577,13182.5642,6759.8445,8674.2475,3780.9614,6027.4460,6547.8237,8568.8459,9351.2373,7982.9356,12609.2478,6796.1355,6814.3037,8108.3873,12270.7775,12344.9844,6572.9382,391507.3148,420478.8876,402993.2086,397680.8129,405421.2320,405479.4507,409566.9791,404367.9483,336089705.7068,336069680.4952,336107297.5680,336092126.8408,2154.8454,12774.2465,13625.5864,0.0000,9606.5801,8341.3783,11309.9397,8399.4137,11741.3848,2850.9355,10900.9882,6538.7963,5185.3327,12593.5015,13770.4889,9375.7976,9391.5947,7495.4907,7001.7125,9178.4010,10614.4249,11716.7526,7642.5290,10836.3050,2974.5094,7413.8714,5019.2605,10520.2817,12850.8575,3722.4739,390473.8259,419503.8313,401938.2673,396702.8226,404417.1562,404375.2376,408514.7970,403362.3564,336090155.1083,336070129.6524,336107747.2400,336092576.2856,12974.9234,12899.5438,0.0000,8668.8233,8964.7242,10229.6962,8264.1446,11474.4201,3824.7939,9334.0499,4899.0245,5531.0839,13085.0358,13639.6377,9210.0617,8233.9194,8229.9064,8671.1243,9028.1715,11692.2611,12519.3994,6103.9192,9458.4943,2648.1238,8982.9337,5374.4878,10295.7999,11879.2075,4779.1923,390190.7686,419222.2599,401618.8049,396408.8337,404101.0011,404057.1361,408235.7102,403072.9904,336090178.4282,336070152.9064,336107770.6525,336092599.6604,7370.5168,0.0000,12989.7194,11980.6941,11815.7359,7840.3975,4173.2152,13215.0464,11084.0214,13632.5786,10148.0194,2216.9842,3622.7618,12712.1557,12972.0768,12342.5881,9291.4737,12763.9879,6934.2060,7168.7459,13493.1324,9259.8667,11927.1219,8642.1959,10263.4668,5598.2582,9570.7119,10827.3084,378900.2836,407846.9139,390383.4201,385046.2050,392790.6608,392893.5077,396970.0817,391746.0323,336102306.1494,336082280.9032,336119898.0654,336104727.3257,0.0000,8636.4597,11071.8550,6200.8628,11180.2329,7955.6452,13267.0491,6260.7779,10791.0923,12910.4015,8110.6714,4337.4691,9727.9117,8523.3094,11697.0810,13124.3685,9874.0025,10441.5176,9229.7412,9986.8562,7035.4109,13087.7291,12928.5723,12956.3347,9375.4098,2806.9212,13472.0482,381099.6729,409986.5775,392466.9695,387144.5358,394832.2718,395033.9897,399202.0949,393890.5715,336099829.3021,336079804.0858,336117421.2563,336102250.6292,0.0000,0.0000,0.0000,0.0000,0.0000,0.0000,0.0000,0.0000,0.0000,0.0000,0.0000,0.0000,0.0000,0.0000,0.0000,0.0000,0.0000,0.0000,0.0000,0.0000,0.0000,0.0000,0.0000,0.0000,0.0000,0.0000,0.0000,0.0000,0.0000,0.0000,0.0000,0.0000,0.0000,0.0000,0.0000,0.0000,0.0000,0.0000,6479.9219,2937.0168,13043.0589,13013.1685,7999.1982,6390.3195,4673.9297,12298.9752,12828.8917,11278.4011,3441.4443,1121.0924,6732.4114,12262.9515,3482.9126,11599.4102,10715.1414,3586.4775,9711.0552,10563.7065,12664.0666,12223.0522,13188.3220,6303.8258,11857.2317,389681.7433,418580.9856,401040.0899,395736.6078,403416.1249,403595.7902,407780.4475,402478.1089,336091204.5083,336071179.3148,336108796.4347,336093625.8255,8300.1167,12962.4420,13365.9220,5957.5025,11259.4447,8317.0866,11464.1159,10811.8689,11316.8316,3387.3222,7289.7209,1074.2965,7910.0836,3278.1329,7252.0771,6816.3103,8201.7641,13006.3353,10414.0018,8595.4574,11384.5773,13373.5917,10106.8217,10240.6540,390504.3359,419399.3567,401972.5362,396591.7331,404338.2787,404524.6242,408591.7775,403319.7601,336091156.8437,336071131.8506,336108748.4890,336093577.9956,12791.3624,11801.1546,10168.4258,4709.1977,6333.5363,12895.7729,11968.4353,9565.9476,5484.9974,2805.6561,8761.6056,13255.1038,5614.0654,11841.5699,10695.9748,5124.6842,8278.9610,11636.9016,13470.5078,12856.6548,12341.5592,3572.2505,12860.7182,387073.1717,415959.6582,398410.2628,393108.5714,400777.8596,400977.4676,405177.6394,399858.4987,336093746.3010,336073721.0890,336111338.2630,336096167.6545,4866.5689,10414.9403,10178.5813,10867.6827,3714.1885,8958.2532,10098.7748,13619.3289,12559.1345,12698.5523,8636.1131,13549.3204,10613.7567,11838.7631,11418.8294,7121.0416,6091.2443,8038.3811,3875.1623,2920.1847,11969.3918,5514.0260,382261.0484,411318.6481,393721.6662,388519.4188,396224.9985,396135.2702,400292.0110,395163.7755,336098056.2826,336078030.6563,336115648.6050,336100477.4951,12915.7371,9458.3844,12425.4720,8126.9526,6130.6063,6167.1402,13629.2992,12645.4078,13496.2998,10313.1022,13644.8646,9814.8994,10355.5436,12464.5910,6371.9933,10010.2662,9631.2480,8265.9989,2013.9397,9711.6412,9473.9307,378924.5870,407927.0842,390369.3415,385116.3696,392825.4121,392834.5319,396979.8433,391793.4085,336101624.0053,336081598.5162,336119216.1993,336104045.2446,10960.4898,5985.4005,7620.6042,12687.0730,13651.6423,7117.0600,8068.9660,5011.0338,7154.9057,6895.5837,9923.3691,10662.2447,6851.3354,11810.9446,5605.5500,7819.2834,7474.7737,12057.7082,12196.9076,6088.0911,391764.9563,420754.8037,403227.7859,397949.5798,405672.1800,405700.2944,409821.3890,404631.0452,336089155.8967,336069130.5891,336106747.8730,336091577.0669,6286.8201,10994.5788,12036.6323,9573.6617,9185.3165,5498.9238,11433.9783,13695.1465,9230.8353,13217.5222,12656.3400,5561.4812,4098.2087,10011.1597,13667.8941,10985.0210,9750.3365,4621.8701,11641.5259,384809.2875,413759.1775,396126.7954,390905.1253,398548.6095,398641.5425,402894.2529,397625.3720,336095385.9041,336075360.4290,336112978.1560,336097807.3016,9445.6191,13829.4507,12976.9924,6707.6468,3941.6010,7964.9091,11579.7256,6586.7674,12774.8038,12709.8381,1325.0879,8477.3991,7033.5309,11936.5032,9336.4833,11913.6479,8874.7262,9107.3374,390427.0369,419402.2776,401789.1433,396562.8524,404227.9589,404280.2749,408499.6637,403265.6155,336089919.3248,336069893.8895,336107511.5011,336092340.6458,10591.5899,12160.0145,12502.6798,11891.7551,10924.0220,6993.2687,12372.6355,10480.1641,11951.7223,10326.5596,9004.4295,3042.2333,6702.8132,178.9326,6404.7846,13071.3758,2013.2051,385818.9295,414883.7454,397295.9539,392091.3577,399804.9606,399700.8213,403844.2390,398729.1185,336094603.1114,336074577.5137,336112195.3888,336097024.2893,4198.8385,11971.1178,12992.6849,11225.8707,8176.7015,12021.6857,4996.8295,5256.0582,13693.7632,10763.1100,12241.6117,7607.0080,10686.6687,7218.3072,10088.9129,10872.8169,380033.2414,408959.6619,391540.7647,386167.4092,393930.6551,394064.9295,398105.6300,392872.9657,336101508.1310,336081482.9964,336119099.9133,336103929.2649,11259.5427,11341.0701,11920.4582,11165.9119,11373.1476,7835.2710,6957.0037,12492.4144,8873.5028,13220.0856,10760.6122,12243.0546,7870.6442,6826.1796,12700.6326,379338.2372,408236.8164,390776.5234,385418.3410,393146.4635,393330.3055,397429.6396,392149.0311,336101934.1257,336081908.9701,336119525.9744,336104355.3580,4455.3328,3887.6211,10560.3270,243.6769,9557.2638,8621.1872,6122.6812,11839.7567,11037.5198,11114.2516,12422.4745,13813.4468,8036.9846,11629.3902,390473.1973,419354.0692,401883.5338,396525.9649,404240.8736,404451.6118,408572.4088,403269.6200,336090905.1974,336070880.1582,336108496.9282,336093326.4329,7451.4808,12491.5686,4473.1096,12070.8578,11297.8361,2725.6282,8903.6930,10091.1426,12844.7989,11816.9302,12756.0735,6128.9156,11585.7196,389377.5415,418290.2570,400725.4724,395443.1638,403113.4274,403270.3754,407472.7824,402179.2407,336091335.4445,336071310.1860,336108927.4460,336093756.7799,7519.4201,3724.3064,7584.4661,7450.1145,8011.5886,13065.1854,9740.9552,8263.7010,10832.4544,13342.7423,10694.6491,9585.9417,391066.2273,419976.4341,402538.5280,397170.6403,404916.3887,405077.7216,409148.3500,403890.7089,336090512.6639,336070487.6327,336108104.3457,336092933.8103,10444.9213,5123.3675,7161.6204,12117.7493,12956.5230,7985.8174,961.9783,6978.6350,9622.5676,13543.9239,5738.9727,386954.9320,415939.4786,398507.6982,393168.4734,400945.3088,400975.5425,404998.6724,399836.0560,336094581.1722,336074555.9733,336112172.9827,336097002.2236,9556.5113,8675.5365,6040.9865,11853.8859,10877.3087,11010.3697,12289.8911,13793.7925,8188.8237,11474.9184,390610.0925,419494.1953,402022.0269,396666.6706,404381.8597,404587.3658,408708.1460,403408.5748,336090755.2676,336070730.2218,336108347.0042,336093176.5009,2315.0251,12782.6652,12984.9690,11444.4937,5077.1996,10505.5527,10154.3097,11362.9723,9809.0142,384549.4002,413459.6805,396088.5856,390679.6627,398464.8685,398621.2429,402620.7527,397387.1107,336097408.5934,336077383.5985,336115000.2026,336099829.6624,12481.4800,12948.9111,12607.2682,7205.8573,11971.9254,11036.9871,10099.7481,11368.5005,384401.5948,413278.3330,395917.2376,390488.4400,398266.9347,398480.0654,402487.2853,397216.3772,336097646.2594,336077621.3370,336115237.8079,336100067.3583,8311.2800,8116.2328,12461.6051,10231.0218,12161.9144,7869.8285,10059.4121,390038.3861,418994.7406,401388.7222,396150.5182,403812.6667,403896.5519,408118.6721,402864.3750,336090368.5625,336070343.1678,336107960.7042,336092789.8991,9001.4560,12665.0441,9051.9732,6435.0362,7021.2663,10268.6214,382139.9810,411138.0574,393486.2744,388295.8260,395946.1310,395959.1345,400205.8536,394987.7655,336097854.7523,336077829.1430,336115447.1294,336100276.1225,8047.3369,2881.5528,8522.3776,12589.6687,2797.1381,388310.7991,417367.1668,399758.1600,394563.2178,402261.1171,402172.7946,406343.4041,401210.5471,336091995.5633,336071969.9693,336109587.8527,336094416.7759,6712.0168,8930.7950,13523.5448,5679.5101,386052.4794,415042.4155,397606.7183,392272.3883,400048.8743,400069.8491,404094.0700,398936.8200,336095442.2786,336075417.0554,336113034.1148,336097863.3317,6556.1212,13081.2729,1885.4373,385995.2033,415059.8028,397471.7066,392267.1993,399980.5432,399876.7892,404020.6624,398905.1767,336094426.7884,336074401.1921,336112019.0644,336096847.9664,10740.0664,7943.4829,379982.9620,409012.5870,391435.3464,386207.1666,393914.4734,393875.5561,398026.6528,392868.3614,336100441.2992,336080415.7387,336118033.5615,336102862.5277,13437.4054,383518.0540,412400.8585,394859.3788,389550.8964,397223.6176,397430.1196,401623.6107,396301.9820,336097311.8348,336077286.6098,336114903.8116,336099733.1915,387426.3371,416479.7410,398919.0501,393691.6869,401417.3244,401332.6666,405453.9622,400333.3578,336093200.2284,336073174.7081,336110792.4127,336095621.3765,29704.5990,13321.0468,9634.0479,16453.8618,16062.3110,18242.9901,13428.9657,336475966.0287,336455937.2500,336493562.1060,336478388.3840,19801.3426,22952.0035,16512.4282,20182.4353,14283.1570,16431.5579,336505251.1877,336485222.5065,336522847.2047,336507673.6299,9456.3294,5990.0655,6224.9079,10709.3070,6470.3516,336486482.1525,336466453.1203,336504078.5851,336488904.7161,8802.5090,14928.3005,15636.4023,7604.8727,336482468.4588,336462439.9321,336500064.3140,336484890.8935,11179.1828,12159.0650,5825.9922,336489471.6358,336469442.8783,336507067.7867,336491894.1994,8802.5090,10134.7081,336488359.1297,336468329.7906,336505955.8746,336490781.6874,8380.1562,336493634.7559,336473605.7126,336511231.1186,336496057.1415,336488881.2541,336468852.5186,336506477.3207,336491303.6825,28363.6529,28717.1868,8925.4734,56875.5136,33781.9904,24237.0908,
86400.000,10780.9821,13050.1624,12652.8048,9055.8021,6336.1318,13661.3306,3274.3614,7435.7969,8869.5136,12149.2802,8380.4767,11742.5521,9183.6353,13266.3879,10357.5323,3570.9722,2976.0598,11109.2693,11052.2314,12297.4240,7686.0624,8804.9278,9991.1720,12414.2453,12390.9082,6211.3730,6402.2361,3657.7794,9978.2106,12105.1248,11284.5684,9832.3454,12297.8863,4132.7465,9878.8652,7298.0652,13125.6071,10357.5127,3764.3247,3009.2022,7703.8840,2860.6707,13498.3527,8161.0928,8995.0945,12501.2896,10507.0832,5499.3175,7433.0060,10987.0332,3531.0219,6415.8997,9015.6711,9233.5821,12695.9841,13500.9013,12934.1549,1848.9387,10284.6756,12105.4749,13554.1803,9825.2925,7344.9333,12387.5213,9508.8351,5435.4157,4481.9493,3121.2731,8005.6484,12130.1687,7577.2543,4811.3067,0.0000,9926.1623,3875.3353,10777.0483,13260.5531,11485.4949,4738.8393,13214.0372,11919.2017,13037.5330,11801.1847,11866.2772,3338.2792,11452.4518,2580.1703,10953.3487,7318.1701,10080.0461,8288.2009,11822.9190,13446.2924,11524.4381,5248.0973,13033.4831,13387.7367,6438.7416,9173.1846,385146.9088,413566.2457,392295.7193,390091.0294,395652.6598,396030.8839,401946.2422,396765.2000,336089266.3255,336067336.6823,336100094.6540,336088835.6577,11309.6290,4094.9758,13063.5183,13277.9331,7824.9799,11793.0021,10984.1585,9205.6685,2437.8015,9145.1595,12796.3331,5112.6411,11086.9350,13390.5114,11280.5868,11485.0463,8880.2324,6589.1521,2601.9799,12090.3353,11209.3257,4746.8792,11838.2059,9579.5966,6074.7408,13136.6171,8343.4484,11775.6228,6365.2799,2593.0760,4953.6857,2753.5248,8294.8358,1556.7282,5604.6348,7197.2675,11541.8810,8242.4496,8681.4342,11655.6393,10448.8951,7170.5898,5045.1454,3414.0384,3642.7211,10055.2354,7872.7665,13591.9940,2301.4650,8354.8938,12183.5192,9788.7331,12914.0979,5275.0117,10309.4705,11790.9298,11542.2701,9484.9478,2197.4920,10551.6417,3173.9469,9265.4956,5844.4172,1933.0603,6497.0558,8246.9361,9042.6058,5407.9114,5858.1807,13681.2842,12716.2651,0.0000,4076.2218,10678.4296,6634.6990,11359.8726,13003.0358,7351.8371,6731.7652,1872.0792,10118.3709,12457.9552,12788.5766,11913.9593,4072.8273,10710.0971,9622.1202,4643.8056,11748.8657,13252.5995,2396.2466,6466.6711,7165.0409,11253.9207,10016.6775,10792.1292,10243.2524,8201.3258,381499.8650,409750.9932,388661.3975,386304.3245,391861.1010,392505.8558,398403.2469,393113.4842,336094289.5886,336072360.4559,336105117.2372,336093858.8630,9285.9260,6848.1098,9503.3629,6684.9992,11601.3154,12017.0695,12008.2329,9842.5325,9666.0681,3193.1064,12829.0276,3796.7061,5345.5554,11640.2248,11872.1823,10443.1568,8749.4556,9879.9107,11129.6906,11146.9261,12094.2648,1709.0775,4584.3797,13595.3559,10614.3231,13366.3380,9663.1268,10122.4942,11038.9829,10444.4269,9574.1656,13815.0626,12216.7808,13318.3125,8279.8905,5904.0942,13782.0257,13608.9210,11426.5023,12308.6396,7412.7674,12098.8746,12825.0941,8863.4409,6875.7631,13742.0185,8993.8973,11564.2724,13694.9577,11120.0958,8624.9920,6718.6500,9395.7192,4598.6273,1728.8747,12343.6216,10960.6868,10065.6733,2875.7903,12454.0158,12842.5546,9669.8135,12235.0377,13414.5737,13805.2668,12972.7510,12160.2420,7820.7939,8926.9945,11557.5641,0.0000,12444.8044,11579.8374,11505.8912,1906.6716,5341.0277,13331.9656,8150.9341,10396.6272,2737.0553,2868.2007,4830.7558,12483.9523,11067.9780,12195.3511,6792.6279,13296.6493,5810.3187,7588.3151,10699.5459,7623.6806,7827.5544,10870.4543,2893.1927,3820.1322,12750.7511,9641.9210,392646.0481,420897.9517,399826.0371,397451.2909,403037.2094,403672.2921,409540.5199,404257.7431,336083520.3118,336061591.2945,336094347.7859,336083089.4444,12977.8251,13715.5014,4078.1157,13338.5064,10660.2534,8589.9495,2960.0091,10999.9467,11274.6102,6214.0281,8202.6921,12418.5137,13073.2413,13209.3657,6877.0836,8026.0161,1911.4628,11475.4972,10225.9167,5066.0559,10334.5220,8972.4076,8771.6830,12985.7584,11171.0812,10166.6051,3725.6066,2674.0934,7627.5243,2595.5293,10504.7568,5282.2997,7769.3569,3514.0410,11612.5308,10686.1089,11067.5335,11084.9641,12609.0253,3313.6528,8519.9663,6051.1068,3271.3390,10640.3502,9703.0946,13280.3899,3402.9660,10769.0238,11976.8561,11140.9397,12871.7466,1707.7255,7132.5974,9511.6480,13211.3376,7961.0139,2441.2297,7696.8524,5086.3258,9495.9512,2760.8937,5844.9127,9653.0670,10323.1381,11665.9133,8837.9443,6279.0868,13344.6014,13103.0146,0.0000,5148.7283,12652.6051,5426.1703,8847.1327,11062.9723,10424.7367,2892.3748,2402.8122,8674.7835,11164.1545,10689.7053,12805.8120,2968.1493,12728.0160,10154.5883,8010.7500,11745.5902,13243.6267,2048.3238,2560.4175,8023.2334,12970.7582,8606.1524,7823.5552,10536.1756,10155.0553,383602.0006,411825.7599,390793.8528,388384.9228,393987.3824,394660.2516,400509.0359,395210.9767,336092795.9670,336070866.9725,336103623.4097,336092365.0900,3595.9731,11802.7535,6398.1529,11193.3660,12532.7682,12681.9379,7122.5672,4598.4237,13719.1532,9022.6491,2990.5738,6633.6289,6856.8546,12689.3605,9531.6371,12985.8719,9946.3008,11139.5153,13633.5415,5363.7680,7136.9433,12578.3261,7429.9479,10450.3099,10353.2578,13347.3449,13473.8578,10614.8094,12628.6760,11748.2046,13274.3294,13040.8324,12608.9493,3563.1790,11470.2252,10936.5202,10492.5786,7913.5943,12226.6237,11261.9628,13477.0620,12088.5387,5785.8860,12415.3824,4976.1945,13660.5768,11286.3374,8977.3781,6116.8234,541.1849,13175.0119,9981.2510,7075.5734,7600.3895,12453.5880,12941.1444,8962.4859,13706.7189,12391.4645,13206.9599,12965.3169,11641.8797,11931.6038,9541.7757,11124.4042,10246.4718,4883.1293,7887.0953,0.0000,13820.1600,6911.7917,13573.7268,7851.2619,6775.4121,10976.8524,12588.4071,13134.7045,7311.4553,4230.6010,7026.1971,8917.3529,13673.9848,7657.8258,6493.3176,12688.4282,2892.9352,1244.2890,13460.3281,12332.9736,9085.7833,5803.7129,7386.2955,9266.6961,11588.1037,8117.0926,393089.4701,421437.1151,400236.4049,397973.0544,403519.2068,404016.5647,409936.7430,404707.3679,336081930.6391,336060001.2808,336092758.5874,336081499.9339,13018.2544,3842.4318,9225.3508,11135.5856,13533.6134,8020.3521,7101.8353,12788.0824,10618.9456,5050.1964,4608.1133,4450.8801,12149.8305,11055.7787,13729.3190,7999.8314,9613.7501,13005.0704,8340.6589,9883.9587,11123.4126,4893.5223,8735.0408,9391.5475,13407.7684,13569.3847,11329.0896,13533.0017,9661.1698,13077.9397,11736.2142,13299.0160,6562.4458,9431.7513,8796.5769,8572.8157,5941.6969,13276.7839,11115.0808,12776.7401,13269.1312,8154.5432,10481.1519,3064.6213,13612.6234,9219.4808,6657.4100,7591.0186,3993.0150,13707.8602,11442.5705,9319.3155,4793.3333,11538.3414,13658.0943,10929.1676,13190.3112,10557.6539,13509.8811,12762.1285,10298.4399,9857.8019,7767.4643,10950.1463,11956.5459,3064.2496,4879.7097,0.0000,13205.8082,5287.1240,12995.2066,10013.1269,7695.7136,9554.1553,13404.2324,13701.9365,10129.9383,7228.6526,8172.5799,5886.8146,13631.7672,5503.5847,8862.5893,11720.8228,5986.9505,2450.1475,13804.4789,13423.9584,10933.3416,4756.4513,10190.4306,10894.4370,9443.6094,9185.5030,391339.7417,419738.3913,398492.3672,396266.0520,401829.7669,402241.2702,408151.4237,402957.6810,336083338.4522,336061408.9255,336094166.6197,336082907.7349,13795.9999,10428.5790,8839.5475,6391.0610,12075.0697,8824.2479,8760.0855,4637.0920,10398.8184,13774.3774,13855.6300,6236.0187,9585.7572,5688.3461,10600.8807,9405.1808,7576.0147,8129.9354,8310.5372,11321.5868,12049.9674,13161.6233,8483.9864,4435.6193,6314.5532,10072.2319,5967.4411,12372.3117,8882.4084,10314.7714,2007.7861,10877.9476,12633.1275,12852.1629,10410.2783,13733.7164,894.2261,11284.2596,9265.8047,5939.9034,10675.5079,11569.1922,11958.0329,7045.7113,12659.5170,11296.7037,11747.2094,11759.8650,3478.9162,3369.1420,6481.8982,13868.1361,7435.6850,6160.8381,4286.2517,8355.5898,10234.4259,3781.0591,9339.8436,12166.3320,12161.8534,13367.9273,11529.2626,7703.3530,11984.1645,12707.9739,0.0000,8078.9142,13558.9982,6623.7179,5657.6253,8253.2551,12711.4590,1775.0436,6287.8494,7111.9650,9008.3789,7735.4246,13000.4495,5863.6958,13712.1027,10288.9364,11003.7639,10880.9920,12113.1554,5991.6922,1573.4439,9127.1919,13580.4032,7113.3525,4206.3104,10956.6334,11514.0250,387117.2622,415340.6944,394329.2003,391900.6255,397535.8296,398198.7303,404015.1853,398723.5976,336089585.5399,336067656.6011,336100412.8915,336089154.5517,9190.1639,10794.1206,12627.7684,6687.7917,9958.5295,11288.9741,12621.5236,8326.1608,1139.2231,634.3699,12433.9845,10167.3913,12942.7458,8763.4277,10154.4822,11831.4810,10607.4130,10752.4622,8609.4826,6369.7299,5380.4461,10693.0741,13287.0756,12531.4109,9652.9520,12748.1043,7039.5690,11239.6473,9656.3238,13732.5021,7914.1992,6560.3644,5817.4247,9047.1047,2277.7115,13818.0589,8677.7785,10868.8235,12654.0484,8440.1777,8306.4557,6089.1610,12363.8717,6330.5932,7325.5617,6978.1336,6543.8123,13548.8948,13116.6106,11675.4861,1493.6850,11766.6353,12747.0282,12758.7930,11591.1230,9664.5846,13397.1720,10781.2537,7333.6620,7388.6943,4285.9211,8454.3517,11490.4311,6177.9641,5251.0055,0.0000,11790.0995,2029.4116,12464.5464,12172.1304,10498.6966,6373.4401,13752.4770,12710.6747,11522.1201,9827.9866,10890.3743,4896.7875,12829.1081,1791.6116,9060.5651,9186.4733,7593.6495,5684.7599,12860.9800,13771.2550,10445.3050,2597.2544,11530.0281,12785.6939,8684.4130,7843.4250,388019.6632,416425.8709,395154.0831,392953.2190,398489.3154,398893.8250,404831.6698,399639.0854,336086362.6410,336064433.0377,336097190.9250,336085932.0220,2887.2202,11967.1238,12914.8380,11004.3838,7193.1696,10070.4104,10357.5877,9830.6567,9300.1706,5319.2994,13644.4365,11436.5785,2095.5822,1768.6453,7461.9016,12205.8244,13598.9119,7821.4891,5103.3057,9243.4038,3840.8036,8055.4681,9715.8637,12752.8331,11885.9221,6591.1300,10416.4623,7189.8278,9315.0342,12859.4479,7306.6022,7377.9998,1291.3438,9621.9467,10264.9131,11777.6734,8858.8652,12366.8060,13476.8107,5748.6841,7466.6703,9725.0080,7278.7256,2977.1312,13080.2283,11519.7431,9693.9735,10044.7927,11063.3575,8307.2740,3988.4162,11570.0753,11040.5884,8841.0643,2637.0890,8824.8522,10646.9708,9234.0539,6226.1533,9407.1012,11857.7335,13428.4900,7617.6616,5096.4744,0.0000,8129.4973,10160.3663,6470.3977,11124.6010,8643.0756,9565.0270,9812.2317,11251.6387,13150.1317,11782.1101,8971.8980,4960.5955,8867.3722,9319.6871,13701.6361,9402.6235,12458.5092,10410.8964,10459.1977,10646.3045,13762.9092,10990.4675,13193.2611,10227.6220,1737.0292,13264.6608,385250.9844,413650.0064,392471.8563,390177.9541,395853.6731,396234.9906,402037.2609,396861.1033,336090155.0024,336068225.5225,336100983.0640,336089724.0084,10219.4086,13202.5658,11759.0671,5018.0392,9712.0942,11625.7062,11191.6642,10793.3885,3171.1355,13036.1834,9510.9756,4619.1410,2955.5143,5056.0678,12526.8532,13385.6188,7020.7788,7624.3684,9606.3060,4637.5585,5618.4983,7508.2329,11982.8832,10115.0641,6742.0589,8712.7581,5846.5205,7343.7251,13505.8613,7524.4613,7859.0383,3835.8080,10744.1407,8482.7174,11118.4392,7081.3290,10775.2397,13715.6544,5379.0969,9593.8411,7546.7594,7577.3737,5630.7121,13456.8669,12767.9836,7467.9266,9300.3568,11169.8174,9944.1036,2041.3131,9701.0090,10534.1083,6769.7869,1978.8822,6502.9158,9131.8740,8906.7037,6281.1127,10051.8147,11283.9710,12467.5731,9730.9746,7611.9727,0.0000,5869.9467,11303.7924,3746.4242,10991.2475,9527.4094,9571.3886,7849.1972,9309.4379,12893.5547,12421.4902,9656.4845,7210.5629,6442.3781,10567.7172,13766.0735,8374.4423,13219.0422,11974.8277,8317.5306,8812.2044,13195.3394,12168.5864,12914.7088,9740.1507,3015.5521,13240.9391,383524.9194,411887.3072,390751.6572,388421.2475,394100.9040,394539.6020,400333.3332,395133.8294,336092199.9941,336070270.6240,336103027.9083,336091768.9800,9153.3448,11820.9654,6898.8854,9848.3790,12787.9522,12124.3614,12403.0526,9193.3601,5749.1524,1142.5800,12778.3884,11873.2220,6170.7516,10546.6931,8076.2939,8214.3645,13703.2738,9996.8086,11994.9298,6344.9383,3403.7597,5091.4803,449.8904,10192.3065,3980.2834,7701.3065,6302.0229,10762.9298,10127.7971,10462.4876,12436.6543,11549.2869,5839.2185,6310.3833,5662.6863,1305.7427,9243.1909,9786.7723,13765.4355,3668.1154,10205.3985,12939.1112,9495.3318,12480.9809,4600.7971,9015.9789,10497.5810,12620.9040,10035.7346,744.2950,9059.1007,5161.2619,10629.5956,5519.4011,4220.4812,8442.3644,10147.4799,10487.8448,6636.8112,4263.9364,13828.0600,13552.2290,0.0000,5791.3616,11533.2567,7426.7337,9968.5925,12348.0419,9106.8683,5657.6316,1294.9796,8459.7052,11385.4406,12020.1918,13055.3727,4683.7944,11781.2746,8674.1387,6865.4664,11032.1196,13064.2337,2565.3419,4998.7559,6011.1656,11808.2517,8347.2997,9491.1803,11534.9722,8079.4545,383136.4608,411355.0984,390299.1541,387915.2833,393469.5685,394162.6808,400057.3328,394748.4542,336092956.7126,336071027.6898,336103784.2137,336092525.9676,9711.7920,11650.9924,11967.0536,9333.7068,5768.2402,6486.4634,13628.0203,4362.3330,9960.8885,12806.0719,13392.1017,11778.3990,8769.2588,6317.6385,9554.7112,11284.7184,7001.3130,13457.8014,12814.3452,10843.9806,4811.3114,9340.7879,9790.1250,9254.0810,10495.1465,12607.4180,5098.3635,9124.3596,8748.6165,12926.5773,5897.9137,12097.7167,5546.1215,10213.9934,8801.8704,3481.1635,10781.2111,10203.6021,10764.1126,9005.2687,11883.7036,1434.1260,6762.5086,11986.8456,12209.3184,10687.4421,7596.1834,13649.9161,9631.6397,11274.9969,10784.6088,12632.6454,12406.2875,8614.7301,7708.0073,10141.2496,6376.2583,5312.8626,6386.8976,10225.1304,10749.5132,0.0000,11438.5317,5040.9142,12949.7700,10942.1627,11807.5461,6969.6275,12254.5023,9866.8006,8028.9788,8762.8794,11820.8258,10456.3844,11778.8641,6192.6676,3753.0288,8665.6474,5440.7888,7616.5681,10670.9536,11690.5516,4718.4204,4373.5473,7950.2756,11922.1789,12403.0043,1435.3342,387833.7381,416135.0345,394938.7228,392681.5284,398154.2404,398737.2338,404721.5182,399453.5408,336087024.7152,336065095.3932,336097852.6488,336086594.2161,13445.2519,5024.9484,2301.9550,10243.5473,10365.3424,10815.3832,10186.5896,11850.1053,9680.4322,10245.2499,12943.4853,2362.2932,6374.7751,13674.1559,8425.0969,12873.9497,8717.2048,11401.8078,12524.7026,11606.2220,11609.4373,13297.7030,13385.0502,13575.5778,10000.3960,5398.8601,13267.0307,12951.1437,10176.4189,11192.4935,9483.7148,12772.5923,13631.0385,11033.5313,7298.6726,13401.6267,6359.9224,12946.7886,13137.1363,9412.8074,8623.8333,4669.3289,11177.0380,6221.3729,2789.1185,10779.1041,10936.3677,11990.1192,5071.3065,13443.1649,12352.2519,11198.2816,13330.1553,13398.8746,13314.9250,12280.5721,12764.9434,9847.8802,6257.1944,9537.0849,0.0000,13352.1666,10418.6314,12255.0340,3703.9112,3565.3533,13123.5848,10049.6367,12225.7414,5210.8792,1414.2048,3425.5978,10790.1486,12430.6986,10957.5705,7581.9640,13743.8157,4957.2778,5109.2535,12396.5645,9808.3226,9421.5941,9628.3849,5358.1080,5330.0217,11873.7062,10143.3469,393796.4004,422099.2762,400977.1321,398642.6072,404236.7132,404792.6884,410660.3887,405409.8827,336081979.5721,336060050.4094,336092807.2370,336081548.7032,11390.9747,13586.5899,11186.1579,11035.2569,5893.0685,10600.7009,6313.7087,8887.5204,7693.4966,1330.2048,13369.7005,12590.7325,4027.6848,10889.0290,7887.3050,8991.6200,5027.7915,3879.8049,8882.3242,6958.8011,5668.1469,4256.3366,2383.6663,7216.5089,13514.2534,6183.9066,6831.7013,8216.4214,10255.6699,8067.6074,7760.9256,2376.1485,7908.6461,12802.2254,4342.9751,12333.3478,3480.1564,6348.8242,9289.9817,12287.6905,13772.1655,5874.1143,10665.6619,12628.3258,10490.3489,5980.2817,6326.7273,11559.4303,2037.2320,4881.8679,5426.7363,4808.4438,6149.2026,5313.5202,8760.8568,8024.1834,10081.3571,12465.6119,10370.1867,0.0000,1265.3025,10900.1724,3327.8122,12288.8094,12359.6956,7250.0174,7281.1404,5789.5117,12661.1536,13610.9544,12325.4556,9354.4364,3513.2674,10339.7992,12640.8488,4545.3159,13464.9797,13457.1629,4842.1008,7867.1578,11079.2487,11898.0708,12617.2834,11230.2989,6234.2732,11248.4760,380459.2349,408778.4993,387655.5855,385318.6828,390941.8474,391466.0770,397309.3278,392071.3721,336095179.3689,336073250.0717,336106007.2113,336094748.5044,6804.4031,12857.9907,12887.2168,7578.4837,10786.7361,9449.6040,9305.5814,8804.1994,10499.0036,5165.9460,7696.7573,13085.5220,9905.6005,13842.1229,7067.1743,7786.4611,9959.5971,11827.6769,9497.6222,13302.2338,11903.0733,12389.1368,5879.9158,9010.4226,13521.9207,13491.4770,9486.1593,13315.0783,5426.8372,13038.4453,12046.2106,9165.9611,9873.3979,12796.4281,9108.8051,10571.0117,13470.5473,9822.4416,11220.2217,9082.6528,7630.6946,1350.8268,2561.7398,12968.6064,8223.9530,9792.5153,1558.4616,11428.9443,10999.4973,7563.8750,12156.6176,13583.0237,13147.5960,13670.0954,13171.7936,9466.3766,9080.0699,11054.5739,0.0000,11102.8541,12892.6399,9242.7462,1945.7950,4189.9732,13770.7876,6064.3673,9963.4144,5929.6411,5691.0628,3534.4440,11992.6071,9482.9503,13144.0933,9772.1520,13137.9240,8792.5762,9311.3090,9804.2983,6047.1118,10074.9845,12575.9005,6037.6763,489.1124,11092.0118,11885.1589,391201.6474,419463.2639,398415.5190,396015.3595,401658.3947,402262.3395,408076.6024,402809.4712,336085275.9696,336063346.9545,336096103.4174,336084844.9558,8763.5588,8812.4996,11290.9430,10756.7311,12860.3794,8853.9300,9859.1358,13297.4632,4221.0985,7563.6083,13273.6959,6882.3284,11980.7691,8573.4863,12285.5130,13249.6772,11902.5223,12635.7967,12502.7643,13737.7005,13370.8970,11279.6835,5293.0902,12434.5528,12011.7300,9457.2197,9882.8397,10952.1093,12681.5819,13781.3973,12146.3093,7491.7343,12800.2918,4441.2806,13566.6045,12274.9516,8268.6928,8324.4094,3290.0288,12298.8106,7954.3831,4937.7811,9203.8794,11127.6214,12941.5994,7074.4006,13769.2715,11908.2833,12211.3741,13604.6822,12853.4453,12562.7112,11249.6569,12620.9470,10848.3130,4314.5302,7941.2299,0.0000,13680.1820,9096.7227,12722.2191,5812.8734,4019.2173,12424.7383,11381.5479,13117.4791,6900.3648,2895.0749,4281.1981,9324.2302,13162.2628,9575.1102,7987.9465,13550.2957,4666.5040,3123.1250,13249.8414,11258.3493,10155.4579,8285.8326,7024.2683,7146.0987,11165.2756,10060.1824,393800.1630,422139.2319,400974.6391,398676.0405,404265.3338,404766.4509,410643.8910,405415.2573,336081614.5939,336059685.3091,336092442.4246,336081183.7585,784.8435,12749.2901,9384.7480,12524.7259,9550.3396,10795.5140,11734.1564,10642.3912,10343.1031,8332.3152,7351.4355,4818.1741,11348.7012,13313.8312,12237.1725,8812.2988,12274.6799,7010.3998,10735.8293,9484.5118,13748.9357,7633.1455,6415.5383,5688.4308,9776.3132,1528.5520,13767.6914,7825.1349,10530.2788,12152.3843,7858.8288,8358.4167,6989.3082,12041.9918,6194.8541,8181.7646,6206.4259,6688.4514,13422.0487,13295.3686,11871.1109,2109.2640,12171.5326,12289.1451,12864.6208,11303.8040,10056.7210,13353.9526,10215.2437,6794.7257,7405.3544,3652.7728,7576.0980,10856.2764,7070.0470,6247.6958,0.0000,11605.1166,917.0719,12558.6883,12329.4252,11043.7366,5748.5352,13706.8259,12273.4120,11292.2489,9967.7096,11380.6225,5744.0388,12665.1036,1254.8804,8453.3896,8689.0323,7403.4760,6109.5687,12518.9758,13646.8917,9734.3176,1768.3455,11284.7129,12985.3809,9216.3203,6925.0750,387587.9987,415982.5932,394714.0428,392512.1200,398032.9360,398459.2256,404410.2268,399207.9869,336086783.2667,336064853.6844,336097611.5292,336086352.6860,12485.2609,9962.7958,12740.8989,9011.8587,10324.2440,11620.6169,10913.4240,10835.1475,8199.7673,6794.4803,4817.4157,10953.0038,13231.3269,12308.1868,9316.0713,12543.2753,6672.6770,10882.7072,9320.0557,13748.9738,8135.4517,6136.5034,5386.3979,9242.8502,1659.5800,13840.9654,8219.4636,10523.9430,12474.0610,8477.1268,8009.4934,6644.8620,12107.7370,5907.7394,7604.3994,6904.0303,6969.5293,13465.4754,13327.7641,11992.5288,1354.8014,11832.5327,12524.3101,12986.4567,11293.5256,9601.9558,13331.9817,10399.3684,6825.0600,7050.5733,3698.5026,7987.4216,11340.2583,6738.5294,5595.4667,0.0000,11532.0883,1594.5194,12368.8489,12454.8000,10921.6514,5825.7517,13749.1768,12477.9548,11678.6780,10194.3254,11292.4790,5038.7695,12654.3182,1175.2501,9067.3867,8738.0373,7859.5529,6206.6302,12643.9476,13758.7463,10305.8174,2511.0646,11678.0062,13031.0663,8683.1091,7605.0769,387462.2420,415866.5621,394593.7953,392394.3371,397925.5851,398334.0959,404276.3865,399081.8710,336086896.3169,336064966.7112,336097724.6064,336086465.7132,12631.5472,8304.0166,6211.3078,4299.9495,5170.6407,11343.3772,12345.5099,8855.8086,9070.3150,11495.0750,4496.7472,3430.7816,6711.1726,12023.0757,8961.8410,9174.1915,8913.0717,7507.2173,4663.2624,13235.5813,9824.6218,10152.1212,5668.9549,12468.7587,5919.5484,11825.5429,7808.3993,9546.9659,13433.2458,7875.2748,10406.7958,7057.4198,9876.6611,7415.8394,13663.2800,12871.9068,5402.4304,6891.7716,9533.8841,11887.2980,1414.5772,8647.4190,8403.4782,7059.0490,5064.6754,4336.0446,9467.4250,10587.2964,8766.7228,11885.5297,12042.6451,11543.9552,10505.1079,9524.6589,0.0000,6139.0204,12781.4499,2913.6278,9144.1945,8531.5612,11290.7901,5316.4207,8337.9924,11489.5184,11507.1302,8446.3867,9540.8164,5390.8898,12321.9415,13350.0331,9654.3395,12998.9876,12372.0447,7296.3693,6434.9227,12583.1036,13366.8856,11517.1461,7525.4987,5973.4597,13468.4339,384642.0948,412957.2870,391878.8659,389500.0937,395189.2362,395697.5852,401475.2382,396248.4256,336091587.9989,336069658.7939,336102415.6867,336091156.9264,6742.7480,13836.4858,13782.9179,10337.5260,8549.4805,4799.0321,9780.5901,13271.7070,8994.1453,13677.6406,10818.1386,8432.4302,2613.7562,5923.3945,10972.3134,7349.7729,10201.1200,10291.6640,6693.6051,10495.2211,10431.9190,13793.9853,9202.3874,9517.7162,5164.9390,8979.1996,5133.8178,4424.6551,11422.5477,12410.6258,8494.3776,10462.6342,13375.5390,4543.8979,9150.7316,9391.4102,10626.3477,10009.8819,10765.3158,13092.9229,6402.6370,9732.7913,9179.7478,12948.7000,10128.5998,6871.8990,8554.9537,11181.7744,8898.4434,5197.8992,2310.3291,12432.8076,13005.7211,0.0000,9936.2551,8662.2739,11574.6625,9898.3242,12166.7935,8425.1728,9735.6646,6811.8768,6471.5342,9197.9681,11942.8687,12704.9804,9594.3343,9504.0022,3799.0608,8354.0906,7192.2535,10219.9351,7920.7576,8890.7991,1133.7288,8330.3060,6329.4475,10568.9771,13214.6719,3053.2254,386522.9414,414758.8549,393641.0621,391317.1459,396801.7050,397482.9634,403446.6727,398139.5642,336088983.4620,336067054.3489,336099811.1112,336088552.9009,12312.1517,11254.5416,5430.1527,10713.4171,8638.1368,8175.9794,13504.8121,10335.6432,11376.2288,5305.2567,2574.6424,6075.8074,915.4236,10140.1236,4059.9583,7439.7403,5364.9950,11293.5981,10179.0906,10558.2068,11930.0561,11949.7347,5037.3524,7050.6556,5420.7807,1998.1378,9962.6148,9554.2623,13713.8206,3012.6064,10267.1347,12604.9371,10263.5877,12824.2506,3532.1229,8517.0656,10367.3476,12853.6543,9222.5758,545.4280,8776.6745,4699.5957,10074.0219,4462.0439,4496.6115,8720.6784,10036.2780,10869.1468,7384.7078,5171.1082,13780.9335,13419.6018,0.0000,5162.8253,11991.5637,6507.1153,9785.8414,12064.9031,9472.3734,4739.5367,775.2654,8778.7114,11542.3217,11727.5046,12949.3533,3706.4139,12145.0615,9427.3678,7028.6288,11509.5707,13306.8287,1645.1097,4213.5644,6933.5418,12325.0918,8681.3872,9083.8404,11070.1383,8971.0213,382946.1204,411167.3203,390120.1249,387726.8648,393299.8790,393984.6083,399861.6011,394557.0456,336093252.9059,336071323.8897,336104080.3904,336092822.1120,2084.7544,9019.0204,11186.5589,13141.5745,9286.2942,3481.2831,9998.0278,2982.6413,9054.5331,10923.2111,13293.9588,12665.8681,7890.2292,11683.5547,8829.8836,9820.8139,12027.9600,8462.1552,8360.4558,840.8473,9671.3179,10613.6457,12573.9200,10360.9800,12979.9074,13010.1642,7364.8637,5787.1031,11019.0085,8384.1831,1595.6367,12767.9456,10332.0156,10535.2851,9546.5714,10039.6761,8112.6528,5015.4703,12460.4690,10395.4020,10334.2922,4662.0405,9728.4429,11852.2025,10332.7172,7621.8105,9915.2045,12618.6114,13664.5659,5925.6856,4091.5645,0.0000,9693.8405,10007.6534,7896.9902,10239.7552,7137.4210,10460.5315,10328.9555,12225.0126,12560.2252,10592.9016,7571.8139,4752.6435,10126.5448,9290.4667,13316.7818,10729.4823,11548.1288,9091.7108,11552.5199,11078.4342,13819.4162,10604.6183,12626.0496,9551.6279,3572.7073,13304.9073,387322.9696,415726.7783,394543.4937,392254.0444,397929.8295,398303.1190,404105.7125,398933.1403,336088072.8538,336066143.3732,336098900.9149,336087641.8497,7658.0976,11506.0101,13240.2587,8958.0015,5454.1461,10501.4914,2210.0775,7391.8823,9683.6568,13150.3840,11727.3511,8041.8432,10867.6558,8143.5911,8356.4161,12768.6018,8723.5699,8804.3567,1512.4882,10730.9682,9324.3186,12505.7283,9468.2183,12158.6463,13510.2317,7117.7622,7480.3923,9827.5491,8698.4576,3547.8924,13400.7089,11469.1674,9090.9871,8769.8318,10031.3451,9465.2573,3023.5232,11462.8205,9910.7052,9237.7048,3764.9569,8173.1588,11172.8869,10384.4865,7676.9043,10624.7823,12610.6549,13315.4208,7606.8470,5969.9961,0.0000,8453.6913,11114.9625,6185.8529,10040.9325,7541.5759,10747.2949,8932.5869,11181.2443,12537.8399,11145.5455,7818.6638,6274.2633,8689.3491,10425.4279,13694.0656,10339.3791,12356.5338,10442.5884,10351.2621,9827.7205,13770.8130,11766.1688,12594.3290,8977.4487,3387.8135,13680.3470,386192.0001,414573.6144,393423.1424,391104.7938,396794.6436,397198.9574,402984.9684,397800.4699,336089484.2309,336067554.8251,336100312.1866,336089053.1827,12777.5571,12042.1090,5139.7606,11122.8484,8762.8086,8684.3470,3768.8633,2936.5116,8851.3274,6160.0468,6759.6356,4291.0506,3581.5452,5974.5902,13289.5234,7243.2885,7834.2420,8372.1396,10918.0563,6847.6453,8124.4409,2926.3446,7129.0167,12588.3108,5474.8868,12409.0496,2746.0078,7388.2624,9554.0199,12299.4795,13672.5097,4590.8250,9675.2008,11884.2537,11152.9865,5553.6963,5537.8307,10632.9089,2032.1476,5408.9180,4128.4561,4962.6559,7056.3101,6417.5849,9555.2164,8412.0762,9543.7214,12529.8337,10799.7954,0.0000,989.3200,11443.1069,2416.5737,11468.7453,11844.1715,8109.3530,6030.1362,5004.1411,11966.8466,13120.3506,11743.4212,9982.8741,2250.2783,10991.4711,12370.3497,5371.0312,13254.7837,13451.1049,3902.9439,6652.6384,10714.0681,12310.0019,11924.1930,10303.6536,6782.5747,11296.4485,381022.7951,409323.5863,388224.3739,385867.3160,391496.3469,392047.0738,397881.8988,392633.7254,336094829.8273,336072900.5966,336105657.5775,336094398.9336,4249.1558,13640.8641,10141.2142,12890.6163,10119.7067,11209.0982,11834.3184,10321.7333,10336.6159,13658.2170,12627.9847,13564.6876,9588.7660,4468.2503,13542.3911,13277.4959,11562.8267,11461.2560,8790.4822,11903.8485,13232.0892,9591.0810,5868.1916,13785.2743,8200.6412,12283.0550,13430.5318,10939.8541,7603.5802,5191.7697,10542.9817,6086.9129,2763.5001,11501.9403,11692.2047,10826.2316,4486.4586,13012.9837,13136.5293,10799.3040,12541.4701,13205.6460,13705.0448,12359.5110,11912.9812,8067.5123,8117.3025,11018.9362,0.0000,13069.5312,10617.6813,12356.3032,3349.1343,5480.3165,12965.7303,9459.4230,11156.3332,2961.4341,1393.4372,5143.5086,11998.7435,11962.1633,11333.4923,5957.1709,13364.4861,4312.0916,6231.8843,11535.4010,8943.0898,7644.6444,9748.1746,3113.5836,5275.7023,12872.7879,8946.8419,393269.4073,421537.9542,400437.8215,398087.9643,403657.2316,404271.6585,410158.4114,404883.0408,336082631.6369,336060702.5582,336093459.2002,336082200.8220,12498.2318,12271.7856,11664.9985,12386.2527,11138.8735,10371.9865,7083.7075,7972.6273,13119.7171,10539.9359,12617.3340,9727.2940,4105.1565,12816.3393,12628.5676,13321.3317,10804.8071,8699.0599,9248.4351,11739.0110,6984.8094,3308.2748,13399.0319,10691.4074,10727.4862,12735.8006,12787.5861,5311.3123,6733.6534,9852.1279,7960.9497,6176.1279,11652.6893,12865.1740,8590.0431,6472.1823,11632.8326,13749.5533,10469.8799,10308.2108,11663.5664,13248.1993,11270.7143,9265.8918,4463.1296,10652.4265,12619.4914,0.0000,12025.4472,9958.2165,12366.1140,6207.4233,9087.3990,11447.0622,9295.9848,9046.8098,2050.4292,5190.3153,8752.4002,13025.9163,11018.0805,10884.1764,2801.0952,11624.8299,4556.2117,8139.5511,9852.8670,8409.9680,3733.9691,9132.7491,1930.9652,7553.4430,13769.4314,5932.4318,390802.3791,419034.7173,397941.7072,395592.7957,401110.4349,401790.6124,407721.7950,402417.2231,336085027.7293,336063098.6959,336095855.2553,336084597.0526,10168.7848,4170.2895,10451.9045,8505.1392,6516.0574,7647.5032,8436.8622,2552.2608,4698.6924,1684.5509,10232.2873,12484.9968,2640.3071,3350.4643,8782.5629,7090.4865,10782.8226,5560.3967,3267.8982,9116.9417,11657.3601,2471.1132,11508.2190,5948.0799,2840.3420,9003.6544,10499.7507,12611.1520,8950.8779,12687.5270,13622.2103,7683.2529,8519.3719,7946.7840,13144.5804,4344.6954,5775.6533,8732.6572,4554.3161,2425.1026,2531.1220,5231.8476,5683.1472,10173.0606,11651.4580,9096.8666,0.0000,4652.6206,7964.8751,6971.5933,13518.2040,13168.1868,3537.8443,10195.6828,7549.6602,13098.4782,13641.5438,13273.6181,7622.3582,6869.8585,7272.1831,11658.7573,2016.4146,12445.5678,12222.3604,7226.0715,10492.0535,10505.7907,9224.7294,13044.6038,12998.6931,6358.9925,9404.4051,380614.8672,408970.7889,387778.3281,385504.6396,391079.7752,391559.0217,397453.7874,392231.4334,336094368.5812,336072439.1288,336105196.6516,336093937.8663,9393.5411,5563.2101,11368.7195,12571.4486,13018.8115,13636.0608,8406.2901,12755.5691,10252.1428,11742.5723,10146.1088,8657.9223,8250.7894,4188.7335,7932.3838,12203.1902,12385.6652,11766.1313,13713.9007,11497.2563,8578.2434,2776.5874,12634.4302,8497.5824,2142.1529,11106.4002,7884.3630,12402.3952,10516.5143,9733.3978,6071.0717,8084.7759,13562.2803,10799.2445,11979.4388,7192.6107,11822.7770,12706.6944,10423.1766,8351.3803,8899.8002,12333.1284,13560.3705,2937.4849,1756.7287,0.0000,11604.2752,8013.1650,10477.5382,10217.2944,6746.4426,10135.0793,12107.2687,13434.2660,11941.6305,9212.1731,7340.8117,3565.4628,12118.6721,7448.6645,11992.6617,11419.5448,9579.7160,6356.7165,13066.8197,12572.9236,13210.9093,8336.1870,12016.7244,10219.9407,5836.1398,12106.3751,389441.9628,417861.9222,396637.5776,394386.1177,400023.4326,400381.9535,406223.9050,401055.4267,336085559.7266,336063630.1778,336096387.8937,336085128.8257,11704.1861,11460.1255,9499.5275,7170.9440,10253.1693,3549.1643,7298.6463,5719.6087,12598.0938,10513.5787,2650.6117,2267.1355,9810.6648,3344.4612,12842.9019,4969.1255,6825.4061,10518.6332,9789.7340,5059.1545,10129.1487,9053.7916,2537.8231,9072.9452,8083.3181,10449.5084,11612.4062,13810.8795,13610.1931,4652.3775,11010.3597,10018.3607,13788.8945,7887.9076,8177.4559,11544.3933,6747.8323,2255.4929,4052.4603,1203.1347,4803.6918,10235.1748,10256.2531,8035.1867,0.0000,8350.7968,4338.3165,10287.4901,13758.6868,13105.9373,1188.1092,12502.3279,9830.3251,12671.3657,12630.7523,13317.7491,6582.4120,10082.0397,3682.1162,10022.4501,4474.8423,10466.5752,10066.2552,9947.0038,12551.8085,9750.5287,5751.3512,12621.2578,13836.4091,7956.0955,7347.8035,382931.1297,411309.5278,390063.3415,387841.0436,393369.3886,393821.4794,399763.7555,394550.6088,336091571.4024,336069641.8491,336102399.6259,336091140.8154,7496.5739,10203.3440,13459.8768,11785.1294,9695.7584,11710.0607,9645.2003,7791.9760,12022.0931,10271.9809,10281.9193,3034.4657,11528.2120,8600.2454,13237.5631,10618.7249,12057.0576,13008.3661,8894.1036,6917.2857,10492.8187,10226.1489,4305.5521,13235.7089,10690.1685,8992.6612,7193.0663,8353.5597,10288.6898,3721.4216,11640.8297,8342.1485,10256.9415,5781.5959,8146.6333,12018.7830,11659.4143,9383.7046,11688.2219,13342.4661,13032.4259,7003.2418,6622.5699,0.0000,9517.4036,11683.9974,6978.3141,8381.5632,5669.5882,11942.2338,8400.0237,11451.6129,11405.1921,9765.8086,5914.2395,7429.7246,9208.7882,11204.2438,13184.9950,11578.4128,11581.3358,9760.9780,10711.6994,9232.5974,13483.8368,12065.3642,11483.7001,7304.1665,5442.4907,13747.7034,388074.0066,416437.5860,395309.1739,392971.9485,398665.4784,399096.8329,404876.5872,399681.6224,336087816.6735,336065887.3433,336098644.5246,336087385.5936,3924.2506,10184.8299,6075.2872,9712.4665,6797.2278,7091.2471,2501.6839,12961.2978,10191.2649,10619.7338,8540.9141,12873.3552,3719.1911,10366.3699,6306.2374,6791.0760,12583.6489,8491.6910,12261.0002,4475.2960,10280.3466,9942.8309,12935.1560,13393.1948,2150.8397,6718.9678,9696.8666,12883.0520,4654.9623,5723.6471,8006.0636,5230.8685,7016.7341,1035.3689,7475.0579,10081.8074,9374.2717,11988.7913,10653.0920,9383.2433,12346.6163,11626.9601,0.0000,4528.0901,13111.0972,2399.2826,9094.5748,10024.0311,10933.1805,2824.1181,5412.7868,10462.5442,11738.6980,9757.0104,11408.8067,2585.6185,12864.5791,12296.4530,8600.5856,12899.5274,13308.5012,4305.6207,3875.0438,10811.8391,13631.7899,10446.9287,7530.6380,8194.2132,12303.5839,383452.5109,411718.4433,390673.9814,388269.8100,393926.6711,394520.5740,400322.7737,395059.4429,336092957.7581,336071028.6745,336103785.2975,336092526.7552,7198.2242,3372.8994,8517.1068,3146.2536,5417.2720,5178.9563,12388.2698,8736.4112,9239.8333,10409.4561,11502.5385,5526.0176,7242.5432,3513.9354,4442.9155,11314.1329,7629.9861,13292.8017,760.8617,8859.5920,11340.0821,11296.4388,13403.7851,3151.4027,9013.6745,11183.3533,12154.6583,7495.2690,2704.7403,9673.7298,2467.1735,8011.0136,3496.3124,3890.4505,7699.5420,8314.6714,10204.6872,7582.6239,7272.5719,13386.8113,12365.0852,0.0000,2679.0034,11790.3626,4361.2099,10653.9359,12091.9958,8660.2814,4852.0350,2152.0626,10407.3986,12449.2195,11852.8981,11706.6927,1513.5791,11658.1225,10922.7860,5797.9166,12489.9869,13560.3305,976.9991,4980.5009,8761.4431,12405.1605,10335.3340,9658.4528,9198.5895,10062.7919,381630.0379,409885.0239,388817.5746,386437.5067,392037.1275,392665.1400,398521.6893,393240.9861,336094429.9713,336072500.8636,336105257.5683,336093999.1300,5415.2643,9113.6916,5317.8687,8206.2054,10273.2314,8381.4358,8602.9645,8647.9818,13127.3116,8216.3247,9793.3710,2683.9450,6956.9869,5100.0425,6320.6330,9587.8463,12669.5050,7040.9776,8606.7080,12831.7158,5634.5249,10317.1543,8975.4362,11525.5904,11434.5927,9929.9934,12376.9014,5615.0021,10996.0550,7382.8372,11642.4458,9612.7031,4683.1114,6358.0094,9338.3678,7352.2382,2790.1037,3849.6476,12726.4774,12471.6935,0.0000,8275.2925,8011.5950,10502.3677,11291.6347,13022.9389,6383.8561,9761.6264,5843.9606,8525.9489,10819.0522,12871.9211,11807.6214,8489.3077,8592.6252,5912.8025,6016.7724,8761.3989,11044.3295,6866.2791,9126.6255,3675.8558,8143.7903,8398.3661,11612.7060,12028.2357,3594.7980,384184.1216,412441.2210,391304.0287,388995.0387,394485.5068,395134.1755,401095.6457,395801.4983,336091137.1648,336069207.9729,336101964.9187,336090706.6104,10368.7711,4284.4163,7864.0464,5917.1210,10734.8867,10331.1723,10661.7257,12329.5809,11738.6783,5417.3452,6676.7397,5863.3033,1149.2518,9283.1628,9921.0260,13681.9820,3725.5877,10406.1011,12866.6398,9623.4257,12433.5461,4261.6205,8638.4139,10204.4419,12751.2053,9845.6652,745.6292,8705.4311,5290.7555,10605.3406,5215.2039,4566.5426,8727.8419,10308.9279,10725.1848,6998.1464,4308.8866,13742.0334,13541.0843,0.0000,5847.7471,11705.9189,7279.6491,9650.5558,12094.8263,9390.1520,5256.9286,1336.0771,8254.0594,11198.9459,11750.4008,13096.8284,4556.4221,11953.7227,8711.2238,7161.3926,10993.5890,13017.4758,2494.2073,4567.7653,6106.4344,11956.6750,8145.3438,9131.4390,11515.3194,8289.2456,383384.3289,411600.8138,390550.4620,388161.4315,393721.0051,394415.9499,400305.1432,394995.8600,336092769.8919,336070840.8822,336103597.3729,336092339.1299,7064.2347,3526.2905,11346.1844,12335.5002,920.2085,1499.7070,7475.3070,5836.8779,11958.6076,7033.9743,5622.3575,10921.6235,11938.2009,1685.4279,10007.8734,8063.6989,1039.6811,7332.9126,10644.1119,11868.9396,10465.7268,13123.7627,13665.5420,5843.9765,8477.6739,9957.1581,13567.2871,6527.1833,5047.9763,10086.9074,6881.4990,3316.6249,531.3607,4328.4823,7043.2140,11577.5458,10165.0668,7096.4788,0.0000,6570.5948,6885.6101,7983.0633,13714.4119,12575.4995,3702.9973,11431.1579,9604.9794,13650.5754,13400.1023,12811.8406,5413.7552,8618.8496,5875.1702,12115.5053,4332.5974,12175.6409,11169.5674,9246.1550,11820.2044,11604.8629,8287.3476,13621.5465,13309.3443,5013.8493,10011.8847,381771.8753,410165.5642,388937.5182,386693.4598,392278.1270,392694.1645,398584.5748,393388.6328,336092972.9975,336071043.4382,336103801.2063,336092542.2705,4322.8918,8038.4079,12034.5719,7016.2126,7523.5672,11203.3986,9748.6633,8215.6182,4575.7733,2128.4184,5138.1396,10618.4481,6661.9009,13448.9499,2539.4928,7152.3164,11710.0045,10054.4768,13160.3476,6157.7424,11187.9924,12598.4383,10826.5973,9318.7049,3712.8956,11512.6460,2372.0603,8488.0052,6493.7350,833.9419,5275.1481,7020.6387,8134.2795,4929.7649,7012.6785,13553.7270,12157.2501,0.0000,3440.8898,10144.2508,6501.3216,12237.2696,13415.5997,6262.8658,7685.9757,3314.0105,11149.2236,13106.3799,13276.0541,11159.6947,4395.4948,10021.4494,10280.7698,3230.8652,12196.7725,13337.9668,3403.2172,7605.7608,8047.9434,10910.8588,11055.4193,11651.9564,9468.8215,8446.2487,380674.5554,408949.0219,387835.0179,385497.6748,391055.9609,391665.4213,397564.9214,392289.2145,336094903.8690,336072974.6593,336105731.6208,336094473.1562,9025.2182,12960.6780,3943.8350,4649.2256,8231.2689,8378.8370,9715.3531,6492.2966,2380.6939,8672.4431,12205.9438,2540.2549,11718.7809,4877.8951,4132.2708,8839.3615,11310.2284,13092.7087,7734.8212,11866.8853,13225.7653,8745.5772,7263.7620,7300.7145,12520.9097,3159.9224,4891.0382,7408.2995,4485.5084,3999.8740,3259.7650,6692.1436,6684.6805,10213.6867,11861.5236,9390.3492,0.0000,3186.2391,9172.9042,5415.7903,13032.3529,12768.2626,5113.4148,9042.2302,6832.6310,12988.9960,13647.0429,12829.3940,8072.4846,5517.7502,8502.9388,12146.5831,2840.8318,12905.7599,12698.5400,6251.7245,9470.4330,10829.0624,10340.5874,12940.7036,12279.5446,5840.9150,10247.9193,380435.6627,408780.6407,387614.2639,385316.1521,390914.1716,391405.2189,397276.4444,392050.4716,336094799.5561,336072870.1571,336105627.5453,336094368.7738,11970.2483,11715.8497,12028.5278,9488.2393,13538.7308,1391.8263,11050.5886,8067.6886,6263.6213,11710.4618,10338.1626,12113.4736,5890.8786,11769.4601,10661.0291,12473.9612,12615.3670,2167.4441,4650.1326,7900.1936,13587.5885,5972.9775,5862.0796,5910.5285,7053.0807,8827.3951,1995.6231,8614.1436,11423.4914,11071.9064,12947.9319,11320.4841,8555.2014,12166.3986,12270.8769,0.0000,6592.9053,13547.7185,4781.1082,7167.7914,8915.6712,12113.5171,775.5351,5795.8107,8736.9906,10299.9784,8503.4423,12372.9790,4349.1617,13515.7763,11366.4894,10097.6111,11934.4179,12750.3763,5104.7400,1962.4425,10032.8935,13793.5405,8732.6343,5538.3564,9744.3403,12063.0513,385497.6890,413737.6996,392717.5325,390294.3968,395944.9591,396578.8788,402383.0605,397103.7148,336091138.0414,336069209.0494,336101965.4590,336090707.0294,11937.7362,11514.7769,12397.3245,8561.4133,11272.5761,9730.3012,12789.0429,9969.8277,2485.0965,12987.4475,8089.3763,12600.4461,11790.4430,11245.3533,3736.8287,3052.6296,12225.3033,9714.1293,6958.6918,9128.4108,13328.9994,11188.8981,8348.9359,12975.7761,13472.5180,12557.9067,11661.2816,11301.7811,12551.5771,9746.5984,9610.8547,7498.0698,8027.7584,10399.5491,0.0000,13308.0945,7467.5420,13587.9890,7492.2687,8403.9759,10710.0407,11733.6479,11510.2921,5009.9642,4209.1963,8367.9123,11004.1786,12908.2419,8528.7236,3144.8857,12026.8565,684.3968,4681.6444,12141.4723,11155.7766,6077.9159,6254.0980,5025.4117,9085.1143,13032.0577,5713.4788,392227.5360,420522.2534,399357.4984,397068.3808,402579.4644,403166.3921,409112.8622,403845.5147,336083008.1648,336061078.9388,336093835.9511,336082577.5334,790.2095,8108.9385,5144.3041,12236.3363,6432.8609,5800.7549,10823.9044,11452.3559,2537.6102,10059.9570,8267.8788,235.8144,7784.2809,10044.2606,11562.7391,10782.8164,13377.8386,13734.3183,5419.3449,9183.7578,9954.8159,13704.0905,6791.5483,5890.1033,10488.1386,6727.7964,2665.6165,1442.1109,3486.2249,6405.9859,11263.2371,10211.5943,7295.0182,0.0000,6969.5813,6219.3367,8595.6475,13808.5725,12786.0616,2864.2528,11750.3777,9637.4287,13475.2639,13281.4479,13019.1386,5615.0663,8982.4386,5242.4592,11642.7410,4106.5009,11805.0225,10929.9138,9401.1509,12051.4425,11170.9398,7652.5637,13440.1623,13524.8440,5793.7130,9370.7782,381930.4141,410321.7439,389086.9318,386850.2197,392419.7494,392842.9704,398747.6158,393548.0157,336092731.3420,336070801.7780,336103559.5634,336092300.6543,8080.1017,4425.0642,12503.1699,6532.1149,6430.7456,11083.0895,11113.8359,3150.3641,9563.8677,8803.6131,559.8770,7547.8817,9647.2291,11036.1156,11182.3131,13424.8907,13571.9205,4657.0761,9476.9934,10330.2313,13676.1316,7404.4588,6224.7496,10900.2005,7190.0337,2939.7602,2009.8932,2901.9318,6465.2616,11308.8957,9713.8617,6828.2498,0.0000,7591.2968,5532.0018,9094.1232,13698.1080,12560.5495,2798.5693,12063.7148,10047.0444,13320.5123,12952.6580,12820.3046,5147.9518,9499.5175,4501.1704,11355.1477,4646.0897,11363.6596,10367.1762,9866.7297,12333.9652,11084.9892,6990.9782,13289.4655,13515.5549,5941.0574,9105.8934,382545.5013,410942.0211,389698.4012,387469.8533,393034.3726,393450.0745,399360.1187,394163.4470,336092045.9774,336070116.3959,336102874.2240,336091615.3030,9769.4178,10356.8997,12329.7913,9791.7802,12711.3843,13238.5085,6806.6845,6510.0863,10484.2059,8051.7525,2142.7923,12959.7594,10854.3276,10107.1970,9609.9765,10370.1599,8307.6090,4402.1896,12081.5511,10548.2816,9744.8157,3887.4362,9262.3748,11407.7050,9991.2546,7164.4567,9828.6841,12392.3941,13573.6184,6652.3719,4565.6194,0.0000,9062.2977,10180.7901,7238.9444,10503.3357,7654.0418,10209.0751,10005.2263,11813.5599,12765.0399,11048.9362,8037.3990,4917.3692,9568.5042,9419.4624,13506.1258,10271.6472,11948.8348,9675.0784,11081.6880,10803.8058,13820.8455,10864.5471,12822.8486,9696.8254,2898.0793,13356.4487,386528.5928,414929.1473,393750.9134,391456.9647,397135.2443,397513.0685,403312.8854,398138.4995,336088902.2421,336066972.7682,336099730.2936,336088471.2341,13628.0414,6832.6151,9473.1720,11726.5422,8418.1992,7300.6946,8000.8995,11226.2512,4931.5785,8391.0673,6635.7384,7944.6889,12998.2446,13608.7485,12554.9835,2228.8727,11895.1976,11680.5889,13300.4984,10347.3502,9465.1146,12929.8906,9201.0638,5425.2102,6280.4369,2159.0841,6583.2650,10683.2204,8101.9298,6649.8720,0.0000,10701.8751,1252.2875,11965.7982,12919.8239,11813.4147,4328.7622,13478.5668,11615.4951,11817.9625,10916.7184,12117.8377,5725.3624,11988.0832,547.6240,8905.4984,7444.4210,8403.1127,7433.6066,11835.6563,13449.3499,9707.6918,2795.0876,11794.8497,13401.6129,8763.2801,6849.8931,386064.6852,414457.5799,393190.2046,390987.3696,396507.1930,396936.5832,402888.4746,397684.7072,336088296.1886,336066366.6003,336099124.4606,336087865.6173,10894.9899,8577.7394,5537.8599,10930.9565,11096.5865,12271.4223,6267.9703,12277.7612,11327.8522,11874.1968,12182.7057,2606.4096,4173.2541,7248.8279,13814.8613,7165.4266,5533.2156,5118.9415,7618.0173,9856.8279,2975.2107,8720.2189,11721.3597,11734.6755,13125.2151,11158.3972,7634.3073,12309.0382,12760.7320,0.0000,7334.0072,13522.5812,5979.7671,6455.1812,8854.1165,12336.9051,933.0985,5609.4767,7665.0423,9644.2430,8374.4484,12927.4943,5044.7684,13627.1698,10527.8404,10438.7323,11290.8731,12500.7111,5217.0888,911.0934,9154.9117,13633.4029,7652.7453,5015.7615,10684.4247,11486.1448,386224.5056,414448.6642,393436.1165,391008.3987,396643.2305,397305.3075,403122.3334,397830.9226,336090453.0723,336068524.1233,336101280.4383,336090022.0909,5690.1858,6781.7923,7999.8886,7697.1645,12502.1323,6844.0588,6458.8719,12018.2340,6727.3411,11054.8595,9613.4375,12737.8319,12827.5891,8619.1313,11938.2320,6580.5327,12474.2419,6509.5234,10388.7312,10019.6387,3764.1126,3933.8504,7316.3960,5425.8973,372.1667,6358.2784,12589.8230,11523.9324,0.0000,7434.2336,7010.5238,10064.5974,12742.7463,13717.2504,4007.5989,10662.6611,6566.3324,10563.4568,12168.8768,13679.0887,10503.5543,8439.4751,7264.9535,7817.5530,3906.1579,9981.1328,11415.8412,7247.8083,10303.2507,6188.0406,7623.4202,10457.4710,12872.2887,10749.3103,4836.0261,382542.5008,410837.1510,389663.4716,387383.6162,392881.2011,393471.4161,399431.7061,394161.1136,336092470.3966,336070541.0809,336103298.3144,336092039.8509,6779.4745,11696.3027,4881.9389,12868.4088,2837.5056,5970.5215,10471.1649,11015.6198,13446.7903,6371.7133,11355.8903,12939.1613,10205.8670,7994.4875,5234.6086,11929.5963,1232.1345,6680.9380,6335.5574,2558.3661,4766.4918,5462.0242,7773.5027,5983.8842,8706.0152,12992.2067,11089.0446,0.0000,2038.6645,10068.4811,5287.9699,12618.9063,13158.3653,5925.4524,7909.8118,4733.3368,12162.7744,13551.4746,13095.9780,9960.9333,4102.0726,9675.7815,11476.2343,2693.4202,12843.7294,13348.4363,4246.0325,8150.8006,9626.5914,11038.5251,12092.0350,11848.5924,7770.3742,9652.2884,380186.9807,408491.5204,387360.7938,385034.2472,390618.4776,391175.9301,397054.8388,391801.2934,336095299.5832,336073370.2986,336106127.4250,336094868.8183,8455.6111,10595.4876,13526.1058,4808.5394,10877.5902,13111.8178,8969.6167,11857.5118,4908.5444,8387.3583,9649.4571,12791.7387,10427.7855,1887.4672,8225.3262,6295.9075,11271.5826,5893.2306,5283.1241,9170.8105,10897.6971,10878.3261,7070.8873,3289.0083,13573.1909,13679.2468,0.0000,6854.6987,11572.3727,8119.7431,9110.8181,11822.2849,9705.1397,5568.7387,2471.8671,7333.2369,10519.5684,11452.1604,13340.7057,5542.7817,11942.1314,7833.7681,7805.9347,10270.8547,12573.5457,3592.5160,4689.0651,5183.2460,11677.3385,7214.3884,8794.8719,12072.0646,7710.4793,384326.2964,412535.4208,391486.7142,389097.7372,394647.0262,395355.0647,401252.9264,395938.0362,336091838.4880,336069909.4996,336102665.9443,336091407.7452,12617.0731,9841.7445,11468.8088,11334.5198,12281.7411,2195.2924,5304.1000,11558.4034,10279.3909,8177.1074,9528.0217,13654.0760,9770.3650,8971.1654,11933.4632,13610.0783,12057.9357,10167.9655,10287.7451,12185.1161,9173.0696,7886.7806,5605.5476,9813.0943,11492.9545,0.0000,12441.7584,7411.2663,13265.2166,8469.3601,10067.3510,9753.9031,11339.4370,10137.1377,5049.0751,6086.1144,9951.2297,11725.2600,12090.7318,8541.5749,842.9449,10833.2494,3096.7037,6736.0072,10965.9274,10617.3470,3881.6511,6379.4247,4983.2728,9830.7433,13392.5894,3630.5315,390439.8196,418711.0799,397557.8011,395262.3624,400751.1592,401377.9775,407342.4823,402057.8707,336084830.1052,336062900.9174,336095657.8507,336084399.5323,10382.7559,7197.5755,2682.9803,7149.5093,11550.1392,12553.2068,9465.2124,12494.8966,13470.4196,7148.2215,7187.3985,9439.8634,13145.0389,5591.5742,3728.7876,8972.2291,6680.3966,4278.3390,1176.9155,5864.0123,7782.2001,11700.4516,10541.9253,7488.8329,0.0000,5409.1718,8256.4654,6564.9089,13430.3103,12341.9121,4984.6337,10483.6777,9024.5632,13728.4810,13610.2809,12539.7016,5962.5435,7507.3064,7305.2321,12725.7560,4449.1901,12819.1234,11851.4519,8458.0874,11005.4122,11997.5967,9565.6232,13703.2869,12783.3684,4125.6697,10871.6048,381289.1515,409674.1799,388469.8516,386203.2218,391810.9382,392235.4846,398102.5878,392904.2902,336093684.3160,336071754.8016,336104512.4555,336093253.5240,13433.7750,9877.7667,4707.9354,9717.6377,5481.5153,12904.3485,9985.2635,8262.9254,6454.1854,9704.9921,13758.2299,9820.9505,13060.7060,9374.5269,12513.4843,13317.5377,11320.5965,10045.9662,9407.1156,12415.8724,12793.4029,174.5838,3844.9468,0.0000,12829.9406,7645.8536,11847.7014,8932.9898,5567.1211,10857.8656,12378.7489,13750.1801,10359.5842,7070.2974,6178.4440,5542.4946,13020.2597,7531.3457,10421.2678,12385.1658,7455.6351,3881.6748,13606.3226,12613.8911,12178.5852,7437.4706,10450.5673,9461.2685,8198.9563,11139.9564,391612.9179,420014.2683,398795.5173,396541.0350,402153.7257,402549.3350,408412.6091,403227.8841,336083396.4108,336061466.9209,336094224.5079,336082965.5562,8403.1406,11379.1573,11307.9185,13591.3885,3893.6017,9665.6342,11725.7371,11932.1686,7733.2128,3017.9809,10300.5674,1819.7761,7875.7952,4157.0891,3329.7343,7163.9152,7870.4761,9820.3399,7188.1591,7509.6544,13534.1822,12323.1106,0.0000,2249.0390,11575.3266,4551.9649,11232.2080,12530.7266,8173.9345,5590.9176,2434.2307,10875.1898,12853.2769,12323.2511,11554.5011,1944.6691,11401.7092,11096.2032,5175.8411,12705.0926,13714.6860,1514.3269,5728.3338,8915.2187,12262.8805,10799.7213,10285.2275,9076.1662,9989.4279,381095.1634,409356.9982,388279.1376,385908.0398,391502.7988,392122.0223,397984.3761,392706.8171,336094859.7013,336072930.5645,336105687.3399,336094428.8799,7668.6039,9914.9352,11381.8801,10867.0069,13349.5752,13647.0976,5184.2925,9224.0941,10043.4116,13655.9839,6951.9487,5942.8165,10573.8405,6852.8815,2740.8846,1564.5697,3317.4597,6421.2261,11257.1236,10029.0918,7120.2096,0.0000,7128.4649,6012.2995,8705.3619,13736.3849,12676.2541,2841.8436,11805.7438,9736.1589,13399.3471,13150.6708,12917.2347,5440.9966,9105.3005,5020.7008,11539.7598,4260.1681,11651.0441,10736.7436,9513.9572,12099.5793,11128.8135,7450.4245,13365.7539,13480.1296,5788.2102,9284.0789,382135.7119,410528.4369,389291.4998,387056.7300,392625.2987,393046.4202,398952.1434,393753.3860,336092510.3130,336070580.7450,336103338.5400,336092079.6276,11867.1161,9377.6533,11230.9600,10182.9292,10172.9120,6684.2282,6282.1215,12692.3232,10787.6718,10612.5104,5203.9264,10526.8626,11766.7741,9721.8965,7157.4859,8849.3506,12018.0550,13462.0853,4866.1102,2495.9763,0.0000,10107.5004,8712.3844,8780.3522,10481.0261,7306.1075,9675.3768,11088.6592,12484.6175,12398.1537,10222.7825,7805.1169,3352.2481,10730.0110,7971.3395,12665.8902,10437.0974,10745.7682,8026.6967,11942.9218,11713.2455,13396.2367,9308.1843,12460.8157,10081.6782,3849.1163,12516.0938,387672.3688,416086.7847,394879.2289,392611.9936,398266.9703,398629.5758,404453.8260,399284.4275,336087482.5646,336065553.0357,336098310.6990,336087051.6219,5699.5561,12074.0289,11573.8510,9717.5516,8046.1622,13723.1545,9989.8137,10486.5471,11470.0025,13040.1329,12501.2313,9484.6883,8822.2346,10961.8221,7391.7059,6533.1205,6334.0104,9716.3047,10776.2507,0.0000,12051.3605,5631.0141,13248.1135,10031.1102,11008.8578,8119.9015,12130.8346,10272.5931,7009.7718,7583.2803,11001.1010,10735.2778,12148.3182,6834.8729,2663.3646,9698.5798,4137.6979,6785.7841,11072.7695,11523.2432,4547.2796,4662.0737,6943.1002,11196.1191,12753.9564,2259.5466,389163.8689,417459.4386,396272.6536,394006.7152,399484.4877,400075.6052,406054.1649,400783.2903,336085796.4034,336063867.1157,336096624.2881,336085365.8807,13135.0633,10016.8422,7078.2372,7781.8534,12681.7911,12767.7955,8929.0275,13679.5635,12630.7426,13212.8288,12834.4231,11610.8679,12063.4168,9543.2245,10914.5293,9904.0558,5393.2295,8294.4169,0.0000,13830.4879,6901.3095,13675.2401,7834.2091,7061.7261,10938.8642,12561.8200,12980.9151,7005.0329,4137.0777,7268.1757,9252.7909,13657.0886,7722.5064,6021.2248,12635.5399,2389.7608,1743.7335,13356.3590,12255.6912,8687.0110,5730.6718,7073.5725,9304.6185,11873.6136,7740.9972,393056.2226,421396.9014,400199.4559,397934.1692,403473.2990,403983.0991,409909.0653,404674.3031,336081975.6397,336060046.2974,336092803.5694,336081544.9505,6480.5008,9309.4578,13324.1143,6601.2463,4030.0610,7425.0023,5287.5193,8641.5298,1123.9490,6799.1720,10154.6212,10211.3638,12110.2560,9919.9344,7708.4516,12973.6404,12637.8582,0.0000,4988.6720,13103.3302,4226.4589,8625.1444,10438.8570,10963.5338,1804.6258,3855.9883,9279.1020,11281.1821,10078.6988,12426.1927,2539.8455,13054.5201,11151.3397,8559.4172,12269.4667,13329.1409,3020.8035,2276.5663,9337.1979,13480.2172,9238.3974,7279.1120,9737.7010,11287.8266,383743.5484,411979.8692,390951.1296,388536.7741,394166.7144,394812.9556,400636.9157,395351.1112,336092742.3503,336070813.3399,336103569.8026,336092311.4037,3708.9047,13366.6193,7729.2513,8904.0500,1829.7973,10637.6964,10698.1734,6439.2765,11511.9421,13333.0412,12939.9972,13753.1702,12905.8422,9104.7973,9974.8405,11555.7994,0.0000,10288.5631,13266.7096,8384.1915,2932.3369,5330.6011,13635.4351,4830.8696,9057.8800,6269.3246,6753.9854,4719.5177,12324.6127,8485.4496,13473.5973,10089.0383,12672.5494,9557.8421,10265.1895,8832.6044,4850.5230,9967.7979,13058.2105,6349.2309,969.0640,10982.3890,11988.6423,390102.7480,418352.2191,397319.7500,394906.9254,400553.6213,401174.4120,406983.3556,401709.6100,336086496.3730,336064567.3888,336097323.7786,336086065.3490,12297.7116,9984.4846,10607.0236,2374.4621,12514.9310,12134.0976,9392.5444,12688.7079,13678.2443,13605.3331,13237.5303,12898.7938,9049.0909,8196.6922,10862.7436,0.0000,12357.8814,11919.3848,10986.2428,937.7429,3838.2418,13644.1040,7933.3976,10861.6712,4400.0210,3269.7699,3250.6147,11933.5701,10982.6350,12379.5979,8178.8919,13561.8902,6720.3799,7581.0961,10961.0450,7651.1321,9177.7463,11323.9625,4547.4164,2776.4919,11988.3024,10762.9191,392758.4205,421026.2738,399953.1532,397576.5485,403188.7458,403792.7471,409637.8624,404369.0194,336083456.0488,336061527.0039,336094283.5486,336083025.1157,11118.1685,12663.2445,13205.4407,10975.5300,8632.2458,13085.2391,10407.8313,6615.9043,6188.2596,3711.1710,8420.6886,11983.0750,6574.5269,4656.3335,0.0000,11116.4819,2753.9309,11816.1965,12731.8552,10892.2707,5736.7641,13651.3755,12557.4168,12345.9519,10767.5217,11299.6472,3832.0990,12374.9689,1704.9548,10080.0925,8519.5075,8811.2169,6810.2731,12586.3597,13780.5117,11128.2777,3839.9454,12351.3152,13124.3752,7621.8950,8609.4527,386845.3819,415262.5004,393986.7843,391787.9411,397337.1740,397721.2882,403648.0530,398464.2686,336087521.4828,336065591.8470,336098349.8056,336087090.8393,9511.4692,9152.8809,7424.0480,3982.7301,5562.0306,9809.0327,10279.9783,8052.6110,11371.1605,12125.7199,12222.3189,9816.9519,8480.4250,0.0000,6494.3260,12280.6012,3535.9123,9715.3257,8479.7929,10926.3439,6595.6118,9181.4118,12089.3620,11692.0528,8511.1213,8472.0167,6254.8245,11708.0200,13652.2709,9581.9415,13040.7376,12004.7026,8166.7177,7656.0778,13092.8057,12944.7229,12123.3724,8242.2611,4749.8218,13620.3760,384662.0571,413001.3448,391898.5005,389539.8205,395231.9939,395702.2041,401480.3057,396269.0466,336091377.6066,336069448.3275,336102205.3925,336090946.5386,9097.4718,4614.7076,10161.9285,4919.4484,4090.7114,8385.9441,9876.7325,10561.6238,6918.0443,4944.3721,13826.8203,13416.1232,0.0000,5183.4722,11727.3183,6782.3434,10056.8639,12300.4390,9127.0162,5247.2037,596.0552,8857.8311,11637.3129,11979.3020,12895.2350,3977.4478,11896.3596,9232.4653,6698.7140,11422.4035,13267.0858,1831.8300,4713.1812,6666.3666,12072.4273,8754.5309,9436.1272,11136.3950,8612.1778,382778.2266,411001.2590,389947.2486,387560.4250,393125.5784,393809.6464,399694.5347,394389.7807,336093345.5238,336071416.4940,336104173.0298,336092914.7533,11321.0100,11728.4499,7589.0479,11725.5572,13465.1927,13451.3757,13615.4502,12611.0390,8300.2678,9787.5085,11814.9269,0.0000,11128.2842,12803.2030,9656.2812,1453.6538,5271.6460,13636.2818,5894.0255,9350.7182,4628.3934,5353.1053,4620.0249,12643.0042,9406.8162,13183.5942,8772.8650,12959.6883,8238.8513,9436.7030,9376.4044,5561.8748,8942.0030,12399.3110,4725.6438,1270.8805,11892.9211,11070.6609,391142.2653,419384.5149,398345.0430,395940.2152,401562.3673,402201.4702,408033.1734,402750.7437,336085357.2119,336063428.2408,336096184.6097,336084926.2464,6715.6535,5239.5456,3067.5774,5911.2861,6308.4885,8771.6191,6824.8054,8592.3818,13178.8299,11466.7405,0.0000,1091.9269,10871.0587,4404.1024,12120.4833,12843.6269,7029.5748,6898.5153,4060.9727,11883.4253,13412.6654,12732.1141,10482.8852,2922.8442,10518.7917,11665.3056,3888.4249,13028.4470,13615.7861,3312.3200,7199.3681,9722.3919,11754.3942,11815.8947,11203.9666,7933.7390,10165.1673,380377.7111,408669.0469,387560.5958,385214.2633,390811.3729,391385.6313,397250.1535,391990.5980,336095319.2988,336073390.0674,336106147.0637,336094888.4908,7801.0421,8777.5211,7635.0409,4570.1774,8664.0273,10514.5021,12715.6069,9530.1758,6740.0794,0.0000,5978.3551,10183.4511,4948.8275,12054.8281,10394.4499,8245.4459,9231.0059,9751.6116,13521.6042,12918.6551,10607.0419,5916.6562,7219.7262,9294.0886,13726.3285,7432.4593,13184.4321,11738.5596,8872.8058,10065.7734,13240.0997,11223.4352,13533.5455,11045.4312,1583.7324,12772.1490,382871.5672,411256.2581,390085.6643,387786.0258,393448.3507,393857.4385,399671.2123,394482.5614,336092522.3103,336070592.8508,336103350.3522,336092091.3596,7159.3661,10131.6399,9788.9682,12053.4462,10315.8756,8569.7728,12590.3899,12084.2361,0.0000,4722.6496,13098.1765,3273.1891,8743.6387,10115.0257,10961.3435,2057.5573,4668.3912,9820.0477,11431.8065,9796.9353,11883.3581,2423.0843,12949.9289,11715.1009,8594.9245,12543.7097,13262.9526,3661.8260,2969.4420,10090.5339,13543.5294,9794.1569,7258.6686,8932.2413,11809.7839,383666.9930,411918.3267,390882.3067,388472.3923,394117.0816,394736.5772,400548.4475,395274.1819,336092789.2485,336070860.2026,336103616.7422,336092358.2699,4756.8011,6900.4215,7566.9040,4119.4599,6777.2461,13420.9219,12041.7934,0.0000,4125.7133,9582.3405,7157.2239,12374.0420,13527.5753,5676.5926,8247.0826,3784.3050,11058.1011,12988.7217,13406.4232,11010.7098,5148.6989,9504.4998,9846.8343,2849.9311,11842.0390,13042.6657,4069.7704,8100.5378,7647.2346,10344.9319,10959.9450,11918.2804,9652.3259,7804.1191,380849.6614,409127.6731,388002.3287,385675.8216,391221.9901,391828.7633,397740.4124,392465.1893,336094615.9897,336072686.7595,336105443.7737,336094185.3108,3664.5668,3368.1011,3923.5022,9465.4022,11450.2047,9226.3520,0.0000,6491.1775,6254.3717,8905.2421,13672.5967,13476.0523,1246.2938,11282.4771,8125.6328,12598.2814,13159.8289,13596.5770,7770.8003,8377.4075,5746.6284,10342.6094,2253.9818,11322.4197,11369.7804,8183.9933,11349.1237,9390.1147,7508.4974,12532.6898,13507.2677,7860.8380,7640.2628,381475.3479,409829.7769,388615.7418,386364.6593,391902.3617,392391.6626,398322.0341,393093.9210,336093275.4592,336071345.9834,336104103.5759,336092844.8411,4823.9063,7347.9137,11686.9795,10205.0622,7096.3284,0.0000,6275.4498,7303.7155,7574.9630,13632.6755,12465.6246,4150.8817,11182.0624,9504.9372,13708.2751,13460.9545,12696.8872,5442.9700,8336.9954,6297.0051,12347.5990,4427.6177,12382.2987,11344.4973,9077.5202,11618.4514,11791.8824,8679.2084,13681.7380,13153.0367,4617.1577,10334.6655,381658.2985,410051.2526,388829.1193,386579.1715,392172.1113,392587.4219,398469.7797,393274.5364,336093149.0942,336071219.5437,336103977.2878,336092718.3448,5209.8046,10274.4074,9525.8705,7544.1303,0.0000,9208.3394,3169.8472,10921.8767,13461.7033,12679.6677,2229.8548,12857.0886,10425.1141,12312.5948,12008.7489,12921.4423,6233.4268,10771.9141,2537.0687,9491.9122,5517.5428,9673.1560,9139.5168,10600.7781,12865.4266,9585.5245,4620.5356,12269.8242,13694.4129,8258.1748,6936.4189,384020.3529,412403.3819,391148.5255,388934.4475,394457.0233,394902.3927,400850.6382,395640.1490,336090417.6292,336068488.0624,336101245.8725,336089987.0551,6508.0410,12502.6471,11447.0074,0.0000,7734.3862,6747.1641,10329.9588,12839.7013,13757.3347,3884.2030,10939.3875,6912.3368,10620.0930,12147.0025,13732.2076,10424.3892,8761.2019,7027.8159,7733.3412,4098.1523,9860.9876,11273.8457,7593.5310,10577.7461,6224.5477,7354.3871,10515.3642,13015.8155,10824.5739,4654.3329,382694.1939,410992.2564,389812.5904,387538.2585,393032.2279,393617.7042,399581.8969,394313.0812,336092266.6835,336070337.3545,336103094.6207,336091836.1488,12812.8576,13509.6677,0.0000,9244.8462,10220.5214,10537.4257,8740.3230,11571.3680,9589.4754,7926.2854,5460.1864,5580.0794,8975.4739,11237.0215,13324.2110,8359.4516,10925.1290,4876.5576,8791.4725,7944.0541,10951.0311,6592.2069,6950.6421,2001.3599,9955.0638,5428.6676,9170.9108,13164.4752,5219.4119,386483.2922,414696.5859,393619.1887,391258.7467,396768.8062,397478.9989,403414.9449,398097.4989,336089403.8130,336067474.7943,336100231.3249,336088973.1693,4016.7268,0.0000,12951.3994,7724.2465,11961.0474,8878.9989,5507.0882,10982.1958,12428.9236,13825.3264,10309.4541,6971.7928,6119.8614,5713.6305,13117.9784,7634.5010,10396.3614,12511.8191,7388.8202,3793.1863,13690.4500,12653.9446,12186.9394,7482.9539,10402.1896,9436.4658,8361.9025,11165.3220,391778.4945,420178.9923,398960.8833,396705.8867,402318.0775,402715.1939,408578.8263,403393.4807,336083236.7351,336061307.2489,336094064.8274,336082805.8805,0.0000,11169.0498,6927.6466,10490.2513,11311.2069,8219.7297,8870.2891,12585.1534,13253.9190,12551.3563,10137.4014,8768.9889,1899.1839,12026.6630,6158.7898,12000.4539,10439.1513,9884.2070,6798.0226,12913.5186,13030.6491,13090.1607,7504.6643,12606.7352,11320.6698,5297.6497,11605.8579,388209.1095,416639.1195,395394.3307,393161.8262,398783.9966,399130.1375,404988.1547,399823.7616,336086581.0302,336064651.4258,336097409.2790,336086150.1840,0.0000,0.0000,0.0000,0.0000,0.0000,0.0000,0.0000,0.0000,0.0000,0.0000,0.0000,0.0000,0.0000,0.0000,0.0000,0.0000,0.0000,0.0000,0.0000,0.0000,0.0000,0.0000,0.0000,0.0000,0.0000,0.0000,0.0000,0.0000,0.0000,0.0000,0.0000,0.0000,0.0000,0.0000,0.0000,0.0000,0.0000,0.0000,11248.4423,3400.5857,11951.4411,12470.1167,7597.7285,6548.5962,4624.7282,12108.3033,13435.1111,12368.3998,10241.9556,2515.5157,10822.5276,12201.9169,4629.8865,13313.1008,13670.4659,3641.9781,7028.2800,10400.8506,12145.8439,12053.5716,10893.3202,7301.7478,10894.7211,380508.5814,408806.2169,387701.8944,385350.3517,390965.4025,391525.0954,397373.1169,392120.4464,336095262.9169,336073333.6813,336106090.6800,336094832.0627,12411.4268,12331.8580,11361.7407,5170.7998,13458.5577,11724.1529,11028.5253,10047.7464,11650.9628,6320.5969,12314.8374,1332.1960,7959.8447,8136.3577,7316.1707,6531.9651,12036.4233,13343.8513,9076.9654,1544.8716,11007.9784,12987.1331,9469.5071,6151.9902,387125.8925,415509.1187,394247.5277,392040.6287,397552.5769,397998.9867,403957.0370,398746.1153,336087276.3177,336065346.7614,336098104.5493,336086845.7577,10534.8580,10607.7688,9829.3819,5132.3682,6338.9991,11895.1528,12663.4076,10492.8197,10009.3156,2996.2272,11938.1751,13084.7676,7525.6005,13468.5005,13337.1227,5143.4256,6104.7791,11744.0246,13168.4208,11881.9919,9081.1226,6320.5595,12582.8473,382274.5853,410577.4109,389496.4771,387121.5692,392784.3485,393321.0607,399123.0735,393882.8006,336093828.2493,336071899.0465,336104655.9470,336093397.2570,4375.0127,13717.4246,7181.0193,10316.6299,4337.9452,4071.5913,3735.3646,12293.4557,10431.0652,12768.2940,8383.9530,13401.8761,7312.9829,8356.1956,10395.9888,6871.4546,9065.9955,11802.9717,4470.9324,2037.1405,12030.3140,10901.1605,392224.6902,420480.9443,399422.6996,397033.6343,402649.6955,403269.8678,409109.5315,403834.4022,336084117.2168,336062188.2068,336094944.6686,336083686.2696,13396.9962,9235.9202,12388.9698,7744.1268,4908.0568,700.4808,9636.0792,11581.3980,11494.3890,10315.7984,13670.1614,7906.9610,6639.2798,12179.7286,9434.7644,11569.6841,10989.5756,7878.7467,4651.0318,9886.4922,12219.8711,392708.9094,421036.6092,399919.8613,397575.9662,403223.4150,403725.8261,409545.2940,404319.3255,336083222.8392,336061293.6299,336094050.5445,336082791.8402,11968.9509,8927.2599,12486.5971,12832.5909,13552.1915,7444.0165,9352.9668,4699.6326,9888.4152,3433.5957,10722.7006,10692.1558,9083.3835,11980.7490,9252.0259,6459.3072,12424.1995,13723.3545,8249.4251,7081.3674,382258.7342,410620.9714,389390.9435,387155.0178,392680.8041,393159.6086,399102.3000,393878.0406,336092355.0986,336070425.5913,336103183.2620,336091924.5134,5228.3798,8380.2197,10243.9229,8804.2637,12645.5594,4220.3992,13483.3589,10951.3241,9909.1792,11740.8611,12792.0258,4647.3591,1230.3641,9475.0831,13674.9509,8363.3273,5687.9003,10155.3550,11640.1260,385400.4480,413631.6975,392614.2972,390189.9763,395829.4847,396479.8485,402293.4975,397006.9056,336091231.8382,336069302.8641,336102059.2365,336090800.8526,9290.9406,11923.9956,12087.3541,12679.7895,3492.3142,11827.1864,9629.6912,6352.8527,11719.9726,13408.2804,1311.1138,4828.4783,7121.1235,12141.4344,9192.8748,9617.1323,10774.8642,8885.6832,382365.8633,410595.2782,389537.7686,387153.0542,392723.7517,393397.1189,399277.6829,393977.4196,336093732.0919,336071803.0441,336104559.6201,336093301.3119,4234.8748,7306.1404,13163.1382,10804.1169,11822.8760,4707.9131,12417.6819,5239.7382,8252.7844,9906.7973,7547.5599,5435.4409,10261.2837,166.2601,5784.6620,13559.2923,7735.5543,391553.3025,419782.7350,398711.1626,396340.9115,401887.9975,402566.0621,408468.4647,403166.3223,336084523.5201,336062594.5295,336095350.9756,336084092.7554,4730.7221,11244.9867,12523.9282,10735.8034,6358.1786,13524.5574,3855.9072,5042.3655,12241.9591,9847.1745,8380.6633,9133.4798,4374.3601,5900.1144,12491.5089,9156.9328,393715.0571,422006.0951,400883.3811,398551.7185,404123.9425,404703.5606,410590.7102,405329.5041,336082008.0222,336060078.8781,336092835.6718,336081577.2089,10118.3816,11350.7997,11822.8012,10148.7100,13694.6624,7910.8610,6998.9663,11896.0841,8963.0382,11307.9450,11260.7617,7442.6074,4002.3439,10194.0475,12160.1145,392678.9789,420995.0150,399890.4251,397536.5034,403183.0458,403703.6980,409522.3970,404289.0228,336083350.8256,336061421.6530,336094178.4819,336082919.8229,11453.8603,5289.5709,12186.6174,9097.1470,10570.5452,7915.8147,12324.9213,13100.7097,12950.9115,7253.3781,13196.3710,12197.6029,4521.6209,11241.3822,386441.4990,414874.2083,393620.1867,391396.5362,397008.6800,397353.0897,403221.3293,398056.8666,336088231.1930,336066301.5587,336099059.4877,336087800.3860,12081.6562,11749.1124,6575.9246,12940.2081,13677.2378,2214.6361,4714.0397,9828.1080,12959.2931,10752.5396,9201.9869,8498.8095,11114.2817,381803.9469,410067.4586,389005.9167,386618.5008,392242.9404,392851.0402,398684.7304,393413.4604,336094361.3852,336072432.2722,336105188.9791,336093930.4796,9055.4169,7736.9722,8327.8653,7108.0349,12008.2667,13484.5984,9961.7252,2794.7158,11807.3859,13248.9334,8516.3908,7183.2141,386379.0361,414777.0234,393508.0700,391305.8484,396832.0965,397252.0237,403198.4050,397998.8352,336087986.0327,336066056.4360,336098814.3132,336087555.4449,10724.3809,3761.7628,7444.5692,10514.9987,10166.1654,3143.6487,7022.6849,4618.9371,9688.8013,13604.0484,3569.8522,390094.5636,418352.7355,397213.0808,394906.5594,400394.4273,401041.3265,407004.8409,401712.0904,336085282.8896,336063353.7396,336096110.5850,336084852.3138,12097.4488,12521.7033,6314.9703,9992.5882,9183.3487,9234.9211,12341.0523,12993.0640,8091.9226,8259.8735,380480.8792,408807.7926,387632.0653,385346.9135,390897.8029,391428.1804,397342.2991,392098.0055,336094583.1667,336072653.7844,336105411.1531,336094152.5030,4025.7101,12286.6752,11224.1580,6601.6707,6107.1977,5273.2227,8901.2590,12683.6916,6142.6583,392419.5870,420723.5330,399553.8007,397267.7295,402786.9372,403358.1156,409298.1183,404037.5140,336082792.0579,336060862.8118,336093619.8678,336082361.4078,13635.9736,12650.0506,9865.8941,5582.0324,8329.4044,9586.4312,10818.6021,8677.9584,392760.3050,421126.5463,399912.1185,397659.2440,403216.2097,403681.6653,409593.9825,404378.0591,336082168.5049,336060239.0923,336092996.5217,336081737.7812,4550.4627,8203.7773,12551.5696,9825.5659,9471.2570,10006.5942,9799.2274,381981.8264,410221.4868,389165.4057,386777.1135,392368.2117,393021.1883,398883.6284,393592.5571,336094161.7793,336072232.7142,336104989.3226,336093730.9511,8569.2014,13462.2793,7515.6925,5624.9028,10933.1390,10992.7493,385770.0302,413987.7886,392974.5970,390548.6410,396171.0704,396846.3988,402674.5758,397377.0755,336090866.9749,336068938.0322,336101694.3381,336090436.0270,8604.3428,5288.5068,9855.9170,13473.5719,3586.5920,387491.4171,415720.4991,394613.5559,392279.9997,397769.9791,398460.4241,404417.8492,399107.4515,336088128.2678,336066199.1894,336098955.8677,336087697.6832,10246.0854,12683.7107,10490.7381,5681.1421,388487.0040,416860.0260,395603.8573,393393.4621,398896.0284,399360.3865,405325.9052,400107.4432,336085955.3097,336064025.7878,336096783.4985,336085524.7636,5883.9390,13583.1527,7632.6577,391439.7864,419667.8800,398596.6464,396226.3575,401771.6615,402452.1182,408356.0415,403052.8401,336084634.9772,336062705.9882,336095462.4314,336084204.2174,11201.5718,11782.0956,390917.9235,419172.7324,398130.9666,395726.1809,401366.9586,401981.7328,407797.1979,402525.5748,336085600.9096,336063671.9116,336096428.3357,336085169.9001,12718.9983,383909.6965,412312.8281,391120.1227,388839.7082,394498.9422,394879.0946,400698.1710,395521.2932,336091319.4419,336069389.9269,336102147.5587,336090888.5035,387102.6158,415382.9563,394207.9678,391933.3189,397403.6461,398019.5404,404003.2021,398721.7622,336087916.3473,336065987.0844,336098744.2032,336087485.8470,29130.3892,8150.9111,7288.0407,14002.5606,12538.2899,17448.9741,11622.9955,336469853.1067,336447920.6855,336480685.3792,336469424.2740,22513.0798,23492.7099,19021.9386,21039.4980,16236.6508,18031.6753,336498585.7018,336476653.4146,336509417.8219,336498157.0183,6913.7871,7829.8844,5670.1286,11981.4186,6207.1940,336476490.3906,336454557.8716,336487322.8253,336476061.7677,8572.1719,12141.7244,15589.2430,8635.3035,336475289.8515,336453357.6724,336486121.8103,336474861.0467,10987.3926,15231.5839,9716.1238,336480178.4777,336458246.2442,336491010.5582,336479749.9861,8572.1719,6597.7372,336479595.6471,336457662.8727,336490428.4261,336479167.0788,6977.7463,336486058.3824,336464125.6193,336496891.1069,336485629.5679,336481366.0098,336459433.5077,336492198.3950,336480937.2175,28442.9973,26811.2409,15070.3085,53732.8009,33991.8442,26470.9118,
