sl_100_5400_20260804 Coordinates.csv
2026/08/04 07:47:00.0000 UTC

Generated: Tue Oct  8 15:35:54 2024,
Start: 2026/08/04 07:47:00.00, Stop: 2026/08/04 09:17:00.00,
TIME_UNITS,STARLINK-1216 - X-Coordinate,STARLINK-5594 - X-Coordinate,STARLINK-30541 - X-Coordinate,STARLINK-31770 - X-Coordinate,STARLINK-1623 - X-Coordinate,STARLINK-3956 - X-Coordinate,STARLINK-2034 - X-Coordinate,STARLINK-30962 - X-Coordinate,STARLINK-6171 - X-Coordinate,STARLINK-31349 - X-Coordinate,STARLINK-31028 - X-Coordinate,STARLINK-1695 - X-Coordinate,STARLINK-30263 - X-Coordinate,STARLINK-1559 - X-Coordinate,STARLINK-5414 - X-Coordinate,STARLINK-30186 - X-Coordinate,STARLINK-3781 - X-Coordinate,STARLINK-31098 - X-Coordinate,STARLINK-30550 - X-Coordinate,STARLINK-11139 [DTC] - X-Coordinate,STARLINK-30163 - X-Coordinate,STARLINK-32022 - X-Coordinate,STARLINK-1683 - X-Coordinate,STARLINK-32267 - X-Coordinate,STARLINK-31905 - X-Coordinate,STARLINK-6239 - X-Coordinate,STARLINK-31551 - X-Coordinate,STARLINK-2304 - X-Coordinate,STARLINK-4160 - X-Coordinate,STARLINK-30920 - X-Coordinate,STARLINK-31206 - X-Coordinate,STARLINK-4381 - X-Coordinate,STARLINK-30897 - X-Coordinate,STARLINK-5545 - X-Coordinate,STARLINK-31600 - X-Coordinate,STARLINK-32130 - X-Coordinate,STARLINK-1445 - X-Coordinate,STARLINK-3331 - X-Coordinate,STARLINK-3057 - X-Coordinate,STARLINK-31146 - X-Coordinate,STARLINK-2337 - X-Coordinate,STARLINK-2431 - X-Coordinate,STARLINK-3902 - X-Coordinate,STARLINK-30239 - X-Coordinate,STARLINK-6369 - X-Coordinate,STARLINK-5062 - X-Coordinate,STARLINK-30546 - X-Coordinate,STARLINK-4793 - X-Coordinate,STARLINK-5043 - X-Coordinate,STARLINK-5058 - X-Coordinate,STARLINK-2267 - X-Coordinate,STARLINK-31162 - X-Coordinate,STARLINK-5308 - X-Coordinate,STARLINK-1654 - X-Coordinate,STARLINK-11145 [DTC] - X-Coordinate,STARLINK-4607 - X-Coordinate,STARLINK-3545 - X-Coordinate,STARLINK-5225 - X-Coordinate,STARLINK-3946 - X-Coordinate,STARLINK-31785 - X-Coordinate,STARLINK-6089 - X-Coordinate,STARLINK-3835 - X-Coordinate,STARLINK-11132 [DTC] - X-Coordinate,STARLINK-4358 - X-Coordinate,STARLINK-31557 - X-Coordinate,STARLINK-6074 - X-Coordinate,STARLINK-1816 - X-Coordinate,STARLINK-5016 - X-Coordinate,STARLINK-2108 - X-Coordinate,STARLINK-31033 - X-Coordinate,STARLINK-1305 - X-Coordinate,STARLINK-30833 - X-Coordinate,STARLINK-4618 - X-Coordinate,STARLINK-1826 - X-Coordinate,STARLINK-1755 - X-Coordinate,STARLINK-6287 - X-Coordinate,STARLINK-30210 - X-Coordinate,STARLINK-2064 - X-Coordinate,STARLINK-32075 - X-Coordinate,STARLINK-11077 [DTC] - X-Coordinate,STARLINK-4179 - X-Coordinate,STARLINK-4581 - X-Coordinate,STARLINK-30943 - X-Coordinate,STARLINK-32043 - X-Coordinate,STARLINK-31803 - X-Coordinate,STARLINK-4778 - X-Coordinate,STARLINK-5473 - X-Coordinate,STARLINK-4682 - X-Coordinate,STARLINK-11204 [DTC] - X-Coordinate,STARLINK-2565 - X-Coordinate,STARLINK-4727 - X-Coordinate,STARLINK-31971 - X-Coordinate,STARLINK-5637 - X-Coordinate,STARLINK-5029 - X-Coordinate,STARLINK-5889 - X-Coordinate,STARLINK-4462 - X-Coordinate,STARLINK-3448 - X-Coordinate,STARLINK-30147 - X-Coordinate,STARLINK-30766 - X-Coordinate,STARLINK-4370 - X-Coordinate,MoonARTEMIS1 - X-Coordinate,MoonARTEMIS2 - X-Coordinate,MoonIOAGEO - X-Coordinate,MoonIOAGNO - X-Coordinate,MoonIOAGNO 0001 - X-Coordinate,MoonIOAGSO - X-Coordinate,MoonIOAGSO 0001 - X-Coordinate,MoonLRO - X-Coordinate,MarsSat1 - X-Coordinate,MarsSat2 - X-Coordinate,MarsSat3 - X-Coordinate,MarsSat4 - X-Coordinate,Moon - X-Coordinate,Mars - X-Coordinate,STARLINK-1216 - Y-Coordinate,STARLINK-5594 - Y-Coordinate,STARLINK-30541 - Y-Coordinate,STARLINK-31770 - Y-Coordinate,STARLINK-1623 - Y-Coordinate,STARLINK-3956 - Y-Coordinate,STARLINK-2034 - Y-Coordinate,STARLINK-30962 - Y-Coordinate,STARLINK-6171 - Y-Coordinate,STARLINK-31349 - Y-Coordinate,STARLINK-31028 - Y-Coordinate,STARLINK-1695 - Y-Coordinate,STARLINK-30263 - Y-Coordinate,STARLINK-1559 - Y-Coordinate,STARLINK-5414 - Y-Coordinate,STARLINK-30186 - Y-Coordinate,STARLINK-3781 - Y-Coordinate,STARLINK-31098 - Y-Coordinate,STARLINK-30550 - Y-Coordinate,STARLINK-11139 [DTC] - Y-Coordinate,STARLINK-30163 - Y-Coordinate,STARLINK-32022 - Y-Coordinate,STARLINK-1683 - Y-Coordinate,STARLINK-32267 - Y-Coordinate,STARLINK-31905 - Y-Coordinate,STARLINK-6239 - Y-Coordinate,STARLINK-31551 - Y-Coordinate,STARLINK-2304 - Y-Coordinate,STARLINK-4160 - Y-Coordinate,STARLINK-30920 - Y-Coordinate,STARLINK-31206 - Y-Coordinate,STARLINK-4381 - Y-Coordinate,STARLINK-30897 - Y-Coordinate,STARLINK-5545 - Y-Coordinate,STARLINK-31600 - Y-Coordinate,STARLINK-32130 - Y-Coordinate,STARLINK-1445 - Y-Coordinate,STARLINK-3331 - Y-Coordinate,STARLINK-3057 - Y-Coordinate,STARLINK-31146 - Y-Coordinate,STARLINK-2337 - Y-Coordinate,STARLINK-2431 - Y-Coordinate,STARLINK-3902 - Y-Coordinate,STARLINK-30239 - Y-Coordinate,STARLINK-6369 - Y-Coordinate,STARLINK-5062 - Y-Coordinate,STARLINK-30546 - Y-Coordinate,STARLINK-4793 - Y-Coordinate,STARLINK-5043 - Y-Coordinate,STARLINK-5058 - Y-Coordinate,STARLINK-2267 - Y-Coordinate,STARLINK-31162 - Y-Coordinate,STARLINK-5308 - Y-Coordinate,STARLINK-1654 - Y-Coordinate,STARLINK-11145 [DTC] - Y-Coordinate,STARLINK-4607 - Y-Coordinate,STARLINK-3545 - Y-Coordinate,STARLINK-5225 - Y-Coordinate,STARLINK-3946 - Y-Coordinate,STARLINK-31785 - Y-Coordinate,STARLINK-6089 - Y-Coordinate,STARLINK-3835 - Y-Coordinate,STARLINK-11132 [DTC] - Y-Coordinate,STARLINK-4358 - Y-Coordinate,STARLINK-31557 - Y-Coordinate,STARLINK-6074 - Y-Coordinate,STARLINK-1816 - Y-Coordinate,STARLINK-5016 - Y-Coordinate,STARLINK-2108 - Y-Coordinate,STARLINK-31033 - Y-Coordinate,STARLINK-1305 - Y-Coordinate,STARLINK-30833 - Y-Coordinate,STARLINK-4618 - Y-Coordinate,STARLINK-1826 - Y-Coordinate,STARLINK-1755 - Y-Coordinate,STARLINK-6287 - Y-Coordinate,STARLINK-30210 - Y-Coordinate,STARLINK-2064 - Y-Coordinate,STARLINK-32075 - Y-Coordinate,STARLINK-11077 [DTC] - Y-Coordinate,STARLINK-4179 - Y-Coordinate,STARLINK-4581 - Y-Coordinate,STARLINK-30943 - Y-Coordinate,STARLINK-32043 - Y-Coordinate,STARLINK-31803 - Y-Coordinate,STARLINK-4778 - Y-Coordinate,STARLINK-5473 - Y-Coordinate,STARLINK-4682 - Y-Coordinate,STARLINK-11204 [DTC] - Y-Coordinate,STARLINK-2565 - Y-Coordinate,STARLINK-4727 - Y-Coordinate,STARLINK-31971 - Y-Coordinate,STARLINK-5637 - Y-Coordinate,STARLINK-5029 - Y-Coordinate,STARLINK-5889 - Y-Coordinate,STARLINK-4462 - Y-Coordinate,STARLINK-3448 - Y-Coordinate,STARLINK-30147 - Y-Coordinate,STARLINK-30766 - Y-Coordinate,STARLINK-4370 - Y-Coordinate,MoonARTEMIS1 - Y-Coordinate,MoonARTEMIS2 - Y-Coordinate,MoonIOAGEO - Y-Coordinate,MoonIOAGNO - Y-Coordinate,MoonIOAGNO 0001 - Y-Coordinate,MoonIOAGSO - Y-Coordinate,MoonIOAGSO 0001 - Y-Coordinate,MoonLRO - Y-Coordinate,MarsSat1 - Y-Coordinate,MarsSat2 - Y-Coordinate,MarsSat3 - Y-Coordinate,MarsSat4 - Y-Coordinate,Moon - Y-Coordinate,Mars - Y-Coordinate,STARLINK-1216 - Z-Coordinate,STARLINK-5594 - Z-Coordinate,STARLINK-30541 - Z-Coordinate,STARLINK-31770 - Z-Coordinate,STARLINK-1623 - Z-Coordinate,STARLINK-3956 - Z-Coordinate,STARLINK-2034 - Z-Coordinate,STARLINK-30962 - Z-Coordinate,STARLINK-6171 - Z-Coordinate,STARLINK-31349 - Z-Coordinate,STARLINK-31028 - Z-Coordinate,STARLINK-1695 - Z-Coordinate,STARLINK-30263 - Z-Coordinate,STARLINK-1559 - Z-Coordinate,STARLINK-5414 - Z-Coordinate,STARLINK-30186 - Z-Coordinate,STARLINK-3781 - Z-Coordinate,STARLINK-31098 - Z-Coordinate,STARLINK-30550 - Z-Coordinate,STARLINK-11139 [DTC] - Z-Coordinate,STARLINK-30163 - Z-Coordinate,STARLINK-32022 - Z-Coordinate,STARLINK-1683 - Z-Coordinate,STARLINK-32267 - Z-Coordinate,STARLINK-31905 - Z-Coordinate,STARLINK-6239 - Z-Coordinate,STARLINK-31551 - Z-Coordinate,STARLINK-2304 - Z-Coordinate,STARLINK-4160 - Z-Coordinate,STARLINK-30920 - Z-Coordinate,STARLINK-31206 - Z-Coordinate,STARLINK-4381 - Z-Coordinate,STARLINK-30897 - Z-Coordinate,STARLINK-5545 - Z-Coordinate,STARLINK-31600 - Z-Coordinate,STARLINK-32130 - Z-Coordinate,STARLINK-1445 - Z-Coordinate,STARLINK-3331 - Z-Coordinate,STARLINK-3057 - Z-Coordinate,STARLINK-31146 - Z-Coordinate,STARLINK-2337 - Z-Coordinate,STARLINK-2431 - Z-Coordinate,STARLINK-3902 - Z-Coordinate,STARLINK-30239 - Z-Coordinate,STARLINK-6369 - Z-Coordinate,STARLINK-5062 - Z-Coordinate,STARLINK-30546 - Z-Coordinate,STARLINK-4793 - Z-Coordinate,STARLINK-5043 - Z-Coordinate,STARLINK-5058 - Z-Coordinate,STARLINK-2267 - Z-Coordinate,STARLINK-31162 - Z-Coordinate,STARLINK-5308 - Z-Coordinate,STARLINK-1654 - Z-Coordinate,STARLINK-11145 [DTC] - Z-Coordinate,STARLINK-4607 - Z-Coordinate,STARLINK-3545 - Z-Coordinate,STARLINK-5225 - Z-Coordinate,STARLINK-3946 - Z-Coordinate,STARLINK-31785 - Z-Coordinate,STARLINK-6089 - Z-Coordinate,STARLINK-3835 - Z-Coordinate,STARLINK-11132 [DTC] - Z-Coordinate,STARLINK-4358 - Z-Coordinate,STARLINK-31557 - Z-Coordinate,STARLINK-6074 - Z-Coordinate,STARLINK-1816 - Z-Coordinate,STARLINK-5016 - Z-Coordinate,STARLINK-2108 - Z-Coordinate,STARLINK-31033 - Z-Coordinate,STARLINK-1305 - Z-Coordinate,STARLINK-30833 - Z-Coordinate,STARLINK-4618 - Z-Coordinate,STARLINK-1826 - Z-Coordinate,STARLINK-1755 - Z-Coordinate,STARLINK-6287 - Z-Coordinate,STARLINK-30210 - Z-Coordinate,STARLINK-2064 - Z-Coordinate,STARLINK-32075 - Z-Coordinate,STARLINK-11077 [DTC] - Z-Coordinate,STARLINK-4179 - Z-Coordinate,STARLINK-4581 - Z-Coordinate,STARLINK-30943 - Z-Coordinate,STARLINK-32043 - Z-Coordinate,STARLINK-31803 - Z-Coordinate,STARLINK-4778 - Z-Coordinate,STARLINK-5473 - Z-Coordinate,STARLINK-4682 - Z-Coordinate,STARLINK-11204 [DTC] - Z-Coordinate,STARLINK-2565 - Z-Coordinate,STARLINK-4727 - Z-Coordinate,STARLINK-31971 - Z-Coordinate,STARLINK-5637 - Z-Coordinate,STARLINK-5029 - Z-Coordinate,STARLINK-5889 - Z-Coordinate,STARLINK-4462 - Z-Coordinate,STARLINK-3448 - Z-Coordinate,STARLINK-30147 - Z-Coordinate,STARLINK-30766 - Z-Coordinate,STARLINK-4370 - Z-Coordinate,MoonARTEMIS1 - Z-Coordinate,MoonARTEMIS2 - Z-Coordinate,MoonIOAGEO - Z-Coordinate,MoonIOAGNO - Z-Coordinate,MoonIOAGNO 0001 - Z-Coordinate,MoonIOAGSO - Z-Coordinate,MoonIOAGSO 0001 - Z-Coordinate,MoonLRO - Z-Coordinate,MarsSat1 - Z-Coordinate,MarsSat2 - Z-Coordinate,MarsSat3 - Z-Coordinate,MarsSat4 - Z-Coordinate,Moon - Z-Coordinate,Mars - Z-Coordinate,
SECONDS,km,km,km,km,km,km,km,km,km,km,km,km,km,km,km,km,km,km,km,km,km,km,km,km,km,km,km,km,km,km,km,km,km,km,km,km,km,km,km,km,km,km,km,km,km,km,km,km,km,km,km,km,km,km,km,km,km,km,km,km,km,km,km,km,km,km,km,km,km,km,km,km,km,km,km,km,km,km,km,km,km,km,km,km,km,km,km,km,km,km,km,km,km,km,km,km,km,km,km,km,km,km,km,km,km,km,km,km,km,km,km,km,km,km,km,km,km,km,km,km,km,km,km,km,km,km,km,km,km,km,km,km,km,km,km,km,km,km,km,km,km,km,km,km,km,km,km,km,km,km,km,km,km,km,km,km,km,km,km,km,km,km,km,km,km,km,km,km,km,km,km,km,km,km,km,km,km,km,km,km,km,km,km,km,km,km,km,km,km,km,km,km,km,km,km,km,km,km,km,km,km,km,km,km,km,km,km,km,km,km,km,km,km,km,km,km,km,km,km,km,km,km,km,km,km,km,km,km,km,km,km,km,km,km,km,km,km,km,km,km,km,km,km,km,km,km,km,km,km,km,km,km,km,km,km,km,km,km,km,km,km,km,km,km,km,km,km,km,km,km,km,km,km,km,km,km,km,km,km,km,km,km,km,km,km,km,km,km,km,km,km,km,km,km,km,km,km,km,km,km,km,km,km,km,km,km,km,km,km,km,km,km,km,km,km,km,km,km,km,km,km,km,km,km,km,km,km,km,km,km,km,km,km,km,km,km,km,km,km,km,km,km,
0.000,-5079.2779,5016.9152,-5758.7396,5142.4779,3346.7866,-3949.0128,-2455.0083,1184.1271,2588.3029,-3048.8438,-3429.1392,6066.2890,-1447.7755,4270.0736,4895.5388,-4813.7908,-1050.3738,353.7329,1200.1853,4415.0520,-88.3338,-4243.6713,-2532.6315,2893.4146,2446.6739,6609.1364,6015.1466,3097.9383,-888.7801,150.6112,2929.5473,5884.2979,689.8829,-1747.4815,-5561.8192,-912.6911,-4168.1736,6056.3595,2705.5482,-5177.4261,6596.9642,-4143.9648,4879.8572,-18.9886,-1507.7604,-1707.7215,-2372.7874,-4652.0721,-4803.0375,-6162.9074,-2488.7178,-2722.1593,563.1181,3127.7212,6215.0758,-1799.9729,-2231.8731,-1706.4265,5076.8591,-4160.1401,6428.6822,-5268.5346,-2760.8523,4374.4655,0.0000,-5055.9150,5933.3958,3404.6357,0.0000,4220.4971,-5428.7078,2991.7645,-4881.6637,556.1011,-5358.8655,-5494.5642,-2124.1582,2318.6742,3817.6110,2105.2902,-1861.4852,4621.2156,5375.0225,-3658.8864,-1442.9604,3615.2192,-2250.8424,0.0000,-6401.9109,5323.4561,-4991.9596,-5187.8879,-3152.2604,3409.8466,-619.2587,4248.2424,4386.3073,1640.3953,6101.5763,-3557.3523,-234390.9314,-208164.4026,-223633.2366,-226405.0463,-217803.1224,-220610.7045,-221616.2312,-222537.0314,-262613148.1411,-262555641.6268,-262591540.9215,-262601282.2021,-222807.8888,-262599208.9678,4496.1903,2868.0436,599.3347,4073.7339,-4512.7488,-3496.8895,5714.0948,-6551.0556,6384.7288,-5030.8880,3752.4139,1086.4575,5653.0304,-4704.7460,-3224.5911,3272.3366,-5213.5820,-6920.7428,6710.0355,2510.0327,-5118.2881,-538.9784,-6215.5861,-5955.8407,-6366.1069,-2098.0613,-3216.9385,2761.4952,-4844.5825,5548.8727,-6141.1781,-2747.2385,5072.3443,4231.0751,620.9156,4971.2729,-2933.7937,3141.6406,2411.8922,-37.6981,-1042.1784,-2521.1926,1194.1183,-6294.5532,-5620.1379,-6650.7862,4903.5348,1541.5720,-54.8863,-2806.6484,-3519.2921,4198.0527,4588.3453,4124.2939,-1423.4834,6673.2650,-3898.2471,-5723.4198,814.9642,525.5768,2000.2143,-855.1741,-5943.4470,-3049.8560,0.0000,-903.7832,-3231.5738,-4060.6722,0.0000,-696.5256,-523.6076,-4015.7173,3770.9392,-4392.9544,-243.5398,3699.1695,-5226.5858,-4671.5677,3545.3629,3826.7579,3757.4106,1288.5127,-4373.0720,5231.5847,4906.6190,-3037.9606,-977.8406,0.0000,1084.1649,-2545.1722,908.5128,-4473.2147,-1122.3444,6001.8569,-2334.5285,-1832.4056,-2638.6983,-5319.8094,-1239.1411,2664.5607,-308281.4283,-297173.5982,-304948.3239,-303400.5727,-303558.4846,-303330.8358,-294977.6740,-300670.1574,71572770.1267,71582798.0052,71568871.6952,71556372.4542,-298893.4688,71562651.6876,1383.2612,-3871.5242,3797.9929,-1868.8204,3823.7285,-4467.6871,3029.2762,1913.4684,-776.6987,-3433.1415,4708.3012,-3118.3791,3736.3998,2688.8579,-3655.5361,-3747.0695,-4349.4717,-157.5632,-287.1779,4424.9443,4769.5838,5304.4385,-1508.2090,1642.9462,208.2470,-98.8671,-233.5505,-5513.3767,-4827.1194,3982.5953,-52.5175,2442.7643,-4643.5665,5222.3174,3896.2188,-4574.2492,-4574.7925,-1098.1644,-5939.7343,-4601.6362,-1035.6194,4916.1754,4739.8066,-2894.6462,-3763.4150,-1071.2699,4325.9689,4845.5841,4966.0731,1472.1085,5389.5724,4662.1128,5180.3872,4562.0756,2191.8061,-378.2985,-5257.6612,-3443.5184,4615.3904,5350.8375,1621.3835,-4390.8412,1544.3708,-4438.7773,0.0000,-4664.0071,-1462.2547,-4469.6959,0.0000,-5449.2680,-4241.1735,4679.2597,3093.0679,5307.6211,-4379.0724,1989.6581,-4026.1536,-4529.3940,4404.9990,-5107.3475,-5497.2874,4966.5692,-277.4693,-2320.9863,4566.2167,-5046.3271,-6503.7447,0.0000,-1300.0431,3523.5827,4692.4190,-388.5846,-6092.8177,-54.2361,6511.2236,-5146.0684,-4503.4021,4082.0859,-3063.5550,5325.4444,76117.9830,72964.5551,73811.2969,79142.8304,79360.2321,68872.7262,67061.9530,74576.0783,118305403.1695,118288808.6262,118274638.5416,118302396.1434,74433.0750,118294416.9414,
300.000,-3741.5565,6133.4180,-5895.3445,6167.8541,1419.9484,-4198.0608,-777.1471,-491.1513,3794.7834,-4725.7266,-1789.5896,5282.0757,221.6411,3531.4812,3148.1367,-3064.7016,-2434.1049,-855.6663,2316.7292,5804.6563,-2203.7947,-4823.1504,-3417.1263,1420.9540,898.2364,5818.8869,5044.1709,4396.3544,-2457.8656,1692.4111,1414.3909,5039.9778,2768.8198,-104.3183,-4500.7637,997.4363,-5663.7081,6561.2128,4559.8851,-5836.3659,6323.0586,-5594.2223,5911.3916,-1696.5625,-3059.0300,-2157.8296,-718.1609,-4689.0893,-3789.7281,-6785.8526,-4332.6208,-792.9480,1722.7259,4846.4385,5033.4193,-527.6858,-4155.8499,-3201.4689,4235.9203,-3297.2312,6905.0298,-6163.2318,-3919.4448,5588.7773,0.0000,-5429.1630,5378.1892,1423.9855,0.0000,4114.5402,-4441.4600,915.9280,-4404.9153,-1547.5947,-4293.7599,-4000.1708,-3575.1918,300.7118,5407.9332,4061.5346,246.2617,5685.2600,4220.3511,-2048.7072,546.5066,2866.7630,-2549.5553,0.0000,-5479.6091,5187.5946,-5322.5019,-5847.0212,-4810.5634,4274.0882,-2760.3898,3988.9115,4080.3235,-442.0067,4916.8219,-5058.3013,-227668.5989,-201915.9942,-217361.0001,-220013.5057,-211384.8062,-214166.1144,-215259.0083,-216000.6116,-264110507.7400,-264053522.1174,-264089519.5127,-264098049.5372,-216419.9017,-264096649.7629,4966.0194,2615.6702,2446.2480,2887.6828,-4503.3583,-1493.6605,5310.7605,-6118.7727,5354.5585,-4380.1287,5102.2729,-471.7802,6419.2454,-5847.7674,-3840.2767,4303.9085,-3758.3760,-6678.5115,6076.0761,1372.6375,-4886.3238,1455.5936,-5073.5308,-5814.4380,-6536.2003,-3411.1129,-4403.3546,1037.5981,-3459.2120,6119.7892,-6465.3942,-1872.7635,4796.8413,3120.3685,2418.0343,4171.7129,-1921.5145,2041.3618,2247.0203,1622.9109,-2244.1078,-1299.7516,-323.6813,-5437.8565,-4308.6965,-5843.3968,5985.1978,3415.0214,1803.0148,-1414.3641,-2566.5140,5164.9487,5664.2724,3630.8037,-2501.9836,6561.4722,-3327.0312,-5816.0372,-1055.4892,2547.6077,541.2966,624.3433,-5470.4065,-3252.9757,0.0000,1156.7728,-4326.7967,-4867.7779,0.0000,-2778.6935,1188.4821,-4173.6763,5115.7863,-3867.5338,1448.3314,4597.6415,-3744.0388,-4411.7280,2784.6230,3266.1131,4293.4158,-296.0644,-5354.2878,5230.5963,5553.0812,-4819.0454,1204.4734,0.0000,2213.9203,-4065.3337,2697.5771,-3055.3213,-136.5198,5098.9882,-2069.7692,-3778.7364,-4402.3472,-5108.2108,-2736.7103,3047.9203,-313143.7281,-301564.4588,-309549.3001,-307952.8415,-308171.5062,-307953.7429,-299654.5828,-305156.8855,65822533.7032,65833497.9222,65818839.3808,65806005.8292,-303502.0901,65812429.4343,3039.6107,-1977.5085,2688.7154,-357.0085,4885.3970,-5284.8563,4361.3213,3204.9449,-2239.3959,-2204.6401,4333.1609,-4425.8238,2603.7299,980.7062,-4803.4359,-4473.6190,-5210.9709,1639.3091,-2070.3312,3134.0681,4498.9831,4590.7203,-3149.5494,3268.6288,1730.8055,-1618.0583,1313.2653,-5216.4165,-5436.3835,2528.2213,-1587.1751,4381.1026,-4133.8897,6201.9672,4514.5539,-5298.6891,-3336.1988,718.6192,-4750.7348,-3357.9763,797.1041,3839.2417,3561.1148,-3945.0351,-4484.1874,-3083.5381,3473.4863,3724.6809,5487.4196,-55.9611,4720.9084,4412.4768,3631.6885,3311.1960,3718.5719,-2145.2916,-4413.0093,-1853.7103,5354.3322,5371.3015,101.5913,-3063.1454,-281.8174,-2511.7675,0.0000,-4161.4439,341.8274,-4726.5842,0.0000,-4830.9287,-5157.1263,5357.2468,1439.7406,5515.8345,-5236.4719,3265.9489,-4609.3516,-5306.8893,3095.1838,-4241.8434,-5413.5126,3911.1990,1259.4891,-3821.3510,3986.4423,-4039.2248,-6353.2948,0.0000,-2990.0703,1955.6583,3490.6719,-1894.1896,-5015.2295,-1844.9078,6028.3852,-4206.0413,-3231.7593,4620.7889,-4061.6922,3643.9152,76215.4065,73085.2517,74038.8152,79129.2923,79608.6872,69207.6809,67048.6039,75170.0066,118305261.0702,118288351.8128,118274361.2126,118302404.4188,74562.8988,118294159.6833,
600.000,-2014.6905,6620.2508,-5478.8057,6562.2968,-676.3115,-4089.4434,1012.2048,-2145.6737,4654.6872,-5910.5277,-8.7045,3999.3186,1847.3077,2449.2142,1083.1464,-1026.0149,-3624.2705,-1998.9868,3216.7163,6575.0964,-4110.9983,-4947.8588,-3991.6251,-228.9203,-757.4555,4461.3068,3552.9357,5299.0960,-3829.8193,3034.9680,-259.9326,3620.0321,4572.5617,1604.0490,-3011.8770,2839.8344,-6583.0222,6413.6601,5946.5596,-5942.1373,5370.7378,-6499.6333,6373.5631,-3242.3817,-4351.4958,-2428.9060,976.7591,-4293.8571,-2448.8934,-6750.5566,-5757.1705,1192.1524,2665.3893,6072.1668,3312.6328,819.9310,-5666.5624,-4358.5787,3021.7681,-2147.1628,6709.9186,-6459.5409,-4657.2195,6210.6254,0.0000,-5314.7776,4284.0179,-681.7136,0.0000,3656.1849,-3051.8746,-1261.4574,-3501.0201,-3515.9747,-2843.9067,-2107.6030,-4719.1293,-1769.2440,6435.0196,5575.9643,2312.2555,6206.9242,2648.6233,-196.1614,2459.2024,1878.6012,-2673.1573,0.0000,-3934.9818,4543.3538,-5154.8478,-5934.5121,-6004.8242,4729.1595,-4625.3877,3380.6294,3385.5636,-2496.2014,3272.2852,-6032.1604,-220844.0667,-195576.8286,-210992.5996,-213526.9357,-204872.2968,-207627.2393,-208803.7862,-209407.7635,-265481969.8152,-265425526.2102,-265461607.7297,-265468910.3045,-209936.6796,-265468193.2050,4972.5899,2122.9190,4038.5293,1410.0531,-4075.0755,666.1932,4415.6832,-5107.0821,3800.7206,-3300.8668,5984.7091,-2024.6807,6574.6904,-6400.1330,-4127.9227,4959.8619,-1950.3093,-5776.6237,4809.0649,123.7565,-4237.8759,3272.3277,-3411.9780,-5092.7169,-6046.7245,-4408.9833,-5152.4960,-749.6131,-1765.9113,6074.9827,-6132.8443,-849.3610,4092.4594,1754.3009,4001.3658,2989.5034,-750.4210,729.5097,1917.3187,3093.8673,-3215.1989,9.5877,-1774.0526,-4073.4740,-2601.8755,-4435.6402,6511.0952,4927.5311,3519.4041,115.6075,-1409.5100,5646.8997,6188.0082,2810.8888,-3355.0104,5806.5691,-2475.2596,-5337.5056,-2857.9039,4327.5228,-969.2174,2010.7853,-4404.4679,-3070.8205,0.0000,3089.1170,-4993.4734,-5248.0305,0.0000,-4577.8150,2825.3444,-3966.8979,5939.6579,-3017.8509,3041.2402,5077.9133,-1920.8919,-3768.7548,1771.1535,2401.1112,4462.1025,-1814.1504,-5825.7069,4715.5621,5675.7953,-6121.6613,3251.0696,0.0000,3128.2006,-5159.3413,4194.1290,-1318.9302,801.2132,3676.0841,-1674.8136,-5340.6995,-5696.1914,-4438.1440,-4006.6149,3054.3947,-317858.0316,-305824.3234,-314010.1565,-312365.5371,-312645.5851,-312434.7692,-304197.1375,-309380.1929,60041030.2592,60052916.6618,60037513.2825,60024416.0626,-307974.1684,60030936.3370,4369.1087,126.1758,1290.8452,1194.9396,5393.4169,-5533.1507,5223.9992,4152.3896,-3462.5565,-727.2741,3494.2868,-5255.2402,1192.1482,-833.9339,-5433.0949,-4720.2497,-5501.2563,3260.4056,-3621.2252,1478.2578,3760.6206,3361.2637,-4446.2771,4527.1838,3058.8078,-2964.2680,2712.5865,-4354.9466,-5456.5254,791.4774,-2942.2866,5851.9572,-3178.3072,6523.7682,4626.1011,-5428.7759,-1727.5812,2457.6166,-3059.8367,-1754.1745,2537.6734,2347.5295,1997.6584,-4573.0411,-4725.4120,-4768.4653,2253.3808,2198.7946,5417.1867,-1578.0551,3541.4965,3672.0215,1696.7921,1701.3950,4812.9224,-3681.7227,-3093.2460,-62.0189,5515.9503,4784.3161,-1429.1308,-1404.6467,-2075.1471,-316.5041,0.0000,-3215.0652,2108.9265,-4478.6652,0.0000,-3695.5380,-5517.0038,5443.5510,-369.7928,5130.4013,-5533.1278,4190.0899,-4699.9250,-5511.9590,1438.4283,-2879.0850,-4747.4069,2433.0832,2661.5513,-4887.9136,2966.3830,-2596.2881,-5531.2245,0.0000,-4313.7740,173.0428,1912.4464,-3190.8579,-3406.3724,-3435.6469,4906.5742,-2814.0068,-1596.7722,4659.4396,-4627.0161,1573.8621,76312.5599,73206.1033,74267.2814,79110.5657,79853.4940,69548.6114,67040.5634,75719.2148,118305113.7171,118287894.9634,118274090.8173,118302385.3809,74692.6725,118293902.1911,
900.000,-63.2198,6435.3646,-4539.1767,6290.9852,-2723.2701,-3637.0549,2741.2667,-3626.2073,5097.0035,-6486.2219,1746.7063,2352.6514,3283.5102,1113.2960,-1092.8627,1102.7861,-4502.8108,-2981.4290,3825.3179,6639.5224,-5630.0976,-4591.8655,-4213.4682,-1895.7111,-2363.2156,2665.5518,1687.1950,5707.3416,-4866.7031,4056.5465,-1933.1447,1771.6869,5924.7785,3205.7835,-1248.3115,4423.2903,-6828.3650,5636.3242,6725.7547,-5471.2818,3837.3315,-6764.1903,6210.7921,-4511.6232,-5261.7228,-2516.0290,2559.3872,-3489.9144,-914.1377,-6064.5926,-6615.7045,3036.2261,3317.0888,6685.7683,1240.0675,2125.5055,-6612.2334,-5076.2987,1557.5818,-824.2648,5864.2003,-6117.8913,-4913.1257,6157.1902,0.0000,-4714.6176,2748.3934,-2708.6309,0.0000,2877.2868,-1402.1259,-3317.0403,-2243.1929,-5151.0130,-1155.8835,-0.4471,-5445.6722,-3684.7849,6793.7382,6482.6576,4132.1166,6124.0291,803.8795,1710.8698,4108.7249,732.4594,-2597.7812,0.0000,-1945.6223,3440.3377,-4490.9746,-5452.2746,-6604.3102,4746.6377,-6022.7019,2467.5409,2355.6024,-4320.0208,1329.7915,-6359.6955,-213920.6131,-189149.6743,-204530.9477,-206948.1721,-198268.5137,-200997.4162,-202253.3623,-202774.0444,-266726882.9411,-266671002.0539,-266707153.0702,-266713217.0236,-203361.1415,-266713187.7032,4528.9405,1412.9446,5230.0152,-222.5441,-3278.9305,2767.1263,3125.9505,-3619.6953,1872.1232,-1889.5588,6308.1898,-3424.7678,6097.7500,-6315.8927,-4066.4763,5178.8502,24.7251,-4306.3102,3040.0227,-1121.1789,-3226.8687,4728.8274,-1397.5945,-3875.7634,-4953.5300,-5008.3393,-5400.3519,-2427.4110,64.7126,5408.2147,-5185.3057,192.4549,3018.2421,275.9632,5209.7887,1549.2825,477.9672,-680.9959,1433.4317,4242.6979,-3871.4854,1292.2965,-3027.4545,-2337.9623,-667.0530,-2568.8741,6424.2086,5933.9978,4921.9341,1649.1065,-150.9564,5588.5945,6092.8962,1728.5863,-3903.7168,4490.8102,-1412.1617,-4321.9161,-4412.9653,5675.2503,-2399.2696,3182.1754,-2850.2645,-2549.9489,0.0000,4709.5178,-5181.3408,-5161.9592,0.0000,-5916.6219,4226.3219,-3417.6954,6171.2276,-1924.4188,4379.5183,5102.1157,65.1449,-2809.3978,590.8258,1309.0024,4238.6270,-3127.8218,-5752.2295,3751.9100,5253.9068,-6813.8080,4954.7523,0.0000,3739.7816,-5729.2852,5259.5276,570.4123,1615.1931,1868.3653,-1174.8198,-6364.9428,-6390.5424,-3375.9555,-4931.4241,2708.8830,-322422.1332,-309951.3535,-318328.9026,-316636.4665,-316978.9005,-316771.7165,-308603.1511,-313359.5843,54231015.8646,54243809.7855,54227649.1649,54214358.7542,-312307.7376,54220928.4620,5229.0679,2216.4373,-245.5863,2612.3387,5290.4677,-5186.0340,5524.8214,4654.2019,-4315.8360,832.2727,2281.2902,-5517.6646,-347.1417,-2558.1410,-5477.0857,-4460.7235,-5188.7350,4532.0161,-4766.5473,-349.7194,2631.2836,1754.0247,-5257.2552,5277.5416,4042.9704,-3993.9715,3807.2548,-3021.5616,-4885.3460,-1033.6629,-3964.9875,6699.0566,-1879.5041,6153.9241,4218.3850,-4950.0230,72.9448,3930.6361,-1045.0224,38.0406,3984.8937,602.1171,218.2922,-4711.8751,-4461.5059,-5948.0952,794.7206,433.7446,4762.9647,-2931.2366,1978.7538,2522.9796,-418.6192,-92.8636,5347.8663,-4823.0400,-1439.9237,1736.4093,5082.9324,3656.0431,-2806.5478,405.7581,-3626.6457,1912.5823,0.0000,-1925.4330,3647.9304,-3752.2929,0.0000,-2164.0224,-5282.2874,4928.7409,-2139.2576,4192.7175,-5237.4850,4662.5590,-4288.3005,-5122.6351,-379.5720,-1178.2260,-3570.0772,691.8803,3778.5396,-5400.4597,1618.7163,-872.7543,-4123.5871,0.0000,-5109.9509,-1628.5865,127.8982,-4136.1685,-1435.9368,-4654.5906,3264.2919,-1119.0759,218.0127,4193.8440,-4699.7229,-664.0639,76409.4431,73327.1159,74496.5075,79086.5435,80094.6806,69895.5992,67037.7661,76193.7033,118304961.0604,118287438.0846,118273827.4684,118302339.6135,74822.3963,118293644.4648,
1200.000,1923.1107,5606.6334,-3157.0041,5387.5643,-4504.8807,-2881.8248,4239.8441,-4792.5933,5087.7878,-6399.3087,3315.2706,508.9101,4404.4810,-359.6509,-3162.0433,3114.6004,-4976.7624,-3720.2576,4093.4641,5988.3419,-6618.2923,-3776.0022,-4070.1009,-3412.4632,-3763.7044,603.9423,-367.1582,5567.8417,-5458.4888,4670.2576,-3442.4076,-307.3060,6693.7907,4533.8541,612.5231,5579.0844,-6371.9946,4314.6300,6820.6498,-4457.1533,1884.1751,-6356.1191,5429.7662,-5382.1105,-5698.8000,-2426.4040,3890.2017,-2340.0088,667.1718,-4798.9398,-6817.8571,4559.1259,3636.2978,6631.0855,-959.4233,3271.7585,-6897.8637,-5298.2253,-14.2210,544.9899,4452.5384,-5162.7947,-4676.5448,5420.8894,0.0000,-3674.7094,915.3178,-4461.8449,0.0000,1837.2609,344.6959,-5039.1662,-740.9929,-6286.1857,605.0275,2115.6260,-5680.3761,-5252.3178,6449.7994,6682.3605,5527.4720,5434.1087,-1141.1468,3475.1209,5337.5192,-477.0045,-2312.0352,0.0000,260.9741,1975.2543,-3381.2474,-4456.7136,-6537.9084,4338.4018,-6808.6314,1321.1892,1077.6910,-5732.2896,-722.2767,-5992.7176,-206901.5655,-182637.3374,-197978.9994,-200280.0775,-191576.4171,-194280.0548,-195610.5874,-196110.2119,-267844656.0179,-267789358.1104,-267825563.3415,-267830382.3063,-196696.2471,-267831041.9924,3688.4053,531.7817,5915.1315,-1855.9591,-2197.6090,4598.5666,1573.0776,-1804.5085,-245.4019,-276.6534,6033.4778,-4534.3936,5028.4709,-5613.5968,-3662.6046,4936.8001,1967.4362,-2415.5290,952.4780,-2249.3724,-1937.5761,5683.0691,766.5668,-2296.5946,-3373.2054,-5161.7229,-5131.7665,-3837.5777,1852.6837,4178.0641,-3726.2683,1127.9984,1666.3374,-1167.3163,5916.6325,-3.6796,1658.1460,-2064.2921,817.7174,4970.8716,-4159.7221,2439.4959,-3976.6624,-400.9937,1309.0967,-432.1077,5725.8384,6342.3538,5865.5095,3050.2638,1100.6203,4986.1951,5375.6276,472.4808,-4095.3478,2750.7154,-224.5561,-2858.5948,-5561.8852,6443.7966,-3623.4528,4039.7522,-967.0690,-1775.2919,0.0000,5865.7907,-4886.5965,-4610.4908,0.0000,-6664.3022,5249.0580,-2576.2432,5799.4440,-685.8017,5327.4159,4672.6461,2023.2020,-1625.2106,-654.9305,88.1638,3631.4809,-4122.5818,-5149.9524,2446.5653,4318.9971,-6825.0213,6144.2804,0.0000,3989.4560,-5731.6700,5800.4421,2429.8563,2246.8994,-148.4582,-598.7514,-6752.7780,-6419.7225,-2021.6572,-5422.3883,2077.5070,-326833.8990,-313943.7697,-322503.6149,-320763.4760,-321169.6869,-320962.4412,-312870.5027,-317121.9181,48395260.1266,48408946.4059,48392016.3716,48378602.8138,-316500.8943,48385175.4200,5527.4211,4071.3295,-1755.6937,3735.5765,4588.1919,-4280.5296,5231.6358,4656.5945,-4708.6217,2297.6530,823.9681,-5184.9596,-1849.2908,-4005.2565,-4930.6611,-3722.7322,-4307.3223,5318.1471,-5378.8534,-2137.0343,1228.3859,-50.3788,-5494.5217,5435.8037,4572.7693,-4597.7642,4474.4487,-1360.2037,-3784.2565,-2743.5483,-4540.3063,6832.7358,-377.4865,5131.5096,3337.0989,-3915.6497,1865.3286,4978.4855,1080.5784,1826.1406,4971.6993,-1208.3711,-1584.6815,-4346.8275,-3720.5400,-6498.4051,-748.0695,-1378.4936,3595.0913,-3971.0622,201.7776,1093.1279,-2489.5501,-1877.0875,5261.3895,-5447.4744,368.8896,3345.3849,4101.8186,2113.9107,-3883.2721,2172.2097,-4756.2991,3936.9400,0.0000,-429.9891,4792.5411,-2624.7154,0.0000,-400.1876,-4478.0192,3869.5270,-3677.0781,2803.5193,-4380.8700,4632.5144,-3418.2340,-4180.5322,-2155.0968,661.2038,-2007.6997,-1124.1420,4490.8922,-5301.3967,92.3469,945.2157,-2278.5276,0.0000,-5282.0662,-3251.7243,-1670.4663,-4626.7454,687.1666,-5370.5566,1275.4867,696.4651,2008.1911,3274.2638,-4272.1852,-2831.2583,76506.0560,73448.2956,74726.3038,79057.1150,80332.2742,70248.7249,67040.1496,76569.2889,118304803.0526,118286981.1828,118273571.2791,118302267.7383,74952.0698,118293386.5044,
1500.000,3747.9663,4227.8645,-1456.4948,3949.8107,-5830.6141,-1888.2668,5356.0601,-5530.9419,4632.1650,-5664.9025,4556.0010,-1349.6423,5115.3221,-1836.5274,-4916.7947,4814.6351,-4988.1234,-4151.3750,4000.9883,4690.5178,-6983.5233,-2567.7071,-3578.9546,-4622.4653,-4820.4175,-1524.8205,-2402.9042,4880.1729,-5534.8803,4831.0153,-4637.9144,-2390.1403,6805.8330,5443.5151,2386.8045,6178.9456,-5259.7240,2586.9022,6225.7283,-2988.2510,-280.9527,-5311.8244,4099.8673,-5765.8766,-5613.4429,-2176.7015,4855.0944,-941.6976,2147.9728,-3080.1185,-6339.5548,5615.2910,3615.6873,5920.1044,-3048.0466,4151.6902,-6495.4285,-5017.0663,-1545.7598,1833.9080,2614.4132,-3681.6240,-3985.8861,4071.6331,0.0000,-2282.4099,-1038.5501,-5774.0422,0.0000,619.3364,2020.4296,-6249.8370,869.2322,-6803.8230,2270.7364,4033.0445,-5392.3913,-6310.5239,5442.9739,6154.1291,6363.7410,4195.9730,-3001.3640,4909.9949,6032.1539,-1649.5797,-1820.4700,0.0000,2433.4731,283.3931,-1921.0442,-3051.7285,-5803.2084,3553.5287,-6902.8239,35.5851,-334.1142,-6591.0206,-2687.0705,-4960.7022,-199790.2991,-176042.6604,-191339.7515,-193525.5384,-184799.0071,-187478.6394,-188878.3642,-189421.5636,-268834758.5522,-268780063.4359,-268816306.9418,-268819879.1438,-189944.9951,-268821225.4144,2538.0006,-453.7411,6038.1922,-3333.0945,-936.8955,5975.8433,-90.5489,161.3052,-2347.1263,1385.3149,5178.6040,-5239.0084,3465.2201,-4372.8591,-2949.9701,4249.6289,3684.9404,-293.5242,-1236.9274,-3160.6060,-477.8936,6047.5884,2861.5501,-521.2468,-1470.2214,-4860.6777,-4380.5996,-4851.4282,3426.0879,2502.7021,-1909.1592,1853.2186,154.5934,-2438.5981,6043.1579,-1517.7578,2689.3709,-3292.7312,104.8795,5222.2822,-4060.9504,3356.9825,-4545.7813,1551.1050,3138.3715,1757.4555,4476.3281,6122.1174,6247.5700,4193.3512,2239.9639,3889.0875,4097.9582,-851.1983,-3908.0420,762.4377,989.7021,-1084.3075,-6182.7837,6545.8391,-4533.7395,4516.1624,1048.0126,-857.6487,0.0000,6451.8725,-4150.3811,-3635.9419,0.0000,-6749.8824,5783.8814,-1516.2276,4872.9840,590.0183,5782.8336,3831.2811,3767.3602,-324.1022,-1857.5365,-1150.1605,2683.5406,-4717.2762,-4083.3825,935.9898,2953.1553,-6154.1436,6702.1709,0.0000,3851.0915,-5180.0883,5776.9957,4076.7995,2658.6067,-2175.4944,21.1954,-6470.2566,-5788.5955,-499.6430,-5427.8113,1257.1897,-331091.2681,-317799.8532,-326532.4381,-324744.4494,-325216.2357,-325004.8537,-316997.1378,-320699.1365,42536544.8696,42551107.8673,42533396.5066,42519929.1682,-320551.7982,42526459.0461,5232.3218,5494.1736,-3077.6778,4438.2758,3365.9210,-2913.5307,4375.9128,4159.2505,-4599.3322,3503.0577,-721.6015,-4292.6565,-3153.7045,-5019.2027,-3852.2471,-2585.0760,-2953.0162,5534.9292,-5390.2139,-3676.0554,-302.2027,-1849.1590,-5132.3525,4984.3527,4588.7831,-4711.6978,4639.4188,449.0080,-2272.0716,-4147.9509,-4603.7464,6238.9310,1165.3715,3564.5456,2081.0877,-2441.0588,3450.1203,5488.1935,3091.4797,3417.7726,5384.4351,-2888.4573,-3216.6337,-3516.7355,-2581.3872,-6361.6682,-2211.7714,-3040.9948,2039.3155,-4586.9254,-1597.0599,-458.3910,-4296.1535,-3458.1940,4563.4208,-5488.5848,2137.8002,4589.4719,2678.1710,332.4193,-4544.4877,3703.4182,-5333.6856,5540.1444,0.0000,1111.4483,5419.3439,-1216.1634,0.0000,1406.6411,-3190.3190,2382.7072,-4817.3311,1112.2902,-3054.4053,4103.1547,-2182.3656,-2786.6905,-3689.6428,2422.7362,-228.4465,-2818.7631,4722.4261,-4601.8170,-1444.2453,2660.7835,-191.3110,0.0000,-4809.3042,-4518.9931,-3288.8987,-4609.1493,2737.1045,-5506.7377,-848.7592,2436.8447,3571.8689,2000.1151,-3389.6926,-4697.2498,76602.3986,73569.6488,74956.4797,79022.1661,80566.3008,70608.0671,67047.6543,76828.8905,118304639.6485,118286524.2645,118273322.3634,118302170.4032,75081.6931,118293128.3099,
1800.000,5227.8442,2447.5747,405.8095,2128.6164,-6556.1401,-739.4952,5971.8625,-5764.7990,3773.2055,-4364.3190,5361.0505,-3043.0443,5359.6702,-3179.6533,-6180.5072,6039.2544,-4521.1904,-4234.5512,3557.5955,2885.6437,-6693.2547,-1075.8012,-2785.2980,-5395.4258,-5425.3085,-3514.7456,-4212.5328,3698.8237,-5074.0275,4537.8487,-5397.4025,-4245.6753,6252.5055,5828.4250,3902.5200,6149.7449,-3606.1920,629.3982,5007.0740,-1200.5199,-2426.3157,-3732.4360,2346.8003,-5618.1315,-5003.7909,-1790.4673,5375.0040,580.7951,3395.1740,-1077.1108,-5225.9502,6107.8505,3279.9949,4630.6754,-4800.7983,4678.2285,-5446.9410,-4273.4819,-2897.5498,2927.1881,529.9186,-1816.4685,-2922.3984,2249.6535,0.0000,-659.4849,-2921.1747,-6521.7239,0.0000,-675.5698,3467.8123,-6823.5606,2436.7500,-6647.8381,3686.2018,5562.7644,-4598.6624,-6747.2935,3881.9645,4957.8487,6563.6680,2524.6432,-4596.9937,5859.0235,6133.7336,-2687.4936,-1145.9581,0.0000,4324.8729,-1474.0568,-242.5381,-1377.7292,-4467.9571,2472.2437,-6297.0087,-1280.1277,-1748.9600,-6808.0741,-4377.9437,-3368.0427,-192590.2352,-169368.5208,-184616.2401,-186687.4606,-177939.3214,-180596.7308,-182059.6453,-182707.6893,-269696720.9087,-269642647.9332,-269678913.1135,-269681241.1653,-183110.4221,-269683268.1694,1189.2806,-1460.6359,5597.4635,-4508.9941,384.4572,6759.0396,-1706.5910,2088.6337,-4229.0585,2936.1761,3818.1354,-5459.0019,1555.3229,-2724.7564,-1986.8267,3172.8130,5009.8423,1848.4264,-3300.7715,-3775.6346,1029.4670,5797.4336,4674.3572,1268.7801,560.4601,-4135.6231,-3225.3024,-5381.7919,4637.5852,548.0800,78.9151,2296.2222,-1383.4259,-3424.3407,5567.6624,-2849.4849,3483.9410,-4248.5200,-658.7009,4987.1684,-3590.8715,3972.5578,-4695.7822,3333.0334,4648.8286,3776.3093,2789.7479,5306.1450,6019.6885,4973.7215,3173.6749,2396.2392,2381.0738,-2127.3449,-3353.3747,-1276.1247,2129.4245,829.8053,-6204.0328,5964.1730,-5048.5986,4580.2851,2980.7607,81.6353,0.0000,6417.8269,-3053.0139,-2319.4566,0.0000,-6169.4251,5765.8527,-328.8021,3493.5409,1794.8110,5688.6359,2655.1204,5134.2474,979.0945,-2910.4166,-2291.6363,1470.0103,-4870.2871,-2658.2893,-627.8088,1281.8002,-4869.5926,6577.1369,0.0000,3334.1859,-4141.8015,5205.0562,5346.4610,2834.5939,-4010.1530,650.1187,-5551.3037,-4571.0767,1052.5757,-4938.6199,361.7131,-335192.2535,-321517.9457,-330413.5864,-328577.3060,-329116.8965,-328896.9171,-320981.0695,-324125.8628,36657662.8090,36673086.4195,36654582.1087,36641129.4588,-324458.6731,36647572.0735,4375.3954,6334.5764,-4070.3041,4641.4913,1761.9769,-1231.9160,3049.4723,3215.3823,-3999.5973,4312.1921,-2189.9758,-2936.4235,-4121.3400,-5491.0377,-2357.5766,-1169.5576,-1273.9587,5159.3011,-4799.3062,-4788.7370,-1801.4163,-3440.5636,-4209.8857,3973.7174,4089.2346,-4323.7606,4283.7167,2209.3314,-512.6717,-5091.2905,-4148.1981,4980.5403,2581.9896,1619.0105,591.3699,-691.5363,4651.0631,5404.9468,4774.3554,4641.8239,5175.6648,-4257.2395,-4501.9114,-2310.0358,-1165.6332,-5552.0667,-3441.8869,-4373.6057,263.4369,-4713.5312,-3223.2782,-1958.9508,-5647.4034,-4665.6459,3334.7647,-4941.9443,3675.5334,5333.2857,965.4542,-1486.7245,-4719.9191,4833.7321,-5292.4133,6551.3668,0.0000,2533.8569,5460.9215,322.7202,0.0000,3062.1590,-1557.6415,632.5027,-5437.4782,-698.7776,-1399.8059,3131.3976,-712.6686,-1091.2334,-4812.3262,3898.8633,1575.4907,-4209.3508,4448.3631,-3380.3513,-2821.8940,4088.1336,1916.2382,0.0000,-3748.9054,-5292.4727,-4553.5624,-4085.3685,4495.7208,-5048.5125,-2882.9902,3914.2811,4732.8337,509.3326,-2145.8606,-6064.5540,76698.4710,73691.1822,75186.8437,78981.5803,80796.7850,70973.7008,67060.2236,76963.3961,118304470.8053,118286067.3362,118273080.8359,118302048.2721,75211.2660,118292869.8814,
2100.000,6210.6327,452.3326,2255.5900,111.8088,-6599.6194,469.1602,6015.8551,-5463.2858,2587.9462,-2635.6601,5664.9345,-4410.9486,5123.5184,-4259.3078,-6825.6979,6672.0149,-3606.2779,-3957.0771,2801.8639,768.1484,-5777.3243,559.3551,-1758.3425,-5641.6970,-5511.8760,-5172.2604,-5609.4437,2129.3907,-4106.8154,3831.7562,-5638.4689,-5664.1423,5091.4025,5633.5291,5016.2978,5483.0277,-1582.5080,-1361.8846,3294.5691,735.5291,-4321.0940,-1773.4548,340.2502,-4942.7395,-3917.0838,-1295.9902,5411.9268,2087.5989,4301.6532,1015.3622,-3586.8203,5997.4002,2680.6916,2897.3543,-6029.9455,4792.7250,-3859.8569,-3150.2276,-3951.2365,3731.0480,-1597.9818,249.9357,-1600.4433,150.1525,0.0000,1048.4122,-4544.0759,-6637.1948,0.0000,-1936.9287,4555.2737,-6700.9137,3810.3938,-5830.1215,4723.9368,6553.1173,-3363.8535,-6512.2612,1931.9229,3227.1276,6114.8437,580.2621,-5770.9682,6213.0966,5642.3580,-3503.2508,-330.3025,0.0000,5720.2604,-3125.3762,1497.4241,402.1696,-2663.4830,1197.7682,-5055.6043,-2510.7513,-3031.2647,-6358.5951,-5636.1775,-1382.6194,-185304.8396,-162617.8299,-177811.5396,-179768.7648,-171000.4345,-173637.9694,-175157.4314,-175962.6247,-270430134.5328,-270376702.5743,-270412972.1674,-270414062.8683,-176195.6012,-270416761.5396,-232.4131,-2396.5174,4643.8156,-5264.9719,1645.6831,6867.8229,-3125.8026,3794.6576,-5707.5334,4223.5566,2076.6117,-5159.0125,-519.1723,-837.5910,-851.9015,1797.5436,5816.8469,3798.1065,-5024.1044,-4042.2978,2457.1334,4970.9830,6019.4148,2895.0596,2513.4552,-3052.7452,-1780.6248,-5390.5249,5378.4491,-1488.8693,2036.2137,2424.4568,-2810.1317,-4044.6303,4528.9602,-3877.0911,3974.2254,-4834.8811,-1417.0858,4301.2038,-2797.4185,4241.0211,-4426.1791,4778.0051,5701.0521,5417.1503,823.1282,3985.6177,5193.9192,5317.0343,3827.4282,647.3066,393.4828,-3241.7244,-2476.3509,-3164.7777,3098.2373,2695.0011,-5612.9195,4754.3632,-5119.9014,4238.3604,4622.2681,926.4774,0.0000,5774.0915,-1704.9871,-774.7646,0.0000,-4985.9823,5183.0616,884.8555,1804.1975,2829.0502,5040.1759,1249.7085,5998.5241,2172.4366,-3717.9943,-3229.1173,93.0461,-4581.5003,-1011.1092,-2092.1881,-538.0208,-3102.0201,5789.2819,0.0000,2483.8082,-2729.1268,4152.6941,6108.0902,2779.9289,-5466.1184,1251.0890,-4093.4723,-2900.9986,2496.7089,-3990.4894,-493.5617,-339134.9435,-325096.4510,-334145.3439,-332259.9976,-332870.0779,-332636.6458,-324820.3789,-327436.9532,30761416.2200,30777683.8873,30758375.3211,30745004.7316,-328219.8075,30751316.8023,3048.4575,6504.0166,-4627.8871,4322.4375,-41.8126,582.9010,1394.8630,1926.1749,-2973.0664,4633.6952,-3424.2990,-1262.3063,-4649.4076,-5370.1746,-607.7501,371.8097,545.3977,4231.3508,-3671.5795,-5346.9794,-3113.6761,-4646.7797,-2827.1795,2517.0905,3130.1775,-3475.0663,3447.1991,3729.1517,1302.5605,-5469.4969,-3224.6959,3191.1281,3718.9072,-498.5427,-964.7514,1135.9684,5334.8450,4737.7574,5951.1029,5366.9633,4369.4128,-5167.9021,-5302.7062,-855.6558,375.1561,-4154.3853,-4309.0210,-5232.4752,-1540.8873,-4337.5173,-4501.5968,-3241.9008,-6401.0872,-5369.7228,1718.0482,-3865.6045,4815.9704,5496.0766,-851.4800,-3137.8550,-4390.9900,5441.1384,-4637.2526,6863.3049,0.0000,3684.8934,4912.8610,1826.9645,0.0000,4388.3582,243.7149,-1187.6216,-5471.0752,-2434.6523,405.3931,1821.8933,833.4568,722.4861,-5398.6810,4915.8745,3208.9198,-5146.6061,3697.9311,-1774.8556,-3889.5270,5072.8942,3819.7639,0.0000,-2229.6907,-5488.2894,-5329.1452,-3112.5844,5776.2564,-4044.9267,-4611.8516,4969.5635,5360.5278,-1036.6163,-673.0088,-6789.2519,76794.2730,73812.9027,75417.2037,78935.2388,81023.7506,71345.6958,67077.8036,76972.1512,118304296.4824,118285610.4045,118272846.8117,118301902.0176,75340.7885,118292611.2188,
2400.000,6591.6087,-1553.1150,3917.0104,-1895.3550,-5951.4316,1637.6252,5471.9367,-4645.2766,1180.8402,-658.7737,5449.3408,-5328.0009,4435.1705,-4965.9453,-6787.5376,6655.1356,-2318.8863,-3335.6147,1798.3629,-1434.0384,-4324.5862,2179.1523,-585.7531,-5323.0440,-5062.6820,-6334.9420,-6447.3514,319.0835,-2715.7285,2789.8913,-5327.6647,-6481.3111,3439.8554,4862.8026,5627.0347,4237.7131,601.9910,-3190.8391,1267.2864,2631.3519,-5760.2625,371.0424,-1722.8412,-3793.3770,-2446.6477,-724.7488,4970.9510,3435.9111,4795.3269,2995.5903,-1585.1355,5304.5608,1888.5459,896.8447,-6605.7065,4471.6373,-1895.5083,-1762.6618,-4619.9226,4180.7827,-3563.0332,2312.4590,-155.4298,-1998.0494,0.0000,2684.8374,-5741.2162,-6114.8915,0.0000,-3053.8484,5189.0900,-5894.9583,4852.8399,-4429.6106,5295.7006,6905.2365,-1795.6078,-5623.1533,-203.4735,1153.7158,5070.1633,-1447.5820,-6404.5419,5923.5995,4615.4408,-4026.6172,567.3132,0.0000,6461.5338,-4504.8495,3131.9769,2117.6582,-571.0686,-153.2282,-3308.1857,-3544.9522,-4053.5832,-5283.9571,-6346.1175,782.4472,-177937.6211,-155793.5318,-170928.7611,-172772.3809,-163985.4555,-166606.0784,-168174.7691,-169175.4071,-271034652.1438,-270981879.5951,-271018135.6774,-271017999.8203,-169203.6407,-271021358.0820,-1599.4549,-3167.9316,3274.5054,-5520.5571,2734.8640,6290.3216,-4221.8882,5120.3573,-6637.1588,5117.7526,116.8567,-4353.4615,-2558.9724,1100.2708,361.4183,243.4765,6035.0307,5363.4436,-6226.7295,-3939.1041,3683.6425,3663.9114,6757.8234,4200.1149,4193.8181,-1708.2160,-186.3010,-4890.6847,5588.5323,-3400.0340,3766.5496,2246.8645,-3996.1434,-4259.5219,3023.5126,-4511.6713,4117.9127,-4985.8811,-2108.2859,3240.2368,-1755.9652,4146.6087,-3773.0894,5753.4948,6201.2671,6510.2448,-1238.4656,2299.2977,3842.7933,5186.1796,4151.2111,-1190.5776,-1665.8753,-4090.8212,-1352.5077,-4720.4975,3812.4021,4323.6178,-4458.2750,3039.0869,-4737.2607,3531.6770,5791.1370,1580.2288,0.0000,4589.5367,-235.8002,861.3975,0.0000,-3322.3552,4079.8171,2021.8414,-25.5378,3609.7986,3887.7472,-260.2103,6284.6272,3156.2780,-4203.8253,-3872.3487,-1326.6077,-3890.2308,704.0788,-3318.5690,-2332.5090,-1030.4366,4427.1560,0.0000,1377.6179,-1087.0321,2731.6834,6278.4996,2517.2809,-6392.2324,1786.1197,-2247.0398,-956.8410,3705.9581,-2661.9880,-1206.1566,-342917.5021,-328533.8350,-337726.0653,-335790.5059,-336474.2489,-336222.1038,-328513.2159,-330665.0599,24850615.6021,24867710.3345,24847586.5570,24834364.1202,-331833.5556,24840503.7637,1393.9095,5984.7295,-4691.2427,3516.9722,-1840.8923,2334.6037,-409.8712,430.0453,-1628.9241,4431.3120,-4293.1392,548.6526,-4681.9834,-4669.4877,1207.9177,1873.1089,2304.5963,2850.1861,-2132.4702,-5286.7807,-4103.0978,-5333.6452,-1134.8745,777.8745,1819.3168,-2255.6882,2223.6570,4843.1998,2975.7655,-5240.9410,-1936.9741,1061.2121,4453.0591,-2563.1881,-2412.7122,2835.1738,5425.7241,3558.5094,6497.6324,5515.5741,3058.5009,-5523.1215,-5533.4450,690.5566,1875.6431,-2315.7852,-4722.3111,-5525.2192,-3179.1631,-3498.7775,-5294.7732,-4165.1828,-6478.1375,-5495.0163,-98.6560,-2374.3095,5436.1794,5060.2303,-2576.6109,-4434.9546,-3592.6758,5460.2262,-3443.6146,6443.0267,0.0000,4441.3579,3834.1850,3135.1323,0.0000,5242.8827,2018.6226,-2876.6708,-4914.4941,-3908.8109,2166.9000,315.8507,2290.0947,2457.7983,-5383.9149,5354.3262,4495.1615,-5530.2751,2551.3370,32.6197,-4530.5874,5508.8161,5316.8618,0.0000,-437.0949,-5085.2389,-5532.9387,-1797.2394,6443.2135,-2603.7742,-5853.1330,5489.2327,5384.5184,-2470.4396,871.7343,-6795.3453,76889.8048,73934.8176,75647.3677,78883.0222,81247.2199,71724.1131,67100.3430,76863.0809,118304116.6418,118285153.4758,118272620.4065,118301732.3150,75470.2604,118292352.3222,
2700.000,6325.0972,-3366.8595,5229.1945,-3691.1274,-4675.7922,2669.0460,4382.4254,-3378.8875,-325.0231,1363.6153,4743.3174,-5715.6374,3361.7051,-5221.2235,-6070.9125,5994.9819,-773.9468,-2415.9324,632.8483,-3483.8395,-2473.8877,3621.9712,633.2685,-4458.4440,-4112.3703,-6887.6499,-6635.9729,-1557.3674,-1028.0374,1517.0769,-4485.3340,-6598.2040,1462.6712,3580.4920,5684.8105,2535.1542,2721.6413,-4680.6219,-865.7969,4298.8088,-6587.1198,2487.7258,-3637.5382,-2269.8495,-724.1612,-110.3373,4098.4966,4493.2354,4844.3394,4674.1045,579.5907,4106.3602,985.2644,-1170.1134,-6470.5284,3730.5941,247.8118,-246.8158,-4854.9771,4245.1015,-5175.4819,4164.0464,1269.6017,-3957.4697,0.0000,4096.8953,-6386.2055,-5011.2821,0.0000,-3924.6096,5321.4932,-4489.5794,5454.1474,-2584.1619,5360.0143,6583.3109,-35.3431,-4164.7988,-2303.2269,-1034.2439,3541.2660,-3358.3360,-6429.6363,5009.5282,3160.5471,-4210.2752,1474.0362,0.0000,6466.1335,-5469.1156,4500.0065,3607.2675,1596.8144,-1460.9449,-1235.1337,-4285.1188,-4709.1154,-3687.7516,-6446.0895,2891.5933,-170492.1300,-148898.6017,-163971.0502,-165701.2417,-156897.5274,-159504.8682,-161114.7497,-162331.0318,-271509987.8997,-271457892.6595,-271494116.6466,-271492768.8303,-162137.6825,-271496771.7940,-2793.2887,-3689.6395,1623.0642,-5242.2087,3558.6090,5084.6608,-4902.7894,5945.5750,-6925.4556,5524.7242,-1875.4732,-3107.2105,-4366.5379,2898.9155,1552.3202,-1351.4559,5654.1760,6391.7186,-6782.4693,-3476.4235,4603.4672,2017.5840,6812.3570,5062.8771,5436.7148,-220.0678,1406.3396,-3943.3582,5260.9321,-4987.0464,5098.9073,1810.7247,-4831.8749,-4070.7496,1196.3392,-4704.6783,3901.2870,-4674.0461,-2668.9600,1911.6460,-562.5228,3703.0578,-2804.3486,6173.6237,6109.8205,6941.6409,-3199.3900,418.6623,2092.7749,4585.3996,4122.3541,-2938.8404,-3587.4308,-4591.0759,-81.9891,-5795.3117,4207.6862,5547.9501,-2846.4772,995.0291,-3929.5296,2531.4564,6353.5807,1976.6398,0.0000,2983.7662,1218.3717,2441.3407,0.0000,-1347.7889,2553.8800,2985.9049,-1816.5239,4076.7900,2333.2149,-1741.6196,5973.4179,3851.3513,-4317.4188,-4156.2680,-2660.1367,-2869.8145,2329.9203,-4195.5696,-3927.5663,1136.3508,2637.1918,0.0000,119.6887,621.6226,1085.3878,5831.5638,2082.5262,-6688.5878,2217.5541,-199.0267,1057.6255,4575.9829,-1068.5420,-1698.4320,-346538.1704,-331828.6269,-341154.1774,-339166.8386,-339927.9401,-339651.4017,-332057.8000,-333838.2592,18928078.3391,18945982.7250,18925033.1604,18912023.5222,-335298.3380,18917950.3805,-410.4568,4831.4385,-4253.6901,2315.6480,-3431.5878,3833.5658,-2170.5521,-1112.2854,-110.5638,3727.8789,-4704.3086,2300.0433,-4215.6618,-3464.0522,2892.5705,3172.5629,3809.6365,1163.5944,-354.0009,-4615.0971,-4667.4352,-5425.0484,681.8778,-1048.6702,303.9885,-795.4088,750.4240,5430.6041,4324.5704,-4430.7207,-430.1816,-1181.9694,4705.0679,-4356.0564,-3590.4991,4214.1830,4913.6594,1994.4491,6356.5267,5071.8046,1394.1504,-5284.9899,-5169.4835,2162.5658,3174.6447,-230.9367,-4638.6192,-5220.3873,-4475.3192,-2286.4171,-5517.9347,-4626.8958,-5870.3591,-5028.0759,-1903.9173,-627.7356,5469.4636,4073.0845,-4024.2514,-5232.5632,-2409.9507,4888.9860,-1849.4040,5335.1857,0.0000,4722.3591,2341.1934,4106.8530,0.0000,5534.2141,3574.5845,-4248.6615,-3827.2999,-4963.4162,3694.9176,-1224.2698,3500.8297,3926.4110,-4769.6312,5162.7973,5295.3543,-5319.3957,1131.3313,1836.3434,-4675.3579,5348.9838,6248.8500,0.0000,1409.1429,-4126.9369,-5143.2137,-283.7862,6426.2934,-880.5060,-6476.6480,5417.5476,4802.1356,-3637.3417,2323.2473,-6082.0804,76985.0664,74056.9345,75877.1438,78824.8118,81467.2140,72109.0026,67127.7931,76652.4214,118303931.2477,118284696.5565,118272401.7362,118301539.8373,75599.6818,118292093.1915,
3000.000,5430.1813,-4810.1855,6061.6036,-5097.7008,-2903.9421,3477.4931,2844.9814,-1776.0244,-1798.3749,3226.7206,3619.2211,-5548.8486,2002.4842,-4986.9134,-4749.8982,4760.8761,884.4190,-1270.2300,-594.4163,-5160.1447,-400.5432,4738.9501,1795.9537,-3123.7912,-2745.5286,-6774.3922,-6151.1597,-3314.7673,796.0212,135.5324,-3185.2845,-5993.4774,-644.6078,1905.5486,5194.2669,547.0042,4557.8011,-5691.0155,-2887.4955,5568.8360,-6710.9721,4364.9890,-5210.9961,-509.6360,1092.1446,512.3257,2877.2698,5150.1374,4458.0355,5891.8138,2691.2159,2527.2786,55.1723,-3098.6364,-5644.9104,2625.0108,2355.0971,1253.8540,-4648.7212,3927.1919,-6280.4418,5616.5236,2537.7825,-5508.2002,0.0000,5149.4644,-6406.1030,-3438.4695,0.0000,-4465.7031,4953.7982,-2630.0951,5543.4908,-476.4184,4924.6421,5618.3416,1754.5517,-2280.7552,-4151.5266,-3097.4639,1686.0563,-4960.0528,-5836.5148,3557.1380,1423.9133,-4033.8938,2308.9264,0.0000,5736.9462,-5912.0671,5461.7750,4733.5535,3618.2357,-2612.8227,951.4261,-4656.4124,-4922.8583,-1725.3538,-5933.8068,4712.0139,-162971.9564,-141936.0449,-156941.5862,-158558.2761,-149739.8248,-152338.2414,-153980.5070,-155411.8098,-271855917.5315,-271804516.9952,-271840689.6440,-271838148.0919,-155000.9007,-271842778.2477,-3714.6048,-3894.1191,-153.6154,-4447.8430,4049.5420,3372.8325,-5118.1662,6200.0013,-6542.5439,5396.0917,-3709.4573,-1530.8073,-5764.9915,4385.3086,2620.6362,-2843.2301,4724.3810,6784.9426,-6633.1609,-2695.4938,5135.7160,203.6049,6176.2013,5409.9721,6123.8563,1281.8063,2848.6860,-2649.9179,4440.9180,-6081.6380,5904.5844,1193.5432,-5237.4813,-3518.7664,-773.2278,-4450.9480,3340.4887,-3914.7998,-3040.0600,443.3970,674.7086,2951.6564,-1612.4555,6006.7803,5444.0814,6665.9496,-4871.7919,-1469.4212,112.0033,3561.1032,3746.4613,-4424.6540,-5171.9964,-4686.9457,1219.0601,-6290.8155,4244.8773,6237.6894,-931.2687,-1165.7729,-2763.1963,1331.6527,6239.3365,2086.5958,0.0000,1114.7390,2527.2030,3819.7388,0.0000,739.6241,747.7828,3695.1017,-3397.2638,4196.3066,520.9663,-3064.8683,5103.0270,4204.7159,-4039.4149,-4047.3764,-3782.2512,-1619.7604,3720.2611,-4649.1092,-5165.3071,3180.9253,607.2379,0.0000,-1168.6962,2231.9306,-625.5963,4802.3716,1519.9739,-6317.9689,2509.9905,1845.9520,2934.7161,5033.5049,647.4196,-1925.9161,-349995.2675,-334979.4197,-344428.1791,-342387.0252,-343229.7442,-342922.6942,-335452.4209,-336977.8272,12996627.3565,13015323.5799,12993538.0641,12980804.2708,-338612.6421,12986479.6239,-2170.7659,3165.8856,-3361.7082,853.6523,-4634.4518,4917.7101,-3698.1106,-2535.2882,1419.6141,2602.8096,-4614.3233,3801.7540,-3299.8795,-1883.5581,4263.5476,4130.1754,4894.7278,-647.7078,1464.2324,-3409.0760,-4748.3883,-4910.8635,2423.7482,-2757.6774,-1245.5087,749.8980,-807.0643,5427.7955,5202.2086,-3128.1061,1125.3019,-3299.1950,4447.6941,-5687.8616,-4366.7807,5117.4663,3855.3712,214.6412,5542.7233,4083.1781,-431.3366,-4478.8195,-4249.5850,3402.1834,4132.6519,1878.4750,-4066.7932,-4350.6407,-5290.5961,-829.6015,-5147.2039,-4576.2029,-4641.2702,-4018.7768,-3488.0342,1186.3988,4912.2882,2641.9605,-5039.1549,-5441.6156,-969.0540,3788.9987,-39.6794,3657.5368,0.0000,4497.8414,595.1310,4637.9528,0.0000,5231.2157,4742.9799,-5153.1294,-2326.2600,-5485.9748,4824.9519,-2632.5134,4335.7186,4969.1614,-3623.6760,4363.7095,5523.3221,-4536.4104,-409.9151,3430.6369,-4308.1458,4610.6655,6517.3280,0.0000,3082.1746,-2717.4003,-4201.4031,1260.9643,5727.3977,938.2746,-6417.2062,4762.2415,3678.7509,-4411.7522,3526.2716,-4724.0681,77080.0580,74179.2613,76106.3410,78760.4919,81683.7530,72500.3979,67160.1080,76364.0029,118303740.2667,118284239.6531,118272190.9168,118301325.2521,75729.0524,118291833.8268,
3300.000,3989.5073,-5745.5052,6327.0857,-5979.0787,-819.9750,3994.7061,1003.5879,17.5810,-3111.0506,4744.5313,2185.1576,-4857.1233,480.2530,-4270.5998,-2959.6868,3077.4864,2496.4726,8.0209,-1776.8475,-6281.5730,1700.2544,5409.0602,2804.3264,-1445.2455,-1089.3127,-6004.4278,-5038.0576,-4775.7518,2578.6837,-1226.4487,-1548.8424,-4726.4929,-2675.1511,0.0861,4212.4759,-1522.5329,5921.5392,-6131.9502,-4594.5048,6308.7551,-6117.5816,5813.8731,-6281.7780,1324.5685,2832.1256,1107.7016,1418.5335,5331.5806,3684.0455,6535.3573,4538.2745,726.2150,-822.4039,-4699.7696,-4224.0083,1246.7094,4216.2256,2601.9603,-4033.0626,3262.9257,-6773.1003,6519.9298,3531.4294,-6472.9412,0.0000,5738.0957,-5790.0846,-1552.4399,0.0000,-4619.7396,4134.3973,-507.6251,5097.8613,1684.5077,4043.9796,4104.8938,3405.7825,-158.6571,-5559.7418,-4811.7021,-307.9746,-6088.4957,-4675.6872,1711.7916,-424.0643,-3506.4183,2989.9792,0.0000,4361.6414,-5776.9054,5913.2048,5395.8891,5284.4941,-3513.0719,3029.2189,-4614.3621,-4660.4002,411.5759,-4865.6898,6039.1896,-155380.7284,-134908.8954,-149843.5795,-151346.3996,-142515.5530,-145110.1989,-146775.2155,-148399.0956,-272072278.4495,-272021589.5001,-272057690.9115,-272053977.2957,-147796.5004,-272059214.6966,-4291.3126,-3740.2922,-1889.9158,-3206.4067,4170.9764,1327.7847,-4862.3497,5868.8892,-5524.5612,4735.1096,-5206.9872,229.3577,-6615.4110,5420.0863,3474.9722,-4094.6884,3349.2520,6509.5441,-5795.3308,-1665.2930,5230.9550,-1593.8157,4914.0193,5221.5090,6194.8049,2666.7829,4008.6932,-1140.9194,3219.5954,-6563.7036,6109.9101,491.1681,-5170.4162,-2675.8808,-2689.2596,-3787.2331,2480.6905,-2766.8601,-3173.0655,-1028.1875,1844.8316,1957.5935,-306.0115,5277.6538,4275.5942,5711.6869,-6093.4012,-3180.9813,-1906.1232,2198.9706,3056.4854,-5497.7260,-6251.3797,-4357.1949,2428.9059,-6167.5679,3913.6578,6314.2231,1101.2813,-3217.8807,-1337.5059,40.3056,5451.1476,1920.0055,0.0000,-836.8939,3577.8563,4866.9157,0.0000,2732.9202,-1164.7767,4088.1268,-4620.3046,3962.8371,-1375.7895,-4114.8673,3764.0065,4193.1221,-3384.6867,-3547.7689,-4582.8104,-256.2676,4753.3474,-4648.2899,-5919.3418,4899.1033,-1453.5496,0.0000,-2360.4527,3592.6667,-2238.8232,3285.1285,877.8545,-5310.9272,2632.8443,3686.1456,4484.2850,5041.9025,2329.2110,-1881.3138,-353287.1911,-337984.8710,-347546.6425,-345449.1121,-346378.3174,-346034.1759,-338695.4392,-340096.2921,7059089.7760,7078559.6324,7055928.4451,7043531.8024,-341775.0231,7048918.6680,-3698.2405,1164.3965,-2110.2149,-704.4250,-5314.3718,5470.0755,-4829.0742,-3686.6108,2797.7025,1183.2772,-4032.7717,4890.9563,-2031.9020,-98.8053,5172.4443,4642.8769,5440.6108,-2389.6672,3117.7062,-1807.7064,-4337.4218,-3847.9989,3899.4815,-4158.0220,-2655.3104,2214.9472,-2274.0634,4835.1444,5513.4051,-1477.2430,2553.2478,-5065.4158,3708.7144,-6418.6612,-4655.2756,5443.3667,2368.2693,-1588.3997,4141.9946,2655.6758,-2207.0409,-3190.6472,-2872.0641,4276.2536,4646.8763,3787.7686,-3066.7484,-3009.4884,-5538.0145,715.9993,-4222.1052,-4018.6725,-2920.0130,-2575.3397,-4667.7218,2872.6994,3824.6263,922.7343,-5512.8990,-5038.8357,575.7609,2279.0100,1774.6376,1588.9177,0.0000,3791.7356,-1215.2672,4671.5340,0.0000,4366.3242,5397.4526,-5491.2558,-573.2826,-5420.8685,5435.6141,-3757.5154,4705.2459,5473.2907,-2073.1102,3050.8138,5154.5879,-3264.9465,-1907.2866,4633.7650,-3468.8695,3373.5037,6094.0988,0.0000,4376.4437,-1010.2636,-2807.9849,2666.3078,4420.3907,2655.1583,-5680.9217,3593.7082,2140.6825,-4710.6057,4352.1848,-2864.1742,77174.7798,74301.8064,76334.7691,78689.9527,81896.8555,72898.3107,67197.2439,76028.0056,118303543.6680,118283782.7720,118271988.0648,118301089.2182,75858.3722,118291574.2280,
3600.000,2141.2605,-6089.9941,5991.3475,-6254.3897,1358.6792,4175.4186,-965.2687,1835.7724,-4149.0232,5768.6339,574.7277,-3719.7121,-1069.5874,-3127.1056,-882.1650,1111.8652,3902.2810,1311.4032,-2810.5114,-6726.5786,3631.6171,5552.3028,3573.1364,412.9931,698.4787,-4651.6832,-3406.7438,-5788.7074,4142.0488,-2446.1022,266.3646,-2930.7219,-4431.1986,-1946.5818,2842.0011,-3457.9192,6673.5049,-5971.5679,-5818.0289,6436.5576,-4870.7605,6687.2359,-6736.7396,3060.0021,4329.7030,1640.4037,-147.7096,5005.7858,2602.2637,6547.9964,5934.9712,-1119.2932,-1579.5718,-5819.1053,-2365.8442,-283.4207,5647.0235,3678.7583,-3074.7108,2316.7730,-6609.0577,6778.4822,4162.8786,-6737.9757,0.0000,5799.5055,-4591.6300,462.6226,0.0000,-4361.6418,2952.2512,1660.7281,4146.4390,3683.6238,2812.0420,2191.3396,4759.9752,1988.8560,-6385.9586,-5992.4033,-2242.7906,-6624.1950,-3053.6124,-337.0125,-2205.1512,-2666.3191,3442.1059,0.0000,2501.5630,-5063.8096,5797.5074,5539.4408,6421.8522,-4090.3875,4788.0781,-4150.3216,-3933.2628,2513.8800,-3350.3636,6720.3297,-147722.1106,-127820.2144,-142680.2708,-144068.5041,-135227.9462,-137824.8469,-139502.0890,-141275.3138,-272158969.8191,-272109008.8186,-272145018.4423,-272140157.7124,-140527.7160,-272145980.1520,-4483.5473,-3220.2383,-3426.7357,-1632.1858,3918.6923,-844.5230,-4172.7725,4993.0505,-3970.2431,3597.7324,-6219.8903,2004.8672,-6830.9429,5910.9951,4040.1657,-4988.0330,1673.8952,5599.1008,-4358.4020,-477.2193,4875.7590,-3196.2146,3155.0719,4530.9132,5651.8873,3814.7565,4782.8042,437.1041,1723.4407,-6375.1284,5702.9822,-196.0034,-4630.0058,-1636.7873,-4358.5419,-2786.8764,1393.0458,-1328.1611,-3036.2437,-2370.9819,2843.8901,804.7919,999.7887,4063.6497,2722.0772,4178.1901,-6743.3188,-4552.7629,-3761.7414,617.2557,2110.1184,-6045.3475,-6706.7438,-3618.6799,3431.2977,-5448.1205,3234.5176,5760.0384,3050.9111,-4945.6060,223.5647,-1229.9468,4066.0351,1522.6204,0.0000,-2685.2681,4284.5812,5480.9515,0.0000,4436.8095,-2995.8718,4129.0390,-5376.2266,3398.7470,-3171.7890,-4800.7604,2089.5964,3823.7786,-2402.7895,-2696.3335,-4977.5668,1098.2184,5342.3901,-4206.5414,-6107.6576,6120.5263,-3336.2897,0.0000,-3335.0080,4580.5528,-3605.2514,1424.6926,204.4512,-3763.5033,2563.5170,5142.6687,5553.2622,4603.5964,3820.2234,-1593.7955,-356412.4186,-340843.7033,-350508.2131,-348351.1572,-349372.3799,-348984.0766,-341785.2872,-343195.9523,1118295.5680,1138520.4803,1115034.3777,1103034.3203,-344784.1042,1108097.5427,-4829.6330,-960.6899,-632.7767,-2183.3313,-5395.2415,5431.2071,-5442.8767,-4443.4027,3876.0603,-370.1214,-3021.3229,5449.8216,-546.7998,1696.6493,5521.1100,4655.5239,5387.4344,-3876.0354,4420.4203,3.6466,-3476.6828,-2354.5102,4947.2383,-5093.7465,-3767.6947,3442.9257,-3486.3649,3716.8942,5224.4529,338.3446,3691.8163,-6293.8877,2568.0045,-6471.9196,-4423.9727,5155.2825,617.6561,-3219.8679,2302.3015,942.6079,-3728.2364,-1558.5339,-1184.7644,4690.9814,4662.1841,5293.8024,-1743.4412,-1341.7233,-5191.1961,2184.8763,-2841.6363,-3015.7012,-888.4857,-853.2282,-5307.1578,4249.5328,2323.7142,-897.1230,-5394.9943,-4069.1413,2058.7526,522.3223,3381.6413,-649.6164,0.0000,2679.4861,-2894.4837,4203.9564,0.0000,3032.2021,5467.3924,-5226.1495,1241.8421,-4774.9395,5461.4695,-4478.7573,4569.8049,5384.4076,-290.6611,1378.4966,4228.8822,-1641.3523,-3200.6597,5308.8321,-2248.9675,1771.1659,5023.9194,0.0000,5133.2205,807.6537,-1112.2494,3776.7556,2643.6561,4083.7421,-4344.6664,2037.6716,361.2176,-4501.9254,4712.7594,-699.3071,77269.2320,74424.5784,76562.2393,78613.0947,82106.5390,73302.7231,67239.1596,75679.1296,118303341.4230,118283325.9198,118271793.2965,118300832.3841,75987.6412,118291314.3952,
3900.000,65.4159,-5823.1824,5077.6490,-5905.0965,3403.8307,4001.0438,-2869.5931,3507.3647,-4822.1120,6202.9492,-1065.1167,-2256.1683,-2510.7798,-1654.9828,1272.9615,-943.3352,4957.5184,2527.3581,-3602.9641,-6447.4006,5213.3002,5139.6613,4036.6398,2264.9297,2444.5293,-2847.4576,-1420.8996,-6243.7470,5325.8031,-3417.1081,2081.7202,-798.7700,-5743.5035,-3736.6079,1220.1656,-5054.7741,6738.7219,-5237.9014,-6440.9932,5930.4512,-3104.9034,6895.2717,-6523.6321,4530.1380,5438.6894,2076.1681,-1683.9745,4189.4254,1316.6027,5934.7266,6740.1039,-2830.2881,-2164.6930,-6352.1218,-273.1305,-1826.0259,6507.8574,4394.5397,-1867.8404,1175.8731,-5808.4957,6361.2494,4381.8743,-6267.1356,0.0000,5318.6424,-2923.7489,2412.3805,0.0000,-3702.4586,1526.9672,3653.8394,2769.6388,5321.1719,1352.1704,64.9088,5683.8410,3945.5650,-6549.9046,-6515.1411,-3929.4857,-6505.6879,-1122.6308,-2375.4874,-3750.1680,-1579.4952,3605.4688,0.0000,372.0875,-3831.8545,5112.7013,5159.3936,6910.2323,-4303.0863,6051.1581,-3294.0279,-2799.7661,4375.1790,-1537.2962,6672.8648,-139999.8028,-120673.0893,-135454.9285,-136727.4458,-127880.2664,-130486.4058,-132164.3784,-134026.1347,-272115952.6078,-272066735.3893,-272102632.0290,-272096652.2463,-133197.8100,-272103035.4298,-4285.4437,-2362.6875,-4626.0594,125.7302,3320.1293,-2926.0388,-3124.5290,3663.4972,-2031.0456,2088.2804,-6644.6958,3621.5157,-6386.1658,5821.3457,4263.5546,-5435.8043,-130.6466,4149.8711,-2474.6607,762.3481,4094.6403,-4448.4973,1079.3916,3419.3206,4558.4027,4626.4024,5104.7423,1935.7840,101.0664,-5527.4107,4733.6941,-776.6283,-3658.5226,-507.8865,-5609.7456,-1551.5612,169.3555,272.4411,-2620.1001,-3468.8831,3583.6460,-410.6203,2193.0063,2486.3662,935.3471,2224.5799,-6754.3328,-5458.0115,-5268.0350,-1043.2895,985.5412,-6004.4112,-6482.5208,-2526.8372,4126.1522,-4213.3801,2258.3121,4621.7804,4722.6584,-6165.4616,1781.8990,-2371.4884,2227.7714,968.1484,0.0000,-4257.0813,4595.2725,5597.6314,0.0000,5687.0075,-4561.8560,3810.2974,-5603.6449,2552.2112,-4687.8480,-5063.2910,242.3052,3132.8090,-1175.2094,-1566.6003,-4917.1676,2325.7158,5442.4476,-3378.3190,-5701.8875,6726.0003,-4853.5479,0.0000,-3990.1764,5111.5772,-4603.0850,-597.4257,-454.9650,-1827.7370,2290.9091,6077.2107,6041.1574,3759.3287,4978.4650,-1123.5550,-359369.5076,-343554.7051,-353311.6111,-351091.2232,-352210.7171,-351770.6552,-344720.4695,-346268.0945,-4822923.7972,-4801962.7624,-4826312.5145,-4837858.5440,-347638.5778,-4833152.2161,-5444.4910,-2983.9219,912.4726,-3417.1087,-4867.9981,4805.3244,-5474.2560,-4725.1910,4539.2451,-1881.7043,-1687.4489,5418.0490,996.7791,3307.7626,5271.9844,4166.7156,4741.0798,-4948.4405,5226.0797,1814.5417,-2254.9283,-597.0565,5452.3788,-5461.0481,-4458.6639,4302.4558,-4308.7150,2194.4076,4366.7129,2116.1191,4412.0809,-6855.4403,1149.0452,-5841.9632,-3698.5037,4285.6212,-1201.6882,-4504.0050,218.4750,-871.8285,-4820.2192,241.8352,630.4894,4601.8848,4176.8949,6236.8461,-236.1460,471.8549,-4287.0093,3419.6074,-1154.1733,-1678.0492,1237.5759,961.3230,-5333.0508,5168.8482,571.6291,-2619.2677,-4697.9497,-2640.9637,3320.6685,-1290.9134,4593.6488,-2818.7768,0.0000,1280.1314,-4261.6582,3285.2364,0.0000,1372.0578,4945.3038,-4386.6260,2922.1841,-3616.8424,4899.8120,-4719.2241,3943.8546,4712.1414,1524.3161,-456.2523,2846.0074,159.5234,-4152.1464,5379.1907,-781.8660,-22.9453,3420.0003,0.0000,5259.8990,2536.8892,703.3885,4469.4349,585.8112,5069.1584,-2548.6604,261.8446,-1458.9924,-3808.0707,4569.4743,1540.1204,77363.4150,74547.5865,76788.5645,78529.8340,82312.8199,73713.5779,67285.8162,75354.1702,118303133.5058,118282869.1027,118271606.7279,118300555.3867,76116.8591,118291054.3283,
4200.000,-2034.0079,-4987.4453,3665.8446,-4975.4299,5100.0716,3481.5968,-4520.3830,4872.0589,-5071.5300,6012.6575,-2587.2280,-613.5279,-3718.0825,11.8434,3289.4442,-2888.7995,5548.3107,3547.6088,-4081.1475,-5475.7042,6298.6869,4198.3254,4153.7729,3921.2294,3976.6802,-767.3159,718.9806,-6085.0805,6003.7716,-4058.6982,3715.3120,1438.6947,-6487.9645,-5183.4246,-494.4213,-6141.5801,6114.3376,-4014.2426,-6409.8118,4832.2361,-1009.7512,6415.4275,-5657.6433,5590.6440,6047.1064,2383.1660,-3057.1605,2948.0895,-54.7147,4761.0249,6871.9628,-4243.6393,-2545.1936,-6254.4016,1828.8726,-3236.0113,6717.7384,4695.7314,-525.0137,-57.4329,-4453.6532,5305.9867,4178.7927,-5106.5380,0.0000,4331.4099,-947.8534,4111.1392,0.0000,-2690.1117,-3.3504,5268.8185,1092.5523,6432.5953,-195.3585,-2066.7182,6082.3915,5513.4783,-6041.2407,-6329.2245,-5206.8871,-5737.1498,933.6589,-4187.9975,-4915.0442,-334.6819,3443.3168,0.0000,-1782.6767,-2194.4944,3913.7124,4300.1808,6696.6012,-4141.3408,6693.2294,-2112.6046,-1360.8647,5811.9373,398.0969,5895.1399,-132217.5376,-113470.6322,-128170.8479,-129326.0295,-120475.8012,-123099.2202,-124765.3702,-126642.5736,-271943249.6026,-271894791.4631,-271930553.2832,-271923485.4585,-125810.0713,-271930403.1681,-3723.9227,-1232.5021,-5383.4386,1897.6790,2431.4105,-4708.5265,-1822.0424,2011.6715,103.9664,349.9184,-6433.5980,4916.3847,-5320.4051,5172.4064,4119.7274,-5389.4738,-1884.8670,2309.9853,-342.4954,1941.1408,2949.0077,-5234.1721,-1101.1149,2005.7280,3030.7738,5031.5044,4950.5065,3218.8367,-1491.4893,-4101.6610,3307.3318,-1180.0098,-2338.3842,603.4616,-6310.8864,-201.0548,-1085.2938,1886.7696,-1941.0509,-4231.7611,3998.6956,-1587.8817,3174.3543,699.2369,-913.5602,52.4922,-6120.3318,-5818.5206,-6269.9358,-2631.9227,-224.4191,-5369.0897,-5593.7327,-1172.3329,4439.0866,-2593.0423,1063.1458,3006.3182,5946.1404,-6745.9405,3197.4009,-3290.6121,131.4831,346.7805,0.0000,-5408.0395,4494.4519,5197.3603,0.0000,6366.4719,-5701.7918,3154.0105,-5293.9957,1493.5383,-5768.7628,-4879.4644,-1601.8747,2181.7457,190.7700,-260.9934,-4393.4738,3322.8250,5053.1455,-2252.1937,-4731.7455,6659.5744,-5858.2839,0.0000,-4252.5556,5148.0303,-5148.7856,-2581.0217,-1060.3338,303.7819,1818.7375,6405.5524,5909.6053,2584.5356,5690.0440,-552.2483,-362157.0972,-346116.7311,-355955.6310,-353667.3707,-354892.1799,-354392.1932,-347499.5635,-349293.1500,-10761736.6987,-10740058.8150,-10765280.4075,-10776317.0707,-350337.2057,-10771998.9150,-5477.5288,-4691.2030,2359.8247,-4267.7649,-3791.5778,3659.8697,-4919.8114,-4502.1128,4716.3181,-3180.8389,-173.2913,4799.1363,2433.6347,4559.5876,4451.9756,3228.9584,3572.5197,-5493.0491,5444.4268,3414.2148,-798.6846,1227.4100,5359.7707,-5219.2455,-4651.4388,4701.6691,-4649.6593,433.1923,3033.3310,3657.4733,4632.5954,-6691.2255,-394.4181,-4594.5692,-2559.4585,2932.2767,-2887.5198,-5302.9964,-1888.5397,-2592.6214,-5358.1225,2016.0385,2377.5589,4018.4680,3242.9732,6517.2695,1296.0766,2234.0761,-2921.9136,4287.9125,658.1492,-153.9339,3231.8100,2671.5854,-4742.5143,5532.0372,-1242.2513,-4056.4618,-3496.0449,-914.6961,4226.0395,-2964.5978,5269.3247,-4687.2690,0.0000,-256.3970,-5170.1001,2013.8254,0.0000,-435.6366,3887.5625,-3064.3042,4285.4315,-2070.1762,3810.9158,-4453.3077,2894.4292,3529.1286,3168.3776,-2237.3239,1155.3217,1943.1244,-4660.6624,4836.8823,771.2997,-1814.5981,1452.4535,0.0000,4740.9903,3987.6013,2443.0997,4667.7151,-1534.3441,5504.8376,-482.4248,-1542.2390,-3114.9348,-2703.4549,3937.5516,3615.1133,77457.3291,74670.8401,77013.5598,78440.1103,82515.7131,74130.7650,67337.1770,75089.0998,118302919.8927,118282412.3272,118271428.4749,118300258.8498,76246.0260,118290794.0274,
4500.000,-3948.8467,-3681.5011,1885.5642,-3566.3840,6267.3429,2655.6732,-5750.1345,5795.5620,-4874.7619,5226.3735,-3857.3673,1048.4822,-4588.0613,1716.3979,4966.2223,-4537.9543,5603.7881,4277.4168,-4197.7935,-3918.9001,6788.7894,2811.0012,3911.5242,5208.2184,5140.5718,1386.2805,2795.8662,-5318.1423,6097.7340,-4321.9707,5000.1565,3537.6706,-6597.6162,-6131.1848,-2137.0311,-6598.5237,4869.2522,-2429.1992,-5739.0644,3243.8517,1190.3710,5295.1937,-4220.7062,6133.6321,6088.7212,2533.8057,-4149.9918,1391.5076,-1389.6694,3145.5379,6317.2662,-5227.7154,-2708.1510,-5545.3435,3716.2277,-4376.1244,6262.1625,4568.0641,832.9652,-1274.2568,-2680.0229,3715.4943,3583.7297,-3379.4069,0.0000,2922.4409,1142.2420,5399.7178,0.0000,-1406.5955,-1495.3892,6341.7414,-726.5812,6905.5319,-1686.7273,-3995.5051,5908.9809,6533.1043,-4919.9756,-5462.5124,-5957.2848,-4389.0909,2917.9391,-5579.8987,-5594.4350,963.4328,2948.2206,0.0000,-3717.8817,-308.9516,2308.3740,3050.1150,5801.0638,-3626.6490,6653.9269,-705.7484,248.7975,6681.6434,2271.4463,4467.4097,-124379.0794,-106215.9783,-120831.3489,-121866.9906,-113017.8630,-115667.7704,-117308.3845,-119122.7223,-271640945.3977,-271593261.0908,-271628865.6252,-271620743.5603,-118367.8138,-271628167.8161,-2855.0352,73.9532,-5637.0570,3509.7574,1332.4806,-6014.5539,-388.7975,196.4454,2226.7635,-1449.0504,-5600.2531,5754.2848,-3734.3710,4039.6069,3613.4736,-4844.8878,-3418.6387,263.8938,1814.8744,2950.8742,1532.9227,-5486.4400,-3164.4700,434.2693,1225.9074,4994.7285,4339.4719,4174.4890,-2905.7194,-2240.6930,1572.8086,-1364.4031,-785.4533,1598.9098,-6383.5089,1138.2144,-2261.2769,3360.9626,-1042.4918,-4602.4953,4051.5321,-2629.6346,3865.2259,-1127.4098,-2650.7503,-2115.1225,-4897.7274,-5611.4465,-6660.4065,-4001.5881,-1419.4796,-4192.9936,-4125.3498,326.1220,4329.2263,-751.5464,-251.4311,1070.2802,6593.0605,-6622.4112,4340.5127,-3914.8006,-1997.5192,-248.0862,0.0000,-6036.2933,4002.7295,4308.2318,0.0000,6416.6861,-6294.2005,2211.1651,-4490.6505,309.9342,-6299.4280,-4264.3765,-3270.2457,1052.3349,1571.1796,1098.1736,-3442.2335,4009.2682,4217.3362,-941.3311,-3283.6884,5933.7772,-6258.6424,0.0000,-4085.6828,4700.4977,-5203.9766,-4327.1847,-1578.1267,2417.4056,1167.9438,6105.2390,5184.7761,1183.0223,5880.4711,29.3371,-364773.9082,-348528.7031,-358439.1431,-356077.6503,-357415.6858,-356846.9857,-350121.2203,-352241.9619,-16695312.7148,-16672937.5792,-16699038.6258,-16709512.7937,-352878.8193,-16705612.0537,-4925.1794,-5902.6776,3553.9813,-4640.4687,-2286.7436,2118.4727,-3838.3703,-3797.9089,4388.3099,-4121.3242,1359.3801,3659.9883,3609.9105,5316.4533,3149.6544,1943.1573,2010.2615,-5452.1991,5051.0830,4616.5409,740.7019,2913.8893,4679.5828,-4395.0045,-4324.6233,4597.9122,-4471.3493,-1375.1578,1369.3788,4790.3172,4328.4532,-5818.3470,-1895.1972,-2860.6523,-1133.8015,1247.8595,-4252.9777,-5531.3758,-3795.6094,-4035.2515,-5280.6279,3572.2362,3867.5493,3003.2468,1960.5948,6105.6002,2691.2585,3753.1909,-1242.1598,4696.8519,2399.1686,1387.2843,4881.9485,4092.0553,-3603.3383,5300.2493,-2922.0301,-5053.0375,-1917.8546,914.9554,4677.7626,-4318.2169,5330.0062,-6056.8072,0.0000,-1765.4893,-5522.6900,526.1701,0.0000,-2196.5407,2408.5243,-1404.1338,5183.9180,-300.7485,2311.7619,-3709.3897,1534.1001,1963.3965,4457.2255,-3755.4284,-660.3334,3516.5188,-4672.3534,3743.4950,2239.3658,-3410.1125,-669.5826,0.0000,3639.9419,5000.7236,3919.1300,4349.6158,-3491.5460,5343.7747,1635.0105,-3180.2172,-4420.6775,-1306.8725,2884.3998,5304.3216,77550.9748,74794.3492,77237.0426,78343.8973,82715.2327,74554.1040,67393.2076,74915.8909,118302700.5626,118281955.5998,118271258.6529,118299943.3843,76375.1417,118290533.4925,
4800.000,-5487.1566,-2048.1872,-95.8370,-1824.3865,6780.4547,1588.2428,-6429.8961,6182.7434,-4247.5326,3931.6653,-4766.0223,2572.9187,-5047.7335,3293.5622,6137.7012,-5735.0801,5104.9172,4644.0604,-3935.9957,-1947.7037,6641.6908,1108.9275,3326.4001,5985.9301,5814.8999,3403.7985,4597.9470,-4010.2773,5586.8691,-4192.8804,5801.2548,5266.9955,-6068.5766,-6472.0477,-3552.4727,-6371.2867,3135.8582,-642.9279,-4508.4541,1317.4876,3260.4030,3647.2292,-2353.4826,6098.9006,5550.5772,2507.0958,-4870.9161,-336.1559,-2573.0486,1247.7506,5132.7431,-5694.7897,-2658.7882,-4304.9399,5189.9058,-5130.2394,5193.6773,4035.8343,2087.6058,-2368.4089,-662.4526,1747.0265,2662.0463,-1272.0401,0.0000,1217.9122,3139.3477,6160.6297,0.0000,38.3651,-2813.9839,6764.8274,-2511.5306,6691.8626,-2987.8969,-5533.1661,5171.0187,6900.1778,-3309.0198,-4016.8934,-6117.5040,-2591.7733,4637.9322,-6398.6804,-5731.3635,2202.7741,2145.5731,0.0000,-5215.8316,1639.2100,447.5911,1532.1945,4314.6798,-2808.9536,5944.0022,802.5619,1873.5819,6897.3481,3907.0466,2542.9269,-116488.2223,-98912.2852,-113439.7742,-114352.9724,-105509.7872,-108196.6860,-109796.7737,-111472.8053,-271209186.3532,-271162290.0830,-271197714.2442,-271188574.3766,-110874.3750,-271196475.5917,-1758.4360,1437.0061,-5372.4598,4800.6153,120.5277,-6715.5799,1044.0434,-1610.9301,4130.6958,-3131.5099,-4219.4433,6042.1227,-1780.4132,2543.3685,2780.5727,-3843.8702,-4587.8481,-1786.1179,3772.8609,3696.8650,-34.2652,-5193.7252,-4901.2526,-1140.1578,-674.7828,4518.5317,3331.8704,4725.1058,-4014.5552,-134.2173,-293.0057,-1321.2975,861.0640,2397.6275,-5811.9863,2344.8418,-3253.6775,4549.8736,7.1426,-4560.4705,3735.4958,-3449.6680,4213.5496,-2822.5728,-4115.8999,-4056.9051,-3200.4964,-4870.0819,-6392.5100,-5022.4551,-2499.8916,-2585.1284,-2223.6598,1832.1355,3794.6530,1128.7690,-1572.4729,-995.5382,6591.2087,-5804.9893,5103.9351,-4197.7636,-3928.1342,-732.8941,0.0000,-6091.3968,3173.2757,3004.6429,0.0000,5842.5787,-6270.4556,1058.5267,-3282.7978,-901.1436,-6217.5358,-3270.1684,-4609.6966,-160.0996,2836.5215,2379.9988,-2141.4014,4333.9640,3016.2017,427.7269,-1493.5305,4627.3737,-6026.7173,0.0000,-3495.2176,3824.8699,-4777.4959,-5658.3701,-1981.8474,4299.9157,377.5096,5216.5006,3952.6523,-321.7621,5522.7204,534.4803,-367218.7441,-350789.6102,-360761.0929,-358320.0952,-359780.2195,-359133.3315,-352584.1652,-355078.1859,-22620823.9715,-22597771.4881,-22624758.9909,-22634619.8412,-355262.3211,-22631163.6734,-3845.9747,-6491.3400,4366.8853,-4493.7472,-523.0879,347.8058,-2345.1356,-2687.5030,3590.2175,-4597.6771,2746.5715,2123.8997,4399.7284,5496.5335,1505.9380,447.8644,226.4036,-4830.1620,4090.1487,5281.8558,2202.8966,4272.7940,3486.1935,-3079.6213,-3514.4554,4002.2117,-3793.5390,-3034.1293,-443.8338,5388.4135,3534.0261,-4328.2746,-3191.0163,-823.2151,418.9821,-577.4535,-5147.3348,-5164.7196,-5301.4922,-5045.5915,-4596.5306,4742.2858,4939.5611,1665.1907,467.5080,5045.4017,3801.8429,4864.0846,571.5429,4602.6678,3880.2947,2774.0787,6012.8202,5068.8759,-2046.6651,4498.3721,-4286.7768,-5501.4682,-132.9289,2641.0272,4627.4118,-5206.3367,4768.6081,-6782.8394,0.0000,-3085.7399,-5281.7872,-1017.9856,0.0000,-3721.7024,668.3773,411.0827,5520.5467,1501.0588,563.6651,-2566.9520,8.9684,184.6816,5246.6067,-4832.9271,-2404.6463,4709.6393,-4186.0311,2223.3898,3460.2297,-4637.5562,-2720.4779,0.0000,2091.6607,5465.4101,4972.3839,3550.2229,-5078.4948,4603.3988,3578.7005,-4476.1376,-5230.2245,231.0099,1522.5659,6428.0818,77644.3527,74918.1245,77458.8331,78241.2175,82911.3912,74983.3212,67453.8756,74859.4456,118302475.4970,118281498.9268,118271097.3765,118299609.5875,76504.2062,118290272.7236,
5100.000,-6492.4444,-258.4462,-2089.2341,73.9078,6583.2685,366.1237,-6483.2637,5987.6769,-3242.7500,2264.8814,-5237.7325,3820.4774,-5060.3290,4586.0573,6690.5657,-6370.3038,4088.2574,4604.0172,-3311.6294,223.1664,5876.2486,-740.7202,2443.8207,6163.6230,5924.0717,5089.0883,5940.0022,-2284.6853,4511.3821,-3691.9439,6029.9310,6433.7835,-4959.3603,-6159.1906,-4609.7887,-5477.8164,1095.3056,1168.9271,-2852.7309,-759.4208,4979.2823,1637.4950,-241.0755,5480.9255,4475.4744,2291.4567,-5161.5166,-2069.8419,-3506.2471,-747.9308,3439.0473,-5608.7659,-2417.3880,-2664.2789,6096.9789,-5415.2723,3625.2966,3157.8343,3132.8876,-3245.3714,1402.2685,-403.7440,1507.1542,986.8395,0.0000,-625.9060,4843.1707,6328.9144,0.0000,1516.6186,-3844.3646,6497.9404,-4085.2162,5813.0953,-3986.6640,-6529.6135,3930.4557,6576.8314,-1380.1285,-2155.4920,-5683.9848,-522.1561,5924.8143,-6551.2135,-5321.8060,3273.2738,1093.5562,0.0000,-6110.9138,3454.5322,-1489.1678,-107.9858,2389.4261,-1761.8548,4643.5128,2274.9530,3351.8258,6436.8522,5154.5119,330.6245,-108548.7886,-91562.7307,-105999.4881,-106786.4987,-97954.9309,-100690.7606,-102233.9201,-103707.3175,-270648180.5239,-270602085.9392,-270637306.0293,-270627187.2801,-103333.1142,-270635534.4120,-530.4305,2724.5330,-4622.6482,5637.2753,-1098.0585,-6745.1012,2349.3636,-3242.7475,5630.7192,-4528.7620,-2420.3996,5739.6561,352.4492,835.9588,1686.0399,-2471.5118,-5288.1359,-3639.6727,5328.9751,4106.5136,-1617.8734,-4399.0610,-6136.0472,-2566.8299,-2483.2739,3643.0861,2023.0423,4832.9995,-4723.8225,2000.9280,-2103.3030,-1075.3095,2451.1038,2942.6482,-4646.5236,3313.3119,-3971.1826,5331.1138,1119.2184,-4121.4969,3075.6312,-3979.6488,4197.0314,-4230.6706,-5177.2066,-5575.7148,-1189.3303,-3678.7445,-5485.5405,-5594.1621,-3374.4737,-699.8199,-80.9562,3204.0642,2874.6785,2865.7084,-2783.1352,-2985.0393,5933.1431,-4377.9881,5412.5930,-4122.0102,-5448.6026,-1044.9350,0.0000,-5577.8817,2086.0060,1401.2954,0.0000,4710.5835,-5623.1255,-206.9197,-1795.1976,-2039.6344,-5521.2318,-1982.0779,-5500.9133,-1354.3527,3863.7975,3457.3117,-604.9824,4278.1340,1561.4401,1727.0944,466.3690,2876.1824,-5200.0527,0.0000,-2530.3089,2615.1441,-3922.6305,-6436.6917,-2251.8985,5760.0682,-496.7453,3836.5707,2348.2747,-1797.2971,4641.0720,892.5995,-369490.4918,-352898.5097,-362920.5024,-360392.7126,-361984.8335,-361249.5217,-354887.1979,-357761.6376,-28535446.4904,-28511736.8537,-28539617.1682,-28548816.2773,-357486.6839,-28545829.7047,-2354.7273,-6395.6718,4711.4532,-3843.8762,1299.8313,-1460.5132,-599.8923,-1289.3262,2407.3751,-4556.6024,3839.8229,357.3986,4718.6501,5080.4324,-301.0420,-1095.7148,-1582.4269,-3692.7409,2669.4122,5332.9932,3435.5417,5151.5580,1910.2925,-1419.4654,-2311.0067,2978.1471,-2691.5190,-4363.9566,-2208.7297,5385.2560,2339.1732,-2378.0402,-4142.1780,1301.6791,1924.7053,-2337.6693,-5472.2600,-4242.1090,-6248.0427,-5516.1071,-3383.8187,5400.0297,5478.0995,148.1083,-1075.8241,3448.8894,4510.4146,5446.2865,2323.5217,4015.3755,4941.2742,3852.1040,6504.8417,5496.4929,-252.4648,3212.4451,-5190.0540,-5353.4784,1666.3191,4068.1148,4080.3285,-5533.8814,3650.4283,-6789.0131,0.0000,-4076.3519,-4473.0105,-2452.9750,0.0000,-4848.0311,-1144.2342,2180.8210,5259.0201,3141.0203,-1245.1343,-1148.3969,-1517.1464,-1614.0831,5448.3572,-5344.3351,-3889.4204,5393.7901,-3253.2722,449.7707,4299.0097,-5365.1757,-4482.6407,0.0000,286.2742,5330.9190,5489.5976,2357.9043,-6127.8813,3363.7495,5142.2833,-5291.3296,-5453.4051,1743.8694,-2.2287,6867.3547,77737.4633,75042.1769,77678.7548,78132.1616,83104.2002,75418.0180,67519.1509,74935.0737,118302244.6796,118281042.3147,118270944.7597,118299258.0431,76633.2193,118290011.7207,
5400.000,-6860.0236,1506.5277,-3901.9054,1939.2403,5695.4431,-908.6868,-5895.5810,5219.4177,-1946.3879,396.7022,-5237.0284,4682.3190,-4627.8508,5460.1067,6575.1474,-6389.8011,2643.7923,4148.2624,-2373.2220,2358.6376,4569.6313,-2551.5138,1335.2329,5710.9772,5447.0304,6278.6539,6682.5424,-308.3892,2969.5468,-2871.1087,5653.9832,6905.5949,-3383.9212,-5213.4887,-5214.4180,-4006.9340,-1041.6710,2832.2295,-946.3115,-2782.5265,6163.4833,-531.9764,1905.7144,4330.5832,2958.8285,1887.6088,-5000.8645,-3639.4622,-4115.2820,-2650.1377,1407.8921,-4987.4587,-2015.3688,-791.2332,6347.0673,-5190.6077,1717.9351,2020.7578,3884.0577,-3830.0782,3314.6551,-2522.2725,231.2523,3150.7956,0.0000,-2437.1011,6080.2140,5897.4265,0.0000,2892.8577,-4502.0540,5572.7205,-5287.2502,4358.1810,-4602.2303,-6887.9779,2298.7124,5595.6489,664.8006,-83.7601,-4711.4046,1613.9542,6649.7967,-6014.8854,-4413.8652,4076.2549,-120.6257,0.0000,-6308.5238,4951.2801,-3311.3785,-1716.1727,221.9369,-576.2730,2892.2537,3573.0040,4531.6200,5345.2637,5902.8068,-1928.0938,-100564.6270,-84170.5123,-98513.8742,-99169.9405,-90356.6710,-93154.9679,-94623.2347,-95848.1423,-269958197.5591,-269912917.7482,-269947909.4712,-269936853.0949,-95747.4116,-269945613.7921,724.0335,3804.5308,-3463.8425,5928.7332,-2216.6482,-6105.1488,3415.2480,-4550.3515,6581.6639,-5497.1146,-374.4696,4865.1494,2457.0398,-914.0991,419.6305,-849.1368,-5464.1627,-5117.7494,6324.1050,4136.0718,-3079.4854,-3193.7659,-6745.6179,-3713.5238,-4023.3142,2443.1777,534.8535,4501.9889,-4979.9853,3943.2587,-3680.0712,-679.6722,3837.3177,3204.4199,-2999.1000,3962.9025,-4343.9997,5617.6779,2192.1517,-3334.6243,2127.3343,-4174.3585,3823.7798,-5225.9635,-5743.3036,-6519.0093,943.8654,-2162.7839,-4024.0747,-5655.7637,-3967.9439,1278.3146,2084.3749,4308.2656,1648.1447,4294.9276,-3772.6968,-4697.1287,4678.1163,-2490.8724,5231.0740,-3699.1189,-6390.0013,-1150.0604,0.0000,-4553.3296,840.1034,-356.9372,0.0000,3140.4148,-4407.9384,-1475.7223,-175.1466,-3010.8514,-4270.4934,-511.6508,-5868.9942,-2431.4820,4548.3038,4218.8225,1027.0036,3855.4367,-14.8204,2839.3643,2403.9403,858.4253,-3875.8037,0.0000,-1280.4204,1193.1417,-2730.2586,-6578.6044,-2375.1383,6648.2954,-1385.4451,2108.5036,540.6683,-3113.5184,3310.0233,1058.5673,-371588.1218,-354854.5273,-364916.4698,-362293.4776,-364028.6484,-363193.8268,-357029.1939,-360252.1832,-34436361.5345,-34412015.2126,-34440794.0126,-34449285.4409,-359550.9523,-34446791.3138,-610.7917,-5625.5884,4550.7827,-2763.1824,2975.2815,-3110.9901,1209.8816,247.0585,966.4645,-4002.6800,4522.2147,-1447.8848,4532.5834,4113.1741,-2075.4310,-2521.3273,-3217.1069,-2160.7090,948.4931,4763.9729,4310.3586,5451.7199,124.7380,399.8599,-848.5599,1635.2056,-1288.1069,-5221.0962,-3733.3690,4781.2290,879.2193,-174.4410,-4646.4861,3288.1298,3214.2446,-3834.6423,-5192.1076,-2862.2405,-6536.2712,-5396.8340,-1781.3011,5474.7224,5425.2857,-1384.9094,-2503.6921,1485.4778,4742.0880,5436.8120,3824.6089,2997.7411,5467.5730,4501.5113,6306.2096,5328.8180,1571.0455,1580.6717,-5535.2930,-4624.9309,3285.6247,5034.8277,3095.0853,-5265.8388,2105.7993,-6074.5585,0.0000,-4632.0481,-3182.7092,-3625.2036,0.0000,-5455.5623,-2832.9644,3709.3494,4427.5939,4442.3989,-2920.0501,393.8219,-2880.5460,-3238.0424,5039.9914,-5230.3153,-4955.0322,5495.3507,-1973.1826,-1375.1393,4663.0623,-5515.1148,-5769.8896,0.0000,-1554.3194,4611.9503,5415.2856,904.6236,-6529.5490,1759.0758,6160.2102,-5538.8631,-5065.3991,3067.8955,-1526.8052,6575.8095,77830.3076,75166.5181,77896.6345,78016.9167,83293.6699,75857.6300,67589.0052,75146.9279,118302008.0969,118280585.7699,118270800.9150,118298889.3218,76762.1810,118289750.4837,
