sl_10_5400_20260714 Distances.csv
2026/07/14 07:47:00.0000 UTC

Generated: Tue Oct  8 14:47:18 2024,
Start: 2026/07/14 07:47:00.00, Stop: 2026/07/14 09:17:00.00,
TIME_UNITS,Distance STARLINK-31081 - STARLINK-1826,Distance STARLINK-31081 - STARLINK-4125,Distance STARLINK-31081 - STARLINK-32138,Distance STARLINK-31081 - STARLINK-1446,Distance STARLINK-31081 - STARLINK-1623,Distance STARLINK-31081 - STARLINK-4046,Distance STARLINK-31081 - STARLINK-1635,Distance STARLINK-31081 - STARLINK-5439,Distance STARLINK-31081 - STARLINK-31682,Distance STARLINK-31081 - MoonARTEMIS1,Distance STARLINK-31081 - MoonARTEMIS2,Distance STARLINK-31081 - MoonIOAGEO,Distance STARLINK-31081 - MoonIOAGNO,Distance STARLINK-31081 - MoonIOAGNO 0001,Distance STARLINK-31081 - MoonIOAGSO,Distance STARLINK-31081 - MoonIOAGSO 0001,Distance STARLINK-31081 - MoonLRO,Distance STARLINK-31081 - MarsSat1,Distance STARLINK-31081 - MarsSat2,Distance STARLINK-31081 - MarsSat3,Distance STARLINK-31081 - MarsSat4,Distance STARLINK-1826 - STARLINK-4125,Distance STARLINK-1826 - STARLINK-32138,Distance STARLINK-1826 - STARLINK-1446,Distance STARLINK-1826 - STARLINK-1623,Distance STARLINK-1826 - STARLINK-4046,Distance STARLINK-1826 - STARLINK-1635,Distance STARLINK-1826 - STARLINK-5439,Distance STARLINK-1826 - STARLINK-31682,Distance STARLINK-1826 - MoonARTEMIS1,Distance STARLINK-1826 - MoonARTEMIS2,Distance STARLINK-1826 - MoonIOAGEO,Distance STARLINK-1826 - MoonIOAGNO,Distance STARLINK-1826 - MoonIOAGNO 0001,Distance STARLINK-1826 - MoonIOAGSO,Distance STARLINK-1826 - MoonIOAGSO 0001,Distance STARLINK-1826 - MoonLRO,Distance STARLINK-1826 - MarsSat1,Distance STARLINK-1826 - MarsSat2,Distance STARLINK-1826 - MarsSat3,Distance STARLINK-1826 - MarsSat4,Distance STARLINK-4125 - STARLINK-32138,Distance STARLINK-4125 - STARLINK-1446,Distance STARLINK-4125 - STARLINK-1623,Distance STARLINK-4125 - STARLINK-4046,Distance STARLINK-4125 - STARLINK-1635,Distance STARLINK-4125 - STARLINK-5439,Distance STARLINK-4125 - STARLINK-31682,Distance STARLINK-4125 - MoonARTEMIS1,Distance STARLINK-4125 - MoonARTEMIS2,Distance STARLINK-4125 - MoonIOAGEO,Distance STARLINK-4125 - MoonIOAGNO,Distance STARLINK-4125 - MoonIOAGNO 0001,Distance STARLINK-4125 - MoonIOAGSO,Distance STARLINK-4125 - MoonIOAGSO 0001,Distance STARLINK-4125 - MoonLRO,Distance STARLINK-4125 - MarsSat1,Distance STARLINK-4125 - MarsSat2,Distance STARLINK-4125 - MarsSat3,Distance STARLINK-4125 - MarsSat4,Distance STARLINK-32138 - STARLINK-1446,Distance STARLINK-32138 - STARLINK-1623,Distance STARLINK-32138 - STARLINK-4046,Distance STARLINK-32138 - STARLINK-1635,Distance STARLINK-32138 - STARLINK-5439,Distance STARLINK-32138 - STARLINK-31682,Distance STARLINK-32138 - MoonARTEMIS1,Distance STARLINK-32138 - MoonARTEMIS2,Distance STARLINK-32138 - MoonIOAGEO,Distance STARLINK-32138 - MoonIOAGNO,Distance STARLINK-32138 - MoonIOAGNO 0001,Distance STARLINK-32138 - MoonIOAGSO,Distance STARLINK-32138 - MoonIOAGSO 0001,Distance STARLINK-32138 - MoonLRO,Distance STARLINK-32138 - MarsSat1,Distance STARLINK-32138 - MarsSat2,Distance STARLINK-32138 - MarsSat3,Distance STARLINK-32138 - MarsSat4,Distance STARLINK-1446 - STARLINK-1623,Distance STARLINK-1446 - STARLINK-4046,Distance STARLINK-1446 - STARLINK-1635,Distance STARLINK-1446 - STARLINK-5439,Distance STARLINK-1446 - STARLINK-31682,Distance STARLINK-1446 - MoonARTEMIS1,Distance STARLINK-1446 - MoonARTEMIS2,Distance STARLINK-1446 - MoonIOAGEO,Distance STARLINK-1446 - MoonIOAGNO,Distance STARLINK-1446 - MoonIOAGNO 0001,Distance STARLINK-1446 - MoonIOAGSO,Distance STARLINK-1446 - MoonIOAGSO 0001,Distance STARLINK-1446 - MoonLRO,Distance STARLINK-1446 - MarsSat1,Distance STARLINK-1446 - MarsSat2,Distance STARLINK-1446 - MarsSat3,Distance STARLINK-1446 - MarsSat4,Distance STARLINK-1623 - STARLINK-4046,Distance STARLINK-1623 - STARLINK-1635,Distance STARLINK-1623 - STARLINK-5439,Distance STARLINK-1623 - STARLINK-31682,Distance STARLINK-1623 - MoonARTEMIS1,Distance STARLINK-1623 - MoonARTEMIS2,Distance STARLINK-1623 - MoonIOAGEO,Distance STARLINK-1623 - MoonIOAGNO,Distance STARLINK-1623 - MoonIOAGNO 0001,Distance STARLINK-1623 - MoonIOAGSO,Distance STARLINK-1623 - MoonIOAGSO 0001,Distance STARLINK-1623 - MoonLRO,Distance STARLINK-1623 - MarsSat1,Distance STARLINK-1623 - MarsSat2,Distance STARLINK-1623 - MarsSat3,Distance STARLINK-1623 - MarsSat4,Distance STARLINK-4046 - STARLINK-1635,Distance STARLINK-4046 - STARLINK-5439,Distance STARLINK-4046 - STARLINK-31682,Distance STARLINK-4046 - MoonARTEMIS1,Distance STARLINK-4046 - MoonARTEMIS2,Distance STARLINK-4046 - MoonIOAGEO,Distance STARLINK-4046 - MoonIOAGNO,Distance STARLINK-4046 - MoonIOAGNO 0001,Distance STARLINK-4046 - MoonIOAGSO,Distance STARLINK-4046 - MoonIOAGSO 0001,Distance STARLINK-4046 - MoonLRO,Distance STARLINK-4046 - MarsSat1,Distance STARLINK-4046 - MarsSat2,Distance STARLINK-4046 - MarsSat3,Distance STARLINK-4046 - MarsSat4,Distance STARLINK-1635 - STARLINK-5439,Distance STARLINK-1635 - STARLINK-31682,Distance STARLINK-1635 - MoonARTEMIS1,Distance STARLINK-1635 - MoonARTEMIS2,Distance STARLINK-1635 - MoonIOAGEO,Distance STARLINK-1635 - MoonIOAGNO,Distance STARLINK-1635 - MoonIOAGNO 0001,Distance STARLINK-1635 - MoonIOAGSO,Distance STARLINK-1635 - MoonIOAGSO 0001,Distance STARLINK-1635 - MoonLRO,Distance STARLINK-1635 - MarsSat1,Distance STARLINK-1635 - MarsSat2,Distance STARLINK-1635 - MarsSat3,Distance STARLINK-1635 - MarsSat4,Distance STARLINK-5439 - STARLINK-31682,Distance STARLINK-5439 - MoonARTEMIS1,Distance STARLINK-5439 - MoonARTEMIS2,Distance STARLINK-5439 - MoonIOAGEO,Distance STARLINK-5439 - MoonIOAGNO,Distance STARLINK-5439 - MoonIOAGNO 0001,Distance STARLINK-5439 - MoonIOAGSO,Distance STARLINK-5439 - MoonIOAGSO 0001,Distance STARLINK-5439 - MoonLRO,Distance STARLINK-5439 - MarsSat1,Distance STARLINK-5439 - MarsSat2,Distance STARLINK-5439 - MarsSat3,Distance STARLINK-5439 - MarsSat4,Distance STARLINK-31682 - MoonARTEMIS1,Distance STARLINK-31682 - MoonARTEMIS2,Distance STARLINK-31682 - MoonIOAGEO,Distance STARLINK-31682 - MoonIOAGNO,Distance STARLINK-31682 - MoonIOAGNO 0001,Distance STARLINK-31682 - MoonIOAGSO,Distance STARLINK-31682 - MoonIOAGSO 0001,Distance STARLINK-31682 - MoonLRO,Distance STARLINK-31682 - MarsSat1,Distance STARLINK-31682 - MarsSat2,Distance STARLINK-31682 - MarsSat3,Distance STARLINK-31682 - MarsSat4,Distance MoonARTEMIS1 - MoonARTEMIS2,Distance MoonARTEMIS1 - MoonIOAGEO,Distance MoonARTEMIS1 - MoonIOAGNO,Distance MoonARTEMIS1 - MoonIOAGNO 0001,Distance MoonARTEMIS1 - MoonIOAGSO,Distance MoonARTEMIS1 - MoonIOAGSO 0001,Distance MoonARTEMIS1 - MoonLRO,Distance MoonARTEMIS1 - MarsSat1,Distance MoonARTEMIS1 - MarsSat2,Distance MoonARTEMIS1 - MarsSat3,Distance MoonARTEMIS1 - MarsSat4,Distance MoonARTEMIS2 - MoonIOAGEO,Distance MoonARTEMIS2 - MoonIOAGNO,Distance MoonARTEMIS2 - MoonIOAGNO 0001,Distance MoonARTEMIS2 - MoonIOAGSO,Distance MoonARTEMIS2 - MoonIOAGSO 0001,Distance MoonARTEMIS2 - MoonLRO,Distance MoonARTEMIS2 - MarsSat1,Distance MoonARTEMIS2 - MarsSat2,Distance MoonARTEMIS2 - MarsSat3,Distance MoonARTEMIS2 - MarsSat4,Distance MoonIOAGEO - MoonIOAGNO,Distance MoonIOAGEO - MoonIOAGNO 0001,Distance MoonIOAGEO - MoonIOAGSO,Distance MoonIOAGEO - MoonIOAGSO 0001,Distance MoonIOAGEO - MoonLRO,Distance MoonIOAGEO - MarsSat1,Distance MoonIOAGEO - MarsSat2,Distance MoonIOAGEO - MarsSat3,Distance MoonIOAGEO - MarsSat4,Distance MoonIOAGNO - MoonIOAGNO 0001,Distance MoonIOAGNO - MoonIOAGSO,Distance MoonIOAGNO - MoonIOAGSO 0001,Distance MoonIOAGNO - MoonLRO,Distance MoonIOAGNO - MarsSat1,Distance MoonIOAGNO - MarsSat2,Distance MoonIOAGNO - MarsSat3,Distance MoonIOAGNO - MarsSat4,Distance MoonIOAGNO 0001 - MoonIOAGSO,Distance MoonIOAGNO 0001 - MoonIOAGSO 0001,Distance MoonIOAGNO 0001 - MoonLRO,Distance MoonIOAGNO 0001 - MarsSat1,Distance MoonIOAGNO 0001 - MarsSat2,Distance MoonIOAGNO 0001 - MarsSat3,Distance MoonIOAGNO 0001 - MarsSat4,Distance MoonIOAGSO - MoonIOAGSO 0001,Distance MoonIOAGSO - MoonLRO,Distance MoonIOAGSO - MarsSat1,Distance MoonIOAGSO - MarsSat2,Distance MoonIOAGSO - MarsSat3,Distance MoonIOAGSO - MarsSat4,Distance MoonIOAGSO 0001 - MoonLRO,Distance MoonIOAGSO 0001 - MarsSat1,Distance MoonIOAGSO 0001 - MarsSat2,Distance MoonIOAGSO 0001 - MarsSat3,Distance MoonIOAGSO 0001 - MarsSat4,Distance MoonLRO - MarsSat1,Distance MoonLRO - MarsSat2,Distance MoonLRO - MarsSat3,Distance MoonLRO - MarsSat4,Distance MarsSat1 - MarsSat2,Distance MarsSat1 - MarsSat3,Distance MarsSat1 - MarsSat4,Distance MarsSat2 - MarsSat3,Distance MarsSat2 - MarsSat4,Distance MarsSat3 - MarsSat4,
SECONDS,km,km,km,km,km,km,km,km,km,km,km,km,km,km,km,km,km,km,km,km,km,km,km,km,km,km,km,km,km,km,km,km,km,km,km,km,km,km,km,km,km,km,km,km,km,km,km,km,km,km,km,km,km,km,km,km,km,km,km,km,km,km,km,km,km,km,km,km,km,km,km,km,km,km,km,km,km,km,km,km,km,km,km,km,km,km,km,km,km,km,km,km,km,km,km,km,km,km,km,km,km,km,km,km,km,km,km,km,km,km,km,km,km,km,km,km,km,km,km,km,km,km,km,km,km,km,km,km,km,km,km,km,km,km,km,km,km,km,km,km,km,km,km,km,km,km,km,km,km,km,km,km,km,km,km,km,km,km,km,km,km,km,km,km,km,km,km,km,km,km,km,km,km,km,km,km,km,km,km,km,km,km,km,km,km,km,km,km,km,km,km,km,km,km,km,km,km,km,km,km,km,km,km,km,km,km,km,km,km,km,km,km,km,km,km,km,km,km,km,km,km,km,km,km,km,km,km,km,km,km,km,
0.000,11736.4175,8184.4413,4731.1356,11128.8279,8046.7450,11265.8531,13580.9333,7056.8203,0.0000,360984.8539,357494.1272,360579.9061,365811.6198,360210.7350,357627.8414,362869.8428,364049.4058,308750162.6635,308747410.5620,308753065.5596,308771970.5518,5550.1425,11414.7231,9866.3436,5286.4510,10748.4977,6956.4821,11063.9121,0.0000,351048.0469,347365.7132,350666.0788,355852.4818,350157.5199,347748.0455,353009.0169,354081.2930,308744325.0188,308741571.4172,308747227.1377,308766132.5114,9683.0938,12077.2570,1446.8895,12815.4630,10645.1653,10604.0244,0.0000,355092.9138,351614.2252,354679.0306,359853.8971,354218.8451,351797.6108,357117.5692,358143.3768,308744955.6370,308742202.6824,308747857.9861,308766763.3153,7767.9107,8888.4233,8167.8973,13182.1381,2548.3836,0.0000,357972.5649,354451.9903,357578.3682,362846.5149,357258.2539,354577.7958,359764.0036,361042.7444,308748671.5254,308745919.3853,308751574.5569,308770479.3811,11268.2038,1566.6234,8878.7698,5594.6428,0.0000,353248.4208,349394.6398,352905.4775,358187.7058,352500.5651,349850.3761,354944.2725,356289.2273,308748969.4915,308746216.3974,308751872.1614,308770777.0766,12133.7190,10772.0050,9658.2423,0.0000,354325.1785,350868.3597,353910.0775,359096.4978,353475.1456,351016.9271,356326.6962,357380.5700,308744282.9891,308741530.1010,308747185.4157,308766090.6787,8796.9278,6156.7426,0.0000,354331.4612,350414.1388,353997.9489,359283.4211,353578.9706,350931.7412,356006.6516,357367.0331,308750523.6934,308747770.5788,308753426.3573,308772331.2725,12367.8340,0.0000,353178.7872,349126.3861,352852.3433,358055.9502,352256.4761,349871.8202,355026.1481,356180.6947,308750172.3963,308747418.3345,308753074.3423,308771979.7581,0.0000,356165.3201,352571.6198,355784.1554,361065.5302,355461.7290,352759.0390,357911.3042,359231.4307,308748285.1243,308745532.7846,308751188.1229,308770092.9173,0.0000,0.0000,0.0000,0.0000,0.0000,0.0000,0.0000,0.0000,0.0000,0.0000,0.0000,0.0000,20007.5668,2977.4464,7210.8698,6983.8629,5091.7639,10032.8367,3652.6098,308475349.5196,308472569.8914,308478242.5915,308497149.5056,22788.0057,24989.7119,18337.1559,20146.7689,18184.6844,19191.0430,308490920.9622,308488139.5989,308493813.2600,308512720.4720,6361.8744,8094.2860,5931.7922,12160.1728,5840.2779,308473754.5088,308470975.1742,308476647.6843,308495554.5793,8597.8990,11868.9482,15510.1712,6385.6246,308469043.1267,308466263.1874,308471935.9342,308490843.0455,10888.7636,15421.5573,6798.2600,308476970.5582,308474190.2523,308479863.0915,308498770.3923,8597.8990,8206.2932,308478252.4598,308475473.3820,308481145.8937,308500052.5800,10098.3492,308478033.7030,308475254.0769,308480927.1131,308499833.6409,308474056.8473,308471276.7353,308476949.6940,308495856.7019,45713.6854,26898.8927,24897.4225,24394.5084,41744.1911,25821.7843,
300.000,11687.7720,8240.4288,6515.7534,12141.3316,8138.6759,12499.2218,13598.3532,8686.5564,0.0000,359194.4149,355663.2215,358920.6899,364007.5745,358374.2991,355841.1699,360886.8774,362548.2266,308746439.7982,308743101.9740,308748668.1836,308767806.0373,5527.0703,11194.9182,7890.4058,5224.4973,8993.5159,7208.3211,10708.8820,0.0000,350628.8854,346728.9730,350417.2438,355474.1363,349697.5521,347327.4865,352332.7729,353939.1743,308743879.7158,308740540.2289,308746107.2873,308765245.4961,10665.4717,11285.1726,983.1390,12244.8398,10735.5235,11462.0715,0.0000,353245.3832,349596.6096,352984.8346,358024.4326,352315.5520,349949.1458,355038.8061,356574.0824,308742757.0509,308739418.1496,308744984.8085,308764123.0013,7802.3529,10065.3638,8314.2046,12460.3466,2565.8035,0.0000,356299.9258,352616.9481,356064.2285,361200.7076,355556.2662,352902.3046,357836.8783,359653.3707,308746673.3027,308743335.3095,308748901.8191,308768039.4771,10730.2649,1862.0312,7131.0409,5683.3293,0.0000,352749.5314,348703.6299,352577.4828,357703.8269,351935.7974,349381.3473,354245.7821,356066.2359,308748012.6477,308744673.5527,308750240.6438,308769378.5165,11795.6797,10771.1469,10821.5201,0.0000,352704.5116,349062.1936,352444.5173,357491.9802,351790.6647,349399.7934,354479.4757,356036.0181,308742385.8215,308739046.9497,308744613.6257,308763751.7773,6583.6223,6163.4922,0.0000,354208.7961,350098.7655,354048.2844,359176.8777,353391.4386,350841.0414,355686.1225,357520.3321,308749874.5320,308746535.4381,308752102.5279,308771240.4012,11262.6597,0.0000,355078.4756,350868.8447,354923.6431,359993.6319,354132.9610,351777.4001,356687.0228,358364.2342,308750913.9650,308747574.2918,308753141.4694,308772279.6919,0.0000,355283.3106,351480.8882,355070.9539,360215.9547,354540.0202,351882.7853,356776.1220,358628.0170,308747388.6792,308744050.4236,308749617.1141,308768754.7773,0.0000,0.0000,0.0000,0.0000,0.0000,0.0000,0.0000,0.0000,0.0000,0.0000,0.0000,0.0000,19550.9827,3552.4942,7364.4471,7007.1905,4919.5371,9775.4320,3865.0290,308474297.9826,308470932.3487,308476516.3245,308495656.2409,22921.7324,24932.8687,18443.8338,20108.0968,18177.3568,18979.6534,308489633.8708,308486266.5401,308491851.4450,308510991.6550,6116.5569,8212.7026,5924.3428,12248.8576,6311.1074,308472206.7833,308468841.4880,308474425.2464,308493565.1390,8634.7185,11594.3533,15434.5441,6495.1074,308467729.0181,308464363.1230,308469947.1216,308489087.2137,10800.9337,15612.8862,7068.8643,308475577.1262,308472210.8570,308477794.9392,308496935.2276,8634.7185,8407.4209,308476857.3183,308473492.2674,308479076.0265,308498215.7308,10134.8837,308476854.6539,308473489.0832,308479073.3561,308498212.9016,308472719.1363,308469352.9980,308474937.2414,308494077.2544,46084.5463,27007.8442,24768.3027,24434.2259,41609.0321,25485.9165,
600.000,11567.3741,8092.4851,8082.7606,12561.4878,8166.7161,13155.4450,13619.2634,10250.4997,0.0000,357174.9302,353530.9353,357009.4629,361944.6245,356269.2572,353798.9315,358635.3239,360768.1757,308742964.2414,308739035.5227,308744515.4722,308763839.3324,5530.2361,9990.5024,5106.4141,5172.8457,6464.6546,7503.1564,9216.1123,0.0000,350915.3240,346775.2533,350854.7328,355774.1639,349927.1966,347590.8363,352329.0527,354461.4002,308743945.6439,308740015.2817,308745496.1120,308764820.2675,10481.2933,9571.2069,498.7007,10775.0235,10995.4651,11181.8492,0.0000,351815.4928,347943.5747,351691.6818,356591.4952,350810.4383,348492.7506,353332.7505,355378.7770,308741192.1548,308737262.2525,308742742.7439,308762066.9116,7840.7201,10162.2546,8492.5543,11417.2917,2859.2328,0.0000,354714.6943,350819.7905,354618.3580,359607.4952,353902.0712,351300.6274,355980.5125,358301.7727,308744892.4333,308740963.4320,308746443.7735,308765767.4375,9184.8520,1978.7292,5896.7404,5773.0208,0.0000,352745.1821,348498.4351,352717.2346,357675.4091,351831.9402,349387.4896,354030.8941,356293.3393,308747125.0154,308743194.8888,308748675.7364,308767999.7022,10441.4990,10838.0495,10818.4059,0.0000,351583.2483,347701.0461,351462.6597,356366.1254,350584.9552,348257.5081,353088.8493,355146.7129,308741193.6917,308737263.7791,308742744.2922,308762068.4452,4564.0789,6171.5199,0.0000,354407.5191,350102.3674,354392.0266,359351.5079,353492.2869,351052.0492,355677.4723,357951.1666,308749092.0750,308745161.9701,308750642.8023,308769966.7681,9664.1631,0.0000,357203.1855,352845.4211,357189.9820,362118.4189,356216.1603,353882.7413,358547.4479,360733.7490,308751401.9741,308747471.7285,308752952.4944,308772276.6309,0.0000,354599.3568,350554.2241,354536.2396,359528.2518,353778.9426,351192.5705,355828.9185,358174.4553,308746625.6493,308742696.3536,308748176.8705,308767500.5694,0.0000,0.0000,0.0000,0.0000,0.0000,0.0000,0.0000,0.0000,0.0000,0.0000,0.0000,0.0000,19090.0552,4144.2443,7524.4318,7083.7747,4819.4826,9516.7450,4007.2215,308473238.8122,308469282.1061,308474779.8305,308494105.8622,23048.9101,24870.6292,18549.1924,20068.2380,18169.3873,18789.6679,308488352.2473,308484393.8878,308489892.5067,308509218.8261,5868.6472,8327.3327,5919.5794,12335.8172,6747.1438,308470666.8606,308466710.5409,308472208.0189,308491534.0216,8679.0996,11314.5110,15349.4652,6668.2432,308466427.1436,308462470.2304,308467967.9513,308487294.1377,10703.8210,15796.1223,7462.2866,308474188.2784,308470230.9842,308475728.7799,308495055.1676,8679.0996,8547.0233,308475464.2776,308471508.1905,308477005.6677,308496331.5015,10083.7619,308475679.2729,308471722.6956,308477220.6753,308496546.3506,308471399.9516,308467442.7364,308472940.7328,308492266.8566,46454.6600,27126.5804,24633.2961,24473.8440,41455.3923,25143.6704,
900.000,11413.2261,7779.1475,8999.6458,12263.1041,8119.3137,13040.5497,13634.6201,11215.0439,0.0000,355167.6161,351330.3372,355084.1906,359860.8510,354133.7397,351737.6844,356349.5994,358920.0053,308739962.6375,308735438.0150,308740834.2853,308760300.8472,5556.8941,8032.1295,2058.7227,5131.6469,3827.0715,7730.8267,6754.6537,0.0000,351894.4363,347496.4870,351954.7270,356727.7128,350825.1061,348518.8962,352982.7772,355603.9373,308744358.0284,308739831.9628,308745229.0488,308764695.8199,9149.9224,7343.8481,512.2939,8770.3922,11315.7687,9800.8272,0.0000,350979.2266,346835.3318,350968.2549,355722.2313,349875.1687,347600.2846,352172.7744,354702.9026,308740270.9526,308735745.1697,308741142.0142,308760608.8236,7865.4203,9167.4071,8614.6849,10481.5328,3241.9986,0.0000,353413.4817,349259.3097,353428.8527,358255.5986,352485.3860,349962.2039,354388.5101,357154.7915,308743363.7392,308738838.7510,308744235.4613,308763701.8498,6929.7722,1894.7664,6130.5863,5840.3667,0.0000,353258.1522,348801.0921,353335.9150,358117.1293,352206.4719,349879.3252,354309.9775,356965.3379,308746242.0188,308741716.0102,308747113.0951,308766579.8278,8348.0313,10939.3071,9646.6547,0.0000,351109.7314,346940.0017,351105.1424,355858.5526,350003.1345,347733.6253,352299.9966,354831.3479,308740674.9465,308736149.1168,308741545.9846,308761012.8039,4421.8471,6177.6429,0.0000,354927.7960,350423.0384,355017.3888,359799.1227,353875.6814,351552.3010,355967.9580,358631.5993,308748102.2347,308743576.2641,308748973.3227,308768440.0546,8184.4865,0.0000,359336.0123,354831.2360,359422.8547,364201.7516,358276.8700,355962.4287,360383.6393,363039.5507,308751417.8031,308746892.1533,308752288.9956,308771755.7149,0.0000,354207.4404,349890.3255,354263.4245,359087.4587,353265.6728,350773.1845,355158.8893,357935.9132,308745920.2765,308741394.9958,308746791.8570,308766258.3020,0.0000,0.0000,0.0000,0.0000,0.0000,0.0000,0.0000,0.0000,0.0000,0.0000,0.0000,0.0000,18630.1506,4744.7022,7686.5335,7218.7276,4805.6746,9260.9692,4052.8603,308472165.3717,308467612.6733,308473026.6810,308492495.4956,23169.3912,24802.7704,18653.0932,20027.2494,18160.6754,18632.3199,308487075.9443,308482521.6408,308487936.5057,308507405.6010,5618.6248,8438.3118,5917.2289,12421.0933,7124.8290,308469135.1035,308464582.8424,308469996.5728,308489465.3533,8731.0156,11029.6280,15254.8872,6871.1661,308465137.7063,308460584.8590,308465998.8347,308485467.7836,10597.4811,15971.3705,7943.5665,308472804.0116,308468250.7771,308473664.8187,308493133.9721,8731.0156,8615.5659,308474073.0946,308469521.0542,308474934.7823,308494403.4120,9950.2808,308474507.4364,308469954.9368,308475369.1550,308494837.6272,308470102.3176,308465549.1249,308470963.4016,308490432.2977,46823.9163,27254.9324,24495.4647,24513.3759,41285.2359,24796.6681,
1200.000,11278.6692,7406.8570,9086.0086,11329.2885,8016.3174,12180.2327,13637.8278,11335.8572,0.0000,353422.6600,349306.8343,353389.6198,358000.9020,352214.3522,349901.6821,354272.5864,357225.3752,308737609.0735,308732483.7129,308737798.9306,308757368.3677,5594.1733,5864.1457,2467.3450,5096.3090,3292.9640,7816.3951,3635.2472,0.0000,353482.5517,348808.9242,353619.9031,358236.9212,352295.2651,350018.8343,354205.5121,357252.3978,308744915.3364,308739788.8950,308745104.7728,308764674.3169,6817.1989,5520.4426,1009.3524,6988.4693,11568.5299,7522.3300,0.0000,350854.4554,346393.2488,350921.7113,355522.3120,349619.5703,347383.1282,351673.3017,354634.3386,308739935.0587,308734808.6891,308740124.4493,308759694.0537,7864.8583,7212.3394,8618.8463,10133.2377,3537.2472,0.0000,352570.6259,348111.0903,352658.5212,357309.4773,351472.6111,349050.7289,353227.9049,356359.7290,308742094.9634,308736969.1949,308742284.8513,308761854.1552,4683.4543,1616.8196,7620.4408,5871.9892,0.0000,354257.9164,349574.7829,354390.0149,358988.9457,353021.9545,350812.3150,355036.2129,358023.8830,308745299.1534,308740172.5881,308745488.4453,308765058.0897,6156.6624,11027.0059,7442.9674,0.0000,351364.2468,346865.1181,351440.8917,356037.2181,350118.3813,347901.1310,352188.9025,355141.0226,308740722.9911,308735596.5467,308740912.3280,308760481.9624,6335.3818,6179.5489,0.0000,355740.5765,351023.7775,355882.1765,360481.0367,354504.9871,352298.4847,356511.7612,359504.5004,308746853.9556,308741727.4375,308747043.2623,308766612.9054,7680.6968,0.0000,361269.0886,356604.2628,361402.0377,366023.4462,360092.5080,357798.4793,361978.4027,365040.8939,308750796.5873,308745670.8226,308750986.3018,308770555.7654,0.0000,354177.2927,349560.3635,354308.8181,358952.4809,353061.6422,350681.6613,354825.9677,357955.4522,308745191.1707,308740065.1447,308745380.9117,308764950.2838,0.0000,0.0000,0.0000,0.0000,0.0000,0.0000,0.0000,0.0000,0.0000,0.0000,0.0000,0.0000,18179.9490,5346.4723,7844.7372,7416.2009,4888.7530,9014.4176,3985.8982,308471068.5033,308465915.0410,308471247.9265,308490819.6766,23283.0370,24729.0463,18755.4093,19985.1906,18151.1267,18516.3576,308485804.8114,308480649.7979,308485983.5002,308505555.5229,5367.0775,8545.7781,5916.9875,12504.7242,7427.2545,308467611.8690,308462458.8983,308467791.4735,308487363.1843,8790.4360,10739.9522,15150.7461,7072.0450,308463860.9361,308458707.3879,308464040.2099,308483612.0746,10481.9817,16138.7324,8473.9639,308471424.3121,308466270.3711,308471603.2501,308491175.3212,8790.4360,8606.6548,308472683.5187,308467530.7572,308472863.3281,308492434.9051,9742.9569,308473339.0172,308468185.8286,308473518.8767,308493090.2976,308468828.2294,308463674.3104,308469007.4519,308488579.2679,47192.2067,27392.7105,24357.6682,24552.8357,41100.3878,24446.3486,
1500.000,11209.8059,7120.0218,8323.7003,10062.6380,7901.6824,10824.6506,13627.5766,10577.9963,0.0000,352171.0654,347689.8920,352148.5788,356587.4030,350737.4089,348514.4301,352627.4170,355890.0416,308736004.9468,308730274.1995,308735511.0302,308755146.8755,5624.8363,4710.6508,5555.6220,5059.4941,5655.5622,7741.5800,1140.5461,0.0000,355536.3384,350563.5127,355691.4782,360142.9934,354178.8937,351935.7028,355846.3622,359234.6926,308745400.8737,308739669.5306,308744906.7929,308764542.6377,3743.0429,5596.8797,1487.4512,6606.9516,11660.8221,4814.8566,0.0000,351487.0667,346664.5337,351584.1187,356022.6573,350077.6873,347878.1045,351875.4224,355191.2090,308740063.8285,308734332.3355,308739569.6170,308759205.5387,7838.2293,4603.5566,8490.5648,10579.7001,3639.1288,0.0000,352317.6377,347505.9651,352424.8170,356889.0574,350986.4622,348684.0881,352618.5016,356024.1726,308741065.6178,308735334.4670,308740571.6860,308760207.4482,4177.1885,1178.6834,9345.3620,5869.4129,0.0000,355664.9642,350728.4184,355786.7053,360200.9521,354190.6483,352092.4682,356111.4410,359362.0235,308744239.2430,308738507.6131,308743744.8364,308763380.8937,5216.0627,11060.0661,4491.6056,0.0000,352349.5759,347482.1485,352458.0977,356889.6034,350922.2993,348752.8971,352752.4596,356051.1465,308741168.2136,308735436.6304,308740673.9265,308760309.8919,8594.3610,6176.7235,0.0000,356791.2844,351836.6987,356918.5475,361332.3384,355316.8941,353221.4300,357235.2307,360487.5247,308745324.8260,308739593.2439,308744830.4340,308764466.4901,8539.8075,0.0000,362826.4310,357969.6144,362939.3298,367395.4194,361471.2464,359203.9213,363144.6774,366530.9024,308749445.8029,308743715.3293,308748952.0798,308768587.8235,0.0000,354546.6645,349599.3420,354694.7600,359148.8456,353195.1265,350940.4354,354853.4576,358246.3484,308744359.9566,308738628.6115,308743865.8902,308763501.7221,0.0000,0.0000,0.0000,0.0000,0.0000,0.0000,0.0000,0.0000,0.0000,0.0000,0.0000,0.0000,17752.9508,5940.6254,7990.5757,7678.5137,5072.7767,8786.4285,3799.8194,308469935.8822,308464177.0361,308469431.4509,308489069.6555,23389.7169,24649.1854,18856.0244,19942.1242,18140.6521,18447.3096,308484538.6954,308478778.3573,308484033.5455,308503672.0135,5114.7317,8649.8722,5918.5219,12586.7446,7642.8657,308466097.5067,308460339.2098,308465593.2794,308485231.4393,8857.3262,10445.7801,15036.9600,7243.7432,308462597.0934,308456838.2288,308462092.5462,308481730.8464,10357.4070,16298.3061,9016.1071,308470049.1562,308464289.8941,308469544.2594,308489182.7663,8857.3262,8516.5987,308471295.2925,308465537.1934,308470791.2565,308490429.2986,9473.9467,308472173.8848,308466415.3923,308471669.9185,308491307.8063,308467578.5177,308461819.2766,308467073.9227,308486712.1741,47559.4239,27539.7058,24222.5518,24592.2392,40902.5295,24093.9777,
1800.000,11224.0162,7038.4846,6851.1555,8992.7616,7825.8331,9475.4721,13608.3881,9105.9670,0.0000,351596.3492,346664.8454,351534.2260,355793.3472,349880.8372,347751.0073,351589.9197,355077.4164,308735167.3594,308728826.7684,308733987.9130,308753656.9073,5634.5908,5747.3684,8248.3111,5014.3183,8318.8940,7548.5686,3857.8506,0.0000,357870.1684,352564.3549,357968.6770,362245.5962,356273.9920,354071.5250,357710.4957,361340.8575,308745606.3541,308739265.7226,308744427.0224,308764095.9148,449.5618,7496.5130,1831.0518,7971.0987,11565.1904,3143.7651,0.0000,352844.8956,347615.8347,352908.0308,357175.2071,351203.0692,349042.4536,352741.3111,356318.2396,308740487.0276,308734146.0371,308739307.4914,308758976.4706,7795.8741,2247.8421,8267.3168,11557.6840,3508.5307,0.0000,352725.9163,347512.7946,352784.3429,357053.8863,351089.8853,348918.9213,352617.0076,356199.5265,308740228.9847,308733888.0415,308739049.4808,308758718.4442,6040.8542,651.9952,10615.1252,5848.3158,0.0000,357360.3658,352128.1640,357395.3942,361624.5316,355585.4884,353588.1439,357398.4921,360835.6900,308743018.8047,308736677.7589,308741839.0048,308761508.1856,6487.1017,11021.0206,1574.8737,0.0000,353990.5716,348715.5646,354065.5980,358324.2240,352325.8157,350202.4532,353908.6825,357463.2439,308741796.7670,308735455.6857,308740617.1440,308760286.1736,10315.3977,6170.6264,0.0000,358005.5512,352770.9248,358040.7480,362269.2519,356228.6774,354234.0886,358045.3941,361480.8535,308743523.4285,308737182.4224,308742343.6394,308762012.8202,10145.6220,0.0000,363880.9263,358779.2755,363897.3092,368180.4273,362271.2618,360041.5264,363744.3195,367356.7664,308747355.2191,308741015.5578,308746176.2876,308765845.0692,0.0000,355316.1727,350001.4966,355406.5726,359665.1828,353657.5233,351534.3997,355224.8334,358787.7930,308743359.7801,308737018.7262,308742180.1695,308761849.1951,0.0000,0.0000,0.0000,0.0000,0.0000,0.0000,0.0000,0.0000,0.0000,0.0000,0.0000,0.0000,17368.8975,6514.8985,8112.4409,8004.7058,5352.5014,8590.2201,3499.9897,308468751.8940,308462383.1986,308467561.8490,308487233.2419,23489.3086,24562.8865,18954.8316,19898.1153,18129.1675,18426.9500,308483277.4401,308476907.3169,308482086.6946,308501758.3407,4862.4931,8750.7362,5921.4711,12667.1852,7764.6984,308464592.3584,308458224.2726,308463402.5411,308483073.8839,8931.6481,10147.4662,14913.4292,7364.8041,308461346.4733,308454977.8310,308460156.3476,308479827.8178,10223.8639,16450.1860,9536.4574,308468678.5114,308462309.4673,308467488.0228,308487159.6987,8931.6481,8344.1403,308469908.1519,308463540.2525,308468718.5121,308488389.7520,9159.5885,308471011.9054,308464643.6478,308469822.3557,308489493.4433,308466352.7611,308459983.7564,308465162.6007,308484834.0189,47925.4619,27695.6915,24092.5391,24631.6032,40693.2015,23740.6620,
2100.000,11301.3172,7185.0933,5025.4892,8719.9294,7822.7406,8822.7749,13588.6578,7339.3571,0.0000,351809.5201,346349.1079,351647.6253,355719.8022,349751.1527,347715.4976,351266.0106,354886.7366,308735027.3733,308728072.6750,308733160.8680,308752832.7888,5617.8075,7885.3488,10089.1326,4957.3351,10339.1596,7328.6545,6946.6710,0.0000,360275.9190,354592.1752,360232.4534,364326.4465,358359.3243,356208.8342,359582.2831,363347.0715,308745354.6477,308738400.4734,308743488.5281,308763160.2615,3309.2109,9724.0503,1993.4248,10007.2569,11327.1206,4720.1647,0.0000,354819.7636,349137.2018,354772.2693,358858.7700,352874.4341,350759.0511,354158.7363,357892.7260,308741003.0174,308734048.3106,308739136.6386,308758808.4614,7755.0522,3266.8560,8027.6371,12578.5584,3167.1662,0.0000,353794.9833,348128.8958,353724.9359,357794.7631,351777.3403,349742.8252,353209.0748,356871.9067,308739517.2245,308732562.2671,308737650.6287,308757322.5659,8409.9743,347.3405,11095.9389,5832.3165,0.0000,359197.8456,353613.7630,359063.3940,363107.8075,357055.4256,355145.9228,358737.7687,362280.4303,308741612.7925,308734658.1252,308739746.1164,308759418.1735,8719.6604,10922.7447,3143.9875,0.0000,356141.9712,350418.2749,356104.6171,360182.3886,354170.6654,352095.1467,355507.2113,359216.7273,308742374.4904,308735419.7072,308740508.0256,308760179.8984,11134.1591,6164.0493,0.0000,359295.1559,353722.9132,359154.6553,363198.4740,357147.4762,355241.2934,358840.4338,362377.8896,308741488.2323,308734533.5888,308739621.5597,308759293.6190,11674.4571,0.0000,364363.4365,358945.7886,364201.8035,368304.5071,362413.7277,360236.3763,363700.7659,367433.7643,308744597.2876,308737644.0789,308742731.5671,308762403.1924,0.0000,356446.6906,350720.6738,356394.0026,360454.1774,354404.0899,352412.5202,355885.4270,359525.3898,308742142.6522,308735187.6781,308740275.9892,308759947.9742,0.0000,0.0000,0.0000,0.0000,0.0000,0.0000,0.0000,0.0000,0.0000,0.0000,0.0000,0.0000,17053.6941,7052.5392,8195.6120,8388.4657,5711.6923,8442.8661,3110.4957,308467499.1275,308460516.2750,308465621.9195,308485296.2769,23581.6978,24469.8153,19051.7328,19853.2316,18116.5936,18453.0515,308482020.8868,308475036.6744,308480142.9981,308499817.5977,4611.5004,8848.5135,5925.4472,12746.0723,7790.0416,308463096.7569,308456114.5760,308461219.8008,308480894.1028,9013.3591,9845.4335,14780.0346,7419.5900,308460109.4104,308453126.6854,308458232.1580,308477906.5751,10081.4895,16594.4633,10006.1146,308467312.3364,308460329.2060,308465434.7084,308485109.3293,9013.3591,8090.3416,308468521.8263,308461539.8206,308466645.0340,308486319.2467,8820.9332,308469852.9419,308462870.6144,308467976.2604,308487650.3233,308465149.2553,308458166.2007,308463271.9892,308482946.3498,48290.2164,27860.4244,23969.8295,24670.9460,40473.8094,23387.3636,
2400.000,11394.0510,7468.7863,3699.4311,9424.3549,7892.8429,9292.7929,13577.0151,6087.9595,0.0000,352830.8885,346776.7324,352504.4425,356382.6829,350369.3958,348427.3448,351677.8091,355339.6191,308735438.0358,308727865.1576,308732883.1676,308752530.6479,5579.7037,9852.9307,10853.4541,4890.0812,11370.4957,7191.4874,9349.7070,0.0000,362541.6198,356429.0603,362269.8159,366173.4746,360219.1202,358135.0082,361249.4384,365040.3370,308744518.8686,308736947.0254,308741964.6191,308761611.8502,6453.4881,11406.7845,1958.3919,11751.6303,11051.4752,7427.0099,0.0000,357236.8973,351056.0322,356997.1813,360894.2170,354911.0010,352851.2514,355955.1872,359739.5113,308741400.6918,308733828.1979,308738846.1542,308758493.4700,7732.5871,5966.9603,7862.9005,13234.1799,2702.4922,0.0000,355448.0287,349280.2068,355167.0625,359034.6662,352975.3415,351075.9148,354311.0243,357962.8328,308738849.0314,308731276.0190,308736294.0532,308755941.5870,10256.3855,771.2075,10682.8285,5843.0490,0.0000,361016.1014,355017.0765,360633.3235,364493.0306,358442.7662,356608.1402,359965.5529,363530.9273,308740017.2759,308732444.9175,308737462.4444,308757109.9950,10694.4601,10803.5922,6258.3648,0.0000,358602.6860,352390.6027,358369.0631,362258.4278,356249.7095,354228.0029,357348.5531,361109.0301,308742673.5311,308735100.9877,308740118.9193,308759766.2788,10915.2172,6159.9149,0.0000,360563.0478,354587.7720,360167.8634,364027.2382,357980.3379,356150.0058,359520.7237,363077.5402,308739283.3039,308731710.9481,308736728.4662,308756376.0217,12604.1771,0.0000,364263.9499,358449.5825,363847.8994,367762.9436,361889.3312,359782.0704,363005.3527,366752.7098,308741318.4936,308733747.5039,308738764.5967,308758411.7347,0.0000,357859.2616,351675.7510,357577.0235,361437.9555,355359.1336,353493.8538,356748.8425,360376.9170,308740684.6807,308733111.7447,308738129.6815,308757777.2445,0.0000,0.0000,0.0000,0.0000,0.0000,0.0000,0.0000,0.0000,0.0000,0.0000,0.0000,0.0000,16835.3343,7533.1753,8224.2126,8816.2375,6123.3376,8362.8768,2687.5086,308466162.7820,308458561.6257,308463597.0723,308483247.0300,23666.7780,24369.5990,19146.6374,19807.5428,18102.8556,18519.4896,308480768.8737,308473166.4267,308478202.5040,308497852.6925,4363.1960,8943.3479,5930.0377,12823.4275,7720.4176,308461611.0254,308454010.6019,308459045.5915,308478695.4888,9102.4125,9540.1870,14636.6380,7398.1508,308458886.2841,308451285.3300,308456320.5665,308475970.5675,9930.4606,16731.2254,10400.9477,308465950.5820,308458349.2197,308463384.4770,308483034.6786,9102.4125,7758.5960,308467136.0397,308459535.7801,308464570.7558,308484220.5765,8483.9792,308468696.8537,308461096.3103,308466131.7018,308485781.3753,308463965.0532,308456363.8186,308461399.3487,308481049.2881,48653.5840,28033.6461,23856.3984,24710.2868,40245.6329,23034.9161,
2700.000,11448.8337,7742.9335,4154.1452,10657.8668,8002.8595,10562.0801,13578.5482,6290.6387,0.0000,354583.2616,347893.9491,354032.9888,357710.7890,351668.4131,349818.9347,352760.8118,356377.3526,308736190.9820,308727996.0355,308732946.6679,308752545.0120,5534.3848,11079.1695,10453.9759,4818.5811,11270.2579,7215.3620,10768.2329,0.0000,364468.5475,357881.1331,363895.6225,367602.4626,361665.2791,359664.2233,362524.9704,366240.6744,308743035.5929,308734842.0821,308739792.0665,308759390.1282,8896.8891,12156.7412,1739.5542,12707.4506,10865.6194,9731.8628,0.0000,359871.8006,353158.6124,359366.7796,363066.4658,357094.8781,355104.8279,357919.2370,361652.5861,308741482.6363,308733288.4251,308738238.8222,308757836.9572,7737.3572,8304.0869,7835.6172,13303.8333,2284.1253,0.0000,357537.2511,350831.1423,356974.2328,360638.7852,354552.1352,352781.4199,355780.9022,359339.8495,308738138.8366,308729943.8986,308734894.4090,308754492.8302,11172.8501,1278.8136,9464.0429,5890.4176,0.0000,362652.1198,356180.5575,361960.1927,365633.8279,359600.4181,357830.0225,360931.8711,364440.7033,308738249.8584,308730055.8675,308735005.7892,308754604.1317,11854.9117,10712.0344,8815.2249,0.0000,361135.9650,354405.3682,360631.0635,364325.1073,358332.7400,356375.0273,359208.9200,362920.9305,308742498.4887,308734304.2637,308739254.6217,308758852.7897,9697.9398,6160.0182,0.0000,361709.2159,355270.2937,360999.2409,364673.0173,358643.9289,356878.9681,359999.2438,363496.4816,308736991.4097,308728797.3980,308733747.3233,308753345.6738,12692.8677,0.0000,363627.9694,357340.2965,362899.8986,366620.1726,360758.7068,358740.9625,361717.6680,365380.9777,308737723.1024,308729530.2355,308734479.8404,308754077.8347,0.0000,359439.4526,352760.1913,358855.0651,362517.0401,356424.8122,354676.9942,357707.0540,361242.5987,308738988.5567,308730793.7768,308735744.1548,308755342.5857,0.0000,0.0000,0.0000,0.0000,0.0000,0.0000,0.0000,0.0000,0.0000,0.0000,0.0000,0.0000,16734.6408,7937.2060,8185.7386,9267.6662,6553.5284,8364.5432,2337.3300,308464737.4045,308456513.9618,308461482.0658,308481082.9330,23744.4507,24261.8206,19239.4617,19761.1201,18087.8826,18616.7204,308479521.2368,308471296.5709,308476265.2584,308495866.3449,4119.4180,9035.3833,5934.8063,12899.2676,7561.7781,308460135.4765,308451912.8239,308456880.4359,308476481.2383,9198.7557,9232.3283,14483.0806,7296.1117,308457677.5248,308449454.3564,308454422.2139,308474023.1092,9771.0062,16860.5564,10701.6297,308464593.1918,308456369.6129,308461337.4820,308480938.5740,9198.7557,7354.7326,308465750.5114,308457528.0113,308462495.6069,308482096.3444,8179.1134,308467543.4970,308459320.7529,308464288.7465,308483889.3396,308462796.0933,308454572.7058,308459540.8249,308479141.6545,49015.4629,28215.0848,23753.9986,24749.6460,40009.8352,22684.0391,
3000.000,11429.0029,7878.6623,5863.3462,11810.7263,8102.6336,11937.6177,13592.5531,7756.2484,0.0000,356901.3861,349566.3758,356083.8093,359555.3135,353501.8450,351744.7056,354372.5069,357869.3295,308737039.7452,308728219.0175,308733105.1185,308752632.1200,5499.2930,11320.0374,8939.7487,4750.9492,10052.7750,7403.1034,11041.8968,0.0000,365889.8461,358796.9888,364969.9005,368474.2227,362555.0723,360655.0294,363264.8921,366818.7365,308740911.0309,308732091.9843,308736977.2774,308756503.9935,10365.5188,11837.7153,1387.2616,12668.3606,10862.9425,11150.3683,0.0000,362475.8272,355215.4878,361653.9955,365149.5320,359196.6671,357293.2415,359825.4673,363419.6915,308741086.6142,308732266.8917,308737152.6032,308756679.3758,7766.1967,9806.9045,7945.0819,12764.8258,2142.2050,0.0000,359861.9507,352602.0332,358970.2785,362431.5791,356334.4885,354683.1191,357436.5773,360834.8667,308737306.3775,308728485.8022,308733371.6495,308752898.7376,11003.0626,1670.2072,7750.7917,5968.0042,0.0000,363958.8135,356973.9187,362926.6223,366410.7130,360407.4374,358694.8859,361516.2989,364899.6417,308736347.7992,308727528.3591,308732413.6008,308751940.5336,11967.1527,10685.4803,10436.9987,0.0000,363496.4580,356234.9517,362667.6782,366160.1978,360193.6259,358313.8933,360866.6670,364443.0235,308741708.6629,308732888.9657,308737774.6265,308757301.4188,7710.5647,6164.2479,0.0000,362641.4988,355694.7332,361587.1623,365072.0253,359073.0706,357366.9647,360210.4976,363579.7884,308734705.2061,308725885.7238,308730770.9803,308750297.9236,11922.2170,0.0000,362553.2916,355732.4345,361485.5644,365003.9744,359147.1197,357238.7578,359960.2777,363457.2143,308734051.0783,308725232.3892,308730117.4675,308749644.1497,0.0000,361049.8843,353854.1887,360118.2438,363581.4868,357492.1649,355851.4828,358642.6073,362018.1256,308737083.0977,308728262.7419,308733148.4376,308752675.5171,0.0000,0.0000,0.0000,0.0000,0.0000,0.0000,0.0000,0.0000,0.0000,0.0000,0.0000,0.0000,16755.5747,8252.3416,8075.9830,9720.0970,6969.5189,8451.6940,2209.5738,308463231.3237,308454381.7782,308459285.4403,308478815.0159,23814.6248,24146.0126,19330.1283,19714.0358,18071.6075,18732.6015,308478277.8092,308469427.1033,308474331.3050,308493861.0886,3882.5175,9124.7631,5939.2947,12973.6044,7324.8211,308458670.4114,308449821.7065,308454724.8458,308474254.3530,9302.3295,8922.5740,14319.1823,7114.6606,308456483.6215,308447634.4168,308452537.7995,308472067.3894,9603.4229,16982.5370,10893.8167,308463240.1021,308454390.4856,308459293.8707,308478823.6524,9302.3295,6887.1759,308464364.9574,308455516.3934,308460419.5140,308479948.9667,7939.0675,308466392.7250,308457543.9583,308462447.4580,308481976.7694,308461637.4297,308452788.0747,308457691.6796,308477221.2014,49375.7528,28404.4561,23664.1642,24789.0452,39767.4748,22335.3537,
3300.000,11328.8044,7807.8961,7585.5161,12456.8145,8148.0494,12875.9328,13612.8366,9477.7038,0.0000,359557.2709,351596.5993,358449.0749,361709.1098,355663.1907,354000.1387,356310.8912,359631.0717,308737727.4207,308728277.3631,308733101.8249,308752537.5906,5487.9055,10529.0661,6498.8207,4693.9660,7892.2684,7681.0074,10140.0786,0.0000,366691.0429,359081.0093,365409.9681,368706.5999,362803.5891,361022.7797,363380.8651,366707.8939,308738219.9607,308728771.6461,308733595.2296,308753030.7355,10697.8340,10512.8621,1017.6524,11643.2617,11053.1152,11472.3925,0.0000,364808.0400,357006.6984,363645.2513,366930.8973,361000.4125,359202.3953,361459.1219,364846.1578,308740102.7900,308730653.8968,308735477.8593,308754913.4007,7805.3583,10266.3230,8127.3092,11792.4030,2369.4809,0.0000,362197.5586,354390.9379,360960.4186,364217.8156,358128.5579,356586.5026,359077.6442,362266.5948,308736285.5428,308726835.7662,308731659.8717,308751095.7201,9774.2049,1885.9756,6198.3968,6056.2797,0.0000,364826.3846,357307.6491,363454.9844,366743.5867,360781.6093,359126.2071,361640.4582,364847.2524,308734363.9542,308724915.3731,308729738.9225,308749174.5659,11007.3236,10732.5556,10927.9673,0.0000,365461.8756,357676.4168,364285.0874,367570.5253,361635.0002,359850.2738,362126.5829,365499.5181,308740233.5748,308730784.7432,308735608.6482,308755044.1957,5493.6154,6170.6327,0.0000,363291.2660,355812.5707,361895.7819,365185.8419,359227.4306,357579.0723,360117.2536,363308.4293,308732517.3244,308723068.6849,308727892.2578,308747327.9133,10493.4972,0.0000,361187.7089,353795.3156,359784.6410,363093.9552,357233.3643,355453.4307,357907.8113,361179.5399,308730552.1066,308721103.8161,308725927.3753,308745362.8846,0.0000,362550.6053,354837.7309,361259.1256,364522.7253,358452.8948,356909.6917,359441.3149,362608.2204,308735020.0390,308725570.5164,308730394.4681,308749830.2937,0.0000,0.0000,0.0000,0.0000,0.0000,0.0000,0.0000,0.0000,0.0000,0.0000,0.0000,0.0000,16883.7528,8477.2857,7900.1820,10154.9201,7347.7955,8616.1858,2397.6009,308461663.9147,308452184.6176,308457026.7828,308476465.1767,23877.2169,24021.6483,19418.5655,19666.3616,18053.9667,18853.4754,308477038.4216,308467558.0201,308472400.6858,308491839.2765,3655.5027,9211.6301,5943.0238,13046.4444,7025.3153,308457216.1190,308447737.7042,308452579.3214,308472017.6441,9413.0653,8611.7757,14144.7412,6860.6064,308455305.1299,308445826.2321,308450668.0902,308470106.4862,9428.0949,17097.2445,10968.5205,308461891.2433,308452411.9331,308457253.7843,308476692.3665,9413.0653,6367.1299,308462979.0925,308453500.8066,308458342.4028,308477780.6808,7794.8305,308465244.3873,308455765.9418,308460607.8972,308480046.0369,308460483.5689,308451004.5917,308455846.6270,308475284.9551,49734.3544,28601.4653,23588.2143,24828.5069,39519.5157,21989.3954,
3600.000,11175.7418,7538.6161,8751.5710,12399.3412,8118.7898,13087.7441,13630.4454,10755.2603,0.0000,362292.9908,353749.1701,360888.5640,363932.5415,357911.7684,356347.4714,358339.8258,361448.7200,308738015.7961,308727933.0134,308732698.7791,308752025.5603,5503.7563,8840.1930,3508.8969,4650.0557,5191.8485,7941.5949,8162.8522,0.0000,366826.2083,358701.4732,365197.3499,368281.2901,362390.9119,360746.8794,362847.7099,365910.5654,308735097.8417,308725016.6723,308729781.5866,308749108.1577,9857.5011,8466.4113,880.0996,9858.4759,11356.8108,10654.8427,0.0000,366664.7886,358343.8617,365161.5630,368232.4326,362325.0443,360652.0194,362637.5892,365775.0956,308738484.9459,308728403.3585,308733168.5713,308752495.1548,7836.7599,9623.8875,8289.5237,10756.3662,2790.0838,0.0000,364326.5627,355996.6472,362753.1620,365804.6189,359741.8554,358300.6969,360508.0545,363463.3108,308735031.6253,308724949.2216,308729714.5689,308749041.4186,7704.3431,1898.2313,5830.8627,6131.6348,0.0000,365199.7167,357142.2410,363515.4160,366600.1267,360687.9710,359095.5401,361276.1449,364280.0122,308732360.8783,308722279.5947,308727044.4966,308746371.1218,9151.7922,10828.8113,10230.2845,0.0000,366860.9280,358571.9787,365337.8049,368411.0585,362507.9522,360837.3134,362839.4749,365966.7021,308738080.1766,308727998.6787,308732763.8337,308752090.4113,4337.1512,6176.1903,0.0000,363626.6751,355607.5908,361918.7923,365005.5546,359095.7741,357510.3563,359714.5171,362702.4233,308730510.3137,308720428.9641,308725193.8939,308744520.5315,8875.4107,0.0000,359720.9622,351737.1527,358011.5692,361104.2573,355232.7480,353598.3503,355770.3152,358787.0879,308727458.0307,308717376.5413,308722141.6269,308741468.2384,0.0000,363819.7400,355603.1668,362183.8151,365244.8687,359210.6596,357757.9657,360004.1365,362938.6581,308732868.4863,308722786.3414,308727551.5493,308746878.3669,0.0000,0.0000,0.0000,0.0000,0.0000,0.0000,0.0000,0.0000,0.0000,0.0000,0.0000,0.0000,17094.4070,8619.6887,7669.5286,10561.0752,7676.7052,8842.3976,2840.2573,308460057.7903,308449945.2607,308454728.9176,308474058.3811,23932.1507,23888.1329,19504.7067,19618.1678,18034.8999,18965.4005,308475802.9023,308465689.3171,308470473.4404,308489803.0900,3442.2027,9296.1257,5945.4951,13117.7888,6684.2717,308455772.8756,308445661.2605,308450444.3502,308469773.7407,9530.8826,8300.9444,13959.5335,6546.4112,308454142.6820,308444030.6019,308448813.9292,308468143.3843,9245.5201,17204.7529,10922.6179,308460546.5394,308450434.0471,308455217.3584,308474546.9933,9530.8826,5808.7673,308461592.6329,308451481.1344,308456264.2010,308475593.5555,7769.8211,308464098.3309,308453986.7177,308458770.1224,308478099.3417,308459328.8985,308449216.8055,308454000.2632,308473329.6531,50091.1699,28805.8078,23527.2585,24868.0548,39266.8382,21646.6267,
3900.000,11020.5560,7154.1465,9120.1732,11653.7032,8025.7835,12511.7442,13637.5894,11245.0385,0.0000,364852.0335,355779.0549,363158.2458,365981.9607,360001.5421,358544.1636,360217.3098,363105.9756,308737712.5824,308726993.8230,308731703.8910,308750905.9246,5538.8091,6620.8674,1712.0817,4616.0927,3142.6108,8093.2641,5338.9299,0.0000,366323.9651,357693.5086,364379.5402,367245.5318,361364.0759,359872.8964,361705.8167,364498.7324,308731726.8422,308721009.3883,308725718.7260,308744920.6168,7936.5086,6344.7903,1135.8133,7840.0686,11649.4251,8812.1235,0.0000,367899.9468,359087.5046,366074.7735,368926.4826,363040.8817,361512.2271,363227.1847,366102.4117,308736254.9152,308725537.2506,308730246.7740,308749448.6538,7845.8737,7963.8171,8352.3099,10148.7113,3178.5130,0.0000,366063.1860,357240.3688,364180.7494,367022.1780,361003.9485,359658.8607,361557.0998,364282.9151,308733526.3025,308722807.9780,308727517.6124,308746719.6938,5317.4734,1704.2124,6980.7841,6176.4135,0.0000,365085.2023,356492.2413,363128.8926,365999.2038,360142.4274,358625.4905,360448.2724,363251.8044,308730403.7368,308719686.3286,308724395.6776,308743597.5449,6851.0634,10928.5662,8422.8895,0.0000,367590.7834,358823.6206,365741.9257,368598.0484,362725.6911,361189.1993,362915.9480,365784.9249,308735331.4831,308724613.9230,308729323.3955,308748525.2601,5503.3840,6178.2084,0.0000,363657.2390,355097.7220,361680.2147,364552.9149,358697.2823,357186.5731,359030.2549,361819.0071,308728747.5793,308718030.1075,308722739.4839,308741941.3623,7847.8859,0.0000,358365.8783,349783.6417,356392.9835,359261.0912,353374.6702,351900.1370,353771.3951,356535.5152,308724956.6240,308714238.5334,308718948.2218,308738150.1850,0.0000,364767.4846,356066.2100,362821.4646,365674.5381,359690.9170,358326.1261,360257.2754,362965.1378,308730707.5681,308719989.4776,308724699.0018,308743901.0472,0.0000,0.0000,0.0000,0.0000,0.0000,0.0000,0.0000,0.0000,0.0000,0.0000,0.0000,0.0000,17361.9955,8691.2335,7396.6141,10934.3536,7953.6718,9113.2850,3408.5895,308458432.3693,308447683.2957,308452411.4754,308471616.2409,23979.3575,23744.7920,19588.4897,19569.5207,18014.3500,19055.3942,308474571.0772,308463820.9897,308468549.6066,308487754.5479,3247.4290,9378.3894,5946.1922,13187.6335,6327.7117,308454340.9435,308443592.8075,308448320.4065,308467525.0979,9655.6838,7991.2764,13763.3127,6190.0453,308452996.9970,308442248.4150,308446976.2479,308466180.9958,9056.3430,17305.1331,10759.4025,308459205.9090,308448456.9157,308453184.7233,308472389.6443,9655.6838,5229.4349,308460205.3001,308449457.2679,308454184.8422,308473389.5055,7874.1642,308462954.3993,308452206.2992,308456934.1891,308476138.7205,308458168.1705,308447419.6321,308452147.5495,308471352.2380,50446.1029,29017.1712,23482.2024,24907.7134,39010.2493,21307.4483,
4200.000,10916.8052,6795.1997,8625.8537,10448.7069,7907.3319,11304.8006,13631.0246,10834.4314,0.0000,367005.7088,357459.4638,365037.5335,367636.8883,361708.7906,360370.1687,361722.7197,364409.4854,308736693.3215,308725335.4711,308729992.8979,308749056.2570,5577.0847,4738.6658,4257.0626,4584.6706,4268.2543,8091.5685,2102.4306,0.0000,365283.4813,356156.6477,363066.3752,365708.4437,359833.5670,358509.2797,360058.2173,362608.4339,308728316.8359,308716959.8378,308721616.7364,308740680.0292,5145.3676,5451.5305,1549.6286,6586.4248,11818.8758,6248.9450,0.0000,368435.6637,359159.1818,366318.5615,368946.7592,363080.8372,361714.8564,363154.7892,365786.2379,308733500.1603,308722143.1840,308726800.1351,308745863.3956,7827.7884,5526.7959,8278.2406,10318.4267,3392.7798,0.0000,367270.3672,357984.2412,365116.4361,367741.3572,361784.1296,360535.3762,362097.0184,364628.2223,308731779.7951,308720422.3861,308725079.4126,308744142.7962,3974.6416,1324.8530,8730.6765,6185.7955,0.0000,364547.3558,355424.7170,362365.0150,365008.9383,359210.0698,357787.4170,359232.3024,361867.5359,308728552.9224,308717196.1197,308721853.0526,308740916.2581,5136.5324,10985.7396,5718.5593,0.0000,367624.1960,358401.7367,365482.3894,368116.1988,362271.1479,360888.7828,362334.2853,364964.0671,308732137.2452,308720780.3724,308725437.2869,308744500.5266,7732.2002,6175.4104,0.0000,363430.2320,354333.3420,361232.0253,363878.2696,358079.6959,356661.6979,358122.6762,360746.0274,308727266.4516,308715909.5984,308720566.5533,308739629.7670,8123.9761,0.0000,357331.3268,348152.6906,355141.8924,357776.9910,351876.6191,350573.0725,352122.9387,354668.5844,308723169.9927,308711812.1048,308716469.4973,308735532.8860,0.0000,365343.0052,356174.5256,363131.4691,365768.4185,359848.5479,358574.6175,360159.7212,362678.0319,308728617.9466,308717260.7212,308721917.6775,308740981.0266,0.0000,0.0000,0.0000,0.0000,0.0000,0.0000,0.0000,0.0000,0.0000,0.0000,0.0000,0.0000,17665.5241,8703.7425,7092.7429,11274.8302,8180.9375,9414.1110,4004.2207,308456801.6089,308445412.8501,308450088.6253,308469154.7566,24018.7753,23590.8582,19669.8565,19520.4803,17992.2626,19112.5520,308473342.7700,308461953.0330,308466629.2206,308485695.5177,3077.0776,9458.5588,5944.5827,13255.9687,5985.6218,308452920.5705,308441532.7644,308446207.9506,308465274.0074,9787.3483,7684.1819,13555.8118,5814.4447,308451868.8943,308440480.6621,308445156.0779,308464222.1838,8861.3976,17398.4527,10489.0775,308457869.2653,308446480.6237,308451156.0049,308470222.2765,9787.3483,4649.9142,308458816.8264,308447429.1107,308452104.2709,308471170.3068,8101.8561,308461812.4333,308450424.6985,308455100.1506,308474166.0578,308456996.9833,308445608.8362,308450284.2949,308469350.3497,50799.0582,29235.2364,23453.7542,24947.5083,38750.4919,20972.2088,
4500.000,10896.8253,6610.2855,7354.7456,9242.5776,7814.3866,9863.7970,13613.4544,9604.3237,0.0000,368574.1626,358605.7051,366352.0939,368722.7753,362855.4103,361650.8646,362679.8307,365209.5694,308734915.2077,308722915.2856,308727523.1875,308746435.6423,5601.5884,4799.5954,7173.0677,4547.2496,6963.4168,7950.8639,2118.2974,0.0000,363863.0661,354246.5478,361420.6166,363831.6262,357963.9413,356818.2649,358061.9067,360428.0459,308725082.9978,308713083.3790,308717691.0131,308736603.4790,1792.4171,6681.1508,1916.9985,7107.5407,11806.7664,3730.9141,0.0000,368266.4325,358548.3510,365894.2249,368294.0427,362446.3237,361259.5759,362414.3031,364850.8535,308730364.7960,308718365.4320,308722972.9792,308741885.3952,7789.1927,2888.1114,8083.1514,11162.7983,3367.6718,0.0000,367870.6074,358145.2309,365487.2623,367886.7994,362004.6510,360858.5128,362055.8703,364456.3307,308729829.8331,308717830.3086,308722437.8875,308741350.3448,5227.5538,802.2371,10225.5894,6169.4972,0.0000,363698.7268,354052.3564,361334.7746,363739.6355,357998.4273,356694.1428,357746.4614,360271.1232,308726857.3333,308714858.0338,308719465.7216,308738378.0552,5549.5876,10973.1321,2511.0238,0.0000,367009.2964,357347.9459,364614.4227,367020.0393,361198.6798,359989.3960,361142.5688,363582.8449,308728697.6955,308716698.4175,308721305.9488,308740218.3422,9736.3150,6168.5204,0.0000,363022.4092,353392.1742,360648.8142,363055.4228,357314.4329,356012.4891,357074.2925,359591.6914,308726074.2630,308714074.9354,308718682.6357,308737594.9736,9497.8486,0.0000,356793.4708,347028.3250,354431.8282,356825.0608,350917.8385,349793.2842,350999.5749,353389.4331,308722140.5695,308710139.9015,308714748.1199,308733660.6942,0.0000,365536.6062,355913.1481,363107.6908,365517.8421,359672.5670,358498.6585,359707.5615,362102.7149,308726673.0376,308714673.6273,308719281.1820,308738193.6106,0.0000,0.0000,0.0000,0.0000,0.0000,0.0000,0.0000,0.0000,0.0000,0.0000,0.0000,0.0000,17989.6633,8667.4012,6767.2766,11584.5983,8362.4525,9733.5498,4568.4369,308455174.5101,308443143.0975,308447769.5811,308466684.8343,24050.3496,23425.4553,19748.7528,19471.0963,17968.5858,19128.9229,308472117.8019,308460085.4418,308464712.3164,308483627.7259,2938.0738,9536.7688,5940.1203,13322.7794,5689.5350,308451511.9894,308439481.5375,308444107.4281,308463022.6073,9925.7239,7381.3133,13336.7447,5446.2301,308450759.3075,308438728.4500,308443354.5656,308462269.7869,8661.7623,17484.7764,10129.1103,308456536.5167,308444505.2528,308449131.3243,308468046.7037,9925.7239,4094.7510,308457426.9620,308445396.5863,308450022.4502,308468937.6148,8432.4327,308460672.2708,308448641.9267,308453268.0575,308472183.0965,308455812.1920,308443781.4424,308448407.5663,308467322.7471,51149.9419,29459.6785,23442.4324,24987.4658,38488.2532,20641.2137,
4800.000,10955.9070,6674.7483,5575.9339,8652.0262,7788.3581,8831.6441,13592.3731,7854.2626,0.0000,369441.6522,359093.0131,366990.3853,369127.5053,363325.9492,362273.7894,362973.7117,365414.6269,308732421.3310,308719776.4923,308724338.0436,308743088.9327,5601.2461,6725.7114,9421.8285,4497.7462,9381.1631,7740.2789,5354.8556,0.0000,362263.1247,352160.7111,359642.6940,361813.9872,355958.4859,355000.8692,355913.3101,358180.6129,308722222.3581,308709577.2381,308714138.8116,308732889.7819,1770.3908,8873.7601,2146.8625,8937.8906,11625.9083,3580.8522,0.0000,367457.9937,357313.8095,364871.0373,367036.4967,361207.6669,360214.5481,361067.7112,363385.1106,308727034.6683,308714390.0109,308718951.3675,308737702.2755,7745.6380,2552.3735,7831.9509,12228.2145,3098.9406,0.0000,367851.3906,357703.2900,365281.2401,367444.4050,361648.4175,360617.5203,361424.6248,363781.7224,308727737.4115,308715092.8803,308719654.2213,308738405.0952,7604.0587,202.8836,11021.9746,6147.9589,0.0000,362685.8111,352521.9606,360179.0889,362332.3715,356646.4034,355488.4677,356139.5743,358629.7829,308725349.0926,308712704.3769,308717266.0176,308736016.8320,7627.7157,10893.0196,1748.9024,0.0000,365863.6187,355771.9095,363258.9938,365429.3491,359629.7023,358610.6809,359454.8719,361782.1059,308725241.6988,308712597.0952,308717158.4607,308735909.3481,10975.8451,6160.0007,0.0000,362529.5529,352371.3227,360020.0614,362173.9841,356489.2185,355330.6842,355983.3946,358472.4452,308725147.8158,308712503.1012,308717064.7421,308735815.5561,11134.0637,0.0000,356871.1516,346537.6697,354374.9709,356517.1865,350616.7105,349676.6777,350516.7680,352835.9371,308721826.5027,308709180.2874,308713742.4724,308732493.5512,0.0000,365378.5091,355306.1400,362779.2091,364949.8510,359187.3774,358128.9122,358934.5511,361295.8507,308724930.9514,308712286.4546,308716847.8182,308735598.6721,0.0000,0.0000,0.0000,0.0000,0.0000,0.0000,0.0000,0.0000,0.0000,0.0000,0.0000,0.0000,18323.8922,8590.3953,6428.0408,11866.4118,8502.2525,10063.3998,5067.4381,308453556.4672,308440879.6064,308445459.9498,308464213.6456,24074.0326,23247.5797,19825.1275,19421.4030,17943.2706,19100.0618,308470895.9923,308458218.2105,308462798.9267,308481552.7696,2838.0194,9613.1512,5932.2477,13388.0448,5468.2755,308450115.4171,308437439.5188,308442019.2691,308460772.8919,10070.6144,7084.5907,13105.8112,5113.2210,308449669.3004,308436993.0179,308441572.9881,308460326.6467,8458.8303,17564.1658,9704.3803,308455207.5672,308442530.8820,308447110.7987,308465864.6074,10070.6144,3592.4380,308456035.4858,308443359.6485,308447939.3721,308466692.9860,8836.0960,308459533.7466,308446857.9940,308451437.9580,308470191.4495,308454612.1857,308441936.0129,308446515.9660,308465269.5963,51498.6617,29690.1683,23448.5738,25027.6132,38224.1735,20314.7334,
5100.000,11054.4300,6937.2788,3925.7317,9056.6654,7840.8328,8834.7584,13576.8396,6220.3083,0.0000,369565.7169,358867.6204,366913.3525,368811.0492,363077.7571,362198.5810,362560.8558,364998.9486,308729335.2820,308716042.8233,308720561.2533,308739141.3645,5575.1870,8915.3503,10688.0806,4435.0663,10964.4776,7562.4636,8174.7943,0.0000,360704.6406,350118.8380,357950.4122,359871.6029,354038.6946,353276.7276,353828.6057,356101.3977,308719892.1616,308706598.8657,308711117.6052,308729697.8539,5125.3889,10844.1389,2202.0497,10916.7839,11356.5024,6018.3515,0.0000,366140.9730,355579.2201,363380.7157,365304.1508,359498.5525,358711.1705,359240.2914,361535.1754,308723717.6403,308710424.9670,308714943.3830,308733523.5634,7715.0182,5086.9864,7617.8951,13054.5019,2641.7353,0.0000,367264.9619,356703.1267,364548.3500,366462.5469,360760.4976,359863.5702,360257.8803,362673.4997,308725579.8120,308712287.5342,308716805.8888,308735385.9734,9694.3701,451.4549,10940.0286,6144.0691,0.0000,361672.4526,350999.3638,359054.1675,360944.2837,355309.9247,354328.5422,354575.6247,357116.6614,308724040.1852,308710747.3316,308715266.1447,308733846.2345,9833.2559,10776.3391,4932.3691,0.0000,364362.3282,353841.6938,361591.8666,363518.2391,357741.8113,356927.9889,357441.0977,359752.0688,308722001.2173,308708708.5546,308713227.0059,308731807.1703,11223.2569,6153.0621,0.0000,362055.1099,351377.2777,359440.8459,361330.0102,355699.0118,354713.6540,354953.8416,357500.8209,308724436.1137,308711143.2932,308715662.0933,308734242.1780,12367.6659,0.0000,357609.4353,346734.7396,355007.8487,356889.7853,351015.5870,350264.2518,350716.1288,353064.1497,308722106.7097,308708812.3932,308713331.7045,308731912.0500,0.0000,364934.4901,354414.2436,362207.4251,364124.5293,358450.3599,357528.5194,357908.7810,360338.5898,308723428.1720,308710135.8482,308714654.2678,308733234.3425,0.0000,0.0000,0.0000,0.0000,0.0000,0.0000,0.0000,0.0000,0.0000,0.0000,0.0000,0.0000,18661.2187,8479.1446,6082.0823,12123.0314,8603.8023,10397.8879,5482.1507,308451950.5028,308438625.5756,308443162.9676,308461745.8735,24089.7834,23056.0784,19898.9326,19371.4125,17916.2699,19025.2256,308469677.1583,308456351.3332,308460889.0823,308479472.1264,2784.4286,9687.8346,5920.4013,13451.7388,5342.2468,308448731.0539,308435407.0856,308439943.8876,308458526.7220,10221.7637,6796.2193,12862.7051,4840.3416,308448600.0846,308435275.7541,308439812.7706,308458395.6351,8254.3994,17636.6797,9247.0159,308453882.3162,308440557.5879,308445094.5413,308463677.5476,10221.7637,3174.5098,308454642.2190,308441318.2955,308445855.0717,308464437.9021,9279.6442,308458396.6931,308445072.9096,308449609.8981,308468192.6094,308453396.9935,308440072.7533,308444609.7380,308463192.5871,51845.1261,29926.3734,23472.3427,25067.9788,37958.8525,19993.0095,
5400.000,11136.6075,7255.1639,3722.5662,10186.3306,7947.4902,9864.8730,13573.5368,5741.2295,0.0000,368980.1777,357951.1878,366157.4591,367808.4586,362144.4225,361460.2925,361472.6977,364004.4655,308725847.1462,308711904.5153,308716383.1028,308734784.5644,5533.0635,10539.9347,10818.8481,4363.6203,11473.6509,7512.3049,10146.3481,0.0000,359404.8484,348339.4818,356555.4794,358214.4555,352420.4122,351860.5779,352020.6380,354412.8204,308718192.7570,308704248.8232,308708727.9732,308727129.6099,7920.6054,12029.8496,2083.3408,12325.1727,11120.1619,8619.0039,0.0000,364498.7374,353522.3212,361605.6633,363277.2309,357504.1553,356932.5268,357109.5978,359491.5024,308720621.0238,308706677.8070,308711156.5619,308729558.1307,7709.7482,7615.2503,7524.4204,13350.3839,2127.5208,0.0000,366222.3446,355249.5947,363395.3781,365047.0334,359443.4592,358704.5888,358668.2810,361247.7358,308723441.8193,308709499.2208,308713977.8749,308732379.3053,10955.5438,1031.2730,9998.0686,6173.2930,0.0000,360821.7713,349651.9277,358114.8774,359731.7311,354145.4322,353371.2571,353216.2655,355893.4419,308722921.2244,308708977.7211,308713456.9431,308731858.4359,11388.9536,10670.5804,7807.1780,0.0000,362720.4027,351767.4839,359826.2009,361497.8544,355751.3012,355155.2439,355310.3485,357713.7357,308719184.8218,308705241.5672,308709720.3823,308728121.9416,10441.7305,6150.3496,0.0000,361698.6990,350514.8241,359001.8802,360615.8278,355036.0979,354254.4073,354084.1408,356774.6423,308723865.8769,308709922.4373,308714401.6339,308732803.1175,12842.3213,0.0000,358973.4989,347593.6246,356286.8601,357899.3181,352075.4927,351517.1253,351560.2598,354042.3277,308722794.5786,308708849.8139,308713329.4323,308731731.1440,0.0000,364298.5193,353328.7479,361479.7983,363128.8505,357546.0299,356786.7838,356725.7616,359327.9292,308722175.7445,308708233.0278,308712711.7806,308731113.2110,0.0000,0.0000,0.0000,0.0000,0.0000,0.0000,0.0000,0.0000,0.0000,0.0000,0.0000,0.0000,18997.0778,8338.6824,5736.4872,12356.9657,8669.8169,10732.9997,5803.0646,308450358.1551,308436382.7213,308440880.3867,308459284.6094,24097.5677,22849.6236,19970.1227,19321.1054,17887.5389,18907.2349,308468461.1151,308454484.8035,308458982.8125,308477387.1647,2783.5987,9760.9435,5904.0184,13513.8300,5318.2446,308447359.0828,308433384.5998,308437881.6810,308456285.8342,10378.8329,6518.6884,12607.1276,4644.1952,308447553.0380,308433578.2150,308438075.5049,308456479.6830,8050.7850,17702.3739,8795.6522,308452560.6596,308438585.4448,308443082.6621,308461486.9736,10378.8329,2871.3188,308453247.0455,308439272.5897,308443769.6469,308462173.8006,9731.1029,308457260.9398,308443286.6816,308447783.9215,308466187.9590,308452168.2131,308438193.4414,308442690.6960,308461094.8716,52189.2454,30167.9591,23513.7410,25108.5913,37692.8566,19676.2615,
