sl_100_5400_20260430 Contact Analysis.csv
2026/04/30 07:47:00.0000 UTC

Generated: Tue Oct  8 15:36:04 2024,
Start: 2026/04/30 07:47:00.00, Stop: 2026/04/30 09:17:00.00,
Analysis,Rise,Set,Duration,
ID,SECONDS,SECONDS,SECONDS,
Contact STARLINK-4364 - STARLINK-5442,3983.913,5400.000,1416.087,
Contact STARLINK-4364 - STARLINK-1502,0.000,394.300,394.300,
Contact STARLINK-4364 - STARLINK-4385,0.000,5400.000,5400.000,
Contact STARLINK-4364 - STARLINK-5155,0.000,2997.236,2997.236,
Contact STARLINK-4364 - STARLINK-5155,4517.211,5400.000,882.789,
Contact STARLINK-4364 - STARLINK-1718,4861.359,5400.000,538.641,
Contact STARLINK-4364 - STARLINK-5502,4847.555,5400.000,552.445,
Contact STARLINK-4364 - STARLINK-5248,4659.787,5400.000,740.213,
Contact STARLINK-4364 - STARLINK-4480,2881.658,3723.860,842.202,
Contact STARLINK-4364 - STARLINK-5555,5086.565,5400.000,313.435,
Contact STARLINK-4364 - STARLINK-1682,0.000,3724.546,3724.546,
Contact STARLINK-4364 - STARLINK-2436,0.000,3802.177,3802.177,
Contact STARLINK-4364 - STARLINK-30752,3497.961,4247.882,749.921,
Contact STARLINK-4364 - STARLINK-3869,0.000,3655.094,3655.094,
Contact STARLINK-4364 - STARLINK-2214,0.000,3783.784,3783.784,
Contact STARLINK-4364 - STARLINK-4676,4907.127,5400.000,492.873,
Contact STARLINK-4364 - STARLINK-4679,0.000,427.643,427.643,
Contact STARLINK-4364 - STARLINK-4419,0.000,5400.000,5400.000,
Contact STARLINK-4364 - STARLINK-30154,4742.256,5400.000,657.744,
Contact STARLINK-4364 - STARLINK-30248,3790.955,5400.000,1609.045,
Contact STARLINK-4364 - STARLINK-5609,5209.354,5400.000,190.646,
Contact STARLINK-4364 - STARLINK-5067,3577.581,3769.946,192.365,
Contact STARLINK-4364 - STARLINK-1692,3469.413,4223.624,754.212,
Contact STARLINK-4364 - STARLINK-6046,0.000,5400.000,5400.000,
Contact STARLINK-4364 - STARLINK-4328,0.000,402.258,402.258,
Contact STARLINK-4364 - STARLINK-4328,5294.077,5400.000,105.923,
Contact STARLINK-4364 - STARLINK-5018,4714.183,5400.000,685.817,
Contact STARLINK-4364 - STARLINK-4776,0.000,121.262,121.262,
Contact STARLINK-4364 - STARLINK-4776,5130.227,5400.000,269.773,
Contact STARLINK-4364 - STARLINK-11130 [DTC],5073.562,5400.000,326.438,
Contact STARLINK-4364 - STARLINK-32043,3494.192,3910.134,415.942,
Contact STARLINK-4364 - STARLINK-1136,3527.022,4191.514,664.492,
Contact STARLINK-4364 - STARLINK-31006,3584.536,4302.432,717.896,
Contact STARLINK-4364 - STARLINK-6363,0.000,248.946,248.946,
Contact STARLINK-4364 - STARLINK-1605,3407.015,4032.670,625.655,
Contact STARLINK-4364 - STARLINK-4494,263.409,5140.293,4876.883,
Contact STARLINK-4364 - STARLINK-2499,0.000,131.427,131.427,
Contact STARLINK-4364 - STARLINK-2499,4994.494,5400.000,405.506,
Contact STARLINK-4364 - STARLINK-3634,4505.158,5400.000,894.842,
Contact STARLINK-4364 - MoonARTEMIS1,0.000,5400.000,5400.000,
Contact STARLINK-4364 - MoonARTEMIS2,0.000,5400.000,5400.000,
Contact STARLINK-4364 - MoonIOAGEO,0.000,5400.000,5400.000,
Contact STARLINK-4364 - MoonIOAGNO,0.000,5400.000,5400.000,
Contact STARLINK-4364 - MoonIOAGNO 0001,0.000,5400.000,5400.000,
Contact STARLINK-4364 - MoonIOAGSO,0.000,5400.000,5400.000,
Contact STARLINK-4364 - MoonIOAGSO 0001,0.000,5400.000,5400.000,
Contact STARLINK-4364 - MoonLRO,0.000,3889.134,3889.134,
Contact STARLINK-4364 - MarsSat1,0.000,3188.852,3188.852,
Contact STARLINK-4364 - MarsSat1,5297.042,5400.000,102.958,
Contact STARLINK-4364 - MarsSat2,0.000,3188.900,3188.900,
Contact STARLINK-4364 - MarsSat2,5297.087,5400.000,102.913,
Contact STARLINK-4364 - MarsSat3,0.000,3188.782,3188.782,
Contact STARLINK-4364 - MarsSat3,5296.973,5400.000,103.027,
Contact STARLINK-4364 - MarsSat4,0.000,3188.842,3188.842,
Contact STARLINK-4364 - MarsSat4,5297.014,5400.000,102.986,
Contact STARLINK-30311 - STARLINK-31597,0.000,742.063,742.063,
Contact STARLINK-30311 - STARLINK-31597,5238.474,5400.000,161.526,
Contact STARLINK-30311 - STARLINK-5365,0.000,5400.000,5400.000,
Contact STARLINK-30311 - STARLINK-30056,0.000,5400.000,5400.000,
Contact STARLINK-30311 - STARLINK-31663,0.000,546.395,546.395,
Contact STARLINK-30311 - STARLINK-31663,5376.847,5400.000,23.153,
Contact STARLINK-30311 - STARLINK-5511,0.000,5400.000,5400.000,
Contact STARLINK-30311 - STARLINK-32040,0.000,5400.000,5400.000,
Contact STARLINK-30311 - STARLINK-5111,0.000,5400.000,5400.000,
Contact STARLINK-30311 - STARLINK-3540,0.000,747.377,747.377,
Contact STARLINK-30311 - STARLINK-4453,0.000,3815.940,3815.940,
Contact STARLINK-30311 - STARLINK-5777,0.000,5400.000,5400.000,
Contact STARLINK-30311 - STARLINK-5484,0.000,681.933,681.933,
Contact STARLINK-30311 - STARLINK-5067,0.000,461.034,461.034,
Contact STARLINK-30311 - STARLINK-5067,5358.169,5400.000,41.831,
Contact STARLINK-30311 - STARLINK-4070,711.882,4827.061,4115.179,
Contact STARLINK-30311 - STARLINK-2153,0.000,701.366,701.366,
Contact STARLINK-30311 - STARLINK-2153,5371.017,5400.000,28.983,
Contact STARLINK-30311 - STARLINK-5858,0.000,5400.000,5400.000,
Contact STARLINK-30311 - STARLINK-31195,3203.367,4313.414,1110.047,
Contact STARLINK-30311 - STARLINK-32043,0.000,477.479,477.479,
Contact STARLINK-30311 - STARLINK-32043,5148.247,5400.000,251.753,
Contact STARLINK-30311 - STARLINK-1136,0.000,453.961,453.961,
Contact STARLINK-30311 - STARLINK-1136,5344.392,5400.000,55.608,
Contact STARLINK-30311 - STARLINK-5338,3085.217,4189.199,1103.982,
Contact STARLINK-30311 - STARLINK-1572,0.000,3893.173,3893.173,
Contact STARLINK-30311 - STARLINK-32097,0.000,5400.000,5400.000,
Contact STARLINK-30311 - STARLINK-3750,0.000,5400.000,5400.000,
Contact STARLINK-30311 - STARLINK-1605,0.000,360.056,360.056,
Contact STARLINK-30311 - STARLINK-1605,5139.272,5400.000,260.728,
Contact STARLINK-30311 - MoonARTEMIS1,682.145,4392.337,3710.191,
Contact STARLINK-30311 - MoonARTEMIS2,696.832,4401.906,3705.074,
Contact STARLINK-30311 - MoonIOAGEO,687.038,4391.622,3704.584,
Contact STARLINK-30311 - MoonIOAGNO,693.404,4388.534,3695.130,
Contact STARLINK-30311 - MoonIOAGNO 0001,707.071,4414.941,3707.870,
Contact STARLINK-30311 - MoonIOAGSO,679.391,4397.343,3717.952,
Contact STARLINK-30311 - MoonIOAGSO 0001,668.488,4380.446,3711.958,
Contact STARLINK-30311 - MoonLRO,682.590,3914.448,3231.857,
Contact STARLINK-30311 - MarsSat1,0.000,5400.000,5400.000,
Contact STARLINK-30311 - MarsSat2,0.000,5400.000,5400.000,
Contact STARLINK-30311 - MarsSat3,0.000,5400.000,5400.000,
Contact STARLINK-30311 - MarsSat4,0.000,5400.000,5400.000,
Contact STARLINK-31597 - STARLINK-5365,0.000,5400.000,5400.000,
Contact STARLINK-31597 - STARLINK-30056,0.000,135.015,135.015,
Contact STARLINK-31597 - STARLINK-30056,5084.351,5400.000,315.649,
Contact STARLINK-31597 - STARLINK-31663,0.000,5400.000,5400.000,
Contact STARLINK-31597 - STARLINK-5511,0.000,5400.000,5400.000,
Contact STARLINK-31597 - STARLINK-32040,0.000,713.470,713.470,
Contact STARLINK-31597 - STARLINK-32040,5245.640,5400.000,154.360,
Contact STARLINK-31597 - STARLINK-5111,2892.736,3768.588,875.851,
Contact STARLINK-31597 - STARLINK-3540,3974.485,5400.000,1425.515,
Contact STARLINK-31597 - STARLINK-4480,3313.810,4244.680,930.870,
Contact STARLINK-31597 - STARLINK-1682,3536.104,4485.266,949.162,
Contact STARLINK-31597 - STARLINK-30752,0.000,2795.779,2795.779,
Contact STARLINK-31597 - STARLINK-30752,4336.024,5400.000,1063.976,
Contact STARLINK-31597 - STARLINK-3869,3432.833,4369.186,936.353,
Contact STARLINK-31597 - STARLINK-2214,3451.608,4402.658,951.050,
Contact STARLINK-31597 - STARLINK-5777,0.000,3585.400,3585.400,
Contact STARLINK-31597 - STARLINK-5777,4421.301,5400.000,978.699,
Contact STARLINK-31597 - STARLINK-4565,2982.862,3739.954,757.091,
Contact STARLINK-31597 - STARLINK-5484,336.150,5400.000,5063.850,
Contact STARLINK-31597 - STARLINK-5067,0.000,5400.000,5400.000,
Contact STARLINK-31597 - STARLINK-2153,0.000,5400.000,5400.000,
Contact STARLINK-31597 - STARLINK-5858,0.000,5400.000,5400.000,
Contact STARLINK-31597 - STARLINK-32043,0.000,5400.000,5400.000,
Contact STARLINK-31597 - STARLINK-1136,0.000,5400.000,5400.000,
Contact STARLINK-31597 - STARLINK-31006,0.000,3065.992,3065.992,
Contact STARLINK-31597 - STARLINK-31006,4047.660,5400.000,1352.340,
Contact STARLINK-31597 - STARLINK-32097,0.000,706.308,706.308,
Contact STARLINK-31597 - STARLINK-32097,5288.725,5400.000,111.275,
Contact STARLINK-31597 - STARLINK-3750,0.000,234.325,234.325,
Contact STARLINK-31597 - STARLINK-1605,0.000,5400.000,5400.000,
Contact STARLINK-31597 - MoonARTEMIS1,1748.604,5262.460,3513.856,
Contact STARLINK-31597 - MoonARTEMIS2,1738.261,5248.471,3510.210,
Contact STARLINK-31597 - MoonIOAGEO,1752.314,5256.697,3504.382,
Contact STARLINK-31597 - MoonIOAGNO,1739.110,5250.679,3511.569,
Contact STARLINK-31597 - MoonIOAGNO 0001,1751.657,5253.532,3501.875,
Contact STARLINK-31597 - MoonIOAGSO,1760.729,5265.569,3504.840,
Contact STARLINK-31597 - MoonIOAGSO 0001,1750.981,5273.301,3522.320,
Contact STARLINK-31597 - MoonLRO,1746.816,3894.894,2148.077,
Contact STARLINK-31597 - MarsSat1,0.000,2286.707,2286.707,
Contact STARLINK-31597 - MarsSat1,4361.733,5400.000,1038.267,
Contact STARLINK-31597 - MarsSat2,0.000,2286.664,2286.664,
Contact STARLINK-31597 - MarsSat2,4361.705,5400.000,1038.295,
Contact STARLINK-31597 - MarsSat3,0.000,2286.773,2286.773,
Contact STARLINK-31597 - MarsSat3,4361.776,5400.000,1038.224,
Contact STARLINK-31597 - MarsSat4,0.000,2286.748,2286.748,
Contact STARLINK-31597 - MarsSat4,4361.795,5400.000,1038.205,
Contact STARLINK-5459 - STARLINK-5442,4817.818,5400.000,582.182,
Contact STARLINK-5459 - STARLINK-4385,4856.270,5400.000,543.730,
Contact STARLINK-5459 - STARLINK-5155,4692.448,5400.000,707.552,
Contact STARLINK-5459 - STARLINK-30217,0.000,4339.429,4339.429,
Contact STARLINK-5459 - STARLINK-31151,2904.479,4078.381,1173.902,
Contact STARLINK-5459 - STARLINK-1718,314.193,4797.777,4483.584,
Contact STARLINK-5459 - STARLINK-5502,0.000,5400.000,5400.000,
Contact STARLINK-5459 - STARLINK-1080,0.000,5400.000,5400.000,
Contact STARLINK-5459 - STARLINK-5248,0.000,3289.560,3289.560,
Contact STARLINK-5459 - STARLINK-5248,3724.741,5400.000,1675.259,
Contact STARLINK-5459 - STARLINK-6109,0.000,20.928,20.928,
Contact STARLINK-5459 - STARLINK-6109,4898.139,5400.000,501.861,
Contact STARLINK-5459 - STARLINK-31816,0.000,46.856,46.856,
Contact STARLINK-5459 - STARLINK-31816,4919.672,5400.000,480.328,
Contact STARLINK-5459 - STARLINK-4676,3434.826,4440.681,1005.855,
Contact STARLINK-5459 - STARLINK-30362,3082.987,3857.542,774.554,
Contact STARLINK-5459 - STARLINK-31895,3551.872,4151.216,599.344,
Contact STARLINK-5459 - STARLINK-4419,4899.334,5400.000,500.666,
Contact STARLINK-5459 - STARLINK-30154,4886.062,5400.000,513.938,
Contact STARLINK-5459 - STARLINK-30565,0.000,76.803,76.803,
Contact STARLINK-5459 - STARLINK-30565,4972.067,5400.000,427.933,
Contact STARLINK-5459 - STARLINK-30248,4526.128,5400.000,873.872,
Contact STARLINK-5459 - STARLINK-4030,3353.422,4153.788,800.366,
Contact STARLINK-5459 - STARLINK-5416,0.000,465.343,465.343,
Contact STARLINK-5459 - STARLINK-3897,0.000,3740.321,3740.321,
Contact STARLINK-5459 - STARLINK-6046,4759.726,5400.000,640.274,
Contact STARLINK-5459 - STARLINK-31082,2964.399,3756.048,791.650,
Contact STARLINK-5459 - STARLINK-5018,0.000,3030.959,3030.959,
Contact STARLINK-5459 - STARLINK-5018,4094.974,5400.000,1305.026,
Contact STARLINK-5459 - STARLINK-5686,0.000,5400.000,5400.000,
Contact STARLINK-5459 - STARLINK-31122,0.000,213.123,213.123,
Contact STARLINK-5459 - STARLINK-31122,5293.004,5400.000,106.996,
Contact STARLINK-5459 - STARLINK-4429,2956.743,3667.534,710.790,
Contact STARLINK-5459 - STARLINK-4257,0.000,70.029,70.029,
Contact STARLINK-5459 - STARLINK-4257,5156.109,5400.000,243.891,
Contact STARLINK-5459 - STARLINK-2704,0.000,14.831,14.831,
Contact STARLINK-5459 - STARLINK-2704,4881.805,5400.000,518.195,
Contact STARLINK-5459 - STARLINK-3634,4308.262,5400.000,1091.738,
Contact STARLINK-5459 - MoonARTEMIS1,0.000,1845.416,1845.416,
Contact STARLINK-5459 - MoonARTEMIS1,3970.291,5400.000,1429.709,
Contact STARLINK-5459 - MoonARTEMIS2,0.000,1830.237,1830.237,
Contact STARLINK-5459 - MoonARTEMIS2,3953.831,5400.000,1446.169,
Contact STARLINK-5459 - MoonIOAGEO,0.000,1845.471,1845.471,
Contact STARLINK-5459 - MoonIOAGEO,3967.485,5400.000,1432.515,
Contact STARLINK-5459 - MoonIOAGNO,0.000,1833.784,1833.784,
Contact STARLINK-5459 - MoonIOAGNO,3959.154,5400.000,1440.846,
Contact STARLINK-5459 - MoonIOAGNO 0001,0.000,1831.631,1831.631,
Contact STARLINK-5459 - MoonIOAGNO 0001,3958.505,5400.000,1441.495,
Contact STARLINK-5459 - MoonIOAGSO,0.000,1854.443,1854.443,
Contact STARLINK-5459 - MoonIOAGSO,3975.431,5400.000,1424.569,
Contact STARLINK-5459 - MoonIOAGSO 0001,0.000,1857.249,1857.249,
Contact STARLINK-5459 - MoonIOAGSO 0001,3980.682,5400.000,1419.318,
Contact STARLINK-5459 - MoonLRO,0.000,1841.441,1841.441,
Contact STARLINK-5459 - MarsSat1,892.166,4587.447,3695.282,
Contact STARLINK-5459 - MarsSat2,892.117,4587.399,3695.283,
Contact STARLINK-5459 - MarsSat3,892.236,4587.522,3695.285,
Contact STARLINK-5459 - MarsSat4,892.192,4587.470,3695.278,
Contact STARLINK-5442 - STARLINK-4385,0.000,5400.000,5400.000,
Contact STARLINK-5442 - STARLINK-5155,0.000,5400.000,5400.000,
Contact STARLINK-5442 - STARLINK-1718,5055.080,5400.000,344.920,
Contact STARLINK-5442 - STARLINK-5502,0.000,395.778,395.778,
Contact STARLINK-5442 - STARLINK-5502,5123.921,5400.000,276.079,
Contact STARLINK-5442 - STARLINK-1080,0.000,70.651,70.651,
Contact STARLINK-5442 - STARLINK-1080,4765.916,5400.000,634.084,
Contact STARLINK-5442 - STARLINK-5248,0.000,474.050,474.050,
Contact STARLINK-5442 - STARLINK-5248,4899.142,5400.000,500.858,
Contact STARLINK-5442 - STARLINK-6109,0.000,5400.000,5400.000,
Contact STARLINK-5442 - STARLINK-31816,0.000,5400.000,5400.000,
Contact STARLINK-5442 - STARLINK-5555,0.000,23.167,23.167,
Contact STARLINK-5442 - STARLINK-4676,0.000,24.047,24.047,
Contact STARLINK-5442 - STARLINK-4676,5130.631,5400.000,269.369,
Contact STARLINK-5442 - STARLINK-4419,0.000,3561.112,3561.112,
Contact STARLINK-5442 - STARLINK-4419,3868.576,5400.000,1531.424,
Contact STARLINK-5442 - STARLINK-30154,0.000,5400.000,5400.000,
Contact STARLINK-5442 - STARLINK-3770,3018.038,4390.324,1372.286,
Contact STARLINK-5442 - STARLINK-30565,0.000,5400.000,5400.000,
Contact STARLINK-5442 - STARLINK-30248,0.000,5400.000,5400.000,
Contact STARLINK-5442 - STARLINK-1692,3183.392,4198.508,1015.116,
Contact STARLINK-5442 - STARLINK-6046,0.000,5400.000,5400.000,
Contact STARLINK-5442 - STARLINK-4328,0.000,259.412,259.412,
Contact STARLINK-5442 - STARLINK-5018,0.000,554.221,554.221,
Contact STARLINK-5442 - STARLINK-5018,4940.383,5400.000,459.617,
Contact STARLINK-5442 - STARLINK-4776,0.000,388.857,388.857,
Contact STARLINK-5442 - STARLINK-5686,4540.216,5400.000,859.784,
Contact STARLINK-5442 - STARLINK-31122,0.000,5400.000,5400.000,
Contact STARLINK-5442 - STARLINK-4257,0.000,4539.971,4539.971,
Contact STARLINK-5442 - STARLINK-2704,0.000,5400.000,5400.000,
Contact STARLINK-5442 - STARLINK-2499,0.000,5400.000,5400.000,
Contact STARLINK-5442 - STARLINK-3634,0.000,5400.000,5400.000,
Contact STARLINK-5442 - MoonARTEMIS1,0.000,5400.000,5400.000,
Contact STARLINK-5442 - MoonARTEMIS2,0.000,5400.000,5400.000,
Contact STARLINK-5442 - MoonIOAGEO,0.000,5400.000,5400.000,
Contact STARLINK-5442 - MoonIOAGNO,0.000,5400.000,5400.000,
Contact STARLINK-5442 - MoonIOAGNO 0001,0.000,5400.000,5400.000,
Contact STARLINK-5442 - MoonIOAGSO,0.000,5400.000,5400.000,
Contact STARLINK-5442 - MoonIOAGSO 0001,0.000,5400.000,5400.000,
Contact STARLINK-5442 - MoonLRO,0.000,3882.354,3882.354,
Contact STARLINK-5442 - MarsSat1,235.104,3905.505,3670.401,
Contact STARLINK-5442 - MarsSat2,235.148,3905.534,3670.386,
Contact STARLINK-5442 - MarsSat3,235.048,3905.462,3670.414,
Contact STARLINK-5442 - MarsSat4,235.122,3905.549,3670.427,
Contact STARLINK-1502 - STARLINK-5111,4472.206,5400.000,927.794,
Contact STARLINK-1502 - STARLINK-4480,0.000,92.704,92.704,
Contact STARLINK-1502 - STARLINK-4480,5239.785,5400.000,160.215,
Contact STARLINK-1502 - STARLINK-5158,3179.766,4230.947,1051.181,
Contact STARLINK-1502 - STARLINK-1682,0.000,255.481,255.481,
Contact STARLINK-1502 - STARLINK-3869,0.000,325.805,325.805,
Contact STARLINK-1502 - STARLINK-3869,5209.171,5400.000,190.829,
Contact STARLINK-1502 - STARLINK-2214,0.000,146.014,146.014,
Contact STARLINK-1502 - STARLINK-4679,0.000,5400.000,5400.000,
Contact STARLINK-1502 - STARLINK-4070,0.000,3351.669,3351.669,
Contact STARLINK-1502 - STARLINK-4070,4362.532,5400.000,1037.468,
Contact STARLINK-1502 - STARLINK-4328,0.000,4498.498,4498.498,
Contact STARLINK-1502 - STARLINK-3080,3532.934,4148.711,615.777,
Contact STARLINK-1502 - STARLINK-6363,0.000,5400.000,5400.000,
Contact STARLINK-1502 - MoonARTEMIS1,221.989,3857.715,3635.725,
Contact STARLINK-1502 - MoonARTEMIS2,208.406,3849.260,3640.854,
Contact STARLINK-1502 - MoonIOAGEO,227.551,3855.851,3628.300,
Contact STARLINK-1502 - MoonIOAGNO,211.477,3846.609,3635.133,
Contact STARLINK-1502 - MoonIOAGNO 0001,219.490,3859.569,3640.079,
Contact STARLINK-1502 - MoonIOAGSO,236.396,3865.674,3629.278,
Contact STARLINK-1502 - MoonIOAGSO 0001,226.835,3861.827,3634.992,
Contact STARLINK-1502 - MoonLRO,220.833,3849.900,3629.068,
Contact STARLINK-1502 - MarsSat1,0.000,5400.000,5400.000,
Contact STARLINK-1502 - MarsSat2,0.000,5400.000,5400.000,
Contact STARLINK-1502 - MarsSat3,0.000,5400.000,5400.000,
Contact STARLINK-1502 - MarsSat4,0.000,5400.000,5400.000,
Contact STARLINK-5365 - STARLINK-30056,0.000,160.561,160.561,
Contact STARLINK-5365 - STARLINK-30056,5355.124,5400.000,44.876,
Contact STARLINK-5365 - STARLINK-31663,0.000,5400.000,5400.000,
Contact STARLINK-5365 - STARLINK-5511,0.000,5400.000,5400.000,
Contact STARLINK-5365 - STARLINK-32040,0.000,5400.000,5400.000,
Contact STARLINK-5365 - STARLINK-5111,3004.948,3850.104,845.156,
Contact STARLINK-5365 - STARLINK-3540,4465.390,5400.000,934.610,
Contact STARLINK-5365 - STARLINK-4480,3385.108,4380.138,995.030,
Contact STARLINK-5365 - STARLINK-30752,0.000,3009.308,3009.308,
Contact STARLINK-5365 - STARLINK-30752,4297.340,5400.000,1102.660,
Contact STARLINK-5365 - STARLINK-3869,3532.030,4475.141,943.111,
Contact STARLINK-5365 - STARLINK-2214,3536.481,4525.744,989.263,
Contact STARLINK-5365 - STARLINK-5777,0.000,5400.000,5400.000,
Contact STARLINK-5365 - STARLINK-4565,2980.084,3947.113,967.029,
Contact STARLINK-5365 - STARLINK-5484,477.543,5377.623,4900.080,
Contact STARLINK-5365 - STARLINK-5067,2924.649,4387.844,1463.195,
Contact STARLINK-5365 - STARLINK-2153,0.000,2829.684,2829.684,
Contact STARLINK-5365 - STARLINK-2153,3818.435,5400.000,1581.565,
Contact STARLINK-5365 - STARLINK-5858,0.000,5400.000,5400.000,
Contact STARLINK-5365 - STARLINK-32043,0.000,5400.000,5400.000,
Contact STARLINK-5365 - STARLINK-1136,0.000,5400.000,5400.000,
Contact STARLINK-5365 - STARLINK-31006,0.000,5400.000,5400.000,
Contact STARLINK-5365 - STARLINK-4429,5065.954,5400.000,334.046,
Contact STARLINK-5365 - STARLINK-32097,0.000,5400.000,5400.000,
Contact STARLINK-5365 - STARLINK-3750,0.000,287.011,287.011,
Contact STARLINK-5365 - STARLINK-1605,0.000,5400.000,5400.000,
Contact STARLINK-5365 - MoonARTEMIS1,1823.639,5400.000,3576.361,
Contact STARLINK-5365 - MoonARTEMIS2,1813.527,5400.000,3586.473,
Contact STARLINK-5365 - MoonIOAGEO,1827.519,5400.000,3572.481,
Contact STARLINK-5365 - MoonIOAGNO,1814.009,5400.000,3585.991,
Contact STARLINK-5365 - MoonIOAGNO 0001,1827.998,5400.000,3572.002,
Contact STARLINK-5365 - MoonIOAGSO,1836.176,5400.000,3563.824,
Contact STARLINK-5365 - MoonIOAGSO 0001,1825.454,5400.000,3574.546,
Contact STARLINK-5365 - MoonLRO,1821.808,3899.936,2078.128,
Contact STARLINK-5365 - MarsSat1,0.000,2470.910,2470.910,
Contact STARLINK-5365 - MarsSat1,4500.306,5400.000,899.694,
Contact STARLINK-5365 - MarsSat2,0.000,2470.863,2470.863,
Contact STARLINK-5365 - MarsSat2,4500.279,5400.000,899.721,
Contact STARLINK-5365 - MarsSat3,0.000,2470.980,2470.980,
Contact STARLINK-5365 - MarsSat3,4500.347,5400.000,899.653,
Contact STARLINK-5365 - MarsSat4,0.000,2470.952,2470.952,
Contact STARLINK-5365 - MarsSat4,4500.373,5400.000,899.627,
Contact STARLINK-1337 - STARLINK-30056,0.000,5400.000,5400.000,
Contact STARLINK-1337 - STARLINK-4489,0.000,5400.000,5400.000,
Contact STARLINK-1337 - STARLINK-5511,0.000,374.320,374.320,
Contact STARLINK-1337 - STARLINK-5511,5068.708,5400.000,331.292,
Contact STARLINK-1337 - STARLINK-2224,0.000,5400.000,5400.000,
Contact STARLINK-1337 - STARLINK-3696,0.000,5400.000,5400.000,
Contact STARLINK-1337 - STARLINK-3540,0.000,434.854,434.854,
Contact STARLINK-1337 - STARLINK-3540,4922.273,5400.000,477.727,
Contact STARLINK-1337 - STARLINK-4453,0.000,597.912,597.912,
Contact STARLINK-1337 - STARLINK-4453,5169.085,5400.000,230.915,
Contact STARLINK-1337 - STARLINK-5158,0.000,90.004,90.004,
Contact STARLINK-1337 - STARLINK-5158,4726.143,5400.000,673.857,
Contact STARLINK-1337 - STARLINK-11225 [DTC],0.000,5400.000,5400.000,
Contact STARLINK-1337 - STARLINK-5777,0.000,566.090,566.090,
Contact STARLINK-1337 - STARLINK-5777,5278.911,5400.000,121.089,
Contact STARLINK-1337 - STARLINK-31895,3100.294,4120.971,1020.677,
Contact STARLINK-1337 - STARLINK-5484,0.000,312.476,312.476,
Contact STARLINK-1337 - STARLINK-5484,5069.922,5400.000,330.078,
Contact STARLINK-1337 - STARLINK-4030,0.000,3949.639,3949.639,
Contact STARLINK-1337 - STARLINK-5067,0.000,73.617,73.617,
Contact STARLINK-1337 - STARLINK-5067,4939.833,5400.000,460.167,
Contact STARLINK-1337 - STARLINK-2153,0.000,289.293,289.293,
Contact STARLINK-1337 - STARLINK-2153,4948.393,5400.000,451.607,
Contact STARLINK-1337 - STARLINK-5858,0.000,493.698,493.698,
Contact STARLINK-1337 - STARLINK-5858,5241.681,5400.000,158.319,
Contact STARLINK-1337 - STARLINK-31195,0.000,5400.000,5400.000,
Contact STARLINK-1337 - STARLINK-32043,5160.625,5400.000,239.375,
Contact STARLINK-1337 - STARLINK-5338,0.000,4074.597,4074.597,
Contact STARLINK-1337 - STARLINK-1572,0.000,5400.000,5400.000,
Contact STARLINK-1337 - STARLINK-3750,0.000,5400.000,5400.000,
Contact STARLINK-1337 - STARLINK-2068,3333.359,4404.904,1071.544,
Contact STARLINK-1337 - STARLINK-3768,0.000,5400.000,5400.000,
Contact STARLINK-1337 - MoonARTEMIS1,0.000,3394.565,3394.565,
Contact STARLINK-1337 - MoonARTEMIS2,0.000,3407.654,3407.654,
Contact STARLINK-1337 - MoonIOAGEO,0.000,3396.512,3396.512,
Contact STARLINK-1337 - MoonIOAGNO,0.000,3397.507,3397.507,
Contact STARLINK-1337 - MoonIOAGNO 0001,0.000,3416.827,3416.827,
Contact STARLINK-1337 - MoonIOAGSO,0.000,3396.457,3396.457,
Contact STARLINK-1337 - MoonIOAGSO 0001,0.000,3382.205,3382.205,
Contact STARLINK-1337 - MoonLRO,0.000,3400.169,3400.169,
Contact STARLINK-1337 - MarsSat1,0.000,5400.000,5400.000,
Contact STARLINK-1337 - MarsSat2,0.000,5400.000,5400.000,
Contact STARLINK-1337 - MarsSat3,0.000,5400.000,5400.000,
Contact STARLINK-1337 - MarsSat4,0.000,5400.000,5400.000,
Contact STARLINK-4385 - STARLINK-5155,0.000,349.967,349.967,
Contact STARLINK-4385 - STARLINK-5155,4794.728,5400.000,605.272,
Contact STARLINK-4385 - STARLINK-6350,0.000,514.765,514.765,
Contact STARLINK-4385 - STARLINK-1718,0.000,29.286,29.286,
Contact STARLINK-4385 - STARLINK-1718,5085.365,5400.000,314.635,
Contact STARLINK-4385 - STARLINK-5502,0.000,82.806,82.806,
Contact STARLINK-4385 - STARLINK-5502,5155.950,5400.000,244.050,
Contact STARLINK-4385 - STARLINK-1080,4847.888,5400.000,552.112,
Contact STARLINK-4385 - STARLINK-5248,0.000,2.514,2.514,
Contact STARLINK-4385 - STARLINK-5248,4989.827,5400.000,410.173,
Contact STARLINK-4385 - STARLINK-6109,3717.800,5400.000,1682.200,
Contact STARLINK-4385 - STARLINK-5555,0.000,243.771,243.771,
Contact STARLINK-4385 - STARLINK-5555,5280.608,5400.000,119.392,
Contact STARLINK-4385 - STARLINK-1682,3331.623,3687.838,356.215,
Contact STARLINK-4385 - STARLINK-2436,3248.587,3897.308,648.721,
Contact STARLINK-4385 - STARLINK-4676,0.000,109.101,109.101,
Contact STARLINK-4385 - STARLINK-4676,5133.001,5400.000,266.999,
Contact STARLINK-4385 - STARLINK-4419,0.000,5400.000,5400.000,
Contact STARLINK-4385 - STARLINK-30154,0.000,267.018,267.018,
Contact STARLINK-4385 - STARLINK-30154,4949.430,5400.000,450.570,
Contact STARLINK-4385 - STARLINK-30565,0.000,3309.306,3309.306,
Contact STARLINK-4385 - STARLINK-30565,3647.491,5400.000,1752.509,
Contact STARLINK-4385 - STARLINK-30248,4294.688,5400.000,1105.312,
Contact STARLINK-4385 - STARLINK-5609,0.000,262.669,262.669,
Contact STARLINK-4385 - STARLINK-1692,3595.407,4590.527,995.119,
Contact STARLINK-4385 - STARLINK-6046,0.000,5400.000,5400.000,
Contact STARLINK-4385 - STARLINK-4328,0.000,656.889,656.889,
Contact STARLINK-4385 - STARLINK-5018,0.000,91.074,91.074,
Contact STARLINK-4385 - STARLINK-5018,5023.044,5400.000,376.956,
Contact STARLINK-4385 - STARLINK-4776,0.000,412.048,412.048,
Contact STARLINK-4385 - STARLINK-4776,5342.293,5400.000,57.707,
Contact STARLINK-4385 - STARLINK-31122,4676.400,5400.000,723.600,
Contact STARLINK-4385 - STARLINK-11130 [DTC],0.000,175.555,175.555,
Contact STARLINK-4385 - STARLINK-11130 [DTC],5294.478,5400.000,105.522,
Contact STARLINK-4385 - STARLINK-4257,755.325,4962.820,4207.496,
Contact STARLINK-4385 - STARLINK-2704,0.000,5400.000,5400.000,
Contact STARLINK-4385 - STARLINK-2499,0.000,432.246,432.246,
Contact STARLINK-4385 - STARLINK-2499,5208.733,5400.000,191.267,
Contact STARLINK-4385 - STARLINK-3634,0.000,19.973,19.973,
Contact STARLINK-4385 - STARLINK-3634,4929.620,5400.000,470.380,
Contact STARLINK-4385 - MoonARTEMIS1,0.000,5400.000,5400.000,
Contact STARLINK-4385 - MoonARTEMIS2,0.000,5400.000,5400.000,
Contact STARLINK-4385 - MoonIOAGEO,0.000,5400.000,5400.000,
Contact STARLINK-4385 - MoonIOAGNO,0.000,5400.000,5400.000,
Contact STARLINK-4385 - MoonIOAGNO 0001,0.000,5400.000,5400.000,
Contact STARLINK-4385 - MoonIOAGSO,0.000,5400.000,5400.000,
Contact STARLINK-4385 - MoonIOAGSO 0001,0.000,5400.000,5400.000,
Contact STARLINK-4385 - MoonLRO,0.000,3875.410,3875.410,
Contact STARLINK-4385 - MarsSat1,46.158,3696.594,3650.437,
Contact STARLINK-4385 - MarsSat2,46.208,3696.641,3650.433,
Contact STARLINK-4385 - MarsSat3,46.089,3696.524,3650.434,
Contact STARLINK-4385 - MarsSat4,46.144,3696.583,3650.438,
Contact STARLINK-30056 - STARLINK-4489,0.000,3274.537,3274.537,
Contact STARLINK-30056 - STARLINK-4489,4559.736,5400.000,840.264,
Contact STARLINK-30056 - STARLINK-5511,0.000,5400.000,5400.000,
Contact STARLINK-30056 - STARLINK-5111,3047.598,4485.189,1437.591,
Contact STARLINK-30056 - STARLINK-2224,0.000,5400.000,5400.000,
Contact STARLINK-30056 - STARLINK-3696,0.000,1666.503,1666.503,
Contact STARLINK-30056 - STARLINK-3540,0.000,5400.000,5400.000,
Contact STARLINK-30056 - STARLINK-4453,0.000,687.284,687.284,
Contact STARLINK-30056 - STARLINK-4453,5371.659,5400.000,28.341,
Contact STARLINK-30056 - STARLINK-11225 [DTC],0.000,5400.000,5400.000,
Contact STARLINK-30056 - STARLINK-5777,0.000,5400.000,5400.000,
Contact STARLINK-30056 - STARLINK-5484,0.000,621.826,621.826,
Contact STARLINK-30056 - STARLINK-5484,5056.486,5400.000,343.514,
Contact STARLINK-30056 - STARLINK-5067,0.000,291.303,291.303,
Contact STARLINK-30056 - STARLINK-5067,4927.654,5400.000,472.346,
Contact STARLINK-30056 - STARLINK-4070,3306.677,4474.701,1168.024,
Contact STARLINK-30056 - STARLINK-2153,0.000,700.626,700.626,
Contact STARLINK-30056 - STARLINK-2153,4735.698,5400.000,664.302,
Contact STARLINK-30056 - STARLINK-5858,0.000,5400.000,5400.000,
Contact STARLINK-30056 - STARLINK-31195,0.000,5400.000,5400.000,
Contact STARLINK-30056 - STARLINK-32043,0.000,54.809,54.809,
Contact STARLINK-30056 - STARLINK-32043,4885.338,5400.000,514.662,
Contact STARLINK-30056 - STARLINK-1136,5274.362,5400.000,125.638,
Contact STARLINK-30056 - STARLINK-5338,0.000,3982.760,3982.760,
Contact STARLINK-30056 - STARLINK-1572,0.000,5400.000,5400.000,
Contact STARLINK-30056 - STARLINK-3750,0.000,5400.000,5400.000,
Contact STARLINK-30056 - STARLINK-1605,4954.183,5400.000,445.817,
Contact STARLINK-30056 - STARLINK-2068,3466.300,4182.733,716.433,
Contact STARLINK-30056 - STARLINK-3768,0.000,5400.000,5400.000,
Contact STARLINK-30056 - MoonARTEMIS1,119.481,3906.341,3786.860,
Contact STARLINK-30056 - MoonARTEMIS2,135.981,3914.908,3778.927,
Contact STARLINK-30056 - MoonIOAGEO,125.217,3906.511,3781.294,
Contact STARLINK-30056 - MoonIOAGNO,133.509,3902.057,3768.548,
Contact STARLINK-30056 - MoonIOAGNO 0001,146.538,3930.147,3783.609,
Contact STARLINK-30056 - MoonIOAGSO,115.311,3912.890,3797.579,
Contact STARLINK-30056 - MoonIOAGSO 0001,105.076,3895.008,3789.932,
Contact STARLINK-30056 - MoonLRO,118.810,3904.305,3785.495,
Contact STARLINK-30056 - MarsSat1,0.000,5400.000,5400.000,
Contact STARLINK-30056 - MarsSat2,0.000,5400.000,5400.000,
Contact STARLINK-30056 - MarsSat3,0.000,5400.000,5400.000,
Contact STARLINK-30056 - MarsSat4,0.000,5400.000,5400.000,
Contact STARLINK-4489 - STARLINK-31151,0.000,410.253,410.253,
Contact STARLINK-4489 - STARLINK-1718,3276.744,3940.559,663.815,
Contact STARLINK-4489 - STARLINK-2224,0.000,5400.000,5400.000,
Contact STARLINK-4489 - STARLINK-3696,0.000,5400.000,5400.000,
Contact STARLINK-4489 - STARLINK-3540,0.000,114.952,114.952,
Contact STARLINK-4489 - STARLINK-3540,4782.572,5400.000,617.428,
Contact STARLINK-4489 - STARLINK-5158,0.000,2930.157,2930.157,
Contact STARLINK-4489 - STARLINK-5158,4272.614,5400.000,1127.386,
Contact STARLINK-4489 - STARLINK-5555,3553.348,4220.151,666.804,
Contact STARLINK-4489 - STARLINK-11225 [DTC],0.000,5400.000,5400.000,
Contact STARLINK-4489 - STARLINK-4676,3385.834,4014.910,629.076,
Contact STARLINK-4489 - STARLINK-30362,0.000,5400.000,5400.000,
Contact STARLINK-4489 - STARLINK-31895,0.000,3960.862,3960.862,
Contact STARLINK-4489 - STARLINK-5484,0.000,65.667,65.667,
Contact STARLINK-4489 - STARLINK-5484,4890.488,5400.000,509.512,
Contact STARLINK-4489 - STARLINK-5609,3462.148,4369.046,906.898,
Contact STARLINK-4489 - STARLINK-4030,0.000,5400.000,5400.000,
Contact STARLINK-4489 - STARLINK-5067,4754.789,5400.000,645.211,
Contact STARLINK-4489 - STARLINK-31082,0.000,660.247,660.247,
Contact STARLINK-4489 - STARLINK-31082,5042.529,5400.000,357.471,
Contact STARLINK-4489 - STARLINK-2153,4822.667,5400.000,577.333,
Contact STARLINK-4489 - STARLINK-3080,0.000,5400.000,5400.000,
Contact STARLINK-4489 - STARLINK-31195,2998.574,4078.521,1079.947,
Contact STARLINK-4489 - STARLINK-11130 [DTC],3358.880,4133.622,774.742,
Contact STARLINK-4489 - STARLINK-1572,0.000,5400.000,5400.000,
Contact STARLINK-4489 - STARLINK-2068,3152.508,4128.333,975.825,
Contact STARLINK-4489 - STARLINK-3768,0.000,5400.000,5400.000,
Contact STARLINK-4489 - MoonARTEMIS1,0.000,3020.335,3020.335,
Contact STARLINK-4489 - MoonARTEMIS1,5134.331,5400.000,265.669,
Contact STARLINK-4489 - MoonARTEMIS2,0.000,3033.606,3033.606,
Contact STARLINK-4489 - MoonARTEMIS2,5148.083,5400.000,251.917,
Contact STARLINK-4489 - MoonIOAGEO,0.000,3022.884,3022.884,
Contact STARLINK-4489 - MoonIOAGEO,5135.183,5400.000,264.817,
Contact STARLINK-4489 - MoonIOAGNO,0.000,3023.901,3023.901,
Contact STARLINK-4489 - MoonIOAGNO,5135.905,5400.000,264.095,
Contact STARLINK-4489 - MoonIOAGNO 0001,0.000,3043.548,3043.548,
Contact STARLINK-4489 - MoonIOAGNO 0001,5156.477,5400.000,243.523,
Contact STARLINK-4489 - MoonIOAGSO,0.000,3022.410,3022.410,
Contact STARLINK-4489 - MoonIOAGSO,5135.755,5400.000,264.245,
Contact STARLINK-4489 - MoonIOAGSO 0001,0.000,3007.959,3007.959,
Contact STARLINK-4489 - MoonIOAGSO 0001,5118.092,5400.000,281.908,
Contact STARLINK-4489 - MoonLRO,0.000,3026.352,3026.352,
Contact STARLINK-4489 - MarsSat1,0.000,5400.000,5400.000,
Contact STARLINK-4489 - MarsSat2,0.000,5400.000,5400.000,
Contact STARLINK-4489 - MarsSat3,0.000,5400.000,5400.000,
Contact STARLINK-4489 - MarsSat4,0.000,5400.000,5400.000,
Contact STARLINK-31663 - STARLINK-5511,4497.256,5400.000,902.744,
Contact STARLINK-31663 - STARLINK-32040,0.000,673.986,673.986,
Contact STARLINK-31663 - STARLINK-32040,5304.431,5400.000,95.569,
Contact STARLINK-31663 - STARLINK-4480,3350.680,4233.728,883.047,
Contact STARLINK-31663 - STARLINK-4107,0.000,73.033,73.033,
Contact STARLINK-31663 - STARLINK-30610,3249.922,3783.232,533.310,
Contact STARLINK-31663 - STARLINK-30752,0.000,3476.137,3476.137,
Contact STARLINK-31663 - STARLINK-30752,3754.358,5400.000,1645.642,
Contact STARLINK-31663 - STARLINK-3869,3554.024,4278.887,724.863,
Contact STARLINK-31663 - STARLINK-2214,3512.102,4370.274,858.172,
Contact STARLINK-31663 - STARLINK-5777,0.000,279.027,279.027,
Contact STARLINK-31663 - STARLINK-5777,4802.119,5400.000,597.881,
Contact STARLINK-31663 - STARLINK-4565,2905.453,3848.345,942.892,
Contact STARLINK-31663 - STARLINK-3855,3264.762,3838.861,574.099,
Contact STARLINK-31663 - STARLINK-5067,3584.465,4678.078,1093.613,
Contact STARLINK-31663 - STARLINK-5858,0.000,237.299,237.299,
Contact STARLINK-31663 - STARLINK-5858,4636.944,5400.000,763.056,
Contact STARLINK-31663 - STARLINK-32043,0.000,5400.000,5400.000,
Contact STARLINK-31663 - STARLINK-1136,0.000,5400.000,5400.000,
Contact STARLINK-31663 - STARLINK-31006,0.000,5400.000,5400.000,
Contact STARLINK-31663 - STARLINK-4429,5081.038,5400.000,318.962,
Contact STARLINK-31663 - STARLINK-32097,0.000,718.434,718.434,
Contact STARLINK-31663 - STARLINK-32097,5308.765,5400.000,91.235,
Contact STARLINK-31663 - STARLINK-1605,0.000,5400.000,5400.000,
Contact STARLINK-31663 - STARLINK-4494,3526.411,3997.186,470.775,
Contact STARLINK-31663 - MoonARTEMIS1,2000.502,5400.000,3399.498,
Contact STARLINK-31663 - MoonARTEMIS2,1989.585,5400.000,3410.415,
Contact STARLINK-31663 - MoonIOAGEO,2002.852,5400.000,3397.148,
Contact STARLINK-31663 - MoonIOAGNO,1990.891,5400.000,3409.109,
Contact STARLINK-31663 - MoonIOAGNO 0001,2000.548,5400.000,3399.452,
Contact STARLINK-31663 - MoonIOAGSO,2011.012,5400.000,3388.988,
Contact STARLINK-31663 - MoonIOAGSO 0001,2004.112,5400.000,3395.888,
Contact STARLINK-31663 - MoonLRO,1997.735,3896.287,1898.553,
Contact STARLINK-31663 - MarsSat1,0.000,2489.805,2489.805,
Contact STARLINK-31663 - MarsSat1,4623.949,5400.000,776.051,
Contact STARLINK-31663 - MarsSat2,0.000,2489.767,2489.767,
Contact STARLINK-31663 - MarsSat2,4623.918,5400.000,776.082,
Contact STARLINK-31663 - MarsSat3,0.000,2489.863,2489.863,
Contact STARLINK-31663 - MarsSat3,4623.996,5400.000,776.004,
Contact STARLINK-31663 - MarsSat4,0.000,2489.844,2489.844,
Contact STARLINK-31663 - MarsSat4,4624.003,5400.000,775.997,
Contact STARLINK-5511 - STARLINK-32040,0.000,532.446,532.446,
Contact STARLINK-5511 - STARLINK-32040,5297.211,5400.000,102.789,
Contact STARLINK-5511 - STARLINK-5111,0.000,4061.985,4061.985,
Contact STARLINK-5511 - STARLINK-2224,0.000,319.418,319.418,
Contact STARLINK-5511 - STARLINK-2224,5187.238,5400.000,212.762,
Contact STARLINK-5511 - STARLINK-3540,0.000,5400.000,5400.000,
Contact STARLINK-5511 - STARLINK-4453,0.000,580.895,580.895,
Contact STARLINK-5511 - STARLINK-11225 [DTC],0.000,386.424,386.424,
Contact STARLINK-5511 - STARLINK-11225 [DTC],5142.587,5400.000,257.413,
Contact STARLINK-5511 - STARLINK-3869,3562.763,4393.175,830.412,
Contact STARLINK-5511 - STARLINK-5777,0.000,5400.000,5400.000,
Contact STARLINK-5511 - STARLINK-5484,0.000,5400.000,5400.000,
Contact STARLINK-5511 - STARLINK-5067,0.000,5400.000,5400.000,
Contact STARLINK-5511 - STARLINK-4070,3219.795,4061.944,842.149,
Contact STARLINK-5511 - STARLINK-2153,0.000,5400.000,5400.000,
Contact STARLINK-5511 - STARLINK-5858,0.000,5400.000,5400.000,
Contact STARLINK-5511 - STARLINK-31195,0.000,760.757,760.757,
Contact STARLINK-5511 - STARLINK-32043,0.000,3274.389,3274.389,
Contact STARLINK-5511 - STARLINK-32043,4133.063,5400.000,1266.937,
Contact STARLINK-5511 - STARLINK-1136,0.000,3004.210,3004.210,
Contact STARLINK-5511 - STARLINK-1136,4558.455,5400.000,841.545,
Contact STARLINK-5511 - STARLINK-5338,0.000,3610.446,3610.446,
Contact STARLINK-5511 - STARLINK-1572,0.000,595.648,595.648,
Contact STARLINK-5511 - STARLINK-1572,5356.025,5400.000,43.975,
Contact STARLINK-5511 - STARLINK-3750,0.000,715.989,715.989,
Contact STARLINK-5511 - STARLINK-3750,5225.569,5400.000,174.431,
Contact STARLINK-5511 - STARLINK-6363,3557.368,4371.365,813.996,
Contact STARLINK-5511 - STARLINK-1605,0.000,2951.026,2951.026,
Contact STARLINK-5511 - STARLINK-1605,4301.874,5400.000,1098.126,
Contact STARLINK-5511 - STARLINK-3768,0.000,460.581,460.581,
Contact STARLINK-5511 - MoonARTEMIS1,849.676,5008.021,4158.345,
Contact STARLINK-5511 - MoonARTEMIS2,856.419,4983.227,4126.808,
Contact STARLINK-5511 - MoonIOAGEO,863.218,4998.626,4135.408,
Contact STARLINK-5511 - MoonIOAGNO,853.121,4986.385,4133.264,
Contact STARLINK-5511 - MoonIOAGNO 0001,885.046,4992.969,4107.923,
Contact STARLINK-5511 - MoonIOAGSO,863.946,5015.160,4151.214,
Contact STARLINK-5511 - MoonIOAGSO 0001,834.864,5027.843,4192.978,
Contact STARLINK-5511 - MoonLRO,850.348,3895.843,3045.495,
Contact STARLINK-5511 - MarsSat1,0.000,5400.000,5400.000,
Contact STARLINK-5511 - MarsSat2,0.000,5400.000,5400.000,
Contact STARLINK-5511 - MarsSat3,0.000,5400.000,5400.000,
Contact STARLINK-5511 - MarsSat4,0.000,5400.000,5400.000,
Contact STARLINK-5155 - STARLINK-11117 [DTC],3563.837,4191.131,627.294,
Contact STARLINK-5155 - STARLINK-1718,4658.960,5400.000,741.040,
Contact STARLINK-5155 - STARLINK-5502,0.000,489.017,489.017,
Contact STARLINK-5155 - STARLINK-5502,4787.495,5400.000,612.505,
Contact STARLINK-5155 - STARLINK-1080,4462.937,5400.000,937.063,
Contact STARLINK-5155 - STARLINK-5248,0.000,5400.000,5400.000,
Contact STARLINK-5155 - STARLINK-6109,0.000,5400.000,5400.000,
Contact STARLINK-5155 - STARLINK-31816,0.000,4113.417,4113.417,
Contact STARLINK-5155 - STARLINK-5555,0.000,11.126,11.126,
Contact STARLINK-5155 - STARLINK-5555,4950.705,5400.000,449.295,
Contact STARLINK-5155 - STARLINK-4676,4737.153,5400.000,662.847,
Contact STARLINK-5155 - STARLINK-4419,0.000,359.533,359.533,
Contact STARLINK-5155 - STARLINK-4419,4865.922,5400.000,534.078,
Contact STARLINK-5155 - STARLINK-30154,0.000,5400.000,5400.000,
Contact STARLINK-5155 - STARLINK-3770,3012.552,3959.259,946.707,
Contact STARLINK-5155 - STARLINK-30565,0.000,5400.000,5400.000,
Contact STARLINK-5155 - STARLINK-30248,0.000,5400.000,5400.000,
Contact STARLINK-5155 - STARLINK-1692,3143.184,3803.592,660.409,
Contact STARLINK-5155 - STARLINK-6046,0.000,459.250,459.250,
Contact STARLINK-5155 - STARLINK-6046,5194.329,5400.000,205.671,
Contact STARLINK-5155 - STARLINK-4328,0.000,233.563,233.563,
Contact STARLINK-5155 - STARLINK-4328,5388.676,5400.000,11.324,
Contact STARLINK-5155 - STARLINK-5018,0.000,5400.000,5400.000,
Contact STARLINK-5155 - STARLINK-4776,0.000,333.621,333.621,
Contact STARLINK-5155 - STARLINK-4776,5101.801,5400.000,298.199,
Contact STARLINK-5155 - STARLINK-31122,2971.415,3968.726,997.311,
Contact STARLINK-5155 - STARLINK-11130 [DTC],4978.343,5400.000,421.657,
Contact STARLINK-5155 - STARLINK-4257,0.000,3953.734,3953.734,
Contact STARLINK-5155 - STARLINK-2704,0.000,5400.000,5400.000,
Contact STARLINK-5155 - STARLINK-2499,0.000,5400.000,5400.000,
Contact STARLINK-5155 - STARLINK-3634,0.000,5400.000,5400.000,
Contact STARLINK-5155 - MoonARTEMIS1,0.000,5400.000,5400.000,
Contact STARLINK-5155 - MoonARTEMIS2,0.000,5400.000,5400.000,
Contact STARLINK-5155 - MoonIOAGEO,0.000,5400.000,5400.000,
Contact STARLINK-5155 - MoonIOAGNO,0.000,5400.000,5400.000,
Contact STARLINK-5155 - MoonIOAGNO 0001,0.000,5400.000,5400.000,
Contact STARLINK-5155 - MoonIOAGSO,0.000,5400.000,5400.000,
Contact STARLINK-5155 - MoonIOAGSO 0001,0.000,5400.000,5400.000,
Contact STARLINK-5155 - MoonLRO,0.000,3889.952,3889.952,
Contact STARLINK-5155 - MarsSat1,197.022,4328.081,4131.058,
Contact STARLINK-5155 - MarsSat2,197.101,4328.066,4130.965,
Contact STARLINK-5155 - MarsSat3,196.923,4328.105,4131.182,
Contact STARLINK-5155 - MarsSat4,197.055,4328.201,4131.147,
Contact STARLINK-30217 - STARLINK-6350,4596.309,5400.000,803.691,
Contact STARLINK-30217 - STARLINK-31151,0.000,5400.000,5400.000,
Contact STARLINK-30217 - STARLINK-1718,0.000,5400.000,5400.000,
Contact STARLINK-30217 - STARLINK-5502,3432.671,4593.833,1161.162,
Contact STARLINK-30217 - STARLINK-1080,218.567,4650.992,4432.426,
Contact STARLINK-30217 - STARLINK-5248,724.928,4809.119,4084.191,
Contact STARLINK-30217 - STARLINK-6247,0.000,346.743,346.743,
Contact STARLINK-30217 - STARLINK-6247,4987.755,5400.000,412.245,
Contact STARLINK-30217 - STARLINK-4676,282.102,4717.917,4435.815,
Contact STARLINK-30217 - STARLINK-30362,0.000,5400.000,5400.000,
Contact STARLINK-30217 - STARLINK-31895,2725.930,5400.000,2674.070,
Contact STARLINK-30217 - STARLINK-4030,0.000,4809.761,4809.761,
Contact STARLINK-30217 - STARLINK-5416,0.000,484.893,484.893,
Contact STARLINK-30217 - STARLINK-5416,4944.433,5400.000,455.567,
Contact STARLINK-30217 - STARLINK-3897,0.000,5400.000,5400.000,
Contact STARLINK-30217 - STARLINK-31082,0.000,5400.000,5400.000,
Contact STARLINK-30217 - STARLINK-5951,0.000,68.882,68.882,
Contact STARLINK-30217 - STARLINK-5951,4880.628,5400.000,519.372,
Contact STARLINK-30217 - STARLINK-3080,0.000,354.441,354.441,
Contact STARLINK-30217 - STARLINK-3080,5274.336,5400.000,125.664,
Contact STARLINK-30217 - STARLINK-5686,3184.086,4440.282,1256.196,
Contact STARLINK-30217 - STARLINK-31122,0.000,76.585,76.585,
Contact STARLINK-30217 - STARLINK-31122,4831.515,5400.000,568.485,
Contact STARLINK-30217 - STARLINK-4429,3072.690,3812.140,739.450,
Contact STARLINK-30217 - MoonARTEMIS1,0.000,2036.645,2036.645,
Contact STARLINK-30217 - MoonARTEMIS1,4136.880,5400.000,1263.120,
Contact STARLINK-30217 - MoonARTEMIS2,0.000,2034.392,2034.392,
Contact STARLINK-30217 - MoonARTEMIS2,4125.569,5400.000,1274.431,
Contact STARLINK-30217 - MoonIOAGEO,0.000,2041.007,2041.007,
Contact STARLINK-30217 - MoonIOAGEO,4133.837,5400.000,1266.163,
Contact STARLINK-30217 - MoonIOAGNO,0.000,2030.639,2030.639,
Contact STARLINK-30217 - MoonIOAGNO,4124.744,5400.000,1275.256,
Contact STARLINK-30217 - MoonIOAGNO 0001,0.000,2048.709,2048.709,
Contact STARLINK-30217 - MoonIOAGNO 0001,4137.355,5400.000,1262.645,
Contact STARLINK-30217 - MoonIOAGSO,0.000,2047.756,2047.756,
Contact STARLINK-30217 - MoonIOAGSO,4143.766,5400.000,1256.234,
Contact STARLINK-30217 - MoonIOAGSO 0001,0.000,2035.486,2035.486,
Contact STARLINK-30217 - MoonIOAGSO 0001,4140.179,5400.000,1259.821,
Contact STARLINK-30217 - MoonLRO,0.000,2036.905,2036.905,
Contact STARLINK-30217 - MarsSat1,1061.721,4777.665,3715.943,
Contact STARLINK-30217 - MarsSat2,1061.678,4777.647,3715.969,
Contact STARLINK-30217 - MarsSat3,1061.786,4777.691,3715.905,
Contact STARLINK-30217 - MarsSat4,1061.765,4777.737,3715.972,
Contact STARLINK-6350 - STARLINK-1718,0.000,346.259,346.259,
Contact STARLINK-6350 - STARLINK-1718,5040.169,5400.000,359.831,
Contact STARLINK-6350 - STARLINK-6247,0.000,5400.000,5400.000,
Contact STARLINK-6350 - STARLINK-5555,0.000,5400.000,5400.000,
Contact STARLINK-6350 - STARLINK-4676,0.000,497.425,497.425,
Contact STARLINK-6350 - STARLINK-4676,5100.218,5400.000,299.782,
Contact STARLINK-6350 - STARLINK-4679,3154.181,3746.979,592.798,
Contact STARLINK-6350 - STARLINK-31895,4639.026,5400.000,760.974,
Contact STARLINK-6350 - STARLINK-4419,0.000,586.408,586.408,
Contact STARLINK-6350 - STARLINK-30154,0.000,5400.000,5400.000,
Contact STARLINK-6350 - STARLINK-5609,0.000,5400.000,5400.000,
Contact STARLINK-6350 - STARLINK-5416,341.056,5040.305,4699.250,
Contact STARLINK-6350 - STARLINK-5951,0.000,5400.000,5400.000,
Contact STARLINK-6350 - STARLINK-3080,3264.409,4208.167,943.758,
Contact STARLINK-6350 - STARLINK-4776,0.000,5400.000,5400.000,
Contact STARLINK-6350 - STARLINK-31122,0.000,4554.705,4554.705,
Contact STARLINK-6350 - STARLINK-11130 [DTC],0.000,560.100,560.100,
Contact STARLINK-6350 - STARLINK-11130 [DTC],5120.495,5400.000,279.505,
Contact STARLINK-6350 - STARLINK-2068,0.000,260.672,260.672,
Contact STARLINK-6350 - STARLINK-2068,5067.071,5400.000,332.929,
Contact STARLINK-6350 - STARLINK-2499,0.000,5400.000,5400.000,
Contact STARLINK-6350 - MoonARTEMIS1,0.000,2887.917,2887.917,
Contact STARLINK-6350 - MoonARTEMIS1,4389.239,5400.000,1010.761,
Contact STARLINK-6350 - MoonARTEMIS2,0.000,2866.185,2866.185,
Contact STARLINK-6350 - MoonARTEMIS2,4405.567,5400.000,994.433,
Contact STARLINK-6350 - MoonIOAGEO,0.000,2888.936,2888.936,
Contact STARLINK-6350 - MoonIOAGEO,4388.000,5400.000,1012.000,
Contact STARLINK-6350 - MoonIOAGNO,0.000,2864.757,2864.757,
Contact STARLINK-6350 - MoonIOAGNO,4383.159,5400.000,1016.841,
Contact STARLINK-6350 - MoonIOAGNO 0001,0.000,2885.599,2885.599,
Contact STARLINK-6350 - MoonIOAGNO 0001,4432.706,5400.000,967.294,
Contact STARLINK-6350 - MoonIOAGSO,0.000,2909.714,2909.714,
Contact STARLINK-6350 - MoonIOAGSO,4396.936,5400.000,1003.064,
Contact STARLINK-6350 - MoonIOAGSO 0001,0.000,2901.835,2901.835,
Contact STARLINK-6350 - MoonIOAGSO 0001,4360.817,5400.000,1039.183,
Contact STARLINK-6350 - MoonLRO,0.000,2875.788,2875.788,
Contact STARLINK-6350 - MarsSat1,1443.329,5400.000,3956.671,
Contact STARLINK-6350 - MarsSat2,1443.363,5400.000,3956.637,
Contact STARLINK-6350 - MarsSat3,1443.288,5400.000,3956.712,
Contact STARLINK-6350 - MarsSat4,1443.395,5400.000,3956.605,
Contact STARLINK-11117 [DTC] - STARLINK-5268,3073.909,3881.958,808.049,
Contact STARLINK-11117 [DTC] - STARLINK-4107,0.000,5400.000,5400.000,
Contact STARLINK-11117 [DTC] - STARLINK-6109,789.571,4693.603,3904.032,
Contact STARLINK-11117 [DTC] - STARLINK-31816,819.513,4688.691,3869.178,
Contact STARLINK-11117 [DTC] - STARLINK-30752,3951.098,5400.000,1448.902,
Contact STARLINK-11117 [DTC] - STARLINK-2128,3186.293,3603.518,417.224,
Contact STARLINK-11117 [DTC] - STARLINK-30480,0.000,5400.000,5400.000,
Contact STARLINK-11117 [DTC] - STARLINK-3770,842.190,5400.000,4557.810,
Contact STARLINK-11117 [DTC] - STARLINK-30248,3320.973,4248.825,927.852,
Contact STARLINK-11117 [DTC] - STARLINK-5954,3098.738,3771.053,672.315,
Contact STARLINK-11117 [DTC] - STARLINK-1692,1229.050,5400.000,4170.950,
Contact STARLINK-11117 [DTC] - STARLINK-1423,3228.328,3705.908,477.579,
Contact STARLINK-11117 [DTC] - STARLINK-5686,0.000,711.851,711.851,
Contact STARLINK-11117 [DTC] - STARLINK-31006,4588.053,5400.000,811.947,
Contact STARLINK-11117 [DTC] - STARLINK-4429,0.000,459.764,459.764,
Contact STARLINK-11117 [DTC] - STARLINK-4429,5170.445,5400.000,229.555,
Contact STARLINK-11117 [DTC] - STARLINK-30925,2962.958,3837.349,874.391,
Contact STARLINK-11117 [DTC] - STARLINK-3634,3332.547,3979.989,647.442,
Contact STARLINK-11117 [DTC] - STARLINK-30904,0.000,527.605,527.605,
Contact STARLINK-11117 [DTC] - STARLINK-30904,5094.406,5400.000,305.594,
Contact STARLINK-11117 [DTC] - MoonARTEMIS1,0.000,5400.000,5400.000,
Contact STARLINK-11117 [DTC] - MoonARTEMIS2,0.000,5400.000,5400.000,
Contact STARLINK-11117 [DTC] - MoonIOAGEO,0.000,5400.000,5400.000,
Contact STARLINK-11117 [DTC] - MoonIOAGNO,0.000,5400.000,5400.000,
Contact STARLINK-11117 [DTC] - MoonIOAGNO 0001,0.000,5400.000,5400.000,
Contact STARLINK-11117 [DTC] - MoonIOAGSO,0.000,5400.000,5400.000,
Contact STARLINK-11117 [DTC] - MoonIOAGSO 0001,0.000,5400.000,5400.000,
Contact STARLINK-11117 [DTC] - MoonLRO,0.000,3892.034,3892.034,
Contact STARLINK-11117 [DTC] - MarsSat1,0.000,3535.566,3535.566,
Contact STARLINK-11117 [DTC] - MarsSat2,0.000,3535.560,3535.560,
Contact STARLINK-11117 [DTC] - MarsSat3,0.000,3535.578,3535.578,
Contact STARLINK-11117 [DTC] - MarsSat4,0.000,3535.648,3535.648,
Contact STARLINK-32040 - STARLINK-5111,242.054,5400.000,5157.946,
Contact STARLINK-32040 - STARLINK-4453,3039.028,3966.562,927.534,
Contact STARLINK-32040 - STARLINK-30752,0.000,231.799,231.799,
Contact STARLINK-32040 - STARLINK-5777,0.000,5400.000,5400.000,
Contact STARLINK-32040 - STARLINK-4565,0.000,5400.000,5400.000,
Contact STARLINK-32040 - STARLINK-5858,0.000,5400.000,5400.000,
Contact STARLINK-32040 - STARLINK-32043,0.000,451.358,451.358,
Contact STARLINK-32040 - STARLINK-32043,5222.519,5400.000,177.481,
Contact STARLINK-32040 - STARLINK-1136,0.000,553.846,553.846,
Contact STARLINK-32040 - STARLINK-1136,5306.084,5400.000,93.916,
Contact STARLINK-32040 - STARLINK-31006,0.000,440.616,440.616,
Contact STARLINK-32040 - STARLINK-5338,3421.224,4235.029,813.805,
Contact STARLINK-32040 - STARLINK-32097,0.000,5400.000,5400.000,
Contact STARLINK-32040 - STARLINK-3750,3286.682,4207.284,920.602,
Contact STARLINK-32040 - STARLINK-1605,0.000,411.904,411.904,
Contact STARLINK-32040 - STARLINK-1605,5163.854,5400.000,236.146,
Contact STARLINK-32040 - STARLINK-30904,3335.008,3754.117,419.109,
Contact STARLINK-32040 - MoonARTEMIS1,826.836,4553.562,3726.725,
Contact STARLINK-32040 - MoonARTEMIS2,846.392,4565.689,3719.297,
Contact STARLINK-32040 - MoonIOAGEO,830.115,4552.493,3722.378,
Contact STARLINK-32040 - MoonIOAGNO,841.918,4549.265,3707.347,
Contact STARLINK-32040 - MoonIOAGNO 0001,853.873,4580.733,3726.860,
Contact STARLINK-32040 - MoonIOAGSO,819.068,4559.143,3740.075,
Contact STARLINK-32040 - MoonIOAGSO 0001,810.227,4538.699,3728.471,
Contact STARLINK-32040 - MoonLRO,827.908,3919.112,3091.204,
Contact STARLINK-32040 - MarsSat1,0.000,1727.196,1727.196,
Contact STARLINK-32040 - MarsSat1,3739.073,5400.000,1660.927,
Contact STARLINK-32040 - MarsSat2,0.000,1727.222,1727.222,
Contact STARLINK-32040 - MarsSat2,3739.119,5400.000,1660.881,
Contact STARLINK-32040 - MarsSat3,0.000,1727.163,1727.163,
Contact STARLINK-32040 - MarsSat3,3739.004,5400.000,1660.996,
Contact STARLINK-32040 - MarsSat4,0.000,1727.241,1727.241,
Contact STARLINK-32040 - MarsSat4,3739.095,5400.000,1660.905,
Contact STARLINK-5111 - STARLINK-3540,2923.784,3822.209,898.425,
Contact STARLINK-5111 - STARLINK-4453,0.000,672.130,672.130,
Contact STARLINK-5111 - STARLINK-5777,2925.562,4445.341,1519.779,
Contact STARLINK-5111 - STARLINK-4679,4806.427,5400.000,593.573,
Contact STARLINK-5111 - STARLINK-4565,3987.616,5400.000,1412.384,
Contact STARLINK-5111 - STARLINK-5484,2886.617,3763.915,877.298,
Contact STARLINK-5111 - STARLINK-5067,0.000,697.841,697.841,
Contact STARLINK-5111 - STARLINK-4070,0.000,5400.000,5400.000,
Contact STARLINK-5111 - STARLINK-2153,0.000,3788.307,3788.307,
Contact STARLINK-5111 - STARLINK-5858,2901.440,4303.912,1402.472,
Contact STARLINK-5111 - STARLINK-31195,0.000,2185.851,2185.851,
Contact STARLINK-5111 - STARLINK-32043,0.000,648.681,648.681,
Contact STARLINK-5111 - STARLINK-5338,2946.001,4230.753,1284.752,
Contact STARLINK-5111 - STARLINK-32097,579.306,5291.912,4712.607,
Contact STARLINK-5111 - STARLINK-3750,0.000,5400.000,5400.000,
Contact STARLINK-5111 - STARLINK-6363,0.000,2883.896,2883.896,
Contact STARLINK-5111 - STARLINK-6363,4142.046,5400.000,1257.954,
Contact STARLINK-5111 - STARLINK-1605,0.000,468.262,468.262,
Contact STARLINK-5111 - MoonARTEMIS1,846.573,4433.285,3586.712,
Contact STARLINK-5111 - MoonARTEMIS2,856.084,4444.204,3588.120,
Contact STARLINK-5111 - MoonIOAGEO,852.016,4433.333,3581.316,
Contact STARLINK-5111 - MoonIOAGNO,853.237,4432.247,3579.010,
Contact STARLINK-5111 - MoonIOAGNO 0001,867.837,4453.950,3586.113,
Contact STARLINK-5111 - MoonIOAGSO,848.199,4436.452,3588.253,
Contact STARLINK-5111 - MoonIOAGSO 0001,836.119,4421.521,3585.402,
Contact STARLINK-5111 - MoonLRO,847.250,3912.375,3065.125,
Contact STARLINK-5111 - MarsSat1,0.000,1588.572,1588.572,
Contact STARLINK-5111 - MarsSat1,3701.860,5400.000,1698.140,
Contact STARLINK-5111 - MarsSat2,0.000,1588.601,1588.601,
Contact STARLINK-5111 - MarsSat2,3701.883,5400.000,1698.117,
Contact STARLINK-5111 - MarsSat3,0.000,1588.534,1588.534,
Contact STARLINK-5111 - MarsSat3,3701.827,5400.000,1698.173,
Contact STARLINK-5111 - MarsSat4,0.000,1588.605,1588.605,
Contact STARLINK-5111 - MarsSat4,3701.905,5400.000,1698.095,
Contact STARLINK-31151 - STARLINK-1718,3099.751,4314.362,1214.611,
Contact STARLINK-31151 - STARLINK-5502,3406.309,4402.582,996.273,
Contact STARLINK-31151 - STARLINK-1080,3120.112,4309.234,1189.122,
Contact STARLINK-31151 - STARLINK-5248,3517.423,4546.489,1029.066,
Contact STARLINK-31151 - STARLINK-3696,0.000,136.674,136.674,
Contact STARLINK-31151 - STARLINK-6247,0.000,243.306,243.306,
Contact STARLINK-31151 - STARLINK-6247,4684.260,5400.000,715.740,
Contact STARLINK-31151 - STARLINK-4676,3354.566,4285.688,931.123,
Contact STARLINK-31151 - STARLINK-30362,0.000,5400.000,5400.000,
Contact STARLINK-31151 - STARLINK-31895,3838.133,5400.000,1561.867,
Contact STARLINK-31151 - STARLINK-4030,0.000,5400.000,5400.000,
Contact STARLINK-31151 - STARLINK-5416,0.000,3287.782,3287.782,
Contact STARLINK-31151 - STARLINK-5416,4598.017,5400.000,801.983,
Contact STARLINK-31151 - STARLINK-3897,0.000,5400.000,5400.000,
Contact STARLINK-31151 - STARLINK-31082,0.000,5400.000,5400.000,
Contact STARLINK-31151 - STARLINK-5951,4597.928,5400.000,802.072,
Contact STARLINK-31151 - STARLINK-3080,0.000,288.682,288.682,
Contact STARLINK-31151 - STARLINK-3080,5070.268,5400.000,329.732,
Contact STARLINK-31151 - STARLINK-5018,3565.460,4616.102,1050.642,
Contact STARLINK-31151 - STARLINK-5686,3113.447,4103.803,990.356,
Contact STARLINK-31151 - STARLINK-31122,4656.382,5400.000,743.618,
Contact STARLINK-31151 - STARLINK-4429,2967.168,3989.716,1022.548,
Contact STARLINK-31151 - MoonARTEMIS1,0.000,2129.155,2129.155,
Contact STARLINK-31151 - MoonARTEMIS1,4188.381,5400.000,1211.619,
Contact STARLINK-31151 - MoonARTEMIS2,0.000,2134.390,2134.390,
Contact STARLINK-31151 - MoonARTEMIS2,4181.519,5400.000,1218.481,
Contact STARLINK-31151 - MoonIOAGEO,0.000,2134.073,2134.073,
Contact STARLINK-31151 - MoonIOAGEO,4185.551,5400.000,1214.449,
Contact STARLINK-31151 - MoonIOAGNO,0.000,2127.628,2127.628,
Contact STARLINK-31151 - MoonIOAGNO,4176.896,5400.000,1223.104,
Contact STARLINK-31151 - MoonIOAGNO 0001,0.000,2149.979,2149.979,
Contact STARLINK-31151 - MoonIOAGNO 0001,4196.479,5400.000,1203.521,
Contact STARLINK-31151 - MoonIOAGSO,0.000,2137.834,2137.834,
Contact STARLINK-31151 - MoonIOAGSO,4195.587,5400.000,1204.413,
Contact STARLINK-31151 - MoonIOAGSO 0001,0.000,2122.269,2122.269,
Contact STARLINK-31151 - MoonIOAGSO 0001,4186.851,5400.000,1213.149,
Contact STARLINK-31151 - MoonLRO,0.000,2131.901,2131.901,
Contact STARLINK-31151 - MarsSat1,1116.949,4924.059,3807.109,
Contact STARLINK-31151 - MarsSat2,1116.912,4924.066,3807.153,
Contact STARLINK-31151 - MarsSat3,1117.007,4924.047,3807.040,
Contact STARLINK-31151 - MarsSat4,1117.007,4924.136,3807.129,
Contact STARLINK-1718 - STARLINK-5502,507.811,5400.000,4892.189,
Contact STARLINK-1718 - STARLINK-5248,4053.250,5400.000,1346.750,
Contact STARLINK-1718 - STARLINK-3696,3288.506,3613.282,324.776,
Contact STARLINK-1718 - STARLINK-6247,0.000,3634.097,3634.097,
Contact STARLINK-1718 - STARLINK-5555,0.000,5400.000,5400.000,
Contact STARLINK-1718 - STARLINK-4676,0.000,5400.000,5400.000,
Contact STARLINK-1718 - STARLINK-30362,3045.352,4236.346,1190.994,
Contact STARLINK-1718 - STARLINK-31895,214.791,5094.395,4879.605,
Contact STARLINK-1718 - STARLINK-4419,0.000,70.637,70.637,
Contact STARLINK-1718 - STARLINK-4419,5120.570,5400.000,279.430,
Contact STARLINK-1718 - STARLINK-30154,0.000,2944.292,2944.292,
Contact STARLINK-1718 - STARLINK-30154,4489.655,5400.000,910.345,
Contact STARLINK-1718 - STARLINK-30565,0.000,60.440,60.440,
Contact STARLINK-1718 - STARLINK-30565,5308.734,5400.000,91.266,
Contact STARLINK-1718 - STARLINK-5609,0.000,5400.000,5400.000,
Contact STARLINK-1718 - STARLINK-4030,463.339,4668.562,4205.223,
Contact STARLINK-1718 - STARLINK-5416,0.000,3661.477,3661.477,
Contact STARLINK-1718 - STARLINK-3897,3238.917,3790.863,551.946,
Contact STARLINK-1718 - STARLINK-31082,2982.810,4061.947,1079.136,
Contact STARLINK-1718 - STARLINK-5951,0.000,582.143,582.143,
Contact STARLINK-1718 - STARLINK-5951,5374.723,5400.000,25.277,
Contact STARLINK-1718 - STARLINK-3080,0.000,716.792,716.792,
Contact STARLINK-1718 - STARLINK-5018,4050.888,5400.000,1349.112,
Contact STARLINK-1718 - STARLINK-4776,0.000,3197.616,3197.616,
Contact STARLINK-1718 - STARLINK-4776,3942.354,5400.000,1457.646,
Contact STARLINK-1718 - STARLINK-31122,0.000,433.224,433.224,
Contact STARLINK-1718 - STARLINK-31122,5330.265,5400.000,69.735,
Contact STARLINK-1718 - STARLINK-11130 [DTC],0.000,5400.000,5400.000,
Contact STARLINK-1718 - STARLINK-4429,3577.792,3708.747,130.955,
Contact STARLINK-1718 - STARLINK-2068,567.291,5400.000,4832.709,
Contact STARLINK-1718 - STARLINK-2499,0.000,2922.710,2922.710,
Contact STARLINK-1718 - STARLINK-2499,4395.033,5400.000,1004.967,
Contact STARLINK-1718 - MoonARTEMIS1,0.000,2418.626,2418.626,
Contact STARLINK-1718 - MoonARTEMIS1,4575.985,5400.000,824.015,
Contact STARLINK-1718 - MoonARTEMIS2,0.000,2408.441,2408.441,
Contact STARLINK-1718 - MoonARTEMIS2,4561.775,5400.000,838.225,
Contact STARLINK-1718 - MoonIOAGEO,0.000,2420.055,2420.055,
Contact STARLINK-1718 - MoonIOAGEO,4572.014,5400.000,827.986,
Contact STARLINK-1718 - MoonIOAGNO,0.000,2408.535,2408.535,
Contact STARLINK-1718 - MoonIOAGNO,4564.754,5400.000,835.246,
Contact STARLINK-1718 - MoonIOAGNO 0001,0.000,2416.957,2416.957,
Contact STARLINK-1718 - MoonIOAGNO 0001,4568.686,5400.000,831.314,
Contact STARLINK-1718 - MoonIOAGSO,0.000,2428.902,2428.902,
Contact STARLINK-1718 - MoonIOAGSO,4580.368,5400.000,819.632,
Contact STARLINK-1718 - MoonIOAGSO 0001,0.000,2424.769,2424.769,
Contact STARLINK-1718 - MoonIOAGSO 0001,4583.731,5400.000,816.269,
Contact STARLINK-1718 - MoonLRO,0.000,2414.684,2414.684,
Contact STARLINK-1718 - MarsSat1,1529.215,5123.994,3594.779,
Contact STARLINK-1718 - MarsSat2,1529.172,5123.958,3594.787,
Contact STARLINK-1718 - MarsSat3,1529.279,5124.048,3594.769,
Contact STARLINK-1718 - MarsSat4,1529.246,5124.045,3594.799,
Contact STARLINK-5502 - STARLINK-1080,0.000,5400.000,5400.000,
Contact STARLINK-5502 - STARLINK-5248,0.000,5400.000,5400.000,
Contact STARLINK-5502 - STARLINK-5268,0.000,2892.505,2892.505,
Contact STARLINK-5502 - STARLINK-5268,4530.527,5400.000,869.473,
Contact STARLINK-5502 - STARLINK-6109,0.000,400.077,400.077,
Contact STARLINK-5502 - STARLINK-6109,5313.278,5400.000,86.722,
Contact STARLINK-5502 - STARLINK-31816,0.000,424.260,424.260,
Contact STARLINK-5502 - STARLINK-31816,5336.493,5400.000,63.507,
Contact STARLINK-5502 - STARLINK-5555,420.057,5400.000,4979.943,
Contact STARLINK-5502 - STARLINK-4676,0.000,5400.000,5400.000,
Contact STARLINK-5502 - STARLINK-30362,3449.044,4283.950,834.907,
Contact STARLINK-5502 - STARLINK-4419,0.000,109.500,109.500,
Contact STARLINK-5502 - STARLINK-4419,5205.783,5400.000,194.217,
Contact STARLINK-5502 - STARLINK-30154,0.000,5400.000,5400.000,
Contact STARLINK-5502 - STARLINK-30565,0.000,498.461,498.461,
Contact STARLINK-5502 - STARLINK-30565,5308.440,5400.000,91.560,
Contact STARLINK-5502 - STARLINK-30248,0.000,190.907,190.907,
Contact STARLINK-5502 - STARLINK-30248,4950.024,5400.000,449.976,
Contact STARLINK-5502 - STARLINK-5416,3102.273,3805.800,703.527,
Contact STARLINK-5502 - STARLINK-3897,3245.612,4093.901,848.289,
Contact STARLINK-5502 - STARLINK-6046,0.000,53.206,53.206,
Contact STARLINK-5502 - STARLINK-6046,5099.490,5400.000,300.510,
Contact STARLINK-5502 - STARLINK-31082,3336.297,4173.964,837.666,
Contact STARLINK-5502 - STARLINK-4328,5142.442,5400.000,257.558,
Contact STARLINK-5502 - STARLINK-5018,0.000,5400.000,5400.000,
Contact STARLINK-5502 - STARLINK-4776,413.681,5400.000,4986.319,
Contact STARLINK-5502 - STARLINK-31122,0.000,653.173,653.173,
Contact STARLINK-5502 - STARLINK-4429,3252.783,3996.473,743.690,
Contact STARLINK-5502 - STARLINK-4257,0.000,435.848,435.848,
Contact STARLINK-5502 - STARLINK-2704,0.000,409.359,409.359,
Contact STARLINK-5502 - STARLINK-2704,5243.909,5400.000,156.091,
Contact STARLINK-5502 - STARLINK-30925,4945.464,5400.000,454.536,
Contact STARLINK-5502 - STARLINK-4494,4926.296,5400.000,473.704,
Contact STARLINK-5502 - STARLINK-2499,0.000,5400.000,5400.000,
Contact STARLINK-5502 - STARLINK-3634,0.000,3483.621,3483.621,
Contact STARLINK-5502 - STARLINK-3634,4364.624,5400.000,1035.376,
Contact STARLINK-5502 - MoonARTEMIS1,0.000,2523.528,2523.528,
Contact STARLINK-5502 - MoonARTEMIS1,4514.711,5400.000,885.289,
Contact STARLINK-5502 - MoonARTEMIS2,0.000,2504.769,2504.769,
Contact STARLINK-5502 - MoonARTEMIS2,4496.007,5400.000,903.993,
Contact STARLINK-5502 - MoonIOAGEO,0.000,2521.907,2521.907,
Contact STARLINK-5502 - MoonIOAGEO,4510.015,5400.000,889.985,
Contact STARLINK-5502 - MoonIOAGNO,0.000,2511.103,2511.103,
Contact STARLINK-5502 - MoonIOAGNO,4501.028,5400.000,898.972,
Contact STARLINK-5502 - MoonIOAGNO 0001,0.000,2502.507,2502.507,
Contact STARLINK-5502 - MoonIOAGNO 0001,4503.200,5400.000,896.800,
Contact STARLINK-5502 - MoonIOAGSO,0.000,2530.776,2530.776,
Contact STARLINK-5502 - MoonIOAGSO,4519.855,5400.000,880.145,
Contact STARLINK-5502 - MoonIOAGSO 0001,0.000,2539.910,2539.910,
Contact STARLINK-5502 - MoonIOAGSO 0001,4526.022,5400.000,873.978,
Contact STARLINK-5502 - MoonLRO,0.000,2515.295,2515.295,
Contact STARLINK-5502 - MarsSat1,1384.738,5253.655,3868.918,
Contact STARLINK-5502 - MarsSat2,1384.684,5253.595,3868.911,
Contact STARLINK-5502 - MarsSat3,1384.818,5253.749,3868.930,
Contact STARLINK-5502 - MarsSat4,1384.784,5253.675,3868.890,
Contact STARLINK-1080 - STARLINK-5248,0.000,5400.000,5400.000,
Contact STARLINK-1080 - STARLINK-6109,0.000,158.342,158.342,
Contact STARLINK-1080 - STARLINK-6109,4942.289,5400.000,457.711,
Contact STARLINK-1080 - STARLINK-31816,0.000,187.319,187.319,
Contact STARLINK-1080 - STARLINK-31816,4969.907,5400.000,430.093,
Contact STARLINK-1080 - STARLINK-30362,3309.504,3914.070,604.565,
Contact STARLINK-1080 - STARLINK-4419,4893.988,5400.000,506.012,
Contact STARLINK-1080 - STARLINK-30154,0.000,3065.912,3065.912,
Contact STARLINK-1080 - STARLINK-30154,4480.050,5400.000,919.950,
Contact STARLINK-1080 - STARLINK-3770,0.000,57.489,57.489,
Contact STARLINK-1080 - STARLINK-30565,0.000,210.919,210.919,
Contact STARLINK-1080 - STARLINK-30565,4968.229,5400.000,431.771,
Contact STARLINK-1080 - STARLINK-30248,4486.989,5400.000,913.011,
Contact STARLINK-1080 - STARLINK-3897,2985.740,3892.163,906.422,
Contact STARLINK-1080 - STARLINK-6046,4853.518,5400.000,546.482,
Contact STARLINK-1080 - STARLINK-31082,3153.630,3830.413,676.783,
Contact STARLINK-1080 - STARLINK-5018,0.000,5400.000,5400.000,
Contact STARLINK-1080 - STARLINK-5686,0.000,5400.000,5400.000,
Contact STARLINK-1080 - STARLINK-31122,0.000,319.915,319.915,
Contact STARLINK-1080 - STARLINK-31122,5328.666,5400.000,71.334,
Contact STARLINK-1080 - STARLINK-4429,3039.307,3783.918,744.611,
Contact STARLINK-1080 - STARLINK-4257,0.000,215.572,215.572,
Contact STARLINK-1080 - STARLINK-4257,5245.699,5400.000,154.301,
Contact STARLINK-1080 - STARLINK-2704,0.000,144.118,144.118,
Contact STARLINK-1080 - STARLINK-2704,4900.842,5400.000,499.158,
Contact STARLINK-1080 - STARLINK-3634,0.000,2863.975,2863.975,
Contact STARLINK-1080 - STARLINK-3634,3938.062,5400.000,1461.938,
Contact STARLINK-1080 - MoonARTEMIS1,0.000,1884.343,1884.343,
Contact STARLINK-1080 - MoonARTEMIS1,3983.850,5400.000,1416.150,
Contact STARLINK-1080 - MoonARTEMIS2,0.000,1869.668,1869.668,
Contact STARLINK-1080 - MoonARTEMIS2,3969.974,5400.000,1430.026,
Contact STARLINK-1080 - MoonIOAGEO,0.000,1885.576,1885.576,
Contact STARLINK-1080 - MoonIOAGEO,3981.020,5400.000,1418.980,
Contact STARLINK-1080 - MoonIOAGNO,0.000,1872.155,1872.155,
Contact STARLINK-1080 - MoonIOAGNO,3971.574,5400.000,1428.426,
Contact STARLINK-1080 - MoonIOAGNO 0001,0.000,1874.744,1874.744,
Contact STARLINK-1080 - MoonIOAGNO 0001,3979.404,5400.000,1420.596,
Contact STARLINK-1080 - MoonIOAGSO,0.000,1895.492,1895.492,
Contact STARLINK-1080 - MoonIOAGSO,3990.631,5400.000,1409.369,
Contact STARLINK-1080 - MoonIOAGSO 0001,0.000,1894.928,1894.928,
Contact STARLINK-1080 - MoonIOAGSO 0001,3990.316,5400.000,1409.684,
Contact STARLINK-1080 - MoonLRO,0.000,1880.614,1880.614,
Contact STARLINK-1080 - MarsSat1,946.151,4552.993,3606.843,
Contact STARLINK-1080 - MarsSat2,946.110,4552.947,3606.837,
Contact STARLINK-1080 - MarsSat3,946.211,4553.065,3606.853,
Contact STARLINK-1080 - MarsSat4,946.192,4553.035,3606.843,
Contact STARLINK-2224 - STARLINK-3696,0.000,5400.000,5400.000,
Contact STARLINK-2224 - STARLINK-3540,0.000,395.568,395.568,
Contact STARLINK-2224 - STARLINK-3540,4787.395,5400.000,612.605,
Contact STARLINK-2224 - STARLINK-4453,0.000,489.232,489.232,
Contact STARLINK-2224 - STARLINK-5158,4480.708,5400.000,919.292,
Contact STARLINK-2224 - STARLINK-11225 [DTC],0.000,5400.000,5400.000,
Contact STARLINK-2224 - STARLINK-5777,0.000,473.497,473.497,
Contact STARLINK-2224 - STARLINK-31895,3085.008,3811.063,726.055,
Contact STARLINK-2224 - STARLINK-5484,0.000,274.525,274.525,
Contact STARLINK-2224 - STARLINK-5484,4951.670,5400.000,448.330,
Contact STARLINK-2224 - STARLINK-4030,2716.000,3619.765,903.766,
Contact STARLINK-2224 - STARLINK-5067,0.000,31.326,31.326,
Contact STARLINK-2224 - STARLINK-5067,4819.488,5400.000,580.512,
Contact STARLINK-2224 - STARLINK-2153,0.000,241.193,241.193,
Contact STARLINK-2224 - STARLINK-2153,4834.073,5400.000,565.927,
Contact STARLINK-2224 - STARLINK-5858,0.000,423.173,423.173,
Contact STARLINK-2224 - STARLINK-31195,0.000,4213.510,4213.510,
Contact STARLINK-2224 - STARLINK-5338,0.000,3610.596,3610.596,
Contact STARLINK-2224 - STARLINK-1572,0.000,5400.000,5400.000,
Contact STARLINK-2224 - STARLINK-3750,0.000,4030.466,4030.466,
Contact STARLINK-2224 - STARLINK-2068,3301.798,4117.078,815.280,
Contact STARLINK-2224 - STARLINK-3768,0.000,5400.000,5400.000,
Contact STARLINK-2224 - MoonARTEMIS1,0.000,3189.440,3189.440,
Contact STARLINK-2224 - MoonARTEMIS1,5356.751,5400.000,43.249,
Contact STARLINK-2224 - MoonARTEMIS2,0.000,3202.567,3202.567,
Contact STARLINK-2224 - MoonARTEMIS2,5370.417,5400.000,29.583,
Contact STARLINK-2224 - MoonIOAGEO,0.000,3191.728,3191.728,
Contact STARLINK-2224 - MoonIOAGEO,5357.429,5400.000,42.571,
Contact STARLINK-2224 - MoonIOAGNO,0.000,3192.534,3192.534,
Contact STARLINK-2224 - MoonIOAGNO,5357.748,5400.000,42.252,
Contact STARLINK-2224 - MoonIOAGNO 0001,0.000,3212.522,3212.522,
Contact STARLINK-2224 - MoonIOAGNO 0001,5378.894,5400.000,21.106,
Contact STARLINK-2224 - MoonIOAGSO,0.000,3191.629,3191.629,
Contact STARLINK-2224 - MoonIOAGSO,5358.517,5400.000,41.483,
Contact STARLINK-2224 - MoonIOAGSO 0001,0.000,3176.976,3176.976,
Contact STARLINK-2224 - MoonIOAGSO 0001,5340.359,5400.000,59.641,
Contact STARLINK-2224 - MoonLRO,0.000,3195.250,3195.250,
Contact STARLINK-2224 - MarsSat1,0.000,5400.000,5400.000,
Contact STARLINK-2224 - MarsSat2,0.000,5400.000,5400.000,
Contact STARLINK-2224 - MarsSat3,0.000,5400.000,5400.000,
Contact STARLINK-2224 - MarsSat4,0.000,5400.000,5400.000,
Contact STARLINK-5248 - STARLINK-5268,0.000,5400.000,5400.000,
Contact STARLINK-5248 - STARLINK-6109,0.000,539.314,539.314,
Contact STARLINK-5248 - STARLINK-6109,5181.016,5400.000,218.984,
Contact STARLINK-5248 - STARLINK-31816,0.000,559.279,559.279,
Contact STARLINK-5248 - STARLINK-31816,5210.403,5400.000,189.597,
Contact STARLINK-5248 - STARLINK-4676,4121.613,5400.000,1278.387,
Contact STARLINK-5248 - STARLINK-4419,0.000,21.257,21.257,
Contact STARLINK-5248 - STARLINK-4419,5048.742,5400.000,351.258,
Contact STARLINK-5248 - STARLINK-30154,0.000,5400.000,5400.000,
Contact STARLINK-5248 - STARLINK-3770,0.000,566.367,566.367,
Contact STARLINK-5248 - STARLINK-30565,0.000,533.463,533.463,
Contact STARLINK-5248 - STARLINK-30565,5171.326,5400.000,228.674,
Contact STARLINK-5248 - STARLINK-30248,0.000,3259.739,3259.739,
Contact STARLINK-5248 - STARLINK-30248,4652.778,5400.000,747.222,
Contact STARLINK-5248 - STARLINK-5954,648.300,4907.201,4258.901,
Contact STARLINK-5248 - STARLINK-3897,3299.585,4131.190,831.604,
Contact STARLINK-5248 - STARLINK-6046,0.000,65.932,65.932,
Contact STARLINK-5248 - STARLINK-6046,5016.044,5400.000,383.956,
Contact STARLINK-5248 - STARLINK-31082,3560.706,4041.635,480.929,
Contact STARLINK-5248 - STARLINK-4328,5286.835,5400.000,113.165,
Contact STARLINK-5248 - STARLINK-5018,0.000,5400.000,5400.000,
Contact STARLINK-5248 - STARLINK-5686,0.000,5400.000,5400.000,
Contact STARLINK-5248 - STARLINK-31122,0.000,536.735,536.735,
Contact STARLINK-5248 - STARLINK-4429,3230.461,3944.652,714.191,
Contact STARLINK-5248 - STARLINK-4257,0.000,571.137,571.137,
Contact STARLINK-5248 - STARLINK-2704,0.000,474.085,474.085,
Contact STARLINK-5248 - STARLINK-2704,5102.454,5400.000,297.546,
Contact STARLINK-5248 - STARLINK-30925,0.000,2968.653,2968.653,
Contact STARLINK-5248 - STARLINK-30925,4421.206,5400.000,978.794,
Contact STARLINK-5248 - STARLINK-4494,4856.723,5400.000,543.277,
Contact STARLINK-5248 - STARLINK-2499,0.000,5400.000,5400.000,
Contact STARLINK-5248 - STARLINK-3634,0.000,5400.000,5400.000,
Contact STARLINK-5248 - MoonARTEMIS1,0.000,2232.712,2232.712,
Contact STARLINK-5248 - MoonARTEMIS1,3961.692,5400.000,1438.308,
Contact STARLINK-5248 - MoonARTEMIS2,0.000,2207.220,2207.220,
Contact STARLINK-5248 - MoonARTEMIS2,3950.010,5400.000,1449.990,
Contact STARLINK-5248 - MoonIOAGEO,0.000,2232.389,2232.389,
Contact STARLINK-5248 - MoonIOAGEO,3958.347,5400.000,1441.653,
Contact STARLINK-5248 - MoonIOAGNO,0.000,2213.231,2213.231,
Contact STARLINK-5248 - MoonIOAGNO,3944.559,5400.000,1455.441,
Contact STARLINK-5248 - MoonIOAGNO 0001,0.000,2210.756,2210.756,
Contact STARLINK-5248 - MoonIOAGNO 0001,3971.032,5400.000,1428.968,
Contact STARLINK-5248 - MoonIOAGSO,0.000,2247.374,2247.374,
Contact STARLINK-5248 - MoonIOAGSO,3973.300,5400.000,1426.700,
Contact STARLINK-5248 - MoonIOAGSO 0001,0.000,2253.294,2253.294,
Contact STARLINK-5248 - MoonIOAGSO 0001,3961.128,5400.000,1438.872,
Contact STARLINK-5248 - MoonLRO,0.000,2223.457,2223.457,
Contact STARLINK-5248 - MarsSat1,830.657,4846.629,4015.972,
Contact STARLINK-5248 - MarsSat2,830.633,4846.556,4015.923,
Contact STARLINK-5248 - MarsSat3,830.700,4846.741,4016.041,
Contact STARLINK-5248 - MarsSat4,830.735,4846.691,4015.956,
Contact STARLINK-3696 - STARLINK-3540,0.000,2955.173,2955.173,
Contact STARLINK-3696 - STARLINK-3540,4472.813,5400.000,927.187,
Contact STARLINK-3696 - STARLINK-5158,0.000,5400.000,5400.000,
Contact STARLINK-3696 - STARLINK-5555,3598.249,3810.971,212.722,
Contact STARLINK-3696 - STARLINK-11225 [DTC],0.000,5400.000,5400.000,
Contact STARLINK-3696 - STARLINK-4676,3457.793,3628.516,170.723,
Contact STARLINK-3696 - STARLINK-30362,0.000,499.879,499.879,
Contact STARLINK-3696 - STARLINK-30362,4972.590,5400.000,427.410,
Contact STARLINK-3696 - STARLINK-31895,0.000,3684.697,3684.697,
Contact STARLINK-3696 - STARLINK-5484,0.000,45.587,45.587,
Contact STARLINK-3696 - STARLINK-5484,4705.627,5400.000,694.373,
Contact STARLINK-3696 - STARLINK-5609,3349.958,4119.273,769.315,
Contact STARLINK-3696 - STARLINK-4030,0.000,637.487,637.487,
Contact STARLINK-3696 - STARLINK-4030,5186.994,5400.000,213.006,
Contact STARLINK-3696 - STARLINK-5067,4570.447,5400.000,829.553,
Contact STARLINK-3696 - STARLINK-3897,5132.792,5400.000,267.208,
Contact STARLINK-3696 - STARLINK-31082,0.000,291.268,291.268,
Contact STARLINK-3696 - STARLINK-31082,4965.859,5400.000,434.141,
Contact STARLINK-3696 - STARLINK-2153,4570.122,5400.000,829.878,
Contact STARLINK-3696 - STARLINK-3080,0.000,5400.000,5400.000,
Contact STARLINK-3696 - STARLINK-31195,2850.086,3669.171,819.085,
Contact STARLINK-3696 - STARLINK-11130 [DTC],3270.117,3910.540,640.423,
Contact STARLINK-3696 - STARLINK-5338,0.000,473.276,473.276,
Contact STARLINK-3696 - STARLINK-1572,0.000,602.054,602.054,
Contact STARLINK-3696 - STARLINK-1572,5240.766,5400.000,159.234,
Contact STARLINK-3696 - STARLINK-2068,3009.019,3955.744,946.724,
Contact STARLINK-3696 - STARLINK-3768,0.000,5400.000,5400.000,
Contact STARLINK-3696 - MoonARTEMIS1,0.000,3057.711,3057.711,
Contact STARLINK-3696 - MoonARTEMIS1,4986.980,5400.000,413.020,
Contact STARLINK-3696 - MoonARTEMIS2,0.000,3070.608,3070.608,
Contact STARLINK-3696 - MoonARTEMIS2,5006.193,5400.000,393.807,
Contact STARLINK-3696 - MoonIOAGEO,0.000,3060.766,3060.766,
Contact STARLINK-3696 - MoonIOAGEO,4989.203,5400.000,410.797,
Contact STARLINK-3696 - MoonIOAGNO,0.000,3058.624,3058.624,
Contact STARLINK-3696 - MoonIOAGNO,4991.766,5400.000,408.234,
Contact STARLINK-3696 - MoonIOAGNO 0001,0.000,3085.904,3085.904,
Contact STARLINK-3696 - MoonIOAGNO 0001,5014.967,5400.000,385.033,
Contact STARLINK-3696 - MoonIOAGSO,0.000,3063.223,3063.223,
Contact STARLINK-3696 - MoonIOAGSO,4987.558,5400.000,412.442,
Contact STARLINK-3696 - MoonIOAGSO 0001,0.000,3044.000,3044.000,
Contact STARLINK-3696 - MoonIOAGSO 0001,4965.783,5400.000,434.217,
Contact STARLINK-3696 - MoonLRO,0.000,3063.077,3063.077,
Contact STARLINK-3696 - MarsSat1,0.000,5400.000,5400.000,
Contact STARLINK-3696 - MarsSat2,0.000,5400.000,5400.000,
Contact STARLINK-3696 - MarsSat3,0.000,5400.000,5400.000,
Contact STARLINK-3696 - MarsSat4,0.000,5400.000,5400.000,
Contact STARLINK-5268 - STARLINK-4107,3300.506,4151.028,850.522,
Contact STARLINK-5268 - STARLINK-6109,0.000,620.639,620.639,
Contact STARLINK-5268 - STARLINK-6109,5152.106,5400.000,247.894,
Contact STARLINK-5268 - STARLINK-31816,0.000,579.078,579.078,
Contact STARLINK-5268 - STARLINK-31816,5182.474,5400.000,217.526,
Contact STARLINK-5268 - STARLINK-30610,0.000,5400.000,5400.000,
Contact STARLINK-5268 - STARLINK-2128,0.000,5400.000,5400.000,
Contact STARLINK-5268 - STARLINK-30480,3088.590,4028.640,940.050,
Contact STARLINK-5268 - STARLINK-3770,0.000,692.661,692.661,
Contact STARLINK-5268 - STARLINK-30248,0.000,5400.000,5400.000,
Contact STARLINK-5268 - STARLINK-5954,0.000,5400.000,5400.000,
Contact STARLINK-5268 - STARLINK-3855,0.000,3154.401,3154.401,
Contact STARLINK-5268 - STARLINK-3855,3872.721,5400.000,1527.279,
Contact STARLINK-5268 - STARLINK-1692,0.000,674.769,674.769,
Contact STARLINK-5268 - STARLINK-6046,0.000,141.442,141.442,
Contact STARLINK-5268 - STARLINK-6046,4754.436,5400.000,645.564,
Contact STARLINK-5268 - STARLINK-4328,5002.985,5400.000,397.015,
Contact STARLINK-5268 - STARLINK-1423,0.000,5400.000,5400.000,
Contact STARLINK-5268 - STARLINK-5018,0.000,3051.553,3051.553,
Contact STARLINK-5268 - STARLINK-5018,4059.672,5400.000,1340.328,
Contact STARLINK-5268 - STARLINK-5686,554.954,5216.996,4662.041,
Contact STARLINK-5268 - STARLINK-4257,0.000,587.363,587.363,
Contact STARLINK-5268 - STARLINK-4257,5373.607,5400.000,26.393,
Contact STARLINK-5268 - STARLINK-2704,0.000,80.020,80.020,
Contact STARLINK-5268 - STARLINK-2704,5166.072,5400.000,233.928,
Contact STARLINK-5268 - STARLINK-30925,0.000,5400.000,5400.000,
Contact STARLINK-5268 - STARLINK-4494,0.000,3248.386,3248.386,
Contact STARLINK-5268 - STARLINK-4494,4167.829,5400.000,1232.171,
Contact STARLINK-5268 - STARLINK-3634,0.000,5400.000,5400.000,
Contact STARLINK-5268 - MoonARTEMIS1,0.000,5400.000,5400.000,
Contact STARLINK-5268 - MoonARTEMIS2,0.000,5400.000,5400.000,
Contact STARLINK-5268 - MoonIOAGEO,0.000,5400.000,5400.000,
Contact STARLINK-5268 - MoonIOAGNO,0.000,5400.000,5400.000,
Contact STARLINK-5268 - MoonIOAGNO 0001,0.000,5400.000,5400.000,
Contact STARLINK-5268 - MoonIOAGSO,0.000,5400.000,5400.000,
Contact STARLINK-5268 - MoonIOAGSO 0001,0.000,5400.000,5400.000,
Contact STARLINK-5268 - MoonLRO,0.000,3912.324,3912.324,
Contact STARLINK-5268 - MarsSat1,0.000,5400.000,5400.000,
Contact STARLINK-5268 - MarsSat2,0.000,5400.000,5400.000,
Contact STARLINK-5268 - MarsSat3,0.000,5400.000,5400.000,
Contact STARLINK-5268 - MarsSat4,0.000,5400.000,5400.000,
Contact STARLINK-3540 - STARLINK-4453,0.000,470.041,470.041,
Contact STARLINK-3540 - STARLINK-5158,0.000,5400.000,5400.000,
Contact STARLINK-3540 - STARLINK-11225 [DTC],0.000,422.297,422.297,
Contact STARLINK-3540 - STARLINK-11225 [DTC],4891.350,5400.000,508.650,
Contact STARLINK-3540 - STARLINK-3869,3572.464,4159.687,587.223,
Contact STARLINK-3540 - STARLINK-5777,0.000,5400.000,5400.000,
Contact STARLINK-3540 - STARLINK-5484,0.000,5400.000,5400.000,
Contact STARLINK-3540 - STARLINK-5067,0.000,5400.000,5400.000,
Contact STARLINK-3540 - STARLINK-4070,3070.699,3954.379,883.680,
Contact STARLINK-3540 - STARLINK-2153,0.000,5400.000,5400.000,
Contact STARLINK-3540 - STARLINK-5858,0.000,5400.000,5400.000,
Contact STARLINK-3540 - STARLINK-31195,0.000,734.720,734.720,
Contact STARLINK-3540 - STARLINK-31195,5392.767,5400.000,7.233,
Contact STARLINK-3540 - STARLINK-32043,4029.123,5400.000,1370.877,
Contact STARLINK-3540 - STARLINK-1136,4509.271,5400.000,890.729,
Contact STARLINK-3540 - STARLINK-5338,0.000,664.304,664.304,
Contact STARLINK-3540 - STARLINK-1572,0.000,570.241,570.241,
Contact STARLINK-3540 - STARLINK-1572,5226.400,5400.000,173.600,
Contact STARLINK-3540 - STARLINK-3750,0.000,631.648,631.648,
Contact STARLINK-3540 - STARLINK-3750,5199.741,5400.000,200.259,
Contact STARLINK-3540 - STARLINK-6363,3331.508,4268.414,936.906,
Contact STARLINK-3540 - STARLINK-1605,4199.189,5400.000,1200.811,
Contact STARLINK-3540 - STARLINK-3768,0.000,485.518,485.518,
Contact STARLINK-3540 - STARLINK-3768,5218.082,5400.000,181.918,
Contact STARLINK-3540 - MoonARTEMIS1,489.814,5100.762,4610.949,
Contact STARLINK-3540 - MoonARTEMIS2,508.106,5052.016,4543.910,
Contact STARLINK-3540 - MoonIOAGEO,514.415,5088.596,4574.181,
Contact STARLINK-3540 - MoonIOAGNO,503.624,5074.104,4570.480,
Contact STARLINK-3540 - MoonIOAGNO 0001,553.013,5051.648,4498.635,
Contact STARLINK-3540 - MoonIOAGSO,509.294,5105.545,4596.252,
Contact STARLINK-3540 - MoonIOAGSO 0001,459.922,5150.631,4690.709,
Contact STARLINK-3540 - MoonLRO,488.688,3888.816,3400.128,
Contact STARLINK-3540 - MarsSat1,0.000,5400.000,5400.000,
Contact STARLINK-3540 - MarsSat2,0.000,5400.000,5400.000,
Contact STARLINK-3540 - MarsSat3,0.000,5400.000,5400.000,
Contact STARLINK-3540 - MarsSat4,0.000,5400.000,5400.000,
Contact STARLINK-4453 - STARLINK-5158,0.000,85.915,85.915,
Contact STARLINK-4453 - STARLINK-5158,5185.377,5400.000,214.623,
Contact STARLINK-4453 - STARLINK-11225 [DTC],0.000,579.908,579.908,
Contact STARLINK-4453 - STARLINK-5777,0.000,3612.900,3612.900,
Contact STARLINK-4453 - STARLINK-5484,0.000,450.792,450.792,
Contact STARLINK-4453 - STARLINK-5067,0.000,321.630,321.630,
Contact STARLINK-4453 - STARLINK-5067,5362.633,5400.000,37.367,
Contact STARLINK-4453 - STARLINK-4070,4945.713,5400.000,454.287,
Contact STARLINK-4453 - STARLINK-2153,0.000,450.893,450.893,
Contact STARLINK-4453 - STARLINK-5858,0.000,691.691,691.691,
Contact STARLINK-4453 - STARLINK-31195,0.000,3513.406,3513.406,
Contact STARLINK-4453 - STARLINK-31195,4646.943,5400.000,753.057,
Contact STARLINK-4453 - STARLINK-5338,0.000,5400.000,5400.000,
Contact STARLINK-4453 - STARLINK-1572,0.000,5400.000,5400.000,
Contact STARLINK-4453 - STARLINK-32097,3144.640,3975.634,830.994,
Contact STARLINK-4453 - STARLINK-3750,0.000,5400.000,5400.000,
Contact STARLINK-4453 - STARLINK-3768,0.000,5400.000,5400.000,
Contact STARLINK-4453 - STARLINK-30904,3479.455,3876.792,397.337,
Contact STARLINK-4453 - MoonARTEMIS1,329.531,4200.427,3870.896,
Contact STARLINK-4453 - MoonARTEMIS2,349.552,4223.727,3874.175,
Contact STARLINK-4453 - MoonIOAGEO,334.350,4204.819,3870.469,
Contact STARLINK-4453 - MoonIOAGNO,346.000,4215.299,3869.300,
Contact STARLINK-4453 - MoonIOAGNO 0001,358.476,4218.463,3859.987,
Contact STARLINK-4453 - MoonIOAGSO,322.840,4194.564,3871.724,
Contact STARLINK-4453 - MoonIOAGSO 0001,312.769,4184.891,3872.123,
Contact STARLINK-4453 - MoonLRO,329.199,3924.787,3595.588,
Contact STARLINK-4453 - MarsSat1,0.000,5400.000,5400.000,
Contact STARLINK-4453 - MarsSat2,0.000,5400.000,5400.000,
Contact STARLINK-4453 - MarsSat3,0.000,5400.000,5400.000,
Contact STARLINK-4453 - MarsSat4,0.000,5400.000,5400.000,
Contact STARLINK-4480 - STARLINK-30610,4204.581,5400.000,1195.419,
Contact STARLINK-4480 - STARLINK-1682,0.000,5400.000,5400.000,
Contact STARLINK-4480 - STARLINK-2436,0.000,5400.000,5400.000,
Contact STARLINK-4480 - STARLINK-3869,0.000,5400.000,5400.000,
Contact STARLINK-4480 - STARLINK-2128,4362.206,5400.000,1037.794,
Contact STARLINK-4480 - STARLINK-2214,0.000,5400.000,5400.000,
Contact STARLINK-4480 - STARLINK-4679,0.000,26.046,26.046,
Contact STARLINK-4480 - STARLINK-4565,0.000,3392.179,3392.179,
Contact STARLINK-4480 - STARLINK-4565,3681.996,5400.000,1718.004,
Contact STARLINK-4480 - STARLINK-5484,3421.132,4027.173,606.041,
Contact STARLINK-4480 - STARLINK-5954,0.000,9.132,9.132,
Contact STARLINK-4480 - STARLINK-5954,4855.531,5400.000,544.469,
Contact STARLINK-4480 - STARLINK-3855,0.000,3151.793,3151.793,
Contact STARLINK-4480 - STARLINK-3855,4297.229,5400.000,1102.771,
Contact STARLINK-4480 - STARLINK-5067,3165.767,3923.298,757.531,
Contact STARLINK-4480 - STARLINK-4328,4420.556,5400.000,979.444,
Contact STARLINK-4480 - STARLINK-1423,0.000,2868.976,2868.976,
Contact STARLINK-4480 - STARLINK-1423,4459.499,5400.000,940.501,
Contact STARLINK-4480 - STARLINK-2153,3484.381,3932.825,448.443,
Contact STARLINK-4480 - STARLINK-32043,3113.905,3991.927,878.022,
Contact STARLINK-4480 - STARLINK-1136,3241.773,4081.880,840.107,
Contact STARLINK-4480 - STARLINK-6363,0.000,27.845,27.845,
Contact STARLINK-4480 - STARLINK-6363,5224.638,5400.000,175.362,
Contact STARLINK-4480 - STARLINK-1605,3060.335,3974.462,914.127,
Contact STARLINK-4480 - STARLINK-4494,0.000,3262.268,3262.268,
Contact STARLINK-4480 - STARLINK-4494,4593.063,5400.000,806.937,
Contact STARLINK-4480 - MoonARTEMIS1,1599.121,5185.130,3586.010,
Contact STARLINK-4480 - MoonARTEMIS2,1608.426,5198.457,3590.032,
Contact STARLINK-4480 - MoonIOAGEO,1603.700,5184.875,3581.175,
Contact STARLINK-4480 - MoonIOAGNO,1603.912,5184.291,3580.379,
Contact STARLINK-4480 - MoonIOAGNO 0001,1621.069,5206.988,3585.918,
Contact STARLINK-4480 - MoonIOAGSO,1601.512,5187.956,3586.444,
Contact STARLINK-4480 - MoonIOAGSO 0001,1587.906,5171.283,3583.377,
Contact STARLINK-4480 - MoonLRO,1601.896,3900.562,2298.666,
Contact STARLINK-4480 - MarsSat1,0.000,2390.546,2390.546,
Contact STARLINK-4480 - MarsSat1,4432.670,5400.000,967.330,
Contact STARLINK-4480 - MarsSat2,0.000,2390.587,2390.587,
Contact STARLINK-4480 - MarsSat2,4432.693,5400.000,967.307,
Contact STARLINK-4480 - MarsSat3,0.000,2390.489,2390.489,
Contact STARLINK-4480 - MarsSat3,4432.635,5400.000,967.365,
Contact STARLINK-4480 - MarsSat4,0.000,2390.575,2390.575,
Contact STARLINK-4480 - MarsSat4,4432.723,5400.000,967.277,
Contact STARLINK-4107 - STARLINK-30610,3241.545,4158.408,916.863,
Contact STARLINK-4107 - STARLINK-30752,0.000,5241.981,5241.981,
Contact STARLINK-4107 - STARLINK-2128,3184.016,4082.488,898.472,
Contact STARLINK-4107 - STARLINK-4565,3440.599,3710.035,269.436,
Contact STARLINK-4107 - STARLINK-30480,0.000,5400.000,5400.000,
Contact STARLINK-4107 - STARLINK-3770,4119.524,5400.000,1280.476,
Contact STARLINK-4107 - STARLINK-30248,3579.123,4575.079,995.956,
Contact STARLINK-4107 - STARLINK-5954,3211.822,3886.208,674.386,
Contact STARLINK-4107 - STARLINK-3855,3365.316,4164.045,798.729,
Contact STARLINK-4107 - STARLINK-3897,5252.362,5400.000,147.638,
Contact STARLINK-4107 - STARLINK-1423,3253.992,4160.650,906.657,
Contact STARLINK-4107 - STARLINK-31006,0.000,5400.000,5400.000,
Contact STARLINK-4107 - STARLINK-4429,0.000,309.594,309.594,
Contact STARLINK-4107 - STARLINK-4429,5120.066,5400.000,279.934,
Contact STARLINK-4107 - STARLINK-30925,3169.642,4202.717,1033.075,
Contact STARLINK-4107 - STARLINK-4494,3551.134,4376.670,825.536,
Contact STARLINK-4107 - STARLINK-30904,0.000,5400.000,5400.000,
Contact STARLINK-4107 - MoonARTEMIS1,0.000,5400.000,5400.000,
Contact STARLINK-4107 - MoonARTEMIS2,0.000,5400.000,5400.000,
Contact STARLINK-4107 - MoonIOAGEO,0.000,5400.000,5400.000,
Contact STARLINK-4107 - MoonIOAGNO,0.000,5400.000,5400.000,
Contact STARLINK-4107 - MoonIOAGNO 0001,0.000,5400.000,5400.000,
Contact STARLINK-4107 - MoonIOAGSO,0.000,5400.000,5400.000,
Contact STARLINK-4107 - MoonIOAGSO 0001,0.000,5400.000,5400.000,
Contact STARLINK-4107 - MoonLRO,0.000,3905.538,3905.538,
Contact STARLINK-4107 - MarsSat1,0.000,3360.379,3360.379,
Contact STARLINK-4107 - MarsSat2,0.000,3360.345,3360.345,
Contact STARLINK-4107 - MarsSat3,0.000,3360.432,3360.432,
Contact STARLINK-4107 - MarsSat4,0.000,3360.434,3360.434,
Contact STARLINK-5158 - STARLINK-11225 [DTC],4643.731,5400.000,756.269,
Contact STARLINK-5158 - STARLINK-30362,4806.846,5400.000,593.154,
Contact STARLINK-5158 - STARLINK-4679,3257.635,4411.421,1153.786,
Contact STARLINK-5158 - STARLINK-31895,0.000,286.612,286.612,
Contact STARLINK-5158 - STARLINK-31895,5350.893,5400.000,49.107,
Contact STARLINK-5158 - STARLINK-5484,0.000,3079.950,3079.950,
Contact STARLINK-5158 - STARLINK-5484,4441.923,5400.000,958.077,
Contact STARLINK-5158 - STARLINK-4030,0.000,106.994,106.994,
Contact STARLINK-5158 - STARLINK-4030,5025.474,5400.000,374.526,
Contact STARLINK-5158 - STARLINK-5067,4155.491,5400.000,1244.509,
Contact STARLINK-5158 - STARLINK-4070,0.000,3640.194,3640.194,
Contact STARLINK-5158 - STARLINK-4328,3327.765,4092.757,764.992,
Contact STARLINK-5158 - STARLINK-2153,3892.745,5400.000,1507.255,
Contact STARLINK-5158 - STARLINK-3080,624.152,5343.500,4719.348,
Contact STARLINK-5158 - STARLINK-31195,0.000,390.932,390.932,
Contact STARLINK-5158 - STARLINK-31195,5191.902,5400.000,208.098,
Contact STARLINK-5158 - STARLINK-5338,0.000,355.702,355.702,
Contact STARLINK-5158 - STARLINK-5338,5300.349,5400.000,99.651,
Contact STARLINK-5158 - STARLINK-1572,0.000,184.405,184.405,
Contact STARLINK-5158 - STARLINK-1572,5051.999,5400.000,348.001,
Contact STARLINK-5158 - STARLINK-3750,5304.219,5400.000,95.781,
Contact STARLINK-5158 - STARLINK-6363,3051.988,4028.623,976.635,
Contact STARLINK-5158 - STARLINK-2068,0.000,660.175,660.175,
Contact STARLINK-5158 - STARLINK-3768,0.000,211.882,211.882,
Contact STARLINK-5158 - STARLINK-3768,4951.017,5400.000,448.983,
Contact STARLINK-5158 - MoonARTEMIS1,0.000,5400.000,5400.000,
Contact STARLINK-5158 - MoonARTEMIS2,0.000,5400.000,5400.000,
Contact STARLINK-5158 - MoonIOAGEO,0.000,5400.000,5400.000,
Contact STARLINK-5158 - MoonIOAGNO,0.000,5400.000,5400.000,
Contact STARLINK-5158 - MoonIOAGNO 0001,0.000,5400.000,5400.000,
Contact STARLINK-5158 - MoonIOAGSO,0.000,5400.000,5400.000,
Contact STARLINK-5158 - MoonIOAGSO 0001,0.000,5400.000,5400.000,
Contact STARLINK-5158 - MoonLRO,0.000,3875.892,3875.892,
Contact STARLINK-5158 - MarsSat1,0.000,5400.000,5400.000,
Contact STARLINK-5158 - MarsSat2,0.000,5400.000,5400.000,
Contact STARLINK-5158 - MarsSat3,0.000,5400.000,5400.000,
Contact STARLINK-5158 - MarsSat4,0.000,5400.000,5400.000,
Contact STARLINK-6109 - STARLINK-31816,0.000,5400.000,5400.000,
Contact STARLINK-6109 - STARLINK-4419,3765.527,5400.000,1634.473,
Contact STARLINK-6109 - STARLINK-30154,0.000,3657.057,3657.057,
Contact STARLINK-6109 - STARLINK-3770,0.000,5400.000,5400.000,
Contact STARLINK-6109 - STARLINK-30565,0.000,5400.000,5400.000,
Contact STARLINK-6109 - STARLINK-30248,0.000,5400.000,5400.000,
Contact STARLINK-6109 - STARLINK-1692,0.000,4532.638,4532.638,
Contact STARLINK-6109 - STARLINK-6046,0.000,5400.000,5400.000,
Contact STARLINK-6109 - STARLINK-5018,0.000,572.182,572.182,
Contact STARLINK-6109 - STARLINK-5018,5268.157,5400.000,131.843,
Contact STARLINK-6109 - STARLINK-5686,0.000,2891.707,2891.707,
Contact STARLINK-6109 - STARLINK-5686,4650.327,5400.000,749.673,
Contact STARLINK-6109 - STARLINK-4257,0.000,5400.000,5400.000,
Contact STARLINK-6109 - STARLINK-2704,0.000,5400.000,5400.000,
Contact STARLINK-6109 - STARLINK-30925,0.000,389.536,389.536,
Contact STARLINK-6109 - STARLINK-30925,4972.940,5400.000,427.060,
Contact STARLINK-6109 - STARLINK-3634,0.000,5400.000,5400.000,
Contact STARLINK-6109 - MoonARTEMIS1,0.000,5400.000,5400.000,
Contact STARLINK-6109 - MoonARTEMIS2,0.000,5400.000,5400.000,
Contact STARLINK-6109 - MoonIOAGEO,0.000,5400.000,5400.000,
Contact STARLINK-6109 - MoonIOAGNO,0.000,5400.000,5400.000,
Contact STARLINK-6109 - MoonIOAGNO 0001,0.000,5400.000,5400.000,
Contact STARLINK-6109 - MoonIOAGSO,0.000,5400.000,5400.000,
Contact STARLINK-6109 - MoonIOAGSO 0001,0.000,5400.000,5400.000,
Contact STARLINK-6109 - MoonLRO,0.000,3883.617,3883.617,
Contact STARLINK-6109 - MarsSat1,182.735,3728.402,3545.668,
Contact STARLINK-6109 - MarsSat2,182.761,3728.430,3545.669,
Contact STARLINK-6109 - MarsSat3,182.705,3728.362,3545.657,
Contact STARLINK-6109 - MarsSat4,182.763,3728.439,3545.676,
Contact STARLINK-31816 - STARLINK-4419,3791.567,5400.000,1608.433,
Contact STARLINK-31816 - STARLINK-30154,0.000,3646.211,3646.211,
Contact STARLINK-31816 - STARLINK-3770,0.000,5400.000,5400.000,
Contact STARLINK-31816 - STARLINK-30565,0.000,5400.000,5400.000,
Contact STARLINK-31816 - STARLINK-30248,0.000,5400.000,5400.000,
Contact STARLINK-31816 - STARLINK-1692,2819.089,4530.162,1711.072,
Contact STARLINK-31816 - STARLINK-6046,0.000,5400.000,5400.000,
Contact STARLINK-31816 - STARLINK-5018,0.000,595.552,595.552,
Contact STARLINK-31816 - STARLINK-5018,5299.002,5400.000,100.998,
Contact STARLINK-31816 - STARLINK-5686,0.000,62.146,62.146,
Contact STARLINK-31816 - STARLINK-5686,4679.438,5400.000,720.562,
Contact STARLINK-31816 - STARLINK-4257,0.000,5400.000,5400.000,
Contact STARLINK-31816 - STARLINK-2704,0.000,5400.000,5400.000,
Contact STARLINK-31816 - STARLINK-30925,0.000,330.024,330.024,
Contact STARLINK-31816 - STARLINK-30925,5008.839,5400.000,391.161,
Contact STARLINK-31816 - STARLINK-3634,0.000,5400.000,5400.000,
Contact STARLINK-31816 - MoonARTEMIS1,0.000,5400.000,5400.000,
Contact STARLINK-31816 - MoonARTEMIS2,0.000,5400.000,5400.000,
Contact STARLINK-31816 - MoonIOAGEO,0.000,5400.000,5400.000,
Contact STARLINK-31816 - MoonIOAGNO,0.000,5400.000,5400.000,
Contact STARLINK-31816 - MoonIOAGNO 0001,0.000,5400.000,5400.000,
Contact STARLINK-31816 - MoonIOAGSO,0.000,5400.000,5400.000,
Contact STARLINK-31816 - MoonIOAGSO 0001,0.000,5400.000,5400.000,
Contact STARLINK-31816 - MoonLRO,0.000,3883.421,3883.421,
Contact STARLINK-31816 - MarsSat1,257.091,3721.094,3464.003,
Contact STARLINK-31816 - MarsSat2,257.116,3721.122,3464.006,
Contact STARLINK-31816 - MarsSat3,257.062,3721.054,3463.992,
Contact STARLINK-31816 - MarsSat4,257.120,3721.131,3464.011,
Contact STARLINK-30610 - STARLINK-1682,0.000,18.705,18.705,
Contact STARLINK-30610 - STARLINK-1682,4698.642,5400.000,701.358,
Contact STARLINK-30610 - STARLINK-2436,0.000,134.404,134.404,
Contact STARLINK-30610 - STARLINK-2436,4811.647,5400.000,588.353,
Contact STARLINK-30610 - STARLINK-30752,0.000,3782.740,3782.740,
Contact STARLINK-30610 - STARLINK-3869,4568.608,5400.000,831.392,
Contact STARLINK-30610 - STARLINK-2128,0.000,5400.000,5400.000,
Contact STARLINK-30610 - STARLINK-2214,0.000,2887.962,2887.962,
Contact STARLINK-30610 - STARLINK-2214,4493.517,5400.000,906.483,
Contact STARLINK-30610 - STARLINK-4565,0.000,5400.000,5400.000,
Contact STARLINK-30610 - STARLINK-30480,3181.439,3929.849,748.409,
Contact STARLINK-30610 - STARLINK-5954,0.000,5400.000,5400.000,
Contact STARLINK-30610 - STARLINK-3855,0.000,5400.000,5400.000,
Contact STARLINK-30610 - STARLINK-1692,0.000,491.868,491.868,
Contact STARLINK-30610 - STARLINK-1692,5396.075,5400.000,3.925,
Contact STARLINK-30610 - STARLINK-6046,4417.391,5400.000,982.609,
Contact STARLINK-30610 - STARLINK-4328,4750.738,5400.000,649.262,
Contact STARLINK-30610 - STARLINK-1423,0.000,5400.000,5400.000,
Contact STARLINK-30610 - STARLINK-1136,3111.985,3792.309,680.324,
Contact STARLINK-30610 - STARLINK-31006,2936.795,3939.367,1002.572,
Contact STARLINK-30610 - STARLINK-30925,0.000,5400.000,5400.000,
Contact STARLINK-30610 - STARLINK-4494,0.000,5400.000,5400.000,
Contact STARLINK-30610 - STARLINK-30904,498.681,4893.827,4395.146,
Contact STARLINK-30610 - MoonARTEMIS1,1901.842,5400.000,3498.158,
Contact STARLINK-30610 - MoonARTEMIS2,1918.790,5400.000,3481.210,
Contact STARLINK-30610 - MoonIOAGEO,1905.855,5400.000,3494.145,
Contact STARLINK-30610 - MoonIOAGNO,1911.765,5400.000,3488.235,
Contact STARLINK-30610 - MoonIOAGNO 0001,1930.500,5400.000,3469.500,
Contact STARLINK-30610 - MoonIOAGSO,1899.593,5400.000,3500.407,
Contact STARLINK-30610 - MoonIOAGSO 0001,1884.562,5400.000,3515.438,
Contact STARLINK-30610 - MoonLRO,1907.511,3913.401,2005.890,
Contact STARLINK-30610 - MarsSat1,0.000,2796.609,2796.609,
Contact STARLINK-30610 - MarsSat1,4816.366,5400.000,583.634,
Contact STARLINK-30610 - MarsSat2,0.000,2796.626,2796.626,
Contact STARLINK-30610 - MarsSat2,4816.405,5400.000,583.595,
Contact STARLINK-30610 - MarsSat3,0.000,2796.587,2796.587,
Contact STARLINK-30610 - MarsSat3,4816.306,5400.000,583.694,
Contact STARLINK-30610 - MarsSat4,0.000,2796.664,2796.664,
Contact STARLINK-30610 - MarsSat4,4816.400,5400.000,583.600,
Contact STARLINK-6247 - STARLINK-5555,0.000,4005.468,4005.468,
Contact STARLINK-6247 - STARLINK-4676,0.000,3735.778,3735.778,
Contact STARLINK-6247 - STARLINK-30362,0.000,3370.800,3370.800,
Contact STARLINK-6247 - STARLINK-30362,4103.819,5400.000,1296.181,
Contact STARLINK-6247 - STARLINK-31895,0.000,428.132,428.132,
Contact STARLINK-6247 - STARLINK-31895,5165.870,5400.000,234.130,
Contact STARLINK-6247 - STARLINK-5609,2901.754,3985.383,1083.629,
Contact STARLINK-6247 - STARLINK-4030,0.000,128.384,128.384,
Contact STARLINK-6247 - STARLINK-4030,4841.364,5400.000,558.636,
Contact STARLINK-6247 - STARLINK-5416,0.000,5400.000,5400.000,
Contact STARLINK-6247 - STARLINK-3897,4002.008,5400.000,1397.992,
Contact STARLINK-6247 - STARLINK-31082,0.000,5400.000,5400.000,
Contact STARLINK-6247 - STARLINK-5951,0.000,5400.000,5400.000,
Contact STARLINK-6247 - STARLINK-3080,0.000,5400.000,5400.000,
Contact STARLINK-6247 - STARLINK-4776,3125.183,4181.856,1056.672,
Contact STARLINK-6247 - STARLINK-31122,0.000,5400.000,5400.000,
Contact STARLINK-6247 - STARLINK-11130 [DTC],2857.503,3712.802,855.298,
Contact STARLINK-6247 - STARLINK-2499,3435.622,4126.625,691.004,
Contact STARLINK-6247 - MoonARTEMIS1,0.000,2318.697,2318.697,
Contact STARLINK-6247 - MoonARTEMIS1,4373.373,5400.000,1026.627,
Contact STARLINK-6247 - MoonARTEMIS2,0.000,2329.294,2329.294,
Contact STARLINK-6247 - MoonARTEMIS2,4387.249,5400.000,1012.751,
Contact STARLINK-6247 - MoonIOAGEO,0.000,2322.992,2322.992,
Contact STARLINK-6247 - MoonIOAGEO,4374.330,5400.000,1025.670,
Contact STARLINK-6247 - MoonIOAGNO,0.000,2320.957,2320.957,
Contact STARLINK-6247 - MoonIOAGNO,4375.351,5400.000,1024.649,
Contact STARLINK-6247 - MoonIOAGNO 0001,0.000,2342.789,2342.789,
Contact STARLINK-6247 - MoonIOAGNO 0001,4397.999,5400.000,1002.001,
Contact STARLINK-6247 - MoonIOAGSO,0.000,2323.868,2323.868,
Contact STARLINK-6247 - MoonIOAGSO,4374.690,5400.000,1025.310,
Contact STARLINK-6247 - MoonIOAGSO 0001,0.000,2307.979,2307.979,
Contact STARLINK-6247 - MoonIOAGSO 0001,4356.500,5400.000,1043.500,
Contact STARLINK-6247 - MoonLRO,0.000,2323.401,2323.401,
Contact STARLINK-6247 - MarsSat1,1527.465,5192.166,3664.701,
Contact STARLINK-6247 - MarsSat2,1527.499,5192.189,3664.690,
Contact STARLINK-6247 - MarsSat3,1527.420,5192.129,3664.709,
Contact STARLINK-6247 - MarsSat4,1527.495,5192.213,3664.718,
Contact STARLINK-5555 - STARLINK-4676,0.000,5400.000,5400.000,
Contact STARLINK-5555 - STARLINK-30362,3435.209,4575.192,1139.983,
Contact STARLINK-5555 - STARLINK-4419,0.000,288.279,288.279,
Contact STARLINK-5555 - STARLINK-4419,5313.043,5400.000,86.957,
Contact STARLINK-5555 - STARLINK-30154,0.000,3211.490,3211.490,
Contact STARLINK-5555 - STARLINK-30154,4633.757,5400.000,766.243,
Contact STARLINK-5555 - STARLINK-30565,0.000,239.653,239.653,
Contact STARLINK-5555 - STARLINK-5609,0.000,5400.000,5400.000,
Contact STARLINK-5555 - STARLINK-5416,2942.339,4009.363,1067.024,
Contact STARLINK-5555 - STARLINK-31082,3352.189,4399.606,1047.417,
Contact STARLINK-5555 - STARLINK-5951,0.000,3855.463,3855.463,
Contact STARLINK-5555 - STARLINK-3080,3037.085,3836.916,799.831,
Contact STARLINK-5555 - STARLINK-5018,4309.496,5400.000,1090.504,
Contact STARLINK-5555 - STARLINK-4776,0.000,5400.000,5400.000,
Contact STARLINK-5555 - STARLINK-31122,0.000,723.022,723.022,
Contact STARLINK-5555 - STARLINK-11130 [DTC],0.000,5400.000,5400.000,
Contact STARLINK-5555 - STARLINK-2068,0.000,3132.212,3132.212,
Contact STARLINK-5555 - STARLINK-2068,4044.662,5400.000,1355.338,
Contact STARLINK-5555 - STARLINK-2499,0.000,3576.417,3576.417,
Contact STARLINK-5555 - STARLINK-2499,3981.832,5400.000,1418.168,
Contact STARLINK-5555 - MoonARTEMIS1,0.000,2758.276,2758.276,
Contact STARLINK-5555 - MoonARTEMIS1,4912.752,5400.000,487.248,
Contact STARLINK-5555 - MoonARTEMIS2,0.000,2747.277,2747.277,
Contact STARLINK-5555 - MoonARTEMIS2,4900.723,5400.000,499.277,
Contact STARLINK-5555 - MoonIOAGEO,0.000,2758.754,2758.754,
Contact STARLINK-5555 - MoonIOAGEO,4907.894,5400.000,492.106,
Contact STARLINK-5555 - MoonIOAGNO,0.000,2747.707,2747.707,
Contact STARLINK-5555 - MoonIOAGNO,4901.112,5400.000,498.888,
Contact STARLINK-5555 - MoonIOAGNO 0001,0.000,2754.977,2754.977,
Contact STARLINK-5555 - MoonIOAGNO 0001,4909.600,5400.000,490.400,
Contact STARLINK-5555 - MoonIOAGSO,0.000,2767.807,2767.807,
Contact STARLINK-5555 - MoonIOAGSO,4916.861,5400.000,483.139,
Contact STARLINK-5555 - MoonIOAGSO 0001,0.000,2765.375,2765.375,
Contact STARLINK-5555 - MoonIOAGSO 0001,4917.951,5400.000,482.049,
Contact STARLINK-5555 - MoonLRO,0.000,2752.770,2752.770,
Contact STARLINK-5555 - MarsSat1,1858.232,5400.000,3541.768,
Contact STARLINK-5555 - MarsSat2,1858.197,5400.000,3541.803,
Contact STARLINK-5555 - MarsSat3,1858.286,5400.000,3541.714,
Contact STARLINK-5555 - MarsSat4,1858.274,5400.000,3541.726,
Contact STARLINK-11225 [DTC] - STARLINK-5777,0.000,586.531,586.531,
Contact STARLINK-11225 [DTC] - STARLINK-31895,3146.905,3947.124,800.219,
Contact STARLINK-11225 [DTC] - STARLINK-5484,0.000,308.993,308.993,
Contact STARLINK-11225 [DTC] - STARLINK-5484,5029.924,5400.000,370.076,
Contact STARLINK-11225 [DTC] - STARLINK-4030,2758.907,3755.173,996.265,
Contact STARLINK-11225 [DTC] - STARLINK-5067,0.000,78.626,78.626,
Contact STARLINK-11225 [DTC] - STARLINK-5067,4899.256,5400.000,500.744,
Contact STARLINK-11225 [DTC] - STARLINK-2153,0.000,287.051,287.051,
Contact STARLINK-11225 [DTC] - STARLINK-2153,4922.768,5400.000,477.232,
Contact STARLINK-11225 [DTC] - STARLINK-5858,0.000,511.643,511.643,
Contact STARLINK-11225 [DTC] - STARLINK-31195,0.000,5400.000,5400.000,
Contact STARLINK-11225 [DTC] - STARLINK-5338,0.000,3779.302,3779.302,
Contact STARLINK-11225 [DTC] - STARLINK-1572,0.000,5400.000,5400.000,
Contact STARLINK-11225 [DTC] - STARLINK-3750,0.000,5400.000,5400.000,
Contact STARLINK-11225 [DTC] - STARLINK-2068,3355.577,4238.666,883.089,
Contact STARLINK-11225 [DTC] - STARLINK-3768,0.000,5400.000,5400.000,
Contact STARLINK-11225 [DTC] - MoonIOAGSO 0001,0.000,3255.242,3255.242,
Contact STARLINK-11225 [DTC] - MarsSat1,0.000,5400.000,5400.000,
Contact STARLINK-11225 [DTC] - MarsSat2,0.000,5400.000,5400.000,
Contact STARLINK-11225 [DTC] - MarsSat3,0.000,5400.000,5400.000,
Contact STARLINK-11225 [DTC] - MarsSat4,0.000,5400.000,5400.000,
Contact STARLINK-1682 - STARLINK-2436,0.000,5400.000,5400.000,
Contact STARLINK-1682 - STARLINK-3869,0.000,5400.000,5400.000,
Contact STARLINK-1682 - STARLINK-2128,4740.258,5400.000,659.742,
Contact STARLINK-1682 - STARLINK-2214,0.000,5400.000,5400.000,
Contact STARLINK-1682 - STARLINK-4565,0.000,2976.603,2976.603,
Contact STARLINK-1682 - STARLINK-4565,4497.065,5400.000,902.935,
Contact STARLINK-1682 - STARLINK-5484,3476.562,4286.561,809.999,
Contact STARLINK-1682 - STARLINK-5954,0.000,39.427,39.427,
Contact STARLINK-1682 - STARLINK-5954,4991.908,5400.000,408.092,
Contact STARLINK-1682 - STARLINK-3855,0.000,209.009,209.009,
Contact STARLINK-1682 - STARLINK-3855,4791.055,5400.000,608.945,
Contact STARLINK-1682 - STARLINK-5067,3262.307,4139.518,877.211,
Contact STARLINK-1682 - STARLINK-6046,0.000,3747.158,3747.158,
Contact STARLINK-1682 - STARLINK-4328,4085.929,5400.000,1314.071,
Contact STARLINK-1682 - STARLINK-1423,0.000,48.980,48.980,
Contact STARLINK-1682 - STARLINK-1423,4834.149,5400.000,565.851,
Contact STARLINK-1682 - STARLINK-2153,3517.575,4302.134,784.560,
Contact STARLINK-1682 - STARLINK-32043,3286.755,4218.049,931.293,
Contact STARLINK-1682 - STARLINK-1136,3535.647,4184.963,649.317,
Contact STARLINK-1682 - STARLINK-1605,3255.842,4178.279,922.437,
Contact STARLINK-1682 - STARLINK-4494,0.000,367.206,367.206,
Contact STARLINK-1682 - STARLINK-4494,5040.455,5400.000,359.545,
Contact STARLINK-1682 - MoonARTEMIS1,1489.376,5174.240,3684.864,
Contact STARLINK-1682 - MoonARTEMIS2,1491.246,5187.277,3696.031,
Contact STARLINK-1682 - MoonIOAGEO,1495.999,5172.577,3676.578,
Contact STARLINK-1682 - MoonIOAGNO,1488.121,5170.330,3682.210,
Contact STARLINK-1682 - MoonIOAGNO 0001,1509.893,5199.412,3689.519,
Contact STARLINK-1682 - MoonIOAGSO,1498.844,5178.481,3679.637,
Contact STARLINK-1682 - MoonIOAGSO 0001,1481.673,5159.510,3677.837,
Contact STARLINK-1682 - MoonLRO,1490.798,3888.974,2398.176,
Contact STARLINK-1682 - MarsSat1,0.000,2356.921,2356.921,
Contact STARLINK-1682 - MarsSat1,4187.726,5400.000,1212.274,
Contact STARLINK-1682 - MarsSat2,0.000,2356.964,2356.964,
Contact STARLINK-1682 - MarsSat2,4187.715,5400.000,1212.285,
Contact STARLINK-1682 - MarsSat3,0.000,2356.862,2356.862,
Contact STARLINK-1682 - MarsSat3,4187.743,5400.000,1212.257,
Contact STARLINK-1682 - MarsSat4,0.000,2356.974,2356.974,
Contact STARLINK-1682 - MarsSat4,4187.817,5400.000,1212.183,
Contact STARLINK-2436 - STARLINK-3869,0.000,5400.000,5400.000,
Contact STARLINK-2436 - STARLINK-2128,0.000,92.512,92.512,
Contact STARLINK-2436 - STARLINK-2128,4852.680,5400.000,547.320,
Contact STARLINK-2436 - STARLINK-2214,0.000,5400.000,5400.000,
Contact STARLINK-2436 - STARLINK-4565,0.000,155.649,155.649,
Contact STARLINK-2436 - STARLINK-4565,4675.906,5400.000,724.094,
Contact STARLINK-2436 - STARLINK-5484,3562.202,4399.405,837.203,
Contact STARLINK-2436 - STARLINK-4419,3325.513,3897.332,571.819,
Contact STARLINK-2436 - STARLINK-5954,0.000,108.169,108.169,
Contact STARLINK-2436 - STARLINK-5954,5080.474,5400.000,319.526,
Contact STARLINK-2436 - STARLINK-3855,0.000,299.833,299.833,
Contact STARLINK-2436 - STARLINK-3855,4910.474,5400.000,489.526,
Contact STARLINK-2436 - STARLINK-5067,3341.838,4255.659,913.821,
Contact STARLINK-2436 - STARLINK-6046,0.000,3965.396,3965.396,
Contact STARLINK-2436 - STARLINK-4328,4101.820,5400.000,1298.180,
Contact STARLINK-2436 - STARLINK-1423,0.000,154.101,154.101,
Contact STARLINK-2436 - STARLINK-1423,4938.590,5400.000,461.410,
Contact STARLINK-2436 - STARLINK-32043,3353.010,4371.141,1018.131,
Contact STARLINK-2436 - STARLINK-1136,3572.143,4372.408,800.266,
Contact STARLINK-2436 - STARLINK-1605,3290.072,4366.523,1076.452,
Contact STARLINK-2436 - STARLINK-4494,0.000,491.406,491.406,
Contact STARLINK-2436 - STARLINK-4494,5117.693,5400.000,282.307,
Contact STARLINK-2436 - MoonARTEMIS1,1515.029,5264.387,3749.358,
Contact STARLINK-2436 - MoonARTEMIS2,1513.176,5276.296,3763.120,
Contact STARLINK-2436 - MoonIOAGEO,1521.818,5261.707,3739.889,
Contact STARLINK-2436 - MoonIOAGNO,1510.895,5258.508,3747.613,
Contact STARLINK-2436 - MoonIOAGNO 0001,1532.983,5289.857,3756.874,
Contact STARLINK-2436 - MoonIOAGSO,1526.848,5269.226,3742.377,
Contact STARLINK-2436 - MoonIOAGSO 0001,1509.505,5250.035,3740.531,
Contact STARLINK-2436 - MoonLRO,1515.815,3884.331,2368.516,
Contact STARLINK-2436 - MarsSat1,0.000,2408.421,2408.421,
Contact STARLINK-2436 - MarsSat1,4179.055,5400.000,1220.945,
Contact STARLINK-2436 - MarsSat2,0.000,2408.460,2408.460,
Contact STARLINK-2436 - MarsSat2,4179.028,5400.000,1220.972,
Contact STARLINK-2436 - MarsSat3,0.000,2408.370,2408.370,
Contact STARLINK-2436 - MarsSat3,4179.097,5400.000,1220.903,
Contact STARLINK-2436 - MarsSat4,0.000,2408.486,2408.486,
Contact STARLINK-2436 - MarsSat4,4179.152,5400.000,1220.848,
Contact STARLINK-30752 - STARLINK-2128,0.000,3678.792,3678.792,
Contact STARLINK-30752 - STARLINK-5777,5024.408,5400.000,375.592,
Contact STARLINK-30752 - STARLINK-30480,0.000,5400.000,5400.000,
Contact STARLINK-30752 - STARLINK-30248,3360.578,3978.347,617.769,
Contact STARLINK-30752 - STARLINK-3855,2934.601,3817.696,883.095,
Contact STARLINK-30752 - STARLINK-1692,463.606,5400.000,4936.394,
Contact STARLINK-30752 - STARLINK-6046,3505.180,4438.321,933.141,
Contact STARLINK-30752 - STARLINK-1423,2888.359,3747.700,859.341,
Contact STARLINK-30752 - STARLINK-5858,4902.628,5400.000,497.372,
Contact STARLINK-30752 - STARLINK-1136,0.000,5400.000,5400.000,
Contact STARLINK-30752 - STARLINK-31006,0.000,5400.000,5400.000,
Contact STARLINK-30752 - STARLINK-32097,0.000,348.526,348.526,
Contact STARLINK-30752 - STARLINK-32097,5360.008,5400.000,39.992,
Contact STARLINK-30752 - STARLINK-1605,0.000,5400.000,5400.000,
Contact STARLINK-30752 - STARLINK-4494,3114.232,4030.922,916.690,
Contact STARLINK-30752 - STARLINK-30904,0.000,369.712,369.712,
Contact STARLINK-30752 - STARLINK-30904,5159.711,5400.000,240.289,
Contact STARLINK-30752 - MoonARTEMIS1,0.000,5400.000,5400.000,
Contact STARLINK-30752 - MoonARTEMIS2,0.000,5400.000,5400.000,
Contact STARLINK-30752 - MoonIOAGEO,0.000,5400.000,5400.000,
Contact STARLINK-30752 - MoonIOAGNO,0.000,5400.000,5400.000,
Contact STARLINK-30752 - MoonIOAGNO 0001,0.000,5400.000,5400.000,
Contact STARLINK-30752 - MoonIOAGSO,0.000,5400.000,5400.000,
Contact STARLINK-30752 - MoonIOAGSO 0001,0.000,5400.000,5400.000,
Contact STARLINK-30752 - MoonLRO,0.000,3887.140,3887.140,
Contact STARLINK-30752 - MarsSat1,0.000,2704.944,2704.944,
Contact STARLINK-30752 - MarsSat1,4748.846,5400.000,651.154,
Contact STARLINK-30752 - MarsSat2,0.000,2704.912,2704.912,
Contact STARLINK-30752 - MarsSat2,4748.801,5400.000,651.199,
Contact STARLINK-30752 - MarsSat3,0.000,2704.994,2704.994,
Contact STARLINK-30752 - MarsSat3,4748.915,5400.000,651.085,
Contact STARLINK-30752 - MarsSat4,0.000,2705.001,2705.001,
Contact STARLINK-30752 - MarsSat4,4748.897,5400.000,651.103,
Contact STARLINK-3869 - STARLINK-2128,4618.612,5400.000,781.388,
Contact STARLINK-3869 - STARLINK-2214,0.000,5400.000,5400.000,
Contact STARLINK-3869 - STARLINK-4679,0.000,319.889,319.889,
Contact STARLINK-3869 - STARLINK-4565,0.000,2975.851,2975.851,
Contact STARLINK-3869 - STARLINK-4565,4292.373,5400.000,1107.627,
Contact STARLINK-3869 - STARLINK-5484,3394.881,4189.854,794.974,
Contact STARLINK-3869 - STARLINK-5954,4910.943,5400.000,489.057,
Contact STARLINK-3869 - STARLINK-3855,0.000,2983.272,2983.272,
Contact STARLINK-3869 - STARLINK-3855,4659.719,5400.000,740.281,
Contact STARLINK-3869 - STARLINK-5067,3180.885,4044.088,863.203,
Contact STARLINK-3869 - STARLINK-4328,4145.937,5400.000,1254.063,
Contact STARLINK-3869 - STARLINK-1423,4720.758,5400.000,679.242,
Contact STARLINK-3869 - STARLINK-2153,3422.903,4192.236,769.333,
Contact STARLINK-3869 - STARLINK-32043,3204.476,4100.677,896.201,
Contact STARLINK-3869 - STARLINK-1136,3447.791,4073.990,626.198,
Contact STARLINK-3869 - STARLINK-6363,0.000,447.749,447.749,
Contact STARLINK-3869 - STARLINK-6363,5153.557,5400.000,246.443,
Contact STARLINK-3869 - STARLINK-1605,3188.277,4046.243,857.967,
Contact STARLINK-3869 - STARLINK-4494,0.000,215.311,215.311,
Contact STARLINK-3869 - STARLINK-4494,4960.531,5400.000,439.469,
Contact STARLINK-3869 - MoonARTEMIS1,1444.593,5125.483,3680.889,
Contact STARLINK-3869 - MoonARTEMIS2,1449.553,5139.296,3689.742,
Contact STARLINK-3869 - MoonIOAGEO,1450.899,5124.606,3673.707,
Contact STARLINK-3869 - MoonIOAGNO,1445.902,5123.221,3677.319,
Contact STARLINK-3869 - MoonIOAGNO 0001,1466.624,5150.014,3683.390,
Contact STARLINK-3869 - MoonIOAGSO,1451.718,5129.115,3677.396,
Contact STARLINK-3869 - MoonIOAGSO 0001,1435.253,5110.621,3675.368,
Contact STARLINK-3869 - MoonLRO,1446.427,3893.940,2447.513,
Contact STARLINK-3869 - MarsSat1,0.000,2315.680,2315.680,
Contact STARLINK-3869 - MarsSat1,4202.206,5400.000,1197.794,
Contact STARLINK-3869 - MarsSat2,0.000,2315.726,2315.726,
Contact STARLINK-3869 - MarsSat2,4202.209,5400.000,1197.791,
Contact STARLINK-3869 - MarsSat3,0.000,2315.617,2315.617,
Contact STARLINK-3869 - MarsSat3,4202.201,5400.000,1197.799,
Contact STARLINK-3869 - MarsSat4,0.000,2315.722,2315.722,
Contact STARLINK-3869 - MarsSat4,4202.287,5400.000,1197.713,
Contact STARLINK-2128 - STARLINK-2214,0.000,2858.654,2858.654,
Contact STARLINK-2128 - STARLINK-2214,4589.835,5400.000,810.165,
Contact STARLINK-2128 - STARLINK-4565,0.000,5400.000,5400.000,
Contact STARLINK-2128 - STARLINK-30480,3119.164,3881.217,762.052,
Contact STARLINK-2128 - STARLINK-5954,0.000,5400.000,5400.000,
Contact STARLINK-2128 - STARLINK-3855,0.000,5400.000,5400.000,
Contact STARLINK-2128 - STARLINK-1692,0.000,471.645,471.645,
Contact STARLINK-2128 - STARLINK-6046,4773.649,5400.000,626.351,
Contact STARLINK-2128 - STARLINK-4328,4735.421,5400.000,664.579,
Contact STARLINK-2128 - STARLINK-1423,0.000,5400.000,5400.000,
Contact STARLINK-2128 - STARLINK-1136,3113.531,3600.706,487.175,
Contact STARLINK-2128 - STARLINK-31006,2917.597,3790.208,872.611,
Contact STARLINK-2128 - STARLINK-30925,0.000,5400.000,5400.000,
Contact STARLINK-2128 - STARLINK-4494,0.000,5400.000,5400.000,
Contact STARLINK-2128 - STARLINK-30904,390.943,4677.035,4286.092,
Contact STARLINK-2128 - MoonARTEMIS1,1700.297,5400.000,3699.703,
Contact STARLINK-2128 - MoonARTEMIS2,1724.687,5400.000,3675.313,
Contact STARLINK-2128 - MoonIOAGEO,1703.510,5400.000,3696.490,
Contact STARLINK-2128 - MoonIOAGNO,1716.944,5400.000,3683.056,
Contact STARLINK-2128 - MoonIOAGNO 0001,1733.188,5400.000,3666.812,
Contact STARLINK-2128 - MoonIOAGSO,1691.400,5400.000,3708.600,
Contact STARLINK-2128 - MoonIOAGSO 0001,1678.493,5400.000,3721.507,
Contact STARLINK-2128 - MoonLRO,1706.623,3917.140,2210.516,
Contact STARLINK-2128 - MarsSat1,0.000,2764.292,2764.292,
Contact STARLINK-2128 - MarsSat1,4669.379,5400.000,730.621,
Contact STARLINK-2128 - MarsSat2,0.000,2764.313,2764.313,
Contact STARLINK-2128 - MarsSat2,4669.433,5400.000,730.567,
Contact STARLINK-2128 - MarsSat3,0.000,2764.266,2764.266,
Contact STARLINK-2128 - MarsSat3,4669.297,5400.000,730.703,
Contact STARLINK-2128 - MarsSat4,0.000,2764.355,2764.355,
Contact STARLINK-2128 - MarsSat4,4669.401,5400.000,730.599,
Contact STARLINK-2214 - STARLINK-4565,0.000,3036.236,3036.236,
Contact STARLINK-2214 - STARLINK-4565,4303.347,5400.000,1096.653,
Contact STARLINK-2214 - STARLINK-5484,3470.206,4196.816,726.609,
Contact STARLINK-2214 - STARLINK-5954,0.000,44.902,44.902,
Contact STARLINK-2214 - STARLINK-5954,4951.973,5400.000,448.027,
Contact STARLINK-2214 - STARLINK-3855,0.000,3112.340,3112.340,
Contact STARLINK-2214 - STARLINK-3855,4603.495,5400.000,796.505,
Contact STARLINK-2214 - STARLINK-5067,3241.333,4066.266,824.932,
Contact STARLINK-2214 - STARLINK-6046,0.000,3842.363,3842.363,
Contact STARLINK-2214 - STARLINK-4328,4305.551,5400.000,1094.449,
Contact STARLINK-2214 - STARLINK-1423,0.000,61.243,61.243,
Contact STARLINK-2214 - STARLINK-1423,4678.552,5400.000,721.448,
Contact STARLINK-2214 - STARLINK-2153,3523.210,4159.809,636.599,
Contact STARLINK-2214 - STARLINK-32043,3226.259,4141.398,915.139,
Contact STARLINK-2214 - STARLINK-1136,3391.347,4194.714,803.367,
Contact STARLINK-2214 - STARLINK-1605,3176.709,4120.696,943.988,
Contact STARLINK-2214 - STARLINK-4494,0.000,431.812,431.812,
Contact STARLINK-2214 - STARLINK-4494,4833.514,5400.000,566.486,
Contact STARLINK-2214 - MoonARTEMIS1,1616.127,5249.101,3632.973,
Contact STARLINK-2214 - MoonARTEMIS2,1622.407,5262.720,3640.312,
Contact STARLINK-2214 - MoonIOAGEO,1621.646,5248.242,3626.595,
Contact STARLINK-2214 - MoonIOAGNO,1618.155,5246.998,3628.843,
Contact STARLINK-2214 - MoonIOAGNO 0001,1638.247,5272.713,3634.466,
Contact STARLINK-2214 - MoonIOAGSO,1621.847,5252.529,3630.682,
Contact STARLINK-2214 - MoonIOAGSO 0001,1606.091,5234.499,3628.408,
Contact STARLINK-2214 - MoonLRO,1618.487,3893.218,2274.731,
Contact STARLINK-2214 - MarsSat1,0.000,2452.401,2452.401,
Contact STARLINK-2214 - MarsSat1,4388.175,5400.000,1011.825,
Contact STARLINK-2214 - MarsSat2,0.000,2452.445,2452.445,
Contact STARLINK-2214 - MarsSat2,4388.185,5400.000,1011.815,
Contact STARLINK-2214 - MarsSat3,0.000,2452.339,2452.339,
Contact STARLINK-2214 - MarsSat3,4388.159,5400.000,1011.841,
Contact STARLINK-2214 - MarsSat4,0.000,2452.439,2452.439,
Contact STARLINK-2214 - MarsSat4,4388.248,5400.000,1011.752,
Contact STARLINK-4676 - STARLINK-30362,3182.513,4304.071,1121.558,
Contact STARLINK-4676 - STARLINK-31895,466.320,5039.494,4573.174,
Contact STARLINK-4676 - STARLINK-4419,0.000,149.963,149.963,
Contact STARLINK-4676 - STARLINK-4419,5168.756,5400.000,231.244,
Contact STARLINK-4676 - STARLINK-30154,0.000,3097.434,3097.434,
Contact STARLINK-4676 - STARLINK-30154,4553.285,5400.000,846.715,
Contact STARLINK-4676 - STARLINK-30565,0.000,178.833,178.833,
Contact STARLINK-4676 - STARLINK-30565,5365.887,5400.000,34.113,
Contact STARLINK-4676 - STARLINK-5609,0.000,5400.000,5400.000,
Contact STARLINK-4676 - STARLINK-4030,614.132,4697.516,4083.384,
Contact STARLINK-4676 - STARLINK-5416,0.000,3761.050,3761.050,
Contact STARLINK-4676 - STARLINK-3897,3339.113,3871.287,532.174,
Contact STARLINK-4676 - STARLINK-31082,3109.128,4138.793,1029.665,
Contact STARLINK-4676 - STARLINK-5951,0.000,691.784,691.784,
Contact STARLINK-4676 - STARLINK-3080,2931.577,3648.428,716.851,
Contact STARLINK-4676 - STARLINK-5018,4082.032,5400.000,1317.968,
Contact STARLINK-4676 - STARLINK-4776,0.000,5400.000,5400.000,
Contact STARLINK-4676 - STARLINK-31122,0.000,535.337,535.337,
Contact STARLINK-4676 - STARLINK-11130 [DTC],0.000,5400.000,5400.000,
Contact STARLINK-4676 - STARLINK-4429,3534.199,3863.954,329.756,
Contact STARLINK-4676 - STARLINK-2068,3640.638,5400.000,1759.362,
Contact STARLINK-4676 - STARLINK-2499,0.000,3126.385,3126.385,
Contact STARLINK-4676 - STARLINK-2499,4379.773,5400.000,1020.227,
Contact STARLINK-4676 - STARLINK-3634,4560.698,5400.000,839.302,
Contact STARLINK-4676 - MoonARTEMIS1,0.000,2508.221,2508.221,
Contact STARLINK-4676 - MoonARTEMIS1,4673.058,5400.000,726.942,
Contact STARLINK-4676 - MoonARTEMIS2,0.000,2497.120,2497.120,
Contact STARLINK-4676 - MoonARTEMIS2,4659.026,5400.000,740.974,
Contact STARLINK-4676 - MoonIOAGEO,0.000,2509.136,2509.136,
Contact STARLINK-4676 - MoonIOAGEO,4668.936,5400.000,731.064,
Contact STARLINK-4676 - MoonIOAGNO,0.000,2497.864,2497.864,
Contact STARLINK-4676 - MoonIOAGNO,4661.997,5400.000,738.003,
Contact STARLINK-4676 - MoonIOAGNO 0001,0.000,2504.431,2504.431,
Contact STARLINK-4676 - MoonIOAGNO 0001,4665.742,5400.000,734.258,
Contact STARLINK-4676 - MoonIOAGSO,0.000,2517.984,2517.984,
Contact STARLINK-4676 - MoonIOAGSO,4677.115,5400.000,722.885,
Contact STARLINK-4676 - MoonIOAGSO 0001,0.000,2515.424,2515.424,
Contact STARLINK-4676 - MoonIOAGSO 0001,4680.798,5400.000,719.202,
Contact STARLINK-4676 - MoonLRO,0.000,2503.549,2503.549,
Contact STARLINK-4676 - MarsSat1,1626.462,5216.926,3590.464,
Contact STARLINK-4676 - MarsSat2,1626.421,5216.889,3590.469,
Contact STARLINK-4676 - MarsSat3,1626.524,5216.983,3590.458,
Contact STARLINK-4676 - MarsSat4,1626.494,5216.974,3590.480,
Contact STARLINK-5777 - STARLINK-5484,0.000,5400.000,5400.000,
Contact STARLINK-5777 - STARLINK-5067,0.000,446.177,446.177,
Contact STARLINK-5777 - STARLINK-5067,4959.098,5400.000,440.902,
Contact STARLINK-5777 - STARLINK-4070,3393.515,4321.573,928.058,
Contact STARLINK-5777 - STARLINK-2153,0.000,5400.000,5400.000,
Contact STARLINK-5777 - STARLINK-5858,0.000,5400.000,5400.000,
Contact STARLINK-5777 - STARLINK-31195,2894.839,3851.136,956.297,
Contact STARLINK-5777 - STARLINK-32043,0.000,326.762,326.762,
Contact STARLINK-5777 - STARLINK-32043,4630.546,5400.000,769.454,
Contact STARLINK-5777 - STARLINK-1136,0.000,252.446,252.446,
Contact STARLINK-5777 - STARLINK-1136,4841.369,5400.000,558.631,
Contact STARLINK-5777 - STARLINK-31006,5114.049,5400.000,285.951,
Contact STARLINK-5777 - STARLINK-5338,2965.619,3835.315,869.696,
Contact STARLINK-5777 - STARLINK-1572,0.000,3673.039,3673.039,
Contact STARLINK-5777 - STARLINK-32097,0.000,5400.000,5400.000,
Contact STARLINK-5777 - STARLINK-3750,0.000,5400.000,5400.000,
Contact STARLINK-5777 - STARLINK-1605,0.000,153.059,153.059,
Contact STARLINK-5777 - STARLINK-1605,4648.716,5400.000,751.284,
Contact STARLINK-5777 - STARLINK-3768,0.000,672.426,672.426,
Contact STARLINK-5777 - MoonARTEMIS1,572.733,4815.232,4242.499,
Contact STARLINK-5777 - MoonARTEMIS2,596.768,4800.231,4203.462,
Contact STARLINK-5777 - MoonIOAGEO,584.079,4805.772,4221.693,
Contact STARLINK-5777 - MoonIOAGNO,591.351,4791.018,4199.667,
Contact STARLINK-5777 - MoonIOAGNO 0001,619.402,4820.538,4201.136,
Contact STARLINK-5777 - MoonIOAGSO,571.697,4826.968,4255.271,
Contact STARLINK-5777 - MoonIOAGSO 0001,548.032,4821.994,4273.962,
Contact STARLINK-5777 - MoonLRO,572.900,3904.759,3331.859,
Contact STARLINK-5777 - MarsSat1,0.000,5400.000,5400.000,
Contact STARLINK-5777 - MarsSat2,0.000,5400.000,5400.000,
Contact STARLINK-5777 - MarsSat3,0.000,5400.000,5400.000,
Contact STARLINK-5777 - MarsSat4,0.000,5400.000,5400.000,
Contact STARLINK-30362 - STARLINK-31895,0.000,5400.000,5400.000,
Contact STARLINK-30362 - STARLINK-5609,3554.051,4487.738,933.687,
Contact STARLINK-30362 - STARLINK-4030,0.000,5400.000,5400.000,
Contact STARLINK-30362 - STARLINK-5416,0.000,5400.000,5400.000,
Contact STARLINK-30362 - STARLINK-3897,0.000,5400.000,5400.000,
Contact STARLINK-30362 - STARLINK-31082,0.000,5400.000,5400.000,
Contact STARLINK-30362 - STARLINK-5951,4243.541,5400.000,1156.459,
Contact STARLINK-30362 - STARLINK-3080,0.000,501.063,501.063,
Contact STARLINK-30362 - STARLINK-3080,4863.103,5400.000,536.897,
Contact STARLINK-30362 - STARLINK-11130 [DTC],3414.324,4148.696,734.372,
Contact STARLINK-30362 - STARLINK-4429,3341.205,4614.854,1273.648,
Contact STARLINK-30362 - MoonARTEMIS1,0.000,2558.770,2558.770,
Contact STARLINK-30362 - MoonARTEMIS1,4689.203,5400.000,710.797,
Contact STARLINK-30362 - MoonARTEMIS2,0.000,2570.211,2570.211,
Contact STARLINK-30362 - MoonARTEMIS2,4693.990,5400.000,706.010,
Contact STARLINK-30362 - MoonIOAGEO,0.000,2562.111,2562.111,
Contact STARLINK-30362 - MoonIOAGEO,4687.288,5400.000,712.712,
Contact STARLINK-30362 - MoonIOAGNO,0.000,2561.700,2561.700,
Contact STARLINK-30362 - MoonIOAGNO,4683.608,5400.000,716.392,
Contact STARLINK-30362 - MoonIOAGNO 0001,0.000,2581.471,2581.471,
Contact STARLINK-30362 - MoonIOAGNO 0001,4707.450,5400.000,692.550,
Contact STARLINK-30362 - MoonIOAGSO,0.000,2562.169,2562.169,
Contact STARLINK-30362 - MoonIOAGSO,4693.350,5400.000,706.650,
Contact STARLINK-30362 - MoonIOAGSO 0001,0.000,2547.940,2547.940,
Contact STARLINK-30362 - MoonIOAGSO 0001,4678.697,5400.000,721.303,
Contact STARLINK-30362 - MoonLRO,0.000,2563.859,2563.859,
Contact STARLINK-30362 - MarsSat1,1737.989,5400.000,3662.011,
Contact STARLINK-30362 - MarsSat2,1737.997,5400.000,3662.003,
Contact STARLINK-30362 - MarsSat3,1737.983,5400.000,3662.017,
Contact STARLINK-30362 - MarsSat4,1738.043,5400.000,3661.957,
Contact STARLINK-4679 - STARLINK-4070,0.000,324.512,324.512,
Contact STARLINK-4679 - STARLINK-4070,4782.900,5400.000,617.100,
Contact STARLINK-4679 - STARLINK-5951,3391.148,4064.754,673.606,
Contact STARLINK-4679 - STARLINK-4328,0.000,4042.259,4042.259,
Contact STARLINK-4679 - STARLINK-3080,3522.198,4338.807,816.609,
Contact STARLINK-4679 - STARLINK-5338,4752.881,5400.000,647.119,
Contact STARLINK-4679 - STARLINK-6363,0.000,5400.000,5400.000,
Contact STARLINK-4679 - MoonARTEMIS1,246.492,3743.508,3497.016,
Contact STARLINK-4679 - MoonARTEMIS2,233.919,3731.844,3497.925,
Contact STARLINK-4679 - MoonIOAGEO,251.278,3741.669,3490.391,
Contact STARLINK-4679 - MoonIOAGNO,236.741,3732.936,3496.194,
Contact STARLINK-4679 - MoonIOAGNO 0001,243.578,3737.786,3494.207,
Contact STARLINK-4679 - MoonIOAGSO,259.459,3750.317,3490.858,
Contact STARLINK-4679 - MoonIOAGSO 0001,251.211,3751.703,3500.492,
Contact STARLINK-4679 - MoonLRO,245.473,3735.218,3489.746,
Contact STARLINK-4679 - MarsSat1,0.000,5400.000,5400.000,
Contact STARLINK-4679 - MarsSat2,0.000,5400.000,5400.000,
Contact STARLINK-4679 - MarsSat3,0.000,5400.000,5400.000,
Contact STARLINK-4679 - MarsSat4,0.000,5400.000,5400.000,
Contact STARLINK-4565 - STARLINK-5954,0.000,140.979,140.979,
Contact STARLINK-4565 - STARLINK-5954,4706.249,5400.000,693.751,
Contact STARLINK-4565 - STARLINK-3855,0.000,5400.000,5400.000,
Contact STARLINK-4565 - STARLINK-1423,0.000,5400.000,5400.000,
Contact STARLINK-4565 - STARLINK-1136,0.000,3759.690,3759.690,
Contact STARLINK-4565 - STARLINK-31006,2901.379,3755.640,854.261,
Contact STARLINK-4565 - STARLINK-32097,0.000,5400.000,5400.000,
Contact STARLINK-4565 - STARLINK-1605,0.000,739.060,739.060,
Contact STARLINK-4565 - STARLINK-30904,3425.403,4474.708,1049.305,
Contact STARLINK-4565 - MoonARTEMIS1,1395.425,5048.931,3653.505,
Contact STARLINK-4565 - MoonARTEMIS2,1410.925,5061.584,3650.659,
Contact STARLINK-4565 - MoonIOAGEO,1398.455,5048.019,3649.564,
Contact STARLINK-4565 - MoonIOAGNO,1406.134,5046.534,3640.400,
Contact STARLINK-4565 - MoonIOAGNO 0001,1418.493,5072.294,3653.801,
Contact STARLINK-4565 - MoonIOAGSO,1391.050,5052.573,3661.523,
Contact STARLINK-4565 - MoonIOAGSO 0001,1381.250,5034.759,3653.509,
Contact STARLINK-4565 - MoonLRO,1398.354,3917.726,2519.372,
Contact STARLINK-4565 - MarsSat1,0.000,2222.647,2222.647,
Contact STARLINK-4565 - MarsSat1,4316.664,5400.000,1083.336,
Contact STARLINK-4565 - MarsSat2,0.000,2222.678,2222.678,
Contact STARLINK-4565 - MarsSat2,4316.703,5400.000,1083.297,
Contact STARLINK-4565 - MarsSat3,0.000,2222.606,2222.606,
Contact STARLINK-4565 - MarsSat3,4316.605,5400.000,1083.395,
Contact STARLINK-4565 - MarsSat4,0.000,2222.682,2222.682,
Contact STARLINK-4565 - MarsSat4,4316.687,5400.000,1083.313,
Contact STARLINK-31895 - STARLINK-4030,0.000,5400.000,5400.000,
Contact STARLINK-31895 - STARLINK-31082,2697.189,5400.000,2702.811,
Contact STARLINK-31895 - STARLINK-5951,0.000,279.388,279.388,
Contact STARLINK-31895 - STARLINK-5951,4969.729,5400.000,430.271,
Contact STARLINK-31895 - STARLINK-3080,0.000,619.033,619.033,
Contact STARLINK-31895 - STARLINK-11130 [DTC],547.230,5080.190,4532.960,
Contact STARLINK-31895 - STARLINK-1572,3366.929,4362.160,995.230,
Contact STARLINK-31895 - STARLINK-2068,0.000,5400.000,5400.000,
Contact STARLINK-31895 - STARLINK-3768,3136.173,4531.019,1394.846,
Contact STARLINK-31895 - MoonARTEMIS1,0.000,2807.601,2807.601,
Contact STARLINK-31895 - MoonARTEMIS1,4901.143,5400.000,498.857,
Contact STARLINK-31895 - MoonARTEMIS2,0.000,2811.614,2811.614,
Contact STARLINK-31895 - MoonARTEMIS2,4894.453,5400.000,505.547,
Contact STARLINK-31895 - MoonIOAGEO,0.000,2810.371,2810.371,
Contact STARLINK-31895 - MoonIOAGEO,4896.160,5400.000,503.840,
Contact STARLINK-31895 - MoonIOAGNO,0.000,2803.857,2803.857,
Contact STARLINK-31895 - MoonIOAGNO,4888.952,5400.000,511.048,
Contact STARLINK-31895 - MoonIOAGNO 0001,0.000,2826.457,2826.457,
Contact STARLINK-31895 - MoonIOAGNO 0001,4908.409,5400.000,491.591,
Contact STARLINK-31895 - MoonIOAGSO,0.000,2815.735,2815.735,
Contact STARLINK-31895 - MoonIOAGSO,4906.518,5400.000,493.482,
Contact STARLINK-31895 - MoonIOAGSO 0001,0.000,2801.225,2801.225,
Contact STARLINK-31895 - MoonIOAGSO 0001,4899.603,5400.000,500.397,
Contact STARLINK-31895 - MoonLRO,0.000,2808.987,2808.987,
Contact STARLINK-31895 - MarsSat1,1899.961,5400.000,3500.039,
Contact STARLINK-31895 - MarsSat2,1899.928,5400.000,3500.072,
Contact STARLINK-31895 - MarsSat3,1900.013,5400.000,3499.987,
Contact STARLINK-31895 - MarsSat4,1900.022,5400.000,3499.978,
Contact STARLINK-30480 - STARLINK-3770,0.000,2888.625,2888.625,
Contact STARLINK-30480 - STARLINK-3770,3815.041,5400.000,1584.959,
Contact STARLINK-30480 - STARLINK-30248,3378.107,4472.226,1094.119,
Contact STARLINK-30480 - STARLINK-5954,3089.668,3842.108,752.440,
Contact STARLINK-30480 - STARLINK-3855,3358.572,3942.806,584.234,
Contact STARLINK-30480 - STARLINK-1692,0.000,2890.898,2890.898,
Contact STARLINK-30480 - STARLINK-1692,3918.104,5400.000,1481.896,
Contact STARLINK-30480 - STARLINK-1423,3175.442,3978.213,802.771,
Contact STARLINK-30480 - STARLINK-5686,0.000,701.183,701.183,
Contact STARLINK-30480 - STARLINK-31006,0.000,2990.880,2990.880,
Contact STARLINK-30480 - STARLINK-31006,4233.179,5400.000,1166.821,
Contact STARLINK-30480 - STARLINK-4429,0.000,384.444,384.444,
Contact STARLINK-30480 - STARLINK-4429,5224.027,5400.000,175.973,
Contact STARLINK-30480 - STARLINK-30925,2954.396,4034.452,1080.056,
Contact STARLINK-30480 - STARLINK-4494,3512.519,4212.576,700.057,
Contact STARLINK-30480 - STARLINK-3634,3442.447,4027.540,585.092,
Contact STARLINK-30480 - STARLINK-30904,0.000,748.821,748.821,
Contact STARLINK-30480 - STARLINK-30904,4942.421,5400.000,457.579,
Contact STARLINK-30480 - MoonARTEMIS1,0.000,5400.000,5400.000,
Contact STARLINK-30480 - MoonARTEMIS2,0.000,5400.000,5400.000,
Contact STARLINK-30480 - MoonIOAGEO,0.000,5400.000,5400.000,
Contact STARLINK-30480 - MoonIOAGNO,0.000,5400.000,5400.000,
Contact STARLINK-30480 - MoonIOAGNO 0001,0.000,5400.000,5400.000,
Contact STARLINK-30480 - MoonIOAGSO,0.000,5400.000,5400.000,
Contact STARLINK-30480 - MoonIOAGSO 0001,0.000,5400.000,5400.000,
Contact STARLINK-30480 - MoonLRO,0.000,3898.635,3898.635,
Contact STARLINK-30480 - MarsSat1,0.000,3449.670,3449.670,
Contact STARLINK-30480 - MarsSat2,0.000,3449.652,3449.652,
Contact STARLINK-30480 - MarsSat3,0.000,3449.699,3449.699,
Contact STARLINK-30480 - MarsSat4,0.000,3449.736,3449.736,
Contact STARLINK-5484 - STARLINK-5067,0.000,5400.000,5400.000,
Contact STARLINK-5484 - STARLINK-4070,3056.155,3766.337,710.182,
Contact STARLINK-5484 - STARLINK-2153,0.000,5400.000,5400.000,
Contact STARLINK-5484 - STARLINK-5858,0.000,5400.000,5400.000,
Contact STARLINK-5484 - STARLINK-31195,0.000,569.419,569.419,
Contact STARLINK-5484 - STARLINK-32043,470.254,5400.000,4929.746,
Contact STARLINK-5484 - STARLINK-1136,3911.996,5400.000,1488.004,
Contact STARLINK-5484 - STARLINK-4429,4663.986,5400.000,736.014,
Contact STARLINK-5484 - STARLINK-5338,0.000,562.420,562.420,
Contact STARLINK-5484 - STARLINK-1572,0.000,450.813,450.813,
Contact STARLINK-5484 - STARLINK-1572,5300.237,5400.000,99.763,
Contact STARLINK-5484 - STARLINK-3750,0.000,514.093,514.093,
Contact STARLINK-5484 - STARLINK-3750,5310.854,5400.000,89.146,
Contact STARLINK-5484 - STARLINK-6363,3317.019,3931.219,614.200,
Contact STARLINK-5484 - STARLINK-3768,0.000,370.571,370.571,
Contact STARLINK-5484 - STARLINK-3768,5275.115,5400.000,124.885,
Contact STARLINK-5484 - MoonARTEMIS1,1314.558,5400.000,4085.442,
Contact STARLINK-5484 - MoonARTEMIS2,1292.898,5400.000,4107.102,
Contact STARLINK-5484 - MoonIOAGEO,1322.798,5400.000,4077.202,
Contact STARLINK-5484 - MoonIOAGNO,1296.081,5400.000,4103.919,
Contact STARLINK-5484 - MoonIOAGNO 0001,1316.616,5400.000,4083.384,
Contact STARLINK-5484 - MoonIOAGSO,1338.863,5400.000,4061.137,
Contact STARLINK-5484 - MoonIOAGSO 0001,1321.175,5400.000,4078.825,
Contact STARLINK-5484 - MoonLRO,1312.201,3886.391,2574.191,
Contact STARLINK-5484 - MarsSat1,0.000,2464.270,2464.270,
Contact STARLINK-5484 - MarsSat1,3821.936,5400.000,1578.064,
Contact STARLINK-5484 - MarsSat2,0.000,2464.160,2464.160,
Contact STARLINK-5484 - MarsSat2,3821.890,5400.000,1578.110,
Contact STARLINK-5484 - MarsSat3,0.000,2464.427,2464.427,
Contact STARLINK-5484 - MarsSat3,3822.009,5400.000,1577.991,
Contact STARLINK-5484 - MarsSat4,0.000,2464.251,2464.251,
Contact STARLINK-5484 - MarsSat4,3822.079,5400.000,1577.921,
Contact STARLINK-4419 - STARLINK-30154,0.000,298.293,298.293,
Contact STARLINK-4419 - STARLINK-30154,4995.805,5400.000,404.195,
Contact STARLINK-4419 - STARLINK-30565,0.000,5400.000,5400.000,
Contact STARLINK-4419 - STARLINK-30248,4413.203,5400.000,986.797,
Contact STARLINK-4419 - STARLINK-5609,0.000,308.109,308.109,
Contact STARLINK-4419 - STARLINK-6046,0.000,5070.534,5070.534,
Contact STARLINK-4419 - STARLINK-4328,0.000,690.403,690.403,
Contact STARLINK-4419 - STARLINK-5018,0.000,113.324,113.324,
Contact STARLINK-4419 - STARLINK-5018,5078.579,5400.000,321.421,
Contact STARLINK-4419 - STARLINK-4776,0.000,452.792,452.792,
Contact STARLINK-4419 - STARLINK-4776,5378.637,5400.000,21.363,
Contact STARLINK-4419 - STARLINK-5686,4686.425,5400.000,713.575,
Contact STARLINK-4419 - STARLINK-31122,0.000,3078.397,3078.397,
Contact STARLINK-4419 - STARLINK-31122,4562.546,5400.000,837.454,
Contact STARLINK-4419 - STARLINK-11130 [DTC],0.000,215.993,215.993,
Contact STARLINK-4419 - STARLINK-11130 [DTC],5328.472,5400.000,71.528,
Contact STARLINK-4419 - STARLINK-2704,0.000,5400.000,5400.000,
Contact STARLINK-4419 - STARLINK-2499,0.000,468.454,468.454,
Contact STARLINK-4419 - STARLINK-2499,5251.851,5400.000,148.149,
Contact STARLINK-4419 - STARLINK-3634,0.000,11.858,11.858,
Contact STARLINK-4419 - STARLINK-3634,5019.588,5400.000,380.412,
Contact STARLINK-4419 - MoonARTEMIS1,0.000,5400.000,5400.000,
Contact STARLINK-4419 - MoonARTEMIS2,0.000,5400.000,5400.000,
Contact STARLINK-4419 - MoonIOAGEO,0.000,5400.000,5400.000,
Contact STARLINK-4419 - MoonIOAGNO,0.000,5400.000,5400.000,
Contact STARLINK-4419 - MoonIOAGNO 0001,0.000,5400.000,5400.000,
Contact STARLINK-4419 - MoonIOAGSO,0.000,5400.000,5400.000,
Contact STARLINK-4419 - MoonIOAGSO 0001,0.000,5400.000,5400.000,
Contact STARLINK-4419 - MoonLRO,0.000,3873.873,3873.873,
Contact STARLINK-4419 - MarsSat1,122.674,3773.398,3650.725,
Contact STARLINK-4419 - MarsSat2,122.724,3773.445,3650.721,
Contact STARLINK-4419 - MarsSat3,122.605,3773.327,3650.722,
Contact STARLINK-4419 - MarsSat4,122.660,3773.386,3650.726,
Contact STARLINK-30154 - STARLINK-3770,3117.664,3669.011,551.347,
Contact STARLINK-30154 - STARLINK-30565,0.000,5400.000,5400.000,
Contact STARLINK-30154 - STARLINK-30248,0.000,357.441,357.441,
Contact STARLINK-30154 - STARLINK-30248,5100.547,5400.000,299.453,
Contact STARLINK-30154 - STARLINK-5609,5022.338,5400.000,377.662,
Contact STARLINK-30154 - STARLINK-5416,3342.392,4071.079,728.687,
Contact STARLINK-30154 - STARLINK-3897,3533.837,4487.723,953.886,
Contact STARLINK-30154 - STARLINK-6046,0.000,155.370,155.370,
Contact STARLINK-30154 - STARLINK-6046,5352.218,5400.000,47.782,
Contact STARLINK-30154 - STARLINK-4328,0.000,177.935,177.935,
Contact STARLINK-30154 - STARLINK-5018,0.000,5400.000,5400.000,
Contact STARLINK-30154 - STARLINK-4776,0.000,5400.000,5400.000,
Contact STARLINK-30154 - STARLINK-31122,0.000,3986.006,3986.006,
Contact STARLINK-30154 - STARLINK-11130 [DTC],4829.756,5400.000,570.244,
Contact STARLINK-30154 - STARLINK-4429,3450.491,4151.664,701.173,
Contact STARLINK-30154 - STARLINK-4257,2874.507,3684.811,810.304,
Contact STARLINK-30154 - STARLINK-2704,0.000,5400.000,5400.000,
Contact STARLINK-30154 - STARLINK-2499,0.000,5400.000,5400.000,
Contact STARLINK-30154 - STARLINK-3634,0.000,5400.000,5400.000,
Contact STARLINK-30154 - MoonARTEMIS1,0.000,2262.960,2262.960,
Contact STARLINK-30154 - MoonARTEMIS1,3817.416,5400.000,1582.584,
Contact STARLINK-30154 - MoonARTEMIS2,0.000,2239.425,2239.425,
Contact STARLINK-30154 - MoonARTEMIS2,3826.649,5400.000,1573.351,
Contact STARLINK-30154 - MoonIOAGEO,0.000,2266.163,2266.163,
Contact STARLINK-30154 - MoonIOAGEO,3817.504,5400.000,1582.496,
Contact STARLINK-30154 - MoonIOAGNO,0.000,2240.660,2240.660,
Contact STARLINK-30154 - MoonIOAGNO,3809.702,5400.000,1590.298,
Contact STARLINK-30154 - MoonIOAGNO 0001,0.000,2255.705,2255.705,
Contact STARLINK-30154 - MoonIOAGNO 0001,3854.435,5400.000,1545.565,
Contact STARLINK-30154 - MoonIOAGSO,0.000,2285.731,2285.731,
Contact STARLINK-30154 - MoonIOAGSO,3827.365,5400.000,1572.635,
Contact STARLINK-30154 - MoonIOAGSO 0001,0.000,2279.040,2279.040,
Contact STARLINK-30154 - MoonIOAGSO 0001,3796.000,5400.000,1604.000,
Contact STARLINK-30154 - MoonLRO,0.000,2254.777,2254.777,
Contact STARLINK-30154 - MarsSat1,812.776,4858.481,4045.705,
Contact STARLINK-30154 - MarsSat2,812.798,4858.433,4045.635,
Contact STARLINK-30154 - MarsSat3,812.756,4858.556,4045.800,
Contact STARLINK-30154 - MarsSat4,812.845,4858.580,4045.735,
Contact STARLINK-3770 - STARLINK-30565,3091.882,4658.496,1566.615,
Contact STARLINK-3770 - STARLINK-30248,0.000,4003.786,4003.786,
Contact STARLINK-3770 - STARLINK-1692,0.000,5400.000,5400.000,
Contact STARLINK-3770 - STARLINK-6046,3361.812,4635.353,1273.541,
Contact STARLINK-3770 - STARLINK-5686,0.000,189.789,189.789,
Contact STARLINK-3770 - STARLINK-5686,5161.169,5400.000,238.831,
Contact STARLINK-3770 - STARLINK-4257,0.000,5400.000,5400.000,
Contact STARLINK-3770 - STARLINK-2704,67.361,4719.228,4651.867,
Contact STARLINK-3770 - STARLINK-30925,0.000,594.831,594.831,
Contact STARLINK-3770 - STARLINK-30925,5305.317,5400.000,94.683,
Contact STARLINK-3770 - STARLINK-3634,0.000,3726.168,3726.168,
Contact STARLINK-3770 - STARLINK-30904,4729.473,5400.000,670.527,
Contact STARLINK-3770 - MoonARTEMIS1,0.000,5400.000,5400.000,
Contact STARLINK-3770 - MoonARTEMIS2,0.000,5400.000,5400.000,
Contact STARLINK-3770 - MoonIOAGEO,0.000,5400.000,5400.000,
Contact STARLINK-3770 - MoonIOAGNO,0.000,5400.000,5400.000,
Contact STARLINK-3770 - MoonIOAGNO 0001,0.000,5400.000,5400.000,
Contact STARLINK-3770 - MoonIOAGSO,0.000,5400.000,5400.000,
Contact STARLINK-3770 - MoonIOAGSO 0001,0.000,5400.000,5400.000,
Contact STARLINK-3770 - MoonLRO,0.000,3878.622,3878.622,
Contact STARLINK-3770 - MarsSat1,0.000,3789.192,3789.192,
Contact STARLINK-3770 - MarsSat2,0.000,3789.237,3789.237,
Contact STARLINK-3770 - MarsSat3,0.000,3789.124,3789.124,
Contact STARLINK-3770 - MarsSat4,0.000,3789.234,3789.234,
Contact STARLINK-30565 - STARLINK-30248,0.000,5400.000,5400.000,
Contact STARLINK-30565 - STARLINK-1692,3358.056,4361.397,1003.340,
Contact STARLINK-30565 - STARLINK-6046,5267.950,5400.000,132.050,
Contact STARLINK-30565 - STARLINK-5018,0.000,619.640,619.640,
Contact STARLINK-30565 - STARLINK-5018,5212.808,5400.000,187.192,
Contact STARLINK-30565 - STARLINK-5686,4755.000,5400.000,645.000,
Contact STARLINK-30565 - STARLINK-31122,0.000,5400.000,5400.000,
Contact STARLINK-30565 - STARLINK-4257,0.000,5400.000,5400.000,
Contact STARLINK-30565 - STARLINK-2704,0.000,5400.000,5400.000,
Contact STARLINK-30565 - STARLINK-2499,0.000,3730.322,3730.322,
Contact STARLINK-30565 - STARLINK-3634,0.000,5400.000,5400.000,
Contact STARLINK-30565 - MoonARTEMIS1,0.000,5400.000,5400.000,
Contact STARLINK-30565 - MoonARTEMIS2,0.000,5400.000,5400.000,
Contact STARLINK-30565 - MoonIOAGEO,0.000,5400.000,5400.000,
Contact STARLINK-30565 - MoonIOAGNO,0.000,5400.000,5400.000,
Contact STARLINK-30565 - MoonIOAGNO 0001,0.000,5400.000,5400.000,
Contact STARLINK-30565 - MoonIOAGSO,0.000,5400.000,5400.000,
Contact STARLINK-30565 - MoonIOAGSO 0001,0.000,5400.000,5400.000,
Contact STARLINK-30565 - MoonLRO,0.000,3877.776,3877.776,
Contact STARLINK-30565 - MarsSat1,504.888,4004.248,3499.359,
Contact STARLINK-30565 - MarsSat2,504.925,4004.279,3499.354,
Contact STARLINK-30565 - MarsSat3,504.842,4004.201,3499.359,
Contact STARLINK-30565 - MarsSat4,504.909,4004.280,3499.372,
Contact STARLINK-30248 - STARLINK-5954,0.000,3776.656,3776.656,
Contact STARLINK-30248 - STARLINK-3855,0.000,2697.507,2697.507,
Contact STARLINK-30248 - STARLINK-1692,0.000,3934.644,3934.644,
Contact STARLINK-30248 - STARLINK-6046,0.000,3494.147,3494.147,
Contact STARLINK-30248 - STARLINK-6046,4364.073,5400.000,1035.927,
Contact STARLINK-30248 - STARLINK-4328,5240.703,5400.000,159.297,
Contact STARLINK-30248 - STARLINK-1423,0.000,5400.000,5400.000,
Contact STARLINK-30248 - STARLINK-5018,0.000,360.517,360.517,
Contact STARLINK-30248 - STARLINK-5018,4785.685,5400.000,614.315,
Contact STARLINK-30248 - STARLINK-5686,4133.002,5400.000,1266.998,
Contact STARLINK-30248 - STARLINK-4257,0.000,5400.000,5400.000,
Contact STARLINK-30248 - STARLINK-2704,0.000,5400.000,5400.000,
Contact STARLINK-30248 - STARLINK-30925,0.000,5400.000,5400.000,
Contact STARLINK-30248 - STARLINK-4494,0.000,5400.000,5400.000,
Contact STARLINK-30248 - STARLINK-3634,0.000,5400.000,5400.000,
Contact STARLINK-30248 - MoonARTEMIS1,0.000,5400.000,5400.000,
Contact STARLINK-30248 - MoonARTEMIS2,0.000,5400.000,5400.000,
Contact STARLINK-30248 - MoonIOAGEO,0.000,5400.000,5400.000,
Contact STARLINK-30248 - MoonIOAGNO,0.000,5400.000,5400.000,
Contact STARLINK-30248 - MoonIOAGNO 0001,0.000,5400.000,5400.000,
Contact STARLINK-30248 - MoonIOAGSO,0.000,5400.000,5400.000,
Contact STARLINK-30248 - MoonIOAGSO 0001,0.000,5400.000,5400.000,
Contact STARLINK-30248 - MoonLRO,0.000,3897.314,3897.314,
Contact STARLINK-30248 - MarsSat1,0.000,3541.563,3541.563,
Contact STARLINK-30248 - MarsSat2,0.000,3541.581,3541.581,
Contact STARLINK-30248 - MarsSat3,0.000,3541.539,3541.539,
Contact STARLINK-30248 - MarsSat4,0.000,3541.620,3541.620,
Contact STARLINK-5954 - STARLINK-3855,0.000,609.188,609.188,
Contact STARLINK-5954 - STARLINK-3855,4776.665,5400.000,623.335,
Contact STARLINK-5954 - STARLINK-1692,0.000,610.714,610.714,
Contact STARLINK-5954 - STARLINK-6046,0.000,101.045,101.045,
Contact STARLINK-5954 - STARLINK-6046,5378.062,5400.000,21.938,
Contact STARLINK-5954 - STARLINK-4328,4870.778,5400.000,529.222,
Contact STARLINK-5954 - STARLINK-1423,0.000,5400.000,5400.000,
Contact STARLINK-5954 - STARLINK-5686,3415.253,4473.602,1058.349,
Contact STARLINK-5954 - STARLINK-30925,0.000,5400.000,5400.000,
Contact STARLINK-5954 - STARLINK-4494,0.000,507.577,507.577,
Contact STARLINK-5954 - STARLINK-4494,4999.843,5400.000,400.157,
Contact STARLINK-5954 - STARLINK-3634,3051.950,4642.162,1590.213,
Contact STARLINK-5954 - STARLINK-30904,3394.812,3640.561,245.749,
Contact STARLINK-5954 - MoonARTEMIS1,0.000,4975.623,4975.623,
Contact STARLINK-5954 - MoonARTEMIS2,0.000,5400.000,5400.000,
Contact STARLINK-5954 - MoonIOAGEO,0.000,4995.415,4995.415,
Contact STARLINK-5954 - MoonIOAGNO,0.000,5017.791,5017.791,
Contact STARLINK-5954 - MoonIOAGNO 0001,0.000,5400.000,5400.000,
Contact STARLINK-5954 - MoonIOAGSO,0.000,4978.038,4978.038,
Contact STARLINK-5954 - MoonIOAGSO 0001,0.000,4877.845,4877.845,
Contact STARLINK-5954 - MoonLRO,0.000,3915.344,3915.344,
Contact STARLINK-5954 - MarsSat1,0.000,5400.000,5400.000,
Contact STARLINK-5954 - MarsSat2,0.000,5400.000,5400.000,
Contact STARLINK-5954 - MarsSat3,0.000,5400.000,5400.000,
Contact STARLINK-5954 - MarsSat4,0.000,5400.000,5400.000,
Contact STARLINK-5609 - STARLINK-5416,3066.740,3916.323,849.582,
Contact STARLINK-5609 - STARLINK-4070,4761.076,5400.000,638.924,
Contact STARLINK-5609 - STARLINK-31082,3513.993,4268.641,754.648,
Contact STARLINK-5609 - STARLINK-5951,0.000,3855.722,3855.722,
Contact STARLINK-5609 - STARLINK-3080,3037.772,3936.643,898.871,
Contact STARLINK-5609 - STARLINK-4776,0.000,5400.000,5400.000,
Contact STARLINK-5609 - STARLINK-11130 [DTC],0.000,5400.000,5400.000,
Contact STARLINK-5609 - STARLINK-2068,0.000,5400.000,5400.000,
Contact STARLINK-5609 - STARLINK-2499,0.000,3160.260,3160.260,
Contact STARLINK-5609 - STARLINK-2499,4517.660,5400.000,882.340,
Contact STARLINK-5609 - MoonARTEMIS1,0.000,2947.708,2947.708,
Contact STARLINK-5609 - MoonARTEMIS1,5114.520,5400.000,285.480,
Contact STARLINK-5609 - MoonARTEMIS2,0.000,2938.068,2938.068,
Contact STARLINK-5609 - MoonARTEMIS2,5102.331,5400.000,297.669,
Contact STARLINK-5609 - MoonIOAGEO,0.000,2948.003,2948.003,
Contact STARLINK-5609 - MoonIOAGEO,5109.257,5400.000,290.743,
Contact STARLINK-5609 - MoonIOAGNO,0.000,2937.595,2937.595,
Contact STARLINK-5609 - MoonIOAGNO,5103.042,5400.000,296.958,
Contact STARLINK-5609 - MoonIOAGNO 0001,0.000,2946.614,2946.614,
Contact STARLINK-5609 - MoonIOAGNO 0001,5110.685,5400.000,289.315,
Contact STARLINK-5609 - MoonIOAGSO,0.000,2956.852,2956.852,
Contact STARLINK-5609 - MoonIOAGSO,5117.961,5400.000,282.039,
Contact STARLINK-5609 - MoonIOAGSO 0001,0.000,2953.445,2953.445,
Contact STARLINK-5609 - MoonIOAGSO 0001,5120.058,5400.000,279.942,
Contact STARLINK-5609 - MoonLRO,0.000,2942.214,2942.214,
Contact STARLINK-5609 - MarsSat1,2063.282,5400.000,3336.718,
Contact STARLINK-5609 - MarsSat2,2063.246,5400.000,3336.754,
Contact STARLINK-5609 - MarsSat3,2063.337,5400.000,3336.663,
Contact STARLINK-5609 - MarsSat4,2063.322,5400.000,3336.678,
Contact STARLINK-3855 - STARLINK-6046,0.000,2903.445,2903.445,
Contact STARLINK-3855 - STARLINK-6046,4598.886,5400.000,801.114,
Contact STARLINK-3855 - STARLINK-4328,4773.940,5400.000,626.060,
Contact STARLINK-3855 - STARLINK-1423,0.000,5400.000,5400.000,
Contact STARLINK-3855 - STARLINK-1136,3137.133,3839.600,702.467,
Contact STARLINK-3855 - STARLINK-31006,3047.587,3960.149,912.562,
Contact STARLINK-3855 - STARLINK-30925,0.000,5400.000,5400.000,
Contact STARLINK-3855 - STARLINK-4494,0.000,5400.000,5400.000,
Contact STARLINK-3855 - STARLINK-30904,657.221,4734.751,4077.530,
Contact STARLINK-3855 - MoonARTEMIS1,1835.183,5400.000,3564.817,
Contact STARLINK-3855 - MoonARTEMIS2,1852.404,5400.000,3547.596,
Contact STARLINK-3855 - MoonIOAGEO,1838.004,5400.000,3561.996,
Contact STARLINK-3855 - MoonIOAGNO,1846.301,5400.000,3553.699,
Contact STARLINK-3855 - MoonIOAGNO 0001,1860.081,5400.000,3539.919,
Contact STARLINK-3855 - MoonIOAGSO,1830.340,5400.000,3569.660,
Contact STARLINK-3855 - MoonIOAGSO 0001,1819.187,5400.000,3580.813,
Contact STARLINK-3855 - MoonLRO,1840.349,3912.160,2071.810,
Contact STARLINK-3855 - MarsSat1,0.000,2706.994,2706.994,
Contact STARLINK-3855 - MarsSat1,4764.521,5400.000,635.479,
Contact STARLINK-3855 - MarsSat2,0.000,2707.023,2707.023,
Contact STARLINK-3855 - MarsSat2,4764.563,5400.000,635.437,
Contact STARLINK-3855 - MarsSat3,0.000,2706.954,2706.954,
Contact STARLINK-3855 - MarsSat3,4764.456,5400.000,635.544,
Contact STARLINK-3855 - MarsSat4,0.000,2707.035,2707.035,
Contact STARLINK-3855 - MarsSat4,4764.541,5400.000,635.459,
Contact STARLINK-4030 - STARLINK-5416,5082.143,5400.000,317.857,
Contact STARLINK-4030 - STARLINK-31082,0.000,5400.000,5400.000,
Contact STARLINK-4030 - STARLINK-5951,4714.581,5400.000,685.419,
Contact STARLINK-4030 - STARLINK-3080,0.000,384.927,384.927,
Contact STARLINK-4030 - STARLINK-3080,5210.871,5400.000,189.129,
Contact STARLINK-4030 - STARLINK-1572,2934.123,4111.331,1177.208,
Contact STARLINK-4030 - STARLINK-2068,3541.479,4518.571,977.092,
Contact STARLINK-4030 - STARLINK-3768,0.000,5400.000,5400.000,
Contact STARLINK-4030 - MoonARTEMIS1,0.000,2899.037,2899.037,
Contact STARLINK-4030 - MoonARTEMIS1,4906.313,5400.000,493.687,
Contact STARLINK-4030 - MoonARTEMIS2,0.000,2913.134,2913.134,
Contact STARLINK-4030 - MoonARTEMIS2,4906.226,5400.000,493.774,
Contact STARLINK-4030 - MoonIOAGEO,0.000,2902.308,2902.308,
Contact STARLINK-4030 - MoonIOAGEO,4902.022,5400.000,497.978,
Contact STARLINK-4030 - MoonIOAGNO,0.000,2901.829,2901.829,
Contact STARLINK-4030 - MoonIOAGNO,4895.672,5400.000,504.328,
Contact STARLINK-4030 - MoonIOAGNO 0001,0.000,2926.466,2926.466,
Contact STARLINK-4030 - MoonIOAGNO 0001,4922.863,5400.000,477.137,
Contact STARLINK-4030 - MoonIOAGSO,0.000,2902.972,2902.972,
Contact STARLINK-4030 - MoonIOAGSO,4911.924,5400.000,488.076,
Contact STARLINK-4030 - MoonIOAGSO 0001,0.000,2885.594,2885.594,
Contact STARLINK-4030 - MoonIOAGSO 0001,4898.191,5400.000,501.809,
Contact STARLINK-4030 - MoonLRO,0.000,2905.256,2905.256,
Contact STARLINK-4030 - MarsSat1,0.000,5400.000,5400.000,
Contact STARLINK-4030 - MarsSat2,0.000,5400.000,5400.000,
Contact STARLINK-4030 - MarsSat3,0.000,5400.000,5400.000,
Contact STARLINK-4030 - MarsSat4,0.000,5400.000,5400.000,
Contact STARLINK-5416 - STARLINK-3897,0.000,5400.000,5400.000,
Contact STARLINK-5416 - STARLINK-31082,0.000,5400.000,5400.000,
Contact STARLINK-5416 - STARLINK-5951,0.000,5400.000,5400.000,
Contact STARLINK-5416 - STARLINK-3080,0.000,5400.000,5400.000,
Contact STARLINK-5416 - STARLINK-5018,3368.747,3644.001,275.253,
Contact STARLINK-5416 - STARLINK-4776,3169.906,4189.732,1019.826,
Contact STARLINK-5416 - STARLINK-31122,0.000,5400.000,5400.000,
Contact STARLINK-5416 - STARLINK-11130 [DTC],2997.522,3633.678,636.157,
Contact STARLINK-5416 - STARLINK-4429,619.631,4873.695,4254.064,
Contact STARLINK-5416 - STARLINK-2499,3307.165,4294.118,986.952,
Contact STARLINK-5416 - MoonARTEMIS1,0.000,2118.559,2118.559,
Contact STARLINK-5416 - MoonARTEMIS1,4256.837,5400.000,1143.163,
Contact STARLINK-5416 - MoonARTEMIS2,0.000,2129.920,2129.920,
Contact STARLINK-5416 - MoonARTEMIS2,4268.036,5400.000,1131.964,
Contact STARLINK-5416 - MoonIOAGEO,0.000,2122.601,2122.601,
Contact STARLINK-5416 - MoonIOAGEO,4257.460,5400.000,1142.540,
Contact STARLINK-5416 - MoonIOAGNO,0.000,2122.600,2122.600,
Contact STARLINK-5416 - MoonIOAGNO,4257.650,5400.000,1142.350,
Contact STARLINK-5416 - MoonIOAGNO 0001,0.000,2140.905,2140.905,
Contact STARLINK-5416 - MoonIOAGNO 0001,4278.500,5400.000,1121.500,
Contact STARLINK-5416 - MoonIOAGSO,0.000,2121.695,2121.695,
Contact STARLINK-5416 - MoonIOAGSO,4258.554,5400.000,1141.446,
Contact STARLINK-5416 - MoonIOAGSO 0001,0.000,2108.138,2108.138,
Contact STARLINK-5416 - MoonIOAGSO 0001,4242.558,5400.000,1157.442,
Contact STARLINK-5416 - MoonLRO,0.000,2123.167,2123.167,
Contact STARLINK-5416 - MarsSat1,1395.630,5010.882,3615.252,
Contact STARLINK-5416 - MarsSat2,1395.659,5010.909,3615.250,
Contact STARLINK-5416 - MarsSat3,1395.593,5010.840,3615.246,
Contact STARLINK-5416 - MarsSat4,1395.661,5010.921,3615.259,
Contact STARLINK-5067 - STARLINK-2153,0.000,5400.000,5400.000,
Contact STARLINK-5067 - STARLINK-5858,0.000,576.623,576.623,
Contact STARLINK-5067 - STARLINK-5858,4823.239,5400.000,576.761,
Contact STARLINK-5067 - STARLINK-31195,0.000,319.279,319.279,
Contact STARLINK-5067 - STARLINK-31195,5300.383,5400.000,99.617,
Contact STARLINK-5067 - STARLINK-32043,0.000,5400.000,5400.000,
Contact STARLINK-5067 - STARLINK-1136,600.182,5340.487,4740.305,
Contact STARLINK-5067 - STARLINK-5338,0.000,335.216,335.216,
Contact STARLINK-5067 - STARLINK-1572,0.000,227.758,227.758,
Contact STARLINK-5067 - STARLINK-1572,5167.056,5400.000,232.944,
Contact STARLINK-5067 - STARLINK-3750,0.000,301.021,301.021,
Contact STARLINK-5067 - STARLINK-3750,5163.589,5400.000,236.411,
Contact STARLINK-5067 - STARLINK-1605,87.513,5400.000,5312.487,
Contact STARLINK-5067 - STARLINK-3768,0.000,136.495,136.495,
Contact STARLINK-5067 - STARLINK-3768,5150.946,5400.000,249.054,
Contact STARLINK-5067 - MoonARTEMIS1,1359.775,5135.701,3775.925,
Contact STARLINK-5067 - MoonARTEMIS2,1342.049,5117.178,3775.129,
Contact STARLINK-5067 - MoonIOAGEO,1362.541,5132.075,3769.534,
Contact STARLINK-5067 - MoonIOAGNO,1346.019,5128.037,3782.018,
Contact STARLINK-5067 - MoonIOAGNO 0001,1351.799,5113.807,3762.008,
Contact STARLINK-5067 - MoonIOAGSO,1373.443,5136.433,3762.990,
Contact STARLINK-5067 - MoonIOAGSO 0001,1368.251,5154.113,3785.862,
Contact STARLINK-5067 - MoonLRO,1357.208,3880.445,2523.237,
Contact STARLINK-5067 - MarsSat1,0.000,2099.455,2099.455,
Contact STARLINK-5067 - MarsSat1,4007.905,5400.000,1392.095,
Contact STARLINK-5067 - MarsSat2,0.000,2099.392,2099.392,
Contact STARLINK-5067 - MarsSat2,4007.856,5400.000,1392.144,
Contact STARLINK-5067 - MarsSat3,0.000,2099.545,2099.545,
Contact STARLINK-5067 - MarsSat3,4007.981,5400.000,1392.019,
Contact STARLINK-5067 - MarsSat4,0.000,2099.463,2099.463,
Contact STARLINK-5067 - MarsSat4,4007.965,5400.000,1392.035,
Contact STARLINK-1692 - STARLINK-6046,3179.822,4582.661,1402.840,
Contact STARLINK-1692 - STARLINK-1423,0.000,586.427,586.427,
Contact STARLINK-1692 - STARLINK-4257,0.000,5400.000,5400.000,
Contact STARLINK-1692 - STARLINK-2704,3138.844,4424.637,1285.793,
Contact STARLINK-1692 - STARLINK-30925,0.000,606.472,606.472,
Contact STARLINK-1692 - STARLINK-30925,5312.267,5400.000,87.733,
Contact STARLINK-1692 - STARLINK-4494,2847.103,3769.024,921.921,
Contact STARLINK-1692 - STARLINK-3634,2895.609,3601.993,706.383,
Contact STARLINK-1692 - STARLINK-30904,0.000,32.897,32.897,
Contact STARLINK-1692 - STARLINK-30904,4707.921,5400.000,692.079,
Contact STARLINK-1692 - MoonARTEMIS1,0.000,5400.000,5400.000,
Contact STARLINK-1692 - MoonARTEMIS2,0.000,5400.000,5400.000,
Contact STARLINK-1692 - MoonIOAGEO,0.000,5400.000,5400.000,
Contact STARLINK-1692 - MoonIOAGNO,0.000,5400.000,5400.000,
Contact STARLINK-1692 - MoonIOAGNO 0001,0.000,5400.000,5400.000,
Contact STARLINK-1692 - MoonIOAGSO,0.000,5400.000,5400.000,
Contact STARLINK-1692 - MoonIOAGSO 0001,0.000,5400.000,5400.000,
Contact STARLINK-1692 - MoonLRO,0.000,3879.204,3879.204,
Contact STARLINK-1692 - MarsSat1,0.000,3458.573,3458.573,
Contact STARLINK-1692 - MarsSat1,5269.644,5400.000,130.356,
Contact STARLINK-1692 - MarsSat2,0.000,3458.613,3458.613,
Contact STARLINK-1692 - MarsSat2,5269.626,5400.000,130.374,
Contact STARLINK-1692 - MarsSat3,0.000,3458.516,3458.516,
Contact STARLINK-1692 - MarsSat3,5269.670,5400.000,130.330,
Contact STARLINK-1692 - MarsSat4,0.000,3458.637,3458.637,
Contact STARLINK-1692 - MarsSat4,5269.744,5400.000,130.256,
Contact STARLINK-3897 - STARLINK-31082,0.000,5400.000,5400.000,
Contact STARLINK-3897 - STARLINK-3080,0.000,2965.882,2965.882,
Contact STARLINK-3897 - STARLINK-3080,4614.236,5400.000,785.764,
Contact STARLINK-3897 - STARLINK-5018,3342.420,4206.142,863.722,
Contact STARLINK-3897 - STARLINK-5686,2867.451,3703.918,836.467,
Contact STARLINK-3897 - STARLINK-4429,0.000,5400.000,5400.000,
Contact STARLINK-3897 - MoonARTEMIS1,0.000,2149.161,2149.161,
Contact STARLINK-3897 - MoonARTEMIS1,4219.659,5400.000,1180.341,
Contact STARLINK-3897 - MoonARTEMIS2,0.000,2164.010,2164.010,
Contact STARLINK-3897 - MoonARTEMIS2,4224.825,5400.000,1175.175,
Contact STARLINK-3897 - MoonIOAGEO,0.000,2153.335,2153.335,
Contact STARLINK-3897 - MoonIOAGEO,4218.712,5400.000,1181.288,
Contact STARLINK-3897 - MoonIOAGNO,0.000,2155.403,2155.403,
Contact STARLINK-3897 - MoonIOAGNO,4214.593,5400.000,1185.407,
Contact STARLINK-3897 - MoonIOAGNO 0001,0.000,2174.740,2174.740,
Contact STARLINK-3897 - MoonIOAGNO 0001,4239.850,5400.000,1160.150,
Contact STARLINK-3897 - MoonIOAGSO,0.000,2150.894,2150.894,
Contact STARLINK-3897 - MoonIOAGSO,4224.518,5400.000,1175.482,
Contact STARLINK-3897 - MoonIOAGSO 0001,0.000,2136.536,2136.536,
Contact STARLINK-3897 - MoonIOAGSO 0001,4208.558,5400.000,1191.442,
Contact STARLINK-3897 - MoonLRO,0.000,2155.003,2155.003,
Contact STARLINK-3897 - MarsSat1,1267.595,5068.840,3801.245,
Contact STARLINK-3897 - MarsSat2,1267.601,5068.885,3801.284,
Contact STARLINK-3897 - MarsSat3,1267.594,5068.769,3801.175,
Contact STARLINK-3897 - MarsSat4,1267.656,5068.878,3801.222,
Contact STARLINK-6046 - STARLINK-4328,0.000,314.659,314.659,
Contact STARLINK-6046 - STARLINK-4328,5166.956,5400.000,233.044,
Contact STARLINK-6046 - STARLINK-1423,0.000,2874.137,2874.137,
Contact STARLINK-6046 - STARLINK-1423,4666.879,5400.000,733.121,
Contact STARLINK-6046 - STARLINK-5018,0.000,99.882,99.882,
Contact STARLINK-6046 - STARLINK-5018,5099.039,5400.000,300.961,
Contact STARLINK-6046 - STARLINK-4257,560.028,5400.000,4839.972,
Contact STARLINK-6046 - STARLINK-2704,0.000,5400.000,5400.000,
Contact STARLINK-6046 - STARLINK-1605,3510.430,4248.035,737.604,
Contact STARLINK-6046 - STARLINK-30925,4576.425,5400.000,823.575,
Contact STARLINK-6046 - STARLINK-4494,0.000,5400.000,5400.000,
Contact STARLINK-6046 - STARLINK-2499,0.000,152.602,152.602,
Contact STARLINK-6046 - STARLINK-3634,0.000,294.098,294.098,
Contact STARLINK-6046 - STARLINK-3634,4992.654,5400.000,407.346,
Contact STARLINK-6046 - MoonARTEMIS1,0.000,5400.000,5400.000,
Contact STARLINK-6046 - MoonARTEMIS2,0.000,5400.000,5400.000,
Contact STARLINK-6046 - MoonIOAGEO,0.000,5400.000,5400.000,
Contact STARLINK-6046 - MoonIOAGNO,0.000,5400.000,5400.000,
Contact STARLINK-6046 - MoonIOAGNO 0001,0.000,5400.000,5400.000,
Contact STARLINK-6046 - MoonIOAGSO,0.000,5400.000,5400.000,
Contact STARLINK-6046 - MoonIOAGSO 0001,0.000,5400.000,5400.000,
Contact STARLINK-6046 - MoonLRO,0.000,3883.767,3883.767,
Contact STARLINK-6046 - MarsSat1,0.000,3332.807,3332.807,
Contact STARLINK-6046 - MarsSat2,0.000,3332.852,3332.852,
Contact STARLINK-6046 - MarsSat3,0.000,3332.740,3332.740,
Contact STARLINK-6046 - MarsSat4,0.000,3332.816,3332.816,
Contact STARLINK-4070 - STARLINK-2153,3051.381,3856.531,805.149,
Contact STARLINK-4070 - STARLINK-5858,3346.711,4224.203,877.492,
Contact STARLINK-4070 - STARLINK-31195,44.836,5037.183,4992.346,
Contact STARLINK-4070 - STARLINK-5338,0.000,5400.000,5400.000,
Contact STARLINK-4070 - STARLINK-3750,672.506,4883.625,4211.120,
Contact STARLINK-4070 - STARLINK-6363,0.000,5400.000,5400.000,
Contact STARLINK-4070 - STARLINK-2068,3725.509,5400.000,1674.491,
Contact STARLINK-4070 - MoonARTEMIS1,370.200,4132.714,3762.514,
Contact STARLINK-4070 - MoonARTEMIS2,368.780,4145.256,3776.475,
Contact STARLINK-4070 - MoonIOAGEO,380.734,4132.931,3752.197,
Contact STARLINK-4070 - MoonIOAGNO,369.007,4130.327,3761.320,
Contact STARLINK-4070 - MoonIOAGNO 0001,389.299,4159.568,3770.269,
Contact STARLINK-4070 - MoonIOAGSO,383.563,4137.806,3754.243,
Contact STARLINK-4070 - MoonIOAGSO 0001,364.884,4118.860,3753.976,
Contact STARLINK-4070 - MoonLRO,369.182,3905.350,3536.168,
Contact STARLINK-4070 - MarsSat1,0.000,5400.000,5400.000,
Contact STARLINK-4070 - MarsSat2,0.000,5400.000,5400.000,
Contact STARLINK-4070 - MarsSat3,0.000,5400.000,5400.000,
Contact STARLINK-4070 - MarsSat4,0.000,5400.000,5400.000,
Contact STARLINK-31082 - STARLINK-5951,4023.180,5400.000,1376.820,
Contact STARLINK-31082 - STARLINK-3080,0.000,491.873,491.873,
Contact STARLINK-31082 - STARLINK-3080,4698.059,5400.000,701.941,
Contact STARLINK-31082 - STARLINK-5018,3550.368,4169.344,618.977,
Contact STARLINK-31082 - STARLINK-4776,3566.074,4506.724,940.651,
Contact STARLINK-31082 - STARLINK-11130 [DTC],3413.308,3916.615,503.307,
Contact STARLINK-31082 - STARLINK-4429,290.248,4802.899,4512.651,
Contact STARLINK-31082 - MoonARTEMIS1,0.000,2400.994,2400.994,
Contact STARLINK-31082 - MoonARTEMIS1,4547.145,5400.000,852.855,
Contact STARLINK-31082 - MoonARTEMIS2,0.000,2412.569,2412.569,
Contact STARLINK-31082 - MoonARTEMIS2,4553.295,5400.000,846.705,
Contact STARLINK-31082 - MoonIOAGEO,0.000,2404.504,2404.504,
Contact STARLINK-31082 - MoonIOAGEO,4545.953,5400.000,854.047,
Contact STARLINK-31082 - MoonIOAGNO,0.000,2404.573,2404.573,
Contact STARLINK-31082 - MoonIOAGNO,4543.029,5400.000,856.971,
Contact STARLINK-31082 - MoonIOAGNO 0001,0.000,2423.306,2423.306,
Contact STARLINK-31082 - MoonIOAGNO 0001,4566.101,5400.000,833.899,
Contact STARLINK-31082 - MoonIOAGSO,0.000,2403.969,2403.969,
Contact STARLINK-31082 - MoonIOAGSO,4550.885,5400.000,849.115,
Contact STARLINK-31082 - MoonIOAGSO 0001,0.000,2390.318,2390.318,
Contact STARLINK-31082 - MoonIOAGSO 0001,4535.912,5400.000,864.088,
Contact STARLINK-31082 - MoonLRO,0.000,2406.024,2406.024,
Contact STARLINK-31082 - MarsSat1,1622.149,5292.471,3670.322,
Contact STARLINK-31082 - MarsSat2,1622.161,5292.502,3670.341,
Contact STARLINK-31082 - MarsSat3,1622.135,5292.421,3670.286,
Contact STARLINK-31082 - MarsSat4,1622.197,5292.511,3670.314,
Contact STARLINK-5951 - STARLINK-3080,0.000,5400.000,5400.000,
Contact STARLINK-5951 - STARLINK-4776,2908.143,4087.144,1179.001,
Contact STARLINK-5951 - STARLINK-31122,0.000,5400.000,5400.000,
Contact STARLINK-5951 - STARLINK-11130 [DTC],0.000,768.233,768.233,
Contact STARLINK-5951 - STARLINK-2068,0.000,491.750,491.750,
Contact STARLINK-5951 - STARLINK-2499,3302.256,3990.201,687.944,
Contact STARLINK-5951 - MoonARTEMIS1,0.000,2481.986,2481.986,
Contact STARLINK-5951 - MoonARTEMIS1,4299.623,5400.000,1100.377,
Contact STARLINK-5951 - MoonARTEMIS2,0.000,2487.213,2487.213,
Contact STARLINK-5951 - MoonARTEMIS2,4319.040,5400.000,1080.960,
Contact STARLINK-5951 - MoonIOAGEO,0.000,2487.115,2487.115,
Contact STARLINK-5951 - MoonIOAGEO,4301.219,5400.000,1098.781,
Contact STARLINK-5951 - MoonIOAGNO,0.000,2477.803,2477.803,
Contact STARLINK-5951 - MoonIOAGNO,4303.195,5400.000,1096.805,
Contact STARLINK-5951 - MoonIOAGNO 0001,0.000,2507.517,2507.517,
Contact STARLINK-5951 - MoonIOAGNO 0001,4333.284,5400.000,1066.716,
Contact STARLINK-5951 - MoonIOAGSO,0.000,2494.066,2494.066,
Contact STARLINK-5951 - MoonIOAGSO,4300.966,5400.000,1099.034,
Contact STARLINK-5951 - MoonIOAGSO 0001,0.000,2473.354,2473.354,
Contact STARLINK-5951 - MoonIOAGSO 0001,4276.185,5400.000,1123.815,
Contact STARLINK-5951 - MoonLRO,0.000,2484.615,2484.615,
Contact STARLINK-5951 - MarsSat1,1468.797,5274.374,3805.577,
Contact STARLINK-5951 - MarsSat2,1468.839,5274.384,3805.545,
Contact STARLINK-5951 - MarsSat3,1468.741,5274.356,3805.615,
Contact STARLINK-5951 - MarsSat4,1468.832,5274.447,3805.615,
Contact STARLINK-4328 - STARLINK-1423,4798.104,5400.000,601.896,
Contact STARLINK-4328 - STARLINK-3080,3517.355,3889.692,372.336,
Contact STARLINK-4328 - STARLINK-5018,5312.132,5400.000,87.868,
Contact STARLINK-4328 - STARLINK-4776,0.000,481.794,481.794,
Contact STARLINK-4328 - STARLINK-6363,231.567,4848.988,4617.422,
Contact STARLINK-4328 - STARLINK-30925,5005.334,5400.000,394.666,
Contact STARLINK-4328 - STARLINK-4494,4921.910,5400.000,478.090,
Contact STARLINK-4328 - STARLINK-2499,0.000,384.513,384.513,
Contact STARLINK-4328 - STARLINK-3634,0.000,45.979,45.979,
Contact STARLINK-4328 - STARLINK-3634,5223.191,5400.000,176.809,
Contact STARLINK-4328 - MoonARTEMIS1,0.000,5400.000,5400.000,
Contact STARLINK-4328 - MoonARTEMIS2,0.000,5400.000,5400.000,
Contact STARLINK-4328 - MoonIOAGEO,0.000,5400.000,5400.000,
Contact STARLINK-4328 - MoonIOAGNO,0.000,5400.000,5400.000,
Contact STARLINK-4328 - MoonIOAGNO 0001,0.000,5400.000,5400.000,
Contact STARLINK-4328 - MoonIOAGSO,0.000,5400.000,5400.000,
Contact STARLINK-4328 - MoonIOAGSO 0001,0.000,5400.000,5400.000,
Contact STARLINK-4328 - MoonLRO,0.000,3882.966,3882.966,
Contact STARLINK-4328 - MarsSat1,0.000,5400.000,5400.000,
Contact STARLINK-4328 - MarsSat2,0.000,5400.000,5400.000,
Contact STARLINK-4328 - MarsSat3,0.000,5400.000,5400.000,
Contact STARLINK-4328 - MarsSat4,0.000,5400.000,5400.000,
Contact STARLINK-1423 - STARLINK-1136,3230.704,3631.399,400.696,
Contact STARLINK-1423 - STARLINK-31006,3012.774,3847.728,834.954,
Contact STARLINK-1423 - STARLINK-30925,0.000,5400.000,5400.000,
Contact STARLINK-1423 - STARLINK-4494,0.000,5400.000,5400.000,
Contact STARLINK-1423 - STARLINK-30904,527.258,4703.262,4176.003,
Contact STARLINK-1423 - MoonARTEMIS1,1826.191,5400.000,3573.809,
Contact STARLINK-1423 - MoonARTEMIS2,0.000,5400.000,5400.000,
Contact STARLINK-1423 - MoonIOAGEO,0.000,5400.000,5400.000,
Contact STARLINK-1423 - MoonIOAGNO,0.000,5400.000,5400.000,
Contact STARLINK-1423 - MoonIOAGNO 0001,0.000,5400.000,5400.000,
Contact STARLINK-1423 - MoonIOAGSO,0.000,5400.000,5400.000,
Contact STARLINK-1423 - MoonIOAGSO 0001,1805.763,5400.000,3594.237,
Contact STARLINK-1423 - MoonLRO,1832.798,3914.529,2081.731,
Contact STARLINK-1423 - MarsSat1,0.000,2843.016,2843.016,
Contact STARLINK-1423 - MarsSat1,4784.971,5400.000,615.029,
Contact STARLINK-1423 - MarsSat2,0.000,2843.039,2843.039,
Contact STARLINK-1423 - MarsSat2,4785.022,5400.000,614.978,
Contact STARLINK-1423 - MarsSat3,0.000,2842.985,2842.985,
Contact STARLINK-1423 - MarsSat3,4784.893,5400.000,615.107,
Contact STARLINK-1423 - MarsSat4,0.000,2843.074,2843.074,
Contact STARLINK-1423 - MarsSat4,4784.992,5400.000,615.008,
Contact STARLINK-2153 - STARLINK-5858,0.000,5400.000,5400.000,
Contact STARLINK-2153 - STARLINK-31195,0.000,602.738,602.738,
Contact STARLINK-2153 - STARLINK-31195,5382.783,5400.000,17.217,
Contact STARLINK-2153 - STARLINK-32043,0.000,5400.000,5400.000,
Contact STARLINK-2153 - STARLINK-1136,4309.185,5400.000,1090.815,
Contact STARLINK-2153 - STARLINK-5338,0.000,583.686,583.686,
Contact STARLINK-2153 - STARLINK-1572,0.000,457.638,457.638,
Contact STARLINK-2153 - STARLINK-1572,5223.757,5400.000,176.243,
Contact STARLINK-2153 - STARLINK-3750,0.000,529.517,529.517,
Contact STARLINK-2153 - STARLINK-3750,5184.692,5400.000,215.308,
Contact STARLINK-2153 - STARLINK-6363,3311.725,4139.312,827.587,
Contact STARLINK-2153 - STARLINK-1605,3969.118,5400.000,1430.882,
Contact STARLINK-2153 - STARLINK-3768,0.000,361.885,361.885,
Contact STARLINK-2153 - STARLINK-3768,5224.128,5400.000,175.872,
Contact STARLINK-2153 - MoonARTEMIS1,961.055,5087.168,4126.113,
Contact STARLINK-2153 - MoonARTEMIS2,954.437,5058.218,4103.781,
Contact STARLINK-2153 - MoonIOAGEO,973.605,5079.718,4106.113,
Contact STARLINK-2153 - MoonIOAGNO,953.933,5070.784,4116.851,
Contact STARLINK-2153 - MoonIOAGNO 0001,982.709,5058.638,4075.928,
Contact STARLINK-2153 - MoonIOAGSO,982.317,5090.510,4108.193,
Contact STARLINK-2153 - MoonIOAGSO 0001,955.732,5114.472,4158.740,
Contact STARLINK-2153 - MoonLRO,960.967,3887.355,2926.387,
Contact STARLINK-2153 - MarsSat1,0.000,5400.000,5400.000,
Contact STARLINK-2153 - MarsSat2,0.000,5400.000,5400.000,
Contact STARLINK-2153 - MarsSat3,0.000,5400.000,5400.000,
Contact STARLINK-2153 - MarsSat4,0.000,5400.000,5400.000,
Contact STARLINK-3080 - STARLINK-4776,3330.853,3883.270,552.417,
Contact STARLINK-3080 - STARLINK-11130 [DTC],2992.321,3742.492,750.172,
Contact STARLINK-3080 - STARLINK-2068,2940.624,3664.928,724.304,
Contact STARLINK-3080 - MoonARTEMIS1,0.000,2358.785,2358.785,
Contact STARLINK-3080 - MoonARTEMIS1,4289.940,5400.000,1110.060,
Contact STARLINK-3080 - MoonARTEMIS2,0.000,2377.703,2377.703,
Contact STARLINK-3080 - MoonARTEMIS2,4310.151,5400.000,1089.849,
Contact STARLINK-3080 - MoonIOAGEO,0.000,2362.908,2362.908,
Contact STARLINK-3080 - MoonIOAGEO,4293.403,5400.000,1106.597,
Contact STARLINK-3080 - MoonIOAGNO,0.000,2367.237,2367.237,
Contact STARLINK-3080 - MoonIOAGNO,4300.903,5400.000,1099.097,
Contact STARLINK-3080 - MoonIOAGNO 0001,0.000,2388.478,2388.478,
Contact STARLINK-3080 - MoonIOAGNO 0001,4312.293,5400.000,1087.707,
Contact STARLINK-3080 - MoonIOAGSO,0.000,2358.873,2358.873,
Contact STARLINK-3080 - MoonIOAGSO,4285.835,5400.000,1114.165,
Contact STARLINK-3080 - MoonIOAGSO 0001,0.000,2342.955,2342.955,
Contact STARLINK-3080 - MoonIOAGSO 0001,4271.459,5400.000,1128.541,
Contact STARLINK-3080 - MoonLRO,0.000,2366.738,2366.738,
Contact STARLINK-3080 - MarsSat1,1555.090,5328.285,3773.194,
Contact STARLINK-3080 - MarsSat2,1555.145,5328.326,3773.180,
Contact STARLINK-3080 - MarsSat3,1555.013,5328.219,3773.206,
Contact STARLINK-3080 - MarsSat4,1555.091,5328.314,3773.222,
Contact STARLINK-5858 - STARLINK-31195,0.000,3735.714,3735.714,
Contact STARLINK-5858 - STARLINK-32043,0.000,3190.099,3190.099,
Contact STARLINK-5858 - STARLINK-32043,4470.449,5400.000,929.551,
Contact STARLINK-5858 - STARLINK-1136,0.000,236.184,236.184,
Contact STARLINK-5858 - STARLINK-1136,4712.995,5400.000,687.005,
Contact STARLINK-5858 - STARLINK-31006,4989.282,5400.000,410.718,
Contact STARLINK-5858 - STARLINK-5338,2933.811,3756.423,822.613,
Contact STARLINK-5858 - STARLINK-1572,0.000,749.268,749.268,
Contact STARLINK-5858 - STARLINK-32097,2573.203,5400.000,2826.797,
Contact STARLINK-5858 - STARLINK-3750,0.000,5400.000,5400.000,
Contact STARLINK-5858 - STARLINK-1605,0.000,3002.980,3002.980,
Contact STARLINK-5858 - STARLINK-1605,4518.416,5400.000,881.584,
Contact STARLINK-5858 - STARLINK-3768,0.000,589.956,589.956,
Contact STARLINK-5858 - MoonARTEMIS1,682.090,5004.214,4322.124,
Contact STARLINK-5858 - MoonARTEMIS2,702.256,4980.178,4277.922,
Contact STARLINK-5858 - MoonIOAGEO,696.053,4992.838,4296.785,
Contact STARLINK-5858 - MoonIOAGNO,696.870,4977.934,4281.064,
Contact STARLINK-5858 - MoonIOAGNO 0001,730.320,4996.050,4265.730,
Contact STARLINK-5858 - MoonIOAGSO,687.570,5014.051,4326.482,
Contact STARLINK-5858 - MoonIOAGSO 0001,657.910,5021.279,4363.370,
Contact STARLINK-5858 - MoonLRO,682.647,3902.108,3219.461,
Contact STARLINK-5858 - MarsSat1,0.000,5400.000,5400.000,
Contact STARLINK-5858 - MarsSat2,0.000,5400.000,5400.000,
Contact STARLINK-5858 - MarsSat3,0.000,5400.000,5400.000,
Contact STARLINK-5858 - MarsSat4,0.000,5400.000,5400.000,
Contact STARLINK-31195 - STARLINK-5338,0.000,5400.000,5400.000,
Contact STARLINK-31195 - STARLINK-1572,0.000,5400.000,5400.000,
Contact STARLINK-31195 - STARLINK-3750,0.000,5400.000,5400.000,
Contact STARLINK-31195 - STARLINK-2068,536.381,4804.037,4267.656,
Contact STARLINK-31195 - STARLINK-3768,0.000,5400.000,5400.000,
Contact STARLINK-31195 - MoonARTEMIS1,183.986,3673.984,3489.998,
Contact STARLINK-31195 - MoonARTEMIS2,192.518,3684.960,3492.443,
Contact STARLINK-31195 - MoonIOAGEO,190.842,3675.253,3484.411,
Contact STARLINK-31195 - MoonIOAGNO,191.186,3674.619,3483.433,
Contact STARLINK-31195 - MoonIOAGNO 0001,204.928,3694.945,3490.018,
Contact STARLINK-31195 - MoonIOAGSO,186.645,3677.017,3490.373,
Contact STARLINK-31195 - MoonIOAGSO 0001,174.617,3662.783,3488.166,
Contact STARLINK-31195 - MoonLRO,183.236,3677.645,3494.409,
Contact STARLINK-31195 - MarsSat1,0.000,5400.000,5400.000,
Contact STARLINK-31195 - MarsSat2,0.000,5400.000,5400.000,
Contact STARLINK-31195 - MarsSat3,0.000,5400.000,5400.000,
Contact STARLINK-31195 - MarsSat4,0.000,5400.000,5400.000,
Contact STARLINK-5018 - STARLINK-4776,4722.474,5400.000,677.526,
Contact STARLINK-5018 - STARLINK-5686,653.080,5001.613,4348.533,
Contact STARLINK-5018 - STARLINK-31122,0.000,686.410,686.410,
Contact STARLINK-5018 - STARLINK-4429,3286.100,4007.613,721.512,
Contact STARLINK-5018 - STARLINK-4257,0.000,604.684,604.684,
Contact STARLINK-5018 - STARLINK-2704,0.000,535.364,535.364,
Contact STARLINK-5018 - STARLINK-2704,5170.329,5400.000,229.671,
Contact STARLINK-5018 - STARLINK-2499,0.000,5400.000,5400.000,
Contact STARLINK-5018 - STARLINK-3634,0.000,5400.000,5400.000,
Contact STARLINK-5018 - MoonARTEMIS1,0.000,2348.748,2348.748,
Contact STARLINK-5018 - MoonARTEMIS1,4084.509,5400.000,1315.491,
Contact STARLINK-5018 - MoonARTEMIS2,0.000,2323.375,2323.375,
Contact STARLINK-5018 - MoonARTEMIS2,4072.678,5400.000,1327.322,
Contact STARLINK-5018 - MoonIOAGEO,0.000,2348.205,2348.205,
Contact STARLINK-5018 - MoonIOAGEO,4080.571,5400.000,1319.429,
Contact STARLINK-5018 - MoonIOAGNO,0.000,2329.484,2329.484,
Contact STARLINK-5018 - MoonIOAGNO,4067.120,5400.000,1332.880,
Contact STARLINK-5018 - MoonIOAGNO 0001,0.000,2326.876,2326.876,
Contact STARLINK-5018 - MoonIOAGNO 0001,4093.400,5400.000,1306.600,
Contact STARLINK-5018 - MoonIOAGSO,0.000,2362.989,2362.989,
Contact STARLINK-5018 - MoonIOAGSO,4095.642,5400.000,1304.358,
Contact STARLINK-5018 - MoonIOAGSO 0001,0.000,2369.340,2369.340,
Contact STARLINK-5018 - MoonIOAGSO 0001,4084.134,5400.000,1315.866,
Contact STARLINK-5018 - MoonLRO,0.000,2338.779,2338.779,
Contact STARLINK-5018 - MarsSat1,958.944,4957.832,3998.888,
Contact STARLINK-5018 - MarsSat2,958.920,4957.759,3998.839,
Contact STARLINK-5018 - MarsSat3,958.987,4957.943,3998.956,
Contact STARLINK-5018 - MarsSat4,959.022,4957.895,3998.872,
Contact STARLINK-4776 - STARLINK-31122,2879.951,3824.617,944.666,
Contact STARLINK-4776 - STARLINK-11130 [DTC],0.000,3422.603,3422.603,
Contact STARLINK-4776 - STARLINK-11130 [DTC],4024.361,5400.000,1375.639,
Contact STARLINK-4776 - STARLINK-2068,4377.449,5400.000,1022.551,
Contact STARLINK-4776 - STARLINK-2499,0.000,5400.000,5400.000,
Contact STARLINK-4776 - MoonARTEMIS1,0.000,2945.096,2945.096,
Contact STARLINK-4776 - MoonARTEMIS1,5030.898,5400.000,369.102,
Contact STARLINK-4776 - MoonARTEMIS2,0.000,2929.705,2929.705,
Contact STARLINK-4776 - MoonARTEMIS2,5016.651,5400.000,383.349,
Contact STARLINK-4776 - MoonIOAGEO,0.000,2944.305,2944.305,
Contact STARLINK-4776 - MoonIOAGEO,5025.221,5400.000,374.779,
Contact STARLINK-4776 - MoonIOAGNO,0.000,2932.977,2932.977,
Contact STARLINK-4776 - MoonIOAGNO,5018.042,5400.000,381.958,
Contact STARLINK-4776 - MoonIOAGNO 0001,0.000,2933.802,2933.802,
Contact STARLINK-4776 - MoonIOAGNO 0001,5025.580,5400.000,374.420,
Contact STARLINK-4776 - MoonIOAGSO,0.000,2953.862,2953.862,
Contact STARLINK-4776 - MoonIOAGSO,5034.870,5400.000,365.130,
Contact STARLINK-4776 - MoonIOAGSO 0001,0.000,2956.982,2956.982,
Contact STARLINK-4776 - MoonIOAGSO 0001,5037.906,5400.000,362.094,
Contact STARLINK-4776 - MoonLRO,0.000,2936.890,2936.890,
Contact STARLINK-4776 - MarsSat1,1983.815,5400.000,3416.185,
Contact STARLINK-4776 - MarsSat2,1983.776,5400.000,3416.224,
Contact STARLINK-4776 - MarsSat3,1983.875,5400.000,3416.125,
Contact STARLINK-4776 - MarsSat4,1983.863,5400.000,3416.137,
Contact STARLINK-5686 - STARLINK-31122,5258.494,5400.000,141.506,
Contact STARLINK-5686 - STARLINK-4429,0.000,3644.920,3644.920,
Contact STARLINK-5686 - STARLINK-4257,0.000,160.702,160.702,
Contact STARLINK-5686 - STARLINK-4257,4967.657,5400.000,432.343,
Contact STARLINK-5686 - STARLINK-2704,4651.510,5400.000,748.490,
Contact STARLINK-5686 - STARLINK-30925,470.687,5383.455,4912.767,
Contact STARLINK-5686 - MoonARTEMIS1,0.000,5400.000,5400.000,
Contact STARLINK-5686 - MoonARTEMIS2,0.000,5400.000,5400.000,
Contact STARLINK-5686 - MoonIOAGEO,0.000,5400.000,5400.000,
Contact STARLINK-5686 - MoonIOAGNO,0.000,5400.000,5400.000,
Contact STARLINK-5686 - MoonIOAGNO 0001,0.000,5400.000,5400.000,
Contact STARLINK-5686 - MoonIOAGSO,0.000,5400.000,5400.000,
Contact STARLINK-5686 - MoonIOAGSO 0001,0.000,5400.000,5400.000,
Contact STARLINK-5686 - MoonLRO,0.000,3918.735,3918.735,
Contact STARLINK-5686 - MarsSat1,493.770,4166.644,3672.874,
Contact STARLINK-5686 - MarsSat2,493.735,4166.603,3672.868,
Contact STARLINK-5686 - MarsSat3,493.823,4166.708,3672.885,
Contact STARLINK-5686 - MarsSat4,493.812,4166.693,3672.881,
Contact STARLINK-31122 - STARLINK-4257,3558.073,4442.734,884.661,
Contact STARLINK-31122 - STARLINK-2704,0.000,1973.714,1973.714,
Contact STARLINK-31122 - STARLINK-2499,0.000,4027.623,4027.623,
Contact STARLINK-31122 - MoonARTEMIS1,0.000,1626.769,1626.769,
Contact STARLINK-31122 - MoonARTEMIS1,3716.389,5400.000,1683.611,
Contact STARLINK-31122 - MoonARTEMIS2,0.000,1640.491,1640.491,
Contact STARLINK-31122 - MoonARTEMIS2,3731.140,5400.000,1668.860,
Contact STARLINK-31122 - MoonIOAGEO,0.000,1631.663,1631.663,
Contact STARLINK-31122 - MoonIOAGEO,3718.220,5400.000,1681.780,
Contact STARLINK-31122 - MoonIOAGNO,0.000,1633.608,1633.608,
Contact STARLINK-31122 - MoonIOAGNO,3721.699,5400.000,1678.301,
Contact STARLINK-31122 - MoonIOAGNO 0001,0.000,1651.180,1651.180,
Contact STARLINK-31122 - MoonIOAGNO 0001,3739.424,5400.000,1660.576,
Contact STARLINK-31122 - MoonIOAGSO,0.000,1628.558,1628.558,
Contact STARLINK-31122 - MoonIOAGSO,3715.563,5400.000,1684.437,
Contact STARLINK-31122 - MoonIOAGSO 0001,0.000,1615.280,1615.280,
Contact STARLINK-31122 - MoonIOAGSO 0001,3700.480,5400.000,1699.520,
Contact STARLINK-31122 - MoonLRO,0.000,1630.855,1630.855,
Contact STARLINK-31122 - MarsSat1,906.172,4537.302,3631.129,
Contact STARLINK-31122 - MarsSat2,906.211,4537.333,3631.122,
Contact STARLINK-31122 - MarsSat3,906.122,4537.254,3631.132,
Contact STARLINK-31122 - MarsSat4,906.193,4537.337,3631.144,
Contact STARLINK-11130 [DTC] - STARLINK-2068,0.000,5400.000,5400.000,
Contact STARLINK-11130 [DTC] - STARLINK-2499,0.000,158.693,158.693,
Contact STARLINK-11130 [DTC] - STARLINK-2499,4622.424,5400.000,777.576,
Contact STARLINK-11130 [DTC] - MoonARTEMIS1,0.000,2757.886,2757.886,
Contact STARLINK-11130 [DTC] - MoonARTEMIS1,4943.703,5400.000,456.297,
Contact STARLINK-11130 [DTC] - MoonARTEMIS2,0.000,2748.492,2748.492,
Contact STARLINK-11130 [DTC] - MoonARTEMIS2,4929.898,5400.000,470.102,
Contact STARLINK-11130 [DTC] - MoonIOAGEO,0.000,2758.663,2758.663,
Contact STARLINK-11130 [DTC] - MoonIOAGEO,4938.977,5400.000,461.023,
Contact STARLINK-11130 [DTC] - MoonIOAGNO,0.000,2748.027,2748.027,
Contact STARLINK-11130 [DTC] - MoonIOAGNO,4932.611,5400.000,467.389,
Contact STARLINK-11130 [DTC] - MoonIOAGNO 0001,0.000,2757.221,2757.221,
Contact STARLINK-11130 [DTC] - MoonIOAGNO 0001,4936.760,5400.000,463.240,
Contact STARLINK-11130 [DTC] - MoonIOAGSO,0.000,2767.358,2767.358,
Contact STARLINK-11130 [DTC] - MoonIOAGSO,4947.138,5400.000,452.862,
Contact STARLINK-11130 [DTC] - MoonIOAGSO 0001,0.000,2763.320,2763.320,
Contact STARLINK-11130 [DTC] - MoonIOAGSO 0001,4951.190,5400.000,448.810,
Contact STARLINK-11130 [DTC] - MoonLRO,0.000,2753.147,2753.147,
Contact STARLINK-11130 [DTC] - MarsSat1,2007.484,5356.971,3349.486,
Contact STARLINK-11130 [DTC] - MarsSat2,2007.443,5356.938,3349.495,
Contact STARLINK-11130 [DTC] - MarsSat3,2007.547,5357.021,3349.475,
Contact STARLINK-11130 [DTC] - MarsSat4,2007.517,5357.024,3349.507,
Contact STARLINK-32043 - STARLINK-1136,0.000,5400.000,5400.000,
Contact STARLINK-32043 - STARLINK-32097,0.000,437.035,437.035,
Contact STARLINK-32043 - STARLINK-32097,5290.916,5400.000,109.084,
Contact STARLINK-32043 - STARLINK-3750,0.000,106.647,106.647,
Contact STARLINK-32043 - STARLINK-3750,5265.921,5400.000,134.079,
Contact STARLINK-32043 - STARLINK-1605,0.000,5400.000,5400.000,
Contact STARLINK-32043 - MoonARTEMIS1,1629.001,5045.834,3416.832,
Contact STARLINK-32043 - MoonARTEMIS2,1616.167,5032.741,3416.574,
Contact STARLINK-32043 - MoonIOAGEO,1631.402,5041.298,3409.896,
Contact STARLINK-32043 - MoonIOAGNO,1618.657,5035.622,3416.965,
Contact STARLINK-32043 - MoonIOAGNO 0001,1625.383,5036.509,3411.126,
Contact STARLINK-32043 - MoonIOAGSO,1639.854,5048.940,3409.085,
Contact STARLINK-32043 - MoonIOAGSO 0001,1634.460,5056.227,3421.767,
Contact STARLINK-32043 - MoonLRO,1626.625,3884.683,2258.058,
Contact STARLINK-32043 - MarsSat1,0.000,2101.756,2101.756,
Contact STARLINK-32043 - MarsSat1,4236.018,5400.000,1163.982,
Contact STARLINK-32043 - MarsSat2,0.000,2101.713,2101.713,
Contact STARLINK-32043 - MarsSat2,4235.981,5400.000,1164.019,
Contact STARLINK-32043 - MarsSat3,0.000,2101.820,2101.820,
Contact STARLINK-32043 - MarsSat3,4236.074,5400.000,1163.926,
Contact STARLINK-32043 - MarsSat4,0.000,2101.787,2101.787,
Contact STARLINK-32043 - MarsSat4,4236.064,5400.000,1163.936,
Contact STARLINK-1136 - STARLINK-31006,0.000,5400.000,5400.000,
Contact STARLINK-1136 - STARLINK-4429,4905.039,5400.000,494.961,
Contact STARLINK-1136 - STARLINK-32097,0.000,591.391,591.391,
Contact STARLINK-1136 - STARLINK-32097,5319.564,5400.000,80.436,
Contact STARLINK-1136 - STARLINK-1605,0.000,5400.000,5400.000,
Contact STARLINK-1136 - STARLINK-4494,3345.246,4028.016,682.770,
Contact STARLINK-1136 - MoonARTEMIS1,1889.978,5400.000,3510.022,
Contact STARLINK-1136 - MoonARTEMIS2,1876.739,5400.000,3523.261,
Contact STARLINK-1136 - MoonIOAGEO,1891.736,5400.000,3508.264,
Contact STARLINK-1136 - MoonIOAGNO,1879.377,5400.000,3520.623,
Contact STARLINK-1136 - MoonIOAGNO 0001,1885.470,5400.000,3514.530,
Contact STARLINK-1136 - MoonIOAGSO,1900.287,5400.000,3499.713,
Contact STARLINK-1136 - MoonIOAGSO 0001,1895.889,5400.000,3504.111,
Contact STARLINK-1136 - MoonLRO,1886.700,3891.113,2004.413,
Contact STARLINK-1136 - MarsSat1,0.000,2448.288,2448.288,
Contact STARLINK-1136 - MarsSat1,4576.843,5400.000,823.157,
Contact STARLINK-1136 - MarsSat2,0.000,2448.247,2448.247,
Contact STARLINK-1136 - MarsSat2,4576.805,5400.000,823.195,
Contact STARLINK-1136 - MarsSat3,0.000,2448.349,2448.349,
Contact STARLINK-1136 - MarsSat3,4576.901,5400.000,823.099,
Contact STARLINK-1136 - MarsSat4,0.000,2448.322,2448.322,
Contact STARLINK-1136 - MarsSat4,4576.888,5400.000,823.112,
Contact STARLINK-31006 - STARLINK-4429,5183.071,5400.000,216.929,
Contact STARLINK-31006 - STARLINK-32097,0.000,540.615,540.615,
Contact STARLINK-31006 - STARLINK-32097,5388.617,5400.000,11.383,
Contact STARLINK-31006 - STARLINK-1605,0.000,5400.000,5400.000,
Contact STARLINK-31006 - STARLINK-4494,3261.107,4163.615,902.509,
Contact STARLINK-31006 - STARLINK-30904,0.000,625.116,625.116,
Contact STARLINK-31006 - STARLINK-30904,5067.741,5400.000,332.259,
Contact STARLINK-31006 - MoonARTEMIS1,0.000,5400.000,5400.000,
Contact STARLINK-31006 - MoonARTEMIS2,0.000,5400.000,5400.000,
Contact STARLINK-31006 - MoonIOAGEO,0.000,5400.000,5400.000,
Contact STARLINK-31006 - MoonIOAGNO,0.000,5400.000,5400.000,
Contact STARLINK-31006 - MoonIOAGNO 0001,0.000,5400.000,5400.000,
Contact STARLINK-31006 - MoonIOAGSO,0.000,5400.000,5400.000,
Contact STARLINK-31006 - MoonIOAGSO 0001,0.000,5400.000,5400.000,
Contact STARLINK-31006 - MoonLRO,0.000,3894.360,3894.360,
Contact STARLINK-31006 - MarsSat1,0.000,2703.661,2703.661,
Contact STARLINK-31006 - MarsSat1,4843.798,5400.000,556.202,
Contact STARLINK-31006 - MarsSat2,0.000,2703.630,2703.630,
Contact STARLINK-31006 - MarsSat2,4843.764,5400.000,556.236,
Contact STARLINK-31006 - MarsSat3,0.000,2703.710,2703.710,
Contact STARLINK-31006 - MarsSat3,4843.850,5400.000,556.150,
Contact STARLINK-31006 - MarsSat4,0.000,2703.707,2703.707,
Contact STARLINK-31006 - MarsSat4,4843.850,5400.000,556.150,
Contact STARLINK-4429 - STARLINK-2499,3554.345,4275.823,721.478,
Contact STARLINK-4429 - STARLINK-3634,3490.106,3776.259,286.153,
Contact STARLINK-4429 - STARLINK-30904,0.000,319.115,319.115,
Contact STARLINK-4429 - MoonARTEMIS1,0.000,2624.602,2624.602,
Contact STARLINK-4429 - MoonARTEMIS1,4509.841,5400.000,890.159,
Contact STARLINK-4429 - MoonARTEMIS2,0.000,2647.331,2647.331,
Contact STARLINK-4429 - MoonARTEMIS2,4528.875,5400.000,871.125,
Contact STARLINK-4429 - MoonIOAGEO,0.000,2625.553,2625.553,
Contact STARLINK-4429 - MoonIOAGEO,4511.713,5400.000,888.287,
Contact STARLINK-4429 - MoonIOAGNO,0.000,2640.572,2640.572,
Contact STARLINK-4429 - MoonIOAGNO,4514.581,5400.000,885.419,
Contact STARLINK-4429 - MoonIOAGNO 0001,0.000,2640.864,2640.864,
Contact STARLINK-4429 - MoonIOAGNO 0001,4538.874,5400.000,861.126,
Contact STARLINK-4429 - MoonIOAGSO,0.000,2613.851,2613.851,
Contact STARLINK-4429 - MoonIOAGSO,4510.199,5400.000,889.801,
Contact STARLINK-4429 - MoonIOAGSO 0001,0.000,2610.934,2610.934,
Contact STARLINK-4429 - MoonIOAGSO 0001,4488.717,5400.000,911.283,
Contact STARLINK-4429 - MoonLRO,0.000,2634.787,2634.787,
Contact STARLINK-4429 - MarsSat1,0.000,5400.000,5400.000,
Contact STARLINK-4429 - MarsSat2,0.000,5400.000,5400.000,
Contact STARLINK-4429 - MarsSat3,0.000,5400.000,5400.000,
Contact STARLINK-4429 - MarsSat4,0.000,5400.000,5400.000,
Contact STARLINK-4257 - STARLINK-2704,0.000,5400.000,5400.000,
Contact STARLINK-4257 - STARLINK-30925,0.000,447.715,447.715,
Contact STARLINK-4257 - STARLINK-30925,5216.312,5400.000,183.688,
Contact STARLINK-4257 - STARLINK-3634,0.000,3688.803,3688.803,
Contact STARLINK-4257 - STARLINK-30904,4687.509,5400.000,712.491,
Contact STARLINK-4257 - MoonARTEMIS1,0.000,5400.000,5400.000,
Contact STARLINK-4257 - MoonARTEMIS2,0.000,5400.000,5400.000,
Contact STARLINK-4257 - MoonIOAGEO,0.000,5400.000,5400.000,
Contact STARLINK-4257 - MoonIOAGNO,0.000,5400.000,5400.000,
Contact STARLINK-4257 - MoonIOAGNO 0001,0.000,5400.000,5400.000,
Contact STARLINK-4257 - MoonIOAGSO,0.000,5400.000,5400.000,
Contact STARLINK-4257 - MoonIOAGSO 0001,0.000,5400.000,5400.000,
Contact STARLINK-4257 - MoonLRO,0.000,3877.692,3877.692,
Contact STARLINK-4257 - MarsSat1,184.901,3839.436,3654.536,
Contact STARLINK-4257 - MarsSat2,184.921,3839.477,3654.556,
Contact STARLINK-4257 - MarsSat3,184.880,3839.376,3654.496,
Contact STARLINK-4257 - MarsSat4,184.940,3839.466,3654.527,
Contact STARLINK-5338 - STARLINK-1572,0.000,5400.000,5400.000,
Contact STARLINK-5338 - STARLINK-32097,3550.044,4184.632,634.588,
Contact STARLINK-5338 - STARLINK-3750,0.000,5400.000,5400.000,
Contact STARLINK-5338 - STARLINK-6363,4964.354,5400.000,435.646,
Contact STARLINK-5338 - STARLINK-2068,3684.248,5400.000,1715.752,
Contact STARLINK-5338 - STARLINK-3768,0.000,5400.000,5400.000,
Contact STARLINK-5338 - MoonARTEMIS1,101.116,3948.657,3847.541,
Contact STARLINK-5338 - MoonARTEMIS2,111.463,3970.440,3858.977,
Contact STARLINK-5338 - MoonIOAGEO,111.408,3951.278,3839.869,
Contact STARLINK-5338 - MoonIOAGNO,110.101,3956.003,3845.902,
Contact STARLINK-5338 - MoonIOAGNO 0001,129.750,3977.401,3847.651,
Contact STARLINK-5338 - MoonIOAGSO,106.508,3948.281,3841.772,
Contact STARLINK-5338 - MoonIOAGSO 0001,89.014,3930.177,3841.163,
Contact STARLINK-5338 - MoonLRO,99.819,3920.044,3820.225,
Contact STARLINK-5338 - MarsSat1,0.000,5400.000,5400.000,
Contact STARLINK-5338 - MarsSat2,0.000,5400.000,5400.000,
Contact STARLINK-5338 - MarsSat3,0.000,5400.000,5400.000,
Contact STARLINK-5338 - MarsSat4,0.000,5400.000,5400.000,
Contact STARLINK-1572 - STARLINK-3750,0.000,5400.000,5400.000,
Contact STARLINK-1572 - STARLINK-2068,612.428,4703.082,4090.654,
Contact STARLINK-1572 - STARLINK-3768,0.000,5400.000,5400.000,
Contact STARLINK-1572 - MoonARTEMIS2,89.826,3605.406,3515.580,
Contact STARLINK-1572 - MoonIOAGNO 0001,99.692,3613.710,3514.019,
Contact STARLINK-1572 - MarsSat1,0.000,5400.000,5400.000,
Contact STARLINK-1572 - MarsSat2,0.000,5400.000,5400.000,
Contact STARLINK-1572 - MarsSat3,0.000,5400.000,5400.000,
Contact STARLINK-1572 - MarsSat4,0.000,5400.000,5400.000,
Contact STARLINK-32097 - STARLINK-1605,0.000,430.498,430.498,
Contact STARLINK-32097 - STARLINK-1605,5198.382,5400.000,201.618,
Contact STARLINK-32097 - STARLINK-30904,3200.125,3918.437,718.311,
Contact STARLINK-32097 - MoonARTEMIS1,954.568,4688.139,3733.571,
Contact STARLINK-32097 - MoonARTEMIS2,975.717,4699.559,3723.841,
Contact STARLINK-32097 - MoonIOAGEO,958.004,4686.130,3728.126,
Contact STARLINK-32097 - MoonIOAGNO,970.586,4681.846,3711.260,
Contact STARLINK-32097 - MoonIOAGNO 0001,983.802,4716.212,3732.410,
Contact STARLINK-32097 - MoonIOAGSO,946.259,4694.572,3748.314,
Contact STARLINK-32097 - MoonIOAGSO 0001,936.420,4673.067,3736.647,
Contact STARLINK-32097 - MoonLRO,956.257,3919.847,2963.590,
Contact STARLINK-32097 - MarsSat1,0.000,1866.114,1866.114,
Contact STARLINK-32097 - MarsSat1,3850.745,5400.000,1549.255,
Contact STARLINK-32097 - MarsSat2,0.000,1866.137,1866.137,
Contact STARLINK-32097 - MarsSat2,3850.794,5400.000,1549.206,
Contact STARLINK-32097 - MarsSat3,0.000,1866.084,1866.084,
Contact STARLINK-32097 - MarsSat3,3850.672,5400.000,1549.328,
Contact STARLINK-32097 - MarsSat4,0.000,1866.164,1866.164,
Contact STARLINK-32097 - MarsSat4,3850.769,5400.000,1549.231,
Contact STARLINK-2704 - STARLINK-30925,5050.313,5400.000,349.687,
Contact STARLINK-2704 - STARLINK-2499,0.000,720.028,720.028,
Contact STARLINK-2704 - STARLINK-3634,0.000,5400.000,5400.000,
Contact STARLINK-2704 - MoonARTEMIS1,0.000,5400.000,5400.000,
Contact STARLINK-2704 - MoonARTEMIS2,0.000,5400.000,5400.000,
Contact STARLINK-2704 - MoonIOAGEO,0.000,5400.000,5400.000,
Contact STARLINK-2704 - MoonIOAGNO,0.000,5400.000,5400.000,
Contact STARLINK-2704 - MoonIOAGNO 0001,0.000,5400.000,5400.000,
Contact STARLINK-2704 - MoonIOAGSO,0.000,5400.000,5400.000,
Contact STARLINK-2704 - MoonIOAGSO 0001,0.000,5400.000,5400.000,
Contact STARLINK-2704 - MoonLRO,0.000,3880.848,3880.848,
Contact STARLINK-2704 - MarsSat1,346.171,3750.762,3404.591,
Contact STARLINK-2704 - MarsSat2,346.205,3750.794,3404.589,
Contact STARLINK-2704 - MarsSat3,346.129,3750.715,3404.587,
Contact STARLINK-2704 - MarsSat4,346.192,3750.792,3404.600,
Contact STARLINK-3750 - STARLINK-2068,3581.992,4635.556,1053.565,
Contact STARLINK-3750 - STARLINK-3768,0.000,5400.000,5400.000,
Contact STARLINK-3750 - MoonARTEMIS1,226.499,3771.185,3544.686,
Contact STARLINK-3750 - MoonARTEMIS2,238.848,3784.198,3545.350,
Contact STARLINK-3750 - MoonIOAGEO,231.103,3772.646,3541.543,
Contact STARLINK-3750 - MoonIOAGNO,236.797,3773.565,3536.768,
Contact STARLINK-3750 - MoonIOAGNO 0001,247.400,3792.719,3545.319,
Contact STARLINK-3750 - MoonIOAGSO,224.066,3772.985,3548.918,
Contact STARLINK-3750 - MoonIOAGSO 0001,215.509,3758.759,3543.250,
Contact STARLINK-3750 - MoonLRO,226.051,3776.098,3550.047,
Contact STARLINK-3750 - MarsSat1,0.000,5400.000,5400.000,
Contact STARLINK-3750 - MarsSat2,0.000,5400.000,5400.000,
Contact STARLINK-3750 - MarsSat3,0.000,5400.000,5400.000,
Contact STARLINK-3750 - MarsSat4,0.000,5400.000,5400.000,
Contact STARLINK-6363 - MoonARTEMIS1,376.865,4064.811,3687.946,
Contact STARLINK-6363 - MoonARTEMIS2,367.901,4063.960,3696.059,
Contact STARLINK-6363 - MoonIOAGEO,384.738,4063.194,3678.456,
Contact STARLINK-6363 - MoonIOAGNO,369.795,4055.739,3685.944,
Contact STARLINK-6363 - MoonIOAGNO 0001,383.576,4077.680,3694.104,
Contact STARLINK-6363 - MoonIOAGSO,391.484,4072.302,3680.818,
Contact STARLINK-6363 - MoonIOAGSO 0001,377.650,4061.641,3683.991,
Contact STARLINK-6363 - MoonLRO,375.842,3889.538,3513.696,
Contact STARLINK-6363 - MarsSat1,0.000,5400.000,5400.000,
Contact STARLINK-6363 - MarsSat2,0.000,5400.000,5400.000,
Contact STARLINK-6363 - MarsSat3,0.000,5400.000,5400.000,
Contact STARLINK-6363 - MarsSat4,0.000,5400.000,5400.000,
Contact STARLINK-1605 - STARLINK-4494,3306.896,3771.217,464.321,
Contact STARLINK-1605 - MoonARTEMIS1,1669.401,5164.002,3494.601,
Contact STARLINK-1605 - MoonARTEMIS2,1656.372,5152.154,3495.782,
Contact STARLINK-1605 - MoonIOAGEO,1671.552,5159.055,3487.503,
Contact STARLINK-1605 - MoonIOAGNO,1659.012,5153.433,3494.421,
Contact STARLINK-1605 - MoonIOAGNO 0001,1665.091,5157.256,3492.165,
Contact STARLINK-1605 - MoonIOAGSO,1679.965,5167.203,3487.238,
Contact STARLINK-1605 - MoonIOAGSO 0001,1675.121,5172.715,3497.594,
Contact STARLINK-1605 - MoonLRO,1666.840,3884.286,2217.446,
Contact STARLINK-1605 - MarsSat1,0.000,2179.696,2179.696,
Contact STARLINK-1605 - MarsSat1,4319.751,5400.000,1080.249,
Contact STARLINK-1605 - MarsSat2,0.000,2179.656,2179.656,
Contact STARLINK-1605 - MarsSat2,4319.713,5400.000,1080.287,
Contact STARLINK-1605 - MarsSat3,0.000,2179.756,2179.756,
Contact STARLINK-1605 - MarsSat3,4319.809,5400.000,1080.191,
Contact STARLINK-1605 - MarsSat4,0.000,2179.730,2179.730,
Contact STARLINK-1605 - MarsSat4,4319.794,5400.000,1080.206,
Contact STARLINK-2068 - STARLINK-2499,4708.958,5400.000,691.042,
Contact STARLINK-2068 - STARLINK-3768,518.702,4707.281,4188.580,
Contact STARLINK-2068 - MoonARTEMIS1,0.000,3157.372,3157.372,
Contact STARLINK-2068 - MoonARTEMIS1,5164.249,5400.000,235.751,
Contact STARLINK-2068 - MoonARTEMIS2,0.000,3156.193,3156.193,
Contact STARLINK-2068 - MoonARTEMIS2,5149.143,5400.000,250.857,
Contact STARLINK-2068 - MoonIOAGEO,0.000,3158.697,3158.697,
Contact STARLINK-2068 - MoonIOAGEO,5157.329,5400.000,242.671,
Contact STARLINK-2068 - MoonIOAGNO,0.000,3149.057,3149.057,
Contact STARLINK-2068 - MoonIOAGNO,5149.451,5400.000,250.549,
Contact STARLINK-2068 - MoonIOAGNO 0001,0.000,3172.171,3172.171,
Contact STARLINK-2068 - MoonIOAGNO 0001,5160.481,5400.000,239.519,
Contact STARLINK-2068 - MoonIOAGSO,0.000,3167.529,3167.529,
Contact STARLINK-2068 - MoonIOAGSO,5168.646,5400.000,231.354,
Contact STARLINK-2068 - MoonIOAGSO 0001,0.000,3154.471,3154.471,
Contact STARLINK-2068 - MoonIOAGSO 0001,5170.438,5400.000,229.562,
Contact STARLINK-2068 - MoonLRO,0.000,3154.964,3154.964,
Contact STARLINK-2068 - MarsSat1,0.000,5400.000,5400.000,
Contact STARLINK-2068 - MarsSat2,0.000,5400.000,5400.000,
Contact STARLINK-2068 - MarsSat3,0.000,5400.000,5400.000,
Contact STARLINK-2068 - MarsSat4,0.000,5400.000,5400.000,
Contact STARLINK-30925 - STARLINK-4494,0.000,3087.594,3087.594,
Contact STARLINK-30925 - STARLINK-4494,3835.821,5400.000,1564.179,
Contact STARLINK-30925 - STARLINK-3634,0.000,5400.000,5400.000,
Contact STARLINK-30925 - STARLINK-30904,473.054,4826.336,4353.282,
Contact STARLINK-30925 - MoonARTEMIS1,0.000,5400.000,5400.000,
Contact STARLINK-30925 - MoonARTEMIS2,0.000,5400.000,5400.000,
Contact STARLINK-30925 - MoonIOAGEO,0.000,5400.000,5400.000,
Contact STARLINK-30925 - MoonIOAGNO,0.000,5400.000,5400.000,
Contact STARLINK-30925 - MoonIOAGNO 0001,0.000,5400.000,5400.000,
Contact STARLINK-30925 - MoonIOAGSO,0.000,5400.000,5400.000,
Contact STARLINK-30925 - MoonIOAGSO 0001,0.000,5400.000,5400.000,
Contact STARLINK-30925 - MoonLRO,0.000,3914.384,3914.384,
Contact STARLINK-30925 - MarsSat1,0.000,3593.225,3593.225,
Contact STARLINK-30925 - MarsSat1,5346.890,5400.000,53.110,
Contact STARLINK-30925 - MarsSat2,0.000,3593.196,3593.196,
Contact STARLINK-30925 - MarsSat2,5346.931,5400.000,53.069,
Contact STARLINK-30925 - MarsSat3,0.000,3593.271,3593.271,
Contact STARLINK-30925 - MarsSat3,5346.824,5400.000,53.176,
Contact STARLINK-30925 - MarsSat4,0.000,3593.320,3593.320,
Contact STARLINK-30925 - MarsSat4,5346.958,5400.000,53.042,
Contact STARLINK-4494 - STARLINK-3634,0.000,87.505,87.505,
Contact STARLINK-4494 - STARLINK-3634,4827.165,5400.000,572.835,
Contact STARLINK-4494 - MoonARTEMIS1,0.000,5400.000,5400.000,
Contact STARLINK-4494 - MoonARTEMIS2,0.000,5400.000,5400.000,
Contact STARLINK-4494 - MoonIOAGEO,0.000,5400.000,5400.000,
Contact STARLINK-4494 - MoonIOAGNO,0.000,5400.000,5400.000,
Contact STARLINK-4494 - MoonIOAGNO 0001,0.000,5400.000,5400.000,
Contact STARLINK-4494 - MoonIOAGSO,0.000,5400.000,5400.000,
Contact STARLINK-4494 - MoonIOAGSO 0001,0.000,5400.000,5400.000,
Contact STARLINK-4494 - MoonLRO,0.000,3902.744,3902.744,
Contact STARLINK-4494 - MarsSat1,0.000,2938.483,2938.483,
Contact STARLINK-4494 - MarsSat1,5047.636,5400.000,352.364,
Contact STARLINK-4494 - MarsSat2,0.000,2938.515,2938.515,
Contact STARLINK-4494 - MarsSat2,5047.674,5400.000,352.326,
Contact STARLINK-4494 - MarsSat3,0.000,2938.439,2938.439,
Contact STARLINK-4494 - MarsSat3,5047.578,5400.000,352.422,
Contact STARLINK-4494 - MarsSat4,0.000,2938.517,2938.517,
Contact STARLINK-4494 - MarsSat4,5047.658,5400.000,352.342,
Contact STARLINK-2499 - STARLINK-3634,0.000,183.241,183.241,
Contact STARLINK-2499 - STARLINK-3634,4545.842,5400.000,854.158,
Contact STARLINK-2499 - MoonARTEMIS1,0.000,2853.349,2853.349,
Contact STARLINK-2499 - MoonARTEMIS1,4506.678,5400.000,893.322,
Contact STARLINK-2499 - MoonARTEMIS2,0.000,2824.670,2824.670,
Contact STARLINK-2499 - MoonARTEMIS2,4496.990,5400.000,903.010,
Contact STARLINK-2499 - MoonIOAGEO,0.000,2851.548,2851.548,
Contact STARLINK-2499 - MoonIOAGEO,4500.419,5400.000,899.581,
Contact STARLINK-2499 - MoonIOAGNO,0.000,2832.123,2832.123,
Contact STARLINK-2499 - MoonIOAGNO,4487.268,5400.000,912.732,
Contact STARLINK-2499 - MoonIOAGNO 0001,0.000,2828.602,2828.602,
Contact STARLINK-2499 - MoonIOAGNO 0001,4520.900,5400.000,879.100,
Contact STARLINK-2499 - MoonIOAGSO,0.000,2867.653,2867.653,
Contact STARLINK-2499 - MoonIOAGSO,4517.490,5400.000,882.510,
Contact STARLINK-2499 - MoonIOAGSO 0001,0.000,2877.368,2877.368,
Contact STARLINK-2499 - MoonIOAGSO 0001,4502.538,5400.000,897.462,
Contact STARLINK-2499 - MoonLRO,0.000,2838.725,2838.725,
Contact STARLINK-2499 - MarsSat1,1415.982,5392.410,3976.428,
Contact STARLINK-2499 - MarsSat2,1415.970,5392.334,3976.364,
Contact STARLINK-2499 - MarsSat3,1416.009,5392.526,3976.517,
Contact STARLINK-2499 - MarsSat4,1416.071,5392.488,3976.417,
Contact STARLINK-3634 - MoonARTEMIS1,0.000,5400.000,5400.000,
Contact STARLINK-3634 - MoonARTEMIS2,0.000,5400.000,5400.000,
Contact STARLINK-3634 - MoonIOAGEO,0.000,5400.000,5400.000,
Contact STARLINK-3634 - MoonIOAGNO,0.000,5400.000,5400.000,
Contact STARLINK-3634 - MoonIOAGNO 0001,0.000,5400.000,5400.000,
Contact STARLINK-3634 - MoonIOAGSO,0.000,5400.000,5400.000,
Contact STARLINK-3634 - MoonIOAGSO 0001,0.000,5400.000,5400.000,
Contact STARLINK-3634 - MoonLRO,0.000,3901.541,3901.541,
Contact STARLINK-3634 - MarsSat1,51.254,4411.290,4360.037,
Contact STARLINK-3634 - MarsSat2,51.338,4411.217,4359.879,
Contact STARLINK-3634 - MarsSat3,51.152,4411.403,4360.251,
Contact STARLINK-3634 - MarsSat4,51.313,4411.434,4360.120,
Contact STARLINK-3768 - MoonARTEMIS1,0.000,3471.655,3471.655,
Contact STARLINK-3768 - MoonARTEMIS2,0.000,3485.112,3485.112,
Contact STARLINK-3768 - MoonIOAGEO,0.000,3473.522,3473.522,
Contact STARLINK-3768 - MoonIOAGNO,0.000,3474.973,3474.973,
Contact STARLINK-3768 - MoonIOAGNO 0001,0.000,3493.509,3493.509,
Contact STARLINK-3768 - MoonIOAGSO,0.000,3473.103,3473.103,
Contact STARLINK-3768 - MoonIOAGSO 0001,0.000,3459.243,3459.243,
Contact STARLINK-3768 - MoonLRO,0.000,3477.443,3477.443,
Contact STARLINK-3768 - MarsSat1,0.000,5400.000,5400.000,
Contact STARLINK-3768 - MarsSat2,0.000,5400.000,5400.000,
Contact STARLINK-3768 - MarsSat3,0.000,5400.000,5400.000,
Contact STARLINK-3768 - MarsSat4,0.000,5400.000,5400.000,
Contact STARLINK-30904 - MoonARTEMIS1,0.000,5400.000,5400.000,
Contact STARLINK-30904 - MoonARTEMIS2,0.000,5400.000,5400.000,
Contact STARLINK-30904 - MoonIOAGEO,0.000,5400.000,5400.000,
Contact STARLINK-30904 - MoonIOAGNO,0.000,5400.000,5400.000,
Contact STARLINK-30904 - MoonIOAGNO 0001,0.000,5400.000,5400.000,
Contact STARLINK-30904 - MoonIOAGSO,0.000,5400.000,5400.000,
Contact STARLINK-30904 - MoonIOAGSO 0001,0.000,5400.000,5400.000,
Contact STARLINK-30904 - MoonLRO,0.000,3918.704,3918.704,
Contact STARLINK-30904 - MarsSat1,0.000,3380.425,3380.425,
Contact STARLINK-30904 - MarsSat1,5372.511,5400.000,27.489,
Contact STARLINK-30904 - MarsSat2,0.000,3380.378,3380.378,
Contact STARLINK-30904 - MarsSat2,5372.487,5400.000,27.513,
Contact STARLINK-30904 - MarsSat3,0.000,3380.498,3380.498,
Contact STARLINK-30904 - MarsSat3,5372.545,5400.000,27.455,
Contact STARLINK-30904 - MarsSat4,0.000,3380.475,3380.475,
Contact STARLINK-30904 - MarsSat4,5372.587,5400.000,27.413,
Contact MoonARTEMIS1 - MoonARTEMIS2,4838.159,5400.000,561.841,
Contact MoonARTEMIS1 - MoonIOAGEO,0.000,5400.000,5400.000,
Contact MoonARTEMIS1 - MoonIOAGNO,0.000,5400.000,5400.000,
Contact MoonARTEMIS1 - MoonIOAGNO 0001,0.000,5400.000,5400.000,
Contact MoonARTEMIS1 - MoonIOAGSO,0.000,5400.000,5400.000,
Contact MoonARTEMIS1 - MoonIOAGSO 0001,0.000,5400.000,5400.000,
Contact MoonARTEMIS1 - MoonLRO,0.000,3360.419,3360.419,
Contact MoonARTEMIS1 - MarsSat1,0.000,5400.000,5400.000,
Contact MoonARTEMIS1 - MarsSat2,0.000,5400.000,5400.000,
Contact MoonARTEMIS1 - MarsSat3,0.000,5400.000,5400.000,
Contact MoonARTEMIS1 - MarsSat4,0.000,5400.000,5400.000,
Contact MoonARTEMIS2 - MoonIOAGEO,0.000,2836.978,2836.978,
Contact MoonARTEMIS2 - MoonIOAGNO,0.000,5400.000,5400.000,
Contact MoonARTEMIS2 - MoonIOAGNO 0001,0.000,5400.000,5400.000,
Contact MoonARTEMIS2 - MoonIOAGSO,0.000,5400.000,5400.000,
Contact MoonARTEMIS2 - MoonIOAGSO 0001,0.000,5400.000,5400.000,
Contact MoonARTEMIS2 - MoonLRO,2769.321,5400.000,2630.679,
Contact MoonARTEMIS2 - MarsSat1,0.000,5400.000,5400.000,
Contact MoonARTEMIS2 - MarsSat2,0.000,5400.000,5400.000,
Contact MoonARTEMIS2 - MarsSat3,0.000,5400.000,5400.000,
Contact MoonARTEMIS2 - MarsSat4,0.000,5400.000,5400.000,
Contact MoonIOAGEO - MoonIOAGNO,0.000,5400.000,5400.000,
Contact MoonIOAGEO - MoonIOAGNO 0001,0.000,5400.000,5400.000,
Contact MoonIOAGEO - MoonIOAGSO,0.000,5400.000,5400.000,
Contact MoonIOAGEO - MoonIOAGSO 0001,0.000,5400.000,5400.000,
Contact MoonIOAGEO - MoonLRO,0.000,3264.300,3264.300,
Contact MoonIOAGEO - MarsSat1,0.000,5400.000,5400.000,
Contact MoonIOAGEO - MarsSat2,0.000,5400.000,5400.000,
Contact MoonIOAGEO - MarsSat3,0.000,5400.000,5400.000,
Contact MoonIOAGEO - MarsSat4,0.000,5400.000,5400.000,
Contact MoonIOAGNO - MoonIOAGNO 0001,0.000,5400.000,5400.000,
Contact MoonIOAGNO - MoonIOAGSO,0.000,5400.000,5400.000,
Contact MoonIOAGNO - MoonIOAGSO 0001,524.004,5400.000,4875.996,
Contact MoonIOAGNO - MoonLRO,845.052,3938.450,3093.398,
Contact MoonIOAGNO - MarsSat1,0.000,5400.000,5400.000,
Contact MoonIOAGNO - MarsSat2,0.000,5400.000,5400.000,
Contact MoonIOAGNO - MarsSat3,0.000,5400.000,5400.000,
Contact MoonIOAGNO - MarsSat4,0.000,5400.000,5400.000,
Contact MoonIOAGNO 0001 - MoonIOAGSO,0.000,5400.000,5400.000,
Contact MoonIOAGNO 0001 - MoonIOAGSO 0001,0.000,5400.000,5400.000,
Contact MoonIOAGNO 0001 - MoonLRO,1047.754,4519.136,3471.381,
Contact MoonIOAGNO 0001 - MarsSat1,0.000,5400.000,5400.000,
Contact MoonIOAGNO 0001 - MarsSat2,0.000,5400.000,5400.000,
Contact MoonIOAGNO 0001 - MarsSat3,0.000,5400.000,5400.000,
Contact MoonIOAGNO 0001 - MarsSat4,0.000,5400.000,5400.000,
Contact MoonIOAGSO - MoonIOAGSO 0001,0.000,5400.000,5400.000,
Contact MoonIOAGSO - MoonLRO,0.000,2704.751,2704.751,
Contact MoonIOAGSO - MarsSat1,0.000,5400.000,5400.000,
Contact MoonIOAGSO - MarsSat2,0.000,5400.000,5400.000,
Contact MoonIOAGSO - MarsSat3,0.000,5400.000,5400.000,
Contact MoonIOAGSO - MarsSat4,0.000,5400.000,5400.000,
Contact MoonIOAGSO 0001 - MoonLRO,0.000,1126.114,1126.114,
Contact MoonIOAGSO 0001 - MoonLRO,4649.984,5400.000,750.016,
Contact MoonIOAGSO 0001 - MarsSat1,0.000,5400.000,5400.000,
Contact MoonIOAGSO 0001 - MarsSat2,0.000,5400.000,5400.000,
Contact MoonIOAGSO 0001 - MarsSat3,0.000,5400.000,5400.000,
Contact MoonIOAGSO 0001 - MarsSat4,0.000,5400.000,5400.000,
Contact MoonLRO - MarsSat1,0.000,3696.663,3696.663,
Contact MoonLRO - MarsSat2,0.000,3696.593,3696.593,
Contact MoonLRO - MarsSat3,0.000,3696.770,3696.770,
Contact MoonLRO - MarsSat4,0.000,3696.669,3696.669,
Contact MarsSat1 - MarsSat2,0.000,5400.000,5400.000,
Contact MarsSat1 - MarsSat3,0.000,5400.000,5400.000,
Contact MarsSat1 - MarsSat4,0.000,5400.000,5400.000,
Contact MarsSat2 - MarsSat3,0.000,5400.000,5400.000,
Contact MarsSat2 - MarsSat4,0.000,5400.000,5400.000,
Contact MarsSat3 - MarsSat4,0.000,3935.527,3935.527,
Analysis,Time True,Time False,Percent True,Interval Count,
Contact STARLINK-4364 - STARLINK-30311,0.000,5400.000,0.0000%,0,
Contact STARLINK-4364 - STARLINK-31597,0.000,5400.000,0.0000%,0,
Contact STARLINK-4364 - STARLINK-5459,0.000,5400.000,0.0000%,0,
Contact STARLINK-4364 - STARLINK-5442,1416.087,3983.913,26.2238%,1,
Contact STARLINK-4364 - STARLINK-1502,394.300,5005.700,7.3018%,1,
Contact STARLINK-4364 - STARLINK-5365,0.000,5400.000,0.0000%,0,
Contact STARLINK-4364 - STARLINK-1337,0.000,5400.000,0.0000%,0,
Contact STARLINK-4364 - STARLINK-4385,5400.000,0.000,100.0000%,1,
Contact STARLINK-4364 - STARLINK-30056,0.000,5400.000,0.0000%,0,
Contact STARLINK-4364 - STARLINK-4489,0.000,5400.000,0.0000%,0,
Contact STARLINK-4364 - STARLINK-31663,0.000,5400.000,0.0000%,0,
Contact STARLINK-4364 - STARLINK-5511,0.000,5400.000,0.0000%,0,
Contact STARLINK-4364 - STARLINK-5155,3880.025,1519.975,71.8523%,2,
Contact STARLINK-4364 - STARLINK-30217,0.000,5400.000,0.0000%,0,
Contact STARLINK-4364 - STARLINK-6350,0.000,5400.000,0.0000%,0,
Contact STARLINK-4364 - STARLINK-11117 [DTC],0.000,5400.000,0.0000%,0,
Contact STARLINK-4364 - STARLINK-32040,0.000,5400.000,0.0000%,0,
Contact STARLINK-4364 - STARLINK-5111,0.000,5400.000,0.0000%,0,
Contact STARLINK-4364 - STARLINK-31151,0.000,5400.000,0.0000%,0,
Contact STARLINK-4364 - STARLINK-1718,538.641,4861.359,9.9748%,1,
Contact STARLINK-4364 - STARLINK-5502,552.445,4847.555,10.2305%,1,
Contact STARLINK-4364 - STARLINK-1080,0.000,5400.000,0.0000%,0,
Contact STARLINK-4364 - STARLINK-2224,0.000,5400.000,0.0000%,0,
Contact STARLINK-4364 - STARLINK-5248,740.213,4659.787,13.7076%,1,
Contact STARLINK-4364 - STARLINK-3696,0.000,5400.000,0.0000%,0,
Contact STARLINK-4364 - STARLINK-5268,0.000,5400.000,0.0000%,0,
Contact STARLINK-4364 - STARLINK-3540,0.000,5400.000,0.0000%,0,
Contact STARLINK-4364 - STARLINK-4453,0.000,5400.000,0.0000%,0,
Contact STARLINK-4364 - STARLINK-4480,842.202,4557.798,15.5963%,1,
Contact STARLINK-4364 - STARLINK-4107,0.000,5400.000,0.0000%,0,
Contact STARLINK-4364 - STARLINK-5158,0.000,5400.000,0.0000%,0,
Contact STARLINK-4364 - STARLINK-6109,0.000,5400.000,0.0000%,0,
Contact STARLINK-4364 - STARLINK-31816,0.000,5400.000,0.0000%,0,
Contact STARLINK-4364 - STARLINK-30610,0.000,5400.000,0.0000%,0,
Contact STARLINK-4364 - STARLINK-6247,0.000,5400.000,0.0000%,0,
Contact STARLINK-4364 - STARLINK-5555,313.435,5086.565,5.8044%,1,
Contact STARLINK-4364 - STARLINK-11225 [DTC],0.000,5400.000,0.0000%,0,
Contact STARLINK-4364 - STARLINK-1682,3724.546,1675.454,68.9731%,1,
Contact STARLINK-4364 - STARLINK-2436,3802.177,1597.823,70.4107%,1,
Contact STARLINK-4364 - STARLINK-30752,749.921,4650.079,13.8874%,1,
Contact STARLINK-4364 - STARLINK-3869,3655.094,1744.906,67.6869%,1,
Contact STARLINK-4364 - STARLINK-2128,0.000,5400.000,0.0000%,0,
Contact STARLINK-4364 - STARLINK-2214,3783.784,1616.216,70.0701%,1,
Contact STARLINK-4364 - STARLINK-4676,492.873,4907.127,9.1273%,1,
Contact STARLINK-4364 - STARLINK-5777,0.000,5400.000,0.0000%,0,
Contact STARLINK-4364 - STARLINK-30362,0.000,5400.000,0.0000%,0,
Contact STARLINK-4364 - STARLINK-4679,427.643,4972.357,7.9193%,1,
Contact STARLINK-4364 - STARLINK-4565,0.000,5400.000,0.0000%,0,
Contact STARLINK-4364 - STARLINK-31895,0.000,5400.000,0.0000%,0,
Contact STARLINK-4364 - STARLINK-3316,0.000,5400.000,0.0000%,0,
Contact STARLINK-4364 - STARLINK-30480,0.000,5400.000,0.0000%,0,
Contact STARLINK-4364 - STARLINK-5484,0.000,5400.000,0.0000%,0,
Contact STARLINK-4364 - STARLINK-4419,5400.000,0.000,100.0000%,1,
Contact STARLINK-4364 - STARLINK-30154,657.744,4742.256,12.1804%,1,
Contact STARLINK-4364 - STARLINK-3770,0.000,5400.000,0.0000%,0,
Contact STARLINK-4364 - STARLINK-30565,0.000,5400.000,0.0000%,0,
Contact STARLINK-4364 - STARLINK-30248,1609.045,3790.955,29.7971%,1,
Contact STARLINK-4364 - STARLINK-5954,0.000,5400.000,0.0000%,0,
Contact STARLINK-4364 - STARLINK-5609,190.646,5209.354,3.5305%,1,
Contact STARLINK-4364 - STARLINK-3855,0.000,5400.000,0.0000%,0,
Contact STARLINK-4364 - STARLINK-4030,0.000,5400.000,0.0000%,0,
Contact STARLINK-4364 - STARLINK-5416,0.000,5400.000,0.0000%,0,
Contact STARLINK-4364 - STARLINK-5067,192.365,5207.635,3.5623%,1,
Contact STARLINK-4364 - STARLINK-1692,754.212,4645.788,13.9669%,1,
Contact STARLINK-4364 - STARLINK-3897,0.000,5400.000,0.0000%,0,
Contact STARLINK-4364 - STARLINK-6046,5400.000,0.000,100.0000%,1,
Contact STARLINK-4364 - STARLINK-4070,0.000,5400.000,0.0000%,0,
Contact STARLINK-4364 - STARLINK-31082,0.000,5400.000,0.0000%,0,
Contact STARLINK-4364 - STARLINK-5951,0.000,5400.000,0.0000%,0,
Contact STARLINK-4364 - STARLINK-4328,508.180,4891.820,9.4107%,2,
Contact STARLINK-4364 - STARLINK-1423,0.000,5400.000,0.0000%,0,
Contact STARLINK-4364 - STARLINK-2153,0.000,5400.000,0.0000%,0,
Contact STARLINK-4364 - STARLINK-3080,0.000,5400.000,0.0000%,0,
Contact STARLINK-4364 - STARLINK-5858,0.000,5400.000,0.0000%,0,
Contact STARLINK-4364 - STARLINK-31195,0.000,5400.000,0.0000%,0,
Contact STARLINK-4364 - STARLINK-5018,685.817,4714.183,12.7003%,1,
Contact STARLINK-4364 - STARLINK-4776,391.035,5008.965,7.2414%,2,
Contact STARLINK-4364 - STARLINK-5686,0.000,5400.000,0.0000%,0,
Contact STARLINK-4364 - STARLINK-31122,0.000,5400.000,0.0000%,0,
Contact STARLINK-4364 - STARLINK-11130 [DTC],326.438,5073.562,6.0451%,1,
Contact STARLINK-4364 - STARLINK-32043,415.942,4984.058,7.7026%,1,
Contact STARLINK-4364 - STARLINK-1136,664.492,4735.508,12.3054%,1,
Contact STARLINK-4364 - STARLINK-31006,717.896,4682.104,13.2944%,1,
Contact STARLINK-4364 - STARLINK-4429,0.000,5400.000,0.0000%,0,
Contact STARLINK-4364 - STARLINK-4257,0.000,5400.000,0.0000%,0,
Contact STARLINK-4364 - STARLINK-5338,0.000,5400.000,0.0000%,0,
Contact STARLINK-4364 - STARLINK-1572,0.000,5400.000,0.0000%,0,
Contact STARLINK-4364 - STARLINK-32097,0.000,5400.000,0.0000%,0,
Contact STARLINK-4364 - STARLINK-2704,0.000,5400.000,0.0000%,0,
Contact STARLINK-4364 - STARLINK-3750,0.000,5400.000,0.0000%,0,
Contact STARLINK-4364 - STARLINK-6363,248.946,5151.054,4.6101%,1,
Contact STARLINK-4364 - STARLINK-1605,625.655,4774.345,11.5862%,1,
Contact STARLINK-4364 - STARLINK-2068,0.000,5400.000,0.0000%,0,
Contact STARLINK-4364 - STARLINK-30925,0.000,5400.000,0.0000%,0,
Contact STARLINK-4364 - STARLINK-4494,4876.883,523.117,90.3127%,1,
Contact STARLINK-4364 - STARLINK-2499,536.933,4863.067,9.9432%,2,
Contact STARLINK-4364 - STARLINK-3634,894.842,4505.158,16.5711%,1,
Contact STARLINK-4364 - STARLINK-3768,0.000,5400.000,0.0000%,0,
Contact STARLINK-4364 - STARLINK-30904,0.000,5400.000,0.0000%,0,
Contact STARLINK-4364 - MoonARTEMIS1,5400.000,0.000,100.0000%,1,
Contact STARLINK-4364 - MoonARTEMIS2,5400.000,0.000,100.0000%,1,
Contact STARLINK-4364 - MoonIOAGEO,5400.000,0.000,100.0000%,1,
Contact STARLINK-4364 - MoonIOAGNO,5400.000,0.000,100.0000%,1,
Contact STARLINK-4364 - MoonIOAGNO 0001,5400.000,0.000,100.0000%,1,
Contact STARLINK-4364 - MoonIOAGSO,5400.000,0.000,100.0000%,1,
Contact STARLINK-4364 - MoonIOAGSO 0001,5400.000,0.000,100.0000%,1,
Contact STARLINK-4364 - MoonLRO,3889.134,1510.866,72.0210%,1,
Contact STARLINK-4364 - MarsSat1,3291.810,2108.190,60.9594%,2,
Contact STARLINK-4364 - MarsSat2,3291.812,2108.188,60.9595%,2,
Contact STARLINK-4364 - MarsSat3,3291.809,2108.191,60.9594%,2,
Contact STARLINK-4364 - MarsSat4,3291.828,2108.172,60.9598%,2,
Contact STARLINK-30311 - STARLINK-31597,903.589,4496.411,16.7331%,2,
Contact STARLINK-30311 - STARLINK-5459,0.000,5400.000,0.0000%,0,
Contact STARLINK-30311 - STARLINK-5442,0.000,5400.000,0.0000%,0,
Contact STARLINK-30311 - STARLINK-1502,0.000,5400.000,0.0000%,0,
Contact STARLINK-30311 - STARLINK-5365,5400.000,0.000,100.0000%,1,
Contact STARLINK-30311 - STARLINK-1337,0.000,5400.000,0.0000%,0,
Contact STARLINK-30311 - STARLINK-4385,0.000,5400.000,0.0000%,0,
Contact STARLINK-30311 - STARLINK-30056,5400.000,0.000,100.0000%,1,
Contact STARLINK-30311 - STARLINK-4489,0.000,5400.000,0.0000%,0,
Contact STARLINK-30311 - STARLINK-31663,569.548,4830.452,10.5472%,2,
Contact STARLINK-30311 - STARLINK-5511,5400.000,0.000,100.0000%,1,
Contact STARLINK-30311 - STARLINK-5155,0.000,5400.000,0.0000%,0,
Contact STARLINK-30311 - STARLINK-30217,0.000,5400.000,0.0000%,0,
Contact STARLINK-30311 - STARLINK-6350,0.000,5400.000,0.0000%,0,
Contact STARLINK-30311 - STARLINK-11117 [DTC],0.000,5400.000,0.0000%,0,
Contact STARLINK-30311 - STARLINK-32040,5400.000,0.000,100.0000%,1,
Contact STARLINK-30311 - STARLINK-5111,5400.000,0.000,100.0000%,1,
Contact STARLINK-30311 - STARLINK-31151,0.000,5400.000,0.0000%,0,
Contact STARLINK-30311 - STARLINK-1718,0.000,5400.000,0.0000%,0,
Contact STARLINK-30311 - STARLINK-5502,0.000,5400.000,0.0000%,0,
Contact STARLINK-30311 - STARLINK-1080,0.000,5400.000,0.0000%,0,
Contact STARLINK-30311 - STARLINK-2224,0.000,5400.000,0.0000%,0,
Contact STARLINK-30311 - STARLINK-5248,0.000,5400.000,0.0000%,0,
Contact STARLINK-30311 - STARLINK-3696,0.000,5400.000,0.0000%,0,
Contact STARLINK-30311 - STARLINK-5268,0.000,5400.000,0.0000%,0,
Contact STARLINK-30311 - STARLINK-3540,747.377,4652.623,13.8403%,1,
Contact STARLINK-30311 - STARLINK-4453,3815.940,1584.060,70.6656%,1,
Contact STARLINK-30311 - STARLINK-4480,0.000,5400.000,0.0000%,0,
Contact STARLINK-30311 - STARLINK-4107,0.000,5400.000,0.0000%,0,
Contact STARLINK-30311 - STARLINK-5158,0.000,5400.000,0.0000%,0,
Contact STARLINK-30311 - STARLINK-6109,0.000,5400.000,0.0000%,0,
Contact STARLINK-30311 - STARLINK-31816,0.000,5400.000,0.0000%,0,
Contact STARLINK-30311 - STARLINK-30610,0.000,5400.000,0.0000%,0,
Contact STARLINK-30311 - STARLINK-6247,0.000,5400.000,0.0000%,0,
Contact STARLINK-30311 - STARLINK-5555,0.000,5400.000,0.0000%,0,
Contact STARLINK-30311 - STARLINK-11225 [DTC],0.000,5400.000,0.0000%,0,
Contact STARLINK-30311 - STARLINK-1682,0.000,5400.000,0.0000%,0,
Contact STARLINK-30311 - STARLINK-2436,0.000,5400.000,0.0000%,0,
Contact STARLINK-30311 - STARLINK-30752,0.000,5400.000,0.0000%,0,
Contact STARLINK-30311 - STARLINK-3869,0.000,5400.000,0.0000%,0,
Contact STARLINK-30311 - STARLINK-2128,0.000,5400.000,0.0000%,0,
Contact STARLINK-30311 - STARLINK-2214,0.000,5400.000,0.0000%,0,
Contact STARLINK-30311 - STARLINK-4676,0.000,5400.000,0.0000%,0,
Contact STARLINK-30311 - STARLINK-5777,5400.000,0.000,100.0000%,1,
Contact STARLINK-30311 - STARLINK-30362,0.000,5400.000,0.0000%,0,
Contact STARLINK-30311 - STARLINK-4679,0.000,5400.000,0.0000%,0,
Contact STARLINK-30311 - STARLINK-4565,0.000,5400.000,0.0000%,0,
Contact STARLINK-30311 - STARLINK-31895,0.000,5400.000,0.0000%,0,
Contact STARLINK-30311 - STARLINK-3316,0.000,5400.000,0.0000%,0,
Contact STARLINK-30311 - STARLINK-30480,0.000,5400.000,0.0000%,0,
Contact STARLINK-30311 - STARLINK-5484,681.933,4718.067,12.6284%,1,
Contact STARLINK-30311 - STARLINK-4419,0.000,5400.000,0.0000%,0,
Contact STARLINK-30311 - STARLINK-30154,0.000,5400.000,0.0000%,0,
Contact STARLINK-30311 - STARLINK-3770,0.000,5400.000,0.0000%,0,
Contact STARLINK-30311 - STARLINK-30565,0.000,5400.000,0.0000%,0,
Contact STARLINK-30311 - STARLINK-30248,0.000,5400.000,0.0000%,0,
Contact STARLINK-30311 - STARLINK-5954,0.000,5400.000,0.0000%,0,
Contact STARLINK-30311 - STARLINK-5609,0.000,5400.000,0.0000%,0,
Contact STARLINK-30311 - STARLINK-3855,0.000,5400.000,0.0000%,0,
Contact STARLINK-30311 - STARLINK-4030,0.000,5400.000,0.0000%,0,
Contact STARLINK-30311 - STARLINK-5416,0.000,5400.000,0.0000%,0,
Contact STARLINK-30311 - STARLINK-5067,502.865,4897.135,9.3123%,2,
Contact STARLINK-30311 - STARLINK-1692,0.000,5400.000,0.0000%,0,
Contact STARLINK-30311 - STARLINK-3897,0.000,5400.000,0.0000%,0,
Contact STARLINK-30311 - STARLINK-6046,0.000,5400.000,0.0000%,0,
Contact STARLINK-30311 - STARLINK-4070,4115.179,1284.821,76.2070%,1,
Contact STARLINK-30311 - STARLINK-31082,0.000,5400.000,0.0000%,0,
Contact STARLINK-30311 - STARLINK-5951,0.000,5400.000,0.0000%,0,
Contact STARLINK-30311 - STARLINK-4328,0.000,5400.000,0.0000%,0,
Contact STARLINK-30311 - STARLINK-1423,0.000,5400.000,0.0000%,0,
Contact STARLINK-30311 - STARLINK-2153,730.349,4669.651,13.5250%,2,
Contact STARLINK-30311 - STARLINK-3080,0.000,5400.000,0.0000%,0,
Contact STARLINK-30311 - STARLINK-5858,5400.000,0.000,100.0000%,1,
Contact STARLINK-30311 - STARLINK-31195,1110.047,4289.953,20.5564%,1,
Contact STARLINK-30311 - STARLINK-5018,0.000,5400.000,0.0000%,0,
Contact STARLINK-30311 - STARLINK-4776,0.000,5400.000,0.0000%,0,
Contact STARLINK-30311 - STARLINK-5686,0.000,5400.000,0.0000%,0,
Contact STARLINK-30311 - STARLINK-31122,0.000,5400.000,0.0000%,0,
Contact STARLINK-30311 - STARLINK-11130 [DTC],0.000,5400.000,0.0000%,0,
Contact STARLINK-30311 - STARLINK-32043,729.232,4670.768,13.5043%,2,
Contact STARLINK-30311 - STARLINK-1136,509.569,4890.431,9.4365%,2,
Contact STARLINK-30311 - STARLINK-31006,0.000,5400.000,0.0000%,0,
Contact STARLINK-30311 - STARLINK-4429,0.000,5400.000,0.0000%,0,
Contact STARLINK-30311 - STARLINK-4257,0.000,5400.000,0.0000%,0,
Contact STARLINK-30311 - STARLINK-5338,1103.982,4296.018,20.4441%,1,
Contact STARLINK-30311 - STARLINK-1572,3893.173,1506.827,72.0958%,1,
Contact STARLINK-30311 - STARLINK-32097,5400.000,0.000,100.0000%,1,
Contact STARLINK-30311 - STARLINK-2704,0.000,5400.000,0.0000%,0,
Contact STARLINK-30311 - STARLINK-3750,5400.000,0.000,100.0000%,1,
Contact STARLINK-30311 - STARLINK-6363,0.000,5400.000,0.0000%,0,
Contact STARLINK-30311 - STARLINK-1605,620.784,4779.216,11.4960%,2,
Contact STARLINK-30311 - STARLINK-2068,0.000,5400.000,0.0000%,0,
Contact STARLINK-30311 - STARLINK-30925,0.000,5400.000,0.0000%,0,
Contact STARLINK-30311 - STARLINK-4494,0.000,5400.000,0.0000%,0,
Contact STARLINK-30311 - STARLINK-2499,0.000,5400.000,0.0000%,0,
Contact STARLINK-30311 - STARLINK-3634,0.000,5400.000,0.0000%,0,
Contact STARLINK-30311 - STARLINK-3768,0.000,5400.000,0.0000%,0,
Contact STARLINK-30311 - STARLINK-30904,0.000,5400.000,0.0000%,0,
Contact STARLINK-30311 - MoonARTEMIS1,3710.191,1689.809,68.7072%,1,
Contact STARLINK-30311 - MoonARTEMIS2,3705.074,1694.926,68.6125%,1,
Contact STARLINK-30311 - MoonIOAGEO,3704.584,1695.416,68.6034%,1,
Contact STARLINK-30311 - MoonIOAGNO,3695.130,1704.870,68.4283%,1,
Contact STARLINK-30311 - MoonIOAGNO 0001,3707.870,1692.130,68.6643%,1,
Contact STARLINK-30311 - MoonIOAGSO,3717.952,1682.048,68.8510%,1,
Contact STARLINK-30311 - MoonIOAGSO 0001,3711.958,1688.042,68.7400%,1,
Contact STARLINK-30311 - MoonLRO,3231.857,2168.143,59.8492%,1,
Contact STARLINK-30311 - MarsSat1,5400.000,0.000,100.0000%,1,
Contact STARLINK-30311 - MarsSat2,5400.000,0.000,100.0000%,1,
Contact STARLINK-30311 - MarsSat3,5400.000,0.000,100.0000%,1,
Contact STARLINK-30311 - MarsSat4,5400.000,0.000,100.0000%,1,
Contact STARLINK-31597 - STARLINK-5459,0.000,5400.000,0.0000%,0,
Contact STARLINK-31597 - STARLINK-5442,0.000,5400.000,0.0000%,0,
Contact STARLINK-31597 - STARLINK-1502,0.000,5400.000,0.0000%,0,
Contact STARLINK-31597 - STARLINK-5365,5400.000,0.000,100.0000%,1,
Contact STARLINK-31597 - STARLINK-1337,0.000,5400.000,0.0000%,0,
Contact STARLINK-31597 - STARLINK-4385,0.000,5400.000,0.0000%,0,
Contact STARLINK-31597 - STARLINK-30056,450.664,4949.336,8.3456%,2,
Contact STARLINK-31597 - STARLINK-4489,0.000,5400.000,0.0000%,0,
Contact STARLINK-31597 - STARLINK-31663,5400.000,0.000,100.0000%,1,
Contact STARLINK-31597 - STARLINK-5511,5400.000,0.000,100.0000%,1,
Contact STARLINK-31597 - STARLINK-5155,0.000,5400.000,0.0000%,0,
Contact STARLINK-31597 - STARLINK-30217,0.000,5400.000,0.0000%,0,
Contact STARLINK-31597 - STARLINK-6350,0.000,5400.000,0.0000%,0,
Contact STARLINK-31597 - STARLINK-11117 [DTC],0.000,5400.000,0.0000%,0,
Contact STARLINK-31597 - STARLINK-32040,867.830,4532.170,16.0709%,2,
Contact STARLINK-31597 - STARLINK-5111,875.851,4524.149,16.2195%,1,
Contact STARLINK-31597 - STARLINK-31151,0.000,5400.000,0.0000%,0,
Contact STARLINK-31597 - STARLINK-1718,0.000,5400.000,0.0000%,0,
Contact STARLINK-31597 - STARLINK-5502,0.000,5400.000,0.0000%,0,
Contact STARLINK-31597 - STARLINK-1080,0.000,5400.000,0.0000%,0,
Contact STARLINK-31597 - STARLINK-2224,0.000,5400.000,0.0000%,0,
Contact STARLINK-31597 - STARLINK-5248,0.000,5400.000,0.0000%,0,
Contact STARLINK-31597 - STARLINK-3696,0.000,5400.000,0.0000%,0,
Contact STARLINK-31597 - STARLINK-5268,0.000,5400.000,0.0000%,0,
Contact STARLINK-31597 - STARLINK-3540,1425.515,3974.485,26.3984%,1,
Contact STARLINK-31597 - STARLINK-4453,0.000,5400.000,0.0000%,0,
Contact STARLINK-31597 - STARLINK-4480,930.870,4469.130,17.2383%,1,
Contact STARLINK-31597 - STARLINK-4107,0.000,5400.000,0.0000%,0,
Contact STARLINK-31597 - STARLINK-5158,0.000,5400.000,0.0000%,0,
Contact STARLINK-31597 - STARLINK-6109,0.000,5400.000,0.0000%,0,
Contact STARLINK-31597 - STARLINK-31816,0.000,5400.000,0.0000%,0,
Contact STARLINK-31597 - STARLINK-30610,0.000,5400.000,0.0000%,0,
Contact STARLINK-31597 - STARLINK-6247,0.000,5400.000,0.0000%,0,
Contact STARLINK-31597 - STARLINK-5555,0.000,5400.000,0.0000%,0,
Contact STARLINK-31597 - STARLINK-11225 [DTC],0.000,5400.000,0.0000%,0,
Contact STARLINK-31597 - STARLINK-1682,949.162,4450.838,17.5771%,1,
Contact STARLINK-31597 - STARLINK-2436,0.000,5400.000,0.0000%,0,
Contact STARLINK-31597 - STARLINK-30752,3859.755,1540.245,71.4770%,2,
Contact STARLINK-31597 - STARLINK-3869,936.353,4463.647,17.3399%,1,
Contact STARLINK-31597 - STARLINK-2128,0.000,5400.000,0.0000%,0,
Contact STARLINK-31597 - STARLINK-2214,951.050,4448.950,17.6120%,1,
Contact STARLINK-31597 - STARLINK-4676,0.000,5400.000,0.0000%,0,
Contact STARLINK-31597 - STARLINK-5777,4564.099,835.901,84.5204%,2,
Contact STARLINK-31597 - STARLINK-30362,0.000,5400.000,0.0000%,0,
Contact STARLINK-31597 - STARLINK-4679,0.000,5400.000,0.0000%,0,
Contact STARLINK-31597 - STARLINK-4565,757.091,4642.909,14.0202%,1,
Contact STARLINK-31597 - STARLINK-31895,0.000,5400.000,0.0000%,0,
Contact STARLINK-31597 - STARLINK-3316,0.000,5400.000,0.0000%,0,
Contact STARLINK-31597 - STARLINK-30480,0.000,5400.000,0.0000%,0,
Contact STARLINK-31597 - STARLINK-5484,5063.850,336.150,93.7750%,1,
Contact STARLINK-31597 - STARLINK-4419,0.000,5400.000,0.0000%,0,
Contact STARLINK-31597 - STARLINK-30154,0.000,5400.000,0.0000%,0,
Contact STARLINK-31597 - STARLINK-3770,0.000,5400.000,0.0000%,0,
Contact STARLINK-31597 - STARLINK-30565,0.000,5400.000,0.0000%,0,
Contact STARLINK-31597 - STARLINK-30248,0.000,5400.000,0.0000%,0,
Contact STARLINK-31597 - STARLINK-5954,0.000,5400.000,0.0000%,0,
Contact STARLINK-31597 - STARLINK-5609,0.000,5400.000,0.0000%,0,
Contact STARLINK-31597 - STARLINK-3855,0.000,5400.000,0.0000%,0,
Contact STARLINK-31597 - STARLINK-4030,0.000,5400.000,0.0000%,0,
Contact STARLINK-31597 - STARLINK-5416,0.000,5400.000,0.0000%,0,
Contact STARLINK-31597 - STARLINK-5067,5400.000,0.000,100.0000%,1,
Contact STARLINK-31597 - STARLINK-1692,0.000,5400.000,0.0000%,0,
Contact STARLINK-31597 - STARLINK-3897,0.000,5400.000,0.0000%,0,
Contact STARLINK-31597 - STARLINK-6046,0.000,5400.000,0.0000%,0,
Contact STARLINK-31597 - STARLINK-4070,0.000,5400.000,0.0000%,0,
Contact STARLINK-31597 - STARLINK-31082,0.000,5400.000,0.0000%,0,
Contact STARLINK-31597 - STARLINK-5951,0.000,5400.000,0.0000%,0,
Contact STARLINK-31597 - STARLINK-4328,0.000,5400.000,0.0000%,0,
Contact STARLINK-31597 - STARLINK-1423,0.000,5400.000,0.0000%,0,
Contact STARLINK-31597 - STARLINK-2153,5400.000,0.000,100.0000%,1,
Contact STARLINK-31597 - STARLINK-3080,0.000,5400.000,0.0000%,0,
Contact STARLINK-31597 - STARLINK-5858,5400.000,0.000,100.0000%,1,
Contact STARLINK-31597 - STARLINK-31195,0.000,5400.000,0.0000%,0,
Contact STARLINK-31597 - STARLINK-5018,0.000,5400.000,0.0000%,0,
Contact STARLINK-31597 - STARLINK-4776,0.000,5400.000,0.0000%,0,
Contact STARLINK-31597 - STARLINK-5686,0.000,5400.000,0.0000%,0,
Contact STARLINK-31597 - STARLINK-31122,0.000,5400.000,0.0000%,0,
Contact STARLINK-31597 - STARLINK-11130 [DTC],0.000,5400.000,0.0000%,0,
Contact STARLINK-31597 - STARLINK-32043,5400.000,0.000,100.0000%,1,
Contact STARLINK-31597 - STARLINK-1136,5400.000,0.000,100.0000%,1,
Contact STARLINK-31597 - STARLINK-31006,4418.333,981.667,81.8210%,2,
Contact STARLINK-31597 - STARLINK-4429,0.000,5400.000,0.0000%,0,
Contact STARLINK-31597 - STARLINK-4257,0.000,5400.000,0.0000%,0,
Contact STARLINK-31597 - STARLINK-5338,0.000,5400.000,0.0000%,0,
Contact STARLINK-31597 - STARLINK-1572,0.000,5400.000,0.0000%,0,
Contact STARLINK-31597 - STARLINK-32097,817.582,4582.418,15.1404%,2,
Contact STARLINK-31597 - STARLINK-2704,0.000,5400.000,0.0000%,0,
Contact STARLINK-31597 - STARLINK-3750,234.325,5165.675,4.3393%,1,
Contact STARLINK-31597 - STARLINK-6363,0.000,5400.000,0.0000%,0,
Contact STARLINK-31597 - STARLINK-1605,5400.000,0.000,100.0000%,1,
Contact STARLINK-31597 - STARLINK-2068,0.000,5400.000,0.0000%,0,
Contact STARLINK-31597 - STARLINK-30925,0.000,5400.000,0.0000%,0,
Contact STARLINK-31597 - STARLINK-4494,0.000,5400.000,0.0000%,0,
Contact STARLINK-31597 - STARLINK-2499,0.000,5400.000,0.0000%,0,
Contact STARLINK-31597 - STARLINK-3634,0.000,5400.000,0.0000%,0,
Contact STARLINK-31597 - STARLINK-3768,0.000,5400.000,0.0000%,0,
Contact STARLINK-31597 - STARLINK-30904,0.000,5400.000,0.0000%,0,
Contact STARLINK-31597 - MoonARTEMIS1,3513.856,1886.144,65.0714%,1,
Contact STARLINK-31597 - MoonARTEMIS2,3510.210,1889.790,65.0039%,1,
Contact STARLINK-31597 - MoonIOAGEO,3504.382,1895.618,64.8960%,1,
Contact STARLINK-31597 - MoonIOAGNO,3511.569,1888.431,65.0291%,1,
Contact STARLINK-31597 - MoonIOAGNO 0001,3501.875,1898.125,64.8495%,1,
Contact STARLINK-31597 - MoonIOAGSO,3504.840,1895.160,64.9044%,1,
Contact STARLINK-31597 - MoonIOAGSO 0001,3522.320,1877.680,65.2282%,1,
Contact STARLINK-31597 - MoonLRO,2148.077,3251.923,39.7792%,1,
Contact STARLINK-31597 - MarsSat1,3324.975,2075.025,61.5736%,2,
Contact STARLINK-31597 - MarsSat2,3324.959,2075.041,61.5733%,2,
Contact STARLINK-31597 - MarsSat3,3324.998,2075.002,61.5740%,2,
Contact STARLINK-31597 - MarsSat4,3324.953,2075.047,61.5732%,2,
Contact STARLINK-5459 - STARLINK-5442,582.182,4817.818,10.7811%,1,
Contact STARLINK-5459 - STARLINK-1502,0.000,5400.000,0.0000%,0,
Contact STARLINK-5459 - STARLINK-5365,0.000,5400.000,0.0000%,0,
Contact STARLINK-5459 - STARLINK-1337,0.000,5400.000,0.0000%,0,
Contact STARLINK-5459 - STARLINK-4385,543.730,4856.270,10.0691%,1,
Contact STARLINK-5459 - STARLINK-30056,0.000,5400.000,0.0000%,0,
Contact STARLINK-5459 - STARLINK-4489,0.000,5400.000,0.0000%,0,
Contact STARLINK-5459 - STARLINK-31663,0.000,5400.000,0.0000%,0,
Contact STARLINK-5459 - STARLINK-5511,0.000,5400.000,0.0000%,0,
Contact STARLINK-5459 - STARLINK-5155,707.552,4692.448,13.1028%,1,
Contact STARLINK-5459 - STARLINK-30217,4339.429,1060.571,80.3598%,1,
Contact STARLINK-5459 - STARLINK-6350,0.000,5400.000,0.0000%,0,
Contact STARLINK-5459 - STARLINK-11117 [DTC],0.000,5400.000,0.0000%,0,
Contact STARLINK-5459 - STARLINK-32040,0.000,5400.000,0.0000%,0,
Contact STARLINK-5459 - STARLINK-5111,0.000,5400.000,0.0000%,0,
Contact STARLINK-5459 - STARLINK-31151,1173.902,4226.098,21.7389%,1,
Contact STARLINK-5459 - STARLINK-1718,4483.584,916.416,83.0293%,1,
Contact STARLINK-5459 - STARLINK-5502,5400.000,0.000,100.0000%,1,
Contact STARLINK-5459 - STARLINK-1080,5400.000,0.000,100.0000%,1,
Contact STARLINK-5459 - STARLINK-2224,0.000,5400.000,0.0000%,0,
Contact STARLINK-5459 - STARLINK-5248,4964.819,435.181,91.9411%,2,
Contact STARLINK-5459 - STARLINK-3696,0.000,5400.000,0.0000%,0,
Contact STARLINK-5459 - STARLINK-5268,0.000,5400.000,0.0000%,0,
Contact STARLINK-5459 - STARLINK-3540,0.000,5400.000,0.0000%,0,
Contact STARLINK-5459 - STARLINK-4453,0.000,5400.000,0.0000%,0,
Contact STARLINK-5459 - STARLINK-4480,0.000,5400.000,0.0000%,0,
Contact STARLINK-5459 - STARLINK-4107,0.000,5400.000,0.0000%,0,
Contact STARLINK-5459 - STARLINK-5158,0.000,5400.000,0.0000%,0,
Contact STARLINK-5459 - STARLINK-6109,522.789,4877.211,9.6813%,2,
Contact STARLINK-5459 - STARLINK-31816,527.184,4872.816,9.7627%,2,
Contact STARLINK-5459 - STARLINK-30610,0.000,5400.000,0.0000%,0,
Contact STARLINK-5459 - STARLINK-6247,0.000,5400.000,0.0000%,0,
Contact STARLINK-5459 - STARLINK-5555,0.000,5400.000,0.0000%,0,
Contact STARLINK-5459 - STARLINK-11225 [DTC],0.000,5400.000,0.0000%,0,
Contact STARLINK-5459 - STARLINK-1682,0.000,5400.000,0.0000%,0,
Contact STARLINK-5459 - STARLINK-2436,0.000,5400.000,0.0000%,0,
Contact STARLINK-5459 - STARLINK-30752,0.000,5400.000,0.0000%,0,
Contact STARLINK-5459 - STARLINK-3869,0.000,5400.000,0.0000%,0,
Contact STARLINK-5459 - STARLINK-2128,0.000,5400.000,0.0000%,0,
Contact STARLINK-5459 - STARLINK-2214,0.000,5400.000,0.0000%,0,
Contact STARLINK-5459 - STARLINK-4676,1005.855,4394.145,18.6269%,1,
Contact STARLINK-5459 - STARLINK-5777,0.000,5400.000,0.0000%,0,
Contact STARLINK-5459 - STARLINK-30362,774.554,4625.446,14.3436%,1,
Contact STARLINK-5459 - STARLINK-4679,0.000,5400.000,0.0000%,0,
Contact STARLINK-5459 - STARLINK-4565,0.000,5400.000,0.0000%,0,
Contact STARLINK-5459 - STARLINK-31895,599.344,4800.656,11.0990%,1,
Contact STARLINK-5459 - STARLINK-3316,0.000,5400.000,0.0000%,0,
Contact STARLINK-5459 - STARLINK-30480,0.000,5400.000,0.0000%,0,
Contact STARLINK-5459 - STARLINK-5484,0.000,5400.000,0.0000%,0,
Contact STARLINK-5459 - STARLINK-4419,500.666,4899.334,9.2716%,1,
Contact STARLINK-5459 - STARLINK-30154,513.938,4886.062,9.5174%,1,
Contact STARLINK-5459 - STARLINK-3770,0.000,5400.000,0.0000%,0,
Contact STARLINK-5459 - STARLINK-30565,504.736,4895.264,9.3470%,2,
Contact STARLINK-5459 - STARLINK-30248,873.872,4526.128,16.1828%,1,
Contact STARLINK-5459 - STARLINK-5954,0.000,5400.000,0.0000%,0,
Contact STARLINK-5459 - STARLINK-5609,0.000,5400.000,0.0000%,0,
Contact STARLINK-5459 - STARLINK-3855,0.000,5400.000,0.0000%,0,
Contact STARLINK-5459 - STARLINK-4030,800.366,4599.634,14.8216%,1,
Contact STARLINK-5459 - STARLINK-5416,465.343,4934.657,8.6175%,1,
Contact STARLINK-5459 - STARLINK-5067,0.000,5400.000,0.0000%,0,
Contact STARLINK-5459 - STARLINK-1692,0.000,5400.000,0.0000%,0,
Contact STARLINK-5459 - STARLINK-3897,3740.321,1659.679,69.2652%,1,
Contact STARLINK-5459 - STARLINK-6046,640.274,4759.726,11.8569%,1,
Contact STARLINK-5459 - STARLINK-4070,0.000,5400.000,0.0000%,0,
Contact STARLINK-5459 - STARLINK-31082,791.650,4608.350,14.6602%,1,
Contact STARLINK-5459 - STARLINK-5951,0.000,5400.000,0.0000%,0,
Contact STARLINK-5459 - STARLINK-4328,0.000,5400.000,0.0000%,0,
Contact STARLINK-5459 - STARLINK-1423,0.000,5400.000,0.0000%,0,
Contact STARLINK-5459 - STARLINK-2153,0.000,5400.000,0.0000%,0,
Contact STARLINK-5459 - STARLINK-3080,0.000,5400.000,0.0000%,0,
Contact STARLINK-5459 - STARLINK-5858,0.000,5400.000,0.0000%,0,
Contact STARLINK-5459 - STARLINK-31195,0.000,5400.000,0.0000%,0,
Contact STARLINK-5459 - STARLINK-5018,4335.985,1064.015,80.2960%,2,
Contact STARLINK-5459 - STARLINK-4776,0.000,5400.000,0.0000%,0,
Contact STARLINK-5459 - STARLINK-5686,5400.000,0.000,100.0000%,1,
Contact STARLINK-5459 - STARLINK-31122,320.119,5079.881,5.9281%,2,
Contact STARLINK-5459 - STARLINK-11130 [DTC],0.000,5400.000,0.0000%,0,
Contact STARLINK-5459 - STARLINK-32043,0.000,5400.000,0.0000%,0,
Contact STARLINK-5459 - STARLINK-1136,0.000,5400.000,0.0000%,0,
Contact STARLINK-5459 - STARLINK-31006,0.000,5400.000,0.0000%,0,
Contact STARLINK-5459 - STARLINK-4429,710.790,4689.210,13.1628%,1,
Contact STARLINK-5459 - STARLINK-4257,313.920,5086.080,5.8133%,2,
Contact STARLINK-5459 - STARLINK-5338,0.000,5400.000,0.0000%,0,
Contact STARLINK-5459 - STARLINK-1572,0.000,5400.000,0.0000%,0,
Contact STARLINK-5459 - STARLINK-32097,0.000,5400.000,0.0000%,0,
Contact STARLINK-5459 - STARLINK-2704,533.026,4866.974,9.8709%,2,
Contact STARLINK-5459 - STARLINK-3750,0.000,5400.000,0.0000%,0,
Contact STARLINK-5459 - STARLINK-6363,0.000,5400.000,0.0000%,0,
Contact STARLINK-5459 - STARLINK-1605,0.000,5400.000,0.0000%,0,
Contact STARLINK-5459 - STARLINK-2068,0.000,5400.000,0.0000%,0,
Contact STARLINK-5459 - STARLINK-30925,0.000,5400.000,0.0000%,0,
Contact STARLINK-5459 - STARLINK-4494,0.000,5400.000,0.0000%,0,
Contact STARLINK-5459 - STARLINK-2499,0.000,5400.000,0.0000%,0,
Contact STARLINK-5459 - STARLINK-3634,1091.738,4308.262,20.2174%,1,
Contact STARLINK-5459 - STARLINK-3768,0.000,5400.000,0.0000%,0,
Contact STARLINK-5459 - STARLINK-30904,0.000,5400.000,0.0000%,0,
Contact STARLINK-5459 - MoonARTEMIS1,3275.126,2124.874,60.6505%,2,
Contact STARLINK-5459 - MoonARTEMIS2,3276.406,2123.594,60.6742%,2,
Contact STARLINK-5459 - MoonIOAGEO,3277.986,2122.014,60.7034%,2,
Contact STARLINK-5459 - MoonIOAGNO,3274.630,2125.370,60.6413%,2,
Contact STARLINK-5459 - MoonIOAGNO 0001,3273.126,2126.874,60.6134%,2,
Contact STARLINK-5459 - MoonIOAGSO,3279.013,2120.987,60.7225%,2,
Contact STARLINK-5459 - MoonIOAGSO 0001,3276.567,2123.433,60.6772%,2,
Contact STARLINK-5459 - MoonLRO,1841.441,3558.559,34.1008%,1,
Contact STARLINK-5459 - MarsSat1,3695.282,1704.718,68.4311%,1,
Contact STARLINK-5459 - MarsSat2,3695.283,1704.717,68.4312%,1,
Contact STARLINK-5459 - MarsSat3,3695.285,1704.715,68.4312%,1,
Contact STARLINK-5459 - MarsSat4,3695.278,1704.722,68.4311%,1,
Contact STARLINK-5442 - STARLINK-1502,0.000,5400.000,0.0000%,0,
Contact STARLINK-5442 - STARLINK-5365,0.000,5400.000,0.0000%,0,
Contact STARLINK-5442 - STARLINK-1337,0.000,5400.000,0.0000%,0,
Contact STARLINK-5442 - STARLINK-4385,5400.000,0.000,100.0000%,1,
Contact STARLINK-5442 - STARLINK-30056,0.000,5400.000,0.0000%,0,
Contact STARLINK-5442 - STARLINK-4489,0.000,5400.000,0.0000%,0,
Contact STARLINK-5442 - STARLINK-31663,0.000,5400.000,0.0000%,0,
Contact STARLINK-5442 - STARLINK-5511,0.000,5400.000,0.0000%,0,
Contact STARLINK-5442 - STARLINK-5155,5400.000,0.000,100.0000%,1,
Contact STARLINK-5442 - STARLINK-30217,0.000,5400.000,0.0000%,0,
Contact STARLINK-5442 - STARLINK-6350,0.000,5400.000,0.0000%,0,
Contact STARLINK-5442 - STARLINK-11117 [DTC],0.000,5400.000,0.0000%,0,
Contact STARLINK-5442 - STARLINK-32040,0.000,5400.000,0.0000%,0,
Contact STARLINK-5442 - STARLINK-5111,0.000,5400.000,0.0000%,0,
Contact STARLINK-5442 - STARLINK-31151,0.000,5400.000,0.0000%,0,
Contact STARLINK-5442 - STARLINK-1718,344.920,5055.080,6.3874%,1,
Contact STARLINK-5442 - STARLINK-5502,671.857,4728.143,12.4418%,2,
Contact STARLINK-5442 - STARLINK-1080,704.735,4695.265,13.0506%,2,
Contact STARLINK-5442 - STARLINK-2224,0.000,5400.000,0.0000%,0,
Contact STARLINK-5442 - STARLINK-5248,974.908,4425.092,18.0539%,2,
Contact STARLINK-5442 - STARLINK-3696,0.000,5400.000,0.0000%,0,
Contact STARLINK-5442 - STARLINK-5268,0.000,5400.000,0.0000%,0,
Contact STARLINK-5442 - STARLINK-3540,0.000,5400.000,0.0000%,0,
Contact STARLINK-5442 - STARLINK-4453,0.000,5400.000,0.0000%,0,
Contact STARLINK-5442 - STARLINK-4480,0.000,5400.000,0.0000%,0,
Contact STARLINK-5442 - STARLINK-4107,0.000,5400.000,0.0000%,0,
Contact STARLINK-5442 - STARLINK-5158,0.000,5400.000,0.0000%,0,
Contact STARLINK-5442 - STARLINK-6109,5400.000,0.000,100.0000%,1,
Contact STARLINK-5442 - STARLINK-31816,5400.000,0.000,100.0000%,1,
Contact STARLINK-5442 - STARLINK-30610,0.000,5400.000,0.0000%,0,
Contact STARLINK-5442 - STARLINK-6247,0.000,5400.000,0.0000%,0,
Contact STARLINK-5442 - STARLINK-5555,23.167,5376.833,0.4290%,1,
Contact STARLINK-5442 - STARLINK-11225 [DTC],0.000,5400.000,0.0000%,0,
Contact STARLINK-5442 - STARLINK-1682,0.000,5400.000,0.0000%,0,
Contact STARLINK-5442 - STARLINK-2436,0.000,5400.000,0.0000%,0,
Contact STARLINK-5442 - STARLINK-30752,0.000,5400.000,0.0000%,0,
Contact STARLINK-5442 - STARLINK-3869,0.000,5400.000,0.0000%,0,
Contact STARLINK-5442 - STARLINK-2128,0.000,5400.000,0.0000%,0,
Contact STARLINK-5442 - STARLINK-2214,0.000,5400.000,0.0000%,0,
Contact STARLINK-5442 - STARLINK-4676,293.416,5106.584,5.4336%,2,
Contact STARLINK-5442 - STARLINK-5777,0.000,5400.000,0.0000%,0,
Contact STARLINK-5442 - STARLINK-30362,0.000,5400.000,0.0000%,0,
Contact STARLINK-5442 - STARLINK-4679,0.000,5400.000,0.0000%,0,
Contact STARLINK-5442 - STARLINK-4565,0.000,5400.000,0.0000%,0,
Contact STARLINK-5442 - STARLINK-31895,0.000,5400.000,0.0000%,0,
Contact STARLINK-5442 - STARLINK-3316,0.000,5400.000,0.0000%,0,
Contact STARLINK-5442 - STARLINK-30480,0.000,5400.000,0.0000%,0,
Contact STARLINK-5442 - STARLINK-5484,0.000,5400.000,0.0000%,0,
Contact STARLINK-5442 - STARLINK-4419,5092.536,307.464,94.3062%,2,
Contact STARLINK-5442 - STARLINK-30154,5400.000,0.000,100.0000%,1,
Contact STARLINK-5442 - STARLINK-3770,1372.286,4027.714,25.4127%,1,
Contact STARLINK-5442 - STARLINK-30565,5400.000,0.000,100.0000%,1,
Contact STARLINK-5442 - STARLINK-30248,5400.000,0.000,100.0000%,1,
Contact STARLINK-5442 - STARLINK-5954,0.000,5400.000,0.0000%,0,
Contact STARLINK-5442 - STARLINK-5609,0.000,5400.000,0.0000%,0,
Contact STARLINK-5442 - STARLINK-3855,0.000,5400.000,0.0000%,0,
Contact STARLINK-5442 - STARLINK-4030,0.000,5400.000,0.0000%,0,
Contact STARLINK-5442 - STARLINK-5416,0.000,5400.000,0.0000%,0,
Contact STARLINK-5442 - STARLINK-5067,0.000,5400.000,0.0000%,0,
Contact STARLINK-5442 - STARLINK-1692,1015.116,4384.884,18.7984%,1,
Contact STARLINK-5442 - STARLINK-3897,0.000,5400.000,0.0000%,0,
Contact STARLINK-5442 - STARLINK-6046,5400.000,0.000,100.0000%,1,
Contact STARLINK-5442 - STARLINK-4070,0.000,5400.000,0.0000%,0,
Contact STARLINK-5442 - STARLINK-31082,0.000,5400.000,0.0000%,0,
Contact STARLINK-5442 - STARLINK-5951,0.000,5400.000,0.0000%,0,
Contact STARLINK-5442 - STARLINK-4328,259.412,5140.588,4.8039%,1,
Contact STARLINK-5442 - STARLINK-1423,0.000,5400.000,0.0000%,0,
Contact STARLINK-5442 - STARLINK-2153,0.000,5400.000,0.0000%,0,
Contact STARLINK-5442 - STARLINK-3080,0.000,5400.000,0.0000%,0,
Contact STARLINK-5442 - STARLINK-5858,0.000,5400.000,0.0000%,0,
Contact STARLINK-5442 - STARLINK-31195,0.000,5400.000,0.0000%,0,
Contact STARLINK-5442 - STARLINK-5018,1013.837,4386.163,18.7748%,2,
Contact STARLINK-5442 - STARLINK-4776,388.857,5011.143,7.2011%,1,
Contact STARLINK-5442 - STARLINK-5686,859.784,4540.216,15.9219%,1,
Contact STARLINK-5442 - STARLINK-31122,5400.000,0.000,100.0000%,1,
Contact STARLINK-5442 - STARLINK-11130 [DTC],0.000,5400.000,0.0000%,0,
Contact STARLINK-5442 - STARLINK-32043,0.000,5400.000,0.0000%,0,
Contact STARLINK-5442 - STARLINK-1136,0.000,5400.000,0.0000%,0,
Contact STARLINK-5442 - STARLINK-31006,0.000,5400.000,0.0000%,0,
Contact STARLINK-5442 - STARLINK-4429,0.000,5400.000,0.0000%,0,
Contact STARLINK-5442 - STARLINK-4257,4539.971,860.029,84.0735%,1,
Contact STARLINK-5442 - STARLINK-5338,0.000,5400.000,0.0000%,0,
Contact STARLINK-5442 - STARLINK-1572,0.000,5400.000,0.0000%,0,
Contact STARLINK-5442 - STARLINK-32097,0.000,5400.000,0.0000%,0,
Contact STARLINK-5442 - STARLINK-2704,5400.000,0.000,100.0000%,1,
Contact STARLINK-5442 - STARLINK-3750,0.000,5400.000,0.0000%,0,
Contact STARLINK-5442 - STARLINK-6363,0.000,5400.000,0.0000%,0,
Contact STARLINK-5442 - STARLINK-1605,0.000,5400.000,0.0000%,0,
Contact STARLINK-5442 - STARLINK-2068,0.000,5400.000,0.0000%,0,
Contact STARLINK-5442 - STARLINK-30925,0.000,5400.000,0.0000%,0,
Contact STARLINK-5442 - STARLINK-4494,0.000,5400.000,0.0000%,0,
Contact STARLINK-5442 - STARLINK-2499,5400.000,0.000,100.0000%,1,
Contact STARLINK-5442 - STARLINK-3634,5400.000,0.000,100.0000%,1,
Contact STARLINK-5442 - STARLINK-3768,0.000,5400.000,0.0000%,0,
Contact STARLINK-5442 - STARLINK-30904,0.000,5400.000,0.0000%,0,
Contact STARLINK-5442 - MoonARTEMIS1,5400.000,0.000,100.0000%,1,
Contact STARLINK-5442 - MoonARTEMIS2,5400.000,0.000,100.0000%,1,
Contact STARLINK-5442 - MoonIOAGEO,5400.000,0.000,100.0000%,1,
Contact STARLINK-5442 - MoonIOAGNO,5400.000,0.000,100.0000%,1,
Contact STARLINK-5442 - MoonIOAGNO 0001,5400.000,0.000,100.0000%,1,
Contact STARLINK-5442 - MoonIOAGSO,5400.000,0.000,100.0000%,1,
Contact STARLINK-5442 - MoonIOAGSO 0001,5400.000,0.000,100.0000%,1,
Contact STARLINK-5442 - MoonLRO,3882.354,1517.646,71.8954%,1,
Contact STARLINK-5442 - MarsSat1,3670.401,1729.599,67.9704%,1,
Contact STARLINK-5442 - MarsSat2,3670.386,1729.614,67.9701%,1,
Contact STARLINK-5442 - MarsSat3,3670.414,1729.586,67.9706%,1,
Contact STARLINK-5442 - MarsSat4,3670.427,1729.573,67.9709%,1,
Contact STARLINK-1502 - STARLINK-5365,0.000,5400.000,0.0000%,0,
Contact STARLINK-1502 - STARLINK-1337,0.000,5400.000,0.0000%,0,
Contact STARLINK-1502 - STARLINK-4385,0.000,5400.000,0.0000%,0,
Contact STARLINK-1502 - STARLINK-30056,0.000,5400.000,0.0000%,0,
Contact STARLINK-1502 - STARLINK-4489,0.000,5400.000,0.0000%,0,
Contact STARLINK-1502 - STARLINK-31663,0.000,5400.000,0.0000%,0,
Contact STARLINK-1502 - STARLINK-5511,0.000,5400.000,0.0000%,0,
Contact STARLINK-1502 - STARLINK-5155,0.000,5400.000,0.0000%,0,
Contact STARLINK-1502 - STARLINK-30217,0.000,5400.000,0.0000%,0,
Contact STARLINK-1502 - STARLINK-6350,0.000,5400.000,0.0000%,0,
Contact STARLINK-1502 - STARLINK-11117 [DTC],0.000,5400.000,0.0000%,0,
Contact STARLINK-1502 - STARLINK-32040,0.000,5400.000,0.0000%,0,
Contact STARLINK-1502 - STARLINK-5111,927.794,4472.206,17.1814%,1,
Contact STARLINK-1502 - STARLINK-31151,0.000,5400.000,0.0000%,0,
Contact STARLINK-1502 - STARLINK-1718,0.000,5400.000,0.0000%,0,
Contact STARLINK-1502 - STARLINK-5502,0.000,5400.000,0.0000%,0,
Contact STARLINK-1502 - STARLINK-1080,0.000,5400.000,0.0000%,0,
Contact STARLINK-1502 - STARLINK-2224,0.000,5400.000,0.0000%,0,
Contact STARLINK-1502 - STARLINK-5248,0.000,5400.000,0.0000%,0,
Contact STARLINK-1502 - STARLINK-3696,0.000,5400.000,0.0000%,0,
Contact STARLINK-1502 - STARLINK-5268,0.000,5400.000,0.0000%,0,
Contact STARLINK-1502 - STARLINK-3540,0.000,5400.000,0.0000%,0,
Contact STARLINK-1502 - STARLINK-4453,0.000,5400.000,0.0000%,0,
Contact STARLINK-1502 - STARLINK-4480,252.919,5147.081,4.6837%,2,
Contact STARLINK-1502 - STARLINK-4107,0.000,5400.000,0.0000%,0,
Contact STARLINK-1502 - STARLINK-5158,1051.181,4348.819,19.4663%,1,
Contact STARLINK-1502 - STARLINK-6109,0.000,5400.000,0.0000%,0,
Contact STARLINK-1502 - STARLINK-31816,0.000,5400.000,0.0000%,0,
Contact STARLINK-1502 - STARLINK-30610,0.000,5400.000,0.0000%,0,
Contact STARLINK-1502 - STARLINK-6247,0.000,5400.000,0.0000%,0,
Contact STARLINK-1502 - STARLINK-5555,0.000,5400.000,0.0000%,0,
Contact STARLINK-1502 - STARLINK-11225 [DTC],0.000,5400.000,0.0000%,0,
Contact STARLINK-1502 - STARLINK-1682,255.481,5144.519,4.7311%,1,
Contact STARLINK-1502 - STARLINK-2436,0.000,5400.000,0.0000%,0,
Contact STARLINK-1502 - STARLINK-30752,0.000,5400.000,0.0000%,0,
Contact STARLINK-1502 - STARLINK-3869,516.634,4883.366,9.5673%,2,
Contact STARLINK-1502 - STARLINK-2128,0.000,5400.000,0.0000%,0,
Contact STARLINK-1502 - STARLINK-2214,146.014,5253.986,2.7040%,1,
Contact STARLINK-1502 - STARLINK-4676,0.000,5400.000,0.0000%,0,
Contact STARLINK-1502 - STARLINK-5777,0.000,5400.000,0.0000%,0,
Contact STARLINK-1502 - STARLINK-30362,0.000,5400.000,0.0000%,0,
Contact STARLINK-1502 - STARLINK-4679,5400.000,0.000,100.0000%,1,
Contact STARLINK-1502 - STARLINK-4565,0.000,5400.000,0.0000%,0,
Contact STARLINK-1502 - STARLINK-31895,0.000,5400.000,0.0000%,0,
Contact STARLINK-1502 - STARLINK-3316,0.000,5400.000,0.0000%,0,
Contact STARLINK-1502 - STARLINK-30480,0.000,5400.000,0.0000%,0,
Contact STARLINK-1502 - STARLINK-5484,0.000,5400.000,0.0000%,0,
Contact STARLINK-1502 - STARLINK-4419,0.000,5400.000,0.0000%,0,
Contact STARLINK-1502 - STARLINK-30154,0.000,5400.000,0.0000%,0,
Contact STARLINK-1502 - STARLINK-3770,0.000,5400.000,0.0000%,0,
Contact STARLINK-1502 - STARLINK-30565,0.000,5400.000,0.0000%,0,
Contact STARLINK-1502 - STARLINK-30248,0.000,5400.000,0.0000%,0,
Contact STARLINK-1502 - STARLINK-5954,0.000,5400.000,0.0000%,0,
Contact STARLINK-1502 - STARLINK-5609,0.000,5400.000,0.0000%,0,
Contact STARLINK-1502 - STARLINK-3855,0.000,5400.000,0.0000%,0,
Contact STARLINK-1502 - STARLINK-4030,0.000,5400.000,0.0000%,0,
Contact STARLINK-1502 - STARLINK-5416,0.000,5400.000,0.0000%,0,
Contact STARLINK-1502 - STARLINK-5067,0.000,5400.000,0.0000%,0,
Contact STARLINK-1502 - STARLINK-1692,0.000,5400.000,0.0000%,0,
Contact STARLINK-1502 - STARLINK-3897,0.000,5400.000,0.0000%,0,
Contact STARLINK-1502 - STARLINK-6046,0.000,5400.000,0.0000%,0,
Contact STARLINK-1502 - STARLINK-4070,4389.137,1010.863,81.2803%,2,
Contact STARLINK-1502 - STARLINK-31082,0.000,5400.000,0.0000%,0,
Contact STARLINK-1502 - STARLINK-5951,0.000,5400.000,0.0000%,0,
Contact STARLINK-1502 - STARLINK-4328,4498.498,901.502,83.3055%,1,
Contact STARLINK-1502 - STARLINK-1423,0.000,5400.000,0.0000%,0,
Contact STARLINK-1502 - STARLINK-2153,0.000,5400.000,0.0000%,0,
Contact STARLINK-1502 - STARLINK-3080,615.777,4784.223,11.4033%,1,
Contact STARLINK-1502 - STARLINK-5858,0.000,5400.000,0.0000%,0,
Contact STARLINK-1502 - STARLINK-31195,0.000,5400.000,0.0000%,0,
Contact STARLINK-1502 - STARLINK-5018,0.000,5400.000,0.0000%,0,
Contact STARLINK-1502 - STARLINK-4776,0.000,5400.000,0.0000%,0,
Contact STARLINK-1502 - STARLINK-5686,0.000,5400.000,0.0000%,0,
Contact STARLINK-1502 - STARLINK-31122,0.000,5400.000,0.0000%,0,
Contact STARLINK-1502 - STARLINK-11130 [DTC],0.000,5400.000,0.0000%,0,
Contact STARLINK-1502 - STARLINK-32043,0.000,5400.000,0.0000%,0,
Contact STARLINK-1502 - STARLINK-1136,0.000,5400.000,0.0000%,0,
Contact STARLINK-1502 - STARLINK-31006,0.000,5400.000,0.0000%,0,
Contact STARLINK-1502 - STARLINK-4429,0.000,5400.000,0.0000%,0,
Contact STARLINK-1502 - STARLINK-4257,0.000,5400.000,0.0000%,0,
Contact STARLINK-1502 - STARLINK-5338,0.000,5400.000,0.0000%,0,
Contact STARLINK-1502 - STARLINK-1572,0.000,5400.000,0.0000%,0,
Contact STARLINK-1502 - STARLINK-32097,0.000,5400.000,0.0000%,0,
Contact STARLINK-1502 - STARLINK-2704,0.000,5400.000,0.0000%,0,
Contact STARLINK-1502 - STARLINK-3750,0.000,5400.000,0.0000%,0,
Contact STARLINK-1502 - STARLINK-6363,5400.000,0.000,100.0000%,1,
Contact STARLINK-1502 - STARLINK-1605,0.000,5400.000,0.0000%,0,
Contact STARLINK-1502 - STARLINK-2068,0.000,5400.000,0.0000%,0,
Contact STARLINK-1502 - STARLINK-30925,0.000,5400.000,0.0000%,0,
Contact STARLINK-1502 - STARLINK-4494,0.000,5400.000,0.0000%,0,
Contact STARLINK-1502 - STARLINK-2499,0.000,5400.000,0.0000%,0,
Contact STARLINK-1502 - STARLINK-3634,0.000,5400.000,0.0000%,0,
Contact STARLINK-1502 - STARLINK-3768,0.000,5400.000,0.0000%,0,
Contact STARLINK-1502 - STARLINK-30904,0.000,5400.000,0.0000%,0,
Contact STARLINK-1502 - MoonARTEMIS1,3635.725,1764.275,67.3282%,1,
Contact STARLINK-1502 - MoonARTEMIS2,3640.854,1759.146,67.4232%,1,
Contact STARLINK-1502 - MoonIOAGEO,3628.300,1771.700,67.1907%,1,
Contact STARLINK-1502 - MoonIOAGNO,3635.133,1764.867,67.3173%,1,
Contact STARLINK-1502 - MoonIOAGNO 0001,3640.079,1759.921,67.4089%,1,
Contact STARLINK-1502 - MoonIOAGSO,3629.278,1770.722,67.2088%,1,
Contact STARLINK-1502 - MoonIOAGSO 0001,3634.992,1765.008,67.3147%,1,
Contact STARLINK-1502 - MoonLRO,3629.068,1770.932,67.2050%,1,
Contact STARLINK-1502 - MarsSat1,5400.000,0.000,100.0000%,1,
Contact STARLINK-1502 - MarsSat2,5400.000,0.000,100.0000%,1,
Contact STARLINK-1502 - MarsSat3,5400.000,0.000,100.0000%,1,
Contact STARLINK-1502 - MarsSat4,5400.000,0.000,100.0000%,1,
Contact STARLINK-5365 - STARLINK-1337,0.000,5400.000,0.0000%,0,
Contact STARLINK-5365 - STARLINK-4385,0.000,5400.000,0.0000%,0,
Contact STARLINK-5365 - STARLINK-30056,205.437,5194.563,3.8044%,2,
Contact STARLINK-5365 - STARLINK-4489,0.000,5400.000,0.0000%,0,
Contact STARLINK-5365 - STARLINK-31663,5400.000,0.000,100.0000%,1,
Contact STARLINK-5365 - STARLINK-5511,5400.000,0.000,100.0000%,1,
Contact STARLINK-5365 - STARLINK-5155,0.000,5400.000,0.0000%,0,
Contact STARLINK-5365 - STARLINK-30217,0.000,5400.000,0.0000%,0,
Contact STARLINK-5365 - STARLINK-6350,0.000,5400.000,0.0000%,0,
Contact STARLINK-5365 - STARLINK-11117 [DTC],0.000,5400.000,0.0000%,0,
Contact STARLINK-5365 - STARLINK-32040,5400.000,0.000,100.0000%,1,
Contact STARLINK-5365 - STARLINK-5111,845.156,4554.844,15.6510%,1,
Contact STARLINK-5365 - STARLINK-31151,0.000,5400.000,0.0000%,0,
Contact STARLINK-5365 - STARLINK-1718,0.000,5400.000,0.0000%,0,
Contact STARLINK-5365 - STARLINK-5502,0.000,5400.000,0.0000%,0,
Contact STARLINK-5365 - STARLINK-1080,0.000,5400.000,0.0000%,0,
Contact STARLINK-5365 - STARLINK-2224,0.000,5400.000,0.0000%,0,
Contact STARLINK-5365 - STARLINK-5248,0.000,5400.000,0.0000%,0,
Contact STARLINK-5365 - STARLINK-3696,0.000,5400.000,0.0000%,0,
Contact STARLINK-5365 - STARLINK-5268,0.000,5400.000,0.0000%,0,
Contact STARLINK-5365 - STARLINK-3540,934.610,4465.390,17.3076%,1,
Contact STARLINK-5365 - STARLINK-4453,0.000,5400.000,0.0000%,0,
Contact STARLINK-5365 - STARLINK-4480,995.030,4404.970,18.4265%,1,
Contact STARLINK-5365 - STARLINK-4107,0.000,5400.000,0.0000%,0,
Contact STARLINK-5365 - STARLINK-5158,0.000,5400.000,0.0000%,0,
Contact STARLINK-5365 - STARLINK-6109,0.000,5400.000,0.0000%,0,
Contact STARLINK-5365 - STARLINK-31816,0.000,5400.000,0.0000%,0,
Contact STARLINK-5365 - STARLINK-30610,0.000,5400.000,0.0000%,0,
Contact STARLINK-5365 - STARLINK-6247,0.000,5400.000,0.0000%,0,
Contact STARLINK-5365 - STARLINK-5555,0.000,5400.000,0.0000%,0,
Contact STARLINK-5365 - STARLINK-11225 [DTC],0.000,5400.000,0.0000%,0,
Contact STARLINK-5365 - STARLINK-1682,0.000,5400.000,0.0000%,0,
Contact STARLINK-5365 - STARLINK-2436,0.000,5400.000,0.0000%,0,
Contact STARLINK-5365 - STARLINK-30752,4111.968,1288.032,76.1476%,2,
Contact STARLINK-5365 - STARLINK-3869,943.111,4456.889,17.4650%,1,
Contact STARLINK-5365 - STARLINK-2128,0.000,5400.000,0.0000%,0,
Contact STARLINK-5365 - STARLINK-2214,989.263,4410.737,18.3197%,1,
Contact STARLINK-5365 - STARLINK-4676,0.000,5400.000,0.0000%,0,
Contact STARLINK-5365 - STARLINK-5777,5400.000,0.000,100.0000%,1,
Contact STARLINK-5365 - STARLINK-30362,0.000,5400.000,0.0000%,0,
Contact STARLINK-5365 - STARLINK-4679,0.000,5400.000,0.0000%,0,
Contact STARLINK-5365 - STARLINK-4565,967.029,4432.971,17.9079%,1,
Contact STARLINK-5365 - STARLINK-31895,0.000,5400.000,0.0000%,0,
Contact STARLINK-5365 - STARLINK-3316,0.000,5400.000,0.0000%,0,
Contact STARLINK-5365 - STARLINK-30480,0.000,5400.000,0.0000%,0,
Contact STARLINK-5365 - STARLINK-5484,4900.080,499.920,90.7422%,1,
Contact STARLINK-5365 - STARLINK-4419,0.000,5400.000,0.0000%,0,
Contact STARLINK-5365 - STARLINK-30154,0.000,5400.000,0.0000%,0,
Contact STARLINK-5365 - STARLINK-3770,0.000,5400.000,0.0000%,0,
Contact STARLINK-5365 - STARLINK-30565,0.000,5400.000,0.0000%,0,
Contact STARLINK-5365 - STARLINK-30248,0.000,5400.000,0.0000%,0,
Contact STARLINK-5365 - STARLINK-5954,0.000,5400.000,0.0000%,0,
Contact STARLINK-5365 - STARLINK-5609,0.000,5400.000,0.0000%,0,
Contact STARLINK-5365 - STARLINK-3855,0.000,5400.000,0.0000%,0,
Contact STARLINK-5365 - STARLINK-4030,0.000,5400.000,0.0000%,0,
Contact STARLINK-5365 - STARLINK-5416,0.000,5400.000,0.0000%,0,
Contact STARLINK-5365 - STARLINK-5067,1463.195,3936.805,27.0962%,1,
Contact STARLINK-5365 - STARLINK-1692,0.000,5400.000,0.0000%,0,
Contact STARLINK-5365 - STARLINK-3897,0.000,5400.000,0.0000%,0,
Contact STARLINK-5365 - STARLINK-6046,0.000,5400.000,0.0000%,0,
Contact STARLINK-5365 - STARLINK-4070,0.000,5400.000,0.0000%,0,
Contact STARLINK-5365 - STARLINK-31082,0.000,5400.000,0.0000%,0,
Contact STARLINK-5365 - STARLINK-5951,0.000,5400.000,0.0000%,0,
Contact STARLINK-5365 - STARLINK-4328,0.000,5400.000,0.0000%,0,
Contact STARLINK-5365 - STARLINK-1423,0.000,5400.000,0.0000%,0,
Contact STARLINK-5365 - STARLINK-2153,4411.250,988.750,81.6898%,2,
Contact STARLINK-5365 - STARLINK-3080,0.000,5400.000,0.0000%,0,
Contact STARLINK-5365 - STARLINK-5858,5400.000,0.000,100.0000%,1,
Contact STARLINK-5365 - STARLINK-31195,0.000,5400.000,0.0000%,0,
Contact STARLINK-5365 - STARLINK-5018,0.000,5400.000,0.0000%,0,
Contact STARLINK-5365 - STARLINK-4776,0.000,5400.000,0.0000%,0,
Contact STARLINK-5365 - STARLINK-5686,0.000,5400.000,0.0000%,0,
Contact STARLINK-5365 - STARLINK-31122,0.000,5400.000,0.0000%,0,
Contact STARLINK-5365 - STARLINK-11130 [DTC],0.000,5400.000,0.0000%,0,
Contact STARLINK-5365 - STARLINK-32043,5400.000,0.000,100.0000%,1,
Contact STARLINK-5365 - STARLINK-1136,5400.000,0.000,100.0000%,1,
Contact STARLINK-5365 - STARLINK-31006,5400.000,0.000,100.0000%,1,
Contact STARLINK-5365 - STARLINK-4429,334.046,5065.954,6.1860%,1,
Contact STARLINK-5365 - STARLINK-4257,0.000,5400.000,0.0000%,0,
Contact STARLINK-5365 - STARLINK-5338,0.000,5400.000,0.0000%,0,
Contact STARLINK-5365 - STARLINK-1572,0.000,5400.000,0.0000%,0,
Contact STARLINK-5365 - STARLINK-32097,5400.000,0.000,100.0000%,1,
Contact STARLINK-5365 - STARLINK-2704,0.000,5400.000,0.0000%,0,
Contact STARLINK-5365 - STARLINK-3750,287.011,5112.989,5.3150%,1,
Contact STARLINK-5365 - STARLINK-6363,0.000,5400.000,0.0000%,0,
Contact STARLINK-5365 - STARLINK-1605,5400.000,0.000,100.0000%,1,
Contact STARLINK-5365 - STARLINK-2068,0.000,5400.000,0.0000%,0,
Contact STARLINK-5365 - STARLINK-30925,0.000,5400.000,0.0000%,0,
Contact STARLINK-5365 - STARLINK-4494,0.000,5400.000,0.0000%,0,
Contact STARLINK-5365 - STARLINK-2499,0.000,5400.000,0.0000%,0,
Contact STARLINK-5365 - STARLINK-3634,0.000,5400.000,0.0000%,0,
Contact STARLINK-5365 - STARLINK-3768,0.000,5400.000,0.0000%,0,
Contact STARLINK-5365 - STARLINK-30904,0.000,5400.000,0.0000%,0,
Contact STARLINK-5365 - MoonARTEMIS1,3576.361,1823.639,66.2289%,1,
Contact STARLINK-5365 - MoonARTEMIS2,3586.473,1813.527,66.4162%,1,
Contact STARLINK-5365 - MoonIOAGEO,3572.481,1827.519,66.1571%,1,
Contact STARLINK-5365 - MoonIOAGNO,3585.991,1814.009,66.4072%,1,
Contact STARLINK-5365 - MoonIOAGNO 0001,3572.002,1827.998,66.1482%,1,
Contact STARLINK-5365 - MoonIOAGSO,3563.824,1836.176,65.9967%,1,
Contact STARLINK-5365 - MoonIOAGSO 0001,3574.546,1825.454,66.1953%,1,
Contact STARLINK-5365 - MoonLRO,2078.128,3321.872,38.4839%,1,
Contact STARLINK-5365 - MarsSat1,3370.604,2029.396,62.4186%,2,
Contact STARLINK-5365 - MarsSat2,3370.585,2029.415,62.4182%,2,
Contact STARLINK-5365 - MarsSat3,3370.633,2029.367,62.4191%,2,
Contact STARLINK-5365 - MarsSat4,3370.579,2029.421,62.4181%,2,
Contact STARLINK-1337 - STARLINK-4385,0.000,5400.000,0.0000%,0,
Contact STARLINK-1337 - STARLINK-30056,5400.000,0.000,100.0000%,1,
Contact STARLINK-1337 - STARLINK-4489,5400.000,0.000,100.0000%,1,
Contact STARLINK-1337 - STARLINK-31663,0.000,5400.000,0.0000%,0,
Contact STARLINK-1337 - STARLINK-5511,705.613,4694.387,13.0669%,2,
Contact STARLINK-1337 - STARLINK-5155,0.000,5400.000,0.0000%,0,
Contact STARLINK-1337 - STARLINK-30217,0.000,5400.000,0.0000%,0,
Contact STARLINK-1337 - STARLINK-6350,0.000,5400.000,0.0000%,0,
Contact STARLINK-1337 - STARLINK-11117 [DTC],0.000,5400.000,0.0000%,0,
Contact STARLINK-1337 - STARLINK-32040,0.000,5400.000,0.0000%,0,
Contact STARLINK-1337 - STARLINK-5111,0.000,5400.000,0.0000%,0,
Contact STARLINK-1337 - STARLINK-31151,0.000,5400.000,0.0000%,0,
Contact STARLINK-1337 - STARLINK-1718,0.000,5400.000,0.0000%,0,
Contact STARLINK-1337 - STARLINK-5502,0.000,5400.000,0.0000%,0,
Contact STARLINK-1337 - STARLINK-1080,0.000,5400.000,0.0000%,0,
Contact STARLINK-1337 - STARLINK-2224,5400.000,0.000,100.0000%,1,
Contact STARLINK-1337 - STARLINK-5248,0.000,5400.000,0.0000%,0,
Contact STARLINK-1337 - STARLINK-3696,5400.000,0.000,100.0000%,1,
Contact STARLINK-1337 - STARLINK-5268,0.000,5400.000,0.0000%,0,
Contact STARLINK-1337 - STARLINK-3540,912.581,4487.419,16.8997%,2,
Contact STARLINK-1337 - STARLINK-4453,828.827,4571.173,15.3486%,2,
Contact STARLINK-1337 - STARLINK-4480,0.000,5400.000,0.0000%,0,
Contact STARLINK-1337 - STARLINK-4107,0.000,5400.000,0.0000%,0,
Contact STARLINK-1337 - STARLINK-5158,763.861,4636.139,14.1456%,2,
Contact STARLINK-1337 - STARLINK-6109,0.000,5400.000,0.0000%,0,
Contact STARLINK-1337 - STARLINK-31816,0.000,5400.000,0.0000%,0,
Contact STARLINK-1337 - STARLINK-30610,0.000,5400.000,0.0000%,0,
Contact STARLINK-1337 - STARLINK-6247,0.000,5400.000,0.0000%,0,
Contact STARLINK-1337 - STARLINK-5555,0.000,5400.000,0.0000%,0,
Contact STARLINK-1337 - STARLINK-11225 [DTC],5400.000,0.000,100.0000%,1,
Contact STARLINK-1337 - STARLINK-1682,0.000,5400.000,0.0000%,0,
Contact STARLINK-1337 - STARLINK-2436,0.000,5400.000,0.0000%,0,
Contact STARLINK-1337 - STARLINK-30752,0.000,5400.000,0.0000%,0,
Contact STARLINK-1337 - STARLINK-3869,0.000,5400.000,0.0000%,0,
Contact STARLINK-1337 - STARLINK-2128,0.000,5400.000,0.0000%,0,
Contact STARLINK-1337 - STARLINK-2214,0.000,5400.000,0.0000%,0,
Contact STARLINK-1337 - STARLINK-4676,0.000,5400.000,0.0000%,0,
Contact STARLINK-1337 - STARLINK-5777,687.179,4712.821,12.7255%,2,
Contact STARLINK-1337 - STARLINK-30362,0.000,5400.000,0.0000%,0,
Contact STARLINK-1337 - STARLINK-4679,0.000,5400.000,0.0000%,0,
Contact STARLINK-1337 - STARLINK-4565,0.000,5400.000,0.0000%,0,
Contact STARLINK-1337 - STARLINK-31895,1020.677,4379.323,18.9014%,1,
Contact STARLINK-1337 - STARLINK-3316,0.000,5400.000,0.0000%,0,
Contact STARLINK-1337 - STARLINK-30480,0.000,5400.000,0.0000%,0,
Contact STARLINK-1337 - STARLINK-5484,642.554,4757.446,11.8992%,2,
Contact STARLINK-1337 - STARLINK-4419,0.000,5400.000,0.0000%,0,
Contact STARLINK-1337 - STARLINK-30154,0.000,5400.000,0.0000%,0,
Contact STARLINK-1337 - STARLINK-3770,0.000,5400.000,0.0000%,0,
Contact STARLINK-1337 - STARLINK-30565,0.000,5400.000,0.0000%,0,
Contact STARLINK-1337 - STARLINK-30248,0.000,5400.000,0.0000%,0,
Contact STARLINK-1337 - STARLINK-5954,0.000,5400.000,0.0000%,0,
Contact STARLINK-1337 - STARLINK-5609,0.000,5400.000,0.0000%,0,
Contact STARLINK-1337 - STARLINK-3855,0.000,5400.000,0.0000%,0,
Contact STARLINK-1337 - STARLINK-4030,3949.639,1450.361,73.1415%,1,
Contact STARLINK-1337 - STARLINK-5416,0.000,5400.000,0.0000%,0,
Contact STARLINK-1337 - STARLINK-5067,533.784,4866.216,9.8849%,2,
Contact STARLINK-1337 - STARLINK-1692,0.000,5400.000,0.0000%,0,
Contact STARLINK-1337 - STARLINK-3897,0.000,5400.000,0.0000%,0,
Contact STARLINK-1337 - STARLINK-6046,0.000,5400.000,0.0000%,0,
Contact STARLINK-1337 - STARLINK-4070,0.000,5400.000,0.0000%,0,
Contact STARLINK-1337 - STARLINK-31082,0.000,5400.000,0.0000%,0,
Contact STARLINK-1337 - STARLINK-5951,0.000,5400.000,0.0000%,0,
Contact STARLINK-1337 - STARLINK-4328,0.000,5400.000,0.0000%,0,
Contact STARLINK-1337 - STARLINK-1423,0.000,5400.000,0.0000%,0,
Contact STARLINK-1337 - STARLINK-2153,740.900,4659.100,13.7204%,2,
Contact STARLINK-1337 - STARLINK-3080,0.000,5400.000,0.0000%,0,
Contact STARLINK-1337 - STARLINK-5858,652.017,4747.983,12.0744%,2,
Contact STARLINK-1337 - STARLINK-31195,5400.000,0.000,100.0000%,1,
Contact STARLINK-1337 - STARLINK-5018,0.000,5400.000,0.0000%,0,
Contact STARLINK-1337 - STARLINK-4776,0.000,5400.000,0.0000%,0,
Contact STARLINK-1337 - STARLINK-5686,0.000,5400.000,0.0000%,0,
Contact STARLINK-1337 - STARLINK-31122,0.000,5400.000,0.0000%,0,
Contact STARLINK-1337 - STARLINK-11130 [DTC],0.000,5400.000,0.0000%,0,
Contact STARLINK-1337 - STARLINK-32043,239.375,5160.625,4.4329%,1,
Contact STARLINK-1337 - STARLINK-1136,0.000,5400.000,0.0000%,0,
Contact STARLINK-1337 - STARLINK-31006,0.000,5400.000,0.0000%,0,
Contact STARLINK-1337 - STARLINK-4429,0.000,5400.000,0.0000%,0,
Contact STARLINK-1337 - STARLINK-4257,0.000,5400.000,0.0000%,0,
Contact STARLINK-1337 - STARLINK-5338,4074.597,1325.403,75.4555%,1,
Contact STARLINK-1337 - STARLINK-1572,5400.000,0.000,100.0000%,1,
Contact STARLINK-1337 - STARLINK-32097,0.000,5400.000,0.0000%,0,
Contact STARLINK-1337 - STARLINK-2704,0.000,5400.000,0.0000%,0,
Contact STARLINK-1337 - STARLINK-3750,5400.000,0.000,100.0000%,1,
Contact STARLINK-1337 - STARLINK-6363,0.000,5400.000,0.0000%,0,
Contact STARLINK-1337 - STARLINK-1605,0.000,5400.000,0.0000%,0,
Contact STARLINK-1337 - STARLINK-2068,1071.544,4328.456,19.8434%,1,
Contact STARLINK-1337 - STARLINK-30925,0.000,5400.000,0.0000%,0,
Contact STARLINK-1337 - STARLINK-4494,0.000,5400.000,0.0000%,0,
Contact STARLINK-1337 - STARLINK-2499,0.000,5400.000,0.0000%,0,
Contact STARLINK-1337 - STARLINK-3634,0.000,5400.000,0.0000%,0,
Contact STARLINK-1337 - STARLINK-3768,5400.000,0.000,100.0000%,1,
Contact STARLINK-1337 - STARLINK-30904,0.000,5400.000,0.0000%,0,
Contact STARLINK-1337 - MoonARTEMIS1,3394.565,2005.435,62.8623%,1,
Contact STARLINK-1337 - MoonARTEMIS2,3407.654,1992.346,63.1047%,1,
Contact STARLINK-1337 - MoonIOAGEO,3396.512,2003.488,62.8984%,1,
Contact STARLINK-1337 - MoonIOAGNO,3397.507,2002.493,62.9168%,1,
Contact STARLINK-1337 - MoonIOAGNO 0001,3416.827,1983.173,63.2746%,1,
Contact STARLINK-1337 - MoonIOAGSO,3396.457,2003.543,62.8973%,1,
Contact STARLINK-1337 - MoonIOAGSO 0001,3382.205,2017.795,62.6334%,1,
Contact STARLINK-1337 - MoonLRO,3400.169,1999.831,62.9661%,1,
Contact STARLINK-1337 - MarsSat1,5400.000,0.000,100.0000%,1,
Contact STARLINK-1337 - MarsSat2,5400.000,0.000,100.0000%,1,
Contact STARLINK-1337 - MarsSat3,5400.000,0.000,100.0000%,1,
Contact STARLINK-1337 - MarsSat4,5400.000,0.000,100.0000%,1,
Contact STARLINK-4385 - STARLINK-30056,0.000,5400.000,0.0000%,0,
Contact STARLINK-4385 - STARLINK-4489,0.000,5400.000,0.0000%,0,
Contact STARLINK-4385 - STARLINK-31663,0.000,5400.000,0.0000%,0,
Contact STARLINK-4385 - STARLINK-5511,0.000,5400.000,0.0000%,0,
Contact STARLINK-4385 - STARLINK-5155,955.239,4444.761,17.6896%,2,
Contact STARLINK-4385 - STARLINK-30217,0.000,5400.000,0.0000%,0,
Contact STARLINK-4385 - STARLINK-6350,514.765,4885.235,9.5327%,1,
Contact STARLINK-4385 - STARLINK-11117 [DTC],0.000,5400.000,0.0000%,0,
Contact STARLINK-4385 - STARLINK-32040,0.000,5400.000,0.0000%,0,
Contact STARLINK-4385 - STARLINK-5111,0.000,5400.000,0.0000%,0,
Contact STARLINK-4385 - STARLINK-31151,0.000,5400.000,0.0000%,0,
Contact STARLINK-4385 - STARLINK-1718,343.921,5056.079,6.3689%,2,
Contact STARLINK-4385 - STARLINK-5502,326.856,5073.144,6.0529%,2,
Contact STARLINK-4385 - STARLINK-1080,552.112,4847.888,10.2243%,1,
Contact STARLINK-4385 - STARLINK-2224,0.000,5400.000,0.0000%,0,
Contact STARLINK-4385 - STARLINK-5248,412.686,4987.314,7.6423%,2,
Contact STARLINK-4385 - STARLINK-3696,0.000,5400.000,0.0000%,0,
Contact STARLINK-4385 - STARLINK-5268,0.000,5400.000,0.0000%,0,
Contact STARLINK-4385 - STARLINK-3540,0.000,5400.000,0.0000%,0,
Contact STARLINK-4385 - STARLINK-4453,0.000,5400.000,0.0000%,0,
Contact STARLINK-4385 - STARLINK-4480,0.000,5400.000,0.0000%,0,
Contact STARLINK-4385 - STARLINK-4107,0.000,5400.000,0.0000%,0,
Contact STARLINK-4385 - STARLINK-5158,0.000,5400.000,0.0000%,0,
Contact STARLINK-4385 - STARLINK-6109,1682.200,3717.800,31.1519%,1,
Contact STARLINK-4385 - STARLINK-31816,0.000,5400.000,0.0000%,0,
Contact STARLINK-4385 - STARLINK-30610,0.000,5400.000,0.0000%,0,
Contact STARLINK-4385 - STARLINK-6247,0.000,5400.000,0.0000%,0,
Contact STARLINK-4385 - STARLINK-5555,363.163,5036.837,6.7252%,2,
Contact STARLINK-4385 - STARLINK-11225 [DTC],0.000,5400.000,0.0000%,0,
Contact STARLINK-4385 - STARLINK-1682,356.215,5043.785,6.5966%,1,
Contact STARLINK-4385 - STARLINK-2436,648.721,4751.279,12.0134%,1,
Contact STARLINK-4385 - STARLINK-30752,0.000,5400.000,0.0000%,0,
Contact STARLINK-4385 - STARLINK-3869,0.000,5400.000,0.0000%,0,
Contact STARLINK-4385 - STARLINK-2128,0.000,5400.000,0.0000%,0,
Contact STARLINK-4385 - STARLINK-2214,0.000,5400.000,0.0000%,0,
Contact STARLINK-4385 - STARLINK-4676,376.100,5023.900,6.9648%,2,
Contact STARLINK-4385 - STARLINK-5777,0.000,5400.000,0.0000%,0,
Contact STARLINK-4385 - STARLINK-30362,0.000,5400.000,0.0000%,0,
Contact STARLINK-4385 - STARLINK-4679,0.000,5400.000,0.0000%,0,
Contact STARLINK-4385 - STARLINK-4565,0.000,5400.000,0.0000%,0,
Contact STARLINK-4385 - STARLINK-31895,0.000,5400.000,0.0000%,0,
Contact STARLINK-4385 - STARLINK-3316,0.000,5400.000,0.0000%,0,
Contact STARLINK-4385 - STARLINK-30480,0.000,5400.000,0.0000%,0,
Contact STARLINK-4385 - STARLINK-5484,0.000,5400.000,0.0000%,0,
Contact STARLINK-4385 - STARLINK-4419,5400.000,0.000,100.0000%,1,
Contact STARLINK-4385 - STARLINK-30154,717.588,4682.412,13.2887%,2,
Contact STARLINK-4385 - STARLINK-3770,0.000,5400.000,0.0000%,0,
Contact STARLINK-4385 - STARLINK-30565,5061.815,338.185,93.7373%,2,
Contact STARLINK-4385 - STARLINK-30248,1105.312,4294.688,20.4687%,1,
Contact STARLINK-4385 - STARLINK-5954,0.000,5400.000,0.0000%,0,
Contact STARLINK-4385 - STARLINK-5609,262.669,5137.331,4.8642%,1,
Contact STARLINK-4385 - STARLINK-3855,0.000,5400.000,0.0000%,0,
Contact STARLINK-4385 - STARLINK-4030,0.000,5400.000,0.0000%,0,
Contact STARLINK-4385 - STARLINK-5416,0.000,5400.000,0.0000%,0,
Contact STARLINK-4385 - STARLINK-5067,0.000,5400.000,0.0000%,0,
Contact STARLINK-4385 - STARLINK-1692,995.119,4404.881,18.4281%,1,
Contact STARLINK-4385 - STARLINK-3897,0.000,5400.000,0.0000%,0,
Contact STARLINK-4385 - STARLINK-6046,5400.000,0.000,100.0000%,1,
Contact STARLINK-4385 - STARLINK-4070,0.000,5400.000,0.0000%,0,
Contact STARLINK-4385 - STARLINK-31082,0.000,5400.000,0.0000%,0,
Contact STARLINK-4385 - STARLINK-5951,0.000,5400.000,0.0000%,0,
Contact STARLINK-4385 - STARLINK-4328,656.889,4743.111,12.1646%,1,
Contact STARLINK-4385 - STARLINK-1423,0.000,5400.000,0.0000%,0,
Contact STARLINK-4385 - STARLINK-2153,0.000,5400.000,0.0000%,0,
Contact STARLINK-4385 - STARLINK-3080,0.000,5400.000,0.0000%,0,
Contact STARLINK-4385 - STARLINK-5858,0.000,5400.000,0.0000%,0,
Contact STARLINK-4385 - STARLINK-31195,0.000,5400.000,0.0000%,0,
Contact STARLINK-4385 - STARLINK-5018,468.030,4931.970,8.6672%,2,
Contact STARLINK-4385 - STARLINK-4776,469.755,4930.245,8.6992%,2,
Contact STARLINK-4385 - STARLINK-5686,0.000,5400.000,0.0000%,0,
Contact STARLINK-4385 - STARLINK-31122,723.600,4676.400,13.4000%,1,
Contact STARLINK-4385 - STARLINK-11130 [DTC],281.077,5118.923,5.2051%,2,
Contact STARLINK-4385 - STARLINK-32043,0.000,5400.000,0.0000%,0,
Contact STARLINK-4385 - STARLINK-1136,0.000,5400.000,0.0000%,0,
Contact STARLINK-4385 - STARLINK-31006,0.000,5400.000,0.0000%,0,
Contact STARLINK-4385 - STARLINK-4429,0.000,5400.000,0.0000%,0,
Contact STARLINK-4385 - STARLINK-4257,4207.496,1192.504,77.9166%,1,
Contact STARLINK-4385 - STARLINK-5338,0.000,5400.000,0.0000%,0,
Contact STARLINK-4385 - STARLINK-1572,0.000,5400.000,0.0000%,0,
Contact STARLINK-4385 - STARLINK-32097,0.000,5400.000,0.0000%,0,
Contact STARLINK-4385 - STARLINK-2704,5400.000,0.000,100.0000%,1,
Contact STARLINK-4385 - STARLINK-3750,0.000,5400.000,0.0000%,0,
Contact STARLINK-4385 - STARLINK-6363,0.000,5400.000,0.0000%,0,
Contact STARLINK-4385 - STARLINK-1605,0.000,5400.000,0.0000%,0,
Contact STARLINK-4385 - STARLINK-2068,0.000,5400.000,0.0000%,0,
Contact STARLINK-4385 - STARLINK-30925,0.000,5400.000,0.0000%,0,
Contact STARLINK-4385 - STARLINK-4494,0.000,5400.000,0.0000%,0,
Contact STARLINK-4385 - STARLINK-2499,623.512,4776.488,11.5465%,2,
Contact STARLINK-4385 - STARLINK-3634,490.354,4909.646,9.0806%,2,
Contact STARLINK-4385 - STARLINK-3768,0.000,5400.000,0.0000%,0,
Contact STARLINK-4385 - STARLINK-30904,0.000,5400.000,0.0000%,0,
Contact STARLINK-4385 - MoonARTEMIS1,5400.000,0.000,100.0000%,1,
Contact STARLINK-4385 - MoonARTEMIS2,5400.000,0.000,100.0000%,1,
Contact STARLINK-4385 - MoonIOAGEO,5400.000,0.000,100.0000%,1,
Contact STARLINK-4385 - MoonIOAGNO,5400.000,0.000,100.0000%,1,
Contact STARLINK-4385 - MoonIOAGNO 0001,5400.000,0.000,100.0000%,1,
Contact STARLINK-4385 - MoonIOAGSO,5400.000,0.000,100.0000%,1,
Contact STARLINK-4385 - MoonIOAGSO 0001,5400.000,0.000,100.0000%,1,
Contact STARLINK-4385 - MoonLRO,3875.410,1524.590,71.7668%,1,
Contact STARLINK-4385 - MarsSat1,3650.437,1749.563,67.6007%,1,
Contact STARLINK-4385 - MarsSat2,3650.433,1749.567,67.6006%,1,
Contact STARLINK-4385 - MarsSat3,3650.434,1749.566,67.6006%,1,
Contact STARLINK-4385 - MarsSat4,3650.438,1749.562,67.6007%,1,
Contact STARLINK-30056 - STARLINK-4489,4114.801,1285.199,76.2000%,2,
Contact STARLINK-30056 - STARLINK-31663,0.000,5400.000,0.0000%,0,
Contact STARLINK-30056 - STARLINK-5511,5400.000,0.000,100.0000%,1,
Contact STARLINK-30056 - STARLINK-5155,0.000,5400.000,0.0000%,0,
Contact STARLINK-30056 - STARLINK-30217,0.000,5400.000,0.0000%,0,
Contact STARLINK-30056 - STARLINK-6350,0.000,5400.000,0.0000%,0,
Contact STARLINK-30056 - STARLINK-11117 [DTC],0.000,5400.000,0.0000%,0,
Contact STARLINK-30056 - STARLINK-32040,0.000,5400.000,0.0000%,0,
Contact STARLINK-30056 - STARLINK-5111,1437.591,3962.409,26.6221%,1,
Contact STARLINK-30056 - STARLINK-31151,0.000,5400.000,0.0000%,0,
Contact STARLINK-30056 - STARLINK-1718,0.000,5400.000,0.0000%,0,
Contact STARLINK-30056 - STARLINK-5502,0.000,5400.000,0.0000%,0,
Contact STARLINK-30056 - STARLINK-1080,0.000,5400.000,0.0000%,0,
Contact STARLINK-30056 - STARLINK-2224,5400.000,0.000,100.0000%,1,
Contact STARLINK-30056 - STARLINK-5248,0.000,5400.000,0.0000%,0,
Contact STARLINK-30056 - STARLINK-3696,1666.503,3733.497,30.8612%,1,
Contact STARLINK-30056 - STARLINK-5268,0.000,5400.000,0.0000%,0,
Contact STARLINK-30056 - STARLINK-3540,5400.000,0.000,100.0000%,1,
Contact STARLINK-30056 - STARLINK-4453,715.625,4684.375,13.2523%,2,
Contact STARLINK-30056 - STARLINK-4480,0.000,5400.000,0.0000%,0,
Contact STARLINK-30056 - STARLINK-4107,0.000,5400.000,0.0000%,0,
Contact STARLINK-30056 - STARLINK-5158,0.000,5400.000,0.0000%,0,
Contact STARLINK-30056 - STARLINK-6109,0.000,5400.000,0.0000%,0,
Contact STARLINK-30056 - STARLINK-31816,0.000,5400.000,0.0000%,0,
Contact STARLINK-30056 - STARLINK-30610,0.000,5400.000,0.0000%,0,
Contact STARLINK-30056 - STARLINK-6247,0.000,5400.000,0.0000%,0,
Contact STARLINK-30056 - STARLINK-5555,0.000,5400.000,0.0000%,0,
Contact STARLINK-30056 - STARLINK-11225 [DTC],5400.000,0.000,100.0000%,1,
Contact STARLINK-30056 - STARLINK-1682,0.000,5400.000,0.0000%,0,
Contact STARLINK-30056 - STARLINK-2436,0.000,5400.000,0.0000%,0,
Contact STARLINK-30056 - STARLINK-30752,0.000,5400.000,0.0000%,0,
Contact STARLINK-30056 - STARLINK-3869,0.000,5400.000,0.0000%,0,
Contact STARLINK-30056 - STARLINK-2128,0.000,5400.000,0.0000%,0,
Contact STARLINK-30056 - STARLINK-2214,0.000,5400.000,0.0000%,0,
Contact STARLINK-30056 - STARLINK-4676,0.000,5400.000,0.0000%,0,
Contact STARLINK-30056 - STARLINK-5777,5400.000,0.000,100.0000%,1,
Contact STARLINK-30056 - STARLINK-30362,0.000,5400.000,0.0000%,0,
Contact STARLINK-30056 - STARLINK-4679,0.000,5400.000,0.0000%,0,
Contact STARLINK-30056 - STARLINK-4565,0.000,5400.000,0.0000%,0,
Contact STARLINK-30056 - STARLINK-31895,0.000,5400.000,0.0000%,0,
Contact STARLINK-30056 - STARLINK-3316,0.000,5400.000,0.0000%,0,
Contact STARLINK-30056 - STARLINK-30480,0.000,5400.000,0.0000%,0,
Contact STARLINK-30056 - STARLINK-5484,965.340,4434.660,17.8767%,2,
Contact STARLINK-30056 - STARLINK-4419,0.000,5400.000,0.0000%,0,
Contact STARLINK-30056 - STARLINK-30154,0.000,5400.000,0.0000%,0,
Contact STARLINK-30056 - STARLINK-3770,0.000,5400.000,0.0000%,0,
Contact STARLINK-30056 - STARLINK-30565,0.000,5400.000,0.0000%,0,
Contact STARLINK-30056 - STARLINK-30248,0.000,5400.000,0.0000%,0,
Contact STARLINK-30056 - STARLINK-5954,0.000,5400.000,0.0000%,0,
Contact STARLINK-30056 - STARLINK-5609,0.000,5400.000,0.0000%,0,
Contact STARLINK-30056 - STARLINK-3855,0.000,5400.000,0.0000%,0,
Contact STARLINK-30056 - STARLINK-4030,0.000,5400.000,0.0000%,0,
Contact STARLINK-30056 - STARLINK-5416,0.000,5400.000,0.0000%,0,
Contact STARLINK-30056 - STARLINK-5067,763.649,4636.351,14.1416%,2,
Contact STARLINK-30056 - STARLINK-1692,0.000,5400.000,0.0000%,0,
Contact STARLINK-30056 - STARLINK-3897,0.000,5400.000,0.0000%,0,
Contact STARLINK-30056 - STARLINK-6046,0.000,5400.000,0.0000%,0,
Contact STARLINK-30056 - STARLINK-4070,1168.024,4231.976,21.6301%,1,
Contact STARLINK-30056 - STARLINK-31082,0.000,5400.000,0.0000%,0,
Contact STARLINK-30056 - STARLINK-5951,0.000,5400.000,0.0000%,0,
Contact STARLINK-30056 - STARLINK-4328,0.000,5400.000,0.0000%,0,
Contact STARLINK-30056 - STARLINK-1423,0.000,5400.000,0.0000%,0,
Contact STARLINK-30056 - STARLINK-2153,1364.928,4035.072,25.2764%,2,
Contact STARLINK-30056 - STARLINK-3080,0.000,5400.000,0.0000%,0,
Contact STARLINK-30056 - STARLINK-5858,5400.000,0.000,100.0000%,1,
Contact STARLINK-30056 - STARLINK-31195,5400.000,0.000,100.0000%,1,
Contact STARLINK-30056 - STARLINK-5018,0.000,5400.000,0.0000%,0,
Contact STARLINK-30056 - STARLINK-4776,0.000,5400.000,0.0000%,0,
Contact STARLINK-30056 - STARLINK-5686,0.000,5400.000,0.0000%,0,
Contact STARLINK-30056 - STARLINK-31122,0.000,5400.000,0.0000%,0,
Contact STARLINK-30056 - STARLINK-11130 [DTC],0.000,5400.000,0.0000%,0,
Contact STARLINK-30056 - STARLINK-32043,569.471,4830.529,10.5458%,2,
Contact STARLINK-30056 - STARLINK-1136,125.638,5274.362,2.3266%,1,
Contact STARLINK-30056 - STARLINK-31006,0.000,5400.000,0.0000%,0,
Contact STARLINK-30056 - STARLINK-4429,0.000,5400.000,0.0000%,0,
Contact STARLINK-30056 - STARLINK-4257,0.000,5400.000,0.0000%,0,
Contact STARLINK-30056 - STARLINK-5338,3982.760,1417.240,73.7548%,1,
Contact STARLINK-30056 - STARLINK-1572,5400.000,0.000,100.0000%,1,
Contact STARLINK-30056 - STARLINK-32097,0.000,5400.000,0.0000%,0,
Contact STARLINK-30056 - STARLINK-2704,0.000,5400.000,0.0000%,0,
Contact STARLINK-30056 - STARLINK-3750,5400.000,0.000,100.0000%,1,
Contact STARLINK-30056 - STARLINK-6363,0.000,5400.000,0.0000%,0,
Contact STARLINK-30056 - STARLINK-1605,445.817,4954.183,8.2559%,1,
Contact STARLINK-30056 - STARLINK-2068,716.433,4683.567,13.2673%,1,
Contact STARLINK-30056 - STARLINK-30925,0.000,5400.000,0.0000%,0,
Contact STARLINK-30056 - STARLINK-4494,0.000,5400.000,0.0000%,0,
Contact STARLINK-30056 - STARLINK-2499,0.000,5400.000,0.0000%,0,
Contact STARLINK-30056 - STARLINK-3634,0.000,5400.000,0.0000%,0,
Contact STARLINK-30056 - STARLINK-3768,5400.000,0.000,100.0000%,1,
Contact STARLINK-30056 - STARLINK-30904,0.000,5400.000,0.0000%,0,
Contact STARLINK-30056 - MoonARTEMIS1,3786.860,1613.140,70.1270%,1,
Contact STARLINK-30056 - MoonARTEMIS2,3778.927,1621.073,69.9801%,1,
Contact STARLINK-30056 - MoonIOAGEO,3781.294,1618.706,70.0240%,1,
Contact STARLINK-30056 - MoonIOAGNO,3768.548,1631.452,69.7879%,1,
Contact STARLINK-30056 - MoonIOAGNO 0001,3783.609,1616.391,70.0668%,1,
Contact STARLINK-30056 - MoonIOAGSO,3797.579,1602.421,70.3255%,1,
Contact STARLINK-30056 - MoonIOAGSO 0001,3789.932,1610.068,70.1839%,1,
Contact STARLINK-30056 - MoonLRO,3785.495,1614.505,70.1018%,1,
Contact STARLINK-30056 - MarsSat1,5400.000,0.000,100.0000%,1,
Contact STARLINK-30056 - MarsSat2,5400.000,0.000,100.0000%,1,
Contact STARLINK-30056 - MarsSat3,5400.000,0.000,100.0000%,1,
Contact STARLINK-30056 - MarsSat4,5400.000,0.000,100.0000%,1,
Contact STARLINK-4489 - STARLINK-31663,0.000,5400.000,0.0000%,0,
Contact STARLINK-4489 - STARLINK-5511,0.000,5400.000,0.0000%,0,
Contact STARLINK-4489 - STARLINK-5155,0.000,5400.000,0.0000%,0,
Contact STARLINK-4489 - STARLINK-30217,0.000,5400.000,0.0000%,0,
Contact STARLINK-4489 - STARLINK-6350,0.000,5400.000,0.0000%,0,
Contact STARLINK-4489 - STARLINK-11117 [DTC],0.000,5400.000,0.0000%,0,
Contact STARLINK-4489 - STARLINK-32040,0.000,5400.000,0.0000%,0,
Contact STARLINK-4489 - STARLINK-5111,0.000,5400.000,0.0000%,0,
Contact STARLINK-4489 - STARLINK-31151,410.253,4989.747,7.5973%,1,
Contact STARLINK-4489 - STARLINK-1718,663.815,4736.185,12.2929%,1,
Contact STARLINK-4489 - STARLINK-5502,0.000,5400.000,0.0000%,0,
Contact STARLINK-4489 - STARLINK-1080,0.000,5400.000,0.0000%,0,
Contact STARLINK-4489 - STARLINK-2224,5400.000,0.000,100.0000%,1,
Contact STARLINK-4489 - STARLINK-5248,0.000,5400.000,0.0000%,0,
Contact STARLINK-4489 - STARLINK-3696,5400.000,0.000,100.0000%,1,
Contact STARLINK-4489 - STARLINK-5268,0.000,5400.000,0.0000%,0,
Contact STARLINK-4489 - STARLINK-3540,732.380,4667.620,13.5626%,2,
Contact STARLINK-4489 - STARLINK-4453,0.000,5400.000,0.0000%,0,
Contact STARLINK-4489 - STARLINK-4480,0.000,5400.000,0.0000%,0,
Contact STARLINK-4489 - STARLINK-4107,0.000,5400.000,0.0000%,0,
Contact STARLINK-4489 - STARLINK-5158,4057.542,1342.458,75.1397%,2,
Contact STARLINK-4489 - STARLINK-6109,0.000,5400.000,0.0000%,0,
Contact STARLINK-4489 - STARLINK-31816,0.000,5400.000,0.0000%,0,
Contact STARLINK-4489 - STARLINK-30610,0.000,5400.000,0.0000%,0,
Contact STARLINK-4489 - STARLINK-6247,0.000,5400.000,0.0000%,0,
Contact STARLINK-4489 - STARLINK-5555,666.804,4733.196,12.3482%,1,
Contact STARLINK-4489 - STARLINK-11225 [DTC],5400.000,0.000,100.0000%,1,
Contact STARLINK-4489 - STARLINK-1682,0.000,5400.000,0.0000%,0,
Contact STARLINK-4489 - STARLINK-2436,0.000,5400.000,0.0000%,0,
Contact STARLINK-4489 - STARLINK-30752,0.000,5400.000,0.0000%,0,
Contact STARLINK-4489 - STARLINK-3869,0.000,5400.000,0.0000%,0,
Contact STARLINK-4489 - STARLINK-2128,0.000,5400.000,0.0000%,0,
Contact STARLINK-4489 - STARLINK-2214,0.000,5400.000,0.0000%,0,
Contact STARLINK-4489 - STARLINK-4676,629.076,4770.924,11.6496%,1,
Contact STARLINK-4489 - STARLINK-5777,0.000,5400.000,0.0000%,0,
Contact STARLINK-4489 - STARLINK-30362,5400.000,0.000,100.0000%,1,
Contact STARLINK-4489 - STARLINK-4679,0.000,5400.000,0.0000%,0,
Contact STARLINK-4489 - STARLINK-4565,0.000,5400.000,0.0000%,0,
Contact STARLINK-4489 - STARLINK-31895,3960.862,1439.138,73.3493%,1,
Contact STARLINK-4489 - STARLINK-3316,0.000,5400.000,0.0000%,0,
Contact STARLINK-4489 - STARLINK-30480,0.000,5400.000,0.0000%,0,
Contact STARLINK-4489 - STARLINK-5484,575.179,4824.821,10.6515%,2,
Contact STARLINK-4489 - STARLINK-4419,0.000,5400.000,0.0000%,0,
Contact STARLINK-4489 - STARLINK-30154,0.000,5400.000,0.0000%,0,
Contact STARLINK-4489 - STARLINK-3770,0.000,5400.000,0.0000%,0,
Contact STARLINK-4489 - STARLINK-30565,0.000,5400.000,0.0000%,0,
Contact STARLINK-4489 - STARLINK-30248,0.000,5400.000,0.0000%,0,
Contact STARLINK-4489 - STARLINK-5954,0.000,5400.000,0.0000%,0,
Contact STARLINK-4489 - STARLINK-5609,906.898,4493.102,16.7944%,1,
Contact STARLINK-4489 - STARLINK-3855,0.000,5400.000,0.0000%,0,
Contact STARLINK-4489 - STARLINK-4030,5400.000,0.000,100.0000%,1,
Contact STARLINK-4489 - STARLINK-5416,0.000,5400.000,0.0000%,0,
Contact STARLINK-4489 - STARLINK-5067,645.211,4754.789,11.9483%,1,
Contact STARLINK-4489 - STARLINK-1692,0.000,5400.000,0.0000%,0,
Contact STARLINK-4489 - STARLINK-3897,0.000,5400.000,0.0000%,0,
Contact STARLINK-4489 - STARLINK-6046,0.000,5400.000,0.0000%,0,
Contact STARLINK-4489 - STARLINK-4070,0.000,5400.000,0.0000%,0,
Contact STARLINK-4489 - STARLINK-31082,1017.718,4382.282,18.8466%,2,
Contact STARLINK-4489 - STARLINK-5951,0.000,5400.000,0.0000%,0,
Contact STARLINK-4489 - STARLINK-4328,0.000,5400.000,0.0000%,0,
Contact STARLINK-4489 - STARLINK-1423,0.000,5400.000,0.0000%,0,
Contact STARLINK-4489 - STARLINK-2153,577.333,4822.667,10.6914%,1,
Contact STARLINK-4489 - STARLINK-3080,5400.000,0.000,100.0000%,1,
Contact STARLINK-4489 - STARLINK-5858,0.000,5400.000,0.0000%,0,
Contact STARLINK-4489 - STARLINK-31195,1079.947,4320.053,19.9990%,1,
Contact STARLINK-4489 - STARLINK-5018,0.000,5400.000,0.0000%,0,
Contact STARLINK-4489 - STARLINK-4776,0.000,5400.000,0.0000%,0,
Contact STARLINK-4489 - STARLINK-5686,0.000,5400.000,0.0000%,0,
Contact STARLINK-4489 - STARLINK-31122,0.000,5400.000,0.0000%,0,
Contact STARLINK-4489 - STARLINK-11130 [DTC],774.742,4625.258,14.3471%,1,
Contact STARLINK-4489 - STARLINK-32043,0.000,5400.000,0.0000%,0,
Contact STARLINK-4489 - STARLINK-1136,0.000,5400.000,0.0000%,0,
Contact STARLINK-4489 - STARLINK-31006,0.000,5400.000,0.0000%,0,
Contact STARLINK-4489 - STARLINK-4429,0.000,5400.000,0.0000%,0,
Contact STARLINK-4489 - STARLINK-4257,0.000,5400.000,0.0000%,0,
Contact STARLINK-4489 - STARLINK-5338,0.000,5400.000,0.0000%,0,
Contact STARLINK-4489 - STARLINK-1572,5400.000,0.000,100.0000%,1,
Contact STARLINK-4489 - STARLINK-32097,0.000,5400.000,0.0000%,0,
Contact STARLINK-4489 - STARLINK-2704,0.000,5400.000,0.0000%,0,
Contact STARLINK-4489 - STARLINK-3750,0.000,5400.000,0.0000%,0,
Contact STARLINK-4489 - STARLINK-6363,0.000,5400.000,0.0000%,0,
Contact STARLINK-4489 - STARLINK-1605,0.000,5400.000,0.0000%,0,
Contact STARLINK-4489 - STARLINK-2068,975.825,4424.175,18.0708%,1,
Contact STARLINK-4489 - STARLINK-30925,0.000,5400.000,0.0000%,0,
Contact STARLINK-4489 - STARLINK-4494,0.000,5400.000,0.0000%,0,
Contact STARLINK-4489 - STARLINK-2499,0.000,5400.000,0.0000%,0,
Contact STARLINK-4489 - STARLINK-3634,0.000,5400.000,0.0000%,0,
Contact STARLINK-4489 - STARLINK-3768,5400.000,0.000,100.0000%,1,
Contact STARLINK-4489 - STARLINK-30904,0.000,5400.000,0.0000%,0,
Contact STARLINK-4489 - MoonARTEMIS1,3286.004,2113.996,60.8519%,2,
Contact STARLINK-4489 - MoonARTEMIS2,3285.522,2114.478,60.8430%,2,
Contact STARLINK-4489 - MoonIOAGEO,3287.701,2112.299,60.8833%,2,
Contact STARLINK-4489 - MoonIOAGNO,3287.996,2112.004,60.8888%,2,
Contact STARLINK-4489 - MoonIOAGNO 0001,3287.071,2112.929,60.8717%,2,
Contact STARLINK-4489 - MoonIOAGSO,3286.656,2113.344,60.8640%,2,
Contact STARLINK-4489 - MoonIOAGSO 0001,3289.867,2110.133,60.9235%,2,
Contact STARLINK-4489 - MoonLRO,3026.352,2373.648,56.0435%,1,
Contact STARLINK-4489 - MarsSat1,5400.000,0.000,100.0000%,1,
Contact STARLINK-4489 - MarsSat2,5400.000,0.000,100.0000%,1,
Contact STARLINK-4489 - MarsSat3,5400.000,0.000,100.0000%,1,
Contact STARLINK-4489 - MarsSat4,5400.000,0.000,100.0000%,1,
Contact STARLINK-31663 - STARLINK-5511,902.744,4497.256,16.7175%,1,
Contact STARLINK-31663 - STARLINK-5155,0.000,5400.000,0.0000%,0,
Contact STARLINK-31663 - STARLINK-30217,0.000,5400.000,0.0000%,0,
Contact STARLINK-31663 - STARLINK-6350,0.000,5400.000,0.0000%,0,
Contact STARLINK-31663 - STARLINK-11117 [DTC],0.000,5400.000,0.0000%,0,
Contact STARLINK-31663 - STARLINK-32040,769.555,4630.445,14.2510%,2,
Contact STARLINK-31663 - STARLINK-5111,0.000,5400.000,0.0000%,0,
Contact STARLINK-31663 - STARLINK-31151,0.000,5400.000,0.0000%,0,
Contact STARLINK-31663 - STARLINK-1718,0.000,5400.000,0.0000%,0,
Contact STARLINK-31663 - STARLINK-5502,0.000,5400.000,0.0000%,0,
Contact STARLINK-31663 - STARLINK-1080,0.000,5400.000,0.0000%,0,
Contact STARLINK-31663 - STARLINK-2224,0.000,5400.000,0.0000%,0,
Contact STARLINK-31663 - STARLINK-5248,0.000,5400.000,0.0000%,0,
Contact STARLINK-31663 - STARLINK-3696,0.000,5400.000,0.0000%,0,
Contact STARLINK-31663 - STARLINK-5268,0.000,5400.000,0.0000%,0,
Contact STARLINK-31663 - STARLINK-3540,0.000,5400.000,0.0000%,0,
Contact STARLINK-31663 - STARLINK-4453,0.000,5400.000,0.0000%,0,
Contact STARLINK-31663 - STARLINK-4480,883.047,4516.953,16.3527%,1,
Contact STARLINK-31663 - STARLINK-4107,73.033,5326.967,1.3525%,1,
Contact STARLINK-31663 - STARLINK-5158,0.000,5400.000,0.0000%,0,
Contact STARLINK-31663 - STARLINK-6109,0.000,5400.000,0.0000%,0,
Contact STARLINK-31663 - STARLINK-31816,0.000,5400.000,0.0000%,0,
Contact STARLINK-31663 - STARLINK-30610,533.310,4866.690,9.8761%,1,
Contact STARLINK-31663 - STARLINK-6247,0.000,5400.000,0.0000%,0,
Contact STARLINK-31663 - STARLINK-5555,0.000,5400.000,0.0000%,0,
Contact STARLINK-31663 - STARLINK-11225 [DTC],0.000,5400.000,0.0000%,0,
Contact STARLINK-31663 - STARLINK-1682,0.000,5400.000,0.0000%,0,
Contact STARLINK-31663 - STARLINK-2436,0.000,5400.000,0.0000%,0,
Contact STARLINK-31663 - STARLINK-30752,5121.778,278.222,94.8477%,2,
Contact STARLINK-31663 - STARLINK-3869,724.863,4675.137,13.4234%,1,
Contact STARLINK-31663 - STARLINK-2128,0.000,5400.000,0.0000%,0,
Contact STARLINK-31663 - STARLINK-2214,858.172,4541.828,15.8921%,1,
Contact STARLINK-31663 - STARLINK-4676,0.000,5400.000,0.0000%,0,
Contact STARLINK-31663 - STARLINK-5777,876.908,4523.092,16.2390%,2,
Contact STARLINK-31663 - STARLINK-30362,0.000,5400.000,0.0000%,0,
Contact STARLINK-31663 - STARLINK-4679,0.000,5400.000,0.0000%,0,
Contact STARLINK-31663 - STARLINK-4565,942.892,4457.108,17.4610%,1,
Contact STARLINK-31663 - STARLINK-31895,0.000,5400.000,0.0000%,0,
Contact STARLINK-31663 - STARLINK-3316,0.000,5400.000,0.0000%,0,
Contact STARLINK-31663 - STARLINK-30480,0.000,5400.000,0.0000%,0,
Contact STARLINK-31663 - STARLINK-5484,0.000,5400.000,0.0000%,0,
Contact STARLINK-31663 - STARLINK-4419,0.000,5400.000,0.0000%,0,
Contact STARLINK-31663 - STARLINK-30154,0.000,5400.000,0.0000%,0,
Contact STARLINK-31663 - STARLINK-3770,0.000,5400.000,0.0000%,0,
Contact STARLINK-31663 - STARLINK-30565,0.000,5400.000,0.0000%,0,
Contact STARLINK-31663 - STARLINK-30248,0.000,5400.000,0.0000%,0,
Contact STARLINK-31663 - STARLINK-5954,0.000,5400.000,0.0000%,0,
Contact STARLINK-31663 - STARLINK-5609,0.000,5400.000,0.0000%,0,
Contact STARLINK-31663 - STARLINK-3855,574.099,4825.901,10.6315%,1,
Contact STARLINK-31663 - STARLINK-4030,0.000,5400.000,0.0000%,0,
Contact STARLINK-31663 - STARLINK-5416,0.000,5400.000,0.0000%,0,
Contact STARLINK-31663 - STARLINK-5067,1093.613,4306.387,20.2521%,1,
Contact STARLINK-31663 - STARLINK-1692,0.000,5400.000,0.0000%,0,
Contact STARLINK-31663 - STARLINK-3897,0.000,5400.000,0.0000%,0,
Contact STARLINK-31663 - STARLINK-6046,0.000,5400.000,0.0000%,0,
Contact STARLINK-31663 - STARLINK-4070,0.000,5400.000,0.0000%,0,
Contact STARLINK-31663 - STARLINK-31082,0.000,5400.000,0.0000%,0,
Contact STARLINK-31663 - STARLINK-5951,0.000,5400.000,0.0000%,0,
Contact STARLINK-31663 - STARLINK-4328,0.000,5400.000,0.0000%,0,
Contact STARLINK-31663 - STARLINK-1423,0.000,5400.000,0.0000%,0,
Contact STARLINK-31663 - STARLINK-2153,0.000,5400.000,0.0000%,0,
Contact STARLINK-31663 - STARLINK-3080,0.000,5400.000,0.0000%,0,
Contact STARLINK-31663 - STARLINK-5858,1000.355,4399.645,18.5251%,2,
Contact STARLINK-31663 - STARLINK-31195,0.000,5400.000,0.0000%,0,
Contact STARLINK-31663 - STARLINK-5018,0.000,5400.000,0.0000%,0,
Contact STARLINK-31663 - STARLINK-4776,0.000,5400.000,0.0000%,0,
Contact STARLINK-31663 - STARLINK-5686,0.000,5400.000,0.0000%,0,
Contact STARLINK-31663 - STARLINK-31122,0.000,5400.000,0.0000%,0,
Contact STARLINK-31663 - STARLINK-11130 [DTC],0.000,5400.000,0.0000%,0,
Contact STARLINK-31663 - STARLINK-32043,5400.000,0.000,100.0000%,1,
Contact STARLINK-31663 - STARLINK-1136,5400.000,0.000,100.0000%,1,
Contact STARLINK-31663 - STARLINK-31006,5400.000,0.000,100.0000%,1,
Contact STARLINK-31663 - STARLINK-4429,318.962,5081.038,5.9067%,1,
Contact STARLINK-31663 - STARLINK-4257,0.000,5400.000,0.0000%,0,
Contact STARLINK-31663 - STARLINK-5338,0.000,5400.000,0.0000%,0,
Contact STARLINK-31663 - STARLINK-1572,0.000,5400.000,0.0000%,0,
Contact STARLINK-31663 - STARLINK-32097,809.669,4590.331,14.9939%,2,
Contact STARLINK-31663 - STARLINK-2704,0.000,5400.000,0.0000%,0,
Contact STARLINK-31663 - STARLINK-3750,0.000,5400.000,0.0000%,0,
Contact STARLINK-31663 - STARLINK-6363,0.000,5400.000,0.0000%,0,
Contact STARLINK-31663 - STARLINK-1605,5400.000,0.000,100.0000%,1,
Contact STARLINK-31663 - STARLINK-2068,0.000,5400.000,0.0000%,0,
Contact STARLINK-31663 - STARLINK-30925,0.000,5400.000,0.0000%,0,
Contact STARLINK-31663 - STARLINK-4494,470.775,4929.225,8.7181%,1,
Contact STARLINK-31663 - STARLINK-2499,0.000,5400.000,0.0000%,0,
Contact STARLINK-31663 - STARLINK-3634,0.000,5400.000,0.0000%,0,
Contact STARLINK-31663 - STARLINK-3768,0.000,5400.000,0.0000%,0,
Contact STARLINK-31663 - STARLINK-30904,0.000,5400.000,0.0000%,0,
Contact STARLINK-31663 - MoonARTEMIS1,3399.498,2000.502,62.9537%,1,
Contact STARLINK-31663 - MoonARTEMIS2,3410.415,1989.585,63.1558%,1,
Contact STARLINK-31663 - MoonIOAGEO,3397.148,2002.852,62.9102%,1,
Contact STARLINK-31663 - MoonIOAGNO,3409.109,1990.891,63.1317%,1,
Contact STARLINK-31663 - MoonIOAGNO 0001,3399.452,2000.548,62.9528%,1,
Contact STARLINK-31663 - MoonIOAGSO,3388.988,2011.012,62.7590%,1,
Contact STARLINK-31663 - MoonIOAGSO 0001,3395.888,2004.112,62.8868%,1,
Contact STARLINK-31663 - MoonLRO,1898.553,3501.447,35.1584%,1,
Contact STARLINK-31663 - MarsSat1,3265.856,2134.144,60.4788%,2,
Contact STARLINK-31663 - MarsSat2,3265.849,2134.151,60.4787%,2,
Contact STARLINK-31663 - MarsSat3,3265.867,2134.133,60.4790%,2,
Contact STARLINK-31663 - MarsSat4,3265.841,2134.159,60.4785%,2,
Contact STARLINK-5511 - STARLINK-5155,0.000,5400.000,0.0000%,0,
Contact STARLINK-5511 - STARLINK-30217,0.000,5400.000,0.0000%,0,
Contact STARLINK-5511 - STARLINK-6350,0.000,5400.000,0.0000%,0,
Contact STARLINK-5511 - STARLINK-11117 [DTC],0.000,5400.000,0.0000%,0,
Contact STARLINK-5511 - STARLINK-32040,635.236,4764.764,11.7636%,2,
Contact STARLINK-5511 - STARLINK-5111,4061.985,1338.015,75.2219%,1,
Contact STARLINK-5511 - STARLINK-31151,0.000,5400.000,0.0000%,0,
Contact STARLINK-5511 - STARLINK-1718,0.000,5400.000,0.0000%,0,
Contact STARLINK-5511 - STARLINK-5502,0.000,5400.000,0.0000%,0,
Contact STARLINK-5511 - STARLINK-1080,0.000,5400.000,0.0000%,0,
Contact STARLINK-5511 - STARLINK-2224,532.180,4867.820,9.8552%,2,
Contact STARLINK-5511 - STARLINK-5248,0.000,5400.000,0.0000%,0,
Contact STARLINK-5511 - STARLINK-3696,0.000,5400.000,0.0000%,0,
Contact STARLINK-5511 - STARLINK-5268,0.000,5400.000,0.0000%,0,
Contact STARLINK-5511 - STARLINK-3540,5400.000,0.000,100.0000%,1,
Contact STARLINK-5511 - STARLINK-4453,580.895,4819.105,10.7573%,1,
Contact STARLINK-5511 - STARLINK-4480,0.000,5400.000,0.0000%,0,
Contact STARLINK-5511 - STARLINK-4107,0.000,5400.000,0.0000%,0,
Contact STARLINK-5511 - STARLINK-5158,0.000,5400.000,0.0000%,0,
Contact STARLINK-5511 - STARLINK-6109,0.000,5400.000,0.0000%,0,
Contact STARLINK-5511 - STARLINK-31816,0.000,5400.000,0.0000%,0,
Contact STARLINK-5511 - STARLINK-30610,0.000,5400.000,0.0000%,0,
Contact STARLINK-5511 - STARLINK-6247,0.000,5400.000,0.0000%,0,
Contact STARLINK-5511 - STARLINK-5555,0.000,5400.000,0.0000%,0,
Contact STARLINK-5511 - STARLINK-11225 [DTC],643.836,4756.164,11.9229%,2,
Contact STARLINK-5511 - STARLINK-1682,0.000,5400.000,0.0000%,0,
Contact STARLINK-5511 - STARLINK-2436,0.000,5400.000,0.0000%,0,
Contact STARLINK-5511 - STARLINK-30752,0.000,5400.000,0.0000%,0,
Contact STARLINK-5511 - STARLINK-3869,830.412,4569.588,15.3780%,1,
Contact STARLINK-5511 - STARLINK-2128,0.000,5400.000,0.0000%,0,
Contact STARLINK-5511 - STARLINK-2214,0.000,5400.000,0.0000%,0,
Contact STARLINK-5511 - STARLINK-4676,0.000,5400.000,0.0000%,0,
Contact STARLINK-5511 - STARLINK-5777,5400.000,0.000,100.0000%,1,
Contact STARLINK-5511 - STARLINK-30362,0.000,5400.000,0.0000%,0,
Contact STARLINK-5511 - STARLINK-4679,0.000,5400.000,0.0000%,0,
Contact STARLINK-5511 - STARLINK-4565,0.000,5400.000,0.0000%,0,
Contact STARLINK-5511 - STARLINK-31895,0.000,5400.000,0.0000%,0,
Contact STARLINK-5511 - STARLINK-3316,0.000,5400.000,0.0000%,0,
Contact STARLINK-5511 - STARLINK-30480,0.000,5400.000,0.0000%,0,
Contact STARLINK-5511 - STARLINK-5484,5400.000,0.000,100.0000%,1,
Contact STARLINK-5511 - STARLINK-4419,0.000,5400.000,0.0000%,0,
Contact STARLINK-5511 - STARLINK-30154,0.000,5400.000,0.0000%,0,
Contact STARLINK-5511 - STARLINK-3770,0.000,5400.000,0.0000%,0,
Contact STARLINK-5511 - STARLINK-30565,0.000,5400.000,0.0000%,0,
Contact STARLINK-5511 - STARLINK-30248,0.000,5400.000,0.0000%,0,
Contact STARLINK-5511 - STARLINK-5954,0.000,5400.000,0.0000%,0,
Contact STARLINK-5511 - STARLINK-5609,0.000,5400.000,0.0000%,0,
Contact STARLINK-5511 - STARLINK-3855,0.000,5400.000,0.0000%,0,
Contact STARLINK-5511 - STARLINK-4030,0.000,5400.000,0.0000%,0,
Contact STARLINK-5511 - STARLINK-5416,0.000,5400.000,0.0000%,0,
Contact STARLINK-5511 - STARLINK-5067,5400.000,0.000,100.0000%,1,
Contact STARLINK-5511 - STARLINK-1692,0.000,5400.000,0.0000%,0,
Contact STARLINK-5511 - STARLINK-3897,0.000,5400.000,0.0000%,0,
Contact STARLINK-5511 - STARLINK-6046,0.000,5400.000,0.0000%,0,
Contact STARLINK-5511 - STARLINK-4070,842.149,4557.851,15.5953%,1,
Contact STARLINK-5511 - STARLINK-31082,0.000,5400.000,0.0000%,0,
Contact STARLINK-5511 - STARLINK-5951,0.000,5400.000,0.0000%,0,
Contact STARLINK-5511 - STARLINK-4328,0.000,5400.000,0.0000%,0,
Contact STARLINK-5511 - STARLINK-1423,0.000,5400.000,0.0000%,0,
Contact STARLINK-5511 - STARLINK-2153,5400.000,0.000,100.0000%,1,
Contact STARLINK-5511 - STARLINK-3080,0.000,5400.000,0.0000%,0,
Contact STARLINK-5511 - STARLINK-5858,5400.000,0.000,100.0000%,1,
Contact STARLINK-5511 - STARLINK-31195,760.757,4639.243,14.0881%,1,
Contact STARLINK-5511 - STARLINK-5018,0.000,5400.000,0.0000%,0,
Contact STARLINK-5511 - STARLINK-4776,0.000,5400.000,0.0000%,0,
Contact STARLINK-5511 - STARLINK-5686,0.000,5400.000,0.0000%,0,
Contact STARLINK-5511 - STARLINK-31122,0.000,5400.000,0.0000%,0,
Contact STARLINK-5511 - STARLINK-11130 [DTC],0.000,5400.000,0.0000%,0,
Contact STARLINK-5511 - STARLINK-32043,4541.326,858.674,84.0986%,2,
Contact STARLINK-5511 - STARLINK-1136,3845.754,1554.246,71.2177%,2,
Contact STARLINK-5511 - STARLINK-31006,0.000,5400.000,0.0000%,0,
Contact STARLINK-5511 - STARLINK-4429,0.000,5400.000,0.0000%,0,
Contact STARLINK-5511 - STARLINK-4257,0.000,5400.000,0.0000%,0,
Contact STARLINK-5511 - STARLINK-5338,3610.446,1789.554,66.8601%,1,
Contact STARLINK-5511 - STARLINK-1572,639.623,4760.377,11.8449%,2,
Contact STARLINK-5511 - STARLINK-32097,0.000,5400.000,0.0000%,0,
Contact STARLINK-5511 - STARLINK-2704,0.000,5400.000,0.0000%,0,
Contact STARLINK-5511 - STARLINK-3750,890.421,4509.579,16.4893%,2,
Contact STARLINK-5511 - STARLINK-6363,813.996,4586.004,15.0740%,1,
Contact STARLINK-5511 - STARLINK-1605,4049.151,1350.849,74.9843%,2,
Contact STARLINK-5511 - STARLINK-2068,0.000,5400.000,0.0000%,0,
Contact STARLINK-5511 - STARLINK-30925,0.000,5400.000,0.0000%,0,
Contact STARLINK-5511 - STARLINK-4494,0.000,5400.000,0.0000%,0,
Contact STARLINK-5511 - STARLINK-2499,0.000,5400.000,0.0000%,0,
Contact STARLINK-5511 - STARLINK-3634,0.000,5400.000,0.0000%,0,
Contact STARLINK-5511 - STARLINK-3768,460.581,4939.419,8.5293%,1,
Contact STARLINK-5511 - STARLINK-30904,0.000,5400.000,0.0000%,0,
Contact STARLINK-5511 - MoonARTEMIS1,4158.345,1241.655,77.0064%,1,
Contact STARLINK-5511 - MoonARTEMIS2,4126.808,1273.192,76.4224%,1,
Contact STARLINK-5511 - MoonIOAGEO,4135.408,1264.592,76.5816%,1,
Contact STARLINK-5511 - MoonIOAGNO,4133.264,1266.736,76.5419%,1,
Contact STARLINK-5511 - MoonIOAGNO 0001,4107.923,1292.077,76.0726%,1,
Contact STARLINK-5511 - MoonIOAGSO,4151.214,1248.786,76.8743%,1,
Contact STARLINK-5511 - MoonIOAGSO 0001,4192.978,1207.022,77.6477%,1,
Contact STARLINK-5511 - MoonLRO,3045.495,2354.505,56.3981%,1,
Contact STARLINK-5511 - MarsSat1,5400.000,0.000,100.0000%,1,
Contact STARLINK-5511 - MarsSat2,5400.000,0.000,100.0000%,1,
Contact STARLINK-5511 - MarsSat3,5400.000,0.000,100.0000%,1,
Contact STARLINK-5511 - MarsSat4,5400.000,0.000,100.0000%,1,
Contact STARLINK-5155 - STARLINK-30217,0.000,5400.000,0.0000%,0,
Contact STARLINK-5155 - STARLINK-6350,0.000,5400.000,0.0000%,0,
Contact STARLINK-5155 - STARLINK-11117 [DTC],627.294,4772.706,11.6165%,1,
Contact STARLINK-5155 - STARLINK-32040,0.000,5400.000,0.0000%,0,
Contact STARLINK-5155 - STARLINK-5111,0.000,5400.000,0.0000%,0,
Contact STARLINK-5155 - STARLINK-31151,0.000,5400.000,0.0000%,0,
Contact STARLINK-5155 - STARLINK-1718,741.040,4658.960,13.7230%,1,
Contact STARLINK-5155 - STARLINK-5502,1101.522,4298.478,20.3986%,2,
Contact STARLINK-5155 - STARLINK-1080,937.063,4462.937,17.3530%,1,
Contact STARLINK-5155 - STARLINK-2224,0.000,5400.000,0.0000%,0,
Contact STARLINK-5155 - STARLINK-5248,5400.000,0.000,100.0000%,1,
Contact STARLINK-5155 - STARLINK-3696,0.000,5400.000,0.0000%,0,
Contact STARLINK-5155 - STARLINK-5268,0.000,5400.000,0.0000%,0,
Contact STARLINK-5155 - STARLINK-3540,0.000,5400.000,0.0000%,0,
Contact STARLINK-5155 - STARLINK-4453,0.000,5400.000,0.0000%,0,
Contact STARLINK-5155 - STARLINK-4480,0.000,5400.000,0.0000%,0,
Contact STARLINK-5155 - STARLINK-4107,0.000,5400.000,0.0000%,0,
Contact STARLINK-5155 - STARLINK-5158,0.000,5400.000,0.0000%,0,
Contact STARLINK-5155 - STARLINK-6109,5400.000,0.000,100.0000%,1,
Contact STARLINK-5155 - STARLINK-31816,4113.417,1286.583,76.1744%,1,
Contact STARLINK-5155 - STARLINK-30610,0.000,5400.000,0.0000%,0,
Contact STARLINK-5155 - STARLINK-6247,0.000,5400.000,0.0000%,0,
Contact STARLINK-5155 - STARLINK-5555,460.421,4939.579,8.5263%,2,
Contact STARLINK-5155 - STARLINK-11225 [DTC],0.000,5400.000,0.0000%,0,
Contact STARLINK-5155 - STARLINK-1682,0.000,5400.000,0.0000%,0,
Contact STARLINK-5155 - STARLINK-2436,0.000,5400.000,0.0000%,0,
Contact STARLINK-5155 - STARLINK-30752,0.000,5400.000,0.0000%,0,
Contact STARLINK-5155 - STARLINK-3869,0.000,5400.000,0.0000%,0,
Contact STARLINK-5155 - STARLINK-2128,0.000,5400.000,0.0000%,0,
Contact STARLINK-5155 - STARLINK-2214,0.000,5400.000,0.0000%,0,
Contact STARLINK-5155 - STARLINK-4676,662.847,4737.153,12.2749%,1,
Contact STARLINK-5155 - STARLINK-5777,0.000,5400.000,0.0000%,0,
Contact STARLINK-5155 - STARLINK-30362,0.000,5400.000,0.0000%,0,
Contact STARLINK-5155 - STARLINK-4679,0.000,5400.000,0.0000%,0,
Contact STARLINK-5155 - STARLINK-4565,0.000,5400.000,0.0000%,0,
Contact STARLINK-5155 - STARLINK-31895,0.000,5400.000,0.0000%,0,
Contact STARLINK-5155 - STARLINK-3316,0.000,5400.000,0.0000%,0,
Contact STARLINK-5155 - STARLINK-30480,0.000,5400.000,0.0000%,0,
Contact STARLINK-5155 - STARLINK-5484,0.000,5400.000,0.0000%,0,
Contact STARLINK-5155 - STARLINK-4419,893.611,4506.389,16.5483%,2,
Contact STARLINK-5155 - STARLINK-30154,5400.000,0.000,100.0000%,1,
Contact STARLINK-5155 - STARLINK-3770,946.707,4453.293,17.5316%,1,
Contact STARLINK-5155 - STARLINK-30565,5400.000,0.000,100.0000%,1,
Contact STARLINK-5155 - STARLINK-30248,5400.000,0.000,100.0000%,1,
Contact STARLINK-5155 - STARLINK-5954,0.000,5400.000,0.0000%,0,
Contact STARLINK-5155 - STARLINK-5609,0.000,5400.000,0.0000%,0,
Contact STARLINK-5155 - STARLINK-3855,0.000,5400.000,0.0000%,0,
Contact STARLINK-5155 - STARLINK-4030,0.000,5400.000,0.0000%,0,
Contact STARLINK-5155 - STARLINK-5416,0.000,5400.000,0.0000%,0,
Contact STARLINK-5155 - STARLINK-5067,0.000,5400.000,0.0000%,0,
Contact STARLINK-5155 - STARLINK-1692,660.409,4739.591,12.2298%,1,
Contact STARLINK-5155 - STARLINK-3897,0.000,5400.000,0.0000%,0,
Contact STARLINK-5155 - STARLINK-6046,664.921,4735.079,12.3134%,2,
Contact STARLINK-5155 - STARLINK-4070,0.000,5400.000,0.0000%,0,
Contact STARLINK-5155 - STARLINK-31082,0.000,5400.000,0.0000%,0,
Contact STARLINK-5155 - STARLINK-5951,0.000,5400.000,0.0000%,0,
Contact STARLINK-5155 - STARLINK-4328,244.887,5155.113,4.5349%,2,
Contact STARLINK-5155 - STARLINK-1423,0.000,5400.000,0.0000%,0,
Contact STARLINK-5155 - STARLINK-2153,0.000,5400.000,0.0000%,0,
Contact STARLINK-5155 - STARLINK-3080,0.000,5400.000,0.0000%,0,
Contact STARLINK-5155 - STARLINK-5858,0.000,5400.000,0.0000%,0,
Contact STARLINK-5155 - STARLINK-31195,0.000,5400.000,0.0000%,0,
Contact STARLINK-5155 - STARLINK-5018,5400.000,0.000,100.0000%,1,
Contact STARLINK-5155 - STARLINK-4776,631.821,4768.179,11.7004%,2,
Contact STARLINK-5155 - STARLINK-5686,0.000,5400.000,0.0000%,0,
Contact STARLINK-5155 - STARLINK-31122,997.311,4402.689,18.4687%,1,
Contact STARLINK-5155 - STARLINK-11130 [DTC],421.657,4978.343,7.8085%,1,
Contact STARLINK-5155 - STARLINK-32043,0.000,5400.000,0.0000%,0,
Contact STARLINK-5155 - STARLINK-1136,0.000,5400.000,0.0000%,0,
Contact STARLINK-5155 - STARLINK-31006,0.000,5400.000,0.0000%,0,
Contact STARLINK-5155 - STARLINK-4429,0.000,5400.000,0.0000%,0,
Contact STARLINK-5155 - STARLINK-4257,3953.734,1446.266,73.2173%,1,
Contact STARLINK-5155 - STARLINK-5338,0.000,5400.000,0.0000%,0,
Contact STARLINK-5155 - STARLINK-1572,0.000,5400.000,0.0000%,0,
Contact STARLINK-5155 - STARLINK-32097,0.000,5400.000,0.0000%,0,
Contact STARLINK-5155 - STARLINK-2704,5400.000,0.000,100.0000%,1,
Contact STARLINK-5155 - STARLINK-3750,0.000,5400.000,0.0000%,0,
Contact STARLINK-5155 - STARLINK-6363,0.000,5400.000,0.0000%,0,
Contact STARLINK-5155 - STARLINK-1605,0.000,5400.000,0.0000%,0,
Contact STARLINK-5155 - STARLINK-2068,0.000,5400.000,0.0000%,0,
Contact STARLINK-5155 - STARLINK-30925,0.000,5400.000,0.0000%,0,
Contact STARLINK-5155 - STARLINK-4494,0.000,5400.000,0.0000%,0,
Contact STARLINK-5155 - STARLINK-2499,5400.000,0.000,100.0000%,1,
Contact STARLINK-5155 - STARLINK-3634,5400.000,0.000,100.0000%,1,
Contact STARLINK-5155 - STARLINK-3768,0.000,5400.000,0.0000%,0,
Contact STARLINK-5155 - STARLINK-30904,0.000,5400.000,0.0000%,0,
Contact STARLINK-5155 - MoonARTEMIS1,5400.000,0.000,100.0000%,1,
Contact STARLINK-5155 - MoonARTEMIS2,5400.000,0.000,100.0000%,1,
Contact STARLINK-5155 - MoonIOAGEO,5400.000,0.000,100.0000%,1,
Contact STARLINK-5155 - MoonIOAGNO,5400.000,0.000,100.0000%,1,
Contact STARLINK-5155 - MoonIOAGNO 0001,5400.000,0.000,100.0000%,1,
Contact STARLINK-5155 - MoonIOAGSO,5400.000,0.000,100.0000%,1,
Contact STARLINK-5155 - MoonIOAGSO 0001,5400.000,0.000,100.0000%,1,
Contact STARLINK-5155 - MoonLRO,3889.952,1510.048,72.0362%,1,
Contact STARLINK-5155 - MarsSat1,4131.058,1268.942,76.5011%,1,
Contact STARLINK-5155 - MarsSat2,4130.965,1269.035,76.4993%,1,
Contact STARLINK-5155 - MarsSat3,4131.182,1268.818,76.5034%,1,
Contact STARLINK-5155 - MarsSat4,4131.147,1268.853,76.5027%,1,
Contact STARLINK-30217 - STARLINK-6350,803.691,4596.309,14.8832%,1,
Contact STARLINK-30217 - STARLINK-11117 [DTC],0.000,5400.000,0.0000%,0,
Contact STARLINK-30217 - STARLINK-32040,0.000,5400.000,0.0000%,0,
Contact STARLINK-30217 - STARLINK-5111,0.000,5400.000,0.0000%,0,
Contact STARLINK-30217 - STARLINK-31151,5400.000,0.000,100.0000%,1,
Contact STARLINK-30217 - STARLINK-1718,5400.000,0.000,100.0000%,1,
Contact STARLINK-30217 - STARLINK-5502,1161.162,4238.838,21.5030%,1,
Contact STARLINK-30217 - STARLINK-1080,4432.426,967.574,82.0820%,1,
Contact STARLINK-30217 - STARLINK-2224,0.000,5400.000,0.0000%,0,
Contact STARLINK-30217 - STARLINK-5248,4084.191,1315.809,75.6332%,1,
Contact STARLINK-30217 - STARLINK-3696,0.000,5400.000,0.0000%,0,
Contact STARLINK-30217 - STARLINK-5268,0.000,5400.000,0.0000%,0,
Contact STARLINK-30217 - STARLINK-3540,0.000,5400.000,0.0000%,0,
Contact STARLINK-30217 - STARLINK-4453,0.000,5400.000,0.0000%,0,
Contact STARLINK-30217 - STARLINK-4480,0.000,5400.000,0.0000%,0,
Contact STARLINK-30217 - STARLINK-4107,0.000,5400.000,0.0000%,0,
Contact STARLINK-30217 - STARLINK-5158,0.000,5400.000,0.0000%,0,
Contact STARLINK-30217 - STARLINK-6109,0.000,5400.000,0.0000%,0,
Contact STARLINK-30217 - STARLINK-31816,0.000,5400.000,0.0000%,0,
Contact STARLINK-30217 - STARLINK-30610,0.000,5400.000,0.0000%,0,
Contact STARLINK-30217 - STARLINK-6247,758.987,4641.013,14.0553%,2,
Contact STARLINK-30217 - STARLINK-5555,0.000,5400.000,0.0000%,0,
Contact STARLINK-30217 - STARLINK-11225 [DTC],0.000,5400.000,0.0000%,0,
Contact STARLINK-30217 - STARLINK-1682,0.000,5400.000,0.0000%,0,
Contact STARLINK-30217 - STARLINK-2436,0.000,5400.000,0.0000%,0,
Contact STARLINK-30217 - STARLINK-30752,0.000,5400.000,0.0000%,0,
Contact STARLINK-30217 - STARLINK-3869,0.000,5400.000,0.0000%,0,
Contact STARLINK-30217 - STARLINK-2128,0.000,5400.000,0.0000%,0,
Contact STARLINK-30217 - STARLINK-2214,0.000,5400.000,0.0000%,0,
Contact STARLINK-30217 - STARLINK-4676,4435.815,964.185,82.1447%,1,
Contact STARLINK-30217 - STARLINK-5777,0.000,5400.000,0.0000%,0,
Contact STARLINK-30217 - STARLINK-30362,5400.000,0.000,100.0000%,1,
Contact STARLINK-30217 - STARLINK-4679,0.000,5400.000,0.0000%,0,
Contact STARLINK-30217 - STARLINK-4565,0.000,5400.000,0.0000%,0,
Contact STARLINK-30217 - STARLINK-31895,2674.070,2725.930,49.5198%,1,
Contact STARLINK-30217 - STARLINK-3316,0.000,5400.000,0.0000%,0,
Contact STARLINK-30217 - STARLINK-30480,0.000,5400.000,0.0000%,0,
Contact STARLINK-30217 - STARLINK-5484,0.000,5400.000,0.0000%,0,
Contact STARLINK-30217 - STARLINK-4419,0.000,5400.000,0.0000%,0,
Contact STARLINK-30217 - STARLINK-30154,0.000,5400.000,0.0000%,0,
Contact STARLINK-30217 - STARLINK-3770,0.000,5400.000,0.0000%,0,
Contact STARLINK-30217 - STARLINK-30565,0.000,5400.000,0.0000%,0,
Contact STARLINK-30217 - STARLINK-30248,0.000,5400.000,0.0000%,0,
Contact STARLINK-30217 - STARLINK-5954,0.000,5400.000,0.0000%,0,
Contact STARLINK-30217 - STARLINK-5609,0.000,5400.000,0.0000%,0,
Contact STARLINK-30217 - STARLINK-3855,0.000,5400.000,0.0000%,0,
Contact STARLINK-30217 - STARLINK-4030,4809.761,590.239,89.0696%,1,
Contact STARLINK-30217 - STARLINK-5416,940.460,4459.540,17.4159%,2,
Contact STARLINK-30217 - STARLINK-5067,0.000,5400.000,0.0000%,0,
Contact STARLINK-30217 - STARLINK-1692,0.000,5400.000,0.0000%,0,
Contact STARLINK-30217 - STARLINK-3897,5400.000,0.000,100.0000%,1,
Contact STARLINK-30217 - STARLINK-6046,0.000,5400.000,0.0000%,0,
Contact STARLINK-30217 - STARLINK-4070,0.000,5400.000,0.0000%,0,
Contact STARLINK-30217 - STARLINK-31082,5400.000,0.000,100.0000%,1,
Contact STARLINK-30217 - STARLINK-5951,588.254,4811.746,10.8936%,2,
Contact STARLINK-30217 - STARLINK-4328,0.000,5400.000,0.0000%,0,
Contact STARLINK-30217 - STARLINK-1423,0.000,5400.000,0.0000%,0,
Contact STARLINK-30217 - STARLINK-2153,0.000,5400.000,0.0000%,0,
Contact STARLINK-30217 - STARLINK-3080,480.105,4919.895,8.8908%,2,
Contact STARLINK-30217 - STARLINK-5858,0.000,5400.000,0.0000%,0,
Contact STARLINK-30217 - STARLINK-31195,0.000,5400.000,0.0000%,0,
Contact STARLINK-30217 - STARLINK-5018,0.000,5400.000,0.0000%,0,
Contact STARLINK-30217 - STARLINK-4776,0.000,5400.000,0.0000%,0,
Contact STARLINK-30217 - STARLINK-5686,1256.196,4143.804,23.2629%,1,
Contact STARLINK-30217 - STARLINK-31122,645.070,4754.930,11.9457%,2,
Contact STARLINK-30217 - STARLINK-11130 [DTC],0.000,5400.000,0.0000%,0,
Contact STARLINK-30217 - STARLINK-32043,0.000,5400.000,0.0000%,0,
Contact STARLINK-30217 - STARLINK-1136,0.000,5400.000,0.0000%,0,
Contact STARLINK-30217 - STARLINK-31006,0.000,5400.000,0.0000%,0,
Contact STARLINK-30217 - STARLINK-4429,739.450,4660.550,13.6935%,1,
Contact STARLINK-30217 - STARLINK-4257,0.000,5400.000,0.0000%,0,
Contact STARLINK-30217 - STARLINK-5338,0.000,5400.000,0.0000%,0,
Contact STARLINK-30217 - STARLINK-1572,0.000,5400.000,0.0000%,0,
Contact STARLINK-30217 - STARLINK-32097,0.000,5400.000,0.0000%,0,
Contact STARLINK-30217 - STARLINK-2704,0.000,5400.000,0.0000%,0,
Contact STARLINK-30217 - STARLINK-3750,0.000,5400.000,0.0000%,0,
Contact STARLINK-30217 - STARLINK-6363,0.000,5400.000,0.0000%,0,
Contact STARLINK-30217 - STARLINK-1605,0.000,5400.000,0.0000%,0,
Contact STARLINK-30217 - STARLINK-2068,0.000,5400.000,0.0000%,0,
Contact STARLINK-30217 - STARLINK-30925,0.000,5400.000,0.0000%,0,
Contact STARLINK-30217 - STARLINK-4494,0.000,5400.000,0.0000%,0,
Contact STARLINK-30217 - STARLINK-2499,0.000,5400.000,0.0000%,0,
Contact STARLINK-30217 - STARLINK-3634,0.000,5400.000,0.0000%,0,
Contact STARLINK-30217 - STARLINK-3768,0.000,5400.000,0.0000%,0,
Contact STARLINK-30217 - STARLINK-30904,0.000,5400.000,0.0000%,0,
Contact STARLINK-30217 - MoonARTEMIS1,3299.765,2100.235,61.1068%,2,
Contact STARLINK-30217 - MoonARTEMIS2,3308.823,2091.177,61.2745%,2,
Contact STARLINK-30217 - MoonIOAGEO,3307.171,2092.829,61.2439%,2,
Contact STARLINK-30217 - MoonIOAGNO,3305.896,2094.104,61.2203%,2,
Contact STARLINK-30217 - MoonIOAGNO 0001,3311.354,2088.646,61.3214%,2,
Contact STARLINK-30217 - MoonIOAGSO,3303.990,2096.010,61.1850%,2,
Contact STARLINK-30217 - MoonIOAGSO 0001,3295.307,2104.693,61.0242%,2,
Contact STARLINK-30217 - MoonLRO,2036.905,3363.095,37.7205%,1,
Contact STARLINK-30217 - MarsSat1,3715.943,1684.057,68.8138%,1,
Contact STARLINK-30217 - MarsSat2,3715.969,1684.031,68.8142%,1,
Contact STARLINK-30217 - MarsSat3,3715.905,1684.095,68.8131%,1,
Contact STARLINK-30217 - MarsSat4,3715.972,1684.028,68.8143%,1,
Contact STARLINK-6350 - STARLINK-11117 [DTC],0.000,5400.000,0.0000%,0,
Contact STARLINK-6350 - STARLINK-32040,0.000,5400.000,0.0000%,0,
Contact STARLINK-6350 - STARLINK-5111,0.000,5400.000,0.0000%,0,
Contact STARLINK-6350 - STARLINK-31151,0.000,5400.000,0.0000%,0,
Contact STARLINK-6350 - STARLINK-1718,706.090,4693.910,13.0757%,2,
Contact STARLINK-6350 - STARLINK-5502,0.000,5400.000,0.0000%,0,
Contact STARLINK-6350 - STARLINK-1080,0.000,5400.000,0.0000%,0,
Contact STARLINK-6350 - STARLINK-2224,0.000,5400.000,0.0000%,0,
Contact STARLINK-6350 - STARLINK-5248,0.000,5400.000,0.0000%,0,
Contact STARLINK-6350 - STARLINK-3696,0.000,5400.000,0.0000%,0,
Contact STARLINK-6350 - STARLINK-5268,0.000,5400.000,0.0000%,0,
Contact STARLINK-6350 - STARLINK-3540,0.000,5400.000,0.0000%,0,
Contact STARLINK-6350 - STARLINK-4453,0.000,5400.000,0.0000%,0,
Contact STARLINK-6350 - STARLINK-4480,0.000,5400.000,0.0000%,0,
Contact STARLINK-6350 - STARLINK-4107,0.000,5400.000,0.0000%,0,
Contact STARLINK-6350 - STARLINK-5158,0.000,5400.000,0.0000%,0,
Contact STARLINK-6350 - STARLINK-6109,0.000,5400.000,0.0000%,0,
Contact STARLINK-6350 - STARLINK-31816,0.000,5400.000,0.0000%,0,
Contact STARLINK-6350 - STARLINK-30610,0.000,5400.000,0.0000%,0,
Contact STARLINK-6350 - STARLINK-6247,5400.000,0.000,100.0000%,1,
Contact STARLINK-6350 - STARLINK-5555,5400.000,0.000,100.0000%,1,
Contact STARLINK-6350 - STARLINK-11225 [DTC],0.000,5400.000,0.0000%,0,
Contact STARLINK-6350 - STARLINK-1682,0.000,5400.000,0.0000%,0,
Contact STARLINK-6350 - STARLINK-2436,0.000,5400.000,0.0000%,0,
Contact STARLINK-6350 - STARLINK-30752,0.000,5400.000,0.0000%,0,
Contact STARLINK-6350 - STARLINK-3869,0.000,5400.000,0.0000%,0,
Contact STARLINK-6350 - STARLINK-2128,0.000,5400.000,0.0000%,0,
Contact STARLINK-6350 - STARLINK-2214,0.000,5400.000,0.0000%,0,
Contact STARLINK-6350 - STARLINK-4676,797.206,4602.794,14.7631%,2,
Contact STARLINK-6350 - STARLINK-5777,0.000,5400.000,0.0000%,0,
Contact STARLINK-6350 - STARLINK-30362,0.000,5400.000,0.0000%,0,
Contact STARLINK-6350 - STARLINK-4679,592.798,4807.202,10.9777%,1,
Contact STARLINK-6350 - STARLINK-4565,0.000,5400.000,0.0000%,0,
Contact STARLINK-6350 - STARLINK-31895,760.974,4639.026,14.0921%,1,
Contact STARLINK-6350 - STARLINK-3316,0.000,5400.000,0.0000%,0,
Contact STARLINK-6350 - STARLINK-30480,0.000,5400.000,0.0000%,0,
Contact STARLINK-6350 - STARLINK-5484,0.000,5400.000,0.0000%,0,
Contact STARLINK-6350 - STARLINK-4419,586.408,4813.592,10.8594%,1,
Contact STARLINK-6350 - STARLINK-30154,5400.000,0.000,100.0000%,1,
Contact STARLINK-6350 - STARLINK-3770,0.000,5400.000,0.0000%,0,
Contact STARLINK-6350 - STARLINK-30565,0.000,5400.000,0.0000%,0,
Contact STARLINK-6350 - STARLINK-30248,0.000,5400.000,0.0000%,0,
Contact STARLINK-6350 - STARLINK-5954,0.000,5400.000,0.0000%,0,
Contact STARLINK-6350 - STARLINK-5609,5400.000,0.000,100.0000%,1,
Contact STARLINK-6350 - STARLINK-3855,0.000,5400.000,0.0000%,0,
Contact STARLINK-6350 - STARLINK-4030,0.000,5400.000,0.0000%,0,
Contact STARLINK-6350 - STARLINK-5416,4699.250,700.750,87.0231%,1,
Contact STARLINK-6350 - STARLINK-5067,0.000,5400.000,0.0000%,0,
Contact STARLINK-6350 - STARLINK-1692,0.000,5400.000,0.0000%,0,
Contact STARLINK-6350 - STARLINK-3897,0.000,5400.000,0.0000%,0,
Contact STARLINK-6350 - STARLINK-6046,0.000,5400.000,0.0000%,0,
Contact STARLINK-6350 - STARLINK-4070,0.000,5400.000,0.0000%,0,
Contact STARLINK-6350 - STARLINK-31082,0.000,5400.000,0.0000%,0,
Contact STARLINK-6350 - STARLINK-5951,5400.000,0.000,100.0000%,1,
Contact STARLINK-6350 - STARLINK-4328,0.000,5400.000,0.0000%,0,
Contact STARLINK-6350 - STARLINK-1423,0.000,5400.000,0.0000%,0,
Contact STARLINK-6350 - STARLINK-2153,0.000,5400.000,0.0000%,0,
Contact STARLINK-6350 - STARLINK-3080,943.758,4456.242,17.4770%,1,
Contact STARLINK-6350 - STARLINK-5858,0.000,5400.000,0.0000%,0,
Contact STARLINK-6350 - STARLINK-31195,0.000,5400.000,0.0000%,0,
Contact STARLINK-6350 - STARLINK-5018,0.000,5400.000,0.0000%,0,
Contact STARLINK-6350 - STARLINK-4776,5400.000,0.000,100.0000%,1,
Contact STARLINK-6350 - STARLINK-5686,0.000,5400.000,0.0000%,0,
Contact STARLINK-6350 - STARLINK-31122,4554.705,845.295,84.3464%,1,
Contact STARLINK-6350 - STARLINK-11130 [DTC],839.604,4560.396,15.5482%,2,
Contact STARLINK-6350 - STARLINK-32043,0.000,5400.000,0.0000%,0,
Contact STARLINK-6350 - STARLINK-1136,0.000,5400.000,0.0000%,0,
Contact STARLINK-6350 - STARLINK-31006,0.000,5400.000,0.0000%,0,
Contact STARLINK-6350 - STARLINK-4429,0.000,5400.000,0.0000%,0,
Contact STARLINK-6350 - STARLINK-4257,0.000,5400.000,0.0000%,0,
Contact STARLINK-6350 - STARLINK-5338,0.000,5400.000,0.0000%,0,
Contact STARLINK-6350 - STARLINK-1572,0.000,5400.000,0.0000%,0,
Contact STARLINK-6350 - STARLINK-32097,0.000,5400.000,0.0000%,0,
Contact STARLINK-6350 - STARLINK-2704,0.000,5400.000,0.0000%,0,
Contact STARLINK-6350 - STARLINK-3750,0.000,5400.000,0.0000%,0,
Contact STARLINK-6350 - STARLINK-6363,0.000,5400.000,0.0000%,0,
Contact STARLINK-6350 - STARLINK-1605,0.000,5400.000,0.0000%,0,
Contact STARLINK-6350 - STARLINK-2068,593.602,4806.398,10.9926%,2,
Contact STARLINK-6350 - STARLINK-30925,0.000,5400.000,0.0000%,0,
Contact STARLINK-6350 - STARLINK-4494,0.000,5400.000,0.0000%,0,
Contact STARLINK-6350 - STARLINK-2499,5400.000,0.000,100.0000%,1,
Contact STARLINK-6350 - STARLINK-3634,0.000,5400.000,0.0000%,0,
Contact STARLINK-6350 - STARLINK-3768,0.000,5400.000,0.0000%,0,
Contact STARLINK-6350 - STARLINK-30904,0.000,5400.000,0.0000%,0,
Contact STARLINK-6350 - MoonARTEMIS1,3898.678,1501.322,72.1977%,2,
Contact STARLINK-6350 - MoonARTEMIS2,3860.618,1539.382,71.4929%,2,
Contact STARLINK-6350 - MoonIOAGEO,3900.936,1499.064,72.2396%,2,
Contact STARLINK-6350 - MoonIOAGNO,3881.598,1518.402,71.8814%,2,
Contact STARLINK-6350 - MoonIOAGNO 0001,3852.893,1547.107,71.3499%,2,
Contact STARLINK-6350 - MoonIOAGSO,3912.778,1487.222,72.4588%,2,
Contact STARLINK-6350 - MoonIOAGSO 0001,3941.017,1458.983,72.9818%,2,
Contact STARLINK-6350 - MoonLRO,2875.788,2524.212,53.2553%,1,
Contact STARLINK-6350 - MarsSat1,3956.671,1443.329,73.2717%,1,
Contact STARLINK-6350 - MarsSat2,3956.637,1443.363,73.2710%,1,
Contact STARLINK-6350 - MarsSat3,3956.712,1443.288,73.2724%,1,
Contact STARLINK-6350 - MarsSat4,3956.605,1443.395,73.2705%,1,
Contact STARLINK-11117 [DTC] - STARLINK-32040,0.000,5400.000,0.0000%,0,
Contact STARLINK-11117 [DTC] - STARLINK-5111,0.000,5400.000,0.0000%,0,
Contact STARLINK-11117 [DTC] - STARLINK-31151,0.000,5400.000,0.0000%,0,
Contact STARLINK-11117 [DTC] - STARLINK-1718,0.000,5400.000,0.0000%,0,
Contact STARLINK-11117 [DTC] - STARLINK-5502,0.000,5400.000,0.0000%,0,
Contact STARLINK-11117 [DTC] - STARLINK-1080,0.000,5400.000,0.0000%,0,
Contact STARLINK-11117 [DTC] - STARLINK-2224,0.000,5400.000,0.0000%,0,
Contact STARLINK-11117 [DTC] - STARLINK-5248,0.000,5400.000,0.0000%,0,
Contact STARLINK-11117 [DTC] - STARLINK-3696,0.000,5400.000,0.0000%,0,
Contact STARLINK-11117 [DTC] - STARLINK-5268,808.049,4591.951,14.9639%,1,
Contact STARLINK-11117 [DTC] - STARLINK-3540,0.000,5400.000,0.0000%,0,
Contact STARLINK-11117 [DTC] - STARLINK-4453,0.000,5400.000,0.0000%,0,
Contact STARLINK-11117 [DTC] - STARLINK-4480,0.000,5400.000,0.0000%,0,
Contact STARLINK-11117 [DTC] - STARLINK-4107,5400.000,0.000,100.0000%,1,
Contact STARLINK-11117 [DTC] - STARLINK-5158,0.000,5400.000,0.0000%,0,
Contact STARLINK-11117 [DTC] - STARLINK-6109,3904.032,1495.968,72.2969%,1,
Contact STARLINK-11117 [DTC] - STARLINK-31816,3869.178,1530.822,71.6514%,1,
Contact STARLINK-11117 [DTC] - STARLINK-30610,0.000,5400.000,0.0000%,0,
Contact STARLINK-11117 [DTC] - STARLINK-6247,0.000,5400.000,0.0000%,0,
Contact STARLINK-11117 [DTC] - STARLINK-5555,0.000,5400.000,0.0000%,0,
Contact STARLINK-11117 [DTC] - STARLINK-11225 [DTC],0.000,5400.000,0.0000%,0,
Contact STARLINK-11117 [DTC] - STARLINK-1682,0.000,5400.000,0.0000%,0,
Contact STARLINK-11117 [DTC] - STARLINK-2436,0.000,5400.000,0.0000%,0,
Contact STARLINK-11117 [DTC] - STARLINK-30752,1448.902,3951.098,26.8315%,1,
Contact STARLINK-11117 [DTC] - STARLINK-3869,0.000,5400.000,0.0000%,0,
Contact STARLINK-11117 [DTC] - STARLINK-2128,417.224,4982.776,7.7264%,1,
Contact STARLINK-11117 [DTC] - STARLINK-2214,0.000,5400.000,0.0000%,0,
Contact STARLINK-11117 [DTC] - STARLINK-4676,0.000,5400.000,0.0000%,0,
Contact STARLINK-11117 [DTC] - STARLINK-5777,0.000,5400.000,0.0000%,0,
Contact STARLINK-11117 [DTC] - STARLINK-30362,0.000,5400.000,0.0000%,0,
Contact STARLINK-11117 [DTC] - STARLINK-4679,0.000,5400.000,0.0000%,0,
Contact STARLINK-11117 [DTC] - STARLINK-4565,0.000,5400.000,0.0000%,0,
Contact STARLINK-11117 [DTC] - STARLINK-31895,0.000,5400.000,0.0000%,0,
Contact STARLINK-11117 [DTC] - STARLINK-3316,0.000,5400.000,0.0000%,0,
Contact STARLINK-11117 [DTC] - STARLINK-30480,5400.000,0.000,100.0000%,1,
Contact STARLINK-11117 [DTC] - STARLINK-5484,0.000,5400.000,0.0000%,0,
Contact STARLINK-11117 [DTC] - STARLINK-4419,0.000,5400.000,0.0000%,0,
Contact STARLINK-11117 [DTC] - STARLINK-30154,0.000,5400.000,0.0000%,0,
Contact STARLINK-11117 [DTC] - STARLINK-3770,4557.810,842.190,84.4039%,1,
Contact STARLINK-11117 [DTC] - STARLINK-30565,0.000,5400.000,0.0000%,0,
Contact STARLINK-11117 [DTC] - STARLINK-30248,927.852,4472.148,17.1824%,1,
Contact STARLINK-11117 [DTC] - STARLINK-5954,672.315,4727.685,12.4503%,1,
Contact STARLINK-11117 [DTC] - STARLINK-5609,0.000,5400.000,0.0000%,0,
Contact STARLINK-11117 [DTC] - STARLINK-3855,0.000,5400.000,0.0000%,0,
Contact STARLINK-11117 [DTC] - STARLINK-4030,0.000,5400.000,0.0000%,0,
Contact STARLINK-11117 [DTC] - STARLINK-5416,0.000,5400.000,0.0000%,0,
Contact STARLINK-11117 [DTC] - STARLINK-5067,0.000,5400.000,0.0000%,0,
Contact STARLINK-11117 [DTC] - STARLINK-1692,4170.950,1229.050,77.2398%,1,
Contact STARLINK-11117 [DTC] - STARLINK-3897,0.000,5400.000,0.0000%,0,
Contact STARLINK-11117 [DTC] - STARLINK-6046,0.000,5400.000,0.0000%,0,
Contact STARLINK-11117 [DTC] - STARLINK-4070,0.000,5400.000,0.0000%,0,
Contact STARLINK-11117 [DTC] - STARLINK-31082,0.000,5400.000,0.0000%,0,
Contact STARLINK-11117 [DTC] - STARLINK-5951,0.000,5400.000,0.0000%,0,
Contact STARLINK-11117 [DTC] - STARLINK-4328,0.000,5400.000,0.0000%,0,
Contact STARLINK-11117 [DTC] - STARLINK-1423,477.579,4922.421,8.8441%,1,
Contact STARLINK-11117 [DTC] - STARLINK-2153,0.000,5400.000,0.0000%,0,
Contact STARLINK-11117 [DTC] - STARLINK-3080,0.000,5400.000,0.0000%,0,
Contact STARLINK-11117 [DTC] - STARLINK-5858,0.000,5400.000,0.0000%,0,
Contact STARLINK-11117 [DTC] - STARLINK-31195,0.000,5400.000,0.0000%,0,
Contact STARLINK-11117 [DTC] - STARLINK-5018,0.000,5400.000,0.0000%,0,
Contact STARLINK-11117 [DTC] - STARLINK-4776,0.000,5400.000,0.0000%,0,
Contact STARLINK-11117 [DTC] - STARLINK-5686,711.851,4688.149,13.1824%,1,
Contact STARLINK-11117 [DTC] - STARLINK-31122,0.000,5400.000,0.0000%,0,
Contact STARLINK-11117 [DTC] - STARLINK-11130 [DTC],0.000,5400.000,0.0000%,0,
Contact STARLINK-11117 [DTC] - STARLINK-32043,0.000,5400.000,0.0000%,0,
Contact STARLINK-11117 [DTC] - STARLINK-1136,0.000,5400.000,0.0000%,0,
Contact STARLINK-11117 [DTC] - STARLINK-31006,811.947,4588.053,15.0360%,1,
Contact STARLINK-11117 [DTC] - STARLINK-4429,689.319,4710.681,12.7652%,2,
Contact STARLINK-11117 [DTC] - STARLINK-4257,0.000,5400.000,0.0000%,0,
Contact STARLINK-11117 [DTC] - STARLINK-5338,0.000,5400.000,0.0000%,0,
Contact STARLINK-11117 [DTC] - STARLINK-1572,0.000,5400.000,0.0000%,0,
Contact STARLINK-11117 [DTC] - STARLINK-32097,0.000,5400.000,0.0000%,0,
Contact STARLINK-11117 [DTC] - STARLINK-2704,0.000,5400.000,0.0000%,0,
Contact STARLINK-11117 [DTC] - STARLINK-3750,0.000,5400.000,0.0000%,0,
Contact STARLINK-11117 [DTC] - STARLINK-6363,0.000,5400.000,0.0000%,0,
Contact STARLINK-11117 [DTC] - STARLINK-1605,0.000,5400.000,0.0000%,0,
Contact STARLINK-11117 [DTC] - STARLINK-2068,0.000,5400.000,0.0000%,0,
Contact STARLINK-11117 [DTC] - STARLINK-30925,874.391,4525.609,16.1924%,1,
Contact STARLINK-11117 [DTC] - STARLINK-4494,0.000,5400.000,0.0000%,0,
Contact STARLINK-11117 [DTC] - STARLINK-2499,0.000,5400.000,0.0000%,0,
Contact STARLINK-11117 [DTC] - STARLINK-3634,647.442,4752.558,11.9897%,1,
Contact STARLINK-11117 [DTC] - STARLINK-3768,0.000,5400.000,0.0000%,0,
Contact STARLINK-11117 [DTC] - STARLINK-30904,833.200,4566.800,15.4296%,2,
Contact STARLINK-11117 [DTC] - MoonARTEMIS1,5400.000,0.000,100.0000%,1,
Contact STARLINK-11117 [DTC] - MoonARTEMIS2,5400.000,0.000,100.0000%,1,
Contact STARLINK-11117 [DTC] - MoonIOAGEO,5400.000,0.000,100.0000%,1,
Contact STARLINK-11117 [DTC] - MoonIOAGNO,5400.000,0.000,100.0000%,1,
Contact STARLINK-11117 [DTC] - MoonIOAGNO 0001,5400.000,0.000,100.0000%,1,
Contact STARLINK-11117 [DTC] - MoonIOAGSO,5400.000,0.000,100.0000%,1,
Contact STARLINK-11117 [DTC] - MoonIOAGSO 0001,5400.000,0.000,100.0000%,1,
Contact STARLINK-11117 [DTC] - MoonLRO,3892.034,1507.966,72.0747%,1,
Contact STARLINK-11117 [DTC] - MarsSat1,3535.566,1864.434,65.4734%,1,
Contact STARLINK-11117 [DTC] - MarsSat2,3535.560,1864.440,65.4733%,1,
Contact STARLINK-11117 [DTC] - MarsSat3,3535.578,1864.422,65.4737%,1,
Contact STARLINK-11117 [DTC] - MarsSat4,3535.648,1864.352,65.4750%,1,
Contact STARLINK-32040 - STARLINK-5111,5157.946,242.054,95.5175%,1,
Contact STARLINK-32040 - STARLINK-31151,0.000,5400.000,0.0000%,0,
Contact STARLINK-32040 - STARLINK-1718,0.000,5400.000,0.0000%,0,
Contact STARLINK-32040 - STARLINK-5502,0.000,5400.000,0.0000%,0,
Contact STARLINK-32040 - STARLINK-1080,0.000,5400.000,0.0000%,0,
Contact STARLINK-32040 - STARLINK-2224,0.000,5400.000,0.0000%,0,
Contact STARLINK-32040 - STARLINK-5248,0.000,5400.000,0.0000%,0,
Contact STARLINK-32040 - STARLINK-3696,0.000,5400.000,0.0000%,0,
Contact STARLINK-32040 - STARLINK-5268,0.000,5400.000,0.0000%,0,
Contact STARLINK-32040 - STARLINK-3540,0.000,5400.000,0.0000%,0,
Contact STARLINK-32040 - STARLINK-4453,927.534,4472.466,17.1766%,1,
Contact STARLINK-32040 - STARLINK-4480,0.000,5400.000,0.0000%,0,
Contact STARLINK-32040 - STARLINK-4107,0.000,5400.000,0.0000%,0,
Contact STARLINK-32040 - STARLINK-5158,0.000,5400.000,0.0000%,0,
Contact STARLINK-32040 - STARLINK-6109,0.000,5400.000,0.0000%,0,
Contact STARLINK-32040 - STARLINK-31816,0.000,5400.000,0.0000%,0,
Contact STARLINK-32040 - STARLINK-30610,0.000,5400.000,0.0000%,0,
Contact STARLINK-32040 - STARLINK-6247,0.000,5400.000,0.0000%,0,
Contact STARLINK-32040 - STARLINK-5555,0.000,5400.000,0.0000%,0,
Contact STARLINK-32040 - STARLINK-11225 [DTC],0.000,5400.000,0.0000%,0,
Contact STARLINK-32040 - STARLINK-1682,0.000,5400.000,0.0000%,0,
Contact STARLINK-32040 - STARLINK-2436,0.000,5400.000,0.0000%,0,
Contact STARLINK-32040 - STARLINK-30752,231.799,5168.201,4.2926%,1,
Contact STARLINK-32040 - STARLINK-3869,0.000,5400.000,0.0000%,0,
Contact STARLINK-32040 - STARLINK-2128,0.000,5400.000,0.0000%,0,
Contact STARLINK-32040 - STARLINK-2214,0.000,5400.000,0.0000%,0,
Contact STARLINK-32040 - STARLINK-4676,0.000,5400.000,0.0000%,0,
Contact STARLINK-32040 - STARLINK-5777,5400.000,0.000,100.0000%,1,
Contact STARLINK-32040 - STARLINK-30362,0.000,5400.000,0.0000%,0,
Contact STARLINK-32040 - STARLINK-4679,0.000,5400.000,0.0000%,0,
Contact STARLINK-32040 - STARLINK-4565,5400.000,0.000,100.0000%,1,
Contact STARLINK-32040 - STARLINK-31895,0.000,5400.000,0.0000%,0,
Contact STARLINK-32040 - STARLINK-3316,0.000,5400.000,0.0000%,0,
Contact STARLINK-32040 - STARLINK-30480,0.000,5400.000,0.0000%,0,
Contact STARLINK-32040 - STARLINK-5484,0.000,5400.000,0.0000%,0,
Contact STARLINK-32040 - STARLINK-4419,0.000,5400.000,0.0000%,0,
Contact STARLINK-32040 - STARLINK-30154,0.000,5400.000,0.0000%,0,
Contact STARLINK-32040 - STARLINK-3770,0.000,5400.000,0.0000%,0,
Contact STARLINK-32040 - STARLINK-30565,0.000,5400.000,0.0000%,0,
Contact STARLINK-32040 - STARLINK-30248,0.000,5400.000,0.0000%,0,
Contact STARLINK-32040 - STARLINK-5954,0.000,5400.000,0.0000%,0,
Contact STARLINK-32040 - STARLINK-5609,0.000,5400.000,0.0000%,0,
Contact STARLINK-32040 - STARLINK-3855,0.000,5400.000,0.0000%,0,
Contact STARLINK-32040 - STARLINK-4030,0.000,5400.000,0.0000%,0,
Contact STARLINK-32040 - STARLINK-5416,0.000,5400.000,0.0000%,0,
Contact STARLINK-32040 - STARLINK-5067,0.000,5400.000,0.0000%,0,
Contact STARLINK-32040 - STARLINK-1692,0.000,5400.000,0.0000%,0,
Contact STARLINK-32040 - STARLINK-3897,0.000,5400.000,0.0000%,0,
Contact STARLINK-32040 - STARLINK-6046,0.000,5400.000,0.0000%,0,
Contact STARLINK-32040 - STARLINK-4070,0.000,5400.000,0.0000%,0,
Contact STARLINK-32040 - STARLINK-31082,0.000,5400.000,0.0000%,0,
Contact STARLINK-32040 - STARLINK-5951,0.000,5400.000,0.0000%,0,
Contact STARLINK-32040 - STARLINK-4328,0.000,5400.000,0.0000%,0,
Contact STARLINK-32040 - STARLINK-1423,0.000,5400.000,0.0000%,0,
Contact STARLINK-32040 - STARLINK-2153,0.000,5400.000,0.0000%,0,
Contact STARLINK-32040 - STARLINK-3080,0.000,5400.000,0.0000%,0,
Contact STARLINK-32040 - STARLINK-5858,5400.000,0.000,100.0000%,1,
Contact STARLINK-32040 - STARLINK-31195,0.000,5400.000,0.0000%,0,
Contact STARLINK-32040 - STARLINK-5018,0.000,5400.000,0.0000%,0,
Contact STARLINK-32040 - STARLINK-4776,0.000,5400.000,0.0000%,0,
Contact STARLINK-32040 - STARLINK-5686,0.000,5400.000,0.0000%,0,
Contact STARLINK-32040 - STARLINK-31122,0.000,5400.000,0.0000%,0,
Contact STARLINK-32040 - STARLINK-11130 [DTC],0.000,5400.000,0.0000%,0,
Contact STARLINK-32040 - STARLINK-32043,628.839,4771.161,11.6452%,2,
Contact STARLINK-32040 - STARLINK-1136,647.762,4752.238,11.9956%,2,
Contact STARLINK-32040 - STARLINK-31006,440.616,4959.384,8.1595%,1,
Contact STARLINK-32040 - STARLINK-4429,0.000,5400.000,0.0000%,0,
Contact STARLINK-32040 - STARLINK-4257,0.000,5400.000,0.0000%,0,
Contact STARLINK-32040 - STARLINK-5338,813.805,4586.195,15.0705%,1,
Contact STARLINK-32040 - STARLINK-1572,0.000,5400.000,0.0000%,0,
Contact STARLINK-32040 - STARLINK-32097,5400.000,0.000,100.0000%,1,
Contact STARLINK-32040 - STARLINK-2704,0.000,5400.000,0.0000%,0,
Contact STARLINK-32040 - STARLINK-3750,920.602,4479.398,17.0482%,1,
Contact STARLINK-32040 - STARLINK-6363,0.000,5400.000,0.0000%,0,
Contact STARLINK-32040 - STARLINK-1605,648.050,4751.950,12.0009%,2,
Contact STARLINK-32040 - STARLINK-2068,0.000,5400.000,0.0000%,0,
Contact STARLINK-32040 - STARLINK-30925,0.000,5400.000,0.0000%,0,
Contact STARLINK-32040 - STARLINK-4494,0.000,5400.000,0.0000%,0,
Contact STARLINK-32040 - STARLINK-2499,0.000,5400.000,0.0000%,0,
Contact STARLINK-32040 - STARLINK-3634,0.000,5400.000,0.0000%,0,
Contact STARLINK-32040 - STARLINK-3768,0.000,5400.000,0.0000%,0,
Contact STARLINK-32040 - STARLINK-30904,419.109,4980.891,7.7613%,1,
Contact STARLINK-32040 - MoonARTEMIS1,3726.725,1673.275,69.0134%,1,
Contact STARLINK-32040 - MoonARTEMIS2,3719.297,1680.703,68.8759%,1,
Contact STARLINK-32040 - MoonIOAGEO,3722.378,1677.622,68.9329%,1,
Contact STARLINK-32040 - MoonIOAGNO,3707.347,1692.653,68.6546%,1,
Contact STARLINK-32040 - MoonIOAGNO 0001,3726.860,1673.140,69.0159%,1,
Contact STARLINK-32040 - MoonIOAGSO,3740.075,1659.925,69.2606%,1,
Contact STARLINK-32040 - MoonIOAGSO 0001,3728.471,1671.529,69.0458%,1,
Contact STARLINK-32040 - MoonLRO,3091.204,2308.796,57.2445%,1,
Contact STARLINK-32040 - MarsSat1,3388.123,2011.877,62.7430%,2,
Contact STARLINK-32040 - MarsSat2,3388.102,2011.898,62.7426%,2,
Contact STARLINK-32040 - MarsSat3,3388.160,2011.840,62.7437%,2,
Contact STARLINK-32040 - MarsSat4,3388.146,2011.854,62.7434%,2,
Contact STARLINK-5111 - STARLINK-31151,0.000,5400.000,0.0000%,0,
Contact STARLINK-5111 - STARLINK-1718,0.000,5400.000,0.0000%,0,
Contact STARLINK-5111 - STARLINK-5502,0.000,5400.000,0.0000%,0,
Contact STARLINK-5111 - STARLINK-1080,0.000,5400.000,0.0000%,0,
Contact STARLINK-5111 - STARLINK-2224,0.000,5400.000,0.0000%,0,
Contact STARLINK-5111 - STARLINK-5248,0.000,5400.000,0.0000%,0,
Contact STARLINK-5111 - STARLINK-3696,0.000,5400.000,0.0000%,0,
Contact STARLINK-5111 - STARLINK-5268,0.000,5400.000,0.0000%,0,
Contact STARLINK-5111 - STARLINK-3540,898.425,4501.575,16.6375%,1,
Contact STARLINK-5111 - STARLINK-4453,672.130,4727.870,12.4469%,1,
Contact STARLINK-5111 - STARLINK-4480,0.000,5400.000,0.0000%,0,
Contact STARLINK-5111 - STARLINK-4107,0.000,5400.000,0.0000%,0,
Contact STARLINK-5111 - STARLINK-5158,0.000,5400.000,0.0000%,0,
Contact STARLINK-5111 - STARLINK-6109,0.000,5400.000,0.0000%,0,
Contact STARLINK-5111 - STARLINK-31816,0.000,5400.000,0.0000%,0,
Contact STARLINK-5111 - STARLINK-30610,0.000,5400.000,0.0000%,0,
Contact STARLINK-5111 - STARLINK-6247,0.000,5400.000,0.0000%,0,
Contact STARLINK-5111 - STARLINK-5555,0.000,5400.000,0.0000%,0,
Contact STARLINK-5111 - STARLINK-11225 [DTC],0.000,5400.000,0.0000%,0,
Contact STARLINK-5111 - STARLINK-1682,0.000,5400.000,0.0000%,0,
Contact STARLINK-5111 - STARLINK-2436,0.000,5400.000,0.0000%,0,
Contact STARLINK-5111 - STARLINK-30752,0.000,5400.000,0.0000%,0,
Contact STARLINK-5111 - STARLINK-3869,0.000,5400.000,0.0000%,0,
Contact STARLINK-5111 - STARLINK-2128,0.000,5400.000,0.0000%,0,
Contact STARLINK-5111 - STARLINK-2214,0.000,5400.000,0.0000%,0,
Contact STARLINK-5111 - STARLINK-4676,0.000,5400.000,0.0000%,0,
Contact STARLINK-5111 - STARLINK-5777,1519.779,3880.221,28.1441%,1,
Contact STARLINK-5111 - STARLINK-30362,0.000,5400.000,0.0000%,0,
Contact STARLINK-5111 - STARLINK-4679,593.573,4806.427,10.9921%,1,
Contact STARLINK-5111 - STARLINK-4565,1412.384,3987.616,26.1553%,1,
Contact STARLINK-5111 - STARLINK-31895,0.000,5400.000,0.0000%,0,
Contact STARLINK-5111 - STARLINK-3316,0.000,5400.000,0.0000%,0,
Contact STARLINK-5111 - STARLINK-30480,0.000,5400.000,0.0000%,0,
Contact STARLINK-5111 - STARLINK-5484,877.298,4522.702,16.2463%,1,
Contact STARLINK-5111 - STARLINK-4419,0.000,5400.000,0.0000%,0,
Contact STARLINK-5111 - STARLINK-30154,0.000,5400.000,0.0000%,0,
Contact STARLINK-5111 - STARLINK-3770,0.000,5400.000,0.0000%,0,
Contact STARLINK-5111 - STARLINK-30565,0.000,5400.000,0.0000%,0,
Contact STARLINK-5111 - STARLINK-30248,0.000,5400.000,0.0000%,0,
Contact STARLINK-5111 - STARLINK-5954,0.000,5400.000,0.0000%,0,
Contact STARLINK-5111 - STARLINK-5609,0.000,5400.000,0.0000%,0,
Contact STARLINK-5111 - STARLINK-3855,0.000,5400.000,0.0000%,0,
Contact STARLINK-5111 - STARLINK-4030,0.000,5400.000,0.0000%,0,
Contact STARLINK-5111 - STARLINK-5416,0.000,5400.000,0.0000%,0,
Contact STARLINK-5111 - STARLINK-5067,697.841,4702.159,12.9230%,1,
Contact STARLINK-5111 - STARLINK-1692,0.000,5400.000,0.0000%,0,
Contact STARLINK-5111 - STARLINK-3897,0.000,5400.000,0.0000%,0,
Contact STARLINK-5111 - STARLINK-6046,0.000,5400.000,0.0000%,0,
Contact STARLINK-5111 - STARLINK-4070,5400.000,0.000,100.0000%,1,
Contact STARLINK-5111 - STARLINK-31082,0.000,5400.000,0.0000%,0,
Contact STARLINK-5111 - STARLINK-5951,0.000,5400.000,0.0000%,0,
Contact STARLINK-5111 - STARLINK-4328,0.000,5400.000,0.0000%,0,
Contact STARLINK-5111 - STARLINK-1423,0.000,5400.000,0.0000%,0,
Contact STARLINK-5111 - STARLINK-2153,3788.307,1611.693,70.1538%,1,
Contact STARLINK-5111 - STARLINK-3080,0.000,5400.000,0.0000%,0,
Contact STARLINK-5111 - STARLINK-5858,1402.472,3997.528,25.9717%,1,
Contact STARLINK-5111 - STARLINK-31195,2185.851,3214.149,40.4787%,1,
Contact STARLINK-5111 - STARLINK-5018,0.000,5400.000,0.0000%,0,
Contact STARLINK-5111 - STARLINK-4776,0.000,5400.000,0.0000%,0,
Contact STARLINK-5111 - STARLINK-5686,0.000,5400.000,0.0000%,0,
Contact STARLINK-5111 - STARLINK-31122,0.000,5400.000,0.0000%,0,
Contact STARLINK-5111 - STARLINK-11130 [DTC],0.000,5400.000,0.0000%,0,
Contact STARLINK-5111 - STARLINK-32043,648.681,4751.319,12.0126%,1,
Contact STARLINK-5111 - STARLINK-1136,0.000,5400.000,0.0000%,0,
Contact STARLINK-5111 - STARLINK-31006,0.000,5400.000,0.0000%,0,
Contact STARLINK-5111 - STARLINK-4429,0.000,5400.000,0.0000%,0,
Contact STARLINK-5111 - STARLINK-4257,0.000,5400.000,0.0000%,0,
Contact STARLINK-5111 - STARLINK-5338,1284.752,4115.248,23.7917%,1,
Contact STARLINK-5111 - STARLINK-1572,0.000,5400.000,0.0000%,0,
Contact STARLINK-5111 - STARLINK-32097,4712.607,687.393,87.2705%,1,
Contact STARLINK-5111 - STARLINK-2704,0.000,5400.000,0.0000%,0,
Contact STARLINK-5111 - STARLINK-3750,5400.000,0.000,100.0000%,1,
Contact STARLINK-5111 - STARLINK-6363,4141.849,1258.151,76.7009%,2,
Contact STARLINK-5111 - STARLINK-1605,468.262,4931.738,8.6715%,1,
Contact STARLINK-5111 - STARLINK-2068,0.000,5400.000,0.0000%,0,
Contact STARLINK-5111 - STARLINK-30925,0.000,5400.000,0.0000%,0,
Contact STARLINK-5111 - STARLINK-4494,0.000,5400.000,0.0000%,0,
Contact STARLINK-5111 - STARLINK-2499,0.000,5400.000,0.0000%,0,
Contact STARLINK-5111 - STARLINK-3634,0.000,5400.000,0.0000%,0,
Contact STARLINK-5111 - STARLINK-3768,0.000,5400.000,0.0000%,0,
Contact STARLINK-5111 - STARLINK-30904,0.000,5400.000,0.0000%,0,
Contact STARLINK-5111 - MoonARTEMIS1,3586.712,1813.288,66.4206%,1,
Contact STARLINK-5111 - MoonARTEMIS2,3588.120,1811.880,66.4467%,1,
Contact STARLINK-5111 - MoonIOAGEO,3581.316,1818.684,66.3207%,1,
Contact STARLINK-5111 - MoonIOAGNO,3579.010,1820.990,66.2780%,1,
Contact STARLINK-5111 - MoonIOAGNO 0001,3586.113,1813.887,66.4095%,1,
Contact STARLINK-5111 - MoonIOAGSO,3588.253,1811.747,66.4491%,1,
Contact STARLINK-5111 - MoonIOAGSO 0001,3585.402,1814.598,66.3963%,1,
Contact STARLINK-5111 - MoonLRO,3065.125,2334.875,56.7616%,1,
Contact STARLINK-5111 - MarsSat1,3286.712,2113.288,60.8650%,2,
Contact STARLINK-5111 - MarsSat2,3286.719,2113.281,60.8652%,2,
Contact STARLINK-5111 - MarsSat3,3286.706,2113.294,60.8649%,2,
Contact STARLINK-5111 - MarsSat4,3286.700,2113.300,60.8648%,2,
Contact STARLINK-31151 - STARLINK-1718,1214.611,4185.389,22.4928%,1,
Contact STARLINK-31151 - STARLINK-5502,996.273,4403.727,18.4495%,1,
Contact STARLINK-31151 - STARLINK-1080,1189.122,4210.878,22.0208%,1,
Contact STARLINK-31151 - STARLINK-2224,0.000,5400.000,0.0000%,0,
Contact STARLINK-31151 - STARLINK-5248,1029.066,4370.934,19.0568%,1,
Contact STARLINK-31151 - STARLINK-3696,136.674,5263.326,2.5310%,1,
Contact STARLINK-31151 - STARLINK-5268,0.000,5400.000,0.0000%,0,
Contact STARLINK-31151 - STARLINK-3540,0.000,5400.000,0.0000%,0,
Contact STARLINK-31151 - STARLINK-4453,0.000,5400.000,0.0000%,0,
Contact STARLINK-31151 - STARLINK-4480,0.000,5400.000,0.0000%,0,
Contact STARLINK-31151 - STARLINK-4107,0.000,5400.000,0.0000%,0,
Contact STARLINK-31151 - STARLINK-5158,0.000,5400.000,0.0000%,0,
Contact STARLINK-31151 - STARLINK-6109,0.000,5400.000,0.0000%,0,
Contact STARLINK-31151 - STARLINK-31816,0.000,5400.000,0.0000%,0,
Contact STARLINK-31151 - STARLINK-30610,0.000,5400.000,0.0000%,0,
Contact STARLINK-31151 - STARLINK-6247,959.046,4440.954,17.7601%,2,
Contact STARLINK-31151 - STARLINK-5555,0.000,5400.000,0.0000%,0,
Contact STARLINK-31151 - STARLINK-11225 [DTC],0.000,5400.000,0.0000%,0,
Contact STARLINK-31151 - STARLINK-1682,0.000,5400.000,0.0000%,0,
Contact STARLINK-31151 - STARLINK-2436,0.000,5400.000,0.0000%,0,
Contact STARLINK-31151 - STARLINK-30752,0.000,5400.000,0.0000%,0,
Contact STARLINK-31151 - STARLINK-3869,0.000,5400.000,0.0000%,0,
Contact STARLINK-31151 - STARLINK-2128,0.000,5400.000,0.0000%,0,
Contact STARLINK-31151 - STARLINK-2214,0.000,5400.000,0.0000%,0,
Contact STARLINK-31151 - STARLINK-4676,931.123,4468.877,17.2430%,1,
Contact STARLINK-31151 - STARLINK-5777,0.000,5400.000,0.0000%,0,
Contact STARLINK-31151 - STARLINK-30362,5400.000,0.000,100.0000%,1,
Contact STARLINK-31151 - STARLINK-4679,0.000,5400.000,0.0000%,0,
Contact STARLINK-31151 - STARLINK-4565,0.000,5400.000,0.0000%,0,
Contact STARLINK-31151 - STARLINK-31895,1561.867,3838.133,28.9235%,1,
Contact STARLINK-31151 - STARLINK-3316,0.000,5400.000,0.0000%,0,
Contact STARLINK-31151 - STARLINK-30480,0.000,5400.000,0.0000%,0,
Contact STARLINK-31151 - STARLINK-5484,0.000,5400.000,0.0000%,0,
Contact STARLINK-31151 - STARLINK-4419,0.000,5400.000,0.0000%,0,
Contact STARLINK-31151 - STARLINK-30154,0.000,5400.000,0.0000%,0,
Contact STARLINK-31151 - STARLINK-3770,0.000,5400.000,0.0000%,0,
Contact STARLINK-31151 - STARLINK-30565,0.000,5400.000,0.0000%,0,
Contact STARLINK-31151 - STARLINK-30248,0.000,5400.000,0.0000%,0,
Contact STARLINK-31151 - STARLINK-5954,0.000,5400.000,0.0000%,0,
Contact STARLINK-31151 - STARLINK-5609,0.000,5400.000,0.0000%,0,
Contact STARLINK-31151 - STARLINK-3855,0.000,5400.000,0.0000%,0,
Contact STARLINK-31151 - STARLINK-4030,5400.000,0.000,100.0000%,1,
Contact STARLINK-31151 - STARLINK-5416,4089.765,1310.235,75.7364%,2,
Contact STARLINK-31151 - STARLINK-5067,0.000,5400.000,0.0000%,0,
Contact STARLINK-31151 - STARLINK-1692,0.000,5400.000,0.0000%,0,
Contact STARLINK-31151 - STARLINK-3897,5400.000,0.000,100.0000%,1,
Contact STARLINK-31151 - STARLINK-6046,0.000,5400.000,0.0000%,0,
Contact STARLINK-31151 - STARLINK-4070,0.000,5400.000,0.0000%,0,
Contact STARLINK-31151 - STARLINK-31082,5400.000,0.000,100.0000%,1,
Contact STARLINK-31151 - STARLINK-5951,802.072,4597.928,14.8532%,1,
Contact STARLINK-31151 - STARLINK-4328,0.000,5400.000,0.0000%,0,
Contact STARLINK-31151 - STARLINK-1423,0.000,5400.000,0.0000%,0,
Contact STARLINK-31151 - STARLINK-2153,0.000,5400.000,0.0000%,0,
Contact STARLINK-31151 - STARLINK-3080,618.415,4781.585,11.4521%,2,
Contact STARLINK-31151 - STARLINK-5858,0.000,5400.000,0.0000%,0,
Contact STARLINK-31151 - STARLINK-31195,0.000,5400.000,0.0000%,0,
Contact STARLINK-31151 - STARLINK-5018,1050.642,4349.358,19.4563%,1,
Contact STARLINK-31151 - STARLINK-4776,0.000,5400.000,0.0000%,0,
Contact STARLINK-31151 - STARLINK-5686,990.356,4409.644,18.3399%,1,
Contact STARLINK-31151 - STARLINK-31122,743.618,4656.382,13.7707%,1,
Contact STARLINK-31151 - STARLINK-11130 [DTC],0.000,5400.000,0.0000%,0,
Contact STARLINK-31151 - STARLINK-32043,0.000,5400.000,0.0000%,0,
Contact STARLINK-31151 - STARLINK-1136,0.000,5400.000,0.0000%,0,
Contact STARLINK-31151 - STARLINK-31006,0.000,5400.000,0.0000%,0,
Contact STARLINK-31151 - STARLINK-4429,1022.548,4377.452,18.9361%,1,
Contact STARLINK-31151 - STARLINK-4257,0.000,5400.000,0.0000%,0,
Contact STARLINK-31151 - STARLINK-5338,0.000,5400.000,0.0000%,0,
Contact STARLINK-31151 - STARLINK-1572,0.000,5400.000,0.0000%,0,
Contact STARLINK-31151 - STARLINK-32097,0.000,5400.000,0.0000%,0,
Contact STARLINK-31151 - STARLINK-2704,0.000,5400.000,0.0000%,0,
Contact STARLINK-31151 - STARLINK-3750,0.000,5400.000,0.0000%,0,
Contact STARLINK-31151 - STARLINK-6363,0.000,5400.000,0.0000%,0,
Contact STARLINK-31151 - STARLINK-1605,0.000,5400.000,0.0000%,0,
Contact STARLINK-31151 - STARLINK-2068,0.000,5400.000,0.0000%,0,
Contact STARLINK-31151 - STARLINK-30925,0.000,5400.000,0.0000%,0,
Contact STARLINK-31151 - STARLINK-4494,0.000,5400.000,0.0000%,0,
Contact STARLINK-31151 - STARLINK-2499,0.000,5400.000,0.0000%,0,
Contact STARLINK-31151 - STARLINK-3634,0.000,5400.000,0.0000%,0,
Contact STARLINK-31151 - STARLINK-3768,0.000,5400.000,0.0000%,0,
Contact STARLINK-31151 - STARLINK-30904,0.000,5400.000,0.0000%,0,
Contact STARLINK-31151 - MoonARTEMIS1,3340.774,2059.226,61.8662%,2,
Contact STARLINK-31151 - MoonARTEMIS2,3352.871,2047.129,62.0902%,2,
Contact STARLINK-31151 - MoonIOAGEO,3348.522,2051.478,62.0097%,2,
Contact STARLINK-31151 - MoonIOAGNO,3350.731,2049.269,62.0506%,2,
Contact STARLINK-31151 - MoonIOAGNO 0001,3353.500,2046.500,62.1019%,2,
Contact STARLINK-31151 - MoonIOAGSO,3342.248,2057.752,61.8935%,2,
Contact STARLINK-31151 - MoonIOAGSO 0001,3335.418,2064.582,61.7670%,2,
Contact STARLINK-31151 - MoonLRO,2131.901,3268.099,39.4796%,1,
Contact STARLINK-31151 - MarsSat1,3807.109,1592.891,70.5020%,1,
Contact STARLINK-31151 - MarsSat2,3807.153,1592.847,70.5028%,1,
Contact STARLINK-31151 - MarsSat3,3807.040,1592.960,70.5007%,1,
Contact STARLINK-31151 - MarsSat4,3807.129,1592.871,70.5024%,1,
Contact STARLINK-1718 - STARLINK-5502,4892.189,507.811,90.5961%,1,
Contact STARLINK-1718 - STARLINK-1080,0.000,5400.000,0.0000%,0,
Contact STARLINK-1718 - STARLINK-2224,0.000,5400.000,0.0000%,0,
Contact STARLINK-1718 - STARLINK-5248,1346.750,4053.250,24.9398%,1,
Contact STARLINK-1718 - STARLINK-3696,324.776,5075.224,6.0144%,1,
Contact STARLINK-1718 - STARLINK-5268,0.000,5400.000,0.0000%,0,
Contact STARLINK-1718 - STARLINK-3540,0.000,5400.000,0.0000%,0,
Contact STARLINK-1718 - STARLINK-4453,0.000,5400.000,0.0000%,0,
Contact STARLINK-1718 - STARLINK-4480,0.000,5400.000,0.0000%,0,
Contact STARLINK-1718 - STARLINK-4107,0.000,5400.000,0.0000%,0,
Contact STARLINK-1718 - STARLINK-5158,0.000,5400.000,0.0000%,0,
Contact STARLINK-1718 - STARLINK-6109,0.000,5400.000,0.0000%,0,
Contact STARLINK-1718 - STARLINK-31816,0.000,5400.000,0.0000%,0,
Contact STARLINK-1718 - STARLINK-30610,0.000,5400.000,0.0000%,0,
Contact STARLINK-1718 - STARLINK-6247,3634.097,1765.903,67.2981%,1,
Contact STARLINK-1718 - STARLINK-5555,5400.000,0.000,100.0000%,1,
Contact STARLINK-1718 - STARLINK-11225 [DTC],0.000,5400.000,0.0000%,0,
Contact STARLINK-1718 - STARLINK-1682,0.000,5400.000,0.0000%,0,
Contact STARLINK-1718 - STARLINK-2436,0.000,5400.000,0.0000%,0,
Contact STARLINK-1718 - STARLINK-30752,0.000,5400.000,0.0000%,0,
Contact STARLINK-1718 - STARLINK-3869,0.000,5400.000,0.0000%,0,
Contact STARLINK-1718 - STARLINK-2128,0.000,5400.000,0.0000%,0,
Contact STARLINK-1718 - STARLINK-2214,0.000,5400.000,0.0000%,0,
Contact STARLINK-1718 - STARLINK-4676,5400.000,0.000,100.0000%,1,
Contact STARLINK-1718 - STARLINK-5777,0.000,5400.000,0.0000%,0,
Contact STARLINK-1718 - STARLINK-30362,1190.994,4209.006,22.0554%,1,
Contact STARLINK-1718 - STARLINK-4679,0.000,5400.000,0.0000%,0,
Contact STARLINK-1718 - STARLINK-4565,0.000,5400.000,0.0000%,0,
Contact STARLINK-1718 - STARLINK-31895,4879.605,520.395,90.3631%,1,
Contact STARLINK-1718 - STARLINK-3316,0.000,5400.000,0.0000%,0,
Contact STARLINK-1718 - STARLINK-30480,0.000,5400.000,0.0000%,0,
Contact STARLINK-1718 - STARLINK-5484,0.000,5400.000,0.0000%,0,
Contact STARLINK-1718 - STARLINK-4419,350.067,5049.933,6.4827%,2,
Contact STARLINK-1718 - STARLINK-30154,3854.637,1545.363,71.3822%,2,
Contact STARLINK-1718 - STARLINK-3770,0.000,5400.000,0.0000%,0,
Contact STARLINK-1718 - STARLINK-30565,151.706,5248.294,2.8094%,2,
Contact STARLINK-1718 - STARLINK-30248,0.000,5400.000,0.0000%,0,
Contact STARLINK-1718 - STARLINK-5954,0.000,5400.000,0.0000%,0,
Contact STARLINK-1718 - STARLINK-5609,5400.000,0.000,100.0000%,1,
Contact STARLINK-1718 - STARLINK-3855,0.000,5400.000,0.0000%,0,
Contact STARLINK-1718 - STARLINK-4030,4205.223,1194.777,77.8745%,1,
Contact STARLINK-1718 - STARLINK-5416,3661.477,1738.523,67.8051%,1,
Contact STARLINK-1718 - STARLINK-5067,0.000,5400.000,0.0000%,0,
Contact STARLINK-1718 - STARLINK-1692,0.000,5400.000,0.0000%,0,
Contact STARLINK-1718 - STARLINK-3897,551.946,4848.054,10.2212%,1,
Contact STARLINK-1718 - STARLINK-6046,0.000,5400.000,0.0000%,0,
Contact STARLINK-1718 - STARLINK-4070,0.000,5400.000,0.0000%,0,
Contact STARLINK-1718 - STARLINK-31082,1079.136,4320.864,19.9840%,1,
Contact STARLINK-1718 - STARLINK-5951,607.419,4792.581,11.2485%,2,
Contact STARLINK-1718 - STARLINK-4328,0.000,5400.000,0.0000%,0,
Contact STARLINK-1718 - STARLINK-1423,0.000,5400.000,0.0000%,0,
Contact STARLINK-1718 - STARLINK-2153,0.000,5400.000,0.0000%,0,
Contact STARLINK-1718 - STARLINK-3080,716.792,4683.208,13.2739%,1,
Contact STARLINK-1718 - STARLINK-5858,0.000,5400.000,0.0000%,0,
Contact STARLINK-1718 - STARLINK-31195,0.000,5400.000,0.0000%,0,
Contact STARLINK-1718 - STARLINK-5018,1349.112,4050.888,24.9836%,1,
Contact STARLINK-1718 - STARLINK-4776,4655.263,744.737,86.2086%,2,
Contact STARLINK-1718 - STARLINK-5686,0.000,5400.000,0.0000%,0,
Contact STARLINK-1718 - STARLINK-31122,502.959,4897.041,9.3141%,2,
Contact STARLINK-1718 - STARLINK-11130 [DTC],5400.000,0.000,100.0000%,1,
Contact STARLINK-1718 - STARLINK-32043,0.000,5400.000,0.0000%,0,
Contact STARLINK-1718 - STARLINK-1136,0.000,5400.000,0.0000%,0,
Contact STARLINK-1718 - STARLINK-31006,0.000,5400.000,0.0000%,0,
Contact STARLINK-1718 - STARLINK-4429,130.955,5269.045,2.4251%,1,
Contact STARLINK-1718 - STARLINK-4257,0.000,5400.000,0.0000%,0,
Contact STARLINK-1718 - STARLINK-5338,0.000,5400.000,0.0000%,0,
Contact STARLINK-1718 - STARLINK-1572,0.000,5400.000,0.0000%,0,
Contact STARLINK-1718 - STARLINK-32097,0.000,5400.000,0.0000%,0,
Contact STARLINK-1718 - STARLINK-2704,0.000,5400.000,0.0000%,0,
Contact STARLINK-1718 - STARLINK-3750,0.000,5400.000,0.0000%,0,
Contact STARLINK-1718 - STARLINK-6363,0.000,5400.000,0.0000%,0,
Contact STARLINK-1718 - STARLINK-1605,0.000,5400.000,0.0000%,0,
Contact STARLINK-1718 - STARLINK-2068,4832.709,567.291,89.4946%,1,
Contact STARLINK-1718 - STARLINK-30925,0.000,5400.000,0.0000%,0,
Contact STARLINK-1718 - STARLINK-4494,0.000,5400.000,0.0000%,0,
Contact STARLINK-1718 - STARLINK-2499,3927.677,1472.323,72.7348%,2,
Contact STARLINK-1718 - STARLINK-3634,0.000,5400.000,0.0000%,0,
Contact STARLINK-1718 - STARLINK-3768,0.000,5400.000,0.0000%,0,
Contact STARLINK-1718 - STARLINK-30904,0.000,5400.000,0.0000%,0,
Contact STARLINK-1718 - MoonARTEMIS1,3242.641,2157.359,60.0489%,2,
Contact STARLINK-1718 - MoonARTEMIS2,3246.666,2153.334,60.1235%,2,
Contact STARLINK-1718 - MoonIOAGEO,3248.042,2151.958,60.1489%,2,
Contact STARLINK-1718 - MoonIOAGNO,3243.781,2156.219,60.0700%,2,
Contact STARLINK-1718 - MoonIOAGNO 0001,3248.271,2151.729,60.1532%,2,
Contact STARLINK-1718 - MoonIOAGSO,3248.534,2151.466,60.1580%,2,
Contact STARLINK-1718 - MoonIOAGSO 0001,3241.038,2158.962,60.0192%,2,
Contact STARLINK-1718 - MoonLRO,2414.684,2985.316,44.7164%,1,
Contact STARLINK-1718 - MarsSat1,3594.779,1805.221,66.5700%,1,
Contact STARLINK-1718 - MarsSat2,3594.787,1805.213,66.5701%,1,
Contact STARLINK-1718 - MarsSat3,3594.769,1805.231,66.5698%,1,
Contact STARLINK-1718 - MarsSat4,3594.799,1805.201,66.5704%,1,
Contact STARLINK-5502 - STARLINK-1080,5400.000,0.000,100.0000%,1,
Contact STARLINK-5502 - STARLINK-2224,0.000,5400.000,0.0000%,0,
Contact STARLINK-5502 - STARLINK-5248,5400.000,0.000,100.0000%,1,
Contact STARLINK-5502 - STARLINK-3696,0.000,5400.000,0.0000%,0,
Contact STARLINK-5502 - STARLINK-5268,3761.978,1638.022,69.6663%,2,
Contact STARLINK-5502 - STARLINK-3540,0.000,5400.000,0.0000%,0,
Contact STARLINK-5502 - STARLINK-4453,0.000,5400.000,0.0000%,0,
Contact STARLINK-5502 - STARLINK-4480,0.000,5400.000,0.0000%,0,
Contact STARLINK-5502 - STARLINK-4107,0.000,5400.000,0.0000%,0,
Contact STARLINK-5502 - STARLINK-5158,0.000,5400.000,0.0000%,0,
Contact STARLINK-5502 - STARLINK-6109,486.799,4913.201,9.0148%,2,
Contact STARLINK-5502 - STARLINK-31816,487.766,4912.234,9.0327%,2,
Contact STARLINK-5502 - STARLINK-30610,0.000,5400.000,0.0000%,0,
Contact STARLINK-5502 - STARLINK-6247,0.000,5400.000,0.0000%,0,
Contact STARLINK-5502 - STARLINK-5555,4979.943,420.057,92.2212%,1,
Contact STARLINK-5502 - STARLINK-11225 [DTC],0.000,5400.000,0.0000%,0,
Contact STARLINK-5502 - STARLINK-1682,0.000,5400.000,0.0000%,0,
Contact STARLINK-5502 - STARLINK-2436,0.000,5400.000,0.0000%,0,
Contact STARLINK-5502 - STARLINK-30752,0.000,5400.000,0.0000%,0,
Contact STARLINK-5502 - STARLINK-3869,0.000,5400.000,0.0000%,0,
Contact STARLINK-5502 - STARLINK-2128,0.000,5400.000,0.0000%,0,
Contact STARLINK-5502 - STARLINK-2214,0.000,5400.000,0.0000%,0,
Contact STARLINK-5502 - STARLINK-4676,5400.000,0.000,100.0000%,1,
Contact STARLINK-5502 - STARLINK-5777,0.000,5400.000,0.0000%,0,
Contact STARLINK-5502 - STARLINK-30362,834.907,4565.093,15.4612%,1,
Contact STARLINK-5502 - STARLINK-4679,0.000,5400.000,0.0000%,0,
Contact STARLINK-5502 - STARLINK-4565,0.000,5400.000,0.0000%,0,
Contact STARLINK-5502 - STARLINK-31895,0.000,5400.000,0.0000%,0,
Contact STARLINK-5502 - STARLINK-3316,0.000,5400.000,0.0000%,0,
Contact STARLINK-5502 - STARLINK-30480,0.000,5400.000,0.0000%,0,
Contact STARLINK-5502 - STARLINK-5484,0.000,5400.000,0.0000%,0,
Contact STARLINK-5502 - STARLINK-4419,303.717,5096.283,5.6244%,2,
Contact STARLINK-5502 - STARLINK-30154,5400.000,0.000,100.0000%,1,
Contact STARLINK-5502 - STARLINK-3770,0.000,5400.000,0.0000%,0,
Contact STARLINK-5502 - STARLINK-30565,590.021,4809.979,10.9263%,2,
Contact STARLINK-5502 - STARLINK-30248,640.883,4759.117,11.8682%,2,
Contact STARLINK-5502 - STARLINK-5954,0.000,5400.000,0.0000%,0,
Contact STARLINK-5502 - STARLINK-5609,0.000,5400.000,0.0000%,0,
Contact STARLINK-5502 - STARLINK-3855,0.000,5400.000,0.0000%,0,
Contact STARLINK-5502 - STARLINK-4030,0.000,5400.000,0.0000%,0,
Contact STARLINK-5502 - STARLINK-5416,703.527,4696.473,13.0283%,1,
Contact STARLINK-5502 - STARLINK-5067,0.000,5400.000,0.0000%,0,
Contact STARLINK-5502 - STARLINK-1692,0.000,5400.000,0.0000%,0,
Contact STARLINK-5502 - STARLINK-3897,848.289,4551.711,15.7091%,1,
Contact STARLINK-5502 - STARLINK-6046,353.717,5046.283,6.5503%,2,
Contact STARLINK-5502 - STARLINK-4070,0.000,5400.000,0.0000%,0,
Contact STARLINK-5502 - STARLINK-31082,837.666,4562.334,15.5123%,1,
Contact STARLINK-5502 - STARLINK-5951,0.000,5400.000,0.0000%,0,
Contact STARLINK-5502 - STARLINK-4328,257.558,5142.442,4.7696%,1,
Contact STARLINK-5502 - STARLINK-1423,0.000,5400.000,0.0000%,0,
Contact STARLINK-5502 - STARLINK-2153,0.000,5400.000,0.0000%,0,
Contact STARLINK-5502 - STARLINK-3080,0.000,5400.000,0.0000%,0,
Contact STARLINK-5502 - STARLINK-5858,0.000,5400.000,0.0000%,0,
Contact STARLINK-5502 - STARLINK-31195,0.000,5400.000,0.0000%,0,
Contact STARLINK-5502 - STARLINK-5018,5400.000,0.000,100.0000%,1,
Contact STARLINK-5502 - STARLINK-4776,4986.319,413.681,92.3392%,1,
Contact STARLINK-5502 - STARLINK-5686,0.000,5400.000,0.0000%,0,
Contact STARLINK-5502 - STARLINK-31122,653.173,4746.827,12.0958%,1,
Contact STARLINK-5502 - STARLINK-11130 [DTC],0.000,5400.000,0.0000%,0,
Contact STARLINK-5502 - STARLINK-32043,0.000,5400.000,0.0000%,0,
Contact STARLINK-5502 - STARLINK-1136,0.000,5400.000,0.0000%,0,
Contact STARLINK-5502 - STARLINK-31006,0.000,5400.000,0.0000%,0,
Contact STARLINK-5502 - STARLINK-4429,743.690,4656.310,13.7720%,1,
Contact STARLINK-5502 - STARLINK-4257,435.848,4964.152,8.0713%,1,
Contact STARLINK-5502 - STARLINK-5338,0.000,5400.000,0.0000%,0,
Contact STARLINK-5502 - STARLINK-1572,0.000,5400.000,0.0000%,0,
Contact STARLINK-5502 - STARLINK-32097,0.000,5400.000,0.0000%,0,
Contact STARLINK-5502 - STARLINK-2704,565.451,4834.549,10.4713%,2,
Contact STARLINK-5502 - STARLINK-3750,0.000,5400.000,0.0000%,0,
Contact STARLINK-5502 - STARLINK-6363,0.000,5400.000,0.0000%,0,
Contact STARLINK-5502 - STARLINK-1605,0.000,5400.000,0.0000%,0,
Contact STARLINK-5502 - STARLINK-2068,0.000,5400.000,0.0000%,0,
Contact STARLINK-5502 - STARLINK-30925,454.536,4945.464,8.4173%,1,
Contact STARLINK-5502 - STARLINK-4494,473.704,4926.296,8.7723%,1,
Contact STARLINK-5502 - STARLINK-2499,5400.000,0.000,100.0000%,1,
Contact STARLINK-5502 - STARLINK-3634,4518.997,881.003,83.6851%,2,
Contact STARLINK-5502 - STARLINK-3768,0.000,5400.000,0.0000%,0,
Contact STARLINK-5502 - STARLINK-30904,0.000,5400.000,0.0000%,0,
Contact STARLINK-5502 - MoonARTEMIS1,3408.818,1991.182,63.1263%,2,
Contact STARLINK-5502 - MoonARTEMIS2,3408.762,1991.238,63.1252%,2,
Contact STARLINK-5502 - MoonIOAGEO,3411.892,1988.108,63.1832%,2,
Contact STARLINK-5502 - MoonIOAGNO,3410.075,1989.925,63.1495%,2,
Contact STARLINK-5502 - MoonIOAGNO 0001,3399.307,2000.693,62.9501%,2,
Contact STARLINK-5502 - MoonIOAGSO,3410.920,1989.080,63.1652%,2,
Contact STARLINK-5502 - MoonIOAGSO 0001,3413.889,1986.111,63.2202%,2,
Contact STARLINK-5502 - MoonLRO,2515.295,2884.705,46.5795%,1,
Contact STARLINK-5502 - MarsSat1,3868.918,1531.082,71.6466%,1,
Contact STARLINK-5502 - MarsSat2,3868.911,1531.089,71.6465%,1,
Contact STARLINK-5502 - MarsSat3,3868.930,1531.070,71.6469%,1,
Contact STARLINK-5502 - MarsSat4,3868.890,1531.110,71.6461%,1,
Contact STARLINK-1080 - STARLINK-2224,0.000,5400.000,0.0000%,0,
Contact STARLINK-1080 - STARLINK-5248,5400.000,0.000,100.0000%,1,
Contact STARLINK-1080 - STARLINK-3696,0.000,5400.000,0.0000%,0,
Contact STARLINK-1080 - STARLINK-5268,0.000,5400.000,0.0000%,0,
Contact STARLINK-1080 - STARLINK-3540,0.000,5400.000,0.0000%,0,
Contact STARLINK-1080 - STARLINK-4453,0.000,5400.000,0.0000%,0,
Contact STARLINK-1080 - STARLINK-4480,0.000,5400.000,0.0000%,0,
Contact STARLINK-1080 - STARLINK-4107,0.000,5400.000,0.0000%,0,
Contact STARLINK-1080 - STARLINK-5158,0.000,5400.000,0.0000%,0,
Contact STARLINK-1080 - STARLINK-6109,616.053,4783.947,11.4084%,2,
Contact STARLINK-1080 - STARLINK-31816,617.412,4782.588,11.4336%,2,
Contact STARLINK-1080 - STARLINK-30610,0.000,5400.000,0.0000%,0,
Contact STARLINK-1080 - STARLINK-6247,0.000,5400.000,0.0000%,0,
Contact STARLINK-1080 - STARLINK-5555,0.000,5400.000,0.0000%,0,
Contact STARLINK-1080 - STARLINK-11225 [DTC],0.000,5400.000,0.0000%,0,
Contact STARLINK-1080 - STARLINK-1682,0.000,5400.000,0.0000%,0,
Contact STARLINK-1080 - STARLINK-2436,0.000,5400.000,0.0000%,0,
Contact STARLINK-1080 - STARLINK-30752,0.000,5400.000,0.0000%,0,
Contact STARLINK-1080 - STARLINK-3869,0.000,5400.000,0.0000%,0,
Contact STARLINK-1080 - STARLINK-2128,0.000,5400.000,0.0000%,0,
Contact STARLINK-1080 - STARLINK-2214,0.000,5400.000,0.0000%,0,
Contact STARLINK-1080 - STARLINK-4676,0.000,5400.000,0.0000%,0,
Contact STARLINK-1080 - STARLINK-5777,0.000,5400.000,0.0000%,0,
Contact STARLINK-1080 - STARLINK-30362,604.565,4795.435,11.1957%,1,
Contact STARLINK-1080 - STARLINK-4679,0.000,5400.000,0.0000%,0,
Contact STARLINK-1080 - STARLINK-4565,0.000,5400.000,0.0000%,0,
Contact STARLINK-1080 - STARLINK-31895,0.000,5400.000,0.0000%,0,
Contact STARLINK-1080 - STARLINK-3316,0.000,5400.000,0.0000%,0,
Contact STARLINK-1080 - STARLINK-30480,0.000,5400.000,0.0000%,0,
Contact STARLINK-1080 - STARLINK-5484,0.000,5400.000,0.0000%,0,
Contact STARLINK-1080 - STARLINK-4419,506.012,4893.988,9.3706%,1,
Contact STARLINK-1080 - STARLINK-30154,3985.862,1414.138,73.8123%,2,
Contact STARLINK-1080 - STARLINK-3770,57.489,5342.511,1.0646%,1,
Contact STARLINK-1080 - STARLINK-30565,642.690,4757.310,11.9017%,2,
Contact STARLINK-1080 - STARLINK-30248,913.011,4486.989,16.9076%,1,
Contact STARLINK-1080 - STARLINK-5954,0.000,5400.000,0.0000%,0,
Contact STARLINK-1080 - STARLINK-5609,0.000,5400.000,0.0000%,0,
Contact STARLINK-1080 - STARLINK-3855,0.000,5400.000,0.0000%,0,
Contact STARLINK-1080 - STARLINK-4030,0.000,5400.000,0.0000%,0,
Contact STARLINK-1080 - STARLINK-5416,0.000,5400.000,0.0000%,0,
Contact STARLINK-1080 - STARLINK-5067,0.000,5400.000,0.0000%,0,
Contact STARLINK-1080 - STARLINK-1692,0.000,5400.000,0.0000%,0,
Contact STARLINK-1080 - STARLINK-3897,906.422,4493.578,16.7856%,1,
Contact STARLINK-1080 - STARLINK-6046,546.482,4853.518,10.1200%,1,
Contact STARLINK-1080 - STARLINK-4070,0.000,5400.000,0.0000%,0,
Contact STARLINK-1080 - STARLINK-31082,676.783,4723.217,12.5330%,1,
Contact STARLINK-1080 - STARLINK-5951,0.000,5400.000,0.0000%,0,
Contact STARLINK-1080 - STARLINK-4328,0.000,5400.000,0.0000%,0,
Contact STARLINK-1080 - STARLINK-1423,0.000,5400.000,0.0000%,0,
Contact STARLINK-1080 - STARLINK-2153,0.000,5400.000,0.0000%,0,
Contact STARLINK-1080 - STARLINK-3080,0.000,5400.000,0.0000%,0,
Contact STARLINK-1080 - STARLINK-5858,0.000,5400.000,0.0000%,0,
Contact STARLINK-1080 - STARLINK-31195,0.000,5400.000,0.0000%,0,
Contact STARLINK-1080 - STARLINK-5018,5400.000,0.000,100.0000%,1,
Contact STARLINK-1080 - STARLINK-4776,0.000,5400.000,0.0000%,0,
Contact STARLINK-1080 - STARLINK-5686,5400.000,0.000,100.0000%,1,
Contact STARLINK-1080 - STARLINK-31122,391.250,5008.750,7.2454%,2,
Contact STARLINK-1080 - STARLINK-11130 [DTC],0.000,5400.000,0.0000%,0,
Contact STARLINK-1080 - STARLINK-32043,0.000,5400.000,0.0000%,0,
Contact STARLINK-1080 - STARLINK-1136,0.000,5400.000,0.0000%,0,
Contact STARLINK-1080 - STARLINK-31006,0.000,5400.000,0.0000%,0,
Contact STARLINK-1080 - STARLINK-4429,744.611,4655.389,13.7891%,1,
Contact STARLINK-1080 - STARLINK-4257,369.873,5030.127,6.8495%,2,
Contact STARLINK-1080 - STARLINK-5338,0.000,5400.000,0.0000%,0,
Contact STARLINK-1080 - STARLINK-1572,0.000,5400.000,0.0000%,0,
Contact STARLINK-1080 - STARLINK-32097,0.000,5400.000,0.0000%,0,
Contact STARLINK-1080 - STARLINK-2704,643.275,4756.725,11.9125%,2,
Contact STARLINK-1080 - STARLINK-3750,0.000,5400.000,0.0000%,0,
Contact STARLINK-1080 - STARLINK-6363,0.000,5400.000,0.0000%,0,
Contact STARLINK-1080 - STARLINK-1605,0.000,5400.000,0.0000%,0,
Contact STARLINK-1080 - STARLINK-2068,0.000,5400.000,0.0000%,0,
Contact STARLINK-1080 - STARLINK-30925,0.000,5400.000,0.0000%,0,
Contact STARLINK-1080 - STARLINK-4494,0.000,5400.000,0.0000%,0,
Contact STARLINK-1080 - STARLINK-2499,0.000,5400.000,0.0000%,0,
Contact STARLINK-1080 - STARLINK-3634,4325.913,1074.087,80.1095%,2,
Contact STARLINK-1080 - STARLINK-3768,0.000,5400.000,0.0000%,0,
Contact STARLINK-1080 - STARLINK-30904,0.000,5400.000,0.0000%,0,
Contact STARLINK-1080 - MoonARTEMIS1,3300.493,2099.507,61.1202%,2,
Contact STARLINK-1080 - MoonARTEMIS2,3299.693,2100.307,61.1054%,2,
Contact STARLINK-1080 - MoonIOAGEO,3304.556,2095.444,61.1955%,2,
Contact STARLINK-1080 - MoonIOAGNO,3300.581,2099.419,61.1219%,2,
Contact STARLINK-1080 - MoonIOAGNO 0001,3295.340,2104.660,61.0248%,2,
Contact STARLINK-1080 - MoonIOAGSO,3304.861,2095.139,61.2011%,2,
Contact STARLINK-1080 - MoonIOAGSO 0001,3304.612,2095.388,61.1965%,2,
Contact STARLINK-1080 - MoonLRO,1880.614,3519.386,34.8262%,1,
Contact STARLINK-1080 - MarsSat1,3606.843,1793.157,66.7934%,1,
Contact STARLINK-1080 - MarsSat2,3606.837,1793.163,66.7933%,1,
Contact STARLINK-1080 - MarsSat3,3606.853,1793.147,66.7936%,1,
Contact STARLINK-1080 - MarsSat4,3606.843,1793.157,66.7934%,1,
Contact STARLINK-2224 - STARLINK-5248,0.000,5400.000,0.0000%,0,
Contact STARLINK-2224 - STARLINK-3696,5400.000,0.000,100.0000%,1,
Contact STARLINK-2224 - STARLINK-5268,0.000,5400.000,0.0000%,0,
Contact STARLINK-2224 - STARLINK-3540,1008.173,4391.827,18.6699%,2,
Contact STARLINK-2224 - STARLINK-4453,489.232,4910.768,9.0599%,1,
Contact STARLINK-2224 - STARLINK-4480,0.000,5400.000,0.0000%,0,
Contact STARLINK-2224 - STARLINK-4107,0.000,5400.000,0.0000%,0,
Contact STARLINK-2224 - STARLINK-5158,919.292,4480.708,17.0239%,1,
Contact STARLINK-2224 - STARLINK-6109,0.000,5400.000,0.0000%,0,
Contact STARLINK-2224 - STARLINK-31816,0.000,5400.000,0.0000%,0,
Contact STARLINK-2224 - STARLINK-30610,0.000,5400.000,0.0000%,0,
Contact STARLINK-2224 - STARLINK-6247,0.000,5400.000,0.0000%,0,
Contact STARLINK-2224 - STARLINK-5555,0.000,5400.000,0.0000%,0,
Contact STARLINK-2224 - STARLINK-11225 [DTC],5400.000,0.000,100.0000%,1,
Contact STARLINK-2224 - STARLINK-1682,0.000,5400.000,0.0000%,0,
Contact STARLINK-2224 - STARLINK-2436,0.000,5400.000,0.0000%,0,
Contact STARLINK-2224 - STARLINK-30752,0.000,5400.000,0.0000%,0,
Contact STARLINK-2224 - STARLINK-3869,0.000,5400.000,0.0000%,0,
Contact STARLINK-2224 - STARLINK-2128,0.000,5400.000,0.0000%,0,
Contact STARLINK-2224 - STARLINK-2214,0.000,5400.000,0.0000%,0,
Contact STARLINK-2224 - STARLINK-4676,0.000,5400.000,0.0000%,0,
Contact STARLINK-2224 - STARLINK-5777,473.497,4926.503,8.7685%,1,
Contact STARLINK-2224 - STARLINK-30362,0.000,5400.000,0.0000%,0,
Contact STARLINK-2224 - STARLINK-4679,0.000,5400.000,0.0000%,0,
Contact STARLINK-2224 - STARLINK-4565,0.000,5400.000,0.0000%,0,
Contact STARLINK-2224 - STARLINK-31895,726.055,4673.945,13.4455%,1,
Contact STARLINK-2224 - STARLINK-3316,0.000,5400.000,0.0000%,0,
Contact STARLINK-2224 - STARLINK-30480,0.000,5400.000,0.0000%,0,
Contact STARLINK-2224 - STARLINK-5484,722.854,4677.146,13.3862%,2,
Contact STARLINK-2224 - STARLINK-4419,0.000,5400.000,0.0000%,0,
Contact STARLINK-2224 - STARLINK-30154,0.000,5400.000,0.0000%,0,
Contact STARLINK-2224 - STARLINK-3770,0.000,5400.000,0.0000%,0,
Contact STARLINK-2224 - STARLINK-30565,0.000,5400.000,0.0000%,0,
Contact STARLINK-2224 - STARLINK-30248,0.000,5400.000,0.0000%,0,
Contact STARLINK-2224 - STARLINK-5954,0.000,5400.000,0.0000%,0,
Contact STARLINK-2224 - STARLINK-5609,0.000,5400.000,0.0000%,0,
Contact STARLINK-2224 - STARLINK-3855,0.000,5400.000,0.0000%,0,
Contact STARLINK-2224 - STARLINK-4030,903.766,4496.234,16.7364%,1,
Contact STARLINK-2224 - STARLINK-5416,0.000,5400.000,0.0000%,0,
Contact STARLINK-2224 - STARLINK-5067,611.838,4788.162,11.3303%,2,
Contact STARLINK-2224 - STARLINK-1692,0.000,5400.000,0.0000%,0,
Contact STARLINK-2224 - STARLINK-3897,0.000,5400.000,0.0000%,0,
Contact STARLINK-2224 - STARLINK-6046,0.000,5400.000,0.0000%,0,
Contact STARLINK-2224 - STARLINK-4070,0.000,5400.000,0.0000%,0,
Contact STARLINK-2224 - STARLINK-31082,0.000,5400.000,0.0000%,0,
Contact STARLINK-2224 - STARLINK-5951,0.000,5400.000,0.0000%,0,
Contact STARLINK-2224 - STARLINK-4328,0.000,5400.000,0.0000%,0,
Contact STARLINK-2224 - STARLINK-1423,0.000,5400.000,0.0000%,0,
Contact STARLINK-2224 - STARLINK-2153,807.120,4592.880,14.9467%,2,
Contact STARLINK-2224 - STARLINK-3080,0.000,5400.000,0.0000%,0,
Contact STARLINK-2224 - STARLINK-5858,423.173,4976.827,7.8365%,1,
Contact STARLINK-2224 - STARLINK-31195,4213.510,1186.490,78.0280%,1,
Contact STARLINK-2224 - STARLINK-5018,0.000,5400.000,0.0000%,0,
Contact STARLINK-2224 - STARLINK-4776,0.000,5400.000,0.0000%,0,
Contact STARLINK-2224 - STARLINK-5686,0.000,5400.000,0.0000%,0,
Contact STARLINK-2224 - STARLINK-31122,0.000,5400.000,0.0000%,0,
Contact STARLINK-2224 - STARLINK-11130 [DTC],0.000,5400.000,0.0000%,0,
Contact STARLINK-2224 - STARLINK-32043,0.000,5400.000,0.0000%,0,
Contact STARLINK-2224 - STARLINK-1136,0.000,5400.000,0.0000%,0,
Contact STARLINK-2224 - STARLINK-31006,0.000,5400.000,0.0000%,0,
Contact STARLINK-2224 - STARLINK-4429,0.000,5400.000,0.0000%,0,
Contact STARLINK-2224 - STARLINK-4257,0.000,5400.000,0.0000%,0,
Contact STARLINK-2224 - STARLINK-5338,3610.596,1789.404,66.8629%,1,
Contact STARLINK-2224 - STARLINK-1572,5400.000,0.000,100.0000%,1,
Contact STARLINK-2224 - STARLINK-32097,0.000,5400.000,0.0000%,0,
Contact STARLINK-2224 - STARLINK-2704,0.000,5400.000,0.0000%,0,
Contact STARLINK-2224 - STARLINK-3750,4030.466,1369.534,74.6383%,1,
Contact STARLINK-2224 - STARLINK-6363,0.000,5400.000,0.0000%,0,
Contact STARLINK-2224 - STARLINK-1605,0.000,5400.000,0.0000%,0,
Contact STARLINK-2224 - STARLINK-2068,815.280,4584.720,15.0978%,1,
Contact STARLINK-2224 - STARLINK-30925,0.000,5400.000,0.0000%,0,
Contact STARLINK-2224 - STARLINK-4494,0.000,5400.000,0.0000%,0,
Contact STARLINK-2224 - STARLINK-2499,0.000,5400.000,0.0000%,0,
Contact STARLINK-2224 - STARLINK-3634,0.000,5400.000,0.0000%,0,
Contact STARLINK-2224 - STARLINK-3768,5400.000,0.000,100.0000%,1,
Contact STARLINK-2224 - STARLINK-30904,0.000,5400.000,0.0000%,0,
Contact STARLINK-2224 - MoonARTEMIS1,3232.689,2167.311,59.8646%,2,
Contact STARLINK-2224 - MoonARTEMIS2,3232.150,2167.850,59.8546%,2,
Contact STARLINK-2224 - MoonIOAGEO,3234.298,2165.702,59.8944%,2,
Contact STARLINK-2224 - MoonIOAGNO,3234.786,2165.214,59.9034%,2,
Contact STARLINK-2224 - MoonIOAGNO 0001,3233.628,2166.372,59.8820%,2,
Contact STARLINK-2224 - MoonIOAGSO,3233.112,2166.888,59.8725%,2,
Contact STARLINK-2224 - MoonIOAGSO 0001,3236.616,2163.384,59.9373%,2,
Contact STARLINK-2224 - MoonLRO,3195.250,2204.750,59.1713%,1,
Contact STARLINK-2224 - MarsSat1,5400.000,0.000,100.0000%,1,
Contact STARLINK-2224 - MarsSat2,5400.000,0.000,100.0000%,1,
Contact STARLINK-2224 - MarsSat3,5400.000,0.000,100.0000%,1,
Contact STARLINK-2224 - MarsSat4,5400.000,0.000,100.0000%,1,
Contact STARLINK-5248 - STARLINK-3696,0.000,5400.000,0.0000%,0,
Contact STARLINK-5248 - STARLINK-5268,5400.000,0.000,100.0000%,1,
Contact STARLINK-5248 - STARLINK-3540,0.000,5400.000,0.0000%,0,
Contact STARLINK-5248 - STARLINK-4453,0.000,5400.000,0.0000%,0,
Contact STARLINK-5248 - STARLINK-4480,0.000,5400.000,0.0000%,0,
Contact STARLINK-5248 - STARLINK-4107,0.000,5400.000,0.0000%,0,
Contact STARLINK-5248 - STARLINK-5158,0.000,5400.000,0.0000%,0,
Contact STARLINK-5248 - STARLINK-6109,758.298,4641.702,14.0426%,2,
Contact STARLINK-5248 - STARLINK-31816,748.876,4651.124,13.8681%,2,
Contact STARLINK-5248 - STARLINK-30610,0.000,5400.000,0.0000%,0,
Contact STARLINK-5248 - STARLINK-6247,0.000,5400.000,0.0000%,0,
Contact STARLINK-5248 - STARLINK-5555,0.000,5400.000,0.0000%,0,
Contact STARLINK-5248 - STARLINK-11225 [DTC],0.000,5400.000,0.0000%,0,
Contact STARLINK-5248 - STARLINK-1682,0.000,5400.000,0.0000%,0,
Contact STARLINK-5248 - STARLINK-2436,0.000,5400.000,0.0000%,0,
Contact STARLINK-5248 - STARLINK-30752,0.000,5400.000,0.0000%,0,
Contact STARLINK-5248 - STARLINK-3869,0.000,5400.000,0.0000%,0,
Contact STARLINK-5248 - STARLINK-2128,0.000,5400.000,0.0000%,0,
Contact STARLINK-5248 - STARLINK-2214,0.000,5400.000,0.0000%,0,
Contact STARLINK-5248 - STARLINK-4676,1278.387,4121.613,23.6738%,1,
Contact STARLINK-5248 - STARLINK-5777,0.000,5400.000,0.0000%,0,
Contact STARLINK-5248 - STARLINK-30362,0.000,5400.000,0.0000%,0,
Contact STARLINK-5248 - STARLINK-4679,0.000,5400.000,0.0000%,0,
Contact STARLINK-5248 - STARLINK-4565,0.000,5400.000,0.0000%,0,
Contact STARLINK-5248 - STARLINK-31895,0.000,5400.000,0.0000%,0,
Contact STARLINK-5248 - STARLINK-3316,0.000,5400.000,0.0000%,0,
Contact STARLINK-5248 - STARLINK-30480,0.000,5400.000,0.0000%,0,
Contact STARLINK-5248 - STARLINK-5484,0.000,5400.000,0.0000%,0,
Contact STARLINK-5248 - STARLINK-4419,372.515,5027.485,6.8984%,2,
Contact STARLINK-5248 - STARLINK-30154,5400.000,0.000,100.0000%,1,
Contact STARLINK-5248 - STARLINK-3770,566.367,4833.633,10.4883%,1,
Contact STARLINK-5248 - STARLINK-30565,762.137,4637.863,14.1136%,2,
Contact STARLINK-5248 - STARLINK-30248,4006.961,1393.039,74.2030%,2,
Contact STARLINK-5248 - STARLINK-5954,4258.901,1141.099,78.8685%,1,
Contact STARLINK-5248 - STARLINK-5609,0.000,5400.000,0.0000%,0,
Contact STARLINK-5248 - STARLINK-3855,0.000,5400.000,0.0000%,0,
Contact STARLINK-5248 - STARLINK-4030,0.000,5400.000,0.0000%,0,
Contact STARLINK-5248 - STARLINK-5416,0.000,5400.000,0.0000%,0,
Contact STARLINK-5248 - STARLINK-5067,0.000,5400.000,0.0000%,0,
Contact STARLINK-5248 - STARLINK-1692,0.000,5400.000,0.0000%,0,
Contact STARLINK-5248 - STARLINK-3897,831.604,4568.396,15.4001%,1,
Contact STARLINK-5248 - STARLINK-6046,449.888,4950.112,8.3313%,2,
Contact STARLINK-5248 - STARLINK-4070,0.000,5400.000,0.0000%,0,
Contact STARLINK-5248 - STARLINK-31082,480.929,4919.071,8.9061%,1,
Contact STARLINK-5248 - STARLINK-5951,0.000,5400.000,0.0000%,0,
Contact STARLINK-5248 - STARLINK-4328,113.165,5286.835,2.0956%,1,
Contact STARLINK-5248 - STARLINK-1423,0.000,5400.000,0.0000%,0,
Contact STARLINK-5248 - STARLINK-2153,0.000,5400.000,0.0000%,0,
Contact STARLINK-5248 - STARLINK-3080,0.000,5400.000,0.0000%,0,
Contact STARLINK-5248 - STARLINK-5858,0.000,5400.000,0.0000%,0,
Contact STARLINK-5248 - STARLINK-31195,0.000,5400.000,0.0000%,0,
Contact STARLINK-5248 - STARLINK-5018,5400.000,0.000,100.0000%,1,
Contact STARLINK-5248 - STARLINK-4776,0.000,5400.000,0.0000%,0,
Contact STARLINK-5248 - STARLINK-5686,5400.000,0.000,100.0000%,1,
Contact STARLINK-5248 - STARLINK-31122,536.735,4863.265,9.9395%,1,
Contact STARLINK-5248 - STARLINK-11130 [DTC],0.000,5400.000,0.0000%,0,
Contact STARLINK-5248 - STARLINK-32043,0.000,5400.000,0.0000%,0,
Contact STARLINK-5248 - STARLINK-1136,0.000,5400.000,0.0000%,0,
Contact STARLINK-5248 - STARLINK-31006,0.000,5400.000,0.0000%,0,
Contact STARLINK-5248 - STARLINK-4429,714.191,4685.809,13.2258%,1,
Contact STARLINK-5248 - STARLINK-4257,571.137,4828.863,10.5766%,1,
Contact STARLINK-5248 - STARLINK-5338,0.000,5400.000,0.0000%,0,
Contact STARLINK-5248 - STARLINK-1572,0.000,5400.000,0.0000%,0,
Contact STARLINK-5248 - STARLINK-32097,0.000,5400.000,0.0000%,0,
Contact STARLINK-5248 - STARLINK-2704,771.631,4628.369,14.2895%,2,
Contact STARLINK-5248 - STARLINK-3750,0.000,5400.000,0.0000%,0,
Contact STARLINK-5248 - STARLINK-6363,0.000,5400.000,0.0000%,0,
Contact STARLINK-5248 - STARLINK-1605,0.000,5400.000,0.0000%,0,
Contact STARLINK-5248 - STARLINK-2068,0.000,5400.000,0.0000%,0,
Contact STARLINK-5248 - STARLINK-30925,3947.447,1452.553,73.1009%,2,
Contact STARLINK-5248 - STARLINK-4494,543.277,4856.723,10.0607%,1,
Contact STARLINK-5248 - STARLINK-2499,5400.000,0.000,100.0000%,1,
Contact STARLINK-5248 - STARLINK-3634,5400.000,0.000,100.0000%,1,
Contact STARLINK-5248 - STARLINK-3768,0.000,5400.000,0.0000%,0,
Contact STARLINK-5248 - STARLINK-30904,0.000,5400.000,0.0000%,0,
Contact STARLINK-5248 - MoonARTEMIS1,3671.020,1728.980,67.9819%,2,
Contact STARLINK-5248 - MoonARTEMIS2,3657.210,1742.790,67.7261%,2,
Contact STARLINK-5248 - MoonIOAGEO,3674.043,1725.957,68.0378%,2,
Contact STARLINK-5248 - MoonIOAGNO,3668.672,1731.328,67.9384%,2,
Contact STARLINK-5248 - MoonIOAGNO 0001,3639.724,1760.276,67.4023%,2,
Contact STARLINK-5248 - MoonIOAGSO,3674.074,1725.926,68.0384%,2,
Contact STARLINK-5248 - MoonIOAGSO 0001,3692.166,1707.834,68.3735%,2,
Contact STARLINK-5248 - MoonLRO,2223.457,3176.543,41.1751%,1,
Contact STARLINK-5248 - MarsSat1,4015.972,1384.028,74.3698%,1,
Contact STARLINK-5248 - MarsSat2,4015.923,1384.077,74.3689%,1,
Contact STARLINK-5248 - MarsSat3,4016.041,1383.959,74.3711%,1,
Contact STARLINK-5248 - MarsSat4,4015.956,1384.044,74.3696%,1,
Contact STARLINK-3696 - STARLINK-5268,0.000,5400.000,0.0000%,0,
Contact STARLINK-3696 - STARLINK-3540,3882.360,1517.640,71.8956%,2,
Contact STARLINK-3696 - STARLINK-4453,0.000,5400.000,0.0000%,0,
Contact STARLINK-3696 - STARLINK-4480,0.000,5400.000,0.0000%,0,
Contact STARLINK-3696 - STARLINK-4107,0.000,5400.000,0.0000%,0,
Contact STARLINK-3696 - STARLINK-5158,5400.000,0.000,100.0000%,1,
Contact STARLINK-3696 - STARLINK-6109,0.000,5400.000,0.0000%,0,
Contact STARLINK-3696 - STARLINK-31816,0.000,5400.000,0.0000%,0,
Contact STARLINK-3696 - STARLINK-30610,0.000,5400.000,0.0000%,0,
Contact STARLINK-3696 - STARLINK-6247,0.000,5400.000,0.0000%,0,
Contact STARLINK-3696 - STARLINK-5555,212.722,5187.278,3.9393%,1,
Contact STARLINK-3696 - STARLINK-11225 [DTC],5400.000,0.000,100.0000%,1,
Contact STARLINK-3696 - STARLINK-1682,0.000,5400.000,0.0000%,0,
Contact STARLINK-3696 - STARLINK-2436,0.000,5400.000,0.0000%,0,
Contact STARLINK-3696 - STARLINK-30752,0.000,5400.000,0.0000%,0,
Contact STARLINK-3696 - STARLINK-3869,0.000,5400.000,0.0000%,0,
Contact STARLINK-3696 - STARLINK-2128,0.000,5400.000,0.0000%,0,
Contact STARLINK-3696 - STARLINK-2214,0.000,5400.000,0.0000%,0,
Contact STARLINK-3696 - STARLINK-4676,170.723,5229.277,3.1615%,1,
Contact STARLINK-3696 - STARLINK-5777,0.000,5400.000,0.0000%,0,
Contact STARLINK-3696 - STARLINK-30362,927.289,4472.711,17.1720%,2,
Contact STARLINK-3696 - STARLINK-4679,0.000,5400.000,0.0000%,0,
Contact STARLINK-3696 - STARLINK-4565,0.000,5400.000,0.0000%,0,
Contact STARLINK-3696 - STARLINK-31895,3684.697,1715.303,68.2351%,1,
Contact STARLINK-3696 - STARLINK-3316,0.000,5400.000,0.0000%,0,
Contact STARLINK-3696 - STARLINK-30480,0.000,5400.000,0.0000%,0,
Contact STARLINK-3696 - STARLINK-5484,739.960,4660.040,13.7030%,2,
Contact STARLINK-3696 - STARLINK-4419,0.000,5400.000,0.0000%,0,
Contact STARLINK-3696 - STARLINK-30154,0.000,5400.000,0.0000%,0,
Contact STARLINK-3696 - STARLINK-3770,0.000,5400.000,0.0000%,0,
Contact STARLINK-3696 - STARLINK-30565,0.000,5400.000,0.0000%,0,
Contact STARLINK-3696 - STARLINK-30248,0.000,5400.000,0.0000%,0,
Contact STARLINK-3696 - STARLINK-5954,0.000,5400.000,0.0000%,0,
Contact STARLINK-3696 - STARLINK-5609,769.315,4630.685,14.2466%,1,
Contact STARLINK-3696 - STARLINK-3855,0.000,5400.000,0.0000%,0,
Contact STARLINK-3696 - STARLINK-4030,850.493,4549.507,15.7499%,2,
Contact STARLINK-3696 - STARLINK-5416,0.000,5400.000,0.0000%,0,
Contact STARLINK-3696 - STARLINK-5067,829.553,4570.447,15.3621%,1,
Contact STARLINK-3696 - STARLINK-1692,0.000,5400.000,0.0000%,0,
Contact STARLINK-3696 - STARLINK-3897,267.208,5132.792,4.9483%,1,
Contact STARLINK-3696 - STARLINK-6046,0.000,5400.000,0.0000%,0,
Contact STARLINK-3696 - STARLINK-4070,0.000,5400.000,0.0000%,0,
Contact STARLINK-3696 - STARLINK-31082,725.409,4674.591,13.4335%,2,
Contact STARLINK-3696 - STARLINK-5951,0.000,5400.000,0.0000%,0,
Contact STARLINK-3696 - STARLINK-4328,0.000,5400.000,0.0000%,0,
Contact STARLINK-3696 - STARLINK-1423,0.000,5400.000,0.0000%,0,
Contact STARLINK-3696 - STARLINK-2153,829.878,4570.122,15.3681%,1,
Contact STARLINK-3696 - STARLINK-3080,5400.000,0.000,100.0000%,1,
Contact STARLINK-3696 - STARLINK-5858,0.000,5400.000,0.0000%,0,
Contact STARLINK-3696 - STARLINK-31195,819.085,4580.915,15.1682%,1,
Contact STARLINK-3696 - STARLINK-5018,0.000,5400.000,0.0000%,0,
Contact STARLINK-3696 - STARLINK-4776,0.000,5400.000,0.0000%,0,
Contact STARLINK-3696 - STARLINK-5686,0.000,5400.000,0.0000%,0,
Contact STARLINK-3696 - STARLINK-31122,0.000,5400.000,0.0000%,0,
Contact STARLINK-3696 - STARLINK-11130 [DTC],640.423,4759.577,11.8597%,1,
Contact STARLINK-3696 - STARLINK-32043,0.000,5400.000,0.0000%,0,
Contact STARLINK-3696 - STARLINK-1136,0.000,5400.000,0.0000%,0,
Contact STARLINK-3696 - STARLINK-31006,0.000,5400.000,0.0000%,0,
Contact STARLINK-3696 - STARLINK-4429,0.000,5400.000,0.0000%,0,
Contact STARLINK-3696 - STARLINK-4257,0.000,5400.000,0.0000%,0,
Contact STARLINK-3696 - STARLINK-5338,473.276,4926.724,8.7644%,1,
Contact STARLINK-3696 - STARLINK-1572,761.288,4638.712,14.0979%,2,
Contact STARLINK-3696 - STARLINK-32097,0.000,5400.000,0.0000%,0,
Contact STARLINK-3696 - STARLINK-2704,0.000,5400.000,0.0000%,0,
Contact STARLINK-3696 - STARLINK-3750,0.000,5400.000,0.0000%,0,
Contact STARLINK-3696 - STARLINK-6363,0.000,5400.000,0.0000%,0,
Contact STARLINK-3696 - STARLINK-1605,0.000,5400.000,0.0000%,0,
Contact STARLINK-3696 - STARLINK-2068,946.724,4453.276,17.5319%,1,
Contact STARLINK-3696 - STARLINK-30925,0.000,5400.000,0.0000%,0,
Contact STARLINK-3696 - STARLINK-4494,0.000,5400.000,0.0000%,0,
Contact STARLINK-3696 - STARLINK-2499,0.000,5400.000,0.0000%,0,
Contact STARLINK-3696 - STARLINK-3634,0.000,5400.000,0.0000%,0,
Contact STARLINK-3696 - STARLINK-3768,5400.000,0.000,100.0000%,1,
Contact STARLINK-3696 - STARLINK-30904,0.000,5400.000,0.0000%,0,
Contact STARLINK-3696 - MoonARTEMIS1,3470.730,1929.270,64.2728%,2,
Contact STARLINK-3696 - MoonARTEMIS2,3464.415,1935.585,64.1558%,2,
Contact STARLINK-3696 - MoonIOAGEO,3471.563,1928.437,64.2882%,2,
Contact STARLINK-3696 - MoonIOAGNO,3466.858,1933.142,64.2011%,2,
Contact STARLINK-3696 - MoonIOAGNO 0001,3470.937,1929.063,64.2766%,2,
Contact STARLINK-3696 - MoonIOAGSO,3475.665,1924.335,64.3642%,2,
Contact STARLINK-3696 - MoonIOAGSO 0001,3478.217,1921.783,64.4114%,2,
Contact STARLINK-3696 - MoonLRO,3063.077,2336.923,56.7237%,1,
Contact STARLINK-3696 - MarsSat1,5400.000,0.000,100.0000%,1,
Contact STARLINK-3696 - MarsSat2,5400.000,0.000,100.0000%,1,
Contact STARLINK-3696 - MarsSat3,5400.000,0.000,100.0000%,1,
Contact STARLINK-3696 - MarsSat4,5400.000,0.000,100.0000%,1,
Contact STARLINK-5268 - STARLINK-3540,0.000,5400.000,0.0000%,0,
Contact STARLINK-5268 - STARLINK-4453,0.000,5400.000,0.0000%,0,
Contact STARLINK-5268 - STARLINK-4480,0.000,5400.000,0.0000%,0,
Contact STARLINK-5268 - STARLINK-4107,850.522,4549.478,15.7504%,1,
Contact STARLINK-5268 - STARLINK-5158,0.000,5400.000,0.0000%,0,
Contact STARLINK-5268 - STARLINK-6109,868.533,4531.467,16.0839%,2,
Contact STARLINK-5268 - STARLINK-31816,796.604,4603.396,14.7519%,2,
Contact STARLINK-5268 - STARLINK-30610,5400.000,0.000,100.0000%,1,
Contact STARLINK-5268 - STARLINK-6247,0.000,5400.000,0.0000%,0,
Contact STARLINK-5268 - STARLINK-5555,0.000,5400.000,0.0000%,0,
Contact STARLINK-5268 - STARLINK-11225 [DTC],0.000,5400.000,0.0000%,0,
Contact STARLINK-5268 - STARLINK-1682,0.000,5400.000,0.0000%,0,
Contact STARLINK-5268 - STARLINK-2436,0.000,5400.000,0.0000%,0,
Contact STARLINK-5268 - STARLINK-30752,0.000,5400.000,0.0000%,0,
Contact STARLINK-5268 - STARLINK-3869,0.000,5400.000,0.0000%,0,
Contact STARLINK-5268 - STARLINK-2128,5400.000,0.000,100.0000%,1,
Contact STARLINK-5268 - STARLINK-2214,0.000,5400.000,0.0000%,0,
Contact STARLINK-5268 - STARLINK-4676,0.000,5400.000,0.0000%,0,
Contact STARLINK-5268 - STARLINK-5777,0.000,5400.000,0.0000%,0,
Contact STARLINK-5268 - STARLINK-30362,0.000,5400.000,0.0000%,0,
Contact STARLINK-5268 - STARLINK-4679,0.000,5400.000,0.0000%,0,
Contact STARLINK-5268 - STARLINK-4565,0.000,5400.000,0.0000%,0,
Contact STARLINK-5268 - STARLINK-31895,0.000,5400.000,0.0000%,0,
Contact STARLINK-5268 - STARLINK-3316,0.000,5400.000,0.0000%,0,
Contact STARLINK-5268 - STARLINK-30480,940.050,4459.950,17.4083%,1,
Contact STARLINK-5268 - STARLINK-5484,0.000,5400.000,0.0000%,0,
Contact STARLINK-5268 - STARLINK-4419,0.000,5400.000,0.0000%,0,
Contact STARLINK-5268 - STARLINK-30154,0.000,5400.000,0.0000%,0,
Contact STARLINK-5268 - STARLINK-3770,692.661,4707.339,12.8271%,1,
Contact STARLINK-5268 - STARLINK-30565,0.000,5400.000,0.0000%,0,
Contact STARLINK-5268 - STARLINK-30248,5400.000,0.000,100.0000%,1,
Contact STARLINK-5268 - STARLINK-5954,5400.000,0.000,100.0000%,1,
Contact STARLINK-5268 - STARLINK-5609,0.000,5400.000,0.0000%,0,
Contact STARLINK-5268 - STARLINK-3855,4681.680,718.320,86.6978%,2,
Contact STARLINK-5268 - STARLINK-4030,0.000,5400.000,0.0000%,0,
Contact STARLINK-5268 - STARLINK-5416,0.000,5400.000,0.0000%,0,
Contact STARLINK-5268 - STARLINK-5067,0.000,5400.000,0.0000%,0,
Contact STARLINK-5268 - STARLINK-1692,674.769,4725.231,12.4957%,1,
Contact STARLINK-5268 - STARLINK-3897,0.000,5400.000,0.0000%,0,
Contact STARLINK-5268 - STARLINK-6046,787.005,4612.995,14.5742%,2,
Contact STARLINK-5268 - STARLINK-4070,0.000,5400.000,0.0000%,0,
Contact STARLINK-5268 - STARLINK-31082,0.000,5400.000,0.0000%,0,
Contact STARLINK-5268 - STARLINK-5951,0.000,5400.000,0.0000%,0,
Contact STARLINK-5268 - STARLINK-4328,397.015,5002.985,7.3521%,1,
Contact STARLINK-5268 - STARLINK-1423,5400.000,0.000,100.0000%,1,
Contact STARLINK-5268 - STARLINK-2153,0.000,5400.000,0.0000%,0,
Contact STARLINK-5268 - STARLINK-3080,0.000,5400.000,0.0000%,0,
Contact STARLINK-5268 - STARLINK-5858,0.000,5400.000,0.0000%,0,
Contact STARLINK-5268 - STARLINK-31195,0.000,5400.000,0.0000%,0,
Contact STARLINK-5268 - STARLINK-5018,4391.881,1008.119,81.3311%,2,
Contact STARLINK-5268 - STARLINK-4776,0.000,5400.000,0.0000%,0,
Contact STARLINK-5268 - STARLINK-5686,4662.041,737.959,86.3341%,1,
Contact STARLINK-5268 - STARLINK-31122,0.000,5400.000,0.0000%,0,
Contact STARLINK-5268 - STARLINK-11130 [DTC],0.000,5400.000,0.0000%,0,
Contact STARLINK-5268 - STARLINK-32043,0.000,5400.000,0.0000%,0,
Contact STARLINK-5268 - STARLINK-1136,0.000,5400.000,0.0000%,0,
Contact STARLINK-5268 - STARLINK-31006,0.000,5400.000,0.0000%,0,
Contact STARLINK-5268 - STARLINK-4429,0.000,5400.000,0.0000%,0,
Contact STARLINK-5268 - STARLINK-4257,613.756,4786.244,11.3658%,2,
Contact STARLINK-5268 - STARLINK-5338,0.000,5400.000,0.0000%,0,
Contact STARLINK-5268 - STARLINK-1572,0.000,5400.000,0.0000%,0,
Contact STARLINK-5268 - STARLINK-32097,0.000,5400.000,0.0000%,0,
Contact STARLINK-5268 - STARLINK-2704,313.948,5086.052,5.8139%,2,
Contact STARLINK-5268 - STARLINK-3750,0.000,5400.000,0.0000%,0,
Contact STARLINK-5268 - STARLINK-6363,0.000,5400.000,0.0000%,0,
Contact STARLINK-5268 - STARLINK-1605,0.000,5400.000,0.0000%,0,
Contact STARLINK-5268 - STARLINK-2068,0.000,5400.000,0.0000%,0,
Contact STARLINK-5268 - STARLINK-30925,5400.000,0.000,100.0000%,1,
Contact STARLINK-5268 - STARLINK-4494,4480.557,919.443,82.9733%,2,
Contact STARLINK-5268 - STARLINK-2499,0.000,5400.000,0.0000%,0,
Contact STARLINK-5268 - STARLINK-3634,5400.000,0.000,100.0000%,1,
Contact STARLINK-5268 - STARLINK-3768,0.000,5400.000,0.0000%,0,
Contact STARLINK-5268 - STARLINK-30904,0.000,5400.000,0.0000%,0,
Contact STARLINK-5268 - MoonARTEMIS1,5400.000,0.000,100.0000%,1,
Contact STARLINK-5268 - MoonARTEMIS2,5400.000,0.000,100.0000%,1,
Contact STARLINK-5268 - MoonIOAGEO,5400.000,0.000,100.0000%,1,
Contact STARLINK-5268 - MoonIOAGNO,5400.000,0.000,100.0000%,1,
Contact STARLINK-5268 - MoonIOAGNO 0001,5400.000,0.000,100.0000%,1,
Contact STARLINK-5268 - MoonIOAGSO,5400.000,0.000,100.0000%,1,
Contact STARLINK-5268 - MoonIOAGSO 0001,5400.000,0.000,100.0000%,1,
Contact STARLINK-5268 - MoonLRO,3912.324,1487.676,72.4504%,1,
Contact STARLINK-5268 - MarsSat1,5400.000,0.000,100.0000%,1,
Contact STARLINK-5268 - MarsSat2,5400.000,0.000,100.0000%,1,
Contact STARLINK-5268 - MarsSat3,5400.000,0.000,100.0000%,1,
Contact STARLINK-5268 - MarsSat4,5400.000,0.000,100.0000%,1,
Contact STARLINK-3540 - STARLINK-4453,470.041,4929.959,8.7045%,1,
Contact STARLINK-3540 - STARLINK-4480,0.000,5400.000,0.0000%,0,
Contact STARLINK-3540 - STARLINK-4107,0.000,5400.000,0.0000%,0,
Contact STARLINK-3540 - STARLINK-5158,5400.000,0.000,100.0000%,1,
Contact STARLINK-3540 - STARLINK-6109,0.000,5400.000,0.0000%,0,
Contact STARLINK-3540 - STARLINK-31816,0.000,5400.000,0.0000%,0,
Contact STARLINK-3540 - STARLINK-30610,0.000,5400.000,0.0000%,0,
Contact STARLINK-3540 - STARLINK-6247,0.000,5400.000,0.0000%,0,
Contact STARLINK-3540 - STARLINK-5555,0.000,5400.000,0.0000%,0,
Contact STARLINK-3540 - STARLINK-11225 [DTC],930.947,4469.053,17.2398%,2,
Contact STARLINK-3540 - STARLINK-1682,0.000,5400.000,0.0000%,0,
Contact STARLINK-3540 - STARLINK-2436,0.000,5400.000,0.0000%,0,
Contact STARLINK-3540 - STARLINK-30752,0.000,5400.000,0.0000%,0,
Contact STARLINK-3540 - STARLINK-3869,587.223,4812.777,10.8745%,1,
Contact STARLINK-3540 - STARLINK-2128,0.000,5400.000,0.0000%,0,
Contact STARLINK-3540 - STARLINK-2214,0.000,5400.000,0.0000%,0,
Contact STARLINK-3540 - STARLINK-4676,0.000,5400.000,0.0000%,0,
Contact STARLINK-3540 - STARLINK-5777,5400.000,0.000,100.0000%,1,
Contact STARLINK-3540 - STARLINK-30362,0.000,5400.000,0.0000%,0,
Contact STARLINK-3540 - STARLINK-4679,0.000,5400.000,0.0000%,0,
Contact STARLINK-3540 - STARLINK-4565,0.000,5400.000,0.0000%,0,
Contact STARLINK-3540 - STARLINK-31895,0.000,5400.000,0.0000%,0,
Contact STARLINK-3540 - STARLINK-3316,0.000,5400.000,0.0000%,0,
Contact STARLINK-3540 - STARLINK-30480,0.000,5400.000,0.0000%,0,
Contact STARLINK-3540 - STARLINK-5484,5400.000,0.000,100.0000%,1,
Contact STARLINK-3540 - STARLINK-4419,0.000,5400.000,0.0000%,0,
Contact STARLINK-3540 - STARLINK-30154,0.000,5400.000,0.0000%,0,
Contact STARLINK-3540 - STARLINK-3770,0.000,5400.000,0.0000%,0,
Contact STARLINK-3540 - STARLINK-30565,0.000,5400.000,0.0000%,0,
Contact STARLINK-3540 - STARLINK-30248,0.000,5400.000,0.0000%,0,
Contact STARLINK-3540 - STARLINK-5954,0.000,5400.000,0.0000%,0,
Contact STARLINK-3540 - STARLINK-5609,0.000,5400.000,0.0000%,0,
Contact STARLINK-3540 - STARLINK-3855,0.000,5400.000,0.0000%,0,
Contact STARLINK-3540 - STARLINK-4030,0.000,5400.000,0.0000%,0,
Contact STARLINK-3540 - STARLINK-5416,0.000,5400.000,0.0000%,0,
Contact STARLINK-3540 - STARLINK-5067,5400.000,0.000,100.0000%,1,
Contact STARLINK-3540 - STARLINK-1692,0.000,5400.000,0.0000%,0,
Contact STARLINK-3540 - STARLINK-3897,0.000,5400.000,0.0000%,0,
Contact STARLINK-3540 - STARLINK-6046,0.000,5400.000,0.0000%,0,
Contact STARLINK-3540 - STARLINK-4070,883.680,4516.320,16.3644%,1,
Contact STARLINK-3540 - STARLINK-31082,0.000,5400.000,0.0000%,0,
Contact STARLINK-3540 - STARLINK-5951,0.000,5400.000,0.0000%,0,
Contact STARLINK-3540 - STARLINK-4328,0.000,5400.000,0.0000%,0,
Contact STARLINK-3540 - STARLINK-1423,0.000,5400.000,0.0000%,0,
Contact STARLINK-3540 - STARLINK-2153,5400.000,0.000,100.0000%,1,
Contact STARLINK-3540 - STARLINK-3080,0.000,5400.000,0.0000%,0,
Contact STARLINK-3540 - STARLINK-5858,5400.000,0.000,100.0000%,1,
Contact STARLINK-3540 - STARLINK-31195,741.953,4658.047,13.7399%,2,
Contact STARLINK-3540 - STARLINK-5018,0.000,5400.000,0.0000%,0,
Contact STARLINK-3540 - STARLINK-4776,0.000,5400.000,0.0000%,0,
Contact STARLINK-3540 - STARLINK-5686,0.000,5400.000,0.0000%,0,
Contact STARLINK-3540 - STARLINK-31122,0.000,5400.000,0.0000%,0,
Contact STARLINK-3540 - STARLINK-11130 [DTC],0.000,5400.000,0.0000%,0,
Contact STARLINK-3540 - STARLINK-32043,1370.877,4029.123,25.3866%,1,
Contact STARLINK-3540 - STARLINK-1136,890.729,4509.271,16.4950%,1,
Contact STARLINK-3540 - STARLINK-31006,0.000,5400.000,0.0000%,0,
Contact STARLINK-3540 - STARLINK-4429,0.000,5400.000,0.0000%,0,
Contact STARLINK-3540 - STARLINK-4257,0.000,5400.000,0.0000%,0,
Contact STARLINK-3540 - STARLINK-5338,664.304,4735.696,12.3019%,1,
Contact STARLINK-3540 - STARLINK-1572,743.841,4656.159,13.7748%,2,
Contact STARLINK-3540 - STARLINK-32097,0.000,5400.000,0.0000%,0,
Contact STARLINK-3540 - STARLINK-2704,0.000,5400.000,0.0000%,0,
Contact STARLINK-3540 - STARLINK-3750,831.907,4568.093,15.4057%,2,
Contact STARLINK-3540 - STARLINK-6363,936.906,4463.094,17.3501%,1,
Contact STARLINK-3540 - STARLINK-1605,1200.811,4199.189,22.2372%,1,
Contact STARLINK-3540 - STARLINK-2068,0.000,5400.000,0.0000%,0,
Contact STARLINK-3540 - STARLINK-30925,0.000,5400.000,0.0000%,0,
Contact STARLINK-3540 - STARLINK-4494,0.000,5400.000,0.0000%,0,
Contact STARLINK-3540 - STARLINK-2499,0.000,5400.000,0.0000%,0,
Contact STARLINK-3540 - STARLINK-3634,0.000,5400.000,0.0000%,0,
Contact STARLINK-3540 - STARLINK-3768,667.436,4732.564,12.3599%,2,
Contact STARLINK-3540 - STARLINK-30904,0.000,5400.000,0.0000%,0,
Contact STARLINK-3540 - MoonARTEMIS1,4610.949,789.051,85.3879%,1,
Contact STARLINK-3540 - MoonARTEMIS2,4543.910,856.090,84.1465%,1,
Contact STARLINK-3540 - MoonIOAGEO,4574.181,825.819,84.7071%,1,
Contact STARLINK-3540 - MoonIOAGNO,4570.480,829.520,84.6385%,1,
Contact STARLINK-3540 - MoonIOAGNO 0001,4498.635,901.365,83.3081%,1,
Contact STARLINK-3540 - MoonIOAGSO,4596.252,803.748,85.1158%,1,
Contact STARLINK-3540 - MoonIOAGSO 0001,4690.709,709.291,86.8650%,1,
Contact STARLINK-3540 - MoonLRO,3400.128,1999.872,62.9653%,1,
Contact STARLINK-3540 - MarsSat1,5400.000,0.000,100.0000%,1,
Contact STARLINK-3540 - MarsSat2,5400.000,0.000,100.0000%,1,
Contact STARLINK-3540 - MarsSat3,5400.000,0.000,100.0000%,1,
Contact STARLINK-3540 - MarsSat4,5400.000,0.000,100.0000%,1,
Contact STARLINK-4453 - STARLINK-4480,0.000,5400.000,0.0000%,0,
Contact STARLINK-4453 - STARLINK-4107,0.000,5400.000,0.0000%,0,
Contact STARLINK-4453 - STARLINK-5158,300.538,5099.462,5.5655%,2,
Contact STARLINK-4453 - STARLINK-6109,0.000,5400.000,0.0000%,0,
Contact STARLINK-4453 - STARLINK-31816,0.000,5400.000,0.0000%,0,
Contact STARLINK-4453 - STARLINK-30610,0.000,5400.000,0.0000%,0,
Contact STARLINK-4453 - STARLINK-6247,0.000,5400.000,0.0000%,0,
Contact STARLINK-4453 - STARLINK-5555,0.000,5400.000,0.0000%,0,
Contact STARLINK-4453 - STARLINK-11225 [DTC],579.908,4820.092,10.7390%,1,
Contact STARLINK-4453 - STARLINK-1682,0.000,5400.000,0.0000%,0,
Contact STARLINK-4453 - STARLINK-2436,0.000,5400.000,0.0000%,0,
Contact STARLINK-4453 - STARLINK-30752,0.000,5400.000,0.0000%,0,
Contact STARLINK-4453 - STARLINK-3869,0.000,5400.000,0.0000%,0,
Contact STARLINK-4453 - STARLINK-2128,0.000,5400.000,0.0000%,0,
Contact STARLINK-4453 - STARLINK-2214,0.000,5400.000,0.0000%,0,
Contact STARLINK-4453 - STARLINK-4676,0.000,5400.000,0.0000%,0,
Contact STARLINK-4453 - STARLINK-5777,3612.900,1787.100,66.9055%,1,
Contact STARLINK-4453 - STARLINK-30362,0.000,5400.000,0.0000%,0,
Contact STARLINK-4453 - STARLINK-4679,0.000,5400.000,0.0000%,0,
Contact STARLINK-4453 - STARLINK-4565,0.000,5400.000,0.0000%,0,
Contact STARLINK-4453 - STARLINK-31895,0.000,5400.000,0.0000%,0,
Contact STARLINK-4453 - STARLINK-3316,0.000,5400.000,0.0000%,0,
Contact STARLINK-4453 - STARLINK-30480,0.000,5400.000,0.0000%,0,
Contact STARLINK-4453 - STARLINK-5484,450.792,4949.208,8.3480%,1,
Contact STARLINK-4453 - STARLINK-4419,0.000,5400.000,0.0000%,0,
Contact STARLINK-4453 - STARLINK-30154,0.000,5400.000,0.0000%,0,
Contact STARLINK-4453 - STARLINK-3770,0.000,5400.000,0.0000%,0,
Contact STARLINK-4453 - STARLINK-30565,0.000,5400.000,0.0000%,0,
Contact STARLINK-4453 - STARLINK-30248,0.000,5400.000,0.0000%,0,
Contact STARLINK-4453 - STARLINK-5954,0.000,5400.000,0.0000%,0,
Contact STARLINK-4453 - STARLINK-5609,0.000,5400.000,0.0000%,0,
Contact STARLINK-4453 - STARLINK-3855,0.000,5400.000,0.0000%,0,
Contact STARLINK-4453 - STARLINK-4030,0.000,5400.000,0.0000%,0,
Contact STARLINK-4453 - STARLINK-5416,0.000,5400.000,0.0000%,0,
Contact STARLINK-4453 - STARLINK-5067,358.997,5041.003,6.6481%,2,
Contact STARLINK-4453 - STARLINK-1692,0.000,5400.000,0.0000%,0,
Contact STARLINK-4453 - STARLINK-3897,0.000,5400.000,0.0000%,0,
Contact STARLINK-4453 - STARLINK-6046,0.000,5400.000,0.0000%,0,
Contact STARLINK-4453 - STARLINK-4070,454.287,4945.713,8.4127%,1,
Contact STARLINK-4453 - STARLINK-31082,0.000,5400.000,0.0000%,0,
Contact STARLINK-4453 - STARLINK-5951,0.000,5400.000,0.0000%,0,
Contact STARLINK-4453 - STARLINK-4328,0.000,5400.000,0.0000%,0,
Contact STARLINK-4453 - STARLINK-1423,0.000,5400.000,0.0000%,0,
Contact STARLINK-4453 - STARLINK-2153,450.893,4949.107,8.3499%,1,
Contact STARLINK-4453 - STARLINK-3080,0.000,5400.000,0.0000%,0,
Contact STARLINK-4453 - STARLINK-5858,691.691,4708.309,12.8091%,1,
Contact STARLINK-4453 - STARLINK-31195,4266.463,1133.537,79.0086%,2,
Contact STARLINK-4453 - STARLINK-5018,0.000,5400.000,0.0000%,0,
Contact STARLINK-4453 - STARLINK-4776,0.000,5400.000,0.0000%,0,
Contact STARLINK-4453 - STARLINK-5686,0.000,5400.000,0.0000%,0,
Contact STARLINK-4453 - STARLINK-31122,0.000,5400.000,0.0000%,0,
Contact STARLINK-4453 - STARLINK-11130 [DTC],0.000,5400.000,0.0000%,0,
Contact STARLINK-4453 - STARLINK-32043,0.000,5400.000,0.0000%,0,
Contact STARLINK-4453 - STARLINK-1136,0.000,5400.000,0.0000%,0,
Contact STARLINK-4453 - STARLINK-31006,0.000,5400.000,0.0000%,0,
Contact STARLINK-4453 - STARLINK-4429,0.000,5400.000,0.0000%,0,
Contact STARLINK-4453 - STARLINK-4257,0.000,5400.000,0.0000%,0,
Contact STARLINK-4453 - STARLINK-5338,5400.000,0.000,100.0000%,1,
Contact STARLINK-4453 - STARLINK-1572,5400.000,0.000,100.0000%,1,
Contact STARLINK-4453 - STARLINK-32097,830.994,4569.006,15.3888%,1,
Contact STARLINK-4453 - STARLINK-2704,0.000,5400.000,0.0000%,0,
Contact STARLINK-4453 - STARLINK-3750,5400.000,0.000,100.0000%,1,
Contact STARLINK-4453 - STARLINK-6363,0.000,5400.000,0.0000%,0,
Contact STARLINK-4453 - STARLINK-1605,0.000,5400.000,0.0000%,0,
Contact STARLINK-4453 - STARLINK-2068,0.000,5400.000,0.0000%,0,
Contact STARLINK-4453 - STARLINK-30925,0.000,5400.000,0.0000%,0,
Contact STARLINK-4453 - STARLINK-4494,0.000,5400.000,0.0000%,0,
Contact STARLINK-4453 - STARLINK-2499,0.000,5400.000,0.0000%,0,
Contact STARLINK-4453 - STARLINK-3634,0.000,5400.000,0.0000%,0,
Contact STARLINK-4453 - STARLINK-3768,5400.000,0.000,100.0000%,1,
Contact STARLINK-4453 - STARLINK-30904,397.337,5002.663,7.3581%,1,
Contact STARLINK-4453 - MoonARTEMIS1,3870.896,1529.104,71.6833%,1,
Contact STARLINK-4453 - MoonARTEMIS2,3874.175,1525.825,71.7440%,1,
Contact STARLINK-4453 - MoonIOAGEO,3870.469,1529.531,71.6754%,1,
Contact STARLINK-4453 - MoonIOAGNO,3869.300,1530.700,71.6537%,1,
Contact STARLINK-4453 - MoonIOAGNO 0001,3859.987,1540.013,71.4812%,1,
Contact STARLINK-4453 - MoonIOAGSO,3871.724,1528.276,71.6986%,1,
Contact STARLINK-4453 - MoonIOAGSO 0001,3872.123,1527.877,71.7060%,1,
Contact STARLINK-4453 - MoonLRO,3595.588,1804.412,66.5850%,1,
Contact STARLINK-4453 - MarsSat1,5400.000,0.000,100.0000%,1,
Contact STARLINK-4453 - MarsSat2,5400.000,0.000,100.0000%,1,
Contact STARLINK-4453 - MarsSat3,5400.000,0.000,100.0000%,1,
Contact STARLINK-4453 - MarsSat4,5400.000,0.000,100.0000%,1,
Contact STARLINK-4480 - STARLINK-4107,0.000,5400.000,0.0000%,0,
Contact STARLINK-4480 - STARLINK-5158,0.000,5400.000,0.0000%,0,
Contact STARLINK-4480 - STARLINK-6109,0.000,5400.000,0.0000%,0,
Contact STARLINK-4480 - STARLINK-31816,0.000,5400.000,0.0000%,0,
Contact STARLINK-4480 - STARLINK-30610,1195.419,4204.581,22.1374%,1,
Contact STARLINK-4480 - STARLINK-6247,0.000,5400.000,0.0000%,0,
Contact STARLINK-4480 - STARLINK-5555,0.000,5400.000,0.0000%,0,
Contact STARLINK-4480 - STARLINK-11225 [DTC],0.000,5400.000,0.0000%,0,
Contact STARLINK-4480 - STARLINK-1682,5400.000,0.000,100.0000%,1,
Contact STARLINK-4480 - STARLINK-2436,5400.000,0.000,100.0000%,1,
Contact STARLINK-4480 - STARLINK-30752,0.000,5400.000,0.0000%,0,
Contact STARLINK-4480 - STARLINK-3869,5400.000,0.000,100.0000%,1,
Contact STARLINK-4480 - STARLINK-2128,1037.794,4362.206,19.2184%,1,
Contact STARLINK-4480 - STARLINK-2214,5400.000,0.000,100.0000%,1,
Contact STARLINK-4480 - STARLINK-4676,0.000,5400.000,0.0000%,0,
Contact STARLINK-4480 - STARLINK-5777,0.000,5400.000,0.0000%,0,
Contact STARLINK-4480 - STARLINK-30362,0.000,5400.000,0.0000%,0,
Contact STARLINK-4480 - STARLINK-4679,26.046,5373.954,0.4823%,1,
Contact STARLINK-4480 - STARLINK-4565,5110.182,289.818,94.6330%,2,
Contact STARLINK-4480 - STARLINK-31895,0.000,5400.000,0.0000%,0,
Contact STARLINK-4480 - STARLINK-3316,0.000,5400.000,0.0000%,0,
Contact STARLINK-4480 - STARLINK-30480,0.000,5400.000,0.0000%,0,
Contact STARLINK-4480 - STARLINK-5484,606.041,4793.959,11.2230%,1,
Contact STARLINK-4480 - STARLINK-4419,0.000,5400.000,0.0000%,0,
Contact STARLINK-4480 - STARLINK-30154,0.000,5400.000,0.0000%,0,
Contact STARLINK-4480 - STARLINK-3770,0.000,5400.000,0.0000%,0,
Contact STARLINK-4480 - STARLINK-30565,0.000,5400.000,0.0000%,0,
Contact STARLINK-4480 - STARLINK-30248,0.000,5400.000,0.0000%,0,
Contact STARLINK-4480 - STARLINK-5954,553.601,4846.399,10.2519%,2,
Contact STARLINK-4480 - STARLINK-5609,0.000,5400.000,0.0000%,0,
Contact STARLINK-4480 - STARLINK-3855,4254.565,1145.435,78.7882%,2,
Contact STARLINK-4480 - STARLINK-4030,0.000,5400.000,0.0000%,0,
Contact STARLINK-4480 - STARLINK-5416,0.000,5400.000,0.0000%,0,
Contact STARLINK-4480 - STARLINK-5067,757.531,4642.469,14.0283%,1,
Contact STARLINK-4480 - STARLINK-1692,0.000,5400.000,0.0000%,0,
Contact STARLINK-4480 - STARLINK-3897,0.000,5400.000,0.0000%,0,
Contact STARLINK-4480 - STARLINK-6046,0.000,5400.000,0.0000%,0,
Contact STARLINK-4480 - STARLINK-4070,0.000,5400.000,0.0000%,0,
Contact STARLINK-4480 - STARLINK-31082,0.000,5400.000,0.0000%,0,
Contact STARLINK-4480 - STARLINK-5951,0.000,5400.000,0.0000%,0,
Contact STARLINK-4480 - STARLINK-4328,979.444,4420.556,18.1379%,1,
Contact STARLINK-4480 - STARLINK-1423,3809.478,1590.522,70.5459%,2,
Contact STARLINK-4480 - STARLINK-2153,448.443,4951.557,8.3045%,1,
Contact STARLINK-4480 - STARLINK-3080,0.000,5400.000,0.0000%,0,
Contact STARLINK-4480 - STARLINK-5858,0.000,5400.000,0.0000%,0,
Contact STARLINK-4480 - STARLINK-31195,0.000,5400.000,0.0000%,0,
Contact STARLINK-4480 - STARLINK-5018,0.000,5400.000,0.0000%,0,
Contact STARLINK-4480 - STARLINK-4776,0.000,5400.000,0.0000%,0,
Contact STARLINK-4480 - STARLINK-5686,0.000,5400.000,0.0000%,0,
Contact STARLINK-4480 - STARLINK-31122,0.000,5400.000,0.0000%,0,
Contact STARLINK-4480 - STARLINK-11130 [DTC],0.000,5400.000,0.0000%,0,
Contact STARLINK-4480 - STARLINK-32043,878.022,4521.978,16.2597%,1,
Contact STARLINK-4480 - STARLINK-1136,840.107,4559.893,15.5575%,1,
Contact STARLINK-4480 - STARLINK-31006,0.000,5400.000,0.0000%,0,
Contact STARLINK-4480 - STARLINK-4429,0.000,5400.000,0.0000%,0,
Contact STARLINK-4480 - STARLINK-4257,0.000,5400.000,0.0000%,0,
Contact STARLINK-4480 - STARLINK-5338,0.000,5400.000,0.0000%,0,
Contact STARLINK-4480 - STARLINK-1572,0.000,5400.000,0.0000%,0,
Contact STARLINK-4480 - STARLINK-32097,0.000,5400.000,0.0000%,0,
Contact STARLINK-4480 - STARLINK-2704,0.000,5400.000,0.0000%,0,
Contact STARLINK-4480 - STARLINK-3750,0.000,5400.000,0.0000%,0,
Contact STARLINK-4480 - STARLINK-6363,203.208,5196.792,3.7631%,2,
Contact STARLINK-4480 - STARLINK-1605,914.127,4485.873,16.9283%,1,
Contact STARLINK-4480 - STARLINK-2068,0.000,5400.000,0.0000%,0,
Contact STARLINK-4480 - STARLINK-30925,0.000,5400.000,0.0000%,0,
Contact STARLINK-4480 - STARLINK-4494,4069.205,1330.795,75.3556%,2,
Contact STARLINK-4480 - STARLINK-2499,0.000,5400.000,0.0000%,0,
Contact STARLINK-4480 - STARLINK-3634,0.000,5400.000,0.0000%,0,
Contact STARLINK-4480 - STARLINK-3768,0.000,5400.000,0.0000%,0,
Contact STARLINK-4480 - STARLINK-30904,0.000,5400.000,0.0000%,0,
Contact STARLINK-4480 - MoonARTEMIS1,3586.010,1813.990,66.4076%,1,
Contact STARLINK-4480 - MoonARTEMIS2,3590.032,1809.968,66.4821%,1,
Contact STARLINK-4480 - MoonIOAGEO,3581.175,1818.825,66.3181%,1,
Contact STARLINK-4480 - MoonIOAGNO,3580.379,1819.621,66.3033%,1,
Contact STARLINK-4480 - MoonIOAGNO 0001,3585.918,1814.082,66.4059%,1,
Contact STARLINK-4480 - MoonIOAGSO,3586.444,1813.556,66.4156%,1,
Contact STARLINK-4480 - MoonIOAGSO 0001,3583.377,1816.623,66.3588%,1,
Contact STARLINK-4480 - MoonLRO,2298.666,3101.334,42.5679%,1,
Contact STARLINK-4480 - MarsSat1,3357.876,2042.124,62.1829%,2,
Contact STARLINK-4480 - MarsSat2,3357.893,2042.107,62.1832%,2,
Contact STARLINK-4480 - MarsSat3,3357.854,2042.146,62.1825%,2,
Contact STARLINK-4480 - MarsSat4,3357.852,2042.148,62.1825%,2,
Contact STARLINK-4107 - STARLINK-5158,0.000,5400.000,0.0000%,0,
Contact STARLINK-4107 - STARLINK-6109,0.000,5400.000,0.0000%,0,
Contact STARLINK-4107 - STARLINK-31816,0.000,5400.000,0.0000%,0,
Contact STARLINK-4107 - STARLINK-30610,916.863,4483.137,16.9789%,1,
Contact STARLINK-4107 - STARLINK-6247,0.000,5400.000,0.0000%,0,
Contact STARLINK-4107 - STARLINK-5555,0.000,5400.000,0.0000%,0,
Contact STARLINK-4107 - STARLINK-11225 [DTC],0.000,5400.000,0.0000%,0,
Contact STARLINK-4107 - STARLINK-1682,0.000,5400.000,0.0000%,0,
Contact STARLINK-4107 - STARLINK-2436,0.000,5400.000,0.0000%,0,
Contact STARLINK-4107 - STARLINK-30752,5241.981,158.019,97.0737%,1,
Contact STARLINK-4107 - STARLINK-3869,0.000,5400.000,0.0000%,0,
Contact STARLINK-4107 - STARLINK-2128,898.472,4501.528,16.6384%,1,
Contact STARLINK-4107 - STARLINK-2214,0.000,5400.000,0.0000%,0,
Contact STARLINK-4107 - STARLINK-4676,0.000,5400.000,0.0000%,0,
Contact STARLINK-4107 - STARLINK-5777,0.000,5400.000,0.0000%,0,
Contact STARLINK-4107 - STARLINK-30362,0.000,5400.000,0.0000%,0,
Contact STARLINK-4107 - STARLINK-4679,0.000,5400.000,0.0000%,0,
Contact STARLINK-4107 - STARLINK-4565,269.436,5130.564,4.9896%,1,
Contact STARLINK-4107 - STARLINK-31895,0.000,5400.000,0.0000%,0,
Contact STARLINK-4107 - STARLINK-3316,0.000,5400.000,0.0000%,0,
Contact STARLINK-4107 - STARLINK-30480,5400.000,0.000,100.0000%,1,
Contact STARLINK-4107 - STARLINK-5484,0.000,5400.000,0.0000%,0,
Contact STARLINK-4107 - STARLINK-4419,0.000,5400.000,0.0000%,0,
Contact STARLINK-4107 - STARLINK-30154,0.000,5400.000,0.0000%,0,
Contact STARLINK-4107 - STARLINK-3770,1280.476,4119.524,23.7125%,1,
Contact STARLINK-4107 - STARLINK-30565,0.000,5400.000,0.0000%,0,
Contact STARLINK-4107 - STARLINK-30248,995.956,4404.044,18.4436%,1,
Contact STARLINK-4107 - STARLINK-5954,674.386,4725.614,12.4886%,1,
Contact STARLINK-4107 - STARLINK-5609,0.000,5400.000,0.0000%,0,
Contact STARLINK-4107 - STARLINK-3855,798.729,4601.271,14.7913%,1,
Contact STARLINK-4107 - STARLINK-4030,0.000,5400.000,0.0000%,0,
Contact STARLINK-4107 - STARLINK-5416,0.000,5400.000,0.0000%,0,
Contact STARLINK-4107 - STARLINK-5067,0.000,5400.000,0.0000%,0,
Contact STARLINK-4107 - STARLINK-1692,0.000,5400.000,0.0000%,0,
Contact STARLINK-4107 - STARLINK-3897,147.638,5252.362,2.7340%,1,
Contact STARLINK-4107 - STARLINK-6046,0.000,5400.000,0.0000%,0,
Contact STARLINK-4107 - STARLINK-4070,0.000,5400.000,0.0000%,0,
Contact STARLINK-4107 - STARLINK-31082,0.000,5400.000,0.0000%,0,
Contact STARLINK-4107 - STARLINK-5951,0.000,5400.000,0.0000%,0,
Contact STARLINK-4107 - STARLINK-4328,0.000,5400.000,0.0000%,0,
Contact STARLINK-4107 - STARLINK-1423,906.657,4493.343,16.7900%,1,
Contact STARLINK-4107 - STARLINK-2153,0.000,5400.000,0.0000%,0,
Contact STARLINK-4107 - STARLINK-3080,0.000,5400.000,0.0000%,0,
Contact STARLINK-4107 - STARLINK-5858,0.000,5400.000,0.0000%,0,
Contact STARLINK-4107 - STARLINK-31195,0.000,5400.000,0.0000%,0,
Contact STARLINK-4107 - STARLINK-5018,0.000,5400.000,0.0000%,0,
Contact STARLINK-4107 - STARLINK-4776,0.000,5400.000,0.0000%,0,
Contact STARLINK-4107 - STARLINK-5686,0.000,5400.000,0.0000%,0,
Contact STARLINK-4107 - STARLINK-31122,0.000,5400.000,0.0000%,0,
Contact STARLINK-4107 - STARLINK-11130 [DTC],0.000,5400.000,0.0000%,0,
Contact STARLINK-4107 - STARLINK-32043,0.000,5400.000,0.0000%,0,
Contact STARLINK-4107 - STARLINK-1136,0.000,5400.000,0.0000%,0,
Contact STARLINK-4107 - STARLINK-31006,5400.000,0.000,100.0000%,1,
Contact STARLINK-4107 - STARLINK-4429,589.528,4810.472,10.9172%,2,
Contact STARLINK-4107 - STARLINK-4257,0.000,5400.000,0.0000%,0,
Contact STARLINK-4107 - STARLINK-5338,0.000,5400.000,0.0000%,0,
Contact STARLINK-4107 - STARLINK-1572,0.000,5400.000,0.0000%,0,
Contact STARLINK-4107 - STARLINK-32097,0.000,5400.000,0.0000%,0,
Contact STARLINK-4107 - STARLINK-2704,0.000,5400.000,0.0000%,0,
Contact STARLINK-4107 - STARLINK-3750,0.000,5400.000,0.0000%,0,
Contact STARLINK-4107 - STARLINK-6363,0.000,5400.000,0.0000%,0,
Contact STARLINK-4107 - STARLINK-1605,0.000,5400.000,0.0000%,0,
Contact STARLINK-4107 - STARLINK-2068,0.000,5400.000,0.0000%,0,
Contact STARLINK-4107 - STARLINK-30925,1033.075,4366.925,19.1310%,1,
Contact STARLINK-4107 - STARLINK-4494,825.536,4574.464,15.2877%,1,
Contact STARLINK-4107 - STARLINK-2499,0.000,5400.000,0.0000%,0,
Contact STARLINK-4107 - STARLINK-3634,0.000,5400.000,0.0000%,0,
Contact STARLINK-4107 - STARLINK-3768,0.000,5400.000,0.0000%,0,
Contact STARLINK-4107 - STARLINK-30904,5400.000,0.000,100.0000%,1,
Contact STARLINK-4107 - MoonARTEMIS1,5400.000,0.000,100.0000%,1,
Contact STARLINK-4107 - MoonARTEMIS2,5400.000,0.000,100.0000%,1,
Contact STARLINK-4107 - MoonIOAGEO,5400.000,0.000,100.0000%,1,
Contact STARLINK-4107 - MoonIOAGNO,5400.000,0.000,100.0000%,1,
Contact STARLINK-4107 - MoonIOAGNO 0001,5400.000,0.000,100.0000%,1,
Contact STARLINK-4107 - MoonIOAGSO,5400.000,0.000,100.0000%,1,
Contact STARLINK-4107 - MoonIOAGSO 0001,5400.000,0.000,100.0000%,1,
Contact STARLINK-4107 - MoonLRO,3905.538,1494.462,72.3248%,1,
Contact STARLINK-4107 - MarsSat1,3360.379,2039.621,62.2292%,1,
Contact STARLINK-4107 - MarsSat2,3360.345,2039.655,62.2286%,1,
Contact STARLINK-4107 - MarsSat3,3360.432,2039.568,62.2302%,1,
Contact STARLINK-4107 - MarsSat4,3360.434,2039.566,62.2303%,1,
Contact STARLINK-5158 - STARLINK-6109,0.000,5400.000,0.0000%,0,
Contact STARLINK-5158 - STARLINK-31816,0.000,5400.000,0.0000%,0,
Contact STARLINK-5158 - STARLINK-30610,0.000,5400.000,0.0000%,0,
Contact STARLINK-5158 - STARLINK-6247,0.000,5400.000,0.0000%,0,
Contact STARLINK-5158 - STARLINK-5555,0.000,5400.000,0.0000%,0,
Contact STARLINK-5158 - STARLINK-11225 [DTC],756.269,4643.731,14.0050%,1,
Contact STARLINK-5158 - STARLINK-1682,0.000,5400.000,0.0000%,0,
Contact STARLINK-5158 - STARLINK-2436,0.000,5400.000,0.0000%,0,
Contact STARLINK-5158 - STARLINK-30752,0.000,5400.000,0.0000%,0,
Contact STARLINK-5158 - STARLINK-3869,0.000,5400.000,0.0000%,0,
Contact STARLINK-5158 - STARLINK-2128,0.000,5400.000,0.0000%,0,
Contact STARLINK-5158 - STARLINK-2214,0.000,5400.000,0.0000%,0,
Contact STARLINK-5158 - STARLINK-4676,0.000,5400.000,0.0000%,0,
Contact STARLINK-5158 - STARLINK-5777,0.000,5400.000,0.0000%,0,
Contact STARLINK-5158 - STARLINK-30362,593.154,4806.846,10.9843%,1,
Contact STARLINK-5158 - STARLINK-4679,1153.786,4246.214,21.3664%,1,
Contact STARLINK-5158 - STARLINK-4565,0.000,5400.000,0.0000%,0,
Contact STARLINK-5158 - STARLINK-31895,335.718,5064.282,6.2170%,2,
Contact STARLINK-5158 - STARLINK-3316,0.000,5400.000,0.0000%,0,
Contact STARLINK-5158 - STARLINK-30480,0.000,5400.000,0.0000%,0,
Contact STARLINK-5158 - STARLINK-5484,4038.027,1361.973,74.7783%,2,
Contact STARLINK-5158 - STARLINK-4419,0.000,5400.000,0.0000%,0,
Contact STARLINK-5158 - STARLINK-30154,0.000,5400.000,0.0000%,0,
Contact STARLINK-5158 - STARLINK-3770,0.000,5400.000,0.0000%,0,
Contact STARLINK-5158 - STARLINK-30565,0.000,5400.000,0.0000%,0,
Contact STARLINK-5158 - STARLINK-30248,0.000,5400.000,0.0000%,0,
Contact STARLINK-5158 - STARLINK-5954,0.000,5400.000,0.0000%,0,
Contact STARLINK-5158 - STARLINK-5609,0.000,5400.000,0.0000%,0,
Contact STARLINK-5158 - STARLINK-3855,0.000,5400.000,0.0000%,0,
Contact STARLINK-5158 - STARLINK-4030,481.520,4918.480,8.9170%,2,
Contact STARLINK-5158 - STARLINK-5416,0.000,5400.000,0.0000%,0,
Contact STARLINK-5158 - STARLINK-5067,1244.509,4155.491,23.0465%,1,
Contact STARLINK-5158 - STARLINK-1692,0.000,5400.000,0.0000%,0,
Contact STARLINK-5158 - STARLINK-3897,0.000,5400.000,0.0000%,0,
Contact STARLINK-5158 - STARLINK-6046,0.000,5400.000,0.0000%,0,
Contact STARLINK-5158 - STARLINK-4070,3640.194,1759.806,67.4110%,1,
Contact STARLINK-5158 - STARLINK-31082,0.000,5400.000,0.0000%,0,
Contact STARLINK-5158 - STARLINK-5951,0.000,5400.000,0.0000%,0,
Contact STARLINK-5158 - STARLINK-4328,764.992,4635.008,14.1665%,1,
Contact STARLINK-5158 - STARLINK-1423,0.000,5400.000,0.0000%,0,
Contact STARLINK-5158 - STARLINK-2153,1507.255,3892.745,27.9121%,1,
Contact STARLINK-5158 - STARLINK-3080,4719.348,680.652,87.3953%,1,
Contact STARLINK-5158 - STARLINK-5858,0.000,5400.000,0.0000%,0,
Contact STARLINK-5158 - STARLINK-31195,599.030,4800.970,11.0931%,2,
Contact STARLINK-5158 - STARLINK-5018,0.000,5400.000,0.0000%,0,
Contact STARLINK-5158 - STARLINK-4776,0.000,5400.000,0.0000%,0,
Contact STARLINK-5158 - STARLINK-5686,0.000,5400.000,0.0000%,0,
Contact STARLINK-5158 - STARLINK-31122,0.000,5400.000,0.0000%,0,
Contact STARLINK-5158 - STARLINK-11130 [DTC],0.000,5400.000,0.0000%,0,
Contact STARLINK-5158 - STARLINK-32043,0.000,5400.000,0.0000%,0,
Contact STARLINK-5158 - STARLINK-1136,0.000,5400.000,0.0000%,0,
Contact STARLINK-5158 - STARLINK-31006,0.000,5400.000,0.0000%,0,
Contact STARLINK-5158 - STARLINK-4429,0.000,5400.000,0.0000%,0,
Contact STARLINK-5158 - STARLINK-4257,0.000,5400.000,0.0000%,0,
Contact STARLINK-5158 - STARLINK-5338,455.353,4944.647,8.4325%,2,
Contact STARLINK-5158 - STARLINK-1572,532.406,4867.594,9.8594%,2,
Contact STARLINK-5158 - STARLINK-32097,0.000,5400.000,0.0000%,0,
Contact STARLINK-5158 - STARLINK-2704,0.000,5400.000,0.0000%,0,
Contact STARLINK-5158 - STARLINK-3750,95.781,5304.219,1.7737%,1,
Contact STARLINK-5158 - STARLINK-6363,976.635,4423.365,18.0858%,1,
Contact STARLINK-5158 - STARLINK-1605,0.000,5400.000,0.0000%,0,
Contact STARLINK-5158 - STARLINK-2068,660.175,4739.825,12.2255%,1,
Contact STARLINK-5158 - STARLINK-30925,0.000,5400.000,0.0000%,0,
Contact STARLINK-5158 - STARLINK-4494,0.000,5400.000,0.0000%,0,
Contact STARLINK-5158 - STARLINK-2499,0.000,5400.000,0.0000%,0,
Contact STARLINK-5158 - STARLINK-3634,0.000,5400.000,0.0000%,0,
Contact STARLINK-5158 - STARLINK-3768,660.865,4739.135,12.2382%,2,
Contact STARLINK-5158 - STARLINK-30904,0.000,5400.000,0.0000%,0,
Contact STARLINK-5158 - MoonARTEMIS1,5400.000,0.000,100.0000%,1,
Contact STARLINK-5158 - MoonARTEMIS2,5400.000,0.000,100.0000%,1,
Contact STARLINK-5158 - MoonIOAGEO,5400.000,0.000,100.0000%,1,
Contact STARLINK-5158 - MoonIOAGNO,5400.000,0.000,100.0000%,1,
Contact STARLINK-5158 - MoonIOAGNO 0001,5400.000,0.000,100.0000%,1,
Contact STARLINK-5158 - MoonIOAGSO,5400.000,0.000,100.0000%,1,
Contact STARLINK-5158 - MoonIOAGSO 0001,5400.000,0.000,100.0000%,1,
Contact STARLINK-5158 - MoonLRO,3875.892,1524.108,71.7758%,1,
Contact STARLINK-5158 - MarsSat1,5400.000,0.000,100.0000%,1,
Contact STARLINK-5158 - MarsSat2,5400.000,0.000,100.0000%,1,
Contact STARLINK-5158 - MarsSat3,5400.000,0.000,100.0000%,1,
Contact STARLINK-5158 - MarsSat4,5400.000,0.000,100.0000%,1,
Contact STARLINK-6109 - STARLINK-31816,5400.000,0.000,100.0000%,1,
Contact STARLINK-6109 - STARLINK-30610,0.000,5400.000,0.0000%,0,
Contact STARLINK-6109 - STARLINK-6247,0.000,5400.000,0.0000%,0,
Contact STARLINK-6109 - STARLINK-5555,0.000,5400.000,0.0000%,0,
Contact STARLINK-6109 - STARLINK-11225 [DTC],0.000,5400.000,0.0000%,0,
Contact STARLINK-6109 - STARLINK-1682,0.000,5400.000,0.0000%,0,
Contact STARLINK-6109 - STARLINK-2436,0.000,5400.000,0.0000%,0,
Contact STARLINK-6109 - STARLINK-30752,0.000,5400.000,0.0000%,0,
Contact STARLINK-6109 - STARLINK-3869,0.000,5400.000,0.0000%,0,
Contact STARLINK-6109 - STARLINK-2128,0.000,5400.000,0.0000%,0,
Contact STARLINK-6109 - STARLINK-2214,0.000,5400.000,0.0000%,0,
Contact STARLINK-6109 - STARLINK-4676,0.000,5400.000,0.0000%,0,
Contact STARLINK-6109 - STARLINK-5777,0.000,5400.000,0.0000%,0,
Contact STARLINK-6109 - STARLINK-30362,0.000,5400.000,0.0000%,0,
Contact STARLINK-6109 - STARLINK-4679,0.000,5400.000,0.0000%,0,
Contact STARLINK-6109 - STARLINK-4565,0.000,5400.000,0.0000%,0,
Contact STARLINK-6109 - STARLINK-31895,0.000,5400.000,0.0000%,0,
Contact STARLINK-6109 - STARLINK-3316,0.000,5400.000,0.0000%,0,
Contact STARLINK-6109 - STARLINK-30480,0.000,5400.000,0.0000%,0,
Contact STARLINK-6109 - STARLINK-5484,0.000,5400.000,0.0000%,0,
Contact STARLINK-6109 - STARLINK-4419,1634.473,3765.527,30.2680%,1,
Contact STARLINK-6109 - STARLINK-30154,3657.057,1742.943,67.7233%,1,
Contact STARLINK-6109 - STARLINK-3770,5400.000,0.000,100.0000%,1,
Contact STARLINK-6109 - STARLINK-30565,5400.000,0.000,100.0000%,1,
Contact STARLINK-6109 - STARLINK-30248,5400.000,0.000,100.0000%,1,
Contact STARLINK-6109 - STARLINK-5954,0.000,5400.000,0.0000%,0,
Contact STARLINK-6109 - STARLINK-5609,0.000,5400.000,0.0000%,0,
Contact STARLINK-6109 - STARLINK-3855,0.000,5400.000,0.0000%,0,
Contact STARLINK-6109 - STARLINK-4030,0.000,5400.000,0.0000%,0,
Contact STARLINK-6109 - STARLINK-5416,0.000,5400.000,0.0000%,0,
Contact STARLINK-6109 - STARLINK-5067,0.000,5400.000,0.0000%,0,
Contact STARLINK-6109 - STARLINK-1692,4532.638,867.362,83.9377%,1,
Contact STARLINK-6109 - STARLINK-3897,0.000,5400.000,0.0000%,0,
Contact STARLINK-6109 - STARLINK-6046,5400.000,0.000,100.0000%,1,
Contact STARLINK-6109 - STARLINK-4070,0.000,5400.000,0.0000%,0,
Contact STARLINK-6109 - STARLINK-31082,0.000,5400.000,0.0000%,0,
Contact STARLINK-6109 - STARLINK-5951,0.000,5400.000,0.0000%,0,
Contact STARLINK-6109 - STARLINK-4328,0.000,5400.000,0.0000%,0,
Contact STARLINK-6109 - STARLINK-1423,0.000,5400.000,0.0000%,0,
Contact STARLINK-6109 - STARLINK-2153,0.000,5400.000,0.0000%,0,
Contact STARLINK-6109 - STARLINK-3080,0.000,5400.000,0.0000%,0,
Contact STARLINK-6109 - STARLINK-5858,0.000,5400.000,0.0000%,0,
Contact STARLINK-6109 - STARLINK-31195,0.000,5400.000,0.0000%,0,
Contact STARLINK-6109 - STARLINK-5018,704.025,4695.975,13.0375%,2,
Contact STARLINK-6109 - STARLINK-4776,0.000,5400.000,0.0000%,0,
Contact STARLINK-6109 - STARLINK-5686,3641.380,1758.620,67.4330%,2,
Contact STARLINK-6109 - STARLINK-31122,0.000,5400.000,0.0000%,0,
Contact STARLINK-6109 - STARLINK-11130 [DTC],0.000,5400.000,0.0000%,0,
Contact STARLINK-6109 - STARLINK-32043,0.000,5400.000,0.0000%,0,
Contact STARLINK-6109 - STARLINK-1136,0.000,5400.000,0.0000%,0,
Contact STARLINK-6109 - STARLINK-31006,0.000,5400.000,0.0000%,0,
Contact STARLINK-6109 - STARLINK-4429,0.000,5400.000,0.0000%,0,
Contact STARLINK-6109 - STARLINK-4257,5400.000,0.000,100.0000%,1,
Contact STARLINK-6109 - STARLINK-5338,0.000,5400.000,0.0000%,0,
Contact STARLINK-6109 - STARLINK-1572,0.000,5400.000,0.0000%,0,
Contact STARLINK-6109 - STARLINK-32097,0.000,5400.000,0.0000%,0,
Contact STARLINK-6109 - STARLINK-2704,5400.000,0.000,100.0000%,1,
Contact STARLINK-6109 - STARLINK-3750,0.000,5400.000,0.0000%,0,
Contact STARLINK-6109 - STARLINK-6363,0.000,5400.000,0.0000%,0,
Contact STARLINK-6109 - STARLINK-1605,0.000,5400.000,0.0000%,0,
Contact STARLINK-6109 - STARLINK-2068,0.000,5400.000,0.0000%,0,
Contact STARLINK-6109 - STARLINK-30925,816.597,4583.403,15.1222%,2,
Contact STARLINK-6109 - STARLINK-4494,0.000,5400.000,0.0000%,0,
Contact STARLINK-6109 - STARLINK-2499,0.000,5400.000,0.0000%,0,
Contact STARLINK-6109 - STARLINK-3634,5400.000,0.000,100.0000%,1,
Contact STARLINK-6109 - STARLINK-3768,0.000,5400.000,0.0000%,0,
Contact STARLINK-6109 - STARLINK-30904,0.000,5400.000,0.0000%,0,
Contact STARLINK-6109 - MoonARTEMIS1,5400.000,0.000,100.0000%,1,
Contact STARLINK-6109 - MoonARTEMIS2,5400.000,0.000,100.0000%,1,
Contact STARLINK-6109 - MoonIOAGEO,5400.000,0.000,100.0000%,1,
Contact STARLINK-6109 - MoonIOAGNO,5400.000,0.000,100.0000%,1,
Contact STARLINK-6109 - MoonIOAGNO 0001,5400.000,0.000,100.0000%,1,
Contact STARLINK-6109 - MoonIOAGSO,5400.000,0.000,100.0000%,1,
Contact STARLINK-6109 - MoonIOAGSO 0001,5400.000,0.000,100.0000%,1,
Contact STARLINK-6109 - MoonLRO,3883.617,1516.383,71.9188%,1,
Contact STARLINK-6109 - MarsSat1,3545.668,1854.332,65.6605%,1,
Contact STARLINK-6109 - MarsSat2,3545.669,1854.331,65.6605%,1,
Contact STARLINK-6109 - MarsSat3,3545.657,1854.343,65.6603%,1,
Contact STARLINK-6109 - MarsSat4,3545.676,1854.324,65.6607%,1,
Contact STARLINK-31816 - STARLINK-30610,0.000,5400.000,0.0000%,0,
Contact STARLINK-31816 - STARLINK-6247,0.000,5400.000,0.0000%,0,
Contact STARLINK-31816 - STARLINK-5555,0.000,5400.000,0.0000%,0,
Contact STARLINK-31816 - STARLINK-11225 [DTC],0.000,5400.000,0.0000%,0,
Contact STARLINK-31816 - STARLINK-1682,0.000,5400.000,0.0000%,0,
Contact STARLINK-31816 - STARLINK-2436,0.000,5400.000,0.0000%,0,
Contact STARLINK-31816 - STARLINK-30752,0.000,5400.000,0.0000%,0,
Contact STARLINK-31816 - STARLINK-3869,0.000,5400.000,0.0000%,0,
Contact STARLINK-31816 - STARLINK-2128,0.000,5400.000,0.0000%,0,
Contact STARLINK-31816 - STARLINK-2214,0.000,5400.000,0.0000%,0,
Contact STARLINK-31816 - STARLINK-4676,0.000,5400.000,0.0000%,0,
Contact STARLINK-31816 - STARLINK-5777,0.000,5400.000,0.0000%,0,
Contact STARLINK-31816 - STARLINK-30362,0.000,5400.000,0.0000%,0,
Contact STARLINK-31816 - STARLINK-4679,0.000,5400.000,0.0000%,0,
Contact STARLINK-31816 - STARLINK-4565,0.000,5400.000,0.0000%,0,
Contact STARLINK-31816 - STARLINK-31895,0.000,5400.000,0.0000%,0,
Contact STARLINK-31816 - STARLINK-3316,0.000,5400.000,0.0000%,0,
Contact STARLINK-31816 - STARLINK-30480,0.000,5400.000,0.0000%,0,
Contact STARLINK-31816 - STARLINK-5484,0.000,5400.000,0.0000%,0,
Contact STARLINK-31816 - STARLINK-4419,1608.433,3791.567,29.7858%,1,
Contact STARLINK-31816 - STARLINK-30154,3646.211,1753.789,67.5224%,1,
Contact STARLINK-31816 - STARLINK-3770,5400.000,0.000,100.0000%,1,
Contact STARLINK-31816 - STARLINK-30565,5400.000,0.000,100.0000%,1,
Contact STARLINK-31816 - STARLINK-30248,5400.000,0.000,100.0000%,1,
Contact STARLINK-31816 - STARLINK-5954,0.000,5400.000,0.0000%,0,
Contact STARLINK-31816 - STARLINK-5609,0.000,5400.000,0.0000%,0,
Contact STARLINK-31816 - STARLINK-3855,0.000,5400.000,0.0000%,0,
Contact STARLINK-31816 - STARLINK-4030,0.000,5400.000,0.0000%,0,
Contact STARLINK-31816 - STARLINK-5416,0.000,5400.000,0.0000%,0,
Contact STARLINK-31816 - STARLINK-5067,0.000,5400.000,0.0000%,0,
Contact STARLINK-31816 - STARLINK-1692,1711.072,3688.928,31.6865%,1,
Contact STARLINK-31816 - STARLINK-3897,0.000,5400.000,0.0000%,0,
Contact STARLINK-31816 - STARLINK-6046,5400.000,0.000,100.0000%,1,
Contact STARLINK-31816 - STARLINK-4070,0.000,5400.000,0.0000%,0,
Contact STARLINK-31816 - STARLINK-31082,0.000,5400.000,0.0000%,0,
Contact STARLINK-31816 - STARLINK-5951,0.000,5400.000,0.0000%,0,
Contact STARLINK-31816 - STARLINK-4328,0.000,5400.000,0.0000%,0,
Contact STARLINK-31816 - STARLINK-1423,0.000,5400.000,0.0000%,0,
Contact STARLINK-31816 - STARLINK-2153,0.000,5400.000,0.0000%,0,
Contact STARLINK-31816 - STARLINK-3080,0.000,5400.000,0.0000%,0,
Contact STARLINK-31816 - STARLINK-5858,0.000,5400.000,0.0000%,0,
Contact STARLINK-31816 - STARLINK-31195,0.000,5400.000,0.0000%,0,
Contact STARLINK-31816 - STARLINK-5018,696.551,4703.449,12.8991%,2,
Contact STARLINK-31816 - STARLINK-4776,0.000,5400.000,0.0000%,0,
Contact STARLINK-31816 - STARLINK-5686,782.708,4617.292,14.4946%,2,
Contact STARLINK-31816 - STARLINK-31122,0.000,5400.000,0.0000%,0,
Contact STARLINK-31816 - STARLINK-11130 [DTC],0.000,5400.000,0.0000%,0,
Contact STARLINK-31816 - STARLINK-32043,0.000,5400.000,0.0000%,0,
Contact STARLINK-31816 - STARLINK-1136,0.000,5400.000,0.0000%,0,
Contact STARLINK-31816 - STARLINK-31006,0.000,5400.000,0.0000%,0,
Contact STARLINK-31816 - STARLINK-4429,0.000,5400.000,0.0000%,0,
Contact STARLINK-31816 - STARLINK-4257,5400.000,0.000,100.0000%,1,
Contact STARLINK-31816 - STARLINK-5338,0.000,5400.000,0.0000%,0,
Contact STARLINK-31816 - STARLINK-1572,0.000,5400.000,0.0000%,0,
Contact STARLINK-31816 - STARLINK-32097,0.000,5400.000,0.0000%,0,
Contact STARLINK-31816 - STARLINK-2704,5400.000,0.000,100.0000%,1,
Contact STARLINK-31816 - STARLINK-3750,0.000,5400.000,0.0000%,0,
Contact STARLINK-31816 - STARLINK-6363,0.000,5400.000,0.0000%,0,
Contact STARLINK-31816 - STARLINK-1605,0.000,5400.000,0.0000%,0,
Contact STARLINK-31816 - STARLINK-2068,0.000,5400.000,0.0000%,0,
Contact STARLINK-31816 - STARLINK-30925,721.185,4678.815,13.3553%,2,
Contact STARLINK-31816 - STARLINK-4494,0.000,5400.000,0.0000%,0,
Contact STARLINK-31816 - STARLINK-2499,0.000,5400.000,0.0000%,0,
Contact STARLINK-31816 - STARLINK-3634,5400.000,0.000,100.0000%,1,
Contact STARLINK-31816 - STARLINK-3768,0.000,5400.000,0.0000%,0,
Contact STARLINK-31816 - STARLINK-30904,0.000,5400.000,0.0000%,0,
Contact STARLINK-31816 - MoonARTEMIS1,5400.000,0.000,100.0000%,1,
Contact STARLINK-31816 - MoonARTEMIS2,5400.000,0.000,100.0000%,1,
Contact STARLINK-31816 - MoonIOAGEO,5400.000,0.000,100.0000%,1,
Contact STARLINK-31816 - MoonIOAGNO,5400.000,0.000,100.0000%,1,
Contact STARLINK-31816 - MoonIOAGNO 0001,5400.000,0.000,100.0000%,1,
Contact STARLINK-31816 - MoonIOAGSO,5400.000,0.000,100.0000%,1,
Contact STARLINK-31816 - MoonIOAGSO 0001,5400.000,0.000,100.0000%,1,
Contact STARLINK-31816 - MoonLRO,3883.421,1516.579,71.9152%,1,
Contact STARLINK-31816 - MarsSat1,3464.003,1935.997,64.1482%,1,
Contact STARLINK-31816 - MarsSat2,3464.006,1935.994,64.1483%,1,
Contact STARLINK-31816 - MarsSat3,3463.992,1936.008,64.1480%,1,
Contact STARLINK-31816 - MarsSat4,3464.011,1935.989,64.1483%,1,
Contact STARLINK-30610 - STARLINK-6247,0.000,5400.000,0.0000%,0,
Contact STARLINK-30610 - STARLINK-5555,0.000,5400.000,0.0000%,0,
Contact STARLINK-30610 - STARLINK-11225 [DTC],0.000,5400.000,0.0000%,0,
Contact STARLINK-30610 - STARLINK-1682,720.063,4679.937,13.3345%,2,
Contact STARLINK-30610 - STARLINK-2436,722.757,4677.243,13.3844%,2,
Contact STARLINK-30610 - STARLINK-30752,3782.740,1617.260,70.0507%,1,
Contact STARLINK-30610 - STARLINK-3869,831.392,4568.608,15.3961%,1,
Contact STARLINK-30610 - STARLINK-2128,5400.000,0.000,100.0000%,1,
Contact STARLINK-30610 - STARLINK-2214,3794.445,1605.555,70.2675%,2,
Contact STARLINK-30610 - STARLINK-4676,0.000,5400.000,0.0000%,0,
Contact STARLINK-30610 - STARLINK-5777,0.000,5400.000,0.0000%,0,
Contact STARLINK-30610 - STARLINK-30362,0.000,5400.000,0.0000%,0,
Contact STARLINK-30610 - STARLINK-4679,0.000,5400.000,0.0000%,0,
Contact STARLINK-30610 - STARLINK-4565,5400.000,0.000,100.0000%,1,
Contact STARLINK-30610 - STARLINK-31895,0.000,5400.000,0.0000%,0,
Contact STARLINK-30610 - STARLINK-3316,0.000,5400.000,0.0000%,0,
Contact STARLINK-30610 - STARLINK-30480,748.409,4651.591,13.8594%,1,
Contact STARLINK-30610 - STARLINK-5484,0.000,5400.000,0.0000%,0,
Contact STARLINK-30610 - STARLINK-4419,0.000,5400.000,0.0000%,0,
Contact STARLINK-30610 - STARLINK-30154,0.000,5400.000,0.0000%,0,
Contact STARLINK-30610 - STARLINK-3770,0.000,5400.000,0.0000%,0,
Contact STARLINK-30610 - STARLINK-30565,0.000,5400.000,0.0000%,0,
Contact STARLINK-30610 - STARLINK-30248,0.000,5400.000,0.0000%,0,
Contact STARLINK-30610 - STARLINK-5954,5400.000,0.000,100.0000%,1,
Contact STARLINK-30610 - STARLINK-5609,0.000,5400.000,0.0000%,0,
Contact STARLINK-30610 - STARLINK-3855,5400.000,0.000,100.0000%,1,
Contact STARLINK-30610 - STARLINK-4030,0.000,5400.000,0.0000%,0,
Contact STARLINK-30610 - STARLINK-5416,0.000,5400.000,0.0000%,0,
Contact STARLINK-30610 - STARLINK-5067,0.000,5400.000,0.0000%,0,
Contact STARLINK-30610 - STARLINK-1692,495.793,4904.207,9.1813%,2,
Contact STARLINK-30610 - STARLINK-3897,0.000,5400.000,0.0000%,0,
Contact STARLINK-30610 - STARLINK-6046,982.609,4417.391,18.1965%,1,
Contact STARLINK-30610 - STARLINK-4070,0.000,5400.000,0.0000%,0,
Contact STARLINK-30610 - STARLINK-31082,0.000,5400.000,0.0000%,0,
Contact STARLINK-30610 - STARLINK-5951,0.000,5400.000,0.0000%,0,
Contact STARLINK-30610 - STARLINK-4328,649.262,4750.738,12.0234%,1,
Contact STARLINK-30610 - STARLINK-1423,5400.000,0.000,100.0000%,1,
Contact STARLINK-30610 - STARLINK-2153,0.000,5400.000,0.0000%,0,
Contact STARLINK-30610 - STARLINK-3080,0.000,5400.000,0.0000%,0,
Contact STARLINK-30610 - STARLINK-5858,0.000,5400.000,0.0000%,0,
Contact STARLINK-30610 - STARLINK-31195,0.000,5400.000,0.0000%,0,
Contact STARLINK-30610 - STARLINK-5018,0.000,5400.000,0.0000%,0,
Contact STARLINK-30610 - STARLINK-4776,0.000,5400.000,0.0000%,0,
Contact STARLINK-30610 - STARLINK-5686,0.000,5400.000,0.0000%,0,
Contact STARLINK-30610 - STARLINK-31122,0.000,5400.000,0.0000%,0,
Contact STARLINK-30610 - STARLINK-11130 [DTC],0.000,5400.000,0.0000%,0,
Contact STARLINK-30610 - STARLINK-32043,0.000,5400.000,0.0000%,0,
Contact STARLINK-30610 - STARLINK-1136,680.324,4719.676,12.5986%,1,
Contact STARLINK-30610 - STARLINK-31006,1002.572,4397.428,18.5661%,1,
Contact STARLINK-30610 - STARLINK-4429,0.000,5400.000,0.0000%,0,
Contact STARLINK-30610 - STARLINK-4257,0.000,5400.000,0.0000%,0,
Contact STARLINK-30610 - STARLINK-5338,0.000,5400.000,0.0000%,0,
Contact STARLINK-30610 - STARLINK-1572,0.000,5400.000,0.0000%,0,
Contact STARLINK-30610 - STARLINK-32097,0.000,5400.000,0.0000%,0,
Contact STARLINK-30610 - STARLINK-2704,0.000,5400.000,0.0000%,0,
Contact STARLINK-30610 - STARLINK-3750,0.000,5400.000,0.0000%,0,
Contact STARLINK-30610 - STARLINK-6363,0.000,5400.000,0.0000%,0,
Contact STARLINK-30610 - STARLINK-1605,0.000,5400.000,0.0000%,0,
Contact STARLINK-30610 - STARLINK-2068,0.000,5400.000,0.0000%,0,
Contact STARLINK-30610 - STARLINK-30925,5400.000,0.000,100.0000%,1,
Contact STARLINK-30610 - STARLINK-4494,5400.000,0.000,100.0000%,1,
Contact STARLINK-30610 - STARLINK-2499,0.000,5400.000,0.0000%,0,
Contact STARLINK-30610 - STARLINK-3634,0.000,5400.000,0.0000%,0,
Contact STARLINK-30610 - STARLINK-3768,0.000,5400.000,0.0000%,0,
Contact STARLINK-30610 - STARLINK-30904,4395.146,1004.854,81.3916%,1,
Contact STARLINK-30610 - MoonARTEMIS1,3498.158,1901.842,64.7807%,1,
Contact STARLINK-30610 - MoonARTEMIS2,3481.210,1918.790,64.4668%,1,
Contact STARLINK-30610 - MoonIOAGEO,3494.145,1905.855,64.7064%,1,
Contact STARLINK-30610 - MoonIOAGNO,3488.235,1911.765,64.5969%,1,
Contact STARLINK-30610 - MoonIOAGNO 0001,3469.500,1930.500,64.2500%,1,
Contact STARLINK-30610 - MoonIOAGSO,3500.407,1899.593,64.8223%,1,
Contact STARLINK-30610 - MoonIOAGSO 0001,3515.438,1884.562,65.1007%,1,
Contact STARLINK-30610 - MoonLRO,2005.890,3394.110,37.1461%,1,
Contact STARLINK-30610 - MarsSat1,3380.243,2019.757,62.5971%,2,
Contact STARLINK-30610 - MarsSat2,3380.222,2019.778,62.5967%,2,
Contact STARLINK-30610 - MarsSat3,3380.281,2019.719,62.5978%,2,
Contact STARLINK-30610 - MarsSat4,3380.264,2019.736,62.5975%,2,
Contact STARLINK-6247 - STARLINK-5555,4005.468,1394.532,74.1753%,1,
Contact STARLINK-6247 - STARLINK-11225 [DTC],0.000,5400.000,0.0000%,0,
Contact STARLINK-6247 - STARLINK-1682,0.000,5400.000,0.0000%,0,
Contact STARLINK-6247 - STARLINK-2436,0.000,5400.000,0.0000%,0,
Contact STARLINK-6247 - STARLINK-30752,0.000,5400.000,0.0000%,0,
Contact STARLINK-6247 - STARLINK-3869,0.000,5400.000,0.0000%,0,
Contact STARLINK-6247 - STARLINK-2128,0.000,5400.000,0.0000%,0,
Contact STARLINK-6247 - STARLINK-2214,0.000,5400.000,0.0000%,0,
Contact STARLINK-6247 - STARLINK-4676,3735.778,1664.222,69.1811%,1,
Contact STARLINK-6247 - STARLINK-5777,0.000,5400.000,0.0000%,0,
Contact STARLINK-6247 - STARLINK-30362,4666.981,733.019,86.4256%,2,
Contact STARLINK-6247 - STARLINK-4679,0.000,5400.000,0.0000%,0,
Contact STARLINK-6247 - STARLINK-4565,0.000,5400.000,0.0000%,0,
Contact STARLINK-6247 - STARLINK-31895,662.262,4737.738,12.2641%,2,
Contact STARLINK-6247 - STARLINK-3316,0.000,5400.000,0.0000%,0,
Contact STARLINK-6247 - STARLINK-30480,0.000,5400.000,0.0000%,0,
Contact STARLINK-6247 - STARLINK-5484,0.000,5400.000,0.0000%,0,
Contact STARLINK-6247 - STARLINK-4419,0.000,5400.000,0.0000%,0,
Contact STARLINK-6247 - STARLINK-30154,0.000,5400.000,0.0000%,0,
Contact STARLINK-6247 - STARLINK-3770,0.000,5400.000,0.0000%,0,
Contact STARLINK-6247 - STARLINK-30565,0.000,5400.000,0.0000%,0,
Contact STARLINK-6247 - STARLINK-30248,0.000,5400.000,0.0000%,0,
Contact STARLINK-6247 - STARLINK-5954,0.000,5400.000,0.0000%,0,
Contact STARLINK-6247 - STARLINK-5609,1083.629,4316.371,20.0672%,1,
Contact STARLINK-6247 - STARLINK-3855,0.000,5400.000,0.0000%,0,
Contact STARLINK-6247 - STARLINK-4030,687.020,4712.980,12.7226%,2,
Contact STARLINK-6247 - STARLINK-5416,5400.000,0.000,100.0000%,1,
Contact STARLINK-6247 - STARLINK-5067,0.000,5400.000,0.0000%,0,
Contact STARLINK-6247 - STARLINK-1692,0.000,5400.000,0.0000%,0,
Contact STARLINK-6247 - STARLINK-3897,1397.992,4002.008,25.8887%,1,
Contact STARLINK-6247 - STARLINK-6046,0.000,5400.000,0.0000%,0,
Contact STARLINK-6247 - STARLINK-4070,0.000,5400.000,0.0000%,0,
Contact STARLINK-6247 - STARLINK-31082,5400.000,0.000,100.0000%,1,
Contact STARLINK-6247 - STARLINK-5951,5400.000,0.000,100.0000%,1,
Contact STARLINK-6247 - STARLINK-4328,0.000,5400.000,0.0000%,0,
Contact STARLINK-6247 - STARLINK-1423,0.000,5400.000,0.0000%,0,
Contact STARLINK-6247 - STARLINK-2153,0.000,5400.000,0.0000%,0,
Contact STARLINK-6247 - STARLINK-3080,5400.000,0.000,100.0000%,1,
Contact STARLINK-6247 - STARLINK-5858,0.000,5400.000,0.0000%,0,
Contact STARLINK-6247 - STARLINK-31195,0.000,5400.000,0.0000%,0,
Contact STARLINK-6247 - STARLINK-5018,0.000,5400.000,0.0000%,0,
Contact STARLINK-6247 - STARLINK-4776,1056.672,4343.328,19.5680%,1,
Contact STARLINK-6247 - STARLINK-5686,0.000,5400.000,0.0000%,0,
Contact STARLINK-6247 - STARLINK-31122,5400.000,0.000,100.0000%,1,
Contact STARLINK-6247 - STARLINK-11130 [DTC],855.298,4544.702,15.8389%,1,
Contact STARLINK-6247 - STARLINK-32043,0.000,5400.000,0.0000%,0,
Contact STARLINK-6247 - STARLINK-1136,0.000,5400.000,0.0000%,0,
Contact STARLINK-6247 - STARLINK-31006,0.000,5400.000,0.0000%,0,
Contact STARLINK-6247 - STARLINK-4429,0.000,5400.000,0.0000%,0,
Contact STARLINK-6247 - STARLINK-4257,0.000,5400.000,0.0000%,0,
Contact STARLINK-6247 - STARLINK-5338,0.000,5400.000,0.0000%,0,
Contact STARLINK-6247 - STARLINK-1572,0.000,5400.000,0.0000%,0,
Contact STARLINK-6247 - STARLINK-32097,0.000,5400.000,0.0000%,0,
Contact STARLINK-6247 - STARLINK-2704,0.000,5400.000,0.0000%,0,
Contact STARLINK-6247 - STARLINK-3750,0.000,5400.000,0.0000%,0,
Contact STARLINK-6247 - STARLINK-6363,0.000,5400.000,0.0000%,0,
Contact STARLINK-6247 - STARLINK-1605,0.000,5400.000,0.0000%,0,
Contact STARLINK-6247 - STARLINK-2068,0.000,5400.000,0.0000%,0,
Contact STARLINK-6247 - STARLINK-30925,0.000,5400.000,0.0000%,0,
Contact STARLINK-6247 - STARLINK-4494,0.000,5400.000,0.0000%,0,
Contact STARLINK-6247 - STARLINK-2499,691.004,4708.996,12.7964%,1,
Contact STARLINK-6247 - STARLINK-3634,0.000,5400.000,0.0000%,0,
Contact STARLINK-6247 - STARLINK-3768,0.000,5400.000,0.0000%,0,
Contact STARLINK-6247 - STARLINK-30904,0.000,5400.000,0.0000%,0,
Contact STARLINK-6247 - MoonARTEMIS1,3345.324,2054.676,61.9504%,2,
Contact STARLINK-6247 - MoonARTEMIS2,3342.044,2057.956,61.8897%,2,
Contact STARLINK-6247 - MoonIOAGEO,3348.662,2051.338,62.0123%,2,
Contact STARLINK-6247 - MoonIOAGNO,3345.606,2054.394,61.9557%,2,
Contact STARLINK-6247 - MoonIOAGNO 0001,3344.789,2055.211,61.9405%,2,
Contact STARLINK-6247 - MoonIOAGSO,3349.178,2050.822,62.0218%,2,
Contact STARLINK-6247 - MoonIOAGSO 0001,3351.479,2048.521,62.0644%,2,
Contact STARLINK-6247 - MoonLRO,2323.401,3076.599,43.0259%,1,
Contact STARLINK-6247 - MarsSat1,3664.701,1735.299,67.8648%,1,
Contact STARLINK-6247 - MarsSat2,3664.690,1735.310,67.8646%,1,
Contact STARLINK-6247 - MarsSat3,3664.709,1735.291,67.8650%,1,
Contact STARLINK-6247 - MarsSat4,3664.718,1735.282,67.8652%,1,
Contact STARLINK-5555 - STARLINK-11225 [DTC],0.000,5400.000,0.0000%,0,
Contact STARLINK-5555 - STARLINK-1682,0.000,5400.000,0.0000%,0,
Contact STARLINK-5555 - STARLINK-2436,0.000,5400.000,0.0000%,0,
Contact STARLINK-5555 - STARLINK-30752,0.000,5400.000,0.0000%,0,
Contact STARLINK-5555 - STARLINK-3869,0.000,5400.000,0.0000%,0,
Contact STARLINK-5555 - STARLINK-2128,0.000,5400.000,0.0000%,0,
Contact STARLINK-5555 - STARLINK-2214,0.000,5400.000,0.0000%,0,
Contact STARLINK-5555 - STARLINK-4676,5400.000,0.000,100.0000%,1,
Contact STARLINK-5555 - STARLINK-5777,0.000,5400.000,0.0000%,0,
Contact STARLINK-5555 - STARLINK-30362,1139.983,4260.017,21.1108%,1,
Contact STARLINK-5555 - STARLINK-4679,0.000,5400.000,0.0000%,0,
Contact STARLINK-5555 - STARLINK-4565,0.000,5400.000,0.0000%,0,
Contact STARLINK-5555 - STARLINK-31895,0.000,5400.000,0.0000%,0,
Contact STARLINK-5555 - STARLINK-3316,0.000,5400.000,0.0000%,0,
Contact STARLINK-5555 - STARLINK-30480,0.000,5400.000,0.0000%,0,
Contact STARLINK-5555 - STARLINK-5484,0.000,5400.000,0.0000%,0,
Contact STARLINK-5555 - STARLINK-4419,375.236,5024.764,6.9488%,2,
Contact STARLINK-5555 - STARLINK-30154,3977.733,1422.267,73.6617%,2,
Contact STARLINK-5555 - STARLINK-3770,0.000,5400.000,0.0000%,0,
Contact STARLINK-5555 - STARLINK-30565,239.653,5160.347,4.4380%,1,
Contact STARLINK-5555 - STARLINK-30248,0.000,5400.000,0.0000%,0,
Contact STARLINK-5555 - STARLINK-5954,0.000,5400.000,0.0000%,0,
Contact STARLINK-5555 - STARLINK-5609,5400.000,0.000,100.0000%,1,
Contact STARLINK-5555 - STARLINK-3855,0.000,5400.000,0.0000%,0,
Contact STARLINK-5555 - STARLINK-4030,0.000,5400.000,0.0000%,0,
Contact STARLINK-5555 - STARLINK-5416,1067.024,4332.976,19.7597%,1,
Contact STARLINK-5555 - STARLINK-5067,0.000,5400.000,0.0000%,0,
Contact STARLINK-5555 - STARLINK-1692,0.000,5400.000,0.0000%,0,
Contact STARLINK-5555 - STARLINK-3897,0.000,5400.000,0.0000%,0,
Contact STARLINK-5555 - STARLINK-6046,0.000,5400.000,0.0000%,0,
Contact STARLINK-5555 - STARLINK-4070,0.000,5400.000,0.0000%,0,
Contact STARLINK-5555 - STARLINK-31082,1047.417,4352.583,19.3966%,1,
Contact STARLINK-5555 - STARLINK-5951,3855.463,1544.537,71.3975%,1,
Contact STARLINK-5555 - STARLINK-4328,0.000,5400.000,0.0000%,0,
Contact STARLINK-5555 - STARLINK-1423,0.000,5400.000,0.0000%,0,
Contact STARLINK-5555 - STARLINK-2153,0.000,5400.000,0.0000%,0,
Contact STARLINK-5555 - STARLINK-3080,799.831,4600.169,14.8117%,1,
Contact STARLINK-5555 - STARLINK-5858,0.000,5400.000,0.0000%,0,
Contact STARLINK-5555 - STARLINK-31195,0.000,5400.000,0.0000%,0,
Contact STARLINK-5555 - STARLINK-5018,1090.504,4309.496,20.1945%,1,
Contact STARLINK-5555 - STARLINK-4776,5400.000,0.000,100.0000%,1,
Contact STARLINK-5555 - STARLINK-5686,0.000,5400.000,0.0000%,0,
Contact STARLINK-5555 - STARLINK-31122,723.022,4676.978,13.3893%,1,
Contact STARLINK-5555 - STARLINK-11130 [DTC],5400.000,0.000,100.0000%,1,
Contact STARLINK-5555 - STARLINK-32043,0.000,5400.000,0.0000%,0,
Contact STARLINK-5555 - STARLINK-1136,0.000,5400.000,0.0000%,0,
Contact STARLINK-5555 - STARLINK-31006,0.000,5400.000,0.0000%,0,
Contact STARLINK-5555 - STARLINK-4429,0.000,5400.000,0.0000%,0,
Contact STARLINK-5555 - STARLINK-4257,0.000,5400.000,0.0000%,0,
Contact STARLINK-5555 - STARLINK-5338,0.000,5400.000,0.0000%,0,
Contact STARLINK-5555 - STARLINK-1572,0.000,5400.000,0.0000%,0,
Contact STARLINK-5555 - STARLINK-32097,0.000,5400.000,0.0000%,0,
Contact STARLINK-5555 - STARLINK-2704,0.000,5400.000,0.0000%,0,
Contact STARLINK-5555 - STARLINK-3750,0.000,5400.000,0.0000%,0,
Contact STARLINK-5555 - STARLINK-6363,0.000,5400.000,0.0000%,0,
Contact STARLINK-5555 - STARLINK-1605,0.000,5400.000,0.0000%,0,
Contact STARLINK-5555 - STARLINK-2068,4487.550,912.450,83.1028%,2,
Contact STARLINK-5555 - STARLINK-30925,0.000,5400.000,0.0000%,0,
Contact STARLINK-5555 - STARLINK-4494,0.000,5400.000,0.0000%,0,
Contact STARLINK-5555 - STARLINK-2499,4994.585,405.415,92.4923%,2,
Contact STARLINK-5555 - STARLINK-3634,0.000,5400.000,0.0000%,0,
Contact STARLINK-5555 - STARLINK-3768,0.000,5400.000,0.0000%,0,
Contact STARLINK-5555 - STARLINK-30904,0.000,5400.000,0.0000%,0,
Contact STARLINK-5555 - MoonARTEMIS1,3245.523,2154.477,60.1023%,2,
Contact STARLINK-5555 - MoonARTEMIS2,3246.553,2153.447,60.1214%,2,
Contact STARLINK-5555 - MoonIOAGEO,3250.860,2149.140,60.2011%,2,
Contact STARLINK-5555 - MoonIOAGNO,3246.595,2153.405,60.1221%,2,
Contact STARLINK-5555 - MoonIOAGNO 0001,3245.376,2154.624,60.0996%,2,
Contact STARLINK-5555 - MoonIOAGSO,3250.947,2149.053,60.2027%,2,
Contact STARLINK-5555 - MoonIOAGSO 0001,3247.424,2152.576,60.1375%,2,
Contact STARLINK-5555 - MoonLRO,2752.770,2647.230,50.9772%,1,
Contact STARLINK-5555 - MarsSat1,3541.768,1858.232,65.5883%,1,
Contact STARLINK-5555 - MarsSat2,3541.803,1858.197,65.5889%,1,
Contact STARLINK-5555 - MarsSat3,3541.714,1858.286,65.5873%,1,
Contact STARLINK-5555 - MarsSat4,3541.726,1858.274,65.5875%,1,
Contact STARLINK-11225 [DTC] - STARLINK-1682,0.000,5400.000,0.0000%,0,
Contact STARLINK-11225 [DTC] - STARLINK-2436,0.000,5400.000,0.0000%,0,
Contact STARLINK-11225 [DTC] - STARLINK-30752,0.000,5400.000,0.0000%,0,
Contact STARLINK-11225 [DTC] - STARLINK-3869,0.000,5400.000,0.0000%,0,
Contact STARLINK-11225 [DTC] - STARLINK-2128,0.000,5400.000,0.0000%,0,
Contact STARLINK-11225 [DTC] - STARLINK-2214,0.000,5400.000,0.0000%,0,
Contact STARLINK-11225 [DTC] - STARLINK-4676,0.000,5400.000,0.0000%,0,
Contact STARLINK-11225 [DTC] - STARLINK-5777,586.531,4813.469,10.8617%,1,
Contact STARLINK-11225 [DTC] - STARLINK-30362,0.000,5400.000,0.0000%,0,
Contact STARLINK-11225 [DTC] - STARLINK-4679,0.000,5400.000,0.0000%,0,
Contact STARLINK-11225 [DTC] - STARLINK-4565,0.000,5400.000,0.0000%,0,
Contact STARLINK-11225 [DTC] - STARLINK-31895,800.219,4599.781,14.8189%,1,
Contact STARLINK-11225 [DTC] - STARLINK-3316,0.000,5400.000,0.0000%,0,
Contact STARLINK-11225 [DTC] - STARLINK-30480,0.000,5400.000,0.0000%,0,
Contact STARLINK-11225 [DTC] - STARLINK-5484,679.069,4720.931,12.5753%,2,
Contact STARLINK-11225 [DTC] - STARLINK-4419,0.000,5400.000,0.0000%,0,
Contact STARLINK-11225 [DTC] - STARLINK-30154,0.000,5400.000,0.0000%,0,
Contact STARLINK-11225 [DTC] - STARLINK-3770,0.000,5400.000,0.0000%,0,
Contact STARLINK-11225 [DTC] - STARLINK-30565,0.000,5400.000,0.0000%,0,
Contact STARLINK-11225 [DTC] - STARLINK-30248,0.000,5400.000,0.0000%,0,
Contact STARLINK-11225 [DTC] - STARLINK-5954,0.000,5400.000,0.0000%,0,
Contact STARLINK-11225 [DTC] - STARLINK-5609,0.000,5400.000,0.0000%,0,
Contact STARLINK-11225 [DTC] - STARLINK-3855,0.000,5400.000,0.0000%,0,
Contact STARLINK-11225 [DTC] - STARLINK-4030,996.265,4403.735,18.4494%,1,
Contact STARLINK-11225 [DTC] - STARLINK-5416,0.000,5400.000,0.0000%,0,
Contact STARLINK-11225 [DTC] - STARLINK-5067,579.370,4820.630,10.7291%,2,
Contact STARLINK-11225 [DTC] - STARLINK-1692,0.000,5400.000,0.0000%,0,
Contact STARLINK-11225 [DTC] - STARLINK-3897,0.000,5400.000,0.0000%,0,
Contact STARLINK-11225 [DTC] - STARLINK-6046,0.000,5400.000,0.0000%,0,
Contact STARLINK-11225 [DTC] - STARLINK-4070,0.000,5400.000,0.0000%,0,
Contact STARLINK-11225 [DTC] - STARLINK-31082,0.000,5400.000,0.0000%,0,
Contact STARLINK-11225 [DTC] - STARLINK-5951,0.000,5400.000,0.0000%,0,
Contact STARLINK-11225 [DTC] - STARLINK-4328,0.000,5400.000,0.0000%,0,
Contact STARLINK-11225 [DTC] - STARLINK-1423,0.000,5400.000,0.0000%,0,
Contact STARLINK-11225 [DTC] - STARLINK-2153,764.282,4635.718,14.1534%,2,
Contact STARLINK-11225 [DTC] - STARLINK-3080,0.000,5400.000,0.0000%,0,
Contact STARLINK-11225 [DTC] - STARLINK-5858,511.643,4888.357,9.4749%,1,
Contact STARLINK-11225 [DTC] - STARLINK-31195,5400.000,0.000,100.0000%,1,
Contact STARLINK-11225 [DTC] - STARLINK-5018,0.000,5400.000,0.0000%,0,
Contact STARLINK-11225 [DTC] - STARLINK-4776,0.000,5400.000,0.0000%,0,
Contact STARLINK-11225 [DTC] - STARLINK-5686,0.000,5400.000,0.0000%,0,
Contact STARLINK-11225 [DTC] - STARLINK-31122,0.000,5400.000,0.0000%,0,
Contact STARLINK-11225 [DTC] - STARLINK-11130 [DTC],0.000,5400.000,0.0000%,0,
Contact STARLINK-11225 [DTC] - STARLINK-32043,0.000,5400.000,0.0000%,0,
Contact STARLINK-11225 [DTC] - STARLINK-1136,0.000,5400.000,0.0000%,0,
Contact STARLINK-11225 [DTC] - STARLINK-31006,0.000,5400.000,0.0000%,0,
Contact STARLINK-11225 [DTC] - STARLINK-4429,0.000,5400.000,0.0000%,0,
Contact STARLINK-11225 [DTC] - STARLINK-4257,0.000,5400.000,0.0000%,0,
Contact STARLINK-11225 [DTC] - STARLINK-5338,3779.302,1620.698,69.9871%,1,
Contact STARLINK-11225 [DTC] - STARLINK-1572,5400.000,0.000,100.0000%,1,
Contact STARLINK-11225 [DTC] - STARLINK-32097,0.000,5400.000,0.0000%,0,
Contact STARLINK-11225 [DTC] - STARLINK-2704,0.000,5400.000,0.0000%,0,
Contact STARLINK-11225 [DTC] - STARLINK-3750,5400.000,0.000,100.0000%,1,
Contact STARLINK-11225 [DTC] - STARLINK-6363,0.000,5400.000,0.0000%,0,
Contact STARLINK-11225 [DTC] - STARLINK-1605,0.000,5400.000,0.0000%,0,
Contact STARLINK-11225 [DTC] - STARLINK-2068,883.089,4516.911,16.3535%,1,
Contact STARLINK-11225 [DTC] - STARLINK-30925,0.000,5400.000,0.0000%,0,
Contact STARLINK-11225 [DTC] - STARLINK-4494,0.000,5400.000,0.0000%,0,
Contact STARLINK-11225 [DTC] - STARLINK-2499,0.000,5400.000,0.0000%,0,
Contact STARLINK-11225 [DTC] - STARLINK-3634,0.000,5400.000,0.0000%,0,
Contact STARLINK-11225 [DTC] - STARLINK-3768,5400.000,0.000,100.0000%,1,
Contact STARLINK-11225 [DTC] - STARLINK-30904,0.000,5400.000,0.0000%,0,
Contact STARLINK-11225 [DTC] - MoonARTEMIS1,0.000,5400.000,0.0000%,0,
Contact STARLINK-11225 [DTC] - MoonARTEMIS2,0.000,5400.000,0.0000%,0,
Contact STARLINK-11225 [DTC] - MoonIOAGEO,0.000,5400.000,0.0000%,0,
Contact STARLINK-11225 [DTC] - MoonIOAGNO,0.000,5400.000,0.0000%,0,
Contact STARLINK-11225 [DTC] - MoonIOAGNO 0001,0.000,5400.000,0.0000%,0,
Contact STARLINK-11225 [DTC] - MoonIOAGSO,0.000,5400.000,0.0000%,0,
Contact STARLINK-11225 [DTC] - MoonIOAGSO 0001,3255.242,2144.758,60.2823%,1,
Contact STARLINK-11225 [DTC] - MoonLRO,0.000,5400.000,0.0000%,0,
Contact STARLINK-11225 [DTC] - MarsSat1,5400.000,0.000,100.0000%,1,
Contact STARLINK-11225 [DTC] - MarsSat2,5400.000,0.000,100.0000%,1,
Contact STARLINK-11225 [DTC] - MarsSat3,5400.000,0.000,100.0000%,1,
Contact STARLINK-11225 [DTC] - MarsSat4,5400.000,0.000,100.0000%,1,
Contact STARLINK-1682 - STARLINK-2436,5400.000,0.000,100.0000%,1,
Contact STARLINK-1682 - STARLINK-30752,0.000,5400.000,0.0000%,0,
Contact STARLINK-1682 - STARLINK-3869,5400.000,0.000,100.0000%,1,
Contact STARLINK-1682 - STARLINK-2128,659.742,4740.258,12.2174%,1,
Contact STARLINK-1682 - STARLINK-2214,5400.000,0.000,100.0000%,1,
Contact STARLINK-1682 - STARLINK-4676,0.000,5400.000,0.0000%,0,
Contact STARLINK-1682 - STARLINK-5777,0.000,5400.000,0.0000%,0,
Contact STARLINK-1682 - STARLINK-30362,0.000,5400.000,0.0000%,0,
Contact STARLINK-1682 - STARLINK-4679,0.000,5400.000,0.0000%,0,
Contact STARLINK-1682 - STARLINK-4565,3879.538,1520.462,71.8433%,2,
Contact STARLINK-1682 - STARLINK-31895,0.000,5400.000,0.0000%,0,
Contact STARLINK-1682 - STARLINK-3316,0.000,5400.000,0.0000%,0,
Contact STARLINK-1682 - STARLINK-30480,0.000,5400.000,0.0000%,0,
Contact STARLINK-1682 - STARLINK-5484,809.999,4590.001,15.0000%,1,
Contact STARLINK-1682 - STARLINK-4419,0.000,5400.000,0.0000%,0,
Contact STARLINK-1682 - STARLINK-30154,0.000,5400.000,0.0000%,0,
Contact STARLINK-1682 - STARLINK-3770,0.000,5400.000,0.0000%,0,
Contact STARLINK-1682 - STARLINK-30565,0.000,5400.000,0.0000%,0,
Contact STARLINK-1682 - STARLINK-30248,0.000,5400.000,0.0000%,0,
Contact STARLINK-1682 - STARLINK-5954,447.519,4952.481,8.2874%,2,
Contact STARLINK-1682 - STARLINK-5609,0.000,5400.000,0.0000%,0,
Contact STARLINK-1682 - STARLINK-3855,817.954,4582.046,15.1473%,2,
Contact STARLINK-1682 - STARLINK-4030,0.000,5400.000,0.0000%,0,
Contact STARLINK-1682 - STARLINK-5416,0.000,5400.000,0.0000%,0,
Contact STARLINK-1682 - STARLINK-5067,877.211,4522.789,16.2446%,1,
Contact STARLINK-1682 - STARLINK-1692,0.000,5400.000,0.0000%,0,
Contact STARLINK-1682 - STARLINK-3897,0.000,5400.000,0.0000%,0,
Contact STARLINK-1682 - STARLINK-6046,3747.158,1652.842,69.3918%,1,
Contact STARLINK-1682 - STARLINK-4070,0.000,5400.000,0.0000%,0,
Contact STARLINK-1682 - STARLINK-31082,0.000,5400.000,0.0000%,0,
Contact STARLINK-1682 - STARLINK-5951,0.000,5400.000,0.0000%,0,
Contact STARLINK-1682 - STARLINK-4328,1314.071,4085.929,24.3346%,1,
Contact STARLINK-1682 - STARLINK-1423,614.831,4785.169,11.3858%,2,
Contact STARLINK-1682 - STARLINK-2153,784.560,4615.440,14.5289%,1,
Contact STARLINK-1682 - STARLINK-3080,0.000,5400.000,0.0000%,0,
Contact STARLINK-1682 - STARLINK-5858,0.000,5400.000,0.0000%,0,
Contact STARLINK-1682 - STARLINK-31195,0.000,5400.000,0.0000%,0,
Contact STARLINK-1682 - STARLINK-5018,0.000,5400.000,0.0000%,0,
Contact STARLINK-1682 - STARLINK-4776,0.000,5400.000,0.0000%,0,
Contact STARLINK-1682 - STARLINK-5686,0.000,5400.000,0.0000%,0,
Contact STARLINK-1682 - STARLINK-31122,0.000,5400.000,0.0000%,0,
Contact STARLINK-1682 - STARLINK-11130 [DTC],0.000,5400.000,0.0000%,0,
Contact STARLINK-1682 - STARLINK-32043,931.293,4468.707,17.2462%,1,
Contact STARLINK-1682 - STARLINK-1136,649.317,4750.683,12.0244%,1,
Contact STARLINK-1682 - STARLINK-31006,0.000,5400.000,0.0000%,0,
Contact STARLINK-1682 - STARLINK-4429,0.000,5400.000,0.0000%,0,
Contact STARLINK-1682 - STARLINK-4257,0.000,5400.000,0.0000%,0,
Contact STARLINK-1682 - STARLINK-5338,0.000,5400.000,0.0000%,0,
Contact STARLINK-1682 - STARLINK-1572,0.000,5400.000,0.0000%,0,
Contact STARLINK-1682 - STARLINK-32097,0.000,5400.000,0.0000%,0,
Contact STARLINK-1682 - STARLINK-2704,0.000,5400.000,0.0000%,0,
Contact STARLINK-1682 - STARLINK-3750,0.000,5400.000,0.0000%,0,
Contact STARLINK-1682 - STARLINK-6363,0.000,5400.000,0.0000%,0,
Contact STARLINK-1682 - STARLINK-1605,922.437,4477.563,17.0822%,1,
Contact STARLINK-1682 - STARLINK-2068,0.000,5400.000,0.0000%,0,
Contact STARLINK-1682 - STARLINK-30925,0.000,5400.000,0.0000%,0,
Contact STARLINK-1682 - STARLINK-4494,726.751,4673.249,13.4584%,2,
Contact STARLINK-1682 - STARLINK-2499,0.000,5400.000,0.0000%,0,
Contact STARLINK-1682 - STARLINK-3634,0.000,5400.000,0.0000%,0,
Contact STARLINK-1682 - STARLINK-3768,0.000,5400.000,0.0000%,0,
Contact STARLINK-1682 - STARLINK-30904,0.000,5400.000,0.0000%,0,
Contact STARLINK-1682 - MoonARTEMIS1,3684.864,1715.136,68.2382%,1,
Contact STARLINK-1682 - MoonARTEMIS2,3696.031,1703.969,68.4450%,1,
Contact STARLINK-1682 - MoonIOAGEO,3676.578,1723.422,68.0848%,1,
Contact STARLINK-1682 - MoonIOAGNO,3682.210,1717.790,68.1891%,1,
Contact STARLINK-1682 - MoonIOAGNO 0001,3689.519,1710.481,68.3244%,1,
Contact STARLINK-1682 - MoonIOAGSO,3679.637,1720.363,68.1414%,1,
Contact STARLINK-1682 - MoonIOAGSO 0001,3677.837,1722.163,68.1081%,1,
Contact STARLINK-1682 - MoonLRO,2398.176,3001.824,44.4107%,1,
Contact STARLINK-1682 - MarsSat1,3569.195,1830.805,66.0962%,2,
Contact STARLINK-1682 - MarsSat2,3569.249,1830.751,66.0972%,2,
Contact STARLINK-1682 - MarsSat3,3569.119,1830.881,66.0948%,2,
Contact STARLINK-1682 - MarsSat4,3569.157,1830.843,66.0955%,2,
Contact STARLINK-2436 - STARLINK-30752,0.000,5400.000,0.0000%,0,
Contact STARLINK-2436 - STARLINK-3869,5400.000,0.000,100.0000%,1,
Contact STARLINK-2436 - STARLINK-2128,639.832,4760.168,11.8487%,2,
Contact STARLINK-2436 - STARLINK-2214,5400.000,0.000,100.0000%,1,
Contact STARLINK-2436 - STARLINK-4676,0.000,5400.000,0.0000%,0,
Contact STARLINK-2436 - STARLINK-5777,0.000,5400.000,0.0000%,0,
Contact STARLINK-2436 - STARLINK-30362,0.000,5400.000,0.0000%,0,
Contact STARLINK-2436 - STARLINK-4679,0.000,5400.000,0.0000%,0,
Contact STARLINK-2436 - STARLINK-4565,879.743,4520.257,16.2915%,2,
Contact STARLINK-2436 - STARLINK-31895,0.000,5400.000,0.0000%,0,
Contact STARLINK-2436 - STARLINK-3316,0.000,5400.000,0.0000%,0,
Contact STARLINK-2436 - STARLINK-30480,0.000,5400.000,0.0000%,0,
Contact STARLINK-2436 - STARLINK-5484,837.203,4562.797,15.5038%,1,
Contact STARLINK-2436 - STARLINK-4419,571.819,4828.181,10.5892%,1,
Contact STARLINK-2436 - STARLINK-30154,0.000,5400.000,0.0000%,0,
Contact STARLINK-2436 - STARLINK-3770,0.000,5400.000,0.0000%,0,
Contact STARLINK-2436 - STARLINK-30565,0.000,5400.000,0.0000%,0,
Contact STARLINK-2436 - STARLINK-30248,0.000,5400.000,0.0000%,0,
Contact STARLINK-2436 - STARLINK-5954,427.695,4972.305,7.9203%,2,
Contact STARLINK-2436 - STARLINK-5609,0.000,5400.000,0.0000%,0,
Contact STARLINK-2436 - STARLINK-3855,789.359,4610.641,14.6178%,2,
Contact STARLINK-2436 - STARLINK-4030,0.000,5400.000,0.0000%,0,
Contact STARLINK-2436 - STARLINK-5416,0.000,5400.000,0.0000%,0,
Contact STARLINK-2436 - STARLINK-5067,913.821,4486.179,16.9226%,1,
Contact STARLINK-2436 - STARLINK-1692,0.000,5400.000,0.0000%,0,
Contact STARLINK-2436 - STARLINK-3897,0.000,5400.000,0.0000%,0,
Contact STARLINK-2436 - STARLINK-6046,3965.396,1434.604,73.4333%,1,
Contact STARLINK-2436 - STARLINK-4070,0.000,5400.000,0.0000%,0,
Contact STARLINK-2436 - STARLINK-31082,0.000,5400.000,0.0000%,0,
Contact STARLINK-2436 - STARLINK-5951,0.000,5400.000,0.0000%,0,
Contact STARLINK-2436 - STARLINK-4328,1298.180,4101.820,24.0404%,1,
Contact STARLINK-2436 - STARLINK-1423,615.511,4784.489,11.3984%,2,
Contact STARLINK-2436 - STARLINK-2153,0.000,5400.000,0.0000%,0,
Contact STARLINK-2436 - STARLINK-3080,0.000,5400.000,0.0000%,0,
Contact STARLINK-2436 - STARLINK-5858,0.000,5400.000,0.0000%,0,
Contact STARLINK-2436 - STARLINK-31195,0.000,5400.000,0.0000%,0,
Contact STARLINK-2436 - STARLINK-5018,0.000,5400.000,0.0000%,0,
Contact STARLINK-2436 - STARLINK-4776,0.000,5400.000,0.0000%,0,
Contact STARLINK-2436 - STARLINK-5686,0.000,5400.000,0.0000%,0,
Contact STARLINK-2436 - STARLINK-31122,0.000,5400.000,0.0000%,0,
Contact STARLINK-2436 - STARLINK-11130 [DTC],0.000,5400.000,0.0000%,0,
Contact STARLINK-2436 - STARLINK-32043,1018.131,4381.869,18.8543%,1,
Contact STARLINK-2436 - STARLINK-1136,800.266,4599.734,14.8197%,1,
Contact STARLINK-2436 - STARLINK-31006,0.000,5400.000,0.0000%,0,
Contact STARLINK-2436 - STARLINK-4429,0.000,5400.000,0.0000%,0,
Contact STARLINK-2436 - STARLINK-4257,0.000,5400.000,0.0000%,0,
Contact STARLINK-2436 - STARLINK-5338,0.000,5400.000,0.0000%,0,
Contact STARLINK-2436 - STARLINK-1572,0.000,5400.000,0.0000%,0,
Contact STARLINK-2436 - STARLINK-32097,0.000,5400.000,0.0000%,0,
Contact STARLINK-2436 - STARLINK-2704,0.000,5400.000,0.0000%,0,
Contact STARLINK-2436 - STARLINK-3750,0.000,5400.000,0.0000%,0,
Contact STARLINK-2436 - STARLINK-6363,0.000,5400.000,0.0000%,0,
Contact STARLINK-2436 - STARLINK-1605,1076.452,4323.548,19.9343%,1,
Contact STARLINK-2436 - STARLINK-2068,0.000,5400.000,0.0000%,0,
Contact STARLINK-2436 - STARLINK-30925,0.000,5400.000,0.0000%,0,
Contact STARLINK-2436 - STARLINK-4494,773.713,4626.287,14.3280%,2,
Contact STARLINK-2436 - STARLINK-2499,0.000,5400.000,0.0000%,0,
Contact STARLINK-2436 - STARLINK-3634,0.000,5400.000,0.0000%,0,
Contact STARLINK-2436 - STARLINK-3768,0.000,5400.000,0.0000%,0,
Contact STARLINK-2436 - STARLINK-30904,0.000,5400.000,0.0000%,0,
Contact STARLINK-2436 - MoonARTEMIS1,3749.358,1650.642,69.4326%,1,
Contact STARLINK-2436 - MoonARTEMIS2,3763.120,1636.880,69.6874%,1,
Contact STARLINK-2436 - MoonIOAGEO,3739.889,1660.111,69.2572%,1,
Contact STARLINK-2436 - MoonIOAGNO,3747.613,1652.387,69.4002%,1,
Contact STARLINK-2436 - MoonIOAGNO 0001,3756.874,1643.126,69.5717%,1,
Contact STARLINK-2436 - MoonIOAGSO,3742.377,1657.623,69.3033%,1,
Contact STARLINK-2436 - MoonIOAGSO 0001,3740.531,1659.469,69.2691%,1,
Contact STARLINK-2436 - MoonLRO,2368.516,3031.484,43.8614%,1,
Contact STARLINK-2436 - MarsSat1,3629.367,1770.633,67.2105%,2,
Contact STARLINK-2436 - MarsSat2,3629.432,1770.568,67.2117%,2,
Contact STARLINK-2436 - MarsSat3,3629.273,1770.727,67.2088%,2,
Contact STARLINK-2436 - MarsSat4,3629.334,1770.666,67.2099%,2,
Contact STARLINK-30752 - STARLINK-3869,0.000,5400.000,0.0000%,0,
Contact STARLINK-30752 - STARLINK-2128,3678.792,1721.208,68.1258%,1,
Contact STARLINK-30752 - STARLINK-2214,0.000,5400.000,0.0000%,0,
Contact STARLINK-30752 - STARLINK-4676,0.000,5400.000,0.0000%,0,
Contact STARLINK-30752 - STARLINK-5777,375.592,5024.408,6.9554%,1,
Contact STARLINK-30752 - STARLINK-30362,0.000,5400.000,0.0000%,0,
Contact STARLINK-30752 - STARLINK-4679,0.000,5400.000,0.0000%,0,
Contact STARLINK-30752 - STARLINK-4565,0.000,5400.000,0.0000%,0,
Contact STARLINK-30752 - STARLINK-31895,0.000,5400.000,0.0000%,0,
Contact STARLINK-30752 - STARLINK-3316,0.000,5400.000,0.0000%,0,
Contact STARLINK-30752 - STARLINK-30480,5400.000,0.000,100.0000%,1,
Contact STARLINK-30752 - STARLINK-5484,0.000,5400.000,0.0000%,0,
Contact STARLINK-30752 - STARLINK-4419,0.000,5400.000,0.0000%,0,
Contact STARLINK-30752 - STARLINK-30154,0.000,5400.000,0.0000%,0,
Contact STARLINK-30752 - STARLINK-3770,0.000,5400.000,0.0000%,0,
Contact STARLINK-30752 - STARLINK-30565,0.000,5400.000,0.0000%,0,
Contact STARLINK-30752 - STARLINK-30248,617.769,4782.231,11.4402%,1,
Contact STARLINK-30752 - STARLINK-5954,0.000,5400.000,0.0000%,0,
Contact STARLINK-30752 - STARLINK-5609,0.000,5400.000,0.0000%,0,
Contact STARLINK-30752 - STARLINK-3855,883.095,4516.905,16.3536%,1,
Contact STARLINK-30752 - STARLINK-4030,0.000,5400.000,0.0000%,0,
Contact STARLINK-30752 - STARLINK-5416,0.000,5400.000,0.0000%,0,
Contact STARLINK-30752 - STARLINK-5067,0.000,5400.000,0.0000%,0,
Contact STARLINK-30752 - STARLINK-1692,4936.394,463.606,91.4147%,1,
Contact STARLINK-30752 - STARLINK-3897,0.000,5400.000,0.0000%,0,
Contact STARLINK-30752 - STARLINK-6046,933.141,4466.859,17.2804%,1,
Contact STARLINK-30752 - STARLINK-4070,0.000,5400.000,0.0000%,0,
Contact STARLINK-30752 - STARLINK-31082,0.000,5400.000,0.0000%,0,
Contact STARLINK-30752 - STARLINK-5951,0.000,5400.000,0.0000%,0,
Contact STARLINK-30752 - STARLINK-4328,0.000,5400.000,0.0000%,0,
Contact STARLINK-30752 - STARLINK-1423,859.341,4540.659,15.9137%,1,
Contact STARLINK-30752 - STARLINK-2153,0.000,5400.000,0.0000%,0,
Contact STARLINK-30752 - STARLINK-3080,0.000,5400.000,0.0000%,0,
Contact STARLINK-30752 - STARLINK-5858,497.372,4902.628,9.2106%,1,
Contact STARLINK-30752 - STARLINK-31195,0.000,5400.000,0.0000%,0,
Contact STARLINK-30752 - STARLINK-5018,0.000,5400.000,0.0000%,0,
Contact STARLINK-30752 - STARLINK-4776,0.000,5400.000,0.0000%,0,
Contact STARLINK-30752 - STARLINK-5686,0.000,5400.000,0.0000%,0,
Contact STARLINK-30752 - STARLINK-31122,0.000,5400.000,0.0000%,0,
Contact STARLINK-30752 - STARLINK-11130 [DTC],0.000,5400.000,0.0000%,0,
Contact STARLINK-30752 - STARLINK-32043,0.000,5400.000,0.0000%,0,
Contact STARLINK-30752 - STARLINK-1136,5400.000,0.000,100.0000%,1,
Contact STARLINK-30752 - STARLINK-31006,5400.000,0.000,100.0000%,1,
Contact STARLINK-30752 - STARLINK-4429,0.000,5400.000,0.0000%,0,
Contact STARLINK-30752 - STARLINK-4257,0.000,5400.000,0.0000%,0,
Contact STARLINK-30752 - STARLINK-5338,0.000,5400.000,0.0000%,0,
Contact STARLINK-30752 - STARLINK-1572,0.000,5400.000,0.0000%,0,
Contact STARLINK-30752 - STARLINK-32097,388.517,5011.483,7.1948%,2,
Contact STARLINK-30752 - STARLINK-2704,0.000,5400.000,0.0000%,0,
Contact STARLINK-30752 - STARLINK-3750,0.000,5400.000,0.0000%,0,
Contact STARLINK-30752 - STARLINK-6363,0.000,5400.000,0.0000%,0,
Contact STARLINK-30752 - STARLINK-1605,5400.000,0.000,100.0000%,1,
Contact STARLINK-30752 - STARLINK-2068,0.000,5400.000,0.0000%,0,
Contact STARLINK-30752 - STARLINK-30925,0.000,5400.000,0.0000%,0,
Contact STARLINK-30752 - STARLINK-4494,916.690,4483.310,16.9757%,1,
Contact STARLINK-30752 - STARLINK-2499,0.000,5400.000,0.0000%,0,
Contact STARLINK-30752 - STARLINK-3634,0.000,5400.000,0.0000%,0,
Contact STARLINK-30752 - STARLINK-3768,0.000,5400.000,0.0000%,0,
Contact STARLINK-30752 - STARLINK-30904,610.001,4789.999,11.2963%,2,
Contact STARLINK-30752 - MoonARTEMIS1,5400.000,0.000,100.0000%,1,
Contact STARLINK-30752 - MoonARTEMIS2,5400.000,0.000,100.0000%,1,
Contact STARLINK-30752 - MoonIOAGEO,5400.000,0.000,100.0000%,1,
Contact STARLINK-30752 - MoonIOAGNO,5400.000,0.000,100.0000%,1,
Contact STARLINK-30752 - MoonIOAGNO 0001,5400.000,0.000,100.0000%,1,
Contact STARLINK-30752 - MoonIOAGSO,5400.000,0.000,100.0000%,1,
Contact STARLINK-30752 - MoonIOAGSO 0001,5400.000,0.000,100.0000%,1,
Contact STARLINK-30752 - MoonLRO,3887.140,1512.860,71.9841%,1,
Contact STARLINK-30752 - MarsSat1,3356.098,2043.902,62.1500%,2,
Contact STARLINK-30752 - MarsSat2,3356.112,2043.888,62.1502%,2,
Contact STARLINK-30752 - MarsSat3,3356.079,2043.921,62.1496%,2,
Contact STARLINK-30752 - MarsSat4,3356.104,2043.896,62.1501%,2,
Contact STARLINK-3869 - STARLINK-2128,781.388,4618.612,14.4701%,1,
Contact STARLINK-3869 - STARLINK-2214,5400.000,0.000,100.0000%,1,
Contact STARLINK-3869 - STARLINK-4676,0.000,5400.000,0.0000%,0,
Contact STARLINK-3869 - STARLINK-5777,0.000,5400.000,0.0000%,0,
Contact STARLINK-3869 - STARLINK-30362,0.000,5400.000,0.0000%,0,
Contact STARLINK-3869 - STARLINK-4679,319.889,5080.111,5.9239%,1,
Contact STARLINK-3869 - STARLINK-4565,4083.479,1316.521,75.6200%,2,
Contact STARLINK-3869 - STARLINK-31895,0.000,5400.000,0.0000%,0,
Contact STARLINK-3869 - STARLINK-3316,0.000,5400.000,0.0000%,0,
Contact STARLINK-3869 - STARLINK-30480,0.000,5400.000,0.0000%,0,
Contact STARLINK-3869 - STARLINK-5484,794.974,4605.026,14.7217%,1,
Contact STARLINK-3869 - STARLINK-4419,0.000,5400.000,0.0000%,0,
Contact STARLINK-3869 - STARLINK-30154,0.000,5400.000,0.0000%,0,
Contact STARLINK-3869 - STARLINK-3770,0.000,5400.000,0.0000%,0,
Contact STARLINK-3869 - STARLINK-30565,0.000,5400.000,0.0000%,0,
Contact STARLINK-3869 - STARLINK-30248,0.000,5400.000,0.0000%,0,
Contact STARLINK-3869 - STARLINK-5954,489.057,4910.943,9.0566%,1,
Contact STARLINK-3869 - STARLINK-5609,0.000,5400.000,0.0000%,0,
Contact STARLINK-3869 - STARLINK-3855,3723.553,1676.447,68.9547%,2,
Contact STARLINK-3869 - STARLINK-4030,0.000,5400.000,0.0000%,0,
Contact STARLINK-3869 - STARLINK-5416,0.000,5400.000,0.0000%,0,
Contact STARLINK-3869 - STARLINK-5067,863.203,4536.797,15.9852%,1,
Contact STARLINK-3869 - STARLINK-1692,0.000,5400.000,0.0000%,0,
Contact STARLINK-3869 - STARLINK-3897,0.000,5400.000,0.0000%,0,
Contact STARLINK-3869 - STARLINK-6046,0.000,5400.000,0.0000%,0,
Contact STARLINK-3869 - STARLINK-4070,0.000,5400.000,0.0000%,0,
Contact STARLINK-3869 - STARLINK-31082,0.000,5400.000,0.0000%,0,
Contact STARLINK-3869 - STARLINK-5951,0.000,5400.000,0.0000%,0,
Contact STARLINK-3869 - STARLINK-4328,1254.063,4145.937,23.2234%,1,
Contact STARLINK-3869 - STARLINK-1423,679.242,4720.758,12.5785%,1,
Contact STARLINK-3869 - STARLINK-2153,769.333,4630.667,14.2469%,1,
Contact STARLINK-3869 - STARLINK-3080,0.000,5400.000,0.0000%,0,
Contact STARLINK-3869 - STARLINK-5858,0.000,5400.000,0.0000%,0,
Contact STARLINK-3869 - STARLINK-31195,0.000,5400.000,0.0000%,0,
Contact STARLINK-3869 - STARLINK-5018,0.000,5400.000,0.0000%,0,
Contact STARLINK-3869 - STARLINK-4776,0.000,5400.000,0.0000%,0,
Contact STARLINK-3869 - STARLINK-5686,0.000,5400.000,0.0000%,0,
Contact STARLINK-3869 - STARLINK-31122,0.000,5400.000,0.0000%,0,
Contact STARLINK-3869 - STARLINK-11130 [DTC],0.000,5400.000,0.0000%,0,
Contact STARLINK-3869 - STARLINK-32043,896.201,4503.799,16.5963%,1,
Contact STARLINK-3869 - STARLINK-1136,626.198,4773.802,11.5963%,1,
Contact STARLINK-3869 - STARLINK-31006,0.000,5400.000,0.0000%,0,
Contact STARLINK-3869 - STARLINK-4429,0.000,5400.000,0.0000%,0,
Contact STARLINK-3869 - STARLINK-4257,0.000,5400.000,0.0000%,0,
Contact STARLINK-3869 - STARLINK-5338,0.000,5400.000,0.0000%,0,
Contact STARLINK-3869 - STARLINK-1572,0.000,5400.000,0.0000%,0,
Contact STARLINK-3869 - STARLINK-32097,0.000,5400.000,0.0000%,0,
Contact STARLINK-3869 - STARLINK-2704,0.000,5400.000,0.0000%,0,
Contact STARLINK-3869 - STARLINK-3750,0.000,5400.000,0.0000%,0,
Contact STARLINK-3869 - STARLINK-6363,694.192,4705.808,12.8554%,2,
Contact STARLINK-3869 - STARLINK-1605,857.967,4542.033,15.8883%,1,
Contact STARLINK-3869 - STARLINK-2068,0.000,5400.000,0.0000%,0,
Contact STARLINK-3869 - STARLINK-30925,0.000,5400.000,0.0000%,0,
Contact STARLINK-3869 - STARLINK-4494,654.780,4745.220,12.1256%,2,
Contact STARLINK-3869 - STARLINK-2499,0.000,5400.000,0.0000%,0,
Contact STARLINK-3869 - STARLINK-3634,0.000,5400.000,0.0000%,0,
Contact STARLINK-3869 - STARLINK-3768,0.000,5400.000,0.0000%,0,
Contact STARLINK-3869 - STARLINK-30904,0.000,5400.000,0.0000%,0,
Contact STARLINK-3869 - MoonARTEMIS1,3680.889,1719.111,68.1646%,1,
Contact STARLINK-3869 - MoonARTEMIS2,3689.742,1710.258,68.3286%,1,
Contact STARLINK-3869 - MoonIOAGEO,3673.707,1726.293,68.0316%,1,
Contact STARLINK-3869 - MoonIOAGNO,3677.319,1722.681,68.0985%,1,
Contact STARLINK-3869 - MoonIOAGNO 0001,3683.390,1716.610,68.2109%,1,
Contact STARLINK-3869 - MoonIOAGSO,3677.396,1722.604,68.0999%,1,
Contact STARLINK-3869 - MoonIOAGSO 0001,3675.368,1724.632,68.0624%,1,
Contact STARLINK-3869 - MoonLRO,2447.513,2952.487,45.3243%,1,
Contact STARLINK-3869 - MarsSat1,3513.474,1886.526,65.0643%,2,
Contact STARLINK-3869 - MarsSat2,3513.516,1886.484,65.0651%,2,
Contact STARLINK-3869 - MarsSat3,3513.415,1886.585,65.0632%,2,
Contact STARLINK-3869 - MarsSat4,3513.435,1886.565,65.0636%,2,
Contact STARLINK-2128 - STARLINK-2214,3668.819,1731.181,67.9411%,2,
Contact STARLINK-2128 - STARLINK-4676,0.000,5400.000,0.0000%,0,
Contact STARLINK-2128 - STARLINK-5777,0.000,5400.000,0.0000%,0,
Contact STARLINK-2128 - STARLINK-30362,0.000,5400.000,0.0000%,0,
Contact STARLINK-2128 - STARLINK-4679,0.000,5400.000,0.0000%,0,
Contact STARLINK-2128 - STARLINK-4565,5400.000,0.000,100.0000%,1,
Contact STARLINK-2128 - STARLINK-31895,0.000,5400.000,0.0000%,0,
Contact STARLINK-2128 - STARLINK-3316,0.000,5400.000,0.0000%,0,
Contact STARLINK-2128 - STARLINK-30480,762.052,4637.948,14.1121%,1,
Contact STARLINK-2128 - STARLINK-5484,0.000,5400.000,0.0000%,0,
Contact STARLINK-2128 - STARLINK-4419,0.000,5400.000,0.0000%,0,
Contact STARLINK-2128 - STARLINK-30154,0.000,5400.000,0.0000%,0,
Contact STARLINK-2128 - STARLINK-3770,0.000,5400.000,0.0000%,0,
Contact STARLINK-2128 - STARLINK-30565,0.000,5400.000,0.0000%,0,
Contact STARLINK-2128 - STARLINK-30248,0.000,5400.000,0.0000%,0,
Contact STARLINK-2128 - STARLINK-5954,5400.000,0.000,100.0000%,1,
Contact STARLINK-2128 - STARLINK-5609,0.000,5400.000,0.0000%,0,
Contact STARLINK-2128 - STARLINK-3855,5400.000,0.000,100.0000%,1,
Contact STARLINK-2128 - STARLINK-4030,0.000,5400.000,0.0000%,0,
Contact STARLINK-2128 - STARLINK-5416,0.000,5400.000,0.0000%,0,
Contact STARLINK-2128 - STARLINK-5067,0.000,5400.000,0.0000%,0,
Contact STARLINK-2128 - STARLINK-1692,471.645,4928.355,8.7342%,1,
Contact STARLINK-2128 - STARLINK-3897,0.000,5400.000,0.0000%,0,
Contact STARLINK-2128 - STARLINK-6046,626.351,4773.649,11.5991%,1,
Contact STARLINK-2128 - STARLINK-4070,0.000,5400.000,0.0000%,0,
Contact STARLINK-2128 - STARLINK-31082,0.000,5400.000,0.0000%,0,
Contact STARLINK-2128 - STARLINK-5951,0.000,5400.000,0.0000%,0,
Contact STARLINK-2128 - STARLINK-4328,664.579,4735.421,12.3070%,1,
Contact STARLINK-2128 - STARLINK-1423,5400.000,0.000,100.0000%,1,
Contact STARLINK-2128 - STARLINK-2153,0.000,5400.000,0.0000%,0,
Contact STARLINK-2128 - STARLINK-3080,0.000,5400.000,0.0000%,0,
Contact STARLINK-2128 - STARLINK-5858,0.000,5400.000,0.0000%,0,
Contact STARLINK-2128 - STARLINK-31195,0.000,5400.000,0.0000%,0,
Contact STARLINK-2128 - STARLINK-5018,0.000,5400.000,0.0000%,0,
Contact STARLINK-2128 - STARLINK-4776,0.000,5400.000,0.0000%,0,
Contact STARLINK-2128 - STARLINK-5686,0.000,5400.000,0.0000%,0,
Contact STARLINK-2128 - STARLINK-31122,0.000,5400.000,0.0000%,0,
Contact STARLINK-2128 - STARLINK-11130 [DTC],0.000,5400.000,0.0000%,0,
Contact STARLINK-2128 - STARLINK-32043,0.000,5400.000,0.0000%,0,
Contact STARLINK-2128 - STARLINK-1136,487.175,4912.825,9.0218%,1,
Contact STARLINK-2128 - STARLINK-31006,872.611,4527.389,16.1595%,1,
Contact STARLINK-2128 - STARLINK-4429,0.000,5400.000,0.0000%,0,
Contact STARLINK-2128 - STARLINK-4257,0.000,5400.000,0.0000%,0,
Contact STARLINK-2128 - STARLINK-5338,0.000,5400.000,0.0000%,0,
Contact STARLINK-2128 - STARLINK-1572,0.000,5400.000,0.0000%,0,
Contact STARLINK-2128 - STARLINK-32097,0.000,5400.000,0.0000%,0,
Contact STARLINK-2128 - STARLINK-2704,0.000,5400.000,0.0000%,0,
Contact STARLINK-2128 - STARLINK-3750,0.000,5400.000,0.0000%,0,
Contact STARLINK-2128 - STARLINK-6363,0.000,5400.000,0.0000%,0,
Contact STARLINK-2128 - STARLINK-1605,0.000,5400.000,0.0000%,0,
Contact STARLINK-2128 - STARLINK-2068,0.000,5400.000,0.0000%,0,
Contact STARLINK-2128 - STARLINK-30925,5400.000,0.000,100.0000%,1,
Contact STARLINK-2128 - STARLINK-4494,5400.000,0.000,100.0000%,1,
Contact STARLINK-2128 - STARLINK-2499,0.000,5400.000,0.0000%,0,
Contact STARLINK-2128 - STARLINK-3634,0.000,5400.000,0.0000%,0,
Contact STARLINK-2128 - STARLINK-3768,0.000,5400.000,0.0000%,0,
Contact STARLINK-2128 - STARLINK-30904,4286.092,1113.908,79.3721%,1,
Contact STARLINK-2128 - MoonARTEMIS1,3699.703,1700.297,68.5130%,1,
Contact STARLINK-2128 - MoonARTEMIS2,3675.313,1724.687,68.0614%,1,
Contact STARLINK-2128 - MoonIOAGEO,3696.490,1703.510,68.4535%,1,
Contact STARLINK-2128 - MoonIOAGNO,3683.056,1716.944,68.2047%,1,
Contact STARLINK-2128 - MoonIOAGNO 0001,3666.812,1733.188,67.9039%,1,
Contact STARLINK-2128 - MoonIOAGSO,3708.600,1691.400,68.6778%,1,
Contact STARLINK-2128 - MoonIOAGSO 0001,3721.507,1678.493,68.9168%,1,
Contact STARLINK-2128 - MoonLRO,2210.516,3189.484,40.9355%,1,
Contact STARLINK-2128 - MarsSat1,3494.913,1905.087,64.7206%,2,
Contact STARLINK-2128 - MarsSat2,3494.880,1905.120,64.7200%,2,
Contact STARLINK-2128 - MarsSat3,3494.969,1905.031,64.7216%,2,
Contact STARLINK-2128 - MarsSat4,3494.955,1905.045,64.7214%,2,
Contact STARLINK-2214 - STARLINK-4676,0.000,5400.000,0.0000%,0,
Contact STARLINK-2214 - STARLINK-5777,0.000,5400.000,0.0000%,0,
Contact STARLINK-2214 - STARLINK-30362,0.000,5400.000,0.0000%,0,
Contact STARLINK-2214 - STARLINK-4679,0.000,5400.000,0.0000%,0,
Contact STARLINK-2214 - STARLINK-4565,4132.888,1267.112,76.5350%,2,
Contact STARLINK-2214 - STARLINK-31895,0.000,5400.000,0.0000%,0,
Contact STARLINK-2214 - STARLINK-3316,0.000,5400.000,0.0000%,0,
Contact STARLINK-2214 - STARLINK-30480,0.000,5400.000,0.0000%,0,
Contact STARLINK-2214 - STARLINK-5484,726.609,4673.391,13.4557%,1,
Contact STARLINK-2214 - STARLINK-4419,0.000,5400.000,0.0000%,0,
Contact STARLINK-2214 - STARLINK-30154,0.000,5400.000,0.0000%,0,
Contact STARLINK-2214 - STARLINK-3770,0.000,5400.000,0.0000%,0,
Contact STARLINK-2214 - STARLINK-30565,0.000,5400.000,0.0000%,0,
Contact STARLINK-2214 - STARLINK-30248,0.000,5400.000,0.0000%,0,
Contact STARLINK-2214 - STARLINK-5954,492.929,4907.071,9.1283%,2,
Contact STARLINK-2214 - STARLINK-5609,0.000,5400.000,0.0000%,0,
Contact STARLINK-2214 - STARLINK-3855,3908.845,1491.155,72.3860%,2,
Contact STARLINK-2214 - STARLINK-4030,0.000,5400.000,0.0000%,0,
Contact STARLINK-2214 - STARLINK-5416,0.000,5400.000,0.0000%,0,
Contact STARLINK-2214 - STARLINK-5067,824.932,4575.068,15.2765%,1,
Contact STARLINK-2214 - STARLINK-1692,0.000,5400.000,0.0000%,0,
Contact STARLINK-2214 - STARLINK-3897,0.000,5400.000,0.0000%,0,
Contact STARLINK-2214 - STARLINK-6046,3842.363,1557.637,71.1549%,1,
Contact STARLINK-2214 - STARLINK-4070,0.000,5400.000,0.0000%,0,
Contact STARLINK-2214 - STARLINK-31082,0.000,5400.000,0.0000%,0,
Contact STARLINK-2214 - STARLINK-5951,0.000,5400.000,0.0000%,0,
Contact STARLINK-2214 - STARLINK-4328,1094.449,4305.551,20.2676%,1,
Contact STARLINK-2214 - STARLINK-1423,782.691,4617.309,14.4943%,2,
Contact STARLINK-2214 - STARLINK-2153,636.599,4763.401,11.7889%,1,
Contact STARLINK-2214 - STARLINK-3080,0.000,5400.000,0.0000%,0,
Contact STARLINK-2214 - STARLINK-5858,0.000,5400.000,0.0000%,0,
Contact STARLINK-2214 - STARLINK-31195,0.000,5400.000,0.0000%,0,
Contact STARLINK-2214 - STARLINK-5018,0.000,5400.000,0.0000%,0,
Contact STARLINK-2214 - STARLINK-4776,0.000,5400.000,0.0000%,0,
Contact STARLINK-2214 - STARLINK-5686,0.000,5400.000,0.0000%,0,
Contact STARLINK-2214 - STARLINK-31122,0.000,5400.000,0.0000%,0,
Contact STARLINK-2214 - STARLINK-11130 [DTC],0.000,5400.000,0.0000%,0,
Contact STARLINK-2214 - STARLINK-32043,915.139,4484.861,16.9470%,1,
Contact STARLINK-2214 - STARLINK-1136,803.367,4596.633,14.8772%,1,
Contact STARLINK-2214 - STARLINK-31006,0.000,5400.000,0.0000%,0,
Contact STARLINK-2214 - STARLINK-4429,0.000,5400.000,0.0000%,0,
Contact STARLINK-2214 - STARLINK-4257,0.000,5400.000,0.0000%,0,
Contact STARLINK-2214 - STARLINK-5338,0.000,5400.000,0.0000%,0,
Contact STARLINK-2214 - STARLINK-1572,0.000,5400.000,0.0000%,0,
Contact STARLINK-2214 - STARLINK-32097,0.000,5400.000,0.0000%,0,
Contact STARLINK-2214 - STARLINK-2704,0.000,5400.000,0.0000%,0,
Contact STARLINK-2214 - STARLINK-3750,0.000,5400.000,0.0000%,0,
Contact STARLINK-2214 - STARLINK-6363,0.000,5400.000,0.0000%,0,
Contact STARLINK-2214 - STARLINK-1605,943.988,4456.012,17.4813%,1,
Contact STARLINK-2214 - STARLINK-2068,0.000,5400.000,0.0000%,0,
Contact STARLINK-2214 - STARLINK-30925,0.000,5400.000,0.0000%,0,
Contact STARLINK-2214 - STARLINK-4494,998.298,4401.702,18.4870%,2,
Contact STARLINK-2214 - STARLINK-2499,0.000,5400.000,0.0000%,0,
Contact STARLINK-2214 - STARLINK-3634,0.000,5400.000,0.0000%,0,
Contact STARLINK-2214 - STARLINK-3768,0.000,5400.000,0.0000%,0,
Contact STARLINK-2214 - STARLINK-30904,0.000,5400.000,0.0000%,0,
Contact STARLINK-2214 - MoonARTEMIS1,3632.973,1767.027,67.2773%,1,
Contact STARLINK-2214 - MoonARTEMIS2,3640.312,1759.688,67.4132%,1,
Contact STARLINK-2214 - MoonIOAGEO,3626.595,1773.405,67.1592%,1,
Contact STARLINK-2214 - MoonIOAGNO,3628.843,1771.157,67.2008%,1,
Contact STARLINK-2214 - MoonIOAGNO 0001,3634.466,1765.534,67.3049%,1,
Contact STARLINK-2214 - MoonIOAGSO,3630.682,1769.318,67.2348%,1,
Contact STARLINK-2214 - MoonIOAGSO 0001,3628.408,1771.592,67.1927%,1,
Contact STARLINK-2214 - MoonLRO,2274.731,3125.269,42.1246%,1,
Contact STARLINK-2214 - MarsSat1,3464.226,1935.774,64.1523%,2,
Contact STARLINK-2214 - MarsSat2,3464.260,1935.740,64.1530%,2,
Contact STARLINK-2214 - MarsSat3,3464.180,1935.820,64.1515%,2,
Contact STARLINK-2214 - MarsSat4,3464.191,1935.809,64.1517%,2,
Contact STARLINK-4676 - STARLINK-5777,0.000,5400.000,0.0000%,0,
Contact STARLINK-4676 - STARLINK-30362,1121.558,4278.442,20.7696%,1,
Contact STARLINK-4676 - STARLINK-4679,0.000,5400.000,0.0000%,0,
Contact STARLINK-4676 - STARLINK-4565,0.000,5400.000,0.0000%,0,
Contact STARLINK-4676 - STARLINK-31895,4573.174,826.826,84.6884%,1,
Contact STARLINK-4676 - STARLINK-3316,0.000,5400.000,0.0000%,0,
Contact STARLINK-4676 - STARLINK-30480,0.000,5400.000,0.0000%,0,
Contact STARLINK-4676 - STARLINK-5484,0.000,5400.000,0.0000%,0,
Contact STARLINK-4676 - STARLINK-4419,381.207,5018.793,7.0594%,2,
Contact STARLINK-4676 - STARLINK-30154,3944.149,1455.851,73.0398%,2,
Contact STARLINK-4676 - STARLINK-3770,0.000,5400.000,0.0000%,0,
Contact STARLINK-4676 - STARLINK-30565,212.946,5187.054,3.9434%,2,
Contact STARLINK-4676 - STARLINK-30248,0.000,5400.000,0.0000%,0,
Contact STARLINK-4676 - STARLINK-5954,0.000,5400.000,0.0000%,0,
Contact STARLINK-4676 - STARLINK-5609,5400.000,0.000,100.0000%,1,
Contact STARLINK-4676 - STARLINK-3855,0.000,5400.000,0.0000%,0,
Contact STARLINK-4676 - STARLINK-4030,4083.384,1316.616,75.6182%,1,
Contact STARLINK-4676 - STARLINK-5416,3761.050,1638.950,69.6491%,1,
Contact STARLINK-4676 - STARLINK-5067,0.000,5400.000,0.0000%,0,
Contact STARLINK-4676 - STARLINK-1692,0.000,5400.000,0.0000%,0,
Contact STARLINK-4676 - STARLINK-3897,532.174,4867.826,9.8551%,1,
Contact STARLINK-4676 - STARLINK-6046,0.000,5400.000,0.0000%,0,
Contact STARLINK-4676 - STARLINK-4070,0.000,5400.000,0.0000%,0,
Contact STARLINK-4676 - STARLINK-31082,1029.665,4370.335,19.0679%,1,
Contact STARLINK-4676 - STARLINK-5951,691.784,4708.216,12.8108%,1,
Contact STARLINK-4676 - STARLINK-4328,0.000,5400.000,0.0000%,0,
Contact STARLINK-4676 - STARLINK-1423,0.000,5400.000,0.0000%,0,
Contact STARLINK-4676 - STARLINK-2153,0.000,5400.000,0.0000%,0,
Contact STARLINK-4676 - STARLINK-3080,716.851,4683.149,13.2750%,1,
Contact STARLINK-4676 - STARLINK-5858,0.000,5400.000,0.0000%,0,
Contact STARLINK-4676 - STARLINK-31195,0.000,5400.000,0.0000%,0,
Contact STARLINK-4676 - STARLINK-5018,1317.968,4082.032,24.4068%,1,
Contact STARLINK-4676 - STARLINK-4776,5400.000,0.000,100.0000%,1,
Contact STARLINK-4676 - STARLINK-5686,0.000,5400.000,0.0000%,0,
Contact STARLINK-4676 - STARLINK-31122,535.337,4864.663,9.9137%,1,
Contact STARLINK-4676 - STARLINK-11130 [DTC],5400.000,0.000,100.0000%,1,
Contact STARLINK-4676 - STARLINK-32043,0.000,5400.000,0.0000%,0,
Contact STARLINK-4676 - STARLINK-1136,0.000,5400.000,0.0000%,0,
Contact STARLINK-4676 - STARLINK-31006,0.000,5400.000,0.0000%,0,
Contact STARLINK-4676 - STARLINK-4429,329.756,5070.244,6.1066%,1,
Contact STARLINK-4676 - STARLINK-4257,0.000,5400.000,0.0000%,0,
Contact STARLINK-4676 - STARLINK-5338,0.000,5400.000,0.0000%,0,
Contact STARLINK-4676 - STARLINK-1572,0.000,5400.000,0.0000%,0,
Contact STARLINK-4676 - STARLINK-32097,0.000,5400.000,0.0000%,0,
Contact STARLINK-4676 - STARLINK-2704,0.000,5400.000,0.0000%,0,
Contact STARLINK-4676 - STARLINK-3750,0.000,5400.000,0.0000%,0,
Contact STARLINK-4676 - STARLINK-6363,0.000,5400.000,0.0000%,0,
Contact STARLINK-4676 - STARLINK-1605,0.000,5400.000,0.0000%,0,
Contact STARLINK-4676 - STARLINK-2068,1759.362,3640.638,32.5808%,1,
Contact STARLINK-4676 - STARLINK-30925,0.000,5400.000,0.0000%,0,
Contact STARLINK-4676 - STARLINK-4494,0.000,5400.000,0.0000%,0,
Contact STARLINK-4676 - STARLINK-2499,4146.612,1253.388,76.7891%,2,
Contact STARLINK-4676 - STARLINK-3634,839.302,4560.698,15.5426%,1,
Contact STARLINK-4676 - STARLINK-3768,0.000,5400.000,0.0000%,0,
Contact STARLINK-4676 - STARLINK-30904,0.000,5400.000,0.0000%,0,
Contact STARLINK-4676 - MoonARTEMIS1,3235.163,2164.837,59.9104%,2,
Contact STARLINK-4676 - MoonARTEMIS2,3238.094,2161.906,59.9647%,2,
Contact STARLINK-4676 - MoonIOAGEO,3240.200,2159.800,60.0037%,2,
Contact STARLINK-4676 - MoonIOAGNO,3235.867,2164.133,59.9235%,2,
Contact STARLINK-4676 - MoonIOAGNO 0001,3238.688,2161.312,59.9757%,2,
Contact STARLINK-4676 - MoonIOAGSO,3240.869,2159.131,60.0161%,2,
Contact STARLINK-4676 - MoonIOAGSO 0001,3234.626,2165.374,59.9005%,2,
Contact STARLINK-4676 - MoonLRO,2503.549,2896.451,46.3620%,1,
Contact STARLINK-4676 - MarsSat1,3590.464,1809.536,66.4901%,1,
Contact STARLINK-4676 - MarsSat2,3590.469,1809.531,66.4902%,1,
Contact STARLINK-4676 - MarsSat3,3590.458,1809.542,66.4900%,1,
Contact STARLINK-4676 - MarsSat4,3590.480,1809.520,66.4904%,1,
Contact STARLINK-5777 - STARLINK-30362,0.000,5400.000,0.0000%,0,
Contact STARLINK-5777 - STARLINK-4679,0.000,5400.000,0.0000%,0,
Contact STARLINK-5777 - STARLINK-4565,0.000,5400.000,0.0000%,0,
Contact STARLINK-5777 - STARLINK-31895,0.000,5400.000,0.0000%,0,
Contact STARLINK-5777 - STARLINK-3316,0.000,5400.000,0.0000%,0,
Contact STARLINK-5777 - STARLINK-30480,0.000,5400.000,0.0000%,0,
Contact STARLINK-5777 - STARLINK-5484,5400.000,0.000,100.0000%,1,
Contact STARLINK-5777 - STARLINK-4419,0.000,5400.000,0.0000%,0,
Contact STARLINK-5777 - STARLINK-30154,0.000,5400.000,0.0000%,0,
Contact STARLINK-5777 - STARLINK-3770,0.000,5400.000,0.0000%,0,
Contact STARLINK-5777 - STARLINK-30565,0.000,5400.000,0.0000%,0,
Contact STARLINK-5777 - STARLINK-30248,0.000,5400.000,0.0000%,0,
Contact STARLINK-5777 - STARLINK-5954,0.000,5400.000,0.0000%,0,
Contact STARLINK-5777 - STARLINK-5609,0.000,5400.000,0.0000%,0,
Contact STARLINK-5777 - STARLINK-3855,0.000,5400.000,0.0000%,0,
Contact STARLINK-5777 - STARLINK-4030,0.000,5400.000,0.0000%,0,
Contact STARLINK-5777 - STARLINK-5416,0.000,5400.000,0.0000%,0,
Contact STARLINK-5777 - STARLINK-5067,887.079,4512.921,16.4274%,2,
Contact STARLINK-5777 - STARLINK-1692,0.000,5400.000,0.0000%,0,
Contact STARLINK-5777 - STARLINK-3897,0.000,5400.000,0.0000%,0,
Contact STARLINK-5777 - STARLINK-6046,0.000,5400.000,0.0000%,0,
Contact STARLINK-5777 - STARLINK-4070,928.058,4471.942,17.1863%,1,
Contact STARLINK-5777 - STARLINK-31082,0.000,5400.000,0.0000%,0,
Contact STARLINK-5777 - STARLINK-5951,0.000,5400.000,0.0000%,0,
Contact STARLINK-5777 - STARLINK-4328,0.000,5400.000,0.0000%,0,
Contact STARLINK-5777 - STARLINK-1423,0.000,5400.000,0.0000%,0,
Contact STARLINK-5777 - STARLINK-2153,5400.000,0.000,100.0000%,1,
Contact STARLINK-5777 - STARLINK-3080,0.000,5400.000,0.0000%,0,
Contact STARLINK-5777 - STARLINK-5858,5400.000,0.000,100.0000%,1,
Contact STARLINK-5777 - STARLINK-31195,956.297,4443.703,17.7092%,1,
Contact STARLINK-5777 - STARLINK-5018,0.000,5400.000,0.0000%,0,
Contact STARLINK-5777 - STARLINK-4776,0.000,5400.000,0.0000%,0,
Contact STARLINK-5777 - STARLINK-5686,0.000,5400.000,0.0000%,0,
Contact STARLINK-5777 - STARLINK-31122,0.000,5400.000,0.0000%,0,
Contact STARLINK-5777 - STARLINK-11130 [DTC],0.000,5400.000,0.0000%,0,
Contact STARLINK-5777 - STARLINK-32043,1096.217,4303.783,20.3003%,2,
Contact STARLINK-5777 - STARLINK-1136,811.078,4588.922,15.0200%,2,
Contact STARLINK-5777 - STARLINK-31006,285.951,5114.049,5.2954%,1,
Contact STARLINK-5777 - STARLINK-4429,0.000,5400.000,0.0000%,0,
Contact STARLINK-5777 - STARLINK-4257,0.000,5400.000,0.0000%,0,
Contact STARLINK-5777 - STARLINK-5338,869.696,4530.304,16.1055%,1,
Contact STARLINK-5777 - STARLINK-1572,3673.039,1726.961,68.0192%,1,
Contact STARLINK-5777 - STARLINK-32097,5400.000,0.000,100.0000%,1,
Contact STARLINK-5777 - STARLINK-2704,0.000,5400.000,0.0000%,0,
Contact STARLINK-5777 - STARLINK-3750,5400.000,0.000,100.0000%,1,
Contact STARLINK-5777 - STARLINK-6363,0.000,5400.000,0.0000%,0,
Contact STARLINK-5777 - STARLINK-1605,904.343,4495.657,16.7471%,2,
Contact STARLINK-5777 - STARLINK-2068,0.000,5400.000,0.0000%,0,
Contact STARLINK-5777 - STARLINK-30925,0.000,5400.000,0.0000%,0,
Contact STARLINK-5777 - STARLINK-4494,0.000,5400.000,0.0000%,0,
Contact STARLINK-5777 - STARLINK-2499,0.000,5400.000,0.0000%,0,
Contact STARLINK-5777 - STARLINK-3634,0.000,5400.000,0.0000%,0,
Contact STARLINK-5777 - STARLINK-3768,672.426,4727.574,12.4523%,1,
Contact STARLINK-5777 - STARLINK-30904,0.000,5400.000,0.0000%,0,
Contact STARLINK-5777 - MoonARTEMIS1,4242.499,1157.501,78.5648%,1,
Contact STARLINK-5777 - MoonARTEMIS2,4203.462,1196.538,77.8419%,1,
Contact STARLINK-5777 - MoonIOAGEO,4221.693,1178.307,78.1795%,1,
Contact STARLINK-5777 - MoonIOAGNO,4199.667,1200.333,77.7716%,1,
Contact STARLINK-5777 - MoonIOAGNO 0001,4201.136,1198.864,77.7988%,1,
Contact STARLINK-5777 - MoonIOAGSO,4255.271,1144.729,78.8013%,1,
Contact STARLINK-5777 - MoonIOAGSO 0001,4273.962,1126.038,79.1474%,1,
Contact STARLINK-5777 - MoonLRO,3331.859,2068.141,61.7011%,1,
Contact STARLINK-5777 - MarsSat1,5400.000,0.000,100.0000%,1,
Contact STARLINK-5777 - MarsSat2,5400.000,0.000,100.0000%,1,
Contact STARLINK-5777 - MarsSat3,5400.000,0.000,100.0000%,1,
Contact STARLINK-5777 - MarsSat4,5400.000,0.000,100.0000%,1,
Contact STARLINK-30362 - STARLINK-4679,0.000,5400.000,0.0000%,0,
Contact STARLINK-30362 - STARLINK-4565,0.000,5400.000,0.0000%,0,
Contact STARLINK-30362 - STARLINK-31895,5400.000,0.000,100.0000%,1,
Contact STARLINK-30362 - STARLINK-3316,0.000,5400.000,0.0000%,0,
Contact STARLINK-30362 - STARLINK-30480,0.000,5400.000,0.0000%,0,
Contact STARLINK-30362 - STARLINK-5484,0.000,5400.000,0.0000%,0,
Contact STARLINK-30362 - STARLINK-4419,0.000,5400.000,0.0000%,0,
Contact STARLINK-30362 - STARLINK-30154,0.000,5400.000,0.0000%,0,
Contact STARLINK-30362 - STARLINK-3770,0.000,5400.000,0.0000%,0,
Contact STARLINK-30362 - STARLINK-30565,0.000,5400.000,0.0000%,0,
Contact STARLINK-30362 - STARLINK-30248,0.000,5400.000,0.0000%,0,
Contact STARLINK-30362 - STARLINK-5954,0.000,5400.000,0.0000%,0,
Contact STARLINK-30362 - STARLINK-5609,933.687,4466.313,17.2905%,1,
Contact STARLINK-30362 - STARLINK-3855,0.000,5400.000,0.0000%,0,
Contact STARLINK-30362 - STARLINK-4030,5400.000,0.000,100.0000%,1,
Contact STARLINK-30362 - STARLINK-5416,5400.000,0.000,100.0000%,1,
Contact STARLINK-30362 - STARLINK-5067,0.000,5400.000,0.0000%,0,
Contact STARLINK-30362 - STARLINK-1692,0.000,5400.000,0.0000%,0,
Contact STARLINK-30362 - STARLINK-3897,5400.000,0.000,100.0000%,1,
Contact STARLINK-30362 - STARLINK-6046,0.000,5400.000,0.0000%,0,
Contact STARLINK-30362 - STARLINK-4070,0.000,5400.000,0.0000%,0,
Contact STARLINK-30362 - STARLINK-31082,5400.000,0.000,100.0000%,1,
Contact STARLINK-30362 - STARLINK-5951,1156.459,4243.541,21.4159%,1,
Contact STARLINK-30362 - STARLINK-4328,0.000,5400.000,0.0000%,0,
Contact STARLINK-30362 - STARLINK-1423,0.000,5400.000,0.0000%,0,
Contact STARLINK-30362 - STARLINK-2153,0.000,5400.000,0.0000%,0,
Contact STARLINK-30362 - STARLINK-3080,1037.961,4362.039,19.2215%,2,
Contact STARLINK-30362 - STARLINK-5858,0.000,5400.000,0.0000%,0,
Contact STARLINK-30362 - STARLINK-31195,0.000,5400.000,0.0000%,0,
Contact STARLINK-30362 - STARLINK-5018,0.000,5400.000,0.0000%,0,
Contact STARLINK-30362 - STARLINK-4776,0.000,5400.000,0.0000%,0,
Contact STARLINK-30362 - STARLINK-5686,0.000,5400.000,0.0000%,0,
Contact STARLINK-30362 - STARLINK-31122,0.000,5400.000,0.0000%,0,
Contact STARLINK-30362 - STARLINK-11130 [DTC],734.372,4665.628,13.5995%,1,
Contact STARLINK-30362 - STARLINK-32043,0.000,5400.000,0.0000%,0,
Contact STARLINK-30362 - STARLINK-1136,0.000,5400.000,0.0000%,0,
Contact STARLINK-30362 - STARLINK-31006,0.000,5400.000,0.0000%,0,
Contact STARLINK-30362 - STARLINK-4429,1273.648,4126.352,23.5861%,1,
Contact STARLINK-30362 - STARLINK-4257,0.000,5400.000,0.0000%,0,
Contact STARLINK-30362 - STARLINK-5338,0.000,5400.000,0.0000%,0,
Contact STARLINK-30362 - STARLINK-1572,0.000,5400.000,0.0000%,0,
Contact STARLINK-30362 - STARLINK-32097,0.000,5400.000,0.0000%,0,
Contact STARLINK-30362 - STARLINK-2704,0.000,5400.000,0.0000%,0,
Contact STARLINK-30362 - STARLINK-3750,0.000,5400.000,0.0000%,0,
Contact STARLINK-30362 - STARLINK-6363,0.000,5400.000,0.0000%,0,
Contact STARLINK-30362 - STARLINK-1605,0.000,5400.000,0.0000%,0,
Contact STARLINK-30362 - STARLINK-2068,0.000,5400.000,0.0000%,0,
Contact STARLINK-30362 - STARLINK-30925,0.000,5400.000,0.0000%,0,
Contact STARLINK-30362 - STARLINK-4494,0.000,5400.000,0.0000%,0,
Contact STARLINK-30362 - STARLINK-2499,0.000,5400.000,0.0000%,0,
Contact STARLINK-30362 - STARLINK-3634,0.000,5400.000,0.0000%,0,
Contact STARLINK-30362 - STARLINK-3768,0.000,5400.000,0.0000%,0,
Contact STARLINK-30362 - STARLINK-30904,0.000,5400.000,0.0000%,0,
Contact STARLINK-30362 - MoonARTEMIS1,3269.567,2130.433,60.5475%,2,
Contact STARLINK-30362 - MoonARTEMIS2,3276.220,2123.780,60.6707%,2,
Contact STARLINK-30362 - MoonIOAGEO,3274.822,2125.178,60.6449%,2,
Contact STARLINK-30362 - MoonIOAGNO,3278.092,2121.908,60.7054%,2,
Contact STARLINK-30362 - MoonIOAGNO 0001,3274.021,2125.979,60.6300%,2,
Contact STARLINK-30362 - MoonIOAGSO,3268.819,2131.181,60.5337%,2,
Contact STARLINK-30362 - MoonIOAGSO 0001,3269.243,2130.757,60.5415%,2,
Contact STARLINK-30362 - MoonLRO,2563.859,2836.141,47.4789%,1,
Contact STARLINK-30362 - MarsSat1,3662.011,1737.989,67.8150%,1,
Contact STARLINK-30362 - MarsSat2,3662.003,1737.997,67.8149%,1,
Contact STARLINK-30362 - MarsSat3,3662.017,1737.983,67.8151%,1,
Contact STARLINK-30362 - MarsSat4,3661.957,1738.043,67.8140%,1,
Contact STARLINK-4679 - STARLINK-4565,0.000,5400.000,0.0000%,0,
Contact STARLINK-4679 - STARLINK-31895,0.000,5400.000,0.0000%,0,
Contact STARLINK-4679 - STARLINK-3316,0.000,5400.000,0.0000%,0,
Contact STARLINK-4679 - STARLINK-30480,0.000,5400.000,0.0000%,0,
Contact STARLINK-4679 - STARLINK-5484,0.000,5400.000,0.0000%,0,
Contact STARLINK-4679 - STARLINK-4419,0.000,5400.000,0.0000%,0,
Contact STARLINK-4679 - STARLINK-30154,0.000,5400.000,0.0000%,0,
Contact STARLINK-4679 - STARLINK-3770,0.000,5400.000,0.0000%,0,
Contact STARLINK-4679 - STARLINK-30565,0.000,5400.000,0.0000%,0,
Contact STARLINK-4679 - STARLINK-30248,0.000,5400.000,0.0000%,0,
Contact STARLINK-4679 - STARLINK-5954,0.000,5400.000,0.0000%,0,
Contact STARLINK-4679 - STARLINK-5609,0.000,5400.000,0.0000%,0,
Contact STARLINK-4679 - STARLINK-3855,0.000,5400.000,0.0000%,0,
Contact STARLINK-4679 - STARLINK-4030,0.000,5400.000,0.0000%,0,
Contact STARLINK-4679 - STARLINK-5416,0.000,5400.000,0.0000%,0,
Contact STARLINK-4679 - STARLINK-5067,0.000,5400.000,0.0000%,0,
Contact STARLINK-4679 - STARLINK-1692,0.000,5400.000,0.0000%,0,
Contact STARLINK-4679 - STARLINK-3897,0.000,5400.000,0.0000%,0,
Contact STARLINK-4679 - STARLINK-6046,0.000,5400.000,0.0000%,0,
Contact STARLINK-4679 - STARLINK-4070,941.612,4458.388,17.4373%,2,
Contact STARLINK-4679 - STARLINK-31082,0.000,5400.000,0.0000%,0,
Contact STARLINK-4679 - STARLINK-5951,673.606,4726.394,12.4742%,1,
Contact STARLINK-4679 - STARLINK-4328,4042.259,1357.741,74.8567%,1,
Contact STARLINK-4679 - STARLINK-1423,0.000,5400.000,0.0000%,0,
Contact STARLINK-4679 - STARLINK-2153,0.000,5400.000,0.0000%,0,
Contact STARLINK-4679 - STARLINK-3080,816.609,4583.391,15.1224%,1,
Contact STARLINK-4679 - STARLINK-5858,0.000,5400.000,0.0000%,0,
Contact STARLINK-4679 - STARLINK-31195,0.000,5400.000,0.0000%,0,
Contact STARLINK-4679 - STARLINK-5018,0.000,5400.000,0.0000%,0,
Contact STARLINK-4679 - STARLINK-4776,0.000,5400.000,0.0000%,0,
Contact STARLINK-4679 - STARLINK-5686,0.000,5400.000,0.0000%,0,
Contact STARLINK-4679 - STARLINK-31122,0.000,5400.000,0.0000%,0,
Contact STARLINK-4679 - STARLINK-11130 [DTC],0.000,5400.000,0.0000%,0,
Contact STARLINK-4679 - STARLINK-32043,0.000,5400.000,0.0000%,0,
Contact STARLINK-4679 - STARLINK-1136,0.000,5400.000,0.0000%,0,
Contact STARLINK-4679 - STARLINK-31006,0.000,5400.000,0.0000%,0,
Contact STARLINK-4679 - STARLINK-4429,0.000,5400.000,0.0000%,0,
Contact STARLINK-4679 - STARLINK-4257,0.000,5400.000,0.0000%,0,
Contact STARLINK-4679 - STARLINK-5338,647.119,4752.881,11.9837%,1,
Contact STARLINK-4679 - STARLINK-1572,0.000,5400.000,0.0000%,0,
Contact STARLINK-4679 - STARLINK-32097,0.000,5400.000,0.0000%,0,
Contact STARLINK-4679 - STARLINK-2704,0.000,5400.000,0.0000%,0,
Contact STARLINK-4679 - STARLINK-3750,0.000,5400.000,0.0000%,0,
Contact STARLINK-4679 - STARLINK-6363,5400.000,0.000,100.0000%,1,
Contact STARLINK-4679 - STARLINK-1605,0.000,5400.000,0.0000%,0,
Contact STARLINK-4679 - STARLINK-2068,0.000,5400.000,0.0000%,0,
Contact STARLINK-4679 - STARLINK-30925,0.000,5400.000,0.0000%,0,
Contact STARLINK-4679 - STARLINK-4494,0.000,5400.000,0.0000%,0,
Contact STARLINK-4679 - STARLINK-2499,0.000,5400.000,0.0000%,0,
Contact STARLINK-4679 - STARLINK-3634,0.000,5400.000,0.0000%,0,
Contact STARLINK-4679 - STARLINK-3768,0.000,5400.000,0.0000%,0,
Contact STARLINK-4679 - STARLINK-30904,0.000,5400.000,0.0000%,0,
Contact STARLINK-4679 - MoonARTEMIS1,3497.016,1902.984,64.7596%,1,
Contact STARLINK-4679 - MoonARTEMIS2,3497.925,1902.075,64.7764%,1,
Contact STARLINK-4679 - MoonIOAGEO,3490.391,1909.609,64.6369%,1,
Contact STARLINK-4679 - MoonIOAGNO,3496.194,1903.806,64.7443%,1,
Contact STARLINK-4679 - MoonIOAGNO 0001,3494.207,1905.793,64.7075%,1,
Contact STARLINK-4679 - MoonIOAGSO,3490.858,1909.142,64.6455%,1,
Contact STARLINK-4679 - MoonIOAGSO 0001,3500.492,1899.508,64.8239%,1,
Contact STARLINK-4679 - MoonLRO,3489.746,1910.254,64.6249%,1,
Contact STARLINK-4679 - MarsSat1,5400.000,0.000,100.0000%,1,
Contact STARLINK-4679 - MarsSat2,5400.000,0.000,100.0000%,1,
Contact STARLINK-4679 - MarsSat3,5400.000,0.000,100.0000%,1,
Contact STARLINK-4679 - MarsSat4,5400.000,0.000,100.0000%,1,
Contact STARLINK-4565 - STARLINK-31895,0.000,5400.000,0.0000%,0,
Contact STARLINK-4565 - STARLINK-3316,0.000,5400.000,0.0000%,0,
Contact STARLINK-4565 - STARLINK-30480,0.000,5400.000,0.0000%,0,
Contact STARLINK-4565 - STARLINK-5484,0.000,5400.000,0.0000%,0,
Contact STARLINK-4565 - STARLINK-4419,0.000,5400.000,0.0000%,0,
Contact STARLINK-4565 - STARLINK-30154,0.000,5400.000,0.0000%,0,
Contact STARLINK-4565 - STARLINK-3770,0.000,5400.000,0.0000%,0,
Contact STARLINK-4565 - STARLINK-30565,0.000,5400.000,0.0000%,0,
Contact STARLINK-4565 - STARLINK-30248,0.000,5400.000,0.0000%,0,
Contact STARLINK-4565 - STARLINK-5954,834.730,4565.270,15.4580%,2,
Contact STARLINK-4565 - STARLINK-5609,0.000,5400.000,0.0000%,0,
Contact STARLINK-4565 - STARLINK-3855,5400.000,0.000,100.0000%,1,
Contact STARLINK-4565 - STARLINK-4030,0.000,5400.000,0.0000%,0,
Contact STARLINK-4565 - STARLINK-5416,0.000,5400.000,0.0000%,0,
Contact STARLINK-4565 - STARLINK-5067,0.000,5400.000,0.0000%,0,
Contact STARLINK-4565 - STARLINK-1692,0.000,5400.000,0.0000%,0,
Contact STARLINK-4565 - STARLINK-3897,0.000,5400.000,0.0000%,0,
Contact STARLINK-4565 - STARLINK-6046,0.000,5400.000,0.0000%,0,
Contact STARLINK-4565 - STARLINK-4070,0.000,5400.000,0.0000%,0,
Contact STARLINK-4565 - STARLINK-31082,0.000,5400.000,0.0000%,0,
Contact STARLINK-4565 - STARLINK-5951,0.000,5400.000,0.0000%,0,
Contact STARLINK-4565 - STARLINK-4328,0.000,5400.000,0.0000%,0,
Contact STARLINK-4565 - STARLINK-1423,5400.000,0.000,100.0000%,1,
Contact STARLINK-4565 - STARLINK-2153,0.000,5400.000,0.0000%,0,
Contact STARLINK-4565 - STARLINK-3080,0.000,5400.000,0.0000%,0,
Contact STARLINK-4565 - STARLINK-5858,0.000,5400.000,0.0000%,0,
Contact STARLINK-4565 - STARLINK-31195,0.000,5400.000,0.0000%,0,
Contact STARLINK-4565 - STARLINK-5018,0.000,5400.000,0.0000%,0,
Contact STARLINK-4565 - STARLINK-4776,0.000,5400.000,0.0000%,0,
Contact STARLINK-4565 - STARLINK-5686,0.000,5400.000,0.0000%,0,
Contact STARLINK-4565 - STARLINK-31122,0.000,5400.000,0.0000%,0,
Contact STARLINK-4565 - STARLINK-11130 [DTC],0.000,5400.000,0.0000%,0,
Contact STARLINK-4565 - STARLINK-32043,0.000,5400.000,0.0000%,0,
Contact STARLINK-4565 - STARLINK-1136,3759.690,1640.310,69.6239%,1,
Contact STARLINK-4565 - STARLINK-31006,854.261,4545.739,15.8196%,1,
Contact STARLINK-4565 - STARLINK-4429,0.000,5400.000,0.0000%,0,
Contact STARLINK-4565 - STARLINK-4257,0.000,5400.000,0.0000%,0,
Contact STARLINK-4565 - STARLINK-5338,0.000,5400.000,0.0000%,0,
Contact STARLINK-4565 - STARLINK-1572,0.000,5400.000,0.0000%,0,
Contact STARLINK-4565 - STARLINK-32097,5400.000,0.000,100.0000%,1,
Contact STARLINK-4565 - STARLINK-2704,0.000,5400.000,0.0000%,0,
Contact STARLINK-4565 - STARLINK-3750,0.000,5400.000,0.0000%,0,
Contact STARLINK-4565 - STARLINK-6363,0.000,5400.000,0.0000%,0,
Contact STARLINK-4565 - STARLINK-1605,739.060,4660.940,13.6863%,1,
Contact STARLINK-4565 - STARLINK-2068,0.000,5400.000,0.0000%,0,
Contact STARLINK-4565 - STARLINK-30925,0.000,5400.000,0.0000%,0,
Contact STARLINK-4565 - STARLINK-4494,0.000,5400.000,0.0000%,0,
Contact STARLINK-4565 - STARLINK-2499,0.000,5400.000,0.0000%,0,
Contact STARLINK-4565 - STARLINK-3634,0.000,5400.000,0.0000%,0,
Contact STARLINK-4565 - STARLINK-3768,0.000,5400.000,0.0000%,0,
Contact STARLINK-4565 - STARLINK-30904,1049.305,4350.695,19.4316%,1,
Contact STARLINK-4565 - MoonARTEMIS1,3653.505,1746.495,67.6575%,1,
Contact STARLINK-4565 - MoonARTEMIS2,3650.659,1749.341,67.6048%,1,
Contact STARLINK-4565 - MoonIOAGEO,3649.564,1750.436,67.5845%,1,
Contact STARLINK-4565 - MoonIOAGNO,3640.400,1759.600,67.4148%,1,
Contact STARLINK-4565 - MoonIOAGNO 0001,3653.801,1746.199,67.6630%,1,
Contact STARLINK-4565 - MoonIOAGSO,3661.523,1738.477,67.8060%,1,
Contact STARLINK-4565 - MoonIOAGSO 0001,3653.509,1746.491,67.6576%,1,
Contact STARLINK-4565 - MoonLRO,2519.372,2880.628,46.6550%,1,
Contact STARLINK-4565 - MarsSat1,3305.983,2094.017,61.2219%,2,
Contact STARLINK-4565 - MarsSat2,3305.974,2094.026,61.2217%,2,
Contact STARLINK-4565 - MarsSat3,3306.001,2093.999,61.2222%,2,
Contact STARLINK-4565 - MarsSat4,3305.995,2094.005,61.2221%,2,
Contact STARLINK-31895 - STARLINK-3316,0.000,5400.000,0.0000%,0,
Contact STARLINK-31895 - STARLINK-30480,0.000,5400.000,0.0000%,0,
Contact STARLINK-31895 - STARLINK-5484,0.000,5400.000,0.0000%,0,
Contact STARLINK-31895 - STARLINK-4419,0.000,5400.000,0.0000%,0,
Contact STARLINK-31895 - STARLINK-30154,0.000,5400.000,0.0000%,0,
Contact STARLINK-31895 - STARLINK-3770,0.000,5400.000,0.0000%,0,
Contact STARLINK-31895 - STARLINK-30565,0.000,5400.000,0.0000%,0,
Contact STARLINK-31895 - STARLINK-30248,0.000,5400.000,0.0000%,0,
Contact STARLINK-31895 - STARLINK-5954,0.000,5400.000,0.0000%,0,
Contact STARLINK-31895 - STARLINK-5609,0.000,5400.000,0.0000%,0,
Contact STARLINK-31895 - STARLINK-3855,0.000,5400.000,0.0000%,0,
Contact STARLINK-31895 - STARLINK-4030,5400.000,0.000,100.0000%,1,
Contact STARLINK-31895 - STARLINK-5416,0.000,5400.000,0.0000%,0,
Contact STARLINK-31895 - STARLINK-5067,0.000,5400.000,0.0000%,0,
Contact STARLINK-31895 - STARLINK-1692,0.000,5400.000,0.0000%,0,
Contact STARLINK-31895 - STARLINK-3897,0.000,5400.000,0.0000%,0,
Contact STARLINK-31895 - STARLINK-6046,0.000,5400.000,0.0000%,0,
Contact STARLINK-31895 - STARLINK-4070,0.000,5400.000,0.0000%,0,
Contact STARLINK-31895 - STARLINK-31082,2702.811,2697.189,50.0521%,1,
Contact STARLINK-31895 - STARLINK-5951,709.659,4690.341,13.1418%,2,
Contact STARLINK-31895 - STARLINK-4328,0.000,5400.000,0.0000%,0,
Contact STARLINK-31895 - STARLINK-1423,0.000,5400.000,0.0000%,0,
Contact STARLINK-31895 - STARLINK-2153,0.000,5400.000,0.0000%,0,
Contact STARLINK-31895 - STARLINK-3080,619.033,4780.967,11.4636%,1,
Contact STARLINK-31895 - STARLINK-5858,0.000,5400.000,0.0000%,0,
Contact STARLINK-31895 - STARLINK-31195,0.000,5400.000,0.0000%,0,
Contact STARLINK-31895 - STARLINK-5018,0.000,5400.000,0.0000%,0,
Contact STARLINK-31895 - STARLINK-4776,0.000,5400.000,0.0000%,0,
Contact STARLINK-31895 - STARLINK-5686,0.000,5400.000,0.0000%,0,
Contact STARLINK-31895 - STARLINK-31122,0.000,5400.000,0.0000%,0,
Contact STARLINK-31895 - STARLINK-11130 [DTC],4532.960,867.040,83.9437%,1,
Contact STARLINK-31895 - STARLINK-32043,0.000,5400.000,0.0000%,0,
Contact STARLINK-31895 - STARLINK-1136,0.000,5400.000,0.0000%,0,
Contact STARLINK-31895 - STARLINK-31006,0.000,5400.000,0.0000%,0,
Contact STARLINK-31895 - STARLINK-4429,0.000,5400.000,0.0000%,0,
Contact STARLINK-31895 - STARLINK-4257,0.000,5400.000,0.0000%,0,
Contact STARLINK-31895 - STARLINK-5338,0.000,5400.000,0.0000%,0,
Contact STARLINK-31895 - STARLINK-1572,995.230,4404.770,18.4302%,1,
Contact STARLINK-31895 - STARLINK-32097,0.000,5400.000,0.0000%,0,
Contact STARLINK-31895 - STARLINK-2704,0.000,5400.000,0.0000%,0,
Contact STARLINK-31895 - STARLINK-3750,0.000,5400.000,0.0000%,0,
Contact STARLINK-31895 - STARLINK-6363,0.000,5400.000,0.0000%,0,
Contact STARLINK-31895 - STARLINK-1605,0.000,5400.000,0.0000%,0,
Contact STARLINK-31895 - STARLINK-2068,5400.000,0.000,100.0000%,1,
Contact STARLINK-31895 - STARLINK-30925,0.000,5400.000,0.0000%,0,
Contact STARLINK-31895 - STARLINK-4494,0.000,5400.000,0.0000%,0,
Contact STARLINK-31895 - STARLINK-2499,0.000,5400.000,0.0000%,0,
Contact STARLINK-31895 - STARLINK-3634,0.000,5400.000,0.0000%,0,
Contact STARLINK-31895 - STARLINK-3768,1394.846,4005.154,25.8305%,1,
Contact STARLINK-31895 - STARLINK-30904,0.000,5400.000,0.0000%,0,
Contact STARLINK-31895 - MoonARTEMIS1,3306.459,2093.541,61.2307%,2,
Contact STARLINK-31895 - MoonARTEMIS2,3317.160,2082.840,61.4289%,2,
Contact STARLINK-31895 - MoonIOAGEO,3314.212,2085.788,61.3743%,2,
Contact STARLINK-31895 - MoonIOAGNO,3314.905,2085.095,61.3871%,2,
Contact STARLINK-31895 - MoonIOAGNO 0001,3318.048,2081.952,61.4453%,2,
Contact STARLINK-31895 - MoonIOAGSO,3309.217,2090.783,61.2818%,2,
Contact STARLINK-31895 - MoonIOAGSO 0001,3301.623,2098.377,61.1412%,2,
Contact STARLINK-31895 - MoonLRO,2808.987,2591.013,52.0183%,1,
Contact STARLINK-31895 - MarsSat1,3500.039,1899.961,64.8155%,1,
Contact STARLINK-31895 - MarsSat2,3500.072,1899.928,64.8161%,1,
Contact STARLINK-31895 - MarsSat3,3499.987,1900.013,64.8146%,1,
Contact STARLINK-31895 - MarsSat4,3499.978,1900.022,64.8144%,1,
Contact STARLINK-3316 - STARLINK-30480,0.000,5400.000,0.0000%,0,
Contact STARLINK-3316 - STARLINK-5484,0.000,5400.000,0.0000%,0,
Contact STARLINK-3316 - STARLINK-4419,0.000,5400.000,0.0000%,0,
Contact STARLINK-3316 - STARLINK-30154,0.000,5400.000,0.0000%,0,
Contact STARLINK-3316 - STARLINK-3770,0.000,5400.000,0.0000%,0,
Contact STARLINK-3316 - STARLINK-30565,0.000,5400.000,0.0000%,0,
Contact STARLINK-3316 - STARLINK-30248,0.000,5400.000,0.0000%,0,
Contact STARLINK-3316 - STARLINK-5954,0.000,5400.000,0.0000%,0,
Contact STARLINK-3316 - STARLINK-5609,0.000,5400.000,0.0000%,0,
Contact STARLINK-3316 - STARLINK-3855,0.000,5400.000,0.0000%,0,
Contact STARLINK-3316 - STARLINK-4030,0.000,5400.000,0.0000%,0,
Contact STARLINK-3316 - STARLINK-5416,0.000,5400.000,0.0000%,0,
Contact STARLINK-3316 - STARLINK-5067,0.000,5400.000,0.0000%,0,
Contact STARLINK-3316 - STARLINK-1692,0.000,5400.000,0.0000%,0,
Contact STARLINK-3316 - STARLINK-3897,0.000,5400.000,0.0000%,0,
Contact STARLINK-3316 - STARLINK-6046,0.000,5400.000,0.0000%,0,
Contact STARLINK-3316 - STARLINK-4070,0.000,5400.000,0.0000%,0,
Contact STARLINK-3316 - STARLINK-31082,0.000,5400.000,0.0000%,0,
Contact STARLINK-3316 - STARLINK-5951,0.000,5400.000,0.0000%,0,
Contact STARLINK-3316 - STARLINK-4328,0.000,5400.000,0.0000%,0,
Contact STARLINK-3316 - STARLINK-1423,0.000,5400.000,0.0000%,0,
Contact STARLINK-3316 - STARLINK-2153,0.000,5400.000,0.0000%,0,
Contact STARLINK-3316 - STARLINK-3080,0.000,5400.000,0.0000%,0,
Contact STARLINK-3316 - STARLINK-5858,0.000,5400.000,0.0000%,0,
Contact STARLINK-3316 - STARLINK-31195,0.000,5400.000,0.0000%,0,
Contact STARLINK-3316 - STARLINK-5018,0.000,5400.000,0.0000%,0,
Contact STARLINK-3316 - STARLINK-4776,0.000,5400.000,0.0000%,0,
Contact STARLINK-3316 - STARLINK-5686,0.000,5400.000,0.0000%,0,
Contact STARLINK-3316 - STARLINK-31122,0.000,5400.000,0.0000%,0,
Contact STARLINK-3316 - STARLINK-11130 [DTC],0.000,5400.000,0.0000%,0,
Contact STARLINK-3316 - STARLINK-32043,0.000,5400.000,0.0000%,0,
Contact STARLINK-3316 - STARLINK-1136,0.000,5400.000,0.0000%,0,
Contact STARLINK-3316 - STARLINK-31006,0.000,5400.000,0.0000%,0,
Contact STARLINK-3316 - STARLINK-4429,0.000,5400.000,0.0000%,0,
Contact STARLINK-3316 - STARLINK-4257,0.000,5400.000,0.0000%,0,
Contact STARLINK-3316 - STARLINK-5338,0.000,5400.000,0.0000%,0,
Contact STARLINK-3316 - STARLINK-1572,0.000,5400.000,0.0000%,0,
Contact STARLINK-3316 - STARLINK-32097,0.000,5400.000,0.0000%,0,
Contact STARLINK-3316 - STARLINK-2704,0.000,5400.000,0.0000%,0,
Contact STARLINK-3316 - STARLINK-3750,0.000,5400.000,0.0000%,0,
Contact STARLINK-3316 - STARLINK-6363,0.000,5400.000,0.0000%,0,
Contact STARLINK-3316 - STARLINK-1605,0.000,5400.000,0.0000%,0,
Contact STARLINK-3316 - STARLINK-2068,0.000,5400.000,0.0000%,0,
Contact STARLINK-3316 - STARLINK-30925,0.000,5400.000,0.0000%,0,
Contact STARLINK-3316 - STARLINK-4494,0.000,5400.000,0.0000%,0,
Contact STARLINK-3316 - STARLINK-2499,0.000,5400.000,0.0000%,0,
Contact STARLINK-3316 - STARLINK-3634,0.000,5400.000,0.0000%,0,
Contact STARLINK-3316 - STARLINK-3768,0.000,5400.000,0.0000%,0,
Contact STARLINK-3316 - STARLINK-30904,0.000,5400.000,0.0000%,0,
Contact STARLINK-3316 - MoonARTEMIS1,0.000,5400.000,0.0000%,0,
Contact STARLINK-3316 - MoonARTEMIS2,0.000,5400.000,0.0000%,0,
Contact STARLINK-3316 - MoonIOAGEO,0.000,5400.000,0.0000%,0,
Contact STARLINK-3316 - MoonIOAGNO,0.000,5400.000,0.0000%,0,
Contact STARLINK-3316 - MoonIOAGNO 0001,0.000,5400.000,0.0000%,0,
Contact STARLINK-3316 - MoonIOAGSO,0.000,5400.000,0.0000%,0,
Contact STARLINK-3316 - MoonIOAGSO 0001,0.000,5400.000,0.0000%,0,
Contact STARLINK-3316 - MoonLRO,0.000,5400.000,0.0000%,0,
Contact STARLINK-3316 - MarsSat1,0.000,5400.000,0.0000%,0,
Contact STARLINK-3316 - MarsSat2,0.000,5400.000,0.0000%,0,
Contact STARLINK-3316 - MarsSat3,0.000,5400.000,0.0000%,0,
Contact STARLINK-3316 - MarsSat4,0.000,5400.000,0.0000%,0,
Contact STARLINK-30480 - STARLINK-5484,0.000,5400.000,0.0000%,0,
Contact STARLINK-30480 - STARLINK-4419,0.000,5400.000,0.0000%,0,
Contact STARLINK-30480 - STARLINK-30154,0.000,5400.000,0.0000%,0,
Contact STARLINK-30480 - STARLINK-3770,4473.583,926.417,82.8441%,2,
Contact STARLINK-30480 - STARLINK-30565,0.000,5400.000,0.0000%,0,
Contact STARLINK-30480 - STARLINK-30248,1094.119,4305.881,20.2615%,1,
Contact STARLINK-30480 - STARLINK-5954,752.440,4647.560,13.9341%,1,
Contact STARLINK-30480 - STARLINK-5609,0.000,5400.000,0.0000%,0,
Contact STARLINK-30480 - STARLINK-3855,584.234,4815.766,10.8192%,1,
Contact STARLINK-30480 - STARLINK-4030,0.000,5400.000,0.0000%,0,
Contact STARLINK-30480 - STARLINK-5416,0.000,5400.000,0.0000%,0,
Contact STARLINK-30480 - STARLINK-5067,0.000,5400.000,0.0000%,0,
Contact STARLINK-30480 - STARLINK-1692,4372.794,1027.206,80.9777%,2,
Contact STARLINK-30480 - STARLINK-3897,0.000,5400.000,0.0000%,0,
Contact STARLINK-30480 - STARLINK-6046,0.000,5400.000,0.0000%,0,
Contact STARLINK-30480 - STARLINK-4070,0.000,5400.000,0.0000%,0,
Contact STARLINK-30480 - STARLINK-31082,0.000,5400.000,0.0000%,0,
Contact STARLINK-30480 - STARLINK-5951,0.000,5400.000,0.0000%,0,
Contact STARLINK-30480 - STARLINK-4328,0.000,5400.000,0.0000%,0,
Contact STARLINK-30480 - STARLINK-1423,802.771,4597.229,14.8661%,1,
Contact STARLINK-30480 - STARLINK-2153,0.000,5400.000,0.0000%,0,
Contact STARLINK-30480 - STARLINK-3080,0.000,5400.000,0.0000%,0,
Contact STARLINK-30480 - STARLINK-5858,0.000,5400.000,0.0000%,0,
Contact STARLINK-30480 - STARLINK-31195,0.000,5400.000,0.0000%,0,
Contact STARLINK-30480 - STARLINK-5018,0.000,5400.000,0.0000%,0,
Contact STARLINK-30480 - STARLINK-4776,0.000,5400.000,0.0000%,0,
Contact STARLINK-30480 - STARLINK-5686,701.183,4698.817,12.9849%,1,
Contact STARLINK-30480 - STARLINK-31122,0.000,5400.000,0.0000%,0,
Contact STARLINK-30480 - STARLINK-11130 [DTC],0.000,5400.000,0.0000%,0,
Contact STARLINK-30480 - STARLINK-32043,0.000,5400.000,0.0000%,0,
Contact STARLINK-30480 - STARLINK-1136,0.000,5400.000,0.0000%,0,
Contact STARLINK-30480 - STARLINK-31006,4157.701,1242.299,76.9945%,2,
Contact STARLINK-30480 - STARLINK-4429,560.417,4839.583,10.3781%,2,
Contact STARLINK-30480 - STARLINK-4257,0.000,5400.000,0.0000%,0,
Contact STARLINK-30480 - STARLINK-5338,0.000,5400.000,0.0000%,0,
Contact STARLINK-30480 - STARLINK-1572,0.000,5400.000,0.0000%,0,
Contact STARLINK-30480 - STARLINK-32097,0.000,5400.000,0.0000%,0,
Contact STARLINK-30480 - STARLINK-2704,0.000,5400.000,0.0000%,0,
Contact STARLINK-30480 - STARLINK-3750,0.000,5400.000,0.0000%,0,
Contact STARLINK-30480 - STARLINK-6363,0.000,5400.000,0.0000%,0,
Contact STARLINK-30480 - STARLINK-1605,0.000,5400.000,0.0000%,0,
Contact STARLINK-30480 - STARLINK-2068,0.000,5400.000,0.0000%,0,
Contact STARLINK-30480 - STARLINK-30925,1080.056,4319.944,20.0010%,1,
Contact STARLINK-30480 - STARLINK-4494,700.057,4699.943,12.9640%,1,
Contact STARLINK-30480 - STARLINK-2499,0.000,5400.000,0.0000%,0,
Contact STARLINK-30480 - STARLINK-3634,585.092,4814.908,10.8350%,1,
Contact STARLINK-30480 - STARLINK-3768,0.000,5400.000,0.0000%,0,
Contact STARLINK-30480 - STARLINK-30904,1206.400,4193.600,22.3407%,2,
Contact STARLINK-30480 - MoonARTEMIS1,5400.000,0.000,100.0000%,1,
Contact STARLINK-30480 - MoonARTEMIS2,5400.000,0.000,100.0000%,1,
Contact STARLINK-30480 - MoonIOAGEO,5400.000,0.000,100.0000%,1,
Contact STARLINK-30480 - MoonIOAGNO,5400.000,0.000,100.0000%,1,
Contact STARLINK-30480 - MoonIOAGNO 0001,5400.000,0.000,100.0000%,1,
Contact STARLINK-30480 - MoonIOAGSO,5400.000,0.000,100.0000%,1,
Contact STARLINK-30480 - MoonIOAGSO 0001,5400.000,0.000,100.0000%,1,
Contact STARLINK-30480 - MoonLRO,3898.635,1501.365,72.1969%,1,
Contact STARLINK-30480 - MarsSat1,3449.670,1950.330,63.8828%,1,
Contact STARLINK-30480 - MarsSat2,3449.652,1950.348,63.8825%,1,
Contact STARLINK-30480 - MarsSat3,3449.699,1950.301,63.8833%,1,
Contact STARLINK-30480 - MarsSat4,3449.736,1950.264,63.8840%,1,
Contact STARLINK-5484 - STARLINK-4419,0.000,5400.000,0.0000%,0,
Contact STARLINK-5484 - STARLINK-30154,0.000,5400.000,0.0000%,0,
Contact STARLINK-5484 - STARLINK-3770,0.000,5400.000,0.0000%,0,
Contact STARLINK-5484 - STARLINK-30565,0.000,5400.000,0.0000%,0,
Contact STARLINK-5484 - STARLINK-30248,0.000,5400.000,0.0000%,0,
Contact STARLINK-5484 - STARLINK-5954,0.000,5400.000,0.0000%,0,
Contact STARLINK-5484 - STARLINK-5609,0.000,5400.000,0.0000%,0,
Contact STARLINK-5484 - STARLINK-3855,0.000,5400.000,0.0000%,0,
Contact STARLINK-5484 - STARLINK-4030,0.000,5400.000,0.0000%,0,
Contact STARLINK-5484 - STARLINK-5416,0.000,5400.000,0.0000%,0,
Contact STARLINK-5484 - STARLINK-5067,5400.000,0.000,100.0000%,1,
Contact STARLINK-5484 - STARLINK-1692,0.000,5400.000,0.0000%,0,
Contact STARLINK-5484 - STARLINK-3897,0.000,5400.000,0.0000%,0,
Contact STARLINK-5484 - STARLINK-6046,0.000,5400.000,0.0000%,0,
Contact STARLINK-5484 - STARLINK-4070,710.182,4689.818,13.1515%,1,
Contact STARLINK-5484 - STARLINK-31082,0.000,5400.000,0.0000%,0,
Contact STARLINK-5484 - STARLINK-5951,0.000,5400.000,0.0000%,0,
Contact STARLINK-5484 - STARLINK-4328,0.000,5400.000,0.0000%,0,
Contact STARLINK-5484 - STARLINK-1423,0.000,5400.000,0.0000%,0,
Contact STARLINK-5484 - STARLINK-2153,5400.000,0.000,100.0000%,1,
Contact STARLINK-5484 - STARLINK-3080,0.000,5400.000,0.0000%,0,
Contact STARLINK-5484 - STARLINK-5858,5400.000,0.000,100.0000%,1,
Contact STARLINK-5484 - STARLINK-31195,569.419,4830.581,10.5448%,1,
Contact STARLINK-5484 - STARLINK-5018,0.000,5400.000,0.0000%,0,
Contact STARLINK-5484 - STARLINK-4776,0.000,5400.000,0.0000%,0,
Contact STARLINK-5484 - STARLINK-5686,0.000,5400.000,0.0000%,0,
Contact STARLINK-5484 - STARLINK-31122,0.000,5400.000,0.0000%,0,
Contact STARLINK-5484 - STARLINK-11130 [DTC],0.000,5400.000,0.0000%,0,
Contact STARLINK-5484 - STARLINK-32043,4929.746,470.254,91.2916%,1,
Contact STARLINK-5484 - STARLINK-1136,1488.004,3911.996,27.5556%,1,
Contact STARLINK-5484 - STARLINK-31006,0.000,5400.000,0.0000%,0,
Contact STARLINK-5484 - STARLINK-4429,736.014,4663.986,13.6299%,1,
Contact STARLINK-5484 - STARLINK-4257,0.000,5400.000,0.0000%,0,
Contact STARLINK-5484 - STARLINK-5338,562.420,4837.580,10.4152%,1,
Contact STARLINK-5484 - STARLINK-1572,550.576,4849.424,10.1959%,2,
Contact STARLINK-5484 - STARLINK-32097,0.000,5400.000,0.0000%,0,
Contact STARLINK-5484 - STARLINK-2704,0.000,5400.000,0.0000%,0,
Contact STARLINK-5484 - STARLINK-3750,603.239,4796.761,11.1711%,2,
Contact STARLINK-5484 - STARLINK-6363,614.200,4785.800,11.3741%,1,
Contact STARLINK-5484 - STARLINK-1605,0.000,5400.000,0.0000%,0,
Contact STARLINK-5484 - STARLINK-2068,0.000,5400.000,0.0000%,0,
Contact STARLINK-5484 - STARLINK-30925,0.000,5400.000,0.0000%,0,
Contact STARLINK-5484 - STARLINK-4494,0.000,5400.000,0.0000%,0,
Contact STARLINK-5484 - STARLINK-2499,0.000,5400.000,0.0000%,0,
Contact STARLINK-5484 - STARLINK-3634,0.000,5400.000,0.0000%,0,
Contact STARLINK-5484 - STARLINK-3768,495.456,4904.544,9.1751%,2,
Contact STARLINK-5484 - STARLINK-30904,0.000,5400.000,0.0000%,0,
Contact STARLINK-5484 - MoonARTEMIS1,4085.442,1314.558,75.6563%,1,
Contact STARLINK-5484 - MoonARTEMIS2,4107.102,1292.898,76.0575%,1,
Contact STARLINK-5484 - MoonIOAGEO,4077.202,1322.798,75.5037%,1,
Contact STARLINK-5484 - MoonIOAGNO,4103.919,1296.081,75.9985%,1,
Contact STARLINK-5484 - MoonIOAGNO 0001,4083.384,1316.616,75.6182%,1,
Contact STARLINK-5484 - MoonIOAGSO,4061.137,1338.863,75.2062%,1,
Contact STARLINK-5484 - MoonIOAGSO 0001,4078.825,1321.175,75.5338%,1,
Contact STARLINK-5484 - MoonLRO,2574.191,2825.809,47.6702%,1,
Contact STARLINK-5484 - MarsSat1,4042.334,1357.666,74.8580%,2,
Contact STARLINK-5484 - MarsSat2,4042.270,1357.730,74.8569%,2,
Contact STARLINK-5484 - MarsSat3,4042.419,1357.581,74.8596%,2,
Contact STARLINK-5484 - MarsSat4,4042.172,1357.828,74.8550%,2,
Contact STARLINK-4419 - STARLINK-30154,702.488,4697.512,13.0090%,2,
Contact STARLINK-4419 - STARLINK-3770,0.000,5400.000,0.0000%,0,
Contact STARLINK-4419 - STARLINK-30565,5400.000,0.000,100.0000%,1,
Contact STARLINK-4419 - STARLINK-30248,986.797,4413.203,18.2740%,1,
Contact STARLINK-4419 - STARLINK-5954,0.000,5400.000,0.0000%,0,
Contact STARLINK-4419 - STARLINK-5609,308.109,5091.891,5.7057%,1,
Contact STARLINK-4419 - STARLINK-3855,0.000,5400.000,0.0000%,0,
Contact STARLINK-4419 - STARLINK-4030,0.000,5400.000,0.0000%,0,
Contact STARLINK-4419 - STARLINK-5416,0.000,5400.000,0.0000%,0,
Contact STARLINK-4419 - STARLINK-5067,0.000,5400.000,0.0000%,0,
Contact STARLINK-4419 - STARLINK-1692,0.000,5400.000,0.0000%,0,
Contact STARLINK-4419 - STARLINK-3897,0.000,5400.000,0.0000%,0,
Contact STARLINK-4419 - STARLINK-6046,5070.534,329.466,93.8988%,1,
Contact STARLINK-4419 - STARLINK-4070,0.000,5400.000,0.0000%,0,
Contact STARLINK-4419 - STARLINK-31082,0.000,5400.000,0.0000%,0,
Contact STARLINK-4419 - STARLINK-5951,0.000,5400.000,0.0000%,0,
Contact STARLINK-4419 - STARLINK-4328,690.403,4709.597,12.7852%,1,
Contact STARLINK-4419 - STARLINK-1423,0.000,5400.000,0.0000%,0,
Contact STARLINK-4419 - STARLINK-2153,0.000,5400.000,0.0000%,0,
Contact STARLINK-4419 - STARLINK-3080,0.000,5400.000,0.0000%,0,
Contact STARLINK-4419 - STARLINK-5858,0.000,5400.000,0.0000%,0,
Contact STARLINK-4419 - STARLINK-31195,0.000,5400.000,0.0000%,0,
Contact STARLINK-4419 - STARLINK-5018,434.745,4965.255,8.0508%,2,
Contact STARLINK-4419 - STARLINK-4776,474.155,4925.845,8.7807%,2,
Contact STARLINK-4419 - STARLINK-5686,713.575,4686.425,13.2143%,1,
Contact STARLINK-4419 - STARLINK-31122,3915.852,1484.148,72.5158%,2,
Contact STARLINK-4419 - STARLINK-11130 [DTC],287.521,5112.479,5.3245%,2,
Contact STARLINK-4419 - STARLINK-32043,0.000,5400.000,0.0000%,0,
Contact STARLINK-4419 - STARLINK-1136,0.000,5400.000,0.0000%,0,
Contact STARLINK-4419 - STARLINK-31006,0.000,5400.000,0.0000%,0,
Contact STARLINK-4419 - STARLINK-4429,0.000,5400.000,0.0000%,0,
Contact STARLINK-4419 - STARLINK-4257,0.000,5400.000,0.0000%,0,
Contact STARLINK-4419 - STARLINK-5338,0.000,5400.000,0.0000%,0,
Contact STARLINK-4419 - STARLINK-1572,0.000,5400.000,0.0000%,0,
Contact STARLINK-4419 - STARLINK-32097,0.000,5400.000,0.0000%,0,
Contact STARLINK-4419 - STARLINK-2704,5400.000,0.000,100.0000%,1,
Contact STARLINK-4419 - STARLINK-3750,0.000,5400.000,0.0000%,0,
Contact STARLINK-4419 - STARLINK-6363,0.000,5400.000,0.0000%,0,
Contact STARLINK-4419 - STARLINK-1605,0.000,5400.000,0.0000%,0,
Contact STARLINK-4419 - STARLINK-2068,0.000,5400.000,0.0000%,0,
Contact STARLINK-4419 - STARLINK-30925,0.000,5400.000,0.0000%,0,
Contact STARLINK-4419 - STARLINK-4494,0.000,5400.000,0.0000%,0,
Contact STARLINK-4419 - STARLINK-2499,616.604,4783.396,11.4186%,2,
Contact STARLINK-4419 - STARLINK-3634,392.271,5007.729,7.2643%,2,
Contact STARLINK-4419 - STARLINK-3768,0.000,5400.000,0.0000%,0,
Contact STARLINK-4419 - STARLINK-30904,0.000,5400.000,0.0000%,0,
Contact STARLINK-4419 - MoonARTEMIS1,5400.000,0.000,100.0000%,1,
Contact STARLINK-4419 - MoonARTEMIS2,5400.000,0.000,100.0000%,1,
Contact STARLINK-4419 - MoonIOAGEO,5400.000,0.000,100.0000%,1,
Contact STARLINK-4419 - MoonIOAGNO,5400.000,0.000,100.0000%,1,
Contact STARLINK-4419 - MoonIOAGNO 0001,5400.000,0.000,100.0000%,1,
Contact STARLINK-4419 - MoonIOAGSO,5400.000,0.000,100.0000%,1,
Contact STARLINK-4419 - MoonIOAGSO 0001,5400.000,0.000,100.0000%,1,
Contact STARLINK-4419 - MoonLRO,3873.873,1526.127,71.7384%,1,
Contact STARLINK-4419 - MarsSat1,3650.725,1749.275,67.6060%,1,
Contact STARLINK-4419 - MarsSat2,3650.721,1749.279,67.6059%,1,
Contact STARLINK-4419 - MarsSat3,3650.722,1749.278,67.6060%,1,
Contact STARLINK-4419 - MarsSat4,3650.726,1749.274,67.6060%,1,
Contact STARLINK-30154 - STARLINK-3770,551.347,4848.653,10.2101%,1,
Contact STARLINK-30154 - STARLINK-30565,5400.000,0.000,100.0000%,1,
Contact STARLINK-30154 - STARLINK-30248,656.894,4743.106,12.1647%,2,
Contact STARLINK-30154 - STARLINK-5954,0.000,5400.000,0.0000%,0,
Contact STARLINK-30154 - STARLINK-5609,377.662,5022.338,6.9937%,1,
Contact STARLINK-30154 - STARLINK-3855,0.000,5400.000,0.0000%,0,
Contact STARLINK-30154 - STARLINK-4030,0.000,5400.000,0.0000%,0,
Contact STARLINK-30154 - STARLINK-5416,728.687,4671.313,13.4942%,1,
Contact STARLINK-30154 - STARLINK-5067,0.000,5400.000,0.0000%,0,
Contact STARLINK-30154 - STARLINK-1692,0.000,5400.000,0.0000%,0,
Contact STARLINK-30154 - STARLINK-3897,953.886,4446.114,17.6646%,1,
Contact STARLINK-30154 - STARLINK-6046,203.152,5196.848,3.7621%,2,
Contact STARLINK-30154 - STARLINK-4070,0.000,5400.000,0.0000%,0,
Contact STARLINK-30154 - STARLINK-31082,0.000,5400.000,0.0000%,0,
Contact STARLINK-30154 - STARLINK-5951,0.000,5400.000,0.0000%,0,
Contact STARLINK-30154 - STARLINK-4328,177.935,5222.065,3.2951%,1,
Contact STARLINK-30154 - STARLINK-1423,0.000,5400.000,0.0000%,0,
Contact STARLINK-30154 - STARLINK-2153,0.000,5400.000,0.0000%,0,
Contact STARLINK-30154 - STARLINK-3080,0.000,5400.000,0.0000%,0,
Contact STARLINK-30154 - STARLINK-5858,0.000,5400.000,0.0000%,0,
Contact STARLINK-30154 - STARLINK-31195,0.000,5400.000,0.0000%,0,
Contact STARLINK-30154 - STARLINK-5018,5400.000,0.000,100.0000%,1,
Contact STARLINK-30154 - STARLINK-4776,5400.000,0.000,100.0000%,1,
Contact STARLINK-30154 - STARLINK-5686,0.000,5400.000,0.0000%,0,
Contact STARLINK-30154 - STARLINK-31122,3986.006,1413.994,73.8149%,1,
Contact STARLINK-30154 - STARLINK-11130 [DTC],570.244,4829.756,10.5601%,1,
Contact STARLINK-30154 - STARLINK-32043,0.000,5400.000,0.0000%,0,
Contact STARLINK-30154 - STARLINK-1136,0.000,5400.000,0.0000%,0,
Contact STARLINK-30154 - STARLINK-31006,0.000,5400.000,0.0000%,0,
Contact STARLINK-30154 - STARLINK-4429,701.173,4698.827,12.9847%,1,
Contact STARLINK-30154 - STARLINK-4257,810.304,4589.696,15.0056%,1,
Contact STARLINK-30154 - STARLINK-5338,0.000,5400.000,0.0000%,0,
Contact STARLINK-30154 - STARLINK-1572,0.000,5400.000,0.0000%,0,
Contact STARLINK-30154 - STARLINK-32097,0.000,5400.000,0.0000%,0,
Contact STARLINK-30154 - STARLINK-2704,5400.000,0.000,100.0000%,1,
Contact STARLINK-30154 - STARLINK-3750,0.000,5400.000,0.0000%,0,
Contact STARLINK-30154 - STARLINK-6363,0.000,5400.000,0.0000%,0,
Contact STARLINK-30154 - STARLINK-1605,0.000,5400.000,0.0000%,0,
Contact STARLINK-30154 - STARLINK-2068,0.000,5400.000,0.0000%,0,
Contact STARLINK-30154 - STARLINK-30925,0.000,5400.000,0.0000%,0,
Contact STARLINK-30154 - STARLINK-4494,0.000,5400.000,0.0000%,0,
Contact STARLINK-30154 - STARLINK-2499,5400.000,0.000,100.0000%,1,
Contact STARLINK-30154 - STARLINK-3634,5400.000,0.000,100.0000%,1,
Contact STARLINK-30154 - STARLINK-3768,0.000,5400.000,0.0000%,0,
Contact STARLINK-30154 - STARLINK-30904,0.000,5400.000,0.0000%,0,
Contact STARLINK-30154 - MoonARTEMIS1,3845.544,1554.456,71.2138%,2,
Contact STARLINK-30154 - MoonARTEMIS2,3812.776,1587.224,70.6070%,2,
Contact STARLINK-30154 - MoonIOAGEO,3848.659,1551.341,71.2715%,2,
Contact STARLINK-30154 - MoonIOAGNO,3830.958,1569.042,70.9437%,2,
Contact STARLINK-30154 - MoonIOAGNO 0001,3801.270,1598.730,70.3939%,2,
Contact STARLINK-30154 - MoonIOAGSO,3858.366,1541.634,71.4512%,2,
Contact STARLINK-30154 - MoonIOAGSO 0001,3883.040,1516.960,71.9081%,2,
Contact STARLINK-30154 - MoonLRO,2254.777,3145.223,41.7551%,1,
Contact STARLINK-30154 - MarsSat1,4045.705,1354.295,74.9205%,1,
Contact STARLINK-30154 - MarsSat2,4045.635,1354.365,74.9192%,1,
Contact STARLINK-30154 - MarsSat3,4045.800,1354.200,74.9222%,1,
Contact STARLINK-30154 - MarsSat4,4045.735,1354.265,74.9210%,1,
Contact STARLINK-3770 - STARLINK-30565,1566.615,3833.385,29.0114%,1,
Contact STARLINK-3770 - STARLINK-30248,4003.786,1396.214,74.1442%,1,
Contact STARLINK-3770 - STARLINK-5954,0.000,5400.000,0.0000%,0,
Contact STARLINK-3770 - STARLINK-5609,0.000,5400.000,0.0000%,0,
Contact STARLINK-3770 - STARLINK-3855,0.000,5400.000,0.0000%,0,
Contact STARLINK-3770 - STARLINK-4030,0.000,5400.000,0.0000%,0,
Contact STARLINK-3770 - STARLINK-5416,0.000,5400.000,0.0000%,0,
Contact STARLINK-3770 - STARLINK-5067,0.000,5400.000,0.0000%,0,
Contact STARLINK-3770 - STARLINK-1692,5400.000,0.000,100.0000%,1,
Contact STARLINK-3770 - STARLINK-3897,0.000,5400.000,0.0000%,0,
Contact STARLINK-3770 - STARLINK-6046,1273.541,4126.459,23.5841%,1,
Contact STARLINK-3770 - STARLINK-4070,0.000,5400.000,0.0000%,0,
Contact STARLINK-3770 - STARLINK-31082,0.000,5400.000,0.0000%,0,
Contact STARLINK-3770 - STARLINK-5951,0.000,5400.000,0.0000%,0,
Contact STARLINK-3770 - STARLINK-4328,0.000,5400.000,0.0000%,0,
Contact STARLINK-3770 - STARLINK-1423,0.000,5400.000,0.0000%,0,
Contact STARLINK-3770 - STARLINK-2153,0.000,5400.000,0.0000%,0,
Contact STARLINK-3770 - STARLINK-3080,0.000,5400.000,0.0000%,0,
Contact STARLINK-3770 - STARLINK-5858,0.000,5400.000,0.0000%,0,
Contact STARLINK-3770 - STARLINK-31195,0.000,5400.000,0.0000%,0,
Contact STARLINK-3770 - STARLINK-5018,0.000,5400.000,0.0000%,0,
Contact STARLINK-3770 - STARLINK-4776,0.000,5400.000,0.0000%,0,
Contact STARLINK-3770 - STARLINK-5686,428.620,4971.380,7.9374%,2,
Contact STARLINK-3770 - STARLINK-31122,0.000,5400.000,0.0000%,0,
Contact STARLINK-3770 - STARLINK-11130 [DTC],0.000,5400.000,0.0000%,0,
Contact STARLINK-3770 - STARLINK-32043,0.000,5400.000,0.0000%,0,
Contact STARLINK-3770 - STARLINK-1136,0.000,5400.000,0.0000%,0,
Contact STARLINK-3770 - STARLINK-31006,0.000,5400.000,0.0000%,0,
Contact STARLINK-3770 - STARLINK-4429,0.000,5400.000,0.0000%,0,
Contact STARLINK-3770 - STARLINK-4257,5400.000,0.000,100.0000%,1,
Contact STARLINK-3770 - STARLINK-5338,0.000,5400.000,0.0000%,0,
Contact STARLINK-3770 - STARLINK-1572,0.000,5400.000,0.0000%,0,
Contact STARLINK-3770 - STARLINK-32097,0.000,5400.000,0.0000%,0,
Contact STARLINK-3770 - STARLINK-2704,4651.867,748.133,86.1457%,1,
Contact STARLINK-3770 - STARLINK-3750,0.000,5400.000,0.0000%,0,
Contact STARLINK-3770 - STARLINK-6363,0.000,5400.000,0.0000%,0,
Contact STARLINK-3770 - STARLINK-1605,0.000,5400.000,0.0000%,0,
Contact STARLINK-3770 - STARLINK-2068,0.000,5400.000,0.0000%,0,
Contact STARLINK-3770 - STARLINK-30925,689.514,4710.486,12.7688%,2,
Contact STARLINK-3770 - STARLINK-4494,0.000,5400.000,0.0000%,0,
Contact STARLINK-3770 - STARLINK-2499,0.000,5400.000,0.0000%,0,
Contact STARLINK-3770 - STARLINK-3634,3726.168,1673.832,69.0031%,1,
Contact STARLINK-3770 - STARLINK-3768,0.000,5400.000,0.0000%,0,
Contact STARLINK-3770 - STARLINK-30904,670.527,4729.473,12.4172%,1,
Contact STARLINK-3770 - MoonARTEMIS1,5400.000,0.000,100.0000%,1,
Contact STARLINK-3770 - MoonARTEMIS2,5400.000,0.000,100.0000%,1,
Contact STARLINK-3770 - MoonIOAGEO,5400.000,0.000,100.0000%,1,
Contact STARLINK-3770 - MoonIOAGNO,5400.000,0.000,100.0000%,1,
Contact STARLINK-3770 - MoonIOAGNO 0001,5400.000,0.000,100.0000%,1,
Contact STARLINK-3770 - MoonIOAGSO,5400.000,0.000,100.0000%,1,
Contact STARLINK-3770 - MoonIOAGSO 0001,5400.000,0.000,100.0000%,1,
Contact STARLINK-3770 - MoonLRO,3878.622,1521.378,71.8263%,1,
Contact STARLINK-3770 - MarsSat1,3789.192,1610.808,70.1702%,1,
Contact STARLINK-3770 - MarsSat2,3789.237,1610.763,70.1711%,1,
Contact STARLINK-3770 - MarsSat3,3789.124,1610.876,70.1690%,1,
Contact STARLINK-3770 - MarsSat4,3789.234,1610.766,70.1710%,1,
Contact STARLINK-30565 - STARLINK-30248,5400.000,0.000,100.0000%,1,
Contact STARLINK-30565 - STARLINK-5954,0.000,5400.000,0.0000%,0,
Contact STARLINK-30565 - STARLINK-5609,0.000,5400.000,0.0000%,0,
Contact STARLINK-30565 - STARLINK-3855,0.000,5400.000,0.0000%,0,
Contact STARLINK-30565 - STARLINK-4030,0.000,5400.000,0.0000%,0,
Contact STARLINK-30565 - STARLINK-5416,0.000,5400.000,0.0000%,0,
Contact STARLINK-30565 - STARLINK-5067,0.000,5400.000,0.0000%,0,
Contact STARLINK-30565 - STARLINK-1692,1003.340,4396.660,18.5804%,1,
Contact STARLINK-30565 - STARLINK-3897,0.000,5400.000,0.0000%,0,
Contact STARLINK-30565 - STARLINK-6046,132.050,5267.950,2.4454%,1,
Contact STARLINK-30565 - STARLINK-4070,0.000,5400.000,0.0000%,0,
Contact STARLINK-30565 - STARLINK-31082,0.000,5400.000,0.0000%,0,
Contact STARLINK-30565 - STARLINK-5951,0.000,5400.000,0.0000%,0,
Contact STARLINK-30565 - STARLINK-4328,0.000,5400.000,0.0000%,0,
Contact STARLINK-30565 - STARLINK-1423,0.000,5400.000,0.0000%,0,
Contact STARLINK-30565 - STARLINK-2153,0.000,5400.000,0.0000%,0,
Contact STARLINK-30565 - STARLINK-3080,0.000,5400.000,0.0000%,0,
Contact STARLINK-30565 - STARLINK-5858,0.000,5400.000,0.0000%,0,
Contact STARLINK-30565 - STARLINK-31195,0.000,5400.000,0.0000%,0,
Contact STARLINK-30565 - STARLINK-5018,806.831,4593.169,14.9413%,2,
Contact STARLINK-30565 - STARLINK-4776,0.000,5400.000,0.0000%,0,
Contact STARLINK-30565 - STARLINK-5686,645.000,4755.000,11.9444%,1,
Contact STARLINK-30565 - STARLINK-31122,5400.000,0.000,100.0000%,1,
Contact STARLINK-30565 - STARLINK-11130 [DTC],0.000,5400.000,0.0000%,0,
Contact STARLINK-30565 - STARLINK-32043,0.000,5400.000,0.0000%,0,
Contact STARLINK-30565 - STARLINK-1136,0.000,5400.000,0.0000%,0,
Contact STARLINK-30565 - STARLINK-31006,0.000,5400.000,0.0000%,0,
Contact STARLINK-30565 - STARLINK-4429,0.000,5400.000,0.0000%,0,
Contact STARLINK-30565 - STARLINK-4257,5400.000,0.000,100.0000%,1,
Contact STARLINK-30565 - STARLINK-5338,0.000,5400.000,0.0000%,0,
Contact STARLINK-30565 - STARLINK-1572,0.000,5400.000,0.0000%,0,
Contact STARLINK-30565 - STARLINK-32097,0.000,5400.000,0.0000%,0,
Contact STARLINK-30565 - STARLINK-2704,5400.000,0.000,100.0000%,1,
Contact STARLINK-30565 - STARLINK-3750,0.000,5400.000,0.0000%,0,
Contact STARLINK-30565 - STARLINK-6363,0.000,5400.000,0.0000%,0,
Contact STARLINK-30565 - STARLINK-1605,0.000,5400.000,0.0000%,0,
Contact STARLINK-30565 - STARLINK-2068,0.000,5400.000,0.0000%,0,
Contact STARLINK-30565 - STARLINK-30925,0.000,5400.000,0.0000%,0,
Contact STARLINK-30565 - STARLINK-4494,0.000,5400.000,0.0000%,0,
Contact STARLINK-30565 - STARLINK-2499,3730.322,1669.678,69.0800%,1,
Contact STARLINK-30565 - STARLINK-3634,5400.000,0.000,100.0000%,1,
Contact STARLINK-30565 - STARLINK-3768,0.000,5400.000,0.0000%,0,
Contact STARLINK-30565 - STARLINK-30904,0.000,5400.000,0.0000%,0,
Contact STARLINK-30565 - MoonARTEMIS1,5400.000,0.000,100.0000%,1,
Contact STARLINK-30565 - MoonARTEMIS2,5400.000,0.000,100.0000%,1,
Contact STARLINK-30565 - MoonIOAGEO,5400.000,0.000,100.0000%,1,
Contact STARLINK-30565 - MoonIOAGNO,5400.000,0.000,100.0000%,1,
Contact STARLINK-30565 - MoonIOAGNO 0001,5400.000,0.000,100.0000%,1,
Contact STARLINK-30565 - MoonIOAGSO,5400.000,0.000,100.0000%,1,
Contact STARLINK-30565 - MoonIOAGSO 0001,5400.000,0.000,100.0000%,1,
Contact STARLINK-30565 - MoonLRO,3877.776,1522.224,71.8107%,1,
Contact STARLINK-30565 - MarsSat1,3499.359,1900.641,64.8030%,1,
Contact STARLINK-30565 - MarsSat2,3499.354,1900.646,64.8029%,1,
Contact STARLINK-30565 - MarsSat3,3499.359,1900.641,64.8029%,1,
Contact STARLINK-30565 - MarsSat4,3499.372,1900.628,64.8032%,1,
Contact STARLINK-30248 - STARLINK-5954,3776.656,1623.344,69.9381%,1,
Contact STARLINK-30248 - STARLINK-5609,0.000,5400.000,0.0000%,0,
Contact STARLINK-30248 - STARLINK-3855,2697.507,2702.493,49.9538%,1,
Contact STARLINK-30248 - STARLINK-4030,0.000,5400.000,0.0000%,0,
Contact STARLINK-30248 - STARLINK-5416,0.000,5400.000,0.0000%,0,
Contact STARLINK-30248 - STARLINK-5067,0.000,5400.000,0.0000%,0,
Contact STARLINK-30248 - STARLINK-1692,3934.644,1465.356,72.8638%,1,
Contact STARLINK-30248 - STARLINK-3897,0.000,5400.000,0.0000%,0,
Contact STARLINK-30248 - STARLINK-6046,4530.075,869.925,83.8903%,2,
Contact STARLINK-30248 - STARLINK-4070,0.000,5400.000,0.0000%,0,
Contact STARLINK-30248 - STARLINK-31082,0.000,5400.000,0.0000%,0,
Contact STARLINK-30248 - STARLINK-5951,0.000,5400.000,0.0000%,0,
Contact STARLINK-30248 - STARLINK-4328,159.297,5240.703,2.9499%,1,
Contact STARLINK-30248 - STARLINK-1423,5400.000,0.000,100.0000%,1,
Contact STARLINK-30248 - STARLINK-2153,0.000,5400.000,0.0000%,0,
Contact STARLINK-30248 - STARLINK-3080,0.000,5400.000,0.0000%,0,
Contact STARLINK-30248 - STARLINK-5858,0.000,5400.000,0.0000%,0,
Contact STARLINK-30248 - STARLINK-31195,0.000,5400.000,0.0000%,0,
Contact STARLINK-30248 - STARLINK-5018,974.831,4425.169,18.0524%,2,
Contact STARLINK-30248 - STARLINK-4776,0.000,5400.000,0.0000%,0,
Contact STARLINK-30248 - STARLINK-5686,1266.998,4133.002,23.4629%,1,
Contact STARLINK-30248 - STARLINK-31122,0.000,5400.000,0.0000%,0,
Contact STARLINK-30248 - STARLINK-11130 [DTC],0.000,5400.000,0.0000%,0,
Contact STARLINK-30248 - STARLINK-32043,0.000,5400.000,0.0000%,0,
Contact STARLINK-30248 - STARLINK-1136,0.000,5400.000,0.0000%,0,
Contact STARLINK-30248 - STARLINK-31006,0.000,5400.000,0.0000%,0,
Contact STARLINK-30248 - STARLINK-4429,0.000,5400.000,0.0000%,0,
Contact STARLINK-30248 - STARLINK-4257,5400.000,0.000,100.0000%,1,
Contact STARLINK-30248 - STARLINK-5338,0.000,5400.000,0.0000%,0,
Contact STARLINK-30248 - STARLINK-1572,0.000,5400.000,0.0000%,0,
Contact STARLINK-30248 - STARLINK-32097,0.000,5400.000,0.0000%,0,
Contact STARLINK-30248 - STARLINK-2704,5400.000,0.000,100.0000%,1,
Contact STARLINK-30248 - STARLINK-3750,0.000,5400.000,0.0000%,0,
Contact STARLINK-30248 - STARLINK-6363,0.000,5400.000,0.0000%,0,
Contact STARLINK-30248 - STARLINK-1605,0.000,5400.000,0.0000%,0,
Contact STARLINK-30248 - STARLINK-2068,0.000,5400.000,0.0000%,0,
Contact STARLINK-30248 - STARLINK-30925,5400.000,0.000,100.0000%,1,
Contact STARLINK-30248 - STARLINK-4494,5400.000,0.000,100.0000%,1,
Contact STARLINK-30248 - STARLINK-2499,0.000,5400.000,0.0000%,0,
Contact STARLINK-30248 - STARLINK-3634,5400.000,0.000,100.0000%,1,
Contact STARLINK-30248 - STARLINK-3768,0.000,5400.000,0.0000%,0,
Contact STARLINK-30248 - STARLINK-30904,0.000,5400.000,0.0000%,0,
Contact STARLINK-30248 - MoonARTEMIS1,5400.000,0.000,100.0000%,1,
Contact STARLINK-30248 - MoonARTEMIS2,5400.000,0.000,100.0000%,1,
Contact STARLINK-30248 - MoonIOAGEO,5400.000,0.000,100.0000%,1,
Contact STARLINK-30248 - MoonIOAGNO,5400.000,0.000,100.0000%,1,
Contact STARLINK-30248 - MoonIOAGNO 0001,5400.000,0.000,100.0000%,1,
Contact STARLINK-30248 - MoonIOAGSO,5400.000,0.000,100.0000%,1,
Contact STARLINK-30248 - MoonIOAGSO 0001,5400.000,0.000,100.0000%,1,
Contact STARLINK-30248 - MoonLRO,3897.314,1502.686,72.1725%,1,
Contact STARLINK-30248 - MarsSat1,3541.563,1858.437,65.5845%,1,
Contact STARLINK-30248 - MarsSat2,3541.581,1858.419,65.5848%,1,
Contact STARLINK-30248 - MarsSat3,3541.539,1858.461,65.5840%,1,
Contact STARLINK-30248 - MarsSat4,3541.620,1858.380,65.5856%,1,
Contact STARLINK-5954 - STARLINK-5609,0.000,5400.000,0.0000%,0,
Contact STARLINK-5954 - STARLINK-3855,1232.523,4167.477,22.8245%,2,
Contact STARLINK-5954 - STARLINK-4030,0.000,5400.000,0.0000%,0,
Contact STARLINK-5954 - STARLINK-5416,0.000,5400.000,0.0000%,0,
Contact STARLINK-5954 - STARLINK-5067,0.000,5400.000,0.0000%,0,
Contact STARLINK-5954 - STARLINK-1692,610.714,4789.286,11.3095%,1,
Contact STARLINK-5954 - STARLINK-3897,0.000,5400.000,0.0000%,0,
Contact STARLINK-5954 - STARLINK-6046,122.982,5277.018,2.2774%,2,
Contact STARLINK-5954 - STARLINK-4070,0.000,5400.000,0.0000%,0,
Contact STARLINK-5954 - STARLINK-31082,0.000,5400.000,0.0000%,0,
Contact STARLINK-5954 - STARLINK-5951,0.000,5400.000,0.0000%,0,
Contact STARLINK-5954 - STARLINK-4328,529.222,4870.778,9.8004%,1,
Contact STARLINK-5954 - STARLINK-1423,5400.000,0.000,100.0000%,1,
Contact STARLINK-5954 - STARLINK-2153,0.000,5400.000,0.0000%,0,
Contact STARLINK-5954 - STARLINK-3080,0.000,5400.000,0.0000%,0,
Contact STARLINK-5954 - STARLINK-5858,0.000,5400.000,0.0000%,0,
Contact STARLINK-5954 - STARLINK-31195,0.000,5400.000,0.0000%,0,
Contact STARLINK-5954 - STARLINK-5018,0.000,5400.000,0.0000%,0,
Contact STARLINK-5954 - STARLINK-4776,0.000,5400.000,0.0000%,0,
Contact STARLINK-5954 - STARLINK-5686,1058.349,4341.651,19.5991%,1,
Contact STARLINK-5954 - STARLINK-31122,0.000,5400.000,0.0000%,0,
Contact STARLINK-5954 - STARLINK-11130 [DTC],0.000,5400.000,0.0000%,0,
Contact STARLINK-5954 - STARLINK-32043,0.000,5400.000,0.0000%,0,
Contact STARLINK-5954 - STARLINK-1136,0.000,5400.000,0.0000%,0,
Contact STARLINK-5954 - STARLINK-31006,0.000,5400.000,0.0000%,0,
Contact STARLINK-5954 - STARLINK-4429,0.000,5400.000,0.0000%,0,
Contact STARLINK-5954 - STARLINK-4257,0.000,5400.000,0.0000%,0,
Contact STARLINK-5954 - STARLINK-5338,0.000,5400.000,0.0000%,0,
Contact STARLINK-5954 - STARLINK-1572,0.000,5400.000,0.0000%,0,
Contact STARLINK-5954 - STARLINK-32097,0.000,5400.000,0.0000%,0,
Contact STARLINK-5954 - STARLINK-2704,0.000,5400.000,0.0000%,0,
Contact STARLINK-5954 - STARLINK-3750,0.000,5400.000,0.0000%,0,
Contact STARLINK-5954 - STARLINK-6363,0.000,5400.000,0.0000%,0,
Contact STARLINK-5954 - STARLINK-1605,0.000,5400.000,0.0000%,0,
Contact STARLINK-5954 - STARLINK-2068,0.000,5400.000,0.0000%,0,
Contact STARLINK-5954 - STARLINK-30925,5400.000,0.000,100.0000%,1,
Contact STARLINK-5954 - STARLINK-4494,907.734,4492.266,16.8099%,2,
Contact STARLINK-5954 - STARLINK-2499,0.000,5400.000,0.0000%,0,
Contact STARLINK-5954 - STARLINK-3634,1590.213,3809.787,29.4484%,1,
Contact STARLINK-5954 - STARLINK-3768,0.000,5400.000,0.0000%,0,
Contact STARLINK-5954 - STARLINK-30904,245.749,5154.251,4.5509%,1,
Contact STARLINK-5954 - MoonARTEMIS1,4975.623,424.377,92.1412%,1,
Contact STARLINK-5954 - MoonARTEMIS2,5400.000,0.000,100.0000%,1,
Contact STARLINK-5954 - MoonIOAGEO,4995.415,404.585,92.5077%,1,
Contact STARLINK-5954 - MoonIOAGNO,5017.791,382.209,92.9221%,1,
Contact STARLINK-5954 - MoonIOAGNO 0001,5400.000,0.000,100.0000%,1,
Contact STARLINK-5954 - MoonIOAGSO,4978.038,421.962,92.1859%,1,
Contact STARLINK-5954 - MoonIOAGSO 0001,4877.845,522.155,90.3305%,1,
Contact STARLINK-5954 - MoonLRO,3915.344,1484.656,72.5064%,1,
Contact STARLINK-5954 - MarsSat1,5400.000,0.000,100.0000%,1,
Contact STARLINK-5954 - MarsSat2,5400.000,0.000,100.0000%,1,
Contact STARLINK-5954 - MarsSat3,5400.000,0.000,100.0000%,1,
Contact STARLINK-5954 - MarsSat4,5400.000,0.000,100.0000%,1,
Contact STARLINK-5609 - STARLINK-3855,0.000,5400.000,0.0000%,0,
Contact STARLINK-5609 - STARLINK-4030,0.000,5400.000,0.0000%,0,
Contact STARLINK-5609 - STARLINK-5416,849.582,4550.418,15.7330%,1,
Contact STARLINK-5609 - STARLINK-5067,0.000,5400.000,0.0000%,0,
Contact STARLINK-5609 - STARLINK-1692,0.000,5400.000,0.0000%,0,
Contact STARLINK-5609 - STARLINK-3897,0.000,5400.000,0.0000%,0,
Contact STARLINK-5609 - STARLINK-6046,0.000,5400.000,0.0000%,0,
Contact STARLINK-5609 - STARLINK-4070,638.924,4761.076,11.8319%,1,
Contact STARLINK-5609 - STARLINK-31082,754.648,4645.352,13.9750%,1,
Contact STARLINK-5609 - STARLINK-5951,3855.722,1544.278,71.4023%,1,
Contact STARLINK-5609 - STARLINK-4328,0.000,5400.000,0.0000%,0,
Contact STARLINK-5609 - STARLINK-1423,0.000,5400.000,0.0000%,0,
Contact STARLINK-5609 - STARLINK-2153,0.000,5400.000,0.0000%,0,
Contact STARLINK-5609 - STARLINK-3080,898.871,4501.129,16.6458%,1,
Contact STARLINK-5609 - STARLINK-5858,0.000,5400.000,0.0000%,0,
Contact STARLINK-5609 - STARLINK-31195,0.000,5400.000,0.0000%,0,
Contact STARLINK-5609 - STARLINK-5018,0.000,5400.000,0.0000%,0,
Contact STARLINK-5609 - STARLINK-4776,5400.000,0.000,100.0000%,1,
Contact STARLINK-5609 - STARLINK-5686,0.000,5400.000,0.0000%,0,
Contact STARLINK-5609 - STARLINK-31122,0.000,5400.000,0.0000%,0,
Contact STARLINK-5609 - STARLINK-11130 [DTC],5400.000,0.000,100.0000%,1,
Contact STARLINK-5609 - STARLINK-32043,0.000,5400.000,0.0000%,0,
Contact STARLINK-5609 - STARLINK-1136,0.000,5400.000,0.0000%,0,
Contact STARLINK-5609 - STARLINK-31006,0.000,5400.000,0.0000%,0,
Contact STARLINK-5609 - STARLINK-4429,0.000,5400.000,0.0000%,0,
Contact STARLINK-5609 - STARLINK-4257,0.000,5400.000,0.0000%,0,
Contact STARLINK-5609 - STARLINK-5338,0.000,5400.000,0.0000%,0,
Contact STARLINK-5609 - STARLINK-1572,0.000,5400.000,0.0000%,0,
Contact STARLINK-5609 - STARLINK-32097,0.000,5400.000,0.0000%,0,
Contact STARLINK-5609 - STARLINK-2704,0.000,5400.000,0.0000%,0,
Contact STARLINK-5609 - STARLINK-3750,0.000,5400.000,0.0000%,0,
Contact STARLINK-5609 - STARLINK-6363,0.000,5400.000,0.0000%,0,
Contact STARLINK-5609 - STARLINK-1605,0.000,5400.000,0.0000%,0,
Contact STARLINK-5609 - STARLINK-2068,5400.000,0.000,100.0000%,1,
Contact STARLINK-5609 - STARLINK-30925,0.000,5400.000,0.0000%,0,
Contact STARLINK-5609 - STARLINK-4494,0.000,5400.000,0.0000%,0,
Contact STARLINK-5609 - STARLINK-2499,4042.599,1357.401,74.8630%,2,
Contact STARLINK-5609 - STARLINK-3634,0.000,5400.000,0.0000%,0,
Contact STARLINK-5609 - STARLINK-3768,0.000,5400.000,0.0000%,0,
Contact STARLINK-5609 - STARLINK-30904,0.000,5400.000,0.0000%,0,
Contact STARLINK-5609 - MoonARTEMIS1,3233.188,2166.812,59.8738%,2,
Contact STARLINK-5609 - MoonARTEMIS2,3235.736,2164.264,59.9210%,2,
Contact STARLINK-5609 - MoonIOAGEO,3238.745,2161.255,59.9768%,2,
Contact STARLINK-5609 - MoonIOAGNO,3234.553,2165.447,59.8991%,2,
Contact STARLINK-5609 - MoonIOAGNO 0001,3235.930,2164.070,59.9246%,2,
Contact STARLINK-5609 - MoonIOAGSO,3238.890,2161.110,59.9794%,2,
Contact STARLINK-5609 - MoonIOAGSO 0001,3233.387,2166.613,59.8775%,2,
Contact STARLINK-5609 - MoonLRO,2942.214,2457.786,54.4854%,1,
Contact STARLINK-5609 - MarsSat1,3336.718,2063.282,61.7911%,1,
Contact STARLINK-5609 - MarsSat2,3336.754,2063.246,61.7917%,1,
Contact STARLINK-5609 - MarsSat3,3336.663,2063.337,61.7901%,1,
Contact STARLINK-5609 - MarsSat4,3336.678,2063.322,61.7903%,1,
Contact STARLINK-3855 - STARLINK-4030,0.000,5400.000,0.0000%,0,
Contact STARLINK-3855 - STARLINK-5416,0.000,5400.000,0.0000%,0,
Contact STARLINK-3855 - STARLINK-5067,0.000,5400.000,0.0000%,0,
Contact STARLINK-3855 - STARLINK-1692,0.000,5400.000,0.0000%,0,
Contact STARLINK-3855 - STARLINK-3897,0.000,5400.000,0.0000%,0,
Contact STARLINK-3855 - STARLINK-6046,3704.559,1695.441,68.6029%,2,
Contact STARLINK-3855 - STARLINK-4070,0.000,5400.000,0.0000%,0,
Contact STARLINK-3855 - STARLINK-31082,0.000,5400.000,0.0000%,0,
Contact STARLINK-3855 - STARLINK-5951,0.000,5400.000,0.0000%,0,
Contact STARLINK-3855 - STARLINK-4328,626.060,4773.940,11.5937%,1,
Contact STARLINK-3855 - STARLINK-1423,5400.000,0.000,100.0000%,1,
Contact STARLINK-3855 - STARLINK-2153,0.000,5400.000,0.0000%,0,
Contact STARLINK-3855 - STARLINK-3080,0.000,5400.000,0.0000%,0,
Contact STARLINK-3855 - STARLINK-5858,0.000,5400.000,0.0000%,0,
Contact STARLINK-3855 - STARLINK-31195,0.000,5400.000,0.0000%,0,
Contact STARLINK-3855 - STARLINK-5018,0.000,5400.000,0.0000%,0,
Contact STARLINK-3855 - STARLINK-4776,0.000,5400.000,0.0000%,0,
Contact STARLINK-3855 - STARLINK-5686,0.000,5400.000,0.0000%,0,
Contact STARLINK-3855 - STARLINK-31122,0.000,5400.000,0.0000%,0,
Contact STARLINK-3855 - STARLINK-11130 [DTC],0.000,5400.000,0.0000%,0,
Contact STARLINK-3855 - STARLINK-32043,0.000,5400.000,0.0000%,0,
Contact STARLINK-3855 - STARLINK-1136,702.467,4697.533,13.0086%,1,
Contact STARLINK-3855 - STARLINK-31006,912.562,4487.438,16.8993%,1,
Contact STARLINK-3855 - STARLINK-4429,0.000,5400.000,0.0000%,0,
Contact STARLINK-3855 - STARLINK-4257,0.000,5400.000,0.0000%,0,
Contact STARLINK-3855 - STARLINK-5338,0.000,5400.000,0.0000%,0,
Contact STARLINK-3855 - STARLINK-1572,0.000,5400.000,0.0000%,0,
Contact STARLINK-3855 - STARLINK-32097,0.000,5400.000,0.0000%,0,
Contact STARLINK-3855 - STARLINK-2704,0.000,5400.000,0.0000%,0,
Contact STARLINK-3855 - STARLINK-3750,0.000,5400.000,0.0000%,0,
Contact STARLINK-3855 - STARLINK-6363,0.000,5400.000,0.0000%,0,
Contact STARLINK-3855 - STARLINK-1605,0.000,5400.000,0.0000%,0,
Contact STARLINK-3855 - STARLINK-2068,0.000,5400.000,0.0000%,0,
Contact STARLINK-3855 - STARLINK-30925,5400.000,0.000,100.0000%,1,
Contact STARLINK-3855 - STARLINK-4494,5400.000,0.000,100.0000%,1,
Contact STARLINK-3855 - STARLINK-2499,0.000,5400.000,0.0000%,0,
Contact STARLINK-3855 - STARLINK-3634,0.000,5400.000,0.0000%,0,
Contact STARLINK-3855 - STARLINK-3768,0.000,5400.000,0.0000%,0,
Contact STARLINK-3855 - STARLINK-30904,4077.530,1322.470,75.5098%,1,
Contact STARLINK-3855 - MoonARTEMIS1,3564.817,1835.183,66.0151%,1,
Contact STARLINK-3855 - MoonARTEMIS2,3547.596,1852.404,65.6962%,1,
Contact STARLINK-3855 - MoonIOAGEO,3561.996,1838.004,65.9629%,1,
Contact STARLINK-3855 - MoonIOAGNO,3553.699,1846.301,65.8092%,1,
Contact STARLINK-3855 - MoonIOAGNO 0001,3539.919,1860.081,65.5541%,1,
Contact STARLINK-3855 - MoonIOAGSO,3569.660,1830.340,66.1048%,1,
Contact STARLINK-3855 - MoonIOAGSO 0001,3580.813,1819.187,66.3113%,1,
Contact STARLINK-3855 - MoonLRO,2071.810,3328.190,38.3669%,1,
Contact STARLINK-3855 - MarsSat1,3342.473,2057.527,61.8977%,2,
Contact STARLINK-3855 - MarsSat2,3342.460,2057.540,61.8974%,2,
Contact STARLINK-3855 - MarsSat3,3342.498,2057.502,61.8981%,2,
Contact STARLINK-3855 - MarsSat4,3342.494,2057.506,61.8980%,2,
Contact STARLINK-4030 - STARLINK-5416,317.857,5082.143,5.8862%,1,
Contact STARLINK-4030 - STARLINK-5067,0.000,5400.000,0.0000%,0,
Contact STARLINK-4030 - STARLINK-1692,0.000,5400.000,0.0000%,0,
Contact STARLINK-4030 - STARLINK-3897,0.000,5400.000,0.0000%,0,
Contact STARLINK-4030 - STARLINK-6046,0.000,5400.000,0.0000%,0,
Contact STARLINK-4030 - STARLINK-4070,0.000,5400.000,0.0000%,0,
Contact STARLINK-4030 - STARLINK-31082,5400.000,0.000,100.0000%,1,
Contact STARLINK-4030 - STARLINK-5951,685.419,4714.581,12.6929%,1,
Contact STARLINK-4030 - STARLINK-4328,0.000,5400.000,0.0000%,0,
Contact STARLINK-4030 - STARLINK-1423,0.000,5400.000,0.0000%,0,
Contact STARLINK-4030 - STARLINK-2153,0.000,5400.000,0.0000%,0,
Contact STARLINK-4030 - STARLINK-3080,574.056,4825.944,10.6307%,2,
Contact STARLINK-4030 - STARLINK-5858,0.000,5400.000,0.0000%,0,
Contact STARLINK-4030 - STARLINK-31195,0.000,5400.000,0.0000%,0,
Contact STARLINK-4030 - STARLINK-5018,0.000,5400.000,0.0000%,0,
Contact STARLINK-4030 - STARLINK-4776,0.000,5400.000,0.0000%,0,
Contact STARLINK-4030 - STARLINK-5686,0.000,5400.000,0.0000%,0,
Contact STARLINK-4030 - STARLINK-31122,0.000,5400.000,0.0000%,0,
Contact STARLINK-4030 - STARLINK-11130 [DTC],0.000,5400.000,0.0000%,0,
Contact STARLINK-4030 - STARLINK-32043,0.000,5400.000,0.0000%,0,
Contact STARLINK-4030 - STARLINK-1136,0.000,5400.000,0.0000%,0,
Contact STARLINK-4030 - STARLINK-31006,0.000,5400.000,0.0000%,0,
Contact STARLINK-4030 - STARLINK-4429,0.000,5400.000,0.0000%,0,
Contact STARLINK-4030 - STARLINK-4257,0.000,5400.000,0.0000%,0,
Contact STARLINK-4030 - STARLINK-5338,0.000,5400.000,0.0000%,0,
Contact STARLINK-4030 - STARLINK-1572,1177.208,4222.792,21.8001%,1,
Contact STARLINK-4030 - STARLINK-32097,0.000,5400.000,0.0000%,0,
Contact STARLINK-4030 - STARLINK-2704,0.000,5400.000,0.0000%,0,
Contact STARLINK-4030 - STARLINK-3750,0.000,5400.000,0.0000%,0,
Contact STARLINK-4030 - STARLINK-6363,0.000,5400.000,0.0000%,0,
Contact STARLINK-4030 - STARLINK-1605,0.000,5400.000,0.0000%,0,
Contact STARLINK-4030 - STARLINK-2068,977.092,4422.908,18.0943%,1,
Contact STARLINK-4030 - STARLINK-30925,0.000,5400.000,0.0000%,0,
Contact STARLINK-4030 - STARLINK-4494,0.000,5400.000,0.0000%,0,
Contact STARLINK-4030 - STARLINK-2499,0.000,5400.000,0.0000%,0,
Contact STARLINK-4030 - STARLINK-3634,0.000,5400.000,0.0000%,0,
Contact STARLINK-4030 - STARLINK-3768,5400.000,0.000,100.0000%,1,
Contact STARLINK-4030 - STARLINK-30904,0.000,5400.000,0.0000%,0,
Contact STARLINK-4030 - MoonARTEMIS1,3392.724,2007.276,62.8282%,2,
Contact STARLINK-4030 - MoonARTEMIS2,3406.908,1993.092,63.0909%,2,
Contact STARLINK-4030 - MoonIOAGEO,3400.286,1999.714,62.9683%,2,
Contact STARLINK-4030 - MoonIOAGNO,3406.156,1993.844,63.0770%,2,
Contact STARLINK-4030 - MoonIOAGNO 0001,3403.603,1996.397,63.0297%,2,
Contact STARLINK-4030 - MoonIOAGSO,3391.048,2008.952,62.7972%,2,
Contact STARLINK-4030 - MoonIOAGSO 0001,3387.404,2012.596,62.7297%,2,
Contact STARLINK-4030 - MoonLRO,2905.256,2494.744,53.8010%,1,
Contact STARLINK-4030 - MarsSat1,5400.000,0.000,100.0000%,1,
Contact STARLINK-4030 - MarsSat2,5400.000,0.000,100.0000%,1,
Contact STARLINK-4030 - MarsSat3,5400.000,0.000,100.0000%,1,
Contact STARLINK-4030 - MarsSat4,5400.000,0.000,100.0000%,1,
Contact STARLINK-5416 - STARLINK-5067,0.000,5400.000,0.0000%,0,
Contact STARLINK-5416 - STARLINK-1692,0.000,5400.000,0.0000%,0,
Contact STARLINK-5416 - STARLINK-3897,5400.000,0.000,100.0000%,1,
Contact STARLINK-5416 - STARLINK-6046,0.000,5400.000,0.0000%,0,
Contact STARLINK-5416 - STARLINK-4070,0.000,5400.000,0.0000%,0,
Contact STARLINK-5416 - STARLINK-31082,5400.000,0.000,100.0000%,1,
Contact STARLINK-5416 - STARLINK-5951,5400.000,0.000,100.0000%,1,
Contact STARLINK-5416 - STARLINK-4328,0.000,5400.000,0.0000%,0,
Contact STARLINK-5416 - STARLINK-1423,0.000,5400.000,0.0000%,0,
Contact STARLINK-5416 - STARLINK-2153,0.000,5400.000,0.0000%,0,
Contact STARLINK-5416 - STARLINK-3080,5400.000,0.000,100.0000%,1,
Contact STARLINK-5416 - STARLINK-5858,0.000,5400.000,0.0000%,0,
Contact STARLINK-5416 - STARLINK-31195,0.000,5400.000,0.0000%,0,
Contact STARLINK-5416 - STARLINK-5018,275.253,5124.747,5.0973%,1,
Contact STARLINK-5416 - STARLINK-4776,1019.826,4380.174,18.8857%,1,
Contact STARLINK-5416 - STARLINK-5686,0.000,5400.000,0.0000%,0,
Contact STARLINK-5416 - STARLINK-31122,5400.000,0.000,100.0000%,1,
Contact STARLINK-5416 - STARLINK-11130 [DTC],636.157,4763.843,11.7807%,1,
Contact STARLINK-5416 - STARLINK-32043,0.000,5400.000,0.0000%,0,
Contact STARLINK-5416 - STARLINK-1136,0.000,5400.000,0.0000%,0,
Contact STARLINK-5416 - STARLINK-31006,0.000,5400.000,0.0000%,0,
Contact STARLINK-5416 - STARLINK-4429,4254.064,1145.936,78.7790%,1,
Contact STARLINK-5416 - STARLINK-4257,0.000,5400.000,0.0000%,0,
Contact STARLINK-5416 - STARLINK-5338,0.000,5400.000,0.0000%,0,
Contact STARLINK-5416 - STARLINK-1572,0.000,5400.000,0.0000%,0,
Contact STARLINK-5416 - STARLINK-32097,0.000,5400.000,0.0000%,0,
Contact STARLINK-5416 - STARLINK-2704,0.000,5400.000,0.0000%,0,
Contact STARLINK-5416 - STARLINK-3750,0.000,5400.000,0.0000%,0,
Contact STARLINK-5416 - STARLINK-6363,0.000,5400.000,0.0000%,0,
Contact STARLINK-5416 - STARLINK-1605,0.000,5400.000,0.0000%,0,
Contact STARLINK-5416 - STARLINK-2068,0.000,5400.000,0.0000%,0,
Contact STARLINK-5416 - STARLINK-30925,0.000,5400.000,0.0000%,0,
Contact STARLINK-5416 - STARLINK-4494,0.000,5400.000,0.0000%,0,
Contact STARLINK-5416 - STARLINK-2499,986.952,4413.048,18.2769%,1,
Contact STARLINK-5416 - STARLINK-3634,0.000,5400.000,0.0000%,0,
Contact STARLINK-5416 - STARLINK-3768,0.000,5400.000,0.0000%,0,
Contact STARLINK-5416 - STARLINK-30904,0.000,5400.000,0.0000%,0,
Contact STARLINK-5416 - MoonARTEMIS1,3261.722,2138.278,60.4023%,2,
Contact STARLINK-5416 - MoonARTEMIS2,3261.884,2138.116,60.4053%,2,
Contact STARLINK-5416 - MoonIOAGEO,3265.141,2134.859,60.4656%,2,
Contact STARLINK-5416 - MoonIOAGNO,3264.950,2135.050,60.4620%,2,
Contact STARLINK-5416 - MoonIOAGNO 0001,3262.406,2137.594,60.4149%,2,
Contact STARLINK-5416 - MoonIOAGSO,3263.141,2136.859,60.4285%,2,
Contact STARLINK-5416 - MoonIOAGSO 0001,3265.579,2134.421,60.4737%,2,
Contact STARLINK-5416 - MoonLRO,2123.167,3276.833,39.3179%,1,
Contact STARLINK-5416 - MarsSat1,3615.252,1784.748,66.9491%,1,
Contact STARLINK-5416 - MarsSat2,3615.250,1784.750,66.9491%,1,
Contact STARLINK-5416 - MarsSat3,3615.246,1784.754,66.9490%,1,
Contact STARLINK-5416 - MarsSat4,3615.259,1784.741,66.9492%,1,
Contact STARLINK-5067 - STARLINK-1692,0.000,5400.000,0.0000%,0,
Contact STARLINK-5067 - STARLINK-3897,0.000,5400.000,0.0000%,0,
Contact STARLINK-5067 - STARLINK-6046,0.000,5400.000,0.0000%,0,
Contact STARLINK-5067 - STARLINK-4070,0.000,5400.000,0.0000%,0,
Contact STARLINK-5067 - STARLINK-31082,0.000,5400.000,0.0000%,0,
Contact STARLINK-5067 - STARLINK-5951,0.000,5400.000,0.0000%,0,
Contact STARLINK-5067 - STARLINK-4328,0.000,5400.000,0.0000%,0,
Contact STARLINK-5067 - STARLINK-1423,0.000,5400.000,0.0000%,0,
Contact STARLINK-5067 - STARLINK-2153,5400.000,0.000,100.0000%,1,
Contact STARLINK-5067 - STARLINK-3080,0.000,5400.000,0.0000%,0,
Contact STARLINK-5067 - STARLINK-5858,1153.384,4246.616,21.3590%,2,
Contact STARLINK-5067 - STARLINK-31195,418.896,4981.104,7.7573%,2,
Contact STARLINK-5067 - STARLINK-5018,0.000,5400.000,0.0000%,0,
Contact STARLINK-5067 - STARLINK-4776,0.000,5400.000,0.0000%,0,
Contact STARLINK-5067 - STARLINK-5686,0.000,5400.000,0.0000%,0,
Contact STARLINK-5067 - STARLINK-31122,0.000,5400.000,0.0000%,0,
Contact STARLINK-5067 - STARLINK-11130 [DTC],0.000,5400.000,0.0000%,0,
Contact STARLINK-5067 - STARLINK-32043,5400.000,0.000,100.0000%,1,
Contact STARLINK-5067 - STARLINK-1136,4740.305,659.695,87.7834%,1,
Contact STARLINK-5067 - STARLINK-31006,0.000,5400.000,0.0000%,0,
Contact STARLINK-5067 - STARLINK-4429,0.000,5400.000,0.0000%,0,
Contact STARLINK-5067 - STARLINK-4257,0.000,5400.000,0.0000%,0,
Contact STARLINK-5067 - STARLINK-5338,335.216,5064.784,6.2077%,1,
Contact STARLINK-5067 - STARLINK-1572,460.702,4939.298,8.5315%,2,
Contact STARLINK-5067 - STARLINK-32097,0.000,5400.000,0.0000%,0,
Contact STARLINK-5067 - STARLINK-2704,0.000,5400.000,0.0000%,0,
Contact STARLINK-5067 - STARLINK-3750,537.433,4862.567,9.9525%,2,
Contact STARLINK-5067 - STARLINK-6363,0.000,5400.000,0.0000%,0,
Contact STARLINK-5067 - STARLINK-1605,5312.487,87.513,98.3794%,1,
Contact STARLINK-5067 - STARLINK-2068,0.000,5400.000,0.0000%,0,
Contact STARLINK-5067 - STARLINK-30925,0.000,5400.000,0.0000%,0,
Contact STARLINK-5067 - STARLINK-4494,0.000,5400.000,0.0000%,0,
Contact STARLINK-5067 - STARLINK-2499,0.000,5400.000,0.0000%,0,
Contact STARLINK-5067 - STARLINK-3634,0.000,5400.000,0.0000%,0,
Contact STARLINK-5067 - STARLINK-3768,385.549,5014.451,7.1398%,2,
Contact STARLINK-5067 - STARLINK-30904,0.000,5400.000,0.0000%,0,
Contact STARLINK-5067 - MoonARTEMIS1,3775.925,1624.075,69.9245%,1,
Contact STARLINK-5067 - MoonARTEMIS2,3775.129,1624.871,69.9098%,1,
Contact STARLINK-5067 - MoonIOAGEO,3769.534,1630.466,69.8062%,1,
Contact STARLINK-5067 - MoonIOAGNO,3782.018,1617.982,70.0374%,1,
Contact STARLINK-5067 - MoonIOAGNO 0001,3762.008,1637.992,69.6668%,1,
Contact STARLINK-5067 - MoonIOAGSO,3762.990,1637.010,69.6850%,1,
Contact STARLINK-5067 - MoonIOAGSO 0001,3785.862,1614.138,70.1086%,1,
Contact STARLINK-5067 - MoonLRO,2523.237,2876.763,46.7266%,1,
Contact STARLINK-5067 - MarsSat1,3491.550,1908.450,64.6583%,2,
Contact STARLINK-5067 - MarsSat2,3491.537,1908.463,64.6581%,2,
Contact STARLINK-5067 - MarsSat3,3491.564,1908.436,64.6586%,2,
Contact STARLINK-5067 - MarsSat4,3491.498,1908.502,64.6574%,2,
Contact STARLINK-1692 - STARLINK-3897,0.000,5400.000,0.0000%,0,
Contact STARLINK-1692 - STARLINK-6046,1402.840,3997.160,25.9785%,1,
Contact STARLINK-1692 - STARLINK-4070,0.000,5400.000,0.0000%,0,
Contact STARLINK-1692 - STARLINK-31082,0.000,5400.000,0.0000%,0,
Contact STARLINK-1692 - STARLINK-5951,0.000,5400.000,0.0000%,0,
Contact STARLINK-1692 - STARLINK-4328,0.000,5400.000,0.0000%,0,
Contact STARLINK-1692 - STARLINK-1423,586.427,4813.573,10.8598%,1,
Contact STARLINK-1692 - STARLINK-2153,0.000,5400.000,0.0000%,0,
Contact STARLINK-1692 - STARLINK-3080,0.000,5400.000,0.0000%,0,
Contact STARLINK-1692 - STARLINK-5858,0.000,5400.000,0.0000%,0,
Contact STARLINK-1692 - STARLINK-31195,0.000,5400.000,0.0000%,0,
Contact STARLINK-1692 - STARLINK-5018,0.000,5400.000,0.0000%,0,
Contact STARLINK-1692 - STARLINK-4776,0.000,5400.000,0.0000%,0,
Contact STARLINK-1692 - STARLINK-5686,0.000,5400.000,0.0000%,0,
Contact STARLINK-1692 - STARLINK-31122,0.000,5400.000,0.0000%,0,
Contact STARLINK-1692 - STARLINK-11130 [DTC],0.000,5400.000,0.0000%,0,
Contact STARLINK-1692 - STARLINK-32043,0.000,5400.000,0.0000%,0,
Contact STARLINK-1692 - STARLINK-1136,0.000,5400.000,0.0000%,0,
Contact STARLINK-1692 - STARLINK-31006,0.000,5400.000,0.0000%,0,
Contact STARLINK-1692 - STARLINK-4429,0.000,5400.000,0.0000%,0,
Contact STARLINK-1692 - STARLINK-4257,5400.000,0.000,100.0000%,1,
Contact STARLINK-1692 - STARLINK-5338,0.000,5400.000,0.0000%,0,
Contact STARLINK-1692 - STARLINK-1572,0.000,5400.000,0.0000%,0,
Contact STARLINK-1692 - STARLINK-32097,0.000,5400.000,0.0000%,0,
Contact STARLINK-1692 - STARLINK-2704,1285.793,4114.207,23.8110%,1,
Contact STARLINK-1692 - STARLINK-3750,0.000,5400.000,0.0000%,0,
Contact STARLINK-1692 - STARLINK-6363,0.000,5400.000,0.0000%,0,
Contact STARLINK-1692 - STARLINK-1605,0.000,5400.000,0.0000%,0,
Contact STARLINK-1692 - STARLINK-2068,0.000,5400.000,0.0000%,0,
Contact STARLINK-1692 - STARLINK-30925,694.205,4705.795,12.8556%,2,
Contact STARLINK-1692 - STARLINK-4494,921.921,4478.079,17.0726%,1,
Contact STARLINK-1692 - STARLINK-2499,0.000,5400.000,0.0000%,0,
Contact STARLINK-1692 - STARLINK-3634,706.383,4693.617,13.0812%,1,
Contact STARLINK-1692 - STARLINK-3768,0.000,5400.000,0.0000%,0,
Contact STARLINK-1692 - STARLINK-30904,724.976,4675.024,13.4255%,2,
Contact STARLINK-1692 - MoonARTEMIS1,5400.000,0.000,100.0000%,1,
Contact STARLINK-1692 - MoonARTEMIS2,5400.000,0.000,100.0000%,1,
Contact STARLINK-1692 - MoonIOAGEO,5400.000,0.000,100.0000%,1,
Contact STARLINK-1692 - MoonIOAGNO,5400.000,0.000,100.0000%,1,
Contact STARLINK-1692 - MoonIOAGNO 0001,5400.000,0.000,100.0000%,1,
Contact STARLINK-1692 - MoonIOAGSO,5400.000,0.000,100.0000%,1,
Contact STARLINK-1692 - MoonIOAGSO 0001,5400.000,0.000,100.0000%,1,
Contact STARLINK-1692 - MoonLRO,3879.204,1520.796,71.8371%,1,
Contact STARLINK-1692 - MarsSat1,3588.929,1811.071,66.4617%,2,
Contact STARLINK-1692 - MarsSat2,3588.987,1811.013,66.4627%,2,
Contact STARLINK-1692 - MarsSat3,3588.846,1811.154,66.4601%,2,
Contact STARLINK-1692 - MarsSat4,3588.893,1811.107,66.4610%,2,
Contact STARLINK-3897 - STARLINK-6046,0.000,5400.000,0.0000%,0,
Contact STARLINK-3897 - STARLINK-4070,0.000,5400.000,0.0000%,0,
Contact STARLINK-3897 - STARLINK-31082,5400.000,0.000,100.0000%,1,
Contact STARLINK-3897 - STARLINK-5951,0.000,5400.000,0.0000%,0,
Contact STARLINK-3897 - STARLINK-4328,0.000,5400.000,0.0000%,0,
Contact STARLINK-3897 - STARLINK-1423,0.000,5400.000,0.0000%,0,
Contact STARLINK-3897 - STARLINK-2153,0.000,5400.000,0.0000%,0,
Contact STARLINK-3897 - STARLINK-3080,3751.646,1648.354,69.4749%,2,
Contact STARLINK-3897 - STARLINK-5858,0.000,5400.000,0.0000%,0,
Contact STARLINK-3897 - STARLINK-31195,0.000,5400.000,0.0000%,0,
Contact STARLINK-3897 - STARLINK-5018,863.722,4536.278,15.9949%,1,
Contact STARLINK-3897 - STARLINK-4776,0.000,5400.000,0.0000%,0,
Contact STARLINK-3897 - STARLINK-5686,836.467,4563.533,15.4901%,1,
Contact STARLINK-3897 - STARLINK-31122,0.000,5400.000,0.0000%,0,
Contact STARLINK-3897 - STARLINK-11130 [DTC],0.000,5400.000,0.0000%,0,
Contact STARLINK-3897 - STARLINK-32043,0.000,5400.000,0.0000%,0,
Contact STARLINK-3897 - STARLINK-1136,0.000,5400.000,0.0000%,0,
Contact STARLINK-3897 - STARLINK-31006,0.000,5400.000,0.0000%,0,
Contact STARLINK-3897 - STARLINK-4429,5400.000,0.000,100.0000%,1,
Contact STARLINK-3897 - STARLINK-4257,0.000,5400.000,0.0000%,0,
Contact STARLINK-3897 - STARLINK-5338,0.000,5400.000,0.0000%,0,
Contact STARLINK-3897 - STARLINK-1572,0.000,5400.000,0.0000%,0,
Contact STARLINK-3897 - STARLINK-32097,0.000,5400.000,0.0000%,0,
Contact STARLINK-3897 - STARLINK-2704,0.000,5400.000,0.0000%,0,
Contact STARLINK-3897 - STARLINK-3750,0.000,5400.000,0.0000%,0,
Contact STARLINK-3897 - STARLINK-6363,0.000,5400.000,0.0000%,0,
Contact STARLINK-3897 - STARLINK-1605,0.000,5400.000,0.0000%,0,
Contact STARLINK-3897 - STARLINK-2068,0.000,5400.000,0.0000%,0,
Contact STARLINK-3897 - STARLINK-30925,0.000,5400.000,0.0000%,0,
Contact STARLINK-3897 - STARLINK-4494,0.000,5400.000,0.0000%,0,
Contact STARLINK-3897 - STARLINK-2499,0.000,5400.000,0.0000%,0,
Contact STARLINK-3897 - STARLINK-3634,0.000,5400.000,0.0000%,0,
Contact STARLINK-3897 - STARLINK-3768,0.000,5400.000,0.0000%,0,
Contact STARLINK-3897 - STARLINK-30904,0.000,5400.000,0.0000%,0,
Contact STARLINK-3897 - MoonARTEMIS1,3329.502,2070.498,61.6575%,2,
Contact STARLINK-3897 - MoonARTEMIS2,3339.185,2060.815,61.8368%,2,
Contact STARLINK-3897 - MoonIOAGEO,3334.623,2065.377,61.7523%,2,
Contact STARLINK-3897 - MoonIOAGNO,3340.810,2059.190,61.8669%,2,
Contact STARLINK-3897 - MoonIOAGNO 0001,3334.890,2065.110,61.7572%,2,
Contact STARLINK-3897 - MoonIOAGSO,3326.377,2073.623,61.5996%,2,
Contact STARLINK-3897 - MoonIOAGSO 0001,3327.978,2072.022,61.6292%,2,
Contact STARLINK-3897 - MoonLRO,2155.003,3244.997,39.9075%,1,
Contact STARLINK-3897 - MarsSat1,3801.245,1598.755,70.3934%,1,
Contact STARLINK-3897 - MarsSat2,3801.284,1598.716,70.3941%,1,
Contact STARLINK-3897 - MarsSat3,3801.175,1598.825,70.3921%,1,
Contact STARLINK-3897 - MarsSat4,3801.222,1598.778,70.3930%,1,
Contact STARLINK-6046 - STARLINK-4070,0.000,5400.000,0.0000%,0,
Contact STARLINK-6046 - STARLINK-31082,0.000,5400.000,0.0000%,0,
Contact STARLINK-6046 - STARLINK-5951,0.000,5400.000,0.0000%,0,
Contact STARLINK-6046 - STARLINK-4328,547.703,4852.297,10.1426%,2,
Contact STARLINK-6046 - STARLINK-1423,3607.258,1792.742,66.8011%,2,
Contact STARLINK-6046 - STARLINK-2153,0.000,5400.000,0.0000%,0,
Contact STARLINK-6046 - STARLINK-3080,0.000,5400.000,0.0000%,0,
Contact STARLINK-6046 - STARLINK-5858,0.000,5400.000,0.0000%,0,
Contact STARLINK-6046 - STARLINK-31195,0.000,5400.000,0.0000%,0,
Contact STARLINK-6046 - STARLINK-5018,400.843,4999.157,7.4230%,2,
Contact STARLINK-6046 - STARLINK-4776,0.000,5400.000,0.0000%,0,
Contact STARLINK-6046 - STARLINK-5686,0.000,5400.000,0.0000%,0,
Contact STARLINK-6046 - STARLINK-31122,0.000,5400.000,0.0000%,0,
Contact STARLINK-6046 - STARLINK-11130 [DTC],0.000,5400.000,0.0000%,0,
Contact STARLINK-6046 - STARLINK-32043,0.000,5400.000,0.0000%,0,
Contact STARLINK-6046 - STARLINK-1136,0.000,5400.000,0.0000%,0,
Contact STARLINK-6046 - STARLINK-31006,0.000,5400.000,0.0000%,0,
Contact STARLINK-6046 - STARLINK-4429,0.000,5400.000,0.0000%,0,
Contact STARLINK-6046 - STARLINK-4257,4839.972,560.028,89.6291%,1,
Contact STARLINK-6046 - STARLINK-5338,0.000,5400.000,0.0000%,0,
Contact STARLINK-6046 - STARLINK-1572,0.000,5400.000,0.0000%,0,
Contact STARLINK-6046 - STARLINK-32097,0.000,5400.000,0.0000%,0,
Contact STARLINK-6046 - STARLINK-2704,5400.000,0.000,100.0000%,1,
Contact STARLINK-6046 - STARLINK-3750,0.000,5400.000,0.0000%,0,
Contact STARLINK-6046 - STARLINK-6363,0.000,5400.000,0.0000%,0,
Contact STARLINK-6046 - STARLINK-1605,737.604,4662.396,13.6593%,1,
Contact STARLINK-6046 - STARLINK-2068,0.000,5400.000,0.0000%,0,
Contact STARLINK-6046 - STARLINK-30925,823.575,4576.425,15.2514%,1,
Contact STARLINK-6046 - STARLINK-4494,5400.000,0.000,100.0000%,1,
Contact STARLINK-6046 - STARLINK-2499,152.602,5247.398,2.8260%,1,
Contact STARLINK-6046 - STARLINK-3634,701.444,4698.556,12.9897%,2,
Contact STARLINK-6046 - STARLINK-3768,0.000,5400.000,0.0000%,0,
Contact STARLINK-6046 - STARLINK-30904,0.000,5400.000,0.0000%,0,
Contact STARLINK-6046 - MoonARTEMIS1,5400.000,0.000,100.0000%,1,
Contact STARLINK-6046 - MoonARTEMIS2,5400.000,0.000,100.0000%,1,
Contact STARLINK-6046 - MoonIOAGEO,5400.000,0.000,100.0000%,1,
Contact STARLINK-6046 - MoonIOAGNO,5400.000,0.000,100.0000%,1,
Contact STARLINK-6046 - MoonIOAGNO 0001,5400.000,0.000,100.0000%,1,
Contact STARLINK-6046 - MoonIOAGSO,5400.000,0.000,100.0000%,1,
Contact STARLINK-6046 - MoonIOAGSO 0001,5400.000,0.000,100.0000%,1,
Contact STARLINK-6046 - MoonLRO,3883.767,1516.233,71.9216%,1,
Contact STARLINK-6046 - MarsSat1,3332.807,2067.193,61.7187%,1,
Contact STARLINK-6046 - MarsSat2,3332.852,2067.148,61.7195%,1,
Contact STARLINK-6046 - MarsSat3,3332.740,2067.260,61.7174%,1,
Contact STARLINK-6046 - MarsSat4,3332.816,2067.184,61.7188%,1,
Contact STARLINK-4070 - STARLINK-31082,0.000,5400.000,0.0000%,0,
Contact STARLINK-4070 - STARLINK-5951,0.000,5400.000,0.0000%,0,
Contact STARLINK-4070 - STARLINK-4328,0.000,5400.000,0.0000%,0,
Contact STARLINK-4070 - STARLINK-1423,0.000,5400.000,0.0000%,0,
Contact STARLINK-4070 - STARLINK-2153,805.149,4594.851,14.9102%,1,
Contact STARLINK-4070 - STARLINK-3080,0.000,5400.000,0.0000%,0,
Contact STARLINK-4070 - STARLINK-5858,877.492,4522.508,16.2499%,1,
Contact STARLINK-4070 - STARLINK-31195,4992.346,407.654,92.4509%,1,
Contact STARLINK-4070 - STARLINK-5018,0.000,5400.000,0.0000%,0,
Contact STARLINK-4070 - STARLINK-4776,0.000,5400.000,0.0000%,0,
Contact STARLINK-4070 - STARLINK-5686,0.000,5400.000,0.0000%,0,
Contact STARLINK-4070 - STARLINK-31122,0.000,5400.000,0.0000%,0,
Contact STARLINK-4070 - STARLINK-11130 [DTC],0.000,5400.000,0.0000%,0,
Contact STARLINK-4070 - STARLINK-32043,0.000,5400.000,0.0000%,0,
Contact STARLINK-4070 - STARLINK-1136,0.000,5400.000,0.0000%,0,
Contact STARLINK-4070 - STARLINK-31006,0.000,5400.000,0.0000%,0,
Contact STARLINK-4070 - STARLINK-4429,0.000,5400.000,0.0000%,0,
Contact STARLINK-4070 - STARLINK-4257,0.000,5400.000,0.0000%,0,
Contact STARLINK-4070 - STARLINK-5338,5400.000,0.000,100.0000%,1,
Contact STARLINK-4070 - STARLINK-1572,0.000,5400.000,0.0000%,0,
Contact STARLINK-4070 - STARLINK-32097,0.000,5400.000,0.0000%,0,
Contact STARLINK-4070 - STARLINK-2704,0.000,5400.000,0.0000%,0,
Contact STARLINK-4070 - STARLINK-3750,4211.120,1188.880,77.9837%,1,
Contact STARLINK-4070 - STARLINK-6363,5400.000,0.000,100.0000%,1,
Contact STARLINK-4070 - STARLINK-1605,0.000,5400.000,0.0000%,0,
Contact STARLINK-4070 - STARLINK-2068,1674.491,3725.509,31.0091%,1,
Contact STARLINK-4070 - STARLINK-30925,0.000,5400.000,0.0000%,0,
Contact STARLINK-4070 - STARLINK-4494,0.000,5400.000,0.0000%,0,
Contact STARLINK-4070 - STARLINK-2499,0.000,5400.000,0.0000%,0,
Contact STARLINK-4070 - STARLINK-3634,0.000,5400.000,0.0000%,0,
Contact STARLINK-4070 - STARLINK-3768,0.000,5400.000,0.0000%,0,
Contact STARLINK-4070 - STARLINK-30904,0.000,5400.000,0.0000%,0,
Contact STARLINK-4070 - MoonARTEMIS1,3762.514,1637.486,69.6762%,1,
Contact STARLINK-4070 - MoonARTEMIS2,3776.475,1623.525,69.9347%,1,
Contact STARLINK-4070 - MoonIOAGEO,3752.197,1647.803,69.4851%,1,
Contact STARLINK-4070 - MoonIOAGNO,3761.320,1638.680,69.6541%,1,
Contact STARLINK-4070 - MoonIOAGNO 0001,3770.269,1629.731,69.8198%,1,
Contact STARLINK-4070 - MoonIOAGSO,3754.243,1645.757,69.5230%,1,
Contact STARLINK-4070 - MoonIOAGSO 0001,3753.976,1646.024,69.5181%,1,
Contact STARLINK-4070 - MoonLRO,3536.168,1863.832,65.4846%,1,
Contact STARLINK-4070 - MarsSat1,5400.000,0.000,100.0000%,1,
Contact STARLINK-4070 - MarsSat2,5400.000,0.000,100.0000%,1,
Contact STARLINK-4070 - MarsSat3,5400.000,0.000,100.0000%,1,
Contact STARLINK-4070 - MarsSat4,5400.000,0.000,100.0000%,1,
Contact STARLINK-31082 - STARLINK-5951,1376.820,4023.180,25.4967%,1,
Contact STARLINK-31082 - STARLINK-4328,0.000,5400.000,0.0000%,0,
Contact STARLINK-31082 - STARLINK-1423,0.000,5400.000,0.0000%,0,
Contact STARLINK-31082 - STARLINK-2153,0.000,5400.000,0.0000%,0,
Contact STARLINK-31082 - STARLINK-3080,1193.813,4206.187,22.1077%,2,
Contact STARLINK-31082 - STARLINK-5858,0.000,5400.000,0.0000%,0,
Contact STARLINK-31082 - STARLINK-31195,0.000,5400.000,0.0000%,0,
Contact STARLINK-31082 - STARLINK-5018,618.977,4781.023,11.4625%,1,
Contact STARLINK-31082 - STARLINK-4776,940.651,4459.349,17.4195%,1,
Contact STARLINK-31082 - STARLINK-5686,0.000,5400.000,0.0000%,0,
Contact STARLINK-31082 - STARLINK-31122,0.000,5400.000,0.0000%,0,
Contact STARLINK-31082 - STARLINK-11130 [DTC],503.307,4896.693,9.3205%,1,
Contact STARLINK-31082 - STARLINK-32043,0.000,5400.000,0.0000%,0,
Contact STARLINK-31082 - STARLINK-1136,0.000,5400.000,0.0000%,0,
Contact STARLINK-31082 - STARLINK-31006,0.000,5400.000,0.0000%,0,
Contact STARLINK-31082 - STARLINK-4429,4512.651,887.349,83.5676%,1,
Contact STARLINK-31082 - STARLINK-4257,0.000,5400.000,0.0000%,0,
Contact STARLINK-31082 - STARLINK-5338,0.000,5400.000,0.0000%,0,
Contact STARLINK-31082 - STARLINK-1572,0.000,5400.000,0.0000%,0,
Contact STARLINK-31082 - STARLINK-32097,0.000,5400.000,0.0000%,0,
Contact STARLINK-31082 - STARLINK-2704,0.000,5400.000,0.0000%,0,
Contact STARLINK-31082 - STARLINK-3750,0.000,5400.000,0.0000%,0,
Contact STARLINK-31082 - STARLINK-6363,0.000,5400.000,0.0000%,0,
Contact STARLINK-31082 - STARLINK-1605,0.000,5400.000,0.0000%,0,
Contact STARLINK-31082 - STARLINK-2068,0.000,5400.000,0.0000%,0,
Contact STARLINK-31082 - STARLINK-30925,0.000,5400.000,0.0000%,0,
Contact STARLINK-31082 - STARLINK-4494,0.000,5400.000,0.0000%,0,
Contact STARLINK-31082 - STARLINK-2499,0.000,5400.000,0.0000%,0,
Contact STARLINK-31082 - STARLINK-3634,0.000,5400.000,0.0000%,0,
Contact STARLINK-31082 - STARLINK-3768,0.000,5400.000,0.0000%,0,
Contact STARLINK-31082 - STARLINK-30904,0.000,5400.000,0.0000%,0,
Contact STARLINK-31082 - MoonARTEMIS1,3253.848,2146.152,60.2564%,2,
Contact STARLINK-31082 - MoonARTEMIS2,3259.273,2140.727,60.3569%,2,
Contact STARLINK-31082 - MoonIOAGEO,3258.552,2141.448,60.3435%,2,
Contact STARLINK-31082 - MoonIOAGNO,3261.543,2138.457,60.3989%,2,
Contact STARLINK-31082 - MoonIOAGNO 0001,3257.204,2142.796,60.3186%,2,
Contact STARLINK-31082 - MoonIOAGSO,3253.085,2146.915,60.2423%,2,
Contact STARLINK-31082 - MoonIOAGSO 0001,3254.406,2145.594,60.2668%,2,
Contact STARLINK-31082 - MoonLRO,2406.024,2993.976,44.5560%,1,
Contact STARLINK-31082 - MarsSat1,3670.322,1729.678,67.9689%,1,
Contact STARLINK-31082 - MarsSat2,3670.341,1729.659,67.9693%,1,
Contact STARLINK-31082 - MarsSat3,3670.286,1729.714,67.9683%,1,
Contact STARLINK-31082 - MarsSat4,3670.314,1729.686,67.9688%,1,
Contact STARLINK-5951 - STARLINK-4328,0.000,5400.000,0.0000%,0,
Contact STARLINK-5951 - STARLINK-1423,0.000,5400.000,0.0000%,0,
Contact STARLINK-5951 - STARLINK-2153,0.000,5400.000,0.0000%,0,
Contact STARLINK-5951 - STARLINK-3080,5400.000,0.000,100.0000%,1,
Contact STARLINK-5951 - STARLINK-5858,0.000,5400.000,0.0000%,0,
Contact STARLINK-5951 - STARLINK-31195,0.000,5400.000,0.0000%,0,
Contact STARLINK-5951 - STARLINK-5018,0.000,5400.000,0.0000%,0,
Contact STARLINK-5951 - STARLINK-4776,1179.001,4220.999,21.8334%,1,
Contact STARLINK-5951 - STARLINK-5686,0.000,5400.000,0.0000%,0,
Contact STARLINK-5951 - STARLINK-31122,5400.000,0.000,100.0000%,1,
Contact STARLINK-5951 - STARLINK-11130 [DTC],768.233,4631.767,14.2265%,1,
Contact STARLINK-5951 - STARLINK-32043,0.000,5400.000,0.0000%,0,
Contact STARLINK-5951 - STARLINK-1136,0.000,5400.000,0.0000%,0,
Contact STARLINK-5951 - STARLINK-31006,0.000,5400.000,0.0000%,0,
Contact STARLINK-5951 - STARLINK-4429,0.000,5400.000,0.0000%,0,
Contact STARLINK-5951 - STARLINK-4257,0.000,5400.000,0.0000%,0,
Contact STARLINK-5951 - STARLINK-5338,0.000,5400.000,0.0000%,0,
Contact STARLINK-5951 - STARLINK-1572,0.000,5400.000,0.0000%,0,
Contact STARLINK-5951 - STARLINK-32097,0.000,5400.000,0.0000%,0,
Contact STARLINK-5951 - STARLINK-2704,0.000,5400.000,0.0000%,0,
Contact STARLINK-5951 - STARLINK-3750,0.000,5400.000,0.0000%,0,
Contact STARLINK-5951 - STARLINK-6363,0.000,5400.000,0.0000%,0,
Contact STARLINK-5951 - STARLINK-1605,0.000,5400.000,0.0000%,0,
Contact STARLINK-5951 - STARLINK-2068,491.750,4908.250,9.1065%,1,
Contact STARLINK-5951 - STARLINK-30925,0.000,5400.000,0.0000%,0,
Contact STARLINK-5951 - STARLINK-4494,0.000,5400.000,0.0000%,0,
Contact STARLINK-5951 - STARLINK-2499,687.944,4712.056,12.7397%,1,
Contact STARLINK-5951 - STARLINK-3634,0.000,5400.000,0.0000%,0,
Contact STARLINK-5951 - STARLINK-3768,0.000,5400.000,0.0000%,0,
Contact STARLINK-5951 - STARLINK-30904,0.000,5400.000,0.0000%,0,
Contact STARLINK-5951 - MoonARTEMIS1,3582.362,1817.638,66.3400%,2,
Contact STARLINK-5951 - MoonARTEMIS2,3568.173,1831.827,66.0773%,2,
Contact STARLINK-5951 - MoonIOAGEO,3585.896,1814.104,66.4055%,2,
Contact STARLINK-5951 - MoonIOAGNO,3574.608,1825.392,66.1964%,2,
Contact STARLINK-5951 - MoonIOAGNO 0001,3574.233,1825.767,66.1895%,2,
Contact STARLINK-5951 - MoonIOAGSO,3593.100,1806.900,66.5389%,2,
Contact STARLINK-5951 - MoonIOAGSO 0001,3597.169,1802.831,66.6142%,2,
Contact STARLINK-5951 - MoonLRO,2484.615,2915.385,46.0114%,1,
Contact STARLINK-5951 - MarsSat1,3805.577,1594.423,70.4736%,1,
Contact STARLINK-5951 - MarsSat2,3805.545,1594.455,70.4731%,1,
Contact STARLINK-5951 - MarsSat3,3805.615,1594.385,70.4743%,1,
Contact STARLINK-5951 - MarsSat4,3805.615,1594.385,70.4744%,1,
Contact STARLINK-4328 - STARLINK-1423,601.896,4798.104,11.1462%,1,
Contact STARLINK-4328 - STARLINK-2153,0.000,5400.000,0.0000%,0,
Contact STARLINK-4328 - STARLINK-3080,372.336,5027.664,6.8951%,1,
Contact STARLINK-4328 - STARLINK-5858,0.000,5400.000,0.0000%,0,
Contact STARLINK-4328 - STARLINK-31195,0.000,5400.000,0.0000%,0,
Contact STARLINK-4328 - STARLINK-5018,87.868,5312.132,1.6272%,1,
Contact STARLINK-4328 - STARLINK-4776,481.794,4918.206,8.9221%,1,
Contact STARLINK-4328 - STARLINK-5686,0.000,5400.000,0.0000%,0,
Contact STARLINK-4328 - STARLINK-31122,0.000,5400.000,0.0000%,0,
Contact STARLINK-4328 - STARLINK-11130 [DTC],0.000,5400.000,0.0000%,0,
Contact STARLINK-4328 - STARLINK-32043,0.000,5400.000,0.0000%,0,
Contact STARLINK-4328 - STARLINK-1136,0.000,5400.000,0.0000%,0,
Contact STARLINK-4328 - STARLINK-31006,0.000,5400.000,0.0000%,0,
Contact STARLINK-4328 - STARLINK-4429,0.000,5400.000,0.0000%,0,
Contact STARLINK-4328 - STARLINK-4257,0.000,5400.000,0.0000%,0,
Contact STARLINK-4328 - STARLINK-5338,0.000,5400.000,0.0000%,0,
Contact STARLINK-4328 - STARLINK-1572,0.000,5400.000,0.0000%,0,
Contact STARLINK-4328 - STARLINK-32097,0.000,5400.000,0.0000%,0,
Contact STARLINK-4328 - STARLINK-2704,0.000,5400.000,0.0000%,0,
Contact STARLINK-4328 - STARLINK-3750,0.000,5400.000,0.0000%,0,
Contact STARLINK-4328 - STARLINK-6363,4617.422,782.578,85.5078%,1,
Contact STARLINK-4328 - STARLINK-1605,0.000,5400.000,0.0000%,0,
Contact STARLINK-4328 - STARLINK-2068,0.000,5400.000,0.0000%,0,
Contact STARLINK-4328 - STARLINK-30925,394.666,5005.334,7.3086%,1,
Contact STARLINK-4328 - STARLINK-4494,478.090,4921.910,8.8535%,1,
Contact STARLINK-4328 - STARLINK-2499,384.513,5015.487,7.1206%,1,
Contact STARLINK-4328 - STARLINK-3634,222.789,5177.211,4.1257%,2,
Contact STARLINK-4328 - STARLINK-3768,0.000,5400.000,0.0000%,0,
Contact STARLINK-4328 - STARLINK-30904,0.000,5400.000,0.0000%,0,
Contact STARLINK-4328 - MoonARTEMIS1,5400.000,0.000,100.0000%,1,
Contact STARLINK-4328 - MoonARTEMIS2,5400.000,0.000,100.0000%,1,
Contact STARLINK-4328 - MoonIOAGEO,5400.000,0.000,100.0000%,1,
Contact STARLINK-4328 - MoonIOAGNO,5400.000,0.000,100.0000%,1,
Contact STARLINK-4328 - MoonIOAGNO 0001,5400.000,0.000,100.0000%,1,
Contact STARLINK-4328 - MoonIOAGSO,5400.000,0.000,100.0000%,1,
Contact STARLINK-4328 - MoonIOAGSO 0001,5400.000,0.000,100.0000%,1,
Contact STARLINK-4328 - MoonLRO,3882.966,1517.034,71.9068%,1,
Contact STARLINK-4328 - MarsSat1,5400.000,0.000,100.0000%,1,
Contact STARLINK-4328 - MarsSat2,5400.000,0.000,100.0000%,1,
Contact STARLINK-4328 - MarsSat3,5400.000,0.000,100.0000%,1,
Contact STARLINK-4328 - MarsSat4,5400.000,0.000,100.0000%,1,
Contact STARLINK-1423 - STARLINK-2153,0.000,5400.000,0.0000%,0,
Contact STARLINK-1423 - STARLINK-3080,0.000,5400.000,0.0000%,0,
Contact STARLINK-1423 - STARLINK-5858,0.000,5400.000,0.0000%,0,
Contact STARLINK-1423 - STARLINK-31195,0.000,5400.000,0.0000%,0,
Contact STARLINK-1423 - STARLINK-5018,0.000,5400.000,0.0000%,0,
Contact STARLINK-1423 - STARLINK-4776,0.000,5400.000,0.0000%,0,
Contact STARLINK-1423 - STARLINK-5686,0.000,5400.000,0.0000%,0,
Contact STARLINK-1423 - STARLINK-31122,0.000,5400.000,0.0000%,0,
Contact STARLINK-1423 - STARLINK-11130 [DTC],0.000,5400.000,0.0000%,0,
Contact STARLINK-1423 - STARLINK-32043,0.000,5400.000,0.0000%,0,
Contact STARLINK-1423 - STARLINK-1136,400.696,4999.304,7.4203%,1,
Contact STARLINK-1423 - STARLINK-31006,834.954,4565.046,15.4621%,1,
Contact STARLINK-1423 - STARLINK-4429,0.000,5400.000,0.0000%,0,
Contact STARLINK-1423 - STARLINK-4257,0.000,5400.000,0.0000%,0,
Contact STARLINK-1423 - STARLINK-5338,0.000,5400.000,0.0000%,0,
Contact STARLINK-1423 - STARLINK-1572,0.000,5400.000,0.0000%,0,
Contact STARLINK-1423 - STARLINK-32097,0.000,5400.000,0.0000%,0,
Contact STARLINK-1423 - STARLINK-2704,0.000,5400.000,0.0000%,0,
Contact STARLINK-1423 - STARLINK-3750,0.000,5400.000,0.0000%,0,
Contact STARLINK-1423 - STARLINK-6363,0.000,5400.000,0.0000%,0,
Contact STARLINK-1423 - STARLINK-1605,0.000,5400.000,0.0000%,0,
Contact STARLINK-1423 - STARLINK-2068,0.000,5400.000,0.0000%,0,
Contact STARLINK-1423 - STARLINK-30925,5400.000,0.000,100.0000%,1,
Contact STARLINK-1423 - STARLINK-4494,5400.000,0.000,100.0000%,1,
Contact STARLINK-1423 - STARLINK-2499,0.000,5400.000,0.0000%,0,
Contact STARLINK-1423 - STARLINK-3634,0.000,5400.000,0.0000%,0,
Contact STARLINK-1423 - STARLINK-3768,0.000,5400.000,0.0000%,0,
Contact STARLINK-1423 - STARLINK-30904,4176.003,1223.997,77.3334%,1,
Contact STARLINK-1423 - MoonARTEMIS1,3573.809,1826.191,66.1816%,1,
Contact STARLINK-1423 - MoonARTEMIS2,5400.000,0.000,100.0000%,1,
Contact STARLINK-1423 - MoonIOAGEO,5400.000,0.000,100.0000%,1,
Contact STARLINK-1423 - MoonIOAGNO,5400.000,0.000,100.0000%,1,
Contact STARLINK-1423 - MoonIOAGNO 0001,5400.000,0.000,100.0000%,1,
Contact STARLINK-1423 - MoonIOAGSO,5400.000,0.000,100.0000%,1,
Contact STARLINK-1423 - MoonIOAGSO 0001,3594.237,1805.763,66.5599%,1,
Contact STARLINK-1423 - MoonLRO,2081.731,3318.269,38.5506%,1,
Contact STARLINK-1423 - MarsSat1,3458.044,1941.956,64.0379%,2,
Contact STARLINK-1423 - MarsSat2,3458.016,1941.984,64.0373%,2,
Contact STARLINK-1423 - MarsSat3,3458.092,1941.908,64.0387%,2,
Contact STARLINK-1423 - MarsSat4,3458.082,1941.918,64.0386%,2,
Contact STARLINK-2153 - STARLINK-3080,0.000,5400.000,0.0000%,0,
Contact STARLINK-2153 - STARLINK-5858,5400.000,0.000,100.0000%,1,
Contact STARLINK-2153 - STARLINK-31195,619.955,4780.045,11.4806%,2,
Contact STARLINK-2153 - STARLINK-5018,0.000,5400.000,0.0000%,0,
Contact STARLINK-2153 - STARLINK-4776,0.000,5400.000,0.0000%,0,
Contact STARLINK-2153 - STARLINK-5686,0.000,5400.000,0.0000%,0,
Contact STARLINK-2153 - STARLINK-31122,0.000,5400.000,0.0000%,0,
Contact STARLINK-2153 - STARLINK-11130 [DTC],0.000,5400.000,0.0000%,0,
Contact STARLINK-2153 - STARLINK-32043,5400.000,0.000,100.0000%,1,
Contact STARLINK-2153 - STARLINK-1136,1090.815,4309.185,20.2003%,1,
Contact STARLINK-2153 - STARLINK-31006,0.000,5400.000,0.0000%,0,
Contact STARLINK-2153 - STARLINK-4429,0.000,5400.000,0.0000%,0,
Contact STARLINK-2153 - STARLINK-4257,0.000,5400.000,0.0000%,0,
Contact STARLINK-2153 - STARLINK-5338,583.686,4816.314,10.8090%,1,
Contact STARLINK-2153 - STARLINK-1572,633.882,4766.118,11.7386%,2,
Contact STARLINK-2153 - STARLINK-32097,0.000,5400.000,0.0000%,0,
Contact STARLINK-2153 - STARLINK-2704,0.000,5400.000,0.0000%,0,
Contact STARLINK-2153 - STARLINK-3750,744.826,4655.174,13.7931%,2,
Contact STARLINK-2153 - STARLINK-6363,827.587,4572.413,15.3257%,1,
Contact STARLINK-2153 - STARLINK-1605,1430.882,3969.118,26.4978%,1,
Contact STARLINK-2153 - STARLINK-2068,0.000,5400.000,0.0000%,0,
Contact STARLINK-2153 - STARLINK-30925,0.000,5400.000,0.0000%,0,
Contact STARLINK-2153 - STARLINK-4494,0.000,5400.000,0.0000%,0,
Contact STARLINK-2153 - STARLINK-2499,0.000,5400.000,0.0000%,0,
Contact STARLINK-2153 - STARLINK-3634,0.000,5400.000,0.0000%,0,
Contact STARLINK-2153 - STARLINK-3768,537.757,4862.243,9.9585%,2,
Contact STARLINK-2153 - STARLINK-30904,0.000,5400.000,0.0000%,0,
Contact STARLINK-2153 - MoonARTEMIS1,4126.113,1273.887,76.4095%,1,
Contact STARLINK-2153 - MoonARTEMIS2,4103.781,1296.219,75.9959%,1,
Contact STARLINK-2153 - MoonIOAGEO,4106.113,1293.887,76.0391%,1,
Contact STARLINK-2153 - MoonIOAGNO,4116.851,1283.149,76.2380%,1,
Contact STARLINK-2153 - MoonIOAGNO 0001,4075.928,1324.072,75.4802%,1,
Contact STARLINK-2153 - MoonIOAGSO,4108.193,1291.807,76.0777%,1,
Contact STARLINK-2153 - MoonIOAGSO 0001,4158.740,1241.260,77.0137%,1,
Contact STARLINK-2153 - MoonLRO,2926.387,2473.613,54.1924%,1,
Contact STARLINK-2153 - MarsSat1,5400.000,0.000,100.0000%,1,
Contact STARLINK-2153 - MarsSat2,5400.000,0.000,100.0000%,1,
Contact STARLINK-2153 - MarsSat3,5400.000,0.000,100.0000%,1,
Contact STARLINK-2153 - MarsSat4,5400.000,0.000,100.0000%,1,
Contact STARLINK-3080 - STARLINK-5858,0.000,5400.000,0.0000%,0,
Contact STARLINK-3080 - STARLINK-31195,0.000,5400.000,0.0000%,0,
Contact STARLINK-3080 - STARLINK-5018,0.000,5400.000,0.0000%,0,
Contact STARLINK-3080 - STARLINK-4776,552.417,4847.583,10.2299%,1,
Contact STARLINK-3080 - STARLINK-5686,0.000,5400.000,0.0000%,0,
Contact STARLINK-3080 - STARLINK-31122,0.000,5400.000,0.0000%,0,
Contact STARLINK-3080 - STARLINK-11130 [DTC],750.172,4649.828,13.8921%,1,
Contact STARLINK-3080 - STARLINK-32043,0.000,5400.000,0.0000%,0,
Contact STARLINK-3080 - STARLINK-1136,0.000,5400.000,0.0000%,0,
Contact STARLINK-3080 - STARLINK-31006,0.000,5400.000,0.0000%,0,
Contact STARLINK-3080 - STARLINK-4429,0.000,5400.000,0.0000%,0,
Contact STARLINK-3080 - STARLINK-4257,0.000,5400.000,0.0000%,0,
Contact STARLINK-3080 - STARLINK-5338,0.000,5400.000,0.0000%,0,
Contact STARLINK-3080 - STARLINK-1572,0.000,5400.000,0.0000%,0,
Contact STARLINK-3080 - STARLINK-32097,0.000,5400.000,0.0000%,0,
Contact STARLINK-3080 - STARLINK-2704,0.000,5400.000,0.0000%,0,
Contact STARLINK-3080 - STARLINK-3750,0.000,5400.000,0.0000%,0,
Contact STARLINK-3080 - STARLINK-6363,0.000,5400.000,0.0000%,0,
Contact STARLINK-3080 - STARLINK-1605,0.000,5400.000,0.0000%,0,
Contact STARLINK-3080 - STARLINK-2068,724.304,4675.696,13.4130%,1,
Contact STARLINK-3080 - STARLINK-30925,0.000,5400.000,0.0000%,0,
Contact STARLINK-3080 - STARLINK-4494,0.000,5400.000,0.0000%,0,
Contact STARLINK-3080 - STARLINK-2499,0.000,5400.000,0.0000%,0,
Contact STARLINK-3080 - STARLINK-3634,0.000,5400.000,0.0000%,0,
Contact STARLINK-3080 - STARLINK-3768,0.000,5400.000,0.0000%,0,
Contact STARLINK-3080 - STARLINK-30904,0.000,5400.000,0.0000%,0,
Contact STARLINK-3080 - MoonARTEMIS1,3468.845,1931.155,64.2379%,2,
Contact STARLINK-3080 - MoonARTEMIS2,3467.552,1932.448,64.2139%,2,
Contact STARLINK-3080 - MoonIOAGEO,3469.505,1930.495,64.2501%,2,
Contact STARLINK-3080 - MoonIOAGNO,3466.333,1933.667,64.1914%,2,
Contact STARLINK-3080 - MoonIOAGNO 0001,3476.185,1923.815,64.3738%,2,
Contact STARLINK-3080 - MoonIOAGSO,3473.038,1926.962,64.3155%,2,
Contact STARLINK-3080 - MoonIOAGSO 0001,3471.495,1928.505,64.2870%,2,
Contact STARLINK-3080 - MoonLRO,2366.738,3033.262,43.8285%,1,
Contact STARLINK-3080 - MarsSat1,3773.194,1626.806,69.8740%,1,
Contact STARLINK-3080 - MarsSat2,3773.180,1626.820,69.8737%,1,
Contact STARLINK-3080 - MarsSat3,3773.206,1626.794,69.8742%,1,
Contact STARLINK-3080 - MarsSat4,3773.222,1626.778,69.8745%,1,
Contact STARLINK-5858 - STARLINK-31195,3735.714,1664.286,69.1799%,1,
Contact STARLINK-5858 - STARLINK-5018,0.000,5400.000,0.0000%,0,
Contact STARLINK-5858 - STARLINK-4776,0.000,5400.000,0.0000%,0,
Contact STARLINK-5858 - STARLINK-5686,0.000,5400.000,0.0000%,0,
Contact STARLINK-5858 - STARLINK-31122,0.000,5400.000,0.0000%,0,
Contact STARLINK-5858 - STARLINK-11130 [DTC],0.000,5400.000,0.0000%,0,
Contact STARLINK-5858 - STARLINK-32043,4119.650,1280.350,76.2898%,2,
Contact STARLINK-5858 - STARLINK-1136,923.189,4476.811,17.0961%,2,
Contact STARLINK-5858 - STARLINK-31006,410.718,4989.282,7.6059%,1,
Contact STARLINK-5858 - STARLINK-4429,0.000,5400.000,0.0000%,0,
Contact STARLINK-5858 - STARLINK-4257,0.000,5400.000,0.0000%,0,
Contact STARLINK-5858 - STARLINK-5338,822.613,4577.387,15.2336%,1,
Contact STARLINK-5858 - STARLINK-1572,749.268,4650.732,13.8753%,1,
Contact STARLINK-5858 - STARLINK-32097,2826.797,2573.203,52.3481%,1,
Contact STARLINK-5858 - STARLINK-2704,0.000,5400.000,0.0000%,0,
Contact STARLINK-5858 - STARLINK-3750,5400.000,0.000,100.0000%,1,
Contact STARLINK-5858 - STARLINK-6363,0.000,5400.000,0.0000%,0,
Contact STARLINK-5858 - STARLINK-1605,3884.564,1515.436,71.9364%,2,
Contact STARLINK-5858 - STARLINK-2068,0.000,5400.000,0.0000%,0,
Contact STARLINK-5858 - STARLINK-30925,0.000,5400.000,0.0000%,0,
Contact STARLINK-5858 - STARLINK-4494,0.000,5400.000,0.0000%,0,
Contact STARLINK-5858 - STARLINK-2499,0.000,5400.000,0.0000%,0,
Contact STARLINK-5858 - STARLINK-3634,0.000,5400.000,0.0000%,0,
Contact STARLINK-5858 - STARLINK-3768,589.956,4810.044,10.9251%,1,
Contact STARLINK-5858 - STARLINK-30904,0.000,5400.000,0.0000%,0,
Contact STARLINK-5858 - MoonARTEMIS1,4322.124,1077.876,80.0393%,1,
Contact STARLINK-5858 - MoonARTEMIS2,4277.922,1122.078,79.2208%,1,
Contact STARLINK-5858 - MoonIOAGEO,4296.785,1103.215,79.5701%,1,
Contact STARLINK-5858 - MoonIOAGNO,4281.064,1118.936,79.2790%,1,
Contact STARLINK-5858 - MoonIOAGNO 0001,4265.730,1134.270,78.9950%,1,
Contact STARLINK-5858 - MoonIOAGSO,4326.482,1073.518,80.1200%,1,
Contact STARLINK-5858 - MoonIOAGSO 0001,4363.370,1036.630,80.8031%,1,
Contact STARLINK-5858 - MoonLRO,3219.461,2180.539,59.6197%,1,
Contact STARLINK-5858 - MarsSat1,5400.000,0.000,100.0000%,1,
Contact STARLINK-5858 - MarsSat2,5400.000,0.000,100.0000%,1,
Contact STARLINK-5858 - MarsSat3,5400.000,0.000,100.0000%,1,
Contact STARLINK-5858 - MarsSat4,5400.000,0.000,100.0000%,1,
Contact STARLINK-31195 - STARLINK-5018,0.000,5400.000,0.0000%,0,
Contact STARLINK-31195 - STARLINK-4776,0.000,5400.000,0.0000%,0,
Contact STARLINK-31195 - STARLINK-5686,0.000,5400.000,0.0000%,0,
Contact STARLINK-31195 - STARLINK-31122,0.000,5400.000,0.0000%,0,
Contact STARLINK-31195 - STARLINK-11130 [DTC],0.000,5400.000,0.0000%,0,
Contact STARLINK-31195 - STARLINK-32043,0.000,5400.000,0.0000%,0,
Contact STARLINK-31195 - STARLINK-1136,0.000,5400.000,0.0000%,0,
Contact STARLINK-31195 - STARLINK-31006,0.000,5400.000,0.0000%,0,
Contact STARLINK-31195 - STARLINK-4429,0.000,5400.000,0.0000%,0,
Contact STARLINK-31195 - STARLINK-4257,0.000,5400.000,0.0000%,0,
Contact STARLINK-31195 - STARLINK-5338,5400.000,0.000,100.0000%,1,
Contact STARLINK-31195 - STARLINK-1572,5400.000,0.000,100.0000%,1,
Contact STARLINK-31195 - STARLINK-32097,0.000,5400.000,0.0000%,0,
Contact STARLINK-31195 - STARLINK-2704,0.000,5400.000,0.0000%,0,
Contact STARLINK-31195 - STARLINK-3750,5400.000,0.000,100.0000%,1,
Contact STARLINK-31195 - STARLINK-6363,0.000,5400.000,0.0000%,0,
Contact STARLINK-31195 - STARLINK-1605,0.000,5400.000,0.0000%,0,
Contact STARLINK-31195 - STARLINK-2068,4267.656,1132.344,79.0307%,1,
Contact STARLINK-31195 - STARLINK-30925,0.000,5400.000,0.0000%,0,
Contact STARLINK-31195 - STARLINK-4494,0.000,5400.000,0.0000%,0,
Contact STARLINK-31195 - STARLINK-2499,0.000,5400.000,0.0000%,0,
Contact STARLINK-31195 - STARLINK-3634,0.000,5400.000,0.0000%,0,
Contact STARLINK-31195 - STARLINK-3768,5400.000,0.000,100.0000%,1,
Contact STARLINK-31195 - STARLINK-30904,0.000,5400.000,0.0000%,0,
Contact STARLINK-31195 - MoonARTEMIS1,3489.998,1910.002,64.6296%,1,
Contact STARLINK-31195 - MoonARTEMIS2,3492.443,1907.557,64.6749%,1,
Contact STARLINK-31195 - MoonIOAGEO,3484.411,1915.589,64.5261%,1,
Contact STARLINK-31195 - MoonIOAGNO,3483.433,1916.567,64.5080%,1,
Contact STARLINK-31195 - MoonIOAGNO 0001,3490.018,1909.982,64.6300%,1,
Contact STARLINK-31195 - MoonIOAGSO,3490.373,1909.627,64.6365%,1,
Contact STARLINK-31195 - MoonIOAGSO 0001,3488.166,1911.834,64.5957%,1,
Contact STARLINK-31195 - MoonLRO,3494.409,1905.591,64.7113%,1,
Contact STARLINK-31195 - MarsSat1,5400.000,0.000,100.0000%,1,
Contact STARLINK-31195 - MarsSat2,5400.000,0.000,100.0000%,1,
Contact STARLINK-31195 - MarsSat3,5400.000,0.000,100.0000%,1,
Contact STARLINK-31195 - MarsSat4,5400.000,0.000,100.0000%,1,
Contact STARLINK-5018 - STARLINK-4776,677.526,4722.474,12.5468%,1,
Contact STARLINK-5018 - STARLINK-5686,4348.533,1051.467,80.5284%,1,
Contact STARLINK-5018 - STARLINK-31122,686.410,4713.590,12.7113%,1,
Contact STARLINK-5018 - STARLINK-11130 [DTC],0.000,5400.000,0.0000%,0,
Contact STARLINK-5018 - STARLINK-32043,0.000,5400.000,0.0000%,0,
Contact STARLINK-5018 - STARLINK-1136,0.000,5400.000,0.0000%,0,
Contact STARLINK-5018 - STARLINK-31006,0.000,5400.000,0.0000%,0,
Contact STARLINK-5018 - STARLINK-4429,721.512,4678.488,13.3613%,1,
Contact STARLINK-5018 - STARLINK-4257,604.684,4795.316,11.1978%,1,
Contact STARLINK-5018 - STARLINK-5338,0.000,5400.000,0.0000%,0,
Contact STARLINK-5018 - STARLINK-1572,0.000,5400.000,0.0000%,0,
Contact STARLINK-5018 - STARLINK-32097,0.000,5400.000,0.0000%,0,
Contact STARLINK-5018 - STARLINK-2704,765.035,4634.965,14.1673%,2,
Contact STARLINK-5018 - STARLINK-3750,0.000,5400.000,0.0000%,0,
Contact STARLINK-5018 - STARLINK-6363,0.000,5400.000,0.0000%,0,
Contact STARLINK-5018 - STARLINK-1605,0.000,5400.000,0.0000%,0,
Contact STARLINK-5018 - STARLINK-2068,0.000,5400.000,0.0000%,0,
Contact STARLINK-5018 - STARLINK-30925,0.000,5400.000,0.0000%,0,
Contact STARLINK-5018 - STARLINK-4494,0.000,5400.000,0.0000%,0,
Contact STARLINK-5018 - STARLINK-2499,5400.000,0.000,100.0000%,1,
Contact STARLINK-5018 - STARLINK-3634,5400.000,0.000,100.0000%,1,
Contact STARLINK-5018 - STARLINK-3768,0.000,5400.000,0.0000%,0,
Contact STARLINK-5018 - STARLINK-30904,0.000,5400.000,0.0000%,0,
Contact STARLINK-5018 - MoonARTEMIS1,3664.239,1735.761,67.8563%,2,
Contact STARLINK-5018 - MoonARTEMIS2,3650.698,1749.302,67.6055%,2,
Contact STARLINK-5018 - MoonIOAGEO,3667.633,1732.367,67.9191%,2,
Contact STARLINK-5018 - MoonIOAGNO,3662.364,1737.636,67.8216%,2,
Contact STARLINK-5018 - MoonIOAGNO 0001,3633.475,1766.525,67.2866%,2,
Contact STARLINK-5018 - MoonIOAGSO,3667.348,1732.652,67.9138%,2,
Contact STARLINK-5018 - MoonIOAGSO 0001,3685.207,1714.793,68.2446%,2,
Contact STARLINK-5018 - MoonLRO,2338.779,3061.221,43.3107%,1,
Contact STARLINK-5018 - MarsSat1,3998.888,1401.112,74.0535%,1,
Contact STARLINK-5018 - MarsSat2,3998.839,1401.161,74.0526%,1,
Contact STARLINK-5018 - MarsSat3,3998.956,1401.044,74.0547%,1,
Contact STARLINK-5018 - MarsSat4,3998.872,1401.128,74.0532%,1,
Contact STARLINK-4776 - STARLINK-5686,0.000,5400.000,0.0000%,0,
Contact STARLINK-4776 - STARLINK-31122,944.666,4455.334,17.4938%,1,
Contact STARLINK-4776 - STARLINK-11130 [DTC],4798.242,601.758,88.8563%,2,
Contact STARLINK-4776 - STARLINK-32043,0.000,5400.000,0.0000%,0,
Contact STARLINK-4776 - STARLINK-1136,0.000,5400.000,0.0000%,0,
Contact STARLINK-4776 - STARLINK-31006,0.000,5400.000,0.0000%,0,
Contact STARLINK-4776 - STARLINK-4429,0.000,5400.000,0.0000%,0,
Contact STARLINK-4776 - STARLINK-4257,0.000,5400.000,0.0000%,0,
Contact STARLINK-4776 - STARLINK-5338,0.000,5400.000,0.0000%,0,
Contact STARLINK-4776 - STARLINK-1572,0.000,5400.000,0.0000%,0,
Contact STARLINK-4776 - STARLINK-32097,0.000,5400.000,0.0000%,0,
Contact STARLINK-4776 - STARLINK-2704,0.000,5400.000,0.0000%,0,
Contact STARLINK-4776 - STARLINK-3750,0.000,5400.000,0.0000%,0,
Contact STARLINK-4776 - STARLINK-6363,0.000,5400.000,0.0000%,0,
Contact STARLINK-4776 - STARLINK-1605,0.000,5400.000,0.0000%,0,
Contact STARLINK-4776 - STARLINK-2068,1022.551,4377.449,18.9361%,1,
Contact STARLINK-4776 - STARLINK-30925,0.000,5400.000,0.0000%,0,
Contact STARLINK-4776 - STARLINK-4494,0.000,5400.000,0.0000%,0,
Contact STARLINK-4776 - STARLINK-2499,5400.000,0.000,100.0000%,1,
Contact STARLINK-4776 - STARLINK-3634,0.000,5400.000,0.0000%,0,
Contact STARLINK-4776 - STARLINK-3768,0.000,5400.000,0.0000%,0,
Contact STARLINK-4776 - STARLINK-30904,0.000,5400.000,0.0000%,0,
Contact STARLINK-4776 - MoonARTEMIS1,3314.199,2085.801,61.3740%,2,
Contact STARLINK-4776 - MoonARTEMIS2,3313.054,2086.946,61.3529%,2,
Contact STARLINK-4776 - MoonIOAGEO,3319.084,2080.916,61.4645%,2,
Contact STARLINK-4776 - MoonIOAGNO,3314.935,2085.065,61.3877%,2,
Contact STARLINK-4776 - MoonIOAGNO 0001,3308.221,2091.779,61.2634%,2,
Contact STARLINK-4776 - MoonIOAGSO,3318.992,2081.008,61.4628%,2,
Contact STARLINK-4776 - MoonIOAGSO 0001,3319.076,2080.924,61.4644%,2,
Contact STARLINK-4776 - MoonLRO,2936.890,2463.110,54.3869%,1,
Contact STARLINK-4776 - MarsSat1,3416.185,1983.815,63.2627%,1,
Contact STARLINK-4776 - MarsSat2,3416.224,1983.776,63.2634%,1,
Contact STARLINK-4776 - MarsSat3,3416.125,1983.875,63.2616%,1,
Contact STARLINK-4776 - MarsSat4,3416.137,1983.863,63.2618%,1,
Contact STARLINK-5686 - STARLINK-31122,141.506,5258.494,2.6205%,1,
Contact STARLINK-5686 - STARLINK-11130 [DTC],0.000,5400.000,0.0000%,0,
Contact STARLINK-5686 - STARLINK-32043,0.000,5400.000,0.0000%,0,
Contact STARLINK-5686 - STARLINK-1136,0.000,5400.000,0.0000%,0,
Contact STARLINK-5686 - STARLINK-31006,0.000,5400.000,0.0000%,0,
Contact STARLINK-5686 - STARLINK-4429,3644.920,1755.080,67.4985%,1,
Contact STARLINK-5686 - STARLINK-4257,593.045,4806.955,10.9823%,2,
Contact STARLINK-5686 - STARLINK-5338,0.000,5400.000,0.0000%,0,
Contact STARLINK-5686 - STARLINK-1572,0.000,5400.000,0.0000%,0,
Contact STARLINK-5686 - STARLINK-32097,0.000,5400.000,0.0000%,0,
Contact STARLINK-5686 - STARLINK-2704,748.490,4651.510,13.8609%,1,
Contact STARLINK-5686 - STARLINK-3750,0.000,5400.000,0.0000%,0,
Contact STARLINK-5686 - STARLINK-6363,0.000,5400.000,0.0000%,0,
Contact STARLINK-5686 - STARLINK-1605,0.000,5400.000,0.0000%,0,
Contact STARLINK-5686 - STARLINK-2068,0.000,5400.000,0.0000%,0,
Contact STARLINK-5686 - STARLINK-30925,4912.767,487.233,90.9772%,1,
Contact STARLINK-5686 - STARLINK-4494,0.000,5400.000,0.0000%,0,
Contact STARLINK-5686 - STARLINK-2499,0.000,5400.000,0.0000%,0,
Contact STARLINK-5686 - STARLINK-3634,0.000,5400.000,0.0000%,0,
Contact STARLINK-5686 - STARLINK-3768,0.000,5400.000,0.0000%,0,
Contact STARLINK-5686 - STARLINK-30904,0.000,5400.000,0.0000%,0,
Contact STARLINK-5686 - MoonARTEMIS1,5400.000,0.000,100.0000%,1,
Contact STARLINK-5686 - MoonARTEMIS2,5400.000,0.000,100.0000%,1,
Contact STARLINK-5686 - MoonIOAGEO,5400.000,0.000,100.0000%,1,
Contact STARLINK-5686 - MoonIOAGNO,5400.000,0.000,100.0000%,1,
Contact STARLINK-5686 - MoonIOAGNO 0001,5400.000,0.000,100.0000%,1,
Contact STARLINK-5686 - MoonIOAGSO,5400.000,0.000,100.0000%,1,
Contact STARLINK-5686 - MoonIOAGSO 0001,5400.000,0.000,100.0000%,1,
Contact STARLINK-5686 - MoonLRO,3918.735,1481.265,72.5692%,1,
Contact STARLINK-5686 - MarsSat1,3672.874,1727.126,68.0162%,1,
Contact STARLINK-5686 - MarsSat2,3672.868,1727.132,68.0161%,1,
Contact STARLINK-5686 - MarsSat3,3672.885,1727.115,68.0164%,1,
Contact STARLINK-5686 - MarsSat4,3672.881,1727.119,68.0163%,1,
Contact STARLINK-31122 - STARLINK-11130 [DTC],0.000,5400.000,0.0000%,0,
Contact STARLINK-31122 - STARLINK-32043,0.000,5400.000,0.0000%,0,
Contact STARLINK-31122 - STARLINK-1136,0.000,5400.000,0.0000%,0,
Contact STARLINK-31122 - STARLINK-31006,0.000,5400.000,0.0000%,0,
Contact STARLINK-31122 - STARLINK-4429,0.000,5400.000,0.0000%,0,
Contact STARLINK-31122 - STARLINK-4257,884.661,4515.339,16.3826%,1,
Contact STARLINK-31122 - STARLINK-5338,0.000,5400.000,0.0000%,0,
Contact STARLINK-31122 - STARLINK-1572,0.000,5400.000,0.0000%,0,
Contact STARLINK-31122 - STARLINK-32097,0.000,5400.000,0.0000%,0,
Contact STARLINK-31122 - STARLINK-2704,1973.714,3426.286,36.5503%,1,
Contact STARLINK-31122 - STARLINK-3750,0.000,5400.000,0.0000%,0,
Contact STARLINK-31122 - STARLINK-6363,0.000,5400.000,0.0000%,0,
Contact STARLINK-31122 - STARLINK-1605,0.000,5400.000,0.0000%,0,
Contact STARLINK-31122 - STARLINK-2068,0.000,5400.000,0.0000%,0,
Contact STARLINK-31122 - STARLINK-30925,0.000,5400.000,0.0000%,0,
Contact STARLINK-31122 - STARLINK-4494,0.000,5400.000,0.0000%,0,
Contact STARLINK-31122 - STARLINK-2499,4027.623,1372.377,74.5856%,1,
Contact STARLINK-31122 - STARLINK-3634,0.000,5400.000,0.0000%,0,
Contact STARLINK-31122 - STARLINK-3768,0.000,5400.000,0.0000%,0,
Contact STARLINK-31122 - STARLINK-30904,0.000,5400.000,0.0000%,0,
Contact STARLINK-31122 - MoonARTEMIS1,3310.379,2089.621,61.3033%,2,
Contact STARLINK-31122 - MoonARTEMIS2,3309.351,2090.649,61.2843%,2,
Contact STARLINK-31122 - MoonIOAGEO,3313.442,2086.558,61.3600%,2,
Contact STARLINK-31122 - MoonIOAGNO,3311.909,2088.091,61.3316%,2,
Contact STARLINK-31122 - MoonIOAGNO 0001,3311.756,2088.244,61.3288%,2,
Contact STARLINK-31122 - MoonIOAGSO,3312.995,2087.005,61.3518%,2,
Contact STARLINK-31122 - MoonIOAGSO 0001,3314.800,2085.200,61.3852%,2,
Contact STARLINK-31122 - MoonLRO,1630.855,3769.145,30.2010%,1,
Contact STARLINK-31122 - MarsSat1,3631.129,1768.871,67.2431%,1,
Contact STARLINK-31122 - MarsSat2,3631.122,1768.878,67.2430%,1,
Contact STARLINK-31122 - MarsSat3,3631.132,1768.868,67.2432%,1,
Contact STARLINK-31122 - MarsSat4,3631.144,1768.856,67.2434%,1,
Contact STARLINK-11130 [DTC] - STARLINK-32043,0.000,5400.000,0.0000%,0,
Contact STARLINK-11130 [DTC] - STARLINK-1136,0.000,5400.000,0.0000%,0,
Contact STARLINK-11130 [DTC] - STARLINK-31006,0.000,5400.000,0.0000%,0,
Contact STARLINK-11130 [DTC] - STARLINK-4429,0.000,5400.000,0.0000%,0,
Contact STARLINK-11130 [DTC] - STARLINK-4257,0.000,5400.000,0.0000%,0,
Contact STARLINK-11130 [DTC] - STARLINK-5338,0.000,5400.000,0.0000%,0,
Contact STARLINK-11130 [DTC] - STARLINK-1572,0.000,5400.000,0.0000%,0,
Contact STARLINK-11130 [DTC] - STARLINK-32097,0.000,5400.000,0.0000%,0,
Contact STARLINK-11130 [DTC] - STARLINK-2704,0.000,5400.000,0.0000%,0,
Contact STARLINK-11130 [DTC] - STARLINK-3750,0.000,5400.000,0.0000%,0,
Contact STARLINK-11130 [DTC] - STARLINK-6363,0.000,5400.000,0.0000%,0,
Contact STARLINK-11130 [DTC] - STARLINK-1605,0.000,5400.000,0.0000%,0,
Contact STARLINK-11130 [DTC] - STARLINK-2068,5400.000,0.000,100.0000%,1,
Contact STARLINK-11130 [DTC] - STARLINK-30925,0.000,5400.000,0.0000%,0,
Contact STARLINK-11130 [DTC] - STARLINK-4494,0.000,5400.000,0.0000%,0,
Contact STARLINK-11130 [DTC] - STARLINK-2499,936.269,4463.731,17.3383%,2,
Contact STARLINK-11130 [DTC] - STARLINK-3634,0.000,5400.000,0.0000%,0,
Contact STARLINK-11130 [DTC] - STARLINK-3768,0.000,5400.000,0.0000%,0,
Contact STARLINK-11130 [DTC] - STARLINK-30904,0.000,5400.000,0.0000%,0,
Contact STARLINK-11130 [DTC] - MoonARTEMIS1,3214.183,2185.817,59.5219%,2,
Contact STARLINK-11130 [DTC] - MoonARTEMIS2,3218.594,2181.406,59.6036%,2,
Contact STARLINK-11130 [DTC] - MoonIOAGEO,3219.687,2180.313,59.6238%,2,
Contact STARLINK-11130 [DTC] - MoonIOAGNO,3215.416,2184.584,59.5447%,2,
Contact STARLINK-11130 [DTC] - MoonIOAGNO 0001,3220.461,2179.539,59.6382%,2,
Contact STARLINK-11130 [DTC] - MoonIOAGSO,3220.220,2179.780,59.6337%,2,
Contact STARLINK-11130 [DTC] - MoonIOAGSO 0001,3212.130,2187.870,59.4839%,2,
Contact STARLINK-11130 [DTC] - MoonLRO,2753.147,2646.853,50.9842%,1,
Contact STARLINK-11130 [DTC] - MarsSat1,3349.486,2050.514,62.0275%,1,
Contact STARLINK-11130 [DTC] - MarsSat2,3349.495,2050.505,62.0277%,1,
Contact STARLINK-11130 [DTC] - MarsSat3,3349.475,2050.525,62.0273%,1,
Contact STARLINK-11130 [DTC] - MarsSat4,3349.507,2050.493,62.0279%,1,
Contact STARLINK-32043 - STARLINK-1136,5400.000,0.000,100.0000%,1,
Contact STARLINK-32043 - STARLINK-31006,0.000,5400.000,0.0000%,0,
Contact STARLINK-32043 - STARLINK-4429,0.000,5400.000,0.0000%,0,
Contact STARLINK-32043 - STARLINK-4257,0.000,5400.000,0.0000%,0,
Contact STARLINK-32043 - STARLINK-5338,0.000,5400.000,0.0000%,0,
Contact STARLINK-32043 - STARLINK-1572,0.000,5400.000,0.0000%,0,
Contact STARLINK-32043 - STARLINK-32097,546.119,4853.881,10.1133%,2,
Contact STARLINK-32043 - STARLINK-2704,0.000,5400.000,0.0000%,0,
Contact STARLINK-32043 - STARLINK-3750,240.725,5159.275,4.4579%,2,
Contact STARLINK-32043 - STARLINK-6363,0.000,5400.000,0.0000%,0,
Contact STARLINK-32043 - STARLINK-1605,5400.000,0.000,100.0000%,1,
Contact STARLINK-32043 - STARLINK-2068,0.000,5400.000,0.0000%,0,
Contact STARLINK-32043 - STARLINK-30925,0.000,5400.000,0.0000%,0,
Contact STARLINK-32043 - STARLINK-4494,0.000,5400.000,0.0000%,0,
Contact STARLINK-32043 - STARLINK-2499,0.000,5400.000,0.0000%,0,
Contact STARLINK-32043 - STARLINK-3634,0.000,5400.000,0.0000%,0,
Contact STARLINK-32043 - STARLINK-3768,0.000,5400.000,0.0000%,0,
Contact STARLINK-32043 - STARLINK-30904,0.000,5400.000,0.0000%,0,
Contact STARLINK-32043 - MoonARTEMIS1,3416.832,1983.168,63.2747%,1,
Contact STARLINK-32043 - MoonARTEMIS2,3416.574,1983.426,63.2699%,1,
Contact STARLINK-32043 - MoonIOAGEO,3409.896,1990.104,63.1462%,1,
Contact STARLINK-32043 - MoonIOAGNO,3416.965,1983.035,63.2771%,1,
Contact STARLINK-32043 - MoonIOAGNO 0001,3411.126,1988.874,63.1690%,1,
Contact STARLINK-32043 - MoonIOAGSO,3409.085,1990.915,63.1312%,1,
Contact STARLINK-32043 - MoonIOAGSO 0001,3421.767,1978.233,63.3661%,1,
Contact STARLINK-32043 - MoonLRO,2258.058,3141.942,41.8159%,1,
Contact STARLINK-32043 - MarsSat1,3265.739,2134.261,60.4766%,2,
Contact STARLINK-32043 - MarsSat2,3265.732,2134.268,60.4765%,2,
Contact STARLINK-32043 - MarsSat3,3265.747,2134.253,60.4768%,2,
Contact STARLINK-32043 - MarsSat4,3265.723,2134.277,60.4763%,2,
Contact STARLINK-1136 - STARLINK-31006,5400.000,0.000,100.0000%,1,
Contact STARLINK-1136 - STARLINK-4429,494.961,4905.039,9.1659%,1,
Contact STARLINK-1136 - STARLINK-4257,0.000,5400.000,0.0000%,0,
Contact STARLINK-1136 - STARLINK-5338,0.000,5400.000,0.0000%,0,
Contact STARLINK-1136 - STARLINK-1572,0.000,5400.000,0.0000%,0,
Contact STARLINK-1136 - STARLINK-32097,671.826,4728.174,12.4412%,2,
Contact STARLINK-1136 - STARLINK-2704,0.000,5400.000,0.0000%,0,
Contact STARLINK-1136 - STARLINK-3750,0.000,5400.000,0.0000%,0,
Contact STARLINK-1136 - STARLINK-6363,0.000,5400.000,0.0000%,0,
Contact STARLINK-1136 - STARLINK-1605,5400.000,0.000,100.0000%,1,
Contact STARLINK-1136 - STARLINK-2068,0.000,5400.000,0.0000%,0,
Contact STARLINK-1136 - STARLINK-30925,0.000,5400.000,0.0000%,0,
Contact STARLINK-1136 - STARLINK-4494,682.770,4717.230,12.6439%,1,
Contact STARLINK-1136 - STARLINK-2499,0.000,5400.000,0.0000%,0,
Contact STARLINK-1136 - STARLINK-3634,0.000,5400.000,0.0000%,0,
Contact STARLINK-1136 - STARLINK-3768,0.000,5400.000,0.0000%,0,
Contact STARLINK-1136 - STARLINK-30904,0.000,5400.000,0.0000%,0,
Contact STARLINK-1136 - MoonARTEMIS1,3510.022,1889.978,65.0004%,1,
Contact STARLINK-1136 - MoonARTEMIS2,3523.261,1876.739,65.2456%,1,
Contact STARLINK-1136 - MoonIOAGEO,3508.264,1891.736,64.9679%,1,
Contact STARLINK-1136 - MoonIOAGNO,3520.623,1879.377,65.1967%,1,
Contact STARLINK-1136 - MoonIOAGNO 0001,3514.530,1885.470,65.0839%,1,
Contact STARLINK-1136 - MoonIOAGSO,3499.713,1900.287,64.8095%,1,
Contact STARLINK-1136 - MoonIOAGSO 0001,3504.111,1895.889,64.8909%,1,
Contact STARLINK-1136 - MoonLRO,2004.413,3395.587,37.1188%,1,
Contact STARLINK-1136 - MarsSat1,3271.445,2128.555,60.5823%,2,
Contact STARLINK-1136 - MarsSat2,3271.442,2128.558,60.5823%,2,
Contact STARLINK-1136 - MarsSat3,3271.448,2128.552,60.5824%,2,
Contact STARLINK-1136 - MarsSat4,3271.434,2128.566,60.5821%,2,
Contact STARLINK-31006 - STARLINK-4429,216.929,5183.071,4.0172%,1,
Contact STARLINK-31006 - STARLINK-4257,0.000,5400.000,0.0000%,0,
Contact STARLINK-31006 - STARLINK-5338,0.000,5400.000,0.0000%,0,
Contact STARLINK-31006 - STARLINK-1572,0.000,5400.000,0.0000%,0,
Contact STARLINK-31006 - STARLINK-32097,551.998,4848.002,10.2222%,2,
Contact STARLINK-31006 - STARLINK-2704,0.000,5400.000,0.0000%,0,
Contact STARLINK-31006 - STARLINK-3750,0.000,5400.000,0.0000%,0,
Contact STARLINK-31006 - STARLINK-6363,0.000,5400.000,0.0000%,0,
Contact STARLINK-31006 - STARLINK-1605,5400.000,0.000,100.0000%,1,
Contact STARLINK-31006 - STARLINK-2068,0.000,5400.000,0.0000%,0,
Contact STARLINK-31006 - STARLINK-30925,0.000,5400.000,0.0000%,0,
Contact STARLINK-31006 - STARLINK-4494,902.509,4497.491,16.7131%,1,
Contact STARLINK-31006 - STARLINK-2499,0.000,5400.000,0.0000%,0,
Contact STARLINK-31006 - STARLINK-3634,0.000,5400.000,0.0000%,0,
Contact STARLINK-31006 - STARLINK-3768,0.000,5400.000,0.0000%,0,
Contact STARLINK-31006 - STARLINK-30904,957.375,4442.625,17.7292%,2,
Contact STARLINK-31006 - MoonARTEMIS1,5400.000,0.000,100.0000%,1,
Contact STARLINK-31006 - MoonARTEMIS2,5400.000,0.000,100.0000%,1,
Contact STARLINK-31006 - MoonIOAGEO,5400.000,0.000,100.0000%,1,
Contact STARLINK-31006 - MoonIOAGNO,5400.000,0.000,100.0000%,1,
Contact STARLINK-31006 - MoonIOAGNO 0001,5400.000,0.000,100.0000%,1,
Contact STARLINK-31006 - MoonIOAGSO,5400.000,0.000,100.0000%,1,
Contact STARLINK-31006 - MoonIOAGSO 0001,5400.000,0.000,100.0000%,1,
Contact STARLINK-31006 - MoonLRO,3894.360,1505.640,72.1178%,1,
Contact STARLINK-31006 - MarsSat1,3259.863,2140.137,60.3678%,2,
Contact STARLINK-31006 - MarsSat2,3259.865,2140.135,60.3679%,2,
Contact STARLINK-31006 - MarsSat3,3259.860,2140.140,60.3678%,2,
Contact STARLINK-31006 - MarsSat4,3259.857,2140.143,60.3677%,2,
Contact STARLINK-4429 - STARLINK-4257,0.000,5400.000,0.0000%,0,
Contact STARLINK-4429 - STARLINK-5338,0.000,5400.000,0.0000%,0,
Contact STARLINK-4429 - STARLINK-1572,0.000,5400.000,0.0000%,0,
Contact STARLINK-4429 - STARLINK-32097,0.000,5400.000,0.0000%,0,
Contact STARLINK-4429 - STARLINK-2704,0.000,5400.000,0.0000%,0,
Contact STARLINK-4429 - STARLINK-3750,0.000,5400.000,0.0000%,0,
Contact STARLINK-4429 - STARLINK-6363,0.000,5400.000,0.0000%,0,
Contact STARLINK-4429 - STARLINK-1605,0.000,5400.000,0.0000%,0,
Contact STARLINK-4429 - STARLINK-2068,0.000,5400.000,0.0000%,0,
Contact STARLINK-4429 - STARLINK-30925,0.000,5400.000,0.0000%,0,
Contact STARLINK-4429 - STARLINK-4494,0.000,5400.000,0.0000%,0,
Contact STARLINK-4429 - STARLINK-2499,721.478,4678.522,13.3607%,1,
Contact STARLINK-4429 - STARLINK-3634,286.153,5113.847,5.2991%,1,
Contact STARLINK-4429 - STARLINK-3768,0.000,5400.000,0.0000%,0,
Contact STARLINK-4429 - STARLINK-30904,319.115,5080.885,5.9095%,1,
Contact STARLINK-4429 - MoonARTEMIS1,3514.761,1885.239,65.0882%,2,
Contact STARLINK-4429 - MoonARTEMIS2,3518.456,1881.544,65.1566%,2,
Contact STARLINK-4429 - MoonIOAGEO,3513.840,1886.160,65.0711%,2,
Contact STARLINK-4429 - MoonIOAGNO,3525.992,1874.008,65.2961%,2,
Contact STARLINK-4429 - MoonIOAGNO 0001,3501.990,1898.010,64.8517%,2,
Contact STARLINK-4429 - MoonIOAGSO,3503.652,1896.348,64.8824%,2,
Contact STARLINK-4429 - MoonIOAGSO 0001,3522.217,1877.783,65.2262%,2,
Contact STARLINK-4429 - MoonLRO,2634.787,2765.213,48.7923%,1,
Contact STARLINK-4429 - MarsSat1,5400.000,0.000,100.0000%,1,
Contact STARLINK-4429 - MarsSat2,5400.000,0.000,100.0000%,1,
Contact STARLINK-4429 - MarsSat3,5400.000,0.000,100.0000%,1,
Contact STARLINK-4429 - MarsSat4,5400.000,0.000,100.0000%,1,
Contact STARLINK-4257 - STARLINK-5338,0.000,5400.000,0.0000%,0,
Contact STARLINK-4257 - STARLINK-1572,0.000,5400.000,0.0000%,0,
Contact STARLINK-4257 - STARLINK-32097,0.000,5400.000,0.0000%,0,
Contact STARLINK-4257 - STARLINK-2704,5400.000,0.000,100.0000%,1,
Contact STARLINK-4257 - STARLINK-3750,0.000,5400.000,0.0000%,0,
Contact STARLINK-4257 - STARLINK-6363,0.000,5400.000,0.0000%,0,
Contact STARLINK-4257 - STARLINK-1605,0.000,5400.000,0.0000%,0,
Contact STARLINK-4257 - STARLINK-2068,0.000,5400.000,0.0000%,0,
Contact STARLINK-4257 - STARLINK-30925,631.404,4768.596,11.6927%,2,
Contact STARLINK-4257 - STARLINK-4494,0.000,5400.000,0.0000%,0,
Contact STARLINK-4257 - STARLINK-2499,0.000,5400.000,0.0000%,0,
Contact STARLINK-4257 - STARLINK-3634,3688.803,1711.197,68.3112%,1,
Contact STARLINK-4257 - STARLINK-3768,0.000,5400.000,0.0000%,0,
Contact STARLINK-4257 - STARLINK-30904,712.491,4687.509,13.1943%,1,
Contact STARLINK-4257 - MoonARTEMIS1,5400.000,0.000,100.0000%,1,
Contact STARLINK-4257 - MoonARTEMIS2,5400.000,0.000,100.0000%,1,
Contact STARLINK-4257 - MoonIOAGEO,5400.000,0.000,100.0000%,1,
Contact STARLINK-4257 - MoonIOAGNO,5400.000,0.000,100.0000%,1,
Contact STARLINK-4257 - MoonIOAGNO 0001,5400.000,0.000,100.0000%,1,
Contact STARLINK-4257 - MoonIOAGSO,5400.000,0.000,100.0000%,1,
Contact STARLINK-4257 - MoonIOAGSO 0001,5400.000,0.000,100.0000%,1,
Contact STARLINK-4257 - MoonLRO,3877.692,1522.308,71.8091%,1,
Contact STARLINK-4257 - MarsSat1,3654.536,1745.464,67.6766%,1,
Contact STARLINK-4257 - MarsSat2,3654.556,1745.444,67.6770%,1,
Contact STARLINK-4257 - MarsSat3,3654.496,1745.504,67.6759%,1,
Contact STARLINK-4257 - MarsSat4,3654.527,1745.473,67.6764%,1,
Contact STARLINK-5338 - STARLINK-1572,5400.000,0.000,100.0000%,1,
Contact STARLINK-5338 - STARLINK-32097,634.588,4765.412,11.7516%,1,
Contact STARLINK-5338 - STARLINK-2704,0.000,5400.000,0.0000%,0,
Contact STARLINK-5338 - STARLINK-3750,5400.000,0.000,100.0000%,1,
Contact STARLINK-5338 - STARLINK-6363,435.646,4964.354,8.0675%,1,
Contact STARLINK-5338 - STARLINK-1605,0.000,5400.000,0.0000%,0,
Contact STARLINK-5338 - STARLINK-2068,1715.752,3684.248,31.7732%,1,
Contact STARLINK-5338 - STARLINK-30925,0.000,5400.000,0.0000%,0,
Contact STARLINK-5338 - STARLINK-4494,0.000,5400.000,0.0000%,0,
Contact STARLINK-5338 - STARLINK-2499,0.000,5400.000,0.0000%,0,
Contact STARLINK-5338 - STARLINK-3634,0.000,5400.000,0.0000%,0,
Contact STARLINK-5338 - STARLINK-3768,5400.000,0.000,100.0000%,1,
Contact STARLINK-5338 - STARLINK-30904,0.000,5400.000,0.0000%,0,
Contact STARLINK-5338 - MoonARTEMIS1,3847.541,1552.459,71.2508%,1,
Contact STARLINK-5338 - MoonARTEMIS2,3858.977,1541.023,71.4625%,1,
Contact STARLINK-5338 - MoonIOAGEO,3839.869,1560.131,71.1087%,1,
Contact STARLINK-5338 - MoonIOAGNO,3845.902,1554.098,71.2204%,1,
Contact STARLINK-5338 - MoonIOAGNO 0001,3847.651,1552.349,71.2528%,1,
Contact STARLINK-5338 - MoonIOAGSO,3841.772,1558.228,71.1439%,1,
Contact STARLINK-5338 - MoonIOAGSO 0001,3841.163,1558.837,71.1327%,1,
Contact STARLINK-5338 - MoonLRO,3820.225,1579.775,70.7449%,1,
Contact STARLINK-5338 - MarsSat1,5400.000,0.000,100.0000%,1,
Contact STARLINK-5338 - MarsSat2,5400.000,0.000,100.0000%,1,
Contact STARLINK-5338 - MarsSat3,5400.000,0.000,100.0000%,1,
Contact STARLINK-5338 - MarsSat4,5400.000,0.000,100.0000%,1,
Contact STARLINK-1572 - STARLINK-32097,0.000,5400.000,0.0000%,0,
Contact STARLINK-1572 - STARLINK-2704,0.000,5400.000,0.0000%,0,
Contact STARLINK-1572 - STARLINK-3750,5400.000,0.000,100.0000%,1,
Contact STARLINK-1572 - STARLINK-6363,0.000,5400.000,0.0000%,0,
Contact STARLINK-1572 - STARLINK-1605,0.000,5400.000,0.0000%,0,
Contact STARLINK-1572 - STARLINK-2068,4090.654,1309.346,75.7529%,1,
Contact STARLINK-1572 - STARLINK-30925,0.000,5400.000,0.0000%,0,
Contact STARLINK-1572 - STARLINK-4494,0.000,5400.000,0.0000%,0,
Contact STARLINK-1572 - STARLINK-2499,0.000,5400.000,0.0000%,0,
Contact STARLINK-1572 - STARLINK-3634,0.000,5400.000,0.0000%,0,
Contact STARLINK-1572 - STARLINK-3768,5400.000,0.000,100.0000%,1,
Contact STARLINK-1572 - STARLINK-30904,0.000,5400.000,0.0000%,0,
Contact STARLINK-1572 - MoonARTEMIS1,0.000,5400.000,0.0000%,0,
Contact STARLINK-1572 - MoonARTEMIS2,3515.580,1884.420,65.1033%,1,
Contact STARLINK-1572 - MoonIOAGEO,0.000,5400.000,0.0000%,0,
Contact STARLINK-1572 - MoonIOAGNO,0.000,5400.000,0.0000%,0,
Contact STARLINK-1572 - MoonIOAGNO 0001,3514.019,1885.981,65.0744%,1,
Contact STARLINK-1572 - MoonIOAGSO,0.000,5400.000,0.0000%,0,
Contact STARLINK-1572 - MoonIOAGSO 0001,0.000,5400.000,0.0000%,0,
Contact STARLINK-1572 - MoonLRO,0.000,5400.000,0.0000%,0,
Contact STARLINK-1572 - MarsSat1,5400.000,0.000,100.0000%,1,
Contact STARLINK-1572 - MarsSat2,5400.000,0.000,100.0000%,1,
Contact STARLINK-1572 - MarsSat3,5400.000,0.000,100.0000%,1,
Contact STARLINK-1572 - MarsSat4,5400.000,0.000,100.0000%,1,
Contact STARLINK-32097 - STARLINK-2704,0.000,5400.000,0.0000%,0,
Contact STARLINK-32097 - STARLINK-3750,0.000,5400.000,0.0000%,0,
Contact STARLINK-32097 - STARLINK-6363,0.000,5400.000,0.0000%,0,
Contact STARLINK-32097 - STARLINK-1605,632.116,4767.884,11.7059%,2,
Contact STARLINK-32097 - STARLINK-2068,0.000,5400.000,0.0000%,0,
Contact STARLINK-32097 - STARLINK-30925,0.000,5400.000,0.0000%,0,
Contact STARLINK-32097 - STARLINK-4494,0.000,5400.000,0.0000%,0,
Contact STARLINK-32097 - STARLINK-2499,0.000,5400.000,0.0000%,0,
Contact STARLINK-32097 - STARLINK-3634,0.000,5400.000,0.0000%,0,
Contact STARLINK-32097 - STARLINK-3768,0.000,5400.000,0.0000%,0,
Contact STARLINK-32097 - STARLINK-30904,718.311,4681.689,13.3021%,1,
Contact STARLINK-32097 - MoonARTEMIS1,3733.571,1666.429,69.1402%,1,
Contact STARLINK-32097 - MoonARTEMIS2,3723.841,1676.159,68.9600%,1,
Contact STARLINK-32097 - MoonIOAGEO,3728.126,1671.874,69.0394%,1,
Contact STARLINK-32097 - MoonIOAGNO,3711.260,1688.740,68.7270%,1,
Contact STARLINK-32097 - MoonIOAGNO 0001,3732.410,1667.590,69.1187%,1,
Contact STARLINK-32097 - MoonIOAGSO,3748.314,1651.686,69.4132%,1,
Contact STARLINK-32097 - MoonIOAGSO 0001,3736.647,1663.353,69.1972%,1,
Contact STARLINK-32097 - MoonLRO,2963.590,2436.410,54.8813%,1,
Contact STARLINK-32097 - MarsSat1,3415.369,1984.631,63.2476%,2,
Contact STARLINK-32097 - MarsSat2,3415.344,1984.656,63.2471%,2,
Contact STARLINK-32097 - MarsSat3,3415.412,1984.588,63.2484%,2,
Contact STARLINK-32097 - MarsSat4,3415.395,1984.605,63.2481%,2,
Contact STARLINK-2704 - STARLINK-3750,0.000,5400.000,0.0000%,0,
Contact STARLINK-2704 - STARLINK-6363,0.000,5400.000,0.0000%,0,
Contact STARLINK-2704 - STARLINK-1605,0.000,5400.000,0.0000%,0,
Contact STARLINK-2704 - STARLINK-2068,0.000,5400.000,0.0000%,0,
Contact STARLINK-2704 - STARLINK-30925,349.687,5050.313,6.4757%,1,
Contact STARLINK-2704 - STARLINK-4494,0.000,5400.000,0.0000%,0,
Contact STARLINK-2704 - STARLINK-2499,720.028,4679.972,13.3338%,1,
Contact STARLINK-2704 - STARLINK-3634,5400.000,0.000,100.0000%,1,
Contact STARLINK-2704 - STARLINK-3768,0.000,5400.000,0.0000%,0,
Contact STARLINK-2704 - STARLINK-30904,0.000,5400.000,0.0000%,0,
Contact STARLINK-2704 - MoonARTEMIS1,5400.000,0.000,100.0000%,1,
Contact STARLINK-2704 - MoonARTEMIS2,5400.000,0.000,100.0000%,1,
Contact STARLINK-2704 - MoonIOAGEO,5400.000,0.000,100.0000%,1,
Contact STARLINK-2704 - MoonIOAGNO,5400.000,0.000,100.0000%,1,
Contact STARLINK-2704 - MoonIOAGNO 0001,5400.000,0.000,100.0000%,1,
Contact STARLINK-2704 - MoonIOAGSO,5400.000,0.000,100.0000%,1,
Contact STARLINK-2704 - MoonIOAGSO 0001,5400.000,0.000,100.0000%,1,
Contact STARLINK-2704 - MoonLRO,3880.848,1519.152,71.8676%,1,
Contact STARLINK-2704 - MarsSat1,3404.591,1995.409,63.0480%,1,
Contact STARLINK-2704 - MarsSat2,3404.589,1995.411,63.0479%,1,
Contact STARLINK-2704 - MarsSat3,3404.587,1995.413,63.0479%,1,
Contact STARLINK-2704 - MarsSat4,3404.600,1995.400,63.0481%,1,
Contact STARLINK-3750 - STARLINK-6363,0.000,5400.000,0.0000%,0,
Contact STARLINK-3750 - STARLINK-1605,0.000,5400.000,0.0000%,0,
Contact STARLINK-3750 - STARLINK-2068,1053.565,4346.435,19.5105%,1,
Contact STARLINK-3750 - STARLINK-30925,0.000,5400.000,0.0000%,0,
Contact STARLINK-3750 - STARLINK-4494,0.000,5400.000,0.0000%,0,
Contact STARLINK-3750 - STARLINK-2499,0.000,5400.000,0.0000%,0,
Contact STARLINK-3750 - STARLINK-3634,0.000,5400.000,0.0000%,0,
Contact STARLINK-3750 - STARLINK-3768,5400.000,0.000,100.0000%,1,
Contact STARLINK-3750 - STARLINK-30904,0.000,5400.000,0.0000%,0,
Contact STARLINK-3750 - MoonARTEMIS1,3544.686,1855.314,65.6423%,1,
Contact STARLINK-3750 - MoonARTEMIS2,3545.350,1854.650,65.6546%,1,
Contact STARLINK-3750 - MoonIOAGEO,3541.543,1858.457,65.5841%,1,
Contact STARLINK-3750 - MoonIOAGNO,3536.768,1863.232,65.4957%,1,
Contact STARLINK-3750 - MoonIOAGNO 0001,3545.319,1854.681,65.6540%,1,
Contact STARLINK-3750 - MoonIOAGSO,3548.918,1851.082,65.7207%,1,
Contact STARLINK-3750 - MoonIOAGSO 0001,3543.250,1856.750,65.6157%,1,
Contact STARLINK-3750 - MoonLRO,3550.047,1849.953,65.7416%,1,
Contact STARLINK-3750 - MarsSat1,5400.000,0.000,100.0000%,1,
Contact STARLINK-3750 - MarsSat2,5400.000,0.000,100.0000%,1,
Contact STARLINK-3750 - MarsSat3,5400.000,0.000,100.0000%,1,
Contact STARLINK-3750 - MarsSat4,5400.000,0.000,100.0000%,1,
Contact STARLINK-6363 - STARLINK-1605,0.000,5400.000,0.0000%,0,
Contact STARLINK-6363 - STARLINK-2068,0.000,5400.000,0.0000%,0,
Contact STARLINK-6363 - STARLINK-30925,0.000,5400.000,0.0000%,0,
Contact STARLINK-6363 - STARLINK-4494,0.000,5400.000,0.0000%,0,
Contact STARLINK-6363 - STARLINK-2499,0.000,5400.000,0.0000%,0,
Contact STARLINK-6363 - STARLINK-3634,0.000,5400.000,0.0000%,0,
Contact STARLINK-6363 - STARLINK-3768,0.000,5400.000,0.0000%,0,
Contact STARLINK-6363 - STARLINK-30904,0.000,5400.000,0.0000%,0,
Contact STARLINK-6363 - MoonARTEMIS1,3687.946,1712.054,68.2953%,1,
Contact STARLINK-6363 - MoonARTEMIS2,3696.059,1703.941,68.4455%,1,
Contact STARLINK-6363 - MoonIOAGEO,3678.456,1721.544,68.1196%,1,
Contact STARLINK-6363 - MoonIOAGNO,3685.944,1714.056,68.2582%,1,
Contact STARLINK-6363 - MoonIOAGNO 0001,3694.104,1705.896,68.4093%,1,
Contact STARLINK-6363 - MoonIOAGSO,3680.818,1719.182,68.1633%,1,
Contact STARLINK-6363 - MoonIOAGSO 0001,3683.991,1716.009,68.2221%,1,
Contact STARLINK-6363 - MoonLRO,3513.696,1886.304,65.0684%,1,
Contact STARLINK-6363 - MarsSat1,5400.000,0.000,100.0000%,1,
Contact STARLINK-6363 - MarsSat2,5400.000,0.000,100.0000%,1,
Contact STARLINK-6363 - MarsSat3,5400.000,0.000,100.0000%,1,
Contact STARLINK-6363 - MarsSat4,5400.000,0.000,100.0000%,1,
Contact STARLINK-1605 - STARLINK-2068,0.000,5400.000,0.0000%,0,
Contact STARLINK-1605 - STARLINK-30925,0.000,5400.000,0.0000%,0,
Contact STARLINK-1605 - STARLINK-4494,464.321,4935.679,8.5985%,1,
Contact STARLINK-1605 - STARLINK-2499,0.000,5400.000,0.0000%,0,
Contact STARLINK-1605 - STARLINK-3634,0.000,5400.000,0.0000%,0,
Contact STARLINK-1605 - STARLINK-3768,0.000,5400.000,0.0000%,0,
Contact STARLINK-1605 - STARLINK-30904,0.000,5400.000,0.0000%,0,
Contact STARLINK-1605 - MoonARTEMIS1,3494.601,1905.399,64.7148%,1,
Contact STARLINK-1605 - MoonARTEMIS2,3495.782,1904.218,64.7367%,1,
Contact STARLINK-1605 - MoonIOAGEO,3487.503,1912.497,64.5834%,1,
Contact STARLINK-1605 - MoonIOAGNO,3494.421,1905.579,64.7115%,1,
Contact STARLINK-1605 - MoonIOAGNO 0001,3492.165,1907.835,64.6697%,1,
Contact STARLINK-1605 - MoonIOAGSO,3487.238,1912.762,64.5785%,1,
Contact STARLINK-1605 - MoonIOAGSO 0001,3497.594,1902.406,64.7703%,1,
Contact STARLINK-1605 - MoonLRO,2217.446,3182.554,41.0638%,1,
Contact STARLINK-1605 - MarsSat1,3259.945,2140.055,60.3694%,2,
Contact STARLINK-1605 - MarsSat2,3259.943,2140.057,60.3693%,2,
Contact STARLINK-1605 - MarsSat3,3259.947,2140.053,60.3694%,2,
Contact STARLINK-1605 - MarsSat4,3259.936,2140.064,60.3692%,2,
Contact STARLINK-2068 - STARLINK-30925,0.000,5400.000,0.0000%,0,
Contact STARLINK-2068 - STARLINK-4494,0.000,5400.000,0.0000%,0,
Contact STARLINK-2068 - STARLINK-2499,691.042,4708.958,12.7971%,1,
Contact STARLINK-2068 - STARLINK-3634,0.000,5400.000,0.0000%,0,
Contact STARLINK-2068 - STARLINK-3768,4188.580,1211.420,77.5663%,1,
Contact STARLINK-2068 - STARLINK-30904,0.000,5400.000,0.0000%,0,
Contact STARLINK-2068 - MoonARTEMIS1,3393.123,2006.877,62.8356%,2,
Contact STARLINK-2068 - MoonARTEMIS2,3407.051,1992.949,63.0935%,2,
Contact STARLINK-2068 - MoonIOAGEO,3401.367,1998.633,62.9883%,2,
Contact STARLINK-2068 - MoonIOAGNO,3399.606,2000.394,62.9557%,2,
Contact STARLINK-2068 - MoonIOAGNO 0001,3411.689,1988.311,63.1794%,2,
Contact STARLINK-2068 - MoonIOAGSO,3398.883,2001.117,62.9423%,2,
Contact STARLINK-2068 - MoonIOAGSO 0001,3384.033,2015.967,62.6673%,2,
Contact STARLINK-2068 - MoonLRO,3154.964,2245.036,58.4253%,1,
Contact STARLINK-2068 - MarsSat1,5400.000,0.000,100.0000%,1,
Contact STARLINK-2068 - MarsSat2,5400.000,0.000,100.0000%,1,
Contact STARLINK-2068 - MarsSat3,5400.000,0.000,100.0000%,1,
Contact STARLINK-2068 - MarsSat4,5400.000,0.000,100.0000%,1,
Contact STARLINK-30925 - STARLINK-4494,4651.772,748.228,86.1439%,2,
Contact STARLINK-30925 - STARLINK-2499,0.000,5400.000,0.0000%,0,
Contact STARLINK-30925 - STARLINK-3634,5400.000,0.000,100.0000%,1,
Contact STARLINK-30925 - STARLINK-3768,0.000,5400.000,0.0000%,0,
Contact STARLINK-30925 - STARLINK-30904,4353.282,1046.718,80.6163%,1,
Contact STARLINK-30925 - MoonARTEMIS1,5400.000,0.000,100.0000%,1,
Contact STARLINK-30925 - MoonARTEMIS2,5400.000,0.000,100.0000%,1,
Contact STARLINK-30925 - MoonIOAGEO,5400.000,0.000,100.0000%,1,
Contact STARLINK-30925 - MoonIOAGNO,5400.000,0.000,100.0000%,1,
Contact STARLINK-30925 - MoonIOAGNO 0001,5400.000,0.000,100.0000%,1,
Contact STARLINK-30925 - MoonIOAGSO,5400.000,0.000,100.0000%,1,
Contact STARLINK-30925 - MoonIOAGSO 0001,5400.000,0.000,100.0000%,1,
Contact STARLINK-30925 - MoonLRO,3914.384,1485.616,72.4886%,1,
Contact STARLINK-30925 - MarsSat1,3646.335,1753.665,67.5247%,2,
Contact STARLINK-30925 - MarsSat2,3646.266,1753.734,67.5234%,2,
Contact STARLINK-30925 - MarsSat3,3646.446,1753.554,67.5268%,2,
Contact STARLINK-30925 - MarsSat4,3646.362,1753.638,67.5252%,2,
Contact STARLINK-4494 - STARLINK-2499,0.000,5400.000,0.0000%,0,
Contact STARLINK-4494 - STARLINK-3634,660.340,4739.660,12.2285%,2,
Contact STARLINK-4494 - STARLINK-3768,0.000,5400.000,0.0000%,0,
Contact STARLINK-4494 - STARLINK-30904,0.000,5400.000,0.0000%,0,
Contact STARLINK-4494 - MoonARTEMIS1,5400.000,0.000,100.0000%,1,
Contact STARLINK-4494 - MoonARTEMIS2,5400.000,0.000,100.0000%,1,
Contact STARLINK-4494 - MoonIOAGEO,5400.000,0.000,100.0000%,1,
Contact STARLINK-4494 - MoonIOAGNO,5400.000,0.000,100.0000%,1,
Contact STARLINK-4494 - MoonIOAGNO 0001,5400.000,0.000,100.0000%,1,
Contact STARLINK-4494 - MoonIOAGSO,5400.000,0.000,100.0000%,1,
Contact STARLINK-4494 - MoonIOAGSO 0001,5400.000,0.000,100.0000%,1,
Contact STARLINK-4494 - MoonLRO,3902.744,1497.256,72.2730%,1,
Contact STARLINK-4494 - MarsSat1,3290.847,2109.153,60.9416%,2,
Contact STARLINK-4494 - MarsSat2,3290.841,2109.159,60.9415%,2,
Contact STARLINK-4494 - MarsSat3,3290.861,2109.139,60.9419%,2,
Contact STARLINK-4494 - MarsSat4,3290.858,2109.142,60.9418%,2,
Contact STARLINK-2499 - STARLINK-3634,1037.400,4362.600,19.2111%,2,
Contact STARLINK-2499 - STARLINK-3768,0.000,5400.000,0.0000%,0,
Contact STARLINK-2499 - STARLINK-30904,0.000,5400.000,0.0000%,0,
Contact STARLINK-2499 - MoonARTEMIS1,3746.671,1653.329,69.3828%,2,
Contact STARLINK-2499 - MoonARTEMIS2,3727.680,1672.320,69.0311%,2,
Contact STARLINK-2499 - MoonIOAGEO,3751.129,1648.871,69.4653%,2,
Contact STARLINK-2499 - MoonIOAGNO,3744.855,1655.145,69.3492%,2,
Contact STARLINK-2499 - MoonIOAGNO 0001,3707.702,1692.298,68.6611%,2,
Contact STARLINK-2499 - MoonIOAGSO,3750.163,1649.837,69.4475%,2,
Contact STARLINK-2499 - MoonIOAGSO 0001,3774.830,1625.170,69.9043%,2,
Contact STARLINK-2499 - MoonLRO,2838.725,2561.275,52.5690%,1,
Contact STARLINK-2499 - MarsSat1,3976.428,1423.572,73.6375%,1,
Contact STARLINK-2499 - MarsSat2,3976.364,1423.636,73.6364%,1,
Contact STARLINK-2499 - MarsSat3,3976.517,1423.483,73.6392%,1,
Contact STARLINK-2499 - MarsSat4,3976.417,1423.583,73.6374%,1,
Contact STARLINK-3634 - STARLINK-3768,0.000,5400.000,0.0000%,0,
Contact STARLINK-3634 - STARLINK-30904,0.000,5400.000,0.0000%,0,
Contact STARLINK-3634 - MoonARTEMIS1,5400.000,0.000,100.0000%,1,
Contact STARLINK-3634 - MoonARTEMIS2,5400.000,0.000,100.0000%,1,
Contact STARLINK-3634 - MoonIOAGEO,5400.000,0.000,100.0000%,1,
Contact STARLINK-3634 - MoonIOAGNO,5400.000,0.000,100.0000%,1,
Contact STARLINK-3634 - MoonIOAGNO 0001,5400.000,0.000,100.0000%,1,
Contact STARLINK-3634 - MoonIOAGSO,5400.000,0.000,100.0000%,1,
Contact STARLINK-3634 - MoonIOAGSO 0001,5400.000,0.000,100.0000%,1,
Contact STARLINK-3634 - MoonLRO,3901.541,1498.459,72.2508%,1,
Contact STARLINK-3634 - MarsSat1,4360.037,1039.963,80.7414%,1,
Contact STARLINK-3634 - MarsSat2,4359.879,1040.121,80.7385%,1,
Contact STARLINK-3634 - MarsSat3,4360.251,1039.749,80.7454%,1,
Contact STARLINK-3634 - MarsSat4,4360.120,1039.880,80.7430%,1,
Contact STARLINK-3768 - STARLINK-30904,0.000,5400.000,0.0000%,0,
Contact STARLINK-3768 - MoonARTEMIS1,3471.655,1928.345,64.2899%,1,
Contact STARLINK-3768 - MoonARTEMIS2,3485.112,1914.888,64.5391%,1,
Contact STARLINK-3768 - MoonIOAGEO,3473.522,1926.478,64.3245%,1,
Contact STARLINK-3768 - MoonIOAGNO,3474.973,1925.027,64.3513%,1,
Contact STARLINK-3768 - MoonIOAGNO 0001,3493.509,1906.491,64.6946%,1,
Contact STARLINK-3768 - MoonIOAGSO,3473.103,1926.897,64.3167%,1,
Contact STARLINK-3768 - MoonIOAGSO 0001,3459.243,1940.757,64.0601%,1,
Contact STARLINK-3768 - MoonLRO,3477.443,1922.557,64.3971%,1,
Contact STARLINK-3768 - MarsSat1,5400.000,0.000,100.0000%,1,
Contact STARLINK-3768 - MarsSat2,5400.000,0.000,100.0000%,1,
Contact STARLINK-3768 - MarsSat3,5400.000,0.000,100.0000%,1,
Contact STARLINK-3768 - MarsSat4,5400.000,0.000,100.0000%,1,
Contact STARLINK-30904 - MoonARTEMIS1,5400.000,0.000,100.0000%,1,
Contact STARLINK-30904 - MoonARTEMIS2,5400.000,0.000,100.0000%,1,
Contact STARLINK-30904 - MoonIOAGEO,5400.000,0.000,100.0000%,1,
Contact STARLINK-30904 - MoonIOAGNO,5400.000,0.000,100.0000%,1,
Contact STARLINK-30904 - MoonIOAGNO 0001,5400.000,0.000,100.0000%,1,
Contact STARLINK-30904 - MoonIOAGSO,5400.000,0.000,100.0000%,1,
Contact STARLINK-30904 - MoonIOAGSO 0001,5400.000,0.000,100.0000%,1,
Contact STARLINK-30904 - MoonLRO,3918.704,1481.296,72.5686%,1,
Contact STARLINK-30904 - MarsSat1,3407.914,1992.086,63.1095%,2,
Contact STARLINK-30904 - MarsSat2,3407.890,1992.110,63.1091%,2,
Contact STARLINK-30904 - MarsSat3,3407.953,1992.047,63.1102%,2,
Contact STARLINK-30904 - MarsSat4,3407.887,1992.113,63.1090%,2,
Contact MoonARTEMIS1 - MoonARTEMIS2,561.841,4838.159,10.4045%,1,
Contact MoonARTEMIS1 - MoonIOAGEO,5400.000,0.000,100.0000%,1,
Contact MoonARTEMIS1 - MoonIOAGNO,5400.000,0.000,100.0000%,1,
Contact MoonARTEMIS1 - MoonIOAGNO 0001,5400.000,0.000,100.0000%,1,
Contact MoonARTEMIS1 - MoonIOAGSO,5400.000,0.000,100.0000%,1,
Contact MoonARTEMIS1 - MoonIOAGSO 0001,5400.000,0.000,100.0000%,1,
Contact MoonARTEMIS1 - MoonLRO,3360.419,2039.581,62.2300%,1,
Contact MoonARTEMIS1 - MarsSat1,5400.000,0.000,100.0000%,1,
Contact MoonARTEMIS1 - MarsSat2,5400.000,0.000,100.0000%,1,
Contact MoonARTEMIS1 - MarsSat3,5400.000,0.000,100.0000%,1,
Contact MoonARTEMIS1 - MarsSat4,5400.000,0.000,100.0000%,1,
Contact MoonARTEMIS2 - MoonIOAGEO,2836.978,2563.022,52.5366%,1,
Contact MoonARTEMIS2 - MoonIOAGNO,5400.000,0.000,100.0000%,1,
Contact MoonARTEMIS2 - MoonIOAGNO 0001,5400.000,0.000,100.0000%,1,
Contact MoonARTEMIS2 - MoonIOAGSO,5400.000,0.000,100.0000%,1,
Contact MoonARTEMIS2 - MoonIOAGSO 0001,5400.000,0.000,100.0000%,1,
Contact MoonARTEMIS2 - MoonLRO,2630.679,2769.321,48.7163%,1,
Contact MoonARTEMIS2 - MarsSat1,5400.000,0.000,100.0000%,1,
Contact MoonARTEMIS2 - MarsSat2,5400.000,0.000,100.0000%,1,
Contact MoonARTEMIS2 - MarsSat3,5400.000,0.000,100.0000%,1,
Contact MoonARTEMIS2 - MarsSat4,5400.000,0.000,100.0000%,1,
Contact MoonIOAGEO - MoonIOAGNO,5400.000,0.000,100.0000%,1,
Contact MoonIOAGEO - MoonIOAGNO 0001,5400.000,0.000,100.0000%,1,
Contact MoonIOAGEO - MoonIOAGSO,5400.000,0.000,100.0000%,1,
Contact MoonIOAGEO - MoonIOAGSO 0001,5400.000,0.000,100.0000%,1,
Contact MoonIOAGEO - MoonLRO,3264.300,2135.700,60.4500%,1,
Contact MoonIOAGEO - MarsSat1,5400.000,0.000,100.0000%,1,
Contact MoonIOAGEO - MarsSat2,5400.000,0.000,100.0000%,1,
Contact MoonIOAGEO - MarsSat3,5400.000,0.000,100.0000%,1,
Contact MoonIOAGEO - MarsSat4,5400.000,0.000,100.0000%,1,
Contact MoonIOAGNO - MoonIOAGNO 0001,5400.000,0.000,100.0000%,1,
Contact MoonIOAGNO - MoonIOAGSO,5400.000,0.000,100.0000%,1,
Contact MoonIOAGNO - MoonIOAGSO 0001,4875.996,524.004,90.2962%,1,
Contact MoonIOAGNO - MoonLRO,3093.398,2306.602,57.2852%,1,
Contact MoonIOAGNO - MarsSat1,5400.000,0.000,100.0000%,1,
Contact MoonIOAGNO - MarsSat2,5400.000,0.000,100.0000%,1,
Contact MoonIOAGNO - MarsSat3,5400.000,0.000,100.0000%,1,
Contact MoonIOAGNO - MarsSat4,5400.000,0.000,100.0000%,1,
Contact MoonIOAGNO 0001 - MoonIOAGSO,5400.000,0.000,100.0000%,1,
Contact MoonIOAGNO 0001 - MoonIOAGSO 0001,5400.000,0.000,100.0000%,1,
Contact MoonIOAGNO 0001 - MoonLRO,3471.381,1928.619,64.2848%,1,
Contact MoonIOAGNO 0001 - MarsSat1,5400.000,0.000,100.0000%,1,
Contact MoonIOAGNO 0001 - MarsSat2,5400.000,0.000,100.0000%,1,
Contact MoonIOAGNO 0001 - MarsSat3,5400.000,0.000,100.0000%,1,
Contact MoonIOAGNO 0001 - MarsSat4,5400.000,0.000,100.0000%,1,
Contact MoonIOAGSO - MoonIOAGSO 0001,5400.000,0.000,100.0000%,1,
Contact MoonIOAGSO - MoonLRO,2704.751,2695.249,50.0880%,1,
Contact MoonIOAGSO - MarsSat1,5400.000,0.000,100.0000%,1,
Contact MoonIOAGSO - MarsSat2,5400.000,0.000,100.0000%,1,
Contact MoonIOAGSO - MarsSat3,5400.000,0.000,100.0000%,1,
Contact MoonIOAGSO - MarsSat4,5400.000,0.000,100.0000%,1,
Contact MoonIOAGSO 0001 - MoonLRO,1876.130,3523.870,34.7432%,2,
Contact MoonIOAGSO 0001 - MarsSat1,5400.000,0.000,100.0000%,1,
Contact MoonIOAGSO 0001 - MarsSat2,5400.000,0.000,100.0000%,1,
Contact MoonIOAGSO 0001 - MarsSat3,5400.000,0.000,100.0000%,1,
Contact MoonIOAGSO 0001 - MarsSat4,5400.000,0.000,100.0000%,1,
Contact MoonLRO - MarsSat1,3696.663,1703.337,68.4567%,1,
Contact MoonLRO - MarsSat2,3696.593,1703.407,68.4554%,1,
Contact MoonLRO - MarsSat3,3696.770,1703.230,68.4587%,1,
Contact MoonLRO - MarsSat4,3696.669,1703.331,68.4568%,1,
Contact MarsSat1 - MarsSat2,5400.000,0.000,100.0000%,1,
Contact MarsSat1 - MarsSat3,5400.000,0.000,100.0000%,1,
Contact MarsSat1 - MarsSat4,5400.000,0.000,100.0000%,1,
Contact MarsSat2 - MarsSat3,5400.000,0.000,100.0000%,1,
Contact MarsSat2 - MarsSat4,5400.000,0.000,100.0000%,1,
Contact MarsSat3 - MarsSat4,3935.527,1464.473,72.8801%,1,
