sl_50_5400_20261203 Distances.csv
2026/12/03 07:47:00.0000 UTC

Generated: Tue Oct  8 14:47:32 2024,
Start: 2026/12/03 07:47:00.00, Stop: 2026/12/03 09:17:00.00,
TIME_UNITS,Distance STARLINK-31041 - STARLINK-11129 [DTC],Distance STARLINK-31041 - STARLINK-3262,Distance STARLINK-31041 - STARLINK-31374,Distance STARLINK-31041 - STARLINK-3305,Distance STARLINK-31041 - STARLINK-3835,Distance STARLINK-31041 - STARLINK-5767,Distance STARLINK-31041 - STARLINK-1854,Distance STARLINK-31041 - STARLINK-3894,Distance STARLINK-31041 - STARLINK-4521,Distance STARLINK-31041 - STARLINK-32106,Distance STARLINK-31041 - STARLINK-5222,Distance STARLINK-31041 - STARLINK-5601,Distance STARLINK-31041 - STARLINK-2517,Distance STARLINK-31041 - STARLINK-2587,Distance STARLINK-31041 - STARLINK-5129,Distance STARLINK-31041 - STARLINK-4729,Distance STARLINK-31041 - STARLINK-1797,Distance STARLINK-31041 - STARLINK-5367,Distance STARLINK-31041 - STARLINK-31129,Distance STARLINK-31041 - STARLINK-6059,Distance STARLINK-31041 - STARLINK-5773,Distance STARLINK-31041 - STARLINK-31921,Distance STARLINK-31041 - STARLINK-31153,Distance STARLINK-31041 - STARLINK-5558,Distance STARLINK-31041 - STARLINK-31118,Distance STARLINK-31041 - STARLINK-5293,Distance STARLINK-31041 - STARLINK-3778,Distance STARLINK-31041 - STARLINK-3308,Distance STARLINK-31041 - STARLINK-5554,Distance STARLINK-31041 - STARLINK-5515,Distance STARLINK-31041 - STARLINK-2416,Distance STARLINK-31041 - STARLINK-2047,Distance STARLINK-31041 - STARLINK-6101,Distance STARLINK-31041 - STARLINK-6301,Distance STARLINK-31041 - STARLINK-30836,Distance STARLINK-31041 - STARLINK-5243,Distance STARLINK-31041 - STARLINK-1879,Distance STARLINK-31041 - STARLINK-5609,Distance STARLINK-31041 - STARLINK-30235,Distance STARLINK-31041 - STARLINK-5339,Distance STARLINK-31041 - STARLINK-5489,Distance STARLINK-31041 - STARLINK-2594,Distance STARLINK-31041 - STARLINK-2059,Distance STARLINK-31041 - STARLINK-5789,Distance STARLINK-31041 - STARLINK-5231,Distance STARLINK-31041 - STARLINK-2521,Distance STARLINK-31041 - STARLINK-5387,Distance STARLINK-31041 - STARLINK-5504,Distance STARLINK-31041 - STARLINK-31017,Distance STARLINK-31041 - MoonARTEMIS1,Distance STARLINK-31041 - MoonARTEMIS2,Distance STARLINK-31041 - MoonIOAGEO,Distance STARLINK-31041 - MoonIOAGNO,Distance STARLINK-31041 - MoonIOAGNO 0001,Distance STARLINK-31041 - MoonIOAGSO,Distance STARLINK-31041 - MoonIOAGSO 0001,Distance STARLINK-31041 - MoonLRO,Distance STARLINK-31041 - MarsSat1,Distance STARLINK-31041 - MarsSat2,Distance STARLINK-31041 - MarsSat3,Distance STARLINK-31041 - MarsSat4,Distance STARLINK-11129 [DTC] - STARLINK-3262,Distance STARLINK-11129 [DTC] - STARLINK-31374,Distance STARLINK-11129 [DTC] - STARLINK-3305,Distance STARLINK-11129 [DTC] - STARLINK-3835,Distance STARLINK-11129 [DTC] - STARLINK-5767,Distance STARLINK-11129 [DTC] - STARLINK-1854,Distance STARLINK-11129 [DTC] - STARLINK-3894,Distance STARLINK-11129 [DTC] - STARLINK-4521,Distance STARLINK-11129 [DTC] - STARLINK-32106,Distance STARLINK-11129 [DTC] - STARLINK-5222,Distance STARLINK-11129 [DTC] - STARLINK-5601,Distance STARLINK-11129 [DTC] - STARLINK-2517,Distance STARLINK-11129 [DTC] - STARLINK-2587,Distance STARLINK-11129 [DTC] - STARLINK-5129,Distance STARLINK-11129 [DTC] - STARLINK-4729,Distance STARLINK-11129 [DTC] - STARLINK-1797,Distance STARLINK-11129 [DTC] - STARLINK-5367,Distance STARLINK-11129 [DTC] - STARLINK-31129,Distance STARLINK-11129 [DTC] - STARLINK-6059,Distance STARLINK-11129 [DTC] - STARLINK-5773,Distance STARLINK-11129 [DTC] - STARLINK-31921,Distance STARLINK-11129 [DTC] - STARLINK-31153,Distance STARLINK-11129 [DTC] - STARLINK-5558,Distance STARLINK-11129 [DTC] - STARLINK-31118,Distance STARLINK-11129 [DTC] - STARLINK-5293,Distance STARLINK-11129 [DTC] - STARLINK-3778,Distance STARLINK-11129 [DTC] - STARLINK-3308,Distance STARLINK-11129 [DTC] - STARLINK-5554,Distance STARLINK-11129 [DTC] - STARLINK-5515,Distance STARLINK-11129 [DTC] - STARLINK-2416,Distance STARLINK-11129 [DTC] - STARLINK-2047,Distance STARLINK-11129 [DTC] - STARLINK-6101,Distance STARLINK-11129 [DTC] - STARLINK-6301,Distance STARLINK-11129 [DTC] - STARLINK-30836,Distance STARLINK-11129 [DTC] - STARLINK-5243,Distance STARLINK-11129 [DTC] - STARLINK-1879,Distance STARLINK-11129 [DTC] - STARLINK-5609,Distance STARLINK-11129 [DTC] - STARLINK-30235,Distance STARLINK-11129 [DTC] - STARLINK-5339,Distance STARLINK-11129 [DTC] - STARLINK-5489,Distance STARLINK-11129 [DTC] - STARLINK-2594,Distance STARLINK-11129 [DTC] - STARLINK-2059,Distance STARLINK-11129 [DTC] - STARLINK-5789,Distance STARLINK-11129 [DTC] - STARLINK-5231,Distance STARLINK-11129 [DTC] - STARLINK-2521,Distance STARLINK-11129 [DTC] - STARLINK-5387,Distance STARLINK-11129 [DTC] - STARLINK-5504,Distance STARLINK-11129 [DTC] - STARLINK-31017,Distance STARLINK-11129 [DTC] - MoonARTEMIS1,Distance STARLINK-11129 [DTC] - MoonARTEMIS2,Distance STARLINK-11129 [DTC] - MoonIOAGEO,Distance STARLINK-11129 [DTC] - MoonIOAGNO,Distance STARLINK-11129 [DTC] - MoonIOAGNO 0001,Distance STARLINK-11129 [DTC] - MoonIOAGSO,Distance STARLINK-11129 [DTC] - MoonIOAGSO 0001,Distance STARLINK-11129 [DTC] - MoonLRO,Distance STARLINK-11129 [DTC] - MarsSat1,Distance STARLINK-11129 [DTC] - MarsSat2,Distance STARLINK-11129 [DTC] - MarsSat3,Distance STARLINK-11129 [DTC] - MarsSat4,Distance STARLINK-3262 - STARLINK-31374,Distance STARLINK-3262 - STARLINK-3305,Distance STARLINK-3262 - STARLINK-3835,Distance STARLINK-3262 - STARLINK-5767,Distance STARLINK-3262 - STARLINK-1854,Distance STARLINK-3262 - STARLINK-3894,Distance STARLINK-3262 - STARLINK-4521,Distance STARLINK-3262 - STARLINK-32106,Distance STARLINK-3262 - STARLINK-5222,Distance STARLINK-3262 - STARLINK-5601,Distance STARLINK-3262 - STARLINK-2517,Distance STARLINK-3262 - STARLINK-2587,Distance STARLINK-3262 - STARLINK-5129,Distance STARLINK-3262 - STARLINK-4729,Distance STARLINK-3262 - STARLINK-1797,Distance STARLINK-3262 - STARLINK-5367,Distance STARLINK-3262 - STARLINK-31129,Distance STARLINK-3262 - STARLINK-6059,Distance STARLINK-3262 - STARLINK-5773,Distance STARLINK-3262 - STARLINK-31921,Distance STARLINK-3262 - STARLINK-31153,Distance STARLINK-3262 - STARLINK-5558,Distance STARLINK-3262 - STARLINK-31118,Distance STARLINK-3262 - STARLINK-5293,Distance STARLINK-3262 - STARLINK-3778,Distance STARLINK-3262 - STARLINK-3308,Distance STARLINK-3262 - STARLINK-5554,Distance STARLINK-3262 - STARLINK-5515,Distance STARLINK-3262 - STARLINK-2416,Distance STARLINK-3262 - STARLINK-2047,Distance STARLINK-3262 - STARLINK-6101,Distance STARLINK-3262 - STARLINK-6301,Distance STARLINK-3262 - STARLINK-30836,Distance STARLINK-3262 - STARLINK-5243,Distance STARLINK-3262 - STARLINK-1879,Distance STARLINK-3262 - STARLINK-5609,Distance STARLINK-3262 - STARLINK-30235,Distance STARLINK-3262 - STARLINK-5339,Distance STARLINK-3262 - STARLINK-5489,Distance STARLINK-3262 - STARLINK-2594,Distance STARLINK-3262 - STARLINK-2059,Distance STARLINK-3262 - STARLINK-5789,Distance STARLINK-3262 - STARLINK-5231,Distance STARLINK-3262 - STARLINK-2521,Distance STARLINK-3262 - STARLINK-5387,Distance STARLINK-3262 - STARLINK-5504,Distance STARLINK-3262 - STARLINK-31017,Distance STARLINK-3262 - MoonARTEMIS1,Distance STARLINK-3262 - MoonARTEMIS2,Distance STARLINK-3262 - MoonIOAGEO,Distance STARLINK-3262 - MoonIOAGNO,Distance STARLINK-3262 - MoonIOAGNO 0001,Distance STARLINK-3262 - MoonIOAGSO,Distance STARLINK-3262 - MoonIOAGSO 0001,Distance STARLINK-3262 - MoonLRO,Distance STARLINK-3262 - MarsSat1,Distance STARLINK-3262 - MarsSat2,Distance STARLINK-3262 - MarsSat3,Distance STARLINK-3262 - MarsSat4,Distance STARLINK-31374 - STARLINK-3305,Distance STARLINK-31374 - STARLINK-3835,Distance STARLINK-31374 - STARLINK-5767,Distance STARLINK-31374 - STARLINK-1854,Distance STARLINK-31374 - STARLINK-3894,Distance STARLINK-31374 - STARLINK-4521,Distance STARLINK-31374 - STARLINK-32106,Distance STARLINK-31374 - STARLINK-5222,Distance STARLINK-31374 - STARLINK-5601,Distance STARLINK-31374 - STARLINK-2517,Distance STARLINK-31374 - STARLINK-2587,Distance STARLINK-31374 - STARLINK-5129,Distance STARLINK-31374 - STARLINK-4729,Distance STARLINK-31374 - STARLINK-1797,Distance STARLINK-31374 - STARLINK-5367,Distance STARLINK-31374 - STARLINK-31129,Distance STARLINK-31374 - STARLINK-6059,Distance STARLINK-31374 - STARLINK-5773,Distance STARLINK-31374 - STARLINK-31921,Distance STARLINK-31374 - STARLINK-31153,Distance STARLINK-31374 - STARLINK-5558,Distance STARLINK-31374 - STARLINK-31118,Distance STARLINK-31374 - STARLINK-5293,Distance STARLINK-31374 - STARLINK-3778,Distance STARLINK-31374 - STARLINK-3308,Distance STARLINK-31374 - STARLINK-5554,Distance STARLINK-31374 - STARLINK-5515,Distance STARLINK-31374 - STARLINK-2416,Distance STARLINK-31374 - STARLINK-2047,Distance STARLINK-31374 - STARLINK-6101,Distance STARLINK-31374 - STARLINK-6301,Distance STARLINK-31374 - STARLINK-30836,Distance STARLINK-31374 - STARLINK-5243,Distance STARLINK-31374 - STARLINK-1879,Distance STARLINK-31374 - STARLINK-5609,Distance STARLINK-31374 - STARLINK-30235,Distance STARLINK-31374 - STARLINK-5339,Distance STARLINK-31374 - STARLINK-5489,Distance STARLINK-31374 - STARLINK-2594,Distance STARLINK-31374 - STARLINK-2059,Distance STARLINK-31374 - STARLINK-5789,Distance STARLINK-31374 - STARLINK-5231,Distance STARLINK-31374 - STARLINK-2521,Distance STARLINK-31374 - STARLINK-5387,Distance STARLINK-31374 - STARLINK-5504,Distance STARLINK-31374 - STARLINK-31017,Distance STARLINK-31374 - MoonARTEMIS1,Distance STARLINK-31374 - MoonARTEMIS2,Distance STARLINK-31374 - MoonIOAGEO,Distance STARLINK-31374 - MoonIOAGNO,Distance STARLINK-31374 - MoonIOAGNO 0001,Distance STARLINK-31374 - MoonIOAGSO,Distance STARLINK-31374 - MoonIOAGSO 0001,Distance STARLINK-31374 - MoonLRO,Distance STARLINK-31374 - MarsSat1,Distance STARLINK-31374 - MarsSat2,Distance STARLINK-31374 - MarsSat3,Distance STARLINK-31374 - MarsSat4,Distance STARLINK-3305 - STARLINK-3835,Distance STARLINK-3305 - STARLINK-5767,Distance STARLINK-3305 - STARLINK-1854,Distance STARLINK-3305 - STARLINK-3894,Distance STARLINK-3305 - STARLINK-4521,Distance STARLINK-3305 - STARLINK-32106,Distance STARLINK-3305 - STARLINK-5222,Distance STARLINK-3305 - STARLINK-5601,Distance STARLINK-3305 - STARLINK-2517,Distance STARLINK-3305 - STARLINK-2587,Distance STARLINK-3305 - STARLINK-5129,Distance STARLINK-3305 - STARLINK-4729,Distance STARLINK-3305 - STARLINK-1797,Distance STARLINK-3305 - STARLINK-5367,Distance STARLINK-3305 - STARLINK-31129,Distance STARLINK-3305 - STARLINK-6059,Distance STARLINK-3305 - STARLINK-5773,Distance STARLINK-3305 - STARLINK-31921,Distance STARLINK-3305 - STARLINK-31153,Distance STARLINK-3305 - STARLINK-5558,Distance STARLINK-3305 - STARLINK-31118,Distance STARLINK-3305 - STARLINK-5293,Distance STARLINK-3305 - STARLINK-3778,Distance STARLINK-3305 - STARLINK-3308,Distance STARLINK-3305 - STARLINK-5554,Distance STARLINK-3305 - STARLINK-5515,Distance STARLINK-3305 - STARLINK-2416,Distance STARLINK-3305 - STARLINK-2047,Distance STARLINK-3305 - STARLINK-6101,Distance STARLINK-3305 - STARLINK-6301,Distance STARLINK-3305 - STARLINK-30836,Distance STARLINK-3305 - STARLINK-5243,Distance STARLINK-3305 - STARLINK-1879,Distance STARLINK-3305 - STARLINK-5609,Distance STARLINK-3305 - STARLINK-30235,Distance STARLINK-3305 - STARLINK-5339,Distance STARLINK-3305 - STARLINK-5489,Distance STARLINK-3305 - STARLINK-2594,Distance STARLINK-3305 - STARLINK-2059,Distance STARLINK-3305 - STARLINK-5789,Distance STARLINK-3305 - STARLINK-5231,Distance STARLINK-3305 - STARLINK-2521,Distance STARLINK-3305 - STARLINK-5387,Distance STARLINK-3305 - STARLINK-5504,Distance STARLINK-3305 - STARLINK-31017,Distance STARLINK-3305 - MoonARTEMIS1,Distance STARLINK-3305 - MoonARTEMIS2,Distance STARLINK-3305 - MoonIOAGEO,Distance STARLINK-3305 - MoonIOAGNO,Distance STARLINK-3305 - MoonIOAGNO 0001,Distance STARLINK-3305 - MoonIOAGSO,Distance STARLINK-3305 - MoonIOAGSO 0001,Distance STARLINK-3305 - MoonLRO,Distance STARLINK-3305 - MarsSat1,Distance STARLINK-3305 - MarsSat2,Distance STARLINK-3305 - MarsSat3,Distance STARLINK-3305 - MarsSat4,Distance STARLINK-3835 - STARLINK-5767,Distance STARLINK-3835 - STARLINK-1854,Distance STARLINK-3835 - STARLINK-3894,Distance STARLINK-3835 - STARLINK-4521,Distance STARLINK-3835 - STARLINK-32106,Distance STARLINK-3835 - STARLINK-5222,Distance STARLINK-3835 - STARLINK-5601,Distance STARLINK-3835 - STARLINK-2517,Distance STARLINK-3835 - STARLINK-2587,Distance STARLINK-3835 - STARLINK-5129,Distance STARLINK-3835 - STARLINK-4729,Distance STARLINK-3835 - STARLINK-1797,Distance STARLINK-3835 - STARLINK-5367,Distance STARLINK-3835 - STARLINK-31129,Distance STARLINK-3835 - STARLINK-6059,Distance STARLINK-3835 - STARLINK-5773,Distance STARLINK-3835 - STARLINK-31921,Distance STARLINK-3835 - STARLINK-31153,Distance STARLINK-3835 - STARLINK-5558,Distance STARLINK-3835 - STARLINK-31118,Distance STARLINK-3835 - STARLINK-5293,Distance STARLINK-3835 - STARLINK-3778,Distance STARLINK-3835 - STARLINK-3308,Distance STARLINK-3835 - STARLINK-5554,Distance STARLINK-3835 - STARLINK-5515,Distance STARLINK-3835 - STARLINK-2416,Distance STARLINK-3835 - STARLINK-2047,Distance STARLINK-3835 - STARLINK-6101,Distance STARLINK-3835 - STARLINK-6301,Distance STARLINK-3835 - STARLINK-30836,Distance STARLINK-3835 - STARLINK-5243,Distance STARLINK-3835 - STARLINK-1879,Distance STARLINK-3835 - STARLINK-5609,Distance STARLINK-3835 - STARLINK-30235,Distance STARLINK-3835 - STARLINK-5339,Distance STARLINK-3835 - STARLINK-5489,Distance STARLINK-3835 - STARLINK-2594,Distance STARLINK-3835 - STARLINK-2059,Distance STARLINK-3835 - STARLINK-5789,Distance STARLINK-3835 - STARLINK-5231,Distance STARLINK-3835 - STARLINK-2521,Distance STARLINK-3835 - STARLINK-5387,Distance STARLINK-3835 - STARLINK-5504,Distance STARLINK-3835 - STARLINK-31017,Distance STARLINK-3835 - MoonARTEMIS1,Distance STARLINK-3835 - MoonARTEMIS2,Distance STARLINK-3835 - MoonIOAGEO,Distance STARLINK-3835 - MoonIOAGNO,Distance STARLINK-3835 - MoonIOAGNO 0001,Distance STARLINK-3835 - MoonIOAGSO,Distance STARLINK-3835 - MoonIOAGSO 0001,Distance STARLINK-3835 - MoonLRO,Distance STARLINK-3835 - MarsSat1,Distance STARLINK-3835 - MarsSat2,Distance STARLINK-3835 - MarsSat3,Distance STARLINK-3835 - MarsSat4,Distance STARLINK-5767 - STARLINK-1854,Distance STARLINK-5767 - STARLINK-3894,Distance STARLINK-5767 - STARLINK-4521,Distance STARLINK-5767 - STARLINK-32106,Distance STARLINK-5767 - STARLINK-5222,Distance STARLINK-5767 - STARLINK-5601,Distance STARLINK-5767 - STARLINK-2517,Distance STARLINK-5767 - STARLINK-2587,Distance STARLINK-5767 - STARLINK-5129,Distance STARLINK-5767 - STARLINK-4729,Distance STARLINK-5767 - STARLINK-1797,Distance STARLINK-5767 - STARLINK-5367,Distance STARLINK-5767 - STARLINK-31129,Distance STARLINK-5767 - STARLINK-6059,Distance STARLINK-5767 - STARLINK-5773,Distance STARLINK-5767 - STARLINK-31921,Distance STARLINK-5767 - STARLINK-31153,Distance STARLINK-5767 - STARLINK-5558,Distance STARLINK-5767 - STARLINK-31118,Distance STARLINK-5767 - STARLINK-5293,Distance STARLINK-5767 - STARLINK-3778,Distance STARLINK-5767 - STARLINK-3308,Distance STARLINK-5767 - STARLINK-5554,Distance STARLINK-5767 - STARLINK-5515,Distance STARLINK-5767 - STARLINK-2416,Distance STARLINK-5767 - STARLINK-2047,Distance STARLINK-5767 - STARLINK-6101,Distance STARLINK-5767 - STARLINK-6301,Distance STARLINK-5767 - STARLINK-30836,Distance STARLINK-5767 - STARLINK-5243,Distance STARLINK-5767 - STARLINK-1879,Distance STARLINK-5767 - STARLINK-5609,Distance STARLINK-5767 - STARLINK-30235,Distance STARLINK-5767 - STARLINK-5339,Distance STARLINK-5767 - STARLINK-5489,Distance STARLINK-5767 - STARLINK-2594,Distance STARLINK-5767 - STARLINK-2059,Distance STARLINK-5767 - STARLINK-5789,Distance STARLINK-5767 - STARLINK-5231,Distance STARLINK-5767 - STARLINK-2521,Distance STARLINK-5767 - STARLINK-5387,Distance STARLINK-5767 - STARLINK-5504,Distance STARLINK-5767 - STARLINK-31017,Distance STARLINK-5767 - MoonARTEMIS1,Distance STARLINK-5767 - MoonARTEMIS2,Distance STARLINK-5767 - MoonIOAGEO,Distance STARLINK-5767 - MoonIOAGNO,Distance STARLINK-5767 - MoonIOAGNO 0001,Distance STARLINK-5767 - MoonIOAGSO,Distance STARLINK-5767 - MoonIOAGSO 0001,Distance STARLINK-5767 - MoonLRO,Distance STARLINK-5767 - MarsSat1,Distance STARLINK-5767 - MarsSat2,Distance STARLINK-5767 - MarsSat3,Distance STARLINK-5767 - MarsSat4,Distance STARLINK-1854 - STARLINK-3894,Distance STARLINK-1854 - STARLINK-4521,Distance STARLINK-1854 - STARLINK-32106,Distance STARLINK-1854 - STARLINK-5222,Distance STARLINK-1854 - STARLINK-5601,Distance STARLINK-1854 - STARLINK-2517,Distance STARLINK-1854 - STARLINK-2587,Distance STARLINK-1854 - STARLINK-5129,Distance STARLINK-1854 - STARLINK-4729,Distance STARLINK-1854 - STARLINK-1797,Distance STARLINK-1854 - STARLINK-5367,Distance STARLINK-1854 - STARLINK-31129,Distance STARLINK-1854 - STARLINK-6059,Distance STARLINK-1854 - STARLINK-5773,Distance STARLINK-1854 - STARLINK-31921,Distance STARLINK-1854 - STARLINK-31153,Distance STARLINK-1854 - STARLINK-5558,Distance STARLINK-1854 - STARLINK-31118,Distance STARLINK-1854 - STARLINK-5293,Distance STARLINK-1854 - STARLINK-3778,Distance STARLINK-1854 - STARLINK-3308,Distance STARLINK-1854 - STARLINK-5554,Distance STARLINK-1854 - STARLINK-5515,Distance STARLINK-1854 - STARLINK-2416,Distance STARLINK-1854 - STARLINK-2047,Distance STARLINK-1854 - STARLINK-6101,Distance STARLINK-1854 - STARLINK-6301,Distance STARLINK-1854 - STARLINK-30836,Distance STARLINK-1854 - STARLINK-5243,Distance STARLINK-1854 - STARLINK-1879,Distance STARLINK-1854 - STARLINK-5609,Distance STARLINK-1854 - STARLINK-30235,Distance STARLINK-1854 - STARLINK-5339,Distance STARLINK-1854 - STARLINK-5489,Distance STARLINK-1854 - STARLINK-2594,Distance STARLINK-1854 - STARLINK-2059,Distance STARLINK-1854 - STARLINK-5789,Distance STARLINK-1854 - STARLINK-5231,Distance STARLINK-1854 - STARLINK-2521,Distance STARLINK-1854 - STARLINK-5387,Distance STARLINK-1854 - STARLINK-5504,Distance STARLINK-1854 - STARLINK-31017,Distance STARLINK-1854 - MoonARTEMIS1,Distance STARLINK-1854 - MoonARTEMIS2,Distance STARLINK-1854 - MoonIOAGEO,Distance STARLINK-1854 - MoonIOAGNO,Distance STARLINK-1854 - MoonIOAGNO 0001,Distance STARLINK-1854 - MoonIOAGSO,Distance STARLINK-1854 - MoonIOAGSO 0001,Distance STARLINK-1854 - MoonLRO,Distance STARLINK-1854 - MarsSat1,Distance STARLINK-1854 - MarsSat2,Distance STARLINK-1854 - MarsSat3,Distance STARLINK-1854 - MarsSat4,Distance STARLINK-3894 - STARLINK-4521,Distance STARLINK-3894 - STARLINK-32106,Distance STARLINK-3894 - STARLINK-5222,Distance STARLINK-3894 - STARLINK-5601,Distance STARLINK-3894 - STARLINK-2517,Distance STARLINK-3894 - STARLINK-2587,Distance STARLINK-3894 - STARLINK-5129,Distance STARLINK-3894 - STARLINK-4729,Distance STARLINK-3894 - STARLINK-1797,Distance STARLINK-3894 - STARLINK-5367,Distance STARLINK-3894 - STARLINK-31129,Distance STARLINK-3894 - STARLINK-6059,Distance STARLINK-3894 - STARLINK-5773,Distance STARLINK-3894 - STARLINK-31921,Distance STARLINK-3894 - STARLINK-31153,Distance STARLINK-3894 - STARLINK-5558,Distance STARLINK-3894 - STARLINK-31118,Distance STARLINK-3894 - STARLINK-5293,Distance STARLINK-3894 - STARLINK-3778,Distance STARLINK-3894 - STARLINK-3308,Distance STARLINK-3894 - STARLINK-5554,Distance STARLINK-3894 - STARLINK-5515,Distance STARLINK-3894 - STARLINK-2416,Distance STARLINK-3894 - STARLINK-2047,Distance STARLINK-3894 - STARLINK-6101,Distance STARLINK-3894 - STARLINK-6301,Distance STARLINK-3894 - STARLINK-30836,Distance STARLINK-3894 - STARLINK-5243,Distance STARLINK-3894 - STARLINK-1879,Distance STARLINK-3894 - STARLINK-5609,Distance STARLINK-3894 - STARLINK-30235,Distance STARLINK-3894 - STARLINK-5339,Distance STARLINK-3894 - STARLINK-5489,Distance STARLINK-3894 - STARLINK-2594,Distance STARLINK-3894 - STARLINK-2059,Distance STARLINK-3894 - STARLINK-5789,Distance STARLINK-3894 - STARLINK-5231,Distance STARLINK-3894 - STARLINK-2521,Distance STARLINK-3894 - STARLINK-5387,Distance STARLINK-3894 - STARLINK-5504,Distance STARLINK-3894 - STARLINK-31017,Distance STARLINK-3894 - MoonARTEMIS1,Distance STARLINK-3894 - MoonARTEMIS2,Distance STARLINK-3894 - MoonIOAGEO,Distance STARLINK-3894 - MoonIOAGNO,Distance STARLINK-3894 - MoonIOAGNO 0001,Distance STARLINK-3894 - MoonIOAGSO,Distance STARLINK-3894 - MoonIOAGSO 0001,Distance STARLINK-3894 - MoonLRO,Distance STARLINK-3894 - MarsSat1,Distance STARLINK-3894 - MarsSat2,Distance STARLINK-3894 - MarsSat3,Distance STARLINK-3894 - MarsSat4,Distance STARLINK-4521 - STARLINK-32106,Distance STARLINK-4521 - STARLINK-5222,Distance STARLINK-4521 - STARLINK-5601,Distance STARLINK-4521 - STARLINK-2517,Distance STARLINK-4521 - STARLINK-2587,Distance STARLINK-4521 - STARLINK-5129,Distance STARLINK-4521 - STARLINK-4729,Distance STARLINK-4521 - STARLINK-1797,Distance STARLINK-4521 - STARLINK-5367,Distance STARLINK-4521 - STARLINK-31129,Distance STARLINK-4521 - STARLINK-6059,Distance STARLINK-4521 - STARLINK-5773,Distance STARLINK-4521 - STARLINK-31921,Distance STARLINK-4521 - STARLINK-31153,Distance STARLINK-4521 - STARLINK-5558,Distance STARLINK-4521 - STARLINK-31118,Distance STARLINK-4521 - STARLINK-5293,Distance STARLINK-4521 - STARLINK-3778,Distance STARLINK-4521 - STARLINK-3308,Distance STARLINK-4521 - STARLINK-5554,Distance STARLINK-4521 - STARLINK-5515,Distance STARLINK-4521 - STARLINK-2416,Distance STARLINK-4521 - STARLINK-2047,Distance STARLINK-4521 - STARLINK-6101,Distance STARLINK-4521 - STARLINK-6301,Distance STARLINK-4521 - STARLINK-30836,Distance STARLINK-4521 - STARLINK-5243,Distance STARLINK-4521 - STARLINK-1879,Distance STARLINK-4521 - STARLINK-5609,Distance STARLINK-4521 - STARLINK-30235,Distance STARLINK-4521 - STARLINK-5339,Distance STARLINK-4521 - STARLINK-5489,Distance STARLINK-4521 - STARLINK-2594,Distance STARLINK-4521 - STARLINK-2059,Distance STARLINK-4521 - STARLINK-5789,Distance STARLINK-4521 - STARLINK-5231,Distance STARLINK-4521 - STARLINK-2521,Distance STARLINK-4521 - STARLINK-5387,Distance STARLINK-4521 - STARLINK-5504,Distance STARLINK-4521 - STARLINK-31017,Distance STARLINK-4521 - MoonARTEMIS1,Distance STARLINK-4521 - MoonARTEMIS2,Distance STARLINK-4521 - MoonIOAGEO,Distance STARLINK-4521 - MoonIOAGNO,Distance STARLINK-4521 - MoonIOAGNO 0001,Distance STARLINK-4521 - MoonIOAGSO,Distance STARLINK-4521 - MoonIOAGSO 0001,Distance STARLINK-4521 - MoonLRO,Distance STARLINK-4521 - MarsSat1,Distance STARLINK-4521 - MarsSat2,Distance STARLINK-4521 - MarsSat3,Distance STARLINK-4521 - MarsSat4,Distance STARLINK-32106 - STARLINK-5222,Distance STARLINK-32106 - STARLINK-5601,Distance STARLINK-32106 - STARLINK-2517,Distance STARLINK-32106 - STARLINK-2587,Distance STARLINK-32106 - STARLINK-5129,Distance STARLINK-32106 - STARLINK-4729,Distance STARLINK-32106 - STARLINK-1797,Distance STARLINK-32106 - STARLINK-5367,Distance STARLINK-32106 - STARLINK-31129,Distance STARLINK-32106 - STARLINK-6059,Distance STARLINK-32106 - STARLINK-5773,Distance STARLINK-32106 - STARLINK-31921,Distance STARLINK-32106 - STARLINK-31153,Distance STARLINK-32106 - STARLINK-5558,Distance STARLINK-32106 - STARLINK-31118,Distance STARLINK-32106 - STARLINK-5293,Distance STARLINK-32106 - STARLINK-3778,Distance STARLINK-32106 - STARLINK-3308,Distance STARLINK-32106 - STARLINK-5554,Distance STARLINK-32106 - STARLINK-5515,Distance STARLINK-32106 - STARLINK-2416,Distance STARLINK-32106 - STARLINK-2047,Distance STARLINK-32106 - STARLINK-6101,Distance STARLINK-32106 - STARLINK-6301,Distance STARLINK-32106 - STARLINK-30836,Distance STARLINK-32106 - STARLINK-5243,Distance STARLINK-32106 - STARLINK-1879,Distance STARLINK-32106 - STARLINK-5609,Distance STARLINK-32106 - STARLINK-30235,Distance STARLINK-32106 - STARLINK-5339,Distance STARLINK-32106 - STARLINK-5489,Distance STARLINK-32106 - STARLINK-2594,Distance STARLINK-32106 - STARLINK-2059,Distance STARLINK-32106 - STARLINK-5789,Distance STARLINK-32106 - STARLINK-5231,Distance STARLINK-32106 - STARLINK-2521,Distance STARLINK-32106 - STARLINK-5387,Distance STARLINK-32106 - STARLINK-5504,Distance STARLINK-32106 - STARLINK-31017,Distance STARLINK-32106 - MoonARTEMIS1,Distance STARLINK-32106 - MoonARTEMIS2,Distance STARLINK-32106 - MoonIOAGEO,Distance STARLINK-32106 - MoonIOAGNO,Distance STARLINK-32106 - MoonIOAGNO 0001,Distance STARLINK-32106 - MoonIOAGSO,Distance STARLINK-32106 - MoonIOAGSO 0001,Distance STARLINK-32106 - MoonLRO,Distance STARLINK-32106 - MarsSat1,Distance STARLINK-32106 - MarsSat2,Distance STARLINK-32106 - MarsSat3,Distance STARLINK-32106 - MarsSat4,Distance STARLINK-5222 - STARLINK-5601,Distance STARLINK-5222 - STARLINK-2517,Distance STARLINK-5222 - STARLINK-2587,Distance STARLINK-5222 - STARLINK-5129,Distance STARLINK-5222 - STARLINK-4729,Distance STARLINK-5222 - STARLINK-1797,Distance STARLINK-5222 - STARLINK-5367,Distance STARLINK-5222 - STARLINK-31129,Distance STARLINK-5222 - STARLINK-6059,Distance STARLINK-5222 - STARLINK-5773,Distance STARLINK-5222 - STARLINK-31921,Distance STARLINK-5222 - STARLINK-31153,Distance STARLINK-5222 - STARLINK-5558,Distance STARLINK-5222 - STARLINK-31118,Distance STARLINK-5222 - STARLINK-5293,Distance STARLINK-5222 - STARLINK-3778,Distance STARLINK-5222 - STARLINK-3308,Distance STARLINK-5222 - STARLINK-5554,Distance STARLINK-5222 - STARLINK-5515,Distance STARLINK-5222 - STARLINK-2416,Distance STARLINK-5222 - STARLINK-2047,Distance STARLINK-5222 - STARLINK-6101,Distance STARLINK-5222 - STARLINK-6301,Distance STARLINK-5222 - STARLINK-30836,Distance STARLINK-5222 - STARLINK-5243,Distance STARLINK-5222 - STARLINK-1879,Distance STARLINK-5222 - STARLINK-5609,Distance STARLINK-5222 - STARLINK-30235,Distance STARLINK-5222 - STARLINK-5339,Distance STARLINK-5222 - STARLINK-5489,Distance STARLINK-5222 - STARLINK-2594,Distance STARLINK-5222 - STARLINK-2059,Distance STARLINK-5222 - STARLINK-5789,Distance STARLINK-5222 - STARLINK-5231,Distance STARLINK-5222 - STARLINK-2521,Distance STARLINK-5222 - STARLINK-5387,Distance STARLINK-5222 - STARLINK-5504,Distance STARLINK-5222 - STARLINK-31017,Distance STARLINK-5222 - MoonARTEMIS1,Distance STARLINK-5222 - MoonARTEMIS2,Distance STARLINK-5222 - MoonIOAGEO,Distance STARLINK-5222 - MoonIOAGNO,Distance STARLINK-5222 - MoonIOAGNO 0001,Distance STARLINK-5222 - MoonIOAGSO,Distance STARLINK-5222 - MoonIOAGSO 0001,Distance STARLINK-5222 - MoonLRO,Distance STARLINK-5222 - MarsSat1,Distance STARLINK-5222 - MarsSat2,Distance STARLINK-5222 - MarsSat3,Distance STARLINK-5222 - MarsSat4,Distance STARLINK-5601 - STARLINK-2517,Distance STARLINK-5601 - STARLINK-2587,Distance STARLINK-5601 - STARLINK-5129,Distance STARLINK-5601 - STARLINK-4729,Distance STARLINK-5601 - STARLINK-1797,Distance STARLINK-5601 - STARLINK-5367,Distance STARLINK-5601 - STARLINK-31129,Distance STARLINK-5601 - STARLINK-6059,Distance STARLINK-5601 - STARLINK-5773,Distance STARLINK-5601 - STARLINK-31921,Distance STARLINK-5601 - STARLINK-31153,Distance STARLINK-5601 - STARLINK-5558,Distance STARLINK-5601 - STARLINK-31118,Distance STARLINK-5601 - STARLINK-5293,Distance STARLINK-5601 - STARLINK-3778,Distance STARLINK-5601 - STARLINK-3308,Distance STARLINK-5601 - STARLINK-5554,Distance STARLINK-5601 - STARLINK-5515,Distance STARLINK-5601 - STARLINK-2416,Distance STARLINK-5601 - STARLINK-2047,Distance STARLINK-5601 - STARLINK-6101,Distance STARLINK-5601 - STARLINK-6301,Distance STARLINK-5601 - STARLINK-30836,Distance STARLINK-5601 - STARLINK-5243,Distance STARLINK-5601 - STARLINK-1879,Distance STARLINK-5601 - STARLINK-5609,Distance STARLINK-5601 - STARLINK-30235,Distance STARLINK-5601 - STARLINK-5339,Distance STARLINK-5601 - STARLINK-5489,Distance STARLINK-5601 - STARLINK-2594,Distance STARLINK-5601 - STARLINK-2059,Distance STARLINK-5601 - STARLINK-5789,Distance STARLINK-5601 - STARLINK-5231,Distance STARLINK-5601 - STARLINK-2521,Distance STARLINK-5601 - STARLINK-5387,Distance STARLINK-5601 - STARLINK-5504,Distance STARLINK-5601 - STARLINK-31017,Distance STARLINK-5601 - MoonARTEMIS1,Distance STARLINK-5601 - MoonARTEMIS2,Distance STARLINK-5601 - MoonIOAGEO,Distance STARLINK-5601 - MoonIOAGNO,Distance STARLINK-5601 - MoonIOAGNO 0001,Distance STARLINK-5601 - MoonIOAGSO,Distance STARLINK-5601 - MoonIOAGSO 0001,Distance STARLINK-5601 - MoonLRO,Distance STARLINK-5601 - MarsSat1,Distance STARLINK-5601 - MarsSat2,Distance STARLINK-5601 - MarsSat3,Distance STARLINK-5601 - MarsSat4,Distance STARLINK-2517 - STARLINK-2587,Distance STARLINK-2517 - STARLINK-5129,Distance STARLINK-2517 - STARLINK-4729,Distance STARLINK-2517 - STARLINK-1797,Distance STARLINK-2517 - STARLINK-5367,Distance STARLINK-2517 - STARLINK-31129,Distance STARLINK-2517 - STARLINK-6059,Distance STARLINK-2517 - STARLINK-5773,Distance STARLINK-2517 - STARLINK-31921,Distance STARLINK-2517 - STARLINK-31153,Distance STARLINK-2517 - STARLINK-5558,Distance STARLINK-2517 - STARLINK-31118,Distance STARLINK-2517 - STARLINK-5293,Distance STARLINK-2517 - STARLINK-3778,Distance STARLINK-2517 - STARLINK-3308,Distance STARLINK-2517 - STARLINK-5554,Distance STARLINK-2517 - STARLINK-5515,Distance STARLINK-2517 - STARLINK-2416,Distance STARLINK-2517 - STARLINK-2047,Distance STARLINK-2517 - STARLINK-6101,Distance STARLINK-2517 - STARLINK-6301,Distance STARLINK-2517 - STARLINK-30836,Distance STARLINK-2517 - STARLINK-5243,Distance STARLINK-2517 - STARLINK-1879,Distance STARLINK-2517 - STARLINK-5609,Distance STARLINK-2517 - STARLINK-30235,Distance STARLINK-2517 - STARLINK-5339,Distance STARLINK-2517 - STARLINK-5489,Distance STARLINK-2517 - STARLINK-2594,Distance STARLINK-2517 - STARLINK-2059,Distance STARLINK-2517 - STARLINK-5789,Distance STARLINK-2517 - STARLINK-5231,Distance STARLINK-2517 - STARLINK-2521,Distance STARLINK-2517 - STARLINK-5387,Distance STARLINK-2517 - STARLINK-5504,Distance STARLINK-2517 - STARLINK-31017,Distance STARLINK-2517 - MoonARTEMIS1,Distance STARLINK-2517 - MoonARTEMIS2,Distance STARLINK-2517 - MoonIOAGEO,Distance STARLINK-2517 - MoonIOAGNO,Distance STARLINK-2517 - MoonIOAGNO 0001,Distance STARLINK-2517 - MoonIOAGSO,Distance STARLINK-2517 - MoonIOAGSO 0001,Distance STARLINK-2517 - MoonLRO,Distance STARLINK-2517 - MarsSat1,Distance STARLINK-2517 - MarsSat2,Distance STARLINK-2517 - MarsSat3,Distance STARLINK-2517 - MarsSat4,Distance STARLINK-2587 - STARLINK-5129,Distance STARLINK-2587 - STARLINK-4729,Distance STARLINK-2587 - STARLINK-1797,Distance STARLINK-2587 - STARLINK-5367,Distance STARLINK-2587 - STARLINK-31129,Distance STARLINK-2587 - STARLINK-6059,Distance STARLINK-2587 - STARLINK-5773,Distance STARLINK-2587 - STARLINK-31921,Distance STARLINK-2587 - STARLINK-31153,Distance STARLINK-2587 - STARLINK-5558,Distance STARLINK-2587 - STARLINK-31118,Distance STARLINK-2587 - STARLINK-5293,Distance STARLINK-2587 - STARLINK-3778,Distance STARLINK-2587 - STARLINK-3308,Distance STARLINK-2587 - STARLINK-5554,Distance STARLINK-2587 - STARLINK-5515,Distance STARLINK-2587 - STARLINK-2416,Distance STARLINK-2587 - STARLINK-2047,Distance STARLINK-2587 - STARLINK-6101,Distance STARLINK-2587 - STARLINK-6301,Distance STARLINK-2587 - STARLINK-30836,Distance STARLINK-2587 - STARLINK-5243,Distance STARLINK-2587 - STARLINK-1879,Distance STARLINK-2587 - STARLINK-5609,Distance STARLINK-2587 - STARLINK-30235,Distance STARLINK-2587 - STARLINK-5339,Distance STARLINK-2587 - STARLINK-5489,Distance STARLINK-2587 - STARLINK-2594,Distance STARLINK-2587 - STARLINK-2059,Distance STARLINK-2587 - STARLINK-5789,Distance STARLINK-2587 - STARLINK-5231,Distance STARLINK-2587 - STARLINK-2521,Distance STARLINK-2587 - STARLINK-5387,Distance STARLINK-2587 - STARLINK-5504,Distance STARLINK-2587 - STARLINK-31017,Distance STARLINK-2587 - MoonARTEMIS1,Distance STARLINK-2587 - MoonARTEMIS2,Distance STARLINK-2587 - MoonIOAGEO,Distance STARLINK-2587 - MoonIOAGNO,Distance STARLINK-2587 - MoonIOAGNO 0001,Distance STARLINK-2587 - MoonIOAGSO,Distance STARLINK-2587 - MoonIOAGSO 0001,Distance STARLINK-2587 - MoonLRO,Distance STARLINK-2587 - MarsSat1,Distance STARLINK-2587 - MarsSat2,Distance STARLINK-2587 - MarsSat3,Distance STARLINK-2587 - MarsSat4,Distance STARLINK-5129 - STARLINK-4729,Distance STARLINK-5129 - STARLINK-1797,Distance STARLINK-5129 - STARLINK-5367,Distance STARLINK-5129 - STARLINK-31129,Distance STARLINK-5129 - STARLINK-6059,Distance STARLINK-5129 - STARLINK-5773,Distance STARLINK-5129 - STARLINK-31921,Distance STARLINK-5129 - STARLINK-31153,Distance STARLINK-5129 - STARLINK-5558,Distance STARLINK-5129 - STARLINK-31118,Distance STARLINK-5129 - STARLINK-5293,Distance STARLINK-5129 - STARLINK-3778,Distance STARLINK-5129 - STARLINK-3308,Distance STARLINK-5129 - STARLINK-5554,Distance STARLINK-5129 - STARLINK-5515,Distance STARLINK-5129 - STARLINK-2416,Distance STARLINK-5129 - STARLINK-2047,Distance STARLINK-5129 - STARLINK-6101,Distance STARLINK-5129 - STARLINK-6301,Distance STARLINK-5129 - STARLINK-30836,Distance STARLINK-5129 - STARLINK-5243,Distance STARLINK-5129 - STARLINK-1879,Distance STARLINK-5129 - STARLINK-5609,Distance STARLINK-5129 - STARLINK-30235,Distance STARLINK-5129 - STARLINK-5339,Distance STARLINK-5129 - STARLINK-5489,Distance STARLINK-5129 - STARLINK-2594,Distance STARLINK-5129 - STARLINK-2059,Distance STARLINK-5129 - STARLINK-5789,Distance STARLINK-5129 - STARLINK-5231,Distance STARLINK-5129 - STARLINK-2521,Distance STARLINK-5129 - STARLINK-5387,Distance STARLINK-5129 - STARLINK-5504,Distance STARLINK-5129 - STARLINK-31017,Distance STARLINK-5129 - MoonARTEMIS1,Distance STARLINK-5129 - MoonARTEMIS2,Distance STARLINK-5129 - MoonIOAGEO,Distance STARLINK-5129 - MoonIOAGNO,Distance STARLINK-5129 - MoonIOAGNO 0001,Distance STARLINK-5129 - MoonIOAGSO,Distance STARLINK-5129 - MoonIOAGSO 0001,Distance STARLINK-5129 - MoonLRO,Distance STARLINK-5129 - MarsSat1,Distance STARLINK-5129 - MarsSat2,Distance STARLINK-5129 - MarsSat3,Distance STARLINK-5129 - MarsSat4,Distance STARLINK-4729 - STARLINK-1797,Distance STARLINK-4729 - STARLINK-5367,Distance STARLINK-4729 - STARLINK-31129,Distance STARLINK-4729 - STARLINK-6059,Distance STARLINK-4729 - STARLINK-5773,Distance STARLINK-4729 - STARLINK-31921,Distance STARLINK-4729 - STARLINK-31153,Distance STARLINK-4729 - STARLINK-5558,Distance STARLINK-4729 - STARLINK-31118,Distance STARLINK-4729 - STARLINK-5293,Distance STARLINK-4729 - STARLINK-3778,Distance STARLINK-4729 - STARLINK-3308,Distance STARLINK-4729 - STARLINK-5554,Distance STARLINK-4729 - STARLINK-5515,Distance STARLINK-4729 - STARLINK-2416,Distance STARLINK-4729 - STARLINK-2047,Distance STARLINK-4729 - STARLINK-6101,Distance STARLINK-4729 - STARLINK-6301,Distance STARLINK-4729 - STARLINK-30836,Distance STARLINK-4729 - STARLINK-5243,Distance STARLINK-4729 - STARLINK-1879,Distance STARLINK-4729 - STARLINK-5609,Distance STARLINK-4729 - STARLINK-30235,Distance STARLINK-4729 - STARLINK-5339,Distance STARLINK-4729 - STARLINK-5489,Distance STARLINK-4729 - STARLINK-2594,Distance STARLINK-4729 - STARLINK-2059,Distance STARLINK-4729 - STARLINK-5789,Distance STARLINK-4729 - STARLINK-5231,Distance STARLINK-4729 - STARLINK-2521,Distance STARLINK-4729 - STARLINK-5387,Distance STARLINK-4729 - STARLINK-5504,Distance STARLINK-4729 - STARLINK-31017,Distance STARLINK-4729 - MoonARTEMIS1,Distance STARLINK-4729 - MoonARTEMIS2,Distance STARLINK-4729 - MoonIOAGEO,Distance STARLINK-4729 - MoonIOAGNO,Distance STARLINK-4729 - MoonIOAGNO 0001,Distance STARLINK-4729 - MoonIOAGSO,Distance STARLINK-4729 - MoonIOAGSO 0001,Distance STARLINK-4729 - MoonLRO,Distance STARLINK-4729 - MarsSat1,Distance STARLINK-4729 - MarsSat2,Distance STARLINK-4729 - MarsSat3,Distance STARLINK-4729 - MarsSat4,Distance STARLINK-1797 - STARLINK-5367,Distance STARLINK-1797 - STARLINK-31129,Distance STARLINK-1797 - STARLINK-6059,Distance STARLINK-1797 - STARLINK-5773,Distance STARLINK-1797 - STARLINK-31921,Distance STARLINK-1797 - STARLINK-31153,Distance STARLINK-1797 - STARLINK-5558,Distance STARLINK-1797 - STARLINK-31118,Distance STARLINK-1797 - STARLINK-5293,Distance STARLINK-1797 - STARLINK-3778,Distance STARLINK-1797 - STARLINK-3308,Distance STARLINK-1797 - STARLINK-5554,Distance STARLINK-1797 - STARLINK-5515,Distance STARLINK-1797 - STARLINK-2416,Distance STARLINK-1797 - STARLINK-2047,Distance STARLINK-1797 - STARLINK-6101,Distance STARLINK-1797 - STARLINK-6301,Distance STARLINK-1797 - STARLINK-30836,Distance STARLINK-1797 - STARLINK-5243,Distance STARLINK-1797 - STARLINK-1879,Distance STARLINK-1797 - STARLINK-5609,Distance STARLINK-1797 - STARLINK-30235,Distance STARLINK-1797 - STARLINK-5339,Distance STARLINK-1797 - STARLINK-5489,Distance STARLINK-1797 - STARLINK-2594,Distance STARLINK-1797 - STARLINK-2059,Distance STARLINK-1797 - STARLINK-5789,Distance STARLINK-1797 - STARLINK-5231,Distance STARLINK-1797 - STARLINK-2521,Distance STARLINK-1797 - STARLINK-5387,Distance STARLINK-1797 - STARLINK-5504,Distance STARLINK-1797 - STARLINK-31017,Distance STARLINK-1797 - MoonARTEMIS1,Distance STARLINK-1797 - MoonARTEMIS2,Distance STARLINK-1797 - MoonIOAGEO,Distance STARLINK-1797 - MoonIOAGNO,Distance STARLINK-1797 - MoonIOAGNO 0001,Distance STARLINK-1797 - MoonIOAGSO,Distance STARLINK-1797 - MoonIOAGSO 0001,Distance STARLINK-1797 - MoonLRO,Distance STARLINK-1797 - MarsSat1,Distance STARLINK-1797 - MarsSat2,Distance STARLINK-1797 - MarsSat3,Distance STARLINK-1797 - MarsSat4,Distance STARLINK-5367 - STARLINK-31129,Distance STARLINK-5367 - STARLINK-6059,Distance STARLINK-5367 - STARLINK-5773,Distance STARLINK-5367 - STARLINK-31921,Distance STARLINK-5367 - STARLINK-31153,Distance STARLINK-5367 - STARLINK-5558,Distance STARLINK-5367 - STARLINK-31118,Distance STARLINK-5367 - STARLINK-5293,Distance STARLINK-5367 - STARLINK-3778,Distance STARLINK-5367 - STARLINK-3308,Distance STARLINK-5367 - STARLINK-5554,Distance STARLINK-5367 - STARLINK-5515,Distance STARLINK-5367 - STARLINK-2416,Distance STARLINK-5367 - STARLINK-2047,Distance STARLINK-5367 - STARLINK-6101,Distance STARLINK-5367 - STARLINK-6301,Distance STARLINK-5367 - STARLINK-30836,Distance STARLINK-5367 - STARLINK-5243,Distance STARLINK-5367 - STARLINK-1879,Distance STARLINK-5367 - STARLINK-5609,Distance STARLINK-5367 - STARLINK-30235,Distance STARLINK-5367 - STARLINK-5339,Distance STARLINK-5367 - STARLINK-5489,Distance STARLINK-5367 - STARLINK-2594,Distance STARLINK-5367 - STARLINK-2059,Distance STARLINK-5367 - STARLINK-5789,Distance STARLINK-5367 - STARLINK-5231,Distance STARLINK-5367 - STARLINK-2521,Distance STARLINK-5367 - STARLINK-5387,Distance STARLINK-5367 - STARLINK-5504,Distance STARLINK-5367 - STARLINK-31017,Distance STARLINK-5367 - MoonARTEMIS1,Distance STARLINK-5367 - MoonARTEMIS2,Distance STARLINK-5367 - MoonIOAGEO,Distance STARLINK-5367 - MoonIOAGNO,Distance STARLINK-5367 - MoonIOAGNO 0001,Distance STARLINK-5367 - MoonIOAGSO,Distance STARLINK-5367 - MoonIOAGSO 0001,Distance STARLINK-5367 - MoonLRO,Distance STARLINK-5367 - MarsSat1,Distance STARLINK-5367 - MarsSat2,Distance STARLINK-5367 - MarsSat3,Distance STARLINK-5367 - MarsSat4,Distance STARLINK-31129 - STARLINK-6059,Distance STARLINK-31129 - STARLINK-5773,Distance STARLINK-31129 - STARLINK-31921,Distance STARLINK-31129 - STARLINK-31153,Distance STARLINK-31129 - STARLINK-5558,Distance STARLINK-31129 - STARLINK-31118,Distance STARLINK-31129 - STARLINK-5293,Distance STARLINK-31129 - STARLINK-3778,Distance STARLINK-31129 - STARLINK-3308,Distance STARLINK-31129 - STARLINK-5554,Distance STARLINK-31129 - STARLINK-5515,Distance STARLINK-31129 - STARLINK-2416,Distance STARLINK-31129 - STARLINK-2047,Distance STARLINK-31129 - STARLINK-6101,Distance STARLINK-31129 - STARLINK-6301,Distance STARLINK-31129 - STARLINK-30836,Distance STARLINK-31129 - STARLINK-5243,Distance STARLINK-31129 - STARLINK-1879,Distance STARLINK-31129 - STARLINK-5609,Distance STARLINK-31129 - STARLINK-30235,Distance STARLINK-31129 - STARLINK-5339,Distance STARLINK-31129 - STARLINK-5489,Distance STARLINK-31129 - STARLINK-2594,Distance STARLINK-31129 - STARLINK-2059,Distance STARLINK-31129 - STARLINK-5789,Distance STARLINK-31129 - STARLINK-5231,Distance STARLINK-31129 - STARLINK-2521,Distance STARLINK-31129 - STARLINK-5387,Distance STARLINK-31129 - STARLINK-5504,Distance STARLINK-31129 - STARLINK-31017,Distance STARLINK-31129 - MoonARTEMIS1,Distance STARLINK-31129 - MoonARTEMIS2,Distance STARLINK-31129 - MoonIOAGEO,Distance STARLINK-31129 - MoonIOAGNO,Distance STARLINK-31129 - MoonIOAGNO 0001,Distance STARLINK-31129 - MoonIOAGSO,Distance STARLINK-31129 - MoonIOAGSO 0001,Distance STARLINK-31129 - MoonLRO,Distance STARLINK-31129 - MarsSat1,Distance STARLINK-31129 - MarsSat2,Distance STARLINK-31129 - MarsSat3,Distance STARLINK-31129 - MarsSat4,Distance STARLINK-6059 - STARLINK-5773,Distance STARLINK-6059 - STARLINK-31921,Distance STARLINK-6059 - STARLINK-31153,Distance STARLINK-6059 - STARLINK-5558,Distance STARLINK-6059 - STARLINK-31118,Distance STARLINK-6059 - STARLINK-5293,Distance STARLINK-6059 - STARLINK-3778,Distance STARLINK-6059 - STARLINK-3308,Distance STARLINK-6059 - STARLINK-5554,Distance STARLINK-6059 - STARLINK-5515,Distance STARLINK-6059 - STARLINK-2416,Distance STARLINK-6059 - STARLINK-2047,Distance STARLINK-6059 - STARLINK-6101,Distance STARLINK-6059 - STARLINK-6301,Distance STARLINK-6059 - STARLINK-30836,Distance STARLINK-6059 - STARLINK-5243,Distance STARLINK-6059 - STARLINK-1879,Distance STARLINK-6059 - STARLINK-5609,Distance STARLINK-6059 - STARLINK-30235,Distance STARLINK-6059 - STARLINK-5339,Distance STARLINK-6059 - STARLINK-5489,Distance STARLINK-6059 - STARLINK-2594,Distance STARLINK-6059 - STARLINK-2059,Distance STARLINK-6059 - STARLINK-5789,Distance STARLINK-6059 - STARLINK-5231,Distance STARLINK-6059 - STARLINK-2521,Distance STARLINK-6059 - STARLINK-5387,Distance STARLINK-6059 - STARLINK-5504,Distance STARLINK-6059 - STARLINK-31017,Distance STARLINK-6059 - MoonARTEMIS1,Distance STARLINK-6059 - MoonARTEMIS2,Distance STARLINK-6059 - MoonIOAGEO,Distance STARLINK-6059 - MoonIOAGNO,Distance STARLINK-6059 - MoonIOAGNO 0001,Distance STARLINK-6059 - MoonIOAGSO,Distance STARLINK-6059 - MoonIOAGSO 0001,Distance STARLINK-6059 - MoonLRO,Distance STARLINK-6059 - MarsSat1,Distance STARLINK-6059 - MarsSat2,Distance STARLINK-6059 - MarsSat3,Distance STARLINK-6059 - MarsSat4,Distance STARLINK-5773 - STARLINK-31921,Distance STARLINK-5773 - STARLINK-31153,Distance STARLINK-5773 - STARLINK-5558,Distance STARLINK-5773 - STARLINK-31118,Distance STARLINK-5773 - STARLINK-5293,Distance STARLINK-5773 - STARLINK-3778,Distance STARLINK-5773 - STARLINK-3308,Distance STARLINK-5773 - STARLINK-5554,Distance STARLINK-5773 - STARLINK-5515,Distance STARLINK-5773 - STARLINK-2416,Distance STARLINK-5773 - STARLINK-2047,Distance STARLINK-5773 - STARLINK-6101,Distance STARLINK-5773 - STARLINK-6301,Distance STARLINK-5773 - STARLINK-30836,Distance STARLINK-5773 - STARLINK-5243,Distance STARLINK-5773 - STARLINK-1879,Distance STARLINK-5773 - STARLINK-5609,Distance STARLINK-5773 - STARLINK-30235,Distance STARLINK-5773 - STARLINK-5339,Distance STARLINK-5773 - STARLINK-5489,Distance STARLINK-5773 - STARLINK-2594,Distance STARLINK-5773 - STARLINK-2059,Distance STARLINK-5773 - STARLINK-5789,Distance STARLINK-5773 - STARLINK-5231,Distance STARLINK-5773 - STARLINK-2521,Distance STARLINK-5773 - STARLINK-5387,Distance STARLINK-5773 - STARLINK-5504,Distance STARLINK-5773 - STARLINK-31017,Distance STARLINK-5773 - MoonARTEMIS1,Distance STARLINK-5773 - MoonARTEMIS2,Distance STARLINK-5773 - MoonIOAGEO,Distance STARLINK-5773 - MoonIOAGNO,Distance STARLINK-5773 - MoonIOAGNO 0001,Distance STARLINK-5773 - MoonIOAGSO,Distance STARLINK-5773 - MoonIOAGSO 0001,Distance STARLINK-5773 - MoonLRO,Distance STARLINK-5773 - MarsSat1,Distance STARLINK-5773 - MarsSat2,Distance STARLINK-5773 - MarsSat3,Distance STARLINK-5773 - MarsSat4,Distance STARLINK-31921 - STARLINK-31153,Distance STARLINK-31921 - STARLINK-5558,Distance STARLINK-31921 - STARLINK-31118,Distance STARLINK-31921 - STARLINK-5293,Distance STARLINK-31921 - STARLINK-3778,Distance STARLINK-31921 - STARLINK-3308,Distance STARLINK-31921 - STARLINK-5554,Distance STARLINK-31921 - STARLINK-5515,Distance STARLINK-31921 - STARLINK-2416,Distance STARLINK-31921 - STARLINK-2047,Distance STARLINK-31921 - STARLINK-6101,Distance STARLINK-31921 - STARLINK-6301,Distance STARLINK-31921 - STARLINK-30836,Distance STARLINK-31921 - STARLINK-5243,Distance STARLINK-31921 - STARLINK-1879,Distance STARLINK-31921 - STARLINK-5609,Distance STARLINK-31921 - STARLINK-30235,Distance STARLINK-31921 - STARLINK-5339,Distance STARLINK-31921 - STARLINK-5489,Distance STARLINK-31921 - STARLINK-2594,Distance STARLINK-31921 - STARLINK-2059,Distance STARLINK-31921 - STARLINK-5789,Distance STARLINK-31921 - STARLINK-5231,Distance STARLINK-31921 - STARLINK-2521,Distance STARLINK-31921 - STARLINK-5387,Distance STARLINK-31921 - STARLINK-5504,Distance STARLINK-31921 - STARLINK-31017,Distance STARLINK-31921 - MoonARTEMIS1,Distance STARLINK-31921 - MoonARTEMIS2,Distance STARLINK-31921 - MoonIOAGEO,Distance STARLINK-31921 - MoonIOAGNO,Distance STARLINK-31921 - MoonIOAGNO 0001,Distance STARLINK-31921 - MoonIOAGSO,Distance STARLINK-31921 - MoonIOAGSO 0001,Distance STARLINK-31921 - MoonLRO,Distance STARLINK-31921 - MarsSat1,Distance STARLINK-31921 - MarsSat2,Distance STARLINK-31921 - MarsSat3,Distance STARLINK-31921 - MarsSat4,Distance STARLINK-31153 - STARLINK-5558,Distance STARLINK-31153 - STARLINK-31118,Distance STARLINK-31153 - STARLINK-5293,Distance STARLINK-31153 - STARLINK-3778,Distance STARLINK-31153 - STARLINK-3308,Distance STARLINK-31153 - STARLINK-5554,Distance STARLINK-31153 - STARLINK-5515,Distance STARLINK-31153 - STARLINK-2416,Distance STARLINK-31153 - STARLINK-2047,Distance STARLINK-31153 - STARLINK-6101,Distance STARLINK-31153 - STARLINK-6301,Distance STARLINK-31153 - STARLINK-30836,Distance STARLINK-31153 - STARLINK-5243,Distance STARLINK-31153 - STARLINK-1879,Distance STARLINK-31153 - STARLINK-5609,Distance STARLINK-31153 - STARLINK-30235,Distance STARLINK-31153 - STARLINK-5339,Distance STARLINK-31153 - STARLINK-5489,Distance STARLINK-31153 - STARLINK-2594,Distance STARLINK-31153 - STARLINK-2059,Distance STARLINK-31153 - STARLINK-5789,Distance STARLINK-31153 - STARLINK-5231,Distance STARLINK-31153 - STARLINK-2521,Distance STARLINK-31153 - STARLINK-5387,Distance STARLINK-31153 - STARLINK-5504,Distance STARLINK-31153 - STARLINK-31017,Distance STARLINK-31153 - MoonARTEMIS1,Distance STARLINK-31153 - MoonARTEMIS2,Distance STARLINK-31153 - MoonIOAGEO,Distance STARLINK-31153 - MoonIOAGNO,Distance STARLINK-31153 - MoonIOAGNO 0001,Distance STARLINK-31153 - MoonIOAGSO,Distance STARLINK-31153 - MoonIOAGSO 0001,Distance STARLINK-31153 - MoonLRO,Distance STARLINK-31153 - MarsSat1,Distance STARLINK-31153 - MarsSat2,Distance STARLINK-31153 - MarsSat3,Distance STARLINK-31153 - MarsSat4,Distance STARLINK-5558 - STARLINK-31118,Distance STARLINK-5558 - STARLINK-5293,Distance STARLINK-5558 - STARLINK-3778,Distance STARLINK-5558 - STARLINK-3308,Distance STARLINK-5558 - STARLINK-5554,Distance STARLINK-5558 - STARLINK-5515,Distance STARLINK-5558 - STARLINK-2416,Distance STARLINK-5558 - STARLINK-2047,Distance STARLINK-5558 - STARLINK-6101,Distance STARLINK-5558 - STARLINK-6301,Distance STARLINK-5558 - STARLINK-30836,Distance STARLINK-5558 - STARLINK-5243,Distance STARLINK-5558 - STARLINK-1879,Distance STARLINK-5558 - STARLINK-5609,Distance STARLINK-5558 - STARLINK-30235,Distance STARLINK-5558 - STARLINK-5339,Distance STARLINK-5558 - STARLINK-5489,Distance STARLINK-5558 - STARLINK-2594,Distance STARLINK-5558 - STARLINK-2059,Distance STARLINK-5558 - STARLINK-5789,Distance STARLINK-5558 - STARLINK-5231,Distance STARLINK-5558 - STARLINK-2521,Distance STARLINK-5558 - STARLINK-5387,Distance STARLINK-5558 - STARLINK-5504,Distance STARLINK-5558 - STARLINK-31017,Distance STARLINK-5558 - MoonARTEMIS1,Distance STARLINK-5558 - MoonARTEMIS2,Distance STARLINK-5558 - MoonIOAGEO,Distance STARLINK-5558 - MoonIOAGNO,Distance STARLINK-5558 - MoonIOAGNO 0001,Distance STARLINK-5558 - MoonIOAGSO,Distance STARLINK-5558 - MoonIOAGSO 0001,Distance STARLINK-5558 - MoonLRO,Distance STARLINK-5558 - MarsSat1,Distance STARLINK-5558 - MarsSat2,Distance STARLINK-5558 - MarsSat3,Distance STARLINK-5558 - MarsSat4,Distance STARLINK-31118 - STARLINK-5293,Distance STARLINK-31118 - STARLINK-3778,Distance STARLINK-31118 - STARLINK-3308,Distance STARLINK-31118 - STARLINK-5554,Distance STARLINK-31118 - STARLINK-5515,Distance STARLINK-31118 - STARLINK-2416,Distance STARLINK-31118 - STARLINK-2047,Distance STARLINK-31118 - STARLINK-6101,Distance STARLINK-31118 - STARLINK-6301,Distance STARLINK-31118 - STARLINK-30836,Distance STARLINK-31118 - STARLINK-5243,Distance STARLINK-31118 - STARLINK-1879,Distance STARLINK-31118 - STARLINK-5609,Distance STARLINK-31118 - STARLINK-30235,Distance STARLINK-31118 - STARLINK-5339,Distance STARLINK-31118 - STARLINK-5489,Distance STARLINK-31118 - STARLINK-2594,Distance STARLINK-31118 - STARLINK-2059,Distance STARLINK-31118 - STARLINK-5789,Distance STARLINK-31118 - STARLINK-5231,Distance STARLINK-31118 - STARLINK-2521,Distance STARLINK-31118 - STARLINK-5387,Distance STARLINK-31118 - STARLINK-5504,Distance STARLINK-31118 - STARLINK-31017,Distance STARLINK-31118 - MoonARTEMIS1,Distance STARLINK-31118 - MoonARTEMIS2,Distance STARLINK-31118 - MoonIOAGEO,Distance STARLINK-31118 - MoonIOAGNO,Distance STARLINK-31118 - MoonIOAGNO 0001,Distance STARLINK-31118 - MoonIOAGSO,Distance STARLINK-31118 - MoonIOAGSO 0001,Distance STARLINK-31118 - MoonLRO,Distance STARLINK-31118 - MarsSat1,Distance STARLINK-31118 - MarsSat2,Distance STARLINK-31118 - MarsSat3,Distance STARLINK-31118 - MarsSat4,Distance STARLINK-5293 - STARLINK-3778,Distance STARLINK-5293 - STARLINK-3308,Distance STARLINK-5293 - STARLINK-5554,Distance STARLINK-5293 - STARLINK-5515,Distance STARLINK-5293 - STARLINK-2416,Distance STARLINK-5293 - STARLINK-2047,Distance STARLINK-5293 - STARLINK-6101,Distance STARLINK-5293 - STARLINK-6301,Distance STARLINK-5293 - STARLINK-30836,Distance STARLINK-5293 - STARLINK-5243,Distance STARLINK-5293 - STARLINK-1879,Distance STARLINK-5293 - STARLINK-5609,Distance STARLINK-5293 - STARLINK-30235,Distance STARLINK-5293 - STARLINK-5339,Distance STARLINK-5293 - STARLINK-5489,Distance STARLINK-5293 - STARLINK-2594,Distance STARLINK-5293 - STARLINK-2059,Distance STARLINK-5293 - STARLINK-5789,Distance STARLINK-5293 - STARLINK-5231,Distance STARLINK-5293 - STARLINK-2521,Distance STARLINK-5293 - STARLINK-5387,Distance STARLINK-5293 - STARLINK-5504,Distance STARLINK-5293 - STARLINK-31017,Distance STARLINK-5293 - MoonARTEMIS1,Distance STARLINK-5293 - MoonARTEMIS2,Distance STARLINK-5293 - MoonIOAGEO,Distance STARLINK-5293 - MoonIOAGNO,Distance STARLINK-5293 - MoonIOAGNO 0001,Distance STARLINK-5293 - MoonIOAGSO,Distance STARLINK-5293 - MoonIOAGSO 0001,Distance STARLINK-5293 - MoonLRO,Distance STARLINK-5293 - MarsSat1,Distance STARLINK-5293 - MarsSat2,Distance STARLINK-5293 - MarsSat3,Distance STARLINK-5293 - MarsSat4,Distance STARLINK-3778 - STARLINK-3308,Distance STARLINK-3778 - STARLINK-5554,Distance STARLINK-3778 - STARLINK-5515,Distance STARLINK-3778 - STARLINK-2416,Distance STARLINK-3778 - STARLINK-2047,Distance STARLINK-3778 - STARLINK-6101,Distance STARLINK-3778 - STARLINK-6301,Distance STARLINK-3778 - STARLINK-30836,Distance STARLINK-3778 - STARLINK-5243,Distance STARLINK-3778 - STARLINK-1879,Distance STARLINK-3778 - STARLINK-5609,Distance STARLINK-3778 - STARLINK-30235,Distance STARLINK-3778 - STARLINK-5339,Distance STARLINK-3778 - STARLINK-5489,Distance STARLINK-3778 - STARLINK-2594,Distance STARLINK-3778 - STARLINK-2059,Distance STARLINK-3778 - STARLINK-5789,Distance STARLINK-3778 - STARLINK-5231,Distance STARLINK-3778 - STARLINK-2521,Distance STARLINK-3778 - STARLINK-5387,Distance STARLINK-3778 - STARLINK-5504,Distance STARLINK-3778 - STARLINK-31017,Distance STARLINK-3778 - MoonARTEMIS1,Distance STARLINK-3778 - MoonARTEMIS2,Distance STARLINK-3778 - MoonIOAGEO,Distance STARLINK-3778 - MoonIOAGNO,Distance STARLINK-3778 - MoonIOAGNO 0001,Distance STARLINK-3778 - MoonIOAGSO,Distance STARLINK-3778 - MoonIOAGSO 0001,Distance STARLINK-3778 - MoonLRO,Distance STARLINK-3778 - MarsSat1,Distance STARLINK-3778 - MarsSat2,Distance STARLINK-3778 - MarsSat3,Distance STARLINK-3778 - MarsSat4,Distance STARLINK-3308 - STARLINK-5554,Distance STARLINK-3308 - STARLINK-5515,Distance STARLINK-3308 - STARLINK-2416,Distance STARLINK-3308 - STARLINK-2047,Distance STARLINK-3308 - STARLINK-6101,Distance STARLINK-3308 - STARLINK-6301,Distance STARLINK-3308 - STARLINK-30836,Distance STARLINK-3308 - STARLINK-5243,Distance STARLINK-3308 - STARLINK-1879,Distance STARLINK-3308 - STARLINK-5609,Distance STARLINK-3308 - STARLINK-30235,Distance STARLINK-3308 - STARLINK-5339,Distance STARLINK-3308 - STARLINK-5489,Distance STARLINK-3308 - STARLINK-2594,Distance STARLINK-3308 - STARLINK-2059,Distance STARLINK-3308 - STARLINK-5789,Distance STARLINK-3308 - STARLINK-5231,Distance STARLINK-3308 - STARLINK-2521,Distance STARLINK-3308 - STARLINK-5387,Distance STARLINK-3308 - STARLINK-5504,Distance STARLINK-3308 - STARLINK-31017,Distance STARLINK-3308 - MoonARTEMIS1,Distance STARLINK-3308 - MoonARTEMIS2,Distance STARLINK-3308 - MoonIOAGEO,Distance STARLINK-3308 - MoonIOAGNO,Distance STARLINK-3308 - MoonIOAGNO 0001,Distance STARLINK-3308 - MoonIOAGSO,Distance STARLINK-3308 - MoonIOAGSO 0001,Distance STARLINK-3308 - MoonLRO,Distance STARLINK-3308 - MarsSat1,Distance STARLINK-3308 - MarsSat2,Distance STARLINK-3308 - MarsSat3,Distance STARLINK-3308 - MarsSat4,Distance STARLINK-5554 - STARLINK-5515,Distance STARLINK-5554 - STARLINK-2416,Distance STARLINK-5554 - STARLINK-2047,Distance STARLINK-5554 - STARLINK-6101,Distance STARLINK-5554 - STARLINK-6301,Distance STARLINK-5554 - STARLINK-30836,Distance STARLINK-5554 - STARLINK-5243,Distance STARLINK-5554 - STARLINK-1879,Distance STARLINK-5554 - STARLINK-5609,Distance STARLINK-5554 - STARLINK-30235,Distance STARLINK-5554 - STARLINK-5339,Distance STARLINK-5554 - STARLINK-5489,Distance STARLINK-5554 - STARLINK-2594,Distance STARLINK-5554 - STARLINK-2059,Distance STARLINK-5554 - STARLINK-5789,Distance STARLINK-5554 - STARLINK-5231,Distance STARLINK-5554 - STARLINK-2521,Distance STARLINK-5554 - STARLINK-5387,Distance STARLINK-5554 - STARLINK-5504,Distance STARLINK-5554 - STARLINK-31017,Distance STARLINK-5554 - MoonARTEMIS1,Distance STARLINK-5554 - MoonARTEMIS2,Distance STARLINK-5554 - MoonIOAGEO,Distance STARLINK-5554 - MoonIOAGNO,Distance STARLINK-5554 - MoonIOAGNO 0001,Distance STARLINK-5554 - MoonIOAGSO,Distance STARLINK-5554 - MoonIOAGSO 0001,Distance STARLINK-5554 - MoonLRO,Distance STARLINK-5554 - MarsSat1,Distance STARLINK-5554 - MarsSat2,Distance STARLINK-5554 - MarsSat3,Distance STARLINK-5554 - MarsSat4,Distance STARLINK-5515 - STARLINK-2416,Distance STARLINK-5515 - STARLINK-2047,Distance STARLINK-5515 - STARLINK-6101,Distance STARLINK-5515 - STARLINK-6301,Distance STARLINK-5515 - STARLINK-30836,Distance STARLINK-5515 - STARLINK-5243,Distance STARLINK-5515 - STARLINK-1879,Distance STARLINK-5515 - STARLINK-5609,Distance STARLINK-5515 - STARLINK-30235,Distance STARLINK-5515 - STARLINK-5339,Distance STARLINK-5515 - STARLINK-5489,Distance STARLINK-5515 - STARLINK-2594,Distance STARLINK-5515 - STARLINK-2059,Distance STARLINK-5515 - STARLINK-5789,Distance STARLINK-5515 - STARLINK-5231,Distance STARLINK-5515 - STARLINK-2521,Distance STARLINK-5515 - STARLINK-5387,Distance STARLINK-5515 - STARLINK-5504,Distance STARLINK-5515 - STARLINK-31017,Distance STARLINK-5515 - MoonARTEMIS1,Distance STARLINK-5515 - MoonARTEMIS2,Distance STARLINK-5515 - MoonIOAGEO,Distance STARLINK-5515 - MoonIOAGNO,Distance STARLINK-5515 - MoonIOAGNO 0001,Distance STARLINK-5515 - MoonIOAGSO,Distance STARLINK-5515 - MoonIOAGSO 0001,Distance STARLINK-5515 - MoonLRO,Distance STARLINK-5515 - MarsSat1,Distance STARLINK-5515 - MarsSat2,Distance STARLINK-5515 - MarsSat3,Distance STARLINK-5515 - MarsSat4,Distance STARLINK-2416 - STARLINK-2047,Distance STARLINK-2416 - STARLINK-6101,Distance STARLINK-2416 - STARLINK-6301,Distance STARLINK-2416 - STARLINK-30836,Distance STARLINK-2416 - STARLINK-5243,Distance STARLINK-2416 - STARLINK-1879,Distance STARLINK-2416 - STARLINK-5609,Distance STARLINK-2416 - STARLINK-30235,Distance STARLINK-2416 - STARLINK-5339,Distance STARLINK-2416 - STARLINK-5489,Distance STARLINK-2416 - STARLINK-2594,Distance STARLINK-2416 - STARLINK-2059,Distance STARLINK-2416 - STARLINK-5789,Distance STARLINK-2416 - STARLINK-5231,Distance STARLINK-2416 - STARLINK-2521,Distance STARLINK-2416 - STARLINK-5387,Distance STARLINK-2416 - STARLINK-5504,Distance STARLINK-2416 - STARLINK-31017,Distance STARLINK-2416 - MoonARTEMIS1,Distance STARLINK-2416 - MoonARTEMIS2,Distance STARLINK-2416 - MoonIOAGEO,Distance STARLINK-2416 - MoonIOAGNO,Distance STARLINK-2416 - MoonIOAGNO 0001,Distance STARLINK-2416 - MoonIOAGSO,Distance STARLINK-2416 - MoonIOAGSO 0001,Distance STARLINK-2416 - MoonLRO,Distance STARLINK-2416 - MarsSat1,Distance STARLINK-2416 - MarsSat2,Distance STARLINK-2416 - MarsSat3,Distance STARLINK-2416 - MarsSat4,Distance STARLINK-2047 - STARLINK-6101,Distance STARLINK-2047 - STARLINK-6301,Distance STARLINK-2047 - STARLINK-30836,Distance STARLINK-2047 - STARLINK-5243,Distance STARLINK-2047 - STARLINK-1879,Distance STARLINK-2047 - STARLINK-5609,Distance STARLINK-2047 - STARLINK-30235,Distance STARLINK-2047 - STARLINK-5339,Distance STARLINK-2047 - STARLINK-5489,Distance STARLINK-2047 - STARLINK-2594,Distance STARLINK-2047 - STARLINK-2059,Distance STARLINK-2047 - STARLINK-5789,Distance STARLINK-2047 - STARLINK-5231,Distance STARLINK-2047 - STARLINK-2521,Distance STARLINK-2047 - STARLINK-5387,Distance STARLINK-2047 - STARLINK-5504,Distance STARLINK-2047 - STARLINK-31017,Distance STARLINK-2047 - MoonARTEMIS1,Distance STARLINK-2047 - MoonARTEMIS2,Distance STARLINK-2047 - MoonIOAGEO,Distance STARLINK-2047 - MoonIOAGNO,Distance STARLINK-2047 - MoonIOAGNO 0001,Distance STARLINK-2047 - MoonIOAGSO,Distance STARLINK-2047 - MoonIOAGSO 0001,Distance STARLINK-2047 - MoonLRO,Distance STARLINK-2047 - MarsSat1,Distance STARLINK-2047 - MarsSat2,Distance STARLINK-2047 - MarsSat3,Distance STARLINK-2047 - MarsSat4,Distance STARLINK-6101 - STARLINK-6301,Distance STARLINK-6101 - STARLINK-30836,Distance STARLINK-6101 - STARLINK-5243,Distance STARLINK-6101 - STARLINK-1879,Distance STARLINK-6101 - STARLINK-5609,Distance STARLINK-6101 - STARLINK-30235,Distance STARLINK-6101 - STARLINK-5339,Distance STARLINK-6101 - STARLINK-5489,Distance STARLINK-6101 - STARLINK-2594,Distance STARLINK-6101 - STARLINK-2059,Distance STARLINK-6101 - STARLINK-5789,Distance STARLINK-6101 - STARLINK-5231,Distance STARLINK-6101 - STARLINK-2521,Distance STARLINK-6101 - STARLINK-5387,Distance STARLINK-6101 - STARLINK-5504,Distance STARLINK-6101 - STARLINK-31017,Distance STARLINK-6101 - MoonARTEMIS1,Distance STARLINK-6101 - MoonARTEMIS2,Distance STARLINK-6101 - MoonIOAGEO,Distance STARLINK-6101 - MoonIOAGNO,Distance STARLINK-6101 - MoonIOAGNO 0001,Distance STARLINK-6101 - MoonIOAGSO,Distance STARLINK-6101 - MoonIOAGSO 0001,Distance STARLINK-6101 - MoonLRO,Distance STARLINK-6101 - MarsSat1,Distance STARLINK-6101 - MarsSat2,Distance STARLINK-6101 - MarsSat3,Distance STARLINK-6101 - MarsSat4,Distance STARLINK-6301 - STARLINK-30836,Distance STARLINK-6301 - STARLINK-5243,Distance STARLINK-6301 - STARLINK-1879,Distance STARLINK-6301 - STARLINK-5609,Distance STARLINK-6301 - STARLINK-30235,Distance STARLINK-6301 - STARLINK-5339,Distance STARLINK-6301 - STARLINK-5489,Distance STARLINK-6301 - STARLINK-2594,Distance STARLINK-6301 - STARLINK-2059,Distance STARLINK-6301 - STARLINK-5789,Distance STARLINK-6301 - STARLINK-5231,Distance STARLINK-6301 - STARLINK-2521,Distance STARLINK-6301 - STARLINK-5387,Distance STARLINK-6301 - STARLINK-5504,Distance STARLINK-6301 - STARLINK-31017,Distance STARLINK-6301 - MoonARTEMIS1,Distance STARLINK-6301 - MoonARTEMIS2,Distance STARLINK-6301 - MoonIOAGEO,Distance STARLINK-6301 - MoonIOAGNO,Distance STARLINK-6301 - MoonIOAGNO 0001,Distance STARLINK-6301 - MoonIOAGSO,Distance STARLINK-6301 - MoonIOAGSO 0001,Distance STARLINK-6301 - MoonLRO,Distance STARLINK-6301 - MarsSat1,Distance STARLINK-6301 - MarsSat2,Distance STARLINK-6301 - MarsSat3,Distance STARLINK-6301 - MarsSat4,Distance STARLINK-30836 - STARLINK-5243,Distance STARLINK-30836 - STARLINK-1879,Distance STARLINK-30836 - STARLINK-5609,Distance STARLINK-30836 - STARLINK-30235,Distance STARLINK-30836 - STARLINK-5339,Distance STARLINK-30836 - STARLINK-5489,Distance STARLINK-30836 - STARLINK-2594,Distance STARLINK-30836 - STARLINK-2059,Distance STARLINK-30836 - STARLINK-5789,Distance STARLINK-30836 - STARLINK-5231,Distance STARLINK-30836 - STARLINK-2521,Distance STARLINK-30836 - STARLINK-5387,Distance STARLINK-30836 - STARLINK-5504,Distance STARLINK-30836 - STARLINK-31017,Distance STARLINK-30836 - MoonARTEMIS1,Distance STARLINK-30836 - MoonARTEMIS2,Distance STARLINK-30836 - MoonIOAGEO,Distance STARLINK-30836 - MoonIOAGNO,Distance STARLINK-30836 - MoonIOAGNO 0001,Distance STARLINK-30836 - MoonIOAGSO,Distance STARLINK-30836 - MoonIOAGSO 0001,Distance STARLINK-30836 - MoonLRO,Distance STARLINK-30836 - MarsSat1,Distance STARLINK-30836 - MarsSat2,Distance STARLINK-30836 - MarsSat3,Distance STARLINK-30836 - MarsSat4,Distance STARLINK-5243 - STARLINK-1879,Distance STARLINK-5243 - STARLINK-5609,Distance STARLINK-5243 - STARLINK-30235,Distance STARLINK-5243 - STARLINK-5339,Distance STARLINK-5243 - STARLINK-5489,Distance STARLINK-5243 - STARLINK-2594,Distance STARLINK-5243 - STARLINK-2059,Distance STARLINK-5243 - STARLINK-5789,Distance STARLINK-5243 - STARLINK-5231,Distance STARLINK-5243 - STARLINK-2521,Distance STARLINK-5243 - STARLINK-5387,Distance STARLINK-5243 - STARLINK-5504,Distance STARLINK-5243 - STARLINK-31017,Distance STARLINK-5243 - MoonARTEMIS1,Distance STARLINK-5243 - MoonARTEMIS2,Distance STARLINK-5243 - MoonIOAGEO,Distance STARLINK-5243 - MoonIOAGNO,Distance STARLINK-5243 - MoonIOAGNO 0001,Distance STARLINK-5243 - MoonIOAGSO,Distance STARLINK-5243 - MoonIOAGSO 0001,Distance STARLINK-5243 - MoonLRO,Distance STARLINK-5243 - MarsSat1,Distance STARLINK-5243 - MarsSat2,Distance STARLINK-5243 - MarsSat3,Distance STARLINK-5243 - MarsSat4,Distance STARLINK-1879 - STARLINK-5609,Distance STARLINK-1879 - STARLINK-30235,Distance STARLINK-1879 - STARLINK-5339,Distance STARLINK-1879 - STARLINK-5489,Distance STARLINK-1879 - STARLINK-2594,Distance STARLINK-1879 - STARLINK-2059,Distance STARLINK-1879 - STARLINK-5789,Distance STARLINK-1879 - STARLINK-5231,Distance STARLINK-1879 - STARLINK-2521,Distance STARLINK-1879 - STARLINK-5387,Distance STARLINK-1879 - STARLINK-5504,Distance STARLINK-1879 - STARLINK-31017,Distance STARLINK-1879 - MoonARTEMIS1,Distance STARLINK-1879 - MoonARTEMIS2,Distance STARLINK-1879 - MoonIOAGEO,Distance STARLINK-1879 - MoonIOAGNO,Distance STARLINK-1879 - MoonIOAGNO 0001,Distance STARLINK-1879 - MoonIOAGSO,Distance STARLINK-1879 - MoonIOAGSO 0001,Distance STARLINK-1879 - MoonLRO,Distance STARLINK-1879 - MarsSat1,Distance STARLINK-1879 - MarsSat2,Distance STARLINK-1879 - MarsSat3,Distance STARLINK-1879 - MarsSat4,Distance STARLINK-5609 - STARLINK-30235,Distance STARLINK-5609 - STARLINK-5339,Distance STARLINK-5609 - STARLINK-5489,Distance STARLINK-5609 - STARLINK-2594,Distance STARLINK-5609 - STARLINK-2059,Distance STARLINK-5609 - STARLINK-5789,Distance STARLINK-5609 - STARLINK-5231,Distance STARLINK-5609 - STARLINK-2521,Distance STARLINK-5609 - STARLINK-5387,Distance STARLINK-5609 - STARLINK-5504,Distance STARLINK-5609 - STARLINK-31017,Distance STARLINK-5609 - MoonARTEMIS1,Distance STARLINK-5609 - MoonARTEMIS2,Distance STARLINK-5609 - MoonIOAGEO,Distance STARLINK-5609 - MoonIOAGNO,Distance STARLINK-5609 - MoonIOAGNO 0001,Distance STARLINK-5609 - MoonIOAGSO,Distance STARLINK-5609 - MoonIOAGSO 0001,Distance STARLINK-5609 - MoonLRO,Distance STARLINK-5609 - MarsSat1,Distance STARLINK-5609 - MarsSat2,Distance STARLINK-5609 - MarsSat3,Distance STARLINK-5609 - MarsSat4,Distance STARLINK-30235 - STARLINK-5339,Distance STARLINK-30235 - STARLINK-5489,Distance STARLINK-30235 - STARLINK-2594,Distance STARLINK-30235 - STARLINK-2059,Distance STARLINK-30235 - STARLINK-5789,Distance STARLINK-30235 - STARLINK-5231,Distance STARLINK-30235 - STARLINK-2521,Distance STARLINK-30235 - STARLINK-5387,Distance STARLINK-30235 - STARLINK-5504,Distance STARLINK-30235 - STARLINK-31017,Distance STARLINK-30235 - MoonARTEMIS1,Distance STARLINK-30235 - MoonARTEMIS2,Distance STARLINK-30235 - MoonIOAGEO,Distance STARLINK-30235 - MoonIOAGNO,Distance STARLINK-30235 - MoonIOAGNO 0001,Distance STARLINK-30235 - MoonIOAGSO,Distance STARLINK-30235 - MoonIOAGSO 0001,Distance STARLINK-30235 - MoonLRO,Distance STARLINK-30235 - MarsSat1,Distance STARLINK-30235 - MarsSat2,Distance STARLINK-30235 - MarsSat3,Distance STARLINK-30235 - MarsSat4,Distance STARLINK-5339 - STARLINK-5489,Distance STARLINK-5339 - STARLINK-2594,Distance STARLINK-5339 - STARLINK-2059,Distance STARLINK-5339 - STARLINK-5789,Distance STARLINK-5339 - STARLINK-5231,Distance STARLINK-5339 - STARLINK-2521,Distance STARLINK-5339 - STARLINK-5387,Distance STARLINK-5339 - STARLINK-5504,Distance STARLINK-5339 - STARLINK-31017,Distance STARLINK-5339 - MoonARTEMIS1,Distance STARLINK-5339 - MoonARTEMIS2,Distance STARLINK-5339 - MoonIOAGEO,Distance STARLINK-5339 - MoonIOAGNO,Distance STARLINK-5339 - MoonIOAGNO 0001,Distance STARLINK-5339 - MoonIOAGSO,Distance STARLINK-5339 - MoonIOAGSO 0001,Distance STARLINK-5339 - MoonLRO,Distance STARLINK-5339 - MarsSat1,Distance STARLINK-5339 - MarsSat2,Distance STARLINK-5339 - MarsSat3,Distance STARLINK-5339 - MarsSat4,Distance STARLINK-5489 - STARLINK-2594,Distance STARLINK-5489 - STARLINK-2059,Distance STARLINK-5489 - STARLINK-5789,Distance STARLINK-5489 - STARLINK-5231,Distance STARLINK-5489 - STARLINK-2521,Distance STARLINK-5489 - STARLINK-5387,Distance STARLINK-5489 - STARLINK-5504,Distance STARLINK-5489 - STARLINK-31017,Distance STARLINK-5489 - MoonARTEMIS1,Distance STARLINK-5489 - MoonARTEMIS2,Distance STARLINK-5489 - MoonIOAGEO,Distance STARLINK-5489 - MoonIOAGNO,Distance STARLINK-5489 - MoonIOAGNO 0001,Distance STARLINK-5489 - MoonIOAGSO,Distance STARLINK-5489 - MoonIOAGSO 0001,Distance STARLINK-5489 - MoonLRO,Distance STARLINK-5489 - MarsSat1,Distance STARLINK-5489 - MarsSat2,Distance STARLINK-5489 - MarsSat3,Distance STARLINK-5489 - MarsSat4,Distance STARLINK-2594 - STARLINK-2059,Distance STARLINK-2594 - STARLINK-5789,Distance STARLINK-2594 - STARLINK-5231,Distance STARLINK-2594 - STARLINK-2521,Distance STARLINK-2594 - STARLINK-5387,Distance STARLINK-2594 - STARLINK-5504,Distance STARLINK-2594 - STARLINK-31017,Distance STARLINK-2594 - MoonARTEMIS1,Distance STARLINK-2594 - MoonARTEMIS2,Distance STARLINK-2594 - MoonIOAGEO,Distance STARLINK-2594 - MoonIOAGNO,Distance STARLINK-2594 - MoonIOAGNO 0001,Distance STARLINK-2594 - MoonIOAGSO,Distance STARLINK-2594 - MoonIOAGSO 0001,Distance STARLINK-2594 - MoonLRO,Distance STARLINK-2594 - MarsSat1,Distance STARLINK-2594 - MarsSat2,Distance STARLINK-2594 - MarsSat3,Distance STARLINK-2594 - MarsSat4,Distance STARLINK-2059 - STARLINK-5789,Distance STARLINK-2059 - STARLINK-5231,Distance STARLINK-2059 - STARLINK-2521,Distance STARLINK-2059 - STARLINK-5387,Distance STARLINK-2059 - STARLINK-5504,Distance STARLINK-2059 - STARLINK-31017,Distance STARLINK-2059 - MoonARTEMIS1,Distance STARLINK-2059 - MoonARTEMIS2,Distance STARLINK-2059 - MoonIOAGEO,Distance STARLINK-2059 - MoonIOAGNO,Distance STARLINK-2059 - MoonIOAGNO 0001,Distance STARLINK-2059 - MoonIOAGSO,Distance STARLINK-2059 - MoonIOAGSO 0001,Distance STARLINK-2059 - MoonLRO,Distance STARLINK-2059 - MarsSat1,Distance STARLINK-2059 - MarsSat2,Distance STARLINK-2059 - MarsSat3,Distance STARLINK-2059 - MarsSat4,Distance STARLINK-5789 - STARLINK-5231,Distance STARLINK-5789 - STARLINK-2521,Distance STARLINK-5789 - STARLINK-5387,Distance STARLINK-5789 - STARLINK-5504,Distance STARLINK-5789 - STARLINK-31017,Distance STARLINK-5789 - MoonARTEMIS1,Distance STARLINK-5789 - MoonARTEMIS2,Distance STARLINK-5789 - MoonIOAGEO,Distance STARLINK-5789 - MoonIOAGNO,Distance STARLINK-5789 - MoonIOAGNO 0001,Distance STARLINK-5789 - MoonIOAGSO,Distance STARLINK-5789 - MoonIOAGSO 0001,Distance STARLINK-5789 - MoonLRO,Distance STARLINK-5789 - MarsSat1,Distance STARLINK-5789 - MarsSat2,Distance STARLINK-5789 - MarsSat3,Distance STARLINK-5789 - MarsSat4,Distance STARLINK-5231 - STARLINK-2521,Distance STARLINK-5231 - STARLINK-5387,Distance STARLINK-5231 - STARLINK-5504,Distance STARLINK-5231 - STARLINK-31017,Distance STARLINK-5231 - MoonARTEMIS1,Distance STARLINK-5231 - MoonARTEMIS2,Distance STARLINK-5231 - MoonIOAGEO,Distance STARLINK-5231 - MoonIOAGNO,Distance STARLINK-5231 - MoonIOAGNO 0001,Distance STARLINK-5231 - MoonIOAGSO,Distance STARLINK-5231 - MoonIOAGSO 0001,Distance STARLINK-5231 - MoonLRO,Distance STARLINK-5231 - MarsSat1,Distance STARLINK-5231 - MarsSat2,Distance STARLINK-5231 - MarsSat3,Distance STARLINK-5231 - MarsSat4,Distance STARLINK-2521 - STARLINK-5387,Distance STARLINK-2521 - STARLINK-5504,Distance STARLINK-2521 - STARLINK-31017,Distance STARLINK-2521 - MoonARTEMIS1,Distance STARLINK-2521 - MoonARTEMIS2,Distance STARLINK-2521 - MoonIOAGEO,Distance STARLINK-2521 - MoonIOAGNO,Distance STARLINK-2521 - MoonIOAGNO 0001,Distance STARLINK-2521 - MoonIOAGSO,Distance STARLINK-2521 - MoonIOAGSO 0001,Distance STARLINK-2521 - MoonLRO,Distance STARLINK-2521 - MarsSat1,Distance STARLINK-2521 - MarsSat2,Distance STARLINK-2521 - MarsSat3,Distance STARLINK-2521 - MarsSat4,Distance STARLINK-5387 - STARLINK-5504,Distance STARLINK-5387 - STARLINK-31017,Distance STARLINK-5387 - MoonARTEMIS1,Distance STARLINK-5387 - MoonARTEMIS2,Distance STARLINK-5387 - MoonIOAGEO,Distance STARLINK-5387 - MoonIOAGNO,Distance STARLINK-5387 - MoonIOAGNO 0001,Distance STARLINK-5387 - MoonIOAGSO,Distance STARLINK-5387 - MoonIOAGSO 0001,Distance STARLINK-5387 - MoonLRO,Distance STARLINK-5387 - MarsSat1,Distance STARLINK-5387 - MarsSat2,Distance STARLINK-5387 - MarsSat3,Distance STARLINK-5387 - MarsSat4,Distance STARLINK-5504 - STARLINK-31017,Distance STARLINK-5504 - MoonARTEMIS1,Distance STARLINK-5504 - MoonARTEMIS2,Distance STARLINK-5504 - MoonIOAGEO,Distance STARLINK-5504 - MoonIOAGNO,Distance STARLINK-5504 - MoonIOAGNO 0001,Distance STARLINK-5504 - MoonIOAGSO,Distance STARLINK-5504 - MoonIOAGSO 0001,Distance STARLINK-5504 - MoonLRO,Distance STARLINK-5504 - MarsSat1,Distance STARLINK-5504 - MarsSat2,Distance STARLINK-5504 - MarsSat3,Distance STARLINK-5504 - MarsSat4,Distance STARLINK-31017 - MoonARTEMIS1,Distance STARLINK-31017 - MoonARTEMIS2,Distance STARLINK-31017 - MoonIOAGEO,Distance STARLINK-31017 - MoonIOAGNO,Distance STARLINK-31017 - MoonIOAGNO 0001,Distance STARLINK-31017 - MoonIOAGSO,Distance STARLINK-31017 - MoonIOAGSO 0001,Distance STARLINK-31017 - MoonLRO,Distance STARLINK-31017 - MarsSat1,Distance STARLINK-31017 - MarsSat2,Distance STARLINK-31017 - MarsSat3,Distance STARLINK-31017 - MarsSat4,Distance MoonARTEMIS1 - MoonARTEMIS2,Distance MoonARTEMIS1 - MoonIOAGEO,Distance MoonARTEMIS1 - MoonIOAGNO,Distance MoonARTEMIS1 - MoonIOAGNO 0001,Distance MoonARTEMIS1 - MoonIOAGSO,Distance MoonARTEMIS1 - MoonIOAGSO 0001,Distance MoonARTEMIS1 - MoonLRO,Distance MoonARTEMIS1 - MarsSat1,Distance MoonARTEMIS1 - MarsSat2,Distance MoonARTEMIS1 - MarsSat3,Distance MoonARTEMIS1 - MarsSat4,Distance MoonARTEMIS2 - MoonIOAGEO,Distance MoonARTEMIS2 - MoonIOAGNO,Distance MoonARTEMIS2 - MoonIOAGNO 0001,Distance MoonARTEMIS2 - MoonIOAGSO,Distance MoonARTEMIS2 - MoonIOAGSO 0001,Distance MoonARTEMIS2 - MoonLRO,Distance MoonARTEMIS2 - MarsSat1,Distance MoonARTEMIS2 - MarsSat2,Distance MoonARTEMIS2 - MarsSat3,Distance MoonARTEMIS2 - MarsSat4,Distance MoonIOAGEO - MoonIOAGNO,Distance MoonIOAGEO - MoonIOAGNO 0001,Distance MoonIOAGEO - MoonIOAGSO,Distance MoonIOAGEO - MoonIOAGSO 0001,Distance MoonIOAGEO - MoonLRO,Distance MoonIOAGEO - MarsSat1,Distance MoonIOAGEO - MarsSat2,Distance MoonIOAGEO - MarsSat3,Distance MoonIOAGEO - MarsSat4,Distance MoonIOAGNO - MoonIOAGNO 0001,Distance MoonIOAGNO - MoonIOAGSO,Distance MoonIOAGNO - MoonIOAGSO 0001,Distance MoonIOAGNO - MoonLRO,Distance MoonIOAGNO - MarsSat1,Distance MoonIOAGNO - MarsSat2,Distance MoonIOAGNO - MarsSat3,Distance MoonIOAGNO - MarsSat4,Distance MoonIOAGNO 0001 - MoonIOAGSO,Distance MoonIOAGNO 0001 - MoonIOAGSO 0001,Distance MoonIOAGNO 0001 - MoonLRO,Distance MoonIOAGNO 0001 - MarsSat1,Distance MoonIOAGNO 0001 - MarsSat2,Distance MoonIOAGNO 0001 - MarsSat3,Distance MoonIOAGNO 0001 - MarsSat4,Distance MoonIOAGSO - MoonIOAGSO 0001,Distance MoonIOAGSO - MoonLRO,Distance MoonIOAGSO - MarsSat1,Distance MoonIOAGSO - MarsSat2,Distance MoonIOAGSO - MarsSat3,Distance MoonIOAGSO - MarsSat4,Distance MoonIOAGSO 0001 - MoonLRO,Distance MoonIOAGSO 0001 - MarsSat1,Distance MoonIOAGSO 0001 - MarsSat2,Distance MoonIOAGSO 0001 - MarsSat3,Distance MoonIOAGSO 0001 - MarsSat4,Distance MoonLRO - MarsSat1,Distance MoonLRO - MarsSat2,Distance MoonLRO - MarsSat3,Distance MoonLRO - MarsSat4,Distance MarsSat1 - MarsSat2,Distance MarsSat1 - MarsSat3,Distance MarsSat1 - MarsSat4,Distance MarsSat2 - MarsSat3,Distance MarsSat2 - MarsSat4,Distance MarsSat3 - MarsSat4,
SECONDS,km,km,km,km,km,km,km,km,km,km,km,km,km,km,km,km,km,km,km,km,km,km,km,km,km,km,km,km,km,km,km,km,km,km,km,km,km,km,km,km,km,km,km,km,km,km,km,km,km,km,km,km,km,km,km,km,km,km,km,km,km,km,km,km,km,km,km,km,km,km,km,km,km,km,km,km,km,km,km,km,km,km,km,km,km,km,km,km,km,km,km,km,km,km,km,km,km,km,km,km,km,km,km,km,km,km,km,km,km,km,km,km,km,km,km,km,km,km,km,km,km,km,km,km,km,km,km,km,km,km,km,km,km,km,km,km,km,km,km,km,km,km,km,km,km,km,km,km,km,km,km,km,km,km,km,km,km,km,km,km,km,km,km,km,km,km,km,km,km,km,km,km,km,km,km,km,km,km,km,km,km,km,km,km,km,km,km,km,km,km,km,km,km,km,km,km,km,km,km,km,km,km,km,km,km,km,km,km,km,km,km,km,km,km,km,km,km,km,km,km,km,km,km,km,km,km,km,km,km,km,km,km,km,km,km,km,km,km,km,km,km,km,km,km,km,km,km,km,km,km,km,km,km,km,km,km,km,km,km,km,km,km,km,km,km,km,km,km,km,km,km,km,km,km,km,km,km,km,km,km,km,km,km,km,km,km,km,km,km,km,km,km,km,km,km,km,km,km,km,km,km,km,km,km,km,km,km,km,km,km,km,km,km,km,km,km,km,km,km,km,km,km,km,km,km,km,km,km,km,km,km,km,km,km,km,km,km,km,km,km,km,km,km,km,km,km,km,km,km,km,km,km,km,km,km,km,km,km,km,km,km,km,km,km,km,km,km,km,km,km,km,km,km,km,km,km,km,km,km,km,km,km,km,km,km,km,km,km,km,km,km,km,km,km,km,km,km,km,km,km,km,km,km,km,km,km,km,km,km,km,km,km,km,km,km,km,km,km,km,km,km,km,km,km,km,km,km,km,km,km,km,km,km,km,km,km,km,km,km,km,km,km,km,km,km,km,km,km,km,km,km,km,km,km,km,km,km,km,km,km,km,km,km,km,km,km,km,km,km,km,km,km,km,km,km,km,km,km,km,km,km,km,km,km,km,km,km,km,km,km,km,km,km,km,km,km,km,km,km,km,km,km,km,km,km,km,km,km,km,km,km,km,km,km,km,km,km,km,km,km,km,km,km,km,km,km,km,km,km,km,km,km,km,km,km,km,km,km,km,km,km,km,km,km,km,km,km,km,km,km,km,km,km,km,km,km,km,km,km,km,km,km,km,km,km,km,km,km,km,km,km,km,km,km,km,km,km,km,km,km,km,km,km,km,km,km,km,km,km,km,km,km,km,km,km,km,km,km,km,km,km,km,km,km,km,km,km,km,km,km,km,km,km,km,km,km,km,km,km,km,km,km,km,km,km,km,km,km,km,km,km,km,km,km,km,km,km,km,km,km,km,km,km,km,km,km,km,km,km,km,km,km,km,km,km,km,km,km,km,km,km,km,km,km,km,km,km,km,km,km,km,km,km,km,km,km,km,km,km,km,km,km,km,km,km,km,km,km,km,km,km,km,km,km,km,km,km,km,km,km,km,km,km,km,km,km,km,km,km,km,km,km,km,km,km,km,km,km,km,km,km,km,km,km,km,km,km,km,km,km,km,km,km,km,km,km,km,km,km,km,km,km,km,km,km,km,km,km,km,km,km,km,km,km,km,km,km,km,km,km,km,km,km,km,km,km,km,km,km,km,km,km,km,km,km,km,km,km,km,km,km,km,km,km,km,km,km,km,km,km,km,km,km,km,km,km,km,km,km,km,km,km,km,km,km,km,km,km,km,km,km,km,km,km,km,km,km,km,km,km,km,km,km,km,km,km,km,km,km,km,km,km,km,km,km,km,km,km,km,km,km,km,km,km,km,km,km,km,km,km,km,km,km,km,km,km,km,km,km,km,km,km,km,km,km,km,km,km,km,km,km,km,km,km,km,km,km,km,km,km,km,km,km,km,km,km,km,km,km,km,km,km,km,km,km,km,km,km,km,km,km,km,km,km,km,km,km,km,km,km,km,km,km,km,km,km,km,km,km,km,km,km,km,km,km,km,km,km,km,km,km,km,km,km,km,km,km,km,km,km,km,km,km,km,km,km,km,km,km,km,km,km,km,km,km,km,km,km,km,km,km,km,km,km,km,km,km,km,km,km,km,km,km,km,km,km,km,km,km,km,km,km,km,km,km,km,km,km,km,km,km,km,km,km,km,km,km,km,km,km,km,km,km,km,km,km,km,km,km,km,km,km,km,km,km,km,km,km,km,km,km,km,km,km,km,km,km,km,km,km,km,km,km,km,km,km,km,km,km,km,km,km,km,km,km,km,km,km,km,km,km,km,km,km,km,km,km,km,km,km,km,km,km,km,km,km,km,km,km,km,km,km,km,km,km,km,km,km,km,km,km,km,km,km,km,km,km,km,km,km,km,km,km,km,km,km,km,km,km,km,km,km,km,km,km,km,km,km,km,km,km,km,km,km,km,km,km,km,km,km,km,km,km,km,km,km,km,km,km,km,km,km,km,km,km,km,km,km,km,km,km,km,km,km,km,km,km,km,km,km,km,km,km,km,km,km,km,km,km,km,km,km,km,km,km,km,km,km,km,km,km,km,km,km,km,km,km,km,km,km,km,km,km,km,km,km,km,km,km,km,km,km,km,km,km,km,km,km,km,km,km,km,km,km,km,km,km,km,km,km,km,km,km,km,km,km,km,km,km,km,km,km,km,km,km,km,km,km,km,km,km,km,km,km,km,km,km,km,km,km,km,km,km,km,km,km,km,km,km,km,km,km,km,km,km,km,km,km,km,km,km,km,km,km,km,km,km,km,km,km,km,km,km,km,km,km,km,km,km,km,km,km,km,km,km,km,km,km,km,km,km,km,km,km,km,km,km,km,km,km,km,km,km,km,km,km,km,km,km,km,km,km,km,km,km,km,km,km,km,km,km,km,km,km,km,km,km,km,km,km,km,km,km,km,km,km,km,km,km,km,km,km,km,km,km,km,km,km,km,km,km,km,km,km,km,km,km,km,km,km,km,km,km,km,km,km,km,km,km,km,km,km,km,km,km,km,km,km,km,km,km,km,km,km,km,km,km,km,km,km,km,km,km,km,km,km,km,km,km,km,km,km,km,km,km,km,km,km,km,km,km,km,km,km,km,km,km,km,km,km,km,km,km,km,km,km,km,km,km,km,km,km,km,km,km,km,km,km,km,km,km,km,km,km,km,km,km,km,km,km,km,km,km,km,km,km,km,km,km,km,km,km,km,km,km,km,km,km,km,km,km,km,km,km,km,km,km,km,km,km,km,km,km,km,km,km,km,km,km,km,km,km,km,km,km,km,km,km,km,km,km,km,km,km,km,km,km,km,km,km,km,km,km,km,km,km,km,km,km,km,km,km,km,km,km,km,km,km,km,km,km,km,km,km,km,km,km,km,km,km,km,km,km,km,km,km,km,km,km,km,km,km,km,km,km,km,km,km,km,km,km,km,km,km,km,km,km,km,km,km,km,km,km,km,km,km,km,km,km,km,km,km,km,km,km,km,km,km,km,km,km,km,km,km,km,km,km,km,km,km,km,km,km,km,km,km,km,km,km,km,km,km,km,km,km,km,km,km,km,km,km,km,km,km,km,km,km,km,km,km,km,km,km,km,km,km,km,km,km,km,km,km,km,km,km,km,km,km,km,km,km,km,km,km,km,km,km,km,km,km,km,km,km,km,km,km,km,km,km,km,km,km,km,km,km,km,km,km,km,km,km,km,km,km,km,km,km,km,km,km,km,km,km,km,km,km,km,km,km,km,km,km,km,km,km,km,km,km,km,km,km,km,km,km,km,km,km,km,km,km,km,km,km,km,km,km,km,km,km,km,km,km,km,km,km,km,km,km,km,km,km,km,km,km,km,km,km,km,km,km,km,km,km,km,km,km,km,km,km,km,km,km,km,km,km,km,km,km,km,km,km,km,km,km,km,km,km,km,km,km,km,km,km,km,km,km,km,km,km,km,km,km,km,km,km,km,km,km,km,km,km,km,km,km,km,km,km,km,km,km,km,km,km,km,km,km,km,km,km,km,km,km,km,km,km,km,km,km,km,km,km,km,km,km,km,km,km,km,km,km,km,km,km,km,km,km,km,km,km,km,km,km,km,km,km,km,km,km,km,km,km,km,km,km,km,km,km,km,km,km,km,km,km,km,km,km,km,km,km,km,km,km,km,km,km,km,km,km,km,km,km,
0.000,4733.9844,6508.9266,0.0000,8353.4704,13080.7387,13183.4139,13450.9348,13104.9040,6989.8950,11325.6882,10594.9870,5130.5523,4541.1829,11682.5044,13173.9271,7576.6503,7205.5669,12955.7284,12407.7596,7806.9312,12572.8410,4494.2593,8409.9838,3421.4575,0.0000,6695.6386,11550.2976,8493.9289,10357.0563,8215.3776,4377.8379,12447.6940,5093.8650,9692.5493,6244.4339,8682.0933,12415.8339,2928.0482,5471.4788,5491.6249,7921.9517,6061.0472,12743.0156,13529.1149,12410.8344,12611.7826,8158.0741,13167.5068,11840.4476,393343.6349,401294.4560,385717.4642,385667.8781,389074.8079,389284.1339,396465.5867,391656.8873,173126614.1262,173136584.8960,173119405.8970,173114668.3611,9882.5569,0.0000,7951.5255,13093.5841,12905.7332,12270.3120,13005.4035,2916.3567,7957.1740,7643.4264,8869.0150,8174.8143,11526.0021,11663.7572,8302.5938,9934.8503,10552.6663,10735.0415,7933.0738,11672.7839,7318.2605,11519.8458,7454.4749,0.0000,8718.4464,9457.5283,7767.8626,12416.4933,7096.8089,8545.7321,13378.6785,9096.2657,5852.6612,9248.7972,11254.5825,12477.4217,7361.8361,2049.1613,7664.0999,11088.9049,3620.6513,13200.2963,13373.3840,10839.6679,12937.0407,10724.9394,12542.3947,11783.9312,395673.4390,403439.7369,387988.0289,387950.3116,391272.4428,391536.9072,398768.9123,393943.7160,173130064.8381,173140034.8865,173122856.4084,173118118.6993,0.0000,11527.9024,11503.5001,11965.2138,12432.6961,11699.0493,11755.1574,12917.1329,11617.6967,1547.4687,2285.2578,8541.7302,11708.0542,10385.4399,1804.3593,13624.6230,13407.0883,6690.8337,10249.7065,7583.9037,4543.9784,5794.7663,0.0000,8795.9076,13551.1313,11786.4064,4844.5141,11910.4731,3086.0831,9881.2018,2331.4045,13149.1049,7059.0457,7310.6050,8963.0360,4531.5940,10833.6560,8517.4892,1958.9902,11181.5012,10831.1299,10741.1775,11040.9200,11069.5823,2322.8510,12464.8012,8527.7693,386947.8867,394945.5698,379341.6410,379274.8702,382696.4252,382927.4262,390103.3460,385280.3728,173120685.8474,173130655.6527,173113476.9742,173108739.7866,0.0000,0.0000,0.0000,0.0000,0.0000,0.0000,0.0000,0.0000,0.0000,0.0000,0.0000,0.0000,0.0000,0.0000,0.0000,0.0000,0.0000,0.0000,0.0000,0.0000,0.0000,0.0000,0.0000,0.0000,0.0000,0.0000,0.0000,0.0000,0.0000,0.0000,0.0000,0.0000,0.0000,0.0000,0.0000,0.0000,0.0000,0.0000,0.0000,0.0000,0.0000,0.0000,0.0000,0.0000,0.0000,0.0000,0.0000,0.0000,0.0000,0.0000,0.0000,0.0000,0.0000,0.0000,0.0000,0.0000,0.0000,0.0000,8966.1263,8730.6869,10041.5732,8808.4674,6606.8481,10292.2794,11835.1611,10969.1253,10963.8741,13681.3734,12521.0714,1931.5162,12389.0294,9213.1719,6608.6295,13040.0855,13409.0460,5449.2644,9791.6623,7484.8690,0.0000,4155.9689,5424.6859,561.8533,12685.0182,1357.5268,9582.6292,9508.4044,10079.4703,7213.2995,6149.1920,7260.8113,13014.2568,8776.7477,6361.6913,4408.8307,11548.5225,4826.3527,8946.9210,11849.1055,13040.3732,8400.3030,12626.6656,8269.4014,13615.9540,393494.0114,401149.0090,385734.4214,385796.5869,389109.7154,389183.7185,396402.9079,391678.1838,173131121.4547,173141090.2673,173123911.5740,173119175.2772,843.8993,3901.2827,362.4095,12209.2619,10250.2463,11573.3463,12135.5745,12508.8763,9619.5572,7846.2175,9121.9918,11729.0653,6781.1380,5270.1317,12954.3516,8939.1178,10972.7379,8696.2385,11767.2092,0.0000,9533.1337,7010.1421,9026.5113,8903.3649,9574.4395,11772.6122,2601.7987,11585.1744,10783.8778,9786.0583,7628.6753,7459.9884,12252.5480,12610.1333,10483.1078,10328.7049,11840.7190,1234.6203,4434.6450,9450.5676,1135.0868,11104.1570,1920.8102,9238.8307,385388.4676,392883.0311,377576.4681,377647.5178,380885.3552,381013.2956,388278.2377,383534.8610,173125633.3890,173135599.6248,173118421.9667,173113686.3245,3416.3067,497.2271,11855.0803,9762.0668,11273.3640,12530.0339,12851.0533,9804.2284,7653.6266,9063.6122,12156.2081,6097.6775,4521.4097,13078.8854,8958.6151,11122.7222,9304.0187,12014.5133,0.0000,9670.1794,6340.6789,8743.7542,9497.2966,9259.9149,12147.3515,3423.1793,12002.7333,10254.1704,10085.2743,8111.1256,7729.9185,12531.9480,12356.8229,10585.5122,10886.7400,11563.5666,2027.0843,4671.7256,9316.9844,1719.1018,11580.5766,1092.6757,9450.5794,385970.7910,393434.7746,378148.4704,378223.4960,381448.2275,381580.2823,388852.3647,384108.8905,173126399.3239,173136365.4769,173119187.8764,173114452.2177,3745.1655,11169.1241,7251.7909,8770.3801,12995.0256,13120.1179,7998.1791,4656.5743,10724.8943,12152.1720,3680.2572,4569.6188,11745.1442,6538.6122,12460.0758,10935.4536,13119.5375,0.0000,11496.6853,6298.9193,9896.8876,9781.0914,10133.4802,13018.6445,5940.7807,12859.4295,8983.2196,11902.4580,10421.1241,6272.0039,13330.9776,12025.4102,12085.9152,11659.0339,11578.2513,4977.0749,3667.6856,6544.4069,4907.1903,11624.7460,3174.0565,7729.6228,386571.0386,393966.5946,378739.0538,378789.8842,381970.0769,382191.6679,389495.3638,384711.7892,173126847.7823,173136813.6485,173119636.4737,173114900.4087,12046.6228,10074.3196,11483.4996,12296.8668,12649.7915,9749.9144,7824.3727,9035.0055,11921.7174,6521.9398,4937.6348,13035.3068,9005.7309,10990.8082,8932.2253,11837.9308,0.0000,9532.1370,6703.1317,8851.8126,9177.8871,9392.2781,11912.2278,2936.8819,11746.5699,10558.5197,9862.4443,7780.8787,7629.1672,12347.2815,12484.0743,10474.4440,10565.0168,11695.3760,1536.0520,4592.5222,9449.9518,1291.8886,11321.2185,1564.0652,9381.2207,385663.9257,393146.6782,377847.6371,377921.0046,381154.1430,381281.7616,388549.0789,383806.6220,173125987.0936,173135953.3063,173118775.6615,173114040.0189,6767.7706,7598.6633,10919.9800,10373.5515,12263.5242,11269.3797,7605.5549,11863.5043,8868.4258,8844.6137,9871.3739,11902.0903,8070.9320,12493.4786,8915.1577,0.0000,8756.3507,7261.7825,6248.7394,13534.5986,5442.3684,10372.9711,13008.3832,10906.2704,3396.0621,9860.1484,11565.4056,12819.8732,9247.5375,1785.0891,7968.7028,12613.1784,2382.9204,12518.5299,13028.9099,10859.3106,12132.9198,12455.9035,11276.8249,12464.9286,396300.8321,403945.3911,388565.3927,388561.9765,391840.2180,392077.1523,399330.1199,394525.5969,173132154.0393,173142123.3998,173124945.1092,173120207.7120,3087.4634,12836.7400,12426.0431,8579.4456,5818.3586,11435.1381,12271.1685,4534.9571,7321.5173,9080.5670,7180.6847,12392.8264,13595.9487,12847.4891,0.0000,12509.3420,6973.7523,9911.1363,12371.0604,9493.3977,13089.7231,11704.7768,13206.2281,4325.2497,13180.4700,13396.8326,9099.3821,12743.6978,8189.6044,12288.3983,13252.3655,8562.4072,11022.7823,9326.5095,5589.3958,10806.0224,12372.7919,9167.6373,8788.3583,392330.8674,399765.0880,384535.0528,384530.0041,387704.1368,388041.5551,395358.1593,390516.1515,173130205.2529,173140172.5136,173122995.3064,173118258.0726,11568.6161,11050.0288,6970.9740,5810.8090,12606.3413,10643.7384,7045.4855,9737.7225,6575.7602,6068.3851,12618.4171,13257.6342,12534.1109,0.0000,13211.0499,9506.8527,11539.9463,11325.0857,11110.3037,12246.1204,12489.1356,12279.2582,6392.9753,13444.1750,13793.0939,8335.6209,12029.0312,8618.9091,12811.5761,12209.1274,9452.2300,12143.5862,9727.6984,4484.9375,12073.2781,10834.8326,10928.7931,7337.9470,391632.6132,399163.3062,383882.3063,383836.0611,387038.5485,387431.7067,394738.1424,389863.0011,173128096.1116,173138063.8880,173120886.6539,173116149.0107,963.2427,9423.2303,12331.6689,9804.4178,2780.6329,13816.7429,13499.5156,6693.4063,11009.1730,6657.5152,5221.6850,4683.5867,0.0000,8203.0368,13410.3665,11224.7520,6279.5751,11277.2476,2017.5859,10676.1000,1570.2346,12661.6921,6545.7244,7462.7393,9997.2166,3212.3325,9836.4501,7704.7512,3321.3664,10247.3861,11506.3840,11680.4338,11584.5961,11660.1571,3664.0254,12924.7980,9466.9015,388424.2000,396441.3135,380824.7662,380756.4925,384187.0012,384412.3244,391582.6655,386761.6781,173121725.2380,173131695.4609,173114516.6298,173109779.3128,9377.5924,12248.3579,9904.3893,2986.2594,13705.8027,13538.2495,6083.8375,10926.9578,6725.0829,6056.3826,4751.7831,0.0000,8433.4122,13343.5189,11183.3880,6835.3152,11158.9101,2439.4484,11209.0164,2287.9495,12229.4813,6940.6446,8094.8906,10162.5526,3155.8918,9275.9230,7801.2306,4147.3845,9819.4344,11956.5134,11963.1880,11376.4318,12080.8584,4043.8652,13180.3390,9475.1089,389163.4771,397174.6935,381565.0199,381490.6938,384915.6033,385158.0546,392332.8393,387503.8576,173122241.5590,173132211.8988,173115033.0952,173110295.6335,4630.9871,13660.4163,7200.6757,9345.9505,11262.3106,5866.6986,2231.8924,12981.6545,9935.2007,12266.1084,0.0000,13355.7712,12073.5631,13642.0884,5873.8884,13640.6818,10680.9257,9376.3522,10227.0308,11547.4656,12654.3788,11773.2548,2620.0602,11436.7439,12579.3561,13370.3625,8322.1669,13075.8758,9745.8458,5992.7283,3641.3113,10089.9538,6644.8721,10160.5253,549.6501,385054.6513,392703.1263,377341.9850,377283.3942,380537.3511,380908.5897,388186.7910,383314.3972,173121637.1223,173131604.3769,173114427.1296,173109689.9629,13096.3721,10782.6589,5442.3991,8190.3959,8874.4775,2508.6040,13723.4599,11903.1433,13750.9690,0.0000,13540.2417,9213.7226,12338.8832,9070.2873,12315.5807,13018.4368,8888.4390,12765.5624,9336.0243,13539.8040,12540.8874,4221.5372,13408.2244,12162.2987,13727.3435,11352.6050,12353.0571,8543.2202,4693.7197,2119.4271,8685.4511,10324.6291,7624.2879,4575.7294,386519.6346,393961.7785,378726.5490,378717.5017,381893.1305,382238.2097,389555.2474,384708.1082,173125238.1359,173135204.3413,173118027.4484,173113290.6519,11463.2526,10433.4716,7854.2572,12833.6850,13682.9989,3916.1035,8409.5760,6039.6873,0.0000,2270.9303,7000.5589,2473.5524,11869.0430,3066.6959,8226.8986,9125.7561,8735.7505,8668.9183,4358.7086,5759.7320,12969.0403,7484.5677,6960.8393,2759.9717,10359.6766,5597.0558,8840.9088,11978.9464,13534.0154,8378.3141,11710.5139,8824.4659,13570.9940,392644.4724,400381.2877,384912.2976,384966.1456,388315.4752,388372.4473,395570.7608,390849.6489,173129679.1789,173139648.3515,173122469.4423,173117733.1639,13305.5264,13574.5460,5281.3135,9070.1611,8891.1857,5847.2860,7186.0614,0.0000,10103.2236,13787.7214,12581.3697,4421.9224,12635.7668,4629.8642,10278.6791,3992.2092,13038.5776,8545.2283,8649.7771,8012.5066,5828.0015,11120.9496,9790.9934,2917.2264,11650.2182,11183.3262,10296.5361,9894.3235,11462.2329,1210.4490,12641.8977,7248.3250,386610.6264,394577.8934,379001.2543,378920.4599,382320.6720,382599.5475,389791.1899,384946.2829,173120320.6447,173130290.2073,173113111.7784,173108374.4178,3670.6865,11712.9494,7659.2034,12450.8523,12792.6222,13341.4288,0.0000,11720.3687,4432.2652,8880.4282,12041.1028,8825.2167,13734.0417,8893.9358,13772.1142,6015.4685,12578.7434,11948.2774,8534.1818,13620.8750,10133.1412,12015.2730,13334.6245,9760.1570,7826.8255,6999.4295,6751.3479,7516.3503,13085.2517,5301.8647,9283.9553,390040.9347,397389.1609,382197.3348,382245.6682,385401.8834,385649.9762,392968.0960,388174.9049,173129994.8966,173139961.1266,173122783.9701,173118047.5589,13194.5194,10040.7280,10677.5542,11559.6726,12023.5270,0.0000,9378.4071,2043.1496,6343.4324,12205.1390,6571.3332,12913.3508,7442.3063,13040.1927,6650.6496,10567.5224,9832.3182,10001.7202,12721.6554,9767.2262,9958.6727,12925.7749,8838.8037,6165.9299,7766.0890,9552.7931,5598.0759,13363.1117,3487.8869,11104.7208,390296.2379,397694.1971,382453.7702,382533.9745,385729.1617,385877.4495,393165.9322,388419.1255,173130550.2283,173140516.7868,173123339.1676,173118603.1834,7199.2225,10926.2826,10168.2308,9692.1063,0.0000,12285.4592,13112.4207,13007.2562,7857.7967,12742.5151,8179.7375,12502.0636,7995.7166,10698.9806,11496.9131,12077.3236,7974.4461,8426.2397,9652.0149,11687.7432,7860.0796,10723.5398,12906.2244,10772.9533,7190.3744,13059.5913,5822.2109,13223.1915,6284.1806,389356.2428,397187.9068,381716.3048,381615.9788,384941.0270,385328.1624,392568.9559,387679.0502,173123051.7903,173133021.0687,173115843.1760,173111105.2363,13605.6636,11111.6634,13226.7018,0.0000,13737.4907,10951.5579,13295.8423,7518.8883,13271.0041,12026.4549,9295.2959,11665.8097,10592.0676,13363.2024,12415.3671,2849.7029,12604.7668,12519.5023,13822.1817,9973.3312,12916.5580,9341.4529,5218.2482,1819.9266,9610.8988,8564.5068,9155.5863,2262.2676,385611.3200,393153.2395,377859.5523,377820.6560,381031.4436,381403.4762,388704.4739,383838.0380,173123206.1418,173133172.8230,173115995.8149,173111258.7802,6747.8324,2234.1302,0.0000,2372.9818,9952.1434,5839.8694,10463.8972,5992.8860,4848.9927,10225.7455,5537.0247,10137.7954,2402.6677,5375.3930,12792.0959,3836.7430,6758.9968,1220.9602,8033.2040,6140.6054,10452.9950,12791.2194,13646.7603,10214.3823,9403.5741,11142.8094,12957.7984,392260.2482,400163.2391,384596.6643,384602.7832,388011.6628,388108.3454,395278.5509,390528.1556,173127224.3201,173137194.5152,173120015.3338,173115278.5817,5989.3388,0.0000,6700.1625,12030.5857,10171.2041,5025.1390,10624.7937,4683.6720,6603.9489,4204.6678,13368.0716,4910.5892,3413.8615,9091.8213,5955.6871,11708.5907,7174.0447,3147.1344,11398.4242,7714.5623,9349.2492,12046.4953,7955.4211,5474.6409,9967.4525,9695.6551,385595.5775,393514.9642,377941.0005,377933.2285,381343.2498,381467.8577,388640.8168,383874.5240,173121343.4178,173131312.4088,173114133.6640,173109397.2905,0.0000,4312.1788,11456.1912,7831.1119,9416.5136,7913.6187,2820.6655,10695.9778,3609.8260,11139.6878,3155.8873,5820.7006,12350.8709,1688.4320,7501.9399,3433.3109,6567.7425,7349.2617,11166.6601,12911.5516,13414.0960,11057.2589,7837.9294,12168.0241,12273.1636,391428.1242,399403.9640,383797.6611,383775.7112,387207.3905,387338.8485,394499.9546,389728.1179,173125445.8761,173135416.3934,173118237.1882,173113500.1912,0.0000,0.0000,0.0000,0.0000,0.0000,0.0000,0.0000,0.0000,0.0000,0.0000,0.0000,0.0000,0.0000,0.0000,0.0000,0.0000,0.0000,0.0000,0.0000,0.0000,0.0000,0.0000,0.0000,0.0000,0.0000,0.0000,0.0000,0.0000,0.0000,0.0000,0.0000,0.0000,0.0000,0.0000,0.0000,0.0000,8814.9687,4669.2886,10713.4386,5154.3408,6446.8839,8903.9158,6948.1064,10183.9347,2159.2153,4215.9301,12713.7185,5856.5691,7790.4456,1416.0501,8745.9307,6752.7662,8988.9284,12065.9416,13830.4623,8670.1167,10367.8902,9677.6186,13250.6103,391496.1251,399328.5199,383799.0300,383835.8060,387224.0572,387278.9553,394456.3006,389730.5777,173127713.7562,173137683.3235,173120504.2306,173115767.8908,5033.5472,13056.3409,5064.4048,12691.4629,8891.7824,12945.1546,5167.1598,10269.3002,10142.6807,11172.8966,12240.6785,8254.0989,9190.6855,13331.9544,7230.7521,7741.5611,9383.2136,10243.5747,7150.2256,13754.5379,5380.0144,11993.0834,392257.3186,399680.8257,384424.5258,384500.0121,387705.7420,387853.3112,395136.1011,390388.3981,173131925.8666,173141892.9642,173124715.1704,173119978.9845,12889.7447,899.2322,9898.4140,9703.1081,10394.7138,6734.2372,6627.6975,7717.8617,13012.0621,9069.5119,6126.9468,4845.9550,11839.9672,4571.6098,9081.9469,11844.1134,12856.7235,8523.2355,12825.9609,8222.9041,13588.9789,393767.7673,401402.8657,386002.2902,386064.5917,389368.0586,389450.7577,396675.9071,391948.0552,173131489.3327,173141458.0724,173124279.4428,173119543.1114,13170.1067,7292.3060,7135.8977,6564.2421,13741.0646,9283.4922,7837.9855,5269.7910,8667.0721,13177.3743,10975.1616,3485.3027,13306.7192,8267.0940,7024.6493,8916.9337,8750.0756,3268.1108,10252.9329,5578.7658,383335.6675,391180.0273,375673.0840,375629.3538,378985.9656,379232.5633,386445.7029,381622.9156,173119257.7105,173129225.8273,173112047.7888,173107311.0894,10009.2300,10313.2593,10537.6716,6085.0164,7059.6154,8351.7473,13166.6585,9080.6297,5368.0049,5098.1910,12096.2625,3780.4819,9687.0119,12158.5594,12727.1174,9139.3896,12943.3983,8696.3906,13622.9798,394431.3740,402064.4094,386667.9900,386723.7661,390023.2928,390122.5996,397351.4395,392615.5337,173131922.7851,173141891.6475,173124713.0398,173119976.5673,10334.4936,853.7151,12292.8554,4724.1796,6159.1555,10931.8156,1660.8471,9139.0229,5927.2925,4125.1456,9294.0034,11088.0875,12067.5253,12500.4113,11153.1231,5304.0279,12490.6311,10682.2770,389283.8053,397297.5646,381674.6159,381627.6165,385066.2669,385241.4881,392402.9310,387606.9963,173122899.5813,173132869.9338,173115690.8995,173110953.7828,10030.2160,12180.7746,8622.9323,5992.8211,7187.7568,11085.7394,13078.3211,9907.5133,8439.0624,12387.0568,1468.0424,4859.4435,10170.6750,2064.3921,9547.2195,4431.5817,8950.1478,384157.0824,391765.7705,376384.4484,376439.6560,379726.0514,379840.7129,387079.0941,382335.2976,173123537.0850,173133503.8073,173116325.8902,173111590.2224,12665.8682,5134.9347,6139.5657,10445.7939,2501.0033,9753.2012,6556.0616,3311.4079,9921.4342,10868.1301,11679.6090,12251.3275,10985.8021,4582.3945,12409.7577,10208.4130,388468.7943,396483.5813,380860.9754,380810.9869,384248.7126,384430.9037,391593.5564,386793.9863,173122163.0006,173132133.1996,173114954.2326,173110217.1461,11399.6432,12322.0923,11797.8909,11488.2229,5083.3924,9813.4369,13642.2461,5018.1194,11400.4464,11495.9025,9324.3249,10980.1311,13366.1652,9492.2711,11705.2279,395178.1429,402670.4024,387388.9609,387408.1238,390622.0138,390873.9157,398162.1274,393359.0739,173132724.4287,173142692.5789,173125514.7905,173120777.6762,3126.2086,12075.1654,4518.8989,8769.0327,2529.8762,6941.7082,8060.1145,9054.4064,11809.6940,13689.7702,8895.3683,8789.1727,10304.4972,12534.3909,390069.2276,397973.9517,382401.3249,382418.5071,385833.1223,385902.7408,393067.4240,388330.0586,173125630.9587,173135600.7187,173118421.5731,173113685.1461,10620.7338,6680.4517,10835.4175,5228.5908,6356.2530,10065.6408,6664.9331,9854.7800,13044.5799,6635.4333,8454.6231,8591.2294,11525.9353,387284.9656,395129.4894,379591.7904,379625.4554,383017.8728,383075.8959,390251.7666,385523.0976,173124088.0267,173134056.8436,173116877.9752,173112141.9447,11796.6015,13170.2560,13003.8779,8203.9993,13344.4222,7569.1992,3541.0931,4513.3556,7994.5122,7210.7054,8244.6684,2103.2761,383832.2787,391434.7955,376091.9708,376065.2961,379311.1938,379626.7802,386904.8848,382062.1910,173121614.4798,173131581.1828,173114403.9391,173109667.2489,7861.9024,5020.0321,5695.9811,8040.1799,11663.3211,12812.9335,12852.1252,11633.2640,6628.8687,12740.5254,11484.3257,390927.2116,398931.0642,383313.9649,383270.4061,386705.8984,386876.9229,394039.5629,389246.5095,173124386.9630,173134357.5785,173117178.4599,173112441.2435,6801.2473,11821.4688,1660.9635,12749.2039,13536.2610,11667.7169,12390.7418,11818.2222,11890.7000,12773.4446,396281.2951,404008.1442,388573.2693,388561.8412,391876.7202,392095.5120,399327.3616,394527.0238,173131404.9336,173141374.8232,173124196.2623,173119458.8198,8784.2343,5902.9809,10003.0854,12678.0639,13815.6022,9697.5970,10214.4237,10542.7394,13321.5258,392443.7697,400304.3651,384761.0025,384783.3894,388178.9518,388255.5871,395431.0481,390693.0418,173128007.0663,173137977.0134,173120797.8642,173116061.2793,11952.6525,9541.3876,9648.0847,10990.3965,9857.8051,2493.5240,11518.2401,8182.8566,385423.5060,393388.8410,377799.9930,377750.2544,381163.6091,381368.7181,388547.1153,383738.4162,173120020.5791,173129989.8630,173112811.2706,173108074.4059,11970.4467,13291.7656,12136.9891,11549.4975,12249.7773,11055.0348,13206.7814,396077.7388,403780.2546,388353.5875,388363.6453,391676.4179,391854.3854,399083.6537,394304.8756,173131861.2638,173141830.9364,173124652.3153,173119915.1554,4808.0624,10003.1164,703.8503,10527.9751,3024.9908,9345.8157,384953.0244,392500.7796,377157.8243,377225.3621,380487.6150,380599.9499,387850.6625,383111.7800,173124849.7317,173134816.2174,173117638.4006,173112902.7849,6240.3685,5228.7224,9489.3977,5284.8164,5542.1306,383688.4757,391189.0473,375897.4903,375920.5528,379139.2107,379381.1019,386667.0803,381866.6429,173123198.3149,173133164.3111,173115987.0947,173111250.9802,10155.4258,9576.4657,9300.9367,3839.4950,387218.7361,394720.7242,379455.1017,379418.2696,382610.5879,382995.2941,390306.8098,385436.8204,173124833.6700,173134800.4090,173117623.4558,173112886.2859,10866.3919,2576.2349,9713.3477,385560.5597,393097.0309,377760.2136,377832.7840,381091.8700,381196.9654,388448.5334,383714.0323,173125530.9054,173135497.4326,173118319.5870,173113583.9795,12144.3956,6616.3861,385537.3247,393480.5910,377917.7719,377843.4042,381234.6986,381509.3552,388705.6713,383863.9721,173119744.6911,173129713.8849,173112535.5639,173107798.3591,9849.2255,386897.9081,394332.2865,379065.4496,379144.9584,382357.3301,382491.7159,389770.3156,385027.6378,173127457.1823,173137423.3231,173120245.7533,173115510.0578,384676.7121,392320.9940,376960.4241,376907.0280,380161.2675,380522.0129,387799.2787,382932.1898,173121466.0948,173131433.2451,173114255.9953,173109518.9235,20623.0859,10430.3113,8947.2426,13207.4621,12737.7624,10682.1310,6542.1126,172800434.8715,172810330.1147,172793172.6417,172788467.9120,19693.6010,21794.0987,14902.7285,15895.8528,16101.1242,16676.3988,172803928.2079,172813816.0424,172796661.5297,172791958.7104,5288.0095,8585.8523,6516.4163,12466.3397,6155.8754,172810685.7460,172820580.3349,172803423.1795,172798718.5320,8662.1335,11346.4708,15334.2756,8235.7300,172808128.4524,172818024.0280,172800866.8599,172796161.3688,10672.4904,15756.4444,9880.2957,172808884.4603,172818777.0217,172801621.2432,172796916.2433,8662.1335,6249.9994,172810648.3594,172820541.1302,172803384.2599,172798680.7625,7168.4730,172803031.4365,172812924.1088,172795766.8794,172791064.0225,172805402.2992,172815296.0983,172798139.0209,172793434.9436,63934.3086,43174.4471,25778.3668,33868.1569,48381.2271,31842.4382,
300.000,6162.7425,7454.5381,0.0000,6392.6509,13014.8750,12582.3389,12764.1571,13013.2172,7507.0788,11293.6873,10838.7481,4622.9139,4717.9528,12407.8766,13746.7714,5344.0359,8646.9460,12859.4500,11730.3522,10055.7197,13517.2642,1644.4393,8410.0549,3381.7859,0.0000,3116.0515,11047.5806,6305.2737,9202.9489,6183.5214,4738.1798,12429.8464,5644.2491,9499.1136,4800.4170,8588.9743,12870.9295,3044.3830,5217.6695,4401.3483,8387.8390,5788.1894,12682.7693,13262.8503,12639.1753,12391.0814,9370.1274,12374.8013,12957.9338,391888.2923,399900.6963,384354.2515,384474.4375,387657.6242,387869.0880,395079.3756,389990.5923,173121508.1230,173131053.1266,173113985.8522,173109265.0709,8649.4427,0.0000,9550.6900,13277.9755,12938.5520,12561.6769,13189.0814,2968.6941,6704.0300,5775.3951,8938.3567,8419.9237,9816.6821,11851.6261,9635.9554,8651.9210,10076.1204,10713.8884,7959.0344,11283.4285,7555.3228,12114.4231,8936.3701,0.0000,8437.3989,9521.4067,7973.8679,11932.0961,7565.9599,7603.1795,13631.0104,8395.8229,7332.8964,10013.4113,12403.0914,12546.7403,8454.9160,5096.5151,9508.0914,10190.8889,6782.1263,13487.4859,13383.4778,8969.6531,13208.8488,9658.8100,12559.8048,11468.0011,394362.3476,402228.8405,386798.2685,386889.2708,389983.8064,390334.3637,397605.6071,392452.1692,173123880.9228,173133425.5459,173116358.9615,173111637.4518,0.0000,11577.0335,12200.3660,12923.2672,12701.1667,12411.9339,10885.1820,11628.1360,10798.7042,4400.0417,3575.2200,8146.5799,11713.2221,10446.4242,1788.0396,13082.7456,13753.8391,4797.8178,10276.9387,7502.7744,7268.6842,8338.8694,0.0000,8985.3832,13740.4789,11969.4695,5353.0429,11926.9547,3033.8950,10599.8882,2308.6711,13134.9661,7357.0564,8962.4228,9165.7113,6206.5885,11016.6438,9207.1197,2148.2607,11636.0462,11764.0207,11287.7062,10056.7867,12266.8581,2413.6260,13278.3633,8615.3778,386014.7716,394001.6876,378491.1578,378566.7388,381712.2845,382049.4175,389293.8143,384140.5111,173115881.3148,173125425.0419,173108358.5893,173103637.6559,0.0000,0.0000,0.0000,0.0000,0.0000,0.0000,0.0000,0.0000,0.0000,0.0000,0.0000,0.0000,0.0000,0.0000,0.0000,0.0000,0.0000,0.0000,0.0000,0.0000,0.0000,0.0000,0.0000,0.0000,0.0000,0.0000,0.0000,0.0000,0.0000,0.0000,0.0000,0.0000,0.0000,0.0000,0.0000,0.0000,0.0000,0.0000,0.0000,0.0000,0.0000,0.0000,0.0000,0.0000,0.0000,0.0000,0.0000,0.0000,0.0000,0.0000,0.0000,0.0000,0.0000,0.0000,0.0000,0.0000,0.0000,0.0000,9923.7574,8695.8064,9334.5158,9781.1888,8776.0249,11380.4613,11824.1242,8624.3714,9201.4261,13735.5083,12323.1143,1934.6219,12448.9199,10823.6040,7779.8896,13354.0941,13310.7849,5711.9638,8321.6161,4713.2469,0.0000,3977.9912,7489.5007,2556.5311,10479.3314,3048.1733,9739.2495,10214.4900,10141.6805,7124.8542,6057.9692,6930.8527,12326.3349,6952.5202,5455.5972,3671.2715,11524.0063,3780.4814,9655.9347,11065.0849,13341.7039,8800.7386,12610.0155,8200.7085,13404.8145,392334.6941,400117.5684,384698.6530,384900.3973,388013.9316,388122.4101,395355.9836,390330.8671,173125223.5586,173134767.1328,173117700.0751,173112980.2035,1982.4324,1791.0801,453.4396,12549.2704,10258.3750,11169.2341,12211.0267,12458.7099,9201.3757,4932.1869,10401.8863,11948.4699,6829.9081,6085.0442,11777.5451,6805.5543,12416.5878,8635.8228,11653.6135,0.0000,11769.6001,7758.3831,10735.1174,9232.0885,11001.7264,12854.2854,3050.7312,12485.3208,10010.5487,11036.2159,7867.2155,5145.8411,12285.3320,12352.6710,10977.1931,11130.4903,11426.6768,1249.5795,1999.2985,9255.8007,1495.1478,11237.6689,3041.0860,7282.9669,386208.6641,393652.0108,378465.3435,378683.2467,381635.7708,381857.8017,389186.3256,384117.3977,173122722.5162,173132262.8002,173115197.3230,173110477.8848,1260.5772,1610.7958,11858.5418,10024.9553,11081.6222,12416.8370,12732.5197,10327.7624,5930.2359,9469.1125,12820.2035,6449.4626,4567.8874,12663.7690,8026.7632,11997.3496,9098.1850,11152.2649,0.0000,11104.5816,6331.8163,9426.5909,10169.0087,9719.2243,13148.4591,4524.4995,12925.3774,8757.8232,10854.3108,7947.3581,6886.5526,12149.3214,11346.1625,10332.4190,12031.8379,10226.6404,2581.4949,3945.7672,9937.9429,1428.0409,12268.3655,1132.2873,8761.4274,387855.6952,395294.5618,380106.3377,380336.6986,383294.0095,383486.0060,390808.2547,385755.3956,173124393.1909,173133933.7461,173116868.0904,173112148.6906,1362.0370,11483.2707,9144.6663,10223.1859,12601.7986,12820.2366,9373.6890,4720.6507,10114.8574,12431.2795,5434.7093,4373.6948,11997.1012,6924.9455,12312.0665,9561.5244,11631.6523,0.0000,11571.7130,6108.8699,9807.2374,10297.2131,10042.3962,13127.7861,4690.7437,12900.6376,8541.8261,11344.8033,8638.0018,6240.7721,12449.1955,11405.7434,10912.6280,11895.4564,10460.4864,2847.8752,3485.4261,8854.4419,2185.7437,11889.9708,1728.3420,7875.2015,387949.4542,395370.1927,380199.1501,380419.2745,383361.9209,383587.9771,390921.5980,385852.0350,173124368.4312,173133908.9051,173116843.4013,173112123.8389,12364.0034,10066.6175,11026.0536,12370.3393,12618.3373,9334.9949,4914.8323,10340.7071,12162.0182,6540.1993,5679.7079,11933.2952,6902.4428,12440.6253,8891.7876,11682.0962,0.0000,11754.0630,7382.3124,10529.2558,9551.4217,10793.3063,12999.9779,3471.5704,12665.6903,9696.1434,11145.8874,8057.7801,5479.1124,12378.8272,12173.0766,10982.7630,11399.3089,11225.5205,1600.9434,2390.6846,9243.8354,1459.9941,11490.0502,2635.4940,7507.1663,386619.3980,394053.4601,378872.5906,379092.7212,382041.8830,382262.3164,389592.2309,384524.6669,173123172.3165,173132712.6191,173115647.1372,173110927.6901,5403.0972,5093.8902,10740.1639,10424.6909,10561.3647,11234.9878,9454.7267,10825.8714,8470.3537,8775.7975,9857.2463,11256.8894,8679.4861,12972.8945,9671.5663,0.0000,8933.6742,7276.1820,6700.2357,13228.7034,6244.3526,9841.8362,13528.1972,10564.8046,4741.5783,10988.2994,12803.0846,12839.4028,9911.7690,4026.0049,9874.7511,12092.1373,5493.8885,12949.4077,13031.2797,8984.9532,12425.1328,11618.4044,11259.4390,11991.5637,395883.7312,403638.9163,388274.3696,388394.8721,391450.1942,391776.0785,399064.5090,393928.9618,173126559.1888,173136103.3826,173119036.9143,173114315.5995,1598.4557,12896.1989,12507.5222,7247.0253,7194.6206,12204.3953,10832.9094,4495.1262,7325.4089,8736.6569,7209.2247,12068.1715,13612.6907,12700.9903,0.0000,12250.6731,6469.6892,9872.0530,13280.1694,9611.2271,11944.9285,11796.8528,12237.9502,5839.8713,13306.8653,13554.1970,10080.5800,12726.4379,8566.7196,12699.6351,12379.4879,9231.0506,11037.9893,10433.0059,4623.7558,10750.7008,11214.2444,9588.5723,8742.0482,393563.6994,401110.9258,385890.6591,386019.0115,388974.8023,389374.6787,396721.3031,391557.3066,173126178.6588,173135721.0940,173118655.5341,173113934.3533,12372.8296,11876.8641,6841.5010,7997.7149,12447.7897,9939.0917,5932.3778,8654.8975,7702.1442,7510.9785,11749.3091,13627.9392,12581.4799,0.0000,12178.1248,7768.3061,10308.7647,13061.2005,10009.5897,11182.2663,12370.8679,11511.0083,6771.0130,13164.5827,13787.1773,10355.2148,12329.9192,8581.5158,12744.1598,11769.0051,9523.1223,11842.4839,11142.8458,4485.5029,11663.1394,10461.4134,10726.4617,8727.5148,393438.0621,401046.6006,385791.4932,385899.9596,388875.3937,389297.9597,396637.2341,391458.7414,173125218.1135,173134760.9286,173117695.2946,173112973.8974,1019.2326,11250.6929,13217.4494,7056.6766,6062.5190,13847.8135,13157.6991,8626.3536,12570.4227,3921.0278,5351.7755,4445.4340,0.0000,5333.7792,13082.3653,9539.3497,5356.5734,9594.9051,2251.9761,10606.2693,2218.7913,12360.0831,3384.9878,6577.1916,10875.7648,2122.1795,9248.4976,5469.2979,4578.5974,9454.4838,11568.8439,11886.6409,12562.2757,11740.1218,6370.2405,12627.6600,11247.5892,387314.6184,395356.0222,379792.1251,379903.1502,383095.4478,383318.0632,390525.4183,385428.8110,173117359.8097,173126904.0886,173109837.0488,173105116.5371,10715.4362,13078.7433,7743.5090,5253.7837,13727.6788,13333.7512,7823.5762,12260.0106,4362.5153,6019.6090,5175.0317,0.0000,5945.5597,13195.9896,9891.3744,5582.9624,9899.0856,1261.4750,10911.3512,1301.2795,12373.1257,4325.3495,7343.2434,10791.9472,2787.4739,9284.7363,6233.1686,4150.2131,9678.8590,11882.2868,12038.2390,12068.3285,12094.5701,5713.9487,12940.1478,10911.2647,387445.5795,395490.8611,379929.2029,380028.7047,383216.6218,383466.5862,390679.2814,385568.4483,173117187.8410,173126732.1830,173109665.2152,173104944.5381,5624.2435,13692.5990,6660.6452,7948.2919,10848.0037,4354.2196,3210.4156,12708.0485,11131.2002,13209.4324,0.0000,13399.2072,11148.7384,13450.7234,9394.9680,13371.8964,10223.8355,9130.3415,9870.7008,11507.3338,12643.1688,12009.7690,5416.7704,12252.0921,12661.8911,13443.9422,8228.9937,13145.7756,9551.9037,7955.4706,3034.3168,10180.6228,6363.9558,10693.7312,2732.9409,386650.2425,394263.5318,379007.8303,379106.9461,382079.0408,382524.7276,389868.8159,384677.1810,173119362.6575,173128904.1993,173111839.0017,173107118.0412,12863.0055,10801.7193,4415.9837,6975.0512,9367.7135,2592.9885,13695.9205,11216.4352,13573.1809,0.0000,13586.2857,8008.8741,12231.1372,10676.6537,12289.6107,13006.1636,6518.3985,12704.0040,9724.8373,13163.1199,11152.8965,4498.3079,13608.6234,12633.0553,13260.6987,11199.5395,12383.8603,5852.1207,4349.4147,4992.3219,6216.3768,10272.4955,6282.6142,4477.8037,387318.6502,394726.9242,379585.5988,379757.0834,382666.7262,383021.5290,390386.5291,385251.2728,173122848.8093,173132389.1424,173115324.1259,173110603.9380,11526.3957,11899.1010,9210.5475,12851.6749,13569.0075,4284.9083,7039.5831,2948.1939,0.0000,2445.3700,9035.6249,4000.4797,9273.4411,4373.1952,8428.6550,10119.4441,8795.6536,8591.5198,4260.7942,5847.6473,12201.9731,5321.0960,6122.6206,1782.2002,10329.4539,4859.4950,9940.3120,11279.1571,13699.3616,9294.7477,11679.8228,9178.7013,13317.2982,391145.7005,399004.5481,383537.0369,383726.4325,386870.9862,386976.7275,394194.3215,389166.9659,173123453.2579,173132997.0830,173115929.8932,173111210.0063,12398.7034,13604.3892,3157.0735,9084.4381,8845.2424,8260.3769,9691.4446,0.0000,10239.4664,13620.0369,12647.5832,6066.4003,12577.9968,4602.8999,10519.3492,4030.7440,13115.4107,8790.0501,9902.1466,8407.1629,7733.3200,11560.5922,10463.6151,2937.3496,12258.8023,11644.0822,10868.5208,8754.8245,12228.3634,1369.4057,13200.9980,7393.9226,385865.8271,393797.5923,378328.9373,378397.8705,381512.2333,381891.0496,389155.9807,383983.7645,173115975.2695,173125518.6378,173108452.4678,173103731.4123,4227.0363,10784.4823,6028.9520,13103.0541,12782.1805,13118.3138,0.0000,12755.7982,4500.5637,9950.0234,12886.3410,9905.4677,13544.6040,9175.5143,13600.1069,6093.6386,13423.3777,12277.5676,8320.0035,13632.3479,10146.6743,12715.8704,13107.7473,9932.0022,7885.7502,7437.9255,5755.6993,7454.3942,12309.3221,5992.7704,8032.3347,391670.9962,399072.7274,383933.2689,384113.4087,387024.9587,387359.6772,394720.9624,389597.0809,173126713.2867,173136254.3965,173119189.0942,173114468.6700,12879.5765,8981.0507,11640.5238,11534.2131,11198.5258,0.0000,10710.4645,1898.5702,7239.7291,12603.3545,7361.4244,13465.5632,8549.0862,13598.9904,4734.8671,11735.4936,10386.7288,9622.3204,12430.0871,8701.8733,10449.4002,13560.8400,7728.2111,6879.9315,7616.0339,9299.9912,5825.9049,13491.9253,3544.0751,10381.6461,392293.0704,399732.9478,384550.0248,384768.2513,387719.8059,387940.9393,395269.1100,390201.9135,173127834.5649,173137375.9855,173120310.1762,173115590.2601,7316.9290,10568.2488,10399.5497,11504.6781,0.0000,11802.8670,12783.6727,13065.6708,8366.0060,12922.7122,7007.9567,11017.2684,6746.9032,12276.1490,10965.2095,11723.3641,8057.9561,9903.7058,11647.8190,12138.7951,5808.1805,12524.3541,11797.5578,10672.7873,6200.9241,12340.6558,3662.3903,12952.7443,6110.8231,387142.9230,394969.6532,379578.4423,379641.6111,382700.5138,383140.7767,390440.3277,385241.7341,173117573.1291,173127116.1135,173110050.3353,173105329.0122,13596.8036,11206.4725,13730.4927,0.0000,13850.9363,9701.0296,13165.5628,10020.8713,13166.6432,12022.8406,7437.8871,11651.6941,10837.8170,13175.7771,11621.1739,4013.8275,13294.3481,13044.2247,13657.9921,9906.1679,13120.6586,7419.0019,5647.0471,3491.7047,8028.9829,8557.1941,8450.1533,2415.7076,386517.3342,393997.8769,378819.1684,378957.8790,381885.4832,382290.8712,389652.7804,384487.9891,173120991.6331,173130532.2930,173113467.3038,173108746.7898,7150.0597,1814.9908,0.0000,1933.5135,11183.4333,6285.9729,8309.3556,6303.3398,4817.3557,11610.7596,5504.3218,9997.0735,3252.7027,7227.2888,12484.4518,1915.6595,6065.3831,2989.9395,8032.3813,6135.6394,11952.0270,12694.9424,13137.5311,11676.3259,9362.5600,11864.9004,12914.1455,390800.3857,398807.7691,383258.7390,383392.9266,386581.2237,386759.7662,393963.7010,388891.9542,173120955.9049,173130500.6439,173113433.3380,173108712.8350,6200.4717,0.0000,7114.8170,12220.4610,10132.2390,2949.6838,10420.5674,7053.4583,6362.5861,6446.2698,12717.4594,4266.0859,2134.3707,8187.1580,5923.0378,11331.2727,6106.8045,5758.5325,10702.3496,7634.1953,8326.9020,12614.5932,8007.8918,7646.3646,9644.3412,9856.1151,384420.7632,392283.2031,376820.5776,376987.6195,380121.1000,380283.7207,387514.8387,382456.5078,173117407.5601,173126950.1102,173109883.4938,173105163.8347,0.0000,1153.7985,10958.3642,5996.7726,7947.0695,6166.6893,5938.4979,10770.6241,6370.0780,10160.1529,2168.7000,5892.7211,12229.8373,2496.5498,6729.8781,1304.3144,8419.8310,6261.1328,11083.7768,12070.3107,13679.5076,10753.5774,9979.2937,11052.6739,13053.0670,390105.5774,398079.5409,382544.8438,382700.6086,385884.0364,386023.2049,393225.0549,388175.0372,173121081.6103,173130625.9793,173113558.6697,173108838.4940,0.0000,0.0000,0.0000,0.0000,0.0000,0.0000,0.0000,0.0000,0.0000,0.0000,0.0000,0.0000,0.0000,0.0000,0.0000,0.0000,0.0000,0.0000,0.0000,0.0000,0.0000,0.0000,0.0000,0.0000,0.0000,0.0000,0.0000,0.0000,0.0000,0.0000,0.0000,0.0000,0.0000,0.0000,0.0000,0.0000,10318.2051,4995.9725,8858.2266,5139.5717,6542.6321,11179.8358,7090.1807,9344.1075,3282.0534,6618.1534,12622.8923,3321.5504,5736.1838,1463.2259,9219.5938,5214.8234,11298.7482,12325.1852,13613.9916,10850.6223,10603.4785,10888.8057,13363.0752,391202.5298,399157.8255,383635.0912,383794.1107,386970.0917,387109.2048,394314.7685,389265.7937,173122184.1351,173131728.6032,173114661.2753,173109941.0414,6345.9248,13254.7954,6350.1549,13210.9962,9998.3118,13491.3829,2924.7326,11802.0735,11153.9333,10736.8807,12198.3442,7376.1950,10307.0344,13835.3932,6580.5800,8492.0605,9128.9094,9330.5679,7486.2128,13698.2207,5338.0013,11126.8063,393893.6627,401373.4990,386167.5363,386373.5193,389338.3943,389572.2352,396895.2794,391819.8163,173128644.3547,173138186.3440,173121120.3859,173116400.2040,11854.1115,534.2311,10123.3374,11487.7586,10703.2531,5148.9236,7668.8023,9010.7767,12956.3287,7866.5378,3322.5401,5375.0227,12309.3777,1414.3681,10737.8695,11880.9186,12584.6276,9832.3235,13010.7111,8735.7346,13568.9961,394375.5042,402139.0160,386739.4090,386928.0231,390024.8246,390174.9113,397421.9336,392376.4274,173126768.9989,173136312.8687,173119245.8792,173114525.6461,12044.3623,6316.4871,6736.9880,5390.2800,13652.3803,6064.6590,4959.8792,7015.3131,6801.0492,12389.8091,8206.5802,3386.6441,12153.3738,8362.4953,8310.5997,11433.5214,9071.0882,5181.5103,10829.2019,8206.4724,383193.8700,391070.8171,375610.7333,375746.4937,378869.9161,379105.5404,386350.5779,381253.6368,173115632.8636,173125175.2964,173108108.9521,173103388.9773,10067.1588,11782.2164,10685.4063,4913.4793,7886.9249,9377.9664,13095.1411,7931.1673,2824.4689,5643.4211,12357.0065,899.1505,11038.7394,12110.7631,12444.2069,10150.8113,12990.5937,9017.5798,13597.5271,394706.6773,402475.6707,387074.3631,387257.8448,390354.5808,390515.1363,397763.4468,392712.3121,173126895.1495,173136439.1246,173119372.1365,173114651.8096,11464.7773,1103.8586,12214.6873,5401.3062,8369.2193,10932.5120,3602.8400,9111.4853,7028.6544,4255.0135,9743.8474,12378.1681,12379.6695,11519.8788,12594.5420,5334.7042,13318.1910,10724.1184,387994.4072,396041.9357,380484.3274,380571.1499,383753.2729,384034.1145,391253.1622,386126.4690,173117340.0594,173126884.5394,173109817.6348,173105096.7409,10892.1293,11781.9327,9632.6714,6021.7486,4179.9437,11036.3700,13018.9227,10238.4595,9134.5062,12180.0355,2010.5874,2372.0168,10113.1491,3209.0694,9598.8310,5568.3805,6879.0815,383987.1965,391537.8187,376280.3570,376483.4990,379481.1787,379693.0891,386998.4972,381929.1167,173119869.9098,173129410.4403,173112344.7864,173107625.4053,12712.0418,5462.2780,7969.0155,10300.6301,4050.9404,9909.1115,7373.1214,3219.6108,10424.0581,11951.9553,11879.8434,11418.6214,12274.1133,4559.3264,13187.2299,10181.3947,386924.9620,394960.4860,379410.3838,379498.7086,382675.5808,382958.3364,390180.4712,385053.1074,173116581.8840,173126126.0751,173109059.2698,173104338.4745,11400.0636,11859.0085,12121.8151,11290.3065,5056.1796,9741.6194,13655.9051,4786.1016,10591.8707,11122.4296,9609.5801,9697.3899,13482.2562,7863.0813,12068.0943,395625.6206,403209.3689,387940.6705,388120.8400,391123.4533,391375.6176,398682.0748,393592.4024,173128834.3292,173138377.3307,173121311.0705,173116590.4725,4385.6788,11149.5058,2357.0342,8513.4746,2620.2765,6979.7336,8039.3326,10296.0566,11194.2087,13555.3182,10196.6482,8842.4144,10976.3797,12183.7097,387942.1265,395917.2481,380381.8759,380536.0664,383719.0386,383862.2227,391065.0632,386012.5088,173119261.4075,173128805.3555,173111738.1851,173107018.1615,8729.9281,6481.1163,10775.6696,5355.2868,7660.1226,9815.4466,6850.7344,8042.7901,13076.1219,6927.8712,9370.2058,8394.5450,10650.7494,385437.3694,393246.0435,377811.2356,378003.3746,381123.9133,381246.9112,388479.6176,383444.4825,173119136.5583,173128678.9514,173111612.2810,173106892.8413,11791.1277,13503.4397,12074.4233,8004.7119,13227.0030,5091.7104,3304.8033,7012.5442,6180.1087,7432.2827,7723.0046,2836.9141,383840.7868,391392.1289,376153.6914,376311.0566,379283.9260,379611.3478,386942.6315,381813.7422,173118749.8237,173128290.3827,173111225.1095,173106505.1191,7752.9343,3693.5157,6512.0751,7818.3089,11692.2281,12304.8421,13121.2379,11621.4737,8130.3816,12195.0782,12290.5986,388981.9496,397014.3112,381450.6713,381577.0445,384773.3845,384960.8320,392161.8353,387084.0801,173119121.0747,173128665.6134,173111598.3820,173106877.9387,6751.4765,11917.3551,1929.4659,12467.4556,13147.7312,11644.6079,11761.3575,12236.3715,10708.2154,13436.1592,395548.4015,403375.9991,387947.9280,388096.8601,391203.8860,391425.3462,398675.6492,393590.4679,173126432.9978,173135977.5452,173118910.5612,173114189.7307,9097.5725,5918.3504,10401.1419,11569.7903,13789.7987,9965.5920,10641.7273,10196.1611,13109.2547,390167.6982,398094.4013,382585.9724,382758.4672,385927.5114,386045.6499,393252.3479,388215.3396,173121817.4615,173131361.5319,173114294.2690,173109574.2811,12216.6899,10540.2735,10089.9107,10422.5816,11185.7603,2362.3950,12538.5052,8001.0918,384364.9762,392314.3181,376821.7717,376915.5091,380052.1154,380360.8689,387607.0979,382469.6283,173115190.0532,173124733.2037,173107666.8482,173102946.2667,11493.2462,12439.9220,12176.4711,10659.9778,12755.9435,9538.7383,13547.4300,395038.8492,402826.4971,387416.5245,387589.2780,390689.4397,390868.7030,398117.5254,393055.8938,173126809.4372,173136353.6067,173119286.6139,173114566.1253,2102.9936,9925.9730,1344.2102,10870.5487,3680.2112,7509.3839,385477.0238,392962.1967,377745.4780,377963.5353,380936.9270,381140.0084,388456.0820,383394.7477,173121848.2327,173131388.6325,173114323.0296,173109603.6837,8543.6618,3206.2824,10016.5886,4948.9137,5705.3082,384817.9198,392285.1038,377088.8064,377288.3288,380242.4890,380500.7779,387833.0861,382744.0072,173121015.4995,173130555.6854,173113490.3437,173108770.7828,10215.1925,8750.3998,10014.9523,4836.2835,389304.4924,396841.6188,381635.5768,381746.7448,384687.7170,385136.4298,392496.0177,387306.9410,173122312.8792,173131854.4511,173114789.3105,173110068.2363,11570.8792,2470.8396,8375.9758,386632.4462,394108.5751,378895.0634,379121.6628,382095.3609,382280.5158,389594.0571,384542.6680,173123051.8963,173132592.4512,173115526.7480,173110807.4214,12753.6588,6635.0193,384745.1475,392644.5305,377194.2362,377272.5471,380375.7920,380745.8853,388015.8008,382849.2389,173115485.0695,173125028.0086,173107961.9552,173103241.0938,9367.3537,388975.6930,396409.9177,381224.3425,381456.9549,384413.3005,384601.3616,391923.4497,386873.0658,173125407.4160,173134948.1530,173117882.4337,173113162.9736,384824.3918,392393.1542,377156.6449,377282.4094,380246.7312,380645.7630,387989.0461,382822.9200,173118745.4680,173128286.3568,173111221.2184,173106500.7344,20869.9079,10375.9073,8756.8581,13449.3927,12839.6002,11055.0805,7135.2369,172796376.7958,172805846.3887,172788801.1497,172784112.0947,19778.2137,21691.6455,14967.0057,15800.2582,16025.8709,16501.6100,172799992.6180,172809454.7312,172792412.5229,172787725.3196,5031.3626,8694.9480,6527.2233,12549.5877,5772.8158,172806558.0961,172816027.0112,172798982.1056,172794293.1283,8711.3205,11065.6628,15241.3230,7893.3389,172803993.3308,172813463.1641,172796418.2489,172791728.4878,10566.6037,15932.2379,9638.7514,172804941.7348,172814408.5883,172797365.0994,172792675.7397,8711.3205,5774.6272,172806630.8515,172816097.8869,172799053.3130,172794365.4612,7487.3281,172799136.9197,172808603.7904,172791558.8492,172786871.7045,172801834.5030,172811302.4992,172794257.7361,172789569.3391,63778.7625,42998.1778,26094.7423,34079.1948,48032.4813,31643.9164,
600.000,8025.3661,9255.3177,0.0000,3774.8022,12989.5293,12009.0566,11281.9209,12978.5531,8779.7208,11300.2659,11010.6877,3745.7891,4464.3099,13146.0895,13383.4773,2560.4006,10464.1804,12862.6021,11366.6065,11246.9173,13770.3308,2293.9398,8290.1039,3461.2355,0.0000,886.9805,11086.2658,5229.7734,7170.5931,5063.0182,6905.8705,12413.2198,7431.5235,8753.2030,4235.8744,8508.0855,12344.5084,3118.8114,4673.1356,3311.4350,9549.4085,4965.7140,12650.2440,12319.0826,12884.0263,12262.1652,10827.9304,11611.3371,13319.3054,390145.1697,398188.4170,382706.8350,382993.9274,385935.7515,386158.3914,393397.1811,388061.5325,173116451.6570,173125573.4332,173108618.5930,173103922.2629,7031.6348,0.0000,10220.3976,12973.0732,12902.1654,12860.3605,12923.7562,3014.6253,5747.7598,5588.9204,9567.9270,9004.5355,8572.5508,12398.2196,9926.4791,7302.1878,9447.4742,10669.0534,8051.5023,11426.5547,6925.7443,12490.1974,10589.5759,0.0000,7383.2598,9522.3799,7884.3859,11563.6961,7695.0951,6027.2947,13169.8719,7095.7390,9242.2817,9732.1967,12761.5744,12696.9204,9552.4872,7670.9443,10393.5927,8731.9935,9224.5350,13261.9665,13447.3887,7537.6372,13164.0046,8447.3394,12562.9043,11494.6065,392460.0958,400413.6316,385023.7271,385248.0218,388103.4699,388532.1178,395841.2921,390396.2764,173117471.6221,173126593.3974,173109639.3407,173104941.8158,0.0000,11609.5857,11843.7020,13232.5328,13013.3524,12081.0539,9504.3600,10234.4265,10492.8731,7758.7493,6523.1728,7832.7801,11766.5107,10475.1238,1771.6161,11859.6187,13430.0529,2975.2344,10302.0563,7436.3205,9220.3371,10609.9643,0.0000,9148.9362,13149.3572,11920.9801,7919.4803,11782.7047,2956.0551,10263.4376,2361.9124,13258.8733,7531.7615,9726.6755,9735.7938,8314.7901,11620.0745,9793.0279,2107.7799,12252.8389,11631.6296,11870.7913,9210.8829,12459.3046,2496.7076,13553.7047,8798.6656,385440.9480,393388.2025,378001.7999,378224.5853,381075.3434,381512.4064,388825.8751,383375.1199,173111731.3550,173120851.7025,173103898.0986,173099201.1162,0.0000,0.0000,0.0000,0.0000,0.0000,0.0000,0.0000,0.0000,0.0000,0.0000,0.0000,0.0000,0.0000,0.0000,0.0000,0.0000,0.0000,0.0000,0.0000,0.0000,0.0000,0.0000,0.0000,0.0000,0.0000,0.0000,0.0000,0.0000,0.0000,0.0000,0.0000,0.0000,0.0000,0.0000,0.0000,0.0000,0.0000,0.0000,0.0000,0.0000,0.0000,0.0000,0.0000,0.0000,0.0000,0.0000,0.0000,0.0000,0.0000,0.0000,0.0000,0.0000,0.0000,0.0000,0.0000,0.0000,0.0000,0.0000,11487.4384,9755.0355,8886.1833,11392.8735,10010.6967,11701.8713,11393.9872,5701.1844,6853.2040,13726.0615,12089.8591,1941.3664,12474.8773,12121.2396,9492.5856,12937.1382,13217.9806,5907.6039,7708.5592,2262.2181,0.0000,4358.4809,9639.6143,4419.5993,7594.2652,4475.1057,9868.0862,11427.1602,10142.9446,6962.9328,6043.0811,7624.3690,11545.7357,4955.8622,4233.2369,3376.3711,11506.3847,2841.9105,11125.2019,10613.8557,13307.8195,10315.8609,12566.0908,9205.4729,13141.5031,390853.4626,398762.1883,383356.1520,383688.5517,386591.7096,386753.8255,394002.3769,388704.9706,173118976.6874,173128097.7279,173111142.9822,173106447.1435,3371.9188,3838.2986,522.3791,12471.5003,10282.6201,10620.4785,12313.5198,12431.4974,7872.2710,1645.6538,11980.2206,11091.5757,6901.4991,6915.0369,10303.2696,3947.7145,13371.1456,8569.9495,11545.6162,0.0000,13324.1553,8258.2017,12140.6944,10180.5792,12298.0463,12974.8644,3403.9541,12527.0872,9969.6988,12105.1800,8232.4179,3460.9854,12325.2975,12418.1259,11739.4062,11026.2384,11541.5964,1263.0876,1926.5562,8643.3266,1828.8366,10399.9453,4575.5890,4701.8033,387364.6142,394787.6244,379716.1860,380069.8490,382740.0706,383062.4775,390445.1783,385076.9983,173119728.6854,173128846.0871,173111893.3057,173107197.6133,1146.4749,2955.9201,11820.3488,10016.5785,10148.3347,12127.4243,12565.8552,9749.6007,3898.3336,10738.1962,12776.2272,6695.8984,4618.7029,12250.1639,6472.3837,12919.6908,9071.2380,10366.3853,0.0000,12350.5765,6301.3395,10177.6067,10706.9803,10393.0891,13677.8229,6012.5431,13469.2940,7529.0739,12046.1864,8620.0692,6228.7044,11918.6143,10568.4817,10895.3757,12659.2561,9422.4503,3776.9122,3531.9699,9614.5152,1956.0855,12327.1367,1311.9686,7661.3348,389888.0327,397333.3334,382238.4804,382610.8593,385304.8651,385567.0278,392929.4457,387594.0215,173122126.5332,173131244.5238,173114291.3433,173109595.7512,3533.9295,11905.6410,10453.8667,10544.7715,11316.5395,11837.6620,10242.4687,4662.0372,9853.0231,12698.6348,7485.1903,5108.2151,12247.3510,7128.6630,12287.3491,8199.0337,9423.1923,0.0000,11683.6643,6733.8847,9719.3540,9880.4000,9935.3423,13299.3553,5879.1639,13068.4102,7431.5875,11238.4444,7717.6799,6173.0094,11085.9958,10078.9460,9972.0346,12361.3091,8791.8070,3884.7802,3413.9181,10201.6965,2127.8841,12227.4384,1683.4182,8002.4851,389487.1692,396970.7081,381847.4904,382222.1514,384937.0027,385176.2723,392525.6657,387201.2546,173121600.4305,173130718.5734,173113765.2424,173109069.7484,12303.2135,10071.4762,10392.9975,12450.0203,12599.6170,7963.6685,1502.3090,11965.0493,11337.7418,6586.2631,6463.8048,10572.9241,4061.0692,13419.3903,8837.4340,11552.8187,0.0000,13299.9619,7843.8039,11922.3619,10441.8672,12087.6739,13141.8268,3894.1821,12740.8167,9612.8625,12261.7444,8486.6187,3953.0705,12431.0174,12222.7201,11795.6593,11331.2330,11339.4305,1661.2511,2176.3584,8561.3111,1642.0301,10696.8119,4139.4408,5051.3960,387864.5689,395281.8279,380213.7934,380569.3864,383238.0030,383557.6927,390940.6584,385574.3059,173120226.4672,173129343.9265,173112391.1226,173107695.4148,3901.5089,3431.2103,10981.3705,10744.2302,8891.0458,11738.7620,10294.0422,9520.2495,7826.8884,8698.7021,9990.4962,11157.9180,8436.5962,13365.0573,10975.4988,0.0000,8164.5775,7256.3298,6679.4071,12856.2026,6554.5945,8646.5000,13423.3576,9605.9591,7110.1996,11195.3056,13495.7103,13008.0891,10783.2909,6690.7383,11111.2978,10942.4134,8262.7837,12961.3913,13128.1735,7009.4757,12492.8387,10484.4202,11243.8092,11865.5544,394765.9263,402632.1341,387294.6329,387540.5014,390365.8135,390775.7880,398096.8749,392665.4585,173120468.1357,173129589.8055,173112635.7742,173107938.3017,710.2524,12829.2994,12568.2469,6361.6248,9165.2400,12209.5792,9592.0687,4433.6963,6883.0815,9549.2942,8363.9703,11069.7688,13624.4250,12640.7034,0.0000,10898.9856,5545.0347,8798.5915,13635.3595,8794.1888,10442.1967,11851.9435,11042.4933,7292.3859,12918.6923,13655.6111,11379.6775,12708.8474,9023.1483,12832.5805,11355.1852,9978.0704,11067.3475,11425.5379,3791.4644,10653.2942,10282.6459,9593.0624,9669.2528,394320.9791,402004.0573,386789.5975,387051.2813,389793.9663,390243.4076,397609.3649,392163.0183,173121678.0780,173130798.5171,173113845.1134,173109147.7464,12732.6726,12520.4883,7016.8082,9556.4703,11953.4975,9956.1678,4789.1362,6799.7668,9984.1617,8905.1870,10858.2872,13729.6397,12425.2086,0.0000,10583.7428,5346.3567,8300.8535,13711.1047,8293.5733,10504.5755,12210.5855,11164.3548,6859.8208,12850.4558,13755.6819,11764.1821,12573.8175,8533.9856,12657.3339,11643.7142,9556.6172,11383.1719,11696.7221,4491.8934,10880.6087,10677.3081,9642.5540,10202.7560,394795.0026,402495.6598,387268.1459,387531.0894,390283.5416,390721.7761,398081.5468,392640.7252,173121988.1290,173131108.7665,173114155.2531,173109457.8822,1403.1688,12816.7140,12979.4508,3874.9889,9107.0900,13798.8637,12768.7609,9816.8053,13189.3593,3448.0455,5656.9407,3821.4525,0.0000,4363.7771,12856.1566,8450.9830,3914.8040,8342.6776,5901.7480,10787.4356,5752.5273,11164.3304,530.9142,6082.3562,10747.8023,806.0258,8007.0269,2652.1295,7331.0810,7802.3929,11685.8365,11352.2340,13372.0987,11788.2744,9086.3257,12125.7777,12089.1258,386417.3570,394448.9213,378974.4612,379261.9107,382197.7502,382425.5713,389668.5710,384329.6835,173113480.9203,173122601.8828,173105647.3151,173100951.2721,12188.7727,13002.5119,5101.0422,7968.3566,13739.5860,13156.6393,8757.1090,12918.3862,3389.2817,6022.5481,5124.8658,0.0000,4875.7644,13163.8625,9109.2795,4047.7024,8978.6250,4671.8901,10755.6191,4430.9719,11733.3049,1248.3886,6535.4277,10632.1103,2123.9739,8655.5766,3998.1230,6151.9946,8688.0808,11836.5014,11595.1600,12897.4480,12108.6126,7992.1037,12635.4912,11669.8961,385928.3960,393972.5600,378495.5818,378768.0047,381700.3915,381962.6209,389212.3140,383853.9461,173112654.1138,173121775.0745,173104820.6190,173100124.4063,6782.5855,13669.1698,6341.9965,5973.0963,9495.2168,5471.7603,4351.6076,12364.7855,11795.2837,13717.2485,0.0000,13026.4736,9318.5851,12715.8702,11990.1256,12717.7331,9763.3427,8314.8660,9632.4948,11460.3640,12644.5250,11907.8440,7619.9442,13042.9466,12815.4136,13512.3010,8223.9168,13202.1355,8484.2326,9160.7380,2858.3100,9183.9392,6373.9201,10170.3117,4619.3061,388536.8235,396127.6749,380979.9444,381237.6432,383930.5253,384432.5301,391829.6109,386357.1606,173117377.0397,173126495.8022,173109543.1329,173104846.0937,12631.7298,10849.9495,5542.8018,6360.5800,10016.5384,2768.5754,13654.6831,9751.2413,12313.5087,0.0000,13616.7250,7525.6192,12161.8592,11154.7763,12311.2584,13008.0600,4578.3256,12660.3112,9718.9244,12797.2201,9474.0692,4400.3159,12989.8471,12466.4808,12513.2864,11192.1437,11807.3996,2858.4789,3545.5217,7337.3306,3065.0125,10288.0111,4852.0428,4360.7995,388332.2064,395740.7130,380684.9162,381027.2585,383682.8291,384041.4204,391436.0054,386048.7724,173120363.2713,173129480.7838,173112528.1057,173107832.1600,11536.8173,12912.8717,10792.2327,12109.8027,13474.9935,4508.6766,6899.1889,1024.1141,0.0000,3382.3673,10896.2313,5576.9236,6295.7452,5541.2069,8563.9354,11392.1793,8770.9587,8473.6212,4259.0292,6967.4980,11471.3152,3095.1476,5214.1806,1664.6869,10305.0172,4423.1989,11502.4463,11026.0615,13547.6075,10988.7814,11617.0347,10373.1535,13046.9241,389448.7659,397419.4014,381975.6948,382293.3962,385218.2883,385392.1656,392632.1410,387325.7778,173117066.6506,173126187.8078,173109233.0299,173104537.1395,10953.2071,13009.2732,1305.6945,9083.2386,8817.5590,9766.6337,11630.9362,0.0000,10353.8534,12754.1699,12526.4100,8809.5972,12413.8652,4572.1414,9668.3997,4083.7300,13327.2713,8863.4324,10210.9593,9059.9821,9622.7278,12304.7028,10913.4421,2738.2963,12903.1534,10997.3572,11355.3450,8007.3493,11932.9520,1406.1780,13176.2362,7591.6727,385497.0547,393369.7469,378035.9483,378259.5127,381072.9218,381541.0530,388876.6837,383411.6617,173112274.7771,173121394.6878,173104441.3701,173099744.3283,4368.1479,10452.3160,5442.1482,13052.8505,12772.5129,13031.0581,0.0000,12747.2029,4082.3054,10176.5625,13498.7118,10292.1147,12597.9107,9376.0825,12798.3611,7241.8026,13791.1325,12623.4920,9008.4931,13673.6719,10560.2467,13365.0727,12267.2501,10673.3753,7965.1101,8407.9743,4138.0890,7386.2187,11096.1802,6470.9589,7573.2969,393042.5170,400535.0081,385436.1271,385742.6459,388417.8296,388833.1488,396226.2034,390805.5111,173122916.1073,173132035.0743,173115082.1129,173110385.3429,12723.3052,7868.6221,12312.4215,11696.6375,10849.7673,0.0000,11404.7759,1807.9819,7850.6808,12697.6101,8068.9772,13421.3772,9584.1103,13652.9030,4095.7164,12847.5026,11391.6754,9522.0931,12424.9671,8382.4742,11528.2749,13579.3229,7861.7106,7689.9786,7688.8705,8032.1675,6250.3825,13054.9046,3608.4131,9649.0669,393955.0054,401470.1415,386337.6629,386683.5657,389396.0073,389696.6956,397055.8993,391697.2426,173124469.0832,173133588.3114,173116634.8531,173111938.6157,8094.2466,9761.1195,9752.9387,12129.6482,0.0000,11185.9701,12578.1191,13022.3998,9064.0391,12936.0690,5765.7177,8880.3274,5191.6243,13443.8526,9541.8462,10151.5326,8231.4581,10321.0212,12856.1013,11465.0782,3238.2994,13331.8929,10243.1847,10671.7835,7492.1393,11297.1398,1113.9468,12746.1198,6499.4712,385153.3518,392963.7595,377670.8707,377901.5368,380687.9155,381165.0274,388514.9073,383047.1467,173112560.5202,173121679.9813,173104726.8685,173100029.9024,13587.3277,10468.0707,13257.8760,0.0000,13892.7020,8524.7731,12966.9759,11466.3570,13061.2989,12006.9874,5277.9961,11638.9251,10907.9101,12973.8242,10356.4720,4741.2542,13326.2304,13192.9340,13254.0584,9900.4877,12914.8783,4767.4183,5573.6937,5581.1000,5577.2529,8561.0392,7263.4354,2553.4266,387719.9630,395164.6053,380097.0491,380407.6269,383060.7368,383487.6932,390893.2195,385467.0742,173118879.5857,173127997.2413,173111044.7343,173106348.4039,8538.2615,5177.8395,0.0000,2081.8608,11913.8536,6761.9125,6999.8224,6554.3951,4817.9037,12483.5616,5469.3400,10054.6640,3839.0870,8901.8751,12303.8690,3281.7775,6200.8346,4565.9774,7958.3671,6887.7314,13042.9655,12831.7553,12337.8874,12939.5918,9314.2934,12666.0959,12880.4864,389172.8472,397256.3204,381757.1967,382018.9985,384964.6795,385236.7096,392480.7732,387116.3923,173114799.3371,173123921.1960,173106966.4786,173102269.8896,6090.4493,0.0000,8995.1803,12519.6321,10938.7020,2243.4054,10977.9443,9151.6265,6301.1140,8381.1083,11801.2288,5280.5863,664.3468,6538.4491,5879.8841,10799.6262,5597.3835,7746.0345,9781.4985,7553.1390,7096.2824,13005.7622,8059.5794,8994.5887,9596.3744,9097.5176,383794.5401,391582.3565,376259.1560,376592.5960,379434.3919,379649.5915,386936.6343,381612.6744,173113977.2555,173123096.1834,173106142.3395,173101446.9497,0.0000,4310.8312,11117.9747,6311.3705,5655.7208,6308.7476,8891.7534,10815.0691,8950.9434,8836.6739,4112.0820,6121.9251,10944.9166,3108.8714,6013.6718,1216.6669,10236.3747,4982.9431,10982.1836,10461.7658,13750.5919,10511.2189,11587.0231,10086.5806,12747.3031,388697.9221,396642.8583,381213.5404,381539.5822,384456.8162,384620.1669,391862.3832,386562.5885,173116809.0190,173125929.8610,173108975.1583,173104279.4254,0.0000,0.0000,0.0000,0.0000,0.0000,0.0000,0.0000,0.0000,0.0000,0.0000,0.0000,0.0000,0.0000,0.0000,0.0000,0.0000,0.0000,0.0000,0.0000,0.0000,0.0000,0.0000,0.0000,0.0000,0.0000,0.0000,0.0000,0.0000,0.0000,0.0000,0.0000,0.0000,0.0000,0.0000,0.0000,0.0000,10984.8159,5007.4031,7835.9032,4801.0921,6698.5831,12853.0963,7369.8774,8665.8650,4842.3947,9225.9517,12742.8089,3823.5360,4410.1060,4185.7292,9638.5129,5072.1977,13054.6808,12766.7431,12641.6263,12657.2285,10828.9222,11912.6034,13507.8873,390712.8869,398770.3209,383282.4762,383561.2629,386504.9099,386743.1393,393983.2025,388638.5981,173116630.1130,173125752.0996,173108797.2414,173104100.7569,7202.3254,13244.5059,7388.1879,12992.2949,10735.5959,13384.1507,3465.3990,12980.3953,12289.9495,10581.3134,12501.3193,7734.9617,11765.9034,13578.1129,7646.0367,9053.1480,9114.7408,7425.5107,7783.9539,12992.9501,5343.5431,10298.1864,395036.8564,402601.4969,387441.5206,387769.9602,390496.1718,390821.0840,398177.3217,392803.6142,173124642.5807,173133762.3438,173116808.7796,173112112.2417,10739.0631,301.5824,10185.8027,12972.0124,10890.9448,4167.4103,8828.1456,10889.3023,12906.7397,7822.2054,651.0776,7060.7819,12507.1946,1906.7905,12235.1901,11950.1651,11437.0612,11216.2221,13003.2383,9291.5246,13510.9773,394446.7476,402338.0967,386954.8197,387263.7675,390142.9891,390374.5394,397644.5844,392310.0578,173121532.7173,173130654.3939,173113699.7112,173109003.2268,10716.9246,7481.3712,7895.0310,6689.1911,12287.0724,3445.4044,2867.1042,7965.2601,4360.7746,10475.3833,4776.1705,6538.1588,9784.2090,9282.6852,8931.8353,13196.4404,9813.7703,8190.3554,11107.8227,9947.5206,383710.1758,391603.3317,376215.9565,376525.4982,379405.1849,379636.9349,386908.2534,381571.3633,173112680.8942,173121800.4648,173104846.4183,173100150.7824,10000.3988,13078.5976,10729.3376,4409.6135,8727.3366,10946.4585,13002.2492,7718.8872,418.2382,7021.3474,12402.2956,2089.6328,12386.8798,12110.2549,11447.3843,11400.8453,12914.1654,9524.5232,13571.6296,394415.0877,402319.2037,386928.3669,387233.9445,390117.4444,390352.2607,397620.7202,392283.9373,173121341.9353,173130463.6883,173113508.9860,173108812.4656,11605.4217,1323.9539,12357.9480,5833.9308,9669.0374,11194.0333,6371.6501,9768.0350,8045.8552,4162.9247,10581.5980,12719.0563,12791.5386,10474.9498,13206.4696,5319.3992,13766.8963,10805.3507,386850.3670,394897.0075,379439.6385,379664.6976,382567.5362,382953.9421,390235.0371,384808.7946,173112286.5057,173121407.7267,173104453.6228,173099756.6486,10861.6230,11820.3550,10458.9967,6077.8892,741.4254,10982.6501,13091.3717,10692.7449,8950.1032,12221.8642,2434.4053,2680.2481,9913.2421,4149.3186,8667.0824,7160.5914,4123.5346,384393.7089,391904.6928,376774.8313,377116.3163,379822.8922,380139.5546,387505.0881,382135.9118,173116425.3649,173125542.7455,173108589.8917,173103894.3280,12879.1763,5568.0254,8934.4095,10457.6115,6339.2221,10497.4799,8025.2248,3015.2760,11098.3522,12180.6295,12256.1496,10680.7091,12820.4346,4534.0883,13677.6858,10200.8328,385640.0232,393662.7897,378219.4999,378449.9074,381344.0008,381727.2194,389012.3706,383588.4040,173111583.2852,173120704.1150,173103750.1319,173099053.3114,11403.0679,11585.0372,11770.8289,10641.8875,4786.1346,9672.5856,13699.9503,4541.2908,10402.2903,10209.5188,9798.9190,9034.6272,13642.8298,6397.4500,12155.3444,395404.5865,403097.0387,387844.4292,388176.9559,390970.6938,391227.9736,398542.5449,393201.2283,173124208.1069,173133328.7202,173116374.5777,173111678.1877,5739.9949,10418.7080,1276.9079,8402.7209,2931.8592,6982.1802,8160.0096,11446.8523,11122.1369,13309.3221,11623.7482,8776.1477,12101.7981,11791.9248,385956.5323,393977.3423,378510.1968,378797.8827,381728.3704,381960.5019,389206.8178,383865.8147,173113181.2720,173122302.0781,173105347.5795,173100651.5661,6377.2905,6234.7296,10784.5358,5753.5927,8280.3473,9664.0003,7192.2894,6681.4988,13060.4691,7624.2155,9435.2192,9153.3154,9091.7659,384007.8506,391770.3320,376461.8713,376802.9684,379636.9265,379842.9846,387132.3522,381814.4226,173114489.2729,173123608.0811,173106654.2575,173101958.9402,10967.7193,13017.2556,10785.8644,8476.7234,12257.9160,2709.4712,3108.8569,9310.9617,4430.6567,8065.4387,7341.6329,3414.2882,384521.7784,392042.1357,376909.3858,377242.2450,379947.9510,380283.3310,387651.9843,382272.1937,173116275.9442,173125393.4168,173108440.5942,173103744.9034,7375.2279,1975.6269,7973.1860,7110.7096,11724.3543,11357.6661,13446.2228,11699.4022,9641.8326,11840.7176,12362.2921,387066.3490,395094.1227,379620.2204,379913.0085,382850.4623,383065.6242,390305.9011,384974.2644,173114159.4648,173123280.5266,173106325.8870,173101629.8679,6703.5425,12228.3627,2055.0751,12469.6440,12183.3134,11616.3188,11522.7030,12803.8639,9731.4832,13626.7190,394154.7214,402074.7792,386673.3269,386977.3695,389867.9463,390099.7750,397364.4012,392028.6617,173120982.9236,173130104.7246,173113149.9870,173108453.4789,9354.6287,5937.4450,11122.8687,10644.4766,13739.6624,10850.5886,10848.9659,10727.4142,12528.0133,387791.1489,395764.5926,380319.2656,380635.1530,383560.1569,383738.0095,390978.7587,385669.7528,173115642.1258,173124762.9738,173107808.3026,173103112.5165,12524.8511,10626.1095,10823.3320,9993.6964,11641.7059,2191.6652,13139.2869,8030.0589,383839.0957,391747.7101,376380.2987,376620.2283,379462.3734,379871.7548,387186.0217,381751.2995,173111080.1958,173120199.9743,173103246.4682,173098549.8281,11486.5795,11084.4360,12209.7072,10414.2735,13191.9609,8578.2666,13335.0921,393377.6029,401245.8790,385870.8595,386198.2692,389077.7840,389270.7320,396535.0260,391222.4541,173121227.5588,173130348.8581,173113394.1675,173108698.0211,866.0999,9470.8018,1860.9598,10205.3830,5021.3613,4888.9892,386417.2388,393865.7102,378774.3059,379131.3835,381816.6515,382118.9959,389491.9478,384133.5630,173118857.9005,173127975.2711,173111022.4122,173106326.8650,10059.4044,1613.8233,10567.7571,4758.6418,5632.2626,386426.1452,393887.7271,378784.1195,379147.7584,381843.9674,382123.0736,389487.5157,384141.3907,173118932.8039,173128050.2462,173111097.2768,173106401.8363,9627.1120,8390.5786,9684.0199,6778.8482,391381.3417,398975.4273,383825.1657,384084.6732,386780.6111,387275.7375,394670.1314,389201.8238,173119753.9720,173128873.3002,173111920.4421,173107223.2023,11300.5410,3230.0687,6293.4297,388002.5638,395446.3022,380354.1697,380721.7168,383411.5880,383687.7798,391054.4766,385711.0010,173120450.3733,173129568.0027,173112614.9794,173107919.4594,12851.0117,6768.6793,384446.1235,392281.4926,376968.8011,377203.3325,380004.8293,380460.8571,387800.8274,382343.4584,173111916.2766,173121035.7437,173104082.5393,173099385.7079,8591.9881,391079.5581,398545.9336,383436.2932,383808.6956,386513.5115,386765.9901,394121.8117,388791.1152,173122989.5582,173132107.9035,173115154.5697,173110458.9051,385481.2230,392990.6708,377880.5181,378181.1771,380860.4526,381285.6778,388679.1769,383250.9415,173116386.0683,173125503.7001,173108551.1486,173103854.9066,21106.5941,10303.2647,8563.6620,13676.8508,12928.7759,11420.2723,7658.5083,172792323.5466,172801370.3058,172784437.8925,172779772.1614,19856.2730,21583.4074,15029.7798,15704.6087,15949.4174,16309.3427,172796053.8953,172805093.1089,172788163.7966,172783499.8558,4772.9613,8800.8501,6538.6520,12631.3789,5440.0511,172802416.5798,172811462.6391,172794530.5748,172789864.9163,8768.0234,10780.2088,15138.9418,7518.1936,172799851.3046,172808898.2124,172791966.1417,172787299.7594,10451.6459,16100.0795,9318.2070,172800993.0624,172810037.0293,172793106.4205,172788440.3492,8768.0234,5388.9382,172802603.2385,172811647.3606,172794715.6748,172790051.1134,7885.5933,172795240.4169,172804284.3068,172787352.2463,172782688.4574,172798198.7525,172807243.7679,172790311.9226,172785646.8322,63618.0583,42816.3034,26392.8985,34293.2434,47679.8115,31440.6275,
900.000,9475.3579,10943.0703,0.0000,1109.9977,13012.3876,11723.4290,9483.9435,13012.7052,10115.1467,11338.2763,11048.8222,2704.6001,3822.1048,13598.9228,12174.5749,851.5624,11885.1069,12966.3501,11505.4586,11239.2882,13262.0799,5174.1486,8101.3377,3599.8272,0.0000,4672.8737,11648.0967,6346.4471,4630.9674,5927.0153,9166.5176,12397.8900,9274.3846,7683.8512,5076.8818,8466.8612,10981.0153,3111.1605,4022.0979,2899.9773,10783.8886,3744.4008,12655.0285,10990.9944,13047.1109,12285.7666,11928.7706,11233.5987,12830.1814,388291.8190,396334.0755,380953.1618,381402.2751,384083.0330,384330.8281,391598.6344,386069.3848,173111541.5862,173120242.8889,173103401.1811,173098736.7476,5687.2649,0.0000,9868.0391,12293.2073,12826.0341,13030.3469,12313.0297,3074.9141,5752.3048,7294.4034,10394.5456,9617.0497,8622.8376,13037.0691,9143.7570,6570.6544,8964.0934,10638.1659,8131.8099,12018.4631,5501.3565,12494.3930,11751.2245,0.0000,5786.2023,9490.1500,7561.8334,11470.5806,7476.0209,4228.9361,12136.2186,5557.1449,10755.5376,8435.1015,12228.6032,12861.4194,10220.2655,9409.3662,10186.7125,7196.7291,10640.2801,12605.6426,13537.1797,7557.3058,12824.0061,7639.2962,12568.2690,11843.6188,390169.3019,398189.4437,382863.7266,383227.2066,385830.7517,386326.9536,393671.6961,387995.8909,173111098.6662,173119800.3406,173102959.4227,173098293.4724,0.0000,11613.7799,10497.2691,12807.0071,13243.6139,10767.2923,8095.5649,9407.8167,10871.2499,10388.4865,9052.0281,7761.9444,11844.8640,10460.7308,1762.7072,10341.8489,12533.0464,2855.3249,10310.2360,7397.5489,10172.6464,12035.9663,0.0000,9226.7180,11941.7505,11659.2613,10555.5021,11536.0054,2876.9303,8915.9104,2462.4358,13466.6824,7519.4794,9501.1348,10417.6961,9977.3050,12355.9823,10066.8160,1841.7309,12765.5183,10455.0248,12255.3878,8936.0258,11612.4188,2535.9485,13206.7582,9011.2415,385275.8618,393161.5047,377924.9932,378299.4021,380841.4850,381367.4876,388745.8172,383055.1573,173108232.4965,173116932.3902,173100092.1996,173095426.6754,0.0000,0.0000,0.0000,0.0000,0.0000,0.0000,0.0000,0.0000,0.0000,0.0000,0.0000,0.0000,0.0000,0.0000,0.0000,0.0000,0.0000,0.0000,0.0000,0.0000,0.0000,0.0000,0.0000,0.0000,0.0000,0.0000,0.0000,0.0000,0.0000,0.0000,0.0000,0.0000,0.0000,0.0000,0.0000,0.0000,0.0000,0.0000,0.0000,0.0000,0.0000,0.0000,0.0000,0.0000,0.0000,0.0000,0.0000,0.0000,0.0000,0.0000,0.0000,0.0000,0.0000,0.0000,0.0000,0.0000,0.0000,0.0000,12915.9366,11256.9517,8905.7757,12872.5590,10175.2425,11173.1046,10688.1976,3469.0329,4796.5009,13655.8744,11918.6315,1950.4843,12457.9041,12714.8399,10944.2540,11903.9492,13170.4911,5979.5231,8407.6765,3432.1811,0.0000,5043.3142,11157.6631,5820.9381,5112.1207,5439.4719,9924.0778,12577.5927,10086.6627,6792.7408,6113.8930,8878.4713,11021.5312,3954.4513,3142.7442,3749.8781,11501.5669,2685.9454,12604.7292,10730.2090,12949.4930,12046.6447,12512.5169,10657.4727,12936.7219,389193.1668,397215.3055,381845.4456,382302.2661,384978.6404,385213.5283,392480.9139,386960.1664,173112601.3767,173121302.7272,173104460.9705,173099796.5701,4462.2851,6694.3898,551.5450,12001.1453,10325.8046,10154.6972,12404.7840,12436.9792,5848.1631,2407.1979,13205.2499,9307.2983,6967.1752,7459.8286,9152.4949,737.1429,13551.0774,8514.3760,11494.6426,0.0000,13842.5643,8353.2523,12822.7050,11264.7038,13023.5110,12106.1866,3559.1318,11699.2538,10684.7998,12632.2659,8563.0805,4282.7012,12356.5141,12775.0033,12435.0900,10036.7846,12124.0794,1269.6406,4351.8582,7812.3163,2027.7433,8747.4023,5818.0674,2401.6894,388716.4663,396156.2550,381189.7331,381670.4802,384064.5663,384488.4223,391914.7365,386299.1568,173116524.0230,173125221.7860,173108382.1697,173103717.6044,3308.6947,4013.2115,11757.7720,9754.8907,8717.2345,11777.3266,12417.8771,8135.4875,2647.3506,12181.5401,12034.5708,6752.8936,4667.6261,12018.3195,4693.2530,13524.4296,9222.5683,10033.3689,0.0000,13000.7169,6264.3854,10699.7586,10921.3071,10988.2136,13569.3694,7225.9812,13456.1571,7311.3862,13121.2890,9720.9276,6087.9704,11945.7557,10424.0356,11955.4441,12591.6714,9643.3333,4870.1027,3719.8607,8396.3827,2738.5731,11740.3714,1525.4354,6528.1930,391837.4298,399323.6635,384314.4533,384817.4890,387252.9718,387593.5544,394986.8171,389419.8692,173119394.9477,173128093.5475,173111253.3514,173106588.9467,6428.3171,12228.6230,10853.7190,9690.7625,9509.2242,10510.2780,10380.1658,4549.9561,10054.9278,12856.4574,9001.7503,6194.1071,12413.1788,7121.3925,12387.0480,7623.6037,7284.1175,0.0000,11753.5910,7728.1593,9633.0415,8632.7829,9818.9054,13456.5953,8228.0721,13289.6334,5910.3258,11632.5863,8382.9567,6092.9063,9784.9893,8441.6617,9773.9529,12853.5810,7187.9040,6542.5022,3544.0323,10422.0072,4849.1343,12509.7333,3088.0134,8081.6752,390985.0609,398565.5531,383483.5947,383998.5932,386491.8703,386757.8672,394112.5830,388586.9284,173118375.6469,173127074.6285,173110233.9872,173105569.9297,11884.6785,10101.2789,9844.7671,12506.8421,12599.2504,5835.7529,2172.1092,13234.5554,9598.2224,6643.2331,7000.2475,9531.5413,800.3629,13632.3206,8779.0260,11510.3401,0.0000,13816.4990,7940.9789,12611.9732,11414.1820,12832.0400,12304.2637,4082.8816,11952.4044,10359.3910,12831.4710,8876.6492,4594.8665,12482.1313,12608.6154,12551.9052,10374.6745,11974.9095,1692.1492,4309.7045,7612.9166,1754.9263,9095.4982,5361.8247,2936.7063,389250.6368,396688.7746,381722.8918,382205.1170,384599.5402,385019.8607,392445.3353,386832.0260,173117016.7721,173125714.6244,173108874.9701,173104210.3857,3125.0977,4601.3911,11519.5416,11184.8314,8169.6571,12524.4539,10030.7384,8497.4968,7181.5513,8636.1514,10207.9345,11659.2846,7383.9422,13517.7983,12206.4412,0.0000,6534.4326,7210.4927,6191.8877,12572.0409,6316.8814,7121.2869,12724.5612,8311.9897,9165.6774,10442.9429,13443.6340,13248.8277,11490.8732,8769.2299,11422.4992,9521.4616,10190.9434,12549.6974,13278.7621,6033.2624,12303.1850,9507.8306,11238.8824,12152.5523,393050.4103,401019.2895,385725.1047,386100.0582,388686.1025,389172.3645,396523.1885,390855.2394,173114087.2321,173122789.1554,173105948.1625,173101282.1122,2058.2489,12652.9547,12576.5141,6537.6785,10811.2883,11441.7765,9243.6135,4393.8371,6127.4397,10981.1882,9902.4709,9712.8194,13626.2922,12684.0037,0.0000,8704.5449,4494.8611,6826.5554,13326.1207,7161.9667,9214.5143,11858.7008,10140.0876,8224.3605,12141.6717,13659.9168,12390.7789,12689.9234,9350.2668,12630.5051,10635.1019,10488.8113,11110.0695,11959.7911,3654.8753,10557.5730,10080.5644,9194.3976,10998.9853,394507.3802,402337.5139,387132.1246,387528.5751,390059.5721,390546.6457,397922.4706,392258.2899,173116739.7468,173125441.0913,173108600.3694,173103934.4052,12534.1695,12751.9406,7395.0325,10215.9157,11303.0787,10685.2829,4246.4471,4580.3018,12143.6553,9797.6118,10369.1969,13525.4021,12120.2689,0.0000,8985.7173,2908.5784,6060.5530,13160.1397,6503.6973,10587.8056,12077.1886,11424.2456,6629.2834,12635.4294,13711.8920,12197.1510,12663.0243,8491.3776,12585.3286,11896.8360,9542.3141,10952.8960,11284.3098,4502.5139,10012.2831,11367.4011,7904.6344,11202.4804,395549.0685,403349.4140,388156.0867,388572.3356,391103.2242,391548.0384,398916.8337,393278.6973,173118303.3819,173127004.7213,173110163.8683,173105498.1073,1817.7512,13638.0782,11663.0516,2492.1896,11272.9203,13689.7540,12502.7764,10078.8454,12746.6758,5937.7043,6014.2626,2929.6713,0.0000,6553.9896,12833.3309,8681.6535,2206.0188,8311.1704,8990.9282,11138.8092,8672.2337,9359.2336,3738.7022,6295.1562,9659.0042,598.9722,6430.1580,451.2543,9788.5219,5600.4400,11812.9909,10216.9822,13728.0216,11798.7942,11044.9465,11618.0661,11847.3599,385815.4810,393806.5304,378457.1829,378915.0751,381575.9230,381822.3789,389099.4798,383571.8731,173110055.7727,173118756.2686,173101914.8372,173097250.6773,13219.0997,12037.2918,3256.2335,10070.4824,13736.8062,13085.4546,8773.7621,12732.7712,5078.0381,6073.8605,4603.9474,0.0000,6426.4134,13261.8525,9316.5141,2917.2862,8931.4764,7617.7624,10809.4211,7172.6878,10481.7697,1991.4456,6051.1746,9747.2325,1246.4868,7551.2382,1370.0568,8387.5322,7040.7764,11836.4949,10772.1282,13520.4000,12122.9112,9841.1884,12392.0964,11571.8106,384766.6425,392776.8236,377420.8234,377862.3189,380520.3048,380804.5118,388089.7579,382538.7623,173108678.3672,173117378.7933,173100537.5058,173095873.1877,7636.1052,13601.3166,6430.2688,4068.0250,7492.9003,7924.9910,5208.5772,12100.4126,11738.8335,13629.9221,0.0000,12373.4983,7020.5224,11685.3177,13323.3074,11917.5896,9514.2043,7172.8009,9633.4071,11415.7722,12664.0509,11509.7715,8948.7000,13504.5597,12967.5797,13550.5530,8325.9576,13218.6915,6745.9730,9432.8194,3241.2952,7229.8820,6685.5198,8661.4649,5989.0052,390487.9276,398075.1158,383033.7987,383449.3699,385869.4939,386410.2810,393844.7317,388155.6030,173115436.2871,173124135.3637,173107295.6750,173102630.0915,12501.7088,10906.2126,7653.4564,6790.0102,10550.0642,2958.7730,13617.8648,7907.6080,10239.4315,0.0000,13617.3642,8094.9745,12160.2916,10453.2898,12369.3737,13020.5311,4842.1896,12651.8362,9319.2037,12602.4048,8242.9917,3916.6050,11719.0200,11709.8419,11777.2787,11336.1404,10804.0905,2389.9948,2375.1681,8893.3395,435.3861,10366.6100,4120.3243,4254.6158,389436.6287,396883.3273,381902.5361,382404.1609,384817.9667,385180.3012,392587.1544,387008.0673,173117599.2147,173126297.1238,173109457.2396,173104792.9550,11491.4644,13179.8318,11961.2971,10808.9104,13441.3120,4531.0654,8111.8321,4087.2706,0.0000,4386.6953,12029.4604,6715.7543,4591.0668,6271.8222,8586.4134,12408.1276,8674.6485,8365.2682,4355.5599,8381.0171,11131.3730,2766.4669,4676.8958,2561.9675,10293.8198,4562.9790,12830.2688,11354.6797,13133.1713,12595.6939,11546.5901,11756.3753,12879.0117,387721.3078,395784.1255,380391.8682,380833.4796,383519.0399,383778.8791,391046.6850,385509.5286,173110755.8149,173119457.1373,173102615.4539,173097950.9664,9486.4595,11979.3408,2557.1175,9061.6328,8806.0819,10201.4607,12593.0934,0.0000,10405.4257,11452.9665,12265.0803,11176.8002,12211.5758,4543.5278,7828.6815,4126.6719,13581.8956,8739.1599,9530.2718,9695.7710,10890.5869,13021.4094,10988.5964,2369.0588,13322.5582,9342.1460,11571.4098,8097.5439,10634.4195,1312.9754,12573.5252,7772.0822,385531.0229,393330.4097,378152.0317,378533.7799,381036.9855,381580.3054,388978.9265,383280.6712,173109167.2302,173117866.6550,173101026.7235,173096361.2091,4070.4308,10907.3074,6430.4187,12316.9311,12762.6340,13119.0887,0.0000,11692.6768,3222.4204,9517.2376,13665.2541,9897.7617,11174.8062,9421.5488,11623.3362,8696.9737,13564.9636,12843.4012,10139.2426,13726.9624,11167.0008,13712.5856,11081.1311,11603.1798,8032.9350,9419.6123,2075.7727,7328.2621,9898.2293,6598.8911,8224.3852,393997.3198,401611.5379,386544.4432,386974.7466,389420.3577,389907.6766,397321.6667,391663.8676,173118561.9951,173127261.8885,173110421.7483,173105756.1481,12797.2532,7258.2627,12463.4384,11969.9034,11171.0195,0.0000,11285.1824,1806.0268,7990.5372,12461.3839,8434.2137,12792.9000,10191.4814,13182.7150,5440.9656,13490.4812,12371.6197,9725.5304,12708.8311,9011.2721,12657.1834,12976.7781,9134.1581,8277.4301,7962.0013,5889.3888,6666.9345,12195.5952,3670.0275,9251.3080,395090.0389,402709.1205,387621.9089,388088.4084,390564.4384,390948.4856,398331.3624,392734.7976,173120363.0141,173129063.0930,173112222.5204,173107557.4167,9099.2765,8769.1812,8364.2882,11496.3233,0.0000,10690.0607,12587.5300,12893.4803,9653.9033,12777.6459,5086.6631,6814.2601,3993.4037,13859.8945,7533.5731,7556.1649,8466.6855,9633.7820,13026.7787,9772.2208,1297.0266,12994.1625,8838.1777,10771.3143,9868.4597,10351.0583,1560.5503,12694.0070,7236.6175,383590.6743,391377.8453,376199.0449,376598.5192,379108.8153,379608.7393,386997.5306,381324.6947,173108102.9465,173116801.8956,173099961.9601,173095296.8602,13577.0471,9060.1271,11915.4919,0.0000,13845.7503,8038.4355,12782.7299,11698.9541,12999.3563,11978.1484,3926.5116,11627.6373,10778.6312,12841.2147,9072.6112,4937.3428,12691.2305,12917.1565,12765.5169,9957.9080,12374.0828,1948.6357,5011.3089,7231.5730,2543.5804,8572.3800,5969.9886,2601.9107,389076.1111,396517.9598,381553.0237,382027.3304,384417.5551,384858.3969,392289.2711,386663.6325,173116650.3158,173125348.1689,173108508.5851,173103843.8931,10068.7010,8096.8771,0.0000,2695.1953,11939.9315,7090.8936,7603.3526,6668.4828,4840.2122,12590.2506,5432.1545,10296.5628,4052.6000,9911.5911,12345.9194,5738.5528,7082.9866,5672.5525,7821.4505,7936.3643,13390.2383,13138.1028,11568.3468,13566.8390,9262.1247,13223.5687,12872.3531,387545.2920,395670.1508,380256.5806,380648.0030,383326.9584,383699.7236,390989.8995,385383.7095,173108976.3548,173117678.0855,173100836.6407,173096171.4409,5710.4586,0.0000,11092.6947,12792.3099,12133.4636,3985.3809,11986.3390,10456.8415,6433.9411,9566.6837,10997.7786,7009.9388,1029.9469,4587.7898,5860.6588,10344.9920,6023.4960,8889.8001,9029.5680,7492.9410,6193.0110,13069.5488,8089.3182,9366.5310,9835.3243,7561.1827,383774.6788,391482.2235,376318.8617,376808.7140,379347.4808,379629.9958,386968.8589,381427.5658,173110968.8125,173119667.1961,173102826.7168,173098162.9270,0.0000,7952.5599,11847.5972,8444.5488,2832.5540,8196.7813,11002.1665,10816.1079,10734.5075,7682.7759,6445.7420,6414.0431,8755.4049,3422.5837,5711.3852,3350.1727,11438.8111,4097.6460,10910.6960,8544.4542,13599.9564,10455.2324,12294.8860,9760.6968,11422.1211,387340.5233,395234.9352,379941.6656,380428.6294,383062.1066,383269.3606,390551.5849,385050.6500,173112637.5953,173121337.7768,173104496.3616,173099832.4472,0.0000,0.0000,0.0000,0.0000,0.0000,0.0000,0.0000,0.0000,0.0000,0.0000,0.0000,0.0000,0.0000,0.0000,0.0000,0.0000,0.0000,0.0000,0.0000,0.0000,0.0000,0.0000,0.0000,0.0000,0.0000,0.0000,0.0000,0.0000,0.0000,0.0000,0.0000,0.0000,0.0000,0.0000,0.0000,0.0000,10691.9119,4696.0842,8403.9183,4223.9284,6860.8185,13535.4181,7670.9991,8489.9795,6119.1939,11158.9593,13012.1011,6602.2472,5087.2516,6462.9625,9846.0177,6458.5907,13829.2913,13198.7348,11193.8325,13583.4946,10955.7962,12408.3111,13626.8180,390065.5191,398195.8791,382775.4098,383174.8527,385863.0027,386210.3830,393491.6617,387900.9802,173111197.5064,173119899.7623,173103058.0627,173098392.7983,7433.9978,13031.1157,7901.5620,12096.6563,10887.1445,12654.4556,5967.1424,13445.4704,13097.0905,10758.8901,13005.4700,9060.7130,12945.7276,12629.6190,9559.4182,9236.4059,9350.2795,4750.5953,7912.8962,11856.2880,5397.6953,9900.5503,395555.2824,403227.6895,388111.6711,388558.0423,391046.1007,391462.9372,398846.1138,393228.4716,173119900.6561,173128601.1779,173111760.5553,173107095.1470,10053.2917,551.3962,10067.9261,13706.6497,10888.1809,4663.3187,9659.1136,12491.0831,12867.1361,8970.2614,3181.4109,8810.1206,12361.8881,5011.6396,13085.3262,12023.9086,9701.6252,12143.3989,12805.1322,9670.3721,13435.9750,393960.9823,401969.1213,386623.2627,387050.1232,389696.4169,390020.4576,397316.5928,391743.9145,173115893.1794,173124595.4407,173107753.7331,173103088.4763,9764.1556,9724.8456,9733.4309,9140.3465,9865.3226,4672.0478,4378.8984,8013.3854,2175.9061,7778.8645,2307.6077,9643.2155,6554.5649,10504.8103,8779.0150,13844.7265,10627.6816,10707.9688,10998.2835,10605.5619,384812.6546,392707.0323,377418.1659,377893.1429,380517.0974,380758.6622,388051.8381,382529.6865,173110270.0474,173118969.7514,173102128.6063,173097464.6922,9843.6105,13769.8479,10656.8630,4987.6198,9270.5500,12332.3537,12912.0691,8597.0252,2941.5642,8432.2611,12214.9055,4844.8029,13241.9063,12156.8921,10021.3468,12358.6410,12744.2665,9995.1157,13552.8124,393573.6490,401600.8927,386242.1561,386667.5166,389322.5108,389642.3748,396933.8434,391363.0526,173115408.9098,173124111.2110,173107269.4638,173102604.2327,10727.7658,1448.4428,12659.7153,5907.3445,9915.4216,11610.0326,8599.3226,10751.3067,8647.1577,3865.0404,11411.3632,12038.5212,13125.1342,9848.4639,12844.0454,5253.2414,13687.0581,10898.1689,385965.0326,393978.3815,378654.0467,379022.4879,381626.0185,382112.3575,389456.1617,383785.4231,173107834.7543,173116535.5455,173099694.8609,173095029.3151,9941.5876,12276.4825,10824.4880,6131.8149,2901.1768,10945.9988,13264.0084,11078.3287,7911.8892,12490.2423,2650.2194,5256.7094,9651.6164,4703.4669,6868.5282,8484.4896,1469.5431,385318.8653,392817.0449,377811.5895,378283.7770,380701.0313,381124.2026,388540.9084,382922.9896,173113125.3138,173121822.7897,173104983.2166,173100318.8322,13095.9573,5421.9397,8930.5293,10865.6707,8221.4907,11233.0735,8304.3398,2763.0687,11652.7408,11502.5266,12640.6773,10393.3351,12490.0493,4510.6082,13710.4127,10270.0090,384742.6711,392722.7685,377417.7954,377794.3911,380386.8872,380865.4818,388213.3214,382547.7726,173107256.1017,173115956.4431,173099115.8878,173094450.5321,11409.3620,11632.4114,10829.3168,9762.0155,4355.5549,9635.2339,13755.7418,4401.6455,10939.9009,9048.2949,9817.2046,9407.1898,13780.8117,6009.5702,11925.6758,394526.2319,402336.7355,387108.8491,387585.2643,390167.7167,390440.0815,397756.0266,392220.0580,173118894.3046,173127595.4119,173110753.9964,173106089.2876,6719.9941,10290.2422,3208.3442,8492.0369,3299.5946,6943.3797,8362.0489,12104.8989,11632.0024,13051.9460,12622.9406,8612.9590,13162.2168,11538.8982,384316.8696,392355.8023,376989.0928,377408.7599,380064.7461,380397.4196,387692.0212,382111.2067,173107595.6943,173116296.2330,173099455.0646,173094790.4691,4725.7964,6049.1058,10862.7857,6231.0037,8116.7180,9678.5328,7533.9211,6733.0201,13003.3594,8380.8295,8636.8640,10398.2031,7339.2051,383143.1925,390857.5787,375692.9430,376174.1445,378709.6964,379013.6158,386357.8508,380803.3884,173110197.1499,173118895.4647,173102055.0776,173097391.2071,9578.6428,11849.7155,9698.1759,9373.4523,10722.3456,3103.3235,2986.0771,10768.5179,4048.3890,8819.3029,7247.9484,3707.3211,385772.9976,393290.9376,378260.2692,378757.0743,381203.5331,381549.1787,388939.5075,383367.1201,173113984.9104,173122682.5525,173105842.6423,173101178.6264,6862.4857,220.8744,9331.5534,6112.0544,11747.1471,10309.4731,13691.7515,11841.7146,10644.0382,11845.4633,11688.1584,385374.6117,393367.3660,378018.4505,378472.2635,381130.8011,381388.0531,388668.2024,383133.9707,173109585.6025,173118286.0276,173101444.6555,173096780.4665,6678.1499,12615.3381,2018.2012,12755.1117,10960.3650,11591.9932,11799.3449,13281.3191,9476.6075,13280.8003,392231.3442,400228.7786,384878.4184,385331.9023,387993.1178,388247.6657,395525.0531,389993.8652,173115190.6643,173123892.4762,173107050.6622,173102385.9526,9455.3806,5943.0566,11840.9664,10374.1508,13685.7647,11900.5706,10763.1640,11826.9081,11801.1298,385555.0157,393553.2007,378200.5898,378654.2310,381315.4621,381570.7446,388849.2816,383316.1219,173109693.7991,173118394.2921,173101552.8887,173096888.6889,12744.8149,9784.9427,11520.7485,9911.5792,11140.0003,2052.8186,13135.0807,8275.0833,383890.3087,391740.6665,376521.9990,376910.7243,379445.4287,379947.4786,387325.5591,381649.6782,173107683.6647,173116383.0587,173099542.9558,173094877.7277,11952.9768,9720.1862,12225.4504,10958.8633,13385.9233,8796.5587,12638.4922,391256.9489,399195.8481,383877.7283,384351.6238,386998.2885,387221.6760,394500.2586,388989.2179,173115269.2224,173123970.4597,173107128.7473,173102464.3770,3692.8297,8791.2508,2183.5791,8640.0732,6265.6797,1945.2488,387657.0397,395102.8049,380128.9990,380615.6715,383017.2992,383422.2700,390842.1891,385237.3783,173115750.7091,173124448.2977,173107608.6620,173102944.2759,10572.2859,2762.9831,10924.9897,4812.3773,5327.1316,388323.2239,395811.4102,380794.8666,381309.5020,383754.6450,384062.7005,391446.4029,385898.0565,173116726.6402,173125424.5643,173108584.4545,173103920.4991,8541.6443,8707.9678,8347.7793,8523.3989,393214.3077,400884.1739,385787.7488,386195.6229,388652.6559,389178.2463,396593.5811,390911.3212,173116982.4812,173125682.5914,173108842.4861,173104176.6469,10112.9474,4205.5741,4001.8296,389502.4974,396949.5776,381970.3881,382467.8581,384878.6593,385252.4358,392662.6175,387076.7155,173117550.1260,173126248.0564,173109408.2065,173104743.8517,12406.1854,6976.5944,384659.3745,392420.5926,377263.8634,377656.7432,380148.6976,380678.0160,388079.5975,382390.5042,173108973.0540,173117672.0681,173100832.2347,173096166.9242,7804.5531,392973.9157,400504.8323,385464.7518,385965.8394,388422.9461,388749.2125,396130.3743,390570.7102,173120015.6617,173128714.7494,173111874.3250,173107209.8476,386556.7407,394033.9945,379045.7672,379513.9568,381917.4733,382360.5954,389786.5029,384157.7505,173114183.2526,173122880.8463,173106041.3231,173101376.7619,21333.4865,10213.5464,8368.7054,13890.6051,13005.5383,11777.5188,8101.5506,172788274.1700,172796901.0808,172780082.0660,172775447.1100,19927.6512,21469.1575,15090.8741,15609.0938,15871.6843,16107.8285,172792111.8678,172800731.1715,172783915.3280,172779282.0986,4513.4684,8903.7014,6550.3105,12711.7344,5189.8448,172798261.2528,172806887.4426,172790068.7923,172785433.9033,8832.2091,10490.3993,15027.0641,7130.1134,172795702.1415,172804329.1087,172787510.4556,172782874.9028,10327.7041,16260.0723,8941.5074,172797038.3035,172805662.3732,172788845.2165,172784209.8837,8832.2091,5120.6296,172798564.9519,172807189.1514,172790370.9266,172785737.1024,8333.9921,172791341.6423,172799965.5405,172783146.9346,172778513.9472,172794467.0563,172803092.0846,172786273.7388,172781639.3858,63452.2308,42628.9536,26672.6965,34510.2951,47323.6667,31232.5866,
1200.000,10133.0397,11969.8125,0.0000,2710.9711,13070.2119,11865.8810,8220.2363,13097.3564,11019.1756,11386.5749,10945.1422,1992.0740,2923.2183,13604.1518,10461.9990,3678.1596,12509.0976,13127.1499,12072.9279,10032.9236,12137.4061,7610.0374,7926.5587,3716.6950,0.0000,7998.1084,12449.4076,8550.7698,2713.3925,7924.9129,10763.3989,12383.5514,10536.9006,6716.1681,6567.0285,8476.0059,9211.0624,3011.9275,3570.8710,3563.5814,11614.5980,2483.0422,12690.6514,9802.1603,13066.9948,12452.6065,12338.5845,11440.5036,11625.5635,386519.2156,394531.4463,379285.8642,379890.4252,382289.6701,382580.1644,389877.8205,384223.5946,173106857.8733,173115141.6949,173098413.7908,173093788.4541,5539.1146,0.0000,8559.8206,11510.2598,12756.8880,12997.0474,11605.2892,3163.4830,6727.2566,9479.3104,11033.2937,9983.8853,9927.2812,13492.8495,7396.2678,6964.1227,8897.4474,10652.9390,8128.6734,12757.7199,3445.8034,12116.0764,12089.3919,0.0000,4183.3644,9468.8176,7162.2103,11682.1050,7014.1777,3229.6603,10896.6667,4511.5957,11474.5532,6303.7941,10931.1242,12969.1554,10243.7858,10108.8409,8906.6424,6384.8004,10864.7162,11769.7802,13613.7640,9022.2234,12329.3171,7716.2897,12591.2226,12335.3997,387739.5532,395800.8691,380565.9242,381074.5440,383412.8981,383965.0319,391341.1348,385515.6647,173105018.8799,173113303.3951,173096576.1985,173091949.2047,0.0000,11589.5637,8440.5210,11763.1763,13306.4508,8751.5446,7382.6796,9667.9164,11725.0206,11946.2409,10691.6657,7982.1664,11914.8550,10410.0529,1765.7469,9179.1663,11366.7787,4603.0982,10293.5985,7387.3636,10019.2606,12372.6899,0.0000,9193.8396,10517.3829,11284.9808,12427.7630,11289.3657,2822.9958,6754.8680,2562.6929,13670.4343,7324.5817,8314.1426,10944.4652,10817.9797,12921.7106,9942.8753,1378.6597,12977.7799,8446.3488,12301.5320,9395.4368,9904.7727,2513.5134,12341.4263,9177.6260,385523.2892,393335.3686,378267.7887,378796.8131,381022.4796,381623.2327,389057.0218,383206.1712,173105310.7921,173113593.3881,173096867.1160,173092240.3674,0.0000,0.0000,0.0000,0.0000,0.0000,0.0000,0.0000,0.0000,0.0000,0.0000,0.0000,0.0000,0.0000,0.0000,0.0000,0.0000,0.0000,0.0000,0.0000,0.0000,0.0000,0.0000,0.0000,0.0000,0.0000,0.0000,0.0000,0.0000,0.0000,0.0000,0.0000,0.0000,0.0000,0.0000,0.0000,0.0000,0.0000,0.0000,0.0000,0.0000,0.0000,0.0000,0.0000,0.0000,0.0000,0.0000,0.0000,0.0000,0.0000,0.0000,0.0000,0.0000,0.0000,0.0000,0.0000,0.0000,0.0000,0.0000,13727.5962,12535.2937,9349.6345,13724.1600,9251.5483,9909.9882,9976.6510,4629.3985,4785.4249,13553.0639,11883.8059,1959.7639,12406.5978,12455.4465,11697.2535,10582.8595,13189.4675,5919.2901,9918.9512,6279.4819,0.0000,5694.9181,11728.7169,6602.1822,5318.0773,5830.5548,9892.3714,13253.0657,9999.7800,6687.3754,6241.3288,10074.6104,11018.9633,5030.0608,2997.9174,4511.0581,11510.1353,3467.3851,13559.3337,11351.8882,12396.7756,13306.2258,12471.1268,11906.6138,12880.1281,387516.8620,395630.6702,380325.6302,380903.4959,383332.0505,383656.9610,390949.0164,385269.9188,173106331.8363,173114616.4925,173097888.3900,173093262.6400,5096.0646,8959.3342,534.4993,11303.7916,10382.4481,9990.4600,12452.1424,12471.0613,3643.1099,5682.0882,13703.7508,6990.6941,7001.3369,7568.3880,8996.3451,2734.1768,12905.4109,8480.8397,11528.6306,0.0000,13223.1767,8015.4780,12614.6391,12056.0463,12977.1249,10442.9664,3479.6472,10205.0924,11760.4041,12466.3806,8727.9794,6515.8222,12366.9342,13258.7549,12803.9233,8372.8618,12887.1844,1266.6253,6581.7389,7098.9312,2044.3681,6679.9680,6524.2010,3314.2110,390103.6641,397599.5511,382724.6049,383326.5931,385452.6823,385974.0888,393432.5549,387643.2996,173113002.7997,173121284.3102,173104558.2927,173099932.0869,5122.3230,4648.9878,11698.4659,9353.0876,7291.4431,11515.4904,12349.4742,5681.9185,3744.1083,13232.0067,10808.2215,6605.6880,4709.4187,12077.0662,3621.0998,13606.1191,9468.7457,10337.2221,0.0000,12878.4423,6239.1607,10817.1966,10744.1538,11283.0268,12853.7632,7870.6859,12888.2722,8267.5349,13698.0644,10733.0869,6509.0975,12217.4833,10995.2630,13013.0036,11847.0289,10745.8887,5571.9416,4370.2221,6491.6766,3382.2529,10678.0798,1686.6730,5932.0569,393485.0791,401046.1073,386114.0776,386739.1112,388920.4255,389345.0724,396760.6864,391033.0618,173116042.8191,173124325.3189,173107598.6015,173102972.6056,8701.6156,12301.5310,10254.8475,7760.9084,7914.6796,9421.4044,9767.8982,4480.9311,10585.3571,12855.8073,9655.8559,7083.1365,12449.8644,6951.8081,12553.4691,8273.6114,6615.0363,0.0000,11721.7432,8580.5090,9547.2294,6873.9301,9703.6334,13531.0600,10347.1279,13469.7187,4541.7145,12310.3300,10107.5712,6031.1951,9251.5812,7215.2428,10431.1885,13176.5356,6603.3450,8897.8056,3853.6093,9494.6373,7298.6606,12639.6877,4473.4988,8104.5281,392251.3887,399955.6438,384912.7657,385555.8540,387828.6325,388137.9566,395491.7897,389835.0670,173114580.2395,173122863.3144,173106135.9009,173101510.4626,11258.1257,10157.4583,9642.6812,12521.7058,12615.2162,3410.0783,5523.1508,13764.9686,7344.1845,6689.9230,7138.4783,9400.0518,2589.7764,13019.8057,8728.4641,11578.3385,0.0000,13201.9985,7645.3804,12429.5832,12090.8362,12819.6012,10678.4806,3993.0573,10496.4631,11510.2911,12691.9478,9074.2916,6611.6128,12511.2338,13149.9063,12968.3317,8737.4205,12813.6777,1681.2143,6438.7048,6773.6979,1754.2558,7085.1696,6076.2516,3584.6154,390614.3429,398112.7720,383235.6610,383838.5801,385966.8828,386484.3461,393941.0379,388154.3754,173113438.2558,173121719.8769,173104993.8100,173100367.5842,3880.1879,7084.3577,12106.1016,11559.9194,8935.0680,13244.7021,8693.0418,8345.8206,6836.5800,8605.0831,10413.1696,12501.0377,5708.1635,13376.2752,12932.3279,0.0000,4232.8372,7157.7699,5358.4072,12501.8130,5578.6948,5911.9078,11655.3016,7200.1626,10434.1800,8872.9654,12660.6905,13454.7700,11785.5283,9958.3855,10751.0333,8431.0947,11041.4427,11856.5034,13420.7389,6919.2370,11920.8458,9194.5046,11249.1844,12710.6699,390902.7691,398958.0220,383727.9632,384237.0192,386572.7940,387125.6415,394502.4943,388677.4594,173107653.4533,173115938.5615,173099211.1915,173094583.9529,3482.1586,12428.9131,12522.7599,7641.0442,11681.6513,10102.7195,10025.4142,4410.4348,5339.0840,12323.8317,11159.0062,8563.7408,13617.7353,12802.1855,0.0000,6260.4038,3858.3318,4259.0766,12442.8264,5022.9117,8981.5288,11825.8597,10029.2754,8436.4101,11264.1645,13566.2247,12750.7445,12669.0732,9410.2626,12158.3946,10608.8919,10578.6146,11159.5121,11884.0493,4346.6969,10507.5872,10734.8838,8540.3820,12118.2350,394089.1720,402064.8641,386880.0951,387413.5307,389729.6285,390244.8307,397622.4492,391824.4346,173111448.5194,173119733.7501,173103006.2575,173098379.0990,11834.9090,12497.2076,7789.2437,9880.2848,10765.1694,11731.0910,4747.8444,3139.6048,13517.0869,9979.0434,10557.0820,13092.3309,11783.0555,0.0000,8215.9865,2907.6678,4821.9265,11504.9047,5637.2101,11382.4288,12030.0347,12150.7035,6146.0309,12616.0614,13674.3492,11551.7207,12562.6516,8466.8694,12556.7319,12407.1649,9489.5190,10745.7453,9987.3903,4513.9079,9446.0893,12196.4808,6031.5670,11447.3961,395609.1216,403509.5231,388362.3642,388929.6494,391236.8392,391684.7513,399052.6266,393300.5593,173114109.7485,173122394.7741,173105667.1446,173101040.3674,2112.7459,13515.1429,9535.6745,5198.1355,12282.2192,13565.1848,12484.7498,9375.4408,11329.5482,8687.4791,6296.4246,2042.0713,0.0000,9502.9595,13024.8323,10059.1987,1279.8848,9522.7856,11125.9538,11510.5094,10663.4308,7547.1434,6845.2061,7084.2318,7865.5541,1937.1112,5160.4805,3500.1970,11392.8235,3622.8312,11903.1857,8832.8450,13517.7402,11781.6388,11940.5449,11328.4091,10572.8212,385559.7498,393487.0086,378294.4695,378914.2854,381282.5998,381565.2263,388874.5413,383227.4685,173107003.2785,173115286.3920,173098558.7333,173093933.6312,13497.5797,10428.0503,4497.8731,11195.8384,13720.7611,13152.6694,7873.4402,11746.4538,7463.9536,6160.7703,3693.2355,0.0000,8979.2635,13446.7416,10378.8769,3285.0129,9791.9941,9735.8556,11043.5013,9146.5292,9025.3163,4991.2558,6180.5864,8420.9985,372.8337,6334.1046,1569.1301,10051.7989,5191.3424,11880.1174,9866.6520,13714.7870,12137.4181,10847.9471,12315.5561,10645.8086,384075.7479,392025.7526,376823.6580,377427.6948,379793.4780,380113.3747,387431.9311,381759.3865,173105237.1277,173113520.1093,173096792.6138,173092167.3784,7948.9895,13518.9627,6886.8170,3728.9766,5506.2518,10184.5959,5597.3864,12036.6036,10977.4297,12976.5141,0.0000,11700.8793,5253.0381,10776.8461,13238.6359,11312.1115,9605.9608,6163.4827,9881.0802,11381.7700,12699.4425,10972.1953,9246.0964,13481.3043,13048.9005,13546.5476,8505.4700,13186.1342,4817.0017,8732.4828,3890.6206,4620.1612,7155.1028,6410.2727,6688.1347,392273.1028,399879.4649,384940.5468,385511.5084,387667.6288,388232.4298,395687.0555,389866.8477,173113291.0241,173121573.6531,173104847.3829,173100220.6034,12530.7329,10946.1623,9557.7650,7956.8608,10777.9254,3093.0636,13601.6550,6474.1071,7957.6257,0.0000,13586.2656,9332.3925,12226.7362,8652.8219,12437.6010,13035.3571,6993.7675,12680.7433,8654.8556,12668.8159,8253.3150,3117.6640,10206.2969,10599.3890,11387.7413,11569.5774,9743.9414,5282.1260,1009.8382,9491.7223,3868.5781,10476.4680,4743.3190,4186.1468,390499.5318,398022.2497,383106.2107,383754.8582,385937.3026,386309.1664,393713.5848,388020.9518,173114404.4102,173122686.0718,173105959.4420,173101334.0293,11410.0103,12629.8292,12378.0763,9387.1870,13482.9475,4360.5467,9825.1819,7012.4944,0.0000,5110.2802,12192.5507,7220.5442,6166.9053,6436.4558,8494.4748,12837.5278,8548.9893,8314.4490,4506.8709,9497.1725,11364.2580,4831.1225,4876.9381,3600.6218,10297.7826,5176.2252,13497.0055,12092.6453,12614.2574,13561.4637,11496.4939,12779.3362,12891.2348,386136.1944,394264.1864,378955.0970,379519.0135,381942.2699,382302.5887,389604.4456,383901.4813,173104749.4043,173113033.8921,173096305.9631,173091680.0955,8741.8372,10901.4515,4736.9068,9023.0310,8801.5502,9517.5146,12419.4089,0.0000,10378.7605,10209.6091,11968.9857,12609.7601,12058.0257,4522.0347,5249.6297,4139.8259,13773.5096,8463.3879,7961.2857,10090.8344,11267.3046,13437.1642,10667.4238,1943.4454,13364.5701,6980.5727,11439.3932,8966.4328,8615.3341,1102.8120,11582.6376,7876.7231,385949.5713,393672.9418,378663.0256,379204.3556,381394.6073,381997.4211,389446.3472,383596.7534,173106536.6459,173114818.7893,173098092.7213,173093466.0514,3373.1826,11890.3966,8167.1098,11124.8862,12751.6751,13343.4507,0.0000,9802.7851,2014.1308,8091.3594,13333.2345,8803.1747,9814.4394,9298.2709,10535.0323,9844.9861,12814.3673,12851.4418,11136.4022,13769.4144,11700.2029,13636.1637,10018.1856,12329.9072,8062.7133,10096.7863,283.6706,7292.8011,9308.3337,6346.9095,9529.4500,394422.2490,402179.7860,387141.0122,387694.9432,389915.0630,390464.4064,397889.2139,392075.0662,173113669.7444,173121953.7130,173105226.8783,173100599.8060,13066.6413,7552.9131,12046.7441,12231.3722,11987.9572,0.0000,10369.8402,1881.2597,7614.6097,11987.2638,8338.8565,11786.8419,10205.3588,12346.1287,7441.2579,13462.7180,12955.7903,10100.1745,13148.2235,10186.0392,13396.1331,11945.6728,10737.6272,8460.9027,8320.6085,3114.8739,6906.4663,11233.3556,3719.6755,9403.1092,395563.7009,403307.8999,388264.5949,388847.9688,391087.7219,391555.9153,398956.1996,393195.2469,173115507.2226,173123791.2833,173107064.1286,173102437.4596,9910.2470,8007.8847,6593.9790,9677.1048,0.0000,10548.7249,12806.7191,12729.8770,9926.7817,12508.7315,5476.7193,6133.8799,4129.9061,13419.5376,5625.4858,4337.4531,8709.0551,7915.8137,12128.7222,7377.3266,3312.8119,11571.5138,8366.1713,10929.3286,12042.4863,9984.2637,4061.9400,12820.5157,7979.4274,382613.4298,390376.2820,375324.5494,375890.9916,378124.2145,378637.0180,386051.0420,380257.5510,173104229.9742,173112511.6579,173095785.3768,173091159.4200,13565.9319,7388.8834,10055.1521,0.0000,13728.3570,8565.0044,12692.8096,10694.9952,13007.5852,11940.8885,4812.9441,11617.2098,10500.5225,12834.2622,8401.7224,4577.9914,11578.0430,12311.4291,12397.0382,10052.7873,11703.1367,2478.9314,4063.4806,8175.1789,1022.1169,8584.2703,5213.9392,2524.6087,390427.5025,397903.8724,383030.4989,383658.8244,385798.5368,386250.5521,393689.1727,387945.6663,173114096.2498,173122377.6616,173105651.4328,173101025.6293,11141.9207,10155.0604,0.0000,3374.1852,11260.4154,7171.9195,9574.5094,6622.7713,4864.3372,11896.3799,5393.7081,10624.8893,3855.9781,10047.8109,12596.2312,7786.0853,8195.3311,6175.3260,7658.1680,8814.9862,12897.7986,13477.3513,11192.5642,13376.6137,9210.9543,13342.5626,12893.8646,386087.0175,394216.1899,378924.7232,379449.3782,381837.7355,382313.4826,389653.4872,383875.3539,173103671.1723,173111955.7252,173095228.1947,173090601.6714,5206.2531,0.0000,12620.2349,12921.2819,13177.0352,6062.0332,12972.6721,10749.7985,6680.6162,9815.2796,10707.0998,8543.6225,2478.1409,3458.6037,5889.8790,10191.2426,7086.5135,9064.5485,8846.7910,7466.7218,6183.8653,12779.3388,8085.6704,8719.9424,10233.7946,5616.2536,384348.9263,391983.9058,376991.6929,377627.3972,379856.3892,380219.4990,387604.1777,381912.2894,173108251.7012,173116532.8635,173099806.2847,173095181.2211,0.0000,10812.7679,12783.2627,10831.5282,1060.2768,10433.6729,11987.7884,10778.3757,11460.8678,7339.2931,8272.4896,6658.4738,6281.5134,3394.2497,6005.6900,5188.4646,11763.2526,4280.8068,10906.5124,7172.2831,13283.6267,10627.7077,11973.7261,10269.6537,9381.6516,386163.8135,393994.7093,378862.8390,379500.3111,381834.0613,382106.1945,389427.6880,383790.3109,173108565.9020,173116848.5444,173100121.0534,173095496.1007,0.0000,0.0000,0.0000,0.0000,0.0000,0.0000,0.0000,0.0000,0.0000,0.0000,0.0000,0.0000,0.0000,0.0000,0.0000,0.0000,0.0000,0.0000,0.0000,0.0000,0.0000,0.0000,0.0000,0.0000,0.0000,0.0000,0.0000,0.0000,0.0000,0.0000,0.0000,0.0000,0.0000,0.0000,0.0000,0.0000,9486.5553,4136.6076,10114.6381,3595.3264,6975.6715,13095.5602,7879.4847,8914.0511,6852.0395,12065.1243,13302.1665,9268.6027,7036.0506,8051.6219,9771.1697,8267.7177,13468.8304,13449.1660,9807.1885,13425.7287,10936.9939,12234.1726,13673.4733,389315.1768,397483.9464,382165.8151,382689.3999,385097.8629,385558.7601,392886.5586,387117.9144,173106019.3226,173114304.7534,173097576.8726,173092950.1279,7000.1920,12698.4559,7781.3385,10801.1936,10412.9356,11533.4464,8333.8930,13075.4597,13312.1784,11151.1181,13489.8789,10576.4047,13471.3516,11279.0890,11321.7481,8985.6169,9727.4384,1741.7488,7812.8055,10710.4175,5480.4636,10148.5100,395382.4158,403177.8510,388107.6148,388670.6892,390918.9735,391424.8658,398829.1851,393042.2916,173114478.5915,173122762.9566,173106035.8148,173101408.8667,10182.6098,913.0275,9820.6500,13510.5375,10698.2196,6150.7036,9922.4855,13334.0361,12836.3731,10566.3174,6006.7388,10028.6063,11922.1777,7575.1352,13069.1672,12072.8881,7980.2602,12338.5681,12491.7474,9740.7591,13372.6365,392954.9987,401059.5463,385777.2422,386322.7511,388717.4323,389141.0677,396466.9612,390724.9075,173110006.5070,173118292.2517,173101564.1776,173096937.4563,9726.5024,11807.8716,11365.1882,11366.4230,6908.5055,7904.5945,7274.9603,7159.2634,3054.9483,5123.0934,4704.4359,11890.0252,3390.3016,11509.1966,7880.4593,13267.6030,11198.0741,12241.1284,10537.8492,10108.1543,386365.2051,394249.3340,379082.9310,379713.2754,382068.5559,382338.5653,389650.5307,384013.1338,173108211.1800,173116494.1828,173099766.5387,173095141.5090,9669.1775,13664.8784,10501.2522,6177.8277,9353.5694,13086.0449,12847.1554,9996.8645,5466.8341,9391.3211,11864.2391,7078.0475,13355.7958,12230.6115,8704.0117,12706.2591,12549.5987,10248.4919,13545.5608,392255.6501,400384.0318,385084.6090,385630.3621,388037.7718,388450.3808,395768.6531,390033.0457,173109282.3294,173117568.0741,173100839.9440,173096213.3069,8991.3457,1449.3434,12990.2959,5608.0763,9080.7344,12009.8115,9947.9350,11625.9965,8682.6522,3443.7912,11913.8781,10476.5571,13246.1800,9992.5951,11592.4450,5151.6809,13103.5418,10970.0893,385422.9004,393376.9957,378213.9550,378730.4812,381019.4358,381595.4357,388997.6987,383158.9773,173104014.0145,173112297.4349,173095570.7285,173090943.9305,8319.3120,12930.3390,10621.5794,6155.7893,6129.4376,10941.1086,13462.9105,11247.8467,6181.8720,12860.3904,2622.9019,7644.8663,9439.5942,4793.1333,4468.0894,9191.7226,3030.8613,386647.0672,394164.8539,379275.3706,379872.9309,382006.1742,382531.9991,389989.0216,384195.3962,173109875.4552,173118156.4430,173101430.5836,173096804.5856,13273.1034,5071.3600,7957.2088,11354.9301,9334.2196,11812.0809,8135.8850,2561.6959,11879.7518,10070.1546,12875.1994,10712.1193,11367.2714,4492.0784,13273.3867,10370.0365,384318.6501,392233.7292,377093.4043,377619.6132,379896.6849,380461.4376,387866.8140,382036.0730,173103615.8604,173111898.8217,173095172.2395,173090545.6461,11418.4581,11980.3422,9594.7478,9007.7143,3922.9618,9645.3973,13800.0056,4446.0730,11907.2715,8120.5888,9654.8777,10564.4327,13840.3011,7028.4288,11453.5428,393068.7524,400997.9594,385809.0897,386421.6919,388785.0164,389086.6287,396400.8389,390743.0762,173113014.4679,173121299.0821,173104571.0189,173099945.2457,7122.6688,10855.1798,5283.5357,8742.8119,3578.1370,6874.3303,8553.2507,12081.7026,12459.8953,12893.3889,12898.4746,8414.8133,13770.7069,11551.9163,383191.7288,391221.7266,375986.7526,376538.5078,378898.9019,379338.7551,386684.3157,380931.1619,173102656.6115,173110939.9703,173094212.7414,173089586.7827,5446.5632,6014.2590,10981.3464,6596.3231,7190.8118,9850.1996,7737.7028,8149.9707,12927.7190,8903.7910,7107.9027,11542.2528,6289.2788,382927.8254,390601.5003,375591.2311,376204.9861,378434.2155,378845.9234,386240.9923,380515.8291,173106272.6949,173114553.8456,173097827.4214,173093202.1349,8158.3536,10393.4056,9437.4608,10279.1972,9208.2550,5619.3061,2935.4974,11122.7480,5449.0576,9406.5479,7443.4658,3674.6097,387421.3990,394970.4408,380035.1746,380682.8561,382877.9440,383242.0011,390640.1457,384951.0478,173111646.6500,173119927.8805,173103201.3382,173098576.1615,6425.7001,1920.2430,10153.9250,5197.7655,11752.1815,9629.7298,13761.2518,11995.7157,10890.4662,12206.5128,10466.0354,384078.0329,392011.9295,376819.4963,377427.4363,379788.2918,380103.6511,387423.3425,381754.2019,173105440.8680,173113723.7504,173096996.2793,173092371.0918,6686.8308,12917.7902,1832.8487,13192.2242,9986.4727,11579.1202,12447.2634,13487.9491,10100.1627,12511.2134,389964.9365,398019.4613,382748.2247,383345.3803,385760.4207,386053.6011,393344.4566,387688.2530,173109227.9798,173117512.7432,173100784.5261,173096158.8573,9362.0811,5923.7323,12279.5640,10916.8789,13650.4834,12686.6077,10414.3264,12962.8498,11246.8356,383688.7118,391689.5743,376459.0303,377046.0709,379423.1466,379771.2765,387090.9775,381398.5122,173104160.9657,173112444.1939,173095716.6925,173091091.2556,12786.2056,8172.3745,11919.8251,10221.1443,9788.6203,2015.7443,12526.6885,8638.0448,384498.6066,392282.9561,377229.8493,377769.0662,379989.2501,380572.3164,388005.1921,382166.2309,173104916.6252,173113198.8442,173096472.6402,173091846.1107,12658.7582,9031.9147,12219.8021,11981.6181,13264.9498,10040.8627,11705.9164,388889.8138,396884.9301,381648.4956,382261.1708,384658.9806,384932.3411,392226.5610,386584.6426,173109128.1243,173117412.3001,173100684.2314,173096058.8404,6139.6438,8155.4631,2274.9713,6483.0107,7054.9443,2154.9843,389047.2168,396528.7127,381660.2752,382269.7472,384394.9689,384900.7327,392356.5235,386577.6103,173112410.5169,173120691.7292,173103965.7541,173099339.7389,10017.2433,4825.9986,10961.8359,5081.9197,4872.6058,390291.0147,397838.9912,382902.8214,383555.8770,385755.5596,386103.4711,393495.8007,387818.0201,173114186.7267,173122468.4888,173105741.7238,173101116.4289,7312.0196,9519.8939,6172.2711,9587.7597,394597.2502,402356.9590,387315.8524,387871.4205,390094.1630,390637.7242,398060.2773,392249.8420,173113846.3215,173122130.3343,173105403.4633,173100776.4079,8278.6436,4968.1725,3109.9139,390950.3379,398440.3104,383561.5693,384180.7544,386319.3557,386792.4115,394235.7798,388478.2759,173114207.3777,173122488.9849,173105762.7650,173101136.7815,11559.0526,7187.5416,385347.1419,393035.7884,378045.6605,378596.9852,380777.9638,381366.5471,388816.6748,382977.0861,173106523.1225,173114804.9314,173098078.9358,173093452.4422,7366.6437,394447.9178,402072.5826,387096.7329,387718.2822,389929.8594,390337.1442,397736.6381,392018.6184,173116356.1929,173124639.2606,173107912.2629,173103286.2046,387912.5666,395392.7510,380517.0525,381143.1285,383282.5726,383740.1616,391180.4590,385432.6022,173111914.3363,173120195.2967,173103469.2228,173098843.5712,21550.9138,10107.8550,8173.1579,14091.3485,13070.0763,12126.7181,8457.9903,172784227.8185,172792438.0327,172775732.9704,172771136.0453,19992.2299,21348.6448,15150.1246,15513.9204,15792.5949,15906.0903,172788166.3646,172796368.9148,172779667.0941,172775071.8295,4253.7287,9003.6456,6561.7844,12790.6704,5047.0413,172794092.1923,172802301.6652,172785596.9827,172781000.1185,8903.8407,10196.5797,14905.6046,6749.7670,172791545.6101,172799755.7880,172783051.1068,172778453.6388,10194.8876,16412.3159,8537.3190,172793077.3188,172801284.6475,172784581.4957,172779984.1564,8903.8407,4986.0927,172794515.3897,172802722.8235,172786018.6137,172781422.7785,8803.7711,172787440.3182,172795647.3807,172778942.7841,172774347.8484,172790618.7348,172798826.9388,172782122.6516,172777526.2753,63281.3158,42436.2640,26934.0213,34730.3409,46964.5027,31019.7965,
1500.000,9859.2306,12090.6358,0.0000,5479.9883,13134.8346,12361.8895,8372.7816,13192.6036,11242.0848,11419.6412,10747.8241,2305.5933,2074.1928,13160.5761,8904.7254,6286.3940,12191.9764,13277.8811,12789.2022,7767.5317,10769.7940,9230.2378,7847.1782,3747.1726,0.0000,10459.6173,13140.5146,10582.3148,3877.2288,9851.2633,11380.8409,12369.6144,10934.0513,6392.3094,7908.0505,8524.3281,7841.8296,2844.0928,3622.2789,4683.4064,11790.3363,2114.5256,12737.4520,9380.2661,12939.9595,12688.4399,11948.6370,12119.7667,10092.6410,385010.8199,392970.4936,377891.1010,378643.4143,380741.4980,381094.0067,388422.0224,382721.7156,173102454.9445,173110324.5306,173093711.0600,173089131.7863,6698.5891,0.0000,6546.7894,10988.4642,12738.8530,12772.4677,11129.8479,3281.0639,8017.8169,11195.3265,11232.4426,9953.6080,11631.9726,13588.9237,4957.9612,8162.0342,9307.8465,10724.3439,8005.7081,13318.9237,999.0853,11488.3116,11510.8569,0.0000,3714.4822,9497.9215,6897.1984,12078.1980,6521.9951,4132.5819,10012.6206,4807.7746,11256.8378,3753.8554,9256.0876,12976.3417,9596.3933,9692.0184,6723.3762,6899.2468,9874.3133,11126.4278,13644.0596,10919.4861,11900.4286,8600.7459,12639.0253,12741.2264,385440.3891,393515.4253,378399.5521,379058.1265,381118.3994,381715.4181,389116.2837,383237.8059,173099454.3731,173107324.8874,173090711.9613,173086131.0870,0.0000,11548.5671,6308.2872,10433.6608,13186.2431,6665.3223,7864.8068,10840.4298,12644.3567,12254.1032,11225.7838,8394.4844,11946.9848,10344.8436,1779.8972,9061.8727,10421.4359,6518.8327,10254.3816,7393.9568,8778.4274,11570.5290,0.0000,9068.0895,9505.9210,10952.5422,13187.1009,11151.1489,2810.6960,4232.6130,2620.0103,13787.4212,7018.6460,6329.1263,11144.4269,10690.2575,13115.1067,9462.9391,768.4227,12813.3321,6111.5064,11991.3936,10323.6895,7797.2346,2433.7973,11251.3681,9244.7181,386141.2223,393879.5959,378992.2426,379676.7588,381584.8161,382244.9156,389719.9155,383806.6130,173102830.0379,173110698.7182,173094086.8143,173089505.9664,0.0000,0.0000,0.0000,0.0000,0.0000,0.0000,0.0000,0.0000,0.0000,0.0000,0.0000,0.0000,0.0000,0.0000,0.0000,0.0000,0.0000,0.0000,0.0000,0.0000,0.0000,0.0000,0.0000,0.0000,0.0000,0.0000,0.0000,0.0000,0.0000,0.0000,0.0000,0.0000,0.0000,0.0000,0.0000,0.0000,0.0000,0.0000,0.0000,0.0000,0.0000,0.0000,0.0000,0.0000,0.0000,0.0000,0.0000,0.0000,0.0000,0.0000,0.0000,0.0000,0.0000,0.0000,0.0000,0.0000,0.0000,0.0000,13702.1311,13179.3488,9954.6067,13719.9890,7340.7186,8260.8303,9582.9688,7535.6062,6835.8022,13460.0492,12000.2075,1966.9790,12343.7516,11402.7530,11570.9923,9518.4724,13267.7328,5767.9771,11439.1480,8754.0478,0.0000,6086.5431,11252.6270,6677.0843,7951.0663,5604.3961,9793.2770,13251.9182,9922.5233,6694.9447,6373.0552,10801.1742,11526.5550,7037.3528,3953.6994,5257.0743,11527.0604,4520.5961,13718.9967,12171.1071,11870.5083,13731.6579,12458.8323,12551.4178,12995.6243,385991.2266,394167.7986,378960.2140,379658.4517,381815.1531,382243.7960,389566.6608,383805.8563,173100391.2943,173108262.4175,173091648.6101,173087068.5372,5195.6169,10273.0312,473.7459,10658.5139,10441.1839,10211.1870,12441.3404,12517.6180,2862.1711,8428.8416,13345.8008,5062.9887,6991.6528,7219.0223,9943.8204,5786.1604,11610.2180,8471.7609,11638.9256,0.0000,11584.8248,7343.2718,11563.1777,12303.6565,12168.5186,8467.0563,3186.8952,8516.1078,12715.2557,11652.4565,8665.2822,8561.5527,12353.3018,13664.3696,12722.5903,6521.1187,13504.7862,1255.2714,8164.9753,6875.0777,1868.4736,5084.7116,6588.5891,5954.3729,391363.0482,398952.2671,384155.5196,384875.7700,386742.5510,387353.4932,394831.9973,388959.6124,173109093.1421,173116961.8996,173100349.8912,173095769.1341,6360.3184,4790.4244,11669.0945,8992.8991,6642.7947,11461.7045,12387.8229,2780.6729,5769.5143,13572.6198,9533.5560,6310.5955,4741.9530,12399.8277,4344.9304,13139.8697,9689.4167,11114.4770,0.0000,12012.5341,6239.2057,10493.2947,10235.1431,11177.7269,11759.8837,7827.5053,11949.0134,9754.8879,13601.5359,11298.0420,7193.2245,12609.3165,11970.5143,13671.3501,10641.3206,12115.5748,5758.4262,5106.8774,4388.6555,3729.7168,9509.8116,1748.3696,6275.6058,394645.9023,402311.4976,387449.7559,388191.1908,390121.2756,390632.7443,398062.9978,392259.8790,173111980.2104,173119850.0004,173103237.2467,173098656.7288,10028.8003,12076.2460,8767.7138,4997.2471,7557.8527,9211.8781,8586.8135,4537.2327,11159.9407,12712.9592,9327.8903,7479.4654,12366.1955,6734.4332,12699.8897,9687.6083,8063.7330,0.0000,11570.7918,8968.6543,9460.3789,5302.4046,9599.4459,13490.7375,11642.5469,13534.7996,4269.3998,12945.2187,11884.8080,6010.6969,9848.5684,7212.0375,11539.8625,13215.5353,7508.2629,10405.8488,4232.8200,7546.4075,8971.1376,12584.8466,5434.4061,8087.2869,393123.3409,400967.8469,385968.0209,386729.9082,388777.2021,389147.6633,396498.5113,390790.7944,173110167.5808,173118038.0736,173101424.4494,173096844.6372,10675.0564,10229.8568,9893.2424,12492.8664,12638.7095,2401.0807,8294.1576,13419.7700,5478.2818,6709.7684,6849.6712,10266.0488,5670.9912,11748.9255,8694.5558,11732.3627,0.0000,11574.4646,7045.4534,11416.1840,12254.8827,12051.4489,8739.9418,3646.9700,8832.5591,12544.4315,11880.1071,9006.6203,8546.8517,12506.7574,13615.7255,12906.7321,6900.5017,13496.7699,1631.1786,7989.9674,6492.8978,1628.2075,5518.8569,6181.9662,6025.1502,391796.0897,399391.6933,384590.2485,385310.8489,387181.4268,387788.4823,395264.5654,389394.8417,173109425.3741,173117294.2509,173100682.1872,173096101.4118,5358.8329,9306.6279,12502.9342,11725.3040,10616.7084,13627.5792,6428.1848,9167.6258,6982.7305,8608.8194,10519.6806,13305.8991,3851.5349,12995.7025,12945.1792,0.0000,1629.1148,7120.4342,4447.9926,12676.6018,4507.6680,5848.2252,10625.6869,6914.8148,10713.4076,6862.3752,11376.4427,13538.1968,11574.0748,10112.8095,9218.6622,8315.0824,10716.3285,11150.9135,13497.2385,8873.7586,11492.0811,9734.4021,11272.8161,13285.9725,388535.5907,396654.5297,381513.4088,382161.8383,384235.1284,384844.2485,392242.0256,386354.6101,173101408.7855,173109280.1856,173092667.0016,173088085.7622,4556.5394,12241.2572,12423.3332,8979.8535,11597.2498,8643.6780,11436.0856,4492.5824,4924.7063,13099.7779,11759.9383,8288.4936,13602.7277,12934.4213,0.0000,4950.2540,4149.2406,2039.2628,11279.8012,3186.2288,9905.1657,11778.7404,10776.9876,7882.3882,10675.6963,13414.3218,12342.1486,12646.4229,9165.7341,11590.9046,11294.2504,10210.9069,11206.0591,11230.5861,5361.2008,10527.4853,11868.0491,7902.8300,12641.5719,393097.4902,401204.7058,386060.6184,386733.3355,388826.2509,389363.7330,396736.5515,390901.5387,173105928.4007,173113800.5948,173097186.9017,173092605.7505,10863.8354,11841.9443,8029.8161,8599.4579,10594.3044,12633.6706,5877.7643,4191.0249,13809.1127,9414.9091,11318.6744,12603.6444,11551.6424,0.0000,8819.4577,5345.4254,5841.3005,9085.2724,6449.0310,12462.5180,12091.4527,12992.2827,5574.5672,12801.1651,13659.0652,9948.4520,12310.6415,8466.1158,12581.9329,12947.6296,9423.7228,10862.3989,8101.8646,4522.2507,9481.9838,12824.8399,5064.1151,10873.3735,394955.8432,402949.6282,387865.9326,388580.9152,390658.0924,391111.6464,398470.7499,392699.3321,173109407.8636,173117279.6814,173100665.8602,173096085.2195,2222.9849,12479.3363,7206.2408,8294.0964,12017.8059,13477.1419,12726.0104,7808.2177,9258.3429,10742.6253,6419.8348,1780.3810,0.0000,11897.4934,13345.0253,11752.5692,2641.4652,11201.0910,12070.4191,11756.8389,11513.8854,6735.9939,9233.5912,8024.6949,5957.9021,3070.3743,5099.9399,6180.5570,11902.9981,3701.4001,11925.5586,7791.4131,12806.0670,11758.4631,11655.1299,11397.0262,8527.3435,385663.2680,393513.9227,378503.4233,379275.0204,381335.4458,381674.0303,389013.1684,383326.3238,173104203.2108,173112072.2648,173095458.9770,173090879.8811,12952.0219,8708.0483,7132.1915,11189.0700,13698.4118,13328.1098,6167.7484,10223.7923,9397.7929,6255.5089,2586.1078,0.0000,11194.5563,13638.9297,11702.9559,4713.8140,11056.5766,10792.0458,11348.6007,10131.2320,8027.2631,7453.3153,6839.3313,7210.5203,926.2882,5602.8075,4183.3442,10816.4425,4147.2705,11946.6844,9281.3107,13417.2227,12152.1336,10843.4717,12438.4176,9135.5982,383918.2434,391792.1660,376770.7615,377528.7869,379586.9602,379958.8096,387307.4708,381595.4128,173102248.5058,173110117.3804,173093504.2600,173088925.0660,7644.4527,13458.6621,7485.4144,5367.8848,4882.9708,11638.5276,5447.9929,12203.0287,9733.4063,11974.2114,0.0000,11316.9891,5562.5181,10446.3135,11747.5735,11200.3921,9996.1088,5886.1966,10265.2734,11362.0746,12741.4602,10528.2398,8480.6722,12984.0803,13020.3636,13505.6546,8699.9944,13115.8121,3831.8359,7147.5027,4472.8632,2237.8394,7588.1300,3998.0983,6638.4247,393683.0271,401333.0735,386491.8948,387214.1019,389115.4681,389694.0113,397151.3812,391300.6458,173110713.9718,173118583.5245,173101971.1090,173097390.2867,12705.6059,10952.4326,10737.1250,9213.2590,10628.2017,3129.6287,13613.2580,6473.9317,6652.9819,0.0000,13534.5731,10596.5826,12332.3997,5963.0086,12485.8353,13043.2499,9311.0986,12733.0996,7974.8546,12965.0462,9496.1070,2186.1327,9117.1939,9560.8157,11544.4825,11794.8385,9127.2957,8087.4380,793.6132,9068.1972,6885.2722,10573.2474,6146.8221,4166.3134,391394.3755,399026.8440,384167.9671,384951.9180,386909.4454,387301.7663,394692.7805,388975.5140,173110673.0274,173118541.9119,173101929.0115,173097349.4802,11327.2962,11405.5342,11936.0099,8512.2279,13582.5371,4069.8773,11261.1943,9219.8663,0.0000,5400.6957,11353.0387,7017.8753,9134.3464,6009.6756,8331.4982,12559.1437,8450.0224,8345.4018,4648.7301,10001.8122,12035.4346,7076.2774,5670.2956,4392.2759,10312.4192,5908.1770,13325.6240,12894.9259,12208.6278,13628.3058,11486.4561,13130.3857,13078.9106,384852.8180,393014.4812,377822.5278,378509.5547,380646.2517,381116.8614,388457.9396,382667.1246,173099243.6764,173107114.5104,173090500.9601,173085920.7480,9218.3401,10284.8051,6538.7057,8977.8778,8791.4568,7789.6595,11140.1379,0.0000,10289.3280,9652.9360,11764.7630,12871.2934,12022.2633,4509.4951,2533.0573,4115.5862,13826.0328,8144.0890,5786.1392,10136.0159,10684.8897,13411.0857,10059.7485,1666.2362,13013.8987,4637.7981,11001.8436,10118.1730,6519.7999,813.5163,10572.7460,7879.6331,386692.0448,394348.9489,379512.6514,380212.3984,382093.1764,382740.3262,390222.7350,384321.2921,173104215.4871,173112083.7782,173095472.0004,173090891.2939,2388.1060,12926.5178,9753.5713,9930.7089,12739.2279,13607.3538,0.0000,7585.9068,590.8109,6226.5523,12613.3707,7282.1884,9228.4755,9056.5347,10081.2012,10359.5109,11794.9521,12643.9619,11612.6718,13782.9166,11954.2313,13160.4389,9624.4656,12599.7057,8043.7952,10241.4255,2493.7719,7282.3138,9691.2491,5788.8933,10805.8461,394259.8814,402170.8200,387163.9660,387843.2027,389838.2248,390439.5705,397865.8748,391991.1260,173108316.0691,173116187.3393,173099574.3052,173094992.9520,13409.9536,8564.1742,11198.9467,12370.0885,12906.4536,0.0000,8877.3976,1984.0542,6811.5035,11467.8756,7797.7506,10794.8840,9628.9268,11463.7147,9113.5302,12769.5851,12956.7268,10442.7590,13550.9831,11323.3793,13505.9453,10873.1158,11987.6703,8194.5003,8624.5594,467.9199,6881.6749,10602.6690,3753.3703,10014.9425,395312.1668,403193.0359,388197.5985,388897.2094,390897.7662,391448.1267,398860.2880,393022.9528,173109975.6048,173117846.8657,173101233.6608,173096652.5708,10265.5363,7883.5900,5201.4148,6888.3203,0.0000,10834.0272,13136.2578,12598.4559,9797.0034,12237.8329,6614.8941,7491.7187,5455.0020,12235.9463,5116.4263,2066.4878,8904.1442,5351.2357,10339.3205,5030.0913,5873.9312,9356.1969,9165.1769,11080.6953,13385.6896,10419.2673,6130.9648,13070.1815,8462.2193,382315.9534,390059.8865,375144.9909,375873.4460,377830.4888,378351.7574,385776.2422,379960.4337,173100908.1809,173108776.0688,173092163.8913,173087584.1239,13554.1254,6212.6164,8366.8013,0.0000,13587.6183,9762.4330,12738.1664,8564.5283,13082.9506,11903.2284,6917.2222,11606.5393,10184.9748,12954.2582,8770.6679,3707.8001,10381.3166,11600.7506,12316.8349,10144.0799,11189.4159,5364.3256,2973.1811,8289.9042,4142.0928,8589.4238,5561.2805,2323.4952,391618.1123,399166.6308,384373.6946,385145.7469,387045.8321,387511.5552,394942.4628,389175.2127,173111044.2650,173118912.7314,173102300.2927,173097720.4257,11456.6867,11117.4091,0.0000,3879.3814,10076.4699,6992.7092,11667.6680,6453.3109,4869.7476,10581.5377,5355.3629,10911.3672,3270.6748,9280.0902,12939.5983,9052.9398,9078.2204,6017.7610,7517.9446,9240.0323,11693.5343,13707.3090,11411.5358,12420.2278,9165.1208,12987.0875,12935.8232,384949.4253,393048.0006,377913.3814,378575.4736,380652.0048,381227.9951,388617.6492,382753.3491,173099009.4377,173106879.9816,173090266.9530,173085686.2068,4808.4321,0.0000,13202.6082,12850.3570,13698.3819,7674.5749,13563.3831,9987.3876,6915.8924,9093.2233,11094.8314,9452.9005,3674.5139,4452.4144,5970.5946,10426.8768,8209.2567,8250.8002,9347.0874,7473.0064,7063.0072,12236.9831,8051.5271,7125.0172,10603.7621,4131.0113,385436.7106,393019.6904,378200.6017,378972.0752,380889.3517,381343.5054,388766.2132,383004.4965,173105662.8094,173113530.2964,173096918.0980,173092338.7017,0.0000,12549.7201,13535.1522,12600.6790,3757.7321,12149.1209,11731.2284,10722.4777,11037.7606,8042.4744,9297.9238,6773.8788,4982.6682,3025.3673,6710.8779,6488.6502,11149.1751,5355.6321,10978.3021,7325.8576,12925.3588,10963.3468,10683.4713,11320.4076,7297.3711,385279.6626,393044.4968,378092.3347,378869.8205,380890.6053,381247.7238,388606.9053,382909.1907,173104581.8217,173112450.3011,173095837.3169,173091258.2541,0.0000,0.0000,0.0000,0.0000,0.0000,0.0000,0.0000,0.0000,0.0000,0.0000,0.0000,0.0000,0.0000,0.0000,0.0000,0.0000,0.0000,0.0000,0.0000,0.0000,0.0000,0.0000,0.0000,0.0000,0.0000,0.0000,0.0000,0.0000,0.0000,0.0000,0.0000,0.0000,0.0000,0.0000,0.0000,0.0000,7601.8664,3502.6109,11971.7756,3213.4927,7010.4696,11615.5152,7924.8764,9702.0367,6930.0188,11809.3936,13481.5261,11134.5356,8972.6650,8781.6960,9440.4884,9715.5631,12040.9300,13424.2688,9196.7995,12212.6190,10781.2466,11435.1379,13631.5367,388527.4620,396698.6163,381518.0232,382170.8128,384276.6263,384849.6037,392226.0691,386362.9604,173101201.1939,173109072.8834,173092459.4401,173087878.3431,5975.2028,12383.3423,7048.2126,9612.8114,9444.4738,10450.7689,9968.5595,11964.8369,12870.5260,11545.7467,13762.1089,11689.3111,13200.2608,10048.9139,12383.0908,8375.9316,10085.6369,2178.5666,7505.5423,10102.3130,5560.4246,10893.6551,394523.0494,402447.5870,387429.9692,388111.2826,390115.7637,390704.7511,398124.4489,392258.1560,173108509.8263,173116381.2234,173099768.0941,173095186.7757,11049.7625,1206.8545,9549.5278,12428.5998,10396.3761,7675.7211,9552.2148,13217.8167,12808.7873,11902.5995,8213.7000,10445.1977,11349.2157,9317.9743,12189.0389,12078.4867,7228.9846,11744.4855,12189.4694,9480.3621,13344.9875,391519.8579,399693.1432,384504.4024,385171.7493,387294.2618,387820.2441,395178.7050,389349.7728,173104055.4692,173111927.7412,173095313.9377,173090732.8855,10627.4561,13102.0621,12301.9260,12751.6338,4767.7581,10811.0849,9767.9056,5510.6553,5557.9945,4595.0273,8140.1949,12956.3528,3803.7595,11972.8059,6409.7938,11564.3121,11341.6558,12572.2075,9888.1304,8510.7328,388184.8172,396052.2599,381028.9933,381804.0241,383877.3409,384197.2300,391526.1675,385853.0372,173106278.4344,173114148.0680,173097534.5143,173092955.3247,9560.3524,12789.8890,10330.5626,7333.0897,8955.4066,13010.8165,12818.2406,11262.0325,7419.4224,9667.7214,11488.4005,8547.5056,12696.5465,12300.3269,8204.6272,12337.9196,12411.9014,10195.3162,13549.3706,390584.1440,398783.8147,383575.2822,384244.3089,386382.6795,386892.1284,394240.4959,388422.4506,173103169.0982,173111041.3314,173094427.4609,173089846.5417,6809.0853,1323.9783,13216.4371,5021.1206,7255.7492,12243.6074,10251.9725,12083.8530,8150.2030,3051.5577,11923.5816,8433.9324,13105.8589,10818.8097,9791.3534,5045.3527,12214.8316,10997.8865,385269.8546,393148.6645,378168.5925,378836.4507,380801.7303,381454.0196,388905.1275,382992.9199,173100783.9647,173108653.3093,173092041.0784,173087460.1563,6442.8937,13500.9946,9905.3844,6134.7536,8663.1691,10969.4860,13605.9213,11140.6354,4138.3954,13172.1174,2358.0116,9314.7596,9373.5261,4411.4929,2199.6064,9139.8451,5925.7501,388218.7617,395790.5351,381005.7881,381725.7442,383582.6829,384202.5766,391687.4324,385808.4675,173106575.4813,173114443.5372,173097831.7880,173093251.2381,13340.9687,4641.0342,6119.6305,11735.8468,9518.6399,12030.1572,7571.2852,2506.5345,11700.9251,8287.0390,12868.1040,11463.5376,9775.8415,4479.5866,12514.6355,10468.7894,384400.6143,392239.0130,377282.5911,377960.3261,379914.3719,380553.3463,388006.0025,382104.1757,173100603.2371,173108472.1631,173091860.0381,173087279.3125,11428.8795,12468.6379,8578.0083,8758.1740,3694.0413,9698.6868,13814.5031,4660.5203,12854.2024,7942.5341,9370.3851,11873.8400,13797.8257,8674.4962,10914.3226,391169.9111,399209.6547,384079.7025,384822.0601,386952.8665,387300.8099,394613.5886,388915.9717,173106749.7055,173114620.9835,173098006.9053,173093427.1062,6879.2703,11805.2716,6863.8693,9046.0974,3682.7196,6798.6400,8651.4633,11382.6690,13235.5444,12904.4593,12380.3523,8261.7057,13738.0638,11831.9422,382693.2902,390691.2957,375616.1659,376301.1773,378347.9399,378896.1252,386291.7597,380449.3678,173098445.8813,173106315.3643,173089702.6275,173085122.3442,7723.7145,6151.4176,11094.8500,6727.5266,5651.5448,10099.0411,7727.7548,9950.8934,12864.4976,9028.1344,5182.9111,12185.2488,6782.8760,383372.7883,391022.0240,376169.6058,376910.1351,378829.6028,379353.2238,386792.4369,380978.2344,173102688.2378,173110555.7688,173093943.7716,173089364.0372,7506.4133,9300.3719,10187.9154,10864.2547,8549.9639,7950.0168,2920.0818,10310.0316,7298.1819,9650.0475,7778.6874,3345.6472,389247.3609,396861.8292,382014.5599,382800.1385,384749.6236,385144.9658,392540.1637,386820.7464,173109037.2192,173116905.5853,173100292.8713,173095713.5007,6279.7465,3647.2447,10244.4303,4881.6925,11738.5942,9693.4629,13628.4300,12105.3948,10327.8163,12752.1215,9129.8458,383305.5339,391166.6109,376155.9053,376910.1525,378957.3500,379346.8303,386704.2496,380979.6918,173101720.4318,173109589.1222,173092976.1333,173088396.8986,6726.7454,13019.1270,1551.0863,13593.2957,9783.0787,11580.4052,13160.7041,13351.0163,11235.5578,11599.6107,387579.9351,395668.1652,380506.2151,381241.5188,383390.5271,383740.3778,391047.0235,385345.7389,173103283.9573,173111154.8170,173094540.8519,173089961.2381,9108.1017,5878.2809,12290.3971,11965.1710,13648.5600,12946.4364,9930.5174,13704.5720,11145.2029,382384.3990,390368.5529,375287.2704,376004.7011,378078.4116,378530.9364,385893.4476,380119.7280,173099187.9118,173107057.1919,173090444.1747,173085864.4826,12629.2596,6178.9644,11887.8776,10771.7587,7927.7034,2102.0096,11501.6611,8977.3436,385582.2928,393303.9516,378425.6720,379115.6022,381020.4059,381670.8710,389145.0274,383238.9141,173102627.8835,173110496.3499,173093884.4868,173089303.7592,13292.1499,9466.0739,12197.8382,12990.7186,12870.7577,11579.9138,10930.1140,386518.1568,394552.2030,379423.9813,380168.7397,382298.7277,382642.4875,389955.4227,384259.7426,173103017.0109,173110887.3320,173094273.5492,173089694.1194,7928.6500,7867.7820,2127.1872,4468.2391,7233.1711,5106.9096,390423.1155,397978.9789,383202.0400,383930.3289,385787.7914,386387.9449,393867.5796,388003.7268,173108745.8495,173116614.2183,173100002.3108,173095421.7324,8467.8451,6555.4404,10665.2872,5435.4247,4426.1836,392107.4182,399745.8490,384884.4259,385664.9986,387622.1461,388022.4438,395415.4811,389692.4508,173111138.1076,173119007.1705,173102394.2402,173097814.6025,6510.6878,10424.0376,3498.8112,9768.2921,395372.9031,403230.5181,388250.7301,388952.4032,390942.7410,391496.6040,398913.5739,393074.4409,173110232.0608,173118103.1936,173101490.0573,173096908.9734,6402.5636,5323.8605,4831.1594,392171.3024,399743.1223,384951.2254,385687.0731,387561.1463,388130.5369,395596.3192,389754.2763,173110327.2699,173118196.0503,173101583.8903,173097003.3405,10615.3895,7333.8212,386419.5069,394049.0897,379228.4028,379935.9912,381810.4698,382444.8242,389926.7241,384035.1530,173104381.2385,173112249.3057,173095637.5672,173091056.9917,7514.9771,395336.0681,403077.6207,388163.6366,388900.5895,390866.4389,391359.3801,398771.3637,392979.2784,173111954.1363,173119824.5123,173103211.4558,173098630.8939,389379.6790,396901.9395,382126.8443,382899.9972,384787.0849,385260.9960,392699.1818,386926.3641,173109363.9657,173117231.8520,173100619.6417,173096039.9248,21759.1885,9987.2502,7978.3445,14279.7080,13122.5247,12467.8312,8725.0404,172780183.7335,172787980.5679,172771389.9928,172766838.1612,20049.9002,21221.5912,15207.3792,15419.3147,15712.0754,15713.2993,172784217.2164,172792006.3343,172775419.0710,172770868.8318,3994.8337,9100.8272,6572.6380,12868.1979,5022.6356,172789909.4962,172797705.5696,172781115.3897,172776563.6127,8982.8774,9899.1599,14774.4604,6397.2504,172787381.4803,172795178.1851,172778588.0109,172774035.6899,10053.3345,16556.9057,8140.1247,172789109.9698,172796903.8783,172780315.2652,172775762.9814,8982.8774,4984.6010,172790453.9112,172798247.9015,172781658.2414,172777107.4539,9268.9468,172783536.1746,172791329.7220,172774739.6704,172770189.8439,172786641.3982,172794436.1077,172777846.4147,172773295.0663,63105.3505,42238.3766,27176.7789,34953.3712,46602.7844,30802.2490,
1800.000,8695.0757,11277.1273,0.0000,7725.6971,13175.5380,12974.4290,9815.6107,13254.7500,10732.8395,11418.6845,10545.3815,3272.8655,1913.4012,12427.7863,8398.5859,8224.8817,11001.2382,13357.5675,13345.9757,4727.8207,9752.1654,9839.6002,7903.3775,3660.8445,0.0000,11788.6084,13463.5307,11851.1821,6416.2728,11111.7947,10916.9603,12355.4060,10388.1958,6946.1670,8699.3586,8583.9164,7826.1406,2659.8491,4152.6285,5667.9775,11258.7478,3111.8177,12771.2075,9993.8759,12721.0144,12891.8869,10852.8835,12938.3982,8899.9012,383921.9378,391816.0947,376927.5459,377819.5225,379599.1731,380032.7726,387390.6395,381728.3679,173098355.9972,173105814.8516,173089316.3903,173084789.9279,8270.3792,0.0000,4432.3098,11010.7079,12793.3051,12451.4116,11141.6629,3415.5599,9047.5842,12012.9748,10904.8822,9514.4787,12970.8838,13288.4670,2558.9857,9447.4370,9996.0171,10837.3802,7773.9120,13484.2879,1579.3102,10863.6222,10133.3964,0.0000,4925.6246,9594.1221,6936.9768,12462.8343,6268.4471,5892.4810,9994.8407,6138.6656,10163.8556,2305.2448,7920.6244,12884.2048,8434.3371,8212.8506,4017.0540,8304.0791,7790.1675,11012.7146,13614.6748,12419.1733,11748.5185,9744.1895,12707.5971,12888.4222,383530.2638,391592.9822,376624.4307,377435.6523,379206.1512,379839.2782,387255.7550,381430.4469,173094566.6796,173102026.5838,173085528.4408,173081000.6226,0.0000,11509.4012,5391.8515,9371.1372,12941.9778,5739.8089,9192.8516,12262.0963,13266.2805,11278.7658,10588.9010,8821.3983,11927.5436,10293.1284,1799.4509,10072.0093,10200.7572,7947.4354,10204.1004,7398.0419,6593.2162,9759.3988,0.0000,8904.2564,9505.0747,10810.6933,12715.1597,11185.8465,2837.6291,2820.2943,2610.7019,13771.9102,6724.3258,3912.2926,10975.9829,9616.1755,12873.3803,8794.2395,85.2453,12328.1150,4650.7270,11431.7728,11273.4614,6242.9757,2322.7565,10392.2755,9200.2516,387047.0263,394723.6962,380019.9905,380858.4673,382453.7483,383158.6764,390656.7966,384790.6233,173100606.3636,173108064.7262,173091567.5921,173087039.5751,0.0000,0.0000,0.0000,0.0000,0.0000,0.0000,0.0000,0.0000,0.0000,0.0000,0.0000,0.0000,0.0000,0.0000,0.0000,0.0000,0.0000,0.0000,0.0000,0.0000,0.0000,0.0000,0.0000,0.0000,0.0000,0.0000,0.0000,0.0000,0.0000,0.0000,0.0000,0.0000,0.0000,0.0000,0.0000,0.0000,0.0000,0.0000,0.0000,0.0000,0.0000,0.0000,0.0000,0.0000,0.0000,0.0000,0.0000,0.0000,0.0000,0.0000,0.0000,0.0000,0.0000,0.0000,0.0000,0.0000,0.0000,0.0000,12845.1147,13017.6482,10420.4563,12860.1249,4657.8727,6898.0595,9712.3598,10170.6504,9192.5659,13415.8864,12215.2766,1970.8013,12297.1721,9839.7006,10586.7561,9295.8303,13373.0639,5605.4933,12425.0678,10391.3748,0.0000,6109.5387,9809.3373,6036.8864,10791.0216,4785.8269,9675.0419,12573.6965,9891.8659,6812.9197,6457.6342,10862.2521,12264.3720,8842.5865,5201.4178,5733.5483,11543.7982,5373.0100,13042.2149,12842.5562,11606.3890,13216.4148,12480.2719,12421.5097,13228.3528,384768.4502,392974.8018,377899.3623,378719.5328,380579.4823,381120.7804,388479.0319,382721.1726,173094967.9496,173102428.8802,173085929.9718,173081402.4249,4748.4586,10466.8148,381.4994,10366.2839,10489.7051,10705.7694,12381.7731,12555.5248,4603.3688,10285.5644,12222.3166,5166.8396,6943.6069,6515.7563,11407.9192,8227.1491,10096.0477,8479.0151,11784.4624,0.0000,9308.0273,6567.8358,9940.5233,11938.9157,10820.2380,7089.8515,2765.0356,7438.5451,13208.1784,10437.2315,8395.2265,9842.4180,12322.4359,13834.1860,12218.6454,5437.7299,13747.0115,1240.2218,8901.0470,7277.0740,1521.8824,5301.2099,6000.7323,8283.4690,392346.6146,400060.3083,385331.3076,386169.3984,387784.6188,388474.2917,395960.2967,390106.0153,173104764.9513,173112224.5455,173095726.9464,173091198.5827,6880.1900,4421.2859,11683.7825,8857.1519,7259.4294,11643.7682,12513.0819,1717.0559,7533.3897,13112.4623,8825.1279,5985.8020,4767.0037,12840.8860,6078.5835,12282.6684,9781.9867,11993.9013,0.0000,10643.0159,6267.3037,9832.1294,9576.2720,10704.9404,10709.0406,7103.0824,10992.8913,11076.3582,12858.2523,11248.3578,7773.2499,12953.9464,12903.8363,13721.6434,9407.7150,13182.0848,5399.2628,5646.8253,3385.5546,3715.5640,8770.5441,1694.6791,7294.2376,395186.5908,402979.4608,388184.7535,389040.0492,390719.6173,391317.8652,398755.6150,392970.5523,173107192.9343,173114653.4926,173098155.1834,173093627.0614,10247.6515,11618.7767,6745.8923,1912.0033,8748.3207,10034.2492,7262.5681,4739.2426,11511.1807,12503.7205,8055.4230,7267.8803,12220.9464,6614.5490,12750.9393,11098.1185,10375.2656,0.0000,11332.5484,8757.1109,9371.0901,5085.7968,9511.1347,13352.1159,11867.7394,13460.3438,5330.8276,13269.6137,13051.0222,6034.6732,11180.5396,8410.6552,12553.8573,12967.5647,9164.6993,10836.4562,4563.2405,4880.8707,9641.8009,12387.1917,5813.3109,8064.0015,393484.4699,401473.5706,386527.9987,387402.9005,389213.5023,389662.2867,397011.3883,391336.3781,173105163.6545,173112624.9565,173096125.7026,173091598.3557,10404.3600,10301.2946,10466.8590,12436.4700,12657.9044,4361.4172,10174.6260,12284.9619,5513.5061,6697.3419,6222.0750,11613.1545,8147.4189,10238.9748,8679.0538,11911.8969,0.0000,9312.3180,6350.0701,9833.1183,11859.9026,10737.4107,7372.8722,3139.2522,7739.3857,13096.3265,10638.0936,8694.2061,9785.7114,12471.0855,13826.0954,12387.2807,5786.5465,13773.4542,1559.4962,8739.8896,6953.4720,1394.8992,5637.5686,5664.0017,8297.6899,392657.0189,400380.2233,385644.5136,386482.4015,388102.5326,388788.8272,396272.1305,390420.2007,173104959.2328,173112418.9418,173095921.2875,173091392.9090,6692.5492,10730.0130,12564.1551,11622.2801,12301.6758,13543.8329,3498.4235,10457.0507,7533.5724,8635.4064,10482.3910,13770.2289,2993.4301,12528.4423,12238.6751,0.0000,1811.8123,7114.4310,3913.1221,13015.3031,3469.6534,6988.7867,10134.5697,7663.2230,9964.1378,5237.9028,10056.6112,13464.5321,10920.8127,9213.7685,7171.9076,9252.1928,9253.4383,10752.1672,13478.9344,10772.5214,11196.8241,10805.4289,11302.2023,13645.3017,386187.7893,394343.6080,379319.2626,380111.5861,381909.5650,382565.4621,389977.2178,384131.7452,173095574.4053,173103035.3992,173086536.9392,173082008.6741,5139.8342,12161.3525,12314.1808,9992.7353,10582.0598,7773.2062,12780.1521,4619.0035,5167.0128,13086.0049,11564.4939,9079.5913,13588.0614,13015.3510,0.0000,6151.2942,5131.3274,3254.2143,10317.8311,3519.3862,11387.2038,11748.9036,11948.1938,6651.2558,10682.5411,13269.7798,11279.1579,12622.8257,8685.2925,11164.4986,12320.4847,9498.2662,11241.2475,10217.2838,6230.3040,10609.6789,12945.8108,7605.0278,12418.0142,391625.5808,399839.1326,384763.6766,385577.4400,387433.7883,387992.2465,395355.1390,389585.5019,173100328.7372,173107791.0935,173091291.7886,173086763.6300,10003.4197,11024.7048,8020.0628,6581.5908,10877.8165,13073.5215,6997.7930,6384.0325,12965.4203,8235.0748,12266.1213,12273.2309,11525.2177,0.0000,10355.9481,7768.3958,8047.1778,6669.6305,8221.0830,13358.4800,12235.7161,13604.1879,5158.7582,13106.7488,13672.5826,7774.2049,12006.6620,8484.7777,12648.3699,13302.5514,9376.5054,11245.6130,6270.6885,4524.9777,10091.1842,13032.4961,5900.1366,9614.4042,393643.6586,401717.9024,386719.6920,387578.1636,389414.5435,389882.1831,397227.1406,391534.2713,173104253.1627,173111715.0215,173095215.6093,173090688.0287,2125.4207,10800.0563,5934.0960,10685.4439,10512.1065,13462.9284,13117.7761,5647.7324,7221.2333,11749.7477,6362.2256,2447.1280,0.0000,13249.6650,13657.6193,13070.1734,4324.3482,12610.4104,11721.6575,11789.2252,11133.5009,7588.7956,10641.4341,8744.5796,5118.2929,3877.9348,6301.3544,8205.2186,11251.3681,5725.4614,11876.8956,7722.0574,11832.9772,11753.6455,10227.5248,11792.3826,6313.5136,386100.5063,393873.9973,379062.5490,379975.2700,381715.6043,382130.1373,389496.0301,383854.0491,173101509.0989,173108967.6511,173092469.2860,173087942.9354,11734.1830,7744.5611,9466.9623,10050.9574,13679.3572,13534.5122,3898.2792,8701.3396,10465.3979,6328.1170,1782.5382,0.0000,12517.7664,13758.6126,12736.5562,6162.5040,12159.6803,10670.8738,11592.4596,10018.7632,8124.6656,9107.7176,7661.9951,6866.1361,1845.1745,5879.7166,6378.2660,10559.0498,4943.9572,12006.2160,9328.8046,12728.4277,12167.0878,9826.8782,12702.1780,7566.8910,384296.6353,392091.1951,377269.0161,378171.4145,379910.0211,380350.9073,387725.4231,382061.2283,173099581.5416,173107039.8884,173090541.6780,173086015.2707,6780.2053,13447.9276,7978.2247,7405.0486,6285.6801,12027.1992,4775.1197,12519.6677,8466.2735,11015.0378,0.0000,11420.9764,7604.3669,10883.3932,9029.0675,11639.8136,10500.7178,6557.7153,10623.9665,11354.3166,12777.9241,10394.9767,6751.3756,12189.1501,12887.4648,13448.5900,8843.8680,13035.2430,4865.1487,4907.7298,4791.3534,3218.5892,7832.6827,3209.8051,5845.7744,394551.2991,402268.7035,387521.7173,388389.7210,390044.1910,390631.8602,398075.6741,392301.6193,173107525.3411,173114985.3131,173098487.1970,173093959.2820,12949.1157,10921.5999,10970.4431,10088.6024,10153.9528,3061.4928,13647.7325,7900.1499,7453.6767,0.0000,13482.1060,11426.3544,12432.6238,2767.5056,12492.6632,13037.8064,10999.3942,12785.1158,7590.2659,13356.8254,11171.9482,1582.1395,9110.3823,9110.6866,12164.6148,11922.4399,9315.4383,10122.7997,2151.9832,7668.9750,9145.9767,10619.0289,7511.9701,4184.0703,392013.5962,399781.9613,384977.4251,385886.5759,387620.0957,388047.7752,395418.7108,389768.1895,173106356.5647,173113816.2385,173097317.5632,173092790.7286,11279.2063,9888.3444,10737.0844,8737.9954,13698.3747,3790.3121,11992.9434,10456.5355,0.0000,5206.1525,9679.0938,6135.8333,11764.6631,5062.5451,8171.8088,11648.4274,8424.0658,8446.6836,4725.7665,9779.3082,12802.2372,8755.5271,6596.7287,4784.4528,10328.7116,6456.1162,12358.8746,13442.9012,12103.5690,12779.5253,11519.1124,12715.5155,13357.5231,383998.6953,392161.6499,377120.7663,377933.4604,379760.3847,380345.5754,387728.1839,381937.1110,173094380.8716,173101841.4239,173085342.8303,173080815.1349,10586.6913,10483.5439,7681.0795,8939.4735,8765.3570,5207.4513,8983.8457,0.0000,10177.9609,10131.3964,11744.7921,11921.8936,12122.3384,4503.7726,2592.0569,4061.1228,13719.3432,7917.9133,3703.4079,9850.2723,9253.3424,12953.4495,9395.8692,1745.2183,12394.3895,4131.8899,10415.4744,11058.2845,5622.4390,536.7778,10015.3987,7795.3258,387662.4613,395273.9162,380609.0751,381463.5392,383043.4011,383722.2656,391218.5936,385375.4602,173102002.4596,173109460.5360,173092963.4352,173088435.6098,1393.7615,13613.9734,10715.7893,9335.3190,12725.4871,13802.1004,0.0000,6094.0416,906.9294,4656.4506,11769.6355,5895.8145,9804.9356,8796.7359,10534.7510,10119.7210,10922.8392,12300.6445,11402.1099,13761.4213,11837.4067,12454.1873,10142.3396,12327.9826,7985.3302,9818.5478,4487.4259,7288.1985,10806.8852,5111.4986,11585.6982,393513.6698,401575.5444,386612.3067,387419.6524,389185.5912,389830.2025,397249.5035,391418.0200,173102627.1036,173110088.9867,173093590.2637,173089061.6403,13681.4616,9740.2862,10237.3827,12328.8059,13558.2617,0.0000,7291.1620,2058.8579,5821.7433,11137.3980,6961.5444,10297.8036,8635.0736,10940.5874,10041.0260,11624.6797,12375.8574,10582.0471,13754.8118,12003.2603,12950.9378,10265.5085,12507.4301,7563.8108,8768.5720,3207.0580,6596.8469,10645.3577,3773.7704,10770.4333,394348.3110,402366.5865,387429.2812,388247.0161,390002.1791,390630.5348,398049.3107,392232.2635,173103916.8989,173111378.6737,173094879.9503,173090351.4187,10067.1648,8458.9870,5273.2806,3550.6354,0.0000,11403.9999,13435.1174,12554.0990,9305.1750,12080.2565,7826.6836,9708.3149,6976.7025,10659.9800,6526.2803,4425.9458,9020.1118,2214.6986,8110.2686,4497.7414,7905.6751,7013.3324,10692.2240,11165.5945,13624.5120,11407.6818,7546.0270,13336.8073,8548.9614,382716.2535,390452.9283,375681.3340,376564.2809,378246.8746,378778.4364,386198.9286,380464.9167,173098044.6025,173105502.3681,173089004.7234,173084477.9662,13541.8912,6379.8384,7841.3085,0.0000,13481.4823,11016.2820,12900.3339,5543.1400,13194.0391,11873.3321,8897.3987,11594.5288,9967.5073,13146.7740,9929.2487,2441.9843,9650.8957,11087.8207,12563.0350,10193.0410,11084.3167,7887.7721,2299.3986,7563.2605,6926.3650,8583.2615,6733.4630,2040.1792,392510.5666,400165.2935,385444.0336,386349.9464,388017.7366,388504.6643,395915.6657,390222.8299,173107374.1655,173114833.2957,173098335.0952,173093808.0140,10935.3679,10875.9486,0.0000,4099.5912,8817.0007,6629.9798,13125.3536,6246.3974,4843.8252,9073.6087,5318.2782,11053.8105,2378.6112,7745.7853,13224.6409,9367.8599,9468.4168,5222.2084,7442.2691,9100.8190,10152.3589,13736.5081,12105.8520,10990.4338,9126.5007,12283.3026,12979.9232,384247.9178,392287.6154,377340.0515,378143.3607,379891.6317,380560.8277,387994.9232,382142.4736,173095044.0060,173102503.9409,173086005.9399,173081477.8853,4749.7642,0.0000,12722.1955,12601.4069,13538.1422,8547.6264,13567.5493,8290.9028,7030.6937,7513.5341,11949.5933,9556.5965,4470.3015,6427.0505,6083.1516,10943.1516,8981.5865,6536.7606,10248.3307,7496.2173,8256.4486,11653.1240,8002.9574,4757.8931,10785.8686,4479.5646,386899.1191,394461.2745,379809.0051,380707.5849,382315.5825,382867.4786,390318.8493,384576.9413,173103024.1617,173110481.7134,173093984.3236,173089457.3685,0.0000,12971.5024,13839.6227,13359.0715,6455.7417,12937.7425,10265.1922,10676.8665,9522.1038,9325.1834,9389.0448,6730.2817,6282.1616,2360.8233,7468.3234,7106.8491,9719.5346,6590.7456,11102.1177,8877.0168,12674.9042,11328.1659,8692.8878,12409.4572,6403.7312,384769.4126,392476.8530,377714.6633,378622.5633,380320.7971,380780.1289,388174.0844,382498.7936,173100663.8133,173108121.7514,173091623.7951,173087097.3549,0.0000,0.0000,0.0000,0.0000,0.0000,0.0000,0.0000,0.0000,0.0000,0.0000,0.0000,0.0000,0.0000,0.0000,0.0000,0.0000,0.0000,0.0000,0.0000,0.0000,0.0000,0.0000,0.0000,0.0000,0.0000,0.0000,0.0000,0.0000,0.0000,0.0000,0.0000,0.0000,0.0000,0.0000,0.0000,0.0000,5575.2396,3083.0948,13293.4699,3332.6223,6964.1118,9418.4783,7798.1059,10486.3456,6344.0394,10429.8200,13469.6806,11915.3284,10296.6948,8574.8504,8974.0623,10431.7630,9857.5904,13131.8254,9763.7041,10215.4516,10550.5850,10248.8490,13520.8401,387771.9152,395911.9750,380901.9674,381689.4766,383473.0578,384151.4362,391574.1524,385712.1270,173096809.8485,173104271.0798,173087772.6412,173083244.1445,4575.7483,12224.2068,5859.0380,9157.3120,8301.6119,9937.8724,10622.4401,10441.8293,11903.2030,11748.4226,13721.4030,12084.7711,12202.0837,9578.6982,12500.2691,7615.5454,10286.9330,5194.8049,7092.3923,10387.4244,5608.4668,11755.0363,393052.6999,401102.5489,386150.1232,386953.2170,388707.3445,389371.3412,396800.2278,390953.9057,173102186.4383,173109648.1710,173093149.5787,173088620.8881,12192.7685,1382.2285,9377.9571,10743.3418,10108.3392,8730.1716,8642.9620,12168.1134,12776.6958,12568.2678,9548.6141,9980.5357,10878.1713,10050.9313,10670.1060,12039.9811,8039.4594,10512.1076,12028.2497,8978.4479,13361.7312,389792.3129,398002.1911,382939.3011,383733.2133,385562.8192,386189.6121,393581.1426,387757.6087,173098229.4900,173105691.5044,173089192.5751,173084664.1472,11947.9012,13331.6269,12331.5355,13031.0373,5716.4756,12741.6697,11354.3010,3291.8381,7775.7479,6872.5862,10928.3598,12709.0109,7115.0614,11770.1359,4766.6660,9077.4444,11024.3539,11657.8757,9309.9076,5989.5238,390062.9504,397913.0783,383049.4238,383958.9559,385737.3018,386129.0342,393474.0002,387848.3472,173104232.9934,173111692.7519,173095193.8613,173090667.2748,9574.4248,11393.0935,10222.0701,8074.8503,8195.5796,12125.9761,12819.1566,11974.8427,8583.6395,9203.6699,11247.7283,9094.2160,11444.1957,12337.1034,8865.4309,11349.5843,12391.0668,9852.3818,13558.9604,388720.2940,396956.5351,381873.1315,382669.7310,384516.9620,385123.6412,392503.4137,386694.4502,173097274.4534,173104736.3959,173088237.3953,173083709.1335,5113.5146,1093.5460,13253.1162,4344.8614,4640.6490,12237.7199,9476.6773,11988.2747,7194.9365,2879.4815,11438.4516,6736.2961,12752.9279,11884.9940,8128.4950,4968.4604,11371.4133,10976.9720,385507.9655,393307.6949,378524.3072,379344.5898,380983.8284,381697.8801,389183.1665,383304.7818,173098039.4148,173105498.2137,173089000.8961,173084472.7841,5228.7906,13771.5492,8899.1893,6071.8794,10208.8093,11018.7408,13635.9728,10795.2269,2851.5114,13299.0837,1904.0980,10038.9230,9485.6400,3625.2213,2849.3395,8337.2980,8299.8717,389849.3598,397507.6194,382816.3835,383657.8627,385247.1377,385949.2525,393448.1938,387585.6931,173103130.0103,173110588.8002,173094091.5359,173089563.3525,13274.8230,4317.6091,3617.4638,11879.6450,8751.2405,11819.1490,6792.9679,2621.4959,11175.5392,6920.8143,12619.1228,12287.3018,8341.3414,4471.6380,11724.2808,10535.2167,384964.3844,392726.9285,377965.4596,378794.6060,380424.6079,381124.9247,388609.9457,382743.4936,173098090.6358,173105549.1012,173089051.8597,173084523.9155,11438.7612,12890.6906,8337.2224,9157.9306,3802.2500,9772.5052,13793.3166,4949.4636,13422.9487,8630.6757,9074.6972,12805.7303,13670.5933,10143.4033,10533.3255,389014.1822,397148.1102,382102.0981,382969.4174,384849.2169,385261.9785,392576.3334,386923.5330,173100321.2646,173107782.5222,173091283.0577,173086756.0605,6031.4455,12695.4807,7735.5678,9279.8870,3587.3096,6743.2367,8614.3095,10208.6384,13665.1531,13080.1475,11213.4364,8217.9134,13072.9493,12253.3639,382863.0695,390813.1347,375920.6944,376740.5459,378460.4739,379112.8926,386553.1877,380716.5779,173094966.0536,173102425.1794,173085927.4269,173081399.6847,9958.4734,6399.3659,11161.2763,6587.7258,3850.4683,10316.1662,7505.3411,11375.5493,12839.6636,8724.1927,3676.0683,12141.0244,8399.6491,384413.7403,392062.0412,377364.7392,378228.2644,379838.9611,380472.7195,387946.5710,382136.3068,173099378.5604,173106836.2027,173090339.0405,173085811.6715,8128.6878,9231.5056,11485.1504,10961.5472,9218.8148,9499.1937,2886.6214,8441.2023,8728.2215,9505.5440,8053.2152,2832.1379,391013.3430,398724.1766,383959.2562,384871.2999,386577.1294,387019.7455,394404.9469,388744.5378,173105965.6181,173113424.7652,173096926.3529,173092399.5716,6506.6958,4988.3272,9582.6245,5392.2036,11713.4051,10461.6688,13344.7263,12134.5483,9080.1601,13246.3539,8331.5873,383128.6079,390914.9359,376103.0520,376995.5948,378717.2173,379195.1981,386586.6165,380893.0637,173098373.9529,173105832.0518,173089334.0672,173084807.5336,6781.9977,12882.0441,1279.6753,13799.6741,10475.5149,11592.6514,13646.9743,12919.4508,12344.5364,10942.7412,385316.3492,393414.2949,378392.2267,379260.7345,381122.0990,381547.1101,388872.5071,383210.1670,173097545.0377,173105005.3581,173088506.2681,173083979.5043,8790.1820,5816.3060,11871.1186,13023.0785,13680.6592,12605.1673,9508.8322,13818.3203,11555.8800,381773.7962,389727.1165,374818.2665,375664.3346,377418.4706,377981.9765,385385.9707,379618.5108,173094859.0920,173102317.9637,173085819.9536,173081292.8074,12330.3166,4681.8202,11434.8788,11320.3138,6274.3866,2266.3639,10434.8546,9174.3550,387008.1079,394681.3080,379979.7558,380818.8849,382413.0934,383117.3124,390615.6254,384750.1283,173100615.0209,173108073.3551,173091576.2294,173087048.2239,13608.9808,10735.4626,12171.5868,13596.0751,12351.0984,12776.8008,10703.9726,384388.1496,392442.8318,377449.7628,378321.3488,380162.8895,380596.3511,387931.6263,382263.8282,173097144.9894,173104604.8780,173088105.9862,173083579.2918,8866.5144,8086.3373,1763.8120,4210.1189,6767.5443,7671.8340,391623.0677,399287.9042,384590.0109,385435.7745,387034.0268,387718.7720,395209.5414,389360.7991,173104700.0252,173112159.1836,173095661.7339,173091133.5154,6151.0944,7640.0883,10137.4173,5724.9786,4182.9534,393569.2956,401323.1805,386533.9196,387433.5983,389147.4285,389613.0753,397001.6297,391322.0346,173107459.3017,173114919.2170,173098420.6202,173093893.4660,6657.0508,11064.8089,1719.8663,9030.0492,395447.6889,403404.6370,388497.2304,389342.4711,391098.5592,391660.7373,399060.9908,393298.2726,173106077.2994,173113538.8748,173097039.9959,173092511.8628,5613.9643,5197.3852,7144.2374,393016.9949,400704.7196,385987.9971,386838.5378,388455.1641,389114.0929,396591.1369,390762.0267,173105874.9315,173113334.4781,173096836.7923,173092308.5972,9992.6527,7376.9465,387745.0975,395339.7430,380684.4156,381543.9507,383121.0185,383789.9852,391284.5615,385449.8430,173102328.7610,173109786.7468,173093289.6475,173088761.8961,8145.0258,395533.8915,403407.1497,388557.1913,389407.5812,391124.6496,391705.1778,399124.5704,393350.5065,173106831.5502,173114292.6496,173097794.0476,173093265.9045,390778.7208,398381.7770,383695.5864,384605.0537,386249.1699,386746.3155,394168.8002,388469.4764,173106348.5398,173113807.0359,173097309.1099,173092782.1552,21958.6055,9852.7643,7785.7842,14456.2536,13162.9676,12800.8643,8903.2897,172776141.2314,172783528.1661,172767052.5934,172762552.7267,20100.5619,21087.6876,15262.4964,15325.5233,15630.0546,15538.0968,172780264.2551,172787643.4253,172771171.2344,172766672.8904,3738.2108,9195.3904,6582.4136,12944.3230,5110.3310,172785713.2834,172793099.4375,172776624.2755,172772124.4572,9069.2740,9598.6267,14633.5102,6090.1721,172783209.5247,172790596.2355,172774121.0841,172769620.7811,9903.2214,16693.9340,7789.3485,172785136.1184,172792520.0906,172776046.5305,172771546.1733,9069.2740,5097.7120,172786379.8325,172793763.8646,172777289.2693,172772790.3976,9707.1153,172779628.9483,172787012.4647,172770537.4741,172766039.6231,172782531.3955,172789916.1044,172773441.5179,172768942.0629,62924.3733,42035.4395,27400.8950,35179.3749,46238.9879,30579.9250,
2100.000,6874.9593,9708.0170,0.0000,9152.3679,13171.9018,13442.9528,11597.4840,13254.4852,9627.9149,11379.5241,10432.8552,4220.7333,2620.5943,11701.2612,9321.7392,9271.4508,9235.5669,13335.5427,13532.3895,1646.3988,9667.0657,9367.4844,8071.6667,3467.0652,0.0000,11840.7660,13310.2197,12103.3816,8643.9339,11445.2755,9446.1723,12340.3911,9000.7138,8018.5706,8768.5181,8622.6616,9188.1279,2527.2995,4847.2519,6235.2600,10157.6244,4427.1528,12773.3806,11254.3700,12505.2290,12979.4663,9367.3023,13553.8105,8777.0714,383361.6805,391188.9335,376507.8683,377531.8223,378979.5465,379511.1025,386896.6201,381356.9214,173094550.6330,173101602.5113,173085219.5725,173080752.4698,9521.7887,0.0000,3740.9265,11572.3800,12908.6597,12177.9829,11643.5638,3548.5386,9503.0310,11777.1326,10129.1947,8796.1942,13516.6854,12700.5013,2938.4580,10302.6908,10659.0540,10958.4739,7489.3895,13189.7469,3961.8336,10531.1183,8322.4379,0.0000,6680.1287,9743.3381,7293.4743,12660.4919,6431.9218,7443.5179,10853.9401,7576.2821,8482.0756,4137.7623,7781.1521,12738.4029,7130.5453,5861.2509,2163.9219,9755.9930,4885.0990,11497.1813,13537.2551,13086.5598,11956.1577,10625.9241,12783.3794,12714.2423,382224.4629,390253.7713,375458.6785,376422.5196,377893.3651,378557.5986,385978.2908,380314.5230,173090437.5477,173097490.4729,173081107.5876,173076639.5311,0.0000,11489.9369,6602.2305,9167.4136,12687.6227,6853.2342,10628.3657,13339.5212,13381.6079,9131.8990,8858.7056,9100.5827,11863.9084,10277.4170,1816.4734,11581.0699,10839.5639,8634.3439,10158.9771,7381.2196,3737.6386,7296.9112,0.0000,8774.9855,10515.4240,10926.7687,11083.4019,11379.9224,2883.6473,4462.2088,2535.2228,13630.6529,6573.0849,2301.2252,10531.4888,7793.5778,12279.6741,8208.7838,627.6695,11701.7069,5549.1814,10836.3549,11883.1129,6486.1535,2221.8921,10212.4361,9076.4147,388127.0759,395765.0249,381241.3128,382229.9370,383521.9239,384259.9930,391760.8061,386054.9871,173098427.7318,173105479.5751,173089097.5747,173084629.1209,0.0000,0.0000,0.0000,0.0000,0.0000,0.0000,0.0000,0.0000,0.0000,0.0000,0.0000,0.0000,0.0000,0.0000,0.0000,0.0000,0.0000,0.0000,0.0000,0.0000,0.0000,0.0000,0.0000,0.0000,0.0000,0.0000,0.0000,0.0000,0.0000,0.0000,0.0000,0.0000,0.0000,0.0000,0.0000,0.0000,0.0000,0.0000,0.0000,0.0000,0.0000,0.0000,0.0000,0.0000,0.0000,0.0000,0.0000,0.0000,0.0000,0.0000,0.0000,0.0000,0.0000,0.0000,0.0000,0.0000,0.0000,0.0000,11389.7242,12090.2070,10539.4875,11373.1679,1585.0140,6701.4385,10292.7999,11918.8960,10971.1855,13438.8325,12435.9489,1971.3300,12287.9365,8333.0515,8974.5961,10057.4418,13462.5648,5522.9448,12611.2014,10975.5931,0.0000,5755.6913,7686.5665,4751.2007,12878.7167,3467.9390,9595.3749,11419.7372,9924.9919,6989.5255,6464.3489,10244.4426,12882.5006,9965.8072,6205.7318,5819.1325,11551.8462,5807.4356,11709.4836,13124.5659,11733.0013,11886.7470,12525.7063,11548.7829,13473.5565,383968.6520,392171.4733,377262.5439,378207.7266,379747.5385,380404.9882,387799.8520,382134.4118,173090194.2410,173097248.5099,173080865.0568,173076396.7126,3806.4692,9522.2643,285.5408,10579.0667,10519.9863,11246.3390,12302.8020,12567.5541,6838.7551,11042.9738,10662.3110,7184.4635,6878.4412,5703.0515,12716.2366,9788.4839,9054.3690,8487.4440,11910.5572,0.0000,7210.4416,6034.2236,8311.9104,11070.7978,9399.4886,7336.6203,2375.4801,7733.2788,13086.3926,9282.9307,8016.7001,10120.7951,12288.4398,13705.4331,11468.5088,6057.5229,13530.2824,1227.7841,8704.2111,8065.5983,1064.6289,7103.1990,4842.2524,9807.7872,392936.8245,400796.7669,386130.5614,387088.0744,388457.1309,389213.5497,396694.3152,390963.1562,173100033.0443,173107087.1402,173090704.3522,173086235.1744,6623.2654,3582.4547,11737.7407,9029.4563,8678.0638,11981.4216,12668.1107,4465.0003,8636.9926,11973.9684,9123.3157,5778.5678,4789.4380,13215.9498,7735.3176,11362.3044,9697.5869,12628.1502,0.0000,9254.1056,6314.1672,9073.5525,9040.4125,10027.5034,10213.9528,5832.1975,10463.5995,11808.3944,11698.6015,10594.1317,7997.9751,13114.7092,13448.0607,13148.1303,8744.7547,13603.5901,4548.5755,5840.5603,4693.6217,3334.4220,8895.3865,1537.9239,8399.7374,395038.1676,402971.6977,388246.0678,389215.4208,390642.3640,391324.9706,398763.3148,393092.1793,173101744.3665,173108799.2560,173092415.8716,173087946.9079,9336.6891,11094.9350,5003.7445,2374.8718,10613.8400,11376.2214,6494.9573,5034.4315,11482.6076,12335.6582,6038.7355,6475.9377,12100.7145,6700.6662,12673.4615,11978.1636,12371.9517,0.0000,11077.3089,7973.4803,9278.6512,6470.2934,9436.0318,13174.1607,10993.5039,13279.9188,6807.9252,13154.2085,13289.4949,6085.0150,12543.1732,9979.8476,13077.9468,12541.7363,10670.5924,10135.9866,4766.0554,2359.2293,9228.3040,12149.5429,5551.4319,8071.9905,393277.0981,401402.4569,386529.8809,387515.6062,389072.6602,389614.7290,396965.3955,391405.3322,173099664.4293,173106720.0062,173090335.7160,173085867.5103,10584.1581,10355.0646,11095.5583,12380.1609,12662.9068,6766.8030,10960.9486,10686.4606,7411.9089,6660.3689,5472.8178,12826.6986,9752.2313,9169.5700,8675.7489,12047.9858,0.0000,7226.9480,5866.9170,8226.6338,11028.4360,9326.6236,7565.2980,2657.2916,7964.7149,12999.6666,9430.0029,8248.3968,10072.4286,12419.5791,13704.5023,11587.6069,6314.8769,13550.5828,1494.2109,8594.6781,7864.9894,1107.8977,7324.0705,4590.2921,9822.6927,393093.1301,400964.7250,386290.4903,387247.3314,388621.8319,389375.7592,396853.9408,391124.3811,173100069.4898,173107123.6836,173090740.8469,173086271.6590,7502.1105,11125.0091,12265.1370,11290.4759,13386.1684,13021.7368,727.5266,11616.7462,8205.6763,8662.9595,10311.5390,13739.8943,4191.1931,12177.8393,11007.6432,0.0000,4421.6389,7142.1971,4145.0785,13369.9827,3125.4291,8529.0690,10466.0810,8944.7262,8299.9007,5293.7288,9347.1191,13264.1994,10047.0167,7367.5478,5381.1031,10656.7015,6827.2228,10864.5754,13374.5275,12005.2857,11166.7721,11887.4715,11327.2587,13656.5435,384100.0266,392264.6758,377386.5257,378325.6705,379835.5348,380530.9610,387947.7226,382251.6099,173090327.0911,173097381.1926,173080997.9653,173076529.4288,5162.2861,12213.9051,12236.2075,10378.7713,8870.9395,8072.6107,13573.4943,4749.9106,5902.2202,12281.5630,10630.9697,10418.3462,13580.3955,13001.8625,0.0000,8567.0163,6201.3079,5883.7453,10062.2757,5555.8977,12714.9394,11760.6106,12998.0065,4999.6906,11275.9969,13196.9175,9921.5424,12599.5568,8135.1356,11075.2525,13227.7322,8698.9216,11261.3374,9248.1640,6703.3306,10718.5435,13569.1573,7830.8794,11511.9482,389819.9302,398106.0272,383133.5894,384089.1808,385690.9026,386274.0448,393623.2122,388019.4943,173094807.4310,173101863.2996,173085478.9813,173081010.5730,9673.7237,10394.2385,7753.4717,4311.0204,11470.7199,12915.4107,7727.0527,8335.5012,11154.1410,6772.8539,13000.5630,12257.9853,11711.1441,0.0000,11981.2725,9508.6201,10113.2405,5833.7823,9942.2738,13753.7861,12401.8101,13769.9505,5119.4679,13400.9696,13709.0823,5891.3290,11778.1760,8510.4487,12726.2013,13343.0990,9372.1561,11717.9822,5642.2427,4521.8702,10941.6408,12753.9463,7749.8233,8037.3124,391795.6829,399932.5525,385045.5664,386042.7933,387623.2107,388118.6316,395446.6559,389925.8662,173098749.6885,173105805.0034,173089420.6068,173084952.7766,1829.0950,9050.9561,6908.3335,12013.7789,7948.9403,13528.3306,13492.6627,3557.4271,6440.4077,11565.0615,6165.0929,3386.6800,0.0000,13352.7105,13837.5378,13627.9121,5656.9369,13321.7787,10116.9766,11599.8997,9563.1913,9409.3609,10917.1794,9027.9019,6202.3718,4273.9472,7876.8738,9358.8553,9527.6687,7895.5654,11782.5947,8676.1619,10987.8736,11783.8184,7860.6041,12332.6462,5221.8082,386810.5020,394518.8390,379914.4466,380958.2563,382370.0750,382878.7792,390267.4671,384754.5390,173098763.3337,173105815.1652,173089432.2223,173084965.1648,10242.8537,8235.4340,10962.7643,7937.7932,13671.8024,13684.2359,1746.4704,7970.3469,10495.1681,6358.8293,2124.9094,0.0000,12714.5629,13757.5449,13148.8021,7171.8625,12728.8234,9385.6003,11675.3719,8821.5393,9250.7522,9774.8126,8302.4609,7679.8874,2589.4631,6957.5937,7891.4971,9316.5405,6752.8208,12032.2187,9977.2104,11903.1518,12182.2936,7963.8792,12988.9810,6789.6386,385153.5531,392878.8059,378265.0534,379302.2423,380713.4070,381239.4778,388634.5129,383105.2204,173097070.4712,173104122.0972,173087739.2798,173083272.2093,5566.0018,13492.7940,8197.7880,8987.4454,8398.2262,11293.8724,3678.8568,12842.5790,7830.8338,10562.9392,0.0000,11962.3693,9833.7285,11835.9686,5451.6201,12399.3341,10906.2229,7723.1567,10819.6261,11351.0774,12798.9154,10646.0600,4294.8200,11415.1217,12698.3652,13402.9503,8894.5823,12976.8130,6811.5551,2579.2229,4759.3927,5921.3093,7817.9923,5137.0262,4399.4217,394771.1605,402576.3868,387922.6965,388930.2891,390342.5561,390940.9302,398357.2640,392764.5466,173103613.2249,173110667.2326,173094283.8767,173089815.6080,13158.2754,10865.5702,10220.0042,10341.8095,9527.6631,2916.8097,13690.2346,9724.6633,9620.2392,0.0000,13449.2951,11587.8981,12486.1083,1658.6075,12453.7680,13018.2118,11723.6972,12813.3940,7707.9912,13678.4208,12546.6187,1925.7284,10190.5882,9518.5750,12947.4930,11904.3210,10195.5965,11114.5385,3369.6208,5445.8464,10402.5221,10597.0875,8404.5185,4211.8002,392279.1171,400199.2525,385452.6264,386479.3036,387983.2392,388463.6931,395812.1273,390314.7183,173101468.5108,173108522.6256,173092138.6932,173087671.1831,11287.0655,8727.3211,9117.5770,9906.4558,13782.8613,3674.7260,11849.6862,10585.8360,0.0000,4556.5508,7603.0245,4711.0194,13419.0999,3789.8059,8092.0477,10386.5591,8485.7178,8576.8786,4710.2228,8880.9843,13328.7774,9589.2355,7291.7448,4716.4516,10336.8923,6648.4253,10867.9242,13546.4617,12350.2178,11236.6599,11578.7596,11645.8116,13606.6849,383654.0428,391788.9356,376930.5311,377872.3673,379369.6440,380068.1066,387490.1813,381792.7019,173090233.3193,173097287.1620,173080904.0484,173076435.5609,12096.5084,11379.7546,8024.3090,8918.4666,8719.2389,2058.4666,6489.2058,0.0000,10095.3856,11342.8869,11918.8564,9907.8753,12316.0149,4499.6913,5322.9616,3995.9735,13495.5373,7889.9816,3523.7806,9376.4690,7300.7081,12224.4899,8972.0896,2118.8757,11747.8291,6106.6228,9918.4774,11478.9003,6804.2159,497.3218,10223.4407,7673.8812,388740.5555,396336.8423,381835.4096,382838.7899,384129.4936,384831.6318,392321.3109,386648.4909,173099683.9999,173106735.6889,173090353.6234,173085885.3943,1295.7417,13728.9204,10846.1969,9713.7269,12711.1368,13850.7865,0.0000,6584.0666,2297.2904,4622.6890,11165.4629,5503.1401,11162.0059,8634.5259,11622.9286,9175.4199,10635.4840,11961.4912,10543.9028,13713.3703,11385.4904,11799.9298,11261.9030,11601.1951,7912.8431,8951.5043,5997.4894,7294.5767,12070.7341,4613.7257,11643.8967,392247.5412,400445.4556,385545.8990,386484.5572,388012.6773,388694.3360,396098.9240,390415.4695,173096764.7238,173103820.6320,173087436.7465,173082967.6685,13772.5391,10617.3034,9605.8303,12122.2322,13720.4790,0.0000,6424.6440,2067.0576,5065.9593,11162.4459,6129.1295,10580.7780,7586.1197,11056.4648,10051.8097,10454.9057,11403.9187,10437.2233,13681.8850,12019.0931,11897.6351,10471.5290,12164.5349,6791.6178,8712.8027,5968.2806,6147.9092,11339.9252,3788.9799,11342.5624,392760.4162,400905.8079,386043.6174,386983.1301,388483.4506,389184.2776,396604.1432,390906.8531,173097537.9054,173104593.6189,173088209.9060,173083740.7368,9370.3455,9384.5966,6751.4593,1863.1970,0.0000,12001.8708,13583.1243,12614.4157,8616.6739,12105.6216,8661.6718,11668.5438,8114.0247,9317.9138,8601.4682,7640.1765,9058.7657,1159.2765,6386.0904,6426.6386,9129.8247,5907.2953,12179.5370,11152.3521,12717.3306,12464.9660,8156.6180,13512.7010,8231.5865,383753.9420,391500.1719,376875.3731,377903.6934,379313.1536,379862.9934,387266.7308,381715.4482,173095497.0256,173102548.5231,173086165.8282,173081698.6850,13529.5160,7736.2844,8892.2943,0.0000,13454.6140,11862.9307,13110.8904,2024.0334,13295.2674,11856.0905,10200.8306,11580.5814,9948.6301,13328.2430,11244.1477,1043.1746,9808.8196,11022.6703,13019.5288,10178.5082,11446.2712,9617.2004,2708.6460,6091.6075,8967.8674,8565.8245,8028.8263,1759.6114,392999.7672,400787.7437,386133.9135,387165.1488,388602.7649,389122.6146,396505.4387,390980.7205,173103031.1721,173110084.6732,173093701.1788,173089233.5372,9703.7425,9455.2364,0.0000,4002.3852,8108.1918,6239.6859,13590.5263,6111.6515,4786.7589,8070.0243,5282.8819,11010.5634,1368.3134,5807.3344,13333.8052,8688.3555,9274.7003,3894.4173,7444.6980,8441.7540,8927.7096,13553.1659,12932.9153,9649.3373,9093.6629,11504.9947,13006.9397,384047.8337,392010.7901,377273.5726,378220.6022,379630.5034,380382.8573,387850.7305,382115.4789,173091749.1466,173098802.1088,173082419.5963,173077950.9606,5088.0289,0.0000,11280.4986,12268.3294,12743.7051,8562.9785,12985.2580,5991.8878,6968.0868,5378.0876,12862.0205,8840.3006,4774.9009,8180.9895,6194.9733,11510.6344,9195.7539,4109.2430,11124.4757,7513.6246,9227.1023,11283.2972,7962.6097,1897.6283,10700.8010,6265.5998,388555.7242,396135.1925,381637.3543,382656.4935,383961.0300,384613.2656,392082.5808,386453.2933,173100162.4608,173107213.9786,173090831.7819,173086363.8889,0.0000,12031.3195,13600.1688,12968.4135,8513.0059,12649.1124,7776.7713,10666.0832,7131.9423,10556.9622,8535.8257,6554.8535,8787.2317,1498.9880,7987.8578,6975.5402,7823.4349,7504.9270,11232.5807,10793.9143,12643.1350,11586.3338,6605.1641,13127.9002,7522.3440,384674.7542,392344.1136,377774.0189,378804.4777,380174.7886,380749.0446,388173.0501,382604.9337,173096783.0487,173103834.2940,173087451.8228,173082984.5612,0.0000,0.0000,0.0000,0.0000,0.0000,0.0000,0.0000,0.0000,0.0000,0.0000,0.0000,0.0000,0.0000,0.0000,0.0000,0.0000,0.0000,0.0000,0.0000,0.0000,0.0000,0.0000,0.0000,0.0000,0.0000,0.0000,0.0000,0.0000,0.0000,0.0000,0.0000,0.0000,0.0000,0.0000,0.0000,0.0000,4579.1150,3152.8550,13736.1638,3863.9380,6867.1070,7217.1162,7553.1127,10971.1272,5185.4751,8148.7439,13264.2494,11507.3070,10745.4136,7452.9724,8560.3916,10271.6970,7611.1449,12679.5897,11132.4420,8052.9217,10340.3872,9118.9450,13389.9610,387114.6047,395196.4986,380385.6811,381312.8036,382759.7133,383532.7617,390993.8889,385236.3648,173092866.0473,173099920.3203,173083537.3948,173079068.2712,3300.2359,12295.4621,4569.8474,9730.0543,7490.2299,10298.5675,10207.8836,9106.5701,10742.5548,11653.1585,13381.8660,11665.8974,10769.9497,10167.7891,11649.7232,7025.9815,10260.6958,7772.1988,6732.1821,11392.9859,5608.9997,12369.9802,391110.4738,399272.1691,384403.4930,385333.0281,386827.7698,387557.7850,394988.8035,389265.4027,173095738.0371,173102793.5403,173086410.0006,173081940.7524,13128.7972,1415.7598,9391.1078,9040.2144,9963.2770,9084.4627,7468.7049,10444.4184,12733.7767,12396.8588,9865.1291,8720.2019,10726.3126,9694.2076,9011.5356,11974.7806,9777.9516,9029.7444,12080.3556,8425.2014,13412.2798,387941.2656,396154.4927,381250.1112,382175.8347,383693.3567,384415.6975,391837.2316,386117.1172,173092703.9330,173099759.1017,173083375.6059,173078906.5726,13103.1013,12451.5873,11448.6185,12156.0021,8570.5170,13414.2015,11809.6697,1161.2421,9261.1898,9685.3753,12632.4972,11178.0215,10238.5176,10958.4618,3821.8224,6588.0401,10361.7444,9620.4892,9075.9184,2826.6755,391787.9569,399625.9898,384933.8603,385969.1592,387440.4249,387924.3730,395284.6961,389788.1537,173101847.5377,173108901.0731,173092517.3944,173088049.9953,9713.6809,9973.4171,10228.3630,8227.6624,7341.2347,10671.5943,12829.6196,11946.9541,8833.7049,8097.5185,11252.0981,8658.7163,10014.8741,12325.7608,10239.7577,10050.7601,12496.4048,9340.6905,13566.5474,386847.3220,395084.1779,380160.7158,381089.6523,382624.8572,383325.7898,390734.9589,385031.7147,173091779.8099,173098834.8826,173082451.3186,173077982.4658,5355.2778,811.9003,13089.8647,3896.8257,1533.6365,12014.9566,7717.1748,11373.4567,6139.8406,3025.3862,10619.9282,6586.0930,12321.8868,12735.0092,7608.0898,4943.6853,10973.0346,10923.1648,386095.4141,393825.2981,379243.8778,380215.2369,381532.4041,382294.6153,389795.3887,384063.7464,173095621.7688,173102673.7784,173086291.7590,173081823.1941,5711.4091,13646.8716,7997.3998,5987.4995,10589.9837,11067.9777,13541.4662,10342.0217,3871.8601,13190.5163,1376.3194,9728.0721,9725.6316,2603.3072,5333.0180,6946.4145,9803.5246,391350.2114,399122.0195,384515.8523,385479.6238,386809.2212,387580.2563,395078.6930,389338.9741,173099458.9258,173106512.2020,173090129.7902,173085660.7441,13102.9200,4273.9814,729.7490,11755.8531,7139.6666,11252.6522,6116.4807,2836.2204,10494.3431,6915.5650,12219.5689,12852.5916,7904.8640,4464.7914,11257.4614,10552.2258,385932.0419,393632.2506,379068.4334,380046.7226,381357.6484,382107.3685,389606.2762,383886.7161,173095895.9465,173102947.7424,173086565.7612,173082097.3187,11446.5912,13084.1081,9006.7274,9983.0901,4180.7929,9836.1075,13745.1436,5197.7077,13428.6181,9768.6515,8892.9869,13063.9236,13510.4029,10990.8012,10484.1272,386815.1992,395020.1981,380087.3211,381076.6408,382682.8900,383178.7204,390499.1937,384973.4114,173093967.2535,173101021.9800,173084637.7416,173080170.1702,4746.1096,13184.4733,7794.9083,9358.0865,3321.8325,6726.8266,8451.8012,8977.0616,13603.4943,13342.2375,9780.7722,8299.6578,11982.8543,12637.3253,383666.6478,391562.1532,376868.4882,377824.5659,379210.4024,379958.6882,387433.3435,381704.6776,173092140.0364,173099192.5299,173082810.1941,173078341.6901,11437.5892,6652.5584,11158.5843,6226.8077,2740.0362,10411.7486,7148.9355,12031.5251,12862.7190,8096.7011,4005.7747,11418.0734,10135.9233,385918.8368,393594.2485,379044.8438,380029.5546,381336.2061,382073.1744,389569.4458,383862.0057,173096247.8206,173103299.4599,173086917.4946,173082449.1595,9584.2267,10227.7553,12693.7181,10571.0411,10723.2683,10023.0554,2790.2611,5828.9047,9371.8748,9061.9028,8111.8526,2363.6633,392492.5072,400323.5894,385639.3818,386669.1062,388128.2704,388635.4517,396007.2479,390491.1730,173102296.1524,173109349.8015,173092966.1821,173088498.6007,6987.2258,5796.0981,8317.4886,6362.2086,11688.6155,11519.9438,13024.0916,12080.3856,7486.6122,13496.6199,8592.4310,383552.7148,391275.0603,376669.9720,377693.3773,379082.3651,379660.2129,387079.7147,381505.4628,173095310.8774,173102362.2187,173085979.6982,173081512.4289,6830.7223,12557.7582,1184.2767,13734.3255,11661.4488,11608.1524,13728.4616,12354.7888,13021.5330,10878.5146,383404.7775,391490.5470,376637.4973,377635.1285,379187.1256,379704.4928,387051.0362,381511.1186,173092175.5431,173099228.9174,173082845.2802,173078377.9545,8539.8753,5754.5810,11165.7638,13691.8069,13733.0397,11774.5414,9342.4483,13270.1083,12271.8433,381911.2851,389826.9307,375108.1178,376082.1101,377504.9760,378180.6833,385620.9483,379952.6975,173091189.6438,173098241.8596,173081859.3178,173077391.3489,12005.5625,4984.3446,10713.0139,11654.4067,5959.6443,2433.5928,9821.2195,9172.0598,388606.9974,396255.3619,381726.1580,382711.2991,384003.9722,384750.1470,392253.1982,386540.0761,173098645.7757,173105697.7778,173089315.7522,173084847.2027,13497.2740,12156.5366,12155.0924,13598.1953,11920.3063,13267.7505,11154.2904,382723.2443,390781.3720,375949.2864,376944.1500,378476.6372,379016.0546,386376.4086,380818.5698,173091695.2452,173098748.3421,173082364.8984,173077897.5198,8852.1761,8688.4772,1248.0329,6022.7562,5737.5569,9427.8422,392505.7164,400306.3914,385679.3465,386643.4296,387989.4126,388747.1006,396235.8630,390506.4069,173100257.3074,173107310.9687,173090928.3629,173086459.2802,3593.3706,7936.7908,9579.8626,5846.8908,4261.4157,394512.1689,402398.3500,387683.3249,388696.6516,390162.0940,390705.3990,398086.6131,392537.2386,173103095.0133,173110149.4108,173093765.6570,173089297.6479,7632.6271,11234.9228,3760.9119,7493.2836,394800.4733,402851.5270,388032.6298,389018.0970,390533.6451,391108.1572,398482.8574,392898.7764,173101377.6695,173108433.1308,173092049.0533,173087580.6312,6654.6287,4600.7497,8981.8392,393381.1114,401210.1941,386561.6836,387527.6116,388891.9440,389630.9968,397107.8307,391393.1033,173100879.5074,173107933.4937,173091550.6918,173087081.6260,10023.1484,7319.3853,389166.2817,396758.1227,382258.8657,383264.3778,384555.7948,385252.0144,392739.4877,387072.0821,173100136.8768,173107188.6163,173090806.5144,173086338.2966,8911.3063,395007.6167,403017.6121,388239.4644,389204.0406,390666.2069,391333.7611,398755.7100,393093.7960,173101087.5062,173108142.8346,173091759.1994,173087290.2378,391940.3733,399658.2125,385052.1516,386088.3449,387494.5106,388026.0965,395423.0843,389891.4584,173102736.6564,173109789.5462,173093406.3413,173088938.7847,22149.4414,9705.4165,7597.2321,14621.5051,13191.4424,13125.8564,8996.6707,172772099.6928,172779080.3692,172762720.2942,172758279.0744,20144.1238,20946.5883,15315.3443,15232.8153,15546.4636,15387.9064,172776307.3145,172783280.1826,172766923.5595,172762483.7910,3485.7487,9287.4788,6590.6323,13019.0462,5288.7880,172781503.6927,172788483.5690,172772123.9205,172767682.7425,9162.9802,9295.5572,14482.6136,5841.3142,172779029.5195,172786009.8764,172769650.2439,172765208.6404,9744.7748,16823.4889,7526.5454,172781155.6275,172788133.3085,172771775.2957,172767333.5469,9162.9802,5294.8511,172782292.4212,172789270.1416,172772911.1063,172768470.8291,10099.4859,172775718.3830,172782695.5137,172766336.0804,172761896.8819,172778293.8188,172785272.1827,172768913.1911,172764472.3113,62738.4238,41827.6073,27606.3139,35408.3404,45873.6034,30352.7954,
2400.000,4956.8231,7830.1955,0.0000,9595.2921,13121.9749,13587.7478,12938.6412,13188.3331,8279.3974,11314.4085,10468.2580,4854.3306,3539.4121,11321.5961,11020.0973,9308.9650,7521.3064,13222.6683,13282.1649,3108.2313,10569.2071,7869.2857,8278.2460,3215.0359,0.0000,10610.2072,12733.5279,11296.0210,10074.0759,10794.2686,7244.2164,12324.3297,7089.0533,9075.6981,8097.4826,8617.6919,10990.4396,2499.2860,5417.5847,6264.8779,8836.8831,5477.5198,12738.6713,12527.8281,12390.5544,12917.0742,8078.0722,13742.3514,9814.0505,383379.7023,391150.8239,376684.9572,377834.3585,378941.4449,379583.9558,386992.6507,381655.9425,173090995.9087,173097644.8023,173081377.8321,173076976.4568,10080.5778,0.0000,5347.7390,12386.0478,13046.0824,12082.1933,12384.8567,3663.6221,9276.1923,10545.4400,9152.3657,8061.5450,13123.7314,12059.5120,5482.3290,10466.6987,11051.5753,11051.1401,7235.3744,12532.8961,5891.6999,10658.0252,6809.2790,0.0000,8143.1288,9908.0871,7813.8981,12578.2605,6953.0135,8356.8026,12088.7464,8564.2716,6828.4997,6648.6268,8935.9392,12610.3333,6301.0893,3025.7754,3964.1165,10699.7912,1823.8690,12322.0372,13443.8573,12768.7954,12421.7778,10936.8291,12849.4142,12280.3506,381666.4062,389649.2611,375049.5519,376163.1798,377326.6202,378021.7998,385433.8469,380033.7783,173087058.8330,173093708.6491,173077441.4584,173073039.6393,0.0000,11499.6233,8789.5092,9955.0586,12547.4198,8978.2630,11630.8024,13728.2728,12954.9731,6074.5021,6264.2724,9139.7822,11781.8000,10304.7196,1824.2030,12899.8398,11967.3777,8479.6660,10133.2789,7333.6418,1089.0216,5035.1328,0.0000,8740.8250,11939.7839,11246.3105,8575.2844,11649.2859,2921.0812,6983.7660,2418.2605,13420.6440,6637.7529,3773.1417,10021.0468,5691.5712,11553.3826,7992.9592,1260.4814,11195.3911,7810.2362,10464.8140,11958.9033,8297.9089,2173.2487,10817.4150,8938.9634,389249.6679,396880.3786,382527.5536,383660.7272,384661.5192,385425.4239,392907.9418,387469.7314,173096076.5821,173102725.8845,173086459.3568,173082056.9972,0.0000,0.0000,0.0000,0.0000,0.0000,0.0000,0.0000,0.0000,0.0000,0.0000,0.0000,0.0000,0.0000,0.0000,0.0000,0.0000,0.0000,0.0000,0.0000,0.0000,0.0000,0.0000,0.0000,0.0000,0.0000,0.0000,0.0000,0.0000,0.0000,0.0000,0.0000,0.0000,0.0000,0.0000,0.0000,0.0000,0.0000,0.0000,0.0000,0.0000,0.0000,0.0000,0.0000,0.0000,0.0000,0.0000,0.0000,0.0000,0.0000,0.0000,0.0000,0.0000,0.0000,0.0000,0.0000,0.0000,0.0000,0.0000,9834.9971,10656.4608,10239.7215,9758.4477,2093.5297,7823.0234,11034.8533,12514.3307,11800.5992,13517.8040,12571.0483,1970.0367,12321.0859,7704.3419,7250.1118,11342.8162,13500.6732,5579.1693,11955.9003,10433.8646,0.0000,5115.6521,5545.1662,2962.6823,13817.5312,1820.8248,9596.5193,10204.0927,10011.1594,7150.9982,6393.2111,9114.8691,13124.3190,10200.9226,6726.0457,5493.6398,11546.2443,5737.1412,10153.3108,12924.7892,12186.9987,10131.7261,12575.2558,10174.1005,13625.9154,383665.4180,391835.0433,377124.1149,378198.0606,379398.1357,380169.9023,387597.8267,382115.6438,173086132.1166,173092783.4537,173076515.9558,173072113.3228,2488.5238,7575.7241,242.2095,11184.4482,10531.6008,11613.1571,12242.2192,12547.3508,8605.4300,10617.4236,9274.1663,9482.7749,6824.9653,5163.3202,13433.2510,10302.2443,9134.8198,8481.3744,11971.8002,0.0000,6686.2547,6046.9658,7549.1421,9991.7012,8594.7461,8990.7501,2236.6640,9167.5777,12384.1531,8778.6931,7683.7261,9341.0976,12266.8585,13324.6218,10771.9205,7807.7920,12927.5424,1223.3060,7598.1297,8857.4396,653.1045,9142.4265,3312.5731,10311.3095,393058.0646,401074.3984,386473.4715,387553.3038,388678.0282,389489.7386,396952.5405,391446.0084,173094955.2931,173101607.6257,173085340.0627,173080936.6990,5621.8487,2370.0136,11809.3889,9437.9537,10123.8364,12331.6085,12784.8655,7171.3123,8908.3172,10511.4060,10231.7195,5795.8109,4815.1286,13381.1964,8834.7694,10803.3605,9455.1479,12804.7739,0.0000,8535.5042,6362.6165,8549.6466,8888.8561,9414.5211,10562.6074,4338.0577,10651.5306,11764.4726,10558.9387,9524.7757,7760.1296,13030.5138,13428.0862,12128.2588,9064.5600,13262.8334,3362.6073,5642.9450,6822.1430,2636.2115,9805.3523,1321.4107,9156.0956,394202.2504,402279.1188,387631.0456,388716.8369,389885.8588,390648.7334,398080.6121,392615.7384,173095768.6104,173102421.4849,173086153.5060,173081750.2991,7420.4208,10718.8643,4952.3990,5474.4230,12244.5504,12588.8634,6864.1392,5334.0368,11058.5142,12301.6725,3761.0436,5282.6233,12083.0024,6998.0196,12489.0575,12077.5087,13469.8856,0.0000,10886.4929,6815.6604,9183.2935,8335.6417,9365.0345,13034.9968,9201.5840,13073.2922,7984.7282,12629.8491,12546.5366,6131.5101,13406.7651,11201.3379,12931.5169,12129.9190,11504.4707,8420.4036,4816.3325,3226.0703,7788.5281,11997.2738,4672.1884,8134.6259,392508.8804,400750.2744,385976.4853,387074.1010,388356.3367,389003.2058,396359.1850,390991.1835,173093825.0941,173100478.5037,173084209.7703,173079807.2197,11121.8615,10381.9389,11526.1635,12351.8281,12649.7930,8642.7878,10568.3030,9237.7625,9660.2816,6616.7417,4947.0126,13492.9216,10314.1167,9198.2623,8673.0977,12091.1340,0.0000,6697.3243,5866.0225,7446.0624,10052.7703,8491.8235,9152.1239,2469.5481,9334.0028,12280.5782,8864.5710,7848.3371,9344.0202,12374.3815,13293.8325,10821.6597,8010.0808,12901.3373,1463.7526,7573.1384,8774.9994,876.8796,9323.1365,3127.9892,10359.3336,393045.2456,401074.2233,386464.7305,387543.5525,388673.6309,389483.9942,396944.7134,391438.6179,173094830.8761,173101483.2793,173085215.6797,173080812.3108,7626.5494,10435.3070,11706.2364,10859.3925,13578.9872,12244.4068,3333.1130,12251.4589,8718.4183,8669.2072,10069.7108,13225.8227,6087.6162,12110.7922,9671.2142,0.0000,6684.8397,7191.5369,4961.3985,13596.0239,3805.5804,9790.6665,11425.5450,10135.6636,6026.3041,6972.4278,9692.5334,13022.0547,9308.7440,4816.6234,5190.1951,11887.7583,3780.3952,11428.1839,13227.6344,12296.3904,11408.7002,12575.0075,11339.5770,13317.5672,382488.0954,390635.5372,375932.7151,377019.4616,378229.0339,378960.2519,386371.1703,380927.5166,173085780.0939,173092431.0394,173076163.5214,173071761.2426,4620.0578,12364.1270,12217.4150,10043.2532,7001.3937,9314.4802,13586.4441,4846.0641,6721.8168,10906.7532,9229.2559,11644.5082,13583.3206,12889.2823,0.0000,10766.5430,6966.2477,8117.5131,10665.7141,7589.4905,13426.1250,11819.9636,13542.9822,3533.9027,12139.4373,13229.3579,8878.4401,12577.8142,7739.4884,11359.7104,13684.6515,8170.1666,11268.8604,8820.7628,6679.5970,10807.3660,13544.6571,8466.4194,10211.1123,387865.4909,396185.2998,381354.4920,382451.4641,383776.7299,384393.2541,391725.9377,386379.9090,173089513.0029,173096165.9161,173079897.1799,173075495.0452,10058.5180,10268.7640,7314.7666,3182.4264,12100.1567,12207.9928,7888.0819,9562.5105,8824.5053,5658.4642,13264.4227,12564.9288,12020.4905,0.0000,13096.8393,10302.5093,11442.5411,7452.3507,11057.6783,13525.4470,12521.5421,13435.5264,5476.5416,13564.3866,13752.9601,5738.6345,11726.2931,8528.0145,12781.3778,13056.7133,9416.7296,12081.3330,6807.5322,4515.1696,11650.5725,12082.4437,9530.5053,6819.3774,389591.9741,397770.5262,383022.8898,384154.0533,385459.4727,386000.5047,393311.1588,388044.9030,173093038.4563,173099690.8308,173083422.0489,173079020.4277,1375.4834,8139.9940,9182.5400,12112.2647,4704.9283,13644.9109,13702.0813,3339.8587,7623.4217,10208.0886,5925.5433,4166.9429,0.0000,12191.0541,13816.1251,13288.5812,6435.6048,13158.6723,7430.0063,11263.4145,6970.9895,11198.2792,10031.0535,8805.2499,8206.0810,4215.9260,9152.8386,9518.1736,7002.0379,9484.8710,11687.1374,10061.1343,10682.7436,11850.4857,5011.9073,12792.5651,6356.5860,387703.6430,395370.2311,380972.1815,382138.6724,383217.5427,383835.2222,391241.5878,385936.4137,173095813.1436,173102462.2406,173086195.1652,173081793.7748,9138.0574,9799.8297,11387.6806,5212.6458,13679.0721,13715.8015,2590.7242,8543.4452,9478.9753,6345.4477,3176.9105,0.0000,11754.3556,13636.1055,12825.7875,7544.5028,12603.5784,7076.7760,11562.5841,6671.2710,10723.2427,9381.9881,8550.7157,9092.1544,3060.7749,8196.6345,8556.1802,7295.0077,8467.0601,12012.3618,10879.2972,11297.2352,12197.6916,5659.0713,13177.7955,7408.1163,386378.8468,394057.1779,379651.8439,380815.3319,381895.3812,382520.3162,389929.4022,384616.2453,173094532.3259,173101181.2444,173084914.2504,173080512.8893,4442.0878,13575.0272,8083.2359,9771.4345,10172.6260,9566.8603,2393.2353,13034.3205,8255.6175,10875.1433,0.0000,12680.2225,11441.9667,12837.0049,2126.9320,13130.3340,11059.9373,8811.2605,10785.3349,11343.0873,12800.9379,11159.6959,1689.3695,11028.2028,12526.3318,13391.4836,8847.2926,12963.7434,8557.3527,2475.6072,4375.6441,8268.0468,7563.2800,7571.3579,2461.6717,394305.8267,402214.0933,387656.6706,388797.5441,389967.6398,390584.4257,397962.7080,392644.4271,173098946.2993,173105598.0808,173089329.9649,173084927.8647,13248.5213,10806.9723,8619.0195,9916.5909,9010.0047,2755.0723,13722.5371,11160.5346,11829.1948,0.0000,13448.6000,11040.9796,12471.2813,4782.6819,12383.5498,12989.6314,11366.2299,12804.5900,8259.5115,13802.7965,13199.7665,2771.8561,11702.7636,10536.1569,13565.6763,11749.1466,11298.0142,10943.0009,4242.1032,2642.7712,10517.1742,10518.0335,8628.6988,4218.3159,392149.6529,400225.4805,385547.7394,386687.1886,387949.2212,388500.8135,395827.9445,390559.1080,173096082.6519,173102734.9407,173086466.2887,173082064.5493,11347.8569,8621.1568,7719.2584,11344.2139,13802.0954,3806.2064,10868.4949,9592.1479,0.0000,3572.5008,6025.3519,3060.3575,13823.1386,2652.9871,8135.3429,9270.7717,8610.4405,8684.0455,4609.0887,7539.6541,13410.2815,9462.3865,7557.5620,4197.0033,10330.4838,6430.0936,9393.4974,13171.8686,12830.1154,9509.5109,11638.3287,10253.6184,13724.0375,383841.9227,391926.0718,377276.6826,378351.1885,379504.1690,380309.6967,387763.8410,382255.8781,173086795.4333,173093446.3418,173077179.1721,173072776.4161,13164.9210,12499.9690,7528.5781,8918.3048,8657.2405,1350.8957,4937.9768,0.0000,10081.0023,12661.2018,12208.6633,7215.0011,12522.0631,4491.2875,7886.5406,3944.8097,13245.3452,8073.1072,5487.7355,8952.7775,5546.2524,11510.7464,9008.0843,2553.6242,11362.3390,8582.9112,9741.5766,11262.6051,8965.0934,743.3769,11074.0591,7583.0303,389795.3670,397412.7286,383062.8906,384208.0371,385222.2028,385944.4620,393407.7376,388009.2170,173097057.3898,173103706.6846,173087439.9989,173083037.8761,2236.2422,13236.6693,10123.1043,10827.4812,12697.0290,13734.5056,0.0000,8575.6265,3440.6774,6159.3221,11106.2266,6435.9122,12588.0663,8648.0706,12797.9961,7761.1493,11096.9996,11775.1134,9288.7064,13658.3658,10757.5263,11499.2110,12430.9764,10675.4402,7858.2503,7934.8860,6859.1405,7285.2342,12983.8445,4590.6343,10960.2638,390580.0870,398888.0061,384080.0387,385152.9535,386429.7611,387145.8016,394528.6733,389091.7384,173090909.1320,173097562.6010,173081294.0914,173076891.1652,13647.7161,10934.7312,9659.1991,11832.7605,13342.7463,0.0000,6929.8367,1994.7819,5008.5182,11537.9614,5705.9826,11476.1031,7002.9287,11745.3713,9138.4270,9825.0043,10415.2002,10037.2886,13358.9057,11359.3511,10720.2232,11370.2291,11040.1016,6223.9359,8491.1311,8089.6076,5711.7219,12321.6742,3809.1625,11520.2294,390703.7983,398955.7988,384192.2448,385258.0950,386491.1386,387258.5955,394673.2216,389192.1369,173091080.2998,173097733.5091,173081465.3293,173077062.1377,8388.2812,10218.3286,8544.5958,4878.6403,0.0000,12391.9148,13522.9214,12751.2665,8004.2433,12301.4764,8897.5208,12823.9140,8603.4590,8966.8783,10354.3885,10217.9298,9053.9602,4408.5891,6501.1007,8929.7690,9403.7493,7114.5175,13111.6987,11048.2298,10839.7778,13179.8765,7898.6399,13530.3753,7627.7357,385298.6209,393074.5311,378597.8346,379762.0169,380897.9899,381479.3988,388856.3609,383576.9588,173093089.7666,173099739.0058,173083471.6724,173079070.5401,13517.2086,9367.5051,10748.6849,0.0000,13518.3189,12059.2471,13283.9827,2108.3423,13346.1824,11851.0634,10590.3579,11564.8927,10139.3332,13422.6013,12194.6228,1157.3391,10755.7150,11439.8732,13486.1035,10104.6928,12097.3281,10341.9801,3761.7895,4103.3812,10037.4467,8541.8164,8965.9545,1600.7129,393022.6703,400961.2003,386376.7532,387526.8075,388730.0557,389297.7023,396648.1273,391373.3735,173098031.2367,173104682.9047,173088414.6067,173084012.8662,8126.0034,7009.5096,0.0000,3623.9380,8415.9006,6015.5312,12964.4375,6133.1714,4711.5884,8219.3666,5248.6743,10811.7571,962.9034,4302.1861,13226.4855,7094.3515,8561.2676,2260.8167,7503.5319,7469.6020,8750.8171,13228.6230,13545.3797,9126.2527,9062.4728,11005.9293,13005.0594,384356.4712,392237.7684,377725.6192,378817.0513,379885.4285,380709.5970,388195.4947,382683.4621,173089023.5932,173095673.4525,173079406.8262,173075004.1483,5650.7354,0.0000,9232.4859,11986.4802,11572.3467,7722.8667,12008.0391,3926.2525,6736.2291,3457.3998,13470.0649,7453.1041,4553.6967,9237.1205,6275.1737,11905.7654,8807.6210,1236.9917,11643.8479,7505.1133,9663.8948,11304.9408,7949.8891,1321.7119,10367.4086,8142.3481,390205.9408,397843.3303,383484.4468,384620.0852,385628.9494,386380.2577,393855.6594,388428.9661,173096928.4581,173103577.9715,173087311.3201,173082908.9659,0.0000,9830.2954,12892.5073,11494.9732,9686.1077,11333.3724,4664.8328,10700.0370,4362.3906,11312.3232,6851.8814,6325.9490,11033.6463,731.7873,8108.6933,6108.5455,6187.4729,7863.6681,11322.7141,12297.9551,12843.3644,11652.1531,5618.6408,13252.3260,9670.2255,384992.5984,392651.9240,378268.8077,379416.3254,380457.6357,381153.9722,388601.0782,383222.2899,173092906.2891,173099554.8918,173083288.3008,173078886.6140,0.0000,0.0000,0.0000,0.0000,0.0000,0.0000,0.0000,0.0000,0.0000,0.0000,0.0000,0.0000,0.0000,0.0000,0.0000,0.0000,0.0000,0.0000,0.0000,0.0000,0.0000,0.0000,0.0000,0.0000,0.0000,0.0000,0.0000,0.0000,0.0000,0.0000,0.0000,0.0000,0.0000,0.0000,0.0000,0.0000,5622.9240,3655.3193,13201.0156,4494.5590,6771.2741,6347.4152,7293.7364,10999.9225,3681.1542,5486.6044,12941.9169,9964.1252,10242.7857,5535.7929,8389.1471,9260.3836,6605.0855,12247.8027,12587.7392,6881.6049,10242.3469,8612.2937,13297.0861,386611.0988,394617.3897,380027.9895,381098.1300,382200.1984,383054.8131,390540.9077,384993.4784,173089342.6158,173095993.6584,173079726.6925,173075323.5282,3125.5297,12566.3405,3863.5500,10969.2350,7493.0130,11316.1330,8778.0452,8707.2308,9892.4616,11268.8092,12869.6899,10530.7956,9449.6962,11446.5744,10020.7378,6919.3193,10019.7943,9537.9704,6581.7136,12594.0985,5565.3065,12517.5349,388886.0382,397137.5308,382376.8657,383437.7051,384661.7360,385449.2482,392874.1044,387373.9528,173089406.9623,173096059.8217,173079791.8384,173075388.6504,13541.5961,1302.7190,9588.8543,8214.7488,10031.1018,8673.9721,6514.6535,8614.5655,12677.8314,11428.3253,9128.5229,6944.6166,10967.6890,8286.1141,8020.7265,11911.6028,11497.2149,7953.8838,12320.7635,8064.7452,13471.5646,386150.4680,394336.3396,379621.4099,380683.7166,381873.1320,382683.0526,390127.0645,384609.4194,173087621.1853,173094273.1383,173078005.5825,173073602.5230,13703.1068,10632.9817,9853.0483,10278.2844,11321.5074,12739.5145,11075.0368,2486.5353,9812.2954,11898.1871,13039.5934,8560.4104,12424.0948,9785.0443,4484.0276,5743.6000,9611.6091,6779.6383,9310.4669,763.8724,393166.3885,401002.7925,386489.6710,387644.1535,388797.6830,389390.8850,396765.4104,391473.4949,173098929.5122,173105580.6296,173089312.6809,173084910.8878,9924.3611,9231.3436,10351.2846,7759.3595,6780.8105,9152.3612,12824.4262,11185.5073,8142.4123,6635.2473,11499.0830,7287.6917,9054.6376,12270.7136,11622.4593,8972.6050,12681.9293,8863.0002,13565.1586,385151.4574,393355.6970,378625.2321,379690.8046,380896.0887,381685.6929,389117.9360,383617.5953,173086823.3441,173093475.1886,173077207.5750,173072804.6899,7268.7908,603.6082,12793.5527,3968.5137,1803.4744,11687.8317,5210.2700,10444.9778,5500.4872,3385.4431,9783.3994,8120.5673,11991.6591,13073.9799,8653.2008,4970.8211,11236.0912,10866.4128,386951.4919,394632.9575,380250.8844,381369.6879,382373.7654,383173.3962,390668.5209,385193.1292,173093336.1149,173099985.3019,173083718.9231,173079316.4422,7423.0252,13169.3172,7665.7096,5911.5440,9764.1582,11096.6154,13360.1297,9969.3505,5904.3952,12885.0181,1048.3749,8418.9550,9989.1578,1773.9518,7571.6400,5350.6104,10256.5884,392548.7677,400452.8915,385928.5022,387016.4064,388092.1241,388919.2301,396402.1892,390888.4874,173095505.9081,173102157.4949,173085890.3093,173081487.0140,12897.0005,4537.5611,2258.8556,11438.7071,4955.6656,10539.1154,5903.8857,3044.4077,9942.4699,8275.1095,11828.0845,12963.3766,8799.1097,4455.1260,11354.2016,10523.3658,387181.3454,394844.0180,380473.0885,381596.3632,382597.6921,383387.5475,390879.8541,385414.8318,173093802.0816,173100451.1959,173084184.8132,173079782.3982,11451.7877,12979.8651,10136.5396,10840.6764,4631.2383,9863.5215,13689.8565,5320.0644,12868.0228,10825.6160,8906.6601,12571.3075,13384.1979,11022.4377,10780.7148,384794.4151,393042.8157,378255.0003,379365.1879,380672.9027,381268.2069,388599.3383,383276.4860,173087917.7142,173094569.5856,173078301.1550,173073899.4389,3409.8932,13113.1738,7035.0820,9255.8561,2974.9610,6751.2577,8223.6981,8283.7441,13069.2034,13578.9919,8718.9257,8466.1047,10873.1874,12834.4530,384998.3131,392842.9352,378356.7373,379449.7580,380500.4171,381333.5082,388827.6281,383309.9519,173089819.6280,173096469.4076,173080202.8665,173075800.1305,11862.1714,6813.4616,11092.8282,5778.8560,3607.9316,10346.6665,6798.8490,11771.4575,12922.3622,7384.4071,5775.2998,10221.3859,11349.7133,387705.2742,395437.0774,381026.2485,382132.0367,383141.8621,383971.4105,391475.5025,385969.3570,173093180.0706,173099829.7173,173083563.2785,173079160.5036,11075.5631,11658.3833,13366.5285,9857.9720,12228.1870,9442.7206,2609.8747,3293.5892,9094.4281,8531.0614,7888.2332,2272.5068,393494.2246,401459.6225,386860.2519,388002.1663,389206.2342,389794.8269,397152.7630,391856.8422,173097964.3140,173104616.2498,173088347.9325,173083945.9980,7497.9690,5982.8093,6813.6999,7291.2279,11676.1786,12410.5866,12802.9764,11974.4259,6202.4989,13411.6813,9739.6258,384516.4339,392197.2704,377798.0246,378946.1318,380000.4581,380685.6050,388124.9776,382754.9905,173092409.8363,173099058.4631,173082791.8061,173078390.1955,6854.2603,12172.8799,1351.3570,13421.3172,12788.8922,11617.9691,13376.1048,11890.4769,13060.6516,11439.7226,382040.8251,390097.2684,375438.9753,376562.7159,377785.3395,378409.3535,385777.5891,380439.1196,173087300.4693,173093950.7213,173077683.0588,173073281.5661,8469.3782,5710.2502,10447.6144,13758.4758,13783.5438,10753.3192,9513.4493,12224.6357,12970.1340,382766.5848,390646.0924,376128.4526,377230.3981,378315.7063,379099.8506,386566.8569,381091.4027,173088123.3997,173094772.9092,173078506.2371,173074103.9162,11790.1276,6765.1186,10000.0074,11658.1132,7285.8889,2540.2380,10009.0980,8988.2500,390193.2820,397847.2037,383481.4989,384608.1450,385610.6697,386390.4286,393878.0458,388423.8831,173096482.5990,173103132.2295,173086865.6452,173082463.0960,12994.0728,13174.1327,12158.4828,12996.2306,11774.1729,12926.3499,12029.7899,381697.7625,389745.3839,375097.4047,376213.7668,377418.4664,378075.4843,385461.2854,380092.5448,173086805.1468,173093455.3079,173077187.8126,173072786.1515,7887.1379,9377.3820,741.1911,8238.2646,4364.7370,10162.2204,392964.3267,400917.1505,386359.3173,387444.1231,388541.7991,389360.6464,396834.0795,391324.9882,173095444.4066,173102096.3538,173085828.9861,173081425.6573,2714.7103,7412.1025,9237.7205,5761.9706,4594.4255,394825.5794,402851.0767,388218.1352,389342.7103,390550.2870,391182.0273,398554.6466,393215.0204,173098062.2123,173104714.7989,173088446.4063,173084044.0417,8835.7696,10886.0135,6412.5105,5479.2885,393484.5889,401618.4437,386908.7660,388030.6119,389294.5204,389891.1860,397234.2031,391919.9989,173096187.4004,173102840.3310,173086571.6148,173082169.4367,8601.7201,3634.7841,9965.7139,393210.0861,401194.6157,386614.2831,387698.2974,388812.3849,389621.0547,397085.9358,391584.2853,173095430.6349,173102082.8083,173085815.3050,173081411.9863,10689.6300,7203.3671,390516.8706,398142.5203,383787.1431,384931.7367,385949.6271,386670.5113,394132.0679,388734.4869,173097591.1696,173104240.6490,173087973.8923,173083571.7199,9480.0188,393797.2634,401938.6538,387246.3130,388327.9408,389526.0465,390278.0929,397697.3637,392238.3385,173094887.4415,173101540.6066,173085272.4473,173080869.2625,392723.3538,400581.5490,386052.0928,387207.4986,388374.8913,388955.2870,396321.0643,391039.5431,173098463.3243,173105114.4733,173088846.4487,173084444.7401,22331.9550,9546.2256,7414.7236,14775.9383,13207.9422,13442.8704,9012.5824,172768058.5527,172774636.7717,172758392.6696,172754016.5903,20180.5033,20797.9063,15365.7994,15141.4840,15461.2357,15268.2703,172772346.2297,172778916.6007,172762676.0206,172758301.3196,3239.9694,9377.2348,6596.7934,13092.3624,5528.2150,172777280.8827,172783858.2818,172767614.6224,172763238.5782,9263.9393,8990.6349,14321.6106,5656.3242,172774841.2463,172781419.0485,172765175.4111,172760799.0001,9578.2862,16945.6552,7389.7007,172777168.3605,172783743.5547,172767501.5635,172763124.9165,9263.9393,5541.3073,172778190.8894,172784766.1041,172768523.1039,172764147.9117,10430.6256,172771804.2288,172778378.7784,172762135.3787,172757761.3213,172773942.1229,172780517.9556,172764275.0242,172759899.2185,62547.5428,41615.0413,27792.9965,35640.2545,45507.1372,30120.8214,
2700.000,4172.9925,6503.8200,0.0000,9004.6959,13043.0652,13354.3619,13424.3911,13080.0155,7288.5410,11247.1418,10642.2839,5046.0636,4265.7432,11489.0358,12630.1894,8332.1437,6855.4621,13067.5562,12682.8924,6343.9271,11922.8151,5526.8217,8436.8838,2986.5726,0.0000,8230.6342,11942.9620,9583.7473,10492.8218,9286.8548,4965.9101,12307.3086,5357.4486,9744.4034,6816.2910,8564.3067,12415.9489,2577.0877,5696.1396,5744.2434,7872.0359,6038.1230,12677.1376,13335.3640,12432.6876,12731.4515,7728.0063,13439.2470,11345.3803,383959.6433,391696.5642,377444.9013,378714.9766,379477.9017,380239.4152,387664.1137,382602.3018,173087620.7492,173093870.8603,173077720.2392,173073390.7956,9806.8259,0.0000,7568.7015,13090.0214,13157.6983,12209.5526,13037.8159,3752.8304,8437.0284,8608.9364,8369.8844,7642.8638,11894.9953,11654.9498,7846.1024,9881.8106,11053.3428,11091.8357,7088.0012,11760.3015,7145.4279,11165.8084,6601.7240,0.0000,8954.0851,10045.2852,8291.8464,12230.2912,7593.4600,8454.7671,13133.5323,8846.9869,6221.3660,8635.0996,10580.1281,12564.9989,6497.3714,1712.0053,6654.5058,10868.2558,2862.5412,13103.8040,13373.6611,11549.6309,12927.8000,10570.7809,12892.7439,11758.7474,381907.5952,389841.1054,375452.7509,376710.9984,377561.3317,378292.5663,385682.7540,380633.5732,173084333.2287,173090584.0332,173074432.9391,173070103.6079,0.0000,11535.3236,10767.3145,11255.4696,12596.5753,10943.4667,11919.9715,13320.9993,12125.4390,2656.6920,3309.3377,8935.8767,11715.2297,10363.3521,1819.7074,13591.3246,13049.3390,7503.7999,10133.2530,7258.0670,3257.2578,4817.4465,0.0000,8821.1825,13148.3254,11626.0811,5854.5860,11882.2388,2926.8809,9080.0618,2303.6445,13229.1629,6884.9851,6191.9914,9711.9751,4396.4399,11002.8480,8266.9429,1758.5905,11047.8724,9978.1703,10498.2587,11479.1353,10390.8305,2196.9708,11867.2854,8862.1878,390279.6814,397939.6828,383745.4225,385016.5377,385738.4395,386526.2589,393970.7256,388891.4847,173093353.4035,173099604.3019,173083453.5750,173079123.6362,0.0000,0.0000,0.0000,0.0000,0.0000,0.0000,0.0000,0.0000,0.0000,0.0000,0.0000,0.0000,0.0000,0.0000,0.0000,0.0000,0.0000,0.0000,0.0000,0.0000,0.0000,0.0000,0.0000,0.0000,0.0000,0.0000,0.0000,0.0000,0.0000,0.0000,0.0000,0.0000,0.0000,0.0000,0.0000,0.0000,0.0000,0.0000,0.0000,0.0000,0.0000,0.0000,0.0000,0.0000,0.0000,0.0000,0.0000,0.0000,0.0000,0.0000,0.0000,0.0000,0.0000,0.0000,0.0000,0.0000,0.0000,0.0000,8935.2626,9232.9364,9593.1725,8792.3947,5150.2753,9450.9949,11625.4511,11874.9217,11542.6838,13617.5729,12566.4731,1969.1497,12383.3554,8412.9238,6317.9240,12548.9671,13473.0887,5766.1944,10632.7431,8829.1892,0.0000,4395.3154,4803.9332,909.1755,13460.9051,636.9914,9685.0518,9498.6073,10116.7947,7234.1426,6274.8742,7851.0837,12889.1042,9509.1605,6666.9993,4832.9502,11527.5979,5170.5128,9072.2607,12308.1490,12756.4536,8673.0057,12607.4120,8785.2388,13621.4271,383876.8693,391990.9066,377504.2377,378710.5346,379556.8544,380436.6125,387888.4453,382677.2081,173082766.2744,173089018.6122,173072867.5093,173068536.9284,1063.6401,4960.5798,293.1053,11892.8187,10531.8674,11671.8957,12230.5266,12501.9149,9563.3141,9055.1926,8830.9236,11203.7680,6807.5405,5240.6913,13365.5092,9713.3980,10278.1978,8451.1537,11949.2832,0.0000,8235.1719,6597.3259,8220.7308,9159.2483,8924.9663,10946.2445,2451.0432,10854.9833,11324.2981,9243.6541,7547.7826,7607.4003,12268.0673,12837.2408,10456.6513,9605.7629,12160.0832,1228.7274,5717.4493,9354.4091,690.0109,10661.0050,1948.3785,9727.4896,392683.6416,400853.7793,386329.1961,387534.8480,388412.5661,389270.2922,396702.6471,391511.4560,173089626.2027,173095880.5816,173079728.6759,173075397.5746,4001.3237,957.3119,11869.8657,9905.6887,11084.9846,12556.2484,12812.7187,9164.6595,8308.6644,9329.7905,11543.0171,6033.1007,4848.4266,13277.6361,9168.8046,10910.3876,9136.9801,12470.4846,0.0000,8956.1068,6394.9905,8534.9684,9204.7669,9153.3066,11547.0059,3348.4769,11448.0690,10953.7031,9992.7234,8424.3444,7090.1448,12731.8706,12848.7703,11031.9271,10160.5654,12254.4363,2219.1755,5102.9045,8644.7456,1741.6277,10994.9451,1127.4701,9337.5396,392750.7721,400962.5203,386407.4844,387613.5783,388516.0574,389354.3648,396772.1285,391596.7859,173089455.8575,173095710.4741,173079558.3815,173075227.3545,4798.2273,10653.4096,6634.2168,8111.2112,13124.7181,13233.1383,8102.1644,5559.0150,10367.5444,12433.1681,2764.3973,4094.5546,12198.7711,7408.0661,12266.5332,11379.3693,13429.0494,0.0000,10815.3891,5696.6434,9086.0391,9847.6233,9286.5629,12997.1496,6966.4829,12934.7968,8520.6056,11884.5196,11018.2154,6146.3908,13503.7438,11684.4687,12146.3362,11934.7869,11440.2494,6019.3306,4744.1692,6029.3013,5531.0606,12021.1802,3274.6310,8249.9632,391252.6590,399580.0615,384936.6387,386149.7818,387133.2782,387892.2921,395255.9390,390149.4315,173087841.8261,173094096.7440,173077944.1463,173073613.6011,11762.9924,10383.8980,11605.6688,12367.6993,12622.1599,9668.3095,9038.6475,8742.5727,11377.3309,6587.3697,4972.2420,13424.8512,9773.4187,10302.8945,8659.1409,12029.0688,0.0000,8225.4839,6348.2037,8068.9189,9358.0410,8766.3382,11076.4754,2716.6172,10998.8393,11159.7255,9299.0952,7676.9811,7703.2878,12355.1952,12748.0210,10447.6783,9809.7826,12059.3063,1481.7968,5809.5941,9349.6546,856.2256,10850.6422,1712.8885,9831.0964,392504.3702,400686.9246,386154.0448,387358.5087,388240.8899,389098.5253,396529.6196,391337.4352,173089354.9686,173095609.3839,173079457.4580,173075126.3560,7038.2062,8762.4432,11096.6280,10512.4167,12833.7070,11522.0711,6287.8242,12183.9168,8894.0520,8640.7612,9851.6922,12403.0121,7693.3153,12363.0422,8848.5319,0.0000,8259.5816,7241.1823,5873.8002,13605.8091,4922.6870,10414.4628,12527.4461,10833.1139,3900.5138,8975.6538,10867.6782,12844.7322,9076.0884,2151.4757,6797.8570,12539.6049,1534.5562,12166.0955,13100.5188,11589.6869,11799.7605,12655.5422,11335.8657,12756.3110,381517.2395,389626.7062,375125.9252,376358.7500,377256.9672,378024.6597,385417.5183,380317.0942,173081970.5629,173088222.3161,173072070.9501,173067741.2307,3573.2787,12535.1735,12259.9033,9074.5289,5982.4491,10761.0261,12817.8885,4884.2312,7300.1888,9435.7312,7891.7210,12319.8897,13595.7578,12713.3102,0.0000,12132.9942,7236.3720,9538.1049,11772.7412,9004.1061,13318.8237,11912.2187,13412.8856,3453.5140,12883.9841,13353.5439,8778.6631,12558.2331,7679.8949,11868.7287,13546.4726,8195.3987,11271.5482,9205.2307,6176.4522,10838.9203,12883.1271,9205.0502,9044.0267,385965.9408,394279.8846,379630.7088,380867.3775,381891.9464,382554.9998,389869.0497,384857.5716,173084567.6721,173090821.3724,173074668.7960,173070339.2224,10936.7826,10718.7106,6867.0101,4636.3297,12514.1777,11184.2350,7445.7273,9860.7470,6917.3339,5664.4172,12976.7498,13046.6961,12316.1658,0.0000,13397.6316,10046.5504,11777.4656,10001.8526,11315.6304,12744.0071,12547.4858,12713.1837,6028.5357,13533.7614,13785.6031,7456.3722,11873.9323,8525.9458,12789.7469,12549.1534,9495.2475,12196.7038,8764.0379,4508.6777,11952.1528,11262.1941,10689.3085,6764.1798,387252.0056,395450.3125,380870.9775,382131.6553,383140.1178,383747.2254,391041.8031,386096.2660,173087281.9623,173093535.2072,173077382.6174,173073053.4381,860.8393,8735.5590,11395.7969,10967.2775,2104.8832,13763.0123,13668.3226,5291.8557,9758.2391,7862.9940,5768.8650,4609.1898,0.0000,9936.6522,13601.5700,12131.4432,6562.5044,12157.5180,3959.9416,10917.1078,3637.4139,12365.2178,8078.3040,8144.9486,10025.9001,3709.4855,9791.5738,8665.2568,4314.4648,10198.6462,11636.3700,11260.2142,11086.1807,11939.3308,3127.4564,12999.5338,8594.3814,388671.2677,396328.4051,382128.5992,383411.7416,384157.0036,384893.9040,392311.3551,387282.5712,173092526.2399,173098776.7708,173082625.9550,173078296.4471,9091.5726,11520.4432,10682.6419,2934.9604,13698.1857,13616.4203,4968.4388,10003.9450,7568.7633,6304.0065,4187.3224,0.0000,9801.3276,13443.2237,11857.4281,7215.6893,11820.1527,3999.7285,11293.7687,3811.0060,11914.2021,7971.2611,8335.3925,10395.3685,3204.3607,9115.9934,8299.3974,4979.4338,9571.7813,11953.2243,11639.4924,11215.2620,12213.1176,3939.5860,13191.6396,8940.4381,387822.4972,395486.0630,381281.2593,382564.5079,383313.5758,384047.4839,391462.9280,386436.2877,173091786.2744,173098036.6783,173081885.8887,173077556.4475,4111.1316,13660.5253,7682.5764,9623.8386,11141.1495,7205.8953,1616.3752,13017.0024,9444.1249,11773.4689,0.0000,13271.0955,12075.9936,13490.5079,4076.3197,13545.9079,10910.3341,9458.8744,10541.2917,11323.1605,12788.3650,11703.1148,2436.4613,11237.4512,12439.7774,13422.0589,8736.0991,12999.5339,9632.4315,4762.2176,3723.1072,9786.6037,7174.7799,9480.9698,252.2839,393191.6740,401211.4022,386757.9395,388026.3750,388948.5874,389597.0072,396930.5885,391960.6135,173093577.0648,173099830.4846,173083678.1069,173079348.4774,13184.3216,10770.0043,6524.6016,8929.0029,8853.0236,2652.1788,13730.8086,11809.2784,13343.4991,0.0000,13479.1258,9931.4462,12394.2940,7724.8386,12309.5243,12961.1330,9983.4420,12760.7813,8962.4023,13682.5103,12966.9935,3535.5807,12979.2168,11648.5135,13794.1942,11519.7639,12162.0805,9627.7685,4666.9004,542.1047,9477.2869,10416.0329,8140.8738,4181.7914,391624.5824,399847.5181,385257.3778,386507.9066,387509.4246,388149.9568,395459.4455,390479.8773,173090325.3915,173096579.6736,173080426.8527,173076097.1534,11435.6434,9644.1914,7387.3141,12460.2156,13748.8428,4127.9443,9305.0445,7582.1450,0.0000,2532.8753,6180.3409,2130.8488,12916.0830,2594.4892,8288.3759,8891.2684,8746.8984,8727.4230,4462.3487,6235.0411,13010.6466,8391.0765,7331.2075,3306.0468,10308.9442,5853.7356,8698.9432,12444.7058,13329.6753,8435.2344,11671.0101,9109.3850,13663.1132,384525.6368,392545.8697,378125.3236,379335.3330,380135.7473,381038.6160,388511.8498,383285.7814,173083984.5493,173090236.5011,173074085.6794,173069755.0101,13479.7787,13371.7433,6251.2886,8933.7354,8590.0639,4573.5819,5911.5571,0.0000,10144.8909,13575.7540,12489.8801,4795.2453,12657.3889,4474.3647,9701.5246,3927.0180,13074.8033,8379.5531,7701.9002,8825.0672,5241.2782,11139.0155,9485.9172,2882.2318,11429.3165,10531.6199,9972.9245,10469.6107,10924.9518,1035.6930,12126.6940,7579.5436,390699.7144,398376.3956,384165.1073,385444.4629,386193.0886,386938.0868,394357.6617,389319.7688,173093952.9302,173100203.9671,173084053.0042,173079723.2923,3235.0522,12290.5269,8703.7750,12084.9544,12683.7943,13498.3915,0.0000,10726.1561,4212.0814,8024.7687,11625.9509,7965.4015,13541.6398,8834.5989,13599.8918,6367.2264,12048.6774,11827.6752,8121.8895,13619.1965,10205.4240,11705.1760,13206.2988,9943.9726,7846.3593,7223.5461,6979.1580,7250.4583,13261.8791,5062.4717,9715.1881,388673.4884,397056.6717,382374.7134,383584.0454,384591.6794,385343.7289,392698.4471,387593.4846,173085239.4013,173091494.1172,173075341.5263,173071011.1375,13354.4967,10616.6628,10367.6140,11582.8488,12549.9405,0.0000,8390.6926,1854.4779,5681.6418,12090.9643,5948.9642,12521.9352,7266.2709,12652.9045,7454.2683,10109.5621,9885.3987,9516.3842,12910.8711,10206.6223,9953.1765,12490.3197,9449.0369,6189.7283,8203.1226,9331.0124,5494.6945,13162.0781,3842.1807,11241.9130,388385.9346,396715.6448,382079.9835,383276.7711,384227.6098,385056.6771,392458.4393,387281.1912,173084793.8400,173091048.2587,173074896.1216,173070565.3219,7498.9433,10648.0843,9931.9090,8075.6878,0.0000,12435.9618,13276.3028,12904.4501,7762.8210,12580.3428,8475.4537,12939.9992,8351.8297,9850.6574,11330.9987,11767.5543,9058.0471,7187.8275,8342.4158,10934.8811,8697.0909,9471.6390,13239.8090,10896.8521,8449.0764,13323.4141,6800.7360,13384.3886,6978.5647,387166.7486,394993.4955,380665.1647,381956.5231,382815.9349,383446.0920,390789.5225,385852.2467,173090632.7185,173096883.8402,173080732.2807,173076403.3609,13505.0364,10601.7838,12484.0481,0.0000,13645.3191,11557.1925,13352.1550,5623.6076,13327.2867,11852.6920,10003.4178,11548.4137,10454.6699,13390.2917,12490.6487,2586.7882,11976.1883,12132.1778,13776.0052,9999.7483,12748.0460,9978.5820,4787.4033,2203.5821,10018.1108,8518.7545,9302.9805,1643.0781,392563.8022,400658.6589,386152.8587,387417.7164,388375.6183,389007.8561,396325.2961,391364.9982,173092458.9602,173098712.6783,173082560.0876,173078230.5202,6886.1861,3810.4359,0.0000,3080.1801,9537.7352,6091.1378,11374.8917,6320.9390,4639.3371,9404.7104,5214.4538,10550.5066,1787.0415,4560.7273,12951.8098,4794.1279,7558.1879,1202.8790,7572.4474,6573.6336,9744.4279,12895.9692,13720.8011,9777.7528,9027.8853,11049.0026,12974.8836,385122.3018,392930.8348,378649.2762,379883.8225,380614.0677,381499.3063,388983.4862,383793.0028,173086701.8628,173092952.7106,173076802.3124,173072471.9401,6194.0453,0.0000,7329.4823,11877.0960,10487.8903,6154.8312,11010.7983,4018.4821,6407.3902,3589.1591,13566.9369,5769.2374,3830.7643,9401.3378,6306.8211,11991.1056,7927.7039,1787.7887,11640.2143,7461.3668,9445.3914,11701.4547,7972.0580,4225.1686,9899.7607,9456.3864,391652.0411,399385.7335,385150.5761,386401.1730,387122.4961,387968.5061,395437.1800,390294.1518,173093213.8878,173099465.5257,173083314.7523,173078984.2718,0.0000,6613.2426,11961.6428,9232.3625,9843.4115,9258.6249,2343.4838,10769.4636,2913.1474,11384.3909,4606.7689,6150.9082,12396.7031,1065.5922,7793.7187,4601.2646,5934.6730,7585.8507,11342.6587,12986.0052,13183.4721,11515.0871,6664.6996,12747.6334,11673.3076,385674.9209,393357.9294,379151.2898,380413.0187,381128.0858,381947.8282,389408.5543,384294.0545,173088999.2973,173095249.4788,173079099.1078,173074769.2448,0.0000,0.0000,0.0000,0.0000,0.0000,0.0000,0.0000,0.0000,0.0000,0.0000,0.0000,0.0000,0.0000,0.0000,0.0000,0.0000,0.0000,0.0000,0.0000,0.0000,0.0000,0.0000,0.0000,0.0000,0.0000,0.0000,0.0000,0.0000,0.0000,0.0000,0.0000,0.0000,0.0000,0.0000,0.0000,0.0000,7652.2766,4279.6749,11807.6144,4972.3088,6729.7476,7630.8241,7139.3891,10563.0185,2412.5349,3887.6585,12633.3765,7507.6093,8873.5097,3028.1303,8546.2308,7600.5973,7760.8361,12025.1086,13583.2656,7697.5562,10301.4118,9044.0056,13285.0908,386300.5653,394225.6563,379872.1753,381086.7083,381842.3465,382765.0181,390257.5811,385020.5156,173086167.4745,173092419.2466,173076268.6264,173071937.8139,4246.5409,12918.3417,4349.2026,12247.2717,8309.4707,12469.9054,6536.4607,9522.6461,9820.1929,10718.4776,12392.1554,8996.1092,8942.1479,12772.4472,8081.0696,7358.6098,9657.7472,10288.7236,6704.0110,13501.8475,5498.2966,12144.3902,386601.4489,394914.0957,380290.5384,381486.9061,382426.9470,383265.3122,390674.2401,385488.5724,173083422.4268,173089676.3993,173073524.4604,173069193.7415,13309.1888,1055.9992,9886.1078,8868.2538,10282.2901,7576.9567,6347.4300,7624.7659,12611.7536,9918.6021,7418.2577,5270.4633,11481.3541,5979.3559,8384.0152,11878.7321,12610.9500,7959.2379,12641.3637,8080.1214,13511.0697,384599.0955,392732.9930,378234.6544,379437.0120,380286.6867,381174.9010,388629.0488,383408.0303,173083075.5684,173089328.1682,173073177.0014,173068846.2971,13576.9950,8328.8155,8015.2724,7809.7871,13196.2983,10804.4090,9248.1340,4828.8688,9358.6941,13065.4154,12099.7939,5283.9633,13356.4719,8701.9900,6078.8241,7450.5795,9121.6079,3931.2809,9892.3195,4096.2423,394041.7923,401891.1636,387560.6507,388830.2865,389657.3272,390372.2591,397758.5218,392736.8187,173095341.4129,173101594.0668,173085442.3301,173081112.4049,10124.3261,9642.7284,10541.0718,6771.6070,6839.9446,8328.5603,12784.5605,9894.9997,6583.6957,5390.5665,11875.3910,5129.6526,9146.7873,12194.2954,12515.2328,8709.0152,12868.9803,8636.2631,13551.5482,383801.7789,391946.7737,377438.2353,378643.5044,379505.4213,380376.6353,387820.8437,382615.4740,173082485.3822,173088737.8736,173072586.6656,173068256.1101,9400.3804,656.0385,12488.2820,4514.2954,4883.9266,11422.0224,2512.0587,9570.6285,5716.4877,3764.6985,9323.5583,10172.8457,11910.0215,12796.9046,10477.2709,5026.6434,12015.3371,10838.3887,387966.0699,395630.3775,381438.6200,382699.5047,383402.4182,384233.1420,391700.9250,386577.8914,173090972.3967,173097222.9169,173081072.4915,173076742.4283,9236.3920,12512.5618,8109.1680,5871.2332,7828.4705,11092.7054,13166.1114,9848.9774,7712.2042,12500.5484,1257.1026,6277.2537,10168.8863,1966.1362,9096.2109,4338.4554,9608.2781,393305.8436,401350.8475,386911.8127,388126.1860,388950.2941,389822.8643,397275.4704,392080.1692,173091244.3081,173097498.0963,173081346.5277,173077015.4257,12745.8267,4964.3246,4986.1974,11087.1772,2909.7202,9982.1284,6293.6571,3161.2779,9788.1978,10056.8969,11613.8678,12583.5794,10395.7037,4439.8941,11961.9416,10471.4197,388560.1448,396218.5523,382030.0916,383292.8974,383996.4937,384821.2451,392286.2117,387169.8188,173091580.4147,173097831.0089,173081680.5380,173077350.4797,11454.8786,12617.7554,11147.6389,11401.7045,4970.4417,9843.7871,13650.4662,5282.1498,11919.8879,11433.4918,9106.9534,11460.3043,13346.2058,10230.7291,11266.9853,383157.4327,391419.8895,376809.8852,378041.4357,379025.2575,379733.2035,387077.8008,382024.7778,173082370.3059,173088623.1951,173072471.1110,173068141.4939,2880.5638,12515.3378,5546.5731,9015.4748,2693.1751,6800.5783,8020.8049,8564.4257,12243.8681,13694.3251,8678.6539,8641.0572,10267.9020,12775.1912,386694.5642,394501.8686,380224.7749,381454.5311,382174.4062,383080.4422,390575.3943,385364.9350,173087801.7150,173094052.8759,173077902.4622,173073571.8545,11165.9488,6826.4830,10995.8974,5439.9141,5385.1984,10144.2038,6611.4586,10647.0794,12991.6312,6922.3926,7623.5477,8974.3477,11733.7058,389561.5537,397376.8515,383095.8202,384323.8542,385044.9744,385954.6614,393450.0991,388236.2675,173090052.0582,173096303.8205,173080153.2205,173075822.3869,12050.8073,12849.3860,13299.4701,9141.1668,13151.3106,7824.2458,2354.4782,3458.3465,7931.5414,8197.7650,7416.7683,2668.9757,393884.7017,401987.0393,387483.4564,388735.5405,389670.8669,390355.7879,397701.1874,392688.0078,173092984.7564,173099238.8258,173083086.3338,173078756.3346,7840.7205,5527.9416,5747.4323,7855.0969,11682.8705,12823.8921,12780.5376,11870.5723,6085.9632,13020.6739,11120.4740,385898.6760,393569.6506,379367.7611,380636.1970,381358.3711,382153.9876,389602.7540,384513.3602,173089531.3632,173095781.4977,173079631.0499,173075301.3367,6844.4691,11889.0849,1660.7549,12980.2058,13451.9949,11615.6633,12713.1893,11740.2245,12449.6401,12325.0767,381361.8514,389378.8033,374935.8473,376183.8524,377060.5720,377801.3826,385188.8329,380122.8681,173082992.1317,173089243.3095,173073092.0807,173068762.6368,8610.7176,5693.3262,10044.9482,13202.3770,13811.0208,9991.2028,9936.3512,11049.5853,13379.0755,384228.6154,392081.8469,377770.0098,379000.3617,379747.3197,380632.2607,388112.2545,382917.9536,173085538.8324,173091789.7622,173075639.3075,173071308.9493,11777.4598,8716.6043,9622.7083,11332.9096,9205.5214,2551.5194,10886.8050,8710.9223,391584.8714,399278.1834,385064.9203,386327.8136,387051.6531,387861.1776,395313.9931,390210.6883,173093907.9982,173100159.3573,173084008.5480,173079678.3489,12281.0971,13481.5137,12183.5833,11988.3900,11981.5716,11841.1280,12910.3276,381414.6592,389442.9254,374998.0080,376235.7218,377097.5030,377878.2318,385286.1789,380179.5497,173082550.8126,173088802.0989,173072650.9907,173068321.2832,6075.5397,9872.8076,733.9841,9965.6614,3159.0159,9789.4930,392936.9794,401046.0019,386563.8703,387772.6700,388621.8940,389491.6923,396936.5520,391738.5413,173090327.3613,173096581.4463,173080429.7274,173076098.5983,4851.7185,6140.9994,9280.6449,5499.1945,4990.4619,394463.3393,402624.6112,388087.9216,389324.1921,390260.3324,390989.1551,398352.5428,393290.8256,173092448.7673,173098703.3334,173082550.8246,173078220.4406,9752.3245,10127.0518,8520.2994,3773.8496,391622.8470,399823.2353,385247.1850,386501.4616,387497.8642,388131.6033,395439.6106,390468.7061,173090613.2303,173096867.3755,173080714.5856,173076384.9543,10397.8638,2540.5010,9942.0654,392508.0613,400649.1625,386145.3874,387351.4102,388213.2582,389081.5993,396522.5713,391323.2052,173089668.0489,173095922.2340,173079770.4556,173075439.3300,11641.3220,7096.8470,391640.1371,399336.7251,385112.7230,386389.4289,387143.9180,387892.0657,395311.2970,390268.8418,173094514.8170,173100766.1514,173084615.0902,173080285.2755,9645.0380,392013.0122,400270.4075,385684.1341,386887.0521,387809.1548,388641.9598,396052.3020,390878.4313,173088445.1856,173094699.9151,173078547.7335,173074216.7421,393028.5181,401041.4969,386592.1106,387861.8845,388783.0322,389428.4602,396761.0853,391794.6202,173093536.7104,173099790.0564,173083637.6952,173079308.1026,22506.3874,9376.2220,7240.6195,14919.9904,13212.4177,13751.9855,8962.1290,172764017.2935,172770197.0132,172754069.3390,172749764.7058,20209.6262,20641.2053,15413.7461,15051.8485,15374.3060,15182.2711,172768380.8375,172774552.6738,172758428.5915,172754125.2625,3004.2577,9464.7987,6600.3740,13164.2612,5797.3407,172773045.0310,172779223.9107,172763096.6957,172758792.0911,9372.0866,8684.6689,14150.3212,5532.2621,172770644.4943,172776823.6981,172760696.5119,172756391.5986,9404.1310,17060.5142,7405.1460,172773174.1818,172779350.8509,172763225.3352,172758920.0959,9372.0866,5804.3653,172774074.3868,172780251.0589,172764124.5486,172759820.7444,10688.1993,172767886.2416,172774062.1721,172757935.2620,172753632.6467,172769497.3804,172775674.6520,172759548.2226,172755243.8074,62351.7722,41397.9091,27960.9205,35875.1033,45140.1143,29883.9548,
3000.000,5367.0366,6724.4928,0.0000,7449.0124,12964.8851,12823.3759,12925.2489,12971.3549,7286.7704,11203.1043,10883.5920,4756.7395,4628.2035,12112.8421,13599.1493,6447.7287,7782.8837,12938.2408,11964.0653,9030.2392,13111.4779,2690.5378,8485.4494,2869.1701,0.0000,4964.6262,11268.7650,7381.4123,9839.4399,7286.3300,4206.2605,12289.6435,5049.6288,9841.4444,5255.7737,8477.7580,13024.1899,2708.0826,5620.1739,4763.6170,7841.7716,6017.9412,12610.1692,13430.1921,12616.2967,12501.3182,8565.6084,12745.0438,12657.4314,385020.6078,392753.8957,378708.1378,380096.2318,380516.3614,381399.6414,388830.2318,384102.3848,173084333.4729,173090189.1835,173074155.2324,173069903.7743,8742.7921,0.0000,9366.7567,13417.9932,13207.4607,12493.3622,13353.6089,3819.0882,7249.3616,6624.7247,8179.0189,7755.0910,10204.0337,11689.1520,9460.4339,8679.0774,10684.1935,11079.5021,7076.8003,11208.3458,7579.3181,11790.0474,7859.8939,0.0000,8971.2024,10124.7914,8567.8877,11735.4093,8108.2027,7711.7919,13614.0560,8352.7251,7206.4503,9735.7417,11937.0495,12628.5955,7544.1764,4299.7829,8819.7967,10206.1405,6031.3017,13535.5280,13355.7410,9771.7887,13260.0007,9609.1794,12909.8910,11378.7117,382900.5304,390792.6123,376624.6550,378020.9639,378554.0566,379331.4306,386687.3749,382053.3070,173082086.0780,173087942.1766,173071907.5506,173067656.7413,0.0000,11582.7224,11974.6537,12459.2117,12820.0336,12165.5014,11425.7479,12233.1609,11198.2674,2507.8648,2352.6874,8574.7378,11692.3473,10428.2696,1804.9757,13468.1103,13681.8481,5850.1501,10154.4082,7168.9807,6183.6767,6909.6107,0.0000,8984.3642,13740.9983,11908.8980,4627.7377,11987.5975,2891.0105,10336.0212,2239.8220,13138.8606,7197.9121,8211.3557,9797.3636,5199.0502,10897.5963,8882.9269,2068.2461,11332.1638,11414.7463,10918.0136,10592.9123,11949.3465,2277.7666,12875.1307,8895.5945,391093.2488,398820.1376,384771.4712,386173.8364,386626.8820,387442.4674,394831.9214,390178.2786,173090098.5729,173095955.3406,173079920.7439,173075669.3462,0.0000,0.0000,0.0000,0.0000,0.0000,0.0000,0.0000,0.0000,0.0000,0.0000,0.0000,0.0000,0.0000,0.0000,0.0000,0.0000,0.0000,0.0000,0.0000,0.0000,0.0000,0.0000,0.0000,0.0000,0.0000,0.0000,0.0000,0.0000,0.0000,0.0000,0.0000,0.0000,0.0000,0.0000,0.0000,0.0000,0.0000,0.0000,0.0000,0.0000,0.0000,0.0000,0.0000,0.0000,0.0000,0.0000,0.0000,0.0000,0.0000,0.0000,0.0000,0.0000,0.0000,0.0000,0.0000,0.0000,0.0000,0.0000,9281.2951,8547.5390,8812.4909,9115.2727,7723.8946,10821.1002,11851.8549,10084.6149,10239.9425,13694.7058,12423.2166,1970.7135,12449.1413,9943.3546,6918.2351,13252.1294,13392.0888,6015.2603,9068.2542,6365.8711,0.0000,3923.6566,6266.7055,1430.3474,11862.0629,2124.4386,9828.6969,9722.1000,10200.7540,7208.4895,6160.5238,7049.4924,12245.5365,8007.2401,6040.0628,4029.5181,11501.8352,4213.3226,9136.7116,11492.2288,13203.2270,8407.5420,12607.9306,8085.4360,13459.1551,384563.7212,392609.8041,378366.6180,379708.0179,380193.1493,381171.5452,388632.4468,383770.6970,173080006.1045,173085863.5767,173069829.2483,173065576.8910,1192.1745,2648.8598,388.8559,12412.9050,10532.7975,11401.5555,12277.4371,12448.7664,9571.6379,6529.5664,9642.7907,11978.2926,6835.0737,5891.1041,12532.6282,8084.7775,11790.2572,8397.0720,11857.2980,0.0000,10568.1493,7372.6991,9818.7279,9025.5758,10161.4891,12419.4997,2872.5845,12120.9966,10312.8951,10382.3685,7674.3153,5210.8172,12292.7349,12446.3005,10690.4804,10843.2988,11551.8566,1241.6458,3336.3727,9401.3080,1113.6786,11319.5802,2215.3809,8127.5239,391838.1913,400146.9353,385718.6260,387053.5594,387676.4825,388574.5803,395964.4675,391161.7590,173084166.7504,173090027.0737,173073991.2784,173069738.6912,2008.4242,835.4906,11895.2032,10250.3867,11311.2524,12572.6476,12737.4166,10186.1256,6923.3615,9102.4156,12527.1757,6378.3053,4890.2800,12944.8719,8683.9552,11624.6200,8863.8397,11733.3535,0.0000,10228.8884,6400.3125,9038.5290,9825.9295,9380.6063,12665.1700,3790.9178,12445.1381,9583.4466,10335.0348,7824.5396,6162.5394,12333.4600,11895.3705,10358.3391,11442.2459,10896.6029,2050.4248,4374.7625,9736.8222,998.5946,11960.8650,1066.1775,8888.6542,390819.3775,399146.9736,384707.4140,386038.3959,386662.4758,387571.7043,394966.6903,390149.9457,173083031.7901,173088892.0284,173072856.2992,173068603.6869,2319.9868,10907.8620,8630.8235,9857.4063,13040.7527,13117.9221,9474.6316,5667.5138,9665.1692,12683.0544,4432.3977,3641.7768,12416.6474,7793.1808,12094.7387,10097.8359,12258.2546,0.0000,10864.0944,5227.8484,8988.2071,10613.1729,9191.6272,13076.5352,5356.4724,12930.1115,8283.6939,11226.9274,9204.0128,6116.6469,12807.2361,11289.6846,10969.8599,12064.6421,10476.6282,3782.5165,4627.6859,8489.0622,2934.0112,12229.0705,1531.8557,8392.0290,389639.0776,398015.8815,383538.2457,384872.1876,385532.4861,386406.6623,393777.1258,388991.7102,173081928.0310,173087788.2813,173071752.3674,173067500.0096,12242.7831,10373.2839,11307.4218,12425.1004,12589.6142,9704.7354,6536.7517,9551.0980,12172.0332,6587.2959,5541.8984,12642.6879,8188.1057,11808.7729,8626.5023,11890.8433,0.0000,10542.2801,7044.2902,9623.7335,9319.5925,9959.6048,12550.5467,3221.7072,12277.2296,10056.2550,10453.9415,7818.3800,5452.0156,12370.7498,12292.1582,10665.8026,11078.6778,11377.1964,1538.1702,3597.9085,9419.6213,1050.5938,11543.2836,1837.4817,8305.7844,391512.4367,399832.1766,385396.6122,386730.3493,387356.7228,388255.9494,395645.6143,390840.4522,173083778.2305,173089638.5529,173073602.7564,173069350.1718,5831.3767,6396.0211,10696.6813,10412.3036,11336.5601,11192.5063,8595.2761,11432.8626,8676.6151,8578.5147,9747.3973,11590.0072,8635.4950,12816.1934,9040.6391,0.0000,8963.6584,7270.0404,6534.3774,13394.5805,5913.0804,10261.2111,13329.7451,10851.7472,3798.9798,10509.5654,12234.4285,12812.4309,9481.4758,2514.9552,8870.5938,12436.3458,3983.6808,12765.1048,13048.5317,10029.7067,12159.7156,12105.7626,11319.2867,12202.5501,381281.3315,389340.1030,375063.5651,376438.9330,377016.1284,377825.7965,385187.8078,380501.1283,173078855.2465,173084711.9945,173068677.1886,173064426.1062,2140.1817,12643.8993,12338.8087,7763.4275,6692.9827,11820.1492,11494.1623,4864.7598,7462.8339,8580.8468,7366.1877,12249.1436,13612.4349,12537.1866,0.0000,12404.0129,6961.1454,9954.2318,12850.2337,9548.9798,12421.4059,12008.6743,12645.7161,4840.1151,13227.3017,13515.5895,9680.4742,12540.6205,7970.6669,12364.8691,12859.2436,8751.7315,11279.0777,10176.8085,5333.5672,10800.5046,11799.2753,9754.5964,8656.1017,384320.8698,392593.2399,378163.8714,379537.5524,380236.4861,380962.6358,388255.9635,383635.9348,173080053.5921,173085912.0536,173069876.1815,173065625.2251,11880.8414,11507.3250,6604.2934,6923.2552,12564.8481,10248.4225,6496.1210,9183.5621,6842.3794,6790.2473,12235.7200,13490.1001,12475.1539,0.0000,12811.0207,8773.6406,11061.2871,12205.5600,10664.3168,11673.7896,12470.2940,11870.5151,6524.5005,13321.1355,13793.2248,9607.5323,12152.9546,8500.9296,12746.5068,12021.6689,9578.6344,12021.8386,10512.9860,4506.1946,11741.1528,10642.5656,10980.3702,7907.4973,385012.7053,393210.1529,378827.2027,380213.8315,380901.8128,381596.3414,388876.8832,384298.5269,173081646.7591,173087504.9051,173071469.0480,173067218.3279,594.6024,10386.0836,12863.6524,8717.2240,4177.0638,13833.2488,13406.0572,7500.7826,11726.6784,4948.3601,5792.7813,4637.9339,0.0000,7014.7831,13276.8292,10470.9259,6021.5671,10577.0145,585.7259,10713.8386,341.5091,12632.4712,5272.7936,7261.2563,11125.8170,2808.3880,9658.4126,6890.0415,3483.4793,9925.1504,11657.6220,11891.9253,11975.1287,12026.5446,4705.6104,12881.6410,10658.7655,389597.1779,397282.5329,383267.6984,384664.2569,385078.3904,385939.6937,393359.8210,388661.9457,173088804.8098,173094661.0988,173078626.8871,173074375.3295,10137.2971,12742.7279,8948.0665,3892.3455,13721.1427,13426.4662,7035.4435,11549.2170,5138.2599,6262.6213,4866.2146,0.0000,7282.2130,13259.1361,10548.6359,6231.7878,10616.1432,587.8831,10972.2137,752.5558,12456.4723,5695.0948,7717.2150,11146.2077,3003.2106,9462.6462,7148.9692,3663.5440,9843.0887,11877.6960,11983.5012,11702.0491,12228.3134,4560.9213,13022.3780,10515.7753,389311.6961,396998.6945,382980.9838,384379.9660,384801.1497,385650.0278,393062.7644,388377.7189,173088673.0324,173094529.2647,173078495.0176,173074243.5570,4856.3958,13714.3489,7149.3620,8565.4487,11115.3618,5056.4894,2331.7312,12796.3503,10736.8611,12807.9798,0.0000,13517.4032,11620.1874,13577.7996,7803.7449,13499.7287,10516.1947,9500.6125,10189.7131,11289.1987,12771.6309,12058.0229,5137.1394,11931.0337,12470.7093,13484.1776,8622.2298,13066.3110,9838.7157,7015.8086,2995.6243,10266.7460,6825.5705,10496.8378,1992.2402,391534.2623,399666.1118,385329.4949,386721.0007,387383.3192,388081.0434,395367.2493,390794.7977,173087635.3543,173093494.4121,173077458.2833,173073207.2073,12990.5878,10770.1282,4760.7738,7691.5399,9143.6680,2665.2484,13711.3853,11522.9166,13822.2772,0.0000,13526.9745,8616.3363,12286.7082,9891.0067,12261.2120,12941.9295,7824.3441,12698.7232,9520.2815,13362.3929,11902.3892,3983.6187,13606.9072,12421.6092,13555.7221,11312.5083,12499.7764,7328.4839,4595.7804,3519.7825,7396.9735,10335.8347,7035.3255,4097.7773,390744.2258,399093.8093,384617.3385,385980.1242,386697.3450,387442.7402,394739.1267,390092.8673,173084362.7067,173090222.8996,173074186.4630,173069934.9002,11513.3705,11150.9758,8373.9978,12913.3690,13645.1686,4495.9621,7705.4624,4777.5927,0.0000,2083.3725,7917.3391,3120.9900,10835.0811,3686.0086,8488.9368,9490.9108,8840.6228,8692.3901,4331.6055,5706.5136,12267.0715,6525.4578,6671.0094,2231.2632,10277.9009,5089.1703,9257.1676,11636.7696,13647.7871,8756.7952,11661.2005,8856.1311,13448.1480,385613.6125,393567.8884,379388.2680,380735.4206,381181.6002,382170.4085,389644.6496,384782.1583,173081650.2083,173087507.3769,173071473.2513,173067220.8518,12961.3331,13696.8770,4347.2049,8953.0843,8530.6195,7304.6109,8333.1661,0.0000,10263.1373,13805.3495,12649.0074,4803.6021,12669.8447,4448.2807,10523.0890,3947.5045,13059.0925,8673.9949,9364.4195,9100.4189,6694.3671,11301.3416,10165.2457,3019.7354,11912.3450,11549.9263,10493.4169,9344.0300,12111.0076,1259.6735,12944.3078,7681.3373,391343.7827,399115.9027,385031.5295,386438.1199,386928.2639,387704.2550,395066.5391,390449.9059,173090252.4434,173096109.4800,173080074.5932,173075823.3910,3964.2842,11229.0861,6979.7437,12981.0765,12671.5533,13237.4219,0.0000,12267.1769,4527.7468,9465.7766,12458.4410,9331.6391,13739.6333,9112.2473,13772.0896,5772.6077,13035.1350,12093.9328,7670.0225,13612.1955,9984.1095,12310.6870,13348.6789,9786.3785,7883.5822,7237.3358,6345.0405,7191.0530,12829.4499,5751.8727,8323.5410,386717.5458,395136.0072,380618.8784,381965.6785,382682.7241,383477.0580,390797.5563,386090.9486,173079913.9542,173085773.7806,173069737.6455,173065485.9505,13009.4783,9760.1235,11345.6977,11484.3976,11634.3668,0.0000,9940.7734,1684.8768,6638.8190,12587.7684,6685.4402,13283.8832,8208.3829,13386.6588,5381.5029,11129.3698,10121.1492,9079.0221,12525.0654,8958.5002,10032.0877,13362.9364,8006.7592,6719.7546,7984.6030,9555.9942,5612.9151,13559.0867,3890.1340,10599.4638,386045.8669,394418.7895,379944.5511,381276.1479,381928.0624,382815.6823,390195.2975,385394.8966,173078908.8662,173084768.3887,173068732.7841,173064480.5782,7158.5800,10531.0161,10573.7268,10519.2548,0.0000,12118.5814,12938.0042,13008.7481,8025.7586,12824.1982,7482.6363,11997.1567,7400.2660,11393.8416,11342.9982,12099.2161,9119.4996,9200.3388,10557.0428,12010.8642,7090.8207,11651.3012,12535.0124,10762.6167,6524.6902,12857.9425,4980.5852,13132.7084,6603.9111,389143.5674,397040.9564,382861.5493,384273.2583,384849.6187,385547.8832,392854.2076,388305.5255,173087941.2779,173093798.5321,173077763.1634,173073512.4731,13492.9243,11097.7867,13542.2292,0.0000,13782.4366,10496.1201,13290.7239,8625.5530,13247.2065,11852.6850,8531.3152,11532.4941,10761.4089,13241.7727,12050.0953,3858.0609,12956.2486,12794.8420,13781.0329,9905.3792,13146.3243,8567.2122,5479.0070,2483.4535,8913.6078,8503.9259,8967.5572,1834.7284,391656.4840,399901.1585,385491.0493,386869.3582,387564.3498,388278.6108,395565.1870,390963.2683,173086458.6117,173092318.3558,173076281.9976,173072030.6893,6812.9661,476.3393,0.0000,2597.6738,10848.8079,6442.3106,9220.7637,6605.4091,4590.3550,10896.6422,5178.8660,10351.8710,2769.0949,6286.8889,12633.1811,2258.2500,6681.0165,2405.6570,7601.9410,6250.5583,11264.4727,12700.7876,13400.2210,11166.3105,8986.1382,11615.5104,12929.2427,386241.4329,393998.9727,379944.8611,381319.5210,381720.1648,382658.1276,390118.5012,385330.8815,173084572.5973,173090428.7287,173074394.8548,173070142.9425,6534.8127,0.0000,6794.0598,11985.5866,10042.6974,4165.6390,10467.2818,6150.5237,6101.6308,5601.4160,13123.3054,4580.4477,2685.8912,8657.0726,6292.9569,11745.3958,6843.2467,4601.9826,11118.3412,7387.5303,8613.6406,12273.8346,8020.7684,6711.6383,9479.6061,9928.1576,392720.8994,400582.7354,386459.5406,387825.8173,388266.4217,389200.8137,396649.1459,391856.1731,173088963.7926,173094821.7601,173078787.1912,173074534.7736,0.0000,2808.8637,11188.4354,6849.8539,8965.6380,7033.8087,4305.9172,10849.9953,4865.9378,10751.6653,2534.4725,6121.8118,12616.2165,1945.7064,7126.6239,2631.3734,7301.6367,6717.3439,11290.6203,12708.0027,13516.0340,11242.1356,8768.2664,11765.8487,12916.0672,386633.9852,394376.2305,380332.7744,381708.4748,382102.9168,383042.0967,390504.2737,385717.1712,173085030.4610,173090886.5818,173074852.7262,173070600.7963,0.0000,0.0000,0.0000,0.0000,0.0000,0.0000,0.0000,0.0000,0.0000,0.0000,0.0000,0.0000,0.0000,0.0000,0.0000,0.0000,0.0000,0.0000,0.0000,0.0000,0.0000,0.0000,0.0000,0.0000,0.0000,0.0000,0.0000,0.0000,0.0000,0.0000,0.0000,0.0000,0.0000,0.0000,0.0000,0.0000,9514.5446,4765.8377,9927.8714,5158.6666,6772.9250,9922.9183,7169.4509,9797.5898,2635.9758,5267.5560,12470.9897,4641.6222,6912.9652,211.0558,8953.6863,5764.0715,10040.9192,12115.6794,13829.3697,9769.3408,10492.0292,10140.7258,13361.7239,386201.5648,394052.6002,379941.2413,381299.3682,381712.9851,382691.8222,390168.5244,385327.8140,173083231.1724,173089087.8624,173073053.9184,173068801.6500,5675.7800,13206.0879,5581.5067,13083.3540,9456.8981,13298.5899,3944.9667,11012.9755,10569.2910,10210.1458,12162.9969,7659.9359,9585.4963,13649.7383,6728.4326,8095.4771,9324.7527,9941.1635,7021.2112,13819.6936,5438.8657,11366.6809,384488.7459,392830.1390,378376.1197,379710.9384,380352.2418,381237.9970,388619.7263,383824.0504,173077976.0444,173083835.0772,173067799.6502,173063547.5902,12500.4134,706.8009,10160.1257,10514.5817,10605.5806,6042.4096,7088.6583,8224.8372,12542.2873,8395.6225,4921.8805,4819.1849,12033.3990,3026.2565,9827.4056,11891.8223,12842.2418,9034.1289,12906.6733,8464.5628,13510.8250,383442.0772,391508.5091,377248.2173,378592.2483,379095.6104,380053.1249,387500.5410,382658.1544,173079103.4279,173084960.7764,173068926.3882,173064674.2175,12759.0168,6503.4101,6800.4694,5697.1676,13864.6911,7889.4689,6606.5880,6730.5343,7953.5362,13003.4517,9924.2599,2772.1001,12914.4035,8273.2701,7626.2989,10079.2704,9164.5811,3699.3599,10549.2904,7048.6565,394309.8415,402189.4127,388042.1071,389425.5176,389919.5126,390763.4551,398156.8599,393457.7962,173091016.0490,173096874.3394,173080839.2564,173076587.3107,10239.8356,10932.8070,10721.2842,5532.4946,7485.0551,8761.4282,12705.3794,8513.8984,4326.2968,5187.2956,12220.2122,2422.3609,10227.5243,12128.0241,12668.4340,9426.2986,12981.2538,8773.8056,13527.5296,382931.1514,391000.1922,376736.2449,378082.5413,378592.9889,379538.6400,386979.0947,382148.7130,173078779.9528,173084637.2054,173068602.7975,173064350.7333,10964.6564,907.4063,12309.7439,5211.4429,7442.5492,11365.3981,2426.0936,9183.9486,6635.7673,4009.5621,9496.5928,11835.2069,12112.6521,11986.5532,12147.8396,5076.2429,12927.3579,10858.5831,389012.3791,396697.0737,382682.4554,384079.1721,384493.2707,385354.1638,392774.2552,388076.6847,173088328.5736,173094184.7472,173078150.5732,173073899.0559,10513.4888,11944.2969,9054.6894,5878.6608,5015.9822,11057.5747,13041.7753,10040.3964,8865.6428,12197.0138,1772.9796,3651.2904,10196.0169,2948.7200,9700.0442,4787.2759,7937.9430,393528.8302,401712.2255,387369.9189,388713.1018,389283.2898,390194.4882,397602.4460,392799.7481,173086679.8910,173092539.8431,173076504.3062,173072251.6526,12717.3502,5360.4789,7173.0764,10888.8192,3080.4941,9859.1240,7051.9628,3143.0066,10112.0424,11491.0580,11674.7258,11838.9063,11890.0020,4418.6736,12778.1233,10429.3286,389903.8538,397595.9571,383576.3586,384972.7508,385390.3955,386249.6775,393668.0113,388971.6356,173089015.7210,173094872.1049,173078837.8483,173074586.2774,11457.2185,12137.9385,11643.8332,11484.3103,5087.5737,9785.0970,13643.4583,5105.4231,10937.5565,11417.9451,9400.1471,10089.9850,13413.0729,8793.0554,11716.0633,382070.3733,390319.1698,375918.2995,377272.9676,377909.4424,378738.9933,386096.4553,381368.8816,173077469.0032,173083326.9855,173067291.7326,173063040.2815,3735.8768,11616.2946,3527.4318,8735.5070,2633.0814,6848.3864,7928.9454,9632.8236,11449.6607,13643.0592,9693.5739,8748.6085,10514.4834,12487.6899,388553.9652,396345.7540,382273.5755,383638.9267,384036.4162,385004.6696,392479.3481,387656.9611,173085850.1677,173091706.9641,173075672.9767,173071420.6835,9494.5713,6691.4473,10913.3447,5388.0904,6979.1022,9883.4521,6678.1093,8924.9840,13039.7803,6979.8034,8938.3649,8279.7822,11207.6999,391271.7830,399192.4473,385035.4860,386387.7234,386827.4457,387805.0569,395274.1109,390428.8923,173086746.6932,173092604.7579,173076570.3069,173072317.6411,12242.3605,13380.0237,12517.9457,8808.4910,13212.5391,5379.0630,2065.0688,6051.0835,6098.7274,8282.3487,6831.3283,3280.6934,393601.5104,401831.5829,387441.8618,388805.3145,389453.8552,390247.0131,397581.4607,392898.2989,173087450.2483,173093310.3707,173077274.2329,173073022.3002,7901.0675,4480.4724,5879.0936,7900.3918,11707.3024,12633.1164,12966.8853,11823.0797,7233.7999,12467.9518,12168.2141,387533.0510,395231.2784,381213.1357,382599.5860,382995.5516,383900.8483,391346.4064,386600.0601,173086532.7690,173092388.7801,173076354.8434,173072103.1193,6806.7389,11834.2577,1958.1863,12592.4004,13450.7572,11599.9415,11996.7823,11977.8991,11369.4330,13130.6555,381429.5412,389405.2881,375191.8109,376563.4007,377082.5379,377945.5140,385345.7972,380611.8537,173079262.1026,173085118.4655,173069084.0640,173064832.7174,8895.8121,5702.0015,10169.3612,12194.9277,13804.0010,9904.1740,10416.6623,10268.9592,13357.5161,386119.8125,393963.7684,379856.7215,381216.0818,381628.6519,382604.5116,390080.0795,385243.2322,173083262.2417,173089118.8732,173073084.9404,173068832.7038,11968.8436,10143.5053,9779.9389,10797.1690,10824.5732,2464.5580,11993.9673,8473.3513,392622.2980,400388.6620,386316.9940,387710.8195,388165.2393,389005.8701,396406.7055,391722.8386,173090747.9778,173096605.2884,173080570.5921,173076318.8935,11649.8967,12997.2183,12223.1162,10964.7243,12439.0601,10332.6736,13445.4262,381891.5208,389897.9505,375669.8386,377030.0796,377538.6890,378443.6134,385865.8404,381084.6036,173078938.1607,173084794.8233,173068760.4795,173064508.8056,3614.7296,10003.6366,1245.9906,10839.1902,3079.1101,8350.7337,392412.2469,400668.7554,386277.6620,387613.9433,388209.6453,389123.3171,396526.7005,391713.2990,173085004.3337,173090864.4866,173074828.8483,173070576.1758,7394.1216,4327.0563,9686.5571,5153.1249,5267.8199,393448.0294,401731.1923,387311.2018,388661.9891,389309.7267,390141.8718,397494.8588,392764.8788,173086404.4258,173092264.8603,173076228.7547,173071976.5208,10095.2349,9224.6589,9767.8364,3931.0464,389395.8608,397643.1151,383227.6042,384610.7251,385319.4821,386009.1817,393281.3635,388704.4042,173084802.4762,173090661.7638,173074625.4581,173070374.4476,11501.1456,1921.4527,8914.4703,391336.2387,399621.7397,385211.9576,386544.3434,387147.2692,388067.5292,395472.4998,390648.7528,173083765.8137,173089625.9249,173073590.3119,173069337.6372,12465.1066,7066.7047,392405.0641,400206.3089,386103.4212,387506.0519,388003.1271,388786.2083,396150.1674,391523.2330,173090787.6474,173096645.0613,173080610.0588,173076358.7140,9343.6521,389825.1679,398174.3730,383720.1967,385049.2193,385681.0431,386590.6371,393984.1856,389164.4518,173081999.8698,173087860.0332,173071824.3183,173067571.7468,392808.3666,400977.8182,386619.9881,388002.2098,388662.9011,389390.1118,396690.5534,392083.3009,173088037.0638,173093896.6167,173077860.4227,173073609.0356,22672.9631,9196.4602,7077.6500,15054.0643,13204.7792,14053.2923,8860.3954,172759975.4386,172765760.7726,172749749.9603,172745522.8916,20231.4267,20475.9927,15459.0755,14964.2556,15285.6118,15130.1067,172764410.9765,172770188.3957,172754181.2452,172749955.4054,2783.1518,9550.3090,6600.8280,13234.7264,6068.0818,172768796.3340,172774580.8071,172758570.4713,172754343.4244,9487.3462,8378.6145,13968.5450,5457.7774,172766439.0634,172772223.7802,172756213.4807,172751986.1826,9222.7931,17168.1437,7580.2363,172769172.9569,172774955.2176,172758946.6107,172754718.8976,9487.3462,6056.2473,172769941.9919,172775724.2401,172759714.6535,172755488.3531,10862.8398,172763964.1832,172769745.6120,172753735.6265,172749510.5670,172764987.1604,172770769.9937,172754760.4858,172750533.5944,62151.1553,41176.3854,28110.0794,36112.8716,44773.0812,29642.1389,
3300.000,7316.2700,8290.7751,0.0000,5115.7389,12917.2219,12196.4673,11565.2334,12905.1667,8282.2880,11198.0417,11095.3810,4021.3894,4559.1564,12883.2420,13669.1427,3865.0768,9562.0489,12893.6060,11441.2703,10775.6733,13724.7483,1464.2566,8407.2409,2903.8995,0.0000,1236.8071,11041.5024,5609.7755,8195.0310,5585.9846,5877.1719,12271.6975,6476.7211,9348.8361,4123.7627,8387.4179,12663.9056,2821.0710,5220.3659,3553.9408,8758.4822,5421.7765,12561.6417,12782.2631,12863.2903,12328.1988,10014.0872,11916.0123,13308.9344,386426.8744,394192.0374,380339.0187,381844.6737,381927.2747,382930.2704,390353.6661,386001.8197,173081031.8184,173086497.6561,173070580.6475,173066413.0865,7124.6168,0.0000,10338.3912,13261.4571,13185.6744,12794.5533,13226.9559,3874.6055,6217.6935,5827.6115,8668.7642,8307.8507,8756.4632,12140.4074,10089.6842,7211.9957,10100.5355,11035.8224,7166.3594,11150.9775,7144.6009,12247.5900,9629.2623,0.0000,8209.4527,10141.1386,8571.6481,11285.3636,8340.1596,6241.4929,13381.9813,7165.3421,8990.7025,9793.1248,12565.6116,12774.6315,8775.6274,7010.1306,10074.8986,8852.7989,8689.2391,13468.6340,13395.6117,8128.3670,13290.6206,8334.2101,12908.2516,11322.1249,384506.1011,392374.5302,378429.1492,379956.7874,380169.2758,381006.9115,388318.0187,384134.3068,173080086.6166,173085552.4970,173069634.6859,173065468.2273,0.0000,11622.5928,12170.2830,13145.1076,13121.3208,12389.4513,10272.4322,10816.5299,10584.8360,5909.8235,5026.2874,8212.5675,11722.9946,10472.0568,1786.2127,12563.6025,13666.2988,3847.5070,10183.4756,7086.9488,8502.4284,9422.4028,0.0000,9164.1963,13553.4055,11986.2164,6347.8795,11926.6162,2819.7021,10570.0922,2255.0778,13189.8007,7443.6124,9445.7249,10263.2004,7229.4631,11293.8975,9548.6604,2156.3953,11902.4601,11845.2273,11519.1925,9620.0035,12590.9784,2375.0050,13468.2928,9038.8177,391590.7189,399419.1269,385505.0366,387032.8179,387222.5287,388075.3004,395396.7048,391204.1442,173086209.7314,173091676.7587,173075758.6338,173071591.6905,0.0000,0.0000,0.0000,0.0000,0.0000,0.0000,0.0000,0.0000,0.0000,0.0000,0.0000,0.0000,0.0000,0.0000,0.0000,0.0000,0.0000,0.0000,0.0000,0.0000,0.0000,0.0000,0.0000,0.0000,0.0000,0.0000,0.0000,0.0000,0.0000,0.0000,0.0000,0.0000,0.0000,0.0000,0.0000,0.0000,0.0000,0.0000,0.0000,0.0000,0.0000,0.0000,0.0000,0.0000,0.0000,0.0000,0.0000,0.0000,0.0000,0.0000,0.0000,0.0000,0.0000,0.0000,0.0000,0.0000,0.0000,0.0000,10630.1011,9060.2656,8214.3941,10495.4562,9481.8797,11511.5894,11639.1210,7412.4537,8130.0146,13715.9654,12197.1304,1975.7120,12491.6035,11480.7207,8539.3981,13248.9502,13291.9079,6236.7831,7983.1209,3476.0682,0.0000,4000.0296,8516.8209,3453.2614,9290.2313,3732.0742,9972.2786,10734.0384,10231.5865,7085.1077,6102.1207,7233.4432,11425.3320,6012.1774,4967.5619,3432.9432,11477.7920,3117.5383,10301.7871,10812.1120,13359.1548,9537.5626,12575.5254,8545.4554,13201.5957,385634.4323,393611.7047,379623.2201,381101.2369,381224.3801,382290.8888,389740.9775,385290.8672,173077695.7718,173083162.7071,173067245.4766,173063077.3405,2633.6741,3547.6467,475.9380,12557.7810,10546.0323,10897.6665,12367.3571,12408.7391,8632.6145,3343.1023,11167.6253,11673.5301,6896.8186,6738.3849,11169.7874,5590.7159,13007.6633,8329.2762,11738.2164,0.0000,12569.8955,8031.2340,11461.5061,9676.3217,11609.1302,13019.2844,3287.8525,12611.5310,9841.5272,11606.8405,7998.1862,2930.8144,12331.4818,12329.8236,11350.4079,11240.6206,11399.7328,1256.4861,1449.1042,8983.4949,1540.3376,11000.1759,3718.7741,5728.0615,390595.5087,399016.3846,384712.5418,386179.6827,386534.6829,387472.2856,394808.3508,390443.9067,173078711.4893,173084181.7643,173068262.5513,173064094.5176,1018.6873,2247.5194,11875.9462,10354.2639,10751.0919,12377.0700,12586.1905,10114.7105,4987.8641,9983.7376,12877.9586,6685.1518,4937.8562,12511.5444,7464.0419,12576.7548,8746.1432,10857.5106,0.0000,11659.1738,6378.5200,9795.8023,10469.1863,9974.5422,13466.2937,5193.8733,13225.1447,8106.1150,11377.3210,8094.4097,5315.3637,11999.9224,10925.0141,10482.4339,12398.5091,9740.9651,3071.7018,3746.1809,9918.4258,1292.0095,12387.6476,1181.9738,7912.0301,388594.9607,397010.3638,382714.9903,384175.4321,384506.3425,385483.4237,392845.5894,388437.6238,173076733.4132,173082203.2973,173066284.4000,173062116.2358,3178.0815,11329.9775,10099.1924,10494.5082,12021.5244,12283.3324,10439.5617,5664.4046,9259.1081,12951.7897,6679.8858,4326.2853,12659.8657,8042.5302,12042.1192,8714.6692,10219.7226,0.0000,10976.5445,5737.0500,8890.7937,10487.0653,9077.7765,13234.0762,5848.0481,13062.5021,7295.4633,10971.6430,7987.4220,6049.4912,11528.2427,10091.2232,9865.4675,12465.1322,8837.0280,3881.5845,4569.8428,10094.5259,2172.5467,12541.9309,594.5287,8523.7980,387842.2708,396229.3782,381954.3100,383414.9094,383729.2326,384717.7005,392089.3665,387672.2660,173076288.2064,173081757.7929,173065839.0657,173061670.9017,12386.3147,10367.7123,10733.9702,12503.5672,12563.7613,8750.3726,3336.2363,11113.6033,11901.0159,6618.9502,6325.4360,11375.6404,5728.2944,13046.3448,8575.4304,11736.7973,0.0000,12536.8926,7646.4501,11244.5991,9963.3627,11392.4821,13171.4561,3721.8493,12800.8678,9505.3992,11723.1938,8197.4010,3376.3157,12414.8943,12134.4821,11358.7079,11517.5466,11191.1020,1605.6204,1910.2188,8965.6503,1300.8896,11270.1385,3304.3096,6007.8091,390158.5143,398587.8888,384278.5209,385744.6105,386101.4569,387041.2390,394378.1967,390010.0893,173078247.4950,173083717.7327,173067798.5378,173063630.5087,4257.8345,4041.4261,10696.9693,10610.8389,9550.9313,11428.5753,9986.6531,10215.0542,8132.2872,8497.4185,9799.1017,11159.9566,8759.5905,13270.2961,10116.6333,0.0000,8718.9611,7265.8099,6765.5311,13041.9036,6497.1429,9368.6635,13568.8564,10189.1744,5857.5252,11213.3789,13243.3416,12937.2437,10298.5971,5250.7373,10524.3396,11603.8365,7009.1320,13004.9385,13095.0934,8011.3737,12335.3266,11089.2847,11298.1824,11909.7628,381790.7846,389795.9924,375759.7287,377272.7983,377520.7123,378382.4852,385701.2104,381471.6990,173076315.2763,173081781.4188,173065863.5478,173061696.9615,521.3265,12634.8348,12413.8480,6653.7171,8503.5688,12171.6322,10092.7766,4811.1323,7168.9561,8896.2057,8045.8779,11452.5430,13626.2163,12426.4563,0.0000,11530.3854,6214.2191,9312.2248,13489.9655,9139.4517,10996.5053,12079.3918,11489.1762,6477.4916,13051.1098,13646.8886,10997.6786,12524.0286,8445.9169,12641.0333,11858.6825,9530.7316,11298.9608,11245.5676,4450.2346,10708.8052,10709.0042,9936.5377,9309.5700,383102.5807,391305.9201,377129.4528,378636.9163,378986.4694,379794.2936,387064.2560,382868.8329,173076003.8862,173081471.3269,173065552.6559,173061386.1510,12519.9606,12274.4697,6651.3457,8851.8669,12234.8375,9863.2932,5297.3703,7627.6378,8671.9704,8265.0898,11313.8934,13715.9866,12432.2006,0.0000,11480.0644,6657.9499,9418.7009,13487.7602,9234.5068,10751.6781,12321.9311,11273.4571,6784.5260,13010.2608,13772.4987,11241.9616,12441.1692,8459.1772,12667.9959,11706.7936,9636.5061,11619.7855,11550.3887,4509.9290,11076.8771,10534.5315,10350.3068,9461.0530,383103.7102,391283.2776,377122.2012,378632.4636,378976.5565,379778.8983,387046.9199,382860.6826,173076285.9165,173081753.2198,173065834.5859,173061668.1399,934.5561,12151.3418,13279.3669,5675.5662,7469.2292,13826.3471,13018.7953,9180.6756,12943.5633,2819.0677,6007.9489,4248.1209,0.0000,4527.1007,12974.2186,8918.9870,4878.8094,8955.3015,3951.8885,10750.9001,3838.0816,11941.7711,1963.3465,6519.5500,11281.0737,1610.4413,8776.0928,4381.4775,5682.2374,8698.6089,11747.0038,11792.4673,12925.5240,12089.0181,7556.4320,12481.8724,11954.7516,390369.9354,398122.4234,384276.9346,385786.5276,385874.1696,386860.1692,394272.4189,389942.3879,173084596.3075,173090062.8084,173074145.5054,173069977.8242,11629.3039,13131.5333,6473.2513,6633.3934,13738.3546,13225.4246,8414.9562,12604.5006,3231.6308,6249.9096,5090.4807,0.0000,5210.8917,13163.4272,9429.7472,4765.3920,9445.5682,3128.9639,10730.6996,2923.3520,12210.9010,2800.9082,6895.0943,11152.0609,2478.7044,9157.6697,5231.8586,4881.5625,9231.7366,11815.7811,11798.8787,12505.9216,12242.9863,6753.0093,12733.3197,11564.0414,390670.0927,398420.3762,384573.7634,386087.1706,386185.3553,387151.1528,394550.5541,390243.1993,173085072.4039,173090538.9290,173074621.5289,173070453.9656,6069.0852,13715.2189,6718.9014,6775.2561,10100.3748,4864.1832,3597.6277,12460.0048,11622.6615,13558.6815,0.0000,13337.9869,10151.9607,13070.6710,10892.2392,13004.9922,10035.1417,8934.4171,9885.5498,11245.0571,12762.8827,12096.7753,7420.6351,12768.5261,12598.7247,13553.7837,8570.1774,13132.9928,9145.6275,8627.9973,2546.8332,9646.9010,6694.9575,10465.9648,4010.2817,389497.8137,397734.3819,383532.7682,385044.5909,385428.7671,386196.5097,393436.1073,389283.0907,173081313.3301,173086782.1711,173070862.8050,173066696.1503,12744.8637,10807.2004,4793.1639,6746.7854,9735.5591,2793.7557,13672.3175,10355.2583,13172.4835,0.0000,13571.1849,7679.7327,12193.3848,11019.8054,12257.5487,12937.4665,5471.9171,12643.1803,9736.5558,12967.9585,10291.6867,4019.3647,13416.1568,12610.0359,12929.2985,11219.3017,12212.6932,4376.5750,4035.7956,6180.7113,4506.4099,10314.1802,5578.6434,3981.0667,389586.3224,398032.0301,383701.5287,385180.1286,385585.8108,386449.1165,393735.9537,389449.9450,173078382.7133,173083852.8503,173067933.3403,173063765.8393,11548.7286,12455.1960,9976.7826,12584.3049,13534.1834,4774.3997,6944.5358,1553.9301,0.0000,2716.3373,9974.6630,4774.0336,7962.3036,4975.9279,8657.7101,10695.6701,8855.9958,8595.3298,4276.4738,6372.2939,11472.3261,4208.5747,5768.9103,1497.1235,10246.8881,4441.5919,10682.2604,11102.6952,13666.5180,10230.9228,11610.6130,9664.4734,13166.5506,386970.6899,394868.3137,380933.8641,382418.4234,382514.5667,383578.2539,391031.4324,386595.4147,173079590.4889,173085057.2338,173069140.1042,173064971.9795,11747.3264,13377.3872,2122.4671,8963.2154,8488.5671,9235.4014,10656.0935,0.0000,10389.4105,13287.1218,12624.9585,7227.3178,12556.1718,4416.2748,10251.7659,3994.2403,13205.0491,8837.8780,10161.8037,9667.6676,8689.9188,11912.9164,10753.0669,2938.3634,12574.1990,11476.1731,11061.9597,8324.2667,12279.0155,1370.1278,13249.7108,7858.2641,391646.2869,399544.0013,385578.7799,387107.1182,387340.0106,388160.2269,395456.0344,391290.3273,173085901.8099,173091369.2071,173075450.7680,173071283.9700,4299.4469,10521.8907,5721.3130,13231.4255,12659.8572,13061.7165,0.0000,12844.8006,4353.4485,10145.5618,13234.0863,10117.4207,13130.1076,9365.4246,13265.1208,6447.0099,13673.1585,12452.2421,8220.5116,13640.0899,10203.9484,13028.3933,12819.9664,10295.2204,7954.9346,7971.3876,5025.9732,7118.1583,11812.1577,6352.4213,7447.7751,384909.8118,393322.5597,379010.6991,380494.8256,380897.5301,381744.9750,389025.3174,384759.4056,173075053.1605,173080522.1629,173064603.0024,173060435.9255,12758.5243,8647.5726,12159.0931,11582.2593,10998.9948,0.0000,11005.1127,1546.2609,7438.5827,12840.8368,7507.7081,13499.6739,9313.4931,13678.6503,3859.4596,12338.6505,10985.0456,8914.6371,12376.8451,8201.4921,10905.0443,13691.9509,7557.3481,7514.8981,7950.5414,8740.8963,5995.4115,13388.1471,3948.4994,9831.4954,383929.0272,392308.6869,378031.5605,379500.5442,379835.8992,380781.9911,388128.3663,383757.5085,173073610.8647,173079079.5877,173063160.9780,173058993.3472,7580.0780,9887.2044,10348.7672,11890.8497,0.0000,11549.0618,12645.8811,13020.1296,8650.1649,12935.0316,6177.3043,10183.3962,5936.4413,12851.7312,10385.8684,11175.0375,9260.2756,10231.2370,12267.3848,11981.4536,4778.7366,13015.3222,11181.7329,10704.9091,6559.4635,11935.3490,2631.9572,12878.1102,6734.5433,391006.6187,398990.9260,384962.6290,386490.4441,386773.5822,387559.7744,394827.9498,390688.2336,173084855.1638,173090322.8928,173074404.1372,173070237.5188,13480.7108,10737.2040,13666.4987,0.0000,13873.7749,9221.8646,13125.8578,10726.8381,13139.4732,11843.5233,6450.1550,11518.3477,10939.4413,13034.1637,10986.2449,4734.8043,13370.6005,13175.1519,13498.5377,9860.0608,13154.5441,6270.8534,5702.6287,4499.8719,6849.7354,8501.3685,8036.4707,2048.9008,390379.8414,398755.9015,384466.0939,385959.0605,386367.8576,387181.0069,394440.1650,390218.9680,173080219.1912,173085689.0415,173069769.4457,173065602.2985,7965.0553,3508.3241,0.0000,2489.6847,11820.3189,6908.4139,7335.1410,6880.5133,4575.0266,12055.9711,5141.0368,10319.7397,3521.6024,8157.5361,12421.8066,2070.8383,6432.8935,4040.8032,7559.6530,6728.6530,12594.5187,12732.9392,12693.1553,12563.9616,8936.4082,12420.9716,12887.8784,387570.3845,395308.9838,381472.1543,382982.8194,383065.3364,384051.5401,391465.5768,387136.1758,173082402.1280,173087868.0176,173071950.9330,173067783.4377,6583.4044,0.0000,8115.2021,12255.2815,10508.0381,2619.0548,10685.9768,8435.5915,5943.8467,7718.3177,12288.8418,4899.4685,1245.9242,7164.5119,6255.2861,11266.9100,6042.9205,6916.0387,10254.2216,7301.2747,7384.6751,12766.1005,8075.9494,8470.3732,9288.5755,9473.6586,393282.0512,401293.8511,387277.0415,388761.5191,388925.4067,389941.3093,397355.0278,392958.7422,173084182.6562,173089651.2209,173073733.1891,173069564.8680,0.0000,1978.0499,10953.0734,5751.0084,7147.8393,5889.2266,7447.7282,10912.6997,7635.4410,9575.2103,2958.2189,6264.4298,11663.0174,2715.4955,6321.0908,696.9681,9224.8734,5446.3781,11193.4432,11522.7858,13706.0140,10958.4716,10748.8417,10650.0803,13126.8883,387752.4086,395587.2051,381693.8286,383185.5191,383266.4420,384317.0622,391765.8420,387352.7911,173080974.1957,173086440.7251,173070523.6494,173066355.6230,0.0000,0.0000,0.0000,0.0000,0.0000,0.0000,0.0000,0.0000,0.0000,0.0000,0.0000,0.0000,0.0000,0.0000,0.0000,0.0000,0.0000,0.0000,0.0000,0.0000,0.0000,0.0000,0.0000,0.0000,0.0000,0.0000,0.0000,0.0000,0.0000,0.0000,0.0000,0.0000,0.0000,0.0000,0.0000,0.0000,10684.4692,4969.3253,8284.5243,5006.9239,6893.2232,12011.6461,7376.5932,8983.1814,4061.2003,7921.9499,12522.9667,3058.8922,4990.9333,2657.5521,9424.7570,4728.2346,12184.6610,12476.1274,13262.6073,11853.4777,10732.1151,11337.0715,13495.8737,386309.9759,394106.2798,380235.2675,381734.2912,381814.8456,382841.4203,390277.8524,385895.8601,173080398.2479,173085864.2613,173069947.2780,173065779.5388,6808.9171,13318.1128,6818.8730,13226.6810,10430.2558,13533.1978,2632.5133,12440.9621,11714.3337,9958.2066,12292.5979,7308.0465,10956.9572,13816.5883,6988.5200,8788.9343,9172.5183,8534.6165,7369.7828,13455.9090,5415.3813,10464.8256,382764.8250,391102.2819,376851.4513,378325.9656,378652.9236,379586.8250,386928.7977,382576.4467,173073201.0746,173078669.3201,173062750.8470,173058583.4095,11378.3785,324.9101,10306.2384,12242.5601,10867.0563,4614.4374,8255.9754,9937.9774,12477.0594,7656.1452,1942.4866,6038.1709,12401.1173,345.1512,11495.9094,11946.8487,12140.6985,10494.0401,13011.1236,9027.0423,13467.4735,382792.2854,390786.9990,376779.1094,378264.4372,378419.9315,379439.6943,386859.9415,382457.9341,173075679.2077,173081145.6439,173065228.3678,173061060.7007,11493.0809,6571.0551,7114.7046,5651.8961,13224.3699,4643.4737,3819.6226,7907.4128,5780.1161,11719.6938,6797.1188,4579.3193,11151.3624,8776.5901,8656.0565,12329.8359,9729.8822,6432.4228,11019.3461,9235.2066,393928.5929,401856.4934,387891.1351,389389.4141,389546.0830,390521.1162,397914.1986,393574.2478,173085964.6074,173091432.7777,173075514.7477,173071346.7437,10233.1453,12401.1594,10822.6873,4562.7063,8360.1787,10143.9438,12598.7146,7712.4548,1632.4614,6203.3221,12397.3827,626.0963,11662.8734,12099.6092,12043.0520,10669.2926,12974.4113,9204.4846,13499.2010,382620.6039,390609.1688,376604.6169,378091.4240,378247.7895,379262.0427,386679.2595,382284.0650,173075653.2278,173081119.5911,173065202.3195,173061034.7051,11615.1779,1170.8586,12342.4901,5767.3625,9190.4766,11566.9914,5106.2063,9513.4585,7720.9833,4037.7382,10202.8614,12656.1709,12500.8466,10914.9192,13115.8911,5088.4155,13597.7887,10925.3618,389961.4514,397706.1088,383854.0508,385380.4589,385515.8934,386411.7885,393766.8132,389537.1276,173085233.1136,173090699.4001,173074781.7738,173070614.7243,10961.4605,11727.6161,10031.0863,5924.8461,1757.4890,11005.2444,13041.8185,10451.4091,9180.3703,12109.4564,2267.3410,1881.0961,10061.2399,3955.3899,9309.3839,6261.2086,5461.6125,393180.3120,401488.7784,387262.4744,388736.4630,389045.1353,389993.0606,397343.1078,392982.8236,173081850.2506,173087320.4144,173071401.3501,173067233.1959,12825.8744,5580.9207,8581.0061,10968.0790,5216.3147,10239.3746,7811.2166,2989.0604,10742.6514,12172.2775,11979.3314,11005.8691,12772.8064,4393.5611,13454.1228,10426.3098,391053.7102,398817.9215,384953.1779,386477.6119,386618.5294,387517.1392,394872.3928,390637.4953,173085929.7823,173091396.3904,173075478.6534,173071311.5003,11460.3670,11742.4307,11449.5158,11063.7893,4947.8260,9711.7077,13671.6292,4863.8520,10373.4175,10782.6076,9659.4223,9050.1073,13555.8163,7130.3038,11938.7729,381639.5390,389851.9106,375687.7421,377168.0731,377437.8016,378393.3494,385758.3125,381398.0181,173073288.2366,173078755.5896,173062837.5916,173058670.2042,5122.0097,10806.9892,1492.5926,8538.9480,2836.2410,6869.3060,7986.2015,10898.5193,11054.7028,13445.2354,11139.3762,8742.3827,11465.3538,12090.8258,390360.2870,398164.0117,384288.6180,385787.7115,385873.2076,386895.7968,394328.0943,389950.9371,173083721.1230,173089187.9491,173073270.6672,173069102.6925,7268.8669,6463.3889,10885.5660,5658.2232,7989.4519,9673.0150,6962.4833,7179.4504,13045.1431,7532.2786,9460.4733,8573.1324,9893.8026,392638.7667,400679.0813,386645.5539,388124.2865,388287.4650,389322.9467,396747.3207,392325.5003,173083165.6459,173088634.2672,173072716.2867,173068547.8470,11616.6162,13087.1445,11280.0048,9087.3313,12387.6168,2565.6437,1811.3392,8580.8995,4125.9561,8779.6636,6342.0965,3824.3021,392660.8226,400998.4706,386747.3240,388225.9590,388566.5860,389476.2966,396799.9428,392477.8402,173081521.0861,173086991.2733,173071072.0124,173066904.1178,7661.6451,2954.4180,7095.4422,7411.4197,11740.4659,11892.8487,13277.4744,11862.1719,8827.2901,11978.3039,12559.7990,389227.3254,396991.0569,383140.9883,384645.2092,384722.8060,385733.8948,393161.7311,388802.1540,173083283.5980,173088749.9698,173072832.8158,173068665.0281,6757.9147,12033.7310,2151.9809,12431.3322,12784.5264,11575.1732,11546.9080,12487.8332,10202.5337,13547.9885,382221.5520,390163.2260,376186.4112,377681.9727,377837.4128,378823.2342,386225.6089,381867.7688,173076059.5576,173081525.5559,173065608.3126,173061440.9539,9197.2526,5723.3715,10755.6603,11099.0555,13765.2432,10550.8172,10758.0100,10317.5567,12916.3482,388218.0942,396074.8218,382167.5178,383656.4534,383741.9310,384798.4805,392249.4621,387827.1468,173081086.5255,173086553.2736,173070636.1365,173066468.0198,12272.3802,10737.6330,10387.2668,10264.0144,11693.3535,2308.4238,12870.6957,8401.8138,393184.6640,401054.0738,387115.6747,388635.7839,388825.8007,389704.1290,397039.0509,392813.3553,173086890.8370,173092358.4301,173076440.1989,173072272.9477,11397.6851,11853.9949,12263.8704,10418.7972,12937.0682,8993.9786,13449.1827,383057.8820,391046.7673,377043.6165,378528.4678,378679.0741,379703.8391,387127.5622,382720.9142,173075901.8965,173081368.3566,173065451.0976,173061283.3869,811.0521,9727.3964,1783.4155,10715.9028,4212.2221,6010.6327,391430.2810,399813.5161,385537.4775,387004.4124,387336.1447,388291.0276,395640.6245,391262.3134,173079595.1228,173085065.3694,173069146.2650,173064978.1005,9368.7226,2478.2138,10258.3807,4867.2176,5315.4245,391869.2691,400251.2618,385974.0814,387443.9178,387783.8998,388723.2636,396062.9264,391702.0466,173080124.8622,173085595.1735,173069675.9776,173065507.8903,9767.8183,8570.3493,10001.9266,5747.8152,387024.5867,395297.5487,381070.5703,382579.7682,382977.4313,383744.4708,390981.8075,386823.8910,173078926.9045,173084395.4620,173068476.1761,173064309.6375,11676.6170,2454.0390,7044.8644,389806.9254,398212.3362,383922.7708,385385.6060,385717.9431,386686.0327,394042.8762,389646.5487,173077913.0029,173083383.0640,173067464.0707,173063295.8991,12868.4183,7147.0106,392719.1874,400651.9068,386664.3836,388188.2871,388428.1040,389258.3013,396558.0574,392377.0515,173086358.7888,173091826.6023,173075908.0420,173071741.0784,8655.2474,387448.3053,395858.4499,381567.1077,383026.8631,383352.4215,384335.6721,391702.4597,387287.9703,173075790.3679,173081259.9996,173065341.2203,173061173.0934,392071.6583,400386.1754,386139.6672,387635.2616,388015.1622,388840.2313,396111.0336,391885.2851,173082108.0433,173087577.8941,173071658.3839,173067491.1151,22831.8905,9008.0305,6928.9518,15178.5325,13184.8976,14346.8892,8726.6067,172755932.5469,172761327.7618,172745434.2246,172741290.6508,20245.8469,20301.7086,15501.6852,14879.0813,15195.0917,15108.8936,172760436.4871,172765823.7597,172749933.9541,172745791.5331,2582.6626,9633.9011,6597.5852,13303.7364,6317.6900,172764535.0057,172769929.3381,172754036.2952,172749892.7367,9609.6274,8073.5972,13776.0612,5415.0615,172762224.7681,172767619.2620,172751726.2639,172747582.5109,9034.8959,17268.6181,7901.0627,172765164.5523,172770556.6743,172754665.3884,172750521.1325,9609.6274,6274.7683,172765792.7028,172771184.7987,172755292.5487,172751149.6803,10948.2003,172760037.8208,172765429.0183,172749536.3716,172745394.7939,172760443.9907,172765836.6588,172749944.4700,172745801.0507,61945.7366,40950.6516,28240.4822,36353.5433,44406.6080,29395.3081,
3600.000,8970.0973,10136.3751,0.0000,2369.3612,12916.8849,11742.0241,9754.9207,12906.3699,9650.8215,11230.8135,11197.8640,2957.7642,4066.1946,13469.8794,12822.1654,921.4019,11240.6322,12955.9704,11376.6104,11372.2420,13583.7763,4181.6775,8236.0121,3050.9614,0.0000,2862.0493,11386.0485,5715.9719,5797.4235,5474.7014,8242.3376,12253.6972,8423.1513,8411.4356,4365.5762,8324.8022,11434.1502,2859.9824,4626.3432,2646.9284,10050.3574,4352.9734,12547.6036,11575.7042,13071.8025,12292.0880,11354.0521,11310.2176,13119.1734,388004.5243,395837.6912,382162.4838,383787.2515,383539.9583,384656.9867,392057.2769,388102.6682,173077614.3934,173082694.9980,173066895.1705,173062817.2775,5484.0534,0.0000,10324.8607,12681.5211,13112.5926,12974.2952,12710.6950,3935.7060,5989.8168,6992.0173,9525.0122,8986.6827,8442.2221,12778.8732,9656.1669,6128.0093,9567.1484,10996.2300,7275.5763,11610.5369,5893.0144,12352.4908,11076.1337,0.0000,6848.4879,10115.2576,8331.2155,11071.0128,8242.3108,4339.0666,12506.5562,5552.8514,10634.5706,8794.1753,12295.9628,12938.0851,9662.9658,9035.5341,10246.3705,7184.8532,10411.4317,12929.8965,13472.6351,7625.3864,13012.3542,7256.7069,12902.9310,11611.4812,386513.4716,394383.5187,380657.1575,382310.4583,382198.7970,383113.4902,390371.4510,386641.2461,173078075.4815,173083155.7845,173067355.1167,173063278.6441,0.0000,11638.9305,11320.3859,13116.0837,13373.9453,11574.6987,8804.2617,9667.7463,10608.9805,9003.4566,7860.6346,8023.9553,11794.1935,10476.2982,1771.4807,11136.7059,13008.2861,2465.1303,10204.0936,7030.0016,9912.7746,11370.5960,0.0000,9291.0231,12636.7630,11829.9021,9111.0494,11724.5609,2733.7695,9751.4298,2338.6341,13359.3834,7527.4637,9722.9888,10901.8193,9189.4392,11991.1470,10001.9567,2013.9206,12495.4780,11199.3623,12042.2951,9000.7659,12189.9327,2445.2936,13460.4159,9242.2194,391706.5445,399664.4757,385878.2616,387527.3180,387452.9386,388357.1950,395601.9906,391871.8495,173081652.5555,173086734.3337,173070933.0415,173066856.2588,0.0000,0.0000,0.0000,0.0000,0.0000,0.0000,0.0000,0.0000,0.0000,0.0000,0.0000,0.0000,0.0000,0.0000,0.0000,0.0000,0.0000,0.0000,0.0000,0.0000,0.0000,0.0000,0.0000,0.0000,0.0000,0.0000,0.0000,0.0000,0.0000,0.0000,0.0000,0.0000,0.0000,0.0000,0.0000,0.0000,0.0000,0.0000,0.0000,0.0000,0.0000,0.0000,0.0000,0.0000,0.0000,0.0000,0.0000,0.0000,0.0000,0.0000,0.0000,0.0000,0.0000,0.0000,0.0000,0.0000,0.0000,0.0000,12212.9307,10419.3231,8084.4504,12131.6872,10228.1380,11351.7425,11055.6728,4487.1729,5772.1647,13671.4558,11980.3346,1983.6417,12493.7367,12479.4814,10215.1908,12538.7702,13215.3922,6360.1986,8096.1771,2100.3251,0.0000,4566.2525,10436.8757,5131.4975,6375.2793,4972.8272,10062.5027,11986.7758,10199.6625,6913.3807,6128.4741,8274.8752,10776.8007,4269.2178,3737.5610,3442.9962,11463.5681,2446.1664,11864.4802,10598.0984,13168.9973,11286.7119,12522.3831,9846.1367,12953.6931,386956.3455,394875.5124,381144.9354,382759.7725,382525.8530,383670.7519,391086.3598,387086.1198,173075630.9963,173080711.9082,173064912.0509,173060833.9527,3919.0617,6246.1363,528.7505,12278.8635,10577.8555,10355.5035,12466.4186,12397.0937,6893.2177,921.3799,12643.8370,10341.7649,6967.5145,7424.1217,9758.0253,2501.1033,13535.8748,8263.6810,11646.4385,0.0000,13690.4581,8347.6863,12560.7518,10741.6373,12688.1075,12614.3621,3553.2498,12211.6763,10183.2183,12445.8876,8367.7994,3203.5387,12368.9198,12543.6658,12120.9517,10723.0400,11784.0508,1267.0397,3064.4042,8225.8037,1835.8514,9762.2271,5177.8122,3015.8645,389071.7681,397569.5083,383425.1100,385026.5515,385095.3723,386077.1272,393348.8366,389444.7913,173073394.0930,173078478.4622,173062676.3151,173058598.6486,2902.9618,3485.9125,11820.8249,10192.5186,9538.6767,12045.7844,12418.1963,8957.2099,3085.9013,11422.7850,12500.1518,6839.9079,4985.8261,12158.0285,5760.8678,13355.7130,8826.1078,10218.0627,0.0000,12692.0005,6340.4957,10472.8856,10885.8540,10651.5209,13685.4637,6615.4354,13517.1436,7244.6511,12580.0048,9055.1011,4987.9604,11880.0206,10386.5636,11330.6139,12734.7000,9418.8266,4291.1001,3587.3807,9162.6224,2173.5847,12156.0897,1393.4847,6692.7537,386297.9246,394766.6203,380649.0493,382242.8875,382263.4956,383307.8760,390625.5465,386653.5787,173070783.8189,173075867.5406,173060065.9279,173055988.0325,5936.0808,11701.9660,10672.8096,9943.9030,10347.1884,11005.6263,10724.0551,5598.3773,9341.0375,13136.3804,8442.3255,5515.9379,12843.5569,8106.7709,12121.4072,7962.3794,7938.3035,0.0000,11068.7563,6803.0793,8794.0088,9517.2414,8950.2939,13395.7978,7931.2760,13271.1501,5734.0007,11245.7194,8251.3400,5969.4705,10138.0325,8398.7038,9398.7829,12955.4988,7049.0104,6196.2286,4651.7274,10622.3516,4558.3684,12837.5806,2364.5200,8614.1013,386059.9917,394420.3764,380383.2091,381975.9106,381925.2070,383024.2015,390385.6395,386368.2547,173071093.0898,173076176.2237,173060375.1279,173056296.9803,12144.8872,10382.6358,10103.5162,12573.7880,12553.2666,6941.6465,416.0019,12639.7866,10612.5799,6671.0720,6984.3128,10080.5832,2662.8851,13609.6464,8513.7400,11635.6465,0.0000,13658.7974,7945.3198,12345.0137,10940.3358,12483.0270,12799.7412,4044.1725,12443.7617,9833.9550,12613.1095,8633.6397,3504.4648,12469.2809,12351.7026,12189.0688,11040.4898,11601.6449,1655.0030,3124.8537,8115.9068,1489.5239,10084.0887,4732.5804,3463.5169,388570.5220,397073.4001,382925.7617,384526.4096,384595.2528,385579.9686,392853.6016,388945.1910,173072904.2235,173077988.5242,173062186.4128,173058108.7514,2933.3758,3654.5962,11093.4936,11015.3693,8285.3045,12105.1453,10308.7039,8967.5562,7448.5600,8420.6502,9978.6777,11338.8573,8053.0794,13542.6204,11467.4243,0.0000,7553.6911,7229.7563,6514.6427,12688.7736,6555.2500,7961.5523,13174.5347,9024.5887,8157.0276,10955.9298,13580.3443,13156.3833,11139.3320,7711.8972,11358.3819,10273.3376,9384.8504,12804.7322,13220.5166,6351.2706,12252.2824,9962.7978,11282.6784,12024.6231,382971.6111,390930.7247,377143.7227,378789.3371,378700.8443,379628.7422,386892.9128,383132.2466,173074169.4962,173079249.6278,173063449.0356,173059372.5948,1293.7428,12500.2076,12447.1174,6428.8901,10328.6046,11720.3362,9300.8588,4761.6751,6504.5118,10153.6149,9458.3639,10168.5999,13631.2201,12419.6823,0.0000,9658.1849,5214.7295,7688.4793,13486.6825,7828.6314,9573.6491,12105.6843,10397.5994,7713.3314,12409.8285,13693.6551,12088.6832,12507.1358,8876.3313,12587.9757,10949.6910,10179.5461,11333.3348,11993.8084,4006.6490,10603.5482,10142.4081,9705.3593,10577.7966,382435.5139,390554.1704,376655.7546,378293.8368,378273.2744,379181.7572,386424.5308,382660.7847,173072399.3309,173077480.2144,173061679.1822,173057602.7539,12641.5779,12725.6112,6972.0023,9999.8149,11639.5245,10252.0495,4354.7038,5462.6115,11009.5765,9461.0290,10614.8698,13638.2609,12198.6107,0.0000,9796.2324,4086.5822,7203.1244,13604.5863,7385.7154,10445.9177,12164.4887,11224.4498,6726.0966,12729.8871,13731.9096,11929.2783,12619.6887,8413.9674,12585.3641,11757.0187,9649.6205,11145.7698,11658.2865,4519.5619,10182.7248,10998.6142,8920.5582,10724.0419,381721.8970,389872.1766,375954.2587,377587.3477,377566.0924,378493.9963,385749.0688,381957.9096,173071322.9251,173076403.8647,173060602.8843,173056526.3384,1437.4390,13375.0642,12567.4246,2671.0369,10174.5416,13744.2186,12668.4245,10025.5135,13147.8802,4376.0516,6331.8460,3504.1236,0.0000,4947.4847,12824.8563,8329.4464,3294.2203,8116.4591,7421.5460,11014.2756,7139.4818,10438.5821,1845.7250,6330.5469,10480.0251,286.9736,7333.0300,1411.5358,8410.5774,6707.0533,11871.1721,10987.4621,13565.5324,12113.8395,10009.1500,11950.3138,12225.2573,390894.5935,398750.1327,385059.0935,386683.9252,386450.6328,387557.5544,394948.9604,391003.3952,173079899.5066,173084980.7786,173069180.6601,173065102.6388,12891.5621,12593.3465,3969.1186,9108.7623,13742.7139,13100.7743,8929.6978,12874.9621,4029.2781,6282.0800,4822.1223,0.0000,5417.7459,13198.7832,9110.9028,3224.8117,8899.8001,6348.8210,10674.5567,5922.6668,11241.2345,419.0163,6206.8029,10432.1525,1688.7910,8277.8748,2770.3407,7182.7711,7847.2357,11791.9054,11137.7190,13264.9558,12256.8989,8913.3434,12439.7647,11809.8944,391736.9716,399587.5615,385896.7320,387525.8469,387306.3401,388387.5963,395761.2720,391846.0291,173080916.8393,173085998.2169,173070197.9460,173066120.0535,7135.0271,13663.8903,6619.1880,4679.6151,8295.9633,6863.3566,4679.5996,12149.8004,11832.1986,13771.3418,0.0000,12798.9741,7967.6254,12131.0005,12861.3727,12233.0501,9680.1912,7920.6924,9775.4044,11198.9384,12770.8440,11809.6389,8893.8176,13400.6350,12761.1557,13603.8463,8618.6108,13168.9507,7680.5988,9359.0801,2716.8798,8005.5784,6866.0472,9389.3103,5581.0178,387289.0801,395615.3291,381571.7955,383203.2414,383285.5300,384145.4352,391341.4995,387602.6692,173074844.1279,173079927.0531,173064124.9548,173060048.3804,12550.0549,10865.5194,6586.8053,6689.0626,10360.3339,2980.3857,13630.0871,8579.4448,11519.7416,0.0000,13592.5058,7698.4976,12153.9432,10983.2382,12298.4017,12947.0621,4353.0076,12616.6250,9541.2203,12665.3458,8714.0308,3621.2624,12455.3125,12157.9707,12142.1681,11284.4418,11387.7032,1887.1552,3048.8565,8180.0012,1151.6911,10363.1979,4338.9233,3861.1601,388258.6358,396762.7879,382614.9692,384214.6028,384280.2009,385271.0129,392548.9135,388633.2338,173072575.4089,173077659.6610,173061857.5944,173057779.9092,11527.0468,13130.8946,11410.9874,11554.8998,13463.0056,4880.9535,7617.0001,2175.4009,0.0000,3773.6019,11540.4279,6183.0352,5229.0056,5966.8332,8732.3447,11909.3718,8788.9215,8477.9205,4324.2806,7723.7014,10994.2054,2495.4119,4980.2049,1963.6294,10225.4409,4278.1056,12206.5406,11114.2130,13379.5109,11965.9549,11537.6542,11029.6180,12938.4786,388433.9315,396294.3997,382602.3556,384223.3569,383977.9680,385107.7324,392515.3503,388542.1044,173077573.5185,173082654.3711,173066854.5000,173062776.4688,10215.7383,12513.1424,1362.0696,8954.9396,8466.1085,10154.0548,12205.4754,0.0000,10475.6590,12169.2695,12427.4497,9913.8874,12362.9913,4384.2025,8920.5921,4044.2473,13447.6252,8809.0722,9972.7807,10285.1673,10329.4313,12678.6545,11033.9739,2659.3799,13128.1643,10322.6491,11448.7183,7943.6679,11402.3383,1349.0626,12950.3909,8048.5578,391562.2140,399606.5309,385758.6210,387405.4195,387375.1914,388256.8074,395481.4165,391763.5332,173080916.2362,173085998.4464,173070196.8487,173066120.1472,4191.6625,10550.1915,5878.4413,12768.0554,12647.8846,13048.4894,0.0000,12348.1447,3708.2277,9938.4487,13661.3639,10141.4192,11883.8324,9496.7592,12233.2172,7858.6705,13752.3211,12749.6776,9369.8963,13690.7866,10748.7028,13562.0456,11779.6403,11191.0477,8031.1173,9002.5449,3165.1358,7048.8750,10546.7722,6665.3301,7664.7603,383433.7315,391803.3810,377735.6188,379355.9213,379419.7210,380335.0870,387569.1977,383758.7275,173070726.1675,173075808.6330,173060006.9341,173055930.1691,12713.8157,7754.3416,12513.8933,11828.7790,10975.4607,0.0000,11301.0072,1497.9817,7819.9398,12764.5714,8080.4001,13101.7068,10140.1158,13432.2909,4388.1048,13236.7243,12028.8509,9081.0346,12537.1969,8400.5238,12086.2838,13379.5389,8441.5655,8220.1539,8130.9014,6977.4265,6445.0403,12706.7899,4008.2865,9277.3606,382259.4731,390611.5678,376566.7379,378174.1281,378175.3427,379183.5584,386483.9175,382569.7938,173069019.7405,173074101.9788,173058300.7918,173054223.4917,8503.8559,8902.1191,9310.3168,12031.3472,0.0000,10943.8746,12526.4789,12931.7554,9339.0181,12869.0148,5068.7319,7966.7935,4388.3412,13726.3182,8636.9184,9107.3535,9465.3358,10169.9116,13058.1764,10849.6157,2155.5921,13285.0787,9613.2557,10751.2224,8519.3083,10895.8034,21.6076,12729.8430,7312.6030,392548.2731,400630.4984,386758.2728,388400.8824,388377.1182,389270.0121,396500.4243,392764.0685,173081254.6717,173086337.2994,173070535.5835,173066458.7122,13468.2342,9587.8228,12828.7477,0.0000,13883.0565,8290.4937,12925.8388,11694.8740,13049.6639,11821.5913,4412.1449,11506.5595,10923.7468,12851.1694,9625.4344,5108.7215,13098.0229,13142.5357,13032.1517,9882.0969,12773.2257,3398.4114,5421.8410,6423.8886,4074.8889,8510.1716,6757.2959,2182.5172,388851.6482,397330.2382,383191.9823,384803.0084,384898.0987,385825.4160,393060.1941,389221.1793,173073954.8272,173079038.9853,173063236.6732,173059159.4077,9542.5628,6754.0175,0.0000,2862.9819,12155.8593,7302.6349,6997.4870,7054.4769,4588.6377,12520.9272,5101.0102,10482.5335,3916.1682,9495.2374,12424.9879,4566.2369,6998.3703,5349.5942,7442.2678,7698.3373,13284.6603,12976.8232,11865.9520,13440.3082,8881.2362,13115.2703,12868.9691,388943.3848,396701.5275,383067.3101,384709.5976,384485.7620,385520.5482,392867.1294,389018.3951,173079960.8264,173085041.1019,173069241.0554,173065163.7340,6343.7682,0.0000,10224.8642,12559.3800,11602.8334,3309.5775,11541.3554,10091.3450,5996.3122,9244.5414,11381.3226,6416.4591,340.6064,5338.3074,6225.8171,10754.1977,6039.6981,8475.4988,9387.7906,7225.7646,6197.9802,12980.8796,8114.8849,9305.7401,9409.0919,8173.8232,393260.5377,401431.7417,387523.9001,389130.3327,389017.4272,390108.9053,397473.2142,393496.5730,173078933.6981,173084017.1878,173068216.0401,173064137.6794,0.0000,5783.2718,11384.9778,7030.1068,4596.1198,6888.2039,10040.8574,10935.9910,9896.5172,8229.1360,5222.1104,6522.2029,9733.0944,3224.6629,5716.7477,2129.1900,10836.8216,4187.9971,11096.6878,9715.6430,13679.3236,10802.1139,12016.6954,9892.5535,12267.4003,388896.5762,396851.2238,383097.9616,384709.3515,384483.7548,385635.5868,393053.6210,389040.6292,173076813.6818,173081895.1726,173066095.1261,173062016.8280,0.0000,0.0000,0.0000,0.0000,0.0000,0.0000,0.0000,0.0000,0.0000,0.0000,0.0000,0.0000,0.0000,0.0000,0.0000,0.0000,0.0000,0.0000,0.0000,0.0000,0.0000,0.0000,0.0000,0.0000,0.0000,0.0000,0.0000,0.0000,0.0000,0.0000,0.0000,0.0000,0.0000,0.0000,0.0000,0.0000,10934.2831,4837.7273,7877.0851,4552.2915,7049.4853,13290.3275,7671.9320,8486.6764,5522.8616,10272.8491,12753.9887,4990.5282,4426.9456,5225.4925,9769.3361,5444.9879,13538.2481,12942.4217,12035.3576,13238.2631,10923.5490,12172.7554,13632.2551,386599.3706,394370.4400,380731.2549,382367.2261,382126.0694,383196.8673,390568.5737,386675.8815,173077521.5122,173082601.4536,173066801.6814,173062724.2439,7384.7627,13213.4942,7648.8601,12640.0927,10910.4415,13105.8963,4520.4563,13307.4734,12736.1551,10062.2005,12717.8343,8203.8823,12356.2669,13228.6062,8633.4229,9183.9324,9276.4784,6229.0990,7592.3023,12518.3129,5440.8267,9833.6252,381606.1702,389910.5367,375895.1996,377508.9631,377505.7789,378493.4178,385782.2557,381898.7897,173069157.6754,173074239.5012,173058438.3935,173054361.3137,10389.5381,309.9982,10274.1529,13423.0749,10966.3671,4258.7906,9302.2267,11764.8793,12421.1407,8230.9677,1489.7888,7870.3135,12449.9588,3529.8195,12731.3242,12021.8834,10667.8586,11685.9445,12914.3263,9524.4352,13395.6059,382706.8890,390637.6818,376888.7526,378513.2741,378323.5330,379401.9057,386772.4932,382844.5698,173072717.9382,173077798.0267,173061998.1463,173057920.7422,10246.2106,8461.2336,8693.3991,7721.5787,11371.2346,3417.1751,3251.2058,8216.6924,3235.2603,9415.8697,3359.1139,7889.8608,8302.2650,9897.0905,8960.6723,13630.3147,10533.8995,9328.2000,11139.5426,10412.7186,392922.7665,400916.1744,387130.9781,388747.2840,388564.4516,389668.0639,397049.8919,393087.1654,173080275.9288,173085358.3636,173069557.7443,173065479.4907,10114.6435,13471.7614,10809.4662,4534.3129,9090.5783,11698.5946,12488.0411,8022.2575,1369.4790,7679.0103,12340.7105,3492.5526,12835.8171,12120.8852,10802.9692,11831.6035,12851.3208,9724.8305,13474.3658,382889.3889,390805.9636,377066.9969,378692.2379,378496.7040,379576.3985,386948.5316,383021.4067,173072989.0426,173078069.0893,173062269.2375,173058191.8269,11233.8549,1354.8013,12574.0419,6012.4218,9936.1967,11947.0426,7638.6354,10372.0821,8539.9254,3833.0639,11078.3988,12461.0562,12899.9749,10022.9411,13140.1822,5047.6027,13792.2604,11016.8160,390696.3297,398538.1444,384835.5336,386486.5904,386348.9329,387290.1680,394566.8582,390812.3585,173081563.9760,173086644.9499,173070844.1788,173066767.3120,10493.6574,11971.6539,10668.9490,5984.0157,2227.2419,10956.7970,13166.7107,10897.8399,8612.4829,12276.7123,2596.6550,3756.1359,9817.2297,4671.5119,7973.3683,7802.3233,2645.8404,392281.7141,400692.3449,386608.5178,388214.7945,388248.7659,389237.1856,396517.4651,392620.5735,173076820.8961,173081905.4262,173066103.2982,173062025.4757,13024.7360,5556.4384,9057.3085,11310.5732,7360.5988,10928.2366,8293.0449,2742.3886,11385.5015,11946.4305,12386.4215,10451.6959,12812.4257,4368.3302,13742.1350,10474.7896,391873.5953,399744.6036,386023.0668,387671.2444,387539.9243,388487.5991,395767.0970,392001.0831,173082200.8007,173087282.1711,173071481.2725,173067404.2658,11465.3905,11614.4711,10594.6305,10272.8273,4590.5022,9654.4175,13722.8474,4666.9310,10537.4171,9710.0950,9780.8208,8943.8639,13713.7121,6023.2874,11842.5378,381897.8354,390058.8074,376153.1077,377761.9599,377651.2345,378732.9334,386094.4719,382126.3538,173069824.5293,173074905.7279,173059105.3445,173055027.7534,6322.2652,10513.5086,2101.5016,8519.5137,3184.3397,6849.1752,8161.0442,11848.4130,11267.2535,13179.8055,12365.0014,8620.4280,12624.5841,11758.8313,391906.0354,399751.6729,386063.2285,387693.9036,387477.5251,388550.7400,395919.0363,392013.7977,173081189.1714,173086270.5448,173070470.2410,173066392.3980,5452.4238,6238.6979,10929.6694,6112.2204,8245.5474,9605.6410,7326.6397,6385.5880,13003.7796,8287.6392,9102.9841,9656.0131,8155.5870,393503.7249,401668.9105,387764.6384,389372.1465,389259.7604,390346.8689,397708.4100,393737.7756,173079239.8399,173084323.3386,173068522.1709,173064443.8311,10367.5804,12044.6645,10086.2111,9848.0616,10904.3921,2004.2694,1669.4738,10311.2400,3368.8733,9467.9104,6153.1163,4142.1567,391156.2954,399572.4701,385490.0289,387089.4202,387099.5897,388130.5350,395440.3984,391493.7294,173075405.7000,173080490.0841,173064688.2026,173060610.1519,7203.2096,1125.7588,8587.7240,6506.8710,11769.5691,10841.4944,13578.3383,11979.5146,10153.7386,11773.5760,12193.7603,390785.1448,398649.4180,384952.9363,386576.5421,386343.7474,387454.9186,394848.8679,390897.0496,173079679.8451,173084761.1498,173068961.0344,173064882.9825,6719.6642,12395.1278,2200.4387,12573.4551,11652.5739,11549.5884,11590.7197,13040.7751,9484.4126,13433.2706,383634.1229,391556.9000,377817.3868,379438.2077,379229.2854,380334.7660,387724.1461,383766.9660,173073276.4871,173078356.7384,173062556.9285,173058479.2947,9391.3420,5739.1986,11515.4754,10409.2951,13710.6161,11576.1919,10834.0827,11165.8226,12217.3739,390282.7053,398176.6644,384462.0745,386081.0546,385848.2067,386976.7244,394381.3269,390404.9073,173078793.3294,173083874.7228,173068074.6390,173063996.4715,12552.4930,10395.3689,11147.3382,9974.2990,11630.8044,2141.8187,13224.1222,8549.2123,393201.1023,401196.8265,387387.8828,389030.9601,388955.7096,389883.2202,397142.1462,393380.0483,173082299.0274,173087381.3333,173071579.9395,173067502.8752,11654.6034,10417.6583,12292.3309,10665.1693,13269.2696,8576.1068,12917.9016,384764.6222,392746.4779,378971.2710,380583.2917,380376.1818,381513.1173,388920.8481,384919.0130,173073312.7593,173078393.5877,173062593.6859,173058515.7172,2210.7985,9131.5537,2179.7204,9617.5555,5593.2241,3065.8560,390079.2545,398558.3059,384428.9658,386029.0571,386080.9596,387079.7179,394364.0217,390443.8657,173074228.3630,173079312.8482,173063510.7479,173059432.9226,10441.4770,2325.0193,10752.3457,4780.3092,5101.5563,389875.6569,398326.2857,384222.5371,385816.8953,385828.6150,386877.1456,394197.6268,390225.0768,173073830.5393,173078914.8796,173063113.0761,173059034.9512,8843.2661,8516.0955,9195.2194,7705.6505,384748.3796,393026.5246,379015.5767,380649.2971,380710.5245,381577.0906,388781.2422,385041.3286,173073164.3862,173078246.5525,173062444.7852,173058368.3566,10897.0868,3517.7031,4727.3475,388072.5637,396563.3523,382427.8007,384024.3786,384069.5857,385086.2488,392382.9310,388439.7822,173072292.7355,173077376.9044,173061574.9935,173057497.1569,12725.8727,7321.1223,392537.0703,400618.4219,386746.8165,388389.4478,388365.2296,389258.3640,396488.9934,392752.4955,173081251.6110,173086334.2318,173070532.5200,173066455.6485,7804.6995,385120.4030,393556.8801,379462.1730,381056.4722,381058.8267,382114.5244,389442.1929,385461.9030,173070029.9069,173075113.2279,173059311.8266,173055233.9569,390882.8813,399318.8736,385211.1918,386823.5482,386897.4739,387834.8336,395078.4207,391235.3377,173075941.1443,173081025.4810,173065223.1724,173061145.7585,22983.3632,8812.0718,6798.0918,15293.7404,13152.6069,14632.8788,8583.9179,172751888.2087,172756897.7223,172741121.8519,172737067.5149,20252.8373,20117.7149,15541.4781,14796.7322,15102.6862,15112.7540,172756457.2111,172761458.7589,172745686.6898,172741633.4287,2410.5168,9715.7070,6590.0501,13371.2638,6529.3375,172760261.2778,172765269.8863,172749494.5288,172745440.2006,9738.8188,7770.9372,13572.6302,5382.9250,172758001.4426,172763010.1284,172747234.8254,172743180.3585,8841.2431,17362.0086,8336.6024,172761148.8354,172766155.2395,172750381.6654,172746326.6092,9738.8188,6442.9759,172761625.4258,172766631.7919,172750857.2698,172746803.5735,10941.1962,172756106.9267,172761112.3144,172745337.3992,172741285.0411,172755903.3722,172760910.2961,172745135.8031,172741081.6173,61735.5618,40720.8965,28352.1533,36597.1009,44041.2911,29143.3889,
3900.000,9875.3676,11518.6469,0.0000,1606.0647,12960.0271,11677.1224,8277.4620,12970.3381,10789.0343,11283.8750,11157.3292,1850.1030,3233.8783,13653.0209,11276.9732,2301.0018,12263.0803,13100.1123,11804.5713,10749.5594,12725.5356,6826.6914,8045.4262,3219.4414,0.0000,6467.0127,12121.5711,7593.3811,3210.6060,7072.9560,10173.9384,12235.6268,10002.1261,7357.3789,5729.1178,8309.6361,9711.0986,2798.7911,4079.8633,2851.2646,11132.3206,3063.0029,12569.0805,10226.9069,13160.2328,12411.1292,12124.1301,11232.3331,12138.3653,389562.3310,397495.9410,383985.1471,385732.1979,385163.1634,386386.6018,393745.3603,390185.6223,173073992.1074,173078692.2023,173063009.7772,173059027.1765,4807.7758,0.0000,9340.5137,11901.8096,13030.3123,12952.3463,12008.0598,4015.7932,6755.1394,9075.3328,10314.2876,9477.4921,9500.6080,13315.7024,8228.1814,6157.4239,9364.6818,10994.5881,7318.1492,12339.0852,3972.3475,12058.4534,11762.9179,0.0000,5311.2217,10086.0095,7967.5535,11179.8610,7878.6831,2791.1265,11278.6615,4121.2246,11616.6856,6863.1604,11185.8181,13047.8676,9925.1611,10096.6889,9307.1764,5932.3378,10984.0899,12118.5165,13549.7019,8679.6194,12539.5432,6988.0119,12910.2738,12093.9197,388668.0477,396569.1548,383054.4920,384829.8838,384389.4289,385399.1424,392597.8467,389292.4179,173075794.7988,173080494.2893,173064811.0808,173060830.0479,0.0000,11625.4910,9586.8771,12380.4038,13478.3374,9880.9462,7632.2534,9439.7348,11257.4195,11203.6125,9984.0086,8113.4816,11876.0627,10438.8486,1767.3554,9704.0755,11917.2840,3411.3966,10203.5983,7005.5657,10252.3689,12347.9975,0.0000,9319.3122,11264.0972,11498.9075,11477.6899,11463.1522,2661.7086,7993.2252,2448.0799,13573.9265,7418.0644,9006.7382,11453.1795,10492.0146,12676.6268,10089.8501,1656.4585,12870.2203,9587.5030,12288.6258,9079.8767,10832.1619,2459.2085,12854.1042,9432.5614,391415.3189,399521.1849,385862.3909,387630.9041,387284.2865,388258.1698,395422.1760,392122.4558,173076463.8605,173081164.9722,173065480.8955,173061499.7748,0.0000,0.0000,0.0000,0.0000,0.0000,0.0000,0.0000,0.0000,0.0000,0.0000,0.0000,0.0000,0.0000,0.0000,0.0000,0.0000,0.0000,0.0000,0.0000,0.0000,0.0000,0.0000,0.0000,0.0000,0.0000,0.0000,0.0000,0.0000,0.0000,0.0000,0.0000,0.0000,0.0000,0.0000,0.0000,0.0000,0.0000,0.0000,0.0000,0.0000,0.0000,0.0000,0.0000,0.0000,0.0000,0.0000,0.0000,0.0000,0.0000,0.0000,0.0000,0.0000,0.0000,0.0000,0.0000,0.0000,0.0000,0.0000,13396.2462,11892.3167,8463.1544,13366.3909,9881.3743,10370.6513,10308.4198,3421.5079,4513.5053,13578.3678,11865.3948,1992.7320,12455.1035,12673.0327,11344.6693,11323.9869,13196.1454,6356.3496,9329.2089,4546.8786,0.0000,5281.5929,11541.1605,6264.2410,4767.1436,5693.3400,10069.0605,12962.4110,10120.6995,6765.1602,6230.2791,9561.2307,10619.4754,4226.4969,2973.0035,4051.1087,11463.1475,2842.5048,13148.6249,10965.7637,12700.3289,12821.9829,12469.3636,11276.6865,12821.4762,388371.0418,396253.0459,382776.4909,384527.2926,383945.2468,385161.4461,392516.7806,388974.3669,173073580.6951,173078280.2677,173062598.0219,173058615.5887,4811.7019,8646.1836,536.1853,11670.7436,10626.5021,10013.4840,12537.2722,12416.7830,4708.2984,3999.8050,13552.9030,8237.0567,7018.7972,7733.9866,8988.0347,894.5160,13229.7675,8215.2956,11625.7745,0.0000,13699.8975,8229.3324,12827.0837,11733.7646,13073.2308,11291.4998,3599.1584,11015.4111,11135.1499,12643.4146,8628.6815,5586.6506,12390.1863,12986.0858,12688.5175,9396.0549,12505.7057,1269.0240,5473.4111,7397.3262,1946.6976,7862.4157,6196.5515,2245.4946,387414.2453,395948.2767,382002.8049,383739.7421,383499.6788,384535.9939,391733.7011,388282.2183,173068332.7875,173073035.5562,173057350.9595,173053369.2395,4798.9230,4361.5301,11753.3901,9837.4310,8029.1860,11713.6808,12301.6836,6846.6062,2880.2849,12743.1444,11496.8828,6791.6444,5028.6893,12044.3444,4151.8974,13680.7106,9051.8031,10142.7426,0.0000,13023.0039,6303.8766,10822.9631,10935.1609,11137.4042,13256.8647,7597.5537,13229.8602,7595.1042,13459.9723,10181.7208,5368.2410,12029.5297,10575.9459,12453.0357,12361.1844,10141.6153,5230.9438,4017.7338,7587.7987,2970.2628,11332.1084,1594.3240,5746.0777,384160.0258,392644.4238,378741.1346,380471.2494,380162.8234,381277.3725,388537.1675,385002.3034,173065368.3406,173070070.2808,173054386.3822,173050404.3543,8355.6293,11845.8313,10230.4201,8266.1324,8623.8596,9809.7409,10269.7617,5545.9840,9835.2984,13173.1211,9358.5049,6548.3855,12910.5453,8007.9795,12282.4911,8380.3375,6647.4202,0.0000,11067.1343,7814.7141,8697.1849,7962.1759,8820.1221,13487.9282,10119.8782,13462.7027,4030.4510,11887.7933,9787.6184,5907.8572,9328.1817,6852.7882,9849.2273,13331.2050,6074.0917,8612.1586,4883.9262,10010.4255,7045.7240,13008.1093,3965.6848,8650.4952,384490.3455,392793.5923,379025.3488,380754.3935,380324.9058,381529.2111,388862.8406,385256.4699,173066459.2967,173071160.4172,173055477.3314,173051494.8296,11602.1994,10424.6467,9694.0346,12609.9642,12560.0950,4600.9948,3802.9883,13593.3590,8562.1759,6723.9111,7308.2224,9384.8674,780.1820,13343.1113,8453.6550,11634.9857,0.0000,13676.9107,7851.8654,12633.5942,11817.1819,12899.7942,11516.5694,4105.2054,11291.0432,10840.4070,12851.3580,8944.8134,5631.7349,12511.3205,12838.4773,12816.3171,9746.7233,12391.4588,1666.6458,5361.1981,7159.8035,1559.1590,8239.0533,5744.7188,2637.7380,386902.6741,395437.9278,381491.8684,383228.3237,382986.4439,384026.1702,391226.5872,387770.7095,173067869.1213,173072571.7985,173056887.2512,173052905.5356,3066.8381,5763.6306,11690.4736,11447.3931,8387.6468,12897.7365,9526.7282,8302.8046,6911.9162,8370.0103,10202.8237,12030.5751,6643.2036,13532.3761,12531.3802,0.0000,5601.5921,7176.2476,5839.8294,12486.4139,6078.3014,6519.4031,12267.3543,7750.5522,9881.3277,9785.2965,13154.0842,13365.6472,11679.9644,9418.0359,11216.6227,8913.4944,10783.1078,12231.8882,13371.5705,6248.2430,11934.1788,9233.9923,11280.5039,12489.6964,384675.5992,392605.5070,379069.8286,380843.5984,380412.2097,381423.0150,388623.0435,385309.5396,173072194.4874,173076893.3752,173061210.3782,173057229.5322,2859.5912,12282.7973,12418.7692,7263.6898,11546.0590,10575.8348,9624.2227,4754.1678,5694.7048,11627.5338,10868.8447,8881.9086,13625.3554,12509.6912,0.0000,7184.7274,4383.6907,5293.9805,12837.6057,5817.6020,8891.6206,12087.4921,9921.6207,8273.1302,11527.4052,13637.7555,12552.2442,12488.7741,9080.4696,12217.3541,10584.2296,10455.9200,11378.0869,12186.4057,4351.3076,10531.4232,10433.8290,9149.1117,11814.1824,382381.0741,390413.3700,376808.1925,378574.4705,378167.5392,379194.5061,386404.4989,383052.6874,173069170.7567,173073869.7830,173058186.7609,173054205.8394,12204.8943,12708.5418,7396.6088,10185.9071,11008.8220,11190.1623,4326.9275,3366.6174,12872.0225,10045.8424,10507.1247,13284.8036,11859.5461,0.0000,8460.1156,2388.8110,5226.6627,12534.3866,5862.4346,10934.6992,12066.2002,11750.1379,6363.5426,12603.2128,13688.3542,11517.2683,12617.9164,8380.2305,12531.9984,12149.3107,9617.2577,10802.0872,10816.5025,4532.3803,9423.0501,11794.5798,7032.9018,11310.3424,381007.9266,389124.6019,375465.6332,377222.3626,376817.9653,377885.2429,385123.6130,381709.0288,173066838.4340,173071537.7011,173055854.7378,173051873.5429,1848.5268,13726.0998,10860.0237,3342.9168,11866.3189,13619.3175,12512.6122,9911.0717,12299.7287,7296.9677,6642.4965,2566.1180,0.0000,7713.8094,12896.3135,9128.8000,1664.8231,8649.9639,10107.4455,11387.1025,9680.5782,8519.0115,5162.6307,6824.8756,8923.5618,1183.4192,5757.2334,1732.3615,10562.7863,4388.8529,11982.5708,9697.1614,13681.1471,12103.4241,11556.8447,11506.4199,11426.6463,391102.4899,399090.1064,385542.3344,387286.6725,386737.5534,387958.9128,395313.9278,391747.3964,173074764.7905,173079465.4793,173063782.8039,173059800.0771,13504.4504,11253.6656,3562.1243,10751.1965,13732.5736,13108.6046,8518.5362,12290.9972,6420.4835,6355.1652,4095.2377,0.0000,7665.2483,13349.6695,9801.7952,2649.9636,9324.5011,8882.7503,10825.6668,8301.7377,9827.0416,3559.6831,6026.1796,9221.6940,728.4094,7074.9023,566.6855,9218.9211,6000.1374,11814.0296,10217.2970,13688.3262,12269.9537,10395.1487,12266.0339,11199.1110,392384.1663,400365.1794,386818.5816,388566.8791,388034.0003,389226.9559,396560.5792,393028.7591,173076199.1294,173080899.9956,173065217.1251,173061234.5275,7727.5839,13582.8353,6917.5408,3396.0162,6188.3496,9280.1627,5334.6674,12005.4428,11307.5919,13380.1020,0.0000,12104.5826,5751.4586,11105.9441,13469.7001,11488.5653,9627.2548,6812.4661,9920.1887,11159.9351,12797.0818,11306.2757,9366.4195,13600.4886,12882.5169,13615.7310,8761.1422,13156.7857,5781.8033,9112.6594,3347.4633,5571.4560,7265.3160,7419.9838,6528.4732,385136.5804,393531.0466,379672.7529,381425.2729,381177.8695,382151.8423,389308.0795,385953.5352,173068476.5593,173073178.0357,173057493.6875,173053512.6526,12491.5013,10920.7664,8678.4905,7568.8267,10776.2693,3150.2914,13602.6790,6793.5745,9251.9362,0.0000,13581.2221,8659.5211,12185.0652,9785.8331,12364.5564,12964.1856,5732.4876,12629.4772,8993.1868,12591.2661,8020.8757,2828.7045,10999.6129,11195.8195,11524.0100,11481.3622,10301.6000,3672.3834,1751.0808,9299.6463,2430.6271,10464.6728,4212.5059,3771.1853,386888.0439,395409.5931,381483.1787,383209.8828,382907.9251,384032.3056,391297.1390,387745.1944,173067111.8342,173071814.5330,173056130.3865,173052148.0979,11456.8930,12997.8351,12207.0275,10123.2451,13462.6512,4796.3790,9202.9460,5367.2896,0.0000,4694.8633,12231.7329,7042.0701,4926.1185,6450.1657,8689.3319,12684.5371,8668.2032,8391.5106,4453.6809,9040.5511,11082.5763,3597.5955,4758.3616,3023.3566,10219.1142,4708.0792,13255.9806,11665.7970,12893.1416,13258.0354,11470.2736,12303.9537,12866.3530,389830.8434,397681.5439,384223.7246,385979.4122,385403.1447,386594.0424,393930.9489,390424.1906,173075362.1068,173080061.7556,173064379.3803,173060397.0660,9012.8836,11403.0853,3468.9224,8926.6906,8457.0363,9960.3763,12689.4791,0.0000,10491.4258,10824.2229,12134.1470,11917.1000,12170.9153,4358.1379,6696.9016,4074.0472,13682.9234,8596.7961,8823.5330,10724.0158,11193.4201,13279.9320,10915.6391,2258.6367,13362.4047,8278.7191,11513.7498,8445.4322,9663.0662,1198.1663,12136.8503,8188.3858,391086.7650,399287.2682,385562.2362,387326.8508,387019.9936,387982.8775,395135.4290,391831.2623,173075378.0756,173080079.6363,173064395.2952,173060414.1834,3652.4207,11296.6439,7313.6524,11732.5079,12634.8117,13203.4202,0.0000,10870.3679,2662.2449,8880.4855,13597.9099,9396.7675,10415.9853,9460.2376,11038.7520,9240.6726,13248.9574,12867.7353,10484.9416,13742.7110,11361.1560,13717.4598,10591.4466,12058.2171,8081.5543,9879.3657,966.5502,6999.1240,9571.1091,6605.7419,8807.3664,382437.4837,390734.6879,376944.9336,378699.6886,378400.8796,379401.9729,386583.3529,383213.7203,173066943.5652,173071644.0127,173055960.2189,173051979.2350,12894.9464,7596.0304,12298.3822,12110.6949,11578.3293,0.0000,10756.0109,1555.3439,7677.2667,12392.5406,8217.8826,12216.4099,10437.9668,12728.4611,6332.6142,13525.8167,12818.0586,9459.8284,12928.8918,9413.9818,13058.7970,12523.8717,10021.9395,8593.3359,8452.0595,4467.4915,6768.4949,11752.6259,4060.0358,9226.2396,381212.7370,389509.3383,375728.5324,377473.8973,377124.3839,378202.4828,385442.7846,381983.1147,173065176.2241,173069876.5189,173054193.1421,173050211.7016,9470.4052,7934.5745,7705.0032,10923.9796,0.0000,10566.0209,12632.8757,12776.4800,9822.8076,12649.7505,4867.5560,6322.0365,3661.9783,13779.9904,6530.9034,6173.6770,9690.9629,9021.9930,12774.7515,8798.5971,1795.1764,12409.5165,8539.0421,10883.6327,10907.6291,10213.9533,2624.3416,12754.6512,8050.5705,393595.6966,401780.3879,388072.7935,389831.8088,389484.5146,390500.6950,397693.7465,394331.2978,173077073.1717,173081775.1992,173066090.9502,173062109.3389,13455.4096,7924.6201,11222.6859,0.0000,13807.0441,8252.3272,12776.0444,11424.4189,13016.6276,11788.6633,3944.4126,11496.8411,10722.1368,12769.3792,8526.9654,4945.4578,12213.6104,12708.0339,12566.5293,9961.0636,12140.9856,1287.0801,4686.1410,7777.9336,1193.7638,8524.8615,5616.7300,2178.6261,387217.1744,395761.6178,381811.1636,383545.2694,383296.9332,384351.3817,391562.4909,388087.9345,173067882.2560,173072585.0641,173056900.5341,173052918.6902,10827.1969,9273.5163,0.0000,3467.0468,11771.0425,7492.4306,8514.2212,7080.6352,4613.6327,12165.9813,5059.7983,10777.0816,3897.0938,10006.7193,12645.3787,6902.7422,8024.7761,6120.5475,7276.9748,8666.6774,13143.5942,13320.4270,11282.7927,13532.4183,8825.5355,13440.8978,12881.0459,390191.7802,398009.8403,384562.0778,386332.2491,385811.4241,386900.3553,394161.2979,390779.2615,173077049.2027,173081748.6184,173066065.8578,173062084.2635,5912.3201,0.0000,12079.2708,12764.0287,12773.7546,5290.7900,12592.5187,10803.4915,6215.4340,9901.3236,10816.0214,8077.5983,1876.1421,4129.9787,6233.4855,10445.1815,6849.0288,9110.6042,8943.0177,7179.8005,5702.3404,12834.8807,8121.9563,9125.8245,9768.2923,6305.2150,392643.9036,400970.4721,387183.4348,388916.2327,388521.4519,389684.9541,396984.6631,393424.6446,173073331.6302,173078034.4398,173062350.5429,173058367.8200,0.0000,9180.2106,12251.9787,9441.5126,1693.4891,9080.4496,11645.8054,10914.0796,11229.8051,7320.0300,7368.9100,6791.7287,7335.2437,3404.9391,5650.7345,4170.8986,11703.5158,3705.1388,11046.5103,7890.9101,13444.1945,10859.3752,12310.5523,9910.8541,10521.2946,389931.3716,398024.1357,384406.6914,386142.5154,385615.6693,386858.3262,394226.0977,390615.3161,173072542.6010,173077243.6715,173061560.9028,173057578.0012,0.0000,0.0000,0.0000,0.0000,0.0000,0.0000,0.0000,0.0000,0.0000,0.0000,0.0000,0.0000,0.0000,0.0000,0.0000,0.0000,0.0000,0.0000,0.0000,0.0000,0.0000,0.0000,0.0000,0.0000,0.0000,0.0000,0.0000,0.0000,0.0000,0.0000,0.0000,0.0000,0.0000,0.0000,0.0000,0.0000,10220.1372,4398.8234,9029.4497,3919.8629,7187.6162,13494.1168,7936.6052,8575.6235,6569.6149,11756.0974,13045.2191,7856.6891,5834.8207,7235.8587,9863.8073,7207.1485,13811.2837,13319.7286,10538.0497,13596.7145,10992.6291,12392.9247,13715.9656,387023.9364,394806.2010,381385.6216,383154.2544,382602.5367,383719.8514,391004.3390,387594.5362,173074457.9027,173079156.5527,173063474.2214,173059492.6419,7300.9598,12933.1903,7882.4867,11494.9719,10766.4670,12146.1640,7099.8153,13373.8208,13270.8153,10434.9161,13243.1605,9722.1356,13269.7699,12053.1020,10560.6442,9156.6722,9588.8096,3314.8103,7593.3815,11319.0056,5506.5220,9802.7340,381127.0689,389376.3248,375624.7422,377375.9978,377027.3259,378079.2093,385301.3629,381880.7384,173065826.1332,173070526.1240,173054842.7590,173050861.5444,10033.4668,688.3059,10081.7665,13740.1440,10868.5747,5326.7606,9882.9793,13035.6502,12374.6951,9698.4842,4495.6556,9434.5715,12161.9342,6400.4608,13183.3406,12086.7668,8843.7936,12226.6700,12652.4214,9772.1374,13321.8890,383180.0762,391066.0931,377575.1050,379335.6571,378805.9545,379943.8055,387242.0208,383787.9941,173070084.1351,173074782.6473,173059100.4061,173055118.8114,9629.7470,10748.6201,10523.4906,10191.8800,8628.7181,6058.3353,5771.5857,7630.4750,1995.7228,6575.8306,2874.2063,10695.2028,4877.7354,11069.4840,8487.8912,13740.2328,11233.2958,11474.1853,10871.9473,10451.1954,391381.4879,399454.8112,385848.9084,387587.8950,387065.0462,388291.2963,395647.0689,392059.4269,173074106.7632,173078807.9885,173063125.0980,173059142.2420,9939.4067,13823.2949,10691.1044,5470.9864,9433.3159,12823.1483,12398.3576,9225.0260,4083.8079,8935.4474,12070.9804,6026.2727,13370.3516,12182.4685,9343.5851,12490.6665,12661.0541,10119.7705,13459.1887,383692.4326,391557.6827,378082.1674,379842.8542,379300.9259,380446.6176,387751.1829,384292.0038,173070621.1237,173075319.6294,173059637.4385,173055655.7792,9885.9799,1419.6439,12902.2281,5885.8842,9598.6491,12346.7906,9438.5559,11334.2828,8857.4253,3443.2297,11753.2397,11288.8853,13144.9161,9771.5903,12217.9703,4959.2330,13448.5231,11100.9165,391124.3206,399094.0419,385531.8960,387304.5045,386892.8868,387894.5669,395084.2471,391776.6923,173077261.7191,173081962.0509,173066278.4616,173062297.2866,9199.1955,12554.0426,10772.1105,6025.4217,5478.1059,10931.6317,13362.3933,11199.5757,7247.0793,12618.2690,2699.0928,6373.8994,9563.4504,4966.5968,5869.7828,8881.9616,2083.1442,390911.5943,399394.0705,385484.9579,387224.5105,386965.1477,388003.7565,395204.0466,391760.5729,173071678.2814,173076381.4656,173060696.7521,173056714.8631,13229.7447,5295.4419,8550.6570,11773.9640,8891.5508,11614.1989,8354.5298,2488.4044,11783.1294,10863.3244,12722.1222,10462.4447,12003.8355,4346.8749,13546.1437,10564.6954,392263.6487,400268.7428,386683.5655,388453.1298,388047.6710,389058.4650,396253.6519,392929.5043,173077776.3223,173082477.0815,173066793.3615,173062812.0271,11472.3869,11818.3819,9320.6396,9398.7405,4131.6817,9637.6753,13775.3655,4616.8156,11334.2049,8578.8749,9717.2958,9836.8980,13821.4716,6301.5203,11450.8676,382800.5453,390904.8072,377272.1556,379012.3075,378513.9216,379718.6889,387060.1967,383488.6464,173066996.7846,173071696.4903,173056014.0187,173052031.7924,7027.6145,10917.6318,4253.3910,8689.9931,3515.6811,6790.4071,8370.1835,12187.3265,11971.9146,12957.5142,12967.6980,8425.9204,13514.4054,11650.6005,393013.9503,400930.7356,387419.9907,389180.3024,388669.6411,389794.7960,397079.2955,393638.2520,173078071.8039,173082772.3522,173067089.3050,173063107.2058,5608.5544,6121.2159,11031.3920,6548.6899,7706.9682,9710.7428,7614.3724,7198.5810,12931.0608,8921.3085,7919.6004,10928.3553,6714.7778,393761.4702,402047.1603,388285.0215,390023.3826,389631.4301,390768.9887,398050.3726,394528.3576,173074936.8973,173079639.6685,173063955.6825,173059973.1138,8952.3835,10575.8936,9573.7012,10727.8073,9288.0659,4717.7311,1666.8544,10951.0952,4747.4572,10072.6671,6321.3243,4173.5032,389249.2446,397709.0991,383829.0572,385555.5605,385213.1497,386366.8776,393655.3442,390081.3145,173069334.8428,173074037.7073,173058353.6726,173054371.0970,6698.0225,901.8128,9745.1414,5468.4019,11783.4184,9891.8365,13747.1704,12132.3842,10831.3024,11953.2788,11175.1273,392027.1229,400019.9177,386466.7203,388212.8170,387675.9815,388881.2170,396223.7516,392675.3792,173075655.2138,173080356.0911,173064673.2689,173060690.5955,6709.4041,12761.1077,2099.7300,12951.9176,10461.7580,11531.8523,12104.2803,13413.9956,9629.9175,12819.5333,385495.3077,393420.5255,379913.7313,381661.8060,381092.3742,382311.8723,389669.2666,386114.0827,173070759.2998,173075458.5634,173059776.4175,173055794.0920,9403.0240,5733.6863,12129.7203,10506.5455,13662.7280,12514.9373,10616.9868,12349.9698,11546.3227,392080.3673,400035.6435,386506.9210,388256.3854,387713.4113,388908.2996,396244.2753,392714.7584,173076176.2397,173080876.9061,173065194.1303,173061211.5606,12691.1851,9179.8664,11746.0948,10074.1696,10657.7778,2039.7956,12950.7087,8862.9303,392656.9979,400793.1983,387115.9467,388880.5439,388532.2082,389524.5780,396701.3528,393375.0722,173077012.7442,173081714.2887,173066030.1265,173062048.7796,12286.5746,9299.1219,12300.2669,11557.8455,13308.1114,9374.4489,12030.7617,386803.4635,394793.6290,381245.3173,382987.1796,382426.6730,383666.7762,391037.0227,387446.6140,173070992.0347,173075691.9302,173060009.6219,173056027.0180,4897.5156,8429.5266,2370.3294,7737.3462,6664.2132,999.8504,388487.1077,397023.8861,383078.6228,384813.5659,384564.7950,385615.8725,392824.3111,389355.5625,173069027.6096,173073730.6253,173058046.0068,173054064.1203,10467.0537,4111.5188,10984.8918,4939.3371,4673.7620,387660.7928,396145.5413,382248.7156,383973.2244,383636.3706,384794.7632,392086.2658,388501.7010,173067742.8995,173072445.5899,173056761.6271,173052779.0906,7581.0815,9096.3382,7444.7219,9116.0058,382800.1321,391065.7466,377296.1884,379054.3683,378753.7008,379741.0620,386912.9361,383565.1623,173067680.2270,173072380.5572,173056696.7572,173052715.8754,9334.4855,4468.0784,3087.6515,386310.1414,394845.2113,380902.8919,382635.4315,382372.6517,383444.2050,390668.9168,387175.7835,173067061.6281,173071764.2238,173056079.8575,173052097.9559,12082.2930,7531.4901,391864.1007,400099.7462,386352.1163,388113.3733,387810.9886,388785.4675,395945.4638,392621.7225,173075560.7547,173080262.6771,173064578.2410,173060596.9728,7145.1122,383078.1953,391506.2342,377642.8372,379374.2697,379036.3648,380166.2033,387440.0000,383897.1063,173064883.3144,173069584.7505,173053901.1353,173049919.1161,389356.3243,397880.1823,383945.2338,385679.5802,385419.3327,386481.1266,393697.8981,390219.3441,173069754.5481,173074457.6789,173058773.0757,173054791.0763,23127.5603,8609.7849,6689.0694,15400.0092,13107.7063,14911.3666,8458.4734,172747842.0422,172752470.4208,172736812.5872,172732853.0390,20252.3559,19923.2803,15578.3621,14717.6459,15008.3369,15133.2085,172752472.9926,172757093.3856,172741439.4230,172737480.8733,2276.0850,9795.8553,6577.6006,13437.2760,6692.0390,172755975.3986,172760602.8483,172744945.5471,172740986.0012,9874.7808,7472.1751,13357.9951,5340.0306,172753768.9483,172758396.3890,172742739.1534,172738779.5237,8642.8699,17448.3833,8846.4029,172757125.6752,172761750.9306,172746095.4374,172742135.1336,9874.7808,6548.5665,172757438.9634,172762064.1710,172746407.7463,172742448.7725,10842.4144,172752171.2785,172756795.4264,172741138.6139,172737181.0230,172751401.3520,172756027.0978,172740370.6574,172736411.2762,61520.6779,40487.3156,28445.1331,36843.5261,43677.7561,28886.2995,
4200.000,9849.0606,12071.1385,0.0000,4287.7589,13023.9036,12032.0161,8105.5972,13065.0620,11341.4929,11331.2201,10996.8269,1542.1588,2265.9160,13368.3790,9538.9321,5135.5432,12377.8536,13265.8103,12505.2884,8975.4125,11407.7399,8766.6310,7921.8779,3321.7808,0.0000,9391.4621,12902.8379,9791.6173,2655.1959,9108.6405,11223.7756,12217.2482,10804.4675,6689.5441,7234.7018,8340.5332,8229.5290,2645.4080,3889.0088,3929.9756,11644.6053,2196.7553,12611.5952,9357.2820,13097.1122,12631.8394,12112.7969,11723.3202,10657.5544,390913.6811,398972.7457,385617.5014,387491.1288,386607.1082,387929.3424,395226.0580,392034.0239,173070098.1176,173074422.4889,173058857.6863,173054975.8439,5712.1890,0.0000,7580.8791,11264.9561,12985.2847,12734.5293,11428.8659,4119.4486,7985.6360,10952.5443,10716.9132,9583.9455,11189.2469,13534.3582,6040.0747,7253.0710,9623.8420,11047.7199,7237.4931,12995.8135,1628.4506,11465.6906,11518.6362,0.0000,4443.5755,10093.8866,7666.3542,11538.6895,7417.4288,3247.6019,10205.4332,3951.4457,11711.3607,4280.4168,9535.0565,13058.7795,9478.1129,10065.7355,7369.2250,5989.2171,10340.8753,11375.5401,13589.8422,10502.7262,12078.1255,7696.4712,12940.7371,12539.3631,390702.6098,398664.6605,385353.0500,387249.7265,386474.0094,387596.4926,394731.3836,391793.5117,173073017.5130,173077341.0535,173061775.6136,173057895.3010,0.0000,11588.3127,7390.1195,11152.2003,13398.5265,7727.7813,7468.7663,10285.3363,12191.6381,12240.7881,11087.7686,8447.2887,11934.9201,10374.7140,1775.9650,8989.7498,10805.3812,5398.8629,10178.1077,7006.9633,9484.2647,12195.7296,0.0000,9242.9168,9951.2123,11124.1962,12890.9371,11253.0731,2627.8907,5583.3849,2534.4991,13743.6355,7153.1543,7389.5646,11725.3132,10882.7715,13085.6444,9785.2622,1122.7347,12888.0896,7339.6847,12171.7601,9810.2456,8844.1255,2408.5054,11840.5958,9545.8839,390733.7893,398994.3715,385470.1268,387358.9586,386724.1973,387788.4784,394871.1256,391940.8681,173070747.1308,173075072.2457,173059505.7875,173055625.6275,0.0000,0.0000,0.0000,0.0000,0.0000,0.0000,0.0000,0.0000,0.0000,0.0000,0.0000,0.0000,0.0000,0.0000,0.0000,0.0000,0.0000,0.0000,0.0000,0.0000,0.0000,0.0000,0.0000,0.0000,0.0000,0.0000,0.0000,0.0000,0.0000,0.0000,0.0000,0.0000,0.0000,0.0000,0.0000,0.0000,0.0000,0.0000,0.0000,0.0000,0.0000,0.0000,0.0000,0.0000,0.0000,0.0000,0.0000,0.0000,0.0000,0.0000,0.0000,0.0000,0.0000,0.0000,0.0000,0.0000,0.0000,0.0000,13828.0507,12921.0858,9104.6113,13835.7499,8479.8729,8805.2294,9707.8620,5756.8884,5723.2364,13474.3779,11902.7526,2000.7066,12392.0572,12015.0376,11642.1153,10028.5994,13243.5809,6244.3274,10915.9234,7355.9079,0.0000,5845.4907,11626.8074,6726.8273,6325.0185,5812.1890,9995.3945,13344.7832,10029.9798,6706.1352,6365.1742,10562.3397,11024.3886,5934.5410,3381.5375,4852.9551,11474.7364,3883.3116,13748.9750,11721.4206,12130.9710,13645.2842,12437.5322,12291.0153,12862.2536,389711.9283,397585.4888,384353.6681,386239.0406,385319.5436,386604.0722,393873.0415,390762.5433,173071311.4685,173075634.5405,173060070.1202,173056188.7798,5200.4484,10205.3874,496.3749,10959.6340,10683.0198,10039.5921,12554.4551,12457.1288,3057.0945,7088.6140,13644.4904,5948.5044,7030.9586,7590.3600,9355.2912,4143.3107,12169.9785,8191.6536,11689.6326,0.0000,12597.6416,7709.6272,12199.1491,12298.8616,12663.8357,9380.9813,3416.9318,9349.0898,12215.1386,12145.7845,8681.4177,7865.4291,12387.1030,13460.2970,12853.3966,7580.7473,13232.9960,1261.6856,7429.4154,6876.8716,1853.7430,5881.2805,6612.5403,4726.5812,385786.1727,394314.8369,380609.3472,382482.2550,381907.2971,383014.0495,390128.9377,387092.2190,173063617.3506,173067943.0125,173052376.4380,173048496.0053,6204.6263,4773.5132,11702.6459,9442.8547,6868.4253,11525.8539,12284.3799,4048.1409,4658.9017,13492.6608,10182.4277,6560.2457,5063.0978,12225.6083,3812.1937,13447.9982,9307.5991,10675.3420,0.0000,12566.6182,6285.8927,10733.9901,10602.7540,11261.3886,12311.1105,7939.0045,12453.0174,8895.6424,13732.5577,11016.7129,6146.5309,12377.9165,11384.2144,13372.5074,11381.9409,11461.4965,5702.6594,4742.9332,5502.5905,3489.9592,10172.9037,1716.1269,5668.0177,382399.3726,390862.8242,377210.5221,379078.5933,378421.7250,379613.3628,386800.3461,383675.8716,173060614.5088,173064939.2544,173049373.4677,173045492.6786,9934.4364,11681.4653,8844.0095,5653.6325,7810.6471,9351.5598,9218.9581,5580.2710,10458.9706,13059.9952,9280.6724,7088.4950,12852.3774,7832.6030,12438.8178,9675.6527,7499.3046,0.0000,10937.6700,8384.0808,8599.1086,6388.1989,8699.2552,13468.0372,11643.1530,13554.4676,3217.3065,12572.0657,11608.2056,5887.8118,9622.8942,6409.7707,10917.0175,13450.3579,6715.5274,10332.8110,5202.5242,8353.3236,8854.2594,13001.0586,5126.2540,8643.8346,383307.7165,391533.9733,378058.7711,379926.7651,379110.8436,380415.5198,387698.1345,384489.6743,173062435.6358,173066759.4209,173051194.6544,173047313.2253,10962.0644,10488.6219,9711.9001,12600.2040,12578.6546,2660.4463,6927.7563,13714.0916,6338.0294,6757.8641,7214.9551,9718.6777,4009.2407,12317.3139,8406.6979,11738.7911,0.0000,12588.8681,7393.8433,12043.9369,12282.1014,12533.8203,9646.5370,3892.2730,9658.9084,12002.1441,12373.1698,9014.0171,7795.9237,12523.6582,13375.4386,13020.5231,7952.4728,13193.7031,1635.3283,7256.1067,6533.6453,1487.8317,6304.1464,6187.7603,4803.2682,385319.4465,393845.2554,380141.9549,382014.6795,381436.2726,382546.5324,389664.5335,386624.0865,173063228.8903,173067554.4485,173051987.9316,173048107.5018,4482.8789,8220.8230,12227.2678,11734.1088,9776.2605,13481.2883,7726.9595,8643.2331,6798.5297,8356.3262,10373.9875,12896.3012,4851.1624,13246.3750,12973.3237,0.0000,3111.7328,7127.1884,4925.1415,12525.9080,5164.5959,5829.9134,11160.1037,6978.5119,10706.5546,7944.1194,12084.2017,13468.8534,11743.7447,10151.0632,10124.1692,8197.8688,11038.4780,11494.4268,13485.7202,7799.2232,11497.1144,9316.5002,11293.7758,13083.6230,386699.2661,394624.1419,381336.0093,383235.2879,382454.5352,383566.4982,390694.5415,387774.9680,173070148.6676,173074471.2262,173058906.1181,173055026.1261,4121.9036,12061.3811,12334.8175,8581.5663,11870.8833,9075.8909,10846.0236,4808.2340,5108.1962,12715.3895,11779.5409,8265.7475,13611.2223,12647.0016,0.0000,5056.8395,4271.0149,2588.2155,11742.3299,3578.2070,9408.6588,12043.3011,10347.9356,8054.6059,10766.3263,13503.2638,12237.2209,12468.3797,8972.4542,11659.8694,10972.8914,10264.9023,11424.7054,11774.1221,5230.3390,10525.4504,11409.5768,8484.4886,12554.4404,382929.9714,390888.6001,377581.0853,379474.5066,378670.3118,379831.1572,387000.4889,384015.1280,173066206.7029,173070528.7891,173054964.0794,173051083.9143,11341.3117,12229.6857,7732.3323,9382.7115,10622.1139,12214.6722,5237.5316,3240.3498,13786.5038,9890.3917,11056.7207,12791.5468,11548.7916,0.0000,8292.7790,3996.7659,5031.8665,10471.3753,5757.6890,11938.1591,12071.6294,12579.1925,5809.0598,12688.2609,13660.1787,10069.2552,12435.4741,8368.1953,12529.2099,12700.7427,9557.3970,10750.2080,9197.0815,4544.4201,9177.8829,12564.3520,5424.8001,11070.5755,381028.2014,389114.7095,375724.2556,377607.0069,376806.6366,378022.5051,385235.9548,382159.2188,173062861.1874,173067183.6676,173051619.0171,173047738.4595,2084.7542,13121.8034,8544.9704,6529.4615,12335.4908,13502.4156,12625.9639,8852.4531,10568.5618,9781.0932,6837.1514,1819.5778,0.0000,10539.1812,13155.7838,10750.7409,1706.0648,10163.4954,11709.8204,11714.2153,11186.2354,6964.1690,7994.1029,7707.9162,7103.1249,2450.0029,4863.6454,4669.6902,11743.3007,3035.5584,12039.7195,8371.7554,13234.8342,12074.5279,11975.8862,11353.9467,9716.1105,390958.0368,399096.7121,385687.3025,387556.8048,386695.1390,388023.4752,395323.9298,392108.5471,173069288.5889,173073613.4150,173058048.4355,173054166.4764,13298.3260,9489.8892,5833.3274,11316.9332,13712.4290,13245.5690,7233.1286,10993.5935,8636.1326,6447.0842,3023.0223,0.0000,10152.5194,13550.2437,11074.5191,3734.1825,10452.3109,10448.0934,11109.4904,9784.7393,8504.5737,6327.9287,6467.8792,8007.6601,396.4983,6025.5906,2901.3471,10485.2493,4400.7115,11869.9901,9403.2537,13631.3999,12282.2365,10925.2921,12288.1745,9884.9491,392528.9378,400660.3264,387252.7670,389125.3377,388281.0888,389581.1337,396858.3235,393678.2415,173070973.1465,173075298.2022,173059733.0031,173055851.1637,7707.2421,13507.3371,7463.8381,4377.9786,4859.3042,11150.1724,5457.7149,12094.5345,10192.7273,12507.7934,0.0000,11551.7082,4972.8192,10462.9289,12645.8987,11116.1232,9907.8232,6158.9852,10257.5460,11134.1185,12835.3652,10793.5266,8783.9969,13302.6057,12906.2452,13586.7678,8950.0914,13099.2935,4234.9126,7915.7876,4032.3915,2872.6097,7718.8620,4921.1012,6745.9944,383266.3778,391703.1735,378059.9923,379937.0167,379330.1257,380438.2863,387556.9643,384536.2581,173062448.2108,173066772.8783,173051206.7264,173047326.4997,12595.4448,10950.3301,10263.3776,8827.3932,10842.9503,3245.5019,13601.7967,6040.3339,7196.5449,0.0000,13540.9908,9976.4317,12272.6723,7564.5422,12426.2360,12979.2494,8115.4764,12675.4520,8279.2227,12780.4555,8717.3954,1737.2004,9585.6356,10048.0923,11375.1760,11726.9219,9407.2831,6689.6264,450.2250,9418.0992,5665.4607,10578.6433,5321.0674,3732.6732,385607.0856,394105.9414,380438.8643,382298.6468,381605.0502,382865.9639,390107.4585,386895.7707,173062125.2456,173066450.9050,173050885.1022,173047003.6136,11366.9310,12090.0957,12159.7869,8838.7407,13533.9000,4564.6840,10816.2159,8039.1037,0.0000,5244.9641,11912.7349,7219.2970,7446.0911,6346.3357,8551.1022,12791.0265,8545.5612,8375.3484,4607.6724,9877.9734,11677.5679,5919.7294,5265.7493,3984.9151,10227.1396,5442.8322,13530.2126,12479.1770,12401.5640,13730.7599,11434.5700,13045.5592,12983.6532,390997.9684,398871.0723,385636.0072,387524.4811,386627.6739,387879.7561,395121.9018,392050.0858,173072739.2135,173077062.4869,173061497.8333,173057616.6537,8850.5554,10517.8996,5549.4902,8885.1419,8449.5193,8676.0916,12029.9448,0.0000,10434.9510,9835.2508,11866.1432,12853.2785,12063.4176,4341.7935,3928.2896,4069.0442,13814.6487,8279.7180,6893.7759,10850.4480,11113.2605,13499.3041,10437.2252,1886.5016,13192.8821,5797.4224,11233.6159,9514.4345,7524.3413,938.4347,11083.7065,8237.4088,390255.5450,398609.1887,385020.8167,386905.3840,386300.9901,387366.4035,394448.6691,391497.9470,173069427.8578,173073753.3925,173058186.7397,173054306.5150,2753.1763,12361.5068,9037.9758,10485.5070,12620.1940,13457.8501,0.0000,8739.0892,1328.9777,7180.5901,13064.9461,8048.2708,9384.4720,9273.4870,10212.3211,10124.8080,12325.8391,12761.2749,11117.1060,13774.0574,11790.4343,13441.8031,9785.9542,12569.2839,8086.9031,10311.4225,1349.6466,6976.6013,9428.2003,6193.0012,10183.3533,382016.4807,390223.5627,376737.8639,378625.4024,377942.7277,379049.0787,386170.5122,383198.1727,173063656.6220,173067979.8039,173052414.3048,173048534.3565,13217.4381,8289.0227,11584.1797,12305.9784,12492.8213,0.0000,9487.0021,1673.7361,7037.6217,11870.8447,7873.0540,11162.2966,10133.8694,11820.0489,8276.4286,13119.9602,13083.9087,9838.1018,13373.9989,10659.8019,13485.1928,11420.0847,11493.7267,8529.7445,8782.7657,1565.8102,6846.0804,10917.2422,4097.7667,9703.7337,380893.4374,389116.6136,375625.2887,377507.2303,376792.1472,377951.9200,385117.4990,382078.7174,173062037.2418,173066360.3600,173050795.1364,173046914.8606,10118.8577,7452.1219,6074.2626,8694.7066,0.0000,10599.8741,12914.9167,12615.3657,9941.0305,12361.6601,5734.5579,6556.6969,4480.5594,12998.2197,5029.9263,3027.9177,9886.0527,6909.2512,11468.0700,6273.5002,4375.7891,10548.6152,8643.6779,11047.5539,12764.6735,10272.0329,4973.5772,12942.4035,8650.5796,394027.1795,402311.9074,388781.5213,390661.1509,389971.6198,391124.7949,398279.3319,395241.0742,173072304.6330,173076630.6422,173061064.2811,173057183.2818,13442.2636,6331.3669,9318.2002,0.0000,13676.6684,9135.9231,12742.9648,9944.7327,13055.2794,11751.1659,5611.1765,11488.1400,10413.3544,12822.9266,8315.5088,4289.8707,10995.2029,12023.3416,12304.1581,10062.7222,11510.4335,3710.1665,3648.8826,8363.4230,2805.0163,8537.6964,5305.6635,2020.3704,385634.6147,394203.9764,380480.2823,382343.3937,381722.0735,382913.9451,390097.8839,386952.8880,173062197.6567,173066523.6177,173050957.3305,173047076.2677,11425.7325,10784.9362,0.0000,4022.1627,10780.3836,7428.0095,10691.3017,6968.5014,4627.8737,11076.2907,5019.0125,11084.8443,3463.3711,9597.3277,12979.6238,8553.9593,9015.3721,6255.9129,7112.2882,9278.4633,12206.0843,13615.1648,11241.9437,12816.0667,8774.5655,13291.1472,12919.1140,391162.9647,399078.5767,385802.7370,387698.5572,386885.2757,388039.0048,395200.0423,392235.1125,173073520.4887,173077843.9017,173062278.6869,173058398.1664,5472.4958,0.0000,13133.7552,12781.9146,13560.7217,7130.4044,13400.1994,10462.4400,6481.0318,9591.4814,10898.4210,9276.4176,3209.9163,4738.6416,6290.9418,10502.0276,7971.8324,8752.8635,9180.9981,7169.2684,6258.5707,12374.4818,8095.0237,7949.8718,10186.5800,4515.9112,391483.2786,399947.8972,386302.9105,388166.6327,387479.3480,388715.0006,395934.6420,392761.9129,173067529.8495,173071856.4576,173056290.1984,173052408.5863,0.0000,11636.2658,13150.4035,11649.3112,1965.3847,11188.7257,12056.4122,10859.1984,11450.1070,7421.9874,8866.6802,6974.5835,5620.5707,3233.3409,6162.1890,5809.4018,11646.7651,4441.3508,11069.6453,7050.7529,13089.0908,11116.8551,11577.4926,10695.1052,8362.3991,390734.3038,398972.4417,385494.0115,387359.3871,386533.3496,387858.3800,395154.6629,391922.8275,173068165.7171,173072491.0430,173056925.8130,173053043.8025,0.0000,0.0000,0.0000,0.0000,0.0000,0.0000,0.0000,0.0000,0.0000,0.0000,0.0000,0.0000,0.0000,0.0000,0.0000,0.0000,0.0000,0.0000,0.0000,0.0000,0.0000,0.0000,0.0000,0.0000,0.0000,0.0000,0.0000,0.0000,0.0000,0.0000,0.0000,0.0000,0.0000,0.0000,0.0000,0.0000,8667.1218,3767.1624,10908.2800,3347.4395,7263.8755,12587.0186,8074.7010,9196.3239,7016.0069,12130.8607,13256.6945,10222.5132,7888.3827,8473.9900,9677.4850,8932.1368,12953.2249,13463.1728,9411.6663,12854.9687,10914.8929,11936.8994,13714.8717,387523.6638,395356.4140,382139.1311,384036.8419,383182.8323,384355.0304,391533.4361,388562.2257,173071084.0651,173075406.3545,173059841.6869,173055961.3036,6571.7520,12588.5946,7473.2105,10186.5037,10038.7348,10984.6185,9180.8896,12624.3364,13155.6263,10862.2774,13649.3342,11119.7429,13434.5740,10684.5894,12009.0120,8715.2089,9969.1897,1030.0999,7359.1912,10355.9585,5586.5158,10381.6590,381365.1415,389547.2267,376081.2327,377967.6354,377259.0855,378390.1594,385532.5919,382536.0512,173063109.1350,173067432.0875,173051866.8057,173047986.7406,10520.7259,1039.0706,9810.1090,13120.3388,10613.1132,6908.5412,9845.8246,13419.0400,12332.8460,11248.6141,7087.0482,10312.4118,11638.2660,8578.8684,12743.1399,12115.8303,7451.9656,11969.2127,12327.8114,9687.6430,13273.9128,384143.6425,392013.1897,378772.7376,380666.0417,379802.2453,381005.5207,388210.2440,385193.7065,173067606.4141,173071928.3026,173056363.9161,173052483.4640,10020.5012,12510.1801,11895.4700,12090.4244,5757.0864,9282.6364,8562.4943,6242.2794,4080.0408,4467.8431,6195.4082,12481.0107,2809.1072,11855.5969,7322.6759,12640.3916,11580.6476,12521.6447,10306.7840,9346.2886,389449.7337,397612.9646,384187.8475,386055.0135,385192.5840,386533.7126,393844.6000,390608.6193,173067664.3909,173071989.0744,173056424.1962,173052542.2108,9788.1758,13363.9339,10519.1861,6709.0931,9292.1220,13194.9182,12344.8681,10633.8601,6395.6715,9613.6527,11690.7766,7911.6428,13121.6777,12257.9880,8311.7456,12447.7379,12481.7634,10244.7889,13455.5130,384925.8261,392770.1970,379549.0405,381442.1676,380560.6317,381777.2104,388992.8119,385966.1004,173068350.9129,173072672.8299,173057108.5106,173053227.9439,7840.8434,1352.6477,13189.2278,5424.8791,8215.1774,12611.2865,10262.8190,12019.2117,8598.9042,2986.4087,11989.8933,9403.7975,13139.8601,10308.2441,10583.4693,4848.0657,12679.3177,11149.5510,391186.1104,399304.7215,385880.3906,387774.0001,387079.9599,388160.8997,395259.2598,392338.5117,173072335.3953,173076659.8375,173061093.7802,173057213.6019,7372.7716,13207.0886,10310.7451,6026.1857,8195.0721,10939.1147,13546.5060,11245.3266,5324.4119,12980.7224,2559.2264,8486.7717,9410.5967,4800.3012,3382.4140,9258.8178,4799.7186,389198.3705,397717.9033,384019.4469,385892.9653,385316.8067,386420.9914,393532.7244,390502.2711,173066520.4364,173070846.7231,173055279.9045,173051399.3131,13357.3811,4883.9100,7116.4318,12173.3756,9560.6171,12033.6260,7981.2177,2338.2377,11793.2850,9190.3497,12853.7569,11031.4078,10566.8933,4331.5646,12931.2219,10668.2876,392169.6213,400325.8240,386876.8752,388767.8799,388079.0022,389170.4059,396276.5719,393336.2798,173072678.3907,173077003.2447,173061437.0674,173057556.7284,11480.4371,12258.2566,8106.1262,8833.6633,3759.6899,9668.7030,13807.0726,4748.2660,12351.8886,7926.1906,9490.8241,11177.6826,13835.5910,7726.3875,10899.9468,384231.2197,392283.7251,378931.0495,380804.9694,379918.0433,381241.0685,388540.8091,385346.5560,173064655.1558,173068978.2023,173053413.8838,173049532.4239,7108.4118,11795.4543,6124.4253,8974.6076,3713.6009,6711.2069,8520.6807,11823.9236,12824.4509,12875.6726,12785.4790,8233.7524,13838.2772,11824.9873,393554.5717,401567.9290,388228.3200,390117.1107,389315.2187,390499.0270,397682.7970,394663.6051,173074249.3892,173078573.8404,173063008.3434,173059127.3899,7584.8004,6170.9676,11151.8816,6807.2083,6450.8703,9937.5888,7715.2862,8943.7036,12855.7231,9215.2482,6120.7394,11874.8127,6553.1414,393370.3671,401763.0212,388162.7797,390033.8502,389352.6250,390545.3345,397730.6605,394623.7480,173070264.7864,173074591.3159,173059024.9070,173055143.5622,8093.9942,9281.0262,10080.6265,11381.4906,8367.2565,7282.1966,1747.4245,10401.3931,6729.9122,10395.0791,6701.8143,3937.8746,387150.8226,395617.5667,381974.8335,383834.6276,383119.7263,384395.6385,391649.3680,388427.2331,173063533.0220,173067858.8322,173052293.0640,173048411.4088,6371.8422,2749.0543,10252.4125,4776.1322,11777.0413,9516.7859,13718.1205,12263.8617,10705.4471,12428.7658,9831.5563,392808.9702,400948.2500,387534.6307,389407.3808,388569.6306,389864.1818,397136.7136,393961.5830,173071188.1468,173075513.2937,173059948.0300,173056066.2072,6732.5503,12983.9696,1882.8264,13397.1997,9767.3022,11527.3940,12830.8998,13470.2087,10548.4034,11915.7170,387586.3177,395538.8311,382256.9577,384134.8094,383211.6649,384538.8382,391842.1033,388664.6585,173068325.4244,173072648.5765,173057084.2947,173053202.7012,9225.7391,5699.8287,12377.7697,11333.1367,13641.5731,13025.4113,10181.8514,13355.6877,11220.8295,393409.0326,401446.7317,388099.1953,389979.7439,389132.2890,390392.3217,397638.0910,394524.3903,173073062.7538,173077387.4102,173061822.2064,173057940.6889,12629.9942,7342.1584,11973.0808,10515.8090,9003.6616,2056.5876,12132.5153,9218.4671,391594.8467,399875.0281,386338.7544,388225.6354,387589.0223,388665.1917,395757.0904,392809.2289,173071145.1192,173075470.5260,173059904.0079,173056023.6995,12995.1167,9147.7448,12288.0265,12630.5851,13036.4001,10857.7681,11134.5702,388932.7154,396949.3722,383624.5172,385498.7784,384591.5672,385926.6152,393234.9269,390035.7141,173068731.3396,173073055.1114,173057490.6108,173053608.8278,7067.8092,7924.4026,2332.3161,5532.9392,7183.8276,3809.5342,386808.8573,395361.9367,381641.2437,383512.0205,382937.6594,384055.2143,391178.1575,388124.2028,173064097.8070,173068423.8189,173052857.1548,173048976.5685,9442.1073,5984.1039,10877.4738,5261.9216,4162.0018,385444.3143,393927.7357,380272.1382,382131.8893,381427.6780,382696.3110,389944.4165,386726.7469,173062060.6537,173066386.2066,173050820.4884,173046938.9679,6473.9338,9994.8132,4983.2680,9692.4182,381380.5129,389620.7080,376114.1771,377998.3740,377312.1900,378439.1485,385577.3071,382573.7752,173062609.8118,173066933.0746,173051367.6302,173047487.5430,7423.4424,5047.8715,4096.5504,384701.9492,393238.0679,379530.6462,381400.3001,380805.3761,381943.9074,389085.1818,386009.1916,173062331.9564,173066657.4839,173051091.1125,173047210.5075,11152.1394,7708.9578,390755.7188,399139.0263,385531.4745,387413.7708,386812.0315,387887.7474,394977.8736,392009.2160,173069441.9118,173073767.7216,173058201.0027,173054320.6513,7022.1818,381530.8137,389919.3688,376320.2317,378190.0703,377495.5493,378704.8775,385907.9886,382777.6465,173060449.1928,173064773.3862,173049207.9257,173045327.1256,387644.7622,396216.1577,382492.1701,384354.7869,383731.3948,384927.2269,392113.6499,388964.4026,173063768.5482,173068094.9265,173052528.5028,173048647.2977,23264.6477,8402.4460,6606.2852,15497.6385,13049.9639,15182.4586,8377.3692,172743793.6900,172748045.6463,172732506.1975,172728646.7981,20244.3686,19717.5633,15612.2495,14642.2912,14911.9869,15159.8567,172748483.6772,172752727.6319,172737192.1236,172733333.6450,2189.6168,9874.4703,6559.5866,13501.7346,6800.3948,172751677.6324,172755928.6347,172740389.7387,172736530.3354,10017.3349,7179.0940,13131.8865,5267.5844,172749527.1830,172753778.0877,172738239.2700,172734379.8365,8441.1096,17527.8070,9387.7848,172753094.9419,172757343.7639,172741806.6987,172737946.5081,10017.3349,6583.4107,172753232.0006,172757480.7671,172741942.7872,172738083.8948,10656.6405,172748230.6584,172752478.2829,172736939.9220,172733082.4546,172746971.7382,172751221.0154,172735682.9649,172731823.7656,61301.1330,40250.1120,28519.4777,37092.7992,43316.6601,28623.9509,
4500.000,8887.5142,11670.6954,0.0000,6807.5048,13077.1239,12628.2809,9374.9689,13145.8735,11169.3523,11349.7031,10788.7944,2448.0453,1678.2191,12714.8689,8442.4600,7423.1564,11555.5667,13385.7060,13160.0926,6252.5455,10125.4223,9752.8867,7925.0424,3303.7295,0.0000,11302.0512,13418.0066,11452.1787,5015.3003,10721.1208,11210.2332,12198.2392,10669.3475,6837.2883,8318.8603,8395.6048,7949.1837,2441.6340,4196.9750,5075.9177,11441.4382,2694.4453,12651.6655,9489.3952,12911.3631,12857.3861,11316.2396,12526.6465,9248.3144,391896.6705,400096.0012,386894.3265,388899.4484,387704.0284,389119.4154,396332.0053,393456.7039,173065895.1310,173069848.6159,173054401.6688,173050625.8762,7361.5616,0.0000,5521.6202,11097.5171,13007.6636,12411.0827,11266.8436,4240.6936,9077.6615,12059.2426,10581.9122,9251.2372,12670.8370,13349.9952,3656.3268,8654.1518,10225.4013,11147.5032,7025.4206,13313.7116,1096.5151,10805.0091,10380.9535,0.0000,5050.6071,10162.8481,7605.1143,11960.5955,7095.1229,5073.7101,9861.0272,5204.6865,10910.2294,1865.8708,7960.7952,12969.9231,8413.9324,8952.2464,4692.1587,7281.6388,8563.8987,11068.9110,13571.8401,12163.6052,11849.1577,8885.3405,12994.2674,12754.6128,392367.6536,400417.3520,387301.3386,389321.5087,388201.7938,389453.5334,396520.5096,393870.4869,173069573.2233,173073525.7529,173058078.3879,173054303.9091,0.0000,11543.3834,5649.5853,9869.5949,13173.5505,6009.4377,8434.2995,11678.3043,13003.1266,11996.5313,11033.5914,8877.4693,11947.1610,10310.2966,1793.9941,9464.3649,10205.7235,7162.4278,10134.0479,7016.4374,7699.2201,10938.4332,0.0000,9096.7750,9369.6179,10866.0988,13114.6779,11188.5096,2640.1595,3255.8005,2562.6376,13799.9831,6832.4247,5111.7471,11645.6989,10295.4888,13077.1427,9188.0900,472.1733,12539.9253,5219.8276,11730.8646,10799.7404,6931.5901,2307.6555,10795.9945,9551.6309,389719.0327,398128.5215,384754.2007,386766.9401,385820.8039,386997.6390,394000.5678,391356.9738,173064661.3573,173068615.2340,173053166.8112,173049392.7112,0.0000,0.0000,0.0000,0.0000,0.0000,0.0000,0.0000,0.0000,0.0000,0.0000,0.0000,0.0000,0.0000,0.0000,0.0000,0.0000,0.0000,0.0000,0.0000,0.0000,0.0000,0.0000,0.0000,0.0000,0.0000,0.0000,0.0000,0.0000,0.0000,0.0000,0.0000,0.0000,0.0000,0.0000,0.0000,0.0000,0.0000,0.0000,0.0000,0.0000,0.0000,0.0000,0.0000,0.0000,0.0000,0.0000,0.0000,0.0000,0.0000,0.0000,0.0000,0.0000,0.0000,0.0000,0.0000,0.0000,0.0000,0.0000,13398.3128,13209.2140,9673.3577,13422.1303,6178.7395,7174.9028,9548.7928,8690.0633,8080.1038,13402.4483,12074.7073,2005.7432,12331.3864,10668.1315,11039.5260,9258.1148,13338.5475,6086.1176,12179.9358,9530.4880,0.0000,6085.4265,10679.8319,6469.1558,9235.1213,5316.5575,9877.4582,13025.8839,9968.5731,6763.6280,6478.8713,10977.0478,11752.5063,7939.6642,4547.6614,5503.5418,11491.5547,4897.7191,13507.8571,12514.4072,11701.2974,13544.5920,12439.2694,12597.2590,13054.1861,390822.1163,398720.4806,385720.9204,387739.6331,386492.5651,387847.5909,395005.5483,392267.5900,173068612.6360,173072564.1844,173057117.7927,173053342.7633,5040.1877,10693.9768,415.9244,10451.4769,10735.2512,10420.8042,12514.2735,12498.5876,3818.6232,9444.4827,12896.5393,4815.3350,7000.4443,7040.8357,10613.6583,6965.4643,10675.5170,8189.4113,11814.8170,0.0000,10611.0146,6950.5898,10827.5730,12268.0094,11566.4623,7570.5692,3056.8734,7848.7827,12991.2486,11095.2713,8505.3239,9398.9273,12361.5006,13773.9444,12562.9286,5953.2565,13678.4117,1248.0621,8634.1756,6963.1251,1564.9809,5002.8639,6368.4453,7314.9854,384349.1263,392834.2210,379408.0276,381417.0578,380479.4209,381677.1428,388701.0130,386013.8311,173059299.3225,173063252.5806,173047804.4723,173044030.4303,6936.2235,4676.2998,11690.9343,9196.4886,6811.3833,11569.9551,12370.6986,1307.1678,6642.2708,13463.2119,9092.8841,6233.4156,5089.2312,12618.1029,5120.9836,12735.8556,9473.0741,11537.6112,0.0000,11441.2427,6295.9569,10234.6624,10001.5920,10982.5225,11177.2872,7581.3479,11455.3774,10385.7597,13319.1978,11296.0649,6873.8124,12770.0147,12398.3261,13773.5831,10106.3414,12738.1471,5631.8374,5411.4784,3674.4622,3651.3999,9132.3830,1726.7492,6504.6171,381195.2137,389606.2265,376238.8467,378245.5336,377221.1171,378501.0629,385599.1204,382830.8727,173056578.0793,173060530.4334,173045083.1179,173041308.7091,10452.7797,11245.4537,6804.4486,2423.1451,8546.7582,9942.6040,7943.8240,5733.3674,10910.6112,12857.0105,8208.9143,6998.2319,12712.0175,7704.1613,12508.7854,11103.6620,9690.8174,0.0000,10698.3458,8333.0940,8498.6302,5758.8576,8595.4433,13341.2215,12166.4188,13507.5554,4183.0473,12998.4555,12952.0022,5912.4131,10820.4464,7422.6189,12030.6616,13276.0031,8386.4461,11044.4492,5512.6712,5931.6899,9705.1572,12836.1551,5709.0082,8623.5534,382640.6877,390783.4479,377616.5430,379624.4824,378420.4343,379822.6106,387026.7632,384175.8017,173058997.3181,173062948.6849,173047502.4798,173043727.3395,10498.4913,10560.1144,10148.6541,12551.1646,12598.2522,3460.3088,9310.5573,12972.9073,5205.2389,6761.4663,6739.6040,10868.1758,6858.4159,10839.5830,8378.7109,11905.6658,0.0000,10619.0167,6717.0063,10717.4340,12193.0956,11480.0702,7860.8268,3460.3188,8162.8207,12853.2669,11313.1500,8814.6227,9287.4236,12501.2014,13744.4837,12736.6711,6316.7537,13693.0901,1571.2695,8455.9538,6613.8321,1279.3995,5388.9877,6003.6440,7304.4806,383977.6353,392456.0819,379034.6898,381043.7611,380101.4641,381302.4466,388329.3585,385639.6861,173059026.8046,173062979.9584,173047531.9095,173043757.8686,6001.6533,10100.0022,12497.4463,11771.0900,11556.3368,13647.4543,5110.8869,9762.7849,7172.1221,8374.4690,10420.2481,13576.7122,3457.3000,12797.1985,12672.8352,0.0000,1002.7038,7103.0531,4126.1976,12787.9885,4056.9834,6441.0971,10324.8844,7219.4715,10507.8057,5983.9294,10715.0033,13416.7163,11311.5724,9824.3023,8295.0877,8594.3603,10122.3446,10899.7524,13516.9468,9827.4502,11116.8642,10157.7788,11318.1639,13552.4492,388808.0184,396756.3557,383707.9901,385732.5861,384595.4126,385827.0253,392876.5621,390271.2023,173067797.7643,173071749.0310,173056302.0869,173052528.0263,4932.3208,11920.1777,12224.8484,9743.7543,11240.5486,7836.4019,12283.1302,4915.4380,5109.1282,13081.3560,11947.8521,8735.5521,13595.0120,12763.1590,0.0000,5107.8868,4983.0651,2049.3192,10605.1096,2653.3540,10766.8962,12002.6739,11413.8935,7085.4030,10500.8072,13347.6048,11223.7104,12446.1816,8573.6602,11136.2644,11895.6599,9660.9153,11463.9941,10890.5715,6153.0547,10589.2384,12561.5561,8017.6159,12573.6507,384003.2298,391913.7554,378898.1955,380919.5556,379712.6926,381019.6106,388137.6726,385450.5608,173063365.5415,173067315.7949,173051869.6339,173048095.3053,10353.6188,11454.0188,7843.5970,7710.3828,10671.7488,12921.7528,6435.7183,5257.6095,13569.2772,9030.8325,11968.3103,12365.1811,11397.7979,0.0000,9417.4482,6572.0064,6834.8110,7906.0791,7167.3038,12971.1032,12180.2356,13341.5954,5271.2606,12945.8416,13659.3571,7885.3944,12142.4676,8378.8534,12576.6003,13177.7270,9499.6596,11015.9649,7230.4597,4552.1125,9581.4083,13015.9680,5282.7184,10052.1885,381765.6386,389832.8313,376714.2647,378726.7894,377523.1791,378892.3944,386067.5048,383271.6292,173059364.4029,173063315.1532,173047869.0470,173044094.2552,2110.0045,11708.0519,6472.0630,9402.1766,11526.8481,13442.1018,12956.6955,7008.3564,8393.9710,11329.0637,6864.1873,1950.3592,0.0000,12565.2101,13488.6342,12356.4043,3349.3278,11810.2136,12054.5833,11869.9451,11495.1354,6833.3852,9982.3752,8562.7311,5969.8603,3460.9769,5404.0603,7113.5164,11783.6821,4357.4923,12023.4669,7670.0405,12366.6177,12051.4774,11210.9818,11568.4273,7514.2433,390461.9869,398758.5259,385490.7468,387491.7473,386317.7154,387746.5164,394971.7189,392058.4340,173063602.8215,173067556.5756,173052109.5493,173048333.6533,12328.4471,8015.7036,8413.3226,10729.7132,13691.0432,13450.7099,5245.5924,9366.1841,10094.8123,6528.1553,1872.7872,0.0000,11990.8425,13715.9614,12310.7143,5311.5658,11696.7345,10873.3398,11396.9398,10207.7472,7993.8583,8409.0423,7260.5437,7477.3491,1373.7047,5757.4014,5344.2775,10766.7598,4328.9410,11933.0583,9097.0601,13112.8673,12293.9959,10418.7459,12493.2083,8269.9870,392141.7928,400431.1583,387165.6815,389168.5822,388011.4989,389414.8055,396617.0829,393735.9576,173065347.6428,173069301.6522,173053854.4037,173050078.6090,7070.9718,13470.7835,8012.8825,6440.5497,5577.5172,12068.0452,5025.7955,12373.3842,8857.4174,11464.4278,0.0000,11410.9185,6474.1458,10554.9116,10487.1830,11308.7889,10387.0224,6408.6614,10641.0033,11121.8541,12874.4194,10508.5376,7230.3705,12608.6692,12815.9083,13531.3774,9120.2815,13018.3876,4381.8319,5919.7617,4507.7561,2368.7756,8054.3278,2947.0547,6208.4729,381876.2564,390327.7700,376930.4066,378936.9503,377941.2893,379200.7619,386280.4978,383527.4688,173056959.3249,173060912.0010,173045464.4425,173041690.1111,12815.1682,10942.4308,10992.4264,9898.4018,10541.9925,3239.3797,13627.6936,6973.1129,6733.6896,0.0000,13487.3306,11071.7125,12378.5471,4592.8201,12455.8116,12983.6407,10204.9962,12734.3544,7691.9791,13145.1614,10294.4061,565.0901,8945.3942,9210.2647,11774.0193,11922.0062,9181.9845,9176.4891,1378.2330,8522.0735,8288.0018,10661.1524,6788.5860,3743.8489,384539.4765,392980.9036,379607.3955,381605.5276,380501.5324,381899.7621,389100.7400,386188.5380,173057696.6552,173061649.9885,173046202.8899,173042427.4210,11294.8105,10661.8689,11277.2147,8399.3065,13646.8798,4288.6547,11884.6574,9863.8368,0.0000,5324.1242,10645.4907,6690.5477,10385.9730,5673.9710,8379.0531,12200.1233,8475.5453,8438.0410,4723.5385,10027.5538,12458.7573,7953.7144,6160.9143,4609.5235,10242.7828,6120.6128,12960.6518,13200.4238,12121.3151,13267.9736,11443.5611,13046.4405,13236.4521,391797.9487,399726.8816,386702.1997,388722.1709,387512.3709,388831.3053,395957.2505,393255.1672,173069531.5960,173073483.4477,173058036.7420,173054261.9006,9843.2043,10326.7014,7093.9826,8842.5479,8431.2726,6443.3081,10336.6334,0.0000,10333.6886,9765.0122,11740.9263,12577.2672,12089.5054,4334.8835,1901.7902,4028.7291,13790.4683,7985.8924,4605.6808,10652.0270,10102.8696,13263.4867,9766.6625,1761.9509,12676.2026,4054.5555,10704.4393,10614.0717,5961.5259,618.4977,10225.5859,8192.3755,389141.1834,397632.2648,384202.6071,386211.8631,385282.6536,386472.0402,393486.6400,390809.8962,173063249.5889,173067203.8134,173051755.2875,173047981.0549,1650.4105,13279.2424,10364.5487,9584.9724,12604.1962,13703.7682,0.0000,6671.2374,150.6751,5321.1917,12245.3246,6487.0806,9412.3265,9012.8799,10215.5924,10291.6142,11324.8248,12470.6566,11052.2919,13771.7809,11880.1147,12830.0405,9819.0348,12558.9443,8046.3689,10179.0063,3508.0513,6977.2142,10210.8888,5552.8955,11214.5790,382202.0571,390315.2825,377149.7220,379169.1484,378085.0659,379316.5670,386369.8059,383725.1027,173060762.9020,173064713.7957,173049266.9203,173045493.0583,13538.9453,9417.0917,10625.0365,12333.9389,13314.0706,0.0000,7833.6285,1785.7753,6066.6795,11421.5671,7130.7889,10404.7679,9321.0502,11091.1982,9608.2424,12139.0513,12747.0272,10024.2437,13686.7166,11613.0098,13235.7695,10533.4435,12355.7381,8056.3690,8999.8791,1903.1932,6648.9033,10617.6527,4121.3297,10448.8669,381321.7041,389465.9339,376281.1121,378298.0550,377204.7302,378461.4861,385537.7624,382856.2174,173059480.9583,173063431.8830,173047985.1097,173044211.0852,10254.6460,7737.3425,5383.0836,5620.5711,0.0000,11028.3249,13247.0681,12514.0290,9658.2268,12122.2709,7021.7018,8443.9524,6034.4392,11587.9120,5452.4502,2873.5050,10014.1566,4057.2458,9412.4442,4397.1726,6769.5020,8135.9973,9853.8354,11176.9354,13643.3283,11041.0870,6793.5376,13211.2597,8919.3992,393783.7915,402159.2911,388822.6961,390829.1747,389777.6944,391078.5084,398190.2263,395410.6648,173067004.9938,173070959.6573,173055511.5911,173051736.3923,13428.9126,5766.5405,7960.5580,0.0000,13545.5908,10414.6710,12842.5571,7416.7991,13149.6964,11717.5029,7784.7963,11479.0563,10124.6406,12986.3194,9131.2333,3289.2355,9922.9871,11356.4959,12367.8185,10144.4257,11169.9711,6542.5211,2658.2682,8104.9271,5764.1937,8541.8547,6075.6480,1727.3986,384258.3293,392811.6475,379353.5906,381351.7961,380330.5502,381667.5478,388815.0100,385949.4384,173057055.4787,173061009.2751,173045561.6401,173041786.5355,11190.4884,11122.7154,0.0000,4363.8595,9511.4178,7147.2038,12512.9397,6780.7184,4614.2311,9564.4849,4980.2221,11289.6737,2665.4601,8334.4540,13277.4176,9298.8182,9624.6146,5743.4302,6999.1244,9358.2302,10738.5687,13741.3513,11765.3036,11501.2054,8731.7028,12721.4239,12966.9473,391736.5748,399780.4490,386666.4624,388687.8818,387579.9968,388813.7252,395864.8237,393236.9322,173069296.8888,173073249.2399,173057801.8521,173054027.5439,5251.0788,0.0000,13158.7070,12600.2149,13710.8415,8360.9844,13686.5322,9124.2284,6665.0053,8366.9501,11584.5581,9736.8892,4190.0895,6519.8139,6388.5760,10905.6672,8916.0333,7442.3825,9965.4926,7184.3166,7440.9837,11768.3736,8046.3044,5905.8430,10477.3245,4145.7953,389888.6230,398462.2025,384989.1296,386988.1047,385992.0422,387304.6895,394428.6079,391589.3600,173061703.4506,173065658.4431,173050210.2234,173046434.9749,0.0000,12873.7821,13733.7067,13029.2847,4867.8261,12567.6301,11224.0921,10796.9942,10530.0263,8459.2261,9493.7040,7012.2025,6177.7140,2728.6203,6947.2809,6842.3235,10677.8443,5738.0567,11161.1298,7870.8934,12756.5980,11470.0819,9955.4113,11818.2850,6752.7364,391207.6638,399586.6265,386258.8535,388258.7617,387131.1577,388533.9526,395736.3698,392835.4729,173063698.3126,173067652.6280,173052205.2190,173048429.4022,0.0000,0.0000,0.0000,0.0000,0.0000,0.0000,0.0000,0.0000,0.0000,0.0000,0.0000,0.0000,0.0000,0.0000,0.0000,0.0000,0.0000,0.0000,0.0000,0.0000,0.0000,0.0000,0.0000,0.0000,0.0000,0.0000,0.0000,0.0000,0.0000,0.0000,0.0000,0.0000,0.0000,0.0000,0.0000,0.0000,6614.8354,3169.3553,12606.0725,3154.8272,7260.6327,10749.1135,8043.1474,10024.0766,6798.1077,11345.2336,13288.1214,11638.0849,9613.7385,8808.5019,9276.6702,10069.5683,11136.0062,13320.2207,9316.2500,11167.2597,10722.1899,10931.0078,13631.7253,388031.0967,395952.1020,382923.5801,384948.4831,383795.1734,385036.3631,392094.5072,389483.6931,173067309.6396,173071260.6234,173055813.8479,173052039.7802,5331.8197,12324.9199,6500.8715,9310.2539,8943.8467,10122.6104,10387.4634,11262.6906,12424.0997,11126.6092,13781.9202,11937.3219,12808.1781,9727.4148,12603.4151,7999.3233,10261.3980,3630.8531,6959.8230,10139.1722,5649.7294,11250.0919,382276.9127,390391.2783,377224.6639,379244.2160,378162.6358,379391.3420,386442.0654,383800.4114,173060842.8011,173064793.7114,173049346.8151,173045572.9685,11568.1219,1288.4037,9578.0928,11714.4878,10303.1166,8252.8977,9201.9717,12830.0960,12287.8536,12311.4312,8929.0718,10329.6868,11080.2210,9827.5479,11517.5817,12098.1780,7433.6624,10973.4400,12075.2973,9300.1896,13268.1180,385475.5481,393362.7292,380361.0600,382384.7717,381191.1167,382470.8477,389563.9998,386914.5248,173065096.2371,173069046.6065,173053600.2749,173049826.0866,11172.4046,13315.0337,12452.8602,12994.5049,4747.5504,11807.1713,10670.4005,4297.4824,6570.5308,5336.4676,9440.2200,13011.0986,5280.1985,12022.6053,5717.0882,10526.7877,11471.9619,12329.1118,9652.8122,7219.1922,387314.3758,395571.7678,382332.5971,384333.6450,383132.0796,384580.4340,391823.7063,388894.9704,173061184.1097,173065137.0619,173049690.4505,173045914.6200,9734.7353,12217.0336,10369.3015,7713.5714,8710.7905,12723.1449,12325.8028,11689.4128,8029.3449,9564.8684,11355.0161,8943.0816,12155.4247,12315.6254,8344.8928,11708.6691,12389.9021,10056.8366,13460.0468,386439.5635,394299.6655,381319.0809,383342.6004,382127.2423,383424.0826,390531.8199,387868.7340,173065969.0550,173069919.4839,173054473.2297,173050698.8900,5715.1193,1162.6526,13321.9452,4770.4140,5937.4000,12650.8575,10011.5966,12203.4946,7834.2375,2654.4443,11712.7557,7397.7686,12884.0066,11322.2058,8772.4841,4749.6039,11764.5672,11150.0694,390861.2194,399137.6242,385856.3511,387873.2469,386880.3810,388061.9084,395068.0716,392449.1415,173066861.0212,173070814.4021,173055366.2498,173051592.1714,5654.9142,13666.6355,9418.2848,5979.9807,9998.5594,10974.4788,13644.3900,11019.1544,3424.8128,13212.8568,2203.1359,9757.6891,9429.9954,4210.3022,2029.8863,8862.5397,7426.2308,387307.7737,395828.5853,382377.9115,384386.1271,383465.9836,384656.1114,391672.1274,388987.1091,173061446.2763,173065400.3006,173049951.8435,173046177.6743,13357.5985,4481.0829,4910.8238,12366.5095,9275.6397,12044.7995,7285.5213,2369.0131,11409.8650,7495.9677,12730.8353,11864.7329,8992.0993,4322.2158,12117.3195,10752.7556,391587.6001,399899.8093,386594.9360,388610.0422,387620.8407,388812.7896,395828.1812,393189.3659,173067000.7316,173070954.4647,173055506.2158,173051731.9926,11488.0040,12738.4930,7590.1512,8885.4317,3671.7308,9734.1682,13804.5503,5004.3099,13162.1434,8152.4229,9187.0866,12344.3639,13750.2964,9375.6651,10407.4496,386016.4168,394031.6439,380958.7551,382968.5713,381697.4376,383133.9527,390366.1442,387504.7446,173062597.2901,173066548.6662,173051102.6959,173047327.2303,6552.7332,12715.0460,7383.3953,9252.7015,3721.4912,6638.7925,8547.7808,10858.2102,13472.8207,12971.2135,11872.3040,8122.4685,13500.6034,12204.6743,393458.4860,401587.4201,388416.8123,390434.2567,389338.0560,390592.5732,397662.1624,394991.6842,173069678.2268,173073631.4058,173058183.7732,173054409.1488,9826.5726,6367.4639,11245.2647,6806.8082,4695.1492,10183.6223,7591.8246,10649.3824,12808.1988,9085.5549,4199.7769,12201.0816,7817.6322,392356.4729,400834.6630,387422.0844,389427.6455,388441.4580,389700.2333,396775.4486,394021.6393,173065271.1379,173069226.0249,173053777.6093,173050002.7089,8397.2417,8895.3345,11283.2875,11602.6247,8788.8118,9082.0856,1817.8213,8726.1002,8310.4046,10357.6159,7061.1191,3538.1046,385097.9120,393537.0783,380165.1183,382163.4213,381059.8418,382456.5636,389656.0111,386746.3118,173058191.1112,173062144.5407,173046697.3998,173042921.9130,6396.2297,4321.8843,9995.4392,4898.5936,11753.7203,9935.5541,13501.8366,12327.4761,9800.7173,12982.1576,8731.6153,393035.2432,401327.0893,388057.5595,390061.7562,388921.6818,390303.5698,397486.7530,394630.5385,173066303.9858,173070258.1546,173054810.7348,173051035.0475,6780.0258,12978.6244,1626.3519,13725.5944,9974.0428,11536.0521,13452.2377,13188.9814,11739.8453,11082.7784,389667.2037,397672.4059,384606.7815,386617.3372,385348.2669,386777.9065,394002.6819,391153.0438,173065782.9048,173069734.9174,173054288.6842,173050513.0767,8922.9979,5642.1626,12179.4511,12449.2564,13655.9448,12950.1746,9693.4662,13836.5920,11415.0850,394117.4238,402253.4899,389086.2280,391098.9055,389948.3066,391277.4580,398413.0722,395653.8316,173069332.8446,173073286.2947,173057838.9446,173054063.7253,12387.0001,5449.3714,11756.4214,11092.2994,7189.8933,2183.9256,11039.7249,9485.3467,390110.0417,398526.4353,385147.8793,387160.1352,386212.9672,387394.1026,394400.7576,391750.7503,173064869.9093,173068823.9066,173053375.4566,173049601.2991,13489.7304,10068.1478,12264.3296,13432.4771,12550.8074,12287.5543,10653.6123,390905.0434,398966.9796,385861.5908,387870.6362,386623.8164,388048.3238,395268.5266,392412.7620,173066315.2985,173070267.8519,173054821.3647,173051045.6781,8480.7522,7877.8554,2078.9891,4122.3804,7060.0474,6641.5514,385210.3779,393739.3764,380283.7255,382290.9156,381363.3314,382566.6417,389595.2486,386892.0839,173059513.7805,173063467.4525,173048019.1952,173044245.0311,7505.4243,7357.8094,10467.3686,5599.4947,3771.0631,383449.3484,391898.7763,378517.1734,380516.2269,379428.5560,380808.5812,387994.0374,385100.9306,173056938.6907,173060891.8277,173045444.7060,173041669.4221,6165.4519,10810.7695,2362.9442,9334.7999,380634.0659,388842.3582,375615.4427,377628.7987,376537.1720,377818.9347,384918.0469,382192.6578,173058044.0785,173061995.2459,173046548.4782,173042774.2561,6036.9531,5148.3020,6396.3179,383414.6002,391911.3399,378479.3922,380486.5534,379533.4343,380756.4065,387803.1832,385083.4431,173058158.8225,173062111.9936,173046664.0421,173042889.8557,10302.1172,7801.9672,389312.2950,397824.6541,384381.1560,386389.2230,385460.9077,386658.2031,393679.8490,390989.1640,173063095.5310,173067049.9161,173051601.3603,173047827.0426,7496.0975,380634.8649,388960.3438,375653.9692,377662.4286,376596.3067,377894.5408,385008.7456,382237.9359,173056749.0597,173060700.8733,173045253.8922,173041479.4535,385923.3998,394499.4838,381026.3025,383023.6879,382009.8215,383346.9353,390493.8809,387623.7750,173058180.4490,173062134.6989,173046686.8835,173042911.6684,23394.7788,8191.4219,6554.4670,15586.9080,12979.1229,15446.2604,8365.3910,172739742.8168,172743623.2074,172728202.4689,172724448.3841,20228.8491,19499.5916,15643.0564,14571.1663,14813.5804,15181.2830,172744489.1126,172748361.4895,172732944.7606,172729191.5187,2160.5053,9951.6714,6535.3301,13564.5961,6854.3040,172747368.2588,172751247.6688,172735827.5047,172732073.4096,10166.2489,6893.7343,12894.0293,5151.2797,172745276.0945,172749155.3154,172733735.2441,172729981.1713,8237.6775,17600.3417,9920.6149,172749056.5068,172752933.7548,172737515.4420,172733760.5315,10166.2489,6543.2522,172749003.0905,172752880.2771,172737461.0668,172733707.4205,10393.4283,172744284.8531,172748160.8147,172732741.2318,172728989.0498,172742643.1567,172746520.8162,172731101.4742,172727347.6359,61076.9766,40009.4962,28575.2597,37344.8995,42958.6946,28356.2462,
4800.000,7163.2345,10396.6622,0.0000,8637.2445,13093.1794,13196.8207,11182.1632,13174.7542,10322.5629,11328.6439,10629.2412,3561.2513,2114.2432,11942.5647,8741.5309,8902.1952,9980.4657,13413.2812,13510.5647,2944.0900,9526.0396,9669.0949,8055.7644,3152.5493,0.0000,11990.4470,13487.7860,12189.8109,7543.7540,11512.0535,10133.4378,12178.3886,9617.3101,7709.6393,8725.7485,8442.6729,9106.4413,2257.7160,4815.7631,5884.5674,10567.1348,3958.5237,12667.0177,10532.3252,12682.8503,12993.2819,9937.7822,13278.2236,8683.0678,392390.4938,400733.1018,387691.3771,389833.1190,388325.2450,389831.9016,396937.2686,394307.4083,173061379.3757,173064966.8624,173049638.0270,173045973.3815,8838.4633,0.0000,4279.3680,11497.4631,13097.1222,12125.4391,11616.0774,4366.2419,9664.5958,12157.1444,9925.7992,8567.8372,13437.1387,12824.6853,2936.4067,9731.8407,10895.3239,11264.9667,6725.8722,13170.2939,3477.6316,10373.3389,8607.9369,0.0000,6583.1389,10289.1226,7848.0275,12247.3080,7112.4074,6823.1962,10460.7309,6793.9024,9420.8691,2996.0375,7373.8045,12825.0207,7026.0038,6909.4653,1934.9436,8880.3796,5892.3079,11370.2604,13498.8447,13113.2739,11972.4876,9949.6117,13060.3860,12648.7880,393458.2511,401616.0063,388691.5852,390840.3173,389365.4739,390761.1014,397755.1163,395298.5069,173065368.1040,173068954.6254,173053625.6405,173049961.9435,0.0000,11510.2233,5774.0350,9146.4967,12904.5892,6057.9651,9894.2052,12954.2304,13396.9810,10498.4761,9826.7257,9230.7372,11908.4118,10272.7278,1814.2540,10806.4806,10467.8837,8297.4938,10085.6040,7013.0552,5118.9447,8792.2158,0.0000,8945.3163,9892.8943,10843.5174,12114.5570,11300.7485,2685.1753,3278.9486,2519.9054,13720.5210,6590.5081,2768.1623,11272.5596,8829.6873,12654.1727,8518.5290,250.7878,11947.5468,4818.2282,11125.2206,11622.4474,6308.3310,2191.3712,10206.1867,9462.5852,388463.0548,397003.2653,383802.3880,385945.0815,384658.2436,385970.0391,392895.1562,390442.2385,173058404.4178,173061991.9118,173046661.9449,173042998.8078,0.0000,0.0000,0.0000,0.0000,0.0000,0.0000,0.0000,0.0000,0.0000,0.0000,0.0000,0.0000,0.0000,0.0000,0.0000,0.0000,0.0000,0.0000,0.0000,0.0000,0.0000,0.0000,0.0000,0.0000,0.0000,0.0000,0.0000,0.0000,0.0000,0.0000,0.0000,0.0000,0.0000,0.0000,0.0000,0.0000,0.0000,0.0000,0.0000,0.0000,0.0000,0.0000,0.0000,0.0000,0.0000,0.0000,0.0000,0.0000,0.0000,0.0000,0.0000,0.0000,0.0000,0.0000,0.0000,0.0000,0.0000,0.0000,12218.4046,12684.1034,9916.3936,12230.3674,3248.9618,6354.1606,9915.7524,11009.8519,10212.7083,13392.2297,12304.7550,2007.2268,12299.4031,9041.6129,9665.1954,9476.6687,13442.0405,5966.9918,12739.6005,10750.9549,0.0000,5938.1492,8869.9345,5519.7731,11820.6847,4262.9851,9770.6685,12096.5096,9965.8789,6911.4990,6528.2850,10701.5258,12438.9894,9470.3727,5720.5710,5814.5965,11504.7230,5567.7755,12488.2229,13034.4535,11612.8533,12544.4996,12472.8737,12118.8950,13307.9436,391570.7464,399528.0518,386747.5611,388899.3197,387331.2746,388764.6228,395789.8035,393336.4165,173065319.1584,173068904.2822,173053576.1234,173049912.4045,4349.5211,10053.3464,312.3570,10397.8608,10773.0761,10972.5683,12436.2092,12521.2325,5975.4729,10793.2737,11510.4297,6031.4878,6941.0961,6263.6832,12070.8208,9042.5076,9336.2458,8195.8703,11952.6953,0.0000,8281.5601,6245.0876,9112.1048,11651.9131,10111.6268,6954.4722,2637.2136,7400.9500,13209.1874,9843.2149,8162.0675,9931.5852,12324.4984,13809.3506,11915.7630,5606.7200,13685.2154,1233.8648,8940.5053,7602.1992,1113.1404,6095.8928,5496.8534,9226.0939,383245.0100,391656.1324,378543.4716,380689.0135,379360.9129,380673.5482,387598.4363,385173.1450,173055386.6311,173058972.4110,173043643.1700,173039980.3904,6910.2445,4081.0362,11724.1636,9231.8699,7904.6699,11827.4450,12519.5514,3010.3673,8132.5138,12663.6789,8829.2916,5948.1952,5110.7080,13049.2497,6889.7278,11800.2026,9470.3432,12346.6413,0.0000,9987.8684,6331.4898,9493.3013,9359.2055,10392.7361,10346.8150,6588.1696,10652.1640,11484.0868,12342.2925,10940.9618,7245.3719,13044.3215,13196.3907,13535.6136,9055.7360,13510.8884,5028.6891,5803.4877,3779.4391,3429.6121,8749.3233,1623.3228,7681.9980,380666.0845,389002.1586,375947.9042,378093.3431,376683.4670,378067.0648,385059.4455,382568.8240,173053236.9252,173056821.9095,173041493.3804,173037830.2649,9850.3731,10684.9295,4809.2611,1265.0454,10267.1445,11203.6090,7070.5200,5978.9299,10992.4013,12664.6424,6283.8468,6277.0410,12567.9726,7730.8947,12449.7900,12088.9042,11861.7977,0.0000,10413.7295,7646.5054,8395.2713,6651.3712,8508.6008,13158.2563,11601.6150,13340.8638,5851.3752,12995.9128,13426.2297,5962.9183,12232.8312,9077.9731,12729.9834,12884.6563,10051.8285,10645.1260,5735.3435,3455.2812,9487.8793,12598.5991,5648.0688,8625.0085,382554.9356,390622.1401,377768.9772,379916.7499,378327.6500,379828.1452,386924.2134,384363.0909,173056048.6454,173059632.7387,173044305.2777,173040641.4238,10436.9810,10621.7675,10787.7028,12485.5300,12607.7100,5816.2562,10691.8756,11565.4339,6289.6528,6735.7777,6037.8936,12215.6482,8977.5723,9485.1153,8367.2800,12068.9237,0.0000,8302.8565,6083.3337,9037.7698,11578.0871,10052.3516,7211.0418,2943.8462,7660.3561,13119.9519,10019.0691,8414.0903,9826.8772,12453.1447,13808.5902,12058.7996,5893.5547,13717.2159,1498.1138,8799.5745,7347.7206,962.2996,6345.6827,5216.1137,9206.5510,383008.7052,391410.1168,378304.4002,380450.0900,379116.7180,380432.0636,387359.4214,384933.2104,173055258.2663,173058843.9525,173043514.7662,173039851.9860,7090.6762,11046.6471,12404.5439,11548.4488,12963.8684,13340.6085,2017.9032,11051.3387,7823.9442,8405.6775,10319.4154,13830.0071,3798.6148,12373.1111,11707.7924,0.0000,2993.6330,7113.9736,3929.2686,13154.3046,3253.2678,7867.7500,10205.8159,8301.9584,9314.0785,5030.0102,9619.8467,13224.3750,10521.8658,8475.3587,6230.1357,9829.4857,8143.1419,10735.1459,13453.0106,11458.9035,10959.6040,11294.1461,11344.8061,13715.6073,390761.9992,398763.2669,385945.1576,388097.6950,386595.9568,387964.9866,394929.9635,392540.2764,173064939.2837,173068524.3958,173053195.8770,173049532.6488,5199.5811,11910.8273,12130.2220,10364.1480,9795.4375,7601.8756,13346.7831,5044.1865,5701.9149,12622.5333,11339.8407,9967.9637,13583.8494,12800.1844,0.0000,7269.2584,6026.3148,4642.0787,9963.7208,4349.5931,12223.8858,11993.8640,12570.8186,5529.7368,10874.2030,13238.8442,9835.9277,12423.0524,8011.4753,10879.3090,12899.2364,8847.9287,11489.9950,9856.7075,6788.6983,10695.2233,13415.9574,8008.3619,11865.1290,385461.8485,393359.5022,380622.0730,382774.2639,381164.1792,382626.0298,389679.1248,387204.3463,173060490.9910,173064074.6763,173048747.2427,173045083.6685,9671.1650,10686.4074,7681.8865,5479.2152,11130.9295,13079.1167,7401.9176,7443.4248,12260.0083,7679.6867,12824.0880,12201.7240,11471.6610,0.0000,11089.3418,8713.4675,9082.6577,5946.7533,9019.5559,13632.6868,12346.6551,13748.2683,5008.1049,13261.3146,13686.2405,5676.6920,11857.9306,8403.4511,12652.1673,13398.3658,9473.0710,11472.3428,5800.1746,4553.7383,10397.3200,12998.6468,6750.1417,8513.2611,383121.4508,391186.2440,378337.6190,380484.7387,378875.9478,380399.7358,387517.6400,384930.3261,173056268.3542,173059852.5763,173044525.1903,173040861.1362,1918.0015,9896.8517,6125.6541,11376.4360,9536.2649,13463.5849,13357.6464,4750.6322,6679.5251,11720.1703,6733.4518,2803.2816,0.0000,13440.0024,13756.4392,13387.1911,4926.3086,12976.2520,11104.0533,11798.4917,10574.2508,8238.8580,10908.9608,9088.2891,6493.9380,4104.5243,6889.5979,8799.8894,10678.4294,6665.2137,11944.0351,8059.5197,11388.5583,12056.0347,9364.2934,12047.3157,5745.3640,389651.1601,398099.2462,384985.5986,387124.4548,385634.0734,387159.7136,394286.6954,391608.4726,173057860.7956,173061448.3434,173046119.5386,173042454.8047,10884.6977,7751.5611,10366.7655,9065.1471,13677.7708,13635.7522,2932.2931,8092.2234,10554.5436,6574.0108,1480.2118,0.0000,12802.4194,13779.5960,13064.0518,6618.1024,12575.1645,10111.9584,11565.7590,9524.1999,8654.4446,9577.1080,8019.8759,8033.6067,2233.3924,6479.6905,7230.1245,10018.3959,5863.6447,11973.7385,9470.4040,12313.5307,12305.5676,8950.0803,12786.3755,7085.2430,391248.9784,399690.5958,386579.5129,388719.1363,387243.3988,388748.5921,395855.4218,393203.1294,173059474.1085,173063061.9064,173047732.9003,173044068.2420,5951.0449,13489.9176,8359.9045,8299.5795,7584.9347,11878.4630,4090.6754,12712.6058,7909.9486,10703.6349,0.0000,11759.4930,8788.4480,11325.2472,7264.7048,11959.6840,10852.5956,7392.8951,10917.1601,11117.5743,12902.8072,10598.7121,4946.5060,11778.3216,12641.1123,13475.3339,9217.3665,12946.2755,6063.9830,3445.6737,4645.2809,4925.3073,8163.0390,3873.1230,4975.5718,381111.2971,389551.3371,376429.0915,378571.1970,377160.5986,378584.8470,385618.5799,383056.2422,173052150.1422,173055735.8220,173040407.1954,173036743.6712,13055.3186,10900.6715,10737.7930,10441.9823,9978.7051,3140.0025,13669.0759,8790.5478,8303.3581,0.0000,13441.3235,11596.3031,12457.5098,1561.8525,12438.9986,12973.2657,11476.5872,12780.8571,7525.3824,13525.5696,11900.6237,1029.6249,9506.4749,9146.1105,12515.2752,11992.3992,9766.5643,10737.1935,2728.5102,6708.1317,10002.5140,10682.0803,7974.7422,3780.0210,383786.3426,392144.9126,379092.8072,381233.3774,379706.8033,381242.2425,388378.6413,385708.0105,173053846.3219,173057432.2528,173042104.1504,173038439.7300,11271.4979,9225.3684,9781.6176,9103.1773,13754.6685,4107.0250,12134.0776,10640.8833,0.0000,4917.8051,8709.4247,5533.4206,12636.9145,4555.8996,8252.0148,11080.5563,8491.2874,8553.3346,4757.9264,9458.3842,13066.6046,9261.2056,7005.2284,4795.4024,10256.2344,6504.0259,11697.1533,13562.1901,12186.0252,11986.4728,11491.3555,12307.7705,13512.5468,392133.3703,400149.2472,387324.0736,389475.6179,387955.3631,389352.5582,396344.5424,393919.3395,173065628.8083,173069214.3039,173053885.7826,173050222.2605,11363.0538,10945.0213,7903.4003,8811.7241,8394.7726,3514.8193,7946.9634,0.0000,10234.2400,10658.7240,11816.0585,11129.4699,12239.3396,4333.2096,3786.2460,3966.9066,13619.2391,7846.0371,3159.9344,10237.8567,8363.7626,12651.4056,9175.7809,1986.5979,12001.8603,4922.8662,10127.0036,11333.0152,6264.7275,381.0312,10004.1078,8087.8448,387846.5272,396447.8959,383206.5258,385347.3263,384061.4182,385395.4078,392343.6144,389850.1116,173057051.5777,173060639.3121,173045309.3464,173041646.0213,904.9534,13723.7584,10955.0138,9552.5885,12587.5635,13841.8539,0.0000,5983.4473,1609.0159,4342.3808,11460.2739,5446.8024,10480.6838,8790.1273,11046.5610,9703.0895,10699.2801,12110.7550,10283.4353,13736.7930,11597.6341,12111.5240,10672.1453,12032.7165,7977.9339,9520.7168,5289.8285,6986.9172,11459.9823,4926.7473,11581.7208,382957.9018,390988.0132,378147.8220,380299.7000,378801.1366,380176.8166,387152.2133,384744.6545,173058117.3835,173061701.1744,173046373.1890,173042710.2713,13725.9614,10457.3587,9830.0681,12182.1568,13739.0552,0.0000,6458.6290,1838.2489,5104.8070,11257.9033,6219.8277,10353.6299,8269.3409,10909.0386,10069.0761,10915.0337,11916.1611,9915.9863,13745.9460,11966.5473,12382.4479,10330.6868,12381.0706,7332.6257,9032.4351,4794.1727,6240.2987,11025.6469,4136.4127,11115.9453,382430.9757,390503.8994,377633.0965,379784.2300,378302.1830,379673.9095,386646.9625,384233.5657,173057320.7810,173060904.6933,173045576.6227,173041913.7248,9840.3682,8593.9688,6256.6036,2343.7215,0.0000,11645.4395,13490.4850,12514.1020,9064.9030,12034.7143,8121.3406,10636.6636,7453.2513,10013.0645,7351.3624,5982.1370,10067.3446,775.5243,7226.7744,5065.5319,8497.4286,6135.2793,11434.8302,11221.4734,13374.8238,12109.6219,7889.7526,13448.5686,8789.3941,392875.3064,401326.2594,388203.6187,390344.4748,388911.4922,390367.8396,397427.8012,394830.6044,173061286.6808,173064874.7780,173049545.3905,173045881.0105,13415.4966,6710.4740,8078.8612,0.0000,13468.9346,11520.8168,13032.2705,4125.7490,13260.4743,11694.5071,9528.4548,11468.3961,9984.3236,13187.2945,10457.8398,2298.9151,9549.5547,11009.5541,12726.6219,10172.7532,11294.8042,8754.4966,2413.8201,7036.3552,8170.3046,8534.1786,7363.3493,1361.8999,383221.7650,391722.5125,378565.8653,380704.7677,379261.4735,380749.2450,387844.0766,385194.4989,173052551.8054,173056138.3132,173040809.6779,173037145.5234,10178.0535,10249.9833,0.0000,4421.1459,8512.5371,6769.7815,13465.2471,6614.8003,4567.3815,8219.6242,4944.3048,11322.3190,1608.5640,6469.4474,13413.3184,9045.8290,9687.0344,4657.7988,6967.5440,8890.1924,9278.1876,13649.6665,12580.1539,10057.3534,8696.9687,11943.1551,13004.3803,391836.4501,400029.0246,387073.5753,389223.1480,387810.7284,389143.4103,396078.3765,393685.6838,173064377.7271,173067964.0298,173052634.7756,173048971.6085,5391.9805,0.0000,12154.1395,12284.2967,13181.0474,8785.7295,13364.6220,7028.5874,6681.6928,6445.9063,12520.3083,9375.2637,4708.4630,8270.0669,6499.4683,11470.1104,9388.2112,5324.7865,10893.8046,7203.9160,8605.0161,11267.1309,7997.4727,3217.0424,10518.7756,5617.4080,388018.2197,396662.6287,383398.2248,385536.3425,384209.9770,385609.8755,392622.2710,390042.1947,173056029.7501,173059617.8481,173044288.0760,173040624.2099,0.0000,12758.7011,13808.1243,13310.3936,7360.4550,12929.3986,9253.6123,10756.4459,8595.6243,9804.5756,9169.3858,6900.4320,8419.7209,1951.1150,7648.9237,7154.4138,9000.9394,6906.9586,11286.8675,9692.1128,12589.8755,11780.5872,7824.2396,12792.0150,6938.9641,391287.9345,399791.7517,386634.7521,388773.7086,387336.8595,388818.2200,395903.8588,393264.3542,173059164.5821,173062752.6900,173047423.4101,173043758.8778,0.0000,0.0000,0.0000,0.0000,0.0000,0.0000,0.0000,0.0000,0.0000,0.0000,0.0000,0.0000,0.0000,0.0000,0.0000,0.0000,0.0000,0.0000,0.0000,0.0000,0.0000,0.0000,0.0000,0.0000,0.0000,0.0000,0.0000,0.0000,0.0000,0.0000,0.0000,0.0000,0.0000,0.0000,0.0000,0.0000,4833.8730,2932.4810,13594.2034,3479.8905,7191.7422,8441.2159,7861.3484,10705.8863,5952.4971,9521.7857,13113.9928,11905.2781,10587.8611,8204.9212,8813.3051,10374.8697,8814.0405,12942.3262,10316.3673,8967.1088,10492.9236,9700.8009,13503.0112,388478.6776,396520.0286,383669.2689,385821.9747,384365.2775,385694.5125,392623.1645,390269.0386,173063086.5887,173066671.4224,173051342.7821,173047679.9323,3898.7957,12260.5680,5198.2593,9387.4556,7892.0462,10029.6172,10553.1994,9744.1990,11307.3248,11092.1802,13593.3563,11966.1957,11561.0643,9736.5861,12218.7497,7277.6264,10355.8328,6501.5437,6538.3888,10800.3510,5672.9357,12009.0407,383744.0326,391801.6554,378939.6358,381091.6522,379625.1622,380972.2196,387920.5054,385539.8617,173058814.8631,173062398.9079,173047070.6624,173043407.8959,12667.4724,1404.3111,9495.0399,9932.5544,10071.9598,9000.5822,8127.6023,11406.3588,12232.5958,12598.3380,9818.7558,9483.7795,10729.3763,10011.4130,9852.8623,12041.8977,8803.3869,9517.6520,12005.9220,8747.6922,13302.3736,387014.9524,394955.6317,382179.2360,384332.9099,382809.9494,384181.7712,391149.1236,388769.0276,173062368.4761,173065952.5531,173050624.4740,173046961.4600,12483.7194,13005.5368,12076.1120,12744.8716,6858.9478,13199.2997,11746.7595,2451.9491,8514.8128,8077.9525,11805.4520,12220.6024,8680.6623,11527.2914,4234.6145,7892.8490,10952.9013,10921.9162,9191.3665,4303.1033,385185.9736,393535.2004,380491.8065,382632.1003,381090.7455,382640.8515,389790.3373,387105.5068,173054904.3406,173058490.5162,173043162.4037,173039497.8072,9811.0284,10738.0241,10310.5702,8206.2063,7875.8667,11530.4534,12323.1424,12083.0398,8807.5440,8800.7490,11211.5635,9009.2389,10756.5911,12331.3227,9418.0279,10484.1301,12425.8047,9620.0289,13465.7960,388055.4079,395969.7324,383214.0632,385367.7719,383821.2028,385211.9014,392196.2130,389800.9680,173063277.9993,173066862.1596,173051534.1599,173047870.9750,4832.9529,882.2632,13251.2314,4182.3037,3016.4949,12468.1270,8716.0806,11834.8313,6792.0162,2637.5623,11009.6792,6366.7297,12471.7052,12327.6079,7697.0024,4695.6979,11099.5765,11110.1838,390169.7318,398599.6108,385475.3382,387620.5899,386305.0482,387609.8328,394524.7801,392107.0689,173060973.2102,173064560.4338,173049230.5771,173045567.5022,5179.6174,13766.4298,8400.3025,5899.3617,10675.3418,11021.0189,13617.5779,10603.3711,3094.7380,13222.6454,1707.8027,10026.5515,9614.7098,3326.8947,3942.6768,7769.0275,9327.6416,385426.0228,393915.0584,380747.7112,382891.8269,381598.3139,382898.6136,389812.6206,387383.9347,173056544.9137,173060131.5178,173044801.8587,173041138.9996,13231.1201,4280.5138,2175.5794,12300.3808,8075.5914,11645.9705,6513.9524,2555.3339,10763.5977,6713.8313,12397.3245,12596.1164,8060.2978,4316.1458,11440.2443,10794.1420,390564.1491,399024.4007,385879.9608,388024.3408,386710.8125,388024.7143,394949.0765,392513.7255,173060898.5962,173064486.0754,173049156.1558,173045492.9669,11493.6075,13065.0198,8101.2873,9525.0582,3921.0566,9806.2719,13768.4037,5276.5656,13484.1615,9110.4449,8930.2337,12933.7791,13599.6029,10609.5830,10191.8381,387946.5646,395946.6180,383147.6143,385295.2844,383647.6400,385194.6933,392330.9234,389734.0500,173060589.9832,173064174.8147,173048847.3543,173045182.9273,5462.6954,13303.4056,7872.3242,9415.4463,3539.5178,6598.3686,8435.7387,9593.8878,13687.3930,13201.0278,10505.6978,8138.1218,12603.0919,12623.6908,392722.4527,400977.5839,387979.5531,390127.6064,388726.8587,390069.0785,397014.6173,394596.3460,173064395.0462,173067981.8755,173052652.4426,173048989.1063,11461.7811,6623.1337,11277.7444,6552.8000,2973.6510,10344.3866,7285.2923,11747.3635,12807.5356,8582.0217,3393.5651,11817.6358,9585.9428,390811.3394,399347.7967,386153.1528,388295.1865,386982.5843,388324.4189,395277.4799,392791.6794,173060038.0975,173063626.0804,173048296.0844,173044632.6072,9660.6001,9679.8028,12547.0727,11347.2849,10224.0736,9867.9821,1803.8067,6155.8040,9102.5610,10011.9142,7206.9694,3168.9593,383325.0851,391708.7633,378636.8560,380777.4598,379273.7250,380790.7063,387910.4236,385255.0107,173053443.4250,173057029.3730,173041701.1556,173038036.8759,6760.3705,5433.6851,9026.4310,5735.5755,11723.6885,10902.3203,13182.6121,12305.4171,8328.0628,13385.7373,8515.5501,392668.0780,401106.0014,387994.0284,390134.7385,388685.4523,390156.7873,397230.7967,394619.2478,173061072.1831,173064660.1908,173049330.9241,173045666.4518,6832.4189,12745.9800,1455.5739,13811.6729,10954.0565,11552.0931,13730.9140,12670.5129,12701.7121,10721.5016,391503.1171,399584.0390,386727.4281,388873.9742,387265.6974,388795.4220,395916.1228,393321.5555,173062950.8067,173066536.7321,173051208.7311,173047544.1795,8612.5943,5575.1526,11601.9640,13377.3640,13699.5359,12318.5615,9360.3428,13649.6237,12030.5229,394119.1301,402362.7438,389379.7296,391526.3671,390068.2660,391476.1260,398483.9695,395992.9964,173064932.0659,173068519.2028,173053190.0107,173049526.1138,12051.9978,4666.2272,11167.6100,11563.9958,6172.8664,2358.3289,10114.7857,9578.1157,388342.0154,396875.9678,383679.0839,385821.9951,384535.9354,385844.3938,392766.1867,390318.5759,173058403.1949,173061990.6263,173046660.6685,173042997.5677,13590.6517,11494.8179,12242.6441,13686.1122,12040.4128,13163.1262,10852.4380,392493.8690,400618.2980,387729.5814,389875.7425,388294.7868,389807.6175,396913.0948,394328.1650,173063544.7811,173067131.1093,173051802.8455,173048138.3333,8983.6981,8315.7862,1666.1662,4972.5247,6312.9059,8778.7513,383850.3320,392320.3737,379166.8685,381311.1353,380001.6770,381314.0753,388239.9562,385801.1281,173055312.2042,173058898.4158,173043568.9821,173039906.1256,4982.2128,8009.8608,9902.9535,5819.6835,3700.5658,381878.2941,390267.5067,377188.6650,379329.8492,377846.1002,379340.5772,386439.6614,383808.4089,173052471.6495,173056057.3114,173040729.0815,173037065.0403,6876.5362,11252.6610,2396.4510,8092.5053,380630.6659,388807.8468,375871.2465,378018.3017,376506.4320,377954.1243,385003.6881,382476.7274,173054019.3334,173057603.5641,173042275.7257,173038612.2702,6263.0592,4747.2481,8448.1844,382579.0888,391003.6651,377883.0014,380027.8690,378690.2577,380019.5572,386961.1463,384513.0712,173054534.0860,173058119.8321,173042790.6871,173039127.8052,9944.1299,7794.2640,387669.8568,396282.1443,383033.6229,385174.0602,383887.6257,385226.4264,392179.5882,389677.8262,173056745.9430,173060333.7083,173045003.7520,173041340.3903,8276.6690,380474.8242,388724.0796,375732.0953,377878.9241,376427.9936,377828.6273,384835.1584,382345.4446,173053724.9128,173057309.4261,173041981.2031,173038318.0431,384370.5371,392910.6485,379726.6265,381864.7482,380437.0077,381920.8927,389012.4778,386358.4735,173053142.0959,173056729.0345,173041400.1976,173037735.9788,23518.0953,7978.1854,6538.5460,15668.0803,12894.9113,15702.8763,8441.0052,172735689.1070,172739202.9301,172723901.2044,172720257.4021,20205.7784,19268.2376,15670.7024,14504.7952,14713.0626,15186.0940,172740489.1485,172743994.9491,172728697.3023,172725054.2650,2194.9311,10027.5734,6504.1254,13625.8116,6858.6086,172743047.5719,172746560.3863,172731259.2577,172727615.4389,10321.2168,6618.3939,12644.1548,4982.6231,172741015.6972,172744528.2279,172729227.2090,172725583.4634,8034.7767,17666.0465,10409.8186,172745010.2430,172748520.9177,172733221.6590,172729576.9976,10321.2168,6427.5312,172744750.6388,172748261.2482,172732961.1093,172729317.6766,10067.6006,172740333.6542,172743842.9545,172728542.4535,172724900.5212,172738436.2624,172741947.2945,172726646.9616,172723003.4606,60848.2595,39765.6860,28612.5693,37599.8048,42604.5882,28083.0814,
5100.000,5109.6761,8556.7462,0.0000,9549.4925,13061.3022,13510.0840,12664.5188,13135.6288,9049.7383,11274.0875,10596.8709,4423.5074,3059.6763,11393.7424,10209.2345,9409.4254,8111.0830,13340.2628,13431.9826,1457.9222,9987.5192,8525.6970,8255.6955,2898.5652,0.0000,11383.0795,13091.7276,11869.5423,9425.1732,11331.6121,8174.7533,12157.7612,7856.6132,8808.8884,8372.9720,8453.3945,10872.0923,2169.6055,5442.7655,6179.9733,9264.5185,5145.7676,12645.8964,11885.9952,12513.2287,12985.2593,8431.7746,13688.2680,9359.7885,392327.1794,400803.9088,387937.3913,390220.8055,388393.7102,389994.9968,396969.5861,394499.3934,173056580.9682,173059807.4050,173044596.9657,173041048.3502,9678.1913,0.0000,5148.2790,12254.8673,13223.0841,12012.3001,12298.7017,4481.7203,9593.3409,11234.8041,8935.2979,7765.7372,13275.8910,12157.5746,4948.0165,10150.9176,11370.0318,11363.9566,6423.8852,12604.9312,5522.4575,10387.3315,6779.5657,0.0000,8114.8345,10443.3902,8301.1861,12268.1577,7494.4400,7980.1391,11633.1392,8014.5762,7733.5182,5683.8917,8224.6477,12694.5757,5880.4013,4283.7033,2715.4185,10090.1946,2856.7337,12115.2986,13397.2374,13112.5726,12388.6422,10499.0211,13122.9412,12255.4112,393835.5181,402113.1095,389381.4938,391666.2181,389822.8875,391375.1031,398288.6146,395924.8164,173060396.5584,173063622.1332,173048411.8320,173044863.6959,0.0000,11503.7354,7634.7086,9426.8393,12717.0511,7824.9233,11173.6330,13660.5256,13245.9833,7921.0143,7615.7925,9381.5171,11835.1297,10278.2286,1828.8818,12289.0156,11433.1924,8628.6588,10048.9558,6981.5603,2208.3711,6270.1890,0.0000,8858.2108,11182.3811,11067.6591,10048.2532,11541.2071,2735.5187,5617.4335,2418.6755,13536.4218,6540.2050,2638.8740,10783.1983,6787.3269,11963.8523,8072.3240,920.6735,11341.9480,6593.3227,10601.0742,11993.2360,7554.9174,2105.3736,10402.3523,9330.3692,387084.0287,395725.8496,382729.1621,385009.7493,383348.7589,384817.2667,391664.4091,389301.8725,173052192.4158,173055418.4908,173040207.3908,173036659.9259,0.0000,0.0000,0.0000,0.0000,0.0000,0.0000,0.0000,0.0000,0.0000,0.0000,0.0000,0.0000,0.0000,0.0000,0.0000,0.0000,0.0000,0.0000,0.0000,0.0000,0.0000,0.0000,0.0000,0.0000,0.0000,0.0000,0.0000,0.0000,0.0000,0.0000,0.0000,0.0000,0.0000,0.0000,0.0000,0.0000,0.0000,0.0000,0.0000,0.0000,0.0000,0.0000,0.0000,0.0000,0.0000,0.0000,0.0000,0.0000,0.0000,0.0000,0.0000,0.0000,0.0000,0.0000,0.0000,0.0000,0.0000,0.0000,10640.4254,11483.5146,9719.5106,10607.5595,776.5404,6986.4152,10612.5019,12298.4810,11549.8593,13446.4300,12495.1893,2006.0037,12310.6499,7849.3195,7883.8526,10541.3317,13512.2088,5959.8481,12457.5477,10866.6235,0.0000,5436.7432,6620.5717,3983.0852,13441.9962,2777.4737,9727.5105,10853.3004,10026.1919,7084.7221,6496.7719,9809.5847,12788.4260,10199.4661,6522.7272,5713.5423,11506.9745,5754.5989,10983.8511,13104.2920,11908.9206,10910.9911,12523.3028,10980.1684,13511.4559,391866.1232,399913.7607,387340.8911,389627.0665,387739.1799,389264.3844,396138.8439,393862.3186,173061329.6585,173064553.5654,173049343.8547,173045796.2191,3210.0234,8388.8026,226.1822,10826.7067,10792.6453,11456.7491,12355.5534,12513.0909,7985.7640,10986.0975,9944.1820,8332.2142,6878.9564,5576.9336,13149.6359,10151.5045,8893.9857,8194.6526,12050.9122,0.0000,6705.4988,5949.8391,7778.9915,10641.0989,8882.7074,8056.2545,2350.0393,8353.2204,12804.1529,8937.7326,7783.4154,9379.9050,12292.0114,13553.9108,11151.4868,6867.3750,13251.1916,1225.2170,8313.2254,8444.1988,559.3385,8120.6980,4125.7553,10177.1252,382579.9497,390898.0811,378125.1817,380408.4962,378663.9561,380117.3612,386934.9770,384668.6622,173051843.1116,173055066.5650,173039856.5373,173036309.6685,6141.7275,3054.4171,11789.1768,9545.5084,9419.1729,12184.7239,12664.1946,5940.4265,8861.7895,11320.5895,9564.2279,5841.0224,5133.0891,13344.4240,8333.4168,11037.2573,9287.3244,12805.2143,0.0000,8796.7653,6379.1946,8801.5197,8961.1683,9707.5968,10268.8905,5166.3457,10451.7012,11881.7257,11130.6109,10048.0257,7118.8481,13095.2776,13504.4043,12730.6241,8806.6065,13553.9433,3989.7871,5818.5130,5684.1904,2848.3149,9263.5510,1431.5074,8653.9841,380855.0035,389105.4706,376384.3748,378668.9175,376857.5252,378363.6808,385233.5656,382923.3971,173050493.6340,173053716.4823,173038507.0070,173034959.8731,8222.2047,10219.2351,4357.3875,4584.2471,12004.1034,12479.0301,7203.3489,6249.8212,10648.5765,12582.2420,3826.6126,5058.4816,12502.0873,7946.8767,12274.1831,12334.3244,13270.0058,0.0000,10171.6013,6466.7022,8289.5510,8341.8787,8430.7201,12995.9513,10075.9300,13124.4150,7273.1702,12553.0895,12917.2086,6008.4717,13261.9083,10515.6832,12772.8989,12446.3610,11100.3247,9212.9556,5832.8447,3246.3751,8239.8703,12408.3942,4954.0735,8673.3355,383043.9933,391057.1533,378513.6934,380800.9734,378832.5643,380437.1068,387395.6790,385033.6148,173053434.1790,173056656.3497,173041447.7681,173037899.9737,10809.3859,10660.7162,11351.9981,12433.1302,12600.0968,7961.8263,10923.1002,9947.2234,8505.1797,6693.9347,5393.0900,13221.8630,10138.1115,8990.6429,8362.8343,12165.8477,0.0000,6722.3866,5807.9325,7705.9601,10635.2156,8813.0927,8232.2567,2572.9963,8530.0316,12725.5477,9047.1230,7962.9280,9321.5028,12399.3446,13545.1449,11232.3521,7065.6829,13258.3359,1446.1709,8244.6927,8314.9944,604.0664,8292.2376,3933.4273,10186.8399,382503.7742,390810.2377,378045.6822,380329.1172,378579.4022,380034.7253,386853.7878,384588.1727,173051871.7004,173055095.0807,173039885.0967,173036338.2264,7528.0023,10917.9766,11977.7323,11152.7255,13577.4089,12663.1418,1671.4672,11996.6305,8450.5191,8425.9248,10105.7982,13573.4947,5477.6999,12168.4099,10365.8924,0.0000,5501.3239,7155.1342,4491.0573,13469.8839,3394.0278,9310.0840,10874.0130,9595.5089,7316.5806,5999.9529,9413.3370,12966.4533,9665.3935,6267.6344,5004.8899,11223.2160,5354.8196,11087.0384,13319.8847,12264.7542,11093.4351,12236.0980,11364.1005,13513.9332,392340.8801,400422.2196,387825.4870,390111.3971,388235.5406,389758.4532,396632.1033,394349.9958,173061423.8976,173064648.0736,173049438.2315,173045890.5629,4893.5178,12026.1023,12086.4248,10278.8670,7927.7981,8538.5119,13701.8762,5155.5630,6526.9565,11451.9476,10123.5615,11287.5128,13582.6887,12733.0064,0.0000,9713.7387,6923.7530,7161.1609,10189.9870,6578.9943,13210.5567,12031.4157,13354.7261,3778.6534,11675.5226,13225.8208,8664.9591,12400.0886,7499.8138,11008.9455,13582.5505,8160.3234,11502.4734,9144.6479,6974.7270,10798.0141,13686.8389,8477.1073,10640.2336,387123.8111,395049.0670,382570.9289,384858.9257,382848.6237,384471.4595,391442.5184,389083.2262,173057429.5310,173060652.0360,173045443.4631,173041895.4007,9656.7402,10286.0962,7292.1154,3482.9822,11773.8932,12638.9732,7868.1664,9050.5559,10135.6180,6291.1195,13300.0951,12380.5959,11732.0028,0.0000,12541.6464,10021.5965,10845.1807,6289.5908,10511.9763,13705.7172,12502.4920,13661.1637,5169.8370,13502.0522,13729.4005,4960.7441,11704.7786,8427.2852,12722.1560,13284.7448,9493.2709,11918.6833,6042.8966,4550.1045,11225.2159,12519.1309,8661.6131,6997.7742,384927.8681,393011.0721,380426.7413,382714.0062,380702.3814,382380.0161,389416.6274,386954.5651,173053449.0489,173056672.0630,173041463.5301,173037915.0239,1529.1777,8447.8535,7859.0847,12191.6514,6620.2086,13557.0635,13662.8203,3113.7279,6696.8295,10900.9323,6513.6660,3714.7903,0.0000,13037.1209,13854.3353,13570.8342,6056.0424,13343.3021,8960.0708,11527.8246,8522.1934,10160.6488,10673.9784,9136.1985,8222.4803,4311.2473,8417.3625,9548.6931,8583.7975,8649.0475,11837.3342,9271.2451,10728.5643,12098.0459,6720.5766,12577.1756,5843.2954,388594.8801,397175.3998,384237.7353,386520.3224,384704.6765,386328.1986,393332.0996,390808.9395,173052221.1288,173055447.4218,173040237.1215,173036688.4328,9523.9165,8904.6067,11342.1061,6565.2279,13678.5822,13724.1890,1881.0491,7961.3881,9947.0329,6575.2104,2387.4277,0.0000,12453.8963,13716.2526,13114.9203,7356.6957,12819.9840,8246.9108,11545.7565,7808.5679,10037.6951,9705.8552,8467.3089,9305.7377,2854.7514,7693.7338,8341.5681,8350.8577,7722.5762,11972.1188,10305.9117,11551.3720,12317.2718,6776.1626,13040.2657,7146.9536,389929.8469,398504.9570,385569.9540,387852.4982,386047.3675,387657.0972,394646.0156,392140.5162,173053530.2453,173056756.7519,173041546.2938,173037997.6495,4665.9455,13557.1407,8395.9714,9465.4826,9562.6977,10616.4674,2787.3809,12964.7401,7944.6390,10630.1373,0.0000,12423.8622,10750.1041,12361.1882,3544.7002,12747.0593,11120.8726,8548.7443,10985.7620,11112.1392,12913.7755,11023.2626,2539.8136,11175.3365,12447.2700,13445.0616,9217.9980,12911.8082,7952.2341,1717.9790,4407.3317,7489.1514,8021.4036,6356.7136,3185.3108,381044.7773,389451.7324,376630.2066,378914.3302,377068.0024,378666.8715,385640.3577,383185.5784,173048084.5547,173051308.4065,173036098.9858,173032551.0092,13216.5041,10842.5864,9542.7783,10320.0644,9369.0960,2988.7732,13708.0832,10492.4269,10620.7720,0.0000,13420.8781,11411.0689,12476.2337,3006.0232,12380.4168,12950.1871,11707.9854,12795.0621,7872.0713,13767.0268,12958.2034,2208.7741,10890.6249,9894.1398,13261.7555,11914.1840,10821.5344,11178.4253,3810.1994,4173.4260,10620.5231,10636.3369,8573.1790,3805.9571,383414.8204,391677.4058,378966.0055,381251.8256,379297.4224,380970.5908,388012.3119,385509.9177,173050531.8443,173053755.5106,173038546.6270,173034998.0833,11307.4796,8511.9100,8165.2603,10483.3619,13813.4494,4130.8390,11513.0368,10286.1361,0.0000,4090.6084,6722.5931,3951.0729,13759.9395,3279.5137,8232.7646,9813.5460,8588.2500,8673.0730,4699.4979,8308.2591,13256.7857,9651.0707,7513.4991,4515.7625,10258.7313,6483.6024,10133.7295,13444.4251,12563.8967,10261.4543,11555.7947,11039.4155,13695.5746,391956.1012,400084.4634,387451.6047,389736.8063,387901.9005,389394.2145,396238.6366,393979.4754,173060995.0987,173064219.4056,173049009.3223,173045461.8719,12707.5218,12021.5020,7882.4668,8800.6042,8340.3963,510.7817,5643.3664,0.0000,10183.8677,11993.3155,12057.6586,8747.7762,12449.3025,4330.4401,6565.0377,3906.8910,13368.4002,7926.7652,4307.9260,9815.1710,6373.5445,11886.0414,8948.1687,2398.8957,11450.4558,7329.7840,9752.1473,11455.0872,8139.0223,513.8859,10548.2917,7984.1419,386494.6062,395170.1012,382152.5285,384433.1245,382756.4166,384254.1540,391133.4904,388728.9768,173051044.3668,173054270.5511,173039059.5584,173035511.8678,1629.7537,13555.6263,10688.4720,10413.1315,12571.3438,13818.5115,0.0000,7337.3500,2896.3656,5208.2342,11074.7409,5715.8172,11951.6058,8708.0392,12241.6265,8491.7010,10788.2980,11833.6633,9010.2113,13683.5745,11038.2242,11594.2632,11872.2519,11166.6750,7911.5237,8538.0297,6500.3719,6987.9753,12601.8225,4632.5698,11182.7091,384184.5940,392155.5050,379635.5750,381922.4582,380000.9477,381538.0895,388424.1508,386149.8413,173055547.8346,173058769.8914,173043561.0009,173040013.7021,13703.6188,11053.2639,9617.4628,11910.1333,13629.9535,0.0000,6258.6637,1803.9070,4661.7946,11467.0421,5521.4869,11038.3710,7428.7230,11374.1836,9580.7498,9971.8375,10887.3561,9523.7062,13529.7232,11618.5671,11202.3729,10934.2239,11562.8684,6648.8299,8879.6962,7232.8046,5770.9864,11916.4655,4152.2405,11444.8666,384077.3212,392098.6992,379540.1785,381826.3609,379946.9428,381453.3216,388310.1349,386058.2219,173055326.3688,173058548.6240,173043339.4675,173039792.3679,8992.0225,9555.8038,7952.6842,2845.1876,0.0000,12188.8235,13548.5336,12613.5027,8373.2514,12137.4613,8703.2714,12293.1950,8333.0179,9001.7636,9383.5440,8957.4085,10068.5388,2602.4855,6123.9455,7461.6552,9346.3126,6129.1490,12714.7138,11164.9645,12007.6210,13012.3246,8144.8384,13559.5438,8318.1022,391379.6445,399886.0262,387000.3013,389283.5553,387450.8128,389068.6177,396062.0103,393565.1421,173055306.5863,173058533.0225,173043322.6644,173039773.9421,13402.0982,8381.5829,9578.4751,0.0000,13479.5409,12091.1726,13232.2735,812.5845,13342.1281,11684.4990,10464.2834,11455.6316,10059.4459,13340.7126,11668.5845,2118.9211,10103.2395,11158.8457,13215.6534,10136.1324,11824.4256,10057.6661,3181.7469,5307.7778,9708.3874,8516.4014,8537.7978,1055.2843,382622.2532,391042.4827,378217.0144,380501.2947,378620.2606,380263.3376,387282.2365,384774.3988,173048714.1763,173051938.4740,173036729.1174,173033180.7138,8663.8827,8261.6399,0.0000,4197.7264,8368.6472,6471.3639,13341.1264,6565.3471,4495.9081,7808.3340,4911.0683,11181.4340,594.0495,4588.2778,13334.3126,7822.8847,9197.1163,3183.4098,7011.1344,8015.3916,8585.4842,13375.3372,13318.7862,9187.8047,8666.9793,11285.3684,13016.0645,391437.6988,399786.8762,386994.9778,389277.9644,387543.0293,388996.4843,395811.8829,393541.6119,173058838.9649,173062064.3008,173046853.5118,173043306.2036,5835.4073,0.0000,10348.6175,11958.1161,12135.0739,8348.1593,12538.6132,4745.3263,6508.9761,4345.4041,13300.3872,8270.4288,4708.3251,9415.3984,6592.0185,11959.2375,9273.0180,2645.2788,11582.3129,7205.2868,9331.8814,11103.7055,7970.5395,207.0596,10284.4881,7566.1737,386062.7245,394734.6056,381719.9333,384000.6272,382318.1013,383821.1880,390706.0907,388296.2064,173050668.3652,173053894.4531,173038683.5296,173035135.8216,0.0000,11304.4358,13351.2255,12443.6808,9094.4593,12208.4740,6420.8198,10757.8327,5962.9960,10888.8538,7937.7605,6690.2338,10751.0729,1020.6741,8025.7837,6711.6764,7091.7414,7601.3638,11399.4042,11508.5413,12664.0193,11936.9020,6005.6327,13280.9841,8752.6601,390951.9758,399554.7540,386596.2354,388878.1834,387118.6528,388685.9169,395631.9467,393168.3738,173054595.1253,173057821.9155,173042611.0981,173039062.7107,0.0000,0.0000,0.0000,0.0000,0.0000,0.0000,0.0000,0.0000,0.0000,0.0000,0.0000,0.0000,0.0000,0.0000,0.0000,0.0000,0.0000,0.0000,0.0000,0.0000,0.0000,0.0000,0.0000,0.0000,0.0000,0.0000,0.0000,0.0000,0.0000,0.0000,0.0000,0.0000,0.0000,0.0000,0.0000,0.0000,4729.6086,3228.1357,13637.5404,4094.7223,7097.7066,6627.4552,7606.3003,11002.8298,4626.4754,6997.1866,12791.4875,10991.0545,10634.8405,6728.8301,8485.1109,9788.2455,6934.2216,12473.0712,11802.8187,7145.5223,10324.8398,8765.7285,13384.9057,388805.7376,396990.3613,384312.2624,386596.3603,384824.1179,386264.3278,393058.6221,390843.3394,173058413.6839,173061637.6047,173046427.3632,173042880.4182,3004.5267,12426.4325,4056.7585,10369.3628,7420.8471,10762.6294,9656.6431,8778.0462,10232.5166,10739.2042,13152.5899,11199.1019,10100.6045,10706.1988,10938.8771,6891.3355,10219.8091,8724.7973,6270.7577,11958.5924,5649.3620,12368.9473,385588.5533,393610.4543,381050.3055,383336.2240,381474.0375,382961.1874,389797.3413,387567.8236,173056787.5685,173060010.0822,173044800.7176,173041253.6944,13400.0687,1373.1144,9605.5564,8515.7783,10026.5844,9002.6527,6993.4614,9544.7019,12163.7832,12041.8861,9659.9730,7941.8920,10753.5173,9111.1851,8399.5625,11970.9661,10626.2714,8145.7984,12150.4623,8253.5312,13356.9951,388581.0862,396608.7582,384045.1388,386330.9452,384473.9790,385957.3266,392788.5320,390563.1968,173059261.2547,173062484.3611,173047274.7392,173043727.6009,13439.7061,11638.0929,10845.4118,11382.5187,9822.5413,13270.1655,11646.0452,2707.6725,9612.8529,10724.8968,12970.9157,10207.7331,11417.6573,10510.2004,3936.2713,5871.3673,10215.6233,8497.2888,9152.7764,922.6607,383277.4921,391709.4535,378876.8396,381161.0475,379276.9742,380927.5678,387954.4622,385435.3900,173049041.7528,173052266.2521,173037056.8544,173033508.3503,9990.6745,9532.5399,10373.5030,8078.2057,7116.1392,9975.8620,12310.8884,11717.4236,8646.9313,7496.2725,11326.8733,8103.7399,9455.0106,12298.2487,10875.2379,9209.8507,12573.7841,9096.1405,13465.0924,389587.0454,397591.6098,385046.3070,387332.5020,385452.4033,386954.2325,393803.0440,391562.8683,173060113.0296,173063336.2328,173048126.6842,173044579.3748,6117.3648,588.7699,13006.2226,3988.1783,347.6256,12156.5928,6541.7592,11031.0621,5892.0763,2936.3355,10130.0050,7198.2849,12067.3091,12941.6029,8156.5302,4699.3972,11025.1016,11054.8178,389170.3862,397736.3161,384791.6649,387072.7367,385404.5384,386855.5833,393680.0475,391357.3106,173054850.9240,173058076.9774,173042865.8143,173039318.4493,6405.4898,13472.6472,7710.3406,5811.3611,10150.2665,11057.4380,13476.9056,10160.7067,4774.8158,13003.9793,1247.4663,9261.5611,9883.5883,2446.3040,6400.3748,6225.4683,10249.9960,383740.3381,392170.8439,379318.0263,381600.1703,379903.5618,381340.7198,388146.4666,385871.0479,173051886.2392,173055110.4854,173039900.0139,173036353.1228,13029.2662,4397.0053,823.1947,12024.3585,6139.3116,10975.5402,6022.3944,2792.8706,10104.4345,7468.6141,11981.0260,12954.1187,8418.7807,4309.2939,11226.8711,10786.8295,389192.0089,397779.9293,384820.5425,387101.4965,385433.8269,386891.7182,393724.3583,391388.3309,173054572.3694,173057798.5561,173042587.3705,173039039.9329,11496.4882,13116.9952,9255.4849,10414.4352,4361.0227,9854.9045,13713.0512,5463.5917,13218.1759,10273.9158,8833.5224,12774.4409,13445.1539,11108.6848,10350.4028,389799.7429,397811.6399,385276.9143,387564.5559,385549.1786,387207.1989,394217.9495,391798.0917,173058393.9507,173061617.4832,173046408.6751,173042860.1346,4096.4845,13358.4420,7533.9375,9403.9304,3224.4405,6601.9785,8222.3443,8549.5526,13398.4100,13464.6942,9214.3536,8269.7638,11447.2869,12913.1611,391409.2297,399791.5881,386976.1910,389258.8713,387535.8131,388987.0162,395801.7329,393525.7190,173058512.5432,173061738.0487,173046527.1679,173042979.8507,12111.2979,6832.8282,11240.5332,6136.1864,2737.7192,10354.3946,6909.0649,11975.1086,12852.8297,7887.3380,4650.2426,10826.8463,11051.6430,388883.3339,397447.5918,384503.6907,386784.7322,385119.2595,386566.6438,393387.3336,391069.0551,173054673.2081,173057899.1901,173042688.0357,173039140.7141,11144.3740,11097.2250,13367.5313,10734.2946,11808.3793,9538.1812,1666.5417,3213.7916,8956.3767,9530.0608,7041.7632,3072.6298,382035.4598,390345.9670,377596.6947,379881.9302,377971.5217,379610.6805,386620.4660,384144.3060,173049351.5921,173052575.1917,173037366.1273,173033817.8737,7280.6168,5963.1863,7579.3271,6759.7136,11699.9744,11940.1171,12891.8300,12214.9794,6754.3854,13488.7093,9339.1274,391730.6826,400296.1146,387363.9610,389646.2753,387874.9001,389442.9404,396387.6971,393932.9365,173055598.9114,173058825.6560,173043614.8751,173040066.4746,6868.4968,12372.8313,1489.5848,13624.2771,12181.5332,11566.6100,13569.1991,12115.5396,13115.2645,11028.0241,392888.2613,401063.0764,388411.6610,390697.8867,388754.1221,390385.7902,397376.5548,394947.4308,173059678.3769,173062903.3388,173047693.7650,173044145.1386,8426.7316,5517.5734,10853.6742,13797.1889,13753.6867,11346.1140,9340.8420,12850.2401,12772.3634,393400.4166,401753.0538,388963.7396,391247.2991,389470.7355,390972.5491,397837.6811,395512.3540,173059877.5382,173063103.3535,173047892.6450,173044344.8624,11758.6144,5786.2734,10416.3353,11757.5794,6798.1149,2506.5353,9831.2593,9480.2297,386461.1625,395084.5769,382099.6015,384380.2476,382722.6452,384181.0453,391017.0683,388670.3774,173051980.8896,173055206.7272,173039995.6721,173036448.3301,13262.9245,12769.4491,12235.5058,13312.9781,11725.8719,13244.4730,11615.1546,393516.1533,401716.8228,389044.6285,391330.4509,389417.3299,391022.8704,397987.7618,395582.2492,173060258.5190,173063483.7005,173048273.8840,173044725.4096,8522.9140,9005.0006,1222.6017,7113.6950,5079.7457,9961.4402,382862.4310,391248.1570,378427.3656,380710.0412,378990.9022,380438.3772,387253.0629,384976.7254,173051487.9384,173054711.7938,173039501.5503,173035954.6580,2797.3518,7854.0207,9414.4679,5846.5846,3974.4999,380889.4720,389201.8496,376448.2530,378733.3209,376844.6405,378459.5867,385445.0629,382995.5488,173048683.7185,173051907.0684,173036697.9673,173033149.9538,8100.3538,11184.9324,5025.1806,6178.1664,381355.8476,389509.9300,376868.3235,379154.7147,377213.6407,378834.5962,385818.1121,383401.4868,173050512.8015,173053735.4186,173038526.6971,173034978.7448,7899.7433,3899.3379,9739.2444,382274.8918,390606.2107,377824.5833,380107.8917,378360.9207,379821.4938,386647.3840,384369.4923,173051387.7505,173054611.2260,173039401.2243,173035854.3042,10279.0690,7709.4707,385986.9751,394662.1496,381644.7826,383925.4025,382247.2790,383746.4893,390627.5565,388221.2259,173050617.7511,173053843.8352,173038632.8906,173035085.2134,8985.0686,381052.3190,389224.3717,376559.8540,378845.1601,376998.0453,378518.2728,385398.6822,383092.1552,173051245.6658,173054468.1620,173039258.9308,173035711.7447,383147.1097,391617.4773,378756.2731,381040.0397,379180.7815,380816.1484,387829.3105,385317.9353,173048742.7842,173051967.4373,173036757.8810,173033209.4683,23634.7279,7764.3317,6563.4845,15741.4018,12797.0580,15952.4087,8612.8109,172731632.2629,172734784.6554,172719602.2220,172716073.4687,20175.1451,19022.1884,15695.1098,14443.7206,14610.3797,15163.9707,172736483.6363,172739628.0014,172724449.7158,172720921.6496,2294.1205,10102.2852,6465.2427,13685.3274,6822.5459,172738715.8797,172741867.2339,172726685.4216,172723156.6455,10481.8320,6355.6013,12382.0203,4759.8759,172736746.0969,172739897.0692,172724715.3862,172721186.7326,7835.2294,17724.9774,10826.5211,172740956.0251,172744105.2658,172728925.3398,172725395.6950,10481.8320,6239.2509,172740472.8901,172743622.0639,172728441.2747,172724912.8220,9699.5327,172736376.8573,172739524.6371,172724343.4983,172720816.5787,172734361.5010,172737511.0341,172722329.9924,172718801.5971,60615.0335,39518.9072,28631.5146,37857.4920,42255.1094,27804.3454,
5400.000,3798.2408,6806.8170,0.0000,9439.7249,12990.7498,13452.3452,13341.1288,13040.5370,7836.0249,11206.3035,10713.8284,4866.7855,3920.6579,11348.4864,11953.6982,8889.3601,6811.3354,13199.5085,12952.6932,4712.8261,11211.7821,6459.9759,8438.9908,2615.0603,0.0000,9547.7149,12369.6849,10554.8642,10361.6976,10220.2206,5781.5416,12136.7539,5880.9606,9678.6460,7320.3736,8414.8213,12379.4727,2212.0113,5858.0420,5904.8438,8010.5087,5922.8611,12591.8541,12967.1830,12482.1857,12838.0433,7527.0484,13615.5706,10811.2245,391698.2080,400288.5742,387620.9558,390050.8972,387891.5105,389597.1262,396417.4253,394014.2275,173051560.6670,173054431.0811,173039339.3501,173035911.4133,9682.2225,0.0000,7192.5376,13014.2460,13339.2477,12125.4981,12997.2986,4577.7209,8892.1790,9505.8637,7972.3794,7188.7863,12225.8454,11635.3109,7360.8374,9792.7176,11490.7287,11417.1171,6215.4446,11815.5902,6945.2256,10829.1542,5938.1049,0.0000,9145.5182,10584.8828,8781.6642,11996.4818,8073.4042,8332.2216,12789.6755,8553.0402,6717.6827,7947.8280,9855.1952,12644.2344,5707.1254,2217.5900,5588.3363,10561.0640,2336.3316,12938.2168,13305.9678,12166.8733,12899.2062,10360.3316,13167.2413,11725.7087,393441.0754,401840.2657,389309.0255,391738.7786,389511.7951,391231.8064,398053.2180,395683.9058,173054742.6416,173057612.3957,173042521.0771,173039093.1045,0.0000,11527.7572,9813.8441,10528.1223,12703.6423,9971.5865,11861.1035,13590.2642,12597.5966,4609.3985,4722.3601,9285.6327,11758.2267,10324.8207,1832.5429,13337.9582,12593.7343,8108.8612,10035.4549,6918.5400,2107.0542,4639.3568,0.0000,8879.5257,12567.2258,11435.1840,7326.6998,11807.5842,2762.8257,8019.6615,2294.4068,13322.1922,6705.8736,4930.8986,10425.3401,4866.4616,11275.7316,8083.0198,1500.3647,10992.4897,8917.8462,10401.3094,11799.0465,9623.2627,2086.6418,11268.5934,9226.6497,385714.5207,394420.5708,381664.2979,384091.8110,382021.6673,383667.4148,390431.8546,388063.1090,173046236.7166,173049106.4598,173034014.6132,173030587.3370,0.0000,0.0000,0.0000,0.0000,0.0000,0.0000,0.0000,0.0000,0.0000,0.0000,0.0000,0.0000,0.0000,0.0000,0.0000,0.0000,0.0000,0.0000,0.0000,0.0000,0.0000,0.0000,0.0000,0.0000,0.0000,0.0000,0.0000,0.0000,0.0000,0.0000,0.0000,0.0000,0.0000,0.0000,0.0000,0.0000,0.0000,0.0000,0.0000,0.0000,0.0000,0.0000,0.0000,0.0000,0.0000,0.0000,0.0000,0.0000,0.0000,0.0000,0.0000,0.0000,0.0000,0.0000,0.0000,0.0000,0.0000,0.0000,9295.3848,9978.5052,9115.2271,9190.4266,3533.5901,8544.5670,11315.3040,12375.4193,11848.4411,13539.5285,12568.5373,2004.0443,12361.4171,7861.9741,6421.8261,11863.9471,13521.4118,6086.6473,11410.7474,9863.6512,0.0000,4716.7828,4907.2685,2034.2018,13825.3957,1116.6340,9773.7167,9796.7234,10126.7198,7211.4962,6399.1930,8565.4674,12657.5703,10004.1997,6786.3305,5223.4103,11495.6450,5422.1556,9556.1957,12702.1525,12444.6926,9209.8952,12568.7107,9527.7399,13578.1401,391664.4407,399827.7644,387455.0355,389879.2372,387665.5678,389301.5485,396011.4615,393795.7917,173056617.2293,173059485.2254,173044394.1953,173040967.1829,1777.8008,6005.5612,229.4232,11520.1273,10797.9306,11688.8561,12309.3816,12475.0275,9320.8044,10002.0890,8921.5180,10414.3087,6841.8962,5361.0666,13525.6431,10173.9117,9652.2119,8172.7712,12074.5775,0.0000,7178.3288,6245.5100,7686.5412,9609.0620,8570.8028,9995.6214,2379.6036,10014.6347,11898.0990,8900.5602,7532.2230,7807.0097,12278.1702,13102.6313,10599.3930,8723.8217,12528.6368,1225.9763,6827.6392,9129.4131,238.0621,9969.4811,2545.6549,10045.5126,382412.1547,390631.9814,378214.9639,380638.7802,378455.2478,380075.6642,386776.6610,384559.8086,173048592.6881,173051459.1872,173036368.6540,173032942.1316,4754.5407,1717.7534,11859.6584,10000.1974,10683.6913,12493.8225,12741.7329,8318.3103,8723.8405,9904.7352,10842.2324,5970.3640,5161.5620,13392.4578,9112.6222,10835.1776,8981.0875,12767.1676,0.0000,8545.0413,6421.0389,8489.5674,9011.9424,9220.3205,10989.3262,3782.4529,10967.5563,11483.7509,10196.9979,8899.7977,6489.2691,12903.7924,13227.8753,11624.4447,9521.7095,12857.5880,2742.2328,5453.4530,7748.5583,1978.3597,10360.5791,1211.1675,9108.1466,381724.3728,389891.7379,377514.2126,379939.2639,377712.4786,379362.8284,386093.7496,383856.6570,173048186.4155,173051052.5595,173035962.3570,173032535.6735,5847.1990,10049.0526,5963.5593,7447.7514,13126.7950,13272.9639,8262.1426,6474.1325,9971.6240,12659.8676,1929.6201,3674.8213,12561.4459,8292.6368,12045.0176,11783.2060,13585.7431,0.0000,10044.9942,5142.6049,8182.8666,9923.5927,8349.4094,12923.9450,7980.8817,12952.4503,8060.2584,11820.0261,11559.7689,6021.0821,13571.5149,11259.8586,12132.9757,12166.5226,11254.9612,7036.2047,5816.5604,5638.9202,6157.1900,12368.5667,3717.0058,8771.4109,384029.9198,392021.3041,379775.6869,382203.0402,379861.0583,381580.9544,388375.0495,386106.3899,173050957.4561,173053823.2318,173038733.6333,173035306.4423,11429.9164,10673.8521,11630.3463,12418.7144,12575.6342,9387.6562,9979.6340,8855.9307,10568.0050,6656.0349,5153.1325,13573.9704,10215.9202,9692.0835,8352.8852,12161.9407,0.0000,7166.3037,6055.1604,7567.5870,9725.6770,8447.8123,10120.1545,2588.6200,10146.0975,11784.9572,8952.4782,7654.3583,7830.0097,12362.2796,13050.0944,10608.5426,8898.3877,12473.6844,1439.0013,6862.1905,9102.3597,417.9456,10131.9502,2393.5919,10108.7041,382503.1977,390710.7410,378302.5345,380726.3236,378538.4291,380159.8107,386860.9010,384646.1615,173048774.3865,173051640.8402,173036550.3346,173033123.8107,7235.9117,9731.1191,11368.0599,10746.0490,13243.3906,11864.9357,4777.1637,12309.0805,8815.4233,8416.1165,9860.2916,12890.1678,7219.9853,12284.5465,9165.8713,0.0000,7489.1288,7208.9694,5408.3034,13609.6213,4347.6259,10266.5434,11957.6531,10576.3631,4965.4915,7963.7045,10231.6798,12749.5454,9129.0067,3530.6467,5766.9029,12231.5537,2340.8768,11773.4261,13172.5301,12077.9442,11445.2456,12663.6921,11369.7226,13021.0713,393365.6333,401548.9327,389167.5040,391594.6754,389333.6203,391025.4599,397798.9203,395516.5021,173057171.7344,173060040.2617,173044949.3400,173041521.7825,4047.8537,12203.2329,12106.8207,9510.3953,6430.3207,10006.4694,13250.0396,5219.9703,7215.2054,9920.4549,8702.5490,12173.5745,13592.1281,12578.5526,0.0000,11528.3211,7408.0066,8980.1459,11141.3652,8345.9216,13428.1055,12109.6056,13506.9250,2857.5137,12514.2292,13314.7663,8400.3646,12378.1018,7267.6751,11450.0776,13714.7855,7947.6100,11506.9836,9164.4900,6677.0034,10854.9021,13293.1143,9188.3755,9350.8460,388785.9662,396779.5617,384540.5550,386971.1549,384565.4725,386353.6448,393222.0213,390878.5133,173054047.7892,173056914.5921,173041824.9834,173038397.0250,10315.3652,10468.7326,6808.4210,3647.8132,12322.6664,11737.6189,7731.5632,9789.7490,7827.1769,5614.4451,13239.9511,12813.6972,12058.7990,0.0000,13316.0104,10316.7022,11718.8793,8563.6481,11250.7967,13166.9062,12586.0914,13108.1495,5656.3465,13572.0962,13770.6452,6514.5659,11751.9142,8435.9528,12755.5330,12878.6201,9555.3132,12178.0564,7728.5130,4544.1835,11734.7825,11741.4970,10196.7230,6361.9557,386969.3346,395093.0174,382765.7209,385199.0871,382789.6249,384620.3906,391547.0143,389121.7137,173050751.9162,173053619.1366,173038529.5618,173035101.2418,990.7083,8283.5942,10225.3949,11749.5835,3341.1484,13682.2600,13754.7880,3977.0206,8429.9457,8974.1575,6314.9261,4378.6865,0.0000,11414.6026,13745.5975,12863.7260,6581.1822,12824.6948,5854.8438,11162.9644,5560.5167,11750.6552,9303.3480,8699.3943,10057.5973,4058.9893,9467.9387,9280.1839,5873.6672,9865.6282,11751.3945,10637.4542,10733.1534,12171.2146,3967.9680,12946.1859,7715.5668,387388.3950,396071.0462,383339.6883,385771.0968,383615.9614,385344.5479,392199.1196,389744.5418,173046831.1608,173049701.2532,173034609.7541,173031181.7595,8979.1186,10664.8063,11199.0394,3793.2224,13693.4864,13680.7152,3807.2141,9068.1274,8357.7171,6540.7011,3539.1411,0.0000,11005.5360,13551.7908,12451.8174,7402.4110,12367.2899,5482.8918,11339.3619,5250.0139,11430.2140,8781.6221,8467.1846,10613.8217,3167.8447,8810.2077,8556.2324,6068.0558,9152.0821,11925.8362,11193.2007,11183.8610,12329.3250,4506.4367,13150.3285,8411.5264,388309.3873,396987.7597,384259.0481,386690.1401,384539.7891,386262.0743,393108.9024,390662.8801,173047700.7901,173050571.0318,173035479.4380,173032051.4534,3845.5146,13644.0475,8119.3949,9730.7301,10870.8990,8520.6064,1453.8819,13026.2740,8936.0469,11287.8057,0.0000,13104.0203,11852.4794,13210.1824,2534.8702,13337.9353,11096.3534,9417.7067,10828.1802,11096.7287,12908.0525,11582.6980,2554.2803,11108.9457,12310.4212,13456.1603,9137.4547,12927.5736,9348.7810,3468.0068,3834.7678,9342.0340,7693.7494,8603.7623,1039.5934,381668.1530,390027.6505,377526.7982,379959.2579,377663.2800,379443.7829,386334.8693,383903.0038,173044742.4755,173047609.8330,173032519.8267,173029091.9649,13234.6599,10792.6246,7636.4540,9569.0184,8985.0350,2852.2680,13727.9494,11530.8413,12597.0195,0.0000,13433.1192,10562.6615,12426.1116,6176.0311,12301.8439,12921.7369,10863.7796,12770.4640,8539.2627,13777.3379,13182.4087,3171.4515,12364.6712,11026.3012,13722.6177,11720.9451,11846.8212,10448.4977,4489.7382,1210.8655,10074.9151,10545.5912,8463.4441,3791.5109,383450.3669,391617.7547,379256.5753,381689.4639,379308.2537,381121.8524,388034.3394,385615.5471,173047652.7691,173050519.5180,173035430.0104,173032001.9611,11387.9006,9000.3375,7236.5467,11846.8612,13799.9346,4364.7342,10178.4325,8838.2245,0.0000,3009.4926,5845.3246,2452.5560,13582.1127,2525.1075,8336.5738,8969.9198,8726.6103,8748.8844,4571.4839,6920.5686,12951.5777,9072.3160,7552.0899,3811.0414,10246.1574,6059.3442,8938.3330,12886.5725,13078.5433,8791.4116,11608.1814,9683.4006,13711.7728,391271.4520,399529.5752,387087.3269,389510.7110,387349.1723,388958.3246,395645.5338,393435.3208,173055672.7925,173058541.1747,173043449.8017,173040022.9429,13429.4757,13050.4961,7032.4804,8808.7492,8276.3154,3227.9393,5099.3610,0.0000,10209.8166,13166.9244,12359.2764,5991.5069,12632.8745,4320.7648,8824.6047,3872.3028,13141.2351,8188.9332,6580.4438,9618.6774,5137.2894,11289.2039,9207.1982,2792.0895,11283.6055,9619.4383,9762.8180,10946.1675,10251.0092,828.2710,11550.4533,7943.4088,385215.9210,393923.9022,381169.2199,383598.3773,381497.3365,383176.2244,389978.1334,387571.6452,173045417.8891,173048287.6002,173033195.9576,173029768.4399,2726.7254,12823.6487,9621.4676,11667.9261,12556.4688,13643.1794,0.0000,9542.5901,3871.6316,7045.0362,11293.5862,7055.7074,13175.8986,8808.6766,13270.8865,7000.2617,11540.5322,11764.4567,7675.9316,13634.3377,10411.4552,11530.5847,12896.0710,10296.2214,7876.8988,7606.5938,7008.1038,6966.5362,13236.4732,4860.3122,10111.9651,385731.4820,393677.3256,381464.0646,383890.7752,381541.9917,383255.7437,390038.5902,387789.1733,173052873.0059,173055738.8514,173040649.2061,173037222.0232,13478.3459,11040.6673,10115.4007,11630.3760,13023.8567,0.0000,7392.9392,1682.3854,5053.8548,11952.2847,5436.5483,12079.5058,7281.9729,12233.9388,8217.5197,9827.3723,10108.1075,8970.2118,13120.2901,10658.0169,10169.9876,12003.2147,10112.2486,6356.7149,8610.9412,8896.4613,5448.5626,12862.8903,4177.7681,11319.4071,386058.1449,394057.2402,381801.5390,384225.9838,381941.7470,383603.2316,390331.4891,388126.9472,173053248.9996,173056115.0989,173041025.0327,173037598.2055,7989.7262,10226.7627,9549.8605,6189.9808,0.0000,12456.0080,13397.5070,12767.5207,7880.3967,12383.5979,8629.1733,13018.4032,8498.5892,9196.4971,10841.4941,11090.8972,10062.1562,5692.2970,7108.0354,9842.7448,9218.7784,8121.0743,13302.4567,11030.8083,9824.2022,13431.6688,7531.3363,13501.3366,7686.6772,389435.7427,397974.6214,385350.5050,387783.8917,385535.4232,387319.8050,394225.0599,391746.0002,173049248.9692,173052118.7968,173037027.7773,173033599.3588,13388.6824,9901.8804,11483.8165,0.0000,13572.9367,11970.7997,13361.5017,3563.3537,13361.7587,11684.2413,10438.2517,11441.0824,10317.2674,13383.6014,12348.0777,3006.8095,11249.2255,11727.8523,13628.9223,10048.9389,12507.9666,10301.9188,4264.2807,3255.6065,10202.8329,8494.3996,9230.4435,1008.9570,382509.7531,390833.3613,378360.4611,380793.7432,378466.4455,380269.4780,387182.5150,384735.0210,173045498.8496,173048366.2196,173033276.3504,173029848.3004,7214.2499,5374.2373,0.0000,3771.8757,9184.8537,6413.3575,12163.9110,6675.8342,4419.2835,8623.2987,4879.3113,10933.6802,1155.6419,3987.0201,13076.5893,5775.6019,8307.9343,1813.8612,7089.8750,7048.3875,9132.3153,13027.9675,13696.7835,9452.2730,8636.3530,11072.8002,12997.8944,390568.7920,399068.9001,386454.6568,388878.7894,386795.9098,388393.9857,395087.4331,392827.1071,173052824.5530,173055694.0751,173040602.1016,173037175.1591,6375.3904,0.0000,8279.8464,11758.5922,10947.9044,7119.4532,11501.7934,3770.8231,6192.6076,3432.6812,13642.4597,6691.2492,4190.6341,9714.4917,6643.2823,12192.3679,8611.6655,637.6588,11797.4640,7173.5294,9421.6768,11356.0741,7978.0766,2888.5143,9848.5046,9114.7406,384224.7624,392880.1420,380157.2935,382583.7138,380516.2641,382143.9505,388885.1069,386548.9460,173045743.1561,173048612.3070,173033520.6111,173030093.5887,0.0000,8670.6706,12512.6076,10585.6443,9873.7585,10539.4121,3379.4709,10803.9401,3452.3743,11380.5692,5976.3346,6475.0144,12359.6040,539.5352,7968.3915,5563.6855,5879.4826,7670.1720,11458.1102,12710.1176,12943.8167,11892.1149,5840.0071,13141.0263,10908.7852,390219.5280,398887.9280,386161.4844,388589.9028,386488.5179,388156.1788,394940.3971,392558.8596,173050023.7337,173052894.2071,173037802.2047,173034374.5766,0.0000,0.0000,0.0000,0.0000,0.0000,0.0000,0.0000,0.0000,0.0000,0.0000,0.0000,0.0000,0.0000,0.0000,0.0000,0.0000,0.0000,0.0000,0.0000,0.0000,0.0000,0.0000,0.0000,0.0000,0.0000,0.0000,0.0000,0.0000,0.0000,0.0000,0.0000,0.0000,0.0000,0.0000,0.0000,0.0000,6413.7262,3836.7801,12727.0458,4688.7830,7030.9737,6697.9149,7390.8926,10821.0232,3160.7706,4586.9279,12442.7376,9021.0825,9745.9454,4538.4963,8449.6878,8412.7570,6891.1121,12106.4567,13105.2337,7000.1409,10293.8488,8648.6281,13330.1155,388964.4420,397303.6057,384800.7000,387222.8487,385114.7570,386691.6123,393349.6539,391153.6417,173053336.0868,173056204.4006,173041112.8427,173037686.2768,3532.4333,12748.4168,3865.0216,11693.2364,7834.4852,11907.9616,7817.2105,8980.9940,9727.3087,10168.9461,12630.1685,9828.0846,9074.9367,12076.2403,9082.6408,7060.5125,9904.5758,10026.7821,6278.5530,13072.2864,5590.9963,12204.0533,387594.2980,395608.8605,383341.5759,385765.4691,383497.5785,385146.5235,391861.2004,389667.3640,173054522.7491,173057389.1990,173042298.9146,173038872.1054,13535.2689,1198.0407,9863.9540,8348.9553,10190.6504,8258.9942,6357.6946,8000.4512,12083.5141,10779.5336,8470.1798,6108.1696,11138.7618,7225.3976,8009.7261,11915.7805,12110.1726,7608.9072,12442.1040,8050.6468,13403.6222,389993.0942,398135.1678,385775.4200,388198.5026,385996.6806,387613.8685,394301.7071,392111.7123,173055652.8806,173058520.4105,173043429.4654,173040002.6965,13744.7732,9502.7156,9064.3049,9162.5438,12259.7144,12010.7578,10382.8746,4698.6528,9724.8253,12534.5761,12796.2612,7249.6602,13029.8302,9310.3440,5137.5505,6242.5481,9572.5499,5504.4919,9558.7547,2576.5908,381781.3981,390280.8100,377678.9819,380110.9715,377877.8664,379633.6683,386507.6540,384067.4579,173043768.4711,173046636.5408,173031546.0633,173028118.2744,10203.0639,9278.8756,10534.5587,7354.9427,6820.0890,8696.7040,12266.6817,10687.3417,7565.1706,6048.0024,11646.8060,6326.1577,8932.0088,12229.4043,12081.2852,8502.9269,12770.0295,8705.7273,13452.8747,390859.8038,398984.2406,386638.6121,389062.4204,386840.4125,388473.6569,395177.8181,392974.8091,173056359.4357,173059227.0647,173044136.1790,173040709.2574,8299.6292,483.8717,12686.1927,4326.5973,3482.0427,11870.6639,3839.2863,10080.2299,5659.4887,3358.1048,9450.6835,9152.4605,11846.2023,12965.7018,9783.6322,4747.9037,11582.3567,11015.8592,387955.0698,396627.9453,383893.3193,386319.3763,384264.4774,385884.3837,392616.3829,390286.0370,173048698.5291,173051568.4956,173036476.4183,173033049.2732,8282.6683,12888.5762,7743.8044,5747.1113,8493.1027,11066.8352,13278.8355,9883.2890,6776.1819,12638.2148,1161.2435,7556.3385,10124.6156,2172.1867,8355.1113,4768.3374,10083.5501,382418.7757,390773.3406,378259.4615,380683.0876,378555.3169,380156.9655,386847.1694,384616.6715,173047513.7220,173050380.8965,173035289.9417,173031863.4555,12836.2838,4764.9496,3696.2075,11676.2824,3878.8659,10294.7032,6101.3901,2975.7989,9731.0949,9153.7372,11654.9048,12819.1094,9804.8406,4297.9129,11590.2504,10745.5638,387601.4739,396285.9478,383543.4303,385969.7414,383914.2983,385538.2195,392275.7381,389937.7622,173048246.4046,173051116.3697,173036024.3129,173032597.1421,11496.9787,12877.7307,10404.9493,11169.5464,4784.0676,9859.9912,13661.0356,5505.3846,12446.0815,11168.1023,8940.4831,11905.2335,13352.0983,10766.6649,10790.8905,391365.4615,399418.0050,387136.5364,389566.8573,387191.2014,388965.2242,395821.3030,393479.6393,173055789.3005,173058656.8845,173043566.8653,173040138.8483,3045.6866,12869.5949,6408.2365,9224.8549,2892.1448,6642.8218,7988.2681,8306.8653,12700.8956,13652.4063,8690.5186,8455.3639,10512.2488,12966.7263,389641.4197,398142.0722,385526.0727,387949.5194,385879.2410,387464.2013,394143.3262,391897.0787,173052206.7916,173055076.1122,173039984.1441,173036557.3477,11659.9080,6918.3121,11153.0239,5723.7747,4304.3358,10207.7672,6620.4207,11283.7610,12923.6240,7299.5234,6609.3638,9536.2284,11788.7972,386763.0052,395324.4268,382664.3304,385087.8284,383039.3313,384619.2905,391298.6360,389041.0529,173049297.4642,173052166.5358,173037074.6232,173033647.9436,12238.0612,12415.9857,13481.6616,10033.8092,12887.6666,8127.1315,1400.2454,2365.0027,7883.1463,9163.7356,6573.3314,3350.8524,381373.9241,389606.3329,377193.6785,379624.8507,377305.5848,379072.7819,385939.5805,383555.1350,173045896.8624,173048763.4768,173033673.7322,173030246.0941,7733.6886,5853.3736,6147.5512,7544.5436,11693.0037,12645.3604,12756.6611,12102.0612,5893.4966,13254.4968,10686.5222,390305.4314,398969.3480,386247.0393,388675.9411,386563.5944,388241.4839,395036.7859,392645.0109,173050015.7553,173052886.2395,173037794.2941,173034366.5836,6873.9370,12008.1238,1713.1133,13233.6961,13147.2482,11571.2450,13022.4232,11764.2710,12861.6874,11827.3269,393665.6951,401945.8400,389500.6812,391930.7970,389650.6279,391391.4027,398226.9068,395865.0583,173055861.1074,173058730.2995,173043639.3681,173040211.3179,8449.9401,5484.6250,10246.8041,13581.9675,13795.4569,10421.6191,9643.8929,11694.4439,13332.3852,392021.2787,400476.4606,387895.8644,390320.7229,388207.8026,389824.1933,396534.2369,394265.6692,173054255.9656,173057125.5629,173042033.6795,173038606.5623,11631.4952,7744.3295,9815.1876,11608.3101,8528.3546,2576.5512,10357.4886,9247.3474,384652.1155,393329.9353,380591.7341,383018.3822,380954.6443,382585.1473,389330.9134,386986.0069,173045834.0715,173048703.4295,173033611.6592,173030184.5763,12620.5237,13459.7860,12249.1097,12432.6412,11754.5532,12513.7885,12548.3474,393850.1046,402135.8488,389683.7008,392112.3124,389863.9256,391572.8004,398372.9930,396045.4615,173056350.9249,173059220.1275,173044129.0019,173040701.1969,7148.6352,9636.5310,1028.7465,9156.6490,3681.5775,10054.2036,382340.2602,390628.8537,378162.2459,380585.9150,378431.9386,380041.6058,386735.8307,384513.2936,173047994.9324,173050861.7598,173035771.0114,173032344.5200,3531.5287,6917.7481,9230.5828,5671.3828,4411.3514,380577.7667,388808.4463,376394.5474,378824.6877,376525.6469,378270.8780,385113.4291,382753.6410,173045525.7906,173048392.2064,173033302.4155,173029874.9887,9220.5143,10629.3229,7480.0135,4098.6919,382712.2841,390857.4718,378510.1919,380942.2900,378568.7309,380367.5459,387262.2371,384865.3723,173047444.7762,173050311.2428,173035221.7690,173031793.8903,9811.4190,2751.0107,10055.1428,382520.4978,390751.7916,378326.5127,380750.2884,378571.9903,380190.2985,386889.7572,384672.3642,173048596.3019,173051462.8783,173036372.2983,173032945.7782,11119.3810,7603.0500,384428.5505,393125.2396,380378.0579,382807.1019,380704.3742,382381.6133,389181.2162,386779.1411,173044911.7945,173047781.2873,173032689.7265,173029262.2681,9348.7390,382286.3279,390392.4884,378059.3931,380484.5376,378231.4005,379891.4510,386628.2449,384396.2550,173049121.6396,173051987.5864,173036897.5380,173033470.8034,382377.6184,390755.4543,378243.1314,380676.1942,378374.5801,380166.5973,387071.5310,384622.3661,173044999.3888,173047866.9990,173032776.9527,173029348.9509,23744.7969,7551.5944,6634.0665,15807.1047,12685.3175,16194.9572,8877.8989,172727572.0028,172730368.2383,172715305.3529,172711896.2084,20136.9449,18759.9130,15716.2038,14388.4921,14505.4785,15106.6191,172732472.4296,172735260.6361,172720201.9673,172716793.4326,2454.4253,10175.9102,6417.9345,13743.0845,6758.8667,172734373.5034,172737168.6689,172722106.4299,172718697.2566,10647.5490,6108.0473,12107.4394,4488.8266,172732467.5234,172735262.2047,172720200.1179,172716791.1145,7642.6333,17777.1879,11148.5213,172736893.7292,172739686.8116,172724626.4730,172721216.4064,10647.5490,5984.8083,172736167.9171,172738960.9327,172723899.7480,172720490.8355,9315.0035,172732414.2623,172735205.7987,172720144.2788,172716736.9286,172730417.8116,172733211.1106,172718149.6233,172714740.8896,60377.3519,39269.3929,28632.2234,38117.9366,41911.0691,27519.9202,
