sl_100_5400_20240519 Coordinates.csv
2024/05/19 07:47:00.0000 UTC

Generated: Tue Oct  8 15:34:10 2024,
Start: 2024/05/19 07:47:00.00, Stop: 2024/05/19 09:17:00.00,
TIME_UNITS,STARLINK-32368 - X-Coordinate,STARLINK-30958 - X-Coordinate,STARLINK-32081 - X-Coordinate,STARLINK-30813 - X-Coordinate,STARLINK-32249 - X-Coordinate,STARLINK-31619 - X-Coordinate,STARLINK-4259 - X-Coordinate,STARLINK-5175 - X-Coordinate,STARLINK-5984 - X-Coordinate,STARLINK-2647 - X-Coordinate,STARLINK-5713 - X-Coordinate,STARLINK-5965 - X-Coordinate,STARLINK-3401 - X-Coordinate,STARLINK-3331 - X-Coordinate,STARLINK-32123 - X-Coordinate,STARLINK-31163 - X-Coordinate,STARLINK-11261 [DTC] - X-Coordinate,STARLINK-1445 - X-Coordinate,STARLINK-3595 - X-Coordinate,STARLINK-3887 - X-Coordinate,STARLINK-31540 - X-Coordinate,STARLINK-5115 - X-Coordinate,STARLINK-2117 - X-Coordinate,STARLINK-30369 - X-Coordinate,STARLINK-2641 - X-Coordinate,STARLINK-5882 - X-Coordinate,STARLINK-1644 - X-Coordinate,STARLINK-32246 - X-Coordinate,STARLINK-31456 - X-Coordinate,STARLINK-3134 - X-Coordinate,STARLINK-2180 - X-Coordinate,STARLINK-32170 - X-Coordinate,STARLINK-4619 - X-Coordinate,STARLINK-3915 - X-Coordinate,STARLINK-6270 - X-Coordinate,STARLINK-4507 - X-Coordinate,STARLINK-5993 - X-Coordinate,STARLINK-30930 - X-Coordinate,STARLINK-5959 - X-Coordinate,STARLINK-3643 - X-Coordinate,STARLINK-5324 - X-Coordinate,STARLINK-5203 - X-Coordinate,STARLINK-31452 - X-Coordinate,STARLINK-32373 - X-Coordinate,STARLINK-1773 - X-Coordinate,STARLINK-30880 - X-Coordinate,STARLINK-6314 - X-Coordinate,STARLINK-1302 - X-Coordinate,STARLINK-31827 - X-Coordinate,STARLINK-2278 - X-Coordinate,STARLINK-3708 - X-Coordinate,STARLINK-3048 - X-Coordinate,STARLINK-3972 - X-Coordinate,STARLINK-1767 - X-Coordinate,STARLINK-5237 - X-Coordinate,STARLINK-30111 - X-Coordinate,STARLINK-3923 - X-Coordinate,STARLINK-1997 - X-Coordinate,STARLINK-30884 - X-Coordinate,STARLINK-4178 - X-Coordinate,STARLINK-3700 - X-Coordinate,STARLINK-6375 - X-Coordinate,STARLINK-5732 - X-Coordinate,STARLINK-31455 - X-Coordinate,STARLINK-32133 - X-Coordinate,STARLINK-31382 - X-Coordinate,STARLINK-3685 - X-Coordinate,STARLINK-30397 - X-Coordinate,STARLINK-3575 - X-Coordinate,STARLINK-5417 - X-Coordinate,STARLINK-2228 - X-Coordinate,STARLINK-31811 - X-Coordinate,STARLINK-2430 - X-Coordinate,STARLINK-1709 - X-Coordinate,STARLINK-5286 - X-Coordinate,STARLINK-3241 - X-Coordinate,STARLINK-1759 - X-Coordinate,STARLINK-2649 - X-Coordinate,STARLINK-30385 - X-Coordinate,STARLINK-4344 - X-Coordinate,STARLINK-3138 - X-Coordinate,STARLINK-4387 - X-Coordinate,STARLINK-31463 - X-Coordinate,STARLINK-3677 - X-Coordinate,STARLINK-3051 - X-Coordinate,STARLINK-31087 - X-Coordinate,STARLINK-30700 - X-Coordinate,STARLINK-31762 - X-Coordinate,STARLINK-2626 - X-Coordinate,STARLINK-5113 - X-Coordinate,STARLINK-32208 - X-Coordinate,STARLINK-31420 - X-Coordinate,STARLINK-3853 - X-Coordinate,STARLINK-31225 - X-Coordinate,STARLINK-32237 - X-Coordinate,STARLINK-2557 - X-Coordinate,STARLINK-3515 - X-Coordinate,STARLINK-2039 - X-Coordinate,STARLINK-5700 - X-Coordinate,STARLINK-32153 - X-Coordinate,MoonARTEMIS1 - X-Coordinate,MoonARTEMIS2 - X-Coordinate,MoonIOAGEO - X-Coordinate,MoonIOAGNO - X-Coordinate,MoonIOAGNO 0001 - X-Coordinate,MoonIOAGSO - X-Coordinate,MoonIOAGSO 0001 - X-Coordinate,MoonLRO - X-Coordinate,MarsSat1 - X-Coordinate,MarsSat2 - X-Coordinate,MarsSat3 - X-Coordinate,MarsSat4 - X-Coordinate,Moon - X-Coordinate,Mars - X-Coordinate,STARLINK-32368 - Y-Coordinate,STARLINK-30958 - Y-Coordinate,STARLINK-32081 - Y-Coordinate,STARLINK-30813 - Y-Coordinate,STARLINK-32249 - Y-Coordinate,STARLINK-31619 - Y-Coordinate,STARLINK-4259 - Y-Coordinate,STARLINK-5175 - Y-Coordinate,STARLINK-5984 - Y-Coordinate,STARLINK-2647 - Y-Coordinate,STARLINK-5713 - Y-Coordinate,STARLINK-5965 - Y-Coordinate,STARLINK-3401 - Y-Coordinate,STARLINK-3331 - Y-Coordinate,STARLINK-32123 - Y-Coordinate,STARLINK-31163 - Y-Coordinate,STARLINK-11261 [DTC] - Y-Coordinate,STARLINK-1445 - Y-Coordinate,STARLINK-3595 - Y-Coordinate,STARLINK-3887 - Y-Coordinate,STARLINK-31540 - Y-Coordinate,STARLINK-5115 - Y-Coordinate,STARLINK-2117 - Y-Coordinate,STARLINK-30369 - Y-Coordinate,STARLINK-2641 - Y-Coordinate,STARLINK-5882 - Y-Coordinate,STARLINK-1644 - Y-Coordinate,STARLINK-32246 - Y-Coordinate,STARLINK-31456 - Y-Coordinate,STARLINK-3134 - Y-Coordinate,STARLINK-2180 - Y-Coordinate,STARLINK-32170 - Y-Coordinate,STARLINK-4619 - Y-Coordinate,STARLINK-3915 - Y-Coordinate,STARLINK-6270 - Y-Coordinate,STARLINK-4507 - Y-Coordinate,STARLINK-5993 - Y-Coordinate,STARLINK-30930 - Y-Coordinate,STARLINK-5959 - Y-Coordinate,STARLINK-3643 - Y-Coordinate,STARLINK-5324 - Y-Coordinate,STARLINK-5203 - Y-Coordinate,STARLINK-31452 - Y-Coordinate,STARLINK-32373 - Y-Coordinate,STARLINK-1773 - Y-Coordinate,STARLINK-30880 - Y-Coordinate,STARLINK-6314 - Y-Coordinate,STARLINK-1302 - Y-Coordinate,STARLINK-31827 - Y-Coordinate,STARLINK-2278 - Y-Coordinate,STARLINK-3708 - Y-Coordinate,STARLINK-3048 - Y-Coordinate,STARLINK-3972 - Y-Coordinate,STARLINK-1767 - Y-Coordinate,STARLINK-5237 - Y-Coordinate,STARLINK-30111 - Y-Coordinate,STARLINK-3923 - Y-Coordinate,STARLINK-1997 - Y-Coordinate,STARLINK-30884 - Y-Coordinate,STARLINK-4178 - Y-Coordinate,STARLINK-3700 - Y-Coordinate,STARLINK-6375 - Y-Coordinate,STARLINK-5732 - Y-Coordinate,STARLINK-31455 - Y-Coordinate,STARLINK-32133 - Y-Coordinate,STARLINK-31382 - Y-Coordinate,STARLINK-3685 - Y-Coordinate,STARLINK-30397 - Y-Coordinate,STARLINK-3575 - Y-Coordinate,STARLINK-5417 - Y-Coordinate,STARLINK-2228 - Y-Coordinate,STARLINK-31811 - Y-Coordinate,STARLINK-2430 - Y-Coordinate,STARLINK-1709 - Y-Coordinate,STARLINK-5286 - Y-Coordinate,STARLINK-3241 - Y-Coordinate,STARLINK-1759 - Y-Coordinate,STARLINK-2649 - Y-Coordinate,STARLINK-30385 - Y-Coordinate,STARLINK-4344 - Y-Coordinate,STARLINK-3138 - Y-Coordinate,STARLINK-4387 - Y-Coordinate,STARLINK-31463 - Y-Coordinate,STARLINK-3677 - Y-Coordinate,STARLINK-3051 - Y-Coordinate,STARLINK-31087 - Y-Coordinate,STARLINK-30700 - Y-Coordinate,STARLINK-31762 - Y-Coordinate,STARLINK-2626 - Y-Coordinate,STARLINK-5113 - Y-Coordinate,STARLINK-32208 - Y-Coordinate,STARLINK-31420 - Y-Coordinate,STARLINK-3853 - Y-Coordinate,STARLINK-31225 - Y-Coordinate,STARLINK-32237 - Y-Coordinate,STARLINK-2557 - Y-Coordinate,STARLINK-3515 - Y-Coordinate,STARLINK-2039 - Y-Coordinate,STARLINK-5700 - Y-Coordinate,STARLINK-32153 - Y-Coordinate,MoonARTEMIS1 - Y-Coordinate,MoonARTEMIS2 - Y-Coordinate,MoonIOAGEO - Y-Coordinate,MoonIOAGNO - Y-Coordinate,MoonIOAGNO 0001 - Y-Coordinate,MoonIOAGSO - Y-Coordinate,MoonIOAGSO 0001 - Y-Coordinate,MoonLRO - Y-Coordinate,MarsSat1 - Y-Coordinate,MarsSat2 - Y-Coordinate,MarsSat3 - Y-Coordinate,MarsSat4 - Y-Coordinate,Moon - Y-Coordinate,Mars - Y-Coordinate,STARLINK-32368 - Z-Coordinate,STARLINK-30958 - Z-Coordinate,STARLINK-32081 - Z-Coordinate,STARLINK-30813 - Z-Coordinate,STARLINK-32249 - Z-Coordinate,STARLINK-31619 - Z-Coordinate,STARLINK-4259 - Z-Coordinate,STARLINK-5175 - Z-Coordinate,STARLINK-5984 - Z-Coordinate,STARLINK-2647 - Z-Coordinate,STARLINK-5713 - Z-Coordinate,STARLINK-5965 - Z-Coordinate,STARLINK-3401 - Z-Coordinate,STARLINK-3331 - Z-Coordinate,STARLINK-32123 - Z-Coordinate,STARLINK-31163 - Z-Coordinate,STARLINK-11261 [DTC] - Z-Coordinate,STARLINK-1445 - Z-Coordinate,STARLINK-3595 - Z-Coordinate,STARLINK-3887 - Z-Coordinate,STARLINK-31540 - Z-Coordinate,STARLINK-5115 - Z-Coordinate,STARLINK-2117 - Z-Coordinate,STARLINK-30369 - Z-Coordinate,STARLINK-2641 - Z-Coordinate,STARLINK-5882 - Z-Coordinate,STARLINK-1644 - Z-Coordinate,STARLINK-32246 - Z-Coordinate,STARLINK-31456 - Z-Coordinate,STARLINK-3134 - Z-Coordinate,STARLINK-2180 - Z-Coordinate,STARLINK-32170 - Z-Coordinate,STARLINK-4619 - Z-Coordinate,STARLINK-3915 - Z-Coordinate,STARLINK-6270 - Z-Coordinate,STARLINK-4507 - Z-Coordinate,STARLINK-5993 - Z-Coordinate,STARLINK-30930 - Z-Coordinate,STARLINK-5959 - Z-Coordinate,STARLINK-3643 - Z-Coordinate,STARLINK-5324 - Z-Coordinate,STARLINK-5203 - Z-Coordinate,STARLINK-31452 - Z-Coordinate,STARLINK-32373 - Z-Coordinate,STARLINK-1773 - Z-Coordinate,STARLINK-30880 - Z-Coordinate,STARLINK-6314 - Z-Coordinate,STARLINK-1302 - Z-Coordinate,STARLINK-31827 - Z-Coordinate,STARLINK-2278 - Z-Coordinate,STARLINK-3708 - Z-Coordinate,STARLINK-3048 - Z-Coordinate,STARLINK-3972 - Z-Coordinate,STARLINK-1767 - Z-Coordinate,STARLINK-5237 - Z-Coordinate,STARLINK-30111 - Z-Coordinate,STARLINK-3923 - Z-Coordinate,STARLINK-1997 - Z-Coordinate,STARLINK-30884 - Z-Coordinate,STARLINK-4178 - Z-Coordinate,STARLINK-3700 - Z-Coordinate,STARLINK-6375 - Z-Coordinate,STARLINK-5732 - Z-Coordinate,STARLINK-31455 - Z-Coordinate,STARLINK-32133 - Z-Coordinate,STARLINK-31382 - Z-Coordinate,STARLINK-3685 - Z-Coordinate,STARLINK-30397 - Z-Coordinate,STARLINK-3575 - Z-Coordinate,STARLINK-5417 - Z-Coordinate,STARLINK-2228 - Z-Coordinate,STARLINK-31811 - Z-Coordinate,STARLINK-2430 - Z-Coordinate,STARLINK-1709 - Z-Coordinate,STARLINK-5286 - Z-Coordinate,STARLINK-3241 - Z-Coordinate,STARLINK-1759 - Z-Coordinate,STARLINK-2649 - Z-Coordinate,STARLINK-30385 - Z-Coordinate,STARLINK-4344 - Z-Coordinate,STARLINK-3138 - Z-Coordinate,STARLINK-4387 - Z-Coordinate,STARLINK-31463 - Z-Coordinate,STARLINK-3677 - Z-Coordinate,STARLINK-3051 - Z-Coordinate,STARLINK-31087 - Z-Coordinate,STARLINK-30700 - Z-Coordinate,STARLINK-31762 - Z-Coordinate,STARLINK-2626 - Z-Coordinate,STARLINK-5113 - Z-Coordinate,STARLINK-32208 - Z-Coordinate,STARLINK-31420 - Z-Coordinate,STARLINK-3853 - Z-Coordinate,STARLINK-31225 - Z-Coordinate,STARLINK-32237 - Z-Coordinate,STARLINK-2557 - Z-Coordinate,STARLINK-3515 - Z-Coordinate,STARLINK-2039 - Z-Coordinate,STARLINK-5700 - Z-Coordinate,STARLINK-32153 - Z-Coordinate,MoonARTEMIS1 - Z-Coordinate,MoonARTEMIS2 - Z-Coordinate,MoonIOAGEO - Z-Coordinate,MoonIOAGNO - Z-Coordinate,MoonIOAGNO 0001 - Z-Coordinate,MoonIOAGSO - Z-Coordinate,MoonIOAGSO 0001 - Z-Coordinate,MoonLRO - Z-Coordinate,MarsSat1 - Z-Coordinate,MarsSat2 - Z-Coordinate,MarsSat3 - Z-Coordinate,MarsSat4 - Z-Coordinate,Moon - Z-Coordinate,Mars - Z-Coordinate,
SECONDS,km,km,km,km,km,km,km,km,km,km,km,km,km,km,km,km,km,km,km,km,km,km,km,km,km,km,km,km,km,km,km,km,km,km,km,km,km,km,km,km,km,km,km,km,km,km,km,km,km,km,km,km,km,km,km,km,km,km,km,km,km,km,km,km,km,km,km,km,km,km,km,km,km,km,km,km,km,km,km,km,km,km,km,km,km,km,km,km,km,km,km,km,km,km,km,km,km,km,km,km,km,km,km,km,km,km,km,km,km,km,km,km,km,km,km,km,km,km,km,km,km,km,km,km,km,km,km,km,km,km,km,km,km,km,km,km,km,km,km,km,km,km,km,km,km,km,km,km,km,km,km,km,km,km,km,km,km,km,km,km,km,km,km,km,km,km,km,km,km,km,km,km,km,km,km,km,km,km,km,km,km,km,km,km,km,km,km,km,km,km,km,km,km,km,km,km,km,km,km,km,km,km,km,km,km,km,km,km,km,km,km,km,km,km,km,km,km,km,km,km,km,km,km,km,km,km,km,km,km,km,km,km,km,km,km,km,km,km,km,km,km,km,km,km,km,km,km,km,km,km,km,km,km,km,km,km,km,km,km,km,km,km,km,km,km,km,km,km,km,km,km,km,km,km,km,km,km,km,km,km,km,km,km,km,km,km,km,km,km,km,km,km,km,km,km,km,km,km,km,km,km,km,km,km,km,km,km,km,km,km,km,km,km,km,km,km,km,km,km,km,km,km,km,km,km,km,km,km,km,km,km,km,km,km,km,km,km,km,km,km,km,km,
0.000,0.0000,-5212.6449,3643.4500,3007.8292,0.0000,-5124.0581,-1992.3659,-4687.4468,5309.9318,6132.0316,-170.7380,-5415.3718,2906.9755,2061.7586,3098.4624,5036.6282,5425.9447,2762.1804,4091.0692,-806.2266,-3479.2535,-3474.1131,4321.3716,3399.4205,-2822.0189,-3563.5493,-529.2655,-4864.7633,-4112.4782,-3072.6909,4692.9725,-6120.5988,2748.5232,-2265.0688,5200.2037,-2953.6377,-1706.6210,2551.1155,788.1085,4381.3722,-6196.2210,-873.4939,-2785.2802,1041.0038,4743.6679,23.6222,6915.6365,-2646.4036,1401.1808,4230.0774,3837.4778,3986.7522,3991.1604,4313.9033,-4105.4567,-2429.1156,-5089.4554,3591.4370,-2760.2769,-1798.7162,-2625.0852,567.7535,-964.4495,699.3532,0.0000,-3491.8393,-6734.7912,6902.1270,3394.9986,3295.7395,-6827.1567,-3601.3314,-5084.5721,4310.8663,-1835.4441,-2691.7834,3985.2098,2126.7101,2633.6430,-5046.1557,-4451.2490,-937.3235,-500.0963,-2295.4886,-4575.7580,-6474.2355,-4406.5071,5038.6152,3075.8288,2608.2635,5667.2308,4946.5660,-4355.5734,6332.4701,-6197.1257,6205.6741,-4710.5773,6526.8519,212.2421,0.0000,380222.7618,395319.9814,384901.7411,382518.7663,385004.6527,383976.9765,392195.6974,387330.7154,-268280503.6265,-268264021.2078,-268283466.1894,-268280545.5275,387513.4113,-268283383.4627,0.0000,-1980.1892,3470.1045,4483.1929,0.0000,761.9202,-3780.5921,4472.5725,2850.0623,-332.7459,5082.4902,3539.5946,-3919.0236,-6301.9310,3046.1894,-605.5473,2269.1205,-3196.6520,-1968.7178,-4941.9382,-5356.9901,2306.3796,218.3594,-4583.4753,-4047.7435,-5330.4540,6887.5771,4663.9275,909.3571,2780.3180,5096.6446,-2180.6966,4350.9136,-3496.2016,-2525.7453,4996.2801,-2014.1581,3452.0350,-2570.3067,1641.3582,196.5595,-4121.1528,-6166.0517,-4353.2207,-60.4651,6915.0602,-543.9382,6344.5957,4398.3055,-5264.3159,-2815.8242,4605.5470,1324.4020,1184.9152,-608.9427,5222.7807,-4571.4522,-2133.7159,4322.6580,-6226.5118,3895.4789,-6347.6538,-5091.9671,-5709.7551,0.0000,-4033.8077,-728.4396,-710.0136,-3467.8964,-2641.6159,475.3388,3110.9542,2120.9880,249.5615,-4997.0715,-3271.0142,4001.8133,3664.4115,-4564.5034,-2587.4746,-5242.1364,228.5879,5673.2642,4040.4101,-4643.4617,363.5661,-2064.2192,2207.8072,3977.6030,-3513.5741,340.4737,-2483.3244,-1058.4993,2156.9035,2266.2183,-839.3278,-625.1757,1010.8808,-5176.5707,0.0000,-91826.7500,-120153.9395,-113676.4445,-107217.4149,-114725.3467,-110794.9849,-108759.7818,-108835.1306,94593067.5929,94591003.5700,94588952.0249,94621817.7579,-108547.1297,94612124.2292,0.0000,-4133.0937,-4616.4785,-4367.8364,0.0000,-4456.9242,5432.4275,-2440.0524,-3456.2517,-3226.1536,4715.8003,-2511.8748,-4917.4473,-1988.1138,-5267.4633,-4630.4788,3281.6086,5489.9856,5211.2821,4767.6812,2393.0495,5533.7747,5400.8327,3945.4643,-4874.3236,2672.6359,-554.8003,-1037.5032,5398.3742,5530.9038,-47.5889,-2104.6183,4615.3261,5514.0005,3827.1095,-3774.1640,-6437.3233,-5337.1888,-6419.1438,5086.1721,-3157.2408,-5495.4973,854.7309,5073.3987,-5054.0492,534.0813,-147.0777,838.6157,5018.7980,1569.1977,5018.3987,-3363.1194,-5502.0846,5282.2059,-5543.9814,-3871.8427,1045.8568,5523.6646,4665.7606,2413.6760,-5091.8609,2733.4552,-4617.0909,-3672.1452,0.0000,4249.4365,-1425.3099,-73.9649,4921.4793,5471.5428,1121.3382,4905.3112,4187.1246,-5421.6816,4462.8891,5461.3654,4001.2321,-5488.2241,4506.2067,-4017.6050,-775.1540,-6883.5541,3743.2656,-5142.7981,2412.8561,-2473.0334,4816.6818,-4040.8973,4757.6753,-5366.7838,3777.5570,-4004.8100,5260.7697,1561.2839,-2051.8386,2959.8150,-5036.6031,2076.2193,-4617.8506,0.0000,-22707.5567,-27781.0974,-29030.7703,-20208.2981,-23614.9410,-34217.9782,-32648.1182,-25158.8679,22437234.0887,22466192.7365,22449910.8245,22435180.0574,-26886.3857,22444011.3836,
300.000,0.0000,-6166.0669,4032.5912,4779.9384,0.0000,-4201.0700,-3941.1646,-4009.3441,5754.0534,6522.9626,1953.4070,-4697.9940,820.5905,928.6297,3976.5226,4348.6665,4958.6164,846.4487,3697.8723,-2613.8683,-4928.7468,-2287.6688,3762.7456,1386.0882,-3694.0917,-4391.2368,711.0338,-3963.1269,-3863.0463,-1445.8944,5336.3994,-5735.7924,3594.8580,-4068.3538,3616.8158,-1092.9483,-3695.9869,4385.8287,-1373.0743,4132.4830,-6796.0249,-2845.1634,-4103.5164,-728.2506,3731.8120,1515.4784,6495.0511,-1486.1551,3362.3291,3314.3095,1916.5525,4982.5004,4763.4099,4052.7208,-4294.0140,-382.5145,-5845.2710,2224.5557,-741.8657,-2799.5739,-1385.0066,-1157.7505,-3013.6940,-1240.0149,0.0000,-4516.4257,-6174.4747,6430.5729,2544.3758,2116.2123,-6695.2185,-2863.9993,-5067.0963,4701.7349,-2160.1813,-3966.4240,4276.0948,4012.8940,543.4665,-5669.2838,-5273.1563,-755.2592,1435.8903,-913.0012,-5325.3740,-5581.8904,-5722.5294,6077.2595,3804.0662,1207.1424,4610.0847,3207.8200,-3999.2287,6198.6556,-5942.5105,5011.1127,-5526.7462,5885.3118,-1856.3910,0.0000,382006.9125,397628.6521,386975.4231,384762.4792,387214.9955,386131.3745,394346.6776,389854.4155,-270279851.5762,-270262793.0898,-270282238.8346,-270280451.6536,389716.5881,-270282771.5017,0.0000,-304.9136,1431.5980,3575.8760,0.0000,2717.5930,-3039.9809,5598.1521,3646.0554,-1727.7537,5033.6462,4989.9006,-4154.9201,-6854.4180,1047.3502,-2658.5223,501.6776,-4225.9511,-3922.4736,-5294.6177,-4623.5172,4081.2441,-1883.7359,-5026.1768,-2147.1826,-5351.3204,6499.4123,5489.4534,2999.6775,4209.4515,4024.3910,-669.5984,2483.5984,-2357.6764,-3816.8621,4784.9468,-1368.4742,2489.0181,-2133.6550,-480.3468,922.6520,-3206.2624,-5403.8354,-5293.7670,-1927.7326,6693.8839,-2004.4383,6695.8975,4354.3687,-6088.1037,-3720.3321,4651.6481,-641.7560,-962.1786,1531.7727,5234.6646,-3628.5581,-3816.3865,5079.1944,-4978.0217,5394.4360,-5661.0411,-4774.0014,-5059.9950,0.0000,-2153.1124,574.3639,-2158.3469,-5157.5638,-4385.0213,1681.2435,4879.3967,3798.2599,-1786.3889,-3229.7913,-1503.8492,2098.0530,2728.2630,-5043.3322,-3479.2651,-4355.8138,-2025.5974,4962.9937,5432.6278,-4460.1292,1940.0574,-718.9202,572.4616,2032.7116,-5005.3530,-1248.5606,-3365.6042,1073.9040,469.9414,3511.1379,-2062.1718,1116.3141,-386.8680,-5329.2961,0.0000,-83776.1672,-111677.3513,-105366.9258,-98929.1219,-106526.3366,-102605.7466,-100454.3689,-100961.3592,88712675.5813,88710722.0127,88708320.5060,88741631.0817,-100289.9119,88731647.5949,0.0000,-3171.2641,-5321.5076,-3547.7398,0.0000,-4655.1194,4797.7175,-700.3577,-1359.5728,-1601.4650,4353.2158,-1086.3595,-5482.3313,-208.6991,-5451.3508,-4604.5208,4526.8293,5423.7083,4328.2970,3601.1908,942.1238,5112.3334,5493.9021,4574.9714,-5463.8056,617.1710,-2303.0179,790.3763,4793.5699,5287.7114,-1831.9793,-3648.9272,5355.0418,5065.6160,4516.7762,-4883.6001,-5733.4814,-4633.9066,-6480.5900,5517.3199,-1154.2795,-5437.9633,-703.2980,4152.7202,-5514.4517,-1009.4953,1384.3986,-972.9621,4031.7850,-227.6291,5505.7289,-1387.4972,-4984.9920,5528.1348,-5212.7225,-4541.7147,-769.7687,5334.3459,4660.6506,3896.0259,-4118.8246,3830.7882,-4037.6832,-4408.9778,0.0000,4634.1425,-3080.1863,1454.1479,3837.6157,4907.8613,-687.7933,3837.5216,2795.5175,-4768.1951,5755.0301,5456.9292,5019.3662,-4951.5626,4726.2723,-2008.2234,1040.8173,-6606.4348,4441.9586,-4205.4402,336.3922,-3640.6067,3693.8265,-3053.3577,5413.2190,-4629.5940,4864.9116,-5006.2933,5532.9844,2918.4827,-276.9668,4310.4288,-4018.3125,3621.1076,-4039.6192,0.0000,-22861.4928,-27928.0673,-29130.6893,-20439.3813,-23580.7600,-34202.4080,-32985.3882,-25397.7724,22441979.5094,22471037.8333,22454562.8478,22440386.1684,-27023.7907,22448973.6002,
600.000,0.0000,-6539.9399,4067.2056,6093.3388,0.0000,-2893.1075,-5506.3215,-2939.6426,5563.2373,6277.9130,3882.3959,-3535.0423,-1350.2304,-294.5401,4503.1767,3270.8511,3996.7209,-1122.0744,2985.8569,-4137.3013,-5870.6635,-927.8690,2891.6313,-764.3323,-4262.8009,-4766.1114,1906.7020,-2641.8460,-3273.4029,281.2226,5467.7056,-4782.8166,4143.6304,-5490.2200,1698.8996,902.6731,-5327.6471,5784.6482,-3412.6426,3533.6562,-6709.2015,-4559.9984,-5009.1490,-2384.8554,2402.8245,2870.3267,5444.8415,-168.3717,4959.6400,2069.2752,-176.0887,5461.6087,5112.8868,3452.3124,-4116.0728,1714.1565,-6025.9332,687.4141,1331.9248,-3566.2169,-51.8725,-2801.9278,-4767.2661,-3080.4911,0.0000,-5124.7102,-5012.1212,5335.5270,1484.2023,777.6699,-5901.7256,-1876.0716,-4573.4673,4678.2717,-2341.8055,-4896.8203,4199.1916,5519.2497,-1593.0585,-5662.3579,-5579.0905,-400.2263,3252.8779,516.7805,-5531.6183,-4164.4163,-6468.1026,6511.5960,4216.5847,-267.4562,3106.8299,1146.1267,-3306.5482,5462.6530,-5095.4958,3332.9141,-5827.0201,4676.7529,-3732.3287,0.0000,383621.2064,399754.2103,388874.7099,386830.2046,389253.1900,388113.7997,396317.0863,392206.5608,-272150327.8518,-272132690.6256,-272152129.7604,-272151497.0194,391743.7854,-272153284.2150,0.0000,1373.5672,-756.3523,2358.1762,0.0000,4421.2526,-2051.1658,6163.4845,4062.0570,-2935.9898,4540.0554,5951.9843,-4042.8081,-6725.2850,-1036.8275,-4460.2243,-1355.1198,-4891.4987,-5480.7000,-5153.9071,-3426.5846,5478.7019,-3816.4733,-5027.6519,-50.9656,-4833.4121,5473.3376,5749.4308,4778.4262,5261.8019,2540.6539,945.1385,381.2077,-1037.5195,-4779.5256,4148.6572,-658.6393,1323.0022,-1565.8177,-2569.2203,1540.2863,-2031.1048,-4086.9671,-5705.6070,-3641.9302,5824.2824,-3284.3012,6387.5498,3903.0999,-6312.2666,-4315.6410,4240.2574,-2515.0476,-3025.7150,3509.3310,4783.8024,-2318.4813,-5157.0013,5386.6527,-3235.3392,6375.6744,-4447.1116,-4034.2699,-3930.4068,0.0000,-68.3199,1853.6511,-3411.8428,-6336.9959,-5714.6680,2728.9209,6145.5037,5081.2383,-3624.6168,-1133.1895,375.8341,-24.7226,1577.1170,-5079.8423,-4017.0540,-3027.9541,-4055.4728,3780.3840,6309.2492,-3827.6561,3361.8182,660.4148,-1094.3362,-103.6615,-6027.1214,-2754.4770,-3958.4077,3114.4278,-1287.4250,4402.4899,-3128.2518,2714.3598,-1783.8165,-5004.4356,0.0000,-75692.3905,-103155.2723,-97011.1931,-90594.8278,-98278.9097,-94373.3012,-92106.6435,-92975.6868,82790084.7419,82788259.0540,82785511.3993,82819210.1061,-91988.0864,82808970.9591,0.0000,-1871.3045,-5432.5886,-2350.0866,0.0000,-4334.4531,3646.3623,1114.6902,881.8163,194.4905,3526.0783,455.1798,-5461.0345,1593.1583,-5026.8617,-4072.9784,5244.6190,4777.4777,2978.9675,2046.8621,-614.6355,4144.5647,4997.7210,4716.5401,-5471.1792,-1503.9580,-3804.6550,2529.1990,3657.9161,4475.1026,-3420.0403,-4785.5441,5518.1080,4071.5697,4723.7421,-5469.5896,-4424.6180,-3417.4108,-5859.6168,5354.1420,971.0836,-4798.1264,-2182.3032,2755.2798,-5386.3418,-2445.1686,2767.8576,-2680.1261,2592.4442,-2000.1324,5401.4052,735.1732,-3933.8596,5181.5560,-4323.2899,-4728.0771,-2502.6252,4574.1491,4157.8493,4958.4406,-2704.5057,4518.5571,-3028.1939,-4652.2919,0.0000,4499.1191,-4404.3157,2826.8165,2340.1396,3815.7770,-2423.4283,2342.0612,1103.4008,-3605.0333,6436.4090,4865.0415,5498.6318,-3886.2633,4441.6489,214.6673,2744.5899,-5631.3182,4640.9948,-2818.2571,-1775.8131,-4420.2315,2161.4765,-1723.5994,5488.3868,-3396.0899,5406.3318,-5449.6539,5209.4225,3954.4681,1527.8598,5198.7613,-2568.8617,4776.8118,-3030.9664,0.0000,-23015.6960,-28074.8743,-29226.5828,-20675.4384,-23550.0945,-34181.3858,-33316.5320,-25766.2765,22446727.9547,22475881.0261,22459213.1737,22445605.9750,-27161.1817,22453935.6788,
900.000,0.0000,-6290.6530,3745.0718,6819.7134,0.0000,-1329.9963,-6529.2121,-1566.8909,4775.3398,5411.7129,5430.2202,-2026.3632,-3389.9315,-1506.4105,4618.7022,1905.5275,2651.4753,-2951.8184,2010.4146,-5235.1559,-6218.3231,480.6732,1789.0752,-2843.3534,-4471.9724,-4672.1213,2956.5396,-1023.6291,-2390.6168,1942.8825,5088.9290,-3369.4059,4341.8951,-6383.5918,-366.3656,2837.9336,-6431.0237,6599.1304,-5121.5498,2642.9054,-5938.4739,-5844.0948,-5423.2923,-3764.1678,887.0758,3971.2106,3866.1737,1194.4681,6032.0825,601.0658,-2231.9701,5392.4561,4993.5411,2568.3610,-3578.5230,3658.5230,-5626.6654,-874.6462,3261.5352,-4034.5726,1257.4107,-4210.6870,-6056.2338,-4635.9929,0.0000,-5253.1150,-3369.1555,3722.3393,302.9770,-597.9379,-4523.0928,-721.9838,-3636.6592,4229.5795,-2370.9990,-5384.2305,3767.8224,6492.2687,-3568.8153,-5042.5209,-5352.9162,75.9551,4765.8004,1866.5140,-5192.3634,-2362.6801,-6559.7807,6290.1948,4273.3301,-1681.4465,1318.2197,-1024.0020,-2343.0379,4204.4516,-3729.6638,1341.0280,-5568.7687,3027.6068,-5237.0580,0.0000,385065.0704,401695.7165,390598.8132,388721.1027,391118.0481,389923.5169,398106.3743,394357.4200,-273891042.9810,-273872824.8448,-273892250.3044,-273892790.0116,393594.1027,-273894032.0832,0.0000,2903.6605,-2866.7430,935.6062,0.0000,5698.0975,-899.5412,6122.7650,4026.7592,-3856.2443,3641.2004,6340.6299,-3593.5277,-5929.5545,-2991.8967,-5828.6823,-3105.6756,-5120.5604,-6489.2188,-4519.2612,-1875.8847,6355.1042,-5385.7763,-4589.1670,2033.6013,-3811.9706,3915.3177,5430.3290,6063.5887,5825.3558,781.4589,2506.9806,-1745.5952,343.0067,-5322.1331,3157.1846,60.4857,59.6709,-916.1044,-4415.8181,2014.1806,-705.3866,-2343.2683,-5533.0057,-5032.2892,4390.7372,-4272.9871,5457.8854,3075.1682,-5925.9554,-4541.1530,3390.7766,-4115.2443,-4799.6208,5128.7726,3915.7854,-756.2649,-6017.1421,5210.2706,-1173.5259,6735.0637,-2827.9377,-2933.9216,-2438.3382,0.0000,2007.9530,2997.0241,-4362.4346,-6887.0578,-6492.4117,3534.8544,6778.0947,5853.1957,-5087.6865,1078.1785,2184.2887,-2155.9901,312.7746,-4667.5109,-4116.1909,-1377.6773,-5640.9186,2248.2463,6575.2089,-2789.4821,4498.6594,1948.7085,-2634.4369,-2218.7415,-6469.2536,-4025.5720,-4205.8313,4858.0918,-2947.7387,4868.3276,-3941.6299,4021.6490,-3053.0099,-4223.4388,0.0000,-67578.9891,-94591.6480,-88613.0028,-82218.3296,-89986.9220,-86101.1377,-83720.5809,-84858.0510,76828118.9245,76826438.7125,76823348.8825,76857377.7658,-83645.4044,76846918.3302,0.0000,-371.5896,-4937.3791,-902.0428,0.0000,-3530.4809,2102.1872,2809.6182,3029.2152,1969.5862,2322.4899,1948.0427,-4855.7742,3223.2826,-4040.9514,-3093.9468,5351.6866,3620.2236,1308.5643,272.0578,-2102.4435,2733.7343,3965.3651,4355.0573,-4895.6300,-3465.4623,-4899.6111,3983.0526,2116.9941,3180.3884,-4642.1643,-5388.3131,5087.0501,2638.7417,4425.9097,-5469.8448,-2647.8920,-1821.7759,-4620.9452,4614.1725,2993.2523,-3643.9686,-3416.3674,1041.3935,-4683.2532,-3619.7543,3855.3937,-4100.0459,862.1412,-3558.9496,4716.6161,2779.7526,-2460.6493,4279.5270,-2970.2770,-4411.2438,-3966.7167,3324.2472,3210.8850,5486.6738,-999.9242,4723.3449,-1695.8097,-4375.0305,0.0000,3859.4228,-5256.3221,3897.3235,590.3886,2312.6892,-3900.3977,585.5189,-707.3234,-2055.8858,6435.0049,3749.2481,5387.7633,-2405.3935,3682.6017,2414.6473,4152.4934,-4060.3051,4317.9147,-1129.0954,-3699.9221,-4729.3207,389.4595,-200.4119,4975.3076,-1797.8954,5341.3321,-5285.8756,4324.8287,4555.3077,3167.0566,5529.8051,-843.2940,5419.3795,-1699.0177,0.0000,-23170.1659,-28221.5128,-29318.5298,-20916.5687,-23522.9470,-34154.8431,-33641.6404,-26244.8612,22451479.5210,22480722.3459,22463861.9037,22450839.2187,-27298.5585,22458897.6194,
1200.000,0.0000,-5434.5131,3093.3274,6887.6840,0.0000,336.9119,-6905.3281,-11.7339,3493.9939,4002.0066,6448.6935,-306.3177,-5095.4488,-2604.6397,4299.4633,379.4213,1069.7566,-4468.1422,849.7669,-5810.8726,-5946.1472,1813.2781,553.0676,-4649.0783,-4294.0099,-4140.3541,3769.4089,734.7474,-1287.3188,3384.0896,4249.6391,-1646.8033,4164.7787,-6652.6341,-2379.3921,4520.3639,-6887.9769,6740.0154,-6322.2795,1540.7298,-4558.1622,-6563.6815,-5315.6033,-4734.3873,-672.1433,4723.5701,1912.1523,2482.5273,6475.2529,-960.0597,-4048.4374,4799.8150,4401.8834,1478.2823,-2718.7750,5261.3988,-4699.0341,-2318.5963,4863.1070,-4164.1315,2431.2223,-5248.7598,-6757.0955,-5745.9924,0.0000,-4882.1495,-1412.7587,1747.3102,-901.6015,-1889.4615,-2694.3736,499.6198,-2333.2236,3383.1132,-2244.7415,-5369.3825,3023.6675,6829.9173,-5192.9951,-3895.0070,-4629.7757,600.0184,5817.3100,3019.7380,-4360.3798,-352.4818,-5981.3455,5428.2635,3962.7635,-2910.2540,-569.6590,-3078.0893,-1194.7814,2553.8476,-1972.6935,-765.2035,-4763.3677,1105.7425,-6229.1199,0.0000,386338.0062,403452.3146,392147.0220,390434.4243,392808.4758,391559.8685,399714.0599,396279.0822,-275501169.3576,-275482368.6499,-275501773.6800,-275503500.8134,395266.7193,-275504187.4602,0.0000,4149.7644,-4680.3495,-568.6691,0.0000,6413.9260,317.7245,5490.8675,3520.0966,-4415.9298,2412.3322,6126.5835,-2844.2106,-4549.6494,-4618.9497,-6623.6662,-4561.1242,-4878.6730,-6849.9988,-3438.0608,-117.9607,6616.6914,-6432.1832,-3749.4723,3902.0530,-2375.7328,1983.0306,4577.6615,6724.8802,5833.3302,-1087.3428,3859.9588,-3685.2343,1661.3774,-5389.0424,1909.1151,739.0705,-1189.3015,-233.9863,-5833.4100,2322.5801,651.6595,-345.3716,-4780.7122,-5955.8269,2532.7031,-4885.4150,4006.2129,1937.6559,-4978.1440,-4366.5809,2169.1513,-5291.6340,-6105.5630,6231.5569,2711.3871,915.5637,-6303.0761,4558.1799,1000.7168,6429.6616,-962.1395,-1566.0795,-733.5232,0.0000,3865.7353,3900.5488,-4928.5956,-6752.3024,-6633.9006,4036.9160,6712.5095,6050.0233,-6037.0595,3178.0731,3748.6966,-4083.1775,-956.1246,-3838.6410,-3740.9868,440.8226,-6610.2755,520.9276,6195.0038,-1432.7785,5243.6011,3033.1808,-3904.1979,-4103.2273,-6278.0103,-4928.6698,-4080.1627,6128.1529,-4349.6111,4878.3481,-4425.1846,4922.1464,-4074.7990,-3049.1710,0.0000,-59439.5412,-85990.4433,-80176.1267,-73803.4447,-81654.2407,-77792.7462,-75300.1534,-76597.4799,70829620.7006,70828103.7144,70824675.8251,70858975.8163,-75265.6354,70848332.4401,0.0000,1167.8148,-3890.6513,642.2013,0.0000,-2332.4595,331.5095,4201.7748,4853.8551,3533.6178,870.8689,3232.5860,-3730.7382,4505.9775,-2603.0316,-1774.6231,4835.6691,2075.5647,-502.8744,-1532.0639,-3354.6345,1030.6010,2507.4063,3528.9350,-3797.9652,-5059.8908,-5471.6367,4988.3154,341.4749,1542.9176,-5368.3775,-5390.5390,4108.1498,921.4599,3654.9923,-4884.3086,-590.5500,-23.6814,-2894.1798,3376.9368,4697.3234,-2098.5698,-4267.5435,-792.1009,-3479.6778,-4408.3264,4530.8354,-5081.2645,-964.9275,-4738.1519,3524.7720,4529.0612,-722.9723,2918.5627,-1298.2056,-3624.7470,-5005.5317,1718.3157,1920.7659,5424.0301,812.1237,4423.2715,-182.4026,-3608.0078,0.0000,2786.6502,-5545.6047,4551.3502,-1223.0079,560.4424,-4961.7548,-1236.2962,-2442.1355,-286.2427,5750.9214,2229.5332,4698.6349,-666.8524,2530.0319,4357.2585,5112.9128,-2058.6970,3508.8710,681.2259,-5232.9488,-4535.2198,-1425.7492,1345.2694,3928.9894,-6.3160,4677.2324,-4533.0008,2974.2738,4654.9598,4462.9134,5268.2174,973.0340,5480.0370,-185.6438,0.0000,-23324.9023,-28367.9769,-29406.6167,-21162.8766,-23499.3166,-34122.7087,-33960.8013,-26805.5417,22456234.3035,22485561.8229,22468509.1377,22456085.6298,-27435.9210,22463859.4219,
1500.000,0.0000,-4047.2783,2166.6005,6290.2579,0.0000,1949.0618,-6595.4526,1583.6887,1874.9377,2182.2371,6842.0171,1468.1887,-6296.3527,-3494.2729,3562.0891,-1167.7396,-581.9995,-5530.2601,-400.8611,-5821.1751,-5090.8066,2956.1587,-709.9208,-6005.9286,-3733.5707,-3243.0270,4271.6509,2457.8445,-56.2579,4475.2276,3040.2409,206.5046,3618.6477,-6263.5379,-4147.5140,5779.1760,-6646.3246,6187.7543,-6887.7116,323.0763,-2706.6710,-6639.5549,-4705.6022,-5209.2460,-2131.8466,5062.9056,-227.3758,3578.8771,6251.8179,-2471.2161,-5448.8076,3760.2745,3379.4794,274.7405,-1603.1284,6365.0890,-3343.9432,-3516.8356,5986.2418,-3941.1987,3372.5588,-5812.6708,-6804.0271,-6292.0175,0.0000,-4039.3469,661.3593,-397.7983,-2030.4067,-2987.1192,-595.4414,1683.9797,-777.2040,2204.1762,-1966.6262,-4839.9201,2032.7657,6493.0256,-6309.7595,-2361.7093,-3490.8458,1087.3958,6294.3444,3880.8301,-3135.3409,1672.5387,-4786.3270,4007.2446,3303.7650,-3849.7176,-2364.7764,-4804.5507,38.9859,676.8104,5.8645,-2777.1499,-3477.0223,-896.9258,-6617.7366,0.0000,387439.5901,405023.2327,393518.7035,391969.5129,394323.4724,393022.2751,401139.7299,397947.9693,-276979941.6349,-276960557.2098,-276979935.3680,-276982861.8007,396760.8948,-276982984.9661,0.0000,5004.3056,-6008.3227,-2024.2316,0.0000,6489.5342,1499.5821,4340.4872,2577.8116,-4576.4292,958.5296,5338.4641,-1855.6542,-2726.4232,-5754.8914,-6761.4143,-5559.6943,-4174.6628,-6531.0533,-2002.5258,1677.7996,6230.0968,-6847.5108,-2581.5512,5372.6344,-658.8280,-130.4880,3289.4083,6697.4723,5272.4094,-2885.7682,4863.8775,-5246.3785,2804.5807,-4966.4117,522.1948,1334.9723,-2315.7704,434.0597,-6677.1808,2456.6831,1921.6418,1706.6666,-3515.2019,-6312.2223,430.6005,-5068.9701,2181.5776,589.1652,-3571.0308,-3796.0256,683.0656,-5937.5490,-6811.2635,6711.5655,1279.2792,2540.0441,-5976.4195,3481.8231,3069.9720,5483.3418,970.7458,-48.4269,1016.6548,0.0000,5319.0952,4477.7835,-5062.0074,-5946.7803,-6118.1905,4198.3882,5957.4661,5665.2564,-6386.6942,4951.7954,4923.8833,-5612.9538,-2123.0866,-2662.2411,-2911.2834,2252.9266,-6859.6820,-1231.1892,5197.7707,119.0468,5522.6956,3823.0293,-4787.8922,-5572.1705,-5462.5738,-5363.1193,-3585.0179,6794.4100,-5353.3501,4445.0522,-4527.8266,5341.5734,-4748.0043,-1581.4496,0.0000,-51277.6317,-77355.6400,-71704.3507,-65354.0099,-73284.7431,-69451.6153,-66849.3304,-68192.8325,64797450.0076,64796114.1382,64792352.4328,64826863.4827,-66852.5651,64816073.3883,0.0000,2582.3392,-2408.6332,2117.8763,0.0000,-873.7813,-1474.8967,5141.2994,6161.7696,4719.0559,-673.7596,4171.4886,-2205.7000,5303.1872,-873.4088,-259.8863,3756.4844,308.7543,-2260.2033,-3171.4958,-4231.4261,-782.7145,780.2567,2326.1439,-2294.5949,-6119.6072,-5460.1839,5432.0995,-1471.8957,-260.8443,-5521.7137,-4791.9273,2686.6340,-895.1489,2493.2335,-3775.1730,1529.4571,1777.0146,-861.0230,1775.6225,5902.4054,-327.4720,-4641.0526,-2534.7563,-1903.6267,-4727.2990,4722.0971,-5519.5402,-2683.8595,-5412.7466,1953.8446,5797.4439,1092.5019,1244.5146,513.5282,-2451.9529,-5508.4919,-71.6642,425.3177,4777.2546,2536.7451,3650.2850,1350.4767,-2436.6599,0.0000,1401.0763,-5241.4689,4719.1198,-2904.8001,-1252.1845,-5495.1927,-2920.5405,-3915.1613,1514.1151,4456.3951,469.5765,3505.0285,1143.2081,1107.0017,5835.6097,5522.6199,161.6836,2304.7154,2418.3185,-6214.1250,-3858.4829,-3083.1836,2739.6724,2461.5364,1785.9119,3488.3468,-3274.2953,1303.1540,4242.4086,5275.1113,4441.9596,2684.4702,4952.3328,1347.5555,0.0000,-23479.9049,-28514.2603,-29490.9373,-21414.4722,-23479.1996,-34084.9086,-34274.1003,-27414.6387,22460992.3958,22490399.4869,22473154.9741,22461344.9264,-27573.2691,22468821.0864,
1800.000,0.0000,-2257.5352,1043.1492,5085.7121,0.0000,3355.6010,-5629.8868,3068.8046,106.6541,128.6078,6576.0333,3132.0921,-6872.2672,-4095.6584,2464.0849,-2595.7700,-2135.2283,-6044.6132,-1636.7557,-5278.6904,-3745.9399,3816.0084,-1893.8821,-6782.0286,-2828.8877,-2083.6220,4413.3909,3969.1531,1197.1340,5123.8257,1582.0258,2002.9877,2741.9321,-5248.8678,-5503.5896,6482.6408,-5726.4669,4995.5299,-6755.4410,-906.7234,-571.9243,-6056.4514,-3659.3194,-5155.3159,-3362.2919,4959.8446,-2344.4686,4379.7318,5394.3044,-3789.7802,-6299.9358,2392.1998,2010.9479,-941.9091,-322.4159,6859.1147,-1700.2575,-4368.4880,6528.4326,-3380.3620,4006.8227,-5841.2043,-6195.3735,-6210.6059,0.0000,-2797.8415,2648.3349,-2504.5741,-2990.6993,-3801.6509,1566.9574,2728.8853,889.9404,791.5599,-1547.5866,-3833.4199,879.9094,5510.3283,-6813.5643,-623.2879,-2053.8896,1454.4445,6140.6913,4382.7617,-1651.4507,3519.3310,-3092.7466,2167.1731,2345.2250,-4424.8297,-3888.7271,-6026.4361,1254.1731,-1241.2621,2011.3170,-4497.6311,-1825.6829,-2783.6834,-6371.3766,0.0000,388369.4735,406407.7830,394713.3027,393325.8058,395662.1302,394310.2353,402383.0413,399346.7781,-278326657.0896,-278306688.3225,-278326033.4800,-278330167.9070,398075.9695,-278329721.8516,0.0000,5396.9388,-6712.1799,-3304.5842,0.0000,5909.9907,2549.2013,2793.3835,1289.1475,-4334.9976,-594.0944,4058.8791,-708.0487,-644.2245,-6289.2484,-6223.9754,-5984.9228,-3061.6162,-5569.1532,-341.8263,3335.5087,5226.6642,-6586.5617,-1186.5760,6304.1931,1172.1342,-2216.0738,1704.3298,5988.5146,4185.6717,-4436.8059,5408.6196,-6277.1419,3678.6609,-4084.5696,-877.4261,1815.3267,-3224.2333,1046.8713,-6859.5582,2419.0135,2997.1191,3605.3742,-1858.8755,-6055.2288,-1711.8662,-4807.7448,167.1156,-848.5260,-1848.5336,-2869.2631,-927.6989,-6000.3823,-6844.4331,6525.9107,-253.4002,3960.3355,-5059.3436,2072.3536,4827.9219,3985.2754,2787.5402,1486.6516,2643.3007,0.0000,6225.0759,4667.7924,-4751.4030,-4552.2828,-4990.7048,4009.8814,4593.6478,4748.8970,-6111.2128,6218.4097,5606.0467,-6590.9078,-3092.4597,-1238.6677,-1702.1594,3880.4843,-6365.1798,-2838.4838,3675.4854,1717.7385,5302.3791,4256.5464,-5208.1661,-6483.4732,-4095.5277,-5272.2830,-2756.3399,6787.0993,-5854.8965,3620.7115,-4229.9958,5253.4249,-4999.9439,51.1055,0.0000,-43096.8514,-68691.2356,-63201.4729,-56873.8796,-64882.3160,-61081.2291,-58372.0775,-59652.4882,58734482.7864,58733346.0509,58729254.8845,58763916.0994,-58409.9942,58753017.2789,0.0000,3720.7203,-656.6591,3367.4113,0.0000,682.6426,-3122.7087,5527.2449,6814.3726,5399.1420,-2146.5113,4664.4768,-443.7633,5529.2776,954.2277,1283.4786,2239.5970,-1491.1136,-3774.5694,-4470.5368,-4635.3155,-2512.4933,-1030.6557,874.9834,-545.6850,-6533.8462,-4866.4288,5264.6839,-3122.4701,-2036.5508,-5085.9193,-3658.6357,975.5685,-2615.4242,1064.7749,-2260.6857,3486.8200,3379.7747,1263.4307,-17.1473,6480.8738,1478.8668,-4495.4572,-3987.0834,-123.4716,-4542.9734,4408.7428,-5368.4235,-4102.4228,-5511.4662,172.7566,6450.5704,2790.2327,-563.0322,2269.9091,-1017.5320,-5422.2164,-1854.0054,-1115.6006,3615.8257,3988.2740,2486.8606,2738.9672,-991.8863,0.0000,-141.7754,-4376.1651,4382.7123,-4274.4720,-2930.1554,-5444.4329,-4280.2781,-4969.2153,3151.6930,2688.4984,-1340.9822,1934.9437,2830.4644,-434.3774,6692.6189,5337.6574,2364.8109,840.9495,3895.4467,-6541.1367,-2770.7924,-4399.9647,3825.9717,730.2626,3385.6225,1907.8984,-1649.5689,-508.4193,3362.8750,5515.8668,3139.4054,4106.5125,3892.7867,2736.6364,0.0000,-23635.1735,-28660.3565,-29571.5923,-21671.4713,-23462.5903,-34041.3662,-34581.6199,-28035.7898,22465753.8899,22495235.3669,22477799.5092,22466616.8120,-27710.6029,22473782.6128,
2100.000,0.0000,-234.5718,-181.0403,3391.7283,0.0000,4427.4835,-4105.1229,4298.8078,-1611.8548,-1957.3692,5681.0562,4527.5261,-6765.6153,-4351.3236,1100.2474,-3776.6219,-3436.4449,-5973.1274,-2752.2055,-4248.7006,-2051.4941,4327.2473,-2901.9379,-6902.4324,-1650.1817,-784.7817,4173.4280,5109.1471,2363.4967,5282.1816,15.1246,3564.7330,1603.1812,-3704.7301,-6322.0929,6552.3486,-4219.8554,3284.0830,-5935.4102,-2046.4650,1628.2486,-4865.8451,-2282.0073,-4593.2398,-4258.5166,4422.4452,-4233.3619,4803.9627,4000.0851,-4786.5292,-6525.2678,841.8574,417.2955,-2071.7079,1014.9602,6691.7400,69.4663,-4807.6886,6444.5499,-2524.0267,4287.2922,-5322.3252,-4993.5312,-5501.1691,0.0000,-1270.3780,4354.0746,-4368.2649,-3703.2585,-4271.1329,3579.4018,3543.0532,2512.2458,-730.4928,-1006.7669,-2435.2558,-338.2702,3976.2018,-6659.4187,1122.4935,-460.8868,1631.0229,5363.9683,4491.8522,-62.5513,5013.7233,-1070.8541,92.6139,1163.0416,-4595.3751,-4994.6706,-6620.0117,2350.3636,-3013.8550,3843.1858,-5760.4716,35.5398,-4372.4127,-5520.2224,0.0000,389127.3827,407605.3622,395730.3424,394502.8355,396823.6338,395423.3266,403443.7221,400465.7356,-279540675.9558,-279520122.7494,-279539429.0907,-279544776.9600,399211.3647,-279543758.3319,0.0000,5300.0080,-6718.9594,-4298.0141,0.0000,4727.3904,3381.5148,1007.0766,-211.8813,-3723.3466,-2109.2717,2415.4406,504.9084,1488.1069,-6175.4387,-5061.8052,-5779.7299,-1633.3273,-4065.1079,1389.7055,4689.7810,3699.8445,-5672.2616,314.5995,6610.2589,2934.2288,-4068.8224,-13.1979,4675.5857,2669.5323,-5583.5460,5426.3851,-6680.3283,4216.0642,-2816.4180,-2166.3446,2157.0688,-3839.6031,1570.0782,-6359.7549,2221.2706,3790.5291,5156.5616,22.1202,-5199.0450,-3687.3191,-4123.8343,-1838.2368,-2241.3758,18.5675,-1659.7271,-2504.5913,-5485.8056,-6200.5295,5699.0320,-1752.0183,5034.5388,-3633.4001,453.1067,6100.1325,2081.2754,4318.8596,2903.5078,3992.2096,0.0000,6498.0680,4441.6232,-4023.4403,-2709.3851,-3359.0081,3489.3521,2764.3815,3400.5800,-5247.5338,6849.8268,5741.9384,-6917.6469,-3787.0057,308.7074,-236.9162,5159.3454,-5185.5220,-4148.6346,1774.2895,3204.2270,4593.6740,4305.0789,-5132.4708,-6752.0410,-2306.4083,-4651.1336,-1660.8007,6104.5656,-5796.8284,2490.8772,-3546.8531,4679.8896,-4794.4688,1702.2533,0.0000,-34900.7946,-60001.2411,-54671.3024,-48366.9247,-56450.8551,-52685.0644,-49872.3562,-50993.1985,52643609.6096,52642690.1372,52638273.9606,52673023.7429,-49941.7361,52662054.8488,0.0000,4461.3146,1168.9979,4257.4406,0.0000,2162.6086,-4435.2573,5318.2109,6742.6663,5501.3075,-3390.4848,4658.9307,1365.8772,5160.0124,2674.5967,2685.2617,461.6721,-3131.6826,-4883.8768,-5290.5665,-4521.5439,-3974.4640,-2731.1059,-669.6057,1261.6784,-6259.5030,-3753.1709,4504.8801,-4428.2214,-3593.2920,-4107.0706,-2116.4248,-840.6337,-4054.6088,-477.5882,-503.0436,5073.3844,4606.1310,3253.6463,-1808.1015,6371.5774,3125.7630,-3847.0057,-4983.5082,1669.9102,-3874.9137,3624.1285,-4643.8743,-5062.6445,-5023.8695,-1626.9328,6419.3768,4187.2443,-2310.2790,3781.6311,525.5730,-4755.8315,-3438.2046,-2537.4080,2064.6983,5010.5824,1057.3451,3834.6236,564.3161,0.0000,-1668.7486,-3041.7040,3577.9414,-5185.6348,-4293.4913,-4814.7982,-5165.2415,-5492.3058,4450.4677,634.9073,-3007.3304,156.9977,4213.6664,-1929.3661,6837.4076,4577.8924,4316.0534,-717.5441,4953.9384,-6180.0253,-1387.6542,-5231.4386,4482.0719,-1079.2565,4620.4211,113.2540,159.8653,-2265.2827,2112.9977,5159.2101,1500.1015,5086.0035,2415.0134,3833.0563,0.0000,-23790.7079,-28806.2588,-29648.6898,-21933.9959,-23449.4814,-33992.0022,-34883.4398,-28632.8475,22470518.8762,22500069.4917,22482442.8380,22471900.9739,-27847.9222,22478744.0011,
2400.000,0.0000,1827.8905,-1399.9573,1373.5291,0.0000,5069.2827,-2173.5418,5148.7438,-3093.4535,-3868.8240,4248.0550,5518.7542,-5987.9191,-4231.3940,-405.1308,-4605.7554,-4362.5251,-5335.4310,-3649.1598,-2840.8777,-179.1063,4456.2851,-3653.8969,-6356.6170,-294.8812,524.5597,3562.3218,5752.2046,3338.7327,4950.0851,-1514.6398,4741.0537,296.2000,-1781.1365,-6530.9598,5972.5873,-2279.4140,1228.9878,-4509.4577,-3003.2797,3668.5409,-3181.4941,-707.7494,-3593.2332,-4749.2687,3495.6900,-5710.5682,4801.2746,2219.6460,-5358.0865,-6111.7631,-732.4474,-1254.8159,-3022.9886,2292.0101,5875.8331,1794.7873,-4808.0353,5750.3198,-1439.8180,4197.8791,-4295.6241,-3318.2698,-4227.4832,0.0000,400.8539,5614.1774,-5807.7845,-4108.3007,-4364.8901,5242.5511,4053.5165,3933.6547,-2223.2153,-372.1294,-771.3381,-1521.0953,2041.2588,-5866.8457,2683.3853,1135.9976,1571.4801,4035.8792,4209.2115,1473.6331,6016.9862,1074.4145,-2006.1425,-145.4713,-4357.9911,-5581.7348,-6527.9715,3238.7956,-4471.5844,5315.3272,-6446.9637,1927.2301,-5513.4175,-4152.3385,0.0000,389713.1189,408615.4514,396569.4234,395500.2317,397807.2596,396361.2054,404321.5729,401303.1720,-280621421.7287,-280600284.5182,-280619546.5412,-280626109.9875,400166.5830,-280624517.8900,0.0000,4729.9165,-6029.4177,-4917.1231,0.0000,3056.4018,3929.5344,-841.3794,-1760.5437,-2803.4396,-3452.4555,567.8383,1683.2226,3458.3089,-5434.9067,-3389.0624,-4954.3703,-16.4251,-2172.5123,3026.9178,5601.9049,1795.9992,-4193.4421,1791.7733,6267.5406,4446.1530,-5508.0535,-1690.2227,2897.5095,864.9462,-6205.0338,4900.5111,-6422.8692,4380.1272,-1271.7158,-3234.6142,2346.5410,-4112.9002,1976.7649,-5226.1519,1882.1963,4241.0189,6198.9622,1934.8288,-3818.4426,-5304.5846,-3075.6419,-3639.0830,-3455.3657,1849.3454,-269.0732,-3885.9510,-4455.7353,-4943.2239,4319.4810,-3086.1107,5649.6994,-1831.9814,-1231.2019,6761.8149,-40.8869,5425.0985,4075.1236,4938.5671,0.0000,6117.8878,3806.5990,-2940.5910,-602.6815,-1381.9849,2680.4502,659.9371,1758.3282,-3889.8591,6784.4647,5332.4663,-6559.3766,-4153.6172,1844.1118,1325.7040,5956.0240,-3455.0239,-5041.1656,-319.9866,4424.1279,3452.5954,3973.8068,-4575.0171,-6357.8732,-269.0493,-3548.6882,-391.2712,4813.5743,-5175.2386,1165.3715,-2528.5593,3687.8477,-4137.0762,3221.2336,0.0000,-26693.0583,-51289.6791,-46117.6572,-39837.0307,-47994.2639,-44266.5876,-41354.1227,-42238.3722,46527734.3039,46527050.3208,46522313.6653,46557089.8581,-41451.6156,46546090.0896,0.0000,4725.0644,2863.2962,4693.0630,0.0000,3400.3480,-5272.4237,4536.6318,5954.1272,5014.6962,-4273.5661,4155.3893,3028.4491,4235.0527,4094.2927,3790.8272,-1370.0714,-4438.1829,-5469.9059,-5544.4175,-3902.7933,-5013.5293,-4139.2439,-2142.7709,2933.6743,-5325.1955,-2238.6036,3237.9830,-5245.7713,-4764.3343,-2689.0283,-337.2468,-2566.3822,-5058.7840,-1968.9158,1308.7577,6120.6700,5319.7507,4898.1552,-3404.5296,5586.0244,4435.6749,-2767.8900,-5410.8984,3283.8499,-2793.9512,2451.9549,-3422.7023,-5458.0495,-4001.3808,-3251.9944,5707.0746,5133.1327,-3810.3534,4885.8563,2012.4689,-3580.0791,-4655.5427,-3688.5952,291.0085,5493.9183,-485.3125,4520.3998,2057.0354,0.0000,-3008.7705,-1380.5824,2390.6483,-5541.3027,-5196.5856,-3672.7009,-5478.0285,-5429.0289,5271.0375,-1486.1579,-4350.7651,-1637.8339,5144.3958,-3218.4494,6254.5247,3324.9531,5807.7821,-2195.3190,5480.2996,-5168.3770,143.6112,-5486.6250,4634.2831,-2773.3800,5357.4445,-1694.1293,1951.3396,-3778.6187,630.3511,4243.6866,-300.1157,5517.6436,677.7197,4519.6726,0.0000,-23946.5079,-28951.9599,-29722.3441,-22202.1743,-23439.8641,-33936.7350,-35179.6365,-29172.4289,22475287.4436,22504901.8893,22487085.0538,22477197.0810,-27985.2269,22483705.2513,
2700.000,0.0000,3730.3800,-2506.4424,-772.5463,0.0000,5227.4492,-27.6614,5526.3165,-4183.2047,-5414.1081,2418.8868,6005.4208,-4618.6268,-3737.1646,-1909.5417,-5011.1411,-4832.3029,-4205.0461,-4245.3763,-1197.3408,1685.0248,4202.6676,-4092.0243,-5199.2884,1120.1258,1721.6812,2623.1531,5820.7922,4032.8170,4172.6769,-2869.0671,5423.3163,-1067.4324,333.0755,-6117.8416,4793.3202,-103.3269,-957.8825,-2622.7089,-3700.7520,5339.3284,-1168.1957,913.2128,-2265.9921,-4802.3477,2258.1399,-6632.9795,4358.3377,239.9752,-5437.7364,-5109.8894,-2176.5812,-2846.6881,-3719.3361,3393.2596,4488.1366,3313.5175,-4382.9974,4519.5808,-215.7709,3753.2245,-2849.7084,-1334.4186,-2512.2302,0.0000,2057.5133,6310.1344,-6683.5960,-4169.9323,-4084.4445,6390.8427,4211.6154,5012.7066,-3545.9785,319.5895,1003.4393,-2571.8743,-102.9568,-4517.1557,3893.8227,2588.9158,1262.3815,2285.4806,3569.0737,2810.8255,6439.0070,3124.1789,-3914.5373,-1469.3474,-3744.7522,-5604.1559,-5765.3809,3849.0369,-5478.6050,6275.0341,-6497.3603,3663.1296,-6103.8639,-2404.1920,0.0000,390126.5582,409437.6165,397230.2246,396317.7229,398612.3756,397123.6077,405016.4673,401865.4809,-281568381.4383,-281546661.1966,-281565873.7116,-281573651.4930,400941.2082,-281571487.5514,0.0000,3744.5715,-4717.9193,-5106.2516,0.0000,1062.9684,4149.0481,-2572.9716,-3179.3977,-1661.1495,-4502.5371,-1307.7089,2728.5440,5071.9312,-4153.5962,-1372.1086,-3586.7939,1640.9492,-81.6316,4409.3402,5973.9072,-300.1113,-2295.6194,3116.6008,5317.6458,5546.6005,-6395.1722,-3162.6191,839.0667,-1056.0200,-6229.4157,3869.4561,-5538.2505,4166.5545,412.3637,-3995.0134,2378.5242,-4024.5180,2247.4535,-3571.1742,1425.8280,4318.5417,6621.1190,3679.1724,-2042.3035,-6407.2092,-1753.2191,-5062.4625,-4369.0209,3469.9721,1181.2394,-4923.6424,-3020.5731,-3197.5583,2529.9464,-4140.6520,5733.8655,172.5937,-2827.4339,6750.5410,-2170.3753,6009.3225,4894.3381,5398.5362,0.0000,5130.6756,2807.6675,-1596.1011,1557.8892,746.0794,1649.2968,-1502.4440,-15.6296,-2178.9139,6033.5376,4430.5657,-5551.4893,-4166.7733,3231.2190,2808.7312,6181.9722,-1367.5670,-5438.3848,-2400.3399,5243.5875,1976.3405,3299.7592,-3594.3932,-5347.1025,1815.7052,-2064.5675,940.5581,3042.2451,-4041.4730,-232.3346,-1257.2301,2380.7963,-3076.2177,4466.4873,0.0000,-18477.2401,-42560.5823,-37544.3632,-31288.0972,-39516.4523,-35829.2510,-32821.3272,-33416.0561,40389772.5658,40389342.3802,40384289.8422,40419029.8785,-32943.4670,40408038.8632,0.0000,4483.8082,4235.8897,4627.8495,0.0000,4257.2985,-5545.1841,3266.4520,4532.0080,3991.2640,-4702.2952,3207.5166,4364.9574,2853.8296,5053.8682,4478.3023,-3042.4114,-5272.0099,-5470.4103,-5205.1500,-2847.8259,-5519.9246,-5105.1023,-3387.5814,4290.9158,-3828.5419,-484.2598,1606.4438,-5485.6932,-5424.8033,-982.9285,1479.7169,-4016.3323,-5521.0194,-3250.0026,2979.4315,6517.6977,5441.4601,6022.4559,-4635.2721,4207.2424,5267.5756,-1378.5342,-5220.8297,4544.9644,-1414.9500,1017.4812,-1834.8888,-5244.9140,-2552.2178,-4528.5556,4388.8631,5526.2519,-4903.4466,5463.8535,3284.1302,-2020.2537,-5376.9250,-4446.8890,-1514.0624,5386.4920,-1976.0938,4723.0970,3318.3433,0.0000,-4012.1861,429.0349,947.6844,-5303.7069,-5543.3804,-2139.0635,-5184.2809,-4786.0691,5525.5128,-3449.6649,-5227.8457,-3257.0912,5522.9861,-4164.4813,5005.5399,1713.6756,6681.6676,-3426.4106,5418.2011,-3611.7556,1659.5130,-5137.6440,4265.4707,-4171.4117,5517.5427,-3311.7098,3523.8610,-4886.4175,-921.7373,2868.3128,-2068.2016,5355.1051,-1132.3998,4723.2002,0.0000,-24102.5734,-29097.4524,-29792.6765,-22476.1418,-23433.7291,-33875.4809,-35470.2836,-29626.0007,22480059.6792,22509732.5873,22491726.2485,22482504.7813,-28122.5169,22488666.3635,
3000.000,0.0000,5287.0056,-3401.3387,-2838.2772,0.0000,4894.2889,2119.1399,5382.2133,-4774.8043,-6436.2117,371.9248,5932.9444,-2796.5898,-2902.3556,-3265.7725,-4959.1332,-4813.1266,-2700.4467,-4481.5852,521.5855,3358.3644,3597.4369,-4184.6847,-3544.4720,2468.4828,2701.3393,1429.4553,5295.2110,4377.6342,3034.1814,-3930.0097,5555.2187,-2367.7259,2428.9141,-5130.1620,3126.0400,2085.6561,-3050.4596,-468.0988,-4084.3569,6468.5447,974.8038,2428.5054,-750.4054,-4425.8991,815.7824,-6912.1321,3502.0269,-1734.9575,-5003.5256,-3626.9774,-3355.7445,-4202.6750,-4105.0743,4215.0248,2661.8930,4486.9355,-3582.6956,2875.9563,1046.4590,2996.4684,-1114.5859,764.6013,-525.0313,0.0000,3540.0638,6380.9782,-6911.6379,-3879.0686,-3461.8612,6909.3798,3997.3814,5636.4313,-4569.4782,1023.8251,2719.6858,-3405.4141,-2243.2946,-2744.5882,4632.6797,3768.0796,725.9013,286.2466,2634.5537,3827.9920,6246.5678,4867.6010,-5435.7385,-2693.1391,-2818.8220,-5074.1183,-4417.4248,4133.8567,-5945.4000,6619.3045,-5915.9667,5068.5141,-6097.1619,-446.7648,0.0000,390367.6516,410071.5084,397712.5027,396955.1385,399238.4405,397710.3495,405528.3525,402166.5685,-282381105.8932,-282358804.1351,-282377962.2633,-282386949.7015,401534.9060,-282384218.1270,0.0000,2437.3998,-2923.9931,-4846.3200,0.0000,-1052.4932,4021.6096,-4024.1399,-4298.6217,-398.3782,-5162.4155,-3035.2577,3552.0858,6171.8302,-2471.4842,787.3777,-1815.0962,3182.6662,1999.6916,5396.6099,5759.2831,-2383.3871,-166.1234,4173.5638,3861.8434,6111.6211,-6647.5663,-4291.2707,-1288.3615,-2906.6627,-5642.7882,2424.9027,-4121.7925,3602.1830,2083.4617,-4389.8990,2255.1301,-3585.0953,2369.6802,-1559.4853,880.2560,4025.0468,6373.7684,5068.5089,-41.2591,-6888.9051,-270.8324,-5974.6919,-4885.2266,4730.1712,2560.4598,-5499.2170,-1326.9731,-1136.8751,511.9857,-4825.8156,5264.9057,2185.7677,-4187.8250,6072.2629,-4094.3762,6025.6616,5283.4772,5336.4502,0.0000,3642.8144,1525.1823,-106.2519,3557.7364,2814.6359,479.7090,-3500.7084,-1750.6218,-286.9732,4679.0440,3134.0535,-3994.6643,-3829.7021,4345.0536,4037.0261,5803.8559,845.7840,-5311.6012,-4259.1897,5564.1661,295.3111,2347.6316,-2287.3415,-3826.0738,3739.9891,-339.8932,2213.7849,966.7034,-2498.1909,-1576.5057,159.3903,887.8568,-1700.2738,5318.7476,0.0000,-10256.9370,-33817.9915,-28955.2520,-22724.0361,-31021.3359,-27376.4893,-24277.9133,-24556.8217,34232650.5719,34232492.5586,34227128.7845,34261769.8404,-24421.1324,34250827.5113,0.0000,3763.2248,5132.8113,4068.6912,0.0000,4637.6327,-5224.5807,1644.3300,2627.0552,2540.3959,-4631.4430,1916.5204,5231.7092,1165.0593,5445.7558,4671.9600,-4361.3221,-5545.0349,-4885.3230,-4308.7225,-1474.1627,-5440.3014,-5526.2389,-4271.8360,5187.9644,-1926.7010,1322.0026,-206.0245,-5121.7765,-5504.5174,828.6103,3130.5967,-5035.3942,-5392.2429,-4184.4861,4328.8385,6222.4172,4957.7856,6507.5195,-5368.9507,2381.3529,5532.0690,165.5233,-4434.7316,5317.9784,115.1453,-525.8447,-50.2005,-4446.7851,-830.4388,-5320.6265,2604.3394,5324.4228,-5473.5992,5453.5942,4204.6072,-243.3292,-5526.1222,-4732.0163,-3156.2514,4699.8422,-3255.8063,4421.0490,4206.4210,0.0000,-4567.3532,2192.4093,-596.6347,-4498.0438,-5297.0753,-376.9962,-4316.2117,-3631.5455,5186.7019,-5048.1760,-5545.3132,-4527.7437,5308.9824,-4667.1541,3222.9291,-82.3045,6845.1732,-4273.0682,4774.3149,-1673.4478,2998.0107,-4222.5611,3416.9560,-5124.8583,5083.5538,-4558.8514,4701.0799,-5470.5932,-2372.4117,1182.0579,-3614.9729,4615.8408,-2821.0425,4421.9000,0.0000,-24258.9041,-29242.7283,-29859.8144,-22756.0408,-23431.0663,-33808.1542,-35755.4515,-29971.4801,22484835.6684,22514561.6129,22496366.5126,22487823.6991,-28259.7923,22493627.3375,
3300.000,0.0000,6343.7377,-4002.0411,-4623.8192,0.0000,4107.5673,4053.5623,4716.6784,-4821.4244,-6829.1677,-1695.3318,5298.9269,-705.4169,-1791.6040,-4336.2491,-4456.9063,-4321.8577,-972.3719,-4327.2927,2152.6947,4679.8399,2699.2690,-3927.8863,-1553.7794,3625.5777,3384.9383,80.0969,4217.3722,4333.4385,1648.5992,-4609.7179,5137.1941,-3486.5784,4297.6461,-3669.2546,1132.8882,4063.1612,-4831.9181,1733.8656,-4124.9720,6940.0798,3033.7980,3697.8212,800.6624,-3665.8537,-706.6529,-6522.9696,2298.9710,-3504.8657,-4082.4746,-1815.1569,-4167.2576,-5185.3807,-4149.0500,4675.0383,573.7020,5212.6525,-2487.8356,980.1495,2239.7749,1995.0883,750.1947,2775.7137,1534.6286,0.0000,4702.8739,5828.8400,-6471.6569,-3254.7390,-2556.0175,6746.1028,3422.1053,5732.3393,-5188.3459,1690.1143,4209.4715,-3954.3560,-4166.3173,-722.5856,4835.8451,4573.4058,18.4808,-1761.4326,1491.4199,4440.4439,5465.7712,6123.3490,-6411.1276,-3706.6274,-1667.8670,-4058.2978,-2629.3804,4072.1468,-5836.5234,6306.4012,-4769.3121,5997.8843,-5506.1889,1531.2565,0.0000,390436.4247,410516.8625,398016.0920,397412.4109,399685.0036,398121.3269,405857.2503,402226.8811,-283059209.8932,-283036328.6800,-283055427.8514,-283065616.7749,401947.4236,-283062324.4260,0.0000,928.5602,-836.8581,-4156.7954,0.0000,-3075.4491,3555.8813,-5062.4454,-4976.5765,875.8085,-5367.6859,-4455.7439,4081.8215,6653.9315,-566.8192,2872.7534,176.9198,4459.0554,3866.3825,5882.6733,4969.1500,-4248.2135,1984.5621,4869.6935,2049.7492,6069.1546,-6246.7704,-4975.3427,-3268.2285,-4503.5456,-4492.3141,703.7950,-2319.7311,2741.5595,3587.7726,-4394.9909,1984.9494,-2834.2040,2337.5328,608.8334,276.7867,3393.0111,5476.0739,5949.3776,1989.0623,-6704.2291,1242.7401,-6294.3804,-4941.5051,5517.3892,3740.0918,-5537.8869,457.3338,1034.7185,-1532.6620,-5084.3248,4274.7505,4009.4689,-5183.3929,4799.8729,-5619.4514,5482.3869,5201.6711,4766.9942,0.0000,1808.9893,68.9400,1399.5365,5198.6331,4617.4175,-733.0359,-5130.4700,-3283.6696,1599.6257,2863.9582,1574.7174,-2044.1471,-3173.4546,5082.9188,4858.1908,4848.3624,2942.6105,-4682.2730,-5709.1729,5335.0859,-1438.3675,1203.8690,-779.3353,-1949.5521,5309.7006,1456.3578,3309.1280,-1206.7526,-689.9867,-2750.3681,1596.9599,-648.9800,-130.2981,5692.4317,0.0000,-2035.7436,-25065.9535,-20354.1599,-14148.7711,-22512.8343,-18911.7157,-15727.8162,-15691.7000,28059303.5836,28059436.1687,28053765.8397,28088244.9933,-15888.4601,28077391.4606,0.0000,2640.1833,5453.6911,3075.1066,0.0000,4498.8404,-4344.5944,-154.9732,441.9659,817.4019,-4068.5486,420.4554,5535.7116,-649.2576,5226.0965,4350.4281,-5174.4541,-5228.4445,-3776.7681,-2950.4440,64.6784,-4782.9933,-5358.1004,-4701.9439,5528.8879,179.4740,2986.3015,-1995.3412,-4193.7050,-4995.0068,2551.1206,4430.1474,-5515.0257,-4686.1123,-4673.2287,5211.6708,5265.9717,3922.3846,6302.0627,-5527.5361,302.3180,5200.7734,1690.9592,-3141.6623,5520.1360,1632.9164,-2012.9740,1739.8513,-3152.0598,980.1559,-5544.1538,542.9910,4549.3050,-5460.5102,4856.2043,4675.6033,1559.7512,-5087.3754,-4513.8899,-4459.4168,3507.6325,-4188.1986,3646.3960,4621.5490,0.0000,-4612.7129,3719.5075,-2077.2109,-3209.9912,-4483.7756,1425.3604,-2969.3221,-2088.2279,4290.9022,-6113.8038,-5269.4952,-5314.5997,4525.3105,-4673.3347,1096.4623,-1869.4530,6280.9160,-4640.9484,3617.6150,442.0625,4016.0475,-2841.5264,2184.0103,-5532.8144,4102.0722,-5296.8841,5351.2249,-5469.0745,-3562.3512,-632.2955,-4775.5524,3379.2726,-4207.4837,3647.8520,0.0000,-24415.5000,-29387.7793,-29923.8911,-23042.0210,-23431.8652,-33734.6679,-36035.2080,-30194.3838,22489615.4948,22519388.9926,22501005.9349,22493153.4321,-28397.0528,22498588.1734,
3600.000,0.0000,6793.9618,-4249.7870,-5957.1998,0.0000,2946.1021,5583.3147,3581.2309,-4339.5173,-6549.5497,-3585.1005,4154.6387,1445.4163,-495.9842,-5006.9275,-3551.4715,-3420.7651,811.1730,-3784.7728,3545.1753,5525.4959,1588.9215,-3344.9566,579.6514,4479.9423,3726.7142,-1308.6124,2687.7473,3893.5191,148.4312,-4857.9561,4224.5345,-4318.1250,5751.2932,-1879.5729,-989.5733,5626.3210,-6117.3174,3757.8444,-3820.5181,6706.4015,4802.0149,4605.8790,2235.4143,-2600.1779,-2176.2749,-5506.0132,850.9986,-4893.3020,-2749.9439,144.4549,-4549.6390,-5689.6931,-3846.7285,4720.7141,-1573.8504,5433.6843,-1201.6232,-985.7353,3260.4067,835.1344,2570.3361,4505.8874,3457.6223,0.0000,5428.1658,4717.6770,-5408.9076,-2343.5670,-1447.2496,5917.5373,2528.7251,5277.2423,-5332.1459,2264.9854,5322.4384,-4173.9454,-5679.6889,1353.2274,4502.0612,4942.8127,-775.1161,-3650.3205,240.4109,4607.0228,4178.4641,6758.7097,-6737.2426,-4414.3111,-395.8765,-2669.0727,-590.3818,3670.0083,-5172.5874,5361.0744,-3177.9599,6350.3693,-4400.1992,3341.6813,0.0000,390332.9777,410773.4991,398140.9051,397689.5781,399951.7047,398356.5173,406003.2573,402072.0786,-283602372.4125,-283578914.3551,-283597950.3058,-283609328.9971,402178.5903,-283605485.4392,0.0000,-645.9514,1324.9637,-3094.5804,0.0000,-4799.0583,2787.3455,-5598.8507,-5117.9805,2054.3931,-5092.8781,-5441.8071,4268.4721,6477.3781,1362.9646,4674.1998,2179.0818,5341.1511,5336.1450,5807.5043,3672.7593,-5708.4517,3943.3777,5142.3219,63.5252,5408.6936,-5239.7357,-5161.0966,-4900.5590,-5684.3883,-2882.8086,-1124.8534,-313.7411,1661.8159,4783.9819,-4019.9438,1582.6489,-1837.0284,2151.4832,2718.1681,-350.6926,2481.7618,4014.6084,6218.7096,3847.3316,-5873.1327,2655.3140,-5999.9854,-4517.8092,5767.1249,4605.5096,-5018.4029,2160.1677,3102.4465,-3402.3172,-4895.8748,2848.0755,5461.2927,-5715.9264,3064.7165,-6591.2665,4439.6246,4649.2773,3752.4844,0.0000,-184.0150,-1431.0830,2789.8631,6318.3923,5972.7607,-1889.5501,-6225.9679,-4474.7508,3298.8662,776.3344,-95.0251,106.2281,-2254.1242,5373.5568,5161.7949,3400.6429,4695.6768,-3618.4456,-6602.3052,4560.9946,-3064.6679,-30.6635,787.2962,95.2765,6364.2680,3143.9073,4119.9079,-3262.0318,1210.3885,-3656.1355,2925.3207,-2088.2962,1490.6980,5544.3821,0.0000,6182.7493,-16308.5196,-11744.9262,-5566.2363,-13994.8701,-10438.3177,-7174.9626,-6850.2548,21872674.5486,21873116.1937,21867144.0113,21901398.4063,-7349.3025,21890673.8232,0.0000,1234.6870,5162.7164,1753.0480,0.0000,3856.3764,-2998.7960,-1937.6237,-1790.2781,-993.1464,-3073.1376,-1120.6022,5244.4205,-2393.7253,4419.4818,3549.0089,-5388.2437,-4355.5879,-2262.8771,-1275.3540,1596.2388,-3617.2193,-4618.4350,-4632.5213,5277.3022,2266.5332,4329.9268,-3560.4464,-2803.0291,-3950.3549,3999.5259,5232.7853,-5404.2845,-3477.6682,-4664.5312,5533.0562,3749.5970,2450.2806,5427.7327,-5094.1799,-1808.8761,4309.2579,3026.2909,-1488.7899,5129.8330,2976.0800,-3285.1513,3342.8257,-1504.7247,2685.7632,-5175.4559,-1576.0837,3284.1536,-4865.5286,3735.8374,4646.8668,3194.8212,-4106.9549,-3815.6157,-5284.3816,1937.9565,-4674.3341,2481.7694,4517.1755,0.0000,-4143.2912,4845.8387,-3336.0525,-1577.0930,-3189.9199,3075.1252,-1292.4436,-320.9652,2934.1321,-6535.2803,-4429.6351,-5534.2610,3255.8932,-4182.4239,-1147.0086,-3455.5659,5048.4358,-4489.2409,2072.1880,2510.6342,4604.9249,-1146.3678,705.2907,-5352.1211,2678.6060,-5444.0328,5401.6839,-4882.0003,-4361.3184,-2378.2524,-5426.7627,1778.4775,-5143.9524,2483.6408,0.0000,-24572.3609,-29532.5965,-29985.0461,-23334.2397,-23436.1154,-33654.9342,-36309.6174,-30288.5711,22494399.2402,22524214.7527,22505644.6030,22498493.5478,-28534.2985,22503548.8712,
3900.000,0.0000,6589.6541,-4115.2610,-6711.2177,0.0000,1521.9181,6556.3506,2074.9823,-3404.8716,-5621.4792,-5118.0931,2601.1205,3441.6838,874.1986,-5199.5620,-2325.4337,-2209.3988,2480.9505,-2890.6505,4574.5926,5820.2660,362.3801,-2484.5587,2649.8446,4943.9271,3716.2037,-2612.8430,855.7260,3086.5065,-1327.6574,-4665.1524,2919.8499,-4778.4238,6641.5933,65.6898,-3030.0251,6615.0332,-6773.2621,5396.8268,-3195.8927,5793.5378,6100.5236,5072.7548,3417.8153,-1330.7764,-3463.5246,-3962.7485,-713.2973,-5765.4964,-1123.8188,2059.6624,-4486.8801,-5654.3485,-3220.6654,4335.3231,-3571.9725,5142.6470,159.6481,-2835.4629,4016.4985,-385.8276,4172.9959,5790.8577,5046.4614,0.0000,5637.7557,3165.5048,-3829.0897,-1217.1327,-230.6904,4507.1703,1389.5978,4301.5802,-4973.6594,2695.7453,5940.8653,-4045.1422,-6631.7246,3283.7796,3691.0732,4856.3299,-1551.8165,-5187.0312,-1011.3938,4332.4121,2513.3115,6704.2970,-6377.2040,-4744.0880,886.0176,-1051.8708,1486.8967,2960.1616,-4026.6495,3872.5811,-1303.3373,6081.1511,-2896.2223,4814.8266,0.0000,390057.4854,410841.3232,398086.9316,397786.7864,400038.2732,398415.9793,405966.5454,401731.3948,-284010336.7510,-283986305.0136,-284005273.7826,-284017826.9289,402228.3171,-284013444.4902,0.0000,-2146.4605,3336.6444,-1749.7174,0.0000,-6045.3999,1776.2595,-5595.2024,-4686.9760,3041.1742,-4354.7208,-5909.2763,4089.9700,5667.7700,3121.7427,6009.9579,3976.8380,5733.6898,6267.4705,5164.9184,1991.8612,-6616.0435,5515.5072,4964.4299,-1900.6053,4184.3491,-3733.0829,-4845.3115,-6022.2081,-6324.5626,-967.0035,-2876.7910,1697.3144,456.1868,5556.2620,-3306.0314,1068.9639,-679.1456,1818.6739,4558.5020,-966.3478,1372.0216,2134.9560,5836.5408,5346.5315,-4478.7566,3842.7054,-5130.9124,-3640.7236,5468.1449,5066.8407,-3977.2022,3621.5590,4861.7867,-4915.3710,-4278.4660,1115.2233,6392.6651,-5727.6655,1042.4482,-6910.7209,3002.3448,3668.8904,2395.8688,0.0000,-2136.1172,-2836.3351,3942.6600,6807.3663,6742.0628,-2894.1826,-6677.4477,-5219.7781,4650.7452,-1370.4460,-1716.7158,2243.3561,-1148.3781,5183.9428,4894.1334,1596.4483,5917.7262,-2227.2450,-6845.5903,3303.7581,-4430.4296,-1249.0756,2266.7163,2107.2891,6793.5208,4548.9735,4562.2549,-4994.4125,3018.6268,-4222.8094,4019.9964,-3302.2609,3010.7279,4879.0641,0.0000,14394.9562,-7549.7437,-3131.3914,3019.6237,-5471.3671,-1959.6522,1376.7315,1941.1550,15675712.6976,15676481.8838,15670212.5552,15704179.5709,1192.4852,15693623.9935,0.0000,-302.9103,4292.4636,243.6968,0.0000,2781.9990,-1330.9107,-3511.9732,-3831.8721,-2697.4882,-1750.6807,-2541.9057,4389.0912,-3880.9640,3116.2953,2355.9220,-4978.1051,-3018.7059,-505.7047,536.8873,2948.6065,-2066.2458,-3385.5544,-4070.9504,4460.1137,4112.5695,5208.7881,-4726.1364,-1102.6025,-2481.8272,5018.3487,5448.8001,-4714.8979,-1895.8237,-4159.3515,5258.5260,1834.2720,705.2954,3976.9553,-4114.8862,-3728.2827,2953.3524,4021.3901,334.8687,4188.8380,4001.0425,-4206.9721,4586.4226,311.2022,4103.6906,-4253.5643,-3528.0260,1665.0986,-3751.5352,2212.9810,4121.4394,4485.7875,-2688.6033,-2711.1471,-5543.3809,159.7047,-4662.7857,1051.6245,3905.0128,0.0000,-3211.1980,5450.2852,-4239.2311,225.5014,-1553.5904,4395.6981,528.2892,1480.7389,1262.0479,-6268.7877,-3115.0064,-5163.4834,1636.8703,-3246.3942,-3268.3233,-4670.6834,3278.2972,-3834.9341,304.0636,4312.6937,4701.8267,675.7098,-852.7936,-4601.6600,966.4399,-4983.9771,4846.8640,-3771.7156,-4682.1889,-3867.2592,-5499.7237,-14.0260,-5531.0336,1053.6905,0.0000,-24729.4869,-29677.1708,-30043.4239,-23632.8625,-23443.8064,-33568.8654,-36578.7416,-30256.6112,22499186.9846,22529038.9188,22510282.6032,22503843.5802,-28671.5292,22508509.4309,
4200.000,0.0000,5746.7647,-3602.1360,-6815.9331,0.0000,-30.3710,6876.5295,335.8409,-2141.4597,-4134.3657,-6150.6359,780.1583,5085.8317,2198.6437,-4881.1251,-889.7439,-813.6594,3882.3664,-1714.4841,5154.1772,5544.5017,-876.9603,-1417.1286,4457.6626,4962.8076,3376.7515,-3712.1926,-1095.3413,1975.6755,-2647.3745,-4061.4752,1361.1757,-4813.8597,6875.6322,1981.1856,-4783.5122,6929.0942,-6732.3154,6483.6864,-2301.2698,4297.6864,6796.7356,5060.5611,4240.5317,26.1626,-4453.4611,-2044.9822,-2250.0190,-6041.8931,645.9992,3745.7337,-4007.4670,-5069.6477,-2319.3094,3541.2781,-5226.0288,4380.7201,1476.7353,-4396.1555,4435.9366,-1566.6198,5402.9622,6511.0482,6135.6517,0.0000,5301.6246,1331.3777,-1887.3263,32.9410,991.3988,2656.6310,101.3985,2888.2740,-4133.3279,2935.0644,5992.4019,-3576.1058,-6927.1086,4885.4783,2514.2928,4335.8632,-2203.3306,-6211.6055,-2159.5172,3664.3111,632.6930,5962.3190,-5365.0577,-4654.5904,2069.0545,629.8775,3388.4853,1999.7238,-2515.8256,1985.7456,668.7279,5207.3292,-1146.3425,5815.6530,0.0000,389610.1966,410720.3241,397854.2393,397704.2936,399944.5279,398299.8540,405747.3619,401235.7111,-284282910.6561,-284258308.9588,-284277206.8842,-284290915.5318,402096.5971,-284286009.3571,0.0000,-3441.9721,4990.4807,-238.0485,0.0000,-6684.1280,603.6890,-5066.1446,-3713.0245,3758.2452,-3211.9183,-5824.0975,3554.1203,4313.2392,4534.7598,6745.0037,5373.8456,5585.7069,6573.7887,4005.1584,89.2892,-6876.5102,6543.7916,4347.3179,-3651.7939,2510.5572,-1881.2841,-4073.2865,-6523.6588,-6350.6721,1069.3367,-4371.1547,3516.7858,-773.5367,5825.3650,-2321.4945,470.8263,540.3901,1353.5712,5946.1278,-1533.1894,159.0431,26.8991,4832.2518,6332.9503,-2658.7824,4699.3528,-3782.1566,-2383.0701,4662.0271,5068.3401,-2506.0353,4708.9483,6138.5971,-5928.2422,-3286.6975,-759.9194,6704.4065,-5207.8004,-1064.9219,-6544.5302,1309.6427,2342.5661,830.2931,0.0000,-3853.7421,-4012.4481,4755.5965,6619.8254,6844.5379,-3662.6231,-6442.8141,-5459.8460,5532.6063,-3359.2016,-3140.6258,4155.6941,52.5306,4523.1705,4066.2030,-391.0171,6482.0980,-644.2817,-6411.1800,1677.7138,-5403.7229,-2347.3516,3523.1354,3890.8480,6549.7343,5521.8469,4583.7790,-6230.8376,4556.5813,-4411.0318,4773.5041,-4187.9947,4282.8257,3749.4496,0.0000,22597.2986,1206.3197,5482.6039,11604.8548,3053.7507,6520.9591,9923.3611,10660.8823,9471372.1386,9472487.3508,9465925.5744,9499543.0012,9733.0472,9489196.2421,0.0000,-1808.1385,2940.3693,-1291.6986,0.0000,1395.9173,480.1422,-4709.3970,-5466.1555,-4113.7458,-241.7039,-3691.8656,3061.5306,-4951.8718,1462.8260,902.7441,-3991.0792,-1359.6764,1305.8897,2291.2827,3969.9556,-294.8454,-1790.5128,-3076.6154,3164.7298,5521.3718,5528.8266,-5362.4866,719.8453,-746.5337,5498.4406,5054.1169,-3520.1142,-110.0825,-3211.1924,4417.5747,-276.2462,-1118.2349,2103.5276,-2693.9520,-5253.2283,1279.0629,4564.4579,2120.0280,2797.9679,4598.3276,-4680.6554,5337.1892,2092.1842,5082.2235,-2876.3728,-5106.6080,-133.4056,-2236.7109,451.6592,3155.3497,5293.8141,-983.0643,-1317.7386,-5208.9078,-1635.7553,-4154.8240,-491.0399,2853.7544,0.0000,-1920.1039,5467.9653,-4690.9794,2003.7656,249.8002,5245.9039,2290.1105,3123.2543,-545.6584,-5342.0886,-1465.9297,-4241.4728,-157.9187,-1964.5136,-5042.2187,-5385.1668,1158.7212,-2750.9728,-1496.7494,5657.0805,4296.3936,2422.8427,-2315.0516,-3360.5756,-849.8848,-3967.5535,3748.7752,-2256.5625,-4490.1029,-4939.1942,-4986.7110,-1805.0511,-5327.7222,-489.0091,0.0000,-24886.8778,-29821.4923,-30099.1748,-23938.0628,-23454.9279,-33476.3749,-36842.6392,-30109.7737,22503978.8063,22533861.5162,22514920.0206,22509203.0250,-28808.7449,22513469.8525,
4500.000,0.0000,4344.0108,-2748.0988,-6265.2676,0.0000,-1566.1316,6513.7704,-1472.3379,-704.9060,-2233.7233,-6588.4463,-1138.8772,6216.8077,3357.3773,-4069.0999,626.1035,626.9004,4889.8705,-354.0400,5242.1146,4734.6436,-2026.6324,-229.7465,5829.8744,4521.4265,2760.4935,-4500.6667,-2966.5619,654.8079,-3696.5614,-3112.3314,-292.7514,-4407.5582,6426.2386,3686.8568,-6072.1519,6538.9538,-6000.2085,6908.9217,-1208.7147,2374.1678,6818.4964,4576.0217,4634.6280,1350.6405,-5055.8178,60.4146,-3613.2292,-5705.6084,2391.6125,5043.1477,-3178.6013,-3980.1019,-1213.9805,2399.8129,-6374.6814,3231.8397,2637.6283,-5524.5185,4472.9998,-2610.5467,6137.5230,6602.9480,6609.2058,0.0000,4442.3475,-601.1949,227.3699,1301.9938,2117.8462,550.9192,-1222.6593,1165.8678,-2878.9746,2946.1322,5459.0092,-2802.0372,-6536.8637,6007.7412,1119.5216,3441.1198,-2630.7666,-6614.2739,-3110.5499,2686.0894,-1283.1960,4606.9835,-3802.3587,-4140.5163,3055.8689,2210.8953,4921.2554,866.2894,-789.2659,-113.6575,2546.1717,3807.2131,677.6258,6256.3350,0.0000,388991.4344,410410.5759,397442.9728,397442.4725,399670.3767,398008.3655,405346.0301,400615.3759,-284419966.4130,-284394799.0342,-284413622.7489,-284428464.2626,401783.5054,-284423052.3628,0.0000,-4421.5213,6117.6108,1308.6364,0.0000,-6646.5582,-634.3802,-4075.5902,-2288.8528,4151.5164,-1761.1022,-5204.1219,2699.1112,2554.2061,5466.3029,6805.1484,6213.2875,4897.4305,6231.9750,2431.4852,-1846.9971,-6459.4911,6924.9298,3340.3623,-5023.2698,550.9319,129.5906,-2932.2218,-6360.2982,-5749.5476,3025.7022,-5449.1380,4969.2927,-1925.1969,5556.9117,-1155.0986,-178.6996,1717.1895,778.6749,6742.2195,-2014.1482,-1055.2614,-2095.0284,3302.9857,6702.3672,-591.4750,5147.3019,-2093.4470,-858.4384,3437.3633,4595.3506,-743.4145,5329.3685,6806.6966,-6349.3785,-2007.1571,-2595.6747,6357.9396,-4194.9421,-3048.9757,-5528.7880,-478.5860,785.2365,-793.8361,0.0000,-5168.9588,-4842.0105,5154.7568,5778.6046,6266.3829,-4128.6133,-5551.8461,-5185.6421,5870.4410,-4990.5223,-4239.5438,5653.9610,1249.9422,3442.8962,2753.7677,-2367.8996,6336.6612,979.1903,-5339.6372,-161.0658,-5886.6031,-3232.9517,4443.1432,5274.6922,5653.1832,5952.8559,4169.9358,-6847.5637,5669.5429,-4214.7811,5105.7202,-4676.0862,5178.9439,2253.1713,0.0000,30786.2066,9955.6174,14093.2210,20185.4930,11576.5608,15000.2357,18461.0340,19293.2247,3262610.4491,3264090.1596,3257240.6113,3290446.8335,18268.5285,3280348.3073,0.0000,-3120.2477,1258.0739,-2689.2816,0.0000,-146.5864,2239.4430,-5402.2046,-6520.6862,-5091.3972,1293.0323,-4448.2324,1404.4584,-5492.3788,-355.0751,-650.0997,-2540.8134,444.6702,2976.7171,3798.8177,4545.7034,1508.0256,-3.6224,-1754.8740,1529.9200,6343.5041,5255.8611,-5398.8026,2462.4963,1069.1018,5388.4759,4092.8644,-1947.3762,1687.4830,-1920.6728,3100.5939,-2357.4507,-2817.4529,6.4961,-983.3775,-6223.6498,-533.1147,4594.5036,3661.5394,1106.4976,4704.1852,-4656.1097,5514.7290,3638.3233,5516.8699,-1190.7565,-6146.0440,-1917.5762,-482.4929,-1358.3363,1851.7693,5532.1731,827.6255,216.2552,-4316.4419,-3255.5322,-3204.2695,-1981.2201,1481.5129,0.0000,-414.0680,4896.9932,-4643.5375,3565.9808,2026.2595,5535.0301,3796.5737,4430.0146,-2294.8196,-3851.8889,340.7891,-2866.0199,-1935.7979,-473.1101,-6281.4859,-5523.0654,-1084.3970,-1358.4433,-3137.0331,6401.4924,3431.8119,3901.2525,-3517.4759,-1760.4627,-2574.7568,-2507.5202,2230.3086,-498.7659,-3806.0447,-5479.2995,-3941.9240,-3401.9393,-4555.4923,-1979.4360,0.0000,-25044.5337,-29965.5507,-30152.4538,-24250.0222,-23469.4698,-33377.3783,-37101.3663,-29867.5987,22508774.7813,22538682.5696,22519556.9388,22514571.3353,-28945.9455,22518430.1358,
4800.000,0.0000,2515.1803,-1622.8998,-5116.9475,0.0000,-2944.1313,5507.1986,-3175.1887,736.8281,-106.3952,-6395.5047,-2974.8727,6726.3030,4241.2482,-2831.5872,2085.6395,1972.6210,5418.4278,1072.5289,4844.0211,3478.2699,-2993.2955,980.4180,6635.9537,3647.4376,1940.8178,-4896.8326,-4563.4900,-759.3115,-4389.0433,-1911.0985,-1878.6125,-3582.9564,5335.5516,5024.8266,-6763.5466,5488.4732,-4654.8104,6632.3258,-7.0608,220.5603,6161.9330,3669.0083,4574.8799,2529.3306,-5213.0515,2149.7076,-4668.7577,-4802.8272,3943.1521,5832.9596,-2096.8438,-2481.3544,6.0769,1006.7200,-6905.9871,1813.1523,3546.9182,-6120.2151,4113.4136,-3432.9181,6298.8214,6064.6283,6413.4240,0.0000,3134.5299,-2442.6807,2310.4677,2480.8441,3056.6573,-1600.4579,-2462.5800,-703.3584,-1320.5284,2707.9066,4380.6924,-1783.2233,-5501.2008,6547.4482,-327.7864,2262.5768,-2758.7130,-6347.6690,-3789.3206,1506.2305,-3053.6131,2776.8049,-1847.4727,-3235.1579,3768.1458,3540.0939,5932.8643,-347.6925,986.3389,-2217.3608,4149.1280,2013.0004,2400.7076,6103.8724,0.0000,388201.5952,409912.2365,396853.3543,397001.8150,399215.8164,397541.8222,404762.9489,399897.8326,-284421440.9049,-284395712.6833,-284414459.1098,-284430407.1364,401289.1989,-284424510.4351,0.0000,-5003.3891,6605.7523,2754.0322,0.0000,-5933.4044,-1834.5125,-2728.6453,-561.0243,4193.9753,-129.0200,-4115.9161,1591.5178,568.4013,5832.9943,6184.8092,6395.9071,3722.2644,5284.0188,590.9231,-3622.6240,-5402.7263,6620.5377,2027.6464,-5888.5428,-1498.2238,2100.7308,-1541.1938,-5556.5643,-4571.1838,4706.6665,-5991.0443,5917.8279,-2904.4579,4765.9730,91.6251,-840.9480,2750.1444,124.8839,6867.3401,-2373.5697,-2170.6143,-4013.4964,1404.1142,6411.5820,1521.9797,5142.9883,-234.4200,788.9934,1919.6573,3677.8228,1138.8544,5437.2291,6800.9834,-6147.6206,-551.1474,-4210.2773,5380.4978,-2774.9363,-4715.2077,-3965.0060,-2196.4895,-865.1929,-2323.2121,0.0000,-5956.1164,-5236.3242,5101.0586,4372.2971,5062.8950,-4249.3390,-4102.3267,-4436.6310,5644.8420,-6102.7672,-4920.2643,6590.0243,2345.5874,2033.9502,1089.7953,-4138.4210,5508.9631,2490.4132,-3735.7990,-2030.1169,-5825.1571,-3832.2477,4945.5525,6128.6761,4190.3328,5785.1721,3347.2413,-6783.2133,6241.6909,-3660.1935,4972.5227,-4735.4042,5602.7496,524.1281,0.0000,38958.1201,18694.0993,22696.6242,28757.5643,20093.1438,23474.9445,26985.8720,27829.3134,-2947612.7337,-2945750.0818,-2952882.7626,-2920148.5767,26795.0765,-2929960.0144,0.0000,-4099.5126,-565.5119,-3800.2730,0.0000,-1672.6949,3757.3846,-5516.7854,-6884.8457,-5526.9538,2689.7735,-4730.8669,-403.7774,-5445.0853,-2133.1405,-2131.2528,-795.0950,2201.4017,4326.6743,4897.1773,4611.2942,3149.5965,1783.6252,-246.1748,-268.9808,6491.9450,4419.1033,-4831.0126,3932.1789,2769.4994,4700.2531,2672.5984,-165.1992,3303.1358,-425.1442,1449.3754,-4188.5851,-4203.9179,-2091.2731,833.0706,-6538.2594,-2287.9127,4108.0796,4782.4014,-703.8482,4307.2697,-4135.9818,5100.0799,4776.1914,5361.3092,622.7297,-6537.8213,-3495.5592,1323.4152,-3022.2436,350.0924,5175.3260,2549.6474,1727.1379,-2960.9451,-4526.2079,-1912.0254,-3259.8046,-57.3757,0.0000,1138.3541,3798.6694,-4101.9645,4743.7781,3584.3852,5232.2858,4879.8360,5260.7290,-3798.0099,-1954.4837,2110.7753,-1183.6370,-3506.3035,1068.7873,-6856.2233,-5069.7306,-3212.1010,186.6364,-4441.3832,6467.2969,2200.3304,4947.1031,-4325.6863,28.0960,-4022.9227,-766.6153,461.6805,1312.7141,-2704.6403,-5429.9322,-2476.1270,-4633.5406,-3296.1959,-3258.4299,0.0000,-25202.4544,-30109.3350,-30203.4205,-24568.9305,-23487.4226,-33271.7959,-37354.9763,-29556.9772,22513574.9841,22543502.1035,22524193.4404,22519947.9162,-29083.1309,22523390.2811,
5100.000,0.0000,435.9445,-323.2210,-3485.9720,0.0000,-4039.4634,3960.7587,-4604.3853,2022.9541,2037.9748,-5596.9529,-4551.9235,6569.4859,4761.8574,-1281.8395,3357.6291,3097.0739,5430.7171,2436.8595,4010.5477,1904.3913,-3700.0172,2113.6781,6800.8859,2410.4124,1003.5279,-4852.3476,-5716.0093,-2137.0959,-4673.4995,-569.9400,-3244.6291,-2403.7040,3711.0509,5874.1870,-6784.9299,3889.3526,-2837.1513,5686.8603,1204.7917,-1943.7454,4891.9106,2427.3993,4080.3021,3465.1264,-4905.8237,4021.8055,-5307.3959,-3436.3123,5145.3103,6048.0913,-876.7223,-711.5980,1240.4075,-515.5796,-6768.6821,262.9433,4133.4187,-6134.9137,3377.2525,-3967.3372,5862.4720,4954.8638,5563.2815,0.0000,1498.8490,-4016.1768,4161.4872,3464.9823,3732.1937,-3584.4595,-3502.3064,-2538.9291,399.7411,2219.6966,2853.1150,-601.1027,-3924.9044,6458.6992,-1664.0699,912.4073,-2546.6231,-5432.8622,-4144.1658,246.0995,-4514.4152,659.8793,300.9206,-2009.3797,4152.2073,4495.0827,6327.3248,-1541.9962,2642.5659,-4115.0197,5327.1854,-2.1791,3861.3336,5382.0024,0.0000,387241.1494,409225.5475,396085.6829,396382.9372,398580.9320,396900.6175,403998.5931,399105.1809,-284287335.6418,-284261051.9777,-284279718.3232,-284296742.7609,400613.9164,-284290385.1354,0.0000,-5141.3977,6410.7671,3969.1841,0.0000,-4615.0265,-2894.2101,-1160.2623,1285.4309,3886.7566,1538.4339,-2667.3164,321.6490,-1447.0637,5611.0603,4947.4067,5892.5075,2163.1765,3831.6848,-1339.7800,-5056.3458,-3808.7001,5661.4571,521.4463,-6173.3309,-3427.8157,3840.2934,-38.9120,-4202.3907,-2924.8629,5941.4923,-5930.0021,6277.1353,-3632.2178,3517.1549,1312.9535,-1472.8121,3549.6638,-568.8254,6309.9955,-2579.2688,-3096.3378,-5530.7089,-667.0267,5483.6804,3477.1062,4681.4292,1612.5299,2398.2101,258.2572,2389.5219,2952.4289,5036.9067,6124.3171,-5353.9450,954.7897,-5439.8987,3863.3258,-1073.8990,-5902.1118,-2009.3079,-3687.4824,-2460.0747,-3616.0924,0.0000,-6144.1139,-5145.1160,4594.0537,2545.4415,3353.0521,-4009.2479,-2248.7589,-3295.4346,4891.0639,-6588.6461,-5131.4815,6872.1038,3249.2717,419.0985,-749.4401,-5523.9538,4101.6954,3749.3684,-1757.8924,-3738.8376,-5215.7885,-4096.1337,4987.9438,6376.5544,2304.9348,5022.7420,2182.5704,-6045.4348,6208.3642,-2802.0613,4371.7794,-4373.9481,5500.2346,-1279.6211,0.0000,47109.4906,27417.7200,31288.9825,37317.0838,28599.5848,31941.9064,35494.0120,36267.5671,-9156337.1240,-9154073.1326,-9161484.3563,-9129282.0567,35308.8435,-9138768.2799,0.0000,-4642.0044,-2325.6790,-4506.7947,0.0000,-3011.6904,4870.4667,-5040.9772,-6520.6275,-5374.4177,3799.4547,-4509.9170,-2168.6272,-4814.9786,-3672.0633,-3377.6039,1043.2016,3722.4401,5210.4199,5468.3142,4159.3174,4454.2856,3379.3444,1288.7595,-2039.0906,5950.9585,3108.1304,-3722.1073,4966.1363,4171.3670,3507.4618,952.5016,1634.7394,4562.7363,1115.7934,-358.0880,-5576.4333,-5124.5433,-3967.3784,2559.6805,-6164.3490,-3796.7091,3159.6923,5354.1995,-2438.6904,3449.8426,-3175.3701,4137.6550,5378.3970,4632.1571,2369.2228,-6241.2414,-4698.2996,2987.3119,-4361.6013,-1189.0405,4261.5571,3998.5053,3053.5051,-1287.2699,-5312.3232,-415.6588,-4190.6807,-1589.8372,0.0000,2563.0702,2291.0925,-3123.6121,5410.4291,4756.3583,4369.9609,5419.4424,5526.3798,-4894.7821,149.9746,3653.3061,625.6904,-4701.8075,2496.4958,-6706.5469,-4073.2704,-4998.5358,1710.7093,-5270.9166,5847.5118,733.5444,5444.7208,-4649.6988,1813.6017,-5039.4854,1060.2696,-1358.7374,2982.6783,-1306.3222,-4796.3233,-745.4125,-5368.4369,-1683.8706,-4189.8044,0.0000,-25360.6401,-30252.8336,-30252.2390,-24894.9853,-23508.7773,-33159.5543,-37603.5199,-29210.6639,22518379.4868,22548320.1418,22528829.6068,22525332.1189,-29220.3011,22528350.2882,
5400.000,0.0000,-1693.2360,1035.3442,-1532.6270,0.0000,-4754.6155,2031.9548,-5613.9974,3017.4889,3987.3782,-4275.7649,-5715.9500,5768.8379,4860.2892,432.2522,4327.6619,3898.8770,4939.2373,3611.8651,2830.7759,170.1512,-4091.9586,3075.7510,6312.4571,916.5879,37.8041,-4358.0074,-6296.4994,-3347.9667,-4536.6677,790.5286,-4265.1916,-969.4272,1714.5191,6162.1203,-6131.2136,1908.3201,-735.9840,4174.2120,2325.6759,-3899.5395,3135.0732,968.7415,3210.2930,4084.8041,-4155.4616,5497.4883,-5456.3728,-1753.2277,5872.9790,5679.1138,361.2960,1161.4528,2385.3155,-2028.7870,-5977.2614,-1272.8047,4355.2805,-5576.0053,2319.0460,-4170.3808,4861.2903,3386.2397,4141.4195,0.0000,-308.9537,-5174.6282,5603.1835,4163.6047,4090.8005,-5205.7043,-4240.3774,-4159.7061,2120.3321,1504.1687,1019.0928,647.6442,-1966.0578,5756.7118,-2745.8055,-485.8686,-1995.7862,-3958.1495,-4150.0589,-972.5936,-5533.4695,-1525.9056,2424.1164,-566.6901,4182.2095,4993.5872,6074.2428,-2616.5862,4025.1123,-5614.9054,5973.8379,-2041.2093,4926.5572,4167.4914,0.0000,386110.6401,408350.8342,395140.3343,395586.5843,397765.8965,396085.2318,403053.5135,398251.8697,-284017716.7590,-283990883.6150,-284009467.3651,-284027534.3392,399757.9785,-284020742.6571,0.0000,-4827.9667,5560.4942,4843.6918,0.0000,-2824.1119,-3720.4125,478.1253,3046.6388,3258.2998,3089.2644,-996.7025,-1003.5137,-3294.9491,4836.8215,3218.4059,4748.8374,363.6564,2025.0742,-3171.3563,-5998.5997,-1834.2958,4144.5687,-1047.0790,-5861.7911,-5037.3603,5182.2486,1429.7313,-2442.6202,-968.7674,6601.7757,-5260.5750,6021.6929,-4050.5545,1919.7903,2407.6987,-2028.5998,4044.8442,-1256.6041,5127.9109,-2605.2201,-3758.2347,-6489.0267,-2692.0132,4006.1736,5086.0018,3797.4815,3270.1636,3807.1413,-1388.3535,842.5715,4510.9341,4180.1809,4847.0923,-4056.6365,2379.7637,-6155.4389,1952.9156,752.9734,-6497.2555,143.6487,-4818.5378,-3853.3206,-4555.3726,0.0000,-5722.8190,-4563.0969,3672.7846,483.1345,1307.2556,-3422.0666,-185.3640,-1878.4175,3693.5721,-6406.3578,-4867.2011,6474.3980,3885.7715,-1257.5241,-2562.9163,-6380.9761,2279.2989,4641.7056,398.5500,-5107.9838,-4106.8450,-4003.5129,4569.6339,6003.1577,183.3364,3731.8619,778.1975,-4710.1005,5563.7862,-1718.5396,3345.6884,-3636.1066,4866.8920,-2990.3646,0.0000,55236.7824,36122.4412,39866.4712,45860.0536,37091.9754,40398.0046,43981.6073,44613.6066,-15360603.1974,-15357919.5310,-15365604.7709,-15333993.0188,43805.9875,-15343116.8104,0.0000,-4690.3249,-3825.2999,-4734.1298,0.0000,-4014.2228,5459.0114,-4025.2710,-5466.2126,-4649.8360,4503.7316,-3808.8045,-3700.6394,-3668.9527,-4800.0528,-4252.3479,2759.8476,4845.0463,5532.9859,5450.9629,3240.3454,5282.7233,4612.2349,2686.1712,-3591.0262,4777.6945,1463.5070,-2195.5988,5450.0996,5123.7514,1937.9992,-874.4517,3258.4584,5330.7118,2537.4233,-2127.0163,-6375.4683,-5478.1079,-5423.8886,4010.2468,-5140.8654,-4897.9699,1855.8420,5311.5942,-3912.2296,2223.3999,-1876.2268,2730.6345,5377.6505,3407.2446,3860.8333,-5287.2394,-5397.5094,4330.6586,-5233.3732,-2601.1483,2889.0007,5019.1094,4053.6896,524.9418,-5530.3882,1125.1109,-4675.0933,-2943.7836,0.0000,3700.2211,536.6298,-1812.2999,5494.3405,5416.1584,3040.0921,5355.5139,5198.5422,-5468.5583,2238.4687,4802.2262,2367.7926,-5395.2528,3657.4789,-5848.2024,-2639.7812,-6255.1857,3042.3340,-5537.6472,4607.5210,-811.6876,5339.1794,-4453.5636,3404.4376,-5516.1735,2768.0582,-3027.0397,4331.1093,235.5606,-3646.0732,1065.1506,-5528.5069,109.0933,-4674.7171,0.0000,-25519.0908,-30396.0342,-30299.0774,-25228.3911,-23533.5253,-33040.5901,-37847.0451,-28865.1732,22523188.3598,22553136.7081,22533465.5183,22530723.2344,-29357.4559,22533310.1570,
