sl_100_5400_20251208 Distances.csv
2025/12/08 07:47:00.0000 UTC

Generated: Tue Oct  8 15:35:04 2024,
Start: 2025/12/08 07:47:00.00, Stop: 2025/12/08 09:17:00.00,
TIME_UNITS,Distance STARLINK-1639 - STARLINK-32145,Distance STARLINK-1639 - STARLINK-31051,Distance STARLINK-1639 - STARLINK-3005,Distance STARLINK-1639 - STARLINK-5233,Distance STARLINK-1639 - STARLINK-30988,Distance STARLINK-1639 - STARLINK-6118,Distance STARLINK-1639 - STARLINK-2537,Distance STARLINK-1639 - STARLINK-4379,Distance STARLINK-1639 - STARLINK-5238,Distance STARLINK-1639 - STARLINK-11171 [DTC],Distance STARLINK-1639 - STARLINK-4765,Distance STARLINK-1639 - STARLINK-1556,Distance STARLINK-1639 - STARLINK-30258,Distance STARLINK-1639 - STARLINK-1021,Distance STARLINK-1639 - STARLINK-31296,Distance STARLINK-1639 - STARLINK-2009,Distance STARLINK-1639 - STARLINK-31882,Distance STARLINK-1639 - STARLINK-5185,Distance STARLINK-1639 - STARLINK-3680,Distance STARLINK-1639 - STARLINK-2153,Distance STARLINK-1639 - STARLINK-11143 [DTC],Distance STARLINK-1639 - STARLINK-6151,Distance STARLINK-1639 - STARLINK-5922,Distance STARLINK-1639 - STARLINK-4564,Distance STARLINK-1639 - STARLINK-5848,Distance STARLINK-1639 - STARLINK-30808,Distance STARLINK-1639 - STARLINK-5567,Distance STARLINK-1639 - STARLINK-31292,Distance STARLINK-1639 - STARLINK-31438,Distance STARLINK-1639 - STARLINK-3199,Distance STARLINK-1639 - STARLINK-31725,Distance STARLINK-1639 - STARLINK-5856,Distance STARLINK-1639 - STARLINK-30378,Distance STARLINK-1639 - STARLINK-3078,Distance STARLINK-1639 - STARLINK-2442,Distance STARLINK-1639 - STARLINK-32017,Distance STARLINK-1639 - STARLINK-4515,Distance STARLINK-1639 - STARLINK-4610,Distance STARLINK-1639 - STARLINK-5784,Distance STARLINK-1639 - STARLINK-31368,Distance STARLINK-1639 - STARLINK-4042,Distance STARLINK-1639 - STARLINK-32166,Distance STARLINK-1639 - STARLINK-5833,Distance STARLINK-1639 - STARLINK-5330,Distance STARLINK-1639 - STARLINK-1601,Distance STARLINK-1639 - STARLINK-32088,Distance STARLINK-1639 - STARLINK-1557,Distance STARLINK-1639 - STARLINK-3542,Distance STARLINK-1639 - STARLINK-1954,Distance STARLINK-1639 - STARLINK-4005,Distance STARLINK-1639 - STARLINK-30426,Distance STARLINK-1639 - STARLINK-3584,Distance STARLINK-1639 - STARLINK-4333,Distance STARLINK-1639 - STARLINK-30101,Distance STARLINK-1639 - STARLINK-5492,Distance STARLINK-1639 - STARLINK-30544,Distance STARLINK-1639 - STARLINK-6289,Distance STARLINK-1639 - STARLINK-30919,Distance STARLINK-1639 - STARLINK-3802,Distance STARLINK-1639 - STARLINK-1331,Distance STARLINK-1639 - STARLINK-5326,Distance STARLINK-1639 - STARLINK-5169,Distance STARLINK-1639 - STARLINK-5025,Distance STARLINK-1639 - STARLINK-5750,Distance STARLINK-1639 - STARLINK-5381,Distance STARLINK-1639 - STARLINK-2661,Distance STARLINK-1639 - STARLINK-30804,Distance STARLINK-1639 - STARLINK-31007,Distance STARLINK-1639 - STARLINK-3682,Distance STARLINK-1639 - STARLINK-3346,Distance STARLINK-1639 - STARLINK-4780,Distance STARLINK-1639 - STARLINK-4102,Distance STARLINK-1639 - STARLINK-3595,Distance STARLINK-1639 - STARLINK-4426,Distance STARLINK-1639 - STARLINK-1046,Distance STARLINK-1639 - STARLINK-2428,Distance STARLINK-1639 - STARLINK-5564,Distance STARLINK-1639 - STARLINK-3396,Distance STARLINK-1639 - STARLINK-3998,Distance STARLINK-1639 - STARLINK-4366,Distance STARLINK-1639 - STARLINK-31192,Distance STARLINK-1639 - STARLINK-30768,Distance STARLINK-1639 - STARLINK-5211,Distance STARLINK-1639 - STARLINK-4347,Distance STARLINK-1639 - STARLINK-30322,Distance STARLINK-1639 - STARLINK-30387,Distance STARLINK-1639 - STARLINK-1187,Distance STARLINK-1639 - STARLINK-1498,Distance STARLINK-1639 - STARLINK-31629,Distance STARLINK-1639 - STARLINK-5774,Distance STARLINK-1639 - STARLINK-31707,Distance STARLINK-1639 - STARLINK-4478,Distance STARLINK-1639 - STARLINK-31913,Distance STARLINK-1639 - STARLINK-31580,Distance STARLINK-1639 - STARLINK-4189,Distance STARLINK-1639 - STARLINK-3334,Distance STARLINK-1639 - STARLINK-31765,Distance STARLINK-1639 - STARLINK-31070,Distance STARLINK-1639 - STARLINK-31043,Distance STARLINK-1639 - MoonARTEMIS1,Distance STARLINK-1639 - MoonARTEMIS2,Distance STARLINK-1639 - MoonIOAGEO,Distance STARLINK-1639 - MoonIOAGNO,Distance STARLINK-1639 - MoonIOAGNO 0001,Distance STARLINK-1639 - MoonIOAGSO,Distance STARLINK-1639 - MoonIOAGSO 0001,Distance STARLINK-1639 - MoonLRO,Distance STARLINK-1639 - MarsSat1,Distance STARLINK-1639 - MarsSat2,Distance STARLINK-1639 - MarsSat3,Distance STARLINK-1639 - MarsSat4,Distance STARLINK-32145 - STARLINK-31051,Distance STARLINK-32145 - STARLINK-3005,Distance STARLINK-32145 - STARLINK-5233,Distance STARLINK-32145 - STARLINK-30988,Distance STARLINK-32145 - STARLINK-6118,Distance STARLINK-32145 - STARLINK-2537,Distance STARLINK-32145 - STARLINK-4379,Distance STARLINK-32145 - STARLINK-5238,Distance STARLINK-32145 - STARLINK-11171 [DTC],Distance STARLINK-32145 - STARLINK-4765,Distance STARLINK-32145 - STARLINK-1556,Distance STARLINK-32145 - STARLINK-30258,Distance STARLINK-32145 - STARLINK-1021,Distance STARLINK-32145 - STARLINK-31296,Distance STARLINK-32145 - STARLINK-2009,Distance STARLINK-32145 - STARLINK-31882,Distance STARLINK-32145 - STARLINK-5185,Distance STARLINK-32145 - STARLINK-3680,Distance STARLINK-32145 - STARLINK-2153,Distance STARLINK-32145 - STARLINK-11143 [DTC],Distance STARLINK-32145 - STARLINK-6151,Distance STARLINK-32145 - STARLINK-5922,Distance STARLINK-32145 - STARLINK-4564,Distance STARLINK-32145 - STARLINK-5848,Distance STARLINK-32145 - STARLINK-30808,Distance STARLINK-32145 - STARLINK-5567,Distance STARLINK-32145 - STARLINK-31292,Distance STARLINK-32145 - STARLINK-31438,Distance STARLINK-32145 - STARLINK-3199,Distance STARLINK-32145 - STARLINK-31725,Distance STARLINK-32145 - STARLINK-5856,Distance STARLINK-32145 - STARLINK-30378,Distance STARLINK-32145 - STARLINK-3078,Distance STARLINK-32145 - STARLINK-2442,Distance STARLINK-32145 - STARLINK-32017,Distance STARLINK-32145 - STARLINK-4515,Distance STARLINK-32145 - STARLINK-4610,Distance STARLINK-32145 - STARLINK-5784,Distance STARLINK-32145 - STARLINK-31368,Distance STARLINK-32145 - STARLINK-4042,Distance STARLINK-32145 - STARLINK-32166,Distance STARLINK-32145 - STARLINK-5833,Distance STARLINK-32145 - STARLINK-5330,Distance STARLINK-32145 - STARLINK-1601,Distance STARLINK-32145 - STARLINK-32088,Distance STARLINK-32145 - STARLINK-1557,Distance STARLINK-32145 - STARLINK-3542,Distance STARLINK-32145 - STARLINK-1954,Distance STARLINK-32145 - STARLINK-4005,Distance STARLINK-32145 - STARLINK-30426,Distance STARLINK-32145 - STARLINK-3584,Distance STARLINK-32145 - STARLINK-4333,Distance STARLINK-32145 - STARLINK-30101,Distance STARLINK-32145 - STARLINK-5492,Distance STARLINK-32145 - STARLINK-30544,Distance STARLINK-32145 - STARLINK-6289,Distance STARLINK-32145 - STARLINK-30919,Distance STARLINK-32145 - STARLINK-3802,Distance STARLINK-32145 - STARLINK-1331,Distance STARLINK-32145 - STARLINK-5326,Distance STARLINK-32145 - STARLINK-5169,Distance STARLINK-32145 - STARLINK-5025,Distance STARLINK-32145 - STARLINK-5750,Distance STARLINK-32145 - STARLINK-5381,Distance STARLINK-32145 - STARLINK-2661,Distance STARLINK-32145 - STARLINK-30804,Distance STARLINK-32145 - STARLINK-31007,Distance STARLINK-32145 - STARLINK-3682,Distance STARLINK-32145 - STARLINK-3346,Distance STARLINK-32145 - STARLINK-4780,Distance STARLINK-32145 - STARLINK-4102,Distance STARLINK-32145 - STARLINK-3595,Distance STARLINK-32145 - STARLINK-4426,Distance STARLINK-32145 - STARLINK-1046,Distance STARLINK-32145 - STARLINK-2428,Distance STARLINK-32145 - STARLINK-5564,Distance STARLINK-32145 - STARLINK-3396,Distance STARLINK-32145 - STARLINK-3998,Distance STARLINK-32145 - STARLINK-4366,Distance STARLINK-32145 - STARLINK-31192,Distance STARLINK-32145 - STARLINK-30768,Distance STARLINK-32145 - STARLINK-5211,Distance STARLINK-32145 - STARLINK-4347,Distance STARLINK-32145 - STARLINK-30322,Distance STARLINK-32145 - STARLINK-30387,Distance STARLINK-32145 - STARLINK-1187,Distance STARLINK-32145 - STARLINK-1498,Distance STARLINK-32145 - STARLINK-31629,Distance STARLINK-32145 - STARLINK-5774,Distance STARLINK-32145 - STARLINK-31707,Distance STARLINK-32145 - STARLINK-4478,Distance STARLINK-32145 - STARLINK-31913,Distance STARLINK-32145 - STARLINK-31580,Distance STARLINK-32145 - STARLINK-4189,Distance STARLINK-32145 - STARLINK-3334,Distance STARLINK-32145 - STARLINK-31765,Distance STARLINK-32145 - STARLINK-31070,Distance STARLINK-32145 - STARLINK-31043,Distance STARLINK-32145 - MoonARTEMIS1,Distance STARLINK-32145 - MoonARTEMIS2,Distance STARLINK-32145 - MoonIOAGEO,Distance STARLINK-32145 - MoonIOAGNO,Distance STARLINK-32145 - MoonIOAGNO 0001,Distance STARLINK-32145 - MoonIOAGSO,Distance STARLINK-32145 - MoonIOAGSO 0001,Distance STARLINK-32145 - MoonLRO,Distance STARLINK-32145 - MarsSat1,Distance STARLINK-32145 - MarsSat2,Distance STARLINK-32145 - MarsSat3,Distance STARLINK-32145 - MarsSat4,Distance STARLINK-31051 - STARLINK-3005,Distance STARLINK-31051 - STARLINK-5233,Distance STARLINK-31051 - STARLINK-30988,Distance STARLINK-31051 - STARLINK-6118,Distance STARLINK-31051 - STARLINK-2537,Distance STARLINK-31051 - STARLINK-4379,Distance STARLINK-31051 - STARLINK-5238,Distance STARLINK-31051 - STARLINK-11171 [DTC],Distance STARLINK-31051 - STARLINK-4765,Distance STARLINK-31051 - STARLINK-1556,Distance STARLINK-31051 - STARLINK-30258,Distance STARLINK-31051 - STARLINK-1021,Distance STARLINK-31051 - STARLINK-31296,Distance STARLINK-31051 - STARLINK-2009,Distance STARLINK-31051 - STARLINK-31882,Distance STARLINK-31051 - STARLINK-5185,Distance STARLINK-31051 - STARLINK-3680,Distance STARLINK-31051 - STARLINK-2153,Distance STARLINK-31051 - STARLINK-11143 [DTC],Distance STARLINK-31051 - STARLINK-6151,Distance STARLINK-31051 - STARLINK-5922,Distance STARLINK-31051 - STARLINK-4564,Distance STARLINK-31051 - STARLINK-5848,Distance STARLINK-31051 - STARLINK-30808,Distance STARLINK-31051 - STARLINK-5567,Distance STARLINK-31051 - STARLINK-31292,Distance STARLINK-31051 - STARLINK-31438,Distance STARLINK-31051 - STARLINK-3199,Distance STARLINK-31051 - STARLINK-31725,Distance STARLINK-31051 - STARLINK-5856,Distance STARLINK-31051 - STARLINK-30378,Distance STARLINK-31051 - STARLINK-3078,Distance STARLINK-31051 - STARLINK-2442,Distance STARLINK-31051 - STARLINK-32017,Distance STARLINK-31051 - STARLINK-4515,Distance STARLINK-31051 - STARLINK-4610,Distance STARLINK-31051 - STARLINK-5784,Distance STARLINK-31051 - STARLINK-31368,Distance STARLINK-31051 - STARLINK-4042,Distance STARLINK-31051 - STARLINK-32166,Distance STARLINK-31051 - STARLINK-5833,Distance STARLINK-31051 - STARLINK-5330,Distance STARLINK-31051 - STARLINK-1601,Distance STARLINK-31051 - STARLINK-32088,Distance STARLINK-31051 - STARLINK-1557,Distance STARLINK-31051 - STARLINK-3542,Distance STARLINK-31051 - STARLINK-1954,Distance STARLINK-31051 - STARLINK-4005,Distance STARLINK-31051 - STARLINK-30426,Distance STARLINK-31051 - STARLINK-3584,Distance STARLINK-31051 - STARLINK-4333,Distance STARLINK-31051 - STARLINK-30101,Distance STARLINK-31051 - STARLINK-5492,Distance STARLINK-31051 - STARLINK-30544,Distance STARLINK-31051 - STARLINK-6289,Distance STARLINK-31051 - STARLINK-30919,Distance STARLINK-31051 - STARLINK-3802,Distance STARLINK-31051 - STARLINK-1331,Distance STARLINK-31051 - STARLINK-5326,Distance STARLINK-31051 - STARLINK-5169,Distance STARLINK-31051 - STARLINK-5025,Distance STARLINK-31051 - STARLINK-5750,Distance STARLINK-31051 - STARLINK-5381,Distance STARLINK-31051 - STARLINK-2661,Distance STARLINK-31051 - STARLINK-30804,Distance STARLINK-31051 - STARLINK-31007,Distance STARLINK-31051 - STARLINK-3682,Distance STARLINK-31051 - STARLINK-3346,Distance STARLINK-31051 - STARLINK-4780,Distance STARLINK-31051 - STARLINK-4102,Distance STARLINK-31051 - STARLINK-3595,Distance STARLINK-31051 - STARLINK-4426,Distance STARLINK-31051 - STARLINK-1046,Distance STARLINK-31051 - STARLINK-2428,Distance STARLINK-31051 - STARLINK-5564,Distance STARLINK-31051 - STARLINK-3396,Distance STARLINK-31051 - STARLINK-3998,Distance STARLINK-31051 - STARLINK-4366,Distance STARLINK-31051 - STARLINK-31192,Distance STARLINK-31051 - STARLINK-30768,Distance STARLINK-31051 - STARLINK-5211,Distance STARLINK-31051 - STARLINK-4347,Distance STARLINK-31051 - STARLINK-30322,Distance STARLINK-31051 - STARLINK-30387,Distance STARLINK-31051 - STARLINK-1187,Distance STARLINK-31051 - STARLINK-1498,Distance STARLINK-31051 - STARLINK-31629,Distance STARLINK-31051 - STARLINK-5774,Distance STARLINK-31051 - STARLINK-31707,Distance STARLINK-31051 - STARLINK-4478,Distance STARLINK-31051 - STARLINK-31913,Distance STARLINK-31051 - STARLINK-31580,Distance STARLINK-31051 - STARLINK-4189,Distance STARLINK-31051 - STARLINK-3334,Distance STARLINK-31051 - STARLINK-31765,Distance STARLINK-31051 - STARLINK-31070,Distance STARLINK-31051 - STARLINK-31043,Distance STARLINK-31051 - MoonARTEMIS1,Distance STARLINK-31051 - MoonARTEMIS2,Distance STARLINK-31051 - MoonIOAGEO,Distance STARLINK-31051 - MoonIOAGNO,Distance STARLINK-31051 - MoonIOAGNO 0001,Distance STARLINK-31051 - MoonIOAGSO,Distance STARLINK-31051 - MoonIOAGSO 0001,Distance STARLINK-31051 - MoonLRO,Distance STARLINK-31051 - MarsSat1,Distance STARLINK-31051 - MarsSat2,Distance STARLINK-31051 - MarsSat3,Distance STARLINK-31051 - MarsSat4,Distance STARLINK-3005 - STARLINK-5233,Distance STARLINK-3005 - STARLINK-30988,Distance STARLINK-3005 - STARLINK-6118,Distance STARLINK-3005 - STARLINK-2537,Distance STARLINK-3005 - STARLINK-4379,Distance STARLINK-3005 - STARLINK-5238,Distance STARLINK-3005 - STARLINK-11171 [DTC],Distance STARLINK-3005 - STARLINK-4765,Distance STARLINK-3005 - STARLINK-1556,Distance STARLINK-3005 - STARLINK-30258,Distance STARLINK-3005 - STARLINK-1021,Distance STARLINK-3005 - STARLINK-31296,Distance STARLINK-3005 - STARLINK-2009,Distance STARLINK-3005 - STARLINK-31882,Distance STARLINK-3005 - STARLINK-5185,Distance STARLINK-3005 - STARLINK-3680,Distance STARLINK-3005 - STARLINK-2153,Distance STARLINK-3005 - STARLINK-11143 [DTC],Distance STARLINK-3005 - STARLINK-6151,Distance STARLINK-3005 - STARLINK-5922,Distance STARLINK-3005 - STARLINK-4564,Distance STARLINK-3005 - STARLINK-5848,Distance STARLINK-3005 - STARLINK-30808,Distance STARLINK-3005 - STARLINK-5567,Distance STARLINK-3005 - STARLINK-31292,Distance STARLINK-3005 - STARLINK-31438,Distance STARLINK-3005 - STARLINK-3199,Distance STARLINK-3005 - STARLINK-31725,Distance STARLINK-3005 - STARLINK-5856,Distance STARLINK-3005 - STARLINK-30378,Distance STARLINK-3005 - STARLINK-3078,Distance STARLINK-3005 - STARLINK-2442,Distance STARLINK-3005 - STARLINK-32017,Distance STARLINK-3005 - STARLINK-4515,Distance STARLINK-3005 - STARLINK-4610,Distance STARLINK-3005 - STARLINK-5784,Distance STARLINK-3005 - STARLINK-31368,Distance STARLINK-3005 - STARLINK-4042,Distance STARLINK-3005 - STARLINK-32166,Distance STARLINK-3005 - STARLINK-5833,Distance STARLINK-3005 - STARLINK-5330,Distance STARLINK-3005 - STARLINK-1601,Distance STARLINK-3005 - STARLINK-32088,Distance STARLINK-3005 - STARLINK-1557,Distance STARLINK-3005 - STARLINK-3542,Distance STARLINK-3005 - STARLINK-1954,Distance STARLINK-3005 - STARLINK-4005,Distance STARLINK-3005 - STARLINK-30426,Distance STARLINK-3005 - STARLINK-3584,Distance STARLINK-3005 - STARLINK-4333,Distance STARLINK-3005 - STARLINK-30101,Distance STARLINK-3005 - STARLINK-5492,Distance STARLINK-3005 - STARLINK-30544,Distance STARLINK-3005 - STARLINK-6289,Distance STARLINK-3005 - STARLINK-30919,Distance STARLINK-3005 - STARLINK-3802,Distance STARLINK-3005 - STARLINK-1331,Distance STARLINK-3005 - STARLINK-5326,Distance STARLINK-3005 - STARLINK-5169,Distance STARLINK-3005 - STARLINK-5025,Distance STARLINK-3005 - STARLINK-5750,Distance STARLINK-3005 - STARLINK-5381,Distance STARLINK-3005 - STARLINK-2661,Distance STARLINK-3005 - STARLINK-30804,Distance STARLINK-3005 - STARLINK-31007,Distance STARLINK-3005 - STARLINK-3682,Distance STARLINK-3005 - STARLINK-3346,Distance STARLINK-3005 - STARLINK-4780,Distance STARLINK-3005 - STARLINK-4102,Distance STARLINK-3005 - STARLINK-3595,Distance STARLINK-3005 - STARLINK-4426,Distance STARLINK-3005 - STARLINK-1046,Distance STARLINK-3005 - STARLINK-2428,Distance STARLINK-3005 - STARLINK-5564,Distance STARLINK-3005 - STARLINK-3396,Distance STARLINK-3005 - STARLINK-3998,Distance STARLINK-3005 - STARLINK-4366,Distance STARLINK-3005 - STARLINK-31192,Distance STARLINK-3005 - STARLINK-30768,Distance STARLINK-3005 - STARLINK-5211,Distance STARLINK-3005 - STARLINK-4347,Distance STARLINK-3005 - STARLINK-30322,Distance STARLINK-3005 - STARLINK-30387,Distance STARLINK-3005 - STARLINK-1187,Distance STARLINK-3005 - STARLINK-1498,Distance STARLINK-3005 - STARLINK-31629,Distance STARLINK-3005 - STARLINK-5774,Distance STARLINK-3005 - STARLINK-31707,Distance STARLINK-3005 - STARLINK-4478,Distance STARLINK-3005 - STARLINK-31913,Distance STARLINK-3005 - STARLINK-31580,Distance STARLINK-3005 - STARLINK-4189,Distance STARLINK-3005 - STARLINK-3334,Distance STARLINK-3005 - STARLINK-31765,Distance STARLINK-3005 - STARLINK-31070,Distance STARLINK-3005 - STARLINK-31043,Distance STARLINK-3005 - MoonARTEMIS1,Distance STARLINK-3005 - MoonARTEMIS2,Distance STARLINK-3005 - MoonIOAGEO,Distance STARLINK-3005 - MoonIOAGNO,Distance STARLINK-3005 - MoonIOAGNO 0001,Distance STARLINK-3005 - MoonIOAGSO,Distance STARLINK-3005 - MoonIOAGSO 0001,Distance STARLINK-3005 - MoonLRO,Distance STARLINK-3005 - MarsSat1,Distance STARLINK-3005 - MarsSat2,Distance STARLINK-3005 - MarsSat3,Distance STARLINK-3005 - MarsSat4,Distance STARLINK-5233 - STARLINK-30988,Distance STARLINK-5233 - STARLINK-6118,Distance STARLINK-5233 - STARLINK-2537,Distance STARLINK-5233 - STARLINK-4379,Distance STARLINK-5233 - STARLINK-5238,Distance STARLINK-5233 - STARLINK-11171 [DTC],Distance STARLINK-5233 - STARLINK-4765,Distance STARLINK-5233 - STARLINK-1556,Distance STARLINK-5233 - STARLINK-30258,Distance STARLINK-5233 - STARLINK-1021,Distance STARLINK-5233 - STARLINK-31296,Distance STARLINK-5233 - STARLINK-2009,Distance STARLINK-5233 - STARLINK-31882,Distance STARLINK-5233 - STARLINK-5185,Distance STARLINK-5233 - STARLINK-3680,Distance STARLINK-5233 - STARLINK-2153,Distance STARLINK-5233 - STARLINK-11143 [DTC],Distance STARLINK-5233 - STARLINK-6151,Distance STARLINK-5233 - STARLINK-5922,Distance STARLINK-5233 - STARLINK-4564,Distance STARLINK-5233 - STARLINK-5848,Distance STARLINK-5233 - STARLINK-30808,Distance STARLINK-5233 - STARLINK-5567,Distance STARLINK-5233 - STARLINK-31292,Distance STARLINK-5233 - STARLINK-31438,Distance STARLINK-5233 - STARLINK-3199,Distance STARLINK-5233 - STARLINK-31725,Distance STARLINK-5233 - STARLINK-5856,Distance STARLINK-5233 - STARLINK-30378,Distance STARLINK-5233 - STARLINK-3078,Distance STARLINK-5233 - STARLINK-2442,Distance STARLINK-5233 - STARLINK-32017,Distance STARLINK-5233 - STARLINK-4515,Distance STARLINK-5233 - STARLINK-4610,Distance STARLINK-5233 - STARLINK-5784,Distance STARLINK-5233 - STARLINK-31368,Distance STARLINK-5233 - STARLINK-4042,Distance STARLINK-5233 - STARLINK-32166,Distance STARLINK-5233 - STARLINK-5833,Distance STARLINK-5233 - STARLINK-5330,Distance STARLINK-5233 - STARLINK-1601,Distance STARLINK-5233 - STARLINK-32088,Distance STARLINK-5233 - STARLINK-1557,Distance STARLINK-5233 - STARLINK-3542,Distance STARLINK-5233 - STARLINK-1954,Distance STARLINK-5233 - STARLINK-4005,Distance STARLINK-5233 - STARLINK-30426,Distance STARLINK-5233 - STARLINK-3584,Distance STARLINK-5233 - STARLINK-4333,Distance STARLINK-5233 - STARLINK-30101,Distance STARLINK-5233 - STARLINK-5492,Distance STARLINK-5233 - STARLINK-30544,Distance STARLINK-5233 - STARLINK-6289,Distance STARLINK-5233 - STARLINK-30919,Distance STARLINK-5233 - STARLINK-3802,Distance STARLINK-5233 - STARLINK-1331,Distance STARLINK-5233 - STARLINK-5326,Distance STARLINK-5233 - STARLINK-5169,Distance STARLINK-5233 - STARLINK-5025,Distance STARLINK-5233 - STARLINK-5750,Distance STARLINK-5233 - STARLINK-5381,Distance STARLINK-5233 - STARLINK-2661,Distance STARLINK-5233 - STARLINK-30804,Distance STARLINK-5233 - STARLINK-31007,Distance STARLINK-5233 - STARLINK-3682,Distance STARLINK-5233 - STARLINK-3346,Distance STARLINK-5233 - STARLINK-4780,Distance STARLINK-5233 - STARLINK-4102,Distance STARLINK-5233 - STARLINK-3595,Distance STARLINK-5233 - STARLINK-4426,Distance STARLINK-5233 - STARLINK-1046,Distance STARLINK-5233 - STARLINK-2428,Distance STARLINK-5233 - STARLINK-5564,Distance STARLINK-5233 - STARLINK-3396,Distance STARLINK-5233 - STARLINK-3998,Distance STARLINK-5233 - STARLINK-4366,Distance STARLINK-5233 - STARLINK-31192,Distance STARLINK-5233 - STARLINK-30768,Distance STARLINK-5233 - STARLINK-5211,Distance STARLINK-5233 - STARLINK-4347,Distance STARLINK-5233 - STARLINK-30322,Distance STARLINK-5233 - STARLINK-30387,Distance STARLINK-5233 - STARLINK-1187,Distance STARLINK-5233 - STARLINK-1498,Distance STARLINK-5233 - STARLINK-31629,Distance STARLINK-5233 - STARLINK-5774,Distance STARLINK-5233 - STARLINK-31707,Distance STARLINK-5233 - STARLINK-4478,Distance STARLINK-5233 - STARLINK-31913,Distance STARLINK-5233 - STARLINK-31580,Distance STARLINK-5233 - STARLINK-4189,Distance STARLINK-5233 - STARLINK-3334,Distance STARLINK-5233 - STARLINK-31765,Distance STARLINK-5233 - STARLINK-31070,Distance STARLINK-5233 - STARLINK-31043,Distance STARLINK-5233 - MoonARTEMIS1,Distance STARLINK-5233 - MoonARTEMIS2,Distance STARLINK-5233 - MoonIOAGEO,Distance STARLINK-5233 - MoonIOAGNO,Distance STARLINK-5233 - MoonIOAGNO 0001,Distance STARLINK-5233 - MoonIOAGSO,Distance STARLINK-5233 - MoonIOAGSO 0001,Distance STARLINK-5233 - MoonLRO,Distance STARLINK-5233 - MarsSat1,Distance STARLINK-5233 - MarsSat2,Distance STARLINK-5233 - MarsSat3,Distance STARLINK-5233 - MarsSat4,Distance STARLINK-30988 - STARLINK-6118,Distance STARLINK-30988 - STARLINK-2537,Distance STARLINK-30988 - STARLINK-4379,Distance STARLINK-30988 - STARLINK-5238,Distance STARLINK-30988 - STARLINK-11171 [DTC],Distance STARLINK-30988 - STARLINK-4765,Distance STARLINK-30988 - STARLINK-1556,Distance STARLINK-30988 - STARLINK-30258,Distance STARLINK-30988 - STARLINK-1021,Distance STARLINK-30988 - STARLINK-31296,Distance STARLINK-30988 - STARLINK-2009,Distance STARLINK-30988 - STARLINK-31882,Distance STARLINK-30988 - STARLINK-5185,Distance STARLINK-30988 - STARLINK-3680,Distance STARLINK-30988 - STARLINK-2153,Distance STARLINK-30988 - STARLINK-11143 [DTC],Distance STARLINK-30988 - STARLINK-6151,Distance STARLINK-30988 - STARLINK-5922,Distance STARLINK-30988 - STARLINK-4564,Distance STARLINK-30988 - STARLINK-5848,Distance STARLINK-30988 - STARLINK-30808,Distance STARLINK-30988 - STARLINK-5567,Distance STARLINK-30988 - STARLINK-31292,Distance STARLINK-30988 - STARLINK-31438,Distance STARLINK-30988 - STARLINK-3199,Distance STARLINK-30988 - STARLINK-31725,Distance STARLINK-30988 - STARLINK-5856,Distance STARLINK-30988 - STARLINK-30378,Distance STARLINK-30988 - STARLINK-3078,Distance STARLINK-30988 - STARLINK-2442,Distance STARLINK-30988 - STARLINK-32017,Distance STARLINK-30988 - STARLINK-4515,Distance STARLINK-30988 - STARLINK-4610,Distance STARLINK-30988 - STARLINK-5784,Distance STARLINK-30988 - STARLINK-31368,Distance STARLINK-30988 - STARLINK-4042,Distance STARLINK-30988 - STARLINK-32166,Distance STARLINK-30988 - STARLINK-5833,Distance STARLINK-30988 - STARLINK-5330,Distance STARLINK-30988 - STARLINK-1601,Distance STARLINK-30988 - STARLINK-32088,Distance STARLINK-30988 - STARLINK-1557,Distance STARLINK-30988 - STARLINK-3542,Distance STARLINK-30988 - STARLINK-1954,Distance STARLINK-30988 - STARLINK-4005,Distance STARLINK-30988 - STARLINK-30426,Distance STARLINK-30988 - STARLINK-3584,Distance STARLINK-30988 - STARLINK-4333,Distance STARLINK-30988 - STARLINK-30101,Distance STARLINK-30988 - STARLINK-5492,Distance STARLINK-30988 - STARLINK-30544,Distance STARLINK-30988 - STARLINK-6289,Distance STARLINK-30988 - STARLINK-30919,Distance STARLINK-30988 - STARLINK-3802,Distance STARLINK-30988 - STARLINK-1331,Distance STARLINK-30988 - STARLINK-5326,Distance STARLINK-30988 - STARLINK-5169,Distance STARLINK-30988 - STARLINK-5025,Distance STARLINK-30988 - STARLINK-5750,Distance STARLINK-30988 - STARLINK-5381,Distance STARLINK-30988 - STARLINK-2661,Distance STARLINK-30988 - STARLINK-30804,Distance STARLINK-30988 - STARLINK-31007,Distance STARLINK-30988 - STARLINK-3682,Distance STARLINK-30988 - STARLINK-3346,Distance STARLINK-30988 - STARLINK-4780,Distance STARLINK-30988 - STARLINK-4102,Distance STARLINK-30988 - STARLINK-3595,Distance STARLINK-30988 - STARLINK-4426,Distance STARLINK-30988 - STARLINK-1046,Distance STARLINK-30988 - STARLINK-2428,Distance STARLINK-30988 - STARLINK-5564,Distance STARLINK-30988 - STARLINK-3396,Distance STARLINK-30988 - STARLINK-3998,Distance STARLINK-30988 - STARLINK-4366,Distance STARLINK-30988 - STARLINK-31192,Distance STARLINK-30988 - STARLINK-30768,Distance STARLINK-30988 - STARLINK-5211,Distance STARLINK-30988 - STARLINK-4347,Distance STARLINK-30988 - STARLINK-30322,Distance STARLINK-30988 - STARLINK-30387,Distance STARLINK-30988 - STARLINK-1187,Distance STARLINK-30988 - STARLINK-1498,Distance STARLINK-30988 - STARLINK-31629,Distance STARLINK-30988 - STARLINK-5774,Distance STARLINK-30988 - STARLINK-31707,Distance STARLINK-30988 - STARLINK-4478,Distance STARLINK-30988 - STARLINK-31913,Distance STARLINK-30988 - STARLINK-31580,Distance STARLINK-30988 - STARLINK-4189,Distance STARLINK-30988 - STARLINK-3334,Distance STARLINK-30988 - STARLINK-31765,Distance STARLINK-30988 - STARLINK-31070,Distance STARLINK-30988 - STARLINK-31043,Distance STARLINK-30988 - MoonARTEMIS1,Distance STARLINK-30988 - MoonARTEMIS2,Distance STARLINK-30988 - MoonIOAGEO,Distance STARLINK-30988 - MoonIOAGNO,Distance STARLINK-30988 - MoonIOAGNO 0001,Distance STARLINK-30988 - MoonIOAGSO,Distance STARLINK-30988 - MoonIOAGSO 0001,Distance STARLINK-30988 - MoonLRO,Distance STARLINK-30988 - MarsSat1,Distance STARLINK-30988 - MarsSat2,Distance STARLINK-30988 - MarsSat3,Distance STARLINK-30988 - MarsSat4,Distance STARLINK-6118 - STARLINK-2537,Distance STARLINK-6118 - STARLINK-4379,Distance STARLINK-6118 - STARLINK-5238,Distance STARLINK-6118 - STARLINK-11171 [DTC],Distance STARLINK-6118 - STARLINK-4765,Distance STARLINK-6118 - STARLINK-1556,Distance STARLINK-6118 - STARLINK-30258,Distance STARLINK-6118 - STARLINK-1021,Distance STARLINK-6118 - STARLINK-31296,Distance STARLINK-6118 - STARLINK-2009,Distance STARLINK-6118 - STARLINK-31882,Distance STARLINK-6118 - STARLINK-5185,Distance STARLINK-6118 - STARLINK-3680,Distance STARLINK-6118 - STARLINK-2153,Distance STARLINK-6118 - STARLINK-11143 [DTC],Distance STARLINK-6118 - STARLINK-6151,Distance STARLINK-6118 - STARLINK-5922,Distance STARLINK-6118 - STARLINK-4564,Distance STARLINK-6118 - STARLINK-5848,Distance STARLINK-6118 - STARLINK-30808,Distance STARLINK-6118 - STARLINK-5567,Distance STARLINK-6118 - STARLINK-31292,Distance STARLINK-6118 - STARLINK-31438,Distance STARLINK-6118 - STARLINK-3199,Distance STARLINK-6118 - STARLINK-31725,Distance STARLINK-6118 - STARLINK-5856,Distance STARLINK-6118 - STARLINK-30378,Distance STARLINK-6118 - STARLINK-3078,Distance STARLINK-6118 - STARLINK-2442,Distance STARLINK-6118 - STARLINK-32017,Distance STARLINK-6118 - STARLINK-4515,Distance STARLINK-6118 - STARLINK-4610,Distance STARLINK-6118 - STARLINK-5784,Distance STARLINK-6118 - STARLINK-31368,Distance STARLINK-6118 - STARLINK-4042,Distance STARLINK-6118 - STARLINK-32166,Distance STARLINK-6118 - STARLINK-5833,Distance STARLINK-6118 - STARLINK-5330,Distance STARLINK-6118 - STARLINK-1601,Distance STARLINK-6118 - STARLINK-32088,Distance STARLINK-6118 - STARLINK-1557,Distance STARLINK-6118 - STARLINK-3542,Distance STARLINK-6118 - STARLINK-1954,Distance STARLINK-6118 - STARLINK-4005,Distance STARLINK-6118 - STARLINK-30426,Distance STARLINK-6118 - STARLINK-3584,Distance STARLINK-6118 - STARLINK-4333,Distance STARLINK-6118 - STARLINK-30101,Distance STARLINK-6118 - STARLINK-5492,Distance STARLINK-6118 - STARLINK-30544,Distance STARLINK-6118 - STARLINK-6289,Distance STARLINK-6118 - STARLINK-30919,Distance STARLINK-6118 - STARLINK-3802,Distance STARLINK-6118 - STARLINK-1331,Distance STARLINK-6118 - STARLINK-5326,Distance STARLINK-6118 - STARLINK-5169,Distance STARLINK-6118 - STARLINK-5025,Distance STARLINK-6118 - STARLINK-5750,Distance STARLINK-6118 - STARLINK-5381,Distance STARLINK-6118 - STARLINK-2661,Distance STARLINK-6118 - STARLINK-30804,Distance STARLINK-6118 - STARLINK-31007,Distance STARLINK-6118 - STARLINK-3682,Distance STARLINK-6118 - STARLINK-3346,Distance STARLINK-6118 - STARLINK-4780,Distance STARLINK-6118 - STARLINK-4102,Distance STARLINK-6118 - STARLINK-3595,Distance STARLINK-6118 - STARLINK-4426,Distance STARLINK-6118 - STARLINK-1046,Distance STARLINK-6118 - STARLINK-2428,Distance STARLINK-6118 - STARLINK-5564,Distance STARLINK-6118 - STARLINK-3396,Distance STARLINK-6118 - STARLINK-3998,Distance STARLINK-6118 - STARLINK-4366,Distance STARLINK-6118 - STARLINK-31192,Distance STARLINK-6118 - STARLINK-30768,Distance STARLINK-6118 - STARLINK-5211,Distance STARLINK-6118 - STARLINK-4347,Distance STARLINK-6118 - STARLINK-30322,Distance STARLINK-6118 - STARLINK-30387,Distance STARLINK-6118 - STARLINK-1187,Distance STARLINK-6118 - STARLINK-1498,Distance STARLINK-6118 - STARLINK-31629,Distance STARLINK-6118 - STARLINK-5774,Distance STARLINK-6118 - STARLINK-31707,Distance STARLINK-6118 - STARLINK-4478,Distance STARLINK-6118 - STARLINK-31913,Distance STARLINK-6118 - STARLINK-31580,Distance STARLINK-6118 - STARLINK-4189,Distance STARLINK-6118 - STARLINK-3334,Distance STARLINK-6118 - STARLINK-31765,Distance STARLINK-6118 - STARLINK-31070,Distance STARLINK-6118 - STARLINK-31043,Distance STARLINK-6118 - MoonARTEMIS1,Distance STARLINK-6118 - MoonARTEMIS2,Distance STARLINK-6118 - MoonIOAGEO,Distance STARLINK-6118 - MoonIOAGNO,Distance STARLINK-6118 - MoonIOAGNO 0001,Distance STARLINK-6118 - MoonIOAGSO,Distance STARLINK-6118 - MoonIOAGSO 0001,Distance STARLINK-6118 - MoonLRO,Distance STARLINK-6118 - MarsSat1,Distance STARLINK-6118 - MarsSat2,Distance STARLINK-6118 - MarsSat3,Distance STARLINK-6118 - MarsSat4,Distance STARLINK-2537 - STARLINK-4379,Distance STARLINK-2537 - STARLINK-5238,Distance STARLINK-2537 - STARLINK-11171 [DTC],Distance STARLINK-2537 - STARLINK-4765,Distance STARLINK-2537 - STARLINK-1556,Distance STARLINK-2537 - STARLINK-30258,Distance STARLINK-2537 - STARLINK-1021,Distance STARLINK-2537 - STARLINK-31296,Distance STARLINK-2537 - STARLINK-2009,Distance STARLINK-2537 - STARLINK-31882,Distance STARLINK-2537 - STARLINK-5185,Distance STARLINK-2537 - STARLINK-3680,Distance STARLINK-2537 - STARLINK-2153,Distance STARLINK-2537 - STARLINK-11143 [DTC],Distance STARLINK-2537 - STARLINK-6151,Distance STARLINK-2537 - STARLINK-5922,Distance STARLINK-2537 - STARLINK-4564,Distance STARLINK-2537 - STARLINK-5848,Distance STARLINK-2537 - STARLINK-30808,Distance STARLINK-2537 - STARLINK-5567,Distance STARLINK-2537 - STARLINK-31292,Distance STARLINK-2537 - STARLINK-31438,Distance STARLINK-2537 - STARLINK-3199,Distance STARLINK-2537 - STARLINK-31725,Distance STARLINK-2537 - STARLINK-5856,Distance STARLINK-2537 - STARLINK-30378,Distance STARLINK-2537 - STARLINK-3078,Distance STARLINK-2537 - STARLINK-2442,Distance STARLINK-2537 - STARLINK-32017,Distance STARLINK-2537 - STARLINK-4515,Distance STARLINK-2537 - STARLINK-4610,Distance STARLINK-2537 - STARLINK-5784,Distance STARLINK-2537 - STARLINK-31368,Distance STARLINK-2537 - STARLINK-4042,Distance STARLINK-2537 - STARLINK-32166,Distance STARLINK-2537 - STARLINK-5833,Distance STARLINK-2537 - STARLINK-5330,Distance STARLINK-2537 - STARLINK-1601,Distance STARLINK-2537 - STARLINK-32088,Distance STARLINK-2537 - STARLINK-1557,Distance STARLINK-2537 - STARLINK-3542,Distance STARLINK-2537 - STARLINK-1954,Distance STARLINK-2537 - STARLINK-4005,Distance STARLINK-2537 - STARLINK-30426,Distance STARLINK-2537 - STARLINK-3584,Distance STARLINK-2537 - STARLINK-4333,Distance STARLINK-2537 - STARLINK-30101,Distance STARLINK-2537 - STARLINK-5492,Distance STARLINK-2537 - STARLINK-30544,Distance STARLINK-2537 - STARLINK-6289,Distance STARLINK-2537 - STARLINK-30919,Distance STARLINK-2537 - STARLINK-3802,Distance STARLINK-2537 - STARLINK-1331,Distance STARLINK-2537 - STARLINK-5326,Distance STARLINK-2537 - STARLINK-5169,Distance STARLINK-2537 - STARLINK-5025,Distance STARLINK-2537 - STARLINK-5750,Distance STARLINK-2537 - STARLINK-5381,Distance STARLINK-2537 - STARLINK-2661,Distance STARLINK-2537 - STARLINK-30804,Distance STARLINK-2537 - STARLINK-31007,Distance STARLINK-2537 - STARLINK-3682,Distance STARLINK-2537 - STARLINK-3346,Distance STARLINK-2537 - STARLINK-4780,Distance STARLINK-2537 - STARLINK-4102,Distance STARLINK-2537 - STARLINK-3595,Distance STARLINK-2537 - STARLINK-4426,Distance STARLINK-2537 - STARLINK-1046,Distance STARLINK-2537 - STARLINK-2428,Distance STARLINK-2537 - STARLINK-5564,Distance STARLINK-2537 - STARLINK-3396,Distance STARLINK-2537 - STARLINK-3998,Distance STARLINK-2537 - STARLINK-4366,Distance STARLINK-2537 - STARLINK-31192,Distance STARLINK-2537 - STARLINK-30768,Distance STARLINK-2537 - STARLINK-5211,Distance STARLINK-2537 - STARLINK-4347,Distance STARLINK-2537 - STARLINK-30322,Distance STARLINK-2537 - STARLINK-30387,Distance STARLINK-2537 - STARLINK-1187,Distance STARLINK-2537 - STARLINK-1498,Distance STARLINK-2537 - STARLINK-31629,Distance STARLINK-2537 - STARLINK-5774,Distance STARLINK-2537 - STARLINK-31707,Distance STARLINK-2537 - STARLINK-4478,Distance STARLINK-2537 - STARLINK-31913,Distance STARLINK-2537 - STARLINK-31580,Distance STARLINK-2537 - STARLINK-4189,Distance STARLINK-2537 - STARLINK-3334,Distance STARLINK-2537 - STARLINK-31765,Distance STARLINK-2537 - STARLINK-31070,Distance STARLINK-2537 - STARLINK-31043,Distance STARLINK-2537 - MoonARTEMIS1,Distance STARLINK-2537 - MoonARTEMIS2,Distance STARLINK-2537 - MoonIOAGEO,Distance STARLINK-2537 - MoonIOAGNO,Distance STARLINK-2537 - MoonIOAGNO 0001,Distance STARLINK-2537 - MoonIOAGSO,Distance STARLINK-2537 - MoonIOAGSO 0001,Distance STARLINK-2537 - MoonLRO,Distance STARLINK-2537 - MarsSat1,Distance STARLINK-2537 - MarsSat2,Distance STARLINK-2537 - MarsSat3,Distance STARLINK-2537 - MarsSat4,Distance STARLINK-4379 - STARLINK-5238,Distance STARLINK-4379 - STARLINK-11171 [DTC],Distance STARLINK-4379 - STARLINK-4765,Distance STARLINK-4379 - STARLINK-1556,Distance STARLINK-4379 - STARLINK-30258,Distance STARLINK-4379 - STARLINK-1021,Distance STARLINK-4379 - STARLINK-31296,Distance STARLINK-4379 - STARLINK-2009,Distance STARLINK-4379 - STARLINK-31882,Distance STARLINK-4379 - STARLINK-5185,Distance STARLINK-4379 - STARLINK-3680,Distance STARLINK-4379 - STARLINK-2153,Distance STARLINK-4379 - STARLINK-11143 [DTC],Distance STARLINK-4379 - STARLINK-6151,Distance STARLINK-4379 - STARLINK-5922,Distance STARLINK-4379 - STARLINK-4564,Distance STARLINK-4379 - STARLINK-5848,Distance STARLINK-4379 - STARLINK-30808,Distance STARLINK-4379 - STARLINK-5567,Distance STARLINK-4379 - STARLINK-31292,Distance STARLINK-4379 - STARLINK-31438,Distance STARLINK-4379 - STARLINK-3199,Distance STARLINK-4379 - STARLINK-31725,Distance STARLINK-4379 - STARLINK-5856,Distance STARLINK-4379 - STARLINK-30378,Distance STARLINK-4379 - STARLINK-3078,Distance STARLINK-4379 - STARLINK-2442,Distance STARLINK-4379 - STARLINK-32017,Distance STARLINK-4379 - STARLINK-4515,Distance STARLINK-4379 - STARLINK-4610,Distance STARLINK-4379 - STARLINK-5784,Distance STARLINK-4379 - STARLINK-31368,Distance STARLINK-4379 - STARLINK-4042,Distance STARLINK-4379 - STARLINK-32166,Distance STARLINK-4379 - STARLINK-5833,Distance STARLINK-4379 - STARLINK-5330,Distance STARLINK-4379 - STARLINK-1601,Distance STARLINK-4379 - STARLINK-32088,Distance STARLINK-4379 - STARLINK-1557,Distance STARLINK-4379 - STARLINK-3542,Distance STARLINK-4379 - STARLINK-1954,Distance STARLINK-4379 - STARLINK-4005,Distance STARLINK-4379 - STARLINK-30426,Distance STARLINK-4379 - STARLINK-3584,Distance STARLINK-4379 - STARLINK-4333,Distance STARLINK-4379 - STARLINK-30101,Distance STARLINK-4379 - STARLINK-5492,Distance STARLINK-4379 - STARLINK-30544,Distance STARLINK-4379 - STARLINK-6289,Distance STARLINK-4379 - STARLINK-30919,Distance STARLINK-4379 - STARLINK-3802,Distance STARLINK-4379 - STARLINK-1331,Distance STARLINK-4379 - STARLINK-5326,Distance STARLINK-4379 - STARLINK-5169,Distance STARLINK-4379 - STARLINK-5025,Distance STARLINK-4379 - STARLINK-5750,Distance STARLINK-4379 - STARLINK-5381,Distance STARLINK-4379 - STARLINK-2661,Distance STARLINK-4379 - STARLINK-30804,Distance STARLINK-4379 - STARLINK-31007,Distance STARLINK-4379 - STARLINK-3682,Distance STARLINK-4379 - STARLINK-3346,Distance STARLINK-4379 - STARLINK-4780,Distance STARLINK-4379 - STARLINK-4102,Distance STARLINK-4379 - STARLINK-3595,Distance STARLINK-4379 - STARLINK-4426,Distance STARLINK-4379 - STARLINK-1046,Distance STARLINK-4379 - STARLINK-2428,Distance STARLINK-4379 - STARLINK-5564,Distance STARLINK-4379 - STARLINK-3396,Distance STARLINK-4379 - STARLINK-3998,Distance STARLINK-4379 - STARLINK-4366,Distance STARLINK-4379 - STARLINK-31192,Distance STARLINK-4379 - STARLINK-30768,Distance STARLINK-4379 - STARLINK-5211,Distance STARLINK-4379 - STARLINK-4347,Distance STARLINK-4379 - STARLINK-30322,Distance STARLINK-4379 - STARLINK-30387,Distance STARLINK-4379 - STARLINK-1187,Distance STARLINK-4379 - STARLINK-1498,Distance STARLINK-4379 - STARLINK-31629,Distance STARLINK-4379 - STARLINK-5774,Distance STARLINK-4379 - STARLINK-31707,Distance STARLINK-4379 - STARLINK-4478,Distance STARLINK-4379 - STARLINK-31913,Distance STARLINK-4379 - STARLINK-31580,Distance STARLINK-4379 - STARLINK-4189,Distance STARLINK-4379 - STARLINK-3334,Distance STARLINK-4379 - STARLINK-31765,Distance STARLINK-4379 - STARLINK-31070,Distance STARLINK-4379 - STARLINK-31043,Distance STARLINK-4379 - MoonARTEMIS1,Distance STARLINK-4379 - MoonARTEMIS2,Distance STARLINK-4379 - MoonIOAGEO,Distance STARLINK-4379 - MoonIOAGNO,Distance STARLINK-4379 - MoonIOAGNO 0001,Distance STARLINK-4379 - MoonIOAGSO,Distance STARLINK-4379 - MoonIOAGSO 0001,Distance STARLINK-4379 - MoonLRO,Distance STARLINK-4379 - MarsSat1,Distance STARLINK-4379 - MarsSat2,Distance STARLINK-4379 - MarsSat3,Distance STARLINK-4379 - MarsSat4,Distance STARLINK-5238 - STARLINK-11171 [DTC],Distance STARLINK-5238 - STARLINK-4765,Distance STARLINK-5238 - STARLINK-1556,Distance STARLINK-5238 - STARLINK-30258,Distance STARLINK-5238 - STARLINK-1021,Distance STARLINK-5238 - STARLINK-31296,Distance STARLINK-5238 - STARLINK-2009,Distance STARLINK-5238 - STARLINK-31882,Distance STARLINK-5238 - STARLINK-5185,Distance STARLINK-5238 - STARLINK-3680,Distance STARLINK-5238 - STARLINK-2153,Distance STARLINK-5238 - STARLINK-11143 [DTC],Distance STARLINK-5238 - STARLINK-6151,Distance STARLINK-5238 - STARLINK-5922,Distance STARLINK-5238 - STARLINK-4564,Distance STARLINK-5238 - STARLINK-5848,Distance STARLINK-5238 - STARLINK-30808,Distance STARLINK-5238 - STARLINK-5567,Distance STARLINK-5238 - STARLINK-31292,Distance STARLINK-5238 - STARLINK-31438,Distance STARLINK-5238 - STARLINK-3199,Distance STARLINK-5238 - STARLINK-31725,Distance STARLINK-5238 - STARLINK-5856,Distance STARLINK-5238 - STARLINK-30378,Distance STARLINK-5238 - STARLINK-3078,Distance STARLINK-5238 - STARLINK-2442,Distance STARLINK-5238 - STARLINK-32017,Distance STARLINK-5238 - STARLINK-4515,Distance STARLINK-5238 - STARLINK-4610,Distance STARLINK-5238 - STARLINK-5784,Distance STARLINK-5238 - STARLINK-31368,Distance STARLINK-5238 - STARLINK-4042,Distance STARLINK-5238 - STARLINK-32166,Distance STARLINK-5238 - STARLINK-5833,Distance STARLINK-5238 - STARLINK-5330,Distance STARLINK-5238 - STARLINK-1601,Distance STARLINK-5238 - STARLINK-32088,Distance STARLINK-5238 - STARLINK-1557,Distance STARLINK-5238 - STARLINK-3542,Distance STARLINK-5238 - STARLINK-1954,Distance STARLINK-5238 - STARLINK-4005,Distance STARLINK-5238 - STARLINK-30426,Distance STARLINK-5238 - STARLINK-3584,Distance STARLINK-5238 - STARLINK-4333,Distance STARLINK-5238 - STARLINK-30101,Distance STARLINK-5238 - STARLINK-5492,Distance STARLINK-5238 - STARLINK-30544,Distance STARLINK-5238 - STARLINK-6289,Distance STARLINK-5238 - STARLINK-30919,Distance STARLINK-5238 - STARLINK-3802,Distance STARLINK-5238 - STARLINK-1331,Distance STARLINK-5238 - STARLINK-5326,Distance STARLINK-5238 - STARLINK-5169,Distance STARLINK-5238 - STARLINK-5025,Distance STARLINK-5238 - STARLINK-5750,Distance STARLINK-5238 - STARLINK-5381,Distance STARLINK-5238 - STARLINK-2661,Distance STARLINK-5238 - STARLINK-30804,Distance STARLINK-5238 - STARLINK-31007,Distance STARLINK-5238 - STARLINK-3682,Distance STARLINK-5238 - STARLINK-3346,Distance STARLINK-5238 - STARLINK-4780,Distance STARLINK-5238 - STARLINK-4102,Distance STARLINK-5238 - STARLINK-3595,Distance STARLINK-5238 - STARLINK-4426,Distance STARLINK-5238 - STARLINK-1046,Distance STARLINK-5238 - STARLINK-2428,Distance STARLINK-5238 - STARLINK-5564,Distance STARLINK-5238 - STARLINK-3396,Distance STARLINK-5238 - STARLINK-3998,Distance STARLINK-5238 - STARLINK-4366,Distance STARLINK-5238 - STARLINK-31192,Distance STARLINK-5238 - STARLINK-30768,Distance STARLINK-5238 - STARLINK-5211,Distance STARLINK-5238 - STARLINK-4347,Distance STARLINK-5238 - STARLINK-30322,Distance STARLINK-5238 - STARLINK-30387,Distance STARLINK-5238 - STARLINK-1187,Distance STARLINK-5238 - STARLINK-1498,Distance STARLINK-5238 - STARLINK-31629,Distance STARLINK-5238 - STARLINK-5774,Distance STARLINK-5238 - STARLINK-31707,Distance STARLINK-5238 - STARLINK-4478,Distance STARLINK-5238 - STARLINK-31913,Distance STARLINK-5238 - STARLINK-31580,Distance STARLINK-5238 - STARLINK-4189,Distance STARLINK-5238 - STARLINK-3334,Distance STARLINK-5238 - STARLINK-31765,Distance STARLINK-5238 - STARLINK-31070,Distance STARLINK-5238 - STARLINK-31043,Distance STARLINK-5238 - MoonARTEMIS1,Distance STARLINK-5238 - MoonARTEMIS2,Distance STARLINK-5238 - MoonIOAGEO,Distance STARLINK-5238 - MoonIOAGNO,Distance STARLINK-5238 - MoonIOAGNO 0001,Distance STARLINK-5238 - MoonIOAGSO,Distance STARLINK-5238 - MoonIOAGSO 0001,Distance STARLINK-5238 - MoonLRO,Distance STARLINK-5238 - MarsSat1,Distance STARLINK-5238 - MarsSat2,Distance STARLINK-5238 - MarsSat3,Distance STARLINK-5238 - MarsSat4,Distance STARLINK-11171 [DTC] - STARLINK-4765,Distance STARLINK-11171 [DTC] - STARLINK-1556,Distance STARLINK-11171 [DTC] - STARLINK-30258,Distance STARLINK-11171 [DTC] - STARLINK-1021,Distance STARLINK-11171 [DTC] - STARLINK-31296,Distance STARLINK-11171 [DTC] - STARLINK-2009,Distance STARLINK-11171 [DTC] - STARLINK-31882,Distance STARLINK-11171 [DTC] - STARLINK-5185,Distance STARLINK-11171 [DTC] - STARLINK-3680,Distance STARLINK-11171 [DTC] - STARLINK-2153,Distance STARLINK-11171 [DTC] - STARLINK-11143 [DTC],Distance STARLINK-11171 [DTC] - STARLINK-6151,Distance STARLINK-11171 [DTC] - STARLINK-5922,Distance STARLINK-11171 [DTC] - STARLINK-4564,Distance STARLINK-11171 [DTC] - STARLINK-5848,Distance STARLINK-11171 [DTC] - STARLINK-30808,Distance STARLINK-11171 [DTC] - STARLINK-5567,Distance STARLINK-11171 [DTC] - STARLINK-31292,Distance STARLINK-11171 [DTC] - STARLINK-31438,Distance STARLINK-11171 [DTC] - STARLINK-3199,Distance STARLINK-11171 [DTC] - STARLINK-31725,Distance STARLINK-11171 [DTC] - STARLINK-5856,Distance STARLINK-11171 [DTC] - STARLINK-30378,Distance STARLINK-11171 [DTC] - STARLINK-3078,Distance STARLINK-11171 [DTC] - STARLINK-2442,Distance STARLINK-11171 [DTC] - STARLINK-32017,Distance STARLINK-11171 [DTC] - STARLINK-4515,Distance STARLINK-11171 [DTC] - STARLINK-4610,Distance STARLINK-11171 [DTC] - STARLINK-5784,Distance STARLINK-11171 [DTC] - STARLINK-31368,Distance STARLINK-11171 [DTC] - STARLINK-4042,Distance STARLINK-11171 [DTC] - STARLINK-32166,Distance STARLINK-11171 [DTC] - STARLINK-5833,Distance STARLINK-11171 [DTC] - STARLINK-5330,Distance STARLINK-11171 [DTC] - STARLINK-1601,Distance STARLINK-11171 [DTC] - STARLINK-32088,Distance STARLINK-11171 [DTC] - STARLINK-1557,Distance STARLINK-11171 [DTC] - STARLINK-3542,Distance STARLINK-11171 [DTC] - STARLINK-1954,Distance STARLINK-11171 [DTC] - STARLINK-4005,Distance STARLINK-11171 [DTC] - STARLINK-30426,Distance STARLINK-11171 [DTC] - STARLINK-3584,Distance STARLINK-11171 [DTC] - STARLINK-4333,Distance STARLINK-11171 [DTC] - STARLINK-30101,Distance STARLINK-11171 [DTC] - STARLINK-5492,Distance STARLINK-11171 [DTC] - STARLINK-30544,Distance STARLINK-11171 [DTC] - STARLINK-6289,Distance STARLINK-11171 [DTC] - STARLINK-30919,Distance STARLINK-11171 [DTC] - STARLINK-3802,Distance STARLINK-11171 [DTC] - STARLINK-1331,Distance STARLINK-11171 [DTC] - STARLINK-5326,Distance STARLINK-11171 [DTC] - STARLINK-5169,Distance STARLINK-11171 [DTC] - STARLINK-5025,Distance STARLINK-11171 [DTC] - STARLINK-5750,Distance STARLINK-11171 [DTC] - STARLINK-5381,Distance STARLINK-11171 [DTC] - STARLINK-2661,Distance STARLINK-11171 [DTC] - STARLINK-30804,Distance STARLINK-11171 [DTC] - STARLINK-31007,Distance STARLINK-11171 [DTC] - STARLINK-3682,Distance STARLINK-11171 [DTC] - STARLINK-3346,Distance STARLINK-11171 [DTC] - STARLINK-4780,Distance STARLINK-11171 [DTC] - STARLINK-4102,Distance STARLINK-11171 [DTC] - STARLINK-3595,Distance STARLINK-11171 [DTC] - STARLINK-4426,Distance STARLINK-11171 [DTC] - STARLINK-1046,Distance STARLINK-11171 [DTC] - STARLINK-2428,Distance STARLINK-11171 [DTC] - STARLINK-5564,Distance STARLINK-11171 [DTC] - STARLINK-3396,Distance STARLINK-11171 [DTC] - STARLINK-3998,Distance STARLINK-11171 [DTC] - STARLINK-4366,Distance STARLINK-11171 [DTC] - STARLINK-31192,Distance STARLINK-11171 [DTC] - STARLINK-30768,Distance STARLINK-11171 [DTC] - STARLINK-5211,Distance STARLINK-11171 [DTC] - STARLINK-4347,Distance STARLINK-11171 [DTC] - STARLINK-30322,Distance STARLINK-11171 [DTC] - STARLINK-30387,Distance STARLINK-11171 [DTC] - STARLINK-1187,Distance STARLINK-11171 [DTC] - STARLINK-1498,Distance STARLINK-11171 [DTC] - STARLINK-31629,Distance STARLINK-11171 [DTC] - STARLINK-5774,Distance STARLINK-11171 [DTC] - STARLINK-31707,Distance STARLINK-11171 [DTC] - STARLINK-4478,Distance STARLINK-11171 [DTC] - STARLINK-31913,Distance STARLINK-11171 [DTC] - STARLINK-31580,Distance STARLINK-11171 [DTC] - STARLINK-4189,Distance STARLINK-11171 [DTC] - STARLINK-3334,Distance STARLINK-11171 [DTC] - STARLINK-31765,Distance STARLINK-11171 [DTC] - STARLINK-31070,Distance STARLINK-11171 [DTC] - STARLINK-31043,Distance STARLINK-11171 [DTC] - MoonARTEMIS1,Distance STARLINK-11171 [DTC] - MoonARTEMIS2,Distance STARLINK-11171 [DTC] - MoonIOAGEO,Distance STARLINK-11171 [DTC] - MoonIOAGNO,Distance STARLINK-11171 [DTC] - MoonIOAGNO 0001,Distance STARLINK-11171 [DTC] - MoonIOAGSO,Distance STARLINK-11171 [DTC] - MoonIOAGSO 0001,Distance STARLINK-11171 [DTC] - MoonLRO,Distance STARLINK-11171 [DTC] - MarsSat1,Distance STARLINK-11171 [DTC] - MarsSat2,Distance STARLINK-11171 [DTC] - MarsSat3,Distance STARLINK-11171 [DTC] - MarsSat4,Distance STARLINK-4765 - STARLINK-1556,Distance STARLINK-4765 - STARLINK-30258,Distance STARLINK-4765 - STARLINK-1021,Distance STARLINK-4765 - STARLINK-31296,Distance STARLINK-4765 - STARLINK-2009,Distance STARLINK-4765 - STARLINK-31882,Distance STARLINK-4765 - STARLINK-5185,Distance STARLINK-4765 - STARLINK-3680,Distance STARLINK-4765 - STARLINK-2153,Distance STARLINK-4765 - STARLINK-11143 [DTC],Distance STARLINK-4765 - STARLINK-6151,Distance STARLINK-4765 - STARLINK-5922,Distance STARLINK-4765 - STARLINK-4564,Distance STARLINK-4765 - STARLINK-5848,Distance STARLINK-4765 - STARLINK-30808,Distance STARLINK-4765 - STARLINK-5567,Distance STARLINK-4765 - STARLINK-31292,Distance STARLINK-4765 - STARLINK-31438,Distance STARLINK-4765 - STARLINK-3199,Distance STARLINK-4765 - STARLINK-31725,Distance STARLINK-4765 - STARLINK-5856,Distance STARLINK-4765 - STARLINK-30378,Distance STARLINK-4765 - STARLINK-3078,Distance STARLINK-4765 - STARLINK-2442,Distance STARLINK-4765 - STARLINK-32017,Distance STARLINK-4765 - STARLINK-4515,Distance STARLINK-4765 - STARLINK-4610,Distance STARLINK-4765 - STARLINK-5784,Distance STARLINK-4765 - STARLINK-31368,Distance STARLINK-4765 - STARLINK-4042,Distance STARLINK-4765 - STARLINK-32166,Distance STARLINK-4765 - STARLINK-5833,Distance STARLINK-4765 - STARLINK-5330,Distance STARLINK-4765 - STARLINK-1601,Distance STARLINK-4765 - STARLINK-32088,Distance STARLINK-4765 - STARLINK-1557,Distance STARLINK-4765 - STARLINK-3542,Distance STARLINK-4765 - STARLINK-1954,Distance STARLINK-4765 - STARLINK-4005,Distance STARLINK-4765 - STARLINK-30426,Distance STARLINK-4765 - STARLINK-3584,Distance STARLINK-4765 - STARLINK-4333,Distance STARLINK-4765 - STARLINK-30101,Distance STARLINK-4765 - STARLINK-5492,Distance STARLINK-4765 - STARLINK-30544,Distance STARLINK-4765 - STARLINK-6289,Distance STARLINK-4765 - STARLINK-30919,Distance STARLINK-4765 - STARLINK-3802,Distance STARLINK-4765 - STARLINK-1331,Distance STARLINK-4765 - STARLINK-5326,Distance STARLINK-4765 - STARLINK-5169,Distance STARLINK-4765 - STARLINK-5025,Distance STARLINK-4765 - STARLINK-5750,Distance STARLINK-4765 - STARLINK-5381,Distance STARLINK-4765 - STARLINK-2661,Distance STARLINK-4765 - STARLINK-30804,Distance STARLINK-4765 - STARLINK-31007,Distance STARLINK-4765 - STARLINK-3682,Distance STARLINK-4765 - STARLINK-3346,Distance STARLINK-4765 - STARLINK-4780,Distance STARLINK-4765 - STARLINK-4102,Distance STARLINK-4765 - STARLINK-3595,Distance STARLINK-4765 - STARLINK-4426,Distance STARLINK-4765 - STARLINK-1046,Distance STARLINK-4765 - STARLINK-2428,Distance STARLINK-4765 - STARLINK-5564,Distance STARLINK-4765 - STARLINK-3396,Distance STARLINK-4765 - STARLINK-3998,Distance STARLINK-4765 - STARLINK-4366,Distance STARLINK-4765 - STARLINK-31192,Distance STARLINK-4765 - STARLINK-30768,Distance STARLINK-4765 - STARLINK-5211,Distance STARLINK-4765 - STARLINK-4347,Distance STARLINK-4765 - STARLINK-30322,Distance STARLINK-4765 - STARLINK-30387,Distance STARLINK-4765 - STARLINK-1187,Distance STARLINK-4765 - STARLINK-1498,Distance STARLINK-4765 - STARLINK-31629,Distance STARLINK-4765 - STARLINK-5774,Distance STARLINK-4765 - STARLINK-31707,Distance STARLINK-4765 - STARLINK-4478,Distance STARLINK-4765 - STARLINK-31913,Distance STARLINK-4765 - STARLINK-31580,Distance STARLINK-4765 - STARLINK-4189,Distance STARLINK-4765 - STARLINK-3334,Distance STARLINK-4765 - STARLINK-31765,Distance STARLINK-4765 - STARLINK-31070,Distance STARLINK-4765 - STARLINK-31043,Distance STARLINK-4765 - MoonARTEMIS1,Distance STARLINK-4765 - MoonARTEMIS2,Distance STARLINK-4765 - MoonIOAGEO,Distance STARLINK-4765 - MoonIOAGNO,Distance STARLINK-4765 - MoonIOAGNO 0001,Distance STARLINK-4765 - MoonIOAGSO,Distance STARLINK-4765 - MoonIOAGSO 0001,Distance STARLINK-4765 - MoonLRO,Distance STARLINK-4765 - MarsSat1,Distance STARLINK-4765 - MarsSat2,Distance STARLINK-4765 - MarsSat3,Distance STARLINK-4765 - MarsSat4,Distance STARLINK-1556 - STARLINK-30258,Distance STARLINK-1556 - STARLINK-1021,Distance STARLINK-1556 - STARLINK-31296,Distance STARLINK-1556 - STARLINK-2009,Distance STARLINK-1556 - STARLINK-31882,Distance STARLINK-1556 - STARLINK-5185,Distance STARLINK-1556 - STARLINK-3680,Distance STARLINK-1556 - STARLINK-2153,Distance STARLINK-1556 - STARLINK-11143 [DTC],Distance STARLINK-1556 - STARLINK-6151,Distance STARLINK-1556 - STARLINK-5922,Distance STARLINK-1556 - STARLINK-4564,Distance STARLINK-1556 - STARLINK-5848,Distance STARLINK-1556 - STARLINK-30808,Distance STARLINK-1556 - STARLINK-5567,Distance STARLINK-1556 - STARLINK-31292,Distance STARLINK-1556 - STARLINK-31438,Distance STARLINK-1556 - STARLINK-3199,Distance STARLINK-1556 - STARLINK-31725,Distance STARLINK-1556 - STARLINK-5856,Distance STARLINK-1556 - STARLINK-30378,Distance STARLINK-1556 - STARLINK-3078,Distance STARLINK-1556 - STARLINK-2442,Distance STARLINK-1556 - STARLINK-32017,Distance STARLINK-1556 - STARLINK-4515,Distance STARLINK-1556 - STARLINK-4610,Distance STARLINK-1556 - STARLINK-5784,Distance STARLINK-1556 - STARLINK-31368,Distance STARLINK-1556 - STARLINK-4042,Distance STARLINK-1556 - STARLINK-32166,Distance STARLINK-1556 - STARLINK-5833,Distance STARLINK-1556 - STARLINK-5330,Distance STARLINK-1556 - STARLINK-1601,Distance STARLINK-1556 - STARLINK-32088,Distance STARLINK-1556 - STARLINK-1557,Distance STARLINK-1556 - STARLINK-3542,Distance STARLINK-1556 - STARLINK-1954,Distance STARLINK-1556 - STARLINK-4005,Distance STARLINK-1556 - STARLINK-30426,Distance STARLINK-1556 - STARLINK-3584,Distance STARLINK-1556 - STARLINK-4333,Distance STARLINK-1556 - STARLINK-30101,Distance STARLINK-1556 - STARLINK-5492,Distance STARLINK-1556 - STARLINK-30544,Distance STARLINK-1556 - STARLINK-6289,Distance STARLINK-1556 - STARLINK-30919,Distance STARLINK-1556 - STARLINK-3802,Distance STARLINK-1556 - STARLINK-1331,Distance STARLINK-1556 - STARLINK-5326,Distance STARLINK-1556 - STARLINK-5169,Distance STARLINK-1556 - STARLINK-5025,Distance STARLINK-1556 - STARLINK-5750,Distance STARLINK-1556 - STARLINK-5381,Distance STARLINK-1556 - STARLINK-2661,Distance STARLINK-1556 - STARLINK-30804,Distance STARLINK-1556 - STARLINK-31007,Distance STARLINK-1556 - STARLINK-3682,Distance STARLINK-1556 - STARLINK-3346,Distance STARLINK-1556 - STARLINK-4780,Distance STARLINK-1556 - STARLINK-4102,Distance STARLINK-1556 - STARLINK-3595,Distance STARLINK-1556 - STARLINK-4426,Distance STARLINK-1556 - STARLINK-1046,Distance STARLINK-1556 - STARLINK-2428,Distance STARLINK-1556 - STARLINK-5564,Distance STARLINK-1556 - STARLINK-3396,Distance STARLINK-1556 - STARLINK-3998,Distance STARLINK-1556 - STARLINK-4366,Distance STARLINK-1556 - STARLINK-31192,Distance STARLINK-1556 - STARLINK-30768,Distance STARLINK-1556 - STARLINK-5211,Distance STARLINK-1556 - STARLINK-4347,Distance STARLINK-1556 - STARLINK-30322,Distance STARLINK-1556 - STARLINK-30387,Distance STARLINK-1556 - STARLINK-1187,Distance STARLINK-1556 - STARLINK-1498,Distance STARLINK-1556 - STARLINK-31629,Distance STARLINK-1556 - STARLINK-5774,Distance STARLINK-1556 - STARLINK-31707,Distance STARLINK-1556 - STARLINK-4478,Distance STARLINK-1556 - STARLINK-31913,Distance STARLINK-1556 - STARLINK-31580,Distance STARLINK-1556 - STARLINK-4189,Distance STARLINK-1556 - STARLINK-3334,Distance STARLINK-1556 - STARLINK-31765,Distance STARLINK-1556 - STARLINK-31070,Distance STARLINK-1556 - STARLINK-31043,Distance STARLINK-1556 - MoonARTEMIS1,Distance STARLINK-1556 - MoonARTEMIS2,Distance STARLINK-1556 - MoonIOAGEO,Distance STARLINK-1556 - MoonIOAGNO,Distance STARLINK-1556 - MoonIOAGNO 0001,Distance STARLINK-1556 - MoonIOAGSO,Distance STARLINK-1556 - MoonIOAGSO 0001,Distance STARLINK-1556 - MoonLRO,Distance STARLINK-1556 - MarsSat1,Distance STARLINK-1556 - MarsSat2,Distance STARLINK-1556 - MarsSat3,Distance STARLINK-1556 - MarsSat4,Distance STARLINK-30258 - STARLINK-1021,Distance STARLINK-30258 - STARLINK-31296,Distance STARLINK-30258 - STARLINK-2009,Distance STARLINK-30258 - STARLINK-31882,Distance STARLINK-30258 - STARLINK-5185,Distance STARLINK-30258 - STARLINK-3680,Distance STARLINK-30258 - STARLINK-2153,Distance STARLINK-30258 - STARLINK-11143 [DTC],Distance STARLINK-30258 - STARLINK-6151,Distance STARLINK-30258 - STARLINK-5922,Distance STARLINK-30258 - STARLINK-4564,Distance STARLINK-30258 - STARLINK-5848,Distance STARLINK-30258 - STARLINK-30808,Distance STARLINK-30258 - STARLINK-5567,Distance STARLINK-30258 - STARLINK-31292,Distance STARLINK-30258 - STARLINK-31438,Distance STARLINK-30258 - STARLINK-3199,Distance STARLINK-30258 - STARLINK-31725,Distance STARLINK-30258 - STARLINK-5856,Distance STARLINK-30258 - STARLINK-30378,Distance STARLINK-30258 - STARLINK-3078,Distance STARLINK-30258 - STARLINK-2442,Distance STARLINK-30258 - STARLINK-32017,Distance STARLINK-30258 - STARLINK-4515,Distance STARLINK-30258 - STARLINK-4610,Distance STARLINK-30258 - STARLINK-5784,Distance STARLINK-30258 - STARLINK-31368,Distance STARLINK-30258 - STARLINK-4042,Distance STARLINK-30258 - STARLINK-32166,Distance STARLINK-30258 - STARLINK-5833,Distance STARLINK-30258 - STARLINK-5330,Distance STARLINK-30258 - STARLINK-1601,Distance STARLINK-30258 - STARLINK-32088,Distance STARLINK-30258 - STARLINK-1557,Distance STARLINK-30258 - STARLINK-3542,Distance STARLINK-30258 - STARLINK-1954,Distance STARLINK-30258 - STARLINK-4005,Distance STARLINK-30258 - STARLINK-30426,Distance STARLINK-30258 - STARLINK-3584,Distance STARLINK-30258 - STARLINK-4333,Distance STARLINK-30258 - STARLINK-30101,Distance STARLINK-30258 - STARLINK-5492,Distance STARLINK-30258 - STARLINK-30544,Distance STARLINK-30258 - STARLINK-6289,Distance STARLINK-30258 - STARLINK-30919,Distance STARLINK-30258 - STARLINK-3802,Distance STARLINK-30258 - STARLINK-1331,Distance STARLINK-30258 - STARLINK-5326,Distance STARLINK-30258 - STARLINK-5169,Distance STARLINK-30258 - STARLINK-5025,Distance STARLINK-30258 - STARLINK-5750,Distance STARLINK-30258 - STARLINK-5381,Distance STARLINK-30258 - STARLINK-2661,Distance STARLINK-30258 - STARLINK-30804,Distance STARLINK-30258 - STARLINK-31007,Distance STARLINK-30258 - STARLINK-3682,Distance STARLINK-30258 - STARLINK-3346,Distance STARLINK-30258 - STARLINK-4780,Distance STARLINK-30258 - STARLINK-4102,Distance STARLINK-30258 - STARLINK-3595,Distance STARLINK-30258 - STARLINK-4426,Distance STARLINK-30258 - STARLINK-1046,Distance STARLINK-30258 - STARLINK-2428,Distance STARLINK-30258 - STARLINK-5564,Distance STARLINK-30258 - STARLINK-3396,Distance STARLINK-30258 - STARLINK-3998,Distance STARLINK-30258 - STARLINK-4366,Distance STARLINK-30258 - STARLINK-31192,Distance STARLINK-30258 - STARLINK-30768,Distance STARLINK-30258 - STARLINK-5211,Distance STARLINK-30258 - STARLINK-4347,Distance STARLINK-30258 - STARLINK-30322,Distance STARLINK-30258 - STARLINK-30387,Distance STARLINK-30258 - STARLINK-1187,Distance STARLINK-30258 - STARLINK-1498,Distance STARLINK-30258 - STARLINK-31629,Distance STARLINK-30258 - STARLINK-5774,Distance STARLINK-30258 - STARLINK-31707,Distance STARLINK-30258 - STARLINK-4478,Distance STARLINK-30258 - STARLINK-31913,Distance STARLINK-30258 - STARLINK-31580,Distance STARLINK-30258 - STARLINK-4189,Distance STARLINK-30258 - STARLINK-3334,Distance STARLINK-30258 - STARLINK-31765,Distance STARLINK-30258 - STARLINK-31070,Distance STARLINK-30258 - STARLINK-31043,Distance STARLINK-30258 - MoonARTEMIS1,Distance STARLINK-30258 - MoonARTEMIS2,Distance STARLINK-30258 - MoonIOAGEO,Distance STARLINK-30258 - MoonIOAGNO,Distance STARLINK-30258 - MoonIOAGNO 0001,Distance STARLINK-30258 - MoonIOAGSO,Distance STARLINK-30258 - MoonIOAGSO 0001,Distance STARLINK-30258 - MoonLRO,Distance STARLINK-30258 - MarsSat1,Distance STARLINK-30258 - MarsSat2,Distance STARLINK-30258 - MarsSat3,Distance STARLINK-30258 - MarsSat4,Distance STARLINK-1021 - STARLINK-31296,Distance STARLINK-1021 - STARLINK-2009,Distance STARLINK-1021 - STARLINK-31882,Distance STARLINK-1021 - STARLINK-5185,Distance STARLINK-1021 - STARLINK-3680,Distance STARLINK-1021 - STARLINK-2153,Distance STARLINK-1021 - STARLINK-11143 [DTC],Distance STARLINK-1021 - STARLINK-6151,Distance STARLINK-1021 - STARLINK-5922,Distance STARLINK-1021 - STARLINK-4564,Distance STARLINK-1021 - STARLINK-5848,Distance STARLINK-1021 - STARLINK-30808,Distance STARLINK-1021 - STARLINK-5567,Distance STARLINK-1021 - STARLINK-31292,Distance STARLINK-1021 - STARLINK-31438,Distance STARLINK-1021 - STARLINK-3199,Distance STARLINK-1021 - STARLINK-31725,Distance STARLINK-1021 - STARLINK-5856,Distance STARLINK-1021 - STARLINK-30378,Distance STARLINK-1021 - STARLINK-3078,Distance STARLINK-1021 - STARLINK-2442,Distance STARLINK-1021 - STARLINK-32017,Distance STARLINK-1021 - STARLINK-4515,Distance STARLINK-1021 - STARLINK-4610,Distance STARLINK-1021 - STARLINK-5784,Distance STARLINK-1021 - STARLINK-31368,Distance STARLINK-1021 - STARLINK-4042,Distance STARLINK-1021 - STARLINK-32166,Distance STARLINK-1021 - STARLINK-5833,Distance STARLINK-1021 - STARLINK-5330,Distance STARLINK-1021 - STARLINK-1601,Distance STARLINK-1021 - STARLINK-32088,Distance STARLINK-1021 - STARLINK-1557,Distance STARLINK-1021 - STARLINK-3542,Distance STARLINK-1021 - STARLINK-1954,Distance STARLINK-1021 - STARLINK-4005,Distance STARLINK-1021 - STARLINK-30426,Distance STARLINK-1021 - STARLINK-3584,Distance STARLINK-1021 - STARLINK-4333,Distance STARLINK-1021 - STARLINK-30101,Distance STARLINK-1021 - STARLINK-5492,Distance STARLINK-1021 - STARLINK-30544,Distance STARLINK-1021 - STARLINK-6289,Distance STARLINK-1021 - STARLINK-30919,Distance STARLINK-1021 - STARLINK-3802,Distance STARLINK-1021 - STARLINK-1331,Distance STARLINK-1021 - STARLINK-5326,Distance STARLINK-1021 - STARLINK-5169,Distance STARLINK-1021 - STARLINK-5025,Distance STARLINK-1021 - STARLINK-5750,Distance STARLINK-1021 - STARLINK-5381,Distance STARLINK-1021 - STARLINK-2661,Distance STARLINK-1021 - STARLINK-30804,Distance STARLINK-1021 - STARLINK-31007,Distance STARLINK-1021 - STARLINK-3682,Distance STARLINK-1021 - STARLINK-3346,Distance STARLINK-1021 - STARLINK-4780,Distance STARLINK-1021 - STARLINK-4102,Distance STARLINK-1021 - STARLINK-3595,Distance STARLINK-1021 - STARLINK-4426,Distance STARLINK-1021 - STARLINK-1046,Distance STARLINK-1021 - STARLINK-2428,Distance STARLINK-1021 - STARLINK-5564,Distance STARLINK-1021 - STARLINK-3396,Distance STARLINK-1021 - STARLINK-3998,Distance STARLINK-1021 - STARLINK-4366,Distance STARLINK-1021 - STARLINK-31192,Distance STARLINK-1021 - STARLINK-30768,Distance STARLINK-1021 - STARLINK-5211,Distance STARLINK-1021 - STARLINK-4347,Distance STARLINK-1021 - STARLINK-30322,Distance STARLINK-1021 - STARLINK-30387,Distance STARLINK-1021 - STARLINK-1187,Distance STARLINK-1021 - STARLINK-1498,Distance STARLINK-1021 - STARLINK-31629,Distance STARLINK-1021 - STARLINK-5774,Distance STARLINK-1021 - STARLINK-31707,Distance STARLINK-1021 - STARLINK-4478,Distance STARLINK-1021 - STARLINK-31913,Distance STARLINK-1021 - STARLINK-31580,Distance STARLINK-1021 - STARLINK-4189,Distance STARLINK-1021 - STARLINK-3334,Distance STARLINK-1021 - STARLINK-31765,Distance STARLINK-1021 - STARLINK-31070,Distance STARLINK-1021 - STARLINK-31043,Distance STARLINK-1021 - MoonARTEMIS1,Distance STARLINK-1021 - MoonARTEMIS2,Distance STARLINK-1021 - MoonIOAGEO,Distance STARLINK-1021 - MoonIOAGNO,Distance STARLINK-1021 - MoonIOAGNO 0001,Distance STARLINK-1021 - MoonIOAGSO,Distance STARLINK-1021 - MoonIOAGSO 0001,Distance STARLINK-1021 - MoonLRO,Distance STARLINK-1021 - MarsSat1,Distance STARLINK-1021 - MarsSat2,Distance STARLINK-1021 - MarsSat3,Distance STARLINK-1021 - MarsSat4,Distance STARLINK-31296 - STARLINK-2009,Distance STARLINK-31296 - STARLINK-31882,Distance STARLINK-31296 - STARLINK-5185,Distance STARLINK-31296 - STARLINK-3680,Distance STARLINK-31296 - STARLINK-2153,Distance STARLINK-31296 - STARLINK-11143 [DTC],Distance STARLINK-31296 - STARLINK-6151,Distance STARLINK-31296 - STARLINK-5922,Distance STARLINK-31296 - STARLINK-4564,Distance STARLINK-31296 - STARLINK-5848,Distance STARLINK-31296 - STARLINK-30808,Distance STARLINK-31296 - STARLINK-5567,Distance STARLINK-31296 - STARLINK-31292,Distance STARLINK-31296 - STARLINK-31438,Distance STARLINK-31296 - STARLINK-3199,Distance STARLINK-31296 - STARLINK-31725,Distance STARLINK-31296 - STARLINK-5856,Distance STARLINK-31296 - STARLINK-30378,Distance STARLINK-31296 - STARLINK-3078,Distance STARLINK-31296 - STARLINK-2442,Distance STARLINK-31296 - STARLINK-32017,Distance STARLINK-31296 - STARLINK-4515,Distance STARLINK-31296 - STARLINK-4610,Distance STARLINK-31296 - STARLINK-5784,Distance STARLINK-31296 - STARLINK-31368,Distance STARLINK-31296 - STARLINK-4042,Distance STARLINK-31296 - STARLINK-32166,Distance STARLINK-31296 - STARLINK-5833,Distance STARLINK-31296 - STARLINK-5330,Distance STARLINK-31296 - STARLINK-1601,Distance STARLINK-31296 - STARLINK-32088,Distance STARLINK-31296 - STARLINK-1557,Distance STARLINK-31296 - STARLINK-3542,Distance STARLINK-31296 - STARLINK-1954,Distance STARLINK-31296 - STARLINK-4005,Distance STARLINK-31296 - STARLINK-30426,Distance STARLINK-31296 - STARLINK-3584,Distance STARLINK-31296 - STARLINK-4333,Distance STARLINK-31296 - STARLINK-30101,Distance STARLINK-31296 - STARLINK-5492,Distance STARLINK-31296 - STARLINK-30544,Distance STARLINK-31296 - STARLINK-6289,Distance STARLINK-31296 - STARLINK-30919,Distance STARLINK-31296 - STARLINK-3802,Distance STARLINK-31296 - STARLINK-1331,Distance STARLINK-31296 - STARLINK-5326,Distance STARLINK-31296 - STARLINK-5169,Distance STARLINK-31296 - STARLINK-5025,Distance STARLINK-31296 - STARLINK-5750,Distance STARLINK-31296 - STARLINK-5381,Distance STARLINK-31296 - STARLINK-2661,Distance STARLINK-31296 - STARLINK-30804,Distance STARLINK-31296 - STARLINK-31007,Distance STARLINK-31296 - STARLINK-3682,Distance STARLINK-31296 - STARLINK-3346,Distance STARLINK-31296 - STARLINK-4780,Distance STARLINK-31296 - STARLINK-4102,Distance STARLINK-31296 - STARLINK-3595,Distance STARLINK-31296 - STARLINK-4426,Distance STARLINK-31296 - STARLINK-1046,Distance STARLINK-31296 - STARLINK-2428,Distance STARLINK-31296 - STARLINK-5564,Distance STARLINK-31296 - STARLINK-3396,Distance STARLINK-31296 - STARLINK-3998,Distance STARLINK-31296 - STARLINK-4366,Distance STARLINK-31296 - STARLINK-31192,Distance STARLINK-31296 - STARLINK-30768,Distance STARLINK-31296 - STARLINK-5211,Distance STARLINK-31296 - STARLINK-4347,Distance STARLINK-31296 - STARLINK-30322,Distance STARLINK-31296 - STARLINK-30387,Distance STARLINK-31296 - STARLINK-1187,Distance STARLINK-31296 - STARLINK-1498,Distance STARLINK-31296 - STARLINK-31629,Distance STARLINK-31296 - STARLINK-5774,Distance STARLINK-31296 - STARLINK-31707,Distance STARLINK-31296 - STARLINK-4478,Distance STARLINK-31296 - STARLINK-31913,Distance STARLINK-31296 - STARLINK-31580,Distance STARLINK-31296 - STARLINK-4189,Distance STARLINK-31296 - STARLINK-3334,Distance STARLINK-31296 - STARLINK-31765,Distance STARLINK-31296 - STARLINK-31070,Distance STARLINK-31296 - STARLINK-31043,Distance STARLINK-31296 - MoonARTEMIS1,Distance STARLINK-31296 - MoonARTEMIS2,Distance STARLINK-31296 - MoonIOAGEO,Distance STARLINK-31296 - MoonIOAGNO,Distance STARLINK-31296 - MoonIOAGNO 0001,Distance STARLINK-31296 - MoonIOAGSO,Distance STARLINK-31296 - MoonIOAGSO 0001,Distance STARLINK-31296 - MoonLRO,Distance STARLINK-31296 - MarsSat1,Distance STARLINK-31296 - MarsSat2,Distance STARLINK-31296 - MarsSat3,Distance STARLINK-31296 - MarsSat4,Distance STARLINK-2009 - STARLINK-31882,Distance STARLINK-2009 - STARLINK-5185,Distance STARLINK-2009 - STARLINK-3680,Distance STARLINK-2009 - STARLINK-2153,Distance STARLINK-2009 - STARLINK-11143 [DTC],Distance STARLINK-2009 - STARLINK-6151,Distance STARLINK-2009 - STARLINK-5922,Distance STARLINK-2009 - STARLINK-4564,Distance STARLINK-2009 - STARLINK-5848,Distance STARLINK-2009 - STARLINK-30808,Distance STARLINK-2009 - STARLINK-5567,Distance STARLINK-2009 - STARLINK-31292,Distance STARLINK-2009 - STARLINK-31438,Distance STARLINK-2009 - STARLINK-3199,Distance STARLINK-2009 - STARLINK-31725,Distance STARLINK-2009 - STARLINK-5856,Distance STARLINK-2009 - STARLINK-30378,Distance STARLINK-2009 - STARLINK-3078,Distance STARLINK-2009 - STARLINK-2442,Distance STARLINK-2009 - STARLINK-32017,Distance STARLINK-2009 - STARLINK-4515,Distance STARLINK-2009 - STARLINK-4610,Distance STARLINK-2009 - STARLINK-5784,Distance STARLINK-2009 - STARLINK-31368,Distance STARLINK-2009 - STARLINK-4042,Distance STARLINK-2009 - STARLINK-32166,Distance STARLINK-2009 - STARLINK-5833,Distance STARLINK-2009 - STARLINK-5330,Distance STARLINK-2009 - STARLINK-1601,Distance STARLINK-2009 - STARLINK-32088,Distance STARLINK-2009 - STARLINK-1557,Distance STARLINK-2009 - STARLINK-3542,Distance STARLINK-2009 - STARLINK-1954,Distance STARLINK-2009 - STARLINK-4005,Distance STARLINK-2009 - STARLINK-30426,Distance STARLINK-2009 - STARLINK-3584,Distance STARLINK-2009 - STARLINK-4333,Distance STARLINK-2009 - STARLINK-30101,Distance STARLINK-2009 - STARLINK-5492,Distance STARLINK-2009 - STARLINK-30544,Distance STARLINK-2009 - STARLINK-6289,Distance STARLINK-2009 - STARLINK-30919,Distance STARLINK-2009 - STARLINK-3802,Distance STARLINK-2009 - STARLINK-1331,Distance STARLINK-2009 - STARLINK-5326,Distance STARLINK-2009 - STARLINK-5169,Distance STARLINK-2009 - STARLINK-5025,Distance STARLINK-2009 - STARLINK-5750,Distance STARLINK-2009 - STARLINK-5381,Distance STARLINK-2009 - STARLINK-2661,Distance STARLINK-2009 - STARLINK-30804,Distance STARLINK-2009 - STARLINK-31007,Distance STARLINK-2009 - STARLINK-3682,Distance STARLINK-2009 - STARLINK-3346,Distance STARLINK-2009 - STARLINK-4780,Distance STARLINK-2009 - STARLINK-4102,Distance STARLINK-2009 - STARLINK-3595,Distance STARLINK-2009 - STARLINK-4426,Distance STARLINK-2009 - STARLINK-1046,Distance STARLINK-2009 - STARLINK-2428,Distance STARLINK-2009 - STARLINK-5564,Distance STARLINK-2009 - STARLINK-3396,Distance STARLINK-2009 - STARLINK-3998,Distance STARLINK-2009 - STARLINK-4366,Distance STARLINK-2009 - STARLINK-31192,Distance STARLINK-2009 - STARLINK-30768,Distance STARLINK-2009 - STARLINK-5211,Distance STARLINK-2009 - STARLINK-4347,Distance STARLINK-2009 - STARLINK-30322,Distance STARLINK-2009 - STARLINK-30387,Distance STARLINK-2009 - STARLINK-1187,Distance STARLINK-2009 - STARLINK-1498,Distance STARLINK-2009 - STARLINK-31629,Distance STARLINK-2009 - STARLINK-5774,Distance STARLINK-2009 - STARLINK-31707,Distance STARLINK-2009 - STARLINK-4478,Distance STARLINK-2009 - STARLINK-31913,Distance STARLINK-2009 - STARLINK-31580,Distance STARLINK-2009 - STARLINK-4189,Distance STARLINK-2009 - STARLINK-3334,Distance STARLINK-2009 - STARLINK-31765,Distance STARLINK-2009 - STARLINK-31070,Distance STARLINK-2009 - STARLINK-31043,Distance STARLINK-2009 - MoonARTEMIS1,Distance STARLINK-2009 - MoonARTEMIS2,Distance STARLINK-2009 - MoonIOAGEO,Distance STARLINK-2009 - MoonIOAGNO,Distance STARLINK-2009 - MoonIOAGNO 0001,Distance STARLINK-2009 - MoonIOAGSO,Distance STARLINK-2009 - MoonIOAGSO 0001,Distance STARLINK-2009 - MoonLRO,Distance STARLINK-2009 - MarsSat1,Distance STARLINK-2009 - MarsSat2,Distance STARLINK-2009 - MarsSat3,Distance STARLINK-2009 - MarsSat4,Distance STARLINK-31882 - STARLINK-5185,Distance STARLINK-31882 - STARLINK-3680,Distance STARLINK-31882 - STARLINK-2153,Distance STARLINK-31882 - STARLINK-11143 [DTC],Distance STARLINK-31882 - STARLINK-6151,Distance STARLINK-31882 - STARLINK-5922,Distance STARLINK-31882 - STARLINK-4564,Distance STARLINK-31882 - STARLINK-5848,Distance STARLINK-31882 - STARLINK-30808,Distance STARLINK-31882 - STARLINK-5567,Distance STARLINK-31882 - STARLINK-31292,Distance STARLINK-31882 - STARLINK-31438,Distance STARLINK-31882 - STARLINK-3199,Distance STARLINK-31882 - STARLINK-31725,Distance STARLINK-31882 - STARLINK-5856,Distance STARLINK-31882 - STARLINK-30378,Distance STARLINK-31882 - STARLINK-3078,Distance STARLINK-31882 - STARLINK-2442,Distance STARLINK-31882 - STARLINK-32017,Distance STARLINK-31882 - STARLINK-4515,Distance STARLINK-31882 - STARLINK-4610,Distance STARLINK-31882 - STARLINK-5784,Distance STARLINK-31882 - STARLINK-31368,Distance STARLINK-31882 - STARLINK-4042,Distance STARLINK-31882 - STARLINK-32166,Distance STARLINK-31882 - STARLINK-5833,Distance STARLINK-31882 - STARLINK-5330,Distance STARLINK-31882 - STARLINK-1601,Distance STARLINK-31882 - STARLINK-32088,Distance STARLINK-31882 - STARLINK-1557,Distance STARLINK-31882 - STARLINK-3542,Distance STARLINK-31882 - STARLINK-1954,Distance STARLINK-31882 - STARLINK-4005,Distance STARLINK-31882 - STARLINK-30426,Distance STARLINK-31882 - STARLINK-3584,Distance STARLINK-31882 - STARLINK-4333,Distance STARLINK-31882 - STARLINK-30101,Distance STARLINK-31882 - STARLINK-5492,Distance STARLINK-31882 - STARLINK-30544,Distance STARLINK-31882 - STARLINK-6289,Distance STARLINK-31882 - STARLINK-30919,Distance STARLINK-31882 - STARLINK-3802,Distance STARLINK-31882 - STARLINK-1331,Distance STARLINK-31882 - STARLINK-5326,Distance STARLINK-31882 - STARLINK-5169,Distance STARLINK-31882 - STARLINK-5025,Distance STARLINK-31882 - STARLINK-5750,Distance STARLINK-31882 - STARLINK-5381,Distance STARLINK-31882 - STARLINK-2661,Distance STARLINK-31882 - STARLINK-30804,Distance STARLINK-31882 - STARLINK-31007,Distance STARLINK-31882 - STARLINK-3682,Distance STARLINK-31882 - STARLINK-3346,Distance STARLINK-31882 - STARLINK-4780,Distance STARLINK-31882 - STARLINK-4102,Distance STARLINK-31882 - STARLINK-3595,Distance STARLINK-31882 - STARLINK-4426,Distance STARLINK-31882 - STARLINK-1046,Distance STARLINK-31882 - STARLINK-2428,Distance STARLINK-31882 - STARLINK-5564,Distance STARLINK-31882 - STARLINK-3396,Distance STARLINK-31882 - STARLINK-3998,Distance STARLINK-31882 - STARLINK-4366,Distance STARLINK-31882 - STARLINK-31192,Distance STARLINK-31882 - STARLINK-30768,Distance STARLINK-31882 - STARLINK-5211,Distance STARLINK-31882 - STARLINK-4347,Distance STARLINK-31882 - STARLINK-30322,Distance STARLINK-31882 - STARLINK-30387,Distance STARLINK-31882 - STARLINK-1187,Distance STARLINK-31882 - STARLINK-1498,Distance STARLINK-31882 - STARLINK-31629,Distance STARLINK-31882 - STARLINK-5774,Distance STARLINK-31882 - STARLINK-31707,Distance STARLINK-31882 - STARLINK-4478,Distance STARLINK-31882 - STARLINK-31913,Distance STARLINK-31882 - STARLINK-31580,Distance STARLINK-31882 - STARLINK-4189,Distance STARLINK-31882 - STARLINK-3334,Distance STARLINK-31882 - STARLINK-31765,Distance STARLINK-31882 - STARLINK-31070,Distance STARLINK-31882 - STARLINK-31043,Distance STARLINK-31882 - MoonARTEMIS1,Distance STARLINK-31882 - MoonARTEMIS2,Distance STARLINK-31882 - MoonIOAGEO,Distance STARLINK-31882 - MoonIOAGNO,Distance STARLINK-31882 - MoonIOAGNO 0001,Distance STARLINK-31882 - MoonIOAGSO,Distance STARLINK-31882 - MoonIOAGSO 0001,Distance STARLINK-31882 - MoonLRO,Distance STARLINK-31882 - MarsSat1,Distance STARLINK-31882 - MarsSat2,Distance STARLINK-31882 - MarsSat3,Distance STARLINK-31882 - MarsSat4,Distance STARLINK-5185 - STARLINK-3680,Distance STARLINK-5185 - STARLINK-2153,Distance STARLINK-5185 - STARLINK-11143 [DTC],Distance STARLINK-5185 - STARLINK-6151,Distance STARLINK-5185 - STARLINK-5922,Distance STARLINK-5185 - STARLINK-4564,Distance STARLINK-5185 - STARLINK-5848,Distance STARLINK-5185 - STARLINK-30808,Distance STARLINK-5185 - STARLINK-5567,Distance STARLINK-5185 - STARLINK-31292,Distance STARLINK-5185 - STARLINK-31438,Distance STARLINK-5185 - STARLINK-3199,Distance STARLINK-5185 - STARLINK-31725,Distance STARLINK-5185 - STARLINK-5856,Distance STARLINK-5185 - STARLINK-30378,Distance STARLINK-5185 - STARLINK-3078,Distance STARLINK-5185 - STARLINK-2442,Distance STARLINK-5185 - STARLINK-32017,Distance STARLINK-5185 - STARLINK-4515,Distance STARLINK-5185 - STARLINK-4610,Distance STARLINK-5185 - STARLINK-5784,Distance STARLINK-5185 - STARLINK-31368,Distance STARLINK-5185 - STARLINK-4042,Distance STARLINK-5185 - STARLINK-32166,Distance STARLINK-5185 - STARLINK-5833,Distance STARLINK-5185 - STARLINK-5330,Distance STARLINK-5185 - STARLINK-1601,Distance STARLINK-5185 - STARLINK-32088,Distance STARLINK-5185 - STARLINK-1557,Distance STARLINK-5185 - STARLINK-3542,Distance STARLINK-5185 - STARLINK-1954,Distance STARLINK-5185 - STARLINK-4005,Distance STARLINK-5185 - STARLINK-30426,Distance STARLINK-5185 - STARLINK-3584,Distance STARLINK-5185 - STARLINK-4333,Distance STARLINK-5185 - STARLINK-30101,Distance STARLINK-5185 - STARLINK-5492,Distance STARLINK-5185 - STARLINK-30544,Distance STARLINK-5185 - STARLINK-6289,Distance STARLINK-5185 - STARLINK-30919,Distance STARLINK-5185 - STARLINK-3802,Distance STARLINK-5185 - STARLINK-1331,Distance STARLINK-5185 - STARLINK-5326,Distance STARLINK-5185 - STARLINK-5169,Distance STARLINK-5185 - STARLINK-5025,Distance STARLINK-5185 - STARLINK-5750,Distance STARLINK-5185 - STARLINK-5381,Distance STARLINK-5185 - STARLINK-2661,Distance STARLINK-5185 - STARLINK-30804,Distance STARLINK-5185 - STARLINK-31007,Distance STARLINK-5185 - STARLINK-3682,Distance STARLINK-5185 - STARLINK-3346,Distance STARLINK-5185 - STARLINK-4780,Distance STARLINK-5185 - STARLINK-4102,Distance STARLINK-5185 - STARLINK-3595,Distance STARLINK-5185 - STARLINK-4426,Distance STARLINK-5185 - STARLINK-1046,Distance STARLINK-5185 - STARLINK-2428,Distance STARLINK-5185 - STARLINK-5564,Distance STARLINK-5185 - STARLINK-3396,Distance STARLINK-5185 - STARLINK-3998,Distance STARLINK-5185 - STARLINK-4366,Distance STARLINK-5185 - STARLINK-31192,Distance STARLINK-5185 - STARLINK-30768,Distance STARLINK-5185 - STARLINK-5211,Distance STARLINK-5185 - STARLINK-4347,Distance STARLINK-5185 - STARLINK-30322,Distance STARLINK-5185 - STARLINK-30387,Distance STARLINK-5185 - STARLINK-1187,Distance STARLINK-5185 - STARLINK-1498,Distance STARLINK-5185 - STARLINK-31629,Distance STARLINK-5185 - STARLINK-5774,Distance STARLINK-5185 - STARLINK-31707,Distance STARLINK-5185 - STARLINK-4478,Distance STARLINK-5185 - STARLINK-31913,Distance STARLINK-5185 - STARLINK-31580,Distance STARLINK-5185 - STARLINK-4189,Distance STARLINK-5185 - STARLINK-3334,Distance STARLINK-5185 - STARLINK-31765,Distance STARLINK-5185 - STARLINK-31070,Distance STARLINK-5185 - STARLINK-31043,Distance STARLINK-5185 - MoonARTEMIS1,Distance STARLINK-5185 - MoonARTEMIS2,Distance STARLINK-5185 - MoonIOAGEO,Distance STARLINK-5185 - MoonIOAGNO,Distance STARLINK-5185 - MoonIOAGNO 0001,Distance STARLINK-5185 - MoonIOAGSO,Distance STARLINK-5185 - MoonIOAGSO 0001,Distance STARLINK-5185 - MoonLRO,Distance STARLINK-5185 - MarsSat1,Distance STARLINK-5185 - MarsSat2,Distance STARLINK-5185 - MarsSat3,Distance STARLINK-5185 - MarsSat4,Distance STARLINK-3680 - STARLINK-2153,Distance STARLINK-3680 - STARLINK-11143 [DTC],Distance STARLINK-3680 - STARLINK-6151,Distance STARLINK-3680 - STARLINK-5922,Distance STARLINK-3680 - STARLINK-4564,Distance STARLINK-3680 - STARLINK-5848,Distance STARLINK-3680 - STARLINK-30808,Distance STARLINK-3680 - STARLINK-5567,Distance STARLINK-3680 - STARLINK-31292,Distance STARLINK-3680 - STARLINK-31438,Distance STARLINK-3680 - STARLINK-3199,Distance STARLINK-3680 - STARLINK-31725,Distance STARLINK-3680 - STARLINK-5856,Distance STARLINK-3680 - STARLINK-30378,Distance STARLINK-3680 - STARLINK-3078,Distance STARLINK-3680 - STARLINK-2442,Distance STARLINK-3680 - STARLINK-32017,Distance STARLINK-3680 - STARLINK-4515,Distance STARLINK-3680 - STARLINK-4610,Distance STARLINK-3680 - STARLINK-5784,Distance STARLINK-3680 - STARLINK-31368,Distance STARLINK-3680 - STARLINK-4042,Distance STARLINK-3680 - STARLINK-32166,Distance STARLINK-3680 - STARLINK-5833,Distance STARLINK-3680 - STARLINK-5330,Distance STARLINK-3680 - STARLINK-1601,Distance STARLINK-3680 - STARLINK-32088,Distance STARLINK-3680 - STARLINK-1557,Distance STARLINK-3680 - STARLINK-3542,Distance STARLINK-3680 - STARLINK-1954,Distance STARLINK-3680 - STARLINK-4005,Distance STARLINK-3680 - STARLINK-30426,Distance STARLINK-3680 - STARLINK-3584,Distance STARLINK-3680 - STARLINK-4333,Distance STARLINK-3680 - STARLINK-30101,Distance STARLINK-3680 - STARLINK-5492,Distance STARLINK-3680 - STARLINK-30544,Distance STARLINK-3680 - STARLINK-6289,Distance STARLINK-3680 - STARLINK-30919,Distance STARLINK-3680 - STARLINK-3802,Distance STARLINK-3680 - STARLINK-1331,Distance STARLINK-3680 - STARLINK-5326,Distance STARLINK-3680 - STARLINK-5169,Distance STARLINK-3680 - STARLINK-5025,Distance STARLINK-3680 - STARLINK-5750,Distance STARLINK-3680 - STARLINK-5381,Distance STARLINK-3680 - STARLINK-2661,Distance STARLINK-3680 - STARLINK-30804,Distance STARLINK-3680 - STARLINK-31007,Distance STARLINK-3680 - STARLINK-3682,Distance STARLINK-3680 - STARLINK-3346,Distance STARLINK-3680 - STARLINK-4780,Distance STARLINK-3680 - STARLINK-4102,Distance STARLINK-3680 - STARLINK-3595,Distance STARLINK-3680 - STARLINK-4426,Distance STARLINK-3680 - STARLINK-1046,Distance STARLINK-3680 - STARLINK-2428,Distance STARLINK-3680 - STARLINK-5564,Distance STARLINK-3680 - STARLINK-3396,Distance STARLINK-3680 - STARLINK-3998,Distance STARLINK-3680 - STARLINK-4366,Distance STARLINK-3680 - STARLINK-31192,Distance STARLINK-3680 - STARLINK-30768,Distance STARLINK-3680 - STARLINK-5211,Distance STARLINK-3680 - STARLINK-4347,Distance STARLINK-3680 - STARLINK-30322,Distance STARLINK-3680 - STARLINK-30387,Distance STARLINK-3680 - STARLINK-1187,Distance STARLINK-3680 - STARLINK-1498,Distance STARLINK-3680 - STARLINK-31629,Distance STARLINK-3680 - STARLINK-5774,Distance STARLINK-3680 - STARLINK-31707,Distance STARLINK-3680 - STARLINK-4478,Distance STARLINK-3680 - STARLINK-31913,Distance STARLINK-3680 - STARLINK-31580,Distance STARLINK-3680 - STARLINK-4189,Distance STARLINK-3680 - STARLINK-3334,Distance STARLINK-3680 - STARLINK-31765,Distance STARLINK-3680 - STARLINK-31070,Distance STARLINK-3680 - STARLINK-31043,Distance STARLINK-3680 - MoonARTEMIS1,Distance STARLINK-3680 - MoonARTEMIS2,Distance STARLINK-3680 - MoonIOAGEO,Distance STARLINK-3680 - MoonIOAGNO,Distance STARLINK-3680 - MoonIOAGNO 0001,Distance STARLINK-3680 - MoonIOAGSO,Distance STARLINK-3680 - MoonIOAGSO 0001,Distance STARLINK-3680 - MoonLRO,Distance STARLINK-3680 - MarsSat1,Distance STARLINK-3680 - MarsSat2,Distance STARLINK-3680 - MarsSat3,Distance STARLINK-3680 - MarsSat4,Distance STARLINK-2153 - STARLINK-11143 [DTC],Distance STARLINK-2153 - STARLINK-6151,Distance STARLINK-2153 - STARLINK-5922,Distance STARLINK-2153 - STARLINK-4564,Distance STARLINK-2153 - STARLINK-5848,Distance STARLINK-2153 - STARLINK-30808,Distance STARLINK-2153 - STARLINK-5567,Distance STARLINK-2153 - STARLINK-31292,Distance STARLINK-2153 - STARLINK-31438,Distance STARLINK-2153 - STARLINK-3199,Distance STARLINK-2153 - STARLINK-31725,Distance STARLINK-2153 - STARLINK-5856,Distance STARLINK-2153 - STARLINK-30378,Distance STARLINK-2153 - STARLINK-3078,Distance STARLINK-2153 - STARLINK-2442,Distance STARLINK-2153 - STARLINK-32017,Distance STARLINK-2153 - STARLINK-4515,Distance STARLINK-2153 - STARLINK-4610,Distance STARLINK-2153 - STARLINK-5784,Distance STARLINK-2153 - STARLINK-31368,Distance STARLINK-2153 - STARLINK-4042,Distance STARLINK-2153 - STARLINK-32166,Distance STARLINK-2153 - STARLINK-5833,Distance STARLINK-2153 - STARLINK-5330,Distance STARLINK-2153 - STARLINK-1601,Distance STARLINK-2153 - STARLINK-32088,Distance STARLINK-2153 - STARLINK-1557,Distance STARLINK-2153 - STARLINK-3542,Distance STARLINK-2153 - STARLINK-1954,Distance STARLINK-2153 - STARLINK-4005,Distance STARLINK-2153 - STARLINK-30426,Distance STARLINK-2153 - STARLINK-3584,Distance STARLINK-2153 - STARLINK-4333,Distance STARLINK-2153 - STARLINK-30101,Distance STARLINK-2153 - STARLINK-5492,Distance STARLINK-2153 - STARLINK-30544,Distance STARLINK-2153 - STARLINK-6289,Distance STARLINK-2153 - STARLINK-30919,Distance STARLINK-2153 - STARLINK-3802,Distance STARLINK-2153 - STARLINK-1331,Distance STARLINK-2153 - STARLINK-5326,Distance STARLINK-2153 - STARLINK-5169,Distance STARLINK-2153 - STARLINK-5025,Distance STARLINK-2153 - STARLINK-5750,Distance STARLINK-2153 - STARLINK-5381,Distance STARLINK-2153 - STARLINK-2661,Distance STARLINK-2153 - STARLINK-30804,Distance STARLINK-2153 - STARLINK-31007,Distance STARLINK-2153 - STARLINK-3682,Distance STARLINK-2153 - STARLINK-3346,Distance STARLINK-2153 - STARLINK-4780,Distance STARLINK-2153 - STARLINK-4102,Distance STARLINK-2153 - STARLINK-3595,Distance STARLINK-2153 - STARLINK-4426,Distance STARLINK-2153 - STARLINK-1046,Distance STARLINK-2153 - STARLINK-2428,Distance STARLINK-2153 - STARLINK-5564,Distance STARLINK-2153 - STARLINK-3396,Distance STARLINK-2153 - STARLINK-3998,Distance STARLINK-2153 - STARLINK-4366,Distance STARLINK-2153 - STARLINK-31192,Distance STARLINK-2153 - STARLINK-30768,Distance STARLINK-2153 - STARLINK-5211,Distance STARLINK-2153 - STARLINK-4347,Distance STARLINK-2153 - STARLINK-30322,Distance STARLINK-2153 - STARLINK-30387,Distance STARLINK-2153 - STARLINK-1187,Distance STARLINK-2153 - STARLINK-1498,Distance STARLINK-2153 - STARLINK-31629,Distance STARLINK-2153 - STARLINK-5774,Distance STARLINK-2153 - STARLINK-31707,Distance STARLINK-2153 - STARLINK-4478,Distance STARLINK-2153 - STARLINK-31913,Distance STARLINK-2153 - STARLINK-31580,Distance STARLINK-2153 - STARLINK-4189,Distance STARLINK-2153 - STARLINK-3334,Distance STARLINK-2153 - STARLINK-31765,Distance STARLINK-2153 - STARLINK-31070,Distance STARLINK-2153 - STARLINK-31043,Distance STARLINK-2153 - MoonARTEMIS1,Distance STARLINK-2153 - MoonARTEMIS2,Distance STARLINK-2153 - MoonIOAGEO,Distance STARLINK-2153 - MoonIOAGNO,Distance STARLINK-2153 - MoonIOAGNO 0001,Distance STARLINK-2153 - MoonIOAGSO,Distance STARLINK-2153 - MoonIOAGSO 0001,Distance STARLINK-2153 - MoonLRO,Distance STARLINK-2153 - MarsSat1,Distance STARLINK-2153 - MarsSat2,Distance STARLINK-2153 - MarsSat3,Distance STARLINK-2153 - MarsSat4,Distance STARLINK-11143 [DTC] - STARLINK-6151,Distance STARLINK-11143 [DTC] - STARLINK-5922,Distance STARLINK-11143 [DTC] - STARLINK-4564,Distance STARLINK-11143 [DTC] - STARLINK-5848,Distance STARLINK-11143 [DTC] - STARLINK-30808,Distance STARLINK-11143 [DTC] - STARLINK-5567,Distance STARLINK-11143 [DTC] - STARLINK-31292,Distance STARLINK-11143 [DTC] - STARLINK-31438,Distance STARLINK-11143 [DTC] - STARLINK-3199,Distance STARLINK-11143 [DTC] - STARLINK-31725,Distance STARLINK-11143 [DTC] - STARLINK-5856,Distance STARLINK-11143 [DTC] - STARLINK-30378,Distance STARLINK-11143 [DTC] - STARLINK-3078,Distance STARLINK-11143 [DTC] - STARLINK-2442,Distance STARLINK-11143 [DTC] - STARLINK-32017,Distance STARLINK-11143 [DTC] - STARLINK-4515,Distance STARLINK-11143 [DTC] - STARLINK-4610,Distance STARLINK-11143 [DTC] - STARLINK-5784,Distance STARLINK-11143 [DTC] - STARLINK-31368,Distance STARLINK-11143 [DTC] - STARLINK-4042,Distance STARLINK-11143 [DTC] - STARLINK-32166,Distance STARLINK-11143 [DTC] - STARLINK-5833,Distance STARLINK-11143 [DTC] - STARLINK-5330,Distance STARLINK-11143 [DTC] - STARLINK-1601,Distance STARLINK-11143 [DTC] - STARLINK-32088,Distance STARLINK-11143 [DTC] - STARLINK-1557,Distance STARLINK-11143 [DTC] - STARLINK-3542,Distance STARLINK-11143 [DTC] - STARLINK-1954,Distance STARLINK-11143 [DTC] - STARLINK-4005,Distance STARLINK-11143 [DTC] - STARLINK-30426,Distance STARLINK-11143 [DTC] - STARLINK-3584,Distance STARLINK-11143 [DTC] - STARLINK-4333,Distance STARLINK-11143 [DTC] - STARLINK-30101,Distance STARLINK-11143 [DTC] - STARLINK-5492,Distance STARLINK-11143 [DTC] - STARLINK-30544,Distance STARLINK-11143 [DTC] - STARLINK-6289,Distance STARLINK-11143 [DTC] - STARLINK-30919,Distance STARLINK-11143 [DTC] - STARLINK-3802,Distance STARLINK-11143 [DTC] - STARLINK-1331,Distance STARLINK-11143 [DTC] - STARLINK-5326,Distance STARLINK-11143 [DTC] - STARLINK-5169,Distance STARLINK-11143 [DTC] - STARLINK-5025,Distance STARLINK-11143 [DTC] - STARLINK-5750,Distance STARLINK-11143 [DTC] - STARLINK-5381,Distance STARLINK-11143 [DTC] - STARLINK-2661,Distance STARLINK-11143 [DTC] - STARLINK-30804,Distance STARLINK-11143 [DTC] - STARLINK-31007,Distance STARLINK-11143 [DTC] - STARLINK-3682,Distance STARLINK-11143 [DTC] - STARLINK-3346,Distance STARLINK-11143 [DTC] - STARLINK-4780,Distance STARLINK-11143 [DTC] - STARLINK-4102,Distance STARLINK-11143 [DTC] - STARLINK-3595,Distance STARLINK-11143 [DTC] - STARLINK-4426,Distance STARLINK-11143 [DTC] - STARLINK-1046,Distance STARLINK-11143 [DTC] - STARLINK-2428,Distance STARLINK-11143 [DTC] - STARLINK-5564,Distance STARLINK-11143 [DTC] - STARLINK-3396,Distance STARLINK-11143 [DTC] - STARLINK-3998,Distance STARLINK-11143 [DTC] - STARLINK-4366,Distance STARLINK-11143 [DTC] - STARLINK-31192,Distance STARLINK-11143 [DTC] - STARLINK-30768,Distance STARLINK-11143 [DTC] - STARLINK-5211,Distance STARLINK-11143 [DTC] - STARLINK-4347,Distance STARLINK-11143 [DTC] - STARLINK-30322,Distance STARLINK-11143 [DTC] - STARLINK-30387,Distance STARLINK-11143 [DTC] - STARLINK-1187,Distance STARLINK-11143 [DTC] - STARLINK-1498,Distance STARLINK-11143 [DTC] - STARLINK-31629,Distance STARLINK-11143 [DTC] - STARLINK-5774,Distance STARLINK-11143 [DTC] - STARLINK-31707,Distance STARLINK-11143 [DTC] - STARLINK-4478,Distance STARLINK-11143 [DTC] - STARLINK-31913,Distance STARLINK-11143 [DTC] - STARLINK-31580,Distance STARLINK-11143 [DTC] - STARLINK-4189,Distance STARLINK-11143 [DTC] - STARLINK-3334,Distance STARLINK-11143 [DTC] - STARLINK-31765,Distance STARLINK-11143 [DTC] - STARLINK-31070,Distance STARLINK-11143 [DTC] - STARLINK-31043,Distance STARLINK-11143 [DTC] - MoonARTEMIS1,Distance STARLINK-11143 [DTC] - MoonARTEMIS2,Distance STARLINK-11143 [DTC] - MoonIOAGEO,Distance STARLINK-11143 [DTC] - MoonIOAGNO,Distance STARLINK-11143 [DTC] - MoonIOAGNO 0001,Distance STARLINK-11143 [DTC] - MoonIOAGSO,Distance STARLINK-11143 [DTC] - MoonIOAGSO 0001,Distance STARLINK-11143 [DTC] - MoonLRO,Distance STARLINK-11143 [DTC] - MarsSat1,Distance STARLINK-11143 [DTC] - MarsSat2,Distance STARLINK-11143 [DTC] - MarsSat3,Distance STARLINK-11143 [DTC] - MarsSat4,Distance STARLINK-6151 - STARLINK-5922,Distance STARLINK-6151 - STARLINK-4564,Distance STARLINK-6151 - STARLINK-5848,Distance STARLINK-6151 - STARLINK-30808,Distance STARLINK-6151 - STARLINK-5567,Distance STARLINK-6151 - STARLINK-31292,Distance STARLINK-6151 - STARLINK-31438,Distance STARLINK-6151 - STARLINK-3199,Distance STARLINK-6151 - STARLINK-31725,Distance STARLINK-6151 - STARLINK-5856,Distance STARLINK-6151 - STARLINK-30378,Distance STARLINK-6151 - STARLINK-3078,Distance STARLINK-6151 - STARLINK-2442,Distance STARLINK-6151 - STARLINK-32017,Distance STARLINK-6151 - STARLINK-4515,Distance STARLINK-6151 - STARLINK-4610,Distance STARLINK-6151 - STARLINK-5784,Distance STARLINK-6151 - STARLINK-31368,Distance STARLINK-6151 - STARLINK-4042,Distance STARLINK-6151 - STARLINK-32166,Distance STARLINK-6151 - STARLINK-5833,Distance STARLINK-6151 - STARLINK-5330,Distance STARLINK-6151 - STARLINK-1601,Distance STARLINK-6151 - STARLINK-32088,Distance STARLINK-6151 - STARLINK-1557,Distance STARLINK-6151 - STARLINK-3542,Distance STARLINK-6151 - STARLINK-1954,Distance STARLINK-6151 - STARLINK-4005,Distance STARLINK-6151 - STARLINK-30426,Distance STARLINK-6151 - STARLINK-3584,Distance STARLINK-6151 - STARLINK-4333,Distance STARLINK-6151 - STARLINK-30101,Distance STARLINK-6151 - STARLINK-5492,Distance STARLINK-6151 - STARLINK-30544,Distance STARLINK-6151 - STARLINK-6289,Distance STARLINK-6151 - STARLINK-30919,Distance STARLINK-6151 - STARLINK-3802,Distance STARLINK-6151 - STARLINK-1331,Distance STARLINK-6151 - STARLINK-5326,Distance STARLINK-6151 - STARLINK-5169,Distance STARLINK-6151 - STARLINK-5025,Distance STARLINK-6151 - STARLINK-5750,Distance STARLINK-6151 - STARLINK-5381,Distance STARLINK-6151 - STARLINK-2661,Distance STARLINK-6151 - STARLINK-30804,Distance STARLINK-6151 - STARLINK-31007,Distance STARLINK-6151 - STARLINK-3682,Distance STARLINK-6151 - STARLINK-3346,Distance STARLINK-6151 - STARLINK-4780,Distance STARLINK-6151 - STARLINK-4102,Distance STARLINK-6151 - STARLINK-3595,Distance STARLINK-6151 - STARLINK-4426,Distance STARLINK-6151 - STARLINK-1046,Distance STARLINK-6151 - STARLINK-2428,Distance STARLINK-6151 - STARLINK-5564,Distance STARLINK-6151 - STARLINK-3396,Distance STARLINK-6151 - STARLINK-3998,Distance STARLINK-6151 - STARLINK-4366,Distance STARLINK-6151 - STARLINK-31192,Distance STARLINK-6151 - STARLINK-30768,Distance STARLINK-6151 - STARLINK-5211,Distance STARLINK-6151 - STARLINK-4347,Distance STARLINK-6151 - STARLINK-30322,Distance STARLINK-6151 - STARLINK-30387,Distance STARLINK-6151 - STARLINK-1187,Distance STARLINK-6151 - STARLINK-1498,Distance STARLINK-6151 - STARLINK-31629,Distance STARLINK-6151 - STARLINK-5774,Distance STARLINK-6151 - STARLINK-31707,Distance STARLINK-6151 - STARLINK-4478,Distance STARLINK-6151 - STARLINK-31913,Distance STARLINK-6151 - STARLINK-31580,Distance STARLINK-6151 - STARLINK-4189,Distance STARLINK-6151 - STARLINK-3334,Distance STARLINK-6151 - STARLINK-31765,Distance STARLINK-6151 - STARLINK-31070,Distance STARLINK-6151 - STARLINK-31043,Distance STARLINK-6151 - MoonARTEMIS1,Distance STARLINK-6151 - MoonARTEMIS2,Distance STARLINK-6151 - MoonIOAGEO,Distance STARLINK-6151 - MoonIOAGNO,Distance STARLINK-6151 - MoonIOAGNO 0001,Distance STARLINK-6151 - MoonIOAGSO,Distance STARLINK-6151 - MoonIOAGSO 0001,Distance STARLINK-6151 - MoonLRO,Distance STARLINK-6151 - MarsSat1,Distance STARLINK-6151 - MarsSat2,Distance STARLINK-6151 - MarsSat3,Distance STARLINK-6151 - MarsSat4,Distance STARLINK-5922 - STARLINK-4564,Distance STARLINK-5922 - STARLINK-5848,Distance STARLINK-5922 - STARLINK-30808,Distance STARLINK-5922 - STARLINK-5567,Distance STARLINK-5922 - STARLINK-31292,Distance STARLINK-5922 - STARLINK-31438,Distance STARLINK-5922 - STARLINK-3199,Distance STARLINK-5922 - STARLINK-31725,Distance STARLINK-5922 - STARLINK-5856,Distance STARLINK-5922 - STARLINK-30378,Distance STARLINK-5922 - STARLINK-3078,Distance STARLINK-5922 - STARLINK-2442,Distance STARLINK-5922 - STARLINK-32017,Distance STARLINK-5922 - STARLINK-4515,Distance STARLINK-5922 - STARLINK-4610,Distance STARLINK-5922 - STARLINK-5784,Distance STARLINK-5922 - STARLINK-31368,Distance STARLINK-5922 - STARLINK-4042,Distance STARLINK-5922 - STARLINK-32166,Distance STARLINK-5922 - STARLINK-5833,Distance STARLINK-5922 - STARLINK-5330,Distance STARLINK-5922 - STARLINK-1601,Distance STARLINK-5922 - STARLINK-32088,Distance STARLINK-5922 - STARLINK-1557,Distance STARLINK-5922 - STARLINK-3542,Distance STARLINK-5922 - STARLINK-1954,Distance STARLINK-5922 - STARLINK-4005,Distance STARLINK-5922 - STARLINK-30426,Distance STARLINK-5922 - STARLINK-3584,Distance STARLINK-5922 - STARLINK-4333,Distance STARLINK-5922 - STARLINK-30101,Distance STARLINK-5922 - STARLINK-5492,Distance STARLINK-5922 - STARLINK-30544,Distance STARLINK-5922 - STARLINK-6289,Distance STARLINK-5922 - STARLINK-30919,Distance STARLINK-5922 - STARLINK-3802,Distance STARLINK-5922 - STARLINK-1331,Distance STARLINK-5922 - STARLINK-5326,Distance STARLINK-5922 - STARLINK-5169,Distance STARLINK-5922 - STARLINK-5025,Distance STARLINK-5922 - STARLINK-5750,Distance STARLINK-5922 - STARLINK-5381,Distance STARLINK-5922 - STARLINK-2661,Distance STARLINK-5922 - STARLINK-30804,Distance STARLINK-5922 - STARLINK-31007,Distance STARLINK-5922 - STARLINK-3682,Distance STARLINK-5922 - STARLINK-3346,Distance STARLINK-5922 - STARLINK-4780,Distance STARLINK-5922 - STARLINK-4102,Distance STARLINK-5922 - STARLINK-3595,Distance STARLINK-5922 - STARLINK-4426,Distance STARLINK-5922 - STARLINK-1046,Distance STARLINK-5922 - STARLINK-2428,Distance STARLINK-5922 - STARLINK-5564,Distance STARLINK-5922 - STARLINK-3396,Distance STARLINK-5922 - STARLINK-3998,Distance STARLINK-5922 - STARLINK-4366,Distance STARLINK-5922 - STARLINK-31192,Distance STARLINK-5922 - STARLINK-30768,Distance STARLINK-5922 - STARLINK-5211,Distance STARLINK-5922 - STARLINK-4347,Distance STARLINK-5922 - STARLINK-30322,Distance STARLINK-5922 - STARLINK-30387,Distance STARLINK-5922 - STARLINK-1187,Distance STARLINK-5922 - STARLINK-1498,Distance STARLINK-5922 - STARLINK-31629,Distance STARLINK-5922 - STARLINK-5774,Distance STARLINK-5922 - STARLINK-31707,Distance STARLINK-5922 - STARLINK-4478,Distance STARLINK-5922 - STARLINK-31913,Distance STARLINK-5922 - STARLINK-31580,Distance STARLINK-5922 - STARLINK-4189,Distance STARLINK-5922 - STARLINK-3334,Distance STARLINK-5922 - STARLINK-31765,Distance STARLINK-5922 - STARLINK-31070,Distance STARLINK-5922 - STARLINK-31043,Distance STARLINK-5922 - MoonARTEMIS1,Distance STARLINK-5922 - MoonARTEMIS2,Distance STARLINK-5922 - MoonIOAGEO,Distance STARLINK-5922 - MoonIOAGNO,Distance STARLINK-5922 - MoonIOAGNO 0001,Distance STARLINK-5922 - MoonIOAGSO,Distance STARLINK-5922 - MoonIOAGSO 0001,Distance STARLINK-5922 - MoonLRO,Distance STARLINK-5922 - MarsSat1,Distance STARLINK-5922 - MarsSat2,Distance STARLINK-5922 - MarsSat3,Distance STARLINK-5922 - MarsSat4,Distance STARLINK-4564 - STARLINK-5848,Distance STARLINK-4564 - STARLINK-30808,Distance STARLINK-4564 - STARLINK-5567,Distance STARLINK-4564 - STARLINK-31292,Distance STARLINK-4564 - STARLINK-31438,Distance STARLINK-4564 - STARLINK-3199,Distance STARLINK-4564 - STARLINK-31725,Distance STARLINK-4564 - STARLINK-5856,Distance STARLINK-4564 - STARLINK-30378,Distance STARLINK-4564 - STARLINK-3078,Distance STARLINK-4564 - STARLINK-2442,Distance STARLINK-4564 - STARLINK-32017,Distance STARLINK-4564 - STARLINK-4515,Distance STARLINK-4564 - STARLINK-4610,Distance STARLINK-4564 - STARLINK-5784,Distance STARLINK-4564 - STARLINK-31368,Distance STARLINK-4564 - STARLINK-4042,Distance STARLINK-4564 - STARLINK-32166,Distance STARLINK-4564 - STARLINK-5833,Distance STARLINK-4564 - STARLINK-5330,Distance STARLINK-4564 - STARLINK-1601,Distance STARLINK-4564 - STARLINK-32088,Distance STARLINK-4564 - STARLINK-1557,Distance STARLINK-4564 - STARLINK-3542,Distance STARLINK-4564 - STARLINK-1954,Distance STARLINK-4564 - STARLINK-4005,Distance STARLINK-4564 - STARLINK-30426,Distance STARLINK-4564 - STARLINK-3584,Distance STARLINK-4564 - STARLINK-4333,Distance STARLINK-4564 - STARLINK-30101,Distance STARLINK-4564 - STARLINK-5492,Distance STARLINK-4564 - STARLINK-30544,Distance STARLINK-4564 - STARLINK-6289,Distance STARLINK-4564 - STARLINK-30919,Distance STARLINK-4564 - STARLINK-3802,Distance STARLINK-4564 - STARLINK-1331,Distance STARLINK-4564 - STARLINK-5326,Distance STARLINK-4564 - STARLINK-5169,Distance STARLINK-4564 - STARLINK-5025,Distance STARLINK-4564 - STARLINK-5750,Distance STARLINK-4564 - STARLINK-5381,Distance STARLINK-4564 - STARLINK-2661,Distance STARLINK-4564 - STARLINK-30804,Distance STARLINK-4564 - STARLINK-31007,Distance STARLINK-4564 - STARLINK-3682,Distance STARLINK-4564 - STARLINK-3346,Distance STARLINK-4564 - STARLINK-4780,Distance STARLINK-4564 - STARLINK-4102,Distance STARLINK-4564 - STARLINK-3595,Distance STARLINK-4564 - STARLINK-4426,Distance STARLINK-4564 - STARLINK-1046,Distance STARLINK-4564 - STARLINK-2428,Distance STARLINK-4564 - STARLINK-5564,Distance STARLINK-4564 - STARLINK-3396,Distance STARLINK-4564 - STARLINK-3998,Distance STARLINK-4564 - STARLINK-4366,Distance STARLINK-4564 - STARLINK-31192,Distance STARLINK-4564 - STARLINK-30768,Distance STARLINK-4564 - STARLINK-5211,Distance STARLINK-4564 - STARLINK-4347,Distance STARLINK-4564 - STARLINK-30322,Distance STARLINK-4564 - STARLINK-30387,Distance STARLINK-4564 - STARLINK-1187,Distance STARLINK-4564 - STARLINK-1498,Distance STARLINK-4564 - STARLINK-31629,Distance STARLINK-4564 - STARLINK-5774,Distance STARLINK-4564 - STARLINK-31707,Distance STARLINK-4564 - STARLINK-4478,Distance STARLINK-4564 - STARLINK-31913,Distance STARLINK-4564 - STARLINK-31580,Distance STARLINK-4564 - STARLINK-4189,Distance STARLINK-4564 - STARLINK-3334,Distance STARLINK-4564 - STARLINK-31765,Distance STARLINK-4564 - STARLINK-31070,Distance STARLINK-4564 - STARLINK-31043,Distance STARLINK-4564 - MoonARTEMIS1,Distance STARLINK-4564 - MoonARTEMIS2,Distance STARLINK-4564 - MoonIOAGEO,Distance STARLINK-4564 - MoonIOAGNO,Distance STARLINK-4564 - MoonIOAGNO 0001,Distance STARLINK-4564 - MoonIOAGSO,Distance STARLINK-4564 - MoonIOAGSO 0001,Distance STARLINK-4564 - MoonLRO,Distance STARLINK-4564 - MarsSat1,Distance STARLINK-4564 - MarsSat2,Distance STARLINK-4564 - MarsSat3,Distance STARLINK-4564 - MarsSat4,Distance STARLINK-5848 - STARLINK-30808,Distance STARLINK-5848 - STARLINK-5567,Distance STARLINK-5848 - STARLINK-31292,Distance STARLINK-5848 - STARLINK-31438,Distance STARLINK-5848 - STARLINK-3199,Distance STARLINK-5848 - STARLINK-31725,Distance STARLINK-5848 - STARLINK-5856,Distance STARLINK-5848 - STARLINK-30378,Distance STARLINK-5848 - STARLINK-3078,Distance STARLINK-5848 - STARLINK-2442,Distance STARLINK-5848 - STARLINK-32017,Distance STARLINK-5848 - STARLINK-4515,Distance STARLINK-5848 - STARLINK-4610,Distance STARLINK-5848 - STARLINK-5784,Distance STARLINK-5848 - STARLINK-31368,Distance STARLINK-5848 - STARLINK-4042,Distance STARLINK-5848 - STARLINK-32166,Distance STARLINK-5848 - STARLINK-5833,Distance STARLINK-5848 - STARLINK-5330,Distance STARLINK-5848 - STARLINK-1601,Distance STARLINK-5848 - STARLINK-32088,Distance STARLINK-5848 - STARLINK-1557,Distance STARLINK-5848 - STARLINK-3542,Distance STARLINK-5848 - STARLINK-1954,Distance STARLINK-5848 - STARLINK-4005,Distance STARLINK-5848 - STARLINK-30426,Distance STARLINK-5848 - STARLINK-3584,Distance STARLINK-5848 - STARLINK-4333,Distance STARLINK-5848 - STARLINK-30101,Distance STARLINK-5848 - STARLINK-5492,Distance STARLINK-5848 - STARLINK-30544,Distance STARLINK-5848 - STARLINK-6289,Distance STARLINK-5848 - STARLINK-30919,Distance STARLINK-5848 - STARLINK-3802,Distance STARLINK-5848 - STARLINK-1331,Distance STARLINK-5848 - STARLINK-5326,Distance STARLINK-5848 - STARLINK-5169,Distance STARLINK-5848 - STARLINK-5025,Distance STARLINK-5848 - STARLINK-5750,Distance STARLINK-5848 - STARLINK-5381,Distance STARLINK-5848 - STARLINK-2661,Distance STARLINK-5848 - STARLINK-30804,Distance STARLINK-5848 - STARLINK-31007,Distance STARLINK-5848 - STARLINK-3682,Distance STARLINK-5848 - STARLINK-3346,Distance STARLINK-5848 - STARLINK-4780,Distance STARLINK-5848 - STARLINK-4102,Distance STARLINK-5848 - STARLINK-3595,Distance STARLINK-5848 - STARLINK-4426,Distance STARLINK-5848 - STARLINK-1046,Distance STARLINK-5848 - STARLINK-2428,Distance STARLINK-5848 - STARLINK-5564,Distance STARLINK-5848 - STARLINK-3396,Distance STARLINK-5848 - STARLINK-3998,Distance STARLINK-5848 - STARLINK-4366,Distance STARLINK-5848 - STARLINK-31192,Distance STARLINK-5848 - STARLINK-30768,Distance STARLINK-5848 - STARLINK-5211,Distance STARLINK-5848 - STARLINK-4347,Distance STARLINK-5848 - STARLINK-30322,Distance STARLINK-5848 - STARLINK-30387,Distance STARLINK-5848 - STARLINK-1187,Distance STARLINK-5848 - STARLINK-1498,Distance STARLINK-5848 - STARLINK-31629,Distance STARLINK-5848 - STARLINK-5774,Distance STARLINK-5848 - STARLINK-31707,Distance STARLINK-5848 - STARLINK-4478,Distance STARLINK-5848 - STARLINK-31913,Distance STARLINK-5848 - STARLINK-31580,Distance STARLINK-5848 - STARLINK-4189,Distance STARLINK-5848 - STARLINK-3334,Distance STARLINK-5848 - STARLINK-31765,Distance STARLINK-5848 - STARLINK-31070,Distance STARLINK-5848 - STARLINK-31043,Distance STARLINK-5848 - MoonARTEMIS1,Distance STARLINK-5848 - MoonARTEMIS2,Distance STARLINK-5848 - MoonIOAGEO,Distance STARLINK-5848 - MoonIOAGNO,Distance STARLINK-5848 - MoonIOAGNO 0001,Distance STARLINK-5848 - MoonIOAGSO,Distance STARLINK-5848 - MoonIOAGSO 0001,Distance STARLINK-5848 - MoonLRO,Distance STARLINK-5848 - MarsSat1,Distance STARLINK-5848 - MarsSat2,Distance STARLINK-5848 - MarsSat3,Distance STARLINK-5848 - MarsSat4,Distance STARLINK-30808 - STARLINK-5567,Distance STARLINK-30808 - STARLINK-31292,Distance STARLINK-30808 - STARLINK-31438,Distance STARLINK-30808 - STARLINK-3199,Distance STARLINK-30808 - STARLINK-31725,Distance STARLINK-30808 - STARLINK-5856,Distance STARLINK-30808 - STARLINK-30378,Distance STARLINK-30808 - STARLINK-3078,Distance STARLINK-30808 - STARLINK-2442,Distance STARLINK-30808 - STARLINK-32017,Distance STARLINK-30808 - STARLINK-4515,Distance STARLINK-30808 - STARLINK-4610,Distance STARLINK-30808 - STARLINK-5784,Distance STARLINK-30808 - STARLINK-31368,Distance STARLINK-30808 - STARLINK-4042,Distance STARLINK-30808 - STARLINK-32166,Distance STARLINK-30808 - STARLINK-5833,Distance STARLINK-30808 - STARLINK-5330,Distance STARLINK-30808 - STARLINK-1601,Distance STARLINK-30808 - STARLINK-32088,Distance STARLINK-30808 - STARLINK-1557,Distance STARLINK-30808 - STARLINK-3542,Distance STARLINK-30808 - STARLINK-1954,Distance STARLINK-30808 - STARLINK-4005,Distance STARLINK-30808 - STARLINK-30426,Distance STARLINK-30808 - STARLINK-3584,Distance STARLINK-30808 - STARLINK-4333,Distance STARLINK-30808 - STARLINK-30101,Distance STARLINK-30808 - STARLINK-5492,Distance STARLINK-30808 - STARLINK-30544,Distance STARLINK-30808 - STARLINK-6289,Distance STARLINK-30808 - STARLINK-30919,Distance STARLINK-30808 - STARLINK-3802,Distance STARLINK-30808 - STARLINK-1331,Distance STARLINK-30808 - STARLINK-5326,Distance STARLINK-30808 - STARLINK-5169,Distance STARLINK-30808 - STARLINK-5025,Distance STARLINK-30808 - STARLINK-5750,Distance STARLINK-30808 - STARLINK-5381,Distance STARLINK-30808 - STARLINK-2661,Distance STARLINK-30808 - STARLINK-30804,Distance STARLINK-30808 - STARLINK-31007,Distance STARLINK-30808 - STARLINK-3682,Distance STARLINK-30808 - STARLINK-3346,Distance STARLINK-30808 - STARLINK-4780,Distance STARLINK-30808 - STARLINK-4102,Distance STARLINK-30808 - STARLINK-3595,Distance STARLINK-30808 - STARLINK-4426,Distance STARLINK-30808 - STARLINK-1046,Distance STARLINK-30808 - STARLINK-2428,Distance STARLINK-30808 - STARLINK-5564,Distance STARLINK-30808 - STARLINK-3396,Distance STARLINK-30808 - STARLINK-3998,Distance STARLINK-30808 - STARLINK-4366,Distance STARLINK-30808 - STARLINK-31192,Distance STARLINK-30808 - STARLINK-30768,Distance STARLINK-30808 - STARLINK-5211,Distance STARLINK-30808 - STARLINK-4347,Distance STARLINK-30808 - STARLINK-30322,Distance STARLINK-30808 - STARLINK-30387,Distance STARLINK-30808 - STARLINK-1187,Distance STARLINK-30808 - STARLINK-1498,Distance STARLINK-30808 - STARLINK-31629,Distance STARLINK-30808 - STARLINK-5774,Distance STARLINK-30808 - STARLINK-31707,Distance STARLINK-30808 - STARLINK-4478,Distance STARLINK-30808 - STARLINK-31913,Distance STARLINK-30808 - STARLINK-31580,Distance STARLINK-30808 - STARLINK-4189,Distance STARLINK-30808 - STARLINK-3334,Distance STARLINK-30808 - STARLINK-31765,Distance STARLINK-30808 - STARLINK-31070,Distance STARLINK-30808 - STARLINK-31043,Distance STARLINK-30808 - MoonARTEMIS1,Distance STARLINK-30808 - MoonARTEMIS2,Distance STARLINK-30808 - MoonIOAGEO,Distance STARLINK-30808 - MoonIOAGNO,Distance STARLINK-30808 - MoonIOAGNO 0001,Distance STARLINK-30808 - MoonIOAGSO,Distance STARLINK-30808 - MoonIOAGSO 0001,Distance STARLINK-30808 - MoonLRO,Distance STARLINK-30808 - MarsSat1,Distance STARLINK-30808 - MarsSat2,Distance STARLINK-30808 - MarsSat3,Distance STARLINK-30808 - MarsSat4,Distance STARLINK-5567 - STARLINK-31292,Distance STARLINK-5567 - STARLINK-31438,Distance STARLINK-5567 - STARLINK-3199,Distance STARLINK-5567 - STARLINK-31725,Distance STARLINK-5567 - STARLINK-5856,Distance STARLINK-5567 - STARLINK-30378,Distance STARLINK-5567 - STARLINK-3078,Distance STARLINK-5567 - STARLINK-2442,Distance STARLINK-5567 - STARLINK-32017,Distance STARLINK-5567 - STARLINK-4515,Distance STARLINK-5567 - STARLINK-4610,Distance STARLINK-5567 - STARLINK-5784,Distance STARLINK-5567 - STARLINK-31368,Distance STARLINK-5567 - STARLINK-4042,Distance STARLINK-5567 - STARLINK-32166,Distance STARLINK-5567 - STARLINK-5833,Distance STARLINK-5567 - STARLINK-5330,Distance STARLINK-5567 - STARLINK-1601,Distance STARLINK-5567 - STARLINK-32088,Distance STARLINK-5567 - STARLINK-1557,Distance STARLINK-5567 - STARLINK-3542,Distance STARLINK-5567 - STARLINK-1954,Distance STARLINK-5567 - STARLINK-4005,Distance STARLINK-5567 - STARLINK-30426,Distance STARLINK-5567 - STARLINK-3584,Distance STARLINK-5567 - STARLINK-4333,Distance STARLINK-5567 - STARLINK-30101,Distance STARLINK-5567 - STARLINK-5492,Distance STARLINK-5567 - STARLINK-30544,Distance STARLINK-5567 - STARLINK-6289,Distance STARLINK-5567 - STARLINK-30919,Distance STARLINK-5567 - STARLINK-3802,Distance STARLINK-5567 - STARLINK-1331,Distance STARLINK-5567 - STARLINK-5326,Distance STARLINK-5567 - STARLINK-5169,Distance STARLINK-5567 - STARLINK-5025,Distance STARLINK-5567 - STARLINK-5750,Distance STARLINK-5567 - STARLINK-5381,Distance STARLINK-5567 - STARLINK-2661,Distance STARLINK-5567 - STARLINK-30804,Distance STARLINK-5567 - STARLINK-31007,Distance STARLINK-5567 - STARLINK-3682,Distance STARLINK-5567 - STARLINK-3346,Distance STARLINK-5567 - STARLINK-4780,Distance STARLINK-5567 - STARLINK-4102,Distance STARLINK-5567 - STARLINK-3595,Distance STARLINK-5567 - STARLINK-4426,Distance STARLINK-5567 - STARLINK-1046,Distance STARLINK-5567 - STARLINK-2428,Distance STARLINK-5567 - STARLINK-5564,Distance STARLINK-5567 - STARLINK-3396,Distance STARLINK-5567 - STARLINK-3998,Distance STARLINK-5567 - STARLINK-4366,Distance STARLINK-5567 - STARLINK-31192,Distance STARLINK-5567 - STARLINK-30768,Distance STARLINK-5567 - STARLINK-5211,Distance STARLINK-5567 - STARLINK-4347,Distance STARLINK-5567 - STARLINK-30322,Distance STARLINK-5567 - STARLINK-30387,Distance STARLINK-5567 - STARLINK-1187,Distance STARLINK-5567 - STARLINK-1498,Distance STARLINK-5567 - STARLINK-31629,Distance STARLINK-5567 - STARLINK-5774,Distance STARLINK-5567 - STARLINK-31707,Distance STARLINK-5567 - STARLINK-4478,Distance STARLINK-5567 - STARLINK-31913,Distance STARLINK-5567 - STARLINK-31580,Distance STARLINK-5567 - STARLINK-4189,Distance STARLINK-5567 - STARLINK-3334,Distance STARLINK-5567 - STARLINK-31765,Distance STARLINK-5567 - STARLINK-31070,Distance STARLINK-5567 - STARLINK-31043,Distance STARLINK-5567 - MoonARTEMIS1,Distance STARLINK-5567 - MoonARTEMIS2,Distance STARLINK-5567 - MoonIOAGEO,Distance STARLINK-5567 - MoonIOAGNO,Distance STARLINK-5567 - MoonIOAGNO 0001,Distance STARLINK-5567 - MoonIOAGSO,Distance STARLINK-5567 - MoonIOAGSO 0001,Distance STARLINK-5567 - MoonLRO,Distance STARLINK-5567 - MarsSat1,Distance STARLINK-5567 - MarsSat2,Distance STARLINK-5567 - MarsSat3,Distance STARLINK-5567 - MarsSat4,Distance STARLINK-31292 - STARLINK-31438,Distance STARLINK-31292 - STARLINK-3199,Distance STARLINK-31292 - STARLINK-31725,Distance STARLINK-31292 - STARLINK-5856,Distance STARLINK-31292 - STARLINK-30378,Distance STARLINK-31292 - STARLINK-3078,Distance STARLINK-31292 - STARLINK-2442,Distance STARLINK-31292 - STARLINK-32017,Distance STARLINK-31292 - STARLINK-4515,Distance STARLINK-31292 - STARLINK-4610,Distance STARLINK-31292 - STARLINK-5784,Distance STARLINK-31292 - STARLINK-31368,Distance STARLINK-31292 - STARLINK-4042,Distance STARLINK-31292 - STARLINK-32166,Distance STARLINK-31292 - STARLINK-5833,Distance STARLINK-31292 - STARLINK-5330,Distance STARLINK-31292 - STARLINK-1601,Distance STARLINK-31292 - STARLINK-32088,Distance STARLINK-31292 - STARLINK-1557,Distance STARLINK-31292 - STARLINK-3542,Distance STARLINK-31292 - STARLINK-1954,Distance STARLINK-31292 - STARLINK-4005,Distance STARLINK-31292 - STARLINK-30426,Distance STARLINK-31292 - STARLINK-3584,Distance STARLINK-31292 - STARLINK-4333,Distance STARLINK-31292 - STARLINK-30101,Distance STARLINK-31292 - STARLINK-5492,Distance STARLINK-31292 - STARLINK-30544,Distance STARLINK-31292 - STARLINK-6289,Distance STARLINK-31292 - STARLINK-30919,Distance STARLINK-31292 - STARLINK-3802,Distance STARLINK-31292 - STARLINK-1331,Distance STARLINK-31292 - STARLINK-5326,Distance STARLINK-31292 - STARLINK-5169,Distance STARLINK-31292 - STARLINK-5025,Distance STARLINK-31292 - STARLINK-5750,Distance STARLINK-31292 - STARLINK-5381,Distance STARLINK-31292 - STARLINK-2661,Distance STARLINK-31292 - STARLINK-30804,Distance STARLINK-31292 - STARLINK-31007,Distance STARLINK-31292 - STARLINK-3682,Distance STARLINK-31292 - STARLINK-3346,Distance STARLINK-31292 - STARLINK-4780,Distance STARLINK-31292 - STARLINK-4102,Distance STARLINK-31292 - STARLINK-3595,Distance STARLINK-31292 - STARLINK-4426,Distance STARLINK-31292 - STARLINK-1046,Distance STARLINK-31292 - STARLINK-2428,Distance STARLINK-31292 - STARLINK-5564,Distance STARLINK-31292 - STARLINK-3396,Distance STARLINK-31292 - STARLINK-3998,Distance STARLINK-31292 - STARLINK-4366,Distance STARLINK-31292 - STARLINK-31192,Distance STARLINK-31292 - STARLINK-30768,Distance STARLINK-31292 - STARLINK-5211,Distance STARLINK-31292 - STARLINK-4347,Distance STARLINK-31292 - STARLINK-30322,Distance STARLINK-31292 - STARLINK-30387,Distance STARLINK-31292 - STARLINK-1187,Distance STARLINK-31292 - STARLINK-1498,Distance STARLINK-31292 - STARLINK-31629,Distance STARLINK-31292 - STARLINK-5774,Distance STARLINK-31292 - STARLINK-31707,Distance STARLINK-31292 - STARLINK-4478,Distance STARLINK-31292 - STARLINK-31913,Distance STARLINK-31292 - STARLINK-31580,Distance STARLINK-31292 - STARLINK-4189,Distance STARLINK-31292 - STARLINK-3334,Distance STARLINK-31292 - STARLINK-31765,Distance STARLINK-31292 - STARLINK-31070,Distance STARLINK-31292 - STARLINK-31043,Distance STARLINK-31292 - MoonARTEMIS1,Distance STARLINK-31292 - MoonARTEMIS2,Distance STARLINK-31292 - MoonIOAGEO,Distance STARLINK-31292 - MoonIOAGNO,Distance STARLINK-31292 - MoonIOAGNO 0001,Distance STARLINK-31292 - MoonIOAGSO,Distance STARLINK-31292 - MoonIOAGSO 0001,Distance STARLINK-31292 - MoonLRO,Distance STARLINK-31292 - MarsSat1,Distance STARLINK-31292 - MarsSat2,Distance STARLINK-31292 - MarsSat3,Distance STARLINK-31292 - MarsSat4,Distance STARLINK-31438 - STARLINK-3199,Distance STARLINK-31438 - STARLINK-31725,Distance STARLINK-31438 - STARLINK-5856,Distance STARLINK-31438 - STARLINK-30378,Distance STARLINK-31438 - STARLINK-3078,Distance STARLINK-31438 - STARLINK-2442,Distance STARLINK-31438 - STARLINK-32017,Distance STARLINK-31438 - STARLINK-4515,Distance STARLINK-31438 - STARLINK-4610,Distance STARLINK-31438 - STARLINK-5784,Distance STARLINK-31438 - STARLINK-31368,Distance STARLINK-31438 - STARLINK-4042,Distance STARLINK-31438 - STARLINK-32166,Distance STARLINK-31438 - STARLINK-5833,Distance STARLINK-31438 - STARLINK-5330,Distance STARLINK-31438 - STARLINK-1601,Distance STARLINK-31438 - STARLINK-32088,Distance STARLINK-31438 - STARLINK-1557,Distance STARLINK-31438 - STARLINK-3542,Distance STARLINK-31438 - STARLINK-1954,Distance STARLINK-31438 - STARLINK-4005,Distance STARLINK-31438 - STARLINK-30426,Distance STARLINK-31438 - STARLINK-3584,Distance STARLINK-31438 - STARLINK-4333,Distance STARLINK-31438 - STARLINK-30101,Distance STARLINK-31438 - STARLINK-5492,Distance STARLINK-31438 - STARLINK-30544,Distance STARLINK-31438 - STARLINK-6289,Distance STARLINK-31438 - STARLINK-30919,Distance STARLINK-31438 - STARLINK-3802,Distance STARLINK-31438 - STARLINK-1331,Distance STARLINK-31438 - STARLINK-5326,Distance STARLINK-31438 - STARLINK-5169,Distance STARLINK-31438 - STARLINK-5025,Distance STARLINK-31438 - STARLINK-5750,Distance STARLINK-31438 - STARLINK-5381,Distance STARLINK-31438 - STARLINK-2661,Distance STARLINK-31438 - STARLINK-30804,Distance STARLINK-31438 - STARLINK-31007,Distance STARLINK-31438 - STARLINK-3682,Distance STARLINK-31438 - STARLINK-3346,Distance STARLINK-31438 - STARLINK-4780,Distance STARLINK-31438 - STARLINK-4102,Distance STARLINK-31438 - STARLINK-3595,Distance STARLINK-31438 - STARLINK-4426,Distance STARLINK-31438 - STARLINK-1046,Distance STARLINK-31438 - STARLINK-2428,Distance STARLINK-31438 - STARLINK-5564,Distance STARLINK-31438 - STARLINK-3396,Distance STARLINK-31438 - STARLINK-3998,Distance STARLINK-31438 - STARLINK-4366,Distance STARLINK-31438 - STARLINK-31192,Distance STARLINK-31438 - STARLINK-30768,Distance STARLINK-31438 - STARLINK-5211,Distance STARLINK-31438 - STARLINK-4347,Distance STARLINK-31438 - STARLINK-30322,Distance STARLINK-31438 - STARLINK-30387,Distance STARLINK-31438 - STARLINK-1187,Distance STARLINK-31438 - STARLINK-1498,Distance STARLINK-31438 - STARLINK-31629,Distance STARLINK-31438 - STARLINK-5774,Distance STARLINK-31438 - STARLINK-31707,Distance STARLINK-31438 - STARLINK-4478,Distance STARLINK-31438 - STARLINK-31913,Distance STARLINK-31438 - STARLINK-31580,Distance STARLINK-31438 - STARLINK-4189,Distance STARLINK-31438 - STARLINK-3334,Distance STARLINK-31438 - STARLINK-31765,Distance STARLINK-31438 - STARLINK-31070,Distance STARLINK-31438 - STARLINK-31043,Distance STARLINK-31438 - MoonARTEMIS1,Distance STARLINK-31438 - MoonARTEMIS2,Distance STARLINK-31438 - MoonIOAGEO,Distance STARLINK-31438 - MoonIOAGNO,Distance STARLINK-31438 - MoonIOAGNO 0001,Distance STARLINK-31438 - MoonIOAGSO,Distance STARLINK-31438 - MoonIOAGSO 0001,Distance STARLINK-31438 - MoonLRO,Distance STARLINK-31438 - MarsSat1,Distance STARLINK-31438 - MarsSat2,Distance STARLINK-31438 - MarsSat3,Distance STARLINK-31438 - MarsSat4,Distance STARLINK-3199 - STARLINK-31725,Distance STARLINK-3199 - STARLINK-5856,Distance STARLINK-3199 - STARLINK-30378,Distance STARLINK-3199 - STARLINK-3078,Distance STARLINK-3199 - STARLINK-2442,Distance STARLINK-3199 - STARLINK-32017,Distance STARLINK-3199 - STARLINK-4515,Distance STARLINK-3199 - STARLINK-4610,Distance STARLINK-3199 - STARLINK-5784,Distance STARLINK-3199 - STARLINK-31368,Distance STARLINK-3199 - STARLINK-4042,Distance STARLINK-3199 - STARLINK-32166,Distance STARLINK-3199 - STARLINK-5833,Distance STARLINK-3199 - STARLINK-5330,Distance STARLINK-3199 - STARLINK-1601,Distance STARLINK-3199 - STARLINK-32088,Distance STARLINK-3199 - STARLINK-1557,Distance STARLINK-3199 - STARLINK-3542,Distance STARLINK-3199 - STARLINK-1954,Distance STARLINK-3199 - STARLINK-4005,Distance STARLINK-3199 - STARLINK-30426,Distance STARLINK-3199 - STARLINK-3584,Distance STARLINK-3199 - STARLINK-4333,Distance STARLINK-3199 - STARLINK-30101,Distance STARLINK-3199 - STARLINK-5492,Distance STARLINK-3199 - STARLINK-30544,Distance STARLINK-3199 - STARLINK-6289,Distance STARLINK-3199 - STARLINK-30919,Distance STARLINK-3199 - STARLINK-3802,Distance STARLINK-3199 - STARLINK-1331,Distance STARLINK-3199 - STARLINK-5326,Distance STARLINK-3199 - STARLINK-5169,Distance STARLINK-3199 - STARLINK-5025,Distance STARLINK-3199 - STARLINK-5750,Distance STARLINK-3199 - STARLINK-5381,Distance STARLINK-3199 - STARLINK-2661,Distance STARLINK-3199 - STARLINK-30804,Distance STARLINK-3199 - STARLINK-31007,Distance STARLINK-3199 - STARLINK-3682,Distance STARLINK-3199 - STARLINK-3346,Distance STARLINK-3199 - STARLINK-4780,Distance STARLINK-3199 - STARLINK-4102,Distance STARLINK-3199 - STARLINK-3595,Distance STARLINK-3199 - STARLINK-4426,Distance STARLINK-3199 - STARLINK-1046,Distance STARLINK-3199 - STARLINK-2428,Distance STARLINK-3199 - STARLINK-5564,Distance STARLINK-3199 - STARLINK-3396,Distance STARLINK-3199 - STARLINK-3998,Distance STARLINK-3199 - STARLINK-4366,Distance STARLINK-3199 - STARLINK-31192,Distance STARLINK-3199 - STARLINK-30768,Distance STARLINK-3199 - STARLINK-5211,Distance STARLINK-3199 - STARLINK-4347,Distance STARLINK-3199 - STARLINK-30322,Distance STARLINK-3199 - STARLINK-30387,Distance STARLINK-3199 - STARLINK-1187,Distance STARLINK-3199 - STARLINK-1498,Distance STARLINK-3199 - STARLINK-31629,Distance STARLINK-3199 - STARLINK-5774,Distance STARLINK-3199 - STARLINK-31707,Distance STARLINK-3199 - STARLINK-4478,Distance STARLINK-3199 - STARLINK-31913,Distance STARLINK-3199 - STARLINK-31580,Distance STARLINK-3199 - STARLINK-4189,Distance STARLINK-3199 - STARLINK-3334,Distance STARLINK-3199 - STARLINK-31765,Distance STARLINK-3199 - STARLINK-31070,Distance STARLINK-3199 - STARLINK-31043,Distance STARLINK-3199 - MoonARTEMIS1,Distance STARLINK-3199 - MoonARTEMIS2,Distance STARLINK-3199 - MoonIOAGEO,Distance STARLINK-3199 - MoonIOAGNO,Distance STARLINK-3199 - MoonIOAGNO 0001,Distance STARLINK-3199 - MoonIOAGSO,Distance STARLINK-3199 - MoonIOAGSO 0001,Distance STARLINK-3199 - MoonLRO,Distance STARLINK-3199 - MarsSat1,Distance STARLINK-3199 - MarsSat2,Distance STARLINK-3199 - MarsSat3,Distance STARLINK-3199 - MarsSat4,Distance STARLINK-31725 - STARLINK-5856,Distance STARLINK-31725 - STARLINK-30378,Distance STARLINK-31725 - STARLINK-3078,Distance STARLINK-31725 - STARLINK-2442,Distance STARLINK-31725 - STARLINK-32017,Distance STARLINK-31725 - STARLINK-4515,Distance STARLINK-31725 - STARLINK-4610,Distance STARLINK-31725 - STARLINK-5784,Distance STARLINK-31725 - STARLINK-31368,Distance STARLINK-31725 - STARLINK-4042,Distance STARLINK-31725 - STARLINK-32166,Distance STARLINK-31725 - STARLINK-5833,Distance STARLINK-31725 - STARLINK-5330,Distance STARLINK-31725 - STARLINK-1601,Distance STARLINK-31725 - STARLINK-32088,Distance STARLINK-31725 - STARLINK-1557,Distance STARLINK-31725 - STARLINK-3542,Distance STARLINK-31725 - STARLINK-1954,Distance STARLINK-31725 - STARLINK-4005,Distance STARLINK-31725 - STARLINK-30426,Distance STARLINK-31725 - STARLINK-3584,Distance STARLINK-31725 - STARLINK-4333,Distance STARLINK-31725 - STARLINK-30101,Distance STARLINK-31725 - STARLINK-5492,Distance STARLINK-31725 - STARLINK-30544,Distance STARLINK-31725 - STARLINK-6289,Distance STARLINK-31725 - STARLINK-30919,Distance STARLINK-31725 - STARLINK-3802,Distance STARLINK-31725 - STARLINK-1331,Distance STARLINK-31725 - STARLINK-5326,Distance STARLINK-31725 - STARLINK-5169,Distance STARLINK-31725 - STARLINK-5025,Distance STARLINK-31725 - STARLINK-5750,Distance STARLINK-31725 - STARLINK-5381,Distance STARLINK-31725 - STARLINK-2661,Distance STARLINK-31725 - STARLINK-30804,Distance STARLINK-31725 - STARLINK-31007,Distance STARLINK-31725 - STARLINK-3682,Distance STARLINK-31725 - STARLINK-3346,Distance STARLINK-31725 - STARLINK-4780,Distance STARLINK-31725 - STARLINK-4102,Distance STARLINK-31725 - STARLINK-3595,Distance STARLINK-31725 - STARLINK-4426,Distance STARLINK-31725 - STARLINK-1046,Distance STARLINK-31725 - STARLINK-2428,Distance STARLINK-31725 - STARLINK-5564,Distance STARLINK-31725 - STARLINK-3396,Distance STARLINK-31725 - STARLINK-3998,Distance STARLINK-31725 - STARLINK-4366,Distance STARLINK-31725 - STARLINK-31192,Distance STARLINK-31725 - STARLINK-30768,Distance STARLINK-31725 - STARLINK-5211,Distance STARLINK-31725 - STARLINK-4347,Distance STARLINK-31725 - STARLINK-30322,Distance STARLINK-31725 - STARLINK-30387,Distance STARLINK-31725 - STARLINK-1187,Distance STARLINK-31725 - STARLINK-1498,Distance STARLINK-31725 - STARLINK-31629,Distance STARLINK-31725 - STARLINK-5774,Distance STARLINK-31725 - STARLINK-31707,Distance STARLINK-31725 - STARLINK-4478,Distance STARLINK-31725 - STARLINK-31913,Distance STARLINK-31725 - STARLINK-31580,Distance STARLINK-31725 - STARLINK-4189,Distance STARLINK-31725 - STARLINK-3334,Distance STARLINK-31725 - STARLINK-31765,Distance STARLINK-31725 - STARLINK-31070,Distance STARLINK-31725 - STARLINK-31043,Distance STARLINK-31725 - MoonARTEMIS1,Distance STARLINK-31725 - MoonARTEMIS2,Distance STARLINK-31725 - MoonIOAGEO,Distance STARLINK-31725 - MoonIOAGNO,Distance STARLINK-31725 - MoonIOAGNO 0001,Distance STARLINK-31725 - MoonIOAGSO,Distance STARLINK-31725 - MoonIOAGSO 0001,Distance STARLINK-31725 - MoonLRO,Distance STARLINK-31725 - MarsSat1,Distance STARLINK-31725 - MarsSat2,Distance STARLINK-31725 - MarsSat3,Distance STARLINK-31725 - MarsSat4,Distance STARLINK-5856 - STARLINK-30378,Distance STARLINK-5856 - STARLINK-3078,Distance STARLINK-5856 - STARLINK-2442,Distance STARLINK-5856 - STARLINK-32017,Distance STARLINK-5856 - STARLINK-4515,Distance STARLINK-5856 - STARLINK-4610,Distance STARLINK-5856 - STARLINK-5784,Distance STARLINK-5856 - STARLINK-31368,Distance STARLINK-5856 - STARLINK-4042,Distance STARLINK-5856 - STARLINK-32166,Distance STARLINK-5856 - STARLINK-5833,Distance STARLINK-5856 - STARLINK-5330,Distance STARLINK-5856 - STARLINK-1601,Distance STARLINK-5856 - STARLINK-32088,Distance STARLINK-5856 - STARLINK-1557,Distance STARLINK-5856 - STARLINK-3542,Distance STARLINK-5856 - STARLINK-1954,Distance STARLINK-5856 - STARLINK-4005,Distance STARLINK-5856 - STARLINK-30426,Distance STARLINK-5856 - STARLINK-3584,Distance STARLINK-5856 - STARLINK-4333,Distance STARLINK-5856 - STARLINK-30101,Distance STARLINK-5856 - STARLINK-5492,Distance STARLINK-5856 - STARLINK-30544,Distance STARLINK-5856 - STARLINK-6289,Distance STARLINK-5856 - STARLINK-30919,Distance STARLINK-5856 - STARLINK-3802,Distance STARLINK-5856 - STARLINK-1331,Distance STARLINK-5856 - STARLINK-5326,Distance STARLINK-5856 - STARLINK-5169,Distance STARLINK-5856 - STARLINK-5025,Distance STARLINK-5856 - STARLINK-5750,Distance STARLINK-5856 - STARLINK-5381,Distance STARLINK-5856 - STARLINK-2661,Distance STARLINK-5856 - STARLINK-30804,Distance STARLINK-5856 - STARLINK-31007,Distance STARLINK-5856 - STARLINK-3682,Distance STARLINK-5856 - STARLINK-3346,Distance STARLINK-5856 - STARLINK-4780,Distance STARLINK-5856 - STARLINK-4102,Distance STARLINK-5856 - STARLINK-3595,Distance STARLINK-5856 - STARLINK-4426,Distance STARLINK-5856 - STARLINK-1046,Distance STARLINK-5856 - STARLINK-2428,Distance STARLINK-5856 - STARLINK-5564,Distance STARLINK-5856 - STARLINK-3396,Distance STARLINK-5856 - STARLINK-3998,Distance STARLINK-5856 - STARLINK-4366,Distance STARLINK-5856 - STARLINK-31192,Distance STARLINK-5856 - STARLINK-30768,Distance STARLINK-5856 - STARLINK-5211,Distance STARLINK-5856 - STARLINK-4347,Distance STARLINK-5856 - STARLINK-30322,Distance STARLINK-5856 - STARLINK-30387,Distance STARLINK-5856 - STARLINK-1187,Distance STARLINK-5856 - STARLINK-1498,Distance STARLINK-5856 - STARLINK-31629,Distance STARLINK-5856 - STARLINK-5774,Distance STARLINK-5856 - STARLINK-31707,Distance STARLINK-5856 - STARLINK-4478,Distance STARLINK-5856 - STARLINK-31913,Distance STARLINK-5856 - STARLINK-31580,Distance STARLINK-5856 - STARLINK-4189,Distance STARLINK-5856 - STARLINK-3334,Distance STARLINK-5856 - STARLINK-31765,Distance STARLINK-5856 - STARLINK-31070,Distance STARLINK-5856 - STARLINK-31043,Distance STARLINK-5856 - MoonARTEMIS1,Distance STARLINK-5856 - MoonARTEMIS2,Distance STARLINK-5856 - MoonIOAGEO,Distance STARLINK-5856 - MoonIOAGNO,Distance STARLINK-5856 - MoonIOAGNO 0001,Distance STARLINK-5856 - MoonIOAGSO,Distance STARLINK-5856 - MoonIOAGSO 0001,Distance STARLINK-5856 - MoonLRO,Distance STARLINK-5856 - MarsSat1,Distance STARLINK-5856 - MarsSat2,Distance STARLINK-5856 - MarsSat3,Distance STARLINK-5856 - MarsSat4,Distance STARLINK-30378 - STARLINK-3078,Distance STARLINK-30378 - STARLINK-2442,Distance STARLINK-30378 - STARLINK-32017,Distance STARLINK-30378 - STARLINK-4515,Distance STARLINK-30378 - STARLINK-4610,Distance STARLINK-30378 - STARLINK-5784,Distance STARLINK-30378 - STARLINK-31368,Distance STARLINK-30378 - STARLINK-4042,Distance STARLINK-30378 - STARLINK-32166,Distance STARLINK-30378 - STARLINK-5833,Distance STARLINK-30378 - STARLINK-5330,Distance STARLINK-30378 - STARLINK-1601,Distance STARLINK-30378 - STARLINK-32088,Distance STARLINK-30378 - STARLINK-1557,Distance STARLINK-30378 - STARLINK-3542,Distance STARLINK-30378 - STARLINK-1954,Distance STARLINK-30378 - STARLINK-4005,Distance STARLINK-30378 - STARLINK-30426,Distance STARLINK-30378 - STARLINK-3584,Distance STARLINK-30378 - STARLINK-4333,Distance STARLINK-30378 - STARLINK-30101,Distance STARLINK-30378 - STARLINK-5492,Distance STARLINK-30378 - STARLINK-30544,Distance STARLINK-30378 - STARLINK-6289,Distance STARLINK-30378 - STARLINK-30919,Distance STARLINK-30378 - STARLINK-3802,Distance STARLINK-30378 - STARLINK-1331,Distance STARLINK-30378 - STARLINK-5326,Distance STARLINK-30378 - STARLINK-5169,Distance STARLINK-30378 - STARLINK-5025,Distance STARLINK-30378 - STARLINK-5750,Distance STARLINK-30378 - STARLINK-5381,Distance STARLINK-30378 - STARLINK-2661,Distance STARLINK-30378 - STARLINK-30804,Distance STARLINK-30378 - STARLINK-31007,Distance STARLINK-30378 - STARLINK-3682,Distance STARLINK-30378 - STARLINK-3346,Distance STARLINK-30378 - STARLINK-4780,Distance STARLINK-30378 - STARLINK-4102,Distance STARLINK-30378 - STARLINK-3595,Distance STARLINK-30378 - STARLINK-4426,Distance STARLINK-30378 - STARLINK-1046,Distance STARLINK-30378 - STARLINK-2428,Distance STARLINK-30378 - STARLINK-5564,Distance STARLINK-30378 - STARLINK-3396,Distance STARLINK-30378 - STARLINK-3998,Distance STARLINK-30378 - STARLINK-4366,Distance STARLINK-30378 - STARLINK-31192,Distance STARLINK-30378 - STARLINK-30768,Distance STARLINK-30378 - STARLINK-5211,Distance STARLINK-30378 - STARLINK-4347,Distance STARLINK-30378 - STARLINK-30322,Distance STARLINK-30378 - STARLINK-30387,Distance STARLINK-30378 - STARLINK-1187,Distance STARLINK-30378 - STARLINK-1498,Distance STARLINK-30378 - STARLINK-31629,Distance STARLINK-30378 - STARLINK-5774,Distance STARLINK-30378 - STARLINK-31707,Distance STARLINK-30378 - STARLINK-4478,Distance STARLINK-30378 - STARLINK-31913,Distance STARLINK-30378 - STARLINK-31580,Distance STARLINK-30378 - STARLINK-4189,Distance STARLINK-30378 - STARLINK-3334,Distance STARLINK-30378 - STARLINK-31765,Distance STARLINK-30378 - STARLINK-31070,Distance STARLINK-30378 - STARLINK-31043,Distance STARLINK-30378 - MoonARTEMIS1,Distance STARLINK-30378 - MoonARTEMIS2,Distance STARLINK-30378 - MoonIOAGEO,Distance STARLINK-30378 - MoonIOAGNO,Distance STARLINK-30378 - MoonIOAGNO 0001,Distance STARLINK-30378 - MoonIOAGSO,Distance STARLINK-30378 - MoonIOAGSO 0001,Distance STARLINK-30378 - MoonLRO,Distance STARLINK-30378 - MarsSat1,Distance STARLINK-30378 - MarsSat2,Distance STARLINK-30378 - MarsSat3,Distance STARLINK-30378 - MarsSat4,Distance STARLINK-3078 - STARLINK-2442,Distance STARLINK-3078 - STARLINK-32017,Distance STARLINK-3078 - STARLINK-4515,Distance STARLINK-3078 - STARLINK-4610,Distance STARLINK-3078 - STARLINK-5784,Distance STARLINK-3078 - STARLINK-31368,Distance STARLINK-3078 - STARLINK-4042,Distance STARLINK-3078 - STARLINK-32166,Distance STARLINK-3078 - STARLINK-5833,Distance STARLINK-3078 - STARLINK-5330,Distance STARLINK-3078 - STARLINK-1601,Distance STARLINK-3078 - STARLINK-32088,Distance STARLINK-3078 - STARLINK-1557,Distance STARLINK-3078 - STARLINK-3542,Distance STARLINK-3078 - STARLINK-1954,Distance STARLINK-3078 - STARLINK-4005,Distance STARLINK-3078 - STARLINK-30426,Distance STARLINK-3078 - STARLINK-3584,Distance STARLINK-3078 - STARLINK-4333,Distance STARLINK-3078 - STARLINK-30101,Distance STARLINK-3078 - STARLINK-5492,Distance STARLINK-3078 - STARLINK-30544,Distance STARLINK-3078 - STARLINK-6289,Distance STARLINK-3078 - STARLINK-30919,Distance STARLINK-3078 - STARLINK-3802,Distance STARLINK-3078 - STARLINK-1331,Distance STARLINK-3078 - STARLINK-5326,Distance STARLINK-3078 - STARLINK-5169,Distance STARLINK-3078 - STARLINK-5025,Distance STARLINK-3078 - STARLINK-5750,Distance STARLINK-3078 - STARLINK-5381,Distance STARLINK-3078 - STARLINK-2661,Distance STARLINK-3078 - STARLINK-30804,Distance STARLINK-3078 - STARLINK-31007,Distance STARLINK-3078 - STARLINK-3682,Distance STARLINK-3078 - STARLINK-3346,Distance STARLINK-3078 - STARLINK-4780,Distance STARLINK-3078 - STARLINK-4102,Distance STARLINK-3078 - STARLINK-3595,Distance STARLINK-3078 - STARLINK-4426,Distance STARLINK-3078 - STARLINK-1046,Distance STARLINK-3078 - STARLINK-2428,Distance STARLINK-3078 - STARLINK-5564,Distance STARLINK-3078 - STARLINK-3396,Distance STARLINK-3078 - STARLINK-3998,Distance STARLINK-3078 - STARLINK-4366,Distance STARLINK-3078 - STARLINK-31192,Distance STARLINK-3078 - STARLINK-30768,Distance STARLINK-3078 - STARLINK-5211,Distance STARLINK-3078 - STARLINK-4347,Distance STARLINK-3078 - STARLINK-30322,Distance STARLINK-3078 - STARLINK-30387,Distance STARLINK-3078 - STARLINK-1187,Distance STARLINK-3078 - STARLINK-1498,Distance STARLINK-3078 - STARLINK-31629,Distance STARLINK-3078 - STARLINK-5774,Distance STARLINK-3078 - STARLINK-31707,Distance STARLINK-3078 - STARLINK-4478,Distance STARLINK-3078 - STARLINK-31913,Distance STARLINK-3078 - STARLINK-31580,Distance STARLINK-3078 - STARLINK-4189,Distance STARLINK-3078 - STARLINK-3334,Distance STARLINK-3078 - STARLINK-31765,Distance STARLINK-3078 - STARLINK-31070,Distance STARLINK-3078 - STARLINK-31043,Distance STARLINK-3078 - MoonARTEMIS1,Distance STARLINK-3078 - MoonARTEMIS2,Distance STARLINK-3078 - MoonIOAGEO,Distance STARLINK-3078 - MoonIOAGNO,Distance STARLINK-3078 - MoonIOAGNO 0001,Distance STARLINK-3078 - MoonIOAGSO,Distance STARLINK-3078 - MoonIOAGSO 0001,Distance STARLINK-3078 - MoonLRO,Distance STARLINK-3078 - MarsSat1,Distance STARLINK-3078 - MarsSat2,Distance STARLINK-3078 - MarsSat3,Distance STARLINK-3078 - MarsSat4,Distance STARLINK-2442 - STARLINK-32017,Distance STARLINK-2442 - STARLINK-4515,Distance STARLINK-2442 - STARLINK-4610,Distance STARLINK-2442 - STARLINK-5784,Distance STARLINK-2442 - STARLINK-31368,Distance STARLINK-2442 - STARLINK-4042,Distance STARLINK-2442 - STARLINK-32166,Distance STARLINK-2442 - STARLINK-5833,Distance STARLINK-2442 - STARLINK-5330,Distance STARLINK-2442 - STARLINK-1601,Distance STARLINK-2442 - STARLINK-32088,Distance STARLINK-2442 - STARLINK-1557,Distance STARLINK-2442 - STARLINK-3542,Distance STARLINK-2442 - STARLINK-1954,Distance STARLINK-2442 - STARLINK-4005,Distance STARLINK-2442 - STARLINK-30426,Distance STARLINK-2442 - STARLINK-3584,Distance STARLINK-2442 - STARLINK-4333,Distance STARLINK-2442 - STARLINK-30101,Distance STARLINK-2442 - STARLINK-5492,Distance STARLINK-2442 - STARLINK-30544,Distance STARLINK-2442 - STARLINK-6289,Distance STARLINK-2442 - STARLINK-30919,Distance STARLINK-2442 - STARLINK-3802,Distance STARLINK-2442 - STARLINK-1331,Distance STARLINK-2442 - STARLINK-5326,Distance STARLINK-2442 - STARLINK-5169,Distance STARLINK-2442 - STARLINK-5025,Distance STARLINK-2442 - STARLINK-5750,Distance STARLINK-2442 - STARLINK-5381,Distance STARLINK-2442 - STARLINK-2661,Distance STARLINK-2442 - STARLINK-30804,Distance STARLINK-2442 - STARLINK-31007,Distance STARLINK-2442 - STARLINK-3682,Distance STARLINK-2442 - STARLINK-3346,Distance STARLINK-2442 - STARLINK-4780,Distance STARLINK-2442 - STARLINK-4102,Distance STARLINK-2442 - STARLINK-3595,Distance STARLINK-2442 - STARLINK-4426,Distance STARLINK-2442 - STARLINK-1046,Distance STARLINK-2442 - STARLINK-2428,Distance STARLINK-2442 - STARLINK-5564,Distance STARLINK-2442 - STARLINK-3396,Distance STARLINK-2442 - STARLINK-3998,Distance STARLINK-2442 - STARLINK-4366,Distance STARLINK-2442 - STARLINK-31192,Distance STARLINK-2442 - STARLINK-30768,Distance STARLINK-2442 - STARLINK-5211,Distance STARLINK-2442 - STARLINK-4347,Distance STARLINK-2442 - STARLINK-30322,Distance STARLINK-2442 - STARLINK-30387,Distance STARLINK-2442 - STARLINK-1187,Distance STARLINK-2442 - STARLINK-1498,Distance STARLINK-2442 - STARLINK-31629,Distance STARLINK-2442 - STARLINK-5774,Distance STARLINK-2442 - STARLINK-31707,Distance STARLINK-2442 - STARLINK-4478,Distance STARLINK-2442 - STARLINK-31913,Distance STARLINK-2442 - STARLINK-31580,Distance STARLINK-2442 - STARLINK-4189,Distance STARLINK-2442 - STARLINK-3334,Distance STARLINK-2442 - STARLINK-31765,Distance STARLINK-2442 - STARLINK-31070,Distance STARLINK-2442 - STARLINK-31043,Distance STARLINK-2442 - MoonARTEMIS1,Distance STARLINK-2442 - MoonARTEMIS2,Distance STARLINK-2442 - MoonIOAGEO,Distance STARLINK-2442 - MoonIOAGNO,Distance STARLINK-2442 - MoonIOAGNO 0001,Distance STARLINK-2442 - MoonIOAGSO,Distance STARLINK-2442 - MoonIOAGSO 0001,Distance STARLINK-2442 - MoonLRO,Distance STARLINK-2442 - MarsSat1,Distance STARLINK-2442 - MarsSat2,Distance STARLINK-2442 - MarsSat3,Distance STARLINK-2442 - MarsSat4,Distance STARLINK-32017 - STARLINK-4515,Distance STARLINK-32017 - STARLINK-4610,Distance STARLINK-32017 - STARLINK-5784,Distance STARLINK-32017 - STARLINK-31368,Distance STARLINK-32017 - STARLINK-4042,Distance STARLINK-32017 - STARLINK-32166,Distance STARLINK-32017 - STARLINK-5833,Distance STARLINK-32017 - STARLINK-5330,Distance STARLINK-32017 - STARLINK-1601,Distance STARLINK-32017 - STARLINK-32088,Distance STARLINK-32017 - STARLINK-1557,Distance STARLINK-32017 - STARLINK-3542,Distance STARLINK-32017 - STARLINK-1954,Distance STARLINK-32017 - STARLINK-4005,Distance STARLINK-32017 - STARLINK-30426,Distance STARLINK-32017 - STARLINK-3584,Distance STARLINK-32017 - STARLINK-4333,Distance STARLINK-32017 - STARLINK-30101,Distance STARLINK-32017 - STARLINK-5492,Distance STARLINK-32017 - STARLINK-30544,Distance STARLINK-32017 - STARLINK-6289,Distance STARLINK-32017 - STARLINK-30919,Distance STARLINK-32017 - STARLINK-3802,Distance STARLINK-32017 - STARLINK-1331,Distance STARLINK-32017 - STARLINK-5326,Distance STARLINK-32017 - STARLINK-5169,Distance STARLINK-32017 - STARLINK-5025,Distance STARLINK-32017 - STARLINK-5750,Distance STARLINK-32017 - STARLINK-5381,Distance STARLINK-32017 - STARLINK-2661,Distance STARLINK-32017 - STARLINK-30804,Distance STARLINK-32017 - STARLINK-31007,Distance STARLINK-32017 - STARLINK-3682,Distance STARLINK-32017 - STARLINK-3346,Distance STARLINK-32017 - STARLINK-4780,Distance STARLINK-32017 - STARLINK-4102,Distance STARLINK-32017 - STARLINK-3595,Distance STARLINK-32017 - STARLINK-4426,Distance STARLINK-32017 - STARLINK-1046,Distance STARLINK-32017 - STARLINK-2428,Distance STARLINK-32017 - STARLINK-5564,Distance STARLINK-32017 - STARLINK-3396,Distance STARLINK-32017 - STARLINK-3998,Distance STARLINK-32017 - STARLINK-4366,Distance STARLINK-32017 - STARLINK-31192,Distance STARLINK-32017 - STARLINK-30768,Distance STARLINK-32017 - STARLINK-5211,Distance STARLINK-32017 - STARLINK-4347,Distance STARLINK-32017 - STARLINK-30322,Distance STARLINK-32017 - STARLINK-30387,Distance STARLINK-32017 - STARLINK-1187,Distance STARLINK-32017 - STARLINK-1498,Distance STARLINK-32017 - STARLINK-31629,Distance STARLINK-32017 - STARLINK-5774,Distance STARLINK-32017 - STARLINK-31707,Distance STARLINK-32017 - STARLINK-4478,Distance STARLINK-32017 - STARLINK-31913,Distance STARLINK-32017 - STARLINK-31580,Distance STARLINK-32017 - STARLINK-4189,Distance STARLINK-32017 - STARLINK-3334,Distance STARLINK-32017 - STARLINK-31765,Distance STARLINK-32017 - STARLINK-31070,Distance STARLINK-32017 - STARLINK-31043,Distance STARLINK-32017 - MoonARTEMIS1,Distance STARLINK-32017 - MoonARTEMIS2,Distance STARLINK-32017 - MoonIOAGEO,Distance STARLINK-32017 - MoonIOAGNO,Distance STARLINK-32017 - MoonIOAGNO 0001,Distance STARLINK-32017 - MoonIOAGSO,Distance STARLINK-32017 - MoonIOAGSO 0001,Distance STARLINK-32017 - MoonLRO,Distance STARLINK-32017 - MarsSat1,Distance STARLINK-32017 - MarsSat2,Distance STARLINK-32017 - MarsSat3,Distance STARLINK-32017 - MarsSat4,Distance STARLINK-4515 - STARLINK-4610,Distance STARLINK-4515 - STARLINK-5784,Distance STARLINK-4515 - STARLINK-31368,Distance STARLINK-4515 - STARLINK-4042,Distance STARLINK-4515 - STARLINK-32166,Distance STARLINK-4515 - STARLINK-5833,Distance STARLINK-4515 - STARLINK-5330,Distance STARLINK-4515 - STARLINK-1601,Distance STARLINK-4515 - STARLINK-32088,Distance STARLINK-4515 - STARLINK-1557,Distance STARLINK-4515 - STARLINK-3542,Distance STARLINK-4515 - STARLINK-1954,Distance STARLINK-4515 - STARLINK-4005,Distance STARLINK-4515 - STARLINK-30426,Distance STARLINK-4515 - STARLINK-3584,Distance STARLINK-4515 - STARLINK-4333,Distance STARLINK-4515 - STARLINK-30101,Distance STARLINK-4515 - STARLINK-5492,Distance STARLINK-4515 - STARLINK-30544,Distance STARLINK-4515 - STARLINK-6289,Distance STARLINK-4515 - STARLINK-30919,Distance STARLINK-4515 - STARLINK-3802,Distance STARLINK-4515 - STARLINK-1331,Distance STARLINK-4515 - STARLINK-5326,Distance STARLINK-4515 - STARLINK-5169,Distance STARLINK-4515 - STARLINK-5025,Distance STARLINK-4515 - STARLINK-5750,Distance STARLINK-4515 - STARLINK-5381,Distance STARLINK-4515 - STARLINK-2661,Distance STARLINK-4515 - STARLINK-30804,Distance STARLINK-4515 - STARLINK-31007,Distance STARLINK-4515 - STARLINK-3682,Distance STARLINK-4515 - STARLINK-3346,Distance STARLINK-4515 - STARLINK-4780,Distance STARLINK-4515 - STARLINK-4102,Distance STARLINK-4515 - STARLINK-3595,Distance STARLINK-4515 - STARLINK-4426,Distance STARLINK-4515 - STARLINK-1046,Distance STARLINK-4515 - STARLINK-2428,Distance STARLINK-4515 - STARLINK-5564,Distance STARLINK-4515 - STARLINK-3396,Distance STARLINK-4515 - STARLINK-3998,Distance STARLINK-4515 - STARLINK-4366,Distance STARLINK-4515 - STARLINK-31192,Distance STARLINK-4515 - STARLINK-30768,Distance STARLINK-4515 - STARLINK-5211,Distance STARLINK-4515 - STARLINK-4347,Distance STARLINK-4515 - STARLINK-30322,Distance STARLINK-4515 - STARLINK-30387,Distance STARLINK-4515 - STARLINK-1187,Distance STARLINK-4515 - STARLINK-1498,Distance STARLINK-4515 - STARLINK-31629,Distance STARLINK-4515 - STARLINK-5774,Distance STARLINK-4515 - STARLINK-31707,Distance STARLINK-4515 - STARLINK-4478,Distance STARLINK-4515 - STARLINK-31913,Distance STARLINK-4515 - STARLINK-31580,Distance STARLINK-4515 - STARLINK-4189,Distance STARLINK-4515 - STARLINK-3334,Distance STARLINK-4515 - STARLINK-31765,Distance STARLINK-4515 - STARLINK-31070,Distance STARLINK-4515 - STARLINK-31043,Distance STARLINK-4515 - MoonARTEMIS1,Distance STARLINK-4515 - MoonARTEMIS2,Distance STARLINK-4515 - MoonIOAGEO,Distance STARLINK-4515 - MoonIOAGNO,Distance STARLINK-4515 - MoonIOAGNO 0001,Distance STARLINK-4515 - MoonIOAGSO,Distance STARLINK-4515 - MoonIOAGSO 0001,Distance STARLINK-4515 - MoonLRO,Distance STARLINK-4515 - MarsSat1,Distance STARLINK-4515 - MarsSat2,Distance STARLINK-4515 - MarsSat3,Distance STARLINK-4515 - MarsSat4,Distance STARLINK-4610 - STARLINK-5784,Distance STARLINK-4610 - STARLINK-31368,Distance STARLINK-4610 - STARLINK-4042,Distance STARLINK-4610 - STARLINK-32166,Distance STARLINK-4610 - STARLINK-5833,Distance STARLINK-4610 - STARLINK-5330,Distance STARLINK-4610 - STARLINK-1601,Distance STARLINK-4610 - STARLINK-32088,Distance STARLINK-4610 - STARLINK-1557,Distance STARLINK-4610 - STARLINK-3542,Distance STARLINK-4610 - STARLINK-1954,Distance STARLINK-4610 - STARLINK-4005,Distance STARLINK-4610 - STARLINK-30426,Distance STARLINK-4610 - STARLINK-3584,Distance STARLINK-4610 - STARLINK-4333,Distance STARLINK-4610 - STARLINK-30101,Distance STARLINK-4610 - STARLINK-5492,Distance STARLINK-4610 - STARLINK-30544,Distance STARLINK-4610 - STARLINK-6289,Distance STARLINK-4610 - STARLINK-30919,Distance STARLINK-4610 - STARLINK-3802,Distance STARLINK-4610 - STARLINK-1331,Distance STARLINK-4610 - STARLINK-5326,Distance STARLINK-4610 - STARLINK-5169,Distance STARLINK-4610 - STARLINK-5025,Distance STARLINK-4610 - STARLINK-5750,Distance STARLINK-4610 - STARLINK-5381,Distance STARLINK-4610 - STARLINK-2661,Distance STARLINK-4610 - STARLINK-30804,Distance STARLINK-4610 - STARLINK-31007,Distance STARLINK-4610 - STARLINK-3682,Distance STARLINK-4610 - STARLINK-3346,Distance STARLINK-4610 - STARLINK-4780,Distance STARLINK-4610 - STARLINK-4102,Distance STARLINK-4610 - STARLINK-3595,Distance STARLINK-4610 - STARLINK-4426,Distance STARLINK-4610 - STARLINK-1046,Distance STARLINK-4610 - STARLINK-2428,Distance STARLINK-4610 - STARLINK-5564,Distance STARLINK-4610 - STARLINK-3396,Distance STARLINK-4610 - STARLINK-3998,Distance STARLINK-4610 - STARLINK-4366,Distance STARLINK-4610 - STARLINK-31192,Distance STARLINK-4610 - STARLINK-30768,Distance STARLINK-4610 - STARLINK-5211,Distance STARLINK-4610 - STARLINK-4347,Distance STARLINK-4610 - STARLINK-30322,Distance STARLINK-4610 - STARLINK-30387,Distance STARLINK-4610 - STARLINK-1187,Distance STARLINK-4610 - STARLINK-1498,Distance STARLINK-4610 - STARLINK-31629,Distance STARLINK-4610 - STARLINK-5774,Distance STARLINK-4610 - STARLINK-31707,Distance STARLINK-4610 - STARLINK-4478,Distance STARLINK-4610 - STARLINK-31913,Distance STARLINK-4610 - STARLINK-31580,Distance STARLINK-4610 - STARLINK-4189,Distance STARLINK-4610 - STARLINK-3334,Distance STARLINK-4610 - STARLINK-31765,Distance STARLINK-4610 - STARLINK-31070,Distance STARLINK-4610 - STARLINK-31043,Distance STARLINK-4610 - MoonARTEMIS1,Distance STARLINK-4610 - MoonARTEMIS2,Distance STARLINK-4610 - MoonIOAGEO,Distance STARLINK-4610 - MoonIOAGNO,Distance STARLINK-4610 - MoonIOAGNO 0001,Distance STARLINK-4610 - MoonIOAGSO,Distance STARLINK-4610 - MoonIOAGSO 0001,Distance STARLINK-4610 - MoonLRO,Distance STARLINK-4610 - MarsSat1,Distance STARLINK-4610 - MarsSat2,Distance STARLINK-4610 - MarsSat3,Distance STARLINK-4610 - MarsSat4,Distance STARLINK-5784 - STARLINK-31368,Distance STARLINK-5784 - STARLINK-4042,Distance STARLINK-5784 - STARLINK-32166,Distance STARLINK-5784 - STARLINK-5833,Distance STARLINK-5784 - STARLINK-5330,Distance STARLINK-5784 - STARLINK-1601,Distance STARLINK-5784 - STARLINK-32088,Distance STARLINK-5784 - STARLINK-1557,Distance STARLINK-5784 - STARLINK-3542,Distance STARLINK-5784 - STARLINK-1954,Distance STARLINK-5784 - STARLINK-4005,Distance STARLINK-5784 - STARLINK-30426,Distance STARLINK-5784 - STARLINK-3584,Distance STARLINK-5784 - STARLINK-4333,Distance STARLINK-5784 - STARLINK-30101,Distance STARLINK-5784 - STARLINK-5492,Distance STARLINK-5784 - STARLINK-30544,Distance STARLINK-5784 - STARLINK-6289,Distance STARLINK-5784 - STARLINK-30919,Distance STARLINK-5784 - STARLINK-3802,Distance STARLINK-5784 - STARLINK-1331,Distance STARLINK-5784 - STARLINK-5326,Distance STARLINK-5784 - STARLINK-5169,Distance STARLINK-5784 - STARLINK-5025,Distance STARLINK-5784 - STARLINK-5750,Distance STARLINK-5784 - STARLINK-5381,Distance STARLINK-5784 - STARLINK-2661,Distance STARLINK-5784 - STARLINK-30804,Distance STARLINK-5784 - STARLINK-31007,Distance STARLINK-5784 - STARLINK-3682,Distance STARLINK-5784 - STARLINK-3346,Distance STARLINK-5784 - STARLINK-4780,Distance STARLINK-5784 - STARLINK-4102,Distance STARLINK-5784 - STARLINK-3595,Distance STARLINK-5784 - STARLINK-4426,Distance STARLINK-5784 - STARLINK-1046,Distance STARLINK-5784 - STARLINK-2428,Distance STARLINK-5784 - STARLINK-5564,Distance STARLINK-5784 - STARLINK-3396,Distance STARLINK-5784 - STARLINK-3998,Distance STARLINK-5784 - STARLINK-4366,Distance STARLINK-5784 - STARLINK-31192,Distance STARLINK-5784 - STARLINK-30768,Distance STARLINK-5784 - STARLINK-5211,Distance STARLINK-5784 - STARLINK-4347,Distance STARLINK-5784 - STARLINK-30322,Distance STARLINK-5784 - STARLINK-30387,Distance STARLINK-5784 - STARLINK-1187,Distance STARLINK-5784 - STARLINK-1498,Distance STARLINK-5784 - STARLINK-31629,Distance STARLINK-5784 - STARLINK-5774,Distance STARLINK-5784 - STARLINK-31707,Distance STARLINK-5784 - STARLINK-4478,Distance STARLINK-5784 - STARLINK-31913,Distance STARLINK-5784 - STARLINK-31580,Distance STARLINK-5784 - STARLINK-4189,Distance STARLINK-5784 - STARLINK-3334,Distance STARLINK-5784 - STARLINK-31765,Distance STARLINK-5784 - STARLINK-31070,Distance STARLINK-5784 - STARLINK-31043,Distance STARLINK-5784 - MoonARTEMIS1,Distance STARLINK-5784 - MoonARTEMIS2,Distance STARLINK-5784 - MoonIOAGEO,Distance STARLINK-5784 - MoonIOAGNO,Distance STARLINK-5784 - MoonIOAGNO 0001,Distance STARLINK-5784 - MoonIOAGSO,Distance STARLINK-5784 - MoonIOAGSO 0001,Distance STARLINK-5784 - MoonLRO,Distance STARLINK-5784 - MarsSat1,Distance STARLINK-5784 - MarsSat2,Distance STARLINK-5784 - MarsSat3,Distance STARLINK-5784 - MarsSat4,Distance STARLINK-31368 - STARLINK-4042,Distance STARLINK-31368 - STARLINK-32166,Distance STARLINK-31368 - STARLINK-5833,Distance STARLINK-31368 - STARLINK-5330,Distance STARLINK-31368 - STARLINK-1601,Distance STARLINK-31368 - STARLINK-32088,Distance STARLINK-31368 - STARLINK-1557,Distance STARLINK-31368 - STARLINK-3542,Distance STARLINK-31368 - STARLINK-1954,Distance STARLINK-31368 - STARLINK-4005,Distance STARLINK-31368 - STARLINK-30426,Distance STARLINK-31368 - STARLINK-3584,Distance STARLINK-31368 - STARLINK-4333,Distance STARLINK-31368 - STARLINK-30101,Distance STARLINK-31368 - STARLINK-5492,Distance STARLINK-31368 - STARLINK-30544,Distance STARLINK-31368 - STARLINK-6289,Distance STARLINK-31368 - STARLINK-30919,Distance STARLINK-31368 - STARLINK-3802,Distance STARLINK-31368 - STARLINK-1331,Distance STARLINK-31368 - STARLINK-5326,Distance STARLINK-31368 - STARLINK-5169,Distance STARLINK-31368 - STARLINK-5025,Distance STARLINK-31368 - STARLINK-5750,Distance STARLINK-31368 - STARLINK-5381,Distance STARLINK-31368 - STARLINK-2661,Distance STARLINK-31368 - STARLINK-30804,Distance STARLINK-31368 - STARLINK-31007,Distance STARLINK-31368 - STARLINK-3682,Distance STARLINK-31368 - STARLINK-3346,Distance STARLINK-31368 - STARLINK-4780,Distance STARLINK-31368 - STARLINK-4102,Distance STARLINK-31368 - STARLINK-3595,Distance STARLINK-31368 - STARLINK-4426,Distance STARLINK-31368 - STARLINK-1046,Distance STARLINK-31368 - STARLINK-2428,Distance STARLINK-31368 - STARLINK-5564,Distance STARLINK-31368 - STARLINK-3396,Distance STARLINK-31368 - STARLINK-3998,Distance STARLINK-31368 - STARLINK-4366,Distance STARLINK-31368 - STARLINK-31192,Distance STARLINK-31368 - STARLINK-30768,Distance STARLINK-31368 - STARLINK-5211,Distance STARLINK-31368 - STARLINK-4347,Distance STARLINK-31368 - STARLINK-30322,Distance STARLINK-31368 - STARLINK-30387,Distance STARLINK-31368 - STARLINK-1187,Distance STARLINK-31368 - STARLINK-1498,Distance STARLINK-31368 - STARLINK-31629,Distance STARLINK-31368 - STARLINK-5774,Distance STARLINK-31368 - STARLINK-31707,Distance STARLINK-31368 - STARLINK-4478,Distance STARLINK-31368 - STARLINK-31913,Distance STARLINK-31368 - STARLINK-31580,Distance STARLINK-31368 - STARLINK-4189,Distance STARLINK-31368 - STARLINK-3334,Distance STARLINK-31368 - STARLINK-31765,Distance STARLINK-31368 - STARLINK-31070,Distance STARLINK-31368 - STARLINK-31043,Distance STARLINK-31368 - MoonARTEMIS1,Distance STARLINK-31368 - MoonARTEMIS2,Distance STARLINK-31368 - MoonIOAGEO,Distance STARLINK-31368 - MoonIOAGNO,Distance STARLINK-31368 - MoonIOAGNO 0001,Distance STARLINK-31368 - MoonIOAGSO,Distance STARLINK-31368 - MoonIOAGSO 0001,Distance STARLINK-31368 - MoonLRO,Distance STARLINK-31368 - MarsSat1,Distance STARLINK-31368 - MarsSat2,Distance STARLINK-31368 - MarsSat3,Distance STARLINK-31368 - MarsSat4,Distance STARLINK-4042 - STARLINK-32166,Distance STARLINK-4042 - STARLINK-5833,Distance STARLINK-4042 - STARLINK-5330,Distance STARLINK-4042 - STARLINK-1601,Distance STARLINK-4042 - STARLINK-32088,Distance STARLINK-4042 - STARLINK-1557,Distance STARLINK-4042 - STARLINK-3542,Distance STARLINK-4042 - STARLINK-1954,Distance STARLINK-4042 - STARLINK-4005,Distance STARLINK-4042 - STARLINK-30426,Distance STARLINK-4042 - STARLINK-3584,Distance STARLINK-4042 - STARLINK-4333,Distance STARLINK-4042 - STARLINK-30101,Distance STARLINK-4042 - STARLINK-5492,Distance STARLINK-4042 - STARLINK-30544,Distance STARLINK-4042 - STARLINK-6289,Distance STARLINK-4042 - STARLINK-30919,Distance STARLINK-4042 - STARLINK-3802,Distance STARLINK-4042 - STARLINK-1331,Distance STARLINK-4042 - STARLINK-5326,Distance STARLINK-4042 - STARLINK-5169,Distance STARLINK-4042 - STARLINK-5025,Distance STARLINK-4042 - STARLINK-5750,Distance STARLINK-4042 - STARLINK-5381,Distance STARLINK-4042 - STARLINK-2661,Distance STARLINK-4042 - STARLINK-30804,Distance STARLINK-4042 - STARLINK-31007,Distance STARLINK-4042 - STARLINK-3682,Distance STARLINK-4042 - STARLINK-3346,Distance STARLINK-4042 - STARLINK-4780,Distance STARLINK-4042 - STARLINK-4102,Distance STARLINK-4042 - STARLINK-3595,Distance STARLINK-4042 - STARLINK-4426,Distance STARLINK-4042 - STARLINK-1046,Distance STARLINK-4042 - STARLINK-2428,Distance STARLINK-4042 - STARLINK-5564,Distance STARLINK-4042 - STARLINK-3396,Distance STARLINK-4042 - STARLINK-3998,Distance STARLINK-4042 - STARLINK-4366,Distance STARLINK-4042 - STARLINK-31192,Distance STARLINK-4042 - STARLINK-30768,Distance STARLINK-4042 - STARLINK-5211,Distance STARLINK-4042 - STARLINK-4347,Distance STARLINK-4042 - STARLINK-30322,Distance STARLINK-4042 - STARLINK-30387,Distance STARLINK-4042 - STARLINK-1187,Distance STARLINK-4042 - STARLINK-1498,Distance STARLINK-4042 - STARLINK-31629,Distance STARLINK-4042 - STARLINK-5774,Distance STARLINK-4042 - STARLINK-31707,Distance STARLINK-4042 - STARLINK-4478,Distance STARLINK-4042 - STARLINK-31913,Distance STARLINK-4042 - STARLINK-31580,Distance STARLINK-4042 - STARLINK-4189,Distance STARLINK-4042 - STARLINK-3334,Distance STARLINK-4042 - STARLINK-31765,Distance STARLINK-4042 - STARLINK-31070,Distance STARLINK-4042 - STARLINK-31043,Distance STARLINK-4042 - MoonARTEMIS1,Distance STARLINK-4042 - MoonARTEMIS2,Distance STARLINK-4042 - MoonIOAGEO,Distance STARLINK-4042 - MoonIOAGNO,Distance STARLINK-4042 - MoonIOAGNO 0001,Distance STARLINK-4042 - MoonIOAGSO,Distance STARLINK-4042 - MoonIOAGSO 0001,Distance STARLINK-4042 - MoonLRO,Distance STARLINK-4042 - MarsSat1,Distance STARLINK-4042 - MarsSat2,Distance STARLINK-4042 - MarsSat3,Distance STARLINK-4042 - MarsSat4,Distance STARLINK-32166 - STARLINK-5833,Distance STARLINK-32166 - STARLINK-5330,Distance STARLINK-32166 - STARLINK-1601,Distance STARLINK-32166 - STARLINK-32088,Distance STARLINK-32166 - STARLINK-1557,Distance STARLINK-32166 - STARLINK-3542,Distance STARLINK-32166 - STARLINK-1954,Distance STARLINK-32166 - STARLINK-4005,Distance STARLINK-32166 - STARLINK-30426,Distance STARLINK-32166 - STARLINK-3584,Distance STARLINK-32166 - STARLINK-4333,Distance STARLINK-32166 - STARLINK-30101,Distance STARLINK-32166 - STARLINK-5492,Distance STARLINK-32166 - STARLINK-30544,Distance STARLINK-32166 - STARLINK-6289,Distance STARLINK-32166 - STARLINK-30919,Distance STARLINK-32166 - STARLINK-3802,Distance STARLINK-32166 - STARLINK-1331,Distance STARLINK-32166 - STARLINK-5326,Distance STARLINK-32166 - STARLINK-5169,Distance STARLINK-32166 - STARLINK-5025,Distance STARLINK-32166 - STARLINK-5750,Distance STARLINK-32166 - STARLINK-5381,Distance STARLINK-32166 - STARLINK-2661,Distance STARLINK-32166 - STARLINK-30804,Distance STARLINK-32166 - STARLINK-31007,Distance STARLINK-32166 - STARLINK-3682,Distance STARLINK-32166 - STARLINK-3346,Distance STARLINK-32166 - STARLINK-4780,Distance STARLINK-32166 - STARLINK-4102,Distance STARLINK-32166 - STARLINK-3595,Distance STARLINK-32166 - STARLINK-4426,Distance STARLINK-32166 - STARLINK-1046,Distance STARLINK-32166 - STARLINK-2428,Distance STARLINK-32166 - STARLINK-5564,Distance STARLINK-32166 - STARLINK-3396,Distance STARLINK-32166 - STARLINK-3998,Distance STARLINK-32166 - STARLINK-4366,Distance STARLINK-32166 - STARLINK-31192,Distance STARLINK-32166 - STARLINK-30768,Distance STARLINK-32166 - STARLINK-5211,Distance STARLINK-32166 - STARLINK-4347,Distance STARLINK-32166 - STARLINK-30322,Distance STARLINK-32166 - STARLINK-30387,Distance STARLINK-32166 - STARLINK-1187,Distance STARLINK-32166 - STARLINK-1498,Distance STARLINK-32166 - STARLINK-31629,Distance STARLINK-32166 - STARLINK-5774,Distance STARLINK-32166 - STARLINK-31707,Distance STARLINK-32166 - STARLINK-4478,Distance STARLINK-32166 - STARLINK-31913,Distance STARLINK-32166 - STARLINK-31580,Distance STARLINK-32166 - STARLINK-4189,Distance STARLINK-32166 - STARLINK-3334,Distance STARLINK-32166 - STARLINK-31765,Distance STARLINK-32166 - STARLINK-31070,Distance STARLINK-32166 - STARLINK-31043,Distance STARLINK-32166 - MoonARTEMIS1,Distance STARLINK-32166 - MoonARTEMIS2,Distance STARLINK-32166 - MoonIOAGEO,Distance STARLINK-32166 - MoonIOAGNO,Distance STARLINK-32166 - MoonIOAGNO 0001,Distance STARLINK-32166 - MoonIOAGSO,Distance STARLINK-32166 - MoonIOAGSO 0001,Distance STARLINK-32166 - MoonLRO,Distance STARLINK-32166 - MarsSat1,Distance STARLINK-32166 - MarsSat2,Distance STARLINK-32166 - MarsSat3,Distance STARLINK-32166 - MarsSat4,Distance STARLINK-5833 - STARLINK-5330,Distance STARLINK-5833 - STARLINK-1601,Distance STARLINK-5833 - STARLINK-32088,Distance STARLINK-5833 - STARLINK-1557,Distance STARLINK-5833 - STARLINK-3542,Distance STARLINK-5833 - STARLINK-1954,Distance STARLINK-5833 - STARLINK-4005,Distance STARLINK-5833 - STARLINK-30426,Distance STARLINK-5833 - STARLINK-3584,Distance STARLINK-5833 - STARLINK-4333,Distance STARLINK-5833 - STARLINK-30101,Distance STARLINK-5833 - STARLINK-5492,Distance STARLINK-5833 - STARLINK-30544,Distance STARLINK-5833 - STARLINK-6289,Distance STARLINK-5833 - STARLINK-30919,Distance STARLINK-5833 - STARLINK-3802,Distance STARLINK-5833 - STARLINK-1331,Distance STARLINK-5833 - STARLINK-5326,Distance STARLINK-5833 - STARLINK-5169,Distance STARLINK-5833 - STARLINK-5025,Distance STARLINK-5833 - STARLINK-5750,Distance STARLINK-5833 - STARLINK-5381,Distance STARLINK-5833 - STARLINK-2661,Distance STARLINK-5833 - STARLINK-30804,Distance STARLINK-5833 - STARLINK-31007,Distance STARLINK-5833 - STARLINK-3682,Distance STARLINK-5833 - STARLINK-3346,Distance STARLINK-5833 - STARLINK-4780,Distance STARLINK-5833 - STARLINK-4102,Distance STARLINK-5833 - STARLINK-3595,Distance STARLINK-5833 - STARLINK-4426,Distance STARLINK-5833 - STARLINK-1046,Distance STARLINK-5833 - STARLINK-2428,Distance STARLINK-5833 - STARLINK-5564,Distance STARLINK-5833 - STARLINK-3396,Distance STARLINK-5833 - STARLINK-3998,Distance STARLINK-5833 - STARLINK-4366,Distance STARLINK-5833 - STARLINK-31192,Distance STARLINK-5833 - STARLINK-30768,Distance STARLINK-5833 - STARLINK-5211,Distance STARLINK-5833 - STARLINK-4347,Distance STARLINK-5833 - STARLINK-30322,Distance STARLINK-5833 - STARLINK-30387,Distance STARLINK-5833 - STARLINK-1187,Distance STARLINK-5833 - STARLINK-1498,Distance STARLINK-5833 - STARLINK-31629,Distance STARLINK-5833 - STARLINK-5774,Distance STARLINK-5833 - STARLINK-31707,Distance STARLINK-5833 - STARLINK-4478,Distance STARLINK-5833 - STARLINK-31913,Distance STARLINK-5833 - STARLINK-31580,Distance STARLINK-5833 - STARLINK-4189,Distance STARLINK-5833 - STARLINK-3334,Distance STARLINK-5833 - STARLINK-31765,Distance STARLINK-5833 - STARLINK-31070,Distance STARLINK-5833 - STARLINK-31043,Distance STARLINK-5833 - MoonARTEMIS1,Distance STARLINK-5833 - MoonARTEMIS2,Distance STARLINK-5833 - MoonIOAGEO,Distance STARLINK-5833 - MoonIOAGNO,Distance STARLINK-5833 - MoonIOAGNO 0001,Distance STARLINK-5833 - MoonIOAGSO,Distance STARLINK-5833 - MoonIOAGSO 0001,Distance STARLINK-5833 - MoonLRO,Distance STARLINK-5833 - MarsSat1,Distance STARLINK-5833 - MarsSat2,Distance STARLINK-5833 - MarsSat3,Distance STARLINK-5833 - MarsSat4,Distance STARLINK-5330 - STARLINK-1601,Distance STARLINK-5330 - STARLINK-32088,Distance STARLINK-5330 - STARLINK-1557,Distance STARLINK-5330 - STARLINK-3542,Distance STARLINK-5330 - STARLINK-1954,Distance STARLINK-5330 - STARLINK-4005,Distance STARLINK-5330 - STARLINK-30426,Distance STARLINK-5330 - STARLINK-3584,Distance STARLINK-5330 - STARLINK-4333,Distance STARLINK-5330 - STARLINK-30101,Distance STARLINK-5330 - STARLINK-5492,Distance STARLINK-5330 - STARLINK-30544,Distance STARLINK-5330 - STARLINK-6289,Distance STARLINK-5330 - STARLINK-30919,Distance STARLINK-5330 - STARLINK-3802,Distance STARLINK-5330 - STARLINK-1331,Distance STARLINK-5330 - STARLINK-5326,Distance STARLINK-5330 - STARLINK-5169,Distance STARLINK-5330 - STARLINK-5025,Distance STARLINK-5330 - STARLINK-5750,Distance STARLINK-5330 - STARLINK-5381,Distance STARLINK-5330 - STARLINK-2661,Distance STARLINK-5330 - STARLINK-30804,Distance STARLINK-5330 - STARLINK-31007,Distance STARLINK-5330 - STARLINK-3682,Distance STARLINK-5330 - STARLINK-3346,Distance STARLINK-5330 - STARLINK-4780,Distance STARLINK-5330 - STARLINK-4102,Distance STARLINK-5330 - STARLINK-3595,Distance STARLINK-5330 - STARLINK-4426,Distance STARLINK-5330 - STARLINK-1046,Distance STARLINK-5330 - STARLINK-2428,Distance STARLINK-5330 - STARLINK-5564,Distance STARLINK-5330 - STARLINK-3396,Distance STARLINK-5330 - STARLINK-3998,Distance STARLINK-5330 - STARLINK-4366,Distance STARLINK-5330 - STARLINK-31192,Distance STARLINK-5330 - STARLINK-30768,Distance STARLINK-5330 - STARLINK-5211,Distance STARLINK-5330 - STARLINK-4347,Distance STARLINK-5330 - STARLINK-30322,Distance STARLINK-5330 - STARLINK-30387,Distance STARLINK-5330 - STARLINK-1187,Distance STARLINK-5330 - STARLINK-1498,Distance STARLINK-5330 - STARLINK-31629,Distance STARLINK-5330 - STARLINK-5774,Distance STARLINK-5330 - STARLINK-31707,Distance STARLINK-5330 - STARLINK-4478,Distance STARLINK-5330 - STARLINK-31913,Distance STARLINK-5330 - STARLINK-31580,Distance STARLINK-5330 - STARLINK-4189,Distance STARLINK-5330 - STARLINK-3334,Distance STARLINK-5330 - STARLINK-31765,Distance STARLINK-5330 - STARLINK-31070,Distance STARLINK-5330 - STARLINK-31043,Distance STARLINK-5330 - MoonARTEMIS1,Distance STARLINK-5330 - MoonARTEMIS2,Distance STARLINK-5330 - MoonIOAGEO,Distance STARLINK-5330 - MoonIOAGNO,Distance STARLINK-5330 - MoonIOAGNO 0001,Distance STARLINK-5330 - MoonIOAGSO,Distance STARLINK-5330 - MoonIOAGSO 0001,Distance STARLINK-5330 - MoonLRO,Distance STARLINK-5330 - MarsSat1,Distance STARLINK-5330 - MarsSat2,Distance STARLINK-5330 - MarsSat3,Distance STARLINK-5330 - MarsSat4,Distance STARLINK-1601 - STARLINK-32088,Distance STARLINK-1601 - STARLINK-1557,Distance STARLINK-1601 - STARLINK-3542,Distance STARLINK-1601 - STARLINK-1954,Distance STARLINK-1601 - STARLINK-4005,Distance STARLINK-1601 - STARLINK-30426,Distance STARLINK-1601 - STARLINK-3584,Distance STARLINK-1601 - STARLINK-4333,Distance STARLINK-1601 - STARLINK-30101,Distance STARLINK-1601 - STARLINK-5492,Distance STARLINK-1601 - STARLINK-30544,Distance STARLINK-1601 - STARLINK-6289,Distance STARLINK-1601 - STARLINK-30919,Distance STARLINK-1601 - STARLINK-3802,Distance STARLINK-1601 - STARLINK-1331,Distance STARLINK-1601 - STARLINK-5326,Distance STARLINK-1601 - STARLINK-5169,Distance STARLINK-1601 - STARLINK-5025,Distance STARLINK-1601 - STARLINK-5750,Distance STARLINK-1601 - STARLINK-5381,Distance STARLINK-1601 - STARLINK-2661,Distance STARLINK-1601 - STARLINK-30804,Distance STARLINK-1601 - STARLINK-31007,Distance STARLINK-1601 - STARLINK-3682,Distance STARLINK-1601 - STARLINK-3346,Distance STARLINK-1601 - STARLINK-4780,Distance STARLINK-1601 - STARLINK-4102,Distance STARLINK-1601 - STARLINK-3595,Distance STARLINK-1601 - STARLINK-4426,Distance STARLINK-1601 - STARLINK-1046,Distance STARLINK-1601 - STARLINK-2428,Distance STARLINK-1601 - STARLINK-5564,Distance STARLINK-1601 - STARLINK-3396,Distance STARLINK-1601 - STARLINK-3998,Distance STARLINK-1601 - STARLINK-4366,Distance STARLINK-1601 - STARLINK-31192,Distance STARLINK-1601 - STARLINK-30768,Distance STARLINK-1601 - STARLINK-5211,Distance STARLINK-1601 - STARLINK-4347,Distance STARLINK-1601 - STARLINK-30322,Distance STARLINK-1601 - STARLINK-30387,Distance STARLINK-1601 - STARLINK-1187,Distance STARLINK-1601 - STARLINK-1498,Distance STARLINK-1601 - STARLINK-31629,Distance STARLINK-1601 - STARLINK-5774,Distance STARLINK-1601 - STARLINK-31707,Distance STARLINK-1601 - STARLINK-4478,Distance STARLINK-1601 - STARLINK-31913,Distance STARLINK-1601 - STARLINK-31580,Distance STARLINK-1601 - STARLINK-4189,Distance STARLINK-1601 - STARLINK-3334,Distance STARLINK-1601 - STARLINK-31765,Distance STARLINK-1601 - STARLINK-31070,Distance STARLINK-1601 - STARLINK-31043,Distance STARLINK-1601 - MoonARTEMIS1,Distance STARLINK-1601 - MoonARTEMIS2,Distance STARLINK-1601 - MoonIOAGEO,Distance STARLINK-1601 - MoonIOAGNO,Distance STARLINK-1601 - MoonIOAGNO 0001,Distance STARLINK-1601 - MoonIOAGSO,Distance STARLINK-1601 - MoonIOAGSO 0001,Distance STARLINK-1601 - MoonLRO,Distance STARLINK-1601 - MarsSat1,Distance STARLINK-1601 - MarsSat2,Distance STARLINK-1601 - MarsSat3,Distance STARLINK-1601 - MarsSat4,Distance STARLINK-32088 - STARLINK-1557,Distance STARLINK-32088 - STARLINK-3542,Distance STARLINK-32088 - STARLINK-1954,Distance STARLINK-32088 - STARLINK-4005,Distance STARLINK-32088 - STARLINK-30426,Distance STARLINK-32088 - STARLINK-3584,Distance STARLINK-32088 - STARLINK-4333,Distance STARLINK-32088 - STARLINK-30101,Distance STARLINK-32088 - STARLINK-5492,Distance STARLINK-32088 - STARLINK-30544,Distance STARLINK-32088 - STARLINK-6289,Distance STARLINK-32088 - STARLINK-30919,Distance STARLINK-32088 - STARLINK-3802,Distance STARLINK-32088 - STARLINK-1331,Distance STARLINK-32088 - STARLINK-5326,Distance STARLINK-32088 - STARLINK-5169,Distance STARLINK-32088 - STARLINK-5025,Distance STARLINK-32088 - STARLINK-5750,Distance STARLINK-32088 - STARLINK-5381,Distance STARLINK-32088 - STARLINK-2661,Distance STARLINK-32088 - STARLINK-30804,Distance STARLINK-32088 - STARLINK-31007,Distance STARLINK-32088 - STARLINK-3682,Distance STARLINK-32088 - STARLINK-3346,Distance STARLINK-32088 - STARLINK-4780,Distance STARLINK-32088 - STARLINK-4102,Distance STARLINK-32088 - STARLINK-3595,Distance STARLINK-32088 - STARLINK-4426,Distance STARLINK-32088 - STARLINK-1046,Distance STARLINK-32088 - STARLINK-2428,Distance STARLINK-32088 - STARLINK-5564,Distance STARLINK-32088 - STARLINK-3396,Distance STARLINK-32088 - STARLINK-3998,Distance STARLINK-32088 - STARLINK-4366,Distance STARLINK-32088 - STARLINK-31192,Distance STARLINK-32088 - STARLINK-30768,Distance STARLINK-32088 - STARLINK-5211,Distance STARLINK-32088 - STARLINK-4347,Distance STARLINK-32088 - STARLINK-30322,Distance STARLINK-32088 - STARLINK-30387,Distance STARLINK-32088 - STARLINK-1187,Distance STARLINK-32088 - STARLINK-1498,Distance STARLINK-32088 - STARLINK-31629,Distance STARLINK-32088 - STARLINK-5774,Distance STARLINK-32088 - STARLINK-31707,Distance STARLINK-32088 - STARLINK-4478,Distance STARLINK-32088 - STARLINK-31913,Distance STARLINK-32088 - STARLINK-31580,Distance STARLINK-32088 - STARLINK-4189,Distance STARLINK-32088 - STARLINK-3334,Distance STARLINK-32088 - STARLINK-31765,Distance STARLINK-32088 - STARLINK-31070,Distance STARLINK-32088 - STARLINK-31043,Distance STARLINK-32088 - MoonARTEMIS1,Distance STARLINK-32088 - MoonARTEMIS2,Distance STARLINK-32088 - MoonIOAGEO,Distance STARLINK-32088 - MoonIOAGNO,Distance STARLINK-32088 - MoonIOAGNO 0001,Distance STARLINK-32088 - MoonIOAGSO,Distance STARLINK-32088 - MoonIOAGSO 0001,Distance STARLINK-32088 - MoonLRO,Distance STARLINK-32088 - MarsSat1,Distance STARLINK-32088 - MarsSat2,Distance STARLINK-32088 - MarsSat3,Distance STARLINK-32088 - MarsSat4,Distance STARLINK-1557 - STARLINK-3542,Distance STARLINK-1557 - STARLINK-1954,Distance STARLINK-1557 - STARLINK-4005,Distance STARLINK-1557 - STARLINK-30426,Distance STARLINK-1557 - STARLINK-3584,Distance STARLINK-1557 - STARLINK-4333,Distance STARLINK-1557 - STARLINK-30101,Distance STARLINK-1557 - STARLINK-5492,Distance STARLINK-1557 - STARLINK-30544,Distance STARLINK-1557 - STARLINK-6289,Distance STARLINK-1557 - STARLINK-30919,Distance STARLINK-1557 - STARLINK-3802,Distance STARLINK-1557 - STARLINK-1331,Distance STARLINK-1557 - STARLINK-5326,Distance STARLINK-1557 - STARLINK-5169,Distance STARLINK-1557 - STARLINK-5025,Distance STARLINK-1557 - STARLINK-5750,Distance STARLINK-1557 - STARLINK-5381,Distance STARLINK-1557 - STARLINK-2661,Distance STARLINK-1557 - STARLINK-30804,Distance STARLINK-1557 - STARLINK-31007,Distance STARLINK-1557 - STARLINK-3682,Distance STARLINK-1557 - STARLINK-3346,Distance STARLINK-1557 - STARLINK-4780,Distance STARLINK-1557 - STARLINK-4102,Distance STARLINK-1557 - STARLINK-3595,Distance STARLINK-1557 - STARLINK-4426,Distance STARLINK-1557 - STARLINK-1046,Distance STARLINK-1557 - STARLINK-2428,Distance STARLINK-1557 - STARLINK-5564,Distance STARLINK-1557 - STARLINK-3396,Distance STARLINK-1557 - STARLINK-3998,Distance STARLINK-1557 - STARLINK-4366,Distance STARLINK-1557 - STARLINK-31192,Distance STARLINK-1557 - STARLINK-30768,Distance STARLINK-1557 - STARLINK-5211,Distance STARLINK-1557 - STARLINK-4347,Distance STARLINK-1557 - STARLINK-30322,Distance STARLINK-1557 - STARLINK-30387,Distance STARLINK-1557 - STARLINK-1187,Distance STARLINK-1557 - STARLINK-1498,Distance STARLINK-1557 - STARLINK-31629,Distance STARLINK-1557 - STARLINK-5774,Distance STARLINK-1557 - STARLINK-31707,Distance STARLINK-1557 - STARLINK-4478,Distance STARLINK-1557 - STARLINK-31913,Distance STARLINK-1557 - STARLINK-31580,Distance STARLINK-1557 - STARLINK-4189,Distance STARLINK-1557 - STARLINK-3334,Distance STARLINK-1557 - STARLINK-31765,Distance STARLINK-1557 - STARLINK-31070,Distance STARLINK-1557 - STARLINK-31043,Distance STARLINK-1557 - MoonARTEMIS1,Distance STARLINK-1557 - MoonARTEMIS2,Distance STARLINK-1557 - MoonIOAGEO,Distance STARLINK-1557 - MoonIOAGNO,Distance STARLINK-1557 - MoonIOAGNO 0001,Distance STARLINK-1557 - MoonIOAGSO,Distance STARLINK-1557 - MoonIOAGSO 0001,Distance STARLINK-1557 - MoonLRO,Distance STARLINK-1557 - MarsSat1,Distance STARLINK-1557 - MarsSat2,Distance STARLINK-1557 - MarsSat3,Distance STARLINK-1557 - MarsSat4,Distance STARLINK-3542 - STARLINK-1954,Distance STARLINK-3542 - STARLINK-4005,Distance STARLINK-3542 - STARLINK-30426,Distance STARLINK-3542 - STARLINK-3584,Distance STARLINK-3542 - STARLINK-4333,Distance STARLINK-3542 - STARLINK-30101,Distance STARLINK-3542 - STARLINK-5492,Distance STARLINK-3542 - STARLINK-30544,Distance STARLINK-3542 - STARLINK-6289,Distance STARLINK-3542 - STARLINK-30919,Distance STARLINK-3542 - STARLINK-3802,Distance STARLINK-3542 - STARLINK-1331,Distance STARLINK-3542 - STARLINK-5326,Distance STARLINK-3542 - STARLINK-5169,Distance STARLINK-3542 - STARLINK-5025,Distance STARLINK-3542 - STARLINK-5750,Distance STARLINK-3542 - STARLINK-5381,Distance STARLINK-3542 - STARLINK-2661,Distance STARLINK-3542 - STARLINK-30804,Distance STARLINK-3542 - STARLINK-31007,Distance STARLINK-3542 - STARLINK-3682,Distance STARLINK-3542 - STARLINK-3346,Distance STARLINK-3542 - STARLINK-4780,Distance STARLINK-3542 - STARLINK-4102,Distance STARLINK-3542 - STARLINK-3595,Distance STARLINK-3542 - STARLINK-4426,Distance STARLINK-3542 - STARLINK-1046,Distance STARLINK-3542 - STARLINK-2428,Distance STARLINK-3542 - STARLINK-5564,Distance STARLINK-3542 - STARLINK-3396,Distance STARLINK-3542 - STARLINK-3998,Distance STARLINK-3542 - STARLINK-4366,Distance STARLINK-3542 - STARLINK-31192,Distance STARLINK-3542 - STARLINK-30768,Distance STARLINK-3542 - STARLINK-5211,Distance STARLINK-3542 - STARLINK-4347,Distance STARLINK-3542 - STARLINK-30322,Distance STARLINK-3542 - STARLINK-30387,Distance STARLINK-3542 - STARLINK-1187,Distance STARLINK-3542 - STARLINK-1498,Distance STARLINK-3542 - STARLINK-31629,Distance STARLINK-3542 - STARLINK-5774,Distance STARLINK-3542 - STARLINK-31707,Distance STARLINK-3542 - STARLINK-4478,Distance STARLINK-3542 - STARLINK-31913,Distance STARLINK-3542 - STARLINK-31580,Distance STARLINK-3542 - STARLINK-4189,Distance STARLINK-3542 - STARLINK-3334,Distance STARLINK-3542 - STARLINK-31765,Distance STARLINK-3542 - STARLINK-31070,Distance STARLINK-3542 - STARLINK-31043,Distance STARLINK-3542 - MoonARTEMIS1,Distance STARLINK-3542 - MoonARTEMIS2,Distance STARLINK-3542 - MoonIOAGEO,Distance STARLINK-3542 - MoonIOAGNO,Distance STARLINK-3542 - MoonIOAGNO 0001,Distance STARLINK-3542 - MoonIOAGSO,Distance STARLINK-3542 - MoonIOAGSO 0001,Distance STARLINK-3542 - MoonLRO,Distance STARLINK-3542 - MarsSat1,Distance STARLINK-3542 - MarsSat2,Distance STARLINK-3542 - MarsSat3,Distance STARLINK-3542 - MarsSat4,Distance STARLINK-1954 - STARLINK-4005,Distance STARLINK-1954 - STARLINK-30426,Distance STARLINK-1954 - STARLINK-3584,Distance STARLINK-1954 - STARLINK-4333,Distance STARLINK-1954 - STARLINK-30101,Distance STARLINK-1954 - STARLINK-5492,Distance STARLINK-1954 - STARLINK-30544,Distance STARLINK-1954 - STARLINK-6289,Distance STARLINK-1954 - STARLINK-30919,Distance STARLINK-1954 - STARLINK-3802,Distance STARLINK-1954 - STARLINK-1331,Distance STARLINK-1954 - STARLINK-5326,Distance STARLINK-1954 - STARLINK-5169,Distance STARLINK-1954 - STARLINK-5025,Distance STARLINK-1954 - STARLINK-5750,Distance STARLINK-1954 - STARLINK-5381,Distance STARLINK-1954 - STARLINK-2661,Distance STARLINK-1954 - STARLINK-30804,Distance STARLINK-1954 - STARLINK-31007,Distance STARLINK-1954 - STARLINK-3682,Distance STARLINK-1954 - STARLINK-3346,Distance STARLINK-1954 - STARLINK-4780,Distance STARLINK-1954 - STARLINK-4102,Distance STARLINK-1954 - STARLINK-3595,Distance STARLINK-1954 - STARLINK-4426,Distance STARLINK-1954 - STARLINK-1046,Distance STARLINK-1954 - STARLINK-2428,Distance STARLINK-1954 - STARLINK-5564,Distance STARLINK-1954 - STARLINK-3396,Distance STARLINK-1954 - STARLINK-3998,Distance STARLINK-1954 - STARLINK-4366,Distance STARLINK-1954 - STARLINK-31192,Distance STARLINK-1954 - STARLINK-30768,Distance STARLINK-1954 - STARLINK-5211,Distance STARLINK-1954 - STARLINK-4347,Distance STARLINK-1954 - STARLINK-30322,Distance STARLINK-1954 - STARLINK-30387,Distance STARLINK-1954 - STARLINK-1187,Distance STARLINK-1954 - STARLINK-1498,Distance STARLINK-1954 - STARLINK-31629,Distance STARLINK-1954 - STARLINK-5774,Distance STARLINK-1954 - STARLINK-31707,Distance STARLINK-1954 - STARLINK-4478,Distance STARLINK-1954 - STARLINK-31913,Distance STARLINK-1954 - STARLINK-31580,Distance STARLINK-1954 - STARLINK-4189,Distance STARLINK-1954 - STARLINK-3334,Distance STARLINK-1954 - STARLINK-31765,Distance STARLINK-1954 - STARLINK-31070,Distance STARLINK-1954 - STARLINK-31043,Distance STARLINK-1954 - MoonARTEMIS1,Distance STARLINK-1954 - MoonARTEMIS2,Distance STARLINK-1954 - MoonIOAGEO,Distance STARLINK-1954 - MoonIOAGNO,Distance STARLINK-1954 - MoonIOAGNO 0001,Distance STARLINK-1954 - MoonIOAGSO,Distance STARLINK-1954 - MoonIOAGSO 0001,Distance STARLINK-1954 - MoonLRO,Distance STARLINK-1954 - MarsSat1,Distance STARLINK-1954 - MarsSat2,Distance STARLINK-1954 - MarsSat3,Distance STARLINK-1954 - MarsSat4,Distance STARLINK-4005 - STARLINK-30426,Distance STARLINK-4005 - STARLINK-3584,Distance STARLINK-4005 - STARLINK-4333,Distance STARLINK-4005 - STARLINK-30101,Distance STARLINK-4005 - STARLINK-5492,Distance STARLINK-4005 - STARLINK-30544,Distance STARLINK-4005 - STARLINK-6289,Distance STARLINK-4005 - STARLINK-30919,Distance STARLINK-4005 - STARLINK-3802,Distance STARLINK-4005 - STARLINK-1331,Distance STARLINK-4005 - STARLINK-5326,Distance STARLINK-4005 - STARLINK-5169,Distance STARLINK-4005 - STARLINK-5025,Distance STARLINK-4005 - STARLINK-5750,Distance STARLINK-4005 - STARLINK-5381,Distance STARLINK-4005 - STARLINK-2661,Distance STARLINK-4005 - STARLINK-30804,Distance STARLINK-4005 - STARLINK-31007,Distance STARLINK-4005 - STARLINK-3682,Distance STARLINK-4005 - STARLINK-3346,Distance STARLINK-4005 - STARLINK-4780,Distance STARLINK-4005 - STARLINK-4102,Distance STARLINK-4005 - STARLINK-3595,Distance STARLINK-4005 - STARLINK-4426,Distance STARLINK-4005 - STARLINK-1046,Distance STARLINK-4005 - STARLINK-2428,Distance STARLINK-4005 - STARLINK-5564,Distance STARLINK-4005 - STARLINK-3396,Distance STARLINK-4005 - STARLINK-3998,Distance STARLINK-4005 - STARLINK-4366,Distance STARLINK-4005 - STARLINK-31192,Distance STARLINK-4005 - STARLINK-30768,Distance STARLINK-4005 - STARLINK-5211,Distance STARLINK-4005 - STARLINK-4347,Distance STARLINK-4005 - STARLINK-30322,Distance STARLINK-4005 - STARLINK-30387,Distance STARLINK-4005 - STARLINK-1187,Distance STARLINK-4005 - STARLINK-1498,Distance STARLINK-4005 - STARLINK-31629,Distance STARLINK-4005 - STARLINK-5774,Distance STARLINK-4005 - STARLINK-31707,Distance STARLINK-4005 - STARLINK-4478,Distance STARLINK-4005 - STARLINK-31913,Distance STARLINK-4005 - STARLINK-31580,Distance STARLINK-4005 - STARLINK-4189,Distance STARLINK-4005 - STARLINK-3334,Distance STARLINK-4005 - STARLINK-31765,Distance STARLINK-4005 - STARLINK-31070,Distance STARLINK-4005 - STARLINK-31043,Distance STARLINK-4005 - MoonARTEMIS1,Distance STARLINK-4005 - MoonARTEMIS2,Distance STARLINK-4005 - MoonIOAGEO,Distance STARLINK-4005 - MoonIOAGNO,Distance STARLINK-4005 - MoonIOAGNO 0001,Distance STARLINK-4005 - MoonIOAGSO,Distance STARLINK-4005 - MoonIOAGSO 0001,Distance STARLINK-4005 - MoonLRO,Distance STARLINK-4005 - MarsSat1,Distance STARLINK-4005 - MarsSat2,Distance STARLINK-4005 - MarsSat3,Distance STARLINK-4005 - MarsSat4,Distance STARLINK-30426 - STARLINK-3584,Distance STARLINK-30426 - STARLINK-4333,Distance STARLINK-30426 - STARLINK-30101,Distance STARLINK-30426 - STARLINK-5492,Distance STARLINK-30426 - STARLINK-30544,Distance STARLINK-30426 - STARLINK-6289,Distance STARLINK-30426 - STARLINK-30919,Distance STARLINK-30426 - STARLINK-3802,Distance STARLINK-30426 - STARLINK-1331,Distance STARLINK-30426 - STARLINK-5326,Distance STARLINK-30426 - STARLINK-5169,Distance STARLINK-30426 - STARLINK-5025,Distance STARLINK-30426 - STARLINK-5750,Distance STARLINK-30426 - STARLINK-5381,Distance STARLINK-30426 - STARLINK-2661,Distance STARLINK-30426 - STARLINK-30804,Distance STARLINK-30426 - STARLINK-31007,Distance STARLINK-30426 - STARLINK-3682,Distance STARLINK-30426 - STARLINK-3346,Distance STARLINK-30426 - STARLINK-4780,Distance STARLINK-30426 - STARLINK-4102,Distance STARLINK-30426 - STARLINK-3595,Distance STARLINK-30426 - STARLINK-4426,Distance STARLINK-30426 - STARLINK-1046,Distance STARLINK-30426 - STARLINK-2428,Distance STARLINK-30426 - STARLINK-5564,Distance STARLINK-30426 - STARLINK-3396,Distance STARLINK-30426 - STARLINK-3998,Distance STARLINK-30426 - STARLINK-4366,Distance STARLINK-30426 - STARLINK-31192,Distance STARLINK-30426 - STARLINK-30768,Distance STARLINK-30426 - STARLINK-5211,Distance STARLINK-30426 - STARLINK-4347,Distance STARLINK-30426 - STARLINK-30322,Distance STARLINK-30426 - STARLINK-30387,Distance STARLINK-30426 - STARLINK-1187,Distance STARLINK-30426 - STARLINK-1498,Distance STARLINK-30426 - STARLINK-31629,Distance STARLINK-30426 - STARLINK-5774,Distance STARLINK-30426 - STARLINK-31707,Distance STARLINK-30426 - STARLINK-4478,Distance STARLINK-30426 - STARLINK-31913,Distance STARLINK-30426 - STARLINK-31580,Distance STARLINK-30426 - STARLINK-4189,Distance STARLINK-30426 - STARLINK-3334,Distance STARLINK-30426 - STARLINK-31765,Distance STARLINK-30426 - STARLINK-31070,Distance STARLINK-30426 - STARLINK-31043,Distance STARLINK-30426 - MoonARTEMIS1,Distance STARLINK-30426 - MoonARTEMIS2,Distance STARLINK-30426 - MoonIOAGEO,Distance STARLINK-30426 - MoonIOAGNO,Distance STARLINK-30426 - MoonIOAGNO 0001,Distance STARLINK-30426 - MoonIOAGSO,Distance STARLINK-30426 - MoonIOAGSO 0001,Distance STARLINK-30426 - MoonLRO,Distance STARLINK-30426 - MarsSat1,Distance STARLINK-30426 - MarsSat2,Distance STARLINK-30426 - MarsSat3,Distance STARLINK-30426 - MarsSat4,Distance STARLINK-3584 - STARLINK-4333,Distance STARLINK-3584 - STARLINK-30101,Distance STARLINK-3584 - STARLINK-5492,Distance STARLINK-3584 - STARLINK-30544,Distance STARLINK-3584 - STARLINK-6289,Distance STARLINK-3584 - STARLINK-30919,Distance STARLINK-3584 - STARLINK-3802,Distance STARLINK-3584 - STARLINK-1331,Distance STARLINK-3584 - STARLINK-5326,Distance STARLINK-3584 - STARLINK-5169,Distance STARLINK-3584 - STARLINK-5025,Distance STARLINK-3584 - STARLINK-5750,Distance STARLINK-3584 - STARLINK-5381,Distance STARLINK-3584 - STARLINK-2661,Distance STARLINK-3584 - STARLINK-30804,Distance STARLINK-3584 - STARLINK-31007,Distance STARLINK-3584 - STARLINK-3682,Distance STARLINK-3584 - STARLINK-3346,Distance STARLINK-3584 - STARLINK-4780,Distance STARLINK-3584 - STARLINK-4102,Distance STARLINK-3584 - STARLINK-3595,Distance STARLINK-3584 - STARLINK-4426,Distance STARLINK-3584 - STARLINK-1046,Distance STARLINK-3584 - STARLINK-2428,Distance STARLINK-3584 - STARLINK-5564,Distance STARLINK-3584 - STARLINK-3396,Distance STARLINK-3584 - STARLINK-3998,Distance STARLINK-3584 - STARLINK-4366,Distance STARLINK-3584 - STARLINK-31192,Distance STARLINK-3584 - STARLINK-30768,Distance STARLINK-3584 - STARLINK-5211,Distance STARLINK-3584 - STARLINK-4347,Distance STARLINK-3584 - STARLINK-30322,Distance STARLINK-3584 - STARLINK-30387,Distance STARLINK-3584 - STARLINK-1187,Distance STARLINK-3584 - STARLINK-1498,Distance STARLINK-3584 - STARLINK-31629,Distance STARLINK-3584 - STARLINK-5774,Distance STARLINK-3584 - STARLINK-31707,Distance STARLINK-3584 - STARLINK-4478,Distance STARLINK-3584 - STARLINK-31913,Distance STARLINK-3584 - STARLINK-31580,Distance STARLINK-3584 - STARLINK-4189,Distance STARLINK-3584 - STARLINK-3334,Distance STARLINK-3584 - STARLINK-31765,Distance STARLINK-3584 - STARLINK-31070,Distance STARLINK-3584 - STARLINK-31043,Distance STARLINK-3584 - MoonARTEMIS1,Distance STARLINK-3584 - MoonARTEMIS2,Distance STARLINK-3584 - MoonIOAGEO,Distance STARLINK-3584 - MoonIOAGNO,Distance STARLINK-3584 - MoonIOAGNO 0001,Distance STARLINK-3584 - MoonIOAGSO,Distance STARLINK-3584 - MoonIOAGSO 0001,Distance STARLINK-3584 - MoonLRO,Distance STARLINK-3584 - MarsSat1,Distance STARLINK-3584 - MarsSat2,Distance STARLINK-3584 - MarsSat3,Distance STARLINK-3584 - MarsSat4,Distance STARLINK-4333 - STARLINK-30101,Distance STARLINK-4333 - STARLINK-5492,Distance STARLINK-4333 - STARLINK-30544,Distance STARLINK-4333 - STARLINK-6289,Distance STARLINK-4333 - STARLINK-30919,Distance STARLINK-4333 - STARLINK-3802,Distance STARLINK-4333 - STARLINK-1331,Distance STARLINK-4333 - STARLINK-5326,Distance STARLINK-4333 - STARLINK-5169,Distance STARLINK-4333 - STARLINK-5025,Distance STARLINK-4333 - STARLINK-5750,Distance STARLINK-4333 - STARLINK-5381,Distance STARLINK-4333 - STARLINK-2661,Distance STARLINK-4333 - STARLINK-30804,Distance STARLINK-4333 - STARLINK-31007,Distance STARLINK-4333 - STARLINK-3682,Distance STARLINK-4333 - STARLINK-3346,Distance STARLINK-4333 - STARLINK-4780,Distance STARLINK-4333 - STARLINK-4102,Distance STARLINK-4333 - STARLINK-3595,Distance STARLINK-4333 - STARLINK-4426,Distance STARLINK-4333 - STARLINK-1046,Distance STARLINK-4333 - STARLINK-2428,Distance STARLINK-4333 - STARLINK-5564,Distance STARLINK-4333 - STARLINK-3396,Distance STARLINK-4333 - STARLINK-3998,Distance STARLINK-4333 - STARLINK-4366,Distance STARLINK-4333 - STARLINK-31192,Distance STARLINK-4333 - STARLINK-30768,Distance STARLINK-4333 - STARLINK-5211,Distance STARLINK-4333 - STARLINK-4347,Distance STARLINK-4333 - STARLINK-30322,Distance STARLINK-4333 - STARLINK-30387,Distance STARLINK-4333 - STARLINK-1187,Distance STARLINK-4333 - STARLINK-1498,Distance STARLINK-4333 - STARLINK-31629,Distance STARLINK-4333 - STARLINK-5774,Distance STARLINK-4333 - STARLINK-31707,Distance STARLINK-4333 - STARLINK-4478,Distance STARLINK-4333 - STARLINK-31913,Distance STARLINK-4333 - STARLINK-31580,Distance STARLINK-4333 - STARLINK-4189,Distance STARLINK-4333 - STARLINK-3334,Distance STARLINK-4333 - STARLINK-31765,Distance STARLINK-4333 - STARLINK-31070,Distance STARLINK-4333 - STARLINK-31043,Distance STARLINK-4333 - MoonARTEMIS1,Distance STARLINK-4333 - MoonARTEMIS2,Distance STARLINK-4333 - MoonIOAGEO,Distance STARLINK-4333 - MoonIOAGNO,Distance STARLINK-4333 - MoonIOAGNO 0001,Distance STARLINK-4333 - MoonIOAGSO,Distance STARLINK-4333 - MoonIOAGSO 0001,Distance STARLINK-4333 - MoonLRO,Distance STARLINK-4333 - MarsSat1,Distance STARLINK-4333 - MarsSat2,Distance STARLINK-4333 - MarsSat3,Distance STARLINK-4333 - MarsSat4,Distance STARLINK-30101 - STARLINK-5492,Distance STARLINK-30101 - STARLINK-30544,Distance STARLINK-30101 - STARLINK-6289,Distance STARLINK-30101 - STARLINK-30919,Distance STARLINK-30101 - STARLINK-3802,Distance STARLINK-30101 - STARLINK-1331,Distance STARLINK-30101 - STARLINK-5326,Distance STARLINK-30101 - STARLINK-5169,Distance STARLINK-30101 - STARLINK-5025,Distance STARLINK-30101 - STARLINK-5750,Distance STARLINK-30101 - STARLINK-5381,Distance STARLINK-30101 - STARLINK-2661,Distance STARLINK-30101 - STARLINK-30804,Distance STARLINK-30101 - STARLINK-31007,Distance STARLINK-30101 - STARLINK-3682,Distance STARLINK-30101 - STARLINK-3346,Distance STARLINK-30101 - STARLINK-4780,Distance STARLINK-30101 - STARLINK-4102,Distance STARLINK-30101 - STARLINK-3595,Distance STARLINK-30101 - STARLINK-4426,Distance STARLINK-30101 - STARLINK-1046,Distance STARLINK-30101 - STARLINK-2428,Distance STARLINK-30101 - STARLINK-5564,Distance STARLINK-30101 - STARLINK-3396,Distance STARLINK-30101 - STARLINK-3998,Distance STARLINK-30101 - STARLINK-4366,Distance STARLINK-30101 - STARLINK-31192,Distance STARLINK-30101 - STARLINK-30768,Distance STARLINK-30101 - STARLINK-5211,Distance STARLINK-30101 - STARLINK-4347,Distance STARLINK-30101 - STARLINK-30322,Distance STARLINK-30101 - STARLINK-30387,Distance STARLINK-30101 - STARLINK-1187,Distance STARLINK-30101 - STARLINK-1498,Distance STARLINK-30101 - STARLINK-31629,Distance STARLINK-30101 - STARLINK-5774,Distance STARLINK-30101 - STARLINK-31707,Distance STARLINK-30101 - STARLINK-4478,Distance STARLINK-30101 - STARLINK-31913,Distance STARLINK-30101 - STARLINK-31580,Distance STARLINK-30101 - STARLINK-4189,Distance STARLINK-30101 - STARLINK-3334,Distance STARLINK-30101 - STARLINK-31765,Distance STARLINK-30101 - STARLINK-31070,Distance STARLINK-30101 - STARLINK-31043,Distance STARLINK-30101 - MoonARTEMIS1,Distance STARLINK-30101 - MoonARTEMIS2,Distance STARLINK-30101 - MoonIOAGEO,Distance STARLINK-30101 - MoonIOAGNO,Distance STARLINK-30101 - MoonIOAGNO 0001,Distance STARLINK-30101 - MoonIOAGSO,Distance STARLINK-30101 - MoonIOAGSO 0001,Distance STARLINK-30101 - MoonLRO,Distance STARLINK-30101 - MarsSat1,Distance STARLINK-30101 - MarsSat2,Distance STARLINK-30101 - MarsSat3,Distance STARLINK-30101 - MarsSat4,Distance STARLINK-5492 - STARLINK-30544,Distance STARLINK-5492 - STARLINK-6289,Distance STARLINK-5492 - STARLINK-30919,Distance STARLINK-5492 - STARLINK-3802,Distance STARLINK-5492 - STARLINK-1331,Distance STARLINK-5492 - STARLINK-5326,Distance STARLINK-5492 - STARLINK-5169,Distance STARLINK-5492 - STARLINK-5025,Distance STARLINK-5492 - STARLINK-5750,Distance STARLINK-5492 - STARLINK-5381,Distance STARLINK-5492 - STARLINK-2661,Distance STARLINK-5492 - STARLINK-30804,Distance STARLINK-5492 - STARLINK-31007,Distance STARLINK-5492 - STARLINK-3682,Distance STARLINK-5492 - STARLINK-3346,Distance STARLINK-5492 - STARLINK-4780,Distance STARLINK-5492 - STARLINK-4102,Distance STARLINK-5492 - STARLINK-3595,Distance STARLINK-5492 - STARLINK-4426,Distance STARLINK-5492 - STARLINK-1046,Distance STARLINK-5492 - STARLINK-2428,Distance STARLINK-5492 - STARLINK-5564,Distance STARLINK-5492 - STARLINK-3396,Distance STARLINK-5492 - STARLINK-3998,Distance STARLINK-5492 - STARLINK-4366,Distance STARLINK-5492 - STARLINK-31192,Distance STARLINK-5492 - STARLINK-30768,Distance STARLINK-5492 - STARLINK-5211,Distance STARLINK-5492 - STARLINK-4347,Distance STARLINK-5492 - STARLINK-30322,Distance STARLINK-5492 - STARLINK-30387,Distance STARLINK-5492 - STARLINK-1187,Distance STARLINK-5492 - STARLINK-1498,Distance STARLINK-5492 - STARLINK-31629,Distance STARLINK-5492 - STARLINK-5774,Distance STARLINK-5492 - STARLINK-31707,Distance STARLINK-5492 - STARLINK-4478,Distance STARLINK-5492 - STARLINK-31913,Distance STARLINK-5492 - STARLINK-31580,Distance STARLINK-5492 - STARLINK-4189,Distance STARLINK-5492 - STARLINK-3334,Distance STARLINK-5492 - STARLINK-31765,Distance STARLINK-5492 - STARLINK-31070,Distance STARLINK-5492 - STARLINK-31043,Distance STARLINK-5492 - MoonARTEMIS1,Distance STARLINK-5492 - MoonARTEMIS2,Distance STARLINK-5492 - MoonIOAGEO,Distance STARLINK-5492 - MoonIOAGNO,Distance STARLINK-5492 - MoonIOAGNO 0001,Distance STARLINK-5492 - MoonIOAGSO,Distance STARLINK-5492 - MoonIOAGSO 0001,Distance STARLINK-5492 - MoonLRO,Distance STARLINK-5492 - MarsSat1,Distance STARLINK-5492 - MarsSat2,Distance STARLINK-5492 - MarsSat3,Distance STARLINK-5492 - MarsSat4,Distance STARLINK-30544 - STARLINK-6289,Distance STARLINK-30544 - STARLINK-30919,Distance STARLINK-30544 - STARLINK-3802,Distance STARLINK-30544 - STARLINK-1331,Distance STARLINK-30544 - STARLINK-5326,Distance STARLINK-30544 - STARLINK-5169,Distance STARLINK-30544 - STARLINK-5025,Distance STARLINK-30544 - STARLINK-5750,Distance STARLINK-30544 - STARLINK-5381,Distance STARLINK-30544 - STARLINK-2661,Distance STARLINK-30544 - STARLINK-30804,Distance STARLINK-30544 - STARLINK-31007,Distance STARLINK-30544 - STARLINK-3682,Distance STARLINK-30544 - STARLINK-3346,Distance STARLINK-30544 - STARLINK-4780,Distance STARLINK-30544 - STARLINK-4102,Distance STARLINK-30544 - STARLINK-3595,Distance STARLINK-30544 - STARLINK-4426,Distance STARLINK-30544 - STARLINK-1046,Distance STARLINK-30544 - STARLINK-2428,Distance STARLINK-30544 - STARLINK-5564,Distance STARLINK-30544 - STARLINK-3396,Distance STARLINK-30544 - STARLINK-3998,Distance STARLINK-30544 - STARLINK-4366,Distance STARLINK-30544 - STARLINK-31192,Distance STARLINK-30544 - STARLINK-30768,Distance STARLINK-30544 - STARLINK-5211,Distance STARLINK-30544 - STARLINK-4347,Distance STARLINK-30544 - STARLINK-30322,Distance STARLINK-30544 - STARLINK-30387,Distance STARLINK-30544 - STARLINK-1187,Distance STARLINK-30544 - STARLINK-1498,Distance STARLINK-30544 - STARLINK-31629,Distance STARLINK-30544 - STARLINK-5774,Distance STARLINK-30544 - STARLINK-31707,Distance STARLINK-30544 - STARLINK-4478,Distance STARLINK-30544 - STARLINK-31913,Distance STARLINK-30544 - STARLINK-31580,Distance STARLINK-30544 - STARLINK-4189,Distance STARLINK-30544 - STARLINK-3334,Distance STARLINK-30544 - STARLINK-31765,Distance STARLINK-30544 - STARLINK-31070,Distance STARLINK-30544 - STARLINK-31043,Distance STARLINK-30544 - MoonARTEMIS1,Distance STARLINK-30544 - MoonARTEMIS2,Distance STARLINK-30544 - MoonIOAGEO,Distance STARLINK-30544 - MoonIOAGNO,Distance STARLINK-30544 - MoonIOAGNO 0001,Distance STARLINK-30544 - MoonIOAGSO,Distance STARLINK-30544 - MoonIOAGSO 0001,Distance STARLINK-30544 - MoonLRO,Distance STARLINK-30544 - MarsSat1,Distance STARLINK-30544 - MarsSat2,Distance STARLINK-30544 - MarsSat3,Distance STARLINK-30544 - MarsSat4,Distance STARLINK-6289 - STARLINK-30919,Distance STARLINK-6289 - STARLINK-3802,Distance STARLINK-6289 - STARLINK-1331,Distance STARLINK-6289 - STARLINK-5326,Distance STARLINK-6289 - STARLINK-5169,Distance STARLINK-6289 - STARLINK-5025,Distance STARLINK-6289 - STARLINK-5750,Distance STARLINK-6289 - STARLINK-5381,Distance STARLINK-6289 - STARLINK-2661,Distance STARLINK-6289 - STARLINK-30804,Distance STARLINK-6289 - STARLINK-31007,Distance STARLINK-6289 - STARLINK-3682,Distance STARLINK-6289 - STARLINK-3346,Distance STARLINK-6289 - STARLINK-4780,Distance STARLINK-6289 - STARLINK-4102,Distance STARLINK-6289 - STARLINK-3595,Distance STARLINK-6289 - STARLINK-4426,Distance STARLINK-6289 - STARLINK-1046,Distance STARLINK-6289 - STARLINK-2428,Distance STARLINK-6289 - STARLINK-5564,Distance STARLINK-6289 - STARLINK-3396,Distance STARLINK-6289 - STARLINK-3998,Distance STARLINK-6289 - STARLINK-4366,Distance STARLINK-6289 - STARLINK-31192,Distance STARLINK-6289 - STARLINK-30768,Distance STARLINK-6289 - STARLINK-5211,Distance STARLINK-6289 - STARLINK-4347,Distance STARLINK-6289 - STARLINK-30322,Distance STARLINK-6289 - STARLINK-30387,Distance STARLINK-6289 - STARLINK-1187,Distance STARLINK-6289 - STARLINK-1498,Distance STARLINK-6289 - STARLINK-31629,Distance STARLINK-6289 - STARLINK-5774,Distance STARLINK-6289 - STARLINK-31707,Distance STARLINK-6289 - STARLINK-4478,Distance STARLINK-6289 - STARLINK-31913,Distance STARLINK-6289 - STARLINK-31580,Distance STARLINK-6289 - STARLINK-4189,Distance STARLINK-6289 - STARLINK-3334,Distance STARLINK-6289 - STARLINK-31765,Distance STARLINK-6289 - STARLINK-31070,Distance STARLINK-6289 - STARLINK-31043,Distance STARLINK-6289 - MoonARTEMIS1,Distance STARLINK-6289 - MoonARTEMIS2,Distance STARLINK-6289 - MoonIOAGEO,Distance STARLINK-6289 - MoonIOAGNO,Distance STARLINK-6289 - MoonIOAGNO 0001,Distance STARLINK-6289 - MoonIOAGSO,Distance STARLINK-6289 - MoonIOAGSO 0001,Distance STARLINK-6289 - MoonLRO,Distance STARLINK-6289 - MarsSat1,Distance STARLINK-6289 - MarsSat2,Distance STARLINK-6289 - MarsSat3,Distance STARLINK-6289 - MarsSat4,Distance STARLINK-30919 - STARLINK-3802,Distance STARLINK-30919 - STARLINK-1331,Distance STARLINK-30919 - STARLINK-5326,Distance STARLINK-30919 - STARLINK-5169,Distance STARLINK-30919 - STARLINK-5025,Distance STARLINK-30919 - STARLINK-5750,Distance STARLINK-30919 - STARLINK-5381,Distance STARLINK-30919 - STARLINK-2661,Distance STARLINK-30919 - STARLINK-30804,Distance STARLINK-30919 - STARLINK-31007,Distance STARLINK-30919 - STARLINK-3682,Distance STARLINK-30919 - STARLINK-3346,Distance STARLINK-30919 - STARLINK-4780,Distance STARLINK-30919 - STARLINK-4102,Distance STARLINK-30919 - STARLINK-3595,Distance STARLINK-30919 - STARLINK-4426,Distance STARLINK-30919 - STARLINK-1046,Distance STARLINK-30919 - STARLINK-2428,Distance STARLINK-30919 - STARLINK-5564,Distance STARLINK-30919 - STARLINK-3396,Distance STARLINK-30919 - STARLINK-3998,Distance STARLINK-30919 - STARLINK-4366,Distance STARLINK-30919 - STARLINK-31192,Distance STARLINK-30919 - STARLINK-30768,Distance STARLINK-30919 - STARLINK-5211,Distance STARLINK-30919 - STARLINK-4347,Distance STARLINK-30919 - STARLINK-30322,Distance STARLINK-30919 - STARLINK-30387,Distance STARLINK-30919 - STARLINK-1187,Distance STARLINK-30919 - STARLINK-1498,Distance STARLINK-30919 - STARLINK-31629,Distance STARLINK-30919 - STARLINK-5774,Distance STARLINK-30919 - STARLINK-31707,Distance STARLINK-30919 - STARLINK-4478,Distance STARLINK-30919 - STARLINK-31913,Distance STARLINK-30919 - STARLINK-31580,Distance STARLINK-30919 - STARLINK-4189,Distance STARLINK-30919 - STARLINK-3334,Distance STARLINK-30919 - STARLINK-31765,Distance STARLINK-30919 - STARLINK-31070,Distance STARLINK-30919 - STARLINK-31043,Distance STARLINK-30919 - MoonARTEMIS1,Distance STARLINK-30919 - MoonARTEMIS2,Distance STARLINK-30919 - MoonIOAGEO,Distance STARLINK-30919 - MoonIOAGNO,Distance STARLINK-30919 - MoonIOAGNO 0001,Distance STARLINK-30919 - MoonIOAGSO,Distance STARLINK-30919 - MoonIOAGSO 0001,Distance STARLINK-30919 - MoonLRO,Distance STARLINK-30919 - MarsSat1,Distance STARLINK-30919 - MarsSat2,Distance STARLINK-30919 - MarsSat3,Distance STARLINK-30919 - MarsSat4,Distance STARLINK-3802 - STARLINK-1331,Distance STARLINK-3802 - STARLINK-5326,Distance STARLINK-3802 - STARLINK-5169,Distance STARLINK-3802 - STARLINK-5025,Distance STARLINK-3802 - STARLINK-5750,Distance STARLINK-3802 - STARLINK-5381,Distance STARLINK-3802 - STARLINK-2661,Distance STARLINK-3802 - STARLINK-30804,Distance STARLINK-3802 - STARLINK-31007,Distance STARLINK-3802 - STARLINK-3682,Distance STARLINK-3802 - STARLINK-3346,Distance STARLINK-3802 - STARLINK-4780,Distance STARLINK-3802 - STARLINK-4102,Distance STARLINK-3802 - STARLINK-3595,Distance STARLINK-3802 - STARLINK-4426,Distance STARLINK-3802 - STARLINK-1046,Distance STARLINK-3802 - STARLINK-2428,Distance STARLINK-3802 - STARLINK-5564,Distance STARLINK-3802 - STARLINK-3396,Distance STARLINK-3802 - STARLINK-3998,Distance STARLINK-3802 - STARLINK-4366,Distance STARLINK-3802 - STARLINK-31192,Distance STARLINK-3802 - STARLINK-30768,Distance STARLINK-3802 - STARLINK-5211,Distance STARLINK-3802 - STARLINK-4347,Distance STARLINK-3802 - STARLINK-30322,Distance STARLINK-3802 - STARLINK-30387,Distance STARLINK-3802 - STARLINK-1187,Distance STARLINK-3802 - STARLINK-1498,Distance STARLINK-3802 - STARLINK-31629,Distance STARLINK-3802 - STARLINK-5774,Distance STARLINK-3802 - STARLINK-31707,Distance STARLINK-3802 - STARLINK-4478,Distance STARLINK-3802 - STARLINK-31913,Distance STARLINK-3802 - STARLINK-31580,Distance STARLINK-3802 - STARLINK-4189,Distance STARLINK-3802 - STARLINK-3334,Distance STARLINK-3802 - STARLINK-31765,Distance STARLINK-3802 - STARLINK-31070,Distance STARLINK-3802 - STARLINK-31043,Distance STARLINK-3802 - MoonARTEMIS1,Distance STARLINK-3802 - MoonARTEMIS2,Distance STARLINK-3802 - MoonIOAGEO,Distance STARLINK-3802 - MoonIOAGNO,Distance STARLINK-3802 - MoonIOAGNO 0001,Distance STARLINK-3802 - MoonIOAGSO,Distance STARLINK-3802 - MoonIOAGSO 0001,Distance STARLINK-3802 - MoonLRO,Distance STARLINK-3802 - MarsSat1,Distance STARLINK-3802 - MarsSat2,Distance STARLINK-3802 - MarsSat3,Distance STARLINK-3802 - MarsSat4,Distance STARLINK-1331 - STARLINK-5326,Distance STARLINK-1331 - STARLINK-5169,Distance STARLINK-1331 - STARLINK-5025,Distance STARLINK-1331 - STARLINK-5750,Distance STARLINK-1331 - STARLINK-5381,Distance STARLINK-1331 - STARLINK-2661,Distance STARLINK-1331 - STARLINK-30804,Distance STARLINK-1331 - STARLINK-31007,Distance STARLINK-1331 - STARLINK-3682,Distance STARLINK-1331 - STARLINK-3346,Distance STARLINK-1331 - STARLINK-4780,Distance STARLINK-1331 - STARLINK-4102,Distance STARLINK-1331 - STARLINK-3595,Distance STARLINK-1331 - STARLINK-4426,Distance STARLINK-1331 - STARLINK-1046,Distance STARLINK-1331 - STARLINK-2428,Distance STARLINK-1331 - STARLINK-5564,Distance STARLINK-1331 - STARLINK-3396,Distance STARLINK-1331 - STARLINK-3998,Distance STARLINK-1331 - STARLINK-4366,Distance STARLINK-1331 - STARLINK-31192,Distance STARLINK-1331 - STARLINK-30768,Distance STARLINK-1331 - STARLINK-5211,Distance STARLINK-1331 - STARLINK-4347,Distance STARLINK-1331 - STARLINK-30322,Distance STARLINK-1331 - STARLINK-30387,Distance STARLINK-1331 - STARLINK-1187,Distance STARLINK-1331 - STARLINK-1498,Distance STARLINK-1331 - STARLINK-31629,Distance STARLINK-1331 - STARLINK-5774,Distance STARLINK-1331 - STARLINK-31707,Distance STARLINK-1331 - STARLINK-4478,Distance STARLINK-1331 - STARLINK-31913,Distance STARLINK-1331 - STARLINK-31580,Distance STARLINK-1331 - STARLINK-4189,Distance STARLINK-1331 - STARLINK-3334,Distance STARLINK-1331 - STARLINK-31765,Distance STARLINK-1331 - STARLINK-31070,Distance STARLINK-1331 - STARLINK-31043,Distance STARLINK-1331 - MoonARTEMIS1,Distance STARLINK-1331 - MoonARTEMIS2,Distance STARLINK-1331 - MoonIOAGEO,Distance STARLINK-1331 - MoonIOAGNO,Distance STARLINK-1331 - MoonIOAGNO 0001,Distance STARLINK-1331 - MoonIOAGSO,Distance STARLINK-1331 - MoonIOAGSO 0001,Distance STARLINK-1331 - MoonLRO,Distance STARLINK-1331 - MarsSat1,Distance STARLINK-1331 - MarsSat2,Distance STARLINK-1331 - MarsSat3,Distance STARLINK-1331 - MarsSat4,Distance STARLINK-5326 - STARLINK-5169,Distance STARLINK-5326 - STARLINK-5025,Distance STARLINK-5326 - STARLINK-5750,Distance STARLINK-5326 - STARLINK-5381,Distance STARLINK-5326 - STARLINK-2661,Distance STARLINK-5326 - STARLINK-30804,Distance STARLINK-5326 - STARLINK-31007,Distance STARLINK-5326 - STARLINK-3682,Distance STARLINK-5326 - STARLINK-3346,Distance STARLINK-5326 - STARLINK-4780,Distance STARLINK-5326 - STARLINK-4102,Distance STARLINK-5326 - STARLINK-3595,Distance STARLINK-5326 - STARLINK-4426,Distance STARLINK-5326 - STARLINK-1046,Distance STARLINK-5326 - STARLINK-2428,Distance STARLINK-5326 - STARLINK-5564,Distance STARLINK-5326 - STARLINK-3396,Distance STARLINK-5326 - STARLINK-3998,Distance STARLINK-5326 - STARLINK-4366,Distance STARLINK-5326 - STARLINK-31192,Distance STARLINK-5326 - STARLINK-30768,Distance STARLINK-5326 - STARLINK-5211,Distance STARLINK-5326 - STARLINK-4347,Distance STARLINK-5326 - STARLINK-30322,Distance STARLINK-5326 - STARLINK-30387,Distance STARLINK-5326 - STARLINK-1187,Distance STARLINK-5326 - STARLINK-1498,Distance STARLINK-5326 - STARLINK-31629,Distance STARLINK-5326 - STARLINK-5774,Distance STARLINK-5326 - STARLINK-31707,Distance STARLINK-5326 - STARLINK-4478,Distance STARLINK-5326 - STARLINK-31913,Distance STARLINK-5326 - STARLINK-31580,Distance STARLINK-5326 - STARLINK-4189,Distance STARLINK-5326 - STARLINK-3334,Distance STARLINK-5326 - STARLINK-31765,Distance STARLINK-5326 - STARLINK-31070,Distance STARLINK-5326 - STARLINK-31043,Distance STARLINK-5326 - MoonARTEMIS1,Distance STARLINK-5326 - MoonARTEMIS2,Distance STARLINK-5326 - MoonIOAGEO,Distance STARLINK-5326 - MoonIOAGNO,Distance STARLINK-5326 - MoonIOAGNO 0001,Distance STARLINK-5326 - MoonIOAGSO,Distance STARLINK-5326 - MoonIOAGSO 0001,Distance STARLINK-5326 - MoonLRO,Distance STARLINK-5326 - MarsSat1,Distance STARLINK-5326 - MarsSat2,Distance STARLINK-5326 - MarsSat3,Distance STARLINK-5326 - MarsSat4,Distance STARLINK-5169 - STARLINK-5025,Distance STARLINK-5169 - STARLINK-5750,Distance STARLINK-5169 - STARLINK-5381,Distance STARLINK-5169 - STARLINK-2661,Distance STARLINK-5169 - STARLINK-30804,Distance STARLINK-5169 - STARLINK-31007,Distance STARLINK-5169 - STARLINK-3682,Distance STARLINK-5169 - STARLINK-3346,Distance STARLINK-5169 - STARLINK-4780,Distance STARLINK-5169 - STARLINK-4102,Distance STARLINK-5169 - STARLINK-3595,Distance STARLINK-5169 - STARLINK-4426,Distance STARLINK-5169 - STARLINK-1046,Distance STARLINK-5169 - STARLINK-2428,Distance STARLINK-5169 - STARLINK-5564,Distance STARLINK-5169 - STARLINK-3396,Distance STARLINK-5169 - STARLINK-3998,Distance STARLINK-5169 - STARLINK-4366,Distance STARLINK-5169 - STARLINK-31192,Distance STARLINK-5169 - STARLINK-30768,Distance STARLINK-5169 - STARLINK-5211,Distance STARLINK-5169 - STARLINK-4347,Distance STARLINK-5169 - STARLINK-30322,Distance STARLINK-5169 - STARLINK-30387,Distance STARLINK-5169 - STARLINK-1187,Distance STARLINK-5169 - STARLINK-1498,Distance STARLINK-5169 - STARLINK-31629,Distance STARLINK-5169 - STARLINK-5774,Distance STARLINK-5169 - STARLINK-31707,Distance STARLINK-5169 - STARLINK-4478,Distance STARLINK-5169 - STARLINK-31913,Distance STARLINK-5169 - STARLINK-31580,Distance STARLINK-5169 - STARLINK-4189,Distance STARLINK-5169 - STARLINK-3334,Distance STARLINK-5169 - STARLINK-31765,Distance STARLINK-5169 - STARLINK-31070,Distance STARLINK-5169 - STARLINK-31043,Distance STARLINK-5169 - MoonARTEMIS1,Distance STARLINK-5169 - MoonARTEMIS2,Distance STARLINK-5169 - MoonIOAGEO,Distance STARLINK-5169 - MoonIOAGNO,Distance STARLINK-5169 - MoonIOAGNO 0001,Distance STARLINK-5169 - MoonIOAGSO,Distance STARLINK-5169 - MoonIOAGSO 0001,Distance STARLINK-5169 - MoonLRO,Distance STARLINK-5169 - MarsSat1,Distance STARLINK-5169 - MarsSat2,Distance STARLINK-5169 - MarsSat3,Distance STARLINK-5169 - MarsSat4,Distance STARLINK-5025 - STARLINK-5750,Distance STARLINK-5025 - STARLINK-5381,Distance STARLINK-5025 - STARLINK-2661,Distance STARLINK-5025 - STARLINK-30804,Distance STARLINK-5025 - STARLINK-31007,Distance STARLINK-5025 - STARLINK-3682,Distance STARLINK-5025 - STARLINK-3346,Distance STARLINK-5025 - STARLINK-4780,Distance STARLINK-5025 - STARLINK-4102,Distance STARLINK-5025 - STARLINK-3595,Distance STARLINK-5025 - STARLINK-4426,Distance STARLINK-5025 - STARLINK-1046,Distance STARLINK-5025 - STARLINK-2428,Distance STARLINK-5025 - STARLINK-5564,Distance STARLINK-5025 - STARLINK-3396,Distance STARLINK-5025 - STARLINK-3998,Distance STARLINK-5025 - STARLINK-4366,Distance STARLINK-5025 - STARLINK-31192,Distance STARLINK-5025 - STARLINK-30768,Distance STARLINK-5025 - STARLINK-5211,Distance STARLINK-5025 - STARLINK-4347,Distance STARLINK-5025 - STARLINK-30322,Distance STARLINK-5025 - STARLINK-30387,Distance STARLINK-5025 - STARLINK-1187,Distance STARLINK-5025 - STARLINK-1498,Distance STARLINK-5025 - STARLINK-31629,Distance STARLINK-5025 - STARLINK-5774,Distance STARLINK-5025 - STARLINK-31707,Distance STARLINK-5025 - STARLINK-4478,Distance STARLINK-5025 - STARLINK-31913,Distance STARLINK-5025 - STARLINK-31580,Distance STARLINK-5025 - STARLINK-4189,Distance STARLINK-5025 - STARLINK-3334,Distance STARLINK-5025 - STARLINK-31765,Distance STARLINK-5025 - STARLINK-31070,Distance STARLINK-5025 - STARLINK-31043,Distance STARLINK-5025 - MoonARTEMIS1,Distance STARLINK-5025 - MoonARTEMIS2,Distance STARLINK-5025 - MoonIOAGEO,Distance STARLINK-5025 - MoonIOAGNO,Distance STARLINK-5025 - MoonIOAGNO 0001,Distance STARLINK-5025 - MoonIOAGSO,Distance STARLINK-5025 - MoonIOAGSO 0001,Distance STARLINK-5025 - MoonLRO,Distance STARLINK-5025 - MarsSat1,Distance STARLINK-5025 - MarsSat2,Distance STARLINK-5025 - MarsSat3,Distance STARLINK-5025 - MarsSat4,Distance STARLINK-5750 - STARLINK-5381,Distance STARLINK-5750 - STARLINK-2661,Distance STARLINK-5750 - STARLINK-30804,Distance STARLINK-5750 - STARLINK-31007,Distance STARLINK-5750 - STARLINK-3682,Distance STARLINK-5750 - STARLINK-3346,Distance STARLINK-5750 - STARLINK-4780,Distance STARLINK-5750 - STARLINK-4102,Distance STARLINK-5750 - STARLINK-3595,Distance STARLINK-5750 - STARLINK-4426,Distance STARLINK-5750 - STARLINK-1046,Distance STARLINK-5750 - STARLINK-2428,Distance STARLINK-5750 - STARLINK-5564,Distance STARLINK-5750 - STARLINK-3396,Distance STARLINK-5750 - STARLINK-3998,Distance STARLINK-5750 - STARLINK-4366,Distance STARLINK-5750 - STARLINK-31192,Distance STARLINK-5750 - STARLINK-30768,Distance STARLINK-5750 - STARLINK-5211,Distance STARLINK-5750 - STARLINK-4347,Distance STARLINK-5750 - STARLINK-30322,Distance STARLINK-5750 - STARLINK-30387,Distance STARLINK-5750 - STARLINK-1187,Distance STARLINK-5750 - STARLINK-1498,Distance STARLINK-5750 - STARLINK-31629,Distance STARLINK-5750 - STARLINK-5774,Distance STARLINK-5750 - STARLINK-31707,Distance STARLINK-5750 - STARLINK-4478,Distance STARLINK-5750 - STARLINK-31913,Distance STARLINK-5750 - STARLINK-31580,Distance STARLINK-5750 - STARLINK-4189,Distance STARLINK-5750 - STARLINK-3334,Distance STARLINK-5750 - STARLINK-31765,Distance STARLINK-5750 - STARLINK-31070,Distance STARLINK-5750 - STARLINK-31043,Distance STARLINK-5750 - MoonARTEMIS1,Distance STARLINK-5750 - MoonARTEMIS2,Distance STARLINK-5750 - MoonIOAGEO,Distance STARLINK-5750 - MoonIOAGNO,Distance STARLINK-5750 - MoonIOAGNO 0001,Distance STARLINK-5750 - MoonIOAGSO,Distance STARLINK-5750 - MoonIOAGSO 0001,Distance STARLINK-5750 - MoonLRO,Distance STARLINK-5750 - MarsSat1,Distance STARLINK-5750 - MarsSat2,Distance STARLINK-5750 - MarsSat3,Distance STARLINK-5750 - MarsSat4,Distance STARLINK-5381 - STARLINK-2661,Distance STARLINK-5381 - STARLINK-30804,Distance STARLINK-5381 - STARLINK-31007,Distance STARLINK-5381 - STARLINK-3682,Distance STARLINK-5381 - STARLINK-3346,Distance STARLINK-5381 - STARLINK-4780,Distance STARLINK-5381 - STARLINK-4102,Distance STARLINK-5381 - STARLINK-3595,Distance STARLINK-5381 - STARLINK-4426,Distance STARLINK-5381 - STARLINK-1046,Distance STARLINK-5381 - STARLINK-2428,Distance STARLINK-5381 - STARLINK-5564,Distance STARLINK-5381 - STARLINK-3396,Distance STARLINK-5381 - STARLINK-3998,Distance STARLINK-5381 - STARLINK-4366,Distance STARLINK-5381 - STARLINK-31192,Distance STARLINK-5381 - STARLINK-30768,Distance STARLINK-5381 - STARLINK-5211,Distance STARLINK-5381 - STARLINK-4347,Distance STARLINK-5381 - STARLINK-30322,Distance STARLINK-5381 - STARLINK-30387,Distance STARLINK-5381 - STARLINK-1187,Distance STARLINK-5381 - STARLINK-1498,Distance STARLINK-5381 - STARLINK-31629,Distance STARLINK-5381 - STARLINK-5774,Distance STARLINK-5381 - STARLINK-31707,Distance STARLINK-5381 - STARLINK-4478,Distance STARLINK-5381 - STARLINK-31913,Distance STARLINK-5381 - STARLINK-31580,Distance STARLINK-5381 - STARLINK-4189,Distance STARLINK-5381 - STARLINK-3334,Distance STARLINK-5381 - STARLINK-31765,Distance STARLINK-5381 - STARLINK-31070,Distance STARLINK-5381 - STARLINK-31043,Distance STARLINK-5381 - MoonARTEMIS1,Distance STARLINK-5381 - MoonARTEMIS2,Distance STARLINK-5381 - MoonIOAGEO,Distance STARLINK-5381 - MoonIOAGNO,Distance STARLINK-5381 - MoonIOAGNO 0001,Distance STARLINK-5381 - MoonIOAGSO,Distance STARLINK-5381 - MoonIOAGSO 0001,Distance STARLINK-5381 - MoonLRO,Distance STARLINK-5381 - MarsSat1,Distance STARLINK-5381 - MarsSat2,Distance STARLINK-5381 - MarsSat3,Distance STARLINK-5381 - MarsSat4,Distance STARLINK-2661 - STARLINK-30804,Distance STARLINK-2661 - STARLINK-31007,Distance STARLINK-2661 - STARLINK-3682,Distance STARLINK-2661 - STARLINK-3346,Distance STARLINK-2661 - STARLINK-4780,Distance STARLINK-2661 - STARLINK-4102,Distance STARLINK-2661 - STARLINK-3595,Distance STARLINK-2661 - STARLINK-4426,Distance STARLINK-2661 - STARLINK-1046,Distance STARLINK-2661 - STARLINK-2428,Distance STARLINK-2661 - STARLINK-5564,Distance STARLINK-2661 - STARLINK-3396,Distance STARLINK-2661 - STARLINK-3998,Distance STARLINK-2661 - STARLINK-4366,Distance STARLINK-2661 - STARLINK-31192,Distance STARLINK-2661 - STARLINK-30768,Distance STARLINK-2661 - STARLINK-5211,Distance STARLINK-2661 - STARLINK-4347,Distance STARLINK-2661 - STARLINK-30322,Distance STARLINK-2661 - STARLINK-30387,Distance STARLINK-2661 - STARLINK-1187,Distance STARLINK-2661 - STARLINK-1498,Distance STARLINK-2661 - STARLINK-31629,Distance STARLINK-2661 - STARLINK-5774,Distance STARLINK-2661 - STARLINK-31707,Distance STARLINK-2661 - STARLINK-4478,Distance STARLINK-2661 - STARLINK-31913,Distance STARLINK-2661 - STARLINK-31580,Distance STARLINK-2661 - STARLINK-4189,Distance STARLINK-2661 - STARLINK-3334,Distance STARLINK-2661 - STARLINK-31765,Distance STARLINK-2661 - STARLINK-31070,Distance STARLINK-2661 - STARLINK-31043,Distance STARLINK-2661 - MoonARTEMIS1,Distance STARLINK-2661 - MoonARTEMIS2,Distance STARLINK-2661 - MoonIOAGEO,Distance STARLINK-2661 - MoonIOAGNO,Distance STARLINK-2661 - MoonIOAGNO 0001,Distance STARLINK-2661 - MoonIOAGSO,Distance STARLINK-2661 - MoonIOAGSO 0001,Distance STARLINK-2661 - MoonLRO,Distance STARLINK-2661 - MarsSat1,Distance STARLINK-2661 - MarsSat2,Distance STARLINK-2661 - MarsSat3,Distance STARLINK-2661 - MarsSat4,Distance STARLINK-30804 - STARLINK-31007,Distance STARLINK-30804 - STARLINK-3682,Distance STARLINK-30804 - STARLINK-3346,Distance STARLINK-30804 - STARLINK-4780,Distance STARLINK-30804 - STARLINK-4102,Distance STARLINK-30804 - STARLINK-3595,Distance STARLINK-30804 - STARLINK-4426,Distance STARLINK-30804 - STARLINK-1046,Distance STARLINK-30804 - STARLINK-2428,Distance STARLINK-30804 - STARLINK-5564,Distance STARLINK-30804 - STARLINK-3396,Distance STARLINK-30804 - STARLINK-3998,Distance STARLINK-30804 - STARLINK-4366,Distance STARLINK-30804 - STARLINK-31192,Distance STARLINK-30804 - STARLINK-30768,Distance STARLINK-30804 - STARLINK-5211,Distance STARLINK-30804 - STARLINK-4347,Distance STARLINK-30804 - STARLINK-30322,Distance STARLINK-30804 - STARLINK-30387,Distance STARLINK-30804 - STARLINK-1187,Distance STARLINK-30804 - STARLINK-1498,Distance STARLINK-30804 - STARLINK-31629,Distance STARLINK-30804 - STARLINK-5774,Distance STARLINK-30804 - STARLINK-31707,Distance STARLINK-30804 - STARLINK-4478,Distance STARLINK-30804 - STARLINK-31913,Distance STARLINK-30804 - STARLINK-31580,Distance STARLINK-30804 - STARLINK-4189,Distance STARLINK-30804 - STARLINK-3334,Distance STARLINK-30804 - STARLINK-31765,Distance STARLINK-30804 - STARLINK-31070,Distance STARLINK-30804 - STARLINK-31043,Distance STARLINK-30804 - MoonARTEMIS1,Distance STARLINK-30804 - MoonARTEMIS2,Distance STARLINK-30804 - MoonIOAGEO,Distance STARLINK-30804 - MoonIOAGNO,Distance STARLINK-30804 - MoonIOAGNO 0001,Distance STARLINK-30804 - MoonIOAGSO,Distance STARLINK-30804 - MoonIOAGSO 0001,Distance STARLINK-30804 - MoonLRO,Distance STARLINK-30804 - MarsSat1,Distance STARLINK-30804 - MarsSat2,Distance STARLINK-30804 - MarsSat3,Distance STARLINK-30804 - MarsSat4,Distance STARLINK-31007 - STARLINK-3682,Distance STARLINK-31007 - STARLINK-3346,Distance STARLINK-31007 - STARLINK-4780,Distance STARLINK-31007 - STARLINK-4102,Distance STARLINK-31007 - STARLINK-3595,Distance STARLINK-31007 - STARLINK-4426,Distance STARLINK-31007 - STARLINK-1046,Distance STARLINK-31007 - STARLINK-2428,Distance STARLINK-31007 - STARLINK-5564,Distance STARLINK-31007 - STARLINK-3396,Distance STARLINK-31007 - STARLINK-3998,Distance STARLINK-31007 - STARLINK-4366,Distance STARLINK-31007 - STARLINK-31192,Distance STARLINK-31007 - STARLINK-30768,Distance STARLINK-31007 - STARLINK-5211,Distance STARLINK-31007 - STARLINK-4347,Distance STARLINK-31007 - STARLINK-30322,Distance STARLINK-31007 - STARLINK-30387,Distance STARLINK-31007 - STARLINK-1187,Distance STARLINK-31007 - STARLINK-1498,Distance STARLINK-31007 - STARLINK-31629,Distance STARLINK-31007 - STARLINK-5774,Distance STARLINK-31007 - STARLINK-31707,Distance STARLINK-31007 - STARLINK-4478,Distance STARLINK-31007 - STARLINK-31913,Distance STARLINK-31007 - STARLINK-31580,Distance STARLINK-31007 - STARLINK-4189,Distance STARLINK-31007 - STARLINK-3334,Distance STARLINK-31007 - STARLINK-31765,Distance STARLINK-31007 - STARLINK-31070,Distance STARLINK-31007 - STARLINK-31043,Distance STARLINK-31007 - MoonARTEMIS1,Distance STARLINK-31007 - MoonARTEMIS2,Distance STARLINK-31007 - MoonIOAGEO,Distance STARLINK-31007 - MoonIOAGNO,Distance STARLINK-31007 - MoonIOAGNO 0001,Distance STARLINK-31007 - MoonIOAGSO,Distance STARLINK-31007 - MoonIOAGSO 0001,Distance STARLINK-31007 - MoonLRO,Distance STARLINK-31007 - MarsSat1,Distance STARLINK-31007 - MarsSat2,Distance STARLINK-31007 - MarsSat3,Distance STARLINK-31007 - MarsSat4,Distance STARLINK-3682 - STARLINK-3346,Distance STARLINK-3682 - STARLINK-4780,Distance STARLINK-3682 - STARLINK-4102,Distance STARLINK-3682 - STARLINK-3595,Distance STARLINK-3682 - STARLINK-4426,Distance STARLINK-3682 - STARLINK-1046,Distance STARLINK-3682 - STARLINK-2428,Distance STARLINK-3682 - STARLINK-5564,Distance STARLINK-3682 - STARLINK-3396,Distance STARLINK-3682 - STARLINK-3998,Distance STARLINK-3682 - STARLINK-4366,Distance STARLINK-3682 - STARLINK-31192,Distance STARLINK-3682 - STARLINK-30768,Distance STARLINK-3682 - STARLINK-5211,Distance STARLINK-3682 - STARLINK-4347,Distance STARLINK-3682 - STARLINK-30322,Distance STARLINK-3682 - STARLINK-30387,Distance STARLINK-3682 - STARLINK-1187,Distance STARLINK-3682 - STARLINK-1498,Distance STARLINK-3682 - STARLINK-31629,Distance STARLINK-3682 - STARLINK-5774,Distance STARLINK-3682 - STARLINK-31707,Distance STARLINK-3682 - STARLINK-4478,Distance STARLINK-3682 - STARLINK-31913,Distance STARLINK-3682 - STARLINK-31580,Distance STARLINK-3682 - STARLINK-4189,Distance STARLINK-3682 - STARLINK-3334,Distance STARLINK-3682 - STARLINK-31765,Distance STARLINK-3682 - STARLINK-31070,Distance STARLINK-3682 - STARLINK-31043,Distance STARLINK-3682 - MoonARTEMIS1,Distance STARLINK-3682 - MoonARTEMIS2,Distance STARLINK-3682 - MoonIOAGEO,Distance STARLINK-3682 - MoonIOAGNO,Distance STARLINK-3682 - MoonIOAGNO 0001,Distance STARLINK-3682 - MoonIOAGSO,Distance STARLINK-3682 - MoonIOAGSO 0001,Distance STARLINK-3682 - MoonLRO,Distance STARLINK-3682 - MarsSat1,Distance STARLINK-3682 - MarsSat2,Distance STARLINK-3682 - MarsSat3,Distance STARLINK-3682 - MarsSat4,Distance STARLINK-3346 - STARLINK-4780,Distance STARLINK-3346 - STARLINK-4102,Distance STARLINK-3346 - STARLINK-3595,Distance STARLINK-3346 - STARLINK-4426,Distance STARLINK-3346 - STARLINK-1046,Distance STARLINK-3346 - STARLINK-2428,Distance STARLINK-3346 - STARLINK-5564,Distance STARLINK-3346 - STARLINK-3396,Distance STARLINK-3346 - STARLINK-3998,Distance STARLINK-3346 - STARLINK-4366,Distance STARLINK-3346 - STARLINK-31192,Distance STARLINK-3346 - STARLINK-30768,Distance STARLINK-3346 - STARLINK-5211,Distance STARLINK-3346 - STARLINK-4347,Distance STARLINK-3346 - STARLINK-30322,Distance STARLINK-3346 - STARLINK-30387,Distance STARLINK-3346 - STARLINK-1187,Distance STARLINK-3346 - STARLINK-1498,Distance STARLINK-3346 - STARLINK-31629,Distance STARLINK-3346 - STARLINK-5774,Distance STARLINK-3346 - STARLINK-31707,Distance STARLINK-3346 - STARLINK-4478,Distance STARLINK-3346 - STARLINK-31913,Distance STARLINK-3346 - STARLINK-31580,Distance STARLINK-3346 - STARLINK-4189,Distance STARLINK-3346 - STARLINK-3334,Distance STARLINK-3346 - STARLINK-31765,Distance STARLINK-3346 - STARLINK-31070,Distance STARLINK-3346 - STARLINK-31043,Distance STARLINK-3346 - MoonARTEMIS1,Distance STARLINK-3346 - MoonARTEMIS2,Distance STARLINK-3346 - MoonIOAGEO,Distance STARLINK-3346 - MoonIOAGNO,Distance STARLINK-3346 - MoonIOAGNO 0001,Distance STARLINK-3346 - MoonIOAGSO,Distance STARLINK-3346 - MoonIOAGSO 0001,Distance STARLINK-3346 - MoonLRO,Distance STARLINK-3346 - MarsSat1,Distance STARLINK-3346 - MarsSat2,Distance STARLINK-3346 - MarsSat3,Distance STARLINK-3346 - MarsSat4,Distance STARLINK-4780 - STARLINK-4102,Distance STARLINK-4780 - STARLINK-3595,Distance STARLINK-4780 - STARLINK-4426,Distance STARLINK-4780 - STARLINK-1046,Distance STARLINK-4780 - STARLINK-2428,Distance STARLINK-4780 - STARLINK-5564,Distance STARLINK-4780 - STARLINK-3396,Distance STARLINK-4780 - STARLINK-3998,Distance STARLINK-4780 - STARLINK-4366,Distance STARLINK-4780 - STARLINK-31192,Distance STARLINK-4780 - STARLINK-30768,Distance STARLINK-4780 - STARLINK-5211,Distance STARLINK-4780 - STARLINK-4347,Distance STARLINK-4780 - STARLINK-30322,Distance STARLINK-4780 - STARLINK-30387,Distance STARLINK-4780 - STARLINK-1187,Distance STARLINK-4780 - STARLINK-1498,Distance STARLINK-4780 - STARLINK-31629,Distance STARLINK-4780 - STARLINK-5774,Distance STARLINK-4780 - STARLINK-31707,Distance STARLINK-4780 - STARLINK-4478,Distance STARLINK-4780 - STARLINK-31913,Distance STARLINK-4780 - STARLINK-31580,Distance STARLINK-4780 - STARLINK-4189,Distance STARLINK-4780 - STARLINK-3334,Distance STARLINK-4780 - STARLINK-31765,Distance STARLINK-4780 - STARLINK-31070,Distance STARLINK-4780 - STARLINK-31043,Distance STARLINK-4780 - MoonARTEMIS1,Distance STARLINK-4780 - MoonARTEMIS2,Distance STARLINK-4780 - MoonIOAGEO,Distance STARLINK-4780 - MoonIOAGNO,Distance STARLINK-4780 - MoonIOAGNO 0001,Distance STARLINK-4780 - MoonIOAGSO,Distance STARLINK-4780 - MoonIOAGSO 0001,Distance STARLINK-4780 - MoonLRO,Distance STARLINK-4780 - MarsSat1,Distance STARLINK-4780 - MarsSat2,Distance STARLINK-4780 - MarsSat3,Distance STARLINK-4780 - MarsSat4,Distance STARLINK-4102 - STARLINK-3595,Distance STARLINK-4102 - STARLINK-4426,Distance STARLINK-4102 - STARLINK-1046,Distance STARLINK-4102 - STARLINK-2428,Distance STARLINK-4102 - STARLINK-5564,Distance STARLINK-4102 - STARLINK-3396,Distance STARLINK-4102 - STARLINK-3998,Distance STARLINK-4102 - STARLINK-4366,Distance STARLINK-4102 - STARLINK-31192,Distance STARLINK-4102 - STARLINK-30768,Distance STARLINK-4102 - STARLINK-5211,Distance STARLINK-4102 - STARLINK-4347,Distance STARLINK-4102 - STARLINK-30322,Distance STARLINK-4102 - STARLINK-30387,Distance STARLINK-4102 - STARLINK-1187,Distance STARLINK-4102 - STARLINK-1498,Distance STARLINK-4102 - STARLINK-31629,Distance STARLINK-4102 - STARLINK-5774,Distance STARLINK-4102 - STARLINK-31707,Distance STARLINK-4102 - STARLINK-4478,Distance STARLINK-4102 - STARLINK-31913,Distance STARLINK-4102 - STARLINK-31580,Distance STARLINK-4102 - STARLINK-4189,Distance STARLINK-4102 - STARLINK-3334,Distance STARLINK-4102 - STARLINK-31765,Distance STARLINK-4102 - STARLINK-31070,Distance STARLINK-4102 - STARLINK-31043,Distance STARLINK-4102 - MoonARTEMIS1,Distance STARLINK-4102 - MoonARTEMIS2,Distance STARLINK-4102 - MoonIOAGEO,Distance STARLINK-4102 - MoonIOAGNO,Distance STARLINK-4102 - MoonIOAGNO 0001,Distance STARLINK-4102 - MoonIOAGSO,Distance STARLINK-4102 - MoonIOAGSO 0001,Distance STARLINK-4102 - MoonLRO,Distance STARLINK-4102 - MarsSat1,Distance STARLINK-4102 - MarsSat2,Distance STARLINK-4102 - MarsSat3,Distance STARLINK-4102 - MarsSat4,Distance STARLINK-3595 - STARLINK-4426,Distance STARLINK-3595 - STARLINK-1046,Distance STARLINK-3595 - STARLINK-2428,Distance STARLINK-3595 - STARLINK-5564,Distance STARLINK-3595 - STARLINK-3396,Distance STARLINK-3595 - STARLINK-3998,Distance STARLINK-3595 - STARLINK-4366,Distance STARLINK-3595 - STARLINK-31192,Distance STARLINK-3595 - STARLINK-30768,Distance STARLINK-3595 - STARLINK-5211,Distance STARLINK-3595 - STARLINK-4347,Distance STARLINK-3595 - STARLINK-30322,Distance STARLINK-3595 - STARLINK-30387,Distance STARLINK-3595 - STARLINK-1187,Distance STARLINK-3595 - STARLINK-1498,Distance STARLINK-3595 - STARLINK-31629,Distance STARLINK-3595 - STARLINK-5774,Distance STARLINK-3595 - STARLINK-31707,Distance STARLINK-3595 - STARLINK-4478,Distance STARLINK-3595 - STARLINK-31913,Distance STARLINK-3595 - STARLINK-31580,Distance STARLINK-3595 - STARLINK-4189,Distance STARLINK-3595 - STARLINK-3334,Distance STARLINK-3595 - STARLINK-31765,Distance STARLINK-3595 - STARLINK-31070,Distance STARLINK-3595 - STARLINK-31043,Distance STARLINK-3595 - MoonARTEMIS1,Distance STARLINK-3595 - MoonARTEMIS2,Distance STARLINK-3595 - MoonIOAGEO,Distance STARLINK-3595 - MoonIOAGNO,Distance STARLINK-3595 - MoonIOAGNO 0001,Distance STARLINK-3595 - MoonIOAGSO,Distance STARLINK-3595 - MoonIOAGSO 0001,Distance STARLINK-3595 - MoonLRO,Distance STARLINK-3595 - MarsSat1,Distance STARLINK-3595 - MarsSat2,Distance STARLINK-3595 - MarsSat3,Distance STARLINK-3595 - MarsSat4,Distance STARLINK-4426 - STARLINK-1046,Distance STARLINK-4426 - STARLINK-2428,Distance STARLINK-4426 - STARLINK-5564,Distance STARLINK-4426 - STARLINK-3396,Distance STARLINK-4426 - STARLINK-3998,Distance STARLINK-4426 - STARLINK-4366,Distance STARLINK-4426 - STARLINK-31192,Distance STARLINK-4426 - STARLINK-30768,Distance STARLINK-4426 - STARLINK-5211,Distance STARLINK-4426 - STARLINK-4347,Distance STARLINK-4426 - STARLINK-30322,Distance STARLINK-4426 - STARLINK-30387,Distance STARLINK-4426 - STARLINK-1187,Distance STARLINK-4426 - STARLINK-1498,Distance STARLINK-4426 - STARLINK-31629,Distance STARLINK-4426 - STARLINK-5774,Distance STARLINK-4426 - STARLINK-31707,Distance STARLINK-4426 - STARLINK-4478,Distance STARLINK-4426 - STARLINK-31913,Distance STARLINK-4426 - STARLINK-31580,Distance STARLINK-4426 - STARLINK-4189,Distance STARLINK-4426 - STARLINK-3334,Distance STARLINK-4426 - STARLINK-31765,Distance STARLINK-4426 - STARLINK-31070,Distance STARLINK-4426 - STARLINK-31043,Distance STARLINK-4426 - MoonARTEMIS1,Distance STARLINK-4426 - MoonARTEMIS2,Distance STARLINK-4426 - MoonIOAGEO,Distance STARLINK-4426 - MoonIOAGNO,Distance STARLINK-4426 - MoonIOAGNO 0001,Distance STARLINK-4426 - MoonIOAGSO,Distance STARLINK-4426 - MoonIOAGSO 0001,Distance STARLINK-4426 - MoonLRO,Distance STARLINK-4426 - MarsSat1,Distance STARLINK-4426 - MarsSat2,Distance STARLINK-4426 - MarsSat3,Distance STARLINK-4426 - MarsSat4,Distance STARLINK-1046 - STARLINK-2428,Distance STARLINK-1046 - STARLINK-5564,Distance STARLINK-1046 - STARLINK-3396,Distance STARLINK-1046 - STARLINK-3998,Distance STARLINK-1046 - STARLINK-4366,Distance STARLINK-1046 - STARLINK-31192,Distance STARLINK-1046 - STARLINK-30768,Distance STARLINK-1046 - STARLINK-5211,Distance STARLINK-1046 - STARLINK-4347,Distance STARLINK-1046 - STARLINK-30322,Distance STARLINK-1046 - STARLINK-30387,Distance STARLINK-1046 - STARLINK-1187,Distance STARLINK-1046 - STARLINK-1498,Distance STARLINK-1046 - STARLINK-31629,Distance STARLINK-1046 - STARLINK-5774,Distance STARLINK-1046 - STARLINK-31707,Distance STARLINK-1046 - STARLINK-4478,Distance STARLINK-1046 - STARLINK-31913,Distance STARLINK-1046 - STARLINK-31580,Distance STARLINK-1046 - STARLINK-4189,Distance STARLINK-1046 - STARLINK-3334,Distance STARLINK-1046 - STARLINK-31765,Distance STARLINK-1046 - STARLINK-31070,Distance STARLINK-1046 - STARLINK-31043,Distance STARLINK-1046 - MoonARTEMIS1,Distance STARLINK-1046 - MoonARTEMIS2,Distance STARLINK-1046 - MoonIOAGEO,Distance STARLINK-1046 - MoonIOAGNO,Distance STARLINK-1046 - MoonIOAGNO 0001,Distance STARLINK-1046 - MoonIOAGSO,Distance STARLINK-1046 - MoonIOAGSO 0001,Distance STARLINK-1046 - MoonLRO,Distance STARLINK-1046 - MarsSat1,Distance STARLINK-1046 - MarsSat2,Distance STARLINK-1046 - MarsSat3,Distance STARLINK-1046 - MarsSat4,Distance STARLINK-2428 - STARLINK-5564,Distance STARLINK-2428 - STARLINK-3396,Distance STARLINK-2428 - STARLINK-3998,Distance STARLINK-2428 - STARLINK-4366,Distance STARLINK-2428 - STARLINK-31192,Distance STARLINK-2428 - STARLINK-30768,Distance STARLINK-2428 - STARLINK-5211,Distance STARLINK-2428 - STARLINK-4347,Distance STARLINK-2428 - STARLINK-30322,Distance STARLINK-2428 - STARLINK-30387,Distance STARLINK-2428 - STARLINK-1187,Distance STARLINK-2428 - STARLINK-1498,Distance STARLINK-2428 - STARLINK-31629,Distance STARLINK-2428 - STARLINK-5774,Distance STARLINK-2428 - STARLINK-31707,Distance STARLINK-2428 - STARLINK-4478,Distance STARLINK-2428 - STARLINK-31913,Distance STARLINK-2428 - STARLINK-31580,Distance STARLINK-2428 - STARLINK-4189,Distance STARLINK-2428 - STARLINK-3334,Distance STARLINK-2428 - STARLINK-31765,Distance STARLINK-2428 - STARLINK-31070,Distance STARLINK-2428 - STARLINK-31043,Distance STARLINK-2428 - MoonARTEMIS1,Distance STARLINK-2428 - MoonARTEMIS2,Distance STARLINK-2428 - MoonIOAGEO,Distance STARLINK-2428 - MoonIOAGNO,Distance STARLINK-2428 - MoonIOAGNO 0001,Distance STARLINK-2428 - MoonIOAGSO,Distance STARLINK-2428 - MoonIOAGSO 0001,Distance STARLINK-2428 - MoonLRO,Distance STARLINK-2428 - MarsSat1,Distance STARLINK-2428 - MarsSat2,Distance STARLINK-2428 - MarsSat3,Distance STARLINK-2428 - MarsSat4,Distance STARLINK-5564 - STARLINK-3396,Distance STARLINK-5564 - STARLINK-3998,Distance STARLINK-5564 - STARLINK-4366,Distance STARLINK-5564 - STARLINK-31192,Distance STARLINK-5564 - STARLINK-30768,Distance STARLINK-5564 - STARLINK-5211,Distance STARLINK-5564 - STARLINK-4347,Distance STARLINK-5564 - STARLINK-30322,Distance STARLINK-5564 - STARLINK-30387,Distance STARLINK-5564 - STARLINK-1187,Distance STARLINK-5564 - STARLINK-1498,Distance STARLINK-5564 - STARLINK-31629,Distance STARLINK-5564 - STARLINK-5774,Distance STARLINK-5564 - STARLINK-31707,Distance STARLINK-5564 - STARLINK-4478,Distance STARLINK-5564 - STARLINK-31913,Distance STARLINK-5564 - STARLINK-31580,Distance STARLINK-5564 - STARLINK-4189,Distance STARLINK-5564 - STARLINK-3334,Distance STARLINK-5564 - STARLINK-31765,Distance STARLINK-5564 - STARLINK-31070,Distance STARLINK-5564 - STARLINK-31043,Distance STARLINK-5564 - MoonARTEMIS1,Distance STARLINK-5564 - MoonARTEMIS2,Distance STARLINK-5564 - MoonIOAGEO,Distance STARLINK-5564 - MoonIOAGNO,Distance STARLINK-5564 - MoonIOAGNO 0001,Distance STARLINK-5564 - MoonIOAGSO,Distance STARLINK-5564 - MoonIOAGSO 0001,Distance STARLINK-5564 - MoonLRO,Distance STARLINK-5564 - MarsSat1,Distance STARLINK-5564 - MarsSat2,Distance STARLINK-5564 - MarsSat3,Distance STARLINK-5564 - MarsSat4,Distance STARLINK-3396 - STARLINK-3998,Distance STARLINK-3396 - STARLINK-4366,Distance STARLINK-3396 - STARLINK-31192,Distance STARLINK-3396 - STARLINK-30768,Distance STARLINK-3396 - STARLINK-5211,Distance STARLINK-3396 - STARLINK-4347,Distance STARLINK-3396 - STARLINK-30322,Distance STARLINK-3396 - STARLINK-30387,Distance STARLINK-3396 - STARLINK-1187,Distance STARLINK-3396 - STARLINK-1498,Distance STARLINK-3396 - STARLINK-31629,Distance STARLINK-3396 - STARLINK-5774,Distance STARLINK-3396 - STARLINK-31707,Distance STARLINK-3396 - STARLINK-4478,Distance STARLINK-3396 - STARLINK-31913,Distance STARLINK-3396 - STARLINK-31580,Distance STARLINK-3396 - STARLINK-4189,Distance STARLINK-3396 - STARLINK-3334,Distance STARLINK-3396 - STARLINK-31765,Distance STARLINK-3396 - STARLINK-31070,Distance STARLINK-3396 - STARLINK-31043,Distance STARLINK-3396 - MoonARTEMIS1,Distance STARLINK-3396 - MoonARTEMIS2,Distance STARLINK-3396 - MoonIOAGEO,Distance STARLINK-3396 - MoonIOAGNO,Distance STARLINK-3396 - MoonIOAGNO 0001,Distance STARLINK-3396 - MoonIOAGSO,Distance STARLINK-3396 - MoonIOAGSO 0001,Distance STARLINK-3396 - MoonLRO,Distance STARLINK-3396 - MarsSat1,Distance STARLINK-3396 - MarsSat2,Distance STARLINK-3396 - MarsSat3,Distance STARLINK-3396 - MarsSat4,Distance STARLINK-3998 - STARLINK-4366,Distance STARLINK-3998 - STARLINK-31192,Distance STARLINK-3998 - STARLINK-30768,Distance STARLINK-3998 - STARLINK-5211,Distance STARLINK-3998 - STARLINK-4347,Distance STARLINK-3998 - STARLINK-30322,Distance STARLINK-3998 - STARLINK-30387,Distance STARLINK-3998 - STARLINK-1187,Distance STARLINK-3998 - STARLINK-1498,Distance STARLINK-3998 - STARLINK-31629,Distance STARLINK-3998 - STARLINK-5774,Distance STARLINK-3998 - STARLINK-31707,Distance STARLINK-3998 - STARLINK-4478,Distance STARLINK-3998 - STARLINK-31913,Distance STARLINK-3998 - STARLINK-31580,Distance STARLINK-3998 - STARLINK-4189,Distance STARLINK-3998 - STARLINK-3334,Distance STARLINK-3998 - STARLINK-31765,Distance STARLINK-3998 - STARLINK-31070,Distance STARLINK-3998 - STARLINK-31043,Distance STARLINK-3998 - MoonARTEMIS1,Distance STARLINK-3998 - MoonARTEMIS2,Distance STARLINK-3998 - MoonIOAGEO,Distance STARLINK-3998 - MoonIOAGNO,Distance STARLINK-3998 - MoonIOAGNO 0001,Distance STARLINK-3998 - MoonIOAGSO,Distance STARLINK-3998 - MoonIOAGSO 0001,Distance STARLINK-3998 - MoonLRO,Distance STARLINK-3998 - MarsSat1,Distance STARLINK-3998 - MarsSat2,Distance STARLINK-3998 - MarsSat3,Distance STARLINK-3998 - MarsSat4,Distance STARLINK-4366 - STARLINK-31192,Distance STARLINK-4366 - STARLINK-30768,Distance STARLINK-4366 - STARLINK-5211,Distance STARLINK-4366 - STARLINK-4347,Distance STARLINK-4366 - STARLINK-30322,Distance STARLINK-4366 - STARLINK-30387,Distance STARLINK-4366 - STARLINK-1187,Distance STARLINK-4366 - STARLINK-1498,Distance STARLINK-4366 - STARLINK-31629,Distance STARLINK-4366 - STARLINK-5774,Distance STARLINK-4366 - STARLINK-31707,Distance STARLINK-4366 - STARLINK-4478,Distance STARLINK-4366 - STARLINK-31913,Distance STARLINK-4366 - STARLINK-31580,Distance STARLINK-4366 - STARLINK-4189,Distance STARLINK-4366 - STARLINK-3334,Distance STARLINK-4366 - STARLINK-31765,Distance STARLINK-4366 - STARLINK-31070,Distance STARLINK-4366 - STARLINK-31043,Distance STARLINK-4366 - MoonARTEMIS1,Distance STARLINK-4366 - MoonARTEMIS2,Distance STARLINK-4366 - MoonIOAGEO,Distance STARLINK-4366 - MoonIOAGNO,Distance STARLINK-4366 - MoonIOAGNO 0001,Distance STARLINK-4366 - MoonIOAGSO,Distance STARLINK-4366 - MoonIOAGSO 0001,Distance STARLINK-4366 - MoonLRO,Distance STARLINK-4366 - MarsSat1,Distance STARLINK-4366 - MarsSat2,Distance STARLINK-4366 - MarsSat3,Distance STARLINK-4366 - MarsSat4,Distance STARLINK-31192 - STARLINK-30768,Distance STARLINK-31192 - STARLINK-5211,Distance STARLINK-31192 - STARLINK-4347,Distance STARLINK-31192 - STARLINK-30322,Distance STARLINK-31192 - STARLINK-30387,Distance STARLINK-31192 - STARLINK-1187,Distance STARLINK-31192 - STARLINK-1498,Distance STARLINK-31192 - STARLINK-31629,Distance STARLINK-31192 - STARLINK-5774,Distance STARLINK-31192 - STARLINK-31707,Distance STARLINK-31192 - STARLINK-4478,Distance STARLINK-31192 - STARLINK-31913,Distance STARLINK-31192 - STARLINK-31580,Distance STARLINK-31192 - STARLINK-4189,Distance STARLINK-31192 - STARLINK-3334,Distance STARLINK-31192 - STARLINK-31765,Distance STARLINK-31192 - STARLINK-31070,Distance STARLINK-31192 - STARLINK-31043,Distance STARLINK-31192 - MoonARTEMIS1,Distance STARLINK-31192 - MoonARTEMIS2,Distance STARLINK-31192 - MoonIOAGEO,Distance STARLINK-31192 - MoonIOAGNO,Distance STARLINK-31192 - MoonIOAGNO 0001,Distance STARLINK-31192 - MoonIOAGSO,Distance STARLINK-31192 - MoonIOAGSO 0001,Distance STARLINK-31192 - MoonLRO,Distance STARLINK-31192 - MarsSat1,Distance STARLINK-31192 - MarsSat2,Distance STARLINK-31192 - MarsSat3,Distance STARLINK-31192 - MarsSat4,Distance STARLINK-30768 - STARLINK-5211,Distance STARLINK-30768 - STARLINK-4347,Distance STARLINK-30768 - STARLINK-30322,Distance STARLINK-30768 - STARLINK-30387,Distance STARLINK-30768 - STARLINK-1187,Distance STARLINK-30768 - STARLINK-1498,Distance STARLINK-30768 - STARLINK-31629,Distance STARLINK-30768 - STARLINK-5774,Distance STARLINK-30768 - STARLINK-31707,Distance STARLINK-30768 - STARLINK-4478,Distance STARLINK-30768 - STARLINK-31913,Distance STARLINK-30768 - STARLINK-31580,Distance STARLINK-30768 - STARLINK-4189,Distance STARLINK-30768 - STARLINK-3334,Distance STARLINK-30768 - STARLINK-31765,Distance STARLINK-30768 - STARLINK-31070,Distance STARLINK-30768 - STARLINK-31043,Distance STARLINK-30768 - MoonARTEMIS1,Distance STARLINK-30768 - MoonARTEMIS2,Distance STARLINK-30768 - MoonIOAGEO,Distance STARLINK-30768 - MoonIOAGNO,Distance STARLINK-30768 - MoonIOAGNO 0001,Distance STARLINK-30768 - MoonIOAGSO,Distance STARLINK-30768 - MoonIOAGSO 0001,Distance STARLINK-30768 - MoonLRO,Distance STARLINK-30768 - MarsSat1,Distance STARLINK-30768 - MarsSat2,Distance STARLINK-30768 - MarsSat3,Distance STARLINK-30768 - MarsSat4,Distance STARLINK-5211 - STARLINK-4347,Distance STARLINK-5211 - STARLINK-30322,Distance STARLINK-5211 - STARLINK-30387,Distance STARLINK-5211 - STARLINK-1187,Distance STARLINK-5211 - STARLINK-1498,Distance STARLINK-5211 - STARLINK-31629,Distance STARLINK-5211 - STARLINK-5774,Distance STARLINK-5211 - STARLINK-31707,Distance STARLINK-5211 - STARLINK-4478,Distance STARLINK-5211 - STARLINK-31913,Distance STARLINK-5211 - STARLINK-31580,Distance STARLINK-5211 - STARLINK-4189,Distance STARLINK-5211 - STARLINK-3334,Distance STARLINK-5211 - STARLINK-31765,Distance STARLINK-5211 - STARLINK-31070,Distance STARLINK-5211 - STARLINK-31043,Distance STARLINK-5211 - MoonARTEMIS1,Distance STARLINK-5211 - MoonARTEMIS2,Distance STARLINK-5211 - MoonIOAGEO,Distance STARLINK-5211 - MoonIOAGNO,Distance STARLINK-5211 - MoonIOAGNO 0001,Distance STARLINK-5211 - MoonIOAGSO,Distance STARLINK-5211 - MoonIOAGSO 0001,Distance STARLINK-5211 - MoonLRO,Distance STARLINK-5211 - MarsSat1,Distance STARLINK-5211 - MarsSat2,Distance STARLINK-5211 - MarsSat3,Distance STARLINK-5211 - MarsSat4,Distance STARLINK-4347 - STARLINK-30322,Distance STARLINK-4347 - STARLINK-30387,Distance STARLINK-4347 - STARLINK-1187,Distance STARLINK-4347 - STARLINK-1498,Distance STARLINK-4347 - STARLINK-31629,Distance STARLINK-4347 - STARLINK-5774,Distance STARLINK-4347 - STARLINK-31707,Distance STARLINK-4347 - STARLINK-4478,Distance STARLINK-4347 - STARLINK-31913,Distance STARLINK-4347 - STARLINK-31580,Distance STARLINK-4347 - STARLINK-4189,Distance STARLINK-4347 - STARLINK-3334,Distance STARLINK-4347 - STARLINK-31765,Distance STARLINK-4347 - STARLINK-31070,Distance STARLINK-4347 - STARLINK-31043,Distance STARLINK-4347 - MoonARTEMIS1,Distance STARLINK-4347 - MoonARTEMIS2,Distance STARLINK-4347 - MoonIOAGEO,Distance STARLINK-4347 - MoonIOAGNO,Distance STARLINK-4347 - MoonIOAGNO 0001,Distance STARLINK-4347 - MoonIOAGSO,Distance STARLINK-4347 - MoonIOAGSO 0001,Distance STARLINK-4347 - MoonLRO,Distance STARLINK-4347 - MarsSat1,Distance STARLINK-4347 - MarsSat2,Distance STARLINK-4347 - MarsSat3,Distance STARLINK-4347 - MarsSat4,Distance STARLINK-30322 - STARLINK-30387,Distance STARLINK-30322 - STARLINK-1187,Distance STARLINK-30322 - STARLINK-1498,Distance STARLINK-30322 - STARLINK-31629,Distance STARLINK-30322 - STARLINK-5774,Distance STARLINK-30322 - STARLINK-31707,Distance STARLINK-30322 - STARLINK-4478,Distance STARLINK-30322 - STARLINK-31913,Distance STARLINK-30322 - STARLINK-31580,Distance STARLINK-30322 - STARLINK-4189,Distance STARLINK-30322 - STARLINK-3334,Distance STARLINK-30322 - STARLINK-31765,Distance STARLINK-30322 - STARLINK-31070,Distance STARLINK-30322 - STARLINK-31043,Distance STARLINK-30322 - MoonARTEMIS1,Distance STARLINK-30322 - MoonARTEMIS2,Distance STARLINK-30322 - MoonIOAGEO,Distance STARLINK-30322 - MoonIOAGNO,Distance STARLINK-30322 - MoonIOAGNO 0001,Distance STARLINK-30322 - MoonIOAGSO,Distance STARLINK-30322 - MoonIOAGSO 0001,Distance STARLINK-30322 - MoonLRO,Distance STARLINK-30322 - MarsSat1,Distance STARLINK-30322 - MarsSat2,Distance STARLINK-30322 - MarsSat3,Distance STARLINK-30322 - MarsSat4,Distance STARLINK-30387 - STARLINK-1187,Distance STARLINK-30387 - STARLINK-1498,Distance STARLINK-30387 - STARLINK-31629,Distance STARLINK-30387 - STARLINK-5774,Distance STARLINK-30387 - STARLINK-31707,Distance STARLINK-30387 - STARLINK-4478,Distance STARLINK-30387 - STARLINK-31913,Distance STARLINK-30387 - STARLINK-31580,Distance STARLINK-30387 - STARLINK-4189,Distance STARLINK-30387 - STARLINK-3334,Distance STARLINK-30387 - STARLINK-31765,Distance STARLINK-30387 - STARLINK-31070,Distance STARLINK-30387 - STARLINK-31043,Distance STARLINK-30387 - MoonARTEMIS1,Distance STARLINK-30387 - MoonARTEMIS2,Distance STARLINK-30387 - MoonIOAGEO,Distance STARLINK-30387 - MoonIOAGNO,Distance STARLINK-30387 - MoonIOAGNO 0001,Distance STARLINK-30387 - MoonIOAGSO,Distance STARLINK-30387 - MoonIOAGSO 0001,Distance STARLINK-30387 - MoonLRO,Distance STARLINK-30387 - MarsSat1,Distance STARLINK-30387 - MarsSat2,Distance STARLINK-30387 - MarsSat3,Distance STARLINK-30387 - MarsSat4,Distance STARLINK-1187 - STARLINK-1498,Distance STARLINK-1187 - STARLINK-31629,Distance STARLINK-1187 - STARLINK-5774,Distance STARLINK-1187 - STARLINK-31707,Distance STARLINK-1187 - STARLINK-4478,Distance STARLINK-1187 - STARLINK-31913,Distance STARLINK-1187 - STARLINK-31580,Distance STARLINK-1187 - STARLINK-4189,Distance STARLINK-1187 - STARLINK-3334,Distance STARLINK-1187 - STARLINK-31765,Distance STARLINK-1187 - STARLINK-31070,Distance STARLINK-1187 - STARLINK-31043,Distance STARLINK-1187 - MoonARTEMIS1,Distance STARLINK-1187 - MoonARTEMIS2,Distance STARLINK-1187 - MoonIOAGEO,Distance STARLINK-1187 - MoonIOAGNO,Distance STARLINK-1187 - MoonIOAGNO 0001,Distance STARLINK-1187 - MoonIOAGSO,Distance STARLINK-1187 - MoonIOAGSO 0001,Distance STARLINK-1187 - MoonLRO,Distance STARLINK-1187 - MarsSat1,Distance STARLINK-1187 - MarsSat2,Distance STARLINK-1187 - MarsSat3,Distance STARLINK-1187 - MarsSat4,Distance STARLINK-1498 - STARLINK-31629,Distance STARLINK-1498 - STARLINK-5774,Distance STARLINK-1498 - STARLINK-31707,Distance STARLINK-1498 - STARLINK-4478,Distance STARLINK-1498 - STARLINK-31913,Distance STARLINK-1498 - STARLINK-31580,Distance STARLINK-1498 - STARLINK-4189,Distance STARLINK-1498 - STARLINK-3334,Distance STARLINK-1498 - STARLINK-31765,Distance STARLINK-1498 - STARLINK-31070,Distance STARLINK-1498 - STARLINK-31043,Distance STARLINK-1498 - MoonARTEMIS1,Distance STARLINK-1498 - MoonARTEMIS2,Distance STARLINK-1498 - MoonIOAGEO,Distance STARLINK-1498 - MoonIOAGNO,Distance STARLINK-1498 - MoonIOAGNO 0001,Distance STARLINK-1498 - MoonIOAGSO,Distance STARLINK-1498 - MoonIOAGSO 0001,Distance STARLINK-1498 - MoonLRO,Distance STARLINK-1498 - MarsSat1,Distance STARLINK-1498 - MarsSat2,Distance STARLINK-1498 - MarsSat3,Distance STARLINK-1498 - MarsSat4,Distance STARLINK-31629 - STARLINK-5774,Distance STARLINK-31629 - STARLINK-31707,Distance STARLINK-31629 - STARLINK-4478,Distance STARLINK-31629 - STARLINK-31913,Distance STARLINK-31629 - STARLINK-31580,Distance STARLINK-31629 - STARLINK-4189,Distance STARLINK-31629 - STARLINK-3334,Distance STARLINK-31629 - STARLINK-31765,Distance STARLINK-31629 - STARLINK-31070,Distance STARLINK-31629 - STARLINK-31043,Distance STARLINK-31629 - MoonARTEMIS1,Distance STARLINK-31629 - MoonARTEMIS2,Distance STARLINK-31629 - MoonIOAGEO,Distance STARLINK-31629 - MoonIOAGNO,Distance STARLINK-31629 - MoonIOAGNO 0001,Distance STARLINK-31629 - MoonIOAGSO,Distance STARLINK-31629 - MoonIOAGSO 0001,Distance STARLINK-31629 - MoonLRO,Distance STARLINK-31629 - MarsSat1,Distance STARLINK-31629 - MarsSat2,Distance STARLINK-31629 - MarsSat3,Distance STARLINK-31629 - MarsSat4,Distance STARLINK-5774 - STARLINK-31707,Distance STARLINK-5774 - STARLINK-4478,Distance STARLINK-5774 - STARLINK-31913,Distance STARLINK-5774 - STARLINK-31580,Distance STARLINK-5774 - STARLINK-4189,Distance STARLINK-5774 - STARLINK-3334,Distance STARLINK-5774 - STARLINK-31765,Distance STARLINK-5774 - STARLINK-31070,Distance STARLINK-5774 - STARLINK-31043,Distance STARLINK-5774 - MoonARTEMIS1,Distance STARLINK-5774 - MoonARTEMIS2,Distance STARLINK-5774 - MoonIOAGEO,Distance STARLINK-5774 - MoonIOAGNO,Distance STARLINK-5774 - MoonIOAGNO 0001,Distance STARLINK-5774 - MoonIOAGSO,Distance STARLINK-5774 - MoonIOAGSO 0001,Distance STARLINK-5774 - MoonLRO,Distance STARLINK-5774 - MarsSat1,Distance STARLINK-5774 - MarsSat2,Distance STARLINK-5774 - MarsSat3,Distance STARLINK-5774 - MarsSat4,Distance STARLINK-31707 - STARLINK-4478,Distance STARLINK-31707 - STARLINK-31913,Distance STARLINK-31707 - STARLINK-31580,Distance STARLINK-31707 - STARLINK-4189,Distance STARLINK-31707 - STARLINK-3334,Distance STARLINK-31707 - STARLINK-31765,Distance STARLINK-31707 - STARLINK-31070,Distance STARLINK-31707 - STARLINK-31043,Distance STARLINK-31707 - MoonARTEMIS1,Distance STARLINK-31707 - MoonARTEMIS2,Distance STARLINK-31707 - MoonIOAGEO,Distance STARLINK-31707 - MoonIOAGNO,Distance STARLINK-31707 - MoonIOAGNO 0001,Distance STARLINK-31707 - MoonIOAGSO,Distance STARLINK-31707 - MoonIOAGSO 0001,Distance STARLINK-31707 - MoonLRO,Distance STARLINK-31707 - MarsSat1,Distance STARLINK-31707 - MarsSat2,Distance STARLINK-31707 - MarsSat3,Distance STARLINK-31707 - MarsSat4,Distance STARLINK-4478 - STARLINK-31913,Distance STARLINK-4478 - STARLINK-31580,Distance STARLINK-4478 - STARLINK-4189,Distance STARLINK-4478 - STARLINK-3334,Distance STARLINK-4478 - STARLINK-31765,Distance STARLINK-4478 - STARLINK-31070,Distance STARLINK-4478 - STARLINK-31043,Distance STARLINK-4478 - MoonARTEMIS1,Distance STARLINK-4478 - MoonARTEMIS2,Distance STARLINK-4478 - MoonIOAGEO,Distance STARLINK-4478 - MoonIOAGNO,Distance STARLINK-4478 - MoonIOAGNO 0001,Distance STARLINK-4478 - MoonIOAGSO,Distance STARLINK-4478 - MoonIOAGSO 0001,Distance STARLINK-4478 - MoonLRO,Distance STARLINK-4478 - MarsSat1,Distance STARLINK-4478 - MarsSat2,Distance STARLINK-4478 - MarsSat3,Distance STARLINK-4478 - MarsSat4,Distance STARLINK-31913 - STARLINK-31580,Distance STARLINK-31913 - STARLINK-4189,Distance STARLINK-31913 - STARLINK-3334,Distance STARLINK-31913 - STARLINK-31765,Distance STARLINK-31913 - STARLINK-31070,Distance STARLINK-31913 - STARLINK-31043,Distance STARLINK-31913 - MoonARTEMIS1,Distance STARLINK-31913 - MoonARTEMIS2,Distance STARLINK-31913 - MoonIOAGEO,Distance STARLINK-31913 - MoonIOAGNO,Distance STARLINK-31913 - MoonIOAGNO 0001,Distance STARLINK-31913 - MoonIOAGSO,Distance STARLINK-31913 - MoonIOAGSO 0001,Distance STARLINK-31913 - MoonLRO,Distance STARLINK-31913 - MarsSat1,Distance STARLINK-31913 - MarsSat2,Distance STARLINK-31913 - MarsSat3,Distance STARLINK-31913 - MarsSat4,Distance STARLINK-31580 - STARLINK-4189,Distance STARLINK-31580 - STARLINK-3334,Distance STARLINK-31580 - STARLINK-31765,Distance STARLINK-31580 - STARLINK-31070,Distance STARLINK-31580 - STARLINK-31043,Distance STARLINK-31580 - MoonARTEMIS1,Distance STARLINK-31580 - MoonARTEMIS2,Distance STARLINK-31580 - MoonIOAGEO,Distance STARLINK-31580 - MoonIOAGNO,Distance STARLINK-31580 - MoonIOAGNO 0001,Distance STARLINK-31580 - MoonIOAGSO,Distance STARLINK-31580 - MoonIOAGSO 0001,Distance STARLINK-31580 - MoonLRO,Distance STARLINK-31580 - MarsSat1,Distance STARLINK-31580 - MarsSat2,Distance STARLINK-31580 - MarsSat3,Distance STARLINK-31580 - MarsSat4,Distance STARLINK-4189 - STARLINK-3334,Distance STARLINK-4189 - STARLINK-31765,Distance STARLINK-4189 - STARLINK-31070,Distance STARLINK-4189 - STARLINK-31043,Distance STARLINK-4189 - MoonARTEMIS1,Distance STARLINK-4189 - MoonARTEMIS2,Distance STARLINK-4189 - MoonIOAGEO,Distance STARLINK-4189 - MoonIOAGNO,Distance STARLINK-4189 - MoonIOAGNO 0001,Distance STARLINK-4189 - MoonIOAGSO,Distance STARLINK-4189 - MoonIOAGSO 0001,Distance STARLINK-4189 - MoonLRO,Distance STARLINK-4189 - MarsSat1,Distance STARLINK-4189 - MarsSat2,Distance STARLINK-4189 - MarsSat3,Distance STARLINK-4189 - MarsSat4,Distance STARLINK-3334 - STARLINK-31765,Distance STARLINK-3334 - STARLINK-31070,Distance STARLINK-3334 - STARLINK-31043,Distance STARLINK-3334 - MoonARTEMIS1,Distance STARLINK-3334 - MoonARTEMIS2,Distance STARLINK-3334 - MoonIOAGEO,Distance STARLINK-3334 - MoonIOAGNO,Distance STARLINK-3334 - MoonIOAGNO 0001,Distance STARLINK-3334 - MoonIOAGSO,Distance STARLINK-3334 - MoonIOAGSO 0001,Distance STARLINK-3334 - MoonLRO,Distance STARLINK-3334 - MarsSat1,Distance STARLINK-3334 - MarsSat2,Distance STARLINK-3334 - MarsSat3,Distance STARLINK-3334 - MarsSat4,Distance STARLINK-31765 - STARLINK-31070,Distance STARLINK-31765 - STARLINK-31043,Distance STARLINK-31765 - MoonARTEMIS1,Distance STARLINK-31765 - MoonARTEMIS2,Distance STARLINK-31765 - MoonIOAGEO,Distance STARLINK-31765 - MoonIOAGNO,Distance STARLINK-31765 - MoonIOAGNO 0001,Distance STARLINK-31765 - MoonIOAGSO,Distance STARLINK-31765 - MoonIOAGSO 0001,Distance STARLINK-31765 - MoonLRO,Distance STARLINK-31765 - MarsSat1,Distance STARLINK-31765 - MarsSat2,Distance STARLINK-31765 - MarsSat3,Distance STARLINK-31765 - MarsSat4,Distance STARLINK-31070 - STARLINK-31043,Distance STARLINK-31070 - MoonARTEMIS1,Distance STARLINK-31070 - MoonARTEMIS2,Distance STARLINK-31070 - MoonIOAGEO,Distance STARLINK-31070 - MoonIOAGNO,Distance STARLINK-31070 - MoonIOAGNO 0001,Distance STARLINK-31070 - MoonIOAGSO,Distance STARLINK-31070 - MoonIOAGSO 0001,Distance STARLINK-31070 - MoonLRO,Distance STARLINK-31070 - MarsSat1,Distance STARLINK-31070 - MarsSat2,Distance STARLINK-31070 - MarsSat3,Distance STARLINK-31070 - MarsSat4,Distance STARLINK-31043 - MoonARTEMIS1,Distance STARLINK-31043 - MoonARTEMIS2,Distance STARLINK-31043 - MoonIOAGEO,Distance STARLINK-31043 - MoonIOAGNO,Distance STARLINK-31043 - MoonIOAGNO 0001,Distance STARLINK-31043 - MoonIOAGSO,Distance STARLINK-31043 - MoonIOAGSO 0001,Distance STARLINK-31043 - MoonLRO,Distance STARLINK-31043 - MarsSat1,Distance STARLINK-31043 - MarsSat2,Distance STARLINK-31043 - MarsSat3,Distance STARLINK-31043 - MarsSat4,Distance MoonARTEMIS1 - MoonARTEMIS2,Distance MoonARTEMIS1 - MoonIOAGEO,Distance MoonARTEMIS1 - MoonIOAGNO,Distance MoonARTEMIS1 - MoonIOAGNO 0001,Distance MoonARTEMIS1 - MoonIOAGSO,Distance MoonARTEMIS1 - MoonIOAGSO 0001,Distance MoonARTEMIS1 - MoonLRO,Distance MoonARTEMIS1 - MarsSat1,Distance MoonARTEMIS1 - MarsSat2,Distance MoonARTEMIS1 - MarsSat3,Distance MoonARTEMIS1 - MarsSat4,Distance MoonARTEMIS2 - MoonIOAGEO,Distance MoonARTEMIS2 - MoonIOAGNO,Distance MoonARTEMIS2 - MoonIOAGNO 0001,Distance MoonARTEMIS2 - MoonIOAGSO,Distance MoonARTEMIS2 - MoonIOAGSO 0001,Distance MoonARTEMIS2 - MoonLRO,Distance MoonARTEMIS2 - MarsSat1,Distance MoonARTEMIS2 - MarsSat2,Distance MoonARTEMIS2 - MarsSat3,Distance MoonARTEMIS2 - MarsSat4,Distance MoonIOAGEO - MoonIOAGNO,Distance MoonIOAGEO - MoonIOAGNO 0001,Distance MoonIOAGEO - MoonIOAGSO,Distance MoonIOAGEO - MoonIOAGSO 0001,Distance MoonIOAGEO - MoonLRO,Distance MoonIOAGEO - MarsSat1,Distance MoonIOAGEO - MarsSat2,Distance MoonIOAGEO - MarsSat3,Distance MoonIOAGEO - MarsSat4,Distance MoonIOAGNO - MoonIOAGNO 0001,Distance MoonIOAGNO - MoonIOAGSO,Distance MoonIOAGNO - MoonIOAGSO 0001,Distance MoonIOAGNO - MoonLRO,Distance MoonIOAGNO - MarsSat1,Distance MoonIOAGNO - MarsSat2,Distance MoonIOAGNO - MarsSat3,Distance MoonIOAGNO - MarsSat4,Distance MoonIOAGNO 0001 - MoonIOAGSO,Distance MoonIOAGNO 0001 - MoonIOAGSO 0001,Distance MoonIOAGNO 0001 - MoonLRO,Distance MoonIOAGNO 0001 - MarsSat1,Distance MoonIOAGNO 0001 - MarsSat2,Distance MoonIOAGNO 0001 - MarsSat3,Distance MoonIOAGNO 0001 - MarsSat4,Distance MoonIOAGSO - MoonIOAGSO 0001,Distance MoonIOAGSO - MoonLRO,Distance MoonIOAGSO - MarsSat1,Distance MoonIOAGSO - MarsSat2,Distance MoonIOAGSO - MarsSat3,Distance MoonIOAGSO - MarsSat4,Distance MoonIOAGSO 0001 - MoonLRO,Distance MoonIOAGSO 0001 - MarsSat1,Distance MoonIOAGSO 0001 - MarsSat2,Distance MoonIOAGSO 0001 - MarsSat3,Distance MoonIOAGSO 0001 - MarsSat4,Distance MoonLRO - MarsSat1,Distance MoonLRO - MarsSat2,Distance MoonLRO - MarsSat3,Distance MoonLRO - MarsSat4,Distance MarsSat1 - MarsSat2,Distance MarsSat1 - MarsSat3,Distance MarsSat1 - MarsSat4,Distance MarsSat2 - MarsSat3,Distance MarsSat2 - MarsSat4,Distance MarsSat3 - MarsSat4,
SECONDS,km,km,km,km,km,km,km,km,km,km,km,km,km,km,km,km,km,km,km,km,km,km,km,km,km,km,km,km,km,km,km,km,km,km,km,km,km,km,km,km,km,km,km,km,km,km,km,km,km,km,km,km,km,km,km,km,km,km,km,km,km,km,km,km,km,km,km,km,km,km,km,km,km,km,km,km,km,km,km,km,km,km,km,km,km,km,km,km,km,km,km,km,km,km,km,km,km,km,km,km,km,km,km,km,km,km,km,km,km,km,km,km,km,km,km,km,km,km,km,km,km,km,km,km,km,km,km,km,km,km,km,km,km,km,km,km,km,km,km,km,km,km,km,km,km,km,km,km,km,km,km,km,km,km,km,km,km,km,km,km,km,km,km,km,km,km,km,km,km,km,km,km,km,km,km,km,km,km,km,km,km,km,km,km,km,km,km,km,km,km,km,km,km,km,km,km,km,km,km,km,km,km,km,km,km,km,km,km,km,km,km,km,km,km,km,km,km,km,km,km,km,km,km,km,km,km,km,km,km,km,km,km,km,km,km,km,km,km,km,km,km,km,km,km,km,km,km,km,km,km,km,km,km,km,km,km,km,km,km,km,km,km,km,km,km,km,km,km,km,km,km,km,km,km,km,km,km,km,km,km,km,km,km,km,km,km,km,km,km,km,km,km,km,km,km,km,km,km,km,km,km,km,km,km,km,km,km,km,km,km,km,km,km,km,km,km,km,km,km,km,km,km,km,km,km,km,km,km,km,km,km,km,km,km,km,km,km,km,km,km,km,km,km,km,km,km,km,km,km,km,km,km,km,km,km,km,km,km,km,km,km,km,km,km,km,km,km,km,km,km,km,km,km,km,km,km,km,km,km,km,km,km,km,km,km,km,km,km,km,km,km,km,km,km,km,km,km,km,km,km,km,km,km,km,km,km,km,km,km,km,km,km,km,km,km,km,km,km,km,km,km,km,km,km,km,km,km,km,km,km,km,km,km,km,km,km,km,km,km,km,km,km,km,km,km,km,km,km,km,km,km,km,km,km,km,km,km,km,km,km,km,km,km,km,km,km,km,km,km,km,km,km,km,km,km,km,km,km,km,km,km,km,km,km,km,km,km,km,km,km,km,km,km,km,km,km,km,km,km,km,km,km,km,km,km,km,km,km,km,km,km,km,km,km,km,km,km,km,km,km,km,km,km,km,km,km,km,km,km,km,km,km,km,km,km,km,km,km,km,km,km,km,km,km,km,km,km,km,km,km,km,km,km,km,km,km,km,km,km,km,km,km,km,km,km,km,km,km,km,km,km,km,km,km,km,km,km,km,km,km,km,km,km,km,km,km,km,km,km,km,km,km,km,km,km,km,km,km,km,km,km,km,km,km,km,km,km,km,km,km,km,km,km,km,km,km,km,km,km,km,km,km,km,km,km,km,km,km,km,km,km,km,km,km,km,km,km,km,km,km,km,km,km,km,km,km,km,km,km,km,km,km,km,km,km,km,km,km,km,km,km,km,km,km,km,km,km,km,km,km,km,km,km,km,km,km,km,km,km,km,km,km,km,km,km,km,km,km,km,km,km,km,km,km,km,km,km,km,km,km,km,km,km,km,km,km,km,km,km,km,km,km,km,km,km,km,km,km,km,km,km,km,km,km,km,km,km,km,km,km,km,km,km,km,km,km,km,km,km,km,km,km,km,km,km,km,km,km,km,km,km,km,km,km,km,km,km,km,km,km,km,km,km,km,km,km,km,km,km,km,km,km,km,km,km,km,km,km,km,km,km,km,km,km,km,km,km,km,km,km,km,km,km,km,km,km,km,km,km,km,km,km,km,km,km,km,km,km,km,km,km,km,km,km,km,km,km,km,km,km,km,km,km,km,km,km,km,km,km,km,km,km,km,km,km,km,km,km,km,km,km,km,km,km,km,km,km,km,km,km,km,km,km,km,km,km,km,km,km,km,km,km,km,km,km,km,km,km,km,km,km,km,km,km,km,km,km,km,km,km,km,km,km,km,km,km,km,km,km,km,km,km,km,km,km,km,km,km,km,km,km,km,km,km,km,km,km,km,km,km,km,km,km,km,km,km,km,km,km,km,km,km,km,km,km,km,km,km,km,km,km,km,km,km,km,km,km,km,km,km,km,km,km,km,km,km,km,km,km,km,km,km,km,km,km,km,km,km,km,km,km,km,km,km,km,km,km,km,km,km,km,km,km,km,km,km,km,km,km,km,km,km,km,km,km,km,km,km,km,km,km,km,km,km,km,km,km,km,km,km,km,km,km,km,km,km,km,km,km,km,km,km,km,km,km,km,km,km,km,km,km,km,km,km,km,km,km,km,km,km,km,km,km,km,km,km,km,km,km,km,km,km,km,km,km,km,km,km,km,km,km,km,km,km,km,km,km,km,km,km,km,km,km,km,km,km,km,km,km,km,km,km,km,km,km,km,km,km,km,km,km,km,km,km,km,km,km,km,km,km,km,km,km,km,km,km,km,km,km,km,km,km,km,km,km,km,km,km,km,km,km,km,km,km,km,km,km,km,km,km,km,km,km,km,km,km,km,km,km,km,km,km,km,km,km,km,km,km,km,km,km,km,km,km,km,km,km,km,km,km,km,km,km,km,km,km,km,km,km,km,km,km,km,km,km,km,km,km,km,km,km,km,km,km,km,km,km,km,km,km,km,km,km,km,km,km,km,km,km,km,km,km,km,km,km,km,km,km,km,km,km,km,km,km,km,km,km,km,km,km,km,km,km,km,km,km,km,km,km,km,km,km,km,km,km,km,km,km,km,km,km,km,km,km,km,km,km,km,km,km,km,km,km,km,km,km,km,km,km,km,km,km,km,km,km,km,km,km,km,km,km,km,km,km,km,km,km,km,km,km,km,km,km,km,km,km,km,km,km,km,km,km,km,km,km,km,km,km,km,km,km,km,km,km,km,km,km,km,km,km,km,km,km,km,km,km,km,km,km,km,km,km,km,km,km,km,km,km,km,km,km,km,km,km,km,km,km,km,km,km,km,km,km,km,km,km,km,km,km,km,km,km,km,km,km,km,km,km,km,km,km,km,km,km,km,km,km,km,km,km,km,km,km,km,km,km,km,km,km,km,km,km,km,km,km,km,km,km,km,km,km,km,km,km,km,km,km,km,km,km,km,km,km,km,km,km,km,km,km,km,km,km,km,km,km,km,km,km,km,km,km,km,km,km,km,km,km,km,km,km,km,km,km,km,km,km,km,km,km,km,km,km,km,km,km,km,km,km,km,km,km,km,km,km,km,km,km,km,km,km,km,km,km,km,km,km,km,km,km,km,km,km,km,km,km,km,km,km,km,km,km,km,km,km,km,km,km,km,km,km,km,km,km,km,km,km,km,km,km,km,km,km,km,km,km,km,km,km,km,km,km,km,km,km,km,km,km,km,km,km,km,km,km,km,km,km,km,km,km,km,km,km,km,km,km,km,km,km,km,km,km,km,km,km,km,km,km,km,km,km,km,km,km,km,km,km,km,km,km,km,km,km,km,km,km,km,km,km,km,km,km,km,km,km,km,km,km,km,km,km,km,km,km,km,km,km,km,km,km,km,km,km,km,km,km,km,km,km,km,km,km,km,km,km,km,km,km,km,km,km,km,km,km,km,km,km,km,km,km,km,km,km,km,km,km,km,km,km,km,km,km,km,km,km,km,km,km,km,km,km,km,km,km,km,km,km,km,km,km,km,km,km,km,km,km,km,km,km,km,km,km,km,km,km,km,km,km,km,km,km,km,km,km,km,km,km,km,km,km,km,km,km,km,km,km,km,km,km,km,km,km,km,km,km,km,km,km,km,km,km,km,km,km,km,km,km,km,km,km,km,km,km,km,km,km,km,km,km,km,km,km,km,km,km,km,km,km,km,km,km,km,km,km,km,km,km,km,km,km,km,km,km,km,km,km,km,km,km,km,km,km,km,km,km,km,km,km,km,km,km,km,km,km,km,km,km,km,km,km,km,km,km,km,km,km,km,km,km,km,km,km,km,km,km,km,km,km,km,km,km,km,km,km,km,km,km,km,km,km,km,km,km,km,km,km,km,km,km,km,km,km,km,km,km,km,km,km,km,km,km,km,km,km,km,km,km,km,km,km,km,km,km,km,km,km,km,km,km,km,km,km,km,km,km,km,km,km,km,km,km,km,km,km,km,km,km,km,km,km,km,km,km,km,km,km,km,km,km,km,km,km,km,km,km,km,km,km,km,km,km,km,km,km,km,km,km,km,km,km,km,km,km,km,km,km,km,km,km,km,km,km,km,km,km,km,km,km,km,km,km,km,km,km,km,km,km,km,km,km,km,km,km,km,km,km,km,km,km,km,km,km,km,km,km,km,km,km,km,km,km,km,km,km,km,km,km,km,km,km,km,km,km,km,km,km,km,km,km,km,km,km,km,km,km,km,km,km,km,km,km,km,km,km,km,km,km,km,km,km,km,km,km,km,km,km,km,km,km,km,km,km,km,km,km,km,km,km,km,km,km,km,km,km,km,km,km,km,km,km,km,km,km,km,km,km,km,km,km,km,km,km,km,km,km,km,km,km,km,km,km,km,km,km,km,km,km,km,km,km,km,km,km,km,km,km,km,km,km,km,km,km,km,km,km,km,km,km,km,km,km,km,km,km,km,km,km,km,km,km,km,km,km,km,km,km,km,km,km,km,km,km,km,km,km,km,km,km,km,km,km,km,km,km,km,km,km,km,km,km,km,km,km,km,km,km,km,km,km,km,km,km,km,km,km,km,km,km,km,km,km,km,km,km,km,km,km,km,km,km,km,km,km,km,km,km,km,km,km,km,km,km,km,km,km,km,km,km,km,km,km,km,km,km,km,km,km,km,km,km,km,km,km,km,km,km,km,km,km,km,km,km,km,km,km,km,km,km,km,km,km,km,km,km,km,km,km,km,km,km,km,km,km,km,km,km,km,km,km,km,km,km,km,km,km,km,km,km,km,km,km,km,km,km,km,km,km,km,km,km,km,km,km,km,km,km,km,km,km,km,km,km,km,km,km,km,km,km,km,km,km,km,km,km,km,km,km,km,km,km,km,km,km,km,km,km,km,km,km,km,km,km,km,km,km,km,km,km,km,km,km,km,km,km,km,km,km,km,km,km,km,km,km,km,km,km,km,km,km,km,km,km,km,km,km,km,km,km,km,km,km,km,km,km,km,km,km,km,km,km,km,km,km,km,km,km,km,km,km,km,km,km,km,km,km,km,km,km,km,km,km,km,km,km,km,km,km,km,km,km,km,km,km,km,km,km,km,km,km,km,km,km,km,km,km,km,km,km,km,km,km,km,km,km,km,km,km,km,km,km,km,km,km,km,km,km,km,km,km,km,km,km,km,km,km,km,km,km,km,km,km,km,km,km,km,km,km,km,km,km,km,km,km,km,km,km,km,km,km,km,km,km,km,km,km,km,km,km,km,km,km,km,km,km,km,km,km,km,km,km,km,km,km,km,km,km,km,km,km,km,km,km,km,km,km,km,km,km,km,km,km,km,km,km,km,km,km,km,km,km,km,km,km,km,km,km,km,km,km,km,km,km,km,km,km,km,km,km,km,km,km,km,km,km,km,km,km,km,km,km,km,km,km,km,km,km,km,km,km,km,km,km,km,km,km,km,km,km,km,km,km,km,km,km,km,km,km,km,km,km,km,km,km,km,km,km,km,km,km,km,km,km,km,km,km,km,km,km,km,km,km,km,km,km,km,km,km,km,km,km,km,km,km,km,km,km,km,km,km,km,km,km,km,km,km,km,km,km,km,km,km,km,km,km,km,km,km,km,km,km,km,km,km,km,km,km,km,km,km,km,km,km,km,km,km,km,km,km,km,km,km,km,km,km,km,km,km,km,km,km,km,km,km,km,km,km,km,km,km,km,km,km,km,km,km,km,km,km,km,km,km,km,km,km,km,km,km,km,km,km,km,km,km,km,km,km,km,km,km,km,km,km,km,km,km,km,km,km,km,km,km,km,km,km,km,km,km,km,km,km,km,km,km,km,km,km,km,km,km,km,km,km,km,km,km,km,km,km,km,km,km,km,km,km,km,km,km,km,km,km,km,km,km,km,km,km,km,km,km,km,km,km,km,km,km,km,km,km,km,km,km,km,km,km,km,km,km,km,km,km,km,km,km,km,km,km,km,km,km,km,km,km,km,km,km,km,km,km,km,km,km,km,km,km,km,km,km,km,km,km,km,km,km,km,km,km,km,km,km,km,km,km,km,km,km,km,km,km,km,km,km,km,km,km,km,km,km,km,km,km,km,km,km,km,km,km,km,km,km,km,km,km,km,km,km,km,km,km,km,km,km,km,km,km,km,km,km,km,km,km,km,km,km,km,km,km,km,km,km,km,km,km,km,km,km,km,km,km,km,km,km,km,km,km,km,km,km,km,km,km,km,km,km,km,km,km,km,km,km,km,km,km,km,km,km,km,km,km,km,km,km,km,km,km,km,km,km,km,km,km,km,km,km,km,km,km,km,km,km,km,km,km,km,km,km,km,km,km,km,km,km,km,km,km,km,km,km,km,km,km,km,km,km,km,km,km,km,km,km,km,km,km,km,km,km,km,km,km,km,km,km,km,km,km,km,km,km,km,km,km,km,km,km,km,km,km,km,km,km,km,km,km,km,km,km,km,km,km,km,km,km,km,km,km,km,km,km,km,km,km,km,km,km,km,km,km,km,km,km,km,km,km,km,km,km,km,km,km,km,km,km,km,km,km,km,km,km,km,km,km,km,km,km,km,km,km,km,km,km,km,km,km,km,km,km,km,km,km,km,km,km,km,km,km,km,km,km,km,km,km,km,km,km,km,km,km,km,km,km,km,km,km,km,km,km,km,km,km,km,km,km,km,km,km,km,km,km,km,km,km,km,km,km,km,km,km,km,km,km,km,km,km,km,km,km,km,km,km,km,km,km,km,km,km,km,km,km,km,km,km,km,km,km,km,km,km,km,km,km,km,km,km,km,km,km,km,km,km,km,km,km,km,km,km,km,km,km,km,km,km,km,km,km,km,km,km,km,km,km,km,km,km,km,km,km,km,km,km,km,km,km,km,km,km,km,km,km,km,km,km,km,km,km,km,km,km,km,km,km,km,km,km,km,km,km,km,km,km,km,km,km,km,km,km,km,km,km,km,km,km,km,km,km,km,km,km,km,km,km,km,km,km,km,km,km,km,km,km,km,km,km,km,km,km,km,km,km,km,km,km,km,km,km,km,km,km,km,km,km,km,km,km,km,km,km,km,km,km,km,km,km,km,km,km,km,km,km,km,km,km,km,km,km,km,km,km,km,km,km,km,km,km,km,km,km,km,km,km,km,km,km,km,km,km,km,km,km,km,km,km,km,km,km,km,km,km,km,km,km,km,km,km,km,km,km,km,km,km,km,km,km,km,km,km,km,km,km,km,km,km,km,km,km,km,km,km,km,km,km,km,km,km,km,km,km,km,km,km,km,km,km,km,km,km,km,km,km,km,km,km,km,km,km,km,km,km,km,km,km,km,km,km,km,km,km,km,km,km,km,km,km,km,km,km,km,km,km,km,km,km,km,km,km,km,km,km,km,km,km,km,km,km,km,km,km,km,km,km,km,km,km,km,km,km,km,km,km,km,km,km,km,km,km,km,km,km,km,km,km,km,km,km,km,km,km,km,km,km,km,km,km,km,km,km,km,km,km,km,km,km,km,km,km,km,km,km,km,km,km,km,km,km,km,km,km,km,km,km,km,km,km,km,km,km,km,km,km,km,km,km,km,km,km,km,km,km,km,km,km,km,km,km,km,km,km,km,km,km,km,km,km,km,km,km,km,km,km,km,km,km,km,km,km,km,km,km,km,km,km,km,km,km,km,km,km,km,km,km,km,km,km,km,km,km,km,km,km,km,km,km,km,km,km,km,km,km,km,km,km,km,km,km,km,km,km,km,km,km,km,km,km,km,km,km,km,km,km,km,km,km,km,km,km,km,km,km,km,km,km,km,km,km,km,km,km,km,km,km,km,km,km,km,km,km,km,km,km,km,km,km,km,km,km,km,km,km,km,km,km,km,km,km,km,km,km,km,km,km,km,km,km,km,km,km,km,km,km,km,km,km,km,km,km,km,km,km,km,km,km,km,km,km,km,km,km,km,km,km,km,km,km,km,km,km,km,km,km,km,km,km,km,km,km,km,km,km,km,km,km,km,km,km,km,km,km,km,km,km,km,km,km,km,km,km,km,km,km,km,km,km,km,km,km,km,km,km,km,km,km,km,km,km,km,km,km,km,km,km,km,km,km,km,km,km,km,km,km,km,km,km,km,km,km,km,km,km,km,km,km,km,km,km,km,km,km,km,km,km,km,km,km,km,km,km,km,km,km,km,km,km,km,km,km,km,km,km,km,km,km,km,km,km,km,km,km,km,km,km,km,km,km,km,km,km,km,km,km,km,km,km,km,km,km,km,km,km,km,km,km,km,km,km,km,km,km,km,km,km,km,km,km,km,km,km,km,km,km,km,km,km,km,km,km,km,km,km,km,km,km,km,km,km,km,km,km,km,km,km,km,km,km,km,km,km,km,km,km,km,km,km,km,km,km,km,km,km,km,km,km,km,km,km,km,km,km,km,km,km,km,km,km,km,km,km,km,km,km,km,km,km,km,km,km,km,km,km,km,km,km,km,km,km,km,km,km,km,km,km,km,km,km,km,km,km,km,km,km,km,km,km,km,km,km,km,km,km,km,km,km,km,km,km,km,km,km,km,km,km,km,km,km,km,km,km,km,km,km,km,km,km,km,km,km,km,km,km,km,km,km,km,km,km,km,km,km,km,km,km,km,km,km,km,km,km,km,km,km,km,km,km,km,km,km,km,km,km,km,km,km,km,km,km,km,km,km,km,km,km,km,km,km,km,km,km,km,km,km,km,km,km,km,km,km,km,km,km,km,km,km,km,km,km,km,km,km,km,km,km,km,km,km,km,km,km,km,km,km,km,km,km,km,km,km,km,km,km,km,km,km,km,km,km,km,km,km,km,km,km,km,km,km,km,km,km,km,km,km,km,km,km,km,km,km,km,km,km,km,km,km,km,km,km,km,km,km,km,km,km,km,km,km,km,km,km,km,km,km,km,km,km,km,km,km,km,km,km,km,km,km,km,km,km,km,km,km,km,km,km,km,km,km,km,km,km,km,km,km,km,km,km,km,km,km,km,km,km,km,km,km,km,km,km,km,km,km,km,km,km,km,km,km,km,km,km,km,km,km,km,km,km,km,km,km,km,km,km,km,km,km,km,km,km,km,km,km,km,km,km,km,km,km,km,km,km,km,km,km,km,km,km,km,km,km,km,km,km,km,km,km,km,km,km,km,km,km,km,km,km,km,km,km,km,km,km,km,km,km,km,km,km,km,km,km,km,km,km,km,km,km,km,km,km,km,km,km,km,km,km,km,km,km,km,km,km,km,km,km,km,km,km,km,km,km,km,km,km,km,km,km,km,km,km,km,km,km,km,km,km,km,km,km,km,km,km,km,km,km,km,km,km,km,km,km,km,km,km,km,km,km,km,km,km,km,km,km,km,km,km,km,km,km,km,km,km,km,km,km,km,km,km,km,km,km,km,km,km,km,km,km,km,km,km,km,km,km,km,km,km,km,km,km,km,km,km,km,km,km,km,km,km,km,km,km,km,km,km,km,km,km,km,km,km,km,km,km,km,km,km,km,km,km,km,km,km,km,km,km,km,km,km,km,km,km,km,km,km,km,km,km,km,km,km,km,km,km,km,km,km,km,km,km,km,km,km,km,km,km,km,km,km,km,km,km,km,km,km,km,km,km,km,km,km,km,km,km,km,km,km,km,km,km,km,km,km,km,km,km,km,km,km,km,km,km,km,km,km,km,km,km,km,km,km,km,km,km,km,km,km,km,km,km,km,km,km,km,km,km,km,km,km,km,km,km,km,km,km,km,km,km,km,km,km,km,km,km,km,km,km,km,km,km,km,km,km,km,km,km,km,km,km,km,km,km,km,km,km,km,km,km,km,km,km,km,km,km,km,km,km,km,km,km,km,km,km,km,km,km,km,km,km,km,km,km,km,km,km,km,km,km,km,km,km,km,km,km,km,km,km,km,km,km,km,km,km,km,km,km,km,km,km,km,km,km,km,km,km,km,km,km,km,km,km,km,km,km,km,km,km,km,km,km,km,km,km,km,km,km,km,km,km,km,km,km,km,km,km,km,km,km,km,km,km,km,km,km,km,km,km,km,km,km,km,km,km,km,km,km,km,km,km,km,km,km,km,km,km,km,km,km,km,km,km,km,km,km,km,km,km,km,km,km,km,km,km,km,km,km,km,km,km,km,km,km,km,km,km,km,km,km,km,km,km,km,km,km,km,km,km,km,km,km,km,km,km,km,km,km,km,km,km,km,km,km,km,km,km,km,km,km,km,km,km,km,km,km,km,km,km,km,km,km,km,km,km,km,km,km,km,km,km,km,km,km,km,km,km,km,km,km,km,km,km,km,km,km,km,km,km,km,km,km,km,km,km,km,km,km,km,km,km,km,km,km,km,km,km,km,km,km,km,km,km,km,km,km,km,km,km,km,km,km,km,km,km,km,km,km,km,km,km,km,km,km,km,km,km,km,km,km,km,km,km,km,km,km,km,km,km,km,km,km,km,km,km,km,km,km,km,km,km,km,km,km,km,km,km,km,km,km,km,km,km,km,km,km,km,km,km,km,km,km,km,km,km,km,km,km,km,km,km,km,km,km,km,km,km,km,km,km,km,km,km,km,km,km,km,km,km,km,km,km,km,km,km,km,km,km,km,km,km,km,km,km,km,km,km,km,km,km,km,km,km,km,km,km,km,km,km,km,km,km,km,km,km,km,km,km,km,km,km,km,km,km,km,km,km,km,km,km,km,km,km,km,km,km,km,km,km,km,km,km,km,km,km,km,km,km,km,km,km,km,km,km,km,km,km,km,km,km,km,km,km,km,km,km,km,km,km,km,km,km,km,km,km,km,km,km,km,km,km,km,km,km,km,km,km,km,km,km,km,km,km,km,km,km,km,km,km,km,km,km,km,km,km,km,km,km,km,km,km,km,km,km,km,km,km,km,km,km,km,km,km,km,km,km,km,km,km,km,km,km,km,km,km,km,km,km,km,km,km,km,km,km,km,km,km,km,km,km,km,km,km,km,km,km,km,km,km,km,km,km,km,km,km,km,km,km,km,km,km,km,km,km,km,km,km,km,km,km,km,km,km,km,km,km,km,km,km,km,km,km,km,km,km,km,km,km,km,km,km,km,km,km,km,km,km,km,km,km,km,km,km,km,km,km,km,km,km,km,km,km,km,km,km,km,km,km,km,km,km,km,km,km,km,km,km,km,km,km,km,km,km,km,km,km,km,km,km,km,km,km,km,km,km,km,km,km,km,km,km,km,km,km,km,km,km,km,km,km,km,km,km,km,km,km,km,km,km,km,km,km,km,km,km,km,km,km,km,km,km,km,km,km,km,km,km,km,km,km,km,km,km,km,km,km,km,km,km,km,km,km,km,km,km,km,km,km,km,km,km,km,km,km,km,km,km,km,km,km,km,km,km,km,km,km,km,km,km,km,km,km,km,km,km,km,km,km,km,km,km,km,km,km,km,km,km,km,km,km,km,km,km,km,km,km,km,km,km,km,km,km,km,km,km,km,km,km,km,km,km,km,km,km,km,km,km,km,km,km,km,km,km,km,km,km,km,km,km,km,km,km,km,km,km,km,km,km,km,km,km,km,km,km,km,km,km,km,km,km,km,km,km,km,km,km,km,km,km,km,km,km,km,km,km,km,km,km,km,km,km,km,km,km,km,km,km,km,km,km,km,km,km,km,km,km,km,km,km,km,km,km,km,km,km,km,km,km,km,km,km,km,km,km,km,km,km,km,km,km,km,km,km,km,km,km,km,km,km,km,km,km,km,km,km,km,km,km,km,km,km,km,km,km,km,km,km,km,km,km,km,km,km,km,km,km,km,km,km,km,km,km,km,km,km,km,km,km,km,km,km,km,km,km,km,km,km,km,km,km,km,km,km,km,km,km,km,km,km,km,km,km,km,km,km,km,km,km,km,km,km,km,km,km,km,km,km,km,km,km,km,km,km,km,km,km,km,km,km,km,km,km,km,km,km,km,km,km,km,km,km,km,km,km,km,km,km,km,km,km,km,km,km,km,km,km,km,km,km,km,km,km,km,km,km,km,km,km,km,km,km,km,km,km,km,km,km,km,km,km,km,km,km,km,km,km,km,km,km,km,km,km,km,km,km,km,km,km,km,km,km,km,km,km,km,km,km,km,km,km,km,km,km,km,km,km,km,km,km,km,km,km,km,km,km,km,km,km,km,km,km,km,km,km,km,km,km,km,km,km,km,km,km,km,km,km,km,km,km,km,km,km,km,km,km,km,km,km,km,km,km,km,km,km,km,km,km,km,km,km,km,km,km,km,km,km,km,km,km,km,km,km,km,km,km,km,km,km,km,km,km,km,km,km,km,km,km,km,km,km,km,km,km,km,km,km,km,km,km,km,km,km,km,km,km,km,km,km,km,km,km,km,km,km,km,km,km,km,km,km,km,km,km,km,km,km,km,km,km,km,km,km,km,km,km,km,km,km,km,km,km,km,km,km,km,km,km,km,km,km,km,km,km,km,km,km,km,km,km,km,km,km,km,km,km,km,km,km,km,km,km,km,km,km,km,km,km,km,km,km,km,km,km,km,km,km,km,km,km,km,km,km,km,km,km,km,km,km,km,km,km,km,km,km,km,km,km,km,km,km,km,km,km,km,km,km,km,km,km,km,km,km,km,km,km,km,km,km,km,km,km,km,km,km,km,km,km,km,km,km,km,km,km,km,km,km,km,km,km,km,km,km,km,km,km,km,km,km,km,km,km,km,km,km,km,km,km,km,km,km,km,km,km,km,km,km,km,km,km,km,km,km,km,km,km,km,km,km,km,km,km,km,km,km,km,km,km,km,km,km,km,km,km,km,km,km,km,km,km,km,km,km,km,km,km,km,km,km,km,km,km,km,km,km,km,km,km,km,km,km,km,km,km,km,km,km,km,km,km,km,km,km,km,km,km,km,km,km,km,km,km,km,km,km,km,km,km,km,km,km,km,km,km,km,km,km,km,km,km,km,km,km,km,km,km,km,km,km,km,km,km,km,km,km,km,km,km,km,km,km,km,km,km,km,km,km,km,km,km,km,km,km,km,km,km,km,km,km,km,km,km,km,km,km,km,km,km,km,km,km,km,km,km,km,km,km,km,km,km,km,km,km,km,km,km,km,km,km,km,km,km,km,km,km,km,km,km,km,km,km,km,km,km,km,km,km,km,km,km,km,km,km,km,km,km,km,km,km,km,km,km,km,km,km,km,km,km,km,km,km,km,km,km,km,km,km,km,km,km,km,km,km,km,km,km,km,km,km,km,km,km,km,km,km,km,km,km,km,km,km,km,km,km,km,km,km,km,km,km,km,km,km,km,km,km,km,km,km,km,km,km,km,km,km,km,km,km,km,km,km,km,km,km,km,km,km,km,km,km,km,km,km,km,km,km,km,km,km,km,km,km,km,km,km,km,km,km,km,km,km,km,km,km,km,km,km,km,km,km,km,km,km,km,km,km,km,km,km,km,km,km,km,km,km,km,km,km,km,km,km,km,km,km,km,km,km,km,km,km,km,km,km,km,km,km,km,km,km,km,km,km,km,km,km,km,km,km,km,km,km,km,km,km,km,km,km,km,km,km,km,km,km,km,km,km,km,km,km,km,km,km,km,km,km,km,km,km,km,km,km,km,km,km,km,km,km,km,km,km,km,km,km,km,km,km,km,km,km,km,km,km,km,km,km,km,km,km,km,km,km,km,km,km,km,km,km,km,km,km,km,km,km,km,km,km,km,km,km,km,km,km,km,km,km,km,km,km,km,km,km,km,km,km,km,km,km,km,km,km,km,km,km,km,km,km,km,km,km,km,km,km,km,km,km,km,km,km,km,km,km,km,km,km,km,km,km,km,km,
0.000,6143.7699,13371.5585,1949.7192,12184.4872,9401.6749,5377.8714,6014.7699,10260.6362,2520.9056,9499.0073,10351.2804,5312.9223,11225.6854,11547.4464,9289.3831,11302.3066,13658.8100,11779.2392,3580.2328,13349.1284,10771.5938,2915.1057,8794.0707,13290.8813,8356.9431,12119.1027,4321.5664,12541.5265,11458.5632,10598.4258,13649.8575,11305.0669,9113.5548,7243.5030,9716.5784,5241.1295,11176.7493,13452.4217,10951.3800,11777.1832,9868.7371,6477.2176,10711.8704,8327.7599,8249.5522,11074.8851,7031.8771,13192.1638,5516.5388,10383.2110,11321.2117,12426.5163,8321.6941,4337.4896,13555.0650,8829.2254,13293.9868,10918.3663,5527.2701,6437.4511,9650.4765,6203.6363,6102.9372,10882.1945,7376.2717,10309.0967,13276.5221,13537.8546,10265.8622,10564.7608,13713.5895,11268.2139,13598.8207,13278.9407,8660.9036,8676.5994,10072.9563,13186.5319,10200.8839,10941.9130,7243.5255,9866.8707,4556.8691,9021.8556,8316.1957,10085.7298,11387.5246,0.0000,6465.4531,11376.1093,4497.3195,12289.7748,7055.6190,7449.4583,9094.9350,8415.9836,11798.7138,7943.8089,5931.9276,374300.7261,381118.9284,371322.1016,377202.5215,372551.5708,370089.2466,376684.3463,377792.7738,362446770.4018,362451326.6594,362464278.1372,362465806.4504,13208.4626,6875.8108,13676.5276,12001.1784,2534.3069,3554.9414,6602.1724,8041.9959,10988.8950,7120.8462,5119.6084,9440.1140,6992.3368,12735.3268,9665.8266,12428.4031,7302.3505,8629.6709,10824.0449,13014.0907,4141.1415,9261.7818,13341.6122,7971.9373,13433.1243,2972.7866,10683.5871,7598.9019,12857.9619,12651.9751,13490.2343,12370.7954,2558.7686,12525.4423,2890.9604,13357.7926,10554.9069,13503.4851,7975.8207,4505.1359,9753.8049,11587.2057,10096.5555,11578.4644,11480.5308,5566.2366,10079.7836,4075.4692,12643.7874,13254.7487,13283.9966,4388.2441,2906.9544,11130.8589,10295.2949,13068.4171,10344.1027,991.9488,8025.6694,12367.3242,10707.5699,10591.4047,11229.6469,11406.3334,7746.8924,11155.3239,12109.3744,11783.6514,8435.3065,12121.1893,7243.0044,11102.8082,11566.5015,7322.4747,10947.9522,12065.1450,13553.3503,6094.3513,6385.7647,5266.0430,11840.5112,9347.3203,5384.6593,7801.4086,12611.5056,7092.6381,0.0000,11146.0130,13332.3754,5444.5568,13138.6879,1137.2922,4405.5578,5539.7501,12224.2543,12971.1250,9391.4104,10493.6825,372940.0228,380204.1387,370078.5755,375901.2698,371358.2429,368891.0395,375562.7228,376616.2469,362451451.9682,362456007.9866,362468959.6194,362470487.9589,13410.4420,4841.4200,7454.1586,13050.3616,12535.2405,9910.1516,12505.6312,7373.9055,11331.9787,13496.4502,7551.1491,10152.3841,7766.6119,7300.9132,3934.0389,9786.7645,12729.4860,6901.2336,5388.6526,13371.2554,9178.1866,3787.4212,10062.0671,5896.0271,13283.6050,5446.7221,10283.0764,5861.1025,2247.3098,5063.7316,7759.0758,13260.6069,8923.3857,12894.2193,6782.2839,6112.2562,6189.2467,9888.3867,11415.7534,11943.8905,9530.6924,9069.7726,8491.3405,5810.5520,13175.2633,6424.6186,12581.5821,6162.5502,4698.7841,5809.8088,12858.8198,13806.8223,4917.0821,11241.1755,733.8378,7051.1266,13531.7050,12838.1745,9236.0003,10379.2144,10437.6559,6538.8793,9450.0691,11405.1440,4529.7189,5139.5099,9527.0719,8605.1352,4832.3056,9265.6537,5870.7693,3977.2847,12393.9219,10843.2322,6723.0705,1946.0954,11658.7745,10019.3572,13080.9084,6993.0632,11444.8175,12485.4690,12286.5986,6576.0507,9415.9490,0.0000,10400.7669,4758.4779,13567.3170,6268.6666,12989.9611,13065.3241,10842.6593,8586.8457,3790.2453,11880.3418,10587.1692,360934.5309,367819.9888,357966.1108,363842.5106,359204.9007,356738.6160,363345.4472,364444.8464,362457746.4094,362462303.1360,362475254.3324,362476782.5840,11616.7962,10016.3486,6746.3277,7507.5848,11337.1826,3445.7057,10442.4867,9747.1339,4378.0362,12279.4685,11651.0729,9027.3887,12335.4285,13360.4055,11935.7194,2150.3581,13021.7408,10891.5640,4575.5825,10146.9800,12786.7575,9840.7150,11321.0357,5775.0178,13246.1086,11164.8691,10910.7177,13574.0758,11230.7594,9381.6523,7298.3466,8571.6440,6678.9598,10357.8122,13549.9018,10489.4289,11511.5987,10435.7125,4770.3776,9386.5966,9540.4916,8789.0925,11913.2730,6108.7939,13490.9066,7128.4758,10794.9898,11423.7170,11616.7998,7988.6190,4497.1927,13786.6870,7256.7546,13439.5470,11976.9642,6118.5671,4771.4828,8419.8759,6602.1885,6566.1102,11837.0198,7746.1309,9495.4946,13674.4171,13112.2059,8908.5379,11730.1601,13385.8116,12084.8677,13463.4284,13722.4690,7541.1707,7121.2516,10750.1555,12960.3655,9875.1075,11685.6120,6444.1637,10611.1912,5371.9873,8542.3674,7020.0762,10467.2196,12092.3942,0.0000,6126.0074,11484.3576,3417.7265,11411.6320,7601.7399,6948.0286,10332.3799,8435.5962,12118.1732,6317.8026,6406.4347,374183.0927,380944.5592,371190.0617,377055.3618,372382.3992,369975.4888,376576.9691,377659.5376,362446526.5748,362451082.9083,362464034.4429,362465562.7007,7573.8867,13727.5856,13568.8539,12644.7839,11164.3155,8801.8517,11201.3058,12171.7636,10923.6276,11880.0114,5067.2932,10709.9916,5758.4847,11743.6139,10303.9876,8389.2226,4745.0802,13222.8244,11042.1301,3150.1386,11993.4494,1721.2036,13589.6350,9500.0006,11135.6654,5812.1115,5639.2636,3668.0411,6614.3412,13358.7590,4653.1479,13577.6421,2135.9037,9150.3807,2608.1029,10918.6427,13166.1536,8793.0823,6364.9978,10176.1784,7811.8770,8483.2201,12006.7196,9816.8607,13458.8129,6336.0547,4423.5919,2453.8262,12739.9266,13234.8511,8660.4212,8153.2821,5389.3147,10096.1794,13649.4179,10439.6027,5031.9536,8844.2842,8993.7879,9164.3989,8055.2660,10787.1738,8673.8427,6213.6478,5926.9614,11660.8296,6503.2438,12222.8072,8254.8553,8349.9459,10983.6067,7309.3999,7598.9789,3039.2845,12042.8104,12619.1308,12111.2463,7930.9612,10255.9882,12300.9686,10478.1331,6372.4393,12238.9483,0.0000,7807.3936,4488.5357,12060.7705,2901.7317,13598.2351,12536.8836,13112.7959,6574.5758,5469.1441,9074.8565,9131.8335,362873.9983,369480.6660,359834.5194,365707.0532,360988.5386,358620.5775,365206.8681,366283.8059,362454274.3764,362458831.2640,362471782.5309,362473310.6872,10643.4284,10012.6071,10181.0826,7455.6930,2443.9043,13733.0153,12424.8667,7696.8002,13143.2373,4350.8683,7472.9423,10363.9048,12944.6550,9220.2426,12274.4128,3068.9358,9845.0699,5188.8212,9356.1281,6725.5805,8861.2206,10409.6085,8186.5706,13521.0521,2103.6539,9172.9773,4254.7657,1962.9181,13128.8507,8712.1261,10313.5055,7894.0054,11378.1861,5820.2067,13409.6133,12563.8898,10382.2893,11566.8647,3473.4162,1613.9788,4124.4426,13165.9039,11051.7104,9563.8341,1580.9845,3638.1828,9509.5110,13606.1762,11997.1528,10324.1036,11760.3048,7150.5220,5838.7487,12108.2533,12056.1975,9164.4582,4294.3287,4290.7424,4303.8616,3138.9528,13755.3726,9340.2862,11125.5687,10909.1405,8196.4028,11039.7775,10928.6749,11599.1809,8628.8088,13448.2266,10828.5981,1222.1652,7685.1969,13794.9332,11621.4755,13232.4443,1276.7050,5563.9048,13775.0359,13055.8534,1393.1822,11434.6663,0.0000,5725.6415,3620.1056,11979.4089,9807.3657,12444.2772,13318.5637,10068.1656,3427.7100,3915.0883,11931.8117,4472.7647,366334.4946,372957.9990,363299.6546,369250.6983,364568.0796,361999.6376,368528.9107,369724.2620,362451281.0301,362455837.6541,362468788.7084,362470317.0639,1287.3794,6054.8462,6822.4895,9465.8457,9197.9137,6630.2917,8410.7621,8526.9424,12043.2003,8630.5878,13031.7133,8688.9258,8448.4124,11976.8770,12187.4315,2628.2369,7405.5950,13757.5573,6028.7412,13780.7682,1131.8099,10175.5956,9431.9288,11834.6327,12894.0041,12861.4237,11241.3253,5031.1002,12774.3568,401.8900,13473.9477,11255.4607,13173.8985,9709.2462,5761.7046,10295.6430,12658.0400,8269.0378,10223.5913,10247.0003,7513.6471,10576.1381,1618.3135,11523.9601,12503.9990,13787.8699,6760.7287,4131.9932,11459.2115,11405.6706,12801.1882,9033.4714,2914.5288,9204.9375,12720.7609,9427.6315,9272.0301,9866.3723,10138.6801,9772.6365,11151.3282,12950.2883,12652.7160,7312.5400,12893.6508,7300.5420,11969.7129,11366.7851,9250.7326,11738.6654,10727.8664,13550.3690,8248.8468,6806.0802,7319.1136,10441.3091,7897.6816,7680.9531,9534.7930,11478.5212,7456.9027,0.0000,10365.1448,12568.6558,6601.2565,13721.3247,3500.3142,6654.0227,4604.9110,11241.0682,12156.7474,10568.4940,9170.3186,373075.5115,380270.3952,370195.1690,376053.2310,371503.2479,368972.3089,375613.0089,376713.6168,362450646.3502,362455202.3686,362468153.8778,362469682.2722,5196.0459,7036.0817,8617.4012,9795.1974,7693.0108,7370.0031,8624.1002,11845.1794,7596.4428,12806.6637,8696.7749,9031.7161,11944.3357,11705.7549,3282.2653,6339.6846,13587.8282,4859.3826,13771.3226,2069.3397,9332.4133,9756.4884,11266.7351,12492.3996,12455.6606,10811.9664,5994.3242,12998.5648,1055.5514,13478.6212,10926.9108,12987.0484,9964.1509,5810.0818,10928.4740,13089.9096,7396.4060,9739.4853,9335.7601,8508.2022,10128.2822,828.8668,10918.3564,12002.1868,13799.8429,7623.9385,5324.3558,10965.8053,12037.9499,12223.5982,7987.3969,4087.9851,10072.1781,12998.6697,9235.4230,9067.3295,8898.7090,9828.1408,10417.5026,10517.2828,12844.3933,13061.1489,6228.5840,12724.8459,6664.9009,11765.9370,10669.2728,10092.0043,12276.0776,10000.6992,13187.3910,8817.4114,6362.1075,8299.9178,9692.6177,7785.7200,8468.5826,10367.6621,10912.5262,6959.8536,0.0000,10410.2644,12062.0791,7644.8372,13783.6803,4334.4603,7620.4462,3656.3843,10983.5642,11511.2425,11296.3555,8983.7631,372317.9066,379519.4091,369438.6929,375308.4027,370764.6158,368203.1764,374835.9292,375953.7640,362451228.6612,362455784.6863,362468736.1346,362470264.5534,10722.9399,8189.8548,9492.8985,10581.5356,3775.3699,6251.4526,12528.5779,4093.7365,10093.4002,5961.4056,12321.1927,9225.6807,11175.1236,8111.1840,6182.4499,11702.2976,4974.6801,13024.1919,6999.6047,5295.3011,8208.0146,10789.5931,9519.8727,11814.5240,11398.2024,7914.6859,13781.5774,6011.3784,13346.8751,7192.4485,12832.4612,8116.6229,4305.3165,13213.0376,13343.3702,7946.2342,10685.0791,7493.7922,10556.2764,6000.5412,5727.7811,10509.8158,11136.8008,12820.9968,8750.6713,9019.4737,7018.0117,13314.5026,9487.8339,5584.7215,7486.8331,12437.2013,13848.1872,11403.7780,11276.9597,7164.4431,11397.6103,10380.5952,6479.9877,10346.7729,13577.3301,2739.8459,9968.2963,1928.1880,8531.1656,6789.6454,11268.7203,13633.1662,9575.2645,11141.1217,8399.5156,2482.8515,10193.3668,9350.9349,10719.6801,9126.9334,11752.8505,10764.2045,2653.7106,0.0000,12523.5098,11200.5980,10851.4672,12926.1348,6416.6714,9351.5955,1633.6774,12082.4846,9962.7078,12964.8040,11285.1060,367625.9711,375006.6850,364791.7019,370646.3916,366148.1862,363566.3852,370224.4303,371330.3132,362456278.6804,362460834.7632,362473786.1503,362475314.5732,7930.2392,11769.8886,7351.6909,10823.7750,12674.5405,7482.3149,10833.4365,13456.9139,12807.5586,3580.3658,13768.3831,9073.5561,4489.0328,7764.7031,12736.1874,7805.8303,11385.1227,5882.9166,12121.8023,12653.1994,8809.4896,13185.2259,9706.5569,7066.3470,9261.1503,8938.8914,6567.3919,10181.0740,13695.6704,9512.4179,12877.7843,11177.2722,6718.4284,10906.0881,6779.0708,6130.9730,9819.8180,8916.4010,13421.8613,6385.8821,8566.6559,9715.4762,11872.5264,10202.8098,6654.6905,13505.4111,9355.4491,12396.6072,10049.9266,7606.9828,7682.0316,9016.4758,3859.3060,3744.6662,9650.0784,5122.8016,11674.0811,13031.6368,13537.8395,10248.8581,10370.5721,13689.1680,11814.0239,13824.9769,12843.5241,10181.4254,8787.8362,8297.8441,12290.4866,11735.4135,11754.0233,9141.6028,8099.8964,2130.8528,10772.4753,9701.8369,8199.4419,12066.4850,0.0000,4550.8146,9754.4426,6527.6778,11818.6521,8912.1003,9404.5900,9679.3733,6351.0985,10351.4818,8745.9155,3556.9106,373179.7148,379864.9687,370165.3110,376075.7538,371397.4407,368905.2668,375467.9952,376611.1853,362446523.1833,362451079.5519,362464030.9008,362465559.2270,13300.6502,12401.1445,5493.6627,12003.4650,6481.8791,5281.1822,10202.3468,11747.1914,10128.3636,11764.6386,4707.3881,9196.6144,2998.0842,9862.4426,4641.5327,10020.4310,9452.1812,6466.1719,12781.6900,3754.2075,8870.6018,5856.3747,4305.7391,12364.6706,10283.0532,9130.3658,9414.2183,10361.5741,7590.7927,12646.3430,11129.6715,11460.0920,12453.7160,1937.0480,3564.2592,2359.9387,13062.5589,9765.3289,8248.8596,3219.7161,4985.0186,10470.6503,13009.0244,11551.7582,9228.2318,12636.9652,6890.9987,3554.1992,11277.9871,12618.2237,10666.9329,5738.3300,5654.0234,2177.1966,4958.2682,13532.8015,8069.2758,11002.2867,11991.3025,5966.9532,10785.5560,9090.4017,10915.9217,7368.7135,13501.8401,11963.5884,1763.5729,8157.1406,13097.0970,9900.7106,13033.0310,1393.9798,6306.4173,13252.3511,13298.2426,3422.2866,9707.2843,0.0000,7450.4103,4987.5908,12071.1134,10769.3091,11394.8522,12898.6881,8137.1263,5617.5702,4281.1281,12682.8434,5784.7553,366283.9508,373078.4702,363293.7336,369238.2276,364602.6296,361994.4622,368542.0916,369739.1368,362452589.1179,362457145.6108,362470096.6779,362471625.0798,6110.9228,11499.7807,4382.3172,12843.2547,11616.5694,8596.3761,4891.8378,10392.9305,5990.1346,13076.4338,10033.7096,12894.0489,9772.1771,12234.5796,10245.6017,9471.7148,10958.1823,2386.2800,13474.7191,9839.2789,12926.4248,13563.8065,4982.9797,10470.4854,9413.9949,11018.8233,7600.3889,12279.8081,2903.6717,6073.6763,8953.2438,7301.8828,13419.0397,13543.5762,12978.4469,4437.2424,8117.1245,10272.3149,13562.3462,13023.3174,9626.0004,3218.5830,7277.0545,8968.0697,7124.0294,11551.8553,12512.2735,7111.6608,6851.5029,10135.5744,13118.3310,13120.4118,13152.1349,13412.6781,1183.2583,9889.8587,7643.3872,8171.3845,11178.0971,7909.9612,8562.2815,7178.9017,10617.8075,3378.5209,8405.8614,13664.5665,11121.4152,1604.3749,7687.8860,4062.3156,13652.8208,12701.2581,2164.5569,4313.2075,13608.1409,7874.2259,0.0000,12442.3920,13122.2415,6977.6521,9324.9020,6263.6460,3836.7508,9680.3878,13267.7113,12927.7654,6785.1486,13091.9981,368673.0511,375935.1145,365810.9791,371566.2241,366997.1005,364696.2998,371416.4264,372369.8143,362455128.2681,362459684.5582,362472636.3393,362474164.5050,12481.8252,8818.9253,11358.8156,12600.0774,12223.9473,9263.7735,5672.7902,10854.0174,12695.0881,5963.7208,11790.7542,12318.1167,11104.1004,11442.2843,6159.8754,13025.9316,7942.3077,12890.5941,12928.1009,12823.7171,11972.1952,3992.2220,9540.0976,6799.9605,11160.7880,11838.8293,11973.0192,8420.6233,8092.1831,5669.2933,8256.4264,11799.6286,11581.3623,13177.7240,1879.6469,11949.7438,7784.7108,12853.3268,13006.0365,11348.9041,4088.0248,2743.2636,12596.7680,6178.2676,13610.2894,12862.9904,4292.6590,3238.9506,9203.4144,10028.7664,10004.4629,13167.2704,10879.0630,5896.1125,12909.5516,11622.5633,8357.6955,11856.1894,11934.0794,10780.2846,11656.3974,13278.1800,3870.0343,7009.4892,12837.8166,13095.0057,6244.0524,10003.7436,2216.0954,12732.1651,9023.3846,4595.9893,3806.6010,12670.9605,10478.1015,0.0000,9350.8474,13089.3088,1003.9908,11035.8618,5264.4027,2877.6369,9835.9391,11228.2228,13397.4190,4999.2482,9891.1066,373481.4876,380488.7012,370553.7447,376359.2750,371735.4043,369394.0880,376057.9637,377069.4562,362449219.7612,362453776.0033,362466727.7281,362468255.9379,8572.0794,10726.6011,339.5368,9103.6941,8156.5115,12700.5252,9539.3621,8660.2221,9674.6349,4274.3126,10311.0384,4155.4035,11756.1842,9043.5759,2726.9421,10168.5119,8129.3942,7884.4383,9408.5013,9231.8842,10726.0528,12978.0526,8215.3520,11987.5717,7162.1968,10946.6107,9935.6071,7623.9566,13573.4095,13424.2894,5908.4972,8665.3848,4153.5338,12595.5014,6003.4732,7527.4465,7823.5664,8529.2626,11719.0232,11346.6893,11255.3357,6127.0848,13835.9960,6954.0682,2126.4957,10146.2812,13597.0533,13197.1649,10201.3347,10094.3540,3834.6917,9779.6328,12163.2771,4911.8934,9797.1710,13459.8792,1327.8638,9331.3495,4384.6617,8419.8258,4636.9639,12995.0065,13769.5612,6792.0757,9079.6004,10808.0025,5536.5055,12337.7297,6605.3049,10079.7374,11556.8397,13237.6817,8198.7578,5173.0172,0.0000,11544.3159,8572.9419,12559.5664,11971.3035,9433.6447,11758.4095,4630.6998,10302.2313,7028.4457,13762.6051,10165.2076,365217.1999,372423.2257,362334.9406,368229.0503,363693.7682,361074.6322,367691.3200,368841.5890,362456663.1119,362461219.3782,362474170.5805,362475699.0125,13568.2607,8743.8336,7889.6395,613.2500,12485.2018,5154.4328,12823.8905,10260.0809,11112.0701,9978.7710,10274.2396,11458.4710,9251.7993,8020.9786,2355.1172,12985.5837,8574.6893,12901.6366,13587.3484,6004.0769,12576.0432,8710.2533,12387.7431,4948.4662,13019.7251,2245.5293,3292.0593,11843.6989,10225.1800,12211.9110,13394.3796,11138.3043,7688.1269,4880.7187,9275.6090,12972.5945,12648.7378,10836.7067,5352.4330,8675.3116,6288.2892,10533.9606,10146.5407,10122.6899,7558.0599,10230.7909,12418.9373,13650.6559,13606.5616,11214.2398,13723.9885,5464.0036,7110.7355,7358.3386,10968.5608,8234.9536,7207.6878,4824.1457,5490.3896,7994.9634,7423.5023,11453.9430,12720.6416,10704.3435,3363.2779,3949.2061,7210.7125,12660.5392,13203.8786,5010.1709,8243.3457,13174.1668,3987.5297,0.0000,13673.2762,12741.3163,9555.1349,10742.3841,6009.2366,6412.3048,6969.6272,13789.9550,11926.5623,10299.0663,13606.9340,366810.1579,374259.4657,363995.4491,369769.0066,365260.4228,362854.6655,369576.7612,370568.3563,362457834.1672,362462390.3462,362475342.0064,362476870.2699,10526.8689,9748.8318,13495.2000,7467.9034,11778.1365,3149.3380,10779.8374,8860.9243,7809.3917,10025.8184,5987.7755,11594.8527,10523.4583,13178.8222,3680.8328,9183.1992,3123.1427,2505.6813,13149.7084,4834.8660,11791.9368,4391.0566,11947.8960,2576.6499,13121.9825,13654.8440,7548.3550,8558.6640,7267.4810,3713.8123,7571.0328,11986.1756,12118.3237,11440.1810,3974.5029,3764.8832,6885.2488,13167.8332,11887.6554,11282.7791,8834.7316,7878.4764,9301.1114,12568.2852,9893.2403,5362.2346,4280.0144,4469.4803,7988.7022,3416.9185,12492.5409,10794.5203,10219.9663,7632.7815,11186.7558,10412.6919,12877.3172,11566.9397,10280.1950,11820.0424,7562.1124,5167.5958,6885.5696,13392.0444,13285.7922,12193.5777,5404.1119,6090.5642,13129.1483,11149.5953,3547.7530,13122.0558,0.0000,3475.4798,3780.3739,10860.7124,7078.2418,13083.7015,12651.7897,12427.2636,1683.1322,5458.7581,9282.0784,4627.5038,366535.2020,372991.4276,363457.6283,369381.1997,364639.9507,362193.2217,368729.1053,369873.2679,362450055.3303,362454612.1274,362467563.2959,362469091.5319,8974.4468,8324.1745,12699.8756,9529.1979,8399.8034,9823.7889,4229.5156,10130.2446,4250.1525,11578.2861,9235.0513,2569.8046,10292.5688,7865.2449,7705.7434,9149.2864,9019.7708,10927.9930,12843.5070,8428.1299,11803.8907,7160.2951,10725.2648,10050.4089,7880.4004,13548.5443,13359.4738,5791.3990,8483.3884,3853.0140,12717.4959,6032.4034,7730.0139,7563.1803,8256.9057,11555.4659,11520.3673,11420.9734,6063.0826,13813.1238,6691.8750,1871.9860,10353.8538,13639.8046,13074.7414,10089.9055,9987.2229,3556.2582,9628.0084,12256.3614,4804.0973,9702.1774,13378.8110,1640.2320,9234.4616,4647.1201,8386.9083,4465.4764,13081.7026,13714.7886,6541.2410,8844.7774,10964.9108,5801.9296,12469.3400,6364.5886,10031.3335,11712.6049,13302.6728,7950.0449,5416.8824,0.0000,11429.2399,8298.9758,12664.7374,11819.6341,9665.5379,11915.7567,4936.9891,10118.4223,6730.7655,13766.9017,10064.1401,365003.2791,372190.0022,362115.7813,368012.4423,363472.3913,360853.5384,367466.9698,368619.5184,362456674.9395,362461231.2265,362474182.4163,362475710.8456,7604.3960,12886.9544,3370.3438,8342.8745,13626.2811,11351.1687,2820.1614,11731.6509,5649.2482,13346.5141,6857.4689,7451.5187,8978.9570,1913.0327,7818.7215,10365.1165,11760.5014,8906.3799,12991.8297,7249.5349,4031.7420,7920.2670,6999.7744,10113.1837,11345.8318,7650.2497,11532.1222,11021.4806,8818.1071,11390.2144,5129.9768,13043.7079,9285.5963,7803.9702,4917.3943,10863.7925,12992.1946,4007.7843,9684.5320,4423.3890,9395.2966,12715.0147,11531.1150,8984.5147,12226.8645,12290.3133,9414.2286,11619.3831,8622.6726,4862.7033,1283.2835,8135.3490,9841.2440,971.2522,8886.9649,2829.1743,5153.6283,10136.8046,9790.5066,9828.8998,3834.5178,9156.8787,9232.5832,11239.3460,10036.2650,12976.5702,10220.3075,10203.2068,9581.6804,8658.2050,0.0000,11756.7850,7887.7954,12548.8552,5135.8142,11920.4950,11232.3466,11121.2604,10748.4309,7325.2159,10368.0614,12395.9076,361304.0098,368338.3689,358376.1852,364194.7494,359579.1743,357204.9264,363864.8986,364890.1312,362458825.5923,362463382.2666,362476333.6691,362477861.8500,12726.6803,4960.8666,12612.5826,10454.1635,10874.5775,9783.4607,10069.9891,11392.2176,9440.2176,7519.8496,2774.2642,12758.3125,8204.9139,12701.4181,13450.2272,6476.3471,12659.9873,8851.9029,12351.2393,4461.8418,12910.9589,2553.6921,3419.1331,12119.7852,10418.7050,12014.9337,13266.8351,10783.8703,8185.3421,4318.8246,9342.8740,12742.6681,12411.7388,10771.3520,5901.7996,9059.8217,5772.5576,10833.5729,9758.1649,9746.2754,7907.4920,10622.5978,12528.3581,13643.1386,13598.0012,10865.4751,13663.0552,5936.5807,6587.3860,7147.1556,11144.6268,7871.5063,6941.2129,4420.9775,5136.6936,7488.0661,7904.7452,11695.6622,12471.5445,10426.6710,3946.2894,3648.5656,7718.7752,12414.6689,13243.9645,5576.1340,8688.3160,12967.2502,3579.9475,0.0000,13726.1378,12502.9899,9967.4731,10706.6010,6357.1245,6934.3159,6804.9954,13719.3697,11615.7073,10644.2561,13606.1303,366332.8339,373786.1539,363518.7804,369296.6804,364790.6729,362373.3455,369092.7904,370090.6887,362458206.6698,362462762.8580,362475714.4914,362477242.7632,13004.3277,9755.0058,6317.3447,10454.2158,11880.2169,10498.8348,10018.9197,7538.0880,13392.2962,11801.7034,9898.8386,13082.8673,9970.9856,8215.2868,8853.8521,6871.1654,8333.9345,8824.3351,13706.6564,8970.5201,12087.5101,11690.7280,3421.3750,8411.6272,9489.4044,7876.4639,11658.4981,7119.9566,13783.2694,8611.1021,9861.7437,10321.8763,10448.4889,9226.4051,6394.2613,13829.2789,6402.3327,12825.1934,12123.3556,7947.7843,4747.2436,6756.9481,5572.7627,5606.2923,11691.9590,6645.8623,9966.1858,13705.2294,12694.1194,7704.9060,12360.5285,13023.9196,12956.7587,13437.0817,13657.5347,8017.3160,5840.7984,10083.6050,12037.0128,10787.4789,12693.8189,7512.8052,10012.6781,4922.0988,9575.0549,7270.5102,9472.8954,12983.0769,0.0000,4455.5953,10377.0307,4772.1082,10249.7442,9249.5959,8196.2892,11490.9271,7030.3442,11302.9836,5731.6966,5468.0549,373139.4976,379766.1141,370110.7403,375985.9974,371277.6769,368890.5414,375474.0049,376561.9092,362446311.9304,362450868.4039,362463819.8855,362465348.1112,10786.8391,12969.7597,12148.6259,5704.4406,12041.7544,7837.0024,12426.6341,7670.8081,4457.5962,11304.1880,4807.8700,10428.6884,12356.4351,9718.0602,10263.7207,12039.1002,9334.4381,2964.9689,10324.1150,3941.5436,8000.3169,11407.5906,7786.8345,12695.8541,12731.2648,10517.7764,9653.9519,4273.4382,12359.3025,11511.0225,10386.6649,6983.6182,8577.4318,11627.8571,4303.9819,9387.6733,7206.2501,10446.5229,11153.4696,10712.9707,10169.1015,13474.7802,13507.3091,10938.4700,13162.3909,6252.1006,5654.4730,2515.2753,8617.4772,9905.9976,2446.8121,7704.6671,1594.1586,6424.1399,8344.0014,10016.7742,11797.1167,6998.8907,6437.6620,7628.9488,9387.1843,11909.7520,13773.8676,7811.2204,8736.7165,11762.1474,7171.9175,0.0000,13002.8892,10479.7476,11416.9467,6957.6654,10076.2249,9199.1022,10241.9170,12577.9240,9856.8954,9803.7603,13568.8743,362935.8919,370165.6458,360061.2702,365841.1851,361269.2256,358923.2957,365625.2980,366608.6978,362459181.8866,362463738.3923,362476689.9567,362478218.1328,11512.1651,7496.3083,6805.3190,8879.1154,6237.1311,12004.6444,8152.8963,12833.4115,1104.6392,7245.4446,1210.3234,2613.9810,13598.0088,6943.4619,11919.9703,5427.2492,10327.2129,3230.7981,12652.3520,13022.5733,9877.4803,9795.4976,6202.8133,3770.2251,5051.4131,13098.5208,10351.6527,11396.1578,1671.5175,783.2945,6941.4661,13645.2038,12863.9916,9302.4905,10600.3944,5323.7903,7090.8715,13087.4889,11724.2692,7453.1633,5870.9870,5970.1985,5630.6681,4664.6240,12946.3488,8568.0096,9150.0776,9155.5796,9409.6482,9139.2988,11416.9261,10174.4441,7869.2343,12862.0070,9598.4859,3130.9122,5093.2145,13433.4893,12083.7770,13180.5837,3511.7361,7467.7631,13569.2381,12408.4840,1721.5951,11764.0051,0.0000,6109.7771,775.1181,12361.4083,7314.6035,13244.6841,13399.0878,11389.8988,3610.1115,2393.3425,11085.9581,6158.9694,364281.4974,370863.8818,361235.1493,367164.8123,362461.2269,359960.3528,366502.8275,367662.6615,362452701.9783,362457258.7475,362470209.8394,362471738.1204,7628.9506,13819.9011,6675.3911,13273.1643,1524.9626,11364.9900,10712.4905,11179.7413,13492.3235,12185.8462,10116.8324,6092.3721,11588.9135,2465.0358,12627.1725,12581.6674,12266.0154,11016.7660,7944.4984,8744.8100,12081.0955,7840.1250,9061.0947,10492.5991,7378.5349,12066.7220,2816.0450,10877.6350,11965.5885,13444.4096,7637.7544,3742.9433,12689.2034,10497.1064,13177.4690,9757.8970,3850.7003,8099.7170,11544.4689,7679.6133,7526.0426,10155.8172,8634.8408,10324.6624,12336.2766,13555.2818,11852.1959,8760.3635,13599.6281,9344.8796,13056.0820,12415.8203,9205.8953,10594.2631,10223.8163,13585.3317,9441.7433,8971.8204,7377.4132,9946.7967,5934.7794,8516.0576,9199.6588,10706.6841,9524.2575,0.0000,8525.5205,12023.3908,5542.0275,13355.0862,5216.8498,7106.9681,6732.9767,9840.4626,11986.4220,9607.3868,7386.2605,374064.3233,381075.7165,371136.0655,377011.4576,372414.6575,369901.4278,376515.3379,377629.2448,362448415.0816,362452971.1912,362465922.6704,362467451.0418,11611.6796,1745.3968,12010.6564,7576.9032,6383.0919,12288.1661,6648.4780,10170.7611,8571.4110,6844.2909,11062.4127,12063.5647,7057.8960,11548.9217,10444.3295,10060.3950,12212.5605,9518.8714,12213.6516,13612.5675,2055.3918,5748.0137,3916.1410,12521.0038,9555.6343,6003.1577,6141.9876,7749.0250,12304.4774,12051.6039,10342.6322,9508.4975,13445.9809,8644.8637,3058.4997,9698.4497,12773.6070,12344.0455,7000.0658,6841.0277,3248.5203,6746.2786,13335.2511,8358.8380,12001.2737,13298.9689,4116.0067,11728.9955,7564.2580,11326.0816,7883.5973,13342.8624,13048.6788,4749.0930,10191.8605,12347.2377,8311.6673,12412.0947,4369.1204,6676.0624,12486.8283,13321.9447,6292.4776,8286.0580,0.0000,8923.6726,7769.6239,11529.4822,12530.1430,9742.6696,12046.9096,5801.3056,7841.4571,6864.9034,13234.8932,6891.9797,367963.5595,374932.7969,365020.1448,370954.4157,366366.4377,363724.7917,370292.9234,371487.7876,362452601.6606,362457157.9565,362470109.0854,362471637.5382,12288.1003,3065.2748,13851.4867,8340.4636,9232.3713,7685.7209,3296.3246,5973.8888,8903.8197,12732.6330,6774.9206,13670.9961,4753.0664,6676.8434,5609.1789,8897.2553,11873.5526,10129.5924,6440.3861,11286.5521,9852.9702,8891.0989,11721.8415,7610.8298,13667.4732,8120.4894,6291.1590,2484.3900,11868.2183,13365.5370,6408.4303,8673.2452,4488.4238,10044.2365,13459.8434,10980.4463,6940.4214,10994.9903,11103.6715,9574.7200,10293.8181,9502.1599,6838.1563,3284.6854,6599.3792,11089.1988,3558.9397,10833.4335,5536.2736,6781.2855,10420.7348,8382.4238,9048.5782,2313.1137,10587.1170,11193.5896,11702.9442,9333.0482,12077.6664,11261.0812,10187.9681,8320.3995,10705.0947,0.0000,10183.4796,6369.7533,12460.5789,2885.2664,13012.6364,11952.3069,12483.5319,9094.5029,6452.4879,9570.9585,11225.7398,361550.2370,368368.0200,358565.6509,364404.3537,359733.6157,357380.7306,364008.9134,365049.3579,362456985.6415,362461542.4554,362474493.8035,362476021.9531,12782.2174,6357.4897,6606.0595,11617.3306,8127.7302,10723.4809,9880.6914,8214.9979,9949.3357,12738.8392,5697.1741,12423.2170,10302.5670,11182.6364,11587.0280,8290.7477,12338.6685,13848.9061,3552.5343,7086.0836,5265.5766,11818.7051,9317.4994,4609.9652,7657.0460,9115.2853,12977.4456,11100.7331,9372.7394,9575.0280,13504.3471,9550.1244,3826.1842,8498.2559,12504.2386,12950.0386,7882.0312,7707.4398,4623.4962,7869.6765,12783.0510,8543.9853,12251.7764,13638.2559,3462.5125,11974.6065,6607.5737,11301.8212,8256.0479,12822.4323,13291.8414,6352.2808,11103.5365,11508.1187,7221.2652,11660.7318,5987.3386,7166.7643,11631.4746,12914.4394,7789.5881,7330.8797,0.0000,9705.5558,9148.1929,10915.7244,13151.3868,8464.5661,11165.6772,4304.5632,9031.1478,8220.4950,13159.0430,7719.4289,368925.2528,375999.4223,366010.0788,371929.2010,367366.3186,364726.8347,371313.9737,372494.2020,362452694.3525,362457250.5450,362470201.7436,362471730.2066,13623.9675,10308.1825,10399.7758,7277.9590,6092.3292,5231.8859,7800.9098,12810.2609,3944.3199,13674.2254,1923.8557,9138.9011,3738.3627,10219.9802,12975.4025,8000.7512,4819.3962,11233.1464,8906.6562,9749.7885,11114.7344,9972.3352,13711.3903,7767.6936,5996.6212,1033.5392,11991.8672,12811.9200,8968.7142,6872.3049,6504.3486,11155.5602,13337.0128,9474.5210,4157.5471,9527.3379,9680.7393,10393.6895,8937.9242,9699.6938,9240.5662,5746.3971,4478.5939,12382.9977,6204.2049,12476.9919,8026.8436,9095.3670,9867.3673,6153.4529,8958.6343,4070.9618,11260.8704,12711.7649,11240.8344,9255.7903,10775.7253,11457.5488,9328.6463,7760.9096,12376.5092,0.0000,8181.1839,6069.0131,11398.3488,1313.5655,13281.0567,11759.5807,13465.9363,7504.2153,6988.4048,7908.1484,9792.1453,363380.3555,370009.7038,360347.7387,366197.9017,361478.0155,359156.6800,365760.5501,366806.7791,362454160.6279,362458717.5104,362471668.8670,362473196.9856,10779.9983,9937.6413,11664.4951,13229.3255,12675.3793,10864.7603,5280.3267,12310.0257,1067.8642,13177.2014,11875.6953,12873.2925,10238.2968,6675.9945,9610.6509,12405.7859,8172.2930,9828.1861,10459.7782,7290.0332,11274.4590,1927.8619,11357.9313,12380.5964,13694.7923,6977.8610,3650.4945,12057.8997,10980.7065,13061.7166,9442.4567,2978.1021,8640.9211,12252.2594,8768.6683,8613.7547,10096.1427,9591.7486,9924.5911,11743.1313,13254.5712,12314.5570,8014.8416,13246.7374,8233.4661,12479.4336,11908.5337,9116.8429,11238.1309,10621.9970,13653.6886,8670.0551,7771.9270,7175.3678,10338.0958,7135.9258,7905.8748,9287.8963,11257.7917,8388.4822,0.0000,9652.7828,12443.0990,5979.3788,13612.2124,4056.9147,6667.9205,5571.0357,10738.4970,12194.0620,10100.0264,8494.6579,373649.9593,380771.7478,370750.6215,376614.5142,372045.4841,369524.2077,376155.0334,377259.4190,362449621.6332,362454177.6824,362467129.1877,362468657.5716,9373.4295,7901.7098,5508.4457,8607.4137,9455.7327,11402.2419,12287.9839,10029.8001,10905.7996,5133.5495,10094.7424,9009.7776,8171.4392,13600.9200,12398.0158,7512.4047,9310.9168,4467.1563,12820.0243,4140.2185,9553.6976,7774.5332,7794.3391,10134.1730,11575.3975,12317.8577,3745.9617,13321.6560,4873.4053,3609.1099,11339.7399,13693.5804,12509.1436,11070.6810,11015.2337,4623.8631,10458.7260,11549.7369,2344.3679,7690.0586,12549.4293,3836.5251,7133.1791,4845.5514,6324.9847,1959.5160,12743.0303,13282.0782,7178.0278,7162.8209,10506.6643,5995.3454,12558.7207,7147.9663,11321.8838,11525.4062,12983.9213,8230.2663,5342.2934,0.0000,11985.4619,7846.8618,13201.9592,10431.8428,10456.8586,12071.5846,6542.9686,10523.3643,6162.5827,13472.2130,11114.7492,363001.0635,370199.2040,360115.6972,365992.4261,361447.1373,358875.2062,365505.0035,366627.6189,362458398.9772,362462955.3636,362475906.5828,362477434.9596,13172.5487,8582.6898,12725.9000,13629.0813,5947.0768,11377.6139,9625.0114,11404.8564,5610.9809,12438.9927,596.8561,5055.7839,10587.9360,8450.0569,13070.0348,13608.8239,12073.4357,6489.8401,6080.2325,10320.2667,13244.3857,12669.4601,9700.1428,4623.8732,8533.2799,7116.3811,8818.6382,10438.5613,11428.8084,7890.3440,8840.2862,11136.6512,13631.7159,13620.7930,12252.4784,13747.4433,3348.9864,8143.6762,6602.4371,9330.4495,9939.0925,6678.0537,6919.5041,5438.2261,8987.3983,5659.9368,9907.6643,13241.3705,10410.1763,2149.3538,6119.2909,6063.8852,13231.1019,13306.5271,3851.7065,6495.8677,13387.5435,6148.7855,0.0000,13240.4530,12767.3353,8746.6146,9506.2875,6632.4649,5550.1797,8753.9812,13604.9067,12251.9202,8658.1962,13617.4279,366956.2001,374315.9495,364118.5912,369877.1771,365337.0858,362997.1418,369722.9523,370686.7905,362457148.8717,362461705.1423,362474656.8658,362476185.0648,7758.4358,2303.5848,2268.3025,13645.0782,7810.0959,11543.7176,6464.0877,10596.2608,4273.8975,12998.4559,12937.3150,10373.2735,10642.6729,5282.3947,3131.7343,4327.5708,13389.0036,10474.0013,10921.7535,584.8167,1575.3805,7946.5092,13839.5920,12828.7575,9493.0092,11288.2223,5663.1498,6401.8792,12969.4528,12151.1410,8307.1887,5559.0709,5625.3089,4834.9824,4305.8271,13418.7556,8617.3171,9820.5361,10012.3433,8859.9819,9754.0185,11187.5564,10609.0308,7867.7005,13317.4577,10316.5139,2083.2654,5880.1930,13712.1268,11908.8404,13454.8429,2476.3756,7076.9655,13841.1696,12901.0686,808.7304,11607.8951,0.0000,6233.5239,1542.2895,12531.0082,8310.8459,13147.0232,13606.8797,10945.9557,3636.6014,2342.9206,11676.5814,5818.0309,364628.9594,371229.8912,361587.4486,367527.2735,362833.1054,360300.8915,366837.2283,368013.4795,362452513.4376,362457070.1630,362470021.2239,362471549.5362,6859.3511,9420.3358,12365.3150,9325.2234,12803.7945,7418.0707,4260.2079,7491.2851,8130.1977,10354.3034,11958.0046,8877.8022,10358.4751,10051.2975,7264.2366,12313.9076,4929.2574,12674.2155,8033.3046,6634.1456,5630.6545,11734.1434,13384.0220,3432.6294,10742.2402,2623.6907,7972.5276,13007.8560,12389.7007,9511.3094,11610.4816,11661.8876,7897.3744,10861.7820,9966.0696,3738.4794,3169.5589,9159.6414,8799.3483,2716.7998,8489.0090,3746.1469,3708.3920,11325.6376,10650.3383,8487.7571,2965.4168,10196.2497,9082.7363,12162.0712,8703.8013,12447.5216,11231.8297,11361.0603,8405.1212,8445.2222,0.0000,11450.1261,6708.5558,13160.2519,5980.4372,12250.7939,12087.0196,10598.5564,10056.0472,5832.7802,11372.5492,11786.2792,360897.4899,367908.1139,357962.4901,363806.4143,359193.0179,356765.1741,363405.3408,364465.6014,362458834.8917,362463391.5643,362476342.8688,362477871.0939,3486.0697,13859.5173,6271.7689,12617.9621,4467.2654,10234.8978,2288.3288,12530.2298,13381.5777,9686.1059,9116.7743,7350.0178,4779.3562,5977.2926,13110.0276,10421.1630,12184.3241,2878.5252,1078.6709,5982.8096,13742.4466,13235.0044,9285.0202,10150.7017,5158.6972,7984.1037,13531.4649,11598.5012,6795.5148,6582.7345,6708.9613,6613.2606,5442.6702,12716.0408,8703.7413,8596.7299,8474.5141,10191.1476,8645.1941,11888.1474,9896.8037,8055.3092,12675.7685,9118.6784,4325.1164,4375.2871,13414.8192,12510.3118,13206.8944,4705.9906,8228.4123,13575.7527,12186.2286,2905.2529,12162.3648,0.0000,6397.9139,1101.7776,12524.3656,6378.8102,13653.7071,13492.7988,12104.4151,4100.9456,2889.1084,10761.0882,6890.8841,363705.0533,370261.9186,360651.9529,366572.3288,361857.6509,359388.2366,365935.6049,367079.7968,362453020.4896,362457577.3159,362470528.4306,362472056.6788,13238.7708,7142.5697,10935.1894,6524.4157,11924.0601,4432.6270,13551.1039,13236.3403,9111.7172,10452.0642,5076.6047,1482.7245,5789.7127,12736.9509,11808.5526,10345.0214,2199.7179,3390.0981,8580.5565,13558.6332,11927.0893,11028.5971,10601.7448,7634.7813,7537.2320,12334.1364,11136.2015,7627.0944,3475.4276,3574.8057,6079.0754,2161.4271,13417.9039,10245.3705,11012.4862,9653.0262,9692.1629,11050.7003,12015.6255,11883.4212,9605.6585,12883.5802,9496.7746,2995.8865,7487.5250,13833.3209,12576.5826,12877.0230,3170.2053,5229.0957,13663.0627,12351.6132,1643.2117,12414.9567,0.0000,4230.2394,3376.6907,11461.9326,8838.4328,12813.6960,13137.7241,11238.8426,1577.1023,4533.0426,10860.2795,3775.5724,366671.9659,373193.5960,363610.9651,369555.8142,364841.5112,362321.2662,368846.8589,370026.5878,362450310.5005,362454867.2060,362467818.2959,362469346.6032,11994.5945,5352.3688,12949.0234,10078.1028,13545.4471,6440.0241,4584.8160,9101.3888,10245.7381,11762.7590,12691.3734,12648.1096,3638.9061,9907.6643,6494.3953,13533.9028,13770.4280,12519.2642,1916.9370,3186.7751,10992.0370,8967.9852,13249.6223,11717.9236,2411.6050,6830.5593,11735.3738,11773.9070,11700.4201,12536.6743,12430.2731,5573.6427,11346.6935,11194.6300,10642.1093,9901.1438,11307.6073,7958.1876,10336.2113,11900.0966,5225.4415,9930.2395,13201.7106,13377.1359,4054.8664,6919.8257,3198.7789,13044.7729,10649.0055,2993.0854,5915.0666,13502.7230,7542.9437,0.0000,11716.2637,13857.8809,4735.0403,12291.2162,1895.1524,2101.3873,7272.1719,12941.5768,13610.5540,8053.5034,11611.9576,372467.2727,379749.6473,369611.2689,375402.2069,370852.7884,368457.0396,375152.9098,376161.2391,362452129.9507,362456686.0204,362469637.7581,362471166.0306,12658.5636,2592.8246,11618.3641,4153.4003,11401.0082,13410.9402,4737.9234,4309.3273,10936.5179,8040.7217,10884.6977,9700.5835,12248.1680,12783.7384,8185.0753,7159.7446,4606.5611,11398.5695,11132.6009,11592.8022,4801.3186,9353.9239,12207.3148,12164.4174,7045.7435,588.3155,7537.5202,7720.0095,11359.0645,7390.4784,9744.1217,11725.4966,8790.3035,3168.6229,13299.4238,9285.9384,13654.3468,10698.1972,11581.7506,8864.2806,3399.9686,9301.6929,7388.0257,11507.7698,13693.9311,9998.2870,9514.9821,8652.6169,11074.8752,8004.7556,7917.8910,13583.1309,0.0000,5502.2317,7221.2333,9222.1901,4415.6577,12623.3668,10776.3291,13756.4361,6096.4760,8609.4041,5671.6702,7777.0113,366994.3263,373492.4878,363929.5929,369790.7872,365038.8079,362730.2741,369314.2311,370370.4210,362450327.0795,362454883.9171,362467835.3196,362469363.4356,13332.2823,11273.9584,12968.4863,9886.7392,5978.4331,10258.2739,12671.3222,7900.2615,9893.1489,9961.0845,7725.9026,10580.8132,1243.4554,11222.1542,12247.6065,13706.5388,7046.5320,4341.3376,11419.4400,11439.0880,12633.4823,8766.7332,3239.2338,9282.1708,12621.8860,9117.2835,8957.4452,9568.9092,9821.8132,9971.0010,11065.5277,12945.7430,12633.9445,7126.6535,12883.3770,7319.3374,11994.7181,11246.3601,9435.8585,11718.7779,10404.9222,13404.3442,8496.4943,6891.9936,7547.5132,10112.1321,7582.1142,7945.5080,9685.7048,11173.4877,7516.9299,0.0000,10120.0477,12310.3523,6724.9237,13651.9528,3844.2247,6918.6424,4541.8614,10954.9777,11901.5829,10622.7352,8856.8225,372968.1398,380143.1216,370082.4084,375945.9233,371392.1447,368854.4804,375489.7134,376596.8915,362450553.3645,362455109.3958,362468060.8836,362469589.2823,10425.4604,2404.1572,11293.3757,13490.7902,7071.3508,5255.1373,10489.9873,7688.2203,9579.7580,11140.2827,11092.0361,13307.1417,6948.2798,5406.4617,2906.9956,12328.7280,12472.7705,10146.8870,6682.9147,7273.9160,11129.5945,13177.3635,9049.4584,3017.6410,8080.3691,8256.3097,10176.5927,7513.7361,10441.2836,10211.7919,7414.2796,4489.4792,12548.1870,7829.2785,13068.9519,9484.8420,9958.0512,10163.6310,5589.7770,8229.5968,5084.2242,11980.3304,13312.1925,11334.9738,8522.4347,9468.7392,11929.5520,9485.6832,6813.2129,13050.2651,0.0000,6553.3805,5467.4049,10949.7352,3016.8980,13365.7814,11930.9241,13586.9559,5976.1250,6803.4766,7633.5954,8368.1461,364589.2616,371117.0426,361530.5044,367400.5351,362659.2677,360321.4461,366902.3498,367971.7657,362452383.2906,362456940.1818,362469891.4986,362471419.6313,10767.3567,5069.4099,7147.5993,12783.4842,9992.7066,11325.0080,12110.1213,8763.7661,10917.9881,1409.3086,11368.0705,10695.7036,9888.2995,8482.6113,9429.2244,11949.3163,1718.4873,11348.5673,6124.0783,8332.3849,11101.4033,12222.5818,11639.5338,13245.3288,13240.7795,9103.5475,12829.7189,8175.2564,3106.6557,4136.1720,10610.8175,7636.9592,3570.8959,5566.9077,1655.9109,4061.5545,10125.1486,11791.9790,10668.6860,7023.0444,7461.2786,5875.5761,10593.6092,10733.0230,13470.8510,8936.6847,10565.1729,11045.6626,5202.7381,0.0000,13300.1306,9972.0182,12331.3350,8609.3897,9875.3128,10160.5323,8496.0373,12483.0324,8864.1341,11627.4999,13314.4980,362462.2031,369770.5566,359607.0722,365412.3456,360872.2683,358439.2414,365129.4896,366154.7214,362459975.1350,362464531.5569,362477483.0152,362479011.2717,12301.1522,13715.9637,8108.2908,7396.2342,8790.0341,5761.5444,7928.5833,12212.3493,11179.2604,12722.4611,4787.5568,3324.3730,4687.1318,13231.6858,12823.6715,10136.0334,8446.7189,6501.0388,9737.8640,13399.3453,10251.5037,4705.0498,6696.5758,6869.7070,8524.0135,5830.7914,11871.3356,9850.7945,8415.0431,6606.6308,11590.9128,8652.6549,12801.4804,10132.4014,9381.7593,11587.4079,7273.6310,6190.9395,4862.1540,13002.2628,13229.4482,12381.6757,6518.9393,8346.1229,12985.1089,10959.8309,4625.4828,12945.4148,0.0000,5678.5949,3364.3529,11654.3428,4975.1504,13643.0498,12852.1219,13030.0714,4185.2963,5018.5092,9188.0087,7021.4133,364463.2789,370957.1632,361394.7694,367297.1374,362557.9644,360152.3784,366707.3596,367821.6472,362452068.7859,362456625.6622,362469576.8614,362471105.0523,5199.9083,10852.8135,8514.2806,13011.9029,13563.6867,11838.2125,7003.6980,5590.1830,10525.5876,13079.1200,12455.1322,9497.1070,5180.4181,8980.4920,6611.9244,9049.7748,10044.6307,11210.7800,8305.0186,9227.2959,11180.8286,13702.6143,13693.9074,12037.5825,13760.4517,3780.3016,7687.7648,6167.1403,9399.7815,9769.9736,6206.9165,6734.7543,4891.7961,8551.6569,6121.0027,10088.1101,13085.2685,10061.5674,2733.7880,6011.8927,6589.8733,13085.1255,13442.3131,4427.4928,6911.8070,13243.9486,5963.1220,0.0000,13335.9314,12552.6079,9198.0263,9326.9748,7022.2639,6092.3012,8766.3287,13580.4716,11984.8588,8959.8973,13699.1378,366379.8462,373743.2652,363542.8209,369303.0233,364764.3687,362419.6768,369144.7930,370110.8806,362457610.4505,362462166.7384,362475118.4427,362476646.6434,11953.7222,11792.4478,10846.9242,12691.2247,10664.3923,7542.2432,6521.0304,6565.1581,12783.9071,13000.6926,12567.7458,5086.4737,6949.0136,7943.4764,11477.5684,11246.6489,9234.9061,5333.8135,10308.1341,13293.0775,12720.8310,12626.6561,10515.4723,12984.9066,7136.9537,8206.1958,9820.3608,12295.8573,6816.9889,9639.9074,3799.3482,8041.7386,8885.3673,8221.1863,12260.4087,12211.0607,12144.9697,4647.8815,2564.1607,7058.7074,12046.2245,11866.2555,5438.0478,8983.1304,12940.7988,3259.5596,0.0000,13178.4807,13084.9178,8698.2793,12498.6671,3639.1221,6009.6753,4423.2651,13472.3168,12231.8056,10953.5936,12595.7177,369171.0607,376629.5975,366359.3251,372158.8601,367663.2774,365189.8126,371893.4274,372924.8002,362455944.1433,362460500.1816,362473451.8002,362474980.1381,5378.0920,11340.2044,9284.1309,12498.7672,6326.6606,13205.0204,10709.4855,10518.3917,10274.1155,8292.8698,8744.1383,7575.2162,13133.8665,3190.1429,12226.2812,13163.0678,9099.7488,2969.0113,4377.1767,7577.4395,7681.8882,12721.7871,8224.4197,8207.8153,13326.9349,10929.0574,4671.5463,13425.0546,11407.3662,13360.1769,12126.6300,13391.1814,6255.9646,2571.4988,11107.9399,10868.6770,9820.5551,13030.5941,6779.3724,11149.4578,7602.6080,8704.2498,5255.8041,10190.4063,13208.9644,0.0000,5706.0786,10343.5343,5148.9302,7964.5877,10009.5932,7754.0521,12729.0037,7872.9628,11394.5340,2801.1342,7615.6942,371353.1086,377974.1229,368323.0556,374164.3071,369441.6344,367139.6463,373747.0717,374784.3933,362447876.0460,362452432.6441,362465384.2104,362466912.3489,13070.9132,11126.0086,12527.1179,7592.9587,10913.2137,13132.2092,10984.6409,9789.5900,4509.5004,9048.0275,10376.0310,10584.4681,2712.2355,10055.3948,13325.3495,11251.5842,5826.3122,3856.9232,10647.6687,10775.7760,12988.8712,10668.0057,6361.0334,11236.5658,6929.8285,1217.6418,13623.6159,7586.0503,12741.7188,8783.0102,11463.6894,5940.4836,2982.1577,11861.0700,8130.3709,8678.7359,12486.0270,7811.1198,12032.0404,11216.5955,8393.5737,5248.7959,10870.3812,12396.9059,0.0000,8899.6177,9875.7559,8383.0656,3991.1460,11329.2547,8617.4255,13504.4308,9679.7830,10670.2608,3890.9480,10799.5322,366766.3307,373504.8402,363765.6543,369565.7939,364860.8226,362622.8342,369269.7627,370252.7351,362452570.7742,362457127.5105,362470079.1155,362471607.1820,3853.5908,3987.1574,12675.6238,10632.9056,6909.0172,4735.2386,6611.7541,11684.0594,12659.1302,10630.6993,10361.3372,12858.6458,8608.1524,4269.7076,10355.1048,12346.6013,11270.5613,5258.7952,5108.0306,3532.2436,4884.2659,13690.5652,9254.6969,12202.0671,12587.5041,5963.5385,12015.5911,9182.6106,11963.3982,8680.0209,13429.3713,12240.2011,3384.2518,9784.0777,13086.5480,9863.9058,12654.1906,2972.1202,5264.9407,13055.9641,13240.9258,4755.7602,9825.9294,0.0000,7325.4783,6619.0326,11398.7954,11917.9772,10660.7481,12477.2733,7519.6512,6074.5166,6136.7589,12717.1163,5184.4547,368123.9520,374938.7321,365140.0320,371087.8245,366460.1216,363835.8938,370382.0575,371586.4689,362451280.4109,362455836.8101,362468787.9024,362470316.3304,5509.2226,12484.6044,11845.2135,9215.2672,2799.4577,4489.5537,9615.1762,13211.8533,11228.7433,11231.4635,11005.4953,8277.1196,6960.0231,11561.9428,11106.2336,8469.4962,2710.0748,2721.9675,5611.5867,1539.5158,13484.0740,10370.1545,11640.8832,10369.7663,8973.9677,11640.9284,11513.2994,12236.9042,9755.2011,12881.3791,10001.5349,2798.5482,8454.9658,13661.8367,12060.6971,12606.9705,2768.8302,4168.4048,13431.0800,12404.6474,2355.2023,11967.9745,0.0000,4277.1549,4483.1380,11037.4546,9842.0388,12112.2242,12787.1106,10366.6617,2327.1218,5197.5129,11097.2687,2912.5014,367696.1792,374268.4096,364648.8065,370597.7334,365899.9462,363352.6032,369878.9957,371068.6194,362449846.0719,362454402.6895,362467353.7834,362468882.1239,13529.9298,8113.0540,9161.3821,3988.4241,4958.0412,10032.9355,13104.2717,12421.4921,7417.3730,13126.3673,5197.2719,2244.4138,11908.3124,13426.1926,11256.3101,7778.9268,7721.7878,780.5875,6921.2939,13303.1457,6120.9532,9760.0718,12241.7500,5079.5025,9420.1746,8030.7356,9440.1328,5308.9991,13717.2471,12596.3765,2981.1178,7047.8670,12743.6229,9023.6536,13428.0133,2909.5536,8392.4612,13219.8959,13633.3946,4443.3759,8653.3060,0.0000,9140.3751,4971.2362,13012.6920,10387.8971,11673.4311,13196.2892,7910.7782,7161.9327,3469.1966,13287.5384,7858.4045,364332.9830,371232.5474,361369.2856,367299.9217,362688.7456,360081.6091,366648.3038,367830.7792,362454941.9293,362459498.4314,362472449.5017,362473977.8985,11168.0418,8747.8972,13402.5764,13307.0506,10856.8574,2859.3969,3988.7257,11883.5092,5841.1839,13342.7760,13179.5015,4942.9507,3584.5701,9317.1525,11213.8770,11204.1450,13582.4212,11912.8643,4168.4589,12397.8179,10641.7073,7961.5362,12037.4732,10977.8150,10421.7505,10623.9937,12882.6028,2246.4239,6999.8435,13457.4261,12757.1894,4753.1065,9556.0581,553.4083,13384.7463,10400.7606,3039.7800,2604.9329,13277.4384,9982.9431,0.0000,10424.4117,13397.1922,2826.5261,10510.3141,5312.9111,1718.6459,10052.7994,12071.0104,13606.3920,4792.7374,11114.7958,372419.7261,379502.1495,369511.7929,375294.8607,370684.5204,368373.4262,375059.2175,376042.7081,362450734.9724,362455291.2259,362468243.0037,362469771.1854,10587.8175,10499.0468,9947.3345,9414.4990,9513.6025,11735.4577,1661.7822,12053.8944,6275.3005,7384.8541,10717.8092,12627.0163,12297.9573,13049.8627,13022.5973,8359.7573,12648.2372,8811.3884,2512.4167,5393.9956,11452.8727,6437.8775,4819.7604,4361.5505,3043.2081,3521.3407,10646.5327,12457.7186,10275.5970,7605.0692,7723.3232,4855.1563,10819.6287,10294.6463,13161.9554,9169.3206,11116.0835,10870.2493,4105.0469,0.0000,13353.9026,10026.4241,12413.1924,9566.1399,9446.0080,10275.6022,7406.7066,12475.8886,8748.8009,12227.3894,13092.9519,362885.0723,370231.2226,360039.8181,365856.0141,361331.2275,358858.6903,365543.7883,366587.8441,362459867.4384,362464423.7961,362477375.2219,362478903.5184,10555.1206,11737.7641,13801.7243,8111.0231,5434.0785,11327.3951,12021.7449,12264.9738,7926.2003,4457.1504,10036.9485,12804.0205,8622.3805,8445.9948,8707.6448,9258.5871,10826.1932,10816.7023,13119.4402,13026.5043,6434.6713,13014.6785,7252.6065,12166.0093,10899.4092,10356.5641,12163.9963,9622.0784,13191.0842,9381.6841,7036.0154,8587.4973,9301.9715,7106.9393,8952.2336,10550.6829,10518.9249,7590.0978,0.0000,9888.2508,11793.5240,7629.2645,13793.4141,4946.5788,8000.9023,4202.2312,10493.5445,11319.2828,11282.1411,8355.6615,372549.6053,379696.7881,369656.0737,375535.6705,370979.8115,368411.9625,375033.3099,376162.0390,362450593.5229,362455149.5700,362468100.9904,362469629.4127,2121.6317,8415.9611,13807.3871,12670.9704,9575.8994,11531.5464,5908.7951,6031.8314,12771.6401,12243.3913,8670.0912,5349.5492,5395.0745,4433.5096,4106.7997,13543.7082,8642.6345,10126.1825,10361.7216,8521.8278,10038.0440,10996.1679,10790.8850,7885.0979,13423.5900,10584.0144,1519.7888,6311.9877,13736.7262,11732.3528,13460.3660,1908.0485,6790.7855,13852.4560,13027.4474,564.1776,11450.0473,0.0000,6247.1448,2093.1228,12481.4266,8769.0449,12964.9381,13578.3471,10621.1604,3684.7070,2544.6578,11862.2811,5586.0496,364940.9210,371557.6542,361903.6369,367847.0290,363158.9315,360612.5532,367147.4112,368330.1586,362452364.5576,362456921.2525,362469872.3060,362471400.6336,6644.9251,13749.2365,13208.7175,8814.1790,10777.9157,4646.1671,7025.1536,13365.4656,12035.2699,7661.3206,6614.6807,6709.6869,5607.8089,5427.1892,12909.9837,8090.3753,8673.5524,9217.1211,9360.6954,8635.1871,11266.9223,9715.4308,7371.6376,12972.9945,9829.0097,3467.0501,4444.6505,13390.9577,11968.3758,13367.8958,3861.4756,8160.8988,13625.6067,12554.3919,2332.2216,11600.4476,0.0000,6801.8376,99.8250,12725.0048,7055.5913,13424.8914,13562.4636,11463.2443,4369.1370,1879.8443,11315.0620,6895.6391,363572.0614,370179.2424,360531.8158,366457.2455,361758.9056,359260.8975,365808.7157,366963.4956,362453457.7125,362458014.4947,362470965.5856,362472493.8619,11587.6376,12767.9988,8444.6457,6800.4693,6455.7591,11296.7015,13217.7541,9465.9283,4714.0673,10238.8012,10380.2742,10675.2786,9690.2216,9088.1796,8866.6334,4879.8650,4436.0195,12337.5080,5391.0778,12134.1068,7263.4110,8819.9558,9473.0110,6310.3496,9521.4264,4048.9705,10678.0884,12326.6083,10949.3783,9804.7954,11372.7602,10982.3122,9012.1721,8452.1940,11972.8660,0.0000,8939.8725,6722.8854,11395.6890,544.1595,13046.2247,11434.2223,13341.1244,8339.7578,7421.3077,7848.9542,10484.6656,363085.2159,369778.7481,360069.4550,365906.1803,361199.7377,358890.5353,365509.3239,366539.9658,362454920.4043,362459477.2647,362472428.6597,362473956.7700,4506.4648,10547.5238,7969.2632,12943.4620,12355.1848,4229.7470,6282.8926,11083.3241,12382.7290,12341.2228,13102.0384,12944.4145,3767.9701,11130.1539,10131.9110,9613.9693,10693.0065,10318.2327,8398.0437,9435.1010,11761.9356,3753.8296,9131.3589,13657.4608,12813.6610,2555.7409,7352.2168,2307.3688,13555.3444,11502.1535,1100.9954,4647.2447,13790.2863,7842.3152,0.0000,12010.6542,13842.3710,5021.5085,11311.3076,3605.6881,1239.3245,8415.6815,13203.7234,13657.7982,7160.1529,12269.5195,371461.1776,378737.8921,368603.7913,374375.9893,369817.9417,367469.9224,374178.7631,375159.0675,362452976.2103,362457532.3528,362470484.1361,362472012.3595,12545.2726,8544.0583,13774.5563,11743.2090,1945.0490,5747.3484,10907.1838,9771.9646,9686.8371,12253.9107,10681.7024,7477.4293,12633.1792,12572.4700,10420.7014,10408.8317,12740.0547,9604.0738,12143.9909,12965.1925,6105.4807,9155.1521,12333.1696,13760.0888,6804.5155,8831.5720,3966.0862,12144.8749,8380.5496,5438.3868,6277.5588,12520.2010,9434.8086,0.0000,9758.0142,13285.6738,2792.0280,12546.1803,3522.5873,3727.7485,7972.9089,11416.7936,13338.2971,7457.7200,9558.7760,374169.9846,381264.7840,371264.8228,377089.0422,372497.4835,370081.8711,376739.2817,377784.0590,362449223.2278,362453779.3399,362466731.0063,362468259.2936,11985.6999,4789.0740,7105.8910,11701.1955,12906.4524,11700.1386,12665.5869,12658.4904,7795.5584,12113.4952,9493.5917,1484.7185,4609.6727,11042.9743,6850.2101,3952.1186,5624.0656,2776.2353,2400.7361,11217.0825,12217.6788,9500.2289,6196.4721,8811.9537,6272.1537,11593.4836,9577.4994,13025.0708,10155.5869,11551.4424,9979.7591,5524.4689,0.0000,12909.5441,8889.3504,12978.3260,8670.5456,10587.5575,11187.0207,8378.6281,11767.2874,7586.4035,12310.1863,12751.4921,361825.5947,369077.5641,358954.6708,364783.4839,360235.3084,357764.0366,364433.3269,365488.5777,362459933.2537,362464489.7127,362477441.0763,362478969.3601,11654.1017,13737.1205,9765.8045,3300.2424,4258.5024,9899.8287,10009.3176,13460.3448,10260.0406,6142.6318,12512.3130,8991.4022,2603.2516,13799.7138,9576.7239,12999.5326,10395.7726,12745.1630,4644.4393,1588.0887,12237.7100,10026.2646,8373.2064,12588.3797,6205.6175,12335.6265,10099.5562,7534.9718,3640.9072,11324.8460,12673.8092,0.0000,8086.5252,10861.4291,6174.5050,6340.9114,10193.6822,7220.8000,13153.9382,9598.0199,11727.1442,1282.5112,9982.9307,369465.5298,376193.5404,366463.4700,372267.2921,367561.4974,365316.4295,371959.2957,372948.3932,362450354.7967,362454911.4329,362467863.0866,362469391.1712,6413.4278,13428.4420,13096.4880,9677.3176,10265.5209,10310.4925,5920.3549,9322.2176,11685.2484,4190.7951,5631.3871,10035.1503,8051.6989,5270.0400,8912.4926,6080.4225,3515.7232,12669.1405,11255.8313,6332.1437,2616.1719,11783.8399,9734.2374,13234.6904,6583.7581,11287.3310,12621.1305,12587.0266,6359.4979,9122.3145,0.0000,10456.8783,4700.6068,13669.9225,6906.1938,12874.6976,13168.7788,10433.8505,8568.8600,3469.4769,12235.4306,10461.1280,361039.4619,367944.3669,358076.0334,363958.6174,359329.0282,356841.1313,363444.9528,364554.7851,362457772.7626,362462329.4600,362475280.6351,362476808.9078,10915.1604,13639.4547,12504.2152,8810.6024,8709.4613,1761.9043,8225.6179,13019.3732,5770.3058,10220.8109,13177.7776,2965.9306,9813.1974,6345.1857,9338.1167,5170.1610,13573.4485,13427.6969,4865.0611,8478.1414,12009.6800,7406.4446,13002.6687,4662.6625,8940.8065,12570.6309,13649.0978,6416.4662,7083.0481,0.0000,10319.6985,7052.1514,12787.3715,11596.6716,10505.7601,12582.1366,6048.1915,8762.0680,5547.0273,13736.1117,8805.5091,365131.0578,372184.7378,362208.3750,368127.5181,363557.2653,360926.9468,367513.6211,368690.2277,362455497.5249,362460053.8844,362473005.0034,362474533.4353,7296.5953,11979.9821,10477.5782,10369.5075,11680.9103,11259.1308,7608.9887,11755.6495,12350.4297,11408.0803,9184.3823,12417.1364,8108.6310,11528.2075,12146.6170,6866.6029,10424.5369,12266.8255,13744.7897,6245.9921,7264.9565,4707.8571,12051.3742,9078.8737,5261.9151,7273.3983,12698.2515,7943.5179,0.0000,10776.2735,13443.2274,4573.5058,13043.1319,1779.6202,3982.2877,6414.6266,12062.9847,13219.7956,8789.6022,10259.5015,373507.6536,380722.9708,370633.7304,376455.5994,371898.1446,369448.8406,376117.3191,377166.5553,362450650.4805,362455206.5194,362468158.1714,362469686.4943,6611.7776,9490.1910,9539.7397,13577.9377,10222.5701,6123.3548,13293.8601,10886.2645,5729.1441,13252.1697,11348.9971,12450.2592,11644.7638,13567.5585,3751.1980,4067.8107,12605.5568,11991.2202,7659.6448,11858.0129,4095.1939,12594.6585,9035.9139,6263.2592,2837.0646,12000.1303,12152.5610,0.0000,8086.2276,12116.9195,3078.9715,9080.5769,8112.5360,5199.6398,11915.5153,10120.5954,12812.1467,2036.8460,9452.0133,372280.8282,379096.4148,369302.6975,375110.8245,370432.4067,368147.4081,374794.0577,375796.3233,362448746.9966,362453303.4442,362466255.1423,362467783.2822,7856.4756,8033.0133,11718.8347,7785.9631,9367.4819,11893.5804,8784.4993,2679.9033,13480.4393,9307.0238,13690.0617,10687.4639,11797.5789,8427.0428,2852.5815,9746.9884,7704.4635,11216.0112,13675.8119,9626.9650,9948.1965,8866.1428,10739.4468,7544.7683,8407.9633,13584.8802,0.0000,5788.9044,7725.9490,8908.3825,4459.9787,12443.2521,10441.5657,13809.4611,6563.6652,9059.1024,5163.9577,8078.1417,367264.6622,373779.0337,364204.5094,370058.1833,365308.2385,363012.5538,369603.1072,370649.5757,362450271.7264,362454828.5513,362467779.9862,362469308.0929,227.2074,7786.0052,1348.9588,12950.7991,11998.1653,12598.6354,9797.3445,10210.3815,12714.4661,12330.9594,13268.7641,11550.9308,11859.6938,8877.9979,5407.3015,10070.0761,13288.6168,12623.9825,11423.0597,5317.8970,1990.0374,12702.9196,11276.0886,4871.1215,12690.8926,0.0000,2406.2154,6627.8799,9323.1477,10330.3837,11380.6275,11739.4566,10773.7995,2776.1069,7557.8299,9781.6888,364.2617,370119.3182,376653.3446,367063.5316,373002.3660,368290.4639,365779.0151,372309.2113,373482.7878,362447702.0312,362452258.6029,362465209.7880,362466738.1062,7707.2018,1446.3852,12971.0153,11978.2146,12664.5440,9939.9974,10083.5382,12771.3215,12232.1823,13291.0888,11532.7928,11885.8654,9012.0786,5388.9579,10166.5958,13263.6007,12525.9701,11406.9827,5282.3765,1815.0996,12678.0858,11317.3578,4927.3559,12600.8856,0.0000,2601.6403,6723.0317,9299.0903,10472.5482,11276.7458,11704.2951,10627.1786,2954.5775,7603.3514,9869.3268,203.2389,370214.5303,376759.4768,367161.6152,373100.9849,368392.4606,365876.1063,372406.7739,373581.8969,362447703.1582,362452259.7162,362465210.9008,362466739.2247,7009.1800,13518.7949,6476.2765,10318.8649,12703.2057,4656.1329,9972.5252,7868.2159,9869.9422,5712.9284,13891.1350,12955.9810,3228.8669,7786.2602,12834.6478,8866.5013,13471.4111,3059.6144,8245.7523,13278.9802,13830.8252,4839.8702,8540.4986,0.0000,9306.3138,5619.2980,12990.1225,11012.0557,11466.4186,13196.5357,7493.4112,7435.1641,4208.8393,13552.8795,7832.0955,364843.5432,371765.4719,361885.9652,367820.0077,363216.9414,360593.5605,367159.2057,368348.6091,362454692.2317,362459248.6901,362472199.7570,362473728.1727,13256.9970,11380.0749,12104.1317,9819.1810,9957.9118,12187.5443,12238.8436,12843.2599,10848.8743,12374.9396,9180.4956,4313.2540,9167.3152,13613.6095,12649.1384,12095.2791,4286.2364,3198.0533,13188.2552,11806.8379,3600.2930,12629.0831,0.0000,2884.4756,5429.9532,10243.7231,9846.2904,12000.9705,12386.5415,10935.7141,1773.1688,6421.3665,10291.5368,1649.1758,368832.6141,375352.3952,365772.3390,371716.8464,367002.6248,364482.5160,371007.6512,372187.9783,362448590.4073,362453147.0319,362466098.1691,362467626.4876,10423.6983,7609.0502,7265.0375,11899.5281,7974.0853,9505.3040,7549.0701,11098.9565,2580.2816,7501.1156,13763.6955,10992.1120,2747.6428,8696.4071,3917.8144,13775.5573,12622.1548,2721.5726,3427.1478,13555.9600,8855.2254,0.0000,12067.7473,13008.9763,6722.1306,8737.8724,6995.0395,4046.5867,10525.1890,13007.5104,12977.1126,5856.4886,12942.3488,368742.2530,375932.7865,365861.6160,371615.9601,367025.8114,364750.5169,371465.5905,372412.9686,362454558.8837,362459115.2326,362472067.0228,362473595.1610,5668.5082,11555.6594,5805.8509,5039.7063,5384.4999,4176.5078,1019.8978,11933.3361,12601.1171,8424.3284,6117.1764,9642.3687,6273.6589,12125.5333,8482.9306,12380.4966,10861.6860,12210.3587,9082.7314,5521.7979,0.0000,12480.1389,8156.9528,13201.1736,9145.7913,10736.4904,11704.1363,7833.6374,11136.2553,6662.2252,12801.3941,12080.0093,361948.4869,369165.5238,359067.9778,364917.7497,360367.2433,357856.1582,364507.5640,365591.1528,362459479.0645,362464035.5168,362476986.8099,362478515.1277,7573.3071,10404.8441,724.0097,9063.0575,2616.0404,6106.3560,9233.6589,9269.5004,10678.0139,4814.0040,8332.2304,9232.8020,10486.6952,10868.8969,13248.5206,9402.0313,9339.8195,10376.4606,8721.1576,0.0000,11969.2669,8762.2697,12015.6430,4966.2240,11533.8627,10514.1409,11317.8961,11243.6824,8339.9466,9671.7488,12754.5015,361861.8194,368921.5292,358941.4699,364743.5208,360129.6159,357786.6596,364460.0960,365463.4561,362458666.5833,362463223.2392,362476174.7112,362477702.8686,13674.2555,8198.8968,13123.5054,9473.3517,11684.3404,6559.6936,2191.9724,11302.1860,8049.0857,9464.9784,12930.0370,8230.4780,11480.9014,10471.3510,9066.6006,5748.4500,10198.1397,12850.1614,0.0000,7920.4107,9297.9267,8338.0456,3959.0520,11639.4442,9078.4147,13657.0402,8772.4473,10270.4764,3828.1146,9965.8255,367078.4548,373738.7141,364057.1667,369872.7490,365150.9067,362900.6407,369530.2089,370530.6735,362451676.7110,362456233.4778,362469185.0385,362470713.1125,9978.1384,3846.3878,8926.8673,5692.8649,12635.0960,13813.0534,7426.3869,10017.1377,10351.6867,4871.9508,11761.8566,7189.8551,9830.2428,11009.3152,12925.6220,8835.7773,4686.5625,0.0000,11611.2029,9408.0196,11943.0143,12543.0124,8473.9569,11109.4233,3384.7476,10647.6154,8002.9753,13604.2473,10129.0682,366417.1415,373662.8878,363546.0888,369435.4551,364910.4715,362288.9944,368911.7726,370058.5595,362456049.0545,362460605.2469,362473556.4896,362475084.9331,8644.1216,2121.7489,5502.7076,9662.2880,9840.0705,10519.4523,4776.6915,8473.1813,8882.2420,10797.9864,10702.9252,13348.1953,9624.0534,9811.0591,10321.8354,8325.7131,0.0000,12215.7021,8721.9957,12330.4037,5524.2478,11539.3139,10754.5970,11013.3126,11378.7496,8147.4620,10213.7198,12865.0548,361575.1046,368665.8353,358662.5531,364467.9851,359864.1598,357503.0915,364176.7015,365186.8306,362459091.3655,362463648.0020,362476599.4538,362478127.6279,6988.4958,5940.4797,10794.5024,13440.1880,10256.3891,10503.8903,7502.1297,1285.7142,10017.5458,10100.0302,11831.1096,8564.6714,11363.0150,11290.8881,883.2732,0.0000,13174.9802,11338.6553,11184.8260,12230.4203,6772.2476,9168.6276,3397.9135,12677.4455,10051.7265,12755.1039,12253.9106,366374.7115,373806.1048,363553.5075,369387.0597,364895.2828,362349.2927,369026.9271,370104.5935,362457722.4323,362462278.5542,362475229.9876,362476758.3745,4964.0541,9527.3082,10855.2593,10989.6926,6355.1115,7389.5465,7163.0265,10347.1247,11102.4566,13629.6202,8795.2734,9891.6079,11103.7425,6575.1698,0.0000,13030.9148,9803.2522,12154.1940,7353.9413,10414.2922,10077.0506,9702.0386,12299.5470,8943.8023,10810.8205,13368.0067,362177.6806,369416.2900,359304.3809,365100.8219,360537.0323,358148.7409,364840.0431,365847.4784,362459737.5644,362464294.0683,362477245.5563,362478773.7671,12464.4046,12708.2900,7656.0510,5726.0349,10407.5136,6916.0471,12640.0001,7729.4346,12035.8582,11531.7494,12669.6662,8352.7227,6193.1995,0.0000,12120.9765,7431.0358,13499.1104,9144.1580,11235.1775,12262.1327,8069.0847,10592.1447,5836.6207,13063.2421,11646.5189,361742.3797,368903.6760,358846.8232,364710.9636,360149.4885,357621.7667,364258.5331,365359.2225,362459163.8167,362463720.3019,362476671.5424,362478199.8704,6067.4542,13680.7778,11784.3870,4422.3094,9995.8254,2328.9063,13673.7945,11397.4583,3198.2903,1092.0650,13329.6127,10270.2986,0.0000,10779.2101,13067.5963,4621.8498,9073.5920,6874.1001,3190.6152,11065.9802,12214.6626,13328.9026,3929.3156,11827.1404,370729.4193,377790.5246,367815.6361,373583.9097,368961.7884,366694.0662,373388.7195,374348.6702,362451986.9926,362456543.3524,362469495.1458,362471023.2783,11399.6962,9516.1468,9572.1912,13159.1565,7377.7894,11521.3392,9304.4881,8783.0262,5065.1851,10330.9614,13206.3281,0.0000,6880.5933,9905.2192,6806.1581,5898.7571,10966.6919,8353.7267,13449.7241,8388.8168,10969.8615,2413.3484,8997.9549,369191.2392,375818.1657,366162.1871,371986.3860,367258.7535,364997.1458,371617.4085,372629.3737,362449725.2459,362454281.9471,362467233.5260,362468761.6179,7227.0485,13661.7368,11047.7530,13477.0092,418.9832,6505.8884,13798.0063,13368.1441,1768.4596,10796.9168,0.0000,6796.8374,3450.4214,12472.6938,9856.7938,12435.4337,13479.4648,9619.6794,4498.4776,3153.2925,12436.5622,5560.9766,365478.3532,372166.0950,362459.7816,368408.1604,363742.7812,361160.5168,367697.1193,368892.2787,362452430.6237,362456987.2312,362469938.2735,362471466.6408,11700.0126,11096.1158,12730.8001,7542.8643,11293.4170,12364.5094,11542.1459,6601.0752,10563.5350,0.0000,9662.1957,4511.9017,13128.1334,4550.9959,13350.3016,12889.1560,11929.1568,8018.5728,4348.8323,10811.3581,10315.1449,361228.5019,368010.9831,358233.6385,364103.7838,359434.1983,357016.5257,363619.5352,364703.2095,362456817.4671,362461374.2763,362474325.5072,362475853.7107,6495.3274,4260.8963,13607.2453,12700.1552,1821.5471,5402.9837,13808.0407,6785.2396,0.0000,12888.3797,13488.1242,7134.4897,10430.0823,5110.7137,3586.2025,8551.7605,13651.3821,13118.5638,7912.2093,13228.3724,369102.2667,376448.1547,366262.1921,372021.0385,367477.7231,365140.4245,371864.4491,372828.9284,362455390.1443,362459946.3415,362472898.1142,362474426.3206,9118.7927,10888.4719,11999.0950,7550.6503,10644.0101,11985.2776,830.3787,0.0000,13340.6690,12045.3465,10485.1330,12366.9049,5787.4228,8196.7299,3504.3502,13101.3204,10890.0874,12259.4580,12530.3172,367209.9573,374671.5404,364397.4783,370216.9527,365729.0625,363206.9637,369896.8434,370956.4969,362457374.1786,362461930.2628,362474881.7641,362476410.1358,13398.8994,10594.4190,2522.7997,2880.5482,13356.5768,9556.2568,0.0000,10715.2756,13459.0142,3193.5644,10614.3544,4923.1970,1193.4100,9718.9511,12271.9076,13591.9476,5211.8162,11321.0997,372230.9074,379351.5735,369332.9195,375113.4283,370513.1987,368195.9028,374886.5637,375868.7917,362451178.1025,362455734.3348,362468686.1153,362470214.3043,6312.3679,13727.2711,13376.2457,2100.3775,10658.7817,0.0000,6827.6499,3848.3871,12361.2392,10128.5003,12233.5724,13378.2682,9349.4765,4633.7015,3496.7599,12492.4203,5446.8247,365777.5815,372480.3259,362763.0793,368712.2505,364051.6483,361462.3113,367999.4103,369196.9255,362452300.3488,362456856.9310,362469807.9757,362471336.3521,11975.3100,10897.8033,6391.7653,12189.1453,0.0000,3635.3333,8184.7604,8273.7008,11410.8624,10146.1514,10824.0494,9845.0042,4695.3031,8830.1662,9731.3849,1635.8406,371676.0042,378297.8253,368643.9442,374575.6298,369886.7329,367363.6208,373905.8785,375075.4382,362447143.1072,362451699.5556,362464650.7960,362466179.1387,4199.6848,13850.8649,7948.2070,0.0000,12190.3078,13721.2867,5543.5792,10686.9649,4564.4448,1873.0919,8967.7513,13303.9991,13552.2899,6845.7553,12619.1276,370660.4061,377933.1748,367801.8729,373565.5889,369003.1685,366677.3307,373391.9558,374359.3383,362453617.8161,362458174.0064,362471125.8021,362472654.0010,12896.8561,10893.7944,0.0000,10034.5488,12646.8092,4365.7204,8594.0378,7484.2414,3914.5644,11508.9315,11581.1449,13056.0252,2853.8231,11258.0721,370811.9845,377791.0862,367876.6292,373653.4249,369010.6434,366748.9966,373431.0961,374398.0088,362451273.8983,362455830.3114,362468782.0806,362470310.2027,11733.6457,0.0000,5751.1593,2304.5000,12262.1699,8784.6813,12966.5433,13511.4255,10802.9377,3149.7024,3046.1093,11641.5357,5122.0696,365357.8151,371945.7990,362313.2808,368258.1052,363562.4257,361021.5750,367552.9329,368736.1652,362451823.4109,362456380.1115,362469331.1701,362470859.4932,0.0000,13393.4311,11676.8157,10951.3377,12039.3839,6498.3072,8686.1610,3943.0149,13001.6353,10451.5564,12426.9492,12618.4859,366391.6770,373845.4742,363576.6533,369397.7397,364907.8634,362384.9468,369073.3169,370134.2974,362457937.6482,362462493.7692,362475445.2470,362476973.6145,0.0000,0.0000,0.0000,0.0000,0.0000,0.0000,0.0000,0.0000,0.0000,0.0000,0.0000,0.0000,0.0000,0.0000,0.0000,0.0000,0.0000,0.0000,0.0000,0.0000,0.0000,0.0000,0.0000,6828.6806,8633.8983,8949.6990,11709.5887,11253.3923,11993.5531,2792.1913,8127.3481,8096.6022,2610.8732,369992.9415,376461.2364,366920.4890,372839.6240,368101.3250,365659.5487,372198.8144,373339.1610,362447426.0239,362451982.6855,362464933.9442,362466462.1940,12804.0945,7135.0561,13506.8851,13653.8616,11524.8800,4372.1053,1893.5830,11398.8524,6910.1535,363545.5749,370147.7553,360503.9928,366430.7945,361731.5364,359231.7777,365778.1808,366934.6455,362453436.6755,362457993.4608,362470944.5464,362472472.8238,11095.7185,5770.3580,3838.1950,10025.8218,10648.9031,13205.6767,4981.2129,9175.1183,373819.2549,380764.5611,370875.1871,376692.9684,372055.6762,369704.6998,376354.9220,377380.2486,362448428.9336,362452985.1968,362465936.8879,362467465.1043,12890.1742,11134.7426,13414.1182,8518.8329,7855.4758,7414.8163,10568.1713,363426.5947,370123.7203,360412.1603,366243.2282,361535.9493,359239.0150,365861.9581,366884.8664,362454710.8858,362459267.7386,362472219.1610,362473747.2622,3905.2151,5585.5999,12698.0237,13080.0209,9338.0604,11191.7567,372307.9306,379623.7790,369460.0822,375269.3124,370736.2978,368285.0811,374970.4698,376007.6207,362452401.5568,362456957.5766,362469909.2411,362471437.5660,8876.6664,12658.0408,13625.7968,6289.1314,11620.4741,372133.7156,379331.0874,369255.7009,375035.2443,370456.8944,368116.8811,374814.2825,375800.1804,362451824.3699,362456380.5423,362469332.3194,362470860.5337,11811.9106,10460.4779,12674.0280,10609.6819,369176.6374,376520.1630,366333.2891,372194.9564,367688.9774,365101.5306,371751.3193,372865.7048,362454769.4725,362459325.5143,362472276.9125,362473805.3468,5769.1651,9841.8268,3132.7147,367620.2109,374090.1783,364546.5101,370483.5655,365751.7606,363266.8133,369793.6709,370959.1395,362449227.9536,362453784.6776,362466735.8191,362468264.0961,12194.3658,7780.2914,362907.2380,369633.3641,359897.5375,365821.2599,361156.3458,358624.3251,365183.1630,366342.8116,362454836.8311,362459393.5430,362472344.6193,362473872.9301,9818.8083,370581.9462,377348.9325,367590.5641,373393.6244,368699.0359,366442.7180,373089.1616,374080.1907,362449761.4079,362454317.9696,362467269.6497,362468797.7522,370409.6355,376957.3399,367357.5541,373296.1624,368588.2005,366072.7213,372604.1311,373778.4152,362447572.4670,362452129.0163,362465080.2078,362466608.5321,28991.7643,7880.9347,6802.7147,12880.9707,11395.7434,16265.7065,12047.3437,362748029.9393,362752599.8475,362765543.1692,362767069.6733,22908.9412,24581.7709,19727.2012,22082.1566,16984.0493,17193.3517,362735898.4612,362740470.0441,362753412.5245,362754938.7356,7924.4540,7320.1982,5301.8235,11603.6648,7774.2267,362741280.8305,362745851.0004,362758794.2011,362760320.6547,8538.8779,12653.6286,15712.8469,9253.0872,362747995.8597,362752566.1761,362765509.5157,362767035.8494,11144.7271,14844.4820,9207.7082,362740162.1472,362744732.6707,362757676.0124,362759202.2628,8538.8779,8568.0749,362738694.2287,362743264.3758,362756207.3461,362757733.9110,7073.3648,362740942.8748,362745513.4317,362758456.0015,362759982.5811,362743832.0036,362748402.5953,362761345.4854,362762871.9091,24239.8055,30492.4284,24015.1305,23820.8993,22334.5175,10492.2864,
300.000,6459.7502,13372.7041,3231.9613,11870.4975,10113.3729,6708.3193,7869.7849,10438.9058,4010.4885,9858.0913,10375.5024,2534.9542,11856.3862,10875.3085,9192.9437,12794.6895,13319.4837,11747.3915,2919.5640,13167.2309,10714.7593,4679.2647,10849.5060,12545.5659,10759.5352,11240.6062,6099.0009,13461.8182,11241.1321,11784.1979,13450.0225,12371.8423,9077.0740,5301.2603,9483.1066,6988.5583,10904.9770,13325.9266,11143.5894,11741.6051,9310.6668,4300.9619,8580.1148,8442.2164,8224.1886,12297.7977,4400.1886,13258.8016,7421.4167,11636.7722,11295.5722,11612.6264,4969.8075,4448.4086,13664.2842,6822.5683,13308.1328,12090.0849,5256.4753,3250.8619,8773.1441,6426.8829,6320.6139,11890.0350,7809.2925,9371.9876,13185.6692,13255.3274,8231.9052,11112.3499,13656.9214,11125.3860,13249.7328,13569.3322,8512.8351,8148.3715,10295.5034,13127.2061,10187.3287,10561.2742,7180.6289,10364.9380,4972.3079,5660.2782,8109.0686,10091.5075,11871.8063,0.0000,7272.5589,12131.2586,4423.9096,11067.9181,6811.8719,7489.7686,10425.7547,9436.9218,12670.2193,7012.8900,5968.8277,374495.2960,381476.1494,371760.9089,377574.7587,372852.7858,370467.3996,376913.2744,377968.1883,362447720.3752,362451763.3584,362464516.2465,362465981.3671,13150.6126,8774.7047,13661.1846,12966.1851,3483.4251,6287.7922,5520.7821,8328.1251,11983.6057,6647.4313,4287.8257,10729.0669,5580.4630,12738.3609,10733.1239,12341.5878,7232.5421,8834.8233,10794.3307,13015.6873,4732.3408,11528.3205,12551.2933,10184.3557,13090.8397,4755.4422,11253.5183,6523.3072,13672.2694,12390.8095,13719.0136,12497.9981,1694.6540,11754.9308,5726.8969,12596.9176,10060.5539,13338.9892,7944.8346,4428.3871,9327.6318,10649.1378,11036.4947,11672.8671,12753.4419,3438.1107,9899.9035,5314.7137,13596.6240,13266.4419,13053.5600,2080.9972,2715.3330,11074.5487,8528.1010,13125.1100,11857.2364,3357.6929,6964.8711,12394.4614,10736.5630,10618.5186,12566.6279,12089.3414,5323.7282,11017.2136,12090.4557,10602.7670,9922.7706,12061.2686,7719.2213,10868.4012,10620.6259,6321.0128,9793.0331,12672.5521,13533.8931,5951.4911,5083.7523,4509.9853,12741.7508,9377.2494,2360.8669,6663.6504,12822.8505,7172.2214,0.0000,11764.0071,13762.4599,5096.9154,12044.8889,2572.9017,4227.7799,6392.4528,13005.9029,13536.3576,7882.7207,10842.8881,371441.8191,378852.2378,368813.5289,374579.7995,369961.7048,367561.2870,374079.4451,375085.0438,362453591.9956,362457634.8087,362470387.7861,362471852.9319,12197.5105,5232.6854,6570.7357,12452.3223,11014.9290,10487.8489,11930.1308,6640.2300,11326.7467,13672.7488,6010.2646,10589.0591,7681.0299,5260.0440,5151.8476,10020.6548,12384.3532,7237.8645,5442.8023,12782.1662,6327.0364,6716.8544,7384.7058,7340.4454,12302.2413,4228.2112,10482.0614,4356.8181,4598.5437,4443.5542,7794.4160,13399.2453,9896.3942,11526.7692,8255.5010,6317.7400,6941.0844,9931.0118,11284.2515,12350.0307,11124.2238,8693.6233,8526.6978,3061.9479,13774.8014,7097.1314,11600.8721,4457.7890,4714.3816,7049.3615,13723.6976,13778.0136,5611.0202,12599.7521,394.2180,4649.1648,12951.1825,13472.3902,9449.3464,10197.4624,10275.9918,4395.1826,9173.7253,12225.9274,4555.6568,5736.2749,11195.6707,7233.4879,4922.7084,8850.7254,7002.3056,5823.5241,12596.1344,11687.6750,6324.5515,2093.4794,11667.2949,10992.2291,13142.6497,6188.8923,11261.6048,13669.2324,12579.8447,6571.5367,9324.1914,0.0000,10107.5589,4205.8520,13625.4096,8726.4127,12531.4351,13047.9608,9949.0458,7913.4787,2375.8117,12674.3108,10577.1021,361753.9439,368575.5494,358972.4580,364840.6547,360093.1299,357626.6159,364018.2616,365138.1813,362456231.5998,362460275.1341,362473027.5458,362474492.6667,10518.7016,7667.3935,7972.0647,7889.2140,11440.4328,1964.9196,7505.4268,12190.9106,5577.5049,10781.0232,12190.4064,6757.8288,12164.8814,13173.5535,13106.5671,1166.8245,13708.5992,8479.5253,5675.7194,9004.3250,12434.7937,9520.2518,10494.3989,6843.1268,13040.7718,12749.7942,9958.6752,13217.8905,11108.0183,6424.5258,7560.9389,9450.1980,7203.0429,10538.1030,13530.1543,10051.9830,13108.8021,10440.2885,4458.8593,9190.2351,5947.2191,5453.4911,10626.1559,7339.2482,13784.5711,7881.3456,9702.6740,9185.3890,10998.6975,7740.5739,7323.7782,13815.8689,8425.3541,12075.2276,10610.3148,6805.2591,5554.1508,7651.5001,3408.6319,3304.9026,10049.2578,5170.0747,11501.7355,12674.3999,13269.2194,8776.8445,10132.9849,13582.0549,11255.3646,13736.5203,13722.9402,10701.5774,9207.4404,7876.6423,11934.5393,12111.7491,12028.9258,9704.7276,7964.8104,2149.2341,8431.4466,10251.2430,7619.5514,12799.8646,0.0000,5624.0303,10567.6897,7218.6365,11159.0601,8381.5364,9979.3013,10963.9553,7411.1375,11210.3184,8873.1945,3003.2562,373904.1101,380710.8880,371125.6313,376980.6205,372226.7775,369791.7354,376189.9212,377296.3084,362446659.6557,362450702.7475,362463455.4699,362464920.6220,5313.2876,13644.9066,12806.0458,13080.1659,11097.1679,7181.8962,11584.9535,12675.9911,9782.6147,12883.9074,5102.3217,9673.0735,5715.6220,11743.9065,10291.8868,8415.9700,4768.7624,13163.1590,8701.1871,4850.6756,10367.1520,2838.4985,13299.0238,8736.5944,12030.8258,2518.5334,5753.3953,982.0310,6225.7733,13718.8598,5854.1463,12920.8384,4162.9314,9987.5030,1969.7156,10973.6921,13462.7480,9292.8699,7601.6003,8977.5310,7572.9288,6227.2343,12941.8233,9848.7655,13194.4901,3098.5441,4444.1020,3004.9130,13436.4223,13247.3506,8555.2397,9886.5821,5394.6214,8274.0243,13529.7593,11254.3568,4955.2623,8820.5765,8962.8260,7111.4243,6553.0775,12341.2828,9108.8212,6182.5579,7596.7460,10571.0186,6759.1207,12177.1358,8359.6538,9307.6502,11634.3142,8589.7901,6304.3910,3338.8914,12142.0608,13058.0455,12434.5453,6079.2092,10233.5126,13319.6518,11260.7660,5777.5733,12175.5593,0.0000,6307.7015,1454.2123,12142.0107,5422.6723,13667.9578,12580.2988,12824.8025,4067.9136,3085.0177,10341.8146,8463.3341,364285.5117,370839.6673,361439.9892,367297.8233,362468.8445,360110.8275,366488.6216,367582.5846,362452386.6057,362456430.2762,362469182.7968,362470647.8185,11733.3277,10090.3412,12476.1815,7687.6341,2583.9655,13540.7720,11583.0937,7702.2630,13149.1974,1876.0087,8978.4665,9647.8398,13350.4114,7971.8995,11660.5024,1170.2208,10674.6283,5150.7506,9459.8810,7392.1721,7312.8316,10814.5200,9456.6513,13450.3650,3328.3783,9457.5272,5713.3311,1440.5004,12426.5485,8949.4535,10208.2925,8335.7366,11204.6692,6240.9572,13205.6202,12383.6780,8800.3439,10165.8008,4258.2453,2775.1418,4740.4646,12566.9308,11882.1153,10742.4295,2812.4950,1987.3048,7746.0987,12795.9280,12599.2247,10943.8092,11449.5561,6387.9369,6113.1730,11537.2496,10985.4818,6432.3536,4719.3138,4866.7553,4488.9677,3326.2100,13779.9890,9218.1441,10102.7126,9930.1379,8074.9198,10105.2525,10869.8256,11554.9432,11048.0994,13357.7058,10911.7868,1521.5064,6205.3208,13774.7262,13335.6623,13334.2749,1351.9593,6493.7320,13118.7094,13005.3164,610.1340,12661.7154,0.0000,5721.3055,4507.4565,12231.5514,9573.6262,12139.9254,13462.5613,11592.0926,3509.4866,5021.9479,11949.3852,5070.3640,367421.9833,373989.8410,364580.6054,370485.4753,365683.8258,363199.1656,369537.8112,370703.0366,362449761.3152,362453804.7847,362466557.1856,362468022.3358,3037.8079,4927.3753,6790.4106,10177.1316,9196.8167,5594.9898,8660.0827,6264.8441,11869.1284,9304.7263,13044.8172,8819.9163,8487.2674,11991.4279,11818.4014,2630.0060,9328.8856,13589.1744,7691.2486,13766.3301,1651.3145,10553.5517,8287.6001,13014.1476,12931.2277,13681.8772,11224.1190,2717.7201,13036.7400,2448.6457,13610.1477,9985.2666,13715.4804,9858.2412,3339.8967,10096.7127,12344.3865,8905.2036,10094.6564,11335.7916,5941.1636,10540.4123,1960.6087,12791.1785,12120.3606,13803.7201,4716.6055,5108.2238,11482.3895,10692.5540,12324.2147,9997.2767,1604.1926,8531.5031,12858.4809,9293.8215,9145.3017,10830.6844,11237.2910,8221.9010,10010.5395,12956.8983,12218.6007,7549.7966,12621.9745,5922.2819,11977.9067,10748.9617,9275.4217,11766.4735,11097.9443,13203.5741,8562.7620,6063.7455,7662.8117,11222.7206,7827.8137,5481.5240,9519.1106,11442.3861,7424.9273,0.0000,11821.3717,13401.7260,7495.6617,13412.0956,1006.0471,7429.7746,4743.0594,12646.8465,12969.9262,10286.1964,9857.4941,371542.6211,378917.6548,368904.6535,374713.6363,370104.9654,367606.9611,374087.0578,375153.2220,362453011.6233,362457054.3986,362469807.2114,362471272.4436,5435.5520,6266.1038,8086.6351,10855.6207,7624.3691,6323.2314,7296.6138,10628.7125,7583.6947,12791.4145,9897.2603,8690.3592,12279.5365,10124.2187,3690.3972,6819.5520,13602.8515,5009.4871,13547.0446,2330.9977,9360.9528,9571.1972,11659.6631,12545.9924,12791.2404,9688.1628,5531.0584,13476.6150,1028.7708,13697.6951,9497.3983,13259.4072,10989.0237,4300.2975,10799.1260,13216.6741,6801.2211,8447.0915,9350.4363,8349.5945,10580.4902,1097.6587,11329.8338,10412.5734,13617.1513,7365.4725,7635.9773,11173.4376,12154.1512,10805.8484,7710.8033,3919.8821,10083.0547,12723.0428,8093.7941,7947.7489,8613.2350,10214.4302,10235.3627,8600.1150,12853.3280,13062.2488,5027.3381,12292.4489,4670.2402,12194.6723,10310.9460,11255.2935,12912.3576,9155.6255,12044.6255,10354.7312,7359.1644,9949.4853,9315.8278,6933.8757,8102.2178,11429.4230,9683.0457,7801.8326,0.0000,11557.0290,12262.2859,9601.2726,13784.1482,3885.5314,9742.4757,4219.4875,11781.9017,11633.5768,11920.3742,9052.9628,370436.7792,377714.9188,367773.5266,373620.6131,369001.0287,366437.0092,372878.1272,373994.7418,362452942.8195,362456985.6638,362469738.3080,362471203.5880,10438.7687,10951.2579,7362.7567,9048.8938,7207.3407,2187.6355,13005.4676,6519.5455,10645.5768,5362.8310,11812.9571,8990.8499,12090.6865,7268.5621,9365.9601,12003.1151,7381.0380,13377.2862,6109.3979,7261.0585,5096.8626,12629.1166,10421.1999,12770.4806,12535.5835,6316.1327,13346.0058,5844.1477,13261.9289,5972.5484,13508.6268,6957.7181,1660.0542,12589.8129,12914.1924,10679.0142,11841.3688,10280.4358,8510.4895,6687.5159,5109.6162,12520.9113,12057.2125,13130.2484,7417.9279,7946.5552,7957.3622,11849.0517,10421.9741,8854.1368,6306.8202,11209.0914,13851.1545,11862.0041,11767.2999,10205.7069,13046.1250,7105.8148,6876.2215,10505.4591,12970.2809,6625.7622,9755.5952,3065.0716,8913.9717,6943.8330,9096.2465,12393.0364,11739.6074,11613.9694,6739.0447,2471.2862,8272.9794,11809.7240,11048.6923,7474.0812,9639.9769,12206.7112,2836.7810,0.0000,13543.4167,12736.3379,9723.5020,12758.9811,4548.0657,7803.8816,1822.9644,13578.3245,11780.7711,11238.6881,12450.2329,366876.8394,374377.3180,364268.1041,370059.5779,365478.5286,362987.1263,369492.0837,370536.7519,362457649.8919,362461692.7757,362474445.5458,362475910.7557,6866.2013,12386.2917,5901.1234,9588.7218,11498.6067,7240.9316,11187.0431,13424.1136,12862.5702,3085.6076,13832.5656,8408.9320,4454.9315,7900.9433,13067.6539,8122.8708,11439.8700,5430.7889,12385.3653,12506.6541,10180.3225,13377.7912,11563.4696,6520.6409,6990.3644,10751.2481,5611.7196,11588.9435,12952.1332,10945.6084,13131.5494,9352.9157,6229.5469,10552.5720,4931.4234,5193.1121,10055.5146,7667.3075,13472.7172,6372.1074,9844.8369,9090.1678,11870.4806,7697.1422,7417.8943,13576.6998,9718.2699,11758.8551,9649.1756,5795.7107,6823.9001,8997.6380,3363.0173,3186.8500,9301.7910,5886.7020,11675.5476,11881.2276,13545.2477,10186.6251,8769.7599,13628.9097,9996.4404,13825.2614,13291.8366,11293.6645,10516.9557,7510.0143,12005.7585,12197.8856,11386.8508,10130.4748,7647.2056,1391.4351,8521.3124,10980.0127,7487.0156,12080.3514,0.0000,7055.2114,10910.2033,7985.9534,12163.2665,7385.4180,10299.5938,9736.5986,8274.7350,11250.6762,10012.1854,3809.5784,373594.6115,380485.2914,370836.5036,376701.0756,371976.2398,369490.2029,375886.9467,377011.2720,362447477.0856,362451520.1045,362464272.7759,362465737.9780,13397.6054,11146.2420,5678.0484,11982.5566,4074.2104,7453.1690,10307.3025,12775.1664,8126.3743,11858.6321,2666.6804,9300.1810,2768.1997,10649.4524,5026.4230,9155.9747,9175.5803,8550.9304,12838.7675,5042.2039,10006.8938,7339.8532,2822.1143,11360.8172,10576.7721,8349.7695,10047.1272,10360.7678,8239.4455,12986.9183,10785.5740,9668.3016,11502.1500,2376.9328,2558.0298,3983.7441,12188.2883,11409.9203,8888.3373,4478.3699,3147.5575,9460.0753,12127.8689,12031.7176,10688.4441,12272.0481,6354.3132,4362.4409,10195.9883,11308.3494,8397.9147,4535.8706,4598.2172,3070.7119,4776.9603,13514.3008,8048.0098,10733.0637,11280.8299,5840.7873,10407.1285,8997.6534,11719.5327,10464.5562,13507.7691,12022.7202,1193.2772,7057.1740,13470.3686,12214.9914,13193.8223,1411.9433,5837.1800,12577.1088,13288.2662,1996.3696,11500.1447,0.0000,7414.6946,6189.2559,12236.6049,11028.2699,10712.7164,13232.1843,9801.3617,5811.1844,5969.4318,12607.3669,5538.9393,367658.7089,374375.2320,364853.9858,370763.0610,366006.8630,363464.3982,369811.1899,370989.7446,362450636.3896,362454679.7204,362467432.1000,362468897.3120,8611.5368,11838.7171,5515.3274,13249.0639,10586.7972,8101.9214,3238.7887,11840.8116,5680.2531,13196.6318,10414.2471,13127.5528,8287.3964,12332.9189,10339.9798,10313.4333,9574.6718,2888.6257,12595.7174,8369.9664,11398.0079,13627.8052,8077.5326,9253.5353,10724.0848,9530.8447,7650.1749,11104.3323,2310.5779,7872.3611,10557.2735,8276.4274,13611.5195,13579.6833,12525.5262,7032.7453,6125.8866,10312.3683,12809.2998,13119.3830,9940.1080,7061.4126,7290.2567,7327.2781,7207.4352,11499.4521,12450.1964,9407.9142,8849.5493,11423.6017,13354.1376,13326.1015,13039.6893,13285.4155,1643.4428,9989.9950,7580.7815,8560.2033,11817.5446,7920.0568,9518.5592,5888.7434,7569.6148,3136.6315,7440.6226,13626.0319,11236.7667,932.3320,5192.3782,4128.5779,13580.3056,12872.9675,6154.0110,3882.8548,13607.7218,6151.9685,0.0000,12084.2153,12067.0700,7002.0865,8280.7290,8365.5632,3785.2029,8819.1096,12741.7005,11827.6803,6303.5784,13102.5661,366367.1243,373708.3468,363720.2472,369446.7102,364788.6539,362513.7272,369060.1687,370002.1567,362457235.4569,362461278.5885,362474031.6123,362475496.6173,12008.2147,9221.4083,10826.0021,12556.8754,13010.2943,10117.8087,5314.6769,12274.5117,11980.8447,4425.4007,11663.6063,12430.6696,11114.9847,11829.8728,5624.0996,13074.1412,9510.2909,12796.0563,13163.4158,13037.7839,10752.8097,3408.4647,9920.1517,6747.2091,11307.2866,12465.3797,11952.6369,10205.0381,7916.1047,5773.4424,8707.4215,9909.0362,9949.7338,12957.5157,1985.8639,12214.6409,6896.1604,12707.5621,12439.8452,12046.0669,2512.7344,1944.4852,12923.0690,6401.2410,13642.2766,12558.0475,4221.4638,3317.9662,10002.1942,8431.5273,8322.4508,12673.6340,9700.3666,7379.7597,12857.6033,12836.8913,8479.3144,11239.2143,13195.2489,10383.1267,12381.5792,12774.3880,6789.0502,7960.2930,11654.0216,13557.5764,8288.7155,8806.9326,5111.7991,11715.0356,6977.7871,3207.7639,6561.5080,11544.5511,10474.5384,0.0000,8951.7710,12981.3621,2767.4798,11102.0005,5357.4756,5357.7317,9415.1396,10942.6759,13310.4931,6203.1331,8106.4401,373869.6825,381015.5672,371176.4794,376961.7277,372274.8758,369909.9858,376392.2287,377413.2910,362449609.3916,362453652.3028,362466405.2792,362467870.3883,8514.0113,9110.9469,2508.8386,9637.4137,9942.7912,11447.3479,10106.2807,7057.9007,9316.1473,3160.6896,11216.2185,1948.2279,11557.9548,8333.1769,4756.3519,10124.0496,8126.8818,9129.2173,9394.7719,8246.5760,10627.3146,13014.5697,7159.2982,12200.7742,6481.4263,11083.0692,10810.2531,7617.1728,12818.2226,13595.1150,6409.0420,7794.9464,4274.7698,12428.8292,8269.6064,7187.6649,7793.9398,6868.4831,11461.6116,11820.0875,12032.7724,7953.7031,13863.0281,5704.8709,2062.9434,9560.3753,13215.9720,12120.4839,9036.5207,9007.3892,3798.2084,9828.9209,12111.9715,3779.8310,9958.7657,13545.8258,1419.2178,8907.8860,4420.4549,9883.6933,7069.3566,13151.2561,13753.8354,6459.9610,7730.9195,11704.4376,8966.2568,12783.6611,6550.2436,9300.4883,12142.8829,13308.3973,7262.3870,7572.7146,0.0000,11666.1271,8728.9699,13048.6252,12525.9963,9062.7958,12562.0937,5795.5979,10306.1985,7365.2570,13761.8281,10085.3718,364850.5586,371943.9124,362137.9554,368019.5977,363359.9831,360769.7029,367169.3921,368324.5003,362455736.6157,362459779.7854,362472532.1887,362473997.4512,13511.7347,7336.6933,9705.5030,3328.7292,12365.8036,7570.1731,12706.0067,8475.8208,10658.2268,11014.0728,8965.7241,12819.6856,7585.0595,7343.8067,3016.7082,12844.0812,9571.5167,12537.4625,13282.0731,6828.7138,12626.6185,7552.7100,12535.1833,5432.0315,13144.5185,5018.7522,3360.0744,12564.4107,12078.3624,11940.5307,12792.5045,10971.9260,8258.2968,5471.2369,6868.3291,12839.7460,12611.4967,12480.3398,7343.1609,7869.0120,7024.6995,11016.3154,10604.7339,9908.7554,7370.6669,11003.2152,13649.5386,12805.3807,12729.7126,11141.4952,13618.9632,5458.1457,7270.0842,9445.9140,12211.6414,8198.4803,8826.0674,4821.6054,7539.4321,6215.5145,7692.5579,11469.1998,12613.1277,11485.4889,4885.8765,642.3704,7197.4510,12645.4735,12089.0222,7074.3449,8347.1049,12969.6317,1824.3109,0.0000,13661.7935,12734.4101,9263.6593,11788.8956,5612.4608,6671.5353,3910.5439,13783.1075,11855.3871,10289.1067,13177.7826,366069.0197,373585.7922,363464.4431,369231.1830,364643.1479,362210.0891,368737.0020,369745.9610,362458526.4607,362462569.3998,362475322.2479,362476787.4027,10248.2021,9832.4859,13511.3752,6839.2707,11804.2509,2769.3844,10568.2269,6692.3536,9145.8838,8705.5448,6491.7466,10959.5753,10535.8878,13550.9745,3930.0708,9769.9508,5770.8396,1542.6855,12162.5323,7676.7426,10572.7292,7390.6563,11995.4989,5432.4161,13182.8206,12804.0978,7299.7239,8865.0416,5047.2012,3009.6276,6326.8315,11849.8852,12389.4731,11133.1492,3642.4573,3461.4207,7071.2138,12276.0695,11993.3461,11530.9198,10212.7517,7572.1803,7693.8173,11441.7473,9787.1917,4831.0017,4217.3307,4394.8217,6197.4576,1831.4727,13409.9663,10391.7362,10220.3335,8575.2517,9362.7057,10502.7578,11782.9201,11747.4467,11773.6931,12661.5757,9670.3229,3258.5103,6906.2246,13529.9190,13616.7795,12676.6095,3137.2611,6041.1418,12566.8625,12203.5935,2355.6034,13208.7885,0.0000,3932.1000,4803.6216,11294.3149,8720.4580,12210.9065,12883.2702,12306.5063,1944.2409,5856.6470,10829.8191,4002.7208,368504.2367,375027.6565,365652.7258,371545.3713,366725.3609,364285.4049,370630.4798,371776.2666,362448645.9905,362452689.4732,362465441.9478,362466907.0607,8133.6993,8298.2717,12658.9547,8259.0168,8146.5237,10424.1659,5344.2758,10120.9503,4320.7455,11226.9852,9399.0782,2469.6058,8631.3756,8495.5459,7579.6441,9096.3352,9699.8976,11023.2275,12778.3785,8394.4641,11761.3492,4175.0686,10971.3860,9182.3747,7442.6696,13488.7616,13331.9773,8470.8535,9515.6005,4930.4704,12588.3225,6124.4846,8211.5862,8327.4919,7774.6853,10955.5768,11985.0502,12258.5492,5813.9582,13689.2023,5068.0841,3503.0859,10340.9216,13638.6568,12488.2566,10729.7024,10714.1245,5139.1960,11124.5626,11124.4729,1417.9154,8400.3848,13378.2254,3494.4456,7129.3325,4143.0300,8005.7830,4791.2891,12391.0901,13434.4647,7994.4170,7120.8668,10508.7294,7877.0632,12302.6438,8020.9084,10990.0425,12093.8670,12653.9061,8661.9023,5993.4891,0.0000,12461.3102,8751.2886,13148.4753,11823.6731,9453.6175,12016.9380,5563.3051,11068.8795,7175.8110,13463.4870,11559.3066,363046.1680,370217.7903,360352.2891,366209.9733,361561.1219,359008.7868,365435.3807,366557.9868,362457826.8296,362461870.0415,362474622.4960,362476087.7201,7594.9399,12948.3427,3106.3860,8814.7228,13632.2391,10402.2087,2659.5116,10890.7611,5674.3773,13381.0479,6061.6264,8141.3691,7009.5005,677.7932,5009.0899,10527.2549,13081.5113,7522.2849,13058.4606,5818.9926,6095.1996,6217.5579,6663.7016,11605.1676,11686.7569,8438.1509,11891.3584,11323.6128,7784.1331,12464.0765,5140.0817,12959.2877,7445.4003,8304.3712,4941.2450,12687.2163,12724.2604,3785.9695,10056.4878,5511.8155,8988.0240,13382.6639,12229.5064,8891.7691,12323.5648,12397.1263,8954.5790,10957.6544,9414.0185,6946.4084,662.6947,8728.5123,10532.5773,1499.4741,10456.6966,3007.8553,5046.8562,9488.8768,8833.6562,9954.4354,4379.6444,8753.9763,9944.7554,10731.8810,9795.4888,13057.0556,12230.1712,9502.7124,9859.9994,8680.6980,0.0000,10365.0511,6019.2002,11945.1745,5347.6110,12735.5381,10661.9838,10987.4013,9107.7051,5499.0760,9949.6984,12169.5071,361402.2181,368311.6757,358643.7125,364444.8178,359691.6494,357368.6690,363822.8498,364848.8994,362457502.3172,362461545.8905,362474298.5479,362475763.5464,13021.3146,4889.3498,12807.2174,10571.5312,11884.7621,8788.2279,10748.0774,11222.1871,10007.9595,7275.9367,800.4368,12307.3951,7615.6338,11336.7817,13648.1226,8656.1170,11014.8182,10065.8795,10754.2461,4965.0664,11806.6041,1828.5418,6462.8373,12371.2394,10491.5434,13173.8852,13533.0923,11255.6808,8832.8663,3700.9696,9525.4942,12461.8898,12604.9172,10738.4284,8402.7775,8788.1612,5355.4012,9834.5883,10159.1965,10830.1019,9552.0271,10972.7849,12719.0010,13678.6457,13643.3948,11783.9425,13814.3349,4141.5877,7665.2447,7170.9572,10748.5976,10025.4083,6830.3860,7309.0828,4943.0233,5148.2981,6204.6625,9901.6429,13124.7764,10483.9951,3062.0961,3344.1025,6645.3314,13095.6455,13277.1194,7766.9569,6895.5557,13311.8103,3291.9968,0.0000,13280.4538,11871.4473,9247.5799,9704.4783,8091.1526,6177.5658,6827.2235,13333.6924,11139.2134,9055.4265,13760.9863,364430.9170,371862.3435,361804.7687,367549.9900,362926.1496,360576.3283,367115.1038,368087.5117,362459275.2102,362463318.3168,362476071.2189,362477536.2867,13479.6399,8773.6759,6292.2890,9745.9071,12000.5055,10318.5777,9978.1348,7522.3326,13335.4977,12658.0630,10005.5938,13051.4269,10929.5488,6767.8273,7733.5737,8648.4429,7985.1581,9913.0963,13716.6710,9616.9081,12874.2737,10864.7319,3347.6463,8287.0385,6807.5078,6038.1307,11056.0397,6983.7470,13795.3993,8600.3962,9813.3228,9458.3197,10502.4168,7595.1747,7111.7461,13821.9107,7495.2702,12296.7896,11212.8620,7257.5525,4675.0965,6983.3628,4094.4026,4034.1498,10601.5252,5229.5869,11157.0958,13054.5968,13012.0803,7853.8759,10878.8154,13457.4817,11829.8234,13531.7856,13833.4960,10125.0424,8296.7419,8368.2855,11945.6790,11818.8640,12170.0877,9229.6977,8426.3494,3218.0217,8183.0478,9603.4239,8008.7437,13009.4358,0.0000,5020.9118,10500.7880,6596.8555,10503.0766,8776.6779,9561.6100,11493.1917,7184.5360,11282.6930,8016.0249,3280.3475,373951.2422,380734.0642,371167.1065,377011.8124,372246.1903,369844.9346,376249.7703,377340.0238,362446501.5635,362450544.6891,362463297.4552,362464762.5754,10910.9788,13055.5686,11515.1423,4664.0989,11332.4242,7903.2897,12693.3383,6197.2020,5512.7496,9540.5052,3278.2794,7828.8050,12333.7565,11863.7119,8708.5020,12521.6610,7610.0719,4908.8309,8611.1616,3852.9648,10104.9461,12224.1619,8952.2370,13039.7279,12805.5642,9531.0568,11326.7115,3084.0259,12237.2220,9886.3420,10499.3381,7208.5879,11387.5794,11541.9066,2838.0382,9757.6561,7530.1945,10087.0195,12475.4306,11945.4780,10609.2946,13474.4426,13508.3228,10521.5105,12618.4795,7178.7032,7076.4026,2568.0891,9300.9979,10769.1379,2597.9524,9567.8926,318.5749,3992.2083,7806.4125,8902.2298,11773.9391,7075.8960,6302.8671,7761.5063,9092.8178,11659.8335,13774.2703,10773.8739,8082.1217,11785.9928,6664.9895,0.0000,11871.1676,8718.0616,11033.9513,6594.2305,11487.3149,8895.0724,9785.4388,11202.6885,8080.7860,9329.6202,13364.1331,361760.2174,368892.8916,359057.9254,364825.2339,360122.2127,357813.8953,364312.9476,365300.9310,362459026.1660,362463069.5917,362475822.3718,362477287.3723,11010.0955,4774.3884,8856.3122,7025.2295,7041.5705,11014.2211,8497.0667,12968.6609,2504.9950,8573.1687,4994.0844,2560.0787,12606.0809,8995.4290,10337.8614,8127.2472,10354.7271,6004.0769,12674.9851,12148.2185,9435.0805,10280.5920,4766.7570,3688.5828,3702.6529,12818.1271,11079.7767,10800.4052,1923.6535,830.0476,7370.0925,12991.3223,12840.7452,10046.1273,11661.2478,5253.5874,5334.7103,11763.5593,11457.8370,6792.5624,5661.8550,5793.1732,3667.9607,4349.6303,13554.2873,8300.1411,9305.2473,10098.9159,7610.3902,9204.9596,10392.0382,10783.8812,10158.2823,13265.7698,11025.0617,1598.8624,5171.3143,13452.0088,12936.4404,13345.0419,1359.4000,7303.6136,13254.3084,12966.1986,1273.9793,12075.7818,0.0000,6418.4265,3737.2271,12516.7216,9299.6642,12183.6861,13434.4526,11217.6480,4000.6299,3962.7725,12095.3410,6055.0207,366312.2200,372911.4470,363477.9872,369380.0205,364585.6968,362099.2030,368443.1189,369604.9949,362450877.8138,362454921.3045,362467673.6917,362469138.8399,9075.8556,13773.5019,8002.2911,13262.1361,1541.3670,11718.5301,10055.8540,12458.1245,13562.5173,13379.0411,9888.4894,3224.5469,12344.0213,2674.1759,13152.9775,11543.1523,13079.8026,11289.5246,5811.0099,8431.7837,11684.2090,7634.0924,8625.8808,11325.9616,5625.5783,12050.4418,3048.4451,12191.0273,11471.6670,13454.9299,4842.1026,4909.0934,12724.1340,10056.2215,12635.2269,10252.7221,1498.9727,7223.9937,11672.7945,7399.7657,7233.6011,10683.0869,9613.1589,9396.5729,11168.9088,13602.1947,11455.8810,8199.6669,13462.6294,7713.3619,13057.2066,12159.9814,9794.3792,11213.3378,10181.1062,13278.2775,9922.5797,8264.7147,8150.8279,10319.0907,5670.7385,5841.1065,9803.0135,10406.1386,9506.5777,0.0000,10270.5504,12972.6320,6910.5899,13197.7759,3274.8150,8110.1075,6860.0920,11417.8366,12846.0715,9881.2792,7895.8542,373195.1107,380414.0830,370518.8023,376344.9787,371698.5556,369206.1748,375660.1047,376744.2206,362450457.0908,362454499.9059,362467252.6986,362468717.9246,11374.9803,2528.2361,10711.0394,8497.3246,7020.8717,11987.1401,6608.9566,9977.5181,8574.4622,5554.3704,11046.7371,12195.2359,7393.2625,11522.5922,8919.7720,9964.8461,12443.7001,9358.4726,11428.7493,12961.3251,3658.1719,5024.0271,3480.3481,12509.5576,10372.1146,7771.4898,6111.5866,4843.4961,10831.9618,12140.9943,12194.4532,9809.3884,13448.7747,5977.0047,2287.0925,9770.0950,12466.6083,10546.8423,6563.5117,6559.8582,2234.5767,7361.7586,13274.6692,6270.4536,10805.2276,12809.2622,3333.9229,10100.4587,6922.9642,11329.4870,9259.0925,13782.5831,13307.7649,3709.2674,7508.6778,13079.0916,10990.5993,13363.8294,3862.4850,7243.2173,12596.8582,13740.0629,4606.2660,10001.6174,0.0000,9736.6792,7573.1849,12898.2123,12225.3088,9895.7408,13277.5268,7972.8724,8240.3348,6676.5975,13581.3085,7736.6553,366538.9561,373427.0004,363776.0826,369682.1549,364974.5027,362385.8053,368748.6222,369930.5375,362452791.0339,362456834.2707,362469586.6270,362471051.8847,12150.4960,3611.5776,13820.0702,8348.8082,9173.0990,6894.1994,3252.0232,4521.1594,10155.6611,13181.1843,5199.8238,13685.5006,3420.7171,8362.5102,4526.3748,7504.8226,12699.7958,10186.1343,6289.6344,12096.5014,11102.2962,8932.2809,11935.5939,7234.4340,13686.6541,7413.3512,8495.5621,2813.3081,12457.9252,12364.8761,6212.6103,8399.5193,7051.3061,10395.8255,13616.6711,11007.2671,7028.8567,11852.9969,11945.5603,10000.9868,10105.5708,9456.0100,9107.0969,2622.3743,6607.1745,11964.9426,4113.5088,12068.5539,4738.2808,7417.3780,8818.6982,6884.9314,10137.9481,5247.3166,9058.6216,11119.8832,10240.2525,9957.8173,12657.6897,11960.5227,8604.5283,9804.7101,10346.5739,0.0000,8855.1271,5765.2013,11051.3935,2844.1702,13262.1660,10316.9938,12412.1247,7963.7001,6091.7208,8476.9581,11382.9273,362863.3121,369648.9305,360075.4579,365869.5822,361078.0159,358810.2993,365259.5159,366270.7247,362455521.9874,362459565.6154,362472318.3380,362473783.2872,12050.0713,7062.8206,6523.5504,10793.4236,8590.8554,10450.2036,10151.5171,7621.0804,9791.9591,13196.4504,5811.8448,12660.3754,7978.7428,11498.5715,11639.0458,7358.5636,12122.8660,13660.6152,5075.0246,6822.1174,5140.5323,11796.7170,9620.4273,6004.3589,8175.8445,7061.2204,12071.7523,11157.2354,11335.3831,9456.3454,13690.9062,7068.4865,3059.3823,8465.3961,12524.9227,11998.2560,7821.3857,7763.5297,4235.5211,9114.4428,12361.1664,5581.3311,11188.2235,13544.4052,1051.5533,10313.6829,4714.3142,11144.1961,8609.8915,13273.8974,13781.4744,6055.6843,8848.2771,12125.2701,9326.5563,12646.8883,6206.0421,7883.5332,11641.2081,13376.5101,6881.3344,8387.8823,0.0000,11180.6351,9362.9544,12512.2728,13077.3177,8271.1687,12463.9691,5792.2884,10115.7950,8288.4415,13640.8740,9019.6006,366717.6636,373795.5817,364002.1775,369890.9994,365231.0727,362625.9538,369017.7129,370183.7498,362454136.7446,362458179.8424,362470932.2569,362472397.5417,13599.4545,10063.8960,11436.4282,5199.4377,6024.3651,3330.4169,7812.9486,13287.2153,3290.6846,13494.1348,1380.7178,10663.4137,1231.3584,10104.0477,13699.5604,8108.8407,5151.0072,10514.7823,8994.9105,8596.9119,11850.8651,9984.7695,13716.3162,5709.5423,6906.3181,822.6757,12581.8293,12329.4005,8962.8409,7793.7013,7565.5888,10370.1795,13468.1084,9884.5494,3791.8959,9661.6028,9790.9236,9424.8609,7376.6159,11085.9402,10554.2502,5879.5219,5226.5291,12177.8662,7023.4256,13116.5923,7955.8306,9912.7124,9930.0926,6236.4236,8413.3883,5472.0676,11011.6356,12874.1186,10997.5743,8213.8209,10782.6338,12298.7756,9445.0910,7801.9971,12373.7887,0.0000,5852.2359,4250.6370,10745.0783,2873.5121,13624.3559,11226.1729,13471.6935,4891.6025,5613.2036,8300.5109,8939.9876,365185.2941,371764.4052,362347.2878,368171.3936,363334.6203,361053.7650,367460.8780,368507.5476,362452050.8376,362456094.5022,362468847.1709,362470312.1299,10847.2949,9531.0118,12462.9524,13247.7803,13408.0199,10186.6409,3574.7777,12966.3520,1356.7057,13556.0944,10658.3295,13412.0942,10935.9349,4628.0560,9588.2814,12407.7986,7647.0998,8923.9367,10833.7853,6481.9843,11353.7848,1537.7196,12181.1084,11397.5381,13722.4733,5481.3643,5706.2702,12085.6166,10914.7644,12138.4520,9510.4010,1722.2520,8423.9547,12370.7815,8025.5009,7863.7150,10176.4549,10219.4214,9397.5002,10228.0552,13363.1878,12222.8367,7141.6541,13048.6932,6389.3162,12666.0493,11381.4114,10161.2146,11952.9780,10142.4599,13025.2203,9768.2140,7447.9900,8587.3226,10288.3752,6473.9309,6376.6463,10281.7355,10491.6763,8532.0182,0.0000,11096.2985,12985.7116,7868.0744,13556.4463,2588.0763,8444.6595,5519.1146,11906.7976,12637.6318,10661.4105,8705.5616,372163.5385,379446.8280,369502.6874,375331.4090,370705.0130,368185.7837,374642.4806,375733.1566,362451732.8476,362455775.6458,362468528.4006,362469993.6496,7788.9449,8107.0019,5471.8246,8009.7748,10339.8038,11813.4021,11794.4786,10041.4689,10531.5818,2590.1603,9999.8064,7841.7499,8447.0554,13558.4901,12432.3051,9899.0698,10486.6371,5397.2104,12829.5346,4290.1602,9816.0052,8116.7832,7983.3741,9641.7107,12396.3512,12648.3903,3550.4209,13086.5991,4216.3478,4997.9972,11488.3919,13724.7843,12002.2537,11734.9547,11746.6743,6149.1268,11589.7739,10441.8445,1055.0603,6312.6680,12563.2087,5800.7540,4886.8075,5748.7869,5912.0913,2712.6742,11631.2196,12575.4163,8801.3411,5904.7640,9673.5107,7878.2283,11946.8779,8761.4126,12148.8601,12292.5306,11906.5966,9286.0384,5759.6796,0.0000,12431.5443,8000.3648,13146.6145,10417.1780,10500.4275,11667.0852,6884.6628,10947.3028,6379.2040,12828.6129,12308.4763,361563.6024,368709.1849,358862.6840,364701.1576,360034.6840,357541.3053,363982.8143,365074.8832,362458878.1779,362462921.4979,362475673.9988,362477139.1617,12575.4395,8183.8588,11678.8286,13664.6443,7994.4512,11027.8008,9677.0546,10924.0515,5554.7558,12014.5079,2139.2718,6049.4047,12046.4063,10382.4119,13096.9309,13478.5244,11556.0425,8171.1097,4428.1113,9123.7041,12711.7674,12815.5731,10994.4562,7704.9532,8108.7087,6048.2279,9506.0403,10605.7317,11069.1977,8979.7636,10484.6731,12711.3993,13500.5065,13456.7888,12013.4279,13747.8816,3526.9562,8103.5215,7718.0005,10620.4285,10099.4105,7453.9113,7293.4726,5584.9552,5808.4446,5738.6755,9717.9787,13226.4222,10921.9113,2513.6399,2889.3315,6011.1764,13206.5933,12993.6610,7054.5918,6463.8636,13404.9371,3419.6934,0.0000,13176.8397,12181.0424,8660.9924,9877.6517,7512.0543,5515.7024,6653.6103,13393.3228,11516.0488,8691.2086,13568.2364,365193.4097,372640.1050,362571.5468,368314.1043,363693.8804,361345.3841,367887.2151,368856.9824,362458817.3723,362462860.4397,362475613.3679,362477078.4390,6822.0174,2611.8037,4580.0797,13533.3653,7804.7143,11880.0846,6445.2052,9853.3018,4189.4599,11891.9850,12934.1448,9844.3947,9366.5283,7121.1703,5917.5482,4223.1950,13324.9538,10244.2352,12226.3774,612.2788,2016.3285,5413.8496,13625.0739,13474.6594,8960.8161,11241.1804,4335.3260,6374.2809,12998.9472,11861.8546,6148.3572,7608.4736,7749.4722,4931.8643,5678.4538,13215.2273,8223.2608,7550.0107,9280.7400,8935.9374,7636.7170,11201.6464,9421.5105,9384.4132,12806.3478,10244.2588,4083.2595,3241.9563,13006.1946,13083.3393,13272.5391,3848.5199,9178.7868,13689.8526,12495.8405,3692.8529,12060.3548,0.0000,6661.9281,1279.4907,12800.0431,7647.5142,13208.1384,13369.4698,12031.8415,3935.3997,2131.7135,11670.3393,7635.7910,364611.2751,371176.8137,361768.1248,367653.5954,362840.9465,360408.6067,366764.2759,367899.3096,362452061.6249,362456105.2333,362468857.6524,362470322.7421,4981.1155,10386.8081,13108.6411,7997.5588,12861.2449,6279.7644,5669.0905,6454.1855,6833.4163,11417.8498,11953.2106,8938.0212,11641.8110,11160.8908,7302.0946,12663.2775,4906.3762,12758.3686,7230.1345,8027.7155,5326.0734,12821.2841,12878.4940,3405.0005,10500.9614,4959.4772,8473.3401,13330.6262,12513.7358,9168.2225,12243.9623,12315.5123,8493.4722,10947.5192,9662.2190,6369.3322,1214.9094,9206.6314,10073.0541,1109.1369,10075.6186,3118.7908,4617.1419,9865.3639,9333.2521,9678.8096,4024.1927,8972.2196,9849.6016,11019.9707,9524.1836,12993.5810,12403.3402,9905.9530,9638.8378,8453.5856,0.0000,10547.9252,5891.0252,12224.4478,5914.3088,12654.3371,10927.2741,10684.6699,9164.9109,5171.9395,10389.9521,12170.1567,361176.3545,368096.2388,358420.1036,364227.6265,359480.2991,357137.9630,363587.8430,364623.5320,362457715.4223,362461758.9866,362474511.6141,362475976.6291,6745.8954,13861.4138,6419.3940,12973.8179,4571.1100,9308.3342,2735.8728,10600.8418,13264.9778,9997.4861,8104.1892,9247.7095,8029.5637,5830.1586,13213.7976,9199.8815,13198.4818,3208.5099,4528.7173,3256.6051,13632.7625,13488.3208,7811.4392,10329.4884,4645.6127,7895.9968,13679.0146,11776.8822,5842.6743,9376.8125,9509.9799,6850.6092,7277.7961,12248.1944,8441.4943,5531.6206,8146.1354,10277.5522,5986.2854,11809.3294,7746.6810,8584.5257,11709.8907,9025.9649,6517.7456,2447.9350,11958.1636,12749.3952,12557.0205,6295.4794,10738.2019,13487.5140,11402.5205,6113.4043,11712.1004,0.0000,7174.8134,1346.0180,12492.3778,5615.7621,13685.4076,12659.7021,12523.7338,4937.4189,2443.4884,10701.3292,9131.3018,363446.0734,370039.3628,360609.6966,366465.9999,361647.2684,359281.5568,365664.1267,366757.1177,362453334.7223,362457378.3952,362470130.9019,362471595.9288,11805.0953,8948.4470,9681.8050,8689.9570,11912.9629,6787.5340,13524.6626,12255.1667,7898.0281,9982.1128,3616.9641,1630.4819,5873.9608,11905.9468,12544.4104,10289.6111,4128.7947,3387.8207,8325.2876,12174.7137,11932.7995,11765.3367,11019.0036,7614.2280,6897.8947,10864.8105,10160.9641,6218.4756,3377.2100,3538.8499,5430.2435,2167.9897,13701.9234,10044.6727,10925.0899,9686.8748,8382.7050,11009.6417,11082.2334,12252.7799,11828.9269,13169.7304,10667.3944,2218.9544,7424.7531,13814.1603,13412.3060,12982.3445,2198.0831,5254.4994,12576.1889,12774.5282,1506.6415,12985.3251,0.0000,5014.2638,5652.2557,11575.2891,9914.1722,11674.2950,13146.7030,11654.2074,3476.7385,6300.1644,11563.2125,3715.6436,368856.8007,375428.1315,366017.0551,371920.3688,367119.4750,364636.9166,370976.7722,372140.6286,362448660.4072,362452703.8206,362465456.2573,362466921.4130,11941.4437,4765.1307,12882.5016,10947.8030,13403.3684,9333.6323,4952.1903,8726.5659,10898.4950,10130.4964,10827.8904,12637.0582,3396.5760,10988.5472,4537.6625,13397.2981,12949.3004,13348.6363,2087.4915,2498.4418,12003.2660,8782.1178,13335.3112,11696.5167,1926.5128,6518.0842,12154.0199,9693.0498,9557.5633,12292.2927,11336.0692,6793.3860,11469.8975,12896.6281,10772.9690,9689.1703,12874.9692,8000.9990,11922.1253,11525.9893,7413.9202,10128.7661,12105.9639,13777.0836,7460.2346,6414.5011,5542.7793,12197.3980,8151.9752,2997.6925,7591.4138,12253.9319,8283.0857,0.0000,11221.0760,13762.3416,5123.0148,12528.5452,2193.2544,5408.0539,6756.5204,12586.3415,13623.8538,8304.5205,9854.4952,372605.4430,379956.3380,369962.5171,375745.6646,371118.0248,368693.3289,375192.9559,376220.6293,362452146.5822,362456189.3738,362468942.3150,362470407.4847,13191.9578,2216.4108,11842.4592,4043.2706,9754.8183,13411.1733,5963.8383,1980.0560,11299.1285,9779.9536,10811.5613,9816.3525,10876.2069,13404.9578,8183.7489,9097.1580,3609.7823,10822.1550,10465.7348,10351.4134,4860.8410,10092.5005,12188.6353,12449.6793,7424.2393,3338.8921,9709.6737,9808.3956,11412.3762,7796.5220,9675.8117,12219.6431,7461.9027,2029.2754,13328.2853,8768.9613,13718.3905,8860.4072,11228.6071,7927.2459,3217.7529,10045.5477,8314.3235,9910.9161,12515.4816,8985.0005,9893.8883,10377.3664,10453.5952,7248.9065,9400.3012,12637.7281,0.0000,5238.5047,7132.9753,8390.8070,2571.6644,12778.0813,9347.0277,13703.1108,6047.2856,8409.1441,5534.8169,8674.9682,367694.1454,374339.7578,364874.6592,370669.6035,365839.9175,363610.4252,370045.8503,371054.7771,362450729.0384,362454772.5945,362467525.4265,362468990.3550,13576.7557,10081.8789,13229.1224,11070.9299,4534.5700,10150.1636,12823.5720,6893.9885,8400.7598,9894.0269,7585.2365,11003.6851,855.0517,11561.7968,10684.9910,13601.2454,6620.8232,6855.0207,11630.2275,11601.7275,11333.0462,8410.2054,3024.0218,9313.1282,12441.2085,7787.9852,7631.6858,9167.5990,9995.1344,9980.3957,9337.5027,13094.8256,12647.1356,5905.6844,12649.9860,5502.5523,12460.9925,10846.4074,10854.9624,12473.0447,9384.5177,12408.9790,10214.0279,7530.4471,9438.3838,9542.4193,6437.6478,7435.4268,10989.9197,9832.5927,8241.5848,0.0000,11188.6880,12469.5476,8867.6197,13655.8181,3385.3743,9269.0785,4880.4494,11666.1469,11982.8810,11381.2282,8654.3273,371286.6319,378551.9405,368620.6716,374462.5887,369836.9272,367289.9930,373734.4006,374843.1364,362452211.0687,362456253.8975,362469006.5818,362470471.8501,10806.6873,2524.1686,9497.9108,13559.7518,7690.9466,3982.3172,11206.7985,9736.0139,9583.4808,11167.6696,9898.7285,13757.2051,6927.3905,8041.0946,1446.8542,11985.7742,11718.1560,9063.4594,6723.1420,8495.4020,11193.1325,13252.4406,9198.9080,3950.5636,10149.6839,10264.5833,10384.6044,8023.5270,10257.9328,11056.9340,5869.8820,4140.4274,12736.5004,7189.6849,13319.6479,7716.0112,10056.8669,8914.1732,5051.4155,9400.8658,6495.7679,10244.0571,12530.9594,10108.2109,9217.3250,11070.2161,11613.5704,8390.8679,8802.9777,12226.8667,0.0000,6080.0028,5527.7419,9948.7559,1653.9808,13381.5725,10366.8995,13528.9771,5764.1635,6748.3596,7209.8828,9328.7831,365636.0070,372261.6613,362810.1751,368616.2968,363785.0576,361534.8749,367960.2522,368983.2659,362452136.3975,362456180.0327,362468932.7778,362470397.7144,10872.0235,5732.7407,7410.5995,13655.5478,12126.4620,11378.8593,11957.8515,7689.6149,11853.7894,2122.4081,9680.7545,9935.5636,9926.8284,10155.2982,11354.7814,11683.7206,2531.4665,12404.4829,6397.5927,7181.2075,10992.5588,13268.6960,12663.1384,12851.5720,12843.8576,8371.5347,12825.9037,8599.6267,3140.4139,6072.3479,12321.9801,7133.9003,4752.0226,5564.8678,4660.3810,1166.8063,10131.3131,12032.8694,10673.4409,7541.1934,7689.3827,5967.7237,10514.1777,10637.8371,12960.8274,11085.2805,10560.4404,11074.6336,3725.8958,0.0000,13198.9587,9567.8447,12254.1976,10303.5254,9700.9030,10152.7214,6238.0199,12190.4467,8198.5430,11954.1034,13288.0975,361772.3013,369063.2152,359108.2741,364911.8411,360272.0187,357821.0976,364302.5127,365350.9593,362459960.9751,362464004.2184,362476756.8483,362478221.9837,10830.6517,13775.7345,8062.0024,5909.1839,9679.4842,8070.8909,7882.4161,12163.1657,10425.1882,13511.5564,4681.7302,5896.6468,1862.3256,12848.1499,12587.7617,9331.7080,8428.8631,7121.2242,9752.7567,13411.1321,10103.3371,3435.9208,8884.2832,9026.2613,8647.5798,6464.2570,11778.7750,10402.2474,6521.0328,5893.0322,11712.4611,7466.2622,12997.9344,8627.8547,10179.7434,10702.3743,7010.4938,7415.4489,5072.3413,11717.0149,13226.6740,11599.7587,7207.4377,10168.3972,12665.9575,10216.1498,6758.2657,12661.0020,0.0000,5291.2356,3364.2977,11132.2587,4058.3788,13663.4633,11824.7313,13437.5820,3842.2073,4959.2023,8988.7564,8215.0315,365419.8568,371955.7016,362570.9324,368411.6404,363570.0069,361260.3846,367650.3154,368719.2492,362451460.0625,362455503.7295,362468256.3414,362469721.3244,7905.9070,11770.9773,9212.8000,13524.2854,13587.2998,11461.8400,8846.9902,3982.4586,10624.6836,12124.9943,12461.6983,9579.5293,8715.1641,8991.5367,5279.8102,8780.8968,10125.7236,11399.3787,10355.1475,10504.6762,11808.9842,13724.0575,13708.8813,12116.8582,13518.6246,3775.4624,8388.9093,6143.2562,9527.0209,11007.1175,6173.0912,8716.2988,4011.7006,5545.7287,5282.6802,8637.6891,13185.1741,10036.5315,2691.8227,4956.5587,6263.7446,13126.9573,13463.0510,7953.1596,5903.1526,13250.8973,4962.1598,0.0000,12628.8179,11303.2136,8897.3379,8291.0003,9122.6911,5902.6724,8318.4196,12747.6434,10776.8937,8013.9029,13622.2451,364257.5963,371601.0704,361609.7575,367347.5876,362694.3976,360391.5409,366929.7138,367886.9572,362458807.1643,362462850.3611,362475603.2942,362477068.3142,11912.4441,12861.5510,10161.5854,11392.4657,10727.6291,7565.0732,8072.9222,3744.6725,12781.4130,12227.4468,13543.5444,6349.8635,6886.7588,9260.5089,11539.2472,11191.7095,9252.3432,4789.6713,10396.6142,13715.8548,11152.2331,11037.2958,10483.5513,12622.4188,7292.4497,7975.9117,11476.0224,12860.7728,6777.1337,10861.9558,3676.2207,10052.9252,8328.0378,9075.7021,12292.6655,11649.0199,12314.6824,7188.7218,3356.1983,7917.5511,11741.6974,10110.0065,6604.6174,9553.2361,12095.4786,4400.5588,0.0000,13161.4528,13143.6781,8958.5056,13138.4957,2998.6235,7492.4993,2151.9655,13463.1447,12343.6724,10964.0907,11754.5949,368512.2703,375998.9364,365900.8691,371696.3134,367113.5862,364615.5572,371115.7437,372166.3859,362456266.6128,362460309.4364,362473062.2275,362474527.4510,5307.3113,9058.6392,7814.4010,11804.4170,6714.0446,13242.0027,10583.0940,9855.3444,9979.2435,8633.7379,7807.4963,7243.7518,13210.8362,4702.4937,12367.5608,12414.1465,8933.2621,3184.5323,5092.4664,6434.0332,6453.4156,11725.4917,6047.7391,10041.8800,13536.9092,11658.4997,4834.8819,12515.5305,12465.4038,13041.8580,12340.0917,13533.3093,8387.9084,5345.9922,9594.9508,11453.0352,10750.2873,12316.0991,8036.2630,9570.2566,6231.4598,7970.8230,7671.6491,9039.4131,13180.5782,0.0000,3957.2920,9950.3804,5500.3608,8125.4901,10072.5255,8498.4975,12670.8555,6725.7056,11029.0220,5487.5975,5193.3127,372931.7577,379663.8276,370135.4406,375950.0046,371155.5823,368847.1876,375272.8424,376316.4951,362447106.8360,362451150.0890,362463902.9553,362465367.9833,11894.2895,10551.2583,11942.3060,8404.2325,11021.4353,12986.4042,9689.8454,10445.5848,5349.4885,9531.6699,9144.6357,10816.7801,2989.2188,11309.1247,13038.4425,11650.5480,6056.5748,4646.9401,10126.4308,10193.8323,12448.9178,8661.8223,8476.6093,12824.8748,8248.3156,514.9725,13744.7423,9533.8681,13695.9274,9147.8989,11612.9542,6435.8041,1286.4979,11139.0546,9754.1312,8890.8338,11871.9048,7471.5209,11018.0710,10425.8774,9076.5885,5666.2004,10554.2579,12355.2800,0.0000,5975.3102,8778.9247,6835.0216,3626.7959,11987.6339,7897.3567,13456.7380,7433.2941,9884.1451,3690.5602,9055.4708,368862.3328,375605.1843,366067.9089,371842.8533,367032.7814,364822.7350,371281.9423,372267.0324,362450635.7585,362454679.2182,362467432.1480,362468897.0700,2203.5643,6082.6031,11217.4587,12419.9236,7576.8546,6597.8487,5384.0347,10880.0910,11081.4874,10964.7643,12002.8928,12144.9911,8417.1426,5775.2057,8746.8797,10461.7899,9058.8216,3169.2968,3142.8548,5030.6337,4853.4016,13439.7606,9279.4528,12230.2903,11611.3991,6020.3663,11957.4252,8928.1519,12929.6361,11652.0436,13427.3571,12248.7224,3326.1257,9136.1869,13557.3525,12093.0111,12769.0938,3545.1399,3965.7003,11704.5753,13201.1987,3760.3648,11782.0042,0.0000,7560.7734,8199.1656,11451.3051,12097.2204,9576.7536,12823.5357,9462.2343,6833.8423,8126.3165,12465.9227,4566.7256,369834.1083,376610.6936,367045.3816,372952.3564,368213.4923,365656.1467,372008.7855,373188.3031,362449377.3493,362453420.5482,362466172.9771,362467638.2174,6293.3285,11252.1016,12712.8719,9070.1002,5439.4927,4479.8815,9474.3689,11398.4463,11176.6186,12128.0990,11159.9986,8309.8132,6763.4712,9711.6762,9784.8059,7193.2580,2177.9326,2292.3183,5566.8405,2728.1269,13488.8779,10057.4939,11677.8830,10235.0853,7667.3296,11661.9497,10371.0247,12724.0262,12028.4164,13094.6900,11074.7780,2683.1756,8458.6081,13657.8721,12903.5596,12655.9576,2804.2208,3918.7134,11918.9416,12741.8628,2510.4979,12631.5343,0.0000,5651.7839,6979.9787,11129.0114,10815.5300,10638.3462,12797.9938,10856.1918,4825.9062,7381.7409,11638.0229,3112.7471,369857.0526,376506.6901,367037.0696,372940.5516,368162.8430,365654.7215,372000.4450,373168.7135,362448440.8152,362452484.1244,362465236.5764,362466701.7648,13461.9098,8903.9255,10128.4896,3893.7340,3158.3629,8573.8540,13303.8314,13336.2423,7814.2355,13088.7978,2694.8063,2323.5061,11782.6146,13099.5951,9526.8727,8162.7620,8227.5016,1352.3351,7684.4650,13081.0719,5083.0465,8305.8652,11886.6785,5349.3249,7580.9482,8112.6070,9316.7616,7618.3545,13451.7593,12482.1081,3914.0697,4306.0320,12700.3441,11357.9014,13561.7604,3854.9054,9273.6252,13496.1719,13388.8808,4492.0066,9936.4539,0.0000,9479.1307,4922.2733,13505.8858,10313.7054,11652.4804,13488.0356,9288.3616,7293.2279,3549.4870,13246.9660,8880.4166,363824.0144,370622.0043,361037.4656,366933.2116,362192.9144,359661.4813,366027.2017,367187.8114,362454305.1992,362458348.6320,362471100.9799,362472566.1672,11342.1167,7523.1164,13308.8426,13175.7928,11949.4095,1459.0983,924.4871,12229.2191,5841.6433,13789.1885,13080.9844,4919.8508,3839.8051,10537.5526,9955.8186,9861.8704,13340.4784,10926.9095,5663.1475,12726.9928,12198.3355,8283.0560,11753.8432,12596.3007,10334.0888,11464.7107,12130.8138,5141.2734,7452.0587,12655.7840,13648.2172,6668.0333,7765.4215,3276.9110,12694.7419,8663.7937,1479.6971,5047.7674,12557.2171,9636.1692,0.0000,9891.0558,13340.3251,1837.7454,10675.2883,5377.4040,3507.3581,9250.4621,11769.6574,13584.2609,5335.5950,9600.0902,372940.8646,380171.6006,370268.8746,376030.2652,371357.3275,369026.1641,375534.4882,376524.7417,362451110.7921,362455153.7040,362467906.7478,362469371.8271,10592.2453,10434.1037,10668.3507,9394.0363,11010.0198,11309.8480,1810.3644,11316.1398,7275.0491,8772.5104,11377.8735,12694.1749,12227.9202,13440.8057,13442.1407,9707.5497,13162.6147,7340.4876,5027.6067,4903.6243,11286.5671,8857.0477,3893.1268,7091.4186,2885.3198,1663.4353,8775.8037,10851.1403,11598.4964,7796.8852,6332.4262,5860.4635,9490.9175,11535.4694,13530.7223,10548.9850,9233.2445,11848.9628,4089.7008,0.0000,13031.4299,9732.6173,11542.1448,9119.3816,10088.3752,9142.7074,7411.8187,12263.1235,8632.1870,10794.1109,13652.6902,361747.2441,369034.6277,359082.8948,364862.0529,360209.8787,357822.2741,364323.5754,365336.2774,362460088.4185,362464131.7011,362476884.4248,362478349.5042,11932.6273,11097.7092,13775.5949,6450.1494,6760.1693,11327.2815,11701.7036,11419.8720,8581.8955,2972.7883,9560.1480,12846.4610,8525.2039,8374.5829,9471.2040,10624.0505,9563.9714,9125.6055,12966.6788,12839.8845,5948.5243,12477.3571,5001.0490,12176.5665,10494.1197,10614.1326,12581.7568,9911.5474,12541.3742,9756.0587,6845.1164,9189.9070,10060.5959,7210.1866,7208.1774,10815.7796,10374.3653,7617.7223,0.0000,11706.9789,12755.8214,8892.3551,13741.9732,2846.9596,8971.0244,4212.7403,12161.8378,12193.4903,11406.6868,9351.6360,370911.7422,378232.6813,368259.5785,374093.3097,369480.1651,366936.4387,373391.8876,374491.2868,362452963.9936,362457006.8028,362469759.5073,362471224.7742,1416.7388,5949.3196,13570.8007,13424.1646,9192.2116,11455.0000,4382.3489,6005.8659,12781.2967,11881.3105,6373.2950,7217.3224,7356.7919,4480.5779,5407.9188,13375.5315,8154.5720,7982.5148,9581.7399,8572.1971,7994.8007,10993.6668,9760.3805,9531.9722,13012.6844,10539.1633,3497.6022,3610.5693,13181.9535,13084.6314,13388.3731,3261.8786,8814.0970,13683.3976,12709.2914,3139.2814,12070.7518,0.0000,6675.0188,1884.6731,12843.8428,8125.2590,13028.6542,13479.6178,11844.8593,3945.1009,2414.3758,11883.5668,7336.9165,364898.8257,371469.4543,362056.9813,367948.0352,363139.6244,360691.1877,367042.4918,368186.1143,362451842.4722,362455886.0571,362468638.4600,362470103.5657,7159.9627,13325.7371,13201.4350,9542.8448,11923.9194,4527.3172,5046.1136,12151.4066,11925.0653,7104.4985,6446.8755,6572.7610,3375.6524,5108.3924,13570.6756,7837.6667,8826.1225,10301.6612,7564.1917,8662.1448,10308.1899,10357.1402,9682.0107,13354.4171,11202.2342,2185.3583,4471.8131,13399.4440,12872.0837,13524.0394,1960.4356,8031.1084,13541.3296,13085.3397,2072.8322,11873.2224,0.0000,6966.1133,3246.7642,12877.1423,9176.4712,12452.0179,13591.0811,11205.5756,4427.8000,3238.3025,12322.5755,6832.7367,365487.4799,372095.2505,362654.9185,368555.7826,363763.0764,361277.4129,367623.2483,368783.3428,362451595.9709,362455639.4882,362468391.8624,362469857.0062,12638.0814,12420.3694,8341.0297,7946.3078,7306.3140,10324.0221,13582.5829,10202.3183,4553.9590,10192.4460,10314.8337,9482.9085,8011.6097,10787.6743,10197.2926,5131.0943,5495.6170,12130.5973,6332.0003,12916.7269,7261.8183,9352.5221,9730.5259,6352.2182,8753.6220,5185.4820,10640.4293,12550.2212,10894.3510,8554.1278,11259.3670,12304.3982,9298.0583,8206.2367,11970.9756,0.0000,6572.9439,4356.2290,10882.7518,2532.4088,13622.2315,11091.4863,13285.2453,5573.8493,5508.2539,8362.9851,9535.5200,364538.6271,371154.7981,361709.4962,367527.6931,362698.6758,360421.7054,366836.9066,367876.2943,362452858.4726,362456902.1401,362469654.8157,362471119.7706,661.2662,12020.1951,7120.6471,13714.1636,12680.6005,3849.7084,5139.5230,11441.3587,10184.1349,10072.8765,13119.2982,11416.6368,5637.0817,12217.0808,12431.6040,9430.2057,11050.6010,12649.9697,9359.3471,11498.9456,11762.1048,5762.5352,8617.8272,12711.4748,13818.5623,6536.3270,6842.0274,3778.9781,12769.4543,8780.7574,1100.1287,5865.3943,12720.6540,8830.2598,0.0000,10727.5860,13699.4280,3268.4984,11488.0639,4071.4583,3776.6785,8164.2108,12381.6462,13756.6057,6560.7433,10039.9464,372699.6234,380010.8172,370047.3654,375811.5924,371163.5730,368799.6296,375311.8017,376310.0313,362451884.1630,362455927.0125,362468680.0337,362470145.1465,12249.2231,6684.7133,13771.0103,12801.0022,4089.8657,4517.6807,11036.9930,9887.9184,9780.1981,13149.4465,11072.8138,5893.3290,12480.8104,12476.7427,9019.3348,11279.9621,12762.6673,9774.7369,11660.1889,12046.0734,5736.3473,8236.6251,12579.1659,13787.2037,6832.7831,7380.0695,3793.3231,12633.5699,8491.2782,1345.7900,5739.7899,12544.6985,9302.1782,0.0000,10286.5511,13551.7044,2738.5960,11261.2061,4546.8429,3894.3607,8633.7235,12055.8020,13696.5805,6183.7103,9666.1385,373006.4853,380275.9546,370343.9802,376110.1150,371450.7347,369095.1832,375602.5935,376601.6510,362451321.3487,362455364.2183,362468117.2420,362469582.3461,11570.9638,5837.5817,8054.5938,12236.9575,13095.2490,11522.7165,13092.6859,13117.7500,8791.1346,12513.6944,8596.5188,4508.5028,3718.6200,11076.9686,8781.4308,2360.0258,7786.8515,2531.9469,1389.8693,9664.8136,10858.6678,10729.0278,6247.4582,7669.7731,7425.5251,10508.2182,10639.0238,13448.5977,11609.2609,9988.5025,10948.5396,5590.8054,0.0000,12472.1995,8373.9163,12255.8117,8463.5787,11136.9525,10236.2807,8373.4528,11352.5261,7187.5254,11193.2980,13291.0593,360975.2591,368142.7821,358280.3368,364076.1042,359395.8554,357004.9902,363483.8798,364514.2795,362459720.2197,362463763.6068,362476516.2587,362477981.3300,12739.3754,13714.2552,9835.8649,3811.2358,6718.7475,10268.9356,10282.7428,13396.0552,9607.3496,6854.7092,13352.6401,9773.6751,2933.5211,13731.6972,10843.5338,13134.6849,9971.7693,12124.0912,4566.6098,1875.9250,12182.9996,11609.9934,7601.2572,10673.8826,5111.2457,12114.8781,9985.4120,6608.5222,3693.8713,11721.3074,11720.2831,0.0000,7176.2983,10846.4272,4118.3001,6146.2499,10231.4451,5643.3476,12570.1439,9187.5304,11697.7331,1057.3590,9277.5860,370800.3643,377708.4880,368048.0185,373805.2150,369035.7321,366817.7866,373304.3104,374272.3118,362450427.1469,362454470.4199,362467223.4525,362468688.4001,4287.8502,12833.0743,13502.7126,9539.8323,10012.8567,10089.1980,4027.6829,9060.2396,12360.0786,4454.3984,6087.3869,11365.8170,6939.1951,5256.7812,8690.5832,7293.2686,5969.0889,12752.8965,11867.1037,6067.9705,2362.0666,11814.6244,11013.5940,13241.9177,5940.2685,11079.5922,13690.4078,12737.3773,6358.3711,9347.0426,0.0000,10111.5370,4300.8012,13674.6981,8997.3562,12432.6253,13144.8061,9818.2607,7900.7165,2455.8337,12819.1688,10441.3441,361913.5749,368736.2930,359132.3876,365004.5896,360259.3719,357782.1000,364170.4000,365296.3557,362456094.6133,362460138.1347,362472890.5339,362474355.6652,10662.8917,13288.3203,11012.5296,8380.6099,8393.6093,1823.6922,8688.6392,12845.8976,4269.8079,9415.9085,12973.9316,3171.9048,8478.9208,6306.5431,9861.1477,7464.4090,13564.6393,13385.7839,4895.9545,6272.5750,12457.5413,10333.9515,13393.5051,4949.5804,9080.5277,12971.5781,13610.2396,5698.1337,8908.8691,0.0000,10662.4379,7078.6261,13440.7083,11737.1143,10398.0350,13245.7127,7599.8754,8900.2334,5712.9341,13749.8832,9359.2018,364415.5126,371357.4695,361664.9397,367559.7476,362861.6157,360286.2327,366663.5093,367830.1905,362454898.9532,362458942.2457,362471694.5992,362473159.8371,7280.3442,12173.4091,8604.8149,8450.6659,11259.5842,10596.1461,8304.0549,10995.7785,13289.1188,11476.8505,8479.9662,13132.5589,7296.0239,12490.5721,11646.1392,8943.4223,11051.9716,11055.1076,13484.1400,8832.2422,7095.7011,7210.8002,11176.8561,6974.8530,4806.5054,9063.1247,11289.9335,8587.3456,0.0000,10993.3220,13396.9163,6446.9656,13111.1350,1939.9042,7093.0918,6209.3231,12147.0446,13186.1654,9507.4137,9014.1806,372718.9390,380026.0683,370064.6491,375872.9271,371244.0590,368769.3003,375244.8101,376306.9864,362451589.1505,362455631.9370,362468384.7840,362469849.9969,7693.8641,8301.6903,8258.1418,13017.5155,8636.2180,7943.5623,13696.8192,12054.9885,5750.6347,12729.8537,12781.6904,12349.0184,12096.2840,13289.5152,6343.5186,5387.8224,11486.5127,12851.5689,8865.5745,10623.6858,5492.6811,11489.9886,7424.9889,5206.5122,5720.5687,11120.8771,11991.5392,0.0000,6922.3578,11876.7705,2504.8510,9078.3391,8280.5070,5989.6287,11626.4604,9376.0120,12625.1042,4068.7040,7429.9768,373543.9529,380495.4592,370802.7700,376584.6667,371839.4154,369544.5701,376014.3241,377021.1303,362448439.2106,362452482.3036,362465235.2989,362466700.3309,7197.3145,7333.4108,9872.8644,4831.3359,11647.5966,12207.7028,9053.8389,4338.0912,12379.0304,10026.6056,13625.5349,10678.9234,12185.1114,10140.1036,5725.0581,7735.7747,7934.2705,11921.9303,13598.7399,10663.7700,7588.9169,8283.1147,11390.5959,9472.4476,6937.5892,13600.7008,0.0000,2317.7390,5942.7366,9319.5516,5261.5085,12856.7802,11020.3688,13781.4990,3106.3755,7524.7041,7548.9804,6077.0387,368838.1555,375354.7652,365986.4326,371824.4140,366977.2463,364678.4330,371068.0177,372134.0115,362448638.8187,362452682.3748,362465435.0716,362466900.0593,193.3286,7448.3967,2907.5312,13020.3083,11303.8420,12583.7562,9749.1293,8632.2334,12707.9553,10823.2905,13435.0730,12984.5606,12453.6014,10498.0506,4818.5812,10034.0470,13368.4645,12813.3566,11784.7249,4929.9212,1995.5522,10799.1731,12048.5016,4581.0352,12953.5011,0.0000,5207.7979,8508.2286,9836.6907,11114.5178,9844.3084,11981.9357,11009.7193,5588.6902,9069.6772,10773.3409,1502.3592,371803.9815,378490.7466,368994.3084,374884.8618,370112.3431,367624.8422,373984.0325,375135.9686,362447241.5349,362451284.7565,362464037.2990,362465502.4808,7497.4136,3092.1896,12972.9981,11304.5410,12651.7334,9817.0223,8574.2159,12765.1764,10739.4732,13469.1420,12993.0053,12425.9464,10543.3720,4923.3433,10140.3311,13327.3036,12734.3306,11727.3013,5040.3225,1815.1348,10701.8472,12028.0569,4714.0827,12896.0970,0.0000,5340.2380,8646.9136,9772.4142,11208.8708,9704.9720,11920.8186,10909.7393,5761.3231,9183.6471,10774.6407,1600.7825,371899.1995,378597.7182,369092.4759,374982.4253,370213.0710,367723.3753,374083.9875,375235.6349,362447256.0843,362451299.2932,362464051.8394,362465517.0244,7367.9392,13444.1090,5634.0858,9443.4071,12346.7910,4659.9149,8733.5467,7869.9112,10316.2811,8457.0936,13838.8221,12946.4398,3306.8996,5572.0442,13137.0704,11512.4260,13753.0238,3328.3158,8504.3791,13419.5090,13769.3028,4088.7441,10230.7314,0.0000,9503.0752,5831.4689,13492.9535,11158.4211,11253.2042,13682.2864,9035.0264,7473.2125,4711.9184,13569.3822,8349.1369,364807.8238,371614.5959,362023.8969,367928.9265,363196.1681,360637.2302,366995.3174,368170.6839,362453555.4327,362457598.8062,362470351.1369,362471816.3541,13229.1885,11381.3664,11267.7420,8294.5586,9825.9641,11623.6573,12052.2171,12591.6105,12696.6482,12344.5375,9348.8433,4330.8331,8473.8418,13500.6943,13650.5308,12143.1644,4298.1752,4673.9738,11797.8890,11836.1213,3586.8602,13556.9340,0.0000,3114.2994,6455.6208,10367.1969,9258.5035,11611.4423,12396.6573,12380.0720,2820.6725,7496.6369,10273.9036,2294.8145,370288.1049,376831.9555,367442.6186,373330.1877,368514.2741,366079.9891,372430.5417,373570.7322,362447409.2182,362451452.6226,362464205.1537,362465670.2715,10717.2336,8937.1218,8689.2469,11899.9191,9260.4583,9507.1707,7369.0115,8681.3245,2525.1070,7499.3415,13832.7891,12181.9038,1167.5515,4987.4916,2771.0253,13809.8202,12313.9806,4672.3427,3365.4795,13818.5774,6527.3857,0.0000,12037.7303,12805.3679,5835.2352,9113.3713,7332.6574,2317.5923,8590.3936,13001.5023,12639.6740,5884.6955,12766.1449,367920.9520,375294.8564,365283.0302,371008.2470,366359.8237,364076.6545,370626.1462,371568.8039,362456286.0732,362460329.1178,362473082.1791,362474547.2005,7207.2858,12919.3632,4818.5223,5847.3337,4999.0353,6804.7786,3551.9720,11953.3064,12951.0966,8417.5817,6364.9294,10008.7905,7816.5673,12093.8363,8404.5006,11658.8872,12202.4895,12226.3100,8984.3526,5756.0698,0.0000,12442.7791,8277.8765,13151.5336,11022.5803,10038.8502,11808.6438,6263.3287,10982.9574,6651.1779,13106.8903,11988.2677,362144.2582,369302.5734,359446.7006,365293.6573,360635.2718,358115.5560,364550.6307,365656.1786,362458479.2992,362462522.5734,362475275.0524,362476740.2422,8565.1544,10801.1430,1604.7091,10506.1277,2513.4523,5023.5972,9019.7207,8569.6225,10414.6490,5010.9421,8260.2468,9660.1170,10329.0200,10261.1456,13237.6698,11926.7550,9058.4162,10314.2566,8477.3592,0.0000,10545.9936,6563.4527,11669.1844,5214.4434,12599.4674,10252.0363,10955.5294,9456.1200,6102.7672,9615.2764,12396.7888,361515.7340,368456.6639,358765.3015,364557.3226,359809.2763,357499.2810,363963.3004,364977.7507,362457692.3190,362461735.8753,362474488.5679,362475953.5574,13664.7931,9814.9518,13704.7315,9487.4604,11837.1689,6647.6818,1480.4716,10920.4394,9835.1387,9139.0499,12002.3368,7555.7706,10803.9479,10047.4897,9026.3745,5860.8466,10319.1261,12513.8026,0.0000,5555.2576,8752.2762,6700.8199,3965.7988,11893.4337,7996.3823,13463.1994,7159.3647,9899.6578,3738.5990,8643.2186,369255.1430,375982.6130,366456.9958,372236.5464,367424.1797,365207.1447,371661.3171,372652.5346,362450186.5425,362454229.9931,362466982.9147,362468447.8438,9833.7382,3818.6988,10571.5374,7841.1160,12979.1661,13812.9130,6798.2817,8816.0144,11588.8691,8601.5120,12393.5462,6925.7017,8625.2046,11471.1194,13145.6627,7599.2441,7520.1831,0.0000,11704.3460,9595.1373,12521.5857,13034.8012,8045.0741,12167.0070,5037.8461,10649.2875,8397.0969,13607.9583,9758.1015,366091.0663,373230.1156,363390.5370,369269.8587,364623.1605,362023.3152,368427.9325,369582.6736,362455122.2922,362459165.3782,362471917.8128,362473383.0933,9502.4994,2364.5044,3649.2081,9732.2772,9800.6400,10191.2060,4781.5977,8473.6311,9134.9836,10847.4713,10055.0584,13331.1149,12209.7213,9871.9250,10233.2952,7617.3509,0.0000,11300.9051,6800.4542,12286.8157,6679.9486,12307.0566,10696.2398,10097.7153,10014.3871,5901.0420,10630.1001,12710.1544,360893.6474,367896.1564,358157.7700,363958.7147,359232.3912,356880.8641,363342.7521,364372.6325,362458564.9805,362462608.4980,362475361.1394,362476826.1660,9406.4521,6604.9670,11170.4877,13441.8715,9868.8612,10337.4804,9088.5619,5272.6861,10482.8509,9960.8369,10315.4865,9607.7580,11567.9862,10504.5053,4318.9418,0.0000,13189.7626,11516.9941,11396.4807,13142.6516,6049.6814,10106.2942,1556.0754,12676.1580,10324.3879,12723.6120,11688.9352,365964.8251,373349.8154,363326.1004,369157.8241,364561.1462,362004.5482,368467.6322,369564.8086,362457281.7990,362461324.7562,362474077.3573,362475542.6135,3714.5638,8043.8540,9119.2136,11639.8642,6902.5762,6482.5831,7755.7067,9285.9235,11526.5234,13752.3812,10907.2875,8322.1437,11670.8047,6567.7937,0.0000,11919.8647,8612.5765,11201.6815,6753.2501,11491.7858,9080.7569,9667.8276,11183.8494,7915.4724,9554.6459,13355.8282,361610.8790,368743.4449,358908.3713,364679.0573,359977.4483,357660.7555,364157.1305,365149.8903,362459120.7292,362463164.1560,362475916.9199,362477381.9271,10016.0456,11589.3025,10648.7146,6847.7186,7749.1597,6694.9593,10613.7419,10587.1449,13225.1669,11429.1813,10399.5337,10976.2731,4610.7062,0.0000,12910.0729,8967.7831,12361.1844,9524.7427,10441.9223,10290.9028,7264.5640,11811.9897,7638.6424,11709.1135,13323.2077,361256.2853,368489.6661,358577.7200,364379.0237,359720.8870,357294.6322,363773.8338,364815.7458,362459951.0107,362463994.3249,362476746.9568,362478212.0645,5313.5646,13673.4863,12150.0380,3381.8935,7254.4210,2066.0745,13629.3191,11852.1512,4765.4407,887.3019,13490.3157,8628.9875,0.0000,10646.9774,12335.8341,4513.3906,7759.9858,8486.4983,2227.9789,10351.5512,11979.8934,12540.5322,3539.9410,11919.3874,368953.7213,376179.8622,366279.8098,372005.0079,367313.5626,365076.8184,371614.6265,372550.6346,362454399.3188,362458442.4457,362471195.5404,362472660.5161,11773.4706,10475.7382,8015.6988,11206.7748,6349.1849,11670.8256,10559.9234,8083.5206,4502.6570,11251.8542,11903.2116,0.0000,6760.7273,9690.5428,5841.1546,4413.0283,11333.8404,6801.6349,13065.9323,8390.3219,10647.4306,2457.5013,9474.7172,369328.5753,376155.9199,366555.5137,372317.7981,367526.7231,365321.9369,371798.1059,372769.0322,362450961.0005,362455004.3906,362467757.3749,362469222.2994,6456.8233,13777.7651,12842.7876,13513.9858,241.9025,6385.0158,13097.4117,13404.6143,939.9215,12072.5665,0.0000,6918.2149,5295.6272,12539.1062,10501.4136,11576.9651,13583.9045,10688.2234,4955.1273,5285.4096,12585.5461,5571.9917,367234.8315,373876.9800,364411.5419,370322.3374,365545.1172,363021.9246,369361.5034,370538.8446,362450419.7215,362454463.1279,362467215.4967,362468680.6848,11709.7375,11804.9551,12902.5334,6266.8808,11258.7010,13693.4283,12012.8911,6400.2132,10386.8853,0.0000,8941.5566,2560.6267,13221.2796,7134.9241,13226.4312,12891.6903,11255.9605,6671.0195,1262.3715,11799.9216,10128.1999,362100.2072,368813.1381,359292.3022,365153.4487,360371.0592,357956.5889,364345.3745,365450.0678,362455218.0968,362459261.7167,362472014.1697,362473479.2401,4495.7479,3899.3784,13747.9664,12766.1268,5643.5417,4194.2942,13804.6411,5745.2612,0.0000,12427.4067,12552.0136,6869.3176,9059.7855,7692.9978,3450.3188,8273.1118,13136.8793,12251.7470,6672.0973,13184.2084,366796.6879,374189.1192,364162.7269,369889.1312,365246.2933,362954.8844,369505.1455,370449.8173,362457282.0188,362461325.0909,362474078.1210,362475543.1457,6677.8995,12875.6539,12030.5291,6537.5267,7926.1466,13168.4623,2433.4178,0.0000,13591.0499,12965.1260,8799.8504,11751.0457,5336.3111,6138.9658,4242.7878,13849.5038,12164.3351,9917.3876,13137.2286,366555.7124,374078.5374,363953.0364,369714.3294,365125.7694,362704.2955,369235.9815,370237.6061,362458228.5192,362462271.4416,362475024.3212,362476489.4685,13505.5855,10885.4089,2737.8861,2351.4161,13395.7186,8453.7961,0.0000,10725.1267,12991.0117,3189.3268,9180.7634,6853.6531,603.6223,9473.1387,12255.3448,13140.0125,4166.8058,11356.8004,370440.9258,377721.6231,367780.9486,373514.3233,368842.8953,366567.5806,373102.7963,374053.9089,362453596.6749,362457639.6853,362470392.7785,362471857.7989,6519.9313,13137.5354,13354.8296,809.2070,12089.9743,0.0000,6829.4834,5066.0957,12548.6030,10331.5927,11685.2429,13579.0003,10783.4849,4791.7256,5086.6127,12524.0831,5626.2077,367095.8831,373729.4927,364270.4278,370180.2870,365400.0681,362882.0726,369221.8185,370397.2953,362450471.5363,362454514.9566,362467267.3268,362468732.5090,9524.1118,11495.7438,6302.5013,12487.9409,0.0000,6265.6347,9988.4206,8790.8290,11811.7489,8422.4801,11068.3726,10253.0487,7214.4176,10409.4076,10377.6180,2654.4010,372980.5811,379783.8602,370200.3995,376077.6463,371333.1035,368842.4862,375221.8583,376360.3138,362447243.8052,362451286.9029,362464039.5162,362465504.7139,4932.1177,13078.4257,8571.1274,0.0000,10892.6217,13661.5635,2970.9275,10981.2214,4725.0114,2716.9626,8419.5562,12526.1997,13725.3684,5926.1786,10576.4414,372111.3586,379435.2867,369462.3043,375214.8583,370565.1687,368226.9330,374749.6637,375731.3614,362452505.8609,362456548.7404,362469301.7934,362470766.8809,13166.4937,9237.2340,0.0000,9991.5155,12025.7598,4120.5837,7289.2260,8785.6915,2693.8252,10794.2815,11446.9430,12357.3468,2661.5988,11425.6280,369322.2101,376487.5828,366633.3381,372363.0385,367655.9048,365426.9018,371956.2741,372896.0297,362453637.9426,362457681.0990,362470434.1887,362471899.1554,12477.8378,0.0000,6131.8041,4896.7947,12310.2150,9989.2065,11884.7781,13504.4212,11252.8368,4071.1181,5213.7269,12187.7821,5111.0407,367486.1503,374081.0776,364651.4163,370559.1951,365766.8419,363266.1532,369604.4807,370775.2860,362449892.6217,362453936.0620,362466688.4510,362468153.6175,0.0000,13765.9581,11914.3857,10467.3953,11536.9749,6933.4026,7967.2592,4005.1976,13498.5350,10839.3563,11066.0911,13392.6482,364453.7578,371930.1291,361837.9635,367616.2398,363020.8821,360572.6051,367087.5905,368110.3166,362459402.3609,362463445.3813,362476198.1525,362477663.3102,0.0000,0.0000,0.0000,0.0000,0.0000,0.0000,0.0000,0.0000,0.0000,0.0000,0.0000,0.0000,0.0000,0.0000,0.0000,0.0000,0.0000,0.0000,0.0000,0.0000,0.0000,0.0000,0.0000,6886.0441,8861.0645,7243.8294,11960.5513,11086.9152,13286.6387,2972.3128,8288.9028,8009.9895,3923.1871,370577.4469,377113.2170,367730.8854,373583.8937,368749.6234,366405.8943,372784.4067,373873.9143,362447312.1212,362451355.5724,362464108.2469,362465573.2841,12715.7164,6683.1275,13503.4050,13090.5349,12304.4338,4324.7463,1867.4936,11253.4048,8392.2191,363949.8058,370522.1571,361108.2198,366980.5882,362163.4807,359762.9778,366130.3558,367246.1373,362452701.1013,362456744.7487,362469497.2048,362470962.2635,9451.5761,6984.2101,3669.5122,10463.0820,10942.7368,13177.8321,3703.1548,9223.6411,372773.9391,379900.1313,370076.1309,375834.7184,371129.8317,368839.0036,375341.5177,376322.5905,362450479.1731,362454522.1838,362467275.2420,362468740.2776,13066.8054,9415.9116,13239.4725,7217.0539,7600.9919,6442.9899,10326.8345,365309.1904,372031.5956,362507.5336,368292.3877,363479.4834,361253.0420,367703.6352,368700.1213,362453214.5670,362457258.1660,362470010.9806,362471475.9004,6581.3660,4743.0484,12852.0040,13080.7415,9743.5838,10297.3422,371272.7914,378678.4441,368642.5625,374438.5136,369832.7206,367358.2992,373851.5873,374900.1209,362453521.1224,362457563.9022,362470316.7586,362471781.9700,9068.0313,12512.9597,13154.2947,4695.3782,11620.9670,370129.9551,377446.5009,367478.7213,373211.0853,368549.6469,366265.6220,372804.4763,373755.7283,362454109.5986,362458152.5929,362470905.6805,362472370.7094,13115.6502,11266.2923,12083.3665,11785.4443,367006.6379,374450.2194,364383.3339,370199.5021,365613.2371,363076.9411,369557.0523,370635.0157,362456995.4513,362461038.3409,362473791.0210,362475256.2681,5833.8322,9886.3473,4917.9285,368137.0784,374619.7607,365275.7452,371151.5128,366311.6845,363927.7588,370283.6524,371402.7230,362448733.7017,362452777.2572,362465529.7929,362466994.8515,11960.9355,9222.5719,362922.8733,369592.4062,360104.5073,365978.8610,361190.4201,358755.1941,365129.1798,366251.6876,362454192.3805,362458235.9849,362470988.4063,362472453.4965,9885.1016,370532.8887,377517.3603,367799.4763,373547.3360,368795.8307,366577.5624,373077.7733,374035.7371,362451253.5346,362455296.7680,362468049.8262,362469514.7776,372134.9300,378774.7235,369314.0470,375194.1489,370403.0689,367957.0172,374321.2044,375455.7464,362446688.6063,362450731.8700,362463484.4644,362464949.6076,28869.6412,7407.3387,6642.4730,12654.9511,11045.6671,16142.9583,11738.8502,362747834.7654,362751891.5762,362764636.3571,362766099.7998,23108.5193,24589.3824,19906.6659,22128.4266,17122.6246,17491.6051,362735799.5729,362739858.0610,362752602.0285,362754065.1929,7701.2377,7454.8100,5245.9371,11703.9570,7666.4393,362741509.6319,362745566.6918,362758311.3623,362759774.7591,8556.5999,12391.0841,15664.3961,9265.4429,362748045.5643,362752102.7739,362764847.5749,362766310.8578,11085.5848,15059.8132,9585.0101,362740230.5104,362744287.9209,362757032.7483,362758495.9436,8556.5999,8154.5079,362738771.1499,362742828.1993,362755572.6408,362757036.1419,6848.8533,362740800.2261,362744857.6836,362757601.7167,362759065.2424,362743766.6973,362747824.1677,362760568.5172,362762031.8993,24160.4633,30259.4491,23711.4968,23825.4909,21979.3152,10245.1310,
600.000,6541.4276,13374.8135,6960.4051,11747.0917,10573.9367,7773.6917,10003.5381,9626.3152,5729.1274,10295.1935,10392.5071,3088.0131,12701.0737,10634.2814,9357.0707,13559.6066,12812.1446,11444.5499,4755.0719,12942.8414,10697.8391,6231.4099,12629.6256,11089.7177,12655.8765,10376.4833,8044.0555,13670.4050,11131.7540,12168.2359,12639.4547,12305.0146,9059.8949,5675.3657,8258.1017,9254.5138,9606.5600,13271.2270,10450.4334,11665.7333,9737.3429,3857.6398,6666.3769,8820.4925,8208.3516,13067.4023,3226.9381,12722.8624,8873.0006,12151.4763,11301.0819,10944.1342,3195.2840,4572.5084,13214.3168,4084.1815,13311.2683,13100.9793,7027.9047,797.8445,8786.2558,6814.6285,6677.1694,12734.5779,8011.1995,8439.7283,13201.9361,12969.4073,5998.3151,12090.0709,13612.0665,11594.8717,12569.6081,12576.1606,8233.7402,6781.6851,10491.5821,13109.4932,10155.5128,9334.6159,7122.3338,10771.9583,5487.0212,3022.3384,7678.0297,10083.7949,11773.2472,0.0000,7473.4785,12086.9975,4319.0579,9165.6742,7994.7925,7529.4139,11148.4784,9784.0146,12748.5398,5516.3329,5953.6048,373966.2830,381109.1207,371481.2575,377222.2019,372429.7186,370123.0177,376416.4019,377356.1807,362449272.8206,362452805.9770,362465349.1643,362466743.8089,13192.3564,10813.2830,13661.1323,13458.4278,4170.5542,8333.3386,3845.2273,8661.7787,12846.1537,6044.6114,5723.1943,12064.4956,5804.0266,12747.8412,10968.7034,12204.4178,7121.2124,9484.8731,10763.7773,13043.2417,5350.1713,12916.7444,11476.4943,11403.8325,12804.8905,6285.0001,11158.0869,5943.2372,13549.2598,11794.5158,12806.6417,12599.5466,5364.2302,10135.1391,7937.7882,11053.7419,10040.3180,12392.7260,7906.1349,6533.1748,9612.1166,10348.3558,12064.2722,11789.8279,13338.4020,4103.5403,9411.7257,6067.2328,13635.0527,13310.5918,12926.9963,5109.7193,2341.5581,10691.4344,6856.0170,13272.2560,12903.8513,6380.6558,7221.3395,12681.6230,10766.1246,10646.0987,13472.6707,12344.9821,2661.5747,11363.0246,12075.2168,9811.6920,11592.2915,12017.7790,9263.6960,10562.2310,8740.5378,4729.1479,7814.7318,13187.2529,13530.5256,5742.1641,3541.2980,3309.7442,13374.0010,9407.6036,4334.8928,4804.6162,13021.9138,6886.6537,0.0000,11578.6455,13370.0889,4253.2749,10801.4725,5578.3820,3722.3121,6623.4030,12925.5333,13275.8613,5747.5136,11009.5548,369520.2649,377030.2985,367119.9206,372827.5665,368124.4853,365794.3284,372147.2178,373047.2474,362455700.5123,362459233.5896,362471776.7913,362473171.4580,9897.6366,5131.3240,6232.5639,12028.6369,9188.9116,11661.7831,11237.4843,5942.9738,11323.5734,12906.3981,3872.5322,10403.1296,7369.0890,4951.2820,6159.9496,10434.9822,11423.4350,7520.2000,5458.4920,12214.9502,2810.4632,8997.6754,4843.2717,8117.2677,11188.9447,5153.1347,10484.8523,5033.0807,6851.0953,6480.4130,7812.2237,12424.3675,11313.6805,9737.8484,10193.1594,6273.9227,8603.1978,9983.8207,10314.4207,11882.9438,11641.5440,8123.5380,8561.0098,1036.2869,13440.5952,8417.5028,10897.7699,4732.0011,4693.1296,7547.6297,13222.9789,13747.3251,7095.0677,13425.0995,291.5424,1771.1335,11541.6770,13169.1254,8792.7716,9977.5761,10088.1722,2174.8790,9171.1139,12694.0842,4188.8963,6108.4266,12008.3177,5111.3588,4962.3715,7672.6499,8154.0755,8831.6897,12831.4097,12714.5357,6056.3049,2016.4787,11679.6618,12213.8582,13184.5820,5681.5698,11082.0171,13502.5849,12922.2177,6594.4907,9888.7906,0.0000,10324.4716,5710.5486,13683.6009,10558.4492,11334.2547,13030.3548,9761.7664,8162.0976,4277.3247,13393.6290,10606.8722,363204.2650,369981.6384,360626.9293,366467.7222,361620.7521,359164.9243,365338.2646,366409.8529,362454404.3492,362457938.0864,362470480.6502,362471875.3567,8794.4952,6425.6657,9317.3165,7863.6685,11929.9260,3199.6985,4865.1943,13442.4336,6288.9228,8659.5485,11428.5529,4147.3701,11807.7483,12379.8517,13720.2717,2426.1601,13484.7948,5405.5561,7306.1529,8079.2908,12176.1074,9104.0438,9586.4697,7739.8976,12593.4798,12985.4496,9857.2013,12674.7247,11594.6616,3537.9024,7053.2418,10966.7911,7300.1203,11329.1589,12134.3777,10488.0428,13753.8335,9349.7264,4810.2327,9078.3811,2393.2306,1924.0267,9528.0084,7952.9280,13730.5902,8765.4820,9490.7034,6223.7735,10041.7751,7007.7110,10042.6578,13464.1396,9708.0212,9745.4237,9096.0446,6797.7639,6398.4727,6648.5043,198.0695,311.6387,8328.6305,5096.3240,12326.0898,10408.9091,12572.7495,8974.2247,7862.3461,12649.6000,9318.2547,13514.8870,13723.8600,12719.5116,11280.6839,5158.1185,9937.6928,13451.2338,12663.5482,11989.2192,5860.1697,2058.5009,7843.5022,12386.2474,4614.5206,13212.3354,0.0000,7643.3246,10350.5282,10297.3921,11171.2298,8295.8617,12238.3600,11440.8324,8196.3693,10739.3307,11008.3697,3153.6925,372967.1248,379838.2415,370416.6689,376244.7860,371421.4492,368965.7769,375155.8104,376216.1072,362447500.0309,362451033.3257,362463576.1371,362464970.8950,2838.3785,13538.2597,11757.5510,13499.8498,11000.4365,4876.4344,12090.4268,12400.2902,7924.3247,13030.2007,5131.1777,9189.9230,5750.6173,11745.1886,9978.8369,8443.6212,4551.2710,13054.4338,6177.0512,6609.6870,8966.9838,3655.5436,12838.8937,8548.7097,12575.4370,1434.7403,6429.8424,4282.2736,5777.9233,13010.9500,8200.9325,11905.8970,7030.1056,10189.0658,4693.8512,11062.7251,12793.7976,9256.8075,8045.6197,7127.0515,7197.9082,4127.2417,13030.9944,10074.6975,12964.3971,964.2737,4162.6875,3321.1895,12809.3826,13362.4278,8738.3614,11242.6349,4906.6284,6155.4093,12672.5258,11353.5322,4480.8909,8786.5622,8918.8055,4591.3019,5523.6006,13443.9716,8737.3428,6150.8813,8624.6583,8610.9893,6930.5042,11154.8768,8518.4375,10793.0398,12557.3816,10473.3903,4558.8966,3371.0606,12330.8005,13363.5132,12949.1184,3720.3684,10206.9763,13012.0060,12360.7189,4957.5846,12221.9231,0.0000,6221.0684,2263.6913,12529.5960,7358.5888,13002.1016,12823.1135,12684.7966,3430.3279,2963.2800,11807.3818,7990.0286,366053.4529,372603.6697,363425.1848,369251.0630,364330.2707,361981.2322,368149.5542,369194.6070,362450598.4395,362454132.2723,362466674.9715,362468069.5849,12879.3702,10873.0198,13702.7642,9068.1694,2644.4584,13165.8868,11043.9241,7755.6671,13138.8452,2419.9698,10232.2691,8197.0690,13009.5902,7892.2032,10519.3751,2550.3672,11888.6350,5948.4232,8571.0317,8838.6181,4994.4321,11808.4013,10152.4289,13363.1529,4228.0209,8784.9309,6826.5949,3085.4151,11781.3906,9036.8587,10854.0497,8370.4323,11142.9108,6290.9117,12521.6931,12243.1440,7603.9491,7994.5374,4625.6865,4670.5123,5331.7770,12034.0210,11783.4232,12214.6649,3749.7363,2685.9666,5169.7740,11576.9761,12936.2279,10711.3969,10981.5307,5974.4902,6507.2552,11414.7974,10052.9089,3320.3307,6422.5264,6577.0188,4737.7286,3524.7011,13793.3005,9245.4676,8550.7859,8449.7332,8024.4025,9074.4236,10807.8943,10584.0189,12300.0941,13217.3886,10960.1885,2189.3971,5152.7159,13340.4818,13850.3666,13269.5309,1479.3866,8101.4003,11977.4685,12940.9925,2405.8084,13167.1189,0.0000,5717.5659,4940.8239,12312.6831,8518.7655,12124.9080,13260.3730,12858.8531,3679.5316,5598.4181,11951.3132,5817.4959,368530.0882,375088.0878,365904.6364,371744.2404,366834.4746,364444.9977,370600.1683,371667.0013,362448619.7779,362452153.4886,362464696.1801,362466090.8406,4697.4921,4114.0472,6746.6197,11492.3487,8504.2275,5363.6810,9776.9831,4096.9399,11751.8343,9711.0051,13053.5184,8904.6694,8609.5012,11876.7575,11697.4422,2632.1888,11020.1854,13272.6465,8919.7854,13751.0063,2431.4625,10765.2101,6678.7868,13685.5052,12882.7227,13691.2652,11501.4683,3132.9444,12495.8419,4238.4687,13099.0888,8846.5285,13709.6926,9712.4630,2888.8799,10070.2527,12250.5799,10461.7545,10391.9489,12348.8458,4917.8505,10488.9900,2094.0430,13596.3603,11975.7273,13822.6015,5041.3665,5547.7153,11469.6650,9650.1544,12114.5602,11212.4552,3103.3775,8213.9879,12989.2557,9342.1791,9224.3777,12045.2923,12294.9083,5786.7189,9439.3825,12884.5033,11818.6777,8966.3100,12218.5352,6193.3777,11997.9905,9700.8523,8320.2688,10870.4433,11954.0957,12886.5488,8405.7925,5892.6432,7181.8702,12342.2630,7975.4599,5131.3727,8463.2417,11792.4187,7391.4569,0.0000,12667.2841,13803.2125,7612.8031,12939.5697,1612.9039,7491.0289,4754.3246,13508.6550,13410.0745,9154.4893,10701.6598,369595.9787,377110.3741,367195.7880,372948.3250,368271.9315,365820.8528,372131.7558,373098.0795,362455409.4022,362458942.4078,362471485.4201,362472880.1947,7008.1599,6261.6792,8862.1018,10713.8625,7557.3108,5965.2398,5233.8473,9686.6419,7572.7687,12370.4779,10486.8260,8454.3474,11824.3785,8977.9042,4883.2327,7482.0148,13601.9862,5073.5283,13200.0233,2906.4373,9357.9301,8333.0449,12123.2426,12502.9431,12938.0312,9457.7388,5401.1735,13697.3234,1002.3871,13795.4271,7216.1594,13528.7168,11012.9387,2456.5513,10658.4550,13257.6840,8144.6166,8417.8083,9653.4478,8159.1561,10856.9389,2688.0425,11857.9883,9138.4084,13150.6602,7711.3181,9399.3969,11192.1814,12149.0584,9265.3542,7877.6963,3817.1382,10094.2567,12138.5901,7980.8865,7932.3279,8917.4480,11338.0535,9281.6391,6336.0561,12201.1897,13057.8096,4861.1907,11041.3663,2555.7662,12241.3385,10250.9203,11363.2115,13074.2886,9399.7987,10513.0573,10816.2102,9012.4720,10633.0359,9893.2156,7413.0575,8284.4010,11509.1605,9348.0987,8512.4173,0.0000,12765.2322,12552.9694,10915.2739,13784.7496,3314.7567,10810.0761,5021.6308,12702.3420,11845.5718,12042.0554,10191.3075,368246.2323,375570.2826,365799.8281,371609.9759,366909.5484,364363.9987,370606.1894,371651.3509,362454697.8166,362458230.9504,362470773.7040,362472168.5448,10012.9799,12862.2471,5113.8943,8273.3658,10292.8334,2470.0560,13274.5242,8259.9544,11269.8289,5350.5435,11323.8929,9277.9868,12920.2839,6493.4368,11590.2133,11692.9778,9359.7866,13416.4781,6095.3455,8717.3186,2890.0748,13210.9651,10905.6488,12412.7946,13219.9322,6859.5800,11648.8086,7074.4343,12013.3605,7056.2402,12996.1330,6368.9291,4805.5542,11914.0758,12342.6970,12592.8061,12545.7301,12083.1669,7203.8586,7411.9087,5084.4035,13278.9486,12969.0788,13280.7431,7844.4106,6072.5596,8827.1039,9788.6454,11815.3798,11314.3140,6938.9196,10157.9474,13764.8912,11939.1905,11855.6278,12386.6097,13573.4638,3100.0109,8970.3414,10980.0955,11997.5127,9996.0977,10254.0560,7012.0976,9395.8858,6429.9344,5992.8210,9936.1708,13255.0283,12425.6869,5069.3199,2453.9492,5453.4088,13392.6180,10932.3801,7444.0722,6474.8545,13245.1860,3801.1031,0.0000,13179.3141,13116.6171,7550.8009,11948.4400,5303.9319,5497.2188,3286.5391,13716.6646,12512.8571,8458.7743,12706.3189,366215.2459,373779.6818,363825.6937,369549.4028,364870.4509,362482.4600,368825.2238,369748.8888,362458553.6702,362462086.8130,362474629.8707,362476024.5764,7413.4416,12466.7828,3801.0531,9278.3861,9649.9208,7037.9759,11808.4107,13399.8861,12898.4849,2636.1569,13796.5351,7873.5918,4392.1944,9411.9174,13147.6171,9255.3767,11466.9860,5190.7130,12806.9604,11672.4844,11812.2275,13535.4575,13019.3055,6511.4692,4092.6608,11678.6259,5418.5771,12319.6344,11761.2033,12066.1893,13194.5128,7300.6836,5592.4655,10048.4772,5217.4788,4940.8585,11103.8887,5587.1307,13509.8476,6439.2596,11526.6145,8559.0512,11866.6414,4488.0979,8051.3561,13668.1220,9181.3999,11158.8702,10276.9174,3993.3560,5451.1881,9043.0242,3213.3885,3050.6615,10073.0733,7666.6307,10595.0871,10575.7694,13489.9253,9722.0096,8238.6271,13353.3218,8330.6439,13825.3601,13243.1806,11580.7221,11138.7289,7813.4198,11613.0986,12406.3755,11004.1024,10542.7200,8473.0719,1517.9875,5502.8975,11307.9061,7370.9457,12095.3370,0.0000,9370.0670,12184.8294,8953.2567,12097.7165,5755.0674,10884.5463,9847.7727,10384.3508,12369.3862,10189.3401,5286.8094,373386.0712,380490.4970,370890.5921,376696.0225,371928.6661,369462.0039,375691.5419,376725.1289,362449055.9611,362452589.0780,362465131.9784,362466526.7616,13319.2559,10034.6949,6081.4763,11959.2718,1750.8417,9500.7827,9456.4880,13111.0449,6860.5141,11263.5276,566.2433,10373.8136,4489.0498,10270.4144,7128.7958,7266.1333,10046.2661,10029.2225,12877.9503,6099.5388,10021.3417,8561.5377,2054.2360,10332.2366,10599.4357,8843.7408,10145.2080,10353.3971,8403.8943,12827.3248,10569.9712,7673.4834,9439.2555,2631.2229,3057.9961,5352.3597,11244.9882,12091.0554,10526.6161,5568.9338,1440.1038,7392.0221,10616.0521,12537.5548,11207.9713,11546.2344,5712.5286,5467.6980,9681.8960,9799.3321,5238.3946,4937.0924,5101.3346,4013.9303,4608.5112,13458.5647,8047.9683,9682.2985,9715.9633,6012.7738,9636.6607,8992.4983,11475.5529,12381.3248,13485.7541,11960.2418,554.4135,5736.5672,13490.3755,13463.7705,13304.4892,1316.2190,6672.0131,11201.1940,13273.7849,759.1450,12726.3956,0.0000,7379.2647,6891.8651,12403.8288,10245.3084,10488.4572,13359.6768,11640.7404,6014.7737,7008.3812,12461.2191,5638.0265,369025.0489,375697.6757,366426.2333,372278.1137,367409.1106,364951.8178,371104.3110,372192.6386,362449001.4298,362452535.0091,362465077.6507,362466472.3801,10533.8394,11691.6041,6703.9639,13540.9979,8614.1966,8257.8339,1621.1044,12789.1117,5866.0697,13279.5486,10151.1390,12349.4132,8041.7351,11171.1770,11099.2219,10185.6581,7638.3039,3463.2647,11358.5160,7597.8560,9538.7310,13694.8477,10294.1373,8565.3210,10840.5980,8684.5499,7734.7716,10207.8700,2221.8323,9137.2768,12123.1672,10298.9564,13733.3105,13585.3133,11525.2255,9306.0884,4287.7075,9439.0943,11655.9251,13188.7489,10837.5553,10165.0928,7210.1104,5928.2060,8483.0695,11468.2278,11759.4034,10678.5309,10864.6967,12679.2124,13405.2004,13358.6576,12468.8000,13113.4344,3607.0265,10084.3987,7983.0690,10110.5499,11924.4905,8047.3790,10140.5138,5579.4280,3811.3790,3142.5927,7127.6826,13538.3595,11387.3496,489.9020,3138.6846,4217.2645,13358.7323,12836.5049,9483.8785,3814.0209,13621.8532,3770.3713,0.0000,11627.4945,10905.9643,7044.9431,8700.9533,9526.4924,3752.7152,7013.2973,12013.2583,10500.7371,6611.7604,13125.8881,364196.4079,371577.5536,361763.4410,367460.8823,362711.8344,360451.7030,366806.0557,367684.4576,362458900.2125,362462433.6239,362474976.7626,362476371.3367,11369.6652,8842.1620,9487.7017,12533.9235,13478.2595,11372.9924,4430.0926,13305.5049,10438.3796,3319.9099,11711.7517,12549.5869,11104.4967,11873.9609,5277.0013,13147.6251,10286.6916,12889.3398,13370.5376,13287.4172,9094.2908,2709.3216,10441.6450,6692.0526,11501.6154,12132.1776,12062.8747,11810.8132,7321.9687,5568.5005,9119.8171,8282.2391,7849.7842,12798.1129,1899.0349,12714.3754,6297.7496,12776.3483,11030.8850,12301.0157,753.4842,4608.0107,13307.7528,6648.7889,12873.9034,12264.4544,4135.9046,3352.5948,10132.2688,6214.0747,6047.1775,12238.2077,9111.9888,8046.5216,11926.7919,13536.9008,8557.5562,10513.7077,13658.6559,9524.5167,13141.3448,12341.8678,8962.9621,8973.5550,10373.6462,13107.8522,10339.5492,8762.0014,7652.1741,10825.3219,4397.9890,1766.3189,8628.9339,9980.9566,10961.7694,0.0000,9466.8600,12981.3777,5764.6710,11164.1036,5327.5281,8096.2219,9361.7183,11192.0999,13273.8670,7411.0007,6776.0144,373564.5213,380830.6179,371107.7544,376865.1387,372118.2957,369730.1170,376017.5218,376984.9261,362450417.7572,362453950.8024,362466493.9010,362467888.6240,8490.3040,7667.8547,4727.3175,9174.3939,10902.0978,10294.7756,9638.4926,5806.8135,9913.9728,2121.5369,11572.1872,1352.2918,10649.1021,8466.4118,6405.2917,9892.2286,8222.8008,9665.4564,9654.6430,7813.1971,10239.1829,13070.2317,6640.0326,12398.4186,5631.7433,11194.7831,10860.2118,7564.1128,11738.3427,12974.9278,7243.3288,7817.0393,4536.7465,12089.1891,9649.0821,8185.1557,7849.4578,5394.2538,10307.7493,11695.4400,12879.5627,8964.0341,13766.9469,3950.2649,2215.3652,8976.8460,12550.4075,10281.1279,8793.0082,8870.9752,3772.3040,10017.7276,12066.7851,2570.1246,9036.3088,13136.0054,1396.0557,7569.7245,4477.6281,10297.8512,9585.8300,13085.7133,13746.0357,6486.7957,5652.3676,11989.7014,11571.2928,13024.7037,6642.0048,9556.4977,12170.3131,13223.9578,6829.9517,9473.8148,0.0000,11753.3909,8905.5484,13468.1302,12623.8002,8754.7036,12991.7011,7798.7767,10294.0418,7749.4605,13759.2328,10436.7527,364778.5269,371749.3284,362247.1007,368095.9129,363311.5779,360773.5846,366953.3440,368043.4361,362454553.4683,362458086.9746,362470629.5214,362472024.3181,12653.8667,6721.3513,11227.5319,6410.0944,11293.0163,9436.5410,11972.1740,6427.7295,10069.1990,12328.3281,7396.4335,13618.1985,5242.3241,7775.0864,3640.1645,12831.1629,11026.8029,12432.4232,12597.9606,6940.0478,12743.4226,5579.4317,12864.2373,5515.5690,13389.5663,7286.6523,3147.0027,12383.1426,13273.9583,11802.6231,11902.6659,10970.6816,8254.9738,7647.7559,3938.3828,12808.9254,11952.8274,13411.6943,8575.3550,7838.3439,8750.3989,11306.4206,10575.8661,9801.8918,6402.5886,11038.4573,13783.5858,11478.0274,11413.7956,11117.6272,13499.0890,5451.8084,7138.9323,10903.6876,13016.7645,8143.4060,9740.1794,4803.6674,9789.1715,6662.0147,8063.4716,11494.0848,12400.7318,11509.6439,6807.4986,4725.1741,7620.7555,12593.3997,10671.3157,8479.0614,8508.6892,12443.8098,4042.0425,0.0000,13659.0048,12904.1273,9358.4146,12873.7561,4607.4842,7651.7661,929.0573,13781.9178,12062.5990,10257.5020,12717.8251,365499.2706,373026.6282,363100.0825,368852.7091,364178.7947,361725.7118,368038.6930,369003.4510,362458657.9879,362462191.1485,362474734.0724,362476128.8297,10783.4124,9927.3771,13528.3645,5897.4805,11827.8427,2198.9551,10379.6310,6173.4057,10099.5694,8617.1780,6725.0800,10409.9279,11123.4878,13444.3055,6427.3228,10424.0329,8767.4955,667.6408,10231.0581,9852.8508,9505.4787,9594.9009,11531.9605,7934.6580,13230.8110,11244.6993,6321.0818,8322.7607,2329.1396,2309.4521,6679.8982,10754.2187,12719.8155,11039.8085,5968.6334,2989.5964,7067.0446,10105.1395,12122.9450,11918.7879,10640.2409,7137.1216,7076.1817,9839.3244,8777.1510,3978.2833,4158.4319,4327.5936,5587.3923,3019.5633,13528.8889,9491.2047,10220.0914,8588.4970,7505.3028,10519.9316,10133.9362,11897.6481,13040.9690,13314.2796,11249.4408,1586.8708,6842.4656,13660.7479,13681.5784,13072.0499,2011.4678,5998.0776,10675.5146,13007.0542,1063.1661,13390.2483,0.0000,6122.9352,7082.7110,11792.3415,9615.6889,10840.8096,13160.1307,12449.3796,5203.8101,7608.2551,11812.4875,4153.7817,370371.4064,377012.7421,367766.1043,373609.1496,368726.2723,366301.5413,372459.6966,373534.6882,362447755.6608,362451289.2263,362463831.9355,362465226.6405,7211.1589,7380.4771,12755.3229,6311.9896,9194.6451,10924.5872,5909.9505,10101.3368,4216.1995,11025.5834,9527.3785,2350.8550,6700.2975,8723.6810,7422.8996,8668.9893,11041.2428,11318.4070,12349.4131,8362.2575,11522.2433,1448.1381,10974.7062,7313.2063,7707.8151,13473.2660,13232.9206,10812.6079,11172.0114,5823.4357,12539.0636,5755.8655,8661.2342,8666.2431,8692.1647,10448.7668,12599.1753,12299.8060,5301.5374,13493.3405,5221.7850,4900.9988,10390.4188,13638.2550,12026.1153,11889.2913,11930.8299,6591.0880,12258.0830,9961.3910,2247.9759,6810.8832,13377.5544,5602.5075,4730.9982,5316.9821,7170.5588,5585.3059,10908.5341,12709.5305,9804.9302,6396.1355,9020.3821,9133.9379,11274.3865,9664.5055,12224.3086,12686.0596,11273.1327,10173.6288,5931.8179,0.0000,12776.7223,8978.5998,12771.2732,11827.4261,9384.4888,11075.3785,5926.1031,11424.2076,7467.7059,12755.9534,12878.8674,361578.0644,368714.9648,359084.2529,364888.2197,360125.3920,357659.2836,363896.2467,364922.5276,362458495.5826,362462029.1451,362474571.8045,362475966.5322,7565.9827,12894.8892,3113.6239,9140.7150,13631.6678,8508.2663,3726.5213,9606.0747,5745.8506,13279.8303,5275.8687,9321.2210,4430.1950,866.3658,2137.9646,10441.8860,13711.1140,7339.4980,12714.2586,5793.8104,7824.8444,5114.3408,6579.8000,12411.1241,11881.5174,9015.4108,11312.2201,11341.8788,5888.6459,13317.1808,5306.7236,12870.6483,4907.0577,8662.4641,4912.6779,13582.2766,12497.7778,3754.7085,10980.7609,6209.3044,7663.6221,13534.4606,12762.4166,8654.3777,12363.1783,12432.4585,7529.7231,9834.4150,10892.9768,8259.6939,570.5372,9471.2599,10137.9341,2787.6014,11111.3820,3167.3621,6360.8811,9667.2359,9057.1366,9393.7956,5045.5243,8610.1686,10532.7961,10660.3174,8751.9168,13068.1967,13385.5539,9729.9657,9762.0101,8752.5241,0.0000,8806.0716,3843.4477,11575.7521,6322.5419,13088.8551,10316.6883,10895.5337,7104.0968,3115.0468,10452.7953,11628.7307,362203.8194,368999.2488,359631.4122,365403.7400,360522.5985,358244.8024,364484.8055,365455.1635,362455708.1200,362459241.9791,362471784.8073,362473179.3553,13343.6303,4863.0857,13008.5836,10672.8249,11639.1221,8065.3706,10357.1049,11155.5275,10391.2220,6303.0011,2921.8091,10932.6750,6948.5211,9119.3278,13726.1838,10887.6028,9275.9429,10760.5135,9090.4542,6490.9399,10306.1924,1159.7063,9021.9895,12864.3938,11070.2591,13761.2529,13699.5723,10735.5658,10312.8416,2908.7519,9515.0090,11220.9759,12819.2084,10772.5838,11062.9686,8469.4999,4699.2067,9731.1975,10608.4371,10919.9259,11026.6577,11858.4097,12900.6500,13702.6355,13672.2877,11788.5912,13389.2416,4748.6897,9062.0508,7203.4293,10972.7065,11268.7052,6926.8598,9539.3788,4806.1432,2257.1669,4727.2373,8284.4557,13336.0000,10631.7881,2098.8876,3969.1747,5727.9506,13122.4986,13292.3430,10495.6617,5358.8787,13487.2114,2779.5997,0.0000,12128.3239,10526.9099,8430.6349,9207.4745,9767.4015,5295.5817,6519.0090,12120.6395,9877.1933,8000.1518,13602.7025,362869.7804,370231.4596,360431.2196,366140.6572,361391.8160,359106.9783,365449.3097,366343.8657,362459701.0706,362463234.5338,362475777.5959,362477172.1846,13722.0421,7378.3099,6394.3204,9915.4917,12093.3216,10544.2163,9925.2438,7474.8275,13359.0105,12668.5052,10876.1392,13039.0578,12133.4972,5374.6619,5965.2630,10186.0475,7715.4610,10926.2675,12857.1505,10608.2184,13455.8154,9391.5693,3202.8496,8134.5996,4679.5380,4067.5407,11057.9284,6112.3998,13810.6642,8601.0975,10622.7544,8159.1493,10485.6201,5163.0996,8330.6530,13804.1460,7967.4458,11296.7407,10775.5907,6307.1496,4163.7197,7131.8431,2274.9245,2116.4738,10126.1244,5662.2778,11275.7553,11660.0544,13090.3202,7837.9839,9494.4977,13385.1445,10180.3622,13609.1511,13744.4356,11552.4127,9990.3754,7103.4096,11339.8283,12711.6656,11814.8555,10647.9820,7661.0418,1283.7064,5955.3394,11135.5457,6571.0616,13061.5022,0.0000,7290.6626,11176.5292,8536.2300,10651.6684,7898.4502,10966.3113,11498.4120,8683.7232,11729.2240,9430.4041,2911.1791,374100.2691,381059.2532,371571.1999,377372.4463,372559.7536,370148.8453,376371.2266,377394.6157,362447419.5938,362450952.8100,362463495.7551,362464890.4832,10996.5375,13015.3958,9654.0968,5168.2119,9637.4309,8261.9701,12559.8849,4132.9923,6892.1327,7279.1235,2548.4813,5102.7811,12237.2347,13178.1469,8255.4991,12232.4981,7132.8380,6395.6922,7430.4220,3836.9044,11303.6687,12926.6654,10263.4055,12762.3113,12792.5754,7633.7553,12786.2607,2340.7206,11884.5700,7672.4361,10570.1500,7571.6566,13249.5309,11517.0826,1161.6936,10989.3937,7669.6376,8692.1222,13043.0607,13080.5957,10865.0159,13474.6368,13508.8457,9187.5028,11810.6140,8954.3412,8010.6465,2642.5818,10520.9608,10502.9746,2851.8519,10403.3581,994.1031,3500.5536,8011.9736,8980.1122,11332.2283,7153.6960,6292.2923,8386.4782,9160.4637,10846.2122,13775.2462,12906.1208,8299.8397,11651.4749,6237.5879,0.0000,10634.4176,6784.1515,10874.6997,7542.9876,12196.4841,8741.1989,9151.7942,9551.5781,5902.2042,9886.5626,13042.7037,361216.9016,368237.5857,358696.8913,364443.7287,359613.9738,357336.1212,363618.2085,364556.6698,362458257.4760,362461791.2278,362474334.1257,362475728.6820,10687.0558,4096.5606,10124.4966,6912.3810,7175.9038,10281.5675,9694.6844,12819.3316,5754.5577,9736.0384,8275.2221,2578.1706,10669.2485,10665.3551,9020.1408,10117.2548,10104.6820,8305.2114,12695.8095,10677.5989,8123.7422,9633.0546,3176.2325,3618.9316,4849.0208,11596.5921,11873.2900,10695.5381,5204.5825,875.7678,7235.0985,11001.1009,12803.1579,10924.9555,11811.9248,5219.7747,5037.7019,9983.1618,10220.5429,5404.9558,5479.3897,5640.9263,3497.2773,4938.4458,13552.7035,7753.8069,9360.7212,9939.0550,5855.5330,9269.1944,8947.4842,11239.1420,12190.3648,13564.3819,12099.7975,697.7837,5244.6164,13469.5476,13514.9154,13441.2790,1108.1087,7178.8614,11561.3766,13374.1733,1205.6845,12623.4084,0.0000,7579.0250,6585.8599,12653.8375,10250.1006,10705.3759,13475.0990,11617.4140,6010.5823,6615.9592,12657.3311,6135.9931,368487.2522,375148.8579,365885.5927,371739.1966,366867.7997,364409.4760,370559.5674,371649.9055,362449335.7400,362452869.3469,362465411.9708,362466806.6980,10820.8717,13537.2964,9315.0911,13246.8353,2133.7396,11998.6277,8831.4452,13455.0467,13553.5216,13875.1907,10013.7749,639.7580,12271.7238,4010.7314,13014.1019,10344.3815,13418.4941,11311.0844,4350.5126,8274.9534,11440.2129,8846.1690,8689.4108,12370.8798,3734.7385,12012.3165,3201.0319,13297.7572,11135.7631,13471.8304,3244.1944,5650.7256,12731.9321,9072.7403,12240.3123,11294.4751,1298.9164,6529.0241,11826.6941,7320.9735,7178.4168,11769.4288,10857.1854,7496.2843,10234.1093,13564.3855,10978.3820,8918.6572,13129.0341,7042.6516,13070.7643,11406.5708,9429.9505,10834.2655,10828.5054,12911.6503,10030.8632,7858.2844,8166.8613,11333.5662,5706.6051,3851.1739,9363.6444,10549.4559,9482.3123,0.0000,11599.7097,13652.4497,7526.3904,12793.8491,2173.8538,8553.1628,6919.6690,12687.4510,13505.6818,9192.9281,8838.1960,371744.8056,379146.4913,369318.8555,375086.8149,370386.0830,367928.0832,374215.6952,375202.2098,362452803.3178,362456336.3076,362468879.3098,362470274.0945,10785.1089,3451.7527,9245.6987,9682.8018,6984.2848,11077.1421,6663.0741,9123.1769,8577.1666,6436.7911,11038.9805,12326.1530,7974.2599,11530.8826,7016.0888,9974.2535,11415.5951,9146.9398,11059.2060,12079.3326,6241.2434,6832.0806,3081.2717,12560.1353,10151.8547,9605.9425,6203.8364,3516.3689,8921.1410,12119.2958,13407.9911,9176.7319,13534.0889,2731.3740,1306.5059,9942.7344,12367.2287,8783.7567,8200.0446,8313.7332,1765.0654,8626.6862,12950.9703,4130.8887,8488.9958,12341.3930,2925.9318,7400.5315,6387.8773,10228.8735,10318.2050,13522.9759,13430.9413,4793.6483,4198.3052,12643.2866,12565.6781,13542.7399,4824.9161,9350.0829,12605.9741,13566.1827,5244.1194,10654.8435,0.0000,10547.6639,7470.9551,13672.0307,11781.6964,10012.0415,13498.5984,9453.3596,8764.7032,6472.2492,13759.7378,9502.5946,365224.9792,372042.9342,362658.0147,368514.7771,363690.0651,361177.3523,367337.5855,368435.3245,362453036.4214,362456570.0234,362469112.5568,362470507.3249,11984.7914,4320.2535,13769.9167,8355.1816,10196.1085,5587.7113,3350.3966,3100.0515,10548.6643,13457.2311,3956.0189,13686.0517,2298.1937,10421.5704,2985.2251,7102.2213,13423.3530,10247.3231,6139.2150,11618.5769,11398.6530,8495.2862,12218.5149,6939.3414,13590.0886,6140.2310,9927.3895,3899.2492,12613.2652,11157.8363,6199.6439,8430.0686,8976.4838,10271.1988,13732.5191,11044.3784,7540.9407,12101.0721,12145.4015,9748.4381,8889.3333,10374.0127,10986.5869,4109.4693,6620.3927,12234.2100,6277.7704,12958.9452,4452.9242,7886.7693,8267.0733,6132.0387,10142.7565,7617.1057,8218.2423,10393.8983,9293.7533,9535.0671,12606.0941,12245.7530,8078.1398,10326.8802,9956.9268,0.0000,6673.9891,4674.4660,9624.9665,2856.7818,13532.4098,8972.4926,12265.4103,5978.5347,5368.4003,8075.1052,10582.8299,364686.2695,371462.6084,362111.6226,367853.9336,362951.9224,360757.2598,367022.3961,367949.9140,362453821.1738,362457354.9947,362469897.9998,362471292.4848,11438.3451,7695.7398,6212.7967,9053.8953,9166.7951,10003.5004,10300.2919,8706.8950,9705.7925,13411.3864,5868.9671,12831.9887,4853.5830,11867.3591,10442.5770,6517.6706,12101.2406,13413.7528,7984.5349,8515.8835,5594.3000,11706.3109,9321.3782,7254.2043,8846.5880,6577.6172,11097.2770,11364.4594,12422.7589,8867.0050,13779.3394,4972.1644,3376.0777,8378.4599,12582.8403,11139.0546,9237.3004,9290.9190,5045.1203,10833.4533,11378.9486,2038.0551,9405.9902,13510.3305,1543.2984,7793.2535,3252.6601,10321.4631,9099.4312,12674.3078,13805.0810,7568.9933,6652.4632,11464.4737,10820.0491,12560.3421,7765.1954,9734.6467,11810.5443,12870.7096,7855.5942,8657.1044,0.0000,12406.1880,9765.2077,13205.5470,13035.7689,7930.2233,12535.0702,6664.5187,11162.5835,8569.9262,13617.9626,10998.5496,364596.6322,371669.2389,362089.0247,367929.1275,363169.8366,360623.9785,366819.8900,367899.9416,362455493.5149,362459026.9578,362471569.5300,362472964.3385,13547.5088,9920.3774,12538.0465,3486.2724,6034.3034,3789.1834,7238.1455,13079.5382,4996.0459,13167.7210,3862.1347,11689.0308,1439.1489,10388.6990,13736.8223,8094.0893,5048.3713,8700.1007,8444.9782,7253.3122,12185.7784,9983.0214,13732.4782,3800.1371,7124.1727,938.0251,12186.7125,12079.7571,8964.3267,8867.8036,7960.0759,9175.2424,13217.3339,10025.4201,3650.9551,9505.5660,9593.9517,7907.1280,5274.0584,12522.6620,11052.1583,6271.0821,5760.0755,11166.8005,7972.6019,12928.4783,7905.1609,10786.3200,10888.3376,7733.7040,6971.7355,6395.4030,11242.7475,12676.4474,11399.3079,6301.2720,10540.4436,12143.5976,10539.3649,7098.5865,12355.6618,0.0000,3791.5428,2980.2294,10673.8321,4125.1826,13569.1267,11256.0081,13491.9310,1804.8221,4671.8663,9530.6187,7688.5582,367244.0710,373818.3807,364622.8801,370408.5641,365472.6836,363222.5006,369430.0997,370417.2890,362450075.5224,362453609.3473,362466152.2384,362467546.7714,10914.7476,8229.7729,13202.3967,13266.2106,13727.9390,10091.5819,2736.7081,13103.4393,2126.2158,13581.5658,8938.0682,13756.9487,11051.8422,2505.2452,9577.4896,12496.8616,8807.5061,8835.4641,11497.7029,5691.6722,11450.8202,1399.1853,13006.7659,10613.2842,13645.6531,5280.4577,7164.0722,12101.3688,10547.7898,11244.4325,10103.5769,1378.8010,8275.9425,12312.2130,7803.8872,7695.2278,10862.4323,11406.5618,7902.1227,8698.9416,13150.5999,12134.8945,7421.0463,12368.4754,5126.2143,12775.4540,10777.2873,10121.8224,11926.0392,10550.0926,12178.9518,10155.1928,7948.4656,9060.5539,11060.5698,6564.5148,5830.3924,10187.7627,10362.7589,8736.9104,0.0000,12424.5441,13487.0211,8999.2164,13450.3387,844.7624,9358.0203,5540.4220,13038.6238,13074.4574,10472.6374,9712.8619,370199.0675,377613.0243,367775.0759,373557.8698,368868.9977,366367.9922,372642.5816,373650.8263,362454012.3831,362457545.4035,362470088.3078,362471483.1239,6596.7301,7753.6165,5398.9001,7037.6892,11475.2139,12315.9369,11069.3732,10024.8970,10054.6715,2884.3569,9637.5619,5911.3321,9240.6558,13520.7779,12360.8314,11582.1730,11843.5739,5795.2030,12969.3324,3996.2749,10089.9471,7854.2706,9149.7288,9239.3786,13176.4045,12337.8948,3103.5984,12908.4279,5408.7469,5848.6996,11656.5953,13760.1857,11594.2725,12644.1147,12690.5427,7096.9399,12138.0663,9761.3720,4291.2437,4798.3604,12574.8030,7401.8709,2648.3107,7354.8900,5063.6167,4233.8368,10084.5902,11649.9155,10231.2243,5936.1854,8090.3844,8954.8127,10761.4935,9911.7082,13039.1717,13109.5196,10448.3714,10625.2356,5724.2189,0.0000,12105.5570,7786.8075,12410.5892,10424.7984,10682.6955,10468.9732,7136.8944,10661.2588,6264.8078,12032.0274,13108.9209,360795.9861,367871.8850,358287.7252,364074.8416,359283.7806,356882.3090,363131.1210,364130.1037,362458746.3886,362462280.0553,362474822.7741,362476217.4386,12012.0767,8892.8596,10805.1538,13532.8076,9173.9393,11022.6868,8649.9991,11010.1764,5460.9041,11952.1986,3943.2937,6551.5104,12870.7554,12272.5949,13190.5808,13199.6388,10955.1911,9298.1405,4777.3964,7153.7711,12163.7771,12690.3754,12222.6551,9947.0150,7857.6409,6354.9904,10439.1285,10675.3876,10496.5683,9096.6088,11585.9992,13602.9294,12996.2235,12947.7455,11656.3327,13747.6240,4015.1089,8056.6090,8944.9173,12078.7613,9993.9045,8104.4993,7476.4645,7102.3000,3689.6115,5789.0809,9765.3216,13209.1846,11159.3252,3679.3821,2890.5677,6042.4737,13171.9087,12367.9593,9515.5579,6419.1939,13320.1652,1026.5790,0.0000,13088.0491,11822.7942,8632.8139,11071.5537,7551.9056,5820.2844,3833.6834,13160.9535,11023.0123,8888.3926,13490.8633,363702.1831,371184.7315,361292.0636,367015.3406,362310.5541,359950.9900,366289.1364,367208.1364,362459870.5905,362463403.9022,362475946.9151,362477341.5795,5139.3721,2950.0028,7053.1605,13438.9377,7789.6890,12332.6273,6399.8084,9703.7283,4139.8793,10159.3773,12942.8238,9993.6073,8129.5618,8312.4691,8372.8309,4116.4831,13328.1588,9081.0317,13194.6381,617.7887,5293.4766,2821.4624,13229.1040,13366.3623,7645.1098,11243.7067,4863.8759,6361.4734,13138.7969,11849.1136,5391.5668,9845.1858,9963.8033,5110.6969,6598.3119,13057.7591,8615.8809,4856.5685,8728.1662,9047.9764,5841.5281,11310.7884,7343.9884,9896.1237,12025.9523,10121.2186,5844.0145,3099.4210,11626.9219,12914.5534,12582.6468,5035.7249,11111.3101,13328.4559,11875.6936,6251.4435,11594.2053,0.0000,6671.9539,991.4240,12452.0968,6815.6231,13281.1776,12399.5429,12474.4035,3964.6858,1713.2808,11573.7193,8992.8547,364922.8414,371499.2875,362300.2651,368114.9852,363195.0325,360868.5857,367049.9823,368078.6185,362451744.5349,362455278.4059,362467821.1273,362469215.7173,2614.1561,10913.0732,13628.2562,6992.4600,12826.0880,5503.8343,7886.9189,5227.2582,5917.3280,12376.9473,11932.5939,8872.3956,11748.8912,11741.6584,6627.0032,13090.7525,4786.0182,12824.7750,5630.5754,9301.9318,5256.7512,13429.7821,12103.7977,3392.5581,10608.2081,6914.2939,8282.9571,13532.1765,12636.0119,9001.8531,12650.4044,12708.6867,8230.6112,10176.6132,10366.4747,8619.5920,881.5196,9290.9767,10578.6928,3064.8317,11283.2913,2410.7295,5877.5406,9017.9478,8552.4604,9976.0241,5834.7716,7945.1581,10014.6368,10088.2804,9362.1845,13239.6365,13165.8505,9097.6432,10312.1083,8350.4918,0.0000,8914.9361,4485.5938,11131.6944,6019.8599,13024.2488,9719.6410,10745.3249,7466.6754,3928.0744,9945.1416,11854.5608,362189.6745,369028.1727,359627.5269,365388.6434,360513.8664,358252.7498,364506.6475,365461.7075,362456098.1464,362459631.9871,362472174.8585,362473569.3944,9325.8908,13869.5579,6409.2190,13167.2103,4723.5349,9387.4352,3296.3609,8170.5408,13219.9405,10832.8407,7750.5609,10462.3237,10422.7724,5882.2196,13307.9751,7204.8488,13529.9008,3541.0254,7869.6362,2895.3016,13475.8912,12727.4957,5805.0749,10492.8126,6431.9541,7976.4809,13777.9211,12140.8774,6967.8536,11559.6498,11643.5912,7305.1647,8337.7885,11830.4927,9286.0271,2702.6840,8326.1620,10530.4168,4646.9729,11976.6369,4931.1745,8201.3533,10363.9174,8697.3585,8391.4034,4852.3932,9820.8169,11652.9353,11236.2364,7666.3457,12455.3969,13336.8873,10268.7733,8728.2661,10359.5987,0.0000,7216.2781,2081.0189,11577.4383,5273.0528,13624.0008,10949.8734,12153.4988,5248.0286,2412.1825,10368.2818,10461.2401,363640.1260,370311.9196,361039.6952,366820.0750,361908.0760,359645.0594,365866.8815,366846.7446,362453646.4951,362457180.3872,362469723.2193,362471117.7538,9849.4482,10119.9832,9222.0612,9967.7434,11737.9104,8418.7996,13478.6893,11051.8874,6034.5681,8476.8024,1779.3568,1686.0147,7175.1185,10439.2582,13035.5193,10790.1075,6602.9239,3425.8498,7614.2957,9734.9763,11939.2104,12308.4371,10589.4065,7589.5141,7400.5019,9462.2780,8465.1754,4335.7366,3552.6817,3726.5789,6009.6658,3147.4572,13506.2641,9690.9332,10721.5171,8688.3805,7531.0371,10980.6237,10063.9641,12303.1694,13306.8222,13383.4494,11369.6719,2027.2594,7396.5793,13797.8658,13689.1475,13061.0221,2598.4378,5442.7304,10353.2856,13067.0103,1423.4539,13520.2895,0.0000,6337.9117,7690.2253,11689.0744,9956.2184,10553.5189,13176.1233,12420.2371,5696.4999,8200.0052,11814.4686,3784.6458,370903.9923,377568.5878,368304.3419,374147.6703,369271.9356,366839.1374,372998.7422,374075.0320,362447505.3877,362451038.9128,362463581.6302,362464976.3462,12019.6821,4507.7755,12828.7290,10771.6073,13261.1624,11495.8272,4958.0825,7795.1471,11084.6167,8718.1567,8509.5427,12529.5162,3254.1774,12245.7809,3823.4280,13285.8785,11154.7054,13346.1383,2654.5804,5396.8179,12947.3361,8672.5291,12437.5262,11542.0690,1717.1283,5968.8327,11569.0996,7053.6548,6902.8573,11917.9497,10569.8868,7615.9341,10628.1307,13667.9880,10600.8540,9253.0100,13335.2814,7560.5251,13191.7516,11679.0063,9389.3652,10559.6134,10770.0918,13033.5498,10155.3804,8061.0850,8090.9174,11277.1817,5352.0400,3344.8884,9271.9724,10462.8488,9839.4319,0.0000,11271.3420,13621.7581,7209.3493,12584.3146,2800.3733,8497.4460,7445.7159,12484.1980,13559.1392,8906.2775,8456.2795,372224.7006,379606.1327,369794.2382,375560.4101,370852.7078,368405.6333,374693.3905,375676.8209,362452286.9419,362455819.9318,362468362.9538,362469757.7298,13492.7506,1836.1143,12444.1584,4028.0855,8654.3031,13411.1907,7675.7231,2804.6458,11119.1510,10660.6723,10740.7620,10047.2661,9308.9825,13232.7759,8178.4335,10796.6190,5345.5462,10486.1634,9063.3400,9159.7446,5091.0651,11249.8619,12175.5479,12728.5003,8207.1594,6728.8234,10838.6077,10842.2568,11474.0392,7749.8689,9719.9506,12885.9862,7686.2129,3094.6190,13346.1989,9527.2542,13784.4348,7478.1999,9920.5435,7284.0139,3082.2638,10490.5904,10056.3531,8520.7513,10184.8227,7880.6918,10085.0274,10994.3785,10016.9321,6755.8259,10441.0392,11151.3944,0.0000,4665.7663,7078.9776,7055.9010,1246.6061,12876.3093,7726.5994,12932.5294,5923.6417,8214.2322,5363.2065,8754.3173,368395.7753,375223.7859,365835.5224,371560.1020,366664.9580,364499.1421,370783.5632,371688.5694,362451408.1277,362454941.7877,362467484.9429,362468879.4206,13712.6667,7996.7429,13513.8676,11300.5465,2605.9782,10019.2941,12898.0739,7852.1714,8057.3302,10118.0419,7388.4733,11295.0157,2366.6764,12068.1972,9272.2051,13188.3843,6865.4386,8838.9154,11673.7834,11638.5326,9792.9342,8459.5504,2870.8041,9344.1129,11911.1440,7408.8126,7341.9747,9327.0744,11016.2211,9153.3970,7156.6023,12577.0886,12654.7349,5489.6165,11571.2933,3525.3865,12580.1854,10700.4464,11209.2792,12766.1284,9379.1993,10932.7337,10901.6045,9009.4440,10365.5919,9914.8193,6656.9661,7501.8079,11302.6556,9262.7468,8926.2599,0.0000,12446.2567,12744.7977,10408.0421,13659.8242,2709.1385,10587.5028,5520.5931,12594.4106,12168.5596,11640.2904,9644.8610,369197.0523,376522.6760,366751.5170,372557.9883,367856.1661,365319.5755,371565.2008,372605.3851,362453991.5803,362457524.6798,362470067.4689,362471462.3066,11770.3505,2591.2520,8298.5571,13643.0955,8652.0858,4001.5722,11093.1771,10732.0243,9589.2732,11211.3107,8563.2689,13608.2555,6864.2794,10111.4835,3967.3749,11588.2024,10278.5497,8097.5391,6753.0981,10130.1469,11256.2205,13325.6547,9512.0721,6497.0254,11222.1576,11252.3121,10520.3701,7786.1249,10372.3090,12139.6527,6196.2063,4508.3104,12852.3980,8215.0591,13573.9334,6386.6734,9342.8014,8055.1477,4636.6276,9995.6370,8783.8908,8741.6086,10645.6360,8845.7154,9468.6897,11630.7315,11198.9299,7663.0174,10049.5575,10968.5437,0.0000,4985.0038,5582.2820,8465.7825,601.7697,13377.1925,8619.0851,12927.9921,5229.5759,6721.2645,6831.2954,9290.4654,366902.4031,373663.7277,364325.6158,370062.0570,365153.3949,362977.2670,369245.7993,370165.6067,362452015.3607,362455549.1164,362468092.1940,362469486.6710,11527.1837,6616.4986,6921.0876,13598.5430,13404.0712,11403.8552,11712.2727,7089.8925,11966.9775,5312.5661,7929.6747,9685.2417,9687.7293,11155.7252,12117.4894,11565.0071,5345.8691,13191.5233,6532.0523,6133.0389,9905.4763,13431.6466,12674.4136,12209.3008,12229.4436,7792.9441,12850.3128,8925.9515,3171.7472,7393.3592,13473.0385,6246.7866,5436.2856,5006.8075,7200.7373,4860.3968,10138.1667,12458.5475,10689.1732,7618.5962,8129.4245,8021.9108,10460.9874,10600.8950,12310.0990,12135.0761,10568.2340,11000.6476,4693.1149,0.0000,13192.3615,9872.9254,12191.9163,12032.1514,8689.1168,10264.3094,4719.4949,12126.1556,8466.4893,12283.2278,13226.8049,361719.2573,368960.3185,359250.1447,365039.6354,360299.5122,357839.8389,364098.3600,365106.4173,362459230.9619,362462764.4550,362475307.1698,362476701.8984,9477.7350,13817.8734,8624.4988,4837.1329,9768.6242,9498.0527,7834.2433,12149.8150,9191.5976,13844.9091,4590.7322,8217.7940,1430.3768,12292.8563,11714.5589,8259.2059,8423.4369,8487.2314,9759.8800,13492.0007,10193.6641,4867.7716,10401.6785,10472.3458,8710.8170,6417.4277,11880.4894,11283.3823,5638.3290,5531.6344,11754.5585,7584.8044,13174.3634,6945.2336,10046.0282,10006.4344,6870.6279,8161.3684,6929.7985,10346.8206,12030.2682,10671.9357,7511.1567,11237.5159,12123.9605,9671.2291,8294.3640,11771.4356,0.0000,4355.3102,3363.8552,10173.8523,2967.5619,13690.0763,10478.8437,13301.3878,3159.5182,4880.2061,8833.9335,8568.3565,366615.9125,373241.6963,364006.7267,369775.6657,364845.2515,362624.2922,368851.8545,369815.4997,362451048.6114,362454582.4424,362467125.3871,362468519.8946,9745.2644,12793.7513,10614.6289,13656.2369,13592.4099,10223.2039,10833.4789,2156.7740,10238.5054,10489.3311,12466.0150,9956.0511,11550.1582,9032.6829,3840.2133,9707.2615,10149.4458,10643.3591,11624.8683,12025.7576,12391.4989,13731.6378,13714.1306,11401.8009,13013.5356,5629.7274,9052.3271,6220.5454,10590.3746,11340.1218,6143.0233,9977.7258,3697.6478,2001.8070,5054.9574,7987.9787,13010.3151,10011.3095,2693.0839,4973.1931,6227.7891,12726.4087,13468.2433,10998.8369,5597.0304,13190.4825,3639.3968,0.0000,11632.7986,9694.2308,8726.0213,8468.1535,10478.9264,5764.3738,7315.0559,11470.5516,9065.4448,8049.9467,13464.9889,362504.5970,369788.6825,360047.6078,365760.2244,360989.9448,358720.9124,365054.5654,365951.2549,362459392.3037,362462925.8398,362475468.8870,362476863.4560,11188.7387,13290.8578,9910.9810,10055.4914,10812.3995,7347.3524,9940.7441,1193.4596,12784.8112,10811.2758,13665.3580,7231.6187,8039.2107,10670.4412,11499.0451,10430.5581,9282.4925,3841.5454,10016.9470,13083.5360,9427.7215,9352.3789,10432.1106,12434.2056,7344.9876,7156.5215,12184.1377,13007.6017,6738.9820,11069.0347,3472.5712,11656.0700,9145.6023,9819.6418,12326.3138,11075.3508,11534.2495,9193.5670,7020.9828,9033.8186,11468.0820,8524.7632,7530.8156,10062.4253,11024.7516,6920.0989,0.0000,13272.0005,13204.8254,9791.8624,13602.2533,2207.8970,9212.0296,3245.7276,13485.7451,12496.1618,11015.2475,11228.0560,367759.9285,375221.6369,365346.0261,371126.4687,366449.7861,363941.3409,370222.2524,371227.3619,362456271.5572,362459804.6401,362472347.4990,362473742.3124,5272.1898,6279.6955,5537.8310,11338.9250,6570.4676,13326.4233,10486.6206,9883.7202,8824.5213,8815.5511,6090.9618,7990.6827,13274.4636,5768.2901,11742.6156,11705.5166,8529.4441,3105.4729,5552.0360,4619.0479,4555.7153,10808.8059,4503.5971,11064.5679,12787.1916,12167.6712,4940.3876,11253.0885,13001.5381,12003.3722,12601.6110,13453.6997,10467.5501,7705.0141,7727.1858,11292.1154,12010.0418,11740.5052,9783.2124,7978.0493,4423.3081,6389.8515,9903.3854,7249.1827,13259.3606,0.0000,4770.3517,10053.6347,7285.6381,8282.7086,9778.3620,10048.4831,12644.9189,6994.9204,11003.4698,7629.8117,2437.9226,373925.4373,380795.3750,371376.0300,377153.6135,372301.2665,369980.6532,376218.4587,377204.3849,362447029.3341,362450562.6664,362463105.7159,362464500.3571,9491.4675,8910.3804,10973.9168,9124.0478,11212.6948,12917.2904,8348.0987,9970.5807,5771.5510,9311.7527,8868.7330,11013.1652,4481.2810,11525.9789,12227.8331,11857.3445,6394.8047,5102.3454,8923.3649,8922.8791,11274.5194,5766.8808,10641.1586,13308.0276,9400.6468,794.0231,13032.0539,11017.7119,13769.8357,9633.0937,11698.8927,8676.0304,4246.3794,9311.2897,10425.6703,10215.9171,11246.2238,8778.9106,9044.1040,9126.1672,9029.5816,8050.5713,9116.4691,12498.3194,0.0000,2591.0059,7674.7725,6988.6929,3508.1906,12415.6127,8794.1133,13492.0426,5077.7537,9003.1261,5837.9198,6456.0797,370820.6434,377594.1920,368248.4008,373991.2934,369090.9531,366892.2163,373154.8705,374086.2591,362448983.3039,362452516.8881,362465060.0231,362466454.5367,774.9890,7684.2038,9773.9169,13267.7131,9594.0034,7853.4256,4015.8327,9027.5678,8948.8083,11542.7735,12700.8740,10916.4982,7935.5117,7342.5268,8159.2625,8272.2213,5925.1549,2497.4604,2671.0691,6312.1983,4601.5672,13180.0885,9263.0851,11519.4577,9580.3834,6667.0666,11491.9606,9018.6071,12896.6980,13386.2233,13458.6046,11968.6975,2942.2181,8136.2334,13824.1004,13345.5278,12972.2006,3745.9936,4359.7610,9697.3284,13185.1998,2425.8816,13232.5507,0.0000,7623.7025,8967.8988,11647.0696,11055.5415,9358.4082,13133.8243,11633.4115,7270.5351,9232.5028,12066.1953,4143.3478,371306.9486,378068.6371,368730.0134,374576.6314,369731.4387,367260.0816,373424.0793,374508.1170,362447890.4142,362451423.8382,362463966.5429,362465361.3007,8082.1949,9349.7227,13308.7601,9671.3164,7948.5271,4475.9191,8841.2288,8527.4899,11133.1478,12789.2272,10328.0677,8373.4708,7877.2241,8099.8051,7629.2996,5513.2587,1979.0258,2159.0372,6820.3644,4077.7549,12967.9058,9724.1298,11569.0621,8975.1558,7248.4186,11672.3209,9396.9245,12868.1595,13436.4354,13144.0222,11471.4761,3293.2032,8452.4040,13653.1479,13197.4974,12630.9351,4015.9690,3913.4055,9258.6938,12833.0847,2723.8499,13285.1186,0.0000,7072.2986,8965.6308,11156.1661,10658.9690,9360.9149,12806.2764,11788.3981,6975.8118,9356.5519,11568.8097,3374.2750,371764.0286,378527.6083,369187.8251,375027.5439,370178.9761,367725.4552,373896.1896,374970.1906,362447580.2946,362451113.7093,362463656.4532,362465051.1974,13379.8420,8740.6805,11306.8374,3765.6004,4061.1552,6702.5720,13145.0605,13720.8533,7361.0184,13045.4128,792.0987,2407.3279,11735.9057,12816.2889,7914.9820,9595.7242,9715.6862,1841.2594,8374.0187,12906.1948,5104.5559,5932.9509,11382.6754,5648.5255,5179.2886,8345.2272,8169.6430,9238.8444,12839.3724,12327.2528,5388.5930,1167.7457,11862.7996,12505.0559,13200.9628,4910.8761,10811.1858,13424.8189,12872.4059,5945.3643,10403.7142,0.0000,9534.4749,4870.3277,13510.1491,9956.0370,11660.9972,13052.2375,10386.2485,7245.6589,3588.7032,13139.2798,10007.2063,363743.3965,370462.4443,361152.7866,366993.4690,362129.5233,359691.3966,365860.0568,366930.1766,362453557.5430,362457091.3067,362469633.8859,362471028.5761,12003.2190,6393.6118,13295.6715,12107.0669,12562.7540,1208.2205,2798.3745,12821.2726,5879.4514,13438.1381,12941.4294,4878.6446,3847.7093,10947.3600,7873.7192,7718.5725,13055.9686,10164.0166,6541.7357,12258.8311,13337.7461,8498.4985,11345.6523,13511.2112,9899.2495,12555.4223,11564.5876,7497.4915,8108.5917,11571.1535,13616.4878,9050.9750,7387.9824,6061.4087,11926.1288,6182.3730,250.9811,7181.5091,11234.1450,10078.5437,0.0000,9945.4394,13297.4715,4327.5478,10853.8982,5453.0745,6548.1193,8905.3770,11766.0569,13553.4191,6200.5210,8106.8452,372892.0894,380243.8251,370455.5546,376190.3700,371456.1537,369101.6969,375416.8130,376353.3326,362451727.3093,362455260.3430,362467803.5165,362469198.2111,10596.2223,9391.7144,11510.8797,9399.1062,12556.9449,10563.5228,1870.3314,11020.5996,8609.2638,9218.9942,12101.2081,12980.2160,12150.1382,13730.1674,13738.8345,10081.6593,12852.2271,7362.9225,7684.4312,4834.0756,11316.5304,10345.3412,4251.5391,9413.3561,2757.1337,1185.2809,7027.9955,9280.3560,12258.3231,8534.0087,4769.6641,6598.5546,8095.2649,11911.8436,13736.8968,12160.1237,7495.3418,12529.4150,4058.5834,0.0000,11802.9809,8697.3889,10308.8802,8858.2106,10979.5348,7673.2064,7410.3721,11090.3804,7751.0333,9627.5518,13620.8133,361249.3625,368445.7191,358770.5961,364505.9886,359721.6980,357420.3969,363726.7793,364653.4516,362459577.5974,362463111.2222,362475654.1555,362477048.7420,13030.1699,10923.1763,13742.2135,6204.5956,7364.3338,11341.3129,10937.1357,10988.1355,9860.6248,2741.6346,9161.2053,12843.6648,8832.9212,8739.0910,10833.8983,12087.3520,7299.4008,8033.3895,12685.5186,12582.3962,7260.2901,11744.8216,4377.7303,12157.4221,9836.8238,9734.3529,12027.0069,11030.6463,11996.5960,9440.9651,7165.1144,8787.7916,11471.7503,7736.7758,6568.4227,9903.5261,10914.1587,7633.4436,0.0000,12938.5120,13448.2572,9218.9438,13517.6032,1038.8761,9030.3613,4223.1279,13385.1124,12885.6795,10592.4098,10638.7162,368923.9219,376383.4333,366510.1118,372287.6861,367609.0639,365108.4060,371391.5945,372392.9495,362455372.3701,362458905.4119,362471448.3077,362472843.1198,4720.4533,3241.2876,13142.8426,13457.0067,7968.6028,11434.0761,4537.6908,5978.1744,12931.1012,11809.4090,5259.7454,9486.7567,9611.9203,4611.8525,6361.6618,13233.8011,8403.4134,5300.2165,8930.7607,8655.8540,6092.1886,11071.8566,7782.7618,10161.3852,12317.7037,10451.5766,5305.0300,2822.3475,11923.1701,13088.8847,12810.4516,4487.2085,10818.7012,13292.7295,12166.4653,5735.7702,11751.2539,0.0000,6750.5746,1600.8848,12619.2251,7252.5878,13122.1820,12647.1287,12435.0816,4003.9633,2021.7770,11825.9627,8749.5376,365154.5482,371724.9324,362530.5574,368352.0092,363434.2025,361091.4860,367265.9538,368304.4919,362451478.8626,362455012.7200,362467555.4182,362468950.0232,7072.6472,11563.3468,13181.6833,10467.4371,12218.1003,4442.4874,4368.9014,10416.9689,10855.4705,5780.0646,6300.5174,6457.2501,2691.7157,5538.5402,13661.7700,7280.7355,8867.4363,10313.4425,5636.7210,8686.7061,8859.8299,10864.1236,11864.6299,13660.8586,12319.1176,1451.6117,4488.6447,13407.5988,13556.1389,13624.3822,1352.5656,7938.9698,12085.5299,13507.0942,2038.0298,12426.3578,0.0000,7955.8518,6178.3670,13018.7973,10293.5628,11006.3085,13625.9322,11543.4693,6120.6887,6041.8031,12948.4142,6918.0482,367632.0825,374283.3178,365027.5672,370883.1490,366009.5870,363549.5217,369697.1082,370789.6930,362449924.1783,362453457.8243,362466000.4230,362467395.1471,12592.5473,12360.5404,8269.2529,9372.3436,7404.1938,8732.7074,13407.5754,10631.3881,4382.4832,9975.0625,10066.8519,7539.8614,5955.8698,12480.6985,10575.3347,5450.2470,6460.3879,10928.0713,7180.8652,12698.9022,7260.5909,10253.3074,10884.0223,8052.6738,7112.2297,5769.2673,11017.5766,12550.8649,11486.6058,6393.0313,11018.6593,12537.5307,10594.1545,7312.5836,11970.4402,0.0000,4673.9404,2157.0678,11015.8094,4341.7291,13646.9605,11307.5275,13237.9727,2517.0381,3853.2202,9848.3083,8360.2953,366319.4286,372900.4021,363699.2697,369486.2177,364552.6167,362297.6461,368504.9124,369493.6306,362450844.9285,362454378.7817,362466921.6478,362468316.1814,3985.7379,13250.1390,6508.2021,13204.0714,12611.7721,4246.2366,3618.3662,10622.1297,6934.5314,6770.3173,12661.8277,9678.0024,7518.6976,12103.5197,13621.2376,8720.4525,10862.0144,13736.6629,9637.0301,13068.5383,12141.6041,8521.0775,8819.2930,10957.1567,13441.6663,9946.9400,8276.6818,7145.7297,11381.9244,5139.5776,1099.0353,8203.3732,10584.7440,10671.0347,0.0000,9838.1975,13280.7657,5339.1188,11243.1315,5219.7752,7610.4339,9154.1629,11598.9400,13544.7919,7099.3373,7422.1477,373403.1640,380715.1754,370957.2571,376706.0783,371968.0406,369588.4633,375887.3702,376843.5014,362450944.0275,362454477.0534,362467020.1813,362468414.8985,11642.6172,4962.6450,13780.7022,13529.6198,6800.8225,5322.1463,11656.2371,9957.1399,9826.1737,13769.8271,11260.9784,4367.5188,12526.3498,12473.6850,8231.3585,12374.6041,12786.9030,10608.4944,11170.3485,10104.3553,5006.0853,6582.4200,12823.0867,13810.1324,6868.2983,5430.6936,3456.4183,13013.8118,8529.5465,2944.7248,4711.8355,12577.1707,8721.9651,0.0000,10270.9713,13150.5104,2390.9896,9921.2895,6645.6396,3986.4599,8582.4587,12070.0671,13367.5720,4322.6706,9742.3715,371273.1371,378687.1248,368851.1446,374557.1108,369824.9953,367528.2837,373875.2023,374770.6433,362453633.5024,362457166.5913,362469709.8464,362471104.4858,11553.6143,7279.1318,8154.3678,12686.9033,13364.6605,11338.4764,13469.8830,13503.4836,8880.9848,12171.4198,8881.1250,7141.2685,3220.5561,11240.8785,9849.2967,2482.6545,9605.0977,2108.4721,2899.1664,8347.4510,9735.0980,11320.8404,7035.9290,6388.3055,8194.4649,9396.4345,10882.5168,13749.1121,12954.7611,8699.9671,11658.4375,5589.4838,0.0000,11271.2712,7282.6418,11233.9515,8489.7158,11740.0251,8996.5430,8385.9145,10123.6766,6176.9587,10429.9262,13294.4089,360844.0506,367908.3888,358333.8230,364087.4352,359274.0910,356965.2896,363244.6786,364194.0373,362458820.8070,362462354.5286,362474897.3878,362476291.9717,13382.3385,13669.2822,9910.5997,4375.8271,8663.6341,9557.9087,9474.6685,13265.3223,8681.3982,7591.1417,13735.9321,11169.5238,3747.4490,13543.1595,12323.4744,13063.8950,10359.6819,11096.5547,5897.8764,2930.7518,11623.9780,12765.4153,8211.8838,8519.3916,5401.0524,11597.5339,8798.7506,5810.8923,5158.9486,11360.7721,11001.8895,0.0000,6538.9762,10835.9124,2803.4513,6229.2564,10268.0583,5613.0655,11805.6963,8940.0464,11667.9551,2206.3917,7888.4422,371804.4403,378898.6504,369308.0112,375016.7972,370191.9029,367985.6019,374305.1707,375195.7789,362450806.8715,362454340.2009,362466883.4798,362468278.0225,1801.0610,11564.3341,13089.3271,8578.6922,9824.5223,9938.6544,1935.3033,8955.5819,12813.1253,4412.6296,6184.0700,11901.5150,5155.6736,5133.7953,7812.2380,8279.1178,9036.3930,12916.9193,12694.6104,5811.5410,1854.5702,11818.0380,12355.4526,13259.1795,5423.1488,10969.0520,13494.8542,12990.9900,6357.2801,10095.0146,0.0000,10157.4143,5574.4566,13692.7616,10492.4662,11404.2569,13110.7182,9946.7046,7964.0409,4193.0541,13396.9591,10429.1319,363398.4026,370158.6556,360817.1704,366659.4721,361808.4373,359353.6292,365524.0945,366597.5685,362454119.7129,362457653.4543,362470196.0168,362471590.7223,10484.0691,12891.3942,9228.6506,9204.0397,9309.9509,1973.1823,9279.5713,12671.0743,3375.3527,7588.0587,12513.9428,3445.0927,6300.8115,6422.6660,9338.0834,9428.6115,13184.4263,13307.8376,5716.6889,3562.5160,12089.5094,12197.1621,13338.9693,5592.9925,10258.6830,13005.1746,13281.2192,6202.5378,9976.6288,0.0000,10850.9168,7098.8057,13739.4823,11555.3845,10337.6668,13245.1253,9133.3906,8948.1380,5851.2179,13711.5252,10312.0439,364041.0465,370877.2732,361477.7761,367327.5968,362503.6636,360004.8991,366173.7362,367260.9488,362454132.7771,362457666.4208,362470208.9588,362471603.7100,7209.1560,11691.1008,6845.8656,6718.1218,11006.0655,10666.1576,8295.7234,9478.9356,13461.1452,11462.3169,7893.2002,12878.1240,6155.6374,13182.9005,11512.4378,10247.8788,11556.3071,10167.3792,12367.4825,10612.7550,8516.4468,9096.0944,10720.2211,5411.9052,4972.5401,10210.2035,9906.7840,9639.0587,0.0000,11748.9765,13424.0851,8550.9638,13148.8499,1913.9346,9440.2079,6739.9093,12579.6928,13185.3605,10093.6780,8729.2321,371389.2996,378754.4431,368954.3673,374738.0348,370035.3539,367546.7873,373816.7737,374825.2791,362452713.4723,362456246.4839,362468789.4140,362470184.2221,8218.1603,6241.9302,6109.0819,12420.7513,7368.4972,9064.3476,13188.5977,12946.5099,5763.8044,11939.2497,13622.7421,11689.5933,12717.3547,12883.5583,8791.7728,7012.6876,9975.8734,12851.9025,10651.3354,9918.3703,7755.4676,10267.5775,5019.4484,3638.0858,8227.7255,9544.8430,12181.7925,0.0000,6987.5512,11801.0304,4974.0671,9076.1171,8298.1622,8138.1142,11504.0780,9320.9894,12522.2804,5989.9762,5230.4660,374182.2328,381271.9738,371684.7346,377433.6120,372629.9185,370318.3891,376600.2420,377550.2234,362448654.2397,362452187.4202,362464730.5823,362466125.2291,6548.3491,6652.2111,7706.1255,1719.3230,13144.4234,11412.3152,9094.8374,5600.2198,10402.8156,10249.1000,12461.2893,10625.4132,12701.9416,12019.2423,8757.5378,4916.2091,7482.9524,12754.3154,13452.2456,12043.8718,4557.0294,7839.3129,10849.4259,11579.1058,4754.6721,13583.5264,0.0000,2575.6730,5543.1411,10557.2361,6463.1606,12524.7678,12065.0360,13711.9686,1917.7395,6884.5869,9974.5283,4478.5168,370280.8582,376849.9371,367659.4307,373467.1789,368543.0816,366234.4058,372420.1946,373441.1084,362447501.2816,362451034.9616,362463577.8241,362464972.4215,185.1104,8420.7726,4986.9920,12285.7717,10517.5217,12561.5695,8813.9047,8009.6986,12672.4258,9438.8920,13490.2076,13729.8007,12642.4419,11148.2265,5215.8130,9984.7257,13409.0232,12638.6970,11910.6333,5901.1643,2001.5561,7760.0355,12299.1586,4666.5354,13230.7411,0.0000,7500.7679,10324.0935,10180.5622,11056.4368,8347.5549,12161.6679,11501.8539,8112.2006,10741.8795,10882.7220,2973.9592,373046.9039,379915.9519,370496.0241,376322.4060,371497.4647,369047.0655,375238.5989,376296.2868,362447431.0581,362450964.3541,362463507.1748,362464901.9282,8552.7983,5093.5910,12194.4908,10571.1949,12627.3533,8797.0633,8073.1315,12737.5833,9428.9570,13519.3030,13726.3438,12569.1659,11101.7571,5384.2413,10105.6716,13356.7198,12557.9858,11818.0962,6065.0299,1818.3625,7603.3366,12224.1559,4838.3122,13195.8098,0.0000,7547.1333,10431.8698,10070.7196,11079.0962,8237.5147,12075.6630,11450.8897,8214.1705,10848.6390,10800.3182,2998.0253,373130.9357,380011.3885,370582.7727,376407.5749,371585.0979,369135.4228,375329.3439,376385.0425,362447459.1650,362450992.4505,362463535.2789,362464930.0328,7814.2959,13388.3625,5258.2837,7601.4503,11634.9068,4633.6509,6863.2921,7893.6948,9689.7487,10443.5949,13553.0843,12943.2498,4127.6011,2779.4381,12768.7424,13055.9257,13708.4491,3857.3647,9767.4415,13084.1068,13543.3678,4689.4645,11203.4525,0.0000,9597.5932,5988.5271,13727.2280,10813.6356,11151.8534,13629.8307,10546.1937,7473.3732,5083.1394,13575.5290,9204.0410,365063.4761,371775.3417,362471.7374,368326.6721,363469.5555,360994.3068,367148.1230,368240.0485,362452394.5249,362455928.2224,362468470.7680,362469865.4965,13133.0472,11399.2961,10222.0574,6070.7907,9916.8648,11120.8213,11956.1661,11627.0670,13270.5129,12326.2958,9311.2855,4370.2454,8169.9823,13161.3882,13488.2635,12128.7005,4321.1031,6367.3501,10047.2906,11877.3542,4011.2739,13804.2886,0.0000,3403.1503,6889.9908,10413.1011,7682.0207,11703.7621,12221.7861,13457.9300,3587.3665,8002.6072,10155.8412,2922.5727,371461.3349,378076.0438,368850.8615,374665.9210,369759.5479,367417.2121,373599.6144,374632.9803,362446857.4965,362450391.0824,362462933.9359,362464328.5710,10864.8370,10686.2379,10222.0757,11877.0603,10599.8842,9501.8867,8739.7685,6638.9604,3133.5517,7522.2811,13764.5837,12990.0636,3285.8111,1179.9233,2519.8890,13803.9179,11229.7859,6756.1033,3613.6097,13708.6365,4960.3628,0.0000,12012.4862,12761.7510,5230.2833,10215.2048,7145.6083,2534.5498,6167.5607,12997.2570,12502.3634,5885.9270,12341.9820,367075.8542,374590.9025,364675.7838,370371.8830,365663.1049,363363.2035,369727.8307,370609.9110,362457691.3219,362461224.5102,362473767.7063,362475162.3356,7976.0689,13449.1279,3452.0651,6111.8769,4126.3630,8788.3541,7521.3577,11972.7451,13347.4301,8410.0970,6005.7170,10437.0409,10172.8470,12099.1738,8407.5410,10994.6718,12382.6295,12243.1786,8769.3292,7474.9539,0.0000,12501.7085,9089.5811,13136.3338,12406.5679,8752.0604,11987.8311,6333.1417,11099.0854,7677.3585,13319.8345,11878.4826,362951.5798,370033.4447,360445.3657,366272.0376,361506.7846,358995.5524,365205.9053,366265.1750,362456907.0340,362460440.5541,362472983.1498,362474377.9203,9826.0766,10017.4098,2313.1874,10861.3878,2826.2885,5895.0013,9560.2288,9247.4888,9647.0348,5163.3676,8355.4637,10271.9044,10570.0491,9030.4273,13220.3646,13416.2568,9667.6464,10021.5903,8338.1147,0.0000,9244.3943,4333.1831,11629.9602,6710.7361,12939.8185,10215.4851,10553.2077,7591.9457,3444.2687,10549.8540,11931.7356,361854.6374,368683.6712,359289.8583,365060.9128,360188.7121,357904.4071,364148.4559,365117.6149,362456230.2125,362459764.0599,362472306.8840,362473701.4380,13123.8030,11365.6116,13681.2525,9886.6656,11732.2506,8297.9826,3879.5711,9625.0516,10891.2429,9994.0220,10889.9661,8293.6483,9418.5503,8847.7693,8398.5833,7641.7079,9398.8484,12367.2420,0.0000,3122.6368,8295.5839,6324.0654,3980.7405,12035.9513,8345.5239,13284.5131,5731.4577,9548.0738,5252.5354,6394.6687,371250.9875,378072.8424,368690.2674,374428.0661,369539.1252,367339.1111,373610.3170,374535.6999,362449032.9519,362452566.4867,362465109.6496,362466504.1689,8657.9387,3796.9060,11103.6220,10174.0604,13099.4943,13812.8739,6490.6447,6733.7070,12179.3388,11452.3637,12866.5099,6817.1048,8639.5595,11422.0765,13212.9366,6724.1032,9702.7112,0.0000,11827.9555,9727.8821,13139.2454,13018.3417,7798.9279,12891.0198,7519.2084,10654.2308,8736.7560,13625.3578,9957.7113,365928.7724,372946.2284,363408.8743,369257.8152,364487.9087,361934.3786,368117.0822,369209.4238,362454002.0959,362457535.5182,362470078.0838,362471472.9025,9344.4681,3659.2197,5091.1065,10133.5086,10695.6702,9700.5298,4785.0765,8480.5438,9982.2572,11016.4120,9186.7854,13291.9665,13617.1839,10369.5627,10124.4581,7336.1978,0.0000,10706.7535,5678.1916,12363.9562,8675.6789,12168.5407,10681.5454,9235.1198,8986.9470,4207.8754,11598.6179,12584.1143,360943.3278,367857.1365,358397.4290,364181.5941,359341.1282,356997.0044,363235.9458,364226.0805,362457473.1517,362461006.9476,362473549.6931,362474944.2997,10984.0355,8823.7975,11465.2848,13443.0533,9497.7691,9255.6336,10350.3047,8950.3345,11065.3102,9827.2975,9251.6036,10045.0036,11725.1445,9611.3610,7359.8356,0.0000,13232.7502,11744.7544,11890.6482,13669.8287,5243.2083,11119.2735,4170.1343,12674.9611,10722.3898,12697.2943,11401.1319,365733.7226,373030.5522,363279.5975,369093.9243,364386.8662,361840.0199,368076.9927,369126.1936,362456415.9516,362459949.2028,362472491.8893,362473886.7170,3889.7862,7472.4114,8200.4685,11521.9047,7613.4000,5965.7508,8274.0416,8700.2918,11023.5904,13748.8672,12667.2707,7714.5754,11808.0103,6558.5021,0.0000,10184.0763,6744.1543,10353.2386,6785.3167,12393.2021,8264.8208,9589.1089,9279.5762,6112.8193,9228.1366,12860.5467,361696.9093,368708.8143,359175.3684,364913.1444,360076.0661,357824.4381,364113.9931,365039.2738,362457878.4356,362461412.1884,362473955.1342,362475349.6693,6756.9082,9572.2637,12596.1870,9163.9187,4298.0338,5760.3516,7698.8862,12323.9767,13596.9955,11738.8797,7299.8122,12841.1157,2918.6926,0.0000,12339.3025,9575.5692,10094.4075,9585.6878,10259.6366,7300.3987,6449.7579,11781.1166,8607.7501,9620.4717,13805.1805,361462.4469,368740.8205,359003.0347,364735.5717,359974.0981,357654.9440,363970.1474,364895.1676,362460029.8310,362463563.3850,362476106.3284,362477500.9360,4934.6608,13678.0944,12643.5890,2719.0381,3749.6047,1613.2617,13562.5116,11828.2104,7638.8877,773.3218,13630.9271,6416.1468,0.0000,10470.1601,11526.8876,4291.1106,7854.7392,9481.7986,1080.7355,8606.6293,11623.7466,11582.8021,3801.5875,11963.1260,367037.3255,374403.3902,364602.7323,370285.9168,365525.8284,363305.9982,369671.2726,370530.0639,362456694.8520,362460228.1828,362472771.4434,362474165.9936,11978.0550,11850.5679,6919.9983,8227.1531,5301.2846,11749.9944,10742.8303,8102.3151,4253.8648,11852.4313,10151.2791,0.0000,6585.6954,9506.0850,4367.6211,4158.0872,11564.1714,5219.6786,11885.8986,8390.1215,10316.0908,2429.2832,9389.5659,369295.5003,376338.5639,366786.3087,372485.8424,367640.2785,365474.8580,371799.2926,372673.9669,362452448.6315,362455982.1153,362468525.3806,362469919.8738,5679.3631,13710.8698,13781.6248,13535.3094,872.1747,6997.8536,11521.4640,13449.8528,617.4012,13045.6134,0.0000,7163.2947,6645.0626,12595.2776,10104.2833,10980.4354,13580.9773,12084.3932,5674.8599,6856.7031,12578.1376,5661.3577,369026.2391,375660.8990,366418.6087,372271.4147,367391.8617,364943.5389,371092.0848,372180.7901,362448717.0551,362452250.6643,362464793.3044,362466188.0237,11724.8961,12623.0208,13110.6872,5060.9781,11219.8731,13654.8853,12649.7194,6228.3143,10601.3784,0.0000,9016.2453,3816.8436,13400.7719,9187.6100,12300.4695,12933.5317,10969.0713,6571.8708,2487.1286,12858.7074,10053.1350,363569.4268,370244.4937,360968.6161,366802.3622,361921.4430,359515.3761,365687.2373,366745.7784,362453413.1257,362456946.9418,362469489.5496,362470884.2086,2936.5710,3795.7012,13546.4079,12781.1601,9228.6838,3419.8902,13773.8598,4090.9972,0.0000,11624.7570,11167.5510,6693.0813,8725.2068,9482.6319,3323.4838,7175.2251,12132.2487,10821.6963,6289.2413,13095.1208,364572.1448,371968.0584,362142.9536,367836.2995,363089.5800,360835.3953,367194.4719,368067.5716,362458747.2181,362462280.6083,362474823.7708,362476218.3421,3529.4459,13800.9252,11683.1292,7609.5194,4345.9592,13773.2228,3858.8411,0.0000,12482.4731,12639.7954,6297.9908,10552.7298,7181.0961,3422.2146,5376.9585,13211.1115,12221.0164,6815.0700,12839.5332,366020.8152,373547.6583,363622.8539,369323.7812,364620.7904,362305.0844,368666.4418,369555.3875,362458559.4117,362462092.6259,362474635.7779,362476030.4170,13519.8958,10888.7650,6212.4372,1561.6017,13427.2090,6828.0726,0.0000,10513.2138,12174.1811,3184.7686,8581.9033,8414.0683,547.6179,8276.1139,11903.8533,12262.9480,3488.7898,11389.8027,368336.2028,375744.7279,365912.0544,371599.1457,366854.1907,364610.3292,370974.9179,371841.2808,362455982.6537,362459515.8920,362472059.1619,362473453.7412,7640.3986,11880.7607,13336.5589,1361.1793,12965.5640,0.0000,6867.3396,5855.7975,12659.4217,9614.3693,11442.9901,13533.5841,12261.8382,5075.8874,6117.7088,12503.4436,6015.0650,368467.5312,375071.6157,365852.5660,371702.6550,366812.3812,364380.9144,370529.7863,371613.3552,362448948.4210,362452482.0811,362465024.7235,362466419.4235,6058.5219,11482.6706,6492.3052,12745.0391,0.0000,8232.5003,11483.9594,9041.4322,11397.2366,7079.7307,11208.4325,10837.4097,9322.6922,11853.9263,10061.6940,3847.5637,373720.2866,380722.1083,371200.9214,377009.9160,372214.2663,369769.5777,375987.8954,377023.8592,362447997.4646,362451530.6487,362464073.5489,362465468.3080,7302.8999,11174.1434,10288.4528,0.0000,9838.0315,13300.2161,4361.4446,10834.0263,5620.4299,6698.7980,9120.1252,11697.8081,13585.1902,6219.7321,7953.7239,373087.9635,380427.7313,370648.6978,376384.3356,371647.0730,369294.0553,375607.4665,376544.9185,362451479.6588,362455012.6934,362467555.8686,362468950.5621,13377.8826,7039.4201,0.0000,9928.4536,11367.2157,3684.2750,7415.5997,9582.8338,1187.6882,9056.0967,11232.9695,11538.3542,3037.9785,11484.3982,367647.8069,374979.7726,365205.5261,370889.5715,366120.0681,363908.1275,370269.8339,371129.1939,362455964.7102,362459498.0435,362472041.3166,362473435.8604,13203.0311,0.0000,6959.5056,7007.8208,12358.8655,10121.9960,10810.9253,13495.6559,12166.4508,5710.6583,7307.6398,12396.0465,5120.2338,369620.6217,376264.6843,367015.4872,372866.5042,367988.8505,365542.1976,371693.0655,372779.6458,362448326.3129,362451859.8939,362464402.5532,362465797.2743,0.0000,13195.7260,11415.1291,9373.6185,11085.2180,8113.5312,6565.4535,4000.3043,13039.0069,10497.4754,9489.2399,13737.4293,362854.2628,370300.5604,360435.0291,366164.9307,361452.6491,359087.3765,365416.9869,366344.0928,362460212.8118,362463746.1777,362476289.1481,362477683.8115,0.0000,0.0000,0.0000,0.0000,0.0000,0.0000,0.0000,0.0000,0.0000,0.0000,0.0000,0.0000,0.0000,0.0000,0.0000,0.0000,0.0000,0.0000,0.0000,0.0000,0.0000,0.0000,0.0000,6457.6852,8787.1885,4746.4516,12502.1687,10540.1639,13738.6287,3000.1003,7905.2663,7969.4747,4937.3660,370843.7200,377495.9100,368242.5188,374018.3479,369100.7603,366851.5719,373073.8860,374050.2931,362447861.6782,362451395.3141,362463938.3186,362465332.8703,12101.8409,6036.3058,13511.1747,11964.6108,12588.2505,3900.2350,1790.5819,11087.1778,9273.2571,364751.0180,371338.8094,362131.2250,367934.3229,363011.0581,360712.2267,366905.5290,367917.2525,362452030.8057,362455564.6908,362468107.4565,362469502.0222,8042.5444,8553.5444,3586.2552,9999.6702,10813.6072,12567.9603,2047.2330,9270.7417,371159.5086,378450.8981,368709.0043,374407.5654,369635.0109,367395.6721,373740.1414,374621.1047,362452847.5145,362456380.7205,362468924.0139,362470318.5946,13243.2086,8379.5100,12977.0938,5341.3549,7197.8513,6390.2256,9051.2454,367436.5001,374212.9139,364863.5731,370596.6792,365690.7954,363518.5992,369791.2647,370706.8770,362451728.0224,362455261.7497,362467804.8519,362469199.3284,8707.4081,5008.5730,13162.9243,13082.5620,10036.4684,10071.5909,369832.5179,377281.8807,367416.8105,373189.8723,368505.8443,366020.0792,372306.6670,373301.4094,362454617.4938,362458150.5138,362470693.4491,362472088.2519,8273.0542,11838.0142,12027.6706,3615.8012,11607.9893,367842.1056,375241.6713,365415.6539,371101.5636,366353.1418,364115.4158,370480.5422,371344.6740,362456304.6381,362459837.9053,362472381.1698,362473775.7411,13661.0644,11644.6883,10800.6400,12816.6071,364898.0010,372392.9998,362490.7298,368252.5043,363573.8792,361106.8544,367409.0173,368385.9333,362458825.6449,362462358.8432,362474901.7187,362476296.4835,5459.6387,9933.7661,6228.3551,368604.0802,375153.5080,365977.4684,371777.7453,366843.2325,364561.0935,370752.6617,371761.3123,362448730.3044,362452264.0762,362464806.9362,362466201.5018,11680.3140,10149.7351,363472.4112,370122.3886,360866.1810,366675.0653,361772.5661,359440.5844,365634.0533,366655.1199,362453448.9326,362456982.8083,362469525.5199,362470920.1125,9555.4032,370176.8745,377377.5345,367704.9373,373397.8934,368595.2893,366398.8438,372741.5796,373611.3935,362452971.6421,362456504.9705,362469048.2720,362470442.8053,373384.6454,380151.7351,370810.5115,376617.9963,371752.2978,369383.4314,375584.9424,376611.9429,362446509.5996,362450042.9950,362462585.9117,362463980.5878,28742.1586,6932.2112,6491.3590,12428.0341,10689.2486,16013.5795,11332.5229,362747644.9411,362751192.0714,362763727.2244,362765120.3344,23301.3874,24592.2524,20083.8599,22171.7465,17260.3390,17879.9752,362735708.1949,362739257.0034,362751791.3716,362753184.2190,7474.4001,7584.9295,5194.5990,11801.9817,7464.7879,362741749.8935,362745297.2603,362757832.3130,362759225.3816,8581.9319,12122.6180,15606.4194,9169.8322,362748098.1424,362751645.6621,362764180.8365,362765573.7973,11016.9295,15266.8567,9876.0426,362740308.6765,362743856.3899,362756391.6156,362757784.4846,8581.9319,7710.6014,362738860.0456,362742407.4134,362754942.2396,362756335.4060,6727.2773,362740666.9378,362744214.7120,362756749.1217,362758142.3227,362743716.2479,362747264.0084,362759798.7361,362761191.8041,24084.0850,30032.6869,23422.2816,23826.1031,21611.1244,10012.0306,
900.000,6374.7383,13377.8470,10098.1898,11872.0488,10631.9511,8289.6488,11598.5923,7948.7766,7040.4392,10591.7581,10409.5230,6022.8979,13401.4394,10952.5517,9692.0362,13406.3004,12347.1270,10982.7836,7014.0280,12769.6657,10705.8938,7225.5157,13613.6979,9371.6810,13585.4568,9933.6443,9470.4397,13109.5520,11189.4514,11663.7251,11485.1654,11115.6581,9073.1523,7939.7075,6190.9308,11057.5312,7496.1823,13312.0867,9016.6897,11589.5291,10879.0786,5707.3658,6277.3980,9290.5501,8193.1049,13142.5293,5139.7950,11751.7349,9563.2298,11805.8645,11328.0411,10747.8427,5640.3835,4657.4618,12348.8433,922.8219,13303.3893,13600.7651,9311.0819,3976.8148,9684.7113,7194.2958,7015.0904,13128.4544,7918.0234,7966.8154,13316.7503,12806.3240,4837.0485,13044.0259,13597.9259,12429.5398,11815.6133,10451.8922,7931.7422,4756.4531,10585.2468,13140.9595,10117.7668,7525.5828,7110.6664,10933.7098,5886.4121,4715.0097,7200.7975,10068.9595,11118.8581,0.0000,7024.7926,11254.1788,4246.6483,7192.2037,9744.1585,7568.4491,11086.9504,9383.5316,12007.7205,3856.3840,5896.5541,372760.0911,380052.6360,370526.5931,376191.1244,371327.0307,369097.0618,375230.7171,376011.7423,362451278.0817,362454305.2554,362466627.6108,362467945.6653,13311.9362,12257.4307,13675.9722,13326.1922,4475.0296,9461.1048,1786.4399,8916.4065,13238.0787,5580.0920,7936.7766,12936.8308,7437.6503,12760.3002,10316.1690,12076.9294,6999.8702,10263.8372,10733.1063,13079.5921,5775.2586,13157.2949,10557.3719,11458.2047,12703.4506,7239.2830,10418.8162,6260.8018,12517.6266,11097.2538,10938.2991,12642.0249,8561.0933,8108.6382,9266.8864,9197.1274,10496.8086,10941.3051,7874.9462,8919.6557,10438.9293,10864.6744,12777.6994,11877.3808,13073.2833,6626.8811,8783.8629,6221.6418,12748.8265,13368.6032,12959.5581,8681.5927,1908.6906,10109.1527,6317.9356,13442.1338,13175.5985,8760.5541,8597.3287,13099.3738,10795.8448,10673.8935,13669.9122,12097.7611,2304.5107,12011.2124,12069.3625,9868.9235,12785.8395,12000.7912,10946.6022,10303.8863,6320.1496,2876.8818,5506.1952,13414.3257,13542.1243,5536.5824,2531.2934,1916.1305,13517.5361,9437.8401,7941.1394,2486.1486,13132.4336,6308.3324,0.0000,10636.9488,12260.6275,3067.7558,9977.8032,8006.7162,3019.4684,6192.6017,12006.0932,12260.6893,3674.1249,10943.2912,367376.2938,374933.4779,365199.0359,370846.6804,366048.8001,363789.2042,369961.8997,370717.7922,362457559.2387,362460586.4364,362472908.7306,362474226.8033,6964.9176,4554.3677,6660.4131,11980.0481,7869.3509,12857.9192,10722.2897,5691.9447,11309.4749,11393.9569,1559.1483,9643.2321,6960.1354,6719.9183,6685.3564,10845.0291,10147.1767,7639.8768,5465.6754,11923.0432,1078.8877,10340.1430,4571.7866,8110.8526,10434.6632,7208.3636,10278.1430,7124.4154,8444.4242,9117.1741,7803.9581,10526.5402,12540.2392,8260.8073,11760.4894,5993.0731,10248.9825,10011.2834,8731.6409,10661.7811,11012.4024,7577.7145,8597.8468,3526.7968,12253.8883,9700.8523,10837.3697,6670.6016,4659.0727,7248.5459,11424.6456,13727.4657,8536.1070,13485.7323,596.6510,1404.4854,9694.3891,11999.5368,7370.8991,9812.9783,9955.3410,2221.3420,9442.9172,12655.4092,3492.3881,6133.4618,11809.9013,2530.5039,4933.4126,5965.5238,8916.4745,11389.3793,13002.4641,13501.4456,6050.1372,1723.9426,11689.4993,13177.6868,13182.7659,5777.9797,10985.2946,12009.4805,13164.3340,6634.1791,10800.3174,0.0000,10942.4216,7821.7195,13716.1373,11424.7862,9752.4839,13012.4547,10393.1424,9168.4658,6854.7329,13764.8877,10662.8910,365116.7775,371879.2347,362761.4374,368554.8010,363619.1147,361188.4455,367144.3952,368113.4147,362452477.5866,362455505.3135,362467826.9617,362469145.1322,6992.4472,7420.6264,10279.7484,7445.6395,12574.2579,5327.0203,5037.2760,13328.2477,6387.4989,6643.1213,9449.5185,2838.6477,11405.0176,11231.8601,13602.1365,4039.6451,12403.2459,2984.4663,8699.9988,7877.0545,12124.9562,8759.5876,9000.7162,8197.0558,12082.3127,11846.3802,10669.9808,12163.9827,12437.5354,3693.5311,5838.9665,12387.3904,6959.1831,12326.4544,9544.1811,11539.6246,13311.5096,7292.4867,5565.6843,9102.5141,3784.4497,3185.5501,9222.8089,7841.0801,13348.6482,9429.2520,10296.8109,3578.2568,9103.9527,5990.1770,11926.3543,12855.9881,10619.7499,7014.4981,8140.8019,6099.4678,6987.4824,5814.9969,3695.8493,3891.0879,7621.6604,7617.9660,11870.3203,7227.1425,11201.1769,9398.3858,5660.3017,10769.9046,6563.8378,12870.4009,13724.9586,13381.0038,12666.9956,4891.5542,7425.8168,13638.9889,13306.6201,13007.4000,6116.3379,5280.7072,6945.7190,13182.6154,3806.9842,13190.3590,0.0000,10322.5280,10960.3601,12269.3158,11439.3524,7362.6287,13325.2968,11594.4275,10139.8044,10966.9252,12219.7374,6590.4115,371462.3839,378415.1867,369151.8475,374935.4106,370051.3862,367589.2482,373568.8979,374527.4723,362448974.0576,362452001.3926,362464323.1974,362465641.4338,2291.9023,13451.8467,10849.6384,13735.5516,10913.7840,2543.9628,12491.9513,11426.4893,5863.1722,12286.0110,5156.7688,9549.8427,5828.9169,11746.6569,9474.3848,8461.7996,4191.0362,12940.3468,4991.7856,7871.9979,8596.8291,4082.0215,12393.5653,9043.9000,12583.8203,4767.3212,7264.1896,7637.6424,5460.7717,11382.9964,10332.7505,10933.1788,9347.2811,9707.7125,7325.3215,11138.2682,11316.0762,8704.4940,7645.3827,5148.0558,6855.2340,3994.7135,12255.2589,10390.5593,12868.7141,4216.1545,3660.9843,3344.5680,10945.7228,13530.0381,9121.4727,11850.6649,4010.6388,4797.0149,11329.6458,10713.2904,3704.2349,8755.3492,8880.0210,2776.9455,5723.4433,13773.6974,7622.5078,6117.4376,8840.5302,6241.4453,6953.4749,9373.6536,8663.2346,12118.2460,13352.9567,12086.9681,2959.2468,3129.6033,12528.3876,13420.7904,13425.4092,1803.9262,10188.2418,11419.4242,13290.1344,4224.3912,12358.0589,0.0000,7631.7509,5284.0081,13043.0291,8500.7713,11801.0503,13151.0840,12756.6419,5556.8609,5286.5841,12884.7931,7951.6722,367978.0176,374577.2997,365588.6517,371365.0135,366370.6817,364033.7215,369994.1334,370937.4527,362449119.6716,362452147.4427,362464469.2369,362465787.3296,13644.2456,11938.9177,13658.1088,10741.2535,2563.7661,12759.6036,11094.1464,7834.3542,13115.3413,4999.4232,10864.3231,6371.9218,12013.2679,9041.8322,9232.5378,4745.8437,12950.7437,7060.3716,6791.9401,10296.0926,2189.9862,12902.9016,10103.1980,13292.1338,4689.0181,7242.9386,7361.2369,4806.1026,11488.4629,8945.4877,11887.1340,7991.3660,11218.1587,5957.8246,11592.0097,12201.1585,7576.0605,5639.3254,4528.7834,6245.9439,5671.8559,11813.9751,10772.9339,13370.3696,4287.7113,4646.8994,2117.3556,10407.6867,12890.7744,9672.1464,10544.8244,6157.5243,6852.0576,11803.9070,9731.0410,2345.8578,8215.4670,8306.4741,4957.8389,3656.6879,13790.4471,9396.9378,7003.7607,6985.8818,8063.1232,8412.4991,10766.6356,8887.1293,12247.6201,13085.4983,10956.8921,2810.6300,5305.9134,12643.8332,13084.4722,13069.3355,1596.6027,9570.7188,10757.0366,12897.2767,3992.4535,12822.9727,0.0000,5732.0107,4866.7466,12202.0702,6850.6075,12401.6703,12789.9989,13465.4464,3863.2747,5572.1875,11945.1470,6405.5938,369536.1753,376135.3227,367147.7844,372906.5746,367900.7032,365612.2165,371591.1204,372508.3958,362447995.1884,362451022.9238,362463344.8301,362464662.8867,5899.3098,4206.3724,6707.0311,12747.9894,7297.8810,6100.3887,11133.4966,3836.3872,11733.9666,9718.4012,13061.8966,8912.6546,8761.5736,11679.5068,11871.6445,2634.4774,11991.9381,12934.5634,9438.6143,13741.0988,3085.1146,10738.9263,5207.9424,13650.1292,12777.3608,12886.0608,11944.1943,5622.4792,11290.8395,5567.1244,12094.1621,8446.5839,13157.4466,9336.1633,5094.6193,10216.3890,12421.4586,12097.2443,10952.5393,12918.6251,5265.1483,10446.5333,2003.6917,13698.3069,12135.3152,13836.5943,7343.3359,5399.8444,11426.8025,8677.1257,12273.3271,12173.6995,5168.5057,8424.9533,13061.2690,9548.5312,9469.5087,13008.7178,12926.1734,2729.1652,9789.3881,12769.8491,11628.9102,10673.1429,11849.2659,7860.9407,12023.6748,8589.7058,6492.8157,9240.1051,12887.6031,12738.3493,7822.8196,6403.9648,5935.6841,13309.0988,8266.5106,7029.7415,6482.0364,12360.2496,7372.5706,0.0000,12676.1340,13644.2507,6932.1416,12494.1670,4042.6167,6836.1973,4637.6574,13585.0105,13332.5445,7408.1899,11355.4205,367429.6439,375032.8942,365261.8149,370951.5034,366195.8788,363805.2590,369936.4459,370756.6136,362457600.6948,362460627.7935,362472949.8935,362474268.0834,8798.7982,7030.0164,10397.9363,9385.7575,7505.2478,6547.5828,2780.4790,9540.7729,7562.0206,11700.9803,10324.2459,8439.9510,10692.4504,8992.4203,6101.1318,8032.7925,13584.4277,5015.3992,12873.0283,3479.3367,9327.6445,6179.3864,12462.3016,12388.4062,12836.7430,10273.0155,5691.6519,13580.7410,976.4362,13732.9486,4589.3805,13683.4090,10034.9445,1280.8256,10560.6585,13200.6466,10321.3574,9671.7625,10105.9584,8016.4594,10854.5017,4027.7273,12277.2562,8941.4947,12579.4016,8468.9097,10287.5979,11010.9477,12028.5605,8341.8488,8390.1307,3834.4275,10106.0759,11469.6865,8980.7864,9034.3046,9629.6363,12612.3898,7781.9190,4863.5633,11092.1220,13051.0696,5875.4031,9306.9316,2232.9320,11888.6565,10513.1726,10400.7447,12711.5624,10567.5435,9209.9161,10145.5761,10500.4044,10246.1481,11068.9044,8852.9598,8919.6096,10588.1899,10130.6631,8847.3968,0.0000,13563.4973,12806.8254,11296.7009,13785.4099,2853.7920,10697.4170,5696.5276,13368.9694,12060.6017,11620.8556,11716.6450,365972.4345,373311.7053,363744.7173,369502.9797,364714.9293,362211.6575,368249.5129,369170.7218,362456320.5442,362459347.8199,362471669.5992,362472987.8667,9617.8632,13545.2354,4252.9688,8792.7402,12397.6705,6517.2897,13230.9180,9118.1201,11716.2223,5933.1726,11072.8916,9931.8938,13339.3403,6186.6744,12595.9202,10860.4042,10507.2274,13126.7456,6970.6730,9382.1038,4699.0960,12457.1702,10835.6025,10783.6180,13245.7150,9008.2705,8969.4232,8770.4323,9833.3573,9389.6719,11382.6973,6769.7858,8426.2840,11484.8999,11861.4488,13349.8440,12577.8109,12643.6603,7647.8459,7897.2715,5669.9468,12684.0546,13517.9116,13214.4686,9663.0351,3680.3144,9322.5997,7884.2508,13038.9379,12622.1672,8811.7420,9834.1451,13623.6740,11609.6907,11512.4656,13372.1061,12888.7084,1520.3840,11288.9730,11552.7093,11030.8473,12331.6753,11185.1301,10313.3912,9775.1247,5322.4435,2467.7678,6654.0823,13765.5723,13208.5637,4434.1590,2431.9111,2091.9241,13796.8668,10405.8562,9062.7424,2629.3190,13569.3223,4853.3674,0.0000,11477.6006,12280.0384,4604.7672,10742.8502,7761.0785,2933.0490,4686.6259,12477.8009,12043.4656,5199.4423,11999.1629,365704.3790,373275.3490,363529.2386,369182.5183,364391.8878,362113.4801,368281.7953,369045.4941,362458908.8357,362461936.0820,362474258.3141,362475576.3970,9088.6813,11994.7012,1285.7600,10100.4502,7727.7603,6951.1976,12419.5563,13390.3124,12901.1538,2486.7809,13674.9753,7715.7541,4323.3424,11309.4101,12946.9350,10571.7739,11456.4391,5289.6719,13204.6452,10408.0845,13047.7961,13589.3843,13664.2919,7046.9567,1651.9853,11558.4629,6147.2552,12195.9645,10564.3565,12534.3626,13047.3472,6058.5094,5058.8438,9600.8818,7313.6690,5553.3605,12388.9529,2902.0862,13518.2432,6557.6937,12890.0618,8371.2957,11862.3112,1747.4025,8342.0225,13741.0931,7831.0128,10871.3433,11546.2787,3508.9636,3938.0054,9138.1259,3514.7156,3438.2997,11482.5940,9411.6064,8614.4471,9710.0992,13392.0621,9007.4925,9177.2741,12969.2482,7793.2216,13825.2418,12711.4517,10982.7439,10582.5634,8994.0149,11274.1680,12287.2753,10767.8442,10280.5120,9998.4760,2342.0161,2583.3129,10632.5932,7925.0108,12105.0280,0.0000,10889.5915,13084.1266,9215.0395,11642.5388,4943.1565,10979.5612,9966.1349,11915.5340,13230.6769,9258.4032,6883.9969,372568.9361,379878.3741,370337.8555,376072.8601,371261.5758,368829.9573,374889.4133,375777.5377,362451107.8461,362454134.9126,362466456.9369,362467775.1702,13101.1550,9683.6644,6549.3313,11967.7384,2717.7092,10818.4700,7833.8190,12667.8358,7331.5773,10177.5847,2213.3122,11767.7811,6422.4180,8765.8581,9347.6460,4569.2635,11501.0331,10592.6779,12891.9104,6633.8018,8915.3862,9147.8768,2956.4052,9799.0370,10314.0122,10256.9261,9654.6974,10375.5217,8009.4757,12231.2338,10613.2160,6548.9596,6646.9223,2630.8879,4442.1354,6184.5496,10683.6346,11685.7852,12225.7333,6180.5377,2220.1520,4526.1406,9020.9517,12840.3630,10703.6706,10723.4833,5303.9826,6389.9240,10063.4584,8802.3364,1815.3224,6506.2522,6643.0320,4710.5872,4477.5492,13393.5359,8099.0544,8157.4578,7709.0484,6429.5864,8792.1291,9114.6888,10243.8148,12901.9725,13438.6359,11778.5342,459.1653,4864.9052,13153.7560,13421.4060,13311.8419,1102.5835,8131.6023,9592.3615,13255.1915,1703.1168,13056.9104,0.0000,7327.5300,6939.6454,12487.7269,8549.0600,10858.7867,13225.1509,12934.5949,6100.1321,7256.5257,12294.1446,5980.4921,370215.3626,376888.2164,367843.0621,373618.9473,368646.5056,366288.6095,372254.9726,373198.9977,362447897.7160,362450925.3405,362463247.1771,362464565.3014,11471.2745,11093.4889,7509.8489,13601.6868,6116.8539,8967.5578,1913.4468,12971.3515,6416.8042,13292.4508,9327.3351,10726.7213,9224.7193,8902.2944,12112.8129,9116.9254,5868.6314,3876.9659,10263.9527,8077.1382,8180.9237,13736.7173,11387.7720,8846.6577,9750.6418,9047.9876,7799.1129,10084.5969,2715.4738,9596.2664,13086.3142,12249.0389,13734.7386,13558.3590,10332.7352,10729.7109,4070.1175,7829.1368,10552.8310,13199.8162,11851.1856,12164.5018,7087.9885,5704.4746,10120.9778,11457.2459,10643.9945,10781.5811,12216.5082,13436.9462,13256.6679,13210.2969,11624.2377,12974.9336,5285.0423,10126.8216,8626.2618,11884.1425,11457.5281,8216.6509,10223.9491,6499.6996,1626.1145,3414.6428,7690.6746,13435.3390,11497.0845,988.2721,3896.0375,4291.6428,13076.1080,12613.1124,11777.4452,4156.2246,13642.0944,1100.0822,0.0000,11274.2495,10174.7360,7088.4000,10261.5834,9616.1982,3755.8898,4499.0240,11391.3761,9549.8567,7506.9387,13159.7762,362400.3931,369782.7889,360181.7260,365847.0386,361006.4590,358753.2345,364896.1188,365674.1075,362459953.1096,362462980.6245,362475302.7496,362476620.7871,10823.4536,7747.0541,7707.5423,12530.8974,13460.9957,12450.3919,3176.7285,13622.7434,8531.6924,3658.6049,11899.5597,12634.7634,11057.1750,11571.8031,5285.4211,13210.9523,10121.5166,13129.5959,13461.6712,13472.5330,7670.8362,2188.0428,10889.6017,6652.0207,11672.2177,10907.8459,12265.1996,12708.3386,6480.8449,5123.0842,9353.5927,7942.6141,6195.7262,12771.9536,1640.4891,13218.8133,6329.4200,13028.9100,9188.1580,12040.9272,1395.5184,7233.7161,13585.5764,6839.6418,11527.1997,12103.0789,4049.0503,3353.4499,9577.6041,4146.2571,4018.8758,12050.2722,9489.9140,7822.8462,10367.3308,13506.8864,8577.8637,9988.9656,13205.8405,8487.4869,13628.1915,12180.0858,10150.3941,9668.0562,9609.7690,11863.9214,11707.8829,9895.9019,9378.8398,10517.0728,2462.9623,1658.3004,9745.5000,8610.0339,11680.4600,0.0000,10575.4880,13094.3494,8154.3241,11209.4016,5182.5163,10130.9276,9690.1590,11849.7946,13304.3701,8201.3679,6861.7725,372591.7006,379952.0223,370372.0389,376091.7659,371285.1428,368881.2612,374961.1025,375826.4265,362451571.1919,362454598.2374,362466920.3290,362468238.5405,8507.9801,7267.6402,6449.3769,7780.9683,10869.4837,9825.3418,8192.9258,5829.1914,11104.7329,2013.8757,11283.5519,3490.4965,9277.6369,9358.2693,7411.7174,9547.5943,8378.3606,9396.6474,10064.6481,8199.8558,9702.9648,13123.4308,6987.8625,12502.7998,4967.2225,11237.0773,10067.2705,7482.3696,10767.8720,11729.9599,8022.1910,8728.7433,4837.1593,11707.1086,9993.9540,9810.9004,7969.6053,5126.2626,8513.9012,11009.3684,13458.9769,9039.6294,13586.1413,2139.1215,2491.4319,8657.5068,11856.3867,8222.0460,9636.7719,9778.6613,3754.4369,10263.4466,12043.3802,2063.3472,7131.3943,12368.1807,1260.0579,5487.0593,4528.7393,9617.4184,11395.1154,12821.9085,13749.9192,6858.4563,3258.4558,11585.8904,12998.9399,12963.0883,6842.2917,10681.5854,11632.7608,13011.8612,7174.5760,10509.9032,0.0000,11779.2338,9030.7087,13648.9137,12236.3108,8634.4991,12897.3278,9578.5919,10272.6078,8040.1266,13754.7247,11044.3296,365001.7930,371858.6022,362667.0527,368462.2294,363555.6871,361092.2391,367053.6044,368026.1328,362453256.2614,362456283.9142,362468605.5447,362469923.7480,11242.1472,7356.4259,12014.1095,8821.0989,9506.7396,10416.7935,10875.0080,5143.7407,9583.2771,13371.1212,6253.7225,13631.5465,2825.2956,9012.2822,4019.2827,12952.7263,12277.4990,12635.9862,11784.8972,6327.3567,12876.4748,3030.2472,13229.7861,5182.1662,13649.5097,8766.9978,2694.9511,11338.4735,13525.0549,11857.9010,11088.8175,11146.1118,7675.3337,9874.2790,2075.7834,12893.9608,10883.5355,13404.8611,8908.1573,8603.0706,10479.2605,11301.6146,10067.6491,9847.4393,4766.1305,10329.6209,12796.8798,10155.5811,10155.8372,11142.2033,13414.4359,5444.8777,6771.2149,11428.1325,13142.3099,8093.5385,9785.8323,4777.3668,11435.2485,8873.9767,8379.3898,11518.0530,12168.3251,10772.4864,8325.0651,8496.9013,8239.9896,12526.5185,9543.2025,9032.0316,8643.6391,11791.4275,7033.8457,0.0000,13664.6903,13174.2410,9776.6851,13581.2433,3109.7366,8776.7050,3368.2635,13786.8374,12455.7603,10209.0776,12425.4266,365153.5178,372638.9266,362958.0084,368685.1512,363918.9514,361460.0343,367542.9103,368417.6541,362458232.3736,362461259.6079,362473581.5007,362474899.7335,11825.4795,9989.2757,13541.6941,4973.2469,11848.1180,1614.6795,10284.3302,7833.9802,10411.4024,9826.0766,6630.6882,10196.6372,11978.3639,12895.9688,8954.0282,10867.8747,11048.1385,1126.4875,7833.7947,11023.9265,9167.3020,10754.7815,10716.8829,9634.5582,13245.5495,9484.6610,4772.7731,7024.6432,1051.1397,2061.7570,8311.0129,8943.3309,12973.3601,11196.9644,8566.7696,2524.0355,6887.2059,6941.8753,12213.9988,12283.7864,10046.5235,6768.6253,7945.9926,8372.3276,7037.5006,3083.8278,4111.8465,4281.5470,6742.7243,5143.9857,12817.6277,8401.3310,10219.3722,7672.9486,6676.4594,10467.8470,8536.6267,11963.0622,13664.6074,13539.4174,11922.4793,2426.6523,6733.2956,13730.8055,13453.6942,13222.5181,3785.7148,5966.2659,7688.6196,13278.4605,1109.5738,13587.8404,0.0000,8284.3916,9173.2908,12144.8897,9614.0916,9496.6911,13363.6694,12785.1532,7924.8069,9500.3516,11970.7028,4944.1152,371927.0454,378727.9142,369583.4672,375360.0674,370426.2605,368028.3528,374003.7710,374950.5248,362447500.1566,362450527.6079,362462849.4666,362464167.6403,6659.3083,5669.8440,12946.5782,4190.5604,10833.8661,11140.9547,5860.7316,10079.5662,3975.3577,11066.7017,9570.7693,2275.6803,5442.1515,8485.5687,7323.9523,8001.7247,12377.9998,11685.0542,11710.3376,8330.2844,11179.2002,3419.2482,10732.1428,4649.1588,8511.7987,13507.3596,13100.7384,12257.3314,12657.0296,6298.4801,12588.1605,5010.8224,8906.2070,8489.1116,10352.0396,10273.4567,13106.3049,11533.3458,4695.8022,13305.6946,6989.5912,5818.0752,10479.9659,13638.7148,11901.5307,13020.2442,13071.5311,7527.7578,12693.4670,9322.4972,5560.7149,5659.2599,13377.8599,7224.4557,3444.9316,7089.7567,6135.3405,6419.0363,9050.6294,11796.5154,11225.8598,7277.7980,6721.2826,9428.3318,9641.6617,10749.3512,13212.2360,13233.9415,9583.1600,11693.7730,5238.1325,0.0000,12296.1207,8902.0075,11623.8015,11830.7512,9475.7760,9269.2004,5925.5987,11090.3477,7518.6113,11903.9932,13585.5151,360756.2330,367847.7050,358471.3996,364208.1909,359328.4620,356963.4380,363008.5913,363891.2030,362458625.6046,362461653.3188,362473975.1139,362475293.2255,7546.6075,12740.6369,3406.7032,9206.4468,13628.1161,6059.5876,5038.3690,8368.2884,5811.2388,13089.7934,4924.4456,10410.6646,2163.0597,2098.5015,2870.9344,10124.9675,13483.5562,8497.2904,12085.8145,7187.7287,8846.9077,5512.0774,6796.7146,12337.0299,11851.8034,9175.2212,9909.1715,11068.8617,3366.7063,13646.0673,5565.6647,12822.4418,2352.6343,8741.2682,4823.7882,13361.2734,12419.3792,3952.1861,11985.9935,6362.9037,5619.9754,13125.1832,12925.6275,8344.7752,12319.6990,12372.9187,5292.9918,8642.1190,12314.6790,8654.2144,1165.9797,10036.8048,8714.4962,3896.6193,10743.9240,3263.3661,8082.1773,10568.8509,10298.7251,8274.7140,5541.1880,8813.5165,10794.9961,11063.6013,7127.6460,12999.2599,13438.7288,10738.9500,9304.7307,8858.9222,0.0000,7840.8379,2625.5702,11627.7520,7448.4524,12865.0958,10372.9468,10898.2646,5641.7123,1015.0627,11568.5150,10967.6601,363607.5883,370318.5885,361241.1761,366971.7594,361977.1739,359738.4361,365758.6412,366630.7574,362453662.1557,362456690.0710,362469011.9777,362470329.9730,13562.0718,4892.1287,13140.3478,10719.8806,10163.4572,8014.9725,8949.8476,11219.9031,10458.7913,4747.7657,5290.4735,8962.1434,6525.1636,6642.1510,13653.0021,12436.8359,8319.7170,10745.4999,8206.3021,8062.3895,8999.3231,1186.9796,10674.7087,13376.0664,11862.8618,13609.4174,13699.5162,9326.1410,11831.4263,2268.5798,9316.2887,9302.2629,12968.5565,10858.3735,12984.8901,8240.1592,4033.6674,10590.1429,10920.3071,9999.8584,11868.3902,12846.6532,12996.6479,13705.2633,13672.5996,10872.1838,12521.8874,7011.3056,10180.7381,7244.2822,11694.7311,11414.0993,7183.1063,10794.8635,4789.6546,882.4876,4561.3247,7802.9603,13035.9293,10805.7314,1657.3714,5015.8683,5496.8202,12486.9391,13282.9487,12641.9777,5188.3613,13426.0000,2189.5108,0.0000,10630.4132,8861.3375,7873.6479,9506.8389,10829.9968,4679.5709,5974.9138,10416.5755,8176.1307,8177.7495,13188.7150,361813.6450,369070.5771,359567.0178,365235.6629,360359.6897,358134.7845,364264.7924,365046.3003,362459455.8532,362462483.4875,362474805.5954,362476123.5997,13643.7249,6083.1140,6575.6305,10857.7185,12120.3639,11060.4886,9882.6234,7413.0500,13453.7630,11836.5130,12037.6024,13043.2430,13084.5088,4877.1741,3967.1190,11044.0756,7666.7271,11504.6324,11354.6610,11501.0693,13624.0346,7723.7169,3024.9236,8021.9818,5182.1114,3266.1090,11661.8273,4614.8560,13822.8355,8614.4626,11829.6740,6887.9898,10403.5829,2220.2406,9460.8959,13783.2608,7736.8432,10176.0269,11050.8857,5468.0658,3295.8047,7150.8781,1056.9508,981.9770,10544.9849,7506.5130,10306.8331,9952.2931,12894.6592,7659.7812,8942.0628,12830.1535,8610.0046,13636.9714,13422.6648,12009.2140,10681.2806,7149.5970,10414.2232,13151.1083,11793.1821,11364.9908,8273.0674,1322.0616,3207.6178,11608.5239,5965.0566,13117.9091,0.0000,9579.2743,12063.4515,9920.7702,10635.9246,6934.0054,11897.7938,11506.0066,10528.7425,12412.3977,9820.5353,4898.8704,373566.2201,380708.0165,371298.5002,377043.6819,372189.5330,369778.9957,375814.7072,376717.0020,362448984.0895,362452011.2398,362464333.2518,362465651.4620,11030.4069,12866.3869,6762.7598,6733.3181,7288.8842,8739.1831,12073.1259,1966.1383,7986.2644,5441.4222,3505.5038,4200.7462,12104.3954,13400.1282,9247.0965,11242.7345,8305.1610,7223.4844,7592.2368,3884.3242,11413.1044,13256.4638,11211.9342,11942.9136,12705.1193,5188.3884,13561.5186,2800.9902,11436.3508,5672.0880,10579.4013,7914.1905,13861.0925,11563.8337,1100.7140,12415.2629,7574.4263,6436.9105,12720.4723,13715.8871,10841.0905,13475.3365,13508.9516,7173.9313,11056.6040,10629.7767,8268.1567,2723.3009,11691.6528,9138.6960,3092.5578,10121.8652,2197.8581,5636.7285,8833.6938,10194.7412,10619.2401,7201.5559,6410.4620,9183.0925,9542.0270,9725.1116,13776.6148,13838.0721,9237.9067,11409.1213,6099.3305,0.0000,9869.9942,5689.3910,11006.5921,9113.1723,12026.1540,8795.8196,8597.3710,8349.8423,4348.4845,11119.2031,12734.4465,361359.3241,368271.0128,359035.8098,364751.1851,359804.1033,357551.1261,363604.7797,364453.8159,362456975.2085,362460003.0722,362472324.9883,362473642.9971,10682.8526,6394.4270,10404.9379,8653.7644,6632.9675,10188.4788,11065.6507,12449.9258,8370.9666,10344.3723,10641.6014,2620.3247,8312.7533,11499.1013,8762.6970,11067.1517,9694.7204,9739.8570,12713.4033,9147.0521,6211.4243,7930.4396,2412.9003,3576.2269,7117.2596,9751.3665,12416.0082,11128.3259,7924.0112,923.8203,6587.7230,7974.2434,12754.4474,11584.4300,11009.7561,5275.5524,6528.5267,8479.0579,8273.2452,3488.0703,5372.4892,5548.9926,5367.1430,5957.9216,12944.0027,7157.1471,9308.5492,8692.0349,5305.5866,9332.3188,7678.8892,11385.8831,13363.4568,13636.7871,12476.2241,2106.8463,5315.9546,13485.1702,13610.0132,13426.5399,3273.6003,7119.8405,8733.0778,13469.1655,1559.6911,13161.8806,0.0000,8871.3319,8724.2968,12708.1497,10060.0984,9430.0906,13501.9061,12373.6289,8029.3758,8804.1745,12583.9692,6326.6090,370548.2594,377314.6818,368196.4294,373982.7799,369045.2423,366630.4660,372592.8031,373553.6695,362448272.3015,362451299.8215,362463621.6095,362464939.7902,12164.6668,13202.6654,10165.2262,13233.3097,2819.8107,12100.9049,7442.8866,13845.0175,13473.1769,13543.9269,10430.6977,3359.9728,11387.0788,5402.0500,12248.2731,9516.7932,13176.8355,11084.6883,4980.7450,8334.5114,11463.0528,10637.1158,9201.7177,13188.0025,2956.3018,11970.9059,3226.3913,13825.7909,11110.5211,13487.3292,4994.5056,5852.0669,12709.9892,7845.9790,12176.4166,12378.8075,3658.6482,6394.6506,11944.6139,7479.4817,7384.7888,12895.1312,11847.4060,4872.0314,10034.6236,13460.8257,10618.4731,10419.2032,12730.6122,7859.8385,13092.7117,10403.5275,8164.2563,9519.4344,11818.8073,12639.4725,9735.1949,7970.4509,7431.2921,12475.9592,6018.2672,4762.2994,7937.2046,11063.2344,9463.7773,0.0000,12143.5013,13831.7353,7322.1157,12296.5074,3443.1008,8348.6352,6892.0154,13261.5450,13726.9885,7640.5277,9762.9523,369853.7596,377399.5072,367674.1388,373376.2461,368612.5936,366203.3617,372316.3175,373155.8336,362455221.1479,362458248.1772,362470570.2760,362471888.4900,10054.6330,4165.2011,8287.2330,10636.6864,6283.3989,9833.8083,6792.9110,7854.0506,8579.1365,8615.8597,11042.5519,12405.9443,8518.6491,11574.5379,5534.7678,10086.6722,9264.6788,8965.7560,11300.4226,11320.2840,8391.1425,9400.8141,2956.9372,12645.1600,8924.7186,10880.7998,6383.1542,5612.4654,7341.0116,11994.5500,13683.0318,7705.2268,13665.8071,1282.1595,488.2862,10136.8929,12520.2210,8012.1959,10558.5109,10688.6411,2376.3910,9891.6859,12482.9325,3518.9641,5374.4486,12103.6869,3208.1647,3930.4733,6223.5351,8184.1486,10761.0294,12636.3175,13372.4493,6813.4674,1937.4166,11110.0952,12846.8242,12897.9592,6383.4792,11615.8615,12510.1468,12852.8433,7474.3626,10174.0298,0.0000,11056.9620,7512.0943,13632.7025,11382.7329,10025.9639,12660.1936,10014.0996,9197.9601,6365.0192,13703.1426,11236.5802,364156.4654,370928.0030,361802.6760,367590.5367,362653.2429,360236.0812,366199.1639,367159.2735,362453328.6155,362456356.3806,362468678.0347,362469996.1896,11863.3310,4889.4977,13721.8745,8347.8765,11669.8893,4118.7907,3518.1917,2778.6193,10014.3086,13457.3669,4062.7449,13670.6667,2454.4634,12017.7077,1245.9663,7992.9117,13776.3690,10299.7969,6047.8340,9903.3350,10694.0754,7697.0287,12454.7356,6862.2291,13415.8864,4624.8165,10372.5915,4999.7783,12283.5852,10263.0438,6376.1254,8748.4194,9993.4005,9709.3177,13760.7826,11076.4629,8209.0325,11672.0398,11650.3696,8882.3012,6802.1070,11717.2009,11998.5992,6040.9605,6636.4037,11823.1487,8409.4472,13225.6843,4884.7025,8036.0408,9178.6149,6705.9822,9062.5316,9167.3992,8636.4271,9217.8693,9454.9619,8113.2341,11938.0407,12025.8891,9014.2104,9817.5036,9703.6381,0.0000,4062.0687,3341.9773,8914.6006,2920.0032,13710.7355,8722.6895,12102.3315,3352.0808,4489.5014,8635.8147,8976.7704,366811.4724,373607.1212,364466.2024,370150.3100,365151.1037,363014.4988,369089.3279,369893.6625,362452082.2593,362455110.0466,362467432.2218,362468750.1452,11236.6571,8033.9816,5796.4497,6769.7831,9622.8648,9583.7477,10272.8147,10647.7072,9727.4408,13308.3657,5824.0705,12873.6344,1570.1417,12140.4977,8133.6937,6202.9516,12275.5026,13209.5588,10535.7179,10825.6219,6366.9144,11575.2261,8501.1458,8002.6110,9393.9011,8132.0601,10492.5401,11630.9424,12432.5390,7988.8565,13734.1247,5092.9549,4464.9742,8265.0458,12650.6271,10781.9096,11161.1328,11257.5774,6387.5321,12274.3589,10151.6600,1837.4837,7457.8008,13550.6658,3909.2864,5044.8752,3674.6687,9064.0800,9520.8289,11141.4214,13354.9955,9681.3679,5946.2815,9597.2449,11402.1701,11410.4703,9603.6093,11646.0665,12064.0710,11508.3899,9891.7636,8101.3485,0.0000,12995.0944,10180.9697,12842.9723,13047.3775,7553.8976,11364.0651,6826.7669,11798.8490,8953.8421,13094.7935,12731.3841,362782.0651,369845.7692,360491.7988,366265.8137,361404.8197,358941.5718,364943.0194,365883.6414,362456638.2046,362459665.8086,362471987.4766,362473305.6804,13489.3986,9935.1025,13268.7515,3813.5599,6093.8428,5986.0934,6203.7985,12244.6453,7215.2894,12830.7585,6107.0598,11945.7074,3925.4461,10921.0561,13077.4216,7977.9590,4527.3564,6001.2325,7404.5957,6329.8793,12016.8882,9964.5654,13753.2929,3667.4646,6625.3023,1260.3007,10885.8356,12182.8044,8971.7316,9667.6817,7625.1609,8007.0819,12673.7845,9850.5815,3813.2197,9114.0174,9159.2039,6325.1290,3341.3006,13477.8434,10630.5809,6714.3234,5934.6776,9611.3425,8672.8323,11959.6496,7893.5199,11378.4002,12202.5511,9586.3888,4789.9794,6697.1202,11835.2265,12188.1527,12228.5526,3740.2248,10140.5745,11021.1437,11974.1484,5757.2879,12328.6760,0.0000,3976.2509,3620.4681,11230.3008,4933.7051,13137.8860,11831.0063,13517.4386,1713.4602,4874.3952,10916.9213,6488.5278,369328.6868,375948.0877,366945.0635,372679.8787,367663.6816,365436.2359,371442.4376,372323.3885,362448462.9691,362451490.7301,362463812.7403,362465130.7435,10963.0387,6272.9107,13604.8098,13284.5434,13531.3214,10632.7681,3770.3301,12677.7675,2844.9642,13243.5654,7348.1544,13781.2725,10564.0028,2338.2717,9567.2525,12636.3403,10779.0340,9610.1405,12157.0705,5311.3963,11528.9330,1636.2703,13517.7598,10425.8008,13494.7458,6566.5543,7860.3701,12100.1710,10009.6562,10797.4982,10919.7694,2471.0049,8260.5401,12100.2139,8232.9861,8207.8674,11799.4207,12583.7569,5628.1950,7963.9308,12700.3419,12084.8952,8648.2752,11439.3862,5498.3382,12766.7271,10353.4674,9002.7691,11161.8948,11603.2050,11460.6451,9753.4193,8961.8333,8543.6018,12225.6134,7342.3820,6728.9816,9014.0749,10944.5792,8919.7639,0.0000,13175.5807,13752.1714,9207.1348,13336.3390,1024.4176,9295.0325,5630.1831,13720.4115,13332.4040,9569.7247,10959.7594,367951.1589,375456.3228,365761.3933,371487.6432,366727.8857,364263.8922,370348.1776,371223.2452,362456235.1791,362459262.2848,362471584.2366,362472902.4878,6614.0330,6921.5854,5333.6420,6017.5352,12376.2727,12706.4777,10401.1516,9982.2889,9670.8807,5525.4999,9131.9137,3596.1023,10150.6200,13505.0164,12204.7017,12232.5682,12828.0198,5605.4568,13177.4851,3294.6838,10268.8893,7040.0048,10589.7902,9111.2021,13620.1456,11480.2761,2514.9621,12863.2749,7297.6412,6068.4626,11778.8379,13785.0814,11467.6970,13403.6282,13444.1048,7331.0756,11949.9346,9901.2194,7068.3643,3994.1351,12576.0437,8320.0922,2720.3642,8819.8372,3995.6255,5571.3506,8710.2948,10890.0237,11026.7022,7224.8064,6162.8644,9094.7465,9408.4638,10313.0318,13636.4140,13652.9676,9208.9171,11678.1603,5248.4763,0.0000,11094.6884,7261.9786,11221.9511,10445.9027,10915.0085,8805.8968,7212.3393,9731.2316,5860.9772,11426.7612,13262.8904,360779.4095,367781.8841,358475.2775,364198.8951,359283.8018,356981.8280,363034.2184,363896.0387,362458035.0794,362461062.8820,362473384.7433,362474702.7964,11739.4612,10233.9353,10552.6751,13283.8194,9357.8267,11371.9436,6658.7595,11619.8417,5351.8517,12285.0167,5339.7118,6461.7833,12838.5617,13482.2828,13304.9767,12889.1184,10540.4922,9632.1665,6719.4360,4907.0810,11843.5823,12340.7414,12937.0274,11105.8989,7919.8117,7764.5458,11220.3252,10606.8190,9927.4691,8229.8922,11868.1588,13580.4815,12308.3425,12288.1711,11309.5178,13747.5355,4559.3508,8019.9369,9800.0651,13125.5799,9649.4764,8394.6196,7391.5244,8887.7538,5376.8238,5808.7430,10037.9806,13190.8363,11030.5848,4824.0348,6124.9908,6141.1979,13136.8782,11676.2141,10949.7605,6380.7749,13163.2501,3225.1545,0.0000,13013.4892,11865.4070,8672.4182,12439.3968,6747.8624,6295.3083,751.5996,13009.4931,11028.6976,9162.2186,13421.2246,362643.6940,370112.1597,360443.5357,366140.3637,361346.9161,358980.0349,365095.6557,365922.4373,362460208.6461,362463236.0382,362475558.0198,362476876.1608,2903.7029,3184.1637,8912.8495,13402.6861,7771.4544,12700.9929,6347.1062,10233.8870,4143.5493,8399.1815,12959.5772,10740.2090,7568.4466,8685.3585,10006.0665,4034.1271,13398.3946,7189.7759,13520.2423,599.2113,8009.5684,2838.6061,12809.0010,12532.0334,5806.6332,11293.0149,6681.8174,6373.0853,13328.0518,12118.6439,6812.4361,11474.9345,11527.1205,5309.4921,6905.1855,13015.4193,9547.0851,3222.4279,8636.9615,9148.2212,5718.8702,11467.9254,4760.5091,9347.7082,11282.9837,9998.0808,7035.1188,5678.1988,10016.0730,11422.7276,11628.7673,5774.8389,12298.9484,12897.8111,11299.6755,8146.2446,10308.8756,0.0000,6268.6878,826.3240,11600.5408,6167.6408,13330.1674,10995.5835,12156.1537,3716.4709,1150.3158,11432.4584,9596.7407,365524.3420,372161.3967,363142.8029,368874.3653,363859.7431,361638.2859,367650.5673,368524.8418,362451613.2335,362454641.1324,362466963.0782,362468281.0622,860.2596,10831.3378,13736.5297,6929.6631,12715.5385,5596.5588,9775.3625,4364.2340,6017.5169,12885.9358,11901.9633,8683.3070,10660.0903,11622.2727,5356.6495,13410.4471,4634.9789,12853.8714,3412.0300,10028.3361,5439.5844,13367.7119,11378.4457,3425.4734,10997.3335,8156.7271,7453.2516,13536.1406,12695.7171,9071.3016,12673.4346,12692.6401,7153.5274,8711.0861,11644.7967,10025.5887,2873.1419,9360.1941,10219.6931,5329.8390,11772.0472,2013.5171,6925.9133,9337.3341,8795.3523,9323.4439,7386.6260,7713.2001,9549.6603,9876.2574,8234.3444,13091.6593,13273.8468,9471.4581,10246.0095,8196.2042,0.0000,7036.5767,2722.9872,10383.5353,6226.3826,13208.0750,9068.2421,10769.5312,5325.7779,2242.0700,10298.6677,10916.7176,363810.1321,370591.5896,361459.7329,367164.8487,362173.9909,359985.4063,366038.2169,366872.4134,362454183.5880,362457211.4743,362469533.4945,362470851.4508,10925.5949,13880.5383,6250.3040,13117.4348,4865.8518,10418.3053,3740.2043,6277.0114,13264.6748,11782.7660,8282.6605,10768.2072,11687.2556,6084.2204,13357.3038,4901.9362,13088.1643,3748.0677,10388.1143,5483.9383,13336.5031,11119.5064,3947.0435,10577.0034,8817.3675,8187.0112,13787.5920,12532.6486,9135.1198,12706.4460,12713.8906,7780.5150,8509.3573,11652.9409,10686.7527,3719.5375,8920.2408,10833.5209,6158.5069,12310.9741,2390.0527,6947.0660,9160.2364,8257.0551,9535.3687,8028.6127,7724.9725,9344.4872,9675.8989,8458.9290,13061.7812,13185.6945,9241.8368,10429.5689,8411.3996,0.0000,6521.1989,2778.5528,10016.4697,5578.6446,13491.5341,8842.2964,11083.6203,4999.1175,2798.1974,9895.6607,10716.9422,364260.2156,371048.5835,361911.7652,367608.5113,362614.3904,360446.5971,366508.5435,367330.4629,362453939.3177,362456967.1926,362469289.2588,362470607.1992,8107.3967,10428.5232,9861.8208,10206.0412,11465.2060,9152.0629,13428.6744,10136.8943,4032.1283,6114.4229,343.3813,1652.1107,8777.7434,8819.1210,13108.5057,11589.0409,8567.1976,3470.2770,6656.9420,6755.0770,11945.6869,12465.1819,9403.4621,7570.6885,8683.0014,8860.0129,6514.7316,2607.4917,3904.1921,4041.6110,7364.4591,4258.1030,12897.0006,9314.3672,10471.7443,6768.5878,7673.5564,10973.1983,9419.2073,12014.8552,13721.7573,13441.6003,11411.2007,2621.0341,7410.8875,13791.3705,13324.7128,13088.1067,3871.9046,5709.6615,7410.2535,13122.7332,1438.3090,13811.0775,0.0000,7532.6746,9037.3348,11768.9890,8959.0723,10005.4940,13220.2239,13189.0141,7422.9648,9555.8216,11543.6139,3948.9276,372594.7687,379390.1646,370250.3923,376018.1619,371076.7863,368705.0732,374689.5397,375623.0077,362446984.8140,362450012.2562,362462334.1700,362463652.3231,12191.2456,4764.1021,12807.2954,9578.0088,13177.4860,12555.3329,4606.6515,6556.2092,10750.3965,8335.1455,6747.7281,12380.6260,3270.4708,13178.7416,5175.3375,13248.3281,8837.6448,12511.7741,3259.9644,8322.6046,13481.5756,8684.0819,10759.4950,11316.6820,1967.5502,5373.3825,10091.4051,4932.6375,4891.5298,11557.1012,10540.4361,7849.7826,8997.0272,13348.8858,10180.3876,8762.7725,12612.9668,6759.2246,13757.3889,12279.2816,10634.5986,11025.0362,9760.3018,11290.9130,11796.7794,10465.0446,9980.4511,10694.8738,3957.4216,3826.8392,10384.0630,8780.8257,11394.5683,0.0000,11836.5048,13493.9254,9408.3147,12434.0760,3393.0918,10724.0433,8845.7869,12682.9227,13447.1680,9557.3982,8282.9346,371356.3522,378732.5111,369139.4728,374876.2174,370085.9176,367629.7600,373692.4073,374583.4989,362452553.0920,362455580.1501,362467902.1351,362469220.3882,13452.3182,1656.5570,13141.6459,4118.8774,8824.3647,13411.0609,9090.9036,5361.3866,10452.0523,10529.8031,10690.0633,10296.6264,8269.2269,12311.0853,8171.1488,11757.9398,7832.0511,10552.7821,7296.8246,8623.9865,5379.5407,12301.1230,12175.8670,12887.4832,9011.8455,9408.7093,10803.1789,10710.2342,11528.8863,7265.0116,9858.4858,13436.2097,9270.8838,4912.1692,13345.6200,11046.9832,13825.0861,7494.0698,7918.9608,7299.9393,3058.6088,10496.6486,11711.4124,8141.4350,7131.3619,7227.7267,10019.4423,10435.3305,9974.6353,6818.8165,10773.4927,9655.6525,0.0000,3947.9199,7086.0527,5672.5804,2537.4652,12884.1867,6716.6552,11672.8799,5776.4103,8094.5642,5240.6263,8004.6031,369017.9749,376048.3054,366725.7464,372378.4912,367428.3180,365309.0200,371435.0068,372194.8026,362452308.1747,362455335.7289,362467658.0760,362468976.0047,13686.2976,5478.0753,13702.2266,10532.8715,550.4155,9922.6233,12873.6046,9939.1924,9129.9043,10524.4255,7226.4367,11336.0008,3750.7359,12513.5423,8808.5786,12626.7354,7641.5359,9951.9614,11524.0740,11545.0863,8701.3482,8874.1446,2874.0373,9375.6324,11236.4595,8271.0415,8317.3735,9940.7256,12317.9837,7667.7599,5482.4406,11553.4965,12659.5446,6200.9919,9932.3249,2745.3633,12305.5845,10869.5343,10451.7635,12509.6165,10389.7880,9537.8073,10465.0899,10505.1090,10200.8274,10992.2332,8061.4459,8119.8755,10568.3183,9840.2879,9304.9730,0.0000,13369.3610,13010.0857,11015.7519,13663.9915,2047.2766,10724.6638,6134.8015,13339.1428,12376.7177,11322.4703,11190.4277,366918.2723,374272.7539,364694.3920,370450.7429,365666.2873,363163.3108,369204.0513,370122.9825,362455715.0083,362458742.2361,362471064.0417,362472382.3142,12839.0046,2585.6207,8519.2770,13706.0676,9517.7785,5287.9115,10175.4391,10560.9252,9580.2040,11257.0614,7707.4448,12905.0132,6784.8135,11223.3759,6608.4266,11301.1513,8592.7097,7757.6469,6757.3554,11470.4702,11295.8951,13366.3874,9848.5026,8821.1486,11156.2898,11091.5320,10542.9476,6839.7602,10730.0737,12995.6202,8063.6123,5326.6936,12849.6517,10102.6283,13728.0899,6447.8510,7963.6807,8101.8735,4568.2888,9877.4863,10772.9675,8360.3197,8022.3540,8190.1476,9206.2814,11067.5718,10854.0821,7751.1752,10351.0760,9745.5699,0.0000,3422.8460,5612.5597,7059.1325,1725.5797,13358.8739,7556.4742,11981.6430,4534.1983,6716.1938,6686.3496,8257.2212,368244.7221,375169.1624,365928.7324,371592.5140,366618.2179,364499.6359,370605.7679,371381.0659,362452050.0824,362455077.7377,362467400.0258,362468717.9455,12402.0355,7324.5099,5743.9549,12627.4237,13569.6717,11385.8008,11485.8320,7362.1182,11230.2176,7948.0498,7046.2313,10086.0467,9267.0780,11268.7161,11627.7603,11647.5689,7757.3719,13447.4716,6477.7199,5774.1178,8039.1379,12674.9018,11670.4464,11571.0880,11643.3428,7645.8976,12891.4026,9031.2391,3201.2504,7932.6131,13755.3096,5262.2885,5544.6402,3970.2901,8971.9879,8600.9028,10144.3668,12882.7160,10706.9157,7236.3866,8581.2486,10429.0693,10444.1035,10638.7171,11791.6096,11953.0988,10573.2832,10851.1700,6934.3021,0.0000,13284.8427,10710.9077,12162.0607,13181.8822,7039.3561,10431.8440,5408.4884,12319.8723,9498.9820,12475.2872,13154.9183,362300.1595,369470.1016,360033.1591,365792.6354,360952.8985,358499.4866,364525.1192,365444.1873,362457881.3365,362460908.8947,362473230.6110,362474548.8095,8971.2625,13824.7399,9493.3757,4988.3294,9041.9952,9886.8691,7784.0360,12183.2323,7902.2130,13615.9198,4550.2278,9767.9106,4277.0394,11788.4012,10471.6115,7346.7493,8433.2409,9866.9523,9756.8924,13607.5665,10481.1238,7270.1462,10975.0508,10955.8785,8699.8115,5695.1438,12132.6921,12088.1935,6560.8507,5747.9661,11698.0688,8913.4914,13258.3323,5912.7110,9001.7562,9851.1270,6923.4605,8267.9192,9009.4869,9537.8287,9844.1380,10014.5952,7348.6851,11347.7927,11569.9565,9614.2218,9008.5103,10555.4466,0.0000,3002.1700,3363.1287,9137.7881,2232.4063,13713.1234,9382.7069,12662.3513,2272.2264,4791.3635,8804.1101,8038.4438,367916.8583,374675.0155,365563.7908,371254.3623,366248.8559,364104.6302,370169.2742,370983.6489,362450895.0658,362453922.8313,362466245.0032,362467562.9354,10517.1802,13500.9936,12000.0934,13359.5011,13577.0966,8441.4013,12230.7431,1539.6389,9498.6777,8705.5241,12465.0879,10437.2797,13225.0124,9098.8438,3132.2018,11228.7516,10092.4792,9088.6203,11870.6797,13169.3744,12694.2487,13723.1956,13708.5703,10060.2712,12442.4762,7696.2937,9422.5098,6363.0060,11973.3587,10700.8742,6114.6721,10294.9994,4194.4277,2060.5918,5617.7637,8606.0414,12620.4043,9985.6712,2753.3814,6060.9460,6498.7952,12018.8042,13458.7310,12974.7995,6222.5878,13082.0268,2518.7407,0.0000,10760.7148,8392.7853,8763.4604,9723.8510,10840.1215,5738.6349,6049.9529,10236.2207,7520.4143,9044.4966,13294.3755,361313.1384,368510.4383,359052.8585,364734.2354,359848.7400,357606.5627,363718.7921,364518.6474,362459318.6257,362462346.3100,362474668.3558,362475986.3698,9987.9126,12966.8432,10227.0614,9346.1809,10894.8251,6960.0449,11372.9084,3253.2059,12792.6685,9224.5500,12904.4445,7541.0418,9626.7743,11646.1410,11375.0279,9163.8323,9309.0030,2707.6609,9288.9548,11531.1648,8378.5446,8411.8833,10369.6894,12506.4716,7272.7359,5960.3654,11817.7860,12688.3150,6719.0029,10230.5280,3266.6581,12429.6996,10761.4861,10193.2495,12347.4237,10742.7497,9975.2022,10313.9045,10236.4449,9914.8018,11345.8671,8035.6521,7965.8090,10304.4496,10174.2013,9177.7409,0.0000,13460.9005,13241.6847,10753.3569,13719.6119,1609.6172,10480.5139,5899.1049,13530.1101,12631.7013,11077.9068,11286.9631,366985.6882,374377.4255,364770.1286,370521.0880,365744.0954,363245.0845,369294.4171,370205.5494,362455976.2682,362459003.4705,362471325.2989,362472643.5703,5311.2310,4339.7877,2866.4964,11339.3963,5922.5264,13424.8239,10451.3597,10592.3112,7060.1241,8783.6266,3864.5430,9301.8520,13303.0839,6241.8278,10528.9414,11370.1395,8029.0613,2737.3766,5650.2883,2396.2973,2282.4397,10423.8564,5079.2491,11082.8825,11268.6789,12271.8044,4960.6773,10148.4002,12860.2040,10559.1575,12805.9167,13186.5881,11832.3021,9267.2398,6340.3129,10433.8414,13045.5087,11580.3135,11217.1211,7247.0090,2856.0955,4152.8050,11325.4533,5373.7878,13408.6967,0.0000,7126.8384,10606.7734,9223.1010,8383.0160,9233.7571,11570.2272,12656.5225,8462.6326,11329.6283,8944.9232,1972.5121,374222.6720,381247.1564,371929.6732,377659.2827,372759.6668,370427.3349,376470.8428,377348.5152,362447669.2821,362450696.5255,362463018.6335,362464336.7707,6153.6680,6450.5051,9977.7401,9507.2139,11400.4219,12956.7303,7620.0409,8416.9741,5694.7474,8435.7684,9739.6124,11092.2953,6016.7096,10672.8502,11161.4797,11800.8842,6700.8090,5134.7157,7360.3925,7306.0247,9825.9347,2407.1774,12141.5119,12600.4350,10012.0151,1560.4338,11673.8687,11675.0058,12947.0963,10029.4135,11685.5490,11083.1488,7157.5346,6633.7058,10054.4207,11863.5388,10884.0414,10762.3209,6511.2471,7760.0740,8262.3327,10578.6447,6709.9991,12760.1331,0.0000,2104.8493,7107.5803,8710.9207,3698.7086,12470.9099,10622.5691,13594.8916,4183.5161,8409.0464,8246.2621,3516.0921,372431.3808,379263.0538,370096.0442,375798.4775,370823.5273,368623.4813,374680.7479,375515.2726,362447805.4688,362450832.9810,362463155.1901,362464473.1924,1979.7667,8520.7267,9081.6171,13010.8695,11716.7380,8326.2630,3229.3864,6416.8966,7052.6571,12111.4869,12324.6013,9597.3399,7327.8279,8450.0112,9029.4723,6813.8600,2352.7955,4222.6761,4362.0861,7086.0064,4209.2940,13021.8258,9196.8387,10256.5749,6875.0947,7530.1454,10774.5647,9404.5946,11869.2058,13697.5923,13510.9462,11504.8758,2284.9427,7143.0493,13789.0018,13404.8827,13182.2989,3551.1714,6020.4369,7702.8244,13206.1101,1120.2612,13795.1278,0.0000,7506.7795,8828.1843,11911.5010,8929.0827,10143.5686,13289.2055,13224.7468,7270.4532,9333.8806,11687.4189,4166.3151,372384.5500,379160.4892,370035.8086,375805.3474,370859.4199,368488.4799,374469.5116,375405.4622,362446993.9649,362450021.4288,362462343.3315,362463661.4820,9812.2917,7424.6587,13426.1928,10664.7824,9710.8082,4485.5382,7925.5172,5216.8883,11104.9499,12987.7532,8659.0448,8459.7797,9519.0437,7728.9554,5164.6521,4112.1173,2265.7888,2407.8983,8475.8607,5094.9095,12096.5582,9523.4524,11360.4630,6729.9183,8037.5098,11678.3192,9119.0700,12624.3921,13692.1080,13004.2427,11085.7303,4164.2629,8454.3924,13647.4995,12847.3772,12542.6455,5387.0156,4138.9562,5942.0776,12643.4306,2922.0921,13666.5817,0.0000,8040.1601,10083.8825,11108.4355,9395.3465,9010.8808,12808.5824,12714.9198,8406.1537,10570.9416,10906.9313,3566.4625,373203.6163,380109.4209,370883.7397,376644.6615,371731.2457,369346.2909,375346.8208,376270.8957,362447378.3510,362450405.6879,362462727.6380,362464045.8113,13321.0904,7645.3450,12208.8496,3638.3654,6424.9722,5196.8188,12691.6795,13455.4762,6110.9121,13007.5210,3157.0563,2485.3469,11798.4983,12701.9973,7358.9786,11218.8436,11322.4712,2164.8211,8726.8111,12859.3715,6170.8627,2932.6690,10932.8011,5869.6295,3162.8983,8637.8967,6126.2644,9920.8525,12114.0353,12189.2423,6639.0064,2342.8877,10468.3650,12325.8966,12471.6695,5672.5035,12237.7391,13036.5291,12291.3997,7657.7860,9972.2773,0.0000,9281.6566,4814.1700,13023.3858,9436.1529,11695.4719,12019.7848,10875.9364,7018.7221,3571.3252,13007.8855,10784.5058,364094.7302,370771.7860,361720.5118,367488.3185,362509.2789,360176.1254,366153.5083,367082.2233,362452800.3013,362455828.1729,362468149.9238,362469468.0009,12824.8415,5994.5147,13369.6756,10373.1483,12517.7537,2534.4895,5820.6156,13395.5071,5948.1512,12385.4589,12815.5075,4829.0177,3612.8060,10471.4167,5485.3675,5333.6843,12842.9894,10025.0975,6708.3664,11121.8872,13712.9797,8531.2118,10978.4451,13493.2763,9265.2300,13431.1925,11461.5196,9046.3191,8684.0505,10647.3126,12670.9729,10913.5410,8747.7165,8191.6286,11419.2362,3641.8012,1937.6311,8591.0140,9755.5956,11048.8282,0.0000,10554.3350,13289.4161,6882.6760,10975.6998,5518.5657,9028.0326,9210.9364,12064.8194,13525.7905,6971.2095,7444.9681,372270.6137,379708.7274,370068.2645,375768.9788,370972.5836,368598.7608,374704.9160,375542.0157,362452534.6097,362455561.6313,362467883.7973,362469201.9850,10599.4862,7543.2040,12130.7967,9426.1120,13589.4250,9778.2366,1822.5925,11324.0184,9697.5043,8676.2219,12598.2444,13356.2809,12092.8353,13805.0967,13798.0987,9432.8564,11793.4285,8859.3967,9657.8878,5242.1289,11528.8916,10732.7559,5545.3778,10859.6367,2718.4960,2982.1770,6486.0765,8578.4833,12090.7453,9427.3571,3858.7784,6882.6682,7334.8167,11345.8801,13701.4927,13362.8001,6978.1175,12686.4206,4027.0240,0.0000,9991.0611,7157.2749,9201.3191,8910.1719,11719.6763,6472.5281,7404.1364,9216.2255,6287.4047,9388.6591,13005.6271,361439.0505,368527.8574,359154.9975,364839.3218,359923.7734,357705.1617,363805.6974,364609.2081,362458407.5778,362461435.3398,362473757.3830,362475075.3717,13494.6188,11304.7264,13715.5685,7603.1266,7179.6150,11362.5764,9991.6394,11200.0010,11122.7620,4056.3540,9026.0063,12799.4234,9388.3545,9350.2616,12138.9710,13098.0700,4320.1635,8295.0135,12396.8865,12360.2270,9281.2765,11117.2840,6124.0436,12117.1583,9176.9121,7811.4863,10616.0937,12374.7786,11811.4453,8508.8948,7812.3287,7426.9477,12843.4969,8414.2881,7577.4292,7914.7222,11847.0300,7630.4305,0.0000,13261.3743,13635.0810,8564.5117,13208.3394,2520.5193,8175.3537,4229.8352,13812.2064,13148.9762,9002.4152,11674.9648,366786.8557,374339.9801,364607.3126,370319.6336,365564.2345,363125.6000,369228.8919,370082.6520,362457577.2496,362460604.3833,362472926.3710,362474244.5972,7529.6725,2570.7066,12693.4806,12759.4667,6123.4310,11475.9452,6206.0292,5964.9789,13154.9738,12062.0670,6455.1512,11245.6052,11307.5634,4785.6379,6769.5263,13179.8967,9228.7187,3285.6037,8734.6751,8737.0901,5622.1347,11197.4807,5187.8482,9704.5982,11607.1418,10357.0530,6588.3232,5172.9311,10350.2551,11744.1092,11929.2429,5304.8682,12151.6074,12832.4874,11623.1088,7734.5989,10556.9645,0.0000,6460.6552,1347.5100,11883.3694,6502.4641,13200.0469,11334.3804,12237.6163,3843.3023,1409.4541,11718.7996,9479.0452,365675.0374,372295.6994,363289.8639,369028.3708,364013.6838,361777.5526,367781.0539,368665.8238,362451329.9163,362454357.8130,362466679.7315,362467997.7280,6406.3061,8717.6188,13153.7881,11202.3763,11592.0084,4446.9039,5746.3896,8821.7881,9056.9540,3836.3423,6227.6571,6402.3487,4565.4256,6411.5930,13156.5397,6620.4363,8779.0773,9249.8356,4708.7605,8709.2639,7453.8693,11056.0216,13250.1300,13771.0887,12813.6645,2256.8884,4500.5036,13415.3331,13777.5180,13627.4983,3114.1322,7915.3739,9461.6471,13653.7180,2236.0261,13009.6923,0.0000,9176.1149,8437.9127,13092.0248,10285.5147,9653.7097,13652.0810,12296.2799,8061.8339,8382.7561,12987.7032,7096.8208,369761.0119,376497.7563,367402.2936,373193.4573,368250.3309,365830.9472,371785.8273,372753.5325,362448644.3687,362451671.9371,362463993.6890,362465311.8688,11458.2636,12617.3253,8261.6767,10488.2489,6738.6617,7022.7005,12748.9465,10614.8624,4266.5315,9669.6771,9731.8002,5330.9886,4442.1435,13573.3438,9939.0541,5688.5414,7032.4142,8980.4984,7659.3376,11526.3790,7259.3942,11110.7429,12294.0370,10151.2744,4835.5150,5735.6149,11623.6629,12330.1591,12407.8671,3573.3406,10747.9582,11642.9907,12147.8223,5966.2888,11971.8061,0.0000,4999.3461,2867.2867,11722.2931,5691.5465,13114.4320,11962.3194,13219.2046,2389.5245,3888.7564,11461.0428,7454.4860,368227.1507,374823.1232,365837.7735,371579.8537,366561.3425,364320.9569,370317.7905,371209.1113,362449113.5404,362452141.3529,362464463.3089,362465781.3179,7759.6314,13841.3811,6472.8850,11492.7342,12172.7306,5121.8593,2243.3111,8724.0843,3092.6882,2928.4319,11875.0557,8528.9455,8836.8280,10810.7931,13509.6434,7686.4364,10185.7463,13437.5824,9177.3970,13734.5647,12719.2856,10766.2815,9612.0536,8898.4918,11734.0146,12320.4604,10493.9121,9998.7661,9858.9611,1165.7647,1097.7657,10305.2558,7841.4096,12420.5107,0.0000,9851.3892,12743.8841,8427.0664,10652.9626,6376.0279,10672.7017,10731.4309,11217.2709,13101.6035,8371.2897,5687.5480,373492.8703,380777.3731,371256.8361,376979.1537,372151.8124,369763.0280,375834.2824,376703.0843,362450272.5559,362453299.6241,362465621.7291,362466939.9272,10951.7909,4607.3884,13799.4166,13690.2744,8943.1603,7312.4187,12462.8311,9952.2713,9805.7649,13905.6494,11179.2867,3942.5573,12751.8337,12570.5071,8573.8276,13234.9672,12802.8286,11665.8306,10891.3567,7548.6467,4124.7220,4532.5139,12966.6870,13819.3445,6896.1554,3667.9072,3091.7956,13139.4445,8478.8346,6877.1155,3441.9066,12605.4808,7874.5977,0.0000,9708.1517,12199.8767,1786.9581,9173.6359,8539.7775,3988.5837,7828.1275,11455.4019,12448.1320,2284.8440,9759.0845,369141.5063,376659.8760,366956.5784,372601.3180,367790.5051,365549.6380,371721.9793,372473.9285,362455928.0771,362458955.2392,362471277.5876,362472595.6491,11942.0028,8471.1707,7394.1205,12878.7926,13601.0394,11222.0994,13648.6355,13665.5553,8052.4020,11174.9010,10146.1669,9011.7702,3529.7167,11464.3580,9913.9227,4142.3575,10643.5607,1625.3277,4743.0954,8033.2581,9461.9952,11132.9919,8090.0473,5578.4914,8390.7626,8791.0748,10259.6674,13810.8822,13731.3197,8446.7611,11875.7365,5519.9452,0.0000,9658.0712,5904.5370,10321.9860,8738.4508,12140.6762,7974.9587,8408.7832,8385.0460,4788.0431,10440.7390,12759.2325,361438.7975,368398.2340,359126.0484,364827.9459,359885.9490,357656.4195,363728.1272,364557.1870,362457348.3713,362460376.2123,362472698.1867,362474016.1781,13387.9261,13621.1295,9961.1180,4779.0625,9772.3434,7847.9590,7677.8829,13124.3614,7843.5555,8077.7395,13540.8234,12492.1791,4559.8945,13310.3225,13425.6646,12815.0267,11332.1945,10038.9047,7587.4733,3950.5625,10741.7653,13161.6752,9750.2153,7182.1849,6820.3828,10975.4511,6666.5977,5580.6404,6838.8547,10332.7371,10884.5238,0.0000,6535.5994,10834.6616,3848.9151,6543.2103,10303.6525,7170.1841,11177.1119,8973.3404,11637.7046,3367.0123,6168.0704,372366.3453,379638.1782,370128.2873,375786.5372,370912.0737,368705.6933,374844.4008,375615.6500,362451470.6446,362454497.8600,362466820.2372,362468138.2681,1413.2735,10019.2622,11965.1428,6972.5021,9786.2162,9928.5467,1642.2878,9057.3350,12882.1982,4064.8326,5883.9352,11529.7803,3018.1303,4943.4172,6479.5290,8750.8354,11458.7786,13091.1939,13386.9005,5676.4297,1149.0934,11790.8798,13259.3639,13273.0563,5311.4599,11008.0810,12066.2602,13232.8806,6356.8124,10988.1704,0.0000,10579.1524,7388.6817,13716.0342,11089.3411,10125.6226,13073.6266,10742.1582,8720.0360,6469.0671,13739.6326,10429.4407,365322.2474,372051.4083,362959.7366,368752.1266,363806.0260,361387.7157,367342.0211,368309.4025,362452076.0053,362455103.7524,362467425.4115,362468743.5704,10455.2124,12616.9324,7935.1725,10726.7113,10853.1772,2128.2118,9752.6704,12566.7512,3945.5387,4940.5127,11976.2753,3665.5809,3624.1797,6636.0777,7827.2572,10607.0988,12567.0936,13227.0780,6796.6277,1749.3603,10993.0803,12782.0753,12852.0667,6269.5557,11781.8768,12661.0079,12784.0098,7529.8070,10111.0087,0.0000,10823.9474,7105.1435,13578.8372,11118.5720,10335.1673,12574.9073,10139.6691,8889.1909,5928.4776,13638.0124,11224.6869,364042.4372,370795.5037,361684.5750,367469.7950,362525.1522,360120.9230,366085.4832,367041.3351,362453297.0119,362456324.8000,362468646.4653,362469964.6076,7113.1883,10670.3528,6293.7013,6299.0878,11028.7419,11428.6726,7584.6045,7637.3865,12824.0881,11369.6188,7717.5378,11710.1386,5113.1376,13371.3791,11811.0825,10573.7825,11751.6110,10089.6338,10698.1952,11331.0715,10489.9053,10059.1484,10928.3562,5696.2422,5651.1658,10472.9779,9247.8487,10610.0519,0.0000,12662.0115,13512.3084,10097.0527,13140.5291,1714.1928,10754.4733,7673.6054,13157.7939,13222.5762,10330.6824,9602.8281,369649.0448,377037.5290,367434.0495,373179.8590,368399.1558,365914.3767,371968.3623,372872.7944,362453919.8496,362456946.9539,362469268.8604,362470587.1315,8082.4997,3565.6847,3361.0836,12044.4251,7219.1069,9311.5062,11899.5648,13259.3674,5760.4446,11193.4223,13643.1152,10682.0197,13242.9337,12515.4026,10476.7925,8279.5966,8669.9751,11992.6484,12192.4452,10156.8390,9695.4843,9485.1631,2093.8239,1837.6348,9904.2404,7739.2390,12631.7574,0.0000,8222.7514,11925.1111,7552.5893,9072.8361,8175.3544,10258.0549,11605.7197,9988.6736,12543.1823,7341.7111,4174.1226,374123.8806,381344.9113,371874.3618,377581.8552,372725.5477,370396.9666,376479.3387,377325.1494,362449385.9430,362452413.0595,362464735.2523,362466053.3962,6223.5531,6323.6201,6217.4793,2815.5057,13551.1280,9641.2447,8876.9310,6290.4192,8085.3061,9909.8996,10437.5557,10543.4674,13130.7569,13366.6752,11029.2064,1660.3479,6429.7266,13373.5046,13295.1740,13170.1620,1950.0575,7760.4904,9177.5340,13085.6162,2168.6098,13539.0724,0.0000,6065.8758,6913.5977,11951.8770,7498.4632,11546.8471,13081.7851,13630.1389,5257.4831,7623.3632,11677.4556,4652.8091,371437.0018,378107.1292,369064.8626,374827.0400,369844.7567,367525.5371,373506.1929,374429.8304,362446996.3760,362450023.9745,362462345.8994,362463663.9946,209.9528,10034.6612,6650.9566,10944.5074,9981.6290,12534.2959,7152.9782,8802.9061,12622.2409,8922.7358,13411.8461,13595.5780,12365.0167,10731.6213,6289.8413,9941.5745,13394.0030,12158.2239,11764.2135,7445.0626,2008.0476,3951.0673,11959.5980,5078.8729,13408.7318,0.0000,8992.5299,11501.1629,10242.0274,10167.2452,7718.5741,12215.4905,12028.3422,9848.1737,11925.0261,10093.3246,4141.5247,373714.4243,380780.7470,371430.1239,377179.3493,372305.5552,369905.9888,375931.5491,376839.3504,362448267.1887,362451294.3896,362463616.3921,362464934.5891,10167.6244,6664.5047,10849.6847,10101.8594,12595.2590,7057.1415,8952.0347,12700.1413,9021.6037,13421.5693,13549.6825,12268.0772,10602.8679,6430.2777,10076.8600,13339.6804,12054.4030,11655.1224,7568.0770,1824.6102,3767.8349,11852.6932,5232.6306,13377.2837,0.0000,8945.6840,11539.8453,10097.2464,10109.2800,7716.2344,12115.1851,12006.6931,9860.6405,11977.6363,9945.4800,4079.1652,373776.8276,380853.0644,371494.7592,377241.6761,372369.2420,369973.2161,376002.0374,376906.4229,362448307.6408,362451334.8343,362463656.8481,362464975.0428,8175.7204,13369.9945,5575.3286,5032.2096,10832.7703,4570.1322,4881.6554,7915.3642,8057.5739,11399.3564,13139.4578,12953.9150,5129.8195,497.9680,11827.3972,13297.8070,13349.7568,4394.7223,11307.0204,12378.4945,13241.8338,6097.4002,11260.3764,0.0000,9574.6677,6043.6151,13611.9145,10092.2061,11187.6196,13050.9003,11515.2140,7448.9570,5232.0462,13574.5438,10017.9351,365578.2262,372230.1498,363199.0509,368984.6106,364011.1513,361634.4164,367589.8968,368546.4095,362451345.6653,362454373.4743,362466695.1752,362468013.2951,13009.7708,11416.4818,9405.7937,3737.4539,10185.2602,10907.2616,11991.8129,10226.7087,12497.6826,12328.5345,9083.9481,4415.1833,8422.3482,12726.7195,12189.4091,12068.8248,4341.2876,7650.5768,8664.7010,11924.2979,4615.0308,13301.9908,0.0000,3642.3273,6667.5758,10378.7699,5290.7290,12230.4807,11940.7077,13837.5567,3979.3355,7826.5418,9995.3840,3343.9375,372224.9163,378953.9404,369866.5084,375597.4177,370611.3687,368362.0792,374380.8714,375257.6987,362447011.7401,362450039.3041,362462361.3853,362463679.4250,10816.8414,12095.1528,11294.0642,11839.3870,11497.6988,9489.1425,10674.6560,6511.9192,3945.2364,7562.4026,13586.2490,13164.3399,5646.5981,3872.0496,3442.7344,13760.4373,9668.6851,8299.1459,4011.9108,13265.4761,5653.1714,0.0000,11997.5326,12898.9712,5274.0498,11458.6942,6488.0882,4360.9105,4305.8002,12998.0250,12629.3888,5851.0731,11835.1157,366289.2859,373893.2905,364121.5100,369785.6632,365012.4824,362693.5863,368852.5779,369633.3971,362458639.9271,362461667.1077,362473989.3000,362475307.4223,7880.5695,13018.1591,2135.3134,5796.6286,2920.3963,9854.3583,10690.0252,11991.6724,13626.2978,8390.8643,5092.6719,10756.0440,12191.8076,12136.2957,8480.4125,10698.1491,11379.9993,12251.7143,8511.0478,9440.9620,0.0000,12630.2494,10133.4357,13160.6677,12925.8273,7292.8617,12159.4283,7981.5450,11421.7707,9064.5694,13355.0217,11788.4889,364268.5351,371270.6690,361965.3964,367752.0779,362882.3750,360400.5226,366382.7125,367343.0789,362454954.8781,362457982.4547,362470304.0986,362471622.3220,10812.1852,8141.0679,2769.9591,10086.9172,3349.7410,7869.2884,10549.2307,10816.8038,8610.9593,5199.0252,8585.7987,10812.4898,11084.1406,7542.7018,13199.8562,13625.0552,10793.3539,9596.3324,8381.8024,0.0000,8780.7874,3754.6610,11916.5188,8395.6216,12463.2078,10420.1344,10296.3322,6671.2781,2115.7523,11914.8883,11547.9908,362831.8996,369574.3315,360471.8121,366208.2748,361226.4572,358962.8313,364979.6933,365860.4424,362454460.5357,362457488.4478,362469810.3106,362471128.3258,12231.2309,12327.8099,13060.6696,10474.3378,11410.6021,10328.6450,6163.1185,7684.7817,11012.1455,11480.4287,10072.4383,9895.7579,7716.1805,7152.5833,7340.8016,9746.6431,7561.3473,12479.1673,0.0000,2890.9362,8149.7151,7552.1962,3997.9413,12019.1238,9857.1022,13197.7714,5429.9289,9363.2751,7054.4178,3464.9745,372848.5912,379786.3602,370536.8667,376226.5866,371274.4090,369078.6599,375157.8505,375974.0518,362448357.9424,362451385.3689,362463707.6378,362465025.6435,6591.6682,3791.6966,10462.3282,11871.8364,12952.3028,13812.8776,6674.0445,4098.0062,11974.3809,13092.7655,12997.0238,6916.7412,9862.7538,10880.6155,13095.9639,6756.6426,10908.2134,0.0000,11935.3154,9750.6246,13539.7878,12499.3744,7845.0564,13036.5292,9584.8319,10658.6941,8902.8611,13647.5436,10616.7975,365940.5814,372839.9685,363615.6390,369413.0971,364521.2040,362038.1463,367999.9194,368976.8456,362452825.8395,362455853.4175,362468175.0524,362469493.2792,8188.0544,4962.3823,7927.5805,10675.6174,12007.4666,9241.1408,4786.2826,8491.5112,10990.3094,11218.5404,8452.1074,13247.4833,13658.0710,11045.0375,10038.1221,7647.2429,0.0000,10752.2557,6315.6916,12519.7186,10469.2948,11150.4819,10704.1704,8846.8496,8892.3057,4740.4151,12638.3691,12539.4164,361711.3295,368551.2904,359371.6683,365123.6970,360180.5307,357845.9167,363854.4692,364758.8465,362455950.4096,362458978.2659,362471300.0299,362472618.1066,11484.2964,11121.9477,11565.6574,13443.0992,9305.4581,7460.0557,10936.0134,11695.5701,11506.9502,9757.5870,9286.6290,9778.7478,11760.4356,9002.6293,9615.3634,0.0000,13288.8773,11925.3789,12430.4381,13641.3990,4718.0459,11797.3549,7083.5688,12673.9263,11083.5166,12682.3043,11531.1696,365697.7741,372879.7314,363435.0351,369213.5428,364392.4565,361879.2057,367883.2841,368833.7335,362455235.4865,362458262.8722,362470584.5664,362471902.8331,5302.5096,8239.8601,8761.4551,10661.7361,8185.8583,6165.1428,8534.6705,8933.1361,9694.5589,13620.2641,13584.1704,8525.1160,11470.1186,6552.6984,0.0000,8429.5198,4688.6839,10027.7761,7430.0618,12795.3778,8059.0845,9498.6984,7118.4168,3876.0814,10053.5843,12046.9542,362418.0648,369313.7009,360092.0448,365788.0718,360823.9577,358628.4722,364700.7528,365521.1432,362456161.5806,362459189.4425,362471511.4671,362472829.4298,3756.0271,7159.8187,13252.2121,11338.7283,956.3103,4211.9837,4723.7930,12748.1372,13060.4981,12309.1921,4386.7740,13585.5311,2330.6009,0.0000,10478.4286,9184.1513,7154.3495,9310.6656,10787.0508,3860.9666,6016.4382,10502.7793,8637.7979,7473.4523,13015.9185,362329.3836,369626.1523,360091.9804,365752.2059,360882.7695,358668.9911,364810.6730,365580.1821,362459408.9132,362462436.5067,362474758.6596,362476076.6584,5174.0058,13693.0879,13057.0842,3020.2730,502.6063,1050.5787,13500.7089,11331.7994,10115.7935,819.8039,13694.9028,4417.9047,0.0000,10313.5662,10995.1817,4018.9351,9281.0217,9665.0581,622.7486,6087.2020,11290.7976,10869.8795,4505.4169,11941.9624,365176.2122,372647.1661,362979.0437,368620.0309,363791.1147,361576.9029,367750.8664,368494.7261,362458645.1874,362461672.5533,362473994.8378,362475312.8575,11939.7063,13029.5499,7026.9269,4854.3468,4814.9313,11727.0309,9829.7781,8824.1047,4493.8757,11942.2850,8640.8589,0.0000,6416.9468,9434.7901,2777.5562,5398.8872,11578.5240,4582.9945,10241.7752,8389.7084,10110.2434,2349.5302,8766.7166,369088.7485,376344.8588,366846.3573,372483.6657,367590.0000,365447.2062,371607.1891,372345.5579,362454045.3270,362457072.7160,362469395.1176,362470713.0791,5274.6852,13486.1877,13662.0736,13536.3038,1410.5725,7972.5787,9491.9120,13489.3984,1352.4965,13404.3968,0.0000,7435.7974,7317.5583,12627.7904,8720.4258,10950.0322,13475.2653,13214.8206,6326.1115,7682.9811,12423.8386,5789.3741,370657.5433,377327.6301,368284.8333,374062.0953,369089.9638,366728.7550,372693.2525,373639.5841,362447520.6683,362450548.2757,362462870.1150,362464188.2439,11739.8149,13219.8774,13261.9625,4652.6118,11193.7304,12255.2345,13173.4374,6157.7711,11100.3960,0.0000,9844.3438,6404.9725,13587.7427,10351.7857,10834.6647,12990.3924,11218.7204,7803.2461,5544.3722,13570.1171,10120.5931,365465.1381,372142.8177,363091.5046,368878.6057,363913.7162,361525.2506,367481.1838,368440.1570,362451614.5169,362454642.3074,362466963.9972,362468282.1282,3503.6164,3994.2005,13074.6884,12738.4865,11877.5580,3728.8051,13728.1561,2009.0645,0.0000,10783.6021,9853.7647,6670.9536,9666.0652,10255.2236,3242.2457,5418.0755,10991.6007,9344.1406,7051.0056,12998.7588,362662.0190,370022.8584,360438.9375,366096.3126,361244.2061,359019.1210,365168.5727,365934.5745,362459645.7319,362462673.2646,362474995.4321,362476313.4453,624.2299,13501.6831,11072.9070,9808.6987,370.3139,13629.0265,4885.2765,0.0000,10170.3095,11115.3118,3552.7618,9162.5791,9634.9481,576.4884,6358.1482,11268.9425,11055.5138,4053.8455,11703.8761,365653.8861,373132.5145,363458.6896,369097.8595,364270.2428,362058.4648,368234.7316,368976.1954,362458348.3641,362461375.7071,362473698.0091,362475016.0290,13439.0153,10613.7326,9294.4723,610.5694,13443.1710,5221.8684,0.0000,10165.9523,11328.0727,3180.7245,9240.3865,9236.2446,1122.2462,6303.0367,11355.7885,11297.1041,3726.7181,11420.1203,366140.6379,373635.8507,363949.2820,369590.1902,364768.8428,362547.0726,368722.6230,369467.1027,362458086.4043,362461113.7118,362473436.0152,362474754.0466,8988.8400,10355.5496,13333.1945,2738.6851,13046.8907,0.0000,6935.5514,6088.1261,12656.1072,8104.0324,11624.8213,13261.5707,13240.7013,5356.1862,6476.2480,12443.9384,6427.4515,369740.0444,376361.6028,367356.3998,373129.3176,368139.7061,365805.1369,371770.6203,372709.6192,362447911.9920,362450939.6811,362463261.5252,362464579.6243,1978.9856,10869.5861,6869.1159,12856.3786,0.0000,9306.9938,12244.5955,8953.8021,10265.2847,7036.9245,11199.2795,11344.8531,10585.1134,12670.8383,8838.7974,4767.4944,373812.4926,381014.1011,371558.2273,377288.2131,372441.4397,370055.7595,376112.4619,376992.2166,362449340.4821,362452367.5949,362464689.6780,362466007.8703,9603.7678,8512.8968,12118.7303,0.0000,9601.1592,12770.5112,7543.4206,10288.0037,6700.4119,10000.3673,10592.8362,11186.4058,13182.2115,7477.2234,5796.5179,373482.5974,380806.7776,371255.4931,376964.7602,372140.3315,369776.2769,375864.5884,376713.9161,362450665.4151,362453692.4696,362466014.6317,362467332.8099,13450.4286,5149.3693,0.0000,9876.2224,10974.1867,3211.6345,8873.4191,9673.2442,578.5550,6603.1732,11039.6005,10966.7058,3699.6746,11423.5164,365966.0037,373431.6792,363768.1071,369407.0909,364575.5946,362368.0214,368543.4125,369284.6180,362458012.2221,362461039.5633,362473361.8740,362474679.8908,13629.5037,0.0000,7820.3595,8381.7855,12398.8808,9169.1730,10265.6718,13493.2757,13113.2110,7166.7313,8756.1697,12201.7346,5145.4482,371530.6593,378264.6266,369172.2807,374949.5107,369996.3528,367616.3235,373585.8028,374532.8793,362447307.7904,362450335.3114,362462657.1640,362463975.3166,0.0000,11822.5136,10306.6721,7995.3451,10889.8798,9366.5481,4788.7043,3929.0539,11727.5683,9520.6506,8418.0825,13541.6466,361761.4896,369133.3962,359539.9558,365215.6558,360378.5632,358100.0938,364231.4826,365024.6700,362460298.8619,362463326.3964,362475648.4629,362476966.5190,0.0000,0.0000,0.0000,0.0000,0.0000,0.0000,0.0000,0.0000,0.0000,0.0000,0.0000,0.0000,0.0000,0.0000,0.0000,0.0000,0.0000,0.0000,0.0000,0.0000,0.0000,0.0000,0.0000,5658.4238,8443.2613,1732.1148,13081.7895,9816.6902,13238.1657,2878.7349,7073.8219,7992.2616,5479.1683,370757.4332,377566.9640,368416.8035,374108.5761,369119.7002,366956.1245,373023.0846,373840.7760,362449031.7413,362452059.3523,362464381.5757,362465699.5383,11176.4321,5451.0539,13522.5728,10670.6153,12288.5146,3178.1846,1668.1083,10979.6751,9378.6064,365856.3277,372507.5562,363478.2314,369200.9149,364184.6468,361983.5394,368006.2621,368867.3811,362451514.0815,362454541.9686,362466863.9602,362468181.9285,7736.3745,9786.3548,3630.2568,8716.9289,10315.8725,11582.2128,620.7876,9315.7852,369143.5463,376571.7977,366938.9191,372577.6738,367736.0113,365538.4941,371710.3167,372452.3612,362455285.3388,362458312.5829,362470634.9660,362471952.9847,13349.7952,8751.0808,12735.3511,3433.0808,6793.6323,7302.6943,6915.5670,369570.9608,376428.6688,367240.6949,372917.1469,367932.0008,365797.2226,371884.3789,372678.8622,362450428.4913,362453456.1311,362465778.3951,362467096.3304,9928.1328,6141.0360,13491.8684,13084.8985,10107.5521,10654.7984,368135.9749,375583.5225,365933.4189,371671.2339,366902.2207,364422.9443,370490.3995,371382.5648,362455586.0896,362458613.2184,362470935.1258,362472253.3882,6580.6981,10867.5763,10627.3772,4070.7555,11600.3124,365515.3475,372957.7264,363312.0906,368951.5355,364113.2095,361911.5572,368084.8602,368826.2926,362458180.9780,362461208.3555,362473530.6564,362474848.6651,13310.9355,11484.4281,9216.5059,13344.8897,363072.1400,370569.0314,360878.4575,366577.6984,361794.6817,359412.1584,365527.0443,366358.0972,362460079.3051,362463106.6536,362475428.6304,362476746.7883,4719.4826,9973.7336,6894.9073,368966.4673,375633.8727,366593.5547,372308.4176,367292.8075,365107.0596,371138.4241,371989.3438,362449235.3258,362452263.0900,362464585.1801,362465903.1479,11470.8842,10322.9238,364486.1810,371160.8294,362112.3057,367843.0598,362838.3846,360609.0503,366625.7174,367498.3890,362452707.5443,362455735.4544,362468057.3805,362469375.3692,8948.1550,369544.6571,376942.0860,367333.4404,372972.0995,368121.3344,365933.0133,372102.4692,372844.2668,362454743.9836,362457771.2369,362470093.6315,362471411.6421,374025.0701,380945.7753,371709.3683,377433.7748,372499.9656,370212.5867,376253.5125,377122.4075,362447072.1272,362450099.4718,362462421.6076,362463739.6984,28609.1857,6456.2068,6350.1192,12200.5270,10326.4470,15877.6128,10840.0221,362747460.3385,362750501.5968,362762816.0249,362764132.6968,23487.4126,24590.2039,20258.7391,22212.0588,17397.0542,18328.8289,362735624.2050,362738667.1410,362750980.8137,362752297.2395,7244.2370,7710.6677,5147.8909,11897.7950,7175.2187,362742001.0189,362745042.5013,362757356.8387,362758673.4733,8614.8578,11848.3439,15538.9038,8968.2975,362748153.2098,362751194.8484,362763509.2986,362764825.8316,10938.7938,15465.7173,10069.4777,362740396.3598,362743438.1835,362755752.7104,362757069.1474,8614.8578,7252.1975,362738960.9345,362742002.4288,362754316.5433,362755633.2696,6731.3572,362740542.8984,362743584.7973,362755898.4869,362757215.2583,362743683.4609,362746725.3166,362759039.3316,362760355.9778,24010.5982,29812.5806,23149.4770,23822.6698,21229.7527,9795.9142,
1200.000,6029.4390,13381.4771,12195.5108,12187.2727,10271.2639,8145.9607,12278.9176,5735.7025,7701.0603,10603.6146,10433.5258,8671.5404,13703.5755,11661.1679,10037.1468,12369.3826,12137.0708,10548.7406,8784.7738,12722.8527,10713.0878,7510.7216,13580.0347,8164.9404,13369.7051,10157.0734,10083.2064,11938.7182,11395.9849,10384.5235,10453.8421,9007.5844,9115.2532,10378.7223,3586.0282,11964.5031,5078.3532,13430.4242,7220.9205,11553.7385,12141.2816,7996.5241,7788.4119,9661.9880,8169.3524,12496.8617,7785.8199,10699.5639,9374.8585,10678.9534,11357.7564,11130.0088,8971.2148,4669.1309,11383.6542,2385.4319,13289.2023,13439.7161,11130.3974,7052.5561,10950.1082,7419.8377,7203.9153,12954.9507,7562.5678,8236.4711,13478.2121,12841.8161,5942.2643,13613.9172,13620.4178,13248.2075,11318.6655,7602.0019,7734.9903,2469.0731,10542.9013,13208.2091,10088.9157,5720.3806,7167.3353,10792.6090,6036.2804,8114.5045,6905.6514,10056.5387,10112.2686,0.0000,6005.6104,9848.8336,4259.3753,6262.5806,11239.5195,7607.0916,10253.9997,8321.9760,10641.7437,3028.9342,5825.1607,370993.4715,378412.9018,369011.5855,374598.0786,369660.4522,367502.1026,373464.5557,374064.5106,362453537.8030,362456063.2136,362468153.6219,362469390.3253,13453.8125,12764.7598,13698.8742,12612.4520,4356.2698,9545.0143,796.8840,9006.6157,13020.3012,5512.3924,9789.4514,13081.6314,9309.3897,12771.1286,8905.7067,12016.4951,6905.4649,10857.3450,10702.8069,13103.8091,5894.0071,12204.4273,10263.6086,10335.2229,12833.5140,7478.7592,9251.3379,7244.7182,10851.0741,10614.3217,8599.5088,12616.7916,10843.6346,6568.9889,9563.6308,7874.6710,11186.8446,9528.9574,7863.1291,10695.7249,11382.1436,11902.1678,12946.6680,11897.2790,12028.3809,9023.4897,8272.0359,5761.0482,11167.4903,13416.0861,13134.2218,11455.6343,1642.4937,9551.7932,7390.7437,13559.3225,12597.6837,10198.9058,10230.4182,13470.6489,10825.3475,10701.6498,13099.6763,11435.5781,4872.4231,12658.0678,12074.3491,10742.0938,13161.3541,12008.6526,12123.6641,10199.5264,4339.3905,1904.5509,4107.4052,13275.8765,13560.9969,5409.5614,3153.4186,1292.9690,13127.3245,9467.5484,10936.5822,1025.6285,13116.0948,5623.9789,0.0000,9204.6014,10779.2469,1928.9780,10053.1091,9550.4564,2395.0322,5156.8909,10500.3701,10805.8759,3465.7368,10681.0832,365238.9006,372790.4122,363281.7304,368867.6660,363967.0687,361775.5110,367750.4980,368345.7147,362458978.6976,362461504.2355,362473594.5149,362474831.2325,4574.2679,3601.1085,7577.2234,12330.6200,7951.1618,13626.9831,10636.0109,6092.1763,11275.9720,9615.1980,1911.1186,8531.6731,6641.9865,8997.7983,6617.2935,11085.8028,9069.5389,7553.3463,5497.8755,12048.8846,4756.1789,10591.5786,6924.3108,7322.8469,10449.8075,9126.2685,9928.3972,9199.7960,9152.3804,11226.4774,7771.7944,8181.8528,13172.5950,8020.8567,12531.1253,5567.7775,11328.6597,9988.7671,7034.3497,9043.4477,9321.9400,7305.6854,8639.7377,6217.0467,10542.0155,10504.8464,11453.6297,8772.2156,4642.0825,6187.0525,8590.4136,13726.5692,9468.5214,12766.7841,924.7228,4313.6030,8149.9480,10271.7726,5464.3026,9777.4725,9937.9293,4450.3203,9860.0532,12121.0759,2628.6596,5792.4056,10639.0161,1178.2898,4844.4447,4265.6172,9088.8208,12944.5124,13041.5259,13780.2235,6308.3625,1248.7369,11691.4068,13567.6914,13131.5289,6417.8146,11016.6623,9403.6998,13205.1879,6673.0838,11645.2946,0.0000,11669.0084,9565.0392,13708.2041,11195.8942,8430.4628,12994.1892,11480.8036,10376.5774,8918.6779,13661.5154,10720.8658,367275.2741,374057.9121,365159.0230,370885.5225,365871.0095,363482.1822,369224.8866,370054.6822,362450675.0654,362453200.9449,362465290.6342,362466527.4941,6090.9228,9716.1596,10599.1792,6769.1131,13103.6380,7125.7094,7792.7682,11865.6608,5851.0579,6034.2790,6469.0064,4693.0790,11129.2307,10179.0016,12785.1649,5323.3670,10749.6523,4428.4357,9482.9704,8526.7649,12303.7049,8640.8478,9053.3404,8104.6882,11730.9496,9473.1311,11928.4393,11914.4751,13258.3122,6647.0266,4082.6641,13229.7343,6288.1361,13114.5030,6163.3825,12685.6504,11874.7169,4531.6910,6317.9863,9253.6813,7589.8345,6805.8104,9914.6972,7018.1611,12779.1541,9663.5556,11634.3749,4176.9942,8632.8976,5070.9331,12672.5299,12226.9742,10904.1491,5239.2998,8365.8306,4801.4439,7156.0356,5629.0996,6843.5398,7057.5574,8467.0828,10469.6076,10188.8329,3996.7420,9589.0824,9853.2335,5073.3022,8409.7420,3689.4413,12030.4966,13725.9597,12616.5272,13060.1453,7423.3924,5452.0574,12643.5730,13707.0539,12640.3499,8447.4107,8108.1128,6062.7515,12551.9512,6361.0987,12742.4565,0.0000,12477.8378,12052.5954,12912.0452,11837.3896,5718.0323,13084.4773,11376.1545,12125.0225,11765.7818,12298.2977,9778.2808,369538.2998,376586.5551,367477.6562,373198.8134,368259.4217,365810.5987,371580.1446,372399.4619,362450942.4255,362453468.0084,362465557.7468,362466794.6810,4580.2955,13422.0088,10539.1959,13698.2894,10873.5072,2727.8450,12625.4361,10060.6524,4725.2770,10835.3525,5183.3821,10534.8884,5897.8464,11747.2996,8975.3218,8464.1145,3861.9795,12867.7808,6444.9508,8410.0851,9524.0815,4071.9353,12158.2096,9933.2715,12048.2748,7724.6509,7890.2552,10212.1865,5432.3264,9250.7883,11672.3493,10478.3483,10736.3291,8663.4504,9248.8181,11159.4302,9450.8239,7810.1482,6445.7452,4217.1566,6721.7749,5992.9507,10816.7325,10660.8072,12950.3888,7284.2870,3116.6128,3071.5155,8134.3943,13679.3508,9532.8195,11575.5246,2913.5159,5483.0633,9993.5874,9497.2009,2845.1258,8739.1510,8862.9611,4004.0736,6979.9364,13246.7242,5995.1195,6081.8140,8212.9921,4573.7425,6820.1427,7342.3422,8734.7443,12848.0268,13732.9998,12951.6831,2944.2767,2664.3499,12653.7692,13209.8771,13670.9778,3105.0297,10186.1434,8770.0469,13716.3703,3995.5013,12525.4210,0.0000,9496.3918,7808.6367,13463.4182,8726.3413,10497.6396,13419.7139,13007.2148,8115.7061,7663.5108,13249.2434,8366.7450,369846.0929,376545.6177,367714.0967,373424.0507,368372.2335,366054.4733,371810.2203,372615.3787,362448127.0195,362450652.8876,362462742.7157,362463979.5200,13786.4385,12825.4942,12347.7673,12030.5438,2324.6483,12499.0766,11709.1083,7905.6230,13087.3527,7270.7342,10724.4433,4947.8841,10668.2588,10670.6428,8383.5955,6513.2257,13494.8012,7997.3810,4345.1174,11260.9238,1193.5524,13669.4114,9313.0266,13263.5063,4658.0886,5074.7613,7228.0851,6096.9751,11695.9211,8712.4694,12830.2248,7315.3207,11394.8508,5330.0662,10795.0678,12274.3405,8746.1436,4504.9690,3979.6454,7214.3202,5650.7542,12017.8392,9071.0088,13847.1359,4367.6503,6399.3656,1599.1028,9862.2453,12478.9032,8062.8659,10335.2021,6822.2597,7019.7629,12506.9793,10210.1301,5204.7421,9491.6097,9496.9745,5078.0656,3676.4632,13773.2082,9592.5426,6319.8112,6349.7626,8169.9102,8496.2703,10761.3823,6939.1505,10896.0819,13018.2996,10905.8621,3215.9457,6527.4840,11957.0747,11157.5834,12820.7750,1657.2154,10452.3367,10018.1898,12899.9890,5158.5663,11712.3236,0.0000,5774.5008,4293.9931,11953.6755,5048.1724,12834.6020,12239.6989,13249.9395,3989.2829,4942.9091,11941.6953,6654.4554,370329.4223,377020.2645,368196.4570,373862.7841,368773.2864,366585.9552,372394.0620,373129.5151,362447972.2649,362450498.1816,362462588.2368,362463824.9285,6488.3618,5127.2178,6686.1045,13468.7607,5978.3694,7266.6102,12177.2572,5824.1671,11814.2791,9324.9458,13073.9321,8843.9704,8879.8629,11481.4484,12243.7449,2636.5677,12032.8927,12719.2289,9150.4967,13740.7304,3471.2616,10491.3818,4881.2844,12917.2001,12668.2847,11482.6229,12361.6359,7985.6033,9793.3255,6288.8998,10946.9916,9048.1896,12237.5837,8886.2393,7525.7735,10456.1408,12779.6282,13217.1412,11508.9241,12871.5587,6658.9493,10434.1789,1698.8566,13068.2708,12518.3519,13839.8111,9796.4952,4680.4462,11372.0198,8261.9694,12723.5205,12570.0619,6832.5490,9046.4468,13047.2470,9818.8630,9768.2686,13405.5803,12937.7014,633.4234,10846.2146,12668.0016,11737.6002,11982.3760,11678.9772,9778.3904,12046.2421,7937.2102,4013.2527,7331.6547,13530.6122,12827.0040,6994.1868,7280.1814,4085.4895,13782.4135,8568.2496,9473.4370,3792.1501,12898.3068,7378.3432,0.0000,11840.6077,12973.3248,5535.5062,12272.8717,6031.7772,5582.7465,4437.8726,12855.1668,12766.1472,5582.8015,11594.0106,365264.4046,372901.1071,363324.2958,368945.1364,364098.0534,361779.9032,367719.0874,368369.3688,362459368.7311,362461894.1520,362473984.2538,362475221.0849,10123.6226,8103.5261,11885.8025,7018.5020,7475.4358,7661.6699,1595.8696,10280.9088,7549.8531,11060.1089,9444.3129,8660.0672,9219.7759,10155.3269,6942.1704,8272.3709,13556.2910,4842.8180,12709.8027,3862.6026,9285.8768,3353.7545,12545.0473,12257.9911,12520.4897,11636.2855,6248.8462,13168.9933,950.7657,13534.4520,3195.9263,13661.1864,8238.6165,2678.0391,10542.5179,13072.4873,12247.9656,11385.1181,10515.7189,7984.0877,10572.0459,4940.8380,12425.5322,9962.7559,12146.1557,9275.8279,10169.0412,10694.6461,11844.9499,8646.2194,8991.6781,3968.6055,10118.6975,11009.1716,10454.9968,10555.7177,10397.0369,13530.0042,6230.6511,5618.6524,9942.2240,13046.2876,7302.1972,7750.7738,4219.2742,11257.1308,10966.1810,8524.3922,11942.8866,11998.4884,8876.4203,8422.8740,11358.7444,8840.8624,12259.6881,10416.2068,9695.3624,8844.4837,11536.9708,8706.5871,0.0000,13697.3068,12918.2213,10670.0528,13786.0170,2776.7393,9415.8440,6034.9525,13549.6827,12194.5252,10787.6834,12969.7231,363855.0952,371181.9378,361849.4875,367540.8533,362657.7113,360221.1438,366051.0713,366816.7373,362457652.5620,362460178.1913,362472267.9454,362473504.8580,9431.5666,12884.2936,5795.7836,10224.0081,13239.0800,9931.5686,12886.4318,8999.2659,11828.6218,6762.0537,11182.4362,10641.2938,13200.0564,6544.3078,12269.8246,9776.3466,10649.9958,12612.1472,8179.8778,9152.1462,7831.9629,10467.1331,10242.4827,8090.3134,12605.8624,11313.7193,5962.5855,10158.6258,7278.5544,11605.1603,8994.4413,7880.7860,11241.5466,11514.5098,11688.4791,12836.0907,11921.8627,11889.2003,9454.0692,7993.8921,6509.0296,10812.5420,13518.5763,12955.8811,11715.2668,1715.4242,9300.9371,7314.5490,13679.3651,12617.9706,10765.6102,10436.7183,13485.0868,10985.2664,10851.6388,13030.3911,11108.3959,5627.4521,12970.4772,11988.4355,10525.8990,13358.7436,12110.6620,12530.5261,9910.4283,3819.3886,2398.4262,3614.9575,13168.9216,13662.0863,5461.9744,2408.1383,1796.8752,12953.6212,9646.6497,11173.4821,1695.2601,13093.6793,5616.3287,0.0000,8681.8889,10360.1668,1560.2445,9602.3719,10157.2571,2316.9919,5667.9228,10030.1016,10450.6110,3412.2455,10482.8880,365391.2142,372915.9031,363428.6852,369009.7079,364097.3115,361927.5612,367906.2833,368494.0404,362458694.7046,362461220.2646,362473310.5732,362474547.2712,10845.4267,11131.4838,1384.3898,11537.0873,6780.9567,7007.3369,12781.3671,13395.1082,12870.1712,2748.2495,13517.4941,7998.0547,4274.3529,12807.4884,12539.4391,11549.6643,11413.7698,5668.7467,13420.3381,9202.9945,13524.4644,13514.1563,13348.9783,7830.3826,3549.3251,10409.9300,7303.3482,11245.3435,9938.9807,12229.6223,12752.2375,6680.9222,4901.0851,9418.4925,9604.7728,6583.5253,13369.9305,136.9710,13494.8284,6676.9043,13521.4432,8618.3947,11859.1161,3884.4290,8205.6558,13765.2061,5925.8083,11042.4843,12832.3409,4920.1938,3143.5200,9247.8132,4067.7358,4079.6778,12853.5952,10565.8520,6177.1401,9792.5315,13290.0518,8318.7607,10914.1394,12635.3710,8806.1001,13824.9647,11873.3323,9627.7306,8911.1095,10377.4517,11140.1408,11882.9464,10784.7032,9421.6316,11454.3461,3184.4553,3408.3869,9084.8932,8830.8640,12105.2887,0.0000,11357.7531,13331.4527,8727.3617,10955.6111,5685.8169,10566.4270,10043.3365,12515.1219,13535.6331,7321.0648,8046.5399,371219.6137,378709.0631,369251.2226,374906.4264,370044.9538,367665.2119,373549.6368,374258.9727,362453431.1434,362455956.3924,362468046.4576,362469283.3594,12840.2903,10323.9697,6924.2789,12027.6542,5248.7254,11151.1155,5904.8256,11583.8099,9105.3962,9024.0466,4332.4614,12857.6387,7872.5846,6321.4365,10921.7497,1434.5599,12826.7955,10149.4673,12884.3625,6527.0192,6841.8799,8949.5448,4398.7704,10093.1338,9797.7379,11780.1398,8694.9788,10449.9588,7129.9630,11433.4898,10919.0049,7245.1398,4123.5682,2358.7457,5735.2502,6359.2826,10820.8104,10284.1315,13338.8464,6183.9440,4157.9126,1464.4777,8188.7721,12807.7620,9286.1933,10161.2993,5416.9910,6885.5438,11112.0806,8955.2119,2928.7097,8137.6605,8195.1974,5033.7587,4392.7465,13351.1636,8207.6984,6784.7176,6123.7680,6921.8826,8305.7551,9343.6608,8315.4068,11967.2120,13379.7101,11529.8591,1073.2721,5150.8206,12593.2412,12092.8904,13207.4118,789.9502,9433.2459,8524.6592,13234.5128,3142.2782,12420.2744,0.0000,7249.9266,6304.8274,12440.9943,6307.3422,11624.3236,12878.1820,13325.2510,5992.9956,6678.5308,12166.5397,6351.5817,371084.3398,377805.9926,368957.6696,374642.6205,369577.2047,367326.6377,373114.6343,373879.7145,362447477.1987,362450003.0349,362462093.0112,362463329.7624,11269.3462,10237.6434,7728.0573,13407.5719,4167.3183,9846.4103,3618.5292,12346.5630,7031.3577,13232.9650,8210.5863,8705.4995,11006.6661,5891.9668,12935.0541,7308.7802,5499.1383,4013.3752,9888.7554,9450.3358,8247.1734,13735.9447,11238.8840,9919.4481,7579.6193,10368.4407,7797.9515,10813.7411,3400.5434,9163.1517,13181.7013,13479.4518,13614.9696,13510.7592,9491.3800,11080.3366,5721.9096,5915.4675,10053.5947,13145.8327,12561.2112,12837.6415,6994.8840,6842.3024,11425.0904,11456.6851,9512.2978,9707.1679,12597.6308,13466.9352,12972.1489,12945.1598,10828.7783,12935.8103,6409.7523,10093.5284,9208.5218,13175.9692,10553.2321,8338.1119,9733.5756,7943.1909,5166.7811,3818.3541,8776.8571,13357.8572,11509.0819,1669.4876,6386.2122,4322.6373,12851.0711,12299.2754,12783.0339,4700.8590,13657.3125,2092.6729,0.0000,11196.1711,10291.7662,7114.5576,12027.3898,8624.7935,3794.8977,1846.2687,11181.6847,9541.4019,8501.3102,13197.3425,361179.1732,368529.0365,359177.6709,364804.1236,359873.3296,357623.8412,363536.6228,364195.8989,362460294.1362,362462819.9436,362474909.9621,362476146.7046,10618.7024,6179.0216,6227.0185,12538.9474,12965.4323,12970.1302,1949.2509,13137.6907,7146.0536,5051.0803,12129.8898,12660.9074,10972.9443,11046.2309,5620.6258,13233.6006,9043.8428,13411.2706,13399.5478,13523.2537,7375.6131,2215.5218,11101.7628,6638.4386,11760.0692,9097.1403,12481.6974,12670.5296,5709.8966,4602.8834,9345.4247,9166.8480,6283.8276,12890.6341,1272.5577,13518.5549,6953.2882,13351.6479,7696.3276,11360.6772,3145.2099,9146.1838,13644.2453,6921.0294,10079.8321,12139.1900,3975.1894,3344.7385,8496.6448,4014.1646,4108.2558,12191.9143,10599.0980,6734.2885,8724.3613,12756.9421,8549.6615,9921.5593,11951.4543,7716.0708,13668.3514,12367.8769,10220.8223,9842.9480,9829.8103,10200.5336,12089.4583,11484.1464,10073.1618,10971.3700,3825.6698,3068.8670,9779.9504,8237.1772,12302.5354,0.0000,11712.6050,13274.6254,9635.9880,11232.2812,4976.1182,11122.5006,10220.7502,12603.5450,13388.5167,8380.0225,8300.4737,371049.2559,378472.8702,369067.0339,374737.2619,369868.2817,367463.0999,373324.1388,374058.1685,362452957.9989,362455483.2873,362467573.2796,362468810.1999,8556.4960,8230.6833,7484.5885,5670.1183,9848.3263,10325.8620,5960.4159,7126.4173,12307.6141,2971.0259,10430.2995,5531.1631,7936.1480,10514.0328,7649.6348,9216.9637,8531.0455,8387.8576,10447.5264,9166.0867,9236.8121,13153.8440,7954.2192,12475.2814,4876.3121,11193.7399,8599.5436,7401.7385,10394.4822,10260.2374,8473.8221,9990.9773,5072.4424,11441.4792,9267.3250,11278.6938,8106.8372,6327.1117,6647.3661,9972.8050,13570.9872,8172.0885,13394.4220,2009.5953,2759.5010,8763.5186,11440.7130,6953.9166,11039.1560,11175.6241,3739.0355,10464.1460,12048.3794,2857.3217,4455.5130,11530.6981,1036.1772,3016.9330,4549.7295,7917.7399,12170.4669,12460.6513,13764.3499,7386.4897,2165.4227,10599.6528,13079.8239,12613.5410,7066.9353,12055.4166,10695.3128,12752.3691,8076.3437,10526.7178,0.0000,11742.2097,9055.9496,13520.3006,11492.5198,8743.3467,12301.7229,10650.2815,10252.7479,8146.1596,13748.9380,11638.3791,365490.1163,372258.6027,363370.1698,369091.9453,364068.6106,361698.7520,367446.8446,368268.2655,362452000.3191,362454526.2870,362466615.9668,362467852.8024,9786.3659,8769.2154,11890.0464,10288.6832,7548.7556,10371.0155,9868.3041,5786.6527,9425.4484,13802.8545,6324.2033,12857.1084,2678.1752,10369.8280,4062.5497,13155.4714,12911.4435,13052.4601,11188.9969,5063.9182,12970.3128,749.9658,13481.6296,4506.6423,13817.9997,9292.6011,2115.7660,9695.5993,12779.9510,12078.9356,10751.1168,11428.5048,6659.0856,11428.9270,4273.2110,13057.8964,9811.9451,12462.4931,8306.3860,9713.7876,11626.7513,11005.4593,9238.2814,10022.1792,2673.2193,9055.1394,10888.7914,9492.9453,9592.0580,11194.6182,13400.9011,5437.4507,6311.3488,10930.8009,12554.1867,8071.0815,8956.5209,4753.4052,12125.6862,11286.2678,8520.7870,11530.9248,12013.1571,9463.6088,9118.7058,11368.1509,8765.5582,12473.5396,9342.9486,8666.5993,8682.2099,11285.3183,9426.4373,0.0000,13674.9254,13429.1661,10302.3547,13685.4508,1319.7989,9583.7753,6506.9478,13795.7953,12864.7597,10155.6297,12436.4866,365060.3120,372461.2014,363070.6386,368757.3639,363893.2234,361448.3528,367289.0111,368047.2481,362457314.0898,362459839.6175,362471929.4110,362473166.3394,12873.3925,9988.7752,13548.3548,4555.0067,11865.6267,1381.3829,10312.7659,10237.4638,10013.4166,11543.4290,6250.5111,10420.0274,12719.5647,12106.7626,10748.7735,10936.1100,12240.3324,2115.8196,6016.4173,11038.1280,9775.9966,10742.6187,9867.7632,10319.1872,13220.9234,8368.3250,3032.8923,5230.2690,3782.9717,2508.9331,10135.0881,6977.0898,13052.6749,11522.4081,10512.7603,2323.7088,6612.2548,3420.1848,12221.6236,12485.1413,8519.9127,6660.5122,9642.8783,7876.0342,4986.3360,2678.4053,4081.0843,4261.6260,8683.0831,6925.7167,11471.3765,7611.2820,10218.5696,5937.2453,7581.4544,10378.6361,7881.6824,11924.6733,13474.4165,13260.0735,11558.2060,4399.1658,6638.0233,13712.3649,13015.8382,13072.1618,6030.3696,5945.9864,4068.9603,12933.0629,2416.0153,13718.9489,0.0000,9768.4816,10521.2799,12217.5013,8720.6334,8887.0294,13411.0891,13159.5932,9784.8383,10830.5585,11266.6522,5865.5528,372998.3361,379987.0034,370927.0066,376622.6970,371645.1642,369287.8512,375083.8499,375863.7133,362447925.5497,362450451.0781,362462541.0189,362463777.8841,6832.8841,3353.0065,13150.9238,3270.5864,12279.2113,11000.3606,5202.3812,10064.5768,3690.1317,11330.2366,9514.4068,2291.9942,5921.6759,7848.7977,7348.9113,7344.2912,13226.3859,11974.5646,11117.6016,8297.2811,10873.9131,6495.3764,10331.1827,1505.8441,9436.1230,13574.7242,12988.3209,12563.9250,13477.4081,6264.3967,12710.9526,4102.3310,8860.9768,7842.9861,11913.6812,10519.4393,13318.1005,10153.5910,4261.8730,13206.0965,9023.5882,6136.3918,10570.8378,13639.8745,12174.6357,13705.8718,13725.7804,7782.3396,12319.5980,9588.7753,8284.5422,5808.2740,13379.7051,8118.4176,4868.1455,8599.4804,5344.1412,6985.2093,7601.3598,11078.0158,11877.3964,9045.8746,4122.5615,8727.1507,7959.7853,11022.2989,13623.6674,13527.4167,8326.3706,12683.5834,3989.6051,0.0000,11150.1687,8544.7556,10037.9267,11833.5486,9670.8317,7053.8285,5560.1949,10153.6641,7327.1346,11274.7686,13486.4586,360666.7491,367712.1812,358601.8854,364259.7773,359263.4912,357008.1646,362859.2443,363571.7051,362458220.1170,362460746.1429,362472836.0232,362474072.7545,7561.9337,12541.3426,3833.9289,8998.5756,13626.2044,4058.4074,6046.3277,7844.8170,5822.4241,12896.0235,5256.8465,11019.4978,3261.2738,3132.9739,5872.4092,9681.5513,12459.4612,10179.1998,11427.0447,8959.0100,9004.1350,7025.9915,7203.9798,11406.5896,11607.5995,8854.3117,8033.8836,10607.7301,882.4987,13346.3168,5817.4002,12842.0941,2774.3142,8508.7433,4690.7280,12066.4232,12530.6265,4291.0270,12664.1199,5935.8372,3316.1507,12292.8386,12656.6852,8071.5375,12201.2774,12233.9835,2488.5494,7947.9716,13173.2413,8086.4264,1759.4482,10215.1418,6479.6077,4620.9074,9423.9432,3278.4675,9467.6766,11710.7349,11822.7350,6927.2685,5704.4156,9273.6157,10657.3876,11731.8045,5430.0515,12872.6943,12377.5868,11969.6725,8631.1397,8970.2850,0.0000,8133.7233,3982.3303,12073.8407,8265.1452,12137.9275,10800.9433,11005.9271,5904.9032,2830.9851,12729.8976,10460.0523,365443.8890,372114.5423,363304.4756,368979.3985,363889.1377,361684.5728,367482.1035,368229.3463,362451612.8159,362454138.9279,362466228.8447,362467465.5328,13592.4576,4961.7258,13157.2731,10696.9494,7621.6712,8666.9419,6732.3185,11384.6763,10191.7474,2948.1845,7117.9014,7092.3795,6600.5533,5255.6631,13456.2768,12975.6192,8826.1166,10018.0558,8728.2412,9146.4749,8614.8042,1881.6576,11215.6922,13697.1443,12528.9189,12758.6822,13533.0232,7354.0679,12832.0218,2269.1336,9005.2697,7327.1614,12996.2729,10958.4154,13785.4783,8206.9066,3695.4451,11908.0025,10976.6401,8218.3337,11874.4376,13543.9744,12966.2710,13685.5517,13644.0949,9218.0629,11523.4693,9261.9436,10690.5679,7289.3950,12560.3499,10440.8620,7481.4614,10923.5446,4901.3734,3919.1187,5876.9928,8834.8358,12319.9680,10932.9382,2258.2703,5959.5002,6108.9401,11378.9031,13252.4547,13734.3962,6542.5957,13149.7413,1809.9016,0.0000,9411.3354,7583.6067,7870.5603,10422.8862,11029.7060,4711.3474,5392.2584,8868.3506,6726.1716,9451.7198,12677.7027,361372.3486,368506.3627,359326.6712,364947.1893,359947.7148,357776.2376,363679.0632,364331.3107,362458584.0501,362461110.0285,362473200.0962,362474436.7628,13273.0283,5648.2646,6756.9858,12065.1470,12070.2090,11629.8748,9868.6438,7360.7257,13579.9280,10386.3840,12992.6440,13054.1542,13470.9808,5712.5361,2907.8679,11037.1981,7877.9872,11477.8998,9707.0563,11978.9471,13324.9211,6658.9251,2870.9019,8002.5812,7692.3425,4606.3320,12550.2189,2714.0089,13826.9996,8636.6295,12893.4991,6327.2331,10288.3364,1230.5139,10125.6066,13767.8196,6843.1820,9436.1955,11884.8378,5212.7193,2265.2950,7037.8558,2505.3448,2681.4197,11611.6665,9491.9268,8398.6191,8677.9357,12493.7173,7382.7589,9594.3409,11980.7163,7982.9356,13603.5513,12990.7032,11416.5877,10281.9232,8469.7668,9523.0769,13002.5541,12114.4164,11224.2558,9806.2364,3258.7216,1372.8310,10955.4812,6671.9662,13155.8362,0.0000,11162.3869,12787.4635,10460.3996,10459.3883,6357.3650,12100.4232,11514.5490,11964.8420,13023.3136,9144.0473,7133.0916,372397.5870,379714.9264,370393.8879,376070.9405,371175.9803,368780.6494,374625.0417,375371.4633,362451045.3657,362453570.6764,362465660.6711,362466897.5832,11021.1199,12669.4998,3148.8924,8357.9256,5068.6379,9132.1797,11409.8174,2079.3643,8494.5926,5540.0295,5075.0410,6291.7190,11988.7900,12491.6779,10984.0845,9841.4149,10229.5864,7293.9736,8967.4902,3957.1362,10418.1871,13106.6034,11521.2510,10847.3882,12587.0767,3205.0439,13451.8021,3950.5088,11079.8468,5371.8618,10532.6855,8103.5469,13135.8531,11661.4994,2774.6764,13468.9337,7274.7052,3686.8317,11584.0602,13662.6376,10542.3600,13476.3275,13508.9199,5030.9487,10708.8236,11669.6988,7807.9558,2793.1487,12395.2737,6840.8871,3232.2864,8754.0560,3165.4514,8147.3912,9833.8300,11806.0818,9907.6126,7201.5167,6602.6501,9820.9044,10039.5463,8742.7564,13778.0347,13435.2285,10367.8409,11155.1383,6325.8348,0.0000,10029.4740,6381.1890,11355.2665,10536.0658,11010.1389,9017.1786,8387.1350,8364.0474,4944.4845,12397.6022,12572.1117,362164.6295,368987.6112,360054.7850,365725.1133,360674.1529,358443.1787,364260.3575,364996.3755,362455334.5959,362457860.7215,362469950.5865,362471187.2923,10980.6066,9212.0029,9664.0255,10912.9184,5526.1852,10778.1145,12053.0161,12019.1499,10054.5612,10238.4536,11827.9429,2630.5738,6629.7796,11319.6039,9752.6620,10843.5078,9319.3412,10120.5482,12727.6519,8360.4674,4334.6125,5379.3033,3401.7291,3563.5531,9119.7417,7954.7127,12524.4392,11858.6348,9761.7523,976.2712,5624.6254,4608.4860,12702.5165,11806.2899,9421.3629,5431.9211,8542.9817,8188.4229,6217.8747,1561.7054,5357.0270,5526.4886,7507.3295,6865.9842,11933.2859,6809.8095,9185.4562,6507.2751,6511.3616,9394.9204,7358.7295,11189.5903,13425.0744,13453.6336,12043.9854,3558.0685,5388.8328,13498.4712,13186.9437,13305.3077,5115.5678,7123.3811,5315.5040,13214.0598,2012.1037,13475.3818,0.0000,9767.7988,9901.9648,12651.6055,8753.9662,9098.2376,13501.9962,13127.2341,9410.1789,10099.8009,11891.2704,6506.0886,372255.0989,379160.7807,370166.3692,375869.4466,370873.2624,368517.6170,374298.0488,375090.4964,362447829.1509,362450354.7662,362462444.6613,362463681.5182,12735.8676,12906.6642,10335.1018,13226.9776,3340.2759,11992.3530,6566.7879,13515.6347,13358.9771,12469.8445,10946.0717,6208.4158,9913.5491,6400.9951,11090.3463,9530.0097,12427.8066,10706.8328,6998.3461,8566.6876,11743.8893,12186.9203,9886.2118,13494.7342,4261.5705,11946.2977,3119.2790,13622.6567,11401.1892,13494.2652,7794.2841,5485.4809,12667.9175,6891.3185,12474.7612,13093.7452,5698.2372,6905.0943,11981.2540,7796.1627,7748.2507,13637.6217,12267.1496,2127.4761,10694.9029,13337.9411,10540.9782,11924.8115,12436.2522,9537.9459,13115.4388,9555.2118,6196.8570,7522.4230,12712.7178,12583.3237,9132.6866,8536.8368,6085.1590,13292.4828,6444.8776,7377.5334,5710.2474,11704.0447,9461.0142,0.0000,11773.6777,13453.5013,6322.4515,11913.0983,5400.1870,7554.1956,6791.3190,12992.8307,13436.7340,5496.1315,10333.9117,367709.7579,375350.6030,365771.5161,371401.0694,366563.2829,364216.9437,370144.8970,370810.3591,362457470.5511,362459995.8566,362472085.9644,362473322.8299,9492.0969,4523.1865,8445.1207,11058.9812,5036.3228,8746.5165,6948.2282,6659.2928,8580.2459,10756.4401,11056.3384,12405.7634,8805.3839,11639.3156,5609.9922,10255.4815,6334.8358,8888.0172,12018.9021,11047.3121,9735.1403,11521.9337,3215.0166,12722.9585,6864.7841,11305.9843,6577.8512,8536.0822,7139.6789,11815.8434,12958.1195,5659.1091,13789.1226,4548.2667,1197.4867,10268.0471,12854.1215,8815.2388,12547.9694,12636.1633,3394.1880,10713.8591,12058.1728,5210.1908,2352.4052,12210.9302,3942.6371,650.5444,6519.2490,5576.4332,10483.0811,11400.5461,13156.1584,8625.8758,4533.7640,8769.2022,11800.7884,11600.8479,7752.7920,13236.3083,12346.9079,11840.2569,9725.9154,8609.7873,0.0000,11107.4473,7680.4992,12789.4628,11209.9915,9913.6820,10941.6093,9576.9671,9385.0783,6429.7687,13433.9301,12363.4461,363444.0929,370202.7501,361321.3223,367023.3473,361979.8815,359672.5562,365445.1385,366233.6489,362453654.0876,362456180.1709,362468269.9102,362469506.6833,11841.7871,5155.1989,13696.1043,8320.7343,12924.4607,3273.3940,3658.3897,3947.2747,8644.3067,13180.3783,5409.1879,13643.9696,3691.4787,12743.7434,1213.5918,9529.7414,13641.4397,10333.8281,6050.5921,7133.5430,9127.7446,6805.7046,12553.3690,7039.2324,13235.0394,3582.9266,9773.4079,5762.3362,11573.4833,10168.8713,6658.1054,9201.1936,9978.7318,8893.8985,13690.5520,11090.3409,8748.6753,10684.0232,10596.5221,7639.7516,4184.9196,12884.7033,11949.9359,7568.7180,6651.3239,10844.9747,9886.4298,12794.4891,5730.8931,7822.1513,10901.8279,8151.2303,7012.3505,9731.8797,10012.7298,8004.8396,10613.9778,5862.8015,10858.2628,11367.7087,10737.4560,8343.2185,9704.6979,0.0000,2496.4845,2377.6053,9398.4297,3008.0076,13726.2508,9748.1024,11990.7050,374.3130,3829.5735,9804.1210,6956.3309,369002.2371,375847.8879,366901.2030,372521.0350,367439.7121,365345.5981,371222.5917,371881.4403,362450509.1808,362453035.0889,362465125.3348,362466361.9478,11550.6783,7974.8852,5461.7180,4818.5572,9800.5942,9403.2956,10080.6272,12460.7684,9846.7603,12925.9051,5671.5716,12772.4337,3021.9399,12215.8583,4992.2123,6611.2078,12558.2089,13135.6035,12167.1475,12715.1189,7105.8501,11448.9088,7407.4104,8093.3165,9630.4359,10435.2057,10584.3347,11845.6919,11360.0664,7156.7305,13572.0454,7289.2028,5609.8579,8164.7037,12697.2814,11121.7459,12752.1903,12833.9701,7593.8735,13007.5382,9189.1618,5399.4647,6374.6754,13648.1540,5869.6019,3900.7884,5453.6320,7827.7327,9720.4269,9041.6136,12582.7770,11443.6893,7438.9309,6732.8235,10975.6644,9422.4405,11004.7425,12950.6343,12294.6319,9655.1329,11868.1741,6804.9734,0.0000,12794.3338,10448.5581,11493.1300,13110.1897,7283.4125,9118.6388,6260.5135,11838.5977,9295.0485,12245.1602,13700.5094,361465.2700,368522.2014,359402.7790,365095.2245,360130.9915,357769.8900,363579.0889,364347.5380,362457466.8675,362459992.8056,362472082.5320,362473319.3572,13449.1897,10093.0350,13388.6302,5760.9153,6153.0772,8161.8018,5010.2504,11039.2033,8990.0643,12632.6933,7726.4985,11374.2074,5997.9258,11450.2207,11918.0309,7822.9226,3689.4539,2824.2566,6217.2464,6437.3035,11402.5294,9933.6733,13770.3026,5479.5680,5485.0564,1581.7857,8983.6241,12588.9462,8980.9303,9952.3500,6615.6742,7462.9334,12044.6773,9420.9942,4180.6217,8633.5850,8651.3945,5534.1672,3376.3135,13675.7141,9367.8259,7014.4225,5711.3874,8051.6286,8910.6898,10477.3740,7922.8988,11497.1615,13304.4071,11035.4161,2116.5065,6335.3962,12512.1048,11592.0153,13091.9076,1035.0905,9745.1907,9167.7795,13131.2520,4038.6607,12303.0264,0.0000,6165.7593,5383.9773,12121.9218,5212.0898,12492.4223,12654.9585,13536.7806,4806.1356,6025.7760,11919.1814,5996.5277,371212.5100,377925.5791,369084.3539,374756.0693,369677.5860,367468.0822,373271.3585,374015.4441,362447403.3209,362449929.1776,362462019.2226,362463255.9379,10980.9919,4227.0958,13534.8448,13302.5466,12880.0116,11522.1402,5495.2562,11820.7660,3331.0156,12661.4281,6837.2532,13475.7492,9624.6173,4398.2535,9546.4223,12769.4188,12584.0652,10781.4195,12559.1015,5577.6972,11559.9553,2058.2977,13542.1650,10938.1484,13331.0323,8335.2301,7718.4220,12084.0514,9514.1611,11040.0761,11610.4263,3717.5182,8382.4753,11818.7942,9063.5812,9101.9146,12588.2163,13319.2653,2975.7488,8552.7935,12195.1353,12091.3850,10099.1617,10638.3050,7145.9105,12645.6951,10314.0896,6923.6900,9861.3993,12774.0279,11216.2251,8648.0880,9988.8519,7093.4511,13263.4578,8353.9766,8358.8332,6900.2514,11921.3555,9010.7043,0.0000,13136.5879,13685.0675,8459.2470,13261.1748,2750.6965,8268.2376,5753.7938,13743.4930,13318.5339,8177.1658,11933.1870,365647.3349,373199.2161,363689.4136,369348.6212,364507.4634,362100.3439,367986.0274,368698.9091,362458182.5607,362460707.9812,362472797.9090,362474034.8144,7822.5869,5846.6107,5318.0165,5445.9230,12736.4168,12842.5583,10101.9908,9926.9221,9554.7882,7997.4632,8680.9032,2216.0580,10813.0039,13518.7861,12019.8105,11741.2255,13129.4742,4858.5515,13364.7559,2283.7899,10289.0062,5879.1592,11697.5986,9315.5308,13579.6512,10364.1717,2009.3695,12969.0780,8920.2702,5633.6758,11810.4852,13789.2053,11678.0284,13735.5065,13736.7556,6816.0337,11068.7991,10777.7153,9066.6259,4660.9452,12562.9670,8419.0358,4984.4420,9705.3946,3158.6006,6413.5870,8292.6643,10675.2333,10997.7542,8858.8925,4779.3711,8283.8382,8519.0027,9878.9355,13734.0366,13735.4113,8896.4021,12110.5449,4447.5682,0.0000,9709.3403,6595.7161,10032.7454,10465.8134,11091.6754,7330.3646,7091.0959,8417.9302,5311.4427,11316.3749,12722.8514,361508.5928,368447.5667,359422.4822,365071.7793,360037.6901,357836.5964,363689.0416,364389.5591,362456840.4164,362459366.5046,362471456.4506,362472693.1339,11892.0672,11522.0754,11068.3731,13017.8716,8527.9170,11912.1804,3927.0219,12446.9089,5257.4621,12851.2392,6151.2694,5788.6007,11959.3848,13715.0650,13386.1820,12684.7678,10521.8590,9115.6121,8772.3232,3689.4609,11905.5452,11905.5912,12923.9926,11056.7218,8275.7729,9362.7494,11581.9719,10413.8316,9609.4232,6482.8932,11274.6063,12648.4584,11726.9757,11760.6033,11107.1122,13748.2543,4954.3751,8006.1144,10034.3895,13443.8051,9185.4486,8228.4982,7053.0261,10224.2530,8548.7997,5807.8053,10419.1958,13172.9190,10571.4911,5607.0770,9137.2597,6260.3331,13111.5403,11231.2850,11199.0745,6365.0188,12994.8438,5976.4975,0.0000,12986.9081,12284.0999,8759.1088,13428.5309,5191.1084,6719.3584,2816.3852,13008.1835,11530.6998,9397.2895,13392.2117,362130.9645,369542.2932,360142.2152,365801.4035,360916.1023,358551.9940,364428.9779,365140.8646,362459812.4834,362462338.1591,362474428.0316,362475664.8787,544.9242,3241.2927,9881.7588,13441.0387,7757.7572,12834.3631,6309.6452,11151.9365,4195.1865,7567.8703,12977.3671,11699.1209,8056.2401,8191.5186,10596.2670,3993.3135,13506.3081,5053.7053,13111.4380,562.2195,9853.9829,5436.8126,12545.1731,11215.7311,4057.1655,11366.2384,8545.1615,6408.4030,13486.9271,12544.4241,9086.1731,12147.8180,12114.1802,5463.3771,6551.6934,13107.4710,10537.6908,4792.7693,9058.8547,9195.1596,7393.3304,11607.3465,2840.0058,7798.4309,10921.5091,9927.1463,7503.1887,8301.0849,8898.0377,8797.7481,10809.1294,5951.9360,12489.0957,12578.8207,11042.3574,9169.9997,8531.7721,0.0000,5571.7949,925.1347,10550.7285,6065.5116,13329.6643,9711.3166,11158.8002,3249.2245,610.4392,11312.3378,9341.2948,366344.7648,373089.6687,364221.5626,369861.5492,364765.6461,362642.0367,368487.4152,369178.4186,362451699.4650,362454225.5304,362466315.6304,362467552.2552,3014.4831,10151.0751,13397.3059,7842.9095,12579.0420,6471.7983,10863.5134,4490.2897,7058.5344,12790.5651,11871.3193,8422.1914,8521.3941,10834.1107,3786.6289,13492.8308,4538.7237,12841.7595,836.7827,10019.1425,5758.8846,12648.9118,11052.5728,3513.0814,11472.5062,8527.3520,6197.0692,13344.7155,12658.9245,9321.4031,12296.4710,12264.8818,5436.5723,6960.6423,12872.3085,10385.1604,4543.9415,9369.2252,9079.2320,7081.8282,11431.9716,2301.5604,7486.0104,10605.6128,9888.4022,7818.6079,8296.1662,8447.9657,8594.5871,10517.0480,6293.6124,12596.5445,12690.7972,10766.9798,9443.8167,8075.1882,0.0000,5860.1621,1395.9770,10402.2038,6422.2495,13134.8523,9384.3416,10761.5046,3666.8853,319.0728,11236.1975,9640.5638,365841.6641,372601.8439,363721.3357,369361.2925,364269.5876,362142.1892,367989.0961,368679.5661,362452206.4923,362454732.5651,362466822.6543,362468059.2813,11370.2707,13889.7682,6006.5015,12836.3042,4947.7823,11805.2234,3946.1870,6467.4091,13378.7151,12469.3074,9366.4657,10115.0473,11683.2411,6319.6300,13345.2521,3546.6504,11990.5773,3762.7151,11791.6159,8164.6607,13273.5224,9103.8522,3763.0541,10551.1256,10752.5291,8433.5961,13703.4360,12795.2191,11153.4601,12643.4623,12562.4194,8101.6982,7774.1444,11803.1998,11968.7278,6882.6757,9639.0348,11057.7881,8831.9771,12664.9454,3453.4290,4956.7275,8740.8043,7890.0715,9772.3056,10566.8643,6925.8330,6099.5826,8589.0275,8521.2767,12461.6246,13097.5742,8865.5241,11029.5030,6530.1539,0.0000,5188.8358,3251.1975,8333.2757,6338.2301,13339.8975,7274.8858,9620.9767,4217.4534,3320.8044,9488.8174,9868.1772,365232.6455,372167.2397,363148.3117,368757.2194,363691.9927,361606.9219,367505.4853,368144.0604,362454199.5409,362456725.5408,362468815.7560,362470052.3526,7643.6670,9822.6894,11192.0280,9377.9844,11204.1805,8909.0055,13391.9279,10004.5635,3248.3452,3240.2395,2279.6964,1557.7344,10006.4062,7831.7366,12737.2753,12332.4363,9694.5686,3485.8634,5829.5318,4597.8198,11951.6527,12182.8645,7756.0980,7565.5142,10045.2198,9462.9453,5270.2599,2765.6843,4266.2534,4344.8641,8748.1729,5095.1665,12093.0729,9067.9779,10269.3114,4149.5804,8707.7740,10987.9231,9504.1645,11487.5736,12996.3257,13322.8222,10783.4688,3472.3646,7457.3985,13797.5254,12426.3647,13060.2056,5108.2651,5946.0112,4793.4027,12927.6566,1542.2659,13752.5959,0.0000,8244.7488,9496.2426,11795.4583,7040.1487,10360.0401,13267.0125,13662.6709,8403.0648,10075.3865,10842.6283,4134.3257,373750.0864,380704.0816,371672.1023,377351.8856,372351.2044,370050.4207,375863.1456,376617.9954,362447171.7145,362449697.2635,362461787.3025,362463024.1192,12379.2354,5388.7766,12824.1607,7558.5939,13187.0307,12364.9872,3985.3996,5488.6068,9995.0475,9258.9303,6923.3064,12264.3651,3422.2090,13494.3180,7216.6871,13302.0879,6943.0586,11063.8244,3690.7198,10486.2251,13439.5883,8807.9444,8785.5189,11113.9886,2474.9446,4996.8720,8056.3189,5309.6802,5476.4820,11359.1981,11264.2137,7445.3261,7010.7554,12006.9058,9662.8064,8435.2782,10834.0002,5866.4610,13474.7491,13039.8971,10927.8086,11334.2802,9640.4261,8960.8955,12199.2537,12503.8523,10889.9941,10758.4091,5733.0177,4233.4555,10667.0977,8150.3324,12410.4049,0.0000,12629.3687,13432.6115,10963.7415,12131.0619,3792.7859,11809.0051,10230.5916,13089.4361,13338.8492,9987.5784,9464.9208,370081.9073,377422.5079,368081.9776,373774.1528,368898.2286,366452.0008,372279.7464,373049.6474,362452934.4897,362455459.8543,362467549.7240,362468786.6722,13087.5052,1814.6637,13649.6039,4276.5271,10141.4641,13410.8962,9836.1356,7606.2242,9515.5948,9402.9703,10668.6682,10465.7490,8433.1205,10904.3688,8164.6462,11769.9975,9879.4777,10984.9697,5910.7936,9086.4331,5603.2582,12878.1604,12191.7647,12864.7146,9532.5275,11086.2388,9607.0664,9426.3275,11564.3991,6482.2051,10032.5026,13659.9100,11170.6279,6455.2920,13326.7211,12553.6960,13823.7436,8894.8645,5819.5317,7963.6938,3158.7318,10064.3734,12732.1194,9050.3594,4476.8900,7452.3711,9720.2480,8761.6255,10345.1080,7412.0460,10325.8692,8909.2886,0.0000,3381.9446,7154.3143,5027.9082,4383.8176,12805.0590,7070.5088,10381.9698,5669.4049,8088.7833,5234.5391,6543.9188,369487.9976,376723.5946,367467.8416,373048.5855,368051.5770,365962.1575,371917.2327,372509.5000,362453350.2220,362455875.8501,362467966.2689,362469202.8980,13508.6180,3770.3837,13717.3097,8918.3320,1967.4435,9903.5687,12768.8403,11965.7204,10856.4276,10929.1848,7180.3112,11104.0464,4744.5546,12716.0519,9624.8507,12153.3797,8549.6782,10043.4628,11229.6323,11369.0575,8737.3777,9433.6599,3047.5670,9408.0835,10711.6467,9777.1520,9883.2596,10686.8194,13346.4176,5949.9492,5729.4732,10396.0475,12665.5518,7493.8734,8320.1875,4196.1289,11728.2663,11261.2728,8697.1061,11789.7724,11809.9893,8969.7877,8958.6606,11478.1251,8964.8621,12204.6698,9734.1778,8967.7288,8918.6219,11185.6795,9247.5405,0.0000,13651.6956,13150.0881,10582.5187,13668.2019,1835.9942,9664.6319,6489.4931,13629.1547,12519.0054,10526.8604,12566.8213,364694.0213,372047.5384,362694.3366,368385.6149,363510.8177,361066.3006,366897.9536,367663.7287,362457208.2722,362459733.8463,362471823.6145,362473060.5388,13589.2934,2512.9018,9987.4202,13722.8479,9989.7731,6832.6976,8671.5870,9240.5838,9545.5537,11289.9011,7876.5485,11879.3702,6722.2836,11212.3250,8612.9641,11252.0187,7429.8038,8261.4091,6730.9531,12123.9330,11298.9629,13357.6847,10070.1101,10371.8255,9959.9426,9802.1179,10455.0226,5352.8539,11168.2049,13326.9636,10144.6249,6157.6825,12729.4055,11871.3094,13721.9003,7846.1394,6286.4976,9021.8376,4887.6893,9074.7185,11940.8689,9386.5504,5525.2414,8578.9169,8503.6485,9463.4182,10730.8918,8606.6838,9664.6676,9171.1251,0.0000,1764.6788,5610.0555,6555.6452,3079.9807,13338.7256,7960.2016,11054.1831,3964.1270,6717.4433,6860.3749,6340.1745,369512.4588,376614.2830,367464.6892,373054.4266,368024.9628,365946.8526,371880.4847,372488.5821,362452254.5827,362454780.3054,362466870.6909,362468107.3038,13124.3195,7624.3581,4055.2062,10998.1690,12593.6415,11328.1953,11388.4747,8333.3183,9820.0085,9729.9908,7718.4256,10916.4195,8842.0239,10473.1194,9946.7864,11893.2400,9379.7887,13096.2598,6250.6985,6363.3994,5864.9561,11184.6061,9858.3060,11224.1466,11351.5810,8000.5614,12930.8078,8877.3884,3230.2602,7628.0483,13102.9428,4653.3173,5065.2337,2635.4616,9780.0625,11462.9136,10148.7605,13135.5471,10716.9972,6498.8232,8866.4698,12261.8448,10457.5149,10735.4632,11651.0445,10564.8209,10561.4225,10685.0119,9007.5336,0.0000,13437.2939,11664.2832,12167.9252,13453.1758,5219.1992,10569.7310,7543.9637,12681.5677,10728.2575,12451.3505,13101.4618,363441.2142,370532.0826,361386.5783,367097.7141,362160.1856,359732.4777,365520.0752,366319.6652,362456075.9079,362458601.7148,362470691.3834,362471928.2754,9652.6281,13793.2813,10283.1140,6222.8776,7639.1926,9194.8928,7732.6253,12254.0176,7192.0473,12895.7385,4574.4190,10323.1466,6739.4990,11560.1543,9340.9478,7090.1305,8454.4336,10777.8792,9745.6522,13709.5122,10837.3495,9336.9792,10516.5057,10403.9126,8629.3340,4379.2981,12427.0915,12511.5375,8448.9625,6408.8495,11563.1110,10598.4970,13215.9270,6334.1457,7226.3243,10324.0667,7146.4209,7714.5537,10549.8188,9784.5051,7164.6574,9986.3828,6758.3648,10480.5005,11245.6134,10087.5049,8809.7343,9494.8332,0.0000,1542.1130,3362.2927,8524.1776,2572.7932,13724.2737,9160.0362,11734.1392,1519.1534,4707.1809,8924.4682,6688.4994,369178.1596,376100.9654,367093.2120,372701.5381,367633.8763,365551.7343,371448.7424,372088.4065,362451033.3236,362453559.1784,362465649.4788,362466886.0857,10137.8531,13649.4948,12864.5795,12734.4126,13548.2650,6789.3813,12695.2690,3154.8993,8687.5901,7669.8583,12458.1454,10809.1088,13525.0910,9174.0927,3881.6346,12618.3221,9964.0935,7125.7316,11054.1739,13586.8138,12602.7411,13703.3058,13695.6718,8498.1481,12054.0534,9229.3564,9375.8882,6507.0291,13077.5479,9207.8123,6085.1151,9615.3677,5107.1287,5602.5253,6597.9293,10055.7497,12163.6996,9959.4585,2860.5165,7460.3092,6931.2832,11275.6694,13441.5426,13614.4205,7335.2380,12965.2307,2632.7557,0.0000,10456.7978,8187.0364,8987.7614,11289.6479,10147.6929,5834.0455,5080.2523,9669.9679,7102.2346,10389.2587,13185.3108,360813.3385,367911.7290,358759.6882,364400.3738,359406.0268,357186.1610,363062.2303,363746.6518,362458612.6814,362461138.6829,362473228.6453,362474465.3494,8736.9745,11979.0207,10938.3477,9717.5460,10952.5606,6547.5132,11998.3004,6137.0833,12801.8076,8228.1433,11457.2566,7224.4124,10945.4673,11915.1799,11219.5002,7818.2241,9317.3064,1941.8809,8475.4989,9455.9583,8725.6125,8870.8285,10309.6034,12804.6340,7101.2949,4828.2114,10448.3529,12009.8366,6726.1924,8479.7321,3150.4556,12213.6395,12346.0170,10084.4711,12347.3030,10812.8867,8070.3417,10397.0998,12433.9566,10268.3932,11431.3927,9016.7542,7816.9332,10185.0201,9985.1808,10638.3078,0.0000,13646.4193,13237.9315,11439.0383,13450.1380,1747.7318,10965.7083,8200.3592,13577.1586,12701.5419,11118.3674,11899.0970,366264.3681,373553.7873,364252.1099,369956.3823,365073.8956,362608.1071,368418.0847,369206.3259,362455430.8647,362457956.4087,362470046.1478,362471283.0941,5429.2636,5389.3899,1860.1757,11804.8128,4921.7948,13498.3441,10482.2323,11600.5041,5256.8710,8562.2266,1942.9118,10520.7900,13289.6978,6067.2523,9138.2298,11584.7063,7634.3173,2136.4405,5379.1100,1103.4308,1265.7237,10794.1204,7133.2147,10090.9680,9459.2423,11936.2743,4901.5043,9785.8162,12087.4407,9280.9064,12875.8606,12841.7423,12191.8447,9842.0495,6476.3380,9129.0533,13502.0835,11917.7021,11910.3585,7940.3049,3067.0949,1653.2624,11676.3703,4567.1968,13562.2759,0.0000,9362.2229,11341.3136,10597.5779,8397.9645,8656.6884,12515.4809,12694.8424,10185.8240,11843.9947,9279.1920,4661.0631,373786.7019,380970.6952,371756.0986,377426.2162,372485.8909,370148.8008,375991.4538,376728.3108,362448973.0158,362451498.3889,362463588.4588,362464825.3188,2522.3959,3752.9643,9415.1717,9446.2852,11503.0799,13089.5541,7986.6879,5954.7671,5129.0330,7116.7894,11204.4777,11020.2141,7116.0002,8883.6736,10270.3894,11505.7082,6863.7663,4738.7293,6066.8784,6013.4746,8706.8319,2005.7491,12657.3030,10824.5120,9920.9404,2221.8226,10108.9643,11375.1980,11436.0949,10184.2278,11575.9544,12822.1114,9352.4510,3695.9561,8687.8961,13155.0606,10962.5593,12479.6594,4422.6940,7012.6230,6934.1559,12391.0388,3591.3180,13026.5377,0.0000,5457.7749,7439.4729,10792.2014,4079.1107,12145.6374,12402.8422,13721.2810,5815.3986,8411.9119,10059.4700,2491.0472,373523.4991,380438.7880,371437.9009,377089.8914,372055.3759,369846.9997,375690.4328,376401.1356,362447244.7527,362449770.3813,362461860.5579,362463097.2903,3666.4613,8474.1679,9599.5995,11694.8491,13202.9350,7956.6735,3765.1537,3763.1824,6655.7281,12451.5829,10940.0305,8807.0007,6843.1840,8863.6683,10730.9429,7252.6669,2356.6251,6327.5280,6375.3078,7226.1934,3826.1156,13035.0293,9092.5285,8861.9104,4455.8854,8236.6146,10081.2964,9900.7848,10068.3181,12552.2797,13563.5060,11043.5675,1472.9341,6647.2744,13464.5907,12260.6765,13318.3257,2980.6956,7766.3462,6871.6760,13261.1653,1469.0012,13344.7208,0.0000,7268.5170,7796.9149,12144.0909,6046.2882,11447.7183,13235.9770,13845.9711,6836.2744,8419.5026,11504.8128,4622.5044,372950.6422,379772.6210,370845.3210,376524.3961,371484.1093,369222.4069,375025.4408,375780.4862,362446801.5010,362449327.1904,362461417.2266,362462653.9994,10906.9581,6601.9378,13029.2224,11578.6267,10473.0984,4510.7642,7103.8114,3564.3140,11092.0877,12664.7647,6545.7820,8551.0143,10929.7815,8896.0321,3808.5969,4143.4933,2792.1016,2845.4594,9828.7816,5603.6075,11213.2133,9556.1266,11142.0678,3752.3077,9485.3334,11688.1129,9719.5022,12085.3359,12748.7684,12724.3213,10005.3690,4903.8709,8479.2496,13641.0646,11952.2218,12428.9566,6412.3474,4460.0849,3493.2606,12245.7101,3050.1450,13636.9160,0.0000,8333.1214,10179.8711,11006.8914,7200.1994,9832.6869,12804.1997,13271.9315,8936.3564,10794.1083,9858.0278,3604.7965,374014.7721,381080.0191,371959.8267,377630.3870,372655.1475,370350.2754,376183.1158,376921.9613,362447876.6029,362450402.0634,362462492.1456,362463728.9722,13313.2448,5759.4294,12541.1312,3548.9895,8576.4759,5225.0231,12123.9615,12621.4677,4214.2901,12984.0099,5597.2615,2550.0826,11951.6144,12808.4001,8290.3614,12386.1269,12430.2910,2286.2646,8621.3366,12964.9467,7532.7620,882.5672,10737.6835,5945.9053,3781.4166,8881.2480,3418.5611,9570.9058,11593.1455,12119.8689,7342.0479,5397.8756,9017.5350,10843.7092,11658.4571,5957.4303,13055.4418,12482.6235,11906.7247,8943.3252,8731.9376,0.0000,8806.4634,4754.4077,12218.8528,8956.6647,11741.0470,10750.2657,10639.4353,6679.4598,3504.5005,12907.5649,10964.2954,364832.2173,371513.8082,362694.6561,368375.0817,363292.1552,361068.8312,366860.8545,367616.4286,362452136.8781,362454662.9977,362466752.8750,362467989.5775,13461.1219,6617.0340,13499.2290,8564.0620,11830.4521,3862.1856,8244.9400,13724.4188,6028.1416,10956.3330,12753.4317,4784.5147,3205.1574,9211.8785,4110.1579,4129.1006,12789.8004,10594.0991,6145.2259,9678.5725,13225.4935,8374.1002,10814.3585,12546.9686,8681.8543,13788.0870,11876.1500,9618.5514,8973.5840,10356.3964,11057.0265,11844.5313,10810.1565,9420.4822,11431.1466,3280.4457,3423.1859,9087.5516,8814.1525,12068.1685,0.0000,11396.1838,13321.9496,8769.4284,10995.6292,5557.5678,10561.7473,9988.3515,12527.6118,13511.8572,7385.3728,8104.9860,371134.1214,378620.1086,369164.9655,374821.3574,369959.7895,367577.5707,373460.2997,374171.5410,362453462.6969,362455987.9505,362468078.0083,362469314.9118,10602.0033,5301.1490,12314.5888,9461.9627,13819.0208,9311.8523,1677.2603,12063.9796,10213.4688,7202.1366,12695.0532,13663.9423,12075.7600,13637.0256,13597.4492,7835.9661,10288.1970,10793.1934,10649.9257,5894.8856,11827.9321,9975.9298,6917.0984,11224.1672,2788.1195,4702.9597,7624.4787,9241.0490,11132.7114,10107.9557,4452.9889,6654.8959,7730.0966,9954.1985,13437.3714,13804.6467,8118.5305,12270.6453,4010.7963,0.0000,8258.2228,5624.9699,8804.6422,9248.6833,12034.7278,6305.4271,7396.7931,7221.0917,4668.3826,10237.2764,12002.8943,362286.7762,369268.9420,360210.3617,365835.5858,360795.5894,358652.0456,364536.4734,365198.6113,362456722.7016,362459248.7576,362471338.8318,362472575.4706,13196.7793,12038.2810,13706.8888,9568.3269,6225.5086,11381.1218,9265.7022,11939.3332,11916.7984,5648.8712,9223.0659,12734.5534,9940.4053,9932.6612,12930.1232,13363.7995,1470.3683,9712.8802,12232.2125,12269.7842,11030.7423,10893.4084,8506.1606,12073.0933,8812.6553,5053.5808,8707.5385,13397.5523,12079.3382,7210.6436,8476.2687,5263.9443,13684.9210,8955.3454,9427.8612,5076.2137,12747.0852,7609.5823,0.0000,12599.6648,13256.6726,7005.6609,12942.3067,4651.6545,6535.7673,4230.8519,13336.7667,12900.5581,7054.8460,12131.8944,364720.9766,372317.2640,362772.0147,368410.9119,363566.0612,361206.7477,367121.1078,367800.4064,362459358.9924,362461884.4431,362473974.4490,362475211.3114,9518.8619,5033.5195,12416.9313,11532.7042,4169.5930,11560.5713,8093.9873,5976.5877,13357.8198,12518.5500,8760.8456,12091.1597,12068.5381,4945.5612,6561.1318,13237.7844,10189.8724,4376.8405,9104.1641,8782.1820,7050.7858,11318.1603,2901.3665,8211.2797,11199.4489,10295.0704,7186.9842,7843.3830,9129.3451,9217.4074,11101.8347,5594.2947,12516.6915,12496.9183,11331.2026,8909.5585,8771.9084,0.0000,5899.1816,1269.7606,10896.9844,6277.6122,13224.1227,10038.8212,11300.9099,3506.6931,647.5396,11612.6710,9387.6083,366398.3291,373118.4939,364269.9813,369916.2536,364818.1042,362682.9784,368518.7487,369220.1160,362451429.3719,362453955.4463,362466045.5185,362467282.1523,5312.3243,5363.7798,13125.5341,11499.5401,10182.3171,4554.9883,7840.7311,8281.7173,7062.4042,1513.5501,6248.8347,6421.1531,6829.0427,7268.8412,12219.7936,6151.8751,8594.2752,7247.8418,5706.6326,8731.0520,6876.1393,10874.0040,13544.8286,13643.5945,12547.1943,3525.0442,4514.8530,13422.6424,13463.5690,13532.7007,4907.1813,7961.1196,6133.3199,13471.0961,2531.6088,13388.5917,0.0000,10111.3083,9779.6870,13068.7338,9153.7077,9127.5638,13658.4620,13106.1294,9509.6105,9854.9918,12428.5718,7275.8994,371636.2177,378494.8848,369537.5430,375247.6316,370243.2304,367880.1296,373648.2147,374452.3345,362447915.6473,362450441.3156,362462531.1666,362463768.0253,9445.7636,13069.8412,8322.6087,10970.8046,5393.4526,6085.4564,11833.5479,10157.7883,4252.9885,9401.5616,9448.9013,4052.2636,4850.8103,13777.8592,8385.9478,5745.9373,7080.4057,6861.3056,7643.2887,9671.2014,7257.7699,11611.2073,13381.9935,11788.3228,2522.1909,5088.6191,12191.9869,11973.4096,13239.3803,811.1412,10563.6857,9772.7944,13318.5042,4598.4283,11974.6598,0.0000,7167.5237,5310.2534,12641.2747,6431.3819,12204.4650,12732.6753,13236.7027,5426.8580,5561.9511,12591.1388,7341.6023,370050.9967,376714.1616,367911.9975,373595.2583,368511.1628,366281.9722,372067.3296,372830.1358,362447868.4386,362450394.3651,362462484.3327,362463721.0587,10721.7327,13634.3674,7034.5931,8878.6578,11518.5999,6006.1202,2359.0450,5994.0716,2034.1653,2272.7977,11045.1888,8731.5213,9350.4801,8543.5308,12114.0999,6710.5951,9241.9037,11792.4516,8081.3141,13354.8380,13246.3610,12047.5266,10581.2257,7475.5187,8939.6816,13391.2086,12426.6689,11840.8387,8916.0062,3516.4215,1096.4746,11597.9466,5576.5358,13505.1167,0.0000,10755.5470,12310.0837,10956.8824,9925.1610,7162.2257,12586.6842,12154.4686,11436.0420,12602.8310,9676.5216,6479.9577,372953.3360,380189.8540,370933.1359,376614.7252,371699.4062,369313.5865,375146.1715,375900.8162,362449958.1441,362452483.4919,362464573.4821,362465810.3843,10474.9072,5993.9461,13819.1263,13233.3538,10187.4421,9237.3466,13119.8860,9875.8331,9726.8074,13513.2087,10858.1617,5063.1772,13058.3654,12730.0385,9807.5617,13568.0040,12803.8725,12503.0470,10958.2165,5343.9144,3480.8875,3005.6306,12954.6714,13811.0348,6904.6467,3606.3152,2891.5085,12963.9240,8357.7990,10078.9529,2527.0005,12619.3451,7086.7102,0.0000,8758.9830,11019.0074,998.0408,9485.3435,9734.4922,3918.7978,6526.4887,10393.1980,11247.5526,1877.3821,9712.0477,366827.6371,374404.0050,364876.4086,370458.7385,365563.4224,363374.3186,369354.8906,369944.9783,362457976.0437,362460501.5021,362472591.8297,362473828.5523,12548.0084,9086.4330,5859.5883,12743.7871,13709.5394,11220.9545,13562.0186,13543.9684,6396.2098,9821.9329,11661.8324,9908.3053,4394.0347,11654.8638,8966.6716,5827.4289,10721.0813,1326.6859,6192.9800,8950.8283,10216.5579,10207.0734,8955.7645,5812.8092,7973.6990,9050.4363,8899.3344,13610.5295,13723.6670,9407.1186,11534.8961,5408.3945,0.0000,8286.4855,4812.4000,9974.3826,9095.6773,12184.3019,7744.0249,8430.4449,6766.0461,3549.7517,11219.4188,11857.4410,362685.3493,369555.0393,360585.8385,366226.1578,361165.2731,359008.6673,364865.5957,365553.4287,362455478.3010,362458004.4099,362470094.4270,362471331.0732,12755.6570,13590.1786,9968.9598,4906.1774,9900.2862,5344.9149,5112.5674,13034.9613,7519.0953,8168.5676,12830.8760,13268.2286,5099.7201,13131.1269,13815.6296,12486.4577,12405.3985,9445.6108,8928.9929,4651.0886,9871.7645,12701.1460,11365.0472,7723.5824,8422.5072,10511.0165,3817.5607,6071.6816,8103.0106,8931.5405,11434.0012,0.0000,7156.9524,10843.3600,5912.8758,6934.3278,10338.8021,9122.7355,10987.8586,9269.9484,11606.9051,4221.0144,4857.7403,372420.6422,379848.2242,370440.6559,376044.9728,371124.1299,368911.1864,374852.7043,375481.4126,362452365.5490,362454890.8704,362466981.2203,362468217.9773,3894.2108,8862.1316,10468.9056,5138.5869,9917.6140,10066.4170,3670.9351,9318.4486,12542.8401,3486.9265,5251.9045,10332.0127,1735.2954,4758.4984,5128.7257,8596.5358,12804.4758,13203.9257,13692.9151,5727.9994,329.1731,11742.4136,13459.3229,13271.4902,5677.5826,11182.2347,9646.5981,13358.5637,6357.4155,11660.4936,0.0000,11178.5364,8903.4373,13734.1634,10689.1646,9140.7707,13041.8196,11783.7722,9748.1188,8281.0151,13723.5067,10442.2030,367468.8956,374205.7913,365343.3843,371066.7381,366036.1967,363669.3871,369412.2578,370237.5889,362450198.9089,362452724.8219,362464814.5340,362466051.3734,10586.6003,12589.1387,7990.3224,12192.7232,12282.2303,2220.0197,9938.1268,12576.2086,5374.5746,1798.8158,11591.8864,3752.3994,1808.8905,6850.7265,5501.3261,10805.6268,11954.0546,13178.4238,7674.9781,3805.9931,9474.5682,12023.0228,12100.2231,6728.1890,13006.5880,12059.8219,12320.1232,8921.2865,9290.3294,0.0000,10601.5724,7095.8758,13012.3591,10594.8218,10375.6484,11435.0855,10382.1486,8748.3113,5936.5860,13561.1577,11763.9421,364414.3277,371120.5803,362281.3039,367984.5788,362927.2214,360630.0984,366396.4212,367188.1563,362452497.9711,362455024.0562,362467113.8116,362468350.5772,7033.8521,9448.3304,7437.0797,7571.3943,11308.2497,12481.4861,6309.1981,6310.0089,11557.2804,11235.7030,8052.2085,9917.4725,4784.3645,12998.1602,12393.3451,9875.1915,11571.2324,10869.0541,9080.7532,10895.4917,12133.7331,9969.7722,11685.5403,7535.8718,6464.6635,9798.8442,9739.5647,11157.9691,0.0000,13348.8785,13623.3063,10751.9069,13089.3605,1388.7265,10889.4674,8561.3264,13636.5854,13286.4334,10135.3102,11074.1342,367672.7017,375052.2611,365679.7852,371372.7773,366508.5061,364049.6680,369879.9516,370649.8375,362455096.8573,362457622.2872,362469712.1019,362470949.0526,7316.7028,1066.0659,1003.0708,12067.4944,8304.5393,8651.5068,10215.5772,12897.9020,5739.1547,10840.8807,12838.5165,9711.1860,13473.6884,12347.1900,11140.0171,8890.3411,8309.7120,10491.6808,13019.6401,11189.7519,10834.7784,9597.6743,1190.7908,1273.2726,10536.4591,6562.5036,13138.8853,0.0000,9807.5325,12193.1976,9456.5460,9067.7746,7976.9378,11675.9273,11885.3178,11008.7111,12671.4175,7934.2105,5436.3425,373368.5984,380705.4369,371369.5013,377025.6348,372119.5009,369780.2292,375651.7719,376364.5810,362450573.3189,362453098.6036,362465188.7221,362466425.5897,6414.6317,6545.4229,6617.7270,6016.7450,12796.7643,7267.1055,8461.5225,6325.3172,6518.8550,9099.3229,8116.3381,10461.5000,13307.7424,13830.0304,12205.1104,2113.8250,5005.1644,13561.6143,13192.3745,13672.1391,3707.2484,8095.7546,6569.3384,13620.8088,1354.7599,13484.2268,0.0000,9118.6745,8911.7294,12955.1318,8060.2564,10239.6413,13685.8344,13570.7772,8459.6588,9165.6210,12335.8110,6408.6356,372182.7167,378995.6948,370074.9875,375776.1541,370751.0643,368426.9557,374202.2867,374992.7344,362447194.3936,362449720.0898,362461810.0001,362463046.8245,251.4556,11519.8821,7647.0385,9441.8796,9967.3372,12506.4059,5156.1765,10437.5163,12578.0617,9626.2618,13230.4071,12613.3572,11711.9624,9310.0781,7427.6763,9921.7739,13329.7925,11547.3324,11410.1781,8802.4824,2014.8941,1155.3172,11141.4822,5602.9945,13417.4452,0.0000,9513.5483,11779.3785,10013.0183,8648.4336,8427.7917,12131.8422,12377.2206,10570.5629,12292.3933,8572.3837,4870.1106,373731.8569,380994.6729,371717.5656,377379.5427,372456.0954,370120.6162,375979.3124,376702.3080,362449678.5961,362452203.9184,362464294.0214,362465530.8835,11601.0655,7567.5207,9400.1744,10133.3051,12562.7086,5018.8095,10589.7351,12668.7169,9794.4522,13214.1248,12503.6394,11622.2782,9121.8247,7496.4764,10065.9097,13283.0556,11405.0611,11309.7155,8847.9728,1832.4718,1353.9869,11037.1922,5702.4457,13369.3642,0.0000,9376.9355,11732.3901,9855.6121,8520.2010,8538.3115,12033.0635,12355.5112,10488.8729,12267.0628,8395.6134,4724.7340,373764.0727,381034.3119,371751.3542,377410.5926,372487.1313,370157.6124,376020.2364,376738.7632,362449728.7482,362452254.0670,362464344.1838,362465581.0412,8331.1239,13391.8663,6351.1593,2302.1113,10293.7755,4476.9650,3991.6413,7912.0787,5604.0255,11208.8614,12762.2211,12979.9545,5920.1150,3418.1099,10606.8924,12206.8336,12806.0248,4760.6820,12506.0451,11552.0294,12989.4618,7493.3198,10385.2258,0.0000,9464.3867,5988.4324,13191.2692,9255.5777,11324.2647,12133.6532,11696.2146,7423.1003,5142.6404,13572.2867,10505.2467,366293.2807,372930.8203,364147.1641,369846.9309,364767.4351,362498.4957,368262.6774,369050.6693,362450534.5842,362453060.6554,362465150.4689,362466387.2142,12912.6801,11416.0704,9249.0737,3121.9498,10508.4061,11087.5175,12142.1215,8915.9851,10475.1807,12350.8771,8754.6851,4447.5813,9087.0402,12377.9631,10005.5531,11999.5686,4346.3442,8264.6538,8503.0432,11968.1480,5131.1495,12190.3584,0.0000,3759.9940,5820.5138,10294.2293,2373.4658,12933.9937,11680.4657,13416.0345,3951.8255,6990.8139,9870.4374,3476.4028,372494.5086,379373.5068,370401.3261,376040.1912,370984.4224,368824.6505,374681.0307,375370.9460,362447873.8484,362450399.5656,362462489.7885,362463726.4726,10598.6911,12748.9707,11619.0617,11801.7214,11701.4817,9471.8048,12296.5595,8428.8410,4607.0920,7604.8968,13370.0381,12655.6671,7467.7118,7744.8710,4663.1493,13697.5376,8215.5464,9044.7242,4362.8234,12653.4669,7846.1598,0.0000,11993.7860,13156.5236,5921.4097,12352.6435,5553.9336,6138.6694,4847.6736,13004.8730,12959.1182,5785.6982,11462.8352,365637.6339,373273.9314,363697.5505,369323.3626,364480.3436,362147.4685,368080.4113,368738.8683,362459047.4105,362461572.8097,362473662.8946,362474899.7398,6932.4331,11727.4098,2055.3532,4958.1923,1772.4539,9874.9130,12701.2967,12010.2072,13680.3984,8353.8783,3791.5197,10851.5153,13323.8288,12185.8752,8581.0505,10921.4984,9359.2555,12246.2252,8306.2567,10902.2360,0.0000,12771.8535,10957.3220,13212.0427,12462.8930,6374.8413,12247.3973,10002.2990,11797.6131,10192.7764,13199.3348,11748.3404,365937.0905,372870.4349,363851.1552,369577.4910,364606.9263,362176.9802,367932.3103,368759.5149,362452857.5771,362455383.3891,362467473.0420,362468709.9391,11207.4414,5383.3177,2925.1658,8286.9594,3836.0670,9765.1710,11521.0042,12429.0989,7716.3828,5091.8189,8859.6075,11087.1004,11627.9566,6458.6224,13180.8558,12521.9016,11880.5937,9200.3503,8600.1735,0.0000,9473.5930,5562.2372,12387.2716,9622.5635,11299.8925,10765.0189,10316.2866,7451.0398,4279.6147,13085.6963,11414.9663,364327.8325,371023.7837,362192.8708,367879.3074,362805.1916,360560.5817,366346.7021,367111.4442,362452598.7849,362455124.9046,362467214.7417,362468451.4613,11328.8263,12456.7270,12041.6295,10995.2838,10997.9245,11908.4899,7833.6004,5707.4486,10177.5950,12880.0416,9991.1135,11495.2239,6440.8249,5566.1327,6197.6062,11340.1547,5102.8723,12797.7753,0.0000,5218.5956,8394.5141,9425.5043,4010.4935,11858.5468,11608.8928,13241.2643,6526.4980,9422.2855,8434.4399,360.4707,373875.1372,380942.5236,371821.1261,377455.4270,372451.6794,370252.5109,376129.5365,376810.2781,362448252.5606,362450778.0758,362462868.3366,362464105.0694,3922.0963,3806.8536,8721.3061,12575.6769,12592.4724,13812.8583,7239.1172,2011.5912,11023.5515,13341.5623,12733.0025,7176.1046,11524.0236,10023.0954,12835.8174,7670.8045,10985.6545,0.0000,11987.6560,9651.5271,13571.9893,11650.7514,8145.6645,12554.0605,10795.5490,10659.2132,8848.3333,13663.6049,11410.3110,366118.9614,372921.4836,364006.2582,369731.8944,364722.0755,362330.8744,368076.6584,368904.2573,362451737.5646,362454263.4751,362466353.1451,362467590.0033,6161.9135,5880.5630,10425.9238,11129.7945,13150.1441,9018.8977,4785.3209,8502.3000,11751.7061,11357.0837,8226.3351,13216.8283,12328.6340,11597.0386,10008.6145,8370.0742,0.0000,11414.0508,8121.9174,12678.4965,11542.8937,9502.0870,10741.3600,9156.8479,9793.4281,6868.8811,13336.5350,12594.1446,363104.1177,369898.2530,360988.4304,366691.0149,361658.2614,359339.6634,365114.6116,365903.3816,362454178.6810,362456704.7486,362468794.4762,362470031.2593,10840.4366,12729.6876,11435.0321,13441.8352,9381.6204,5422.6852,10713.8753,13200.4916,11632.1910,9783.4289,10396.4052,8873.2040,11649.8514,9002.2454,10840.0344,0.0000,13337.6725,11985.5715,12785.3653,13066.9475,4792.2748,11913.0548,9329.6427,12673.1588,11274.4653,12679.9115,12012.8922,365853.0646,372911.0532,363792.7659,369515.5339,364579.0781,362124.4817,367893.9434,368714.0826,362453884.9179,362456410.6384,362468500.2972,362469737.2212,6882.7659,9790.8428,10378.9578,9282.1615,8425.0232,6948.2726,8457.7002,9829.6797,7861.0644,13417.9144,13459.2363,10150.6264,10762.9422,6554.1585,0.0000,7618.6319,3670.2053,10405.7744,8322.4878,12570.0276,8580.5009,9434.9386,5795.6854,2294.5363,11501.6764,11225.4022,363686.4254,370488.2343,361573.4805,367217.3946,362139.9960,359990.9539,365837.4754,366532.5196,362454172.6823,362456698.8009,362468788.8250,362470025.4651,4335.1409,5481.7597,12538.7249,12730.2396,3832.2286,2215.3356,4178.2331,11813.1062,11744.2316,12886.7485,4525.1942,13089.0795,3642.8840,0.0000,7568.1745,7838.9664,4715.5432,8795.3469,11724.7576,2652.8307,6227.0178,8120.1661,7727.2669,6521.6626,11080.2664,363751.9520,371043.9893,361740.6489,367326.4148,362347.7487,360231.0794,366186.6976,366783.4636,362458172.5781,362460698.3833,362472788.6539,362474025.2894,5870.8204,13712.6033,13232.0980,3988.9001,4116.8221,616.8393,13469.4996,10524.2815,11677.8017,973.0132,13657.3658,4308.5481,0.0000,10235.6789,11010.9502,3791.7495,11104.3462,9010.3824,1712.6984,3405.3775,11126.9729,10771.3432,5244.8180,11865.5437,363563.0421,371097.2808,361601.3117,367197.4832,362299.0327,360083.6558,366045.7708,366656.5135,362460059.5396,362462585.1453,362474675.3423,362475912.0733,11674.5393,13618.1537,8252.3758,3405.4307,5274.0534,11610.8027,7938.8492,9841.2271,5081.7560,11496.6637,8271.1760,0.0000,6317.0319,9511.2722,2231.2719,7076.2887,11381.2946,5508.7313,8765.2622,8390.5252,10114.2650,2260.4074,7784.6090,368722.8376,376171.6426,366746.2877,372321.8179,367383.7481,365249.7345,371228.0195,371809.4032,362455597.5145,362458123.0082,362470213.4194,362471450.0949,5495.7122,13191.8781,12507.2930,13520.7608,1798.0828,8860.1748,7828.0329,13511.2038,2150.9915,13047.1154,0.0000,7636.5896,7232.3178,12633.1640,6559.4086,11498.2887,13313.5251,13713.4790,6690.4943,7670.3770,12190.7115,5901.9790,371953.1676,378701.6080,369832.3019,375519.9105,370464.7478,368198.6158,373985.3646,374754.7124,362446975.9373,362449501.7140,362461591.6924,362462828.4618,11748.8613,13387.4442,13289.6986,5388.9329,11191.9410,9688.4264,13379.8561,6217.5132,11655.1667,0.0000,10966.4486,8651.2454,13702.9062,10469.4130,9362.0809,13031.7309,11873.6659,9495.7567,8046.7051,13700.1112,10297.3218,367572.3236,374296.7096,365444.3097,371165.9951,366130.4205,363772.0033,369515.9044,370338.7300,362450033.8584,362452559.7797,362464649.5031,362465886.3350,5447.1561,4363.0153,12513.4794,12654.8687,13278.8506,4812.9081,13686.2603,472.7210,0.0000,10285.6496,9284.9372,6795.3027,11258.2068,9919.2326,3224.1920,3366.8042,10221.6329,8576.4543,8402.1992,12936.5133,361269.0241,368564.9079,359256.6485,364872.0894,359916.5214,357714.3955,363636.1774,364278.5018,362459899.0208,362462424.8821,362474514.9598,362475751.6596,3674.9270,12027.3315,10429.8260,11906.6927,3811.8120,12773.9246,5396.0523,0.0000,7049.8096,8630.7903,2782.3251,8205.8817,11602.8718,2899.9545,6907.1556,8304.4205,8844.0642,4576.8815,10025.2295,365485.7030,372874.4157,363495.3295,369071.0691,364114.0875,361998.1144,367972.5118,368553.3135,362457635.7483,362460161.4205,362472251.7676,362473488.4131,13299.3597,10173.6271,11424.8372,481.6464,13442.2353,4640.5356,0.0000,9832.5839,10847.7363,3177.7903,10702.9165,9174.6390,1680.6853,3960.2172,10844.3399,10692.4994,4671.3279,11448.7407,364091.7625,371627.7027,362130.6975,367723.4826,362823.0971,360616.7784,366582.8695,367188.4897,362459690.8223,362462216.4099,362474306.6339,362475543.3592,10018.4895,9219.1192,13350.0730,3903.2459,12313.2039,0.0000,7015.5803,5728.2278,12547.6291,6139.7425,12133.4379,12872.5441,13441.3171,5521.6155,6122.8418,12375.3200,6697.3822,370773.1679,377461.2175,368639.5657,374321.5845,369243.9484,367011.2939,372800.0810,373560.8336,362447492.1272,362450018.0070,362462107.9937,362463344.7265,2451.0543,9851.4670,7265.1790,12777.8215,0.0000,9367.8330,12098.8126,8570.2485,8731.8331,8336.6367,11055.3571,11581.9699,10812.5396,12638.9282,6944.2818,5246.3968,373240.2653,380627.0925,371251.5907,376894.6257,371992.7782,369677.8514,375569.2441,376260.5084,362451146.7932,362453672.0605,362465762.2379,362466999.0859,11154.5376,5965.0831,13395.7616,0.0000,10329.2938,12285.1647,10308.9239,9524.5301,7537.4296,12220.0014,12079.9054,11253.6150,12671.4648,8909.9570,5929.9706,373248.5079,380532.4116,371238.2992,376908.3884,371997.8231,369632.4639,375482.8262,376218.5640,362450167.0099,362452692.3232,362464782.3734,362466019.2610,13360.4897,5093.2671,0.0000,9861.2931,11052.8999,2933.7693,10692.5356,9036.5432,2121.1057,4198.4124,10962.9989,10941.2010,4309.0249,11279.8609,364456.8050,372013.3366,362500.1774,368092.4923,363198.0794,360987.0050,366955.0604,367559.9544,362459570.4299,362462095.9869,362474186.2189,362475422.9506,13610.0542,0.0000,8399.4057,8866.7740,12424.7059,7233.0774,10566.3524,13502.6732,13726.7034,8063.8189,9326.4886,11678.1044,5175.9551,373012.8588,379871.7661,370914.9875,376604.5746,371583.6997,369280.7609,375073.9231,375845.4306,362446963.0574,362449488.6996,362461578.6815,362462815.4926,0.0000,10051.0129,8929.5478,6914.2721,11047.2278,10210.5119,3386.6785,3817.6972,9917.0446,8208.1011,8542.7996,12866.9374,361288.9185,368555.4938,359270.5334,364885.4881,359920.8382,357728.3858,363648.4412,364290.3125,362459669.3300,362462195.2144,362474285.2971,362475521.9874,0.0000,0.0000,0.0000,0.0000,0.0000,0.0000,0.0000,0.0000,0.0000,0.0000,0.0000,0.0000,0.0000,0.0000,0.0000,0.0000,0.0000,0.0000,0.0000,0.0000,0.0000,0.0000,0.0000,4752.4941,7962.7184,1482.2188,13458.2926,9230.4556,11905.5336,2657.4977,6056.6351,8066.9822,5475.5814,370322.3544,377317.6852,368252.7955,373857.0643,368807.7990,366716.9368,372624.5020,373257.2319,362450710.9793,362453236.7360,362465327.0753,362466563.6971,10316.5180,5229.7319,13528.3644,9798.9471,11493.2526,2346.9583,1523.7279,10986.9987,8688.5289,367140.5302,373900.3067,365020.8371,370655.4873,365560.0485,363447.4281,369300.1449,369982.8539,362451223.5945,362453749.6241,362465839.7653,362467076.3840,8776.6905,10330.2656,3778.1980,6899.7166,9640.5272,10613.7063,1989.1675,9358.8600,366939.7524,374466.5158,364978.4025,370557.2614,365644.3986,363479.4970,369460.4119,370045.4797,362457537.2165,362460062.7149,362472153.0661,362473389.7657,13347.4810,10249.9622,12619.3442,2980.8393,6558.6509,8590.0072,4309.2691,371478.2052,378439.9654,369402.0248,375016.8115,369966.1858,367853.7556,373745.8485,374396.1028,362449474.0690,362451999.7925,362464090.1070,362465326.7500,10081.3808,7404.7994,13700.7165,13086.9961,9934.9270,11715.5680,366362.0577,373767.5232,364373.9297,370061.8489,365200.6208,362750.1403,368589.1518,369349.9533,362456337.4936,362458862.9630,362470952.7753,362472189.7144,4189.8500,10002.6340,9577.2585,5574.4744,11614.4373,363403.3744,370848.4423,361423.2647,367014.2313,362084.9125,359910.2268,365871.8429,366475.0298,362459546.9043,362462072.5947,362474162.8211,362475399.5124,12149.8693,10843.3489,8016.8086,13212.9031,361723.0337,369176.7647,359743.2124,365372.2241,360474.8964,358187.8271,364105.1117,364767.8959,362460638.5268,362463164.2265,362475254.2345,362476491.0160,3810.4282,9998.9906,6838.9738,369180.7911,376008.9969,367076.1951,372699.6174,367616.0539,365516.2620,371387.4901,372052.3409,362450212.2111,362452738.1212,362464828.3545,362466064.9722,11424.8606,9694.3939,365841.4175,372586.5179,363717.9429,369361.4573,364268.1551,362134.5503,367975.9388,368672.2755,362452069.8785,362454595.9585,362466686.0313,362467922.6630,8302.6965,368696.4060,376255.0189,366742.3019,372326.2058,367427.4532,365237.9533,371214.7342,371808.3280,362456393.6498,362458919.0444,362471009.4050,362472246.1339,373984.7661,381074.0399,371935.2876,377569.4910,372572.1510,370367.1138,376245.9931,376926.3623,362448334.7766,362450860.2696,362462950.5315,362464187.2710,28470.5823,5980.0788,6219.4966,11972.7584,9957.2318,15735.0963,10277.3689,362747280.8283,362749820.3962,362761903.0257,362763138.5033,23666.4682,24583.0438,20431.2651,22249.2981,17532.6452,18806.0930,362735547.4779,362738088.7215,362750170.6254,362751405.8744,7011.0996,7832.1400,5105.8578,11991.4538,6808.2100,362742262.4008,362744802.1807,362756884.7282,362758120.1727,8655.3575,11568.4012,15461.8189,8667.4404,362748210.3580,362750750.2972,362762832.9487,362764068.2977,10851.2129,15656.4974,10158.6213,362740493.2809,362743033.3957,362755116.1496,362756351.3984,8655.3575,6797.0407,362739073.8405,362741613.6425,362753695.9718,362754931.5024,6869.8820,362740427.9917,362742968.1964,362755050.0925,362756285.6786,362743670.3796,362746210.5102,362758292.7450,362759528.2103,23939.9247,29599.5635,22895.0699,23815.1366,20835.0793,9600.0563,
1500.000,5651.5352,13385.2177,13009.5688,12552.8045,9611.8998,7368.6774,11914.1110,3812.3852,7613.0219,10297.4301,10468.1949,10470.0170,13507.9287,12426.4237,10241.8256,10717.9023,12284.5190,10337.3170,9739.1575,12822.7355,10694.0769,7046.7398,12535.3620,8269.0378,12045.5614,10922.1411,9777.5494,10552.0783,11666.1592,8677.5989,10077.5715,6470.1270,9172.5493,12150.0897,1576.2090,11808.0479,3720.7461,13575.0283,5827.2607,11581.8482,13029.9114,9774.0853,9969.4984,9801.7470,8131.6379,11317.0703,9927.9688,10046.5568,8336.9875,9071.2982,11370.6071,11889.4132,11658.7422,4601.9512,10746.1564,5401.0883,13276.1659,12664.4579,12056.0565,9390.9596,12030.2484,7414.0274,7177.7008,12270.0048,7072.2179,9083.1163,13615.8003,13060.3164,8167.3872,13614.3015,13669.8436,13736.1755,11328.3504,5027.9380,7732.8427,1828.2962,10383.7381,13282.9272,10080.0098,5033.6010,7283.0494,10398.0133,5891.5836,11035.2102,6959.5719,10055.2251,9134.5125,0.0000,4646.9122,8340.0473,4370.2176,7193.5686,12030.4135,7645.5655,8855.5255,6873.0317,9102.3255,3976.8052,5773.7773,368843.0646,376358.0296,367111.8041,372619.4057,367606.3582,365512.2826,371287.9613,371708.3683,362455826.6493,362457854.8684,362469702.2684,362470854.4188,13554.3129,12237.0744,13719.5689,11556.1993,3842.4536,8574.8683,2862.4101,8912.4590,12258.8730,5886.1385,10811.8082,12454.1981,10687.0355,12776.5390,7100.0289,12051.1750,6864.2015,11066.4653,10672.9316,13100.4147,5688.8737,10222.3963,10765.5156,8179.0192,13134.0901,6975.9518,8089.3547,8330.0043,9131.9386,10596.0174,6805.1584,12543.1445,11955.4286,6683.8355,8794.1023,8010.0219,11794.6083,8900.1150,7873.8057,11499.3981,12051.0829,12960.6177,12525.9996,11840.1847,10519.8467,10642.4638,8119.6349,4762.1500,9414.2669,13433.4386,13370.7137,13040.2870,1763.6940,9266.4332,9219.7352,13572.0201,11314.8459,10531.5064,11464.2212,13650.3185,10854.3889,10729.1643,11916.1631,10605.0795,7377.6069,13039.9524,12086.7396,11942.9518,12623.1941,12028.7129,12472.8661,10287.3746,4682.1064,3214.1099,5153.9134,12825.4836,13576.2658,5403.9046,4641.8763,2414.7079,12335.6404,9496.5611,12824.9284,3151.0930,12985.7407,5122.2938,0.0000,7819.9328,9533.6176,1869.4298,10980.1556,10031.1874,2279.5204,3683.7912,8942.1032,9498.1511,5407.7871,10338.1886,363340.1632,370838.5137,361603.0946,367124.2333,362116.4768,359988.3832,365746.5418,366187.9424,362459819.6394,362461848.0772,362473695.2962,362474847.4574,5159.6868,2503.3675,8518.3973,12911.1440,9366.8902,13732.1408,11024.4596,6921.4487,11222.6956,8393.7282,4261.0456,7485.7168,6585.2121,10815.0010,5958.1543,11066.8637,8774.1148,7289.6789,5577.3689,12529.6579,7960.4727,9724.5025,9664.9610,5871.8823,11225.4026,10355.8498,9564.7331,10622.1275,8883.9518,12366.4549,7727.7844,6397.2357,13039.3074,9202.8681,12340.0764,5161.8460,11585.2701,9912.3031,6103.6160,7694.5849,6829.3357,7448.4740,8687.1225,8280.2091,8944.2959,10618.6982,12418.6519,10305.5815,4665.1507,4488.6909,5307.9983,13744.7360,9679.7225,11466.9206,1172.4156,6791.4471,7874.9633,8604.6402,3743.0812,9888.4501,10045.9160,6572.8463,10242.5242,11266.9870,1965.0699,5167.1089,8739.8897,3628.9302,4728.0920,3732.1919,8629.8265,13259.3956,12933.5815,13465.6682,6701.9983,647.7759,11683.2425,13271.9278,13045.7283,7243.2201,11164.5985,6170.4434,13023.9103,6694.3875,12113.8677,0.0000,12209.7636,10532.1780,13661.8846,9906.7954,8152.2736,12975.5363,12517.3929,11297.0367,10107.0775,13118.6369,10756.2067,369441.7389,376281.0751,367579.7858,373221.7153,368136.6239,365807.0745,371342.6295,372015.8279,362449207.3329,362451235.8867,362463082.6290,362464234.9578,6843.0203,11958.5814,10201.5565,6091.6711,13322.1893,8255.8391,10690.8576,9266.1187,4748.8762,7417.5227,2824.2115,7289.6074,11108.5110,9750.9340,11512.9619,6080.2572,9103.6354,7524.5627,9497.6118,9634.8273,12630.1562,8803.0691,9712.9536,7484.2801,11709.0400,6188.7368,13063.9384,12045.0048,13747.9112,9566.4138,2155.5720,13267.3880,5528.3515,13421.6741,3162.0609,13482.9012,9793.5737,1743.6949,6783.8610,9467.5259,10849.4965,9841.6553,11180.7733,5623.5407,12251.2479,9404.5589,12879.5448,7117.8162,8899.5719,4775.6088,12177.9979,11852.9765,10491.3284,6221.5517,9609.4318,3105.1880,6861.5512,6222.3371,9263.1553,9471.2258,10225.2514,12622.2776,7490.8613,3853.0448,8462.0283,10153.0280,6749.4516,6559.6279,3261.5205,11339.6499,13726.6685,10507.6113,12384.7645,10355.6823,5748.9492,10645.4018,13723.8488,10932.9388,11048.1288,10102.4935,5640.1351,10563.8983,9405.5808,12023.8160,0.0000,13605.3274,13119.6204,12154.8065,12193.2347,3670.6688,11551.8642,10862.8593,13469.5573,12733.7966,11229.0107,12036.4261,367387.8202,374540.0370,365584.9786,371226.5986,366233.2013,363821.5402,369383.2641,370046.1577,362453215.0658,362455243.4530,362467090.1332,362468242.5388,6975.2812,13461.0753,11005.4398,13401.3267,10896.5242,5140.1119,12434.3427,8858.7485,5630.1834,9122.9767,5214.9109,11641.3712,5910.5271,11746.3669,8704.4974,8450.7762,3764.6994,12866.6349,9006.7155,8143.5892,11129.2140,3627.0868,12242.9169,10791.6580,11139.0053,9868.6646,8094.4706,11708.4342,5704.6185,7452.7969,11973.0169,10803.1612,11019.7167,7370.0284,10215.6723,11108.2599,7981.2127,6916.2554,4586.8863,5313.0718,6882.8658,8261.8771,9181.8355,10777.5058,13172.4283,9590.2099,2810.1557,2551.7946,5044.8853,13749.2725,9807.4980,10476.2547,2114.4931,7491.7444,9330.1156,8089.8574,2345.6421,8744.0998,8875.2116,6532.6211,8467.5018,12001.3126,4380.8885,6044.5967,6840.4331,5253.1524,6580.1749,6064.0202,8704.3659,12789.7277,13575.3060,12868.2761,4531.9832,2099.3120,12657.4031,12809.9601,13592.8229,5506.7927,10202.7105,5576.3622,13505.7953,4437.3856,12654.1766,0.0000,11001.1949,9512.1508,13628.0187,8011.4789,9710.0563,13516.9839,13324.9132,10102.9908,9373.9756,12807.1557,9016.0486,371454.5771,378298.0626,369594.2758,375222.3523,370125.4782,367837.5983,373392.5519,374042.0539,362447745.0770,362449773.5662,362461620.4225,362462772.7224,13263.7698,13220.8791,9987.9718,12572.4969,1953.8205,12505.5384,12574.1882,7940.5956,13065.4911,8814.1763,9841.8602,5054.6912,9509.9997,12052.1224,8485.9514,7584.3454,13360.0067,8478.2569,1753.4711,11486.1024,4029.3032,13858.3805,7962.3207,13285.2612,4139.4069,2893.3874,6447.5946,6774.3202,12298.1797,8431.6527,13331.2699,6586.7659,11594.8306,4611.7542,10523.2484,12428.8064,10350.8469,5842.6173,3052.2748,7445.1485,5257.7296,12545.0079,7183.8538,13515.7257,3981.0607,7553.0130,4663.6356,10267.7204,11848.2016,6401.7399,10454.3387,7615.5391,6953.7875,13206.9150,11213.7102,8175.0003,9981.1877,9899.8078,5067.2078,3577.9418,13749.2733,9737.6058,7035.8271,7038.3754,8294.7049,9271.8718,10792.2880,5690.6483,8392.9026,13045.2383,10830.3750,3332.3391,7990.3073,11589.8305,8430.3913,12635.5815,1638.7335,10546.5924,10186.2314,12954.7695,5776.1509,10146.9423,0.0000,5842.6786,3294.5764,11679.8033,4150.7933,13229.0475,11853.1625,12265.4798,4014.0302,3779.5423,11950.4290,6498.8856,370822.0248,377649.2129,368959.0803,374525.0427,369364.2762,367273.2144,372912.6236,373454.6151,362448572.2420,362450600.8534,362462448.0343,362463600.1592,6395.1741,6256.5497,6690.5715,13428.6022,5240.2268,8285.4085,12587.0103,8147.3077,11948.0996,8658.1997,13091.7891,8729.1907,8916.8499,11368.1307,12631.3468,2638.2581,11132.5077,12723.8913,8102.9493,13750.1064,3529.4577,10123.8619,6022.0752,11705.1334,12611.3108,9951.1811,12589.7882,9643.4208,8636.8402,6324.4173,10164.6209,10268.8945,11295.5126,8570.6426,9358.6527,10673.8560,13169.9624,13517.3318,11828.1029,12227.1231,8183.6314,10460.2837,1212.2260,11887.5988,12947.4916,13830.8293,11582.1973,3471.0903,11328.6824,8658.2238,13260.1679,12289.1228,7822.8078,9772.6509,12954.3176,10038.0817,9993.8216,13119.4080,12325.1775,3911.5312,12057.0812,12629.4711,12091.4462,12529.2936,11788.6131,11212.5443,12058.1445,8137.9935,1393.7901,6040.0427,13666.3979,13111.5088,6243.4158,8105.4707,1977.9804,13616.1392,8755.2268,11428.3805,696.8425,13197.3564,7408.3254,0.0000,10371.8974,12015.4618,3617.9788,12380.3884,7360.8630,4021.2063,4236.8306,11516.3493,11911.7098,4754.4932,11342.8004,363325.1288,370940.5924,361610.2605,367156.0927,362206.5596,359970.4787,365703.9614,366184.8865,362460542.4697,362462570.7831,362474417.8616,362475570.1202,10663.6783,9009.1077,12787.4651,3877.4313,7465.6365,8737.5044,3746.8118,11467.6297,7535.3197,10754.8122,8067.5047,9016.1341,8009.1624,11731.9089,7224.6640,8119.2515,13528.0855,4606.6327,12785.9003,3968.7749,9253.4356,434.5653,12338.6602,12175.5672,12106.8874,12905.2902,6818.5069,12618.2664,925.0727,13279.5914,4906.6910,13468.8969,6077.1925,4507.1147,10605.6780,12929.7077,13361.5125,12787.9242,10727.0611,8075.6932,10110.7049,5323.7201,12247.1016,11540.5609,12054.9135,9827.4452,9061.1065,10366.5529,11678.7202,9956.8315,9429.4115,4161.2048,10132.1386,10986.9352,11731.7983,11823.8610,10908.8543,13798.6229,5491.0459,7781.3753,9313.8367,13046.9678,8489.5871,7310.4380,6290.6123,10588.5550,11405.5799,6127.9089,11049.7006,13100.6847,9744.4814,5871.9287,11383.2559,6637.9558,13017.2263,11516.1839,10298.4203,6728.7478,12884.5282,8125.5615,0.0000,13126.7496,12840.3699,9147.1862,13786.4725,3130.0812,7112.4867,5951.2456,13185.0765,12199.1308,9843.8190,13552.9495,362121.8439,369414.5087,360343.7155,365953.7158,360968.6219,358621.5104,364241.3455,364841.9746,362458567.1308,362460595.6620,362472442.4043,362473594.7400,9545.4433,10985.1371,8131.1831,11759.7000,12713.3658,12289.5853,12367.1626,7916.5820,11576.2810,7468.6565,11599.5297,11123.0240,12541.0063,7346.2552,10648.1549,8885.0976,9769.8134,12073.5686,9193.5078,8065.9091,10458.5733,7537.6414,9328.1300,4768.9473,11491.4475,12967.3533,4452.4164,10842.4492,5612.3081,13031.1705,6573.9610,9087.8647,12883.7028,11984.2262,11905.8878,11127.3096,10765.8509,9922.1870,11466.1280,7674.9584,7227.2580,7929.4127,12968.6157,12605.2933,13223.7513,3085.4093,8766.2922,8570.3767,13556.2610,11301.2410,12119.4126,11606.2979,13407.0837,10301.9818,10119.6861,11402.6801,8598.6660,9236.7495,13620.5494,12128.7404,10763.1050,12961.1686,12679.3035,13412.7333,9754.3392,2416.4491,5919.5911,4264.4055,11583.5817,13632.0483,7207.1267,2386.2949,5177.4982,11006.3727,8956.6182,12873.6603,5616.2659,11944.8536,5921.0904,0.0000,5345.6093,7732.9233,2952.8628,9104.3750,11768.6185,4686.2598,6084.4940,6778.7400,8031.7612,5647.3317,8569.6959,365301.2981,372737.1923,363553.3861,369060.1208,364021.4777,361953.0304,367724.7591,368144.2796,362457953.2677,362459981.6944,362471829.0331,362472981.1468,12011.6797,10211.2591,3888.8703,12899.2578,7592.9287,7165.9150,12765.5334,13407.7546,12818.9838,3239.6065,13390.0091,8541.2611,4263.5228,13487.4000,12084.8017,11895.3551,11357.9975,6134.8385,13373.9839,8692.3509,13122.5180,13336.7360,12144.4383,8517.3738,6500.1853,8440.2393,8338.9999,9707.1286,10257.9150,11229.4952,12434.4986,8589.2507,5203.9199,9596.7182,11288.0260,7510.9383,13720.7703,3090.1745,13449.6738,6748.3388,13261.8403,9160.1172,11858.3614,7160.4137,7681.5173,13730.2297,4076.6144,11586.1826,13659.6062,6831.1808,3897.7881,9332.0588,4599.3026,4663.3082,13705.6707,10877.8285,4387.6465,10768.0588,13224.8166,7981.2296,12568.0656,12499.8548,10621.4832,13824.6524,11050.3674,7872.9265,6320.2646,11414.6468,11273.7447,11344.3432,11044.3689,8234.1324,12344.1512,3783.1996,6563.4802,7031.4864,9673.2772,12095.9235,0.0000,10702.8368,12858.3241,7603.2387,10308.6706,7319.3394,9787.4268,10048.8626,12068.2168,13187.4112,4590.9194,8531.7529,369469.6967,377100.1040,367760.1440,373327.8087,368406.1313,366094.9275,371796.9592,372318.4633,362455795.5586,362457823.5790,362469670.6593,362470823.0057,12657.8887,11546.8994,7106.1922,12135.1688,7379.1827,10451.4169,4694.4593,10239.6850,11021.2739,8402.0948,5967.8712,13269.9546,8574.2178,3311.4432,11527.3752,2138.7360,13547.8272,8792.7410,12868.4850,5778.0782,4150.0007,7982.8262,5586.0993,11048.0379,9229.1812,12806.5847,7574.5889,10575.6908,6005.3393,10796.3160,11363.2532,9122.1368,4390.4227,1837.8250,6540.6708,5858.6906,11574.7817,8224.8596,13549.1326,5561.2310,5807.6095,2789.4734,8730.7429,12435.9101,7305.8048,10139.6140,6020.1891,6864.4323,12280.0612,10136.9637,6395.6159,9230.1657,9199.4034,4951.3160,4341.3063,13353.1304,8354.0071,6455.5943,6165.6715,7314.5561,8491.1520,9610.8603,6355.0147,9682.3886,13327.0930,11297.6226,1645.1875,6373.2967,12047.7277,9716.0293,13030.8234,428.4751,10130.0824,8722.9814,13214.4933,4287.3095,10983.9884,0.0000,7148.0411,5072.7236,12271.8617,4416.4606,12413.6622,12460.4211,12723.0881,5689.3301,5341.0398,12122.1121,6556.1105,371525.0266,378342.6408,369660.2560,375243.5048,370096.2089,367954.3578,373569.3026,374141.6079,362447811.7149,362449840.2828,362461687.3859,362462839.5571,9960.4637,9457.5571,7303.7729,13034.9850,4748.2872,10513.9955,5179.7126,11091.0770,7446.0064,13129.9344,7273.3983,7160.6179,12542.8691,3168.6614,13268.5119,5240.7389,6891.1032,3838.2328,10467.2477,10926.3004,9686.3553,13692.8288,9863.9149,11194.0734,4587.7651,11893.1060,7713.2124,11978.1576,3956.7061,7904.0030,12387.2287,13695.3220,13422.4429,13463.4979,9491.6061,10310.9406,7736.6905,4648.8333,10459.1976,13047.5424,12722.7178,12110.9214,6991.5515,8467.0368,12018.4799,11452.1605,8909.6219,7579.3158,11937.6933,12757.4367,12674.0975,12678.6497,10446.5302,13018.4806,6844.8945,9992.3459,9502.1889,13619.6713,9529.5592,8345.6087,8799.2297,9196.1598,8740.7180,4188.3708,9849.7859,13336.3709,11406.9676,2218.4781,8709.8633,4299.6200,12782.5394,12035.3838,12391.4195,5190.5897,13658.4263,4726.9209,0.0000,11435.7842,11183.4882,7113.0384,13300.0518,6663.6694,3853.4472,2441.7320,11500.3116,10480.9392,9201.3994,13229.9389,360668.2026,367960.5843,358889.5486,364466.6414,359448.7787,357205.5765,362872.1943,363414.4130,362459904.1004,362461932.7339,362473779.6243,362474931.8661,10849.7991,4677.1969,6095.8144,12544.5521,12171.2027,12774.6735,1875.1235,11984.4546,7305.9470,6486.5215,12291.8738,12627.3933,10867.2645,10521.5663,6082.0476,13202.6216,7270.5500,13616.3494,13210.1458,13424.6132,8452.7736,2742.4613,11013.5056,6651.1902,11741.3067,7343.4242,12631.6016,11705.4534,5406.2742,4253.7869,9120.3089,11069.4093,8028.3424,13098.7458,938.1752,13497.8169,7793.2057,13606.9739,7556.4475,10517.3343,4588.8701,10085.7746,13459.2137,6884.3114,9234.6731,12346.5622,3923.5330,3354.9900,7255.4851,5996.3967,6208.2106,12586.1445,11853.1149,4902.5836,7856.8435,11523.1648,8502.6061,10337.5077,10267.2313,7637.1222,13248.8156,12813.0824,9166.8924,9462.0698,10894.5437,8804.9981,11408.1828,12808.7488,9652.1761,11929.5438,6437.3089,4513.6402,8729.1595,9143.0900,12582.9292,0.0000,12437.6186,13448.4851,10038.0353,11236.5778,4793.0364,10933.7681,10702.2869,13145.3144,13489.0512,7912.8290,10109.3879,369097.8015,376551.8407,367353.8419,372961.0716,368024.6586,365638.2925,371271.5765,371866.6633,362454441.3132,362456469.4365,362468316.3105,362469468.7135,8612.5479,9868.5855,7720.6983,3343.0806,8010.9376,11491.0930,3355.8047,8785.1575,13078.7025,4102.4518,9277.6016,7032.5679,7331.0984,11447.6271,7092.3755,9032.8328,8622.4386,6888.9474,10653.9019,10218.8015,9057.4819,13150.6232,9004.7115,12328.9080,5419.4543,11082.6028,6871.0943,7352.3759,10836.3695,9205.9034,8467.7111,11052.1608,5176.2052,11409.1676,7547.1673,12120.4425,8208.5369,8042.1372,5760.2597,8974.6801,13178.1797,6463.3559,13272.8350,3770.4785,2923.4270,9235.9593,11509.9514,7477.0657,12338.9135,12422.9454,3719.8324,10541.1044,12076.4902,4075.3316,1342.8108,10995.5969,783.3638,1742.3914,4529.0037,5391.7959,11795.4926,12149.5610,13783.7548,7843.8094,4080.6543,9337.2351,11804.2334,12100.7184,7228.0828,13115.1027,9695.3825,12549.8103,9066.6540,9520.6039,0.0000,11666.7280,8972.3662,13126.5437,10669.2927,9011.6282,11400.1001,10805.6379,10244.7769,8048.1178,13742.9841,11989.4220,366185.5895,372905.2631,364299.5020,369930.4029,364798.3753,362536.3548,368078.4419,368734.5493,362450937.5025,362452966.2950,362464813.0444,362465965.2981,9018.6411,10197.4343,10889.8960,10653.0132,6425.4454,9306.2186,9486.2208,7712.2593,9672.6690,13501.8601,7545.4450,11510.8554,5040.0152,11329.1679,3752.9626,13353.3460,12759.6745,13498.5927,11105.2907,3312.2624,12986.7325,2993.3452,13522.5366,3678.6164,13829.0394,8804.8775,1647.0400,8018.0163,11206.7407,12366.0998,11080.3021,11704.9080,5525.2313,11999.3967,7177.5251,13231.0881,9265.4504,10815.5959,6840.5513,10674.1222,11919.6056,10526.9019,8394.1114,10246.9112,889.3589,7620.5495,8555.0273,9905.9662,10076.3818,11243.1955,13463.9170,5429.8444,5967.9606,9506.9383,11421.3907,8086.9737,7400.8060,4741.7711,11740.5655,13039.2356,8438.3237,11527.1332,12002.4158,8008.0339,9059.9612,13026.9747,8990.9164,12457.6598,10203.3385,7431.1283,8594.6482,11165.0778,10863.3881,0.0000,13683.7868,13565.4782,10698.8846,13156.0737,898.4104,9822.1339,8991.6533,13805.0678,13126.5642,10111.1097,12745.4978,365221.2160,372509.3994,363443.6042,369072.4148,364106.0730,361698.9829,367290.3288,367925.9343,362456021.0375,362458049.4217,362469896.1199,362471048.5188,13526.1983,9922.8502,13548.0930,4936.2177,11882.0628,1728.8609,10439.5268,12252.0803,9011.9973,12993.8441,5726.0842,10955.3787,13069.3030,11406.6719,11506.2774,10601.3675,12185.7063,2947.7048,6299.1097,9891.9279,10952.5781,9560.6120,9388.2904,9909.2431,13167.5975,8667.7776,2255.3100,3564.1861,6279.9598,3254.9759,11440.9629,5925.5955,12931.0471,11863.0697,11456.1731,2540.5471,6369.4067,2829.1653,12135.4788,12452.5934,6334.4869,6886.4603,11273.2457,8715.0617,3664.6535,3150.2447,4062.9315,4261.4580,10425.8052,8028.0258,9943.0180,7590.0224,10218.2385,3604.4481,9467.3226,10300.6491,8664.8304,11805.5139,12521.7103,12566.9634,10220.0108,6103.8609,6612.2850,13613.9710,12539.7379,12679.4126,7797.8178,5932.7141,2058.6414,12081.8820,3609.4440,13730.5576,0.0000,10309.8743,10892.0880,11985.7146,7097.7243,9421.9622,13284.4384,13412.8959,10577.7415,11279.5583,9873.3534,6540.1961,373465.5598,380654.2962,371672.2397,377275.1577,372256.1900,369954.3070,375572.2623,376168.3293,362449003.6334,362451031.7983,362462878.8049,362464031.1389,7631.4123,720.6049,13284.3717,4703.5260,13054.7691,10550.8786,4013.7656,10062.3010,3489.2395,11695.3861,9382.6192,2401.9784,7667.6503,7018.9547,7506.4046,7001.4827,13341.3350,12078.6491,10843.7860,8262.4068,10742.3707,8989.7952,9929.4692,1916.5461,10110.7654,13644.8454,12941.2767,11684.6194,13416.7411,5738.9477,12851.6066,3432.7944,8539.4141,6919.6918,12852.3540,11062.5952,13162.2651,8604.2699,4250.5270,13238.1171,10553.6463,5817.0670,10624.7918,13641.3556,12711.6773,13734.7517,13695.7531,7310.8453,11228.4839,10592.4566,10108.9216,7135.3794,13382.9243,8171.9583,7274.5219,9456.7191,5290.8243,7126.3846,7528.9513,10913.6229,11618.1000,10742.6341,2935.7099,7109.0297,7128.8009,10427.6472,13337.5430,13463.5129,8311.4327,12876.2586,2333.1868,0.0000,9702.3203,8030.2767,8638.8805,11835.7954,9869.5256,5433.5262,4926.5811,8895.4506,6977.7452,11185.9718,12605.7468,361313.0498,368321.8245,359480.5108,365049.7522,359941.1315,357797.3604,363451.2695,363988.5975,362457340.9735,362459369.8131,362471216.7781,362472368.9259,7621.8256,12373.8072,4217.6118,8606.3893,13629.6460,4515.1475,6521.9002,8405.9088,5754.0180,12788.3547,6050.8589,10971.4821,5906.5142,3822.4832,8490.2896,9279.9255,10936.2814,11598.9206,11043.3154,10343.6811,8279.7185,8650.9093,7613.8177,9866.8004,11244.5010,8129.5806,6414.9956,10149.1044,2762.0614,12512.4017,5975.9055,12926.9861,5439.1120,8041.1895,4548.8843,9982.3734,12785.3306,4631.1499,12784.0829,4992.3167,2415.8123,11350.7504,12042.5610,7936.3756,12047.4534,12064.6394,642.6304,8177.8293,13229.0671,6621.5453,2187.0577,9939.2628,3939.5665,4866.2303,7422.8641,3225.0938,10159.8174,12612.3551,12987.5450,5943.0419,5481.4112,9787.5547,10179.3610,12356.8533,4653.0033,12735.8036,10420.4374,12897.6201,7995.1861,9055.5238,0.0000,9460.6514,6143.7385,12692.2094,8533.4015,11168.1639,11386.9441,11181.4302,7625.5665,5253.6408,13478.9840,10344.1910,367496.1418,374179.0571,365603.8596,371208.9921,366042.0557,363869.1415,369443.4336,370056.4205,362449809.8074,362451838.6120,362463685.5272,362464837.7067,13424.1071,5039.7916,13061.6982,10616.2956,4319.7398,9649.0828,4175.1729,11576.5828,9685.2971,2019.1396,8176.5893,6484.9698,7145.6904,6364.7974,13213.9668,12408.9038,10414.2363,8762.4998,10268.8390,9501.1480,9418.2108,2620.0270,10581.7004,13706.9052,12824.3599,11462.5173,13267.0883,5547.5610,13036.3412,2910.4955,8708.9451,6415.5062,12895.1282,11030.1355,13334.0617,8386.3812,3913.4565,13087.0591,10754.5658,5949.0921,11044.1644,13716.8677,12818.5141,13651.7833,13598.4836,7268.8040,10829.4438,10817.7807,10470.2886,7332.6467,13212.7680,8490.0154,7697.8940,9910.1016,5088.3013,6539.2061,7604.3665,10627.9037,11442.3960,10961.8651,3237.7477,6522.8430,7135.5691,10195.9271,13213.1661,13587.9352,8335.4389,12763.5781,1952.7428,0.0000,9174.2051,7518.3778,8410.2633,11484.3219,10320.7709,5352.7132,5041.0674,8356.6239,6490.3998,11035.6729,12284.3872,361588.0372,368599.7597,359756.2899,365319.0091,360205.3043,358080.6295,363743.5347,364269.6877,362457198.0786,362459226.9136,362471073.9178,362472226.0503,12748.6468,6405.1810,6864.6839,13032.4903,11962.4791,12021.7501,9889.7655,7338.0886,13685.1678,8812.0542,13416.2941,13058.9686,13182.1002,7194.7099,4089.1324,10165.7003,8259.4717,10851.9313,8699.9736,11896.6184,12663.6821,6975.7003,2794.7738,8089.6036,10269.7589,6602.7308,13326.2662,1202.7446,13821.5775,8660.2486,13443.4943,6880.0421,10186.5162,4222.8021,10151.2800,13764.1256,5460.7590,9493.5936,12865.9637,5723.1938,1590.1641,6839.3344,4301.2781,4533.6170,12796.6470,10920.2210,5918.8273,8645.6321,12042.0739,7115.3921,11017.2209,11168.5302,8761.4554,13522.1173,12625.5537,9879.3846,8841.8051,10185.8992,9093.0496,12311.6171,12626.3158,10264.9188,11412.0846,4955.7537,3707.4917,9282.1686,8141.0213,13160.3625,0.0000,11733.6399,13091.9472,10065.6652,10187.8890,6546.8770,11530.8288,11522.3290,12602.8089,13320.2211,7474.2920,8828.3405,370707.1079,378179.3639,368967.3390,374564.9006,369624.9573,367263.3517,372911.2433,373489.5189,362453402.0567,362455430.1126,362467277.0690,362468429.4573,10995.3400,12507.5945,803.4433,9487.8410,4690.7348,9294.2230,10841.9709,4270.1390,8302.8830,7469.1590,6421.6474,9094.9938,11938.2124,10624.9560,12604.8384,8570.6021,11956.8813,6599.5142,10678.1881,4007.9508,8467.8903,12531.9950,11111.3484,9915.4782,12496.3936,3942.9203,12483.9484,5049.2207,10978.0090,7093.6385,10458.7611,8072.8881,11178.9376,11767.9338,4254.5065,13828.2237,6876.9838,1905.6033,9940.6568,12936.7282,10072.9462,13477.3148,13509.1391,4076.7217,10951.3463,11832.3177,6723.5837,2840.3795,12428.1373,3941.6647,3227.8991,6447.1097,3792.5473,10083.4632,10602.8894,13121.3019,9521.6086,7155.0351,6785.4331,10084.2234,10427.3565,8416.5966,13779.1533,11755.8679,11212.9325,10996.4188,6794.5676,0.0000,11013.4927,8220.6192,11750.8557,11361.2395,9402.3878,9288.4109,8632.4834,9583.6302,7014.3077,13234.2553,12628.8811,363536.3498,370305.3612,361658.6477,367268.6309,362129.6784,359921.3910,365497.9000,366114.6000,362453530.2590,362455559.1448,362467405.9533,362468558.1536,11417.0783,11395.7896,8032.7897,12705.6096,4141.4360,11713.0881,12354.3701,11726.7583,10616.7362,9451.4145,11702.4292,2568.3828,7011.8574,10150.9631,11323.2196,9470.3302,9178.1970,9397.2132,12739.8379,8878.7438,3903.9022,2372.7690,4967.5495,3570.2785,10329.6356,7269.5394,12173.5648,12538.0084,10510.8814,1033.1336,4738.0046,3491.7635,12656.5247,11534.1536,7481.8716,5652.7556,10177.2481,9335.5523,5272.4445,2077.4279,5405.7758,5550.4343,9131.4287,7348.0057,10919.1805,6924.7933,9059.6701,3681.6156,8430.5574,9457.6594,8245.1589,10739.8506,12365.7134,13084.8264,10907.5364,4643.0612,5465.9604,13509.7457,12387.4296,13127.5522,6391.4428,7157.8494,3209.8659,12705.1963,2350.0885,13450.2221,0.0000,10001.0099,9986.4133,12503.0637,6486.5858,9943.5908,13474.2014,13572.1675,9886.6332,10316.6548,10800.0425,6567.9093,373410.8557,380478.5948,371594.2895,377201.2563,372150.3162,369868.3211,375470.9494,376077.4862,362448077.3986,362450105.6579,362461952.6512,362463104.9624,12402.0665,12778.4166,9783.2531,13230.3787,3582.5139,11720.1254,6824.6168,12559.6402,13263.4168,10966.6641,11346.6898,8420.8418,8336.8221,6821.6402,9977.2032,10376.5383,11422.7544,10342.7571,9020.3985,8850.5309,12156.4155,13026.9257,10433.9106,13197.5258,6180.4098,11951.5605,2916.7838,12744.0027,11861.7155,13489.0721,10155.4167,4605.3654,12623.7100,6779.6343,12993.4680,13213.5031,7140.2893,7755.5845,11924.1784,8127.3565,8104.3135,13764.5184,11999.9782,2573.8543,11834.5313,13251.2310,10781.4504,12900.6194,12379.8391,11181.6973,13130.9148,9291.8658,3992.6260,5428.1774,13187.3480,12768.5059,8443.8390,9268.7347,4471.8027,13517.7497,6799.5062,9845.6997,3080.2199,12206.0158,9477.4178,0.0000,10565.7270,12637.2332,4644.8260,11818.8713,7025.8593,6389.9737,6661.2627,11946.4524,12732.9186,3440.9914,10380.0884,365530.5438,373211.8251,363829.3197,369380.0335,364456.0071,362185.3500,367916.0785,368405.0051,362459329.5799,362461357.7445,362473204.8339,362474357.1328,9378.7465,4468.0806,9609.5993,10835.3610,3526.1854,8393.9521,7070.7429,6234.3250,8580.6293,12193.0292,11075.1588,12328.8127,8724.5197,11702.1726,7165.4599,10411.9603,3532.9456,8943.2290,12861.3465,11406.6929,10097.1778,12690.8802,3708.9499,12755.6164,4366.8529,10796.9686,6715.0286,10912.4541,8490.7181,11656.0488,11394.6162,3682.3664,13853.9039,7530.1157,2191.0254,10279.8951,13221.7992,10588.1848,13639.5649,13655.8590,4277.8723,10873.4989,11863.4311,7418.0771,3456.8142,12612.7585,4699.8186,3993.3425,7104.9072,3457.6600,9551.0628,10299.2324,12868.6584,9764.2042,7813.1738,6290.5333,9550.6010,10073.4558,8563.2652,13835.7526,12182.2450,10935.8573,11298.2038,6130.5537,0.0000,10693.1985,7904.0162,11381.3602,11349.3955,9701.1530,8813.5785,8197.3332,9266.5191,6658.4475,13058.2602,12611.5073,363161.0940,369946.3185,361286.3844,366889.0708,361747.7062,359558.0438,365146.1946,365749.4952,362453996.4004,362456025.2979,362467872.1369,362469024.3207,11932.9729,5054.6076,13703.5362,8275.6151,13539.9975,3883.3403,3695.8092,5472.6839,6723.4813,12727.3485,6970.8342,13615.2657,4991.9827,12451.3708,2950.1367,10938.6935,13063.0881,10347.3706,6140.4008,3609.3456,7081.8883,6220.9218,12480.1401,7380.1557,13123.9439,3951.7354,8216.5231,6033.0147,10735.7797,10933.1252,6923.0395,9593.9557,8935.1057,8144.9190,13550.4135,11080.3789,8969.9491,9454.8930,9326.9106,6481.4365,2178.8705,13482.2018,10846.3413,8387.6558,6661.6808,9613.2436,10448.4748,11788.3062,6557.6124,7311.4967,12558.8908,9646.8062,4211.0847,9250.3983,11567.7746,7352.8375,12093.1918,3119.0260,9767.2904,10493.6912,12366.8221,6120.2965,9958.9484,0.0000,4259.6653,2758.5285,10747.7629,3086.0645,13573.5640,11366.7102,11977.9504,2662.8277,3813.3227,10992.6124,5368.8427,371019.0404,377943.8639,369175.0367,374724.3167,369576.5611,367511.0633,373181.3937,373691.6638,362449289.1091,362451317.6570,362463164.9245,362464317.0318,12221.8628,7531.5952,5390.2133,4855.4309,9646.3547,9572.5570,9798.1132,13571.2709,10011.9560,12408.8844,5447.0560,12571.1107,6385.4842,12067.7309,1673.0369,7477.7055,12819.1035,13224.4686,12631.9481,13678.8185,7563.1009,11372.2112,6482.7170,7505.1303,9486.3589,12393.8256,11322.2286,11923.8679,9397.7305,6790.7051,13356.8488,9750.9381,6422.7756,8112.9188,12700.8763,11972.2492,13551.5333,13580.4607,8312.9019,12856.8765,9017.1773,8404.9576,7071.3933,13761.5072,7205.6766,5858.3534,7247.4712,7255.9007,9632.9615,7143.6120,11781.8022,12393.0260,9793.9779,3242.4328,9612.6015,7136.8840,11617.3560,13326.8283,12409.7388,8030.2408,13151.1436,5002.7523,0.0000,11860.7652,10473.5078,9468.5077,13200.4683,7225.2427,6210.0137,5025.5730,11273.2748,9478.9796,11394.8737,13681.7040,360785.8573,367843.4733,358962.0622,364559.9771,359492.6149,357247.5161,362866.2518,363451.5184,362457909.4215,362459938.2061,362471785.0070,362472937.2411,13443.6450,10314.7605,12859.1501,7763.5897,6163.5394,9692.5104,4218.3860,9923.0818,9962.4164,12666.9975,8530.6160,10110.5137,7430.1816,11756.4993,10671.0955,7710.7620,2768.4020,1791.3383,5466.5494,7479.1015,10559.4171,9899.7026,13776.7218,7563.7217,3902.8656,1798.7439,7125.9226,13111.6084,8986.8760,9647.7307,5121.3068,7902.4109,11600.0625,8896.6492,4570.9043,8268.0663,8290.5189,6191.4229,5331.3991,13066.1498,7549.2543,7053.5071,5147.8350,7317.3378,8622.3311,9013.3198,7977.6547,11107.2666,13826.5588,11704.9200,947.8698,5359.6715,12998.0608,11138.0726,13646.8348,2520.9216,9532.2590,7122.1050,13635.6763,2623.7726,12288.3272,0.0000,8464.8612,7064.2884,12947.2544,4930.4983,11900.1405,13363.4589,13541.0798,7438.2780,7344.5737,12245.0429,6575.7064,372693.9471,379542.7063,370835.3908,376432.2248,371307.1416,369114.7864,374713.4505,375308.7229,362447027.9520,362449056.4303,362460903.4809,362462055.7015,10969.9805,3539.2900,13015.4157,13319.8884,11998.0205,12359.8560,6989.8883,10836.2308,3507.6171,12061.2747,7822.7321,12950.2883,8572.7867,6491.6673,9508.4002,12843.4439,13660.4617,11804.9407,12568.8793,6306.2609,11535.0470,2449.1298,13072.2899,11864.2288,13222.9865,9802.0736,6752.9058,12061.1658,9286.5723,11837.7288,11928.5172,4671.3146,8584.8464,11584.9244,9898.1394,9956.4978,12949.9494,13390.6121,1873.1755,10041.8977,11860.2535,12148.8725,11196.6999,10360.1383,8951.5557,12462.9330,10679.4975,4109.2197,8459.3557,13603.6759,11576.2268,7114.6638,10653.8099,4870.8315,13807.0728,9166.6365,9880.0778,4136.3658,12849.4711,8977.8994,0.0000,12313.1995,13308.8370,6847.6544,13255.9207,4183.3634,6420.7302,5864.0559,13100.2789,13043.2385,6769.7458,12325.0131,363525.7079,371079.0917,361798.6385,367380.4081,362446.7999,360115.8104,365794.5450,366339.7671,362459665.2522,362461693.5587,362473540.4552,362474692.7932,9395.2411,4967.4298,5371.8593,5699.3068,12445.1746,12681.1987,10326.4301,9877.6555,9758.6324,9720.1585,8485.4048,3783.2884,11012.6644,13556.6451,11875.8381,10181.8261,12664.7764,3681.2008,13454.1044,1195.6084,10148.6333,4794.0811,12133.2158,9743.4990,13070.3775,9459.0341,1921.6216,13176.1427,9850.0511,4593.0198,11744.0530,13770.9453,12117.5052,13529.5220,13472.5237,5608.9642,9743.4057,11916.7684,10065.1289,6155.3457,12537.4542,7686.8236,7205.3906,9821.2485,3187.5962,6626.9658,9135.6998,11123.8999,10144.8333,10142.6867,5148.5338,6624.5656,8648.0910,8693.9495,13299.9087,13331.2315,9726.3155,11802.3198,3579.7371,0.0000,8513.2689,6057.4798,9437.6725,10470.2303,11135.0335,6956.0292,6823.8708,7220.3570,4855.3306,11760.6997,11643.5402,362892.6153,369790.1166,361039.6630,366605.3026,361461.6493,359357.0949,365005.7074,365541.2261,362455312.5099,362457341.3789,362469188.4006,362470340.5154,12389.7808,12286.3668,12061.4174,12847.4277,6777.8129,12410.9504,790.3819,13135.2499,5202.3770,13399.1933,6283.1369,4649.4637,10475.8812,12922.0347,13394.9242,12682.0976,10910.3640,7851.7483,10224.9756,4933.0740,12315.4974,11572.6252,12183.5481,9806.8449,8762.5562,10521.3692,11420.5521,10160.6850,9691.6238,4078.4124,9951.7840,11046.7165,11532.3533,11621.2567,11125.0670,13749.9342,5088.6070,8017.7133,9588.1480,12951.0576,8785.0682,7642.8462,6566.1735,10772.8076,11283.8017,5804.9739,10754.3743,13156.6994,9941.3792,5884.8035,11260.7926,6345.9596,13101.8375,11262.3013,10238.6714,6378.4345,12882.3068,8134.6710,0.0000,13021.0657,12873.7420,8851.4418,13727.0035,3060.0643,6927.8443,5801.5497,13158.8073,12270.3329,9501.9113,13419.1347,362214.5482,369537.5580,360442.3148,366049.1942,361070.1615,358724.5328,364351.0829,364945.4727,362458746.1315,362460774.6392,362472621.3973,362473773.7334,2341.9631,3102.3640,9836.7673,13538.4761,7754.3632,12676.9267,6303.6887,12034.9286,4268.5073,8305.5755,12988.8364,12464.7911,9257.7712,6897.6538,10071.0224,3992.7667,13606.9563,3869.9613,12082.4456,519.9203,10623.8356,7965.0079,12558.6585,9898.6343,3729.3082,11430.6222,9847.0677,6456.6339,13550.6671,12941.8274,11065.0816,11744.7144,11622.3753,5529.1239,5589.2268,13293.5823,11195.8921,7477.8874,9769.8892,9169.5664,9527.8313,11672.8735,4033.1351,5415.0932,11130.5947,9939.1769,7192.5543,10208.9193,8978.0623,5448.0865,10540.3414,5542.0178,11645.1472,12515.3924,11241.6616,9211.8825,6928.8157,0.0000,4834.4092,1193.2124,9767.2961,6575.5504,13274.9971,9240.9754,9777.5679,2703.6309,683.5238,11271.9014,8267.2520,367289.5652,374181.6820,365437.9411,370981.3716,365817.5949,363779.9216,369456.2986,369956.1093,362452012.2215,362454040.9507,362465888.1758,362467040.2463,5318.0326,9060.9889,12729.6604,9131.3696,12478.5460,7566.6257,10958.2322,5477.3196,8365.3597,12126.9021,11850.5666,8173.7546,5687.6546,9616.4537,2676.2003,13304.2995,4563.1869,12801.7357,1889.9785,9271.9859,6049.5076,11493.4588,11304.9441,3639.4473,11820.3521,7979.2286,4969.3500,13037.7861,12531.2218,9616.5202,11645.4085,11570.1293,3487.2690,5728.5936,13595.3642,9652.3677,5705.0903,9298.2669,7448.9898,8083.3929,10354.1663,3016.2806,7449.8383,12101.8037,11202.3118,5746.0487,8403.0168,9688.5292,7480.1797,11630.6829,3886.1474,11935.4914,11585.7560,12246.5564,8091.7895,8060.8181,0.0000,6363.7055,2447.9294,11176.4194,6509.3999,12834.4183,10461.1014,10738.8850,4155.4165,1677.5692,12273.8145,8533.5595,368044.3808,374825.5794,366171.5696,371737.5697,366562.6455,364484.4873,370120.6000,370663.0444,362450409.5309,362452438.2883,362464285.4164,362465437.5196,10611.8699,13893.3863,5781.2049,12425.4755,4944.4675,12951.7663,3869.4608,8541.4371,13512.6309,12666.4348,10466.0686,8612.2932,10411.9362,6468.7440,13280.2884,4721.2829,10578.2334,3576.0265,11924.2709,10145.8418,13313.9963,7528.5811,5477.9616,10427.1147,11802.5249,8614.0041,13558.4249,12830.8160,12429.4604,11380.0052,11211.0981,8167.2340,6210.6168,12211.7995,12688.5461,9678.1087,10191.5835,11112.6558,11185.5525,12893.8069,6352.4388,2447.5811,9382.3015,7772.0106,9068.3857,12061.8156,8135.5672,2484.8698,8674.4624,7840.2080,10750.7365,13110.3657,9385.3832,10462.8805,5885.9366,0.0000,3451.6614,3419.7199,7394.0824,7159.3834,13230.4544,7410.0409,8331.8810,2987.1246,3733.0501,9347.6035,8016.6966,366445.9487,373544.7339,364633.8138,370153.1136,365027.2107,363009.3844,368736.0281,369187.6493,362454417.8021,362456446.4331,362468293.7540,362469445.8135,8837.4800,8411.3081,12540.0872,7581.2830,11065.7357,7715.2914,13380.2324,10735.0780,4670.2946,1525.7929,4037.4588,1457.7810,10521.1020,8162.6813,12045.4739,12742.7429,9835.9155,3449.8749,5590.9138,5604.6639,11956.7874,11553.4226,6252.5701,7576.1796,10986.5444,10866.9485,5811.8675,4584.0028,4504.0294,4526.4269,9693.2556,5490.1494,11427.1080,9056.3111,10192.0242,1288.2298,10021.6917,11016.1432,10266.8765,10922.7465,11267.0838,13073.7832,9660.2572,4185.2020,7512.4263,13813.8849,11294.2069,12996.6679,5950.0317,6065.7788,4958.9082,12563.1723,1681.0384,13364.7530,0.0000,8321.6190,9006.0650,11771.0881,4452.7662,11402.5528,13303.3852,13678.6357,8516.3812,9661.6806,9964.5009,4266.1954,374246.7038,381374.8006,372442.2205,378024.6527,372968.1737,370746.1550,376387.6521,376949.9610,362448065.1011,362450093.3114,362461940.4509,362463092.7147,12503.0283,6072.9482,12869.1110,5158.2462,13284.4996,10954.9718,3290.3454,5235.5594,9072.9086,10866.1092,8862.5740,12242.4522,3621.3680,13106.0416,8947.1225,13425.2136,6876.6581,9479.1985,3846.6003,11588.7354,12835.3960,8986.3922,7409.2623,11022.5568,2967.5553,5047.1942,6184.4259,7727.3645,7955.8751,11409.3264,12349.7940,6477.4856,5573.8352,9957.7072,9258.9020,8435.7388,8369.9110,5298.5106,12416.0512,13646.3826,10221.8589,11370.4949,10487.3382,6922.1532,11319.1243,13643.7654,10690.1659,11433.6865,8548.5366,4434.6177,10057.5794,9047.0256,12624.9444,0.0000,13303.5467,13463.9655,11552.0946,11791.4519,3919.5513,11625.7051,11125.8798,13525.2270,13284.3908,10039.4039,11213.5211,368525.2579,375808.3468,366748.0780,372378.7069,367413.9249,365000.8512,370588.0133,371228.5200,362453409.1884,362455437.4400,362467284.1903,362468436.6071,12537.5990,2188.0236,13783.9830,4435.4486,11800.1919,13410.8315,9764.1470,9114.7406,8682.4896,7467.7004,10672.9612,10492.5481,9680.6125,9529.4957,8161.2143,10827.1042,11053.6400,11573.6795,5907.2235,10250.0337,5677.2614,12811.6420,12218.7764,12668.6168,9605.5780,11582.0164,7378.5010,7128.6448,11575.6395,5683.5686,10170.5237,13477.3009,12608.5628,7405.5579,13297.2818,13511.3185,13781.1110,10732.1388,4891.0212,8899.3838,3332.5687,9335.0709,12866.1693,10627.5264,4911.0077,8412.9952,9298.4333,6161.4759,10941.8068,8219.4107,9200.8811,9411.9879,0.0000,3317.0727,7257.1425,5674.8448,5876.3277,12678.1970,8508.9080,9683.9669,5651.9894,8183.3640,5358.6780,4666.4322,369749.0055,377175.6988,368001.1497,373509.6602,368471.5133,366398.0673,372165.2356,372590.0432,362454440.9678,362456469.2195,362468316.6407,362469468.7722,13251.8999,4818.9558,13551.2679,6862.1842,3998.7946,9971.0809,12635.6093,13265.5095,12386.5056,11165.9813,7279.7478,10677.5949,5226.1664,12594.9904,11163.4405,11990.4336,9234.7218,9103.6651,10900.0098,11194.0929,9870.3023,9883.9605,3314.3273,9441.6232,10601.3733,11180.1629,11285.8650,11240.5796,13758.7388,4868.3086,7636.2349,9642.5646,12676.2686,8693.5376,7620.7146,6187.4729,11063.9826,11688.2466,6260.9576,10865.6865,13004.0118,9614.0130,6592.6903,11667.1584,6830.7927,13060.8700,11000.4867,9688.6942,6726.3830,12596.6562,8760.8754,0.0000,13209.0544,13103.2820,9180.9807,13672.2674,2285.5066,7526.2023,6470.7013,13367.0798,12537.4421,9532.9935,13315.4064,362767.2127,370094.6517,360996.0741,366607.6518,361634.8475,359272.8770,364892.8534,365495.7062,362458323.9566,362460352.4322,362472199.1749,362473351.5272,13774.5786,2403.0641,11780.9982,13686.7286,9935.7992,8021.7382,7062.1008,6920.0368,9485.1859,11300.2603,8950.9582,10934.8621,6703.3915,10077.8032,9720.9371,11460.7743,7586.6393,9296.5726,6681.3084,11937.0378,11267.0772,13302.8743,10091.9285,10913.6236,7791.4179,7554.5869,10301.8399,3718.8783,11504.9567,13030.1067,11655.1961,6704.8099,12539.7494,12953.8172,13558.1652,9611.2286,5056.9305,10273.5507,5412.1691,7788.1301,12067.8695,11110.0371,5092.8459,9755.5972,7585.6983,7091.4710,10884.3190,9741.9579,8094.9354,9605.3638,0.0000,1633.4427,5579.2611,7362.2642,4142.3141,13329.6577,9513.7571,10582.9430,3854.2979,6706.5049,7271.1935,3747.8391,370564.2475,377843.2573,368788.3081,374302.9397,369226.9880,367174.0429,372920.7954,373360.6723,362452625.5357,362454653.8646,362466501.2817,362467653.3917,13434.5047,7428.2816,2276.6323,9265.6156,10662.2761,11250.9438,11474.6623,9469.4225,8163.5637,10464.9406,9406.8329,11782.1366,8613.7222,8934.3515,7289.9827,12192.8070,10018.3388,12246.6800,5930.4037,7486.8143,4480.5989,9414.1980,7732.2984,11342.2734,11499.9295,8654.6938,12951.1211,8517.1985,3260.3212,6520.0439,11676.6333,4841.9850,4053.5425,1516.2619,9537.6987,13113.4029,10150.9135,13122.7420,10713.0679,5648.8943,8884.3823,13107.5916,10481.8862,10850.4876,11960.0461,8156.2256,10525.5920,10570.1767,10360.4865,0.0000,13585.8334,12350.8096,12197.0360,12784.6239,4239.3194,10607.8586,9676.4361,13053.1237,11654.0228,12215.9002,13087.9913,365007.5880,372025.1243,363177.8491,368821.3690,363788.8101,361408.7670,366958.0632,367626.8635,362454027.8388,362456056.4257,362467903.0630,362469055.4265,11065.8537,13736.2019,10715.0916,7690.9042,5910.8725,7498.4008,7681.3083,12336.8240,7533.8542,11931.4264,4648.3624,9809.7776,8491.2883,11717.5747,8910.5888,7656.5720,8478.1926,10984.2095,9731.3919,13756.0925,11115.0898,10603.7512,9095.9890,8900.9165,8537.6764,2632.7974,12643.9479,12410.5299,10230.3467,7168.2176,11402.1188,11933.7312,13063.1187,7844.4611,5142.6573,11171.2158,7439.6724,6614.6219,11216.4727,10925.7105,5187.1842,10611.9780,5905.7629,8798.7295,11305.9177,10851.7346,7722.8080,9144.0312,0.0000,1380.9765,3361.4991,8708.6247,3612.2112,13720.1623,9964.8244,10882.3159,1612.9705,4640.7541,9151.0504,4694.5624,370260.7280,377367.0026,368451.4924,373975.3548,368857.0549,366821.7765,372541.8462,373002.6283,362451467.0060,362453495.4729,362465342.8474,362466494.9337,8649.2487,13192.8823,12959.1980,12016.0054,13518.7592,6325.5622,12132.4352,4912.3408,8187.7312,8143.3479,12447.0374,10920.9841,12415.3355,9238.7199,5309.1031,13403.5912,9803.1197,5583.1074,9329.5028,13170.0897,12140.2912,13681.3674,13681.9998,7410.3156,12034.8730,9926.1667,8925.4362,6591.8606,13538.7188,7210.3179,6051.8580,8039.3889,5951.6489,8599.4373,7519.5906,11556.8012,11830.8045,9932.7294,2982.1512,8581.7130,7324.2870,10830.9800,13426.9281,12839.3282,8367.8978,12884.2601,3850.9710,0.0000,10898.2994,9224.2595,9289.3695,12502.3942,8515.4822,6001.1577,5085.2412,10126.2914,8156.5154,11487.9848,13187.6562,361056.2403,368060.2148,359222.4204,364809.8728,359716.8632,357518.3238,363146.9995,363715.8214,362457372.0360,362459400.8655,362471247.7306,362472399.9239,8047.0990,10630.8672,11707.7163,10925.9839,10974.0185,6288.0149,11685.9688,8445.1654,12808.6210,8494.3195,9785.1573,6345.5088,11603.6306,11411.5315,11099.6540,7052.0934,9300.5278,2358.9024,7940.3035,7656.6877,10208.3035,10389.3718,10264.6017,13193.7519,6896.7630,4455.4090,8370.1774,11223.1300,6758.0480,6162.9855,3182.2611,11051.6086,13350.2273,9526.2899,12326.0680,11248.5487,6657.2782,9432.5772,13342.1632,9988.9844,11685.4278,10762.7743,7120.6294,9733.5148,10567.7351,11072.9476,0.0000,13751.1340,13194.0010,11610.9325,12889.3608,2451.3550,10558.7094,9709.2683,13606.8868,12684.9709,11112.5928,12755.9697,365666.1448,372836.8021,363866.1046,369504.9425,364513.5916,362106.5961,367674.3767,368331.0293,362454712.6738,362456741.1195,362468587.7816,362469740.1772,5595.5583,8113.0979,4295.9179,12496.9378,3901.1370,13519.1424,10555.2650,12464.9151,4564.7565,8248.8559,2875.3261,11221.2012,13244.7143,5272.0857,8220.9493,12236.2675,7525.9689,1436.2924,4825.0208,3107.1602,3382.0498,11714.2807,9218.1903,8266.3709,8197.0299,11279.4246,4799.8053,10392.2509,10933.5412,8871.4637,12789.5681,12568.3032,11477.7740,9364.0375,8020.2707,7870.9710,13244.0287,12579.3465,11699.7250,9531.0567,4766.3403,1841.4696,10900.3405,5658.1906,13654.0298,0.0000,10836.0278,11948.9767,11090.3103,8333.5708,8316.6788,12626.0951,12737.7288,11479.3320,12312.8386,8594.5988,7205.3114,372658.0554,379994.3376,370892.8156,376491.6363,371512.5338,369183.6652,374819.0420,375403.6889,362450814.1067,362452842.1908,362464689.1912,362465841.5523,2930.4400,2931.7050,9596.7375,8969.2080,11475.0957,13260.8676,9186.7567,2857.7639,4177.8378,5800.2522,12568.8535,10820.6386,7578.8979,6507.6277,10005.4271,11086.5220,6832.2903,3990.2146,5898.3866,5932.5864,8568.1530,5354.4023,12097.3685,8353.4404,9138.0672,2665.3429,9040.5188,10173.4516,9715.0219,10038.9105,11411.1811,13519.3528,10569.0497,2866.7295,6518.6988,13706.4398,11440.1321,13415.2810,4770.4179,7405.8947,5415.6629,13121.1732,167.3762,13187.4300,0.0000,8488.3630,8445.8972,12389.5786,4459.8640,11566.4784,13525.6038,13818.3146,8241.3222,8993.0098,10944.5383,5076.9401,373981.0219,381000.8428,372155.6534,377745.8335,372664.7850,370447.6146,376069.5676,376648.4505,362447378.5353,362449406.8333,362461253.9335,362462406.1875,5016.8089,7544.0432,10977.6139,9591.5994,13701.0103,6792.7455,5067.1977,3417.1317,8123.8452,12444.7825,8832.7548,9033.1715,6721.8833,8508.8335,12387.3152,9186.9338,5929.1813,7978.0881,7938.2451,6713.7806,3638.2505,13213.6063,8978.2267,7989.0801,4584.0366,8552.9998,9728.4479,10296.8512,8013.3419,10071.3230,13595.4596,10790.7302,871.6009,6961.5373,12971.4102,10106.3599,13331.6356,2096.7378,9012.6670,7918.0184,13332.8548,2865.9996,11978.4875,0.0000,7019.6496,6008.0105,12262.2309,3275.3751,12648.8521,13001.2924,13369.6064,6088.4830,6591.6119,11612.0394,5249.0535,372941.5552,379840.6722,371092.9131,376671.6097,371544.1436,369394.5557,375022.3757,375584.7367,362447353.0349,362449381.4874,362461228.6377,362462380.8237,11110.2172,7596.3587,12254.7590,12067.7959,10138.8735,4546.8718,6826.5978,5942.6725,11087.9579,11932.1639,4882.6838,8627.8982,11682.3920,10745.2207,5176.5479,5588.6949,3269.1896,3239.4109,10519.8178,5529.5723,10731.5529,9810.2308,11012.9674,547.7620,10860.4350,11708.3144,10842.5827,11466.0288,10784.4367,12412.5267,8533.1747,5313.5316,8531.8663,13634.2115,10809.5853,12339.5770,6879.7598,4720.3078,5117.5072,11802.3044,3083.7675,13204.7326,0.0000,7892.0419,9244.4976,10896.0256,4469.2892,11284.2722,12795.3231,13269.4855,8501.5035,9987.4587,8823.4473,3459.3073,374103.9538,381333.1951,372318.9032,377890.8153,372854.2077,370637.7634,376301.9956,376843.0794,362449039.5590,362451067.7076,362462914.8935,362464067.1563,13361.5194,3382.8388,12211.8013,3519.4814,9964.3584,6748.5238,11690.3626,11503.5738,1958.6053,12977.4286,7459.2846,2599.7396,12137.0075,13084.0266,10000.5673,12759.8483,12725.1671,2201.1456,8072.8487,13177.8780,8602.6492,3892.1420,10885.8538,5866.2549,6160.7023,8993.7775,545.0951,8229.8179,11537.0911,12141.4058,7362.5501,7884.2000,8254.3683,8247.0341,11134.0069,5704.2880,13036.1138,11997.5870,11909.4174,9492.9521,6978.3352,0.0000,8292.3073,4693.2362,11422.6930,8730.1662,11778.2026,9811.6658,9744.0766,6348.1813,3415.8856,12880.6173,10486.4328,365866.0238,372602.3557,363983.4973,369565.7453,364392.1165,362276.7508,367887.6170,368458.5153,362451661.0130,362453689.8698,362465536.8719,362466688.9986,13681.3847,7813.4383,13629.4688,7644.0995,10712.7978,4833.7511,9783.6763,13688.7009,6095.7314,9722.4577,12778.4642,4756.9193,2772.0610,7481.2110,5292.2225,5497.5513,12915.1051,11559.6372,4914.2243,8549.9913,12006.9136,8090.8154,10928.6123,10910.7132,8420.3590,13516.5638,12598.4203,9152.6323,8888.8214,10869.9121,9312.4363,11684.3057,12594.9096,9610.5033,11955.7605,5638.6589,4541.6070,8608.8488,9008.7190,12738.9016,0.0000,12098.5600,13383.3530,9723.7236,10909.8894,5565.2145,10959.0561,10849.3234,12955.3807,13516.0748,7328.4486,9605.3077,369595.0914,377090.3097,367859.3074,373458.7245,368527.2036,366153.8517,371801.1343,372381.6618,362454429.2933,362456457.3738,362468304.2963,362469456.6916,10603.9290,3728.6055,12006.9585,9489.8092,13188.7214,9414.3457,1475.1820,12888.7185,10029.8284,4954.7092,12360.5892,13782.0941,12101.5723,13289.1180,13212.0964,5497.0138,8907.4099,12338.3941,10533.8473,6495.9064,12086.3691,8159.7161,7884.7366,10459.7250,2929.9631,5964.3001,9533.4480,10797.8965,9631.5732,10349.8317,5959.0425,5968.5647,8983.5040,8087.1377,13046.1048,13374.6333,10019.4583,11407.7274,4019.2442,0.0000,7611.7341,5003.5855,9368.4268,9711.8219,11817.3449,7296.2306,7392.3537,6191.7506,3818.3678,11643.5099,10988.8315,363689.9941,370583.2770,361836.7488,367394.0972,362241.9326,360163.3810,365822.4919,366344.3385,362454723.3056,362456752.1574,362468599.2382,362469751.3330,12216.9578,12780.0260,13719.8314,11213.7840,4606.6833,11388.1050,9140.8747,12841.7457,12017.5069,6885.7283,9655.7272,12678.6991,10274.4432,10263.3900,12983.2642,12815.6932,3273.2812,11416.8183,12272.1112,12351.4183,12016.9953,11190.4241,10446.4372,12044.1541,8932.6276,1776.7117,7032.7190,13774.2812,12666.0707,6038.1055,8901.0488,2577.4055,13753.7984,9169.1634,11157.8495,1785.7974,13277.6387,7579.1141,0.0000,11102.6026,12431.5857,4745.0749,12836.2993,6353.5653,4426.2851,4226.5158,12075.7113,12227.5440,5619.3504,11885.9380,362943.2444,370531.8965,361222.8994,366780.7899,361834.4834,359568.6185,365283.5899,365785.9215,362460543.7027,362462572.0370,362474419.0466,362475571.3282,10469.1554,7669.5930,12441.6232,10206.9896,3405.4106,11649.8917,9504.7595,6012.7288,13457.0242,12977.0168,10875.0453,11870.3399,11758.9376,5044.9342,5768.6326,13382.2493,10888.2327,7039.2798,9836.8943,8772.7643,9155.9771,11385.1707,3584.5597,5844.4704,11300.8262,10291.7683,7031.5969,9881.9066,8988.0497,5875.8164,10731.7535,5317.1140,11843.1738,12438.9708,11441.5983,9131.9432,7003.5956,0.0000,5273.6791,1423.6579,10080.1151,6722.3858,13179.0351,9422.2647,9886.2031,3103.8354,229.0341,11558.8997,8488.9467,367240.5717,374102.4964,365383.0905,370931.4579,365763.4248,363718.5629,369385.7085,369894.9294,362451784.8262,362453813.5748,362465660.7748,362466812.8502,4133.9658,3449.4851,13104.8587,11273.4331,8371.9646,4732.4266,9619.0737,9203.0765,5909.1552,1172.3233,6341.6152,6493.6391,8601.2073,7794.4278,11201.8496,6134.2089,8387.6953,4615.1510,7656.2378,8753.6901,7568.0004,10386.9622,12694.7121,13327.6483,11587.8163,4578.2261,4538.1562,13429.6334,12715.9077,13380.1940,6232.2489,8046.3142,3492.9730,13028.4125,2778.2744,13425.4159,0.0000,10471.2431,10058.0100,12961.0511,7021.9932,9785.7806,13642.5378,13646.0516,10144.6434,10266.1639,11451.4187,7368.2070,373050.9229,380058.4691,371222.6525,376837.9643,371777.2871,369485.3560,375071.4453,375694.2302,362447837.2670,362449865.5779,362461712.5229,362462864.8390,7059.3178,13519.8672,8426.2708,10703.9471,3561.2098,6675.2136,11031.0002,9408.1179,4341.6272,9289.6597,9346.1171,5086.8928,6727.8878,13047.0633,6203.6882,5590.4409,6595.7614,5724.9287,7136.9180,7729.3289,7255.3667,11598.9725,13805.9981,12552.4679,2572.4984,3900.6089,12503.2479,11625.8142,13666.4979,3102.2785,10550.1925,7326.8915,13746.4604,4016.0063,11977.8255,0.0000,9478.2318,7499.6935,13378.6405,6480.6221,11269.5575,13293.0641,13282.6373,8222.7967,7443.0372,12926.1704,8096.5182,371592.7561,378371.4132,369720.2839,375330.9722,370198.4015,367981.7471,373555.4937,374176.6848,362447261.7552,362449290.3145,362461137.2730,362462289.5082,12544.2242,12683.3247,7870.6617,6052.1149,10908.3000,6597.2083,3801.8591,2976.3080,5835.5452,6084.1982,10532.4194,10133.2939,8980.1348,5780.2336,9663.6850,6298.7737,8406.3022,9026.0928,6634.4480,12008.4745,13520.3866,12173.1107,11327.2048,7732.8273,5603.8012,13043.1926,13530.8310,12435.9611,9154.8864,7405.9693,1095.3592,11838.3862,5781.7364,13659.2586,0.0000,12031.7361,12176.0598,12438.8584,9360.9424,7406.4936,13136.9914,12961.2473,12137.8294,12264.9317,10536.2238,8944.4088,371833.3755,379011.0141,370037.2267,375661.6032,370660.0121,368294.2045,373881.2794,374514.8158,362450051.7151,362452079.9257,362463926.7829,362465079.1667,10447.4781,7912.3407,13831.3803,12298.0897,10377.4768,10515.8773,13392.4765,9759.3043,9621.1405,12717.2286,10419.4634,6716.8992,13317.4246,12888.8224,11236.4423,13272.1734,12789.5337,12835.8931,11338.1342,5353.1712,3521.9492,3690.8498,12792.5706,13788.6744,6889.9128,5320.7625,2996.2953,12550.5181,8214.1316,12204.6810,2869.2567,12614.5157,6755.4685,0.0000,7760.2772,10106.2995,233.7842,10650.7322,10021.2298,3823.6849,5044.6173,9262.1002,10270.5847,3779.6032,9622.6872,364570.6971,372156.9387,362851.1537,368368.6678,363384.3841,361242.7860,367012.1747,367445.6441,362459575.7902,362461604.1135,362473451.3685,362474603.5491,13107.9675,8993.1900,3735.1462,12329.5311,13648.1984,11332.0679,13241.6620,13183.2060,4108.4942,8645.7471,12812.4879,9732.3405,5301.8440,11737.2880,7129.0149,7038.2644,9825.2860,1475.0369,7027.6662,10485.1407,11537.8054,8779.8221,9360.4496,6905.9794,7038.1654,10001.1046,7152.8405,13222.9392,12933.8880,10941.9441,10736.4464,5299.3269,0.0000,7982.7423,4773.5323,10387.9083,9410.4302,11847.4735,8449.8483,8439.7913,6256.5901,3422.7365,12338.9256,10925.6633,364438.1966,371247.8359,362569.1873,368137.9410,362972.3983,360880.2151,366516.3378,367060.8938,362453429.2309,362455458.1039,362467305.1448,362468457.2502,11678.9808,13589.6586,9933.2661,4726.4668,9033.3062,2461.5169,2244.3369,13038.2519,7904.9191,7841.9496,11852.4031,13273.1145,5242.6294,13084.2105,13390.9756,12215.5111,13156.4633,9656.6033,9593.6331,4913.2979,9422.7305,11498.1376,12470.9116,9665.7478,9601.9756,10426.0455,558.4243,6966.7983,8681.6439,7702.2754,12358.0698,0.0000,8031.6410,10858.2953,7733.7826,7236.6626,10374.3462,10655.2797,11338.9049,9688.8950,11575.5051,4647.4162,4990.5607,371954.1873,379504.4867,370230.3613,375775.4071,370808.6523,368588.8697,374315.6200,374800.7377,362453414.6776,362455442.6909,362467289.9513,362468442.2233,6105.5817,8790.4988,9199.0752,4016.0447,10161.4499,10293.6644,5624.5845,9623.7463,11910.8923,2852.4878,4468.8921,8607.3786,3288.7914,4656.8703,4526.8425,7848.0637,12886.7880,13209.9766,13512.6808,5941.2827,556.4920,11690.7370,12902.2832,13248.8463,6312.5982,11418.0328,6801.6346,13313.4790,6359.2382,11883.0328,0.0000,11703.4209,9739.6513,13738.9131,9360.9878,9002.5870,13021.2542,12628.7591,10606.9520,9298.9180,13355.6016,10462.3758,369602.9071,376389.0087,367730.8775,373368.0276,368262.6854,365962.1513,371499.9854,372166.4640,362448706.2474,362450734.8437,362462581.6191,362463733.9210,10816.5436,12820.6062,9349.6249,13096.5067,13117.6692,2210.0027,9774.9048,12693.1126,6754.1720,1750.4888,11543.4308,3674.4106,3771.0512,6977.8953,2673.2719,9994.7409,11617.8586,13183.5774,8095.0445,6496.7980,8114.0933,10004.3615,11379.7675,6834.7443,13550.8993,11433.0537,12096.6785,9881.0921,7640.5080,0.0000,10280.0287,7075.6605,12246.2560,10209.0616,10425.6530,10239.8147,9808.8807,8584.0452,5894.7811,13514.6366,11762.6449,365111.4564,371816.5798,363222.3435,368829.4591,363669.9233,361486.2656,367060.5804,367675.1762,362451839.0143,362453867.8923,362465714.7498,362466866.9317,7006.7772,8555.1977,9349.2473,9522.9514,11709.0549,13370.5108,4804.3268,6499.6234,10087.6618,11115.6579,8714.1088,8110.3295,5429.6490,12181.9411,12997.2557,8254.3036,11076.1733,12064.8952,8389.0385,9361.5410,12984.9135,8835.8100,12614.0459,9596.8148,7089.7407,8304.5443,11057.4799,11122.3668,0.0000,13564.3195,13710.0318,10398.1370,13016.2442,1046.6802,9829.6798,9090.2457,13833.3871,13354.1300,9562.5983,12441.2961,365662.3589,373006.2466,363895.6803,369519.8807,364565.8725,362157.8494,367759.8380,368386.0879,362456136.9520,362458165.2803,362470012.0068,362471164.4105,6091.0875,3010.1389,3278.4317,12478.5766,9890.2596,7183.2465,8833.4486,11966.5448,5705.9339,11068.2239,11427.8314,9247.8362,13328.4592,12457.1311,10692.8669,8731.8940,9150.0859,8834.4715,12935.4907,12463.6296,10975.3721,10533.0783,4188.2476,2947.8613,10050.7992,6901.7506,13496.4853,0.0000,11059.2139,12488.9543,10398.5832,9060.9242,7802.6546,12098.6941,12219.8731,11923.8380,12843.0601,7692.3521,7661.5695,371987.1497,379417.2194,370239.7539,375833.1024,370876.6597,368539.4592,374189.8248,374762.2311,362452107.4221,362454135.4653,362465982.4739,362467134.8439,7014.0051,7191.3459,8528.2847,8721.4304,11022.0229,5159.7769,7992.0486,5700.2670,7005.1281,8072.1071,6628.0094,10408.4258,13168.6489,13306.6994,12138.4759,5347.1803,3721.8853,13256.8349,13187.0053,13410.2883,6814.1402,8677.6747,3384.0415,13075.8306,3898.4752,13440.2526,0.0000,11233.1792,10604.6097,13265.0329,8018.7142,9147.3523,13682.8942,13559.5430,10825.9189,10670.9605,11847.6704,8384.7732,372437.5975,379424.2653,370605.0539,376230.3076,371173.0486,368855.6877,374426.1825,375066.8225,362448091.5824,362450119.9211,362461966.8010,362463119.1364,290.2330,12404.6732,7851.6755,8480.4854,10476.2692,12482.7759,3773.8741,12055.5947,12558.2925,11081.1814,13018.9912,11043.9059,10918.6767,7122.4380,8218.5513,9932.8251,13242.9963,11057.4446,10999.2538,9577.4366,2021.8789,4828.5184,10138.7448,6022.0155,13253.2192,0.0000,9005.9313,11104.7012,9590.6814,6961.8483,9963.6762,11954.2266,12420.5727,10192.3510,11752.4780,6736.3031,5079.2685,373090.0914,380533.0492,371345.7781,376913.0173,371935.4480,369675.8864,375363.5233,375890.3518,362451533.2519,362453561.2752,362465408.4477,362466560.7540,12410.1495,7689.4735,8543.9771,10642.7389,12537.3436,3725.0273,12156.0627,12656.8415,11245.1296,12980.9633,10862.0963,10868.7281,6916.6802,8207.8841,10077.4657,13210.0683,10876.0078,10930.8227,9538.8306,1839.9086,5085.0742,10077.5774,6059.2987,13174.3978,0.0000,8792.8835,10972.6910,9448.5947,6807.9554,10116.8036,11872.1677,12370.8689,10023.3176,11644.4877,6595.9287,4864.1956,373086.5010,380533.6191,371343.0145,376907.3997,371928.3460,369676.5155,375368.4319,375890.1846,362451589.0580,362453617.0820,362465464.2696,362466616.5693,8237.4066,13440.0054,7160.9346,2453.6393,10298.2431,4374.3368,5154.6862,7871.4508,2666.0041,9896.5868,12583.4355,13016.2530,6302.9472,6108.1903,9593.6457,9916.0573,12293.1514,4863.7908,13014.1193,10948.0247,12896.3023,8438.6824,8738.4789,0.0000,9332.2442,5854.8800,12626.7022,8673.6401,11482.2952,11227.3931,11042.4431,7419.5352,4871.4702,13574.8660,10522.9929,367129.4183,373803.4804,365235.3577,370836.3924,365662.9144,363505.0906,369084.3356,369690.3741,362450063.4903,362452092.3218,362463939.2522,362465091.4171,12884.8658,11388.7412,9839.0394,5096.4664,10749.5814,11570.7568,12340.5730,8389.4481,7485.1938,12384.3575,8460.0048,4454.9397,9836.6215,12272.7818,7526.0530,11961.3893,4330.1998,8110.5955,9682.5013,12001.2321,5393.7825,10833.3293,0.0000,3731.4871,4487.7707,10210.9164,1140.9856,13511.1564,11566.6261,12306.0214,3508.1530,5659.3423,9846.0847,3297.1908,372236.8342,379290.0791,370417.8919,375959.9844,370843.3556,368765.8218,374456.5265,374950.8430,362449370.4970,362451398.9032,362463246.2252,362464398.3522,10303.8329,12493.3105,11122.9284,11779.1919,11160.2970,9454.8004,13133.7364,10863.6292,4944.4416,7634.1013,13206.7984,11613.5372,8509.5692,10842.2903,5630.6007,13641.6645,7687.1586,8890.2322,4529.1561,12123.9097,10048.3958,0.0000,11997.1609,13424.2824,6768.6349,12620.3696,4718.4994,7372.1731,7129.1113,13016.2324,13340.5157,5708.1009,11401.1544,365182.9786,372796.4864,363468.2952,369045.6189,364126.6099,361791.9405,367480.6717,368017.5103,362458888.8926,362460917.0895,362472764.0358,362473916.3858,5248.7930,9931.0362,3318.0773,3767.2814,1785.5492,8849.6045,13335.7343,12028.5617,13491.0379,8300.6129,2499.8710,10696.3246,13341.5057,12223.2826,8656.8896,11542.3331,6734.7350,12227.0334,8234.1737,11512.0307,0.0000,12866.1422,11280.1665,13266.1471,11118.2999,6658.6464,12212.2264,11564.6779,12062.9773,10712.8670,12915.5116,11766.7525,367763.0191,374650.7433,365909.6059,371556.0973,366489.1783,364133.1263,369666.7014,370345.7826,362450865.8361,362452894.4120,362464741.0942,362465893.4419,10901.0598,2090.8856,2762.9308,5734.1052,4130.3060,10999.7559,12115.7026,13490.2024,7433.4004,4867.1770,9073.3002,11010.9721,11973.8373,6509.4438,13167.5555,10279.7921,12518.4365,9000.9507,8904.0109,0.0000,10859.1694,7877.4863,12828.3953,10091.0688,9824.1203,11092.6044,10611.4869,9267.5650,6882.3558,13656.5460,11590.1313,366164.9409,372863.9250,364274.9867,369895.1964,364746.8067,362523.5593,368078.8220,368716.8953,362450871.5452,362452900.3692,362464747.1772,362465899.3964,10834.5239,11723.9481,11007.2844,11252.3901,10668.5255,12630.4817,8682.3494,4930.1787,8545.1103,13706.6500,10695.6014,12525.3827,6491.5228,5122.7070,5521.7636,12038.8365,2822.9250,13181.1660,0.0000,7635.0356,8906.3259,11040.4505,4013.4391,11628.1548,12900.5027,13395.7026,8166.9581,9683.5164,9093.5704,3198.8951,374218.8213,381420.4115,372428.5357,377998.8587,372952.5930,370748.4343,376412.6009,376951.7638,362448746.7680,362450774.9365,362462622.1356,362463774.3867,1590.6344,3837.5232,6090.5319,12163.1310,12160.6018,13812.7688,7898.3061,3527.6018,9585.8802,12171.2153,12162.1601,7476.8917,12896.0898,9176.8364,12533.7470,8901.5429,9925.3115,0.0000,11969.4808,9466.2094,13221.5167,10798.2105,8541.8741,11588.1026,10963.2116,10654.0120,8607.3943,13665.2627,12009.9387,366439.2436,373181.0752,364557.4565,370193.0392,365072.1202,362789.5285,368326.8409,368990.5666,362450872.8512,362452901.6099,362464748.3373,362465900.6105,3501.9189,6251.2790,12015.2827,11326.4598,13733.3688,9142.0658,4783.2334,8508.6712,12017.3681,11364.8719,8642.5498,13213.5053,9808.1677,11811.2681,10046.2787,9148.9630,0.0000,12347.5788,9977.7981,12765.7746,11673.1721,7770.5473,10764.1862,9983.7668,11145.3661,9019.8297,13460.9530,12723.1829,364959.4553,371745.1118,363085.3750,368720.5472,363611.4261,361319.3735,366861.5207,367522.4434,362452367.4425,362454396.2256,362466242.9247,362467395.2026,9140.7084,13302.1887,11122.1672,13439.6448,9687.4661,4232.4221,9731.4632,13301.7054,11387.0241,9894.5262,11915.2343,7569.4548,11427.3102,9608.8876,10901.9606,0.0000,13361.9853,11900.7796,12815.0149,12135.7464,5398.1233,11423.5936,10608.4189,12672.7211,11234.6092,12686.0067,12619.7052,366176.0432,373119.1420,364332.5510,369979.6432,364929.0797,362557.0939,368094.8553,368772.6652,362452527.2670,362454555.8614,362466402.5066,362467554.8645,8055.9739,11316.5291,12130.9951,7852.4086,8259.1641,7880.9418,8070.9764,10899.4167,6202.0846,13225.4613,12317.7727,11727.4367,9938.4360,6563.4160,0.0000,8382.2318,4845.5646,11265.5766,9073.1275,11779.9375,9509.3266,9425.2820,6481.3977,3512.7172,12866.9207,10770.1201,365354.7297,372099.9838,363473.7085,369053.9779,363880.8914,361769.5430,367384.0558,367951.0141,362452144.3647,362454173.2372,362466020.2392,362467172.3613,7600.0428,6069.1278,10539.8316,13057.7962,7351.9019,47.1076,6835.4953,9621.0651,10026.2255,13244.5348,7514.0351,11430.1564,5362.8926,0.0000,4114.5717,5701.5698,5228.9572,8236.5838,12628.8528,5744.0380,6943.6329,4915.2853,5980.2135,7632.3569,8367.6051,365565.1887,372835.2195,363785.5766,369295.0426,364210.0414,362177.3756,367931.8067,368360.9807,362456471.2477,362458499.7914,362470347.1337,362471499.2105,6649.0420,13728.8541,13106.1509,4993.5634,7563.8628,844.2639,13481.6985,9711.5997,12097.9130,1129.5897,13533.8340,6221.8500,0.0000,10261.2737,11566.0254,3697.8973,12555.5954,7653.1594,2774.4544,2893.4159,11208.0793,11340.9957,5739.3130,11765.9472,362366.0662,369919.6695,360638.8302,366184.3294,361215.4113,358997.9338,364727.6151,365209.0122,362460804.9928,362462833.3946,362474680.4618,362475832.6985,11284.7827,13451.2147,9809.5107,6062.8861,6339.1005,11447.8157,5357.2393,10707.6661,5721.0624,10655.6208,9322.4852,0.0000,6319.7951,9703.1439,3481.4780,8443.2716,11059.0086,7170.7973,8298.0404,8393.3305,10313.8819,2212.6567,6798.4959,368228.6629,375834.2060,366514.4768,372027.2845,367045.8580,364911.5660,370687.4983,371114.1151,362456957.1521,362458985.3170,362470832.6691,362471984.8563,6194.0058,12949.6478,10573.0192,13499.3524,1992.8750,9359.0047,7630.1395,13510.5953,2758.8970,12072.4861,0.0000,7701.7931,6399.1170,12619.1890,4105.6655,12334.9996,13167.3473,13441.3127,6669.0230,6818.8201,11982.3864,5954.0354,372773.9766,379639.1797,370918.6954,376506.1246,371376.9504,369209.3525,374822.3489,375400.8263,362447160.0216,362449188.4962,362461035.5983,362462187.7981,11748.8279,13072.2263,13178.1241,6685.4933,11215.9857,6398.0759,13192.3186,6376.1128,12040.7253,0.0000,11896.5666,10093.8838,13698.7041,9526.1136,8643.7520,13033.8584,12622.7505,10897.3475,9678.3676,13210.3475,10503.7184,369657.4950,376471.0136,367790.7094,373429.7472,368334.2991,366020.5908,371558.0396,372227.0150,362448859.3805,362450887.9503,362462734.7144,362463887.0291,7320.8913,4710.7409,12101.3267,12564.1765,13277.6786,5951.2104,13665.4687,2625.4449,0.0000,10392.9077,9827.8863,6989.5879,12732.5373,8511.6717,3257.2708,2231.3296,10248.1918,9045.2642,9656.4125,12935.8604,360541.3282,367754.3966,358747.5518,364311.7909,359258.1525,357076.1275,362754.1473,363276.2562,362459498.3069,362461527.0243,362473373.9861,362474526.1721,6797.8643,9655.5932,10035.0693,13256.1113,7480.2660,11459.0605,5335.5783,0.0000,4157.5671,5740.1361,5197.8230,8274.9351,12613.9000,5703.6100,6906.0562,4959.6810,6011.6813,7619.2123,8399.1859,365526.0336,372797.9632,363746.7682,369256.2094,364171.7283,362138.6547,367893.2903,368322.3461,362456516.0611,362458544.6048,362470391.9463,362471544.0235,13162.9626,9760.0263,12338.9892,1441.5611,13430.0454,5633.2386,0.0000,9669.4343,10994.7205,3176.0364,12196.2430,8239.0127,2076.7844,2566.0654,10615.6938,10784.2569,5708.6827,11477.1338,362414.3866,369945.1507,360682.8426,366222.5666,361241.3629,359047.9454,364783.7843,365255.8034,362460635.4450,362462663.8703,362474510.9709,362475663.1863,10433.3907,9147.8739,13383.7323,4671.2229,10958.0610,0.0000,7084.3836,4826.3470,12386.3007,4500.9156,12724.2429,12532.8524,12811.6005,5512.6598,5097.3881,12331.5128,6728.7938,371453.0575,378253.2783,369584.9911,375166.1718,370011.9087,367880.9234,373497.1691,374066.4720,362447753.2899,362449781.8774,362461628.9912,362462781.1519,6488.9761,8816.9725,7527.4954,12538.2354,0.0000,8407.0107,11078.3320,8043.0873,7399.3347,10081.1623,10845.7600,11465.0417,9973.3860,11760.4160,4929.3517,5214.9376,372054.3612,379597.4303,370329.1154,375879.5726,370915.7930,368681.2243,374399.9540,374894.6688,362453240.8076,362455268.8154,362467116.0492,362468268.3341,11669.3258,5427.9387,13786.9244,0.0000,11580.6363,12059.5550,12086.6232,8844.0124,7906.3295,13110.8329,13050.7956,11862.1726,12267.6449,9954.7552,8203.0479,372403.4985,379631.3106,370617.2342,376232.7181,371237.4688,368885.8648,374489.3477,375106.0718,362450055.0201,362452083.1793,362463930.0924,362465082.4679,13148.7112,6926.4157,0.0000,9893.6972,11568.5778,3029.5723,12110.3995,7828.2858,3477.1631,3888.9587,11048.9482,11475.8455,4668.5382,11125.2105,363282.8313,370881.9062,361564.8368,367105.6893,362146.4730,359930.3430,365669.4699,366142.1481,362460484.5064,362462512.8411,362474359.9467,362475512.1874,13150.1686,0.0000,8532.5401,8409.6202,12436.6889,4522.3488,11532.0785,13524.1319,13803.1202,8241.4240,8936.1534,11026.5336,5199.1252,373909.9435,380919.6380,372082.6011,377673.9378,372590.9977,370372.9470,375992.4781,376573.6495,362447347.6441,362449375.9515,362461223.0448,362462375.2989,0.0000,8621.5914,7864.9653,6798.4188,11480.7524,10400.8662,3675.0816,3710.3787,8296.5868,7107.6803,9768.8726,11945.3275,361481.3732,368628.5285,359675.6980,365222.3881,360133.4406,358022.2722,363718.3050,364212.6733,362458410.6759,362460439.4303,362472286.5066,362473438.6328,0.0000,0.0000,0.0000,0.0000,0.0000,0.0000,0.0000,0.0000,0.0000,0.0000,0.0000,0.0000,0.0000,0.0000,0.0000,0.0000,0.0000,0.0000,0.0000,0.0000,0.0000,0.0000,0.0000,4185.9727,7554.9167,4523.1743,13489.3011,9083.8080,10122.4667,2431.6273,5306.4257,8159.2946,4932.2702,369579.7317,376773.7501,367787.1377,373302.7767,368202.4776,366169.3541,371907.9655,372351.7353,362452732.3315,362454760.7666,362466608.1643,362467760.2504,9953.2595,5511.2196,13521.6467,9862.5953,10468.4673,1831.8556,1395.6505,11114.2821,7332.4640,368460.3482,375365.8373,366611.7863,372153.6700,366992.7705,364955.8143,370635.0620,371132.3021,362451208.5968,362453237.2713,362465084.5272,362466236.6012,10439.1330,10059.3958,3958.0469,5185.8586,9083.7300,10142.2605,3656.2458,9400.6536,364785.8874,372366.5533,363065.3650,368582.6512,363596.5651,361457.0842,367226.2792,367659.6021,362459369.6240,362461397.9431,362473245.2042,362474397.3834,13241.8074,11978.9326,12681.4141,4588.6175,6597.0870,9675.8600,2525.5297,372951.3068,380032.9401,371137.9529,376685.3357,371582.0445,369480.6657,375166.4876,375669.2364,362448986.6025,362451014.9501,362462862.2565,362464014.4079,9147.4999,8305.4155,13705.7608,13088.2370,9588.3635,12752.1034,364700.9955,372033.6211,362931.7169,368553.5469,363593.3598,361196.4741,366801.4045,367423.2489,362456807.1933,362458835.5728,362470682.2954,362471834.6853,1482.4142,9688.2808,9501.6910,7096.3154,11657.3403,361739.7675,369151.8296,359985.1116,365522.6496,360503.6264,358349.5781,364079.4286,364550.5063,362460268.6931,362462297.2418,362474144.3507,362475296.5253,10503.0208,9948.7246,7958.7640,12458.5075,360993.7631,368368.8467,359231.4571,364782.7060,359765.1394,357579.3511,363287.9208,363783.2516,362460461.4164,362462490.0061,362474337.0318,362475489.2293,3119.3463,10008.3437,6066.3136,369219.2607,376238.0867,367392.8374,372921.8486,367782.4081,365754.7831,371460.8046,371932.7195,362451574.3433,362453602.9147,362465450.2466,362466602.3195,11560.0092,8393.1760,367377.6104,374234.8677,365519.2585,371069.5447,365901.9491,363852.4048,369516.5402,370029.2455,362451626.6915,362453655.4358,362465502.6288,362466654.7084,7923.8768,367715.7536,375387.4142,366013.8835,371540.3661,366591.3256,364397.1967,370159.7759,370607.9827,362457757.9528,362459786.0676,362471633.3308,362472785.5709,373261.1681,380521.1958,371482.1600,377021.7534,371963.7851,369838.8495,375549.8873,376034.0229,362450181.9150,362452210.1168,362464057.4580,362465209.6386,28326.1987,5504.7188,6100.2134,11745.0824,9581.5862,15586.0645,9665.2527,362747106.2801,362749148.6921,362760988.5067,362762139.5900,23838.4328,24570.5608,20601.4046,22283.3899,17666.9987,19279.9421,362735477.8850,362737521.9691,362749361.0889,362750511.9617,6775.4067,7949.4663,5068.5060,12083.0145,6379.5541,362742533.4221,362744576.0340,362756415.7751,362757566.8291,8703.4063,11282.9597,15375.1169,8278.3051,362748269.1514,362750311.9257,362762151.7617,362763302.7263,10754.2275,15839.2964,10141.3390,362740599.1667,362742642.1061,362754482.0704,362755632.9305,8703.4063,6364.7022,362739198.7937,362741241.4372,362753080.9656,362754232.1005,7135.6798,362740322.0974,362742365.1416,362754204.2284,362755355.4298,362743678.1651,362745721.1051,362757560.5494,362758711.6304,23871.9819,29394.0611,22661.0089,23803.4617,20427.0736,9428.0524,
1800.000,5426.8032,13388.6090,12448.9938,12817.8641,8901.7437,6128.4456,10572.7192,3975.3281,6789.1317,9758.0441,10512.3185,11172.3496,12878.3305,12942.4502,10219.4308,9017.8842,12715.8051,10450.9433,9739.3065,13024.3007,10634.6961,5894.9461,10717.7403,9605.1596,9878.2432,11846.9778,8600.6292,9567.4838,11891.6223,7217.6253,10583.3662,4703.9930,9225.2760,12889.3015,3400.0570,10618.7139,5037.4930,13684.9481,5863.5663,11669.1357,13268.7316,10667.8999,11811.9164,9665.9434,8080.3836,10018.9563,11146.0397,10156.5859,6634.5040,7580.4476,11354.2087,12674.4044,13231.3468,4480.4148,10773.4633,7840.2590,13271.3606,11521.0013,11919.0657,10727.2736,12570.0704,7180.3820,6945.9592,11302.6760,6649.3548,10064.2039,13670.8847,13363.7248,10216.7958,13044.3681,13725.1941,13728.1387,11839.4313,5027.2580,7923.3929,3938.8290,10173.8856,13334.2039,10093.5244,6125.3916,7422.5060,9898.0384,5494.8209,12912.3160,7345.9166,10069.1150,8662.7408,0.0000,3466.4447,7472.1820,4545.2779,9167.7179,11932.7809,7683.9576,7346.5419,5589.9410,8118.5126,5658.7799,5769.0627,366528.5924,374102.0669,365046.9309,370474.3971,365384.9028,363346.7808,368916.5932,369184.0787,362457917.0286,362459452.9551,362471046.3803,362472112.5641,13568.3291,10787.1792,13728.7656,10580.6646,3042.3616,6657.3320,4756.4235,8683.6992,11225.0459,6487.3838,10814.7102,11223.3306,11228.8236,12775.1425,5649.3530,12165.8351,6878.8403,10834.3475,10643.1015,13065.9894,5235.5408,7651.0950,11770.7261,5325.0820,13470.8106,5812.4399,7530.8678,9084.9625,8264.7385,11053.9390,6959.9404,12460.8440,11774.6706,8352.6532,7044.6170,9496.5190,12080.2376,9483.7445,7899.9189,11197.0087,12215.9973,13633.9650,11654.7892,11729.2209,9149.2708,11215.7451,8398.3926,3425.7944,8348.9034,13414.0254,13565.4817,13244.9021,2183.3045,9388.1705,10875.3307,13471.2501,9720.6750,9721.8457,11956.9932,13573.5802,10882.8876,10756.3038,10505.0575,9971.1131,9175.4238,13016.1779,12099.7441,12944.1213,11299.4772,12042.9483,11908.0037,10515.3311,6914.1740,5045.7899,7439.8219,12238.6287,13578.5657,5504.7289,6016.2200,3786.6462,11442.2645,9524.9542,13368.0460,5380.3440,12800.9127,5074.0944,0.0000,7257.2343,9229.2451,2970.3881,12236.2859,9393.9886,2782.2203,2187.8807,8140.9661,9069.0252,7601.0973,10073.1098,361888.6383,369297.0024,360375.3231,365826.4205,360711.6538,358641.5208,364163.4510,364480.8066,362460008.4284,362461544.6420,362473137.8550,362474204.0475,7952.7569,1855.7640,9137.7725,13467.3070,11186.5815,13143.0053,11692.5918,7781.4090,11157.6375,8557.3738,6318.2661,7049.4776,6835.1078,11753.1994,4821.6039,10792.6970,9452.1549,6945.6084,5704.8084,13140.8179,10320.1367,7837.2284,11768.0734,4039.7236,12342.0046,10660.6470,9334.4439,11117.1276,7667.9224,12355.8506,7689.1204,6596.2974,12176.4486,10981.5354,11228.0567,4964.3785,10965.5052,9800.2769,6680.7581,7459.0502,4140.6228,7926.3699,8738.1930,9457.6795,8356.4026,10013.7671,13301.2074,10957.1985,4733.6532,2391.2019,3538.9038,13774.0252,9127.0538,10024.0662,1303.1910,8548.7078,9087.7555,7917.2112,3648.7976,10097.5049,10233.6332,8092.3361,10441.9947,10419.4232,2068.5684,4453.2615,6669.5403,6067.9523,4630.2095,4955.1450,7646.8437,12290.2643,12721.0187,12656.0301,7059.1768,170.8242,11667.0593,12374.5165,12954.9108,7908.0788,11366.8459,3741.4914,12685.4931,6688.7348,12057.2708,0.0000,12376.1816,10555.0386,13595.2938,7766.2250,9116.2992,12956.5798,13123.1618,11645.4478,10259.8536,12329.4470,10754.0206,371382.3154,378312.0926,369787.2064,375329.3447,370179.8537,367926.3964,373261.3117,373780.5903,362448249.6280,362449785.7170,362461378.6122,362462444.9748,8602.8077,13443.7359,9181.4307,5748.7221,13155.7055,8562.3503,12753.1391,6020.6415,3258.4389,9605.0815,1313.7791,9391.3006,11354.5905,10201.1940,10254.2989,6215.3940,8329.2214,10192.3873,8741.1185,10681.3752,12962.7810,9165.8931,10630.6516,6494.2407,12031.4150,2798.4007,13682.1609,12486.6413,13744.2588,11664.3770,1724.6772,12490.0771,5047.6218,13152.1637,4329.9255,13678.7228,7809.8295,2820.9653,6822.5539,9656.8171,13030.5084,11844.1696,12408.5395,3987.2521,12002.4488,8729.0490,13598.3049,9920.9682,9743.1402,5325.9979,10511.0453,11916.3925,9483.0243,8850.2121,11139.2079,1594.1765,6174.3095,7213.4046,10695.1044,10873.1864,11966.4047,13657.7366,4203.5574,7023.8943,8540.8763,10185.7520,9125.5173,6664.3249,5950.0826,11131.7482,13727.0215,7278.5443,10771.0838,12598.8512,7982.6010,8109.0679,13351.2160,8096.4235,12976.9605,11032.1567,5954.2530,7441.0890,11774.0822,11314.1244,0.0000,13504.0084,13768.8690,10082.9844,12364.9750,2181.6408,8964.2122,10246.8778,13848.0394,13468.5997,9185.1735,13068.5138,365230.5628,372488.6980,363691.4295,369237.8557,364187.9149,361839.3652,367196.6486,367707.1347,362455570.6309,362457106.7034,362468699.4351,362469765.8717,8758.6505,13551.7155,11983.8487,12956.9008,10972.5236,7429.9692,11981.1777,8499.6101,7655.3917,7919.3372,5253.2369,12431.5264,5843.7298,11743.7407,8795.8216,8428.5291,3990.6256,12936.1523,11278.9050,7112.6939,12633.5794,2796.8653,12606.0769,11292.7928,10196.5181,10958.4695,7807.0489,11962.8538,6133.0823,7204.3428,11186.2868,11719.4490,10163.5611,6380.3904,10112.7285,10996.5591,7868.4638,6483.3694,2330.8468,7310.8471,7270.6138,9951.9609,8119.8157,10695.5448,13437.5285,10871.8373,2966.0843,1909.0452,3812.6011,13711.9183,9845.5481,8822.0610,2392.2830,9504.8521,9760.1066,7130.6284,2642.7922,8767.5778,8912.0897,8759.1096,9595.4858,10421.2738,3857.1765,6007.1688,4985.0450,7495.4313,6329.0222,6604.3465,8583.4994,11958.7014,12930.8140,11855.5181,6276.8281,1686.7801,12538.3255,12379.4454,13218.4967,7525.2919,10232.2872,3458.4189,12723.1565,5238.7966,12692.2528,0.0000,11737.7814,10204.4016,13478.3255,6433.8092,9915.3067,13401.8221,13576.0896,11151.3956,10140.9336,11680.0124,9609.2776,372630.8864,379650.1443,371052.0937,376584.7283,371450.7442,369206.2016,374563.7406,375060.7405,362448033.3434,362449569.3237,362461162.2929,362462228.6549,12231.9185,13000.8014,7101.9922,12239.4252,1530.5445,12775.0224,13311.0280,7925.4549,13057.8780,9432.9502,8433.4512,6572.0302,9162.1731,12761.5283,9470.0662,7824.3459,12583.4463,8387.4767,2304.5297,10921.4578,6561.9518,13412.6297,6465.6554,13343.4996,3195.2367,2766.5368,5155.6352,6754.3539,13014.0922,8224.2499,13225.9494,6143.9774,11733.8061,4128.6304,10924.8061,12596.7475,11681.4084,8219.6407,1911.7290,6912.6452,4579.6322,13152.7156,6068.1924,12462.9831,3170.7842,7938.2904,7351.2521,11376.2729,11250.4094,5609.5872,10843.9672,8217.2452,6675.8899,13630.4405,12257.2225,10404.9935,9597.7067,9443.5999,4939.5526,3395.4094,13729.0722,9762.2727,8575.2568,8522.5787,8381.7580,10311.3739,10844.2324,6184.0711,5020.2915,13154.9716,10763.9687,3141.2863,9108.5601,11727.3052,5753.8159,12602.1293,1542.6415,9835.1076,11157.0045,13044.4773,5778.0829,8719.3101,0.0000,5923.1415,2022.3561,11510.3775,5064.2853,13421.1961,11820.6655,10790.3431,3931.0915,2216.0733,11975.3969,5978.2858,370957.8741,377955.4918,369375.2858,374836.1422,369615.8145,367612.2164,373080.3780,373439.7091,362449750.3296,362451286.4883,362462879.8500,362463945.9949,5631.4727,7135.7029,6716.3678,12633.9937,5670.6055,8817.9899,12253.0552,9926.9347,12068.7435,7968.5620,13114.8919,8618.4794,8857.8948,11390.3416,12859.3167,2639.5036,9479.0067,12946.5204,6504.6800,13765.4282,3251.6947,9795.1767,7699.0201,10453.2152,12640.0927,9010.2159,12544.7368,10354.2532,8510.8266,5669.6620,10179.0074,11499.7175,10762.6553,8556.1418,10289.5358,10769.5702,13435.6530,12925.7224,11784.2987,11198.8789,9274.5037,10516.6395,597.2492,10562.8995,13240.3422,13813.2756,12355.4651,1924.1086,11315.5348,9624.0774,13662.1090,11407.0643,8011.1701,10308.9708,12821.4166,10118.2553,10056.0893,12225.5736,11273.7739,6774.5914,12936.9575,12677.3397,12528.6132,12186.9527,12126.9386,11812.8383,12056.0909,9061.9272,2361.7696,6385.3136,13251.7262,13465.2619,5963.0841,8591.6643,1548.4520,12858.4854,8753.7349,12453.3357,2500.3752,13150.1628,7451.6919,0.0000,8748.4176,11149.6529,1684.2367,12764.7468,7883.9549,2873.4404,4127.2243,10013.5800,11117.5037,5720.7791,10679.4644,361815.9241,369362.0176,360326.9711,365791.0003,360731.1593,358583.7501,364096.9742,364433.0448,362461015.2694,362462551.3627,362474144.4896,362475210.7527,10311.7970,9456.6494,12852.3706,446.4672,7465.0410,9396.3586,6114.2871,12543.3812,7518.4504,10950.5597,6663.0474,9358.0193,7778.0623,13009.5034,6898.6402,7609.5810,13510.3197,4389.4867,13066.2802,3780.5441,9247.2805,3122.9306,11916.4914,12184.9480,11763.3249,13634.2884,7194.1632,12158.5893,899.0096,13075.4531,7535.3325,13180.7010,4604.8746,5961.9806,10715.7067,12836.4869,13418.6636,13438.9136,10669.2125,8248.3895,9652.8469,5133.6168,11803.3649,12931.7255,12350.9675,9953.4484,7135.5996,10165.0217,11606.3360,11508.4071,9543.0188,4334.3359,10146.2406,11418.6355,12398.7466,12441.7839,10984.5192,13340.5555,6184.3928,9912.2884,9591.1240,13054.3827,9100.1029,8335.7426,7817.2433,10180.4171,11652.8825,4201.2726,10424.5507,13526.9331,11246.2223,2982.6652,10565.1850,4160.3154,13108.1159,11855.6625,10527.6631,5230.2543,13693.6187,7279.7300,0.0000,12024.0893,12599.4548,7070.0558,13786.7357,3665.4714,4073.3550,5461.6830,12391.2840,12078.8742,9213.1718,13310.9854,360961.6587,368206.6509,359418.3522,364933.6497,359841.7350,357602.9835,363011.3203,363459.0896,362458983.2627,362460519.5582,362472112.3977,362473178.7254,9904.7190,8212.2402,10090.0347,12806.2580,10883.2924,13331.6138,11882.5816,5989.5309,11057.6798,7819.6467,12131.7633,11210.2995,11586.2320,8190.7666,7915.7573,8658.8749,8000.3588,11744.9606,9701.9589,6315.2630,12071.5914,4366.3387,8462.9521,2432.2008,10300.8424,13599.9863,6312.8731,10666.1478,6422.8452,13372.9355,5677.4838,9933.5509,13162.9107,12658.9159,12404.8744,8511.8092,9518.3061,7041.4708,12921.9081,7033.8866,7590.8932,4632.0713,12048.2629,12307.2779,13805.1442,5524.7602,7870.2959,10661.2355,12701.5913,8830.2866,12554.9632,12777.9873,13422.7526,9861.7973,9639.7927,8709.1875,6199.1356,11861.4892,13113.7870,11929.6089,11605.7039,11182.8114,12707.0228,12862.4237,9360.4636,2389.9184,9038.6642,7581.5244,9389.0025,13127.7778,8758.6945,2369.2132,8064.4699,8364.7260,8669.1816,13702.5789,8981.9252,10480.6008,5711.8258,0.0000,3349.0748,5294.7413,6110.3892,9558.0688,12290.4662,7165.0105,5882.5036,3823.6923,5490.0847,8897.1607,7062.5994,365436.1344,372755.4655,363908.8414,369338.1671,364175.5478,362196.1234,367742.1551,368024.1076,362456784.1884,362458320.3560,362469913.7679,362470979.8890,12267.4406,9672.5666,5967.8689,13710.4743,9478.7780,7342.0714,12376.6693,13418.3367,12769.5019,3713.9737,13347.3539,9064.2308,4292.6672,13192.6063,11778.1987,11516.0945,11314.0769,6492.3020,13084.5885,9216.1523,11940.6168,13127.2749,10361.2366,8871.2282,8909.8928,6144.1856,8923.2036,8095.7504,11323.9572,9824.3965,12237.3770,10580.0311,5772.8091,10051.4788,12015.1400,8018.1834,13337.5752,5744.1654,13401.9737,6744.0444,12173.0902,9732.4160,11860.5015,9828.7504,6935.6289,13650.0587,3684.3482,12247.3894,13779.9918,8383.8309,5406.5918,9362.2476,4923.9204,4998.1386,13799.0038,10288.1988,5044.3240,12079.3627,13221.9066,8180.4942,13580.9127,12625.7370,12320.3984,13824.4423,10621.5873,6427.8939,3182.4623,11801.3974,11611.4179,10894.4116,11425.7288,7207.2540,12432.9340,4029.9074,9381.6666,5292.4875,10153.4060,12080.7151,0.0000,9016.9292,11797.6771,6152.9541,10001.7296,8901.3020,8943.3941,9981.2137,10658.4467,12289.1320,1398.4321,8256.2022,367494.4178,375216.2444,366039.1604,371512.7468,366518.6737,364291.2053,369800.8539,370150.9881,362457966.3479,362459502.0583,362471095.2218,362472161.5779,12643.4902,12724.6855,7071.9381,12264.9293,8715.6412,8867.5711,5371.4143,9254.9821,12337.2030,8733.3108,6909.9071,12876.4598,8430.2963,1590.7598,11068.4005,5223.3156,13452.2294,6839.8589,12861.1591,4496.2469,2039.9006,6432.4484,6238.4111,12168.1530,8837.1750,13027.3283,6788.9241,10728.6823,5086.5061,10661.3897,11769.2708,11004.6527,7057.6546,1127.7535,6693.6101,4769.8187,12540.7535,6269.6034,12801.6719,4393.8090,6855.6635,5914.7511,10251.6580,11851.3197,5547.2078,10649.3524,6805.7932,6361.8738,13092.1846,11619.1834,9276.8904,9515.9017,9406.4670,4518.5451,4294.5550,13400.7458,8501.9609,7463.0102,7774.9770,7495.1124,9262.0917,9834.9917,5625.5210,6307.0336,13295.7794,11161.5449,2048.0328,7752.8159,11777.7252,6879.5011,12854.7060,257.2934,10029.7977,10047.6687,13197.3455,4963.7483,9201.2810,0.0000,7034.0880,3470.5789,12041.4960,4578.4651,12902.8877,12157.0109,11283.1057,5258.0766,3409.3186,12166.1496,6481.4450,371480.6170,378434.4073,369890.2757,375364.9771,370147.0724,368109.3066,373552.2590,373940.2270,362448883.5591,362450419.7136,362462013.0080,362463079.1827,7773.2229,9125.3545,6312.5648,12638.6760,7115.7652,10734.6953,6239.1014,9627.8984,7509.5420,13031.7637,7064.7364,7200.6446,13344.1744,3955.5926,13003.1834,4060.6850,8867.7341,3389.0615,11645.3304,11928.0294,11550.3030,13625.3270,7412.9859,12150.6164,1326.2744,13009.0897,7560.5193,13040.3578,4223.8505,6058.2483,10917.9088,12850.6664,13237.6088,13437.5709,10333.0434,8539.9422,9282.5223,5199.4155,11520.9732,12945.0357,12280.0983,10064.7003,7098.1643,9815.6233,11765.3882,11430.9310,9193.9243,4656.0790,10379.4960,11513.0877,12498.2305,12533.0667,10671.2773,13190.5692,6541.9388,9859.9467,9404.2019,13109.5484,8844.6984,8219.2226,7730.7326,9863.8161,11425.3899,4408.8713,10523.9954,13377.0255,11220.6809,2548.1763,10274.8153,4233.9135,12899.9130,11947.9679,10646.4571,5451.7235,13642.2292,6883.8563,0.0000,11878.5133,12359.6693,7085.2096,13717.4035,3953.4590,3907.0324,5181.4536,12184.4706,11806.7437,9394.6331,13250.8313,360920.1351,368141.8358,359372.6682,364886.6304,359786.2902,357557.9246,362966.4910,363412.6593,362458847.1702,362460383.4871,362471976.3355,362473042.6533,11386.6882,4233.5106,7436.9602,12535.3056,11404.7699,11914.4202,3072.9165,10537.3498,8867.3144,7473.1121,12306.8560,12558.3815,10765.0226,10250.8694,6447.6832,13127.7739,5316.0434,13663.2697,12973.7293,13221.2125,10143.2315,3375.0869,10669.4238,6678.7302,11635.4521,6685.3891,12664.0538,10057.8886,5753.8466,4286.5909,8785.5909,12735.5279,10118.2908,13302.7085,905.4431,13161.6698,8466.2611,13692.1171,8887.7165,9887.2937,5544.4857,9937.0146,13100.0489,6766.5755,9532.4919,12621.9542,3893.7522,3404.5603,6454.0287,8266.5062,8482.6115,13045.0036,12752.6648,2534.0132,8397.6299,10278.6123,8474.7676,11010.0172,8840.0764,8287.2686,12518.3012,13311.8521,7104.7637,8648.4860,12214.1251,8521.0260,9787.5948,13441.3063,8166.0641,12924.4185,8661.6921,5572.4910,6718.3818,10713.5847,12417.1828,0.0000,12522.8882,13547.2208,9314.6722,11233.9659,4715.7725,9590.0744,10933.7124,13282.7194,13562.1911,6915.1698,11528.9802,366944.7729,374397.6407,365441.0584,370970.6956,365959.9029,363616.5373,369015.8780,369485.9882,362455874.4298,362457410.3016,362469003.1474,362470069.5926,8650.2379,11372.0899,7132.0881,2579.1596,5776.4427,12736.8433,2106.5144,10101.6860,13185.9095,4973.8969,8285.8714,7808.5382,7887.5459,11855.5780,5812.5105,9067.5125,8620.2677,5439.2723,10608.5039,10953.3586,9257.3543,13116.6320,9721.2907,12124.1525,6252.0132,10949.2314,5685.8173,7351.6784,11836.6414,9191.9389,8003.4482,11570.2213,5132.9500,11620.4252,5019.0777,12127.0609,8238.2144,9482.4817,6639.1226,8502.8054,12408.3664,4136.2783,13274.3787,5557.5780,2935.1364,9842.0907,12027.6902,9333.2872,13090.5426,13101.4888,3692.4115,10465.3964,12112.8246,5094.7815,2093.3337,11039.5389,626.5319,3798.8263,4471.4435,2383.5723,10325.6883,12025.0932,13800.4462,8064.7160,6444.4759,8317.6921,9321.6702,11628.3971,7267.9993,13526.3619,9088.1698,12488.2337,9764.7896,7637.3795,0.0000,11593.6064,8813.3044,12617.3122,10132.3924,9301.1696,10542.8931,10015.5819,10254.0458,7801.1065,13738.0008,11975.0353,367008.8603,373728.2809,365374.9992,370900.7026,365670.3654,363524.7010,368868.3799,369364.1344,362450200.1796,362451736.6296,362463329.5543,362464395.8020,9446.8354,11138.3216,9267.4625,9875.0725,7059.3364,7377.2518,9976.0734,9674.9523,10196.5947,12553.1745,9101.2568,10054.6139,7421.9953,11617.7041,3140.4240,13465.8096,11869.1994,13794.5364,11577.8051,1450.8087,12919.1128,5551.8383,13337.3231,3059.1567,13678.6667,7357.4256,1646.6195,7206.8206,9242.0376,12597.4521,11896.3739,11871.7617,4818.6966,11490.2248,9494.4402,13342.5348,9575.7250,8984.8866,4686.9208,11159.7767,11297.4419,10057.3976,7928.8402,10425.7680,2510.6973,6702.5050,6814.7792,11127.4462,11301.5741,11258.5321,13575.9543,5422.5117,5927.3673,7469.3785,10130.4690,8135.9186,5484.5996,4747.4581,10347.1513,13745.6250,8161.9694,11508.0252,12139.7106,7099.4277,8157.8186,13296.0441,8829.5644,12486.4127,11595.5877,5494.6215,8400.6540,11490.9667,11169.8415,0.0000,13685.8964,13529.8887,10804.7671,12156.8823,2692.1233,9420.0119,10523.3907,13810.8321,13145.8913,10085.7542,13209.0896,365611.0206,372775.3834,364055.3509,369607.4970,364536.6061,362192.6796,367532.9052,368058.8788,362454511.4546,362456047.5777,362467640.2898,362468706.7204,13573.7861,9816.1027,13543.5436,5823.0191,11899.5796,2305.9314,10596.2523,13348.4564,7712.6170,13720.6240,5288.2023,11542.8083,12910.6619,11138.0760,11118.7470,9976.8380,10893.8944,3478.6306,8382.2035,7728.1075,12109.5972,7341.3249,9551.4177,8455.8550,13108.6780,10153.8367,3495.6418,3419.8534,8113.8039,3911.5828,11887.1786,6711.2032,12660.0783,12070.5186,11260.0236,3015.3277,6285.0417,6215.7035,11983.4742,12205.1419,4150.3336,7343.6209,12292.1624,10288.1983,4470.0853,4089.6137,4048.7710,4266.1641,11472.6686,8297.9476,8946.2827,8353.2254,10218.9093,1269.1474,11287.8539,10278.4465,10311.3631,11662.5145,11087.1841,11711.0274,8187.1854,7215.2607,6681.5354,13477.2678,12230.0793,12203.1404,8790.6900,5919.0255,5227.6338,11031.4798,4448.3841,13618.3312,0.0000,9825.4975,10231.6469,11539.7135,5141.7431,10739.3878,13036.1729,13442.3347,10215.9800,10755.7560,8222.1423,6772.3822,373272.8049,380656.8735,371759.1796,377259.9901,372197.3403,369965.6555,375404.0733,375823.1425,362450635.1324,362452170.8376,362463763.9813,362464830.3473,8617.6073,2114.6458,13293.9133,6859.6196,12959.4953,9955.9499,2459.6665,10073.1245,3482.3018,12006.5599,9230.8564,2561.3639,9515.9935,6337.8399,7743.2594,7159.6074,12691.3025,11962.1717,11028.0728,8225.5244,10846.6257,10555.1015,9701.6496,5022.3777,10319.3651,13686.3879,12977.6255,9752.5907,12491.4983,4855.5709,12948.4954,3479.4539,8053.5932,6074.5622,12927.0183,11653.3923,12694.2960,7615.0128,4668.6726,13387.6009,11234.5690,4897.1754,10619.3615,13642.7064,13272.5430,13097.7464,12989.0532,6178.1615,9734.0037,11796.3497,10833.5946,8738.6911,13386.7091,7377.9012,9342.7191,9499.0103,6015.9892,6806.8547,8893.4172,11394.2470,10500.0690,11817.0075,4852.7569,4762.1776,7782.8902,9090.4168,12434.9269,13065.5647,9545.5084,12224.1729,631.5442,0.0000,8574.7171,7562.4533,8233.3174,11837.5624,9975.6585,5809.8764,4236.7028,7817.0268,6626.3077,11685.5150,11188.9899,362615.5907,369605.6635,361028.1835,366500.9543,361288.2005,359251.5706,364703.6835,365082.3335,362456101.8219,362457638.3028,362469231.4348,362470297.5858,7716.4169,12303.6564,4437.5409,8203.7405,13639.6539,6850.0076,6377.1884,9682.0638,5611.8899,12820.5397,6883.8312,10281.8521,8184.5855,4084.9335,10247.3891,9088.9290,9489.0443,12312.7762,11134.6318,10966.8921,6794.7950,9786.5585,7862.9028,8251.0152,10915.1216,7224.8673,6148.1351,9905.2786,5374.5903,11437.2357,5997.0932,13045.7102,7858.8299,7514.5789,4439.9593,7753.8337,13074.9981,4857.0943,12303.1620,3719.3984,4288.3070,10726.1383,11308.6132,7981.5015,11914.1144,11928.6588,3621.4105,9166.0390,12471.8326,4428.5070,2386.1313,9286.6465,2821.6767,4606.3016,5368.7173,3142.2732,10022.9579,12972.5333,13428.6119,5972.5480,4915.1709,10155.4545,9547.8855,12688.8002,5525.4584,12641.7320,8101.3551,13210.3181,7687.0854,9095.0206,0.0000,11015.4504,7944.8315,13208.0535,8180.2059,10372.3227,11871.2889,11358.9931,9569.9830,7157.1325,13572.6922,10670.2839,369527.2178,376276.8326,367899.6762,373421.3225,368195.9269,366055.3138,371407.3614,371894.7932,362448475.7954,362450012.1276,362461605.1215,362462671.3733,13122.7379,5091.8047,12902.6064,10513.6792,1195.2499,10519.2581,2839.7005,11714.0631,9135.4164,3268.4960,8344.6157,7683.4013,7878.9692,8797.4882,13026.5909,10841.2043,12169.0484,7392.8137,11953.1555,9058.9905,10880.3392,3161.8074,8847.8266,13402.1893,12649.7895,10202.8274,13013.3444,5211.7331,12393.1593,3704.3146,8559.2282,7362.3178,12709.7377,11043.3796,11704.0708,8694.5488,4531.6129,13721.2532,10330.6684,4117.2035,9578.8007,13312.7162,12609.1490,13618.1531,13554.7243,5909.7083,10804.6306,11390.8730,9578.3331,7368.5824,13422.4900,5914.3393,7749.8304,7874.9214,5268.4711,8459.5530,8997.2148,12286.7686,10772.9477,10880.6791,4079.9130,6584.8540,8063.6878,9490.7263,13181.1452,12226.9211,9769.0407,12425.1222,2487.2467,0.0000,10081.6154,8715.0757,9185.5154,12263.0758,8844.9162,6192.1733,5123.1308,9259.9950,7679.4358,12263.4427,12190.1595,362429.8882,369338.3354,360827.7401,366321.0182,361107.0417,359023.8285,364437.0722,364858.8107,362455466.3334,362457002.8588,362468595.8751,362469662.0626,12284.5708,7753.2749,6857.0205,13439.3514,11840.7932,12092.4877,9937.7251,7352.9957,13726.8674,7899.8163,13182.1999,13047.3917,12300.5155,8557.9736,6090.6572,8615.4358,8652.4716,9809.4895,9002.6071,11277.9458,11892.1693,8416.0261,2816.6073,8249.2960,12105.2363,8255.4511,13697.7204,2458.8117,13808.9627,8677.5451,13315.9713,8131.6575,10140.3732,6866.2894,9533.0387,13773.5846,3989.2842,10313.7366,13596.1815,6658.8385,2033.4128,6638.4618,5717.2793,5955.4116,13641.5674,11474.1925,3821.1015,9878.2103,11730.3560,6972.8138,12477.8179,10772.6905,10383.4459,13425.8106,12489.2900,7723.7359,6553.8970,11569.0840,9367.6183,11304.8127,13107.5989,8733.3634,12505.1814,6143.2774,6401.3715,6904.2109,9582.5474,13130.3387,0.0000,11197.3534,12879.3567,8815.6993,9929.9232,7388.1382,10348.6491,11528.0184,12301.3082,13193.0761,4992.5027,9690.5805,368661.9214,376256.8153,367184.2783,372691.7567,367698.5332,365391.4267,370836.9324,371258.6080,362455822.1451,362457357.8634,362468950.8601,362470017.2848,10986.9063,12451.2863,4667.4214,9869.4375,6605.5225,9169.0398,10637.2919,6299.3293,7441.3798,9715.7502,7225.8256,11362.5379,11973.3277,8247.5223,13572.6324,8127.1806,12958.2320,5222.7073,12018.3876,4000.4162,5930.0909,11743.9852,10083.7407,9623.1037,12480.4633,6369.8288,10917.3768,5774.9265,11179.3380,9358.1978,10398.4229,7833.7336,8315.2493,11838.1522,5298.1795,13397.4945,6542.0774,3962.2689,8395.5440,11759.2961,9614.5789,13478.0574,13509.9573,5375.0102,11653.5516,11083.8674,5278.6232,2862.6870,11782.9958,1685.5356,3081.6032,3450.1356,4011.6189,11089.4332,10892.1022,13732.3008,9663.1756,7082.4691,6885.0093,9894.7875,10546.1424,8953.1932,13779.7596,9064.3611,11493.7084,11002.6998,7284.8461,0.0000,12279.2693,10086.0844,12017.5787,11389.0489,7749.4506,9479.5267,9201.2411,11235.4658,9094.0064,13372.9671,12878.2812,365316.3818,372075.9651,363688.8701,369222.5349,364012.0483,361831.0958,367166.4378,367674.8519,362451775.2282,362453311.7032,362464904.5478,362465970.8224,11780.8277,12513.8590,5862.1203,13554.5218,3136.5792,12550.9392,11893.7513,11720.8274,9995.2018,8216.8825,10278.5321,2419.7477,9080.6311,8224.9588,12704.5761,7128.4215,9366.6231,7651.2131,12752.1185,10332.1338,5421.2790,1755.3013,6269.3436,3577.1266,10529.6363,8260.3692,11498.2041,12887.4625,10087.9110,1092.5760,4484.1844,6349.7516,12622.8547,10874.6410,6067.5435,5876.3763,11018.2528,11108.4584,6351.6331,4134.2980,5462.5539,5577.0514,9928.6580,7266.4437,10398.9199,7451.1023,9003.3148,1282.3734,10096.4785,9521.0395,9733.7774,10233.9181,10415.4253,12680.1826,9407.0224,5220.1855,5548.1492,13519.8630,11516.3057,12969.4380,6953.9959,7178.2669,5487.6838,12150.9541,2478.9942,13100.3440,0.0000,9503.2361,8970.4186,12321.3121,3552.1612,11405.4833,13429.5138,13546.7649,9375.0049,9427.4598,9736.4434,6456.0742,373881.0450,381119.7691,372341.7550,377842.9316,372737.8316,370541.8871,375967.7170,376394.0133,362449009.6730,362450545.4692,362462138.6345,362463204.9656,11235.7074,12876.2875,8635.0369,13242.1117,3504.1796,11398.5842,8028.4335,11282.7555,13231.8429,9609.8344,11483.5579,9747.1136,7438.6168,6601.8731,9457.2847,11580.1105,10567.8953,10166.9559,10415.0974,9052.7269,12527.7717,12956.9688,10631.9025,12393.0588,7769.9332,11986.9979,2696.4025,11459.4925,12283.2414,13473.2510,11600.0504,3365.5011,12596.3745,7590.6551,13505.5279,12702.0586,7822.9865,8549.2497,11798.0511,8338.0246,8309.8149,13236.6415,11116.9010,5400.3479,12918.8641,13241.3345,11222.3346,13080.6274,12588.2526,12237.3708,13133.9923,9767.5233,2940.6160,4535.1515,13092.7783,13109.4415,7971.4314,9859.3033,3394.5034,13084.0400,6948.5689,11515.9590,1882.3513,12385.2421,9508.1869,0.0000,8821.4605,11673.6221,2510.4988,12058.3644,7995.8703,5302.1668,6559.8130,10413.5617,11876.4007,3313.9762,9887.8225,363541.8151,371208.6337,362075.1604,367540.6404,362519.3070,360334.8707,365854.5892,366189.3579,362460618.3465,362462154.2734,362473747.4140,362474813.7184,9778.8397,4008.7064,11092.7098,10021.8287,2490.1027,8996.2615,7117.9310,6917.2296,8580.5825,12628.1609,11091.9018,12209.1927,8285.0908,11740.9927,9051.8768,10495.0061,3813.0442,9101.3565,13477.4304,12207.2218,9432.0640,12701.5334,4208.6456,12724.1622,2686.3685,9447.8985,6748.3342,12276.3550,10415.4191,11582.8169,9424.7086,3417.0348,13834.3731,9735.1545,2990.8203,10163.0751,13472.3708,12377.1167,13613.5247,13545.7659,4814.3600,10333.2658,11988.7501,9174.6142,6742.3302,13126.0826,5211.0249,7452.8612,7700.1540,4191.4637,8218.4593,9894.3894,12630.4922,10027.2885,10410.4546,5192.6842,6386.9224,9001.2135,8657.2526,13297.0773,12085.0641,10587.9005,11888.1736,3011.9104,0.0000,9959.2294,8091.9947,9909.9325,11737.3891,9456.4155,7208.2970,6074.7347,8885.4219,6966.5231,12733.4961,11927.8705,363333.9606,370186.3679,361722.3130,367215.8754,361986.5225,359915.5577,365322.9060,365748.4360,362454337.9862,362455874.5189,362467467.5537,362468533.7313,12100.3878,4609.2824,13741.0917,8221.6665,13344.4219,5312.3713,3596.3741,6699.5890,4899.8961,12276.6833,8150.7703,13594.6283,5932.0182,11198.9972,4497.6778,11747.9289,12243.9905,10346.9175,6271.7824,498.2324,5400.7724,6279.2132,12267.5996,7729.1267,13130.7998,5342.8315,5957.5033,5766.0758,10125.4986,12123.1409,7067.2916,9777.0075,6991.4038,7831.4904,13398.1814,11050.7752,8801.3525,8504.7791,8393.7152,6056.2675,3646.5555,13341.0125,8893.1003,8371.0486,6665.8911,8644.2937,10011.5022,10537.7142,7075.9661,6680.2441,13588.9190,10663.5786,959.4246,7775.1736,12697.7931,7688.3083,13260.4930,1489.2982,9191.0860,9756.1965,13349.8836,3649.3917,10346.8192,0.0000,6872.8402,4028.3675,12226.3571,3125.7272,13314.4061,12805.6009,12068.4916,5402.2346,4436.3392,11763.6095,5480.6431,372644.5315,379672.9523,371067.8298,376539.6490,371340.4738,369293.3594,374747.1033,375126.3690,362448572.3232,362450108.3757,362461701.7052,362462767.8939,12944.0301,6834.9627,5637.1612,6827.2217,9216.8010,10024.8102,9540.8198,13715.8382,10154.2569,11971.1998,5218.5643,12354.1014,9178.0487,11753.2432,3029.6946,8363.5547,12943.8681,13436.9485,11865.8800,13516.5650,7620.8897,11369.6243,6259.5925,6345.7738,9012.8184,13471.4962,12325.0237,11835.0637,7017.7778,7120.2750,13176.6580,11595.3641,6726.9760,8125.1207,12657.1349,12925.6981,13373.9474,13327.7267,8389.0021,11857.3819,9740.9978,10506.4005,8938.6270,13843.6047,7772.8414,8651.3694,8506.7990,7743.0198,9291.2193,6685.0255,11310.3823,12338.9752,11843.6999,1454.2191,7578.6160,5708.2204,11317.4068,12692.2987,12364.5189,7635.5766,13448.1834,3265.5990,0.0000,10471.0459,10250.0010,7451.5654,13283.1868,7385.6998,3771.3221,3253.8185,10271.1827,9456.9820,10934.4345,12678.2183,360813.7456,367883.7866,359239.4572,364732.7175,359564.6910,357442.6385,362870.9464,363283.9845,362457937.5138,362459473.9785,362471066.9549,362472133.1765,13474.9422,10497.2617,11841.0305,9190.3549,6097.3666,10320.2748,4426.8970,9454.7681,9983.7847,12919.3907,8429.9693,8519.0993,8068.8484,11721.0297,9913.2730,7707.8349,2257.2304,4866.8031,5696.7507,8784.2445,9836.3002,9873.2803,13770.2503,9144.0416,2382.9563,1865.2309,6410.0909,13532.5453,8985.7475,8834.7444,3580.7991,9031.4179,11554.0683,8499.6573,4831.7658,8194.0742,8255.5195,7749.4148,7425.8882,11816.0897,5798.9217,6805.7384,4410.8914,7950.7961,7883.3626,8325.5045,8031.6464,10329.0467,13620.6783,11456.5424,3700.2062,3921.2794,13118.0367,11040.0476,13702.6799,5255.7748,9607.3847,5939.6246,13349.8224,2964.2783,12289.5691,0.0000,10126.9035,8194.4346,13397.5117,4119.5039,11639.7193,13688.8284,13527.6722,9283.3678,8304.1488,11815.5344,7804.6488,373616.0928,380631.7965,372037.1045,377547.8906,372388.2929,370216.7041,375608.4563,376063.4831,362447395.4077,362448931.3801,362460524.4993,362461590.8000,10943.3192,5069.8279,12226.0750,13336.2551,11240.1203,12835.3410,7906.2954,10152.6641,3354.8478,11706.6248,9556.9774,12410.5221,7905.5794,8023.1298,9453.8583,12830.4071,13754.8050,12314.5352,12191.3295,7102.4429,11467.9173,2690.7589,12265.4443,12767.9672,13216.7367,10581.0095,5068.5897,12042.4138,9440.7380,12796.5688,11771.7217,5173.3468,8779.3537,11501.5678,10421.4948,10457.7398,12768.1302,12776.4976,4226.0310,11614.0337,11860.2390,12230.3187,11626.5620,10760.9221,10263.7834,12295.9296,11271.0942,907.8205,7629.4780,13826.0884,12350.4227,5721.0137,10761.4571,2134.7020,13690.7726,9518.1880,10819.5796,1632.8403,13385.8061,8836.9915,0.0000,10931.1061,12761.7553,4604.3886,13321.8266,5160.8421,4077.4177,5921.4729,11984.2022,12617.7533,6101.2486,12026.8075,361809.5330,369323.1478,360314.5770,365808.6382,360772.7810,358534.9154,363998.3147,364393.7678,362460543.6990,362462079.7793,362473672.7355,362474739.0747,10641.6416,4830.2534,5482.5598,6584.4132,11581.8701,12287.4022,10950.2380,9850.8367,10176.1677,10450.9326,8635.5648,6088.6164,10694.4558,13602.6178,11826.7375,7834.4111,11567.6487,2375.2997,13410.1703,1042.4971,9908.6464,4433.3244,11783.3172,10192.9217,12269.3337,9253.8493,2322.0105,13392.4683,9908.2833,3065.4630,11611.6613,13737.9799,12583.2628,12850.8978,12735.1913,3863.0296,8460.9287,12832.1436,9953.8605,7584.0272,12506.4600,6234.9717,8781.7022,9148.6561,4047.8319,6178.5073,10668.1094,11989.6578,8659.3116,10722.8284,6891.3480,4352.7376,9702.5615,7042.3145,12478.4449,12577.9796,11156.6925,10828.2467,3107.0221,0.0000,8190.2881,5919.5913,9804.4400,10451.1846,11022.5826,7983.7261,6522.0114,6806.4692,4747.0452,12527.5125,10393.2787,364767.0872,371654.1125,363162.3899,368636.4435,363396.4016,361379.6393,366819.5973,367206.8697,362453638.7509,362455175.2251,362466768.3967,362467834.5328,12994.3212,12305.4342,13059.2259,12846.5708,4307.2711,12676.9944,2525.2929,13432.4083,5194.2719,13711.2705,5720.2335,3327.1795,8912.4483,11286.9815,13321.8951,12882.5259,11509.9549,6143.0937,10773.3506,7193.6078,12874.2880,11497.3425,10928.8506,7494.6245,9179.7243,10929.4234,10796.5536,9940.3481,10118.8837,1551.3829,8289.8915,9305.3954,11827.7613,11944.2526,11337.7789,13752.2001,4936.1172,8046.1348,8577.3245,11786.1128,8625.0938,6810.8566,6113.2316,10417.4749,12983.7883,5819.8792,10920.2978,13142.6450,9392.8982,5617.8615,12212.0870,6360.2366,13107.0229,11756.3271,8179.0793,6414.6229,12870.0635,9420.8326,0.0000,13101.7906,13375.6209,8906.4959,13252.3608,658.5260,6847.9629,8170.2330,13394.8631,12914.8669,9439.5339,13492.7036,362876.1702,370095.0181,361329.0213,366866.5273,361793.4204,359486.1697,364855.7919,365349.1861,362457149.3500,362458685.5599,362470278.3058,362471344.6975,4663.8641,2799.0339,8782.2465,13654.7643,7762.5650,12280.9960,6331.8331,12553.6846,4329.1010,10030.8999,12989.3280,12770.8631,10533.9566,5001.7409,8499.7403,4012.9523,13659.2961,4942.5019,10765.1341,490.3092,10234.5757,9772.5689,12843.0169,9234.4154,5209.2650,11457.4259,10321.3907,6501.6407,13493.7308,13152.6216,12224.4404,10334.1045,10135.8674,5497.2715,4182.9933,13494.0496,11308.0429,9753.3245,10447.2596,9081.2771,11221.6138,11639.1134,6619.9580,2454.8351,11798.2757,10028.6001,6141.0223,11108.1468,10198.8960,2683.5210,10979.4351,4603.2386,9935.3549,12736.7328,11800.1449,8266.9823,6504.1399,0.0000,4431.8238,1464.0636,9684.1231,7394.5907,13184.1162,9900.5762,8552.4520,2328.1205,1243.0967,11335.3259,6575.3749,368251.3328,375317.8297,366680.1590,372124.5196,366905.5936,364939.1920,370439.3207,370762.9942,362452536.8827,362454073.1163,362465666.5149,362466732.6229,7079.0193,7948.2513,11990.9925,10200.5347,12461.2727,8404.8094,10050.6434,6645.6548,9378.2737,11121.6736,11845.2164,8023.3456,3151.2985,8440.8777,3213.3423,12915.5095,4716.3147,12758.8949,4360.8670,7969.1843,6179.3541,10332.0713,12002.7428,3772.7281,11895.6310,6573.0966,4526.2585,12747.4656,12355.8102,9812.3538,10969.4554,10878.6377,2546.9288,5957.3621,13594.8760,7930.0050,6226.3861,9160.1625,5945.1977,8216.4310,8853.3751,3730.7425,6838.0257,13215.1196,12183.6764,3804.8264,7684.3799,10842.1787,6733.9350,12678.7889,2178.8051,11383.2855,10343.3041,13303.6174,6615.8233,8178.6799,0.0000,8076.9750,4213.1862,12272.6955,6436.6743,12429.4908,11704.7720,10725.4496,6169.9023,3460.6127,12984.2291,8198.0632,370163.3482,377008.9943,368553.3471,374036.8064,368797.0027,366757.5871,372177.6006,372587.1674,362449016.0341,362450552.3151,362462145.5390,362463211.7077,8732.3471,13889.8358,5680.5187,12047.5609,4863.0081,13486.6775,3528.5727,10934.8058,13610.0394,12319.9154,11180.8812,6569.5914,8016.7053,6454.0485,13192.6126,7006.0369,9429.2903,3236.0547,10770.7224,11128.4117,13440.4651,7480.4565,7518.1391,10255.8618,11789.7961,8657.7438,13411.1604,12627.8289,12701.2114,9111.2813,8868.3041,7963.2563,3985.5120,12696.6156,12643.6494,11536.4880,10390.3860,10973.7022,12635.4877,12908.9113,8896.4603,454.3712,10676.6586,7967.0020,7524.7455,12323.7818,10332.5904,2654.7034,9876.3314,6536.4625,8248.8767,13218.5286,10490.2907,8790.9385,7074.2462,0.0000,1971.4651,3259.1174,7902.8823,7734.3516,13207.6477,9130.4917,7937.4213,1441.7313,3899.2677,9553.9756,5407.9439,367763.7706,375031.2179,366228.2146,371657.2674,366480.1322,364513.4533,370054.5874,370339.5111,362454589.9816,362456126.0966,362467719.5599,362468785.6741,10799.1618,6504.5374,13405.2339,5046.9637,11110.4744,5698.1160,13394.6969,11911.2501,6735.2128,4032.8497,5369.0759,1420.9884,10200.2515,9565.4032,11292.0535,12684.2876,8972.3351,3359.5185,6102.9847,8496.7387,11961.1116,10804.9450,5831.2421,7598.3581,11249.1960,12338.8154,7613.3616,6433.1465,4544.2359,4530.4960,9972.6424,5379.3497,11221.2259,9273.0254,10263.0841,2375.7308,11062.8371,11043.7414,11298.3512,10564.9848,8933.3477,12794.9079,8422.7758,4579.5531,7549.3225,13833.7273,10397.0859,12931.8913,6245.1485,6030.8140,7686.1279,12184.0512,1795.3879,12789.0711,0.0000,7755.7358,7630.3671,11719.4718,1862.5540,12592.3638,13320.5958,13231.5610,7749.7449,8375.6342,9290.8043,4296.6400,374028.0225,381332.0814,372500.5666,377978.9672,372867.7082,370729.9847,376196.9696,376576.4695,362449589.7336,362451125.5017,362462718.8002,362463785.0827,12510.1346,6566.8906,12920.2890,3583.5731,13427.2387,8540.7064,2861.3497,5982.3927,8370.0149,12376.4003,11151.4095,12335.4825,3771.3460,12125.7577,9956.2269,13566.8021,8702.2269,8506.0653,3696.9545,11496.1916,11863.0895,9141.6509,7622.8693,11084.7246,3291.4108,5488.7270,5728.2989,10285.9360,10487.3657,11679.9544,13318.3969,5170.5444,5866.6681,7886.6397,9153.0804,8769.8882,6064.9928,5417.3857,10882.9320,13880.4280,8628.7489,11116.8754,11805.2111,6616.1190,9255.4561,13662.3444,9402.4508,12375.0979,10933.2058,4376.4717,8666.1326,10816.2593,11990.7388,0.0000,13605.6163,13574.4155,11067.8126,11555.1052,3762.0399,10193.1740,11302.2835,13814.4297,13311.1280,9684.9957,12731.9895,366841.0179,374054.9987,365294.6821,370845.9820,365789.2994,363434.9307,368780.0916,369302.8377,362453946.1610,362455482.1965,362467074.9316,362468141.3773,12031.7215,2569.2610,13499.4415,4535.3262,13099.5854,13410.9947,8895.1365,9691.3836,8375.2781,5176.6216,10688.0085,10371.2318,11255.5852,8891.6502,8161.6862,9126.5098,11171.4438,12067.6469,7289.5862,11510.1552,5573.3034,12122.3103,12247.6494,12375.6164,9208.8271,10843.5866,4358.1385,4067.1075,11567.1518,5264.9764,10218.4337,12951.5243,13187.5469,7623.8369,13269.4835,13655.7199,13714.9018,12215.9879,6085.6652,9695.9964,3502.3856,8584.0381,12084.2904,12099.6197,7834.9997,9572.7867,8926.2869,2964.6094,11500.3713,8897.4585,7704.8689,10817.2484,0.0000,3792.3915,7353.9304,7081.6711,6778.9778,12563.9767,10144.5987,10005.7298,5733.4671,8319.5167,5564.9458,3121.1567,369765.8604,377353.9433,368287.9378,373722.6906,368646.4917,366579.7545,372138.5869,372420.6610,362455482.6597,362457018.4328,362468611.8793,362469678.0976,13024.9404,7288.1278,13267.9041,5260.2169,5613.8090,10095.1081,12539.0037,13534.5328,13210.9781,11144.9925,7485.7332,10219.0610,5138.7001,12187.9705,12638.2826,12220.1658,9488.8968,7264.7778,10667.9881,11107.1957,11397.8080,10044.4434,3567.7134,9476.1198,10972.7059,12008.4137,12069.7997,11392.0233,13434.2570,5366.1491,9771.7159,9732.9721,12693.2582,9395.9257,8358.3222,7790.6062,10598.3299,11965.3828,3937.4866,10135.6980,13570.4271,11033.5530,3842.5879,11021.3570,4193.6688,13280.8376,11516.0193,10042.5489,4867.5150,13536.8292,7989.9986,0.0000,12173.4245,12881.3717,7090.9774,13676.0275,2989.1252,4553.0891,6072.8820,12635.0437,12425.5123,8777.1304,13235.0108,361351.9919,368635.6793,359815.7377,365333.9184,360256.9369,357998.5087,363405.2334,363857.1454,362458956.8104,362460493.0565,362472085.8833,362473152.2304,13339.6720,2303.8722,13155.2891,13612.6660,9379.6872,8576.7984,6178.4081,3879.1749,9409.6265,11287.9570,10298.0605,10532.3567,6735.9342,7981.6833,9803.7411,11828.0168,8939.5278,10350.2753,6625.4393,10954.5532,11216.0320,13224.3351,9904.5079,10373.0905,5009.2025,4727.6109,10156.0339,2920.0443,11612.9891,12193.4157,12235.6344,6821.9042,12358.9440,13093.5181,13301.7786,11004.5214,5235.7434,11313.0555,5900.0085,6447.6937,11132.8828,12691.9120,7246.0364,11078.3843,6829.5172,4603.4139,11238.7035,10670.2294,5930.0520,10771.7880,0.0000,3245.7685,5535.9796,8880.9089,4772.4632,13339.8679,11271.1985,10828.0698,4284.1259,6669.8886,7732.6346,810.3817,371282.2640,378724.0329,369778.8088,375216.4324,370100.5262,368061.2714,373603.2753,373897.7931,362453142.5806,362454678.4041,362466271.8762,362467338.0694,13231.9868,6776.1465,1978.4449,8310.0766,8248.3042,11182.5827,11713.7777,10316.3994,7018.2815,10073.8392,11147.3952,12347.5869,8705.3055,7064.0360,4102.9081,12420.8358,9600.3926,11192.0369,5643.1148,8573.0958,5258.0239,8153.7608,6283.6708,11864.5893,12013.3918,9299.3140,12943.0298,8085.4480,3292.5661,4755.8298,9900.5544,5685.6399,2633.0059,1939.6731,8271.8108,13371.1222,10151.3412,12849.4199,10694.6957,5071.6003,8628.8663,12815.0307,10493.2177,10936.7096,12564.7092,5132.6716,10468.8190,10554.6188,10758.2087,0.0000,13670.1666,12541.5794,12226.7974,11336.6358,5057.7749,10517.7008,11135.9612,13284.1345,11988.3519,11855.7052,13119.1647,366820.4399,373782.7352,365229.3608,370786.4685,365662.3759,363352.4178,368667.3074,369212.6151,362451976.3183,362453512.5446,362465105.2643,362466171.6625,12483.5966,13676.9337,10662.6334,8813.0379,4608.3628,4986.6805,7631.2472,12401.5951,8683.1864,11115.8922,4735.7735,8289.8539,9338.3886,12182.6536,9454.7755,8691.2394,8494.4861,10439.3191,9720.5043,13728.5466,11208.0728,10870.7772,6963.8251,6716.8142,8472.5126,891.0324,12700.2520,11811.1892,11341.6759,7726.5102,11280.2311,12535.4910,12860.4312,9499.0776,3795.4637,12004.4173,7682.5142,5256.6979,10892.0103,12329.7051,5810.0748,11560.2253,5107.7242,6715.1129,11719.6731,11569.4727,5891.7856,9721.4469,0.0000,2799.1464,3360.7980,9586.6614,4647.5783,13703.8207,11303.6721,10514.8733,2432.3371,4597.8000,9395.3010,2443.1793,371045.0855,378338.4415,369515.2000,374952.8885,369793.4990,367791.4279,373320.8119,373622.1321,362452169.1007,362453705.0516,362465298.5295,362466364.6841,6214.7472,12281.3551,12254.6395,11514.8597,13501.8671,7462.6369,10664.4086,6230.6319,8287.8319,9746.2101,12435.5143,10724.1691,10036.7241,9277.5882,6595.2365,13371.7703,9663.6279,5655.6639,7106.4448,12033.0440,11465.2753,13667.6422,13674.4269,7503.3687,12394.1497,9677.6698,8220.7241,6583.2969,13225.6903,5478.8917,6013.9667,5854.0011,6444.3583,10673.0627,8076.1073,12557.0541,11771.2480,9905.8117,3082.7918,9123.8663,7520.9329,10911.4640,13423.9796,10749.0420,8961.8934,12868.6516,5171.9760,0.0000,11832.8605,10809.5460,9532.6699,12989.7002,6272.4341,6161.0280,6070.4816,11314.8252,9891.9530,11982.8010,13302.0607,362006.7157,368936.5179,360407.9368,365927.3473,360748.4167,358574.4743,363948.9193,364419.7381,362455754.6900,362457291.1821,362468884.0391,362469950.3036,8355.3593,9454.9075,12228.9739,12311.5782,10962.8981,6306.7604,10500.9526,9871.5895,12810.5408,9829.8556,8650.4814,5106.5178,11444.3877,10261.0587,11069.5320,7382.7264,9262.2036,3458.7346,7975.9464,7305.9767,11944.7197,12093.2054,10241.5448,13509.6885,6744.0257,5167.8204,6250.6704,10668.7310,6801.6864,4134.6982,3344.4018,9204.8502,13508.5320,8698.0903,12292.6518,11840.2404,6766.0294,7549.8628,12856.0300,9140.6117,11995.3451,12396.4681,6051.4884,9100.8907,11593.8472,10420.9748,0.0000,13732.4737,13126.8825,11207.9496,12252.1293,3183.8482,9335.8495,10224.7808,13606.6158,12596.8003,11055.8123,13488.5774,365249.1486,372302.0202,363673.5060,369227.9617,364126.7241,361803.5669,367130.9791,367666.2388,362453917.9493,362455454.1711,362467046.8718,362468113.2793,5760.6372,10661.6981,6831.9956,13103.3099,3444.4426,13481.4488,10628.7820,12878.0140,5691.8079,7987.6126,5143.5781,11207.2505,13191.7671,3973.8677,8365.2607,13010.5426,7748.8855,1006.0356,4184.6268,5237.9394,5522.7361,12736.7565,10662.7081,6047.8180,8350.6934,10557.8155,4711.9580,11595.5494,9854.6007,9606.1437,12587.1866,12492.7161,9818.3721,7892.1900,9898.0591,7343.9435,12343.9088,13261.0868,10635.1789,11141.5870,6507.6213,4348.4598,9128.4653,7598.3502,13644.8111,0.0000,11280.9602,12212.1213,10607.5932,8228.1256,8395.9297,11876.3880,12761.3564,11995.4752,12544.6740,6969.8954,9038.2294,370950.2085,378419.9801,369451.0251,374966.7068,369946.0724,367643.4698,373065.4421,373509.1259,362453007.8725,362454543.5850,362466136.5873,362467203.0112,6604.5695,5250.5433,10401.8878,8239.0649,11321.8651,13401.4182,10546.9342,682.7174,3084.8683,5211.5487,13369.0545,10568.0873,7336.6261,4393.2433,10519.1160,10717.9497,6622.5784,3075.4802,7001.9319,7138.1091,9506.7067,8336.8624,10568.1860,6040.3520,7848.4392,2836.8947,9131.7450,8327.4701,8574.5520,9638.0578,11255.9642,13052.1185,10672.1956,5469.8186,3976.3501,13379.7889,12087.3858,13354.2142,7114.1026,8657.7633,4443.8407,12649.4370,3426.6721,13178.2845,0.0000,10648.0398,9581.4659,13091.3910,4692.6829,10972.6233,13706.1296,13846.1394,10276.8562,9820.9871,10772.8353,7935.8155,373753.3244,380891.9349,372196.1473,377712.1239,372594.3472,370374.7836,375768.7694,376228.2567,362448210.8669,362449746.7287,362461339.8105,362462406.1584,5843.9047,5844.4903,12476.0568,7321.9657,13110.3263,4999.8578,6321.9742,5893.7012,10289.3746,12095.6405,6647.5174,10127.3542,7029.7948,7445.5682,13433.0419,11341.3297,9062.0023,8880.0293,8765.7031,5633.8018,3757.2763,13478.3849,8887.2126,8193.7120,7091.2721,8387.1302,9897.9763,10442.5790,6698.0491,6518.2810,13594.5208,10870.4627,1253.3166,7874.3409,12508.1146,7421.4410,13223.2315,1005.3190,9502.0005,9967.8219,13396.6113,4111.7573,10044.3677,0.0000,6886.0714,3755.4712,12231.3258,3611.4839,13315.5861,12685.4009,11890.4851,5284.3027,4061.4498,11964.5396,5776.2490,372352.4842,379355.9398,370771.2730,376242.8972,371036.2322,368995.9653,374447.8502,374827.8588,362448609.9577,362450146.0421,362461739.3684,362462805.5495,10379.1405,9556.9655,11400.7484,11970.3812,8753.7905,4584.5524,7286.2594,9243.5646,11082.0986,11065.9308,5092.5761,8677.6546,11600.3368,12373.2736,7629.2336,7301.7100,3534.7976,3447.1296,10409.5424,4876.5168,10912.7452,10169.0453,11035.3281,3141.7857,11691.4719,11741.1526,11946.6678,11045.9138,8273.7903,12197.4726,7247.9160,5313.8049,8605.2325,13627.3710,9896.0967,12314.3815,6714.1545,4810.2218,8444.4762,11511.0807,3032.0738,12525.4328,0.0000,6799.6424,7416.0700,10825.4652,2526.9217,12640.3975,12786.0476,12703.7626,7149.1788,8292.2467,8323.5438,3154.5095,373454.1252,380838.8681,371940.9145,377408.6635,372309.2700,370186.0597,375676.4578,376031.7275,362450757.8994,362452293.6403,362463886.9842,362464953.2552,13446.3624,1622.9619,11324.0275,3544.2971,10357.4891,8589.4516,11603.0740,10568.7389,1247.6651,12982.8192,8519.2563,2638.5773,12284.6171,13403.3103,11599.5346,12242.7885,12129.7684,1941.2725,7235.9576,13407.1827,9079.6829,6742.0721,11294.3421,5676.6181,8421.4624,8947.9743,2873.8737,6074.6955,11976.7204,12235.5626,6687.9429,9508.2293,8707.0618,4934.6609,11176.1474,4948.9590,12179.8855,11810.0916,12298.2202,9195.6033,5359.0688,0.0000,7968.9505,4633.5005,11016.9605,8860.2005,11791.2743,9747.5340,8457.0831,6157.6677,3344.1467,12936.9259,9470.7268,367073.1731,373911.9270,365460.8638,370937.6679,365687.6683,363672.6631,369103.1770,369499.1601,362451446.1025,362452982.5197,362464575.7226,362465641.8616,13412.1646,8965.2837,13706.5870,8319.6095,9581.4606,5312.4889,10266.1871,13300.7206,6133.1365,9356.9482,12875.8709,4751.0534,2533.9691,5929.8508,7666.9523,7901.6311,13157.9857,12479.0372,3149.8626,8414.6895,10441.0483,7800.0114,11263.1928,9116.5884,8614.9190,12700.5521,13304.4472,7700.3350,8461.1592,11895.4637,8303.2111,10457.7540,13576.1317,8741.5640,12728.7921,8214.7649,5173.4015,7212.0744,10206.0933,12842.8270,0.0000,12400.8080,13449.7017,9627.0411,10757.1007,5549.7737,10174.1475,11446.6503,13180.5243,13534.9267,6812.2406,11136.7622,367809.8423,375279.2599,366309.4271,371837.3300,366829.8061,364487.5516,369890.6753,370357.0974,362455348.8377,362456884.6633,362468477.5338,362469543.9816,10605.5040,4501.0847,11313.0806,9496.1822,11860.9019,10029.0969,1291.7556,13466.8635,9186.2581,2175.7621,11709.3750,13666.1680,12154.7354,12899.4083,12795.4459,2869.7063,8404.6150,13064.9154,9326.2119,6838.4502,12200.7662,5496.2148,8227.7411,8669.1726,3078.2873,6607.3096,11253.7861,12413.7325,8103.4433,10081.0609,7441.3113,5003.4174,10369.7585,6467.4501,12688.4195,12180.3051,11717.9680,10398.7703,4050.9767,0.0000,8570.2907,5842.7983,10529.5048,10101.4094,11129.2399,8740.8050,7393.4375,7020.4911,4592.9007,12937.4491,10437.1526,365486.0858,372322.3832,363872.6645,369352.7085,364104.9177,362080.7112,367506.5768,367908.1465,362452644.2999,362454180.7776,362465773.9315,362466840.0741,10855.6212,13232.9651,13748.8952,12092.4528,2508.8854,11379.4194,9692.0689,13534.3326,11396.6084,7514.5505,10128.3208,12658.1303,10274.5185,10229.4796,12279.2531,11597.6455,6381.1629,12711.1869,12502.4402,12567.9246,12032.2193,11853.7913,11507.1658,12042.8165,9469.6307,1801.1531,6683.8551,13399.4368,13303.0150,5684.0857,8947.2935,1003.8100,13030.8076,8986.8979,12226.5997,2131.5540,13266.7914,7551.1937,0.0000,9188.9220,11452.5210,2234.7429,12938.6343,7382.4682,2729.5686,4219.3524,10394.5945,11380.7691,5840.9169,11002.6899,361642.4252,369177.7872,360151.4319,365620.9773,360563.9720,358401.3667,363905.2068,364252.2424,362461022.5616,362462558.6633,362474151.7561,362475218.0313,10276.2448,9644.6209,12755.9715,9403.3389,4750.3218,11704.4698,10132.8170,6062.6358,13413.2908,13253.1420,12202.9504,10619.9287,10431.1186,5062.0526,4536.6970,13551.2783,11088.6558,9431.7656,10587.6277,8712.5957,10938.8014,11372.5277,6192.6107,2872.0460,11857.5038,10347.9136,6140.6548,10955.0066,10026.2157,2764.7110,11027.1610,4509.7851,10262.9586,12685.7617,11903.2914,8377.0984,6281.3189,0.0000,4884.1791,1695.7758,9863.6987,7562.9454,13078.1110,9881.9089,8509.9863,2807.9718,1019.9563,11586.7032,6952.8176,368105.4531,375139.7410,366528.4826,371976.0033,366751.1076,364782.4987,370275.0016,370606.1653,362452377.0131,362453913.2738,362465506.6534,362466572.7618,3529.4247,5697.8774,13096.4411,10600.3673,6907.4965,4917.0685,10636.2862,10922.6977,6587.0786,3517.3009,6452.3159,6576.6286,9569.3741,7833.7249,10570.7555,6578.1991,8248.2569,2260.1710,9451.8747,8778.5576,9023.1909,9783.1775,10866.7297,12949.7654,10221.0406,5200.1382,4573.1392,13436.5063,11803.7305,13235.8124,6904.8278,8124.7067,4894.1965,12502.7593,2882.6024,13109.3636,0.0000,10160.7684,9242.4573,12816.7330,4123.9299,11186.9992,13611.3410,13725.1086,9852.0813,9564.5896,10426.0490,7324.4766,373849.3041,381020.6147,372297.9873,377807.8651,372692.7768,370485.1383,375891.5531,376337.7379,362448438.0873,362449973.9272,362461567.0449,362462633.3838,5426.7878,13787.3327,8529.2700,9750.0587,1742.1744,8293.0419,10731.6897,8648.3351,4485.0618,9386.4114,9473.1670,7277.8123,8708.6014,11562.3835,4088.0872,5261.4585,5689.6276,6612.8541,6273.1615,6753.9514,7252.1323,11078.9229,13451.1386,12291.4611,4902.6625,2309.2702,12448.3288,11439.8421,13546.0294,5992.1741,10715.3072,5237.9539,13319.1015,4755.9819,11979.8959,0.0000,11140.8530,8981.0488,13668.2726,5834.4703,10749.5080,13436.1236,13337.0809,10209.5925,8827.8581,12388.2582,9254.2429,372687.0424,379620.5059,371093.1005,376618.1088,371450.4447,369252.5737,374614.8653,375101.0344,362447377.1703,362448913.2267,362460506.2488,362461572.5668,13031.2965,11263.5503,8608.4477,4785.6060,10620.0261,6748.8394,5292.2342,2456.9240,9321.8854,9533.7039,10594.7064,11878.7744,7779.8517,3851.9908,6704.3380,6720.4548,8105.8536,5632.6047,5404.6316,10018.8593,13443.9960,11125.7480,11601.0679,9449.7231,3503.4051,11315.2205,13574.7460,11711.6994,10409.7658,10541.3468,1094.5774,10982.7517,8216.3251,12849.7196,0.0000,13114.4354,12405.7183,12659.4435,9234.9913,7071.5287,12262.6829,12945.0274,12984.0888,12246.9726,10712.6796,11429.5642,370241.0586,377359.3393,368678.9874,374228.4686,369142.4605,366817.3349,372156.5743,372681.3023,362450561.8559,362452097.8317,362463690.6473,362464757.0758,10883.0939,9494.4038,13830.8151,11212.7827,9489.9376,10894.9713,13192.9375,9651.5958,9532.5564,11802.8748,10045.1165,8112.1225,13426.6313,12985.6059,12292.1225,12436.1318,12765.5992,12563.5728,11852.7404,7564.7684,4211.7508,5691.2236,12545.1131,13761.5838,6857.4350,7278.4143,3355.5626,12058.6394,8107.0542,13027.8697,4084.0357,12594.4654,7082.7091,0.0000,7185.3657,9952.5323,873.1625,12029.4433,9359.0825,3763.3566,4127.5898,8593.1692,10042.2144,5736.2475,9530.1936,362607.9338,370159.0968,361120.3960,366568.5784,361493.2096,359395.7221,364933.5522,365239.4810,362460574.7458,362462110.8231,362473704.0552,362474770.2782,13406.0713,8208.7734,1421.6181,11791.2483,13440.9751,11503.7579,12810.4166,12722.2037,1612.3532,8292.4295,13252.0048,8504.5291,5935.1668,11681.0338,4682.1958,7575.1863,8108.5914,1928.7948,7142.7999,11897.9901,12796.5687,7342.9506,9198.0464,8186.0748,5841.9436,11122.5387,5737.4146,12802.0490,11580.8502,12314.2200,9750.0486,5238.5615,0.0000,8979.5946,5821.4075,11316.6017,9561.9303,11241.2314,9634.1256,8430.7715,7292.2873,4557.6799,13303.0866,10389.6851,366498.4751,373288.2189,364877.1711,370364.4076,365111.5087,363074.7771,368484.9532,368903.0523,362451439.7871,362452976.2520,362464569.3864,362465635.5410,10548.2081,13619.8936,9871.1437,4287.1137,7285.4518,1858.7260,2112.0660,13135.7239,8768.3071,7198.3201,11006.9786,12503.3812,4958.9326,13191.0389,12265.4108,12122.8880,13341.1793,10544.9035,9454.6981,4698.2798,9643.8186,9901.9667,12774.0981,11784.9118,10070.4965,10762.0771,2762.6449,7829.8587,8479.8050,7344.0250,13239.0454,0.0000,8761.8678,10872.9428,8881.0147,7337.0791,10411.0821,11383.4894,12049.6054,10050.2005,11543.4766,4595.1356,6436.0246,371007.4830,378639.5460,369537.4504,375015.5802,370000.7625,367780.4633,373274.9510,373638.9251,362454525.4160,362456061.0465,362467654.2593,362468720.6172,7691.0453,9853.9897,8867.5666,4691.4725,10414.6502,10516.1887,7050.3096,9848.8652,11225.5762,2463.3697,3856.4204,6973.4806,5408.6549,4683.0112,5190.5995,6689.4116,11694.9350,13106.8357,12906.3643,6217.9233,1357.0432,11655.4817,11740.2290,13208.2582,6922.8485,11619.4528,4954.6451,13110.5883,6362.0817,11585.9985,0.0000,11961.1457,9741.5135,13727.5887,7364.7805,9793.5608,13013.0194,12985.5100,11011.0885,9381.6191,12772.1683,10482.0678,371494.9827,378369.6591,369890.1767,375426.5822,370254.5327,368033.7919,373373.0696,373883.7951,362447775.4661,362449311.6019,362460904.5373,362461970.8696,11043.7189,13204.8951,11131.0321,13194.2329,13137.1256,2091.0852,9316.9363,12864.5954,7654.6297,4896.9849,11856.2487,3451.1318,6434.1527,6967.2439,1256.8382,8301.5386,11723.8913,13241.2830,7956.5087,8641.0029,7682.3206,6958.6337,11022.7907,6563.2804,13271.0798,11055.6521,12219.3205,10164.9254,5482.6511,0.0000,10003.5839,7053.6558,11599.7021,10146.8548,10448.0678,9556.0988,8536.8391,8467.4714,5842.7933,13519.4607,11220.5124,366053.6009,372807.1221,364425.5866,369925.8270,364676.6214,362606.5400,367993.4557,368438.0546,362451409.4305,362452945.9244,362464538.9774,362465605.1582,7045.4409,8505.5193,11067.0903,11215.0320,12054.8271,13782.3460,3789.1960,8041.9607,9090.1502,11060.3032,9392.1445,7282.2477,6569.4615,11214.1305,13383.0882,5993.9543,10447.6372,13138.4569,9124.3620,6940.6877,12855.8074,6801.5510,13328.4460,11114.8330,7341.6674,6321.1465,12502.9624,10513.1101,0.0000,13236.1636,13736.2448,9087.5886,12951.5517,909.7724,7691.1789,9109.9329,13677.5271,13401.4149,8804.8108,13238.0041,363827.5497,371117.1937,362293.4309,367832.6685,362783.0546,360451.2874,365823.3879,366317.6635,362456947.6959,362458483.8101,362470076.5568,362471142.9753,4782.7822,5759.8954,6036.9375,13083.8603,11253.3929,5169.4597,8589.6746,10775.1584,5671.8454,11754.4127,9887.2563,9561.4963,12857.9406,12794.1642,9195.5940,7831.5955,10633.9265,7817.3426,11959.9851,13455.2878,10100.5641,11770.7507,6782.4356,4653.0400,8509.9132,8468.0168,13571.1634,0.0000,11609.5514,12691.4271,10259.0407,9053.0557,7747.7661,11455.3155,12471.7386,12408.2194,12977.4446,6643.4056,9629.0381,370114.6678,377610.3166,368619.8084,374137.8095,369127.3908,366810.5615,372231.0230,372677.8900,362453843.3434,362455379.0666,362466972.0369,362468038.4714,7721.0709,7937.8353,10662.2459,10535.9582,8628.9940,5030.2472,7655.7210,4487.5026,9074.2557,7248.7986,7224.0505,10401.3553,12761.6351,11915.2239,10839.0432,8071.1411,3513.4915,12557.7060,13280.6422,12460.2107,9394.1053,9249.8257,1472.5113,11567.9780,6266.9660,13423.9966,0.0000,12157.7646,11541.7925,12803.5559,7378.6899,8884.4115,13074.2049,13601.7437,12067.0672,11611.4234,10296.2683,9862.7228,372171.4688,379348.7353,370620.5730,376156.0686,371071.7116,368777.8240,374144.0832,374639.4418,362449611.2908,362451147.1601,362462740.0912,362463806.5009,314.3854,12472.2862,7240.0824,8680.0026,11238.4040,12466.6234,4393.3681,13092.1473,12571.1776,12546.1005,12866.4249,9428.5162,10321.2635,4730.2943,8457.7880,9969.2283,13169.9875,10916.4422,10720.7873,9599.8215,2028.7761,8510.1356,9396.1027,6196.6896,12979.9218,0.0000,7527.7266,9612.4166,9158.1560,5951.3610,11505.6059,11766.3601,12143.1961,8757.9598,10423.9068,5436.6377,4745.4906,371846.9241,379439.6503,370370.2337,375837.3205,370798.5742,368624.5759,374133.1493,374477.7106,362453651.9519,362455187.5936,362466780.8918,362467847.2103,12398.9866,7015.4428,8837.0986,11365.8649,12523.9278,4540.5088,13116.8267,12669.9196,12656.1913,12820.9455,9192.5578,10331.1259,4598.4503,8379.7607,10106.7769,13151.0305,10714.6936,10695.1610,9488.3173,1845.1017,8733.6573,9408.3151,6184.9615,12867.6792,0.0000,7260.2809,9414.6269,9055.6225,5872.2403,11636.1603,11709.4208,12046.9164,8519.1581,10248.6614,5432.2689,4481.7376,371805.7107,379398.8614,370329.1030,375793.5180,370751.9151,368586.5813,374099.3798,374438.7632,362453708.1893,362455243.8359,362466837.1490,362467903.4598,7935.3399,13489.7124,7686.4100,5206.3252,10849.9698,4287.8148,7160.0965,7796.3129,1422.7648,7630.9785,12683.6438,13053.2267,6204.9206,8158.4432,9316.5717,6745.9443,12037.5205,4689.0396,12706.8762,10859.2581,13003.7274,8732.4371,6720.9250,0.0000,9255.1019,5706.4680,12155.9526,8662.1963,11575.9854,10751.6019,9694.6061,7452.5095,4545.1933,13586.1373,10071.7717,367995.3023,374756.4146,366369.4810,371862.4362,366608.1391,364559.1063,369957.3313,370388.4583,362450000.1861,362451536.6070,362463129.7386,362464195.9068,12939.6532,11336.4788,10831.0807,7474.3516,10812.8474,12133.2762,12502.9038,9002.3059,4172.4090,12415.2290,8333.8240,4434.9917,10369.5991,12461.3146,6018.3217,11981.5764,4295.4453,7213.2703,11424.1868,12020.1960,5333.4272,9810.5711,0.0000,3579.9315,2993.9500,10180.7432,4100.5700,13742.9211,11662.0254,10851.7435,2699.8444,4215.5312,9943.0712,2835.9330,371472.7854,378710.7084,369933.1485,375376.0178,370206.1244,368201.0583,373717.6826,374031.5548,362451360.8658,362452896.8367,362464490.2971,362465556.4534,10064.0675,11392.8221,9923.8625,11780.8118,10014.0488,9443.1182,12995.3554,12794.7319,4888.9349,7640.0021,13167.5545,10394.9465,8650.6453,12793.3552,6113.8652,13616.5158,8474.3908,7855.4874,4449.4760,11920.9211,11560.0565,0.0000,12000.3675,13593.5265,7435.2232,12189.1023,4490.1173,7861.6480,9434.4634,13028.5757,13611.0349,5642.2616,11682.0457,364966.2185,372509.3420,363477.8398,368993.1505,363991.9972,361673.9786,367104.2471,367541.6362,362458201.7481,362459737.6488,362471330.5354,362472396.9551,3070.0984,8322.1409,4689.5368,2625.8594,2947.9401,6906.5567,12524.5102,12046.9981,13132.7666,8239.4684,2225.3359,10355.8890,12243.2837,12229.3198,8667.1810,12258.2179,4542.2119,12200.3866,8315.1747,11154.5357,0.0000,12874.0197,11001.6019,13297.6777,9240.2402,7914.1292,12064.9631,12269.2562,12108.5763,10494.8086,12622.2757,11826.9740,369538.6090,376412.7946,367932.9670,373482.1837,368324.1361,366061.5306,371380.7543,371915.7902,362449219.0380,362450755.2353,362462348.0579,362463414.4206,9968.2849,1721.0375,2303.7622,3105.0984,4163.1502,11317.6328,12151.2524,13704.0471,7932.2375,4598.0219,9153.9675,10620.9802,11990.1712,7646.7735,13161.8306,7339.6207,12507.1196,9083.1297,9173.5073,0.0000,12224.6836,9702.8986,13057.6481,9704.0256,8679.7725,11264.7721,11048.9180,11072.3874,8888.4208,13461.1179,11981.9705,368130.1327,374884.6666,366502.8338,372040.8600,366834.9092,364639.5465,369966.5427,370484.9213,362449490.8444,362451027.2066,362462620.0775,362463686.3729,11015.5156,10309.6291,10442.5276,11157.3512,10574.5306,12345.5657,8611.6301,6143.0041,6512.6616,13730.5880,11794.9150,12715.6146,7824.8025,6240.3566,5775.6238,11710.1300,3245.6252,13470.3092,0.0000,9395.3399,9451.1537,11922.7923,4005.8131,11434.6328,13366.2517,13593.9594,9576.3386,10012.7202,8921.0656,6171.1268,373838.8841,381169.7641,372316.0023,377812.5626,372729.4721,370525.2993,375966.0120,376379.3173,362449806.2192,362451341.9495,362462935.1340,362464001.4756,3207.2133,3872.4340,2986.1376,10703.1717,11840.0640,13812.5987,8381.8322,6201.9340,8180.5413,9709.7209,11498.7480,7694.8234,13553.0909,8744.4502,12315.2194,9913.4051,7858.3557,0.0000,11894.3267,9266.6064,12613.5641,10337.4130,8850.1758,10480.6305,10063.0639,10643.6928,8287.9754,13650.3561,12203.1103,366862.1043,373590.0152,365229.6508,370760.0422,365537.3545,363374.2412,368711.3489,369215.6866,362450344.3348,362451880.7778,362463473.6719,362464539.9346,823.9088,6019.1833,12449.8194,11198.4640,13589.2197,9546.5406,4781.5941,8508.1916,11710.6252,11227.8218,9464.1364,13239.4866,6508.7942,11606.8993,10132.5729,9680.0374,0.0000,13145.1363,11252.4415,12738.1711,10836.8243,6875.0682,10749.9899,10912.7995,12334.8164,10511.0103,12972.3920,12870.2650,367066.9101,373885.8857,365450.5466,371000.9016,365827.3167,363575.5517,368888.8916,369427.7536,362450730.7380,362452267.0757,362463859.8500,362464926.1934,6650.0723,12736.0478,10749.4114,13437.3348,10080.6359,5097.6149,8229.5259,11988.1386,10846.8692,10043.7141,13179.1234,6343.8337,11174.0913,10496.9252,9794.2935,0.0000,13355.0353,11702.7656,12501.1424,11203.6968,6162.9895,10468.4544,10769.3110,12672.5655,10990.7947,12692.9157,13097.5985,366626.1529,373480.1501,365015.8062,370568.6675,365407.9763,363139.3626,368451.8839,368993.7947,362451326.9954,362452863.3199,362464456.0690,362465522.4268,8568.1401,12290.6002,13362.3928,7098.1516,7737.2669,8585.8994,7508.7999,11690.5286,5813.8150,13125.7457,10415.7331,12702.0440,9351.0628,6577.5503,0.0000,10127.7593,6914.4532,12179.1925,9428.9624,10682.0660,10390.8014,9473.6525,8508.4590,5769.6323,13666.1553,10920.2313,367234.0254,373969.8918,365603.3303,371107.7207,365858.4729,363778.6092,369157.0598,369611.0307,362450314.4751,362451850.9309,362463443.9832,362464510.1751,10714.8328,8294.7136,7508.2371,12264.0058,10129.8690,2248.5933,9880.5267,6416.5965,8600.6629,13254.6105,10578.9031,8911.0393,6741.3592,0.0000,2414.0482,3088.3911,8018.2319,7884.1227,13150.6121,9038.6146,7780.2811,1536.5061,3603.1794,9819.6951,5749.6593,367564.5310,374802.6273,366023.6723,371454.2918,366270.2127,364305.8807,369842.1578,370131.3380,362454505.1925,362456041.3365,362467634.7889,362468700.8995,7205.1040,13735.3428,12726.1371,5695.1719,10213.6467,1390.1171,13531.6081,9269.8575,11320.9415,1221.6477,13374.7588,8459.1190,0.0000,10368.7582,12380.5096,3764.3427,13220.0036,5945.0607,3553.6720,5361.0912,11495.7949,12268.1700,5848.5197,11685.2715,361709.5590,369241.0150,360217.7877,365703.2362,360662.9102,358448.9561,363927.4587,364305.4054,362460820.9011,362462356.9827,362473949.9854,362475016.3046,10931.0420,12574.6389,11044.5509,9411.2409,7427.5063,11305.3421,2839.3738,11127.9977,6173.8391,9722.9951,11064.2200,0.0000,6411.6428,9928.5926,5115.5409,9159.2088,10755.4881,8680.9631,9183.0086,8397.8691,10604.2308,2241.3988,6304.9587,367650.5254,375364.9086,366194.2074,371640.9237,366614.7348,364477.3224,370028.4227,370327.1570,362457997.5389,362459533.2836,362471126.6079,362472192.8861,6990.6206,12865.1685,8439.8724,13485.1596,1973.8953,9330.7095,9065.0543,13492.1563,3088.8961,10789.6023,0.0000,7620.7068,4919.1020,12601.6712,2916.0502,13081.5391,13103.7330,12470.6186,6268.8517,5221.0146,11896.5110,5925.2965,373030.3940,380042.3631,371450.8186,376930.8560,371735.9670,369666.1089,375105.6503,375501.5275,362448073.1965,362449609.2359,362461202.5259,362462268.7351,11740.2969,12378.8831,12967.6482,7877.1400,11256.5077,3658.1893,12674.2457,6559.9266,12116.4816,0.0000,12320.3266,10528.7287,13576.4411,7648.6322,9166.9468,12989.6441,13160.5418,11605.0235,10254.6195,12257.0617,10651.8573,371494.2819,378432.9832,369900.7942,375442.2042,370294.5023,368041.2156,373378.0446,373895.5212,362448235.9791,362449772.0575,362461364.9585,362462431.3216,8608.8590,4891.3868,12032.1083,12503.7768,11875.2617,6732.4638,13674.3059,4610.2666,0.0000,11040.6200,11130.6903,7151.2437,13591.3085,6195.7868,3306.0850,3598.3258,11055.4941,10424.0452,10390.5282,12997.9207,360554.0234,367680.4122,358989.5416,364490.3036,359346.9168,357186.3647,362607.9284,363032.6368,362458505.6923,362460042.1143,362471635.0391,362472701.2948,9197.3922,7032.7440,10083.3961,13566.4841,10335.8304,10166.5020,4711.2058,0.0000,4455.8782,4019.7618,7884.9030,9323.3829,12482.0460,7903.6161,6352.7856,3512.5749,3736.8395,10586.5462,7715.5055,365762.8646,372908.5424,364204.8032,369643.2380,364439.9778,362474.2159,367991.1834,368298.7272,362455127.5272,362456663.8057,362468257.1839,362469323.2879,13092.1538,9574.4616,11930.0736,2259.9524,13416.8644,7305.4644,0.0000,9760.1473,11690.9554,3174.9581,13168.6861,6597.4828,2252.7879,4032.0859,10795.0380,11518.5581,6448.4871,11506.5770,361294.0271,368778.9096,359793.8009,365272.0689,360209.5750,358031.5627,363517.8701,363883.6524,362460834.3923,362462370.5361,362473963.5766,362475029.8620,10132.7551,10191.0024,13423.4061,4949.1117,9425.3186,0.0000,7124.1257,3531.9552,12248.3552,4548.9874,13144.7807,12399.2138,11517.4089,5330.4411,3516.6512,12335.9611,6507.6437,371703.5566,378653.4671,370112.6316,375586.4797,370366.6249,368332.4650,373776.2939,374162.9320,362448687.1122,362450223.2620,362461816.5659,362462882.7379,9857.6793,8284.4127,7566.9704,12231.2930,0.0000,6530.1095,9428.2112,7607.9177,7067.2155,11500.2365,10670.3465,11033.1284,8187.5109,10262.2875,4072.6994,4678.6519,370369.4555,378028.0670,368904.1190,374357.9804,369323.8535,367176.5556,372711.3497,373027.2009,362455415.9180,362456951.5855,362468544.9266,362469611.2196,11064.3672,7525.3953,13204.8693,0.0000,12759.2875,12200.8080,12624.8181,8571.1495,7732.5563,12575.3243,13239.9833,12707.4510,12155.8974,10325.4956,10800.4830,371027.6252,378193.6874,369474.3322,375018.1487,369939.8591,367621.3125,372973.4668,373485.2491,362450359.6794,362451895.5930,362463488.4534,362464554.8805,12906.7578,9117.0829,0.0000,9962.3223,12272.6895,3429.3113,12728.5562,6427.9537,4449.9595,6090.5357,11268.4055,12287.9489,4691.4303,11038.3620,362570.0600,370163.2580,361089.7178,366570.6698,361544.1495,359328.5194,364818.5958,365185.7417,362460672.3411,362462208.3453,362473801.3846,362474867.7101,12407.6484,0.0000,8193.6054,7059.5715,12440.8387,1341.1285,12661.2167,13552.6680,13318.0456,7671.7395,7631.0984,10531.0849,5205.6128,374124.8684,381299.5944,372574.4232,378059.8869,372918.5344,370790.2537,376235.2952,376634.2613,362448440.4781,362449976.3364,362461569.6048,362462635.8745,0.0000,8427.6395,7747.3738,7723.5916,11992.1926,9882.4663,5297.3621,3652.6939,7830.9177,6889.5807,11342.0160,11149.7062,362309.7637,369341.5961,360729.6400,366199.5218,360995.5433,358958.1980,364418.6063,364789.5550,362456677.3722,362458213.8366,362469806.9767,362470873.1290,0.0000,0.0000,0.0000,0.0000,0.0000,0.0000,0.0000,0.0000,0.0000,0.0000,0.0000,0.0000,0.0000,0.0000,0.0000,0.0000,0.0000,0.0000,0.0000,0.0000,0.0000,0.0000,0.0000,4369.5109,7425.6698,7071.9731,13163.7977,9463.1253,8608.5458,2322.5692,5301.0635,8228.0147,3937.6989,368603.8279,375992.3406,367090.0917,372516.9786,367373.1446,365382.8575,370937.4334,371212.9819,362454891.8716,362456427.8601,362468021.3442,362469087.4855,10302.2859,6128.2475,13500.7621,10822.4777,9636.2390,2132.4169,1323.3135,11313.2184,5640.6829,369670.0802,376746.5556,368101.1733,373547.4802,368333.9570,366358.3225,371855.9858,372183.4193,362451489.7271,362453025.8937,362464619.3087,362465685.4288,11921.1712,9032.8348,4091.4911,4753.5017,8935.6231,10443.8060,4954.8530,9442.0954,362917.9676,370506.2890,361437.1488,366888.5873,361827.9572,359710.1647,365245.8388,365556.5585,362460596.9425,362462132.9741,362473726.1905,362474792.4331,13080.8942,13245.9407,12893.4669,6572.9780,6872.4565,10222.9406,4042.2122,373831.1830,381040.0107,372286.8079,377759.8919,372614.7986,370518.4708,375985.7261,376359.2779,362449038.2592,362450574.1184,362462167.4517,362463233.6936,7247.0762,8600.6447,13503.8779,13088.3837,9213.2062,13374.9593,363333.5886,370575.4647,361790.7395,367329.7051,362265.3383,359947.0471,365315.9730,365811.4823,362456962.5962,362458498.7679,362470091.5114,362471157.9149,1946.4068,10116.5769,10452.2346,8131.5462,11723.3405,360709.9653,368061.8099,359185.8014,364661.5905,359556.6477,357421.1152,362900.7036,363267.1698,362460285.4147,362461821.6882,362473414.7426,362474480.9853,8993.4170,9178.5130,9082.1700,11317.8279,360958.6293,368233.1991,359420.9533,364886.8557,359748.4766,357664.5367,363152.8236,363503.9826,362459586.5965,362461122.9322,362472716.0533,362473782.2501,3134.5826,10007.1320,4666.8484,369072.3785,376295.5056,367529.3956,372962.9277,367778.0916,365807.5340,371337.6472,371633.6570,362453194.6370,362454730.7284,362466324.1954,362467390.3147,11809.4564,6768.2981,368915.7776,375917.9477,367333.3480,372786.6913,367559.0087,365579.2322,371059.7921,371403.8699,362451447.6741,362452983.9203,362464577.2845,362465643.4036,8025.0873,366701.2812,374430.2746,365247.0578,370710.4684,365706.8221,363511.3541,369037.8726,369367.6828,362458706.4253,362460242.1760,362471835.3832,362472901.7094,371921.1647,379341.0880,370413.9855,375856.4252,370739.4499,368689.9605,374222.6249,374527.4988,362452435.7356,362453971.5442,362465565.0029,362466631.2059,28175.8739,5031.2169,5992.9511,11517.8824,9199.5115,15430.5489,9029.5279,362746936.5632,362748486.6848,362760072.7624,362761138.0371,24003.1905,24552.5233,20769.1286,22314.2496,17800.0127,19720.7250,362735415.2949,362736967.0835,362748552.4975,362749617.5807,6537.6607,8062.7697,5035.8017,12172.5326,5911.6608,362742813.4568,362744363.7665,362755949.7784,362757015.0275,8758.9757,10992.2256,15278.7325,7816.5514,362748329.1243,362749879.5996,362761465.6971,362762530.8630,10647.8867,16014.2113,10020.2522,362740713.7489,362742264.3774,362753850.6295,362754915.6863,8758.9757,5976.0795,362739335.8301,362740886.1801,362752471.9859,362753537.3110,7508.0255,362740225.0908,362741775.8394,362753361.1952,362754426.5982,362743707.0154,362745257.6322,362756843.3689,362757908.6477,23806.6831,29196.4890,22449.1640,23787.6156,20005.8187,9283.7639,
2100.000,5487.9882,13391.3809,10575.7733,12880.4052,8462.0202,4807.8968,8546.3779,6014.5850,5356.7657,9174.5242,10560.3710,10692.2097,12037.2945,13028.7073,9969.1029,8148.6028,13229.4398,10833.4256,8785.9071,13240.0744,10537.7524,4232.2910,8675.0402,11327.9895,7480.0599,12553.3076,6766.4331,9566.3407,11987.8358,6925.4000,11665.9981,5493.7935,9255.8267,12470.3760,6023.5444,8636.8570,7453.4172,13714.8704,7298.7625,11785.0073,12790.5035,10531.2951,12822.4866,9306.8548,8021.6950,9211.3479,11260.8138,10964.3688,4703.0787,7070.2870,11308.3934,13178.1884,13477.0101,4352.1751,11449.5974,9438.3860,13278.4805,10451.4326,10741.8221,10915.6019,12421.7206,6802.7461,6592.4238,10437.2662,6500.5629,10783.9179,13619.4512,13622.4241,11511.8054,12088.3989,13763.2286,13225.9524,12595.9946,7600.5880,8214.5586,6123.4894,10003.7650,13341.2783,10122.2717,8009.9528,7541.4916,9502.6951,4977.9475,13490.7982,7879.5791,10095.8755,8976.0089,0.0000,3367.3873,7848.5443,4724.5478,11070.3152,10973.3322,7722.1515,6485.4495,5291.5383,8340.3211,7138.3514,5817.4246,364290.9133,371883.7092,363058.7061,368403.3320,363237.9177,361247.9394,366590.3156,366755.9836,362459603.7640,362460652.5986,362471981.2181,362472962.0634,13486.5082,8777.8286,13722.0665,10176.6073,2207.4352,4004.5846,6144.3061,8426.6009,10366.3631,7034.3221,9796.6329,9795.6196,10821.1678,12768.4851,5619.4761,12309.8402,6927.0979,10248.2719,10612.7200,13010.6115,4707.9952,5522.0066,12789.6059,2728.2296,13702.5091,4209.0146,7943.5089,9284.1814,8884.3115,11751.9317,8913.2608,12413.9915,10322.2589,10383.6969,4514.5095,11359.3292,11937.4390,10885.5516,7927.4788,9830.7918,11826.1117,13705.8909,10654.9230,11611.0853,8693.1897,10662.3110,8948.4313,2260.7114,8719.3840,13366.8793,13636.4697,12046.6095,2650.0049,9841.0869,11850.5710,13294.0319,8499.6919,7864.0774,11598.7620,13272.6873,10910.8836,10782.9951,9479.4161,9868.1071,10012.2043,12593.2366,12106.2306,13400.8429,9574.3453,12035.7731,10554.8291,10770.3722,9240.8377,6519.1733,9541.5368,11768.1831,13564.0154,5647.8381,6897.6509,4846.5389,10851.0523,9552.9472,12502.0731,7059.0152,12646.0972,5494.6463,0.0000,7936.2340,10074.1254,4168.2516,13270.3357,7711.2589,3502.4781,1984.3688,8668.0067,9815.3485,9236.1520,10021.1106,361044.3690,368340.8335,359762.0985,365135.3858,359918.7831,357901.5167,363169.0676,363412.6132,362459544.9303,362460594.0889,362471922.4894,362472903.3418,10753.1427,2384.3029,9255.7044,13781.6827,12635.5825,12032.6499,12342.5815,8367.5468,11093.9292,9979.7090,7739.4589,7509.2195,7277.8291,11646.4417,3484.5093,10361.9685,10686.1190,6662.2016,5859.5701,13627.1554,11581.9175,5154.2245,12826.8020,2586.7607,13311.5046,9986.4635,9333.2094,10604.3298,5650.7700,11195.9704,7671.0793,8581.8726,10832.8358,12517.8469,9453.5968,5080.6006,9603.2574,9686.5892,8277.7059,8527.1115,3253.6196,8504.7253,8789.6784,9614.6792,9213.0124,8836.4428,13776.2317,10618.7372,4832.9605,1002.4793,5771.2681,13801.8732,7924.0240,9102.7894,1300.5359,9394.9598,10933.8598,8727.0279,5294.4427,10315.9581,10423.0205,8801.7475,10386.7909,9971.5014,2815.3261,3965.6152,5552.2579,7902.5576,4591.3467,6755.0735,6423.5945,10175.9577,12489.8519,11631.3824,7245.0945,742.7922,11648.3237,11161.3716,12891.2077,8199.8404,11540.7453,5113.7874,12322.2621,6657.8275,11491.3708,0.0000,12119.0162,9630.0153,13535.2171,5261.7967,10667.7913,12937.5200,13110.4643,11328.9766,9361.4108,11613.9335,10714.8894,372890.6397,379938.2463,371571.8630,377001.8274,371791.9893,369629.6566,374769.2719,375157.4539,362447923.7810,362448972.5845,362460300.8550,362461281.8567,10359.6626,13853.6956,7825.3768,5953.7554,12663.0877,8005.7516,13586.2038,3621.8577,1846.2172,11519.6298,5068.4770,10597.1321,11755.5609,11252.9438,9627.8231,5711.0665,8981.5803,11870.0236,7365.5621,11299.8300,13166.6782,9565.3068,11411.6885,5467.8792,12548.3302,3356.8409,13602.4851,13028.5258,13248.3372,12622.6832,3513.4013,11102.2323,5160.6580,12387.5398,7785.2137,13216.1085,7144.6924,5766.5868,6411.2069,9748.7273,13866.5499,12573.2065,13153.3057,2930.0635,12154.7197,7860.2105,13584.7717,11855.1874,10730.1861,6333.5659,7928.5862,12385.7682,8173.4700,11398.3676,12331.1702,2170.5636,5292.5330,8134.5434,10984.5191,11111.6431,13104.9126,13413.8074,2117.8617,10243.5608,9763.3321,9936.1149,11100.0776,8619.7268,8811.3666,11517.6813,13727.0811,3274.5913,8601.4373,13718.8135,10439.2945,6079.0694,12719.4343,4561.2061,13822.0747,10792.1548,6796.4531,3563.8116,13043.9581,10936.0036,0.0000,12189.3658,13798.4324,6935.3513,12286.4933,3213.7995,5877.0032,9792.1323,13180.7503,13713.5858,6601.3369,12750.1498,363291.2582,370649.9987,362019.9778,367457.5882,362345.3095,360085.6803,365241.7677,365624.6393,362457779.0137,362458827.9541,362470155.9811,362471137.0499,9666.3845,13654.9440,13002.4452,12545.6027,11068.7633,9014.8633,11435.0673,9237.6754,9583.7220,8027.2127,5297.4691,12652.8355,5705.6786,11740.0428,9200.7844,8407.9333,4436.3981,13045.2988,12675.1952,5489.1938,13532.3909,1675.5108,13080.6331,11273.1124,9657.6836,10875.0256,7091.9162,10948.2929,6524.9602,8726.0275,9445.7694,12764.1677,8274.2588,6318.3121,8951.7855,10861.6224,9203.3561,6798.3639,1088.7580,9105.4335,7715.7839,10723.6528,8345.7757,10444.4190,13635.0023,10988.7592,3479.8230,1425.9967,6159.0556,13582.3965,9634.4816,7177.6719,3426.4032,10883.7125,11002.8163,7243.6564,3448.7537,8799.3498,8958.7182,10208.0677,10065.6921,9168.1615,4974.5625,5971.1530,3290.8928,9730.6098,6176.5139,8460.9617,8419.9978,10580.6743,12020.9665,10154.9363,7573.8140,1750.6348,12344.4128,12103.7452,12690.2513,8804.9211,10263.9671,5237.1471,11632.3405,5997.4723,12624.5685,0.0000,11550.8249,9809.8615,13072.8222,4163.7512,10980.0747,13116.0509,13660.7421,11108.8245,9857.2160,10223.1509,9924.8687,373248.9665,380460.9223,371957.1497,377382.8922,372214.9795,370029.0282,375190.9651,375559.9959,362448980.4214,362450029.0861,362461357.3801,362462338.4086,11049.4642,12228.1646,5010.3700,11108.1285,1214.1431,13180.6607,13646.4260,7866.5034,13066.7019,9054.2077,6964.8448,8349.9515,9849.9606,12622.4726,10766.0660,7200.8404,11403.5838,7747.5088,4965.6521,9701.7271,8410.1792,12466.6387,5563.5222,13408.7660,1954.5124,4879.5214,3670.5041,6038.8284,13552.4982,8187.1543,12541.2210,6244.5224,11755.0500,4183.2135,11773.4509,12707.0147,12333.9515,10329.8634,1099.0934,5695.7071,3821.7194,13591.6671,6639.4547,11005.1586,2028.8654,7501.5279,9271.0616,12622.0675,10958.5053,6357.6591,11324.7183,8436.5484,6284.1458,13628.8657,12943.0410,11586.0050,8408.5843,8211.0671,4752.1352,3198.7992,13721.4193,9645.2712,10084.3115,9998.7471,8392.2781,11168.3452,10893.4518,7953.4029,1341.8438,13300.7570,10736.6234,2673.2135,9589.6832,12298.2694,5133.4361,12741.1447,1394.7334,8476.4546,12407.2059,13137.0386,5163.7668,8221.6046,0.0000,5997.5488,980.6260,11533.9167,6872.9521,13332.9094,12163.1041,9365.9342,3771.9985,536.2682,12013.4768,5243.8132,370717.9143,377905.9758,369421.7760,374775.0287,369505.7491,367578.4278,372867.3525,373078.7864,362451400.4991,362452449.3767,362463778.0921,362464758.8853,4292.2305,7531.4134,6750.4032,11325.9038,6928.8177,8719.1210,11261.4230,10816.5581,12116.7601,7573.4928,13140.2033,8561.7019,8725.9478,11538.4726,12825.5281,2640.4060,7527.8435,13286.8816,4830.0181,13780.4944,2680.8348,9661.4543,9120.8712,9758.5233,12750.1208,9258.4855,12242.6416,10027.0636,9503.6267,4397.4282,10981.1115,12291.0063,10926.6188,8862.6568,10191.4424,10694.8656,13477.1917,11587.1806,11381.5106,10190.4460,9664.1123,10582.1377,113.2341,9695.3680,13279.5586,13794.3323,11993.7200,595.1663,11338.5363,10672.1932,13778.0131,10197.1022,7373.6921,10471.7227,12704.8019,10027.2857,9929.1422,10998.3239,10162.8298,8908.6406,13205.1070,12796.3073,12865.8823,11033.4087,12541.9385,11458.8101,12042.3841,10201.1549,5049.1678,8050.9764,12418.7130,13740.4726,6332.5715,8600.4731,3583.3798,11753.9941,8560.4304,12371.5591,5405.3836,12772.7056,7491.9726,0.0000,7754.2237,10792.7220,2050.7727,13250.1251,7543.6501,3304.0252,4166.0561,9037.9209,10770.7913,7560.2397,9832.6139,360896.2570,368336.7660,359637.4893,365011.9944,359838.6639,357783.3523,363061.6252,363299.1361,362460756.4309,362461805.4840,362473133.8646,362474114.7534,9134.2813,9328.2955,12071.8491,3342.2336,7459.0166,9456.0315,7922.7231,13116.2878,7500.1698,11547.4793,5985.8581,9555.1635,8691.4169,13566.6773,6030.2447,6899.6642,13509.0150,4276.3312,13425.3928,3346.5082,9272.9568,5984.9812,11441.8256,12288.6702,11639.7781,13612.7471,7264.7481,12003.2644,872.3174,13011.8330,9722.1188,12914.0559,5244.0516,6815.8279,10818.5866,12837.0824,12405.5075,13168.2486,10371.5404,8425.7411,9401.8892,4391.9607,11261.5726,13667.7300,12890.0441,9623.4002,4799.0625,10178.8923,11664.8895,12673.7733,9288.8139,4425.8919,10160.7157,12094.2535,12280.7969,12250.6659,10588.7164,12286.9197,7727.5851,11339.8931,10600.9989,13067.0361,8997.0869,10069.2511,8562.1350,10238.1896,11613.0529,4624.8732,10395.6297,13159.4702,12650.5805,2231.3316,9088.8599,3061.4530,12504.6475,11355.4290,10318.0973,5666.3536,13730.9649,6491.7667,0.0000,10782.7592,12287.2853,5218.3682,13786.8438,4121.7180,1143.3112,4688.8638,11454.1094,11889.3317,9241.4022,12306.5850,360501.0103,367694.5565,359201.5114,364610.3919,359410.0222,357292.9716,362488.2916,362815.5521,362458875.0444,362459924.2598,362471252.4337,362472233.3673,10344.8601,5456.4403,11200.8715,13058.8933,7983.3713,12944.7747,11649.5952,3436.9131,10483.9851,7717.8176,12557.9879,10873.4263,10722.6249,8761.3318,4418.1599,9235.3375,5675.8454,11782.0651,9580.2370,4351.0792,12445.7322,3481.6558,8096.0703,4685.4318,9587.7232,13094.7571,9340.1513,9660.8635,8839.8413,12568.4737,7246.8520,10180.1484,12047.5998,13241.2574,12958.0499,5665.7054,8770.0126,3965.2379,13450.1630,6290.4709,7502.5924,3165.1607,11108.7267,12192.8634,13336.1511,7560.2557,6927.3175,12543.9142,11363.5004,5544.6236,11985.4094,13517.3566,13525.0090,9888.8289,9659.0526,5437.9199,5632.5518,13211.5715,11547.6849,11468.5734,12626.3419,8225.7795,12184.6302,10939.6614,8875.2039,3773.2022,11233.8152,10699.5183,7387.5102,12321.0651,9682.7456,2357.6767,10078.4605,5980.5849,8943.3395,13482.1523,11370.5362,9309.0441,5024.9036,0.0000,5536.9446,5028.4454,8718.0217,10678.8780,11636.2520,8999.0654,5088.6000,4440.2469,4570.1196,11548.3459,7006.0030,365773.3686,372965.7824,364476.2588,369823.3406,364545.9818,362640.5033,367941.9939,368137.9196,362455333.6593,362456382.7401,362467711.3981,362468692.1619,11540.3797,9826.1072,7389.6699,13741.1037,11361.8307,7448.5709,11752.0012,13417.8197,12743.0393,4010.0984,13408.1347,9335.9222,4346.1126,11986.0234,11762.7764,10505.3968,11302.5093,6614.3084,12665.7728,10437.8821,10317.1448,12972.4842,8631.4334,8788.1036,10419.7419,4684.4608,8912.0432,7240.2905,12576.5464,8554.7213,12256.3151,11963.7736,6320.9486,10578.3681,11663.1813,7963.9454,12330.9281,7776.1397,13372.1660,6666.0061,10552.1094,10097.0543,11864.9503,11501.2750,6261.1274,13557.4651,5222.3197,12754.1686,13159.2500,9229.0879,6792.7862,9331.8069,4951.9868,4997.9460,13109.0173,8911.3727,7358.2868,13153.2893,13279.6836,8803.3620,13690.4572,12954.2863,13347.1580,13824.4284,10814.7110,6271.5706,1567.6517,11440.1403,12001.5621,10741.5380,11764.5994,6940.6616,11697.9029,3886.3299,11304.0093,5244.8119,10128.3887,12065.8283,0.0000,6582.0036,10497.3835,5002.1253,10194.6705,9923.2880,8438.3985,9868.4401,8597.0133,11147.4128,2088.2825,7266.7387,365495.9997,373253.9737,364291.2051,369664.8241,364585.9343,362454.8121,367759.4361,367979.4958,362459729.6164,362460778.2376,362472106.6835,362473087.6590,12806.8502,13394.2266,6877.1273,12382.0507,9074.6491,6806.9768,7240.6550,9236.2912,12700.8337,9817.2443,7044.2877,11778.3083,7482.5814,4274.7706,9644.8912,7756.2773,12566.1867,5027.0292,12875.3954,2950.3363,3689.2729,4740.8091,6239.0640,12992.6263,8790.1259,12387.0286,6800.3746,10873.4943,4928.8177,11114.8877,11991.4947,12205.9643,9749.1472,370.6256,6157.7118,3322.8213,13288.7403,5790.9415,11291.4460,2887.5798,7160.0230,8475.4257,11885.2389,11283.0164,5357.2557,11397.7109,7461.7072,5549.1322,13281.6300,12747.5908,11145.5583,8921.5595,8756.8439,3896.6934,4221.1771,13474.3437,8616.2668,9059.8317,9725.4094,7436.0411,10223.7970,9957.2115,6861.5205,2239.6578,13290.8387,11158.7065,2231.0473,8763.1346,11925.3991,5064.5230,12753.9103,559.4653,9133.9382,11685.8768,13183.7286,5085.3739,7898.9606,0.0000,6925.8153,2120.8576,11840.9037,6576.4640,12918.2877,12111.2834,9448.3925,4832.7629,1211.5865,12262.4960,6111.0399,370950.6972,378069.2529,369643.2039,375005.6995,369728.2057,367785.1102,373051.5196,373287.2691,362450587.0602,362451635.9713,362462964.6368,362463945.4423,5258.2466,9416.5402,4986.3578,12396.2412,9460.2995,10438.6767,6644.3470,8636.6421,7188.0635,12985.5880,7742.7538,8782.7488,13207.2188,7004.7898,12217.5176,5032.1103,10494.0793,2786.7961,12835.8723,12163.8924,13037.0123,13561.8003,4153.9418,12489.6091,2831.5292,13381.3470,7384.3367,13615.4695,4140.4881,4192.1486,9272.2638,11133.5914,13140.4927,13444.6075,11524.7470,6090.5825,10013.2663,7004.4386,12690.8781,12881.0872,11365.5497,6924.7285,7283.6795,10491.2143,10735.6687,11387.2857,10174.7380,1513.2088,8329.3627,10172.9795,12530.4173,12580.1091,11367.6074,13381.1972,5541.3557,9747.7874,8943.5105,11773.8584,8878.9509,7991.4523,7006.9097,9780.2530,12884.3245,4429.0927,10610.1811,13458.7129,11016.2546,2618.8937,10833.2705,4155.0221,13146.7717,12084.9259,7739.6621,5408.6364,13612.7416,8292.4565,0.0000,12325.3345,13309.1270,7043.6324,13178.0643,805.0447,3934.1149,7559.0290,12915.7897,12913.3363,9033.3125,13258.0388,361897.4388,369048.3470,360591.5321,366026.3509,360848.9367,358649.4458,363793.2686,364181.2586,362457263.8138,362458312.9737,362469641.0096,362470622.0165,11967.1861,5277.4696,9239.5418,12505.0941,11037.2184,10653.3535,4373.9036,9419.8714,10748.4942,7797.4666,12155.5394,12493.2539,10690.1576,10384.3261,6566.9379,13037.6092,4323.4092,13535.0158,12794.5969,13002.1479,11638.2073,3841.2619,10214.6327,6703.3620,11498.4319,7672.8860,12576.1575,8281.0550,6508.9389,4686.5026,8502.9502,13642.2570,11690.2752,13414.4094,1221.9545,12634.9795,8732.6601,13574.4020,10744.4335,9809.0121,5905.2232,8714.7936,12710.9745,6639.2523,10769.6853,12837.9254,3875.8688,3495.8276,6645.4847,9973.9018,10142.5863,13369.2098,13016.0986,284.4630,9930.6936,9652.6998,8496.3125,11623.9506,8524.9219,9269.6363,11765.9824,13656.6094,4261.7827,7696.1399,13233.6783,9563.0640,7596.8215,13211.4297,5797.8006,13562.7634,10050.6467,6084.0867,4005.4907,12174.2441,11853.3170,0.0000,11946.0066,13534.4489,7549.0450,11239.0670,4779.4739,7283.1086,10820.5617,12973.8358,13576.5974,5688.1372,12168.5861,364823.6115,372248.1359,363563.7257,369000.7635,363907.7413,361633.5565,366795.5955,367174.2469,362457116.9292,362458165.7571,362469493.8093,362470474.8972,8651.6772,12252.5485,5782.4272,4538.0627,4172.7609,13586.4752,4230.1452,10719.3743,12598.3700,5409.9659,7988.6603,7770.4392,9212.4059,11622.8106,3996.1491,9289.1976,8528.9398,4958.0335,10326.2558,11144.1608,9737.9918,13067.2807,9879.5446,11947.7835,6989.3566,10849.6889,5956.5819,7396.1350,12901.6639,10226.5247,7211.6223,11409.2886,4979.5793,11972.5125,1965.5814,11294.7379,8188.3024,10256.2986,8506.0013,8839.5111,11544.2193,1752.3759,13398.4359,6864.8379,2791.4954,10325.2226,12742.0889,11359.9768,13085.0669,13023.5929,3655.9490,10266.4098,12139.3074,5673.8455,5148.3048,11639.3308,704.1357,6206.7532,4396.8801,1517.4099,8004.5902,12144.2117,13807.8167,7977.4555,8304.4029,8113.8810,5956.9907,11404.4470,7175.9204,13176.1939,9213.9751,12589.6846,9959.5148,5227.5643,0.0000,11563.3288,8643.6908,12205.3564,10162.7921,9475.6090,10136.4726,8420.8237,10278.5716,7522.1692,13734.6882,11599.6263,367867.6541,374638.7238,366502.2418,371911.9420,366595.4238,364568.7099,369719.9582,370079.4099,362449886.9807,362450936.2266,362462264.5509,362463245.4126,10778.1370,11346.6436,7574.9622,8039.8453,8892.2284,4945.8526,11048.9443,11028.8444,10755.4258,11256.0455,10338.9561,9174.6207,9157.9116,11166.8556,2360.1191,13448.7393,10510.0601,13829.3878,12363.8363,1650.3040,12794.7668,7540.7404,12996.7157,3087.6097,13426.0568,5110.1164,2115.7731,7879.8247,7711.7329,12679.5315,12802.1053,11873.7853,5042.5763,9988.6436,10861.1949,13348.1228,10556.3946,7855.5779,2191.4315,11032.5038,9893.6419,9807.8040,8104.6578,10486.0286,4623.7942,6930.6685,7028.0874,12507.6681,12633.5271,11225.1574,13689.2418,5415.8951,6223.9108,5523.6897,9261.8078,8198.7926,4058.2159,4768.2465,8222.0061,13277.2563,7795.6454,11481.3536,12363.1701,7356.8870,6560.8713,12146.8711,8318.9973,12548.2995,12868.1714,3224.9498,8163.9163,12099.9249,10310.2863,0.0000,13678.7047,13335.8249,10570.3426,11045.9701,4278.0557,8470.3027,10931.9873,13810.7405,12921.6256,10081.6724,13628.3892,366180.8915,373228.0760,364859.7827,370316.6706,365141.1658,362885.1576,367977.2655,368422.9424,362452966.8969,362454015.9369,362465343.9105,362466324.9756,13002.8660,9711.4126,13539.1523,6721.3244,11919.9050,2794.8632,10704.2015,13310.5986,6668.4148,13536.9092,5179.5070,11933.0640,12297.0165,11446.7774,9644.4138,9303.9970,8545.8707,3639.4093,10722.5031,4863.5665,12807.7397,4343.1914,10270.2990,6145.9784,13070.0209,11918.2814,5245.3941,4988.4259,9071.7467,4287.3576,11374.2149,8611.3855,12354.4234,12056.6020,9954.6620,3490.9041,6415.7814,9520.9204,11821.6813,11846.2446,3675.6521,7832.7881,12447.2661,11785.4642,6453.2748,4983.6149,4028.2868,4258.9323,11608.0153,7697.7232,9116.0484,9445.2993,10220.8926,2446.1850,12441.4184,10332.6514,11943.5120,11564.6851,9712.2587,11056.5610,6097.7468,7584.4383,6827.8157,13361.0105,12230.3850,11853.6162,8876.1162,5897.7266,8721.4083,10245.9823,4824.9181,13428.1391,0.0000,8387.9873,8651.3306,11063.8727,3810.6527,12130.1383,12771.8833,13233.2540,8738.3256,9362.2154,7082.0648,6498.3874,372433.1378,379991.3490,371197.8415,376589.4038,371477.1510,369329.3126,374583.0953,374856.3706,362452660.2160,362453708.6844,362465037.1612,362466018.1641,9386.9813,4630.8599,13175.9040,8663.5578,12023.9924,9461.4644,1038.1180,10091.7392,3680.1000,12140.5756,9125.1869,2709.9846,10802.6836,6174.8746,7974.5470,7724.5904,11454.0511,11671.7255,11576.5275,8187.1903,11138.4890,11008.5224,9754.3943,7598.4335,10001.8030,13680.2283,13079.4689,7128.4197,10955.3236,3911.4629,12959.4850,4204.4604,7595.5826,5760.2958,12122.3773,12054.2125,12088.0843,7852.7475,5271.3384,13589.8653,10942.1670,3491.5985,10556.2129,13643.5680,13633.3698,11987.9628,11819.8815,4576.8316,8417.2961,12707.8922,10379.4882,9968.9158,13389.9712,5833.9105,10602.9878,8718.8811,7052.0380,6104.7157,10754.2143,12263.9694,8785.1375,12016.8716,7452.4151,2040.0804,9397.8874,7358.4369,11205.3485,12478.9189,11223.1109,10888.7868,1700.3353,0.0000,8445.8539,7358.1630,9112.9069,11839.0047,9933.7410,7780.1844,3819.0390,7520.1129,6451.6116,12511.6099,9736.6655,364422.4794,371417.8586,363092.5278,368462.6111,363157.5007,361218.7026,366462.3210,366719.6485,362454655.5930,362455704.8513,362467033.3509,362468014.1349,7821.0201,12354.2539,4442.8443,7991.8005,13654.4324,9214.4333,5627.3115,11009.6248,5431.8472,12983.0939,7441.8592,9158.9898,9651.1151,3889.8303,10918.8544,9187.0339,8894.8830,12140.9605,11652.7637,10690.8909,4857.1055,10153.5514,7864.0246,7411.9775,10768.8748,6506.2420,7465.7476,9999.5532,7433.0103,10580.6993,5888.7447,13152.7052,9507.6633,7162.2020,4393.2889,6612.7955,13282.1235,4908.6088,11365.6810,2564.6459,6586.6405,10757.1434,10766.8502,8163.6927,11849.9989,11877.2933,6241.2063,10347.2818,11117.7033,1789.4078,2331.8866,8478.3940,4756.2235,3882.0782,4618.6442,3084.0564,9093.4728,12689.3837,13026.3758,6977.9606,4155.5153,10253.4426,9043.1577,12607.9542,7224.2681,12626.0484,6519.3335,12815.5709,7860.7983,9088.2173,0.0000,12158.0311,9003.9145,13417.2668,7279.1515,10168.2097,12064.1131,11474.3175,10989.0142,8280.2707,12983.2065,11261.2852,371306.8258,378172.9306,369957.9713,375383.3611,370115.1908,368011.1162,373142.5354,373531.4608,362447781.0790,362448830.0944,362460158.3763,362461139.3171,12810.8327,5094.7469,12757.4414,10434.6025,3683.8297,10972.5201,4599.4504,11740.3221,8786.9373,5073.8535,7602.2261,9701.6010,8492.7126,11086.2206,12975.2039,8613.4484,13423.0975,6579.9997,13144.3594,7903.5919,12281.5718,3411.2220,6232.6383,12897.8556,12058.7828,9606.1541,12883.9785,6701.6402,11066.8873,4324.4167,8627.3365,9346.1378,12521.1859,10991.9575,9196.0849,8996.9669,5207.2808,13628.4552,9865.9414,4461.4278,7938.4757,12460.1200,12421.3181,13598.8997,13531.1818,6206.5842,11463.0518,10891.6705,8266.6920,7394.7516,13122.2049,3646.3938,7617.5722,5088.0157,5369.8527,9473.9789,9708.6749,13272.7249,10646.9982,10721.1927,4583.5878,6135.6781,8569.4997,9678.2700,13169.4634,9891.5736,10462.7451,12283.1366,3066.8991,0.0000,11556.3120,10375.4359,9839.0486,12504.4296,6984.0213,6853.1932,5588.0374,10941.9808,9418.7511,12765.1582,12441.0378,363797.7881,370637.6012,362441.9928,367852.8586,362555.6502,360511.1181,365668.4340,366024.0799,362453595.3318,362454644.6840,362465972.9238,362466953.7932,12090.0593,8976.5724,6736.1069,13166.9110,11755.9224,11814.7771,9993.2433,7397.2926,13688.8581,8291.1466,12357.2432,13016.0366,11108.1482,9387.5878,7818.8412,6827.4609,8911.1110,8723.4005,10395.4092,10317.3246,11350.3309,10080.4157,2907.6467,8418.4070,12857.5161,9180.9963,13538.3530,4387.5526,13794.5346,8683.4864,12545.9200,9397.2557,10168.8939,8794.4135,8433.6553,13792.1198,3302.4369,11447.2921,13825.7959,7557.1835,3046.3739,6525.9679,6550.0658,6758.8619,13880.0668,11051.1267,4220.2408,11580.9218,11699.3448,7019.8739,13440.2817,11004.4171,11997.4930,13354.5983,12645.7562,5685.3108,3840.8150,12225.6960,10185.8807,10376.9908,13370.4438,7160.3355,12790.9464,6681.3606,8504.6337,4585.9852,10513.1952,13078.7860,0.0000,9634.7045,12216.4543,6988.2411,9795.8774,8414.2462,8946.2259,11531.1658,11123.8988,12680.2432,1969.4668,9598.0251,366468.6570,374145.0656,365250.7548,370658.3001,365600.6041,363369.3940,368605.6876,368905.5293,362458067.0656,362459115.6675,362470443.9196,362471424.9825,11022.1949,12525.8507,8033.3012,9430.6241,9034.7244,8798.4803,10901.8094,7717.8622,6093.4448,11417.8278,7355.2036,12628.2007,12077.8272,6328.9514,13640.7657,8812.8068,13002.6351,3343.6113,12608.8729,3921.5993,3768.3841,11074.1463,8739.8812,10142.5788,12554.1405,8645.2005,9295.4097,5988.7170,11586.7702,11181.8494,10387.5145,7473.8756,5313.0488,11842.6996,5783.0545,12294.3080,6424.9221,6689.9240,7813.2183,10563.1161,9366.8398,13478.4754,13511.5416,7549.2533,12476.5492,9587.6124,4047.4255,2867.7207,10647.4593,3747.2569,2840.8548,219.1724,3799.2839,11019.0776,10619.7829,13481.7123,10254.6258,7015.5283,6863.0362,9311.2881,10341.8637,10025.6854,13779.8753,5970.3418,11123.7994,11170.0997,7604.3552,0.0000,13287.9150,11354.3267,12042.1569,10614.9509,6938.3101,9500.5432,9822.8642,12600.0913,10523.8953,12773.8507,13209.0185,367304.4104,374103.2298,365943.2035,371384.9043,366118.1108,363973.0508,369069.7336,369497.5025,362450277.7192,362451326.9257,362462655.0327,362463635.9970,11907.7233,12394.8194,4024.0716,13281.8497,3461.1289,12964.2134,10809.4170,12009.7734,8261.1645,7015.0949,7713.4572,2200.8219,11378.0968,6094.1765,13413.7850,4215.1104,9811.2841,5093.3483,12766.6129,11903.2023,7408.3539,4739.3426,6997.5141,3565.0271,9689.9606,10128.4029,10776.8898,12772.5743,8541.7909,1151.8960,5091.2533,9668.8709,12602.2316,10090.9400,6270.7309,6045.3508,10907.3371,12647.0738,8404.7855,5948.0714,5469.4097,5562.1427,9782.2404,6618.6293,10675.8147,8123.6206,9058.4273,3425.7048,11035.0574,9585.2407,11095.1864,9919.0845,8137.3897,12416.9530,8161.7612,5219.4826,5634.0441,13529.8969,10969.5473,12900.6274,6738.5851,7146.2230,8895.4077,11804.1024,2362.4425,12564.5695,0.0000,8388.6501,6975.5222,12181.7755,1064.2589,12749.9944,13386.3632,13057.0863,7942.9167,7561.1295,9236.8220,6178.7123,373606.5428,381010.5308,372346.3254,377734.8282,372573.5638,370473.1838,375719.0473,375994.7679,362450540.5467,362451589.0925,362462917.6237,362463898.5830,9534.2338,13155.4215,7216.7044,13257.4305,3117.3583,11170.9751,9450.7850,10200.4938,13281.7735,9127.8519,11308.5265,10042.8383,7853.2171,5784.6236,9843.1776,12612.5772,10289.6163,10274.9266,10907.9360,9081.2367,12715.1301,11992.4341,10401.5512,11367.4648,8678.1419,12039.9739,2559.9569,10261.3430,12491.3432,13452.7565,11917.8477,2141.2863,12597.8828,8809.6238,13808.5132,11712.1120,7670.9177,9005.5864,11655.9701,8348.4391,8287.7493,12207.0224,9885.8602,7918.9818,13549.0621,13315.1920,11666.8024,12420.4960,12965.4185,12442.6034,13124.5122,10711.4585,4423.2680,5796.5451,12456.6679,13457.3299,7963.1439,10102.7978,3918.0654,12118.7891,6838.5030,12112.1467,4166.4795,12180.1117,9542.3431,0.0000,7167.9363,10975.4668,845.2053,12516.3989,8169.6915,4952.3919,6535.0467,8959.1912,11239.3660,5285.0644,9000.0961,361952.6022,369555.6179,360720.9351,366094.2350,360967.4746,358876.9123,364170.7896,364396.9003,362461218.6406,362462267.5276,362473595.9230,362474576.8496,10486.0944,3223.3502,12276.5164,8854.1811,3059.5139,10162.6815,7077.4601,8228.9839,8580.4117,11984.0736,11100.4196,12099.2243,7616.5082,11743.5581,10511.4165,10474.0093,6735.6158,9288.6578,13645.2760,13074.4674,7821.5947,11555.5769,4548.6569,12635.7814,4067.5074,7564.2831,6671.6407,12427.5862,12042.7839,11627.9672,7869.6062,5213.8085,13738.5635,10914.7188,3485.9132,9958.1870,13508.6933,13564.8688,12474.0646,12325.7785,4911.7513,9230.6353,12371.7493,10109.2668,9587.3219,13537.4760,5346.9106,10135.4436,8075.5835,6754.5481,6977.6126,10432.2355,12547.1781,9374.1216,11952.5714,6656.1553,2977.1706,9045.7710,8020.7781,11723.5152,12097.1089,10993.7814,11399.8154,669.6725,0.0000,9192.8979,8173.5260,9104.7513,12201.2785,9265.5214,7309.1789,3664.9714,8382.3883,7243.1130,12605.5396,10464.2068,363938.9235,370895.4118,362602.3833,367980.5044,362674.3385,360716.9027,365943.0020,366219.9646,362454662.0772,362455711.3747,362467039.8170,362468020.6149,12275.9941,3930.7015,13793.0016,8171.6284,12388.3560,6680.2743,3372.0010,7362.2740,4467.7329,12023.0117,8679.7932,13588.5774,6336.1861,9269.7157,5589.7281,11745.8706,11513.9462,10344.8793,6384.0155,4227.6539,5428.3898,6925.8428,12005.0919,7944.8203,13252.2412,6796.6456,3619.3937,5007.9538,10049.3717,13200.2606,7038.5340,9685.5666,4427.2301,8135.5414,13298.4329,11013.9195,8290.4883,8373.2425,8344.5158,6684.7567,6292.2135,12501.2643,6588.0164,7517.4916,6664.9460,8481.4820,8641.0364,9570.8330,7146.3913,6195.1456,13726.6421,10944.3255,2398.3366,5465.0613,13078.6960,8782.8617,13741.3829,3871.0129,9473.5612,9517.0071,13432.7263,2692.9595,10700.6864,0.0000,9012.2886,5283.7704,13258.9276,3114.4949,13057.2116,13582.2381,12221.5456,7562.5443,5266.2620,11893.4061,7177.5428,373705.0833,380854.2480,372403.2701,377789.8148,372552.3434,370518.4872,375745.0106,376031.8221,362448455.7782,362449504.5239,362460833.0868,362461813.9797,13432.7499,6137.5823,6085.8837,9079.5234,8672.4794,10564.5772,9421.8061,12863.0051,10216.7664,11813.1742,5063.2479,12216.1436,11021.2205,11397.5324,6434.0575,8938.6227,12875.5394,13682.1669,9974.4342,12259.8804,7281.7380,11433.7301,6900.7664,4893.7727,8379.2200,13446.2567,13166.3266,11612.0273,5295.4759,7946.1191,13108.0850,12449.1212,6468.1987,8189.1340,12581.0504,13606.1645,12256.0610,12127.9437,7803.9239,10264.1783,10928.8457,11473.9957,10854.3321,13860.8894,7509.6711,10953.4421,8999.4072,8957.0862,8821.2466,8082.7393,11410.4493,11292.1261,13038.1660,4859.8152,5479.9351,6433.1400,10167.9089,11180.7095,12175.3071,8785.5646,12699.5559,3036.2800,0.0000,9153.7285,9861.8478,6639.8507,13326.8730,7665.1233,4513.9299,1135.1005,9187.0468,9257.0848,11106.6587,10922.5770,361539.8961,368636.7931,360225.2110,365606.4567,360343.0296,358344.0868,363579.0761,363852.5497,362457567.7102,362458616.9917,362469945.3633,362470926.1955,13529.7140,10558.3547,10696.8960,9779.6525,5957.0437,9955.6791,5455.1973,9918.0817,9052.6765,13276.1388,7436.6249,7264.3997,7845.9702,11347.8829,10086.9161,7831.5977,2635.7144,7803.7176,6743.1305,9790.3091,9595.4546,9861.8763,13754.0116,9908.8842,2351.1434,1768.5962,7458.4787,13692.1163,8976.5822,7760.9264,3020.0878,10251.5935,11930.9169,8422.1616,4878.0851,8451.7268,8567.7466,9324.7043,8968.6277,10332.4433,5237.7242,6338.6474,3803.1306,9474.6451,6919.4082,8885.7087,8059.5412,9437.2636,12745.1074,10342.3406,6126.4203,2375.9820,12831.3292,11347.3957,13242.7461,7481.3424,9937.4512,6639.6856,12355.2749,4607.4065,12305.0179,0.0000,10850.2774,8575.8580,13326.8022,2866.6892,11846.6310,13519.4512,13501.1887,10139.4021,8647.6777,10750.4330,9034.5734,373880.8609,381081.0761,372587.3271,378001.6107,372815.1383,370672.3158,375853.8745,376198.4344,362448485.5146,362449534.1775,362460862.5596,362461843.5512,10920.8537,7204.1756,11477.9272,13351.4793,10970.1507,12794.2505,8094.5876,10131.6842,2906.7900,11769.6028,11163.4867,12091.7968,8031.8136,8761.6841,9390.4858,12737.0021,12845.9752,12151.1918,11570.4878,7651.9098,11389.5782,2730.7821,11428.3503,13300.2669,13314.3409,10514.5345,2854.3734,12036.8586,9898.3765,13524.9497,11188.4555,5154.7313,8886.1537,11607.5248,10466.9748,10449.6658,12092.6763,11655.6568,6774.0513,12687.7673,12199.4139,12299.1954,11284.6296,11621.1939,10779.9322,12218.0802,11830.4986,2538.9482,7920.7135,13375.6181,13177.1587,5349.7916,10282.9013,999.7412,12947.4999,9309.6018,10962.8784,3222.4451,13358.4747,8646.3581,0.0000,9470.2793,12264.3735,2317.6562,13429.6829,5575.6005,2265.6745,5908.4341,10795.5107,12223.5462,6675.4819,11117.8425,360681.3475,368122.3675,359422.4767,364818.7639,359673.8686,357542.4465,362782.0719,363067.1061,362460743.3647,362461792.3994,362473120.6391,362474101.5926,11193.7719,5535.3953,5612.1566,7587.2967,10421.9243,11819.7832,11668.6889,9852.9827,10612.3778,10098.8416,9045.5218,7960.4609,9961.1573,13637.2704,11885.3532,5358.3041,10205.9089,1825.8785,13251.3256,2077.9935,9673.9380,5091.0274,10739.0439,10475.2493,11492.1573,9878.9743,2893.4792,13526.0170,9080.1220,1260.4038,11473.4829,13704.1259,12880.6930,11937.3290,11785.0594,1915.3094,7888.7229,13212.5434,8744.7770,8496.9362,12479.1342,4341.5418,9473.6415,7834.9719,5094.6767,5126.0105,12126.8661,12863.8928,6987.9389,10468.8587,8773.8008,2080.5798,11054.1864,5529.8774,11579.3054,11761.0313,12483.7347,9471.6133,3419.9574,0.0000,8967.9873,6253.8820,10895.9160,10410.3111,10793.9951,9648.3691,6324.8104,7469.8294,5062.8042,13264.8294,9527.0409,366915.0924,373827.4392,365572.5323,370948.1764,365627.5874,363687.3577,368912.4192,369188.2798,362452023.2500,362453072.4665,362464400.9821,362465381.7704,13448.3301,11576.6766,13678.7404,13012.6635,1467.4960,12619.2883,5493.4127,13241.6763,5219.8018,13674.2134,4527.9099,2505.7509,8076.6567,9280.7518,13191.3007,13192.4679,12050.4251,4657.5470,10320.0515,9177.0219,13337.7634,11715.3682,9607.0966,4376.4909,9378.1989,10491.1139,9933.4459,9836.5250,10671.9976,2333.3305,7014.5963,8282.2485,12462.8494,12567.2378,11632.4043,13754.3348,4552.4619,8075.5716,7318.3382,10328.2716,8775.1157,6049.2084,5896.5620,9222.9914,13390.9611,5864.5770,10864.9189,13130.2378,9180.0794,4859.6284,11876.8616,6295.0511,13119.9869,12468.5422,5262.2255,6457.3601,12958.2228,9685.6896,0.0000,13194.7337,13592.3287,8897.9511,12141.5721,2010.1963,6503.6057,9648.3426,13615.4475,13214.0823,9238.9167,13583.3655,364031.5132,371147.0912,362720.7279,368170.7978,363004.8611,360758.1844,365869.8666,366295.1312,362455221.5660,362456270.6481,362467598.6246,362468579.6773,6488.4580,2419.1071,6850.0217,13742.6961,7778.6135,11795.6177,6381.8012,12542.4614,4349.0443,11774.4897,12978.7504,12524.6294,11406.7444,2973.7704,6106.0885,4025.4510,13642.6920,7065.6270,9707.4282,488.1711,8728.0337,10598.2996,13268.5984,9643.1329,7115.1529,11433.3999,9887.6745,6528.7305,13338.5572,13097.4807,12341.7468,8195.7276,7955.2857,5394.0326,2725.7343,13626.2739,10836.2210,11128.7866,10835.4356,8965.7076,12057.8848,11520.1894,8898.4403,791.3775,12601.4471,10156.2578,4483.4415,10880.9500,11815.6834,4395.8496,11883.8055,3293.8218,7796.9461,13140.1015,12457.0378,6436.7043,7620.4099,0.0000,4641.4774,1645.8827,10358.7899,8143.5405,13090.5317,11262.0580,8158.3904,2381.5570,1768.2455,11480.5268,4732.0788,369121.4612,376374.5067,367835.4790,373179.5146,367916.8598,366006.5914,371317.8679,371504.8666,362453236.9135,362454285.8162,362465614.5547,362466595.3315,8077.5737,7355.2872,11509.8096,10698.1511,12537.0003,8723.8543,8314.3432,7510.6254,9796.4127,10181.9806,11853.9951,8015.6703,3852.2965,7935.8372,4738.3664,12482.7463,4943.9392,12739.6216,6355.7473,6533.5202,6084.5881,9726.6455,12808.6729,3880.7312,11659.1187,4474.4364,5270.6540,12606.4841,12197.3708,9812.8633,10568.8753,10504.4812,3884.4284,7425.7812,12872.7588,5495.8012,6049.8950,8996.0801,5552.5305,7469.1548,7533.3882,4217.2627,5807.4677,13603.1229,12514.8688,3649.1130,6245.2822,11509.7919,6842.6683,13262.9625,3595.6637,11200.5529,9526.7297,13607.3789,5756.2625,8392.8707,0.0000,9886.3241,5668.5341,13193.2467,6212.3225,12097.1554,12598.1573,10740.9581,8173.9060,4855.0329,13123.7963,8848.0149,371957.4555,378906.9338,370622.5277,376014.9088,370727.5959,368719.6440,373917.5905,374229.1541,362448204.6220,362449253.5878,362460582.0909,362461562.9509,5938.5912,13880.4993,5758.5056,11864.2945,4740.4817,13263.0397,3010.4610,12724.2920,13630.5534,11547.0954,11302.9973,4701.5782,4780.7232,6258.9892,13122.3349,9042.5738,9184.3824,2852.4421,8456.5799,10986.8598,13599.3986,9002.0698,9092.6948,10109.4666,10716.2933,8547.0047,13322.9232,12263.4066,11919.3045,6303.6034,6024.8167,7564.4187,1336.2899,13060.7299,11840.4757,12204.2251,10176.5964,10689.0703,12932.9186,12702.9426,10589.8765,3099.2985,11981.1873,8381.9573,5409.5727,11320.8579,12362.3551,6281.7763,11459.3346,4914.1075,5704.7186,13375.9679,11634.7156,6197.5306,9078.5053,0.0000,2507.6971,2791.0580,9468.4098,7896.8226,13278.2198,11237.5610,8713.8694,304.0010,3765.9721,10015.6657,2616.2778,369039.8196,376466.6381,367782.2516,373120.2264,367899.9861,365970.0884,371307.6612,371470.9645,362454717.6062,362455766.3841,362467095.1483,362468075.9472,12572.1492,4802.1417,13531.2976,2304.1921,11316.0359,3074.0447,13425.2412,12994.9392,8445.0233,6823.0507,6129.9220,1490.9109,9100.8323,11205.0331,10807.2580,12176.4839,7212.4358,3233.2155,7030.3029,11252.7608,11964.9301,10255.0015,6855.7911,7623.0575,10769.3195,13332.8668,9501.4988,7769.3314,4377.2555,4359.3436,9530.6646,4780.4233,11585.3261,9604.2533,10438.1313,5245.2958,11508.5174,11057.1058,12155.4594,10586.3886,6858.7307,12604.5071,7650.2906,4580.6432,7549.3969,13848.8709,10203.1335,12901.0757,5946.3629,5858.3210,10590.8772,11963.7309,1845.0532,12256.8284,0.0000,6682.8527,5570.2533,11675.7258,2705.4337,13448.3185,13317.8305,12474.0380,6196.9197,6455.1894,9180.6117,4215.6042,373109.3298,380577.4383,371859.5673,377229.3278,372062.3976,370012.1494,375296.9299,375527.8614,362451603.5978,362452652.1372,362463980.7755,362464961.6910,12394.3687,6733.7798,12953.5389,4643.8794,13554.8121,5623.6013,3016.9916,7178.8988,8255.9528,13287.3075,12879.4653,12512.8455,3805.3127,10872.7479,10071.0298,13669.6322,11025.7294,8781.9974,3270.1123,10218.1806,10888.3446,9209.0972,9247.0083,11274.6335,3375.5946,6078.5232,7129.5294,12137.0017,12272.8873,12046.9450,13826.1038,4003.1209,7610.6752,6994.1448,9392.9478,9280.0609,5601.4333,6145.8284,9447.9329,13664.4333,6459.5936,10659.7684,12997.2109,8342.3388,6250.1690,12556.4964,7199.6889,13179.5232,12363.8060,4072.8417,6817.0938,12542.8973,10663.0579,0.0000,13430.5523,13717.1111,9583.0061,11524.5885,3374.6477,7673.7098,10722.0820,13848.1042,13410.7806,9027.4319,13549.7078,365199.7581,372344.4286,363894.2107,369348.6861,364197.7631,361927.8603,367033.4451,367467.4553,362454508.4708,362455557.4779,362466885.4437,362467866.5208,11805.5166,2823.7382,12895.1219,4541.9981,13644.7542,13411.4757,7423.9134,9266.9665,8779.2521,3717.2285,10694.0939,10153.8759,12497.9976,9412.1526,8165.0783,7145.9332,10216.7839,12280.0006,9056.9462,12384.4802,5323.7352,11022.2748,12268.2134,12106.1500,8460.0697,8950.0874,898.9370,645.0669,11551.1672,5496.1598,10158.9790,12278.9637,12774.4706,7081.3042,13254.8113,12951.6555,13652.8362,12922.9275,8231.9267,10082.1982,3601.7326,8159.6182,10571.7813,12971.9928,10786.1351,10458.9901,8773.1330,1229.9326,11805.2031,9219.4200,6429.8235,12359.9544,0.0000,4478.1971,7407.7368,8461.7655,6978.3062,12518.9683,11341.4752,11141.7010,5877.8618,8422.5967,5772.5934,3430.0795,369528.8471,377236.1716,368317.2475,373674.4851,368560.7460,366497.5194,371825.6737,372014.4800,362456383.5285,362457432.0429,362468760.6739,362469741.5992,12928.8142,9543.6150,12982.4744,5449.9975,6621.0635,10221.4929,12529.7066,12714.4464,13112.1585,10875.4766,7713.5085,9923.1997,4490.2209,11644.1927,13518.4988,12729.3953,9252.1230,4844.6850,10630.1324,11158.8027,12645.0751,9847.1411,3725.2204,9511.2045,11644.1444,12046.4337,12036.1973,11075.9375,12465.4641,6972.3276,11324.9062,10609.4453,12715.4854,9417.9876,9972.6404,8671.9005,10557.0319,11978.2348,3838.0038,9984.0093,13346.6412,12483.4994,2521.5989,9687.2146,2410.2633,12796.5173,11166.5535,9933.0003,4925.4724,13724.5544,7217.8952,0.0000,10902.6307,12566.2124,4976.7759,13679.4334,3589.0745,1147.5537,5398.7424,11691.3194,12230.4569,8679.0137,12348.3544,360606.8775,367838.5609,359313.6479,364726.2060,359541.7769,357402.7968,362594.8660,362927.9853,362459055.9766,362460105.1541,362471433.3043,362472414.2580,12419.5108,2263.9035,13709.3248,13531.5003,8503.0384,8393.7172,6710.0770,957.2371,9335.7925,11262.3095,11355.1613,10900.6550,6805.0295,5308.9317,8852.6665,12192.2043,10625.9362,11032.5968,6583.2478,9430.6460,11169.4782,13154.7591,9576.0643,8821.0174,2699.5566,2549.2904,10089.6136,3869.5924,11454.3888,11099.2860,11770.5660,6481.6227,12264.4386,12261.4921,13058.3444,11648.6364,6655.9259,11803.1470,6174.9670,5754.1852,9306.0892,13612.3331,9959.0269,12026.7622,6646.6906,3809.3314,11633.8558,11090.6869,3875.7498,12061.2810,0.0000,4831.1253,5501.2614,10323.9360,4897.2602,13369.2766,12547.1297,11650.6271,4975.3989,6604.6260,8064.2260,2372.5987,371584.0204,379161.5228,370351.7914,375708.7479,370557.0225,368525.4331,373842.5487,374038.8344,362453770.4075,362454818.9394,362466147.6223,362467128.5209,12581.4599,5843.8291,3628.5336,8815.1270,6368.5848,11148.5251,12007.4660,10618.8965,7178.7623,8599.1432,12324.8872,12426.1788,9079.5175,5694.3047,2249.0254,12486.9373,8173.8729,10377.1897,5517.4221,9248.0950,7344.5255,8240.3234,6681.8571,12540.6788,12649.9764,9684.5611,12909.0192,7764.3072,3327.2702,2647.3376,8530.9658,6677.6051,1064.5975,3274.7114,6120.8541,12208.3103,10151.3436,12418.8013,10667.5406,5124.6731,8189.0697,11435.2991,10473.1611,10960.0734,13191.3770,2782.0918,10403.0797,10643.2078,10140.2484,0.0000,13657.6341,12178.1931,12234.4007,9532.0439,6833.6953,10321.9187,11632.0939,13286.7069,11645.5737,11514.5083,13180.6829,368677.9970,375612.7562,367339.4337,372793.0090,367581.4673,365362.5626,370449.7707,370895.9460,362450160.9993,362451210.0306,362462538.0767,362463519.1133,13383.2020,13640.1074,10151.5119,9305.3976,4791.9737,1964.9484,7582.9231,12426.1769,9990.4443,10851.8858,4796.3328,5968.4537,9189.0635,12742.3566,10634.4624,9692.8495,8496.2738,9273.8665,9717.8246,13638.1484,11082.6386,10099.3340,4709.1577,4493.1704,8471.1846,1822.2295,12576.8097,10908.2356,11533.9195,7911.1315,11247.7585,12261.9418,12691.2973,10686.4438,4592.6990,12509.5676,7784.1917,4226.6776,9631.0900,13419.1039,8309.3068,12410.5495,4790.2136,5141.3930,12291.4701,11975.3172,3632.7628,10875.3373,0.0000,4206.1403,3360.1110,10687.7488,5358.8396,13683.4485,12542.6409,10833.4147,3296.1055,4573.7676,9566.8819,1793.7627,371443.1470,378911.8174,370193.1105,375542.3432,370349.0251,368369.9753,373691.1466,373877.0331,362453084.7800,362454133.4130,362465462.1504,362466442.9991,3103.4521,11256.5321,10935.4549,11476.6431,13505.4811,9291.8848,8670.7863,6908.0579,8937.6009,11513.4672,12427.6733,10280.3383,6729.7461,9286.2643,7375.4299,12535.1711,9592.4810,7263.1549,5313.3694,10529.6175,10842.3053,13668.8431,13677.1728,8692.6536,12957.2005,8528.5093,7539.6519,6484.7529,12224.5280,5307.0392,5972.5402,3769.8769,6457.9083,11591.4106,8126.7716,12779.5178,12008.2496,9879.2326,3138.1058,8974.6239,7449.1290,11469.5540,13436.6764,7634.8276,8955.8975,12919.6700,6139.0058,0.0000,12802.9191,12195.1427,9615.5313,12623.8370,4227.1131,6243.1094,7362.5002,12613.8422,11437.5219,11739.5160,13479.5986,363547.8927,370436.5104,362199.8606,367635.2741,362384.0953,360242.4347,365360.4426,365766.8029,362453961.5135,362455010.8077,362466338.8843,362467319.8383,9445.7662,9081.6398,12321.2758,13314.9146,10936.5777,6587.9776,8724.8497,10251.2049,12807.0575,11436.9517,8789.6727,3942.5412,10503.1203,8808.1109,11144.8305,8568.4147,9214.8939,4504.4008,8562.7367,8709.7152,13244.6873,13324.2343,10238.4226,13627.8463,6710.5808,6408.5609,5428.3933,10625.7728,6839.5125,4240.4890,3556.9282,7254.7377,12782.9647,7921.3319,12261.2409,12335.1888,8300.5747,5056.1297,11031.1416,7968.7544,12231.8783,13375.1385,4974.1139,8536.1684,12585.9975,8774.4510,0.0000,13597.7631,13063.4033,10343.5829,11813.7448,3690.4068,7584.1589,9683.3823,13576.0613,12481.7382,10964.4833,13828.2681,365053.1553,372006.2317,363716.2370,369168.4866,363959.0723,361742.0751,366834.6745,367275.1769,362453151.7835,362454200.9472,362465528.9375,362466509.9627,5879.0038,12345.3329,8708.8238,13384.4171,3942.1470,13403.7491,10661.8074,12712.9813,7572.6073,7912.0786,7114.8018,10476.4441,13158.0231,2438.2798,9477.3250,13585.5589,8176.7740,1349.2464,3770.6666,6853.3447,7116.0728,13458.9105,11177.5714,4474.7774,9798.6528,10100.8723,4691.3909,12799.3911,9405.2985,11000.7190,12357.6553,12653.8461,7586.0969,5613.9014,11345.5899,7925.9135,11088.6401,13690.2667,8994.0316,12199.0419,7736.9912,6535.9941,6729.0484,9339.6340,13536.7171,0.0000,10627.1320,12048.9413,9245.5541,8138.3610,8852.9978,10466.5289,12750.1816,11621.7508,12450.5564,4597.2769,9922.0296,368839.0220,376413.5125,367605.2134,373026.1029,367956.9638,365702.3542,370905.0976,371241.1827,362455331.7395,362456380.3062,362467708.5229,362468689.6101,9848.0056,7940.5997,11396.0221,7547.1157,11098.1789,13456.5558,11536.0244,3950.8527,2398.2203,5820.6606,13387.9810,10363.0275,6428.5804,4389.9056,11519.9123,10568.7500,6315.4437,2392.9131,8583.0308,8772.3046,10945.4412,10468.8850,8409.4115,5587.4532,6462.4845,2718.3062,10317.4562,6408.4898,8766.8037,9123.1341,11173.3557,11504.2551,9652.0296,8352.1910,2543.9292,12254.8861,12631.3394,12314.0652,9564.6193,10060.8095,4826.2126,11060.0569,6572.1122,13000.4013,0.0000,11676.9407,10403.7078,12754.4332,4699.7610,10643.2446,12904.8150,13793.1663,11456.2567,10515.7079,9575.2204,10120.2564,372858.9389,380122.5167,371575.4526,377004.2649,371855.4317,369646.4332,374807.3567,375180.0626,362449672.5838,362450721.2198,362462049.4824,362463030.5318,6050.6899,3627.1989,13521.8380,6132.1672,11550.2600,2952.5051,7134.7504,8585.8223,12143.1935,11530.9712,5679.0272,11479.1548,7599.8298,5889.9687,13596.6863,12919.4454,11272.1592,8906.6822,8738.5045,4208.9382,4115.6351,13716.9719,8843.6928,9321.9340,9771.4231,7778.4707,10496.0969,10283.9743,7166.8236,2272.8811,13561.8398,11246.5278,2064.2867,8894.4175,12280.1949,5351.4796,13043.4125,367.9833,9151.4041,11918.8715,13431.3054,4962.0746,8247.1485,0.0000,6948.1235,1988.8231,12075.7926,6523.4937,13247.3058,12428.5846,9756.8174,4810.6912,1233.4929,12407.3844,6034.1274,371238.2786,378366.5287,369932.4920,375292.9798,370015.8414,368077.2912,373347.9814,373578.9276,362450458.6261,362451507.5206,362462836.2037,362463817.0062,8870.3478,11398.1120,10857.9167,11307.0090,6514.9421,4614.0266,8207.6082,11908.3425,11064.6389,10454.2152,6935.3413,8699.0467,10709.7098,13261.0347,9758.2841,8615.3282,3516.6045,3404.1700,9534.3154,3723.2972,11651.0831,10478.5031,11201.3656,6221.0632,11759.5428,11783.5296,12622.7565,11040.3592,6274.4979,12170.4551,6912.5211,4917.3197,8683.6866,13620.8418,9696.1352,12364.6184,5951.1126,4686.2477,11331.2012,11512.4054,2935.4280,11872.7747,0.0000,5311.8576,5031.9939,10827.5968,4119.1372,13410.1208,12780.5349,11757.8394,5036.9269,6089.6962,8666.3902,2772.5147,372127.0496,379646.5681,370885.4616,376245.5443,371080.9684,369052.2836,374358.7978,374565.3820,362452860.1074,362453908.6587,362465237.3365,362466218.2321,13532.5502,3251.0075,10183.1330,3592.8334,9696.0608,9989.3445,11912.2619,10307.4539,3454.1355,12989.8598,8658.0588,2675.0428,12342.2572,13629.3340,12550.9315,10955.5288,10785.4358,1588.9311,6413.2176,13558.8722,8857.0649,8860.8712,11763.8565,5469.7172,9958.8715,8777.3085,5672.1556,3488.5789,12689.4810,12352.2642,5421.9740,10088.4168,10059.5134,2284.3911,11761.4812,3835.6111,10716.1982,12017.6114,12880.3831,8094.7776,4999.7716,0.0000,7998.4686,4577.4443,11223.6386,9265.9806,11775.0687,10599.9514,7288.9188,6184.1694,3322.3868,13049.0845,8235.8958,368312.2148,375292.8862,366981.3463,372348.2908,367036.5115,365110.2642,370356.5710,370609.7956,362451536.9182,362452586.0369,362463914.6305,362464895.4116,12743.5400,9672.0585,13699.5472,10052.9279,8989.7036,5238.3880,9639.4367,12702.2412,6135.3203,10101.0265,12999.9377,4762.5248,2656.9710,5588.2333,9811.8301,10005.4152,13409.4116,13011.2688,1044.8212,9370.5342,9194.3698,7634.9255,11662.7135,8047.3113,9155.8412,11617.8782,13721.2776,5422.4702,7840.7456,12941.9367,8741.8361,8381.1129,13532.5461,6913.0094,13410.8589,10136.1282,5251.3633,5075.9707,11708.3503,12347.2231,0.0000,12200.8255,13495.2590,8489.2966,10604.7522,5529.3331,8304.6821,11577.7872,13121.4221,13558.5027,5977.1161,12152.6763,365963.2123,373378.8408,364702.3182,370143.0379,365052.9258,362767.1647,367921.1670,368309.1303,362456141.6395,362457190.4231,362468518.4717,362469499.5728,10606.9317,6670.9343,10492.2051,9476.5147,10247.1068,10842.9600,1222.5369,13596.9550,7899.2209,845.3838,10987.9270,13360.0092,12208.4451,12634.3903,12527.2797,2117.6740,9129.9360,12810.8677,7190.0726,6828.2601,12127.1845,2386.4381,7880.1230,6131.0919,3172.5795,6557.6553,12266.6646,13497.4946,7344.2623,9379.9546,8432.1346,4119.9670,11340.3863,6186.9176,12522.7565,10568.2324,12681.0098,9680.9301,4094.5658,0.0000,10400.9869,7423.4821,11695.5460,10268.6472,10201.3082,9959.1074,7400.1456,8966.1382,6217.9179,13663.9552,10655.5285,367471.9219,374292.9224,366114.5838,371507.3975,366183.0783,364203.9228,369389.9416,369709.1907,362450730.1131,362451779.3569,362463107.7790,362464088.5997,9649.0202,13234.8928,13781.8143,12021.5412,487.5522,11357.3655,10615.9423,13773.3532,10218.7016,7434.8434,10451.5743,12684.4312,9940.4894,9841.0493,11001.9736,10090.7366,8919.5091,13221.4809,12822.5556,12824.3722,11072.6728,12573.9506,11508.2437,12069.6373,10156.1317,5075.7302,7967.3581,12376.5741,13732.7694,6424.7359,8598.2337,3638.9796,11717.5183,8463.6058,12390.0300,5406.8946,12717.8875,7536.8450,0.0000,7662.1270,10739.5525,1994.3973,13202.6061,7613.0302,3402.4153,4213.0138,8964.1459,10729.9891,7499.1207,9746.9469,360956.3024,368402.9945,359698.5763,365072.3972,359900.0147,357845.5831,363125.5784,363361.2685,362460763.9215,362461812.9682,362473141.3538,362474122.2422,8960.5528,10658.2237,13215.9917,9608.6580,6761.2158,11699.5287,9869.4598,6109.8298,13243.6793,13243.4518,12486.8996,8579.1413,8343.6908,5005.7186,3202.2423,13674.5411,10726.5081,10978.8261,11065.5737,8626.1492,11924.4244,11286.3256,8614.8905,702.1450,12597.4507,10438.5393,4621.5847,10919.5886,11588.6469,3939.5617,11826.1013,3290.6110,8158.3886,13122.2065,12499.9511,6726.3969,7224.0916,0.0000,4972.1883,1947.8066,10382.0493,8389.5632,12958.3280,11119.4810,7898.0749,2787.3837,1720.2308,11689.3477,5182.0905,368894.6919,376117.0745,367603.6172,372948.9042,367678.9658,365771.5556,371077.9009,371269.4133,362453162.0251,362454210.9593,362465539.6873,362466520.4602,4046.9062,9045.1672,13099.6542,9718.8852,6775.6556,5049.4740,10707.5889,12557.8911,8462.5009,5538.8407,6521.8842,6623.8446,9600.2230,7367.3595,10675.6567,7235.4494,8238.9639,3286.9300,10570.0573,8806.2549,10468.1739,9329.0835,8512.9460,12671.6924,8976.7166,5296.0891,4617.6632,13443.4974,11116.9091,13163.7020,6840.9108,8154.0938,8241.3221,12125.5283,2804.5493,12558.3407,0.0000,9261.6969,7421.3126,12700.5217,791.6522,12599.1097,13578.5192,13316.3828,8676.1708,7835.1361,9839.3009,7147.3197,373940.7825,381277.3382,372669.6033,378066.1931,372895.9516,370783.1683,376008.6030,376306.1237,362449673.2099,362450721.7851,362462050.2748,362463031.2439,6041.1736,13772.6461,8589.8200,8363.9189,2042.7227,9979.6859,11100.4340,8230.3202,4615.8537,9646.7805,9771.2028,9306.1900,10123.2330,9775.6942,3763.7178,4866.8566,4627.8631,8679.6922,5340.1784,7553.4483,7248.3828,10216.3501,12414.8081,11056.6515,7165.1164,616.2364,12046.4871,11502.7089,12916.1195,8275.2902,10985.9251,5256.0609,12150.9170,6155.9100,11979.8695,0.0000,11821.6887,9553.3083,13417.0117,4564.2900,10931.9619,13110.1478,13376.6753,11136.3593,9422.7795,11115.3995,10283.7965,373216.9106,380331.6381,371909.1932,377336.3889,372142.2594,369974.0107,375124.6586,375502.7186,362448221.3163,362449270.0572,362460598.3476,362461579.3574,12130.7844,9898.5869,8995.2746,6581.4479,10799.9368,6430.5480,6372.5208,5350.3058,11863.0584,12016.0931,11194.7033,13250.9343,5950.7490,5013.9886,4674.8335,7691.1629,8524.2295,3234.8463,5202.0408,8066.6980,13043.1053,9057.5277,11319.9385,11496.8238,5518.9083,8398.1761,12549.8249,9752.5022,11956.3430,12559.5729,1094.1778,9170.0147,10919.6982,11265.7815,0.0000,13632.7089,12889.0967,11586.6762,9611.4624,6243.0663,10060.3020,12111.3656,13628.9692,12557.0611,10156.9553,13149.8974,368333.8624,375402.5867,367017.0618,372473.8928,367305.3209,365043.6302,370137.0132,370582.2020,362451454.3044,362452503.2410,362463831.2510,362464812.3280,11562.7200,10347.9365,13817.3583,10450.0091,7632.7735,10310.5730,12588.4077,9599.2832,9498.6154,11161.0783,9907.0285,8889.5695,13345.6948,12985.9924,12660.6817,11341.0959,12741.7939,11766.3139,12283.5304,10116.9887,5086.3115,7581.3682,12314.8904,13741.0928,6819.9056,8758.5553,3787.3833,11696.8362,8082.0024,12461.1466,5310.1718,12568.9523,7867.9030,0.0000,7379.6655,10652.0287,1675.9347,13063.8875,7863.7217,3785.2067,4570.9711,8786.0477,10702.2713,7172.8795,9475.9822,361148.3355,368627.4572,359896.0171,365267.7150,360102.1536,358047.2874,363333.7668,363563.0457,362460885.5800,362461934.5968,362473262.9968,362474243.8870,13337.0085,6904.7859,1876.7346,11352.1538,13170.3126,11660.6966,12446.7650,12353.8874,1980.7045,9000.3406,12867.2773,6364.2953,6143.1615,11509.7254,2409.4084,7363.8198,5952.9179,2398.4077,6524.6088,12720.2017,13545.2681,6658.2965,8511.2436,9146.7333,4876.2670,11945.2036,5668.5169,12529.1371,10127.7902,13059.1493,8990.6555,5252.2307,0.0000,10597.6991,7199.2016,12296.4998,9496.6016,10594.1459,10718.2838,8404.8179,9056.5835,6002.6762,13769.1165,10539.3953,368637.4311,375452.7480,367279.5648,372675.4787,367353.9109,365364.8913,370544.5508,370871.3733,362449743.1221,362450792.3204,362462120.7448,362463101.5766,9887.0810,13668.1547,9811.1292,3721.6042,4925.3018,4672.9995,4964.0527,13288.5759,9680.3471,6465.0748,10717.1554,11175.2648,4303.0620,13404.7429,10784.5779,12252.2715,12904.8343,11645.3345,8538.9431,4035.6451,10408.5067,8548.7996,12205.5391,13311.0902,9739.1841,11349.3774,5785.1888,8359.5566,7541.9310,8114.3277,13748.0292,0.0000,9091.0481,10880.7366,9172.5952,7198.7785,10449.4569,11167.0016,12794.1514,10213.8171,11510.8199,4075.2304,8140.1574,369670.9035,377339.7848,368452.8924,373854.1066,368786.7577,366578.6611,371824.8139,372112.3599,362455599.4525,362456647.9358,362467976.2883,362468957.3400,8467.4798,11390.5055,9701.9099,6450.0682,10576.5697,10646.9092,7762.2069,9908.9020,10785.8827,2596.1685,3782.4591,6405.9424,7114.1473,4820.8081,6553.2127,5509.8463,9391.3989,12935.4287,12089.0422,6443.1361,2016.8029,11649.5961,10348.7232,13160.3699,7290.1839,11708.8511,6072.5771,12826.4364,6365.4774,10858.7948,0.0000,11869.1868,8909.3354,13704.1341,5297.5160,11030.5562,13012.8861,12744.0598,10846.1842,8523.7392,12209.2600,10493.8060,372944.6916,379941.0434,371617.5798,377041.5920,371809.1348,369679.6675,374825.3584,375203.5624,362447525.2600,362448574.1092,362459902.4230,362460883.3942,11173.2422,13576.1336,12577.0999,12461.4063,12335.6553,1887.8927,8728.3424,13016.4528,7888.2478,7557.6255,12381.3726,3153.2588,8570.3818,6819.9206,3987.2308,6056.8547,12218.3248,13327.8564,7290.6975,9915.8530,8492.9901,3314.9529,11211.7338,5993.1756,12239.0372,11112.8061,12625.0192,9709.6771,3626.1456,0.0000,9907.5710,7039.7224,11384.8562,10441.6894,10417.6536,9787.9794,6891.2714,8451.7395,5825.4910,13574.5092,10304.7429,367134.6286,373984.1009,365781.8470,371167.8436,365842.7397,363880.8720,369081.7046,369384.1689,362451274.7566,362452324.0002,362463652.4577,362464633.2634,7134.5654,9334.7611,12075.8645,12159.6878,12204.4531,13588.4071,4157.4889,9883.0264,9185.8117,11093.3083,9824.6013,8090.1189,7628.4708,10513.0272,13411.8698,3791.2073,9948.6414,13710.6658,10756.5888,4103.8566,11772.3106,4184.2924,13577.9352,11741.9202,7158.7199,4611.8742,13520.5200,9511.4332,0.0000,12469.0422,13690.5811,7057.1818,12922.5684,1128.8102,4710.4988,8615.7643,13223.9559,13412.7748,8169.4364,13246.0974,362362.9499,369589.8473,361069.6821,366508.4511,361358.7137,359126.9384,364269.9788,364662.5405,362457461.5376,362458510.6156,362469838.6288,362470819.6670,4095.7542,7962.8255,8206.1196,13626.2460,11975.5404,3263.6816,9666.2250,9823.0150,5648.5349,12568.4858,8945.6147,10466.7938,12236.2854,13208.5621,6869.2349,6365.7062,12037.1358,8143.5452,10335.2422,13844.2282,8370.7717,12780.6451,8652.9585,5927.8375,6119.8582,10260.2000,13336.7210,0.0000,11323.0456,12722.0248,9060.3300,9045.4559,7855.2775,9872.1105,12544.0408,12313.5519,13011.7244,4916.5133,10836.8578,367938.3571,375469.3079,366697.0992,372126.4678,367055.6744,364781.7206,369965.5502,370322.6000,362455615.6782,362456664.3054,362467992.4538,362468973.5540,8255.6838,8492.3756,12245.7585,11250.3679,6501.0422,7021.9604,7599.5595,2839.5249,11333.6142,7079.2672,9338.6888,10437.9749,12237.6779,10026.8141,8474.1517,9949.5039,4594.2294,11714.7239,13432.6881,11120.8364,11035.4467,9599.9596,4373.0950,9478.2161,8007.3959,13440.7480,0.0000,11788.5309,11535.7301,11704.5732,6280.2934,9633.1785,12056.1139,13680.0268,12042.8576,11738.3901,7977.5991,10528.1554,371406.4099,378775.6324,370139.7825,375573.0839,370460.9278,368211.0228,373373.1017,373749.2720,362451612.6062,362452661.2125,362463989.4108,362464970.4954,318.5338,11710.2899,5885.6787,9899.1389,11909.5234,12458.1130,6295.6436,13272.8872,12611.1718,13490.9122,12839.2732,8582.7527,10217.4746,3674.8127,8092.0887,10014.9069,13141.7803,11193.9214,10717.2428,8863.4871,2035.4246,11325.4006,9325.5750,6076.6247,12708.8139,0.0000,5252.1138,7675.9198,8925.8835,6412.4183,12502.0473,11659.7453,11645.4580,6446.3233,8670.2745,5729.0655,3904.3873,370122.6572,377823.5505,368910.1671,374273.0497,369164.8672,367083.3912,372400.8603,372602.5455,362455827.1685,362456875.6563,362468204.2631,362469185.2057,11573.6651,5628.6926,10075.0713,11980.7900,12522.2657,6525.1732,13219.4136,12702.8714,13526.4804,12804.8241,8358.5227,10277.8213,3784.9724,7973.6498,10141.7573,13130.6426,11001.5709,10724.6317,8705.6153,1847.1949,11494.2582,9403.5170,6043.4884,12574.1872,0.0000,4959.6813,7460.0168,8870.6832,6479.8965,12570.0529,11625.2517,11499.6051,6166.5794,8471.2378,5875.4969,3618.0422,370046.3142,377743.7746,368833.2469,374193.8872,369081.7703,367008.9514,372330.1255,372527.0846,362455877.8996,362456926.3960,362468255.0160,362469235.9507,7543.7151,13516.0432,7760.6520,7722.9804,11673.7554,4237.6954,8930.7258,7703.8165,4269.3190,4776.1571,13015.1010,13080.8532,5651.7204,9347.3724,9941.8888,3485.8380,12159.1035,4295.5750,11663.4913,11329.2938,13261.7751,8323.3860,5198.4179,0.0000,9287.9355,5616.9375,11999.8834,9236.8234,11547.9489,10960.7384,8021.4635,7520.4889,4337.4451,13606.1416,9296.1617,368797.0333,375689.8162,367451.9481,372830.7026,367509.1791,365561.9512,370779.0984,371063.7382,362450370.7349,362451419.8880,362462748.4205,362463729.2184,13054.3681,11271.7720,11755.9244,9323.1875,10671.9671,12543.8053,12562.4991,10343.7427,3150.9038,12430.7375,8437.9609,4396.4788,10504.9358,12855.5354,6879.5156,12061.7373,4252.3988,5730.1344,12936.1721,12027.3755,4966.0520,9699.1482,0.0000,3373.7849,2237.3593,10232.7421,6758.5108,13547.6433,11931.6739,9645.7810,1630.4953,3470.5278,10127.1044,2185.1784,370275.3933,377693.4277,369016.7594,374359.1469,369142.2398,367198.9155,372527.7444,372701.5125,362453651.8807,362454700.6098,362466029.3710,362467010.1841,9995.3199,9746.6910,8361.9997,11805.5493,8619.4079,9439.7400,11912.0590,13749.5096,4454.0520,7622.2365,13269.4787,9537.2386,7875.1907,13382.6478,6021.9594,13632.7578,10014.8193,6083.8383,4134.5737,12145.4608,12077.1345,0.0000,11996.0856,13598.8397,7696.4405,11181.1664,5057.4358,7536.5477,11045.4973,13037.9219,13662.2285,5607.7065,12172.3264,365002.6663,372440.3062,363745.0104,369182.2687,364093.5164,361815.2574,366977.8906,367356.4090,362457081.1691,362458129.9793,362469458.0320,362470439.1243,1224.0058,7865.3025,5697.5323,2417.6947,4166.4930,4325.1166,10355.4451,12065.7627,12752.5835,8182.3631,3314.0451,9973.1148,10252.6349,12198.2909,8598.3401,12768.9007,4886.8851,12175.8570,8498.5749,9902.6798,0.0000,12792.4434,10193.7386,13291.1530,7537.3936,9357.2536,11863.5787,11972.8481,11910.9594,9596.2433,12449.4916,11894.4351,371065.1813,377962.7396,369721.3509,375158.7298,369915.3783,367761.8982,372874.6469,373287.9800,362448119.5286,362449168.5138,362460496.7112,362461477.6958,8683.1519,5036.1922,1605.6181,2981.8200,3936.5318,10665.5673,11624.6176,13017.8428,8893.7606,4386.4181,9082.5397,10070.2736,11669.6501,9112.1526,13162.4159,4819.7666,11850.2110,9393.6522,9311.8652,0.0000,13065.5894,10654.3466,12986.0545,8532.0752,8563.8170,11212.0774,11444.2993,12245.6326,9974.4898,12556.0355,12406.7100,370000.1827,376859.4184,368649.7541,374090.7155,368840.9455,366683.8560,371786.7824,372210.1024,362448630.2570,362449679.3102,362461007.4670,362461988.4508,11770.3938,8647.0265,10664.4026,10743.3692,10763.4444,11110.7410,7630.0036,8201.6875,4960.2468,12946.5574,12795.5563,12025.8943,9524.3733,7984.1306,6764.7759,10422.8360,5716.3435,13553.2567,0.0000,10216.7112,9815.0959,11877.8988,3991.0602,11373.3385,12896.6417,13752.8820,10351.8044,10256.8179,7950.5803,8486.7014,372768.7716,380214.9952,371515.1800,376927.1231,371809.0798,369616.2620,374823.6522,375148.3733,362451336.3401,362452384.8571,362463713.2155,362464694.2558,5949.8408,3898.8350,1835.7370,8479.7857,11778.8402,13812.3755,8524.7378,8437.5023,7556.7602,6234.9927,11028.0888,7747.4534,13326.4280,8972.4177,12274.7885,10389.4059,5081.3430,0.0000,11799.6178,9134.6365,11989.2237,10517.4103,8939.4063,9728.0337,8228.2125,10630.9443,8041.1788,13623.7734,11925.1718,367337.6361,374103.4606,365971.1577,371384.8203,366071.7783,364032.6291,369176.5077,369544.7387,362450229.3417,362451278.6076,362462606.8972,362463587.7683,2838.8631,5218.3915,11669.6437,10791.8405,12758.6432,10041.2678,4781.8743,8501.2860,10923.8608,10989.5795,10299.4473,13284.3455,3581.9237,11045.5060,10228.7699,9791.5000,0.0000,13517.1873,11655.3911,12599.1032,9202.3094,7511.3742,10691.6856,11572.7866,12962.4970,11055.1442,12023.5465,12973.3598,369193.0833,376086.5080,367847.9548,373297.6230,368069.1019,365873.4940,370963.9195,371404.1484,362449463.9325,362450512.9803,362461841.0637,362462822.0801,4000.8355,11133.0552,10474.8962,13435.8195,10394.6651,7089.0222,6718.4477,9401.8552,10206.7670,10169.3281,13780.6146,5889.2947,10989.3433,11274.9835,7635.9132,0.0000,13323.1187,11469.6672,11951.3299,10705.5186,6749.2763,9377.1409,9793.1927,12672.5097,10650.4111,12692.7098,13267.1806,367150.1274,373954.2286,365789.7224,371232.3009,365968.1238,363818.8172,368914.4589,369343.7675,362450432.7694,362451481.9769,362462810.0752,362463791.0430,8329.8201,12460.1120,13738.5850,7551.0036,7030.9333,8845.9632,6996.9951,11934.0322,7054.7725,13163.0830,8330.0842,12814.2504,9303.1275,6591.4719,0.0000,11886.7466,8733.6293,12775.7512,9287.7526,9718.2376,10887.8493,9558.5875,10583.8760,7695.1173,13671.7273,11592.9654,369115.5903,375893.2504,367751.6567,373167.7215,367861.7170,365810.9178,370951.1252,371324.5414,362448900.2719,362449949.4552,362461277.7615,362462258.6474,12892.4581,10613.7062,3975.8531,10494.7894,11838.2863,4239.9291,12184.7341,2614.4044,8327.8861,12912.9116,12778.4125,6234.8090,7508.0963,0.0000,5356.2200,1439.9893,10831.4979,7920.4979,13114.2069,11505.8501,8399.4596,3099.6340,1041.4978,11874.2757,5221.0242,369529.1380,376733.2402,368235.2755,373582.9996,368311.0680,366399.3236,371699.5895,371897.7196,362452503.4846,362453552.4045,362464881.1306,362465861.9081,7371.8216,13729.5260,12238.1141,5940.2281,11777.0222,1869.4745,13597.5185,9438.2100,9451.2879,1216.1225,13246.6495,10168.2434,0.0000,10500.9313,13100.9960,3934.5805,12942.8911,4642.8595,3950.3262,8011.7322,11860.5168,13125.8310,5539.0893,11658.1240,361658.6020,369133.3898,360405.6613,365818.4490,360705.9095,358507.5984,363719.7844,364039.8966,362460125.6981,362461174.6468,362472502.7963,362473483.8109,10772.0262,11250.7009,11601.2111,12060.8920,8156.4631,11243.9090,3127.7670,10978.3857,6311.4394,9117.3691,12652.3921,0.0000,6538.8100,10096.1622,6418.3686,9088.1954,10617.5014,9595.2174,10805.5150,8402.9895,10847.2323,2343.9185,6627.7571,367041.7605,374810.0578,365839.2350,371213.4343,366138.9779,364002.6275,369306.4684,369527.9581,362458627.0481,362459675.5966,362471004.0666,362471985.0511,7569.3149,12976.3673,7182.9005,13488.0863,1743.2740,8785.0707,11100.5897,13467.8144,3100.1479,9718.9431,0.0000,7437.8988,3004.4425,12597.7827,4634.4000,13450.9442,13154.2845,11094.7440,5604.3218,3052.6331,11978.1269,5826.6166,372690.7811,379868.1353,371393.3884,376761.5265,371508.4052,369531.9262,374793.5628,375038.3904,362449638.3300,362450687.1177,362462015.7776,362462996.6182,11727.4407,11560.5789,12741.0695,8592.3261,11297.3890,4756.9510,12018.9349,6690.0183,11856.3213,0.0000,12116.6152,9899.3747,13385.7495,5138.3087,10561.4725,12911.3959,13295.0080,11457.8959,9712.1444,11188.6532,10680.8517,372886.1092,379975.9858,371574.2298,377005.6255,371809.8772,369632.6343,374773.4732,375162.2489,362448250.2132,362449298.9817,362460627.2399,362461608.2561,9093.9514,4832.6693,12340.3171,12498.4818,9228.4076,6968.2759,13708.8084,6107.2859,0.0000,11893.1046,12518.9937,7197.6132,13605.2932,3276.0958,3329.8890,5647.4328,12202.1482,11945.8761,10412.0843,13096.8981,361299.1567,368349.1948,359976.5327,365399.3109,360176.4176,358043.3809,363200.2362,363567.3690,362457047.7779,362458097.0538,362469425.1625,362470406.1077,10598.0659,5621.9822,10546.4147,12779.1806,12065.0004,9534.6248,3593.0030,0.0000,7503.7904,5575.3943,9908.2321,10725.4782,11225.4646,9247.3717,5359.6260,6105.7005,4603.7903,12657.7295,8486.7364,366163.9495,373191.8738,364840.0565,370200.6228,364893.4867,362979.1970,368241.7476,368477.3047,362453637.4493,362454686.6249,362466015.2150,362466995.9825,13121.3891,9720.6754,10244.0090,2828.5081,13413.2155,8778.5938,0.0000,10063.9507,12586.3294,3173.6862,13344.6415,4661.6878,2185.9177,6363.0450,11299.7089,12502.4874,6705.5195,11537.5883,360853.5729,368261.7916,359589.3713,364994.4706,359851.6965,357697.0235,362917.8891,363224.3152,362460286.2004,362461335.2423,362472663.4317,362473644.4047,9187.8226,11709.9475,13455.7006,4703.9527,8426.0015,0.0000,7129.1420,2206.3303,12202.1147,6229.9890,13231.3498,12537.9169,9971.6076,5036.6100,1578.1939,12391.0017,6103.1950,371493.5800,378618.6556,370187.3352,375550.0807,370274.9335,368329.3022,373595.7254,373831.8145,362450213.0170,362451261.9008,362462590.5748,362463571.3839,12176.4885,8589.3551,7374.0777,11984.4216,0.0000,3947.6358,7685.3163,7494.2894,7991.6823,12179.6787,10618.3085,10443.0188,5764.4589,8649.0612,5331.5037,3720.6623,368354.1750,376079.7228,367145.1855,372499.1939,367386.3134,365330.2792,370666.0089,370846.3077,362457456.8796,362458505.4324,362469834.0599,362470814.9765,9428.4827,10287.9837,11783.1206,0.0000,13439.1265,12640.0129,11852.3163,8852.1855,7072.5549,10672.3584,12602.2323,13428.5699,12388.2624,9932.3893,12759.1176,369255.6507,376364.8029,367945.7743,373400.3294,368240.6508,365977.2918,371078.1909,371516.2324,362451068.1905,362452117.0612,362463445.0997,362464426.1821,12743.3023,10783.9002,0.0000,10040.2025,12866.1240,3899.4557,12407.4653,5520.5840,4926.8046,8606.7079,11533.6815,13007.2416,4376.4408,11069.7804,362392.1612,369936.4820,361150.9401,366560.0597,361463.4665,359260.9424,364485.2924,364793.7719,362460134.0702,362461182.9401,362472511.1205,362473492.1429,11670.3611,0.0000,7490.6851,4965.0434,12446.2385,2040.1966,13488.3147,13580.1479,12427.2955,6451.3139,5590.5108,10440.1819,5193.0043,373629.5567,380970.6601,372359.1406,377733.5538,372535.7913,370499.3058,375764.6012,376013.3120,362450145.6082,362451194.2207,362462522.8481,362463503.7489,0.0000,9618.0972,8658.7471,9065.5572,12371.1024,8776.7559,6986.3733,3669.7616,8885.5643,7726.7044,12588.8497,10867.6262,363675.0141,370612.7980,362335.2787,367718.9135,362414.3357,360442.2434,365657.0334,365947.0009,362454675.3066,362455724.6221,362467053.0261,362468033.8355,0.0000,0.0000,0.0000,0.0000,0.0000,0.0000,0.0000,0.0000,0.0000,0.0000,0.0000,0.0000,0.0000,0.0000,0.0000,0.0000,0.0000,0.0000,0.0000,0.0000,0.0000,0.0000,0.0000,5172.7046,7650.2563,8847.9336,12604.1675,10165.2634,8289.1370,2407.4634,6039.6260,8242.7223,2703.1975,367494.1644,375056.1272,366258.1656,371595.8256,366413.8881,364453.7958,369804.3882,369958.3254,362456971.4445,362458020.1805,362469348.9074,362470329.7332,11171.2534,6776.8120,13470.0106,12131.1536,9426.2145,2931.3701,1322.7123,11506.4173,4333.7902,370636.7790,377895.1287,369352.1225,374700.8567,369446.0167,367517.9989,372821.2574,373018.5643,362452056.8682,362453105.6996,362464434.4379,362465415.2337,12742.3405,7513.5721,4125.8288,6035.5231,9290.9764,11338.7011,5715.5959,9483.9230,361543.0581,369096.2169,360303.0073,365681.1532,360545.8095,358450.5834,363731.8296,363971.1190,362461102.1225,362462151.0585,362473479.4199,362474460.3479,12937.4930,13685.5150,13162.0910,8127.7548,7233.8574,10096.1506,6653.6370,374021.5996,381355.7851,372750.0831,378140.6124,372961.7795,370870.7389,376106.7730,376391.1759,362449643.4837,362450692.0651,362462020.5961,362463001.5460,4664.3297,8217.9881,13173.4852,13087.6555,8982.8358,13387.0610,362410.3116,369558.3368,361104.1528,366543.9601,361372.7094,359155.8649,364290.0492,364689.6024,362456806.6909,362457855.8262,362469183.8390,362470164.8622,4649.9927,11047.3486,11846.8076,8461.3592,11796.6388,360427.5330,367703.5900,359141.5100,364544.0172,359359.0891,357245.1169,362459.2974,362767.5296,362459615.9207,362460665.0839,362471993.2915,362472974.2246,8463.8523,8937.4276,10653.6943,10226.0358,361613.9744,368782.1230,360311.0019,365683.7975,360429.9929,358443.8449,363700.2341,363950.9576,362458128.6618,362459177.8963,362470506.3178,362471487.1413,3826.2512,10005.0233,2823.2482,368749.7053,376173.2458,367491.5040,372829.0969,367607.3381,365679.6158,371017.6419,371180.2069,362454919.3433,362455968.1361,362467296.8972,362468277.6935,12058.1725,5514.1133,370278.8210,377446.1276,368979.1419,374333.0257,369058.4732,367133.8997,372419.9274,372633.8537,362451573.7370,362452622.6477,362463951.3518,362464932.1411,8559.1473,365756.0922,373484.9939,364546.5653,369937.9566,364873.9755,362687.3905,367957.5901,368218.4636,362459155.3882,362460203.9991,362471532.3383,362472513.3619,370095.3757,377652.1506,368859.3741,374202.9689,369027.8233,367047.6780,372386.7235,372554.7894,362454875.3217,362455923.9479,362467252.6883,362468233.5375,28019.4354,4560.9577,5898.3271,11291.5763,8811.0333,15268.5793,8401.6631,362746771.5469,362747834.5518,362759156.1019,362760136.1935,24160.6313,24528.6771,20934.4118,22341.7810,17931.5946,20102.2653,362735359.5730,362736424.2386,362747745.1567,362748725.0764,6298.4662,8172.1766,5007.6700,12260.0622,5435.3764,362743101.8710,362744165.0527,362755486.5440,362756466.6137,8822.0331,10696.4489,15172.5821,7302.8835,362748389.7782,362749453.1284,362760774.6962,362761754.6888,10532.2520,16181.3358,9803.2157,362740836.7636,362741900.2543,362753222.0031,362754201.8816,8822.0331,5652.0513,362739484.9931,362740548.2231,362751869.5160,362752849.6571,7957.8456,362740136.8438,362741200.4700,362752521.3044,362753501.5350,362743756.1245,362744819.5957,362756140.8383,362757120.9368,23743.9382,29007.2503,22261.2794,23767.5817,19571.5400,9171.2244,
2400.000,5816.1174,13393.5314,7604.5626,12717.7662,8528.0102,4121.5002,6489.6312,8192.0227,3616.2634,8785.4491,10604.9811,9093.1240,11329.9302,12655.8302,9576.3127,8737.7863,13607.6998,11307.3670,7019.1871,13380.3444,10421.9802,2484.1494,7403.6882,12707.7598,6123.7980,12800.5866,4773.9115,10550.2133,11924.0839,8040.2064,12783.8264,7918.8157,9255.7751,10959.7737,8141.5184,6429.1636,9576.9874,13652.2809,9097.7823,11887.2005,11730.1121,9381.4175,12798.1366,8863.9424,7964.7848,9382.6880,10257.1534,12039.5130,3605.3970,7937.7178,11245.2527,13228.9054,12363.8330,4271.2878,12419.9902,10024.2421,13296.2293,9986.0983,8745.8593,9935.5779,11628.1960,6431.4750,6259.2835,10098.6036,6708.8351,11009.5850,13480.7684,13732.0264,11803.7620,11106.9077,13768.1240,12398.8353,13267.6674,10450.1020,8477.6709,7749.9106,9950.8616,13301.6709,10152.5600,9701.2639,7605.8599,9398.4623,4554.5460,12697.8168,8337.7069,10127.6778,9883.4560,0.0000,4447.9019,9191.2668,4851.5619,12292.5105,9397.6188,7759.8731,6905.3256,6235.3587,9598.1984,8038.8587,5901.8765,362366.7239,369941.3912,361385.3961,366642.1947,361403.3741,359455.7999,364548.1646,364684.5456,362460725.9887,362461293.2078,362472346.3688,362473244.8211,13338.7108,6971.9868,13701.7909,10584.8896,1886.0450,918.3585,6863.6036,8267.8660,10141.4742,7323.1913,7942.8460,8815.7874,9536.5264,12760.3295,7029.3248,12421.2570,6972.3077,9533.7395,10581.2989,12953.5945,4362.7458,5672.1372,13425.1167,3596.5955,13737.2613,2718.3688,9042.3534,8874.7428,10523.3268,12373.7840,11233.6443,12431.8255,7761.7124,11945.4742,1524.7688,12813.5831,11405.7610,12361.2035,7941.8349,7630.3962,11009.1449,13156.3405,9980.8873,11536.7926,9476.9224,9065.8755,9501.3419,2388.3272,10242.3159,13313.0089,13553.2331,9590.1323,2996.5643,10394.6773,11926.3128,13110.2254,8404.4267,5184.6584,10481.4203,12868.5643,10938.4561,10809.1979,9434.3003,10363.0593,9782.3941,11924.2133,12101.8497,13179.0362,8163.1297,12000.6120,8787.6650,10934.6768,10891.2525,7356.7958,10885.5810,11641.6818,13535.8649,5754.4317,7125.1061,5412.4260,10877.8882,9580.7524,10333.1536,7967.9703,12595.5971,6124.1188,0.0000,9363.7570,11527.3962,5040.8060,13727.3435,5178.0783,4099.7687,3365.7629,10142.3849,11241.0618,9998.6085,10220.1950,360898.8427,368078.8957,359857.9336,365143.2177,359834.6189,357866.9077,362864.6864,363100.8656,362458502.3968,362459069.9406,362470122.9001,362471021.3582,12729.4250,3473.5997,8840.9929,13740.9744,13293.7085,10787.1319,12723.7487,8525.0757,11044.3442,11759.8203,8353.3757,8562.1874,7724.6488,10511.5417,2607.8975,9944.9473,11882.2669,6569.8667,6010.3174,13806.2192,11611.0289,2127.2785,12679.1369,3096.8277,13793.5907,8442.4527,9548.1928,9169.4630,3123.9353,9070.9068,7680.4304,10903.9650,9497.6166,13324.8186,7584.7343,5444.1770,7862.0661,9607.0036,9946.3004,10164.4369,5445.3664,8944.9011,8838.2271,8735.3166,10900.4459,7444.3470,13690.0707,9347.0536,4935.9019,2824.0227,9052.1391,13816.3850,6379.3715,9270.7897,1164.3563,9238.8185,12548.1232,10434.1788,7215.2262,10455.9422,10538.9182,8613.6690,10096.7262,10164.9250,3633.4084,3998.6992,6413.9787,8906.7109,4626.9275,8267.9196,5477.4831,7282.2573,12337.9269,10819.6863,7196.1095,1330.6135,11633.7131,10116.0847,12875.4307,8039.7949,11618.5308,8337.2799,12086.9935,6613.7955,10597.0047,0.0000,11532.7171,7916.8416,13505.8419,3729.3884,12055.5482,12918.6270,12481.5517,10433.4867,7540.7430,11311.4434,10654.6180,373806.9865,380990.7504,372770.9322,378079.1708,372811.1717,370752.3456,375699.3628,375998.8807,362448285.5558,362448852.5480,362459905.5756,362460804.1405,11527.2255,13111.5533,6669.2898,6588.7190,12027.5870,6658.0174,13057.2918,5134.7913,1975.3600,12631.9076,8361.4001,10730.1488,12140.5288,12371.6894,10020.0639,4626.0224,10585.9534,12309.1179,5739.0948,11312.5012,13162.9822,9839.2601,11782.9509,4927.1626,13037.3824,6869.3752,12847.4086,13437.2121,12424.6244,12314.2148,5375.5356,9560.4752,5807.8547,11386.6809,10871.4549,12231.4445,8385.2540,8270.9447,5640.6705,9710.2231,13260.0633,11942.1460,13196.6303,3560.9250,12633.8776,7159.8254,12842.9647,12615.5888,11462.4423,7294.6856,5028.7088,13037.7956,7089.7877,13119.2939,12832.0202,3906.5358,4572.4319,8678.5448,10098.4578,10159.1518,13357.6740,11925.7059,4694.2272,12577.0054,11365.9817,9488.1223,12195.0554,10966.0735,10944.5721,12294.8368,13726.9839,1100.6582,6690.6655,13542.1130,12246.1324,6239.7204,12072.6709,2086.7933,13436.1691,9408.1537,7720.4507,1298.7263,13034.0926,11084.6995,0.0000,9899.2203,13199.2698,3139.8391,11983.8726,5282.1201,3942.1050,9722.6320,11610.5175,13391.5449,4565.3844,11117.1553,361775.6322,369222.4563,360774.9725,366092.4952,360910.0316,358762.6835,363719.2444,364018.6882,362459625.2819,362460192.5506,362471245.2851,362472143.9067,9583.4030,13727.2647,13664.8897,12349.5820,11144.7400,9658.8623,11024.2745,10596.9240,10843.2750,9363.4767,5344.3672,12241.4915,5533.9577,11736.4324,9724.2183,8399.0084,4907.9803,13146.9381,12945.0200,3674.1150,13589.2828,448.6581,13466.4097,10733.3482,9818.3617,9627.3768,6157.6547,8775.7710,6731.9770,10872.2396,7117.6123,13510.8852,5614.3879,7230.8054,6869.3178,10751.7708,11069.3701,7665.7705,3169.0644,10213.4892,8048.0880,10449.9250,9692.1089,10120.8340,13685.9648,9928.1556,4062.5231,1534.2546,9270.3851,13413.4639,9251.4708,6462.1097,4476.0411,11346.8928,12395.6974,8344.1718,4261.9201,8825.9498,8996.4769,10670.2109,9775.3054,8981.7626,6673.3321,5937.7289,3255.8990,11266.9547,6195.1188,10439.7959,8281.6987,9129.6723,11210.6822,8305.0013,8180.3158,2229.8698,12155.8960,12111.3164,12227.7744,9178.9377,10286.2023,8430.7409,10678.3505,6456.3085,12478.2531,0.0000,10483.6916,8371.8005,12573.6713,1446.0918,12309.4804,12772.2333,13545.9454,9981.0984,8555.9550,9048.7580,9857.8945,373240.2409,380645.4899,372237.1147,377546.5856,372343.4165,370232.0423,375197.6650,375484.1272,362450505.5326,362451072.3735,362462125.3690,362463023.9848,10237.1803,11155.3042,5859.8756,9480.0898,1205.7905,13544.4694,13469.0775,7787.8951,13087.2796,7726.1236,6199.0913,9678.5714,11143.7358,11666.9393,11821.2606,5781.4072,10264.5352,6724.0047,7283.2769,8180.2711,9367.1331,11348.0912,5942.6681,13449.0271,799.5162,7059.0649,2768.5601,4715.3324,13720.1233,8340.0659,11496.7546,6828.7366,11648.8319,4736.8638,12659.0500,12713.5678,12149.8792,11634.0848,1731.4542,4003.1485,3331.9046,13699.5611,8385.6334,9712.1842,720.7671,6294.2048,10206.7676,13518.5339,11120.4205,8005.9655,11696.9755,8212.6072,5936.1602,13201.4600,13053.5042,11575.2554,6659.1644,6469.1812,4590.9635,3075.1767,13729.8000,9420.4564,11040.8653,10961.8655,8318.2503,11553.8083,10917.6001,9846.1859,3155.2809,13421.8879,10761.6253,2018.1239,9330.1330,13028.7619,7322.5355,12994.6204,1245.8429,6859.5039,13414.4418,13199.5667,3999.3836,9009.4300,0.0000,6050.4133,1664.8611,11749.9649,8543.4656,12991.7438,12717.7796,8734.1016,3600.0991,1538.8996,12055.7737,4576.0679,370121.7904,377504.1723,369114.4252,374358.7074,369049.6258,367186.7969,372282.8412,372405.4931,362453366.9958,362453934.0608,362464987.4627,362465885.8504,2576.7578,7359.4987,6776.2631,9999.2029,8271.8100,7998.6128,9907.8351,10678.9812,12063.2672,7689.0638,13163.5734,8586.0548,8574.0692,11747.6585,12529.5455,2641.1482,6174.8968,13600.0494,4066.9390,13789.2845,1926.5591,9794.7517,9897.8395,10037.8646,12901.0607,10523.6604,11796.5055,8703.8575,10989.2416,2653.0728,12129.8818,12412.5681,11695.2578,9349.7108,9077.0063,10467.3026,13280.6809,9895.8827,10753.8474,9702.9674,9270.1814,10631.9701,762.4114,9795.1095,13045.8345,13781.7649,10553.2910,1844.2635,11388.2023,11399.7562,13565.7691,9136.0590,5988.4538,10209.7570,12655.3160,9797.7709,9657.9035,9911.9251,9507.1853,10084.4722,12786.7416,12940.2504,12972.8656,9373.0565,12861.4171,10219.4436,12023.9860,11087.3641,7306.0861,9927.6425,11468.2242,13828.8265,7121.9878,8128.2493,5552.3627,10733.7845,8243.2801,11196.6150,7719.8118,12201.8080,7513.9993,0.0000,8075.2250,11141.4903,4068.9099,13633.3907,6377.7100,4808.5988,4337.0215,9198.4868,11066.1259,9244.8296,9153.4090,360661.5817,367976.2804,359640.6874,364916.9566,359632.5454,357669.8675,362699.1638,362902.4020,362459814.3267,362460381.7890,362471434.8000,362472333.2562,7393.1942,8660.1158,10678.0768,6573.6251,7435.3851,8896.1492,8917.1583,13008.3335,7481.8473,12258.1089,6554.6920,9539.7582,10142.2936,13247.3811,4826.0283,6261.3846,13523.0935,4309.0302,13712.1132,2795.6989,9322.0417,8196.3788,11117.3925,12446.7492,11790.0095,12846.3216,7018.7035,12229.7648,844.9321,13117.4095,11015.9852,12783.7088,7291.2985,6960.6195,10864.6693,12935.1695,10534.2227,12039.9994,9957.3797,8533.5991,9478.7184,3183.8103,10849.9066,13546.2562,13431.2148,8945.7313,3200.9467,10396.7024,11833.3676,13106.1052,8743.0231,4407.9628,10175.2313,12720.9919,11408.6156,11298.5359,9832.6931,10988.2979,9247.6064,11773.2455,11799.4348,13081.3023,8198.6993,11647.1042,8425.8089,10728.2608,11295.2166,6872.7377,10981.4274,12094.4761,13470.0691,4936.0382,7390.8442,4860.3633,11382.9011,10135.0465,9742.2105,7577.7849,12985.4090,6162.8287,0.0000,9974.3077,12030.9880,5014.1767,13786.8986,4342.3701,3362.7127,3894.1029,10778.7660,11717.3640,9909.2347,10832.1510,360787.0120,367935.3202,359741.3207,365033.9892,359727.6424,357739.1315,362718.8505,362976.0333,362458274.8278,362458842.3914,362469895.2993,362470793.7745,10683.7962,4925.8550,11270.7433,12449.4592,4509.0571,11170.8671,11779.0098,741.7932,10119.7722,7189.3346,12718.6094,10221.3926,10377.6229,8887.7946,1391.7540,10273.2775,3651.6158,12165.4408,8860.8265,3333.8676,11533.8805,6236.3926,8461.9898,8010.5934,9770.4682,11546.0837,11921.5287,8054.2924,11256.0034,10766.7240,9776.7324,9771.3769,9665.0831,13505.5197,13340.3271,4428.1634,8976.7065,3378.0391,12937.7039,5774.3187,6986.2315,5775.3686,10588.5789,12314.1412,11914.3870,8846.9544,6386.4048,13649.5387,10028.5323,2394.9251,10526.9895,13599.0853,13670.0541,10369.8814,10167.5461,3198.7125,7526.0184,13140.7031,9276.9749,10930.2271,13404.5255,4463.0804,11277.2592,7858.7509,8502.3802,5276.2104,12244.6722,12857.0366,6891.2197,11525.1981,9793.2739,2350.0751,10991.2799,5735.9551,9626.7592,12256.7030,12515.4035,9101.3090,4000.9622,0.0000,8867.5320,7258.3024,10398.7020,11891.8264,9907.8058,9912.9083,3813.8079,7688.1404,6385.4707,13095.8066,8450.7418,366269.5503,373342.7313,365214.8050,370472.7934,365096.1649,363249.2305,368288.4354,368467.2892,362453778.6609,362454346.1029,362465399.3511,362466297.7114,9983.8681,10589.5364,7996.6533,12981.8632,12607.4747,7429.9003,11137.3210,13401.8967,12751.1401,4050.9439,13545.7082,9238.1699,4398.2489,10167.9252,12046.6600,9159.9122,11330.4115,6459.3703,12293.3179,11724.0586,8884.6683,12937.8117,7913.3945,8293.4311,10846.7648,5518.3078,8316.6273,7770.2620,13508.9872,8115.9681,12486.7048,12420.3099,6633.5309,10967.8936,10291.2603,7349.1978,11035.3419,8965.0403,13373.2288,6545.5442,8989.2829,10116.8223,11870.3111,11978.0130,6003.4456,13491.0558,7212.1644,12922.2952,11974.0515,9223.3575,7672.4279,9258.4786,4676.1224,4661.6040,11823.8905,7077.0971,9659.2078,13626.2462,13370.0526,9538.8893,12870.0201,13339.2172,13446.4759,13824.6206,11523.6249,7539.2404,4489.2963,10422.1414,12282.5880,10961.4108,11926.1442,7634.3984,10324.2667,3372.2930,12077.1487,6946.3594,9606.2159,12057.2098,0.0000,4085.6249,9512.5556,4995.8724,10785.1182,10157.8087,8569.3149,9757.9069,6570.7848,10247.3953,5222.7106,5756.9948,363682.7788,371421.4884,362726.5015,367994.3334,362820.0736,360794.5109,365879.0500,366032.4822,362460915.8278,362461482.8551,362472535.9526,362473434.4792,13072.4018,13336.2332,6644.0820,12457.6014,8406.1463,5183.8863,9073.7395,10207.5907,12020.2036,11066.7884,6355.3954,10321.8000,5931.5584,7152.0303,7593.1587,9419.2241,11158.8414,4754.6671,12914.3818,1933.6331,6432.4416,3865.9087,5573.8125,13247.6426,9079.4900,11074.1722,7568.3306,10979.1616,5618.8739,11914.5682,11965.2471,12416.2759,11619.1165,674.8848,5009.7115,2140.2989,13539.1707,7290.0606,9511.1111,1645.0587,6687.2013,10107.8225,13004.2425,10981.9839,6956.3226,12023.7010,7794.0452,4769.6491,12797.5158,13148.8012,11774.0995,7539.3303,7357.2172,3386.7160,4100.5085,13542.5199,8677.2602,10453.6011,11181.7244,7197.0870,10980.8519,9962.3524,8953.0969,2178.5400,13305.0355,11263.1802,2177.8068,9149.8926,12416.9114,6234.0511,12769.7845,903.4088,7638.2342,12942.1188,13172.4317,4635.7438,7992.3118,0.0000,6838.6147,2491.9524,11751.1400,8732.2336,12461.3853,12341.3008,8044.5798,4573.0830,1611.7934,12351.4223,5527.0542,369991.1908,377288.0976,368971.0016,374219.7163,368893.0020,367032.1762,372111.1475,372251.1390,362452741.3452,362453308.4763,362464361.8493,362465260.2330,3906.7488,10153.0479,3828.5013,12423.4082,11063.6148,9720.3794,6341.2277,8750.7374,6563.4161,13015.3913,8885.4847,10781.3757,12162.0192,9798.4191,11177.9768,7094.0757,11324.9393,2275.4156,13583.2815,11574.5172,13710.6193,13529.0754,460.8657,12123.1450,6090.3113,12915.7674,7241.7989,13527.6384,3720.9325,3629.2270,8261.9152,9026.9392,13173.9563,13481.5317,12523.2737,3785.6143,9798.3110,8852.6388,13498.6149,12882.0652,10300.1736,3046.9075,7483.4142,10335.4120,9221.2468,11324.9607,11316.3716,2760.9703,6630.1886,9370.5521,12759.8480,12802.1347,12182.8799,13514.0023,3977.1045,9700.1762,8279.6290,10005.1193,9601.4492,7738.0520,7055.3136,8955.4474,12948.4271,4262.1993,10096.0963,13542.8136,10870.5053,2427.8679,10310.6580,4099.5308,13411.2390,12387.9871,3989.5194,5077.0721,13579.5455,8792.4817,0.0000,12593.8541,13702.2057,7006.8968,11816.1680,2452.3841,3924.7804,9158.7478,13400.9659,13414.7060,8227.4551,13255.1654,363477.6431,370570.2285,362424.7652,367763.5093,362514.5233,360362.2280,365240.0074,365620.7363,362455354.6516,362455922.0949,362466974.7271,362467873.3493,12342.1303,6874.4437,10689.9887,12456.5844,11270.0846,9481.6899,5340.4954,9285.2193,12148.0689,7394.2137,11884.2146,12470.2121,10655.0855,10866.0361,6382.2107,12967.7223,5319.2554,13284.4231,12755.1273,12867.0915,12464.8612,4008.1356,9856.7241,6709.0274,11401.2443,9500.0758,12413.8876,7309.9431,7268.0526,5230.2279,8425.6597,13567.5740,12339.8713,13386.6730,1624.8070,12132.2586,8502.4132,13301.0020,12273.3739,10337.3345,5632.7792,6562.3196,12460.2527,6581.9012,12243.7361,12897.3278,3854.6727,3612.5473,7705.2512,10776.1925,10867.4431,13425.8243,12573.5356,2783.0015,11565.6355,10039.8978,8575.6533,11930.9684,9555.0398,10120.9485,11338.6853,13715.0239,960.4872,7053.1978,13618.9695,11226.7472,5665.9543,12173.8760,2903.4869,13630.2620,10406.0518,5984.9555,1282.2094,13027.3128,11087.7597,0.0000,10887.7725,13419.2800,4948.4612,11263.1985,4948.5327,4451.2358,10390.2644,12331.6006,13526.1605,4798.2771,11888.5610,362968.9715,370345.2131,361958.2476,367288.0090,362105.2561,359926.0871,364849.9037,365186.5789,362458050.1189,362458617.3779,362469670.0498,362470568.7005,8613.8961,12290.8900,3819.4709,6865.8639,4791.5158,13776.6158,6783.2556,10510.5033,11484.1037,5341.3027,8578.6609,6923.1149,10596.5241,10812.3161,2099.9676,9581.0122,8388.0042,5897.5871,9909.5227,10737.7763,10280.6918,13024.3174,9426.2634,11877.6885,7386.6314,10826.9067,7429.2125,7462.8992,13611.2619,11691.1812,6366.6393,10622.0003,4797.6353,12307.6796,1380.4645,9824.6017,8082.5079,10204.6103,10306.7116,9780.8967,10962.9195,2349.7627,13591.0821,7495.4593,2534.0599,10507.3351,13348.3485,12820.1553,12323.6167,12209.7380,3613.5158,10023.3550,12142.2237,5710.5760,7668.0293,12491.5843,934.6566,8078.1363,4333.0503,4511.3843,5400.5052,12451.5253,13803.0689,7609.7416,9354.6066,8860.6202,2540.0271,11530.9392,6990.7292,12160.3136,9998.4083,12802.1955,9597.7639,3248.9170,0.0000,11598.1802,8536.0127,12079.0596,10745.1743,9451.4652,10400.2722,6388.0454,10309.8286,7353.1678,13733.0266,10994.2758,368666.6323,375538.6701,367582.6781,372868.9473,367479.4986,365568.9454,370530.2975,370796.6774,362450051.9942,362450619.4613,362461672.5642,362462570.9801,12275.8047,10774.5889,6736.6072,5349.7355,10807.8687,3037.3841,12169.2560,11483.9655,11124.9321,10126.6000,10912.8292,9421.9293,9987.8384,10097.9596,1723.5699,13309.3588,9205.3125,13590.5724,13111.8088,3547.2003,12664.9269,8718.1257,12637.4311,3739.8511,13174.2827,2318.0944,2697.1839,9504.3521,7649.4377,12578.8102,13430.6670,11721.0408,6013.1178,7794.7833,11105.3425,13246.3004,11696.4057,8237.5353,1551.7219,10325.8999,8078.0380,9901.7882,8815.3043,10402.7665,6301.8230,8131.1175,8990.2273,13503.0739,13557.4051,11147.3953,13756.5069,5410.2724,6711.8858,5036.3591,9324.4556,8251.0998,4429.5907,4795.6749,5998.3756,11718.4145,7491.7376,11458.1452,12576.5896,8587.7670,4625.2571,9702.3127,7620.9767,12617.9348,13580.1196,2013.4259,7970.7476,12717.7550,8386.7945,0.0000,13663.5763,13059.3231,10065.3359,10321.9663,5407.3252,7250.3360,10172.7050,13804.8710,12546.7300,10091.9484,13838.3402,366863.8935,373816.9751,365791.4555,371135.9407,365858.2600,363712.2241,368562.8572,368970.5460,362451573.1573,362452140.5643,362463193.2187,362464091.8404,11996.9275,9652.1842,13539.3165,7296.0481,11943.6287,3051.9655,10706.9793,12147.0528,6535.7448,12485.2902,5481.2832,11974.4984,11449.1700,12165.4405,7324.7501,8891.2446,5560.7963,3408.3514,12443.6693,2231.1272,12828.6366,1124.7340,11179.3146,3372.8297,13068.9088,13242.6774,6659.5748,6843.7865,9045.6923,4302.5298,10012.2538,10484.2313,12151.0674,11818.7966,7747.1656,3796.0580,6711.0596,11918.6611,11712.1911,11533.1972,5519.3718,8171.6684,11707.5664,12684.8601,8313.9901,5564.5467,3993.7892,4228.0271,10813.6605,6298.3717,10330.0454,10370.5757,10224.1554,4927.0465,12653.7508,10450.1445,12986.3412,11563.2466,9119.6664,10930.9747,5247.6791,7167.3246,6999.7804,13316.4491,12538.2259,11799.3892,8045.0958,5864.8341,11394.8157,10153.8054,4695.7283,13239.8760,0.0000,6248.2098,6470.9954,10776.1581,4449.6805,13052.2447,12609.7581,12863.1367,6305.8186,7435.2289,7255.0973,5768.5442,371028.0351,378724.7782,370067.8760,375344.6971,370174.5285,368122.1819,373182.1383,373364.3340,362454875.5497,362455442.2944,362466495.4652,362467394.0301,9699.5746,6657.9533,12977.2942,9717.2990,10517.7886,9302.8467,1808.4838,10109.4558,3985.9802,12046.1039,9113.9274,2800.2193,11224.2317,6634.2443,8123.5421,8408.2853,10040.0871,11323.6168,12231.2390,8148.3609,11488.0910,10298.8434,10060.5155,9347.1173,9249.7755,13627.0716,13201.4816,4695.5374,9349.3325,3431.5530,12877.5787,5116.2036,7375.8322,6188.4947,10645.6866,12120.8201,11594.6785,9138.8848,5790.2706,13760.4724,9726.1330,1837.2239,10460.4754,13643.7960,13662.2801,10806.0173,10616.3290,2967.3403,8021.2067,13032.6171,8796.4448,10502.2291,13391.8258,3759.3106,10854.8177,7261.7023,7933.8791,5228.2192,12292.8694,13123.7847,7038.6842,11300.6098,9550.0114,1636.7641,11048.9163,5935.3081,10142.6609,11939.2490,12596.5722,9276.6178,3446.5767,0.0000,9411.6248,7522.3208,10666.1392,11840.3295,9746.4931,9914.6596,3946.1252,8207.6943,6561.1297,13289.7536,8966.6173,366528.7109,373556.2581,365467.2475,370729.4776,365346.5459,363493.3828,368519.4210,368712.5257,362453177.9609,362453745.4225,362464798.6479,362465697.0130,7907.4773,12494.7053,4249.1239,8093.0524,13669.9817,10876.9005,4391.7822,11900.9400,5268.1456,13208.3713,7564.5442,8026.4203,10105.4628,3259.6885,10423.0939,9509.7061,9565.3204,11118.3416,12338.4380,9565.3937,3249.7674,9670.6979,7620.8057,7979.6436,10874.7040,6354.7153,9335.8833,10383.4825,8671.5300,10396.1917,5708.2905,13208.2010,10158.0792,7163.4306,4410.2612,7574.2716,13328.1523,4786.4924,10303.3641,2476.7166,8381.0617,11428.8183,10680.6597,8379.3863,11874.1236,11924.9458,8188.6729,11224.6802,9641.5561,1316.7048,2033.1285,7851.9907,7299.2955,2813.4159,5995.1835,3096.8617,7592.4583,11855.2951,11884.9369,8284.2568,3491.6385,10060.0698,8929.4678,12143.7185,8787.3985,12689.8781,6995.6061,11834.0649,8402.8428,9053.7308,0.0000,12547.0181,9157.4782,13243.0429,6070.2324,10676.2815,11895.6988,11490.4700,11536.5584,8488.0452,11895.7651,11837.7842,372636.3194,379658.5643,371575.8795,376893.4725,371594.3776,369534.6752,374446.7241,374781.9644,362447824.4870,362448391.6412,362459444.5877,362460343.1473,12623.0778,5045.2395,12699.8919,10415.2208,7072.1803,10873.4660,7161.8332,11643.1968,8816.6907,6550.6192,6031.8679,11515.3174,8782.4272,12572.4288,13082.1687,6481.5961,13830.7246,6886.6007,13513.0544,6298.8335,13133.6197,3334.5613,3194.0897,12399.2257,11254.0341,10042.2840,12938.4788,8748.7475,9471.7001,4617.2884,8880.7043,11255.8206,12415.3407,10895.9237,6506.9425,9173.0522,5682.0033,12835.6556,9558.2073,6557.0320,6916.5273,11464.5568,12332.4625,13602.2521,13537.7604,7876.4235,12454.9357,9398.9075,7033.0414,7412.7673,12410.7445,4019.0412,7348.2675,2230.2491,5354.5235,9473.3002,9602.7486,13341.8424,11132.9192,10548.2285,4663.6844,5274.1813,8508.4058,10641.3255,13182.5561,7151.6864,10270.6109,12402.7582,3482.3600,0.0000,12896.2790,11762.1418,10123.5238,12137.8837,5535.3675,7118.6479,6185.1143,12551.7691,10897.1649,12412.7803,12917.7888,365534.5787,372351.3277,364441.3236,369756.2479,364393.9605,362388.8582,367287.4340,367629.3128,362451807.5237,362452375.1233,362463427.9710,362464326.4630,12258.9178,9655.0106,6547.4330,12291.0131,11744.2345,11281.8958,10034.3472,7450.4867,13587.5011,9699.3842,11205.7574,12969.9031,10081.1001,9498.4841,8879.8863,5660.2156,8952.4143,8110.2369,12060.9604,9377.6400,11313.6703,11320.8366,3008.6215,8533.1273,12409.3294,9219.1502,12898.3813,5960.4764,13784.4263,8677.7720,11370.1915,10214.5000,10258.7783,9793.6523,7216.1982,13811.9036,4109.6695,12404.8278,13482.3173,8108.2019,3977.6297,6557.9450,6698.2134,6848.9707,13443.6850,9727.1525,6582.8014,12994.2947,11958.4787,7231.3818,13629.0661,11736.9742,13039.9071,13338.4336,13022.1758,5196.7359,2314.8236,12003.8148,11134.2891,9982.3826,13319.2865,6418.9980,12200.2686,6509.0930,9737.7790,4205.4692,10704.1064,13027.7007,0.0000,7330.0398,11331.9312,5211.6225,9845.3757,9208.4080,7969.4175,11532.3258,9358.1877,11964.2574,1277.4986,8562.4035,364353.6986,372065.4693,363393.6592,368692.0598,363557.5069,361422.5063,366441.5581,366675.0635,362459916.8410,362460483.8248,362471536.7208,362472435.3438,11108.1499,12698.5523,10541.2966,8256.0080,10965.5711,8316.5876,11501.1777,8333.8232,4674.6876,12193.2171,6798.4125,12696.3894,12206.1603,6372.0960,12794.4351,10158.8725,12081.9663,1410.1027,12312.3479,3785.9693,4191.9368,10853.4498,7615.6893,11172.0055,12692.5708,10175.0280,8442.6929,5654.4749,12017.9281,12125.8431,10440.8282,7138.4893,4380.1763,11778.8231,5655.0232,10863.6822,6583.2838,8869.8997,8627.9222,9919.3508,9446.3958,13478.6835,13513.8062,9448.6080,13085.1141,7756.6494,3965.2331,2870.1086,9420.1323,6666.8970,2596.8203,3310.0106,3178.8279,9882.6730,9864.9946,12433.3229,11003.2717,6984.4838,6727.1818,8529.9669,9874.4926,11108.5025,13779.7472,4234.5739,10200.1078,11423.1790,7644.4234,0.0000,13702.9201,11739.5848,11805.4007,9227.5632,7590.0473,9328.8187,10247.3938,13261.0921,11022.7014,11608.2652,13482.0973,369281.5107,376166.4986,368199.6894,373534.9228,368224.3563,366127.1883,370989.6138,371379.5979,362449218.4898,362449785.8636,362460838.6291,362461737.2117,11731.2075,11062.2435,4254.8552,11945.1961,4782.2253,12804.9467,9474.8252,12457.0518,5615.7178,6533.5143,4292.4883,1958.3466,13033.0871,4958.1657,13247.5382,2199.0762,10322.9195,2139.5216,12784.4927,12983.6859,8963.4389,7449.7678,7022.6319,3523.1502,7960.8773,11862.8909,10357.7163,12221.2696,6052.1071,1208.7282,6136.8227,12196.2973,12589.3170,9552.4729,7884.0207,6127.9851,9877.6279,13445.7881,10262.8647,7170.2306,5389.9909,5479.1138,8729.9314,5535.4488,11584.2853,8660.7587,9215.0043,6274.9550,11051.6590,9650.0820,11873.9711,9973.7418,6670.3501,12417.1118,7912.4770,4638.7988,5720.7848,13540.6706,11036.2451,12950.7023,5768.8019,7045.2405,11669.8015,11837.3857,2004.2824,12072.6914,0.0000,6985.3109,4259.7067,12142.8193,3560.4258,13485.6879,13362.5138,12276.8309,5826.0648,5044.2716,9602.1324,5808.2030,372609.8056,380159.3084,371628.0427,376899.1492,371678.1057,369679.4963,374737.3190,374915.7372,362452515.6286,362453082.4294,362464135.6805,362465034.1974,7901.3201,13492.7709,6126.0909,13270.2314,2492.4899,11147.0092,10523.4731,9884.3827,13394.5591,9845.0487,10882.7917,9275.4312,9265.8952,4535.0181,10897.6343,13121.9465,10746.4015,10623.9450,10416.4357,8911.8691,12651.5783,10368.8189,9804.4340,10562.0233,8756.7499,12090.4189,2583.2598,9757.4670,12401.7056,13435.5389,11065.8965,1953.0953,12627.9570,9880.9664,13791.3509,10589.2778,6700.2224,8990.8103,11559.3287,8152.4857,8042.3515,11026.3160,8786.1572,9655.6345,13529.9386,13442.8153,11936.0400,11089.3784,13347.3437,11751.5939,13107.3712,11674.6093,6643.7071,7943.7002,11484.9513,13670.2772,8424.8977,9922.5015,5474.8139,10949.8544,6500.6426,11548.3940,6715.7030,11659.9344,9567.3611,0.0000,6588.4418,10901.4221,2689.1750,12989.4183,7528.1446,5637.9057,6601.6281,8362.5329,11146.9251,7446.5882,8026.3424,360931.0242,368431.8925,359938.0655,365211.4096,359975.6387,357983.4752,363036.3324,363218.7801,362461086.7650,362461654.0792,362472707.1050,362473605.5914,11182.4267,2296.5152,12801.9652,7771.1809,4545.3365,11306.5345,6970.7883,9500.0240,8580.2945,10377.3379,11097.9808,12048.3094,6961.7542,11712.3440,11184.9987,10359.0444,9584.1148,9422.9839,13306.4521,13669.0384,5485.9847,9464.9318,4646.9595,12521.1409,6572.1737,5808.6175,6520.3956,11347.1333,12906.3603,11771.8439,7767.1181,7325.3103,13605.3621,10940.2895,3618.6972,9743.1646,13315.9492,13850.5311,10451.5592,10244.8304,4552.4989,7906.0114,12837.0069,10069.9420,11477.0807,13691.1211,5074.7882,11741.9631,8107.1361,9189.9760,6517.8800,11589.5815,12657.7589,7911.8493,12254.3821,9184.2222,2939.1493,10171.1561,6779.5006,9473.7613,12213.0325,11921.2150,9912.3861,3911.1921,0.0000,8758.7335,8120.5894,9491.9610,12552.3604,9195.3896,9020.7844,2555.7423,7967.3545,7400.5171,12735.1199,8622.2561,364904.8591,371994.2655,363852.0472,369111.1469,363740.1279,361886.2684,366925.4345,367105.1663,362454954.5325,362455522.0154,362466575.2302,362467473.5947,12390.6725,3250.9569,13837.6116,8136.5204,10952.6023,7577.5242,3080.9655,7352.2725,5894.1510,12083.7916,8461.6291,13597.2383,6142.7290,7284.1813,6095.9211,10928.0912,11218.9805,10354.4575,6427.2153,7652.8466,7145.4483,7774.2143,11807.6391,7946.9246,13435.0180,7820.2384,3146.9218,3912.9802,10547.7177,13782.7476,6846.9176,9350.6550,2047.6902,8882.1220,13294.6313,10985.4039,7604.1078,9147.7638,9213.8029,7927.4926,8523.8463,11215.8243,5063.7327,5947.6210,6662.0334,9229.8971,6570.2854,9421.2445,6751.0229,6110.4667,12940.9178,10428.3495,5496.4198,2568.8762,12616.4450,10034.0833,13404.6983,6531.8632,10442.1697,9907.7753,12599.1997,4667.7694,10881.1736,0.0000,10283.3833,6149.0239,13538.7381,3059.2537,12914.9624,13487.1052,12370.7872,8911.8440,5924.9116,11352.7956,9181.3272,374087.1537,381365.2569,373065.2375,378357.6937,373092.1021,371072.3802,376060.8434,376313.2914,362448972.4308,362449539.3572,362460592.4988,362461491.0314,13517.9492,5769.2591,6542.8449,10759.8586,8245.2131,10982.2766,9496.7054,11205.1257,10175.0159,12013.0766,5030.6056,12220.7900,11705.2930,11152.6784,9266.4894,9030.7122,12631.7869,13859.9182,7260.2360,10183.1248,6667.5424,11528.6071,7994.9144,3754.6595,7849.4886,12324.0239,13552.2684,11341.1330,5785.0249,8851.2741,13180.7305,12173.2340,5696.2214,8270.8333,12501.1000,13786.1793,10467.1134,10270.2477,6670.9065,8613.7983,12028.3591,11202.5500,12160.6515,13806.2222,6444.2004,12288.5876,8647.4682,10252.3893,8415.8378,10216.0873,12028.7888,9467.9066,13144.0595,8128.7325,4639.0253,8571.5647,8438.8440,9183.4663,11914.7485,10631.6352,11060.6099,4618.3070,0.0000,8610.0519,9464.0037,7750.7843,13316.2126,7918.8447,7370.5527,1107.1628,8521.0319,8976.7548,11813.7619,8947.0937,362877.6780,370016.6276,361831.4755,367095.6433,361744.9820,359863.0748,364898.0778,365085.5651,362456859.5652,362457427.0856,362468480.2268,362469378.6134,13584.8955,10465.3989,9942.6874,9440.8861,5775.1810,8651.0631,6637.5029,11030.3183,7314.2907,13585.0808,5663.8661,7143.9003,6785.7568,10763.5116,11083.2523,8041.4696,3526.4808,9970.0156,7974.3095,10189.2892,9976.4422,9866.6439,13735.2535,9737.7902,3861.2961,1524.6169,9401.2429,13533.8645,8961.7362,6857.3447,4082.0220,11101.5937,12547.5492,8705.4546,4693.6312,8915.2576,9075.0189,10395.2753,9684.2967,9267.8346,6396.6066,5809.8259,3693.0742,11048.3258,6120.1376,10301.9263,8047.0118,8820.8498,11469.6988,8620.3984,7905.7902,1890.5942,12236.4494,11910.7127,12424.8101,8918.3879,10372.8575,8573.0152,10962.8428,6247.8196,12326.9901,0.0000,10528.6110,8150.6061,12763.4354,1307.2033,12416.9629,12911.0175,13471.6691,9914.3262,8292.0924,9387.3947,9837.0185,373457.0471,380844.1146,372451.2586,377759.3207,372548.7806,370446.6977,375413.5082,375697.7083,362450202.0641,362450768.9121,362461821.9229,362462720.5305,10920.6644,8948.9931,11118.1169,13365.6221,11333.3250,12248.2313,7527.1599,10784.3765,2266.4664,12217.8327,12132.3095,12146.0109,8880.0732,8611.4788,9329.8340,12602.2133,11140.1966,11351.4978,10964.2930,7783.4950,11336.0045,2563.6494,10939.8734,13281.2807,13472.8312,9615.3242,543.4412,12047.8482,10445.9124,13771.8415,10376.4895,4616.2969,8862.6696,11856.3946,10018.5852,9931.1888,11140.4221,10418.0461,8709.7698,12967.4662,12719.3838,12324.8937,10254.9064,12533.0118,10401.2037,12265.1659,12143.3671,5604.2470,9123.1022,12384.4276,13729.6006,6326.7883,9352.1726,3819.0043,11811.0924,8591.7399,10280.7295,6077.1753,12774.5767,8487.6276,0.0000,8644.4640,12039.7581,2467.1438,13533.1647,5382.5269,3425.3332,5834.6495,10082.4735,12043.8891,8038.1560,9875.5553,360260.4719,367608.2012,359244.3376,364533.1246,359276.8509,357260.5833,362267.9190,362500.1032,362460263.0322,362460830.4712,362471883.3871,362472781.8896,10917.8271,6590.2665,5716.3154,8306.9301,9432.3811,11483.6769,12182.5362,9877.7428,10884.6395,8710.1658,9514.4825,9048.3467,9074.8467,13646.0616,12017.0720,4399.2426,9182.7478,2767.7607,13043.3857,3120.5366,9553.8330,6249.3960,9314.8914,10480.2136,11100.8628,10971.1349,3365.9183,13521.0006,7508.6640,988.6697,11394.0229,13683.6012,12892.8238,11165.7136,11021.5017,1525.1356,8409.3187,12945.8097,6570.6405,8697.7110,12462.9986,2746.7977,9189.0735,6248.1680,5895.8291,3630.7480,13009.4589,13404.6613,5949.9339,9430.0064,10127.3449,2493.5196,12114.7397,5152.1546,11008.1631,11244.2933,13234.8894,8257.5071,4259.3258,0.0000,10334.8508,6859.4351,12125.3643,10358.2411,10538.7523,11121.4183,6335.4046,8743.3146,5623.0772,13683.0099,9540.0624,369093.2187,376066.9502,368024.5559,373295.6173,367911.6617,366036.3365,371038.5237,371258.8914,362450664.5894,362451231.9794,362462285.1930,362463183.5808,13577.6874,10315.1893,13717.8290,13267.6969,1920.3803,12265.6877,7853.6523,12631.0934,5251.0004,13303.0338,2849.4888,3033.9843,8561.5715,7786.9693,13051.8114,13474.2067,12317.8572,4523.7150,8937.4532,10390.4941,13523.1147,12119.5961,8857.5753,874.3633,9298.5156,9295.3894,9196.3158,9882.5881,11104.1346,4947.7684,6993.9319,8694.5735,13142.6215,13205.0887,11868.1634,13755.6112,4079.0290,8090.0196,6367.6476,9210.4957,9148.3953,5747.1889,6018.9297,7455.5535,12448.5153,5938.1773,10620.0425,13118.2103,9405.6019,3777.0217,10297.9963,6174.7607,13130.3523,13087.6000,1948.1045,6488.0389,13102.4452,8898.3752,0.0000,13260.9671,13443.0701,8826.2712,10764.7790,4314.4752,6014.6183,10072.0378,13730.5048,13063.0221,8985.8610,13654.6007,365541.4532,372570.5684,364479.8878,369824.8981,364568.8951,362405.2411,367262.7699,367665.4820,362453199.2588,362453766.6600,362464819.2848,362465717.9205,7601.5748,2114.8990,4329.3800,13767.4320,7795.3385,11422.7415,6432.1054,12005.3164,4316.9223,12914.7851,12961.5682,11808.6155,11624.9681,2412.0411,3401.8112,4005.4480,13564.7614,8986.4985,9492.0239,514.1021,6268.1435,10337.8048,13654.7312,10858.1980,8635.0353,11365.8525,8622.8509,6530.5014,13147.9563,12795.6514,11394.8750,5972.3257,5769.9234,5273.9418,2287.2180,13637.7406,9915.3743,11394.0643,10806.3262,8870.6015,11876.6913,11364.8511,10369.2228,3920.5252,13209.1948,10267.8839,2503.3780,9556.5377,13133.4167,7811.1142,12820.6853,2007.4614,6148.1668,13550.2267,12942.6112,3919.2638,9419.1861,0.0000,5327.0926,1696.5915,11416.0786,8559.8005,13029.4933,12631.5639,8865.6682,2820.0076,2125.5415,11650.3236,3808.5905,369801.4928,377237.1495,368801.9895,374044.4553,368747.6719,366880.1870,371985.0807,372099.1537,362454057.8181,362454624.8571,362465678.2629,362466576.6553,8197.8914,7649.0670,11529.7768,10484.4693,12673.1040,8432.8738,6182.5733,7830.4003,9519.1163,9785.3912,11869.4655,8129.3494,6699.8978,8442.1696,6183.1992,12194.9367,5163.9985,12760.0837,7649.9578,5700.4505,5777.9915,10035.7142,13390.3093,3943.6059,11185.3367,1993.0357,6606.5521,12683.7943,12115.2700,9597.5080,10641.2771,10635.9493,5872.7754,9120.1089,11651.4074,3061.8484,5196.3230,8859.9681,6636.5781,5938.4138,7195.8097,4374.8070,4706.5349,13164.4733,12098.2507,5468.4212,4355.7218,11508.8030,7746.6694,13195.7415,6004.6809,11476.9447,9607.7480,13075.0847,6157.5899,8626.4164,0.0000,11126.8218,6551.7202,13600.4241,5903.1362,11994.3368,12848.6417,10792.4296,9543.0177,5702.5325,12647.1551,10054.9573,373225.1753,380309.4504,372174.1245,377466.7981,372146.8679,370167.6296,375136.7632,375404.0756,362448088.7014,362448655.8138,362459708.9474,362460607.4376,2577.5841,13869.1479,5982.6608,11955.0205,4632.8135,12339.7955,2494.8604,13491.6033,13564.9026,10633.2822,10799.4268,4440.4400,1346.2492,5931.5989,13102.8608,10329.0004,10004.8033,2591.2219,5239.9497,9739.9468,13725.3268,11023.4542,9878.7830,10052.2839,8764.0432,8321.1527,13331.0816,11883.3443,10230.2115,4207.0560,4039.9101,7124.6442,1457.4265,13169.3561,10495.9478,11597.0961,9622.1489,10366.7288,12031.9213,12351.8896,11207.1405,5504.4328,12824.5533,8832.2859,3390.5510,9175.3975,13610.0933,9487.7763,12741.8073,3665.3318,4891.5401,13517.3208,12390.0284,2995.8777,10876.0505,0.0000,4262.9697,2089.1657,11174.3332,7607.8687,13407.8073,12864.7083,10137.9248,1945.9575,3345.6722,10530.8099,2522.7985,370133.2406,377697.5412,369153.0511,374397.7757,369140.9710,367237.3028,372349.9227,372460.3629,362454807.6795,362455374.6026,362466427.9918,362467326.4198,13610.5367,4590.0746,12885.3241,2329.0489,11589.4224,225.8459,13454.9987,13598.2706,9421.1020,8982.5248,6238.2516,1649.5644,7476.5957,12431.2776,10835.0519,11392.9909,4814.2085,3105.7108,7917.9909,13121.5722,11968.6628,10175.7765,8525.2386,7640.3965,9663.5956,13563.7608,10829.3345,8373.1521,4057.0811,4073.3460,8468.6986,3798.1536,12329.9474,9894.5918,10628.6456,7624.6057,11240.1806,11048.7143,12541.3109,10974.4284,6502.4683,12587.2193,7828.5515,4187.5682,7509.0761,13853.0800,10827.7551,12924.7765,5096.4361,5617.6768,12723.5122,12012.0615,1814.1884,12007.4744,0.0000,5427.9835,3292.1569,11671.7099,5455.1796,13689.7329,13302.5010,11697.3578,4073.2804,4462.6726,9705.2295,4052.6350,371576.9936,379184.5127,370603.6531,375861.4488,370636.8173,368675.0960,373765.3138,373905.8502,362453912.6835,362454479.4979,362465532.8201,362466431.3034,12198.0092,6543.2831,12952.3401,7014.0769,13614.5220,3683.6172,3638.0219,8235.3494,8798.3848,13362.1242,13617.2625,12708.0608,3699.2783,9866.4981,9275.2249,13693.4048,12864.3171,10107.5302,2662.6951,7907.9254,10365.4453,9160.0817,11215.8857,11511.8545,3206.9260,6562.4146,9213.7544,12920.8057,12971.4863,12354.9637,13716.1599,3770.2936,9582.6255,8059.1184,9855.0837,9750.0704,7489.6581,7064.9367,8875.6799,13070.5048,4452.7150,10171.9482,13654.1950,10709.1644,2770.8559,10541.9769,4469.4039,13560.1729,12614.5963,3607.4795,5216.2138,13643.3081,9037.5306,0.0000,12832.9928,13832.9814,7370.3957,11710.5049,2891.8616,4377.4092,9530.2704,13613.5790,13543.3992,8296.1376,13464.1417,363770.8936,370857.3211,362717.2270,368058.7083,362812.5069,360650.8766,365522.1418,365910.5913,362455057.0207,362455624.4537,362466677.0714,362467575.7023,11974.6423,2886.0138,12199.6141,4456.0098,13297.9217,13412.3039,5800.3545,7891.1674,9661.5635,4721.3265,10675.1518,9934.2703,13033.0861,10742.5549,8169.0179,5844.6032,8335.9295,12134.8589,10462.6938,12610.3674,5017.3322,9920.2780,12273.5906,11978.0108,7621.4377,6104.1266,2741.6217,3035.9460,11542.7254,6224.3620,10017.3629,11743.1691,11459.8668,5853.3511,13259.1375,11585.3346,13621.2278,12690.8408,10165.0261,9945.2597,3595.4277,8296.1216,8780.2285,13015.7983,12888.1138,10800.0690,8913.0889,4381.8327,11748.4638,9097.6711,6176.3431,13449.7431,0.0000,5052.0708,7399.5362,9356.3510,6450.7841,12570.1560,11777.3284,12481.1512,6023.5645,8434.2764,5907.6238,5197.2936,369054.9442,376831.2122,368106.1204,373379.2909,368226.1368,366170.1107,371245.1210,371411.9785,362457067.7093,362457634.4787,362468687.6333,362469586.1990,13008.1751,10992.9425,12817.8256,7231.2878,6907.3698,10296.7713,12620.4160,10975.2612,12112.5845,10463.8629,7875.2773,9924.4903,3351.9764,11186.4287,13553.3931,13284.7232,8607.0149,2744.8607,10793.7033,11336.9578,13210.6646,9344.9469,3747.5370,9546.3993,12317.6519,11289.5457,11197.2998,10375.9460,11166.8591,8648.0054,11932.9738,11777.7247,12739.7780,8746.3942,11581.0079,8690.8788,10954.7002,11712.3261,6106.7882,10504.5659,12389.7808,13420.7967,4666.6025,8049.6931,4056.5612,11747.2512,10035.7342,9406.2764,6833.6977,13108.4044,6807.9061,0.0000,9959.5446,12283.3628,4343.2867,13682.5823,3916.1200,2621.3481,4673.9174,10932.6650,12036.5381,9302.3971,10907.2816,360613.5097,367795.2004,359572.7223,364869.2789,359578.1359,357568.1126,362543.3217,362807.7185,362458631.1886,362459198.7294,362470251.6060,362471150.1001,11338.5658,2306.3420,13308.0666,13477.5420,7650.2545,7501.5971,8223.0757,3395.2187,9279.8687,11238.3926,11797.1154,11829.7623,6880.2655,3170.8428,6978.7729,12405.4912,11946.5267,11140.7402,6569.1389,7892.5475,11149.1663,13123.6753,9235.7836,6486.6245,3842.4587,4022.8935,10141.5937,5521.2794,11088.5242,10202.4393,10346.2685,5768.8751,12297.6171,10647.4903,12933.1492,11403.5802,8320.3087,11609.7963,6152.9851,6231.5582,7019.0101,13635.8084,12105.4896,12316.5225,7153.2558,5750.6829,11906.3885,10891.6917,3678.9584,12972.0968,0.0000,5967.3631,5492.7282,11209.0002,4502.8701,13409.5612,12991.9493,12637.7464,5602.4940,6519.5820,8154.7181,5185.0967,371430.6434,379107.0443,370467.5576,375737.8472,370551.9115,368528.4662,373599.7896,373766.9673,362454462.4804,362455029.2321,362466082.4583,362466980.9979,11709.0369,4975.4811,5391.5561,10398.0672,6527.6970,11160.0032,12239.5185,10303.8648,8512.6269,6200.5355,12641.8399,11994.3863,9566.0741,5889.5866,4764.7751,12365.2630,5907.0875,10227.2903,5613.0373,9332.6345,9378.4459,9607.1014,8550.0501,13085.6317,13144.1722,9678.0102,12862.3513,7705.8168,3363.7630,1533.0974,8436.5469,7423.6652,1206.2246,4502.6938,3325.4804,9752.3340,10152.5065,12005.1548,10641.0442,5771.8667,7735.4892,9238.5641,10416.6204,10912.4007,13590.0479,4292.7596,10344.4225,10795.2330,8601.8468,0.0000,13555.1170,11372.0472,12206.4523,8139.2251,8496.4178,10087.4186,11080.5709,13059.9618,10731.1611,11338.8098,13245.6458,370377.5646,377318.4800,369304.4065,374639.8387,369345.4629,367235.5792,372102.9366,372489.5018,362448796.8696,362449364.1560,362460416.9368,362461315.5344,13503.4265,13641.1160,9360.0140,9066.1776,6278.4218,1481.4188,7535.8857,12405.1677,10942.8083,11286.4436,4801.9163,3301.8616,8059.8862,13166.8812,11858.8541,10304.2811,8482.4137,7828.4889,9724.5511,13522.1310,10785.9011,8401.0433,3846.2350,3859.8199,8543.6301,3668.3908,12323.6725,10050.8163,10765.2975,7673.3521,11316.4227,11175.4639,12627.8884,11108.8895,6613.3707,12522.2733,7710.2600,4303.0118,7678.2487,13850.2585,10869.1975,12855.2528,5169.4124,5412.4034,12779.4437,11940.8265,2013.2535,12041.0860,0.0000,5229.1742,3359.2690,11554.8710,5607.4410,13668.9950,13246.1363,11660.2770,3921.3946,4555.7175,9608.9834,3864.1445,371406.8193,379024.9684,370435.0226,375692.0616,370469.3114,368508.0907,373600.8489,373738.6835,362454137.1436,362454703.9577,362465757.2813,362466655.7641,435.6113,10589.2151,9431.0281,11918.3366,13528.5543,10893.0641,6937.7744,6856.0935,9797.8701,12765.5067,12426.2195,9750.9297,3351.2844,9272.7376,7494.4421,11132.4251,9607.4900,9194.2171,5459.4276,9281.9101,10552.8773,13685.1981,13689.9626,10217.0864,13475.3761,6691.4547,7216.1988,6336.1649,10848.4974,6865.4440,5930.3191,3595.3090,5981.6220,11253.6371,7669.8528,12173.3993,12423.5795,9853.5460,3142.2782,8175.5516,7130.7343,12221.2893,13462.1353,4157.9564,8351.1369,13009.6229,6562.1377,0.0000,13422.6767,12926.2948,9502.3453,11495.1330,4172.3044,6211.2074,8404.6064,13511.9091,12293.5467,10826.0756,13645.5290,365496.5930,372385.1176,364414.0304,369749.5204,364439.0562,362341.3988,367204.8971,367593.7092,362452213.5320,362452781.0538,362463833.7524,362464732.3270,10704.9312,9755.3485,11952.0763,13620.8748,10918.9296,6986.5971,6961.7645,9540.6179,12799.8834,12657.9112,10100.1194,3615.5917,9017.2818,7660.4716,11295.1685,9927.2020,9175.1275,5201.3791,9387.8602,10805.5776,13736.7643,13734.9523,10245.1277,13502.8599,6810.8515,7545.8853,6738.7334,11117.1928,6856.6208,6345.5106,3729.1735,6269.5106,11355.0887,7579.4908,12245.4393,12545.1369,10198.2278,2799.5343,8085.5756,6929.8302,12301.9518,13448.8080,4476.5054,8301.2740,13175.3082,6404.3989,0.0000,13401.7781,13029.2223,9311.1910,11786.0587,3861.4264,5925.7836,8151.7708,13527.4450,12396.8439,10870.0393,13662.0473,365095.0191,371980.9702,364011.9317,369346.3926,364033.4481,361940.3818,366805.9047,367192.0949,362452517.0801,362453084.6211,362464137.3203,362465035.8900,5926.0076,12872.0632,9656.6172,13237.7711,4961.6851,13321.5384,10630.7254,12024.8352,9215.3728,8072.3485,8397.1399,9219.0768,13162.5887,1575.9988,10901.9288,13752.0899,8601.8238,2027.2526,3866.7044,7739.7855,7952.0262,13643.2680,10678.1325,5064.6787,11606.0876,10148.6468,4762.1619,13547.4043,9867.0420,12353.6473,12205.5992,12980.7444,5621.0515,2916.7267,11984.5468,9217.4552,9981.1071,13712.7067,7366.8598,12427.1918,8228.8724,8047.0372,4602.5667,10396.6064,13372.3132,0.0000,8979.3633,11521.8166,7325.9534,8116.1840,9456.8859,8868.0850,12703.1938,10447.6286,12063.1712,1831.3852,9752.3105,366546.4359,374189.4555,365576.9004,370891.7129,365763.9017,363580.9758,368558.8104,368840.2482,362457549.2936,362458116.2197,362469169.0414,362470067.7102,12109.8690,10004.8700,12152.1457,7238.9738,10890.0411,13406.6105,11865.1682,6872.9945,2772.1275,7145.4776,12622.7779,10290.8864,5013.1868,6500.2241,12534.7408,10714.1312,6039.1100,2502.0074,9927.3301,10122.4128,12235.5038,11504.5034,6364.9043,7491.6613,5671.5822,2326.7319,11886.9033,5507.3418,10148.9579,8700.9800,11196.8174,9193.1672,7624.4562,10546.7375,4279.4018,10644.8409,12870.4531,10549.2301,11328.3284,11081.3479,6206.6444,8669.1511,9020.5078,12720.4692,0.0000,11457.8812,10667.1437,11454.7231,4472.7201,10755.5895,11315.7597,13680.2205,11583.3828,10815.2295,7550.9917,11304.9118,371383.1601,378769.0812,370376.6944,375705.2948,370526.4539,368346.6855,373270.8813,373607.4943,362451629.3235,362452196.2324,362463249.0563,362464147.7285,5616.8079,1665.8414,13807.9607,7115.6542,9399.6289,2026.8416,7331.9493,10601.1213,13174.9985,10975.6267,6866.4826,12534.5225,8168.7825,4331.2779,12838.5835,13540.8747,12305.7105,8055.4938,7861.9779,2965.1122,4533.5905,13832.8622,8851.5345,10704.3349,11737.7555,6904.2041,11229.6464,9872.0447,8998.2229,2224.2391,13511.5548,11746.5608,2776.5311,9622.7572,12396.1987,5812.3771,12873.7302,1460.0630,8024.2833,13159.1606,13427.9531,5305.8293,7651.1142,0.0000,7191.6932,3142.7365,11871.0099,9325.6783,12457.3520,12352.9160,7709.4707,4975.4861,2220.1395,12759.9325,5953.6896,369708.3788,376972.8734,368683.2950,373930.3427,368592.0746,366744.2119,371823.2798,371961.5372,362452722.6248,362453289.7944,362464343.1749,362465241.5459,7000.1341,12519.5171,10917.7624,10282.8529,3866.7518,4629.1691,9140.1298,13433.5250,11030.4539,10424.2056,8985.4196,8702.7360,9247.2168,13186.2675,11042.5773,9233.8142,3206.6406,3107.9673,8118.9069,2238.9507,12566.6605,10616.7558,11437.7211,8628.3775,11053.5678,11828.3887,12665.5391,11459.0990,6439.0208,12336.7648,7773.8704,4233.8542,8749.8302,13614.6540,10325.8848,12467.3134,4751.5296,4372.9678,13160.1376,11804.5902,2855.8258,11548.5605,0.0000,4000.9708,3031.3262,10901.7838,6873.5842,13367.7717,12781.1443,10792.2194,2454.6841,4309.2447,9628.9898,2454.3675,370258.1870,377881.4501,369286.8292,374536.8115,369304.6869,367368.7400,372476.3995,372595.7873,362455131.6016,362455698.4675,362466751.8188,362467650.2770,13584.8114,5647.5652,9283.0399,3625.1014,8075.3742,10597.6843,12471.8040,10877.2781,5528.1859,12987.3190,7862.2558,2718.2374,12295.2740,13669.4423,12610.6887,9267.1657,9088.3283,1310.5884,6003.8087,13574.0662,7988.3353,9998.2629,12088.6181,5355.0725,10523.3336,8566.5146,7861.7669,1997.2780,13355.3336,12432.7916,3827.1421,9559.9613,11556.1953,4336.2804,12585.0688,2702.8859,9148.4917,12521.4462,13394.8658,6402.1067,6266.2286,0.0000,8359.8700,4525.6831,11927.2743,9740.6604,11737.0048,11862.9282,6914.5913,6395.3391,3360.8093,13165.6141,7313.0888,369439.4548,376588.9055,368397.1083,373651.6063,368292.0373,366441.0993,371494.0101,371659.4833,362451944.6710,362452511.9314,362463565.2601,362464463.6308,11920.4710,9744.3341,13611.6837,11845.7041,9299.4827,4617.2893,7971.6855,12134.1240,6111.7508,11483.5577,13094.7565,4779.6589,3062.2310,6775.3850,11166.2736,11284.5825,13562.0796,12987.2258,1177.3663,10811.0008,9011.7542,7679.2541,11957.0395,8467.0955,9777.3711,10715.9260,13705.0194,2585.1957,7281.4489,13609.0512,10296.0111,5968.5270,12472.7209,4339.0734,13743.6284,11075.2155,4767.2899,2573.5100,12888.5125,11403.4771,0.0000,11560.9174,13503.1729,6447.3857,10522.6870,5524.3884,5601.5650,11199.8866,12801.7897,13574.8438,5117.4016,12383.3036,364249.9010,371593.5893,363234.8262,368572.4559,363393.5583,361190.7150,366094.3112,366454.3870,362456742.3028,362457309.5251,362468362.1638,362469260.8377,10608.2921,8743.3184,9909.4044,9437.0203,9041.3812,11509.8507,1310.9455,13236.6660,6615.2778,3764.8094,10514.3886,12984.0308,12236.0758,12615.0515,12531.6864,4524.2596,10590.1419,11631.8466,4490.2472,6477.6646,11893.8167,1832.9468,6907.0875,3533.1410,3177.6723,5821.4632,12345.7078,13750.0406,7903.4236,8479.0808,8724.2122,3853.1025,11608.2781,7499.8214,12626.4846,9171.0466,12679.2770,9637.9450,4133.8195,0.0000,12140.9580,8896.2185,12420.0591,10153.9869,9412.1243,10567.4166,7410.0279,10890.7028,7737.6669,13614.0877,11516.5876,369427.2527,376279.1505,368340.5273,373635.8778,368254.7480,366314.4048,371255.1819,371546.2784,362449208.3335,362449775.7749,362460828.8286,362461727.2718,9241.6756,12781.3397,13804.7998,11016.2887,2364.7417,11329.7158,11491.6062,13481.1609,8867.5080,6658.5468,10509.1612,12749.3800,9388.3173,9230.8991,9566.0020,8937.0254,10531.7540,12824.1562,13098.5661,13013.9417,9338.3550,13062.0514,10448.3927,12113.0226,10702.6649,7828.3713,9899.1606,11029.6333,13798.7204,7719.4251,7959.4136,6174.9543,10261.9391,7777.7617,11615.7956,8166.3171,11809.9152,7541.1882,0.0000,7547.4824,10661.6660,4455.9240,13512.1669,7016.3509,5502.8972,4210.7372,8621.9217,10612.5462,9406.0993,8603.5987,360954.5732,368291.4757,359937.1217,365207.6119,359920.9387,357974.8145,363017.7455,363204.9752,362459816.6055,362460384.0460,362471437.1007,362472335.5437,6665.1470,10580.4746,13626.7517,10689.0704,8448.0320,11634.3836,8761.7528,6139.0966,13016.1507,12950.3721,11676.6564,6307.4235,6095.6880,4912.4904,2568.4554,13702.3417,9903.8272,11436.6526,11111.6308,8549.2954,11917.2601,11162.5175,10266.9255,3757.4791,13206.6287,10524.4705,2690.8561,9780.3726,12959.7908,7408.4351,12736.0851,1932.6950,6345.4291,13558.7400,12980.6341,4360.4005,9051.4769,0.0000,5491.5618,2094.7148,11346.3449,8900.0521,12865.5500,12476.7975,8474.9889,3053.6093,2233.5734,11827.5559,4068.8676,369518.3548,376928.1805,368514.9108,373756.8708,368451.9671,366591.9396,371695.4002,371810.0298,362454076.1002,362454643.1713,362465696.5765,362466594.9613,5223.2208,11796.6946,13108.7979,9006.0059,8082.5449,5094.6506,9824.8245,13547.0330,10370.0947,6972.2717,6509.9308,6604.7544,8695.3499,6507.7827,11455.8585,7807.3740,8363.1594,5994.0110,10784.5031,8836.3770,11397.6709,9257.2887,6605.9897,12620.4136,8525.0545,4848.5148,4665.7321,13450.8035,11004.8973,13196.7551,6045.5766,8112.9920,11206.1430,12078.8707,2551.6233,11994.9820,0.0000,8048.6571,4793.1425,12666.2910,2672.4136,13488.4401,13558.4981,12559.5240,6834.2288,5306.0147,10028.3621,6891.1231,373308.5865,380798.3912,372318.0865,377595.8273,372367.8982,370357.4797,375396.1424,375595.7699,362451428.2735,362451995.0841,362463048.3046,362463946.8321,8248.2453,13481.6011,8584.2519,7048.9579,3953.4809,11143.7316,11935.9913,8383.0995,4676.9236,9955.0001,10108.4858,10630.8453,10680.1676,8475.0639,5644.0829,4563.2331,3903.3695,10692.5225,4791.0035,9448.5115,7244.7167,9332.8009,11018.1253,9118.8139,8782.2897,1556.8295,11442.4066,11786.8084,11994.2710,9679.6081,11247.4337,7359.0206,10602.3224,7454.6054,11977.6219,0.0000,11410.2074,9146.2122,12709.9723,2812.1139,11713.2801,12424.1633,13384.3974,10895.5118,9122.7299,9491.7429,10839.4847,373123.9533,380431.0951,372106.1562,377424.5733,372207.3684,370083.4597,375021.3118,375337.7257,362449723.7067,362450290.6180,362461343.5523,362462242.1768,9938.6227,9283.6024,8918.5819,9457.5790,11356.7955,5720.1546,6857.7074,8206.7001,13159.7477,13237.4755,12030.6788,13850.7655,3961.0618,7749.4689,5815.8585,8704.6245,9419.1509,5147.8145,6204.9711,7276.5487,12462.6699,6342.7957,10563.6797,13064.5866,8855.4017,4635.0838,10667.6687,6802.5294,13161.1409,13239.2312,1094.0722,6774.4977,12930.8799,9372.0060,0.0000,13433.5623,13411.7283,9362.5854,10290.5016,5158.1429,6776.7576,10678.9165,13845.5314,13047.1327,8996.7437,13759.9697,366304.4810,373342.5801,365244.5403,370591.9630,365342.6670,363167.5251,368020.5314,368429.1979,362452655.5096,362453222.8705,362464275.4901,362465174.1380,12186.7952,10314.4073,13796.2726,10418.8892,5061.2591,8865.6251,11794.7638,9625.6202,9533.5234,11116.5661,10073.8058,8901.2966,13108.6562,12895.0076,12247.6144,10438.8840,12727.7847,10708.4622,12465.6146,12050.7478,5777.4188,8853.1391,12202.2866,13735.8076,6792.1423,9466.4322,4126.1898,11633.0043,8148.4525,10564.6101,6160.3188,12549.9966,8713.9367,0.0000,8208.5654,11805.6909,2304.7052,13432.6491,5854.2473,3897.7803,5950.3656,9718.8743,11860.3985,7875.6699,9485.6908,360348.0168,367730.2293,359337.0710,364622.4310,359370.7686,357359.8371,362377.4012,362598.4369,362460495.4872,362461062.9007,362472115.8399,362473014.3388,12924.9733,5471.5365,4222.7419,11214.8077,12948.9071,11736.4101,12314.0468,12246.2247,4503.4896,10313.1642,11757.0693,3572.1605,5889.6187,11293.6624,3036.8036,6433.7678,4274.5139,2725.2055,5249.4130,12737.1750,13566.8019,7233.0554,7498.8413,9522.6023,4775.6931,12193.4478,7011.3377,12530.3626,9258.7839,12972.7808,8859.9168,5333.1231,0.0000,12058.9437,8313.8158,12934.1963,9240.0366,10188.3410,11312.9421,8370.2833,10660.2671,7148.8753,13593.3403,11289.5994,370622.0602,377508.2846,369540.8034,374835.7956,369463.8910,367517.5662,372462.3358,372750.2007,362448541.7869,362449109.1547,362460162.2315,362461060.6830,10073.7525,13714.1897,9781.6450,3263.2053,2656.5520,7315.9079,7558.5022,13435.8076,10292.7371,5973.8037,11148.1353,9751.3913,3431.5617,13633.8969,9547.1819,12545.7521,11979.9895,12505.7309,7034.7507,3030.4948,11331.0992,8227.6028,10903.5135,13873.5713,8689.0448,11923.5200,8185.5090,8408.6035,6068.0322,9491.3034,13719.8579,0.0000,8915.0202,10877.8346,8572.5075,6865.5787,10489.3848,10057.2057,13281.0095,10119.5142,11477.5769,3164.8499,9438.0790,368076.0887,375737.1418,367109.7585,372421.9572,367295.8086,365118.2561,370102.6116,370376.7617,362456543.3046,362457110.1567,362468163.0224,362469061.6907,8348.5164,12710.7315,11165.7336,8173.4253,10586.8025,10638.0622,7675.7947,9783.0638,10808.6749,3127.8428,4287.2042,7382.8357,8120.7824,5003.7497,7861.6563,4938.7853,6363.1147,12765.6934,11394.8902,6532.9994,2462.0458,11673.7526,9327.0124,13118.9331,7306.5993,11654.6269,8840.6447,12575.3038,6368.8611,9949.7228,0.0000,11468.1166,7399.7341,13677.4840,4477.8202,12132.4094,13013.1482,11974.5701,10160.2432,6857.7494,11922.4094,10493.5564,373799.0405,380940.6286,372756.6904,378059.4587,372771.1357,370741.8882,375696.0163,375984.7451,362448003.1677,362448570.1999,362459623.2689,362460521.8064,11152.0259,13785.4402,13268.7942,11088.9596,10925.7172,1659.0482,8253.2863,13085.0662,7407.8647,9403.9835,12889.5394,2897.1717,9849.0853,6588.4949,6642.2916,4072.5600,12866.7350,13407.7470,6268.9083,10164.2613,9984.0972,1821.9533,11839.8938,5317.3579,10755.3732,11575.9532,13122.8100,8616.7094,3832.0919,0.0000,10048.2581,7040.2265,11714.6311,10951.6376,10331.0485,10783.1450,5533.3960,8545.7679,5872.9351,13657.0645,9350.1508,368234.3569,375219.9691,367167.2051,372434.3275,367047.5888,365184.5389,370196.0096,370405.3049,362451469.7074,362452037.1272,362463090.3518,362463988.7276,7237.6144,10559.0454,12150.5203,12150.1815,12095.5992,12847.0579,5533.9834,11283.2770,10310.7269,11199.7933,9867.9969,9890.9006,8263.0719,10444.8601,13073.0118,3535.5939,9819.5075,13608.6340,12415.0171,2603.1938,9982.2440,2016.0838,13282.2047,11359.3869,6592.2234,4558.9462,13806.5458,8481.0009,0.0000,11539.0491,13590.8488,4869.4466,12941.6199,1510.2937,1243.4475,7748.3941,12643.2206,13387.7439,7971.0822,12463.0419,361425.9586,368592.4995,360383.2808,365707.5457,360455.5604,358343.6889,363259.8992,363596.6827,362457643.2174,362458210.7044,362469263.4015,362470161.9853,4621.6427,9333.3191,9512.9104,13900.0268,11880.3449,3181.0547,11344.4144,9622.2849,5643.3040,13176.7915,9207.9351,11504.6315,11720.2721,13529.6968,4218.8809,4742.9168,12880.2193,9564.5282,8590.5981,13520.3327,6193.0787,13225.5743,9594.6060,6600.6799,3325.4371,11590.8763,12879.3171,0.0000,10259.3566,12569.2384,6972.8784,9039.4395,8091.4060,7720.9221,12410.9255,11666.9763,12924.5869,2774.1665,11070.4375,365680.2316,373216.3133,364694.4273,370021.6338,364882.1792,362676.0845,367618.6234,367939.0107,362457255.8157,362457822.8448,362468875.5699,362469774.2545,8446.8732,8680.4585,12913.9285,10785.0439,6188.1112,9404.7923,7835.2965,1123.9471,12968.9498,7668.6707,11596.1716,10497.6115,11811.0667,8362.5110,5412.5691,10775.9420,6038.4473,11082.4727,13579.3166,9926.2664,11535.0624,9616.1402,7440.1764,7595.6138,8913.7148,13481.9828,0.0000,10169.0346,10585.9918,10330.9124,5046.0852,10934.5783,11014.2573,13762.1510,10755.4563,11013.6186,5580.4276,10267.3318,370214.4610,377761.2027,369231.6921,374551.9327,369405.9372,367222.7224,372179.4043,372482.8721,362453905.1098,362454471.9521,362465524.8054,362466423.4814,302.6103,10308.9251,3968.7369,11417.7158,12231.7420,12454.2585,8167.5498,12553.7906,12661.3815,13647.7947,12949.5623,9090.1373,10662.7095,5275.8653,7206.2350,10050.1581,13170.3467,11751.0724,11000.2511,7525.1798,2041.7723,12947.2775,9977.3374,5699.1282,12556.5368,0.0000,2498.1066,6072.8349,9024.5276,7948.0305,12684.8720,11692.0523,11123.0583,3626.5445,7201.6809,7339.2424,2647.7057,368089.5843,375849.6968,367138.0454,372393.2055,367207.6888,365222.8331,370333.2278,370455.2853,362457845.4599,362458412.3034,362469465.5686,362470364.0690,10144.9237,3724.6893,11549.4424,12251.4863,12527.2544,8398.7018,12438.3261,12742.3441,13609.9819,12940.0767,8954.9513,10735.9079,5498.9328,7088.7628,10168.1470,13157.1247,11590.3635,11014.2075,7365.1191,1846.6316,13043.6540,10073.1097,5681.8184,12421.0451,0.0000,2226.7869,5939.1460,9000.0537,8106.5252,12671.6683,11666.7471,10944.5832,3361.8384,7064.7708,7515.3262,2366.1973,367984.9316,375738.0107,367032.3073,372285.8252,367095.7655,365118.6136,370231.7136,370350.0806,362457884.6989,362458451.5542,362469504.8293,362470403.3226,7232.5091,13503.9560,7347.5523,9483.5694,12417.1484,4229.2749,10011.3668,7618.9847,7000.1712,2497.2399,13429.8386,13092.8378,4776.7544,9547.8318,11095.0742,3450.6877,12593.6610,3823.5122,10182.7830,12116.7976,13556.1745,7295.1584,5413.0065,0.0000,9436.8251,5637.6587,12238.5855,10099.5199,11389.3428,11732.3509,6716.3534,7607.0008,4389.1470,13631.1634,8483.1824,369447.7982,376506.2427,368391.8925,373652.7969,368277.4035,366421.8308,371452.7727,371641.2998,362451156.6205,362451723.9431,362462777.2309,362463675.6037,13181.1028,11212.5123,12266.4832,10303.7344,10377.1640,12650.4158,12494.6879,11720.3429,6058.2900,12424.3739,8723.5750,4355.8734,10199.2699,13281.6335,9238.8109,12177.1546,4215.0964,4032.6509,13747.1959,12029.8159,4395.9592,10570.9762,0.0000,3214.0296,3149.1632,10359.1356,8707.0995,12993.4501,12263.0800,9360.3298,589.9295,4142.1076,10326.8761,1558.4348,368762.8663,376341.6726,367784.4387,373025.1165,367766.0959,365874.5164,370996.9084,371095.7245,362456019.0930,362456586.0660,362467639.4565,362468537.8716,10137.3990,8161.1976,7073.7422,11842.7645,7580.8045,9444.3815,10143.8014,13546.2657,3739.2050,7590.2380,13467.1917,9526.0950,6272.9432,12546.3227,5363.1302,13683.3070,11512.2393,3896.2892,3669.0431,12686.0868,11511.7184,0.0000,11980.1181,13439.2973,7470.5868,9925.9840,6028.1833,6436.0952,11660.1608,13041.5205,13473.2874,5610.5309,12657.2605,365280.6804,372593.7171,364261.4157,369603.2621,364422.7951,362210.0054,367101.3863,367475.1102,362455669.3651,362456236.5637,362467289.1911,362468187.8756,2679.8644,8918.2469,6158.1386,3398.3556,5055.7416,1920.7371,7064.8988,12085.0197,12518.0944,8139.7064,4661.8903,9723.3046,7911.4482,12140.4196,8468.7784,12884.9714,7335.5572,12162.2589,8690.4391,8044.0197,0.0000,12655.4653,9108.3533,13247.3523,7070.1542,10404.6431,11691.7996,10737.4883,11538.2401,8276.1300,12477.6191,11931.9651,372173.3795,379131.7195,371103.2922,376417.4902,371095.2216,369061.7854,373974.4943,374305.8495,362447710.6950,362448277.9216,362459330.8870,362460229.4207,7550.5076,7875.9381,785.2200,5567.4051,3523.5582,9174.8232,10710.7069,11609.9729,9835.9342,4320.8307,8898.6405,9596.9595,11130.3141,10269.7455,13165.4301,5162.3982,10754.1942,9775.8210,9277.4305,0.0000,13136.2198,10577.1459,12639.4707,6836.3009,9558.0315,10952.6167,11647.0617,12500.5524,9997.5517,11226.4095,12682.8459,371566.5931,378570.7840,370503.1917,375833.8491,370549.9155,368444.6629,373328.0274,373697.8421,362448405.7791,362448972.9746,362460025.8081,362460924.4056,12718.3399,7490.3249,11543.0897,10160.6268,11148.6464,9206.1196,5851.7617,10028.4607,5200.6151,11572.0590,13342.1055,10636.1578,10871.9674,9499.1886,7905.4629,8470.1425,8071.7639,13399.5701,0.0000,9986.8721,9872.8116,10922.0415,3975.6833,11481.5023,11610.3558,13808.2198,10325.2522,10307.4333,6371.2665,9892.7247,371112.6304,378652.4391,370129.0668,375444.7394,370289.6888,368125.2997,373090.7325,373383.1607,362453192.9682,362453759.7844,362464812.6874,362465711.3487,8206.2827,3907.7269,4773.2621,6146.7591,12007.5056,13812.1489,8280.3690,9843.1261,8159.5252,2248.5358,10977.9574,7615.6707,12271.0315,9732.4882,12426.6340,10204.2696,2406.5864,0.0000,11731.8115,9125.8935,11629.6562,11237.3217,8764.4049,9750.0483,5796.9712,10619.3848,7998.0230,13595.4420,11263.7493,367810.6216,374665.2311,366723.7924,372012.7698,366622.3191,364705.5393,369659.8907,369934.1355,362450561.1760,362451128.6872,362462181.7562,362463080.1757,5596.2716,3981.3481,9785.8653,10258.2877,11494.8976,10419.9024,4784.8404,8491.1077,9921.4098,10737.5564,10831.5025,13329.8223,4454.3016,10324.9597,10293.1144,9450.2509,0.0000,13344.9055,11108.3273,12397.6929,7193.1167,9154.4817,10600.6730,11745.6648,12854.2710,10567.3187,10957.1412,12989.9368,371107.4847,378111.1491,370043.8905,375379.1609,370102.2679,367979.6266,372853.3938,373235.0030,362448722.9613,362449290.1700,362460342.9619,362461241.5738,3276.3276,8836.7012,10425.0303,13435.7513,10507.5983,8976.1394,6032.9486,5830.1491,9735.0487,10221.3735,13556.7281,6554.6528,10946.5748,11663.4860,4660.8789,0.0000,13283.0448,11298.2208,11377.9423,10913.8305,6960.2606,8637.1974,7792.3909,12672.2689,10369.3684,12680.5824,13067.8157,367687.5550,374489.6585,366592.8630,371912.3214,366553.7455,364533.8612,369420.8870,369776.3860,362449961.5762,362450529.0962,362461581.9499,362462480.4589,7383.6259,11787.0909,13171.7195,8874.7952,6425.9254,8592.2282,6783.3854,11551.3708,8925.9035,13321.0473,7118.3030,12034.4156,9819.9088,6600.1210,0.0000,13039.7587,9847.3519,12847.4268,8690.0688,9383.9901,10836.9638,9643.2841,12012.3104,8893.4228,12883.0635,12453.1727,370794.1424,377662.7961,369710.3173,375025.8480,369680.4618,367660.8674,372561.9827,372903.3236,362448074.6112,362448641.9609,362459694.8953,362460593.4119,13806.2334,12252.6743,2502.1772,8154.4873,12288.2137,5780.2357,13325.8725,1975.2232,9412.6319,12339.8493,13739.5488,5089.5702,7548.0333,0.0000,8711.4175,3635.2037,12798.7001,8329.5719,12525.8159,12784.3937,8604.7882,6549.0737,2270.9051,13161.4416,7418.8439,371245.5356,378421.0681,370207.6056,375466.4010,370120.8941,368248.2943,373294.8759,373469.6467,362450699.9991,362451267.1614,362462320.4932,362463218.8867,7104.4870,13713.8532,11846.5500,5684.3644,12085.8801,2170.7840,13651.1958,10118.7797,6777.1395,1103.9036,13204.4597,10997.2835,0.0000,10591.8381,13461.5387,4108.0232,11787.3007,4820.8565,3917.1228,9994.5807,12149.6580,13586.8157,4875.9653,11696.1960,362210.9370,369605.2784,361202.6193,366527.7086,361342.3671,359177.4587,364113.1138,364436.0252,362458815.0046,362459382.2863,362470434.9777,362471333.6145,10883.9850,9975.9536,11348.0406,13555.5730,8341.4774,11289.3856,5755.7456,10298.1642,6107.8843,9170.8926,13570.2759,0.0000,6634.7120,10141.6577,7131.4242,8243.2752,10721.5769,9723.6938,12351.6842,8407.1549,10932.7179,2482.4398,7550.9592,366459.3023,374225.2369,365508.1114,370800.1523,365672.3246,363548.3273,368584.4765,368799.0736,362458799.1692,362459366.0318,362470419.0060,362471317.6256,7751.9159,13232.8018,7812.9233,13510.5536,1326.4145,7881.9412,12820.4399,13451.8367,2790.9876,9435.3402,0.0000,7240.7445,1324.9369,12618.6604,7096.5503,13313.4714,13299.5433,9845.7359,4910.5051,569.2689,12195.7738,5696.7812,371784.4410,379132.5285,370772.4084,376025.9804,370721.2867,368831.3119,373905.2377,374054.0933,362451708.8970,362452275.9097,362463329.2804,362464227.6942,11716.3351,10967.8191,12591.7646,8665.9097,11322.6000,8052.2708,11502.6414,6713.0563,11352.6491,0.0000,11350.0180,8286.7675,13206.5637,2811.4493,12058.6475,12826.0166,12980.7952,10487.3358,8113.7787,10488.5464,10577.3451,373684.3971,380938.9400,372658.8771,377970.4711,372727.7005,370641.0118,375587.9486,375890.8026,362448921.4296,362449488.3675,362460541.3646,362461439.9559,8706.1171,4536.6852,12877.5866,12549.2841,5649.5215,6605.3547,13754.2319,6950.6893,0.0000,12580.2424,13467.7887,7093.3845,12772.1585,1131.6769,3299.5706,7339.1510,13186.7249,13018.6484,9711.5383,13191.7647,362686.5114,369683.0310,361618.9824,366948.1239,361656.6065,359561.6625,364450.3983,364813.1971,362455302.1219,362455869.6813,362466922.3730,362467820.9413,10843.7291,6865.3295,11193.8847,11047.7982,12478.9020,9956.9775,2115.1753,0.0000,10547.1960,8458.3687,10937.1366,11880.1452,9071.9534,9585.9339,4195.9331,9437.4010,7405.6151,13497.0553,10141.3287,366680.4052,373615.5875,365605.2165,370878.9222,365487.4997,363611.0567,368604.7037,368833.8041,362452224.7324,362452792.2450,362463845.3971,362464743.7809,13240.5193,10134.8786,7477.1042,3081.9326,13425.3404,9620.6321,0.0000,10442.0308,13301.2038,3171.3641,12682.6457,3465.6058,1884.8572,8296.5040,11899.0906,13299.9895,6428.6589,11569.7106,361137.0574,368451.3056,360116.3049,365433.9183,360213.2528,358094.9749,363039.3336,363348.0403,362459074.2104,362459641.6052,362470694.3365,362471592.9285,7859.6641,13025.1269,13470.3229,3962.6482,8605.6548,0.0000,7107.9404,1908.2257,12275.8563,8184.6257,12947.8190,12885.2309,8856.4484,4743.8188,777.3765,12476.8166,5662.4313,370839.9856,378151.0193,369822.1667,375071.7769,369750.6002,367883.2539,372961.6045,373103.0765,362452186.9671,362452754.0517,362463807.4338,362464705.8251,13194.2449,9544.9962,7020.1474,11906.0582,0.0000,1012.9518,6765.9145,7778.0832,9522.0790,11961.8718,10724.0949,9936.7607,3499.9589,7731.0031,7404.0181,2538.5359,366215.0565,373955.7274,365259.9923,370510.7558,365312.3484,363348.7984,368466.9216,368578.4619,362459163.5147,362459730.4560,362470783.7185,362471682.1959,7048.8336,12518.7897,9911.6401,0.0000,13415.4360,13177.1859,9865.2548,9528.9953,6126.9169,7611.3345,11302.9870,13763.4340,12850.0327,8855.3427,13660.3740,367264.9444,374331.8645,366209.6330,371557.8947,366318.4221,364133.5656,368987.2635,369396.3812,362452126.2560,362452693.5551,362463746.1833,362464644.8427,12736.0269,11543.4769,0.0000,10096.8047,13129.8810,4241.5532,11226.0038,5787.8599,4853.7486,10497.5076,11742.2329,13354.6489,3807.4904,11216.4548,362761.1579,370223.9146,361763.2772,367085.8636,361916.4945,359745.7925,364692.7379,365004.6822,362458952.1348,362459519.3451,362470572.0591,362471470.7039,11272.3443,0.0000,6675.7176,2376.8152,12461.1466,5153.1584,13733.4889,13598.7465,11458.8101,4838.5574,3216.6649,10807.7675,5166.7033,372467.7656,379963.5368,371477.9591,376737.8356,371484.5265,369539.3659,374614.7706,374768.7603,362452301.9773,362452868.8395,362463922.1708,362464820.6384,0.0000,11387.3668,10023.0198,10197.5180,12476.2135,7411.3414,8171.5410,3751.9112,10693.9565,9065.4470,13124.4086,11254.2090,365420.3390,372299.3722,364336.3272,369623.6296,364236.5383,362321.7931,367282.8663,367549.9385,362452639.9426,362453207.5320,362464260.5688,362465158.9828,0.0000,0.0000,0.0000,0.0000,0.0000,0.0000,0.0000,0.0000,0.0000,0.0000,0.0000,0.0000,0.0000,0.0000,0.0000,0.0000,0.0000,0.0000,0.0000,0.0000,0.0000,0.0000,0.0000,6115.3610,8115.1703,9657.2047,12040.0375,10860.9925,9410.2865,2649.0900,7042.4164,8195.5740,1805.3201,366365.1935,374064.6920,365404.0202,370650.4051,365433.6238,363495.3575,368618.4373,368721.9275,362458762.5595,362459329.5315,362470382.8299,362471281.2845,12134.9930,7212.1877,13437.8745,13214.5237,9960.6872,3716.7013,1371.4202,11622.1724,4481.7424,371253.5586,378689.3566,370254.4825,375503.3783,370216.4564,368325.0015,373416.8292,373547.3738,362452870.2070,362453437.1789,362464490.5676,362465388.9838,12696.0088,6061.9066,4047.6026,7895.1920,9971.2511,12362.4543,5849.4226,9526.3640,360813.8221,368297.3297,359818.2116,365112.4330,359903.5517,357837.0236,362845.7830,363082.3246,362460849.9183,362461417.2259,362472470.1058,362473368.6560,12878.8402,13190.6102,13374.6067,8947.8689,7510.4118,9332.8876,8858.6281,373497.7454,380946.5058,372501.1727,377799.5426,372591.5923,370512.6477,375505.2328,375760.2659,362450757.4842,362451324.2940,362462377.3720,362463275.9604,2195.6152,7231.3823,12850.5129,13086.6088,9015.4577,12787.5276,362032.7714,369098.8580,360975.3440,366301.1927,361023.6735,358926.8925,363829.7029,364178.3904,362456377.9304,362456945.4671,362467998.1681,362468896.7381,6930.9266,12029.6660,13038.3316,8029.0161,11858.2596,360918.7600,368116.7915,359880.5523,365195.7463,359938.1695,357854.2759,362792.6453,363103.5046,362458357.0460,362458924.5402,362469977.2911,362470875.8503,9297.3922,9377.1770,11964.9045,9721.0893,362879.1065,369951.1211,361822.9088,367094.6080,361736.4881,359840.7671,364853.9936,365065.4819,362456265.4808,362456833.0430,362467886.1353,362468784.5324,4690.0218,10011.9894,1062.8167,368278.8081,375881.6645,367303.8242,372544.3607,367291.8532,365395.6952,370520.7767,370617.3271,362456584.4432,362457151.4177,362468204.7986,362469103.2175,12197.5917,5534.3658,371310.6246,378648.7346,370296.9666,375548.9609,370239.0025,368357.0710,373433.2722,373578.7785,362452012.4768,362452579.5184,362463632.8916,362464531.2973,9261.1195,364976.5253,372652.3423,364011.3385,369318.6624,364187.9260,362026.8244,367023.8573,367283.0280,362459077.2552,362459644.2301,362470697.0759,362471595.7225,367966.2757,375626.6287,366999.7865,372242.6325,367009.9130,365092.7580,370218.7155,370316.8116,362457260.5180,362457827.4583,362468880.8137,362469779.2519,27856.6977,4095.7771,5816.8697,11066.6212,8416.2094,15100.1844,7818.5852,362746611.1013,362747192.4481,362758238.8500,362759136.7009,24310.6507,24498.7422,21097.2322,22365.8743,18061.6608,20402.7666,362735310.5819,362735893.5814,362746939.3836,362747837.0827,6058.5547,8277.8161,4983.9948,12345.6551,4991.8119,362743398.0240,362743979.5365,362755025.8861,362755923.7185,8892.5422,10395.9314,15056.5633,6763.6270,362748450.5775,362749032.2616,362760078.6781,362760976.4398,10407.4018,16340.7604,9504.0621,362740967.9509,362741549.7615,362752596.3858,362753494.0279,8892.5422,5410.9301,362739646.3338,362740227.9017,362751274.0615,362752171.9610,8452.9847,362740057.2242,362740639.1859,362751684.8787,362752582.8800,362743823.6888,362744405.4780,362755451.6088,362756349.4662,23683.6550,28826.7332,22098.9203,23743.3564,19124.6412,9094.5046,
2700.000,6257.9812,13395.2926,3933.6001,12392.4014,9065.7886,4659.2363,5665.8696,9779.0667,2409.2600,8760.7239,10640.1534,6599.5013,11098.9800,11948.0720,9192.1748,10344.0453,13703.7674,11674.2876,4774.2709,13388.6441,10314.4009,2103.1742,7878.5562,13337.8102,7062.1875,12514.0059,3817.0178,11939.1823,11732.8788,9755.0986,13498.8870,10305.1191,9229.0824,8638.6231,9433.2290,5222.7251,10895.3360,13521.9855,10515.9214,11940.0813,10437.9177,7403.0019,11745.7536,8528.3500,7918.0022,10414.9069,8281.1843,12921.4594,4525.3244,9542.7683,11184.2101,12811.1339,10035.4512,4273.5301,13260.9363,9535.5251,13318.8252,10401.6476,6457.1451,7894.1303,10428.4513,6236.9123,6099.6675,10481.6812,7166.5680,10675.8694,13310.5900,13650.4247,11043.7518,10555.8998,13737.8032,11565.3263,13601.5422,12573.9858,8605.8632,8587.0740,10041.9384,13232.0930,10170.0788,10717.0448,7604.4131,9637.8143,4446.9714,10631.9965,8558.9032,10154.4713,10917.6479,0.0000,5804.6603,10721.2701,4894.1922,12559.7762,7743.3383,7796.8268,8275.1064,7704.2760,11127.6460,8201.8392,5990.3681,360962.2169,368486.9550,360235.1159,365396.3892,360088.7454,358181.3470,363001.9029,363197.2669,362461184.1879,362461275.5184,362472042.7881,362472864.4068,13183.1340,6576.6436,13676.0108,11569.8014,2438.3125,2297.0224,6832.4480,8296.2921,10681.3796,7262.5331,5715.0970,8882.1658,7658.2429,12754.9861,8813.6713,12453.7393,6979.8081,9012.9673,10548.7506,12915.0779,4418.2809,7923.9791,13467.2353,6514.1484,13561.4741,2700.8760,10226.5777,7965.3316,12254.1390,12676.0926,12995.0277,12515.2100,4400.2832,12633.5730,1822.2208,13442.6109,10667.6718,13354.1400,7934.0195,5142.2335,10069.0439,12160.4676,10008.7308,11538.6469,10965.1171,6700.5564,9827.3589,3651.4001,12000.4294,13276.5673,13346.9191,6205.3566,3141.3036,10804.5768,11094.0980,12995.0695,9499.1303,2145.6756,8922.7610,12534.1275,10965.6413,10834.8804,10394.6666,11197.5236,8511.7271,11281.6706,12086.9427,12348.0554,7951.0217,11942.6834,7330.3601,10932.4776,11543.8552,7437.3982,11229.5642,11927.6747,13503.1861,5764.9802,6656.5126,5406.1348,11510.3767,9608.4461,7149.4555,7999.1815,12678.3861,6663.1059,0.0000,10775.5548,12884.1752,5423.5448,13472.1480,2129.2035,4403.2027,4872.9211,11737.2228,12618.6456,9771.3878,10587.8616,361462.9714,368539.7435,360675.6565,365860.8497,360473.6496,358555.1704,363271.7547,363577.5860,362457019.4683,362457111.0867,362467878.1943,362468699.8169,13533.6048,4464.8257,8006.3809,13358.7821,13003.5621,9966.9528,12704.1863,8240.5625,11015.7638,13143.9837,8089.3792,9663.8764,8012.0173,8553.5513,3064.5505,9725.1000,12612.0996,6713.7477,6129.1278,13614.4768,10404.1290,2118.2608,11346.8935,4879.2157,13640.6325,6341.7977,9865.4905,7094.7047,1307.7186,6427.1883,7712.3828,12670.0288,8842.2117,13197.7238,6623.0644,5874.3039,6454.9327,9583.4526,11096.0468,11600.8352,8151.5020,9091.1836,8881.7866,6925.2831,12544.5854,6459.9705,13068.6943,7383.5085,5015.1509,4871.1070,11759.9686,13811.2523,5121.2624,10414.1991,910.8293,8096.4514,13432.5016,12132.3631,8685.2814,10464.0795,10537.8956,7547.5469,9679.4066,10889.7188,4220.4702,4514.5106,8433.9559,8965.3141,4718.7980,9122.7364,5419.9946,4527.7554,12332.1897,10635.8531,6928.2739,1782.6920,11628.3627,9780.5678,12907.6154,7474.5178,11572.1456,11231.0085,12082.8250,6574.4888,9712.5718,0.0000,10844.1286,5808.4407,13518.1334,4974.7366,12810.8337,12900.1487,11428.9879,9235.3049,5114.1045,11582.0664,10598.0303,374032.5616,381360.0323,373282.7852,378462.2656,373136.9307,371190.8038,375944.0462,376215.5735,362449318.4884,362449409.4141,362460176.7781,362460998.4485,11831.0724,11357.3852,6404.5048,7328.5841,11514.6558,4719.1244,11249.9184,8389.1821,3435.1020,12715.1316,10770.0565,9766.8052,12358.7348,13114.1005,11183.8448,3103.0844,12267.5488,11444.9141,4618.7204,10715.2067,12952.0342,9885.5793,11629.7097,5258.7559,13308.4942,10019.3541,11645.3514,13551.1605,11584.8514,10776.5400,6767.2052,8583.8876,6630.1722,10558.5368,12942.6272,11060.2116,10518.9226,9938.1229,4738.0160,9557.9817,11279.9122,10020.1185,12531.2568,5138.1698,13219.1813,7005.7197,11588.1017,12094.5330,11699.3009,7889.9795,3667.4788,13595.5618,6866.3910,13688.3037,12516.1319,5459.2456,4441.9421,8700.8205,8130.4852,8116.6324,12666.9785,9437.2903,7936.0180,13658.6999,12653.6336,9010.4419,12212.9400,12772.6116,12011.0153,13103.6272,13726.8626,5329.0909,6364.6133,12093.2669,13021.7136,8419.4826,11696.2539,4821.2063,11883.3522,7036.7970,8375.8683,5195.0901,11743.8541,11683.5971,0.0000,7207.7289,12155.7437,1808.8970,11569.6302,7077.2305,5613.3332,10077.9876,9548.4175,12608.0626,5067.3235,8368.4479,360846.1518,368362.3003,360117.9791,365306.5258,360045.6161,358029.3877,362785.0804,363062.4420,362460932.8583,362461024.1696,362471791.2270,362472612.9410,8519.0469,13738.5338,13752.9312,12461.5088,11169.1049,9282.2994,10937.4107,11904.2161,11183.1262,11078.1957,5389.7457,11318.1407,5383.1649,11734.1666,10144.6515,8406.9947,5245.2182,13198.0126,12045.4443,2766.3119,12790.8835,1044.7000,13613.6685,9839.0457,10577.5270,7351.9330,5377.4057,5689.9141,6683.3635,12673.2633,5058.9975,13705.4304,2818.7877,8522.6669,4143.2055,10705.8135,12631.2345,8630.8682,5322.2250,10427.2781,8159.3565,9166.6969,11339.6684,9859.1686,13570.3588,7805.6712,4493.8113,2115.4423,11773.8196,13275.8815,8847.6196,7251.4604,5212.1771,10814.0635,13392.7401,9753.6006,4812.5766,8836.2854,9010.7525,10086.5325,8784.9643,9993.3567,8109.0641,5907.1146,4925.6565,11806.9724,6376.2687,11838.8642,8228.8654,8316.2992,10890.6088,7238.5633,8003.5166,2787.1806,12054.0029,12400.2580,12043.3691,8601.5759,10291.5480,11171.0168,10348.2895,6494.4317,12313.2709,0.0000,8792.3792,6049.8914,12198.5432,1428.2719,13339.7465,12515.0571,13275.4127,7933.1790,6413.3511,8841.4768,9427.8510,372599.5019,380182.3557,371883.9290,377069.5548,371826.0350,369804.9046,374570.1772,374838.3175,362452466.9324,362452557.7128,362463324.9911,362464146.7312,10244.2295,10210.0201,8619.2303,7954.1736,1471.2225,13718.4866,12839.6669,7722.4757,13110.0370,5624.6037,6713.1634,10232.2450,12412.0171,10143.5609,12298.3399,3726.7829,9724.7117,5663.9545,8868.1788,6996.5148,9328.7169,10538.3339,7276.5060,13443.0736,1414.0182,8630.9257,3398.0935,2973.9763,13460.6876,8613.6132,10496.2244,7582.5675,11455.4725,5458.9574,13228.4623,12611.9877,11178.4876,11901.0721,2878.8937,2371.8842,3435.5698,13438.8859,10223.8495,9281.6577,876.6520,4478.4297,10055.9348,13784.8185,11654.6069,9623.7277,11820.3800,7609.1413,5794.9300,12495.9865,12555.8245,10372.8274,4905.7271,4815.8157,4539.1341,3087.0112,13750.9174,9166.9593,11201.1605,11171.0572,8185.1549,11354.7371,10904.7997,11190.3377,6803.0973,13469.2359,10829.5618,1388.3639,8381.8065,13612.9766,10178.3790,13256.5880,1163.2131,5723.9967,13846.8680,13212.0491,2412.6771,10539.3313,0.0000,6075.1985,2960.8488,12069.7335,9600.3117,12524.9065,13242.0639,9321.0359,3491.7021,3201.4647,12091.5001,4335.8215,369225.7961,376789.7387,368506.5804,373640.4879,368299.0243,366490.1692,371374.4271,371489.9959,362455461.1181,362455552.1112,362466319.7365,362467141.2797,1158.3790,6658.4102,6781.0578,9331.3153,9211.8919,6824.1643,8722.9841,9534.1442,11920.4809,8250.3942,13181.5568,8682.8062,8465.9870,11929.7804,12073.4861,2641.8988,6472.8213,13761.0334,4971.7170,13788.4267,1264.5220,10138.1588,9871.8378,11115.5870,13035.9166,12078.0027,11387.1529,6567.6977,12289.7702,707.0340,13120.8932,11832.0671,12679.2842,9811.1780,7101.5174,10165.7963,12921.0237,8554.2411,10142.7160,10030.3021,8167.6056,10647.9610,1350.5767,10798.2577,12622.8319,13780.6824,8287.4727,3400.9748,11443.8161,11582.4137,13100.9890,8780.9827,4047.6893,9606.0311,12695.8948,9518.2570,9346.6683,9517.0383,9683.9998,10176.1828,11807.5594,13053.5249,12809.5731,7815.6892,12962.5839,8376.6003,12009.6732,11439.2131,8809.3112,11308.7992,10814.4098,13696.4422,7936.7770,7305.5505,6980.7840,10300.8205,7925.2901,9136.9647,9189.6747,11665.7742,7510.0213,0.0000,9462.1531,12003.2091,5878.4380,13767.4614,4516.3633,6306.3672,4562.2750,10384.3092,11844.4966,10276.1836,8985.4506,361131.5637,368318.3218,360358.9006,365527.3902,360140.0142,358268.3544,363036.0622,363282.2930,362458311.0027,362458402.5708,362469169.7986,362469991.3812,5667.7505,7648.6218,9185.5208,9082.7284,7389.4895,7854.3088,8976.6119,12247.7510,7464.6719,12785.4606,7920.1674,9322.8376,11440.7681,12134.3172,3732.0323,6007.6160,13544.8516,4457.6958,13813.0366,2368.8019,9375.9597,9505.6456,11093.7752,12596.2755,12138.6925,11558.3138,6543.7116,12728.0330,817.0214,13344.5152,11221.7972,12847.2578,9339.4133,6379.3826,10828.5941,13092.1989,8321.7485,10367.8915,9611.0382,8528.6558,9841.2837,1663.4130,10760.9240,12597.5147,13757.4538,8168.0102,4241.3230,10713.3077,12043.5870,12693.1726,8096.9653,4292.5151,10189.4983,13062.6693,10025.2890,9850.9599,8972.8210,10000.1119,10236.9179,11136.8126,12691.2674,13092.9582,6883.9641,12561.3143,7423.4315,11404.2039,10811.2503,9183.8649,11874.5334,10656.6108,13476.7072,7671.2776,6271.6450,7339.1683,10135.5255,8544.2589,9007.7201,9610.0141,11667.1354,6495.4578,0.0000,10070.5184,11940.6703,6673.4970,13787.0267,4262.1009,6500.9324,3494.5817,10714.0376,11645.4768,10850.9792,9445.2690,361781.0384,368899.2302,360999.3618,366167.9664,360762.5858,358902.9866,363662.5578,363915.6802,362457269.6977,362457361.2909,362468128.5303,362468950.1022,10794.4178,7301.4532,10293.1821,11132.3413,2523.1901,8202.8847,12203.0109,2606.9959,10156.9191,6387.9283,12557.8720,9493.2344,10742.9982,8537.9016,4151.5950,11279.5280,3904.7796,12713.8069,7740.5317,4447.8660,9459.8229,9389.4348,9349.5457,10722.9010,10736.9979,9293.0483,13472.5932,6358.2828,12905.9899,8383.8446,11976.8626,8820.7295,6305.8093,13356.1893,13409.7916,6340.8751,9995.1919,6208.1530,11493.5473,5779.8273,6190.4806,9037.9777,10773.6779,12614.8161,9889.0562,9220.0317,6581.4546,13729.4109,9357.4682,3658.8223,8538.8514,13000.7922,13797.3832,11064.8190,10906.3623,5077.4158,10137.9589,11657.0851,7087.4909,10554.9556,13674.4949,1373.3703,10319.5059,3996.2092,8419.0292,6388.9327,11957.2349,13735.6830,8359.0762,11106.5769,9069.3430,2343.1065,10701.5267,7910.9222,10386.9487,10306.7645,12290.5385,9999.9296,2958.9323,0.0000,11608.3125,9938.5305,10951.2455,12728.6110,7430.0788,9789.9020,2305.3722,10785.3280,9020.5279,13318.8604,10371.8435,366865.0413,373843.2756,366066.1803,371226.2414,365770.4763,363968.8670,368730.3121,368973.6674,362452308.2009,362452399.7058,362463167.1014,362463988.6265,8029.2866,11566.9886,7721.3571,11643.2575,12918.8685,7279.4454,10809.8885,13372.8090,12790.4633,3827.9952,13701.0264,8779.2322,4424.8363,8363.6565,12497.7870,8010.3549,11388.3232,6072.8359,12137.0024,12585.3727,8461.2548,13035.3189,8757.1490,7543.9274,10139.8399,7727.1316,7306.1126,9277.4818,13820.2042,8812.4887,12826.7447,11859.2010,6603.5299,11082.8880,8160.0667,6317.9559,10000.6044,9181.2931,13404.9878,6432.7030,8329.0951,9776.1674,11874.9313,11203.3233,6320.6557,13478.9139,8803.5343,12695.1147,10627.8704,8366.8278,7879.7726,9177.8286,4170.1361,4073.1597,10369.0548,5490.2818,11246.3266,13358.8398,13451.3290,10086.2977,11323.0484,13620.9216,12594.8752,13824.9407,12397.7689,9299.9644,7469.6158,9045.7750,12346.0004,11445.0671,11848.2590,8838.7374,8747.3323,2570.8104,11606.9743,9026.3222,8746.8857,12058.0561,0.0000,3561.6288,9397.7709,6152.5013,11489.1393,9564.0297,9268.9644,9697.3635,5854.5559,10070.9697,7808.8642,4172.7291,362246.1315,369915.9072,361539.0956,366694.8741,361418.5219,359503.9639,364351.4680,364519.2362,362461418.5400,362461509.7154,362472277.0431,362473098.6723,13320.8277,12566.7852,6523.5542,12480.6235,6787.8931,5396.8766,10261.8423,11584.0527,10433.6504,11978.6101,4929.0987,9119.0029,4251.4601,9304.8613,5675.0213,10020.0462,9771.2096,6342.0350,12970.0429,2706.4883,8659.6874,4661.3351,4319.3663,12864.0966,9523.6063,9554.8086,8592.0432,11031.9621,6637.7019,12683.0563,11723.3597,11580.6630,12330.2045,1444.3592,3464.6798,2528.6301,13205.6835,9472.3870,8312.3018,2177.6086,5513.6383,10616.9467,13291.8634,11085.5137,9026.8171,12266.1539,7736.3745,4505.9604,11802.5552,12702.0790,11086.2599,5660.0252,5521.4041,3359.4114,3930.7653,13576.2710,8688.3903,11197.9564,11749.3940,6913.2243,11287.1621,9883.3467,10796.5396,6252.9342,13322.1033,11399.4424,1907.8376,8845.5402,13015.2704,9008.3590,12888.7009,1169.0462,6006.5561,13431.3796,13160.9154,3666.7969,9416.6942,0.0000,6778.2165,4028.9529,11802.4315,10253.4495,11708.7677,12728.0439,8038.9995,4575.0384,3803.5867,12377.3320,4911.9366,368708.0508,376180.1249,367976.2613,373110.3880,367743.8037,365952.0391,370826.3260,370950.1840,362455112.4830,362455203.5672,362465971.1846,362466792.7105,5356.2480,10959.4367,3667.8648,12706.4701,11627.1891,8838.6206,5363.7586,9895.7268,5838.1701,13110.2800,9950.6069,12345.0611,10478.4921,11681.7764,10313.1793,8997.5389,11185.7112,2197.7538,13652.6566,10318.8930,13410.8819,13540.6506,3325.7487,11163.8661,8734.1746,11741.7783,7178.1522,12806.2635,3059.2940,5026.7768,8589.9816,7463.8813,13322.2908,13531.9876,12973.6028,3809.6007,8667.7247,10125.1110,13679.3187,12945.4780,9553.0674,1305.6485,7630.6829,9372.9114,7799.7571,11255.6687,12143.7130,5951.2944,6515.8287,9594.7891,13085.4000,13102.2167,12771.6971,13538.6839,2134.2894,9733.3256,7683.9196,8534.9725,10600.4638,7551.7239,7829.6124,7576.9746,11610.2996,3984.0646,9143.8245,13590.2972,10836.9848,2012.4199,8788.5581,4094.7680,13579.6313,12726.4751,252.9971,4565.2963,13553.7417,8327.8051,0.0000,12583.8018,13418.7831,6991.6093,10032.5759,5420.3904,3884.3554,9780.6649,13469.3223,13162.1704,7257.3328,13249.8945,365470.2202,372527.3067,364681.8697,369908.0241,364592.4560,362508.3076,367123.4481,367556.4762,362453357.2360,362453448.6625,362464215.5142,362465037.2900,12362.4303,8226.1493,11376.9173,12400.0902,11974.3901,9010.0405,5802.8873,10222.2512,12664.3185,6320.7938,11590.5571,12509.3232,10654.8796,11475.9445,5930.5006,12945.2673,7269.0295,13017.1397,12873.9813,12881.7118,12420.8713,3827.0233,9780.1669,6688.0328,11399.3638,11190.9251,12255.7808,7893.1020,7731.5154,5679.3978,8614.7717,12528.2931,11931.1190,13230.1351,1948.4643,11880.6244,7826.5825,12984.7548,13009.9799,11195.6227,4762.1600,3764.0722,12462.4264,6645.3929,13346.3998,12767.1644,3816.3019,3728.5865,9004.7371,10546.3428,10544.2581,13185.0065,11560.2267,5112.0842,12672.6931,11189.7370,8695.6115,11813.9531,11224.7260,10529.3326,11459.6656,13465.2764,2478.6915,7117.5815,13260.2344,12711.3785,5462.2024,10620.4573,1470.2113,13105.9679,9683.1357,5296.8768,2870.8782,13045.2630,10432.0303,0.0000,9742.2062,13253.1793,1876.7448,11309.4452,5139.6865,2615.1140,9789.2224,11608.9114,13432.4806,4896.0701,10758.1789,361589.7385,368907.1095,360835.0785,366043.9465,360765.7094,358704.6869,363390.9531,363746.7985,362458590.3768,362458681.7838,362469448.7019,362470270.4538,8549.9667,11482.7814,1478.2250,8663.5021,6904.0941,13252.7202,8778.7090,9536.9943,10223.5066,4777.4608,9690.7201,5365.1317,11535.1532,9672.4571,2006.5938,9804.5490,8258.5761,7483.7913,9523.7772,9848.1465,10669.2570,13006.7885,8471.3770,11946.3637,7335.5672,10890.7461,9108.4530,7520.1981,13730.4246,12942.2059,5862.8816,9457.2896,4688.8576,12486.1739,4487.6992,8176.5191,7967.6301,9343.3317,11471.5269,10846.6504,10961.8380,4841.6296,13771.0543,7367.5124,2252.3446,10324.8172,13619.9976,13356.2640,11018.4639,10892.4261,3570.8243,9838.4672,12117.7628,5193.0654,9358.6296,13228.2792,1166.7602,9136.3484,4304.2573,7231.1483,4049.6634,12811.1126,13788.3674,7087.5643,9456.5631,10094.3447,3443.1766,11937.3056,6790.4206,10795.3634,11026.6078,13026.8727,8778.6985,3873.4894,0.0000,11691.8856,8538.2299,12296.9935,11581.5040,9221.0065,11177.1496,4748.9144,10336.3365,7394.6638,13732.2976,10395.3048,369317.4219,376331.7074,368524.1336,373682.3369,368233.6729,366432.2777,371201.3619,371436.8287,362450698.7875,362450790.1690,362461557.6225,362462379.1509,13347.1885,9559.6373,7426.1559,2131.9849,12136.2121,3882.0444,12902.1090,10957.3546,11171.8499,9757.6524,10691.7500,10628.8091,9804.5383,8745.4840,1762.8290,13103.8156,8652.7545,13166.7477,13536.5195,5254.2829,12584.5259,8950.4255,12414.0637,4567.3855,13031.2394,846.8337,3152.7463,11160.1522,9108.2435,12331.4750,13564.4610,11485.5709,7129.3074,5599.0997,10196.8829,13078.5457,12534.8696,9828.6431,3972.7208,9249.8267,6585.5454,10294.6453,9689.9753,10206.2422,7322.8391,9572.4832,11301.0413,13807.1138,13789.6254,11047.7776,13749.9408,5405.6570,7179.3350,6528.7948,10277.2282,8273.1995,6182.4725,4818.7021,5043.6981,9395.0857,7391.9179,11448.1417,12692.0839,10054.1016,3262.8828,6225.7244,7007.6839,12667.0371,13528.3749,3713.9631,7893.7736,13100.1773,5648.5833,0.0000,13645.2471,12813.9512,9469.6058,10385.0042,5947.4938,6261.5623,8329.0335,13795.6812,12182.0020,10103.6962,13760.7537,367582.1954,374477.5794,366772.6518,371990.0428,366615.2015,364596.8566,369214.5726,369636.4679,362450500.8526,362450592.3268,362461359.2868,362462181.0054,10933.8504,9662.5582,13546.5189,7381.9217,11969.9666,3018.0709,10590.9234,10094.7529,7425.6444,10848.0470,6036.8799,11643.0024,10723.4536,12945.7139,4731.1624,8956.2394,3202.0603,2809.0172,13149.4225,3409.1207,12165.4291,2937.6651,11898.1730,1892.7314,13106.1981,13741.5303,7444.6616,8271.7640,8037.1931,3956.0901,8158.9020,11700.7946,12147.9063,11441.2647,5127.0717,3848.3308,7048.3056,13079.1757,11695.6059,11415.0064,7797.0028,8253.7944,10256.2429,12741.8937,9519.8213,5713.7418,3943.3552,4171.4292,9265.3945,4286.8752,11863.1330,10810.4344,10228.3222,6979.7673,11881.8552,10590.5850,13163.5859,11667.0382,9707.6897,11399.7318,6489.6661,6022.0328,7138.0689,13363.8497,13006.1742,12068.4184,6413.8552,5821.1995,12879.6155,10810.7499,4080.8217,13135.7034,0.0000,4014.1346,4459.1608,10821.2637,6333.4079,13224.0326,12625.7099,12480.0205,3186.3228,5713.8902,8598.7199,4762.5069,369200.5901,376989.2222,368511.8385,373669.3666,368432.1789,366484.3426,371337.0017,371503.5177,362457056.5414,362457147.3369,362467914.7676,362468736.4391,9477.3674,7971.0565,12779.6061,9852.5161,9001.0782,9563.1383,3424.7531,10117.9200,4270.7357,11756.6612,9204.1491,2809.8557,10693.5965,7441.2970,8150.0721,8928.0185,9085.9015,11066.9670,12722.8722,8109.9454,11750.9184,8506.5179,10476.7067,10075.8025,8312.9916,13547.2045,13291.0937,4556.2793,8497.8993,3827.0446,12733.3637,5835.3537,7506.6394,7080.0275,8977.3411,11830.2408,11444.4324,10695.8025,6050.5952,13830.8537,7826.5880,1097.3545,10371.1855,13643.4913,13347.9925,10099.6713,9951.0089,2584.2432,8827.5201,12677.9412,6259.4835,10227.5441,13391.9877,1751.7839,10061.9488,5487.5040,8385.2722,4542.9680,13065.2571,13645.4372,6233.9428,9824.5410,10753.1914,4340.2924,12137.0487,5816.1543,9801.9016,11690.5163,13238.4503,8090.1047,4858.5048,0.0000,10864.9571,7967.1938,12112.1439,11841.7503,9474.3866,11437.5980,4525.8533,9435.7116,6914.7618,13721.5746,9380.1184,368700.4912,375786.5320,367916.6716,373066.2713,367621.7205,365841.3991,370638.3484,370841.8262,362451848.6277,362451939.9890,362462707.4966,362463529.0064,7956.0613,12655.2486,3937.6900,8465.8336,13681.8500,11535.3547,2954.1934,12106.5132,5171.8117,13404.1157,7224.7775,7471.1051,9488.6344,2267.9740,8815.7283,9891.6069,11043.2493,9502.9902,12890.5155,7842.6999,3568.7508,8425.7089,7226.6609,9522.2634,11179.1168,6847.9977,10887.6203,10871.0788,8945.0419,10992.7584,5547.1105,13194.3588,9727.3586,7512.9669,4463.0463,9757.9242,13199.9940,4551.5450,9588.2487,3547.9072,9359.6564,12386.8927,11088.5884,8517.6404,11966.3921,12041.8790,9252.3875,11512.4711,8764.2151,3980.9605,1534.1261,7727.8293,9319.8375,1689.9907,8155.7892,3193.9852,6012.6321,10759.5964,10349.8626,9316.0093,3312.4560,9658.8482,9283.6466,11470.3740,9735.2350,12799.3222,9064.1077,10606.6188,9028.7255,9022.0351,0.0000,12082.2680,8379.7501,12749.8886,5025.2027,11607.3074,11428.1491,11411.1023,11099.7969,7756.4454,10712.7518,12161.8085,373368.4364,380572.2820,372601.9193,377801.5238,372478.7499,370474.5040,375167.1630,375509.5284,362448622.7102,362448713.7353,362459480.9299,362460302.6502,12644.8989,4960.7249,12765.2153,10465.9110,9776.1579,10249.6637,9272.2164,11459.0493,9211.6618,7412.3022,3811.4719,12583.5625,8671.2776,12969.8143,13299.4096,5866.7789,13295.8164,8070.0658,12971.4713,4819.9024,13201.9386,2950.1420,2093.1617,12130.6621,10557.1727,11234.5875,13151.7076,10422.1506,8313.2462,4525.8679,9203.4016,12479.2453,12443.9539,10794.1248,5280.4146,9157.4119,5819.4283,11581.1340,9551.4562,8749.2785,7251.9181,10758.7093,12378.8515,13626.8578,13571.5525,9780.8893,13341.1986,7183.9587,6577.4736,7427.6783,11545.5414,6507.7975,7045.8073,2836.9513,5227.8360,8457.5039,8700.9175,12479.6958,11973.2383,10435.2094,4308.7126,4242.7537,7885.7314,11855.9962,13214.2788,5370.2575,9224.5950,12727.3991,3634.9975,0.0000,13637.9494,12457.8810,9937.8872,11273.5776,5609.6743,6908.9526,6661.6063,13541.7029,11677.3558,11291.6043,13409.8175,367445.0626,374289.3720,366628.5305,371834.1793,366424.0893,364463.2342,369103.1976,369494.3940,362450317.0314,362450408.5632,362461175.6150,362461997.2812,12709.1864,9602.7595,6366.8324,11088.0584,11810.9551,10692.7277,10045.4137,7488.7311,13465.6675,11302.0974,10183.4746,12920.3582,9750.9599,8868.0509,9102.7831,6048.7593,8774.9641,8340.5665,13327.4299,8910.6148,11804.0451,11804.9624,3061.3677,8553.6207,10829.1694,8356.9030,12002.0404,6930.9561,13782.9470,8664.8870,10232.5197,10355.9309,10370.7593,9754.2879,6458.8921,13824.6544,5602.4465,12859.9858,12672.8639,8162.8641,4585.7234,6724.0224,6143.5274,6214.4177,12458.7790,7784.1385,8972.0886,13674.6433,12379.5529,7508.0004,12994.9390,12611.8226,13235.4507,13383.8704,13452.0321,6776.4715,4324.2877,10951.7031,11828.9768,10347.2218,12971.8067,7108.6248,10873.7062,5646.1124,9956.2452,6256.3712,10113.0411,12999.0114,0.0000,4959.3230,10586.5533,4702.1318,10054.0173,9528.5599,8047.1190,11532.7765,7610.3192,11336.7531,4374.1384,6732.0618,362539.5731,370240.1107,361836.9244,367017.4583,361794.4912,359773.3190,364565.6721,364804.8993,362461193.8378,362461284.9503,362472052.0896,362472873.8137,11229.2012,12895.1773,11924.9081,6614.9708,11979.5961,7920.8146,12159.1782,8071.0108,3989.3483,11903.3662,5663.7245,11557.3107,12304.1282,8334.1328,11246.4087,11472.9294,10407.8414,1881.9161,11196.5042,3631.9192,6622.7116,11205.3529,7353.3009,12218.0654,12843.3299,10712.3304,8952.8319,4826.4189,12297.1966,12016.9215,10545.1991,6979.9314,6765.3279,11671.5012,4928.9129,9689.8373,6935.1322,10164.8603,10249.2121,10208.7952,9810.2992,13478.9386,13516.4423,10601.5940,13266.1432,6391.4527,5125.0058,2885.6000,8675.7375,9017.6785,2464.7683,6329.7121,2217.5394,7849.4150,8872.6713,10883.3330,11596.2938,7004.7655,6529.1137,7868.5928,9309.2894,11800.9049,13779.7433,6030.4761,9013.6189,11653.8998,7391.5779,0.0000,13404.6760,11167.8016,11386.8343,7659.3048,9179.7964,9015.0230,10325.8085,13053.8474,10511.3982,10274.3642,13589.5192,371034.2613,378045.3647,370241.2738,375457.2213,370111.7650,368077.1549,372710.2738,373118.4598,362448731.5370,362448822.7861,362459589.8134,362460411.5544,11297.6654,8744.5748,6282.2894,9857.7784,6165.9610,12111.9329,8505.4297,12864.0298,2405.7727,7139.6360,449.1401,1763.4462,13643.2929,5936.5406,12247.3991,4190.1498,10705.2051,1912.2661,12805.4796,13260.1816,9714.9390,9382.6993,6328.9648,3453.2112,5740.6577,12876.2720,10477.8627,11422.3239,2936.7809,1261.9728,7108.4578,13498.1305,12574.9994,9565.4392,9755.2243,6127.6014,8168.2816,13293.3868,11362.4218,7641.1971,5221.9892,5328.7724,6982.0681,4331.1714,12648.6164,8878.7795,9416.8297,8512.9222,10153.4458,9715.1213,11869.2827,10388.8194,7267.4235,12677.0048,8829.0241,3542.6963,5805.2791,13552.4130,11675.2157,13093.7328,4154.5508,6887.1698,13289.2748,12230.8473,1443.2963,11859.7453,0.0000,5909.0017,1496.5112,12216.5838,6502.0092,13392.9465,13367.0007,11521.8848,3599.2339,2803.5936,10593.6215,5466.3051,370993.6300,378656.8079,370288.3439,375438.6513,370153.7942,368259.8286,373116.3090,373272.2104,362454728.9137,362454819.7391,362465587.2654,362466408.8891,7253.3741,13748.5018,6073.4315,13275.5692,1794.1486,11343.9553,10944.4676,10531.1054,13524.3749,11292.9686,10366.4000,7527.3989,10851.9554,3238.0103,12078.7274,12959.5452,11683.8238,11061.4500,9022.8948,8594.2904,12362.3385,8605.5200,9040.2096,10403.0525,7991.0226,12119.3594,2756.2974,10260.2687,12039.5383,13428.2321,9160.6626,3057.3354,12674.1933,10458.7565,13459.5120,9829.9763,5017.9723,8508.3703,11551.8040,7818.9820,7658.7064,10204.8332,8398.3283,10390.9080,12868.0525,13571.5582,11929.6160,9504.5015,13580.0783,10323.6300,13090.5201,12292.9586,8492.2651,9835.5877,10550.3682,13665.5776,9115.8379,9372.7762,7019.3904,10077.4005,6049.3493,9905.3974,8660.6085,11015.8048,9574.3413,0.0000,7561.3987,11492.9111,4806.6646,13286.8273,6172.6180,6853.5330,6733.0640,9041.0419,11650.9115,9046.6487,7411.6089,360583.9649,367959.6237,359836.5876,365001.3092,359658.4717,357766.3192,362563.4272,362781.5291,362460258.1117,362460349.5651,362471116.8072,362471938.4098,11604.6808,1684.0493,12535.5136,7338.5955,5951.7817,12001.0466,6846.2804,10300.4075,8580.2145,8160.3326,11086.3179,12081.1354,6617.4723,11663.5488,10939.5709,10197.5245,11588.2870,9446.6873,12570.5173,13790.0171,2928.2834,6948.3912,4496.0067,12422.5158,8722.4675,5343.3545,6361.3088,9194.8714,12813.9858,11953.0195,9201.3841,8951.4476,13489.8518,9809.0338,3374.7045,9604.6236,12965.4534,13169.9307,8095.2560,7884.8494,3787.0758,6937.3688,13190.3800,9057.2674,12170.4547,13532.4620,4448.4927,12099.1511,7781.5531,10859.3025,7177.2707,12797.5250,12913.8825,5934.6970,11281.0839,11420.3946,6341.2497,11688.7001,5248.0460,7324.6670,12383.0127,12915.8125,7706.5368,6887.8881,0.0000,8905.0315,7955.5488,10803.9422,12660.3327,9259.5037,11129.1799,4364.2445,7840.3049,7401.3294,13062.8591,7169.5642,366121.9364,373361.7886,365358.0553,370496.2184,365072.5565,363309.5501,368150.3344,368305.4879,362455205.3396,362455296.7009,362466064.2462,362466885.7399,12401.4675,2936.5108,13856.4771,8120.9007,9578.2985,7825.4503,2821.4599,6672.6548,7885.4943,12428.8588,7536.8285,13614.2937,5382.5150,6366.2832,5959.3334,9495.2759,11515.2055,10384.0508,6379.6563,10266.7698,9210.9824,8443.1073,11767.1790,7732.2933,13601.5828,8194.7307,5227.3460,2832.8078,11359.3960,13695.5528,6563.1638,8893.9240,3012.7285,9703.6121,13388.6873,10977.5484,7013.9160,10362.5725,10482.2692,9153.6224,9934.8551,9965.3191,5767.0890,3945.8812,6661.2473,10435.4174,4345.0667,10183.1763,5989.4373,6477.3426,11426.5679,9234.1612,8005.6338,613.7917,11427.3234,10954.0945,12343.4646,8581.9014,11588.4835,10713.5127,11066.0884,7131.5684,10821.4738,0.0000,10511.0882,6464.2334,12994.9372,2984.2705,12952.5386,12543.5555,12453.5750,9305.7711,6204.4100,10302.2946,10710.1701,373747.3268,381152.8447,373008.0716,378196.6904,372909.4007,370910.9973,375650.8989,375943.0316,362450087.7703,362450178.6368,362460945.9193,362461767.6381,13172.1270,5943.9549,6844.6458,11507.1991,8146.3414,11136.9197,9732.1934,9216.0493,10044.8997,12476.6701,5112.4717,12368.9336,11154.3139,11131.3071,11128.9993,8610.8303,12300.1269,13900.4815,4447.6073,7916.6792,6023.5261,11606.1098,9021.1939,3840.9195,7688.4455,10341.4281,13363.9456,11133.4377,7951.7095,9490.4709,13362.5033,10811.4361,4581.5409,8329.5047,12447.8331,13409.9430,8589.0367,8371.5174,5274.8621,7749.7660,12651.5290,9721.8519,12551.8943,13701.4612,4690.6406,12453.9873,7501.7198,11150.3633,8264.1340,12066.9350,12860.6141,7371.9282,12143.2433,10576.0558,5952.7588,10728.8381,6709.2829,7481.5832,11688.0827,12270.8323,8953.4781,6480.9860,0.0000,9211.8644,9232.4445,9827.4218,13257.8883,8025.3757,10078.8883,3228.9924,8663.8731,8753.9944,12700.7134,7696.3348,364674.3096,371869.2868,363903.9224,369047.4673,363620.4008,361845.0056,366669.1731,366843.3916,362455908.9902,362456000.4376,362466767.9169,362467589.4193,13617.5080,10245.2344,10000.7632,8223.3817,5604.0875,6614.1425,7519.9446,12232.7200,5119.4488,13722.7979,3330.2335,8250.0794,5001.9099,10193.1635,12358.9197,8261.3716,4390.9755,11101.1275,8905.0534,9872.6382,10774.7969,9881.9566,13722.3334,8654.9678,5469.9771,1182.5830,11216.3796,13116.0964,8945.9881,6626.0983,5685.0098,11334.2509,13133.8328,9209.1227,4330.2734,9379.9806,9556.6376,10714.5935,9468.4623,9259.7072,8261.9975,5438.8632,4166.1588,12106.3359,5931.9566,11810.2556,7996.1616,8809.5135,10282.6469,6851.0765,8843.6967,3164.1620,11556.6060,12481.3687,11565.1207,9405.8674,10733.9317,10552.3934,9729.7752,7403.0676,12345.1377,0.0000,9215.2894,6983.0662,11907.8774,397.6905,13082.7206,12081.3808,13450.4454,8632.8516,7299.3879,8304.8603,10003.0709,372382.4588,379943.3102,371663.9009,376856.7018,371620.1611,369574.0521,374320.0533,374611.5515,362452383.3842,362452474.1823,362463241.3999,362464063.1620,10951.2497,9918.7533,11335.5325,13378.9724,12135.8042,11375.2322,6292.3219,11760.6112,1669.3755,12837.2569,12232.6550,12546.5328,9980.9990,7591.5748,9282.4243,12482.9290,9133.6825,10152.6194,10661.9353,7455.4341,11332.8645,2229.0747,11056.3550,12712.2147,13624.5979,8071.2305,2326.2441,12071.5659,10859.5211,13458.9878,9660.1201,3628.5068,8716.2862,12141.7180,9210.8137,9056.6037,10278.0446,9625.0731,9759.0593,12387.2405,13196.0540,12294.8275,8828.8197,13141.3670,9199.5502,12417.6083,12100.5120,8081.2672,10540.9491,11188.1332,13816.7302,7887.1517,8279.8234,6287.5742,10713.9320,7573.5577,8921.0488,8424.4274,11820.8230,8432.5334,0.0000,8992.0118,12196.5050,4792.5781,13588.8019,4604.5215,5803.9632,5733.9412,10254.7345,12170.3659,9422.3194,8788.7988,360587.7889,367835.8966,359823.2170,364995.2697,359630.5911,357733.3113,362499.7180,362750.6973,362459174.9952,362459266.5354,362470033.7252,362470855.3304,9875.3797,7497.4197,5763.2437,8527.2603,9131.7114,11442.2980,12304.2115,9908.7422,10886.3846,6476.0635,9841.1316,9198.4901,8426.6161,13625.4535,12156.7041,6097.0071,9106.8982,4097.2414,12875.4542,3877.0688,9610.1038,7309.6850,8090.9877,10199.1449,11304.1523,12015.9148,3601.1641,13376.9981,5555.9819,2799.0111,11413.4555,13684.9895,12609.0785,10917.6260,10831.0350,3376.3305,9662.2838,12114.0614,3671.6441,8150.0209,12460.7811,3130.4509,7962.2812,5118.5467,6246.1020,2087.8878,13079.6061,13428.1687,6345.8649,7850.7324,10653.1378,4884.5188,12537.0825,6256.2935,11067.5642,11294.3684,13194.0589,7852.3350,5131.2072,0.0000,11616.2793,7441.8380,12989.9433,10310.3189,10363.2486,11926.2922,6556.1183,9972.2903,6164.2594,13635.6990,10420.5174,371058.9925,378126.1523,370273.3016,375433.7544,370003.5453,368183.2077,372952.7192,373190.4248,362449734.1021,362449825.3707,362460592.8375,362461414.3859,13334.1596,8982.3571,13165.1103,13498.3045,4746.5355,11757.1184,9337.7638,11826.7530,5258.0180,12737.9925,967.5047,4303.8290,10007.2003,7853.7636,12957.0964,13609.4996,12216.1387,5885.7173,6891.0813,10626.9983,13360.4253,12525.4667,9148.4989,2962.3231,8979.9586,7643.0006,8969.9907,10043.0838,11242.4313,7170.8893,8252.8229,10226.7701,13591.1152,13601.0866,11936.1749,13755.6246,3736.2374,8080.0910,6335.9537,9097.2397,9560.8428,6086.4362,6398.3597,5705.5258,10287.3820,6027.5011,10292.9390,13105.0983,9940.9638,2752.6242,7680.2533,6048.1153,13128.9189,13378.0460,2307.5507,6493.6891,13235.1877,7146.5382,0.0000,13273.5887,12978.8168,8718.6368,9720.0893,6149.0204,5583.0226,9395.2577,13695.1417,12515.7404,8794.4247,13678.4752,367229.5064,374202.1005,366430.2989,371654.2924,366312.3829,364252.5657,368863.0981,369297.8435,362451329.6395,362451421.0617,362462187.9615,362463009.7177,7878.0164,2059.5400,2085.7783,13719.8459,7805.2105,11330.9989,6461.4347,11115.9803,4241.5163,13154.6549,12944.9285,10879.0756,11130.3957,4150.3097,2487.1996,3941.3613,13458.5455,10197.3197,10257.3803,553.9255,3124.7677,9023.2603,13849.8035,12230.0600,9431.5960,11279.9240,6788.6208,6509.6506,13001.8461,12360.7070,9554.6673,5049.4685,5035.0923,5201.4575,3436.7448,13524.4525,8862.0875,10510.5130,10369.2760,8836.1367,10711.8190,11238.4895,10815.3325,6641.7033,13405.2104,10317.3711,1413.6567,7315.8626,13743.8737,10720.2208,13422.8516,1894.6412,6277.8489,13802.5158,13081.2166,1012.6036,11019.8536,0.0000,6111.5545,1604.8433,12375.0240,8522.0534,13022.5408,13499.6826,10208.6649,3361.8163,2260.1815,11779.1640,4780.3377,370213.1420,377811.9348,369498.9172,374637.4621,369313.9301,367479.6843,372356.7477,372483.2446,362454932.9111,362455023.8316,362465791.4380,362466613.0058,7424.6808,8617.5823,12040.4038,9603.5120,12810.6690,7590.9991,4656.1866,7523.7540,8619.9410,10172.8255,11881.3719,8288.4157,9335.9949,9616.0537,7124.2857,12186.3686,5306.2314,12819.0026,8100.1416,6107.4148,5348.8669,11061.7616,13540.2146,3960.1319,10647.8633,1369.2489,7841.6881,12946.0468,12136.1126,9226.5936,11139.0053,11193.9990,7526.6999,10364.1791,10385.7045,3081.6673,3762.6506,8795.4712,8333.8194,3846.0642,8110.2407,4183.7214,4143.0761,12022.2780,11042.1890,7550.5117,2729.8458,10850.0043,8919.2413,12499.3788,8007.0934,12064.5549,10527.7432,11858.3475,7473.8800,8799.1475,0.0000,11491.2044,6742.2728,13363.5263,5618.8126,12172.3237,12384.4182,10871.0765,10016.6569,5907.5144,11706.0827,11210.6873,373824.8167,381063.2207,373062.9868,378247.1488,372905.8033,370957.8222,375690.6354,375983.8028,362448703.4764,362448794.4740,362459561.7997,362460383.4702,1505.2581,13860.4124,6255.7132,12268.9299,4593.1581,10989.9107,2263.6709,13091.1912,13438.3128,9986.1615,9807.4665,6081.2340,3181.8867,5576.8792,13146.1756,10649.9822,11382.5841,2599.8326,1561.6186,7553.5228,13767.6582,12671.9995,9749.2284,10111.1678,6375.7004,8066.4420,13431.4601,11652.4394,8030.9440,5109.8690,5203.4414,6839.2102,4093.7451,12986.1400,9072.3923,9788.0596,8926.0571,10138.6161,10075.2088,11994.2027,10672.4790,7329.3017,12965.7488,9142.2738,3267.4998,6182.9891,13802.8229,11739.1028,13326.7552,3873.1159,6769.5114,13585.5041,12529.8736,1092.4847,11946.1825,0.0000,5881.8259,1325.8305,12381.1473,6950.2678,13537.1344,13580.5223,11502.8519,3409.7063,2720.0678,10899.4624,5292.8476,370923.0600,378592.7234,370218.6349,375365.7602,370077.1343,368194.5802,373059.0371,373205.0443,362454871.9463,362454962.7734,362465730.3228,362466551.9363,13670.7113,6097.7260,11653.9950,5076.9741,11814.0641,2861.2833,13467.5607,13537.6024,9505.6657,10225.4295,5682.6903,1837.4523,5880.2158,12895.7892,11359.1507,10641.1196,2452.7204,3015.7397,8455.9113,13782.5201,11972.6390,10609.0709,10017.5823,7643.6448,8255.7149,12971.6934,11300.4432,8160.8461,3701.2053,3785.7933,7074.5975,2678.4345,13111.0711,10017.2855,10743.8540,9204.4348,10323.3531,11020.1394,12337.4777,11540.7258,8217.1539,12750.8776,8836.7310,3473.2840,7441.2560,13844.6396,11919.1162,12999.4977,3840.6367,5413.1194,13697.7976,12311.6762,1711.6918,12162.7260,0.0000,4595.9854,2461.8368,11721.8296,7835.8119,13245.5290,13287.1319,11252.0584,1931.2300,3747.4407,10582.5335,3871.1244,369581.2507,377292.9695,368882.1427,374025.0414,368740.4307,366866.6509,371745.4174,371875.0911,362456291.6959,362456382.5511,362467150.1070,362467971.7113,11997.7066,6068.2690,12914.4005,9181.9337,13581.6881,5145.0068,4348.8817,8807.0890,9696.0216,12582.7192,13214.2315,12849.3663,3474.8870,9652.1722,7705.5281,13629.8087,13745.6595,11707.3568,2081.4973,4890.1182,10584.8100,9010.7609,12740.5395,11700.1794,2826.8619,6773.9217,10999.1196,12510.0353,12469.5978,12482.2511,13020.2026,4689.9928,11044.0116,10176.9482,10327.9842,10006.2604,10035.5590,7796.8937,9558.3037,12312.6668,4219.5637,9860.7726,13587.8171,12662.1147,2133.4092,8141.9204,2500.3236,13396.5697,11647.2522,3145.0744,5029.4892,13837.2809,7813.5919,0.0000,12022.9383,13875.1877,5074.5893,12025.1538,2546.9957,1247.1155,8089.1675,13197.6031,13655.6596,7803.9829,12493.4457,362704.3854,369753.5228,361913.9581,367128.4636,361787.8640,359754.3845,364397.8792,364794.8780,362455554.5986,362455646.1552,362466413.0549,362467234.7806,12457.3676,2742.0658,11712.6192,4312.4484,12149.5822,13413.4428,4896.3394,5734.1253,10593.8985,6962.8010,10625.4514,9812.8581,12725.8001,12176.6374,8170.7714,6299.5610,5892.2271,11679.3398,11134.2709,12128.0947,4779.5226,9347.3203,12263.0144,12049.9746,7068.5434,2614.7528,6025.2334,6264.5859,11553.5417,7054.7575,9852.7861,11599.9660,9583.2561,4139.4602,13280.1618,9997.1561,13633.6240,11572.0669,11354.8085,9323.2242,3485.6242,8916.6642,7519.5879,12221.4128,13782.7389,10511.8191,9275.4386,7376.7467,11346.4569,8580.7921,7150.7103,13770.8080,0.0000,5327.3500,7334.9156,9556.1120,5260.9626,12701.8117,11357.8232,13482.7046,6112.0838,8333.6788,5929.0809,7008.3179,368386.3849,376178.2170,367697.9559,372877.5828,367681.0981,365642.9927,370444.1213,370676.1472,362457483.5025,362457574.3043,362468341.5454,362469163.2966,13227.3933,11385.3071,12847.2641,9252.6668,6441.3706,10290.1058,12779.8162,8775.2580,10481.5968,10085.6540,7914.9706,10212.7165,1852.2097,11022.8977,12732.7510,13657.4721,7784.0452,3440.7250,11071.8385,11573.9667,12939.6165,8707.4579,3641.8879,9581.2686,12735.2433,9943.6724,9780.1866,9522.5657,10073.4547,9810.4611,11477.9124,12721.3559,12762.1881,7534.4193,12608.1244,7839.3044,11582.9655,11256.6365,8582.6423,11415.4563,10985.6525,13570.1793,7373.9955,6819.0000,6698.9197,10490.2534,8429.8671,8651.6850,9013.8526,11860.7005,6989.2219,0.0000,9883.7631,12151.8942,5926.9659,13685.6841,3901.4127,5913.4642,4238.7805,10742.6908,11931.0056,10289.8555,9432.2439,361365.3159,368508.7613,360586.9031,365759.0473,360366.5237,358488.2243,363242.6103,363503.6524,362457751.8613,362457843.4483,362468610.6532,362469432.2413,10566.9472,2413.4033,12048.5551,13473.9498,7258.7039,6070.9620,9827.3862,6504.3663,9250.2084,11230.7991,11508.7588,12862.2035,6929.3694,4121.1135,4419.2683,12385.3102,12524.3485,10646.5832,6585.6152,7156.7053,11165.5986,13144.5690,9030.4601,3900.1174,6662.2569,6880.3597,10298.6956,6970.0007,10658.7074,9970.8736,8279.1957,4900.1090,12443.0643,8717.9856,12982.3467,10321.8721,9583.0029,10784.0174,5840.4615,7507.4892,5251.4414,12757.8023,13224.1758,11876.3427,8040.7538,8311.0657,11950.8220,10138.2823,5598.1113,13225.0412,0.0000,6488.4261,5516.7798,11316.2814,3634.9464,13447.7936,12505.4261,13383.6369,5956.9689,6432.1221,7982.1260,7452.3941,370830.8743,378563.1843,370135.0247,375310.0962,370089.0524,368081.1570,372886.6396,373110.5439,362455166.0487,362455256.7995,362466024.1232,362466845.8507,10969.8643,4647.3250,6705.3507,12139.0771,8562.7075,11208.9683,12324.8270,9469.7616,10157.5620,3141.7559,12027.9698,11191.9354,9965.7575,7465.7849,7903.4805,12101.9412,3121.9092,10830.6966,5878.3652,8804.9274,10743.8128,11379.4327,10631.3972,13296.8247,13312.2883,9272.6501,12821.6964,7938.1745,3400.7315,3264.7179,9689.4149,7713.0264,2786.2162,5330.8328,508.8491,6280.2492,10156.0710,11791.1821,10624.5082,6628.3964,7470.8662,6847.5367,10333.9235,10814.2775,13616.8576,7347.8270,10306.1765,10944.2108,6426.0543,0.0000,13406.5080,10403.6887,12144.5105,8061.3279,9541.0511,9901.5369,9573.7753,12690.1775,9553.0643,11406.0069,13286.0780,371736.1394,378718.8792,370939.4479,376145.0538,370773.0237,368786.0600,373440.6203,373820.3474,362448051.7785,362448143.0329,362458910.1562,362459731.8549,12811.4134,13679.3391,8609.4077,8140.7145,7986.6873,4538.5180,7488.9177,12352.0560,11262.0402,12182.3309,4746.1194,2234.6433,6073.9956,13298.2523,12670.8078,10349.6963,8458.1879,6716.1448,9737.7204,13429.3353,10434.2669,6074.0119,5426.8432,5610.9710,8667.7475,5194.1226,12044.9291,9646.8349,9185.8962,7083.1785,11453.4011,9558.0100,12697.3476,10677.0663,8540.4919,12039.6236,7490.0763,5413.7621,5596.4698,13505.9412,12675.9272,12757.2148,5982.6533,7246.4890,12998.8628,11487.1200,3330.2045,12786.5958,0.0000,5722.5928,3358.0963,11906.5847,5353.4966,13667.9187,13213.4881,12592.4947,4191.3416,4527.9995,9516.2896,6019.5788,370932.7995,378663.1278,370236.6314,375395.6798,370145.2105,368202.6495,373045.5453,373221.8531,362455235.3741,362455326.1405,362466093.5935,362466915.2620,3784.8458,10649.3375,8428.1733,12615.2848,13561.5652,11774.6679,6649.7515,6079.2080,10503.5522,13160.0375,12431.2985,9354.8361,3600.4300,9254.1931,6926.5059,9662.4262,9688.3855,10664.3689,7391.0280,9010.2827,10737.4615,13710.3457,13708.1425,11422.6391,13743.4734,4665.7703,7436.8295,6200.6888,9651.4360,8873.9148,5890.5782,5557.6747,5117.5057,9698.5248,6841.4200,10902.7844,12828.2025,9829.1235,3109.1552,6934.6156,6679.4276,12837.6656,13491.8885,3140.9026,7310.9465,13094.6167,6376.5980,0.0000,13482.8644,12809.0850,9233.2985,9929.7208,6175.7130,6074.0087,8902.4808,13727.4989,12247.9763,9522.8535,13732.3636,367626.9039,374559.0569,366822.3440,372043.0267,366684.1665,364645.4611,369259.3765,369687.8849,362450726.8814,362450818.3221,362461585.2559,362462406.9933,11618.0199,11056.3751,11239.4908,13144.9107,10930.1141,7324.4316,6239.4199,7819.5625,12792.1994,13130.3998,11778.4507,4441.8047,7491.2632,7515.8858,11459.0011,10925.4294,9156.4798,5423.4700,10093.3963,12613.7240,13300.7515,13224.5541,10247.6533,13180.6613,6997.7036,8225.7617,8954.8670,11890.8407,6846.7590,8638.0453,3796.9940,7095.3563,9666.8371,7874.7017,12252.4986,12394.7251,11677.9507,3354.8912,4451.4570,6600.1111,12178.9162,12599.1197,4950.9875,8511.9699,13174.5524,3967.7598,0.0000,13226.9691,13037.7824,8558.0310,12183.0900,3660.8953,5422.8381,5835.6343,13480.6074,12387.0557,10806.1442,13042.9749,365366.4457,372228.5798,364551.6540,369755.7399,364346.8432,362389.7081,367036.0943,367420.0761,362452103.5591,362452195.1618,362462962.1908,362463783.8507,5905.3075,12163.4650,9554.7784,12713.9635,5928.6885,13272.7623,10538.2578,11050.8603,10159.3439,8403.1196,8812.3852,7856.6889,13208.0485,2633.1052,12037.5632,13453.4413,8843.4151,2621.7785,4423.5595,7790.9258,7929.7943,13236.3550,9255.7204,7140.1689,13003.1907,10675.2304,4905.7078,13605.6875,10960.1318,13172.6047,12205.0655,13332.5453,5428.9442,1759.8156,11681.5289,10538.4381,9604.0549,13320.0847,6696.4816,11775.5491,7905.1251,8699.0630,4636.5233,10561.9972,13218.8807,0.0000,6655.1542,10830.9831,5565.1400,8184.4071,9944.3014,7861.5547,12634.2947,8790.8656,11530.8473,1700.8371,8551.0214,364318.7668,371990.1081,363612.8719,368810.8217,363612.5253,361525.0017,366272.0697,366567.1397,362459435.8835,362459526.9248,362470293.9579,362471115.7437,13120.2645,11094.8268,12402.7192,7502.0429,10781.1826,13273.5915,11448.7796,9058.2696,3805.8305,8464.6317,11283.6581,10380.2317,3455.6685,8873.7496,13181.9101,11088.9949,5924.1904,3293.2621,10649.7844,10814.6707,12958.5597,11329.3497,5800.1658,10032.9941,6054.2607,1717.9615,13169.0326,6444.0694,11879.2398,8563.7890,11314.0956,6830.9593,4831.7932,11711.9359,6811.8045,9147.6166,12722.7030,8629.0397,12074.8611,11436.9785,7693.9320,6205.6770,10511.0033,12449.6027,0.0000,10014.2474,10301.1707,9511.3048,4071.8886,11262.1425,9419.5677,13552.8605,10637.6200,10611.7971,5166.5036,11342.1570,369470.1567,376966.9845,368742.3378,373958.0337,368745.6208,366618.1487,371303.1719,371668.5491,362453895.9921,362453986.9333,362464753.9184,362465575.7475,4601.5810,2713.1518,13259.6034,9339.7181,7449.8811,3621.4627,6871.1878,11604.0204,13169.8666,10680.3628,9091.9122,12965.2765,8520.5510,3773.0992,11342.1434,13081.3509,12048.3932,6448.3543,6268.0804,2944.5111,4846.2413,13780.5598,8892.1702,11761.4302,12632.3160,6092.6683,11794.2686,9355.4548,11014.0011,6474.8561,13465.1354,12162.2949,3237.0665,9838.3356,12800.4822,8270.0019,12794.0506,2482.6632,6352.2921,13409.6325,13393.2972,5101.6225,8740.5226,0.0000,7518.3778,5423.9186,11716.1224,11304.2629,11175.4694,12500.0889,7000.2258,5668.3773,5029.7302,12890.8765,5558.4449,367916.2197,375317.9286,367174.7120,372306.7282,366917.0754,365147.2454,370018.9716,370142.5827,362455182.1387,362455273.3112,362466040.9322,362466862.4364,5627.0129,12654.8208,11550.2894,9286.9463,2449.0835,4629.9742,9743.0797,13599.1366,10981.3125,10999.8000,10478.0852,8706.8737,7722.3261,12161.8907,11261.5263,9050.8854,2657.8029,2617.0175,6648.3542,983.2030,13267.1925,10534.2309,11643.6841,10090.2377,9768.5994,11867.7549,12067.9786,12099.4600,8594.1304,12612.4408,9213.3647,3504.0177,8791.8316,13608.5525,11412.6545,12576.3697,3488.4653,3963.9976,13660.9970,12244.9541,2853.1427,11718.2986,0.0000,3856.0390,3685.8533,11014.6228,9181.9842,12523.7713,12787.3634,10261.0230,1146.8383,4617.1560,10695.1762,2357.4136,368043.9715,375732.5651,367341.2776,372478.7653,367177.7733,365330.5361,370219.8293,370334.9436,362457339.2101,362457430.1527,362468197.7236,362469019.3016,13582.5874,7584.0171,9127.9960,3609.1331,5774.6732,10288.7979,13035.6075,11948.2045,7037.2755,12967.8292,6227.0604,2774.0109,12171.6415,13505.6211,11757.8269,7870.8553,7764.7874,1331.7872,6249.0916,13449.6092,6704.0033,10025.0976,12135.6986,5406.1701,10037.9626,8422.6312,9191.8587,3970.7301,13714.6919,12434.6201,2581.6604,7980.1896,12615.9910,7705.6656,13278.2715,2316.1133,8258.2996,13093.2424,13635.2140,4612.3626,8097.3653,0.0000,8865.1612,4476.8704,12771.9375,10072.5097,11694.0076,12951.3763,7617.0028,6671.7041,3440.7806,13234.3544,7249.3535,370324.6888,377654.3174,369574.1369,374714.2614,369319.5161,367530.8863,372375.8613,372530.2341,362452645.8643,362452736.9846,362463504.5899,362464326.1128,11294.1329,9161.7362,13479.5221,13043.8409,10318.7562,3519.3718,5446.8924,11853.7369,6082.7745,12826.7511,13117.6193,4788.5963,3527.7977,8553.6120,11491.1543,11516.7443,13551.3663,12416.1473,3268.1266,12067.1857,10023.0785,7916.4744,12029.2442,10048.3067,10220.5451,10458.3309,13262.4350,839.5003,7062.1317,13681.6716,12051.4488,4480.0720,10638.0471,1420.1998,13612.5760,10900.1598,3773.3306,1669.6182,13381.3235,10348.5780,0.0000,10705.3873,13472.2517,3782.2380,10551.6566,5548.8583,2640.5406,10429.7122,12345.5064,13575.0924,4672.2134,11775.9237,362853.7225,370118.9791,362092.5497,367311.8739,362039.4223,359944.6733,364599.6220,364992.4286,362457106.7026,362457198.0856,362467964.9431,362468786.7263,10609.5257,10132.9321,9874.0336,9392.2982,8977.7316,11792.4579,1496.1540,12505.6012,6018.5023,6283.2644,10528.7368,12696.2395,12222.0162,12850.4505,12806.6135,7038.3984,12039.4808,9816.4415,2416.9459,5905.8990,11592.9038,4917.8842,5527.2274,3222.8442,3090.5921,4486.5724,11476.7813,13110.2046,9361.8208,7752.6145,8266.0407,4425.2311,11100.0241,9390.3910,12950.7373,8780.5716,11710.7248,10293.5517,4154.7243,0.0000,13208.9925,9806.0187,12476.1734,9797.6324,9159.3086,10410.1216,7419.1570,12161.8905,8703.4512,12801.9206,12577.9838,371138.9433,378066.9564,370334.6340,375522.1852,370102.6780,368199.2464,372890.3480,373220.9448,362448264.8049,362448356.1460,362459123.4037,362459945.0251,9898.8739,12026.5561,13808.2846,9295.3113,4484.6877,11306.5258,11999.7946,12750.8134,7952.7491,5313.8501,10282.6082,12828.6190,8833.3049,8637.5744,8616.7841,8822.4046,11029.3532,11617.5181,13222.2265,13061.3573,7310.8711,13145.2722,8505.2988,12154.3488,10911.8430,9744.0915,11565.5865,9906.7533,13477.5114,8919.2904,7257.3022,8064.8002,9340.9718,7211.5674,10073.7755,10044.6947,10886.5569,7561.1865,0.0000,8938.3981,11262.3753,6765.7581,13738.8722,5658.7862,7458.7912,4213.9650,9618.4141,11099.3373,10820.7256,8179.7215,361630.3364,368852.7689,360862.6371,366021.8878,360628.1593,358786.5234,363579.1998,363795.3004,362458304.2437,362458395.7754,362469163.0814,362469984.6388,3641.0968,9420.7717,13828.3017,12042.4819,9424.0073,11532.7305,7028.7608,6142.5482,12825.6337,12481.8563,9912.5490,5050.8687,5006.7744,4835.1459,3335.2298,13623.9376,8895.5848,10739.6859,10711.1766,8514.5134,10919.4677,11053.4932,10902.1868,6590.7785,13460.2445,10569.2830,1124.1509,7690.7872,13689.9645,10456.9721,13385.3516,1427.1396,6124.6737,13821.3042,13165.4996,1564.3965,10781.4040,0.0000,6161.3842,2097.3355,12301.1309,8942.5606,12834.7964,13419.1268,9838.5527,3447.8380,2502.6029,11947.9588,4661.3739,369904.0531,377484.5066,369187.2608,374323.9236,368991.9662,367168.8384,372048.3726,372170.8122,362455042.4115,362455133.3610,362465900.9769,362466722.5341,6374.8715,13427.4715,13115.5245,8840.2118,9880.7139,5051.6499,8156.0366,13628.0787,11654.1965,7657.0857,6408.6094,6515.5792,6996.1458,5523.5155,12498.2288,8085.0234,8562.5560,8352.1282,10058.8993,8867.6912,11568.7587,9614.2557,6622.3051,12819.9578,9166.2150,3911.7801,4710.1209,13458.5167,11530.0403,13320.2540,4611.9085,8008.4997,13137.4433,12386.3948,2181.0669,11675.0762,0.0000,7021.3033,1653.6723,12731.4900,5812.3246,13588.2481,13560.1468,11745.1736,4837.5450,2489.2412,10878.1945,6647.2577,372012.0250,379630.7396,371301.0072,376455.9099,371166.9873,369263.2459,374104.3507,374277.8050,362453531.4437,362453622.2559,362464389.7667,362465211.4001,10534.4931,13023.8945,8515.5185,6531.9374,5713.8545,11502.4869,12839.6819,9018.8553,4639.9895,10184.1532,10347.9314,11018.0540,10284.1658,8509.1735,7887.5638,4491.2125,4052.6383,12014.4613,4997.8479,11348.8775,7241.8035,8840.1035,9818.8273,7081.1118,9520.6833,3257.2217,10877.9990,12166.3482,11152.4534,10049.3367,11396.0670,9798.7136,9311.7113,8262.1334,11974.0122,0.0000,9978.5958,7810.3851,11804.9472,820.3295,12692.2230,11635.1077,13356.4217,9515.0707,7968.9038,8205.2815,10767.9722,372412.8465,379907.2524,371685.3536,376885.2353,371643.1834,369581.2069,374303.5583,374621.9082,362451744.6904,362451835.5303,362462602.6943,362463424.4699,6690.7143,9817.4277,8397.8601,11925.8238,12029.8300,4824.8101,6676.7396,10308.9521,13065.7845,13059.4379,12747.1339,13532.3478,3083.7670,10244.1736,8706.3190,9383.2785,10357.1939,8555.2182,7669.7073,8309.2835,11934.8665,3957.6619,9578.4368,13742.4731,11672.2681,1127.8292,8439.8426,3364.2253,13659.0448,12505.3619,1094.0618,4698.6969,13838.9667,8006.8279,0.0000,12570.8095,13763.8299,6340.0279,10960.9959,4279.8470,2822.5151,9123.7120,13563.1723,13501.5409,7568.2460,13155.2140,364362.6108,371395.9825,363570.6848,368793.8443,363465.8068,361398.9100,366019.1322,366444.6489,362454059.9207,362454151.4129,362464918.2712,362465740.0292,12517.7426,9401.9445,13776.0224,11137.1306,2413.7981,6868.0554,11139.2169,9719.2312,9621.2448,11693.3951,10466.0937,8145.8089,12813.7869,12755.1777,11160.2766,10196.2794,12729.1556,9821.9838,12333.8879,12959.0586,6091.3285,9292.3380,12258.6960,13747.9553,6784.8798,9288.3971,4274.4640,11897.7613,8274.9262,7539.9347,6469.4447,12546.8320,9293.5114,0.0000,9207.4387,12883.2210,2682.3899,13036.2230,4098.2750,4066.3462,7382.2159,10882.3820,12962.2582,7753.9195,9557.2256,360290.7701,367566.0453,359529.8204,364716.7050,359385.8991,357423.6263,362158.4130,362450.9527,362459467.6784,362459559.1939,362470326.2639,362471147.9261,12319.5338,4641.1171,6243.7617,11446.2429,12873.5717,11698.1833,12475.2502,12451.2034,6701.9651,11586.6995,10249.2711,942.7406,5242.0651,11124.9950,5543.4712,4924.8389,4629.3097,2837.0311,3496.8971,11946.0937,12856.4670,8633.1910,6540.4641,9226.8138,5625.3200,11788.5189,8768.5024,12805.3149,9516.6290,12074.0239,9435.3515,5444.5342,0.0000,12884.5421,8862.7771,13012.3420,8891.4017,10220.3603,11240.3360,8339.0817,11612.2693,7725.9488,12830.0282,12257.2445,372239.7878,379237.0537,371445.0762,376629.7801,371223.9201,369319.1134,374024.4518,374340.4991,362447985.7103,362448076.9573,362458844.2560,362459665.8813,10995.3093,13738.7775,9798.7232,3181.0833,2929.8957,9234.7281,9398.9341,13520.3960,10414.6680,6007.6684,12060.8485,8914.6174,2674.7771,13784.5097,9243.0229,12876.1008,10887.5429,12842.9291,5373.4559,1927.9672,12033.7637,9170.8831,9246.2130,13358.4468,7196.5174,12258.0809,9706.0424,7963.2502,4514.7949,10796.4736,13164.4860,0.0000,8272.0033,10864.7530,7183.1011,6456.3303,10530.2672,8314.3068,13342.8520,9798.6614,11443.8445,2039.4103,10018.4099,366383.2140,373996.3781,365670.1897,370879.6905,365687.4064,363563.0750,368275.6668,368611.5273,362457278.1507,362457369.1377,362468136.1155,362468957.9373,7346.6946,13387.8957,12552.7886,9337.0156,10443.6919,10496.1663,6798.9117,9519.6433,11279.8804,3718.3724,5023.5317,9135.3676,8296.2781,5151.9744,8696.3041,5413.4447,3667.8623,12669.2119,11157.1782,6456.7269,2644.4897,11716.0635,9266.9201,13094.9710,6971.4221,11481.1311,11459.9482,12462.9161,6371.7713,9237.6629,0.0000,10915.0754,5592.9578,13657.8048,5793.8427,12705.4881,13005.9330,10929.3553,9167.7806,4707.2265,12054.0562,10482.2968,373966.1369,381264.7699,373212.4332,378387.5184,373046.3818,371123.5662,375884.0417,376144.9775,362449180.2747,362449271.2305,362460038.6292,362460860.2779,10985.4529,13753.0440,13042.3539,9520.0188,9376.9146,1494.6795,8122.3756,13041.5272,6289.8119,10231.2325,13181.6594,2807.4694,10111.0860,6363.3922,8628.9780,4117.9108,13396.7773,13448.6797,5245.0568,9356.7151,11408.6429,5347.9933,12595.4521,4835.7754,9384.7935,12223.7672,13499.8039,7181.2065,5832.1539,0.0000,10369.1457,7055.2630,12414.6620,11452.7700,10208.2353,11995.2254,5410.6932,8709.5580,5985.6159,13733.0587,8798.9620,369231.5737,376381.7985,368456.5459,373601.9710,368167.5885,366391.8053,371205.2775,371390.8884,362451994.5170,362452085.8127,362462853.3610,362463674.8684,7313.4826,11633.9625,11275.0409,11187.1650,11759.6128,11804.4312,6983.8274,11876.3940,11795.5409,11333.5274,9508.8124,11687.7155,8316.5467,11048.4077,12486.2691,5577.3949,10128.1233,12860.3661,13506.0404,4711.3018,8041.1038,3410.9113,12535.6099,10035.7344,5815.1166,6213.5923,13284.4450,7916.4607,0.0000,10846.8205,13477.4378,3923.0472,13000.5229,1858.9229,2462.8361,6809.9441,12177.5129,13341.0994,8316.0937,11102.3544,361117.1643,368236.1634,360335.4859,365533.3071,360180.2074,358202.6808,362894.3396,363233.9186,362457493.8855,362457585.4721,362468352.4752,362469174.1498,5896.4595,9714.1695,9808.1610,13808.8781,10989.0539,5036.1168,12831.1183,10293.4388,5655.9059,13363.9207,10490.6068,12259.8290,11549.9448,13634.7194,2939.8507,3844.0014,12935.6853,11228.3261,7601.7297,12575.4778,4530.3234,12976.1294,9504.8660,6590.3617,2125.9684,12116.4658,12378.2445,0.0000,8689.8743,12292.0207,4383.7840,9035.8325,8366.0162,5827.6038,12124.3932,10672.4477,12743.8294,1281.6841,10292.0909,363575.5529,371089.5255,362848.2067,368059.9835,362842.9026,360730.1310,365428.5113,365777.9450,362458609.4988,362458700.6738,362469467.5925,362470289.3969,8242.7052,8452.4134,12540.6119,9191.7290,8013.6220,11231.7087,8229.5034,1594.8848,13601.3126,8657.5789,13203.3944,10550.4020,11674.9970,7927.0977,2756.8775,10460.2601,7210.7899,10973.1410,13660.8140,9515.6837,10833.0307,9299.3537,9795.9695,7143.9385,8884.1706,13529.0633,0.0000,7491.6140,8879.2356,9279.7254,4272.2810,12167.6295,10441.2864,13814.7704,8349.0774,9598.7996,4716.4912,9124.9231,368711.3268,376406.5009,368010.0140,373207.8583,368017.7094,365924.3543,370672.3896,370967.2105,362456268.2667,362456359.1081,362467126.2144,362467948.0143,271.8393,8706.6897,1911.0893,12604.4210,12090.6524,12450.1687,9442.9225,11111.7080,12700.8622,12975.6193,13148.5907,10586.0932,11423.6534,7703.9566,6046.6179,10059.8582,13243.1431,12335.2910,11443.3999,5962.6619,2047.8740,13195.9076,10990.7175,5190.7416,12591.4279,0.0000,1315.5377,5958.9254,9417.0301,9608.4067,12013.3316,11857.6124,10806.1205,1840.0571,6969.8207,9155.5045,1121.8294,365955.5676,373723.3160,365262.9839,370406.5855,365137.7848,363250.9841,368134.9014,368260.6209,362459510.8583,362459601.8202,362470369.3023,362471190.9139,8576.9774,1804.5528,12662.3955,12080.3332,12531.0520,9631.3316,10970.2421,12772.4290,12884.2945,13166.9704,10543.8636,11468.9075,7885.8800,5987.0895,10175.4321,13218.4980,12211.2040,11435.5368,5869.8253,1844.9593,13209.0541,11054.1914,5229.0344,12477.4637,0.0000,1474.2094,6004.7724,9390.9232,9782.8073,11919.9275,11823.8065,10629.4677,1900.5105,6980.6458,9279.8141,864.2156,365833.2151,373590.9593,365139.2351,370281.8719,365008.5171,363127.6207,368012.8069,368136.4431,362459533.3324,362459624.3081,362470391.7960,362471213.4020,7156.3622,13454.1946,6535.8867,10258.9192,12813.4743,4249.8183,10206.4318,7564.5118,9034.9229,3915.6951,13756.4957,13089.2192,3866.8600,8737.6829,12226.3634,6698.0468,13135.3468,3490.1616,8825.8709,12872.6792,13763.6459,5895.4529,7139.7496,0.0000,9656.2930,5770.0181,12757.5434,10878.9139,11143.2128,12674.3225,6640.2494,7688.0901,4702.8096,13655.3728,8009.0400,369876.5363,377120.5385,369114.3248,374255.1979,368838.4416,367063.0261,371897.0293,372061.1144,362452296.7217,362452387.9250,362463155.5182,362463977.0274,13268.0543,11174.4357,12197.0679,10274.7559,10042.2816,12415.4472,12325.0107,12627.5291,9306.2916,12398.5247,9062.2251,4330.8144,9547.6117,13566.6570,11597.8688,12288.3473,4195.4447,3047.3523,13654.8119,12036.3301,3829.4225,11911.5775,0.0000,3194.2088,4653.5935,10519.4667,9727.6668,12288.7830,12524.3172,10185.9712,1149.8754,5549.1155,10467.6534,1407.0298,367087.2459,374794.3351,366386.7772,371523.4466,366225.9118,364378.4994,369271.8257,369382.6504,362458230.7256,362458321.6946,362469089.2535,362469910.8306,10430.7571,7535.0347,6867.8621,11876.8022,7538.4951,9453.5978,8261.0484,12223.2235,2966.8648,7559.4937,13675.5194,10368.1908,4041.1754,10376.0995,4244.5571,13746.5372,12447.6588,2290.6321,3217.8250,13295.1199,9960.6591,0.0000,11953.2128,13178.6155,6804.9997,8956.7118,6927.1448,4712.7123,11181.7656,13039.0119,13116.4631,5640.4399,12945.3899,365763.3640,372950.2232,364992.6500,370221.7299,364947.3113,362826.0537,367447.8173,367878.6076,362454139.9636,362454231.2768,362464998.1056,362465819.9170,4901.3290,10710.7043,6000.4074,4652.9705,5463.3967,3011.3506,3023.0366,12104.8110,12539.7689,8115.8134,5708.3718,9734.0233,6351.8810,12077.7606,8322.6144,12562.8223,9893.7569,12163.8100,8798.5061,6213.2558,0.0000,12521.3806,8179.3117,13183.0852,8230.3885,10755.5864,11623.8177,8851.8398,11133.0400,7046.9595,12693.9897,11915.1981,372739.8983,379792.7782,371952.7900,377135.6111,371741.3962,369833.8529,374549.7185,374855.2053,362448060.8768,362448152.0631,362458919.3846,362459741.0139,7204.0350,9866.2746,516.4983,8161.0282,3079.2214,7210.7420,9759.1984,9926.0202,10402.0082,4421.4703,8688.7423,9436.3592,10591.3054,10775.9628,13166.0143,7916.4995,9634.8405,10057.3361,9094.4420,0.0000,12418.0937,9479.1650,12152.6621,5194.0741,11024.2818,10587.3794,11588.2662,11780.0326,8956.1601,9998.1158,12698.8473,372656.9037,379833.2274,371886.5604,377095.5961,371782.5627,369744.9393,374412.2389,374785.2996,362448863.5589,362448954.6233,362459721.7300,362460543.4790,13462.0100,7622.4657,12625.5349,9646.8671,11562.6444,7244.7058,3504.4156,11123.8999,6979.9790,10077.3773,13269.4709,8988.9043,11494.9649,10358.0794,8749.5355,6503.4864,9716.0777,13068.0999,0.0000,8733.5252,9607.4042,9287.0958,3966.5999,11718.1951,9882.6957,13738.2478,9502.8045,10133.0574,4624.2740,10237.7890,369035.7400,376641.4242,368322.4657,373529.7514,368332.0264,366217.6908,370934.0666,371264.8312,362455198.0146,362455288.9001,362466055.9406,362466877.7587,9629.3406,3897.3215,7680.7760,5140.2874,12420.2024,13811.9650,7720.3015,10234.7793,9559.3513,2637.0372,11368.6688,7347.6402,10677.6826,10642.9434,12696.4291,9401.1258,3175.4056,0.0000,11726.4701,9241.0331,11713.3150,12134.7655,8374.3764,10527.6364,3646.8266,10612.0162,8194.5439,13576.1525,10453.4522,368226.3989,375213.9028,367429.1925,372588.5976,367134.5792,365333.5416,370097.1339,370338.2252,362451325.3015,362451416.7457,362462184.1706,362463005.6970,7792.7059,2617.3122,7112.4217,9819.8752,10273.5690,10541.3103,4790.2363,8482.2772,9120.3549,10570.1310,10891.0168,13357.6148,7777.8517,9742.0700,10297.7789,8760.6954,0.0000,12686.3886,9718.2487,12211.0401,5692.4724,10843.7672,10502.4585,11378.6775,12039.0991,9135.8408,10251.5328,12912.6139,372605.8883,379746.4968,371830.7222,377040.3051,371718.5342,369685.4640,374347.6189,374725.4629,362448608.1596,362448699.2530,362459466.3554,362460288.0997,5533.4197,6614.0949,10624.8632,13437.2519,10376.5295,10209.5856,6720.7447,1782.3418,9655.9992,10180.2362,12565.0532,7854.3544,11055.8808,11539.1278,1224.7570,0.0000,13255.1887,11262.5309,11031.5463,11710.8889,6726.8431,8667.4504,5016.6568,12671.5392,10288.6713,12656.8827,12568.0730,368177.1911,375028.2791,367361.7000,372548.6403,367106.8403,365220.4180,369904.8936,370239.9073,362449985.8455,362450077.3642,362460844.5758,362461666.1766,5919.0038,10438.8182,11798.7670,10319.9772,6233.5060,7894.1588,6988.1239,10648.9216,10533.7109,13530.8716,7752.3934,10555.2434,10626.7519,6600.6244,0.0000,13291.0081,10061.7811,12366.1283,7822.4049,9876.2614,10244.2347,9691.7545,12479.0101,9192.2037,11525.7971,13139.5684,372089.4021,379090.8759,371295.3121,376498.7030,371127.7326,369146.2941,373808.1275,374179.5893,362447947.1021,362448038.3305,362458805.4773,362459627.1719,13336.8380,12870.4208,5631.4567,6139.1603,11430.6474,6705.0820,13135.3640,5796.9088,11119.5393,11757.6695,13325.7828,6775.7388,6854.2730,0.0000,11292.0987,6191.6519,13561.0823,8910.2024,11574.3241,12712.4731,8336.4948,9400.2370,4847.2302,13400.7315,10240.1022,372529.4293,379688.1678,371756.4626,376918.1786,371515.1116,369672.5381,374449.0439,374682.5330,362449308.5017,362449399.6392,362460167.1212,362460988.6929,6473.8749,13694.7662,11731.5554,4976.9960,11107.3944,2246.5992,13669.7609,10964.4154,3991.9244,895.3555,13266.4423,10811.7365,0.0000,10594.2539,13342.9699,4194.1587,10049.5237,6311.1344,3456.5992,10997.2545,12250.6042,13495.9208,4040.0607,11782.9036,363297.5381,370600.7273,362541.6614,367762.7380,362504.2833,360394.6660,365049.1008,365444.2787,362457051.0420,362457142.3766,362467909.2257,362468731.0236,11214.5240,9395.6202,10344.3279,13693.2573,7949.8980,11420.1761,8262.5912,9293.2980,5636.2766,9852.9463,13585.6502,0.0000,6648.3880,10049.4275,7149.4198,6789.8839,11028.8190,9050.0530,13294.8573,8409.1293,10815.6349,2608.2569,8577.0956,365957.7381,373669.5052,365257.8479,370455.1993,365267.9214,363174.0193,367925.7895,368216.6526,362458517.5261,362458608.4697,362469375.5325,362470197.3278,7487.3589,13522.6816,9780.7214,13546.4553,770.7999,6947.1819,13731.1966,13454.7378,2198.9417,10118.2300,0.0000,7128.7044,2326.6338,12664.5209,9115.0091,12709.4858,13478.7108,9379.4538,4524.2760,2027.2234,12458.5861,5589.5421,370398.9657,377909.1816,369672.8168,374809.9760,369459.5983,367648.0726,372519.0200,372649.0532,362454084.7578,362454175.7402,362464943.3640,362465764.9103,11712.4530,10898.4593,12581.8957,8082.8896,11322.7906,11067.6398,11370.8431,6617.3747,10800.0629,0.0000,10274.9115,5924.9178,13116.6073,3279.7677,13078.7608,12763.9448,12323.8221,8926.0110,5647.5282,10543.2889,10379.5978,373801.7390,381220.7768,373064.2986,378248.6266,372957.2751,370973.7145,375725.1664,376003.3023,362450199.6049,362450290.4637,362461057.7812,362461879.4868,7502.7760,4080.8568,13406.8245,12632.8958,1843.2673,5705.5579,13791.3917,7048.9738,0.0000,12849.4290,13695.8852,6860.1020,11315.1803,3747.6967,3207.3221,8345.1045,13666.7287,13328.7607,8459.3760,13243.9058,364555.3129,371530.3385,363755.5599,368975.4250,363625.5255,361583.1249,366204.8176,366625.6520,362453477.8527,362453569.3848,362464336.2738,362465158.0097,9906.5891,9464.2198,11745.2940,8793.6850,11532.7384,11164.5977,632.8528,0.0000,12706.3511,10988.7400,10830.5934,12426.3582,6569.8888,8882.8986,3404.7949,12090.0970,10034.1330,12987.3337,11797.9947,367251.9897,374132.6725,366440.1651,371616.2142,366162.6661,364314.8678,369028.2835,369327.9412,362451061.0371,362451152.5825,362461919.8625,362462741.4279,13399.8716,10630.6602,3998.0942,2991.9196,13452.4763,9648.8090,0.0000,10735.0587,13579.6100,3167.5257,11366.7406,4314.2068,1390.8219,9438.7696,12349.8118,13617.4460,5684.1876,11601.7387,362103.7689,369321.9562,361335.9340,366550.2726,361255.1670,359190.5058,363852.9110,364234.1709,362457357.1561,362457448.6104,362468215.4971,362469037.2516,6654.7963,13708.4505,13464.3942,2811.2294,9836.0866,0.0000,7079.7730,3048.2716,12443.5957,9662.9275,12392.2895,13285.5779,8858.9933,4582.1742,2744.4296,12560.5355,5377.4121,369805.7839,377297.6732,369076.9930,374212.0450,368852.8358,367053.3095,371927.2624,372052.5284,362454417.2604,362454508.2835,362465275.9133,362466097.4478,12800.4597,10645.6019,6646.0578,12030.9799,0.0000,2273.0766,7391.5714,8320.6217,10913.3830,10901.0374,10948.7798,9751.8339,3594.1235,8157.7569,9196.8709,1676.2022,364175.4907,371881.4667,363473.9697,368617.1394,363329.5443,361457.4627,366336.8758,366465.5166,362460372.7580,362460463.8407,362471231.2974,362472052.8924,4612.0884,13717.4776,8332.4231,0.0000,12691.6581,13590.9537,6941.3365,10273.7930,5276.7509,3738.7413,9749.7883,13601.6852,13331.2121,7366.8643,13349.0769,365259.2047,372306.7238,364469.5060,369695.9779,364378.3503,362294.7360,366908.1241,367342.8970,362453443.5039,362453534.9457,362464301.7916,362465123.5664,12892.2093,11255.5720,0.0000,10111.1054,12978.0456,4345.0909,9502.1635,7006.4986,4239.8114,11400.7837,11819.6117,13209.0901,3175.9906,11423.8188,363626.2331,370988.5516,362878.4449,368098.1755,362853.7146,360737.9875,365401.6697,365787.9141,362457281.6400,362457372.9182,362468139.7810,362468961.5858,11417.5591,0.0000,6128.2251,864.9498,12489.4227,7720.8757,13320.3653,13604.2483,10846.1226,3440.7769,2088.9308,11452.4140,5137.7850,370751.6435,378378.2833,370041.3392,375183.9899,369875.4784,368019.3280,372889.7313,373026.0985,362454700.4995,362454791.3718,362465558.9550,362466380.5437,0.0000,12913.3173,11217.6125,10749.7319,12271.0166,6374.3926,8612.4459,3860.3061,12359.3872,10270.5438,12809.2801,12099.9656,367349.9381,374214.7854,366536.0269,371716.5680,366266.7907,364403.8212,369104.9939,369419.4460,362450811.2353,362450902.7837,362461670.0306,362462491.6095,0.0000,0.0000,0.0000,0.0000,0.0000,0.0000,0.0000,0.0000,0.0000,0.0000,0.0000,0.0000,0.0000,0.0000,0.0000,0.0000,0.0000,0.0000,0.0000,0.0000,0.0000,0.0000,0.0000,6829.1700,8604.6661,9411.9229,11731.4979,11276.9760,11189.1032,2934.8326,7855.5205,8104.2458,2264.8652,365334.2045,373124.0628,364644.4404,369795.0034,364544.4773,362625.5574,367495.8286,367640.0007,362460089.2095,362460180.1726,362470947.5887,362471769.2283,12810.4798,7301.6507,13413.4405,13705.5343,10935.3034,4247.4256,1424.3598,11622.1946,5932.0579,371450.0542,379044.1612,370735.5407,375881.1382,370568.8861,368707.2829,373567.4312,373715.3801,362453864.3874,362453955.2525,362464722.8270,362465544.4211,11799.3701,5574.9822,3885.2044,9438.6283,10667.9516,13086.7940,5342.3069,9569.0661,360808.6604,368200.3532,360063.6848,365260.7146,359980.7368,357954.2936,362677.0418,362990.3262,362459891.1094,362459982.5057,362470749.5014,362471571.2225,12935.5250,11887.1393,13446.1237,8908.8459,7582.3934,8150.0764,10229.7523,372308.0008,379852.5931,371587.2405,376782.6853,371546.4497,369492.7410,374230.8042,374531.5913,362452281.4173,362452372.2279,362463139.4237,362463961.1923,3019.6127,5885.2187,12676.7371,13085.8767,9300.4663,11772.0509,362240.3785,369249.7370,361444.3250,366643.6976,361264.3256,359300.4920,363975.8803,364330.6110,362455746.1748,362455837.7967,362466604.8086,362467426.4714,8467.6609,12682.1969,13611.0637,6919.8861,11894.1241,362118.8692,369249.8241,361339.2505,366551.7075,361229.2465,359189.0220,363846.6162,364229.8010,362456672.8147,362456764.3358,362467531.2402,362468352.9719,10913.2106,10254.1182,12602.4670,10104.6793,364606.7984,371607.2963,363810.2214,368972.6015,363525.9947,361711.8081,366471.2712,366718.3636,362454219.0275,362454310.6031,362465077.9408,362465899.4747,5350.8749,10034.0950,2026.4368,367702.5396,375448.4903,367007.5243,372148.1527,366868.6134,364997.5181,369885.4917,370004.9901,362458032.9967,362458123.9062,362468891.4438,362469713.0436,12167.7737,6798.0533,371892.2332,379391.8476,371165.0573,376311.8351,370975.5476,369127.6691,373975.2383,374134.7467,362452737.2530,362452828.1712,362463595.7484,362464417.3293,9838.2979,364441.3797,372021.2356,363723.2153,368931.9939,363728.1732,361614.2788,366326.1221,366661.5133,362458503.3782,362458594.4714,362469361.4249,362470183.2329,365750.8313,373474.2254,365052.1654,370191.1489,364901.7366,363042.2962,367932.4469,368048.1269,362459357.7625,362459448.7717,362470216.2878,362471037.8741,27687.4612,3638.2270,5748.9902,10843.5195,8015.1402,14925.3932,7320.8540,362746455.0981,362746560.5056,362757321.3481,362758142.5154,24453.1499,24462.4096,21257.5708,22386.4042,18190.1357,20605.5317,362735268.1812,362735375.2319,362746135.5074,362746956.5435,5818.8155,8379.8192,4964.6194,12429.3607,4632.2551,362743701.2692,362743806.8315,362754567.6277,362755388.7797,8970.4629,10091.0372,14930.5538,6231.1405,362748510.9458,362748616.6827,362759377.5361,362760198.6238,10273.4383,16492.5727,9143.5340,362741107.0543,362741212.9028,362751973.9908,362752794.9527,8970.4629,5264.8820,362739819.9115,362739925.5356,362750686.1516,362751507.3666,8961.9004,362739986.0970,362740092.1123,362750852.2525,362751673.5822,362743906.9702,362744012.8026,362754773.4117,362755594.5823,23625.7396,28655.3082,21963.4148,23714.9489,18665.7471,9057.5352,
3000.000,6634.1934,13397.0025,1577.2160,12034.8920,9802.4428,5939.7780,6874.6428,10476.8353,3152.1477,9081.2158,10663.8503,3717.7164,11469.0029,11170.4530,8980.1811,12062.7594,13481.8382,11794.6859,2979.8741,13261.1378,10238.6333,3658.7856,9696.5719,13066.1118,9375.9827,11785.8420,4952.9903,13115.0072,11499.7062,11257.1728,13578.4103,11939.9296,9190.4834,6159.7085,9740.5751,6206.3996,11190.0896,13377.1911,11186.3456,11928.9076,9470.2402,5039.1728,9884.2524,8463.4126,7885.1300,11717.4527,5693.3743,13304.7764,6435.5228,11063.1508,11143.8381,12066.7663,6845.9151,4356.6005,13668.9957,8025.0590,13338.3973,11451.1223,5061.3448,5019.5161,9273.0797,6319.2767,6194.5228,11377.4562,7661.3566,9880.0541,13179.8537,13410.5483,9365.9930,10739.6254,13684.7457,11107.7771,13483.9514,13566.3610,8548.4002,8531.7889,10238.7345,13161.8785,10165.8728,10848.2291,7552.6866,10102.1744,4719.3413,7580.2461,8478.3266,10168.1407,11664.9188,0.0000,6862.1520,11844.7685,4853.5259,11820.1934,6900.9460,7832.8596,9783.3204,8993.2895,12286.6866,7604.2024,6050.1720,360228.6164,367680.7080,359760.9754,364816.3671,359446.2384,357581.4065,362111.0059,362461.3697,362460950.8843,362460572.2779,362471043.4850,362471796.7567,13083.1699,7961.6031,13655.1637,12642.1874,3331.0779,5236.9522,6053.0235,8511.9084,11661.2830,6873.2290,4242.0515,9942.6531,5819.4300,12755.4007,10207.9436,12394.7309,6930.9689,8966.4061,10515.5116,12906.9291,4856.9231,10454.0124,12900.7924,9131.4595,13243.6583,4190.9645,11028.9285,6847.9487,13430.3505,12552.6015,13761.4581,12636.2592,1127.4196,12306.9270,4789.0004,13100.1106,10019.6288,13576.2108,7904.5469,3849.7952,9436.2157,11086.4044,10729.4963,11614.5707,12392.8973,4231.5688,9802.6121,4980.6780,13290.7041,13274.2802,13100.0359,2726.3868,3061.9927,10908.0405,9553.4485,12995.6621,11072.1644,2139.4693,7539.3779,12424.1974,10992.3911,10860.0104,11784.8151,11994.8026,6356.4137,10967.6675,12066.4503,11184.4759,9099.4254,11876.9927,7131.9154,10754.1020,11090.1185,6746.2102,10522.9257,12487.8875,13477.0951,5658.4829,5554.1104,4828.8818,12418.9999,9635.9193,3598.9749,7149.4045,12863.3421,6910.7126,0.0000,11662.6755,13665.9767,5256.8778,12580.6109,1533.8385,4346.1019,5985.6055,12847.0331,13439.6831,8591.7538,10971.5764,362665.3460,369667.4672,362144.3849,367216.3311,361765.8254,359900.0980,364328.6930,364785.4034,362455284.9208,362454906.5318,362465377.6330,362466130.9050,13044.4693,5100.1609,7023.9969,12773.6253,11828.7345,10042.2694,12290.8402,7639.0806,11006.0954,13719.1756,6976.7743,10402.8612,8051.1928,6262.4555,4324.6200,9806.6928,12662.7142,7022.4235,6202.5163,13118.6771,8089.7781,5144.5975,9042.0417,6589.6160,12897.0092,4428.3171,10134.6666,5033.9919,3342.9551,4408.0763,7752.6652,13463.7872,9291.0928,12162.2100,7355.6222,6193.6843,6338.0923,9613.6941,11442.7401,12382.1676,10282.8194,8894.7995,8920.4076,4421.0597,13574.3449,6536.1937,12117.5488,5288.0133,5054.1405,6457.3294,13378.5978,13788.3473,5041.4408,11875.2480,575.1712,6090.3388,13372.5523,13233.8098,9403.9667,10338.6673,10422.6830,5729.6720,9304.4125,11781.1474,4443.2034,5187.6800,10406.3883,8070.8064,4824.9769,9164.3795,6294.8543,4417.1102,12475.3261,11185.1007,6535.7929,2046.1210,11633.7102,10361.2150,12966.9337,6681.3423,11422.4571,13135.3106,12305.8881,6556.1353,9254.8483,0.0000,10359.9238,4240.2380,13564.8435,7462.4265,12726.8397,12882.2088,10338.1717,8215.4263,2950.9021,12282.0595,10568.7839,373538.4997,381005.7479,373076.2226,378121.8793,372739.3496,370911.7400,375465.2181,375785.0903,362450935.0247,362450555.8724,362461027.3902,362461780.6417,11206.7146,8999.3002,7233.1460,7881.9111,11367.1351,2670.6548,8491.4596,11243.5520,4862.4651,11753.4916,12029.9525,7832.4428,12330.4474,13236.2442,12507.3656,1481.1925,13414.7683,9385.0081,4927.4546,9677.0125,12613.4415,9685.7735,10996.6185,6215.8394,13265.1144,12178.3544,10439.8098,13324.2187,11107.4858,8218.9668,7486.4154,8801.0542,7291.8412,10318.6364,13711.1830,10205.4060,12448.7767,10566.3517,4099.5925,9353.6100,8163.3515,7028.8468,11360.7318,6627.2606,13668.1042,7496.8447,10265.4152,10357.8746,11369.1069,7968.0619,5684.7154,13848.7469,7663.7609,13011.7756,11461.2864,6502.1795,4994.4497,8196.2699,5291.1189,5202.9871,11186.2397,6523.4108,10498.1645,13342.6108,13225.4846,8707.6638,11151.6640,13603.8944,11868.4584,13627.0717,13726.7754,8998.4123,7934.6264,9602.6014,12630.7291,10931.7002,11775.3398,8334.2937,9461.3040,3974.6454,8571.7157,8822.6844,9354.4864,12443.8056,0.0000,5468.8027,11045.9241,5583.3707,11211.2678,8217.3624,8700.0071,10682.8979,7810.5804,11647.2652,7481.0059,4914.0644,360601.3642,368163.6943,360147.1403,365199.9452,359853.7522,357981.4658,362530.7399,362861.3768,362461583.1753,362461204.4750,362471675.7094,362472428.9889,6607.9513,13683.6116,13238.9423,12828.6082,11131.8325,7950.1125,11209.8520,12691.9704,10544.2414,12446.8063,5430.2298,10194.7932,5302.6197,11734.1045,10304.7033,8430.0927,5362.1685,13176.6143,10127.8766,3878.8720,11344.1130,2260.3255,13467.2988,8920.3592,11531.7999,4306.2603,5191.5631,2129.2414,6391.8747,13627.0856,4951.4393,13287.2530,2758.9532,9615.4849,1611.3510,10735.0465,13424.1264,9319.4971,6960.3526,9709.7061,8025.7785,7081.4226,12609.9104,9776.5918,13333.2082,4858.7346,4657.2627,2741.1995,13192.8019,13229.0574,8601.1105,8913.6307,5492.9925,9378.8657,13689.1172,10877.0046,4977.2071,8826.1008,8996.7536,8537.9621,7337.2815,11558.3046,8905.2895,5878.4377,6789.5153,11261.0644,6635.9315,12329.4640,8285.4532,8680.0732,11235.8226,7767.0436,7067.9449,3206.1288,12084.2876,12839.2679,12226.4531,7143.9187,10279.6241,12892.6492,10836.5345,6100.8281,12199.6662,0.0000,7039.6311,3124.5557,12126.8796,4147.8257,13729.8168,12458.5272,12956.8232,5355.7053,3821.3304,9747.4867,8778.0362,371385.7216,379115.6647,370954.7977,376010.3613,370718.7943,368802.3077,373359.2723,373688.4420,362454676.5123,362454297.2382,362464768.6253,362465521.9586,11066.3307,9867.4982,11326.0787,7396.8524,1783.6321,13635.1613,11986.7230,7698.2292,13124.5202,3128.5977,8101.9175,9897.4103,13196.7073,8573.4859,12068.0307,1299.8919,10107.4074,5108.3227,9528.6815,6906.0320,8298.9326,10469.7144,8735.3274,13388.9877,2708.6826,9336.3373,4846.4967,1368.0348,12862.3406,8889.9966,10025.7238,8189.6909,11252.0846,6042.7135,13285.4178,12441.0845,9689.3681,11087.2951,3858.8742,2401.1551,4032.6262,12903.5235,11505.4098,9999.7376,2182.1342,2416.4395,8834.7204,13345.7854,12309.8958,10681.4644,11650.2243,6820.0976,5933.9827,11786.2268,11601.2069,8121.7698,4284.7928,4390.8539,4632.7048,3228.8624,13776.1357,8981.4352,10523.8738,10580.8050,8043.4193,10626.9319,10858.2969,11673.5647,9781.9229,13423.9953,10912.7463,1266.0614,6968.4325,13836.7283,12471.9031,13422.8039,1191.4980,5916.8770,13579.8225,13175.2509,616.6814,12034.5718,0.0000,6076.7034,4055.8315,12364.2570,9837.5696,12123.2220,13530.6293,10727.0719,3500.3709,4533.7717,12112.5797,4687.0191,368117.3984,375834.6013,367683.8087,372704.8166,367336.4837,365574.1258,370223.4102,370431.3958,362457481.3240,362457102.2320,362467573.8664,362468327.0550,2185.8754,5600.7637,6760.5474,9751.8655,9512.3648,5572.2888,8353.2198,7565.1040,11737.6356,8971.1313,13192.9148,8811.7817,8448.7295,12011.3408,11634.7505,2642.7321,8147.6858,13708.6152,6666.5184,13778.5530,1316.1335,10542.2972,9055.2419,12413.8317,13105.9556,13286.2536,11196.8971,4027.5479,12980.6983,1587.1829,13608.9210,10710.8647,13467.4209,10076.0144,4621.9913,9905.5992,12541.7792,8383.8661,9820.0122,10982.4095,6613.8733,10625.8077,1794.8351,12138.6760,12176.2802,13791.3907,5787.7034,4629.5927,11482.3705,11170.4179,12561.5258,9355.8088,2020.8625,8874.2487,12810.7510,9304.4498,9125.1916,10051.1971,10585.3049,9173.9613,10602.6662,13094.4521,12435.4446,7256.7566,12808.2689,6544.5714,12006.4182,11159.0072,9384.9710,11856.0308,10797.5074,13393.3669,8473.1272,6412.4150,7678.5734,10706.9055,7742.6095,6692.5055,9654.7516,11405.7402,7482.7422,0.0000,11077.0040,12961.8595,7103.6995,13603.5151,2178.0364,7339.0869,4749.5114,11902.2218,12727.7207,10438.9226,9424.0330,362247.7652,369322.3114,361735.1956,366785.8498,361308.6410,359525.3244,364020.7907,364394.4892,362456429.0700,362456050.6662,362466521.9460,362467275.1440,5030.3207,6674.7163,8377.2627,10587.2045,7326.1029,6656.4376,8094.7305,11072.0872,7449.1202,12937.0207,9312.2591,8991.8677,12155.1757,10565.3642,3503.0201,6279.8373,13563.2972,4640.1701,13689.5952,2357.5578,9414.1808,9766.9176,11379.7710,12679.7499,12526.0403,10209.9859,6023.8914,13272.6877,788.9324,13594.1047,10309.1725,13074.2741,10729.7913,5146.1200,10718.7556,13245.7043,6796.5847,8780.9402,9503.9860,8412.3830,10313.9054,544.7600,11036.6450,11090.8057,13748.2713,7641.3514,6558.8065,10987.7556,12212.8195,11535.3443,7622.1011,4128.8347,10203.3330,13004.1303,8627.1660,8438.4729,8371.7216,9872.3908,10461.7896,9545.4188,12984.4621,13098.9412,5459.2710,12585.9275,5686.0194,11971.3911,10350.3772,10823.5883,12678.9441,9420.9677,12667.1798,9688.4093,6561.9264,9328.2654,9335.5906,7238.9917,8429.0566,11037.9314,10232.7111,7274.6688,0.0000,11010.4056,12054.1509,8772.7716,13787.3283,3891.9713,8989.4491,3786.7194,11294.9005,11712.6651,11647.9808,8884.9663,363364.0739,370473.9271,362855.9944,367894.3523,362401.1293,360665.3542,365197.5605,365525.1648,362455991.6947,362455613.2328,362466084.6371,362466837.7934,10637.8596,10200.6514,8447.1490,9517.9960,5260.6416,4375.8384,12719.6827,5285.3010,10585.6716,5610.5163,12134.6353,9007.5250,11601.6660,7813.7320,7684.9918,11885.7709,6099.0748,13192.6475,6617.7178,6427.5153,6548.3813,11801.5561,10315.7524,12377.9363,11964.2178,7084.2801,13744.6493,5506.6205,13455.3619,6339.2292,13270.6590,7632.9241,2592.8360,12843.1883,13140.3502,9237.7380,11245.8595,9249.3191,9484.0809,6303.6687,5406.6492,11607.7783,11556.5232,12962.1237,7984.9435,8634.2769,7381.6864,12768.2597,9774.3837,7106.1038,6771.6526,11901.6856,13855.2646,11672.5740,11553.1090,8353.4164,12282.6280,8922.6454,6414.4761,10531.6167,13353.3176,4598.6979,9749.9492,1234.9268,8667.0007,6909.2245,10403.8628,13221.6659,10601.3989,11286.0199,7648.1740,2333.1995,9242.7930,10599.8666,10918.8130,8251.1839,10721.8526,11445.7379,2553.1922,0.0000,13234.5474,12012.2816,10310.6775,12931.6626,4985.1211,8649.2065,1439.5219,12939.1364,11196.9251,12187.9831,11936.5218,367490.5537,374411.4391,366961.0268,372012.6647,366500.3730,364735.2985,369206.7336,369602.7814,362451103.1260,362450724.6264,362461195.9829,362461949.1678,6541.6350,12345.1941,6594.4623,10182.6816,12230.3677,7041.7700,10933.8707,13338.4120,12844.2860,3399.5862,13809.2958,8095.1229,4412.4462,7565.8954,12921.9043,7699.0976,11454.3850,5585.8521,12273.3061,12764.5074,9353.7125,13217.4338,10529.1593,6827.4633,8378.7715,9871.9292,6241.7615,10896.6361,13420.1872,10181.3364,13132.7753,10390.5724,6228.2958,10888.4879,5871.0526,5197.7816,9800.4700,8400.9233,13454.1991,6376.5204,9046.7394,9183.3286,11877.5468,9266.1591,7020.5343,13526.0657,9650.5815,12151.5132,9725.3556,6804.1559,7380.6555,9129.3483,3601.5825,3422.1066,9397.9486,5285.8853,11822.1824,12424.6155,13486.3055,10257.8767,9532.5634,13689.8635,10995.4479,13825.2566,13074.6074,10763.6847,9718.4392,7855.7650,12167.7267,11972.1413,11556.9957,9968.3947,7696.2972,1676.3561,9949.5290,10634.3356,7867.0860,12067.4428,0.0000,5740.6642,10227.8339,7637.1872,12017.0400,8275.7019,10173.4664,9713.7469,7137.6954,10722.3404,9548.6273,3493.2206,361338.1987,368900.5534,360884.0631,365920.7152,360540.8893,358739.1710,363331.6061,363605.8799,362461205.9510,362460827.2373,362471298.6227,362472051.8398,13446.2222,11339.3360,6621.9677,12462.3781,4422.8729,7239.4492,10546.0206,12738.6172,8358.5271,12271.8643,2954.5103,8866.5798,3530.8493,10434.5130,5303.5044,9489.8685,9140.1319,8396.8037,13026.7966,4207.4334,9968.0062,6284.4979,2650.4288,11975.7830,9888.2356,8581.1427,9385.0541,11040.5710,7471.4200,13114.5077,11387.0091,9880.4824,11768.8744,2080.9756,2103.1492,3972.5263,12399.2624,11285.9609,8531.5862,3660.6601,3852.5958,9946.7094,12682.3594,11520.8239,10664.4346,12020.3069,7344.5080,4996.3508,10676.2044,11518.6241,9157.6381,3978.6928,3988.0123,3889.4424,3730.7441,13561.3973,8674.4533,11113.3719,11295.4073,6753.9043,11068.5765,9789.0910,11855.0903,9643.4948,13324.0366,11479.7173,1488.1540,7949.5083,13461.8336,11572.7099,13049.2144,1321.7534,5111.4962,13030.0297,13146.4658,2297.1241,11227.7588,0.0000,6737.7102,5474.6153,11957.4801,10811.9774,10985.5596,13087.0992,9443.7716,4789.9238,5629.7538,12312.2652,4520.3056,367245.4767,374872.7914,366800.7585,371818.9129,366420.4589,364686.0732,369332.8463,369539.2620,362457441.7655,362457062.7802,362467534.4252,362468287.5869,7875.6167,11499.5805,4650.7539,13110.7783,11059.6548,8185.8811,3832.7551,11385.5067,5320.9693,13229.9207,10573.1472,13044.2475,8734.1431,12377.8475,10064.2609,10211.6455,10100.9818,2619.0165,13023.9317,8807.0985,12210.2666,13590.6087,6722.0824,9935.6523,10416.5402,10233.1847,7204.1429,11686.5791,2368.7845,6969.2734,10008.4361,7583.9878,13519.3956,13573.7841,12738.1931,6133.3487,6818.9772,10549.7339,13178.9843,13041.1538,9531.4134,5331.0855,7683.4699,7817.5289,7290.8993,11194.2629,12381.1640,8589.6895,8100.8991,10692.9995,13369.6182,13354.5587,12917.2931,13449.4598,1335.4553,9827.1505,7451.0671,8279.8479,11425.7837,7500.7759,8861.6836,6073.2975,9023.4361,3725.8987,8103.8277,13577.9404,10919.1733,1466.8091,6529.8005,4144.7779,13581.8777,12963.0810,4367.1927,4078.1105,13543.1916,6949.7686,0.0000,12302.4663,12543.4525,7004.8866,8569.0744,7780.0795,3831.4801,9353.1220,13101.8996,12230.0337,6568.1923,13250.7610,367641.5256,374692.8136,367128.2272,372226.7929,366848.7490,364854.5317,369213.7099,369762.9279,362451518.9114,362451140.2581,362461611.2022,362462364.5972,12009.5685,8953.4483,11146.1952,12349.2235,12797.1171,9535.9973,5697.6529,11647.7565,12171.2016,4775.5714,11387.9198,12603.2404,10669.2928,11965.1699,5345.5071,12976.4612,9031.1400,12851.7154,13095.8896,13044.3081,11522.8248,3315.0136,10038.0297,6644.1400,11506.0947,12192.4981,12181.4688,9552.9386,7746.9332,5880.2293,8999.8786,10785.2097,10547.3889,13009.7112,2120.1543,12001.1008,6904.5612,12763.9421,12775.0117,11997.7664,3407.6020,1280.7094,12713.3885,6824.3997,13730.7176,12488.8930,3753.9552,3819.8813,10016.3313,9326.4523,9229.4463,12727.1905,10328.2088,6881.6134,12936.1611,12480.9189,8821.8529,11302.2356,12721.2641,10360.8855,12062.9713,13001.0588,5621.0825,7862.8512,12262.6935,13521.5625,7193.9636,9129.0306,4189.1768,12162.9526,7985.3116,4137.7543,5741.4440,12227.7834,10198.8625,0.0000,9065.0801,13110.7795,1817.5173,11371.3421,5267.4978,4449.6582,9254.8968,11134.2151,13336.2831,5906.3239,9077.0659,360842.9103,368101.2475,360352.2927,365428.3279,360051.9420,358127.4421,362577.2027,363020.7662,362458698.9294,362458320.4197,362468791.4579,362469544.7823,8484.0220,10038.6893,1184.1588,9619.2897,9010.2971,12165.1928,9905.2706,8070.2472,9381.1269,3808.8453,10784.4811,3297.5332,11770.2630,8645.6489,3875.4105,9858.0527,8199.1262,8908.6666,9338.5474,8767.3629,10766.4318,13022.8713,7307.6840,12124.3716,6846.9232,11013.1799,10338.5954,7540.8325,13221.3049,13574.4784,6004.8398,8378.5860,4728.2712,12435.1342,7136.7342,7136.4243,7895.7145,7870.0328,11742.4718,11618.9130,11540.8178,7025.5722,13865.0192,6496.3355,2075.6735,9835.4233,13463.1576,12856.7976,9620.9661,9542.9111,3533.8334,9794.0645,12073.5090,4194.3146,10033.6839,13579.7584,1322.4137,9250.2766,4320.0104,9207.4238,5574.1520,13074.8351,13769.9557,6619.3466,8597.3351,11234.5062,7032.7356,12426.7424,6665.2841,9630.7745,11866.4017,13164.2058,7765.5893,6229.4443,0.0000,11812.6224,8649.4148,12749.5452,12309.4985,8854.7937,12071.7015,4873.2655,10348.4316,7645.0190,13731.3985,10072.2850,369747.6680,376933.0218,369250.3636,374277.7500,368783.4043,367081.5810,371650.1937,371934.3153,362451780.0264,362451401.2626,362461872.8727,362462626.0033,13668.7008,8059.6281,9090.7867,1582.4055,12559.7576,6288.9642,13015.7044,9545.0021,10877.6293,10380.1991,9720.6140,12111.2858,8630.8082,7688.9403,2421.3257,12917.5153,9231.6471,12725.6213,13493.0776,6447.4233,12588.3790,8212.4423,12428.5655,5223.3665,13060.7810,3756.7116,3370.2721,12249.5967,11077.4486,12032.9875,13161.9246,11277.3435,7948.6947,4887.9912,8245.9717,12914.5993,12799.9113,11659.3257,6275.4531,8205.3298,6431.7125,10804.4653,10366.0097,9972.9018,7567.8620,10673.7748,13061.3628,13336.0797,13265.3958,10958.3931,13671.6923,5401.7924,7457.0457,8663.2917,11575.1834,8258.0079,8031.4729,4828.2968,6355.3285,7039.7558,7547.2810,11455.6805,12663.0718,11166.4082,3911.6076,2116.2717,6775.1019,12676.1107,12725.5786,5965.7954,7954.5342,13110.0100,2662.0419,0.0000,13629.8611,12705.8407,9030.0097,11197.2675,5836.2957,6098.6143,5608.9681,13786.9829,11996.4622,10103.6143,13423.3241,368255.2383,375138.1755,367721.6125,372800.2635,367335.7926,365457.4889,369850.6882,370346.4724,362449887.3466,362449508.8165,362459979.9473,362460733.2360,10313.8633,9735.5923,13560.2658,6947.4797,11997.1006,2689.7765,10389.9080,7721.1052,8753.3735,9206.1122,6595.8954,11045.9914,10484.3315,13464.3413,3553.0558,9458.8603,4456.5219,1907.2291,12703.8820,6380.2334,11022.9141,6150.8008,12178.4627,4214.2779,13165.9200,13290.9885,7477.6292,8980.7473,6156.3151,3326.0520,6556.2971,11976.7926,12351.2106,11071.6631,3517.0098,3636.0643,7301.2805,12857.6671,11771.2371,11555.7211,9566.9062,8065.6471,8542.1508,11937.5967,9843.3315,5412.9744,3881.6625,4097.7143,7398.0603,2095.8024,13061.1371,10636.5876,10232.8010,8301.2513,10302.1464,10705.1314,12434.7486,11838.1724,11085.7380,12210.8096,8636.9946,4323.0108,7200.0362,13482.6966,13427.9449,12529.4812,4260.8617,5772.1470,12994.7637,11845.3267,3069.5439,13162.6397,0.0000,3389.1809,4281.9166,11177.9182,8178.4082,12597.6833,12812.7594,12249.3986,374.7295,5439.8193,10238.2257,3850.1051,367142.1736,374969.5674,366721.7607,371755.5977,366443.2732,364606.0546,369233.8530,369475.8083,362458982.5532,362458603.4051,362469074.9087,362469828.1655,8795.2892,8428.0613,12667.3283,9049.3326,8295.5720,10110.4882,4790.8201,10112.6242,4435.2267,11382.4040,9358.0552,2745.4417,9308.5731,8213.9960,8062.4114,9104.7237,9167.8482,11020.5731,12872.6597,8072.3974,11825.8199,5844.6643,10825.9094,9704.9932,7586.7529,13472.4396,13309.9786,6889.7034,8999.4271,4777.4505,12583.8870,6165.7738,7918.3652,7983.5193,7920.3739,11283.8706,11713.9903,11890.3849,5978.0488,13773.5553,5794.7489,2564.7765,10325.3458,13642.9328,12802.0513,10275.8482,10217.2767,3922.0996,10292.4143,11745.1071,3062.1973,9210.5014,13390.9168,2340.4015,8342.4949,4198.6813,8291.9590,4465.1236,12894.6379,13655.6723,7041.4743,7994.6350,10891.4158,6775.7089,12374.2637,7110.1524,10392.8670,11855.9496,12984.0942,8083.2293,5759.0608,0.0000,12138.1935,8480.5185,12948.5343,11843.4452,9216.9003,12004.0766,5220.1246,10606.7441,7356.9875,13660.1979,10695.5496,370701.1626,377868.3537,370201.9394,375233.8724,369744.3408,368025.7141,372579.8991,372881.9283,362450832.2452,362450453.4518,362460925.0394,362461678.1858,7963.1249,12759.7235,3650.1191,8936.3316,13687.0621,11092.2491,2097.3076,11582.0202,5165.3385,13493.7928,6523.8421,7863.3214,7874.4502,1040.3267,6287.8119,10158.0447,12553.6935,7847.3688,13096.0737,6084.1737,5411.3715,6704.6186,6847.3506,11157.7174,11538.9488,7670.5539,11679.0240,11250.3778,8222.0630,12029.5376,5495.5790,13122.0932,8265.7703,8024.7223,4508.8486,11881.4271,12953.8373,4315.4692,9611.1122,4805.1444,9389.2626,13208.0554,11773.1098,8504.0058,12077.2970,12168.7680,9318.0482,11123.0662,9063.1367,6279.1224,935.2035,8166.9466,10442.3088,1449.3708,10004.3565,3348.1381,5247.2504,9869.0048,9044.0504,9759.2867,3742.9045,9221.6885,9934.0138,10872.4369,9860.5092,12901.4904,11314.3775,9675.1051,9466.5815,9022.8475,0.0000,10881.8275,6774.0304,12131.6499,4795.8893,12512.6536,10844.5070,11279.0388,9757.0883,6172.8611,9993.8636,12108.6435,373420.7937,380815.0973,372949.9580,378022.6773,372678.6463,370743.5742,375214.7455,375637.7260,362450108.9588,362449729.8380,362460201.1114,362460954.4618,12866.5731,4873.6474,12932.3296,10566.4263,11457.6076,9293.1992,10527.2753,11260.6578,9779.3716,7535.2349,1239.5309,12671.5645,8209.1901,12211.3607,13532.9774,7390.1066,11948.3513,9416.8692,11652.6601,4474.5579,12469.5046,2335.7112,4881.3799,12222.6943,10298.3038,12561.9015,13427.6943,11293.5335,8326.9504,4068.3319,9459.5571,12739.5190,12598.5672,10728.8119,6872.5702,8956.1856,5584.3408,10326.8068,9846.4448,10321.5097,8676.1117,10713.0367,12537.2979,13662.3779,13618.1262,11199.7944,13799.7356,4883.5420,7245.1990,7445.9072,10895.4072,8993.4843,6839.4529,5815.4044,5037.1882,6536.1178,7188.5428,10896.8091,12785.5840,10432.0453,3577.3519,3510.7479,6857.7017,12813.4019,13250.6059,6342.0353,7543.4506,13111.8225,3494.9719,0.0000,13572.6723,12294.4207,9328.4818,10205.5666,7125.5750,6265.6630,6856.6352,13653.4759,11582.8118,9718.4184,13719.9890,369318.8021,376240.1896,368790.1342,373873.9891,368430.7849,366523.1359,370906.6426,371417.1933,362449306.1719,362448927.5648,362459398.6672,362460151.9842,13236.1511,8813.2929,6272.3621,10032.3000,11927.6639,10297.8891,10023.3184,7494.6672,13375.9049,12469.5609,9810.5382,12880.3652,10319.9661,7630.1979,8452.7534,7638.8671,8458.7808,9266.4388,13822.3527,9187.2346,12572.3773,11423.8562,3029.9108,8477.0490,8392.2378,6722.7982,11217.1157,7177.7993,13790.7498,8652.2054,9692.7708,9779.7449,10457.3865,8679.0089,6664.5574,13825.0893,6955.6715,12678.2186,11681.0714,7708.2678,4767.1026,6953.6381,4950.6734,4927.5671,11252.9772,5852.6448,10665.4919,13445.5685,12772.1694,7731.4297,11707.4655,13269.6654,12537.2316,13471.0440,13759.4840,9009.0474,7013.6664,9331.8027,12037.0830,11261.9388,12455.7662,8684.7671,9196.7107,4192.7798,9133.8769,8737.1145,8873.6980,13005.1929,0.0000,4210.0172,10346.6724,5998.8733,10327.2952,9296.8536,9132.2067,11533.9464,6867.1801,11092.3901,6997.7540,4451.8555,361219.6985,368866.8853,360775.9481,365830.2320,360510.1927,358616.4778,363171.1327,363499.2143,362461782.3899,362461403.5999,362471874.8300,362472628.1301,11354.7528,13034.3251,12037.6458,5088.6633,11909.0703,7796.2481,12612.5245,6959.1265,4659.8188,10599.8302,4225.6284,9383.8916,12331.2876,10708.2845,9486.1751,12275.3726,8477.6322,3897.9677,9550.6920,3509.5590,9058.2974,11946.6237,8134.5118,12887.8468,12950.3280,10184.3847,10452.8546,3667.4827,12318.8766,10875.2628,10665.8504,7077.1228,9846.8289,11564.1392,3687.5697,9423.0599,7317.5480,10413.5208,11833.5311,11252.7567,10285.4378,13479.5213,13519.0335,10806.3493,12961.2584,6482.7930,6606.0125,2924.2174,8865.7180,10450.9125,2519.9921,8671.8936,1019.7973,5316.8699,8047.3507,9403.8918,11822.5593,7069.6805,6349.3114,7662.2379,8877.0764,11895.4471,13780.1951,9127.5123,8054.6794,11769.1650,6928.1138,0.0000,12481.5318,9751.3906,10945.2597,6656.3555,10797.4819,8670.5291,10030.7921,12028.9168,9086.0880,9374.8688,13490.3762,372376.3611,379542.4132,371877.9172,376963.6933,371588.1822,369632.5085,374040.4174,374532.9908,362448890.2211,362448511.3031,362458982.4410,362459735.8076,10757.9575,5992.0281,8438.2111,7718.8589,7148.1522,11111.7022,8509.9108,13065.2983,1503.0853,8396.7240,3566.8678,1682.9596,13083.3105,8015.9505,10709.0046,7091.2392,10831.4306,4849.3445,12827.9770,12665.3203,9520.7068,10301.3373,5004.4185,3369.0395,4030.7084,12908.6627,11083.6931,10696.6501,1095.8632,1312.1424,7697.0005,13390.5533,12550.3526,10140.9832,11125.1111,6080.7300,6330.0849,12222.0750,11462.6830,7308.1649,4998.8352,5139.8352,5035.7308,3614.3080,13419.8388,8719.0576,9590.4576,9825.6859,8554.0079,9779.8442,11094.0577,10975.9770,9362.6836,13069.4303,10280.6542,2057.4875,5885.5204,13564.6756,12549.4154,13261.6155,2085.7227,6708.4974,13522.1518,12785.7824,760.3899,12038.0272,0.0000,5887.9729,2814.4191,12362.4016,8780.4254,12496.1433,13395.9280,11151.1703,3015.3668,3507.2992,11677.7709,5280.6460,368931.7806,376667.8233,368500.7135,373527.1767,368175.3264,366385.9450,371022.7143,371248.1172,362456946.7598,362456567.6140,362467039.2153,362467792.4294,8092.5885,13822.6806,7097.4788,13271.6564,1407.2361,11676.6819,10618.1038,11753.4697,13619.1542,12745.1930,9976.7292,4991.7133,12002.6470,2758.0670,12921.0921,12170.9446,12657.5536,11410.9644,7003.7441,8240.7968,11958.7605,7572.6188,8418.4615,10987.7383,6495.0810,12116.7127,2992.6528,11457.8973,11535.0257,13433.3576,6511.5740,4344.9668,12717.4629,10392.6680,12934.2162,9854.0149,2820.0820,7699.5621,11638.9850,7477.0894,7286.0067,10188.8113,8972.6220,10038.6315,11772.7116,13649.4733,11648.3894,8368.5894,13575.1949,8569.1193,13081.6916,12370.1506,9583.6397,10975.5453,10097.4963,13444.0023,9732.4778,8638.2332,8070.7459,9974.0389,5664.9434,7454.1848,9716.4582,10517.4218,9561.6134,0.0000,9313.7905,12437.2370,6448.6428,13297.7190,4363.8973,7986.0053,6875.6674,10524.4420,12486.3661,9792.5851,7515.3889,360943.8913,368188.9946,360451.4241,365498.1153,360055.8915,358263.1225,362790.9695,363132.1373,362458843.1635,362458464.6900,362468935.9839,362469689.1903,11613.5212,2021.2621,11543.8970,7840.1773,6893.5129,12033.7707,6761.8286,10428.9367,8579.9939,6113.3131,11070.8763,12186.2009,6760.5693,11620.6907,9819.2546,10057.5522,12438.0313,9345.7735,11705.9846,13398.8854,2346.2819,5222.5367,4160.6954,12376.2740,10076.4657,6615.5757,6268.6497,6367.4039,11785.8424,12096.6926,11171.5980,9778.7317,13440.9506,7644.0428,2782.6070,9599.2585,12595.1460,11679.1456,6533.5035,6434.5591,2749.3793,6933.0142,13295.9605,7222.8898,11586.0661,13119.5059,3624.9298,11168.6127,7196.3074,11495.3631,8488.3406,13601.4188,13205.9942,4136.9188,9147.3817,12781.9122,9514.4104,12930.0742,4098.3560,6647.9400,12536.0961,13582.6468,5431.0072,9139.1304,0.0000,9559.3377,7745.0232,12306.1819,12488.6705,9409.9122,12758.1498,6763.4756,8070.4361,7266.6809,13444.0093,7085.6082,367454.3680,374849.0568,366981.6184,371997.3760,366532.9883,364847.6407,369472.9956,369694.5390,362455409.6394,362455030.8231,362465502.4934,362466255.6089,12306.6040,3227.1691,13841.8481,8120.8850,8986.4737,7380.6888,2699.9475,5439.3434,9531.1597,12899.2519,6095.5010,13629.7563,4187.8190,7318.3521,5195.7978,7904.3894,12245.2618,10433.6422,6254.2015,11787.7116,10794.8630,8697.8458,11906.3393,7375.3824,13683.6986,7852.5290,7618.1958,2502.7601,12121.4664,12964.7449,6301.7798,8500.3563,5676.3814,10278.0787,13540.0323,10994.1373,6809.4139,11459.8913,11582.6237,9950.4336,10338.3155,9376.1433,7933.5038,2330.2670,6665.9011,11536.3547,3452.8712,11408.2413,5099.2766,7095.2463,9649.2134,7691.9269,9657.5254,3715.0043,9860.4786,11273.3918,10887.4887,9744.5361,12448.7485,11554.2549,9333.0184,9074.3456,10542.7561,0.0000,9668.9939,6180.3049,11780.1970,2923.3525,13152.4456,11011.6094,12435.4491,8702.5911,6025.6387,9107.8239,11405.5374,372715.6168,380237.4159,372260.0427,377334.3281,372027.5370,370063.6991,374545.3654,374961.4307,362451703.9324,362451324.7416,362461795.9869,362462549.3641,12512.9847,6551.2686,6902.4406,11189.9641,8433.2434,10989.8565,10025.3496,7772.5646,9877.5512,12998.0570,5246.9813,12598.5726,9428.1668,11345.4578,11806.1583,7789.3621,12010.0139,13788.1614,3779.4841,6682.7593,5678.3578,11626.1156,9634.9872,5058.7011,7990.2515,8061.1437,12659.6671,11078.6703,10243.8304,9670.2936,13575.7397,8603.8159,3497.1093,8334.5568,12440.9585,12594.8225,7594.7124,7455.8157,4198.9072,8295.7153,12614.8333,7194.8052,11953.0444,13589.2791,2436.9997,11427.2019,5755.7148,11400.8090,8444.4776,13114.2330,13554.9625,6021.5983,10227.2026,11914.6862,8126.5745,12187.4725,5978.6219,7189.0841,11591.7254,13185.5626,7227.4115,7918.2421,0.0000,10563.0091,9280.0116,11746.9096,13178.0039,7924.8050,11918.1704,5007.0640,9529.3488,8711.0751,13394.1781,8091.4019,366729.8023,373991.7734,366240.8853,371260.8371,365770.3223,364088.6881,368687.0736,368936.4893,362454837.9420,362454459.2504,362464930.8714,362465683.9822,13614.0248,9976.6286,10830.7010,6330.0659,5495.2076,4327.2003,7877.2348,13064.5298,3387.1740,13637.2215,1046.0838,9835.4740,2686.2615,9888.2790,13377.5874,8415.9555,4963.8718,11069.2978,9280.2336,8904.1409,11615.3307,9897.8589,13721.2086,6835.3753,6653.8324,854.5899,12344.8905,12599.4465,8934.6290,7222.6491,7041.8610,10889.0803,13462.7070,9709.4064,3909.8504,9666.7313,9831.0009,10221.6405,8352.5363,10314.2817,9888.1090,5407.5270,4909.3098,12368.4925,6479.6093,12847.9338,7924.7365,9411.0145,9783.1992,6022.2765,8838.9665,4717.9040,11083.3864,12836.8213,11058.8929,8889.8177,10886.6335,11915.5532,9326.7801,7872.9718,12350.7854,0.0000,7140.7146,5280.0201,11108.7665,2052.4674,13567.8758,11373.6960,13445.4244,6434.5130,5896.6407,8143.0184,9494.9403,370760.4718,378467.7376,370326.8067,375395.8489,370127.2175,368154.6388,372672.0702,373051.3300,362454819.4186,362454440.1733,362464911.4289,362465664.8130,11007.7965,9955.8112,12015.2152,13391.9574,13001.0791,10506.7757,4627.0691,12628.4859,1568.9432,13363.8615,11442.8231,13106.1154,10870.5525,5839.7054,9253.1226,12431.0603,7736.1745,9005.8654,10828.2817,6749.5847,11384.0317,1824.6016,11715.0446,11776.1780,13706.7714,6320.2774,4621.1534,12098.6826,10989.6500,12684.0291,9385.3085,2352.1998,8502.3534,12348.0889,8330.7520,8140.2810,9915.1275,9735.4739,9793.7695,11097.3675,13443.9197,12219.1729,7557.6185,13243.9808,7442.7875,12610.4763,11716.0694,9697.0895,11607.4406,10297.3439,13409.4665,9269.0977,7539.4039,8076.3824,10189.5108,6642.1334,7257.8784,9899.1777,10854.7234,8507.9301,0.0000,10266.2814,12658.2476,6981.3725,13573.3191,3332.8385,7855.3837,5652.4042,11206.7273,12546.9204,10331.7834,8437.0656,361620.6145,368777.4962,361117.7307,366164.4251,360699.7720,358920.9043,363437.5386,363788.3176,362457617.1645,362457238.7290,362467710.0334,362468463.2274,8340.5413,7967.9780,5745.1784,8184.6438,9701.8995,11722.3445,11989.3622,9926.8699,10611.3354,3820.4793,9897.3615,8390.8318,8372.7460,13584.4419,12237.7396,8637.3494,10032.5745,5177.2329,12822.3612,4235.5505,9822.7759,7930.2024,7785.3409,9726.7514,11994.9838,12631.2986,3542.9269,13149.0727,4073.8058,4390.7780,11528.0422,13707.5174,12127.9427,11329.7442,11320.2865,5201.3919,10977.2911,10996.8984,400.1961,6964.9930,12469.2918,4969.1690,5957.2484,5327.9437,6071.1763,1864.7241,12323.4129,12925.5455,7828.4471,6262.0003,10257.6382,7061.7275,12201.7513,7935.0988,11724.3587,11885.6577,12371.8851,8531.3168,5732.4395,0.0000,12359.7149,7775.0422,13206.8271,10280.2221,10342.5727,11860.5779,6887.3465,10722.8448,6488.6018,13139.6657,11661.7673,372596.6381,379781.6865,372100.1023,377143.6140,371682.8491,369911.0649,374436.4350,374777.2953,362449356.9011,362448978.0049,362459449.5252,362460202.7221,12803.7519,8253.6921,12199.7985,13606.2911,7122.7460,11312.2437,9779.3005,11171.4431,5221.3818,12211.9178,1434.3630,5493.6842,11581.1688,9425.8080,12942.4741,13543.6473,11783.5873,7628.9434,4804.4273,9853.3377,12906.5303,12762.7848,10279.6411,6309.2257,8553.9963,6153.8585,9396.6563,10232.5831,11028.1046,8648.4836,9937.4768,11969.4583,13645.7017,13611.5740,11795.0984,13754.4817,3733.7425,8046.9061,7245.8337,10069.4805,9831.8187,6837.9969,6834.7048,5066.3120,7261.6002,6113.2791,10033.3941,13089.8747,10523.1248,2546.0501,4457.9688,5969.4452,13111.5264,13240.1540,5626.5617,6472.2306,13295.4524,4630.8747,0.0000,13228.5594,12373.1666,8618.6211,9609.6045,7298.4755,5425.5608,7694.1173,13524.6458,11778.6870,8757.6965,13646.9050,368902.5884,375857.5348,368377.9128,373467.4453,368045.0606,366106.7692,370478.8926,371006.0718,362449843.5429,362449464.9211,362459935.9662,362460689.3110,7286.7083,2286.1248,3122.4500,13619.9562,7803.5029,11558.9455,6457.3200,10209.9749,4149.1533,12437.6404,12935.6537,10134.3746,10047.0013,6191.7576,4847.3939,3839.1189,13369.6732,10481.3574,11543.2688,589.4134,413.7746,6826.9945,13781.1228,13219.0758,9370.1585,11208.8218,4978.7959,6477.9226,12963.5655,11969.7688,7255.2819,6397.0539,6542.8806,5222.9711,4940.7186,13332.1936,8146.9487,8600.6295,9670.6758,8876.3476,8801.7954,11195.9507,10177.8605,8652.6522,13125.0308,10284.4293,3014.3610,4563.5969,13490.2101,12593.8476,13489.6044,3115.6621,8060.0652,13801.5607,12829.6043,2101.9819,11938.7152,0.0000,6690.2842,1386.0448,12889.1223,8040.7555,13067.5465,13610.4217,11518.1280,3783.1549,2152.1809,11820.3902,6627.9673,370306.2508,378035.2535,369874.7143,374905.0286,369559.6343,367754.4803,372379.8223,372619.8025,362455790.3752,362455411.1736,362465882.7657,362466635.9954,5842.5124,9714.8977,12784.8883,8292.2825,12891.6489,6421.7520,5168.7222,6642.6697,7363.6724,11121.6331,11881.1669,8401.0801,11115.3946,10828.8323,7385.3769,12458.5549,5335.6263,12898.3523,7656.7767,7412.1405,4952.1233,12256.1472,13211.4663,3947.5710,10268.9057,3818.8601,8595.3173,13276.6651,12240.4320,8827.7372,11805.7015,11894.4135,8507.6237,10831.5344,9696.7460,5526.8058,1913.3517,8814.9458,9812.1459,1787.0195,9638.4922,3699.7393,4592.6880,10541.8225,9676.2933,9105.7031,3048.0435,9737.9026,9868.6343,11406.0746,9218.3312,12683.6394,11760.2414,10364.3824,8892.7286,8859.8438,0.0000,10901.1523,6212.8985,12558.8559,5471.8130,12544.8478,11346.7767,10956.4523,9514.7763,5447.1708,10647.7666,11887.1949,373687.8014,381086.1460,373217.4447,378284.0907,372928.0204,371019.3479,375507.6817,375908.6291,362450002.1729,362449623.0446,362460094.3775,362460847.7038,4894.3091,13857.8754,6470.0352,12655.4429,4645.7793,9721.3587,2496.3452,11595.1110,13301.3503,9956.9658,8650.7766,8169.9968,6654.5848,5327.9835,13237.3310,9956.6107,12667.3614,2865.8615,2651.0630,4795.8809,13709.5424,13490.5857,8722.9309,10261.9818,4619.8273,7887.6690,13580.2055,11678.7226,6177.3959,7841.6004,8006.5978,6854.7682,6294.0208,12580.7108,8262.0990,7012.8123,8383.6112,10102.9116,7446.3500,11781.7297,9050.6988,8376.6523,12369.6501,9205.1377,5208.1484,3067.7156,12903.6113,12769.1592,13066.2131,5304.8763,9440.9779,13553.4576,12022.9768,4276.8401,12062.4462,0.0000,6978.4184,1021.3856,12767.6802,6138.8526,13608.2746,13233.1200,12336.6635,4511.3871,2075.1599,10996.1574,7925.9458,371320.4811,379056.4286,370890.1392,375932.6989,370615.0500,368754.9681,373347.9795,373630.5530,362454925.6306,362454546.3685,362465017.8704,362465771.1517,12738.3621,8042.3879,10264.6668,7606.6670,11898.9454,5519.8380,13453.8313,12828.8866,8690.2841,10407.2190,4523.2347,1996.6367,5270.8602,12487.2684,12115.8505,10272.1031,2774.9699,2987.7227,8494.4807,13136.2959,11976.9435,11332.1948,10885.9784,7631.9012,7126.5220,11713.1039,10825.7942,7161.6360,3471.8355,3633.6034,5901.1090,2030.5900,13621.0745,9914.8891,10726.6388,9806.6656,9020.0680,10981.3958,11602.5033,12040.2729,10596.2622,13022.3499,10096.0252,2615.7976,7370.4910,13827.0586,12972.0323,13099.3855,2523.0825,5343.6943,13367.3878,12729.1045,1571.2846,12645.9331,0.0000,4826.8300,4322.6362,11816.4354,9435.0083,12251.0913,13284.0475,11367.8261,2277.5001,5141.3998,11414.3532,3749.7741,367322.6381,375095.9201,366895.6499,371920.2077,366574.0201,364786.7007,369433.1654,369647.8547,362458508.3836,362458129.2786,362468600.8672,362469354.0782,11875.2682,5489.2249,12852.5998,10598.8035,13468.5941,8059.0902,4880.0910,8742.8518,10542.2540,11146.2406,11745.5686,12889.0440,3198.8742,10366.0257,5708.7749,13505.5664,13489.8207,12934.7288,1884.9380,2144.3204,11422.2373,8817.3536,13414.4767,11767.0933,2344.7238,6646.8246,12008.2243,10966.4937,10843.6429,12378.6709,11959.7456,6006.1086,11650.9218,12186.8387,10620.2241,9964.9277,12112.9828,8120.3068,11036.2174,11703.6864,6039.2529,9871.1550,12815.8477,13694.0711,5567.2502,6457.3365,4049.7142,12741.0141,9601.6493,2915.2211,6432.6341,13079.5662,7775.0315,0.0000,11330.5286,13826.9440,4257.7553,12330.3277,2586.4593,3675.6333,7030.6282,12764.5206,13703.6587,7800.1918,10881.8651,362113.2046,369153.2932,361596.6947,366672.9907,361241.3272,359350.4385,363772.0973,364239.9811,362455969.8557,362455591.4561,362466062.5108,362466815.8051,13030.5870,2425.4061,11671.6409,4171.8978,10535.8088,13414.8026,5508.8285,3141.2644,11221.3679,9003.4403,10551.9945,9850.3151,11652.9336,13169.6157,8168.4322,8074.2407,3822.3177,11077.0303,10930.9678,11072.7571,4721.3157,9643.6770,12242.1583,12289.6402,7112.8176,1211.3151,8665.8780,8825.6101,11587.1679,7661.0680,9736.5207,11921.3652,7838.3349,2437.5237,13308.4122,8902.4546,13684.7548,9846.6705,11573.7219,8407.6537,3311.4190,9704.3602,7663.1481,10795.5284,13342.2183,9684.9933,9692.1252,9610.7919,10737.9805,7853.8381,8653.4408,13242.1418,0.0000,5227.6365,7242.1765,9027.8539,3567.9029,12863.2788,10190.1543,13829.9296,6109.8096,8144.3288,5839.6042,8297.8002,367586.5353,375342.8095,367158.0597,372232.0387,366986.7679,364983.7886,369493.7101,369885.1479,362457608.9264,362457229.7709,362467700.9277,362468454.3357,13489.7240,10657.5071,13055.3250,10732.8188,5277.4370,10204.8180,12947.8591,7047.9312,8799.7136,9918.5797,7825.5888,10639.3660,266.5379,11228.9187,11285.9210,13707.5244,7147.9958,5882.9096,11331.6694,11780.2946,11896.1589,8190.3414,3460.7254,9615.5363,12756.9936,8468.5456,8277.3997,8860.7347,9777.5570,10194.8336,10043.2434,13110.0371,12779.6523,6149.0169,12778.1356,6237.3935,12153.6642,10783.3242,10413.5658,12296.5215,9673.0271,12889.7517,9496.3683,6821.8853,8870.0514,9579.0772,6966.7774,7988.0452,10625.5436,10400.3391,7637.7393,0.0000,10724.4636,12225.8988,8151.3892,13688.9752,3546.8506,8564.7605,4363.1556,11226.1256,11963.2372,11183.8109,8678.9989,362768.5087,369893.3249,362262.0690,367303.1763,361819.1937,360069.3409,364596.3834,364931.6481,362456539.1274,362456160.6755,362466632.0464,362467385.2151,10517.3936,2538.9492,10282.4219,13522.3744,7579.5872,4494.8743,10949.0692,8946.5481,9243.5522,11247.4087,10564.4031,13587.8960,6931.3573,6779.9512,1746.1233,12136.3268,12224.0073,9693.0889,6622.1538,7769.3169,11213.4391,13208.7726,9055.4420,2889.4610,9150.3729,9321.3475,10502.5413,7855.4052,10349.2501,10539.8908,6271.8190,4253.8585,12636.4433,7340.4395,13183.6426,8663.2272,10136.2189,9568.5424,5334.3213,8853.5805,5533.9909,11202.8125,13131.0305,10836.3328,8885.0468,10363.5432,11748.0888,9078.0707,7810.0104,12751.6003,0.0000,6326.5778,5565.7154,10629.4525,2398.9994,13472.0043,11209.6537,13632.1178,5944.7857,6361.0579,7615.5849,8922.8753,369840.3486,377583.5918,369410.8112,374479.7160,369220.3554,367242.1243,371764.1187,372139.2848,362455827.8761,362455448.6420,362465919.8824,362466673.2707,10723.0699,5088.7027,7360.3423,13367.4281,10952.1157,11271.6235,12238.6333,8398.7145,11430.3432,452.7273,10620.3425,10315.0780,10134.4596,9315.5605,10384.3618,11801.8407,1370.3592,11854.8247,6186.9199,7795.8900,11172.5047,12804.1148,12157.4577,13101.0440,13095.6702,8587.4734,12803.3686,8345.3081,3436.7762,5333.1969,11463.1179,7477.0993,4173.9366,5633.9147,3096.0357,2290.3993,10162.4305,11878.0143,10623.1380,7326.8616,7528.6809,5605.7038,10246.8339,10707.4563,13262.4112,9983.5443,10293.0950,11027.2306,4291.5206,0.0000,13276.1752,9686.6348,12064.5848,9359.6124,9748.4996,9834.6514,7413.7375,12326.6962,8621.4238,11679.3555,13284.3768,372608.1302,379666.3732,372096.5484,377163.5878,371719.7526,369864.9995,374311.2020,374748.1435,362448028.5326,362447649.7074,362458121.0177,362458874.2905,11496.3950,13738.3701,8278.3894,6735.2642,9272.1006,7157.7777,7440.5459,12293.9902,10866.6882,13117.5002,4646.3231,4511.3209,3453.6989,13089.5682,12828.4188,9817.0800,8433.2541,6648.5091,9751.4736,13399.8463,10177.0926,3856.3893,7748.6431,7939.0541,8800.1970,6184.8179,11861.5181,9916.7752,7193.1380,6335.4181,11597.2537,7982.1663,12867.9869,9481.4909,9827.9434,11219.8448,7210.2950,6762.9403,4623.3968,12480.9490,13380.1527,12155.3994,6805.1635,9295.2757,12871.8699,10782.4691,5601.0432,12887.0696,0.0000,5626.6180,3356.5055,11649.1326,4642.1081,13681.9452,12459.3610,13256.3064,4063.7996,4478.8656,9336.1642,7633.0292,370063.1210,377860.5011,369640.0144,374692.9398,369413.7456,367497.1640,372069.0849,372382.2610,362456284.4808,362455905.2134,362466376.5995,362467129.9319,6783.6444,11401.0901,8559.0609,13255.7245,13590.7612,11732.9322,8072.0206,4672.7490,10812.5914,12603.5040,12440.4254,9274.0350,7055.2145,9249.9354,5764.4271,8856.4916,9786.6480,11307.3998,9601.5602,9905.6591,11291.3056,13734.1117,13724.6993,11945.3064,13663.1474,3684.9690,8070.8359,6139.2811,9284.9576,10461.4699,5855.7518,7770.3974,4113.3658,7102.1978,5936.6322,9377.3860,13053.2505,9805.9973,3067.7397,5690.7686,6281.3165,13085.3487,13515.5818,6259.0653,6194.9329,13133.7133,5619.9669,0.0000,12965.4696,11869.1033,8913.9455,8540.3584,8427.5959,5882.7643,8746.4330,13199.9477,11313.8990,8349.4358,13706.3365,369697.5556,376714.2459,369180.5541,374273.2963,368873.9701,366911.3165,371282.0140,371814.4697,362449688.6671,362449309.9633,362459780.9930,362460534.3616,11896.2148,12349.3519,10442.9940,12023.2098,10977.6093,7468.8149,7178.4126,5290.1625,12787.2938,12736.0036,13116.1245,5725.9176,6731.6267,8479.3597,11571.4213,11274.3744,9163.6405,5135.3905,10431.3811,13611.7583,12040.8663,11917.0427,10233.8210,12786.6846,7188.8749,8292.1786,10912.0096,12602.9435,6814.7337,10326.5128,3736.5573,9005.8654,8469.7013,8635.1111,12280.1722,11934.2237,12345.3760,5864.4008,2003.4801,7200.9052,11910.1434,11035.5750,6028.9954,9043.7815,12582.2028,3430.5253,0.0000,13149.6900,13084.2754,8496.5490,12810.9114,3112.1571,6535.4798,3190.9483,13454.8231,12464.2020,10794.0366,12186.8601,365834.5523,372721.5348,365300.6061,370365.0106,364870.4505,363055.0273,367488.2670,367932.2152,362451977.9275,362451599.5059,362462070.7224,362462823.9514,5847.3012,10332.2111,8414.3617,12010.1324,6523.1057,13281.2589,10412.5117,10192.2889,10212.0800,8766.2496,8303.4623,7053.6049,13279.3173,4179.7767,12531.3929,12792.0673,8803.8169,2983.8097,5126.9429,6998.5992,7049.7152,12369.2896,7212.5322,9226.8856,13574.3209,11410.1538,5072.0453,12955.3119,12131.1832,13217.7718,12361.9188,13566.9893,7209.9490,4198.8622,10504.9930,11406.2684,10192.1170,12651.4324,7532.0387,10407.1411,6808.9334,8414.4297,6788.7432,9810.7733,13140.9045,0.0000,4431.7835,10275.8894,5225.5068,8325.3259,10131.9852,8147.5002,12566.6735,7288.8270,11079.7500,4465.7594,6470.0506,362400.4737,370059.9618,361958.7582,367029.6494,361749.3556,359779.0062,364288.8356,364675.6597,362460803.4699,362460424.6048,362470895.7081,362471649.0786,12765.3495,11063.3202,12061.2271,8193.9250,10814.4686,13113.4217,10387.7937,10266.2851,4827.7309,9337.7581,9824.3580,10587.3051,2684.6885,10660.8457,13256.1014,11529.0642,6033.0893,4195.6430,10590.7039,10699.8568,12924.9654,9961.9438,7280.1662,12083.5380,7290.4633,1016.2097,13764.0188,8365.1299,13243.4107,8775.4579,11473.2609,5869.1368,1795.0700,11696.8662,8891.4154,8575.4492,12237.2356,7538.2748,11687.1221,11045.6655,8764.8349,5285.6038,10884.7806,12301.4995,0.0000,7507.5711,9398.7850,7605.3151,3629.6837,11927.1689,8077.7695,13463.7065,8767.1824,9952.1778,3675.8006,10228.0170,367310.2295,374898.4272,366861.5562,371952.3628,366698.7714,364649.3942,369093.5403,369561.3921,362456255.8802,362455876.8448,362466347.8493,362467101.2980,3156.1075,4989.9319,12021.7513,11493.7038,6967.1238,5657.6146,5825.3663,11456.9934,12128.4504,10793.4187,11136.4031,12656.2770,8539.4424,4793.9826,9558.8761,11631.3712,10528.0134,4374.1380,4268.5843,4176.7301,4954.2140,13579.8404,8933.0014,12164.1183,12321.9158,5761.2297,11988.3383,8945.8587,12472.8081,10038.2755,13442.5687,12337.6106,3378.8452,9481.1487,13309.1331,10869.2447,12845.9302,3247.6809,4660.7503,12620.0196,13347.0573,4373.3680,10684.0238,0.0000,7803.3338,7381.0536,11691.9444,12167.2952,9867.2596,12808.0346,8260.6728,6499.1805,7348.2233,12757.2906,4967.1320,366044.0806,373572.9732,365587.1361,370602.1437,365170.9332,363466.9117,368110.7365,368315.5789,362457597.7700,362457218.9113,362467690.5626,362468443.6952,5852.3885,11771.8064,12430.3500,8805.9685,4414.3884,4622.4933,9842.7688,12381.0333,10925.1677,11881.4361,11078.4391,8729.4355,6948.6210,10440.3534,10376.5000,8110.5890,2005.0685,2071.1022,5931.4410,1846.5662,13498.1007,10266.4166,11736.2997,10444.6008,8345.4439,11896.0855,11021.1026,12682.6387,11079.8862,12869.3445,10511.5820,3128.3218,8808.1390,13602.1096,12436.9729,12643.7644,2959.1631,3614.9551,12764.7407,12635.4034,2951.7731,12291.4899,0.0000,5024.6054,6060.4489,11116.1283,10599.7585,11127.0559,12796.0325,10458.7092,3636.0873,6643.0423,11429.3504,2524.6070,365722.1177,373433.9617,365287.2327,370308.8794,364939.6468,363176.0395,367823.8091,368033.5349,362459257.8156,362458878.8260,362469350.4129,362470103.6006,13528.2680,8746.7137,9823.7250,3532.2932,3498.7689,9112.7904,13382.2572,13004.9020,7794.8852,12930.9912,3963.4292,2842.4707,12031.8157,13199.9311,10189.1865,7639.1324,7671.7601,1661.8343,6974.1955,13238.9426,5485.3730,8938.8840,11878.9187,5614.6582,8578.8191,8427.9427,9515.2463,6512.4799,13641.3064,12347.8498,2958.7798,5522.4811,12931.9148,10475.0480,13575.9449,3104.5723,8655.0325,13499.9074,13512.1025,3829.2301,9633.3763,0.0000,9285.7333,4428.2246,13395.5308,10125.1561,11665.2736,13476.0926,8919.1968,6877.1630,3525.4676,13224.2233,8076.3457,370864.8936,378369.5772,370406.3295,375429.6820,370010.3405,368273.6288,372891.4022,373129.1247,362453584.9396,362453205.8926,362463677.5584,362464430.7240,11176.4772,8068.3226,13359.0344,13329.8320,11508.2652,2085.9623,2363.6635,11999.5336,6071.5234,13646.5642,13055.4515,4779.0666,3875.1574,10084.3366,10736.0044,10665.8537,13376.3348,11485.9856,5005.0908,12717.4536,11577.5913,8240.8012,11849.3811,11841.8158,10323.4953,10996.0199,12550.3981,3740.7095,7311.6444,13137.8672,13324.3332,5487.0670,8585.3140,2147.9966,13061.4775,9634.9409,2378.9481,3985.5455,13057.1892,9656.3105,0.0000,9990.5741,13417.4901,1420.2516,10683.0878,5603.6236,2510.5126,9541.8855,11943.3380,13557.2669,4947.7786,10482.9301,361926.5786,369119.1190,361428.5050,366515.8498,361147.5388,359182.6612,363592.5897,364084.0922,362457216.8728,362456838.3562,362467309.3116,362468062.6732,10610.4944,10591.5514,10411.6704,9359.4614,10101.9718,11600.9730,1681.8041,11673.4479,6548.9943,8126.9320,11023.4830,12625.7700,12167.8185,13232.3104,13225.1289,8924.4081,12961.7612,7979.2148,3857.3608,5340.6256,11350.4276,7707.5112,4219.2924,5673.3446,2941.0107,2734.9402,9852.9972,11741.2525,10904.4821,7586.4273,7144.2028,5408.6868,9939.7716,10984.1715,13349.4543,9673.7242,9998.7847,11287.9870,4150.9760,0.0000,13339.4725,9950.5339,11842.7192,9332.4696,9582.1883,9516.8429,7423.8304,12490.8245,8922.8699,11465.7745,13399.7177,372423.2153,379466.5647,371909.8233,376979.3370,371536.9416,369673.6126,374111.2387,374558.4876,362448023.1662,362447644.3572,362458115.6420,362458868.9224,11205.8215,11263.5878,13790.8185,7363.6975,6140.9187,11295.9480,11983.2429,11840.7228,8040.5180,3706.3596,9854.1814,12892.1824,8527.4855,8335.5122,8733.8249,9827.5206,10356.0535,9945.9003,13148.8702,12948.4050,5959.5093,12795.2028,6114.4330,12175.9398,10713.0127,10615.6659,12483.1054,9616.6426,12882.7625,9632.8931,6801.7518,9082.4142,9524.4743,7050.8645,8192.3306,10828.4521,10375.3699,7587.0003,0.0000,10849.3072,12220.2678,8401.6431,13793.6322,3698.3143,8766.9880,4221.7310,11282.1355,11934.6837,11397.0231,8755.4707,362901.4088,370021.1463,362394.3918,367434.2059,361946.3262,360202.8245,364732.5929,365063.9823,362456411.6736,362456033.2215,362466504.6056,362467257.7686,258.2522,7328.5555,13746.5317,13104.3797,9527.0448,11433.7663,5174.0932,6122.6165,12755.0556,12025.1762,7579.7859,6063.9158,6199.3914,4822.0390,4682.8137,13471.2323,8132.2760,8983.1656,9994.3820,8536.3089,9131.4639,11006.5969,10437.3654,8730.2649,13272.2881,10553.8497,2436.0428,5002.8292,13584.7356,12498.7570,13548.6311,2538.2542,7711.6970,13811.6874,12992.8814,1573.2100,11864.1471,0.0000,6703.3095,1952.4165,12883.8568,8505.0803,12874.0678,13655.0446,11261.5155,3791.3575,2498.0471,12006.0821,6339.5918,370004.3224,377724.2499,369571.5916,374599.1772,369245.6151,367453.9532,372085.6112,372316.8411,362455979.2133,362455600.0340,362466071.6448,362466824.8618,7132.5517,13703.9513,13112.3929,9327.4420,11358.2653,4953.4271,6119.6960,12779.6049,12013.6910,7517.7415,6245.3662,6380.8012,4843.7234,4862.3477,13351.1645,7979.7907,8748.7460,9892.2613,8536.3892,8898.6411,10944.7790,10224.3965,8548.9280,13177.1483,10472.7727,2621.5789,4745.4065,13466.5987,12412.7888,13479.2029,2729.6411,7873.9785,13750.0442,12897.1922,1813.1925,11759.7171,0.0000,6782.9555,1718.8981,12868.3572,8319.6706,12869.9335,13582.7988,11241.5765,3896.3893,2247.5843,11934.7090,6510.2072,370181.7913,377894.9810,369748.2961,374777.0805,369424.2208,367628.5066,372256.1796,372492.2708,362455772.2483,362455393.0655,362465864.6692,362466617.8900,12143.9535,12584.6792,8412.1993,7195.8556,6938.8268,10981.3382,13453.9410,9813.3870,4512.5016,10246.5675,10399.7282,10410.0860,9001.6988,9851.8991,9606.4424,4676.5916,4949.2679,12360.7333,5808.8442,12612.4902,7240.1319,9015.8352,9464.5248,6083.4716,9286.5187,4638.2312,10610.8944,12484.5265,10800.4139,9343.9083,11376.5850,11654.0739,9026.5440,8406.1559,11970.5741,0.0000,7806.9898,5723.6076,11090.1767,1466.5291,13453.1774,11087.7195,13303.6644,7159.1885,6159.4640,8059.0742,10087.2250,371150.6849,378811.3323,370711.5152,375784.2069,370511.0075,368530.2378,373032.2788,373429.0900,362454090.2393,362453711.0093,362464182.2397,362464935.6315,2755.3635,11151.3339,7586.8821,13408.3091,12544.3985,4123.2349,5851.6675,11372.3636,11589.9670,11500.2100,13086.0730,12370.3752,4404.0934,11870.9629,11404.2910,9528.9581,10984.6701,11452.5962,8922.9293,10327.8399,11696.9972,4301.0286,8762.8858,13384.4517,13411.1487,4277.5559,6885.9613,2242.7492,13321.5830,10436.1440,1093.9073,4754.0596,13492.6768,8101.3833,0.0000,11311.0913,13815.2017,3460.2939,11363.6333,4220.0215,1855.7850,8194.9564,12873.6365,13737.6456,6478.2168,11437.1167,362713.3595,369771.8011,362199.3620,367285.9478,361881.6085,359941.5757,364336.8439,364839.9331,362455540.6084,362455162.1604,362465633.1341,362466386.4735,12441.7680,7787.8002,13764.7814,12213.7219,2683.5744,5018.3371,10939.1378,9839.6313,9723.1382,12594.2380,10908.0033,6767.3592,12589.6084,12630.5478,9726.6727,10756.8757,12745.0717,9564.2842,11935.7766,12689.2576,5955.8816,8835.4637,12459.6378,13772.4193,6800.1088,8249.6760,4202.9564,12364.4321,8404.8423,3711.2281,6191.1330,12561.9543,9425.2905,0.0000,9956.4902,13497.5989,2766.0541,11983.4861,4123.2685,4234.2505,8376.4444,11793.8414,13595.9846,6821.1608,9661.8001,360977.1016,368151.1167,360476.3499,365551.1454,360150.2258,358244.9649,362687.8264,363135.7071,362457934.7850,362457556.3334,362468027.3844,362468780.6912,11763.6455,5095.9340,7626.7548,11932.4949,12978.3716,11558.1292,12854.9502,12872.5130,8226.1337,12371.4044,8938.6643,3154.7448,4391.1870,11079.3093,7829.3105,3157.5929,6601.6673,2713.8519,1723.5445,10554.4209,11620.6845,10085.0077,6142.5560,8327.6888,6829.6704,10841.7998,10184.7183,13227.3827,10728.2496,10607.4828,10393.1204,5538.6269,0.0000,12863.2630,8728.5173,12501.7207,8596.5311,10662.8615,10511.8559,8321.7657,11696.0116,7632.6819,11732.0647,13035.9889,373319.6023,380458.6632,372817.8955,377883.1829,372456.4950,370596.5331,375057.4204,375479.8233,362448155.9344,362447777.0207,362458248.3596,362459001.6385,12163.0092,13731.5699,9858.7332,3535.4895,5312.0215,10191.0269,10257.9273,13511.3261,10010.2924,6550.2164,13017.8665,9194.7117,2559.6433,13797.1042,10076.3992,13108.7894,10098.6929,12559.5212,4432.5192,1466.9847,12277.6269,10744.7370,7920.0244,11871.8351,5830.4868,12232.4206,10184.0315,7141.1505,3830.3656,11586.5702,12266.2792,0.0000,7347.6710,10846.2302,5284.0172,6139.2275,10571.2060,6514.3565,12961.2048,9368.5553,11409.7774,1241.2293,9768.7104,364765.1356,372298.8334,364309.1810,369401.4421,364135.5419,362089.7465,366524.5577,367001.7303,362457747.9659,362457369.0747,362467840.0270,362468593.4681,5572.9142,13241.2346,13383.3599,9708.9662,10204.8341,10280.0831,5230.7654,9223.5528,11965.1237,4131.7764,5642.9693,10762.6111,7617.5594,5205.5981,8865.4582,6558.9707,4281.9826,12687.5738,11502.4193,6242.4532,2544.2632,11757.2675,10209.4952,13091.9823,6391.1412,11261.0420,13204.9200,12535.1808,6373.9950,9088.2326,0.0000,10448.2833,4327.5200,13652.1442,7937.1492,12574.5118,12986.5448,10027.3715,8253.1864,2958.1408,12538.4664,10465.5485,373423.4639,380878.1024,372959.6136,378002.3743,372610.4320,370797.6218,375357.4141,375668.3516,362450953.7638,362450574.6290,362461046.1706,362461799.4082,10735.9589,13490.2357,11947.2493,8473.4513,8426.3510,1478.5521,8405.7998,12901.5790,4761.6396,9949.0950,13152.4365,2931.4959,9324.8043,6240.7063,9708.6785,6134.5553,13611.1476,13434.6217,4764.3732,7590.3009,12281.5479,8737.4547,13156.9590,4830.8896,8863.1391,12782.0344,13607.7837,5973.7843,7941.1000,0.0000,10735.5936,7078.6042,13154.8846,11749.8708,10085.0071,12913.2129,6632.4808,8874.6744,6134.7176,13771.7232,8963.4329,370016.6496,377345.3270,369536.6401,374558.2664,369089.2512,367389.0895,371990.4232,372239.8015,362452815.0067,362452436.1297,362462907.7954,362463660.9255,7333.2601,12199.6948,9638.4273,9479.7039,11315.0958,10876.0871,8006.7459,11536.6833,12996.7508,11438.1596,8864.1417,12865.0594,7775.8515,11999.4737,11879.5409,7900.9368,10718.2459,11697.2711,13734.9808,7525.0659,6942.7636,6076.2989,11602.9259,8050.4217,5136.5808,8187.3717,12094.2845,8158.8702,0.0000,10748.6949,13397.4072,5320.3418,13074.2758,2082.0993,5813.8652,6244.1270,12043.1126,13296.8381,9005.3462,9627.0784,361467.1087,368560.0030,360956.6052,366018.4653,360569.1754,358734.0834,363202.0092,363612.7349,362457051.2433,362456672.8455,362467144.0162,362467897.2600,7174.9758,9062.0072,9058.0631,13383.8201,9526.4344,7072.5111,13638.5519,11437.9243,5678.6397,13068.5564,12052.9083,12485.1908,11810.3156,13485.6357,4850.6812,4537.1511,12189.0357,12474.3513,8091.6306,11311.3651,4929.7565,12101.0270,8393.1812,5895.9075,4546.1112,11723.4161,12049.8341,0.0000,7175.3432,12002.3410,2554.9489,9034.6398,8579.3637,5618.8977,11799.7760,9707.6717,12536.9387,2922.7478,8629.9590,361848.1014,369318.3253,361383.4861,366467.3245,361164.4476,359168.8459,363621.3687,364072.5595,362459553.1465,362459174.4310,362469645.4144,362470398.8054,7708.6935,7881.2040,11196.0030,6653.5500,10454.1977,12099.4319,8591.6131,3370.2313,13107.8945,9580.6034,13790.7430,10569.8764,11894.9439,9066.7069,3968.2123,9035.2313,7822.9003,11444.4625,13644.6845,10157.2382,9009.4647,8763.2777,11143.8378,8528.3261,7921.4735,13561.1419,0.0000,4131.5203,6865.3873,9168.0749,4554.8966,12896.6760,10662.2837,13816.9537,5115.5799,7903.9025,6385.3397,7319.5092,367046.1370,374848.5213,366623.0235,371690.4427,366443.1994,364461.5876,368994.9657,369358.3834,362458473.9705,362458094.8097,362468566.0152,362469319.4033,237.5696,7641.4503,1846.6938,13097.8624,11526.3184,12441.0882,9879.2372,9386.7241,12713.3579,11653.6350,13351.2883,12234.7022,12155.5314,9738.4517,5081.5409,10039.5233,13328.8535,12712.7661,11859.2861,4916.5995,2053.8472,12042.6180,11907.0923,4759.7095,12797.4071,0.0000,3999.1618,7443.2695,9926.3472,10786.8033,10665.4499,12090.6853,10848.5009,4043.5899,8160.3406,10490.9634,625.7960,363942.8450,371669.1642,363509.2486,368536.3845,363181.7018,361392.3053,366027.8201,366254.4324,362460666.3063,362460287.3736,362470758.8823,362471512.0919,7623.4270,2070.3806,13077.4318,11518.9817,12526.3808,9996.4695,9279.3215,12781.2848,11547.7075,13388.8169,12241.9215,12149.2007,9836.2659,5140.5780,10161.0833,13287.9964,12615.3191,11812.4260,4973.4542,1844.1764,11970.8115,11911.3199,4879.3355,12716.9923,0.0000,4176.9335,7596.3777,9869.3678,10926.0909,10515.2660,12034.6425,10709.6871,4264.8125,8282.5840,10530.9517,751.0524,363816.1394,371530.4419,363381.0493,368407.8789,363049.2862,361263.3469,365898.3630,366124.9905,362460668.1682,362460289.2500,362470760.7594,362471513.9657,7363.5286,13382.9753,5558.1163,9955.0912,12738.6250,4274.4166,9480.9159,7550.7141,10131.2253,6811.2953,13869.5880,13076.4082,3414.1796,7001.9511,12924.3559,9874.1499,13553.2208,3500.7895,8332.0452,13312.8438,13801.2250,4643.5800,9112.3356,0.0000,9872.8135,5965.1067,13323.4922,11304.2191,10890.6762,13391.0839,7848.3249,7742.4519,5144.3072,13673.3216,8142.6614,370034.8121,377468.2256,369567.4221,374586.4496,369139.4535,367433.2730,372054.0721,372283.8080,362453693.7835,362453314.8292,362463786.5176,362464539.6541,13280.6715,11164.2017,11562.4430,9240.6508,9807.5639,11921.5804,12120.8509,12807.3215,11785.3478,12363.5476,9314.8024,4332.4656,8780.5930,13602.9522,13204.8396,12358.4320,4197.9038,3854.2596,12679.8055,12053.8004,3553.7591,13111.4674,0.0000,3339.6186,5944.4395,10659.9956,9709.0821,11734.5142,12619.4123,11606.5778,2274.9070,6855.6322,10501.3035,1901.0369,365419.4563,373212.1440,364994.3261,370022.7103,364689.0515,362882.1841,367521.2849,367746.6793,362460072.3127,362459693.2680,362470164.7900,362470918.0172,10751.3827,8352.5912,7906.9050,11893.5744,8522.0401,9462.2087,7242.8465,10050.6770,2546.7756,7545.1915,13808.1642,11583.8661,1612.2730,7113.3106,2923.7686,13795.7301,12573.5927,3362.5124,3000.4984,13724.2675,7739.1501,0.0000,11920.8244,12924.4652,5885.2767,8819.8335,7461.8312,2707.0592,9685.5404,13032.5971,12736.5265,5675.6096,12931.9929,366392.9221,373469.1046,365882.3071,370982.5145,365614.2057,363608.7539,367966.7255,368518.8588,362452679.4978,362452300.8744,362462771.7840,362463525.1876,6689.9733,12345.2020,5242.4468,5650.2854,5332.8659,5708.9500,1476.4829,12125.0551,12808.5449,8106.8851,6234.4245,10009.1710,6918.2046,12034.9533,8212.8645,11909.9037,11729.2929,12178.2654,8767.4773,5563.1373,0.0000,12448.7459,7898.0996,13124.3035,10121.6596,10321.8271,11688.3156,6951.3654,10864.9646,6620.0737,12999.9586,11842.1764,372699.6047,379873.5015,372201.7691,377247.7190,371789.1622,370008.5458,374526.0146,374876.5777,362449155.0646,362448776.1702,362459247.6706,362460000.8758,7880.8249,10782.8363,1299.7556,10030.5111,2832.6728,5563.0694,9225.6261,8721.1568,10413.4624,4624.6010,8555.6029,9683.5599,10300.2646,10505.0554,13160.3620,10774.1460,9045.4401,10119.4092,8846.4130,0.0000,11116.3128,7530.6039,11732.0017,4671.4205,12277.4519,10270.0959,11296.3961,10237.9339,6990.6105,9521.5028,12442.6470,373150.9069,380510.8700,372675.9285,377753.9538,372412.3777,370459.3350,374911.8237,375357.1640,362449975.3847,362449596.2955,362460067.5163,362460820.8828,13739.2011,8940.6030,13462.4339,9442.7119,11841.3196,6332.4920,1232.0618,11274.3712,8974.7266,9169.6305,12600.9360,7846.9590,11254.0595,10380.9998,9056.9319,5739.1231,10402.2283,12690.9941,0.0000,6626.9414,9112.0288,7499.9067,3968.2261,11986.7839,8419.4653,13571.0674,8066.5937,9786.8297,3712.2173,9484.6523,366749.5133,374389.8039,366306.9343,371393.6143,366144.7073,364105.0600,368566.8492,369014.6015,362457158.3043,362456779.2573,362467250.2891,362468003.7284,10045.2822,3873.6736,9838.1816,6522.2684,12837.6268,13811.8441,7034.9322,9563.6788,11005.8600,6616.8991,11997.3439,7048.2899,9126.5485,11335.8927,12961.4154,8200.5808,6074.5482,0.0000,11791.8932,9425.2501,12194.0078,12834.3315,7905.6698,11621.7205,3914.4128,10609.9376,8548.5225,13572.9400,9835.5339,368536.5975,375689.4319,368035.0649,373062.1816,367558.6610,365863.3415,370428.8921,370715.1379,362452460.9907,362452082.3006,362462553.8912,362463307.0147,9163.6137,1997.7094,4413.5724,9682.7894,9702.5279,10362.1830,4796.8837,8478.9897,8942.4289,10551.9914,10461.5135,13356.9241,10859.4182,9576.6025,10239.2777,7965.7693,0.0000,11773.9634,7814.0126,12112.7929,5895.6960,11966.3583,10426.2785,10583.0222,10752.9850,7054.8362,10293.3578,12771.6879,373529.4112,380821.9986,373046.3570,378121.3214,372755.4149,370827.3184,375280.2419,375721.4222,362449153.9645,362448774.9146,362459246.1701,362459999.5135,8204.9151,5936.1243,10982.6506,13439.8583,10046.9609,10550.4918,8233.1810,2968.8589,10001.0204,10063.4267,11093.7944,9117.1820,11258.1445,10937.7127,2472.8734,0.0000,13254.7901,11377.1831,11076.7144,12694.2655,6096.4544,9439.3020,2039.3068,12670.0996,10459.0641,12626.9844,11954.4881,368563.3652,375511.6568,368037.3899,373085.5884,367573.3530,365818.8493,370302.7042,370684.1147,362450525.2231,362450146.6638,362460618.0691,362461371.2453,4368.8106,8826.3235,10013.4828,11341.5305,6569.2437,6968.5231,7503.5941,9525.0222,11424.5669,13704.4904,9682.6304,8839.2134,11363.1289,6593.5281,0.0000,12586.0429,9343.4452,11483.7824,7020.6417,10893.9026,9285.6852,9683.3429,11897.0410,8555.8707,10078.6656,13407.2697,372863.6903,380028.1570,372365.1048,377445.6050,372058.2186,370126.4608,374548.7501,375022.6413,362448552.5557,362448173.6247,362458644.8188,362459398.1638,11546.4100,12360.9047,9032.3333,5981.3325,9360.1257,6915.8999,11639.2840,9139.9659,12642.0017,11421.8304,11596.5823,9517.5696,5526.6286,0.0000,12718.8587,8185.7502,13000.8046,9416.0213,10621.2788,11298.0687,7665.1550,11274.2434,6951.6280,12548.7068,12490.5983,373243.8709,380402.2537,372744.3709,377798.9365,372354.5093,370538.6645,375030.9937,375413.5217,362448499.3675,362448120.4537,362458591.8872,362459345.1253,5676.0854,13680.0525,11949.7073,3977.8745,8947.3195,2083.7069,13644.8993,11620.4148,3428.8297,622.0019,13405.3898,9642.1500,0.0000,10497.1098,12784.5334,4141.9307,8337.6738,8025.0193,2619.2015,10888.4549,12125.5112,12880.1900,3374.2170,11881.1560,364791.7609,372006.7472,364297.4331,369398.1699,364066.6520,362036.4401,366410.2484,366949.4460,362455044.6975,362454666.0344,362465136.9143,362465890.3391,11615.1024,9877.0649,8854.0859,12457.2413,7092.1191,11578.0567,10021.7854,8341.5484,5072.8986,10800.0485,12695.9531,0.0000,6562.2559,9856.9533,6477.5720,5117.7769,11409.0640,7726.3184,13387.2296,8408.5448,10528.5647,2683.6701,9310.1120,365583.5614,373199.1286,365137.6857,370225.6760,364972.6042,362931.6659,367387.4178,367841.7314,362457835.2071,362457456.2255,362467927.2274,362468680.6660,6844.9187,13726.3796,11877.6592,13583.8662,179.3412,6438.2807,13628.1828,13478.7402,1406.7848,11354.8707,0.0000,7167.1886,4298.1439,12724.6260,10294.7516,11847.4303,13618.3343,9996.9310,4691.0799,4365.0823,12660.9749,5551.7154,368672.0871,376322.4472,368230.5427,373249.1948,367858.3364,366117.5386,370765.2162,370971.6831,362456533.8050,362456154.7430,362466626.4087,362467379.5775,11718.3710,11392.1247,12710.9620,6974.2671,11299.0201,13099.5866,11687.7948,6436.1318,10439.8992,0.0000,9330.4795,3363.9120,13155.4655,5810.5987,13318.8051,12745.9507,11569.1668,7281.8608,2658.9983,11321.1800,10165.4599,373219.8224,380789.6064,372769.9113,377821.3290,372478.1471,370607.7787,375157.6367,375487.7256,362451970.1762,362451590.9526,362462062.4121,362462815.7037,5685.4710,3620.9982,13718.4794,12712.3586,3385.0404,4466.3814,13804.7085,6392.0045,0.0000,12608.8694,13143.2459,6571.5974,9722.4557,6598.0443,3069.2657,8521.2061,13497.9210,12799.8344,7049.6284,13232.6225,366694.6823,373685.0731,366173.7649,371269.7422,365870.0260,363897.4499,368256.6179,368802.5126,362451792.7481,362451414.1813,362461885.1333,362462638.5068,7889.4285,11883.6068,11992.1809,6902.3140,9330.4922,12523.4899,1545.5709,0.0000,13627.3213,12581.3850,9598.3170,12223.0440,5015.8097,7219.0914,3626.5765,13595.9507,11802.5857,11198.5156,12882.4783,367813.5710,374686.5175,367278.5026,372344.8510,366851.4629,365029.2298,369454.8072,369907.9044,362450292.2943,362449913.8024,362460385.0345,362461138.2714,13533.8342,11007.0053,1440.1945,2569.3633,13487.2117,8851.0039,0.0000,10830.3407,13333.4733,3162.3085,9836.8450,6217.4491,793.9204,9619.4815,12490.6442,13350.4740,4676.6886,11632.2833,363634.0235,370768.8964,363129.6147,368224.7202,362859.2720,360868.1907,365248.6918,365775.0165,362455350.9484,362454972.3977,362465443.3104,362466196.6975,6270.5134,13576.5304,13443.6288,1410.1369,11382.9316,0.0000,7066.7832,4408.7734,12638.4487,10338.3780,11779.0543,13572.1923,9977.6722,4631.1478,4507.5849,12610.6178,5392.7234,368493.9481,376145.9919,368052.5596,373071.1077,367680.4339,365939.8331,370588.0310,370793.9083,362456685.3873,362456306.3314,362466777.9949,362467531.1633,11036.1789,11448.2930,6422.0114,12300.8212,0.0000,5121.9620,9053.4734,8878.1697,11715.1749,9278.8232,11201.6342,9982.2941,5913.5864,9598.4680,10252.0763,2116.4188,362451.6644,370080.3164,362005.8297,367035.4810,361659.2554,359876.2824,364494.5594,364738.5535,362460976.3246,362460597.5234,362471068.9867,362471822.1884,3945.4345,13679.0473,8025.1537,0.0000,11480.6521,13725.7133,3725.3178,10789.3523,5026.2314,831.3499,8623.3468,12994.7939,13632.4329,6018.1448,11875.4496,363448.3905,370504.8303,362934.4344,368025.9056,362632.0790,360670.1433,365051.2579,365572.5143,362454902.4674,362454523.9863,362464994.9281,362465748.2881,13145.0043,9966.1737,0.0000,10080.0806,12469.5033,4179.1378,7879.6053,8395.5667,3156.1601,11176.9384,11745.2016,12620.4742,2803.3846,11613.1683,364880.8350,372139.2543,364391.7625,369492.0240,364170.8581,362135.5769,366515.8805,367049.0105,362455332.3585,362454953.6599,362465424.5453,362466177.9751,12029.1491,0.0000,6181.4401,3462.9160,12528.8675,9461.4119,12374.6493,13597.8093,10915.8079,3426.2742,3973.2333,12087.1466,5118.4855,368651.8574,376375.5101,368219.1979,373241.7811,367878.5609,366108.1684,370753.8699,370966.8981,362457106.6076,362456727.4870,362467199.1171,362467952.3135,0.0000,13712.0550,11853.1015,10571.6332,11830.4731,6331.4076,8231.2322,3947.3916,13345.0925,10946.8238,11721.1460,13004.7578,369251.4849,376150.3615,368719.8805,373783.1933,368290.2812,366477.2002,370913.9734,371353.9942,362449407.7217,362449029.1561,362459500.4397,362460253.6698,0.0000,0.0000,0.0000,0.0000,0.0000,0.0000,0.0000,0.0000,0.0000,0.0000,0.0000,0.0000,0.0000,0.0000,0.0000,0.0000,0.0000,0.0000,0.0000,0.0000,0.0000,0.0000,0.0000,7119.8581,8923.0709,8139.4408,11835.1853,11271.5509,12769.2282,3158.8409,8216.0768,8005.4832,3489.9083,364508.4765,372335.1991,364087.3776,369134.5756,363849.3842,361954.2381,366546.7911,366834.7208,362460827.3811,362460448.3290,362470919.6709,362471672.9775,12974.3902,7022.1910,13402.4829,13462.5980,11891.5872,4417.8705,1439.8485,11514.6137,7603.0687,371199.3296,378919.8710,370767.0433,375804.0201,370470.4446,368637.5666,373243.9176,373508.2786,362454955.3992,362454576.1598,362465047.7093,362465800.9653,10296.6607,6475.1629,3703.1036,10251.8164,11115.9823,13259.6949,4256.6320,9611.3024,361521.1409,368813.5710,361034.9585,366119.8989,360772.2264,358801.8467,363230.6588,363703.1431,362458356.9105,362457978.3389,362468449.3091,362469202.6758,13086.3510,10161.7081,13348.9775,8017.0314,7409.4010,6982.8683,10576.1577,370569.1615,378184.5154,370124.4740,375205.3798,369937.9094,367928.1460,372402.3311,372832.8277,362454073.4194,362453694.2392,362464165.3863,362464918.8036,5724.6593,4689.7224,12731.8719,13085.8804,9705.9791,10729.3288,363004.7542,369992.4149,362482.0682,367545.1444,362072.2089,360247.8289,364698.5771,365125.6124,362455004.9668,362454626.5842,362465097.7679,362465851.0030,9081.0663,12794.7376,13397.3921,5393.4649,11900.8418,363880.9641,370966.9921,363370.7302,368464.8814,363084.7575,361105.8469,365482.9600,366010.9972,362454775.6575,362454397.1342,362464868.0591,362465621.4353,12487.4660,11150.8577,12401.6660,11145.7707,366601.3576,373565.6890,366076.7541,371121.3832,365605.2654,363864.1557,368360.1088,368726.6306,362452231.7473,362451853.2580,362462324.6609,362463077.8236,5620.7580,10070.9315,3956.9929,367074.8376,374916.1618,366656.1113,371691.4843,366386.1612,364539.7416,369164.9560,369411.0045,362459131.8425,362458752.6851,362469224.1737,362469977.4389,11976.8653,8386.8125,371953.9501,379591.9138,371511.8483,376548.4454,371192.0411,369375.0978,373972.9662,374244.0416,362453690.0337,362453310.8263,362463782.3941,362464535.6355,10090.6471,364203.0673,371658.7124,363737.5375,368831.8969,363549.5395,361507.8958,365928.1335,366420.1121,362457520.1865,362457141.3745,362467612.3005,362468365.7365,363678.8192,371421.2596,363247.1198,368277.1227,362932.6136,361128.0272,365757.8360,365992.7854,362460964.9814,362460586.0446,362471057.5238,362471810.7470,27511.5104,3192.0383,5694.9566,10622.8248,7607.9836,14744.2362,6947.7423,362746303.4117,362745938.8340,362756403.9552,362757156.9248,24588.0358,24419.3375,21415.4108,22403.2275,18316.9508,20699.6300,362735232.2278,362734869.2825,362745333.8699,362746086.7289,5580.3333,8478.3189,4949.3482,12511.2251,4411.9099,362744010.9552,362743646.5218,362754111.6022,362754864.5593,9055.7506,9782.2049,14794.4108,5743.2963,362748570.2603,362748206.0045,362758671.1323,362759424.0318,10130.4946,16636.8568,8750.1828,362741253.8199,362740889.6598,362751355.0490,362752107.8156,9055.7506,5216.4730,362740005.7944,362739641.4284,362750106.3389,362750859.3553,9455.6730,362739923.3237,362739559.3461,362750023.7723,362750776.9166,362744002.4281,362743638.2647,362754103.1901,362754856.1577,23570.0975,28493.3255,21855.7922,23682.3813,18195.7556,9063.8972,
3300.000,6817.2306,13398.9395,4930.8094,11799.3147,10424.2511,7211.1227,9012.0169,10177.0120,4872.4557,9550.8535,10678.8818,2521.3542,12245.1450,10665.9466,9033.1889,13256.7871,13024.7043,11625.1706,3657.4367,13047.8326,10204.0236,5412.7382,11721.2387,11958.3983,11652.4028,10872.6700,6963.2683,13682.7167,11332.4541,12087.1732,12997.4546,12517.7017,9159.5641,5032.3704,9028.2778,8387.0725,10418.3865,13278.8240,10972.1971,11865.3755,9375.4104,3504.1476,7731.4267,8706.7573,7863.6470,12730.3878,3470.9937,13072.8593,8186.6835,11993.6991,11133.7111,11279.5626,3711.8674,4481.4184,13514.1264,5655.6752,13348.2437,12607.9024,5917.3504,1707.6943,8745.3575,6636.5542,6494.9443,12359.5003,7999.3667,8888.2574,13144.3366,13110.3013,7139.8809,11552.4150,13631.0232,11267.8745,12954.5577,13273.9820,8322.7760,7590.6507,10458.2912,13120.9752,10140.0025,10068.6945,7487.2415,10581.8371,5212.5546,4202.3990,8134.0805,10165.8100,11883.5655,0.0000,7362.5413,12246.5938,4763.1172,10227.1561,7531.5750,7868.0791,10860.6223,9718.9834,12720.0051,6351.6087,6060.8973,360243.0744,367611.3048,360041.5997,364978.6254,359553.4379,357738.7696,361962.5578,362562.3346,362460073.8565,362459231.4659,362469396.7411,362470093.4011,13079.3605,10028.0435,13647.5855,13377.9680,4109.9015,7600.0461,4610.8631,8826.6205,12591.2475,6288.7610,5048.5150,11357.3357,5202.3920,12761.8403,10841.4637,12270.0849,6830.2193,9431.5101,10482.4318,12927.2116,5447.3058,12324.0477,11904.8453,10880.5623,12913.7609,5823.8614,11202.8287,6024.2921,13728.8656,12049.1376,13380.4094,12751.3228,3698.4954,11038.9874,7254.6545,11869.5994,9768.3074,12972.6538,7863.2893,5315.7953,9463.3545,10429.7471,11759.2648,11729.1167,13241.3651,3590.5508,9425.4318,5940.9436,13742.9654,13307.8654,12916.1531,3461.4231,2789.8185,10658.7975,7776.9794,13107.7963,12403.0874,5180.8421,7169.7332,12594.2141,11018.5902,10884.5672,12978.7114,12456.8483,3635.8726,11145.9966,12047.8543,10164.7836,10813.0691,11822.2057,8350.3639,10458.8834,9595.9758,5369.2272,8891.4120,13070.6341,13466.0039,5458.3053,4000.9954,3761.4534,13202.9965,9662.9304,2920.0331,5519.7668,13075.2084,6781.5208,0.0000,11782.5858,13650.3331,4565.2829,11344.5291,4607.0446,3941.3315,6508.2474,13160.3593,13462.3839,6662.3629,11225.1865,364361.4549,371328.8411,364118.7239,369064.1308,363565.6449,361760.4166,365898.8015,366585.4208,362453516.5119,362452674.2418,362462839.4772,362463536.1316,11332.0166,5268.7397,6325.9020,12219.2207,10071.3571,10966.7139,11628.9857,6984.6202,11005.1304,13341.2115,5145.0542,10562.5033,7842.4977,4778.4762,5537.1489,10148.2169,12019.7964,7355.9646,6236.0571,12504.4797,4916.4513,7829.5384,6265.7162,7763.0419,11801.1178,4254.1691,10235.5927,4424.0651,5835.3910,5071.7944,7783.6895,13133.8961,10546.4383,10481.5856,9163.8092,6290.0983,7611.8635,9672.2112,10911.1823,12314.6964,11455.2683,8417.0491,8956.1513,1803.2624,13715.9502,7612.3004,11205.2942,4341.1029,5052.9021,7374.3311,13677.5093,13756.9915,6212.9803,13041.6833,257.3222,3439.3619,12380.2770,13453.5096,9253.1712,10130.2141,10241.2989,3418.3619,9141.1920,12468.2497,4255.6716,5717.3555,11708.6389,6323.3416,4899.8479,8384.3989,7513.3427,7105.8051,12704.3468,12166.0982,6175.1780,2091.5703,11646.8822,11514.7547,13021.0794,5974.8940,11232.4219,13762.4985,12647.3658,6566.2385,9479.9982,0.0000,10329.7898,4687.2553,13623.7588,9685.4563,11817.9067,12864.7411,9719.8475,7931.5645,3473.5636,13076.4401,10579.1276,372368.9878,379960.9077,372193.7631,377101.7627,371662.2734,369955.8047,374298.1551,374754.1759,362452985.3007,362452142.2754,362462308.0443,362463004.6094,9781.1055,6918.0217,8584.9658,8076.9018,11661.1509,2291.1874,5574.2286,13062.3621,5855.5738,9937.6946,12003.8979,5233.4404,12067.1934,12696.2748,13467.9089,1478.3791,13717.5860,6425.9147,6369.4123,8555.9876,12282.8391,9308.4166,10088.9894,7257.2992,12926.0247,13062.5877,9813.0703,12835.1079,11240.4265,5107.5629,7443.6370,10055.8682,7593.0573,10801.9243,13079.3215,10129.8279,13583.6956,10083.3561,4138.5276,9183.4374,4376.9345,3366.7637,10113.7947,7603.3682,13812.4857,8349.4843,9502.8239,7657.5413,10566.6159,7511.1577,8603.7156,13708.8551,8956.0683,11198.3742,9964.6724,6891.2567,5861.1302,7299.5244,1885.2216,1731.7710,9322.6524,4695.7618,11999.5576,11669.5299,12930.6360,8723.3402,9204.5514,13298.8134,10535.5598,13685.1317,13726.6744,11707.3574,10135.5848,6614.4308,11136.1947,12826.4998,12269.6122,11106.5637,6858.4707,1214.1553,8257.6313,11516.5981,6294.1797,13048.6357,0.0000,6416.0917,10376.4197,9037.5542,11066.4075,8536.7301,11371.1292,11270.2683,7541.0055,10925.9401,9942.6404,2241.9246,361062.8620,368646.3428,360884.0851,365795.9743,360360.8228,358638.6577,362971.0112,363440.0251,362461529.0039,362460686.4463,362470851.9879,362471548.5633,4145.0640,13584.3528,12286.1526,13284.8387,11047.9477,5895.0011,11698.6953,12736.4726,9040.7610,13067.3737,5464.6182,9353.2469,5311.5473,11736.3580,10147.6542,8460.2354,5250.3295,13090.2220,7597.2752,5710.0008,9717.4482,3252.8417,13079.5793,8408.6978,12269.7761,1029.4062,5715.6815,2257.9091,5953.5109,13526.7495,6919.1456,12389.7648,5536.8880,10170.2066,3091.2665,10817.6544,13259.1068,9524.7836,7876.3796,8182.1495,7710.6998,4687.2021,13128.5569,9911.5514,13070.4093,1505.8328,4520.6017,3194.2284,13319.6825,13293.6208,8632.4004,10541.8112,5273.3043,7343.1157,13203.7630,11376.3178,4721.1261,8799.6189,8961.3226,6267.0043,5939.7054,12949.8878,8905.7221,5850.0587,8182.6199,9717.6079,6863.5082,11813.7652,8426.5516,9968.5340,12058.6211,9457.0111,5522.1625,3383.5146,12233.8576,13242.2713,12684.7196,5003.6893,10257.1945,13343.9841,11858.5024,5372.2341,12187.4722,0.0000,6208.7612,891.9216,12396.3713,6421.4067,13366.0032,12625.6922,12724.8481,3347.3340,2217.7641,11194.5713,8160.9104,369717.4799,377551.9363,369567.6737,374487.7257,369139.3161,367339.8465,371676.2786,372155.4295,362456919.4984,362456076.3890,362466241.9967,362466938.6481,12250.1096,10326.6305,13181.4530,8234.0715,1989.9242,13325.3086,11269.8983,7725.7264,13123.7151,1869.9312,9568.7559,8728.4467,13269.2180,7760.2314,11191.1399,1447.0622,11179.0921,5455.6072,9189.5365,7981.4504,6389.5232,11182.6598,9768.8934,13304.8999,3798.1713,9075.1009,6206.0915,2053.8166,12146.1248,9059.5211,10353.8693,8448.9338,11123.5878,6306.9526,12808.5767,12269.3195,8229.9321,9323.4089,4480.5549,4058.4921,4736.0870,12301.4803,11924.8315,11405.4612,3291.2745,1718.0009,6676.7811,12326.8764,12815.8220,10935.5759,11245.9885,6167.5934,6281.4134,11391.3487,10527.4092,5130.9293,5443.1389,5637.1858,4837.8995,3431.6576,13795.1543,8935.4877,9157.6021,9328.7453,7949.3322,9599.2491,10795.2114,11201.7260,11732.3976,13304.3744,10977.5653,1798.0055,5568.4848,13624.4124,13707.9074,13431.6726,1308.5699,7272.7364,12688.6164,13110.3562,1392.5907,12974.7145,0.0000,6069.1224,4756.1989,12522.9465,9215.2066,11965.4075,13480.9721,12208.8937,3623.0114,5373.6997,12117.0385,5397.3565,366906.7486,374735.9899,366755.4881,371659.0814,366267.4050,364548.6365,368936.9843,369346.5892,362459234.5920,362458391.6196,362468557.3439,362469253.9184,3939.6808,4550.3074,6720.7783,10972.6568,9115.2527,4885.8469,9046.7074,5206.0555,11582.6613,9549.4291,13199.1759,8920.5058,8529.5491,11960.2988,11400.0502,2643.5963,10070.5022,13462.8561,8216.7287,13764.0169,2014.5905,10845.8904,7635.8221,13402.9958,13090.0690,13782.6477,11316.5314,2492.0364,12878.7880,3500.2550,13447.3161,9424.1738,13785.5575,10059.2397,2714.3345,9791.5572,12306.0678,9512.1625,9940.8671,12073.6725,5162.4119,10576.7697,2046.6889,13241.2866,11897.7272,13809.2655,4522.5058,5373.3059,11488.0828,10284.0171,12175.8468,10506.9131,2026.1220,8325.2166,12952.7446,9250.4849,9091.9824,11190.9865,11729.4789,7185.0588,9697.3932,13051.4204,11995.3120,8132.1402,12455.9290,5820.2473,12016.5067,10321.9169,8968.9766,11458.8609,11426.9721,13039.7167,8570.9600,5862.3984,7563.5563,11714.5229,7778.2706,5036.7001,9064.8084,11549.2915,7444.3080,0.0000,12270.6002,13636.9999,7578.4034,13201.6842,644.0027,7713.5140,4830.7856,13114.3171,13356.7109,9699.7237,10229.7464,363881.0682,370874.4433,363640.6007,368563.2401,363012.9933,361315.5714,365530.3391,366117.0749,362454392.3175,362453550.0693,362463715.5244,362464412.0788,6085.6516,6252.5350,8829.4013,10920.4346,7257.4869,5849.0353,6380.7363,9933.8868,7434.7482,12663.4998,10234.6758,8687.9724,12094.4153,9176.5319,4367.2754,6907.0849,13568.8245,4767.9580,13388.7279,2779.4903,9422.8927,8950.8082,11836.4442,12668.3148,12788.4122,9451.7450,5704.4913,13642.3100,761.0675,13762.4075,8405.5642,13362.9570,11179.1011,3439.3709,10574.3802,13336.5216,7170.6183,8175.8295,9698.4537,8230.5756,10692.2369,1942.7956,11539.2347,9576.6312,13406.4135,7660.1103,8648.5682,11105.5829,12278.2601,9966.6444,7554.1482,3990.5599,10216.6730,12568.9557,7935.2731,7816.9491,8336.4701,10685.8504,9877.2192,7348.3269,12594.6907,13098.5998,4674.9263,11712.9571,3501.1559,12215.0055,10113.3255,11485.6620,13099.1459,9068.8654,11262.8686,10707.2391,8008.6471,10429.3825,9454.7796,7046.6858,8307.1019,11540.1236,9358.8555,8097.1328,0.0000,12265.9641,12315.7827,10409.5642,13787.8357,3322.1270,10504.4267,4539.6006,12211.2499,11894.2130,12013.0442,9532.7455,365352.4283,372479.3014,365126.1879,370029.2591,364462.9139,362842.1923,367136.7301,367625.8217,362454603.1668,362453760.7798,362463926.4576,362464622.9411,10271.0201,12411.5714,6177.7658,8318.7799,8680.2905,750.7229,13106.5795,7423.8123,11202.7974,5254.5890,11611.0228,9014.0902,12518.5962,6960.5616,10488.6530,11907.8292,8373.0956,13417.5273,6075.9449,8162.8206,3625.8436,13069.3311,10986.0559,12764.8093,12939.3775,6315.6499,12699.0998,6224.5951,12810.3290,6184.9005,13414.6695,6730.1736,2859.9590,12155.2288,12626.5026,11671.2643,12196.5590,11504.7020,7663.6239,7048.5819,5034.6771,13048.5267,12533.1279,13212.6398,7351.5762,7161.1659,8343.4378,10979.5139,11008.0514,10077.6988,6403.9841,10691.1116,13820.6674,11966.9886,11868.2883,11138.1108,13446.0831,5241.8546,7919.2617,10879.3084,12541.7368,8343.5075,9883.1559,4949.3204,9122.6006,6759.4380,7761.6889,11382.6997,12540.7885,11967.4290,5879.5874,2318.0220,6782.1076,12701.4484,11040.4036,7189.4570,7984.8837,12763.5670,3197.8586,0.0000,13514.8740,13046.9564,8549.2055,12445.2960,4475.1803,6650.5545,2485.2938,13820.7785,12410.4834,9858.8989,12710.7412,368074.6831,374984.3986,367826.5370,372758.1349,367211.8995,365480.7238,369653.7291,370290.3754,362450316.3921,362449474.0299,362459639.4587,362460336.0462,6626.3575,12655.3228,4742.5882,9284.2652,10688.0409,6800.3902,11445.0249,13308.8651,12889.8541,2903.1303,13826.3865,7437.7261,4363.1677,8397.9023,13152.6053,8437.7900,11503.7168,5198.4584,12639.1931,12216.2864,10953.1648,13400.9824,12285.7689,6498.2383,5776.3841,11309.1042,5676.0377,12029.1817,12423.7974,11534.6587,13283.9573,8363.3305,5610.0827,10457.2582,4791.0493,4546.7918,10562.4058,6708.4708,13500.3634,6402.3128,10629.5015,8558.3830,11877.7530,6405.0172,7754.4171,13612.2188,9613.7932,11494.7492,9794.4425,4888.6991,6261.9739,9139.5332,3234.6166,3021.9275,9495.0046,6664.4940,11295.0104,11118.0711,13457.3404,9999.9053,8323.9837,13519.9025,9134.0095,13825.4380,13315.5011,11517.4545,10951.7558,7530.4627,11814.0547,12328.5513,11160.5131,10635.0396,7873.0764,1251.3093,7317.3630,11389.1509,7386.8905,12080.7256,0.0000,8296.7188,11514.1327,8817.8236,12180.2995,6649.0111,10902.2490,9800.2863,9285.5297,11822.2532,10250.9913,4439.4760,361053.6812,368485.5268,360858.7533,365768.2551,360289.6989,358599.7447,362918.9865,363395.6556,362460324.0048,362459481.5609,362469647.1204,362470343.6664,13398.2603,10151.7651,6934.0905,12431.5933,1723.7354,9315.3756,9880.4329,13276.8671,6664.5622,11878.8080,917.7224,9729.6317,4597.3292,10400.1435,6894.5794,7888.3242,9692.9308,10010.4945,13068.6032,5488.4316,10177.7601,7753.1320,1081.6706,10919.5844,9996.0206,8816.8254,9657.6328,11032.2471,7826.6499,13060.4226,11126.7613,7803.0405,10006.7644,2497.3438,2378.7420,5351.2262,11423.1921,12236.3396,9993.7656,4972.1118,2267.0156,8184.6191,11347.1128,12056.3625,11457.5202,11347.5368,6795.6198,5926.6073,9959.7954,9963.2184,6208.0548,3883.8155,4065.9861,4665.1154,3534.5685,13504.3499,8671.1466,10234.5693,9896.9840,6841.0107,10421.0638,9756.8051,11909.3233,11949.6153,13298.9589,11441.9356,1081.1273,6755.8336,13583.0194,13191.3101,13172.7941,1351.7353,5703.8971,11851.0344,13127.4328,775.0991,12640.1161,0.0000,6700.6400,6419.4387,12131.5260,10301.0316,10659.3577,13259.3907,11300.0668,5061.0069,6818.1389,12166.9729,4541.9870,365769.8478,373517.6058,365609.5660,370508.5985,365084.6313,363399.7154,367792.0827,368191.1853,362459476.4505,362458633.5902,362468799.3387,362469495.8813,10031.3622,11578.8444,5963.0486,13457.0563,9444.5325,8122.9883,1989.5948,12579.7639,5292.7348,13323.7995,10585.3367,12722.1704,7847.1065,11793.7998,10570.9814,10511.2131,8301.6061,3219.8584,11889.7410,7739.2932,10431.7649,13656.3544,9385.4313,8970.7154,10941.3974,9034.9609,7289.8755,10605.8022,2049.8826,8543.2153,11658.6367,9279.7335,13680.6271,13588.6634,11888.3641,8586.8185,4720.4857,10053.8426,12150.9861,13125.3692,10240.2811,8835.1049,7638.1722,6153.1442,8089.7002,11152.3976,11952.7670,10310.4296,10182.1982,12044.9982,13499.9004,13459.5174,12562.4308,13286.9337,2954.6573,9935.2107,7709.7568,9439.4852,11779.8328,7591.7367,9689.2205,5218.7172,5499.9669,3634.7764,7483.0810,13507.4362,11068.3997,1024.8935,4164.8372,4228.2392,13414.9642,13008.8686,8053.3227,3873.7359,13549.1082,4810.9549,0.0000,11862.7043,11368.6290,7041.0829,8341.1108,9265.4706,3790.9145,7930.7017,12433.0827,10922.7016,6582.3111,13263.5423,369743.1027,376821.0751,369513.6049,374471.8178,369034.4504,367151.1135,371262.3686,371992.1531,362450069.2069,362449226.6262,362459391.8212,362460088.5523,11399.1170,8899.6939,10049.2218,12315.0149,13387.3836,10715.3010,5049.6381,12895.9490,10780.0267,3233.3258,11354.2680,12720.7642,10671.6158,12158.9339,4850.3314,13043.5598,10092.3906,12865.3785,13320.9358,13286.6429,10011.4452,2558.8134,10515.8865,6591.0037,11685.9878,12258.8105,12235.1086,11297.1717,7295.3411,5775.4994,9426.4360,8917.2911,8521.6191,12820.6437,2113.4979,12429.2645,6096.0264,12740.7158,11624.1161,12445.5591,1815.2883,3290.7350,13092.6191,7061.3252,13290.2253,12166.2545,3670.6999,3873.6607,10447.6593,7343.6796,7169.2208,12224.7342,9428.8848,7892.9238,12287.3959,13385.0039,8918.4909,10569.7638,13541.0491,9650.8374,12846.2182,12509.0600,8147.8155,8871.4317,10956.9399,13441.6594,9397.4647,8504.0328,6916.4789,11161.1562,5593.5699,2788.0054,8063.2621,10802.6513,10504.9954,0.0000,9272.0630,13058.6835,4891.8327,11435.7897,5278.0357,7279.7625,9030.2187,11155.8552,13280.2292,7150.0588,7466.9373,360812.5312,368021.8496,360594.2860,365527.6194,360054.5575,358278.8165,362492.0523,363095.4691,362458386.6811,362457544.3870,362467709.7007,362468406.3255,8441.5382,8436.3754,3545.0628,9602.2309,10464.0860,10880.3358,10019.5540,6672.0816,9444.9400,2648.2855,11465.3999,1269.6584,11243.9509,8264.2716,5725.5152,9707.7232,8238.5108,9749.5455,9440.0804,7956.8656,10541.2986,13066.3441,6432.5304,12335.5794,6052.8788,11141.7127,10802.8777,7512.7950,12243.2890,13416.9588,6698.2957,7970.2885,4918.1002,12168.6430,9022.5899,7440.7785,7901.3298,6239.6320,11066.7709,11854.7977,12402.2055,8513.1596,13835.4826,4996.7256,2108.3674,9212.8466,12929.7648,11422.1342,8797.7919,8826.0687,3506.1285,9910.9514,12025.3840,2898.1647,9619.4085,13430.2950,1366.7396,8405.5689,4370.1622,10210.8828,8189.3526,13140.9103,13755.5898,6428.9798,6888.9537,11887.6023,10180.9247,12785.9405,6676.9474,9299.8598,12234.6029,13153.4947,6986.7915,8486.3290,0.0000,11917.6215,8820.2337,13228.1299,12664.8188,8484.8607,12709.8031,6623.6588,10342.2145,8002.6308,13729.3109,10187.9936,369908.1960,377277.9869,369708.6693,374603.2856,369076.0087,367463.4724,371817.2879,372243.2854,362453202.6723,362452359.9282,362462525.7783,362463222.2544,13154.9869,6918.2799,10781.9561,4832.3336,11991.3707,8511.1732,12483.6728,7556.7107,10340.8688,11615.4134,8233.2473,13260.2971,6623.4129,7571.2422,3163.0706,12830.9011,10558.8505,12457.2485,12994.4275,6976.3678,12674.9220,6590.4633,12674.0969,5528.3705,13249.8363,6313.4075,3307.5419,12483.3605,12700.3984,11805.8806,12359.8287,11199.8592,8241.9747,6443.8079,5518.2579,12824.8579,12416.8174,13015.7998,7961.9287,7717.6156,7750.7203,11219.4860,10614.9943,9798.9567,7008.3903,11120.6937,13843.0575,12219.3541,12131.9081,10907.7586,13553.1636,5398.2435,7460.7315,10438.0555,12654.6688,8213.6274,9352.4972,4821.0225,8635.7858,6109.0441,7883.6317,11477.8318,12499.5839,11604.1650,5780.3908,2362.9325,7043.8926,12642.1751,11402.3865,7771.1767,8110.8018,12742.5608,2504.3896,0.0000,13622.3757,12783.1840,8952.2334,12320.3867,5084.5248,6870.8606,2376.3414,13782.3475,12084.0803,10083.5657,12953.6882,368808.1081,375727.3542,368561.1386,373492.5781,367948.3329,366216.7119,370391.4675,371026.4353,362449821.7681,362448979.3696,362459144.8126,362459841.4008,10491.5095,9836.6514,13577.3063,6087.8629,12022.9420,2115.7834,10174.2637,6217.4264,9909.3397,8425.4950,6959.2683,10406.2166,10867.3656,13532.2036,5348.8788,10134.9973,7465.8870,809.9492,11182.9441,8932.0296,9828.9237,8742.4590,11936.5451,6923.3237,13222.5475,12000.7121,6752.7722,8859.4930,3610.8315,2601.0618,6305.0328,11253.0556,12672.1485,10866.9171,4927.4650,3215.9932,7388.2094,11277.6578,11897.2365,11896.3486,10464.7124,7687.7710,7363.5888,10475.1513,9226.7712,4740.5933,3818.2112,4022.8964,6071.1760,1903.3358,13545.2105,9898.9781,10236.9837,8732.9731,8369.0752,10757.1022,10986.4316,12010.8682,12530.3320,12988.2140,10537.2337,2486.0708,7174.6080,13621.6316,13632.8781,12973.7657,2377.4420,5725.2422,11723.8420,12776.3146,1863.9819,13308.9672,0.0000,5210.1437,6163.5780,11673.5680,9423.3955,11352.7910,13084.9705,12275.9389,3740.4993,6886.4801,11485.2338,3594.0689,365073.0202,372884.9335,364919.4892,369824.6279,364431.7780,362708.4899,367090.3895,367507.5719,362460462.0214,362459619.1367,362469784.8149,362470481.3928,7888.0005,7980.0965,12690.0498,7430.5335,8916.4057,10694.5336,5682.4174,10094.8028,4431.5145,11077.2284,9511.8260,2640.8835,7386.4539,8675.0091,7914.4152,8881.1798,10230.3693,11209.3397,12630.1351,8035.5261,11685.5949,2729.9262,10972.9600,8275.5007,7466.0311,13432.8377,13248.5285,9542.4946,10490.1555,5740.6797,12490.0492,6035.2788,8413.0511,8570.1579,8211.5664,10691.2295,12272.2986,12376.1422,5591.4307,13611.4211,4806.0778,4153.6595,10341.5409,13642.4406,12236.4747,11226.6388,11250.1489,5592.6702,11690.7632,10537.2434,806.0033,7713.7600,13389.6507,4510.1369,6009.7415,4528.3183,7677.0811,5048.9318,11819.6187,13151.9956,8787.6771,6599.7358,9947.0401,8522.2210,11701.8349,8855.5592,11561.1519,12354.9509,11893.0589,9260.7831,6047.0564,0.0000,12810.8054,8852.8281,12945.4463,11845.5288,9073.8625,11505.6809,5746.5982,11312.5181,7715.5405,13126.0067,12190.4815,372315.8935,379580.6784,372105.9422,377014.3885,371495.6984,369831.2016,374127.3030,374623.6805,362450260.7573,362449417.9805,362459583.7315,362460280.2571,7942.2870,12757.0523,3547.6283,9308.1856,13685.4079,9622.6395,2838.7762,10479.9735,5229.5305,13445.4308,5706.0614,8937.1392,5474.8154,463.5064,3203.6955,10193.2464,13539.0776,7040.6895,12881.6495,5324.1918,7295.6855,5131.3969,6665.8864,12278.8086,11797.6062,8419.0995,11532.7827,11373.0441,6586.1814,13014.2860,5595.8945,13026.8777,5957.9587,8465.1298,4509.2444,13253.2975,12696.8116,4207.2970,10349.3075,5750.5633,8470.8449,13591.2056,12416.4982,8322.9159,12150.6281,12243.7730,8379.9285,10154.9183,10331.7544,7889.3880,585.5317,8910.8988,10506.9401,2454.1311,11063.4439,3509.2448,5970.3072,9664.4322,8717.8218,9497.9598,4459.1920,8956.8229,10593.5895,10640.6965,9133.4824,12947.8080,12921.7913,9570.3108,9549.8980,9072.0225,0.0000,9308.2273,4598.8381,11659.8739,5558.6908,13036.4037,10401.4791,11160.5183,7804.4443,3937.6828,10161.9703,11687.5994,372782.9645,380359.2099,372606.6381,377544.6627,372177.2913,370326.9445,374571.7961,375156.6126,362452140.6545,362451297.5945,362461463.0656,362462159.7673,13188.7440,4819.1293,13134.8598,10675.5613,11928.0740,8363.3002,10749.8086,11129.9356,10276.7516,6905.8219,1713.8073,11762.6166,7571.4057,10426.8463,13686.3903,9706.5357,10173.9561,10385.8733,9939.8664,5602.6360,11132.8920,1672.0132,7769.8768,12629.1186,10612.7454,13507.5584,13648.1161,11195.7849,9500.4771,3343.6901,9549.6958,11985.6091,12815.0088,10727.4621,9609.4174,8645.6137,5035.1204,9684.2217,10299.9606,10973.4464,10312.9335,11353.7255,12736.7545,13693.9605,13657.8121,11789.3070,13684.6968,4085.8850,8564.0725,7472.5829,10787.8538,10750.5370,6825.8804,8454.0878,4859.7253,3916.5005,5493.9033,9083.2448,13261.3755,10540.5542,2620.6919,3632.1520,5766.1044,13198.4597,13275.6707,8975.7068,5729.9486,13396.3369,3091.2371,0.0000,12717.9258,11309.3843,8490.1095,9387.2773,8952.6670,5360.2985,6712.0506,12861.3379,10642.1389,8298.7134,13733.6798,370953.3196,377994.5622,370720.0680,375670.8434,370205.3992,368363.7032,372493.7774,373196.2848,362448905.6978,362448063.1031,362458228.3920,362458925.0848,13622.8336,7457.6116,6306.7566,9665.0293,12045.5758,10285.2243,9978.6100,7464.1594,13358.0117,12868.8418,10310.9536,12858.8964,11452.9642,6122.1736,7022.9545,9392.8086,8146.3573,10385.2087,13421.1222,10044.6334,13276.6451,10262.3001,2908.8726,8338.3789,5740.4530,4636.9751,10928.9892,6672.1628,13804.5569,8646.8764,10075.4727,8620.6164,10482.7065,6683.9692,7684.7022,13813.0995,7798.3664,11911.4858,10925.7348,6865.6625,4494.3202,7154.4972,3271.3045,3146.3980,10331.7606,5157.6587,11365.2895,12361.2330,12972.8012,7813.7500,10182.1986,13479.4223,11116.7289,13562.7122,13827.3620,10863.7231,9169.8079,7696.3024,11694.0460,12275.1164,11978.1590,10266.3276,7871.3989,2340.6884,7364.5352,10654.0825,7335.4231,13043.7629,0.0000,5997.5245,10745.0799,7936.4394,10549.4583,8589.4375,10565.1380,11536.7927,7733.0317,11353.9610,8860.4770,2730.6911,360534.9737,368095.7895,360353.7641,365273.6319,359852.5570,358095.1774,362399.6334,362904.4475,362461641.6956,362460799.1685,362470964.6234,362471661.2309,11453.0157,13060.2580,10867.7154,4690.5043,10766.2547,8004.9707,12700.2148,5133.3069,6054.7332,8541.0856,3123.5901,6598.1286,12276.1599,12549.3455,8333.6348,12333.3187,7200.0354,5664.2200,7959.9112,3459.1555,10777.3748,12730.9682,9446.7372,12971.8485,12977.0033,8674.3513,12095.9773,2558.6485,12073.8016,8920.7964,10762.1849,7382.1885,12308.8294,11501.2443,2085.7390,10238.9190,7576.3339,9586.2156,12834.9585,12500.2196,10670.1747,13480.6030,13521.2107,10028.1467,12270.6505,7948.4866,7783.0858,2985.7013,9867.2675,10793.0391,2731.5703,10083.3276,300.4274,3392.9118,7826.0501,8778.4983,11608.5230,7153.6239,6266.3808,8032.7685,8776.4026,11367.5855,13781.2535,11801.8548,7856.3116,11724.0947,6425.7121,0.0000,11235.9940,7827.3571,10665.4784,6933.8302,11857.9195,8430.7560,9458.7193,10462.7909,7053.7271,9441.0382,13222.3440,373165.9796,380501.9529,372964.3665,377910.9924,372506.3498,370646.6913,374831.3085,375480.7633,362449699.9537,362448857.0511,362459022.4323,362459719.1433,10326.4571,4285.9988,9986.8987,6796.9807,7528.0877,10201.5609,9495.2752,12986.0341,4746.3473,9628.3594,7111.2092,1726.4699,11461.3808,9938.2022,9228.2024,9416.0865,10675.9513,7447.7792,12849.7724,11365.1590,8406.0893,10100.4818,3261.6837,3291.3556,4557.4115,11945.9703,11876.9041,10388.3648,4199.5510,1361.0525,7766.9136,11885.4015,12510.5009,10987.4994,11631.7270,6044.1853,5426.1962,10516.6206,10533.3591,6225.2579,4780.4667,4959.7510,4044.7466,3971.3954,13627.9568,8250.4769,9678.0195,10052.0868,6757.7665,9843.8566,9778.3831,11491.7726,11575.5397,13416.2475,11553.1562,430.4741,5961.3898,13576.5458,13268.3741,13377.1362,443.7734,6556.6811,12334.6974,13249.2614,350.9961,12521.4966,0.0000,6925.0114,5726.5212,12507.5793,10101.3105,11068.4790,13434.2787,11362.1046,4886.0267,6070.5224,12401.5521,5311.9838,366651.5414,374414.7511,366493.1179,371392.0799,365972.1209,364285.1535,368679.4716,369076.9259,362458935.5264,362458092.6182,362468258.3826,362468954.9274,9783.0532,13687.4161,8506.9299,13260.5505,1734.7349,12005.6941,9632.1212,12963.0352,13642.5236,13681.0463,9897.3657,1993.7207,12400.7017,3641.1581,13158.3756,11000.3806,13294.6039,11545.4606,4997.7462,7990.9945,11607.2487,8020.4355,8241.9997,11992.8386,4555.4617,12085.3258,3193.4747,12742.3186,11090.2822,13448.2432,3891.7495,5332.1201,12740.0066,9700.3804,12424.5182,10646.5167,650.6898,6853.3047,11785.5744,7274.8758,7088.7331,10986.1368,10147.2318,8640.1144,10657.2503,13646.4187,11194.3289,8401.3922,13334.3716,7247.4616,13085.2009,11882.6867,9752.3672,11152.5524,10379.9099,13089.8213,10050.2416,8013.9487,8421.9944,10701.7749,5530.0161,4834.9525,9753.0018,10403.1550,9535.4326,0.0000,10931.4116,13312.8219,7403.9337,13017.7826,2779.9233,8672.4374,6973.7124,12037.1763,13272.7450,9572.0624,8271.9062,361964.9254,369091.9890,361738.0524,366656.8694,361128.0709,359432.8640,363679.7464,364232.7580,362457015.5995,362456173.3332,362466338.8028,362467035.3543,11207.8337,2917.8359,10106.6798,8947.2434,7206.9319,11387.6112,6760.1063,9867.0871,8579.4087,5670.8716,11058.5552,12321.4238,7289.5853,11604.9940,8059.9223,10000.6117,12018.6993,9154.1216,11085.9936,12621.5391,4707.0684,5966.2880,3781.0849,12396.6705,10439.7153,8544.9851,6290.6121,3925.1501,10060.3641,12145.3334,12807.8911,9681.9334,13479.8875,4689.0636,1915.7443,9724.5773,12361.9131,9796.9355,7085.7054,7163.5125,1767.2543,7898.5065,13113.7081,4932.6000,9796.4361,12610.5036,2920.9928,9049.8671,6558.2811,11010.6458,9778.2239,13755.1474,13415.8060,3975.3479,6128.2172,13020.1564,11780.2876,13494.5958,4272.2034,8082.9342,12610.2455,13697.8074,4580.9537,10418.6057,0.0000,10395.9513,7578.6226,13397.1616,12102.1568,9562.1562,13473.8590,8688.6354,8544.1777,7070.5628,13721.6467,8442.3264,368755.3592,376295.8148,368573.6436,373464.8078,367970.7961,366351.7198,370739.8138,371131.1338,362455568.2045,362454725.3832,362464891.2536,362465587.7355,12146.0001,3897.7429,13799.7256,8125.9088,9570.7332,6320.0701,2761.9395,3932.0287,10430.4678,13296.1607,4567.8349,13634.2769,2866.0376,9310.7676,3892.9262,6927.0260,13062.7079,10494.8646,6094.7039,12053.8617,11521.4223,8452.7672,12166.1455,7013.8516,13648.4588,6852.8140,9437.9669,3281.7747,12548.9769,11818.4669,6180.0431,8349.7085,7999.7802,10419.0675,13684.7994,11028.7746,7103.5956,12064.3697,12149.8767,10117.6272,9684.9384,9817.5768,10099.8103,3030.4896,6677.1476,12149.0531,5018.6342,12531.3588,4479.4095,7684.2990,8406.8472,6429.4645,10275.9116,6423.4800,8545.0228,10912.3914,9625.0360,9882.6756,12746.3061,12104.8727,8231.6160,10155.1788,10149.4897,0.0000,7876.1872,5342.4773,10293.0316,2906.1358,13424.4469,9433.5873,12322.3317,7167.4383,5415.9353,8320.9655,11137.3573,371092.2758,378710.5176,370920.2592,375869.2267,370540.8402,368630.1434,372845.0778,373472.0360,362453670.6255,362452827.5931,362462992.9244,362463689.6819,11787.7785,7271.1128,6711.0529,9853.4960,8965.3073,10610.6708,10256.4238,7882.9848,9741.3049,13368.1417,5352.9275,12815.8324,6719.9550,11699.6754,11223.2406,6830.3610,11881.0524,13566.1517,6204.3509,7570.3069,5859.0643,11572.0470,9674.5421,6485.5655,8599.1966,6613.4729,11674.5462,11200.4501,11884.3188,9344.0835,13732.8659,6110.8018,3132.3136,8276.9016,12480.5904,11627.0808,8242.5359,8245.9076,4246.7070,9843.0493,11925.6900,3909.3544,10495.4407,13516.3670,117.9978,9360.8696,3861.6175,10944.3787,8869.0256,13136.9043,13861.3371,6549.5897,7874.6944,11996.8420,10035.8607,12628.9230,6879.1283,8556.0309,11667.5502,13151.9902,7080.1326,8652.3551,0.0000,11965.3858,9586.7306,12908.6159,13111.9118,7631.9849,12589.6338,6251.1760,10648.0935,8889.0764,13645.9448,9807.7701,368820.0358,376155.5750,368616.6100,373509.6359,367970.0005,366369.5467,370723.6552,371146.9419,362453781.6594,362452938.9868,362463104.8319,362463801.2966,13575.7122,9763.8877,11969.9732,4236.0346,5474.2349,3186.9455,7634.0884,13268.1715,3929.8897,13362.5151,2502.3354,11183.1841,184.5569,9993.6919,13802.6558,8459.7157,5126.5112,9878.0170,9020.5579,7536.6412,12172.5379,9904.2964,13732.9009,4691.3759,7208.1522,770.0672,12533.8464,12201.4713,8931.3035,8268.9737,7828.5388,9882.2865,13417.8896,10012.9640,3611.7697,9677.0249,9806.3452,9022.7053,6512.0990,11799.1613,10808.7931,5717.9468,5576.0409,11772.1572,7415.1034,13121.5583,7859.3540,10303.7871,10278.6632,6838.3437,7891.9158,5931.7351,11046.8147,12851.6734,11176.0781,7426.0874,10780.0902,12355.4904,10022.4402,7588.6688,12340.5058,0.0000,4847.1117,3529.7475,10755.7184,3490.6123,13693.0760,11131.6667,13457.7434,3567.0466,4576.5871,9020.6684,8436.7870,368751.2294,376565.5674,368599.3538,373536.4706,368226.5662,366346.3099,370625.5555,371179.3829,362457273.5939,362456430.5233,362466595.9417,362467292.6684,11074.3936,9059.6904,12830.2319,13405.0008,13589.2919,10045.2057,3108.4565,13075.4830,2089.1112,13598.0445,9944.9419,13587.8621,11261.0558,3662.8123,9238.8839,12470.5978,7946.6075,8492.0637,11385.0498,5884.3095,11469.9037,1533.0511,12586.9789,10827.6783,13685.7067,5227.2221,6439.1721,12118.3439,10792.8671,11717.2006,9702.7359,1261.8019,8306.9695,12396.5967,7775.7074,7608.3777,10248.9707,10679.4795,8808.9079,9497.5230,13374.5197,12126.9943,7170.7052,12809.0118,5718.7922,12764.1997,11125.6009,10278.3280,12009.9814,10193.8480,12643.2541,10064.0380,7560.2300,8985.7983,10544.9938,6290.8413,6011.5593,10319.4472,10323.5920,8681.3511,0.0000,11742.1456,13214.1342,8504.9483,13492.3264,1736.5069,9161.6442,5629.4898,12427.1151,13005.2293,10527.0644,9047.7607,363238.4532,370325.6467,363007.6149,367920.9675,362369.6525,360705.3480,364963.0378,365498.8386,362455778.1731,362454935.8903,362465101.4313,362465797.9547,6879.2193,7880.5998,5680.8092,7354.8523,10795.9038,12196.5164,11340.8464,9918.5151,10154.7868,2335.6428,9655.3384,6734.6614,8950.8533,13540.9028,12218.9167,10762.5439,11395.6869,5780.5047,12908.6348,4149.3393,10101.9158,7959.2570,8621.4942,9243.3120,12837.3327,12630.5266,3195.9603,12928.9305,4416.8004,5522.1509,11692.0222,13741.3816,11634.8732,12176.7639,12221.8024,6535.7392,11856.6969,10056.6892,2990.5418,5444.4625,12480.8450,6777.6542,3533.3804,6689.3625,5399.5770,3295.7497,10945.8233,12062.9184,9459.1564,5576.8230,9018.7911,8564.1709,11199.1880,9373.0150,12638.7514,12720.7354,11006.7657,9836.4919,5919.7117,0.0000,12355.6612,7745.5504,12711.2405,10274.1030,10480.3340,10937.6639,7191.1157,10787.9857,6499.9146,12372.7855,12712.2260,373538.8043,380856.0694,373334.8336,378254.4288,372776.2080,371051.3358,375319.8139,375856.6324,362449597.8264,362448754.9492,362458920.6121,362459617.1953,12190.8423,8616.2465,11184.7383,13545.2454,8739.7167,11144.1362,9128.6640,10992.6234,5139.3558,11966.7608,3316.0841,6255.0382,12668.0412,11431.8449,13008.4178,13302.6975,11186.8275,9004.0859,4122.9675,8201.2894,12334.0640,12737.7203,11615.4012,8984.6255,8212.9270,5776.2764,10245.6760,10357.1554,10525.1009,9200.5181,11310.3761,13236.7297,13288.3093,13233.8366,11482.5172,13752.7681,4086.8726,8001.6932,8500.2333,11526.1408,9850.0668,7606.8616,7134.9844,6143.6556,4261.6580,6178.4897,9971.6770,13072.3913,10905.1785,3396.4644,2313.3494,5973.5353,13080.7704,12724.1774,8465.8517,6433.2454,13252.9575,1704.0328,0.0000,13146.2802,11878.7935,8567.9626,10506.6818,7632.0981,5631.3182,5162.7064,13289.4608,11168.9567,8898.0071,13574.8504,370372.3734,377352.5041,370132.4129,375076.9440,369580.6909,367777.5295,371919.0912,372602.3154,362448930.1820,362448087.6626,362458253.0026,362458949.6588,5892.9018,2643.6064,5716.3161,13509.5103,7790.2612,11989.4451,6420.9243,9709.1585,4074.5602,10931.6517,12937.3363,9964.9192,8703.7184,7771.0490,7493.6733,3720.6385,13337.3151,9793.9456,12745.6441,606.9051,3820.3545,4122.9001,13473.8050,13522.9808,8462.0381,11180.1164,4402.8377,6451.5066,13049.8909,11796.6877,5470.8958,8687.8473,8851.1771,5342.5544,6144.4950,13140.6047,8177.2307,5982.9772,8980.5600,8972.2350,6697.0303,11255.9826,8543.5384,9737.7839,12461.3421,10181.7408,4957.0631,2638.9524,12436.9795,13186.3483,13003.3893,4450.5292,10185.2087,13547.1083,12282.8363,4911.1109,11966.3325,0.0000,6896.8256,1087.7115,12801.8716,7259.1034,13139.6027,12936.1833,12329.5006,3964.5426,1811.3336,11763.4822,8301.7757,370064.0350,377880.2183,369912.2839,374827.5979,369462.6055,367688.8343,372037.8954,372499.1037,362456560.9504,362455717.8449,362465883.5058,362466580.1332,3627.0306,10489.0353,13434.9676,7027.4049,12883.1124,5365.9936,7162.1911,5387.8490,6259.4768,12158.2468,11865.7282,8398.4059,11768.1789,11609.8265,6924.3760,12879.0670,5260.4194,12971.5564,6369.2979,8812.7282,4760.1351,13125.3082,12521.6511,3935.3520,10218.5707,6052.1533,8701.1278,13536.1973,12372.1919,8555.1097,12344.1790,12430.7038,8672.2578,10416.1451,10010.1038,7961.2512,278.8716,8892.9453,10636.9746,2342.8551,11030.6677,3071.6303,5697.7262,9350.3179,8568.6288,9819.4749,4858.5326,8589.8662,10305.6393,10352.7086,9467.2383,13075.8787,12761.8947,9265.3543,9871.7777,8802.8936,0.0000,9479.9789,5023.6870,11469.8034,5516.0490,12940.7226,10100.8022,11025.6001,8109.0043,4373.9276,9958.5703,11878.7779,372824.4462,380374.4747,372645.3747,377585.3135,372216.3311,370360.2359,374595.4268,375191.4102,362451861.7855,362451018.7417,362461184.1932,362461880.9003,7918.9494,13862.5743,6550.4036,12943.9644,4772.4848,9184.7099,3016.9046,9316.1956,13210.1016,10571.4755,7833.3099,9833.9009,9475.5615,5283.9631,13341.2509,8352.0845,13412.9033,3229.9428,6266.3582,2621.5927,13573.9050,13300.0616,6969.6749,10441.8910,5184.7712,7862.5304,13714.1202,11952.0390,6044.3595,10446.5171,10582.9082,7169.6086,7823.3586,12112.8795,8592.0209,3776.1347,8271.2769,10270.8576,5070.6578,11809.0702,6552.6211,8535.1494,11201.2905,9003.9127,7347.7058,3119.2766,11099.3364,12462.9524,12032.7769,6879.2300,11653.5674,13433.8141,11029.4487,7291.1192,11201.9415,0.0000,7389.4940,1584.3020,12250.6842,5522.5677,13588.1187,11899.8834,12412.9413,5132.3132,1768.9973,10797.5235,9815.9241,371277.8682,379037.8826,371120.6140,376049.0006,370703.1181,368873.7334,373173.7181,373696.7441,362454985.7604,362454142.6337,362464308.1820,362465004.8626,11025.6649,9596.4908,9364.2964,9396.1495,11809.5948,7590.8252,13415.7222,11689.3741,7116.4700,9507.0977,2885.5560,2091.0260,6184.1418,11306.4021,12776.2490,10483.4138,5245.5052,3017.3707,8022.5808,11277.2652,11981.3790,12022.0975,10935.0979,7610.4187,6964.4246,10186.7279,9494.2191,5525.5845,3497.7102,3702.7346,5691.2778,2559.0583,13683.1423,9613.3328,10572.5705,9364.6051,7823.9727,10946.8644,10574.3285,12281.5899,12568.4848,13285.6322,11084.9644,2010.9152,7323.1943,13807.6280,13600.7840,13188.0488,2075.8054,5448.8076,11778.6198,13089.5578,1448.7193,13234.0036,0.0000,5931.7739,6592.0091,11926.4656,10054.0325,11054.0391,13300.0727,11983.4345,4512.0423,7188.5026,11894.6342,3746.8359,365032.7525,372821.4830,364876.6925,369778.1511,364370.3221,362668.0259,367058.3955,367462.7846,362460348.5873,362459505.7249,362469671.4380,362470367.9964,11881.4160,5079.3675,12789.9322,11028.7194,13320.1986,10621.5089,5093.4908,8044.0730,11033.4525,9506.6447,9538.2503,12820.8786,2973.3269,11588.7467,4107.1983,13372.7379,12144.8842,13427.1142,2251.2296,3552.0936,12454.0537,8657.3103,13090.2364,11688.6986,1967.8657,6212.6095,12038.7115,8560.3965,8384.3603,12078.4174,10938.1706,7108.4800,11288.9232,13447.6694,10622.3299,9645.5857,13229.3483,7954.4593,12547.6401,11533.4278,8250.2585,10194.2424,11564.8463,13598.9368,8719.1243,6894.6424,6784.1482,11817.2177,6842.6124,3066.1556,8275.8652,11549.7988,8953.6845,0.0000,11086.7938,13707.6245,5878.4660,12500.5344,3003.4631,7064.8188,7039.3908,12500.5646,13670.3254,8274.4080,9158.2016,362059.2035,369122.2137,361825.7389,366755.4996,361238.9125,359498.8281,363701.9500,364309.0089,362456280.7625,362455438.5290,362465603.8895,362466300.4824,13456.4145,2025.9109,12097.8467,4099.0144,9088.6460,13416.2695,7083.2546,1657.2617,11347.5926,10295.1023,10471.7861,10035.0404,10117.8632,13431.1037,8161.7652,9986.6264,4190.9803,10572.2496,9895.3030,9788.8859,4869.6742,10628.3697,12220.8590,12591.4969,7726.7446,4835.2045,10375.5690,10437.9564,11637.6245,7860.9520,9721.3535,12542.4349,7278.1217,2317.5719,13331.3296,8988.8787,13752.8981,8102.7068,10786.7347,7547.2439,3141.6156,10330.3410,9094.3392,9202.4031,11630.6421,8595.4011,9990.0036,10822.8440,10160.5295,7225.6403,9974.1354,12002.3344,0.0000,4767.6540,7162.0517,7904.2089,1737.4876,12992.6954,8610.4149,13426.7671,6018.1721,7927.1158,5684.2241,8831.3750,366733.4794,374410.3944,366566.8155,371521.0825,366220.6722,364275.3402,368481.4357,369123.6342,362457453.8799,362456610.9791,362466776.1878,362467472.9738,13684.7090,8914.7897,13346.3958,11322.6876,3555.7029,10077.1986,13062.7555,7069.9740,7971.9403,10047.5087,7650.8832,11007.9520,1607.1310,11695.1024,9721.2480,13417.0592,7061.5857,8135.3803,11455.9344,11883.2809,10376.7052,8035.9346,3292.8472,9649.1263,12383.5283,7595.6886,7462.1783,8713.1132,10467.8848,9730.8039,7944.6907,12824.0665,12791.2457,5253.6842,12046.0742,4176.1268,12437.5595,10490.9052,11266.7405,12816.6525,9144.6933,11564.4819,10671.0833,8044.4558,10156.1014,9532.5103,6548.6212,7764.5605,11310.6699,9388.5902,8399.5982,0.0000,11986.6206,12464.2867,9956.7667,13692.6129,2925.5152,10262.1419,4946.1373,12115.8767,12119.1138,11658.3640,9161.2084,364654.9825,371785.7518,364429.0010,369333.7703,363772.2518,362143.1207,366433.2215,366928.5505,362455151.9888,362454309.6253,362464475.2753,362465171.7665,11218.9076,2634.7172,8690.9762,13602.2049,8423.6915,3628.8803,11308.4102,10419.0967,9246.4934,11285.9516,9240.2507,13766.1303,6884.3606,9198.5105,2479.6939,11749.5931,11115.8896,8606.2497,6659.9768,9269.5779,11273.9985,13289.3994,9298.1090,4931.1536,10785.1229,10874.2443,10677.9627,8024.3771,10305.4502,11578.1154,5633.9732,4244.9086,12795.3934,7500.3355,13448.2114,6982.4098,9872.6135,8418.9999,4822.2851,9783.4486,7557.9677,9473.8149,11842.8257,9544.1708,9381.7555,11488.5386,11370.0481,8146.1888,9493.2401,11685.6306,0.0000,5499.4075,5621.4428,9330.6922,1011.7541,13476.2205,9479.4219,13306.0103,5569.7265,6318.4269,7204.5748,9437.9570,368556.2045,376267.7160,368393.5667,373343.4341,368040.6327,366112.0669,370336.6094,370956.5425,362456399.9746,362455556.9767,362465722.2598,362466419.0317,11102.1824,5974.9653,7268.3746,13737.2760,12772.3514,11318.7140,12023.9415,7559.8819,11967.1955,3674.9800,8804.4934,9757.5778,10020.4438,10715.3584,11829.0385,11592.2958,3817.6125,12830.9573,6409.3446,6618.8330,10591.2383,13461.9200,12763.8412,12565.1684,12570.0651,7863.3829,12814.3058,8744.4879,3470.9830,6941.4434,12961.7463,6773.3130,5137.0231,5370.9861,5927.3877,2604.3750,10170.9669,12224.3557,10635.7628,7646.4953,7879.7230,6740.7624,10179.6314,10638.3894,12653.3933,11681.6196,10299.1753,11009.3346,3866.2905,0.0000,13222.2752,9596.9924,11990.6981,11163.7650,9074.3359,9904.6918,5299.0751,12127.7216,8472.6715,12029.6481,13240.2620,372899.1640,380061.0164,372678.6313,377600.9642,372091.9831,370374.1085,374612.1620,375179.2286,362448753.3740,362447910.6376,362458076.2546,362458772.8311,9997.1112,13793.1806,8569.4541,5298.8774,9838.1273,9003.0356,7389.6834,12260.7638,9855.6600,13729.6460,4538.3793,7099.7695,682.2695,12613.8211,12290.8180,8856.0259,8417.7644,7677.6984,9759.5486,13447.0350,10132.8513,3690.4711,9685.8198,9817.0794,8895.7505,6525.4359,11857.9376,10698.8897,5628.6677,5745.5869,11685.4936,7312.5141,13065.1366,7819.4326,10241.7526,10370.8655,6990.1836,7806.9694,5766.5285,11092.6662,12869.0663,11263.0136,7336.7109,10808.7240,12441.7872,10118.6907,7512.9392,12314.8892,0.0000,4958.2732,3354.5582,10869.9080,3618.8610,13706.2966,11214.4836,13426.1570,3556.8418,4405.2464,9153.5093,8476.7256,368881.2799,376697.0912,368729.5780,373665.9735,368354.6007,366477.6832,370759.4238,371310.0357,362457195.5286,362456352.4522,362466517.8800,362467214.6037,9042.8259,12436.9804,9723.3961,13590.2919,13604.1526,10779.4590,10099.7902,2837.6105,10635.2256,11225.0301,12449.5427,9540.2810,10302.1780,9273.1600,4254.2582,9248.4625,9847.8206,10992.4319,11250.0822,11393.5717,11942.4193,13746.8779,13733.2664,11649.6553,13263.1739,4873.9937,8793.1134,6180.8223,9988.5549,11228.3830,5826.3751,9422.5720,3437.3618,3777.0842,5403.6021,8283.7708,13008.6489,9783.8220,3051.6019,5150.8690,6128.6710,12876.8015,13525.4059,9636.2846,5569.7761,13105.5352,4445.8751,0.0000,12043.3777,10356.1924,8680.6822,8122.2398,10087.1150,5715.4060,7978.6991,12082.6531,9732.2824,7958.3293,13579.3842,371478.8187,378613.4326,371255.6239,376209.3946,370774.2337,368905.7107,373039.2562,373743.2875,362449236.6028,362448393.9137,362458559.1851,362459255.9034,11457.2428,13168.8138,9908.3635,10628.9866,11052.8149,7364.5451,8998.0303,2337.5310,12787.1545,11576.4970,13709.1297,6844.0396,7310.3989,9921.3981,11590.1136,10885.3520,9190.2639,4382.2491,10297.8438,13578.2423,10310.5566,10189.9581,10198.1325,12485.9197,7305.9866,7736.4868,12064.9500,12984.0621,6774.5188,11085.5416,3567.2619,10893.9439,8534.8183,9481.8420,12317.6856,11332.0561,12055.8410,8219.1729,4955.9770,8317.2722,11603.4668,9248.9203,7117.8536,9630.6367,11583.0403,5545.5270,0.0000,13204.6014,13147.7261,9154.7725,13394.0413,2302.7722,8318.9548,2206.4142,13460.5566,12601.2410,10832.7311,11440.2122,366445.3142,373405.3100,366201.8965,371120.3763,365552.7324,363878.9585,368101.0600,368675.6552,362452176.4333,362451334.1114,362461499.6469,362462196.1802,5798.5846,7721.3391,6378.4395,11427.4504,6601.1315,13345.8355,10296.2292,9888.3249,9363.3996,9023.7268,6926.9698,7351.3823,13350.4325,5448.9563,12255.9701,12017.5172,8485.0175,3049.6139,5694.8903,5451.7621,5412.0075,11355.2983,5243.9472,10651.0675,13176.9380,12027.8790,5205.4441,11791.4518,12924.7468,12472.8788,12610.8186,13595.5265,9458.0542,6779.3101,8748.1084,11578.9406,11380.2452,11969.8997,9207.4726,8741.9578,5115.1153,7221.2432,9180.5390,8294.0475,13170.6323,0.0000,4166.8481,10137.8227,6655.6765,8490.0815,9955.9613,9507.6836,12523.0786,6863.9070,10923.7254,6866.1117,3830.1031,361005.6018,368617.4139,360830.1782,365764.4656,360393.0687,358557.9514,362822.9800,363383.4348,362461522.0457,362460679.4484,362470844.7699,362471541.4489,11084.1847,9919.3854,11220.5423,8978.2349,10969.7222,12994.9744,8989.9176,10364.9747,5519.6955,9554.2327,8930.3618,10819.3185,3591.1928,11511.7310,12733.8696,11858.0539,6317.3220,4874.0755,9765.6800,9805.5427,12144.3435,7552.5959,9518.6222,13152.3648,8633.0693,680.7550,13515.9912,10190.6473,13841.2841,9224.9939,11606.8945,7275.1807,2470.0767,10501.8675,10133.3571,9331.2774,11587.9383,8119.3546,10220.6984,10007.5270,9172.6941,6926.4410,10101.3103,12340.1861,0.0000,4239.1366,8231.5335,6877.3671,3337.9994,12476.1206,8220.0867,13450.2730,6347.3594,9039.9614,4804.6158,8102.4595,365122.5729,372775.9580,364953.0240,369907.9011,364602.6332,362657.9582,366859.5243,367506.3056,362458482.7095,362457639.8923,362467805.0695,362468501.8534,1653.8064,6918.9472,10483.1303,12905.0666,8389.4656,7276.0961,4408.2066,10178.5997,10267.9551,11260.2207,12411.4251,11689.2884,8218.6239,6431.2313,8277.8939,9526.1211,7913.6493,2629.1120,2723.3584,5618.9574,4828.3941,13309.6316,8941.5859,11801.2477,10852.3782,6119.6254,11746.8016,8832.9306,13019.1932,12534.2512,13453.9249,12211.8006,3182.7256,8643.5116,13711.4107,12745.2617,13012.0008,3667.9796,4040.2506,10954.0775,13313.8558,3211.0587,12493.6404,0.0000,7949.8870,8641.3062,11821.3333,11804.1160,9174.9993,13146.2304,10446.5152,7135.5252,8879.9994,12414.4290,4402.2557,364284.7291,371920.3254,364112.0941,369006.7288,363543.4404,361895.5527,366287.1286,366680.0898,362459735.8748,362458893.1631,362469058.9263,362469755.4343,7458.8512,10062.6009,13173.7796,9119.9919,7050.1241,4616.2766,9422.8300,9947.1802,10872.8472,12677.8119,10672.4875,8780.3485,7515.1478,8587.5666,8518.5337,6624.7321,1545.2484,1734.3324,6552.8810,3355.1979,13180.4400,9924.9319,11681.2506,9652.6885,7486.4792,11912.5273,9919.6802,12986.6079,12936.2907,12993.8956,11230.4963,3413.6807,8807.9570,13594.9178,13013.6635,12639.9515,3728.7390,3492.0817,10590.9162,12814.9084,3125.2060,12989.4905,0.0000,6525.5568,8296.8798,11162.2396,10929.7738,9696.9002,12802.7582,11264.9659,6051.2791,8776.7750,11589.5470,2830.8009,363546.5099,371240.0837,363379.9329,368280.6310,362846.3630,361161.6895,365542.5385,365953.6603,362460695.7538,362459853.0239,362470018.7177,362470715.2594,13446.2903,8987.7990,10965.4210,3405.4321,3324.0196,7312.1251,13388.9382,13643.5727,7715.0079,12883.6008,1580.8574,2918.1758,11944.9180,12875.8146,8378.7539,8747.2687,8876.4163,2089.1011,7777.9275,13033.3999,5075.6539,6864.2685,11404.4274,5897.1575,6399.2642,8595.7887,8797.5328,8515.2773,13161.5161,12198.9135,4463.4073,2459.7009,12428.0269,12185.2711,13375.2786,4267.9262,10042.7450,13591.4839,13071.4209,4882.7359,10462.9565,0.0000,9454.5977,4376.6961,13567.9531,9867.3216,11663.7899,13277.8002,10166.7371,6915.3911,3578.1240,13137.2547,9267.3885,370994.8390,378653.6068,370826.3495,375729.1162,370293.2104,368602.4678,372970.2272,373396.5430,362454680.4073,362453837.3936,362464003.1926,362464699.7423,11630.3596,6807.0485,13302.6980,12635.4867,12388.4499,748.7871,1216.7972,12497.3725,6094.0050,13704.0375,12929.6782,4748.4660,4006.4339,10937.2429,9024.6671,8872.3421,13100.2660,10554.3594,6198.5573,12582.8507,12943.9683,8518.1490,11481.7242,13148.1883,10047.2794,12023.4308,11850.7533,6400.3722,7897.0725,12149.0217,13756.0638,7839.4444,7330.8675,5050.8476,12288.2735,7465.1625,767.7211,6345.4991,12001.5106,9709.9181,0.0000,9775.7579,13364.1307,3159.7471,10863.5560,5676.1664,5448.2100,8926.4104,11779.9199,13527.1358,5742.8862,8898.5642,361569.7541,368706.5771,361344.2091,366288.0811,360824.9422,359006.5980,363175.3979,363833.0162,362457083.2152,362456240.9338,362466406.1511,362467102.8156,10611.0889,10048.8722,11242.1663,9350.9602,11711.3702,10997.4534,1798.2801,11100.8000,7806.0977,9098.0048,11749.7097,12805.1837,12091.6627,13595.6855,13607.1572,9915.8129,13102.3814,7137.4264,6592.6907,5071.4444,11274.1884,9706.1950,3846.5401,8290.1544,2786.0614,1110.3055,7938.9798,10063.3861,11964.6998,8081.8506,5613.8093,6314.9728,8475.6432,11833.4527,13655.7129,11255.3427,8066.0055,12176.4219,4126.3117,0.0000,12505.6382,9300.4964,10701.5812,8951.6318,10429.8334,8109.3708,7422.1707,11812.8219,8363.6527,10090.8530,13701.9150,373143.6087,380331.4324,372926.1894,377867.7034,372413.7038,370598.9655,374779.5759,375424.7808,362448531.4633,362447688.6786,362457854.1059,362458550.7744,12513.7973,10841.2131,13759.6566,6185.9623,7142.0997,11300.7969,11449.5349,11132.3127,9067.8894,2631.2292,9391.4954,12916.8683,8627.9701,8483.4782,9831.9959,11326.4596,8588.1494,8468.6418,12910.6115,12719.4415,6398.4009,12130.8302,4354.5625,12168.3771,10167.5763,10349.6760,12449.1778,10345.6974,12245.0156,9682.5093,6836.4568,9113.1429,10688.4016,7386.2651,6795.2366,10430.2290,10555.9054,7606.2809,0.0000,12421.2927,13105.3462,9144.5727,13655.8007,1423.5667,9217.7033,4231.0918,12810.6955,12737.2204,11018.6609,9961.3183,364620.9016,371664.0683,364385.7376,369297.6993,363733.0138,362080.5385,366335.6735,366871.8358,362454365.1142,362453522.8099,362463688.3844,362464384.8973,3236.1859,4634.8320,13411.4032,13534.2252,8742.8267,11376.4892,4285.0000,6091.1233,12835.9422,11781.6424,5556.6651,8296.8983,8464.2506,4893.9141,5871.9897,13307.3937,8031.0470,6446.6003,9228.5092,8604.3325,7035.1925,11042.7081,8934.5118,9939.1116,12705.7368,10483.5128,4393.6650,2761.6183,12671.7915,13265.5787,13176.1007,3885.6674,9844.8743,13533.0282,12530.0974,4368.3080,12051.3550,0.0000,6944.2162,1691.8177,12908.5745,7713.9238,12960.4131,13121.0180,12218.9026,3966.3924,2221.8133,11983.7250,8012.8080,369801.6069,377618.7083,369649.8488,374562.1693,369189.8369,367430.4506,371789.1376,372237.5704,362456808.5907,362455965.4984,362466131.1849,362466827.7986,7330.3036,12587.6128,13096.0198,10201.6022,12085.1354,4856.9331,4663.3830,11216.8071,11372.1823,6570.7083,6074.6052,6244.9492,3155.8715,4952.6792,13711.0291,7523.9236,8843.9377,10402.6114,6596.8866,8927.9617,9687.4641,10818.0716,10908.3896,13534.4138,11774.2503,1326.7507,4770.1352,13474.9023,13249.8460,13604.6091,981.9098,7756.7225,12960.5532,13380.7965,1633.0744,12209.1306,0.0000,7504.4719,4852.5718,13017.7070,9918.2872,11539.5326,13616.5532,11311.2748,5045.1707,5020.3833,12746.3195,6530.2501,368007.9788,375774.3300,367850.2152,372749.3938,367331.1472,365642.4703,370036.1280,370434.6441,362457925.2360,362457082.2690,362467248.0543,362467944.6011,12740.3858,12358.2040,8318.1619,8556.2667,7461.1508,9691.0653,13570.0287,10435.5798,4336.3695,10119.8845,10246.4947,8908.2814,7083.6382,11639.2873,10450.3603,5006.5554,6007.2432,11665.6380,6751.4103,12938.7826,7239.8182,9760.3445,10185.8092,7016.7120,8108.1928,5528.7115,10775.4036,12619.7354,11132.5963,7640.8373,11198.6616,12529.2413,9946.9890,7858.5419,11968.9136,0.0000,5548.1033,3272.5199,10931.2515,3424.1255,13725.4795,11057.0590,13247.5117,4156.1673,4164.9611,9166.8412,8989.4098,369461.3173,377253.1062,369307.2097,374244.9128,368930.8997,367051.0169,371325.3403,371884.3198,362456532.1056,362455689.0218,362465854.4454,362466551.1723,1655.7821,12589.0713,6781.3387,13656.8902,12715.6656,4068.2111,4503.3539,11267.5112,8896.2614,8734.4584,12936.2957,10678.5119,6418.0682,12362.1935,13177.6597,9099.6901,11107.9570,13277.7507,9605.4472,12253.5285,11865.1501,6895.0466,8536.4804,12065.1037,13822.2153,8092.1768,7227.0624,5479.9527,12235.5101,7256.7577,1093.4168,6864.5866,11946.3346,9581.0190,0.0000,10141.2860,13547.1597,3863.9133,11359.7794,5048.1102,5853.1872,8517.1256,12023.9261,13665.7991,6426.1021,8949.6486,361534.0151,368647.5264,361305.9347,366246.4704,360769.1445,358970.1972,363146.4190,363792.6491,362456962.5121,362456120.2524,362466285.5011,362466982.1477,11984.1535,5895.0090,13767.0000,13170.7485,5400.5503,4675.4360,11302.7576,9936.0192,9795.4346,13423.8346,11220.5613,5117.9054,12539.9740,12580.2982,8528.0587,11801.8829,12768.6696,10088.5363,11421.9355,11284.8054,5398.8256,7551.0040,12717.8463,13798.9220,6830.2537,6521.3968,3947.7380,12826.9725,8482.2692,568.1834,5382.1894,12590.0486,9071.7634,0.0000,10209.0471,13463.2750,2546.6379,10605.0277,5908.4590,4350.5034,8708.9635,12158.8103,13562.0754,5194.4545,9757.3180,362324.0162,369416.9225,362094.1043,367042.7372,361581.7260,359745.2630,363892.0773,364575.9149,362456084.6225,362455242.3385,362465407.5173,362466104.1991,11508.8764,6431.8352,8209.3727,12453.3309,13216.4705,11369.3477,13284.7587,13324.1519,8897.6011,12447.4677,8560.8978,6010.3287,3699.3957,11178.9922,9386.6664,2124.0083,8685.7085,2380.7352,1908.0188,9019.7564,10293.7290,11068.8165,6575.2775,7065.4365,7849.2676,9663.4427,10884.9892,13615.4680,12211.8846,9086.3193,11293.9515,5576.8693,0.0000,12004.9734,7938.7861,11560.6984,8491.0276,11284.8951,9329.2099,8323.0399,10895.2464,6896.9248,10737.3147,13354.7420,373747.8679,381047.1006,373542.3081,378479.2835,373040.7242,371233.6365,375444.3306,376056.8762,362449056.0887,362448213.1995,362458378.6884,362459075.3498,13090.5893,13695.2185,9940.0170,4101.0427,7605.7831,10074.6864,10036.2564,13414.6105,9195.9545,7303.8708,13643.1614,10395.7595,3192.5801,13667.0210,11521.5179,13154.5455,10036.1408,11739.0904,5064.1676,2265.0336,11986.8995,12190.9172,7751.2337,9772.9986,5464.2635,11852.2126,9568.3987,6210.0207,4715.5939,11651.6364,11368.4288,0.0000,6487.9749,10829.3647,3559.5706,6063.5713,10611.3216,5708.1171,12267.9133,9003.6699,11375.5719,1816.4386,8734.3080,363389.6396,370823.8839,363196.4505,368156.9148,362810.8245,360869.5607,365024.4443,365719.3851,362457925.2560,362457082.6666,362467247.7554,362467944.5345,3236.9240,12305.8892,13427.4518,9223.8737,9969.5449,10081.8651,3170.5900,9021.8208,12566.0112,4249.5366,5939.2896,11753.4407,6167.8474,5142.1417,8332.9782,7732.2346,7288.3533,12812.3040,12249.5891,5971.9117,2172.1879,11778.8903,11596.1795,13104.3865,5781.2572,11089.8869,13762.1425,12753.3023,6375.6052,9586.4990,0.0000,10295.8080,4725.0517,13661.3705,9802.0276,11768.0154,12955.4370,9723.6213,7880.3613,3553.9049,13147.5445,10451.0483,372220.2689,379817.0561,372045.5133,376952.3311,371511.1158,369809.6334,374156.3387,374606.8470,362453157.4266,362452314.4049,362462480.1832,362463176.7434,10503.1730,13096.7778,10259.8445,8622.5266,8700.5181,1610.3714,8957.3389,12720.2018,3358.2938,8589.3798,12812.8833,3194.2082,7583.9799,6275.1961,9760.5605,8367.3846,13435.8990,13371.9287,5183.9448,5100.8487,12373.3405,11257.7073,13315.1759,5310.0961,9545.9373,13042.5767,13404.5725,5763.0959,9471.0470,0.0000,11004.7337,7100.4012,13635.0025,11737.7932,9998.3590,13229.8229,8281.5864,8975.2402,6277.0093,13758.0877,9745.8197,370502.5264,378007.5576,370317.4950,375212.8672,369720.6323,368086.3641,372456.3874,372869.6425,362453866.2584,362453023.3878,362463189.2464,362463885.7429,7290.7860,12098.7050,7701.7443,7522.2523,10935.7157,10521.2049,8377.5636,10339.6466,13527.9492,11470.7363,8174.8792,13130.5819,6768.7386,12870.4807,11519.1459,9663.1628,11322.4007,10556.4853,13045.8899,9778.9514,7556.6697,8309.5166,10878.2473,6033.8471,4930.9534,9686.6726,10613.1330,9053.3262,0.0000,11298.1890,13384.4692,7537.4721,13132.0335,2141.2617,8535.9622,6401.9666,12306.5045,13278.0540,9704.6190,8740.0224,362432.0510,369525.9674,362201.7900,367120.5454,361583.8849,359893.0259,364135.1390,364692.2568,362456385.5177,362455543.2571,362465708.7329,362466405.2806,8036.7609,7449.1027,7345.6858,12778.4874,7977.8117,8589.5206,13554.4112,12511.7196,5699.7027,12388.7863,13255.7016,12113.7400,12371.6437,13138.8632,7499.6990,6123.2603,10836.7458,12948.9066,9677.2358,10235.9973,6941.7039,10873.9968,6380.4840,4597.0097,7257.8021,10494.4449,12048.6271,0.0000,6577.2901,11824.7582,4007.0105,9035.0378,8662.7317,7319.4595,11576.3936,9238.4365,12385.4513,5044.6744,6428.0280,360684.4920,368097.1167,360487.9863,365432.5712,360038.0815,358179.9374,362385.1586,363012.3667,362460007.3356,362459164.8874,362469330.0957,362470026.7959,7029.4715,7164.9139,9170.6335,3514.6096,12440.8213,11853.5206,8765.0731,4902.0880,11580.3849,10111.6787,13243.8298,10543.4744,12365.5469,10955.0978,7096.9650,6654.1890,7757.5522,12251.7186,13537.2952,11449.6392,6288.6728,8220.4164,11328.4768,10660.9270,6133.7438,13563.7519,0.0000,1660.4764,5482.8134,10077.8455,5644.1905,12914.0567,11546.4151,13768.3422,1773.1270,6686.2998,8888.9212,5355.9023,365387.3569,373247.3934,365239.4286,370169.3266,364851.5229,363000.6597,367310.0115,367826.7561,362460310.4628,362459467.5055,362469632.9434,362470329.6401,217.0407,7830.1539,3890.0081,12770.5459,10731.3655,12424.3542,9405.5236,8145.8231,12693.8467,10110.9290,13474.5722,13409.2268,12578.6741,10928.5804,4921.3993,9997.0524,13391.1990,12746.3144,12088.5504,5220.3690,2059.8036,9612.5229,12396.9482,4629.2114,13082.7906,0.0000,6556.1758,9395.2605,10345.0768,11189.9833,9077.5598,12298.9059,11229.3483,6828.1412,9902.4350,11023.8825,2184.1800,362264.1217,369907.5471,362091.9280,366996.0868,361557.2724,359863.4624,364227.4206,364657.9790,362461210.5390,362460367.8955,362470533.5332,362471230.0830,7941.3711,4067.2084,12686.2054,10764.3904,12509.5380,9435.8547,8147.4722,12765.9288,10048.6344,13515.3775,13420.3434,12517.8320,10928.6042,5095.6593,10131.5296,13335.7562,12656.7087,12001.4980,5400.8367,1845.8800,9464.2186,12338.7739,4816.0550,13032.3613,0.0000,6655.3610,9549.4277,10243.2376,11262.0955,8924.3762,12216.5142,11144.3179,6995.0031,10044.1555,10971.8987,2264.1089,362147.6846,369778.2862,361974.0996,366878.5074,361437.0517,359743.8827,364105.4100,364538.4006,362461189.9213,362460347.2918,362470512.9249,362471209.4740,7762.0901,13315.6051,4818.8006,8603.5911,12221.1144,4276.9495,7948.4432,7570.5757,10167.1740,9311.6876,13727.1902,13064.6525,3789.7765,4524.2368,12979.4059,12174.9680,13684.7688,3863.2475,9048.6442,13289.5161,13653.4643,4375.8720,10592.0064,0.0000,10017.9384,6150.8351,13708.3364,11250.4858,10720.2457,13628.4682,9501.8273,7759.8231,5547.5570,13682.2258,8814.0164,369901.3972,377511.6915,369727.4084,374622.0907,369154.1561,367508.7079,371895.1749,372293.2656,362455224.5852,362454381.6611,362464547.5193,362465244.0261,13214.7185,11176.3221,10558.6163,7352.8257,9777.9259,11356.9375,11966.8236,12213.8695,13108.6943,12333.6182,9386.1545,4360.3418,8228.2191,13377.7322,13724.6618,12368.1870,4217.3793,5537.3009,11072.2787,12084.2951,3750.9822,13758.2421,0.0000,3588.1615,6727.9424,10737.0003,8653.7248,11600.6530,12520.2530,12944.0774,3209.2490,7663.5737,10422.8828,2578.6775,363931.7790,371761.2944,363779.9621,368693.2237,363324.7424,361559.9633,365919.0150,366367.8317,362461369.4997,362460526.6416,362470692.2213,362471388.8372,10972.7626,10006.2233,9469.1054,11886.2882,9911.0109,9465.4238,7882.9210,7650.5340,2832.4246,7555.7327,13811.7221,12633.0555,1973.9164,3164.3715,2082.2773,13810.2739,11859.2123,5550.3004,3145.0099,13815.2359,5570.2365,0.0000,11890.8965,12787.3201,5062.7924,9604.8873,7501.5897,1757.8944,7442.8860,13026.1476,12499.1818,5692.4702,12622.7364,367097.0415,374092.7511,366858.2043,371815.6646,366356.1136,364487.1669,368589.6677,369325.6314,362451467.8052,362450625.3931,362460790.5502,362461487.2658,7773.4373,13284.9486,3993.7426,6170.3498,4687.7466,8018.3778,5655.2367,12145.5843,13201.3224,8102.5848,6151.9931,10426.8980,9056.6961,12028.4013,8178.2726,11171.6218,12496.2463,12197.9019,8596.2127,6715.1114,0.0000,12469.6986,8435.1037,13094.9849,11801.5175,9205.2639,11853.3235,6169.5494,10852.3811,7319.9391,13262.9303,11734.2087,372052.0788,379363.3405,371846.9561,376752.4964,371237.8797,369581.1842,373892.8669,374371.4917,362450895.8797,362450053.0814,362460218.8589,362460915.3771,9120.0248,10524.1383,2072.2851,10890.1293,2957.3970,5483.7048,9422.0173,8769.5817,9858.4314,4825.2591,8572.3633,10224.0293,10403.7599,9514.4231,13147.2795,12817.8806,9346.9373,9928.4018,8649.8736,0.0000,9688.0443,5139.1997,11573.3122,5775.5419,12893.2482,10145.3399,10890.9450,8290.3123,4421.2991,10105.6130,12004.3898,372991.3624,380529.8095,372811.0845,377750.4089,372376.9557,370525.5259,374761.1470,375355.8393,362451641.9292,362450798.8878,362460964.3481,362461661.0510,13460.9092,10605.4893,13768.4586,9653.4761,11883.6182,7262.4198,2539.9938,10453.6399,10448.4395,9423.6512,11548.9523,7985.9610,10199.9452,9564.3430,8750.0594,6909.8609,10039.7644,12429.4218,0.0000,4046.3388,8577.5288,6501.2496,3980.5607,12182.1703,8122.8166,13374.9851,6440.7799,9394.3849,4589.0793,7713.8226,364491.5898,372134.4525,364320.7468,369274.8571,363964.6471,362025.5031,366228.4785,366872.7839,362458885.7991,362458043.0166,362468208.1919,362468904.9700,9405.5321,3848.3214,10968.8436,8908.4789,13093.7153,13811.7695,6512.4357,7911.8592,11974.2103,10008.5443,12576.4643,6847.0939,8446.8296,11581.6149,13107.6051,7038.1968,8660.1020,0.0000,11905.2129,9596.3262,12834.6926,13089.5741,7547.9159,12541.0209,6231.2531,10611.8753,8912.7829,13586.0331,9719.2583,368704.0767,376039.4845,368500.6105,373393.7636,367854.3680,366253.3519,370607.0882,371030.8685,362453868.1461,362453025.4782,362463191.3200,362463887.7853,9555.7615,2909.7903,3926.8418,9917.4542,10132.9777,9943.7774,4803.1600,8483.2710,9496.9557,10680.0602,9678.7837,13328.7778,12971.3319,9909.2758,10139.7157,7415.2087,0.0000,10984.8465,6095.2789,12138.8964,7604.2157,12228.2381,10392.4400,9635.2580,9462.6500,5010.7922,11055.4789,12624.2365,373778.6524,381225.2319,373588.6768,378522.1208,373110.7308,371301.0282,375543.2021,376123.4182,362450325.1995,362449482.2010,362459647.7321,362460344.3959,10269.2098,7488.9956,11343.8609,13442.7103,9643.2903,9940.7749,9735.8794,6968.2241,10583.3435,9919.5774,9694.7711,9918.5442,11455.9480,10054.8553,5799.5276,0.0000,13285.2444,11589.3229,11482.5000,13455.3545,5243.2659,10505.9659,2552.7004,12667.8930,10809.9858,12599.0347,11484.4861,368801.7489,375887.2752,368571.9946,373477.7124,367908.8858,366280.3325,370559.8334,371066.2203,362451544.2277,362450701.7303,362460867.4382,362461563.9295,3653.3509,7662.7719,8541.2873,11657.5543,7238.6401,6190.1096,8086.0195,8656.2790,11409.5824,13771.8858,11731.3208,7685.0677,11757.0331,6582.6229,0.0000,11096.4128,7808.2275,10525.6927,6693.0731,11927.6946,8312.1083,9620.5150,10376.9009,7080.4775,9241.8214,13169.4335,373034.2624,380377.3406,372833.3977,377781.2314,372381.4748,370514.8581,374696.5310,375350.3309,362449847.8510,362449004.9472,362459170.3141,362459867.0316,8688.3639,10815.0710,11625.0110,7848.1996,6307.9459,6390.8649,9062.6456,11526.5213,13490.2865,11495.2849,8820.0548,11889.2902,3807.1630,0.0000,12815.3858,9345.0276,11202.3158,9664.6855,10113.7696,8717.5913,6799.9063,11958.8833,8313.6339,10784.0291,13684.0845,373312.2114,380489.2949,373093.5946,378029.4799,372558.4642,370772.7500,374969.9010,375592.4458,362448380.8542,362447538.0762,362457703.5634,362458400.2045,5041.7326,13675.6275,12397.7550,3034.9143,5839.7926,1698.1100,13586.0994,11856.3648,5925.2603,365.8683,13561.7790,7692.7169,0.0000,10329.4147,11980.4522,3948.7875,7590.9459,9307.6108,1497.4784,9683.4326,11820.8020,11947.7528,3310.7898,11949.7758,366525.1729,373667.4165,366301.8694,371267.0738,365863.0462,363936.5965,368034.6155,368786.0106,362453032.6273,362452190.1219,362462355.1981,362463051.9668,11920.0832,11111.2724,7409.8428,10013.0624,6046.1975,11695.3048,10776.0286,7912.9846,4682.6503,11602.9103,11126.8419,0.0000,6397.6384,9643.3296,5235.4155,4066.1323,11711.1043,6128.9152,12607.7261,8406.1112,10173.4217,2692.4895,9533.7983,365370.3282,372861.5949,365183.7495,370146.6137,364821.8903,362860.0900,367013.8825,367713.7181,362456848.6292,362456005.9143,362466171.0097,362466867.8098,6024.1388,13763.8641,13357.6604,13610.2192,556.6230,6677.8386,12532.4063,13516.8643,641.0287,12553.7744,0.0000,7350.8044,5957.6281,12782.0988,10464.4465,11075.1451,13663.4711,11305.7997,5299.8591,6226.7334,12726.4534,5600.2849,366778.5940,374535.5583,366619.5117,371516.3249,366089.5973,364413.7093,368813.7912,369203.1148,362458816.8904,362457973.9837,362468139.7710,362468836.3054,11732.6768,12197.1282,12915.8998,5660.5756,11262.2921,13844.1185,12289.1533,6238.5001,10448.0218,0.0000,9014.4412,2691.3498,13304.5652,8202.3434,12712.1261,12773.6892,11044.2197,6418.1004,1424.9575,12403.0027,10023.8761,371991.6806,379686.1446,371827.3694,376741.3792,371342.5265,369592.6295,373929.7327,374399.2906,362454065.7559,362453222.6630,362463388.3677,362464084.9736,3726.6338,3366.2669,13699.2474,12753.0115,7263.0522,3328.6280,13788.5436,5051.7845,0.0000,11933.0599,11962.0212,6332.5253,8753.1840,8781.1637,2921.7165,7843.8921,12730.7062,11577.8711,6154.0057,13162.9841,368868.9992,375911.7616,368635.5948,373594.8191,368151.5441,366267.6743,370370.7353,371109.0377,362450449.6580,362449607.1379,362459772.3069,362460469.0378,5014.6211,13436.3148,11847.1645,6730.5057,6113.1796,13503.2137,3101.1117,0.0000,13181.4446,12984.6626,7399.3937,11325.0956,5986.6047,4790.0044,4646.8897,13748.7043,12424.3444,8402.1973,13115.4771,368302.1033,375217.0310,368054.7665,372998.8068,367485.5461,365692.9219,369826.9101,370515.7857,362450022.7051,362449180.3178,362459345.6255,362460042.2706,13589.2647,11128.6032,4476.8191,1863.3682,13518.7487,7380.0350,0.0000,10695.7809,12648.2554,3156.4119,8801.4713,7962.2451,457.5003,8811.1045,12280.1713,12587.9285,3818.1269,11660.4224,365545.3789,372622.1498,365314.8105,370275.7591,364844.3282,362947.9038,367051.0332,367791.4882,362453303.9975,362452461.5842,362462626.6862,362463323.4261,6997.9423,12663.2300,13419.9536,655.7559,12600.8305,0.0000,7084.4781,5460.1600,12784.3750,10091.6045,11375.8700,13634.1478,11524.2927,4861.7588,5787.6415,12609.8486,5696.1059,367037.3553,374815.0579,366880.5658,371779.1401,366362.0387,364674.7397,369072.0012,369466.4217,362458769.5481,362457926.6136,362468092.3885,362468788.9337,8090.4351,11698.6798,6464.1198,12596.1707,0.0000,7432.7281,10787.2831,9238.6842,11726.7165,7683.4940,11384.7261,10509.6298,8317.1377,11199.5818,10378.6256,3281.8994,361228.1837,368748.6451,361042.6995,365951.0282,360491.4736,358795.0621,363129.9825,363591.4755,362460932.1181,362460089.6033,362470255.1802,362470951.7320,5905.7296,12408.3091,9234.5134,0.0000,10219.1132,13532.9061,2990.4627,10899.0563,5577.5882,4868.6597,8622.0236,12153.0438,13636.6725,5631.0540,9512.7315,362025.9867,369121.7083,361796.2473,366742.2248,361274.8808,359451.2628,363607.1962,364279.1461,362456370.6169,362455528.3453,362465693.5464,362466390.2161,13388.1825,7920.7936,0.0000,10019.8779,11799.3130,3787.1706,7315.4404,9402.0429,1732.8893,9856.0911,11558.3343,11804.8448,2967.4658,11716.4892,366376.5135,373542.5561,366155.6932,371120.8459,365722.3821,363793.1206,367894.7112,368642.9282,362453344.9376,362452502.4205,362462667.4962,362463364.2673,12809.8490,0.0000,6812.1056,5890.1948,12572.2376,10187.4770,11227.0149,13585.4647,11628.4554,4812.3028,6298.0400,12467.2651,5116.9767,366381.6928,374161.4421,366224.9659,371123.5895,365706.9418,364019.2200,368416.7859,368810.9391,362459285.6002,362458442.6913,362468608.4546,362469305.0000,0.0000,13581.7027,11761.1428,9698.0854,11325.5328,7303.4380,7082.8809,3976.9559,13408.6740,10922.0418,10170.0710,13613.5915,370919.4535,377898.5288,370679.3598,375615.2096,370096.5812,368336.0717,372505.2063,373151.7402,362448602.6539,362447760.1218,362457925.5588,362458622.1750,0.0000,0.0000,0.0000,0.0000,0.0000,0.0000,0.0000,0.0000,0.0000,0.0000,0.0000,0.0000,0.0000,0.0000,0.0000,0.0000,0.0000,0.0000,0.0000,0.0000,0.0000,0.0000,0.0000,6926.5057,8959.6468,5979.1861,12298.9052,10850.4657,13638.9752,3256.8430,8025.5165,7940.4863,4634.0729,363973.0513,371782.5882,363819.4439,368752.7432,363430.2317,361570.4576,365862.9856,366399.0247,362460919.0572,362460076.1928,362470241.5737,362470938.2775,12582.5766,6458.4093,13404.9201,12557.9078,12472.0455,4199.5733,1392.9922,11351.0630,8861.5562,370520.6760,378326.1705,370367.9750,375288.7905,369935.0669,368136.0809,372466.2240,372951.9610,362456049.5532,362455206.4313,362465372.0443,362466068.6958,8712.9190,8033.5527,3582.2042,10168.1366,11170.9335,12826.7609,2735.0483,9652.3532,362861.0069,370061.7836,362642.8329,367600.3888,362188.9656,360294.0127,364426.7512,365136.1973,362456443.9824,362455601.5890,362465766.6912,362466463.4272,13269.0774,8726.3306,13121.1824,6411.0222,7036.5224,6456.3533,9853.2271,368455.7428,376112.6088,368287.3491,373241.6366,367936.6282,365993.8768,370196.8510,370841.9345,362455963.9424,362455120.9853,362465286.2202,362465983.0054,8090.2236,4432.5302,12988.8959,13086.6421,10059.0562,10160.4304,364233.1514,371239.2164,363994.0692,368913.6850,363359.0045,361674.5252,365900.5287,366473.1217,362454260.9611,362453418.6923,362463584.1835,362464280.7260,8701.3976,12339.6374,12459.3026,4032.0315,11887.0581,365995.9495,373066.9587,365764.8880,370726.1473,365294.2918,363396.9748,367498.1237,368240.8108,362452902.0008,362452059.5733,362462224.6788,362462921.4199,13473.3589,11725.4263,11409.6075,12314.3219,368641.4949,375611.0245,368399.6054,373317.8825,367752.5021,366078.3061,370301.9143,370875.1436,362450540.6407,362449698.2241,362459863.7985,362460560.3328,5431.1876,10115.8641,5564.4480,366455.3257,374337.6353,366309.8957,371231.8196,365899.6415,364084.3629,368421.7457,368902.5924,362459785.9835,362458942.9728,362469108.5082,362469805.1724,11698.6041,9619.9013,371482.4600,379224.1946,371323.1521,376242.5348,370869.0772,369086.3537,373412.7092,373899.5497,362454787.8236,362453944.7109,362464110.3538,362464806.9905,9943.8037,364281.8238,371602.3873,364076.8532,369040.7451,363676.0015,361732.8620,365860.6750,366584.1671,362456259.3186,362455416.7734,362465581.8367,362466278.6186,361968.5120,369686.9062,361804.3546,366717.7975,361320.7612,359571.7687,363916.6851,364377.4814,362461933.0117,362461090.3165,362471255.8608,362471952.4612,27328.6129,2762.9556,5654.8671,10405.1484,7194.9745,14556.7470,6728.6364,362746155.9202,362745327.5218,362755487.0495,362756183.5587,24715.2211,24369.1472,21570.7377,22416.1801,18442.0445,20680.5568,362735202.5758,362734375.7975,362744534.8248,362745231.2443,5344.4365,8573.4499,4937.9487,12591.2912,4373.5612,362744326.4268,362743498.1625,362753657.6542,362754354.1536,9148.3559,9469.9620,14647.9697,5340.5545,362748627.8465,362747799.7629,362757959.2920,362758655.7407,9978.7455,16773.6938,8360.7141,362741407.9967,362740579.9917,362750739.8089,362751436.1169,9148.3559,5257.1752,362740204.0598,362739375.8679,362749535.2009,362750231.7558,9908.9243,362739868.7630,362739040.9564,362749199.7965,362749896.4933,362744105.9280,362743277.9405,362753437.3078,362754133.8088,23516.6344,28341.1124,21776.7191,23645.6887,17715.8984,9116.5973,
3600.000,6757.8680,13401.1898,8475.2240,11793.9305,10710.3562,8052.6518,10938.7077,8924.9674,6436.2729,9926.7906,10691.7631,4944.0925,13066.1389,10692.1180,9313.8858,13602.5038,12514.6680,11226.8962,5865.9325,12835.6446,10201.0661,6744.2803,13195.6709,10313.1395,13174.3693,10159.8659,8740.3989,13482.1365,11314.6484,12048.9938,11937.3406,11948.0436,9152.6027,6480.9928,7382.3217,10451.5323,8700.4637,13269.3262,9919.1616,11783.1036,10214.7337,4582.6252,6325.7864,9144.1367,7845.8099,13116.6366,4016.5652,12296.3523,9302.9989,12101.0673,11150.0656,10803.5000,3904.9321,4593.4042,12845.1184,2687.1576,13345.5904,13419.1984,8120.1347,2198.3701,9179.3958,7036.5804,6858.1764,13049.7161,8066.3625,8121.2976,13218.2312,12878.5483,5212.6524,12576.6166,13599.2393,11958.2501,12201.9213,11741.0497,8011.0280,5879.7833,10612.3363,13127.0133,10101.5621,8526.6143,7451.3856,10884.7414,5691.7192,3201.2348,7662.7915,10151.0053,11509.7994,0.0000,7208.4068,11831.8471,4678.5370,8192.9605,9137.3641,7902.8699,11218.5988,9717.7584,12312.0464,4721.6544,6021.7781,360998.3912,368283.9949,361070.5541,365875.4995,360402.8813,358651.1413,362559.6340,363492.3379,362458671.2516,362457371.4070,362467221.2218,362467876.5744,13169.8850,11792.7910,13655.8692,13536.6298,4576.0346,9123.4896,2666.2647,9115.4353,13094.6078,5748.8396,7198.7093,12504.0628,6406.1171,12771.7756,10577.4647,12134.2760,6703.6872,10171.5005,10450.4665,12961.0590,5945.3128,13132.2529,10848.8216,11513.8314,12715.2700,7034.6552,10698.6584,6020.6290,13078.6761,11357.3578,11927.4033,12820.1111,7165.4916,9140.5001,8915.7889,10085.5969,10041.4562,11712.0503,7825.4678,7805.6047,10134.4352,10559.5585,12648.8241,11830.5220,13267.4229,5661.9927,8816.6908,6355.0420,13247.2958,13363.2474,12875.0929,7088.5797,2416.7982,10133.2138,6629.6736,13277.9618,13060.3437,7867.4458,8109.5374,12966.7206,11044.1220,10908.5661,13573.1851,12435.9975,1576.0278,11720.6726,12037.9846,9825.8935,12284.9956,11792.6995,10107.1297,10157.6870,7319.4931,3507.9394,6685.1113,13443.0293,13471.9424,5226.9257,2448.9512,2390.3344,13573.0190,9689.2349,6304.7393,3318.6770,13230.1542,6299.5835,0.0000,11108.2236,12842.5063,3463.3567,10267.1569,7274.4235,3285.1879,6363.6188,12603.8190,12681.8760,4464.2268,11262.7961,366352.4472,373330.7277,366397.7474,371204.0303,365671.1892,363938.3219,367788.0839,368775.5817,362451936.2355,362450636.3990,362460486.2423,362461141.5809,8677.3776,4944.8308,6326.5369,11944.3859,8354.4321,12226.4437,10979.1173,6631.1157,10998.9509,12101.4425,2843.0426,10099.3619,7474.8006,5554.9773,6329.4020,10589.9713,10866.5281,7580.0663,6251.8452,12029.0550,1252.5094,9719.5159,4346.4727,8203.7537,10776.8085,6021.3253,10117.2241,5954.3979,7778.1611,7585.8727,7791.8448,11740.8588,11936.9096,8726.0067,10999.7846,6130.9964,9356.9820,9721.8711,9613.3900,11418.9323,11502.1142,7825.2485,8992.1509,2468.3696,12934.0062,9000.3599,10763.8544,5567.5766,5027.8124,7514.8014,12616.1783,13730.1484,7764.3236,13547.1707,381.2425,544.2567,10698.0902,12739.9634,8253.4703,9925.2967,10070.8067,1485.9071,9269.0838,12710.1012,3681.4848,5927.2784,12061.1951,3930.3757,4912.2922,6918.8373,8532.7540,10028.2948,12922.1913,13125.2866,6013.3168,1914.1377,11661.8974,12684.5934,13040.2874,5730.0738,11084.3932,13026.7220,12953.1678,6600.1304,10257.6204,0.0000,10776.2524,6636.0984,13667.5506,11098.6154,10323.5849,12847.4923,9929.4412,8570.8564,5905.4082,13639.8963,10624.3512,370637.9184,378329.4873,370748.3773,375515.2723,370019.9547,368434.6040,372548.9614,373234.3611,362455273.0318,362453972.5265,362463822.9663,362464478.1554,7915.9258,6585.7786,9812.4752,7864.2290,12251.4758,4174.2236,4637.4933,13571.8027,6253.4901,7738.6760,10694.4147,2805.1932,11669.1288,11652.4239,13766.8076,3098.8396,13103.2838,3289.0203,7964.8690,7869.7777,12102.0400,8895.4487,9261.0674,7995.4284,12421.5099,12565.0563,10140.3159,12271.1109,11910.8044,2995.9073,6644.9410,11609.7018,7463.7857,11739.6151,11125.5697,10878.4311,13666.5724,8545.5606,4808.3407,9123.8953,2112.4312,1547.0218,9392.7594,7884.9607,13601.1944,9166.5510,9764.9079,4571.4211,9557.7026,6631.6513,11007.9646,13223.8375,10132.7934,8596.5241,8589.3936,6578.6759,6634.3168,6308.3129,1724.9402,1928.7035,7837.2991,6006.0971,12255.1207,8874.4761,11837.4146,9045.9353,6843.6434,11912.2349,8194.9856,13258.0462,13726.4296,13166.7735,11968.4644,4584.8007,8820.9573,13681.9194,12942.8122,12729.2567,5614.8498,3542.3728,7516.5347,12965.6586,3763.5712,13279.6395,0.0000,8995.9481,10520.5812,11544.0984,11201.1795,7997.4027,13022.0553,11615.2816,8970.2868,10819.8807,11670.6114,4540.4783,362172.6280,369753.0658,362271.1429,367037.8103,361514.5309,359942.3986,364042.2166,364738.8747,362460799.5263,362459499.4519,362469349.7460,362470004.9258,2047.2685,13481.3594,11244.7209,13639.8855,10951.9027,3684.2855,12175.0626,12031.0352,7003.1564,12789.0354,5494.3096,9255.2415,5387.7338,11740.2398,9725.8356,8486.5287,4977.2380,12973.0085,5406.2454,7280.5428,8665.4487,3901.7858,12598.6359,8594.8461,12526.8340,2990.0449,6589.4585,5817.4413,5537.2684,12390.7372,9266.8051,11338.4154,8211.0404,10047.0345,5926.8435,10909.0182,12172.1925,9197.5280,7963.9405,6171.3227,7353.1370,3389.2386,12766.9932,10200.7505,12893.7046,2423.8628,4129.0974,3379.0651,12135.0176,13441.2386,8928.1559,11591.0606,4590.2548,5391.0965,12069.4769,11125.3518,4087.2726,8767.7926,8920.1697,3848.2671,5409.1171,13705.5242,8104.4431,5820.2157,8835.9984,7473.4533,6970.7193,10393.1124,8591.4047,11457.4049,12965.4279,11292.6051,3714.7302,3283.3451,12437.9852,13452.4438,13204.4490,2630.8558,10235.3400,12462.7811,12913.1526,4536.0334,12282.8794,0.0000,7003.6017,3668.1185,12878.1646,8003.7311,12352.0888,12935.1847,12683.2486,4221.0096,4020.8443,12501.3311,7865.4512,367762.6436,375650.9052,367890.8560,372670.0508,367256.6231,365584.0257,369683.4114,370404.0486,362458977.5081,362457676.9660,362467527.2324,362468182.5046,13276.1507,11318.2855,13846.0253,9853.2623,2018.5317,12910.0820,11047.2979,7793.1387,13106.9164,3936.1871,10583.2934,6965.3810,12610.1977,8282.0626,9927.2624,3859.9676,12390.0575,6449.5920,7889.5598,9508.0657,3814.3341,12286.0476,10107.2385,13221.8000,4506.5726,7876.6489,7097.7593,3861.0371,11614.4432,9059.6391,11281.7764,8286.0753,11125.0692,6182.4781,11951.9674,12168.0265,7600.2390,6963.7339,4658.0084,5767.5644,5247.2119,11895.3390,11397.0691,12800.6248,4055.3032,3545.6142,3829.5592,11063.6522,12988.0604,10335.3750,10759.9769,6000.9394,6674.7222,11511.0118,9812.6339,2263.1243,7292.9173,7449.2204,5073.8663,3608.8941,13800.3180,9037.6580,7487.5324,7774.8722,7940.3332,8673.3011,10739.7458,9866.0718,12440.5487,13159.0715,10998.5186,2477.2176,4991.9040,13048.4903,13684.4153,13284.7427,1448.0757,8886.7131,11454.9596,13050.5287,3138.1624,13107.6773,0.0000,6070.3490,4971.1017,12493.4840,7845.7875,12122.5286,13115.1948,13214.5550,3802.1618,5626.2922,12109.8579,6108.2918,365715.7274,373606.8263,365843.7792,370622.9101,365209.4584,363537.0611,367637.6363,368356.9008,362460556.9549,362459256.4961,362469106.7306,362469762.0026,5391.6064,4101.3729,6675.7518,12316.9012,8124.7186,5282.6479,10356.5418,3622.8274,11513.6592,9784.8097,13204.0280,8966.5124,8672.0906,11796.5191,11469.5851,2644.3457,11508.0354,13119.4691,9183.9686,13751.0855,2758.8830,10939.6244,6049.7769,13766.0847,13002.5401,13439.3355,11688.9865,4156.9675,12010.1996,5056.7489,12683.7917,8551.4137,13534.9060,9777.1836,3784.2012,9864.6250,12322.6345,11197.6617,10429.3070,12864.3773,4751.3473,10523.3031,2078.8339,13742.7446,11914.2226,13826.7045,5915.9043,5547.3236,11458.6714,9221.6338,12123.6008,11669.2462,4053.4864,8239.2302,13064.5543,9379.6544,9260.0669,12377.0036,12638.6479,4422.7916,9601.0557,12947.1937,11674.8894,9792.1210,12043.7148,6860.0210,12036.6393,9184.6987,7607.8428,10197.0504,12372.9999,12785.1631,8204.1054,5990.3308,6653.9032,12822.6965,8011.0511,5772.4563,7484.7109,12025.0890,7411.5402,0.0000,12698.1823,13801.6018,7241.9550,12717.2951,3045.5942,7374.9468,4780.1195,13643.8046,13513.4118,8194.9886,11029.5587,365847.5622,372801.7034,365890.0356,370674.7220,365070.1393,363457.6760,367385.3714,368265.6672,362452441.9114,362451142.1312,362460992.2130,362461647.4363,7894.0621,6670.1251,10221.5113,10045.9292,7198.2365,5962.6747,4078.2655,9406.7956,7420.3991,12064.7295,10448.0244,8553.6374,11270.1193,8772.0904,5615.2248,7570.4459,13557.2228,4780.5691,13029.8337,3354.1485,9400.6108,7147.0585,12261.3455,12572.4197,12820.7419,9754.8288,5769.9616,13700.0724,733.7356,13782.3176,5835.8044,13590.8257,10610.6679,1715.6614,10450.5982,13331.9816,9094.0804,9004.6473,10106.1363,8058.3946,10828.7504,3426.2945,12041.0747,8844.0119,12857.5398,8221.7929,9997.6442,11016.7652,12219.5500,8604.8750,7923.6064,3946.9103,10229.5479,11916.5790,8426.5269,8428.1951,8874.5081,11963.7038,8613.1367,5349.4429,11638.8008,13093.9320,5182.8596,10150.5718,1827.5737,12048.8155,10208.8860,11068.2780,13000.2771,9835.2630,9745.5741,10603.1038,9676.5714,10475.5587,10415.0425,8121.2646,8718.5118,11020.8374,9589.4001,8643.3543,0.0000,13289.0282,12607.0912,11186.0408,13788.4979,2745.4602,10869.8154,5322.5963,13050.0997,12114.9645,11830.0859,10955.4154,367520.5958,374690.0259,367582.5880,372345.8031,366723.5019,365207.5959,369251.0079,369991.5658,362453279.0707,362451979.0832,362461829.4604,362462484.5885,9834.9581,13460.3154,4549.5637,8296.5498,11378.1893,4397.5727,13210.7004,8772.5073,11746.2334,5552.0326,11208.2878,9508.7133,13112.4325,6354.2235,12202.5450,11339.3295,10017.3140,13307.4296,6494.9757,9223.5796,3610.4431,13021.2653,11152.2989,11837.6939,13342.3033,7730.9885,10496.4123,7871.9266,11084.5142,8081.9603,12385.4536,6675.2245,6596.7170,11578.6570,12064.8017,13102.8932,12532.8736,12608.7042,7185.7229,7686.8404,5319.4320,13167.0156,13288.6441,13268.9713,8526.6576,4996.7033,9074.8487,8876.5358,12400.3220,12051.8885,7771.8058,9921.5722,13707.6223,11849.0283,11746.9370,12892.3082,13419.3356,1172.2284,10285.2983,11434.0131,11522.7082,11266.4365,10642.1745,8674.1655,9581.5162,5959.7973,4362.3547,8478.6870,13629.6442,12816.2574,4525.5640,2297.4593,3620.3230,13745.3520,10712.3980,7992.9051,4393.5903,13505.1324,4280.1314,0.0000,12412.6814,12874.2455,5871.9036,11409.6219,6535.4409,4152.7230,3988.1114,13313.4269,12456.0489,6715.8447,12524.7028,368551.6223,375499.3401,368594.4215,373393.9017,367833.7995,366141.0594,370011.2096,370968.7879,362450056.0859,362448756.1898,362458606.1423,362459261.4428,8186.7566,12405.3665,2381.8158,9507.4581,8697.9442,6647.7597,12098.4529,13292.2855,12908.0215,2566.3488,13745.1499,7104.0641,4293.9301,10210.5145,13105.7990,9742.2735,11518.5982,5104.2677,13070.8185,11101.6650,12466.9356,13505.2439,13426.4418,6753.9733,2760.6033,11760.7759,6015.4196,12374.1519,11159.2870,12394.0221,13224.8889,6522.3755,4963.2244,9956.8035,6071.4543,4841.4836,11827.7166,4288.3858,13524.4523,6498.6216,12237.0002,8176.8255,11876.1146,3113.3637,8241.7196,13700.9659,8700.6007,11003.9825,10790.2606,3494.3840,4765.0519,9209.6359,3303.8577,3151.0447,10596.7821,8526.4488,9748.0604,9961.2057,13373.1988,9393.8090,8516.0750,13175.1598,7869.2658,13825.4114,13042.2883,11394.6647,11028.3309,8302.0436,11424.8324,12382.6014,10818.4199,10659.6320,9143.7877,1841.9138,4161.8541,11151.6228,7590.9334,12091.5332,0.0000,10248.5787,12671.5348,9379.0104,11925.1443,5400.8136,11208.0079,9919.8295,11196.0593,12850.3044,9839.6166,6067.3217,361418.4501,368714.4209,361490.9106,366264.3682,360697.8562,359116.8444,363145.7125,363916.4065,362458891.0692,362457591.2265,362467441.4056,362468096.5966,13199.4100,9637.0207,7349.9427,12422.2577,1923.7325,10835.0425,8416.7813,13047.9589,6592.9455,10936.3780,2065.8443,11135.1990,6373.1906,9201.7371,9071.1383,5397.6299,11050.9287,10786.4641,13086.0164,6240.6911,9265.9117,8614.3818,1887.5555,10188.1001,9775.1650,10094.5544,9306.9913,11041.2720,7586.1112,12547.8239,11089.0205,6342.0358,7314.8257,2648.8864,3878.9474,6268.3590,10720.2660,12132.6769,11762.9213,5794.8637,2401.1755,5572.9256,9730.9666,12440.4705,11258.0987,10472.8393,6367.8711,6839.1713,10083.0798,8693.5899,2599.8243,5463.0155,5639.7396,5363.3965,3378.8908,13429.6087,8709.2221,8820.0187,7868.6520,7169.3179,9608.0355,9836.4061,10962.3448,12910.0814,13246.2180,11273.1284,1025.2959,5811.0091,13335.4258,13557.1335,13199.1904,1273.5384,7219.3025,10267.3904,13104.0040,1228.5356,13234.9301,0.0000,6648.5610,6696.3682,12234.3353,8790.5769,10921.3485,13169.8233,12778.0960,5227.3453,7221.9101,11987.0896,4917.3266,364450.7457,372272.9050,364572.0833,369346.2288,363901.2217,362263.5419,366372.7095,367075.1877,362460999.5668,362459699.2154,362469549.4818,362470204.7213,11293.4448,11161.6556,7010.8278,13602.6224,7064.3458,8687.8504,1059.8404,13102.2777,5753.5482,13353.6572,9994.7036,11441.8487,8476.3966,10001.3483,11538.2290,9852.2652,6327.3174,3716.7641,10663.2540,7823.6920,8728.3510,13708.6887,11024.1729,8823.4693,10248.8226,8862.9024,7379.9312,10101.5301,2391.0625,9378.2978,12863.9775,11373.3914,13738.9158,13570.0575,10709.0039,10359.9098,3569.7142,8738.6928,10960.8712,13160.1533,11276.2139,11379.5112,7530.2988,5276.5523,9625.4822,11133.3886,10975.1973,10912.5601,11851.4094,13080.9911,13428.4549,13379.0622,11812.6420,13123.3324,4739.7833,10006.3805,8309.0023,11213.1468,11546.9182,7764.8343,10029.5170,5693.7632,1739.4167,3783.6853,7676.1959,13404.7100,11208.0998,1121.8989,3497.5242,4309.8795,13143.7743,12851.4260,10859.7628,4086.8679,13565.5350,2151.5942,0.0000,11452.6245,10379.3811,7084.5135,9524.7758,9709.7012,3782.7892,5699.4506,11729.8497,9780.8824,7296.8942,13288.8145,371539.2190,378675.0400,371599.9722,376407.5976,370913.3234,369159.6292,373030.2719,374002.1495,362449194.7438,362447894.5807,362457744.5066,362458399.8646,10761.5972,8064.5024,8360.3402,12301.0141,13526.6503,11933.2466,3983.1825,13534.4909,8875.5172,2840.0549,11490.6858,12821.1615,10640.0054,11999.4589,4684.6911,13113.0793,10236.6888,13053.2742,13452.0842,13508.4988,8410.9984,1765.1796,11008.9931,6546.4296,11872.8042,11368.1712,12403.2054,12469.4750,6489.3036,5401.8974,9739.0361,7891.3047,6590.4447,12747.9092,1938.9709,12958.5253,5832.5350,12926.7593,9864.3570,12396.5265,1154.9393,6143.1956,13430.6419,7277.8240,12144.2647,11928.7238,3578.5628,3892.5535,10201.1683,5137.3203,4947.4840,11886.9489,9386.7195,8033.4207,10889.3531,13606.8940,8962.9631,9908.1894,13463.2403,8608.3960,13470.4079,12206.3305,9778.9019,9711.3302,9895.8143,12492.7127,11121.5301,9182.4595,8929.8639,10571.2679,3225.4427,2027.3185,9508.0633,9268.5329,11175.3945,0.0000,10233.6079,13124.3184,7506.2593,11488.7754,5163.6744,9584.1339,9219.6336,11668.1701,13289.6388,8107.9418,6885.8862,361497.8843,368676.7434,361559.8714,366342.7775,360779.2074,359157.8835,363132.0724,363967.6172,362457713.2026,362456413.4338,362466263.4957,362466918.7259,8438.3449,7467.5301,5569.8997,8619.3619,10989.7828,9957.0216,9107.2635,6195.1086,10373.9473,1853.1323,11534.9958,2199.6935,10086.4634,8768.7244,7060.5803,9396.3490,8361.3349,9826.3559,9776.2770,7871.4559,10073.4154,13119.3998,6372.1634,12493.1221,5228.2216,11222.6959,10398.7327,7443.6906,11152.2575,12508.6473,7558.1982,8513.0779,5187.6954,11784.5405,9941.3937,8848.0943,7984.8082,5307.3806,9580.4634,11488.3020,13168.6387,9119.4796,13693.6845,3121.6895,2329.2473,8713.7983,12211.5266,9397.2610,9070.1250,9201.6909,3487.2289,10136.9086,11991.1132,1797.3137,8161.7677,12828.1653,1289.7279,6703.7421,4429.9116,10130.4020,10460.6129,12984.8151,13751.3273,6619.8112,4596.7612,11870.1794,12326.7620,12870.1733,6824.2016,10019.5640,12022.3761,12993.3911,6883.7228,10038.8803,0.0000,11971.4861,8977.8936,13532.4392,12532.6448,8259.5136,12864.1282,8630.7626,10321.1430,8328.3695,13725.5267,10682.9073,369777.7245,377328.5032,369874.9618,374634.5464,369085.7723,367553.4748,371672.4155,372340.5831,362454838.0259,362453537.6672,362463388.1627,362464043.3021,11945.8230,6874.3586,11904.8542,7638.7809,10547.6675,9999.1371,11483.9361,5680.9875,9762.7209,12859.4131,6725.3730,13719.7236,4129.8492,8481.8889,3702.8835,12882.3595,11938.6175,12485.5188,12210.7772,6779.5792,12806.9541,4284.3197,13039.0236,5414.8721,13515.2970,8185.5392,2977.0384,11802.0888,13517.0911,11748.2834,11463.1356,11299.5324,7936.5389,8766.2508,2661.0825,12848.8900,11504.1241,13526.9066,8821.3261,8094.1453,9573.6248,11385.4702,10360.2832,9759.4512,5707.3524,10805.5673,13491.4713,10815.1652,10763.7320,10908.3130,13443.1634,5394.5475,7199.5911,11400.8447,13156.5440,8160.1795,9873.4949,4800.3379,10662.3148,7525.7791,8251.0444,11505.6533,12265.2554,11260.2330,7577.1859,6451.1933,7645.5306,12579.9365,10031.6359,8824.4469,8279.5901,12126.6734,5459.1005,0.0000,13624.4321,13010.4739,9264.3510,13267.1734,3774.3100,8049.9241,1664.8055,13783.5985,12408.1848,10043.9263,12544.4726,369179.2897,376181.5025,369226.6950,374005.2974,368393.1469,366809.5051,370767.5566,371610.6054,362450334.9303,362449034.9866,362458885.1970,362459540.3914,11362.7227,9919.8548,13593.0319,5050.6147,12045.9895,1418.4139,10024.2081,6925.9888,10529.3302,9065.3326,7023.6236,10000.0303,11663.8533,13125.1944,7974.0479,10682.7944,10136.5011,453.0226,8900.4712,10589.9517,9172.0242,10391.9160,11256.0247,9018.4658,13252.2128,10240.6381,5380.8820,7935.6196,729.7872,2156.2071,7632.7815,9676.5846,12975.3607,10916.0464,7549.5789,2726.3457,7291.8066,8531.9316,12010.7025,12290.7340,10344.2687,7282.3853,7553.1050,8827.5269,7762.8765,3898.1908,3763.4460,3963.9568,6320.3653,4043.2921,13183.3846,8832.1029,10240.4391,8225.8464,6957.2403,10736.0783,9277.3203,12121.2171,13496.4308,13427.4380,11653.2547,2031.1463,7085.5821,13721.9969,13541.4952,13217.8956,3004.6057,5687.0426,9215.0978,13254.5787,1176.1761,13510.2600,0.0000,7502.6439,8401.9925,12089.9137,9829.0000,9920.9349,13322.7035,12543.3622,6767.1028,8851.6158,11977.8754,4200.6496,363218.3471,370965.1181,363332.4159,368102.6242,362628.0503,361019.7466,365132.2966,365824.4773,362461354.1895,362460053.9477,362469904.2330,362470559.4453,7147.5858,6676.2064,12837.7874,5307.5733,10421.1991,11083.8980,5989.4059,10070.9902,4266.2257,10976.6963,9604.1656,2549.5751,5625.4832,8688.4836,7787.6026,8322.3766,11652.6229,11549.3943,12079.7006,7998.6089,11383.7563,1851.5886,10863.7277,5943.6526,8024.4864,13443.4545,13129.4199,11550.1211,12124.9166,6391.7162,12489.7353,5473.3779,8785.5562,8672.6658,9631.9033,10311.8993,12868.9348,12034.8647,5004.8517,13409.8896,5846.1044,5364.1520,10411.2343,13642.2284,11897.4772,12441.1532,12500.0516,6911.1520,12542.4773,9552.7670,4089.5541,6284.5411,13389.3873,6435.8875,3848.7767,6126.0096,6705.9527,5912.8296,10104.1574,12302.3701,10499.7402,6633.5623,8051.4883,9374.7342,10273.2853,10284.5431,12737.9310,12957.9855,10262.3408,10871.5459,5691.0481,0.0000,12703.4504,8951.3912,12099.8446,11848.0453,9096.6282,10029.1589,5947.4549,11357.1625,7871.8166,12304.8414,13279.7697,373372.9695,380743.8237,373454.8337,378232.8543,372698.8413,371085.9523,375107.7332,375893.9459,362450219.0024,362448918.6145,362458768.9429,362459424.1612,7918.9901,12640.0876,3708.7923,9446.3331,13679.5595,7400.3384,4250.2661,9172.5870,5313.5772,13282.4670,5157.6045,10104.8890,2753.8316,1708.4314,1509.0171,9970.3267,13717.6759,7698.2868,12323.9016,6249.7213,8626.7471,4784.8456,6781.4874,12583.6961,11849.4510,8811.7361,10470.9527,11194.4771,4232.8274,13570.2693,5816.2985,12954.6524,3185.2829,8661.6079,4444.6815,13562.0285,12546.2328,4304.1966,11388.1176,6178.8406,6742.6934,13412.1698,12759.9806,8022.3747,12146.9808,12227.8930,6542.7148,8906.9308,11839.4888,8624.8954,997.0418,9601.7491,9508.1500,3605.6611,11136.1129,3629.8702,7565.3674,10277.4294,9597.9973,8582.2487,5095.7252,9008.8732,11016.4484,10899.2385,7690.7010,12913.6200,13505.0136,10360.4365,9238.4009,9164.3126,0.0000,8024.9755,2542.4555,11566.6641,6739.7168,13000.5650,10318.7251,11118.0251,5902.9575,1494.3599,11110.6497,11041.2195,371517.3348,379250.4340,371632.4532,376428.7206,371032.2423,369283.1166,373293.5858,374122.8045,362454515.1026,362453214.5045,362463064.6215,362463719.9694,13474.5973,4819.4340,13293.3799,10749.5268,11135.9915,7913.5428,9912.0481,11122.1551,10519.1788,5618.6052,4256.6708,10052.1063,7039.5578,7988.4555,13698.6255,11695.0282,8685.5782,10693.5867,8531.2988,7250.5868,9633.3548,1375.6914,9933.2641,13157.7203,11330.7631,13781.3985,13722.9941,10154.3235,11089.7694,2574.2455,9440.1878,10375.4681,13005.1652,10790.1335,12017.5419,8352.0329,4334.7882,10045.4864,10713.7203,10601.9458,11523.2402,12338.6553,12891.7292,13708.5132,13674.0064,11430.7852,13032.2624,5756.4935,9852.1940,7509.3928,11282.0389,11484.2884,7011.4663,10257.9200,4774.2169,889.2047,4495.8706,7886.0300,13242.2547,10713.5200,1805.4258,4503.6380,5154.5778,12901.0470,13278.4073,11535.2711,4797.7004,13470.4467,2520.8185,0.0000,11319.3245,9754.5946,7753.9735,9257.6766,10338.6758,4528.5305,6269.5968,11365.4715,9096.5557,7843.7802,13446.6523,372174.7652,379367.3819,372240.8333,377048.6683,371567.4002,369807.5051,373686.7858,374651.4870,362449181.0758,362447880.8444,362457730.7840,362458386.1476,13723.5268,5943.8859,6453.0687,10209.1288,12116.8090,10657.9863,9931.3427,7407.8433,13420.7938,12404.3395,11388.0950,12856.9813,12604.1064,5008.6075,5064.3108,10664.0852,7993.0998,11239.6045,12222.2883,11046.5117,13647.5529,8623.1017,2725.0667,8198.9637,4520.1213,2963.7308,11295.6961,5477.4260,13818.5646,8652.7690,11145.5485,7224.0014,10435.8810,3993.0903,8916.8404,13793.7854,7970.4961,10802.0421,10792.9565,5912.3949,3808.5188,7252.5171,1447.5644,1223.8937,10187.0315,6390.4339,10967.5630,10719.1677,12899.9469,7723.0850,9094.2012,13172.6991,9404.5592,13620.4362,13630.7397,11879.2322,10431.0379,6929.4569,10903.1903,12986.0836,11750.7806,11305.0028,7735.5177,812.8896,4867.8305,11615.3876,6154.9209,13098.3977,0.0000,8457.0461,11567.0278,9575.7590,10632.0751,7645.4165,11727.3731,11541.3940,9516.2514,11978.9186,9759.8214,3660.3801,360556.1372,368010.2642,360642.9594,365420.3855,359900.2073,358283.2263,362323.6871,363091.1903,362460810.2384,362459510.3126,362469360.4500,362470015.6737,11504.4008,12962.6519,8539.1549,5804.2546,8747.3240,8440.0399,12392.7871,2864.1556,7366.8786,6320.8832,3371.1471,4296.3424,12160.2785,13421.9069,8569.1838,11625.1984,7522.7405,6866.7610,7305.2836,3488.7264,11483.2896,13246.8430,10662.0405,12444.9773,12920.0975,6448.0828,13253.2228,2335.9543,11651.3649,6673.2000,10804.7665,7753.8035,13665.1002,11509.1169,634.1398,11633.8441,7617.9532,7782.5684,12992.0905,13443.5690,10817.2377,13482.1544,13522.7812,8387.6409,11444.6780,9769.2606,8366.1325,3059.9279,11123.4420,10004.4673,2992.0148,10412.0007,1569.8178,4280.4731,8346.1639,9437.6176,11023.3052,7223.7858,6318.3276,8775.1508,9046.5864,10372.9327,13782.8184,13454.1700,8540.8127,11535.5757,6107.6143,0.0000,10179.1048,6109.8293,10670.4683,8271.4878,12080.1222,8393.3932,8820.6607,8912.4730,5119.3811,10426.5636,12890.9708,373318.1963,380823.8924,373412.9137,378213.0564,372776.8979,371030.0651,374989.9715,375870.2531,362451097.7875,362449797.2815,362459647.3626,362460302.7106,10190.5722,5621.0656,10625.5377,7929.4981,7251.0356,9830.1645,10860.5443,12661.7559,7602.4655,10383.9368,9867.4581,1831.7116,9158.3193,11115.0999,8629.4908,10765.1765,10318.5177,9251.7161,12868.9880,9791.3194,6571.0291,8808.3896,1713.0626,3238.8332,6678.3057,10216.5328,12521.0537,10654.4119,7127.6958,1411.0012,7322.6795,9192.5753,12456.7415,11737.6069,11156.8445,6071.6767,6302.3367,8785.4422,8743.1951,4571.7278,4630.9995,4835.7924,5090.2828,5044.9530,13205.7075,7664.8991,9659.1869,9162.1628,5728.6751,9907.0019,8410.8018,11750.2556,13107.7935,13570.4421,12204.0168,1475.6691,6034.6241,13587.0559,13558.9069,13387.5580,2575.1166,6469.3590,9886.4485,13430.1666,943.5996,13084.9334,0.0000,8288.4538,8132.0147,12581.7037,10310.4849,9663.6078,13462.8033,12035.4415,7120.2698,8405.2857,12515.0956,5507.7193,364409.3687,372153.8831,364523.4010,369289.7570,363803.6054,362215.9561,366341.9638,367015.6435,362460489.1387,362459188.8525,362469039.1999,362469694.3924,11433.2127,13394.5215,9680.9593,13247.2708,2423.8883,12202.8322,8278.5297,13715.1236,13587.9547,13837.4818,10168.1631,1591.9720,11952.4239,5013.5849,12723.2925,9895.7282,13388.8190,11423.8353,4391.2535,7948.4100,11465.6333,9598.2138,8596.3297,12951.7061,2923.6297,12039.8744,3289.4911,13620.9490,10902.3108,13466.1340,3673.5904,5832.6358,12732.6982,8570.8967,12155.6370,11772.9824,2397.0669,6370.1845,11932.0557,7307.4465,7161.4188,12158.0182,11337.9198,6366.5342,10059.3536,13565.4990,10747.1711,9580.1044,12949.1876,7253.8683,13100.1788,10979.0301,8974.7343,10337.2999,11236.0804,12746.2372,9967.2050,7806.1188,8019.2042,11848.1948,5713.4102,3865.9071,8768.8825,10731.7072,9507.5167,0.0000,11893.4816,13796.8289,7562.7203,12550.0457,3013.3676,8750.9714,6991.3399,13034.3071,13707.4229,8413.3137,9262.2520,363528.7156,370565.9388,363578.1836,368359.2172,362760.4978,361161.1045,365117.4257,365965.7089,362454993.8497,362453694.1044,362463544.2018,362464199.4123,10524.5349,3781.9248,8757.1042,10093.8628,6848.2235,10239.0209,6847.5233,8774.2781,8578.3338,7289.0576,11054.8271,12433.3067,7917.1931,11626.3859,6193.2174,10053.3704,10382.6752,8943.1569,11024.1881,11739.1488,7187.4816,8355.6976,3554.0983,12469.0977,9765.7275,10202.8835,6423.3531,4452.4958,8172.7602,12079.4290,13640.2459,8676.3074,13590.3242,1412.8217,927.0943,9920.0455,12370.5448,8299.2280,9218.6223,9370.1328,1679.8615,9229.7400,12708.2710,3191.4027,7036.3497,12219.3349,2799.8254,5972.3929,6148.8135,9473.7407,10605.3352,13215.8783,13462.9782,5644.0315,2851.6969,12096.0217,12846.4901,13228.2223,5599.7114,10405.2216,12575.6616,13224.5300,6116.3378,10588.7123,0.0000,11070.5742,7532.3116,13745.2879,11652.3633,9634.4031,13121.4006,9791.9197,9048.5534,6917.5118,13788.8982,10290.7117,369882.5765,377547.3456,369990.3424,374753.0594,369239.2277,367678.8443,371804.4158,372472.4691,362455687.3453,362454386.8949,362464237.3670,362464892.5324,11987.4087,4578.8295,13747.4779,8123.3687,10935.8937,4868.1806,2949.0736,2832.6003,10419.6954,13465.6609,3837.9501,13623.1047,2212.2112,11228.0388,2215.7419,7258.0367,13638.0424,10554.6945,5961.8320,11037.1881,11257.0240,7761.7342,12437.5997,6805.5424,13509.6418,5401.4808,10360.9752,4435.6010,12500.3326,10687.3730,6256.9518,8515.6580,9548.7732,10084.8386,13763.6371,11067.6530,7728.4594,12005.9339,12028.4852,9622.2211,8056.7005,11009.1685,11567.0564,5017.6585,6693.4944,12096.5731,7289.0343,13156.8888,4529.4932,8031.2944,8519.8018,6262.6279,9794.9525,8442.4269,8247.5922,9966.8977,9257.3624,8980.1080,12397.5845,12182.5106,8525.5801,10225.5616,9801.7642,0.0000,5431.0350,4104.4419,9190.4549,2943.2721,13651.3630,8616.1001,12158.4883,4865.1392,4516.2590,8419.8176,9954.7784,369038.6980,376726.4468,369149.5934,373962.0516,368606.0838,366771.2865,370712.3061,371631.5072,362455801.2980,362454500.8228,362464350.7048,362465006.1357,11311.0587,7811.5906,6348.6794,7733.2518,9507.3569,10163.2939,10337.4107,9456.2637,9693.7761,13451.8754,5365.4633,12936.1275,3372.9485,12044.6956,9448.2945,6150.4424,11963.5450,13322.8637,9079.8905,9761.1699,6475.7205,11456.9954,9134.5234,7568.3502,9237.1078,7226.8043,10800.3161,11443.1232,12531.2911,8607.1476,13771.4918,4694.2775,3842.2011,8172.1827,12547.0961,10916.3159,10013.5180,10105.4351,5368.9443,11518.5011,10783.5284,687.0366,8561.1455,13513.6252,2586.0194,6638.9225,3025.4636,9900.7596,9346.1702,12130.2540,13679.7938,8458.4067,6119.3504,10813.6184,11188.2957,11967.8476,8660.6695,10561.6730,11880.4663,12173.9434,8645.1423,8572.3383,0.0000,12902.3777,10013.3628,13048.1869,13089.7399,7234.6855,11996.8759,6828.3059,11553.8148,9223.3200,13372.5831,11777.0630,370720.8961,378131.3257,370805.5180,375567.1418,369993.1805,368463.7530,372552.4809,373250.7217,362452874.6320,362451574.3373,362461424.8122,362462079.9497,13518.1464,9693.0486,12914.8867,3235.2473,5526.5078,4648.7718,6841.7668,12785.2892,6039.8554,13009.4972,4944.1376,11881.6988,2541.0709,10444.9509,13510.9129,8391.4439,4847.7628,7661.9133,8203.0080,6276.8093,12262.5673,9895.2861,13753.0342,3327.4377,7056.0534,1019.2358,11743.6712,12106.2300,8936.5038,9262.6344,7908.0866,8625.9809,13015.2599,10014.5981,3595.8813,9410.3093,9494.7548,7425.2527,4356.3875,13059.1291,10826.6022,6188.3737,5953.2451,10456.5676,8290.2120,12561.5376,7824.6840,11096.9044,11463.8746,8606.3455,6104.5313,6585.6269,11464.8569,12522.0782,11851.9742,5176.5316,10456.8276,11786.0300,11374.7416,6591.7448,12317.5230,0.0000,3761.9902,2986.1165,11047.1736,4555.4753,13415.5542,11483.9278,13481.2836,666.7658,4187.2443,10388.4535,7144.7397,366557.5205,374431.0781,366684.5700,371481.6664,366119.7178,364350.6577,368380.1483,369194.1067,362459507.5266,362458207.0304,362468057.0693,362468712.4343,11131.0497,7389.2918,13446.3842,13418.3826,13700.7773,10240.9668,3040.0541,12961.0991,2784.5252,13457.4490,8180.5061,13808.1798,11047.7838,2058.4484,9229.9884,12586.2740,9589.6835,8929.6409,12070.9943,5224.4647,11556.4330,1565.9881,13303.3957,10308.6171,13569.0509,5704.3053,7572.0479,12122.7235,10337.7384,10962.3604,10439.1310,1726.7194,8213.6416,12270.2003,7855.5839,7767.8805,11089.7352,11934.4104,6922.0688,8286.1625,13016.1638,12054.8009,7954.4800,11976.1196,5104.6359,12817.7397,10560.9842,9762.9649,11647.5892,10940.3258,11804.6637,10095.7578,8326.7774,8916.4138,11568.1310,6750.6235,6070.9393,9634.4096,10519.4687,8878.6430,0.0000,12824.8530,13635.4715,9144.8010,13378.1989,631.2020,9538.9676,5679.1773,13404.0091,13356.0998,9958.7045,10238.5303,365258.3153,372307.2618,365309.0391,370081.6281,364460.6906,362905.4296,366894.5210,367699.2179,362453877.2509,362452577.4350,362462427.6560,362463082.8238,6351.0863,7250.5396,5608.7046,6269.9567,11878.5582,12661.7666,10597.5856,9881.2653,9693.3097,4292.3015,9191.6223,4495.7952,9843.3281,13514.0586,12099.1768,11977.4577,12569.3209,5813.7354,13095.7250,3627.5074,10334.9363,7386.3505,10037.5011,8958.6402,13482.3064,12017.8728,2626.6066,12808.9099,6188.5475,6063.1392,11839.7271,13772.0053,11341.0341,13056.7227,13113.7819,7198.0662,12042.9097,9788.3840,6003.9884,4237.8481,12486.5875,8034.4834,2022.7190,8271.2677,4371.1832,4833.4747,9407.9377,11167.7940,10623.0388,6377.6831,7212.8257,9190.9189,9842.7556,10158.4177,13411.8664,13437.8896,9594.9166,11106.4898,5659.2417,0.0000,11607.0376,7353.5741,11650.4047,10287.9200,10706.4142,9389.3182,7355.6450,10147.4193,6202.5401,11645.8416,13210.8824,373782.5691,381234.8401,373872.1831,378660.0552,373173.9508,371499.9196,375498.0046,376322.6825,362450454.1266,362449153.6522,362459003.8809,362459659.1581,11760.7489,9818.1712,10590.5830,13335.6969,9414.5377,11343.3621,7458.2791,11390.8357,5028.8922,12125.2070,4887.2222,6439.1374,12951.3888,13020.5538,13120.2188,12985.6085,10682.6869,9667.9956,5634.2463,6021.6166,11884.9597,12458.2642,12603.5414,10685.4869,8132.6586,6831.6395,11118.7610,10352.6642,9911.7425,8763.4901,11970.9005,13667.7414,12647.9780,12606.5790,11105.3894,13751.3047,4602.0234,7961.1843,9530.1110,12796.8319,9599.1426,8090.4087,7180.2886,7970.0916,4092.1270,6215.1130,10148.7091,13053.4438,10939.9730,4547.3300,4651.7893,6057.1657,13044.9079,12023.8831,10412.2287,6394.0875,13119.2776,1825.5645,0.0000,13063.4393,11726.0358,8587.1893,11871.5880,7111.7321,6082.1643,2133.6621,13090.1074,10990.1301,9153.8200,13494.5143,371475.1185,378522.1040,371527.3634,376319.1972,370756.7956,369097.9024,373013.8779,373917.5900,362448716.1621,362447416.0815,362457266.1819,362457921.4485,3850.6401,2961.0401,7971.3007,13435.5046,7770.3241,12422.5308,6366.6524,9890.5148,4046.4280,9075.9287,12948.7983,10474.6964,7662.4562,8615.1849,9499.5598,3616.2919,13376.6111,8248.0456,13438.4026,600.1489,6847.3775,2233.7050,13045.0032,13060.3328,6867.8182,11203.6483,5670.3389,6444.3956,13222.6065,11923.1320,5708.7596,10709.1496,10819.0552,5520.2776,6801.3287,13032.0675,8925.5511,3483.9089,8620.7225,9081.0437,5527.2035,11391.9292,6164.2919,9781.9898,11654.9402,10050.5138,6479.7459,4213.7142,10881.8644,12426.8919,12129.6088,5444.3400,11809.4076,13134.4826,11657.9701,7203.2960,11098.2127,0.0000,6685.0918,815.0844,12146.6271,6462.0064,13202.3248,11673.0040,12415.7459,3863.1689,1274.6784,11637.5874,9346.9930,369505.0673,377359.5667,369630.8076,374421.7801,369036.8714,367303.6277,371353.0598,372138.7159,362457185.4406,362455884.8406,362465734.9963,362466390.3274,1047.9729,10689.7448,13741.5107,6494.8861,12789.8736,5042.2700,9219.7563,4193.4150,5981.5061,12870.5342,11838.7154,8257.6047,11204.6717,11720.5412,5819.1545,13258.6336,5129.2803,13015.0297,4380.8278,9773.5159,4858.4090,13379.2249,11738.4518,3953.2841,10508.4070,7652.0266,8148.3159,13621.6741,12464.9744,8517.7165,12543.2701,12596.7573,8007.4595,9195.2416,11124.5650,9681.5573,2228.8358,8978.7018,10628.3636,4555.4102,11828.8116,2583.0098,6829.9511,9143.5730,8352.9905,9573.4538,6645.3585,7987.8935,10126.2527,9874.5257,8718.5801,13092.3287,13186.7540,9235.8464,10145.4381,8669.4249,0.0000,7595.4361,3321.7760,10561.5822,5709.2562,13191.7150,9214.5392,11062.8112,6042.1808,2809.6375,10025.5551,11179.1388,371322.4711,379002.5774,371432.8848,376236.7630,370851.9429,369066.1910,373039.1914,373914.9076,362454097.3032,362452796.7462,362462646.7658,362463302.1498,10122.2884,13872.5645,6473.5371,13013.8494,4923.4115,9722.6145,3544.0888,6962.6819,13202.0841,11506.9742,7829.8773,10699.0132,11283.7128,5442.9558,13418.1844,6123.6425,13408.3110,3529.2597,9246.8023,3924.2095,13415.4394,12142.6639,4889.3863,10578.7180,7412.4907,7999.5877,13777.7377,12350.1157,7764.7773,12216.1094,12281.3543,7635.8352,8519.1060,11783.9270,9822.7031,2397.3015,8656.4910,10560.0871,4964.1889,12060.5494,3626.2076,7789.3376,9845.7211,8613.3369,8949.8306,6247.6827,8865.0083,10856.4428,10532.1587,8031.2119,12900.4249,13274.6056,9908.1191,9556.2103,9537.4211,0.0000,7064.4583,2354.5109,10962.5449,5458.9378,13480.7908,9910.1140,11711.1201,5206.3907,2066.4835,10385.4192,10710.6260,370793.4941,378536.2102,370909.5106,375711.8340,370336.5459,368552.7049,372541.3795,373400.6398,362455069.2725,362453768.6921,362463618.7265,362464274.1079,9036.2081,10392.2068,9506.4554,10216.0570,11578.2971,8851.6564,13365.3429,10541.0968,5138.7440,7628.7459,961.8296,2110.1320,7831.2854,9690.0183,13094.1204,11161.9844,7560.7381,3073.5176,7165.8715,8522.3325,11985.5620,12417.1283,10153.7455,7588.4581,7890.3485,9053.6418,7603.8753,3598.8445,3766.5917,3959.1340,6622.0867,3666.3029,13276.7539,9216.7942,10331.4735,7926.7237,7383.2987,10929.2930,9659.4005,12178.9665,13624.3434,13434.0450,11498.1081,2197.9288,7316.1987,13794.4119,13610.7617,13234.2987,3069.4963,5682.3025,9183.9545,13254.1069,1404.2517,13683.6863,0.0000,7201.7691,8370.1883,12016.6728,9620.3647,10182.6090,13333.6026,12796.0160,6551.0089,8881.1036,11873.1622,3864.1296,362950.7249,370709.7707,363065.8963,367837.6045,362370.2539,360752.6391,364861.6184,365559.5930,362461639.1172,362460338.8763,362470189.1414,362470844.3625,12010.6993,5088.5200,12750.1375,10409.0041,13197.2947,12244.3761,4945.2995,6866.1431,11019.7584,8410.6278,7320.7166,12682.2467,2897.2820,12749.3460,4336.4486,13288.2829,10003.5221,13059.6212,2871.5822,6679.2814,13256.7122,8597.9148,11836.3161,11497.0491,1955.2783,5603.4706,11084.0594,5922.3861,5770.8750,11691.8233,10442.8476,7699.9248,10034.4754,13670.6732,10328.3350,9168.0782,13183.9567,7346.2109,13545.6905,11889.7135,9973.5746,10673.3672,10285.4880,12393.8417,10997.2530,9021.2002,9081.2500,10995.4365,4294.6186,3495.2924,9746.8976,9698.7857,10584.8503,0.0000,11418.5082,13565.8039,8240.6188,12467.7573,3553.7889,9760.7196,8113.0629,12527.4175,13571.8691,8964.5562,8171.6631,362545.0313,369662.6017,362601.5365,367379.0611,361786.5907,360199.3901,364182.8083,365000.8567,362456477.0679,362455177.3063,362465027.4375,362465682.6358,13575.8576,1710.5122,12780.2308,4131.1488,8631.0575,13417.7376,8667.7859,3801.0888,10937.9424,10606.8251,10404.8832,10289.8167,8699.1526,12893.9523,8152.3597,11336.6017,6507.2635,10397.4145,8265.2711,8827.8013,5146.9766,11787.3047,12209.1116,12830.0649,8572.4330,7966.3931,10970.6421,10927.9020,11692.1115,7602.2192,9815.9453,13176.6231,8363.9815,3958.5417,13338.5724,10194.7063,13809.4225,7285.2143,9138.5807,7171.9114,3052.7721,10578.6835,10882.4070,8190.4876,8918.6154,7709.3873,10056.1005,10878.6512,9874.0062,7030.8482,10708.7605,10432.7099,0.0000,4056.7150,7131.1817,6523.3604,1611.8100,13043.3167,7261.0359,12387.1206,5873.2384,7758.6777,5537.3635,8528.3593,365912.0101,373477.3476,366011.2344,370830.7012,365468.6559,363607.1481,367502.2206,368473.9756,362457058.7707,362455758.5092,362465608.2509,362466263.7073,13734.0987,6463.7302,13594.0129,10908.1875,1545.7193,9962.7134,13085.9250,8817.5183,8616.9450,10409.2066,7471.9173,11163.3553,3144.3929,12200.1930,8818.2009,12894.0723,7594.8430,9651.7580,11385.2216,11853.6223,8954.6484,8313.7410,3233.5861,9682.1188,11755.7889,7932.3578,7921.9229,9145.3182,11724.1107,8518.8916,5901.9945,11948.3228,12798.5179,5511.0560,10586.6257,2480.5872,12327.1525,10508.4482,11017.7931,12809.7708,9747.8533,10036.1114,10738.0255,9650.3338,10375.1605,10376.5392,7525.7924,8126.7242,10946.8670,9441.2929,8949.1938,0.0000,13088.0145,12753.6899,10906.3063,13696.5973,2214.1645,10814.0264,5638.7076,12992.2586,12328.6683,11567.4855,10545.0942,366804.2130,373967.0322,366865.4651,371629.2677,366007.1055,364488.7047,368529.0204,369273.2646,362453769.4485,362452469.4943,362462319.8524,362462974.9832,12288.7409,2668.6762,8208.1398,13679.8315,9361.5513,4315.1168,10829.8750,10753.9416,9241.4545,11335.0182,8047.0268,13343.2357,6806.3426,10790.1444,5247.2734,11378.1025,9493.1230,7874.4018,6680.1460,10828.3980,11323.4739,13353.1896,9645.8179,7513.3416,11337.0246,11326.9418,10764.5685,7451.2855,10549.8545,12587.8515,6992.9954,4881.3222,12854.4506,9062.3701,13664.5887,6215.6013,8846.7515,7928.2217,4547.2210,10056.4172,9795.4055,8392.8391,9580.8966,8569.3313,9383.0751,11512.5595,10962.3102,7850.2944,10322.9855,10376.1915,0.0000,4108.5587,5663.6039,7845.4020,997.9962,13462.9088,8023.5861,12508.4225,4933.8806,6303.8929,6939.1152,8942.6712,367107.5659,374751.0326,367214.1262,372030.8832,366678.2100,364823.8557,368741.5181,369688.7735,362456844.6598,362455544.2937,362465394.0918,362466049.5412,11903.0707,6835.7344,6440.4884,13157.1359,13597.4849,11327.5865,11777.9437,7446.7782,11639.0273,6647.5066,7324.0977,9817.9270,9673.3499,11317.7061,12056.2769,11567.5247,6520.8241,13399.7468,6461.2923,5804.0068,9097.7740,13193.1952,12328.9522,11887.0371,11933.6057,7415.9133,12848.9776,8977.3215,3503.2740,7843.0774,13723.0578,5798.9773,5559.1050,4577.0185,8136.7169,6588.3727,10180.2933,12672.2821,10655.2823,7502.1700,8354.3829,9117.2664,10148.5682,10638.1165,12029.3388,12207.1236,10310.2514,10895.7062,5687.5688,0.0000,13270.1023,10185.5483,11944.7442,12670.8675,7633.1439,10067.0463,4721.5124,12184.8061,9213.6334,12303.5672,13170.9231,372575.0871,379860.1366,372648.8568,377422.3085,371855.7899,370275.3223,374299.9467,375075.4727,362450172.4466,362448872.1595,362458722.5181,362459377.7057,9002.0116,13820.7353,9326.1102,4639.6685,9579.5712,9868.0607,7336.1246,12272.0653,8526.3984,13815.8620,4463.6504,9075.2750,2698.0700,12050.2846,11212.8492,7793.5539,8418.1655,9121.2423,9757.9226,13551.3593,10324.3145,5800.1357,10803.3421,10845.7398,8925.2073,6177.8427,12038.3944,11594.5313,5707.7650,5640.7010,11679.4781,8054.5798,13205.7542,6300.0656,9718.5571,9878.9124,6932.8869,8282.5257,7871.2821,9892.7810,11226.8365,10446.2421,7426.2604,11450.8178,11866.0883,9819.9143,8710.2126,11236.2457,0.0000,3816.5804,3352.4682,9841.0900,2615.7268,13731.7551,9942.2246,13048.7849,2753.3024,4314.1179,9058.7291,8447.9608,367504.1938,375290.9698,367623.7376,372431.2966,367082.3352,365264.4344,369240.0664,370120.0873,362457895.1304,362456594.6499,362466444.5742,362467099.9873,10313.6099,13296.1414,11215.9663,13499.5916,13596.6014,9144.2930,11789.5717,1200.4498,10033.7663,9411.0606,12454.7331,10011.3999,12579.0129,9325.2027,2985.3706,10569.6888,9834.0087,9773.8574,11966.1207,12760.6656,12413.3531,13743.6313,13730.8115,10595.2395,12693.8377,6931.0777,9305.2849,6306.0807,11314.4814,11022.7259,5800.8099,10196.1984,3598.2049,920.0421,5602.3541,8319.3823,12706.0245,9761.9758,3083.9372,5759.4890,6301.3646,12279.6547,13519.3817,12175.1417,5877.2436,13016.4283,3209.6090,0.0000,11070.8896,8794.9615,8639.9728,8976.1735,10814.2206,5645.0254,6805.0306,10755.7199,8040.2123,8620.8954,13404.8697,372775.8825,380050.7383,372849.5271,377655.4077,372185.9238,370429.4666,374329.9251,375272.5357,362449444.4108,362448144.0951,362457994.0765,362458649.4361,10414.1658,13278.2297,9907.4293,9571.9522,11135.0127,7041.5337,10717.3419,1743.3486,12791.6172,9995.7095,13407.3127,7488.1100,8780.3984,11178.2250,11510.4507,9851.7277,9221.7015,3304.6935,9733.7112,12519.7932,8781.3825,8739.9156,10143.8939,12413.3714,7303.4607,6695.8601,12183.1922,12904.8913,6743.6297,10795.0142,3349.7118,12136.5561,9811.6908,10083.0169,12350.3559,10836.1617,10868.7361,9841.9528,8536.2800,9378.4968,11389.8871,8077.9103,7844.2640,10023.6632,10545.5917,8044.8552,0.0000,13367.1337,13200.1639,10145.1513,13706.0161,1443.8282,9870.3608,4510.7449,13494.8640,12745.3925,10899.3997,11161.1944,367129.5128,374204.5039,367182.9218,371951.6327,366325.1953,364788.2984,368795.6623,369577.6142,362452700.8202,362451400.9135,362461251.2114,362461906.3608,5803.2749,5156.8434,3749.5545,11251.9599,6141.2791,13440.8593,10229.0000,10321.5247,7783.0615,9089.4064,4856.3561,8521.6164,13395.8605,6202.6952,11289.1997,11468.3205,7989.3512,2804.2058,5964.4762,3334.3754,3217.6705,10641.1268,4759.7681,11122.7837,11906.9508,12293.2607,5267.1985,10534.4508,13090.9714,11143.6152,12849.1001,13410.6590,11218.3485,8721.1813,7035.2173,11017.2302,12574.9257,11582.9680,10806.6878,7531.7996,3237.7429,5251.0130,10931.7965,6401.3867,13292.1946,0.0000,6201.8978,10499.9696,8634.4875,8622.0765,9478.8799,11108.5997,12515.8408,7869.7153,11141.1455,8529.4484,1779.7934,360290.7451,367827.4311,360385.3301,365174.1520,359706.8826,358020.0696,362031.2181,362844.8459,362461534.8270,362460234.8425,362470084.8555,362470740.1443,8268.6327,7833.4953,10156.8686,9550.4785,11174.1505,12971.2413,7809.9861,9343.4778,5740.8967,9067.8837,9166.6059,10978.2806,5164.9275,11291.1067,11773.5323,11955.9497,6651.5105,5174.0576,8370.5690,8344.7062,10827.8298,4384.6201,11439.8462,13042.4456,9570.3054,1221.1990,12486.1303,11359.4899,13526.1341,9703.8330,11660.2158,9720.2580,5549.8178,8278.6368,10363.7878,10893.1052,11037.5328,9898.7003,7920.1665,8626.7195,8838.4897,9500.0143,8242.8883,12546.1762,0.0000,1116.2307,7269.4869,7964.5196,3357.1598,12711.5087,9732.4900,13517.9085,4309.2945,8226.8795,7175.1083,5281.7693,363133.9456,370821.8787,363243.5359,368052.4959,362683.8407,360869.2570,364825.6041,365724.3411,362460363.9249,362459063.6969,362468913.5322,362469568.9414,1621.5665,8151.7636,9298.9550,13273.7176,10580.9727,8198.5631,3119.2754,7946.8077,8104.2925,11862.9354,12660.2557,10354.3884,7660.2419,7857.6836,8342.5656,7484.9736,4522.2364,3166.3252,3377.4484,6732.0992,4508.6471,13081.3192,8898.7992,10759.0975,8461.5117,6932.0034,11146.2513,9070.1524,12541.7324,13698.3598,13495.0476,11831.3548,2673.2421,7583.6653,13855.1656,13527.1079,13225.0944,3697.1993,5143.7395,8845.6265,13312.8387,1797.6662,13593.9569,0.0000,7918.3575,9034.9700,12057.4508,10261.6031,9530.3530,13379.8143,12435.6681,7388.2919,9452.0224,12002.0876,4151.8491,362821.3500,370534.3925,362932.2082,367700.9605,362214.2037,360617.2793,364730.0805,365419.3399,362461392.8750,362460092.6754,362469942.9679,362470598.1698,9298.9119,8013.9768,13507.4605,10027.1510,9152.6624,4620.2485,8622.0872,6709.1775,10833.4533,13095.4724,9322.4785,8857.0511,8994.6627,7561.5828,6034.6882,5072.2901,1673.3078,1866.5784,8030.8643,4595.4403,12415.0469,9662.4108,11503.9582,7803.3804,7785.0222,11921.1895,9298.6670,12908.8091,13734.8737,12929.0386,11176.7095,4150.1412,8807.3695,13586.7799,12956.6731,12565.5518,5050.4365,3652.6492,7476.0444,12712.7540,3315.5172,13515.6194,0.0000,7700.6075,9814.1300,11132.9255,10132.0507,8972.8360,12803.8714,12256.5138,7840.2838,10278.4732,11124.4020,3109.3579,361758.9611,369397.6482,361862.8459,366635.2428,361141.9539,359533.4273,363621.5545,364338.6571,362461516.0751,362460215.9703,362470066.1993,362470721.4131,13373.2960,8281.2216,12021.5709,3260.4671,5501.3276,5444.5229,13058.2752,13658.5231,6810.8953,12836.8977,2198.4160,2992.8147,11958.1974,12672.7488,7178.4771,10417.8601,10556.4862,2451.8597,8327.0165,12925.8160,5821.9195,4049.3221,10892.8074,6146.4901,4109.2118,8863.2168,7120.8777,9653.5288,12450.6432,12040.8969,5941.4933,907.3362,11244.1735,12618.3477,12746.4051,5228.6381,11611.2177,13338.2236,12485.2097,6689.9491,10421.7589,0.0000,9307.2616,4320.2691,13230.8226,9377.8847,11690.4299,12416.3552,10928.1608,6754.9938,3576.7800,13007.8236,10271.2378,370693.8771,378472.1495,370812.5053,375588.8037,370141.4723,368496.5385,372589.5242,373310.5779,362455833.8796,362454533.2993,362464383.6393,362465038.8854,12418.0078,5960.4334,13335.9246,11124.3081,12678.3131,1608.1468,4368.2147,13112.2561,6151.7933,12982.0831,12788.4495,4702.8726,3893.2001,10932.1361,6702.0979,6508.7598,12830.4949,10064.0119,6717.9996,11699.6336,13659.4978,8644.5842,11069.2136,13604.0431,9479.5239,13051.1739,11483.4644,8383.1106,8539.9342,11078.0348,13241.5261,10042.2552,7850.0617,7464.1721,11610.3557,4820.8494,1078.2575,8089.0496,10529.9163,10473.8499,0.0000,10180.6404,13337.2363,5893.8256,11020.7555,5746.5113,8188.9309,8911.9866,11936.7510,13495.8190,6608.6931,7717.5744,361820.6168,368927.6211,361876.3138,366667.7068,361114.6704,359453.4195,363383.4216,364273.0252,362456743.5969,362455443.8602,362465293.8227,362465949.0914,10611.3339,8590.0686,11996.3382,9369.1670,13087.1293,10192.7221,1810.3494,11076.2206,9098.3349,9092.7722,12390.2112,13151.4581,12021.2445,13794.9197,13801.0092,9891.4618,12426.3744,7970.2588,8913.8805,5271.9269,11399.3374,10676.3676,4773.1209,10230.9186,2693.4043,2001.2011,6617.9562,8799.5411,12256.9176,8951.6284,4235.3894,6862.2361,7328.6941,11755.6804,13750.0124,12751.0459,6869.9725,12639.5932,4093.1011,0.0000,10911.4793,7989.4732,9453.3045,8832.4629,11283.8777,6664.4710,7414.9601,10265.8014,7143.2517,9355.4277,13392.4420,373223.2648,380571.7428,373303.6757,378107.6354,372648.3451,370895.6880,374815.5937,375737.7203,362449757.4136,362448457.0261,362458307.0451,362458962.4003,13343.7789,10978.0595,13727.8270,6725.3039,7378.0461,11317.3805,10571.0100,10979.4460,10421.6384,3264.1377,9097.9633,12895.4039,9081.8684,9001.0479,11265.8271,12638.1699,5934.7420,8062.4439,12606.9561,12467.3312,8212.9704,11403.5270,4979.3127,12134.3157,9464.8170,8974.8494,11471.8882,11650.4143,11844.5463,9056.0747,7336.2348,8155.4646,12163.9733,8029.7340,6887.6376,8893.7227,11326.6350,7609.4004,0.0000,13192.9519,13591.3090,8903.0762,13379.0721,1426.2542,8750.5497,4238.4031,13696.5567,13200.2635,9756.1771,11189.9660,366595.1343,373598.3705,366642.0360,371417.6021,365796.1561,364228.7172,368198.6442,369025.6404,362452408.1024,362451108.2641,362460958.4673,362461613.6469,6327.4921,2360.9203,12950.4016,13213.2412,7200.6379,11382.8102,5264.4854,6064.6813,13032.1186,11866.8403,5437.7898,10405.0426,10524.3431,5033.0605,6596.6966,13202.2804,8647.5243,3813.0373,8760.4041,8688.3156,5637.4863,11146.1954,6612.5142,10087.2216,11965.1042,10386.1283,5982.1218,3775.9014,11205.2993,12665.8603,12395.3737,4935.8501,11581.7598,13089.4847,11960.5408,6731.8130,11306.0428,0.0000,6822.3466,1391.6197,12374.0075,6844.4206,13050.6279,11972.9784,12442.1541,3921.9657,1708.4087,11895.5575,9149.5660,369310.3356,377175.3934,369436.9408,374225.1942,368834.3247,367114.8466,371176.2478,371946.5265,362457464.9096,362456164.3122,362466014.4972,362466669.8149,6935.5306,10229.4611,13068.5159,11058.6580,11890.9107,4821.6668,5116.2631,9443.2245,9853.0509,4925.9127,5957.6260,6155.2690,3772.0741,5714.1072,13463.7522,6871.5866,8809.8951,9816.7019,5071.3639,8955.1492,8195.6517,11170.2491,12735.5409,13744.8073,12588.3155,1448.3898,4787.3176,13483.2300,13721.6535,13643.4966,2134.0716,7698.1819,10872.9166,13639.6666,1760.6878,12810.9647,0.0000,8703.5581,7468.5641,13116.5229,10433.2493,10065.7590,13646.7072,11916.1330,7053.7315,7607.6000,13029.7932,6682.6564,365721.3135,373496.5931,365838.4177,370603.4424,365120.8386,363536.8466,367672.0869,368335.5338,362459775.4627,362458475.1009,362468325.4868,362468980.6752,12217.3752,12451.7378,8274.9579,9899.4672,7216.0382,7963.5782,13150.7766,10669.9769,4177.2353,9852.5915,9947.2804,6810.0323,5107.3429,13097.4760,10281.3980,5316.3806,6808.3869,10060.6868,7452.2518,12259.3273,7240.5547,10692.3816,11533.6162,9039.3540,6139.8784,5828.2347,11288.0245,12524.0936,11961.6954,5132.0648,10934.0623,12273.5570,11474.5716,6726.5246,11970.0566,0.0000,4684.6741,2014.7446,11419.0711,5039.2152,13421.2495,11555.5043,13211.1335,1674.1063,3229.0117,10796.6033,7864.3976,367514.6155,375391.4635,367642.1203,372437.5335,367071.3116,365311.1406,369347.3557,370152.4860,362458831.6864,362457531.1492,362467381.2229,362468036.5796,5677.3526,13586.6307,6369.6427,12632.8504,12486.5991,4707.7858,2911.7368,10005.2169,5304.9984,5098.2760,12341.8632,9073.8392,8109.7980,11647.8566,13714.7201,8203.8849,10694.9063,13776.1222,9567.3866,13467.8771,12356.4295,9524.9179,9031.3998,10102.8633,12849.7384,11099.8401,9147.4912,8697.5768,10718.9115,3334.0395,1092.5154,9227.1340,9478.0192,11477.0295,0.0000,9657.9691,13056.5291,6908.6723,10946.9714,6185.9206,9343.3080,9858.8390,11370.0943,13311.0562,7442.6988,6479.3040,360952.2704,368147.1847,361015.7144,365803.4375,360257.7560,358608.9687,362567.9886,363425.3764,362458197.0326,362456897.2700,362466747.2710,362467402.5271,11306.1584,4640.0726,13781.5141,13666.5606,7905.7101,6212.7742,12042.5172,9968.6591,9807.3147,13878.2215,11288.5621,3972.1199,12690.9491,12631.7638,8251.3943,12837.6610,12790.0048,11093.3185,11006.7440,8997.8036,4555.2912,5658.8091,12926.1688,13816.3858,6861.6063,4505.2292,3611.0533,13100.1907,8473.8937,4701.7337,4224.0849,12620.2951,8336.0199,0.0000,9888.3676,12791.8241,2049.6996,9464.5282,7934.9543,4387.8747,8316.9104,11875.4619,12869.9151,3121.1970,9806.4739,364175.8369,371219.1224,364226.6717,369035.6144,363524.3968,361771.3953,365622.5871,366613.3383,362454139.7269,362452839.9276,362462689.7153,362463345.0722,11680.7515,7830.6625,7926.4218,12797.3136,13484.7530,11207.2422,13589.2112,13623.7444,8641.4488,11796.2276,9378.7582,8265.3464,3629.9613,11381.5143,9996.7627,3188.0684,10181.9277,1916.2335,3737.6781,8068.0443,9496.5494,11327.3140,7551.0450,5910.8914,8389.0252,8752.2814,10724.7296,13816.0670,13361.3613,8278.5832,11811.1803,5543.6291,0.0000,10542.0061,6674.3373,10531.9912,8627.7205,11804.6948,8109.6842,8339.7407,9388.6731,5685.9656,10344.1380,13114.5303,373477.9723,380941.6778,373568.8717,378368.8456,372922.7272,371181.0263,375134.8726,376020.1265,362450612.4686,362449311.9877,362459162.0695,362459817.4129,13469.0397,13644.3715,10012.5044,4614.9729,9231.2122,8898.1033,8758.1888,13271.2444,8247.4237,7944.7092,13726.6453,11832.5747,4066.0213,13445.8803,12886.3486,12997.1153,10735.8629,10649.5047,6662.5784,3377.1657,11249.3252,13027.6895,8869.8820,7809.2546,6427.7468,11248.9718,7925.0015,5589.9352,6324.9966,10974.4924,10885.3673,0.0000,6132.0462,10820.7456,3530.4259,6264.8654,10650.0448,6626.1085,11528.1561,8869.0056,11341.4312,2954.9751,7133.3665,362401.3139,369729.6289,362477.9580,367292.9125,361862.0491,360049.9796,363925.9941,364905.5687,362457813.9289,362456513.9881,362466363.7108,362467019.1207,894.2286,10840.0629,12673.0028,7962.2442,9841.7725,9990.7407,1180.1978,9007.3859,12854.3873,4035.5240,5826.5952,11877.2626,4149.2708,4981.6613,7207.3389,8519.8990,10167.0169,12989.0893,13050.7712,5758.8990,1569.3952,11770.7832,12808.5716,13119.9594,5430.4045,11046.1202,13043.7231,13014.7221,6376.8801,10456.8754,0.0000,10543.2096,6370.0182,13679.8019,10909.6686,10522.7071,12918.0154,10194.7313,8278.2215,5678.0285,13624.5698,10445.4743,370473.6459,378187.0330,370586.0846,375353.5022,369864.7058,368274.2841,372390.1392,373075.1806,362455579.2926,362454278.7774,362464129.2102,362464784.4041,10385.3884,12732.3788,8555.6134,9860.6148,10003.8691,1803.8643,9525.2197,12571.4667,3180.7915,6304.7398,12288.5289,3465.3109,5118.3936,6447.3583,8779.2931,10032.6087,12931.8301,13286.9131,6188.9581,2447.1842,11662.0643,12605.0639,13012.2199,5998.1324,10979.5001,12915.9819,12963.0223,6722.1676,10140.0452,0.0000,11081.6987,7111.3646,13682.2446,11422.1007,9970.0453,12848.8456,9630.9431,8973.0969,6374.2851,13698.7941,10735.6096,370633.2623,378296.9146,370741.1291,375506.5131,370000.3665,368425.9508,372541.4855,373223.1248,362455059.4656,362453758.9827,362463609.4372,362464264.6159,7204.7666,11360.6378,6361.5091,6267.7801,10782.9969,10942.9105,8027.6156,8586.4374,13244.9695,11417.9200,7754.0443,12425.3216,5600.0259,13340.1721,11579.4002,10538.1514,11703.8396,9991.7356,11609.7517,11084.2935,9359.6338,9706.9556,10729.1044,5238.6127,5340.7829,10367.5238,9468.1489,10118.0631,0.0000,12198.3332,13443.7149,9412.2473,13150.0048,2035.3046,10321.4055,7177.9121,12839.2467,13296.8363,10136.8422,9011.9585,363899.6338,371023.7546,363956.8786,368727.3329,363115.6868,361565.5566,365575.7337,366357.9072,362455591.7302,362454291.9154,362464142.1477,362464797.3104,8287.0791,5061.2859,4868.3504,12235.2868,7125.1225,9310.4476,12599.2599,13117.3815,5708.1726,11573.3323,13733.6268,11256.7846,12978.2144,12730.7486,9650.9782,7644.4373,9322.7800,12536.6891,11424.9926,9912.7224,9060.2242,9777.7770,3690.6131,2863.2723,9325.5636,8734.3500,12375.1392,0.0000,7364.0545,11840.1278,6617.9879,9035.6946,8599.9691,9522.3920,11556.2601,9536.9870,12349.3290,6721.6915,4506.2743,360211.0137,367561.3285,360288.6813,365084.1965,359596.0281,357890.5861,361846.2184,362720.4402,362459945.7962,362458645.9444,362468495.8625,362469151.1706,6492.6035,6610.0975,7102.1885,1415.2153,13480.4647,10528.3697,8672.5619,5938.8894,9356.5602,10094.4222,11666.1499,10477.3462,12877.5173,12672.7516,9853.6609,3583.3216,7021.8001,13031.5856,13381.6808,12748.3206,3133.4459,7923.5520,10327.4635,12511.3177,3738.7901,13534.6201,0.0000,4389.1543,5889.2921,11459.7156,6849.2609,12221.2908,12632.4910,13689.3430,3193.7378,6796.7531,10998.0254,4353.8809,363905.5287,371770.1667,364030.9234,368816.6688,363416.6540,361711.4168,365783.6666,366539.3308,362461605.2374,362460304.8678,362470154.9965,362470810.3001,224.4656,9136.1206,5824.4590,11705.2533,10024.6616,12400.4620,8098.5644,8204.9696,12650.5100,9039.3212,13469.7057,13779.5783,12549.6885,11083.7494,5696.2248,9949.5756,13404.0131,12422.4474,12052.8460,6594.5861,2065.7895,6178.3693,12311.4653,4878.8955,13326.8541,0.0000,8441.0148,10973.5236,10523.8875,10733.2360,7987.8042,12404.2443,11767.6468,9030.0124,11374.7592,10650.4195,3544.6641,361098.6193,368629.6918,361192.5074,365965.3605,360448.9082,358848.8646,362918.4492,363652.4043,362461108.6624,362459808.6624,362469658.8665,362470314.0734,9299.7904,5907.9677,11589.5120,10125.6278,12481.8858,8040.8473,8334.1137,12733.4042,9081.3782,13497.2374,13757.9108,12448.6066,10987.5259,5889.9600,10099.5222,13341.2119,12318.8760,11938.9634,6774.3809,1850.5763,5974.5290,12206.4133,5078.8834,13290.3332,0.0000,8444.4388,11070.3777,10380.4360,10722.0439,7916.2638,12301.9186,11725.4907,9108.4537,11472.9884,10516.5957,3538.9151,361006.6292,368525.4062,361099.3846,365872.8811,360355.5538,358753.2934,362818.5657,363557.4226,362461066.0257,362459766.0379,362469616.2323,362470271.4414,8183.9868,13276.1612,4761.7169,6358.8664,11440.5442,4240.3217,5913.1868,7602.7168,9138.2245,10944.9331,13381.0304,13063.9026,4694.6169,1569.2707,12373.5041,13277.0065,13479.1782,4382.1237,10498.9435,12807.5441,13376.8302,5347.3610,11241.3083,0.0000,10054.2139,6264.3479,13771.7307,10741.0977,10687.7839,13307.4197,10872.4833,7744.8231,5791.3539,13683.1069,9682.9116,369484.3050,377243.7829,369600.7527,374367.0260,368885.3051,367296.1049,371423.4476,372096.3949,362456752.7302,362455452.2228,362465302.6556,362465957.8482,13097.8986,11195.5092,9561.9195,4970.4826,9964.8730,10963.0944,11928.9754,11004.8996,13106.3203,12320.9169,9251.0705,4402.5329,8177.6352,12975.9110,13065.2938,12323.4211,4241.5238,7078.8106,9368.2217,12124.2651,4287.8799,13666.8132,0.0000,3838.7496,6878.6381,10733.7390,6677.2808,11957.6395,12274.3918,13730.7515,3815.2426,7800.8307,10272.1292,3133.8183,362779.2215,370595.6350,362900.0119,367688.5940,362285.6474,360570.3804,364624.9845,365400.9421,362462006.7539,362460706.4639,362470556.5395,362471211.8529,11015.0421,11619.0131,10826.4480,11858.1131,11085.3459,9460.7702,9655.3182,6298.8565,3576.9298,7589.0367,13684.2665,13153.9871,4435.5369,1681.8896,2666.4110,13783.9850,10483.3208,7455.4831,3542.5917,13535.6250,4969.9478,0.0000,11870.5352,12829.7351,4794.8902,10842.7703,7047.3109,3354.8931,5091.7975,13023.6092,12513.8644,5675.4429,12132.7669,367796.5946,374752.7965,367840.1166,372643.7809,367098.3753,365381.8196,369237.5405,370215.2470,362450659.0319,362449359.1562,362459209.0492,362459864.3725,8016.0854,13290.7996,2506.4196,6127.1353,3640.5992,9525.4992,9269.1045,12166.2015,13549.1760,8090.4733,5468.2506,10813.3967,11333.0476,12058.7937,8224.2332,10671.3525,12075.4835,12212.8917,8338.4944,8667.1500,0.0000,12574.2009,9450.7872,13106.4186,12746.6206,7726.1810,12042.9256,7213.3618,11093.2727,8644.6848,13375.2249,11627.6705,370861.8521,378314.8296,370950.4121,375713.0062,370151.2963,368612.6994,372704.8217,373401.8286,362453114.2109,362451813.8778,362461664.3486,362462319.4945,10296.0578,9119.1443,2643.7776,10627.1354,3380.6102,7062.1363,10238.8014,10034.2695,8890.7909,4930.9272,8743.4607,10817.9838,10845.9645,8060.3491,13128.6439,13670.2014,10346.6702,9542.8676,8606.2365,0.0000,8824.7414,3423.8014,11754.1452,7522.3003,12698.5320,10271.7094,10549.3855,6763.7365,2236.8443,11376.8316,11554.4088,372189.2361,379884.8928,372300.9976,377095.2011,371683.7153,369950.0198,373962.5537,374786.2042,362453703.2694,362452402.6731,362462252.8225,362462908.1557,12715.2868,11920.4176,13449.4611,10171.7219,11677.6631,9225.7168,5001.4692,8814.9044,11070.5453,10665.1101,10511.3806,9304.1720,8588.8435,8079.7626,7896.8536,8972.2191,8675.8063,12402.8146,0.0000,2305.7122,8242.6189,7100.6466,3999.1813,12233.7216,9225.4870,13232.9259,5425.8421,9114.4427,6339.9213,5115.8884,362501.7833,370117.4298,362604.6366,367414.7989,362033.1575,360219.5383,364160.2101,365074.6570,362460217.4674,362458917.3172,362468767.1235,362469422.5322,7785.2677,3833.6043,10941.2903,11021.9948,13094.0912,13811.6925,6425.2628,5502.5100,12200.6874,12353.3030,12873.6724,6839.3646,9121.7133,11308.6916,13072.9163,6527.8837,10412.1624,0.0000,12023.2667,9681.1723,13355.6630,12818.3517,7462.6771,12956.3722,8599.2242,10614.7338,9150.6016,13608.7445,10166.8005,368706.6020,376224.7944,368800.5969,373557.9608,367995.2603,366477.8796,370599.8272,371261.3111,362455418.2953,362454118.0067,362463968.5059,362464623.6316,8925.3742,4290.4295,6334.4618,10408.7090,11295.7079,9442.1109,4807.6519,8494.1252,10472.2785,10884.8615,8829.4508,13285.6036,13802.0567,10555.3189,10038.6171,7409.3913,0.0000,10712.2207,5717.2256,12269.2415,9589.2969,11564.3672,10403.0107,8944.7348,8808.5482,4487.4743,12123.0874,12531.8171,373322.6241,380912.0399,373424.6769,378211.1891,372751.7955,371071.4099,375096.4745,375895.1912,362452020.3348,362450719.7777,362460570.0272,362461225.3094,11360.1921,9877.3852,11565.3549,13444.8959,9333.4649,8484.8926,10718.8412,10287.7297,11129.8119,9810.3240,9102.2913,10056.8202,11558.3672,9234.0571,8516.2690,0.0000,13336.5959,11805.9377,12044.2074,13729.6994,4495.3316,11388.0879,5590.0368,12665.0518,11193.0927,12580.4911,11379.4167,368863.8206,376114.0011,368933.4142,373694.4043,368083.2789,366571.9486,370636.7730,371354.7007,362452956.1889,362451656.0893,362461506.5230,362462161.6453,4498.6654,7708.4149,8286.2775,11192.1987,7919.9823,5989.5418,8507.2055,8519.4979,10492.8763,13706.8374,13169.4475,7887.3919,11680.4375,6573.4295,0.0000,9265.7993,5763.5563,9926.1230,7042.3177,12572.7176,7788.7570,9528.0248,8264.5468,5023.4556,9548.2771,12502.8615,372580.0698,380101.3800,372676.2365,377482.5846,372069.4613,370286.4519,374224.9098,375135.2136,362451717.0874,362450416.5949,362460266.5915,362460921.9746,5326.9094,8550.1595,13044.1824,10217.7022,2660.3938,5187.0739,5927.9289,12688.7916,13448.9754,11941.2215,5615.6928,13309.4614,2344.9250,0.0000,11573.1226,9534.1038,8475.3071,9577.5628,10329.7984,5345.8016,6091.8303,11379.9528,8779.5499,8570.7451,13624.3073,372724.7666,379940.0095,372792.9300,377597.7753,372112.0286,370366.7870,374261.3601,375207.2619,362448987.5198,362447687.2517,362457537.2382,362458192.5874,4932.2728,13683.0848,12877.0855,2773.6804,2140.4414,1131.9482,13516.9366,11595.5228,8734.2108,368.0364,13670.5340,5442.0939,0.0000,10150.3102,11251.2431,3661.8275,8381.4310,9859.4522,234.0740,7546.4027,11455.1533,11067.5751,3891.4443,11960.3976,368307.2013,375402.1099,368363.8120,373180.2827,367705.0217,365905.1493,369734.8019,370758.4966,362451252.1670,362449952.1574,362459801.9235,362460457.3260,12013.0003,12454.9526,6807.0048,6751.4292,5291.9867,11722.6996,10428.1512,8264.8001,4702.9044,11980.8965,9383.9258,0.0000,6208.7769,9500.9256,3712.2569,4599.0601,11825.9422,5008.6828,11156.7212,8403.3773,9889.2518,2642.7405,9190.5057,365335.2513,372690.5939,365415.1960,370237.2502,364836.2480,362980.9818,366832.4482,367846.8917,362455686.9081,362454386.8223,362464236.5057,362464891.9578,5363.2077,13620.8258,13863.8867,13617.6269,1145.4785,7511.6960,10697.9051,13556.0396,885.6233,13281.9237,0.0000,7607.2479,7027.0663,12821.2585,9601.3463,10764.0124,13598.4699,12647.2980,6014.9967,7405.7690,12634.1020,5713.1919,364913.1900,372734.6606,365034.4649,369804.0864,364345.5822,362732.1680,366857.8010,367537.8496,362460713.2792,362459412.9130,362469263.2376,362469918.4539,11750.5625,12956.7082,13102.7536,4746.2379,11229.0550,13200.7039,12895.8122,6106.1649,10821.4982,0.0000,9526.1819,4957.5296,13496.5928,9861.2161,11416.9147,12828.8724,11011.5707,7008.3609,4354.8260,13314.5324,10015.5515,370237.6922,378020.7874,370356.5892,375129.0605,369671.3176,368046.4473,372154.4471,372855.4887,362456283.9148,362454983.3532,362464833.7298,362465488.9565,2943.7714,3455.1624,13356.6891,12736.5068,10493.1287,3100.7624,13749.4295,3175.9975,0.0000,11058.4846,10534.8434,6235.1886,9043.7419,10019.8749,2809.4670,6405.0379,11611.7185,10055.8809,6401.5278,13063.9201,370844.0449,377971.9679,370904.0493,375715.7613,370232.7078,368456.7919,372310.2748,373304.5821,362449615.0301,362448314.8976,362458164.7628,362458820.1424,1610.3463,13825.0480,11355.0790,8442.4591,2232.9214,13804.2613,4368.9340,0.0000,11430.2971,12142.9454,4583.2958,9991.8709,8398.9757,1953.0161,5775.8178,12529.8988,11814.7648,5224.2342,12443.5677,368663.2658,375667.0959,368711.4502,373520.7123,368003.1195,366251.4857,370093.6601,371093.3906,362450303.3777,362449003.4273,362458853.2736,362459508.6304,13546.2290,10959.9793,7887.6629,960.5161,13537.5630,5616.0496,0.0000,10387.3421,11776.1644,3150.8158,8922.8861,9058.1505,924.5823,7121.1854,11803.0531,11607.9354,3692.0762,11686.1575,367615.9817,374668.4672,367668.5071,372482.3046,366989.2672,365208.1281,369041.1872,370056.9988,362451469.2513,362450169.3032,362460019.0859,362460674.4704,8318.1502,11226.3970,13406.5073,1968.5485,13120.9845,0.0000,7134.7682,6005.0581,12828.1009,8963.6265,11377.3365,13450.1066,12817.3789,5158.7575,6436.9897,12562.1149,6128.5391,365585.5550,373443.8401,365710.4228,370483.2873,365043.2247,363408.3170,367527.3513,368219.1325,362460468.4000,362459167.9761,362469018.2776,362469673.5140,4284.0295,11329.8415,6754.9385,12794.0698,0.0000,8935.2203,11978.5624,9285.9043,10946.6276,7026.6762,11432.9373,11088.4999,10060.0187,12331.4467,9557.6783,4366.6116,360636.3516,368032.8341,360717.9153,365495.3067,359962.2807,358350.9803,362382.1601,363157.7249,362460268.4728,362458968.5855,362468818.7190,362469473.9378,8421.3816,10122.8207,11107.2889,0.0000,9509.7937,13081.0423,5950.6423,10565.0118,6566.2195,8556.9070,9749.0648,11414.3871,13339.2601,6519.3139,6897.5733,361146.0597,368309.5968,361206.8004,365999.5526,360462.5701,358789.0801,362723.7592,363611.5658,362457714.4698,362456414.7180,362466264.6614,362466919.9412,13524.4172,5693.2311,0.0000,9959.3765,11255.7064,3293.8989,8265.1103,9750.2789,350.6996,7643.8126,11345.4339,11107.4632,3543.0825,11702.3263,367940.9020,375038.8406,367997.7105,372814.0817,367339.0695,365539.5106,369370.1510,370392.7594,362451564.3192,362450264.3222,362460114.0844,362460769.4864,13432.8396,0.0000,7668.9142,7707.0956,12610.4520,9821.0334,10378.0171,13575.5924,12614.1988,6428.7958,8107.7061,12463.0346,5133.7261,364176.1241,371967.7733,364294.4917,369063.4904,363596.0011,361989.2305,366112.8241,366793.3932,362461027.8140,362459727.5008,362469577.8183,362470233.0286,0.0000,12554.7240,10965.0524,8357.0280,10973.1683,8633.4158,5369.6775,3935.8556,12536.7975,10212.5721,8747.8722,13721.5261,372176.4581,379274.7489,372233.6833,377032.2774,371501.7277,369801.4097,373700.3728,374631.1612,362448505.1233,362447204.9703,362457055.0088,362457710.3152,0.0000,0.0000,0.0000,0.0000,0.0000,0.0000,0.0000,0.0000,0.0000,0.0000,0.0000,0.0000,0.0000,0.0000,0.0000,0.0000,0.0000,0.0000,0.0000,0.0000,0.0000,0.0000,0.0000,6306.7391,8707.5880,3167.8373,12898.7798,10165.8225,13577.1067,3210.4902,7328.9571,7936.6900,5397.2587,363780.7814,371524.4150,363895.5538,368701.9367,363338.1471,361531.9639,365506.7066,366384.8291,362460378.8160,362459078.5227,362468928.4019,362469583.8029,11769.8984,5806.8018,13414.8153,11282.8956,12493.0468,3631.8737,1278.8351,11208.1499,9419.9872,369477.9707,377321.3100,369602.7774,374397.6465,369022.2368,367268.7376,371301.5960,372108.7796,362457053.5745,362455752.9805,362465603.0893,362466258.4402,7867.7143,9435.2300,3581.4379,9196.9491,10826.6958,11930.8420,1114.3478,9691.8937,364666.6207,371796.6706,364725.6559,369541.3319,364070.2479,362271.9497,366111.5078,367124.6761,362454391.8592,362453091.9710,362462941.6970,362463597.0964,13409.7932,8459.5882,12854.5224,4421.3553,6589.0248,6948.5889,8154.7029,366184.0201,373851.4983,366292.5584,371108.0919,365756.7640,363906.8709,367833.3089,368770.5841,362457773.6335,362456473.2889,362466323.0898,362466978.5342,9638.6121,5335.0316,13329.5440,13087.7803,10224.4385,10396.7643,365780.3258,372844.6834,365832.5338,370603.7008,364981.9304,363432.9413,367429.7973,368225.1920,362453621.8102,362452321.9633,362462172.2106,362462827.3721,7370.7453,11470.7111,11095.1210,3870.1233,11869.9237,368219.3363,375308.7367,368275.4012,373090.9835,367611.6549,365817.2882,369649.5276,370669.3268,362451285.4799,362449985.4787,362459835.2535,362460490.6507,13607.6512,11796.0116,9895.4814,13149.3449,370504.9863,377521.9531,370554.1044,375337.3152,369742.2754,368132.6476,372075.9340,372940.2313,362449351.5763,362448051.5645,362457901.7454,362458556.9646,4809.2909,10158.9585,6605.7399,365903.1693,373770.9636,366029.5649,370827.0994,365464.9982,363694.2172,367721.3389,368538.0761,362459948.9804,362458648.5153,362468498.5387,362469153.9052,11447.6233,10158.1932,370522.3465,378325.3316,370643.6039,375436.5673,370045.9210,368307.4178,372341.3214,373144.1242,362455932.0261,362454631.4202,362464481.5653,362465136.9021,9452.8244,364663.6217,371856.2584,364728.4468,369546.8516,364098.0917,362278.7895,366118.1116,367136.4354,362454883.0954,362453583.1592,362463432.8597,362464088.2786,360802.0660,368458.7016,360907.7148,365694.5306,360248.5428,358560.3495,362597.7817,363385.0060,362462181.4940,362460881.4034,362470731.4569,362471386.7459,27138.5172,2360.2638,5628.6265,10191.1671,6776.4529,14362.9644,6673.2243,362746012.5071,362744726.6378,362754571.0291,362755226.3874,24834.6241,24311.4173,21723.5387,22425.0736,18565.3607,20550.8422,362735179.0767,362733894.8137,362743738.7384,362744394.0279,5112.7543,8665.3477,4930.1547,12669.5980,4527.3428,362744647.0260,362743361.2810,362753205.6407,362753860.9917,9248.2231,9154.9421,14491.0435,5058.8725,362748682.9714,362747397.4101,362757241.7970,362757897.1045,9818.4203,16903.1616,8018.7925,362741569.3353,362740283.8347,362750128.5364,362750783.6941,9248.2231,5368.9232,362740414.7948,362739129.1262,362748973.3393,362749628.7421,10300.2458,362739822.2708,362738536.9843,362748380.6958,362749036.2552,362744213.0288,362742927.5739,362752771.8365,362753427.1808,23465.2572,28198.9703,21726.4386,23604.9188,17227.8120,9217.8521,
3900.000,6489.5443,13403.6051,11188.6333,12021.4122,10571.3972,8271.6979,12098.5725,6932.5124,7454.5069,10030.3349,10709.9974,7769.0782,13609.1820,11234.4905,9678.9891,13018.9187,12175.5004,10752.8780,7947.7014,12714.8050,10205.7213,7427.3017,13746.3373,8725.8639,13621.3109,10011.9957,9826.7950,12570.3660,11462.8528,11152.4978,10787.9399,10325.6126,9175.5384,8999.3731,5017.0096,11775.7360,6361.1073,13352.8022,8269.2231,11724.2428,11493.6066,6910.1459,6833.4250,9585.8347,7822.0543,12762.3325,6554.8330,11234.0541,9580.9108,11361.9996,11177.4816,10885.4766,7116.6071,4646.8233,11887.9311,673.8721,13332.7274,13626.2822,10265.9723,5490.2150,10302.7274,7352.0252,7132.8170,13226.8591,7843.3861,7998.2786,13367.0385,12820.2001,5129.6575,13382.8618,13602.8671,12835.8174,11530.5891,9220.0373,7737.8263,3646.7669,10642.3501,13177.3737,10065.0514,6600.8756,7476.3365,10900.6837,5977.7313,6189.0613,7273.6487,10132.2441,10653.5983,0.0000,6422.9052,10703.9737,4655.8523,6559.9305,10797.3310,7937.7963,10775.7483,8991.9958,11162.8012,3374.2539,5951.9413,362403.8669,369619.7827,362757.0390,367416.0238,361902.9072,360231.3784,363820.7201,365151.2102,362456918.7763,362455167.9636,362464693.1679,362465326.3892,13311.4066,12753.5499,13675.7091,13073.6047,4647.4902,9639.2058,468.9420,9273.9956,12992.9992,5532.3819,9242.4842,13007.6386,8348.9007,12781.0131,9462.6611,12048.2278,6589.5841,10859.5980,10420.2940,12987.5099,6193.6988,12737.0384,10221.9651,10948.6131,12738.6070,7598.8851,9655.3425,6839.9443,11642.9785,10775.3293,9729.6504,12822.0464,9915.4996,7277.1172,9583.7360,8418.4413,10683.7831,10211.0172,7805.2008,9939.2606,11080.3098,11399.8606,13085.2541,11873.8187,12465.7059,8196.4553,8205.5340,6162.9462,11927.1900,13416.9782,12993.1287,10295.6189,2109.4974,9519.8547,6989.2557,13429.2474,12868.3256,9736.0098,9691.3036,13377.3816,11068.9542,10932.0851,13398.7322,11947.0763,3571.0523,12409.6029,12040.0480,10379.6119,13046.1476,11792.1960,11584.0652,9972.2107,4868.4443,1705.1534,4729.5300,13471.1950,13489.6452,5046.8398,2229.5409,1298.2247,13408.6211,9714.7327,9663.2445,1091.0805,13270.4916,5601.1789,0.0000,9820.9539,11475.3145,2223.1970,9917.7769,9144.2657,2594.6634,5567.3486,11325.5369,11328.5229,3320.9633,11081.9637,368410.0835,375444.5930,368750.3331,373406.2274,367849.6547,366204.5782,369769.7804,371116.1186,362450745.0906,362448994.1709,362458519.4665,362459152.6631,5737.2212,4180.8742,7024.7237,12083.6478,7635.3381,13277.0275,10637.3004,6826.3255,10975.8454,10349.4195,1085.5600,9137.2229,7109.4672,7741.6953,6541.6970,10945.5497,9601.4306,7612.8524,6279.4645,11915.1550,2651.6912,10589.5620,5397.1071,7847.5637,10324.2649,8145.0431,9810.7175,8145.2140,8896.9458,10082.3580,7772.8911,9577.2999,12924.9382,7813.3021,12235.2298,5765.1115,10800.8059,9729.9133,7884.0673,9935.4643,10414.9438,7364.2146,9031.2294,5186.5030,11424.3156,10110.8414,11036.2594,7703.2024,5005.3604,6862.2671,10337.8934,13719.0101,9024.0068,13255.6906,731.1282,2702.6893,8865.6708,11263.4064,6570.4966,9813.6269,9987.0231,2875.5803,9625.3218,12428.2929,2819.7655,5751.7878,11398.1430,1342.3144,4855.8679,5106.1567,9047.1570,12203.7138,13040.6284,13702.1087,6133.3085,1534.0523,11672.1529,13436.7998,13009.6159,6105.9421,11045.6101,11026.9595,13093.4775,6643.0431,11192.9572,0.0000,11477.3412,8658.4133,13675.4560,11468.1248,8758.5138,12830.0952,10839.3976,9732.9139,8213.5775,13770.4705,10684.8383,368518.8400,376277.2475,368913.4216,373535.2765,367986.8991,366520.8859,370385.2442,371390.9344,362457576.8312,362455825.3987,362465351.2947,362465984.2993,6349.4163,8329.5471,10520.5716,7313.1071,12872.1731,6212.6875,6900.8646,12702.7931,5997.6900,6138.3984,8243.5291,3317.3699,11298.0195,10469.8490,13321.5129,4621.1219,11719.7622,3124.7332,9131.7071,8028.9227,12152.6014,8620.1432,8916.8459,8230.4489,11960.7375,10746.9462,11218.1565,11872.8565,12786.3959,4829.3611,5192.6488,12823.0354,6954.0030,12691.1661,8115.6633,12033.2785,12679.9841,6138.7987,5664.6692,9204.5986,5351.6354,5134.5139,9642.0118,7424.2500,13109.2375,9654.5671,10881.9097,3161.9053,8761.7493,5598.9763,12414.4073,12570.4759,10807.8831,6016.4663,8087.2808,5605.6294,7062.8924,5685.8779,5148.0698,5379.1289,7685.2536,8875.6429,11233.9519,5485.9023,10248.7892,9516.7309,5151.3017,9733.7056,5257.3163,12487.5843,13725.8952,13221.2539,12947.4689,5784.7575,6340.3438,13345.1690,13510.6120,13003.4489,7032.2481,6663.6048,6577.7897,13008.2642,4661.1484,13060.2729,0.0000,11504.2945,11392.3126,12805.9090,11549.8955,6683.5898,13395.1672,11599.9732,11043.5553,11390.1613,12337.4908,8026.6829,363801.0915,371357.6204,364179.2162,368796.4210,363191.0909,361763.9353,365610.9254,366621.8092,362459496.7088,362457745.6216,362467271.4687,362467904.4426,3181.4545,13417.6721,10587.8251,13756.9896,10883.9626,3040.5691,12438.1382,10785.4944,5176.4727,11676.3093,5522.6369,9962.2802,5479.2877,11744.5301,9193.5462,8499.7933,4679.9360,12872.7488,5385.6516,8230.3924,8874.0578,4135.0402,12225.2532,9361.3308,12215.5711,6235.1813,7376.0455,8877.0011,5336.0906,10469.4312,11071.9514,10601.3187,10124.0454,9274.8353,8283.7523,10961.7456,10434.6983,8440.7975,7211.2463,4436.8585,7127.8320,4806.8637,11614.7417,10516.2247,12881.6336,5737.1135,3613.7412,3263.7505,9804.8307,13608.3688,9350.5771,11805.5176,3576.6110,4879.5379,10649.9792,10183.5962,3211.5975,8743.7772,8891.4299,3108.8765,6186.4038,13620.7361,6643.4593,5787.7207,8647.1538,5222.5806,6918.6450,8402.7292,8712.2796,12561.6784,13595.4998,12594.7180,2616.5487,2924.6320,12611.3540,13393.6727,13566.2204,2076.6154,10224.7904,10365.8888,13587.7884,3976.2787,12445.1507,0.0000,8756.0930,6515.5626,13357.2721,8723.7702,11019.8018,13246.4368,12851.2284,6762.9046,6592.8190,13221.6515,8049.5615,365722.3973,373610.4587,366126.8021,370759.2425,365274.9975,363736.4600,367578.3601,368626.4996,362460652.4566,362458901.0379,362468426.7691,362469059.8458,13788.9264,12356.3849,13216.9291,11417.9441,1845.6972,12563.9063,11443.8792,7871.8045,13080.0198,6382.1529,10883.2431,5158.2526,11406.4519,9753.8698,8756.7071,5875.6218,13262.9211,7531.4754,5781.7421,10806.8973,990.3389,13286.4767,9672.4467,13170.6682,4747.0078,5900.9898,7358.3900,5430.4445,11523.4894,8891.6355,12332.7347,7749.4742,11254.0349,5699.7130,11034.8777,12179.7472,8268.0592,4850.5670,4368.9155,7005.1347,5408.5588,11882.3840,10029.1544,13682.3607,4388.3826,5528.8561,896.8271,10086.5062,12769.1140,9006.6877,10395.6837,6424.6719,6955.8552,12082.0695,9851.7081,3338.5436,8900.5981,8974.1082,5256.3852,3695.1795,13789.7884,9228.0686,6246.7006,6585.5873,8016.5087,8319.8324,10713.1556,7973.8084,11830.9310,13048.7896,10968.2246,3016.9840,5728.1230,12319.9279,12406.2529,13046.0097,1549.4082,10118.3071,10364.6840,13027.1372,4561.8634,12401.7394,0.0000,6094.4535,4674.5828,12297.3355,6037.8971,12513.0851,12575.3331,13456.5861,3961.8413,5263.2003,12100.9760,6565.5426,364665.3338,372564.1300,365070.7976,369715.7467,364280.2831,362663.3054,366450.5033,367574.1491,362461331.1242,362459579.7329,362469105.2814,362469738.4361,6304.0268,4621.2849,6641.8316,13232.5140,6836.1109,6419.8149,11637.5094,4599.6153,11551.5273,9604.6882,13211.7846,8933.2348,8814.6524,11585.5644,11793.8176,2644.8214,12105.7275,12819.8883,9376.8632,13745.3205,3303.4021,10796.4639,5125.4547,13401.3867,12887.6230,12344.0034,12145.5409,6697.0647,10614.6961,6068.2433,11562.1844,8616.4869,12794.7851,9344.4841,6270.6336,10077.7214,12585.3057,12670.3244,11035.5846,13095.8389,5759.0662,10490.0194,1887.6979,13502.0481,12212.9548,13836.3158,8432.2056,5132.3747,11406.2536,8441.5849,12430.1276,12414.5623,5990.9472,8663.8169,13102.3799,9630.8243,9548.9987,13165.5250,13010.9490,1184.8356,10378.8090,12830.5139,11620.6052,11379.6807,11746.9954,8768.5234,12059.4037,8194.9621,5457.1507,8365.9799,13219.3516,12744.2515,7477.0850,6708.3544,5072.3189,13595.0484,8329.0677,8084.5867,5087.7417,12612.1643,7399.0280,0.0000,12252.9921,13405.2265,6131.4192,12354.6360,5249.7125,6389.6979,4618.0113,13351.8891,13150.6562,6284.4493,11521.4585,367930.4056,374892.5911,368264.4134,372901.7247,367261.5545,365735.7314,369371.6364,370615.0611,362450810.5051,362449059.6709,362458585.1985,362459218.2776,9509.8219,7650.3245,11755.1437,8061.1339,7158.8639,6905.4125,1861.1758,9814.5567,7404.7353,11375.7308,9901.5056,8659.3697,9899.4389,9642.3071,6667.9959,8005.8015,13531.4324,4660.4624,12764.9308,3833.9176,9358.7946,4555.5361,12483.3672,12437.9632,12606.2697,10921.7150,6194.0261,13426.4785,707.0368,13646.1386,3452.1356,13665.8101,9127.2120,1895.7551,10395.1291,13237.7094,11265.5250,10660.4292,10546.9403,7970.8505,10671.1964,4564.8365,12339.1830,9396.6457,12322.2289,9030.3534,10388.1432,10748.9482,12065.3362,8232.3015,8528.4010,4024.8392,10242.0251,11312.7318,9757.0854,9840.9435,9684.7289,13119.1316,7017.5433,5087.8048,10443.5084,13088.7225,6532.5860,8383.7922,3052.8187,11525.5339,10582.9568,9639.1605,12416.2773,11229.0586,8847.6668,9387.3862,10913.5456,9458.2718,11675.0573,9718.2194,9447.7829,9573.8965,10769.1302,8741.7459,0.0000,13729.5220,12804.1454,10953.5185,13789.2012,2467.9390,10043.7756,5848.2839,13497.9290,12286.1748,11154.4505,12416.2476,369627.4840,376861.9369,369981.9894,374600.5625,368940.6287,367520.1326,371296.0991,372374.0600,362452188.0887,362450436.9992,362459962.8613,362460595.8288,9514.7441,13169.7600,5152.2655,9460.4796,12939.4043,8221.7044,12989.8063,9183.7877,12015.0997,6307.2755,11114.5892,10236.5861,13169.5774,6342.8171,12632.2249,10350.5358,10742.5033,12901.0339,7577.8393,9429.1753,6530.8971,11665.4018,10776.2317,9710.8347,13058.1093,10077.4809,7551.4542,9484.1462,8637.4959,10489.7649,10370.5447,7517.3539,9893.9136,11386.4996,11695.3923,13304.1247,12153.6636,12413.5452,8462.9802,8002.0122,6069.4357,11949.8233,13554.7817,13110.0607,10580.0263,2575.8475,9347.9679,7428.1051,13405.1500,12780.1564,9791.4496,10035.1544,13562.1573,11357.8292,11228.0610,13374.0955,12208.0997,3502.8436,12331.1078,11956.0189,10725.6607,13002.3271,11631.2261,11510.1822,9863.3980,4631.5236,1340.3396,5089.7691,13637.6745,13478.4667,4702.5400,2273.6944,909.8637,13550.2578,10039.2829,9978.5784,740.4236,13465.6305,5235.6689,0.0000,10078.9119,11522.4337,2642.2573,10171.9207,9116.1611,2332.9321,5213.3465,11485.7253,11331.5408,3783.1259,11418.6802,368868.1154,375900.2296,369208.2469,373863.7378,368305.2220,366662.8526,370229.3964,371573.6982,362450373.5134,362448622.5775,362458147.8848,362458781.0786,10081.6262,11680.7950,523.1937,10701.2179,7071.7125,6641.1130,12619.5867,13291.2088,12891.0469,2609.7589,13597.9776,7257.2488,4230.5090,12016.0394,12799.6822,10977.6734,11495.3907,5353.5629,13389.7907,9805.9902,13379.3804,13484.1686,13663.4995,7443.2456,1914.4423,11152.4910,7023.4385,11852.9221,10155.7751,12523.2151,12981.6646,6103.5562,4588.0757,9605.0370,8393.0067,5828.7601,12995.9533,1411.0002,13516.7145,6623.2466,13293.3927,8229.5023,11873.8767,2222.6288,8330.4837,13755.4905,7068.2431,10916.6578,12145.8226,4016.8560,3446.4125,9315.0637,3760.4260,3709.6196,12068.3285,10049.5607,7467.6674,9568.0693,13265.7536,8653.7459,9961.0290,12792.7409,8086.7231,13825.1898,12341.2863,10419.1439,9939.8437,9658.3028,11167.1251,12114.3385,10679.7985,10043.9341,10724.8414,2741.9315,2333.0660,9969.8157,8355.3534,12094.4719,0.0000,11231.0844,13301.9123,9205.5426,11337.5673,5472.1025,11003.7287,10022.2398,12328.4271,13421.8576,8359.8623,7509.0463,362386.5929,369559.0890,362735.3892,367363.3000,361724.6844,360249.5181,363972.6747,365117.0574,362457085.1141,362455334.3552,362464859.9682,362465492.9973,12937.2845,10129.2788,7726.2960,12458.4934,4622.9265,11449.9845,6568.0556,12127.3155,8195.8704,9796.5845,4177.8233,12386.9527,7919.6535,6975.7652,10840.7361,2312.4171,12476.1063,10582.6459,13080.2340,6334.9916,7366.3806,8676.9408,3613.6143,10203.8212,9272.0668,11637.1089,8400.9323,11093.7380,6775.8094,11776.1509,11315.0492,6688.5356,4342.1450,2527.8069,5315.4905,6563.4093,10673.3253,11008.6754,13085.4100,5995.7786,4070.7300,2666.8719,8590.1297,12504.9006,10123.3201,9751.8455,6332.3141,7433.1999,10976.6845,8474.2627,1557.1349,7302.3577,7396.0347,5793.9088,3284.9257,13369.4206,8799.9908,7416.6471,5925.2189,7613.4258,9020.4907,10025.1235,9242.0865,12417.8389,13176.7434,11014.4779,1419.8039,5766.6403,12813.8976,12608.5488,13110.6659,1133.2375,8710.5566,8956.8434,13078.1691,2765.6413,12871.4498,0.0000,6569.2816,6254.7196,12209.0477,6546.5889,11630.9786,12848.8979,13430.1575,5185.9186,6791.6693,11835.0787,5392.8909,363440.7502,371285.1182,363841.6648,368482.1724,363018.5642,361432.8640,365230.7105,366335.0670,362461855.7251,362460104.4273,362469630.0093,362470263.1347,11442.5730,10372.3516,7514.3410,13489.8920,4597.0565,9557.1844,2712.5988,12816.4201,6419.0814,13309.2516,8984.8285,9505.7460,10131.0086,7245.7921,12497.1340,8358.9199,5272.6103,3960.3526,9922.4989,8996.6921,8065.7024,13724.2711,11459.2637,9598.7940,8418.2943,9842.6006,7419.0191,10476.1239,3078.0317,9324.9371,13264.9962,12994.5313,13669.8584,13525.8343,9693.4089,11133.0338,4674.8521,6917.8470,10145.0851,13128.9336,12166.0902,12681.5110,7422.4765,5929.3470,11107.4028,11130.6626,9768.2594,10328.2514,12662.1993,13462.6865,13186.5733,13148.4524,10929.6062,13033.6195,6095.0471,10006.4031,8948.6924,12758.9583,10789.0785,7926.7036,9777.1514,7075.5147,3360.7639,4110.7737,8568.4664,13309.6869,11268.2571,1653.0917,5440.1604,4356.9712,12879.5879,12558.2524,12478.1528,4584.0457,13581.9347,805.5918,0.0000,11264.6747,10095.8362,7116.6455,11305.8252,9062.6473,3812.8422,3052.6024,11315.5115,9432.8151,8289.0334,13321.7487,372830.9686,380050.8331,373185.9041,377835.1375,372286.0858,370677.6718,374312.2612,375581.8858,362449018.9064,362447267.6757,362456793.1703,362457426.3248,10374.4399,6602.5359,6679.0385,12301.6622,13166.5457,12715.2442,2792.5469,13378.0466,7243.8196,4066.6023,11720.1796,12871.6848,10566.4099,11555.2944,4926.6959,13150.8216,9435.2706,13331.1841,13434.6494,13622.4521,7557.7683,1436.4644,11329.2376,6524.5104,12000.0274,9717.1650,12621.8631,12752.7294,5590.8591,4892.0165,9839.7717,8483.0137,6043.3745,12824.5581,1648.3528,13358.4880,6274.4051,13236.6008,8142.3413,11874.8313,2573.6429,8411.6897,13586.2365,7409.7020,10656.1840,11874.4841,3493.9831,3893.2869,9354.4756,4040.6142,4015.0040,11863.9509,10236.6145,7287.9880,9177.2346,13080.7951,8954.6102,9627.8827,12504.2298,7627.9997,13700.8691,12236.6326,10334.7965,10110.1474,9671.3004,10937.7920,11940.2599,10680.8192,9963.8594,10724.8700,3192.3076,2794.1310,9901.6930,8394.4999,11880.3919,0.0000,11417.4640,13282.2884,9290.9213,11521.2962,4964.8950,10924.4277,9708.5604,12416.5341,13360.4819,8514.1591,7818.1582,362813.5324,369986.2230,363162.3779,367788.9878,362145.7498,360678.5269,364407.4348,365543.9658,362456779.8755,362455029.1001,362464554.7368,362465187.7578,8473.3887,7825.1728,7005.2658,6820.3160,10502.8152,9914.0135,7281.8279,7049.7628,11643.6137,2288.8171,10974.3253,4385.0467,8644.3458,9846.4820,7685.3016,9033.3517,8516.0751,9133.2389,10190.9707,8565.8807,9540.5462,13160.3715,7156.6637,12534.8448,4778.4150,11222.7163,9202.5334,7357.9989,10443.2505,11105.7307,8229.7422,9666.3947,5438.9145,11436.2861,9794.6979,10493.0335,8112.2096,5859.7468,7657.3294,10625.6064,13557.4132,8774.1592,13495.9255,1694.3169,2615.2017,8578.1552,11601.8474,7503.0958,10254.2763,10420.1816,3472.6560,10374.8460,11982.7037,2054.3301,5824.1176,11982.8808,1102.2644,4376.6005,4471.2519,8974.9011,11856.5344,12665.5441,13759.0077,7089.2101,2441.1964,11186.5281,13204.0648,12641.8741,7043.9088,11343.3972,11292.3950,12742.3345,7524.4302,10634.8893,0.0000,11960.2217,9058.1626,13543.6092,11955.5813,8270.3648,12479.5189,10138.1708,10294.6825,8509.7379,13720.2508,11320.1242,369364.8777,377076.6775,369755.9970,374376.9915,368816.3909,367358.3226,371217.5521,372226.0128,362456535.4321,362454783.9995,362464309.9130,362464942.9097,10428.6698,7961.2878,12177.0631,9635.3119,8587.7129,10518.6379,10400.7032,5197.5082,9392.4264,13651.2364,6011.1867,13366.1742,2293.5758,9841.7254,3917.2680,13048.8410,12851.2087,12796.3238,11447.1688,5881.2154,12928.9247,1716.4594,13367.4214,4906.8086,13745.4070,9164.6738,2450.2803,10361.3200,13343.1882,11884.1482,10879.3622,11540.2910,7097.5597,10726.1977,2773.6004,12976.1303,10379.4580,13073.7060,8754.8360,9093.5859,11085.5885,11245.6018,9675.3865,9870.1884,3818.4739,9802.4369,12072.6514,9714.3559,9753.8121,10950.6006,13388.0451,5390.3652,6775.3403,11368.4887,12937.4487,8121.7322,9504.6358,4775.2013,11888.2989,9971.9144,8503.4315,11527.9799,12055.7594,10217.3701,8790.4752,9877.9555,8272.5670,12516.0081,9280.9613,8986.2005,8377.1263,11502.1762,8235.0961,0.0000,13633.6370,13287.4789,9793.9210,13707.2957,2050.2437,9071.2497,4903.3614,13790.0402,12824.1300,9993.4501,12379.0935,369326.9633,376451.4420,369673.1233,374295.3922,368628.8036,367190.0933,370927.2476,372047.8884,362451395.6352,362449644.6363,362459170.4221,362459803.4102,12467.2358,9948.1381,13603.4318,4288.0256,12065.9185,943.6580,9994.0112,9147.4614,10460.9744,10656.7289,6784.4208,10022.5831,12493.0111,12386.9290,10133.8659,10893.0389,11876.7513,1571.5173,6572.6203,11134.7302,9459.6219,10913.2519,10385.2253,10190.3837,13242.7496,8713.9633,3634.2569,6387.6029,2381.0621,2377.3758,9508.7098,7654.9514,13141.2883,11187.0270,9829.3094,2400.7396,7062.0883,5018.8601,12055.4831,12581.5613,9217.5073,7047.4035,8965.2960,7783.0080,5725.9996,3270.2308,3724.1871,3931.2689,7931.9311,6091.1679,12068.3832,7865.4364,10243.0233,6841.8502,7109.4298,10661.6011,8097.8126,12132.6832,13700.9666,13374.5161,11757.7737,3668.9648,6983.5126,13742.4208,13184.5475,13167.8195,5185.8557,5660.1969,5791.0369,13124.2940,2020.5268,13680.7567,0.0000,9289.2607,10119.2936,12261.3249,9331.7343,8977.4152,13426.6154,12924.1667,9054.9226,10434.9107,11595.5970,5183.1741,361782.6474,369424.5734,362167.2909,366794.7597,361242.3727,359748.7664,363567.5485,364625.0424,362461584.7373,362459833.6637,362469359.3606,362469992.4001,6995.3692,4658.2739,13046.1116,3471.8013,11984.5674,11141.8019,5676.4093,10050.4036,4000.1100,11127.0772,9599.9478,2524.5843,5250.0338,8252.0183,7758.2015,7615.2783,12823.2800,11895.9520,11427.9283,7960.7561,11040.2576,4875.6402,10536.4339,2964.9946,8936.0471,13497.4378,12999.4181,12525.8353,13272.4774,6579.7548,12579.6414,4619.5214,8900.5758,8265.9752,11317.1275,10332.9345,13266.4163,10949.4420,4435.5730,13253.0298,7885.5216,6027.8954,10502.8002,13642.3077,11946.9562,13409.1535,13454.2254,7615.9308,12619.2869,9321.5658,7125.7174,5783.6572,13390.9892,7737.7381,3822.7427,7845.6380,5718.5180,6662.2566,8314.6102,11429.8026,11613.1432,8067.7672,5524.7309,9239.0561,8498.2343,11007.7860,13483.1476,13417.0750,8688.9499,12210.1933,4731.0117,0.0000,11848.9078,8742.8475,10634.2644,11850.9798,9258.7226,7885.3122,5770.6672,10729.9184,7787.4917,11523.0522,13640.3799,373760.0499,381236.5953,374134.4573,378773.8704,373235.3833,371677.5263,375408.6700,376570.6950,362450735.3391,362448983.8863,362458509.5815,362459142.6796,7920.0148,12448.2502,4059.9642,9311.5992,13673.9693,5072.5926,5483.8656,8256.7431,5360.2086,13075.8941,5229.7575,10902.6562,2089.0819,2830.3561,4349.7301,9557.0183,13043.4349,9294.3086,11638.5590,8027.6090,9158.6463,5995.2055,7136.7725,12003.6646,11672.5494,8716.6531,8721.6820,10782.4927,1530.9720,13513.9569,6072.2361,12942.2556,1753.7408,8542.6568,4321.0865,12743.5393,12575.7299,4575.2729,12260.2734,6012.0063,4536.1560,12730.1970,12675.4061,7702.4306,12058.8385,12119.5066,4018.0256,7894.0552,12968.0900,8401.8052,1597.1814,9968.8844,7595.4352,4483.9112,10214.4935,3682.2925,9128.9004,11358.2291,11099.3199,7242.5851,5434.6894,9365.0356,11069.2130,11510.7889,5890.2606,12807.5200,12945.9757,11576.7007,8620.1932,9276.0164,0.0000,7828.2276,2829.5274,11900.6128,7759.8635,12415.9391,10640.2593,11181.4249,5292.2079,2020.4660,12315.8205,10420.8666,369753.7889,377604.3639,370156.5125,374804.2637,369370.5113,367739.1490,371503.6271,372653.8947,362456991.6187,362455240.0485,362464765.6289,362465398.7966,13609.8472,4872.8915,13349.6205,10759.7758,9168.6402,8211.3731,8130.7088,11238.6819,10425.5516,3908.4481,6371.5956,8016.2034,6902.7777,5747.5595,13564.7340,12830.2753,8382.9246,10257.5907,8282.2873,8642.5093,8661.5155,1780.5108,11075.3210,13581.3000,12112.6270,13308.6094,13622.6513,8395.8465,12394.8487,2190.9508,9171.0693,8329.6716,13095.4588,10889.4248,13482.7333,8206.0106,3770.7492,11183.1098,10925.6773,9264.2752,11978.0508,13228.8616,12937.6304,13700.0805,13659.9398,10188.8654,12059.6415,8140.8230,10663.1093,7553.8999,12118.6320,11090.8452,7308.0103,10997.7650,4821.1854,2264.1936,5092.8627,8141.0654,12734.2052,10878.0713,1866.0686,5540.3648,5448.1237,12007.4162,13257.0648,13260.6686,5614.6539,13306.2056,1988.5940,0.0000,9880.2974,8157.6780,7485.9939,9895.2358,10927.8883,4236.1898,5673.0629,9636.1652,7471.9494,8686.4510,12965.7005,372854.2149,380215.3769,373220.2174,377876.6455,372381.4591,370721.4140,374350.9276,375640.4217,362450126.0585,362448374.7166,362457900.1387,362458533.3428,13501.6484,5033.4184,6644.5513,11339.0829,12113.3836,11232.1144,9902.8941,7347.0993,13537.9445,11196.7979,12513.2752,12867.2173,13346.0525,5120.0167,3199.3011,11144.7746,8088.6578,11557.7138,10568.6297,11791.4718,13557.9029,7114.7415,2533.7809,8123.2938,6171.4761,3518.3835,12113.9135,3758.1028,13826.9008,8668.8048,12351.5033,6206.4903,10335.0890,1044.5257,9860.4059,13775.3440,7443.9321,9780.3882,11357.5869,5291.0527,2832.6712,7215.6741,1512.7277,1609.4381,10907.2145,8427.6037,9530.3534,9119.0304,12574.8431,7490.7863,9107.1392,12448.2493,8153.6346,13620.2336,13242.6436,11866.3969,10631.9350,7623.7197,9936.7726,13160.7780,11881.2076,11542.5583,8893.1115,2269.9247,2127.0097,11468.5648,6133.2912,13146.0951,0.0000,10451.6315,12427.8526,10486.9356,10543.0090,6871.1529,12256.5942,11546.9314,11251.1946,12666.0920,9598.1106,5930.3989,361275.0334,368616.8319,361636.5613,366263.6218,360652.5613,359175.9061,362937.6112,364045.3062,362459401.3075,362457650.4716,362467176.1122,362467809.1407,11509.2181,12780.1289,5299.4092,7489.2156,6323.0537,8901.5323,11796.0450,1274.8794,8180.4381,5212.3526,4702.9880,4817.2944,12030.3893,13162.1988,10013.5154,10337.0755,9173.0091,7355.0130,8085.4589,3568.3776,11072.1262,13315.5607,11370.6173,11465.3986,12810.7148,4147.3711,13595.7771,3259.6664,11218.3972,5272.4975,10786.6437,8038.5359,13710.2592,11583.6907,1843.4075,12947.0188,7426.9497,5244.2238,12266.9288,13776.8408,10671.6611,13483.9365,13523.7843,6204.7492,10835.1507,11192.4231,8245.7567,3131.9165,12111.2427,8178.4266,3194.8360,9622.1653,2678.0873,6774.8386,9300.9402,10929.0863,10273.9418,7253.9081,6480.6200,9540.8409,9536.9004,9258.4385,13784.5734,13824.6272,9675.2961,11277.3059,6140.0332,0.0000,9874.6199,5764.7644,10946.6765,9840.9944,11406.5286,8561.2771,8395.1959,8192.6011,4699.7260,11760.0769,12634.7329,372812.4334,380472.5586,373201.0348,377848.5559,372376.1820,370757.8719,374487.3762,375668.2634,362452958.7869,362451207.2307,362460732.8312,362461365.9877,10398.6026,8367.6612,10256.8073,10123.4926,6391.0196,10202.3114,11990.2762,12229.4063,9630.5190,10453.7038,11528.0559,1914.6172,7013.5322,11295.9671,9343.2798,10955.8669,9926.0276,10038.9958,12884.8615,8670.6300,4502.1406,6592.6164,2265.6439,3218.8915,8787.7155,8267.1279,12784.6631,11335.1707,9289.2794,1463.7718,6509.7365,5795.3183,12396.0474,12123.2005,9783.3126,6187.9019,8167.4845,7974.6522,6531.9334,2779.5879,4586.7228,4791.6448,7087.1587,6135.2072,12288.7213,7241.7279,9557.8907,7255.6060,6361.4127,9969.3590,7718.0055,11674.7419,13595.3673,13466.9932,12044.6289,3060.0699,6107.9836,13595.6053,13318.2417,13285.1682,4568.2229,6455.2777,6570.9663,13256.4627,1590.2865,13491.8606,0.0000,9355.5900,9672.0319,12546.1833,9386.6719,9039.1284,13466.5988,12832.0603,8816.8020,9936.4809,11974.9008,5737.9152,362461.9025,370146.6119,362849.9246,367476.5667,361929.7100,360438.7899,364269.2666,365314.6692,362461453.0207,362459701.8888,362469227.6142,362469860.6497,12489.0931,13060.5473,10273.5178,13237.6898,3063.1312,12197.9132,7106.3960,13782.8025,13481.1519,13175.2472,10657.3431,4604.2841,10764.2576,6187.9792,11741.9296,9410.3074,12912.8885,11099.8798,5862.8286,8118.6678,11602.5863,11367.8067,9271.5303,13504.2914,3267.4391,12001.0097,3252.4628,13823.9027,11056.0522,13479.0180,6176.7765,5772.0030,12698.6871,7396.0782,12256.3180,12741.7106,4658.0543,6540.2374,12020.6911,7556.4237,7464.0845,13191.0397,12107.6589,3565.2417,10331.6382,13442.0199,10503.4056,11170.3585,12575.7120,8584.0936,13120.9996,9979.6384,7362.8675,8672.2591,12238.0893,12562.2299,9509.8032,8128.6960,6943.7320,12891.8859,6112.5085,5813.4071,6893.7030,11338.1298,9490.3074,0.0000,11968.3092,13733.4986,6909.7564,12080.3286,4756.2292,8214.3243,6924.4848,13241.7593,13642.5440,6490.2827,10067.0091,365459.0699,372446.2122,365794.4300,370428.0511,364778.1842,363274.2245,366932.4482,368147.8062,362453017.8967,362451267.1455,362460792.6905,362461425.7491,9824.3398,4367.2173,8213.5695,10857.8047,5881.3703,8978.9184,6991.0171,7521.0965,8576.8520,9571.6530,11061.4324,12479.2271,8368.6390,11679.2099,5257.0588,10194.4368,7756.7327,8796.2968,11551.2327,11131.4366,9046.1656,10747.3813,3634.4785,12556.6983,8147.2069,11137.1437,6613.4603,7211.2448,7071.3020,11924.0358,13479.4970,6921.7720,13725.9044,2598.9461,691.9915,10097.7772,12615.8910,8142.7491,11513.8675,11648.2626,2598.6621,10346.7152,12234.5225,3951.8537,3812.8935,12126.8916,3362.0750,2297.6604,6186.2235,7127.0475,10755.8118,12140.4221,13331.1688,7657.5152,2773.4184,10166.9479,12588.5947,12197.4181,7121.0191,12454.3560,12445.1004,12313.2747,8484.1615,9631.5025,0.0000,11355.0529,7629.8562,13257.9745,11332.1929,9579.0713,11771.5141,9919.5877,9387.7895,6899.8566,13621.6544,11821.7051,370712.7594,378470.2611,371107.8423,375735.9788,370210.4058,368706.4894,372542.5794,373586.9166,362455778.2459,362454026.7185,362463552.5663,362464185.6071,11900.2422,5032.7618,13706.8560,8103.9887,12359.8388,3536.8824,3147.6882,3221.3652,9500.7058,13344.8218,4616.4197,13598.0862,2994.4342,12458.5531,714.7123,8628.4189,13769.2250,10601.0128,5908.6553,8846.0068,10058.6418,6825.9865,12612.7885,6849.9634,13322.9953,3964.7029,10256.1109,5410.4416,11989.0197,10116.7044,6495.0813,8914.3542,10121.9117,9377.2716,13744.9742,11095.4132,8383.5762,11301.7186,11252.6041,8590.7330,5679.2280,12328.8628,12030.6766,6823.8971,6711.4269,11391.1470,9169.3192,13100.3467,5210.5148,8030.1688,9901.8273,7328.3244,8265.8467,9554.4321,9182.3072,8722.9079,10033.2270,7140.7626,11505.8315,11761.4137,9992.5575,9276.3789,9654.8665,0.0000,3113.9614,2824.3200,9140.5618,3020.5198,13739.8611,9122.0979,12010.5182,2042.6677,3628.4348,9345.1673,8102.2412,366762.9880,374488.4320,367156.1916,371821.0107,366428.4813,364695.0461,368356.1586,369635.3854,362457892.6917,362456141.3260,362465666.6035,362466299.8763,11319.1797,7997.1456,5967.6898,5385.1931,9854.0621,9859.0776,10239.2874,11444.6137,9754.8625,13221.6308,5256.8631,12915.5533,1258.8924,12246.1151,6693.3101,6146.1416,12209.7828,13159.8306,11314.7906,11936.7236,7219.5288,11319.0509,8164.7316,8054.1492,9662.0458,9323.2492,10465.0357,11701.1784,12072.4741,7704.3480,13676.2961,5871.2084,5006.4103,8055.3289,12609.6852,10824.5801,11884.0301,11989.7958,6749.3715,12704.5184,9593.7738,3687.7242,6926.1759,13582.1394,4814.9795,4248.2253,4266.3570,8590.6982,9686.9689,10304.2819,13070.0638,10506.0806,6416.0621,8495.0253,11373.6974,10320.9465,10361.2783,12276.5844,12136.8299,10483.7195,10765.7592,7692.1251,0.0000,13107.6268,10383.2282,12133.4921,13123.3554,6874.0970,10218.7681,6676.7456,11952.7082,9583.7539,12660.5880,13244.1382,372231.1154,379712.2142,372605.1191,377229.2022,371635.1979,370170.9473,373971.8045,375038.9730,362452236.4901,362450485.1078,362460010.9869,362460643.9915,13465.0512,9787.8787,13331.1423,4554.8185,5604.4379,6954.2894,5693.9514,11752.3160,8113.4804,12729.2778,6933.2997,11759.5394,4880.3057,11015.2469,12584.0101,8254.3054,4174.1725,4693.5803,7078.5123,5856.4866,11860.7064,9871.3525,13773.6607,4297.0175,6225.6939,1370.0194,10137.5289,12360.4429,8947.3703,9857.6745,7267.0732,7647.4072,12400.6150,9714.7608,3868.9545,8963.8710,9010.4556,6044.5354,3040.9400,13683.5500,9931.4316,6594.2663,5946.1789,8799.1592,8799.8657,11308.7206,7832.6644,11510.0505,12739.7951,10335.7421,3673.0922,6585.4874,12129.8201,11966.1210,12742.5765,2414.7538,10043.9228,10315.2334,12710.3737,5046.1871,12290.4086,0.0000,5195.6360,4327.4508,11826.2497,5132.4066,12835.8363,12239.7075,13505.2817,3112.4068,5081.9974,11612.6634,6176.9253,364405.5653,372286.4113,364809.7348,369458.5218,364034.0006,362393.9737,366160.1867,367310.7690,362461306.2940,362459554.9239,362469080.4135,362469713.5915,11162.1660,5336.6366,13645.4750,13432.1586,13300.0372,10984.1191,4510.1693,12319.9700,3355.2677,12990.9221,6955.5241,13689.0601,10299.1588,3227.6147,9214.2087,12730.7052,11591.1162,10026.4020,12604.0478,5153.3530,11609.9270,1898.3788,13607.4679,10503.0411,13403.1901,7310.7837,7896.1181,12110.2667,9794.5855,10800.2373,11243.4098,3018.3769,8263.0857,12018.6697,8519.8763,8517.4899,12028.3937,12965.3030,4390.0658,8231.3722,12508.3568,12031.2260,9368.5510,11049.8509,6184.7821,12750.8371,10275.3083,8206.0930,10610.1250,12115.9972,11263.9956,9358.3828,9396.6954,7877.3862,12737.5559,7716.3373,7385.9691,7921.4295,11329.9481,9019.6960,0.0000,13186.0449,13765.1040,8817.5033,13277.6965,2097.0975,8941.8633,5782.8057,13812.5228,13467.0502,8753.3453,11424.4890,367456.7986,374504.5160,367796.8497,372421.6390,366750.3258,365298.7189,369008.9254,370159.0657,362452140.9747,362450390.1056,362459915.8119,362460548.8159,7180.2910,6233.2259,5572.2649,5358.3507,12542.9988,12937.6408,10080.6148,9824.9672,9427.1121,6930.4511,8675.1096,2399.3739,10648.5963,13516.1080,11918.2580,12075.3367,13150.5780,5276.0784,13301.7092,2733.5819,10434.8867,6338.6173,11338.2290,9007.2614,13700.2371,10988.1240,1990.9067,12839.6942,8059.6028,5954.3388,11914.3174,13786.2689,11381.0307,13622.3817,13651.5153,7107.3935,11484.6001,10356.8571,8355.2656,4303.7480,12480.2734,8525.4641,3719.1418,9456.5947,3302.7305,5973.8812,8439.6437,10650.1004,11020.6916,7987.9677,5452.8460,8868.4117,8690.0181,10120.9667,13760.5653,13771.7868,8848.5052,11885.1145,5016.3399,0.0000,10328.9708,6713.1585,10393.5424,10309.2549,10914.6232,7731.7321,7328.7021,8962.8247,5700.8568,11302.6294,13010.3602,373298.7073,380876.9690,373681.1074,378328.5711,372840.0242,371226.5738,374940.6163,376135.1573,362451855.8827,362450104.3673,362459629.9621,362460263.1149,11720.0354,11178.2824,10746.5465,13058.8725,9073.0725,11817.6718,4955.1798,12158.2154,4919.8523,12608.9640,5927.9839,6010.0761,12358.0040,13745.6220,13224.0462,12730.1416,10517.4471,9492.1657,7806.1324,4172.9153,11769.3654,12032.5447,12927.5003,11224.0471,8367.6287,8483.9837,11684.9463,10206.7130,9439.8237,7390.9646,11765.8804,13155.1518,11979.0838,11983.6014,10806.1696,13750.7950,5056.5703,7940.4215,10006.2586,13451.6572,9160.6317,8130.8873,6943.0924,9586.1941,7002.6637,6227.0324,10491.3740,13034.4294,10606.0712,5487.3089,7867.2611,6180.8282,13014.3675,11436.5636,11238.6667,6372.5525,12943.8810,4746.5227,0.0000,13017.6071,11988.5590,8665.3683,13074.8118,5795.6007,6555.4208,1537.4632,13015.4831,11339.7228,9415.2173,13442.2364,372088.3352,379237.9444,372437.2569,377071.0890,371451.3314,369941.5549,373632.1855,374818.9143,362449250.9871,362447499.8497,362457025.5301,362457658.5867,1387.1686,3130.1275,9457.7033,13430.1965,7751.3909,12675.1309,6316.6813,10649.2808,4073.4177,7682.9551,12964.6107,11386.2218,7538.8044,8608.0411,10546.8737,3552.2106,13471.5805,6154.6569,13419.1522,570.7402,9126.5623,3951.3873,12670.2110,11959.4779,4970.8245,11267.0448,7600.5798,6462.3776,13407.4146,12288.6714,7711.9311,11921.7002,11946.2535,5694.4383,6809.0611,13054.8015,9958.2792,3607.5559,8786.0814,9155.7595,6369.1024,11544.9117,3640.5521,8782.2363,11046.6174,9945.1154,7352.3524,6975.6758,9400.2654,10411.2694,11204.9479,5922.2618,12536.1902,12728.8979,11234.6697,8724.4883,9532.6954,0.0000,6121.1515,758.9310,11146.4632,6035.4455,13223.6578,10262.2101,11755.3056,3501.2621,604.2412,11500.9843,9568.5566,368681.6749,376524.5596,369083.8777,373738.8643,368331.3714,366654.4220,370383.8535,371580.9765,362457621.1353,362455869.6105,362465395.0728,362466028.2867,1753.4353,10251.1624,13596.8351,7073.4676,12652.7061,5690.5106,10653.4489,3807.0827,6749.7144,13024.8772,11809.0179,8009.1773,9494.5904,11130.2561,4297.1382,13439.1871,5016.8248,13017.9436,1915.9837,10034.3466,5171.9027,12937.8252,11214.7609,4017.9847,10982.3404,8423.6089,7078.7633,13501.6605,12470.1176,8712.7543,12326.1461,12328.6965,6630.9543,7454.3008,12433.4207,10412.0936,4025.6234,9019.4333,9795.5739,6519.1501,11831.0469,2586.4800,7604.6386,10067.1811,9168.9496,8398.1743,7876.8356,8328.1675,9393.8776,10262.5075,7065.4720,12722.5879,12903.6805,10296.8008,9642.9316,8533.4462,0.0000,6017.7404,1417.3082,10317.6426,5940.9577,13197.8607,9213.3917,11065.9844,3897.5650,936.3537,10804.8070,9980.4406,369338.7451,377115.8611,369736.1233,374394.4395,368986.7948,367292.5818,370994.0042,372223.2920,362456482.4731,362454730.9670,362464256.3824,362464889.6146,11258.0828,13883.7365,6272.2275,12831.1419,5042.4299,10988.1099,3897.9336,5967.1924,13278.9791,12350.9030,8642.3564,10616.1020,11873.8998,5701.7350,13440.1919,3967.1477,12654.1659,3661.2716,11233.5141,6712.6123,13299.8668,10292.9982,3504.0142,10620.1976,9688.6555,8233.2552,13744.7941,12706.3840,9980.6730,12851.7174,12825.0977,8060.3623,8307.9831,11748.5974,11248.0310,5214.3807,9339.7450,10840.6298,7256.6897,12419.6329,2213.3469,6220.3471,8902.3536,8186.7191,9726.9209,9224.1925,7153.9929,8134.3790,9143.8099,8512.8891,12971.7823,13141.5344,9177.4619,10814.2385,7500.0439,0.0000,6055.6143,2980.4828,9283.4661,5995.8367,13326.1322,7961.1487,10411.9898,4726.3901,2674.2290,9930.5038,10503.7641,369911.6244,377600.3153,370302.4681,374965.2170,369557.5814,367839.9326,371503.5390,372776.1879,362455191.1423,362453439.6746,362462965.0215,362463598.2786,7685.5399,10284.7595,10598.7847,9970.1775,11294.8338,9167.9393,13320.0088,9932.5863,3636.4397,5008.2184,1151.2465,2068.6269,9328.5176,8274.9918,12962.0131,11978.1033,9178.6405,3114.7534,6207.4064,5618.6547,11989.1090,12384.4560,8711.8122,7575.4526,9291.5742,8995.3759,5808.0749,2420.6984,4137.6878,4278.7995,8037.7289,4682.9933,12539.8082,8879.4085,10091.5661,5654.7443,8001.2115,10934.3050,9315.7590,11767.0200,13557.1965,13409.6398,11226.7440,2978.9239,7348.9512,13792.8915,12998.9436,13224.8358,4421.2893,5943.2102,6172.7322,13164.9975,1462.6925,13827.2866,0.0000,8147.9792,9350.9528,12060.6619,8183.6707,10124.1170,13375.3763,13462.2093,7965.7382,9814.1462,11361.8690,4045.7922,361297.4716,368987.2415,361685.8864,366319.0575,360796.8126,359265.6771,363068.2294,364152.2899,362462266.0638,362460514.9716,362470040.5942,362470673.6699,12204.2920,5531.7200,12747.6338,8833.9568,13151.5389,12675.4942,4474.2631,5567.5481,10505.1259,8570.1936,6452.7567,12540.5281,2998.9582,13433.8103,6134.6887,13289.5480,7728.1080,11920.8281,3430.3113,9340.8222,13558.6115,8663.7467,9957.3842,11270.1712,2324.0348,5052.2906,9332.3925,4638.4424,4688.5636,11372.7370,10754.1530,7657.8786,8181.3496,12810.5880,9837.1982,8729.0153,11984.4288,6477.4520,13751.6012,12591.8548,10847.1343,11100.4116,9591.1622,10325.4574,12128.7222,11368.0134,10497.6552,10674.3554,4343.4441,3971.2221,10466.5708,8330.3443,11951.9888,0.0000,12146.8010,13460.6191,10191.9124,12240.9275,4015.7129,11415.9915,9566.4861,12832.1541,13451.6675,9557.0545,8614.1102,363513.7238,370713.1736,363864.5798,368486.1077,362829.5053,361392.1084,365148.8379,366249.8075,362456561.4137,362454810.5945,362464336.3136,362464969.3042,13348.9223,1684.4623,13418.0958,4256.2566,9494.5824,13419.1326,9732.5375,6332.7902,10117.5234,9885.3887,10365.8325,10511.9539,8176.3266,11702.7948,8143.0238,11799.3137,8865.1260,10638.1179,6562.6542,8740.4841,5425.9126,12653.4583,12212.9442,12911.9103,9283.6745,10249.9696,10387.4799,10242.9678,11736.4927,6954.8592,9980.3989,13566.8980,10252.1908,5704.0938,13326.2944,11788.6279,13830.8321,8028.7756,7007.5713,7509.5145,3089.2874,10372.8169,12284.0296,8430.7565,5828.9020,7536.8864,9864.9187,9772.6757,10020.6575,7397.6126,10683.3304,9187.9373,0.0000,3329.4884,7165.5302,5514.8046,3411.6996,13001.4367,6989.8060,11045.6048,5734.7105,7698.0698,5475.0236,7434.7340,365204.8718,372641.0059,365575.7868,370245.4039,364815.9193,363066.1038,366648.3820,368008.3582,362456489.9629,362454738.8694,362464264.0068,362464897.3011,13619.1752,4065.4040,13695.9577,9566.0920,1222.6506,9912.6305,13016.1806,11006.6336,10240.3000,10834.3531,7376.5510,11038.7486,4342.8653,12529.5148,9187.0902,12348.9174,8454.3055,10202.5960,11135.2572,11714.6892,8404.2940,8861.6799,3330.3684,9714.6525,11131.3280,9235.8763,9318.4312,9903.6237,12937.2700,6866.8110,5315.1960,10777.8858,12804.7848,6694.1166,8841.3813,3129.4165,11853.1740,10815.1323,9708.3007,12284.2220,11083.3730,9009.6051,9685.7493,10934.6412,9498.4556,11614.9948,9166.7660,8881.9702,9598.5883,10522.9031,9092.3946,0.0000,13636.1701,12965.3506,10827.9765,13700.7564,1788.0292,10158.8471,6145.1276,13513.1960,12501.2494,10942.3345,12067.4013,368970.1408,376189.1480,369323.3396,373941.5095,368277.2562,366859.7161,370634.3665,371712.6474,362452570.6732,362450819.6219,362460345.4756,362460978.4411,13248.4748,2632.4071,9202.4346,13723.0824,10028.4733,5852.6363,9619.5284,9912.7181,9214.2857,11379.0126,7637.9231,12452.0221,6728.5961,11306.5803,7632.9919,11181.5378,7943.2058,7925.8159,6671.2215,11886.6985,11342.9639,13374.3966,9950.1753,9558.8696,10736.0678,10622.9121,10738.2987,6229.9824,10967.6568,13184.4880,9134.5186,5753.4894,12789.1583,10984.9537,13745.7259,6993.6008,7290.9915,8414.6412,4668.4328,9611.6597,11437.5260,8695.6453,6870.4045,8492.7194,8887.0618,10433.3179,10696.9749,8389.8716,10172.0464,9381.4781,0.0000,2361.1413,5677.9845,6893.0966,2384.3085,13441.9022,7756.8205,11519.4456,4254.6588,6304.8005,6960.8529,7490.7136,365642.7797,373191.6509,366022.3998,370691.6395,365282.1699,363529.3846,367135.5575,368473.3515,362457138.4141,362455387.2207,362464912.3899,362465545.6851,12749.0507,7359.9968,4988.7256,11769.3430,13271.1107,11291.0866,11616.4330,8146.8060,10517.4895,8909.6518,7154.3193,10461.6929,9235.1259,11000.0998,11038.8244,11739.2306,8603.9808,13381.6889,6321.6817,5883.0853,6996.0473,12059.8550,10934.1651,11350.8117,11457.0048,7475.7346,12891.7529,8958.9569,3534.3961,7923.6411,13556.9062,4931.1443,5391.3090,3370.3232,9475.4482,9992.3189,10188.8037,13033.7843,10671.6519,6931.3319,8751.8778,11349.6691,10154.4317,10707.7300,11668.9621,11493.1479,10310.1089,10730.0126,7958.4647,0.0000,13399.7516,11129.1568,11936.8026,13427.3287,5743.4027,10237.9325,6327.0623,12470.4426,10401.4446,12387.9308,13104.2615,371665.3752,379082.5745,372034.3071,376655.8179,371040.4222,369594.6786,373394.3178,374457.1646,362452157.1631,362450405.8533,362459931.7456,362460564.7332,9131.2073,13809.3737,10180.2006,5328.1973,8543.8405,9658.4542,7280.6813,12328.7011,7411.4564,13350.2420,4450.8252,10130.5578,5433.8827,11635.4063,9958.4653,7116.4410,8434.4769,10337.1459,9746.5181,13669.4700,10664.7428,8162.7266,10919.0004,10861.1563,8885.7381,5181.0917,12324.5310,12231.7293,7343.7289,6091.5727,11578.2208,9651.0398,13232.1368,5868.5410,8343.6909,10007.4250,7068.7992,8092.9279,9770.3968,9524.1397,8759.6501,10112.7429,7047.7836,11107.0157,11379.2801,10056.1847,9031.0851,10021.9150,0.0000,2426.0392,3350.5404,9004.7322,2326.1845,13748.6042,9275.4934,12244.3462,1845.8428,4220.0370,9106.1499,7551.1001,366070.6830,373786.6464,366463.0510,371128.2005,365734.9942,363999.9259,367657.7884,368940.5732,362458333.1162,362456581.7859,362466107.0473,362466740.3219,10456.7103,13664.6182,12397.7321,13011.9998,13571.9509,7356.4472,12660.1956,2186.6843,9222.3289,7900.0565,12453.8406,10466.1577,13566.3455,9395.0783,3077.7844,12082.1490,9737.9789,7908.9133,11621.1682,13534.5165,12524.1689,13726.0489,13718.9082,9050.9356,12190.2940,8726.9913,9431.1418,6458.5182,12604.6128,9878.6154,5775.8873,9969.7566,4443.0990,3983.7443,6406.2088,9463.2741,12256.1010,9739.7642,3165.7014,7048.4878,6702.3080,11509.7586,13502.2000,13486.5683,6884.5100,12898.0503,2699.1287,0.0000,10505.4524,7983.5583,8807.6789,10509.9125,10487.4443,5701.7572,5651.8088,9806.6467,7132.4233,9898.5789,13257.7123,373447.2313,380871.3779,373817.9627,378468.8679,372964.0679,371336.4985,375004.4169,376247.6083,362450314.0638,362448562.6546,362458088.1756,362458721.3454,9093.2701,12649.6832,10437.7449,9470.6433,11200.6050,6611.8203,11789.1952,4661.7020,12798.4432,8631.3034,12283.6183,7528.0451,10313.1712,11846.0497,11367.0282,8469.2773,9241.2721,2236.4996,8925.7175,10673.9485,8345.4032,8437.8743,10081.8597,12602.3987,7181.8019,5495.9372,11247.3118,12390.7670,6735.7264,9498.0120,3173.7720,12447.8788,11498.2571,10246.2607,12365.7222,10677.5074,9066.3386,10491.0131,11348.2854,10000.1130,11366.1140,8333.3278,8029.1627,10074.2116,9950.8587,9970.9283,0.0000,13566.0135,13218.4017,11007.3251,13635.5307,1168.1674,10732.5584,7078.7439,13542.6956,12842.1463,10959.7157,11499.4122,367810.3594,375031.3293,368163.4573,372779.9688,367110.0565,365702.2621,369484.6811,370552.4695,362453518.2168,362451767.2122,362461293.0691,362461926.0260,5882.3978,4664.5513,1589.2535,11576.6996,5237.7178,13528.0263,10229.2299,11248.3060,5894.9492,8951.3480,2458.9397,9868.8213,13401.1330,6336.7523,9927.9284,11420.9229,7503.5618,2275.2651,5878.7729,1043.0867,979.9016,10610.1280,6297.9629,10557.1426,10123.9127,12114.2220,5247.9984,9777.7378,12584.5847,9687.3238,12983.4141,13087.8070,12065.9696,9754.7042,6393.9525,9877.9219,13321.3937,11684.8331,11782.6594,7599.2081,2443.4063,2735.6910,11681.4431,4977.1588,13449.4682,0.0000,8592.5956,11182.0466,10241.9778,8680.6046,8883.1352,12289.8871,12541.2743,9560.2533,11620.4418,9257.7993,3507.7804,360334.2686,367779.8108,360703.8388,365339.0077,359776.8370,358245.8943,361992.2614,363130.6293,362460864.9700,362459114.0917,362468639.6314,362469272.7118,4687.3764,5208.7010,9309.5216,9729.7985,11337.5503,13054.7370,7524.2438,7314.4957,5450.1305,7985.4545,10373.3395,10999.1770,6547.1207,10029.8449,10715.7439,11791.4442,6904.4896,5040.2153,6843.4566,6785.7798,9419.7332,1210.8069,12532.6703,11768.2979,9845.2683,1923.8155,10964.6222,11619.0623,12372.8297,10017.1091,11611.2431,11913.5879,8191.0228,5369.8253,9550.2259,12457.4518,10840.3865,11811.2405,5358.8448,7458.3498,7826.2928,11703.9445,5506.4654,12826.8818,0.0000,3634.7653,7051.9842,9975.9690,3667.8351,12560.4282,11628.4486,13637.1722,4548.7223,7911.2171,9320.1914,2649.4341,361554.4471,369244.6537,361943.6489,366597.7360,361154.8223,359492.5854,363199.1152,364413.8516,362461723.2384,362459972.1209,362469497.4669,362470130.6710,3123.2359,8525.0529,9169.9903,12531.3477,12489.0290,8301.1120,2970.0407,5168.8378,6655.7845,12352.0526,11838.4926,9170.2337,7069.2240,8698.6295,9702.2242,6751.6597,1327.1224,5215.6784,5344.3979,7287.9329,4104.9148,12993.8032,8806.1934,9338.5825,5706.1086,7779.1340,10399.1154,9535.7920,11135.9813,13408.1062,13549.3910,11340.8654,1922.8185,6738.1435,13689.1379,13087.7292,13400.5289,3331.5604,6924.8514,7163.1148,13349.3502,904.7956,13723.9868,0.0000,7734.5384,8513.4456,12308.6521,7752.1475,10693.9872,13422.4857,13631.9572,7194.3536,9001.9737,11701.2342,4377.2510,361807.4786,369562.6565,362201.0622,366835.8880,361332.8307,359787.7506,363595.1012,364678.5267,362462416.4841,362460665.3225,362470190.9416,362470824.0295,10643.3242,6588.2167,13323.0997,11046.9523,10352.1594,4638.7315,7742.0830,3799.3576,10810.4268,13001.5993,7287.0235,8945.7242,10551.2958,8143.4649,3821.0727,4383.7848,2239.9881,2333.8255,9542.6926,5361.2083,11477.7053,9606.6547,11281.2360,5108.2167,9029.0223,11929.3463,9535.0089,12483.2584,13327.5270,12691.9526,10354.1122,4925.9107,8822.4932,13577.8143,12276.1191,12451.1485,6220.7068,3986.5220,4249.4311,12366.1017,3465.4552,13671.8558,0.0000,8251.7118,10371.0647,11039.9016,8319.0042,9442.5624,12798.0672,13009.7629,8782.1533,10839.0276,10168.5889,3244.1568,360560.7303,368116.7807,360938.7915,365573.2373,360029.4870,358497.6476,362268.9252,363383.4834,362461651.6235,362459900.6570,362469426.2293,362470059.3085,13342.5454,6722.4704,12613.4803,3140.3335,7842.7252,4651.4380,12517.9070,13046.3776,5198.0141,12801.8790,4664.6703,3058.8904,12074.1865,12681.9320,7455.3965,11856.8670,11945.6663,2668.6139,8436.6133,12967.4966,7140.9794,1052.9160,10562.6672,6279.7813,3435.3850,9126.9529,4680.4788,9778.2390,11800.1598,11932.4255,6944.7495,4129.8533,9760.6098,11724.8413,11925.1992,5746.2497,12733.4763,12836.4543,12006.5314,8267.0611,9526.6252,0.0000,8890.7569,4258.8475,12502.1896,8834.1426,11733.5549,11174.9995,11001.7999,6435.6960,3521.3908,12889.2455,10746.6284,369988.3275,377841.4552,370391.0769,375032.6525,369575.9982,367983.2710,371776.6162,372887.8584,362456941.1056,362455189.5281,362464715.1975,362465348.3262,13179.4522,6097.6169,13444.9273,9238.5174,12296.6815,3091.6682,7137.0241,13585.4085,6231.3180,11683.9772,12687.7759,4654.6863,3571.7088,10074.6507,4599.9259,4485.0829,12677.6077,10292.3113,6506.2059,10326.2923,13525.5681,8577.9778,10787.3208,13099.8603,8826.5919,13686.7536,11636.6854,9465.5090,8989.3134,10415.4449,11905.2381,11472.2765,9695.1719,9067.4782,11351.9526,3026.5225,2673.0999,8974.8319,9221.5539,11528.8697,0.0000,10979.5400,13350.8796,8096.9864,11094.6844,5796.0953,10116.7415,9503.1424,12341.0802,13475.0494,7209.1167,7705.1742,362647.3775,369755.7998,362991.4626,367623.7581,361989.8058,360490.0378,364180.2359,365363.5573,362456259.2727,362454508.5466,362464034.0927,362464667.1470,10611.4392,6482.5221,12395.7454,9405.3115,13790.0876,9517.9064,1712.6044,11611.8743,9963.1416,8112.3123,12704.6319,13512.8724,11982.4050,13754.5909,13734.1416,8852.7909,11110.9524,9804.3721,10372.1871,5830.4381,11668.5706,10508.8948,6197.6534,11178.3858,2707.9109,3828.6201,6887.1559,8734.7955,11712.1690,9786.9920,3999.5453,6924.7269,7212.0317,10767.5804,13597.1444,13649.5459,7342.0485,12533.2690,4067.5488,0.0000,9047.9857,6360.1208,8683.0834,9034.1877,11803.5728,5958.1094,7405.3736,8236.7750,5574.2934,9726.3250,12566.1868,372651.1133,380161.9012,373028.5757,377685.8932,372222.4366,370549.6502,374204.5694,375473.1958,362451592.5226,362449841.0771,362459366.5115,362459999.7259,13452.3749,11596.0748,13708.7512,8500.3085,6823.3293,11337.1211,9679.0749,11465.9223,11522.0503,4833.3735,9116.8849,12839.2503,9667.9034,9634.3877,12428.6962,13332.7163,2797.9114,9038.8915,12371.1075,12299.4352,10195.0804,10933.3437,7241.2195,12087.4933,8891.3880,6639.0671,9771.9842,12907.0100,11877.6243,7903.7792,8030.9626,6322.4634,13331.3118,8676.6075,8391.9214,6389.3017,12296.9122,7593.4225,0.0000,12983.7109,13521.9767,7703.6027,13075.2315,3697.8304,7439.6535,4240.8756,13708.5645,13170.3837,7890.6895,11991.1908,368606.2010,375611.7450,368943.4160,373574.0092,367916.5753,366430.9963,370106.3371,371300.1178,362450775.4101,362449024.5218,362458550.1598,362459183.1975,8727.0235,3557.2340,12552.8528,12230.8735,5225.0224,11447.4854,7137.0712,6057.8876,13258.3585,12239.1310,7351.2783,11769.7030,11805.8360,5193.6957,6726.7939,13201.9932,9615.1112,3331.6669,8841.4456,8751.8342,6138.4527,11272.5034,3969.9970,9160.1193,11355.8351,10301.4400,6963.5446,6490.6877,9703.6238,10774.5974,11501.5214,5508.1227,12469.7979,12659.0223,11533.9894,8378.8702,9790.6278,0.0000,6382.1917,1188.1039,11462.6728,6297.8958,13100.5239,10601.6968,11876.2200,3668.7583,1030.2497,11783.6412,9515.7997,368575.7566,376437.4827,368979.3185,373632.2764,368220.7040,366555.5159,370297.9594,371479.0980,362457901.9641,362456150.4312,362465675.9231,362466309.1249,6039.4102,7010.1514,13036.6261,11581.0877,10810.6959,4881.1906,6997.6698,8305.0361,7823.7331,2794.6958,5934.6055,6140.0871,5883.8327,6664.4251,12687.0480,6289.9698,8659.8699,8204.6011,5209.1148,8980.5959,7156.8102,11164.9388,13582.2003,13726.1156,12674.3869,2775.9177,4803.0946,13491.4015,13669.7057,13579.6879,4082.7384,7714.3983,7800.4049,13575.2369,2084.7104,13309.7687,0.0000,9792.9824,9273.1954,13124.5365,9808.2156,9161.6479,13660.1889,12748.9309,8812.5618,9426.3572,12695.5242,6882.2712,363569.0519,371310.4929,363961.5612,368586.1632,363043.3931,361561.6246,365411.6224,366435.4639,362461142.5375,362459391.3204,362468917.0988,362469550.1234,10662.9997,12820.5176,8303.1776,10759.8410,6233.2975,6468.5011,12332.4255,10442.8422,4100.0962,9551.2993,9622.5197,4805.9136,4337.8989,13788.2132,9120.2550,5474.3497,7141.1189,7923.4169,7708.7357,10717.4166,7241.7200,11428.1762,12852.5370,10993.6104,3716.8114,5503.0634,11907.9386,12235.6195,12879.0429,2151.3931,10694.0174,10926.0298,12872.6580,5293.0606,11974.0214,0.0000,6185.4907,3948.9679,12291.1283,6118.5385,12638.9853,12322.2651,13209.6545,3727.3227,4476.0359,12200.0317,7264.8401,365510.6605,373419.7622,365917.0958,370562.9945,365133.4236,363509.8111,367294.3343,368422.5159,362460765.4967,362459014.0620,362468539.6117,362469172.7725,9152.1970,13850.3892,6598.9203,10497.1322,11935.3062,5616.7414,1931.8117,7738.2796,1604.3840,1530.6173,11500.0732,8432.3940,9101.1698,9838.4613,12931.1829,7119.5662,9872.9492,12882.6655,8819.3107,13687.2392,12945.5297,11406.7320,9960.2358,8168.3683,10623.3694,12940.7650,11345.5956,11066.2877,9358.1081,1279.4437,1091.2693,10974.3658,6736.1400,12992.3242,0.0000,10158.8953,12534.2437,9815.1603,10259.6974,7134.9692,11832.5579,11439.8769,11233.3590,12807.8872,8842.2300,5682.9026,361029.7401,368325.2499,361387.7846,366018.1172,360410.3984,358915.6884,362653.5127,363789.5142,362459136.1679,362457385.3730,362466910.9582,362467544.0054,10677.5581,5150.4190,13802.0495,13548.0302,9655.4420,8269.7617,12818.7993,9923.9088,9752.5506,13811.0089,11089.3951,4351.5334,12976.3828,12767.1355,9089.6556,13475.5273,12800.2478,12100.1917,10882.4114,6415.1881,3710.3506,3678.6902,13002.4199,13817.5660,6880.2584,3253.1358,3352.4628,13082.6077,8380.5123,8368.6346,3127.2006,12640.9826,7467.8149,0.0000,9078.8450,11691.8618,1334.8433,9193.5409,9448.4480,4349.9146,7277.1636,11024.9837,11737.7444,1442.3768,9791.3653,366324.0518,373356.0587,366663.7897,371320.8618,365768.2361,364115.4433,367674.7942,369028.7970,362452333.0328,362450582.1978,362460107.4459,362460740.6509,12193.1958,8804.1432,6809.9439,12836.4306,13672.6032,11139.0193,13653.0814,13659.4003,7485.1935,10596.5569,10851.5276,9638.3211,4253.3781,11601.4610,9582.3053,4957.5245,10791.8553,1488.4454,5449.0343,8328.8292,9710.1994,10801.8784,8564.7224,5534.6807,8327.8769,8612.0002,9738.2763,13754.5979,13822.3549,8734.3781,11785.9144,5450.9059,0.0000,8976.1035,5332.9223,9882.2093,8943.2907,12014.3967,7453.6305,8362.2513,7607.7983,4380.4949,10783.1358,12390.7559,372533.7521,380151.7425,372919.3139,377573.7445,372119.7367,370459.8500,374149.1180,375380.8218,362452682.3751,362450930.8568,362460456.3491,362461089.5485,13186.5369,13599.8647,10050.3173,4908.3777,9948.9328,6795.6116,6570.7647,13142.4022,7578.3182,8257.9331,13242.0161,12912.0974,4785.1134,13224.2764,13695.1033,12697.7464,11811.3954,9729.6903,8252.7043,4284.7358,10316.0611,13034.0648,10525.6897,7186.6798,7979.7026,10657.3045,5429.9864,5662.6144,7783.1983,9727.5144,11076.6739,0.0000,6499.8378,10823.7376,5245.1287,6637.0557,10687.2705,8470.2372,11071.0432,9028.9634,11307.5207,3947.9837,5456.0005,361904.9608,369134.7922,362259.0493,366916.3711,361399.1311,359737.7705,363337.9523,364655.0591,362457449.0245,362455698.2231,362465223.4460,362465856.6572,2460.3234,9365.0228,11324.7740,6179.3245,9881.7272,10050.9691,2218.0513,9187.6298,12729.0016,3524.7693,5319.8609,11108.2747,2060.5451,4782.6336,5779.0384,8721.2259,12175.3467,13143.4280,13589.0438,5702.9091,807.4596,11735.1265,13444.2554,13125.1141,5544.5500,11152.7454,11161.6038,13203.3705,6378.1413,11297.7834,0.0000,11072.9184,8116.4324,13697.7018,11056.6870,9300.9983,12882.3532,11169.0516,9204.7317,7701.1985,13788.6804,10451.5793,368358.2120,376153.1118,368755.6327,373379.4925,367845.5997,366365.2823,370227.6618,371239.3877,362457984.4713,362456233.0172,362465758.8899,362466391.9083,10433.1240,12556.6108,7734.6489,11442.1072,11574.9641,1965.3243,9888.9050,12517.8860,4426.0112,3369.2002,11791.0094,3636.7657,2463.3573,6675.4186,6875.3374,10809.8186,12284.9906,13215.5635,7227.7344,2432.4826,10327.9074,12629.2363,12347.4368,6593.3061,12431.5551,12445.5922,12454.5209,8162.9091,9846.5797,0.0000,10947.2014,7106.6094,13279.8120,10918.2623,9996.1873,11877.2515,10313.8579,8870.3492,6407.9744,13619.4893,11520.9920,370389.5750,378180.2732,370787.2040,375416.9136,369903.6848,368388.1537,372223.4821,373271.8626,362456291.3058,362454539.7662,362464065.5930,362464698.6451,7112.1651,10206.0905,6652.9346,6725.0862,10921.2704,11902.2564,7020.7673,6911.6669,12224.5123,11300.7455,7828.4306,10907.5889,4811.7694,13256.9266,12027.9499,10396.7437,11729.7093,10337.0604,9863.7560,11266.1147,11267.2097,10082.0946,11239.0755,6455.7157,6108.4006,10103.7155,9322.5251,10919.0517,0.0000,13036.6684,13549.2782,10484.8933,13120.9158,1800.8865,10973.4464,8134.3658,13402.1966,13348.8865,10153.2068,10254.8319,365703.1993,372884.9738,366052.9844,370671.1665,364999.7926,363583.3062,367350.6957,368435.3434,362454779.2835,362453028.3914,362462554.1849,362463187.1532,7878.5966,2238.4999,1989.8177,11998.9137,7583.6460,9127.8238,11031.8587,13064.1115,5698.4405,10971.4355,13361.7194,10207.3076,13385.3068,12433.7599,10900.2656,8640.9142,8352.3385,11334.3873,12676.6687,10540.2108,10565.7647,9380.8128,745.6852,1155.5717,10439.3388,7074.1525,12875.5211,0.0000,8923.6946,12042.6211,8829.2008,9035.2862,8431.5109,11275.5957,11749.4042,10426.8267,12437.5051,7704.5849,4497.2736,360477.0831,367769.7392,360835.0684,365473.3005,359894.1343,358350.8489,362052.6301,363237.5752,362459398.5872,362457647.8111,362467173.2836,362467806.3787,6383.1546,6516.3205,6180.7630,4187.1310,13375.0071,8357.7101,8329.8257,6354.4395,7177.8771,9529.1672,9414.4726,10394.0585,13225.5236,13679.5056,11684.5841,610.7363,5749.5888,13487.2465,13241.7497,13570.1671,2090.6119,8033.2952,8253.1140,13537.0229,1281.2698,13484.5683,0.0000,7723.4326,7685.1579,12680.9371,7720.1555,11029.4068,13464.8657,13613.2030,6662.8623,8130.6079,12207.4769,5334.5801,362754.5122,370572.6382,363153.1044,367788.0465,362298.2481,360748.6711,364567.0412,365641.0761,362462244.0728,362460492.8264,362470018.4681,362470651.5588,255.8575,10763.2386,7206.8516,10211.2836,9744.4692,12372.8141,6209.6251,9518.5262,12601.4651,9101.6461,13338.9538,13255.4920,12076.2854,10180.7345,6862.1379,9916.4456,13361.5141,11853.1500,11773.5234,8127.6845,2071.7609,2222.9413,11682.0090,5367.3786,13431.7163,0.0000,9424.0781,11767.1535,10410.1000,9513.6966,8126.2901,12372.2953,12232.8965,10320.2042,12126.5131,9448.1236,4529.4182,360571.0151,367975.3862,360937.3546,365568.9070,359985.7325,358478.9040,362233.2782,363356.8766,362460395.6273,362458644.7716,362468170.3547,362468803.4121,10901.3502,7190.1236,10115.7194,9910.3288,12449.2410,6085.3758,9697.6719,12697.9138,9252.3027,13342.1395,13174.4294,11962.0114,10003.5374,6999.1220,10078.8371,13301.2500,11716.7641,11656.1288,8238.8106,1857.4617,2038.6154,11560.2898,5527.9216,13388.0061,0.0000,9328.6811,11778.4167,10242.4961,9420.7935,8186.7834,12264.0242,12205.9910,10297.9697,12147.3011,9260.3316,4434.1292,360515.4145,367909.3416,360880.9715,365513.3787,359931.3783,358419.7694,362168.2401,363298.9311,362460333.8855,362458583.0389,362468108.6081,362468741.6704,8473.5146,13277.2026,5407.1392,3514.8940,10706.0922,4162.4949,4099.5052,7620.6461,7156.1394,11495.9204,12963.4704,13079.7291,5622.9744,1564.2969,11278.1024,13045.5559,13007.1688,4841.9011,11953.1977,12024.5101,13082.1326,6790.6018,10939.2678,0.0000,9987.2783,6273.4434,13494.0077,9947.5683,10787.4132,12526.3901,11564.9436,7715.2364,5822.7844,13680.3494,10395.1962,368820.1560,376688.5813,369223.5551,373855.1818,368364.4792,366832.2849,370673.6575,371720.7550,362458142.8012,362456391.2682,362465917.0562,362466550.1247,12979.6308,11203.3149,9049.8261,3101.7062,10279.4250,10927.6049,12023.0318,9567.1524,11780.2124,12330.5228,8959.7106,4441.1904,8655.5658,12557.9612,11345.7254,12252.6465,4256.1741,8067.0429,8411.7198,12166.1634,4876.0072,12863.0877,0.0000,4005.7137,6375.5052,10666.3523,4003.1952,12623.2866,11990.5642,13744.1906,4021.2787,7234.9311,10119.9409,3435.9011,362081.8394,369839.2825,362476.2241,367128.1527,361690.3251,360037.9703,363767.1820,364957.1231,362461939.9433,362460188.7569,362469714.1508,362470347.3438,10869.1067,12632.7476,11557.4991,11820.8461,11671.0560,9449.0428,11518.3725,7232.5069,4339.6658,7633.4757,13476.1180,12992.6830,6581.9703,5660.1328,3951.8242,13727.5896,8876.5856,8675.6017,3969.5314,12984.6326,6599.1557,0.0000,11862.9611,13033.6976,5261.8889,11963.0409,6231.7669,5318.0678,4217.3891,13027.3539,12771.7272,5622.9560,11660.0135,368413.9378,375377.3282,368748.2708,373390.0569,367766.9354,366213.2669,369828.9652,371100.0332,362450364.9696,362448614.1120,362458139.5865,362458772.6931,7388.1230,12358.4027,1600.1756,5533.8322,2457.0723,10035.6366,11881.3994,12186.7316,13713.0440,8061.2566,4285.8385,11023.8294,12943.8706,12110.7634,8319.7755,10659.8170,10535.9320,12215.5215,8087.2958,10410.0131,0.0000,12715.0487,10439.9806,13152.0350,12731.4806,6499.4843,12173.7566,9184.4983,11466.1283,9905.5028,13292.7455,11559.0642,369252.1611,376838.4590,369633.5077,374250.5677,368651.3590,367223.7913,371076.2613,372082.3980,362455588.3355,362453837.0029,362463362.9450,362463995.9136,10988.2238,6726.0251,2939.8963,9277.8193,3875.6569,9062.2969,11253.3432,11716.7402,7844.8022,4891.2481,9002.5119,11235.6096,11409.2219,6669.6224,13108.5787,13197.9842,11504.4163,9102.0611,8748.6632,0.0000,9083.4911,4334.6944,12182.8393,9029.2345,11743.1437,10585.3571,10436.7070,6748.5987,3401.5209,12682.2436,11285.2153,370823.3003,378640.7522,371223.5086,375866.8638,370409.8070,368808.2390,372586.7213,373715.0314,362455955.8928,362454204.3056,362463729.9581,362464363.0959,11764.2873,12504.2077,12602.1445,10756.1956,11303.0991,11120.6329,7031.0363,6753.2044,10726.5515,12184.4001,9984.2516,10968.5303,6968.1411,6341.3925,6728.5944,10831.4221,6504.3583,12624.1425,0.0000,3925.8650,8279.0720,8794.1676,4017.1553,12129.3538,10961.8048,13206.9734,5831.5899,9067.2723,7945.3239,1978.3175,360995.5493,368559.3833,361375.0080,366030.7085,360569.3137,358903.5458,362578.3462,363824.7970,362461032.9487,362459281.9441,362468807.2389,362469440.4488,5388.3812,3837.3377,9758.3813,12301.6458,12840.3486,13811.5527,6821.7100,2844.0762,11631.7020,13388.6634,12777.9141,7029.0332,10671.7463,10603.5335,12866.7324,7024.2326,11098.0417,0.0000,12101.8839,9642.7482,13554.5672,12106.3541,7680.3602,12736.2455,10292.3922,10614.9286,9184.2635,13630.3333,10939.6457,368539.0153,376223.1119,368927.7899,373546.3019,367971.2611,366529.6365,370394.6057,371392.6380,362456968.4075,362455217.0313,362464742.9594,362465375.9410,7341.3442,5445.7202,9128.9859,10935.1011,12588.4093,9068.5342,4809.7141,8507.9453,11417.5876,11066.3543,8301.1767,13246.1970,13241.7828,11205.3323,9977.1850,7952.7669,0.0000,11110.6132,7035.9500,12437.7765,11084.0428,10120.2670,10440.7251,8881.8492,9206.7698,6090.4856,13025.1245,12533.6635,372202.0711,379910.9919,372593.8951,377228.8650,371718.8663,370176.0129,373972.1741,375066.6868,362454081.7576,362452330.1994,362461855.9711,362462489.0508,11323.8861,11932.0530,11565.8265,13445.8115,9258.7799,6488.5192,10941.5428,12522.7591,11417.2083,9784.2629,9713.0597,9502.8452,11515.7819,8872.6448,10320.6641,0.0000,13389.9842,11936.4334,12510.6228,13430.6041,4274.9174,11774.2433,8244.6020,12661.8566,11458.7126,12574.8951,11691.3465,368739.5876,376166.2273,369108.5245,373722.8883,368083.5837,366679.9552,370512.9770,371530.8430,362454632.8791,362452881.6871,362462407.6272,362463040.5752,6077.4969,8929.3655,9443.6574,10057.6240,8356.2220,6500.7792,8628.1761,9192.8603,8872.6077,13535.6431,13647.1416,9281.4765,11156.5148,6570.9331,0.0000,7902.4153,3949.7641,10008.8676,7853.6265,12616.3076,8021.4810,9443.6327,6313.0141,3037.5922,10789.5319,11642.7871,371543.2055,379226.3574,371933.6871,376590.5282,371158.6405,369479.5973,373170.0368,374405.9309,362453984.0323,362452232.5050,362461757.9592,362462391.1771,3390.9904,6280.2747,13118.9428,12098.6106,1746.0492,3433.7240,3792.5452,12500.7615,12527.2273,12549.1015,3908.2343,13531.9013,2697.9360,0.0000,9150.4804,8733.3297,5550.8702,9187.2348,11135.9783,2336.9842,5925.6784,9603.6904,8300.5167,6857.2736,12321.6896,371538.9165,378809.9578,371897.9745,376559.2763,371066.5602,369378.7110,372967.0191,374304.0112,362450277.2027,362448525.9781,362458051.2934,362458684.5276,5420.3181,13699.0628,13194.5862,3451.2244,1928.9076,454.4283,13465.6141,10916.7617,10871.2596,615.3630,13687.3863,4075.1600,0.0000,10026.3828,10939.5120,3372.9005,10105.2976,9580.5780,1106.6782,4846.9468,11181.7787,10662.3225,4699.4071,11908.3528,369945.7698,377025.1870,370289.7530,374946.7550,369402.5498,367749.1387,371318.4063,372663.4545,362449916.6115,362448165.5962,362457690.9086,362458324.1122,11860.0275,13389.2168,7500.1864,3720.0475,5334.3389,11647.5678,9021.3661,9178.2138,5135.9349,11818.1564,8298.4201,0.0000,6064.3023,9495.0273,2643.0088,6173.1953,11720.6127,5264.9967,9498.5047,8402.1352,9793.6325,2564.5623,8371.6762,365477.5286,372702.4626,365832.2154,370498.9736,365018.9899,363296.7893,366850.2178,368230.0333,362454498.0960,362452747.1474,362462272.2882,362462905.5589,5234.0535,13352.7889,13293.4417,13606.1514,1618.8439,8487.9056,8694.2703,13582.7627,1715.7285,13324.1107,0.0000,7837.9033,7372.2672,12834.2132,7826.8049,11079.9275,13452.4031,13523.8806,6550.2866,7772.8193,12425.0425,5841.1681,363270.4850,371109.7990,363670.7854,368305.3850,362818.7081,361269.9370,365093.6648,366162.2796,362462044.0762,362460292.7933,362469818.4507,362470451.5399,11765.8385,13386.0353,13188.6762,4909.6777,11214.3096,11253.3368,13259.6191,6096.5598,11380.7802,0.0000,10562.8201,7486.4339,13647.8803,10539.1619,9845.8187,12881.5275,11488.8168,8570.4016,7115.8571,13731.3126,10141.8037,368134.9816,375963.9360,368535.0607,373161.4241,367643.4001,366145.8030,370003.4757,371024.7327,362458409.2376,362456657.7660,362466183.6073,362466816.6425,4341.9226,3813.2177,12817.5845,12667.8807,12635.7135,4009.4627,13703.4443,998.5267,0.0000,10347.9518,9475.9926,6308.2029,10386.6572,10170.1040,2765.4896,4436.0824,10576.1921,8899.7788,7589.9619,12977.0866,372410.7435,379648.8164,372767.2217,377422.7797,371901.5086,370252.0611,373860.8049,375167.1456,362449401.6625,362447650.4309,362457175.8340,362457809.0298,2034.0551,12985.3758,10687.9299,10714.4622,1897.9868,13345.1073,5184.7377,0.0000,8636.9277,10181.1227,2271.0469,8718.2548,10695.9532,1694.0470,6596.7578,10104.9257,10068.7024,3697.8147,11025.3505,368856.9404,375988.5210,369204.9294,373867.6888,368355.3779,366662.9071,370215.7931,371587.8072,362451127.1466,362449376.1328,362458901.3591,362459534.6012,13425.2056,10571.7160,10518.4824,243.5738,13539.4391,4382.9347,0.0000,10034.4687,11092.0739,3146.3782,10118.0021,9300.2783,1512.1387,4818.1962,11253.8424,10837.2438,4415.0440,11710.4773,369610.9429,376676.9052,369953.8074,374609.8663,369059.5597,367412.5991,370983.5361,372325.0668,362450076.2401,362448325.2489,362457850.5667,362458483.7642,9564.7281,9781.9895,13412.0381,3298.0307,12811.6702,0.0000,7205.2352,5962.3217,12758.8641,7169.4664,11777.6385,13093.6284,13445.0568,5393.9077,6383.6402,12490.9313,6499.2021,364289.2880,372176.9033,364693.6187,369332.3976,363871.2994,362293.6054,366107.0838,367193.9719,362461622.7032,362459871.3399,362469396.9643,362470030.0806,424.0646,10456.1158,7157.0079,12815.9059,0.0000,9462.6658,12330.3495,9015.2636,9572.4189,7834.0431,11336.0110,11483.8774,10846.7398,12669.6009,7936.8167,5090.2942,360738.0398,368011.3368,361094.4983,365729.9516,360136.9611,358611.6565,362322.0262,363493.4397,362459081.0676,362457330.2969,362466855.8061,362467488.8838,10407.5269,7350.5013,12760.6053,0.0000,9780.0043,12541.7741,9052.1766,9889.7947,7509.3629,11321.9261,11307.8309,11129.3596,12849.2154,7994.8374,5487.6436,360903.7247,368158.0332,361258.7180,365892.9041,360291.7981,358775.0569,362487.2295,363654.3931,362458814.1994,362457063.4366,362466588.9613,362467222.0308,13502.4066,4598.6060,0.0000,9928.1254,11106.4762,2912.7182,10013.6954,9360.7417,1603.6420,5023.0630,11208.0408,10875.6005,4186.0085,11586.4344,369397.1958,376460.4705,369739.8333,374396.3139,368847.1682,367197.5588,370765.9589,372110.6697,362450213.1605,362448462.1796,362457987.4878,362458620.6881,13672.3479,0.0000,8385.7222,8707.7764,12636.5295,8401.0581,10290.8491,13575.3737,13448.2071,7659.6110,9099.7600,12080.3722,5161.2724,362267.4343,370027.7912,362661.3891,367292.8995,361778.7588,360253.7632,364076.8776,365139.2354,362462170.9007,362460419.7187,362469945.3893,362470578.4572,0.0000,10904.4404,9683.1773,7020.5274,10940.3644,9717.3054,3570.8206,3837.5754,10940.8877,9025.6019,8245.1893,13295.3355,372890.3954,380135.7190,373247.3880,377899.5050,372366.2090,370738.5118,374364.8518,375648.0251,362449148.5338,362447397.2798,362456922.7401,362457555.9136,0.0000,0.0000,0.0000,0.0000,0.0000,0.0000,0.0000,0.0000,0.0000,0.0000,0.0000,0.0000,0.0000,0.0000,0.0000,0.0000,0.0000,0.0000,0.0000,0.0000,0.0000,0.0000,0.0000,5449.1622,8264.1840,137.4961,13375.3199,9496.6858,12598.9463,3046.5480,6324.6413,7994.5560,5653.3017,363946.2235,371585.7810,364332.3450,368997.2214,363587.4556,361858.4105,365503.4949,366796.8278,362459291.9931,362457540.8064,362467066.0288,362467699.2991,10843.5872,5357.7054,13422.9299,10150.1508,11947.8203,2835.8238,1113.1135,11156.2739,9176.2442,368173.6281,376006.5507,368575.0564,373232.2379,367831.2387,366140.8094,369858.1312,371070.7790,362457884.6250,362456133.1271,362465658.5497,362466291.7774,8371.6684,10231.8875,3699.7748,7525.0062,10214.8786,10908.0251,1453.8856,9730.2131,366726.2340,373816.3681,367070.6244,371731.6575,366204.8931,364524.7791,368077.5173,369445.8808,362452455.7242,362450704.8278,362460230.0389,362460863.2700,13454.1400,9564.7858,12661.8008,2938.3166,6244.6276,8115.3222,5732.2980,363991.3996,371639.6941,364378.2037,369043.1907,363635.5927,361905.3451,365551.5549,366844.1372,362459332.0816,362457580.8865,362467106.1095,362467739.3808,10157.1129,6672.1994,13606.4409,13088.6905,10146.1261,11301.0839,367466.6427,374623.9215,367814.8900,372433.9836,366761.6864,365340.7652,369098.8755,370193.9134,362453184.0218,362451433.0759,362460958.8806,362461591.8521,5238.2627,10517.7520,9854.5161,5084.5166,11867.9799,370300.1281,377440.4508,370648.9092,375308.2489,369784.0563,368113.6115,371684.4955,373033.0166,362450131.0929,362448380.0166,362457905.3145,362458538.5339,12858.5269,11349.6820,8405.1503,13384.7145,371992.2298,379094.8370,372337.7266,376977.1144,371369.6381,369827.0897,373482.7944,374712.6921,362448816.6874,362447065.5849,362456591.1780,362457224.2686,3885.5314,10191.2292,6956.3874,365470.8515,373273.1800,365869.5638,370529.5502,365132.9542,363426.2494,367125.1013,368360.0690,362459627.9694,362457876.6044,362467401.9433,362468035.1883,11332.9157,9878.3692,369171.7857,376989.7557,369572.1706,374227.5507,368816.6066,367138.7333,370861.6410,372065.4235,362457019.6224,362455268.0952,362464793.5556,362465426.7707,8799.0000,365301.9176,372390.2936,365645.8841,370305.7939,364774.0801,363101.1612,366659.0815,368020.2689,362453566.9562,362451816.1190,362461341.3251,362461974.5494,360303.6632,367870.2254,360682.9414,365331.0047,359840.4431,358223.1162,361934.2892,363131.6583,362461707.6248,362459956.6518,362469482.0408,362470115.2035,26940.9507,1999.4888,5615.9261,9981.6304,6352.9030,14162.9345,6766.2780,362745873.0628,362744136.2329,362753656.3144,362754289.7066,24946.1691,24245.6783,21873.8026,22429.6910,18686.8489,20320.4877,362735161.5793,362733426.3406,362742945.9896,362743579.3334,4887.2864,8754.1490,4925.6705,12746.1804,4844.6501,362744972.0930,362743235.3780,362752755.4318,362753388.8190,9355.2889,8837.9056,14323.4211,4918.7097,362748734.8355,362746998.3073,362756518.3779,362757151.7290,9649.8190,17025.3349,7770.8980,362741737.5885,362740001.1020,362749521.5139,362750154.7050,9355.2889,5527.9852,362740638.0956,362738901.4604,362748421.3803,362749054.8155,10612.4917,362739783.7003,362738047.4437,362747566.8535,362748200.4605,362744319.3322,362742582.9262,362752102.9055,362752736.2790,23415.8745,28067.1720,21704.7137,23560.1318,16733.6148,9368.9077,
4200.000,6123.9908,13405.8706,12732.3892,12377.2674,10054.3243,7824.3469,12252.9995,4693.9589,7761.5490,9793.7203,10738.8976,9935.4924,13688.3398,12018.4349,9961.2744,11647.5914,12168.9447,10404.3075,9359.9431,12738.2354,10190.3164,7367.5933,13257.2537,8061.9462,12912.2462,10514.0430,10027.7661,11227.8231,11717.6863,9615.3379,10086.2832,7960.3567,9221.4075,11225.4953,2409.7094,12090.1169,4195.6816,13493.0261,6552.0564,11721.5056,12630.5600,9000.6753,8779.2331,9862.5879,7785.1534,11764.3740,9011.7302,10315.2094,8976.2425,9956.5946,11195.7328,11481.4027,10255.5804,4620.4162,11022.9481,3810.0620,13316.0711,13170.3371,11696.9335,8259.8522,11535.3696,7467.2949,7217.2699,12842.8749,7407.9391,8596.4355,13524.4970,12962.7542,6982.9109,13691.8757,13640.3047,13532.2098,11256.1149,6298.4230,7622.9604,1642.6615,10539.0241,13250.3825,10044.4105,5105.3980,7566.4227,10624.0668,5980.3209,9491.7128,7168.8560,10119.5752,9603.4170,0.0000,5155.7338,9186.9630,4724.3611,6513.9493,11914.7200,7973.4259,9635.3850,7710.1077,9608.1268,3507.0088,5883.5959,364297.3549,371465.9103,364937.9436,369437.9216,363889.8429,362319.2089,365590.5319,367359.8999,362455030.3108,362452835.1508,362462027.0089,362462661.4125,13439.7392,12704.5669,13697.7779,12138.6653,4321.1044,9090.7900,1877.0082,9253.7455,12313.9424,5772.5732,10561.9448,12726.7432,10035.8472,12785.5597,7740.8770,12051.9245,6522.3770,11242.9295,10392.0200,12988.8814,6132.2482,11202.2192,10374.7218,9252.8664,12971.6236,7434.7277,8419.6011,7958.0249,9856.9778,10592.4065,7508.9449,12764.0775,11607.4865,6572.4756,9183.7798,7844.2378,11380.1073,9143.2264,7809.2660,11207.5110,11875.4614,12503.7818,12937.7813,11839.1884,11066.6237,10157.6090,7866.1060,5402.1983,10167.4683,13446.5860,13214.2518,12474.0811,2067.7736,9074.2225,8557.4812,13495.0744,11871.5405,10559.9358,11135.1536,13658.1914,11093.2016,10955.2767,12499.1341,11165.7868,6292.7042,12918.8179,12052.2105,11496.4964,12902.4967,11812.0328,12332.0399,9977.7516,3873.6697,2137.8732,4656.6002,13149.2147,13508.8405,4984.9630,3643.8921,1953.8860,12766.4700,9739.5660,12110.5070,2292.8090,13185.5534,4942.8479,0.0000,8348.6072,10036.1549,1656.9396,10514.4689,9998.2806,2263.5333,4227.3676,9724.6045,9895.4226,4642.5244,10763.7576,370303.6087,377433.8176,370942.4875,375438.3563,369864.9656,368325.8254,371611.3407,373357.6321,362450100.6183,362447905.2464,362457097.2461,362457731.6130,4347.8532,3126.3424,8004.8313,12567.9374,8470.2666,13764.3555,10778.4962,7487.8681,10931.1900,8766.3895,2939.2891,7985.2999,6928.9218,9895.1110,6131.4273,11078.9378,8809.4866,7442.6451,6343.1639,12219.4905,6187.9925,10340.9762,8108.5273,6744.1744,10705.1550,9776.6145,9422.8137,9966.0969,9054.9607,11820.5697,7733.5825,7300.2484,13215.8878,8422.2272,12573.8869,5320.4645,11537.7819,9681.0318,6397.2395,8380.6421,8342.4854,7259.4620,9074.6671,7537.9285,9659.6246,10617.0932,11869.5917,9592.2496,5011.2805,5491.7327,7207.1922,13728.2386,9656.2643,12242.1571,1034.8691,5471.0461,7792.1006,9459.6426,4595.3596,9846.7395,10029.5270,5228.9666,10046.5139,11710.2227,1905.3206,5223.8601,9846.2330,2181.3342,4750.7352,3742.9605,8932.4236,13248.4831,13013.2841,13710.0511,6472.2822,996.7289,11673.1211,13542.8772,12934.8923,6871.2155,11135.9011,8069.8513,13008.0618,6676.5741,11903.3435,0.0000,12125.2398,10092.6821,13641.8077,10739.1398,7917.6547,12812.1868,11968.5081,10854.9051,9797.6679,13423.6959,10734.6563,366228.6355,374016.1517,366906.1980,371377.7950,365781.3417,364432.3020,368020.3987,369426.1659,362459674.3319,362457478.6570,362466671.2029,362467305.3599,6158.7205,10727.0362,10531.5540,6614.5762,13277.4449,7743.3935,9897.4250,10576.3622,5114.9226,6430.8183,4920.6949,5949.7826,11117.8183,9680.3445,12256.1843,5705.3373,9970.4797,6204.2604,9598.3228,8928.0881,12410.7925,8608.5467,9252.7877,7907.2946,11754.9532,7842.9580,12480.6607,11826.6640,13500.7795,7947.7930,3310.3071,13331.2967,6238.6287,13294.4303,4636.5184,13077.9896,10840.6256,3226.0758,6330.6391,9392.4120,9037.3246,8544.7001,10705.3948,6290.3460,12523.3409,9668.2637,12242.4032,5522.8302,8599.7894,4876.2249,12615.0712,12015.0592,10805.8719,5287.5209,8811.5163,4108.6668,7035.7451,5831.5817,8020.7654,8253.7521,8985.5573,11506.3095,9057.6789,3286.7821,8758.2338,9930.2152,5684.7624,7419.1682,2986.9579,11662.2597,13724.9901,11864.6976,12874.7440,8712.1331,5184.1813,11873.9286,13761.7480,11897.6357,9660.3817,9150.8174,5830.7216,11638.9294,7691.2200,12463.5690,0.0000,13179.5387,12531.8369,12680.8771,11954.9883,4828.6739,12438.7441,11231.2131,12809.4783,12329.1231,11835.8966,10873.9408,365763.8625,373280.8233,366424.3120,370887.1301,365211.1256,363920.8954,367491.0342,368892.3507,362457783.9173,362455588.4632,362464781.0599,362465415.1640,5698.9739,13420.2063,10676.4258,13593.3439,10873.0213,4887.8828,12381.6768,9451.6122,4931.3008,10025.4416,5553.3906,11071.2840,5530.0746,11747.9501,8772.3300,8496.2930,4529.8839,12831.0550,7561.5906,8405.7228,10193.9499,3927.1806,12129.4116,10299.3336,11427.1713,8849.2133,7792.6197,11012.4096,5455.4026,8335.5784,11942.7228,10579.3552,11008.2580,8058.2766,9800.2214,10945.2071,8629.0189,7519.7092,5701.2738,4402.6187,7162.8383,7194.1291,9999.9760,10728.8770,13039.6660,8487.0139,3201.6678,2868.7233,6734.7731,13725.1777,9721.3492,11136.9235,2539.7762,6354.7045,9546.0394,8809.7806,2397.0055,8737.3445,8887.9305,5102.4188,7649.6207,12716.0360,4875.5341,5752.4204,7643.9435,4550.3494,6726.5813,6559.6639,8741.8714,12959.3502,13733.7668,13026.8702,3540.2602,2387.7747,12684.3770,13089.2575,13629.1933,4279.0574,10231.3104,7377.0040,13659.7433,4066.8354,12606.3632,0.0000,10475.3581,8699.2008,13639.3688,8503.2835,9927.9121,13426.5330,13152.6338,9124.2868,8663.6661,13155.7551,8609.4782,363810.6445,371646.5460,364491.1832,368969.8784,363412.9575,362013.2357,365574.0742,367022.0743,362461788.3543,362459592.7408,362468785.1508,362469419.3619,13635.9505,13037.7323,11393.6567,12400.7007,1482.1256,12443.3432,12247.5927,7929.0306,13053.1112,8278.7761,10401.8703,4434.4926,10069.7900,11349.1475,8291.0901,7240.7641,13521.6889,8300.9014,3161.3286,11488.6159,2402.8889,13826.3014,8554.3622,13168.8770,4492.1238,3500.0753,6946.0602,6472.5996,11920.4734,8620.3131,13076.5235,7012.9950,11451.5832,4994.1677,10471.8094,12297.5231,9754.7096,4728.6108,3651.5126,7565.8361,5169.0308,12270.4607,8154.8057,13798.4145,4254.4137,7018.5341,2964.5157,9926.0553,12236.1465,7293.2940,10322.0959,7185.9175,7025.9425,12827.2738,10621.9780,6472.1239,9842.8902,9821.9222,5329.4390,3661.9733,13768.3197,9410.5275,6311.9001,6555.5025,8140.4626,8752.6619,10724.5340,6186.8982,9971.2055,13020.8771,10900.2587,3300.2007,7165.5282,11742.4779,10085.0989,12820.1581,1576.3083,10647.1086,9975.3974,13056.0311,5500.7789,11038.1101,0.0000,6145.5424,3902.8038,12023.1026,4486.0302,12953.6575,12088.4341,12873.7585,4041.8827,4324.3741,12101.1923,6641.6199,363862.6291,371716.4871,364545.2205,369043.8908,363584.6596,362038.3601,365489.8473,367087.9795,362461499.2135,362459303.5749,362468495.6654,362469130.0264,6562.3509,5695.0710,6630.8597,13421.7335,5803.3064,7607.4968,12435.0322,6917.1943,11669.3599,9065.9294,13225.5605,8835.6931,8897.9394,11415.7140,12204.7562,2644.9424,11742.2608,12695.6204,8760.0746,13749.2273,3547.9619,10477.3076,5645.2912,12413.1654,12802.1295,10814.3862,12497.4137,8802.9303,9182.3729,6421.8433,10516.6173,9577.1076,11819.8703,8949.0970,8480.3687,10322.2870,12976.4021,13466.8979,11491.5967,12704.1913,7340.2188,10493.2963,1493.8265,12587.0378,12649.2440,13833.9934,10666.0410,4175.1539,11352.5968,8377.5931,12949.6113,12520.9518,7371.1482,9371.1979,13052.5123,9892.7996,9830.8454,13316.5644,12738.4517,2183.5722,11582.4778,12756.7488,11857.2621,12366.5160,11702.4246,10531.2271,12076.4543,7876.8708,2800.9985,6596.3912,13657.8043,12936.0731,6635.0479,7609.7605,3086.6924,13780.5487,8593.8024,10400.3580,2140.8762,13067.2413,7412.8821,0.0000,11040.0949,12574.9188,4379.2445,12280.3462,6890.5177,4970.3177,4407.8161,12314.9602,12394.4939,4765.4955,11546.3111,369904.4691,376921.4567,370535.6508,375016.8338,369358.1733,367924.0817,371264.4785,372924.2613,362449697.0358,362447501.7708,362456693.9707,362457328.2315,10464.5043,8680.2634,12818.5510,5189.4530,7140.9653,8088.3584,2605.2433,10898.2657,7386.8641,10907.0840,8718.5186,8959.7936,8448.4986,11189.3995,7244.6665,8066.9510,13500.3856,4436.6355,12713.5223,4082.8621,9317.2857,1474.1334,12417.9440,12328.6409,12220.5784,12312.5537,6765.6906,12922.8905,680.8299,13407.9439,3683.1728,13557.7393,7050.1062,3676.9046,10425.8938,13095.6658,12864.1360,12265.8931,10845.2954,8007.0018,10272.0076,5218.8050,12322.1542,10845.9848,12040.7135,9736.8008,9765.6124,10400.6863,11883.5754,9115.8995,9089.5358,4191.6449,10254.1563,11039.6589,11198.1049,11299.3323,10399.0120,13745.4975,5773.1077,6856.9859,9529.5172,13086.9279,7910.7134,7262.2654,5258.9363,10831.4898,11055.1496,7458.0174,11548.4114,12567.3820,9154.6825,7207.1230,11393.2676,7524.0571,12692.8163,11095.4473,10164.7751,7516.9541,12228.5635,8360.1556,0.0000,13457.0788,12826.2432,9750.2071,13789.8149,2692.9155,8119.6836,5975.2777,13407.1820,12343.2127,10213.6722,13378.1826,371442.6969,378758.8493,372091.8543,376560.1989,370880.7609,369549.1848,373039.1374,374528.3118,362451474.3534,362449278.8120,362458471.3481,362459105.4917,9459.9602,11585.4151,7302.6664,11053.7098,13168.8926,11185.3191,12520.8760,8614.4717,11923.1232,7123.7824,11376.2383,10879.5355,12663.5905,6935.2831,11731.4668,9294.4785,10444.2695,12349.3192,8735.3388,8751.9693,9455.9866,9189.1152,9986.3105,6670.0500,12168.4996,12160.7808,4900.8371,10518.5601,6284.3893,12396.2285,7842.0377,8730.7356,12186.0567,11674.7272,11691.7835,12246.7439,11159.1230,10949.3973,10497.7740,7903.9187,6884.3706,9560.1009,13244.9147,12796.8178,12465.2561,1989.1196,9088.7322,7716.1463,13716.7339,12177.7075,11513.1056,10960.7391,13444.7631,10666.7919,10491.6764,12523.0807,10033.6284,7455.6969,13486.3659,12245.8355,10560.9141,13355.0760,12431.8540,13125.0635,9868.4446,3052.6257,3965.9732,3290.2241,12564.2113,13717.4572,6228.0835,2250.3570,3797.8653,12149.5960,9263.9363,11993.6643,3936.0189,12656.0542,5806.1453,0.0000,6888.6708,9222.5505,1523.1425,9270.1433,11128.8894,3731.3477,5939.9294,8602.9285,9236.5845,4223.4012,9654.2506,368988.8037,376143.6326,369629.2251,374129.6262,368582.0462,367008.8402,370273.9132,372050.3335,362451257.9832,362449062.6441,362458254.5557,362458888.9587,11497.0361,10743.4338,2937.8428,12186.0213,6931.8156,6768.9110,12815.4601,13301.4346,12845.6906,3002.7331,13445.1950,7780.9845,4197.2082,13198.4621,12350.6801,11716.9587,11445.8787,5807.1711,13474.4685,8924.7705,13448.5795,13342.7545,12945.0305,8217.9048,4809.4701,9587.6066,8136.3045,10588.3915,9957.5760,11891.9479,12654.5432,7503.6815,4701.9393,9574.6167,10476.2961,6900.0520,13643.2028,1656.3252,13480.5655,6723.8233,13513.3097,8677.6884,11872.4016,5362.8820,7994.8266,13753.4766,5096.1511,11278.9327,13275.0430,5833.6905,3357.4440,9416.7888,4334.6072,4360.6515,13285.7384,10839.4844,5128.2144,10188.4345,13177.3668,8095.0873,11755.5228,12536.2495,9611.8540,13824.8684,11457.8907,8812.4528,7811.1070,10937.6471,11159.7119,11619.0010,10806.3410,8970.4178,11959.6925,3493.4491,4783.3995,8096.5466,9277.4953,12087.3988,0.0000,11097.6612,13225.3047,8343.2919,10634.1791,6808.0457,10361.8770,10065.7989,12450.9160,13354.1110,5975.2404,8382.7092,363846.2126,370923.1526,364479.8230,368952.4407,363261.0176,361889.8888,365294.4499,366873.5320,362455124.8007,362452929.7387,362462122.0084,362462756.2100,12731.8627,11305.6792,7952.9970,12543.3941,6928.1432,11053.6539,5215.7343,10824.6735,10238.3681,9001.9809,5863.1582,13030.0014,8838.0228,3988.2781,11754.5937,1163.3177,13408.1653,9452.9790,13062.5346,5746.6670,4812.0776,7910.4105,5039.5570,10968.1076,8646.8187,12782.4643,7192.1762,11195.4725,5571.9208,11084.0646,11715.9463,8498.6943,3345.6649,2169.8009,6263.4312,6198.6263,11307.6908,9135.1819,13561.2456,5539.0833,5731.1759,2417.9563,8683.7070,12207.8951,8336.9400,9535.2087,6752.4313,7569.8694,12145.9106,9453.8540,5234.8407,8654.0773,8650.2475,5880.6486,3245.0836,13349.5917,8930.0103,6847.7592,5394.1147,8011.2565,9006.3362,10269.8081,7293.1571,10530.9088,13108.5011,10747.6688,1937.4428,6689.9242,12231.7224,10507.2308,12938.7297,1018.7501,9641.0963,8721.5167,13052.8794,4046.4884,11649.2318,0.0000,6462.2572,5140.7559,12053.6547,4220.8017,12434.0384,12424.5014,13098.0054,4908.3729,5576.6221,11762.7334,5723.0641,362856.2976,370670.5451,363536.1552,368031.4742,362549.6550,361028.1435,364489.8529,366070.1059,362461970.0070,362459774.4404,362468966.5612,362469600.8987,10453.7708,9491.5621,7364.7533,13162.1566,3884.0875,10325.7238,4468.1207,11802.1467,6974.8555,13212.3965,7934.2060,7569.7253,11862.6248,4076.1483,13072.6172,6374.2727,6118.0874,3891.9310,10105.4004,10510.1484,8954.2149,13695.1828,10643.0583,10834.5566,5665.0907,11351.8123,7374.0220,11505.6459,3717.0954,8385.4410,12758.6125,13703.6526,13500.1663,13475.0666,9393.1972,10791.0161,6754.0754,5281.8199,10165.4848,13043.0516,12583.1032,12597.1441,7380.0581,7517.9015,12028.7110,11130.5744,8845.9042,8626.0117,12445.4731,13078.1520,12875.4225,12865.3819,10283.6499,13061.6958,6820.8706,9930.9931,9364.1245,13579.3933,9749.9193,7993.7582,8990.3271,8512.6570,7178.2100,4475.7625,9669.8083,13259.6266,11212.8408,2211.6791,7886.2637,4352.1783,12736.5100,12256.3319,12730.4906,5108.0899,13587.7083,3591.0882,0.0000,11394.9503,10689.2298,7124.1452,12844.5175,7396.4671,3869.4765,1837.2733,11406.5415,10107.3971,9117.2781,13354.2337,373475.5737,380797.7960,374126.1689,378611.2102,373009.8229,371558.7114,374957.2843,376571.4733,362449588.0209,362447392.3834,362456584.6803,362457218.9465,10422.4162,4893.1425,6019.3029,12304.7423,12433.6170,12814.1446,2204.5266,12465.4329,6997.6961,5666.3913,11928.0446,12860.7116,10459.8732,11009.2558,5409.8889,13136.4165,7836.7424,13579.5032,13275.6846,13587.0530,8084.3917,1936.1207,11370.1237,6529.0755,12027.7812,7788.9426,12808.0979,12077.8008,5012.5758,4467.9324,9712.8216,10220.6063,7411.8338,13014.1681,1352.6851,13469.5273,7118.8303,13534.3292,7460.6494,11070.1052,4119.1394,9780.5601,13495.2877,7429.1578,9452.7357,12018.5008,3430.8257,3900.2316,8175.0086,5308.7053,5480.6209,12156.9973,11486.7148,5741.8424,7927.3944,11964.7073,8914.7231,9869.9180,10922.0896,7209.8979,13456.9314,12583.2270,9754.4830,9964.4752,10431.5279,9333.1374,11692.6284,12197.8109,9893.4564,11532.5963,5551.8517,4171.0233,9198.1157,8782.1312,12325.0257,0.0000,12320.9280,13467.2293,10036.0202,11533.0322,4760.4519,11108.8661,10248.9701,13074.3006,13461.3854,8279.9166,9548.7991,364601.0847,371794.0838,365241.6031,369707.3044,363999.3364,362681.4462,366154.3381,367653.1080,362455718.1520,362453522.9791,362462715.4092,362463349.5521,8529.1405,9240.8134,7693.7558,4561.3719,9080.4303,10778.2491,4806.6502,8595.7946,12705.5955,3415.3317,9941.8025,6231.9329,7525.0474,10961.0787,7521.4410,8760.8047,8639.9623,7837.4934,10510.5804,9633.7375,9172.6568,13172.7859,8277.3317,12445.1522,4998.7670,11140.7118,7494.7728,7287.7370,10509.8443,9712.4488,8499.9470,10848.7702,5592.1706,11274.0899,8598.5488,11726.0708,8232.0117,7413.1411,6073.0553,9551.8934,13440.8382,7517.2148,13323.5609,2684.4152,2845.3412,8875.3043,11387.2427,6906.1031,11684.1934,11817.9083,3455.7584,10528.3707,12001.1651,3300.3472,2889.0953,11235.6625,839.5075,2016.6412,4474.3652,6873.1308,12149.9960,12309.4960,13775.4974,7613.5180,2882.3472,10029.1185,12712.0245,12178.3661,7246.0663,12630.1341,10281.4417,12498.9862,8524.9346,10190.9281,0.0000,11896.4529,9028.9807,13254.5125,11131.9495,8494.6344,11674.3599,10812.6069,10274.5044,8495.9394,13714.3017,11833.3393,368707.4322,376545.6565,369388.6989,373865.4943,368300.6333,366915.3355,370486.7822,371920.6350,362458138.2334,362455942.4157,362465134.9319,362465769.1217,9258.9982,9458.6421,11542.1608,10600.5110,6854.1709,9996.6986,9760.2571,6598.5450,9408.8242,13751.4117,6649.1171,12291.3066,3663.9049,11027.0429,3762.4326,13257.6417,13029.4577,13246.5280,11053.9149,4392.8023,12990.8408,1954.1179,13528.2759,4126.9611,13847.7738,9142.3335,1888.7625,8576.5180,12216.1787,12149.7611,10921.8497,11823.8453,5946.2800,11837.1631,5659.4203,13151.1633,9535.1638,11759.0957,7771.0501,10193.3726,11862.0262,10850.7524,8786.6058,10078.8962,1638.6857,8385.3976,9895.3847,9538.7720,9680.7346,11007.3676,13411.2934,5385.5741,6368.2630,10350.0703,12056.6613,8116.0765,8307.3441,4756.4219,12079.8483,12161.3125,8550.4427,11536.0598,11960.6317,8767.6971,9202.7158,12254.6730,8665.8396,12478.0174,9623.4250,8237.2065,8351.5840,11146.8110,10217.8537,0.0000,13644.5857,13498.0994,10289.0415,13505.9199,144.9665,9593.5413,7780.0158,13798.7605,13158.3192,9945.6802,12536.1702,369233.1468,376507.4515,369879.2046,374342.7819,368636.3216,367336.6543,370841.7842,372305.5732,362452914.0275,362450718.6092,362459911.1721,362460545.2869,13337.1479,9908.0220,13606.7623,4311.5165,12083.6664,1252.3497,10084.2537,11433.2471,9730.3170,12322.5364,6335.0378,10451.5627,13023.9759,11609.9452,11372.9567,10691.1519,12431.6703,2545.8966,5670.9042,10497.8355,10505.3619,10249.2369,9702.6513,10294.9088,13198.6429,8340.2117,2280.4713,4636.5556,5124.4955,3058.1048,11054.2406,6044.4851,13109.7971,11546.2159,11238.6893,2463.4289,6804.9061,2128.3600,12004.4324,12663.0490,7255.4492,7118.2088,10696.8182,8061.2880,3785.3099,3319.7241,3700.4357,3923.5342,9815.9190,7550.1593,10534.8000,7521.8816,10244.8685,4758.8021,8696.8883,10575.7655,8248.2498,12049.1288,13091.4333,12842.6232,10826.9160,5502.9161,6926.4501,13674.7011,12695.8637,12842.4131,7188.1762,5642.2334,2254.0309,12425.6338,3235.7116,13750.5045,0.0000,10206.1656,10955.5681,12124.2969,8023.4469,9119.5269,13354.6976,13250.0298,10352.5847,11213.1944,10426.0185,6043.4577,360925.3706,368437.0536,361585.4080,366060.7365,360439.7336,359060.3994,362561.7050,364056.3937,362461153.7058,362458958.4463,362468150.7720,362468784.9743,7543.7282,2150.7528,13227.3824,3687.2859,13020.6221,10849.7523,4781.5925,10041.1479,3741.3782,11457.5026,9502.1445,2589.5791,6627.8373,7495.9439,7859.7653,7048.7365,13367.0497,12112.1999,10952.7234,7921.3644,10801.7818,7742.8439,10113.5395,375.3835,9778.0604,13569.1692,12911.1330,12319.3279,13604.7894,6275.8564,12716.8580,3767.1651,8718.6532,7462.8034,12587.1962,10744.2674,13321.7987,9421.7472,4168.1615,13208.4326,9768.4224,6065.1437,10575.8926,13642.4861,12359.5794,13807.6073,13802.0809,7598.2562,11903.1893,9987.4591,9399.1695,6638.8470,13394.6179,8243.7691,5967.4421,9083.8303,5222.2955,7059.1138,7386.7515,10931.7639,11866.7487,9899.0083,3217.1033,8131.4657,7145.1666,10872.1657,13567.8373,13562.4794,8037.2999,12867.4863,3275.9026,0.0000,10496.6295,8296.0529,9041.8086,11854.2802,9470.6768,5781.8512,5259.8310,9602.6843,7509.1359,11147.8327,13179.5969,373434.2562,381007.2287,374100.5509,378592.0002,373056.1575,371563.0360,374987.9851,376593.0694,362451778.5839,362449582.7586,362458775.0284,362459409.3322,7961.7560,12253.6245,4444.8636,8967.1950,13672.9907,4238.4052,6235.3454,8303.3238,5329.2653,12918.0844,5880.3129,11083.6603,4652.1749,3641.7836,7286.1640,9102.2160,11697.8665,10918.5802,11128.1406,9670.4655,8811.5176,7730.3895,7561.7006,10686.1633,11334.6288,8142.6942,6811.3828,10303.3545,1862.0792,12861.0699,6272.4722,13000.6139,4155.3828,8145.8446,4168.7343,10960.7006,12776.4359,4907.9232,12648.8168,5267.1954,2793.1734,11786.0446,12183.9629,7481.9650,11913.3924,11955.0354,1223.6281,7690.2959,13370.9812,7245.4705,2083.7180,9882.4131,5131.8487,4934.5671,8478.6730,3665.5111,10152.4013,12398.6889,12484.5505,5956.5127,5380.5931,9865.1984,10748.4809,12180.7478,4520.6898,12668.1881,11349.5499,12650.5017,7908.4949,9375.9035,0.0000,8864.8896,5003.6371,12491.4547,8293.8544,11482.3329,11201.7811,11333.1232,6571.3670,4499.4302,13256.1400,10105.4299,367678.0419,375596.0723,368364.8064,372857.0881,367377.1520,365879.3195,369382.5651,370917.3207,362459318.0935,362457122.2524,362466314.5226,362466948.8283,13542.5765,4954.7097,13288.5621,10703.7232,6248.0983,9073.2805,5701.2618,11426.2264,10028.9988,2394.6364,7795.5876,6587.1978,7257.0812,5395.7081,13337.3014,12891.9417,9495.5529,9176.1557,9379.9970,9407.0250,8830.4687,2475.6500,11058.6286,13733.9424,12646.5858,12221.1426,13386.9978,6447.2930,13007.9943,2543.1928,8846.6553,6699.2322,13054.4868,10983.0698,13743.1357,8277.1923,3677.3868,12496.9076,10858.2172,7194.9900,11572.9114,13698.7926,12853.9535,13672.2412,13621.3701,8331.1481,11147.0321,10108.7902,10784.9350,7600.6255,12918.9786,9626.1488,7586.5898,10586.4902,4977.8489,5152.9480,6707.4758,9647.0008,11906.9967,10967.8558,2728.9320,6337.1652,6410.9265,10806.4415,13219.9205,13823.3949,7390.6726,12965.2164,1833.8689,0.0000,9118.0422,7347.3231,7832.9641,10938.3223,10594.7487,4689.7062,5163.1463,8463.2199,6643.8673,10232.1383,12482.9874,372918.9046,380449.8584,373582.8426,378080.5625,372569.3485,371028.4058,374406.4440,376070.5010,362451663.7619,362449467.9859,362458660.1280,362459294.4837,13037.2466,5447.8196,6799.7240,12502.8838,12037.4478,11756.0960,9906.8286,7305.5507,13660.4556,9610.3505,13257.3080,12876.9670,13453.0978,6356.7457,3075.6762,10738.0374,8400.0364,11250.9516,9101.5927,12037.5763,13038.9978,6637.4571,2403.7305,8150.0308,8865.8096,5536.6025,12987.7033,1898.7633,13826.0751,8689.4408,13216.2590,6243.6652,10220.9504,2509.4159,10237.4013,13765.6570,6313.7066,9358.1857,12315.7949,5402.5231,1861.6579,7062.0314,3346.1762,3565.8839,12087.1964,10226.1390,7290.3251,8427.2581,12117.0013,7204.5109,10212.5166,11565.6417,8178.0570,13561.8133,12815.1551,10826.4524,9747.4730,9237.8498,9205.5939,12746.1588,12304.6895,10931.9092,10565.1612,4132.3107,2170.0255,10239.7732,7289.0429,13166.9064,0.0000,11536.1206,12994.3990,10495.5961,10315.2676,6713.5353,12018.1543,11552.0632,12363.7874,13128.9051,8392.7111,7980.8018,362606.1420,369844.6638,363249.3237,367718.1723,362030.2752,360691.0603,364158.6758,365669.6305,362457590.4783,362455395.3510,362464587.7166,362465221.8830,11487.3222,12587.2568,1494.9174,8936.1188,4636.1935,9204.3562,11136.2063,3061.0955,8311.3843,6320.2311,6127.4020,7469.1548,11940.3472,11816.8455,11779.9826,8896.3010,11090.4992,7071.4331,9714.3559,3647.1599,9601.4358,12917.4506,11380.7542,10378.1888,12702.5125,3553.8604,13037.2440,4459.0999,10963.3992,6032.7139,10725.7796,8130.9109,12436.8479,11692.4418,3477.3362,13718.7870,7068.1001,2545.0745,10836.1041,13403.5538,10280.7735,13485.5809,13524.4537,4247.5391,10746.8536,11837.4250,7451.9065,3188.4142,12514.0299,5548.9851,3272.3416,7798.1532,3499.6432,9100.7246,10236.5884,12470.3999,9671.1882,7234.3003,6680.5355,10042.1296,10011.5592,8531.6520,13786.1116,12859.3811,10712.4291,11055.6501,6505.1861,0.0000,10513.8835,7117.9982,11352.2118,11021.7573,9987.1155,8839.7710,8398.6443,8812.8390,6266.6586,12857.5325,12567.2323,371694.7240,379480.2622,372373.7500,376863.1123,371348.8047,369872.9484,373361.4277,374902.6046,362455108.7596,362452912.8499,362462105.1920,362462739.4739,10824.6749,10824.6124,8955.2968,12165.1343,5179.7936,11086.4856,12508.6916,11884.8427,10593.1108,9826.6838,11909.4699,1912.6255,6499.3082,10437.6266,10858.7413,9959.4724,9697.9663,9716.2679,12898.0262,8732.4144,3461.8285,3807.1611,4019.6802,3223.5440,10209.1884,7092.2433,12588.3113,12083.6089,10425.4682,1519.8906,5640.7243,3245.0895,12338.1507,12030.3590,7823.5663,6375.9945,9948.4564,8697.7522,4909.5290,2256.0039,4633.3354,4813.3263,8900.1772,6840.5312,11214.4040,7224.6160,9433.5845,4554.8057,8095.0654,10031.1331,8200.1320,11310.9897,12942.1221,13140.8379,11102.5922,4318.5250,6183.9845,13602.2161,12621.5942,13110.1748,6060.1328,6489.0023,3473.1325,12790.6218,2077.9737,13588.1989,0.0000,9794.1666,10161.3764,12408.9431,7445.4164,9625.4288,13441.5684,13409.3850,9647.6624,10425.9782,10941.5002,5870.8392,361035.3896,368628.4875,361700.5586,366178.2225,360579.6820,359184.9173,362693.3891,364187.0291,362461741.7472,362459546.4235,362468738.7386,362469372.9544,12687.9709,12826.7252,10143.7862,13236.0501,3474.1002,11998.8328,6821.6616,13147.8882,13370.1808,11871.6361,11148.2659,7227.0185,9168.3486,6872.4486,10541.8250,9840.3979,12017.8328,10709.7795,7997.0622,8404.8912,11956.1225,12659.1107,9935.4310,13473.7836,5117.8627,11986.8496,3096.4686,13295.4818,11468.1096,13480.9572,8881.4025,5159.8306,12652.1671,6756.5140,12677.4623,13217.7200,6450.5501,7253.9140,12018.1422,7902.3378,7850.5935,13728.4461,12230.9964,1690.7774,11310.4523,13330.0582,10578.4385,12481.9687,12377.5309,10341.4374,13139.7062,9328.4934,5202.3008,6528.4970,12981.0676,12621.6840,8832.0748,8801.8385,5443.7111,13459.9345,6535.5119,8491.1927,4421.5305,11949.8682,9491.8081,0.0000,11136.4973,13143.5881,5526.9082,11814.2681,6532.4788,7207.7107,6802.1170,12609.2720,13100.9072,4207.5446,10421.9227,367543.0294,374526.0291,368171.6040,372648.7167,366966.7374,365560.3410,368914.6216,370551.7532,362451323.5672,362449128.4237,362458320.6427,362458954.8785,9424.7081,4567.4216,8850.4095,11018.4315,4501.9390,8191.3061,7135.1413,6711.7150,8575.2765,11475.2905,11075.6493,12443.6217,8474.5866,11744.7777,6100.9752,10365.1993,4648.6956,8772.5005,12388.2196,11106.2808,10010.3944,12383.3960,3996.7940,12616.6800,5839.5851,11157.4429,6786.6255,9920.4484,7607.2185,11740.4547,12360.6792,4796.0551,13830.8545,5855.9790,1640.0087,10181.0756,12985.6533,9451.3666,13160.0191,13230.1689,3644.6404,10906.8682,11890.7463,6183.2583,2430.4536,12379.3376,4175.7037,1840.5702,6642.7980,4536.6771,10195.8831,10894.6142,13072.7840,9223.0851,6036.1807,7648.2439,11037.9292,10700.9250,8264.4710,13650.3985,12269.6533,11296.9977,10506.2204,7650.1613,0.0000,11168.9746,7829.4346,12066.1085,11292.4001,9398.5790,9742.5720,9054.0823,9446.4671,7048.8030,13284.9502,12602.5308,371154.2469,378965.9120,371834.5965,376319.5141,370788.2048,369344.8543,372864.7235,374366.0151,362455855.7629,362453659.8587,362462852.2736,362463486.5214,11925.0748,5143.8717,13694.9629,8065.6766,13301.0068,3321.3740,3258.0051,4644.6724,7841.5821,12975.9556,6154.4834,13566.9356,4329.3643,12724.6004,1944.4583,10195.2749,13412.5381,10627.5900,5954.4615,5715.1402,8194.6178,6008.3955,12626.5381,7121.9394,13165.9506,3491.9416,9142.0730,5963.7426,11183.3762,10441.1227,6785.5065,9362.2236,9649.6882,8542.8575,13636.4075,11101.4688,8815.1297,10158.1786,10050.8004,7337.4572,3071.4839,13262.6155,11405.6450,8012.7057,6726.8659,10235.9614,10250.6737,12376.2198,6097.5722,7683.7272,11681.9188,8875.1565,5851.6147,9639.5664,10728.5871,7680.4980,11453.3181,4594.2510,10367.6791,10973.8524,11738.0080,7436.4570,9778.3948,0.0000,3325.8353,2371.6607,10181.2357,3106.7680,13654.1312,10585.4693,11940.5017,1001.4880,3252.4781,10570.2129,6133.6404,364500.6340,372229.8135,365176.0062,369682.3513,364242.6678,362637.0514,366013.0526,367700.1755,362459745.9619,362457550.3836,362466742.3177,362467376.7424,11809.3080,7772.0993,5754.4323,4195.3116,9891.0438,9862.3499,9999.4255,13024.1948,9896.6791,12762.4625,5043.8504,12765.1145,4454.7317,12230.9351,3366.8868,6813.2567,12500.4820,13147.9537,12507.4301,13375.6758,7801.0861,11206.6951,7093.5542,7850.2173,9737.0846,11543.2948,10858.7052,11868.3962,10584.8450,7020.3625,13484.0933,8338.0328,6040.1856,7967.3186,12639.4293,11402.9031,13182.7643,13249.9890,7832.3371,13084.9752,8916.9909,7010.2292,6710.1179,13692.5633,6530.1113,4516.6950,6185.0166,7564.8280,9771.7109,8161.6195,12246.6070,11972.8229,8465.3014,5306.7755,10563.0537,8049.0435,11444.7991,13204.2531,12329.4840,8611.7344,12513.7335,6154.8922,0.0000,12533.2366,10558.6780,10353.4849,13201.0177,6693.6928,7525.8074,5813.0114,11734.5429,9841.3698,11761.2535,13825.0417,373191.9846,380734.2451,373855.7508,378334.2819,372733.0258,371333.7652,374824.2474,376337.1608,362451959.1639,362449763.3780,362458955.8493,362459590.0554,13438.5565,9996.2461,13087.0782,6669.0706,5651.1772,8907.9499,4594.5719,10510.9331,9553.3625,12649.9474,8203.2257,10842.4741,6701.0686,11453.8861,11315.5777,8121.5450,3247.1839,1663.8886,6113.3311,6593.8956,11102.4497,9839.3200,13786.5840,6409.4267,4860.6022,1659.0285,8138.2660,12843.1091,8958.8874,9887.0040,6012.0407,7517.6753,11820.2642,9219.7637,4277.0454,8515.3511,8549.2897,5775.1911,4156.5277,13502.1267,8296.8382,6772.7547,5558.8837,7493.2957,8799.3819,9742.5304,7876.9756,11416.8717,13617.4713,11462.6151,932.3861,5929.6568,12749.0576,11401.0310,13464.3035,1011.6599,9718.0021,8283.5016,13539.4889,3335.5978,12269.5622,0.0000,7527.1586,6149.2068,12713.8113,5158.8820,12180.7154,13038.6948,13518.8754,6049.6216,6490.8996,12283.9032,6154.8686,362521.7090,370358.9237,363202.7657,367694.5457,362199.1317,360703.9761,364191.5763,365739.1572,362462501.6344,362460306.0668,362469498.2472,362470132.5575,11162.8849,3865.5346,13363.0513,13446.1681,12517.2924,11902.2371,6195.0754,11361.7044,3668.5694,12370.4519,7145.1244,13273.4372,9263.0668,5421.1288,9181.9992,12845.7207,13143.5323,11199.2693,12793.5910,5711.5000,11610.7202,2309.6437,13401.2343,11294.3417,13256.3016,9021.3508,7376.5287,12086.3795,9393.7363,11321.4519,11798.7074,4172.2967,8430.6976,11743.7108,9408.4999,9453.1064,12694.5256,13430.4218,1910.6699,9379.2766,12065.7334,12064.2216,10710.3438,10440.9614,8013.8374,12590.8715,10409.6794,5774.7736,9196.3648,13189.0774,11298.2174,8014.6323,10303.7651,5986.9945,13586.3221,8694.0339,9049.4238,5385.5287,12342.0723,9050.3270,0.0000,12729.1103,13557.6417,7559.6587,13232.8018,3651.8835,7456.9157,5898.9196,13534.1140,13301.4448,7250.3372,12175.4748,369595.5758,376679.9142,370230.3270,374700.4348,368998.5475,367647.0692,371067.3655,372625.9751,362450779.1533,362448583.8568,362457776.2566,362458410.4299,8722.3491,5165.3100,5600.1247,5157.2130,12582.0898,12927.0449,10047.7991,9767.7875,9480.3578,9041.9303,8322.0887,2859.8371,11077.5335,13546.7986,11742.6730,11038.7821,12974.0360,4260.2450,13439.7403,1597.0866,10369.6953,5121.9390,12076.7625,9357.7795,13420.5512,9928.2268,1613.6244,13004.4549,9389.7306,5209.8622,11889.8067,13777.9958,11729.1374,13680.6796,13654.8996,6271.3753,10327.0198,11431.3329,9783.6791,5579.1784,12460.8955,8180.3992,6127.8690,9947.9400,2822.9739,6529.2918,8678.4107,10786.5530,10563.6203,9519.9931,4893.1267,7641.2780,8395.2285,9265.9133,13570.8755,13611.0371,9259.7365,11950.9835,4174.2358,0.0000,8978.1601,6052.6905,9506.6364,10322.7324,11011.6514,6831.0532,7127.6059,7611.6976,5196.9733,11525.2121,12165.6439,372133.8969,379818.1186,372807.1398,377304.6965,371814.8053,370277.2288,373694.0027,375321.6953,362453674.0590,362451478.2019,362460670.3827,362461304.7315,12086.3257,12143.4926,11560.8778,12828.5349,7755.8117,12354.1243,1905.5666,12939.2543,4843.1718,13192.3053,6315.0775,5031.4240,11042.5820,13441.4727,13270.3495,12654.0000,10779.1053,8512.9960,9592.5711,4344.0075,12042.0278,11638.7525,12492.3576,10541.5898,8812.3201,9917.8678,11765.0210,9962.8773,9328.8852,5257.3665,10747.8706,11820.4786,11585.7873,11651.8317,10702.9324,13751.5126,5301.6517,7945.9725,9802.2188,13307.7138,8698.6905,7705.5497,6489.4733,10518.2502,10065.1742,6228.3537,10856.7612,13016.7389,10010.9387,5992.4006,10446.2172,6289.2525,12997.2569,11249.2904,10852.3730,6378.8938,12795.5454,7231.4287,0.0000,13030.4856,12531.6655,8765.5415,13697.1616,3832.5673,6858.9174,4587.3150,13100.1192,12032.0162,9577.4528,13442.7857,372143.0259,379421.1721,372790.1252,377262.2852,371594.9967,370235.5696,373694.9474,375221.6872,362450500.9689,362448305.4251,362457497.8983,362458132.0711,1241.7120,3102.4733,9979.0191,13496.5850,7740.8684,12645.4570,6291.9560,11596.1586,4139.5406,7701.9130,12977.4374,12276.5090,8416.1622,7751.9929,10499.2326,3537.2074,13582.6116,4253.1729,12693.9680,528.0848,10408.3411,6664.6981,12515.2400,10573.1390,3690.1891,11341.3393,9249.0589,6500.5398,13527.6555,12728.1642,9967.8008,12096.5786,12024.5529,5809.7257,6166.6526,13199.0077,10813.0480,6164.0818,9386.0600,9164.3632,8407.8295,11650.7965,3017.8331,6846.8626,10936.2732,9910.4955,7466.4330,9310.9940,8779.8513,7412.3351,10660.3182,5815.5058,12223.9102,12506.1962,11227.0174,9310.6731,7734.1370,0.0000,5392.2789,974.3820,10203.3350,6240.3443,13189.0399,9367.4676,10527.7350,2971.6414,187.8105,11418.2278,8929.9358,367674.8250,375459.9044,368354.0406,372859.6897,367425.0341,365825.9317,369219.3955,370888.7709,362457846.3410,362455650.5909,362464842.5979,362465477.0122,4270.1455,9282.1814,13049.2756,8329.3076,12532.5461,6819.3155,11165.2674,4571.2457,8020.8885,12578.5154,11786.9100,7729.1242,6876.6597,10011.2084,2916.4121,13347.9383,4994.2357,12986.5444,816.4090,9532.1900,5526.5528,11925.7597,11223.2054,4124.8505,11415.9979,8276.8746,5831.5218,13225.4805,12375.3582,9026.2151,11760.4018,11712.1837,4841.5513,5810.8859,13396.2842,10052.4506,5375.8033,8982.0061,8340.3985,7839.8006,11043.8285,3097.1057,7840.8240,11538.7720,10489.3847,6478.8261,8336.2396,9395.4312,8347.1867,11279.2324,4743.1898,12096.4309,11986.7685,11789.4706,8466.5691,8473.1846,0.0000,5890.1070,1402.9366,10885.9765,6094.7220,12956.8338,10099.1187,11047.3822,3287.6943,1071.3898,11864.6063,8698.1457,367084.6966,374917.2429,367766.6306,372269.7303,366829.4326,365250.0523,368670.1100,370308.4999,362458774.7924,362456579.0333,362465771.0892,362466405.4822,11203.6761,13891.5265,6028.2359,12457.1338,5089.6049,12330.4379,3991.2555,7317.1667,13405.9604,12799.6922,9797.3530,9598.5808,11181.9091,5923.1001,13402.0152,3670.3325,11362.0398,3584.8233,12006.7146,9140.5221,13276.3671,8346.1287,4298.8567,10552.2345,11292.0267,8460.5172,13627.5813,12883.5467,11758.7828,12261.8233,12137.5281,8293.0147,7213.5516,12026.4693,12291.9966,8335.4365,10014.2347,10994.9753,9903.6027,12731.8847,4646.3632,3996.8593,8930.1495,7912.8491,9565.7065,11344.2168,7232.9951,4643.1992,8631.7395,8238.3340,11858.6531,13091.1456,9267.3600,10928.2525,5975.2733,0.0000,4532.9541,3338.3241,7916.5841,6816.7862,13184.6348,7204.7334,8931.1726,3744.1824,3234.6121,9641.4277,9221.5273,368718.1241,376323.9498,369386.6146,373895.5120,368451.1825,366824.8901,370154.8997,371891.2645,362455362.7718,362453167.1084,362462359.0198,362462993.4663,7947.2341,9292.9123,12012.5314,8687.2688,11076.2108,8506.1947,13294.9424,10220.4812,4099.9488,2185.3175,3059.7834,2003.6635,10207.7034,7895.9134,12422.8239,12597.5373,9871.4644,3107.6202,5589.5432,4586.7215,11991.8339,11935.1995,7018.6910,7577.0050,10522.3951,10053.2672,5286.8755,3495.2209,4453.2348,4532.2966,9286.4732,5336.4271,11752.4958,8744.2302,9945.7762,2835.7018,9258.6524,10957.8875,9744.2415,11195.3415,12380.0673,13221.3497,10341.6871,3806.2452,7403.6852,13803.6658,11953.0865,13169.4404,5516.5960,6129.8864,4383.6635,12860.5865,1590.5850,13614.5020,0.0000,8528.1264,9401.1596,12051.4548,5917.5003,10916.6060,13412.5551,13740.0877,8568.2281,9821.4614,10534.6597,4213.1817,360250.4302,367841.0033,360915.6253,365399.4946,359829.3971,358389.5780,361862.8039,363404.0831,362462186.8153,362459991.5224,362469183.7265,362469817.9891,12378.5534,6176.9624,12781.2074,6584.7537,13202.2960,11856.0270,3811.4376,4787.1464,9647.8569,9868.6672,7754.8055,12466.2230,3209.6136,13440.1908,8096.8502,13377.0630,6594.1913,10331.4269,3764.3917,11081.3738,13268.3035,8823.4587,8092.7490,11104.4666,2825.1093,4833.6712,7240.1395,6181.8390,6404.7899,11257.5122,11691.6237,6986.3775,6368.8137,11052.3196,9335.1341,8534.5102,9849.8451,5683.5529,13113.6948,13322.5654,10727.5494,11309.1954,9903.3684,7971.4048,11986.3188,13089.5469,10834.8540,11032.0786,6919.5181,4310.6469,10287.2915,8343.2533,12643.0032,0.0000,12926.5540,13437.0019,11272.2632,11903.7203,4262.9218,11840.3648,10770.2621,13275.4503,13363.0953,9827.6656,10151.6280,364855.9297,372156.8993,365502.9763,369965.7186,364259.0059,362964.8572,366481.4209,367932.4161,362456548.9858,362454353.7257,362463546.2415,362464180.3567,12861.8839,1968.3518,13765.4877,4420.7010,11088.4092,13420.4165,10036.9416,8309.9013,9174.0209,8236.7966,10357.2123,10617.9260,8920.4790,10235.8056,8136.6609,11278.2733,10542.2328,11171.7931,5720.9502,9584.9502,5595.2461,12947.8998,12231.9224,12806.6795,9617.7642,11440.8243,8688.6130,8456.7821,11761.1280,6120.9474,10146.2317,13569.3932,11975.2248,6994.0341,13298.7401,13086.2177,13808.2019,9749.6431,5236.5290,8351.4828,3232.4760,9776.6052,12903.2388,9746.6854,4179.0714,8203.6341,9483.1546,7628.5334,10522.6413,8125.9026,9903.5192,8998.4032,0.0000,2968.3179,7252.7178,5603.7118,5134.5353,12891.1932,8020.7965,9956.5491,5663.4569,7756.1849,5537.4760,5736.4659,364684.0969,371989.4132,365333.4144,369839.2056,364338.0292,362727.4183,365999.7937,367782.2492,362455832.6833,362453637.4056,362462829.2169,362463463.6576,13386.5986,3799.4149,13610.6011,7592.0706,3219.5602,9949.9385,12890.0908,12717.0249,11918.0191,11142.1113,7417.6396,10669.9641,5066.2835,12553.0710,10562.1184,12025.9144,9254.2009,9716.5351,10793.0496,11534.5889,9109.0339,9410.7901,3547.8403,9746.8200,10804.3632,10743.2825,10851.2887,10622.8457,13660.3608,5424.4851,6797.6191,9806.9934,12813.6754,8039.0127,7600.3593,5171.1436,11181.2641,11253.9031,7559.3784,11422.1201,12457.3805,9132.5325,7647.6790,11518.0875,7645.4655,12682.8515,10651.7730,9675.9542,7540.2417,11989.5657,8774.9644,0.0000,13465.6505,13008.2074,9735.0153,13704.8028,2043.6451,8370.4390,6299.5651,13501.2410,12565.4489,9992.3682,13139.1924,370909.2193,378203.5453,371556.9090,376024.1096,370336.5558,369012.3796,372503.0058,373988.8572,362451715.1616,362449519.6586,362458712.1973,362459346.3346,13751.8968,2542.3156,10958.8860,13714.2749,10219.3933,7317.0074,7996.5888,7988.0481,9160.2074,11404.7205,8294.5507,11409.3247,6683.3722,10674.3885,9245.4226,11248.8724,7333.8314,8728.4890,6633.6682,12166.5791,11326.0837,13344.9436,10092.3373,10702.7792,9059.6409,8852.6854,10619.0129,4609.2317,11376.7143,13174.0535,10980.8167,6478.8616,12624.2964,12479.6411,13659.6686,8676.9069,5709.6168,9560.1922,5112.3181,8551.6514,12128.2419,10154.6201,4998.5474,9374.0791,8037.4306,8419.1953,10694.3933,9438.7633,9062.7617,9262.7367,0.0000,1043.3482,5661.9301,7149.0625,3623.8495,13426.2515,8894.9507,10756.8901,3861.6238,6301.8937,7267.5810,5239.2665,364314.4298,371754.3515,364972.0651,369479.9486,364007.2506,362384.2379,365678.7539,367445.5517,362457274.2521,362455078.8907,362464270.7058,362464905.1560,13307.4823,7398.9060,3164.8517,9984.8144,11850.3870,11220.3108,11622.0644,9241.6772,8894.8832,10213.8568,8436.8139,11352.8548,8902.6090,9823.7165,8902.1111,12030.0327,9793.8806,12782.2022,6035.9493,6794.1617,4989.2103,10361.2193,8891.1416,11212.7302,11368.8573,7997.6121,12923.6094,8694.2926,3565.5621,7175.2009,12501.5915,4675.9651,4652.2621,2024.8134,9796.9776,12353.1464,10195.2988,13169.1172,10676.0727,6100.6409,8925.6392,12787.7417,10182.0465,10817.7946,11751.0929,9631.7768,10287.3110,10578.9508,9744.3928,0.0000,13555.9017,11999.8765,11960.5133,13249.6103,4149.3082,10333.7444,8593.3842,12854.4599,11483.0714,12245.8244,13067.4275,370260.5017,377807.0179,370923.5696,375390.2242,369735.6978,368420.0775,371976.6719,373399.8063,362454518.1565,362452322.4944,362461515.1115,362462149.2341,10291.3992,13763.3946,10797.5087,6768.0022,6946.4635,8399.5498,7224.8948,12412.2595,7153.9498,12484.1585,4501.2232,10128.3246,7611.2557,11562.1863,9082.4344,7232.9854,8460.2967,10958.0059,9729.3050,13753.3249,11008.4729,9945.8299,10017.0741,9863.1518,8801.7624,3650.0397,12596.6117,12386.0053,9304.0882,6836.0360,11418.7762,11245.0461,13132.3872,6895.1250,6377.7681,10685.3792,7336.4594,7273.8637,10942.4529,10225.0293,6170.2359,10457.8896,6295.0250,9841.7623,11203.8427,10709.7508,8435.0812,9215.7911,0.0000,1500.8866,3349.0694,8820.4616,3069.3589,13750.7032,9637.0250,11300.3673,1363.3715,4139.4092,9285.3838,5897.8828,364727.4993,372340.5465,365395.8731,369904.5821,364460.1296,362834.5731,366167.7291,367900.5424,362458487.6142,362456292.1098,362465483.9713,362466118.4194,9456.3060,13422.2890,12896.9390,12300.4457,13541.3965,6367.8488,12519.8681,4077.5516,8545.9592,7654.3377,12447.3206,10714.5861,13140.0070,9464.4983,4410.8950,13185.5879,9585.8396,5980.5374,10279.8274,13499.2419,12228.4524,13701.8213,13703.0919,7560.9960,11984.2678,9807.7319,9131.0295,6572.9659,13384.2078,8027.3376,5748.1953,8772.6543,5405.5433,7282.0884,7364.1688,11005.1175,11839.1023,9716.6451,3275.6212,8323.4547,7134.3800,10889.6421,13483.3019,13400.5168,8000.5629,12795.0087,3475.2581,0.0000,10663.2920,8489.1933,9098.8938,11951.5147,9156.9421,5854.4756,5176.2554,9782.9305,7707.3564,11143.6154,13203.2521,373417.5550,380985.9291,374083.5050,378573.6762,373031.0143,371547.2945,374978.4630,376574.6468,362451775.3712,362449579.5506,362458771.8402,362459406.1343,8052.0763,11460.7248,11224.2572,10395.1023,11233.1702,6248.3647,11967.0660,7327.6326,12804.2907,8286.1949,10650.3165,6959.5661,11357.4328,11751.5307,11221.4683,7283.9645,9237.1748,1982.8401,8194.8749,8590.0794,9329.5963,9510.5268,10025.8678,12964.9948,6987.4643,4722.1883,9443.8544,11620.0098,6754.5749,7413.6897,3123.6551,11764.7910,12871.4806,9925.8792,12358.5891,10934.7249,7255.8978,10081.3674,13001.3081,10000.5815,11543.4024,9815.9283,7635.1109,9756.2106,10132.7409,10968.8088,0.0000,13717.1256,13193.3671,11425.2991,13206.6655,1846.0056,10714.1513,9036.0118,13583.4461,12857.8236,10982.6157,12274.5132,368411.7608,375795.2563,369064.3451,373526.5008,367828.7313,366541.2997,370081.7016,371509.2149,362454564.8729,362452369.4086,362461562.0161,362462196.1166,6023.3265,6873.4587,3332.5062,12230.2453,4135.0204,13573.0304,10285.1776,12220.3210,4625.9680,8674.0953,1660.4320,10846.2722,13368.6316,5838.6847,8717.0572,11901.1850,7241.2653,1535.9164,5477.2064,1972.5215,2258.8332,11284.9777,8449.4825,9044.6412,8532.6628,11552.3289,5170.2202,9972.9176,11562.1076,8799.0707,12965.3685,12762.4396,11838.6716,9754.7642,7381.5840,8541.7329,13385.7735,12220.2640,11888.0951,8896.3916,3807.5376,619.6263,11303.1774,5215.0877,13572.5312,0.0000,10402.0939,11877.1085,11050.8557,8655.5686,8431.9633,12700.3176,12581.3407,11094.7878,12136.0826,8966.8967,6183.9057,361125.8775,368477.2178,361776.0215,366249.9493,360600.2088,359227.5602,362696.2834,364218.0379,362459612.8426,362457417.6910,362466609.9915,362467244.1910,1685.6208,3217.9847,9120.3963,9470.8850,11389.8764,13211.2766,8332.4500,4508.0224,4692.3739,6599.3180,11862.6105,10870.9143,7400.7864,7934.4325,10030.6802,11428.6465,6988.8195,4497.0702,5949.5381,5940.1118,8583.0176,3336.1993,12581.6548,9560.9692,9385.1497,2486.9592,9511.8115,10917.2467,10695.2687,10048.3036,11478.1783,13252.4679,9996.3986,2764.1551,7796.5153,13471.3382,11095.2333,13151.3332,4069.7164,7190.3968,6365.7149,12979.7168,2183.4035,13062.9770,0.0000,6985.6039,7724.3415,11847.0380,4090.3250,12085.3390,13111.6794,13757.3408,6763.2987,8264.7571,10697.6764,3420.2507,360552.9854,368214.7537,361222.9445,365714.0958,360189.0458,358696.7489,362145.9490,363727.2920,362462439.9451,362460244.5852,362469436.6973,362470071.0111,4598.8678,7990.1370,10186.1456,10818.0342,13569.3478,7571.9879,4120.9876,3075.2855,7080.6529,12548.5117,10099.1193,8767.9860,6708.9016,8794.3453,11484.4577,7987.0627,3780.7567,7164.0018,7194.9733,7198.1126,3787.9132,13086.0973,8685.5977,8095.8142,4120.2032,8341.0120,9815.4149,10016.6396,9135.6467,11695.1878,13595.0981,10945.2373,1098.9360,6584.9975,13273.8366,11498.0723,13472.0544,2609.9486,8479.1143,7095.0213,13412.5685,2016.5079,12856.3644,0.0000,7483.5068,7142.6188,12481.5666,4749.2297,12027.4636,13263.5384,13773.2501,6605.8835,7583.2938,11656.3817,4937.1815,361349.1164,369108.6078,362025.1614,366515.5319,361001.3683,359515.9797,362993.2427,364546.7704,362462721.9783,362460526.5158,362469718.6803,362470352.9838,11151.4168,6908.4543,12685.3001,11758.4994,10485.8334,4669.5032,7209.6801,4495.7974,10800.0548,12433.4923,5171.9897,9027.4972,11617.3325,9857.6369,4044.9045,5226.3013,2833.8352,2826.5035,10571.5689,5553.2768,10773.3836,9789.1310,11113.1622,1930.2086,10487.4929,11944.2934,10487.9423,11875.0752,11788.7742,12369.3533,8964.9604,5469.5869,8862.4141,13568.4302,11178.6784,12345.2968,6922.7290,4315.9807,3842.4199,11911.4499,3539.4004,13402.2016,0.0000,8068.0408,9893.8775,10922.2696,5787.2737,10779.6939,12787.0273,13256.6473,8767.7300,10362.9717,9053.6157,3180.0260,360087.2937,367544.8305,360744.3375,365229.2886,359645.4225,358195.2375,361629.2264,363209.6135,362461112.5913,362458917.4000,362468109.5436,362468743.8204,13368.9704,4548.8599,12566.0821,3080.6755,9548.8096,5722.3526,11991.8158,12005.3917,3119.1106,12784.5919,6789.3526,3112.7549,12249.6425,12896.6289,8970.5720,12603.3082,12612.2055,2710.3289,8063.0867,13141.7457,8346.5135,2813.2329,10566.3428,6263.0153,5288.4939,9292.5191,1826.3621,8871.7837,11516.9676,11911.8000,7286.5986,6912.0016,8626.1535,9620.4242,11267.9674,5722.5918,13077.3209,12288.1512,11865.7750,9187.4780,7981.1672,0.0000,8357.6223,4194.3572,11663.9009,8464.6502,11774.3246,10061.1836,10378.2697,6062.3109,3433.8801,12831.3386,10554.4372,368949.0964,376826.8497,369633.7457,374130.0336,368663.2201,367135.7942,370606.3991,372181.2127,362457903.7679,362455707.9013,362464900.1124,362465534.4487,13618.6432,7108.3535,13583.3661,7804.3691,11355.9344,4304.8746,9142.0554,13737.7353,6310.1518,10257.2127,12667.4138,4617.5732,3148.4859,8558.7844,4500.1305,4628.7778,12704.7157,11110.6943,5585.8788,8977.8596,12576.1294,8347.6894,10764.8518,11753.1380,8369.5185,13724.0263,12230.7798,9528.5144,9098.2844,10530.9414,10131.6573,11862.7554,11714.7532,9675.6613,11650.0193,4413.4150,4003.9297,8893.0713,8800.4945,12411.6293,0.0000,11790.1474,13401.8998,9440.8599,11060.1656,5815.3627,10971.5979,10375.3799,12812.0014,13472.0764,7369.1220,8875.0210,363953.0791,371095.2711,364590.5162,369058.9845,363356.8729,362017.6700,365462.2752,366994.0181,362455708.0756,362453512.9641,362462705.3237,362463339.4907,10611.7696,4358.0572,12312.8504,9443.3100,13636.3466,9307.2339,1528.4055,12433.3992,10172.2938,6262.1964,12586.0831,13741.7571,11987.9794,13490.1396,13431.8455,6921.6437,9577.2540,11620.8519,10766.7479,6466.7387,11963.8739,9222.5591,7424.7363,11003.9205,2821.2176,5365.3235,8511.0970,9916.4080,10460.7305,10281.8988,5148.9470,6493.6384,8205.2180,9089.8107,13255.1365,13708.9666,9068.8816,11888.6121,4062.9447,0.0000,7786.7650,5106.4474,8856.6619,9456.6363,11809.0290,6532.2627,7397.7114,6526.6772,4329.5258,10956.5138,11504.8827,371482.2440,379142.2076,372154.1171,376656.1363,371184.8001,369612.9625,372997.5345,374666.1373,362453864.0886,362451668.2743,362460860.3615,362461494.7475,12811.2287,12383.9103,13710.5517,10397.5003,5539.3024,11350.2179,9192.0983,12333.5315,12023.3315,6301.3405,9439.4045,12774.1487,10139.2165,10119.9393,12957.1336,13224.6227,1759.6038,10713.0899,12313.5878,12290.2799,11623.1229,10957.0535,9502.6445,12047.2553,8724.4115,3596.1707,7859.2207,13664.5825,12327.5057,6578.8782,8617.4921,3847.7231,13821.6429,9078.1879,10274.9023,3205.3347,13062.4813,7563.3378,0.0000,11838.9219,12919.1627,5688.3696,12874.1092,5651.5151,5517.5048,4237.7536,12844.9233,12662.7740,6045.2471,12133.3560,370436.2290,377486.6324,371069.3429,375546.4363,369872.5845,368469.8197,371842.2794,373462.2438,362449667.5409,362447472.2320,362456664.5194,362457298.7460,10171.9782,6304.8104,12396.3396,10894.0559,3613.9506,11540.5392,8850.8615,6077.0308,13420.5128,12726.5626,9698.4969,12122.4024,12062.4662,5324.7678,6241.1624,13306.8744,10480.1797,5714.2233,9426.5392,8767.5639,8044.5494,11368.5844,2764.2610,7259.1326,11168.0908,10264.7544,7219.1189,8917.6115,8917.0274,7839.1561,10896.0300,5524.2070,12330.9421,12429.7316,11459.6978,9129.2906,7919.7189,0.0000,5776.7269,1223.1986,10531.1319,6400.7065,13083.2930,9620.2627,10668.1316,3280.2714,414.3110,11701.0266,9047.2184,367669.5343,375479.5548,368350.2312,372854.7787,367418.3451,365827.8753,369233.9010,370888.9060,362458097.9175,362455902.1499,362465094.1830,362465728.5876,4889.0175,3926.8217,13008.9223,11607.3969,9095.8130,5024.6304,8976.0057,8590.1393,6072.0256,893.0145,6002.8848,6194.0909,7921.0572,7394.5747,11650.2029,6078.7980,8454.5938,5779.1278,6873.7813,9005.3440,7273.1108,10812.0984,13284.8321,13484.7568,12004.7208,4021.0269,4824.0888,13499.3046,13109.9548,13439.7467,5667.5495,7787.7615,4486.6381,13211.1094,2412.5577,13516.9384,0.0000,10395.1205,10069.8627,13039.6808,8111.6010,9410.2131,13651.1303,13447.1308,9860.4446,10231.7736,11846.0573,7029.4291,361787.7908,369458.4813,362457.7512,366933.5984,361338.2412,359957.5240,363494.8530,364957.4481,362461900.4332,362459705.0238,362468897.4016,362469531.6002,8390.8334,13295.8062,8392.4772,10911.7624,4641.1562,6182.3573,11416.0231,9823.8258,4135.6799,9345.3309,9413.7767,4382.0406,5604.0129,13540.8018,7150.8518,5414.4507,6932.9088,6074.0770,7456.7555,8715.5595,7242.6078,11721.0390,13667.6449,12259.5873,2018.6300,4588.5871,12378.8821,11868.3891,13509.6111,1542.2017,10585.7225,8728.7152,13657.6587,4154.4596,11979.7982,0.0000,8535.5592,6364.8808,13141.7114,6542.3539,11660.0876,13010.0398,13243.5036,6774.9296,6477.6905,12931.5833,7574.4140,363659.4790,371546.4520,364343.6158,368832.4367,363330.7546,361857.7144,365373.8163,366887.9134,362462149.5776,362459953.9283,362469146.1873,362469780.4725,11656.1400,13310.7670,7325.4425,7669.9448,11264.7495,6390.6429,2828.7799,4789.7642,3617.5274,3899.2821,10736.9577,9219.1996,9231.4746,7260.6589,10945.9416,6310.6518,8932.4212,10712.6279,7535.0046,12864.9180,13391.5315,12221.0420,10881.9430,7363.0763,7489.1209,13410.8901,12989.7233,12270.1900,8897.2108,5308.6598,1089.8551,11745.2232,5273.4844,13697.3391,0.0000,11329.7873,12204.8656,11832.6552,9556.0066,7630.5627,13038.5804,12631.1622,11686.1668,12363.9883,9996.8251,7419.5058,361754.0057,369159.6199,362407.3737,366877.0569,361215.5383,359874.4334,363380.1214,364857.3824,362459704.2860,362457509.0721,362466701.4657,362467335.6308,10388.1428,6905.0084,13819.8890,12851.1690,10415.4841,9937.6128,13328.6637,9819.0609,9651.7875,13244.3329,10697.2669,5861.4376,13274.0766,12932.2754,10498.7304,13513.9873,12795.3457,12730.9557,11110.3338,4944.5289,3330.2037,3045.5993,12918.0622,13802.0306,6877.8255,4170.3586,3328.0395,12780.5693,8236.8581,11141.2191,2880.8705,12644.3983,6845.3991,0.0000,8034.9893,10570.1812,518.2074,9970.6354,10134.7044,4269.4251,5832.3458,9878.1846,10593.8034,2685.8727,9720.0150,368532.5118,375593.3664,369166.8385,373661.6817,368074.7509,366540.1078,369813.0740,371568.7583,362450882.6433,362448687.3943,362457879.3608,362458513.7266,12808.5013,9122.0469,4988.3761,12555.2689,13705.9057,11192.5719,13453.8310,13419.2675,5556.3513,9249.4909,12254.5790,9973.7343,5144.6893,11750.2113,8194.1263,6460.8048,10414.4609,1382.8432,6656.9384,9612.9023,10796.6999,9617.3016,9244.1190,6227.4972,7681.8280,9323.5429,8149.4101,13454.5636,13472.2711,10120.6681,11226.2878,5334.5868,0.0000,8089.5646,4625.0228,9967.6609,9298.2525,11830.5940,7781.4220,8378.6632,6365.4229,3726.1955,11798.3569,11431.2245,371007.0548,378755.4586,371684.2231,376184.6111,370718.2369,369159.6683,372575.3856,374211.0926,362455069.4594,362452873.6003,362462065.7350,362462700.1053,12323.7541,13580.1604,10041.9128,4904.8274,9666.4198,4033.2431,3758.9271,13085.1066,7562.4005,8154.7363,12347.6576,13295.0208,5157.2399,13097.0368,13719.6425,12377.4452,12780.3290,9451.4234,9324.4297,4805.0072,9573.8856,12206.3302,11961.3152,8447.0930,9359.7072,10341.5343,2352.5231,6377.2851,8680.5704,8308.5110,11836.1962,0.0000,7342.2826,10837.0821,7178.1833,7008.4322,10723.3185,10218.4799,11128.9152,9404.1420,11273.9300,4583.6172,4660.0957,361952.8054,369104.2489,362591.5262,367081.1858,361479.7041,359986.0666,363313.7568,365005.2191,362456893.2163,362454698.1677,362463890.1600,362464524.4870,4904.1887,8628.8863,9835.6063,4458.4789,10073.3234,10238.2793,4377.3932,9479.9204,12229.6803,2834.3909,4539.1671,9618.9924,2131.3697,4625.4773,4638.2126,8290.1881,13005.6949,13212.3088,13677.8831,5832.0694,211.5147,11685.5407,13328.3466,13110.6510,6058.2010,11365.1225,8464.7282,13237.4635,6379.5832,11796.1033,0.0000,11647.3876,9364.3855,13705.4889,10218.6104,8717.1000,12855.7467,12176.5331,10195.2452,9076.8454,13581.0275,10466.9903,366089.8145,373924.6647,366770.4148,371245.1020,365669.9406,364299.1577,367881.5772,369300.0789,362460140.4975,362457944.7923,362467137.3005,362467771.4788,10621.9123,12650.6430,8406.8392,12703.5367,12777.6145,2033.4926,9924.4707,12581.2855,5964.9996,814.4920,11544.4358,3649.2884,2352.6910,6860.2398,4276.4078,10578.7561,11763.4009,13188.7152,7930.4499,5083.8899,8791.9605,11329.1043,11566.1015,6898.7555,13375.6783,11801.6136,12096.4016,9414.4816,8634.5083,0.0000,10661.9194,7087.6615,12568.4448,10428.1051,10048.9170,10633.2817,10185.2326,8708.7101,6385.2725,13554.5693,11838.9261,369790.9560,377666.3467,370475.0919,374961.1313,369444.9607,367993.3190,371521.9391,373017.9317,362457454.9388,362455259.0440,362464451.4373,362465085.6937,7053.8713,9061.6946,8313.3436,8480.2648,11277.3876,12934.0536,5576.1170,6338.7102,10776.9294,11167.0907,8356.2489,9000.9042,4962.6373,12645.7016,12649.4531,9260.0612,11392.6119,11382.2955,8571.1063,10300.8224,12599.3658,9386.3840,12134.4309,8550.8549,6860.6560,8935.3857,10275.0777,11199.7539,0.0000,13494.3893,13656.2325,10564.9912,13056.8167,1523.1241,10420.4210,8874.9481,13769.3324,13415.5418,9743.3621,11757.3203,367641.9641,374903.6871,368286.9676,372749.2560,367035.3424,365743.9778,369252.8608,370710.0914,362454060.1502,362451864.8063,362461057.3601,362461691.4691,6896.8432,1517.2368,1735.6795,12185.2351,9003.9924,8067.9747,9400.6345,12362.6285,5672.4168,10884.7242,12234.4582,9412.9163,13444.2237,12382.6375,11069.7431,8910.5421,8552.8223,9674.4428,13096.9625,11744.0897,11149.8146,9929.9829,2647.3647,1842.4821,10458.3506,6509.0662,13333.4904,0.0000,10420.8571,12343.1010,10197.6785,9032.9958,8242.2184,12145.0261,12068.0796,11455.4935,12603.1840,7871.2576,6412.4966,361448.6625,368696.6524,362092.5142,366566.7114,360904.3957,359527.0836,362967.7810,364516.4392,362458448.8758,362456253.7854,362465446.0527,362466080.2592,6771.1011,6945.8586,7241.5355,7245.2500,12143.2713,5895.0001,7844.7388,6100.2193,6405.6004,8573.9551,7262.6208,10323.7943,13281.7462,13732.8897,12340.8316,3471.6544,4261.9697,13464.7667,13176.5518,13668.8647,5045.7862,8497.6270,5354.6575,13510.0934,2396.5588,13433.1856,0.0000,10339.6368,9647.3700,13326.4149,8036.9034,9776.3257,13756.7607,13572.4385,9565.7690,9786.8417,12306.9873,7298.5296,362053.7574,369781.5607,362727.3242,367204.3737,361623.1291,360234.3621,363778.7854,365237.7641,362462183.5516,362459988.0896,362469180.4687,362469814.6737,294.2344,12051.0006,7852.0155,8866.5409,10038.1199,12346.2527,4327.2796,11244.1620,12567.3610,10254.3405,13134.7873,11966.1560,11316.9975,8357.0933,7877.2946,9910.9984,13280.5406,11255.8125,11366.5723,9245.6690,2077.6070,2561.5324,10720.9010,5863.2107,13356.7020,0.0000,9393.8209,11615.9600,10056.4557,7841.2551,9394.9865,12223.6291,12446.8721,10540.2345,11974.6827,7702.7140,5029.8453,360736.1403,368015.8497,361382.0696,365861.1402,360225.5626,358813.8754,362235.6394,363813.4924,362459172.4880,362456977.4011,362466169.5910,362466803.8325,12120.5521,7739.9786,8855.8091,10229.4751,12419.3994,4216.8057,11393.9448,12674.9480,10443.5640,13112.4559,11810.9860,11223.8571,8129.9963,7931.4139,10078.3962,13231.4517,11078.2938,11271.7099,9267.5132,1864.7754,2849.4101,10623.0988,5960.3441,13287.5484,0.0000,9207.9863,11533.4665,9891.1981,7694.6633,9537.4363,12125.7279,12404.1827,10418.0996,11905.6830,7512.8130,4852.9844,360725.0008,367997.2728,361370.5138,365850.4838,360218.1336,358799.6951,362214.4847,363801.0047,362459096.8932,362456901.8116,362466093.9845,362466728.2331,8538.3996,13314.1545,6317.9638,1223.8896,10364.3254,4057.3696,4013.8029,7603.5942,4445.2113,10899.8769,12646.5305,13111.0112,6265.0386,4519.6776,10065.3323,11509.4957,12446.5100,5101.0733,12902.1847,11233.0031,12894.0047,8037.5612,9735.8470,0.0000,9863.6277,6185.0956,12979.3684,9179.1566,10954.0670,11557.1188,11418.9341,7695.1873,5660.0713,13679.8552,10717.6743,367970.8556,375899.2484,368658.1092,373146.4016,367649.1275,366180.6839,369709.0540,371210.8219,362459274.4824,362457078.6236,362466270.9667,362466905.2413,12911.3263,11185.9546,9316.1647,3891.7552,10582.9005,11267.3355,12206.3663,8531.6667,9303.4604,12358.2681,8626.2393,4460.2035,9403.3593,12304.9640,8936.2406,12195.7347,4251.2189,8326.0004,8867.4408,12201.7433,5290.3092,11586.1084,0.0000,4043.3786,5296.1716,10577.7637,1071.6378,13292.4465,11800.0356,12981.9843,3804.3217,6059.7244,10040.8941,3431.7282,361910.4958,369571.9954,362581.1214,367082.7274,361609.0393,360038.4067,363426.3742,365090.4066,362461201.1896,362459005.7692,362468197.7274,362468832.1199,10598.9122,12783.9419,11482.6704,11790.0480,11514.0942,9433.9087,12802.7875,9547.7532,4861.7431,7672.9565,13272.5959,12193.9693,8057.6332,9244.4458,5113.9406,13664.5172,7772.9666,9033.3325,4249.2173,12374.8178,8924.7747,0.0000,11866.0929,13310.2880,6128.1210,12576.4192,5346.1974,6843.7674,5864.6251,13037.1806,13150.8088,5548.1577,11416.5970,368881.0136,375898.4738,369511.7663,373986.2464,368296.1670,366910.6151,370288.9100,371897.2628,362450642.5621,362448447.3412,362457639.6357,362458273.8472,5965.1903,10717.8694,2516.1779,4509.0938,1855.9588,9488.1906,13206.2448,12207.0491,13630.9678,8012.6372,2848.6095,10988.9166,13523.9716,12159.8371,8412.8287,11139.0258,8157.0205,12203.4360,7940.0379,11438.1646,0.0000,12830.3869,11029.8336,13210.4460,11755.3753,6318.0426,12189.8296,11015.7009,11800.1466,10659.5769,13048.5341,11548.9271,367392.7046,375091.6272,368064.8037,372532.6663,366906.0334,365582.9574,369170.0949,370567.7778,362458068.9751,362455873.3186,362465065.9164,362465700.0471,10997.1981,3631.1510,2926.7271,7035.6365,4252.7190,10645.7798,12045.2159,13080.8029,7206.8360,4707.9510,9248.8681,11336.8640,11847.4266,6140.6352,13091.6789,11469.8369,12340.0985,8785.5759,9022.7422,0.0000,10283.0735,6673.0350,12657.9345,9871.6580,10309.7680,10939.3375,10615.9210,8252.2740,6033.6652,13520.6697,11318.4577,369033.6343,376926.6146,369718.7851,374205.5880,368695.7326,367238.3942,370766.8723,372264.8635,362458174.8670,362455978.9905,362465171.3646,362465805.6274,11006.1687,12216.5990,11515.2291,11169.8338,10911.4168,12339.0797,8335.3627,5142.8602,9476.9813,13356.7083,10271.0477,12274.3458,6245.2405,5180.3871,5690.1727,11939.8851,3964.6699,12992.2562,0.0000,6506.2456,8671.4747,10564.2832,4027.9535,11919.1867,12498.1198,13308.6127,7300.5785,9263.4643,8954.1894,1432.2295,360138.0312,367633.1419,360797.7135,365289.4932,359743.5950,358243.7525,361648.0659,363272.6354,362461268.0108,362459072.7871,362468264.8325,362468899.1586,2645.7177,3859.2769,7557.0932,12508.2867,12429.5643,13811.3036,7478.5555,2314.9942,10411.7235,13002.3784,12317.7012,7326.0281,12267.6868,9710.3617,12567.1641,8177.2993,10634.9269,0.0000,12114.0414,9491.7823,13358.1404,11203.7109,8076.3456,11942.6007,11016.7354,10609.9247,9013.9340,13640.5428,11685.0056,368213.8013,376031.4870,368893.6297,373368.1429,367789.6687,366420.4627,369999.6336,371420.7920,362458376.1165,362456180.3357,362465372.8749,362466007.0491,4981.0310,6123.7729,11274.0188,11287.0356,13504.6653,8999.9203,4809.7049,8520.0092,11988.8272,11138.6160,8387.7479,13227.8902,11362.2658,11593.4555,9980.3053,8749.5704,0.0000,11962.4816,8975.3526,12564.1105,11728.5155,8297.6923,10476.7542,9483.8281,10394.4371,8295.9943,13438.6023,12628.0354,370526.5904,378321.5498,371205.5413,375684.3842,370122.2637,368722.5728,372272.4217,373731.1925,362456312.4118,362454116.5492,362463309.0487,362463943.2521,10164.6208,13110.0438,11347.0038,13445.3871,9453.7644,4657.6291,10356.6334,13428.6676,11335.1499,9853.9619,11119.4884,8392.4805,11336.1379,9174.7151,11018.1573,0.0000,13425.8324,11927.3769,12694.3136,12651.6344,4729.1021,11542.6227,10064.2597,12658.6451,11513.4547,12580.2913,12266.1595,368438.4042,376036.3475,369104.3069,373569.3613,367915.2194,366611.0247,370188.8397,371588.4592,362456418.5008,362454222.8767,362463415.5054,362464049.6176,7520.0664,10545.7327,11222.5348,8580.2624,8410.6255,7403.9798,8415.3784,10269.1628,7015.9516,13328.2510,13064.5086,10980.9381,10359.0298,6577.4945,0.0000,7929.8233,3928.7064,10718.2822,8717.7671,12038.6133,8852.6838,9402.7713,5848.5983,3004.0753,12266.0935,10945.1464,370025.3148,377839.2636,370706.3530,375206.1746,369746.8951,368192.8734,371627.6705,373244.3356,362456430.4963,362454234.6300,362463426.7791,362464061.1438,5642.2752,5472.4282,11841.6196,13040.9051,5419.5158,1317.8813,5348.2800,10984.4102,10959.9391,13063.0597,5989.6390,12522.5065,4368.5333,0.0000,5899.9572,7037.3752,4449.2682,8634.1476,12111.5128,4049.0073,6404.8230,6832.9500,6935.6221,6938.1485,9995.0402,369873.1559,377213.7270,370525.3580,375031.1026,369534.3628,367926.5087,371208.2403,372981.9441,362452136.4338,362449940.9196,362459132.8159,362459767.2493,6201.3801,13716.6947,13232.3632,4485.2419,5646.4245,329.9768,13453.1431,10052.9967,11974.7389,866.0676,13605.1712,5056.7326,0.0000,10002.3206,11209.9015,3194.7522,11828.5917,8534.4523,2292.5553,2718.4432,11123.6003,10954.7073,5363.9956,11814.4822,371266.7748,378365.0132,371903.5165,376392.8553,370783.3457,369292.4569,372607.7358,374310.4300,362449193.0149,362446997.6310,362456189.7443,362456824.0607,11517.8808,13629.3384,8973.4104,4264.3523,6155.0456,11498.2099,6744.8529,10185.5381,5749.1933,11163.4313,8615.4671,0.0000,6017.5567,9630.4919,3165.1762,7765.8546,11446.2722,6669.6844,8399.1954,8403.7096,9919.1901,2501.9207,7332.1723,365778.4947,372894.4029,366416.0152,370915.0766,365355.9393,363790.6335,367053.3329,368828.7041,362453433.6935,362451238.5128,362460430.3883,362461064.7866,5720.5214,13067.8938,11763.7977,13583.7710,1920.5966,9217.3149,7526.4898,13588.8093,2447.2888,12669.2830,0.0000,7962.0190,6952.4654,12824.0924,5445.4163,11845.1233,13288.5343,13676.8491,6742.6163,7288.0643,12189.3526,5931.3107,362023.8077,369834.3968,362703.0368,367192.2675,361680.5130,360203.9610,363699.8693,365233.4372,362462691.3466,362460495.8201,362469688.0273,362470322.3198,11773.4922,13343.1556,13133.8044,6009.6241,11225.1305,8287.3637,13243.8890,6210.9538,11884.7134,0.0000,11617.3018,9406.1620,13694.2993,10146.2524,8695.5130,12903.0485,12234.5391,10196.4115,9137.5820,13522.6375,10343.6941,365900.5544,373729.8316,366580.7779,371055.2964,365478.4835,364108.8546,367690.9043,369109.3227,362460236.9900,362458041.2968,362467233.8032,362467867.9808,6344.8301,4230.9562,12298.8964,12573.7168,13446.1661,5255.3759,13669.6799,1428.1153,0.0000,10154.0174,9398.7632,6497.3161,11999.9029,9213.1357,2791.2494,2532.4074,10135.6104,8817.0353,8979.4202,12939.8169,373404.7275,380767.5881,374058.1643,378550.7594,372991.2189,371485.1469,374850.6564,376513.9324,362449857.0667,362447661.3982,362456853.5801,362457487.9032,5396.4411,11063.4356,10113.0219,12564.0550,5814.5379,12251.7473,5457.4834,0.0000,5401.6273,7440.7887,3721.8918,8167.8482,12194.3055,4533.1424,6914.5811,6866.6038,7486.9542,5952.3109,9271.0731,368860.9500,376146.7904,369509.6485,374015.3515,368511.2999,366901.7666,370169.4869,371956.2346,362452430.0028,362450234.5700,362459426.4339,362460060.8713,13279.5051,10125.8546,12029.4070,1121.3103,13527.2498,4753.4885,0.0000,9797.0876,10944.4408,3143.4833,11665.8133,8649.1058,1970.4081,2614.6887,10881.5319,10681.7106,5448.4023,11734.9986,371308.1487,378424.5188,371946.0493,376436.2355,370833.0958,369336.5780,372651.7641,374356.5498,362449305.9923,362447110.5930,362456302.6991,362456937.0209,10318.8095,9055.5122,13437.1123,4301.0542,11752.3248,0.0000,7275.0009,5336.3463,12612.0134,5210.0608,12374.4003,12712.4508,13242.3754,5477.9195,5635.8093,12430.1378,6669.8827,363284.1030,371148.8253,363967.0504,368460.7907,362979.1536,361469.6822,364952.4340,366509.4154,362462132.6408,362459937.0207,362469129.1877,362469763.5111,4305.1755,9381.3981,7501.9116,12652.1785,0.0000,8957.2249,11768.9174,8533.6674,8049.2729,9487.0647,11141.5609,11552.4480,10566.6688,12127.7645,5893.5480,5334.1373,361517.6904,368684.5410,362156.9260,366638.7335,361001.4547,359566.3848,362943.2378,364569.7964,362457522.8205,362455327.7820,362464519.9014,362465154.1688,11450.5482,5364.2401,13683.6154,0.0000,10852.4754,12141.1093,11343.3898,9112.5454,8093.6088,12854.5751,12614.7673,11448.4766,12362.3757,9317.0599,6734.5014,361322.7427,368682.1406,361973.3152,366445.2423,360787.4844,359429.3368,362911.1044,364415.9613,362459576.8146,362457381.6503,362466573.9877,362467208.1720,13333.8559,5799.3877,0.0000,9943.2496,11435.5474,2872.8473,11656.5565,8326.4798,3047.6422,3412.9904,11217.8894,11236.8433,4648.2577,11426.4230,370583.0157,377649.8408,371217.6812,375705.8825,370086.9899,368603.1719,371916.6493,373618.3481,362449467.6320,362447272.2995,362456464.4105,362457098.7211,13448.8511,0.0000,8729.2985,8783.2730,12648.5723,6079.9286,11017.3758,13587.7447,13832.9102,8243.0389,9139.8810,11460.0829,5187.5365,360859.5914,368550.8463,361531.0668,366014.9924,360460.0004,359021.1449,362518.5785,364037.6118,362462617.0252,362460421.6351,362469613.8768,362470248.1352,0.0000,9204.8061,8362.3635,6401.7208,11244.1074,10214.2281,2944.1783,3718.7140,9112.3457,7792.7304,9019.2265,12474.4281,372986.1559,380392.3911,373642.4081,378139.4300,372607.5036,371069.1227,374419.8123,376107.6762,362450487.6039,362448291.9181,362457484.0325,362458118.3889,0.0000,0.0000,0.0000,0.0000,0.0000,0.0000,0.0000,0.0000,0.0000,0.0000,0.0000,0.0000,0.0000,0.0000,0.0000,0.0000,0.0000,0.0000,0.0000,0.0000,0.0000,0.0000,0.0000,4703.7147,7814.1206,3154.8499,13544.0106,9166.3948,10959.0350,2835.4614,5399.1747,8087.3506,5368.7806,364444.3420,371956.0138,365106.4276,369614.7782,364154.2615,362529.3979,365839.3302,367592.8755,362457804.6684,362455609.2494,362464801.0814,362465435.5315,10226.1744,5366.6441,13420.6634,9757.9992,11005.6604,2083.8173,934.6102,11226.9300,8175.4873,366738.6256,374516.2813,367417.2888,371923.6405,366491.3698,364886.6154,368274.1434,369950.7351,362458479.0699,362456283.3637,362465475.3432,362466109.7642,9852.9043,10232.7784,3877.0213,5600.9166,9587.4494,10229.8427,3119.9403,9768.1660,368804.0563,375890.4976,369440.0412,373935.9323,368357.3108,366815.8418,370089.4966,371847.0221,362450877.8967,362448682.6175,362457874.5793,362458508.9512,13387.8367,11288.5841,12628.4098,3596.0085,6158.5684,9330.6145,3196.4818,362112.0305,369715.2174,362779.1804,367282.5261,361809.1898,360224.3747,363587.5679,365278.9436,362460495.8255,362458300.4380,362467492.3521,362468126.7604,9580.1538,7797.0457,13706.5989,13088.8286,9859.6629,12402.5765,369099.3708,376374.7772,369745.4877,374209.2728,368503.8765,367202.7578,370707.0572,372172.1008,362453022.1944,362450826.7806,362460019.3385,362460653.4550,2553.8268,9924.0155,9411.9521,6651.2860,11893.2621,372007.8797,379226.8351,372652.3908,377147.1636,371579.4546,370052.3132,373367.7914,375083.2406,362449592.9849,362447397.4790,362456589.5537,362457223.9042,11417.9980,10541.3348,7736.8374,12953.9041,372946.2066,380164.4492,373590.4292,378077.2721,372470.8191,371003.2140,374364.5861,376017.9602,362449017.6891,362446822.1496,362456014.3726,362456648.6596,2952.8831,10208.3772,6576.6922,365198.6407,372894.2084,365872.1171,370380.0438,364943.5198,363325.4019,366683.6205,368391.2254,362458882.6237,362456687.0403,362465878.9469,362466513.3848,11404.0288,8829.8300,367572.7447,375360.2186,368252.0705,372757.2264,367320.4307,365725.1195,369122.1203,370786.9788,362457954.7561,362455759.0086,362464951.0234,362465585.4338,8262.8597,366122.9509,373143.7943,366754.3050,371245.3331,365634.7262,364126.5817,367411.1879,369146.7700,362452480.5451,362450285.4238,362459477.4058,362460111.7473,360523.8460,367984.3460,361181.6507,365677.5853,360147.2407,358615.5578,361986.9115,363652.3701,362460586.6615,362458391.4450,362467583.4165,362468217.7755,26735.6176,1706.3670,5616.2280,9777.3687,5925.0104,13956.7133,6971.2954,362745737.4867,362743556.3430,362752743.3497,362753378.1009,25049.7860,24171.4054,22021.5194,22429.7820,18806.4634,20007.0583,362735149.9299,362732970.3608,362742156.9691,362742791.6920,4670.4811,8839.9907,4924.1754,12821.0688,5272.7874,362745300.9676,362743119.9296,362752306.9118,362752941.6601,9469.4794,8519.7638,14144.8669,4915.4459,362748782.5639,362746601.7159,362755788.7044,362756423.4243,9473.3343,17140.2852,7658.2911,362741912.5104,362739731.6841,362748919.0403,362749553.5887,9469.4794,5709.2644,362740874.0675,362738693.1121,362747879.9739,362748514.7664,10833.0651,362739752.9025,362737572.3218,362746758.6649,362747393.6450,362744420.8646,362742240.1587,362751427.0833,362752061.8135,23368.3976,27945.9590,21710.7805,23511.4000,16235.9913,9569.9193,
4500.000,5828.8297,13407.6511,12931.4844,12707.9254,9339.8725,6800.4388,11375.5066,3530.2440,7313.4968,9271.2921,10779.3149,11094.9404,13279.0626,12702.9272,10039.9516,9885.3085,12496.9850,10344.1812,9875.1002,12894.9396,10135.5886,6572.9840,11834.2689,8808.8965,11178.0548,11395.2310,9310.8412,9973.5594,11975.7169,7924.6411,10236.6198,5568.4285,9273.5462,12582.6181,2124.0877,11342.3938,4085.5517,13630.5670,5717.2019,11783.3054,13233.6948,10320.0532,10887.5475,9879.9849,7733.3516,10440.7230,10710.8742,10005.0387,7589.6753,8314.5111,11188.4899,12292.6710,12493.9503,4523.1655,10668.4157,6598.0016,13303.5270,12188.8362,12126.4711,10154.8234,12403.9156,7343.4316,7081.8671,12022.1936,6925.6721,9569.5191,13622.7246,13240.9700,9223.3411,13407.9706,13695.5842,13798.7091,11521.3885,4546.7553,7718.5666,2683.6102,10345.0245,13314.9884,10047.0969,5235.7368,7697.2205,10154.6517,5697.4560,11999.7754,7417.2566,10120.4318,8805.3097,0.0000,3756.7576,7880.5400,4870.5269,8097.7530,12202.7937,8010.1415,8112.0453,6260.0261,8271.0780,4970.3565,5849.3202,366466.1119,373615.5696,367398.8329,371728.3361,366149.0887,364702.0688,367660.0694,369883.5853,362453234.3723,362450601.6004,362459451.8255,362460115.0654,13497.9703,11660.0496,13711.7562,11073.9982,3672.6746,7539.2840,3951.2460,9074.3537,11290.6361,6328.7265,10897.6233,11731.9334,10988.8772,12783.3923,5958.2207,12144.9430,6516.6730,11201.3117,10365.0990,12958.4379,5793.7199,8816.2393,11212.3604,6649.9713,13306.6479,6575.0007,7549.6895,8871.6787,8497.6623,10909.1679,6601.3137,12677.9456,12051.0596,7649.5464,7761.4913,8816.6607,11840.9524,9164.6629,7834.0079,11396.7836,12228.4057,13398.2313,12258.6994,11739.5525,9571.4378,11162.5201,7968.8804,4221.5419,8684.8193,13440.0888,13439.1507,13344.1147,2337.9368,9006.1485,10337.9334,13444.9952,10343.0705,10245.3447,11970.3232,13702.3510,11117.1375,10978.3573,11136.3947,10408.8391,8456.3091,13056.9162,12068.3916,12627.9981,11885.8588,11834.9578,12169.9420,10160.8120,5573.2346,4066.4122,6559.0624,12599.6933,13518.6643,5054.3555,5227.9569,3345.1087,11876.5282,9764.1205,13305.5552,4631.4125,13015.1399,4652.9171,0.0000,7397.2329,9229.4722,2519.6789,11695.7471,9739.5986,2583.0633,2583.2256,8496.0675,9100.2113,6855.2226,10450.1687,371824.7238,379079.7427,372762.7498,377090.5817,371503.4944,370090.1426,373099.8888,375267.7686,362450099.8266,362447466.7604,362456317.1596,362456980.3519,6252.0675,2137.7594,8834.8892,13172.3079,10219.5913,13547.2013,11329.8717,8292.5052,10869.3629,8284.1653,5230.5059,7145.3004,7040.5290,11355.5958,5156.6915,10941.5645,8968.1482,7129.9560,6450.7230,12793.3374,9075.4065,9000.9644,10657.7966,5069.9941,11697.6452,10563.2363,9105.0356,10982.5101,8231.1362,12488.5558,7689.0307,6205.6935,12732.6485,10075.5815,11945.0631,4984.2148,11404.8259,9583.2000,6130.2177,7563.5869,5638.3428,7564.4814,9121.6537,9116.8492,8446.7066,10396.3347,12850.6427,10740.5377,5058.9605,3572.5160,4149.2455,13753.9698,9529.4224,10804.5358,1237.1242,7664.7465,8262.6388,8111.0023,3330.3169,10010.9107,10181.3486,7179.8938,10358.5511,10806.2813,1540.5137,4482.5712,7771.2980,4803.5748,4637.5320,4088.0844,8213.8553,13012.6156,12850.8151,13146.0834,6869.2221,394.2014,11664.1546,12973.8989,12840.4637,7648.1043,11317.4931,4875.7115,12723.4973,6686.3334,12149.3521,0.0000,12476.0255,10654.2994,13578.3139,9021.2047,8388.3322,12793.5213,12848.0175,11537.4439,10410.3788,12717.0632,10752.4358,364006.0819,371783.4669,364966.2985,369280.5400,363643.5192,362409.8651,365692.5864,367558.3490,362461366.1419,362458733.0143,362467583.8544,362468246.8472,7515.1370,12706.6962,9843.0197,6069.5445,13323.1815,8521.6683,12264.8510,7536.3309,3715.3195,8329.7893,1175.5016,8405.0460,11213.4777,9731.4394,10914.1170,6207.4081,8582.3972,9190.7476,9275.0598,10066.1093,12761.1352,8862.5379,10077.0069,7102.3737,11907.2619,4346.9605,13421.7182,12151.0961,13800.2145,10581.0600,1662.8089,13005.0646,5620.9212,13353.5795,3031.6451,13645.2634,8677.1172,1605.9460,6599.1193,9609.1116,11899.1087,11065.4465,12001.5605,4690.7594,12091.0875,9205.5447,13290.6949,8584.3468,9168.4413,4941.1559,11582.8196,11814.0040,10127.6792,7252.8615,10266.7788,2393.1439,6557.9537,6645.6605,10034.8753,10243.6869,10840.6301,13215.3183,6013.1538,5390.1705,8188.5138,10126.0673,7860.3927,6273.4942,4337.2770,11147.5555,13723.7566,9240.9881,11763.6149,11431.9809,6586.7007,9555.4331,13609.9327,9546.9715,12034.0096,10682.6002,5704.6218,9008.4867,10530.5168,11704.3058,0.0000,13694.2487,13460.1829,11183.9906,12248.4709,3012.3820,10294.0904,10639.6892,13759.9548,13207.9577,10241.1967,12637.0472,367843.8612,375311.8640,368789.4846,373091.7342,367361.1234,366199.0742,369465.9214,371315.8245,362455868.4663,362453235.4102,362462086.3914,362462749.3098,7867.3159,13487.5113,11458.7460,13209.8928,10923.4208,7158.9590,12017.6345,8690.1514,6532.2368,8432.8650,5589.1523,12078.8346,5502.5251,11749.6461,8662.0002,8479.2125,4642.0605,12864.8195,10101.2462,7781.3161,11838.7032,3301.5893,12356.3167,11014.0207,10431.8547,10521.7842,7712.4950,11983.9168,5826.4570,7059.1153,11729.5494,11286.4428,10753.4977,6821.7850,10293.0883,10857.2509,7703.4341,6851.0278,3610.6014,6104.0806,7455.9738,9223.4095,8549.2982,10757.3573,13297.2644,10335.0274,3147.3269,2273.9709,4010.8240,13744.0658,9900.7130,9731.2304,2170.8924,8478.0753,9388.5123,7510.9961,2206.9718,8750.6212,8911.5254,7565.3163,9027.0622,11241.4212,3630.4528,5715.2287,5992.8291,6237.1937,6468.0037,6070.8772,8669.5273,12551.4623,13336.0704,12492.9700,5335.1839,1849.5657,12628.8155,12656.1502,13367.8277,6559.6605,10253.1840,4282.8249,13105.3235,4736.2745,12701.4382,0.0000,11587.4991,9963.1677,13618.6432,7365.5602,9682.0297,13400.4835,13457.1734,10707.4546,9867.6846,12322.1245,9268.1063,362230.8102,369969.9423,363189.2586,367505.7943,361879.3990,360621.4416,363875.6985,365775.0289,362462288.2499,362459655.2227,362468505.9727,362469168.9961,12862.7108,13141.1191,8707.9067,12552.7504,968.7718,12604.4727,13079.4143,7941.5178,13036.2811,9335.7563,9249.1986,5523.2014,9212.1911,12473.0811,8833.7976,7799.7118,13093.8207,8551.8131,1305.0111,11391.6530,5189.5522,13739.9239,7037.4188,13212.2241,3772.9191,1974.0190,5925.5681,6852.8477,12608.4783,8356.5767,13260.4361,6371.9762,11631.6983,4325.6167,10562.0569,12468.3978,11264.7330,6741.7103,2613.1259,7374.8667,4569.5475,12872.6470,6469.4470,13119.4410,3669.0173,7789.3785,5939.3583,10681.4374,11589.1387,5887.1196,10575.0684,7922.8425,6862.4005,13432.3561,11706.2538,9197.0358,9941.1445,9832.2200,5278.8545,3521.2212,13745.3186,9496.9843,7617.6956,7711.4788,8255.7037,9709.1783,10766.7631,5654.5602,7066.5902,13087.6983,10824.0765,3279.6804,8527.8421,11592.0057,7229.6993,12711.0577,1517.3755,10362.1836,10523.1406,13130.3480,5852.8807,9446.7322,0.0000,6216.0884,2757.5132,11796.8177,4405.8336,13255.0826,11882.2148,11619.4517,4015.0379,2913.4109,12117.6171,6318.0944,363388.8184,371152.0153,364349.9577,368688.5578,363202.7047,361747.8503,364846.2375,366956.1555,362461068.9601,362458435.8635,362467286.1871,362467949.4183,6137.2489,6742.0887,6644.9377,12825.2579,5711.8974,8398.3333,12524.6892,9058.0541,11805.7627,8353.4364,13245.9366,8715.3770,8887.9027,11361.5308,12509.8102,2644.7684,10489.0408,12803.7016,7442.6032,13761.1874,3455.7750,10115.9402,7152.8214,11119.8526,12791.1147,9434.7285,12611.3678,10083.7137,8426.2379,6079.8866,10062.6383,10875.2750,11008.8046,8785.2131,9924.0986,10482.6462,13331.1536,13387.8653,11617.1079,11817.7481,8711.8250,10534.1007,939.6536,11280.6484,13029.7569,13820.6128,12052.7447,2786.6543,11320.2915,9070.2691,13455.3255,11959.9581,8002.1720,10040.0197,12936.2022,10057.4757,9990.1564,12786.9165,11901.2301,5314.3344,12663.5759,12763.7865,12272.2375,12506.7453,11932.2425,11615.9275,12082.0217,8433.0229,1100.6405,5965.7501,13548.0561,13273.3818,6052.0587,8320.5144,1622.6662,13324.6874,8699.5430,11997.9615,1088.6679,13221.1581,7448.1010,0.0000,9400.5177,11608.6369,2239.0222,12529.9714,7781.8230,3605.4476,4239.8860,10836.3405,11532.8479,4880.5916,11097.5074,371560.4849,378673.0978,372491.2357,376808.2301,371145.1889,369811.7443,372853.1385,374961.6897,362449245.1623,362446612.2148,362455462.7599,362456125.8701,10557.6292,9376.2849,13095.2117,1786.4919,7136.3976,9012.4002,5021.4603,12088.5601,7366.7857,10901.0631,7232.4346,9322.9992,7636.4461,12627.3249,7230.8286,7727.5103,13475.3560,4180.4160,12899.6612,4047.5623,9296.0928,1825.8426,12086.3812,12298.9031,11812.1292,13361.8268,7249.2423,12389.4731,654.7989,13165.6933,6187.4204,13307.3890,5121.0849,5342.4013,10522.0159,12968.6132,13498.7651,13251.1846,10895.2568,8148.7414,9779.2545,5314.3028,11993.8163,12396.2891,12150.5308,10096.3697,8224.7529,10111.8510,11756.1876,10655.1443,9390.1372,4376.4984,10265.9509,11240.3673,12202.7174,12269.5789,10752.3682,13658.0623,5762.8496,9110.7784,9412.2542,13090.9811,8839.1780,7600.6475,7113.1612,10251.7715,11422.0096,5134.6071,10743.9187,13373.2170,10450.1737,4370.5839,11008.4492,5027.7854,13129.0821,11826.2139,10602.8779,5571.0058,13361.3373,7602.2282,0.0000,12552.3748,12661.5697,7813.3091,13790.2453,3233.0875,5321.5002,5671.0470,12805.7245,12269.1437,9390.9765,13567.1244,372770.3115,380177.1066,373714.2880,378025.6204,372343.3137,371098.7424,374282.7254,376236.6821,362451241.5825,362448608.3680,362457459.2135,362458122.2138,9697.0978,8987.3330,9472.1883,12358.4228,12040.1016,12954.5910,11983.5444,7128.2170,11512.0462,7691.5048,11867.0897,11201.5213,11755.5995,7792.4126,9603.3331,8658.4604,9169.1939,11877.7660,9539.3396,7307.9951,11551.6807,6018.2036,9078.5621,3365.9855,10957.3991,13399.5480,4992.0533,10729.1999,5672.5637,13340.0941,5863.3468,9771.6571,13197.4057,12291.4728,12053.7408,10094.6200,9862.7306,8429.3108,12290.7185,7421.5763,7453.3748,6377.6772,12455.8630,12454.6178,13600.1123,4248.8730,8366.2114,9489.3485,13251.3968,10316.8467,12453.4782,12190.3012,13405.3110,10054.8384,9833.0698,10448.6012,7428.4679,10637.0882,13514.4425,12204.9991,11122.7237,12286.5250,12767.1948,13340.7185,9595.4924,2033.6338,7417.8064,5739.1176,10636.8246,13455.3304,7972.0895,2231.0438,6937.6403,9800.6997,8723.6529,13351.8706,7602.0555,11304.0590,5881.8357,0.0000,3819.0396,6516.5978,4739.2419,9214.9642,12144.3084,6256.7739,6069.4213,5260.9373,6660.1450,7359.5649,7800.9288,368899.4348,376202.9336,369839.8572,374175.2157,368641.1549,367161.5757,370129.0157,372358.5616,362452638.6927,362450005.7082,362458855.9283,362459519.1950,12036.4267,9999.8926,5212.6335,13347.2926,8402.3426,6957.2614,12618.6306,13313.8074,12790.6001,3505.3555,13351.4184,8381.5030,4205.7677,13463.7370,11942.7228,11756.1167,11392.6073,6252.5613,13295.6165,8994.5955,12658.5987,13135.3909,11440.6127,8773.8370,7609.9941,7384.5891,8930.6685,8937.1051,10688.5166,10669.8921,12385.3890,9576.7318,5216.1619,9885.7123,11766.8235,7638.9387,13573.3198,4509.1184,13431.2366,6759.8638,12844.5568,9284.4788,11872.5689,8440.4801,7332.7957,13695.6919,3711.7052,11911.3192,13804.6450,7642.1689,4598.7525,9478.1933,4786.7386,4845.6746,13864.3634,10739.5507,4361.4825,11434.1911,13142.9225,8005.8588,13156.2729,12522.7894,11471.6803,13824.5857,10757.7867,7072.4108,4906.5720,11704.0685,11405.6262,11088.6097,11135.0953,7828.0064,12485.3039,3933.9922,7897.9740,6112.3593,9981.7767,12072.3452,0.0000,9865.5584,12464.5237,7013.8150,10115.8217,8456.6824,9514.1905,10033.2262,11542.1165,12665.0961,2961.0132,8525.5643,365633.0525,372653.7121,366558.3330,370866.0437,365142.5359,363876.3608,366952.1213,369003.2082,362453246.2060,362450613.5659,362459464.1623,362460127.2131,12681.9021,12533.5184,7985.5943,12657.7182,8460.6627,9742.3781,5515.7981,9692.3192,11814.1596,9043.3320,6877.3449,12867.8909,8967.1362,876.3062,11642.7921,4351.2667,13559.9730,7668.4154,13049.2984,4542.6133,2583.0379,6428.5476,5922.9263,12061.8260,8139.9609,13167.8640,6157.2248,11329.4889,4368.1718,10828.4053,12127.8605,10496.1409,5806.0852,1673.8474,6552.2389,5250.2691,12267.2139,7135.1150,13068.0026,4473.5142,6887.4567,5285.6811,9949.7993,11642.2301,6531.6655,9923.3741,7429.1522,7246.2628,13077.1888,10966.2369,8408.6066,9207.0625,9111.7524,5646.2056,3225.5630,13377.5543,9068.0838,7573.9828,6801.0689,8239.5873,9600.3486,10494.8407,6165.6539,7467.2723,13058.7343,10562.8739,2372.4583,7975.5590,11854.4163,7700.9329,12752.2742,1038.2385,9770.4324,9740.9576,13030.7552,4890.0869,9932.7875,0.0000,6339.1643,3494.3130,11821.9272,3602.6572,12989.5515,12080.4352,11869.6695,4443.9315,3717.9833,11785.8635,5758.5267,362762.4725,370500.2593,363722.2509,368058.7420,362557.2290,361119.1530,364225.4587,366321.9121,362461357.2888,362458724.2368,362467574.5841,362468237.7990,8489.0435,8906.4326,6580.4300,12752.1527,5852.5767,10705.8109,5789.1542,10370.1188,7213.9344,13108.2536,7374.9520,6758.6387,13028.2495,2746.2867,13069.8059,4687.3157,8043.1026,3524.4106,11094.9702,11698.1092,10730.9311,13632.1392,8664.6599,11957.0412,2374.0564,12685.0775,7245.6164,12662.6796,4102.4074,6713.0158,11475.5052,13342.9914,13298.5074,13439.9523,9999.7498,9386.6791,8588.1368,5018.0731,11007.8684,12937.3531,12389.7285,11134.8900,7440.8541,9090.6839,12151.3524,11118.2651,8722.6138,6011.7927,11249.4401,12029.3593,12631.6681,12655.4155,10194.2845,13198.7494,6826.5718,9807.3980,9406.1501,13464.4127,8847.5445,7922.8201,7900.2721,9479.9955,10325.6079,4749.4347,10526.3846,13272.4971,11052.5586,2619.7175,9814.2403,4299.4710,12777.5760,12084.8660,11588.5755,5454.7263,13576.6794,6011.1813,0.0000,11782.1009,11807.9495,7104.4014,13647.0166,4898.0311,3929.6655,4153.9683,11958.3284,11377.3872,9504.7695,13378.3781,373400.0988,380833.0979,374345.6878,378662.0636,373011.7675,371726.3232,374883.0061,376876.7007,362450865.5461,362448232.2851,362457083.0508,362457746.0938,10867.8130,3791.9430,6962.2639,12296.7383,11615.1667,12195.1647,2901.1119,11066.1253,8351.8093,6926.5136,12013.7930,12802.1567,10343.1384,10609.9827,5877.9840,13071.5859,5831.4942,13696.8851,13041.6376,13420.5297,9596.9026,2714.3248,11130.3508,6551.8210,11957.1411,6506.5594,12895.6211,10604.2427,5113.6010,4366.2323,9426.9568,12079.0872,9518.9843,13230.2539,1233.6381,13246.2594,7927.8232,13696.9837,8371.1772,10315.9808,5293.0481,10085.8400,13188.5269,7352.3974,9231.6659,12283.6963,3393.7689,3935.1830,7151.2610,7549.3512,7769.1378,12617.2196,12574.0780,3577.2835,7981.9288,10653.3517,8878.1122,10491.2408,9270.6866,7610.3767,12821.2805,13080.2596,8102.3991,9330.2181,11716.9156,8516.1103,10415.9750,13173.3892,8726.0973,12568.7409,7968.3263,5375.9961,7481.1678,10156.6006,12341.8828,0.0000,12642.9580,13604.4709,9656.0840,11532.3937,4640.1438,10111.5131,10603.4410,13394.3599,13548.4033,7467.0261,11175.2487,366650.0402,373888.2954,367584.9126,371885.5517,366130.8904,364955.2466,368156.6299,370066.2937,362454674.5463,362452041.7076,362460892.5815,362461555.5251,8579.4407,10868.0297,7561.2630,2868.6169,6987.0641,12055.6228,2379.3226,10038.6467,13207.2976,4475.7939,8789.7059,7453.8165,7414.7018,11697.2126,6593.0324,8691.2812,8685.2081,6338.3187,10612.9127,10591.5039,9149.5595,13152.0377,9216.7914,12260.1234,5732.8316,11008.4185,5878.7460,7259.1234,11311.3971,9025.3543,8293.5821,11623.5088,5610.6431,11369.2190,6481.9613,12207.4510,8297.7602,9023.0752,5969.6402,8717.1361,12856.6051,5500.3044,13250.1655,4576.7408,2944.4095,9448.5518,11677.6779,8127.3574,12778.9531,12843.4273,3430.4431,10538.4953,12035.9872,4512.2779,884.4192,10945.0154,583.8589,2445.3464,4434.7317,4074.8413,11298.0441,12067.7828,13794.0283,7984.1666,5216.1435,8801.0937,10908.4717,11655.4287,7354.2920,13418.1862,9389.9935,12363.5897,9427.6701,8769.1086,0.0000,11814.5897,8900.6811,12771.2468,10391.8487,8809.1786,10735.9420,10534.2888,10269.6924,8308.9211,13708.7501,12034.8194,367868.8231,375787.5379,368836.5968,373161.1006,367597.2315,366288.8883,369543.1581,371463.8244,362459500.4259,362456867.0326,362465717.7921,362466380.8532,9136.2220,10703.8418,10154.4229,10428.9156,6492.3984,8504.3620,9948.8778,8657.9177,9798.8705,13131.1894,8125.7527,10816.5484,6176.3620,11651.4118,3256.1222,13420.9752,12429.7019,13644.5939,11235.5671,2541.7893,12967.8547,4542.0373,13460.2584,3338.0888,13782.5175,8120.0624,1606.0319,7225.1028,10406.6145,12427.9328,11569.2988,12039.0153,4921.5018,11897.0015,8359.4146,13300.0223,9442.4801,9935.6875,5985.9551,10967.3863,11731.8369,10350.6702,8057.6617,10292.9428,1369.3289,7088.0591,7644.4695,10404.0736,10592.1643,11045.3669,13502.6430,5380.2704,6181.8441,8551.6573,10783.3014,8146.7687,6515.3272,4752.0805,11203.3701,13485.5529,8377.8404,11527.1045,12021.2416,7469.0834,8750.3303,13325.9141,8683.0744,12482.7510,10831.8787,6676.0950,8199.6803,11236.3051,11147.4328,0.0000,13651.1611,13557.9241,10543.8746,12722.2514,1866.9793,9472.0960,9844.9921,13805.8743,13282.2183,9913.2210,12941.0562,368905.2912,376342.1533,369849.6219,374152.1669,368420.9429,367253.4131,370508.1726,372370.5804,362454751.5625,362452118.4858,362460969.4620,362461632.3851,13673.4146,9814.6408,13604.2470,5088.3320,12100.9865,1925.2869,10241.2278,13009.3911,8547.3872,13446.2964,5861.4148,11063.5460,13073.9469,11155.0534,11500.6602,10143.9949,11730.2518,3245.3601,7119.0405,8753.6605,11734.6735,8475.6264,9569.0647,9322.8323,13139.2024,9405.9707,2899.8517,3657.8243,7319.0922,3761.8816,11821.7655,6073.1315,12898.1167,11831.5261,11554.1697,2868.3859,6648.1832,4420.7361,11869.3578,12512.4391,4865.6302,7473.5268,12035.6337,9443.3741,3558.5359,4022.7394,3685.2583,3928.2363,11245.8137,8218.5966,9196.8535,8028.6656,10246.2645,2352.4196,10632.6463,10526.3394,9616.5046,11913.2745,11836.4074,12011.6596,9031.3898,6892.0389,6954.0058,13546.8321,12275.2994,12369.2534,8534.0301,5626.6406,3405.1966,11395.6644,4228.0704,13691.7890,0.0000,10108.4764,10775.6585,11730.9780,6186.9577,10248.6955,13135.8969,13386.4367,10518.5753,11025.7040,8789.3966,6510.0928,360741.2533,368114.2362,361682.5173,365995.0403,360319.2579,359054.9700,362217.4682,364195.5987,362460135.2324,362457502.5313,362466353.1543,362467016.1997,8475.2417,694.0339,13308.3138,5670.7555,13238.1288,10309.4838,3420.0610,10046.7988,3615.1521,11821.6636,9350.8608,2723.3727,8581.0709,6690.5035,8065.0704,6908.1513,13137.2068,12118.6515,10883.8957,7880.4585,10777.4878,9839.4350,9768.5334,3612.1271,10248.5493,13625.7488,12900.5827,10961.2555,13041.0304,5564.2266,12839.1958,3393.6480,8300.3909,6528.6104,13079.3120,11346.2296,13016.4926,8029.5768,4370.1631,13295.4310,10956.3555,5471.9158,10598.4617,13642.4602,12940.4443,13520.2621,13443.9829,6857.4371,10581.9350,11153.6027,10653.5262,8184.3808,13399.6550,7892.4568,8307.9591,9572.7179,5564.8546,7001.3646,8028.9064,11072.0379,11208.9723,11355.7100,3566.8490,6176.4998,7136.5176,9907.5204,12968.1819,13343.6997,8784.5261,12679.9600,1514.6317,0.0000,9144.1986,7774.1405,8103.1625,11857.8814,9626.2490,5145.5017,4562.2029,8354.2300,7159.7986,11378.3876,12019.0626,372425.5855,380077.5707,373382.2144,377715.3820,372185.1663,370772.5601,373877.2449,375966.2014,362453261.6609,362450628.2737,362459478.7852,362460141.9618,8042.7187,12132.4082,4725.3240,8565.8106,13679.0108,5907.8136,6374.9084,9292.9274,5211.2987,12883.3818,6727.5269,10597.8541,7209.6240,4046.2271,9499.7285,8791.2731,10121.5843,11982.5868,11050.0284,10663.5697,7646.6320,9167.3573,7878.1810,9032.2955,10974.4546,7242.1608,5751.7874,9972.0155,4560.2693,11827.3060,6355.4645,13109.5559,6826.4112,7614.4330,4032.7503,8663.5588,13062.0172,5180.6614,12425.2437,4058.5959,3562.1575,10973.0421,11454.6571,7443.5004,11762.4938,11795.5181,2252.8402,8423.8008,12942.2310,5288.9149,2364.7914,9357.5511,3139.9288,4896.0998,6376.8004,3604.9188,10404.5995,13014.0304,13268.9571,5458.9356,4934.8024,10303.5118,10180.1588,12628.8065,4730.0270,12549.3067,9080.6991,13192.7922,7404.9763,9438.5924,0.0000,10428.8831,7086.3985,13066.0009,8204.0648,10574.4618,11744.3041,11517.1366,8587.9979,6607.7565,13606.4075,10247.9875,365513.6313,373443.2702,366481.9810,370811.1620,365277.2814,363927.3097,367150.6449,369113.8141,362461259.3168,362458626.0126,362467476.6465,362468139.7562,13298.3791,5029.0967,13143.6010,10605.7310,2765.0359,10053.6170,3378.7232,11603.1835,9473.0760,2647.3455,8367.6222,6867.2335,7918.5366,7324.5028,13108.9250,11869.8361,11260.9310,7753.2249,11083.5583,9391.0941,10020.6852,3091.1465,9884.7142,13558.4689,12746.7394,10871.1774,13112.7873,5369.7089,12770.0499,3306.8670,8603.9509,6662.5917,12903.5155,11032.1255,12756.6159,8531.9989,4119.9767,13463.4745,10533.4788,4941.4332,10398.9897,13597.7869,12671.0155,13636.6689,13574.2825,6443.4154,10730.8305,11215.3622,10194.4349,7643.3927,13378.7143,7320.1736,7737.8883,9072.3693,5172.5610,7496.0125,8333.3509,11461.4871,11077.5313,10948.2706,3674.6019,6693.2031,7469.6369,9785.2197,13181.9445,13131.1469,9075.3463,12582.1404,2198.4385,0.0000,9528.5883,7915.9853,8577.9833,11907.8190,9396.8223,5548.2418,5004.1128,8622.0264,7266.9210,11696.1832,12210.8110,372358.3910,380044.3522,373316.5228,377648.9994,372116.6114,370714.2322,373835.3882,375906.4387,362453654.7906,362451021.3809,362459871.9243,362460535.0886,12510.0500,6795.5403,6856.5319,13263.5635,11920.4430,12027.5163,9942.8611,7299.0117,13738.3048,8307.9048,13387.0178,12873.7517,12896.4810,7859.0418,4859.8704,9525.5570,8794.6989,10404.7439,8654.0150,11714.3823,12277.6936,7578.4247,2383.1447,8272.4165,11187.4553,7463.4107,13564.3506,1705.3170,13816.4219,8707.0740,13465.4624,7296.7948,10140.7485,5422.6719,9953.8058,13768.9737,4834.9958,9788.8868,13232.2143,6168.8859,1653.4292,6854.9969,5009.2905,5256.3784,13192.9500,11291.9787,4802.9587,9143.8182,11711.3924,6982.7118,11740.5407,10899.3689,9459.6430,13468.7019,12529.4922,8951.6557,7890.0557,10877.7488,9095.4064,11869.4731,12826.8784,9623.8764,11991.5888,5606.7277,4917.6244,8143.4744,8829.5881,13152.0462,0.0000,11528.9884,13078.6373,9607.0336,10037.8625,7290.9224,11080.2679,11555.5319,12587.4045,13194.6886,6274.2846,9331.7438,364397.7198,371554.7956,365328.7926,369631.6312,363885.5657,362679.8426,365837.8431,367795.6307,362455596.7350,362452964.0457,362461814.7979,362462477.7814,11469.8900,12466.1895,2474.4424,9749.4219,5363.7267,9239.1134,10701.1212,5304.9786,7726.1179,8540.5756,7152.9906,10132.6512,11928.1237,9658.6357,13146.6162,7980.6680,12526.5474,6049.1695,11325.1558,3677.4909,7305.4642,12193.7504,10686.4498,9668.5282,12649.7470,5469.3989,11715.5491,5417.5333,11006.4387,8168.3491,10658.0812,7998.9298,10034.0766,11789.2442,4781.2679,13728.4356,6676.7777,2502.6921,9134.9063,12430.4747,9786.5046,13486.7294,13525.1037,4163.1853,11227.3317,11563.6705,6165.1343,3223.0524,12219.8353,2635.3403,3202.0716,5135.8620,3945.3954,10667.4603,10811.0958,13497.4773,9511.0481,7175.2846,6834.6850,10121.3833,10269.8493,8617.6090,13787.1016,10697.9971,11277.8815,10967.0044,7016.6875,0.0000,11713.8201,9074.6805,11699.5757,11489.0166,8225.0437,9091.6474,8828.1490,10327.7722,8398.6625,13350.9450,12719.2493,370074.3943,377945.1663,371040.2788,375365.8674,369804.3872,368482.7516,371714.3294,373659.7952,362457342.4627,362454709.0123,362463559.7599,362464222.8332,11251.4913,12362.1802,6997.5407,13409.3708,4109.3473,12026.6466,12275.5431,11798.6463,10382.1409,8688.1292,10970.4003,1795.5966,8122.3396,8686.9682,12356.9824,7895.0199,9769.5636,8317.5694,12910.1816,9938.2572,4678.7899,1822.1349,5578.4445,3233.3049,10663.2937,7617.8232,12012.1225,12576.5596,10407.3388,1578.4635,5184.5223,5028.7361,12291.3979,11506.8742,5972.0646,6587.7269,11081.1359,10392.2898,5349.7298,3781.1639,4713.2392,4856.0793,10039.1822,6977.6273,10471.0906,7640.7001,9357.7451,1460.8077,9865.5033,10092.5003,9524.2204,10818.3354,11285.2955,12718.0153,9628.5154,5102.3721,6263.7576,13607.5185,11716.9538,12935.6238,6878.6377,6523.5706,4224.0355,12217.0630,2340.6703,13342.0457,0.0000,9485.8645,9546.6953,12221.7023,4752.8482,11015.5460,13396.2108,13550.6541,9481.9392,9808.1766,9787.6679,5822.8750,360297.1614,367779.6887,361243.7440,365561.3061,359922.9606,358627.1694,361790.0884,363780.8924,362461348.7866,362458716.0234,362467566.5965,362468229.6724,11985.4835,12797.7291,9318.3539,13243.1520,3579.8086,11689.1222,7648.8574,11998.7432,13305.8481,10346.7894,11447.9650,9097.3575,7790.5371,6946.8575,9633.7342,10923.4164,11028.0315,10430.4540,9781.2874,8665.6007,12370.8896,13128.2138,10317.3916,12873.8155,6964.3798,12005.2561,2877.3351,12188.1707,11941.3683,13470.5366,10897.8060,4092.2510,12612.6922,7077.3830,13224.6060,13059.2057,7560.3768,8122.6452,11927.3370,8195.9976,8156.0903,13611.1016,11675.8949,3888.4563,12482.2484,13280.0971,10933.3968,13110.9057,12447.0388,11769.5771,13149.3734,9381.3383,3226.3222,4763.6064,13215.9882,12896.4067,8200.7293,9506.3326,4075.5277,13379.7915,6811.9909,10674.2837,2221.0245,12327.7572,9512.2249,0.0000,9584.0183,12223.2501,3603.4051,11877.4829,7796.3089,6066.0197,6676.8437,11299.5341,12273.8097,2792.1245,10226.9453,369555.2660,376580.4250,370481.4673,374793.6374,369097.1257,367793.7776,370839.3458,372931.4959,362450117.0216,362447484.2205,362456334.7858,362456997.8697,9535.9068,4351.8651,10237.6757,10533.0163,3166.2610,8354.3159,7227.1676,6899.3944,8574.0722,12519.5613,11091.4649,12343.5498,8186.6215,11799.4666,7941.1779,10497.1583,2893.5508,8876.0843,13155.4966,11677.3899,9959.6904,12937.0549,4466.1171,12618.0995,3463.8199,10258.4897,6880.4150,11812.3727,9335.8367,11603.7411,10552.1208,3301.5299,13862.9469,8555.0967,2565.1318,10132.3004,13321.4173,11332.7437,13782.3634,13765.6005,4440.5608,10771.3294,11832.7744,8269.0492,5227.5393,12858.0161,4861.7659,5547.8590,7270.8074,3421.9807,9063.2634,10023.0185,12792.9582,10010.1628,9077.1508,5506.0778,8381.9945,9307.4788,8767.3451,13745.1223,12120.3296,10631.0277,11692.0091,4859.0568,0.0000,10581.5475,8047.1311,10544.5773,11555.4392,9145.1273,7723.5626,7310.1826,9208.8115,7316.3398,12914.8425,12459.7824,371156.2522,378980.1999,372120.4529,376451.1685,370917.8195,369545.8125,372724.8296,374734.9697,362455936.7930,362453303.3312,362462153.9646,362462817.0927,12054.0175,4886.6958,13716.9003,8014.4392,13478.4793,4457.7852,3222.9801,6083.1999,5850.8435,12497.4482,7584.9352,13540.0431,5491.2865,11972.1101,3654.9915,11336.2409,12686.3069,10636.5234,6073.9028,1996.6600,6270.6890,5746.8143,12477.4127,7489.3601,13105.8513,4478.6892,7194.1016,5994.3459,10390.7498,11465.0480,7008.4664,9676.7108,8188.1462,7942.4371,13482.0608,11084.2381,8881.1654,8989.0111,8867.1041,6404.9967,2441.6135,13523.0865,9796.0885,8397.6395,6736.8357,9043.8519,10359.5382,11199.7559,6811.7763,7103.3015,13109.0231,10196.4811,2810.3397,8688.2295,12146.6326,7426.1687,12815.7225,1869.7340,9459.8065,10104.4745,13053.5566,5012.5186,10112.6615,0.0000,5750.1613,3282.6005,11673.8341,3169.2233,13427.3566,12183.1572,11977.8994,3934.5982,3687.8655,11570.7495,5167.4826,362490.9571,370190.8369,363449.0361,367786.5496,362289.2885,360837.1398,363922.9487,366042.1590,362461187.5667,362458554.5533,362467404.8555,362468068.0871,12541.3390,7196.8591,5834.5055,5504.7448,9611.6908,10189.6810,9711.6980,13761.8975,10057.5692,12253.7757,4785.0099,12547.2118,7651.5631,12007.0171,1743.6278,7750.4766,12704.2062,13292.5164,12488.6604,13751.7008,8045.6478,11158.4387,6425.1755,6989.3679,9444.4658,13104.2197,11763.6783,11878.3195,8359.4443,6935.3360,13271.5998,10616.1480,6658.0381,7937.8353,12620.9085,12345.8504,13579.0966,13575.2834,8349.4521,12573.9872,9156.3824,9598.3976,8114.3071,13798.3938,7547.7982,7084.5229,7806.3209,7434.0063,9573.8930,6693.5977,11543.4015,12523.6200,10783.3121,1778.0579,8898.4536,5964.4220,11667.9131,13137.0216,12381.0737,7481.5866,13415.8824,4298.7318,0.0000,11341.1211,10480.4782,8187.3874,13292.6247,6759.9946,4551.7769,4330.2374,10963.8075,9916.6210,11049.6987,13393.7442,373502.4009,381091.7619,374455.6163,378778.8019,373180.6970,371852.6732,375011.6328,377021.0089,362452096.8292,362449463.4459,362458314.1539,362458977.2380,13449.7336,10218.5310,12250.2054,8469.9176,5624.5954,10088.1259,4194.3897,9590.6294,10108.7428,12810.0665,8607.5288,9360.5309,7807.5375,11587.3382,10210.8019,8067.8549,2386.2217,2986.2908,5894.6523,7926.3601,10274.6288,9809.5365,13786.7610,8334.1367,3299.0619,1815.0525,6591.9419,13340.8980,8965.9507,9341.7640,4413.1521,8326.4411,11537.8346,8724.2088,4637.1242,8267.6917,8324.8685,6855.1891,6302.3170,12561.7399,6351.7419,6652.2761,4895.6183,7374.6145,8286.3133,8522.2127,7935.8945,10846.1161,13826.1801,11726.5118,2159.4018,4707.9613,13084.6229,11075.8117,13752.8600,3792.4467,9632.9261,6421.1487,13617.5452,2533.7680,12262.8636,0.0000,9521.8222,7631.8791,13348.4039,4631.5127,11740.4276,13557.2676,13515.6147,8364.2363,7703.4937,12220.7612,7095.5306,361107.2171,368856.1308,362066.6152,366392.1704,360821.5786,359484.4670,362676.6123,364660.1212,362462990.3412,362460357.3513,362469207.9087,362469871.0181,11140.9978,4457.6528,12693.7654,13460.1254,11637.9103,12616.3461,7476.4462,10457.4353,3673.2595,11851.1580,8593.5936,12716.8428,8367.5384,7296.4046,9130.4971,12886.4071,13828.8751,11983.6707,12582.1343,6544.3291,11560.7460,2632.8340,12752.5873,12272.0870,13190.6344,10235.5735,6069.8961,12061.3075,9327.5583,12246.1126,11918.3739,4939.2440,8640.2069,11562.7964,10139.9875,10183.6299,12866.6818,13197.2868,2753.7851,10992.6989,11895.4896,12137.3047,11527.3148,10472.0054,9651.6239,12403.7438,10895.0260,2736.0437,7957.5036,13778.7399,11888.7987,6452.1735,10748.5468,3472.1818,13839.0729,9323.9109,10369.6594,2427.7676,13136.1942,8960.0197,0.0000,11571.4725,13087.9130,5527.4218,13262.1424,4840.7735,5327.2326,5982.8701,12649.7886,12926.9857,6088.2065,12273.1017,371447.0616,378602.1667,372379.1719,376687.6335,370973.9431,369722.3848,372840.9753,374851.6574,362449962.2712,362447329.2984,362456180.0437,362456843.0631,10161.7243,4595.3759,5691.7523,5806.2535,11981.5633,12638.9651,10512.2395,9728.6300,9820.1074,10263.9097,8296.9010,5139.9132,10999.2422,13593.5683,11639.3372,9033.4192,12092.3578,2994.2407,13453.5659,678.7100,10171.0420,4307.6108,12052.5515,9835.1304,12737.2171,9347.1310,1830.7257,13227.5705,9903.4389,3918.0088,11780.2152,13750.4827,12216.3425,13212.9274,13123.0924,4782.9348,8936.3516,12495.9266,10131.9416,7098.8243,12433.1113,7052.4390,8073.1896,9646.3144,3388.4135,6422.7262,9955.4830,11498.3221,9345.8245,10475.0559,6096.1658,5678.2108,9158.2872,7774.8670,12905.4566,13008.9591,10543.4245,11283.8612,3484.6186,0.0000,8226.2138,5674.2627,9505.0070,10316.5346,10952.0978,7375.2492,6835.4465,6718.3442,4945.8120,12194.0981,10938.6110,370406.1131,378166.9612,371367.7930,375705.2690,370211.0231,368769.4724,371876.6288,373974.9032,362455734.9858,362453101.6007,362461952.0460,362462615.2534,12675.5990,12413.9593,12607.4576,12743.6706,5617.9003,12735.7196,1402.0566,13426.4231,4816.6230,13630.6720,6003.0472,3687.3964,9421.9021,12175.0346,13233.7472,12793.7382,11332.4105,6945.0792,10565.0493,6332.7332,12564.4953,11456.8426,11413.1527,8714.6237,9275.4128,10697.6804,11342.7583,9707.3706,9624.7572,2722.2410,9189.7183,10044.0127,11669.1114,11781.2944,10826.3216,13753.1670,5274.5669,7972.8364,8967.5966,12405.1903,8409.7633,6924.8353,5975.1960,10564.2653,12303.3598,6237.6444,11104.0604,13001.1397,9377.0101,5974.4918,11974.6623,6336.2402,12995.7977,11564.2392,9299.1771,6410.9617,12733.4909,8940.0716,0.0000,13097.8047,13103.1038,8842.3033,13556.5708,1454.8686,6886.6643,7254.4158,13306.1435,12738.7438,9580.7639,13498.1020,371630.4914,379050.3598,372574.6793,376882.1729,371178.1503,369967.7716,373183.0029,375096.5885,362452352.6550,362449719.4783,362458570.3905,362459233.3552,3720.8395,2880.3593,9471.8533,13607.1413,7742.7737,12338.2820,6303.0439,12335.7090,4212.4453,9113.1836,12981.1566,12809.4236,9737.9500,6168.9383,9367.2726,3557.5871,13664.2067,4114.5589,11477.3923,488.4904,10553.2013,8907.2409,12652.1056,9482.9280,4304.4279,11393.6475,10193.2458,6545.5911,13534.9245,13059.4854,11646.0366,11204.8915,11041.9099,5836.6449,4973.0019,13401.8591,11190.6228,8739.6626,10123.0389,9101.6692,10406.3696,11666.2704,5224.0923,4183.1216,11382.3186,9961.4916,6809.0239,10765.7596,9449.2182,4031.8949,10795.8728,5138.5155,10933.8206,12568.7979,11644.1021,8899.2277,6555.4719,0.0000,4814.4351,1274.3367,9791.6327,6947.0395,13107.1502,9544.1556,9140.5695,2462.5170,879.3847,11431.8024,7540.5358,366586.0152,374275.2090,367544.3122,371886.3935,366418.7336,364923.4730,367970.3034,370140.0066,362457862.5145,362455229.3396,362464079.5927,362464742.8659,6335.0423,8083.6463,12297.5708,9577.8429,12484.6263,7845.7751,10668.8801,5821.2842,9164.8655,11678.5541,11779.5107,7513.7327,3892.5660,8760.9702,2890.3351,13016.7089,5092.5901,12941.5960,3387.4983,8382.4253,5758.5613,10681.1399,11762.4875,4251.0073,11623.6360,7226.0957,5017.3558,12908.3842,12209.3998,9300.6018,11050.1198,10972.8334,3373.9716,5320.1666,13699.0991,8652.9572,6124.8967,8865.3156,6728.3619,8340.1516,9683.5329,3774.7077,7500.4708,12863.0044,11677.2584,4253.5448,7951.3226,10614.4139,7415.7538,12395.8051,2338.6825,11460.4586,10722.9422,13031.4621,6924.0472,8534.9138,0.0000,7329.5465,3299.8656,11934.3182,6093.5492,12564.6573,11347.9365,11028.5811,5012.2260,2930.8328,12731.5975,7947.1837,364805.7294,372647.4884,365770.5744,370108.6350,364624.7247,363184.0763,366312.4181,368391.7478,362460742.3015,362458109.0892,362466959.4835,362467622.6949,9965.6821,13892.7866,5849.0540,12032.7623,5053.3986,13243.2067,3805.2004,9729.2649,13527.8976,12715.9722,10789.8176,7826.0549,9288.5184,5999.4956,13322.9677,5621.4999,9977.7924,3314.9404,11481.8322,10719.3347,13355.1368,7324.2806,6318.7633,10403.3748,11913.0786,8588.4048,13472.5381,12818.2636,12662.0179,10534.6365,10320.7710,8262.9228,5353.2095,12489.6591,12637.2359,10709.8692,10429.1663,10959.5194,11916.3403,12871.9273,7501.8760,1366.3170,9911.7441,7928.6026,8487.8497,12316.5205,9028.8675,1543.1514,9358.1356,7250.7072,9749.7609,13145.4398,10130.3401,9886.0865,6147.3695,0.0000,2895.9741,3374.9066,7730.3905,7553.9493,13112.6102,8288.4603,7941.2432,2364.7035,3566.1318,9668.1369,7024.0135,367332.2023,374836.6451,368282.0332,372622.9626,367136.7517,365629.8785,368623.0582,370842.1934,362455590.8016,362452957.7320,362461807.9207,362462471.2119,9603.2300,7605.3296,13143.0911,6522.4063,11017.5056,6937.0783,13296.6563,11228.6440,5978.9240,2390.2503,4658.5469,1965.4606,10265.3176,8840.4266,11665.7718,12803.5910,9552.5427,3037.9079,5701.5041,6737.9136,11993.8704,11223.3691,5854.0918,7592.4629,11193.0788,11576.7034,6549.6842,5422.2613,4605.3661,4633.9101,9999.4619,5509.5894,11265.7777,8864.8413,9948.3801,1028.1793,10512.4480,10988.0789,10694.4506,10695.8744,10328.7257,12942.5218,9105.1878,4396.7647,7453.4849,13822.2016,10851.4306,13097.1889,6124.1987,6177.4952,5960.2022,12465.7108,1725.9957,13121.2507,0.0000,8265.5754,8515.1674,12004.1649,3167.6367,12109.4455,13434.2349,13538.1328,8285.9758,8895.9755,9716.5538,4301.3698,359922.0414,367396.2615,360868.5285,365190.8967,359581.8838,358241.8774,361366.7218,363407.3339,362461434.6703,362458801.9274,362467652.3936,362468315.5172,12460.9143,6751.6881,12834.5109,4332.4540,13327.5370,9907.3269,3211.0817,5112.0317,8760.2636,11518.5995,10058.4856,12501.4985,3418.2454,12767.6091,9539.3563,13514.4342,7628.3823,8895.2877,3802.5018,11682.8017,12474.3561,9006.1688,7285.7260,11073.9640,3243.7379,5075.3834,5757.4457,8843.5416,9081.0842,11395.1931,12784.9486,5816.7972,5730.1856,8875.8070,9039.1229,8687.8591,7307.9785,5392.3599,11797.8927,13797.4851,9632.2743,11222.9166,11024.4185,6506.4518,10585.9638,13796.9336,10046.2844,11874.1667,9662.3226,4413.3495,9233.7657,9727.3049,12490.4122,0.0000,13443.9042,13505.3778,11292.3640,11589.9137,4248.4963,10985.0305,11363.9688,13669.7122,13346.7685,9680.0982,11889.5553,366423.2015,373835.3193,367366.0370,371667.0952,365925.9334,364767.1126,368023.6203,369880.5387,362456465.8165,362453832.8595,362462683.8131,362463346.7330,12309.4540,2367.0029,13700.3901,4558.9271,12609.9176,13421.5763,9526.6309,9447.9102,8523.3297,5961.4318,10368.4403,10572.5478,10417.0561,9120.2910,8135.0872,9871.2110,11240.8621,11753.6077,6451.0778,10859.2490,5593.3727,12586.0396,12259.3907,12555.7630,9476.1802,11411.5393,6056.5053,5761.8686,11764.7284,5444.5384,10247.1743,13180.6587,12979.5717,7612.6200,13266.5728,13683.3191,13750.6672,11491.9832,5240.5756,9269.0266,3414.2456,8993.8333,12595.7836,11351.7948,6069.9513,9307.8480,9056.7180,4697.2857,11140.1882,8873.1500,8556.4212,9996.8075,0.0000,3243.2378,7358.1870,6728.1170,6372.2370,12765.5389,9628.3208,9715.5428,5692.8958,7889.2597,5705.9414,3868.3586,364403.2375,371591.7672,365337.5653,369667.4741,364092.7346,362646.5929,365615.1217,367829.3070,362455182.1206,362452549.4028,362461399.6138,362462062.8541,13133.1056,6027.3342,13369.6613,5660.2519,5023.5001,10057.7795,12768.3785,13498.5879,13021.6271,11213.1513,7583.5566,10188.9258,5234.4461,12256.2584,12143.9098,12083.7587,9716.3703,8265.6464,10490.5279,11401.1553,10576.3765,9731.9467,3796.6130,9778.6062,10950.6968,11855.5118,11933.9602,11017.5579,13674.2162,5205.0620,8995.0094,9564.1126,12827.5449,9012.3890,7712.6579,7049.8545,10581.1804,11624.3347,5093.9909,10565.5469,13350.2262,10316.0292,4931.1565,11257.2064,5114.6133,13203.9968,11508.8693,10209.7168,5415.8115,13196.6558,8079.9364,0.0000,12627.6827,12859.2367,7829.9045,13708.4417,2721.1163,5651.2825,6050.5739,12958.2258,12496.1775,9099.5991,13447.9376,372406.5880,379788.0422,373349.2578,377659.0195,371965.7962,370731.7216,373918.3238,375865.6722,362451324.8720,362448691.6916,362457542.5499,362458205.5402,13641.1701,2436.4214,12591.2094,13657.0745,9888.4442,8272.0117,6591.0888,5195.9043,9085.8649,11406.6782,9578.8012,10668.8419,6689.7517,8976.4623,9888.4000,11546.2404,8128.9577,9826.5410,6579.7280,11603.5926,11281.5084,13277.4745,10020.0175,10785.7846,6546.5395,6270.6787,10463.9941,3187.1324,11615.0427,12555.7113,12017.1457,6836.8484,12425.6784,13139.1207,13439.5533,10331.3060,5014.0932,10771.5192,5646.7140,7170.5162,11744.6844,11893.9173,5861.5284,10682.1372,7134.7939,5879.7997,10953.5027,10484.9181,7173.3665,10097.0810,0.0000,2300.8383,5625.2869,8423.9608,4496.9639,13426.6510,10642.2243,10611.6248,4014.2951,6277.6740,7715.6165,2438.9042,363263.2789,370593.2466,364204.2506,368538.3184,362997.5442,361531.3608,364517.4265,366725.2493,362457262.4394,362454629.6638,362463479.8505,362464143.1088,13387.6763,6934.6855,1762.4192,8556.4804,9625.4702,11140.3736,11801.1744,10227.1959,7364.5832,10418.8669,10258.6983,12105.6926,8844.4817,8053.8701,5942.0335,12315.3143,9951.8514,11792.2093,5709.0278,7966.6865,4549.9314,8704.3333,6879.2236,11543.8321,11714.3707,8700.9731,12930.0895,8277.4922,3597.8954,5698.2089,10833.6623,5226.0020,3427.7845,1488.1335,9065.7733,13406.1886,10199.4342,13028.4704,10664.6066,5325.3145,8817.5329,13147.7018,10207.0173,10922.1199,12234.1978,6889.9114,10239.9020,10505.4841,10676.5203,0.0000,13673.4478,12478.4372,11995.8991,12177.6156,4194.3175,10304.0608,10466.5803,13173.8693,12080.0206,11926.5792,13075.1293,368503.3700,376164.4850,369458.2997,373766.3456,368083.4563,366892.9947,370182.3711,372025.4262,362457026.1100,362454392.8834,362463243.8582,362463906.7993,11791.2889,13701.3535,10980.8737,8158.0157,5271.5198,6236.3145,7170.4358,12493.3416,7934.7567,11536.8012,4588.0299,9065.9254,8980.4283,11866.3172,9091.6290,8065.0232,8485.5283,10832.7404,9712.7523,13769.7691,11220.3719,10823.5750,8244.0019,8015.5126,8716.3410,1794.2098,12747.2897,12001.7720,10794.5489,7532.2142,11263.2116,12282.9801,12944.3312,8573.8840,4424.6267,11570.3110,7620.5804,6004.6021,11163.2253,11560.3974,5100.5397,11295.0077,5399.7601,7920.3392,11425.9525,11471.8771,6996.8365,9281.6651,0.0000,2290.2964,3348.2365,9413.5186,4150.1924,13738.0093,10796.6113,10622.4876,1889.9581,4083.3538,9527.4332,3730.0179,363614.1415,371104.8475,364562.8169,368901.4691,363399.4635,361911.1292,364917.1750,367117.5614,362458367.1607,362455734.2532,362464584.4344,362465247.7105,7422.1492,12645.8642,12577.0312,11650.8114,13518.7144,6989.0141,11398.3438,5648.9789,8360.5555,8868.8299,12437.9781,10657.3522,11352.8795,9515.8243,5877.4347,13549.1298,9427.8835,5140.4727,8223.4685,12664.7614,11619.5834,13681.4672,13690.5494,6938.4535,12177.3129,9981.8439,8501.8463,6603.0465,13419.5340,6008.5317,5715.4638,6791.7966,6103.8992,9832.3412,8094.7408,12270.8397,11637.5139,9692.3871,3381.8497,9158.8760,7416.5119,10721.6262,13472.9303,11927.5655,8784.1715,12746.1836,4767.5210,0.0000,11452.3540,9934.9551,9378.5087,12799.4665,7060.6053,6029.3464,5759.6360,10698.8008,9304.0660,11902.0653,13266.8664,372684.9421,380378.8241,373642.9300,377967.2640,372383.8316,371056.5919,374241.1530,376228.7132,362453693.0910,362451059.6634,362459910.3889,362460573.4699,7898.3699,10113.8210,11920.6971,11785.2247,11230.1561,6120.5797,11214.0423,9247.5247,12806.1552,9217.0596,9115.3104,5902.5144,11641.8703,10915.6600,11138.3482,6986.0270,9207.2312,2856.5885,7903.8641,7283.3614,11045.8066,11227.7397,9987.0909,13342.2361,6799.2004,4958.3529,7243.5198,10898.9772,6792.3525,5057.0154,3224.8621,10226.7838,13517.6916,9220.9502,12333.0540,11477.8235,6472.2032,8666.8659,13300.1230,9371.4781,11841.1754,11604.3460,6755.6053,9168.6871,10982.6952,10892.9291,0.0000,13758.7892,13133.6387,11263.5462,12575.4114,2701.4902,9812.8363,10086.3128,13599.6397,12792.3505,10952.8116,13120.6336,368866.2626,376412.6107,369815.7551,374120.5524,368410.1186,367235.4529,370510.4052,372358.9924,362455753.1502,362453119.9939,362461970.9811,362462633.9082,6186.9160,9608.4105,6004.1405,12903.2937,3331.6023,13559.5767,10360.5265,12859.5251,5130.4602,8382.5197,3880.7124,11161.1944,13316.5804,4788.7900,8334.1158,12663.9229,7326.8958,765.8280,4900.2528,4278.8454,4581.1315,12307.3672,10220.3932,6882.7305,8097.6534,10816.9381,5080.7405,10993.5077,10389.5561,9046.4074,12807.5250,12579.8528,10570.7407,8723.7559,9200.4278,7628.4018,12745.9549,12926.8727,11098.6532,10577.1300,5687.9190,3043.8068,9857.7881,6880.9828,13607.4825,0.0000,11259.0237,12318.4244,10896.5461,8570.6386,8357.2331,12235.4256,12611.7183,11986.4580,12471.2098,7688.9705,8366.0133,362568.4562,369835.1987,363504.5557,367810.0981,362086.2235,360870.3505,364046.6407,365993.3595,362457944.4073,362455311.7111,362464162.4423,362464825.4364,4346.8216,4276.1480,9692.4298,8863.1019,11305.8942,13376.3164,9697.7934,1340.3346,3614.3230,5473.1517,13024.5030,10639.6762,7581.2241,5490.0792,10091.7919,11012.3913,6880.6664,3657.2915,6370.5406,6473.5797,8847.0927,6648.1701,11579.0753,6976.5516,8281.7696,2814.4309,8890.1415,9386.6605,9108.1439,9781.6195,11313.2179,13475.4539,10755.0896,3706.3060,5365.1408,13659.2384,11673.8513,13572.4186,5594.0504,8023.2184,4952.5533,13093.6765,1374.9578,13158.9056,0.0000,9643.3357,8860.3585,12988.5033,4437.2007,11474.4159,13756.7307,13828.4315,9126.9399,9062.1020,11075.9869,6324.9963,360236.2399,367843.5754,361188.7503,365509.5532,359899.3948,358589.0999,361769.8215,363751.7827,362462462.4049,362459829.5536,362468680.1244,362469343.2115,5660.2603,6607.0988,11714.0300,8533.0334,13590.8946,6110.4686,5536.8711,4306.6497,8986.5118,12387.0741,7850.5000,9411.7660,6768.1491,8127.7577,12927.8371,10153.3673,7270.7024,8506.9572,8448.7601,6481.1926,3726.2452,13316.5138,8570.9702,7731.0444,5602.2324,8448.4765,9679.5974,10319.1023,7245.5332,8741.7971,13614.0756,10828.1348,839.6428,7222.5202,12768.5053,9048.6582,13416.4780,1610.1020,9399.1623,8701.6898,13480.3069,3408.6191,11189.1757,0.0000,7285.0459,5113.2491,12518.1418,2889.2139,12989.1968,12970.7394,12832.4019,5799.0387,5365.6170,11895.3427,5544.9562,361491.6614,369219.0600,362450.6324,366784.0159,361261.5886,359850.8294,362977.4110,365045.6965,362462301.6639,362459668.6722,362468519.0625,362469182.2503,10717.6351,8675.2452,11826.8898,11920.3875,9540.5083,4704.8764,7354.6544,7736.9819,10793.1308,11596.1963,4354.8159,9086.5399,11912.6187,11681.4361,6391.8388,6838.1572,3238.8420,3155.5169,10870.8831,5145.9108,10666.3589,10125.2188,11079.2762,1847.4744,11573.6440,11970.1751,11648.5429,11344.3403,9440.6299,12089.3191,7463.2446,5649.2612,8925.1451,13559.1778,10070.1652,12294.0423,7024.2167,4500.0861,6883.8775,11544.4006,3531.5294,12800.3545,0.0000,7180.1836,8458.5267,10831.0030,3301.2315,12239.9693,12774.7636,12915.1625,7797.3601,8932.7702,8285.2323,2916.5530,360390.2931,367746.8168,361331.4608,365654.2617,360041.2798,358682.7444,361764.2687,363848.4815,362459985.6856,362457353.0086,362466203.4096,362466866.5562,13442.2664,2370.6230,11900.5004,3090.1548,10313.8024,7621.2953,11723.1903,10931.0947,1392.8593,12783.4958,8216.0293,3155.9331,12416.8833,13216.0637,10744.8877,12465.4528,12386.8643,2591.8083,7298.8629,13372.6528,9046.1797,5818.4250,10892.8871,6117.9616,7651.2811,9309.1034,1720.3483,7042.5042,11748.7599,11978.5705,6908.9317,8933.4350,8537.5424,6602.0462,11108.3871,5154.8206,12552.5623,11938.0057,12135.1608,9272.2362,6256.7748,0.0000,7932.8720,4130.0075,11096.6005,8441.9595,11795.0600,9670.8006,9237.5660,5778.2017,3351.1020,12857.6093,9735.1165,367684.5883,375536.1657,368650.2064,372988.7338,367508.3518,366065.5293,369193.7404,371274.4738,362458640.5884,362456007.2493,362464857.6790,362465520.8884,13583.3614,8357.5340,13693.6576,7802.8500,10170.9911,5072.0157,10159.4890,13513.9754,6366.7360,9369.3439,12732.3507,4600.5333,2805.9925,6836.3762,6528.1918,6765.5098,12894.4782,12104.7083,4057.3044,8366.3887,11084.6766,8047.8795,11009.3590,9939.1565,8337.2169,13150.8652,12980.0333,8565.3932,8838.4420,11357.0800,8639.0864,11148.1122,13160.1976,9220.0480,12348.0869,7059.9705,4908.9693,7851.9016,9558.1701,12810.6569,0.0000,12292.0823,13471.3397,9759.9042,10935.3970,5807.3797,10648.7615,11136.4369,13157.0101,13486.4794,7046.6680,10471.4176,365587.9906,372793.1656,366521.2618,370822.2548,365067.8715,363884.6323,367072.1740,368996.3010,362455175.7554,362452542.9835,362461393.8163,362462056.7715,10612.7386,3786.2032,11780.1778,9466.6026,12663.2596,9678.2447,1314.0044,13178.3292,9676.0267,3741.5470,12073.4295,13749.5899,12032.0463,13103.8287,13010.9593,4354.9598,8512.9647,12802.8093,10048.8280,6933.4715,12163.5657,6963.1914,8119.0157,9730.3187,2977.8026,6367.4093,10411.5235,11590.0912,8863.8595,10284.5961,6715.8801,5673.7650,9641.8389,7228.0514,12859.7741,12913.6546,10956.5973,10912.7653,4083.7271,0.0000,8025.0798,5163.2669,9851.3680,9907.8726,11289.9531,7919.9206,7395.6375,6338.1705,4407.9632,12371.6804,10648.4198,369832.9255,377615.1279,370795.5795,375133.9352,369647.0920,368199.3548,371306.6122,373407.2018,362456353.5088,362453720.1316,362462570.5604,362463233.7746,11602.6726,13002.7324,13732.5343,11742.0146,3669.6560,11349.7461,9383.6896,13185.6846,11793.1336,7268.2715,9910.8707,12729.7797,10323.6344,10283.9203,12710.6941,12343.1485,4797.1547,12255.8215,12465.4617,12443.5493,12159.8618,11462.2497,11069.0346,12030.5454,9050.9480,356.9864,6675.1709,13701.3126,12976.6046,5697.8305,8888.0516,1339.4802,13503.1182,9102.1805,11758.1794,691.0223,13358.2275,7530.1391,0.0000,10041.6950,11981.7494,3132.5921,12866.0412,6999.4105,3546.4175,4230.6477,11332.0018,11859.5576,5373.2512,11580.8129,371890.4357,379023.5765,372822.0426,377137.2267,371463.6608,370149.6169,373211.7455,375295.1879,362449228.7308,362446595.7551,362455446.3552,362456109.4429,10504.9919,8689.2969,12554.6275,9736.0586,3883.8679,11620.8053,9924.0589,6117.3558,13453.7006,13123.8601,11530.2661,11403.2497,11251.4137,5390.3506,5220.2544,13471.3421,10926.3393,8363.6893,10214.7168,8727.8090,10076.6104,11395.0014,4771.2418,4591.2189,11498.9684,10291.2703,6719.8059,10523.3856,9367.0719,4382.1275,10900.2207,4982.0157,11193.2179,12508.3200,11780.0576,8902.2137,6502.1032,0.0000,5262.5117,1464.6848,10027.4221,7086.7160,12999.9759,9608.0095,9193.9137,2898.2640,802.5264,11689.1921,7826.4162,366682.5427,374400.0208,367642.1365,371984.0758,366517.2407,365026.7200,368084.1439,370243.1145,362458057.4524,362455424.2528,362464274.5253,362464937.7923,3979.9005,4209.7755,12992.1974,11137.9364,7301.9895,5203.6791,10377.8744,10077.5525,5857.7097,2494.3179,6118.0636,6280.8819,9326.7321,7677.5593,10786.5120,6364.9060,8281.6529,3006.6992,8807.9647,9030.5721,8462.0914,10246.0791,11901.3671,13114.1947,10760.2239,4884.7470,4854.5159,13506.9117,12231.4109,13283.1375,6656.0848,7875.7250,3645.0085,12688.2742,2615.9405,13361.3394,0.0000,10342.1405,9772.6624,12898.8473,5530.4678,10637.7766,13623.3312,13751.0410,10003.2096,9924.8106,10778.0318,7051.5493,360576.0156,368148.7795,361526.7023,365843.4562,360206.1523,358927.9779,362126.6699,364080.4843,362461991.1382,362459358.2989,362468208.9383,362468871.9918,6115.2709,13677.7199,8506.6065,10317.5594,2714.7655,7355.0133,10806.6399,9025.2895,4260.9919,9329.3245,9419.0476,6032.2032,7652.8545,12412.8190,4810.3606,5142.8776,6228.9107,5866.9982,6757.5740,7062.8359,7242.6795,11484.8174,13741.3344,12557.0892,3542.3344,3186.7561,12527.7672,11577.2548,13631.8645,4531.6595,10660.3887,6249.6304,13609.8536,4178.8337,11985.7450,0.0000,10540.6977,8272.1856,13640.3642,6263.7417,10906.8182,13350.8048,13298.2161,9242.8908,8168.7298,12804.9073,8583.9130,362158.0898,369972.5266,363120.4519,367443.9628,361865.7557,360554.0157,363782.1813,365725.3350,362462859.8391,362460226.7589,362469077.4047,362469740.4831,12917.7611,12111.5325,8168.0966,5178.9325,10756.5218,6798.2369,4415.7005,2138.2592,7436.1003,7694.4944,10405.5019,10872.6726,8479.9849,4705.9437,8120.3313,6259.7306,8291.9914,7584.1270,6108.0015,11177.5077,13530.4213,11851.1950,11453.2240,8350.7483,4299.8999,12458.5115,13681.7027,12164.2592,9652.4614,8924.9791,1088.4848,11408.5269,6665.1003,13429.7403,0.0000,12573.4222,12222.6433,12654.3787,9151.3740,7569.6710,12827.2812,13088.2214,12493.5021,12180.3747,10552.7319,10038.7303,363040.5768,370554.8540,363988.0906,368294.1219,362589.0143,361398.0798,364653.4736,366524.2511,362459866.0742,362457233.1792,362466084.0363,362466746.9943,10585.9942,8728.3612,13827.5188,11801.3183,10094.0478,10816.4264,13397.9828,9696.2864,9545.0737,12367.1495,10266.7575,7455.4703,13463.8354,13061.9853,11802.1338,12942.6989,12777.6713,12787.4799,11579.9708,6144.4100,3717.8736,4585.8668,12706.9630,13776.3244,6854.7636,6154.4388,3570.4599,12306.7177,8099.7555,12722.6636,3758.3998,12629.9947,6816.9383,0.0000,7185.6036,9956.9034,563.2644,11314.2434,9882.5638,4198.2478,4504.3366,8895.9502,9993.1457,4789.7794,9623.4427,370563.8861,377690.5793,371495.6512,375819.8456,370203.8151,368805.6006,371797.4072,373973.5574,362449968.6125,362447335.6934,362456186.0782,362456849.2602,13273.0851,8720.4513,2701.3199,12053.8007,13571.8041,11342.4500,13066.8541,12994.0752,3085.5711,8371.9324,13099.8703,9235.2742,5905.6564,11770.8540,6017.1776,7382.2742,9109.3261,1701.8570,7197.4872,11163.5638,12155.1817,8113.4927,9396.9838,7481.8442,6607.2494,10453.4424,6456.3759,13031.7437,12401.8580,11650.6384,10307.5792,5242.1072,0.0000,8498.2072,5129.9547,10730.0043,9549.7163,11306.0181,8856.1444,8379.7649,6580.0329,4337.9906,12887.7004,10627.6038,369049.7944,376892.9991,370015.1179,374352.8519,368866.4782,367430.7782,370562.5494,372637.6430,362457544.3353,362454910.9458,362463761.4078,362464424.6078,11158.8172,13593.4823,9994.3552,4607.5517,8419.7468,1385.9448,1306.2104,13127.1256,8208.8826,7667.9133,11378.2894,12873.5256,5104.3490,13120.6721,12952.2281,12174.1334,13295.0851,9980.3914,9646.7838,4859.1248,9401.7756,10757.9002,12730.8548,10579.9639,10153.1280,10457.7186,993.5242,7313.3447,8841.4569,7368.7734,12784.7181,0.0000,8216.0814,10855.4363,8625.3979,7230.6153,10758.7299,11321.0734,11671.9731,9823.7836,11240.6555,4769.4011,5484.2598,362537.6622,369640.5933,363466.8384,367781.0537,362101.6239,360787.5578,363844.4917,365930.7347,362456230.2920,362453597.7141,362462448.1804,362463111.2849,6877.6028,9126.0327,8900.8355,4006.1239,10333.2593,10473.0947,6184.3293,9758.4333,11533.1244,2213.5433,3742.4926,7836.1067,4239.2195,4579.3795,4607.6383,7322.9802,12547.7515,13167.9463,13287.8549,6084.1851,947.1005,11641.6096,12492.0480,13075.5870,6701.8302,11594.3325,5773.4142,13097.6430,6381.1689,11792.8827,0.0000,12039.3646,9846.1157,13697.8103,8543.0767,9136.9579,12841.5555,12831.5834,10870.7069,9578.3328,13075.5111,10485.2211,363904.3051,371734.8506,364867.1949,369185.1012,363574.2170,362313.9417,365587.5460,367471.8405,362461842.2200,362459209.0572,362468059.8486,362468722.8682,10865.6941,12970.3643,10061.4146,13263.4892,13256.4789,1981.4255,9621.5573,12731.8331,7156.5286,3500.0446,11670.1153,3494.8745,4981.2216,6926.9822,1493.5533,9374.4508,11611.3878,13218.6014,8114.0710,7579.6353,7754.3305,8851.9486,11004.2663,6831.4283,13545.5836,11245.5029,12054.9492,10101.5562,6704.4180,0.0000,10349.9693,7061.9135,11825.8129,10173.0768,10089.1480,9637.5414,9270.2140,8555.6268,6336.3889,13532.7117,11596.0111,368894.0679,376805.0616,369862.1016,374194.1500,368676.4735,367300.0506,370496.5357,372493.4388,362458451.4840,362455818.0520,362464668.6664,362465331.8000,7056.8595,8494.4757,10227.8989,10399.3991,11685.5768,13635.6246,4182.8711,7367.0052,9475.1850,11073.1641,9065.0089,7512.2780,5929.6556,11708.0243,13178.7821,7305.5871,10811.3556,12587.4228,8561.7120,8312.6570,13028.7397,7702.8013,13004.4008,10418.3933,7333.2690,7081.7472,11741.0110,10880.0251,0.0000,13418.2529,13720.0481,9635.2557,12984.3913,1348.0648,8722.5138,9166.2115,13806.2860,13472.1098,9035.8061,12908.7281,369503.8174,376859.9657,370444.4975,374746.7488,369008.3424,367834.3714,371064.5701,372950.1476,362453536.9288,362450903.8873,362459754.8367,362460417.7684,5588.5595,4315.5247,4610.3255,12703.6548,10565.2168,6298.4385,8540.3324,11226.8485,5638.7659,11360.6888,10683.2325,9299.8774,13133.7864,12601.9504,10135.8652,8405.7413,9781.4211,8194.9715,12588.9210,12945.9448,10715.4017,11088.5837,5501.7899,3676.0048,9382.1526,7515.1574,13569.3585,0.0000,11346.8115,12615.8681,10528.7455,9028.7953,8130.8781,11965.2704,12375.0612,12210.6962,12767.2244,7200.2747,8618.2432,363012.9380,370235.4587,363946.9825,368251.4680,362518.8148,361306.6859,364475.3857,366426.8552,362457223.7424,362454591.0607,362463441.7955,362464104.7862,7443.8760,7662.6152,9347.5003,9611.3368,10027.8545,4502.8739,7397.8333,5204.0857,7773.3713,7559.8442,6584.6267,10291.8371,13026.2521,12820.5741,11740.8505,6559.3673,3284.3676,12969.8447,13214.1339,13018.0571,8016.9455,9094.6784,2159.3895,12437.0404,4958.7770,13400.8205,0.0000,11880.9992,11073.5124,13216.2304,7730.4070,9076.4244,13416.9652,13584.8739,11487.8548,11065.1189,11283.2592,9116.4609,361874.3491,369479.8786,362826.2913,367137.6357,361470.2767,360243.2620,363491.1798,365383.0061,362461455.4439,362458822.5292,362467673.3107,362468336.3064,324.6681,12634.5203,7682.5702,8416.8980,10738.4017,12324.9725,3796.4891,12640.1460,12562.6269,11802.6631,12941.6842,10287.0888,10563.7117,5963.3929,8432.4032,9934.6745,13194.1476,10889.4193,11010.7257,9674.5944,2083.2093,6507.9044,9812.9132,6180.9926,13130.6095,0.0000,8355.3276,10551.3933,9611.1849,6348.3068,11004.9600,12026.9537,12333.6446,9664.9212,10948.0736,6032.0459,4991.5420,361571.8769,368744.5108,362504.2008,366819.1215,361147.3162,359836.1504,362912.3377,364981.4008,362457595.7901,362454963.2000,362463813.6776,362464476.7783,12619.4519,7490.8247,8525.0206,10906.2717,12398.7859,3873.6759,12718.5549,12674.7027,11959.4034,12903.7942,10062.1348,10523.1266,5746.2979,8405.9340,10098.3732,13160.0567,10680.5948,10956.8875,9609.9606,1870.5594,6776.7833,9779.2122,6217.2357,13027.0619,0.0000,8097.6759,10385.5796,9475.9509,6224.8588,11151.1589,11951.7998,12250.4709,9455.6829,10797.2317,5930.4591,4750.3508,361608.1890,368777.2314,362540.4073,366856.1539,361189.3307,359870.2558,362939.0998,365017.5200,362457513.5431,362454880.9540,362463731.4133,362464394.5224,8367.1927,13367.2021,7070.8692,3516.6045,10602.2279,3950.3715,5751.7063,7544.4918,1446.0528,9233.2659,12570.4625,13150.4130,6472.7599,6998.6687,9273.9004,8862.1644,12031.4913,5098.9619,13091.2114,10783.0151,12895.0836,8750.6273,7866.3461,0.0000,9754.3154,6043.3481,12433.2576,8804.4236,11095.8881,10804.5018,10461.1645,7705.3313,5389.6113,13686.5381,10561.7917,367017.7406,374952.9986,367986.8132,372320.7158,366817.0146,365425.2533,368615.3245,370623.5046,362460055.1406,362457421.7688,362466272.3285,362466935.4808,12923.9667,11140.0069,10191.3450,6243.6687,10751.5344,11816.3581,12399.4140,8526.4716,6064.0761,12392.5571,8393.8634,4451.5743,10083.7519,12334.5199,6658.4632,12187.1236,4224.5474,7816.7243,10396.8643,12225.5858,5409.3683,10302.6274,0.0000,3951.9835,3843.5927,10520.8255,2486.1630,13697.6514,11798.4370,11660.5612,3189.6449,4530.5657,10079.5216,3122.2685,362278.4080,369819.6285,363229.1554,367566.0795,362055.2515,360589.4081,363626.3088,365791.7588,362459895.2515,362457262.3619,362466112.5904,362466775.8423,10322.7612,12038.9403,10618.4630,11778.4715,10651.9670,9420.3248,13182.7998,11833.5821,5021.7789,7693.6907,13160.6381,11005.8135,8683.9080,11867.4787,5843.0230,13621.3433,7907.0672,8480.7085,4286.7729,11970.7512,10855.9764,0.0000,11873.4184,13544.0735,6943.2622,12505.2881,4843.3119,7676.4775,8291.6885,13050.3999,13483.6491,5474.0798,11521.6869,369146.4050,376259.5531,370076.0200,374379.7156,368635.7828,367419.0911,370556.6240,372536.6328,362451487.2788,362448854.4309,362457705.2138,362458368.2011,3933.5206,8896.9370,3993.4363,3334.6698,2574.8194,7952.9381,13100.0171,12227.0758,13334.9924,7950.3123,1860.4543,10730.8238,12964.9370,12183.1249,8453.7430,11860.2868,5594.6942,12180.5928,7951.6558,11536.6568,0.0000,12870.6460,11034.6014,13255.0556,10042.6014,7326.8603,12082.8738,12138.9386,11953.3645,10703.3066,12742.8026,11592.2779,365482.4318,373262.6376,366442.8460,370755.9167,365112.1517,363889.3873,367181.3141,369035.1026,362460307.0698,362457673.8794,362466524.7664,362467187.7445,10313.6312,836.3630,2609.2433,4340.2856,4405.6567,11420.9770,12348.5616,13701.3213,7358.4038,4435.2427,9393.8108,11098.2926,11988.9751,6886.4523,13081.0233,8776.1383,12576.0724,8732.9547,9318.7471,0.0000,11727.0309,8828.0171,12976.4287,9871.3562,8952.1024,11180.8188,11007.9704,10184.1926,8289.6517,13632.5561,11630.3698,367008.6825,374924.4698,367976.1935,372300.0860,366732.3000,365428.7669,368686.4733,370602.1744,362460138.9923,362457505.6371,362466356.3949,362467019.4524,10823.6421,11123.9982,10641.6795,11263.7204,10675.3694,12603.9333,8759.4460,5318.2433,7578.3561,13820.3165,11203.9321,12834.0697,7009.4500,5549.5432,5385.4940,12062.4384,2580.4304,13348.3744,0.0000,8636.8064,9229.6867,11774.7711,4028.0969,11699.0146,13336.4922,13492.9219,8902.8267,9596.3169,9173.0863,4622.1390,360022.8459,367441.6288,360966.6109,365286.1233,359655.9638,358334.9388,361462.1106,363492.9664,362460921.9552,362458289.2487,362467139.7452,362467802.8504,1941.5296,3891.2580,4619.9422,11606.5604,12028.8428,13810.9363,8092.7325,4820.4543,8914.3915,11237.5980,11657.4115,7601.1637,13328.2338,9004.6621,12295.5466,9371.8323,9080.1165,0.0000,12060.1672,9283.6432,12834.3291,10488.6225,8456.6995,10833.9307,10667.2782,10599.3373,8717.1325,13633.8704,12118.8032,367760.0094,375666.7205,368727.1062,373049.8863,367474.5023,366180.2211,369443.1729,371350.8206,362459514.9351,362456881.5554,362465732.3428,362466395.3893,2145.7683,6217.0485,12378.9328,11338.3909,13758.2309,9269.3670,4808.8056,8526.4159,12011.9791,11061.7471,9038.8489,13239.0893,8429.3500,11575.4366,10044.8449,9448.8905,0.0000,12861.2424,10623.1146,12587.7285,11396.0342,6875.4910,10483.2456,10418.1028,11733.1707,10091.9937,13231.8634,12772.9644,368465.1474,376305.4940,369428.9135,373746.2904,368132.7431,366879.7275,370160.5328,372036.4853,362458497.1826,362455863.8235,362464714.6992,362465377.7020,8046.0258,13183.2100,10993.1530,13444.0892,9823.5646,4397.7030,9096.2429,12908.2927,10902.8113,9989.6985,12587.7347,7060.3549,11082.6562,9966.0069,10534.1316,0.0000,13432.0391,11779.9254,12522.4167,11664.3589,5529.4698,10753.0237,10827.7899,12655.7088,11346.5975,12590.0062,12846.7099,367987.9404,375735.4487,368946.9932,373258.2977,367601.3211,366391.4668,369685.6139,371532.6041,362458146.3647,362455513.0950,362464364.0397,362465026.9999,8425.0154,11863.0569,12789.6662,7358.7306,8068.2547,8265.0960,7941.6089,11238.6923,5830.8124,13172.4452,11540.8400,12277.3714,9597.2232,6591.8414,0.0000,9328.4390,5724.3720,11670.5874,9303.3676,11012.1363,9826.8612,9422.8711,7328.3591,4979.2436,13373.9298,10752.6880,368178.9672,376080.6705,369146.7245,373482.1306,367985.2431,366576.8157,369745.0178,371778.4492,362458819.0781,362456185.6822,362465036.2106,362465699.3803,8998.0380,6969.2124,9366.6567,12870.0980,8668.1589,940.4640,8469.8901,8307.6982,9260.5540,13290.9025,9199.3087,10447.7815,6001.3185,0.0000,2787.5028,4660.5647,6588.4790,8143.9933,12843.6064,7530.9039,7233.6497,3428.0612,4853.0291,8739.4218,7167.9499,367895.9928,375314.0966,368841.8097,373180.9654,367678.1984,366177.2866,369154.6937,371384.5624,362454392.9682,362451759.9393,362460610.1268,362461273.4139,6910.7378,13728.5107,12977.4606,5376.0030,8799.0317,1012.6809,13484.1485,9361.9511,11892.7547,1040.9243,13456.4477,7265.0400,0.0000,10078.8360,11919.6728,3201.0332,12954.6411,6971.0124,3230.6109,3921.2345,11307.5009,11776.3476,5682.9968,11717.4153,372130.9691,379280.8191,373063.4042,377379.1291,371709.6565,370393.1640,373457.2271,375540.1449,362449184.4156,362446551.4176,362455402.0197,362456065.1090,11120.4223,13108.9352,10440.8441,7537.3743,7241.8413,11334.2095,4014.3278,10893.8393,6281.5565,10231.3617,10094.8408,0.0000,6078.4290,9849.1987,4656.4811,8857.0077,11124.1367,8269.3004,8584.0532,8408.4239,10193.2470,2495.2253,6505.2949,366203.5563,373244.6420,367130.7590,371452.3322,365816.8801,364428.2192,367408.3442,369589.3880,362452632.7826,362450000.1021,362458850.4303,362459513.6114,6517.8906,12887.4703,9649.1389,13563.0664,2017.5023,9476.7886,8092.2365,13574.6763,2941.3159,11508.8413,0.0000,7943.8006,5817.2392,12803.7558,3255.5957,12684.4893,13179.5995,13065.6995,6541.1737,6005.4263,12033.0659,5948.0471,361305.1931,369045.3996,362264.6018,366596.0023,361061.6994,359670.5956,362816.3880,364860.6285,362462610.9284,362459977.9355,362468828.3711,362469491.5379,11771.7219,12843.7204,12954.9576,7314.6973,11257.5510,4957.7353,12849.9047,6393.5153,12141.2514,0.0000,12290.5942,10406.8217,13615.5041,8732.5871,8684.1971,12878.0575,12919.4351,11307.3389,10173.6103,12752.4022,10532.1975,363769.3763,371555.0189,364730.0153,369045.2466,363414.7593,362173.2855,365451.6390,367324.2376,362461595.4313,362458962.3073,362467813.1283,362468476.1296,8002.8547,4523.0511,12032.9207,12491.8635,12834.2463,6263.6522,13662.2580,3574.8366,0.0000,10580.1789,10354.2234,6698.3808,13229.4598,7255.0443,2854.6997,2601.9393,10548.1504,9870.8827,10010.2092,12968.7748,373721.0251,381211.5178,374669.8026,378993.9415,373395.3304,372047.3333,375166.4036,377217.2023,362450958.3123,362448324.9937,362457175.6323,362457838.7415,8183.8947,8468.7639,9896.9972,13514.8644,9102.0764,10871.2064,5158.2467,0.0000,3668.6948,4747.3188,6583.2416,8709.6233,12601.4645,7029.9776,6665.6271,3857.5127,4785.6972,9132.0778,7921.9988,368672.8475,376124.2196,369620.2903,373959.7369,368460.4427,366961.5739,369948.4165,372169.7636,362454098.4732,362451465.3881,362460315.5985,362460978.8814,13174.3514,9827.6007,12244.1155,1999.2123,13509.8009,6334.3613,0.0000,9792.4974,11418.3955,3141.8920,12900.5351,7217.3434,2224.5473,2917.2341,10876.2256,11232.0571,6313.3072,11761.3293,372521.0452,379719.5676,373455.9271,377774.2255,372123.0829,370790.1837,373852.3412,375943.7523,362449271.1475,362446638.0969,362455488.6786,362456151.7835,10386.3725,9523.1304,13473.8777,4852.3502,10248.2122,0.0000,7323.9751,4216.7823,12456.1890,4214.5665,12899.1324,12476.2112,12262.2275,5379.3714,4283.1195,12409.7553,6581.9644,362674.9335,370468.9997,363637.2248,367972.8952,362469.9978,361045.7473,364176.7694,366246.9544,362461968.7992,362459335.7101,362468186.1019,362468849.3003,8107.9795,8582.2382,7663.7924,12365.1354,0.0000,7474.7888,10421.9396,8044.0251,7114.4567,11095.5482,10939.4489,11270.2274,9260.6914,10836.4852,4316.5632,5064.3748,362884.0416,369974.3818,363812.8298,368129.3534,362463.8574,361127.2716,364162.6631,366276.0880,362455787.5511,362453154.9680,362462005.3845,362462668.5130,11382.0450,6098.8940,13654.6327,0.0000,12141.0009,12063.7191,12476.9097,8567.6147,8173.4353,12985.9641,13259.8834,12201.9504,12093.0033,10070.1082,9324.3423,362352.6529,369820.9040,363298.0323,367604.6537,361899.8165,360698.4736,363934.6137,365825.6418,362459946.1600,362457313.3262,362466164.1382,362466827.1103,13089.8721,8028.8651,0.0000,10001.5167,12080.5205,3199.9000,12649.2246,6940.9431,4166.1914,4838.2233,11380.3272,11993.7917,4803.5796,11300.6840,371367.1208,378475.8021,372297.4702,376611.4583,370929.4395,369622.4991,372684.7128,374765.0199,362449437.7813,362446804.8451,362455655.4483,362456318.5300,12837.1734,0.0000,8608.6577,7925.9456,12650.6018,3110.1546,12145.6338,13610.1603,13646.6968,8080.7632,8219.6384,10853.9387,5200.9893,360104.2779,367697.9347,361056.3908,365380.7865,359792.0395,358447.9029,361597.7094,363619.2936,362462343.3528,362459710.5161,362468561.0053,362469224.1289,0.0000,8339.0105,7656.2740,6948.1782,11739.9499,9991.7521,4269.0911,3627.3090,7902.2888,7149.6960,10530.7713,11560.7773,372451.6305,380017.3574,373404.3555,377738.1875,372206.8274,370777.8699,373848.6344,375972.4933,362452403.7825,362449770.4583,362458620.9097,362459284.1072,0.0000,0.0000,0.0000,0.0000,0.0000,0.0000,0.0000,0.0000,0.0000,0.0000,0.0000,0.0000,0.0000,0.0000,0.0000,0.0000,0.0000,0.0000,0.0000,0.0000,0.0000,0.0000,0.0000,4516.0108,7572.5589,5968.5648,13344.5407,9358.7376,9210.3678,2680.1666,5078.6846,8174.0375,4594.4456,365214.0670,372590.3455,366157.5849,370495.1209,364979.7255,363487.4981,366462.7038,368690.4442,362456107.0053,362453474.1164,362462324.2797,362462987.5620,10257.0666,5831.9367,13403.6703,10355.1614,10009.7869,1907.2019,806.4849,11396.9052,6624.4722,365319.4818,373004.6607,366277.4424,370619.1669,365148.9807,363656.1263,366704.2792,368871.7234,362458799.0377,362456165.9180,362465016.1596,362465679.4318,11464.9289,9438.1024,4032.3991,4415.8030,9246.1741,10275.8792,4563.1592,9806.8710,370667.1009,377786.6837,371598.4480,375921.0596,370294.4169,368909.9592,371911.3472,374073.9192,362449861.1549,362447228.2372,362456078.6535,362456741.8206,13241.7545,12808.8963,12769.5105,5536.8808,6360.7568,10148.0903,2834.6495,360750.5312,368289.0448,361700.6566,366032.2372,360485.9876,359069.5713,362146.8325,364258.4127,362461163.9247,362458531.1001,362467381.4205,362468044.6218,7981.4772,8377.4528,13589.8128,13087.9727,9484.1066,13243.2288,370494.2431,377900.6937,371437.4994,375742.1658,370020.9083,368832.6611,372062.9823,373954.6079,362453180.7473,362450547.6276,362459398.5713,362460061.5147,701.2826,10024.1818,10061.4458,7889.8492,11946.0829,373155.6193,380472.9522,374096.3818,378420.1837,372809.7128,371442.8058,374505.2762,376610.6664,362449757.7706,362447124.6045,362455975.1461,362456638.2831,9740.8962,9686.2532,8370.2503,11985.4065,373267.0864,380619.6371,374209.5977,378535.2717,372938.6243,371559.1532,374619.6795,376731.8852,362449957.2472,362447324.0499,362456174.5727,362456837.7222,2569.8872,10212.5264,5510.8479,365110.4453,372671.5502,366062.6546,370403.7137,364921.7226,363419.9016,366431.2360,368632.9192,362457818.3092,362455185.2889,362464035.4758,362464698.7622,11623.3839,7249.3514,365896.5209,373613.2532,366855.9725,371197.4677,365727.6605,364240.9841,367301.5793,369456.2421,362458659.3313,362456026.1648,362464876.4359,362465539.6997,8120.3569,367033.9771,374032.1640,367958.8324,372273.3605,366591.0489,365261.2009,368279.1420,370404.6754,362451769.2190,362449136.5381,362457987.0015,362458650.1193,361433.0171,368785.1072,362374.5700,366704.7660,361139.3795,359712.1535,362735.9772,364896.3555,362458963.8568,362456331.1396,362465181.3975,362465844.6157,26522.1962,1518.8137,5628.7527,9579.3021,5493.7453,13744.3705,7240.6809,362745605.6903,362742986.9922,362751832.6055,362752496.3836,25145.4107,24088.0108,22166.6802,22425.0567,18924.1632,19635.2321,362735143.9723,362732526.8310,362741372.0802,362742035.8493,4465.3197,8923.0102,4925.3298,12894.2894,5754.9694,362745632.9895,362743014.3884,362751859.9801,362752523.7572,9590.7062,8201.6061,13955.1201,5019.0073,362748825.1955,362746206.7876,362755052.3749,362755716.1317,9289.4785,17248.0811,7706.5600,362742093.8562,362739475.4491,362748321.4301,362748985.0024,9590.7062,5889.5640,362741122.8238,362738504.3073,362747349.7927,362748013.6098,10954.1909,362739729.7257,362737111.5798,362745956.5380,362746620.5593,362744514.4427,362741896.1990,362750741.7433,362751405.5013,23322.7414,27835.5393,21743.3151,23458.8075,15738.2745,9819.9017,
4800.000,5762.3539,13408.7550,11764.1748,12880.6104,8719.2848,5453.3858,9642.4722,4831.2798,6176.0639,8633.6281,10827.2937,11095.8947,12519.5376,13034.4573,9875.1222,8456.1322,13000.5693,10601.8466,9421.2952,13115.6774,10038.8077,5153.6034,9835.5147,10425.2948,8806.5969,12251.8586,7794.6328,9460.4417,12137.9428,6915.7011,11143.3300,4795.2860,9312.8961,12825.0108,4672.2610,9679.6543,6173.6031,13708.8144,6477.1469,11889.8642,13129.4192,10643.0534,12404.4492,9636.9499,7671.2218,9336.6177,11374.5105,10485.1150,5702.4778,7187.0131,11150.1262,12971.7162,13498.6718,4391.8337,11020.4759,8682.5697,13301.2193,11019.5927,11481.1886,10964.7324,12646.1960,7022.9892,6772.9782,11057.6266,6611.4612,10468.7404,13619.8481,13532.3586,10953.4473,12620.0401,13745.3758,13548.9726,12187.8953,5991.4096,7976.3416,4992.1111,10141.3430,13344.0008,10070.8349,6856.7840,7827.7399,9677.6209,5215.1442,13324.9492,7901.0643,10136.5431,8691.3006,0.0000,3011.7509,7550.5870,5046.6358,10136.3067,11601.7992,8048.0167,6807.1660,5344.5653,7936.2922,6587.9395,5867.6422,368672.4435,375833.0120,369899.8194,374049.3379,368441.0393,367141.0070,369791.9972,372459.8371,362451749.3968,362448685.8438,362457186.6310,362457910.8143,13458.9010,9858.3399,13710.7071,10361.0874,2887.3753,5156.2157,5599.6646,8818.3830,10345.4640,6921.6295,10190.5333,10316.6656,11008.2666,12775.3775,5150.3613,12286.6834,6559.6720,10757.3525,10338.5114,12903.2939,5304.5162,6250.9353,12286.7300,3620.7939,13597.8253,5179.1120,7579.5999,9287.0986,8444.9217,11559.0471,7851.2321,12607.6788,11198.1267,9617.0993,5478.1793,10612.9728,11896.6266,10263.2187,7866.9761,10475.7157,12024.7008,13772.0379,11282.7906,11615.6941,8732.3495,11058.3400,8445.7935,2968.6847,8384.3565,13400.8996,13571.1281,12802.5707,2754.9808,9339.4346,11645.5203,13295.4099,8834.2689,8830.4529,11988.3542,13495.1736,11141.1399,11001.5720,9812.5653,10042.6781,9737.2730,12775.1930,12080.9026,13342.5320,10261.2301,11842.5766,11129.8637,10426.5774,8061.9828,5802.6244,8797.3378,12047.4183,13512.2275,5204.9777,6412.9987,4539.3935,11109.5982,9788.9236,13101.8722,6538.0202,12835.4616,4903.9125,0.0000,7615.8931,9572.6102,3765.2145,12879.2409,8398.1790,3273.4104,1457.4761,8408.9017,9464.8572,8741.3188,10292.2860,372808.2106,380203.7057,374043.1729,378196.3029,372595.3371,371328.3018,374063.5647,376653.8712,362450769.0531,362447705.1554,362456206.1289,362456930.2562,9223.7152,2013.6559,9243.1206,13645.9568,11940.8249,12687.0216,12026.7249,8925.1266,10801.9654,9271.5175,7038.1764,7117.1188,7401.3742,11836.9995,3794.1180,10581.9075,9973.8044,6795.9301,6590.0696,13381.0197,10998.0198,6722.0770,12363.3719,3238.2993,12807.7642,10370.2932,8991.3089,11015.3695,6518.1390,11984.1234,7656.6440,7315.7348,11604.1613,11819.5218,10482.1587,4926.3547,10427.9786,9464.7711,7314.5495,8080.9644,3274.4768,8115.3876,9169.6632,9726.9685,8595.0234,9499.0846,13580.1206,10937.9407,5143.1213,1476.7747,4136.8892,13785.4745,8669.3574,9492.2151,1311.9202,9041.6648,9904.3608,8103.8877,4150.6884,10234.6706,10377.9403,8421.2344,10443.8554,10094.5209,2159.4223,3799.6765,5965.3894,7005.2972,4562.6815,5748.1996,7072.9477,11529.0369,12617.6338,12191.0186,7161.2194,437.4524,11648.6937,11897.4690,12759.4216,8150.0309,11514.3168,3837.8458,12346.3385,6667.6028,11856.4746,0.0000,12413.1645,10249.9792,13509.3722,6624.9008,9814.8421,12774.0367,13185.2303,11584.5169,9970.4194,11916.7198,10729.9024,362087.0281,369817.2123,363330.4992,367478.1180,361810.5062,360692.8350,363640.0683,365998.6124,362462496.9781,362459433.2677,362467934.5368,362468658.5042,9391.3156,13758.7789,8627.1558,5978.4003,12994.7053,8444.0651,13491.2040,4436.7546,2027.7568,10494.2052,2996.5980,10085.7907,11540.4954,10585.4878,9855.6947,6066.5757,8416.0134,11299.5738,8223.1552,10969.6489,13056.5022,9258.5002,10985.7563,6042.1983,12346.7616,2407.6338,13742.3772,12683.6523,13588.2148,12223.8296,2403.7832,11925.6249,5448.4380,12850.1979,5838.1820,13565.2547,7211.3169,4180.0789,6393.7738,9768.7334,13548.4059,12392.3599,12994.8229,3122.2791,12015.7306,8407.3052,13696.5050,11011.1489,10141.0784,5745.1735,9464.8043,12068.2486,8950.9442,9995.1636,11712.0560,1619.6020,5751.6040,7656.9238,10974.2440,11135.0979,12421.4280,13710.7888,2780.0868,8783.0667,8948.9509,10032.5228,10132.3098,7364.0914,7293.8577,11207.5891,13722.3736,5629.6931,9843.5311,13230.7391,9100.8102,7051.6187,13106.5753,6270.2278,13507.0906,11083.7848,6286.0651,5415.4067,12466.9271,11097.5058,0.0000,12961.8336,13863.2910,8487.4196,12316.9481,2846.3410,7342.7645,10058.5776,13683.8218,13695.5206,7835.0344,13098.3672,369815.5775,377231.7159,371048.9568,375182.8786,369417.2625,368376.2562,371312.4744,373644.5047,362453979.9099,362450916.1134,362459417.5939,362460141.4683,9277.0268,13590.4871,12519.6607,12756.2601,11012.9097,8913.6170,11474.5611,8998.2636,8614.2679,7776.6424,5630.1632,12629.3121,5390.2036,11749.4868,8917.8463,8457.3452,4986.1900,12958.3516,12038.7998,6454.4507,13131.3808,2329.4936,12797.8115,11261.1789,9649.1819,11068.6568,7143.5925,11685.5741,6264.2890,7668.9759,10465.9906,12336.3942,9389.9341,6208.5991,9704.9706,10725.1179,8359.1347,6832.8518,1300.0461,8112.6841,7877.6506,10426.3976,8098.6924,10591.3443,13544.1718,11076.8067,3500.8319,1662.2305,4528.4424,13657.1421,9827.2652,7974.0479,2884.6962,10255.0879,10282.3661,6998.4678,2832.3716,8777.1504,8952.2723,9512.0331,9876.5416,9715.5969,4097.9148,5677.7185,4085.5134,8615.0813,6250.6253,7394.5361,8524.5475,11442.8972,12531.4459,11109.9913,6924.9022,1633.2822,12467.1932,12272.4061,12877.3549,8251.0454,10281.9802,3774.6878,12099.8530,5567.6317,12693.5606,0.0000,11829.5815,10168.1078,13303.9360,5433.0851,10441.5606,13174.3184,13641.0615,11260.1035,10040.2745,10960.9149,9754.1992,361152.7950,368762.5168,362392.3817,366536.8760,360849.7215,359735.6339,362657.3388,365033.3327,362462124.4200,362459060.8356,362467562.0724,362468286.0432,11714.2774,12634.2581,5933.4070,11841.2118,401.3413,12968.7641,13609.2605,7904.1654,13035.3786,9420.4492,7741.0749,7372.5029,9347.9197,12819.3883,10033.0016,7489.7010,12104.3950,8228.2069,3465.9119,10541.2675,7459.3587,13054.0028,5698.3611,13276.8214,2680.5350,3640.4501,4489.3823,6526.0179,13283.5525,8217.6440,12824.8777,6158.1643,11718.9397,4046.2163,11249.4460,12618.6971,12257.4739,9121.8357,1508.8194,6468.1529,3754.3450,13426.8663,6075.0693,11833.8475,2698.6287,7741.5191,8318.3843,11915.4367,11102.4857,5764.1872,11033.1585,8368.6161,6521.0431,13675.0099,12633.9813,11024.4982,9180.2655,9005.6890,5134.4707,3323.8342,13730.9357,9440.3090,9257.9602,9272.9127,8311.4576,10713.2087,10819.7127,6876.1466,3462.3754,13220.6843,10773.3646,2958.3173,9379.2192,11946.2344,5103.0134,12773.0061,1385.1187,9326.9077,11680.8344,13223.6924,5580.4064,8340.8693,0.0000,6290.5765,1460.8252,11729.9759,5885.7245,13295.7243,12062.5240,10086.6813,3891.9506,1189.0030,12150.6268,5681.9907,363290.1329,370928.4336,364532.6125,368696.6143,363180.7302,361842.3396,364576.1994,367198.9502,362460112.6362,362457048.9495,362465549.6953,362466273.9113,5083.6566,7417.8676,6675.4870,11614.2682,6650.4449,8576.3553,11884.1736,10463.6243,11893.2724,7759.0442,13270.7036,8624.9005,8787.2064,11448.1589,12572.9472,2644.5033,8632.0714,13094.7389,5718.0521,13776.1495,3040.9261,9875.9483,8722.8386,10049.9260,12867.0043,8950.8613,12446.7842,10364.0226,8847.2641,5084.0192,10466.6573,11951.1649,10763.9518,8947.4363,10389.7739,10482.3074,13510.8596,12453.6452,11358.1370,10757.3921,9479.4660,10597.6072,284.9921,10089.5128,13199.0836,13801.6683,12351.0638,1171.6379,11323.1888,10123.5962,13748.3820,10892.8701,7805.8016,10419.2939,12801.9422,10060.1286,9964.4942,11725.5881,10771.0618,7872.9514,13241.9770,12854.2975,12682.3736,11770.7155,12330.6989,11787.9404,12075.3047,9518.1525,3555.6163,7036.9684,12925.3016,13610.6787,6067.9222,8617.3766,2836.0934,12367.3000,8604.5094,12564.1357,4140.6072,13020.4921,7490.8810,0.0000,7979.6520,10923.1824,1049.3080,12985.2394,7825.6999,3289.0173,4195.3945,9478.4993,10953.1359,6501.4354,10320.5260,372725.9608,379964.6732,373955.5424,378100.8872,372443.7265,371223.7058,373962.0228,376527.8417,362449527.9446,362446464.1670,362454965.2146,362455689.2947,9770.2776,9538.9669,12519.4696,2007.2190,7130.9351,9400.3317,7140.2177,12907.5287,7345.4707,11365.5651,6072.3289,9602.7110,8016.9228,13440.2383,6634.1086,7079.7918,13465.2309,3987.4576,13237.9427,3742.8019,9306.7248,4871.4547,11611.3854,12368.4187,11552.1560,13740.5205,7482.8266,12061.4547,628.5924,13023.7636,8695.4955,13014.0167,4795.2213,6505.8755,10634.0977,12914.5311,13040.8982,13348.8868,10686.7772,8330.8128,9398.6365,4841.7388,11472.4451,13452.3136,12597.0364,10003.5750,6039.3848,10007.1393,11743.7814,12092.1557,9325.0675,4508.1785,10277.3855,11815.7965,12484.3960,12483.1933,10624.9852,12882.2053,6997.9452,10884.9669,10169.4699,13100.7433,9095.3224,9122.3026,8273.2092,10063.2174,11539.1611,4183.8416,10391.2458,13415.8739,11988.7106,1851.5340,9836.9371,2983.5384,12858.1585,11732.4932,10623.4317,5113.2703,13810.9861,6718.1135,0.0000,11312.3277,12370.5457,5701.2294,13790.4722,3774.5203,2052.3551,5002.9122,11895.5906,12100.2536,9104.1937,12936.5423,373468.2036,380965.7895,374705.5154,378851.6754,373180.5031,372026.7155,374884.3888,377329.7009,362451541.4476,362448477.4430,362456978.7225,362457702.7134,10112.0730,6047.6791,10967.7018,12958.5487,9691.7652,13337.4856,11606.4680,4889.3680,10944.6809,7843.1426,12369.7957,11097.0575,10785.9317,8536.6550,6498.3414,8809.8634,7126.5946,11700.3251,9768.5956,5400.8208,12491.2134,3395.0315,8475.5720,2919.4215,9908.1937,13544.3242,7703.7676,10067.9443,7463.4673,13144.0191,6118.3055,10308.2752,12813.3465,12946.7560,12607.7135,7263.2711,8799.9692,5336.4446,13302.3809,6705.0660,7609.8545,3435.8222,11464.6969,12229.5406,13725.6530,6561.4579,7401.1712,11575.2837,12135.5205,7429.2840,12412.3447,13199.0837,13460.6697,9810.8559,9565.3760,7447.6786,5614.1286,12681.3949,12411.4162,11854.9196,12102.8434,9917.3373,12534.4382,12134.2040,9141.9684,2833.7451,10164.1840,9110.9644,8395.6302,12778.4282,9278.0760,2217.7871,9360.6767,7108.2097,8699.1583,13730.8025,10462.2529,9882.0018,5449.6228,0.0000,4104.7287,4761.8789,7668.0501,10041.4695,11993.7582,8393.4663,5585.9843,3494.2123,4801.4351,10387.8976,6843.2016,368607.8282,376070.6674,369845.2637,374006.9009,368482.4107,367124.9413,369798.8030,372476.5021,362454392.9505,362451329.1768,362459829.8988,362460554.1347,11568.7913,9846.3208,6924.4572,13823.5220,10402.2268,7110.4333,12096.4312,13318.1390,12748.8259,3906.6696,13357.3380,8783.0823,4249.4942,12753.5250,11758.7339,11082.5161,11359.7009,6519.1788,12923.3219,9974.9431,11215.5252,12946.1750,9586.0774,8934.7661,9671.3654,5279.1191,9185.6102,7568.2277,11919.9891,9254.8712,12299.1990,11341.7646,5833.1252,10391.8154,12026.7988,7838.8679,12806.2950,6879.1760,13389.6366,6717.2061,11455.9030,9778.4138,11874.3939,10709.7456,6572.0792,13605.6955,4300.6545,12532.7614,13585.8136,8890.0006,6113.2525,9479.4713,4978.5176,5027.6742,13651.3482,9770.5603,6083.6026,12683.0389,13174.0137,8435.8794,13757.4796,12758.6882,12907.5536,13824.4658,10586.8050,6097.1085,1859.9759,11752.4515,11790.2742,10754.2189,11516.5742,7189.3479,12172.9687,3994.3543,10367.3857,5192.4257,10240.3014,12054.7266,0.0000,7718.1421,11247.1615,5690.4600,10039.2491,9737.7210,8827.6164,9937.8309,9783.4302,11574.2871,721.6861,7915.2508,367549.9691,374559.5755,368771.2527,372904.8884,367169.3791,366012.9133,368752.1682,371285.8711,362451677.3619,362448613.9622,362457115.0406,362457839.0694,12813.1446,13310.1944,7853.6764,12769.1074,9027.6440,7850.8664,7179.4742,9370.8062,12484.6296,9913.1804,7093.5313,11935.1882,8306.3266,3139.8844,10544.6960,7097.4162,12889.0124,5848.0772,13054.6471,2882.8441,3513.8602,4532.0341,6147.7584,12995.7132,7973.8974,12692.3701,5895.4026,11464.3324,3857.3262,11160.3117,12395.6344,11889.3531,8738.5666,1271.0890,6132.1291,3941.7507,13101.6969,6179.9429,11729.9979,2926.6901,7345.0553,7984.3523,11592.5119,11017.9335,5839.5299,10673.6102,8077.0524,6593.2592,13444.8280,12271.5254,10645.4319,8851.5329,8684.4574,5212.3713,3183.4167,13438.8362,9180.1873,9054.7403,8871.7061,8249.3828,10494.6578,10636.6384,6847.2525,3597.1409,13036.2296,10516.3789,2637.7746,9050.4322,11871.7011,5290.3508,12629.0563,1218.4617,9054.1395,11337.8707,13012.9123,5199.0085,8428.4328,0.0000,6219.3561,1610.9357,11603.6472,5500.9724,13094.6872,11976.4414,10101.3738,3921.7798,1435.2038,11875.8892,5452.0088,363164.5115,370790.7810,364406.5426,368569.5696,363045.4086,361715.7666,364454.3721,367069.4825,362460120.3595,362457056.6865,362465557.4486,362466281.6555,5967.1530,8924.4673,5311.9980,12438.8100,8386.7802,10573.3129,6493.7026,9094.2281,7051.0999,13046.2097,7676.9573,7765.7531,13309.7733,5391.2980,12482.6525,4691.5497,9885.1840,2946.6669,12344.2885,12186.2464,12455.7663,13560.2608,5741.3263,12573.1356,1748.8051,13392.5751,7068.3903,13481.8006,4144.0281,4683.1700,9810.2954,11986.8571,13149.4852,13436.0397,11139.7040,7157.2575,9700.4539,6404.1839,12196.4636,12855.9936,11636.6213,8454.6560,7595.5364,10108.6559,11452.3192,11083.9258,9468.0771,2884.4977,9356.4671,10645.3706,12569.4751,12617.5487,10697.9222,13387.7233,6114.8116,9684.1276,9056.9875,12442.0569,8548.8725,7724.2351,6931.6428,9728.4091,12374.5967,4855.0441,10867.9336,13338.5122,10841.5136,2802.7748,10844.5777,4222.8572,12980.7874,12129.6966,9177.2715,5515.9172,13549.6921,7773.5512,0.0000,12247.4211,12909.0319,7066.6096,13506.6561,1849.7347,3969.7221,6713.0412,12700.2415,12605.4171,9344.1032,13389.8683,372608.7948,380150.0535,373847.0627,377990.7763,372296.6517,371181.9724,374084.0782,376477.3181,362452735.4086,362449671.4055,362458172.7782,362458896.7242,11478.1638,4343.0988,8719.8560,12268.6552,11088.3832,11032.1752,4129.5133,9707.9069,10270.6234,7564.3150,11928.3996,12729.9952,10243.5322,10563.9299,6133.6406,12979.4990,4331.2498,13637.7529,12834.3262,13194.6261,11228.1144,3361.2188,10713.4552,6576.1747,11829.5071,6867.3606,12859.6036,8768.5045,5804.0042,4656.8098,9118.4641,13364.4156,11309.8618,13378.3759,1402.7018,12767.0251,8391.7110,13660.5875,10164.0057,9988.1348,5926.7726,9290.4886,12783.5974,7234.1551,10144.5586,12542.8728,3375.7040,4007.3563,6885.2544,9513.5788,9703.7317,13034.1902,13124.2277,1146.0234,9294.9958,9751.2416,8878.5280,11179.0616,8402.2750,8556.0358,12030.9475,13510.2441,5563.4922,8427.0103,12915.3524,9066.5830,8357.9834,13329.7599,6601.0317,13387.4931,9706.5022,6125.9843,4966.4686,11727.6458,11914.9403,0.0000,12291.6913,13641.2349,8195.0228,11532.9469,4659.7548,8067.5625,10628.5721,13270.4072,13584.4621,6305.8141,12165.4202,368723.7817,376027.3524,369953.4967,374084.5407,368303.0612,367262.6268,370172.5494,372523.7912,362453794.1562,362450730.4880,362459231.9278,362459955.8093,8600.6394,12067.7840,6622.7316,3775.4588,4840.7172,13177.0782,2824.5453,10909.5425,13006.9411,5182.8617,8043.3475,7905.2713,8394.5241,11834.9677,5031.5111,8843.3323,8636.0507,5380.0835,10459.2164,11109.9988,9485.2810,13107.2765,9661.7098,12055.7223,6568.0167,10879.0849,5376.1173,7280.6762,12412.9702,9488.5713,7664.4578,11766.8111,5507.5902,11671.6040,3676.1611,11825.9664,8285.8259,10131.0174,7445.7597,8572.4675,12005.2358,3025.0956,13307.8108,6194.5726,2884.1745,10033.0432,12324.5733,10185.7293,13203.6088,13187.5013,3393.6491,10402.0060,12069.6705,5343.6670,3803.0960,11268.0507,520.1185,4907.5622,4364.6997,1203.7609,9429.4345,12049.6231,13807.0491,8074.9203,7400.6969,8087.0954,8011.4757,11293.9855,7331.7890,13479.4497,9066.0319,12391.2112,9924.6581,6592.0267,0.0000,11757.2176,8722.9006,12287.0973,10091.5879,9061.6032,10071.8186,9350.8279,10282.9556,8037.9997,13704.4474,11856.9545,366932.0585,374878.4001,368183.5378,372345.1108,366785.1269,365564.1344,368472.6181,370909.5027,362460502.3271,362457438.2599,362465939.4006,362466663.4641,10147.7588,11321.9299,8424.3500,9138.7133,7828.9694,6274.0678,10859.0394,10400.0839,10367.3919,11970.2188,9614.9169,9520.5709,8313.6985,11550.8196,2480.7248,13472.5615,11225.0991,13834.7429,11894.4986,1195.3083,12869.3412,6799.4316,13188.7364,2980.0223,13574.7763,6209.2182,1859.3631,7231.3198,8501.6490,12602.8889,12484.8793,12107.9201,4648.1676,10895.2569,10265.5682,13361.7460,10164.1186,8295.9326,3634.3961,11180.2026,10720.3011,9956.0728,7865.6507,10422.2821,3533.9649,6653.7776,6612.4833,11785.9417,11950.5617,11038.9987,13622.9399,5374.6830,6327.5739,6468.5342,9608.7076,8201.5243,4667.9601,4763.9741,9415.2167,13682.3776,8049.9170,11505.3812,12209.3093,7070.5444,7503.9730,12977.3524,8307.1131,12528.7055,12243.5058,4541.3406,7967.9602,11724.0620,10913.0841,0.0000,13649.0980,13442.8055,10456.9177,11611.8786,3621.3889,8727.2556,10862.0322,13808.1634,13153.0008,9902.2152,13412.1489,368375.2947,375971.0703,369614.2438,373752.3317,368011.4032,366970.0329,369949.3317,372248.8240,362456736.1985,362453672.3273,362462173.8300,362462897.7010,13374.6150,9705.9662,13599.5325,6086.8420,12119.6651,2514.2533,10384.0605,13528.3261,7344.8337,13717.6035,5599.8349,11582.0671,12629.1576,11263.7361,10502.3858,9454.2011,9871.6530,3591.4153,9531.3582,6123.5902,12634.8791,5799.5737,10068.7753,7401.6317,13090.5537,11162.8475,4630.6594,4475.4193,8718.5915,4239.4802,11638.1006,7709.6519,12595.6953,11921.7089,10733.5208,3364.3332,6682.0858,7989.9164,11696.9903,12195.4861,3206.4733,7953.2570,12605.3724,11078.7880,5330.4266,4913.4820,3667.8699,3927.4171,11869.3909,8012.5403,8814.3351,9062.2217,10247.4903,1680.8929,12120.3779,10545.8501,11338.7501,11790.8334,10349.8560,11207.1406,6808.9347,7606.6385,7067.3851,13412.5872,12110.7879,11949.6849,9021.9066,5605.7351,7091.7738,10454.1352,4816.7920,13528.6313,0.0000,9009.4829,9615.3600,11238.2482,4475.9359,11691.9828,12860.9879,13277.7100,9535.0616,9908.9830,7323.7292,6466.7729,361248.1867,368491.3871,362476.4299,366614.8100,360901.3390,359755.3602,362561.4681,365039.2974,362458669.3699,362455606.0496,362464107.1274,362464831.1489,9357.4427,3316.4045,13257.0918,7745.2548,12588.4841,9727.7454,1834.2736,10064.8597,3694.3017,12070.7681,9209.5277,2875.2065,10192.8336,6212.7710,8301.9531,7270.6145,12194.8920,11914.9955,11257.1387,7838.7640,10979.5329,10906.0847,9656.9040,6482.8035,10205.0074,13641.0422,12970.7209,8670.6782,11729.8003,4665.4890,12892.1935,3801.5447,7799.0005,5881.3853,12677.4545,11879.7220,12458.8343,7558.5738,4911.8358,13475.4732,11215.6640,4319.2246,10559.2465,13641.9621,13442.8458,12631.2305,12483.8480,5497.9209,9083.3489,12266.9807,10751.2218,9621.7738,13404.9471,6725.7670,10044.0676,9224.6292,6500.9520,6500.7086,9731.6558,11773.3874,9781.3122,12043.7489,6053.6169,3607.6555,8471.4680,8334.9450,11863.0917,12837.7561,10380.9104,11693.2552,763.8673,0.0000,8486.7923,7398.4767,8458.6513,11861.7197,9647.2773,6645.8693,3948.7541,7563.8832,6907.1426,12088.7898,10513.3950,370833.7826,378540.5993,372078.7676,376242.6729,370716.9349,369406.0266,372178.3802,374760.8153,362455051.3346,362451987.2860,362460488.2046,362461212.3728,8144.3352,12130.3802,4822.0785,8303.5216,13691.4076,8335.3833,5874.8531,10642.2435,5030.9271,12991.9637,7408.2550,9585.1110,9074.7252,3996.6471,10704.2855,8759.7074,9031.6732,12202.7232,11447.2571,10781.0056,5888.6295,9913.4549,7969.8417,7768.0681,10752.3603,6327.0903,6451.8556,9952.7172,6837.7420,10818.7197,6306.6039,13227.3282,8858.6847,7171.7655,3954.8076,6802.7418,13313.4086,5311.3897,11648.2351,2656.4492,5766.5584,10701.9527,10776.9391,7584.1006,11661.7496,11701.6805,5041.5280,9618.6427,11799.3890,2771.4590,2400.5348,8556.0349,3925.2835,4380.8765,4913.8992,3544.6803,9842.3762,13014.0893,13230.4275,6136.5235,4195.6708,10521.3400,9601.2261,12688.1236,6289.0884,12496.7342,6942.6272,13036.2057,7363.3881,9454.5990,0.0000,11776.0819,8528.7111,13388.3395,7499.6433,10140.6154,12046.9874,11665.8414,10321.3581,8006.7153,13258.4081,10762.1224,363498.4097,371383.6164,364747.4783,368904.8673,363312.3299,362122.7053,365044.5436,367456.1468,362462623.7824,362459559.9020,362468061.0577,362468785.0960,12973.2161,5064.7849,12984.2877,10508.1548,1711.4474,10761.6805,3410.6593,11695.5220,8985.1516,4312.1742,8023.0464,8601.3116,8585.1256,9820.2815,12976.8233,9960.7272,12840.4204,6563.6298,12593.2594,8597.8787,11531.1346,3469.2839,7694.0325,13118.7186,12377.8625,9826.6896,12918.2813,6152.6849,11737.0821,4041.7290,8554.4981,8253.3052,12709.1901,11016.4126,10687.4382,8854.7993,4807.4392,13778.6586,10069.5273,3894.9824,8768.4822,12956.5197,12459.9447,13608.3680,13538.3858,5614.5808,11041.7964,11274.9206,9051.6589,7677.8917,13343.4878,4709.1371,7706.8979,6641.7439,5323.9221,9041.1331,9439.3245,12851.2136,10626.4809,10828.0901,4372.6577,6536.9425,8205.6059,9483.1128,13158.6205,11296.9505,10138.6738,12319.7222,2785.3297,0.0000,10831.4758,9430.9980,9342.1218,12452.6343,7594.2415,6357.6036,5292.3503,9992.8031,8846.9410,12572.9264,12278.7621,371225.7027,379037.1305,372473.4880,376634.4181,371074.0563,369829.0064,372683.4148,375173.3563,362455911.6240,362452847.4790,362461348.5855,362462072.6729,12145.5865,8208.2265,6792.2137,13387.2242,11811.3669,11948.9388,9996.9381,7328.3599,13740.8004,8088.2737,12865.4241,12850.4812,11841.7192,9021.8969,6842.3179,7794.6696,9117.8248,9287.5021,9548.9788,10919.8896,11585.4272,9228.9422,2464.4662,8441.8827,12586.8232,8759.1811,13642.4230,3514.1921,13801.9711,8715.2851,13028.4594,8666.8173,10128.1998,7798.7950,9079.7345,13784.0943,3583.6911,10815.3786,13765.5167,7135.1741,2476.2696,6684.1889,6177.4680,6409.4679,13834.1068,11414.5330,3636.4602,10749.8084,11536.8509,6925.0999,13020.6150,10784.8170,11173.9278,13379.2099,12515.7024,6709.9566,5333.1348,11972.3622,9669.9960,10838.3837,13231.2932,8011.0825,12732.9480,6497.1528,7406.7111,5693.2794,10087.8313,13107.3903,0.0000,10429.0163,12655.6796,8009.0870,9826.4288,8260.4817,9726.7031,11556.7421,11875.3223,12836.2454,3473.2877,9777.3590,366450.4035,373557.1750,367673.9930,371803.0266,366020.3784,364945.0305,367778.0218,370202.9414,362453659.2446,362450595.8148,362459097.0940,362459821.0295,11486.0372,12470.6082,6175.0584,9762.4118,7669.7935,8992.2366,10706.6062,7070.2242,6529.8335,10599.8167,7567.2780,12015.7561,11998.1556,7311.8243,13718.5483,8182.8136,13102.7515,4413.7103,12365.2864,3632.4680,4732.5308,11429.1998,9467.2508,9729.3826,12682.9307,7858.3031,10023.7402,5920.3093,11326.3139,10300.1337,10622.8121,7689.6444,6960.9671,11834.0068,5586.6818,12972.1307,6422.5728,5190.6195,7923.3542,11175.5342,9390.5570,13487.1748,13525.9877,6048.6876,12027.1652,10425.9936,4794.1245,3238.5280,11309.7421,2316.1557,3006.7229,1924.5597,3966.8139,11223.3466,10850.5078,13721.2682,9879.7177,7103.3983,6882.8960,9757.7736,10206.7953,9462.8290,13787.4226,7717.6948,11199.1985,11050.9198,7454.5138,0.0000,12893.3616,10726.6579,11839.8067,11134.6720,6885.6371,9200.6659,9463.9193,11916.0091,10131.3867,13096.9100,13021.2971,368114.7248,376022.9786,369364.5530,373519.9836,367908.1370,366750.2328,369703.8634,372077.4145,362459445.6453,362456381.5555,362464882.8523,362465606.8431,11482.7891,12716.9592,5030.7421,13574.9786,3950.3104,12631.4586,11366.0711,12019.5701,9025.3922,7455.0689,8816.4697,1564.9944,10491.6281,6442.1256,13273.1159,5039.7113,10126.5905,5999.2902,12923.3044,11534.8184,6745.1218,3858.3447,6590.1635,3226.5646,10077.3456,9381.4673,11286.5204,12624.0668,9240.5548,1637.6357,5481.6302,8452.3443,12259.1399,10758.4014,5469.6941,6767.9829,11319.0431,12101.4330,7351.1236,5615.9306,4756.5306,4866.9165,10298.2047,6500.9950,10472.5593,8278.2723,9381.3351,2212.9791,11056.3869,10153.4812,10956.4116,10428.4381,9044.7694,12376.0737,8149.0993,5324.5079,6346.5371,13612.4745,10985.2742,12837.0438,6932.5061,6512.4246,7614.4796,11789.1176,2348.0980,12849.7753,0.0000,8491.2819,7909.2588,12060.1763,1995.2343,12450.9003,13348.0728,13204.0398,8333.8929,8176.6186,9054.3632,5576.8912,360333.2555,367701.0139,361565.7945,365710.9673,360046.3214,358856.7464,361655.3609,364159.3427,362460347.4413,362457284.0680,362465785.0619,362466509.1287,10543.4780,12986.9746,7997.9300,13256.0042,3362.9397,11402.5206,9027.2862,10739.9063,13319.2303,9272.4636,11449.3102,10007.4029,7450.6562,6407.2790,9515.7443,12109.5295,10383.0807,10402.4099,10784.2084,8781.1428,12678.6128,12670.3265,10276.8259,11907.6399,8255.4563,12050.4216,2685.8532,10874.0410,12272.1530,13451.4424,11884.9117,2795.3247,12597.0942,8134.7707,13668.9183,12313.0832,7864.5501,8788.9462,11786.3845,8323.2170,8263.9789,12872.1215,10598.9571,6660.6881,13364.8252,13316.2840,11400.7815,12898.5021,12752.3051,12460.3250,13146.9993,10106.1508,3345.2033,4871.6394,12872.0400,13262.5762,7917.2559,9969.9917,3850.7739,12675.0516,6844.0741,11913.8707,3155.4182,12339.3957,9543.9605,0.0000,7762.0761,11326.6988,1611.8648,12238.4274,8326.5962,5352.6011,6605.0699,9718.9641,11494.6304,4066.5136,9537.5681,371282.5018,378391.0072,372507.5540,376647.0078,370950.7213,369759.7353,372492.1440,375048.2323,362449552.3990,362446488.7768,362454989.8444,362455713.8999,10100.7895,3755.8059,11659.7442,9530.0425,2871.3222,9346.0522,7237.0018,7963.4092,8573.7027,12507.4574,11102.1231,12222.5339,7577.5460,11824.5378,9713.0188,10539.8290,5098.4019,9054.3153,13558.8475,12552.6936,8901.2474,12317.9076,4861.9393,12553.9168,3048.9858,8617.5616,6865.6076,12572.6293,11212.3034,11571.2672,8636.2511,4079.9807,13809.5395,10359.8018,3247.1484,9964.6971,13489.0739,12940.9147,13263.7601,13155.2072,4838.1560,9975.9601,12085.4143,9655.3724,8353.4123,13353.0280,5222.7638,8719.7772,7795.5406,5282.5434,7698.0354,10012.2496,12611.6411,9890.0712,11244.6369,5524.0530,5000.4166,8767.2050,8538.6087,12721.8910,12059.2696,10674.1752,11834.9750,1581.1899,0.0000,9808.0494,8197.3790,9335.2270,12001.0218,8904.2056,6902.9788,4963.4201,8759.9303,7605.1449,12671.2194,11426.2591,370713.9376,378508.8180,371961.4695,376125.1471,370591.0676,369307.6121,372124.8973,374660.6260,362456038.3925,362452974.2823,362461475.2863,362462199.4194,12234.6052,4319.5899,13763.5034,7962.0245,12841.4937,5944.1742,3033.0010,7092.9941,4455.6179,12105.3153,8489.4065,13526.0715,6199.8105,10353.9867,5026.0306,11728.6120,11859.3047,10637.2536,6210.5385,2036.6526,5452.2541,6202.4115,12228.1223,7793.8515,13168.8485,6001.4764,4827.2784,5497.8065,9975.5302,12659.9329,7080.5130,9741.8982,5924.2662,7898.0553,13346.2906,11051.7360,8559.4044,8364.1393,8297.9016,6383.8942,4825.0969,13038.3913,7533.1047,7921.6913,6740.6543,8390.6393,9478.4160,9999.0705,7136.4649,6505.4978,13762.5939,10898.4896,534.5368,6802.4198,12963.9333,8135.3851,13628.8596,2351.2417,9271.9715,9536.4547,13558.6855,2848.6564,10506.2701,0.0000,8151.8457,4614.9066,12944.0392,3186.2155,13151.3591,13295.7226,12105.1522,6447.8344,4561.6887,12021.4417,6118.7838,360950.9268,368592.5429,362192.8876,366351.8086,360788.7074,359513.1753,362302.9671,364853.9932,362462087.9657,362459024.3704,362467525.2358,362468249.3857,13200.4242,6452.7574,6180.5216,7847.8347,9117.1874,10699.3500,9496.4556,13494.7872,10170.4168,11914.6271,4565.5608,12354.3128,10079.2013,11660.9550,4843.4596,8541.1394,12730.6157,13530.4311,11262.3820,12991.9796,7899.8517,11185.2646,6588.0270,5639.7791,8885.6854,13644.9054,12746.4108,11725.0545,6059.6240,7506.9966,13126.8393,12090.0203,6737.5309,7971.4520,12558.1847,13233.1655,12985.8812,12895.4238,8198.1385,11294.2698,10155.0528,11156.1037,10087.6834,13855.9260,7759.6291,9749.9742,8763.2480,8295.2523,9163.5791,7054.1902,11295.3247,12055.0225,12510.2839,2743.5981,6747.0511,5579.2498,10989.8001,12087.8151,12269.8824,7932.5754,13282.6593,3004.3142,0.0000,9925.4372,10179.4994,6606.1826,13362.8201,7015.2209,3434.3823,2388.9842,9884.1927,9800.9141,10878.4640,12045.3736,373128.0490,380746.9940,374369.9284,378526.5323,372938.8717,371694.9478,374503.8115,377028.0694,362452660.0132,362449595.9337,362458097.0209,362458821.1112,13493.7206,10355.1312,11091.3187,9547.3100,5512.0354,10312.8712,4830.6811,9500.6228,9696.6452,13136.2691,8100.3572,7807.0836,8081.1514,11359.3959,9846.1354,8134.3058,2205.7492,6157.4944,6600.0451,9159.5227,9754.0439,9791.5630,13774.3774,9577.8848,2453.1283,1808.8545,6624.2265,13654.3518,8965.4292,8370.5855,3121.5141,9570.7535,11694.5654,8452.0306,4821.3556,8346.0196,8453.6051,8483.1323,8198.7822,11134.5315,5012.3495,6255.8086,4181.9205,8534.7522,7400.4774,8385.3275,7981.9535,9982.0079,13306.7962,11073.4997,4826.0041,3131.0061,13018.7962,11149.1329,13511.6741,6348.8559,9833.3214,5967.5850,12923.7184,3648.4051,12272.3212,0.0000,10710.0781,8458.2200,13509.2797,3606.7860,11734.2516,13609.8637,13496.0922,9791.6881,8365.2589,11443.3696,8387.3299,360314.4600,367941.3643,361555.0307,365704.6462,360060.0111,358891.2067,361770.0028,364203.9509,362462745.5381,362459681.9766,362468183.0792,362468907.1121,11113.8005,6425.2726,11881.8084,13473.7527,11042.8989,12880.1286,8102.8260,10040.2350,3379.7466,11673.4601,10357.3319,12247.9917,8098.6031,8486.1928,9064.7752,12838.0265,13496.7960,12129.9947,12052.6444,7264.4416,11482.8696,2782.0839,11890.2678,13022.2546,13234.3410,10672.4825,4119.2419,12045.9855,9629.8290,13151.4078,11565.6603,5209.9678,8801.9934,11557.5720,10463.5128,10466.3113,12490.2614,12332.3154,5422.9530,12350.6306,12085.1614,12217.0119,11607.1157,11126.5781,10630.2002,12269.4583,11502.5147,726.3647,7594.2062,13707.6392,12737.2238,5404.8385,10606.5091,921.0377,13422.6935,9422.9044,10992.2351,1793.7589,13440.4773,8785.0284,0.0000,10064.6450,12535.6638,3040.0079,13352.2719,5515.1543,3154.8999,6004.7420,11444.3942,12498.3608,6046.1866,11692.1718,372817.5263,380069.9961,374046.9388,378186.5028,372477.3856,371329.8966,374134.2656,376616.3716,362449802.9887,362446739.1951,362455240.4218,362455964.4176,11014.1825,4943.0558,5818.0192,6851.4995,10918.5804,12186.1999,11231.0645,9718.8889,10278.8071,10433.2477,8602.7924,7253.9959,10441.0972,13637.1420,11645.5027,6474.2924,10782.5893,2070.9156,13337.6575,1439.8728,9924.9189,4507.3547,11274.4174,10228.9815,11899.9826,9588.5752,2419.2973,13411.5160,9510.6568,2250.5181,11634.6147,13715.1421,12629.4697,12375.3952,12234.2112,2820.7337,7920.3222,13149.4983,9361.8880,8250.9744,12405.2945,5333.8737,9219.1071,8617.3821,4462.1894,5664.2268,11517.1357,12420.1819,7672.8008,10628.5564,7992.5185,3346.2721,10481.2183,6076.6212,11999.7207,12178.8209,11982.2721,10060.5770,3407.6767,0.0000,8569.0765,5786.6894,10386.9664,10287.2728,10752.9562,8920.4553,6580.4771,6871.7112,5103.8833,12982.8723,9803.9057,368293.7481,376095.0796,369541.5895,373708.3123,368203.3105,366881.7386,369668.0638,372244.3408,362457839.3913,362454775.3778,362463276.2623,362464000.4434,13222.1122,11915.9011,13440.4854,12839.7262,2949.0872,12823.6349,4503.7105,13451.4413,4835.5717,13757.7431,5026.8060,2430.5895,8224.3589,10265.5675,13122.6288,13083.6773,11916.2691,5281.2383,10548.3725,8493.2047,13096.0056,11574.8304,10031.1874,5948.9501,9581.8124,10639.4945,10564.9906,9537.1457,10163.3064,1620.2226,7656.6099,8540.7430,12187.1550,12306.6901,11100.6159,13755.0059,4994.7731,8006.6750,7740.0283,11013.9982,8426.0707,6046.4761,5615.6625,9708.5787,13340.9943,6270.0097,11147.7078,12987.4201,8982.3405,5445.4273,12257.7579,6301.9968,13005.3201,12221.1730,6763.1375,6455.1361,12779.7037,9676.4664,0.0000,13191.3655,13466.3726,8861.4428,12691.7097,1164.5401,6628.8330,9145.7442,13543.1802,13171.2470,9428.4082,13586.3922,370603.1328,378163.5757,371841.3617,375980.8288,370251.7387,369187.9547,372138.9850,374470.8699,362454625.6017,362451561.6657,362460063.1375,362460787.0295,5793.7253,2516.9500,7998.2257,13716.3947,7756.0294,11863.9920,6345.2777,12612.5571,4258.4434,10956.8370,12973.4395,12814.2368,10899.5065,4143.8393,7312.4345,3584.0230,13683.9334,5905.6131,10206.3780,470.4155,9545.6651,10284.0867,13016.6243,9303.9692,6116.0014,11400.7144,10256.5647,6581.7496,13426.2401,13156.0221,12377.8883,9407.8671,9178.0981,5779.5528,3465.8957,13577.8263,10973.1050,10571.9485,10692.4746,8991.2006,11730.6942,11584.5475,7758.4510,1076.1448,12154.1724,10075.5795,5461.5816,11137.3185,10948.6110,2892.1249,11536.9429,3991.2692,8949.6442,12886.7381,12283.6531,7534.7986,6882.6767,0.0000,4730.4046,1521.1134,10158.7325,7777.9340,13006.5524,10674.4864,8230.6651,2259.3563,1504.6668,11541.7308,5696.0469,365526.9978,373093.8349,366767.5429,370931.8862,365424.9571,364062.2743,366757.3198,369420.9414,362457693.8744,362454630.1497,362463130.8478,362463855.0904,7711.0717,7163.4171,11652.8696,10359.5249,12532.6212,8420.0982,9259.9170,6910.1416,9799.1176,10660.7456,11787.5548,7437.3742,2713.5310,7984.6361,4253.2542,12574.2325,5284.6725,12909.7886,5610.4145,6914.2695,5769.2336,9737.9403,12558.7595,4366.8380,11515.4944,5387.2374,5253.3243,12690.4923,12031.6423,9407.1483,10492.1469,10426.2917,3617.4971,6429.7109,13253.7195,6426.0630,6187.9389,8701.0191,5803.1497,7960.2385,8224.4172,4333.1357,6677.8956,13583.1379,12312.1992,2999.2014,6771.0195,11501.4092,7120.8742,13155.4230,2469.3223,11100.9952,9616.4307,13602.3131,5633.6822,8708.8390,0.0000,9218.1474,4992.7269,12951.7439,5919.1942,12187.9545,12391.1950,11031.3858,7204.1457,4466.4786,13091.0309,8200.3657,362755.4153,370560.0826,364002.6515,368165.6784,362628.1240,361349.1952,364174.6588,366700.6047,362462189.5795,362459125.7911,362467626.7091,362468350.8524,7679.4797,13887.0546,5822.7097,11732.6916,4953.5338,13454.7792,3384.0255,11897.5583,13593.0872,12133.9152,11294.6256,5725.5235,6418.9431,5882.0733,13239.4538,7910.1904,9151.2498,2924.8720,9715.4478,11230.5597,13502.6391,8034.8572,8229.8249,10235.4287,11450.6588,8566.4543,13342.9695,12536.9891,12518.3625,7963.9028,7686.1159,7986.9298,2925.7744,12939.5533,12188.4221,11987.3845,10452.3673,10742.2055,12889.2515,12784.5611,9723.6763,1471.5247,11274.1860,8230.6204,6653.9563,12021.6414,11255.4791,4063.1690,10834.5790,5735.0378,7111.0171,13281.4931,11293.7448,7800.7134,7849.4322,0.0000,2315.8875,3084.4043,8878.6867,7962.6265,13136.8388,10329.7754,8073.2507,734.8782,3588.6860,10007.9995,4244.4656,365895.0472,373291.3143,367130.1696,371290.0452,365756.6961,364398.4042,367056.1793,369745.7771,362455876.4343,362452812.8204,362461313.4927,362462037.7369,11585.0361,5668.1687,13624.3728,3790.5962,11143.6318,4628.1369,13320.0235,12428.9963,7879.9962,5245.6976,5764.1719,1995.6661,9482.0939,10454.9707,10995.5743,12531.1134,8261.4683,2914.8449,6462.9111,9722.9967,11995.6626,10525.6735,6095.6907,7615.2045,11134.9802,12884.8827,8506.0595,7092.3354,4549.8183,4554.5974,10017.0753,5175.3165,11328.9804,9170.0042,10085.6514,3735.7756,11312.9511,11010.0687,11701.0871,10497.7932,7959.0194,12687.3185,7996.8855,4624.6624,7473.8173,13840.7472,10197.5420,13044.7722,6147.6665,6073.6680,8957.9242,12153.0657,1816.0463,12535.1975,0.0000,7425.7405,6813.7966,11950.0851,1571.9357,13161.4425,13436.0442,12924.0553,7153.2525,7184.9606,9302.0078,4278.6093,360345.4027,367700.3899,361577.8508,365725.9049,360087.9564,358860.1661,361622.6266,364171.7044,362460115.4797,362457052.1163,362465553.0184,362466277.1283,12416.6796,7068.9814,12883.0947,3811.7179,13474.2256,7170.0432,3028.2544,6252.9298,8251.5501,12835.1395,12135.0128,12639.8710,3532.4326,11616.0492,10169.4597,13645.2531,9881.2156,8409.4840,3536.5039,11074.2579,11445.2066,9134.8765,8189.6775,11193.9669,3463.7405,5627.0724,6101.3226,11173.5329,11359.6026,11718.7398,13596.2406,4461.8428,6866.5164,7236.1246,9089.4300,9117.0377,5563.4014,5803.8647,10217.5209,13852.4838,7744.7572,10868.7166,12355.7542,7198.7604,8086.7316,13359.1345,8228.2464,12799.2165,11675.8357,4251.6308,7510.2837,11578.4579,11530.7856,0.0000,13515.5464,13636.8357,10243.1001,11432.9391,3995.0867,8943.7662,11204.3851,13861.5062,13412.0190,9149.7821,13162.4417,368045.0069,375566.7710,369281.4883,373416.8396,367657.7797,366627.2168,369598.1588,371898.7532,362456346.0016,362453282.1987,362461783.7047,362462507.5675,11936.4784,2701.5640,13244.5029,4620.9870,13527.7238,13422.6036,8316.1275,9608.1686,8524.2706,3810.5763,10380.4850,10399.3346,11897.5406,9012.2985,8138.2835,7904.5796,10856.0886,12149.3074,8125.1937,11987.4419,5418.4439,11672.0976,12285.3406,12260.1275,8900.0354,10164.8560,2777.1000,2454.3332,11754.8415,5308.6289,10244.9015,12538.4471,13020.1781,7473.8688,13242.5375,13423.9733,13681.8915,12648.5372,7016.9164,9905.7492,3558.4688,8346.4995,11429.3717,12590.2704,9169.9521,10331.9604,8768.1632,1511.0650,11616.7327,9359.9909,7065.1695,11549.9852,0.0000,3925.7907,7441.0984,8140.0507,6956.3537,12685.2201,11045.9862,10476.7891,5810.7836,8021.9603,5914.3213,2990.2062,364391.2824,371490.5337,365616.0694,369760.4798,364113.4153,362853.2550,365525.0588,368157.7063,362454633.4745,362451570.1373,362460070.9528,362460795.1016,12969.1152,8531.5265,13068.5276,5079.6749,6306.8589,10188.0097,12711.2658,13186.1436,13245.0764,11022.7206,7805.3160,9789.5928,4829.0780,11742.6177,13289.2454,12494.0414,9710.5557,6084.6683,10352.3314,11384.4050,12037.4274,9701.6678,3987.6755,9809.8981,11502.1895,12252.0991,12264.6787,10944.5192,12975.8819,6423.6267,10831.2457,10202.2467,12846.4439,9348.1340,9082.8555,8295.3156,10331.2396,11770.8618,3747.1648,10127.8158,13494.7246,11846.8624,2412.1524,10202.3908,2719.3963,13021.1094,11532.8860,10318.3093,4640.4422,13748.1561,7232.8704,0.0000,11393.6788,12570.2409,5605.7965,13711.4826,3385.8463,2325.9929,5451.7675,12064.9257,12323.2267,8719.5651,12917.5531,373298.0702,380769.7253,374534.4399,378678.9202,372995.2397,371853.5615,374715.5125,377151.8572,362451470.3052,362448406.3268,362456907.6269,362457631.6054,12948.8657,2363.7038,13550.3233,13575.1070,9145.1374,8525.8169,6293.1087,1887.5108,9006.7716,11389.2982,10843.3330,10623.3788,6744.6113,6469.9000,9487.1488,11937.4182,9738.5976,10745.2588,6528.7489,10330.9437,11229.6389,13200.4398,9759.7225,9795.8977,3745.8174,3475.8743,10347.6111,3191.9590,11595.2626,11522.2054,12028.1783,6739.3596,12276.0331,12815.9687,13173.3609,11404.9031,5822.9803,11592.3212,6052.5868,6026.8569,10351.7482,13214.4458,8452.5724,11822.5988,6604.2737,3896.4167,11352.3539,11144.2049,4925.0544,11390.1268,0.0000,4048.0515,5586.6990,9937.7686,4897.3699,13446.7822,12169.9415,11166.0339,4606.6411,6223.6198,8116.6976,762.1122,362602.5704,369834.5769,363831.6870,367981.4523,362370.4310,361085.2021,363767.6957,366403.9487,362457129.5001,362454066.1375,362462566.9041,362463291.0789,12962.4926,6076.8217,2655.9858,8388.1215,7255.3412,11080.4186,12080.5172,10765.6760,6814.2245,9502.2145,11793.7411,12450.5862,9099.9114,6272.3799,2889.6360,12480.4330,9059.3088,10782.3219,5478.2542,8902.7840,6175.0009,7993.9658,6126.6046,12177.1835,12322.6185,9278.5760,12907.1698,7873.5718,3631.9214,3727.6531,9130.9744,6194.5071,1880.4356,2547.9441,7360.8037,13036.1144,10201.8101,12663.7095,10639.7779,5019.1393,8465.6465,12368.0956,10206.2496,10977.8892,12886.5989,3884.1882,10176.2211,10540.0484,10606.6560,0.0000,13704.8380,12412.3734,12018.1636,10485.5106,5817.2286,10148.6544,11497.1985,13302.3049,12021.7530,11552.8480,13123.1034,366575.4852,374325.5821,367819.4228,371963.3989,366263.7441,365194.7940,368187.6978,370489.5726,362459436.7763,362456372.8654,362464874.3145,362465598.2150,12986.0736,13648.6661,10685.1138,9057.4144,4482.0873,3438.2242,7118.4370,12544.0982,9236.7388,10929.3868,4670.0666,7072.6468,9391.6364,12402.1341,9981.5569,9139.2320,8500.5769,9988.7206,9703.2236,13713.0991,11223.4885,10666.8969,5967.6741,5717.0575,8674.6056,852.0563,12720.6629,11193.0781,11443.7682,7937.5238,11174.2707,12496.9766,12742.7793,10074.1053,3876.5384,12290.7511,7809.7807,4682.2078,10393.4099,12879.4700,6747.9020,12219.8395,4751.8055,5940.4491,11936.8624,12036.4302,4918.5385,10176.7231,0.0000,3694.7823,3348.0444,10447.6304,5058.7472,13716.5677,12131.0248,10559.5596,2798.1299,4052.3746,9740.3350,1754.4717,362847.8554,370211.1192,364081.4725,368237.6748,362673.5985,361349.3678,364029.5453,366685.9112,362458009.7498,362454946.2824,362463446.9914,362464171.2039,4580.1404,11608.5913,11512.5773,11363.6179,13514.2530,8685.0594,9557.3221,6640.5090,8783.3904,10676.9794,12429.7092,10305.1748,8441.3600,9539.3755,6945.8757,13078.2331,9318.8799,6194.5985,6098.2363,11269.1404,10918.9028,13673.8820,13687.0691,7641.1820,12672.4484,9223.7271,7775.3587,6537.1686,12697.8865,4958.9960,5677.4714,4468.2128,6350.7657,11331.3309,8383.2174,12863.8708,11742.4821,9667.1016,3456.4428,9354.6454,7443.5625,11092.1146,13477.7499,9260.9104,9006.5775,12767.1698,5899.5881,0.0000,12458.0620,11499.9784,9526.6074,12820.3051,4769.2411,6148.1044,6963.5664,12018.9222,10981.1831,11953.8985,13421.3053,371321.8458,379110.5204,372568.2068,376721.4828,371095.3336,369934.7178,372856.6903,375256.1993,362455881.2901,362452817.1559,362461318.4606,362462042.4519,8731.7159,9218.3175,12268.6136,13000.9310,11203.8731,6290.1717,9691.3872,10191.0961,12802.6649,10794.2990,8519.9673,4646.0123,11102.9828,9558.4269,11156.6608,7792.0111,9159.7792,3989.3210,8221.7224,7768.7758,12644.8503,12770.4106,9969.2701,13580.7738,6698.6534,6016.4157,5664.8463,10565.9621,6833.1973,3791.5659,3424.1380,8224.9074,13276.1709,8377.5596,12300.8056,12058.3252,7378.4351,6450.8730,12210.3991,8276.1236,12130.9755,12971.6463,5640.6656,8526.3005,12055.5697,9753.0219,0.0000,13674.4271,13062.1241,10561.5670,11997.1057,3366.0690,8214.0981,10096.6595,13584.0378,12679.2200,10876.6593,13701.3246,369121.9414,376815.1857,370364.2590,374506.9004,368797.8892,367731.4859,370712.3927,373022.6482,362456980.9113,362453916.9373,362462418.4141,362463142.3075,6326.7529,11745.4543,8153.2212,13319.2615,3458.4123,13495.7293,10411.1230,12958.4018,6885.1170,8219.0894,6139.5645,10727.1906,13271.6231,3391.3097,9049.5285,13367.9822,7701.8985,768.8237,4395.4778,6177.9301,6465.5377,13226.4153,11176.7025,4775.3744,9161.2427,10225.0744,5033.5824,12272.7979,9604.1913,10252.8816,12579.3252,12627.2760,8504.0468,6794.2503,10893.1997,7727.1079,11590.0389,13501.5799,9606.1324,11918.8923,7199.4958,5508.4616,7613.8718,8762.3808,13537.0837,0.0000,11024.7604,12359.6989,9809.1289,8474.7001,8701.8159,11013.3534,12612.2967,12022.4648,12497.2026,5570.3253,9700.9068,364491.3986,371693.7639,365717.7886,369848.0133,364068.5073,363005.7644,365873.0975,368266.0228,362456072.4534,362453009.0312,362461510.3367,362462234.2588,7967.9540,6903.2551,10683.7170,8129.3105,11113.2103,13483.6919,10962.5301,2402.5512,2555.7195,5349.8970,13504.3140,10395.0062,7061.8282,3966.7573,10861.9585,10723.5921,6623.3349,2773.5897,7764.9860,7951.2217,10035.8076,9324.5276,9723.4366,5314.9660,6819.5303,2863.5694,9521.0698,7392.9486,8477.6814,9304.6770,11183.5041,12543.1499,10381.8410,6676.6434,2915.7135,12973.9549,12312.5544,12982.2911,8168.7197,9403.8256,4461.2586,12028.8485,4783.8855,13075.9178,0.0000,11277.2363,9921.3259,13138.9261,4587.4793,10996.7605,13410.8404,13821.1930,10852.2646,9893.9673,10401.2878,8955.9753,360635.0684,368169.2988,361872.3081,366015.6801,360323.6832,359201.9032,362098.9981,364497.0751,362461813.7064,362458750.1982,362467251.3926,362467975.3763,6153.4888,4543.6852,13054.5764,6540.4241,12551.0659,4154.5715,6630.1000,7083.2101,11112.0121,11926.3437,5983.5403,10694.3011,7210.7778,6818.9704,13606.7432,12130.3918,10075.5722,9033.5556,8902.9874,5269.2643,3959.4520,13584.5248,8494.5796,8494.5926,8354.5821,8068.7641,10061.2202,10331.8065,6632.8170,4861.5724,13599.2897,11049.2543,1546.6223,8249.7109,12385.1289,6409.2951,13261.5639,446.0145,9512.8838,10813.0265,13528.6393,4509.1498,9204.8925,0.0000,7244.9462,2858.7703,12415.2724,4839.8415,13273.4745,12669.6650,11008.1227,5091.1893,2669.3206,12311.9250,5971.4284,362214.1331,369878.1848,363457.1818,367619.8557,362089.5483,360774.7562,363535.5534,366126.8805,362461226.0277,362458162.3655,362466663.1598,362467387.3503,9433.5361,10679.4565,11112.0296,11477.0005,7652.5241,4735.2208,8098.3375,10792.7118,10778.9871,10836.5126,5739.1242,9116.5283,11375.9256,12932.8930,8804.0843,8334.9340,3359.4499,3231.9166,10389.2685,4183.4031,11214.4307,10465.9367,11197.8914,5030.8573,11970.3108,12006.1777,12535.6118,11148.8338,7018.0135,11969.2755,6601.5253,5436.6823,8998.6173,13550.5304,9479.6806,12319.8168,6515.4963,4465.8667,10099.8109,11437.5374,3466.2288,12095.5275,0.0000,5769.7605,6314.5470,10806.7679,3345.0377,13240.7739,12765.9413,12090.2266,5978.9042,6838.3041,8313.8675,2508.5296,361430.2169,368696.2575,362660.0888,366807.9517,361176.2430,359924.3864,362644.3148,365236.7059,362458424.6336,362455361.2921,362463862.1306,362464586.2688,13531.7809,2545.2240,10834.4280,3144.4194,10024.2214,9310.3441,11849.3324,10335.3681,2650.2556,12790.1340,8769.4645,3194.3997,12514.0539,13499.4109,12063.2059,11471.5850,11319.0439,2373.9193,6383.8496,13562.6875,9069.5089,8224.2155,11375.1739,5916.9218,9513.8480,9184.3884,4578.4330,4534.1059,12374.3304,12093.6000,5861.0569,9971.2638,9564.3865,3372.5079,11535.0374,4131.7284,11291.4088,11958.4369,12677.9991,8500.4145,5265.1541,0.0000,7822.2894,4068.9869,11099.8913,8764.7432,11786.8290,10253.4097,7979.1159,5703.2560,3310.2541,12953.8450,8515.6159,366329.5014,374108.5687,367576.5922,371743.6558,366244.3692,364910.5975,367681.4696,370274.6908,362459096.3620,362456032.4466,362464533.2730,362465257.4725,13083.8623,9321.8124,13731.2783,9234.0201,9247.8913,5301.7026,10077.7996,12992.2436,6388.9614,9568.4864,12850.3984,4603.7677,2747.3703,5759.6199,8879.4369,9104.1592,13158.3531,12865.6730,2087.5687,8910.9218,9603.8241,7810.1789,11402.1860,8376.9296,8742.1058,12149.3736,13571.5982,6683.1491,8300.5001,12455.2556,8339.1607,9442.4330,13666.8195,7752.9349,13116.6714,9349.2679,5288.7515,5976.8704,10997.8207,12600.9726,0.0000,12313.5959,13532.7676,9015.2236,10775.7377,5786.5418,9188.4775,11507.4263,13247.2494,13510.3570,6324.0544,11793.9715,367367.9747,374658.5062,368597.1017,372727.0894,366938.5499,365905.0764,368818.1652,371163.4289,362454746.5582,362451682.9545,362460184.3890,362460908.2668,10614.6656,5476.7058,10988.3447,9464.9245,11136.6024,10430.3404,1161.9635,13567.1294,8590.4495,830.7116,11347.8043,13532.9285,12092.5108,12754.6023,12645.8156,1850.1693,8585.9487,13060.1897,8315.6081,7087.4176,12189.6041,4009.7110,8139.7531,7536.0595,3110.0622,6712.6653,11844.9448,13007.9053,7581.6245,9794.8347,8000.1470,4712.9239,10854.7990,6128.9168,12579.7298,11470.9801,12291.5547,9980.6556,4123.4297,0.0000,9571.4036,6474.6476,11095.7927,10205.6631,10406.2083,9324.8045,7400.6529,7846.1950,5740.8953,13402.0578,10436.0058,367870.5070,375736.3962,369120.1748,373286.5534,367774.1304,366474.3970,369295.2200,371835.2029,362458819.1136,362455755.0692,362464256.0158,362464980.1701,10238.1797,13222.5117,13765.4868,12214.2862,1453.2765,11334.5050,10144.0670,13697.6375,10890.1119,7564.1667,10328.0338,12727.2957,10159.4707,10072.1837,11748.7262,10936.4788,7693.7937,13153.3569,12760.8223,12690.0917,11700.5926,12197.1797,11645.4192,12044.6197,9695.4445,3318.8487,7146.7070,13008.3564,13545.0054,5877.1047,8756.6259,2556.7062,12461.8419,8740.2623,12444.8973,3950.3177,13092.7107,7506.3956,0.0000,8199.7430,11069.9978,1148.5644,13054.6704,7583.9791,3077.3967,4222.8930,9668.9241,11086.6210,6513.6260,10488.2092,372816.5162,380061.4181,374046.2554,378191.2781,372530.5992,371316.4309,374061.2878,376619.4764,362449531.2363,362446467.4502,362454968.5146,362455692.5875,9690.1823,10244.0134,12953.0392,9375.9365,5704.4897,11653.3402,10148.5539,6165.3316,13344.9311,13278.4748,12430.6609,9740.3214,9518.6709,5380.9078,3875.7559,13625.6693,10811.6216,10346.2353,10869.2636,8647.3657,11519.9540,11340.8246,7402.5591,1472.4734,12178.1121,10368.9801,5525.2775,11076.6468,10742.7335,2619.7426,11514.3470,3954.5976,9299.0821,12857.1150,12341.1216,7722.6440,6562.0985,0.0000,5120.3422,1754.7073,10241.3367,7971.9900,12879.0996,10574.4732,8090.5994,2711.4801,1514.5409,11758.9341,6110.9067,365715.6176,373311.0462,366957.0776,371122.0737,365618.7149,364256.5359,366958.8387,369616.8036,362457811.0003,362454747.2467,362463247.9550,362463972.1954,3977.3807,7420.6938,12988.5824,10334.3476,6401.2671,5358.4516,10908.0825,11850.7604,7384.9549,4671.9209,6217.1630,6351.0016,9868.0542,7433.4483,10540.9755,6979.2425,8218.8454,2143.5210,10261.2885,9057.0396,9975.5079,9702.6588,9730.3148,12767.2165,9358.0050,5242.5534,4894.3345,13514.2619,11376.4576,13178.4674,6928.5169,7930.6717,6572.4268,12228.0824,2631.9017,12902.0622,0.0000,9646.3055,8415.0185,12763.9086,2360.4885,12127.7327,13588.6901,13558.3976,9212.8108,8542.4189,9952.9231,6925.3915,360069.7137,367529.9155,361305.0083,365450.7880,359784.3589,358614.0412,361451.5896,363917.2474,362461430.9972,362458367.5668,362466868.6238,362467592.6659,5328.9426,13818.4517,8600.1551,9119.0427,1506.7637,9102.8516,10823.4465,8378.0254,4413.5024,9510.8847,9636.6539,8225.7583,9430.1244,10704.5032,3322.2693,4738.7318,5205.7135,7509.6230,5811.3931,6896.3453,7241.7428,10792.7806,13053.0549,11827.5037,5973.3613,1469.1434,12303.1463,11494.5830,13203.6978,7174.4206,10884.9285,4840.9202,12740.4664,5340.9644,11990.2329,0.0000,11698.0397,9365.9700,13617.5809,5312.8161,10771.8118,13222.2980,13350.7896,10768.5496,9146.3489,11852.6030,9739.7080,361167.7153,368868.4747,362410.4353,366559.5568,360906.2543,359763.3039,362681.9096,365073.8106,362462845.6748,362459782.0241,362468283.2152,362469007.2142,12802.0319,10630.2352,8791.5885,5238.8650,10654.4578,6743.8269,5781.8410,3516.7652,10564.8842,10769.8245,10677.2624,12529.1848,6959.3530,4250.5170,5328.6971,6998.3566,8308.9188,4253.8400,5245.1507,9083.0069,13314.1097,10348.5233,11495.5126,10335.9989,3966.3159,10187.4551,13284.6912,10759.0597,11125.1722,11599.9307,1087.3211,10012.6410,9397.4288,12248.7467,0.0000,13409.5977,12578.8692,12169.5446,9254.6285,6979.5227,11221.0438,12699.2009,13290.9481,12344.7156,10369.1657,12267.5911,364743.9427,372354.5872,365983.1362,370121.6876,364385.0455,363339.7281,366320.0378,368619.9470,362459629.9686,362456566.2354,362465067.6818,362465791.5664,11167.3883,10008.4457,13821.7127,10802.6947,8730.4639,10746.1128,13005.2736,9606.6511,9476.1777,11515.2417,9984.9116,8586.6628,13473.9041,13107.5845,12554.2133,11941.8089,12755.0263,12254.0316,12080.6396,8691.5175,4562.0076,6624.5705,12454.7241,13751.2735,6820.2002,7970.7360,3959.1052,11852.0355,8025.8368,12944.5858,4987.1471,12604.6353,7399.6030,0.0000,6998.9588,10207.2848,1385.3771,12582.7225,8741.5257,4187.0548,4185.9625,8598.2817,10291.0681,6525.1571,9543.9056,372204.0514,379426.2305,373433.2533,377580.1047,371938.4726,370694.5746,373408.3321,376003.6529,362449714.1173,362446650.3740,362455151.3536,362455875.4630,13414.8867,7681.1136,966.4100,11526.8924,13322.6220,11522.5780,12646.1689,12554.2412,847.1216,8504.9783,13154.0241,7508.6684,6314.6561,11657.3629,3455.1067,7584.5075,7115.8799,2182.8951,7004.5849,12352.9643,13221.8956,6914.1908,8986.5304,8662.2605,5446.1669,11467.2807,5570.4426,12660.7340,10929.1438,12725.1690,9370.7792,5212.8762,0.0000,9905.7006,6415.6055,11752.0381,9605.0487,10623.8230,10069.3321,8362.7844,8065.9256,5659.6934,13622.4814,10379.5945,366860.6596,374754.3067,368111.0503,372277.2163,366761.5075,365471.1306,368306.9474,370831.0467,362459868.5175,362456804.4942,362465305.4570,362466029.6015,10158.0504,13634.2313,9930.5626,4099.9219,6379.0340,3021.7698,3330.9711,13253.9130,9152.4622,6954.4583,10775.5140,11755.7749,4633.3604,13284.9078,11605.1424,12180.7117,13195.5679,11011.5195,9159.4358,4438.2365,9898.1518,9163.4542,12643.6049,12514.0189,10182.7233,10943.7138,4213.0023,8074.0512,8243.4580,7520.1772,13528.4559,0.0000,8782.8610,10871.6065,9300.1321,7222.5714,10793.9952,11533.0966,12432.0938,10117.0082,11207.6097,4483.4650,7166.9190,363593.4604,370683.4286,364816.7863,368949.7842,363202.8862,362075.2065,364859.6420,367345.2553,362455556.2213,362452492.9192,362460994.0338,362461718.0358,8132.1689,10510.9844,9111.5372,5316.2832,10553.9763,10659.9371,7370.0842,9912.1202,10920.3159,2067.8861,3345.1568,6563.9095,6237.0885,4663.5516,5713.6440,6086.0381,10861.6838,13027.4405,12549.3494,6347.0146,1689.4760,11620.7512,11176.2979,13027.5829,7209.7817,11748.7381,5052.4360,12833.2220,6382.6410,11288.8303,0.0000,12111.4367,9475.3709,13675.7995,6410.7715,10277.9978,12837.7057,12924.5151,11022.3071,9137.1350,12465.5358,10498.4380,362033.0059,369816.5082,363278.4079,367429.7177,361790.4847,360644.3491,363579.7936,365960.5792,362462933.5586,362459869.8121,362468371.0265,362469095.0236,11059.8658,13372.5737,11782.3442,12981.2489,12892.4958,1813.1793,9083.8738,12902.6827,7731.2844,6419.5641,12107.9071,3216.8538,7471.9397,6847.6410,2410.7830,7396.1261,11905.4253,13293.3068,7737.7154,9356.0096,7893.1619,5495.8481,10940.0638,6413.9792,12899.6178,11034.3271,12347.1775,10064.8295,4522.7128,0.0000,10156.2947,7039.7141,11388.1675,10280.7550,10083.4696,9433.0855,7770.8845,8478.1248,6303.2791,13564.1730,10865.3040,367787.4084,375682.8250,369037.8696,373203.5954,367683.3557,366399.5906,369241.3405,371758.0666,362459200.6572,362456136.5938,362464637.5844,362465361.7195,7121.2723,8859.7132,11656.7301,11777.6496,11972.9806,13777.5603,3770.2033,9173.2600,9035.7027,11059.3540,9651.3858,7452.8459,7094.5923,10807.5299,13415.1867,4951.4813,10212.6414,13469.7454,9842.8163,5602.5590,12464.4585,5252.7703,13518.6855,11535.0089,7395.2836,5060.0469,13047.7771,10048.1718,0.0000,12831.4592,13714.4505,7844.4357,12934.1838,1414.9047,6065.5017,8928.6044,13500.4224,13498.4502,8291.9891,13361.4727,371087.9523,378543.5033,372322.8816,376459.7009,370714.6052,369653.1310,372580.8938,374929.2898,362453291.8958,362450228.0183,362458729.4771,362459453.3697,4460.5120,6865.8104,7143.8079,13319.0044,11680.9004,4211.5967,9054.0882,10079.6864,5609.4062,12153.6468,9315.1281,9936.6347,12563.9125,12991.6867,8225.1570,7217.8063,11311.2826,7760.2817,11268.7317,13704.2770,9342.9338,12281.5181,7782.8613,5241.7903,7353.0312,9300.1454,13496.4091,0.0000,11466.4758,12753.8703,9781.4929,9023.3973,8165.2549,10773.7379,12546.7850,12446.0665,12853.9926,5769.0909,10289.1435,364993.0639,372212.6055,366219.9202,370349.5222,364563.5542,363512.9190,366394.7012,368771.1261,362455880.2878,362452816.8326,362461318.1773,362462042.0838,8094.7078,8342.2430,11348.3485,10984.3108,7600.9033,5695.6113,7180.9280,3768.6254,10079.6959,6961.4808,8022.5183,10307.4092,12550.4865,11157.5156,9959.4160,8968.5865,3735.3590,12167.6539,13338.3827,11808.2717,10228.1244,9579.4004,2453.0895,10561.5488,7096.9547,13400.0155,0.0000,12166.5643,11640.0202,12384.7087,6860.5955,9371.3979,12549.0388,13645.7568,12207.3956,11601.1276,9316.9426,10277.4609,362230.9382,369697.1860,363465.6138,367602.6043,361861.6012,360794.3940,363721.8382,366071.5007,362460162.7519,362457099.2273,362465600.5542,362466324.4760,338.5444,12380.0726,6719.8830,9178.1676,11501.1731,12310.6987,5237.1256,13290.3639,12589.1588,13076.3569,12842.7226,8895.8083,10161.3886,3893.7416,8395.9366,9976.3734,13138.3671,10930.2210,10877.9608,9327.2746,2088.5106,9868.8274,9414.7533,6222.0468,12843.0362,0.0000,6430.9776,8806.2736,9278.4740,5987.5285,12273.5606,11874.2119,11933.8040,7800.9232,9295.0902,5499.1916,4418.6969,362981.7110,370077.5046,364205.8161,368345.1885,362653.4019,361452.2028,364174.6066,366741.3581,362455860.9122,362452797.6320,362461298.5679,362462022.6535,12285.1932,6474.5713,9354.6097,11615.0335,12389.6545,5465.3326,13283.3117,12697.6461,13162.2800,12806.8632,8643.8673,10184.0752,3834.1210,8308.8838,10130.1235,13116.5106,10716.9871,10865.4751,9195.8112,1873.4863,10089.0786,9459.6676,6218.3522,12709.4965,0.0000,6128.7687,8590.8194,9190.3326,5998.5529,12369.1328,11824.6792,11798.7312,7529.1875,9095.4189,5571.8256,4137.4405,363062.8445,370159.3010,364287.0437,368427.1181,362741.4933,361532.1519,364247.6456,366823.4268,362455780.4834,362452717.1997,362461218.1177,362461942.2122,8030.1482,13409.7772,7417.3579,6352.2348,11299.6166,3869.0061,7786.7224,7452.6710,2337.7517,6725.4711,12769.5737,13187.4360,6210.4454,8737.0546,9352.9896,5512.4070,11952.0738,4849.9564,12479.3538,10901.4266,13082.7737,8787.6509,5863.1576,0.0000,9726.6680,5916.1397,12097.3630,9038.9647,11134.3230,10646.9170,8911.2404,7753.9872,5150.8451,13702.2042,9982.0299,366053.6302,373943.5380,367303.8917,371470.4065,365958.4761,364662.1542,367492.1164,370023.2435,362460429.4291,362457365.4423,362465866.3802,362466590.5331,13013.6951,11073.8661,11211.0952,8436.2258,10719.5426,12332.8079,12521.8107,9554.2281,3169.5136,12419.3083,8371.8962,4418.4059,10444.8871,12633.1333,6070.6988,12240.4123,4182.8711,6625.4087,12120.3971,12237.3817,5202.0987,9637.5029,0.0000,3776.8672,2518.2274,10535.5889,5387.1763,13693.4188,11995.2782,10238.7589,2250.6842,3246.5690,10227.8807,2562.6763,363139.9481,370551.2732,364375.1963,368533.4787,362984.2660,361648.9867,364331.0571,366991.2278,362458187.8615,362455124.3473,362463625.0452,362464349.2675,10169.8040,10586.5562,9182.4038,11790.5290,9321.8704,9412.4109,12574.1437,13362.7239,4789.4409,7689.7548,13189.5260,9884.5547,8388.0482,13232.5292,6008.0436,13616.4675,9176.9837,7089.2815,4061.5242,11967.2370,11921.0986,0.0000,11876.7565,13642.3232,7411.8000,11768.8086,5080.6866,7702.2004,10315.2866,13062.9668,13632.7968,5424.3030,11925.8054,369180.5566,376420.9717,370408.3890,374538.7817,368756.0461,367705.7954,370591.9759,372965.7557,362452833.4343,362449769.7949,362458271.2024,362458995.0966,1718.3635,7794.4148,5222.3107,2641.9837,3780.3803,5640.2638,11573.9281,12246.7588,12942.8471,7885.7476,2518.6977,10357.9582,11375.9375,12168.8963,8415.0539,12499.1562,4501.7781,12155.5537,8102.9800,10691.5629,0.0000,12818.0562,10443.8975,13265.5232,8118.0356,8804.6563,11895.1093,12305.2646,11859.6708,10027.5042,12508.0549,11660.9022,363728.7069,371551.0087,364975.2204,369125.4191,363474.6447,362352.0536,365316.6744,367664.6249,362462081.1401,362459017.2948,362467518.5960,362468242.5611,9117.3121,3624.0764,2034.6433,2686.4664,4303.7434,11239.9224,12076.0344,13416.7474,8187.8253,4170.4625,9392.6201,10615.6340,11780.4095,8328.2653,13076.8336,5802.4197,12140.9349,8957.8518,9526.4142,0.0000,12810.8083,10234.3907,13012.1463,9021.9086,8414.4251,11211.8063,11442.2624,11710.8800,9719.4150,12985.3408,12066.6732,364966.2699,372850.8684,366214.9982,370368.3829,364741.2883,363598.7560,366560.7588,368920.2134,362461655.9289,362458591.9871,362467093.2726,362467817.2545,11319.1527,9516.6930,10434.1768,11006.1288,10708.5336,11860.5641,8253.9524,7096.9017,5615.0456,13451.6972,12307.9895,12511.1798,8641.8244,7101.4282,6042.2355,11178.1682,4351.8243,13549.5471,0.0000,9922.7893,9717.2053,12123.3741,4018.5139,11573.5817,13262.8837,13680.7527,10052.6983,9906.1755,8566.8408,7332.0943,360659.6970,368004.2653,361891.0346,366030.9343,360322.5714,359187.9717,362028.4418,364475.0850,362460057.8197,362456994.4489,362465495.5693,362466219.5752,4550.1672,3920.9282,1716.4379,9752.7964,11815.6523,13810.4862,8437.1271,7362.5644,7787.0695,8289.9218,11064.6438,7746.3332,13561.4946,8852.9902,12167.9231,10169.7219,6636.9395,0.0000,11967.9088,9100.0834,12181.1635,10321.9467,8656.6027,9856.4181,9295.2453,10585.1407,8428.8342,13611.8333,12095.6855,367220.5435,375163.8708,368471.8591,372632.4804,367064.1681,365853.8927,368770.8572,371196.3935,362460287.9633,362457223.8861,362465725.0552,362466449.1061,1323.3776,5711.7701,12283.5022,11072.5018,13277.4190,9742.0645,4808.4989,8525.6562,11482.8804,10854.8810,9908.9469,13275.5732,5040.8143,11148.5908,10141.0559,9804.6201,0.0000,13451.6339,11527.2473,12490.7097,10149.0161,6840.7079,10444.8330,11264.0156,12697.3758,11051.7014,12465.2568,12905.9918,366230.2104,374071.7657,367477.3242,371626.4574,365965.3391,364861.1861,367845.7026,370170.3780,362460426.4802,362457362.5169,362465863.8998,362466587.8371,5352.3666,12137.8694,10648.6346,13442.7042,10203.0046,6002.9454,7512.1043,11018.1405,10267.1901,10134.1978,13570.4235,6095.6568,10852.6619,10854.1033,8920.7659,0.0000,13408.8805,11549.5115,12049.8474,10882.4055,6264.5078,9652.3499,10447.9074,12653.2149,11032.3652,12595.4440,13203.3053,367431.4551,375292.2349,368679.3655,372830.0305,367180.3963,366064.5774,369043.3442,371378.0621,362459656.5804,362456592.5532,362465093.9294,362465817.8761,8617.4138,12488.1682,13649.0865,7132.4355,7435.3600,8780.4411,7381.2180,11746.1006,6281.2228,13136.5924,9453.3394,12791.0731,9230.2112,6609.5913,0.0000,11165.6793,7768.7688,12444.3067,9428.9254,9907.1438,10533.9577,9495.1833,9496.9089,7062.0402,13767.7615,11169.5212,366193.8728,374132.1344,367445.2379,371608.5024,366064.1938,364820.3960,367707.3924,370171.0107,362460918.3607,362457854.3309,362466355.4062,362467079.4974,11770.0282,9359.4658,6033.0982,11617.2717,11016.4682,3095.8045,11201.6816,4780.2276,8254.7525,13153.7540,11870.0358,7739.4421,7145.1880,0.0000,3741.2067,2082.7066,9570.9532,7951.2732,13073.1120,10455.5136,8017.5368,1369.4521,2383.1295,10950.6290,5134.2465,365810.4851,373306.9865,367048.8314,371211.6300,365696.4300,364332.0680,367008.6875,369686.9789,362456833.6834,362453769.9990,362462270.6798,362462994.9268,7306.1501,13729.5586,12524.6990,5882.3806,11022.6512,1601.2778,13544.7737,9192.3795,10635.7942,1109.3478,13301.9371,9322.3463,0.0000,10212.0715,12732.1452,3366.4447,13195.4682,5437.5885,3816.5118,6642.5272,11648.2608,12715.0968,5574.7475,11658.2345,372447.2121,379676.2782,373675.7292,377813.5295,372091.4571,370957.1960,373767.4449,376238.7771,362449918.3195,362446854.5582,362455355.8061,362456079.7886,10837.0045,11972.1854,11392.9838,10663.2094,8129.4543,11223.7532,2361.5783,11081.0216,6558.6969,9390.4142,11846.8282,0.0000,6207.2637,10060.3032,6090.5875,9214.0681,10904.6563,9452.7075,9916.0659,8415.4670,10480.1688,2559.5722,6368.3364,366705.7578,373714.5800,367927.2966,372064.2821,366358.6868,365161.5806,367865.6691,370444.7424,362452207.1792,362449143.8148,362457644.7860,362458368.8629,7248.8633,12891.9980,7721.7290,13555.9018,1899.3514,9198.9534,9920.5899,13549.4182,3133.7935,10249.9050,0.0000,7801.7803,4109.3525,12790.4613,3476.8891,13252.8981,13175.9903,11862.1836,5999.7450,4067.3221,12031.5060,5884.7592,361189.4080,368826.8086,362431.3406,366591.1177,361036.1786,359749.0348,362527.6864,365092.5490,362461837.3547,362458773.7530,362467274.5933,362467998.7558,11762.6329,12059.2891,12720.1788,8304.0825,11298.3263,3567.1588,12217.2119,6562.2622,12061.3214,0.0000,12373.8256,10355.3154,13442.0530,6496.9113,9815.9289,12810.5621,13284.1593,11623.1495,10105.6955,11680.1721,10627.8410,361969.3876,369673.3327,363211.9779,367358.5315,361683.3735,360570.9666,363516.4886,365873.8380,362462364.1863,362459300.4997,362467801.7734,362468525.7364,8965.9393,4581.6141,12149.0746,12455.8093,10867.2268,6772.4505,13684.2366,5360.7599,0.0000,11390.5019,11770.7910,6810.2489,13708.7682,4521.0692,2908.4614,4538.3012,11571.4018,11400.3865,10388.7647,13052.3127,373323.5263,380932.3605,374564.5487,378715.3675,373077.1623,371899.4349,374763.1223,377215.1315,362452613.9354,362449549.8536,362458051.1004,362458775.1144,10083.7092,6137.0217,10147.7289,13377.5130,11401.2986,9774.3129,4321.0600,0.0000,5832.3693,4326.2506,9003.6373,9984.2338,11845.2786,8792.8626,5894.2692,4317.6516,4004.1723,11721.4755,7846.0179,368309.8361,375921.4269,369551.9692,373717.2277,368213.7233,366855.2892,369564.1087,372215.9326,362455981.6767,362452917.8046,362461418.5564,362462142.7875,13158.6416,9831.4301,11136.8796,2662.0737,13498.1756,8012.3809,0.0000,10027.1578,12263.8431,3140.8605,13432.9384,5316.2012,2240.4959,5240.0240,11249.1446,12180.6319,6757.2304,11790.4197,373116.9187,380420.5827,374348.0933,378489.9741,372796.4519,371637.2236,374443.6945,376929.8849,362450003.1874,362446939.3434,362455440.5581,362456164.5645,9752.6442,10868.5110,13509.5108,4888.7669,8873.6662,0.0000,7341.1475,2812.7258,12366.0761,5214.8761,13141.4968,12497.5016,10784.0317,5128.3744,2503.7965,12442.7015,6260.5342,362523.8128,370208.8698,363767.5602,367930.9059,362405.1314,361088.2512,363852.1960,366442.1694,362461175.3546,362458111.6644,362466612.4625,362467336.6538,11048.2758,8517.4178,7590.4324,12069.9098,0.0000,5178.8837,8655.4976,7785.8033,7422.0627,12108.4920,10827.4370,10735.5196,7130.6921,9174.6836,4646.6703,4323.5184,364681.6071,371734.1278,365904.6386,370045.0108,364366.0369,363140.4122,365830.8138,368433.2742,362454088.9033,362451025.5880,362459526.4772,362460250.5886,10207.6796,8705.5040,12679.8291,0.0000,13114.1057,12346.9826,12305.1106,8536.0946,7742.8017,11700.9831,13077.1686,13035.1518,12167.6361,10072.1865,11730.4202,363875.6559,371445.4147,365113.5300,369251.3506,363511.0570,362462.7748,365430.9442,367741.2599,362459908.6464,362456844.9787,362465346.3966,362466070.2886,12876.4436,10020.8446,0.0000,10080.8792,12749.7169,3682.4541,12744.1147,5779.7549,4823.7873,7444.7515,11631.6731,12781.3181,4617.6735,11275.4812,371662.7372,378847.1618,372889.6673,377025.3353,371289.2318,370165.7501,372974.7372,375441.6928,362450154.6509,362447090.9547,362455592.2073,362456316.1812,12058.4346,0.0000,8066.8204,6230.0161,12650.9226,359.3006,13157.7780,13635.7210,12948.4046,7199.2624,6452.5602,10545.2182,5195.3603,360082.0154,367561.7715,361318.4862,365470.3004,359855.6070,358619.2173,361404.2920,363940.4336,362461404.6930,362458341.2497,362466842.1578,362467566.2725,0.0000,8930.3379,8031.6824,8238.7890,12211.9129,9092.1773,6103.8230,3602.6860,8154.8939,7544.1265,12002.7912,10956.5750,371338.3123,379046.8031,372583.2852,376746.1560,371210.3491,369913.2750,372697.9198,375264.7726,362454718.0304,362451653.9592,362460154.9176,362460879.0689,0.0000,0.0000,0.0000,0.0000,0.0000,0.0000,0.0000,0.0000,0.0000,0.0000,0.0000,0.0000,0.0000,0.0000,0.0000,0.0000,0.0000,0.0000,0.0000,0.0000,0.0000,0.0000,0.0000,5036.1214,7671.5072,8132.5283,12851.7784,9970.4594,8237.4595,2673.8947,5595.8048,8217.4507,3483.5615,366165.9029,373415.4765,367396.1745,371550.3096,365977.2965,364645.5425,367291.0064,369977.4195,362454412.2151,362451348.6978,362459849.4013,362460573.6213,10926.0410,6497.0711,13373.6727,11575.1752,9415.4536,2495.5633,789.5768,11600.2797,4989.1346,364063.3358,371629.9322,365303.7023,369467.1817,363952.4812,362599.6754,365303.6063,367955.7008,362458836.1933,362455772.5282,362464273.2323,362464997.4662,12592.2378,8038.9392,4102.3105,5095.4409,9383.3881,11018.4970,5531.2443,9847.2786,372109.7949,379295.4377,373337.5621,377480.8200,371810.3585,370598.5693,373331.3722,375897.2606,362449546.4692,362446482.7562,362454983.8030,362455707.8773,13080.7860,13628.1393,13021.8653,7376.5484,6730.5734,10341.5546,5216.6724,360057.0500,367519.5247,361292.9130,365443.7192,359821.3830,358592.0866,361379.1588,363910.4664,362461289.2930,362458225.8630,362466726.7832,362467450.8908,5584.1452,8278.0919,13300.1628,13086.3460,9187.7375,13538.9670,371495.0335,379031.7573,372732.7322,376873.0851,371152.0234,370072.9867,373004.9907,375358.6215,362453668.9403,362450604.9857,362459106.4275,362459830.3357,3450.8859,10766.4847,11381.8232,8493.5082,12014.9843,373617.5880,381042.9103,374852.9608,379000.7203,373348.5005,372155.8264,374962.4975,377464.4795,362450634.7791,362447570.8237,362456071.9940,362456796.0325,8584.6522,9192.6442,9841.3712,10808.0889,372920.6638,380412.9624,374158.7558,378314.7546,372731.6409,371458.3445,374211.4084,376791.3237,362451559.2712,362448495.2963,362456996.2795,362457720.4096,3089.3547,10211.3184,3887.0713,365211.5049,372626.3557,366447.1587,370607.3156,365075.0353,363718.4807,366382.4014,369066.4630,362456574.4982,362453510.8982,362462011.5711,362462735.8137,11887.2427,5658.1577,364325.8258,371940.7438,365567.7180,369732.1097,364221.6419,362872.0678,365590.3449,368230.1994,362459081.5003,362456017.7887,362464518.5150,362465242.7428,8460.0168,367933.5205,374956.3372,369155.1412,373287.9954,367544.2469,366401.3467,369155.4324,371671.7083,362451537.8887,362448474.4635,362456975.5821,362457699.5941,362925.5145,370179.9478,364155.4888,368307.1070,362710.9744,361409.9864,364084.1247,366734.0915,362457038.5905,362453975.1989,362462475.9377,362463200.1286,26300.3364,1475.2330,5652.4707,9388.4483,5060.4889,13525.9937,7526.2001,362745477.5999,362742428.1969,362750924.5821,362751649.5080,25232.9850,23994.8339,22309.2772,22415.1785,19039.9109,19235.6259,362735143.5480,362732095.6825,362740591.7380,362741316.6732,4275.3937,9003.3446,4928.7814,12965.8632,6242.0415,362745967.5002,362742918.1857,362751414.5517,362752139.4782,9718.8618,7884.7317,13753.8942,5183.8195,362748861.6709,362745812.5531,362754308.9039,362755033.8186,9098.9198,17348.7882,7917.6511,362742281.3823,362739232.2434,362747729.0134,362748453.7292,9718.8618,6049.4138,362741384.4832,362738335.2548,362746831.5292,362747556.4913,10973.1123,362739714.0164,362736665.1540,362745160.8927,362745886.0762,362744597.9708,362741549.0395,362750045.3614,362750770.2720,23278.8249,27736.0842,21800.4194,23402.4501,15244.5209,10116.7549,
5100.000,5974.2879,13409.2422,9362.4072,12829.2777,8496.6555,4308.9836,7501.1714,7080.2638,4543.5956,8131.0262,10875.8015,9942.3775,11695.8516,12902.7037,9516.5607,8243.5742,13456.1125,11053.3330,8062.8502,13306.7707,9915.1692,3359.8071,7989.5000,12052.8435,6647.3247,12762.0664,5792.9709,10018.8534,12148.0305,7334.6801,12308.8550,6533.1997,9325.9719,11912.8216,7107.5950,7504.8714,8538.4164,13696.3844,8179.6623,12002.5317,12347.2877,9917.8453,12977.6989,9225.3832,7607.9011,9061.5118,10910.2337,11480.1310,3977.0337,7349.1543,11088.0871,13270.2059,13140.2210,4279.6789,11883.1972,9837.6910,13310.9546,10168.1552,9875.1476,10601.4663,12198.3073,6624.4885,6406.1029,10365.1891,6628.2833,10973.2945,13515.4165,13715.5479,11782.3501,11599.9556,13768.8760,12864.9170,12941.3047,8889.0729,8277.7464,6959.6665,10017.2096,13325.0838,10104.5930,8758.1804,7918.8812,9404.9346,4708.5853,13297.0055,8406.2514,10163.2800,9330.2469,0.0000,3677.8381,8442.7998,5196.0896,11761.9380,10261.8568,8086.8018,6525.1235,5659.1912,8844.8506,7779.6273,5934.2074,370680.0265,377879.9231,372202.1477,376164.1234,370527.6725,369397.4414,371747.1771,374827.2109,362450760.6464,362447273.2198,362455417.2784,362456238.9536,13334.9479,7850.7643,13693.9688,10395.3217,2343.4201,2204.8440,6638.7936,8606.1442,9963.9587,7315.1639,8560.7793,9027.5611,10085.4236,12764.9581,6056.2973,12416.1033,6617.2586,10074.6401,10311.1289,12841.4852,4878.2267,5078.3282,13135.6217,2311.1098,13725.5318,3621.7899,8484.1953,9093.8415,9739.3639,12234.0512,10146.5177,12591.1386,9145.9660,11434.3055,2602.0420,12305.4308,11521.7544,11774.5120,7892.4544,8584.6004,11328.4216,13510.0513,10408.7598,11519.9879,9114.7306,9861.8434,9046.2802,2464.1299,9495.7476,13346.4307,13554.1433,10914.8961,3133.8981,9892.0878,12139.9842,13103.8311,8142.1842,6486.9175,11190.2402,13117.5672,11165.5924,11025.1454,9193.4496,10274.4141,9976.0854,12173.8764,12083.7351,13415.1325,8591.8294,11823.0371,9465.8818,10649.6796,10118.1768,6974.3383,10499.9812,11745.1081,13489.4479,5353.3352,6982.9627,5289.5778,10847.8021,9814.4775,11524.9755,7739.4060,12729.3755,5518.2138,0.0000,8841.4336,10832.1701,4776.5534,13615.5533,6128.8568,3937.8116,2472.5522,9532.2677,10737.4138,9855.7944,10376.7385,373147.2048,380683.8126,374674.8468,378647.4525,373030.0838,371929.6265,374387.5901,377380.4531,362452061.3466,362448573.5632,362456717.7994,362457539.4152,11736.1963,2907.5833,9117.0977,13812.5576,13041.9377,11452.3469,12578.4302,9193.0718,10742.9693,11018.9870,8120.0409,7918.9469,7851.6455,11259.1798,2475.2968,10135.9336,11261.0393,6586.0059,6735.5489,13750.0138,11750.6044,3794.1300,12935.2061,2483.4795,13597.6854,9225.9461,9123.6464,10059.3790,4120.2674,10381.3757,7648.8184,9597.8585,10184.9125,13006.1727,8566.3818,5177.3765,8830.2515,9363.4375,9056.2126,9550.0205,3887.2144,8658.3552,9215.5731,9298.2914,9990.7706,8161.8648,13808.8652,10152.2688,5242.6617,1685.3907,7189.0374,13809.6926,7267.8143,9002.7222,1250.1571,9453.7134,11734.9801,9444.1682,6079.5459,10424.8517,10538.6697,8801.2423,10271.0281,9934.8451,3078.9520,3550.4103,5739.0964,8477.3008,4557.6833,7494.2707,5894.8657,9021.5558,12410.0249,11201.5331,7242.7652,1043.0124,11632.8033,10686.2246,12719.5829,8228.4089,11647.1724,6461.4102,12029.7405,6627.1457,11114.5491,0.0000,11962.6149,8944.2408,13461.9952,4308.0942,11374.4625,12753.8483,12880.9245,10983.0703,8543.7418,11374.6159,10675.0876,360678.4480,368330.1151,362206.4996,366176.1522,360489.9197,359492.3074,362075.0679,364927.6221,362462971.9778,362459484.6112,362467628.9727,362468450.4944,10946.5892,13677.1848,7271.6051,6404.6508,12408.6882,7521.1079,13375.0036,4050.6394,1080.8260,12110.4376,6621.2881,10741.2184,11952.4562,11757.9926,9667.1590,5298.6284,9597.6499,12218.6189,6675.2837,11350.9115,13180.4799,9623.2639,11622.1980,5148.2029,12875.1622,5274.5048,13352.8067,13182.9411,12932.4608,12648.4184,4331.1919,10401.4716,5848.1073,11943.8029,9262.9651,12861.5570,7586.2796,6991.7692,5749.2356,9811.6191,13791.4014,12373.5059,13366.3859,2810.0718,12335.4070,7562.4207,13349.1603,12368.5738,11065.1895,6782.4977,6630.8256,12651.8813,7664.3343,12255.7447,12639.8882,2979.3576,4881.6853,8452.2716,10737.9173,10832.1164,13265.2572,12918.8883,2938.2044,11607.3164,10496.9959,9678.5512,11743.2609,9667.3407,9887.5192,11810.0497,13721.1145,1421.7165,7653.8009,13804.0007,11345.4361,5796.0437,12433.6445,2856.3823,13802.3361,10309.7982,7213.1164,1418.0714,13199.5433,10936.3774,0.0000,11106.5297,13621.3885,4927.2025,12133.5210,4573.0299,4556.1628,9752.3796,12597.5612,13631.7224,5283.0269,12204.1421,371468.8449,378836.1533,372991.8215,376948.0470,371169.0030,370245.5343,372824.4558,375643.2011,362452345.8935,362448858.2933,362457002.9085,362457824.3237,9740.7308,13685.5844,13400.4009,12424.3432,11102.9390,9811.9729,10968.2382,10172.9417,10284.6340,8547.5560,5674.2312,12559.0432,5220.0480,11748.0593,9409.3753,8441.4646,5416.6459,13070.7365,12964.1124,4680.9607,13688.9152,1136.9495,13258.3747,10963.2877,9487.0248,10430.4190,6230.4661,10150.0585,6586.8391,9627.0729,8379.7671,13257.5616,7090.8664,6657.2505,8102.3272,10595.2823,10081.6646,7488.2921,1781.6512,9649.2026,8256.0591,10605.9217,8983.4579,10294.0773,13679.9069,10631.7210,4047.7862,1420.7695,7534.4905,13498.9539,9529.7408,6607.6495,3973.0685,11242.3288,11683.3600,7642.1541,3722.7568,8804.7375,8992.8758,10590.7625,9997.4526,8899.8693,5744.1600,5641.4396,2973.3487,10574.6268,6173.9866,9435.8925,8366.6349,9961.9377,11613.8855,9242.9586,7926.7817,1938.0889,12265.3788,12109.7455,12352.3394,9107.3319,10306.2285,6620.7325,11015.9680,6215.0193,12587.1031,0.0000,11153.5091,9292.0499,12816.8568,2914.3240,11741.6286,12833.6255,13633.2833,10704.5240,9156.7057,9564.9155,9896.7559,360693.0486,368155.9635,362217.6868,366179.0473,360445.0246,359477.2663,362041.6063,364890.9616,362461340.9937,362457853.7625,362465998.1549,362466819.6508,10631.0611,11672.2539,4983.7888,10440.3063,442.5219,13369.8267,13654.4346,7831.9022,13049.5370,8526.5986,6478.8384,8993.5821,10386.9105,12307.2660,11276.1021,6346.2577,10882.9553,7409.9381,6052.3218,9154.3919,8942.0425,11987.4894,5394.0392,13329.8206,1403.6665,6020.0230,3088.2425,5532.1491,13686.8456,8270.5677,11901.7043,6503.6836,11676.5140,4346.1300,12172.0413,12685.6177,12468.1429,10953.7629,1253.1815,5004.9537,3019.7988,13718.8550,7327.6846,10370.9908,1462.9933,6877.8555,9817.6897,13062.7508,11010.2252,7034.3865,11494.8947,8389.9402,6129.0043,13473.2385,13084.2450,11724.2408,7703.6629,7504.2118,4963.1861,3150.1881,13731.7805,9248.9230,10534.4263,10559.1132,8281.8983,11380.4435,10859.0158,8819.2487,1130.0848,13363.8126,10771.7753,2389.5585,9522.1889,12626.1722,5819.7359,12982.2392,1217.4492,7797.3829,12883.0229,13301.9818,4713.0878,8426.2262,0.0000,6352.4206,1044.1197,11863.6915,7712.2853,13055.2891,12543.2177,8932.1216,3719.2038,700.2046,12193.7157,4939.0718,363572.8306,371066.6307,365100.1229,369075.3195,363526.0834,362331.8006,364695.8284,367797.9577,362458758.8772,362455271.5239,362463415.4114,362464237.1650,3549.0064,7562.0512,6707.0989,10208.7033,7983.5016,8089.2040,10689.0695,10896.5892,11886.2205,7580.0867,13295.7976,8605.9489,8634.4312,11638.2951,12355.5671,2644.4388,6785.8607,13440.6145,4242.9648,13787.7702,2372.0878,9877.1654,9808.0359,9776.6646,13003.6557,9692.1080,12064.2934,9608.8008,10153.0922,3556.1277,11489.5716,12457.2278,11222.1252,9366.0908,9816.7690,10308.1817,13449.2786,10908.1103,10793.8929,9996.6047,9476.9446,10659.7971,401.1115,9627.7302,13089.5591,13784.9970,11514.9700,956.9721,11360.3370,11064.2327,13722.4757,9683.3209,6805.2747,10384.2092,12706.8396,9898.3159,9761.1634,10483.2798,9801.6773,9584.2807,13147.9658,12994.5469,12921.7156,10336.7621,12725.8613,11015.4755,12060.7995,10601.9693,6113.5324,8914.4865,11998.6265,13811.9754,6673.9323,8419.2427,4849.5200,11243.3629,8339.8731,12005.1977,6758.4487,12536.5536,7524.6477,0.0000,7624.6340,10872.4782,3011.8019,13445.5519,7019.5650,4383.1990,4299.4684,8965.5370,10961.6989,8376.3632,9504.5511,373281.0844,380662.9130,374806.0720,378772.7031,373127.4974,372037.2513,374467.0695,377473.5148,362450540.4483,362447052.7758,362455197.0042,362456018.6152,8257.5242,9129.6971,11262.9147,5393.6569,7110.5668,9152.9082,8557.6256,13089.8685,7324.5254,12068.2010,6014.5515,9697.0716,9310.1840,13395.2729,5586.8040,6339.3009,13472.6969,3936.4623,13580.9876,3255.1935,9347.0482,7388.1647,11185.5455,12512.3144,11556.0032,13345.9677,7401.9671,12097.2131,601.9786,13045.5966,10477.2986,12800.3484,6438.1888,7004.7371,10707.1712,12960.5682,11580.7879,12534.2312,10307.1885,8473.8636,9307.7833,3856.7748,10965.0369,13705.6552,13170.6725,9492.5183,3875.4095,10130.6958,11856.2503,12937.3786,8909.2162,4541.6724,10288.4455,12498.6402,11974.5337,11889.5087,10043.5400,11654.9954,8600.1513,11760.3813,11357.4132,13113.5667,8625.2079,10876.6269,8582.4820,10362.9475,11358.9000,5728.6569,10686.3036,12683.8114,13144.8438,3393.7208,8164.7883,3805.8955,11956.5548,10838.4859,10225.6225,6623.5977,13456.1805,6095.8336,0.0000,10244.5490,12067.5655,4653.7182,13790.5549,4114.9246,1994.0292,4156.5779,11033.2312,11913.3958,9519.7367,11658.8010,373461.4648,381041.0187,374989.3924,378960.8705,373311.3157,372258.3294,374769.9893,377702.1954,362452367.7452,362448879.9127,362457024.2800,362457845.8352,10522.1025,4582.9008,11492.4511,12693.5674,6447.3882,12292.7096,11564.9543,2164.2691,10468.1528,7538.9523,12684.7300,10599.0647,10201.5419,8918.0869,2892.6769,9653.8711,4799.6516,11902.6406,9369.2398,3759.8774,12149.6531,4543.6020,8527.8135,6100.3248,9567.0824,12569.4889,10626.8489,8667.2400,10012.1692,11843.1083,8329.2590,10203.7426,11077.4813,13371.5169,13114.0204,4791.8126,8563.8059,3216.7286,13302.2063,6028.6879,7313.3722,4100.8122,10691.0350,12223.3746,12815.9618,8279.1148,6577.4117,13155.1757,10721.1905,3984.1431,11397.8185,13648.9234,13586.8551,10062.9862,9831.3826,4208.7940,6287.5693,13364.9293,10403.8918,11332.7513,13049.8363,6524.2376,11804.5993,9638.6252,8686.1418,4401.1370,11851.5085,11837.7845,6904.3583,11929.8710,9847.2514,2210.1406,10774.7455,5484.0085,9202.9467,13052.5941,12186.3355,9075.0808,4588.0510,0.0000,7298.9442,5820.7466,9789.0104,11270.5194,10696.9611,9724.4695,4552.9312,5834.0837,5526.6496,12502.9169,7548.8792,368142.7823,375758.9819,369672.3433,373652.7075,368128.4256,366923.6530,369306.5384,372402.4392,362456359.3292,362452871.6997,362461015.6388,362461837.3886,10181.5445,10380.4630,7877.4677,13488.1858,12046.3948,7152.9681,11441.2985,13307.5343,12738.1664,4086.7565,13460.4037,8820.9522,4306.5733,11228.5425,11886.9252,9872.3121,11362.6080,6518.2354,12508.6968,11296.8869,9588.3953,12854.2966,8173.7925,8656.3348,10732.1308,4807.4669,8846.0116,7335.5048,13077.0840,8284.4620,12440.2323,12312.3695,6284.9908,10875.4983,11215.5782,7444.6131,11579.5310,8503.5592,13373.6366,6612.5230,9773.2686,9968.8097,11877.0288,11876.1607,6050.0968,13520.7107,6178.2489,12902.2679,12679.5577,9342.0980,7290.4102,9424.8441,4860.5530,4862.9448,12704.3826,8137.0119,8526.9015,13465.1728,13253.4618,9151.3254,13415.0006,13135.7438,13518.2535,13824.5654,11037.5400,6669.7541,2795.3638,11072.6909,12146.9858,10776.8695,11791.6189,7481.9088,11098.5543,3665.5134,11807.3095,6237.5655,9980.2499,12041.1429,0.0000,5084.2591,10019.0326,5150.7813,10444.8429,10317.5826,8670.2659,9818.7730,7628.7901,10499.7230,3804.6109,6662.5879,369389.5006,376433.3913,370908.0576,374859.0918,369129.2146,368091.7304,370488.7401,373488.2576,362450613.3402,362447126.0755,362455270.3124,362456091.8873,13063.7037,13377.3083,7652.4249,12846.7529,8559.6994,6107.8729,9013.4707,10083.0739,12094.8593,11117.9398,6486.8926,10502.5270,7018.0020,6254.9414,8723.1112,9048.4982,11589.9661,5172.0734,13083.9920,1170.1103,6140.6977,3001.3724,5683.8450,13434.9250,8204.5611,11497.4090,6572.4602,11568.5397,4461.8194,11901.1015,12432.0027,12314.3271,10968.6792,1339.3098,5056.0768,2808.9911,13487.1395,7153.1017,9947.5883,1143.9843,7043.9736,9879.5821,12893.4648,10600.1255,6921.9802,11400.7980,8478.9700,5887.2621,13139.6518,12913.6516,11687.4027,7630.8641,7425.1771,4800.0499,3085.3226,13503.8929,9244.3848,10486.7768,10575.1759,8074.2782,11295.2203,10668.3060,8727.5005,1091.4204,13037.2379,10600.0274,2704.3679,9591.9655,12273.9450,5485.8692,12619.4082,1479.1706,7625.6570,12744.3389,12998.4481,4944.7484,8072.8189,0.0000,6121.5879,1301.1935,11486.5703,7861.4907,12719.2909,12158.4042,8499.8674,3539.1838,1041.7480,11974.1098,4854.3564,364007.6726,371502.2712,365534.9822,369510.1486,363959.5454,362767.1799,365133.0495,368233.0602,362458436.9700,362454949.5983,362463093.4954,362463915.2457,3990.2349,9521.7719,3915.5520,12369.2404,10383.2650,9968.6063,6494.3133,8691.4846,6516.7864,13057.2746,8653.5348,9737.3465,12636.0205,8483.1204,11494.8319,6394.0379,11051.5445,2355.8516,13318.9080,11845.0447,13534.0724,13508.7188,2204.2508,12505.5591,5048.9780,13279.9881,6899.2496,13693.6864,3830.0354,3278.5177,8481.0018,9965.2683,13117.0128,13465.1478,12246.0228,4668.3690,9889.3015,8291.6294,13199.2930,12833.1395,10565.5368,4851.4252,7793.1693,10325.1519,10119.3444,11026.8745,10626.7794,1710.4464,7394.8505,9493.4606,12721.6625,12773.2163,11514.3629,13550.8903,4785.2563,9610.9215,8431.4802,10786.1043,9028.6184,7459.6680,6609.4390,9195.4718,13085.6289,4777.2327,10606.3107,13424.6164,10657.7445,2738.3840,10821.9220,4157.7907,13251.0606,12375.6491,5761.0890,5276.2154,13514.2759,8682.1502,0.0000,12594.2517,13573.1875,7028.0464,12455.5551,1417.6946,3975.0991,8657.0256,13313.7738,13327.2258,8685.7292,13389.7771,371183.2700,378819.2908,372710.8526,376677.4470,370946.8180,370005.5243,372633.2220,375428.4801,362455014.6946,362451526.9050,362459671.5324,362460492.9565,11976.4744,5943.4717,10340.4814,12219.8663,11134.3897,9726.2727,5213.3200,9098.4893,11838.5270,7466.8874,11689.8610,12684.4209,10181.3316,10907.1260,6076.7171,12895.4506,4723.5762,13426.8138,12748.1353,13008.9022,12365.0702,3713.1590,10303.5937,6584.8067,11711.2018,8539.8795,12724.9919,7393.5429,6655.7939,5171.0378,8945.3579,13734.0476,12267.6811,13395.9833,1736.6043,12217.5680,8360.8821,13439.9421,11870.6301,10278.2186,5944.3428,7483.1882,12448.4715,7148.5660,11611.6329,12678.2625,3360.9049,4109.1755,7583.1324,10698.5673,10817.8746,13232.7980,12980.1237,1868.1015,10998.4261,9796.9741,8933.4859,11639.7035,8932.7644,9541.6413,11427.1047,13701.0692,2439.9786,7637.0920,13594.0299,10584.4505,6103.9364,12622.5612,3798.5852,13698.5322,10480.8347,6302.0078,2101.2460,12871.2847,11181.4769,0.0000,11376.8393,13566.2930,5823.8443,11547.5961,4805.1450,5309.6198,10301.5700,12750.6281,13554.6984,5257.6127,12280.7663,370586.9087,377968.3509,372109.9271,376065.7305,370277.7796,369367.8203,371962.6668,374763.4051,362453204.4163,362449716.8403,362457861.4805,362458682.8816,8581.0583,12505.7705,4980.5833,6033.9741,4109.3431,13757.7233,5392.5460,11001.6413,12160.9883,5414.2934,8148.6881,7536.3125,9831.0983,11337.8340,3131.5494,9128.8740,8513.8269,5722.4849,10101.8337,11040.6956,10017.9752,13057.8390,9485.0151,11919.6004,7174.8481,10806.5673,6440.0334,7339.1224,13331.8389,10792.9138,6802.3219,11249.4215,5342.8217,12039.7969,589.8135,10668.9968,8203.4775,10476.7342,9382.9213,9207.6559,11224.2723,1412.1204,13471.1572,7227.2285,2680.6731,10398.5073,13029.5035,12047.8472,12847.2074,12760.5947,3346.6380,10172.2579,12085.1556,5652.0572,6602.6214,12032.7558,719.8692,7127.3822,4289.3651,2849.2151,6889.1344,12263.2527,13809.3765,7857.8624,8915.5751,8332.2757,4455.2617,11259.4452,7191.1451,12799.2799,9500.2512,12562.6277,9876.2950,4177.7489,0.0000,11757.0715,8568.0043,12015.3446,10396.0875,9136.4888,10027.7954,7491.8389,10309.5387,7814.6825,13701.6447,11360.8136,365991.4375,373910.7245,367525.0899,371510.8599,365955.4442,364838.4000,367375.3303,370321.6010,362461063.5001,362457575.7269,362465719.9222,362466541.5573,11660.3984,11162.4204,7119.2475,6870.3648,9818.9817,3853.7870,12001.6389,11371.5507,10865.6282,10670.0371,10603.3421,9110.6312,9665.6080,10753.9092,1631.8145,13391.5879,9829.7214,13746.2871,12709.6854,2511.2043,12735.5515,8350.3972,12819.1964,3345.9309,13306.9557,3619.1828,2415.7499,8583.8125,7494.6591,12604.2350,13266.2358,12012.3793,5343.5160,9010.1934,11121.0237,13311.3862,11289.5569,7817.4119,1393.2561,10774.6680,9056.9544,9853.2151,8323.1543,10413.6125,5484.1592,7410.5267,7739.1846,13043.6022,13143.0358,10980.2211,13721.8141,5369.0395,6738.4135,5165.6486,9140.5211,8257.8478,3961.5335,4786.8220,7124.9789,12716.0942,7696.5544,11480.4420,12441.7741,7869.4933,5692.1378,11245.8784,7646.3456,12596.8171,13291.0790,2448.2714,7738.8004,12375.4765,9541.6662,0.0000,13637.7390,13196.1190,10046.6800,10615.0293,4978.8427,7549.5615,10719.0438,13804.4251,12824.4466,9909.5355,13756.0994,367696.1757,375430.9402,369224.9362,373193.1181,367456.8996,366538.5082,369211.7141,371963.4088,362458680.9166,362455193.1954,362463337.8554,362464159.2581,12535.1713,9627.4408,13597.1223,6868.7300,12140.7371,2866.8552,10440.8948,12895.2786,6757.3801,13069.7601,5710.7698,11800.9375,11845.3570,11876.2459,8537.1087,8921.5721,7151.2848,3545.9711,11643.9880,3075.5267,12909.7694,2599.9598,10933.7631,4825.8832,13074.3516,12749.6112,6216.6709,6226.9251,9169.6714,4377.7671,10542.5418,9718.8169,12334.9754,11774.6322,8905.6190,3743.7770,6904.2813,10891.3788,11551.5351,11848.3194,4250.8317,8364.3469,12277.1605,12298.5046,7401.6664,5628.4161,3638.3351,3905.5252,11567.4448,6953.6930,9654.8352,10097.2081,10248.6738,3964.0274,12760.0204,10636.3057,12688.3854,11743.4389,9296.9877,10805.0591,5150.3076,7551.9117,7229.0887,13329.9212,12278.3218,11780.0058,8589.2013,5574.0008,10234.5463,10080.8256,4922.4643,13328.5002,0.0000,7083.3463,7694.4959,10862.9536,4187.8723,12821.7435,12649.9647,12961.9906,7509.5011,8109.3684,6929.0698,5911.7611,362384.6930,369522.4790,363904.4355,367857.3773,362124.6929,361103.8315,363540.5184,366503.3416,362456946.7483,362453459.6918,362461603.9066,362462425.4761,9880.5434,5637.9021,13093.9249,9245.2834,11254.8833,9360.4722,1152.8598,10087.8041,3942.5783,12109.7558,9139.9650,2993.1557,11031.4407,6346.5512,8489.6907,7932.3518,10817.4900,11580.0302,11887.4726,7797.4733,11315.8310,10820.7902,9830.8286,8646.7246,9657.7986,13606.2762,13090.0914,5959.3514,10079.0278,3984.4575,12850.4020,4668.0199,7426.3250,5913.0179,11483.8838,12143.5219,11863.9545,8354.2119,5510.0775,13671.2202,10501.5368,2760.4914,10472.0020,13640.8950,13675.6948,11429.2992,11235.6864,3765.3722,8095.3607,12923.3738,9682.6385,10494.1057,13409.2668,4891.4691,10857.8559,8099.7487,7513.8457,5684.8325,11518.6923,12683.8371,7963.1669,11814.9870,8492.9712,1049.1044,10224.5680,6646.2570,10642.1040,12235.2902,11969.1386,10171.5538,2512.1705,0.0000,8965.9360,7352.8852,9837.7444,11865.7347,9509.8878,8879.9453,3763.6726,7726.5458,6891.3662,12930.8473,9276.1971,368819.2308,376551.8300,370350.5567,374333.8803,368807.8110,367624.1202,370054.2947,373107.6636,362456982.6213,362453494.8753,362461638.8994,362462460.6165,8239.5945,12239.8716,4721.1129,8326.1408,13706.7999,10350.7286,4799.9103,11767.2018,4840.3198,13199.4128,7706.7122,8394.1170,9986.1926,3498.3300,10757.2546,9007.2453,9115.9050,11521.5481,12115.1162,9991.8610,4068.2667,9809.5670,7807.3817,7726.5731,10773.6297,5836.1863,8258.8628,10255.4413,8366.7636,10330.3157,6161.1652,13309.3568,9960.7173,7035.7666,3951.7392,6781.4400,13431.5571,5274.1121,10566.9015,1852.8796,7799.1507,11129.2480,10465.0289,7816.1024,11645.6744,11706.1637,7349.3433,10695.7719,10303.4501,669.8398,2187.2683,7780.8610,6378.0084,3481.5084,5434.1257,3531.0905,8598.4376,12403.7850,12374.3554,7450.0562,3389.7028,10451.9178,9291.1892,12337.4561,8029.9632,12527.2944,6368.0347,12226.9294,7791.5194,9433.7920,0.0000,12462.2812,9106.2859,13336.9665,6339.5763,10431.3975,11997.2958,11728.6913,11286.4365,8523.3676,12316.2651,11387.3138,361857.6565,369648.0880,363388.1977,367363.8498,361712.6142,360693.8961,363290.6036,366144.9079,362463285.5706,362459798.0556,362467942.4110,362468763.9473,12702.4374,5046.7002,12888.4399,10454.4914,5180.9324,10969.8015,5753.5455,11664.7833,8796.0121,5969.1122,6798.7092,10613.1016,9010.5334,11818.9505,12999.1281,7649.6046,13726.1725,6343.3324,13424.7583,7188.1116,12729.2946,3543.9099,4786.6182,12586.0469,11658.0723,9668.8906,12891.1637,8055.8303,10193.0881,4517.2694,8722.4411,10301.8693,12558.9071,10942.0298,7970.7154,9111.0507,5417.4937,13353.8235,9653.1180,5278.8594,7298.9935,11986.9897,12306.6074,13599.3909,13528.8240,6590.6056,11905.4460,10276.9013,7734.2554,7703.3992,12824.3144,3410.6771,7505.1012,3673.7753,5373.7752,9621.7508,9784.8091,13425.9069,10792.9568,10656.5268,4684.8596,5903.4045,8402.9287,10088.0260,13159.3648,8678.6909,10346.9391,12296.9429,3305.0022,0.0000,12306.5559,11038.2036,9815.9389,12404.7544,5773.9909,6829.0020,5858.4485,11726.6733,10477.4411,12625.7324,12654.4953,369633.2696,377528.4173,371166.2582,375148.9520,369553.8542,368483.4683,371056.3114,373955.1345,362458218.1680,362454730.2578,362462874.6056,362463696.1765,12114.8176,9152.1561,6629.3546,12838.4245,11756.9416,11543.8948,10047.4000,7379.1260,13668.1852,9121.8251,11849.1451,12808.3853,10656.1201,9546.1623,8331.3070,6156.2184,9257.4315,8353.2906,11175.9349,9923.4712,11292.6762,10755.8612,2588.6475,8592.0685,12830.1921,9200.0436,13195.4380,5288.9105,13788.7950,8711.5436,12032.4977,9755.7770,10187.7893,9353.9292,7864.1097,13804.8531,3558.8615,11925.7516,13743.8388,7899.0624,3498.2115,6629.7272,6703.1233,6887.1346,13820.8457,10573.1108,5269.1541,12380.4946,11671.7081,7056.8429,13642.5913,11284.6699,12578.3691,13330.8409,12780.2079,5151.5809,2779.0521,12245.8891,10608.9957,10100.0873,13365.0054,6817.1650,12606.9893,6700.3956,9164.8085,4205.8279,10706.0877,13051.2216,0.0000,8413.5626,11864.4098,6153.8541,9774.3191,9169.7946,8491.9365,11556.0643,10386.6133,12175.2011,313.1847,9257.9144,368540.3946,375632.8758,370058.8216,374006.2015,368209.5430,367264.0545,369757.0132,372643.9435,362452011.9442,362448524.6702,362456669.1330,362457490.5976,11549.6990,12599.4598,9216.9187,8971.3905,9961.3168,8547.9725,11151.0386,8102.6127,5007.5273,11903.8507,7304.0737,12789.2773,12119.1302,6060.3307,13356.7426,9349.9568,12692.2756,2417.6031,12569.1554,3513.5388,3499.9765,10976.1846,8121.5900,10521.8573,12794.2323,9727.4520,8668.0716,5880.8801,11774.2459,11748.6542,10645.4236,7320.9616,4441.8128,11808.3867,5801.3524,11663.2436,6429.4726,7737.9402,8004.9551,10157.4339,9273.7871,13486.9445,13527.1891,8234.0756,12787.1547,8692.0431,4117.4494,3245.4135,10067.7067,5168.9766,2754.2049,1514.6154,3561.2930,10689.7476,10343.7444,13084.5907,10581.5800,7051.1036,6806.8881,9067.0208,9831.4564,10594.2148,13787.2127,4854.0478,10488.9589,11268.4933,7660.7818,0.0000,13613.5479,11625.0232,11709.5487,10039.4347,6895.0485,9110.7389,10027.4836,12995.6789,11044.6622,12162.6080,13341.7001,366017.6566,373912.4425,367549.6560,371527.1647,365865.2599,364878.5873,367528.6083,370331.0524,362461218.4599,362457730.6941,362465875.2014,362466696.6826,11411.2298,11840.4678,4443.8419,12631.2068,4879.8582,12684.2318,10081.0079,12443.0744,6688.3524,6772.5779,5692.0279,1255.1281,12467.1886,4651.5323,13338.0707,2097.3058,10616.5952,3030.2860,12938.7463,12817.9369,8499.2012,6656.3301,6903.9237,3189.0005,8560.2715,11266.9988,10742.5891,12198.0854,7068.0788,1695.4224,6346.4685,11357.3018,12238.2788,10117.1248,6797.6499,6877.9209,10627.6298,13195.6194,9438.9101,7038.1180,4711.3037,4807.3665,9649.8973,5484.2758,11216.8072,8855.6966,9508.7968,5272.0624,11387.0007,10213.9026,11947.8129,10349.0513,7113.4295,12269.0202,7452.9050,4964.1202,6430.0040,13617.9582,10793.4295,12856.9795,6219.4702,6428.5891,10726.7156,11715.9856,2102.9462,12314.5791,0.0000,7067.8271,5476.7939,11991.3519,2795.2069,13368.4125,13316.1667,12487.6667,6360.2099,5811.9084,9174.0001,5186.0523,361136.2019,368399.5997,362658.5281,366618.7921,360941.4248,359870.2568,362291.7747,365290.9234,362458882.6587,362455395.5634,362463539.6700,362464361.2957,8773.5916,13308.9430,6612.1607,13269.0966,2860.0062,11271.6042,10290.5454,9946.5489,13407.0484,9296.8646,11152.5265,9858.7138,8406.3003,5366.3282,10260.6761,12938.8539,10428.4039,10649.4776,10827.9107,8693.0646,12763.9452,11391.4353,9814.0855,10955.1087,8764.5394,12105.4470,2617.7253,9924.7039,12328.2344,13430.9401,11705.7660,1886.5198,12612.2949,9338.3863,13842.1182,11216.5346,7330.3158,9038.5305,11654.7918,8236.8203,8134.1501,11737.8212,9361.3026,8851.6314,13665.9641,13424.9694,11780.9967,11899.0816,13156.3136,12255.8125,13134.7482,11114.5727,5393.0100,6730.2696,12056.2462,13565.7563,8138.2635,10039.7160,5018.7780,11566.0452,6618.1063,12020.2540,5704.8426,11981.4142,9574.9470,0.0000,6516.6933,10871.7555,1967.0153,12728.7178,8049.3412,5583.2848,6621.6798,8553.3113,11134.6559,6337.8288,8569.2292,372545.0881,379768.4534,374067.1400,378026.6415,372341.6225,371276.2372,373690.5620,376694.1267,362449715.3176,362446227.7929,362454372.0387,362455193.6296,10842.4939,2891.5388,12604.6165,8327.5604,3969.5250,10587.6484,7166.7655,9275.3372,8574.4616,11443.1920,11102.9513,12133.8867,6843.0672,11813.5983,10862.8453,10478.5637,8182.7960,9224.7807,13459.1684,13350.2531,6970.1930,10640.4665,5068.5037,12443.6729,5210.9866,6663.4791,6754.1348,12095.3960,12552.0921,11655.8236,7598.5171,6155.1499,13692.1234,11071.1857,3598.5072,9738.5827,13424.2947,13796.6357,11703.8537,11516.3133,4777.6707,8737.4616,12526.7238,10109.6777,10740.3761,13667.7114,5176.9577,10969.0191,8030.0237,7903.2136,6689.7046,10868.0442,12610.7313,8884.5258,12258.5818,7679.8541,2170.6113,9447.1247,7625.5333,10789.3940,12111.5644,11398.4521,10914.4857,1984.9984,0.0000,9179.8718,8225.3808,9145.2157,12438.5941,8761.4364,7994.7349,2739.2451,8273.0741,7818.0514,12665.8890,9748.7981,369868.8277,377597.4656,371400.0432,375382.7233,369846.9556,368674.9109,371114.5405,374155.8107,362456175.8920,362452688.1048,362460832.1686,362461653.8694,12394.6320,3601.3106,13815.3150,7921.0868,11562.0433,7138.1682,2726.9894,7483.0449,4934.3518,11975.2808,8684.0206,13528.2003,6334.8153,8284.2924,5876.2213,11273.3306,11291.0407,10642.5445,6303.8899,5751.7064,6527.7499,7064.1660,11985.3332,7917.9676,13326.9347,7307.1311,3222.6262,4565.5643,10158.4197,13544.2869,6976.1456,9533.7714,3254.4908,8437.2452,13287.4305,11018.3178,7947.1185,8672.7401,8708.0674,7299.0746,7360.0297,11944.6860,5386.1134,6643.5804,6740.1728,8680.8566,7741.6074,9351.2869,6988.8491,6167.6021,13482.9947,10816.3233,3818.7400,4185.3518,12963.7586,9357.4057,13655.8053,5132.8114,9921.7211,9569.4734,13130.2032,3372.3523,10796.6261,0.0000,9856.2950,5729.2834,13570.2817,3153.9515,12943.7091,13598.3219,12266.3026,8270.8370,5385.1117,11799.0606,8083.7004,360049.3185,367610.6089,361576.6744,365547.8789,359914.7587,358835.1600,361321.4015,364281.4251,362462375.9966,362458888.7276,362467032.8659,362467854.4896,13541.5125,5838.4484,6636.1842,9903.7988,8601.5713,11182.8173,9450.2721,12281.6235,10189.3555,11905.1718,4463.3515,12272.1736,11449.7778,11333.6749,8000.7883,8922.8272,12559.7623,13761.7897,9005.7730,11252.4056,7427.6552,11265.4097,7476.2211,4185.3251,8272.4718,13061.8554,13424.5908,11464.9619,5123.9986,8408.7958,13111.3644,12494.6848,6267.2852,8045.3837,12473.2782,13739.3845,11534.6003,11359.9194,7404.0545,9605.3868,11368.5530,11512.7502,11736.8560,13841.6644,7143.8408,11679.5549,8899.7429,9608.5183,8696.1560,8910.4917,11633.2459,10659.5665,13254.4088,6280.0469,4944.6673,7293.6020,9558.7838,10292.9923,12036.2504,9589.1862,12142.7030,3670.2902,0.0000,8917.2584,9770.3591,6841.4466,13385.6005,7316.2667,5793.4527,265.9570,8918.8693,9557.7911,11338.1190,10121.6280,372104.1179,379733.0021,373633.5625,377611.4103,372037.9271,370897.2241,373340.9151,376363.9034,362453614.6662,362450126.8593,362458271.0040,362459092.6666,13551.8695,10344.8549,10075.9259,9726.5834,5334.6491,9550.8702,5995.0368,10296.4507,8377.4924,13484.8705,6738.2592,6976.2292,7492.3343,10839.9793,10447.6096,8306.7326,2895.3371,8815.1510,7762.3115,9875.3021,9822.2168,9790.0768,13754.7728,9930.1623,3341.9127,1640.1494,8205.3834,13667.2600,8957.3892,7300.3916,3316.7756,10680.5433,12212.3001,8541.3742,4772.3515,8712.0886,8871.8136,9906.0752,9398.1283,9747.9984,5433.1190,5701.8450,3769.4285,10186.6003,6443.2794,9430.0641,7993.4325,9155.6944,12207.0192,9640.4799,6998.8714,1797.8106,12572.5483,11585.4472,12819.5368,8242.7718,10225.5801,7354.3290,11659.0000,5378.2158,12293.1938,0.0000,10894.1581,8496.1535,13146.5933,2195.4721,12166.9025,13175.6494,13467.6871,10176.2282,8327.9159,10177.2962,9462.8511,360228.2018,367713.8039,361753.4674,365717.0834,360005.6463,359012.7567,361559.7956,364433.8330,362461819.4889,362458332.2616,362466476.5931,362467298.1186,11100.9939,8377.9297,11271.4348,13486.8978,11035.1340,12611.7453,7976.6931,10343.3488,2864.7820,11925.6484,11721.9536,12080.5778,8636.2530,8825.9496,8995.8716,12721.2076,12219.9729,11589.9669,11415.4342,7626.1498,11412.1230,2726.4641,11168.2339,13279.9261,13367.8812,10247.2670,1752.4086,12047.4951,10150.8713,13696.7182,10854.5900,4949.0109,8849.9645,11731.7341,10281.5169,10217.5371,11677.2034,11105.7491,7743.8600,13028.7867,12545.7061,12267.5114,10933.3156,12064.4244,10747.7852,12248.0476,11980.6016,3920.8454,8364.2540,12997.3739,13476.1690,5673.0291,9914.6102,2650.7185,12462.4532,8963.0514,10783.1473,4698.7606,13161.9024,8597.2832,0.0000,8827.1008,12134.4010,1498.9185,13463.8655,5598.9721,2875.0403,5959.5414,10398.7300,12206.5505,7150.7164,10596.7296,373565.5916,380931.6294,375089.8120,379052.7857,373361.1913,372326.8543,374803.8798,377749.6152,362450343.9483,362446856.2719,362455000.6389,362455822.1820,11062.5940,5929.0579,5936.1890,7785.3797,9770.4611,11757.1242,11880.4496,9737.2982,10654.5547,9529.6301,9078.6830,8688.8712,9589.1695,13659.8613,11750.4274,4404.8700,9563.4114,2485.1908,13139.0469,2587.5192,9742.3530,5541.2799,9961.9456,10384.1084,11266.0537,10508.6288,3002.7300,13478.4705,8272.9243,795.8713,11518.7805,13686.7863,12803.7995,11485.8862,11330.4599,853.9312,7898.3636,13186.2748,7558.2963,8753.6328,12385.9865,3479.9759,9412.2857,7112.9113,5444.8326,4349.7928,12720.8042,13157.7134,6172.4387,9946.3862,9636.9223,2025.9703,11710.8279,5019.3774,11228.2729,11459.7693,12998.6672,8684.8553,4015.5047,0.0000,9769.4439,6310.7689,11635.1733,10241.3723,10488.6764,10548.6950,6487.7259,7950.7156,5584.3137,13560.9695,9340.4707,366019.0195,373821.0043,367551.2891,371536.2739,366011.9316,364836.7519,367292.1771,370323.4656,362459783.8710,362456296.1882,362464440.2166,362465261.9267,13506.2254,10790.1945,13767.5282,13069.3441,1133.9083,12591.8081,7114.3465,13008.4363,4875.0121,13527.8842,3499.4902,2338.0005,8229.8723,8384.2474,12976.1008,13392.9062,12288.4625,4501.6975,9539.8165,10069.1484,13416.9210,11933.6678,8927.0836,2585.3195,9631.5444,9746.9951,9734.1616,9515.5442,10686.7508,3920.3093,7013.0362,8227.5458,12886.8084,12975.5126,11386.7769,13756.1136,4564.5169,8030.1935,6591.1681,9661.6154,8727.1420,5468.0281,5586.6773,8116.5803,13031.0363,6330.3487,10981.5489,12974.4518,9021.6419,4523.0190,11262.4762,6199.6161,13016.2987,12915.8288,3590.8759,6492.5590,12907.9244,9357.3005,0.0000,13272.0148,13482.9366,8813.3235,11367.1353,3569.0378,6172.2677,10044.1820,13711.5188,13172.1192,9185.6947,13672.0724,369169.2123,376854.5093,370697.2503,374663.9584,368922.1783,368002.9355,370663.0776,373424.4098,362457092.8944,362453605.1494,362461749.8157,362462571.2171,7229.4278,2127.5384,5751.7057,13780.4085,7774.9279,11410.8502,6400.9113,12340.2557,4255.6878,12429.9293,12956.7524,12295.3307,11521.6570,2477.9468,4705.4176,3585.4104,13634.9942,8025.6783,9485.7037,483.3603,7495.6916,10613.2207,13446.9489,10154.1253,7898.7129,11357.9432,9428.6017,6597.3316,13245.0140,12982.6876,12032.8575,7121.2665,6880.1318,5674.9833,2271.7882,13655.4253,10215.1975,11358.9554,10895.9772,8876.8521,12097.8592,11437.7414,9697.2264,2150.6655,12903.5701,10203.7717,3612.4483,10377.5392,12492.0677,5877.2807,12501.7195,2603.5842,6901.7094,13316.0824,12866.4913,5364.6265,8436.8099,0.0000,5207.3291,1651.3202,11094.5606,8398.7191,12924.2293,12107.4439,8367.2214,2518.8677,1968.1110,11705.6730,4081.6975,364608.3053,372040.1785,366134.6452,370108.0511,364556.1587,363355.6577,365698.7222,368818.3255,362457384.6886,362453897.3397,362462041.2099,362462862.9717,8245.4772,7059.3477,11424.0436,10451.2355,12656.8256,8385.8779,7252.5791,7509.1538,9757.9520,9995.3584,11804.9826,7511.5434,5211.6929,8179.8821,5784.9542,12207.4052,5502.4005,12912.2733,7218.8092,5763.4333,5537.6533,9619.1609,13260.0008,4448.7471,11116.5465,2970.4071,6360.6945,12674.2640,11908.7338,9286.5580,10354.0088,10340.6930,5295.3858,8192.8529,12190.3669,3868.9166,5557.8292,8542.3094,6318.9638,6753.0009,7413.6920,4620.1958,5626.7770,13496.1828,12206.1107,4297.3873,4974.7593,11785.5857,7675.5134,13301.9973,4904.3775,11195.6415,9252.6172,13339.0026,5460.8593,8934.9318,0.0000,10714.9412,6168.7604,13540.9125,5616.3673,12000.2009,12862.7680,11068.3074,8920.5320,5500.6054,12825.3329,9271.2471,361166.4127,368892.4055,362696.6416,366674.4984,361076.3546,359979.8660,362490.1893,365442.9405,362462980.1068,362459492.6731,362467636.8195,362468458.4521,4604.7337,13876.7339,5967.6008,11687.8209,4835.4833,12907.1303,2846.9564,13204.0252,13573.5663,11258.0045,11173.2317,4298.0504,2997.1182,5588.6352,13190.3186,9668.4597,9391.3091,2553.8060,6899.6343,10609.9050,13657.3793,9894.3809,9505.6578,10120.8005,9976.8195,8400.3987,13293.1595,12149.4029,11353.8793,5240.8084,4975.2556,7567.2752,229.1340,13200.6701,11054.6314,12006.4726,10081.5391,10420.7379,12665.5788,12499.4329,10976.0796,4091.9941,12426.0106,8677.9186,4435.6096,10493.5701,13002.5059,7624.5307,12305.3667,4117.7511,5070.3942,13442.4134,12259.2559,4903.7951,9863.2729,0.0000,3580.5227,2506.4158,10581.2173,7932.7149,13241.6693,12242.6279,9229.3233,974.5141,3285.8525,10508.2800,2008.9737,364556.0548,371849.2773,366079.9108,370047.3712,364462.5197,363281.2553,365608.3579,368728.6222,362456215.2958,362452728.0501,362460871.9361,362461693.6820,13104.7321,4468.6557,13324.7077,1650.6676,11395.4457,1828.2343,13350.4873,13333.1177,9206.5009,7820.1906,6257.6388,2102.0584,8015.2683,11948.0012,10728.0383,11870.6432,6167.9163,2769.5326,7424.7602,12167.9555,11997.8247,10161.2138,7531.1300,7635.5006,10363.2951,13554.1355,10200.1697,8140.4554,4305.8771,4323.4696,9342.7973,4387.5716,11908.9725,9508.6275,10283.0191,6429.7791,11436.7899,11012.3829,12375.3035,10698.8722,6420.7300,12566.2281,7617.4113,4449.7742,7452.2930,13851.5838,10357.5653,13040.8669,5582.6786,5860.7018,11610.6991,12071.1510,1830.9732,12104.3722,0.0000,6235.3595,4581.1697,11923.9197,3935.3251,13697.8204,13421.9945,12118.0702,5313.5531,5052.9830,9528.9676,4152.6159,361469.8560,368716.6091,362992.1570,366953.3874,361296.5251,360197.1083,362588.6711,365622.6294,362458396.4292,362454909.3349,362463053.3739,362463875.0328,12260.5272,7048.3051,12904.6015,5695.1422,13581.8389,4489.6002,3409.7367,7493.0958,8407.9109,13429.4154,13370.3679,12829.7312,3502.2180,10397.3319,9884.0352,13717.2823,12048.7481,9218.7418,3018.5686,9326.6285,10602.4414,9156.8360,10083.9059,11413.1161,3438.7133,6210.8063,7935.4895,12598.6438,12701.8182,12083.9140,13858.4986,3574.3516,8809.3987,7355.5461,9455.1087,9627.2092,6246.3734,6653.9453,9059.6064,13469.4138,5501.2944,10373.2741,13363.3787,9384.8578,4801.8329,11855.9511,5633.5145,13443.5492,12603.5379,3865.5240,5597.0281,13099.1097,10013.3598,0.0000,13115.1192,13776.5787,8290.7992,11501.4338,3597.9710,5947.3177,10331.6729,13780.3970,13532.5166,8404.1423,13620.7516,369547.1689,377166.0442,371074.0001,375037.6966,369277.3725,368370.8891,371026.5201,373784.3149,362456228.1326,362452740.4208,362460885.1087,362461706.4969,11925.8162,2872.2275,12560.6752,4587.5033,13590.6702,13423.4796,6729.4221,8770.8844,9179.6271,3700.1691,10374.1456,10173.3807,12838.1184,9985.8300,8144.4013,6090.2975,9443.1330,12215.3632,9784.3455,12587.0773,5128.8897,10506.5858,12300.6274,12045.4869,8072.7790,7833.4340,850.9818,1179.9664,11744.8048,5806.3519,10142.1536,11896.7947,12083.9178,6596.9510,13236.1336,12372.4769,13630.5905,12926.0664,9150.1815,10061.8575,3611.6045,8161.9040,9702.7066,13096.6374,11815.3397,10918.9879,8753.9107,2676.3013,11777.7031,9437.1173,6159.3369,12937.9357,0.0000,4620.2540,7471.1021,9250.4803,6814.9069,12692.1919,11826.6979,11781.8633,5966.1374,8082.4576,6084.7287,4167.0158,364649.0437,371696.2318,366167.6440,370119.4789,364404.9914,363347.6525,365728.4542,368748.0769,362454271.8213,362450784.7444,362458928.8779,362459750.4890,12969.1700,10400.9417,12833.1170,6452.2670,6913.9324,10284.1683,12751.5119,11841.0682,12534.0806,10645.8182,7993.7876,9650.3013,3895.4193,11211.7181,13650.8836,13060.8839,9250.9561,3732.4204,10432.3415,11502.3400,12959.4038,9317.4893,4064.8771,9840.5581,12199.6018,11839.1751,11767.5660,10409.8542,11777.5871,8122.1570,11817.4130,11337.4056,12868.0978,8964.9925,10811.1295,8709.8752,10555.4168,11628.8722,5155.9442,10358.0356,12850.4487,13063.5520,3291.7466,8611.5613,3213.8679,12184.4306,10724.6790,9980.0410,6070.8272,13491.9331,6588.8372,0.0000,10257.1893,12252.2534,4258.2159,13713.9092,3817.7629,1426.7788,4672.5444,11165.6397,12120.8575,9083.8055,11693.8585,373486.2472,381041.9587,375013.6686,378983.6313,373321.2741,372280.5667,374797.6732,377719.8424,362452162.3809,362448674.5645,362456818.9572,362457640.4987,11898.9753,2362.6816,13585.9233,13502.6993,8259.3373,8032.2326,7353.6440,1877.5198,8940.9596,11365.0107,11637.2299,11299.2499,6824.1148,3769.2870,8087.0268,12257.0314,11315.1837,11180.3767,6499.3024,8714.3653,11194.4215,13146.6537,9410.8153,7865.9295,2772.2527,2844.3004,10330.7218,4619.3848,11325.5379,10458.9503,11006.7948,6210.9858,12240.0054,11578.8437,12972.9054,11639.9161,7435.7973,11779.4592,6195.5974,5846.1238,8224.4822,13736.1014,10994.3696,12410.9493,6765.6983,4568.4764,11718.2670,11222.0950,3451.0683,12551.6949,0.0000,5444.7629,5566.1923,11079.9889,4778.8078,13481.6753,12994.5154,12119.1432,5302.4715,6143.6713,8324.9636,3686.4509,362404.5373,369561.6434,363925.2018,367882.4119,362202.6126,361118.2062,363501.5078,366533.2676,362456915.5327,362453428.4659,362461572.5321,362462394.1755,12169.8309,5089.2561,4494.8546,9609.8410,6084.4204,11061.3875,12346.5058,10708.2712,7677.9964,7562.5664,12592.4220,12277.4181,9551.5684,5534.5476,3099.5157,12462.5798,7217.6167,10223.9286,5452.4350,9321.9741,8358.7203,8760.0922,7329.5145,12825.6415,12922.1495,9520.8725,12862.8693,7664.1164,3667.3261,1930.3992,8281.5505,7099.5569,668.6352,3890.6889,4868.7861,11282.4406,10203.6724,12216.3859,10609.5600,5390.0008,7999.4573,10588.9409,10167.4689,10962.6683,13430.5447,3019.6972,10111.5099,10665.3880,9545.9842,0.0000,13638.1397,11819.3132,12008.2105,8752.0870,7674.3586,9917.8022,11501.7390,13190.5169,11331.1135,11280.2819,13190.0542,364678.9406,372483.5513,366209.0428,370181.1423,364476.8095,363528.6927,366192.4344,368965.3190,362461517.2078,362458029.5613,362466174.1254,362466995.5694,13493.7677,13627.1071,10016.3540,9265.0353,5325.1615,953.0968,7069.0385,12549.4576,10434.2436,10981.9081,4710.0988,4431.5565,8799.8912,12935.3256,11241.7361,10002.7241,8500.2169,8638.8495,9704.3638,13607.1315,11019.3162,9497.7050,4099.4513,3974.8620,8704.3774,2622.2390,12529.3145,10241.9111,11118.1190,7936.5800,11187.4992,11836.3057,12611.3373,10943.2675,5376.4776,12593.8210,7836.4036,4046.4597,8765.3500,13704.9762,9411.5066,12865.3123,4752.8946,5103.2655,12506.1522,12209.7114,2673.8813,11398.2051,0.0000,4896.6782,3348.3178,11441.0017,5572.6214,13695.9779,13105.0813,11145.6761,3585.8956,4035.8529,9849.0709,2604.4834,362510.3977,369755.4491,364033.0075,367996.1975,362368.3669,361232.6392,363590.2918,366666.0306,362457478.9391,362453991.8073,362462135.7703,362462957.4695,1283.9937,10751.0989,10004.6507,11583.3290,13530.3192,10429.1070,7590.0706,6924.7726,9584.4786,12226.6386,12425.7749,9777.8806,4917.2097,9537.2719,7392.1975,11899.7121,9293.6258,8149.7822,5237.0211,9811.6575,10422.4855,13682.4950,13694.5470,9130.9639,13239.3053,7667.6295,7280.7916,6402.1248,11426.8330,5893.8563,5636.1035,3091.2050,6085.4785,11609.9566,8162.3197,12631.2778,12096.9575,9641.1418,3485.5283,8876.2880,7202.9532,11801.5001,13497.9490,5831.8157,8609.7301,12842.8040,6577.2647,0.0000,13246.9472,12584.1960,9481.4370,12004.1894,3781.9330,6159.6172,8145.8041,13149.3969,12111.8559,11285.6018,13600.1914,369469.1762,377312.6688,371000.4959,374976.5823,369308.0678,368321.9233,370959.2141,373770.8462,362458123.8237,362454635.9527,362462780.4938,362463601.9666,10018.1081,9309.0639,12151.4831,13623.1990,11176.5207,6662.5882,7814.4104,10051.9664,12794.6960,12246.8262,9291.6274,3772.1265,9867.9653,8143.5280,11270.9134,9153.0823,9110.4220,4893.0954,8967.0462,9627.3473,13594.4311,13637.2286,9967.0866,13589.3151,6731.1919,7231.9094,6068.5060,10797.2303,6860.1377,5105.6411,3629.0760,6564.6313,12203.3893,7762.1585,12276.3011,12442.4334,9221.6877,3896.4235,9857.6688,7080.4411,12295.6627,13529.2921,4757.2783,8108.8813,12902.3089,7715.9584,0.0000,13498.1605,13006.9461,9537.1404,11736.8256,3706.7032,6367.3041,9065.8156,13542.5175,12572.7569,10779.7312,13816.5625,369147.7325,376957.1896,370678.1917,374651.4222,368956.2160,367998.2753,370653.1353,373438.1640,362458142.3703,362454654.5361,362462799.1347,362463620.5764,6408.4875,12841.0379,9440.0429,13325.2173,4388.1917,13410.7730,10403.8064,12491.6567,8691.4692,8275.3886,7811.8772,9644.9839,13257.5958,2175.5705,10399.8117,13742.6910,8169.7116,1532.7239,4254.0948,7414.2977,7657.4388,13712.7253,11145.3514,4305.0402,10951.7486,10075.1988,5065.4120,13266.6226,9663.1435,11716.0482,12382.8023,12885.8442,6209.9509,4259.7266,11924.7639,8774.8045,10329.1517,13727.3765,7878.3494,12526.9481,8033.9856,7393.9001,5213.7632,10153.8699,13386.9931,0.0000,9737.8789,11996.2129,8024.1333,8422.6623,9284.6130,9403.1706,12575.5302,11201.2547,12204.1909,2872.8356,10020.3598,366672.5803,373838.0148,368191.8227,372139.7350,366326.5715,365413.2927,367953.7321,370791.5676,362454232.9669,362450745.7109,362458890.2448,362459711.6731,10871.4223,9278.0257,11617.9334,7595.3179,10883.7716,13491.9991,11701.2162,5531.1110,2259.9663,6334.2779,13177.3282,10237.5298,5926.6214,5068.1032,11930.1351,10699.7580,6319.3402,2350.1608,9294.3524,9508.5486,11485.1276,11030.1852,7499.2125,6220.3307,5566.7594,2630.7969,10975.5429,5717.7410,9259.6411,8794.8326,11143.4290,10626.3386,8918.6950,9346.4523,2889.3188,11587.5292,12757.2253,11517.1682,10395.8085,10673.5589,5346.1300,9981.0789,7683.7751,12843.6417,0.0000,11702.5436,10544.5760,12270.7789,4492.7593,10892.1969,12152.9636,13737.9617,11612.7618,10423.5555,8783.5675,10754.6485,361700.9730,369152.3516,363225.0508,367183.8736,361420.0870,360488.6481,363083.0230,365893.3562,362460588.8261,362457101.5601,362465246.0497,362466067.5005,6019.7329,2130.9192,13763.6122,6277.8076,10673.9164,2339.2274,7152.8691,9546.2423,12673.4781,11339.2019,5933.9693,11981.5856,7807.6937,5172.6208,13357.4390,13329.0959,11838.7584,8673.3154,8495.4830,3869.3259,4359.7896,13778.7737,8472.6441,9862.6863,10780.3686,7301.0352,10757.4946,10046.6146,7839.4795,478.9294,13557.5572,11504.7792,2358.6612,9183.3900,12299.5390,5161.8662,13076.3714,792.0804,8804.6056,12525.3192,13541.9325,5156.0963,7789.5784,0.0000,7397.8412,2132.3648,12225.5299,7843.2874,12796.9521,12497.0555,8793.7215,4872.8480,1325.0736,12728.9632,6091.3667,363432.0537,371009.6172,364960.7151,368938.7344,363398.7117,362206.2486,364592.2561,367678.6661,362459636.0309,362456148.6214,362464292.5300,362465114.2776,7619.1582,12136.4782,10900.9236,10555.2087,5151.4939,4753.1885,9041.0196,12882.9039,10750.0828,10530.7503,7910.1990,9123.1095,10149.0904,13278.4803,10514.9140,9272.4457,3166.0230,3030.6365,9256.1196,2776.1289,12116.7405,10672.5855,11416.0448,7747.9710,11583.0046,12046.9145,12857.8319,11395.5072,6025.5764,12057.1424,7002.3254,4900.0168,9066.1567,13542.6899,9750.1203,12410.5282,5507.5721,4209.6216,12463.8175,11643.1155,3391.5417,11594.1687,0.0000,4261.2643,4058.9923,10860.6184,5857.4626,13474.7924,12763.8839,11071.7188,3519.8295,4767.7266,9116.2382,2078.5585,363081.7022,370278.6139,364603.4269,368564.3766,362922.6130,361796.9342,364151.9621,367224.3124,362456632.7448,362453145.6248,362461289.6079,362462111.2963,13600.4203,4791.3261,9783.3736,3199.7684,8721.1676,10305.0224,12311.8309,10560.8824,4781.7310,12792.8075,8387.0196,3236.0929,12509.6304,13628.8792,12560.9840,9876.5516,9688.7540,2167.2753,5707.2752,13635.0071,8413.5006,9724.7866,11793.1475,5761.7583,10501.7400,8982.0249,7047.0953,1957.5257,13094.6568,12197.6649,4309.8879,9911.6487,11061.0764,3098.7045,12317.9860,2871.3674,9675.7893,12342.3040,13241.1244,6999.7930,5868.5995,0.0000,8079.8092,4013.1212,11671.9339,9257.6891,11753.1895,11445.0161,7220.7871,5857.0913,3330.5249,13075.0157,7342.1365,365030.5820,372699.8270,366560.8338,370542.3522,365017.8099,363821.1631,366225.1029,369301.9453,362459247.8995,362455760.3573,362463904.2935,362464726.0379,12292.3495,9715.7215,13681.9029,11116.6354,9100.1696,4966.5931,8905.5022,12370.3380,6378.5989,10720.1152,12967.3515,4618.5329,3020.3678,6192.9985,10661.4070,10821.2485,13380.6776,13135.7166,141.7642,10238.9784,8911.2460,7749.3899,11768.2787,8022.8774,9369.1130,11092.1418,13789.5397,4098.5618,7688.8084,13355.3486,9462.3012,7080.7589,13125.7193,5445.8255,13644.7673,10783.7620,5102.6299,3527.3041,12402.0002,11841.5208,0.0000,11846.7365,13563.4065,7293.2214,10653.2050,5772.7723,6780.1740,11367.3136,13052.7491,13531.7826,5424.9156,12442.1140,369095.7863,376484.4713,370618.6158,374573.2354,368769.8392,367880.5520,370496.3120,373271.7538,362454494.0929,362451006.5707,362459151.2438,362459972.6245,10617.6540,7707.6612,10262.7834,9438.3473,9595.2004,11210.7021,1164.0738,13468.3855,7227.8966,2201.4202,10702.9255,13174.4251,12140.6567,12596.9859,12499.9509,2764.5113,9742.9501,12336.3319,5833.1676,6893.1695,12032.0476,1203.2091,7482.7799,4828.2472,3167.5224,6360.7189,12441.8278,13722.9541,7413.8146,8963.9011,8677.2257,4051.9370,11450.4552,6689.5834,12542.8140,9850.7697,12727.0003,9541.5471,4167.6968,0.0000,11435.1315,8090.6782,12055.1343,10240.6221,9484.2773,10238.8007,7411.4594,9890.1265,7325.7518,13726.0190,10990.3892,365798.2381,373700.9590,367331.7205,371317.5487,365768.9616,364640.5668,367163.1725,370124.9370,362461021.6058,362457533.8537,362465678.0155,362466499.6655,9337.7164,12966.2996,13795.6527,11720.4781,1169.8566,11309.5116,11084.2294,13699.1808,9573.1110,7143.5794,10530.8569,12770.1235,9702.2493,9554.4053,10339.3087,9505.0257,9819.9333,13174.8571,13073.4273,12923.5183,10336.9541,12843.0861,11140.5560,12083.8430,10358.0115,6406.3207,8865.1210,11788.1214,13816.0478,6973.8248,8258.4139,5200.1454,11013.3680,8107.8145,12187.7919,7013.1620,12350.2035,7500.9983,0.0000,7317.2806,10611.1183,3236.0289,13354.9176,7338.6996,4747.6839,4218.1828,8648.3427,10715.9526,8448.9334,9218.8274,373118.6895,380492.4568,374643.6029,378610.3594,372970.3577,371872.2779,374293.0165,377309.5741,362450567.8622,362447080.2030,362455224.4083,362456046.0296,7816.7247,10758.3858,13414.3214,10045.0623,7626.3467,11623.1112,9486.3189,6204.6624,13137.2325,13134.4193,12239.6800,7496.8565,7255.2017,5315.5285,2710.7208,13706.4258,10161.6133,11317.0491,11158.0224,8558.1423,12048.4665,11227.5665,9503.7239,1948.3506,12893.1157,10464.2688,3787.8060,10505.4039,12285.5489,5436.1941,12417.7042,2610.8879,7205.1909,13317.7253,12894.2046,5718.8224,8046.9879,0.0000,5447.7907,1974.6591,11054.1023,8682.6019,12765.6103,11948.5340,8035.3012,2835.8071,2106.2467,11885.2413,4480.6950,364869.1907,372326.9532,366395.9994,370370.5258,364824.8948,363620.7592,365966.6967,369086.3139,362457411.3091,362453923.9308,362462067.8007,362462889.5649,4893.9078,10567.1191,12994.6493,9511.4745,7129.0827,5443.0438,10477.3165,13186.0022,9426.7250,6407.8498,6246.7587,6363.5665,9473.2309,6710.6940,11057.6088,7616.3011,8294.6043,4682.3928,10893.6155,9084.7332,11174.0684,9442.7390,7447.2108,12597.5423,8448.5145,5046.8684,4939.2968,13521.4192,10945.5351,13172.9798,6452.1465,7919.7676,9859.2298,12046.0773,2446.3315,12317.5306,0.0000,8502.3130,6147.2591,12696.0993,1195.1500,13250.7002,13562.1795,12934.0930,7616.5126,6258.6431,9816.4040,6683.1353,360324.6797,367671.4421,361848.2197,365810.3804,360128.5281,359075.9726,361534.9150,364499.1848,362460309.1136,362456821.9883,362464966.1481,362465787.7500,6865.7483,13665.9113,8637.4774,7672.9387,2894.7065,10608.8134,11457.2549,8210.9502,4524.5367,9806.0126,9966.3482,10012.7237,10478.0432,9026.1311,4462.1709,4347.9978,4229.5442,9673.6638,4990.7247,8364.4570,7239.9844,9878.5736,11797.3247,10215.5335,7986.9086,646.3897,11782.9304,11661.4615,12364.6868,9066.4720,11160.6140,5984.1742,11294.4997,6767.8484,11992.2735,0.0000,11798.7591,9506.0227,13081.2919,3794.3100,11333.1184,12663.1341,13379.4555,11168.5304,9242.1556,10334.0336,10584.2064,360794.5115,368353.9976,362320.7624,366285.5787,360565.1932,359595.8674,362182.1062,365017.5916,362462135.2106,362458647.9047,362466792.3155,362467613.8082,11321.3634,9491.4133,8999.5196,7774.6010,11011.2724,6243.0809,6632.8007,6566.2643,12593.4566,12723.1264,11403.5470,13609.9279,4955.4694,6501.7884,4802.5035,8066.1432,8976.1256,3593.5600,5612.4152,7474.4057,12818.5077,7945.1230,10994.9779,12252.1215,6997.4267,6852.0219,11875.7412,8219.5861,12578.8078,13037.5274,1086.4150,7799.2954,11884.9051,10450.7936,0.0000,13577.7333,13107.8301,10438.4044,9806.7056,6025.1832,8396.6867,11560.4443,13774.3351,12775.5620,9481.8992,13549.7130,366675.3472,374360.5129,368203.0957,372168.5878,366414.0089,365510.6046,368185.7296,370928.0680,362459047.0332,362455559.3899,362463704.0622,362464525.4528,11855.7528,10470.8804,13804.8330,10336.0665,6498.6215,9738.3022,12283.0858,9588.4998,9473.6717,11078.8563,9986.0156,9011.4329,13303.8021,13055.4748,12548.6618,10879.6349,12737.3907,11296.4170,12410.5122,11051.1841,5397.2998,8263.1990,12268.3108,13737.4878,6788.3293,9149.0261,4329.0572,11618.2600,8045.7049,11783.4480,6004.5845,12579.8291,8261.1088,0.0000,7590.2054,11170.9911,2098.7826,13327.8017,6939.9918,4260.4260,5184.3338,9172.6622,11301.8148,7600.9213,9517.4805,373282.3985,380619.2003,374806.4729,378770.5321,373105.6098,372032.9800,374468.0017,377461.7689,362450172.6683,362446685.0285,362454829.2905,362455650.8824,13183.6617,6258.6534,2905.9186,11203.6756,13059.2727,11656.8176,12373.0133,12291.7739,2838.6915,9557.7611,12401.4617,5003.3067,6282.4623,11456.4861,2118.1748,7040.4724,4992.4862,2597.2552,6101.1447,12831.0930,13654.9682,6777.8044,8125.0804,9379.3799,4778.7869,11996.8779,6239.8110,12507.1522,9626.8329,13027.6165,8855.4218,5259.0045,0.0000,11501.4470,7729.2219,12582.4079,9446.1758,10061.0391,10928.8182,8332.4996,9836.0699,6931.0959,13761.3480,10826.3917,364666.6516,372561.5488,366199.9230,370185.1067,364630.8514,363507.9943,366034.0663,368990.3972,362461819.5394,362458331.8396,362466475.9999,362467297.6465,9835.9138,13685.4413,9880.2676,3558.0753,3919.4551,5905.7446,6193.4707,13415.5513,9975.9397,6295.0358,10866.3795,10283.7481,3838.1165,13517.9574,10138.6466,12395.2385,12509.3754,12054.4324,7953.6385,3601.6039,10789.0128,8182.3283,11719.3894,13669.6329,9450.4881,11565.2068,6985.5731,8421.7700,7012.4111,8651.3895,13807.2136,0.0000,8865.3182,10879.4991,9097.5901,6983.2613,10829.3336,10817.2937,13083.6183,10175.0913,11174.6535,3772.1549,8758.9865,365003.1843,372116.6607,366521.7512,370469.1659,364669.1180,363730.5029,366235.6652,369110.0126,362454968.8118,362451481.6629,362459626.1029,362460447.5690,8527.4812,12027.7848,10322.4056,7172.1576,10649.6652,10727.1180,7795.3295,9882.8984,10677.0874,2520.9765,3637.4258,6727.7183,7652.8499,4834.6296,7139.5410,5087.1718,8190.3443,12847.0348,11738.9289,6515.4965,2258.4202,11630.6975,9854.6894,12979.7943,7414.9237,11770.0412,7174.5542,12546.7976,6383.6414,10444.2290,0.0000,11844.4865,8316.3232,13646.6328,4703.0183,11525.5705,12837.5386,12427.4534,10607.3893,7825.0408,12012.1349,10500.7603,360677.1246,368376.5805,362206.2280,366179.0931,360520.5021,359495.7328,362065.2673,364940.8485,362463324.0133,362459836.6137,362467980.9205,362468802.4716,11124.9264,13689.8814,12957.1849,11928.8590,11779.0575,1564.6269,8516.1572,13020.5791,7585.1145,8675.8323,12656.9437,2910.2563,9253.1602,6647.6940,5248.0641,5108.0397,12499.4141,13382.1400,6892.0041,10176.0735,9104.3250,1947.7487,11402.1480,5776.6352,11612.9032,11274.3822,12829.2866,9313.9301,3354.3637,0.0000,10180.5167,7030.1544,11479.3138,10699.9615,10017.5882,10143.9722,6141.4858,8512.1409,6322.1265,13636.1031,9888.0537,366582.6283,374414.0068,368115.3340,372100.9860,366575.0898,365406.7796,367875.4480,370894.3797,362459649.2972,362456161.5687,362464305.6267,362465127.3258,7220.3914,9927.4224,12239.9828,12279.3127,12024.8091,13317.9337,4755.8596,10825.2573,9759.9942,11131.2470,9907.0805,8872.4993,7986.1695,10372.7982,13274.5934,3358.9927,9865.5468,13744.8509,11589.0078,2962.2718,11024.0003,2534.0448,13507.6709,11677.1323,7033.6826,4074.7394,13755.7335,8969.7803,0.0000,11932.6202,13641.3139,5569.8004,12927.6055,1687.7397,2741.9821,8225.4886,12962.9248,13487.2690,7850.4078,12999.6067,372225.2513,379775.0505,373751.5684,377715.8133,371980.5383,371031.1399,373630.3896,376449.3183,362453378.0867,362449890.3198,362458034.9214,362458856.3564,4278.4960,8712.5737,8936.6261,13782.7024,12050.5830,2917.7345,10567.6320,9477.0217,5594.5085,12907.8903,8891.2976,10965.1270,11955.5374,13384.2309,5650.7592,5611.0957,12510.3656,8699.5213,9497.3495,13790.1247,7320.2803,13059.8096,9230.5685,6282.9141,4694.3116,10949.7737,13140.2904,0.0000,10749.0311,12706.1512,8063.2531,9017.9034,8345.4564,8824.7787,12517.5881,12093.1174,12821.3078,3756.9675,11079.1338,367169.9545,374409.0713,368690.2430,372639.6425,366820.4434,365926.7858,368502.8223,371306.6515,362454588.7546,362451101.4224,362459246.0267,362460067.4263,8487.9981,8742.1418,12642.3564,11208.2939,6080.0538,8125.0792,7288.6337,1981.9879,12140.3596,7140.8405,10344.9234,10359.3762,12037.7988,9246.7282,7238.5992,10429.2657,5128.4523,11364.3257,13496.7439,10464.3590,11387.8277,9782.1563,5672.9353,8451.9701,8508.2460,13430.0875,0.0000,11164.7836,11240.7145,11084.7982,5635.0556,10476.1158,11452.4969,13729.9725,11644.3819,11265.0729,6860.4503,10559.8407,363080.5319,370406.6027,364602.3254,368555.5361,362759.6812,361849.2271,364432.0331,367239.3284,362458468.3848,362454981.1538,362463125.6841,362463947.1122,332.9821,11353.2580,5085.7176,10638.7294,12012.6014,12301.9355,7230.9409,13036.3004,12635.4792,13672.8119,12881.6640,8615.1144,10321.2562,4145.9403,7778.1008,10017.3720,13136.8221,11355.4057,11042.1238,8273.9517,2093.5615,12196.3294,9766.7002,5976.3044,12613.9119,0.0000,3868.9781,6906.9201,9231.4578,7070.8184,12819.9900,11841.6438,11397.0033,5199.7159,7562.5602,6602.0940,3373.4689,364806.8214,371864.1501,366325.7859,370279.1279,364582.0000,363504.4548,365869.2053,368910.1616,362454180.9006,362450693.8114,362458837.9000,362459659.5341,11203.5312,4825.2813,10802.2205,12066.6624,12389.0997,7490.9536,12950.7042,12734.3189,13676.8614,12865.1644,8423.3032,10383.7513,4338.2514,7665.6374,10159.9709,13118.8573,11166.0368,11050.7372,8112.2249,1873.4143,12345.2906,9857.9151,5966.3469,12467.8619,0.0000,3559.0598,6716.1057,9185.1674,7216.2261,12835.5961,11809.0134,11217.3438,4906.2490,7386.6377,6774.5274,3080.4854,364924.7736,371986.9422,366443.8925,370397.8327,364707.2664,363622.2627,365981.3380,369030.0135,362454111.1152,362450624.0184,362458768.0913,362459589.7337,7666.0376,13419.5681,7254.8674,8583.5432,12128.6772,3830.7849,9344.7523,7350.6161,5336.0009,3886.7664,13151.7751,13212.7141,5544.3034,9551.4449,10247.9640,2761.6629,12241.8601,4443.6799,11230.8076,11521.8467,13370.5180,8148.9088,4845.1257,0.0000,9813.5133,5869.6666,12134.8633,9761.1761,11033.0365,11167.0666,7249.0463,7833.5284,5088.0592,13724.7345,9175.4974,365173.5368,372971.6556,366705.7281,370690.6179,365167.2234,363990.0426,366442.9156,369476.7602,362460384.8138,362456897.1689,362465041.1821,362465862.8967,13143.7043,11004.4472,11950.6827,9912.7888,10496.6055,12614.2362,12523.9543,10988.5008,4176.1563,12427.8093,8572.8679,4373.8187,10368.6924,13064.4501,7778.5108,12342.1017,4139.2095,4994.4714,13377.9169,12242.0502,4722.3906,9998.5101,0.0000,3600.5836,2501.8580,10630.6288,7753.8268,13281.8678,12308.7940,9387.0528,1128.3750,3300.3555,10429.9342,1886.0496,364396.7667,371683.4485,365920.4809,369887.5214,364299.1306,363121.2096,365449.8305,368567.3091,362456287.5687,362452800.3339,362460944.2249,362461765.9675,10218.8476,8886.2543,7649.8824,11820.3537,8001.4927,9411.6757,11110.5183,13808.6514,4216.4755,7665.3972,13346.2935,9395.0878,7202.7146,13189.4904,5578.5453,13652.0072,10787.2571,5063.1880,3624.2695,12366.1734,11926.0946,0.0000,11869.6805,13567.7892,7395.9740,10585.7569,5898.0071,6913.9750,11468.4650,13071.1639,13538.1605,5412.3705,12443.9089,368978.6092,376364.1984,370501.3629,374455.7618,368650.7132,367763.0173,370379.5035,373153.5880,362454561.4961,362451073.9809,362459218.6557,362460040.0350,1854.7325,8213.4613,5953.2394,3121.5932,4819.2622,3023.4769,8792.8570,12266.0468,12621.2487,7831.4867,3935.7841,10035.2022,9122.1653,12121.3220,8301.3943,12807.7439,6178.0567,12137.7871,8311.5161,9085.8139,0.0000,12693.2450,9421.8432,13236.1901,6939.1982,10052.0346,11704.3271,11485.3897,11545.5439,8815.1675,12452.0310,11716.1704,362324.5221,370145.6492,363855.5511,367832.1657,362183.8406,361166.6688,363772.0702,366619.7748,362463221.5512,362459733.9944,362467878.3659,362468699.8975,7810.1997,6722.4090,1311.5578,4432.6197,3987.1091,10142.7965,11317.8715,12296.2575,9216.6095,4023.0269,9257.7441,10087.5679,11296.0058,9696.5827,13076.3847,4455.0166,11164.8997,9337.6709,9577.2111,0.0000,13191.6853,10653.3044,12749.8116,7486.4406,9072.9814,11018.1434,11746.5321,12412.2267,10122.3130,11770.5095,12431.5291,363130.1062,370933.7230,364660.4511,368634.1085,362951.3569,361975.1811,364613.5219,367417.8549,362462584.0101,362459096.4301,362467240.9066,362468062.3884,12224.5077,7978.7251,11014.3121,10486.8303,10998.7369,10260.3274,6875.7098,9136.3686,4795.0653,12346.5995,13138.1482,11388.3392,10242.5727,8801.3880,7191.2451,9475.0069,6886.7379,13519.3547,0.0000,10186.4990,9956.3765,11538.1444,4004.1337,11608.4572,12296.4957,13794.2976,10469.1631,10056.3356,7248.0603,9256.2734,361973.3128,369254.5716,363494.7035,367448.3536,361673.7625,360728.6755,363269.3679,366122.8591,362458795.3300,362455308.1789,362463452.6022,362464274.0767,7119.4672,3937.0797,3106.3050,7356.9630,11891.3174,13810.0221,8401.7812,9233.4614,7735.6551,4508.6414,10814.2653,7708.6725,12911.2353,9345.8982,12238.2155,10348.5082,3740.1337,0.0000,11881.4800,9016.7710,11677.1795,10796.9446,8590.8576,9512.9011,7120.8192,10570.8977,8292.8593,13582.3337,11621.9493,366647.9587,374572.8254,368181.6658,372167.3144,366607.5582,365497.0357,368041.1079,370979.3385,362460638.5277,362457150.7226,362465294.9428,362466116.5682,4177.2033,4684.8198,11001.0315,10584.8901,12198.8114,10205.6728,4809.9257,8519.1865,10566.8026,10590.6274,10625.0595,13322.3648,3345.3858,10452.8567,10226.2632,9709.0088,0.0000,13533.2569,11499.8758,12304.0869,8260.3087,8215.7545,10364.7704,11717.2711,12993.9775,11005.3497,11392.7853,12971.1828,364056.5749,371855.7142,365586.6276,369558.8199,363857.7643,362904.3947,365562.1917,368341.6999,362461919.0669,362458431.4504,362466575.9927,362467397.4450,3191.6806,10170.5824,10466.0555,13441.9933,10438.6618,8049.0911,6273.7915,7964.3184,9678.0367,10228.6259,13783.2572,6138.1707,10738.3646,11484.7506,6352.2334,0.0000,13368.8877,11327.8470,11450.1807,10703.9242,6671.7425,8676.5876,8968.5984,12651.1832,10709.5779,12589.6823,13207.6689,366823.5691,374750.2543,368356.4088,372336.7711,366702.4595,365686.3144,368316.9521,371147.9450,362460813.1190,362457325.2982,362465469.7509,362466291.2632,8064.9688,12267.9066,13585.0363,8070.4919,6740.7052,8802.8840,6978.1331,11630.2215,7956.3693,13236.8173,7579.9430,12392.8047,9457.6565,6625.0737,0.0000,12645.4115,9309.0554,12755.3105,9058.7476,9237.2597,10732.9349,9588.8982,11331.3961,8579.8843,13339.8305,11973.7441,364278.2587,372198.5327,365811.3679,369794.0012,364195.0068,363132.5245,365719.9808,368603.5898,362462528.0603,362459040.3532,362467184.6607,362468006.2355,13440.6024,11438.4517,2739.0264,9529.4163,12199.5910,4924.7548,12922.0129,1171.6036,8636.9156,12699.1616,13447.4295,5429.3287,7612.3281,0.0000,7134.5630,2133.3066,11995.5113,8161.2706,12721.5786,12322.8780,8477.6580,4598.6973,1446.9833,12668.0116,5933.9311,363834.9593,371402.7638,365363.5103,369341.4749,363804.2965,362606.8444,364985.8143,368079.6072,362459226.2141,362455738.7958,362463882.6947,362464704.4478,7276.5610,13719.4596,12054.4712,5902.5626,12076.4152,2017.1386,13608.8088,9638.4034,8378.7948,1060.3165,13206.8183,10663.6834,0.0000,10334.9947,13319.9848,3585.8575,12495.0982,4903.3806,3985.8107,9034.7612,11997.3057,13382.2622,5054.1741,11662.8210,372181.1799,379508.8127,373703.7957,377660.1637,371895.1284,370947.5097,373494.6660,376347.5768,362451343.0595,362447855.4620,362456000.0179,362456821.4621,10798.8685,10590.6542,11582.9450,12854.6422,8552.7309,11214.0552,4277.7640,10693.1182,6508.8310,9057.1241,13171.2205,0.0000,6336.3048,10180.9551,7054.1981,8771.2271,10900.4665,9928.2850,11582.6864,8423.2162,10648.2739,2675.5844,7016.6697,367230.6830,374252.7963,368748.3582,372695.9750,366929.8757,365934.3248,368364.8511,371319.4230,362452229.1513,362448741.9857,362456886.2945,362457707.8264,7659.0637,13079.3420,7198.1485,13568.3000,1579.9309,8463.3295,11906.7824,13526.9075,3001.8611,9473.6702,0.0000,7603.6104,2126.0391,12798.5322,5789.0114,13346.9642,13281.5019,10468.5661,5284.3464,1697.2185,12190.9601,5765.6891,361684.7659,369199.3324,363212.0837,367186.1217,361611.8533,360451.5315,362852.1909,365911.8205,362460480.0910,362456992.7962,362465136.7493,362465958.4660,11751.3279,11295.7349,12524.2251,8716.5149,11330.7039,6168.9982,11597.2159,6646.2534,11674.3601,0.0000,11845.8935,9256.9638,13244.7183,3886.2684,11374.3574,12722.4244,13204.9763,11073.9184,8943.1549,10742.4433,10590.0690,360696.0014,368289.8761,362222.9313,366189.5885,360482.3407,359501.9213,362086.3871,364928.8404,362462486.8873,362458999.5610,362467143.9514,362467965.4557,9084.0318,4375.3479,12590.4003,12479.9053,7767.4072,6676.9053,13726.2344,6576.4602,0.0000,12201.0675,13011.3286,6772.1749,13315.1529,1428.6563,2911.8321,6488.8038,12695.9799,12709.3141,10020.1124,13155.8079,372248.7554,379955.2097,373778.1327,377750.6062,372073.6624,371075.9202,373668.9256,376517.2646,362454673.1152,362451185.2328,362459329.7501,362460151.2355,10886.8090,5864.6105,10732.0483,12177.9257,12460.8843,9568.0497,3042.8809,0.0000,9066.6193,6744.1567,10534.3146,11328.6243,10048.3299,9615.0987,4766.6653,7542.0402,6199.8349,13217.0685,9102.1327,367807.0091,375557.1822,369338.6119,373322.6711,367802.3103,366614.1528,369044.7295,372099.8708,362457906.7214,362454419.0044,362462563.0100,362463384.7340,13241.8366,10145.4982,8832.3963,3029.9996,13501.0303,9187.9750,0.0000,10392.7264,13092.0659,3139.4717,13122.0841,3706.0116,2015.8368,7451.3299,11825.2102,13077.9944,6680.2666,11822.1747,373029.6959,380450.1749,374554.2330,378515.8072,372786.7668,371808.4932,374349.9784,377223.0419,362451448.3461,362447960.6460,362456105.1576,362456926.6316,8578.1073,12364.3319,13531.7609,4406.1618,8383.5185,0.0000,7328.8673,1722.6182,12388.9541,7174.5094,13009.3125,12767.9243,9352.0379,4813.2233,853.0377,12518.8798,5812.9970,362842.6822,370393.5489,364370.8173,368347.4101,362796.6880,361613.1238,364000.9780,367081.4409,362459864.9940,362456377.6274,362464521.5452,362465343.2850,12805.8545,9235.9538,7310.7794,11892.3322,0.0000,2327.9151,7179.1678,7907.8278,8736.7151,12270.6124,10866.2526,10153.0869,4642.4923,7840.0558,6511.9898,3243.6847,366710.0588,373766.7994,368229.2684,372183.8790,366503.4688,365405.2930,367750.5638,370815.7333,362452636.8537,362449149.6909,362457293.7511,362458115.4049,8107.0186,11336.1653,10994.4604,0.0000,13457.1379,12856.6596,10847.0362,9032.8943,6933.4316,9139.6542,12112.5920,13617.2358,12546.4731,9316.7611,13278.5523,365721.4991,373375.0652,367248.6497,371212.7182,365450.4034,364551.4198,367223.1749,369965.2628,362459494.3805,362456006.7995,362464151.4631,362464972.8531,12791.1919,11228.3064,0.0000,10150.6084,13179.3643,4093.0485,11922.2064,5610.9800,4944.2338,9693.4415,11872.5171,13277.0616,4140.0382,11373.3369,371436.3829,378722.0756,372958.1442,376912.3091,371133.6613,370196.5075,372743.2172,375590.7102,362451566.0766,362448078.5402,362456223.1030,362457044.5390,11436.6623,0.0000,7284.2127,3887.1580,12658.6568,3511.9765,13684.3961,13656.1605,11975.4081,5757.7859,4093.2199,10697.5464,5172.1242,360791.7282,368154.7815,362316.0834,366282.1024,360649.2634,359537.8595,361946.8294,364975.3151,362459927.7826,362456440.6311,362464584.6589,362465406.3278,0.0000,10537.7861,9226.4319,9551.6919,12475.0204,7743.6846,7586.3781,3654.6792,9670.0955,8708.0299,12912.7860,10975.9204,369756.8418,377577.3411,371289.2822,375273.4281,369725.2055,368583.6625,371073.4211,374065.1242,362457209.4915,362453721.6376,362461865.7955,362462687.4553,0.0000,0.0000,0.0000,0.0000,0.0000,0.0000,0.0000,0.0000,0.0000,0.0000,0.0000,0.0000,0.0000,0.0000,0.0000,0.0000,0.0000,0.0000,0.0000,0.0000,0.0000,0.0000,0.0000,5921.8988,8064.2131,9409.6746,12261.1322,10698.4112,8737.4407,2833.7662,6577.3415,8199.0990,2398.2167,367192.3265,374338.0617,368713.4886,372673.9655,367042.7048,365896.9328,368220.1211,371325.0588,362452933.5257,362449446.2810,362457590.2501,362458411.9551,11883.6578,7073.3290,13337.7619,12811.4220,9552.8804,3323.6693,875.0140,11759.7091,4213.8688,363102.4506,370537.7614,364628.6780,368601.2759,363036.6386,361852.1435,364211.0964,367311.4640,362458612.4851,362455125.1932,362463269.0864,362464090.8324,12919.2682,6483.4619,4059.3803,6919.2583,9937.0640,12049.6062,5901.7039,9889.7895,372974.4889,380251.3659,374497.1040,378456.3821,372747.1511,371720.7833,374183.6296,377134.4948,362449997.2284,362446509.6428,362454654.0024,362455475.5421,12978.2290,13532.3121,13276.7623,8618.6471,7083.6779,9866.4909,7727.5032,360107.8153,367491.9361,361631.7450,365593.8500,359897.5753,358869.1135,361359.1638,364289.9794,362460884.2001,362457397.0544,362465541.2774,362466362.8499,2900.6685,7509.8976,12953.1950,13084.5449,9117.2262,13203.0435,371989.5810,379642.1820,373517.7706,377486.6702,371779.8157,370811.1189,373417.6660,376241.6953,362454459.7122,362450971.8789,362459116.4527,362459937.9065,5990.3314,11762.6861,12695.5861,8346.5488,12081.8687,373341.2111,380872.8768,374867.9016,378835.0997,373143.3432,372135.8747,374677.5428,377565.8432,362452154.3428,362448666.5480,362456811.0160,362457632.5188,8696.6366,9344.9065,11348.8398,9925.7783,371940.6640,379564.2269,373470.0504,377447.9316,371877.2230,370732.1649,373170.6220,376199.3396,362453677.6515,362450189.8556,362458333.9864,362459155.6550,4022.6300,10214.7159,1954.3717,365488.0739,372761.2497,367011.6362,370978.5347,365392.7053,364209.7527,366530.2130,369655.9881,362455309.9227,362451822.6545,362459966.5422,362460788.2890,12078.0545,4993.4153,363034.9020,370529.0884,364562.1044,368536.7289,362978.7859,361795.2448,364169.3502,367259.0695,362459201.2682,362455713.9355,362463857.8432,362464679.5852,9108.3097,368722.4753,375813.7697,370240.9556,374188.6724,368396.6195,367445.1174,369932.2639,372826.2938,362451839.1253,362448351.8453,362456496.2954,362457317.7667,364833.4643,372011.8244,366355.1372,370316.8914,364693.6609,363542.4058,365869.0687,368974.0253,362455042.5998,362451555.4256,362459699.3623,362460521.0777,26069.6557,1584.7780,5686.0945,9205.9313,4627.2260,13301.6934,7785.6902,362745353.1610,362741879.9711,362750019.8126,362750842.4472,25312.4564,23891.1311,22449.3031,22399.7557,19153.6730,18842.7726,362735148.4961,362731676.8230,362739816.3693,362740639.0302,4104.9556,9081.1306,4934.1737,13035.8063,6695.7870,362746303.8431,362742830.7335,362750970.5579,362751793.1946,9853.8112,7570.6832,13540.8784,5361.6531,362748890.8180,362745417.9086,362753557.7068,362754380.3407,8902.5279,17442.4689,8269.5192,362742474.8458,362739001.8925,362747142.1350,362747964.5540,9853.8112,6173.7493,362741659.1670,362738186.1444,362746325.8923,362747148.5598,10892.1524,362739705.6187,362736232.9571,362744372.1611,362745195.0676,362744670.6231,362741197.9205,362749337.6976,362750160.3257,23236.5721,27647.7267,21879.6289,23342.4342,14759.5632,10457.3535,
5400.000,6368.0703,13409.4324,6013.3921,12572.6929,8796.8125,4166.8313,5897.2789,9036.0965,2884.3691,7987.8453,10917.7317,7797.0104,11173.1845,12351.1763,9093.6440,9409.6069,13679.5575,11499.1844,6016.8897,13390.3101,9791.9432,1935.6619,7416.1229,13116.7682,6215.9796,12760.1682,4051.8953,11292.7425,12010.4827,8844.4047,13228.4398,9051.7023,9310.2701,9998.8807,8863.6684,5705.8332,10319.5266,13598.5295,9858.1960,12081.0036,11122.9197,8249.2100,12497.1146,8811.4554,7553.3339,9791.4758,9385.4692,12510.1230,3804.7884,8672.9416,11020.0091,13088.9939,11464.0078,4235.3463,12838.3293,9938.9702,13329.5043,10098.7435,7651.2483,9104.6570,11186.6233,6316.2417,6137.5091,10307.6367,6970.2078,10932.4365,13350.5489,13717.6518,11562.4057,10771.3241,13756.2810,11990.6648,13475.6639,11493.5202,8496.6911,8240.0743,10030.3105,13265.5824,10133.3166,10203.9154,7949.0036,9470.0797,4413.2091,11919.4332,8741.8367,10191.7202,10356.0875,0.0000,5052.9348,9950.1247,5277.2154,12546.9215,8584.2535,8126.0257,7489.4678,6939.0673,10368.9712,8298.8357,6024.0739,372277.8513,379539.8662,374092.3938,377860.8687,372196.7123,371257.6033,373309.1523,376750.9556,362450400.9250,362446496.5908,362454277.1752,362455237.1677,13173.6832,6670.7436,13667.4363,11159.6614,2500.1961,992.7966,6953.7762,8547.0519,10369.7114,7379.8634,6355.2443,8561.6680,8399.2082,12756.7268,7843.3349,12479.0267,6649.7880,9436.8744,10282.1184,12794.2507,4750.4523,6587.9013,13460.0202,4911.8471,13638.2368,2834.2218,9709.2754,8342.7661,11524.2852,12657.4958,12249.3000,12643.0645,6136.8556,12532.0594,778.1022,13326.6115,10837.5185,13031.7937,7898.1982,6088.0718,10382.4725,12692.0177,10078.0926,11493.5928,10446.4339,7764.8151,9504.7123,3293.1812,11250.8612,13300.8726,13391.9684,7920.0715,3359.8427,10403.8013,11716.3517,12947.4175,8752.1673,3553.2279,9786.8467,12724.0408,11190.7736,11049.2324,9670.3439,10983.8935,9142.4324,11487.2495,12075.0808,12826.0780,7759.7820,11775.8306,7733.1752,10729.3374,11281.7765,7418.0895,11298.8186,11845.8644,13457.0578,5423.1166,6849.9201,5486.8129,11238.8753,9841.0907,8774.9922,8090.1879,12749.4220,6162.4722,0.0000,10323.1870,12303.5065,5337.7091,13673.5704,3211.4224,4355.6155,4110.7840,11143.6109,12196.9615,10012.0482,10674.9974,372802.9182,380466.1123,374617.7569,378404.1833,372766.8728,371852.2094,374024.7742,377381.1554,362453861.3802,362449956.7168,362457737.4511,362458697.3877,13234.4426,3992.2713,8488.3103,13614.2675,13242.8421,10321.4945,12784.2161,9042.0338,10702.6863,12640.9381,8350.4561,9064.7662,8214.1198,9720.1807,2286.8504,9789.9942,12289.2827,6600.9967,6859.8716,13767.6273,11253.6478,1226.9009,12289.9814,3813.7333,13811.1468,7329.0800,9424.5222,8281.3583,1455.3085,7953.2382,7667.5190,11760.9262,9070.7584,13315.3559,6962.4314,5600.8481,7108.9372,9310.2476,10543.5941,11136.3419,6566.3927,8983.6305,9257.0324,7885.3415,11757.0499,6863.1269,13465.9774,8518.8052,5330.7106,3803.8878,10323.3353,13816.6398,5755.5684,9661.4661,1058.7851,8857.1397,13058.7081,11248.7751,7879.2874,10506.4497,10600.7890,8274.8048,9900.7695,10415.6876,3838.2462,3905.6117,7319.6588,9049.8859,4622.5928,8740.8991,5293.0961,6011.2010,12317.7522,10632.8957,7085.4755,1572.0558,11622.6137,9880.2882,12731.0171,7863.2822,11665.2418,9675.4383,11910.8022,6580.6533,10177.9302,0.0000,11290.0120,6980.5701,13454.1459,4001.8905,12460.7290,12733.1759,12024.4808,9901.1992,6362.4954,11365.8859,10609.2780,359934.1953,367484.8159,361748.3909,365527.1406,359835.3849,358966.3888,361158.9370,364474.5071,362462766.7761,362458862.7162,362466643.3979,362467603.3249,11753.1758,12478.0751,6418.1645,7110.7736,11792.6653,5879.8428,11936.2997,6957.2914,2484.8345,12799.4715,9562.0152,10282.6057,12279.4735,12728.0165,10470.9928,3996.8461,11342.1002,11825.8670,5141.1057,11104.9982,13085.8726,9813.6165,11777.8785,4958.4953,13276.1231,8697.2794,12364.9907,13444.6500,12060.8557,11800.6980,6028.5951,9012.3812,6589.6614,10966.2562,11948.8188,11752.9204,9465.9623,9149.3599,4820.8275,9723.8528,12601.2873,11010.6427,13015.0375,4143.2045,12896.5213,7065.6730,12345.0321,12466.3193,11603.5970,7617.1479,4041.7725,13299.1650,6878.5024,13512.6502,12799.9042,4678.7985,4368.1652,8793.3144,9351.4681,9367.5969,13177.4941,10961.7902,6202.8176,13320.7873,12020.6174,9189.6233,12362.2378,11860.2663,11572.6516,12652.2265,13720.2623,2957.5353,6278.0221,13067.6396,12723.3704,7047.4026,11865.0754,3315.0432,12871.2664,8448.6857,8056.1256,3289.3187,12628.8696,11306.9844,0.0000,8509.0159,12806.3932,1480.9668,11764.1364,6492.7926,4547.3548,9878.4175,10750.3113,13038.4040,4304.6623,10061.4606,372630.0782,379956.3860,374443.2804,378211.0671,372440.3745,371636.1445,373833.2313,377113.0092,362451167.7037,362447263.2891,362455044.2341,362456004.0495,9201.0815,13733.3740,13790.2292,12366.2288,11155.4967,9722.7329,10724.0840,11556.2484,11145.4722,10178.4448,5717.7074,11889.5415,5044.5877,11746.3720,9912.4079,8439.7826,5775.5741,13154.0856,12722.9767,3096.5624,13373.6094,479.1696,13552.0638,10206.6372,10034.9530,8676.6889,5283.1086,7547.4916,6678.7528,11719.0520,6008.5628,13714.1858,4225.0930,7838.2626,5676.4166,10514.5239,11887.4419,8441.5962,4106.2771,10379.3871,8456.9616,9731.9850,10586.9912,9985.1916,13651.3221,9048.3160,4540.5981,1803.4240,10476.8641,13334.1957,9121.6563,6573.9279,4899.1857,11257.7821,12944.3384,8984.9862,4463.4879,8820.7037,9016.1618,10651.7122,9362.5577,9337.7581,7403.8621,5607.2550,3957.6269,11658.7924,6275.5795,11204.0367,8263.6530,8699.0534,10984.6636,7615.5884,8177.1491,2495.6947,12108.6759,12246.4134,12023.7027,9021.3864,10316.3127,9734.9709,10356.7427,6488.2027,12426.0702,0.0000,9711.2290,7432.0427,12360.4877,83.2880,12957.9214,12516.9409,13437.2620,9116.9328,7327.0438,8836.5233,9647.6009,360900.4863,368215.8347,362713.7529,366480.1827,360717.2478,359899.9157,362084.7070,365376.0205,362460049.0775,362456145.1452,362463925.9187,362464885.7918,10143.7877,10597.6592,7002.6468,8774.3447,1015.9001,13637.9376,13202.4662,7754.2022,13071.5701,6776.2070,6256.3864,9931.6992,11738.6281,11062.0644,12100.8067,4499.9867,9944.6494,6330.1049,8081.3375,7690.4057,9475.1820,10944.1823,6381.0898,13343.5050,874.3431,7934.5534,2762.3395,3999.7808,13679.7513,8493.1341,10814.5247,7207.1321,11518.3103,5021.4102,12926.3890,12640.9324,11852.2849,11856.2003,2238.0982,3359.5339,2817.4474,13645.5472,9229.0231,9391.9668,422.0064,5301.3800,10271.9623,13719.2950,11360.7284,8755.1349,11778.3763,7980.0420,5854.8212,12895.1404,12922.6883,11214.3660,5870.7099,5718.1232,4848.8082,3081.8949,13748.1001,8984.8037,11088.2893,11197.8816,8174.8045,11501.9532,10866.2141,10521.4267,4715.4809,13458.4059,10822.3185,1701.1225,8925.2602,13323.8058,8516.2790,13249.8228,1078.9543,6308.5680,13678.8620,13337.9897,3345.0762,9639.8156,0.0000,6390.8300,2214.6253,12145.9452,9142.3782,12619.4963,13104.0907,8846.7370,3568.5210,2473.0936,12236.3061,4419.1757,364202.9320,371548.5603,366018.2597,369791.7277,364206.6164,363184.9613,365179.2072,368698.8655,362457178.6070,362453274.5459,362461054.8543,362462014.9697,1873.5959,7145.2769,6724.1759,9260.8824,9112.0929,7031.5041,9336.4891,10293.7823,11777.6376,7918.2493,13317.0094,8669.7149,8491.0284,11851.4156,11925.9658,2644.8549,6030.8889,13698.2653,4164.5229,13791.0727,1608.7935,10126.7199,10154.1801,10471.9010,13148.9898,11169.1793,11611.9338,7917.6270,11621.5365,1732.0096,12619.1489,12256.3822,12133.9289,9857.0648,8283.5009,10014.5457,13169.9229,9268.3286,10126.5825,9957.5929,8700.0736,10697.6985,1043.4947,10185.2552,12737.7250,13777.5129,9679.0195,2565.6334,11416.4095,11565.5282,13387.4433,8872.0537,5126.3361,9944.0798,12692.6502,9632.3918,9455.2944,9589.8581,9492.3425,10264.9136,12413.2870,13130.3993,12898.9109,8637.7143,12961.1742,9459.1078,12046.4349,11290.7587,8068.8194,10626.1184,11130.4928,13800.5107,7523.0221,7775.8409,6521.5008,10441.5450,8003.0263,10414.0219,8639.9422,11952.3286,7536.9359,0.0000,8601.9397,11484.8992,5048.6039,13725.7322,5458.0721,5893.6608,4504.1420,9642.3072,11557.5310,9778.5216,9019.9690,373168.8872,380695.6886,374983.8589,378764.8046,373133.6282,372192.5463,374306.4003,377712.6497,362452200.7905,362448296.2192,362456076.8623,362457036.8394,6408.6271,8263.7715,9762.3912,8219.8376,7067.5258,8325.5326,9088.4990,12580.8464,7305.5760,12698.2595,7103.7622,9577.0611,10772.3129,12502.8582,4396.7180,5824.6614,13493.0648,4039.2752,13789.1076,2762.2932,9402.2939,9090.1661,10999.2003,12673.5607,11816.9134,12289.0040,7040.9896,12479.6199,574.9519,13221.1058,11240.4679,12759.7901,8586.4907,6777.2388,10703.7940,13090.1693,9455.5319,11018.3487,9919.8730,8518.1500,9549.6230,2481.7244,10697.4040,13091.4059,13629.0783,8737.0238,3514.0506,10419.3309,12047.8680,12964.2795,8276.6998,4469.4945,10299.1760,13011.8010,10808.5377,10644.4940,9181.6715,10433.5891,9881.0496,11578.0974,12426.0289,13125.4378,7525.7444,12173.5140,8001.8284,10992.1522,10939.3891,8117.2299,11467.5561,11382.0599,13568.7686,6319.8808,6585.7839,6290.6279,10709.4536,9375.7848,9546.1002,8747.5387,12393.5126,6095.3837,0.0000,9916.2077,11879.2773,5753.2293,13790.6043,4157.8406,5262.7675,3483.0675,10627.5487,11796.2162,10394.4723,10150.9301,372749.0274,380393.3826,374564.0610,378350.1842,372728.6652,371792.7284,373940.2174,377323.4026,362453657.2203,362449752.5763,362457533.2518,362458493.2169,10764.7439,6390.8113,10960.7839,11623.7558,3110.2270,9932.9111,11874.9067,1065.4770,10318.8331,6861.1881,12697.1914,9877.2624,10320.7427,8829.2795,2159.7675,10733.1246,3510.6290,12385.4530,8442.8546,3832.4600,10574.0553,7731.1570,9215.9336,9247.0618,10145.2331,10665.0524,12777.8628,6886.7747,12131.7650,9696.2207,10812.8691,9492.0246,8191.3652,13408.0807,13376.2350,4989.7023,9304.5018,4942.7632,12288.8276,5731.7700,6642.4794,7322.5238,10533.1515,12439.0467,11070.1294,9159.3087,6341.7451,13819.7243,9595.4590,2192.6625,9628.9083,13408.7717,13730.3101,10679.0683,10488.1754,3369.7153,8712.4639,12612.8929,8042.7699,10860.1364,13609.1728,2634.9235,10822.8034,6137.8848,8431.9539,5782.0012,12286.2814,13432.2682,7362.4806,11265.7815,9573.2783,2205.3218,11018.8474,6576.5189,9968.0890,11459.2219,12581.5306,9395.9172,3498.9064,0.0000,10414.4187,8450.7012,10849.2197,12350.6744,8466.3528,10062.8449,3126.7562,9169.3935,7982.0040,13375.0216,9334.1179,367551.1833,375298.3721,369367.0006,373159.2528,367622.3215,366600.9547,368692.2885,372154.8479,362458354.3118,362454449.8154,362462230.2392,362463190.3224,8208.3268,11311.2585,7965.9889,12430.8607,12879.3103,7054.6828,10926.9554,13281.2855,12763.4143,4001.3180,13616.0674,8459.1189,4350.3078,9313.3172,12266.3300,8519.4861,11401.3346,6247.7657,12233.3910,12384.7881,8535.5718,12896.8013,8129.4431,8023.3907,10669.3952,6500.4271,8010.6309,8421.4270,13744.2596,8361.6475,12746.6733,12287.4034,6414.9635,11153.1531,9476.1959,6535.6466,10356.7071,9205.5413,13390.3547,6487.9271,8530.8610,9783.6413,11879.1441,11803.2638,6062.7722,13476.4027,8036.9923,12891.1063,11362.5200,8926.8484,7866.4004,9341.0195,4463.3590,4390.2236,11298.9157,6310.1935,10541.7105,13541.2529,13343.3295,9824.9923,12210.9392,13491.4797,13163.2548,13824.8493,11869.7835,8299.2781,5942.3669,9847.1293,12333.3146,11145.0477,11852.8099,8514.8302,9558.9734,2995.8731,12036.6614,8258.4397,9278.9449,12036.6442,0.0000,3228.3232,9376.9218,5857.6091,11124.2461,10079.2294,9145.5939,9726.2551,6029.2010,9965.3334,6686.9246,5054.8327,370956.4720,378074.5878,372770.3687,376530.9661,370820.5775,369916.0636,371966.2548,375388.9224,362450194.9086,362446290.7321,362454071.3607,362455031.3215,13318.5278,12713.8706,7512.7239,12874.5026,7110.6189,5738.0506,10312.3228,11382.7207,10714.9909,12124.3911,5136.2681,9110.0935,5494.7413,8696.9741,6776.6099,9982.0025,10119.4275,6326.5228,13131.5823,1663.2953,8449.7513,3389.7748,4582.4040,13246.3794,8672.6068,9989.6889,7685.6569,11624.1022,5621.2875,12688.4858,12242.4960,11673.3525,12091.1648,1843.4381,3485.9379,2863.7183,13289.7562,9184.8344,8473.6520,1170.4611,6044.1657,10710.8946,13446.2736,10580.7202,8851.9646,11793.1312,8532.9367,5517.3904,12264.8679,12704.8504,11416.3992,5748.6921,5556.8261,4673.7697,2919.4037,13541.5649,9259.6632,11359.3869,11434.4949,7821.7401,11717.1424,10608.5486,10640.8467,5067.0297,13047.1230,10744.9554,2590.3750,9480.2110,12859.0807,8041.2600,12720.3992,1731.7810,5847.1881,13483.3690,12984.8325,4173.6617,9154.7923,0.0000,6055.2914,3131.3185,11513.1244,9667.9707,12008.0955,12528.7986,8045.9753,3474.1495,3366.1229,12019.4640,4123.5088,365185.3017,372544.4059,367000.6803,370774.9477,365194.0984,364169.5142,366163.9561,369685.3988,362456537.8671,362452633.7568,362460414.0705,362461374.1862,4653.5988,10363.7068,3170.0468,12577.1657,11425.8110,9097.7850,5787.8017,9446.7884,5761.6641,13138.9965,9780.7559,11592.4825,11165.3912,10860.1132,10475.1387,8407.1526,11282.4360,2092.0393,13688.6017,10762.8539,13686.0546,13498.1276,1654.6152,11779.3709,7946.3321,12379.2841,6794.7361,13235.5436,3222.4847,4026.8840,8329.2577,7983.4473,13213.3752,13514.5254,12894.6190,3549.1365,9118.5155,9831.4160,13660.7592,12877.0269,9601.2447,761.2555,7967.3083,9686.7117,8593.5853,10955.8773,11652.3529,4723.5277,6493.0593,9212.2174,13021.1010,13054.3876,12262.7210,13623.7198,3067.2083,9615.8470,7769.3680,9079.9324,9987.7004,7223.4625,7140.6023,7985.9642,12375.8632,4562.1725,9826.6945,13489.4473,10570.6499,2450.1265,9754.8176,4136.1710,13468.5960,12715.5879,1719.2571,4811.5243,13481.4840,8635.9559,0.0000,12688.5707,13587.2268,7006.7147,10773.3052,4513.7706,3945.7698,9703.0711,13569.7420,13318.5418,7744.4741,13384.0885,369275.0438,376982.2833,371088.1337,374871.7676,369114.6379,368348.0048,370674.6320,373855.0391,362457474.4688,362453569.8989,362461350.9762,362462310.7342,12161.5230,7520.1930,11299.9650,12158.4965,11727.8875,8882.2907,5879.2792,9639.8077,12578.1110,6640.1420,11378.2067,12694.4096,10160.6485,11479.9270,5703.2588,12851.8942,6563.0224,13151.2585,12823.7033,12949.2547,12699.0643,3701.5895,10101.2407,6567.1332,11666.1704,10412.9383,12557.7052,7446.4656,7295.6375,5663.3757,9012.3914,13103.3632,12185.5247,13275.3654,2062.8546,11835.2167,7828.8540,13124.2063,12904.9852,11033.3602,5350.1402,4873.6348,12332.2363,7157.8138,12934.1055,12625.9695,3332.1226,4220.4950,8798.4990,10894.6613,10919.9875,13129.2500,12190.4657,4291.0143,12340.7844,10760.6583,9036.0826,11698.0387,10465.6308,10174.8705,11311.8304,13579.4556,1182.9182,7395.8865,13550.9212,12215.8756,4957.6155,11232.3233,1219.8706,13403.8837,10186.1179,5886.5108,2025.1751,13252.7993,10417.2557,0.0000,10217.2238,13413.8530,2848.2879,11582.9450,5001.6402,2780.4694,9723.5684,12031.7135,13472.3493,4977.4549,11503.9182,372030.9060,379493.6222,373843.9871,377617.2698,371842.3233,371062.2877,373315.9627,376548.3073,362453000.6697,362449096.1730,362456877.2002,362457836.9791,8525.4746,12082.4155,2817.9856,8083.3777,5647.9321,13629.2006,7755.2786,10310.2840,10928.9592,5135.0511,9037.7505,6391.1683,11074.1278,10348.0950,1875.2558,9405.7244,8370.0397,7082.2674,9673.9391,10403.6876,10517.9461,13025.4029,8721.8078,11913.0081,7373.1056,10821.6947,8172.7859,7405.6379,13742.5007,12241.4435,6042.5266,10231.9868,5206.0954,12315.0465,2833.2623,9044.2132,8086.4516,9995.8727,10947.7903,10256.7483,10882.4788,3430.3334,13670.0858,7534.1882,2395.8473,10417.0848,13510.5010,13157.1109,11805.5599,11679.2764,3294.6625,9942.6872,12072.8599,5389.2228,8707.5443,12877.2783,987.7513,8657.5802,4237.1166,5816.1376,4522.5916,12610.9800,13800.3380,7404.5872,9541.9996,9371.8448,2086.0657,11560.5649,6990.8671,11573.8928,10441.3323,12794.4083,9296.9128,3117.7533,0.0000,11822.2804,8502.3156,12083.4930,11141.6798,8989.8754,10621.1223,5484.9254,10339.3244,7760.1193,13699.8696,10727.8507,365142.8177,372983.8401,366958.4234,370753.9281,365201.9175,364211.0315,366355.2180,369768.6170,362461151.3676,362457246.8962,362465027.3899,362465987.4364,12976.9633,10260.8020,7146.3725,3878.5292,11525.4478,3008.1925,12890.8781,11385.1166,11102.7094,9819.7628,10845.5747,9862.3719,10047.3058,9487.3756,1253.8907,13209.6345,8893.3657,13410.8634,13342.6872,4368.3027,12622.4288,9007.3510,12504.8123,4137.6983,13090.3823,643.2041,2952.9676,10351.2191,8166.2124,12428.8026,13626.0795,11799.2228,6486.0782,6686.4103,10822.3340,13168.6826,12305.7308,8877.8174,2593.2871,9864.7995,7257.3647,10095.2744,9166.3504,10267.1727,6874.6346,8816.3686,10011.6872,13742.4945,13763.1633,10881.6318,13758.7650,5363.4447,7224.5806,5848.8402,9675.7107,8292.8673,5168.9309,4810.6404,5268.8716,10766.6687,7473.6805,11463.1533,12620.7929,9306.1573,3855.2638,8316.4565,6933.9607,12658.9450,13651.3292,2604.4487,7599.3632,12914.2990,7198.7284,0.0000,13620.2841,12915.5014,9450.1527,10231.2243,5789.2663,6343.9424,9431.7663,13795.9824,12432.7924,9924.0696,13842.7940,366936.7627,374776.0169,368750.2504,372540.3941,366822.0869,366027.9061,368360.6775,371552.1223,362460403.6053,362456499.0365,362464280.0426,362465239.8365,11446.2206,9611.8152,13600.4342,7199.5803,12164.0381,2919.8344,10376.2465,11234.8155,7204.6249,11663.9526,6146.6696,11635.0970,11031.7478,12680.7185,6002.1973,8817.8413,4282.6048,3114.6259,12879.0693,2106.4569,12479.6762,1646.2778,11767.3065,2422.7850,13098.0304,13642.1993,7249.4274,7862.8007,8623.6621,4150.0407,8799.0509,11261.6952,12237.5767,11438.0534,6416.8801,3894.0811,7222.3832,12674.6269,11487.7796,11630.0858,6606.0179,8565.1909,11134.6434,12745.7900,8969.8085,5979.1606,3591.7410,3855.7416,10414.1697,5167.1317,11156.5207,10742.0325,10249.7414,6222.7428,12413.7352,10768.3646,13266.9402,11800.2126,9319.3890,11018.4336,5516.5533,6741.2524,7382.3538,13335.3714,12693.5752,11945.2768,7300.2589,5530.4791,12322.4804,10497.7697,4536.6903,13176.9898,0.0000,4748.3168,5531.5291,10788.1782,5652.6750,13269.6033,12599.8317,12561.2126,4663.2943,6195.8946,7922.9545,4956.2837,364017.7414,371085.9166,365831.2625,369588.1773,363854.1484,362969.4370,365028.2930,368432.7269,362455187.4169,362451283.5517,362459064.1439,362460024.1045,9897.6439,7359.2451,12884.3591,9898.7321,9687.0918,9390.7935,2538.5402,10106.2252,4245.6485,11924.0797,9174.3424,3043.4871,10923.6628,7008.3580,8572.1750,8583.9803,9523.3243,11249.9726,12495.5484,7757.7915,11641.8466,9592.8480,10205.3624,9866.6973,8771.0636,13533.4956,13207.3076,4192.3709,8802.4539,3993.6008,12726.6376,5521.4448,7363.5067,6603.3071,9842.8709,12047.1270,11490.8009,9857.3389,5933.2620,13801.5888,8942.7277,1190.1233,10370.5213,13639.4017,13556.3745,10398.2389,10213.0063,2322.4356,8252.6878,12924.4734,7567.5795,10598.2179,13411.7979,2695.8637,10628.3731,6426.4032,8224.5453,4824.6339,12749.4211,13419.5948,6502.6873,10718.7298,10215.1834,2706.0769,11624.9705,5732.2943,9860.3623,11790.3442,12978.4402,8650.5676,4134.1162,0.0000,10259.5046,7659.6546,11422.1857,11869.8575,9251.7028,10753.0175,4136.5162,8730.2369,7138.3067,13554.6042,9010.2047,366588.4973,374315.2513,368404.3490,372195.7318,366661.8368,365633.8464,367714.0683,371186.6789,362458876.1603,362454971.7195,362462752.1125,362463712.2079,8304.7954,12403.4679,4473.1437,8633.9888,13720.4796,11490.6765,3323.3945,12310.2784,4701.0991,13419.5274,7546.5106,7578.4944,9829.4600,2608.3777,9649.5857,9396.9376,10315.2142,10092.6885,12746.9963,8449.9979,3458.3905,8865.1368,7452.6914,8947.2094,11026.4950,6066.8991,10067.0355,10728.9873,8966.0907,10645.6166,5994.7848,13326.8434,9995.0517,7276.9712,4005.1922,8617.7877,13373.6378,5101.4777,9611.2533,2658.2299,9152.4643,12018.8699,10676.6687,8017.3067,11710.9830,11797.3453,8882.5224,11271.8919,9086.6427,3070.2429,1757.4501,7402.6406,8655.1527,2418.8162,7391.1378,3590.2228,7026.2811,11383.5202,10935.5693,8690.5366,2919.5419,10132.6668,9425.9203,11704.2616,9292.2152,12620.6057,7919.0726,11028.8655,8441.8556,9401.4004,0.0000,12303.7911,8737.7764,12930.0378,5087.0331,11276.2838,11613.0021,11691.1176,11281.3675,8096.0826,11102.2888,11849.4300,360777.1187,368433.5441,362591.0673,366373.8345,360669.5818,359830.6920,362077.7111,365344.0970,362463198.5328,362459294.3572,362467075.1435,362468035.0247,12605.9488,4980.9709,12906.8852,10470.4131,8332.7041,10616.5311,8182.6573,11521.0115,9005.9789,7137.1263,4828.8391,12121.5098,9065.5786,12859.5958,13165.4188,5980.1904,13693.1965,7256.6663,13365.6690,5546.8605,13245.4229,3308.8986,2021.2343,12189.4461,10848.9614,10498.2082,13043.4692,9925.1105,8704.0301,4629.9610,9029.3746,11937.2335,12523.6431,10839.1192,5638.4810,9202.5557,5749.3057,12307.9227,9471.7318,7561.8646,6871.6054,11066.8004,12275.1156,13613.6592,13549.6038,8499.5925,12896.6487,8383.1567,6865.1989,7722.9778,11997.2945,5137.0155,7208.2009,1818.6077,5303.7682,9173.9013,9305.4121,13050.2901,11484.7545,10505.8243,4560.7130,4945.9533,8003.3873,11238.3342,13183.4263,6109.3193,9654.3512,12523.9018,3607.0282,0.0000,13366.7478,12148.7883,9833.4116,11777.6360,5059.1534,6827.8724,6429.5541,13098.2580,11575.0328,11837.7714,13164.6272,367743.2789,375671.8727,369557.8156,373354.5584,367719.8587,366839.5495,369110.9053,372387.3743,362460352.8147,362456448.1564,362464228.9736,362465188.8681,12432.7890,9377.2816,6430.0228,11776.9707,11780.9043,10953.6148,10074.1584,7428.0484,13551.5076,10720.0037,10693.7527,12756.4995,9869.0582,9323.6355,9055.2420,5632.5451,9175.6393,8106.1104,12725.7947,9143.4580,11556.0661,11671.4392,2684.1151,8667.2602,11882.2328,8717.2594,12373.0619,6573.5944,13782.4789,8698.2987,10810.7571,10236.0181,10292.6032,9916.7906,6774.8445,13822.7006,4788.2766,12690.9858,13174.6530,8229.4153,4300.6608,6721.2443,6524.8834,6635.0379,13158.7581,8929.7771,7785.0336,13443.2354,12044.3288,7312.3127,13441.3140,12135.3159,13252.1362,13343.9823,13201.5614,5692.0614,2961.1767,11638.9953,11482.7352,10049.0282,13179.1353,6872.3687,11643.3216,6194.1394,9973.8082,5340.0962,10544.4399,13006.9413,0.0000,5916.8232,10997.7468,4984.6543,9903.9828,9703.4820,8065.5795,11554.7356,8535.0963,11464.2820,2923.0589,7845.9487,370444.2067,377558.5266,372257.0770,376014.8408,370225.8415,369413.7232,371552.1452,374870.3402,362450858.3646,362446954.1996,362454735.0558,362455694.9011,11653.2195,12797.5559,11275.6812,7535.1277,11544.1781,8075.3163,11816.8247,8276.0832,3792.1892,12194.1111,6421.3193,12337.8194,12238.6549,7075.5539,12146.0163,10780.7829,11382.8046,1183.8391,11888.9182,3350.7626,5213.3379,11075.4203,7277.9757,11614.5758,12941.4176,10703.6875,8479.9345,5304.6088,12159.6451,12213.4840,10725.7728,7050.3437,5144.8529,11722.5560,5401.2484,10255.7746,6692.1765,9556.2457,9316.3527,9921.9784,9490.8078,13486.2915,13528.5906,9902.3206,13218.9187,6940.0709,4752.7906,3257.9085,8990.3337,7876.8469,2550.6804,4768.5021,2772.5952,9141.8311,9442.2193,11752.1420,11292.3809,7043.0068,6635.0890,8299.6679,9266.7472,11525.4115,13786.8113,4629.9517,9347.5196,11523.4422,7569.2377,0.0000,13652.7363,11583.9414,11346.3841,8494.7750,8236.7433,8840.5478,10309.7029,13270.4305,10972.5733,10834.4601,13549.1632,364003.4941,371835.4650,365817.1680,369607.1819,363900.1692,363090.8037,365407.9768,368616.5220,362462497.3260,362458592.8855,362466373.8172,362467333.6409,11042.8844,9885.8135,5910.0892,10787.0309,6181.8579,12156.7326,8962.8024,12877.1422,3695.2811,7128.8595,1992.7117,946.6696,13504.7712,4932.1027,12533.5749,2899.7181,11043.2664,592.8240,12956.6214,13380.1750,9495.1516,8887.0086,6473.3304,3119.2943,6445.8978,12554.0755,10670.0343,11435.0102,4184.0579,1750.5290,7310.5052,13152.5926,12220.6560,9921.6957,8786.9863,6908.3812,9173.4937,13374.3987,10877.7104,7790.1229,4560.7826,4667.2571,8239.2521,4146.4308,12287.8938,9162.6949,9695.9932,7797.2537,10799.1473,10273.4658,12216.0568,10639.6555,6878.2573,12443.3531,8036.4097,4072.0049,6511.3141,13624.3712,11243.3932,12983.0963,4829.8863,6274.7923,12819.5730,12032.8758,1644.0746,11980.9621,0.0000,5752.8336,2770.8799,12040.7610,5700.2568,13486.2243,13312.4531,11675.7972,3918.5529,3425.7177,10059.0634,4768.8341,362605.7922,369787.5511,364420.0699,368183.6129,362505.6516,361569.9730,363607.7312,367053.0762,362457154.2171,362453250.3301,362461030.8032,362461990.8251,7430.3515,13625.2336,5866.1216,13276.7301,2174.1632,11363.1841,11024.0231,10078.4215,13533.2671,10403.6028,10664.8542,8667.8929,9990.2731,4100.9175,11438.1804,13153.3749,11138.3429,11064.0219,9907.2229,8418.2275,12597.1963,9634.6213,9070.6056,10476.7071,8414.3368,12149.6410,2713.1927,9876.6975,12082.5886,13416.8633,10384.7740,2400.9662,12652.2892,10218.8166,13682.8116,10191.6163,6017.5178,8800.1122,11589.8479,7965.6319,7809.2099,10626.7562,8514.2685,10142.5632,13298.4774,13561.3292,11926.1949,10390.2508,13490.3279,11203.2683,13119.0532,11971.9943,7525.8187,8852.1351,11051.6296,13686.3065,8743.4227,9692.4144,6589.1683,10468.9905,6205.1886,10978.6141,7946.6172,11379.5286,9593.7557,0.0000,6776.0663,11104.5026,4038.6303,13139.4833,7015.5704,6594.3162,6722.3182,8522.7706,11388.0880,8284.7194,7700.1110,373213.7906,380570.5593,375028.3549,378800.9734,373134.1847,372211.3256,374301.3898,377711.5846,362450614.0984,362446709.6521,362454490.3075,362455450.2709,11452.2757,2017.5269,12811.5799,7441.6370,5431.7203,11547.6567,7049.9028,10300.5783,8576.3555,9532.4670,11093.3082,12118.3744,6282.8155,11775.0520,11142.7366,10339.2381,10671.8156,9312.3843,12885.6828,13778.1537,4460.9114,8264.6606,5043.6243,12326.1797,7627.6336,5291.3937,6595.5069,10453.5359,13019.3630,11819.4215,8232.1825,8114.6076,13558.4608,10612.9152,3579.1215,9541.4788,13149.8203,13698.8912,9451.1415,9221.7758,4264.9931,7491.2143,12961.3085,9562.7175,12035.6414,13687.2151,4729.2574,12051.2711,7898.1754,10051.7522,6679.1533,12109.2763,12792.0645,7171.2284,12000.4496,10191.0543,4211.0165,10881.9185,6228.3208,8459.0650,12253.1935,12415.1983,9088.6959,5227.9683,0.0000,9022.2166,8123.3255,10104.5472,12698.2480,8761.6643,10072.6566,3019.9297,7963.5404,7894.6688,12901.5981,7962.9971,368704.7047,376337.2193,370520.5292,374307.9777,368767.6546,367734.3339,369785.9519,373279.1911,362456361.2421,362452456.7859,362460237.1685,362461197.2701,12472.8444,3030.0588,13850.8921,7899.7342,10061.4752,7758.8685,2395.2773,7191.6745,6770.0487,12168.2208,8133.5504,13542.7153,5875.6015,6613.2856,6107.2911,10069.8653,11268.6385,10662.9924,6313.1510,8874.7904,8520.2950,7889.3606,11858.6616,7815.5206,13511.7905,8057.0845,4309.1253,3423.9486,10838.2870,13829.9225,6732.8991,9124.1933,1938.5160,9266.3942,13331.4291,10998.7421,7259.7200,9715.1610,9830.8956,8578.5121,9259.9970,10600.6258,4945.5808,4746.8009,6738.9711,9723.8532,5486.4333,9647.2099,6402.6204,6278.7813,12334.9015,9967.7356,6694.8526,1126.1755,12144.8924,10509.3014,12888.1863,7564.3807,11031.4275,10184.1059,11874.3116,5790.9872,10873.1715,0.0000,10592.0479,6369.5044,13380.1121,3087.5341,12896.9577,13010.8029,12392.9497,9207.8481,5877.7423,10969.6116,9938.6880,359885.3034,367353.1668,361699.3975,365474.3339,359772.6375,358903.7316,361076.2532,364403.6845,362462046.9747,362458142.9774,362465923.6425,362466883.5742,13450.5081,5675.6739,7022.4165,11146.2424,8298.0275,11465.1093,9595.6455,10418.1366,10105.6144,12231.6986,4504.5789,12340.1289,11611.5282,11168.7563,10374.5006,8786.7292,12247.8942,13893.9092,6132.4865,8971.4500,6810.3066,11354.6365,8583.2167,3442.2055,7879.7842,11473.3633,13576.5022,11199.6990,6540.6441,9235.3976,13230.7523,11767.7614,5342.5553,8120.2985,12397.6284,13702.8900,9611.5829,9381.2528,6127.2374,8174.5003,12297.9946,10630.9931,12600.9058,13761.0803,5767.2728,12535.1432,8193.8230,10776.1423,8371.8946,11018.2883,12380.4945,8654.8979,12879.9025,9254.8174,4963.3120,9607.1802,7759.5487,8290.5632,11770.4266,11430.3139,10250.3741,5478.5771,0.0000,8928.1176,9422.2030,8663.3102,13354.4609,7515.4860,8759.1763,2044.1396,8562.0319,9305.1619,12179.9150,8311.8636,370531.6906,378150.1580,372347.3571,376133.9110,370574.6880,369561.7655,371629.2105,375102.2424,362454886.1590,362450981.6358,362458762.0862,362459722.1576,13599.8279,10184.1518,9727.5168,8980.6839,5141.6798,7914.5253,7081.5918,11519.3783,6373.2984,13712.1385,4679.6652,7475.0979,6103.7369,10215.6750,11652.0508,8523.9484,3843.4173,10572.5183,8826.1218,9885.1676,10445.5753,9802.7947,13736.2518,9337.8304,4921.7487,1337.0440,10201.1176,13374.6590,8945.0017,6627.7439,4767.0549,11288.6383,12849.0418,8947.5098,4501.3013,9192.4981,9383.2739,10718.6365,9708.1514,9114.1891,7180.3474,5197.6676,3940.9781,11584.2575,5866.2993,10985.2415,7962.8576,8762.3541,10893.7036,7801.6802,8428.5292,2277.3882,11903.3284,12180.0254,11925.6270,9259.0096,10637.3257,9433.0259,10268.1568,6837.5157,12315.9832,0.0000,10048.5366,7740.5328,12384.5290,558.3215,12825.1507,12400.9091,13441.5348,9475.9275,7589.0203,8882.7809,9997.0402,360855.1222,368196.1438,362668.3580,366435.8017,360670.7747,359859.5012,362056.3834,365337.1020,362460337.7838,362456433.8338,362464214.6268,362465174.4911,11116.3291,9717.0973,11164.2901,13499.5858,11618.7349,11895.9170,7118.0153,11193.3428,2300.4751,12482.0966,12317.0298,12296.1516,9663.2431,8273.5469,8936.2833,12584.5121,10313.3550,10510.3659,10955.2720,7524.0228,11381.3986,2480.4389,10938.0979,12960.8188,13533.5906,9042.7271,970.1973,12066.0660,10659.3125,13704.8063,10042.6907,4188.2651,8763.2658,12009.1941,9646.1030,9507.2232,10703.6264,9994.1268,9298.1618,12857.0838,13069.9242,12265.3122,9681.2340,12879.0585,9984.4344,12350.8360,12153.9472,6770.0718,9748.2867,11868.9222,13833.9635,7023.4418,8875.8580,5290.4148,11285.4227,8066.3453,9785.6925,7376.4461,12386.8308,8478.3959,0.0000,8576.1651,12071.0879,3534.8481,13549.2984,5086.6430,4912.0731,5868.6831,10049.6641,12193.0070,8631.7417,9356.4464,373614.8170,381098.5150,375429.4091,379207.5434,373542.3708,372635.3250,374771.4153,378145.5584,362451553.3964,362447648.8351,362455429.5613,362456389.4959,10292.1556,6976.9083,6009.1667,8297.6006,9067.7843,11548.4353,12209.9118,9770.4873,10797.3590,7673.4938,9506.3271,9229.2689,8780.3792,13653.0742,11900.5972,4842.1282,9087.7235,3722.1950,12940.8851,3515.6130,9712.0673,6728.3907,8582.9889,10240.5313,11153.1444,11623.5034,3386.8662,13398.8104,6423.3179,1985.1692,11487.6537,13677.3837,12671.0408,10948.5420,10832.0560,2039.3453,8880.5435,12596.2551,4919.8852,8509.4662,12380.2117,2770.2929,8627.1150,5668.3952,6043.2386,2689.7971,13204.6509,13444.9148,5805.0025,8573.8518,10579.8033,3738.7401,12404.5893,5492.1339,10972.4841,11198.3431,13279.1150,7794.3357,4882.8971,0.0000,11149.6353,6958.2714,12683.4751,10192.4663,10266.0078,11650.3356,6610.8454,9288.7386,6143.8488,13716.6803,9833.7825,363826.2834,371588.9593,365641.9411,369434.0717,363881.2655,362879.8316,364995.1604,368431.3852,362461382.7192,362457478.3613,362465258.7992,362466218.8671,13421.0785,9414.3299,13485.1167,13327.6737,3536.4978,12131.9630,8931.6257,12254.6349,4901.5363,13024.8295,1619.0384,3520.2048,9434.6401,7605.3338,12848.9324,13589.8990,12309.9785,5357.5785,7707.3569,10746.7461,13403.9448,12364.7381,8734.0667,1421.0545,9419.7635,8212.5301,9243.5260,9638.1849,10976.2336,6343.0263,7764.5124,9343.3567,13466.6930,13503.5181,11549.6591,13755.7780,4166.4955,8030.5556,6177.0226,9056.2433,9153.9046,5536.6403,5889.3795,6203.3640,11412.8418,6411.1950,10680.1066,12960.6510,9463.6876,3483.3070,9116.5410,6070.7884,13018.4791,13369.1976,1380.8542,6507.3828,13056.5318,8016.4508,0.0000,13306.6851,13142.5868,8716.4105,10089.7776,5594.4205,5694.4428,9849.9474,13743.0382,12740.8872,8959.6726,13721.2487,367482.0572,375263.0552,369295.2771,373082.2755,367340.6617,366565.8930,368903.0536,372081.1837,362459506.7517,362455602.2015,362463383.2513,362464343.0220,7869.2253,1895.7070,3150.0851,13774.2173,7791.5521,11177.1679,6447.0529,11601.9912,4201.4662,13101.5549,12937.3929,11431.6488,11438.5686,3092.9538,2686.0468,3541.4443,13538.7307,9651.5395,9751.0258,519.6873,4627.0324,9853.8505,13766.6260,11517.0531,9113.8221,11281.1122,7861.8818,6589.3606,13065.7841,12603.8641,10669.2534,5289.5938,5165.8784,5580.2183,2649.0444,13603.9928,9149.8524,10988.6273,10669.9378,8805.7749,11439.4674,11285.6608,10706.7172,5143.6372,13342.7395,10292.7365,1739.9648,8584.4807,13516.0100,9162.3676,13277.0681,1665.4720,5981.8192,13676.7407,13168.9349,2625.8977,10221.0762,0.0000,5958.1679,1638.8059,12131.7785,8613.8600,12889.8531,13232.8260,9454.9785,3043.0017,2217.7234,11859.3996,4007.6794,363927.5820,371226.4769,365742.7321,369513.7092,363912.8213,362903.1395,364897.6424,368410.3873,362456994.5979,362453090.5810,362460870.9071,362461831.0109,7878.3709,7829.0489,11730.9586,9819.4483,12803.9709,7738.2926,5361.6352,7478.5053,9054.3047,10059.9414,11821.5630,7676.9426,8125.1792,9209.4161,6911.1921,12084.0984,5672.9287,12955.2513,8033.8295,5726.5862,5122.2735,10394.6783,13600.2900,4487.7582,10563.0603,496.1110,7647.4339,12869.7647,11884.9270,8962.8205,10700.0171,10753.4950,7082.5660,9718.1387,10869.2624,2721.0686,4306.4327,8442.3747,7842.5583,4895.2914,7833.1324,4579.5375,4814.5441,12626.5634,11378.6907,6506.8745,2986.4005,11395.8758,8740.7458,12789.8700,7180.3341,11688.2025,9857.5546,12313.4291,6543.4154,9133.8750,0.0000,11409.9624,6680.1387,13505.1153,5285.6447,12093.5793,12620.5850,11136.9646,9807.7253,5915.7984,12014.1773,10538.5933,360221.6398,367836.5484,362036.1997,365818.6784,360158.0077,359261.4373,361442.9735,364780.5908,362463052.1740,362459148.0586,362466928.6883,362467888.6449,1284.8433,13866.1145,6220.5971,11911.4688,4755.2322,11748.2909,2414.9608,13382.6038,13475.4193,10444.3815,10457.5137,4921.4612,1825.5053,5202.7526,13200.2150,10555.4178,10537.4233,2387.0192,3348.1388,8937.6389,13756.6814,11826.0654,9919.3868,10111.5752,7760.5991,8150.8122,13343.8766,11816.6843,9401.4404,4251.3024,4225.8000,7174.4905,2578.7952,13179.0926,9570.9123,10761.7511,9444.1832,10120.4973,11277.5540,12123.7680,11100.8466,6292.0264,12993.5559,9082.2498,2900.0397,7922.1959,13821.3708,10493.2531,13241.4734,3368.0268,5555.7626,13562.7524,12703.7838,1603.3925,11400.8959,0.0000,5263.0835,1738.4611,12051.6755,7476.9523,13376.4698,13414.7283,10710.9381,2578.7660,2696.9529,10961.8728,3631.5400,363457.4544,370663.5781,365272.1619,369037.9750,363399.2432,362421.0918,364423.5663,367913.8011,362456597.8438,362452693.9104,362460474.2917,362461434.3627,13756.5450,5143.9805,12330.2472,3533.4130,11661.8440,1186.4914,13370.3816,13646.2267,9706.9137,9628.0388,6086.9273,2254.6874,6258.2141,12825.3053,11002.6553,11060.9873,3636.0360,2646.3373,8183.3119,13555.9922,12000.9205,10319.0743,9209.1023,7644.6274,9079.6805,13406.6604,11170.1668,8407.9880,3956.4917,4025.8872,8143.3783,3300.1057,12717.1855,9729.1228,10443.0784,8471.1419,10852.0596,10991.5644,12501.0447,11196.7292,7036.5821,12633.9450,8223.7070,3903.1279,7393.3635,13850.2346,11236.6484,13093.2437,4514.9410,5626.3734,13288.0787,12264.6173,1765.9106,12031.1497,0.0000,5150.2864,2600.8496,11948.7500,6604.7381,13555.9611,13402.8539,11453.0160,3066.1306,3445.9848,10274.6456,3969.2070,363167.6064,370328.7192,364981.9851,368744.9889,363078.3648,362126.7314,364143.9115,367610.4859,362456487.9863,362452584.0944,362460364.5296,362461324.5709,12051.8544,6712.5497,12887.7580,8067.2558,13606.8534,4206.0489,4087.1874,8359.2274,9137.1425,13155.8541,13500.8963,12999.1796,3324.3286,9681.6097,8731.7151,13702.8454,13443.3139,10768.8571,2380.4358,6656.9905,10372.8650,9060.9294,11941.7164,11639.9139,3178.9182,6600.5352,9988.4824,12874.1828,12879.9953,12340.4274,13494.1662,3918.0987,10558.9776,9127.2070,9956.0104,10014.4944,8618.3861,7517.3973,9029.8769,12778.4023,3992.8468,9933.9324,13732.2677,11662.9688,1632.0831,9605.5648,2866.8726,13591.9782,12309.9263,3369.6181,4528.4368,13843.8420,8457.2632,0.0000,12375.5408,13867.7630,5848.8881,11760.3156,3231.2157,2393.1594,8978.4472,13456.1554,13658.5970,7729.4744,13157.4315,370769.8904,378463.4864,372583.1879,376366.8681,370621.1879,369839.1567,372147.2955,375347.8400,362456151.2556,362452246.6363,362460027.6901,362460987.4629,12285.3303,2838.1745,11922.6887,4474.2110,12782.9757,13424.1717,5427.6123,7033.8762,10133.6550,5771.5986,10338.1276,9995.7734,12981.3090,11441.9406,8150.5220,5655.6358,7232.8427,11927.5200,10877.3172,12488.3994,4834.6150,9574.2212,12300.7449,12008.2292,7317.9800,4666.7331,4318.2117,4609.6013,11748.2713,6630.1334,9981.8591,11545.8248,10386.5372,5110.8660,13249.5476,10826.3046,13618.4595,12261.6445,10798.3667,9691.7090,3555.1181,8546.7975,8029.7681,12743.8302,13428.0874,10904.0061,9019.9919,5886.8448,11567.0374,9091.2310,6503.8579,13699.3607,0.0000,5073.0975,7439.4580,9751.6062,5963.9687,12789.6650,11779.5090,13014.3445,6095.3500,8030.1227,6160.0724,6060.7736,365148.6621,372185.7698,366961.6580,370716.0210,364942.9949,364100.4366,366192.0493,369553.5791,362454162.8307,362450258.9385,362458039.6421,362458999.5480,13133.5630,11284.8457,12766.4738,8523.3035,6776.0637,10305.7110,12878.8341,9769.6078,11071.7694,10238.7462,8078.9635,9831.5985,2537.3494,10894.7214,13134.4336,13539.3879,8496.2570,2992.2795,10681.5984,11711.8063,13081.0738,8698.3041,4015.4751,9870.5268,12755.6238,10728.7559,10574.6774,9569.2291,10517.2593,9525.7601,11757.9372,12418.4437,12888.9029,7941.3108,12160.2023,8233.4939,11129.0460,11238.7937,7636.3970,11130.5775,11597.0376,13578.5006,6097.2362,7029.7779,5802.9262,10955.5803,9290.5221,9315.7223,8283.7916,12498.8123,6494.5672,0.0000,9811.7606,12035.6787,5215.8328,13715.8785,3920.8615,4825.1465,4022.3369,10679.8308,11979.1923,9975.0811,10168.3587,372949.4588,380574.2597,374764.3691,378549.3407,372915.9832,371991.2336,374144.7113,377518.1623,362453351.3006,362449446.6617,362457227.3641,362458187.3153,10897.0657,2438.2380,12687.3248,13470.6841,7635.4622,6875.0214,8993.7832,5184.9539,8901.1991,11349.0900,11737.6451,12331.4503,6894.7865,3057.3014,5853.8765,12379.5351,12318.6807,11008.8591,6501.0641,7426.8349,11193.2768,13139.3458,9117.6741,5312.8069,5145.9913,5387.5467,10432.0780,6242.7002,10908.0048,9868.8074,9151.8500,5394.8124,12333.1276,9733.1749,12926.4898,10985.6163,8968.2771,11281.7692,6033.0729,6774.9071,5996.4123,13331.1057,12732.3601,12284.3395,7514.1497,7018.2333,11905.8126,10703.7199,4426.5664,13181.0731,0.0000,6278.8225,5576.5530,11526.1223,4154.7152,13519.8792,12911.0134,13034.0499,5825.4693,6052.9134,8275.2443,6288.6327,362691.2034,369804.1902,364504.6540,368263.1462,362520.3811,361651.7538,363737.3812,367116.6387,362456669.9989,362452766.1510,362460546.7776,362461506.7197,11301.9180,4426.4909,6085.8364,11392.7749,7229.2342,11086.8428,12497.4266,10079.8311,9297.9072,4810.6728,12471.5905,11639.4261,10004.3563,6509.7270,6210.3687,12269.4949,4651.0944,10429.9133,5641.6568,9118.9424,10129.2615,10435.9837,9440.4554,13232.7886,13277.4352,9343.4161,12814.0729,7752.2574,3703.0884,2518.6570,8899.8123,7639.1185,1943.6107,4952.1774,1883.7256,8337.4078,10206.3536,11875.2880,10584.1312,6191.0354,7613.0193,8204.7687,10094.1188,10882.6885,13661.0595,5662.5762,10061.5108,10825.2440,7668.7197,0.0000,13501.3517,10887.3941,11960.4483,7889.9601,9051.3161,9695.7440,10479.9871,12879.1900,10226.6107,11229.4639,13247.0073,363015.5605,370834.3731,364829.4076,368619.1840,362922.2614,362098.7193,364399.3282,367625.4970,362463070.4996,362459166.1111,362466946.9934,362467906.8389,13174.2337,13645.4363,9228.6107,8739.4877,7013.4190,3291.7104,7021.3427,12512.9209,11123.4068,11664.8187,4688.5043,1965.0254,7268.6168,13257.2148,12319.7416,10378.9365,8485.6216,7234.9375,9715.5855,13496.2665,10687.3032,7494.3409,4405.4149,4546.5888,8803.2257,4372.1047,12250.6601,9557.0516,9871.8565,7534.0119,11293.9293,10454.6042,12606.0248,10983.3324,7448.0637,12383.7906,7693.6530,4658.7829,6634.8423,13795.1559,11719.8369,13015.5876,5397.9811,6236.6997,12905.2890,11942.3424,2216.5527,12418.3409,0.0000,5649.4276,3348.7681,12032.9888,5599.7259,13685.3283,13413.6385,12069.5722,4069.8805,4016.7965,9822.0255,4846.9142,362638.2621,369786.9338,364452.3795,368214.1107,362524.5564,361598.0380,363636.5592,367076.2770,362456857.3058,362452953.4409,362460733.9304,362461693.9427,2315.5579,10522.1713,8626.1975,12191.2425,13560.1456,11592.2019,6576.9087,6465.1776,10389.9456,13035.9277,12427.3547,9280.6312,2760.1418,9522.5136,7136.3415,10383.5132,9349.6515,9926.4659,6525.8958,9018.8834,10368.5156,13703.7698,13710.1653,10601.7434,13641.1110,5664.1480,7290.7505,6254.6388,10055.9903,7881.3279,5594.5329,4390.0277,5354.5329,10636.4866,7501.5314,11635.5329,12531.4031,9614.9147,3473.4074,7846.7451,6776.3979,12515.2825,13527.1622,2991.7850,7693.9374,12934.1885,6677.2301,0.0000,13536.5826,12877.6102,9256.4716,10563.8217,5308.3875,6055.7674,8904.3897,13700.0944,12391.5597,10088.8710,13728.8282,367323.2474,375175.9443,369136.8859,372928.0224,367220.9883,366415.4059,368740.3751,371942.9745,362460198.6976,362456294.1041,362464075.0890,362465034.8950,11149.5120,10328.4015,11603.8275,13474.1252,11170.9567,7058.0749,6401.9422,8846.5419,12785.0579,13083.5159,10888.4626,3983.9401,8288.8685,7380.1095,11433.8701,10407.8170,9075.7228,5373.4922,9775.4962,11687.9653,13650.1272,13606.5376,9968.4514,13364.4928,6880.2145,8133.0596,8045.9133,11468.6472,6862.1388,7465.9700,3758.1031,6421.5578,10586.6639,7708.9421,12270.6614,12490.5462,10992.8518,2630.3635,6535.6739,6359.3315,12272.0794,13145.3897,4685.1673,8124.6760,13235.0993,5174.9898,0.0000,13302.9163,12989.7320,8587.2853,11924.9790,3668.3601,5188.4941,7123.7573,13491.7507,12525.7879,10696.6851,13429.7746,368936.7915,376820.0123,370750.9069,374544.7077,368873.5087,368030.0713,370325.6112,373567.4127,362459139.3997,362455234.7212,362463015.6361,362463975.4825,6421.7867,12720.7288,9700.7256,12919.3127,5458.5185,13343.4530,10329.4835,11615.5999,9928.1817,8536.9956,8667.1118,8225.8127,13285.0552,2362.9835,11714.3178,13658.9065,8520.2928,2256.5529,4588.2624,7844.5649,8017.3697,13616.4641,10138.5358,6025.7788,12570.9891,10450.4008,5176.2710,13643.0381,10534.0644,12824.9038,12310.5962,13241.3565,4975.2657,2015.2249,12058.2456,10139.7904,9552.8320,13524.1320,6761.4644,12257.5685,8062.0290,8480.3483,4266.6392,10735.5684,13216.6420,0.0000,7626.7268,11364.7249,6092.9822,8451.0066,9836.5871,8087.3863,12509.5581,9731.9670,11702.8977,792.1939,9288.9103,368865.2574,376024.2878,370677.6226,374435.8940,368612.6370,367847.2016,370041.8204,373299.8966,362452659.0534,362448754.9122,362456535.8768,362457495.6660,12665.7848,10832.9535,12140.5192,7553.2979,10708.5332,13399.4478,11716.4647,8111.9729,3057.9995,7728.8429,12128.4230,10234.2474,4400.6994,7473.3405,12837.6949,10956.3807,6102.7905,2786.5508,10395.2568,10593.5493,12617.5288,11575.4548,5929.5141,8690.7007,5330.0000,2152.2069,12491.7293,5594.5997,10899.8698,8469.9066,11209.4299,8172.1738,6534.4940,11150.7964,5325.4764,9926.6191,12849.9506,9581.8500,11751.7561,11415.2422,6855.8079,7443.2038,9765.5659,12551.4078,0.0000,10871.1624,10558.5545,10582.4356,4173.2933,11224.6329,10315.6434,13611.7563,11289.9487,10467.4170,6535.8810,11476.4404,363312.9709,370681.0182,365125.3593,368892.1103,363073.0429,362330.6770,364599.7479,367799.2290,362458944.0008,362455039.9239,362462820.9216,362463780.6902,5285.5652,1457.7968,13649.1002,8005.2136,8489.3049,2625.2546,7009.6288,11151.6553,13297.7288,10871.5391,7750.9546,12809.1200,8303.0966,3872.3957,12237.6350,13490.6334,12362.7987,7478.6199,7288.0325,2984.1840,4745.9166,13821.9972,8497.6102,11148.6961,12301.3525,6389.5883,11448.4268,9559.8894,9877.6189,3984.1051,13506.8462,11994.1640,2983.2920,9702.4113,12552.7792,6673.5797,12945.0130,1923.2218,7409.6319,13382.1517,13519.1823,5270.9275,7937.9992,0.0000,7686.2050,4096.0664,12039.0879,10332.8875,11688.0097,12537.2801,7165.2571,5295.4874,3874.0675,12983.8978,5875.3041,365008.4939,372486.2932,366824.1729,370604.2937,365051.1028,364010.5552,366018.5130,369540.7689,362457727.4562,362453823.2669,362461603.5626,362462563.6921,5963.7606,12672.5775,11313.6545,9469.9593,2952.5134,4756.8111,9790.3135,13684.5365,10705.2053,10853.7892,9751.4951,9121.5813,8610.5352,12637.1272,11216.0804,9458.1139,2682.0279,2580.5819,7814.7939,1117.7276,12954.5176,10668.0550,11638.0831,9628.2525,10519.8291,12084.8126,12525.6974,11963.7747,7470.2575,12304.0422,8340.0487,4218.8689,9113.7300,13535.4980,10706.9905,12525.4430,4277.2823,3797.2479,13590.6032,12058.9134,3362.5780,11542.9596,0.0000,3558.4703,3380.4365,10968.4849,8390.8425,12878.8233,12769.1330,10296.1494,816.8290,4266.1079,10220.5653,1826.6472,365150.6264,372306.9162,366965.2201,370728.7914,365083.2376,364106.7092,366098.1635,369594.4022,362454839.5405,362450935.5764,362458715.9693,362459676.0363,13620.5340,6932.5869,9274.2914,3214.3658,6609.4752,10400.3384,12897.3567,11472.3086,6539.2483,12781.5637,7118.0844,3287.5721,12413.7071,13551.6969,12119.6540,8226.7381,8077.1525,2108.6520,5656.5644,13562.0726,7241.6217,10146.4891,11974.0672,5741.6295,10463.8746,8801.3504,8763.5108,2538.5391,13610.0470,12237.5401,2653.5498,8761.2510,12345.6650,6250.8716,13086.9416,1949.0442,8388.3755,12908.3557,13589.6050,5098.6732,7522.3322,0.0000,8564.6530,3962.0762,12510.9933,9689.7948,11708.7254,12641.3749,7472.9108,6143.0199,3402.1616,13166.2530,6830.6109,363930.7262,371465.4231,365746.3985,369528.8099,363972.7760,362943.1490,364975.7922,368477.0477,362459106.3638,362455202.1744,362462982.4978,362463942.6133,11520.3477,9439.4775,13566.5838,12624.1836,9824.6428,4102.4628,6769.9980,11913.1405,6350.4858,12166.6873,13030.7728,4631.0887,3461.6133,7759.6759,11507.2624,11575.1201,13467.6833,12834.6803,2299.2607,11637.5340,9481.9600,7900.1573,11957.8273,9154.2743,9934.0513,10469.8579,13560.3801,1238.7071,7280.9384,13745.3287,11232.5979,4863.5703,11650.2395,2608.3000,13744.9564,11148.6063,4372.3237,1348.4745,13271.9264,10777.9515,0.0000,11047.5904,13553.3101,4806.6256,10625.9785,5783.0534,3825.6012,10754.8720,12648.8464,13539.9307,4739.1793,12258.3740,370582.5588,378071.0613,372395.2275,376168.4894,370369.6364,369621.6291,371912.7161,375104.2698,362454473.3673,362450568.9063,362458350.0024,362459309.7444,10621.5408,9499.6407,9960.5372,9397.1949,8821.2306,11716.0259,1315.4653,12912.5816,6160.5053,4973.2806,10444.3475,12819.1249,12153.0423,12704.3250,12642.1344,5463.1201,11278.4478,10792.1266,3259.1454,6420.9853,11751.9374,3278.3678,6279.4745,2880.7653,3129.5792,5352.8129,12075.2327,13550.5784,8487.9054,8097.3164,8616.2582,4155.7062,11267.8024,8413.4228,12766.3397,8804.8202,12163.5957,9845.5283,4200.6253,0.0000,12855.3973,9349.0718,12409.2934,9999.9433,8951.2780,10418.3989,7424.4940,11564.8860,8532.9787,13253.1995,12001.9307,363835.3239,371723.9893,365650.4297,369446.5415,363852.9244,362917.4477,365126.9958,368470.1944,362462749.8031,362458845.3432,362466625.9704,362467585.9489,9439.6466,12317.3894,13810.5335,10361.3129,3398.1130,11283.9546,11815.9807,13190.2156,8332.6298,6071.2662,10447.3952,12842.5320,9118.2582,8917.6845,8992.2576,8762.5881,10912.8452,12318.7202,13277.5674,13047.8742,8386.5789,13158.6505,9635.7655,12132.1557,10779.7434,8812.2251,10750.6833,10469.1913,13694.7821,8297.4252,7550.7305,7388.0561,9725.3375,7438.6323,11041.3795,9320.4264,11388.0163,7515.3181,0.0000,8093.1035,10855.4473,5772.5118,13637.8195,6290.2300,6804.0361,4219.0264,8951.3843,10952.9929,10167.9340,8338.3328,372765.7029,380271.7010,374580.8319,378361.2788,372744.8054,371783.4971,373872.8755,377304.8453,362452253.3632,362448348.8268,362456129.4096,362457089.4150,5089.3785,10168.3635,13750.2398,11328.8584,9014.3572,11540.5606,8056.8674,6223.0734,12915.3105,12744.2558,10988.3953,5496.2939,5348.8923,5235.8500,2722.3981,13681.1954,9171.9925,11136.8027,10990.1802,8496.7070,11561.9894,11101.5088,10697.7406,5027.8791,13360.1445,10536.9413,1835.1765,8883.1245,13395.9730,8824.4851,13209.4446,1429.8059,6009.7966,13697.5499,13220.8707,3112.8579,9915.0858,0.0000,6059.9982,2062.7603,12050.1635,8987.7811,12702.2360,13113.2224,9067.6502,3189.0487,2485.5154,12019.2758,4077.4367,364232.7499,371552.1500,366047.9949,369820.1294,364227.9100,363210.9747,365203.3848,368721.4998,362456927.8273,362453023.7839,362460804.0991,362461764.2100,6071.9727,12789.9447,13002.9026,9064.8155,8864.0269,5440.6260,9170.4900,13696.6711,11073.2767,7472.4720,6182.4241,6301.6276,8212.3016,5697.9412,12045.0386,8024.5426,8471.8483,7321.8706,10588.1709,9112.8684,11704.2658,9609.1601,6372.8578,12684.1813,8601.8958,4318.1768,4982.8564,13528.4268,11171.0065,13269.5490,5280.3064,7837.2171,12347.5572,12233.5626,2089.5670,11859.1494,0.0000,7320.3843,3229.4904,12727.8882,4464.3568,13648.6640,13555.3492,12104.2046,5547.3136,3429.3333,10450.7145,6405.1814,361308.8185,368554.3492,363123.0756,366889.1239,361204.9705,360284.9395,362353.6755,365771.6370,362458777.7086,362454873.8242,362462654.3348,362463614.3376,9263.1261,13275.7042,8605.9500,6611.2313,4811.8544,11437.5338,12378.6820,8619.3059,4546.2661,10086.6675,10266.5175,10994.1121,10603.2308,8284.8132,6776.5729,4144.6959,3878.6685,11417.9793,4772.8484,10378.4431,7237.8497,9116.8524,10404.4492,8121.4410,9226.3170,2379.6382,11162.6163,12003.5298,11427.2990,9991.9356,11372.8873,8427.3582,9787.4231,7877.3948,11991.8731,0.0000,10828.1841,8675.9057,12216.6774,1884.2769,12283.4611,11869.8110,13372.5350,10396.2060,8436.1920,8788.4876,10861.6449,361076.7954,368483.5458,362889.8979,366659.8437,360886.8059,360094.3503,362325.2695,365575.2224,362460831.8671,362456927.8575,362464708.7125,362465668.5491,8634.4885,9352.4021,8733.1383,10589.3244,11649.2566,5427.1246,6839.9611,9172.0223,13291.8914,13332.1410,12237.4125,13830.3190,3195.4039,9198.3146,7224.3415,8982.0354,9930.2148,6643.7555,6902.7153,7492.3809,12230.1286,5178.2656,10102.0718,13477.3142,10214.8398,2894.1088,9771.3247,4881.1629,13498.9189,13082.1427,1085.6939,5339.7148,13463.6413,8652.9726,0.0000,13028.6563,13584.6933,7700.9014,10529.7065,5052.8197,4674.9398,9996.5361,13781.1343,13274.3157,8112.4808,13652.0794,368624.4358,376354.9403,370437.4763,374221.9437,368464.1186,367701.5944,370037.9798,373210.0370,362458205.6059,362454301.0449,362462082.1293,362463041.8832,12367.9347,10032.3682,13783.8526,10666.6828,3764.2107,7980.0761,11503.1847,9649.5756,9537.5685,11287.7713,10271.1630,8654.2761,13024.3447,12931.9617,11785.5230,10245.2625,12732.7101,10262.3708,12447.8062,12575.2656,5941.0064,9165.1290,12230.7013,13740.8807,6772.5492,9486.1893,4557.8914,11716.7824,8148.4321,9362.8484,6557.8629,12566.9959,9016.7923,0.0000,8586.6752,12344.4573,2593.8533,13334.5559,5011.0622,4403.2559,6667.1320,10272.0993,12488.7367,7877.7060,9557.8870,373687.1455,381145.2067,375501.4843,379277.8691,373591.5538,372705.8729,374856.3065,378209.9776,362451322.3946,362447417.8472,362455198.6236,362456158.5320,12659.4466,4982.3931,5167.8983,11238.3514,12893.9817,11689.7844,12373.6581,12329.8341,5339.7547,10918.4435,11042.0272,2141.4656,5828.0634,11252.3611,4118.7314,5828.1512,4072.7845,2831.6454,4602.7090,12477.8869,13333.3980,7810.3163,7091.6684,9452.8517,5102.5248,11876.1018,7881.3890,12643.2027,9198.7603,12475.8350,9054.6182,5358.7437,0.0000,12661.8038,8620.5369,12920.7116,9133.5444,9881.1889,11164.9342,8299.3376,11187.4772,7756.0520,13261.3443,11722.5361,362700.1918,370546.8941,364515.2780,368309.4022,362709.5382,361775.0775,363975.7263,367323.4547,362463214.8077,362459310.4254,362467091.0344,362468051.0174,10386.2017,13726.0613,9867.6100,3244.8332,2325.0896,8270.2849,8490.2506,13549.3073,10397.0140,6024.9834,11599.4319,9059.4967,2938.8605,13721.7277,9241.5128,12722.0032,11453.3939,12720.5143,6305.2280,2496.4954,11662.3148,8471.3656,10194.2584,13790.0636,8139.4163,12060.0701,9007.5001,8264.7446,5473.1706,10077.3916,13531.9571,0.0000,8432.3973,10876.5609,8057.4433,6592.0328,10864.6166,9333.9210,13385.7386,9976.9633,11141.6386,2766.5847,9777.7385,366612.8579,373782.5126,368425.0140,372183.0273,366347.3374,365597.8124,367810.8783,371048.3820,362454557.1786,362450653.1177,362458434.0975,362459393.8742,8020.6024,13097.4175,11832.9498,8715.4027,10585.5639,10651.2566,7411.6407,9681.0284,10927.3088,3191.5306,4374.8740,8188.8659,8290.4518,5013.4898,8278.8177,4978.8367,5086.4003,12701.4944,11213.4308,6527.8312,2588.0846,11666.0270,9175.8937,12945.3222,7259.1950,11652.7086,10020.4630,12356.3391,6383.8899,9573.1694,0.0000,11340.5318,6605.6186,13620.5444,4899.8470,12382.5172,12832.6412,11493.1220,9745.8345,5878.7763,11931.9315,10490.7263,359984.0588,367571.8925,361798.5431,365579.6384,359911.7683,359019.8079,361199.2684,364535.4935,362462998.3622,362459094.2757,362466874.9088,362467834.8619,11033.4239,13799.3679,13282.0743,10404.4627,10239.3387,1310.6058,8170.9894,13035.6301,6734.6801,10000.3967,13090.3320,2708.0124,10087.0141,6400.3857,7639.0190,3724.9084,13124.9765,13449.0598,5821.0130,9941.9261,10643.1796,3168.9147,12145.8901,5162.7520,10103.7274,11845.4474,13284.3866,8029.3419,4599.4451,0.0000,10421.0452,7037.2507,12048.5141,11236.8629,9901.8772,11338.8675,5228.8442,8644.1743,6406.4684,13718.3981,9058.9579,365403.3015,373129.3987,367219.1334,371010.3234,365474.3424,364448.4414,366530.8341,370000.6831,362459776.8199,362455872.4279,362463652.8138,362464612.9099,7313.4978,11137.7802,11857.5068,11802.6211,11814.6970,12401.6078,6257.7212,11807.4094,11174.1230,11256.8945,9751.3574,10781.4232,8357.9189,10645.2962,12804.0196,4385.0121,9945.7857,13333.7504,13033.3508,3278.0118,9070.7059,2201.7956,12975.7577,10819.7184,6351.4425,5186.9883,13669.8172,8087.4934,0.0000,11076.0937,13529.9670,3779.7500,12967.4057,2012.4608,898.3610,7271.8978,12405.4039,13447.0438,7948.0527,11918.4408,372794.8759,380424.0068,374608.7771,378391.3339,372680.1715,371848.0431,374091.8398,377359.5695,362453813.3817,362449908.7340,362457689.6717,362458649.5048,5211.6952,9638.1283,9780.7653,13926.5700,11589.8289,3985.2661,12224.6589,9777.5434,5598.0494,13336.7682,9706.2058,11916.0837,11575.2524,13623.1671,3238.6028,4177.2426,13018.5009,10346.6078,7969.6612,13179.0497,5311.9185,13186.0984,9686.9633,6671.8610,2377.9311,11948.6302,12633.9572,0.0000,9359.0356,12492.6701,5661.5251,9013.3002,8604.5159,6708.1217,12298.5480,11258.3504,12675.3924,1563.0484,10858.7058,369307.5194,376585.7345,371119.7699,374882.8805,369052.2273,368312.3134,370560.3675,373772.4975,362453514.4379,362449610.1861,362457391.2445,362458350.9930,8504.6362,8743.2193,12958.4144,10258.7992,6843.4516,10331.7266,7647.0634,725.3507,13368.3663,7976.2140,12393.0427,10421.1859,11707.3031,7974.1968,4115.7844,10783.7195,6530.7652,10923.9767,13623.9117,9613.0386,11359.6239,9641.1591,8506.1914,7168.9131,9029.6512,13477.3852,0.0000,8994.1048,9949.0827,9808.8082,4488.0603,11790.2837,10592.3545,13803.0831,9861.0279,10122.2964,4990.0738,9916.9057,364327.9769,371528.2115,366140.2639,369899.6914,364072.4687,363316.5835,365531.5611,368770.9681,362456577.9953,362452674.0037,362460454.9465,362461414.7378,310.3906,9832.8106,3034.3921,12063.6646,12088.9271,12294.6293,8862.1168,11938.8280,12681.7935,13434.9897,13040.9397,9650.2860,10955.7827,6387.0332,6733.1226,10039.3633,13190.0980,11959.1990,11432.4417,6764.4831,2098.5243,13230.1612,10668.1983,5521.7991,12543.8428,0.0000,1362.9440,5853.9786,9507.6020,8762.6948,12510.7113,11952.5669,10945.2834,2467.2751,6678.4154,8416.7879,1970.0351,366845.7394,373905.7347,368659.7620,372417.9139,366727.2098,365791.0036,367797.4723,371262.5625,362452763.1500,362448859.1853,362456639.6776,362457599.6945,9676.7666,2829.1103,12163.4914,12097.7457,12390.3422,9093.7949,11801.5946,12769.4632,13367.4017,13052.5634,9566.7458,11014.0294,6606.3679,6646.4001,10175.0555,13165.6754,11807.1554,11432.2558,6631.3075,1871.4523,13291.7985,10750.1284,5546.5307,12409.1219,0.0000,1214.8042,5812.5629,9476.0882,8958.3350,12438.4784,11920.1794,10748.7816,2281.3048,6635.0665,8572.1730,1693.3663,366988.1057,374056.5695,368802.2050,372560.9285,366876.3079,365934.1248,367936.8541,371407.5600,362452712.1694,362448808.1934,362456588.6740,362457548.6975,7441.8347,13387.3867,6602.6834,9917.4213,12761.1038,3834.3950,10103.7276,7265.4725,7849.8603,2683.8473,13551.1380,13221.7566,4660.3604,9356.4445,11458.8582,4418.1165,12755.1505,4045.1419,9741.9164,12339.0360,13632.6231,6976.9617,5792.6071,0.0000,9997.0023,5936.8706,12528.6055,10623.4940,10809.8051,12077.1323,6305.4705,7923.9162,5267.2622,13748.9338,8466.8071,364465.0227,372134.9329,366280.8451,370069.5079,364530.6731,363499.9887,365564.3523,369047.3901,362459952.4934,362456048.1822,362463828.5352,362464788.6431,13261.1931,10950.2788,12157.4856,10438.8112,10165.3848,12558.5169,12404.0493,12196.3753,7476.6562,12415.0564,8904.5654,4336.0259,9875.6611,13445.3139,10271.9627,12457.9817,4107.7165,3493.1885,13820.8298,12247.6492,4117.7824,11156.0608,0.0000,3517.4167,3816.4254,10779.0487,9299.8681,12612.1143,12610.4882,9632.7501,611.0335,4616.4557,10609.3900,1403.0140,365909.9580,373090.4016,367724.7546,371489.9666,365862.5524,364868.2393,366848.2082,370361.4023,362454423.3692,362450519.3593,362458299.7204,362459259.8061,10453.9627,7734.8426,6798.6971,11854.4003,7378.1437,9416.3681,9184.2563,13088.8392,3453.6476,7633.3315,13562.4413,9837.6582,5265.1987,11741.8909,4613.7960,13712.8818,12059.7920,2882.7747,3106.4611,12975.3465,10868.4204,0.0000,11850.1533,13350.2135,6889.3071,9390.2045,6831.6641,5409.1570,11556.6111,13073.1271,13233.8028,5435.1786,12861.0212,368560.6540,376093.4757,370373.0818,374147.4962,368337.4787,367608.8546,369929.8351,373092.0390,362456511.3399,362452606.9257,362460388.0549,362461347.7774,4089.0023,9817.1375,6077.4405,4278.4840,5448.4997,2222.0713,5060.2196,12284.8803,12517.3516,7795.8011,5192.5495,9919.5222,7002.9014,12058.7431,8148.1687,12675.8881,8804.2329,12133.5121,8475.0545,7170.0388,0.0000,12547.7279,8322.0117,13178.3648,7422.9082,10676.6924,11592.7572,9860.0748,11124.2609,7482.0902,12601.8588,11725.5941,361425.9895,369202.9596,363240.7015,367030.6960,361393.0730,360492.7610,362709.7364,366028.4679,362463629.3460,362459725.0630,362467505.7287,362468465.6772,7021.9818,9121.2231,776.8301,7133.5004,3570.9567,8372.9949,10342.8456,10655.3500,10002.8717,4055.2415,9054.9781,9759.3996,10724.8265,10524.4528,13075.2083,6433.7933,9988.7842,9690.9121,9464.3966,0.0000,12764.2211,10018.8280,12288.6776,5667.2607,10471.6190,10673.3077,11812.2236,12131.2898,9446.0345,10420.8713,12573.5026,361704.3597,369386.5608,363517.9161,367300.9117,361571.8310,360766.4291,363051.6762,366276.6535,362462847.9862,362458943.7499,362466724.6348,362467684.4699,13120.2655,7370.4661,12056.0998,9903.9377,11415.7691,8213.7066,4787.2114,10666.9129,5950.8050,10836.1786,13421.9609,9787.3488,11275.3334,10026.0879,8260.1575,7423.6314,8956.0754,13269.3271,0.0000,9392.3522,9870.1924,10156.0860,3991.8543,11795.7338,10695.2436,13787.7410,10067.7360,9978.8046,5522.1945,10187.2536,363813.6828,371049.2055,365626.0300,369387.0605,363563.5381,362808.0199,365032.0738,368265.7911,362457297.6471,362453393.6498,362461174.5945,362462134.3851,9007.0212,3934.1846,6215.5625,5364.9067,12220.7101,13809.6200,7995.2353,10165.8568,8798.8286,1116.0907,11029.9257,7502.1245,11544.2648,10213.1782,12468.1998,9863.2457,2205.6684,0.0000,11843.4775,9067.1952,11564.0522,11657.0971,8269.2386,10006.9477,4655.9738,10560.3139,8389.2490,13556.3513,10854.8077,366099.1244,373953.1823,367914.7190,371710.8481,366158.9169,365170.0134,367319.0247,370728.6762,362460556.3634,362456651.8427,362464432.3541,362465392.3946,6716.8298,3332.1368,8722.4408,10066.0200,10879.4650,10476.2756,4813.3929,8510.7805,9598.9516,10370.1918,10938.2369,13360.2447,5858.9137,9753.8137,10263.1311,9191.8241,0.0000,13081.0256,10544.1755,12097.1945,6336.9246,10019.7160,10263.7598,11637.8286,12542.5008,9965.5666,10446.1633,12940.8586,362176.7216,369894.5079,363990.2269,367774.6846,362045.2468,361245.5424,363544.7820,366758.2872,362462841.4532,362458937.1707,362466718.0822,362467677.9066,4136.2608,7770.0155,10532.1130,13442.3624,10442.0351,9671.9391,6220.3428,4100.1163,9403.9655,10236.0895,13171.8120,7157.3709,10782.1188,11648.2904,3112.4724,0.0000,13331.7518,11207.7942,10972.3641,11230.3513,6631.4549,8333.8053,6565.1970,12649.5191,10532.0425,12570.3467,12858.1116,366224.8172,374163.5757,368039.6103,371837.3175,366223.9040,365319.5969,367570.7004,370872.2390,362461518.5474,362457613.9475,362465394.6892,362466354.6183,6869.3007,11254.1095,12611.3163,9536.1386,6301.1029,8326.5284,6941.4865,10915.6265,9774.0134,13428.7748,7124.6585,11171.9020,10151.2016,6633.6511,0.0000,13333.9299,10033.5198,12497.2613,8300.2628,9388.2274,10355.7053,9665.0901,12342.3188,9269.9074,12204.9144,12792.7317,362636.7209,370486.4651,364451.0945,368243.5044,362587.1247,361719.8458,363985.9723,367257.0988,362463501.1581,362459596.7677,362467377.5432,362468337.4427,13776.3891,12661.0628,3610.8505,7183.0643,12086.1217,6231.8892,13361.9289,3678.2829,10120.2410,12093.7019,13691.7173,5525.7933,7335.1494,0.0000,10148.2245,4719.2830,13341.4312,8668.3783,11892.5149,12891.1061,8478.2981,7847.6767,3789.3349,13454.0729,8618.3974,362180.6576,369804.6653,363996.2057,367781.9100,362211.9950,361210.6043,363292.7136,366748.4028,362461342.7764,362457438.5882,362465218.9815,362466179.0617,6828.0004,13702.5676,11773.0301,5433.0371,11845.7850,2213.6588,13648.9674,10453.7651,5524.9998,898.5470,13212.3437,11045.5351,0.0000,10386.9808,13477.6119,3745.7777,11015.8428,5877.2695,3720.5932,10593.3898,12213.5751,13542.0798,4237.4469,11730.0349,371358.7548,378793.7883,373171.5161,376942.7690,371146.8263,370387.8475,372655.2043,375867.3075,362453332.9369,362449428.4860,362457209.5530,362458169.3091,11025.5581,9560.1790,10965.9954,13783.4449,8412.5338,11308.6102,6994.8998,9839.7381,6159.4727,9424.8259,13690.4081,0.0000,6401.4289,10166.7295,7372.5808,7607.6332,11124.0404,9602.9751,12890.7283,8429.8822,10619.4167,2802.2028,8047.5179,367722.1968,374800.5313,369534.6672,373289.6778,367476.1162,366687.8215,368841.0779,372136.1885,362452723.2570,362448819.2250,362456600.1022,362457559.9289,7630.7426,13365.8202,8539.1419,13597.8017,1096.8456,7505.3910,13325.2539,13519.9615,2561.7087,9638.5546,0.0000,7444.7375,1369.5839,12833.1155,8119.0482,12931.9923,13451.4060,9504.5734,4683.4231,954.5681,12445.4258,5638.4213,362732.4570,370118.0443,364547.7412,368322.6286,362729.8719,361722.2528,363740.1808,367237.6290,362458711.4317,362454807.3982,362462587.7345,362463547.8342,11743.7537,10905.2414,12448.8003,8462.3777,11341.5078,9487.8262,11271.0334,6610.0099,11123.6349,0.0000,10871.9929,7255.4422,13107.2324,2515.2893,12659.4671,12644.5596,12708.9644,9779.1610,6824.2085,10415.7084,10430.1054,360089.0427,367556.9060,361902.8354,365677.0266,359952.9464,359110.6177,361308.6765,364606.0404,362461977.0741,362458073.0653,362465853.7981,362466813.6963,8340.2035,3946.9463,13151.7456,12552.7458,3934.6805,5985.2834,13770.4793,7088.2796,0.0000,12692.0203,13660.1895,6580.2090,12147.1559,2300.6005,2844.5715,7892.5397,13480.8978,13367.3099,8983.7614,13237.0076,370603.3421,378376.9283,372417.0366,376205.1557,370492.7838,369682.6157,371983.1486,375203.9302,362456941.5895,362453036.9203,362460817.9169,362461777.7215,10503.6024,7954.9909,11375.0743,10165.9905,12163.9021,10386.3099,1505.8576,0.0000,11736.6853,9580.6341,10967.0204,12245.0766,7573.0580,9403.3855,3647.7824,10666.7880,8984.0598,13399.3961,10854.3577,367214.0545,375066.6866,369029.6592,372825.8559,367274.7227,366284.9142,368432.4127,371843.7649,362459696.2517,362455791.6862,362463572.2070,362464532.2454,13389.3239,10626.5503,5603.1973,3060.4990,13520.8457,9592.3121,0.0000,10730.3325,13583.2216,3137.0348,12051.6071,3855.0122,1579.8951,8980.3636,12356.7988,13573.8997,6103.2042,11855.4921,372266.4630,379802.6804,374079.7827,377856.8376,372100.8157,371308.7071,373568.5722,376804.1010,362453473.0941,362449568.5336,362457349.5479,362458309.3371,7235.6556,13434.6571,13534.1386,3458.9888,9121.6591,0.0000,7301.8993,2234.6672,12521.4776,8966.5063,12545.3405,13163.1600,8714.5631,4562.6703,2029.6489,12609.8607,5415.5210,363592.4255,370999.1236,365407.8581,369184.1375,363606.4973,362584.3398,364593.1342,368104.3111,362458206.2805,362454302.1987,362462082.5118,362463042.6261,13191.9479,10325.1360,6930.7407,11911.4618,0.0000,868.6176,6949.2593,8357.9166,10266.8199,11550.5347,11047.7415,9777.8095,3186.3158,7676.1760,8501.7246,2138.0393,368748.1775,375848.9936,370562.4473,374323.1324,368649.8379,367699.0378,369700.8961,373177.4804,362451614.6967,362447710.6275,362455491.1116,362456451.1388,5511.4011,13170.9339,9128.1442,0.0000,13070.8622,13370.2899,8288.9893,9792.6930,6036.0696,5584.0811,10632.5942,13747.7169,13049.2272,7970.1797,13677.0452,367687.6137,375398.7560,369500.4894,373283.6314,367514.1403,366762.5814,369105.0432,372267.0516,362458773.8791,362454869.3699,362462650.4664,362463610.2111,12876.4508,11418.4051,0.0000,10184.6728,13219.4080,4290.5814,10389.0651,6577.7567,4513.3480,11068.1132,12012.8844,13302.2129,3516.7615,11561.6660,370711.2975,378112.3630,372523.8931,376293.2271,370486.0193,369735.5888,372003.0653,375210.0723,362453542.1941,362449637.7941,362457418.8679,362458378.6175,11272.1928,0.0000,6579.9760,1253.2587,12679.8591,6416.8852,13560.0972,13665.3870,11118.3294,4128.8832,1863.5744,11237.3134,5139.9833,362150.9397,369407.4463,363965.6397,367733.4211,362089.5571,361123.9364,363151.1325,366619.4423,362458097.5932,362454193.6730,362461974.0818,362462934.1381,0.0000,12254.7518,10577.1395,10400.8841,12433.9962,6421.5170,8387.3157,3757.7619,11498.5920,9999.1379,13008.6442,11608.4677,367867.5643,375757.7930,369682.9347,373480.1911,367910.3669,366948.0154,369130.9610,372506.0344,362459638.4239,362455733.7996,362463514.4041,362464474.4039,0.0000,0.0000,0.0000,0.0000,0.0000,0.0000,0.0000,0.0000,0.0000,0.0000,0.0000,0.0000,0.0000,0.0000,0.0000,0.0000,0.0000,0.0000,0.0000,0.0000,0.0000,0.0000,0.0000,6749.3725,8561.7866,9660.0938,11833.4952,11237.4742,10328.6763,3087.2433,7510.4072,8125.9566,2171.0332,368179.6563,375255.0240,369993.7431,373752.8233,368065.4579,367127.6412,369135.9689,372601.2555,362451861.3030,362447957.2739,362455737.7796,362456697.7936,12711.8537,7366.2138,13305.4515,13596.0456,10338.8626,4012.6691,990.4861,11818.5476,5044.3859,362539.6484,369845.1733,364354.6458,368125.3427,362507.6804,361518.1672,363534.1337,367022.5700,362458177.8696,362454273.9007,362462054.2640,362463014.3462,12368.6204,5584.5150,3918.1774,8703.0818,10642.6922,12905.8315,5630.5989,9934.0817,373166.7367,380549.4092,374980.3534,378751.6300,373010.0703,372179.1684,374364.1623,377666.3496,362451191.6775,362447287.2015,362455068.0964,362456027.9408,12983.2972,12544.5194,13429.7926,9053.4317,7266.7631,8851.4230,9588.1922,360895.0110,368207.1506,362708.2904,366474.6147,360712.5778,359893.7301,362076.2830,365369.7772,362460019.0390,362456115.1095,362463895.8786,362464855.7538,2313.1866,6232.4616,12696.3422,13083.3006,9313.6271,12344.0034,371921.1230,379662.9682,373735.3141,377523.4083,371842.0462,370990.6175,373243.4150,376516.2570,362455492.5701,362451587.8755,362459368.7766,362460328.6309,7884.1645,12585.3455,13502.1616,7478.8279,12129.8241,372352.6138,379977.6332,374166.2882,377948.0632,372221.1220,371407.0962,373667.4239,376915.0032,362454174.8332,362450270.2045,362458051.1822,362459010.9939,9993.7799,10063.3805,12339.6944,9819.1202,370425.3920,378158.2977,372240.9754,376032.2086,370468.7068,369476.8938,371592.5583,375025.0425,362456112.0317,362452207.4238,362459987.9498,362460947.9881,4856.4743,10230.7741,1090.8583,365909.0256,373060.0625,367723.6671,371487.2208,365846.9629,364863.6993,366847.1727,370352.0877,362454185.9985,362450282.0091,362458062.3919,362459022.4655,12113.6973,5844.6910,362169.5289,369537.8327,363984.6419,367758.2673,362148.2773,361158.2778,363189.1652,366668.9714,362459032.7367,362455128.7363,362462909.1071,362463869.1874,9771.0836,369314.7547,376509.6532,371127.1064,374886.9094,369062.1900,368303.5502,370513.3254,373758.7255,362452667.1240,362448762.9370,362456543.9314,362457503.7083,366947.6518,374078.7986,368762.2075,372524.7862,366877.5260,365899.9845,367883.8700,371385.5965,362453215.0016,362449310.9850,362457091.3889,362458051.4535,25829.7364,1817.1131,5728.0704,9032.9882,4196.8483,13071.6101,7985.8395,362745232.3434,362741342.3325,362749118.8682,362750080.0452,25383.7785,23776.0636,22586.7512,22378.3302,19265.4194,18492.2488,362735158.6534,362731270.1374,362739046.4121,362740007.6311,3958.9088,9156.5040,4941.1549,13104.1299,7088.3736,362746641.3655,362742751.4269,362750527.9471,362751489.1276,9995.3827,7261.2811,13315.7401,5510.4221,362748911.3355,362745021.6009,362752798.0838,362753759.2709,8701.4334,17529.1830,8723.4794,362742674.0042,362738784.2021,362746561.1538,362747522.1085,9995.3827,6251.8799,362741946.9929,362738057.1419,362745833.6011,362746794.8071,10718.6208,362739704.3750,362735814.8796,362743590.7866,362744552.2499,362744732.8845,362740843.3730,362748619.8369,362749581.0202,23195.9125,27570.5593,21977.9470,23278.8773,14289.0258,10837.6850,
