sl_100_86400_20251118 Distances.csv
2025/11/18 07:47:00.0000 UTC

Generated: Tue Oct  8 16:21:13 2024,
Start: 2025/11/18 07:47:00.00, Stop: 2025/11/19 07:47:00.00,
TIME_UNITS,Distance STARLINK-30471 - STARLINK-4011,Distance STARLINK-30471 - STARLINK-6188,Distance STARLINK-30471 - STARLINK-6029,Distance STARLINK-30471 - STARLINK-11264 [DTC],Distance STARLINK-30471 - STARLINK-3233,Distance STARLINK-30471 - STARLINK-3203,Distance STARLINK-30471 - STARLINK-4121,Distance STARLINK-30471 - STARLINK-4711,Distance STARLINK-30471 - STARLINK-2649,Distance STARLINK-30471 - STARLINK-4441,Distance STARLINK-30471 - STARLINK-3619,Distance STARLINK-30471 - STARLINK-3858,Distance STARLINK-30471 - STARLINK-31232,Distance STARLINK-30471 - STARLINK-31394,Distance STARLINK-30471 - STARLINK-31054,Distance STARLINK-30471 - STARLINK-4537,Distance STARLINK-30471 - STARLINK-3786,Distance STARLINK-30471 - STARLINK-1814,Distance STARLINK-30471 - STARLINK-6065,Distance STARLINK-30471 - STARLINK-4622,Distance STARLINK-30471 - STARLINK-31935,Distance STARLINK-30471 - STARLINK-1829,Distance STARLINK-30471 - STARLINK-31618,Distance STARLINK-30471 - STARLINK-5747,Distance STARLINK-30471 - STARLINK-5753,Distance STARLINK-30471 - STARLINK-1176,Distance STARLINK-30471 - STARLINK-4698,Distance STARLINK-30471 - STARLINK-4344,Distance STARLINK-30471 - STARLINK-4547,Distance STARLINK-30471 - STARLINK-31192,Distance STARLINK-30471 - STARLINK-11225 [DTC],Distance STARLINK-30471 - STARLINK-4390,Distance STARLINK-30471 - STARLINK-5528,Distance STARLINK-30471 - STARLINK-31373,Distance STARLINK-30471 - STARLINK-3613,Distance STARLINK-30471 - STARLINK-4470,Distance STARLINK-30471 - STARLINK-2301,Distance STARLINK-30471 - STARLINK-4154,Distance STARLINK-30471 - STARLINK-1980,Distance STARLINK-30471 - STARLINK-3647,Distance STARLINK-30471 - STARLINK-3419,Distance STARLINK-30471 - STARLINK-30240,Distance STARLINK-30471 - STARLINK-31295,Distance STARLINK-30471 - STARLINK-30778,Distance STARLINK-30471 - STARLINK-30310,Distance STARLINK-30471 - STARLINK-2491,Distance STARLINK-30471 - STARLINK-30960,Distance STARLINK-30471 - STARLINK-5988,Distance STARLINK-30471 - STARLINK-5351,Distance STARLINK-30471 - STARLINK-1865,Distance STARLINK-30471 - STARLINK-2567,Distance STARLINK-30471 - STARLINK-2082,Distance STARLINK-30471 - STARLINK-2419,Distance STARLINK-30471 - STARLINK-3359,Distance STARLINK-30471 - STARLINK-31805,Distance STARLINK-30471 - STARLINK-31260,Distance STARLINK-30471 - STARLINK-30587,Distance STARLINK-30471 - STARLINK-30500,Distance STARLINK-30471 - STARLINK-1136,Distance STARLINK-30471 - STARLINK-3820,Distance STARLINK-30471 - STARLINK-5658,Distance STARLINK-30471 - STARLINK-30312,Distance STARLINK-30471 - STARLINK-30132,Distance STARLINK-30471 - STARLINK-3360,Distance STARLINK-30471 - STARLINK-3591,Distance STARLINK-30471 - STARLINK-6117,Distance STARLINK-30471 - STARLINK-31425,Distance STARLINK-30471 - STARLINK-5189,Distance STARLINK-30471 - STARLINK-6185,Distance STARLINK-30471 - STARLINK-2720,Distance STARLINK-30471 - STARLINK-1963,Distance STARLINK-30471 - STARLINK-31651,Distance STARLINK-30471 - STARLINK-1570,Distance STARLINK-30471 - STARLINK-4791,Distance STARLINK-30471 - STARLINK-4471,Distance STARLINK-30471 - STARLINK-5108,Distance STARLINK-30471 - STARLINK-31175,Distance STARLINK-30471 - STARLINK-3218,Distance STARLINK-30471 - STARLINK-31576,Distance STARLINK-30471 - STARLINK-1782,Distance STARLINK-30471 - STARLINK-5688,Distance STARLINK-30471 - STARLINK-5352,Distance STARLINK-30471 - STARLINK-5061,Distance STARLINK-30471 - STARLINK-1880,Distance STARLINK-30471 - STARLINK-11123 [DTC],Distance STARLINK-30471 - STARLINK-5949,Distance STARLINK-30471 - STARLINK-6149,Distance STARLINK-30471 - STARLINK-31152,Distance STARLINK-30471 - STARLINK-4511,Distance STARLINK-30471 - STARLINK-4172,Distance STARLINK-30471 - STARLINK-1645,Distance STARLINK-30471 - STARLINK-30604,Distance STARLINK-30471 - STARLINK-5600,Distance STARLINK-30471 - STARLINK-3526,Distance STARLINK-30471 - STARLINK-2434,Distance STARLINK-30471 - STARLINK-30069,Distance STARLINK-30471 - STARLINK-31615,Distance STARLINK-30471 - STARLINK-5266,Distance STARLINK-30471 - STARLINK-4609,Distance STARLINK-30471 - MoonARTEMIS1,Distance STARLINK-30471 - MoonARTEMIS2,Distance STARLINK-30471 - MoonIOAGEO,Distance STARLINK-30471 - MoonIOAGNO,Distance STARLINK-30471 - MoonIOAGNO 0001,Distance STARLINK-30471 - MoonIOAGSO,Distance STARLINK-30471 - MoonIOAGSO 0001,Distance STARLINK-30471 - MoonLRO,Distance STARLINK-30471 - MarsSat1,Distance STARLINK-30471 - MarsSat2,Distance STARLINK-30471 - MarsSat3,Distance STARLINK-30471 - MarsSat4,Distance STARLINK-4011 - STARLINK-6188,Distance STARLINK-4011 - STARLINK-6029,Distance STARLINK-4011 - STARLINK-11264 [DTC],Distance STARLINK-4011 - STARLINK-3233,Distance STARLINK-4011 - STARLINK-3203,Distance STARLINK-4011 - STARLINK-4121,Distance STARLINK-4011 - STARLINK-4711,Distance STARLINK-4011 - STARLINK-2649,Distance STARLINK-4011 - STARLINK-4441,Distance STARLINK-4011 - STARLINK-3619,Distance STARLINK-4011 - STARLINK-3858,Distance STARLINK-4011 - STARLINK-31232,Distance STARLINK-4011 - STARLINK-31394,Distance STARLINK-4011 - STARLINK-31054,Distance STARLINK-4011 - STARLINK-4537,Distance STARLINK-4011 - STARLINK-3786,Distance STARLINK-4011 - STARLINK-1814,Distance STARLINK-4011 - STARLINK-6065,Distance STARLINK-4011 - STARLINK-4622,Distance STARLINK-4011 - STARLINK-31935,Distance STARLINK-4011 - STARLINK-1829,Distance STARLINK-4011 - STARLINK-31618,Distance STARLINK-4011 - STARLINK-5747,Distance STARLINK-4011 - STARLINK-5753,Distance STARLINK-4011 - STARLINK-1176,Distance STARLINK-4011 - STARLINK-4698,Distance STARLINK-4011 - STARLINK-4344,Distance STARLINK-4011 - STARLINK-4547,Distance STARLINK-4011 - STARLINK-31192,Distance STARLINK-4011 - STARLINK-11225 [DTC],Distance STARLINK-4011 - STARLINK-4390,Distance STARLINK-4011 - STARLINK-5528,Distance STARLINK-4011 - STARLINK-31373,Distance STARLINK-4011 - STARLINK-3613,Distance STARLINK-4011 - STARLINK-4470,Distance STARLINK-4011 - STARLINK-2301,Distance STARLINK-4011 - STARLINK-4154,Distance STARLINK-4011 - STARLINK-1980,Distance STARLINK-4011 - STARLINK-3647,Distance STARLINK-4011 - STARLINK-3419,Distance STARLINK-4011 - STARLINK-30240,Distance STARLINK-4011 - STARLINK-31295,Distance STARLINK-4011 - STARLINK-30778,Distance STARLINK-4011 - STARLINK-30310,Distance STARLINK-4011 - STARLINK-2491,Distance STARLINK-4011 - STARLINK-30960,Distance STARLINK-4011 - STARLINK-5988,Distance STARLINK-4011 - STARLINK-5351,Distance STARLINK-4011 - STARLINK-1865,Distance STARLINK-4011 - STARLINK-2567,Distance STARLINK-4011 - STARLINK-2082,Distance STARLINK-4011 - STARLINK-2419,Distance STARLINK-4011 - STARLINK-3359,Distance STARLINK-4011 - STARLINK-31805,Distance STARLINK-4011 - STARLINK-31260,Distance STARLINK-4011 - STARLINK-30587,Distance STARLINK-4011 - STARLINK-30500,Distance STARLINK-4011 - STARLINK-1136,Distance STARLINK-4011 - STARLINK-3820,Distance STARLINK-4011 - STARLINK-5658,Distance STARLINK-4011 - STARLINK-30312,Distance STARLINK-4011 - STARLINK-30132,Distance STARLINK-4011 - STARLINK-3360,Distance STARLINK-4011 - STARLINK-3591,Distance STARLINK-4011 - STARLINK-6117,Distance STARLINK-4011 - STARLINK-31425,Distance STARLINK-4011 - STARLINK-5189,Distance STARLINK-4011 - STARLINK-6185,Distance STARLINK-4011 - STARLINK-2720,Distance STARLINK-4011 - STARLINK-1963,Distance STARLINK-4011 - STARLINK-31651,Distance STARLINK-4011 - STARLINK-1570,Distance STARLINK-4011 - STARLINK-4791,Distance STARLINK-4011 - STARLINK-4471,Distance STARLINK-4011 - STARLINK-5108,Distance STARLINK-4011 - STARLINK-31175,Distance STARLINK-4011 - STARLINK-3218,Distance STARLINK-4011 - STARLINK-31576,Distance STARLINK-4011 - STARLINK-1782,Distance STARLINK-4011 - STARLINK-5688,Distance STARLINK-4011 - STARLINK-5352,Distance STARLINK-4011 - STARLINK-5061,Distance STARLINK-4011 - STARLINK-1880,Distance STARLINK-4011 - STARLINK-11123 [DTC],Distance STARLINK-4011 - STARLINK-5949,Distance STARLINK-4011 - STARLINK-6149,Distance STARLINK-4011 - STARLINK-31152,Distance STARLINK-4011 - STARLINK-4511,Distance STARLINK-4011 - STARLINK-4172,Distance STARLINK-4011 - STARLINK-1645,Distance STARLINK-4011 - STARLINK-30604,Distance STARLINK-4011 - STARLINK-5600,Distance STARLINK-4011 - STARLINK-3526,Distance STARLINK-4011 - STARLINK-2434,Distance STARLINK-4011 - STARLINK-30069,Distance STARLINK-4011 - STARLINK-31615,Distance STARLINK-4011 - STARLINK-5266,Distance STARLINK-4011 - STARLINK-4609,Distance STARLINK-4011 - MoonARTEMIS1,Distance STARLINK-4011 - MoonARTEMIS2,Distance STARLINK-4011 - MoonIOAGEO,Distance STARLINK-4011 - MoonIOAGNO,Distance STARLINK-4011 - MoonIOAGNO 0001,Distance STARLINK-4011 - MoonIOAGSO,Distance STARLINK-4011 - MoonIOAGSO 0001,Distance STARLINK-4011 - MoonLRO,Distance STARLINK-4011 - MarsSat1,Distance STARLINK-4011 - MarsSat2,Distance STARLINK-4011 - MarsSat3,Distance STARLINK-4011 - MarsSat4,Distance STARLINK-6188 - STARLINK-6029,Distance STARLINK-6188 - STARLINK-11264 [DTC],Distance STARLINK-6188 - STARLINK-3233,Distance STARLINK-6188 - STARLINK-3203,Distance STARLINK-6188 - STARLINK-4121,Distance STARLINK-6188 - STARLINK-4711,Distance STARLINK-6188 - STARLINK-2649,Distance STARLINK-6188 - STARLINK-4441,Distance STARLINK-6188 - STARLINK-3619,Distance STARLINK-6188 - STARLINK-3858,Distance STARLINK-6188 - STARLINK-31232,Distance STARLINK-6188 - STARLINK-31394,Distance STARLINK-6188 - STARLINK-31054,Distance STARLINK-6188 - STARLINK-4537,Distance STARLINK-6188 - STARLINK-3786,Distance STARLINK-6188 - STARLINK-1814,Distance STARLINK-6188 - STARLINK-6065,Distance STARLINK-6188 - STARLINK-4622,Distance STARLINK-6188 - STARLINK-31935,Distance STARLINK-6188 - STARLINK-1829,Distance STARLINK-6188 - STARLINK-31618,Distance STARLINK-6188 - STARLINK-5747,Distance STARLINK-6188 - STARLINK-5753,Distance STARLINK-6188 - STARLINK-1176,Distance STARLINK-6188 - STARLINK-4698,Distance STARLINK-6188 - STARLINK-4344,Distance STARLINK-6188 - STARLINK-4547,Distance STARLINK-6188 - STARLINK-31192,Distance STARLINK-6188 - STARLINK-11225 [DTC],Distance STARLINK-6188 - STARLINK-4390,Distance STARLINK-6188 - STARLINK-5528,Distance STARLINK-6188 - STARLINK-31373,Distance STARLINK-6188 - STARLINK-3613,Distance STARLINK-6188 - STARLINK-4470,Distance STARLINK-6188 - STARLINK-2301,Distance STARLINK-6188 - STARLINK-4154,Distance STARLINK-6188 - STARLINK-1980,Distance STARLINK-6188 - STARLINK-3647,Distance STARLINK-6188 - STARLINK-3419,Distance STARLINK-6188 - STARLINK-30240,Distance STARLINK-6188 - STARLINK-31295,Distance STARLINK-6188 - STARLINK-30778,Distance STARLINK-6188 - STARLINK-30310,Distance STARLINK-6188 - STARLINK-2491,Distance STARLINK-6188 - STARLINK-30960,Distance STARLINK-6188 - STARLINK-5988,Distance STARLINK-6188 - STARLINK-5351,Distance STARLINK-6188 - STARLINK-1865,Distance STARLINK-6188 - STARLINK-2567,Distance STARLINK-6188 - STARLINK-2082,Distance STARLINK-6188 - STARLINK-2419,Distance STARLINK-6188 - STARLINK-3359,Distance STARLINK-6188 - STARLINK-31805,Distance STARLINK-6188 - STARLINK-31260,Distance STARLINK-6188 - STARLINK-30587,Distance STARLINK-6188 - STARLINK-30500,Distance STARLINK-6188 - STARLINK-1136,Distance STARLINK-6188 - STARLINK-3820,Distance STARLINK-6188 - STARLINK-5658,Distance STARLINK-6188 - STARLINK-30312,Distance STARLINK-6188 - STARLINK-30132,Distance STARLINK-6188 - STARLINK-3360,Distance STARLINK-6188 - STARLINK-3591,Distance STARLINK-6188 - STARLINK-6117,Distance STARLINK-6188 - STARLINK-31425,Distance STARLINK-6188 - STARLINK-5189,Distance STARLINK-6188 - STARLINK-6185,Distance STARLINK-6188 - STARLINK-2720,Distance STARLINK-6188 - STARLINK-1963,Distance STARLINK-6188 - STARLINK-31651,Distance STARLINK-6188 - STARLINK-1570,Distance STARLINK-6188 - STARLINK-4791,Distance STARLINK-6188 - STARLINK-4471,Distance STARLINK-6188 - STARLINK-5108,Distance STARLINK-6188 - STARLINK-31175,Distance STARLINK-6188 - STARLINK-3218,Distance STARLINK-6188 - STARLINK-31576,Distance STARLINK-6188 - STARLINK-1782,Distance STARLINK-6188 - STARLINK-5688,Distance STARLINK-6188 - STARLINK-5352,Distance STARLINK-6188 - STARLINK-5061,Distance STARLINK-6188 - STARLINK-1880,Distance STARLINK-6188 - STARLINK-11123 [DTC],Distance STARLINK-6188 - STARLINK-5949,Distance STARLINK-6188 - STARLINK-6149,Distance STARLINK-6188 - STARLINK-31152,Distance STARLINK-6188 - STARLINK-4511,Distance STARLINK-6188 - STARLINK-4172,Distance STARLINK-6188 - STARLINK-1645,Distance STARLINK-6188 - STARLINK-30604,Distance STARLINK-6188 - STARLINK-5600,Distance STARLINK-6188 - STARLINK-3526,Distance STARLINK-6188 - STARLINK-2434,Distance STARLINK-6188 - STARLINK-30069,Distance STARLINK-6188 - STARLINK-31615,Distance STARLINK-6188 - STARLINK-5266,Distance STARLINK-6188 - STARLINK-4609,Distance STARLINK-6188 - MoonARTEMIS1,Distance STARLINK-6188 - MoonARTEMIS2,Distance STARLINK-6188 - MoonIOAGEO,Distance STARLINK-6188 - MoonIOAGNO,Distance STARLINK-6188 - MoonIOAGNO 0001,Distance STARLINK-6188 - MoonIOAGSO,Distance STARLINK-6188 - MoonIOAGSO 0001,Distance STARLINK-6188 - MoonLRO,Distance STARLINK-6188 - MarsSat1,Distance STARLINK-6188 - MarsSat2,Distance STARLINK-6188 - MarsSat3,Distance STARLINK-6188 - MarsSat4,Distance STARLINK-6029 - STARLINK-11264 [DTC],Distance STARLINK-6029 - STARLINK-3233,Distance STARLINK-6029 - STARLINK-3203,Distance STARLINK-6029 - STARLINK-4121,Distance STARLINK-6029 - STARLINK-4711,Distance STARLINK-6029 - STARLINK-2649,Distance STARLINK-6029 - STARLINK-4441,Distance STARLINK-6029 - STARLINK-3619,Distance STARLINK-6029 - STARLINK-3858,Distance STARLINK-6029 - STARLINK-31232,Distance STARLINK-6029 - STARLINK-31394,Distance STARLINK-6029 - STARLINK-31054,Distance STARLINK-6029 - STARLINK-4537,Distance STARLINK-6029 - STARLINK-3786,Distance STARLINK-6029 - STARLINK-1814,Distance STARLINK-6029 - STARLINK-6065,Distance STARLINK-6029 - STARLINK-4622,Distance STARLINK-6029 - STARLINK-31935,Distance STARLINK-6029 - STARLINK-1829,Distance STARLINK-6029 - STARLINK-31618,Distance STARLINK-6029 - STARLINK-5747,Distance STARLINK-6029 - STARLINK-5753,Distance STARLINK-6029 - STARLINK-1176,Distance STARLINK-6029 - STARLINK-4698,Distance STARLINK-6029 - STARLINK-4344,Distance STARLINK-6029 - STARLINK-4547,Distance STARLINK-6029 - STARLINK-31192,Distance STARLINK-6029 - STARLINK-11225 [DTC],Distance STARLINK-6029 - STARLINK-4390,Distance STARLINK-6029 - STARLINK-5528,Distance STARLINK-6029 - STARLINK-31373,Distance STARLINK-6029 - STARLINK-3613,Distance STARLINK-6029 - STARLINK-4470,Distance STARLINK-6029 - STARLINK-2301,Distance STARLINK-6029 - STARLINK-4154,Distance STARLINK-6029 - STARLINK-1980,Distance STARLINK-6029 - STARLINK-3647,Distance STARLINK-6029 - STARLINK-3419,Distance STARLINK-6029 - STARLINK-30240,Distance STARLINK-6029 - STARLINK-31295,Distance STARLINK-6029 - STARLINK-30778,Distance STARLINK-6029 - STARLINK-30310,Distance STARLINK-6029 - STARLINK-2491,Distance STARLINK-6029 - STARLINK-30960,Distance STARLINK-6029 - STARLINK-5988,Distance STARLINK-6029 - STARLINK-5351,Distance STARLINK-6029 - STARLINK-1865,Distance STARLINK-6029 - STARLINK-2567,Distance STARLINK-6029 - STARLINK-2082,Distance STARLINK-6029 - STARLINK-2419,Distance STARLINK-6029 - STARLINK-3359,Distance STARLINK-6029 - STARLINK-31805,Distance STARLINK-6029 - STARLINK-31260,Distance STARLINK-6029 - STARLINK-30587,Distance STARLINK-6029 - STARLINK-30500,Distance STARLINK-6029 - STARLINK-1136,Distance STARLINK-6029 - STARLINK-3820,Distance STARLINK-6029 - STARLINK-5658,Distance STARLINK-6029 - STARLINK-30312,Distance STARLINK-6029 - STARLINK-30132,Distance STARLINK-6029 - STARLINK-3360,Distance STARLINK-6029 - STARLINK-3591,Distance STARLINK-6029 - STARLINK-6117,Distance STARLINK-6029 - STARLINK-31425,Distance STARLINK-6029 - STARLINK-5189,Distance STARLINK-6029 - STARLINK-6185,Distance STARLINK-6029 - STARLINK-2720,Distance STARLINK-6029 - STARLINK-1963,Distance STARLINK-6029 - STARLINK-31651,Distance STARLINK-6029 - STARLINK-1570,Distance STARLINK-6029 - STARLINK-4791,Distance STARLINK-6029 - STARLINK-4471,Distance STARLINK-6029 - STARLINK-5108,Distance STARLINK-6029 - STARLINK-31175,Distance STARLINK-6029 - STARLINK-3218,Distance STARLINK-6029 - STARLINK-31576,Distance STARLINK-6029 - STARLINK-1782,Distance STARLINK-6029 - STARLINK-5688,Distance STARLINK-6029 - STARLINK-5352,Distance STARLINK-6029 - STARLINK-5061,Distance STARLINK-6029 - STARLINK-1880,Distance STARLINK-6029 - STARLINK-11123 [DTC],Distance STARLINK-6029 - STARLINK-5949,Distance STARLINK-6029 - STARLINK-6149,Distance STARLINK-6029 - STARLINK-31152,Distance STARLINK-6029 - STARLINK-4511,Distance STARLINK-6029 - STARLINK-4172,Distance STARLINK-6029 - STARLINK-1645,Distance STARLINK-6029 - STARLINK-30604,Distance STARLINK-6029 - STARLINK-5600,Distance STARLINK-6029 - STARLINK-3526,Distance STARLINK-6029 - STARLINK-2434,Distance STARLINK-6029 - STARLINK-30069,Distance STARLINK-6029 - STARLINK-31615,Distance STARLINK-6029 - STARLINK-5266,Distance STARLINK-6029 - STARLINK-4609,Distance STARLINK-6029 - MoonARTEMIS1,Distance STARLINK-6029 - MoonARTEMIS2,Distance STARLINK-6029 - MoonIOAGEO,Distance STARLINK-6029 - MoonIOAGNO,Distance STARLINK-6029 - MoonIOAGNO 0001,Distance STARLINK-6029 - MoonIOAGSO,Distance STARLINK-6029 - MoonIOAGSO 0001,Distance STARLINK-6029 - MoonLRO,Distance STARLINK-6029 - MarsSat1,Distance STARLINK-6029 - MarsSat2,Distance STARLINK-6029 - MarsSat3,Distance STARLINK-6029 - MarsSat4,Distance STARLINK-11264 [DTC] - STARLINK-3233,Distance STARLINK-11264 [DTC] - STARLINK-3203,Distance STARLINK-11264 [DTC] - STARLINK-4121,Distance STARLINK-11264 [DTC] - STARLINK-4711,Distance STARLINK-11264 [DTC] - STARLINK-2649,Distance STARLINK-11264 [DTC] - STARLINK-4441,Distance STARLINK-11264 [DTC] - STARLINK-3619,Distance STARLINK-11264 [DTC] - STARLINK-3858,Distance STARLINK-11264 [DTC] - STARLINK-31232,Distance STARLINK-11264 [DTC] - STARLINK-31394,Distance STARLINK-11264 [DTC] - STARLINK-31054,Distance STARLINK-11264 [DTC] - STARLINK-4537,Distance STARLINK-11264 [DTC] - STARLINK-3786,Distance STARLINK-11264 [DTC] - STARLINK-1814,Distance STARLINK-11264 [DTC] - STARLINK-6065,Distance STARLINK-11264 [DTC] - STARLINK-4622,Distance STARLINK-11264 [DTC] - STARLINK-31935,Distance STARLINK-11264 [DTC] - STARLINK-1829,Distance STARLINK-11264 [DTC] - STARLINK-31618,Distance STARLINK-11264 [DTC] - STARLINK-5747,Distance STARLINK-11264 [DTC] - STARLINK-5753,Distance STARLINK-11264 [DTC] - STARLINK-1176,Distance STARLINK-11264 [DTC] - STARLINK-4698,Distance STARLINK-11264 [DTC] - STARLINK-4344,Distance STARLINK-11264 [DTC] - STARLINK-4547,Distance STARLINK-11264 [DTC] - STARLINK-31192,Distance STARLINK-11264 [DTC] - STARLINK-11225 [DTC],Distance STARLINK-11264 [DTC] - STARLINK-4390,Distance STARLINK-11264 [DTC] - STARLINK-5528,Distance STARLINK-11264 [DTC] - STARLINK-31373,Distance STARLINK-11264 [DTC] - STARLINK-3613,Distance STARLINK-11264 [DTC] - STARLINK-4470,Distance STARLINK-11264 [DTC] - STARLINK-2301,Distance STARLINK-11264 [DTC] - STARLINK-4154,Distance STARLINK-11264 [DTC] - STARLINK-1980,Distance STARLINK-11264 [DTC] - STARLINK-3647,Distance STARLINK-11264 [DTC] - STARLINK-3419,Distance STARLINK-11264 [DTC] - STARLINK-30240,Distance STARLINK-11264 [DTC] - STARLINK-31295,Distance STARLINK-11264 [DTC] - STARLINK-30778,Distance STARLINK-11264 [DTC] - STARLINK-30310,Distance STARLINK-11264 [DTC] - STARLINK-2491,Distance STARLINK-11264 [DTC] - STARLINK-30960,Distance STARLINK-11264 [DTC] - STARLINK-5988,Distance STARLINK-11264 [DTC] - STARLINK-5351,Distance STARLINK-11264 [DTC] - STARLINK-1865,Distance STARLINK-11264 [DTC] - STARLINK-2567,Distance STARLINK-11264 [DTC] - STARLINK-2082,Distance STARLINK-11264 [DTC] - STARLINK-2419,Distance STARLINK-11264 [DTC] - STARLINK-3359,Distance STARLINK-11264 [DTC] - STARLINK-31805,Distance STARLINK-11264 [DTC] - STARLINK-31260,Distance STARLINK-11264 [DTC] - STARLINK-30587,Distance STARLINK-11264 [DTC] - STARLINK-30500,Distance STARLINK-11264 [DTC] - STARLINK-1136,Distance STARLINK-11264 [DTC] - STARLINK-3820,Distance STARLINK-11264 [DTC] - STARLINK-5658,Distance STARLINK-11264 [DTC] - STARLINK-30312,Distance STARLINK-11264 [DTC] - STARLINK-30132,Distance STARLINK-11264 [DTC] - STARLINK-3360,Distance STARLINK-11264 [DTC] - STARLINK-3591,Distance STARLINK-11264 [DTC] - STARLINK-6117,Distance STARLINK-11264 [DTC] - STARLINK-31425,Distance STARLINK-11264 [DTC] - STARLINK-5189,Distance STARLINK-11264 [DTC] - STARLINK-6185,Distance STARLINK-11264 [DTC] - STARLINK-2720,Distance STARLINK-11264 [DTC] - STARLINK-1963,Distance STARLINK-11264 [DTC] - STARLINK-31651,Distance STARLINK-11264 [DTC] - STARLINK-1570,Distance STARLINK-11264 [DTC] - STARLINK-4791,Distance STARLINK-11264 [DTC] - STARLINK-4471,Distance STARLINK-11264 [DTC] - STARLINK-5108,Distance STARLINK-11264 [DTC] - STARLINK-31175,Distance STARLINK-11264 [DTC] - STARLINK-3218,Distance STARLINK-11264 [DTC] - STARLINK-31576,Distance STARLINK-11264 [DTC] - STARLINK-1782,Distance STARLINK-11264 [DTC] - STARLINK-5688,Distance STARLINK-11264 [DTC] - STARLINK-5352,Distance STARLINK-11264 [DTC] - STARLINK-5061,Distance STARLINK-11264 [DTC] - STARLINK-1880,Distance STARLINK-11264 [DTC] - STARLINK-11123 [DTC],Distance STARLINK-11264 [DTC] - STARLINK-5949,Distance STARLINK-11264 [DTC] - STARLINK-6149,Distance STARLINK-11264 [DTC] - STARLINK-31152,Distance STARLINK-11264 [DTC] - STARLINK-4511,Distance STARLINK-11264 [DTC] - STARLINK-4172,Distance STARLINK-11264 [DTC] - STARLINK-1645,Distance STARLINK-11264 [DTC] - STARLINK-30604,Distance STARLINK-11264 [DTC] - STARLINK-5600,Distance STARLINK-11264 [DTC] - STARLINK-3526,Distance STARLINK-11264 [DTC] - STARLINK-2434,Distance STARLINK-11264 [DTC] - STARLINK-30069,Distance STARLINK-11264 [DTC] - STARLINK-31615,Distance STARLINK-11264 [DTC] - STARLINK-5266,Distance STARLINK-11264 [DTC] - STARLINK-4609,Distance STARLINK-11264 [DTC] - MoonARTEMIS1,Distance STARLINK-11264 [DTC] - MoonARTEMIS2,Distance STARLINK-11264 [DTC] - MoonIOAGEO,Distance STARLINK-11264 [DTC] - MoonIOAGNO,Distance STARLINK-11264 [DTC] - MoonIOAGNO 0001,Distance STARLINK-11264 [DTC] - MoonIOAGSO,Distance STARLINK-11264 [DTC] - MoonIOAGSO 0001,Distance STARLINK-11264 [DTC] - MoonLRO,Distance STARLINK-11264 [DTC] - MarsSat1,Distance STARLINK-11264 [DTC] - MarsSat2,Distance STARLINK-11264 [DTC] - MarsSat3,Distance STARLINK-11264 [DTC] - MarsSat4,Distance STARLINK-3233 - STARLINK-3203,Distance STARLINK-3233 - STARLINK-4121,Distance STARLINK-3233 - STARLINK-4711,Distance STARLINK-3233 - STARLINK-2649,Distance STARLINK-3233 - STARLINK-4441,Distance STARLINK-3233 - STARLINK-3619,Distance STARLINK-3233 - STARLINK-3858,Distance STARLINK-3233 - STARLINK-31232,Distance STARLINK-3233 - STARLINK-31394,Distance STARLINK-3233 - STARLINK-31054,Distance STARLINK-3233 - STARLINK-4537,Distance STARLINK-3233 - STARLINK-3786,Distance STARLINK-3233 - STARLINK-1814,Distance STARLINK-3233 - STARLINK-6065,Distance STARLINK-3233 - STARLINK-4622,Distance STARLINK-3233 - STARLINK-31935,Distance STARLINK-3233 - STARLINK-1829,Distance STARLINK-3233 - STARLINK-31618,Distance STARLINK-3233 - STARLINK-5747,Distance STARLINK-3233 - STARLINK-5753,Distance STARLINK-3233 - STARLINK-1176,Distance STARLINK-3233 - STARLINK-4698,Distance STARLINK-3233 - STARLINK-4344,Distance STARLINK-3233 - STARLINK-4547,Distance STARLINK-3233 - STARLINK-31192,Distance STARLINK-3233 - STARLINK-11225 [DTC],Distance STARLINK-3233 - STARLINK-4390,Distance STARLINK-3233 - STARLINK-5528,Distance STARLINK-3233 - STARLINK-31373,Distance STARLINK-3233 - STARLINK-3613,Distance STARLINK-3233 - STARLINK-4470,Distance STARLINK-3233 - STARLINK-2301,Distance STARLINK-3233 - STARLINK-4154,Distance STARLINK-3233 - STARLINK-1980,Distance STARLINK-3233 - STARLINK-3647,Distance STARLINK-3233 - STARLINK-3419,Distance STARLINK-3233 - STARLINK-30240,Distance STARLINK-3233 - STARLINK-31295,Distance STARLINK-3233 - STARLINK-30778,Distance STARLINK-3233 - STARLINK-30310,Distance STARLINK-3233 - STARLINK-2491,Distance STARLINK-3233 - STARLINK-30960,Distance STARLINK-3233 - STARLINK-5988,Distance STARLINK-3233 - STARLINK-5351,Distance STARLINK-3233 - STARLINK-1865,Distance STARLINK-3233 - STARLINK-2567,Distance STARLINK-3233 - STARLINK-2082,Distance STARLINK-3233 - STARLINK-2419,Distance STARLINK-3233 - STARLINK-3359,Distance STARLINK-3233 - STARLINK-31805,Distance STARLINK-3233 - STARLINK-31260,Distance STARLINK-3233 - STARLINK-30587,Distance STARLINK-3233 - STARLINK-30500,Distance STARLINK-3233 - STARLINK-1136,Distance STARLINK-3233 - STARLINK-3820,Distance STARLINK-3233 - STARLINK-5658,Distance STARLINK-3233 - STARLINK-30312,Distance STARLINK-3233 - STARLINK-30132,Distance STARLINK-3233 - STARLINK-3360,Distance STARLINK-3233 - STARLINK-3591,Distance STARLINK-3233 - STARLINK-6117,Distance STARLINK-3233 - STARLINK-31425,Distance STARLINK-3233 - STARLINK-5189,Distance STARLINK-3233 - STARLINK-6185,Distance STARLINK-3233 - STARLINK-2720,Distance STARLINK-3233 - STARLINK-1963,Distance STARLINK-3233 - STARLINK-31651,Distance STARLINK-3233 - STARLINK-1570,Distance STARLINK-3233 - STARLINK-4791,Distance STARLINK-3233 - STARLINK-4471,Distance STARLINK-3233 - STARLINK-5108,Distance STARLINK-3233 - STARLINK-31175,Distance STARLINK-3233 - STARLINK-3218,Distance STARLINK-3233 - STARLINK-31576,Distance STARLINK-3233 - STARLINK-1782,Distance STARLINK-3233 - STARLINK-5688,Distance STARLINK-3233 - STARLINK-5352,Distance STARLINK-3233 - STARLINK-5061,Distance STARLINK-3233 - STARLINK-1880,Distance STARLINK-3233 - STARLINK-11123 [DTC],Distance STARLINK-3233 - STARLINK-5949,Distance STARLINK-3233 - STARLINK-6149,Distance STARLINK-3233 - STARLINK-31152,Distance STARLINK-3233 - STARLINK-4511,Distance STARLINK-3233 - STARLINK-4172,Distance STARLINK-3233 - STARLINK-1645,Distance STARLINK-3233 - STARLINK-30604,Distance STARLINK-3233 - STARLINK-5600,Distance STARLINK-3233 - STARLINK-3526,Distance STARLINK-3233 - STARLINK-2434,Distance STARLINK-3233 - STARLINK-30069,Distance STARLINK-3233 - STARLINK-31615,Distance STARLINK-3233 - STARLINK-5266,Distance STARLINK-3233 - STARLINK-4609,Distance STARLINK-3233 - MoonARTEMIS1,Distance STARLINK-3233 - MoonARTEMIS2,Distance STARLINK-3233 - MoonIOAGEO,Distance STARLINK-3233 - MoonIOAGNO,Distance STARLINK-3233 - MoonIOAGNO 0001,Distance STARLINK-3233 - MoonIOAGSO,Distance STARLINK-3233 - MoonIOAGSO 0001,Distance STARLINK-3233 - MoonLRO,Distance STARLINK-3233 - MarsSat1,Distance STARLINK-3233 - MarsSat2,Distance STARLINK-3233 - MarsSat3,Distance STARLINK-3233 - MarsSat4,Distance STARLINK-3203 - STARLINK-4121,Distance STARLINK-3203 - STARLINK-4711,Distance STARLINK-3203 - STARLINK-2649,Distance STARLINK-3203 - STARLINK-4441,Distance STARLINK-3203 - STARLINK-3619,Distance STARLINK-3203 - STARLINK-3858,Distance STARLINK-3203 - STARLINK-31232,Distance STARLINK-3203 - STARLINK-31394,Distance STARLINK-3203 - STARLINK-31054,Distance STARLINK-3203 - STARLINK-4537,Distance STARLINK-3203 - STARLINK-3786,Distance STARLINK-3203 - STARLINK-1814,Distance STARLINK-3203 - STARLINK-6065,Distance STARLINK-3203 - STARLINK-4622,Distance STARLINK-3203 - STARLINK-31935,Distance STARLINK-3203 - STARLINK-1829,Distance STARLINK-3203 - STARLINK-31618,Distance STARLINK-3203 - STARLINK-5747,Distance STARLINK-3203 - STARLINK-5753,Distance STARLINK-3203 - STARLINK-1176,Distance STARLINK-3203 - STARLINK-4698,Distance STARLINK-3203 - STARLINK-4344,Distance STARLINK-3203 - STARLINK-4547,Distance STARLINK-3203 - STARLINK-31192,Distance STARLINK-3203 - STARLINK-11225 [DTC],Distance STARLINK-3203 - STARLINK-4390,Distance STARLINK-3203 - STARLINK-5528,Distance STARLINK-3203 - STARLINK-31373,Distance STARLINK-3203 - STARLINK-3613,Distance STARLINK-3203 - STARLINK-4470,Distance STARLINK-3203 - STARLINK-2301,Distance STARLINK-3203 - STARLINK-4154,Distance STARLINK-3203 - STARLINK-1980,Distance STARLINK-3203 - STARLINK-3647,Distance STARLINK-3203 - STARLINK-3419,Distance STARLINK-3203 - STARLINK-30240,Distance STARLINK-3203 - STARLINK-31295,Distance STARLINK-3203 - STARLINK-30778,Distance STARLINK-3203 - STARLINK-30310,Distance STARLINK-3203 - STARLINK-2491,Distance STARLINK-3203 - STARLINK-30960,Distance STARLINK-3203 - STARLINK-5988,Distance STARLINK-3203 - STARLINK-5351,Distance STARLINK-3203 - STARLINK-1865,Distance STARLINK-3203 - STARLINK-2567,Distance STARLINK-3203 - STARLINK-2082,Distance STARLINK-3203 - STARLINK-2419,Distance STARLINK-3203 - STARLINK-3359,Distance STARLINK-3203 - STARLINK-31805,Distance STARLINK-3203 - STARLINK-31260,Distance STARLINK-3203 - STARLINK-30587,Distance STARLINK-3203 - STARLINK-30500,Distance STARLINK-3203 - STARLINK-1136,Distance STARLINK-3203 - STARLINK-3820,Distance STARLINK-3203 - STARLINK-5658,Distance STARLINK-3203 - STARLINK-30312,Distance STARLINK-3203 - STARLINK-30132,Distance STARLINK-3203 - STARLINK-3360,Distance STARLINK-3203 - STARLINK-3591,Distance STARLINK-3203 - STARLINK-6117,Distance STARLINK-3203 - STARLINK-31425,Distance STARLINK-3203 - STARLINK-5189,Distance STARLINK-3203 - STARLINK-6185,Distance STARLINK-3203 - STARLINK-2720,Distance STARLINK-3203 - STARLINK-1963,Distance STARLINK-3203 - STARLINK-31651,Distance STARLINK-3203 - STARLINK-1570,Distance STARLINK-3203 - STARLINK-4791,Distance STARLINK-3203 - STARLINK-4471,Distance STARLINK-3203 - STARLINK-5108,Distance STARLINK-3203 - STARLINK-31175,Distance STARLINK-3203 - STARLINK-3218,Distance STARLINK-3203 - STARLINK-31576,Distance STARLINK-3203 - STARLINK-1782,Distance STARLINK-3203 - STARLINK-5688,Distance STARLINK-3203 - STARLINK-5352,Distance STARLINK-3203 - STARLINK-5061,Distance STARLINK-3203 - STARLINK-1880,Distance STARLINK-3203 - STARLINK-11123 [DTC],Distance STARLINK-3203 - STARLINK-5949,Distance STARLINK-3203 - STARLINK-6149,Distance STARLINK-3203 - STARLINK-31152,Distance STARLINK-3203 - STARLINK-4511,Distance STARLINK-3203 - STARLINK-4172,Distance STARLINK-3203 - STARLINK-1645,Distance STARLINK-3203 - STARLINK-30604,Distance STARLINK-3203 - STARLINK-5600,Distance STARLINK-3203 - STARLINK-3526,Distance STARLINK-3203 - STARLINK-2434,Distance STARLINK-3203 - STARLINK-30069,Distance STARLINK-3203 - STARLINK-31615,Distance STARLINK-3203 - STARLINK-5266,Distance STARLINK-3203 - STARLINK-4609,Distance STARLINK-3203 - MoonARTEMIS1,Distance STARLINK-3203 - MoonARTEMIS2,Distance STARLINK-3203 - MoonIOAGEO,Distance STARLINK-3203 - MoonIOAGNO,Distance STARLINK-3203 - MoonIOAGNO 0001,Distance STARLINK-3203 - MoonIOAGSO,Distance STARLINK-3203 - MoonIOAGSO 0001,Distance STARLINK-3203 - MoonLRO,Distance STARLINK-3203 - MarsSat1,Distance STARLINK-3203 - MarsSat2,Distance STARLINK-3203 - MarsSat3,Distance STARLINK-3203 - MarsSat4,Distance STARLINK-4121 - STARLINK-4711,Distance STARLINK-4121 - STARLINK-2649,Distance STARLINK-4121 - STARLINK-4441,Distance STARLINK-4121 - STARLINK-3619,Distance STARLINK-4121 - STARLINK-3858,Distance STARLINK-4121 - STARLINK-31232,Distance STARLINK-4121 - STARLINK-31394,Distance STARLINK-4121 - STARLINK-31054,Distance STARLINK-4121 - STARLINK-4537,Distance STARLINK-4121 - STARLINK-3786,Distance STARLINK-4121 - STARLINK-1814,Distance STARLINK-4121 - STARLINK-6065,Distance STARLINK-4121 - STARLINK-4622,Distance STARLINK-4121 - STARLINK-31935,Distance STARLINK-4121 - STARLINK-1829,Distance STARLINK-4121 - STARLINK-31618,Distance STARLINK-4121 - STARLINK-5747,Distance STARLINK-4121 - STARLINK-5753,Distance STARLINK-4121 - STARLINK-1176,Distance STARLINK-4121 - STARLINK-4698,Distance STARLINK-4121 - STARLINK-4344,Distance STARLINK-4121 - STARLINK-4547,Distance STARLINK-4121 - STARLINK-31192,Distance STARLINK-4121 - STARLINK-11225 [DTC],Distance STARLINK-4121 - STARLINK-4390,Distance STARLINK-4121 - STARLINK-5528,Distance STARLINK-4121 - STARLINK-31373,Distance STARLINK-4121 - STARLINK-3613,Distance STARLINK-4121 - STARLINK-4470,Distance STARLINK-4121 - STARLINK-2301,Distance STARLINK-4121 - STARLINK-4154,Distance STARLINK-4121 - STARLINK-1980,Distance STARLINK-4121 - STARLINK-3647,Distance STARLINK-4121 - STARLINK-3419,Distance STARLINK-4121 - STARLINK-30240,Distance STARLINK-4121 - STARLINK-31295,Distance STARLINK-4121 - STARLINK-30778,Distance STARLINK-4121 - STARLINK-30310,Distance STARLINK-4121 - STARLINK-2491,Distance STARLINK-4121 - STARLINK-30960,Distance STARLINK-4121 - STARLINK-5988,Distance STARLINK-4121 - STARLINK-5351,Distance STARLINK-4121 - STARLINK-1865,Distance STARLINK-4121 - STARLINK-2567,Distance STARLINK-4121 - STARLINK-2082,Distance STARLINK-4121 - STARLINK-2419,Distance STARLINK-4121 - STARLINK-3359,Distance STARLINK-4121 - STARLINK-31805,Distance STARLINK-4121 - STARLINK-31260,Distance STARLINK-4121 - STARLINK-30587,Distance STARLINK-4121 - STARLINK-30500,Distance STARLINK-4121 - STARLINK-1136,Distance STARLINK-4121 - STARLINK-3820,Distance STARLINK-4121 - STARLINK-5658,Distance STARLINK-4121 - STARLINK-30312,Distance STARLINK-4121 - STARLINK-30132,Distance STARLINK-4121 - STARLINK-3360,Distance STARLINK-4121 - STARLINK-3591,Distance STARLINK-4121 - STARLINK-6117,Distance STARLINK-4121 - STARLINK-31425,Distance STARLINK-4121 - STARLINK-5189,Distance STARLINK-4121 - STARLINK-6185,Distance STARLINK-4121 - STARLINK-2720,Distance STARLINK-4121 - STARLINK-1963,Distance STARLINK-4121 - STARLINK-31651,Distance STARLINK-4121 - STARLINK-1570,Distance STARLINK-4121 - STARLINK-4791,Distance STARLINK-4121 - STARLINK-4471,Distance STARLINK-4121 - STARLINK-5108,Distance STARLINK-4121 - STARLINK-31175,Distance STARLINK-4121 - STARLINK-3218,Distance STARLINK-4121 - STARLINK-31576,Distance STARLINK-4121 - STARLINK-1782,Distance STARLINK-4121 - STARLINK-5688,Distance STARLINK-4121 - STARLINK-5352,Distance STARLINK-4121 - STARLINK-5061,Distance STARLINK-4121 - STARLINK-1880,Distance STARLINK-4121 - STARLINK-11123 [DTC],Distance STARLINK-4121 - STARLINK-5949,Distance STARLINK-4121 - STARLINK-6149,Distance STARLINK-4121 - STARLINK-31152,Distance STARLINK-4121 - STARLINK-4511,Distance STARLINK-4121 - STARLINK-4172,Distance STARLINK-4121 - STARLINK-1645,Distance STARLINK-4121 - STARLINK-30604,Distance STARLINK-4121 - STARLINK-5600,Distance STARLINK-4121 - STARLINK-3526,Distance STARLINK-4121 - STARLINK-2434,Distance STARLINK-4121 - STARLINK-30069,Distance STARLINK-4121 - STARLINK-31615,Distance STARLINK-4121 - STARLINK-5266,Distance STARLINK-4121 - STARLINK-4609,Distance STARLINK-4121 - MoonARTEMIS1,Distance STARLINK-4121 - MoonARTEMIS2,Distance STARLINK-4121 - MoonIOAGEO,Distance STARLINK-4121 - MoonIOAGNO,Distance STARLINK-4121 - MoonIOAGNO 0001,Distance STARLINK-4121 - MoonIOAGSO,Distance STARLINK-4121 - MoonIOAGSO 0001,Distance STARLINK-4121 - MoonLRO,Distance STARLINK-4121 - MarsSat1,Distance STARLINK-4121 - MarsSat2,Distance STARLINK-4121 - MarsSat3,Distance STARLINK-4121 - MarsSat4,Distance STARLINK-4711 - STARLINK-2649,Distance STARLINK-4711 - STARLINK-4441,Distance STARLINK-4711 - STARLINK-3619,Distance STARLINK-4711 - STARLINK-3858,Distance STARLINK-4711 - STARLINK-31232,Distance STARLINK-4711 - STARLINK-31394,Distance STARLINK-4711 - STARLINK-31054,Distance STARLINK-4711 - STARLINK-4537,Distance STARLINK-4711 - STARLINK-3786,Distance STARLINK-4711 - STARLINK-1814,Distance STARLINK-4711 - STARLINK-6065,Distance STARLINK-4711 - STARLINK-4622,Distance STARLINK-4711 - STARLINK-31935,Distance STARLINK-4711 - STARLINK-1829,Distance STARLINK-4711 - STARLINK-31618,Distance STARLINK-4711 - STARLINK-5747,Distance STARLINK-4711 - STARLINK-5753,Distance STARLINK-4711 - STARLINK-1176,Distance STARLINK-4711 - STARLINK-4698,Distance STARLINK-4711 - STARLINK-4344,Distance STARLINK-4711 - STARLINK-4547,Distance STARLINK-4711 - STARLINK-31192,Distance STARLINK-4711 - STARLINK-11225 [DTC],Distance STARLINK-4711 - STARLINK-4390,Distance STARLINK-4711 - STARLINK-5528,Distance STARLINK-4711 - STARLINK-31373,Distance STARLINK-4711 - STARLINK-3613,Distance STARLINK-4711 - STARLINK-4470,Distance STARLINK-4711 - STARLINK-2301,Distance STARLINK-4711 - STARLINK-4154,Distance STARLINK-4711 - STARLINK-1980,Distance STARLINK-4711 - STARLINK-3647,Distance STARLINK-4711 - STARLINK-3419,Distance STARLINK-4711 - STARLINK-30240,Distance STARLINK-4711 - STARLINK-31295,Distance STARLINK-4711 - STARLINK-30778,Distance STARLINK-4711 - STARLINK-30310,Distance STARLINK-4711 - STARLINK-2491,Distance STARLINK-4711 - STARLINK-30960,Distance STARLINK-4711 - STARLINK-5988,Distance STARLINK-4711 - STARLINK-5351,Distance STARLINK-4711 - STARLINK-1865,Distance STARLINK-4711 - STARLINK-2567,Distance STARLINK-4711 - STARLINK-2082,Distance STARLINK-4711 - STARLINK-2419,Distance STARLINK-4711 - STARLINK-3359,Distance STARLINK-4711 - STARLINK-31805,Distance STARLINK-4711 - STARLINK-31260,Distance STARLINK-4711 - STARLINK-30587,Distance STARLINK-4711 - STARLINK-30500,Distance STARLINK-4711 - STARLINK-1136,Distance STARLINK-4711 - STARLINK-3820,Distance STARLINK-4711 - STARLINK-5658,Distance STARLINK-4711 - STARLINK-30312,Distance STARLINK-4711 - STARLINK-30132,Distance STARLINK-4711 - STARLINK-3360,Distance STARLINK-4711 - STARLINK-3591,Distance STARLINK-4711 - STARLINK-6117,Distance STARLINK-4711 - STARLINK-31425,Distance STARLINK-4711 - STARLINK-5189,Distance STARLINK-4711 - STARLINK-6185,Distance STARLINK-4711 - STARLINK-2720,Distance STARLINK-4711 - STARLINK-1963,Distance STARLINK-4711 - STARLINK-31651,Distance STARLINK-4711 - STARLINK-1570,Distance STARLINK-4711 - STARLINK-4791,Distance STARLINK-4711 - STARLINK-4471,Distance STARLINK-4711 - STARLINK-5108,Distance STARLINK-4711 - STARLINK-31175,Distance STARLINK-4711 - STARLINK-3218,Distance STARLINK-4711 - STARLINK-31576,Distance STARLINK-4711 - STARLINK-1782,Distance STARLINK-4711 - STARLINK-5688,Distance STARLINK-4711 - STARLINK-5352,Distance STARLINK-4711 - STARLINK-5061,Distance STARLINK-4711 - STARLINK-1880,Distance STARLINK-4711 - STARLINK-11123 [DTC],Distance STARLINK-4711 - STARLINK-5949,Distance STARLINK-4711 - STARLINK-6149,Distance STARLINK-4711 - STARLINK-31152,Distance STARLINK-4711 - STARLINK-4511,Distance STARLINK-4711 - STARLINK-4172,Distance STARLINK-4711 - STARLINK-1645,Distance STARLINK-4711 - STARLINK-30604,Distance STARLINK-4711 - STARLINK-5600,Distance STARLINK-4711 - STARLINK-3526,Distance STARLINK-4711 - STARLINK-2434,Distance STARLINK-4711 - STARLINK-30069,Distance STARLINK-4711 - STARLINK-31615,Distance STARLINK-4711 - STARLINK-5266,Distance STARLINK-4711 - STARLINK-4609,Distance STARLINK-4711 - MoonARTEMIS1,Distance STARLINK-4711 - MoonARTEMIS2,Distance STARLINK-4711 - MoonIOAGEO,Distance STARLINK-4711 - MoonIOAGNO,Distance STARLINK-4711 - MoonIOAGNO 0001,Distance STARLINK-4711 - MoonIOAGSO,Distance STARLINK-4711 - MoonIOAGSO 0001,Distance STARLINK-4711 - MoonLRO,Distance STARLINK-4711 - MarsSat1,Distance STARLINK-4711 - MarsSat2,Distance STARLINK-4711 - MarsSat3,Distance STARLINK-4711 - MarsSat4,Distance STARLINK-2649 - STARLINK-4441,Distance STARLINK-2649 - STARLINK-3619,Distance STARLINK-2649 - STARLINK-3858,Distance STARLINK-2649 - STARLINK-31232,Distance STARLINK-2649 - STARLINK-31394,Distance STARLINK-2649 - STARLINK-31054,Distance STARLINK-2649 - STARLINK-4537,Distance STARLINK-2649 - STARLINK-3786,Distance STARLINK-2649 - STARLINK-1814,Distance STARLINK-2649 - STARLINK-6065,Distance STARLINK-2649 - STARLINK-4622,Distance STARLINK-2649 - STARLINK-31935,Distance STARLINK-2649 - STARLINK-1829,Distance STARLINK-2649 - STARLINK-31618,Distance STARLINK-2649 - STARLINK-5747,Distance STARLINK-2649 - STARLINK-5753,Distance STARLINK-2649 - STARLINK-1176,Distance STARLINK-2649 - STARLINK-4698,Distance STARLINK-2649 - STARLINK-4344,Distance STARLINK-2649 - STARLINK-4547,Distance STARLINK-2649 - STARLINK-31192,Distance STARLINK-2649 - STARLINK-11225 [DTC],Distance STARLINK-2649 - STARLINK-4390,Distance STARLINK-2649 - STARLINK-5528,Distance STARLINK-2649 - STARLINK-31373,Distance STARLINK-2649 - STARLINK-3613,Distance STARLINK-2649 - STARLINK-4470,Distance STARLINK-2649 - STARLINK-2301,Distance STARLINK-2649 - STARLINK-4154,Distance STARLINK-2649 - STARLINK-1980,Distance STARLINK-2649 - STARLINK-3647,Distance STARLINK-2649 - STARLINK-3419,Distance STARLINK-2649 - STARLINK-30240,Distance STARLINK-2649 - STARLINK-31295,Distance STARLINK-2649 - STARLINK-30778,Distance STARLINK-2649 - STARLINK-30310,Distance STARLINK-2649 - STARLINK-2491,Distance STARLINK-2649 - STARLINK-30960,Distance STARLINK-2649 - STARLINK-5988,Distance STARLINK-2649 - STARLINK-5351,Distance STARLINK-2649 - STARLINK-1865,Distance STARLINK-2649 - STARLINK-2567,Distance STARLINK-2649 - STARLINK-2082,Distance STARLINK-2649 - STARLINK-2419,Distance STARLINK-2649 - STARLINK-3359,Distance STARLINK-2649 - STARLINK-31805,Distance STARLINK-2649 - STARLINK-31260,Distance STARLINK-2649 - STARLINK-30587,Distance STARLINK-2649 - STARLINK-30500,Distance STARLINK-2649 - STARLINK-1136,Distance STARLINK-2649 - STARLINK-3820,Distance STARLINK-2649 - STARLINK-5658,Distance STARLINK-2649 - STARLINK-30312,Distance STARLINK-2649 - STARLINK-30132,Distance STARLINK-2649 - STARLINK-3360,Distance STARLINK-2649 - STARLINK-3591,Distance STARLINK-2649 - STARLINK-6117,Distance STARLINK-2649 - STARLINK-31425,Distance STARLINK-2649 - STARLINK-5189,Distance STARLINK-2649 - STARLINK-6185,Distance STARLINK-2649 - STARLINK-2720,Distance STARLINK-2649 - STARLINK-1963,Distance STARLINK-2649 - STARLINK-31651,Distance STARLINK-2649 - STARLINK-1570,Distance STARLINK-2649 - STARLINK-4791,Distance STARLINK-2649 - STARLINK-4471,Distance STARLINK-2649 - STARLINK-5108,Distance STARLINK-2649 - STARLINK-31175,Distance STARLINK-2649 - STARLINK-3218,Distance STARLINK-2649 - STARLINK-31576,Distance STARLINK-2649 - STARLINK-1782,Distance STARLINK-2649 - STARLINK-5688,Distance STARLINK-2649 - STARLINK-5352,Distance STARLINK-2649 - STARLINK-5061,Distance STARLINK-2649 - STARLINK-1880,Distance STARLINK-2649 - STARLINK-11123 [DTC],Distance STARLINK-2649 - STARLINK-5949,Distance STARLINK-2649 - STARLINK-6149,Distance STARLINK-2649 - STARLINK-31152,Distance STARLINK-2649 - STARLINK-4511,Distance STARLINK-2649 - STARLINK-4172,Distance STARLINK-2649 - STARLINK-1645,Distance STARLINK-2649 - STARLINK-30604,Distance STARLINK-2649 - STARLINK-5600,Distance STARLINK-2649 - STARLINK-3526,Distance STARLINK-2649 - STARLINK-2434,Distance STARLINK-2649 - STARLINK-30069,Distance STARLINK-2649 - STARLINK-31615,Distance STARLINK-2649 - STARLINK-5266,Distance STARLINK-2649 - STARLINK-4609,Distance STARLINK-2649 - MoonARTEMIS1,Distance STARLINK-2649 - MoonARTEMIS2,Distance STARLINK-2649 - MoonIOAGEO,Distance STARLINK-2649 - MoonIOAGNO,Distance STARLINK-2649 - MoonIOAGNO 0001,Distance STARLINK-2649 - MoonIOAGSO,Distance STARLINK-2649 - MoonIOAGSO 0001,Distance STARLINK-2649 - MoonLRO,Distance STARLINK-2649 - MarsSat1,Distance STARLINK-2649 - MarsSat2,Distance STARLINK-2649 - MarsSat3,Distance STARLINK-2649 - MarsSat4,Distance STARLINK-4441 - STARLINK-3619,Distance STARLINK-4441 - STARLINK-3858,Distance STARLINK-4441 - STARLINK-31232,Distance STARLINK-4441 - STARLINK-31394,Distance STARLINK-4441 - STARLINK-31054,Distance STARLINK-4441 - STARLINK-4537,Distance STARLINK-4441 - STARLINK-3786,Distance STARLINK-4441 - STARLINK-1814,Distance STARLINK-4441 - STARLINK-6065,Distance STARLINK-4441 - STARLINK-4622,Distance STARLINK-4441 - STARLINK-31935,Distance STARLINK-4441 - STARLINK-1829,Distance STARLINK-4441 - STARLINK-31618,Distance STARLINK-4441 - STARLINK-5747,Distance STARLINK-4441 - STARLINK-5753,Distance STARLINK-4441 - STARLINK-1176,Distance STARLINK-4441 - STARLINK-4698,Distance STARLINK-4441 - STARLINK-4344,Distance STARLINK-4441 - STARLINK-4547,Distance STARLINK-4441 - STARLINK-31192,Distance STARLINK-4441 - STARLINK-11225 [DTC],Distance STARLINK-4441 - STARLINK-4390,Distance STARLINK-4441 - STARLINK-5528,Distance STARLINK-4441 - STARLINK-31373,Distance STARLINK-4441 - STARLINK-3613,Distance STARLINK-4441 - STARLINK-4470,Distance STARLINK-4441 - STARLINK-2301,Distance STARLINK-4441 - STARLINK-4154,Distance STARLINK-4441 - STARLINK-1980,Distance STARLINK-4441 - STARLINK-3647,Distance STARLINK-4441 - STARLINK-3419,Distance STARLINK-4441 - STARLINK-30240,Distance STARLINK-4441 - STARLINK-31295,Distance STARLINK-4441 - STARLINK-30778,Distance STARLINK-4441 - STARLINK-30310,Distance STARLINK-4441 - STARLINK-2491,Distance STARLINK-4441 - STARLINK-30960,Distance STARLINK-4441 - STARLINK-5988,Distance STARLINK-4441 - STARLINK-5351,Distance STARLINK-4441 - STARLINK-1865,Distance STARLINK-4441 - STARLINK-2567,Distance STARLINK-4441 - STARLINK-2082,Distance STARLINK-4441 - STARLINK-2419,Distance STARLINK-4441 - STARLINK-3359,Distance STARLINK-4441 - STARLINK-31805,Distance STARLINK-4441 - STARLINK-31260,Distance STARLINK-4441 - STARLINK-30587,Distance STARLINK-4441 - STARLINK-30500,Distance STARLINK-4441 - STARLINK-1136,Distance STARLINK-4441 - STARLINK-3820,Distance STARLINK-4441 - STARLINK-5658,Distance STARLINK-4441 - STARLINK-30312,Distance STARLINK-4441 - STARLINK-30132,Distance STARLINK-4441 - STARLINK-3360,Distance STARLINK-4441 - STARLINK-3591,Distance STARLINK-4441 - STARLINK-6117,Distance STARLINK-4441 - STARLINK-31425,Distance STARLINK-4441 - STARLINK-5189,Distance STARLINK-4441 - STARLINK-6185,Distance STARLINK-4441 - STARLINK-2720,Distance STARLINK-4441 - STARLINK-1963,Distance STARLINK-4441 - STARLINK-31651,Distance STARLINK-4441 - STARLINK-1570,Distance STARLINK-4441 - STARLINK-4791,Distance STARLINK-4441 - STARLINK-4471,Distance STARLINK-4441 - STARLINK-5108,Distance STARLINK-4441 - STARLINK-31175,Distance STARLINK-4441 - STARLINK-3218,Distance STARLINK-4441 - STARLINK-31576,Distance STARLINK-4441 - STARLINK-1782,Distance STARLINK-4441 - STARLINK-5688,Distance STARLINK-4441 - STARLINK-5352,Distance STARLINK-4441 - STARLINK-5061,Distance STARLINK-4441 - STARLINK-1880,Distance STARLINK-4441 - STARLINK-11123 [DTC],Distance STARLINK-4441 - STARLINK-5949,Distance STARLINK-4441 - STARLINK-6149,Distance STARLINK-4441 - STARLINK-31152,Distance STARLINK-4441 - STARLINK-4511,Distance STARLINK-4441 - STARLINK-4172,Distance STARLINK-4441 - STARLINK-1645,Distance STARLINK-4441 - STARLINK-30604,Distance STARLINK-4441 - STARLINK-5600,Distance STARLINK-4441 - STARLINK-3526,Distance STARLINK-4441 - STARLINK-2434,Distance STARLINK-4441 - STARLINK-30069,Distance STARLINK-4441 - STARLINK-31615,Distance STARLINK-4441 - STARLINK-5266,Distance STARLINK-4441 - STARLINK-4609,Distance STARLINK-4441 - MoonARTEMIS1,Distance STARLINK-4441 - MoonARTEMIS2,Distance STARLINK-4441 - MoonIOAGEO,Distance STARLINK-4441 - MoonIOAGNO,Distance STARLINK-4441 - MoonIOAGNO 0001,Distance STARLINK-4441 - MoonIOAGSO,Distance STARLINK-4441 - MoonIOAGSO 0001,Distance STARLINK-4441 - MoonLRO,Distance STARLINK-4441 - MarsSat1,Distance STARLINK-4441 - MarsSat2,Distance STARLINK-4441 - MarsSat3,Distance STARLINK-4441 - MarsSat4,Distance STARLINK-3619 - STARLINK-3858,Distance STARLINK-3619 - STARLINK-31232,Distance STARLINK-3619 - STARLINK-31394,Distance STARLINK-3619 - STARLINK-31054,Distance STARLINK-3619 - STARLINK-4537,Distance STARLINK-3619 - STARLINK-3786,Distance STARLINK-3619 - STARLINK-1814,Distance STARLINK-3619 - STARLINK-6065,Distance STARLINK-3619 - STARLINK-4622,Distance STARLINK-3619 - STARLINK-31935,Distance STARLINK-3619 - STARLINK-1829,Distance STARLINK-3619 - STARLINK-31618,Distance STARLINK-3619 - STARLINK-5747,Distance STARLINK-3619 - STARLINK-5753,Distance STARLINK-3619 - STARLINK-1176,Distance STARLINK-3619 - STARLINK-4698,Distance STARLINK-3619 - STARLINK-4344,Distance STARLINK-3619 - STARLINK-4547,Distance STARLINK-3619 - STARLINK-31192,Distance STARLINK-3619 - STARLINK-11225 [DTC],Distance STARLINK-3619 - STARLINK-4390,Distance STARLINK-3619 - STARLINK-5528,Distance STARLINK-3619 - STARLINK-31373,Distance STARLINK-3619 - STARLINK-3613,Distance STARLINK-3619 - STARLINK-4470,Distance STARLINK-3619 - STARLINK-2301,Distance STARLINK-3619 - STARLINK-4154,Distance STARLINK-3619 - STARLINK-1980,Distance STARLINK-3619 - STARLINK-3647,Distance STARLINK-3619 - STARLINK-3419,Distance STARLINK-3619 - STARLINK-30240,Distance STARLINK-3619 - STARLINK-31295,Distance STARLINK-3619 - STARLINK-30778,Distance STARLINK-3619 - STARLINK-30310,Distance STARLINK-3619 - STARLINK-2491,Distance STARLINK-3619 - STARLINK-30960,Distance STARLINK-3619 - STARLINK-5988,Distance STARLINK-3619 - STARLINK-5351,Distance STARLINK-3619 - STARLINK-1865,Distance STARLINK-3619 - STARLINK-2567,Distance STARLINK-3619 - STARLINK-2082,Distance STARLINK-3619 - STARLINK-2419,Distance STARLINK-3619 - STARLINK-3359,Distance STARLINK-3619 - STARLINK-31805,Distance STARLINK-3619 - STARLINK-31260,Distance STARLINK-3619 - STARLINK-30587,Distance STARLINK-3619 - STARLINK-30500,Distance STARLINK-3619 - STARLINK-1136,Distance STARLINK-3619 - STARLINK-3820,Distance STARLINK-3619 - STARLINK-5658,Distance STARLINK-3619 - STARLINK-30312,Distance STARLINK-3619 - STARLINK-30132,Distance STARLINK-3619 - STARLINK-3360,Distance STARLINK-3619 - STARLINK-3591,Distance STARLINK-3619 - STARLINK-6117,Distance STARLINK-3619 - STARLINK-31425,Distance STARLINK-3619 - STARLINK-5189,Distance STARLINK-3619 - STARLINK-6185,Distance STARLINK-3619 - STARLINK-2720,Distance STARLINK-3619 - STARLINK-1963,Distance STARLINK-3619 - STARLINK-31651,Distance STARLINK-3619 - STARLINK-1570,Distance STARLINK-3619 - STARLINK-4791,Distance STARLINK-3619 - STARLINK-4471,Distance STARLINK-3619 - STARLINK-5108,Distance STARLINK-3619 - STARLINK-31175,Distance STARLINK-3619 - STARLINK-3218,Distance STARLINK-3619 - STARLINK-31576,Distance STARLINK-3619 - STARLINK-1782,Distance STARLINK-3619 - STARLINK-5688,Distance STARLINK-3619 - STARLINK-5352,Distance STARLINK-3619 - STARLINK-5061,Distance STARLINK-3619 - STARLINK-1880,Distance STARLINK-3619 - STARLINK-11123 [DTC],Distance STARLINK-3619 - STARLINK-5949,Distance STARLINK-3619 - STARLINK-6149,Distance STARLINK-3619 - STARLINK-31152,Distance STARLINK-3619 - STARLINK-4511,Distance STARLINK-3619 - STARLINK-4172,Distance STARLINK-3619 - STARLINK-1645,Distance STARLINK-3619 - STARLINK-30604,Distance STARLINK-3619 - STARLINK-5600,Distance STARLINK-3619 - STARLINK-3526,Distance STARLINK-3619 - STARLINK-2434,Distance STARLINK-3619 - STARLINK-30069,Distance STARLINK-3619 - STARLINK-31615,Distance STARLINK-3619 - STARLINK-5266,Distance STARLINK-3619 - STARLINK-4609,Distance STARLINK-3619 - MoonARTEMIS1,Distance STARLINK-3619 - MoonARTEMIS2,Distance STARLINK-3619 - MoonIOAGEO,Distance STARLINK-3619 - MoonIOAGNO,Distance STARLINK-3619 - MoonIOAGNO 0001,Distance STARLINK-3619 - MoonIOAGSO,Distance STARLINK-3619 - MoonIOAGSO 0001,Distance STARLINK-3619 - MoonLRO,Distance STARLINK-3619 - MarsSat1,Distance STARLINK-3619 - MarsSat2,Distance STARLINK-3619 - MarsSat3,Distance STARLINK-3619 - MarsSat4,Distance STARLINK-3858 - STARLINK-31232,Distance STARLINK-3858 - STARLINK-31394,Distance STARLINK-3858 - STARLINK-31054,Distance STARLINK-3858 - STARLINK-4537,Distance STARLINK-3858 - STARLINK-3786,Distance STARLINK-3858 - STARLINK-1814,Distance STARLINK-3858 - STARLINK-6065,Distance STARLINK-3858 - STARLINK-4622,Distance STARLINK-3858 - STARLINK-31935,Distance STARLINK-3858 - STARLINK-1829,Distance STARLINK-3858 - STARLINK-31618,Distance STARLINK-3858 - STARLINK-5747,Distance STARLINK-3858 - STARLINK-5753,Distance STARLINK-3858 - STARLINK-1176,Distance STARLINK-3858 - STARLINK-4698,Distance STARLINK-3858 - STARLINK-4344,Distance STARLINK-3858 - STARLINK-4547,Distance STARLINK-3858 - STARLINK-31192,Distance STARLINK-3858 - STARLINK-11225 [DTC],Distance STARLINK-3858 - STARLINK-4390,Distance STARLINK-3858 - STARLINK-5528,Distance STARLINK-3858 - STARLINK-31373,Distance STARLINK-3858 - STARLINK-3613,Distance STARLINK-3858 - STARLINK-4470,Distance STARLINK-3858 - STARLINK-2301,Distance STARLINK-3858 - STARLINK-4154,Distance STARLINK-3858 - STARLINK-1980,Distance STARLINK-3858 - STARLINK-3647,Distance STARLINK-3858 - STARLINK-3419,Distance STARLINK-3858 - STARLINK-30240,Distance STARLINK-3858 - STARLINK-31295,Distance STARLINK-3858 - STARLINK-30778,Distance STARLINK-3858 - STARLINK-30310,Distance STARLINK-3858 - STARLINK-2491,Distance STARLINK-3858 - STARLINK-30960,Distance STARLINK-3858 - STARLINK-5988,Distance STARLINK-3858 - STARLINK-5351,Distance STARLINK-3858 - STARLINK-1865,Distance STARLINK-3858 - STARLINK-2567,Distance STARLINK-3858 - STARLINK-2082,Distance STARLINK-3858 - STARLINK-2419,Distance STARLINK-3858 - STARLINK-3359,Distance STARLINK-3858 - STARLINK-31805,Distance STARLINK-3858 - STARLINK-31260,Distance STARLINK-3858 - STARLINK-30587,Distance STARLINK-3858 - STARLINK-30500,Distance STARLINK-3858 - STARLINK-1136,Distance STARLINK-3858 - STARLINK-3820,Distance STARLINK-3858 - STARLINK-5658,Distance STARLINK-3858 - STARLINK-30312,Distance STARLINK-3858 - STARLINK-30132,Distance STARLINK-3858 - STARLINK-3360,Distance STARLINK-3858 - STARLINK-3591,Distance STARLINK-3858 - STARLINK-6117,Distance STARLINK-3858 - STARLINK-31425,Distance STARLINK-3858 - STARLINK-5189,Distance STARLINK-3858 - STARLINK-6185,Distance STARLINK-3858 - STARLINK-2720,Distance STARLINK-3858 - STARLINK-1963,Distance STARLINK-3858 - STARLINK-31651,Distance STARLINK-3858 - STARLINK-1570,Distance STARLINK-3858 - STARLINK-4791,Distance STARLINK-3858 - STARLINK-4471,Distance STARLINK-3858 - STARLINK-5108,Distance STARLINK-3858 - STARLINK-31175,Distance STARLINK-3858 - STARLINK-3218,Distance STARLINK-3858 - STARLINK-31576,Distance STARLINK-3858 - STARLINK-1782,Distance STARLINK-3858 - STARLINK-5688,Distance STARLINK-3858 - STARLINK-5352,Distance STARLINK-3858 - STARLINK-5061,Distance STARLINK-3858 - STARLINK-1880,Distance STARLINK-3858 - STARLINK-11123 [DTC],Distance STARLINK-3858 - STARLINK-5949,Distance STARLINK-3858 - STARLINK-6149,Distance STARLINK-3858 - STARLINK-31152,Distance STARLINK-3858 - STARLINK-4511,Distance STARLINK-3858 - STARLINK-4172,Distance STARLINK-3858 - STARLINK-1645,Distance STARLINK-3858 - STARLINK-30604,Distance STARLINK-3858 - STARLINK-5600,Distance STARLINK-3858 - STARLINK-3526,Distance STARLINK-3858 - STARLINK-2434,Distance STARLINK-3858 - STARLINK-30069,Distance STARLINK-3858 - STARLINK-31615,Distance STARLINK-3858 - STARLINK-5266,Distance STARLINK-3858 - STARLINK-4609,Distance STARLINK-3858 - MoonARTEMIS1,Distance STARLINK-3858 - MoonARTEMIS2,Distance STARLINK-3858 - MoonIOAGEO,Distance STARLINK-3858 - MoonIOAGNO,Distance STARLINK-3858 - MoonIOAGNO 0001,Distance STARLINK-3858 - MoonIOAGSO,Distance STARLINK-3858 - MoonIOAGSO 0001,Distance STARLINK-3858 - MoonLRO,Distance STARLINK-3858 - MarsSat1,Distance STARLINK-3858 - MarsSat2,Distance STARLINK-3858 - MarsSat3,Distance STARLINK-3858 - MarsSat4,Distance STARLINK-31232 - STARLINK-31394,Distance STARLINK-31232 - STARLINK-31054,Distance STARLINK-31232 - STARLINK-4537,Distance STARLINK-31232 - STARLINK-3786,Distance STARLINK-31232 - STARLINK-1814,Distance STARLINK-31232 - STARLINK-6065,Distance STARLINK-31232 - STARLINK-4622,Distance STARLINK-31232 - STARLINK-31935,Distance STARLINK-31232 - STARLINK-1829,Distance STARLINK-31232 - STARLINK-31618,Distance STARLINK-31232 - STARLINK-5747,Distance STARLINK-31232 - STARLINK-5753,Distance STARLINK-31232 - STARLINK-1176,Distance STARLINK-31232 - STARLINK-4698,Distance STARLINK-31232 - STARLINK-4344,Distance STARLINK-31232 - STARLINK-4547,Distance STARLINK-31232 - STARLINK-31192,Distance STARLINK-31232 - STARLINK-11225 [DTC],Distance STARLINK-31232 - STARLINK-4390,Distance STARLINK-31232 - STARLINK-5528,Distance STARLINK-31232 - STARLINK-31373,Distance STARLINK-31232 - STARLINK-3613,Distance STARLINK-31232 - STARLINK-4470,Distance STARLINK-31232 - STARLINK-2301,Distance STARLINK-31232 - STARLINK-4154,Distance STARLINK-31232 - STARLINK-1980,Distance STARLINK-31232 - STARLINK-3647,Distance STARLINK-31232 - STARLINK-3419,Distance STARLINK-31232 - STARLINK-30240,Distance STARLINK-31232 - STARLINK-31295,Distance STARLINK-31232 - STARLINK-30778,Distance STARLINK-31232 - STARLINK-30310,Distance STARLINK-31232 - STARLINK-2491,Distance STARLINK-31232 - STARLINK-30960,Distance STARLINK-31232 - STARLINK-5988,Distance STARLINK-31232 - STARLINK-5351,Distance STARLINK-31232 - STARLINK-1865,Distance STARLINK-31232 - STARLINK-2567,Distance STARLINK-31232 - STARLINK-2082,Distance STARLINK-31232 - STARLINK-2419,Distance STARLINK-31232 - STARLINK-3359,Distance STARLINK-31232 - STARLINK-31805,Distance STARLINK-31232 - STARLINK-31260,Distance STARLINK-31232 - STARLINK-30587,Distance STARLINK-31232 - STARLINK-30500,Distance STARLINK-31232 - STARLINK-1136,Distance STARLINK-31232 - STARLINK-3820,Distance STARLINK-31232 - STARLINK-5658,Distance STARLINK-31232 - STARLINK-30312,Distance STARLINK-31232 - STARLINK-30132,Distance STARLINK-31232 - STARLINK-3360,Distance STARLINK-31232 - STARLINK-3591,Distance STARLINK-31232 - STARLINK-6117,Distance STARLINK-31232 - STARLINK-31425,Distance STARLINK-31232 - STARLINK-5189,Distance STARLINK-31232 - STARLINK-6185,Distance STARLINK-31232 - STARLINK-2720,Distance STARLINK-31232 - STARLINK-1963,Distance STARLINK-31232 - STARLINK-31651,Distance STARLINK-31232 - STARLINK-1570,Distance STARLINK-31232 - STARLINK-4791,Distance STARLINK-31232 - STARLINK-4471,Distance STARLINK-31232 - STARLINK-5108,Distance STARLINK-31232 - STARLINK-31175,Distance STARLINK-31232 - STARLINK-3218,Distance STARLINK-31232 - STARLINK-31576,Distance STARLINK-31232 - STARLINK-1782,Distance STARLINK-31232 - STARLINK-5688,Distance STARLINK-31232 - STARLINK-5352,Distance STARLINK-31232 - STARLINK-5061,Distance STARLINK-31232 - STARLINK-1880,Distance STARLINK-31232 - STARLINK-11123 [DTC],Distance STARLINK-31232 - STARLINK-5949,Distance STARLINK-31232 - STARLINK-6149,Distance STARLINK-31232 - STARLINK-31152,Distance STARLINK-31232 - STARLINK-4511,Distance STARLINK-31232 - STARLINK-4172,Distance STARLINK-31232 - STARLINK-1645,Distance STARLINK-31232 - STARLINK-30604,Distance STARLINK-31232 - STARLINK-5600,Distance STARLINK-31232 - STARLINK-3526,Distance STARLINK-31232 - STARLINK-2434,Distance STARLINK-31232 - STARLINK-30069,Distance STARLINK-31232 - STARLINK-31615,Distance STARLINK-31232 - STARLINK-5266,Distance STARLINK-31232 - STARLINK-4609,Distance STARLINK-31232 - MoonARTEMIS1,Distance STARLINK-31232 - MoonARTEMIS2,Distance STARLINK-31232 - MoonIOAGEO,Distance STARLINK-31232 - MoonIOAGNO,Distance STARLINK-31232 - MoonIOAGNO 0001,Distance STARLINK-31232 - MoonIOAGSO,Distance STARLINK-31232 - MoonIOAGSO 0001,Distance STARLINK-31232 - MoonLRO,Distance STARLINK-31232 - MarsSat1,Distance STARLINK-31232 - MarsSat2,Distance STARLINK-31232 - MarsSat3,Distance STARLINK-31232 - MarsSat4,Distance STARLINK-31394 - STARLINK-31054,Distance STARLINK-31394 - STARLINK-4537,Distance STARLINK-31394 - STARLINK-3786,Distance STARLINK-31394 - STARLINK-1814,Distance STARLINK-31394 - STARLINK-6065,Distance STARLINK-31394 - STARLINK-4622,Distance STARLINK-31394 - STARLINK-31935,Distance STARLINK-31394 - STARLINK-1829,Distance STARLINK-31394 - STARLINK-31618,Distance STARLINK-31394 - STARLINK-5747,Distance STARLINK-31394 - STARLINK-5753,Distance STARLINK-31394 - STARLINK-1176,Distance STARLINK-31394 - STARLINK-4698,Distance STARLINK-31394 - STARLINK-4344,Distance STARLINK-31394 - STARLINK-4547,Distance STARLINK-31394 - STARLINK-31192,Distance STARLINK-31394 - STARLINK-11225 [DTC],Distance STARLINK-31394 - STARLINK-4390,Distance STARLINK-31394 - STARLINK-5528,Distance STARLINK-31394 - STARLINK-31373,Distance STARLINK-31394 - STARLINK-3613,Distance STARLINK-31394 - STARLINK-4470,Distance STARLINK-31394 - STARLINK-2301,Distance STARLINK-31394 - STARLINK-4154,Distance STARLINK-31394 - STARLINK-1980,Distance STARLINK-31394 - STARLINK-3647,Distance STARLINK-31394 - STARLINK-3419,Distance STARLINK-31394 - STARLINK-30240,Distance STARLINK-31394 - STARLINK-31295,Distance STARLINK-31394 - STARLINK-30778,Distance STARLINK-31394 - STARLINK-30310,Distance STARLINK-31394 - STARLINK-2491,Distance STARLINK-31394 - STARLINK-30960,Distance STARLINK-31394 - STARLINK-5988,Distance STARLINK-31394 - STARLINK-5351,Distance STARLINK-31394 - STARLINK-1865,Distance STARLINK-31394 - STARLINK-2567,Distance STARLINK-31394 - STARLINK-2082,Distance STARLINK-31394 - STARLINK-2419,Distance STARLINK-31394 - STARLINK-3359,Distance STARLINK-31394 - STARLINK-31805,Distance STARLINK-31394 - STARLINK-31260,Distance STARLINK-31394 - STARLINK-30587,Distance STARLINK-31394 - STARLINK-30500,Distance STARLINK-31394 - STARLINK-1136,Distance STARLINK-31394 - STARLINK-3820,Distance STARLINK-31394 - STARLINK-5658,Distance STARLINK-31394 - STARLINK-30312,Distance STARLINK-31394 - STARLINK-30132,Distance STARLINK-31394 - STARLINK-3360,Distance STARLINK-31394 - STARLINK-3591,Distance STARLINK-31394 - STARLINK-6117,Distance STARLINK-31394 - STARLINK-31425,Distance STARLINK-31394 - STARLINK-5189,Distance STARLINK-31394 - STARLINK-6185,Distance STARLINK-31394 - STARLINK-2720,Distance STARLINK-31394 - STARLINK-1963,Distance STARLINK-31394 - STARLINK-31651,Distance STARLINK-31394 - STARLINK-1570,Distance STARLINK-31394 - STARLINK-4791,Distance STARLINK-31394 - STARLINK-4471,Distance STARLINK-31394 - STARLINK-5108,Distance STARLINK-31394 - STARLINK-31175,Distance STARLINK-31394 - STARLINK-3218,Distance STARLINK-31394 - STARLINK-31576,Distance STARLINK-31394 - STARLINK-1782,Distance STARLINK-31394 - STARLINK-5688,Distance STARLINK-31394 - STARLINK-5352,Distance STARLINK-31394 - STARLINK-5061,Distance STARLINK-31394 - STARLINK-1880,Distance STARLINK-31394 - STARLINK-11123 [DTC],Distance STARLINK-31394 - STARLINK-5949,Distance STARLINK-31394 - STARLINK-6149,Distance STARLINK-31394 - STARLINK-31152,Distance STARLINK-31394 - STARLINK-4511,Distance STARLINK-31394 - STARLINK-4172,Distance STARLINK-31394 - STARLINK-1645,Distance STARLINK-31394 - STARLINK-30604,Distance STARLINK-31394 - STARLINK-5600,Distance STARLINK-31394 - STARLINK-3526,Distance STARLINK-31394 - STARLINK-2434,Distance STARLINK-31394 - STARLINK-30069,Distance STARLINK-31394 - STARLINK-31615,Distance STARLINK-31394 - STARLINK-5266,Distance STARLINK-31394 - STARLINK-4609,Distance STARLINK-31394 - MoonARTEMIS1,Distance STARLINK-31394 - MoonARTEMIS2,Distance STARLINK-31394 - MoonIOAGEO,Distance STARLINK-31394 - MoonIOAGNO,Distance STARLINK-31394 - MoonIOAGNO 0001,Distance STARLINK-31394 - MoonIOAGSO,Distance STARLINK-31394 - MoonIOAGSO 0001,Distance STARLINK-31394 - MoonLRO,Distance STARLINK-31394 - MarsSat1,Distance STARLINK-31394 - MarsSat2,Distance STARLINK-31394 - MarsSat3,Distance STARLINK-31394 - MarsSat4,Distance STARLINK-31054 - STARLINK-4537,Distance STARLINK-31054 - STARLINK-3786,Distance STARLINK-31054 - STARLINK-1814,Distance STARLINK-31054 - STARLINK-6065,Distance STARLINK-31054 - STARLINK-4622,Distance STARLINK-31054 - STARLINK-31935,Distance STARLINK-31054 - STARLINK-1829,Distance STARLINK-31054 - STARLINK-31618,Distance STARLINK-31054 - STARLINK-5747,Distance STARLINK-31054 - STARLINK-5753,Distance STARLINK-31054 - STARLINK-1176,Distance STARLINK-31054 - STARLINK-4698,Distance STARLINK-31054 - STARLINK-4344,Distance STARLINK-31054 - STARLINK-4547,Distance STARLINK-31054 - STARLINK-31192,Distance STARLINK-31054 - STARLINK-11225 [DTC],Distance STARLINK-31054 - STARLINK-4390,Distance STARLINK-31054 - STARLINK-5528,Distance STARLINK-31054 - STARLINK-31373,Distance STARLINK-31054 - STARLINK-3613,Distance STARLINK-31054 - STARLINK-4470,Distance STARLINK-31054 - STARLINK-2301,Distance STARLINK-31054 - STARLINK-4154,Distance STARLINK-31054 - STARLINK-1980,Distance STARLINK-31054 - STARLINK-3647,Distance STARLINK-31054 - STARLINK-3419,Distance STARLINK-31054 - STARLINK-30240,Distance STARLINK-31054 - STARLINK-31295,Distance STARLINK-31054 - STARLINK-30778,Distance STARLINK-31054 - STARLINK-30310,Distance STARLINK-31054 - STARLINK-2491,Distance STARLINK-31054 - STARLINK-30960,Distance STARLINK-31054 - STARLINK-5988,Distance STARLINK-31054 - STARLINK-5351,Distance STARLINK-31054 - STARLINK-1865,Distance STARLINK-31054 - STARLINK-2567,Distance STARLINK-31054 - STARLINK-2082,Distance STARLINK-31054 - STARLINK-2419,Distance STARLINK-31054 - STARLINK-3359,Distance STARLINK-31054 - STARLINK-31805,Distance STARLINK-31054 - STARLINK-31260,Distance STARLINK-31054 - STARLINK-30587,Distance STARLINK-31054 - STARLINK-30500,Distance STARLINK-31054 - STARLINK-1136,Distance STARLINK-31054 - STARLINK-3820,Distance STARLINK-31054 - STARLINK-5658,Distance STARLINK-31054 - STARLINK-30312,Distance STARLINK-31054 - STARLINK-30132,Distance STARLINK-31054 - STARLINK-3360,Distance STARLINK-31054 - STARLINK-3591,Distance STARLINK-31054 - STARLINK-6117,Distance STARLINK-31054 - STARLINK-31425,Distance STARLINK-31054 - STARLINK-5189,Distance STARLINK-31054 - STARLINK-6185,Distance STARLINK-31054 - STARLINK-2720,Distance STARLINK-31054 - STARLINK-1963,Distance STARLINK-31054 - STARLINK-31651,Distance STARLINK-31054 - STARLINK-1570,Distance STARLINK-31054 - STARLINK-4791,Distance STARLINK-31054 - STARLINK-4471,Distance STARLINK-31054 - STARLINK-5108,Distance STARLINK-31054 - STARLINK-31175,Distance STARLINK-31054 - STARLINK-3218,Distance STARLINK-31054 - STARLINK-31576,Distance STARLINK-31054 - STARLINK-1782,Distance STARLINK-31054 - STARLINK-5688,Distance STARLINK-31054 - STARLINK-5352,Distance STARLINK-31054 - STARLINK-5061,Distance STARLINK-31054 - STARLINK-1880,Distance STARLINK-31054 - STARLINK-11123 [DTC],Distance STARLINK-31054 - STARLINK-5949,Distance STARLINK-31054 - STARLINK-6149,Distance STARLINK-31054 - STARLINK-31152,Distance STARLINK-31054 - STARLINK-4511,Distance STARLINK-31054 - STARLINK-4172,Distance STARLINK-31054 - STARLINK-1645,Distance STARLINK-31054 - STARLINK-30604,Distance STARLINK-31054 - STARLINK-5600,Distance STARLINK-31054 - STARLINK-3526,Distance STARLINK-31054 - STARLINK-2434,Distance STARLINK-31054 - STARLINK-30069,Distance STARLINK-31054 - STARLINK-31615,Distance STARLINK-31054 - STARLINK-5266,Distance STARLINK-31054 - STARLINK-4609,Distance STARLINK-31054 - MoonARTEMIS1,Distance STARLINK-31054 - MoonARTEMIS2,Distance STARLINK-31054 - MoonIOAGEO,Distance STARLINK-31054 - MoonIOAGNO,Distance STARLINK-31054 - MoonIOAGNO 0001,Distance STARLINK-31054 - MoonIOAGSO,Distance STARLINK-31054 - MoonIOAGSO 0001,Distance STARLINK-31054 - MoonLRO,Distance STARLINK-31054 - MarsSat1,Distance STARLINK-31054 - MarsSat2,Distance STARLINK-31054 - MarsSat3,Distance STARLINK-31054 - MarsSat4,Distance STARLINK-4537 - STARLINK-3786,Distance STARLINK-4537 - STARLINK-1814,Distance STARLINK-4537 - STARLINK-6065,Distance STARLINK-4537 - STARLINK-4622,Distance STARLINK-4537 - STARLINK-31935,Distance STARLINK-4537 - STARLINK-1829,Distance STARLINK-4537 - STARLINK-31618,Distance STARLINK-4537 - STARLINK-5747,Distance STARLINK-4537 - STARLINK-5753,Distance STARLINK-4537 - STARLINK-1176,Distance STARLINK-4537 - STARLINK-4698,Distance STARLINK-4537 - STARLINK-4344,Distance STARLINK-4537 - STARLINK-4547,Distance STARLINK-4537 - STARLINK-31192,Distance STARLINK-4537 - STARLINK-11225 [DTC],Distance STARLINK-4537 - STARLINK-4390,Distance STARLINK-4537 - STARLINK-5528,Distance STARLINK-4537 - STARLINK-31373,Distance STARLINK-4537 - STARLINK-3613,Distance STARLINK-4537 - STARLINK-4470,Distance STARLINK-4537 - STARLINK-2301,Distance STARLINK-4537 - STARLINK-4154,Distance STARLINK-4537 - STARLINK-1980,Distance STARLINK-4537 - STARLINK-3647,Distance STARLINK-4537 - STARLINK-3419,Distance STARLINK-4537 - STARLINK-30240,Distance STARLINK-4537 - STARLINK-31295,Distance STARLINK-4537 - STARLINK-30778,Distance STARLINK-4537 - STARLINK-30310,Distance STARLINK-4537 - STARLINK-2491,Distance STARLINK-4537 - STARLINK-30960,Distance STARLINK-4537 - STARLINK-5988,Distance STARLINK-4537 - STARLINK-5351,Distance STARLINK-4537 - STARLINK-1865,Distance STARLINK-4537 - STARLINK-2567,Distance STARLINK-4537 - STARLINK-2082,Distance STARLINK-4537 - STARLINK-2419,Distance STARLINK-4537 - STARLINK-3359,Distance STARLINK-4537 - STARLINK-31805,Distance STARLINK-4537 - STARLINK-31260,Distance STARLINK-4537 - STARLINK-30587,Distance STARLINK-4537 - STARLINK-30500,Distance STARLINK-4537 - STARLINK-1136,Distance STARLINK-4537 - STARLINK-3820,Distance STARLINK-4537 - STARLINK-5658,Distance STARLINK-4537 - STARLINK-30312,Distance STARLINK-4537 - STARLINK-30132,Distance STARLINK-4537 - STARLINK-3360,Distance STARLINK-4537 - STARLINK-3591,Distance STARLINK-4537 - STARLINK-6117,Distance STARLINK-4537 - STARLINK-31425,Distance STARLINK-4537 - STARLINK-5189,Distance STARLINK-4537 - STARLINK-6185,Distance STARLINK-4537 - STARLINK-2720,Distance STARLINK-4537 - STARLINK-1963,Distance STARLINK-4537 - STARLINK-31651,Distance STARLINK-4537 - STARLINK-1570,Distance STARLINK-4537 - STARLINK-4791,Distance STARLINK-4537 - STARLINK-4471,Distance STARLINK-4537 - STARLINK-5108,Distance STARLINK-4537 - STARLINK-31175,Distance STARLINK-4537 - STARLINK-3218,Distance STARLINK-4537 - STARLINK-31576,Distance STARLINK-4537 - STARLINK-1782,Distance STARLINK-4537 - STARLINK-5688,Distance STARLINK-4537 - STARLINK-5352,Distance STARLINK-4537 - STARLINK-5061,Distance STARLINK-4537 - STARLINK-1880,Distance STARLINK-4537 - STARLINK-11123 [DTC],Distance STARLINK-4537 - STARLINK-5949,Distance STARLINK-4537 - STARLINK-6149,Distance STARLINK-4537 - STARLINK-31152,Distance STARLINK-4537 - STARLINK-4511,Distance STARLINK-4537 - STARLINK-4172,Distance STARLINK-4537 - STARLINK-1645,Distance STARLINK-4537 - STARLINK-30604,Distance STARLINK-4537 - STARLINK-5600,Distance STARLINK-4537 - STARLINK-3526,Distance STARLINK-4537 - STARLINK-2434,Distance STARLINK-4537 - STARLINK-30069,Distance STARLINK-4537 - STARLINK-31615,Distance STARLINK-4537 - STARLINK-5266,Distance STARLINK-4537 - STARLINK-4609,Distance STARLINK-4537 - MoonARTEMIS1,Distance STARLINK-4537 - MoonARTEMIS2,Distance STARLINK-4537 - MoonIOAGEO,Distance STARLINK-4537 - MoonIOAGNO,Distance STARLINK-4537 - MoonIOAGNO 0001,Distance STARLINK-4537 - MoonIOAGSO,Distance STARLINK-4537 - MoonIOAGSO 0001,Distance STARLINK-4537 - MoonLRO,Distance STARLINK-4537 - MarsSat1,Distance STARLINK-4537 - MarsSat2,Distance STARLINK-4537 - MarsSat3,Distance STARLINK-4537 - MarsSat4,Distance STARLINK-3786 - STARLINK-1814,Distance STARLINK-3786 - STARLINK-6065,Distance STARLINK-3786 - STARLINK-4622,Distance STARLINK-3786 - STARLINK-31935,Distance STARLINK-3786 - STARLINK-1829,Distance STARLINK-3786 - STARLINK-31618,Distance STARLINK-3786 - STARLINK-5747,Distance STARLINK-3786 - STARLINK-5753,Distance STARLINK-3786 - STARLINK-1176,Distance STARLINK-3786 - STARLINK-4698,Distance STARLINK-3786 - STARLINK-4344,Distance STARLINK-3786 - STARLINK-4547,Distance STARLINK-3786 - STARLINK-31192,Distance STARLINK-3786 - STARLINK-11225 [DTC],Distance STARLINK-3786 - STARLINK-4390,Distance STARLINK-3786 - STARLINK-5528,Distance STARLINK-3786 - STARLINK-31373,Distance STARLINK-3786 - STARLINK-3613,Distance STARLINK-3786 - STARLINK-4470,Distance STARLINK-3786 - STARLINK-2301,Distance STARLINK-3786 - STARLINK-4154,Distance STARLINK-3786 - STARLINK-1980,Distance STARLINK-3786 - STARLINK-3647,Distance STARLINK-3786 - STARLINK-3419,Distance STARLINK-3786 - STARLINK-30240,Distance STARLINK-3786 - STARLINK-31295,Distance STARLINK-3786 - STARLINK-30778,Distance STARLINK-3786 - STARLINK-30310,Distance STARLINK-3786 - STARLINK-2491,Distance STARLINK-3786 - STARLINK-30960,Distance STARLINK-3786 - STARLINK-5988,Distance STARLINK-3786 - STARLINK-5351,Distance STARLINK-3786 - STARLINK-1865,Distance STARLINK-3786 - STARLINK-2567,Distance STARLINK-3786 - STARLINK-2082,Distance STARLINK-3786 - STARLINK-2419,Distance STARLINK-3786 - STARLINK-3359,Distance STARLINK-3786 - STARLINK-31805,Distance STARLINK-3786 - STARLINK-31260,Distance STARLINK-3786 - STARLINK-30587,Distance STARLINK-3786 - STARLINK-30500,Distance STARLINK-3786 - STARLINK-1136,Distance STARLINK-3786 - STARLINK-3820,Distance STARLINK-3786 - STARLINK-5658,Distance STARLINK-3786 - STARLINK-30312,Distance STARLINK-3786 - STARLINK-30132,Distance STARLINK-3786 - STARLINK-3360,Distance STARLINK-3786 - STARLINK-3591,Distance STARLINK-3786 - STARLINK-6117,Distance STARLINK-3786 - STARLINK-31425,Distance STARLINK-3786 - STARLINK-5189,Distance STARLINK-3786 - STARLINK-6185,Distance STARLINK-3786 - STARLINK-2720,Distance STARLINK-3786 - STARLINK-1963,Distance STARLINK-3786 - STARLINK-31651,Distance STARLINK-3786 - STARLINK-1570,Distance STARLINK-3786 - STARLINK-4791,Distance STARLINK-3786 - STARLINK-4471,Distance STARLINK-3786 - STARLINK-5108,Distance STARLINK-3786 - STARLINK-31175,Distance STARLINK-3786 - STARLINK-3218,Distance STARLINK-3786 - STARLINK-31576,Distance STARLINK-3786 - STARLINK-1782,Distance STARLINK-3786 - STARLINK-5688,Distance STARLINK-3786 - STARLINK-5352,Distance STARLINK-3786 - STARLINK-5061,Distance STARLINK-3786 - STARLINK-1880,Distance STARLINK-3786 - STARLINK-11123 [DTC],Distance STARLINK-3786 - STARLINK-5949,Distance STARLINK-3786 - STARLINK-6149,Distance STARLINK-3786 - STARLINK-31152,Distance STARLINK-3786 - STARLINK-4511,Distance STARLINK-3786 - STARLINK-4172,Distance STARLINK-3786 - STARLINK-1645,Distance STARLINK-3786 - STARLINK-30604,Distance STARLINK-3786 - STARLINK-5600,Distance STARLINK-3786 - STARLINK-3526,Distance STARLINK-3786 - STARLINK-2434,Distance STARLINK-3786 - STARLINK-30069,Distance STARLINK-3786 - STARLINK-31615,Distance STARLINK-3786 - STARLINK-5266,Distance STARLINK-3786 - STARLINK-4609,Distance STARLINK-3786 - MoonARTEMIS1,Distance STARLINK-3786 - MoonARTEMIS2,Distance STARLINK-3786 - MoonIOAGEO,Distance STARLINK-3786 - MoonIOAGNO,Distance STARLINK-3786 - MoonIOAGNO 0001,Distance STARLINK-3786 - MoonIOAGSO,Distance STARLINK-3786 - MoonIOAGSO 0001,Distance STARLINK-3786 - MoonLRO,Distance STARLINK-3786 - MarsSat1,Distance STARLINK-3786 - MarsSat2,Distance STARLINK-3786 - MarsSat3,Distance STARLINK-3786 - MarsSat4,Distance STARLINK-1814 - STARLINK-6065,Distance STARLINK-1814 - STARLINK-4622,Distance STARLINK-1814 - STARLINK-31935,Distance STARLINK-1814 - STARLINK-1829,Distance STARLINK-1814 - STARLINK-31618,Distance STARLINK-1814 - STARLINK-5747,Distance STARLINK-1814 - STARLINK-5753,Distance STARLINK-1814 - STARLINK-1176,Distance STARLINK-1814 - STARLINK-4698,Distance STARLINK-1814 - STARLINK-4344,Distance STARLINK-1814 - STARLINK-4547,Distance STARLINK-1814 - STARLINK-31192,Distance STARLINK-1814 - STARLINK-11225 [DTC],Distance STARLINK-1814 - STARLINK-4390,Distance STARLINK-1814 - STARLINK-5528,Distance STARLINK-1814 - STARLINK-31373,Distance STARLINK-1814 - STARLINK-3613,Distance STARLINK-1814 - STARLINK-4470,Distance STARLINK-1814 - STARLINK-2301,Distance STARLINK-1814 - STARLINK-4154,Distance STARLINK-1814 - STARLINK-1980,Distance STARLINK-1814 - STARLINK-3647,Distance STARLINK-1814 - STARLINK-3419,Distance STARLINK-1814 - STARLINK-30240,Distance STARLINK-1814 - STARLINK-31295,Distance STARLINK-1814 - STARLINK-30778,Distance STARLINK-1814 - STARLINK-30310,Distance STARLINK-1814 - STARLINK-2491,Distance STARLINK-1814 - STARLINK-30960,Distance STARLINK-1814 - STARLINK-5988,Distance STARLINK-1814 - STARLINK-5351,Distance STARLINK-1814 - STARLINK-1865,Distance STARLINK-1814 - STARLINK-2567,Distance STARLINK-1814 - STARLINK-2082,Distance STARLINK-1814 - STARLINK-2419,Distance STARLINK-1814 - STARLINK-3359,Distance STARLINK-1814 - STARLINK-31805,Distance STARLINK-1814 - STARLINK-31260,Distance STARLINK-1814 - STARLINK-30587,Distance STARLINK-1814 - STARLINK-30500,Distance STARLINK-1814 - STARLINK-1136,Distance STARLINK-1814 - STARLINK-3820,Distance STARLINK-1814 - STARLINK-5658,Distance STARLINK-1814 - STARLINK-30312,Distance STARLINK-1814 - STARLINK-30132,Distance STARLINK-1814 - STARLINK-3360,Distance STARLINK-1814 - STARLINK-3591,Distance STARLINK-1814 - STARLINK-6117,Distance STARLINK-1814 - STARLINK-31425,Distance STARLINK-1814 - STARLINK-5189,Distance STARLINK-1814 - STARLINK-6185,Distance STARLINK-1814 - STARLINK-2720,Distance STARLINK-1814 - STARLINK-1963,Distance STARLINK-1814 - STARLINK-31651,Distance STARLINK-1814 - STARLINK-1570,Distance STARLINK-1814 - STARLINK-4791,Distance STARLINK-1814 - STARLINK-4471,Distance STARLINK-1814 - STARLINK-5108,Distance STARLINK-1814 - STARLINK-31175,Distance STARLINK-1814 - STARLINK-3218,Distance STARLINK-1814 - STARLINK-31576,Distance STARLINK-1814 - STARLINK-1782,Distance STARLINK-1814 - STARLINK-5688,Distance STARLINK-1814 - STARLINK-5352,Distance STARLINK-1814 - STARLINK-5061,Distance STARLINK-1814 - STARLINK-1880,Distance STARLINK-1814 - STARLINK-11123 [DTC],Distance STARLINK-1814 - STARLINK-5949,Distance STARLINK-1814 - STARLINK-6149,Distance STARLINK-1814 - STARLINK-31152,Distance STARLINK-1814 - STARLINK-4511,Distance STARLINK-1814 - STARLINK-4172,Distance STARLINK-1814 - STARLINK-1645,Distance STARLINK-1814 - STARLINK-30604,Distance STARLINK-1814 - STARLINK-5600,Distance STARLINK-1814 - STARLINK-3526,Distance STARLINK-1814 - STARLINK-2434,Distance STARLINK-1814 - STARLINK-30069,Distance STARLINK-1814 - STARLINK-31615,Distance STARLINK-1814 - STARLINK-5266,Distance STARLINK-1814 - STARLINK-4609,Distance STARLINK-1814 - MoonARTEMIS1,Distance STARLINK-1814 - MoonARTEMIS2,Distance STARLINK-1814 - MoonIOAGEO,Distance STARLINK-1814 - MoonIOAGNO,Distance STARLINK-1814 - MoonIOAGNO 0001,Distance STARLINK-1814 - MoonIOAGSO,Distance STARLINK-1814 - MoonIOAGSO 0001,Distance STARLINK-1814 - MoonLRO,Distance STARLINK-1814 - MarsSat1,Distance STARLINK-1814 - MarsSat2,Distance STARLINK-1814 - MarsSat3,Distance STARLINK-1814 - MarsSat4,Distance STARLINK-6065 - STARLINK-4622,Distance STARLINK-6065 - STARLINK-31935,Distance STARLINK-6065 - STARLINK-1829,Distance STARLINK-6065 - STARLINK-31618,Distance STARLINK-6065 - STARLINK-5747,Distance STARLINK-6065 - STARLINK-5753,Distance STARLINK-6065 - STARLINK-1176,Distance STARLINK-6065 - STARLINK-4698,Distance STARLINK-6065 - STARLINK-4344,Distance STARLINK-6065 - STARLINK-4547,Distance STARLINK-6065 - STARLINK-31192,Distance STARLINK-6065 - STARLINK-11225 [DTC],Distance STARLINK-6065 - STARLINK-4390,Distance STARLINK-6065 - STARLINK-5528,Distance STARLINK-6065 - STARLINK-31373,Distance STARLINK-6065 - STARLINK-3613,Distance STARLINK-6065 - STARLINK-4470,Distance STARLINK-6065 - STARLINK-2301,Distance STARLINK-6065 - STARLINK-4154,Distance STARLINK-6065 - STARLINK-1980,Distance STARLINK-6065 - STARLINK-3647,Distance STARLINK-6065 - STARLINK-3419,Distance STARLINK-6065 - STARLINK-30240,Distance STARLINK-6065 - STARLINK-31295,Distance STARLINK-6065 - STARLINK-30778,Distance STARLINK-6065 - STARLINK-30310,Distance STARLINK-6065 - STARLINK-2491,Distance STARLINK-6065 - STARLINK-30960,Distance STARLINK-6065 - STARLINK-5988,Distance STARLINK-6065 - STARLINK-5351,Distance STARLINK-6065 - STARLINK-1865,Distance STARLINK-6065 - STARLINK-2567,Distance STARLINK-6065 - STARLINK-2082,Distance STARLINK-6065 - STARLINK-2419,Distance STARLINK-6065 - STARLINK-3359,Distance STARLINK-6065 - STARLINK-31805,Distance STARLINK-6065 - STARLINK-31260,Distance STARLINK-6065 - STARLINK-30587,Distance STARLINK-6065 - STARLINK-30500,Distance STARLINK-6065 - STARLINK-1136,Distance STARLINK-6065 - STARLINK-3820,Distance STARLINK-6065 - STARLINK-5658,Distance STARLINK-6065 - STARLINK-30312,Distance STARLINK-6065 - STARLINK-30132,Distance STARLINK-6065 - STARLINK-3360,Distance STARLINK-6065 - STARLINK-3591,Distance STARLINK-6065 - STARLINK-6117,Distance STARLINK-6065 - STARLINK-31425,Distance STARLINK-6065 - STARLINK-5189,Distance STARLINK-6065 - STARLINK-6185,Distance STARLINK-6065 - STARLINK-2720,Distance STARLINK-6065 - STARLINK-1963,Distance STARLINK-6065 - STARLINK-31651,Distance STARLINK-6065 - STARLINK-1570,Distance STARLINK-6065 - STARLINK-4791,Distance STARLINK-6065 - STARLINK-4471,Distance STARLINK-6065 - STARLINK-5108,Distance STARLINK-6065 - STARLINK-31175,Distance STARLINK-6065 - STARLINK-3218,Distance STARLINK-6065 - STARLINK-31576,Distance STARLINK-6065 - STARLINK-1782,Distance STARLINK-6065 - STARLINK-5688,Distance STARLINK-6065 - STARLINK-5352,Distance STARLINK-6065 - STARLINK-5061,Distance STARLINK-6065 - STARLINK-1880,Distance STARLINK-6065 - STARLINK-11123 [DTC],Distance STARLINK-6065 - STARLINK-5949,Distance STARLINK-6065 - STARLINK-6149,Distance STARLINK-6065 - STARLINK-31152,Distance STARLINK-6065 - STARLINK-4511,Distance STARLINK-6065 - STARLINK-4172,Distance STARLINK-6065 - STARLINK-1645,Distance STARLINK-6065 - STARLINK-30604,Distance STARLINK-6065 - STARLINK-5600,Distance STARLINK-6065 - STARLINK-3526,Distance STARLINK-6065 - STARLINK-2434,Distance STARLINK-6065 - STARLINK-30069,Distance STARLINK-6065 - STARLINK-31615,Distance STARLINK-6065 - STARLINK-5266,Distance STARLINK-6065 - STARLINK-4609,Distance STARLINK-6065 - MoonARTEMIS1,Distance STARLINK-6065 - MoonARTEMIS2,Distance STARLINK-6065 - MoonIOAGEO,Distance STARLINK-6065 - MoonIOAGNO,Distance STARLINK-6065 - MoonIOAGNO 0001,Distance STARLINK-6065 - MoonIOAGSO,Distance STARLINK-6065 - MoonIOAGSO 0001,Distance STARLINK-6065 - MoonLRO,Distance STARLINK-6065 - MarsSat1,Distance STARLINK-6065 - MarsSat2,Distance STARLINK-6065 - MarsSat3,Distance STARLINK-6065 - MarsSat4,Distance STARLINK-4622 - STARLINK-31935,Distance STARLINK-4622 - STARLINK-1829,Distance STARLINK-4622 - STARLINK-31618,Distance STARLINK-4622 - STARLINK-5747,Distance STARLINK-4622 - STARLINK-5753,Distance STARLINK-4622 - STARLINK-1176,Distance STARLINK-4622 - STARLINK-4698,Distance STARLINK-4622 - STARLINK-4344,Distance STARLINK-4622 - STARLINK-4547,Distance STARLINK-4622 - STARLINK-31192,Distance STARLINK-4622 - STARLINK-11225 [DTC],Distance STARLINK-4622 - STARLINK-4390,Distance STARLINK-4622 - STARLINK-5528,Distance STARLINK-4622 - STARLINK-31373,Distance STARLINK-4622 - STARLINK-3613,Distance STARLINK-4622 - STARLINK-4470,Distance STARLINK-4622 - STARLINK-2301,Distance STARLINK-4622 - STARLINK-4154,Distance STARLINK-4622 - STARLINK-1980,Distance STARLINK-4622 - STARLINK-3647,Distance STARLINK-4622 - STARLINK-3419,Distance STARLINK-4622 - STARLINK-30240,Distance STARLINK-4622 - STARLINK-31295,Distance STARLINK-4622 - STARLINK-30778,Distance STARLINK-4622 - STARLINK-30310,Distance STARLINK-4622 - STARLINK-2491,Distance STARLINK-4622 - STARLINK-30960,Distance STARLINK-4622 - STARLINK-5988,Distance STARLINK-4622 - STARLINK-5351,Distance STARLINK-4622 - STARLINK-1865,Distance STARLINK-4622 - STARLINK-2567,Distance STARLINK-4622 - STARLINK-2082,Distance STARLINK-4622 - STARLINK-2419,Distance STARLINK-4622 - STARLINK-3359,Distance STARLINK-4622 - STARLINK-31805,Distance STARLINK-4622 - STARLINK-31260,Distance STARLINK-4622 - STARLINK-30587,Distance STARLINK-4622 - STARLINK-30500,Distance STARLINK-4622 - STARLINK-1136,Distance STARLINK-4622 - STARLINK-3820,Distance STARLINK-4622 - STARLINK-5658,Distance STARLINK-4622 - STARLINK-30312,Distance STARLINK-4622 - STARLINK-30132,Distance STARLINK-4622 - STARLINK-3360,Distance STARLINK-4622 - STARLINK-3591,Distance STARLINK-4622 - STARLINK-6117,Distance STARLINK-4622 - STARLINK-31425,Distance STARLINK-4622 - STARLINK-5189,Distance STARLINK-4622 - STARLINK-6185,Distance STARLINK-4622 - STARLINK-2720,Distance STARLINK-4622 - STARLINK-1963,Distance STARLINK-4622 - STARLINK-31651,Distance STARLINK-4622 - STARLINK-1570,Distance STARLINK-4622 - STARLINK-4791,Distance STARLINK-4622 - STARLINK-4471,Distance STARLINK-4622 - STARLINK-5108,Distance STARLINK-4622 - STARLINK-31175,Distance STARLINK-4622 - STARLINK-3218,Distance STARLINK-4622 - STARLINK-31576,Distance STARLINK-4622 - STARLINK-1782,Distance STARLINK-4622 - STARLINK-5688,Distance STARLINK-4622 - STARLINK-5352,Distance STARLINK-4622 - STARLINK-5061,Distance STARLINK-4622 - STARLINK-1880,Distance STARLINK-4622 - STARLINK-11123 [DTC],Distance STARLINK-4622 - STARLINK-5949,Distance STARLINK-4622 - STARLINK-6149,Distance STARLINK-4622 - STARLINK-31152,Distance STARLINK-4622 - STARLINK-4511,Distance STARLINK-4622 - STARLINK-4172,Distance STARLINK-4622 - STARLINK-1645,Distance STARLINK-4622 - STARLINK-30604,Distance STARLINK-4622 - STARLINK-5600,Distance STARLINK-4622 - STARLINK-3526,Distance STARLINK-4622 - STARLINK-2434,Distance STARLINK-4622 - STARLINK-30069,Distance STARLINK-4622 - STARLINK-31615,Distance STARLINK-4622 - STARLINK-5266,Distance STARLINK-4622 - STARLINK-4609,Distance STARLINK-4622 - MoonARTEMIS1,Distance STARLINK-4622 - MoonARTEMIS2,Distance STARLINK-4622 - MoonIOAGEO,Distance STARLINK-4622 - MoonIOAGNO,Distance STARLINK-4622 - MoonIOAGNO 0001,Distance STARLINK-4622 - MoonIOAGSO,Distance STARLINK-4622 - MoonIOAGSO 0001,Distance STARLINK-4622 - MoonLRO,Distance STARLINK-4622 - MarsSat1,Distance STARLINK-4622 - MarsSat2,Distance STARLINK-4622 - MarsSat3,Distance STARLINK-4622 - MarsSat4,Distance STARLINK-31935 - STARLINK-1829,Distance STARLINK-31935 - STARLINK-31618,Distance STARLINK-31935 - STARLINK-5747,Distance STARLINK-31935 - STARLINK-5753,Distance STARLINK-31935 - STARLINK-1176,Distance STARLINK-31935 - STARLINK-4698,Distance STARLINK-31935 - STARLINK-4344,Distance STARLINK-31935 - STARLINK-4547,Distance STARLINK-31935 - STARLINK-31192,Distance STARLINK-31935 - STARLINK-11225 [DTC],Distance STARLINK-31935 - STARLINK-4390,Distance STARLINK-31935 - STARLINK-5528,Distance STARLINK-31935 - STARLINK-31373,Distance STARLINK-31935 - STARLINK-3613,Distance STARLINK-31935 - STARLINK-4470,Distance STARLINK-31935 - STARLINK-2301,Distance STARLINK-31935 - STARLINK-4154,Distance STARLINK-31935 - STARLINK-1980,Distance STARLINK-31935 - STARLINK-3647,Distance STARLINK-31935 - STARLINK-3419,Distance STARLINK-31935 - STARLINK-30240,Distance STARLINK-31935 - STARLINK-31295,Distance STARLINK-31935 - STARLINK-30778,Distance STARLINK-31935 - STARLINK-30310,Distance STARLINK-31935 - STARLINK-2491,Distance STARLINK-31935 - STARLINK-30960,Distance STARLINK-31935 - STARLINK-5988,Distance STARLINK-31935 - STARLINK-5351,Distance STARLINK-31935 - STARLINK-1865,Distance STARLINK-31935 - STARLINK-2567,Distance STARLINK-31935 - STARLINK-2082,Distance STARLINK-31935 - STARLINK-2419,Distance STARLINK-31935 - STARLINK-3359,Distance STARLINK-31935 - STARLINK-31805,Distance STARLINK-31935 - STARLINK-31260,Distance STARLINK-31935 - STARLINK-30587,Distance STARLINK-31935 - STARLINK-30500,Distance STARLINK-31935 - STARLINK-1136,Distance STARLINK-31935 - STARLINK-3820,Distance STARLINK-31935 - STARLINK-5658,Distance STARLINK-31935 - STARLINK-30312,Distance STARLINK-31935 - STARLINK-30132,Distance STARLINK-31935 - STARLINK-3360,Distance STARLINK-31935 - STARLINK-3591,Distance STARLINK-31935 - STARLINK-6117,Distance STARLINK-31935 - STARLINK-31425,Distance STARLINK-31935 - STARLINK-5189,Distance STARLINK-31935 - STARLINK-6185,Distance STARLINK-31935 - STARLINK-2720,Distance STARLINK-31935 - STARLINK-1963,Distance STARLINK-31935 - STARLINK-31651,Distance STARLINK-31935 - STARLINK-1570,Distance STARLINK-31935 - STARLINK-4791,Distance STARLINK-31935 - STARLINK-4471,Distance STARLINK-31935 - STARLINK-5108,Distance STARLINK-31935 - STARLINK-31175,Distance STARLINK-31935 - STARLINK-3218,Distance STARLINK-31935 - STARLINK-31576,Distance STARLINK-31935 - STARLINK-1782,Distance STARLINK-31935 - STARLINK-5688,Distance STARLINK-31935 - STARLINK-5352,Distance STARLINK-31935 - STARLINK-5061,Distance STARLINK-31935 - STARLINK-1880,Distance STARLINK-31935 - STARLINK-11123 [DTC],Distance STARLINK-31935 - STARLINK-5949,Distance STARLINK-31935 - STARLINK-6149,Distance STARLINK-31935 - STARLINK-31152,Distance STARLINK-31935 - STARLINK-4511,Distance STARLINK-31935 - STARLINK-4172,Distance STARLINK-31935 - STARLINK-1645,Distance STARLINK-31935 - STARLINK-30604,Distance STARLINK-31935 - STARLINK-5600,Distance STARLINK-31935 - STARLINK-3526,Distance STARLINK-31935 - STARLINK-2434,Distance STARLINK-31935 - STARLINK-30069,Distance STARLINK-31935 - STARLINK-31615,Distance STARLINK-31935 - STARLINK-5266,Distance STARLINK-31935 - STARLINK-4609,Distance STARLINK-31935 - MoonARTEMIS1,Distance STARLINK-31935 - MoonARTEMIS2,Distance STARLINK-31935 - MoonIOAGEO,Distance STARLINK-31935 - MoonIOAGNO,Distance STARLINK-31935 - MoonIOAGNO 0001,Distance STARLINK-31935 - MoonIOAGSO,Distance STARLINK-31935 - MoonIOAGSO 0001,Distance STARLINK-31935 - MoonLRO,Distance STARLINK-31935 - MarsSat1,Distance STARLINK-31935 - MarsSat2,Distance STARLINK-31935 - MarsSat3,Distance STARLINK-31935 - MarsSat4,Distance STARLINK-1829 - STARLINK-31618,Distance STARLINK-1829 - STARLINK-5747,Distance STARLINK-1829 - STARLINK-5753,Distance STARLINK-1829 - STARLINK-1176,Distance STARLINK-1829 - STARLINK-4698,Distance STARLINK-1829 - STARLINK-4344,Distance STARLINK-1829 - STARLINK-4547,Distance STARLINK-1829 - STARLINK-31192,Distance STARLINK-1829 - STARLINK-11225 [DTC],Distance STARLINK-1829 - STARLINK-4390,Distance STARLINK-1829 - STARLINK-5528,Distance STARLINK-1829 - STARLINK-31373,Distance STARLINK-1829 - STARLINK-3613,Distance STARLINK-1829 - STARLINK-4470,Distance STARLINK-1829 - STARLINK-2301,Distance STARLINK-1829 - STARLINK-4154,Distance STARLINK-1829 - STARLINK-1980,Distance STARLINK-1829 - STARLINK-3647,Distance STARLINK-1829 - STARLINK-3419,Distance STARLINK-1829 - STARLINK-30240,Distance STARLINK-1829 - STARLINK-31295,Distance STARLINK-1829 - STARLINK-30778,Distance STARLINK-1829 - STARLINK-30310,Distance STARLINK-1829 - STARLINK-2491,Distance STARLINK-1829 - STARLINK-30960,Distance STARLINK-1829 - STARLINK-5988,Distance STARLINK-1829 - STARLINK-5351,Distance STARLINK-1829 - STARLINK-1865,Distance STARLINK-1829 - STARLINK-2567,Distance STARLINK-1829 - STARLINK-2082,Distance STARLINK-1829 - STARLINK-2419,Distance STARLINK-1829 - STARLINK-3359,Distance STARLINK-1829 - STARLINK-31805,Distance STARLINK-1829 - STARLINK-31260,Distance STARLINK-1829 - STARLINK-30587,Distance STARLINK-1829 - STARLINK-30500,Distance STARLINK-1829 - STARLINK-1136,Distance STARLINK-1829 - STARLINK-3820,Distance STARLINK-1829 - STARLINK-5658,Distance STARLINK-1829 - STARLINK-30312,Distance STARLINK-1829 - STARLINK-30132,Distance STARLINK-1829 - STARLINK-3360,Distance STARLINK-1829 - STARLINK-3591,Distance STARLINK-1829 - STARLINK-6117,Distance STARLINK-1829 - STARLINK-31425,Distance STARLINK-1829 - STARLINK-5189,Distance STARLINK-1829 - STARLINK-6185,Distance STARLINK-1829 - STARLINK-2720,Distance STARLINK-1829 - STARLINK-1963,Distance STARLINK-1829 - STARLINK-31651,Distance STARLINK-1829 - STARLINK-1570,Distance STARLINK-1829 - STARLINK-4791,Distance STARLINK-1829 - STARLINK-4471,Distance STARLINK-1829 - STARLINK-5108,Distance STARLINK-1829 - STARLINK-31175,Distance STARLINK-1829 - STARLINK-3218,Distance STARLINK-1829 - STARLINK-31576,Distance STARLINK-1829 - STARLINK-1782,Distance STARLINK-1829 - STARLINK-5688,Distance STARLINK-1829 - STARLINK-5352,Distance STARLINK-1829 - STARLINK-5061,Distance STARLINK-1829 - STARLINK-1880,Distance STARLINK-1829 - STARLINK-11123 [DTC],Distance STARLINK-1829 - STARLINK-5949,Distance STARLINK-1829 - STARLINK-6149,Distance STARLINK-1829 - STARLINK-31152,Distance STARLINK-1829 - STARLINK-4511,Distance STARLINK-1829 - STARLINK-4172,Distance STARLINK-1829 - STARLINK-1645,Distance STARLINK-1829 - STARLINK-30604,Distance STARLINK-1829 - STARLINK-5600,Distance STARLINK-1829 - STARLINK-3526,Distance STARLINK-1829 - STARLINK-2434,Distance STARLINK-1829 - STARLINK-30069,Distance STARLINK-1829 - STARLINK-31615,Distance STARLINK-1829 - STARLINK-5266,Distance STARLINK-1829 - STARLINK-4609,Distance STARLINK-1829 - MoonARTEMIS1,Distance STARLINK-1829 - MoonARTEMIS2,Distance STARLINK-1829 - MoonIOAGEO,Distance STARLINK-1829 - MoonIOAGNO,Distance STARLINK-1829 - MoonIOAGNO 0001,Distance STARLINK-1829 - MoonIOAGSO,Distance STARLINK-1829 - MoonIOAGSO 0001,Distance STARLINK-1829 - MoonLRO,Distance STARLINK-1829 - MarsSat1,Distance STARLINK-1829 - MarsSat2,Distance STARLINK-1829 - MarsSat3,Distance STARLINK-1829 - MarsSat4,Distance STARLINK-31618 - STARLINK-5747,Distance STARLINK-31618 - STARLINK-5753,Distance STARLINK-31618 - STARLINK-1176,Distance STARLINK-31618 - STARLINK-4698,Distance STARLINK-31618 - STARLINK-4344,Distance STARLINK-31618 - STARLINK-4547,Distance STARLINK-31618 - STARLINK-31192,Distance STARLINK-31618 - STARLINK-11225 [DTC],Distance STARLINK-31618 - STARLINK-4390,Distance STARLINK-31618 - STARLINK-5528,Distance STARLINK-31618 - STARLINK-31373,Distance STARLINK-31618 - STARLINK-3613,Distance STARLINK-31618 - STARLINK-4470,Distance STARLINK-31618 - STARLINK-2301,Distance STARLINK-31618 - STARLINK-4154,Distance STARLINK-31618 - STARLINK-1980,Distance STARLINK-31618 - STARLINK-3647,Distance STARLINK-31618 - STARLINK-3419,Distance STARLINK-31618 - STARLINK-30240,Distance STARLINK-31618 - STARLINK-31295,Distance STARLINK-31618 - STARLINK-30778,Distance STARLINK-31618 - STARLINK-30310,Distance STARLINK-31618 - STARLINK-2491,Distance STARLINK-31618 - STARLINK-30960,Distance STARLINK-31618 - STARLINK-5988,Distance STARLINK-31618 - STARLINK-5351,Distance STARLINK-31618 - STARLINK-1865,Distance STARLINK-31618 - STARLINK-2567,Distance STARLINK-31618 - STARLINK-2082,Distance STARLINK-31618 - STARLINK-2419,Distance STARLINK-31618 - STARLINK-3359,Distance STARLINK-31618 - STARLINK-31805,Distance STARLINK-31618 - STARLINK-31260,Distance STARLINK-31618 - STARLINK-30587,Distance STARLINK-31618 - STARLINK-30500,Distance STARLINK-31618 - STARLINK-1136,Distance STARLINK-31618 - STARLINK-3820,Distance STARLINK-31618 - STARLINK-5658,Distance STARLINK-31618 - STARLINK-30312,Distance STARLINK-31618 - STARLINK-30132,Distance STARLINK-31618 - STARLINK-3360,Distance STARLINK-31618 - STARLINK-3591,Distance STARLINK-31618 - STARLINK-6117,Distance STARLINK-31618 - STARLINK-31425,Distance STARLINK-31618 - STARLINK-5189,Distance STARLINK-31618 - STARLINK-6185,Distance STARLINK-31618 - STARLINK-2720,Distance STARLINK-31618 - STARLINK-1963,Distance STARLINK-31618 - STARLINK-31651,Distance STARLINK-31618 - STARLINK-1570,Distance STARLINK-31618 - STARLINK-4791,Distance STARLINK-31618 - STARLINK-4471,Distance STARLINK-31618 - STARLINK-5108,Distance STARLINK-31618 - STARLINK-31175,Distance STARLINK-31618 - STARLINK-3218,Distance STARLINK-31618 - STARLINK-31576,Distance STARLINK-31618 - STARLINK-1782,Distance STARLINK-31618 - STARLINK-5688,Distance STARLINK-31618 - STARLINK-5352,Distance STARLINK-31618 - STARLINK-5061,Distance STARLINK-31618 - STARLINK-1880,Distance STARLINK-31618 - STARLINK-11123 [DTC],Distance STARLINK-31618 - STARLINK-5949,Distance STARLINK-31618 - STARLINK-6149,Distance STARLINK-31618 - STARLINK-31152,Distance STARLINK-31618 - STARLINK-4511,Distance STARLINK-31618 - STARLINK-4172,Distance STARLINK-31618 - STARLINK-1645,Distance STARLINK-31618 - STARLINK-30604,Distance STARLINK-31618 - STARLINK-5600,Distance STARLINK-31618 - STARLINK-3526,Distance STARLINK-31618 - STARLINK-2434,Distance STARLINK-31618 - STARLINK-30069,Distance STARLINK-31618 - STARLINK-31615,Distance STARLINK-31618 - STARLINK-5266,Distance STARLINK-31618 - STARLINK-4609,Distance STARLINK-31618 - MoonARTEMIS1,Distance STARLINK-31618 - MoonARTEMIS2,Distance STARLINK-31618 - MoonIOAGEO,Distance STARLINK-31618 - MoonIOAGNO,Distance STARLINK-31618 - MoonIOAGNO 0001,Distance STARLINK-31618 - MoonIOAGSO,Distance STARLINK-31618 - MoonIOAGSO 0001,Distance STARLINK-31618 - MoonLRO,Distance STARLINK-31618 - MarsSat1,Distance STARLINK-31618 - MarsSat2,Distance STARLINK-31618 - MarsSat3,Distance STARLINK-31618 - MarsSat4,Distance STARLINK-5747 - STARLINK-5753,Distance STARLINK-5747 - STARLINK-1176,Distance STARLINK-5747 - STARLINK-4698,Distance STARLINK-5747 - STARLINK-4344,Distance STARLINK-5747 - STARLINK-4547,Distance STARLINK-5747 - STARLINK-31192,Distance STARLINK-5747 - STARLINK-11225 [DTC],Distance STARLINK-5747 - STARLINK-4390,Distance STARLINK-5747 - STARLINK-5528,Distance STARLINK-5747 - STARLINK-31373,Distance STARLINK-5747 - STARLINK-3613,Distance STARLINK-5747 - STARLINK-4470,Distance STARLINK-5747 - STARLINK-2301,Distance STARLINK-5747 - STARLINK-4154,Distance STARLINK-5747 - STARLINK-1980,Distance STARLINK-5747 - STARLINK-3647,Distance STARLINK-5747 - STARLINK-3419,Distance STARLINK-5747 - STARLINK-30240,Distance STARLINK-5747 - STARLINK-31295,Distance STARLINK-5747 - STARLINK-30778,Distance STARLINK-5747 - STARLINK-30310,Distance STARLINK-5747 - STARLINK-2491,Distance STARLINK-5747 - STARLINK-30960,Distance STARLINK-5747 - STARLINK-5988,Distance STARLINK-5747 - STARLINK-5351,Distance STARLINK-5747 - STARLINK-1865,Distance STARLINK-5747 - STARLINK-2567,Distance STARLINK-5747 - STARLINK-2082,Distance STARLINK-5747 - STARLINK-2419,Distance STARLINK-5747 - STARLINK-3359,Distance STARLINK-5747 - STARLINK-31805,Distance STARLINK-5747 - STARLINK-31260,Distance STARLINK-5747 - STARLINK-30587,Distance STARLINK-5747 - STARLINK-30500,Distance STARLINK-5747 - STARLINK-1136,Distance STARLINK-5747 - STARLINK-3820,Distance STARLINK-5747 - STARLINK-5658,Distance STARLINK-5747 - STARLINK-30312,Distance STARLINK-5747 - STARLINK-30132,Distance STARLINK-5747 - STARLINK-3360,Distance STARLINK-5747 - STARLINK-3591,Distance STARLINK-5747 - STARLINK-6117,Distance STARLINK-5747 - STARLINK-31425,Distance STARLINK-5747 - STARLINK-5189,Distance STARLINK-5747 - STARLINK-6185,Distance STARLINK-5747 - STARLINK-2720,Distance STARLINK-5747 - STARLINK-1963,Distance STARLINK-5747 - STARLINK-31651,Distance STARLINK-5747 - STARLINK-1570,Distance STARLINK-5747 - STARLINK-4791,Distance STARLINK-5747 - STARLINK-4471,Distance STARLINK-5747 - STARLINK-5108,Distance STARLINK-5747 - STARLINK-31175,Distance STARLINK-5747 - STARLINK-3218,Distance STARLINK-5747 - STARLINK-31576,Distance STARLINK-5747 - STARLINK-1782,Distance STARLINK-5747 - STARLINK-5688,Distance STARLINK-5747 - STARLINK-5352,Distance STARLINK-5747 - STARLINK-5061,Distance STARLINK-5747 - STARLINK-1880,Distance STARLINK-5747 - STARLINK-11123 [DTC],Distance STARLINK-5747 - STARLINK-5949,Distance STARLINK-5747 - STARLINK-6149,Distance STARLINK-5747 - STARLINK-31152,Distance STARLINK-5747 - STARLINK-4511,Distance STARLINK-5747 - STARLINK-4172,Distance STARLINK-5747 - STARLINK-1645,Distance STARLINK-5747 - STARLINK-30604,Distance STARLINK-5747 - STARLINK-5600,Distance STARLINK-5747 - STARLINK-3526,Distance STARLINK-5747 - STARLINK-2434,Distance STARLINK-5747 - STARLINK-30069,Distance STARLINK-5747 - STARLINK-31615,Distance STARLINK-5747 - STARLINK-5266,Distance STARLINK-5747 - STARLINK-4609,Distance STARLINK-5747 - MoonARTEMIS1,Distance STARLINK-5747 - MoonARTEMIS2,Distance STARLINK-5747 - MoonIOAGEO,Distance STARLINK-5747 - MoonIOAGNO,Distance STARLINK-5747 - MoonIOAGNO 0001,Distance STARLINK-5747 - MoonIOAGSO,Distance STARLINK-5747 - MoonIOAGSO 0001,Distance STARLINK-5747 - MoonLRO,Distance STARLINK-5747 - MarsSat1,Distance STARLINK-5747 - MarsSat2,Distance STARLINK-5747 - MarsSat3,Distance STARLINK-5747 - MarsSat4,Distance STARLINK-5753 - STARLINK-1176,Distance STARLINK-5753 - STARLINK-4698,Distance STARLINK-5753 - STARLINK-4344,Distance STARLINK-5753 - STARLINK-4547,Distance STARLINK-5753 - STARLINK-31192,Distance STARLINK-5753 - STARLINK-11225 [DTC],Distance STARLINK-5753 - STARLINK-4390,Distance STARLINK-5753 - STARLINK-5528,Distance STARLINK-5753 - STARLINK-31373,Distance STARLINK-5753 - STARLINK-3613,Distance STARLINK-5753 - STARLINK-4470,Distance STARLINK-5753 - STARLINK-2301,Distance STARLINK-5753 - STARLINK-4154,Distance STARLINK-5753 - STARLINK-1980,Distance STARLINK-5753 - STARLINK-3647,Distance STARLINK-5753 - STARLINK-3419,Distance STARLINK-5753 - STARLINK-30240,Distance STARLINK-5753 - STARLINK-31295,Distance STARLINK-5753 - STARLINK-30778,Distance STARLINK-5753 - STARLINK-30310,Distance STARLINK-5753 - STARLINK-2491,Distance STARLINK-5753 - STARLINK-30960,Distance STARLINK-5753 - STARLINK-5988,Distance STARLINK-5753 - STARLINK-5351,Distance STARLINK-5753 - STARLINK-1865,Distance STARLINK-5753 - STARLINK-2567,Distance STARLINK-5753 - STARLINK-2082,Distance STARLINK-5753 - STARLINK-2419,Distance STARLINK-5753 - STARLINK-3359,Distance STARLINK-5753 - STARLINK-31805,Distance STARLINK-5753 - STARLINK-31260,Distance STARLINK-5753 - STARLINK-30587,Distance STARLINK-5753 - STARLINK-30500,Distance STARLINK-5753 - STARLINK-1136,Distance STARLINK-5753 - STARLINK-3820,Distance STARLINK-5753 - STARLINK-5658,Distance STARLINK-5753 - STARLINK-30312,Distance STARLINK-5753 - STARLINK-30132,Distance STARLINK-5753 - STARLINK-3360,Distance STARLINK-5753 - STARLINK-3591,Distance STARLINK-5753 - STARLINK-6117,Distance STARLINK-5753 - STARLINK-31425,Distance STARLINK-5753 - STARLINK-5189,Distance STARLINK-5753 - STARLINK-6185,Distance STARLINK-5753 - STARLINK-2720,Distance STARLINK-5753 - STARLINK-1963,Distance STARLINK-5753 - STARLINK-31651,Distance STARLINK-5753 - STARLINK-1570,Distance STARLINK-5753 - STARLINK-4791,Distance STARLINK-5753 - STARLINK-4471,Distance STARLINK-5753 - STARLINK-5108,Distance STARLINK-5753 - STARLINK-31175,Distance STARLINK-5753 - STARLINK-3218,Distance STARLINK-5753 - STARLINK-31576,Distance STARLINK-5753 - STARLINK-1782,Distance STARLINK-5753 - STARLINK-5688,Distance STARLINK-5753 - STARLINK-5352,Distance STARLINK-5753 - STARLINK-5061,Distance STARLINK-5753 - STARLINK-1880,Distance STARLINK-5753 - STARLINK-11123 [DTC],Distance STARLINK-5753 - STARLINK-5949,Distance STARLINK-5753 - STARLINK-6149,Distance STARLINK-5753 - STARLINK-31152,Distance STARLINK-5753 - STARLINK-4511,Distance STARLINK-5753 - STARLINK-4172,Distance STARLINK-5753 - STARLINK-1645,Distance STARLINK-5753 - STARLINK-30604,Distance STARLINK-5753 - STARLINK-5600,Distance STARLINK-5753 - STARLINK-3526,Distance STARLINK-5753 - STARLINK-2434,Distance STARLINK-5753 - STARLINK-30069,Distance STARLINK-5753 - STARLINK-31615,Distance STARLINK-5753 - STARLINK-5266,Distance STARLINK-5753 - STARLINK-4609,Distance STARLINK-5753 - MoonARTEMIS1,Distance STARLINK-5753 - MoonARTEMIS2,Distance STARLINK-5753 - MoonIOAGEO,Distance STARLINK-5753 - MoonIOAGNO,Distance STARLINK-5753 - MoonIOAGNO 0001,Distance STARLINK-5753 - MoonIOAGSO,Distance STARLINK-5753 - MoonIOAGSO 0001,Distance STARLINK-5753 - MoonLRO,Distance STARLINK-5753 - MarsSat1,Distance STARLINK-5753 - MarsSat2,Distance STARLINK-5753 - MarsSat3,Distance STARLINK-5753 - MarsSat4,Distance STARLINK-1176 - STARLINK-4698,Distance STARLINK-1176 - STARLINK-4344,Distance STARLINK-1176 - STARLINK-4547,Distance STARLINK-1176 - STARLINK-31192,Distance STARLINK-1176 - STARLINK-11225 [DTC],Distance STARLINK-1176 - STARLINK-4390,Distance STARLINK-1176 - STARLINK-5528,Distance STARLINK-1176 - STARLINK-31373,Distance STARLINK-1176 - STARLINK-3613,Distance STARLINK-1176 - STARLINK-4470,Distance STARLINK-1176 - STARLINK-2301,Distance STARLINK-1176 - STARLINK-4154,Distance STARLINK-1176 - STARLINK-1980,Distance STARLINK-1176 - STARLINK-3647,Distance STARLINK-1176 - STARLINK-3419,Distance STARLINK-1176 - STARLINK-30240,Distance STARLINK-1176 - STARLINK-31295,Distance STARLINK-1176 - STARLINK-30778,Distance STARLINK-1176 - STARLINK-30310,Distance STARLINK-1176 - STARLINK-2491,Distance STARLINK-1176 - STARLINK-30960,Distance STARLINK-1176 - STARLINK-5988,Distance STARLINK-1176 - STARLINK-5351,Distance STARLINK-1176 - STARLINK-1865,Distance STARLINK-1176 - STARLINK-2567,Distance STARLINK-1176 - STARLINK-2082,Distance STARLINK-1176 - STARLINK-2419,Distance STARLINK-1176 - STARLINK-3359,Distance STARLINK-1176 - STARLINK-31805,Distance STARLINK-1176 - STARLINK-31260,Distance STARLINK-1176 - STARLINK-30587,Distance STARLINK-1176 - STARLINK-30500,Distance STARLINK-1176 - STARLINK-1136,Distance STARLINK-1176 - STARLINK-3820,Distance STARLINK-1176 - STARLINK-5658,Distance STARLINK-1176 - STARLINK-30312,Distance STARLINK-1176 - STARLINK-30132,Distance STARLINK-1176 - STARLINK-3360,Distance STARLINK-1176 - STARLINK-3591,Distance STARLINK-1176 - STARLINK-6117,Distance STARLINK-1176 - STARLINK-31425,Distance STARLINK-1176 - STARLINK-5189,Distance STARLINK-1176 - STARLINK-6185,Distance STARLINK-1176 - STARLINK-2720,Distance STARLINK-1176 - STARLINK-1963,Distance STARLINK-1176 - STARLINK-31651,Distance STARLINK-1176 - STARLINK-1570,Distance STARLINK-1176 - STARLINK-4791,Distance STARLINK-1176 - STARLINK-4471,Distance STARLINK-1176 - STARLINK-5108,Distance STARLINK-1176 - STARLINK-31175,Distance STARLINK-1176 - STARLINK-3218,Distance STARLINK-1176 - STARLINK-31576,Distance STARLINK-1176 - STARLINK-1782,Distance STARLINK-1176 - STARLINK-5688,Distance STARLINK-1176 - STARLINK-5352,Distance STARLINK-1176 - STARLINK-5061,Distance STARLINK-1176 - STARLINK-1880,Distance STARLINK-1176 - STARLINK-11123 [DTC],Distance STARLINK-1176 - STARLINK-5949,Distance STARLINK-1176 - STARLINK-6149,Distance STARLINK-1176 - STARLINK-31152,Distance STARLINK-1176 - STARLINK-4511,Distance STARLINK-1176 - STARLINK-4172,Distance STARLINK-1176 - STARLINK-1645,Distance STARLINK-1176 - STARLINK-30604,Distance STARLINK-1176 - STARLINK-5600,Distance STARLINK-1176 - STARLINK-3526,Distance STARLINK-1176 - STARLINK-2434,Distance STARLINK-1176 - STARLINK-30069,Distance STARLINK-1176 - STARLINK-31615,Distance STARLINK-1176 - STARLINK-5266,Distance STARLINK-1176 - STARLINK-4609,Distance STARLINK-1176 - MoonARTEMIS1,Distance STARLINK-1176 - MoonARTEMIS2,Distance STARLINK-1176 - MoonIOAGEO,Distance STARLINK-1176 - MoonIOAGNO,Distance STARLINK-1176 - MoonIOAGNO 0001,Distance STARLINK-1176 - MoonIOAGSO,Distance STARLINK-1176 - MoonIOAGSO 0001,Distance STARLINK-1176 - MoonLRO,Distance STARLINK-1176 - MarsSat1,Distance STARLINK-1176 - MarsSat2,Distance STARLINK-1176 - MarsSat3,Distance STARLINK-1176 - MarsSat4,Distance STARLINK-4698 - STARLINK-4344,Distance STARLINK-4698 - STARLINK-4547,Distance STARLINK-4698 - STARLINK-31192,Distance STARLINK-4698 - STARLINK-11225 [DTC],Distance STARLINK-4698 - STARLINK-4390,Distance STARLINK-4698 - STARLINK-5528,Distance STARLINK-4698 - STARLINK-31373,Distance STARLINK-4698 - STARLINK-3613,Distance STARLINK-4698 - STARLINK-4470,Distance STARLINK-4698 - STARLINK-2301,Distance STARLINK-4698 - STARLINK-4154,Distance STARLINK-4698 - STARLINK-1980,Distance STARLINK-4698 - STARLINK-3647,Distance STARLINK-4698 - STARLINK-3419,Distance STARLINK-4698 - STARLINK-30240,Distance STARLINK-4698 - STARLINK-31295,Distance STARLINK-4698 - STARLINK-30778,Distance STARLINK-4698 - STARLINK-30310,Distance STARLINK-4698 - STARLINK-2491,Distance STARLINK-4698 - STARLINK-30960,Distance STARLINK-4698 - STARLINK-5988,Distance STARLINK-4698 - STARLINK-5351,Distance STARLINK-4698 - STARLINK-1865,Distance STARLINK-4698 - STARLINK-2567,Distance STARLINK-4698 - STARLINK-2082,Distance STARLINK-4698 - STARLINK-2419,Distance STARLINK-4698 - STARLINK-3359,Distance STARLINK-4698 - STARLINK-31805,Distance STARLINK-4698 - STARLINK-31260,Distance STARLINK-4698 - STARLINK-30587,Distance STARLINK-4698 - STARLINK-30500,Distance STARLINK-4698 - STARLINK-1136,Distance STARLINK-4698 - STARLINK-3820,Distance STARLINK-4698 - STARLINK-5658,Distance STARLINK-4698 - STARLINK-30312,Distance STARLINK-4698 - STARLINK-30132,Distance STARLINK-4698 - STARLINK-3360,Distance STARLINK-4698 - STARLINK-3591,Distance STARLINK-4698 - STARLINK-6117,Distance STARLINK-4698 - STARLINK-31425,Distance STARLINK-4698 - STARLINK-5189,Distance STARLINK-4698 - STARLINK-6185,Distance STARLINK-4698 - STARLINK-2720,Distance STARLINK-4698 - STARLINK-1963,Distance STARLINK-4698 - STARLINK-31651,Distance STARLINK-4698 - STARLINK-1570,Distance STARLINK-4698 - STARLINK-4791,Distance STARLINK-4698 - STARLINK-4471,Distance STARLINK-4698 - STARLINK-5108,Distance STARLINK-4698 - STARLINK-31175,Distance STARLINK-4698 - STARLINK-3218,Distance STARLINK-4698 - STARLINK-31576,Distance STARLINK-4698 - STARLINK-1782,Distance STARLINK-4698 - STARLINK-5688,Distance STARLINK-4698 - STARLINK-5352,Distance STARLINK-4698 - STARLINK-5061,Distance STARLINK-4698 - STARLINK-1880,Distance STARLINK-4698 - STARLINK-11123 [DTC],Distance STARLINK-4698 - STARLINK-5949,Distance STARLINK-4698 - STARLINK-6149,Distance STARLINK-4698 - STARLINK-31152,Distance STARLINK-4698 - STARLINK-4511,Distance STARLINK-4698 - STARLINK-4172,Distance STARLINK-4698 - STARLINK-1645,Distance STARLINK-4698 - STARLINK-30604,Distance STARLINK-4698 - STARLINK-5600,Distance STARLINK-4698 - STARLINK-3526,Distance STARLINK-4698 - STARLINK-2434,Distance STARLINK-4698 - STARLINK-30069,Distance STARLINK-4698 - STARLINK-31615,Distance STARLINK-4698 - STARLINK-5266,Distance STARLINK-4698 - STARLINK-4609,Distance STARLINK-4698 - MoonARTEMIS1,Distance STARLINK-4698 - MoonARTEMIS2,Distance STARLINK-4698 - MoonIOAGEO,Distance STARLINK-4698 - MoonIOAGNO,Distance STARLINK-4698 - MoonIOAGNO 0001,Distance STARLINK-4698 - MoonIOAGSO,Distance STARLINK-4698 - MoonIOAGSO 0001,Distance STARLINK-4698 - MoonLRO,Distance STARLINK-4698 - MarsSat1,Distance STARLINK-4698 - MarsSat2,Distance STARLINK-4698 - MarsSat3,Distance STARLINK-4698 - MarsSat4,Distance STARLINK-4344 - STARLINK-4547,Distance STARLINK-4344 - STARLINK-31192,Distance STARLINK-4344 - STARLINK-11225 [DTC],Distance STARLINK-4344 - STARLINK-4390,Distance STARLINK-4344 - STARLINK-5528,Distance STARLINK-4344 - STARLINK-31373,Distance STARLINK-4344 - STARLINK-3613,Distance STARLINK-4344 - STARLINK-4470,Distance STARLINK-4344 - STARLINK-2301,Distance STARLINK-4344 - STARLINK-4154,Distance STARLINK-4344 - STARLINK-1980,Distance STARLINK-4344 - STARLINK-3647,Distance STARLINK-4344 - STARLINK-3419,Distance STARLINK-4344 - STARLINK-30240,Distance STARLINK-4344 - STARLINK-31295,Distance STARLINK-4344 - STARLINK-30778,Distance STARLINK-4344 - STARLINK-30310,Distance STARLINK-4344 - STARLINK-2491,Distance STARLINK-4344 - STARLINK-30960,Distance STARLINK-4344 - STARLINK-5988,Distance STARLINK-4344 - STARLINK-5351,Distance STARLINK-4344 - STARLINK-1865,Distance STARLINK-4344 - STARLINK-2567,Distance STARLINK-4344 - STARLINK-2082,Distance STARLINK-4344 - STARLINK-2419,Distance STARLINK-4344 - STARLINK-3359,Distance STARLINK-4344 - STARLINK-31805,Distance STARLINK-4344 - STARLINK-31260,Distance STARLINK-4344 - STARLINK-30587,Distance STARLINK-4344 - STARLINK-30500,Distance STARLINK-4344 - STARLINK-1136,Distance STARLINK-4344 - STARLINK-3820,Distance STARLINK-4344 - STARLINK-5658,Distance STARLINK-4344 - STARLINK-30312,Distance STARLINK-4344 - STARLINK-30132,Distance STARLINK-4344 - STARLINK-3360,Distance STARLINK-4344 - STARLINK-3591,Distance STARLINK-4344 - STARLINK-6117,Distance STARLINK-4344 - STARLINK-31425,Distance STARLINK-4344 - STARLINK-5189,Distance STARLINK-4344 - STARLINK-6185,Distance STARLINK-4344 - STARLINK-2720,Distance STARLINK-4344 - STARLINK-1963,Distance STARLINK-4344 - STARLINK-31651,Distance STARLINK-4344 - STARLINK-1570,Distance STARLINK-4344 - STARLINK-4791,Distance STARLINK-4344 - STARLINK-4471,Distance STARLINK-4344 - STARLINK-5108,Distance STARLINK-4344 - STARLINK-31175,Distance STARLINK-4344 - STARLINK-3218,Distance STARLINK-4344 - STARLINK-31576,Distance STARLINK-4344 - STARLINK-1782,Distance STARLINK-4344 - STARLINK-5688,Distance STARLINK-4344 - STARLINK-5352,Distance STARLINK-4344 - STARLINK-5061,Distance STARLINK-4344 - STARLINK-1880,Distance STARLINK-4344 - STARLINK-11123 [DTC],Distance STARLINK-4344 - STARLINK-5949,Distance STARLINK-4344 - STARLINK-6149,Distance STARLINK-4344 - STARLINK-31152,Distance STARLINK-4344 - STARLINK-4511,Distance STARLINK-4344 - STARLINK-4172,Distance STARLINK-4344 - STARLINK-1645,Distance STARLINK-4344 - STARLINK-30604,Distance STARLINK-4344 - STARLINK-5600,Distance STARLINK-4344 - STARLINK-3526,Distance STARLINK-4344 - STARLINK-2434,Distance STARLINK-4344 - STARLINK-30069,Distance STARLINK-4344 - STARLINK-31615,Distance STARLINK-4344 - STARLINK-5266,Distance STARLINK-4344 - STARLINK-4609,Distance STARLINK-4344 - MoonARTEMIS1,Distance STARLINK-4344 - MoonARTEMIS2,Distance STARLINK-4344 - MoonIOAGEO,Distance STARLINK-4344 - MoonIOAGNO,Distance STARLINK-4344 - MoonIOAGNO 0001,Distance STARLINK-4344 - MoonIOAGSO,Distance STARLINK-4344 - MoonIOAGSO 0001,Distance STARLINK-4344 - MoonLRO,Distance STARLINK-4344 - MarsSat1,Distance STARLINK-4344 - MarsSat2,Distance STARLINK-4344 - MarsSat3,Distance STARLINK-4344 - MarsSat4,Distance STARLINK-4547 - STARLINK-31192,Distance STARLINK-4547 - STARLINK-11225 [DTC],Distance STARLINK-4547 - STARLINK-4390,Distance STARLINK-4547 - STARLINK-5528,Distance STARLINK-4547 - STARLINK-31373,Distance STARLINK-4547 - STARLINK-3613,Distance STARLINK-4547 - STARLINK-4470,Distance STARLINK-4547 - STARLINK-2301,Distance STARLINK-4547 - STARLINK-4154,Distance STARLINK-4547 - STARLINK-1980,Distance STARLINK-4547 - STARLINK-3647,Distance STARLINK-4547 - STARLINK-3419,Distance STARLINK-4547 - STARLINK-30240,Distance STARLINK-4547 - STARLINK-31295,Distance STARLINK-4547 - STARLINK-30778,Distance STARLINK-4547 - STARLINK-30310,Distance STARLINK-4547 - STARLINK-2491,Distance STARLINK-4547 - STARLINK-30960,Distance STARLINK-4547 - STARLINK-5988,Distance STARLINK-4547 - STARLINK-5351,Distance STARLINK-4547 - STARLINK-1865,Distance STARLINK-4547 - STARLINK-2567,Distance STARLINK-4547 - STARLINK-2082,Distance STARLINK-4547 - STARLINK-2419,Distance STARLINK-4547 - STARLINK-3359,Distance STARLINK-4547 - STARLINK-31805,Distance STARLINK-4547 - STARLINK-31260,Distance STARLINK-4547 - STARLINK-30587,Distance STARLINK-4547 - STARLINK-30500,Distance STARLINK-4547 - STARLINK-1136,Distance STARLINK-4547 - STARLINK-3820,Distance STARLINK-4547 - STARLINK-5658,Distance STARLINK-4547 - STARLINK-30312,Distance STARLINK-4547 - STARLINK-30132,Distance STARLINK-4547 - STARLINK-3360,Distance STARLINK-4547 - STARLINK-3591,Distance STARLINK-4547 - STARLINK-6117,Distance STARLINK-4547 - STARLINK-31425,Distance STARLINK-4547 - STARLINK-5189,Distance STARLINK-4547 - STARLINK-6185,Distance STARLINK-4547 - STARLINK-2720,Distance STARLINK-4547 - STARLINK-1963,Distance STARLINK-4547 - STARLINK-31651,Distance STARLINK-4547 - STARLINK-1570,Distance STARLINK-4547 - STARLINK-4791,Distance STARLINK-4547 - STARLINK-4471,Distance STARLINK-4547 - STARLINK-5108,Distance STARLINK-4547 - STARLINK-31175,Distance STARLINK-4547 - STARLINK-3218,Distance STARLINK-4547 - STARLINK-31576,Distance STARLINK-4547 - STARLINK-1782,Distance STARLINK-4547 - STARLINK-5688,Distance STARLINK-4547 - STARLINK-5352,Distance STARLINK-4547 - STARLINK-5061,Distance STARLINK-4547 - STARLINK-1880,Distance STARLINK-4547 - STARLINK-11123 [DTC],Distance STARLINK-4547 - STARLINK-5949,Distance STARLINK-4547 - STARLINK-6149,Distance STARLINK-4547 - STARLINK-31152,Distance STARLINK-4547 - STARLINK-4511,Distance STARLINK-4547 - STARLINK-4172,Distance STARLINK-4547 - STARLINK-1645,Distance STARLINK-4547 - STARLINK-30604,Distance STARLINK-4547 - STARLINK-5600,Distance STARLINK-4547 - STARLINK-3526,Distance STARLINK-4547 - STARLINK-2434,Distance STARLINK-4547 - STARLINK-30069,Distance STARLINK-4547 - STARLINK-31615,Distance STARLINK-4547 - STARLINK-5266,Distance STARLINK-4547 - STARLINK-4609,Distance STARLINK-4547 - MoonARTEMIS1,Distance STARLINK-4547 - MoonARTEMIS2,Distance STARLINK-4547 - MoonIOAGEO,Distance STARLINK-4547 - MoonIOAGNO,Distance STARLINK-4547 - MoonIOAGNO 0001,Distance STARLINK-4547 - MoonIOAGSO,Distance STARLINK-4547 - MoonIOAGSO 0001,Distance STARLINK-4547 - MoonLRO,Distance STARLINK-4547 - MarsSat1,Distance STARLINK-4547 - MarsSat2,Distance STARLINK-4547 - MarsSat3,Distance STARLINK-4547 - MarsSat4,Distance STARLINK-31192 - STARLINK-11225 [DTC],Distance STARLINK-31192 - STARLINK-4390,Distance STARLINK-31192 - STARLINK-5528,Distance STARLINK-31192 - STARLINK-31373,Distance STARLINK-31192 - STARLINK-3613,Distance STARLINK-31192 - STARLINK-4470,Distance STARLINK-31192 - STARLINK-2301,Distance STARLINK-31192 - STARLINK-4154,Distance STARLINK-31192 - STARLINK-1980,Distance STARLINK-31192 - STARLINK-3647,Distance STARLINK-31192 - STARLINK-3419,Distance STARLINK-31192 - STARLINK-30240,Distance STARLINK-31192 - STARLINK-31295,Distance STARLINK-31192 - STARLINK-30778,Distance STARLINK-31192 - STARLINK-30310,Distance STARLINK-31192 - STARLINK-2491,Distance STARLINK-31192 - STARLINK-30960,Distance STARLINK-31192 - STARLINK-5988,Distance STARLINK-31192 - STARLINK-5351,Distance STARLINK-31192 - STARLINK-1865,Distance STARLINK-31192 - STARLINK-2567,Distance STARLINK-31192 - STARLINK-2082,Distance STARLINK-31192 - STARLINK-2419,Distance STARLINK-31192 - STARLINK-3359,Distance STARLINK-31192 - STARLINK-31805,Distance STARLINK-31192 - STARLINK-31260,Distance STARLINK-31192 - STARLINK-30587,Distance STARLINK-31192 - STARLINK-30500,Distance STARLINK-31192 - STARLINK-1136,Distance STARLINK-31192 - STARLINK-3820,Distance STARLINK-31192 - STARLINK-5658,Distance STARLINK-31192 - STARLINK-30312,Distance STARLINK-31192 - STARLINK-30132,Distance STARLINK-31192 - STARLINK-3360,Distance STARLINK-31192 - STARLINK-3591,Distance STARLINK-31192 - STARLINK-6117,Distance STARLINK-31192 - STARLINK-31425,Distance STARLINK-31192 - STARLINK-5189,Distance STARLINK-31192 - STARLINK-6185,Distance STARLINK-31192 - STARLINK-2720,Distance STARLINK-31192 - STARLINK-1963,Distance STARLINK-31192 - STARLINK-31651,Distance STARLINK-31192 - STARLINK-1570,Distance STARLINK-31192 - STARLINK-4791,Distance STARLINK-31192 - STARLINK-4471,Distance STARLINK-31192 - STARLINK-5108,Distance STARLINK-31192 - STARLINK-31175,Distance STARLINK-31192 - STARLINK-3218,Distance STARLINK-31192 - STARLINK-31576,Distance STARLINK-31192 - STARLINK-1782,Distance STARLINK-31192 - STARLINK-5688,Distance STARLINK-31192 - STARLINK-5352,Distance STARLINK-31192 - STARLINK-5061,Distance STARLINK-31192 - STARLINK-1880,Distance STARLINK-31192 - STARLINK-11123 [DTC],Distance STARLINK-31192 - STARLINK-5949,Distance STARLINK-31192 - STARLINK-6149,Distance STARLINK-31192 - STARLINK-31152,Distance STARLINK-31192 - STARLINK-4511,Distance STARLINK-31192 - STARLINK-4172,Distance STARLINK-31192 - STARLINK-1645,Distance STARLINK-31192 - STARLINK-30604,Distance STARLINK-31192 - STARLINK-5600,Distance STARLINK-31192 - STARLINK-3526,Distance STARLINK-31192 - STARLINK-2434,Distance STARLINK-31192 - STARLINK-30069,Distance STARLINK-31192 - STARLINK-31615,Distance STARLINK-31192 - STARLINK-5266,Distance STARLINK-31192 - STARLINK-4609,Distance STARLINK-31192 - MoonARTEMIS1,Distance STARLINK-31192 - MoonARTEMIS2,Distance STARLINK-31192 - MoonIOAGEO,Distance STARLINK-31192 - MoonIOAGNO,Distance STARLINK-31192 - MoonIOAGNO 0001,Distance STARLINK-31192 - MoonIOAGSO,Distance STARLINK-31192 - MoonIOAGSO 0001,Distance STARLINK-31192 - MoonLRO,Distance STARLINK-31192 - MarsSat1,Distance STARLINK-31192 - MarsSat2,Distance STARLINK-31192 - MarsSat3,Distance STARLINK-31192 - MarsSat4,Distance STARLINK-11225 [DTC] - STARLINK-4390,Distance STARLINK-11225 [DTC] - STARLINK-5528,Distance STARLINK-11225 [DTC] - STARLINK-31373,Distance STARLINK-11225 [DTC] - STARLINK-3613,Distance STARLINK-11225 [DTC] - STARLINK-4470,Distance STARLINK-11225 [DTC] - STARLINK-2301,Distance STARLINK-11225 [DTC] - STARLINK-4154,Distance STARLINK-11225 [DTC] - STARLINK-1980,Distance STARLINK-11225 [DTC] - STARLINK-3647,Distance STARLINK-11225 [DTC] - STARLINK-3419,Distance STARLINK-11225 [DTC] - STARLINK-30240,Distance STARLINK-11225 [DTC] - STARLINK-31295,Distance STARLINK-11225 [DTC] - STARLINK-30778,Distance STARLINK-11225 [DTC] - STARLINK-30310,Distance STARLINK-11225 [DTC] - STARLINK-2491,Distance STARLINK-11225 [DTC] - STARLINK-30960,Distance STARLINK-11225 [DTC] - STARLINK-5988,Distance STARLINK-11225 [DTC] - STARLINK-5351,Distance STARLINK-11225 [DTC] - STARLINK-1865,Distance STARLINK-11225 [DTC] - STARLINK-2567,Distance STARLINK-11225 [DTC] - STARLINK-2082,Distance STARLINK-11225 [DTC] - STARLINK-2419,Distance STARLINK-11225 [DTC] - STARLINK-3359,Distance STARLINK-11225 [DTC] - STARLINK-31805,Distance STARLINK-11225 [DTC] - STARLINK-31260,Distance STARLINK-11225 [DTC] - STARLINK-30587,Distance STARLINK-11225 [DTC] - STARLINK-30500,Distance STARLINK-11225 [DTC] - STARLINK-1136,Distance STARLINK-11225 [DTC] - STARLINK-3820,Distance STARLINK-11225 [DTC] - STARLINK-5658,Distance STARLINK-11225 [DTC] - STARLINK-30312,Distance STARLINK-11225 [DTC] - STARLINK-30132,Distance STARLINK-11225 [DTC] - STARLINK-3360,Distance STARLINK-11225 [DTC] - STARLINK-3591,Distance STARLINK-11225 [DTC] - STARLINK-6117,Distance STARLINK-11225 [DTC] - STARLINK-31425,Distance STARLINK-11225 [DTC] - STARLINK-5189,Distance STARLINK-11225 [DTC] - STARLINK-6185,Distance STARLINK-11225 [DTC] - STARLINK-2720,Distance STARLINK-11225 [DTC] - STARLINK-1963,Distance STARLINK-11225 [DTC] - STARLINK-31651,Distance STARLINK-11225 [DTC] - STARLINK-1570,Distance STARLINK-11225 [DTC] - STARLINK-4791,Distance STARLINK-11225 [DTC] - STARLINK-4471,Distance STARLINK-11225 [DTC] - STARLINK-5108,Distance STARLINK-11225 [DTC] - STARLINK-31175,Distance STARLINK-11225 [DTC] - STARLINK-3218,Distance STARLINK-11225 [DTC] - STARLINK-31576,Distance STARLINK-11225 [DTC] - STARLINK-1782,Distance STARLINK-11225 [DTC] - STARLINK-5688,Distance STARLINK-11225 [DTC] - STARLINK-5352,Distance STARLINK-11225 [DTC] - STARLINK-5061,Distance STARLINK-11225 [DTC] - STARLINK-1880,Distance STARLINK-11225 [DTC] - STARLINK-11123 [DTC],Distance STARLINK-11225 [DTC] - STARLINK-5949,Distance STARLINK-11225 [DTC] - STARLINK-6149,Distance STARLINK-11225 [DTC] - STARLINK-31152,Distance STARLINK-11225 [DTC] - STARLINK-4511,Distance STARLINK-11225 [DTC] - STARLINK-4172,Distance STARLINK-11225 [DTC] - STARLINK-1645,Distance STARLINK-11225 [DTC] - STARLINK-30604,Distance STARLINK-11225 [DTC] - STARLINK-5600,Distance STARLINK-11225 [DTC] - STARLINK-3526,Distance STARLINK-11225 [DTC] - STARLINK-2434,Distance STARLINK-11225 [DTC] - STARLINK-30069,Distance STARLINK-11225 [DTC] - STARLINK-31615,Distance STARLINK-11225 [DTC] - STARLINK-5266,Distance STARLINK-11225 [DTC] - STARLINK-4609,Distance STARLINK-11225 [DTC] - MoonARTEMIS1,Distance STARLINK-11225 [DTC] - MoonARTEMIS2,Distance STARLINK-11225 [DTC] - MoonIOAGEO,Distance STARLINK-11225 [DTC] - MoonIOAGNO,Distance STARLINK-11225 [DTC] - MoonIOAGNO 0001,Distance STARLINK-11225 [DTC] - MoonIOAGSO,Distance STARLINK-11225 [DTC] - MoonIOAGSO 0001,Distance STARLINK-11225 [DTC] - MoonLRO,Distance STARLINK-11225 [DTC] - MarsSat1,Distance STARLINK-11225 [DTC] - MarsSat2,Distance STARLINK-11225 [DTC] - MarsSat3,Distance STARLINK-11225 [DTC] - MarsSat4,Distance STARLINK-4390 - STARLINK-5528,Distance STARLINK-4390 - STARLINK-31373,Distance STARLINK-4390 - STARLINK-3613,Distance STARLINK-4390 - STARLINK-4470,Distance STARLINK-4390 - STARLINK-2301,Distance STARLINK-4390 - STARLINK-4154,Distance STARLINK-4390 - STARLINK-1980,Distance STARLINK-4390 - STARLINK-3647,Distance STARLINK-4390 - STARLINK-3419,Distance STARLINK-4390 - STARLINK-30240,Distance STARLINK-4390 - STARLINK-31295,Distance STARLINK-4390 - STARLINK-30778,Distance STARLINK-4390 - STARLINK-30310,Distance STARLINK-4390 - STARLINK-2491,Distance STARLINK-4390 - STARLINK-30960,Distance STARLINK-4390 - STARLINK-5988,Distance STARLINK-4390 - STARLINK-5351,Distance STARLINK-4390 - STARLINK-1865,Distance STARLINK-4390 - STARLINK-2567,Distance STARLINK-4390 - STARLINK-2082,Distance STARLINK-4390 - STARLINK-2419,Distance STARLINK-4390 - STARLINK-3359,Distance STARLINK-4390 - STARLINK-31805,Distance STARLINK-4390 - STARLINK-31260,Distance STARLINK-4390 - STARLINK-30587,Distance STARLINK-4390 - STARLINK-30500,Distance STARLINK-4390 - STARLINK-1136,Distance STARLINK-4390 - STARLINK-3820,Distance STARLINK-4390 - STARLINK-5658,Distance STARLINK-4390 - STARLINK-30312,Distance STARLINK-4390 - STARLINK-30132,Distance STARLINK-4390 - STARLINK-3360,Distance STARLINK-4390 - STARLINK-3591,Distance STARLINK-4390 - STARLINK-6117,Distance STARLINK-4390 - STARLINK-31425,Distance STARLINK-4390 - STARLINK-5189,Distance STARLINK-4390 - STARLINK-6185,Distance STARLINK-4390 - STARLINK-2720,Distance STARLINK-4390 - STARLINK-1963,Distance STARLINK-4390 - STARLINK-31651,Distance STARLINK-4390 - STARLINK-1570,Distance STARLINK-4390 - STARLINK-4791,Distance STARLINK-4390 - STARLINK-4471,Distance STARLINK-4390 - STARLINK-5108,Distance STARLINK-4390 - STARLINK-31175,Distance STARLINK-4390 - STARLINK-3218,Distance STARLINK-4390 - STARLINK-31576,Distance STARLINK-4390 - STARLINK-1782,Distance STARLINK-4390 - STARLINK-5688,Distance STARLINK-4390 - STARLINK-5352,Distance STARLINK-4390 - STARLINK-5061,Distance STARLINK-4390 - STARLINK-1880,Distance STARLINK-4390 - STARLINK-11123 [DTC],Distance STARLINK-4390 - STARLINK-5949,Distance STARLINK-4390 - STARLINK-6149,Distance STARLINK-4390 - STARLINK-31152,Distance STARLINK-4390 - STARLINK-4511,Distance STARLINK-4390 - STARLINK-4172,Distance STARLINK-4390 - STARLINK-1645,Distance STARLINK-4390 - STARLINK-30604,Distance STARLINK-4390 - STARLINK-5600,Distance STARLINK-4390 - STARLINK-3526,Distance STARLINK-4390 - STARLINK-2434,Distance STARLINK-4390 - STARLINK-30069,Distance STARLINK-4390 - STARLINK-31615,Distance STARLINK-4390 - STARLINK-5266,Distance STARLINK-4390 - STARLINK-4609,Distance STARLINK-4390 - MoonARTEMIS1,Distance STARLINK-4390 - MoonARTEMIS2,Distance STARLINK-4390 - MoonIOAGEO,Distance STARLINK-4390 - MoonIOAGNO,Distance STARLINK-4390 - MoonIOAGNO 0001,Distance STARLINK-4390 - MoonIOAGSO,Distance STARLINK-4390 - MoonIOAGSO 0001,Distance STARLINK-4390 - MoonLRO,Distance STARLINK-4390 - MarsSat1,Distance STARLINK-4390 - MarsSat2,Distance STARLINK-4390 - MarsSat3,Distance STARLINK-4390 - MarsSat4,Distance STARLINK-5528 - STARLINK-31373,Distance STARLINK-5528 - STARLINK-3613,Distance STARLINK-5528 - STARLINK-4470,Distance STARLINK-5528 - STARLINK-2301,Distance STARLINK-5528 - STARLINK-4154,Distance STARLINK-5528 - STARLINK-1980,Distance STARLINK-5528 - STARLINK-3647,Distance STARLINK-5528 - STARLINK-3419,Distance STARLINK-5528 - STARLINK-30240,Distance STARLINK-5528 - STARLINK-31295,Distance STARLINK-5528 - STARLINK-30778,Distance STARLINK-5528 - STARLINK-30310,Distance STARLINK-5528 - STARLINK-2491,Distance STARLINK-5528 - STARLINK-30960,Distance STARLINK-5528 - STARLINK-5988,Distance STARLINK-5528 - STARLINK-5351,Distance STARLINK-5528 - STARLINK-1865,Distance STARLINK-5528 - STARLINK-2567,Distance STARLINK-5528 - STARLINK-2082,Distance STARLINK-5528 - STARLINK-2419,Distance STARLINK-5528 - STARLINK-3359,Distance STARLINK-5528 - STARLINK-31805,Distance STARLINK-5528 - STARLINK-31260,Distance STARLINK-5528 - STARLINK-30587,Distance STARLINK-5528 - STARLINK-30500,Distance STARLINK-5528 - STARLINK-1136,Distance STARLINK-5528 - STARLINK-3820,Distance STARLINK-5528 - STARLINK-5658,Distance STARLINK-5528 - STARLINK-30312,Distance STARLINK-5528 - STARLINK-30132,Distance STARLINK-5528 - STARLINK-3360,Distance STARLINK-5528 - STARLINK-3591,Distance STARLINK-5528 - STARLINK-6117,Distance STARLINK-5528 - STARLINK-31425,Distance STARLINK-5528 - STARLINK-5189,Distance STARLINK-5528 - STARLINK-6185,Distance STARLINK-5528 - STARLINK-2720,Distance STARLINK-5528 - STARLINK-1963,Distance STARLINK-5528 - STARLINK-31651,Distance STARLINK-5528 - STARLINK-1570,Distance STARLINK-5528 - STARLINK-4791,Distance STARLINK-5528 - STARLINK-4471,Distance STARLINK-5528 - STARLINK-5108,Distance STARLINK-5528 - STARLINK-31175,Distance STARLINK-5528 - STARLINK-3218,Distance STARLINK-5528 - STARLINK-31576,Distance STARLINK-5528 - STARLINK-1782,Distance STARLINK-5528 - STARLINK-5688,Distance STARLINK-5528 - STARLINK-5352,Distance STARLINK-5528 - STARLINK-5061,Distance STARLINK-5528 - STARLINK-1880,Distance STARLINK-5528 - STARLINK-11123 [DTC],Distance STARLINK-5528 - STARLINK-5949,Distance STARLINK-5528 - STARLINK-6149,Distance STARLINK-5528 - STARLINK-31152,Distance STARLINK-5528 - STARLINK-4511,Distance STARLINK-5528 - STARLINK-4172,Distance STARLINK-5528 - STARLINK-1645,Distance STARLINK-5528 - STARLINK-30604,Distance STARLINK-5528 - STARLINK-5600,Distance STARLINK-5528 - STARLINK-3526,Distance STARLINK-5528 - STARLINK-2434,Distance STARLINK-5528 - STARLINK-30069,Distance STARLINK-5528 - STARLINK-31615,Distance STARLINK-5528 - STARLINK-5266,Distance STARLINK-5528 - STARLINK-4609,Distance STARLINK-5528 - MoonARTEMIS1,Distance STARLINK-5528 - MoonARTEMIS2,Distance STARLINK-5528 - MoonIOAGEO,Distance STARLINK-5528 - MoonIOAGNO,Distance STARLINK-5528 - MoonIOAGNO 0001,Distance STARLINK-5528 - MoonIOAGSO,Distance STARLINK-5528 - MoonIOAGSO 0001,Distance STARLINK-5528 - MoonLRO,Distance STARLINK-5528 - MarsSat1,Distance STARLINK-5528 - MarsSat2,Distance STARLINK-5528 - MarsSat3,Distance STARLINK-5528 - MarsSat4,Distance STARLINK-31373 - STARLINK-3613,Distance STARLINK-31373 - STARLINK-4470,Distance STARLINK-31373 - STARLINK-2301,Distance STARLINK-31373 - STARLINK-4154,Distance STARLINK-31373 - STARLINK-1980,Distance STARLINK-31373 - STARLINK-3647,Distance STARLINK-31373 - STARLINK-3419,Distance STARLINK-31373 - STARLINK-30240,Distance STARLINK-31373 - STARLINK-31295,Distance STARLINK-31373 - STARLINK-30778,Distance STARLINK-31373 - STARLINK-30310,Distance STARLINK-31373 - STARLINK-2491,Distance STARLINK-31373 - STARLINK-30960,Distance STARLINK-31373 - STARLINK-5988,Distance STARLINK-31373 - STARLINK-5351,Distance STARLINK-31373 - STARLINK-1865,Distance STARLINK-31373 - STARLINK-2567,Distance STARLINK-31373 - STARLINK-2082,Distance STARLINK-31373 - STARLINK-2419,Distance STARLINK-31373 - STARLINK-3359,Distance STARLINK-31373 - STARLINK-31805,Distance STARLINK-31373 - STARLINK-31260,Distance STARLINK-31373 - STARLINK-30587,Distance STARLINK-31373 - STARLINK-30500,Distance STARLINK-31373 - STARLINK-1136,Distance STARLINK-31373 - STARLINK-3820,Distance STARLINK-31373 - STARLINK-5658,Distance STARLINK-31373 - STARLINK-30312,Distance STARLINK-31373 - STARLINK-30132,Distance STARLINK-31373 - STARLINK-3360,Distance STARLINK-31373 - STARLINK-3591,Distance STARLINK-31373 - STARLINK-6117,Distance STARLINK-31373 - STARLINK-31425,Distance STARLINK-31373 - STARLINK-5189,Distance STARLINK-31373 - STARLINK-6185,Distance STARLINK-31373 - STARLINK-2720,Distance STARLINK-31373 - STARLINK-1963,Distance STARLINK-31373 - STARLINK-31651,Distance STARLINK-31373 - STARLINK-1570,Distance STARLINK-31373 - STARLINK-4791,Distance STARLINK-31373 - STARLINK-4471,Distance STARLINK-31373 - STARLINK-5108,Distance STARLINK-31373 - STARLINK-31175,Distance STARLINK-31373 - STARLINK-3218,Distance STARLINK-31373 - STARLINK-31576,Distance STARLINK-31373 - STARLINK-1782,Distance STARLINK-31373 - STARLINK-5688,Distance STARLINK-31373 - STARLINK-5352,Distance STARLINK-31373 - STARLINK-5061,Distance STARLINK-31373 - STARLINK-1880,Distance STARLINK-31373 - STARLINK-11123 [DTC],Distance STARLINK-31373 - STARLINK-5949,Distance STARLINK-31373 - STARLINK-6149,Distance STARLINK-31373 - STARLINK-31152,Distance STARLINK-31373 - STARLINK-4511,Distance STARLINK-31373 - STARLINK-4172,Distance STARLINK-31373 - STARLINK-1645,Distance STARLINK-31373 - STARLINK-30604,Distance STARLINK-31373 - STARLINK-5600,Distance STARLINK-31373 - STARLINK-3526,Distance STARLINK-31373 - STARLINK-2434,Distance STARLINK-31373 - STARLINK-30069,Distance STARLINK-31373 - STARLINK-31615,Distance STARLINK-31373 - STARLINK-5266,Distance STARLINK-31373 - STARLINK-4609,Distance STARLINK-31373 - MoonARTEMIS1,Distance STARLINK-31373 - MoonARTEMIS2,Distance STARLINK-31373 - MoonIOAGEO,Distance STARLINK-31373 - MoonIOAGNO,Distance STARLINK-31373 - MoonIOAGNO 0001,Distance STARLINK-31373 - MoonIOAGSO,Distance STARLINK-31373 - MoonIOAGSO 0001,Distance STARLINK-31373 - MoonLRO,Distance STARLINK-31373 - MarsSat1,Distance STARLINK-31373 - MarsSat2,Distance STARLINK-31373 - MarsSat3,Distance STARLINK-31373 - MarsSat4,Distance STARLINK-3613 - STARLINK-4470,Distance STARLINK-3613 - STARLINK-2301,Distance STARLINK-3613 - STARLINK-4154,Distance STARLINK-3613 - STARLINK-1980,Distance STARLINK-3613 - STARLINK-3647,Distance STARLINK-3613 - STARLINK-3419,Distance STARLINK-3613 - STARLINK-30240,Distance STARLINK-3613 - STARLINK-31295,Distance STARLINK-3613 - STARLINK-30778,Distance STARLINK-3613 - STARLINK-30310,Distance STARLINK-3613 - STARLINK-2491,Distance STARLINK-3613 - STARLINK-30960,Distance STARLINK-3613 - STARLINK-5988,Distance STARLINK-3613 - STARLINK-5351,Distance STARLINK-3613 - STARLINK-1865,Distance STARLINK-3613 - STARLINK-2567,Distance STARLINK-3613 - STARLINK-2082,Distance STARLINK-3613 - STARLINK-2419,Distance STARLINK-3613 - STARLINK-3359,Distance STARLINK-3613 - STARLINK-31805,Distance STARLINK-3613 - STARLINK-31260,Distance STARLINK-3613 - STARLINK-30587,Distance STARLINK-3613 - STARLINK-30500,Distance STARLINK-3613 - STARLINK-1136,Distance STARLINK-3613 - STARLINK-3820,Distance STARLINK-3613 - STARLINK-5658,Distance STARLINK-3613 - STARLINK-30312,Distance STARLINK-3613 - STARLINK-30132,Distance STARLINK-3613 - STARLINK-3360,Distance STARLINK-3613 - STARLINK-3591,Distance STARLINK-3613 - STARLINK-6117,Distance STARLINK-3613 - STARLINK-31425,Distance STARLINK-3613 - STARLINK-5189,Distance STARLINK-3613 - STARLINK-6185,Distance STARLINK-3613 - STARLINK-2720,Distance STARLINK-3613 - STARLINK-1963,Distance STARLINK-3613 - STARLINK-31651,Distance STARLINK-3613 - STARLINK-1570,Distance STARLINK-3613 - STARLINK-4791,Distance STARLINK-3613 - STARLINK-4471,Distance STARLINK-3613 - STARLINK-5108,Distance STARLINK-3613 - STARLINK-31175,Distance STARLINK-3613 - STARLINK-3218,Distance STARLINK-3613 - STARLINK-31576,Distance STARLINK-3613 - STARLINK-1782,Distance STARLINK-3613 - STARLINK-5688,Distance STARLINK-3613 - STARLINK-5352,Distance STARLINK-3613 - STARLINK-5061,Distance STARLINK-3613 - STARLINK-1880,Distance STARLINK-3613 - STARLINK-11123 [DTC],Distance STARLINK-3613 - STARLINK-5949,Distance STARLINK-3613 - STARLINK-6149,Distance STARLINK-3613 - STARLINK-31152,Distance STARLINK-3613 - STARLINK-4511,Distance STARLINK-3613 - STARLINK-4172,Distance STARLINK-3613 - STARLINK-1645,Distance STARLINK-3613 - STARLINK-30604,Distance STARLINK-3613 - STARLINK-5600,Distance STARLINK-3613 - STARLINK-3526,Distance STARLINK-3613 - STARLINK-2434,Distance STARLINK-3613 - STARLINK-30069,Distance STARLINK-3613 - STARLINK-31615,Distance STARLINK-3613 - STARLINK-5266,Distance STARLINK-3613 - STARLINK-4609,Distance STARLINK-3613 - MoonARTEMIS1,Distance STARLINK-3613 - MoonARTEMIS2,Distance STARLINK-3613 - MoonIOAGEO,Distance STARLINK-3613 - MoonIOAGNO,Distance STARLINK-3613 - MoonIOAGNO 0001,Distance STARLINK-3613 - MoonIOAGSO,Distance STARLINK-3613 - MoonIOAGSO 0001,Distance STARLINK-3613 - MoonLRO,Distance STARLINK-3613 - MarsSat1,Distance STARLINK-3613 - MarsSat2,Distance STARLINK-3613 - MarsSat3,Distance STARLINK-3613 - MarsSat4,Distance STARLINK-4470 - STARLINK-2301,Distance STARLINK-4470 - STARLINK-4154,Distance STARLINK-4470 - STARLINK-1980,Distance STARLINK-4470 - STARLINK-3647,Distance STARLINK-4470 - STARLINK-3419,Distance STARLINK-4470 - STARLINK-30240,Distance STARLINK-4470 - STARLINK-31295,Distance STARLINK-4470 - STARLINK-30778,Distance STARLINK-4470 - STARLINK-30310,Distance STARLINK-4470 - STARLINK-2491,Distance STARLINK-4470 - STARLINK-30960,Distance STARLINK-4470 - STARLINK-5988,Distance STARLINK-4470 - STARLINK-5351,Distance STARLINK-4470 - STARLINK-1865,Distance STARLINK-4470 - STARLINK-2567,Distance STARLINK-4470 - STARLINK-2082,Distance STARLINK-4470 - STARLINK-2419,Distance STARLINK-4470 - STARLINK-3359,Distance STARLINK-4470 - STARLINK-31805,Distance STARLINK-4470 - STARLINK-31260,Distance STARLINK-4470 - STARLINK-30587,Distance STARLINK-4470 - STARLINK-30500,Distance STARLINK-4470 - STARLINK-1136,Distance STARLINK-4470 - STARLINK-3820,Distance STARLINK-4470 - STARLINK-5658,Distance STARLINK-4470 - STARLINK-30312,Distance STARLINK-4470 - STARLINK-30132,Distance STARLINK-4470 - STARLINK-3360,Distance STARLINK-4470 - STARLINK-3591,Distance STARLINK-4470 - STARLINK-6117,Distance STARLINK-4470 - STARLINK-31425,Distance STARLINK-4470 - STARLINK-5189,Distance STARLINK-4470 - STARLINK-6185,Distance STARLINK-4470 - STARLINK-2720,Distance STARLINK-4470 - STARLINK-1963,Distance STARLINK-4470 - STARLINK-31651,Distance STARLINK-4470 - STARLINK-1570,Distance STARLINK-4470 - STARLINK-4791,Distance STARLINK-4470 - STARLINK-4471,Distance STARLINK-4470 - STARLINK-5108,Distance STARLINK-4470 - STARLINK-31175,Distance STARLINK-4470 - STARLINK-3218,Distance STARLINK-4470 - STARLINK-31576,Distance STARLINK-4470 - STARLINK-1782,Distance STARLINK-4470 - STARLINK-5688,Distance STARLINK-4470 - STARLINK-5352,Distance STARLINK-4470 - STARLINK-5061,Distance STARLINK-4470 - STARLINK-1880,Distance STARLINK-4470 - STARLINK-11123 [DTC],Distance STARLINK-4470 - STARLINK-5949,Distance STARLINK-4470 - STARLINK-6149,Distance STARLINK-4470 - STARLINK-31152,Distance STARLINK-4470 - STARLINK-4511,Distance STARLINK-4470 - STARLINK-4172,Distance STARLINK-4470 - STARLINK-1645,Distance STARLINK-4470 - STARLINK-30604,Distance STARLINK-4470 - STARLINK-5600,Distance STARLINK-4470 - STARLINK-3526,Distance STARLINK-4470 - STARLINK-2434,Distance STARLINK-4470 - STARLINK-30069,Distance STARLINK-4470 - STARLINK-31615,Distance STARLINK-4470 - STARLINK-5266,Distance STARLINK-4470 - STARLINK-4609,Distance STARLINK-4470 - MoonARTEMIS1,Distance STARLINK-4470 - MoonARTEMIS2,Distance STARLINK-4470 - MoonIOAGEO,Distance STARLINK-4470 - MoonIOAGNO,Distance STARLINK-4470 - MoonIOAGNO 0001,Distance STARLINK-4470 - MoonIOAGSO,Distance STARLINK-4470 - MoonIOAGSO 0001,Distance STARLINK-4470 - MoonLRO,Distance STARLINK-4470 - MarsSat1,Distance STARLINK-4470 - MarsSat2,Distance STARLINK-4470 - MarsSat3,Distance STARLINK-4470 - MarsSat4,Distance STARLINK-2301 - STARLINK-4154,Distance STARLINK-2301 - STARLINK-1980,Distance STARLINK-2301 - STARLINK-3647,Distance STARLINK-2301 - STARLINK-3419,Distance STARLINK-2301 - STARLINK-30240,Distance STARLINK-2301 - STARLINK-31295,Distance STARLINK-2301 - STARLINK-30778,Distance STARLINK-2301 - STARLINK-30310,Distance STARLINK-2301 - STARLINK-2491,Distance STARLINK-2301 - STARLINK-30960,Distance STARLINK-2301 - STARLINK-5988,Distance STARLINK-2301 - STARLINK-5351,Distance STARLINK-2301 - STARLINK-1865,Distance STARLINK-2301 - STARLINK-2567,Distance STARLINK-2301 - STARLINK-2082,Distance STARLINK-2301 - STARLINK-2419,Distance STARLINK-2301 - STARLINK-3359,Distance STARLINK-2301 - STARLINK-31805,Distance STARLINK-2301 - STARLINK-31260,Distance STARLINK-2301 - STARLINK-30587,Distance STARLINK-2301 - STARLINK-30500,Distance STARLINK-2301 - STARLINK-1136,Distance STARLINK-2301 - STARLINK-3820,Distance STARLINK-2301 - STARLINK-5658,Distance STARLINK-2301 - STARLINK-30312,Distance STARLINK-2301 - STARLINK-30132,Distance STARLINK-2301 - STARLINK-3360,Distance STARLINK-2301 - STARLINK-3591,Distance STARLINK-2301 - STARLINK-6117,Distance STARLINK-2301 - STARLINK-31425,Distance STARLINK-2301 - STARLINK-5189,Distance STARLINK-2301 - STARLINK-6185,Distance STARLINK-2301 - STARLINK-2720,Distance STARLINK-2301 - STARLINK-1963,Distance STARLINK-2301 - STARLINK-31651,Distance STARLINK-2301 - STARLINK-1570,Distance STARLINK-2301 - STARLINK-4791,Distance STARLINK-2301 - STARLINK-4471,Distance STARLINK-2301 - STARLINK-5108,Distance STARLINK-2301 - STARLINK-31175,Distance STARLINK-2301 - STARLINK-3218,Distance STARLINK-2301 - STARLINK-31576,Distance STARLINK-2301 - STARLINK-1782,Distance STARLINK-2301 - STARLINK-5688,Distance STARLINK-2301 - STARLINK-5352,Distance STARLINK-2301 - STARLINK-5061,Distance STARLINK-2301 - STARLINK-1880,Distance STARLINK-2301 - STARLINK-11123 [DTC],Distance STARLINK-2301 - STARLINK-5949,Distance STARLINK-2301 - STARLINK-6149,Distance STARLINK-2301 - STARLINK-31152,Distance STARLINK-2301 - STARLINK-4511,Distance STARLINK-2301 - STARLINK-4172,Distance STARLINK-2301 - STARLINK-1645,Distance STARLINK-2301 - STARLINK-30604,Distance STARLINK-2301 - STARLINK-5600,Distance STARLINK-2301 - STARLINK-3526,Distance STARLINK-2301 - STARLINK-2434,Distance STARLINK-2301 - STARLINK-30069,Distance STARLINK-2301 - STARLINK-31615,Distance STARLINK-2301 - STARLINK-5266,Distance STARLINK-2301 - STARLINK-4609,Distance STARLINK-2301 - MoonARTEMIS1,Distance STARLINK-2301 - MoonARTEMIS2,Distance STARLINK-2301 - MoonIOAGEO,Distance STARLINK-2301 - MoonIOAGNO,Distance STARLINK-2301 - MoonIOAGNO 0001,Distance STARLINK-2301 - MoonIOAGSO,Distance STARLINK-2301 - MoonIOAGSO 0001,Distance STARLINK-2301 - MoonLRO,Distance STARLINK-2301 - MarsSat1,Distance STARLINK-2301 - MarsSat2,Distance STARLINK-2301 - MarsSat3,Distance STARLINK-2301 - MarsSat4,Distance STARLINK-4154 - STARLINK-1980,Distance STARLINK-4154 - STARLINK-3647,Distance STARLINK-4154 - STARLINK-3419,Distance STARLINK-4154 - STARLINK-30240,Distance STARLINK-4154 - STARLINK-31295,Distance STARLINK-4154 - STARLINK-30778,Distance STARLINK-4154 - STARLINK-30310,Distance STARLINK-4154 - STARLINK-2491,Distance STARLINK-4154 - STARLINK-30960,Distance STARLINK-4154 - STARLINK-5988,Distance STARLINK-4154 - STARLINK-5351,Distance STARLINK-4154 - STARLINK-1865,Distance STARLINK-4154 - STARLINK-2567,Distance STARLINK-4154 - STARLINK-2082,Distance STARLINK-4154 - STARLINK-2419,Distance STARLINK-4154 - STARLINK-3359,Distance STARLINK-4154 - STARLINK-31805,Distance STARLINK-4154 - STARLINK-31260,Distance STARLINK-4154 - STARLINK-30587,Distance STARLINK-4154 - STARLINK-30500,Distance STARLINK-4154 - STARLINK-1136,Distance STARLINK-4154 - STARLINK-3820,Distance STARLINK-4154 - STARLINK-5658,Distance STARLINK-4154 - STARLINK-30312,Distance STARLINK-4154 - STARLINK-30132,Distance STARLINK-4154 - STARLINK-3360,Distance STARLINK-4154 - STARLINK-3591,Distance STARLINK-4154 - STARLINK-6117,Distance STARLINK-4154 - STARLINK-31425,Distance STARLINK-4154 - STARLINK-5189,Distance STARLINK-4154 - STARLINK-6185,Distance STARLINK-4154 - STARLINK-2720,Distance STARLINK-4154 - STARLINK-1963,Distance STARLINK-4154 - STARLINK-31651,Distance STARLINK-4154 - STARLINK-1570,Distance STARLINK-4154 - STARLINK-4791,Distance STARLINK-4154 - STARLINK-4471,Distance STARLINK-4154 - STARLINK-5108,Distance STARLINK-4154 - STARLINK-31175,Distance STARLINK-4154 - STARLINK-3218,Distance STARLINK-4154 - STARLINK-31576,Distance STARLINK-4154 - STARLINK-1782,Distance STARLINK-4154 - STARLINK-5688,Distance STARLINK-4154 - STARLINK-5352,Distance STARLINK-4154 - STARLINK-5061,Distance STARLINK-4154 - STARLINK-1880,Distance STARLINK-4154 - STARLINK-11123 [DTC],Distance STARLINK-4154 - STARLINK-5949,Distance STARLINK-4154 - STARLINK-6149,Distance STARLINK-4154 - STARLINK-31152,Distance STARLINK-4154 - STARLINK-4511,Distance STARLINK-4154 - STARLINK-4172,Distance STARLINK-4154 - STARLINK-1645,Distance STARLINK-4154 - STARLINK-30604,Distance STARLINK-4154 - STARLINK-5600,Distance STARLINK-4154 - STARLINK-3526,Distance STARLINK-4154 - STARLINK-2434,Distance STARLINK-4154 - STARLINK-30069,Distance STARLINK-4154 - STARLINK-31615,Distance STARLINK-4154 - STARLINK-5266,Distance STARLINK-4154 - STARLINK-4609,Distance STARLINK-4154 - MoonARTEMIS1,Distance STARLINK-4154 - MoonARTEMIS2,Distance STARLINK-4154 - MoonIOAGEO,Distance STARLINK-4154 - MoonIOAGNO,Distance STARLINK-4154 - MoonIOAGNO 0001,Distance STARLINK-4154 - MoonIOAGSO,Distance STARLINK-4154 - MoonIOAGSO 0001,Distance STARLINK-4154 - MoonLRO,Distance STARLINK-4154 - MarsSat1,Distance STARLINK-4154 - MarsSat2,Distance STARLINK-4154 - MarsSat3,Distance STARLINK-4154 - MarsSat4,Distance STARLINK-1980 - STARLINK-3647,Distance STARLINK-1980 - STARLINK-3419,Distance STARLINK-1980 - STARLINK-30240,Distance STARLINK-1980 - STARLINK-31295,Distance STARLINK-1980 - STARLINK-30778,Distance STARLINK-1980 - STARLINK-30310,Distance STARLINK-1980 - STARLINK-2491,Distance STARLINK-1980 - STARLINK-30960,Distance STARLINK-1980 - STARLINK-5988,Distance STARLINK-1980 - STARLINK-5351,Distance STARLINK-1980 - STARLINK-1865,Distance STARLINK-1980 - STARLINK-2567,Distance STARLINK-1980 - STARLINK-2082,Distance STARLINK-1980 - STARLINK-2419,Distance STARLINK-1980 - STARLINK-3359,Distance STARLINK-1980 - STARLINK-31805,Distance STARLINK-1980 - STARLINK-31260,Distance STARLINK-1980 - STARLINK-30587,Distance STARLINK-1980 - STARLINK-30500,Distance STARLINK-1980 - STARLINK-1136,Distance STARLINK-1980 - STARLINK-3820,Distance STARLINK-1980 - STARLINK-5658,Distance STARLINK-1980 - STARLINK-30312,Distance STARLINK-1980 - STARLINK-30132,Distance STARLINK-1980 - STARLINK-3360,Distance STARLINK-1980 - STARLINK-3591,Distance STARLINK-1980 - STARLINK-6117,Distance STARLINK-1980 - STARLINK-31425,Distance STARLINK-1980 - STARLINK-5189,Distance STARLINK-1980 - STARLINK-6185,Distance STARLINK-1980 - STARLINK-2720,Distance STARLINK-1980 - STARLINK-1963,Distance STARLINK-1980 - STARLINK-31651,Distance STARLINK-1980 - STARLINK-1570,Distance STARLINK-1980 - STARLINK-4791,Distance STARLINK-1980 - STARLINK-4471,Distance STARLINK-1980 - STARLINK-5108,Distance STARLINK-1980 - STARLINK-31175,Distance STARLINK-1980 - STARLINK-3218,Distance STARLINK-1980 - STARLINK-31576,Distance STARLINK-1980 - STARLINK-1782,Distance STARLINK-1980 - STARLINK-5688,Distance STARLINK-1980 - STARLINK-5352,Distance STARLINK-1980 - STARLINK-5061,Distance STARLINK-1980 - STARLINK-1880,Distance STARLINK-1980 - STARLINK-11123 [DTC],Distance STARLINK-1980 - STARLINK-5949,Distance STARLINK-1980 - STARLINK-6149,Distance STARLINK-1980 - STARLINK-31152,Distance STARLINK-1980 - STARLINK-4511,Distance STARLINK-1980 - STARLINK-4172,Distance STARLINK-1980 - STARLINK-1645,Distance STARLINK-1980 - STARLINK-30604,Distance STARLINK-1980 - STARLINK-5600,Distance STARLINK-1980 - STARLINK-3526,Distance STARLINK-1980 - STARLINK-2434,Distance STARLINK-1980 - STARLINK-30069,Distance STARLINK-1980 - STARLINK-31615,Distance STARLINK-1980 - STARLINK-5266,Distance STARLINK-1980 - STARLINK-4609,Distance STARLINK-1980 - MoonARTEMIS1,Distance STARLINK-1980 - MoonARTEMIS2,Distance STARLINK-1980 - MoonIOAGEO,Distance STARLINK-1980 - MoonIOAGNO,Distance STARLINK-1980 - MoonIOAGNO 0001,Distance STARLINK-1980 - MoonIOAGSO,Distance STARLINK-1980 - MoonIOAGSO 0001,Distance STARLINK-1980 - MoonLRO,Distance STARLINK-1980 - MarsSat1,Distance STARLINK-1980 - MarsSat2,Distance STARLINK-1980 - MarsSat3,Distance STARLINK-1980 - MarsSat4,Distance STARLINK-3647 - STARLINK-3419,Distance STARLINK-3647 - STARLINK-30240,Distance STARLINK-3647 - STARLINK-31295,Distance STARLINK-3647 - STARLINK-30778,Distance STARLINK-3647 - STARLINK-30310,Distance STARLINK-3647 - STARLINK-2491,Distance STARLINK-3647 - STARLINK-30960,Distance STARLINK-3647 - STARLINK-5988,Distance STARLINK-3647 - STARLINK-5351,Distance STARLINK-3647 - STARLINK-1865,Distance STARLINK-3647 - STARLINK-2567,Distance STARLINK-3647 - STARLINK-2082,Distance STARLINK-3647 - STARLINK-2419,Distance STARLINK-3647 - STARLINK-3359,Distance STARLINK-3647 - STARLINK-31805,Distance STARLINK-3647 - STARLINK-31260,Distance STARLINK-3647 - STARLINK-30587,Distance STARLINK-3647 - STARLINK-30500,Distance STARLINK-3647 - STARLINK-1136,Distance STARLINK-3647 - STARLINK-3820,Distance STARLINK-3647 - STARLINK-5658,Distance STARLINK-3647 - STARLINK-30312,Distance STARLINK-3647 - STARLINK-30132,Distance STARLINK-3647 - STARLINK-3360,Distance STARLINK-3647 - STARLINK-3591,Distance STARLINK-3647 - STARLINK-6117,Distance STARLINK-3647 - STARLINK-31425,Distance STARLINK-3647 - STARLINK-5189,Distance STARLINK-3647 - STARLINK-6185,Distance STARLINK-3647 - STARLINK-2720,Distance STARLINK-3647 - STARLINK-1963,Distance STARLINK-3647 - STARLINK-31651,Distance STARLINK-3647 - STARLINK-1570,Distance STARLINK-3647 - STARLINK-4791,Distance STARLINK-3647 - STARLINK-4471,Distance STARLINK-3647 - STARLINK-5108,Distance STARLINK-3647 - STARLINK-31175,Distance STARLINK-3647 - STARLINK-3218,Distance STARLINK-3647 - STARLINK-31576,Distance STARLINK-3647 - STARLINK-1782,Distance STARLINK-3647 - STARLINK-5688,Distance STARLINK-3647 - STARLINK-5352,Distance STARLINK-3647 - STARLINK-5061,Distance STARLINK-3647 - STARLINK-1880,Distance STARLINK-3647 - STARLINK-11123 [DTC],Distance STARLINK-3647 - STARLINK-5949,Distance STARLINK-3647 - STARLINK-6149,Distance STARLINK-3647 - STARLINK-31152,Distance STARLINK-3647 - STARLINK-4511,Distance STARLINK-3647 - STARLINK-4172,Distance STARLINK-3647 - STARLINK-1645,Distance STARLINK-3647 - STARLINK-30604,Distance STARLINK-3647 - STARLINK-5600,Distance STARLINK-3647 - STARLINK-3526,Distance STARLINK-3647 - STARLINK-2434,Distance STARLINK-3647 - STARLINK-30069,Distance STARLINK-3647 - STARLINK-31615,Distance STARLINK-3647 - STARLINK-5266,Distance STARLINK-3647 - STARLINK-4609,Distance STARLINK-3647 - MoonARTEMIS1,Distance STARLINK-3647 - MoonARTEMIS2,Distance STARLINK-3647 - MoonIOAGEO,Distance STARLINK-3647 - MoonIOAGNO,Distance STARLINK-3647 - MoonIOAGNO 0001,Distance STARLINK-3647 - MoonIOAGSO,Distance STARLINK-3647 - MoonIOAGSO 0001,Distance STARLINK-3647 - MoonLRO,Distance STARLINK-3647 - MarsSat1,Distance STARLINK-3647 - MarsSat2,Distance STARLINK-3647 - MarsSat3,Distance STARLINK-3647 - MarsSat4,Distance STARLINK-3419 - STARLINK-30240,Distance STARLINK-3419 - STARLINK-31295,Distance STARLINK-3419 - STARLINK-30778,Distance STARLINK-3419 - STARLINK-30310,Distance STARLINK-3419 - STARLINK-2491,Distance STARLINK-3419 - STARLINK-30960,Distance STARLINK-3419 - STARLINK-5988,Distance STARLINK-3419 - STARLINK-5351,Distance STARLINK-3419 - STARLINK-1865,Distance STARLINK-3419 - STARLINK-2567,Distance STARLINK-3419 - STARLINK-2082,Distance STARLINK-3419 - STARLINK-2419,Distance STARLINK-3419 - STARLINK-3359,Distance STARLINK-3419 - STARLINK-31805,Distance STARLINK-3419 - STARLINK-31260,Distance STARLINK-3419 - STARLINK-30587,Distance STARLINK-3419 - STARLINK-30500,Distance STARLINK-3419 - STARLINK-1136,Distance STARLINK-3419 - STARLINK-3820,Distance STARLINK-3419 - STARLINK-5658,Distance STARLINK-3419 - STARLINK-30312,Distance STARLINK-3419 - STARLINK-30132,Distance STARLINK-3419 - STARLINK-3360,Distance STARLINK-3419 - STARLINK-3591,Distance STARLINK-3419 - STARLINK-6117,Distance STARLINK-3419 - STARLINK-31425,Distance STARLINK-3419 - STARLINK-5189,Distance STARLINK-3419 - STARLINK-6185,Distance STARLINK-3419 - STARLINK-2720,Distance STARLINK-3419 - STARLINK-1963,Distance STARLINK-3419 - STARLINK-31651,Distance STARLINK-3419 - STARLINK-1570,Distance STARLINK-3419 - STARLINK-4791,Distance STARLINK-3419 - STARLINK-4471,Distance STARLINK-3419 - STARLINK-5108,Distance STARLINK-3419 - STARLINK-31175,Distance STARLINK-3419 - STARLINK-3218,Distance STARLINK-3419 - STARLINK-31576,Distance STARLINK-3419 - STARLINK-1782,Distance STARLINK-3419 - STARLINK-5688,Distance STARLINK-3419 - STARLINK-5352,Distance STARLINK-3419 - STARLINK-5061,Distance STARLINK-3419 - STARLINK-1880,Distance STARLINK-3419 - STARLINK-11123 [DTC],Distance STARLINK-3419 - STARLINK-5949,Distance STARLINK-3419 - STARLINK-6149,Distance STARLINK-3419 - STARLINK-31152,Distance STARLINK-3419 - STARLINK-4511,Distance STARLINK-3419 - STARLINK-4172,Distance STARLINK-3419 - STARLINK-1645,Distance STARLINK-3419 - STARLINK-30604,Distance STARLINK-3419 - STARLINK-5600,Distance STARLINK-3419 - STARLINK-3526,Distance STARLINK-3419 - STARLINK-2434,Distance STARLINK-3419 - STARLINK-30069,Distance STARLINK-3419 - STARLINK-31615,Distance STARLINK-3419 - STARLINK-5266,Distance STARLINK-3419 - STARLINK-4609,Distance STARLINK-3419 - MoonARTEMIS1,Distance STARLINK-3419 - MoonARTEMIS2,Distance STARLINK-3419 - MoonIOAGEO,Distance STARLINK-3419 - MoonIOAGNO,Distance STARLINK-3419 - MoonIOAGNO 0001,Distance STARLINK-3419 - MoonIOAGSO,Distance STARLINK-3419 - MoonIOAGSO 0001,Distance STARLINK-3419 - MoonLRO,Distance STARLINK-3419 - MarsSat1,Distance STARLINK-3419 - MarsSat2,Distance STARLINK-3419 - MarsSat3,Distance STARLINK-3419 - MarsSat4,Distance STARLINK-30240 - STARLINK-31295,Distance STARLINK-30240 - STARLINK-30778,Distance STARLINK-30240 - STARLINK-30310,Distance STARLINK-30240 - STARLINK-2491,Distance STARLINK-30240 - STARLINK-30960,Distance STARLINK-30240 - STARLINK-5988,Distance STARLINK-30240 - STARLINK-5351,Distance STARLINK-30240 - STARLINK-1865,Distance STARLINK-30240 - STARLINK-2567,Distance STARLINK-30240 - STARLINK-2082,Distance STARLINK-30240 - STARLINK-2419,Distance STARLINK-30240 - STARLINK-3359,Distance STARLINK-30240 - STARLINK-31805,Distance STARLINK-30240 - STARLINK-31260,Distance STARLINK-30240 - STARLINK-30587,Distance STARLINK-30240 - STARLINK-30500,Distance STARLINK-30240 - STARLINK-1136,Distance STARLINK-30240 - STARLINK-3820,Distance STARLINK-30240 - STARLINK-5658,Distance STARLINK-30240 - STARLINK-30312,Distance STARLINK-30240 - STARLINK-30132,Distance STARLINK-30240 - STARLINK-3360,Distance STARLINK-30240 - STARLINK-3591,Distance STARLINK-30240 - STARLINK-6117,Distance STARLINK-30240 - STARLINK-31425,Distance STARLINK-30240 - STARLINK-5189,Distance STARLINK-30240 - STARLINK-6185,Distance STARLINK-30240 - STARLINK-2720,Distance STARLINK-30240 - STARLINK-1963,Distance STARLINK-30240 - STARLINK-31651,Distance STARLINK-30240 - STARLINK-1570,Distance STARLINK-30240 - STARLINK-4791,Distance STARLINK-30240 - STARLINK-4471,Distance STARLINK-30240 - STARLINK-5108,Distance STARLINK-30240 - STARLINK-31175,Distance STARLINK-30240 - STARLINK-3218,Distance STARLINK-30240 - STARLINK-31576,Distance STARLINK-30240 - STARLINK-1782,Distance STARLINK-30240 - STARLINK-5688,Distance STARLINK-30240 - STARLINK-5352,Distance STARLINK-30240 - STARLINK-5061,Distance STARLINK-30240 - STARLINK-1880,Distance STARLINK-30240 - STARLINK-11123 [DTC],Distance STARLINK-30240 - STARLINK-5949,Distance STARLINK-30240 - STARLINK-6149,Distance STARLINK-30240 - STARLINK-31152,Distance STARLINK-30240 - STARLINK-4511,Distance STARLINK-30240 - STARLINK-4172,Distance STARLINK-30240 - STARLINK-1645,Distance STARLINK-30240 - STARLINK-30604,Distance STARLINK-30240 - STARLINK-5600,Distance STARLINK-30240 - STARLINK-3526,Distance STARLINK-30240 - STARLINK-2434,Distance STARLINK-30240 - STARLINK-30069,Distance STARLINK-30240 - STARLINK-31615,Distance STARLINK-30240 - STARLINK-5266,Distance STARLINK-30240 - STARLINK-4609,Distance STARLINK-30240 - MoonARTEMIS1,Distance STARLINK-30240 - MoonARTEMIS2,Distance STARLINK-30240 - MoonIOAGEO,Distance STARLINK-30240 - MoonIOAGNO,Distance STARLINK-30240 - MoonIOAGNO 0001,Distance STARLINK-30240 - MoonIOAGSO,Distance STARLINK-30240 - MoonIOAGSO 0001,Distance STARLINK-30240 - MoonLRO,Distance STARLINK-30240 - MarsSat1,Distance STARLINK-30240 - MarsSat2,Distance STARLINK-30240 - MarsSat3,Distance STARLINK-30240 - MarsSat4,Distance STARLINK-31295 - STARLINK-30778,Distance STARLINK-31295 - STARLINK-30310,Distance STARLINK-31295 - STARLINK-2491,Distance STARLINK-31295 - STARLINK-30960,Distance STARLINK-31295 - STARLINK-5988,Distance STARLINK-31295 - STARLINK-5351,Distance STARLINK-31295 - STARLINK-1865,Distance STARLINK-31295 - STARLINK-2567,Distance STARLINK-31295 - STARLINK-2082,Distance STARLINK-31295 - STARLINK-2419,Distance STARLINK-31295 - STARLINK-3359,Distance STARLINK-31295 - STARLINK-31805,Distance STARLINK-31295 - STARLINK-31260,Distance STARLINK-31295 - STARLINK-30587,Distance STARLINK-31295 - STARLINK-30500,Distance STARLINK-31295 - STARLINK-1136,Distance STARLINK-31295 - STARLINK-3820,Distance STARLINK-31295 - STARLINK-5658,Distance STARLINK-31295 - STARLINK-30312,Distance STARLINK-31295 - STARLINK-30132,Distance STARLINK-31295 - STARLINK-3360,Distance STARLINK-31295 - STARLINK-3591,Distance STARLINK-31295 - STARLINK-6117,Distance STARLINK-31295 - STARLINK-31425,Distance STARLINK-31295 - STARLINK-5189,Distance STARLINK-31295 - STARLINK-6185,Distance STARLINK-31295 - STARLINK-2720,Distance STARLINK-31295 - STARLINK-1963,Distance STARLINK-31295 - STARLINK-31651,Distance STARLINK-31295 - STARLINK-1570,Distance STARLINK-31295 - STARLINK-4791,Distance STARLINK-31295 - STARLINK-4471,Distance STARLINK-31295 - STARLINK-5108,Distance STARLINK-31295 - STARLINK-31175,Distance STARLINK-31295 - STARLINK-3218,Distance STARLINK-31295 - STARLINK-31576,Distance STARLINK-31295 - STARLINK-1782,Distance STARLINK-31295 - STARLINK-5688,Distance STARLINK-31295 - STARLINK-5352,Distance STARLINK-31295 - STARLINK-5061,Distance STARLINK-31295 - STARLINK-1880,Distance STARLINK-31295 - STARLINK-11123 [DTC],Distance STARLINK-31295 - STARLINK-5949,Distance STARLINK-31295 - STARLINK-6149,Distance STARLINK-31295 - STARLINK-31152,Distance STARLINK-31295 - STARLINK-4511,Distance STARLINK-31295 - STARLINK-4172,Distance STARLINK-31295 - STARLINK-1645,Distance STARLINK-31295 - STARLINK-30604,Distance STARLINK-31295 - STARLINK-5600,Distance STARLINK-31295 - STARLINK-3526,Distance STARLINK-31295 - STARLINK-2434,Distance STARLINK-31295 - STARLINK-30069,Distance STARLINK-31295 - STARLINK-31615,Distance STARLINK-31295 - STARLINK-5266,Distance STARLINK-31295 - STARLINK-4609,Distance STARLINK-31295 - MoonARTEMIS1,Distance STARLINK-31295 - MoonARTEMIS2,Distance STARLINK-31295 - MoonIOAGEO,Distance STARLINK-31295 - MoonIOAGNO,Distance STARLINK-31295 - MoonIOAGNO 0001,Distance STARLINK-31295 - MoonIOAGSO,Distance STARLINK-31295 - MoonIOAGSO 0001,Distance STARLINK-31295 - MoonLRO,Distance STARLINK-31295 - MarsSat1,Distance STARLINK-31295 - MarsSat2,Distance STARLINK-31295 - MarsSat3,Distance STARLINK-31295 - MarsSat4,Distance STARLINK-30778 - STARLINK-30310,Distance STARLINK-30778 - STARLINK-2491,Distance STARLINK-30778 - STARLINK-30960,Distance STARLINK-30778 - STARLINK-5988,Distance STARLINK-30778 - STARLINK-5351,Distance STARLINK-30778 - STARLINK-1865,Distance STARLINK-30778 - STARLINK-2567,Distance STARLINK-30778 - STARLINK-2082,Distance STARLINK-30778 - STARLINK-2419,Distance STARLINK-30778 - STARLINK-3359,Distance STARLINK-30778 - STARLINK-31805,Distance STARLINK-30778 - STARLINK-31260,Distance STARLINK-30778 - STARLINK-30587,Distance STARLINK-30778 - STARLINK-30500,Distance STARLINK-30778 - STARLINK-1136,Distance STARLINK-30778 - STARLINK-3820,Distance STARLINK-30778 - STARLINK-5658,Distance STARLINK-30778 - STARLINK-30312,Distance STARLINK-30778 - STARLINK-30132,Distance STARLINK-30778 - STARLINK-3360,Distance STARLINK-30778 - STARLINK-3591,Distance STARLINK-30778 - STARLINK-6117,Distance STARLINK-30778 - STARLINK-31425,Distance STARLINK-30778 - STARLINK-5189,Distance STARLINK-30778 - STARLINK-6185,Distance STARLINK-30778 - STARLINK-2720,Distance STARLINK-30778 - STARLINK-1963,Distance STARLINK-30778 - STARLINK-31651,Distance STARLINK-30778 - STARLINK-1570,Distance STARLINK-30778 - STARLINK-4791,Distance STARLINK-30778 - STARLINK-4471,Distance STARLINK-30778 - STARLINK-5108,Distance STARLINK-30778 - STARLINK-31175,Distance STARLINK-30778 - STARLINK-3218,Distance STARLINK-30778 - STARLINK-31576,Distance STARLINK-30778 - STARLINK-1782,Distance STARLINK-30778 - STARLINK-5688,Distance STARLINK-30778 - STARLINK-5352,Distance STARLINK-30778 - STARLINK-5061,Distance STARLINK-30778 - STARLINK-1880,Distance STARLINK-30778 - STARLINK-11123 [DTC],Distance STARLINK-30778 - STARLINK-5949,Distance STARLINK-30778 - STARLINK-6149,Distance STARLINK-30778 - STARLINK-31152,Distance STARLINK-30778 - STARLINK-4511,Distance STARLINK-30778 - STARLINK-4172,Distance STARLINK-30778 - STARLINK-1645,Distance STARLINK-30778 - STARLINK-30604,Distance STARLINK-30778 - STARLINK-5600,Distance STARLINK-30778 - STARLINK-3526,Distance STARLINK-30778 - STARLINK-2434,Distance STARLINK-30778 - STARLINK-30069,Distance STARLINK-30778 - STARLINK-31615,Distance STARLINK-30778 - STARLINK-5266,Distance STARLINK-30778 - STARLINK-4609,Distance STARLINK-30778 - MoonARTEMIS1,Distance STARLINK-30778 - MoonARTEMIS2,Distance STARLINK-30778 - MoonIOAGEO,Distance STARLINK-30778 - MoonIOAGNO,Distance STARLINK-30778 - MoonIOAGNO 0001,Distance STARLINK-30778 - MoonIOAGSO,Distance STARLINK-30778 - MoonIOAGSO 0001,Distance STARLINK-30778 - MoonLRO,Distance STARLINK-30778 - MarsSat1,Distance STARLINK-30778 - MarsSat2,Distance STARLINK-30778 - MarsSat3,Distance STARLINK-30778 - MarsSat4,Distance STARLINK-30310 - STARLINK-2491,Distance STARLINK-30310 - STARLINK-30960,Distance STARLINK-30310 - STARLINK-5988,Distance STARLINK-30310 - STARLINK-5351,Distance STARLINK-30310 - STARLINK-1865,Distance STARLINK-30310 - STARLINK-2567,Distance STARLINK-30310 - STARLINK-2082,Distance STARLINK-30310 - STARLINK-2419,Distance STARLINK-30310 - STARLINK-3359,Distance STARLINK-30310 - STARLINK-31805,Distance STARLINK-30310 - STARLINK-31260,Distance STARLINK-30310 - STARLINK-30587,Distance STARLINK-30310 - STARLINK-30500,Distance STARLINK-30310 - STARLINK-1136,Distance STARLINK-30310 - STARLINK-3820,Distance STARLINK-30310 - STARLINK-5658,Distance STARLINK-30310 - STARLINK-30312,Distance STARLINK-30310 - STARLINK-30132,Distance STARLINK-30310 - STARLINK-3360,Distance STARLINK-30310 - STARLINK-3591,Distance STARLINK-30310 - STARLINK-6117,Distance STARLINK-30310 - STARLINK-31425,Distance STARLINK-30310 - STARLINK-5189,Distance STARLINK-30310 - STARLINK-6185,Distance STARLINK-30310 - STARLINK-2720,Distance STARLINK-30310 - STARLINK-1963,Distance STARLINK-30310 - STARLINK-31651,Distance STARLINK-30310 - STARLINK-1570,Distance STARLINK-30310 - STARLINK-4791,Distance STARLINK-30310 - STARLINK-4471,Distance STARLINK-30310 - STARLINK-5108,Distance STARLINK-30310 - STARLINK-31175,Distance STARLINK-30310 - STARLINK-3218,Distance STARLINK-30310 - STARLINK-31576,Distance STARLINK-30310 - STARLINK-1782,Distance STARLINK-30310 - STARLINK-5688,Distance STARLINK-30310 - STARLINK-5352,Distance STARLINK-30310 - STARLINK-5061,Distance STARLINK-30310 - STARLINK-1880,Distance STARLINK-30310 - STARLINK-11123 [DTC],Distance STARLINK-30310 - STARLINK-5949,Distance STARLINK-30310 - STARLINK-6149,Distance STARLINK-30310 - STARLINK-31152,Distance STARLINK-30310 - STARLINK-4511,Distance STARLINK-30310 - STARLINK-4172,Distance STARLINK-30310 - STARLINK-1645,Distance STARLINK-30310 - STARLINK-30604,Distance STARLINK-30310 - STARLINK-5600,Distance STARLINK-30310 - STARLINK-3526,Distance STARLINK-30310 - STARLINK-2434,Distance STARLINK-30310 - STARLINK-30069,Distance STARLINK-30310 - STARLINK-31615,Distance STARLINK-30310 - STARLINK-5266,Distance STARLINK-30310 - STARLINK-4609,Distance STARLINK-30310 - MoonARTEMIS1,Distance STARLINK-30310 - MoonARTEMIS2,Distance STARLINK-30310 - MoonIOAGEO,Distance STARLINK-30310 - MoonIOAGNO,Distance STARLINK-30310 - MoonIOAGNO 0001,Distance STARLINK-30310 - MoonIOAGSO,Distance STARLINK-30310 - MoonIOAGSO 0001,Distance STARLINK-30310 - MoonLRO,Distance STARLINK-30310 - MarsSat1,Distance STARLINK-30310 - MarsSat2,Distance STARLINK-30310 - MarsSat3,Distance STARLINK-30310 - MarsSat4,Distance STARLINK-2491 - STARLINK-30960,Distance STARLINK-2491 - STARLINK-5988,Distance STARLINK-2491 - STARLINK-5351,Distance STARLINK-2491 - STARLINK-1865,Distance STARLINK-2491 - STARLINK-2567,Distance STARLINK-2491 - STARLINK-2082,Distance STARLINK-2491 - STARLINK-2419,Distance STARLINK-2491 - STARLINK-3359,Distance STARLINK-2491 - STARLINK-31805,Distance STARLINK-2491 - STARLINK-31260,Distance STARLINK-2491 - STARLINK-30587,Distance STARLINK-2491 - STARLINK-30500,Distance STARLINK-2491 - STARLINK-1136,Distance STARLINK-2491 - STARLINK-3820,Distance STARLINK-2491 - STARLINK-5658,Distance STARLINK-2491 - STARLINK-30312,Distance STARLINK-2491 - STARLINK-30132,Distance STARLINK-2491 - STARLINK-3360,Distance STARLINK-2491 - STARLINK-3591,Distance STARLINK-2491 - STARLINK-6117,Distance STARLINK-2491 - STARLINK-31425,Distance STARLINK-2491 - STARLINK-5189,Distance STARLINK-2491 - STARLINK-6185,Distance STARLINK-2491 - STARLINK-2720,Distance STARLINK-2491 - STARLINK-1963,Distance STARLINK-2491 - STARLINK-31651,Distance STARLINK-2491 - STARLINK-1570,Distance STARLINK-2491 - STARLINK-4791,Distance STARLINK-2491 - STARLINK-4471,Distance STARLINK-2491 - STARLINK-5108,Distance STARLINK-2491 - STARLINK-31175,Distance STARLINK-2491 - STARLINK-3218,Distance STARLINK-2491 - STARLINK-31576,Distance STARLINK-2491 - STARLINK-1782,Distance STARLINK-2491 - STARLINK-5688,Distance STARLINK-2491 - STARLINK-5352,Distance STARLINK-2491 - STARLINK-5061,Distance STARLINK-2491 - STARLINK-1880,Distance STARLINK-2491 - STARLINK-11123 [DTC],Distance STARLINK-2491 - STARLINK-5949,Distance STARLINK-2491 - STARLINK-6149,Distance STARLINK-2491 - STARLINK-31152,Distance STARLINK-2491 - STARLINK-4511,Distance STARLINK-2491 - STARLINK-4172,Distance STARLINK-2491 - STARLINK-1645,Distance STARLINK-2491 - STARLINK-30604,Distance STARLINK-2491 - STARLINK-5600,Distance STARLINK-2491 - STARLINK-3526,Distance STARLINK-2491 - STARLINK-2434,Distance STARLINK-2491 - STARLINK-30069,Distance STARLINK-2491 - STARLINK-31615,Distance STARLINK-2491 - STARLINK-5266,Distance STARLINK-2491 - STARLINK-4609,Distance STARLINK-2491 - MoonARTEMIS1,Distance STARLINK-2491 - MoonARTEMIS2,Distance STARLINK-2491 - MoonIOAGEO,Distance STARLINK-2491 - MoonIOAGNO,Distance STARLINK-2491 - MoonIOAGNO 0001,Distance STARLINK-2491 - MoonIOAGSO,Distance STARLINK-2491 - MoonIOAGSO 0001,Distance STARLINK-2491 - MoonLRO,Distance STARLINK-2491 - MarsSat1,Distance STARLINK-2491 - MarsSat2,Distance STARLINK-2491 - MarsSat3,Distance STARLINK-2491 - MarsSat4,Distance STARLINK-30960 - STARLINK-5988,Distance STARLINK-30960 - STARLINK-5351,Distance STARLINK-30960 - STARLINK-1865,Distance STARLINK-30960 - STARLINK-2567,Distance STARLINK-30960 - STARLINK-2082,Distance STARLINK-30960 - STARLINK-2419,Distance STARLINK-30960 - STARLINK-3359,Distance STARLINK-30960 - STARLINK-31805,Distance STARLINK-30960 - STARLINK-31260,Distance STARLINK-30960 - STARLINK-30587,Distance STARLINK-30960 - STARLINK-30500,Distance STARLINK-30960 - STARLINK-1136,Distance STARLINK-30960 - STARLINK-3820,Distance STARLINK-30960 - STARLINK-5658,Distance STARLINK-30960 - STARLINK-30312,Distance STARLINK-30960 - STARLINK-30132,Distance STARLINK-30960 - STARLINK-3360,Distance STARLINK-30960 - STARLINK-3591,Distance STARLINK-30960 - STARLINK-6117,Distance STARLINK-30960 - STARLINK-31425,Distance STARLINK-30960 - STARLINK-5189,Distance STARLINK-30960 - STARLINK-6185,Distance STARLINK-30960 - STARLINK-2720,Distance STARLINK-30960 - STARLINK-1963,Distance STARLINK-30960 - STARLINK-31651,Distance STARLINK-30960 - STARLINK-1570,Distance STARLINK-30960 - STARLINK-4791,Distance STARLINK-30960 - STARLINK-4471,Distance STARLINK-30960 - STARLINK-5108,Distance STARLINK-30960 - STARLINK-31175,Distance STARLINK-30960 - STARLINK-3218,Distance STARLINK-30960 - STARLINK-31576,Distance STARLINK-30960 - STARLINK-1782,Distance STARLINK-30960 - STARLINK-5688,Distance STARLINK-30960 - STARLINK-5352,Distance STARLINK-30960 - STARLINK-5061,Distance STARLINK-30960 - STARLINK-1880,Distance STARLINK-30960 - STARLINK-11123 [DTC],Distance STARLINK-30960 - STARLINK-5949,Distance STARLINK-30960 - STARLINK-6149,Distance STARLINK-30960 - STARLINK-31152,Distance STARLINK-30960 - STARLINK-4511,Distance STARLINK-30960 - STARLINK-4172,Distance STARLINK-30960 - STARLINK-1645,Distance STARLINK-30960 - STARLINK-30604,Distance STARLINK-30960 - STARLINK-5600,Distance STARLINK-30960 - STARLINK-3526,Distance STARLINK-30960 - STARLINK-2434,Distance STARLINK-30960 - STARLINK-30069,Distance STARLINK-30960 - STARLINK-31615,Distance STARLINK-30960 - STARLINK-5266,Distance STARLINK-30960 - STARLINK-4609,Distance STARLINK-30960 - MoonARTEMIS1,Distance STARLINK-30960 - MoonARTEMIS2,Distance STARLINK-30960 - MoonIOAGEO,Distance STARLINK-30960 - MoonIOAGNO,Distance STARLINK-30960 - MoonIOAGNO 0001,Distance STARLINK-30960 - MoonIOAGSO,Distance STARLINK-30960 - MoonIOAGSO 0001,Distance STARLINK-30960 - MoonLRO,Distance STARLINK-30960 - MarsSat1,Distance STARLINK-30960 - MarsSat2,Distance STARLINK-30960 - MarsSat3,Distance STARLINK-30960 - MarsSat4,Distance STARLINK-5988 - STARLINK-5351,Distance STARLINK-5988 - STARLINK-1865,Distance STARLINK-5988 - STARLINK-2567,Distance STARLINK-5988 - STARLINK-2082,Distance STARLINK-5988 - STARLINK-2419,Distance STARLINK-5988 - STARLINK-3359,Distance STARLINK-5988 - STARLINK-31805,Distance STARLINK-5988 - STARLINK-31260,Distance STARLINK-5988 - STARLINK-30587,Distance STARLINK-5988 - STARLINK-30500,Distance STARLINK-5988 - STARLINK-1136,Distance STARLINK-5988 - STARLINK-3820,Distance STARLINK-5988 - STARLINK-5658,Distance STARLINK-5988 - STARLINK-30312,Distance STARLINK-5988 - STARLINK-30132,Distance STARLINK-5988 - STARLINK-3360,Distance STARLINK-5988 - STARLINK-3591,Distance STARLINK-5988 - STARLINK-6117,Distance STARLINK-5988 - STARLINK-31425,Distance STARLINK-5988 - STARLINK-5189,Distance STARLINK-5988 - STARLINK-6185,Distance STARLINK-5988 - STARLINK-2720,Distance STARLINK-5988 - STARLINK-1963,Distance STARLINK-5988 - STARLINK-31651,Distance STARLINK-5988 - STARLINK-1570,Distance STARLINK-5988 - STARLINK-4791,Distance STARLINK-5988 - STARLINK-4471,Distance STARLINK-5988 - STARLINK-5108,Distance STARLINK-5988 - STARLINK-31175,Distance STARLINK-5988 - STARLINK-3218,Distance STARLINK-5988 - STARLINK-31576,Distance STARLINK-5988 - STARLINK-1782,Distance STARLINK-5988 - STARLINK-5688,Distance STARLINK-5988 - STARLINK-5352,Distance STARLINK-5988 - STARLINK-5061,Distance STARLINK-5988 - STARLINK-1880,Distance STARLINK-5988 - STARLINK-11123 [DTC],Distance STARLINK-5988 - STARLINK-5949,Distance STARLINK-5988 - STARLINK-6149,Distance STARLINK-5988 - STARLINK-31152,Distance STARLINK-5988 - STARLINK-4511,Distance STARLINK-5988 - STARLINK-4172,Distance STARLINK-5988 - STARLINK-1645,Distance STARLINK-5988 - STARLINK-30604,Distance STARLINK-5988 - STARLINK-5600,Distance STARLINK-5988 - STARLINK-3526,Distance STARLINK-5988 - STARLINK-2434,Distance STARLINK-5988 - STARLINK-30069,Distance STARLINK-5988 - STARLINK-31615,Distance STARLINK-5988 - STARLINK-5266,Distance STARLINK-5988 - STARLINK-4609,Distance STARLINK-5988 - MoonARTEMIS1,Distance STARLINK-5988 - MoonARTEMIS2,Distance STARLINK-5988 - MoonIOAGEO,Distance STARLINK-5988 - MoonIOAGNO,Distance STARLINK-5988 - MoonIOAGNO 0001,Distance STARLINK-5988 - MoonIOAGSO,Distance STARLINK-5988 - MoonIOAGSO 0001,Distance STARLINK-5988 - MoonLRO,Distance STARLINK-5988 - MarsSat1,Distance STARLINK-5988 - MarsSat2,Distance STARLINK-5988 - MarsSat3,Distance STARLINK-5988 - MarsSat4,Distance STARLINK-5351 - STARLINK-1865,Distance STARLINK-5351 - STARLINK-2567,Distance STARLINK-5351 - STARLINK-2082,Distance STARLINK-5351 - STARLINK-2419,Distance STARLINK-5351 - STARLINK-3359,Distance STARLINK-5351 - STARLINK-31805,Distance STARLINK-5351 - STARLINK-31260,Distance STARLINK-5351 - STARLINK-30587,Distance STARLINK-5351 - STARLINK-30500,Distance STARLINK-5351 - STARLINK-1136,Distance STARLINK-5351 - STARLINK-3820,Distance STARLINK-5351 - STARLINK-5658,Distance STARLINK-5351 - STARLINK-30312,Distance STARLINK-5351 - STARLINK-30132,Distance STARLINK-5351 - STARLINK-3360,Distance STARLINK-5351 - STARLINK-3591,Distance STARLINK-5351 - STARLINK-6117,Distance STARLINK-5351 - STARLINK-31425,Distance STARLINK-5351 - STARLINK-5189,Distance STARLINK-5351 - STARLINK-6185,Distance STARLINK-5351 - STARLINK-2720,Distance STARLINK-5351 - STARLINK-1963,Distance STARLINK-5351 - STARLINK-31651,Distance STARLINK-5351 - STARLINK-1570,Distance STARLINK-5351 - STARLINK-4791,Distance STARLINK-5351 - STARLINK-4471,Distance STARLINK-5351 - STARLINK-5108,Distance STARLINK-5351 - STARLINK-31175,Distance STARLINK-5351 - STARLINK-3218,Distance STARLINK-5351 - STARLINK-31576,Distance STARLINK-5351 - STARLINK-1782,Distance STARLINK-5351 - STARLINK-5688,Distance STARLINK-5351 - STARLINK-5352,Distance STARLINK-5351 - STARLINK-5061,Distance STARLINK-5351 - STARLINK-1880,Distance STARLINK-5351 - STARLINK-11123 [DTC],Distance STARLINK-5351 - STARLINK-5949,Distance STARLINK-5351 - STARLINK-6149,Distance STARLINK-5351 - STARLINK-31152,Distance STARLINK-5351 - STARLINK-4511,Distance STARLINK-5351 - STARLINK-4172,Distance STARLINK-5351 - STARLINK-1645,Distance STARLINK-5351 - STARLINK-30604,Distance STARLINK-5351 - STARLINK-5600,Distance STARLINK-5351 - STARLINK-3526,Distance STARLINK-5351 - STARLINK-2434,Distance STARLINK-5351 - STARLINK-30069,Distance STARLINK-5351 - STARLINK-31615,Distance STARLINK-5351 - STARLINK-5266,Distance STARLINK-5351 - STARLINK-4609,Distance STARLINK-5351 - MoonARTEMIS1,Distance STARLINK-5351 - MoonARTEMIS2,Distance STARLINK-5351 - MoonIOAGEO,Distance STARLINK-5351 - MoonIOAGNO,Distance STARLINK-5351 - MoonIOAGNO 0001,Distance STARLINK-5351 - MoonIOAGSO,Distance STARLINK-5351 - MoonIOAGSO 0001,Distance STARLINK-5351 - MoonLRO,Distance STARLINK-5351 - MarsSat1,Distance STARLINK-5351 - MarsSat2,Distance STARLINK-5351 - MarsSat3,Distance STARLINK-5351 - MarsSat4,Distance STARLINK-1865 - STARLINK-2567,Distance STARLINK-1865 - STARLINK-2082,Distance STARLINK-1865 - STARLINK-2419,Distance STARLINK-1865 - STARLINK-3359,Distance STARLINK-1865 - STARLINK-31805,Distance STARLINK-1865 - STARLINK-31260,Distance STARLINK-1865 - STARLINK-30587,Distance STARLINK-1865 - STARLINK-30500,Distance STARLINK-1865 - STARLINK-1136,Distance STARLINK-1865 - STARLINK-3820,Distance STARLINK-1865 - STARLINK-5658,Distance STARLINK-1865 - STARLINK-30312,Distance STARLINK-1865 - STARLINK-30132,Distance STARLINK-1865 - STARLINK-3360,Distance STARLINK-1865 - STARLINK-3591,Distance STARLINK-1865 - STARLINK-6117,Distance STARLINK-1865 - STARLINK-31425,Distance STARLINK-1865 - STARLINK-5189,Distance STARLINK-1865 - STARLINK-6185,Distance STARLINK-1865 - STARLINK-2720,Distance STARLINK-1865 - STARLINK-1963,Distance STARLINK-1865 - STARLINK-31651,Distance STARLINK-1865 - STARLINK-1570,Distance STARLINK-1865 - STARLINK-4791,Distance STARLINK-1865 - STARLINK-4471,Distance STARLINK-1865 - STARLINK-5108,Distance STARLINK-1865 - STARLINK-31175,Distance STARLINK-1865 - STARLINK-3218,Distance STARLINK-1865 - STARLINK-31576,Distance STARLINK-1865 - STARLINK-1782,Distance STARLINK-1865 - STARLINK-5688,Distance STARLINK-1865 - STARLINK-5352,Distance STARLINK-1865 - STARLINK-5061,Distance STARLINK-1865 - STARLINK-1880,Distance STARLINK-1865 - STARLINK-11123 [DTC],Distance STARLINK-1865 - STARLINK-5949,Distance STARLINK-1865 - STARLINK-6149,Distance STARLINK-1865 - STARLINK-31152,Distance STARLINK-1865 - STARLINK-4511,Distance STARLINK-1865 - STARLINK-4172,Distance STARLINK-1865 - STARLINK-1645,Distance STARLINK-1865 - STARLINK-30604,Distance STARLINK-1865 - STARLINK-5600,Distance STARLINK-1865 - STARLINK-3526,Distance STARLINK-1865 - STARLINK-2434,Distance STARLINK-1865 - STARLINK-30069,Distance STARLINK-1865 - STARLINK-31615,Distance STARLINK-1865 - STARLINK-5266,Distance STARLINK-1865 - STARLINK-4609,Distance STARLINK-1865 - MoonARTEMIS1,Distance STARLINK-1865 - MoonARTEMIS2,Distance STARLINK-1865 - MoonIOAGEO,Distance STARLINK-1865 - MoonIOAGNO,Distance STARLINK-1865 - MoonIOAGNO 0001,Distance STARLINK-1865 - MoonIOAGSO,Distance STARLINK-1865 - MoonIOAGSO 0001,Distance STARLINK-1865 - MoonLRO,Distance STARLINK-1865 - MarsSat1,Distance STARLINK-1865 - MarsSat2,Distance STARLINK-1865 - MarsSat3,Distance STARLINK-1865 - MarsSat4,Distance STARLINK-2567 - STARLINK-2082,Distance STARLINK-2567 - STARLINK-2419,Distance STARLINK-2567 - STARLINK-3359,Distance STARLINK-2567 - STARLINK-31805,Distance STARLINK-2567 - STARLINK-31260,Distance STARLINK-2567 - STARLINK-30587,Distance STARLINK-2567 - STARLINK-30500,Distance STARLINK-2567 - STARLINK-1136,Distance STARLINK-2567 - STARLINK-3820,Distance STARLINK-2567 - STARLINK-5658,Distance STARLINK-2567 - STARLINK-30312,Distance STARLINK-2567 - STARLINK-30132,Distance STARLINK-2567 - STARLINK-3360,Distance STARLINK-2567 - STARLINK-3591,Distance STARLINK-2567 - STARLINK-6117,Distance STARLINK-2567 - STARLINK-31425,Distance STARLINK-2567 - STARLINK-5189,Distance STARLINK-2567 - STARLINK-6185,Distance STARLINK-2567 - STARLINK-2720,Distance STARLINK-2567 - STARLINK-1963,Distance STARLINK-2567 - STARLINK-31651,Distance STARLINK-2567 - STARLINK-1570,Distance STARLINK-2567 - STARLINK-4791,Distance STARLINK-2567 - STARLINK-4471,Distance STARLINK-2567 - STARLINK-5108,Distance STARLINK-2567 - STARLINK-31175,Distance STARLINK-2567 - STARLINK-3218,Distance STARLINK-2567 - STARLINK-31576,Distance STARLINK-2567 - STARLINK-1782,Distance STARLINK-2567 - STARLINK-5688,Distance STARLINK-2567 - STARLINK-5352,Distance STARLINK-2567 - STARLINK-5061,Distance STARLINK-2567 - STARLINK-1880,Distance STARLINK-2567 - STARLINK-11123 [DTC],Distance STARLINK-2567 - STARLINK-5949,Distance STARLINK-2567 - STARLINK-6149,Distance STARLINK-2567 - STARLINK-31152,Distance STARLINK-2567 - STARLINK-4511,Distance STARLINK-2567 - STARLINK-4172,Distance STARLINK-2567 - STARLINK-1645,Distance STARLINK-2567 - STARLINK-30604,Distance STARLINK-2567 - STARLINK-5600,Distance STARLINK-2567 - STARLINK-3526,Distance STARLINK-2567 - STARLINK-2434,Distance STARLINK-2567 - STARLINK-30069,Distance STARLINK-2567 - STARLINK-31615,Distance STARLINK-2567 - STARLINK-5266,Distance STARLINK-2567 - STARLINK-4609,Distance STARLINK-2567 - MoonARTEMIS1,Distance STARLINK-2567 - MoonARTEMIS2,Distance STARLINK-2567 - MoonIOAGEO,Distance STARLINK-2567 - MoonIOAGNO,Distance STARLINK-2567 - MoonIOAGNO 0001,Distance STARLINK-2567 - MoonIOAGSO,Distance STARLINK-2567 - MoonIOAGSO 0001,Distance STARLINK-2567 - MoonLRO,Distance STARLINK-2567 - MarsSat1,Distance STARLINK-2567 - MarsSat2,Distance STARLINK-2567 - MarsSat3,Distance STARLINK-2567 - MarsSat4,Distance STARLINK-2082 - STARLINK-2419,Distance STARLINK-2082 - STARLINK-3359,Distance STARLINK-2082 - STARLINK-31805,Distance STARLINK-2082 - STARLINK-31260,Distance STARLINK-2082 - STARLINK-30587,Distance STARLINK-2082 - STARLINK-30500,Distance STARLINK-2082 - STARLINK-1136,Distance STARLINK-2082 - STARLINK-3820,Distance STARLINK-2082 - STARLINK-5658,Distance STARLINK-2082 - STARLINK-30312,Distance STARLINK-2082 - STARLINK-30132,Distance STARLINK-2082 - STARLINK-3360,Distance STARLINK-2082 - STARLINK-3591,Distance STARLINK-2082 - STARLINK-6117,Distance STARLINK-2082 - STARLINK-31425,Distance STARLINK-2082 - STARLINK-5189,Distance STARLINK-2082 - STARLINK-6185,Distance STARLINK-2082 - STARLINK-2720,Distance STARLINK-2082 - STARLINK-1963,Distance STARLINK-2082 - STARLINK-31651,Distance STARLINK-2082 - STARLINK-1570,Distance STARLINK-2082 - STARLINK-4791,Distance STARLINK-2082 - STARLINK-4471,Distance STARLINK-2082 - STARLINK-5108,Distance STARLINK-2082 - STARLINK-31175,Distance STARLINK-2082 - STARLINK-3218,Distance STARLINK-2082 - STARLINK-31576,Distance STARLINK-2082 - STARLINK-1782,Distance STARLINK-2082 - STARLINK-5688,Distance STARLINK-2082 - STARLINK-5352,Distance STARLINK-2082 - STARLINK-5061,Distance STARLINK-2082 - STARLINK-1880,Distance STARLINK-2082 - STARLINK-11123 [DTC],Distance STARLINK-2082 - STARLINK-5949,Distance STARLINK-2082 - STARLINK-6149,Distance STARLINK-2082 - STARLINK-31152,Distance STARLINK-2082 - STARLINK-4511,Distance STARLINK-2082 - STARLINK-4172,Distance STARLINK-2082 - STARLINK-1645,Distance STARLINK-2082 - STARLINK-30604,Distance STARLINK-2082 - STARLINK-5600,Distance STARLINK-2082 - STARLINK-3526,Distance STARLINK-2082 - STARLINK-2434,Distance STARLINK-2082 - STARLINK-30069,Distance STARLINK-2082 - STARLINK-31615,Distance STARLINK-2082 - STARLINK-5266,Distance STARLINK-2082 - STARLINK-4609,Distance STARLINK-2082 - MoonARTEMIS1,Distance STARLINK-2082 - MoonARTEMIS2,Distance STARLINK-2082 - MoonIOAGEO,Distance STARLINK-2082 - MoonIOAGNO,Distance STARLINK-2082 - MoonIOAGNO 0001,Distance STARLINK-2082 - MoonIOAGSO,Distance STARLINK-2082 - MoonIOAGSO 0001,Distance STARLINK-2082 - MoonLRO,Distance STARLINK-2082 - MarsSat1,Distance STARLINK-2082 - MarsSat2,Distance STARLINK-2082 - MarsSat3,Distance STARLINK-2082 - MarsSat4,Distance STARLINK-2419 - STARLINK-3359,Distance STARLINK-2419 - STARLINK-31805,Distance STARLINK-2419 - STARLINK-31260,Distance STARLINK-2419 - STARLINK-30587,Distance STARLINK-2419 - STARLINK-30500,Distance STARLINK-2419 - STARLINK-1136,Distance STARLINK-2419 - STARLINK-3820,Distance STARLINK-2419 - STARLINK-5658,Distance STARLINK-2419 - STARLINK-30312,Distance STARLINK-2419 - STARLINK-30132,Distance STARLINK-2419 - STARLINK-3360,Distance STARLINK-2419 - STARLINK-3591,Distance STARLINK-2419 - STARLINK-6117,Distance STARLINK-2419 - STARLINK-31425,Distance STARLINK-2419 - STARLINK-5189,Distance STARLINK-2419 - STARLINK-6185,Distance STARLINK-2419 - STARLINK-2720,Distance STARLINK-2419 - STARLINK-1963,Distance STARLINK-2419 - STARLINK-31651,Distance STARLINK-2419 - STARLINK-1570,Distance STARLINK-2419 - STARLINK-4791,Distance STARLINK-2419 - STARLINK-4471,Distance STARLINK-2419 - STARLINK-5108,Distance STARLINK-2419 - STARLINK-31175,Distance STARLINK-2419 - STARLINK-3218,Distance STARLINK-2419 - STARLINK-31576,Distance STARLINK-2419 - STARLINK-1782,Distance STARLINK-2419 - STARLINK-5688,Distance STARLINK-2419 - STARLINK-5352,Distance STARLINK-2419 - STARLINK-5061,Distance STARLINK-2419 - STARLINK-1880,Distance STARLINK-2419 - STARLINK-11123 [DTC],Distance STARLINK-2419 - STARLINK-5949,Distance STARLINK-2419 - STARLINK-6149,Distance STARLINK-2419 - STARLINK-31152,Distance STARLINK-2419 - STARLINK-4511,Distance STARLINK-2419 - STARLINK-4172,Distance STARLINK-2419 - STARLINK-1645,Distance STARLINK-2419 - STARLINK-30604,Distance STARLINK-2419 - STARLINK-5600,Distance STARLINK-2419 - STARLINK-3526,Distance STARLINK-2419 - STARLINK-2434,Distance STARLINK-2419 - STARLINK-30069,Distance STARLINK-2419 - STARLINK-31615,Distance STARLINK-2419 - STARLINK-5266,Distance STARLINK-2419 - STARLINK-4609,Distance STARLINK-2419 - MoonARTEMIS1,Distance STARLINK-2419 - MoonARTEMIS2,Distance STARLINK-2419 - MoonIOAGEO,Distance STARLINK-2419 - MoonIOAGNO,Distance STARLINK-2419 - MoonIOAGNO 0001,Distance STARLINK-2419 - MoonIOAGSO,Distance STARLINK-2419 - MoonIOAGSO 0001,Distance STARLINK-2419 - MoonLRO,Distance STARLINK-2419 - MarsSat1,Distance STARLINK-2419 - MarsSat2,Distance STARLINK-2419 - MarsSat3,Distance STARLINK-2419 - MarsSat4,Distance STARLINK-3359 - STARLINK-31805,Distance STARLINK-3359 - STARLINK-31260,Distance STARLINK-3359 - STARLINK-30587,Distance STARLINK-3359 - STARLINK-30500,Distance STARLINK-3359 - STARLINK-1136,Distance STARLINK-3359 - STARLINK-3820,Distance STARLINK-3359 - STARLINK-5658,Distance STARLINK-3359 - STARLINK-30312,Distance STARLINK-3359 - STARLINK-30132,Distance STARLINK-3359 - STARLINK-3360,Distance STARLINK-3359 - STARLINK-3591,Distance STARLINK-3359 - STARLINK-6117,Distance STARLINK-3359 - STARLINK-31425,Distance STARLINK-3359 - STARLINK-5189,Distance STARLINK-3359 - STARLINK-6185,Distance STARLINK-3359 - STARLINK-2720,Distance STARLINK-3359 - STARLINK-1963,Distance STARLINK-3359 - STARLINK-31651,Distance STARLINK-3359 - STARLINK-1570,Distance STARLINK-3359 - STARLINK-4791,Distance STARLINK-3359 - STARLINK-4471,Distance STARLINK-3359 - STARLINK-5108,Distance STARLINK-3359 - STARLINK-31175,Distance STARLINK-3359 - STARLINK-3218,Distance STARLINK-3359 - STARLINK-31576,Distance STARLINK-3359 - STARLINK-1782,Distance STARLINK-3359 - STARLINK-5688,Distance STARLINK-3359 - STARLINK-5352,Distance STARLINK-3359 - STARLINK-5061,Distance STARLINK-3359 - STARLINK-1880,Distance STARLINK-3359 - STARLINK-11123 [DTC],Distance STARLINK-3359 - STARLINK-5949,Distance STARLINK-3359 - STARLINK-6149,Distance STARLINK-3359 - STARLINK-31152,Distance STARLINK-3359 - STARLINK-4511,Distance STARLINK-3359 - STARLINK-4172,Distance STARLINK-3359 - STARLINK-1645,Distance STARLINK-3359 - STARLINK-30604,Distance STARLINK-3359 - STARLINK-5600,Distance STARLINK-3359 - STARLINK-3526,Distance STARLINK-3359 - STARLINK-2434,Distance STARLINK-3359 - STARLINK-30069,Distance STARLINK-3359 - STARLINK-31615,Distance STARLINK-3359 - STARLINK-5266,Distance STARLINK-3359 - STARLINK-4609,Distance STARLINK-3359 - MoonARTEMIS1,Distance STARLINK-3359 - MoonARTEMIS2,Distance STARLINK-3359 - MoonIOAGEO,Distance STARLINK-3359 - MoonIOAGNO,Distance STARLINK-3359 - MoonIOAGNO 0001,Distance STARLINK-3359 - MoonIOAGSO,Distance STARLINK-3359 - MoonIOAGSO 0001,Distance STARLINK-3359 - MoonLRO,Distance STARLINK-3359 - MarsSat1,Distance STARLINK-3359 - MarsSat2,Distance STARLINK-3359 - MarsSat3,Distance STARLINK-3359 - MarsSat4,Distance STARLINK-31805 - STARLINK-31260,Distance STARLINK-31805 - STARLINK-30587,Distance STARLINK-31805 - STARLINK-30500,Distance STARLINK-31805 - STARLINK-1136,Distance STARLINK-31805 - STARLINK-3820,Distance STARLINK-31805 - STARLINK-5658,Distance STARLINK-31805 - STARLINK-30312,Distance STARLINK-31805 - STARLINK-30132,Distance STARLINK-31805 - STARLINK-3360,Distance STARLINK-31805 - STARLINK-3591,Distance STARLINK-31805 - STARLINK-6117,Distance STARLINK-31805 - STARLINK-31425,Distance STARLINK-31805 - STARLINK-5189,Distance STARLINK-31805 - STARLINK-6185,Distance STARLINK-31805 - STARLINK-2720,Distance STARLINK-31805 - STARLINK-1963,Distance STARLINK-31805 - STARLINK-31651,Distance STARLINK-31805 - STARLINK-1570,Distance STARLINK-31805 - STARLINK-4791,Distance STARLINK-31805 - STARLINK-4471,Distance STARLINK-31805 - STARLINK-5108,Distance STARLINK-31805 - STARLINK-31175,Distance STARLINK-31805 - STARLINK-3218,Distance STARLINK-31805 - STARLINK-31576,Distance STARLINK-31805 - STARLINK-1782,Distance STARLINK-31805 - STARLINK-5688,Distance STARLINK-31805 - STARLINK-5352,Distance STARLINK-31805 - STARLINK-5061,Distance STARLINK-31805 - STARLINK-1880,Distance STARLINK-31805 - STARLINK-11123 [DTC],Distance STARLINK-31805 - STARLINK-5949,Distance STARLINK-31805 - STARLINK-6149,Distance STARLINK-31805 - STARLINK-31152,Distance STARLINK-31805 - STARLINK-4511,Distance STARLINK-31805 - STARLINK-4172,Distance STARLINK-31805 - STARLINK-1645,Distance STARLINK-31805 - STARLINK-30604,Distance STARLINK-31805 - STARLINK-5600,Distance STARLINK-31805 - STARLINK-3526,Distance STARLINK-31805 - STARLINK-2434,Distance STARLINK-31805 - STARLINK-30069,Distance STARLINK-31805 - STARLINK-31615,Distance STARLINK-31805 - STARLINK-5266,Distance STARLINK-31805 - STARLINK-4609,Distance STARLINK-31805 - MoonARTEMIS1,Distance STARLINK-31805 - MoonARTEMIS2,Distance STARLINK-31805 - MoonIOAGEO,Distance STARLINK-31805 - MoonIOAGNO,Distance STARLINK-31805 - MoonIOAGNO 0001,Distance STARLINK-31805 - MoonIOAGSO,Distance STARLINK-31805 - MoonIOAGSO 0001,Distance STARLINK-31805 - MoonLRO,Distance STARLINK-31805 - MarsSat1,Distance STARLINK-31805 - MarsSat2,Distance STARLINK-31805 - MarsSat3,Distance STARLINK-31805 - MarsSat4,Distance STARLINK-31260 - STARLINK-30587,Distance STARLINK-31260 - STARLINK-30500,Distance STARLINK-31260 - STARLINK-1136,Distance STARLINK-31260 - STARLINK-3820,Distance STARLINK-31260 - STARLINK-5658,Distance STARLINK-31260 - STARLINK-30312,Distance STARLINK-31260 - STARLINK-30132,Distance STARLINK-31260 - STARLINK-3360,Distance STARLINK-31260 - STARLINK-3591,Distance STARLINK-31260 - STARLINK-6117,Distance STARLINK-31260 - STARLINK-31425,Distance STARLINK-31260 - STARLINK-5189,Distance STARLINK-31260 - STARLINK-6185,Distance STARLINK-31260 - STARLINK-2720,Distance STARLINK-31260 - STARLINK-1963,Distance STARLINK-31260 - STARLINK-31651,Distance STARLINK-31260 - STARLINK-1570,Distance STARLINK-31260 - STARLINK-4791,Distance STARLINK-31260 - STARLINK-4471,Distance STARLINK-31260 - STARLINK-5108,Distance STARLINK-31260 - STARLINK-31175,Distance STARLINK-31260 - STARLINK-3218,Distance STARLINK-31260 - STARLINK-31576,Distance STARLINK-31260 - STARLINK-1782,Distance STARLINK-31260 - STARLINK-5688,Distance STARLINK-31260 - STARLINK-5352,Distance STARLINK-31260 - STARLINK-5061,Distance STARLINK-31260 - STARLINK-1880,Distance STARLINK-31260 - STARLINK-11123 [DTC],Distance STARLINK-31260 - STARLINK-5949,Distance STARLINK-31260 - STARLINK-6149,Distance STARLINK-31260 - STARLINK-31152,Distance STARLINK-31260 - STARLINK-4511,Distance STARLINK-31260 - STARLINK-4172,Distance STARLINK-31260 - STARLINK-1645,Distance STARLINK-31260 - STARLINK-30604,Distance STARLINK-31260 - STARLINK-5600,Distance STARLINK-31260 - STARLINK-3526,Distance STARLINK-31260 - STARLINK-2434,Distance STARLINK-31260 - STARLINK-30069,Distance STARLINK-31260 - STARLINK-31615,Distance STARLINK-31260 - STARLINK-5266,Distance STARLINK-31260 - STARLINK-4609,Distance STARLINK-31260 - MoonARTEMIS1,Distance STARLINK-31260 - MoonARTEMIS2,Distance STARLINK-31260 - MoonIOAGEO,Distance STARLINK-31260 - MoonIOAGNO,Distance STARLINK-31260 - MoonIOAGNO 0001,Distance STARLINK-31260 - MoonIOAGSO,Distance STARLINK-31260 - MoonIOAGSO 0001,Distance STARLINK-31260 - MoonLRO,Distance STARLINK-31260 - MarsSat1,Distance STARLINK-31260 - MarsSat2,Distance STARLINK-31260 - MarsSat3,Distance STARLINK-31260 - MarsSat4,Distance STARLINK-30587 - STARLINK-30500,Distance STARLINK-30587 - STARLINK-1136,Distance STARLINK-30587 - STARLINK-3820,Distance STARLINK-30587 - STARLINK-5658,Distance STARLINK-30587 - STARLINK-30312,Distance STARLINK-30587 - STARLINK-30132,Distance STARLINK-30587 - STARLINK-3360,Distance STARLINK-30587 - STARLINK-3591,Distance STARLINK-30587 - STARLINK-6117,Distance STARLINK-30587 - STARLINK-31425,Distance STARLINK-30587 - STARLINK-5189,Distance STARLINK-30587 - STARLINK-6185,Distance STARLINK-30587 - STARLINK-2720,Distance STARLINK-30587 - STARLINK-1963,Distance STARLINK-30587 - STARLINK-31651,Distance STARLINK-30587 - STARLINK-1570,Distance STARLINK-30587 - STARLINK-4791,Distance STARLINK-30587 - STARLINK-4471,Distance STARLINK-30587 - STARLINK-5108,Distance STARLINK-30587 - STARLINK-31175,Distance STARLINK-30587 - STARLINK-3218,Distance STARLINK-30587 - STARLINK-31576,Distance STARLINK-30587 - STARLINK-1782,Distance STARLINK-30587 - STARLINK-5688,Distance STARLINK-30587 - STARLINK-5352,Distance STARLINK-30587 - STARLINK-5061,Distance STARLINK-30587 - STARLINK-1880,Distance STARLINK-30587 - STARLINK-11123 [DTC],Distance STARLINK-30587 - STARLINK-5949,Distance STARLINK-30587 - STARLINK-6149,Distance STARLINK-30587 - STARLINK-31152,Distance STARLINK-30587 - STARLINK-4511,Distance STARLINK-30587 - STARLINK-4172,Distance STARLINK-30587 - STARLINK-1645,Distance STARLINK-30587 - STARLINK-30604,Distance STARLINK-30587 - STARLINK-5600,Distance STARLINK-30587 - STARLINK-3526,Distance STARLINK-30587 - STARLINK-2434,Distance STARLINK-30587 - STARLINK-30069,Distance STARLINK-30587 - STARLINK-31615,Distance STARLINK-30587 - STARLINK-5266,Distance STARLINK-30587 - STARLINK-4609,Distance STARLINK-30587 - MoonARTEMIS1,Distance STARLINK-30587 - MoonARTEMIS2,Distance STARLINK-30587 - MoonIOAGEO,Distance STARLINK-30587 - MoonIOAGNO,Distance STARLINK-30587 - MoonIOAGNO 0001,Distance STARLINK-30587 - MoonIOAGSO,Distance STARLINK-30587 - MoonIOAGSO 0001,Distance STARLINK-30587 - MoonLRO,Distance STARLINK-30587 - MarsSat1,Distance STARLINK-30587 - MarsSat2,Distance STARLINK-30587 - MarsSat3,Distance STARLINK-30587 - MarsSat4,Distance STARLINK-30500 - STARLINK-1136,Distance STARLINK-30500 - STARLINK-3820,Distance STARLINK-30500 - STARLINK-5658,Distance STARLINK-30500 - STARLINK-30312,Distance STARLINK-30500 - STARLINK-30132,Distance STARLINK-30500 - STARLINK-3360,Distance STARLINK-30500 - STARLINK-3591,Distance STARLINK-30500 - STARLINK-6117,Distance STARLINK-30500 - STARLINK-31425,Distance STARLINK-30500 - STARLINK-5189,Distance STARLINK-30500 - STARLINK-6185,Distance STARLINK-30500 - STARLINK-2720,Distance STARLINK-30500 - STARLINK-1963,Distance STARLINK-30500 - STARLINK-31651,Distance STARLINK-30500 - STARLINK-1570,Distance STARLINK-30500 - STARLINK-4791,Distance STARLINK-30500 - STARLINK-4471,Distance STARLINK-30500 - STARLINK-5108,Distance STARLINK-30500 - STARLINK-31175,Distance STARLINK-30500 - STARLINK-3218,Distance STARLINK-30500 - STARLINK-31576,Distance STARLINK-30500 - STARLINK-1782,Distance STARLINK-30500 - STARLINK-5688,Distance STARLINK-30500 - STARLINK-5352,Distance STARLINK-30500 - STARLINK-5061,Distance STARLINK-30500 - STARLINK-1880,Distance STARLINK-30500 - STARLINK-11123 [DTC],Distance STARLINK-30500 - STARLINK-5949,Distance STARLINK-30500 - STARLINK-6149,Distance STARLINK-30500 - STARLINK-31152,Distance STARLINK-30500 - STARLINK-4511,Distance STARLINK-30500 - STARLINK-4172,Distance STARLINK-30500 - STARLINK-1645,Distance STARLINK-30500 - STARLINK-30604,Distance STARLINK-30500 - STARLINK-5600,Distance STARLINK-30500 - STARLINK-3526,Distance STARLINK-30500 - STARLINK-2434,Distance STARLINK-30500 - STARLINK-30069,Distance STARLINK-30500 - STARLINK-31615,Distance STARLINK-30500 - STARLINK-5266,Distance STARLINK-30500 - STARLINK-4609,Distance STARLINK-30500 - MoonARTEMIS1,Distance STARLINK-30500 - MoonARTEMIS2,Distance STARLINK-30500 - MoonIOAGEO,Distance STARLINK-30500 - MoonIOAGNO,Distance STARLINK-30500 - MoonIOAGNO 0001,Distance STARLINK-30500 - MoonIOAGSO,Distance STARLINK-30500 - MoonIOAGSO 0001,Distance STARLINK-30500 - MoonLRO,Distance STARLINK-30500 - MarsSat1,Distance STARLINK-30500 - MarsSat2,Distance STARLINK-30500 - MarsSat3,Distance STARLINK-30500 - MarsSat4,Distance STARLINK-1136 - STARLINK-3820,Distance STARLINK-1136 - STARLINK-5658,Distance STARLINK-1136 - STARLINK-30312,Distance STARLINK-1136 - STARLINK-30132,Distance STARLINK-1136 - STARLINK-3360,Distance STARLINK-1136 - STARLINK-3591,Distance STARLINK-1136 - STARLINK-6117,Distance STARLINK-1136 - STARLINK-31425,Distance STARLINK-1136 - STARLINK-5189,Distance STARLINK-1136 - STARLINK-6185,Distance STARLINK-1136 - STARLINK-2720,Distance STARLINK-1136 - STARLINK-1963,Distance STARLINK-1136 - STARLINK-31651,Distance STARLINK-1136 - STARLINK-1570,Distance STARLINK-1136 - STARLINK-4791,Distance STARLINK-1136 - STARLINK-4471,Distance STARLINK-1136 - STARLINK-5108,Distance STARLINK-1136 - STARLINK-31175,Distance STARLINK-1136 - STARLINK-3218,Distance STARLINK-1136 - STARLINK-31576,Distance STARLINK-1136 - STARLINK-1782,Distance STARLINK-1136 - STARLINK-5688,Distance STARLINK-1136 - STARLINK-5352,Distance STARLINK-1136 - STARLINK-5061,Distance STARLINK-1136 - STARLINK-1880,Distance STARLINK-1136 - STARLINK-11123 [DTC],Distance STARLINK-1136 - STARLINK-5949,Distance STARLINK-1136 - STARLINK-6149,Distance STARLINK-1136 - STARLINK-31152,Distance STARLINK-1136 - STARLINK-4511,Distance STARLINK-1136 - STARLINK-4172,Distance STARLINK-1136 - STARLINK-1645,Distance STARLINK-1136 - STARLINK-30604,Distance STARLINK-1136 - STARLINK-5600,Distance STARLINK-1136 - STARLINK-3526,Distance STARLINK-1136 - STARLINK-2434,Distance STARLINK-1136 - STARLINK-30069,Distance STARLINK-1136 - STARLINK-31615,Distance STARLINK-1136 - STARLINK-5266,Distance STARLINK-1136 - STARLINK-4609,Distance STARLINK-1136 - MoonARTEMIS1,Distance STARLINK-1136 - MoonARTEMIS2,Distance STARLINK-1136 - MoonIOAGEO,Distance STARLINK-1136 - MoonIOAGNO,Distance STARLINK-1136 - MoonIOAGNO 0001,Distance STARLINK-1136 - MoonIOAGSO,Distance STARLINK-1136 - MoonIOAGSO 0001,Distance STARLINK-1136 - MoonLRO,Distance STARLINK-1136 - MarsSat1,Distance STARLINK-1136 - MarsSat2,Distance STARLINK-1136 - MarsSat3,Distance STARLINK-1136 - MarsSat4,Distance STARLINK-3820 - STARLINK-5658,Distance STARLINK-3820 - STARLINK-30312,Distance STARLINK-3820 - STARLINK-30132,Distance STARLINK-3820 - STARLINK-3360,Distance STARLINK-3820 - STARLINK-3591,Distance STARLINK-3820 - STARLINK-6117,Distance STARLINK-3820 - STARLINK-31425,Distance STARLINK-3820 - STARLINK-5189,Distance STARLINK-3820 - STARLINK-6185,Distance STARLINK-3820 - STARLINK-2720,Distance STARLINK-3820 - STARLINK-1963,Distance STARLINK-3820 - STARLINK-31651,Distance STARLINK-3820 - STARLINK-1570,Distance STARLINK-3820 - STARLINK-4791,Distance STARLINK-3820 - STARLINK-4471,Distance STARLINK-3820 - STARLINK-5108,Distance STARLINK-3820 - STARLINK-31175,Distance STARLINK-3820 - STARLINK-3218,Distance STARLINK-3820 - STARLINK-31576,Distance STARLINK-3820 - STARLINK-1782,Distance STARLINK-3820 - STARLINK-5688,Distance STARLINK-3820 - STARLINK-5352,Distance STARLINK-3820 - STARLINK-5061,Distance STARLINK-3820 - STARLINK-1880,Distance STARLINK-3820 - STARLINK-11123 [DTC],Distance STARLINK-3820 - STARLINK-5949,Distance STARLINK-3820 - STARLINK-6149,Distance STARLINK-3820 - STARLINK-31152,Distance STARLINK-3820 - STARLINK-4511,Distance STARLINK-3820 - STARLINK-4172,Distance STARLINK-3820 - STARLINK-1645,Distance STARLINK-3820 - STARLINK-30604,Distance STARLINK-3820 - STARLINK-5600,Distance STARLINK-3820 - STARLINK-3526,Distance STARLINK-3820 - STARLINK-2434,Distance STARLINK-3820 - STARLINK-30069,Distance STARLINK-3820 - STARLINK-31615,Distance STARLINK-3820 - STARLINK-5266,Distance STARLINK-3820 - STARLINK-4609,Distance STARLINK-3820 - MoonARTEMIS1,Distance STARLINK-3820 - MoonARTEMIS2,Distance STARLINK-3820 - MoonIOAGEO,Distance STARLINK-3820 - MoonIOAGNO,Distance STARLINK-3820 - MoonIOAGNO 0001,Distance STARLINK-3820 - MoonIOAGSO,Distance STARLINK-3820 - MoonIOAGSO 0001,Distance STARLINK-3820 - MoonLRO,Distance STARLINK-3820 - MarsSat1,Distance STARLINK-3820 - MarsSat2,Distance STARLINK-3820 - MarsSat3,Distance STARLINK-3820 - MarsSat4,Distance STARLINK-5658 - STARLINK-30312,Distance STARLINK-5658 - STARLINK-30132,Distance STARLINK-5658 - STARLINK-3360,Distance STARLINK-5658 - STARLINK-3591,Distance STARLINK-5658 - STARLINK-6117,Distance STARLINK-5658 - STARLINK-31425,Distance STARLINK-5658 - STARLINK-5189,Distance STARLINK-5658 - STARLINK-6185,Distance STARLINK-5658 - STARLINK-2720,Distance STARLINK-5658 - STARLINK-1963,Distance STARLINK-5658 - STARLINK-31651,Distance STARLINK-5658 - STARLINK-1570,Distance STARLINK-5658 - STARLINK-4791,Distance STARLINK-5658 - STARLINK-4471,Distance STARLINK-5658 - STARLINK-5108,Distance STARLINK-5658 - STARLINK-31175,Distance STARLINK-5658 - STARLINK-3218,Distance STARLINK-5658 - STARLINK-31576,Distance STARLINK-5658 - STARLINK-1782,Distance STARLINK-5658 - STARLINK-5688,Distance STARLINK-5658 - STARLINK-5352,Distance STARLINK-5658 - STARLINK-5061,Distance STARLINK-5658 - STARLINK-1880,Distance STARLINK-5658 - STARLINK-11123 [DTC],Distance STARLINK-5658 - STARLINK-5949,Distance STARLINK-5658 - STARLINK-6149,Distance STARLINK-5658 - STARLINK-31152,Distance STARLINK-5658 - STARLINK-4511,Distance STARLINK-5658 - STARLINK-4172,Distance STARLINK-5658 - STARLINK-1645,Distance STARLINK-5658 - STARLINK-30604,Distance STARLINK-5658 - STARLINK-5600,Distance STARLINK-5658 - STARLINK-3526,Distance STARLINK-5658 - STARLINK-2434,Distance STARLINK-5658 - STARLINK-30069,Distance STARLINK-5658 - STARLINK-31615,Distance STARLINK-5658 - STARLINK-5266,Distance STARLINK-5658 - STARLINK-4609,Distance STARLINK-5658 - MoonARTEMIS1,Distance STARLINK-5658 - MoonARTEMIS2,Distance STARLINK-5658 - MoonIOAGEO,Distance STARLINK-5658 - MoonIOAGNO,Distance STARLINK-5658 - MoonIOAGNO 0001,Distance STARLINK-5658 - MoonIOAGSO,Distance STARLINK-5658 - MoonIOAGSO 0001,Distance STARLINK-5658 - MoonLRO,Distance STARLINK-5658 - MarsSat1,Distance STARLINK-5658 - MarsSat2,Distance STARLINK-5658 - MarsSat3,Distance STARLINK-5658 - MarsSat4,Distance STARLINK-30312 - STARLINK-30132,Distance STARLINK-30312 - STARLINK-3360,Distance STARLINK-30312 - STARLINK-3591,Distance STARLINK-30312 - STARLINK-6117,Distance STARLINK-30312 - STARLINK-31425,Distance STARLINK-30312 - STARLINK-5189,Distance STARLINK-30312 - STARLINK-6185,Distance STARLINK-30312 - STARLINK-2720,Distance STARLINK-30312 - STARLINK-1963,Distance STARLINK-30312 - STARLINK-31651,Distance STARLINK-30312 - STARLINK-1570,Distance STARLINK-30312 - STARLINK-4791,Distance STARLINK-30312 - STARLINK-4471,Distance STARLINK-30312 - STARLINK-5108,Distance STARLINK-30312 - STARLINK-31175,Distance STARLINK-30312 - STARLINK-3218,Distance STARLINK-30312 - STARLINK-31576,Distance STARLINK-30312 - STARLINK-1782,Distance STARLINK-30312 - STARLINK-5688,Distance STARLINK-30312 - STARLINK-5352,Distance STARLINK-30312 - STARLINK-5061,Distance STARLINK-30312 - STARLINK-1880,Distance STARLINK-30312 - STARLINK-11123 [DTC],Distance STARLINK-30312 - STARLINK-5949,Distance STARLINK-30312 - STARLINK-6149,Distance STARLINK-30312 - STARLINK-31152,Distance STARLINK-30312 - STARLINK-4511,Distance STARLINK-30312 - STARLINK-4172,Distance STARLINK-30312 - STARLINK-1645,Distance STARLINK-30312 - STARLINK-30604,Distance STARLINK-30312 - STARLINK-5600,Distance STARLINK-30312 - STARLINK-3526,Distance STARLINK-30312 - STARLINK-2434,Distance STARLINK-30312 - STARLINK-30069,Distance STARLINK-30312 - STARLINK-31615,Distance STARLINK-30312 - STARLINK-5266,Distance STARLINK-30312 - STARLINK-4609,Distance STARLINK-30312 - MoonARTEMIS1,Distance STARLINK-30312 - MoonARTEMIS2,Distance STARLINK-30312 - MoonIOAGEO,Distance STARLINK-30312 - MoonIOAGNO,Distance STARLINK-30312 - MoonIOAGNO 0001,Distance STARLINK-30312 - MoonIOAGSO,Distance STARLINK-30312 - MoonIOAGSO 0001,Distance STARLINK-30312 - MoonLRO,Distance STARLINK-30312 - MarsSat1,Distance STARLINK-30312 - MarsSat2,Distance STARLINK-30312 - MarsSat3,Distance STARLINK-30312 - MarsSat4,Distance STARLINK-30132 - STARLINK-3360,Distance STARLINK-30132 - STARLINK-3591,Distance STARLINK-30132 - STARLINK-6117,Distance STARLINK-30132 - STARLINK-31425,Distance STARLINK-30132 - STARLINK-5189,Distance STARLINK-30132 - STARLINK-6185,Distance STARLINK-30132 - STARLINK-2720,Distance STARLINK-30132 - STARLINK-1963,Distance STARLINK-30132 - STARLINK-31651,Distance STARLINK-30132 - STARLINK-1570,Distance STARLINK-30132 - STARLINK-4791,Distance STARLINK-30132 - STARLINK-4471,Distance STARLINK-30132 - STARLINK-5108,Distance STARLINK-30132 - STARLINK-31175,Distance STARLINK-30132 - STARLINK-3218,Distance STARLINK-30132 - STARLINK-31576,Distance STARLINK-30132 - STARLINK-1782,Distance STARLINK-30132 - STARLINK-5688,Distance STARLINK-30132 - STARLINK-5352,Distance STARLINK-30132 - STARLINK-5061,Distance STARLINK-30132 - STARLINK-1880,Distance STARLINK-30132 - STARLINK-11123 [DTC],Distance STARLINK-30132 - STARLINK-5949,Distance STARLINK-30132 - STARLINK-6149,Distance STARLINK-30132 - STARLINK-31152,Distance STARLINK-30132 - STARLINK-4511,Distance STARLINK-30132 - STARLINK-4172,Distance STARLINK-30132 - STARLINK-1645,Distance STARLINK-30132 - STARLINK-30604,Distance STARLINK-30132 - STARLINK-5600,Distance STARLINK-30132 - STARLINK-3526,Distance STARLINK-30132 - STARLINK-2434,Distance STARLINK-30132 - STARLINK-30069,Distance STARLINK-30132 - STARLINK-31615,Distance STARLINK-30132 - STARLINK-5266,Distance STARLINK-30132 - STARLINK-4609,Distance STARLINK-30132 - MoonARTEMIS1,Distance STARLINK-30132 - MoonARTEMIS2,Distance STARLINK-30132 - MoonIOAGEO,Distance STARLINK-30132 - MoonIOAGNO,Distance STARLINK-30132 - MoonIOAGNO 0001,Distance STARLINK-30132 - MoonIOAGSO,Distance STARLINK-30132 - MoonIOAGSO 0001,Distance STARLINK-30132 - MoonLRO,Distance STARLINK-30132 - MarsSat1,Distance STARLINK-30132 - MarsSat2,Distance STARLINK-30132 - MarsSat3,Distance STARLINK-30132 - MarsSat4,Distance STARLINK-3360 - STARLINK-3591,Distance STARLINK-3360 - STARLINK-6117,Distance STARLINK-3360 - STARLINK-31425,Distance STARLINK-3360 - STARLINK-5189,Distance STARLINK-3360 - STARLINK-6185,Distance STARLINK-3360 - STARLINK-2720,Distance STARLINK-3360 - STARLINK-1963,Distance STARLINK-3360 - STARLINK-31651,Distance STARLINK-3360 - STARLINK-1570,Distance STARLINK-3360 - STARLINK-4791,Distance STARLINK-3360 - STARLINK-4471,Distance STARLINK-3360 - STARLINK-5108,Distance STARLINK-3360 - STARLINK-31175,Distance STARLINK-3360 - STARLINK-3218,Distance STARLINK-3360 - STARLINK-31576,Distance STARLINK-3360 - STARLINK-1782,Distance STARLINK-3360 - STARLINK-5688,Distance STARLINK-3360 - STARLINK-5352,Distance STARLINK-3360 - STARLINK-5061,Distance STARLINK-3360 - STARLINK-1880,Distance STARLINK-3360 - STARLINK-11123 [DTC],Distance STARLINK-3360 - STARLINK-5949,Distance STARLINK-3360 - STARLINK-6149,Distance STARLINK-3360 - STARLINK-31152,Distance STARLINK-3360 - STARLINK-4511,Distance STARLINK-3360 - STARLINK-4172,Distance STARLINK-3360 - STARLINK-1645,Distance STARLINK-3360 - STARLINK-30604,Distance STARLINK-3360 - STARLINK-5600,Distance STARLINK-3360 - STARLINK-3526,Distance STARLINK-3360 - STARLINK-2434,Distance STARLINK-3360 - STARLINK-30069,Distance STARLINK-3360 - STARLINK-31615,Distance STARLINK-3360 - STARLINK-5266,Distance STARLINK-3360 - STARLINK-4609,Distance STARLINK-3360 - MoonARTEMIS1,Distance STARLINK-3360 - MoonARTEMIS2,Distance STARLINK-3360 - MoonIOAGEO,Distance STARLINK-3360 - MoonIOAGNO,Distance STARLINK-3360 - MoonIOAGNO 0001,Distance STARLINK-3360 - MoonIOAGSO,Distance STARLINK-3360 - MoonIOAGSO 0001,Distance STARLINK-3360 - MoonLRO,Distance STARLINK-3360 - MarsSat1,Distance STARLINK-3360 - MarsSat2,Distance STARLINK-3360 - MarsSat3,Distance STARLINK-3360 - MarsSat4,Distance STARLINK-3591 - STARLINK-6117,Distance STARLINK-3591 - STARLINK-31425,Distance STARLINK-3591 - STARLINK-5189,Distance STARLINK-3591 - STARLINK-6185,Distance STARLINK-3591 - STARLINK-2720,Distance STARLINK-3591 - STARLINK-1963,Distance STARLINK-3591 - STARLINK-31651,Distance STARLINK-3591 - STARLINK-1570,Distance STARLINK-3591 - STARLINK-4791,Distance STARLINK-3591 - STARLINK-4471,Distance STARLINK-3591 - STARLINK-5108,Distance STARLINK-3591 - STARLINK-31175,Distance STARLINK-3591 - STARLINK-3218,Distance STARLINK-3591 - STARLINK-31576,Distance STARLINK-3591 - STARLINK-1782,Distance STARLINK-3591 - STARLINK-5688,Distance STARLINK-3591 - STARLINK-5352,Distance STARLINK-3591 - STARLINK-5061,Distance STARLINK-3591 - STARLINK-1880,Distance STARLINK-3591 - STARLINK-11123 [DTC],Distance STARLINK-3591 - STARLINK-5949,Distance STARLINK-3591 - STARLINK-6149,Distance STARLINK-3591 - STARLINK-31152,Distance STARLINK-3591 - STARLINK-4511,Distance STARLINK-3591 - STARLINK-4172,Distance STARLINK-3591 - STARLINK-1645,Distance STARLINK-3591 - STARLINK-30604,Distance STARLINK-3591 - STARLINK-5600,Distance STARLINK-3591 - STARLINK-3526,Distance STARLINK-3591 - STARLINK-2434,Distance STARLINK-3591 - STARLINK-30069,Distance STARLINK-3591 - STARLINK-31615,Distance STARLINK-3591 - STARLINK-5266,Distance STARLINK-3591 - STARLINK-4609,Distance STARLINK-3591 - MoonARTEMIS1,Distance STARLINK-3591 - MoonARTEMIS2,Distance STARLINK-3591 - MoonIOAGEO,Distance STARLINK-3591 - MoonIOAGNO,Distance STARLINK-3591 - MoonIOAGNO 0001,Distance STARLINK-3591 - MoonIOAGSO,Distance STARLINK-3591 - MoonIOAGSO 0001,Distance STARLINK-3591 - MoonLRO,Distance STARLINK-3591 - MarsSat1,Distance STARLINK-3591 - MarsSat2,Distance STARLINK-3591 - MarsSat3,Distance STARLINK-3591 - MarsSat4,Distance STARLINK-6117 - STARLINK-31425,Distance STARLINK-6117 - STARLINK-5189,Distance STARLINK-6117 - STARLINK-6185,Distance STARLINK-6117 - STARLINK-2720,Distance STARLINK-6117 - STARLINK-1963,Distance STARLINK-6117 - STARLINK-31651,Distance STARLINK-6117 - STARLINK-1570,Distance STARLINK-6117 - STARLINK-4791,Distance STARLINK-6117 - STARLINK-4471,Distance STARLINK-6117 - STARLINK-5108,Distance STARLINK-6117 - STARLINK-31175,Distance STARLINK-6117 - STARLINK-3218,Distance STARLINK-6117 - STARLINK-31576,Distance STARLINK-6117 - STARLINK-1782,Distance STARLINK-6117 - STARLINK-5688,Distance STARLINK-6117 - STARLINK-5352,Distance STARLINK-6117 - STARLINK-5061,Distance STARLINK-6117 - STARLINK-1880,Distance STARLINK-6117 - STARLINK-11123 [DTC],Distance STARLINK-6117 - STARLINK-5949,Distance STARLINK-6117 - STARLINK-6149,Distance STARLINK-6117 - STARLINK-31152,Distance STARLINK-6117 - STARLINK-4511,Distance STARLINK-6117 - STARLINK-4172,Distance STARLINK-6117 - STARLINK-1645,Distance STARLINK-6117 - STARLINK-30604,Distance STARLINK-6117 - STARLINK-5600,Distance STARLINK-6117 - STARLINK-3526,Distance STARLINK-6117 - STARLINK-2434,Distance STARLINK-6117 - STARLINK-30069,Distance STARLINK-6117 - STARLINK-31615,Distance STARLINK-6117 - STARLINK-5266,Distance STARLINK-6117 - STARLINK-4609,Distance STARLINK-6117 - MoonARTEMIS1,Distance STARLINK-6117 - MoonARTEMIS2,Distance STARLINK-6117 - MoonIOAGEO,Distance STARLINK-6117 - MoonIOAGNO,Distance STARLINK-6117 - MoonIOAGNO 0001,Distance STARLINK-6117 - MoonIOAGSO,Distance STARLINK-6117 - MoonIOAGSO 0001,Distance STARLINK-6117 - MoonLRO,Distance STARLINK-6117 - MarsSat1,Distance STARLINK-6117 - MarsSat2,Distance STARLINK-6117 - MarsSat3,Distance STARLINK-6117 - MarsSat4,Distance STARLINK-31425 - STARLINK-5189,Distance STARLINK-31425 - STARLINK-6185,Distance STARLINK-31425 - STARLINK-2720,Distance STARLINK-31425 - STARLINK-1963,Distance STARLINK-31425 - STARLINK-31651,Distance STARLINK-31425 - STARLINK-1570,Distance STARLINK-31425 - STARLINK-4791,Distance STARLINK-31425 - STARLINK-4471,Distance STARLINK-31425 - STARLINK-5108,Distance STARLINK-31425 - STARLINK-31175,Distance STARLINK-31425 - STARLINK-3218,Distance STARLINK-31425 - STARLINK-31576,Distance STARLINK-31425 - STARLINK-1782,Distance STARLINK-31425 - STARLINK-5688,Distance STARLINK-31425 - STARLINK-5352,Distance STARLINK-31425 - STARLINK-5061,Distance STARLINK-31425 - STARLINK-1880,Distance STARLINK-31425 - STARLINK-11123 [DTC],Distance STARLINK-31425 - STARLINK-5949,Distance STARLINK-31425 - STARLINK-6149,Distance STARLINK-31425 - STARLINK-31152,Distance STARLINK-31425 - STARLINK-4511,Distance STARLINK-31425 - STARLINK-4172,Distance STARLINK-31425 - STARLINK-1645,Distance STARLINK-31425 - STARLINK-30604,Distance STARLINK-31425 - STARLINK-5600,Distance STARLINK-31425 - STARLINK-3526,Distance STARLINK-31425 - STARLINK-2434,Distance STARLINK-31425 - STARLINK-30069,Distance STARLINK-31425 - STARLINK-31615,Distance STARLINK-31425 - STARLINK-5266,Distance STARLINK-31425 - STARLINK-4609,Distance STARLINK-31425 - MoonARTEMIS1,Distance STARLINK-31425 - MoonARTEMIS2,Distance STARLINK-31425 - MoonIOAGEO,Distance STARLINK-31425 - MoonIOAGNO,Distance STARLINK-31425 - MoonIOAGNO 0001,Distance STARLINK-31425 - MoonIOAGSO,Distance STARLINK-31425 - MoonIOAGSO 0001,Distance STARLINK-31425 - MoonLRO,Distance STARLINK-31425 - MarsSat1,Distance STARLINK-31425 - MarsSat2,Distance STARLINK-31425 - MarsSat3,Distance STARLINK-31425 - MarsSat4,Distance STARLINK-5189 - STARLINK-6185,Distance STARLINK-5189 - STARLINK-2720,Distance STARLINK-5189 - STARLINK-1963,Distance STARLINK-5189 - STARLINK-31651,Distance STARLINK-5189 - STARLINK-1570,Distance STARLINK-5189 - STARLINK-4791,Distance STARLINK-5189 - STARLINK-4471,Distance STARLINK-5189 - STARLINK-5108,Distance STARLINK-5189 - STARLINK-31175,Distance STARLINK-5189 - STARLINK-3218,Distance STARLINK-5189 - STARLINK-31576,Distance STARLINK-5189 - STARLINK-1782,Distance STARLINK-5189 - STARLINK-5688,Distance STARLINK-5189 - STARLINK-5352,Distance STARLINK-5189 - STARLINK-5061,Distance STARLINK-5189 - STARLINK-1880,Distance STARLINK-5189 - STARLINK-11123 [DTC],Distance STARLINK-5189 - STARLINK-5949,Distance STARLINK-5189 - STARLINK-6149,Distance STARLINK-5189 - STARLINK-31152,Distance STARLINK-5189 - STARLINK-4511,Distance STARLINK-5189 - STARLINK-4172,Distance STARLINK-5189 - STARLINK-1645,Distance STARLINK-5189 - STARLINK-30604,Distance STARLINK-5189 - STARLINK-5600,Distance STARLINK-5189 - STARLINK-3526,Distance STARLINK-5189 - STARLINK-2434,Distance STARLINK-5189 - STARLINK-30069,Distance STARLINK-5189 - STARLINK-31615,Distance STARLINK-5189 - STARLINK-5266,Distance STARLINK-5189 - STARLINK-4609,Distance STARLINK-5189 - MoonARTEMIS1,Distance STARLINK-5189 - MoonARTEMIS2,Distance STARLINK-5189 - MoonIOAGEO,Distance STARLINK-5189 - MoonIOAGNO,Distance STARLINK-5189 - MoonIOAGNO 0001,Distance STARLINK-5189 - MoonIOAGSO,Distance STARLINK-5189 - MoonIOAGSO 0001,Distance STARLINK-5189 - MoonLRO,Distance STARLINK-5189 - MarsSat1,Distance STARLINK-5189 - MarsSat2,Distance STARLINK-5189 - MarsSat3,Distance STARLINK-5189 - MarsSat4,Distance STARLINK-6185 - STARLINK-2720,Distance STARLINK-6185 - STARLINK-1963,Distance STARLINK-6185 - STARLINK-31651,Distance STARLINK-6185 - STARLINK-1570,Distance STARLINK-6185 - STARLINK-4791,Distance STARLINK-6185 - STARLINK-4471,Distance STARLINK-6185 - STARLINK-5108,Distance STARLINK-6185 - STARLINK-31175,Distance STARLINK-6185 - STARLINK-3218,Distance STARLINK-6185 - STARLINK-31576,Distance STARLINK-6185 - STARLINK-1782,Distance STARLINK-6185 - STARLINK-5688,Distance STARLINK-6185 - STARLINK-5352,Distance STARLINK-6185 - STARLINK-5061,Distance STARLINK-6185 - STARLINK-1880,Distance STARLINK-6185 - STARLINK-11123 [DTC],Distance STARLINK-6185 - STARLINK-5949,Distance STARLINK-6185 - STARLINK-6149,Distance STARLINK-6185 - STARLINK-31152,Distance STARLINK-6185 - STARLINK-4511,Distance STARLINK-6185 - STARLINK-4172,Distance STARLINK-6185 - STARLINK-1645,Distance STARLINK-6185 - STARLINK-30604,Distance STARLINK-6185 - STARLINK-5600,Distance STARLINK-6185 - STARLINK-3526,Distance STARLINK-6185 - STARLINK-2434,Distance STARLINK-6185 - STARLINK-30069,Distance STARLINK-6185 - STARLINK-31615,Distance STARLINK-6185 - STARLINK-5266,Distance STARLINK-6185 - STARLINK-4609,Distance STARLINK-6185 - MoonARTEMIS1,Distance STARLINK-6185 - MoonARTEMIS2,Distance STARLINK-6185 - MoonIOAGEO,Distance STARLINK-6185 - MoonIOAGNO,Distance STARLINK-6185 - MoonIOAGNO 0001,Distance STARLINK-6185 - MoonIOAGSO,Distance STARLINK-6185 - MoonIOAGSO 0001,Distance STARLINK-6185 - MoonLRO,Distance STARLINK-6185 - MarsSat1,Distance STARLINK-6185 - MarsSat2,Distance STARLINK-6185 - MarsSat3,Distance STARLINK-6185 - MarsSat4,Distance STARLINK-2720 - STARLINK-1963,Distance STARLINK-2720 - STARLINK-31651,Distance STARLINK-2720 - STARLINK-1570,Distance STARLINK-2720 - STARLINK-4791,Distance STARLINK-2720 - STARLINK-4471,Distance STARLINK-2720 - STARLINK-5108,Distance STARLINK-2720 - STARLINK-31175,Distance STARLINK-2720 - STARLINK-3218,Distance STARLINK-2720 - STARLINK-31576,Distance STARLINK-2720 - STARLINK-1782,Distance STARLINK-2720 - STARLINK-5688,Distance STARLINK-2720 - STARLINK-5352,Distance STARLINK-2720 - STARLINK-5061,Distance STARLINK-2720 - STARLINK-1880,Distance STARLINK-2720 - STARLINK-11123 [DTC],Distance STARLINK-2720 - STARLINK-5949,Distance STARLINK-2720 - STARLINK-6149,Distance STARLINK-2720 - STARLINK-31152,Distance STARLINK-2720 - STARLINK-4511,Distance STARLINK-2720 - STARLINK-4172,Distance STARLINK-2720 - STARLINK-1645,Distance STARLINK-2720 - STARLINK-30604,Distance STARLINK-2720 - STARLINK-5600,Distance STARLINK-2720 - STARLINK-3526,Distance STARLINK-2720 - STARLINK-2434,Distance STARLINK-2720 - STARLINK-30069,Distance STARLINK-2720 - STARLINK-31615,Distance STARLINK-2720 - STARLINK-5266,Distance STARLINK-2720 - STARLINK-4609,Distance STARLINK-2720 - MoonARTEMIS1,Distance STARLINK-2720 - MoonARTEMIS2,Distance STARLINK-2720 - MoonIOAGEO,Distance STARLINK-2720 - MoonIOAGNO,Distance STARLINK-2720 - MoonIOAGNO 0001,Distance STARLINK-2720 - MoonIOAGSO,Distance STARLINK-2720 - MoonIOAGSO 0001,Distance STARLINK-2720 - MoonLRO,Distance STARLINK-2720 - MarsSat1,Distance STARLINK-2720 - MarsSat2,Distance STARLINK-2720 - MarsSat3,Distance STARLINK-2720 - MarsSat4,Distance STARLINK-1963 - STARLINK-31651,Distance STARLINK-1963 - STARLINK-1570,Distance STARLINK-1963 - STARLINK-4791,Distance STARLINK-1963 - STARLINK-4471,Distance STARLINK-1963 - STARLINK-5108,Distance STARLINK-1963 - STARLINK-31175,Distance STARLINK-1963 - STARLINK-3218,Distance STARLINK-1963 - STARLINK-31576,Distance STARLINK-1963 - STARLINK-1782,Distance STARLINK-1963 - STARLINK-5688,Distance STARLINK-1963 - STARLINK-5352,Distance STARLINK-1963 - STARLINK-5061,Distance STARLINK-1963 - STARLINK-1880,Distance STARLINK-1963 - STARLINK-11123 [DTC],Distance STARLINK-1963 - STARLINK-5949,Distance STARLINK-1963 - STARLINK-6149,Distance STARLINK-1963 - STARLINK-31152,Distance STARLINK-1963 - STARLINK-4511,Distance STARLINK-1963 - STARLINK-4172,Distance STARLINK-1963 - STARLINK-1645,Distance STARLINK-1963 - STARLINK-30604,Distance STARLINK-1963 - STARLINK-5600,Distance STARLINK-1963 - STARLINK-3526,Distance STARLINK-1963 - STARLINK-2434,Distance STARLINK-1963 - STARLINK-30069,Distance STARLINK-1963 - STARLINK-31615,Distance STARLINK-1963 - STARLINK-5266,Distance STARLINK-1963 - STARLINK-4609,Distance STARLINK-1963 - MoonARTEMIS1,Distance STARLINK-1963 - MoonARTEMIS2,Distance STARLINK-1963 - MoonIOAGEO,Distance STARLINK-1963 - MoonIOAGNO,Distance STARLINK-1963 - MoonIOAGNO 0001,Distance STARLINK-1963 - MoonIOAGSO,Distance STARLINK-1963 - MoonIOAGSO 0001,Distance STARLINK-1963 - MoonLRO,Distance STARLINK-1963 - MarsSat1,Distance STARLINK-1963 - MarsSat2,Distance STARLINK-1963 - MarsSat3,Distance STARLINK-1963 - MarsSat4,Distance STARLINK-31651 - STARLINK-1570,Distance STARLINK-31651 - STARLINK-4791,Distance STARLINK-31651 - STARLINK-4471,Distance STARLINK-31651 - STARLINK-5108,Distance STARLINK-31651 - STARLINK-31175,Distance STARLINK-31651 - STARLINK-3218,Distance STARLINK-31651 - STARLINK-31576,Distance STARLINK-31651 - STARLINK-1782,Distance STARLINK-31651 - STARLINK-5688,Distance STARLINK-31651 - STARLINK-5352,Distance STARLINK-31651 - STARLINK-5061,Distance STARLINK-31651 - STARLINK-1880,Distance STARLINK-31651 - STARLINK-11123 [DTC],Distance STARLINK-31651 - STARLINK-5949,Distance STARLINK-31651 - STARLINK-6149,Distance STARLINK-31651 - STARLINK-31152,Distance STARLINK-31651 - STARLINK-4511,Distance STARLINK-31651 - STARLINK-4172,Distance STARLINK-31651 - STARLINK-1645,Distance STARLINK-31651 - STARLINK-30604,Distance STARLINK-31651 - STARLINK-5600,Distance STARLINK-31651 - STARLINK-3526,Distance STARLINK-31651 - STARLINK-2434,Distance STARLINK-31651 - STARLINK-30069,Distance STARLINK-31651 - STARLINK-31615,Distance STARLINK-31651 - STARLINK-5266,Distance STARLINK-31651 - STARLINK-4609,Distance STARLINK-31651 - MoonARTEMIS1,Distance STARLINK-31651 - MoonARTEMIS2,Distance STARLINK-31651 - MoonIOAGEO,Distance STARLINK-31651 - MoonIOAGNO,Distance STARLINK-31651 - MoonIOAGNO 0001,Distance STARLINK-31651 - MoonIOAGSO,Distance STARLINK-31651 - MoonIOAGSO 0001,Distance STARLINK-31651 - MoonLRO,Distance STARLINK-31651 - MarsSat1,Distance STARLINK-31651 - MarsSat2,Distance STARLINK-31651 - MarsSat3,Distance STARLINK-31651 - MarsSat4,Distance STARLINK-1570 - STARLINK-4791,Distance STARLINK-1570 - STARLINK-4471,Distance STARLINK-1570 - STARLINK-5108,Distance STARLINK-1570 - STARLINK-31175,Distance STARLINK-1570 - STARLINK-3218,Distance STARLINK-1570 - STARLINK-31576,Distance STARLINK-1570 - STARLINK-1782,Distance STARLINK-1570 - STARLINK-5688,Distance STARLINK-1570 - STARLINK-5352,Distance STARLINK-1570 - STARLINK-5061,Distance STARLINK-1570 - STARLINK-1880,Distance STARLINK-1570 - STARLINK-11123 [DTC],Distance STARLINK-1570 - STARLINK-5949,Distance STARLINK-1570 - STARLINK-6149,Distance STARLINK-1570 - STARLINK-31152,Distance STARLINK-1570 - STARLINK-4511,Distance STARLINK-1570 - STARLINK-4172,Distance STARLINK-1570 - STARLINK-1645,Distance STARLINK-1570 - STARLINK-30604,Distance STARLINK-1570 - STARLINK-5600,Distance STARLINK-1570 - STARLINK-3526,Distance STARLINK-1570 - STARLINK-2434,Distance STARLINK-1570 - STARLINK-30069,Distance STARLINK-1570 - STARLINK-31615,Distance STARLINK-1570 - STARLINK-5266,Distance STARLINK-1570 - STARLINK-4609,Distance STARLINK-1570 - MoonARTEMIS1,Distance STARLINK-1570 - MoonARTEMIS2,Distance STARLINK-1570 - MoonIOAGEO,Distance STARLINK-1570 - MoonIOAGNO,Distance STARLINK-1570 - MoonIOAGNO 0001,Distance STARLINK-1570 - MoonIOAGSO,Distance STARLINK-1570 - MoonIOAGSO 0001,Distance STARLINK-1570 - MoonLRO,Distance STARLINK-1570 - MarsSat1,Distance STARLINK-1570 - MarsSat2,Distance STARLINK-1570 - MarsSat3,Distance STARLINK-1570 - MarsSat4,Distance STARLINK-4791 - STARLINK-4471,Distance STARLINK-4791 - STARLINK-5108,Distance STARLINK-4791 - STARLINK-31175,Distance STARLINK-4791 - STARLINK-3218,Distance STARLINK-4791 - STARLINK-31576,Distance STARLINK-4791 - STARLINK-1782,Distance STARLINK-4791 - STARLINK-5688,Distance STARLINK-4791 - STARLINK-5352,Distance STARLINK-4791 - STARLINK-5061,Distance STARLINK-4791 - STARLINK-1880,Distance STARLINK-4791 - STARLINK-11123 [DTC],Distance STARLINK-4791 - STARLINK-5949,Distance STARLINK-4791 - STARLINK-6149,Distance STARLINK-4791 - STARLINK-31152,Distance STARLINK-4791 - STARLINK-4511,Distance STARLINK-4791 - STARLINK-4172,Distance STARLINK-4791 - STARLINK-1645,Distance STARLINK-4791 - STARLINK-30604,Distance STARLINK-4791 - STARLINK-5600,Distance STARLINK-4791 - STARLINK-3526,Distance STARLINK-4791 - STARLINK-2434,Distance STARLINK-4791 - STARLINK-30069,Distance STARLINK-4791 - STARLINK-31615,Distance STARLINK-4791 - STARLINK-5266,Distance STARLINK-4791 - STARLINK-4609,Distance STARLINK-4791 - MoonARTEMIS1,Distance STARLINK-4791 - MoonARTEMIS2,Distance STARLINK-4791 - MoonIOAGEO,Distance STARLINK-4791 - MoonIOAGNO,Distance STARLINK-4791 - MoonIOAGNO 0001,Distance STARLINK-4791 - MoonIOAGSO,Distance STARLINK-4791 - MoonIOAGSO 0001,Distance STARLINK-4791 - MoonLRO,Distance STARLINK-4791 - MarsSat1,Distance STARLINK-4791 - MarsSat2,Distance STARLINK-4791 - MarsSat3,Distance STARLINK-4791 - MarsSat4,Distance STARLINK-4471 - STARLINK-5108,Distance STARLINK-4471 - STARLINK-31175,Distance STARLINK-4471 - STARLINK-3218,Distance STARLINK-4471 - STARLINK-31576,Distance STARLINK-4471 - STARLINK-1782,Distance STARLINK-4471 - STARLINK-5688,Distance STARLINK-4471 - STARLINK-5352,Distance STARLINK-4471 - STARLINK-5061,Distance STARLINK-4471 - STARLINK-1880,Distance STARLINK-4471 - STARLINK-11123 [DTC],Distance STARLINK-4471 - STARLINK-5949,Distance STARLINK-4471 - STARLINK-6149,Distance STARLINK-4471 - STARLINK-31152,Distance STARLINK-4471 - STARLINK-4511,Distance STARLINK-4471 - STARLINK-4172,Distance STARLINK-4471 - STARLINK-1645,Distance STARLINK-4471 - STARLINK-30604,Distance STARLINK-4471 - STARLINK-5600,Distance STARLINK-4471 - STARLINK-3526,Distance STARLINK-4471 - STARLINK-2434,Distance STARLINK-4471 - STARLINK-30069,Distance STARLINK-4471 - STARLINK-31615,Distance STARLINK-4471 - STARLINK-5266,Distance STARLINK-4471 - STARLINK-4609,Distance STARLINK-4471 - MoonARTEMIS1,Distance STARLINK-4471 - MoonARTEMIS2,Distance STARLINK-4471 - MoonIOAGEO,Distance STARLINK-4471 - MoonIOAGNO,Distance STARLINK-4471 - MoonIOAGNO 0001,Distance STARLINK-4471 - MoonIOAGSO,Distance STARLINK-4471 - MoonIOAGSO 0001,Distance STARLINK-4471 - MoonLRO,Distance STARLINK-4471 - MarsSat1,Distance STARLINK-4471 - MarsSat2,Distance STARLINK-4471 - MarsSat3,Distance STARLINK-4471 - MarsSat4,Distance STARLINK-5108 - STARLINK-31175,Distance STARLINK-5108 - STARLINK-3218,Distance STARLINK-5108 - STARLINK-31576,Distance STARLINK-5108 - STARLINK-1782,Distance STARLINK-5108 - STARLINK-5688,Distance STARLINK-5108 - STARLINK-5352,Distance STARLINK-5108 - STARLINK-5061,Distance STARLINK-5108 - STARLINK-1880,Distance STARLINK-5108 - STARLINK-11123 [DTC],Distance STARLINK-5108 - STARLINK-5949,Distance STARLINK-5108 - STARLINK-6149,Distance STARLINK-5108 - STARLINK-31152,Distance STARLINK-5108 - STARLINK-4511,Distance STARLINK-5108 - STARLINK-4172,Distance STARLINK-5108 - STARLINK-1645,Distance STARLINK-5108 - STARLINK-30604,Distance STARLINK-5108 - STARLINK-5600,Distance STARLINK-5108 - STARLINK-3526,Distance STARLINK-5108 - STARLINK-2434,Distance STARLINK-5108 - STARLINK-30069,Distance STARLINK-5108 - STARLINK-31615,Distance STARLINK-5108 - STARLINK-5266,Distance STARLINK-5108 - STARLINK-4609,Distance STARLINK-5108 - MoonARTEMIS1,Distance STARLINK-5108 - MoonARTEMIS2,Distance STARLINK-5108 - MoonIOAGEO,Distance STARLINK-5108 - MoonIOAGNO,Distance STARLINK-5108 - MoonIOAGNO 0001,Distance STARLINK-5108 - MoonIOAGSO,Distance STARLINK-5108 - MoonIOAGSO 0001,Distance STARLINK-5108 - MoonLRO,Distance STARLINK-5108 - MarsSat1,Distance STARLINK-5108 - MarsSat2,Distance STARLINK-5108 - MarsSat3,Distance STARLINK-5108 - MarsSat4,Distance STARLINK-31175 - STARLINK-3218,Distance STARLINK-31175 - STARLINK-31576,Distance STARLINK-31175 - STARLINK-1782,Distance STARLINK-31175 - STARLINK-5688,Distance STARLINK-31175 - STARLINK-5352,Distance STARLINK-31175 - STARLINK-5061,Distance STARLINK-31175 - STARLINK-1880,Distance STARLINK-31175 - STARLINK-11123 [DTC],Distance STARLINK-31175 - STARLINK-5949,Distance STARLINK-31175 - STARLINK-6149,Distance STARLINK-31175 - STARLINK-31152,Distance STARLINK-31175 - STARLINK-4511,Distance STARLINK-31175 - STARLINK-4172,Distance STARLINK-31175 - STARLINK-1645,Distance STARLINK-31175 - STARLINK-30604,Distance STARLINK-31175 - STARLINK-5600,Distance STARLINK-31175 - STARLINK-3526,Distance STARLINK-31175 - STARLINK-2434,Distance STARLINK-31175 - STARLINK-30069,Distance STARLINK-31175 - STARLINK-31615,Distance STARLINK-31175 - STARLINK-5266,Distance STARLINK-31175 - STARLINK-4609,Distance STARLINK-31175 - MoonARTEMIS1,Distance STARLINK-31175 - MoonARTEMIS2,Distance STARLINK-31175 - MoonIOAGEO,Distance STARLINK-31175 - MoonIOAGNO,Distance STARLINK-31175 - MoonIOAGNO 0001,Distance STARLINK-31175 - MoonIOAGSO,Distance STARLINK-31175 - MoonIOAGSO 0001,Distance STARLINK-31175 - MoonLRO,Distance STARLINK-31175 - MarsSat1,Distance STARLINK-31175 - MarsSat2,Distance STARLINK-31175 - MarsSat3,Distance STARLINK-31175 - MarsSat4,Distance STARLINK-3218 - STARLINK-31576,Distance STARLINK-3218 - STARLINK-1782,Distance STARLINK-3218 - STARLINK-5688,Distance STARLINK-3218 - STARLINK-5352,Distance STARLINK-3218 - STARLINK-5061,Distance STARLINK-3218 - STARLINK-1880,Distance STARLINK-3218 - STARLINK-11123 [DTC],Distance STARLINK-3218 - STARLINK-5949,Distance STARLINK-3218 - STARLINK-6149,Distance STARLINK-3218 - STARLINK-31152,Distance STARLINK-3218 - STARLINK-4511,Distance STARLINK-3218 - STARLINK-4172,Distance STARLINK-3218 - STARLINK-1645,Distance STARLINK-3218 - STARLINK-30604,Distance STARLINK-3218 - STARLINK-5600,Distance STARLINK-3218 - STARLINK-3526,Distance STARLINK-3218 - STARLINK-2434,Distance STARLINK-3218 - STARLINK-30069,Distance STARLINK-3218 - STARLINK-31615,Distance STARLINK-3218 - STARLINK-5266,Distance STARLINK-3218 - STARLINK-4609,Distance STARLINK-3218 - MoonARTEMIS1,Distance STARLINK-3218 - MoonARTEMIS2,Distance STARLINK-3218 - MoonIOAGEO,Distance STARLINK-3218 - MoonIOAGNO,Distance STARLINK-3218 - MoonIOAGNO 0001,Distance STARLINK-3218 - MoonIOAGSO,Distance STARLINK-3218 - MoonIOAGSO 0001,Distance STARLINK-3218 - MoonLRO,Distance STARLINK-3218 - MarsSat1,Distance STARLINK-3218 - MarsSat2,Distance STARLINK-3218 - MarsSat3,Distance STARLINK-3218 - MarsSat4,Distance STARLINK-31576 - STARLINK-1782,Distance STARLINK-31576 - STARLINK-5688,Distance STARLINK-31576 - STARLINK-5352,Distance STARLINK-31576 - STARLINK-5061,Distance STARLINK-31576 - STARLINK-1880,Distance STARLINK-31576 - STARLINK-11123 [DTC],Distance STARLINK-31576 - STARLINK-5949,Distance STARLINK-31576 - STARLINK-6149,Distance STARLINK-31576 - STARLINK-31152,Distance STARLINK-31576 - STARLINK-4511,Distance STARLINK-31576 - STARLINK-4172,Distance STARLINK-31576 - STARLINK-1645,Distance STARLINK-31576 - STARLINK-30604,Distance STARLINK-31576 - STARLINK-5600,Distance STARLINK-31576 - STARLINK-3526,Distance STARLINK-31576 - STARLINK-2434,Distance STARLINK-31576 - STARLINK-30069,Distance STARLINK-31576 - STARLINK-31615,Distance STARLINK-31576 - STARLINK-5266,Distance STARLINK-31576 - STARLINK-4609,Distance STARLINK-31576 - MoonARTEMIS1,Distance STARLINK-31576 - MoonARTEMIS2,Distance STARLINK-31576 - MoonIOAGEO,Distance STARLINK-31576 - MoonIOAGNO,Distance STARLINK-31576 - MoonIOAGNO 0001,Distance STARLINK-31576 - MoonIOAGSO,Distance STARLINK-31576 - MoonIOAGSO 0001,Distance STARLINK-31576 - MoonLRO,Distance STARLINK-31576 - MarsSat1,Distance STARLINK-31576 - MarsSat2,Distance STARLINK-31576 - MarsSat3,Distance STARLINK-31576 - MarsSat4,Distance STARLINK-1782 - STARLINK-5688,Distance STARLINK-1782 - STARLINK-5352,Distance STARLINK-1782 - STARLINK-5061,Distance STARLINK-1782 - STARLINK-1880,Distance STARLINK-1782 - STARLINK-11123 [DTC],Distance STARLINK-1782 - STARLINK-5949,Distance STARLINK-1782 - STARLINK-6149,Distance STARLINK-1782 - STARLINK-31152,Distance STARLINK-1782 - STARLINK-4511,Distance STARLINK-1782 - STARLINK-4172,Distance STARLINK-1782 - STARLINK-1645,Distance STARLINK-1782 - STARLINK-30604,Distance STARLINK-1782 - STARLINK-5600,Distance STARLINK-1782 - STARLINK-3526,Distance STARLINK-1782 - STARLINK-2434,Distance STARLINK-1782 - STARLINK-30069,Distance STARLINK-1782 - STARLINK-31615,Distance STARLINK-1782 - STARLINK-5266,Distance STARLINK-1782 - STARLINK-4609,Distance STARLINK-1782 - MoonARTEMIS1,Distance STARLINK-1782 - MoonARTEMIS2,Distance STARLINK-1782 - MoonIOAGEO,Distance STARLINK-1782 - MoonIOAGNO,Distance STARLINK-1782 - MoonIOAGNO 0001,Distance STARLINK-1782 - MoonIOAGSO,Distance STARLINK-1782 - MoonIOAGSO 0001,Distance STARLINK-1782 - MoonLRO,Distance STARLINK-1782 - MarsSat1,Distance STARLINK-1782 - MarsSat2,Distance STARLINK-1782 - MarsSat3,Distance STARLINK-1782 - MarsSat4,Distance STARLINK-5688 - STARLINK-5352,Distance STARLINK-5688 - STARLINK-5061,Distance STARLINK-5688 - STARLINK-1880,Distance STARLINK-5688 - STARLINK-11123 [DTC],Distance STARLINK-5688 - STARLINK-5949,Distance STARLINK-5688 - STARLINK-6149,Distance STARLINK-5688 - STARLINK-31152,Distance STARLINK-5688 - STARLINK-4511,Distance STARLINK-5688 - STARLINK-4172,Distance STARLINK-5688 - STARLINK-1645,Distance STARLINK-5688 - STARLINK-30604,Distance STARLINK-5688 - STARLINK-5600,Distance STARLINK-5688 - STARLINK-3526,Distance STARLINK-5688 - STARLINK-2434,Distance STARLINK-5688 - STARLINK-30069,Distance STARLINK-5688 - STARLINK-31615,Distance STARLINK-5688 - STARLINK-5266,Distance STARLINK-5688 - STARLINK-4609,Distance STARLINK-5688 - MoonARTEMIS1,Distance STARLINK-5688 - MoonARTEMIS2,Distance STARLINK-5688 - MoonIOAGEO,Distance STARLINK-5688 - MoonIOAGNO,Distance STARLINK-5688 - MoonIOAGNO 0001,Distance STARLINK-5688 - MoonIOAGSO,Distance STARLINK-5688 - MoonIOAGSO 0001,Distance STARLINK-5688 - MoonLRO,Distance STARLINK-5688 - MarsSat1,Distance STARLINK-5688 - MarsSat2,Distance STARLINK-5688 - MarsSat3,Distance STARLINK-5688 - MarsSat4,Distance STARLINK-5352 - STARLINK-5061,Distance STARLINK-5352 - STARLINK-1880,Distance STARLINK-5352 - STARLINK-11123 [DTC],Distance STARLINK-5352 - STARLINK-5949,Distance STARLINK-5352 - STARLINK-6149,Distance STARLINK-5352 - STARLINK-31152,Distance STARLINK-5352 - STARLINK-4511,Distance STARLINK-5352 - STARLINK-4172,Distance STARLINK-5352 - STARLINK-1645,Distance STARLINK-5352 - STARLINK-30604,Distance STARLINK-5352 - STARLINK-5600,Distance STARLINK-5352 - STARLINK-3526,Distance STARLINK-5352 - STARLINK-2434,Distance STARLINK-5352 - STARLINK-30069,Distance STARLINK-5352 - STARLINK-31615,Distance STARLINK-5352 - STARLINK-5266,Distance STARLINK-5352 - STARLINK-4609,Distance STARLINK-5352 - MoonARTEMIS1,Distance STARLINK-5352 - MoonARTEMIS2,Distance STARLINK-5352 - MoonIOAGEO,Distance STARLINK-5352 - MoonIOAGNO,Distance STARLINK-5352 - MoonIOAGNO 0001,Distance STARLINK-5352 - MoonIOAGSO,Distance STARLINK-5352 - MoonIOAGSO 0001,Distance STARLINK-5352 - MoonLRO,Distance STARLINK-5352 - MarsSat1,Distance STARLINK-5352 - MarsSat2,Distance STARLINK-5352 - MarsSat3,Distance STARLINK-5352 - MarsSat4,Distance STARLINK-5061 - STARLINK-1880,Distance STARLINK-5061 - STARLINK-11123 [DTC],Distance STARLINK-5061 - STARLINK-5949,Distance STARLINK-5061 - STARLINK-6149,Distance STARLINK-5061 - STARLINK-31152,Distance STARLINK-5061 - STARLINK-4511,Distance STARLINK-5061 - STARLINK-4172,Distance STARLINK-5061 - STARLINK-1645,Distance STARLINK-5061 - STARLINK-30604,Distance STARLINK-5061 - STARLINK-5600,Distance STARLINK-5061 - STARLINK-3526,Distance STARLINK-5061 - STARLINK-2434,Distance STARLINK-5061 - STARLINK-30069,Distance STARLINK-5061 - STARLINK-31615,Distance STARLINK-5061 - STARLINK-5266,Distance STARLINK-5061 - STARLINK-4609,Distance STARLINK-5061 - MoonARTEMIS1,Distance STARLINK-5061 - MoonARTEMIS2,Distance STARLINK-5061 - MoonIOAGEO,Distance STARLINK-5061 - MoonIOAGNO,Distance STARLINK-5061 - MoonIOAGNO 0001,Distance STARLINK-5061 - MoonIOAGSO,Distance STARLINK-5061 - MoonIOAGSO 0001,Distance STARLINK-5061 - MoonLRO,Distance STARLINK-5061 - MarsSat1,Distance STARLINK-5061 - MarsSat2,Distance STARLINK-5061 - MarsSat3,Distance STARLINK-5061 - MarsSat4,Distance STARLINK-1880 - STARLINK-11123 [DTC],Distance STARLINK-1880 - STARLINK-5949,Distance STARLINK-1880 - STARLINK-6149,Distance STARLINK-1880 - STARLINK-31152,Distance STARLINK-1880 - STARLINK-4511,Distance STARLINK-1880 - STARLINK-4172,Distance STARLINK-1880 - STARLINK-1645,Distance STARLINK-1880 - STARLINK-30604,Distance STARLINK-1880 - STARLINK-5600,Distance STARLINK-1880 - STARLINK-3526,Distance STARLINK-1880 - STARLINK-2434,Distance STARLINK-1880 - STARLINK-30069,Distance STARLINK-1880 - STARLINK-31615,Distance STARLINK-1880 - STARLINK-5266,Distance STARLINK-1880 - STARLINK-4609,Distance STARLINK-1880 - MoonARTEMIS1,Distance STARLINK-1880 - MoonARTEMIS2,Distance STARLINK-1880 - MoonIOAGEO,Distance STARLINK-1880 - MoonIOAGNO,Distance STARLINK-1880 - MoonIOAGNO 0001,Distance STARLINK-1880 - MoonIOAGSO,Distance STARLINK-1880 - MoonIOAGSO 0001,Distance STARLINK-1880 - MoonLRO,Distance STARLINK-1880 - MarsSat1,Distance STARLINK-1880 - MarsSat2,Distance STARLINK-1880 - MarsSat3,Distance STARLINK-1880 - MarsSat4,Distance STARLINK-11123 [DTC] - STARLINK-5949,Distance STARLINK-11123 [DTC] - STARLINK-6149,Distance STARLINK-11123 [DTC] - STARLINK-31152,Distance STARLINK-11123 [DTC] - STARLINK-4511,Distance STARLINK-11123 [DTC] - STARLINK-4172,Distance STARLINK-11123 [DTC] - STARLINK-1645,Distance STARLINK-11123 [DTC] - STARLINK-30604,Distance STARLINK-11123 [DTC] - STARLINK-5600,Distance STARLINK-11123 [DTC] - STARLINK-3526,Distance STARLINK-11123 [DTC] - STARLINK-2434,Distance STARLINK-11123 [DTC] - STARLINK-30069,Distance STARLINK-11123 [DTC] - STARLINK-31615,Distance STARLINK-11123 [DTC] - STARLINK-5266,Distance STARLINK-11123 [DTC] - STARLINK-4609,Distance STARLINK-11123 [DTC] - MoonARTEMIS1,Distance STARLINK-11123 [DTC] - MoonARTEMIS2,Distance STARLINK-11123 [DTC] - MoonIOAGEO,Distance STARLINK-11123 [DTC] - MoonIOAGNO,Distance STARLINK-11123 [DTC] - MoonIOAGNO 0001,Distance STARLINK-11123 [DTC] - MoonIOAGSO,Distance STARLINK-11123 [DTC] - MoonIOAGSO 0001,Distance STARLINK-11123 [DTC] - MoonLRO,Distance STARLINK-11123 [DTC] - MarsSat1,Distance STARLINK-11123 [DTC] - MarsSat2,Distance STARLINK-11123 [DTC] - MarsSat3,Distance STARLINK-11123 [DTC] - MarsSat4,Distance STARLINK-5949 - STARLINK-6149,Distance STARLINK-5949 - STARLINK-31152,Distance STARLINK-5949 - STARLINK-4511,Distance STARLINK-5949 - STARLINK-4172,Distance STARLINK-5949 - STARLINK-1645,Distance STARLINK-5949 - STARLINK-30604,Distance STARLINK-5949 - STARLINK-5600,Distance STARLINK-5949 - STARLINK-3526,Distance STARLINK-5949 - STARLINK-2434,Distance STARLINK-5949 - STARLINK-30069,Distance STARLINK-5949 - STARLINK-31615,Distance STARLINK-5949 - STARLINK-5266,Distance STARLINK-5949 - STARLINK-4609,Distance STARLINK-5949 - MoonARTEMIS1,Distance STARLINK-5949 - MoonARTEMIS2,Distance STARLINK-5949 - MoonIOAGEO,Distance STARLINK-5949 - MoonIOAGNO,Distance STARLINK-5949 - MoonIOAGNO 0001,Distance STARLINK-5949 - MoonIOAGSO,Distance STARLINK-5949 - MoonIOAGSO 0001,Distance STARLINK-5949 - MoonLRO,Distance STARLINK-5949 - MarsSat1,Distance STARLINK-5949 - MarsSat2,Distance STARLINK-5949 - MarsSat3,Distance STARLINK-5949 - MarsSat4,Distance STARLINK-6149 - STARLINK-31152,Distance STARLINK-6149 - STARLINK-4511,Distance STARLINK-6149 - STARLINK-4172,Distance STARLINK-6149 - STARLINK-1645,Distance STARLINK-6149 - STARLINK-30604,Distance STARLINK-6149 - STARLINK-5600,Distance STARLINK-6149 - STARLINK-3526,Distance STARLINK-6149 - STARLINK-2434,Distance STARLINK-6149 - STARLINK-30069,Distance STARLINK-6149 - STARLINK-31615,Distance STARLINK-6149 - STARLINK-5266,Distance STARLINK-6149 - STARLINK-4609,Distance STARLINK-6149 - MoonARTEMIS1,Distance STARLINK-6149 - MoonARTEMIS2,Distance STARLINK-6149 - MoonIOAGEO,Distance STARLINK-6149 - MoonIOAGNO,Distance STARLINK-6149 - MoonIOAGNO 0001,Distance STARLINK-6149 - MoonIOAGSO,Distance STARLINK-6149 - MoonIOAGSO 0001,Distance STARLINK-6149 - MoonLRO,Distance STARLINK-6149 - MarsSat1,Distance STARLINK-6149 - MarsSat2,Distance STARLINK-6149 - MarsSat3,Distance STARLINK-6149 - MarsSat4,Distance STARLINK-31152 - STARLINK-4511,Distance STARLINK-31152 - STARLINK-4172,Distance STARLINK-31152 - STARLINK-1645,Distance STARLINK-31152 - STARLINK-30604,Distance STARLINK-31152 - STARLINK-5600,Distance STARLINK-31152 - STARLINK-3526,Distance STARLINK-31152 - STARLINK-2434,Distance STARLINK-31152 - STARLINK-30069,Distance STARLINK-31152 - STARLINK-31615,Distance STARLINK-31152 - STARLINK-5266,Distance STARLINK-31152 - STARLINK-4609,Distance STARLINK-31152 - MoonARTEMIS1,Distance STARLINK-31152 - MoonARTEMIS2,Distance STARLINK-31152 - MoonIOAGEO,Distance STARLINK-31152 - MoonIOAGNO,Distance STARLINK-31152 - MoonIOAGNO 0001,Distance STARLINK-31152 - MoonIOAGSO,Distance STARLINK-31152 - MoonIOAGSO 0001,Distance STARLINK-31152 - MoonLRO,Distance STARLINK-31152 - MarsSat1,Distance STARLINK-31152 - MarsSat2,Distance STARLINK-31152 - MarsSat3,Distance STARLINK-31152 - MarsSat4,Distance STARLINK-4511 - STARLINK-4172,Distance STARLINK-4511 - STARLINK-1645,Distance STARLINK-4511 - STARLINK-30604,Distance STARLINK-4511 - STARLINK-5600,Distance STARLINK-4511 - STARLINK-3526,Distance STARLINK-4511 - STARLINK-2434,Distance STARLINK-4511 - STARLINK-30069,Distance STARLINK-4511 - STARLINK-31615,Distance STARLINK-4511 - STARLINK-5266,Distance STARLINK-4511 - STARLINK-4609,Distance STARLINK-4511 - MoonARTEMIS1,Distance STARLINK-4511 - MoonARTEMIS2,Distance STARLINK-4511 - MoonIOAGEO,Distance STARLINK-4511 - MoonIOAGNO,Distance STARLINK-4511 - MoonIOAGNO 0001,Distance STARLINK-4511 - MoonIOAGSO,Distance STARLINK-4511 - MoonIOAGSO 0001,Distance STARLINK-4511 - MoonLRO,Distance STARLINK-4511 - MarsSat1,Distance STARLINK-4511 - MarsSat2,Distance STARLINK-4511 - MarsSat3,Distance STARLINK-4511 - MarsSat4,Distance STARLINK-4172 - STARLINK-1645,Distance STARLINK-4172 - STARLINK-30604,Distance STARLINK-4172 - STARLINK-5600,Distance STARLINK-4172 - STARLINK-3526,Distance STARLINK-4172 - STARLINK-2434,Distance STARLINK-4172 - STARLINK-30069,Distance STARLINK-4172 - STARLINK-31615,Distance STARLINK-4172 - STARLINK-5266,Distance STARLINK-4172 - STARLINK-4609,Distance STARLINK-4172 - MoonARTEMIS1,Distance STARLINK-4172 - MoonARTEMIS2,Distance STARLINK-4172 - MoonIOAGEO,Distance STARLINK-4172 - MoonIOAGNO,Distance STARLINK-4172 - MoonIOAGNO 0001,Distance STARLINK-4172 - MoonIOAGSO,Distance STARLINK-4172 - MoonIOAGSO 0001,Distance STARLINK-4172 - MoonLRO,Distance STARLINK-4172 - MarsSat1,Distance STARLINK-4172 - MarsSat2,Distance STARLINK-4172 - MarsSat3,Distance STARLINK-4172 - MarsSat4,Distance STARLINK-1645 - STARLINK-30604,Distance STARLINK-1645 - STARLINK-5600,Distance STARLINK-1645 - STARLINK-3526,Distance STARLINK-1645 - STARLINK-2434,Distance STARLINK-1645 - STARLINK-30069,Distance STARLINK-1645 - STARLINK-31615,Distance STARLINK-1645 - STARLINK-5266,Distance STARLINK-1645 - STARLINK-4609,Distance STARLINK-1645 - MoonARTEMIS1,Distance STARLINK-1645 - MoonARTEMIS2,Distance STARLINK-1645 - MoonIOAGEO,Distance STARLINK-1645 - MoonIOAGNO,Distance STARLINK-1645 - MoonIOAGNO 0001,Distance STARLINK-1645 - MoonIOAGSO,Distance STARLINK-1645 - MoonIOAGSO 0001,Distance STARLINK-1645 - MoonLRO,Distance STARLINK-1645 - MarsSat1,Distance STARLINK-1645 - MarsSat2,Distance STARLINK-1645 - MarsSat3,Distance STARLINK-1645 - MarsSat4,Distance STARLINK-30604 - STARLINK-5600,Distance STARLINK-30604 - STARLINK-3526,Distance STARLINK-30604 - STARLINK-2434,Distance STARLINK-30604 - STARLINK-30069,Distance STARLINK-30604 - STARLINK-31615,Distance STARLINK-30604 - STARLINK-5266,Distance STARLINK-30604 - STARLINK-4609,Distance STARLINK-30604 - MoonARTEMIS1,Distance STARLINK-30604 - MoonARTEMIS2,Distance STARLINK-30604 - MoonIOAGEO,Distance STARLINK-30604 - MoonIOAGNO,Distance STARLINK-30604 - MoonIOAGNO 0001,Distance STARLINK-30604 - MoonIOAGSO,Distance STARLINK-30604 - MoonIOAGSO 0001,Distance STARLINK-30604 - MoonLRO,Distance STARLINK-30604 - MarsSat1,Distance STARLINK-30604 - MarsSat2,Distance STARLINK-30604 - MarsSat3,Distance STARLINK-30604 - MarsSat4,Distance STARLINK-5600 - STARLINK-3526,Distance STARLINK-5600 - STARLINK-2434,Distance STARLINK-5600 - STARLINK-30069,Distance STARLINK-5600 - STARLINK-31615,Distance STARLINK-5600 - STARLINK-5266,Distance STARLINK-5600 - STARLINK-4609,Distance STARLINK-5600 - MoonARTEMIS1,Distance STARLINK-5600 - MoonARTEMIS2,Distance STARLINK-5600 - MoonIOAGEO,Distance STARLINK-5600 - MoonIOAGNO,Distance STARLINK-5600 - MoonIOAGNO 0001,Distance STARLINK-5600 - MoonIOAGSO,Distance STARLINK-5600 - MoonIOAGSO 0001,Distance STARLINK-5600 - MoonLRO,Distance STARLINK-5600 - MarsSat1,Distance STARLINK-5600 - MarsSat2,Distance STARLINK-5600 - MarsSat3,Distance STARLINK-5600 - MarsSat4,Distance STARLINK-3526 - STARLINK-2434,Distance STARLINK-3526 - STARLINK-30069,Distance STARLINK-3526 - STARLINK-31615,Distance STARLINK-3526 - STARLINK-5266,Distance STARLINK-3526 - STARLINK-4609,Distance STARLINK-3526 - MoonARTEMIS1,Distance STARLINK-3526 - MoonARTEMIS2,Distance STARLINK-3526 - MoonIOAGEO,Distance STARLINK-3526 - MoonIOAGNO,Distance STARLINK-3526 - MoonIOAGNO 0001,Distance STARLINK-3526 - MoonIOAGSO,Distance STARLINK-3526 - MoonIOAGSO 0001,Distance STARLINK-3526 - MoonLRO,Distance STARLINK-3526 - MarsSat1,Distance STARLINK-3526 - MarsSat2,Distance STARLINK-3526 - MarsSat3,Distance STARLINK-3526 - MarsSat4,Distance STARLINK-2434 - STARLINK-30069,Distance STARLINK-2434 - STARLINK-31615,Distance STARLINK-2434 - STARLINK-5266,Distance STARLINK-2434 - STARLINK-4609,Distance STARLINK-2434 - MoonARTEMIS1,Distance STARLINK-2434 - MoonARTEMIS2,Distance STARLINK-2434 - MoonIOAGEO,Distance STARLINK-2434 - MoonIOAGNO,Distance STARLINK-2434 - MoonIOAGNO 0001,Distance STARLINK-2434 - MoonIOAGSO,Distance STARLINK-2434 - MoonIOAGSO 0001,Distance STARLINK-2434 - MoonLRO,Distance STARLINK-2434 - MarsSat1,Distance STARLINK-2434 - MarsSat2,Distance STARLINK-2434 - MarsSat3,Distance STARLINK-2434 - MarsSat4,Distance STARLINK-30069 - STARLINK-31615,Distance STARLINK-30069 - STARLINK-5266,Distance STARLINK-30069 - STARLINK-4609,Distance STARLINK-30069 - MoonARTEMIS1,Distance STARLINK-30069 - MoonARTEMIS2,Distance STARLINK-30069 - MoonIOAGEO,Distance STARLINK-30069 - MoonIOAGNO,Distance STARLINK-30069 - MoonIOAGNO 0001,Distance STARLINK-30069 - MoonIOAGSO,Distance STARLINK-30069 - MoonIOAGSO 0001,Distance STARLINK-30069 - MoonLRO,Distance STARLINK-30069 - MarsSat1,Distance STARLINK-30069 - MarsSat2,Distance STARLINK-30069 - MarsSat3,Distance STARLINK-30069 - MarsSat4,Distance STARLINK-31615 - STARLINK-5266,Distance STARLINK-31615 - STARLINK-4609,Distance STARLINK-31615 - MoonARTEMIS1,Distance STARLINK-31615 - MoonARTEMIS2,Distance STARLINK-31615 - MoonIOAGEO,Distance STARLINK-31615 - MoonIOAGNO,Distance STARLINK-31615 - MoonIOAGNO 0001,Distance STARLINK-31615 - MoonIOAGSO,Distance STARLINK-31615 - MoonIOAGSO 0001,Distance STARLINK-31615 - MoonLRO,Distance STARLINK-31615 - MarsSat1,Distance STARLINK-31615 - MarsSat2,Distance STARLINK-31615 - MarsSat3,Distance STARLINK-31615 - MarsSat4,Distance STARLINK-5266 - STARLINK-4609,Distance STARLINK-5266 - MoonARTEMIS1,Distance STARLINK-5266 - MoonARTEMIS2,Distance STARLINK-5266 - MoonIOAGEO,Distance STARLINK-5266 - MoonIOAGNO,Distance STARLINK-5266 - MoonIOAGNO 0001,Distance STARLINK-5266 - MoonIOAGSO,Distance STARLINK-5266 - MoonIOAGSO 0001,Distance STARLINK-5266 - MoonLRO,Distance STARLINK-5266 - MarsSat1,Distance STARLINK-5266 - MarsSat2,Distance STARLINK-5266 - MarsSat3,Distance STARLINK-5266 - MarsSat4,Distance STARLINK-4609 - MoonARTEMIS1,Distance STARLINK-4609 - MoonARTEMIS2,Distance STARLINK-4609 - MoonIOAGEO,Distance STARLINK-4609 - MoonIOAGNO,Distance STARLINK-4609 - MoonIOAGNO 0001,Distance STARLINK-4609 - MoonIOAGSO,Distance STARLINK-4609 - MoonIOAGSO 0001,Distance STARLINK-4609 - MoonLRO,Distance STARLINK-4609 - MarsSat1,Distance STARLINK-4609 - MarsSat2,Distance STARLINK-4609 - MarsSat3,Distance STARLINK-4609 - MarsSat4,Distance MoonARTEMIS1 - MoonARTEMIS2,Distance MoonARTEMIS1 - MoonIOAGEO,Distance MoonARTEMIS1 - MoonIOAGNO,Distance MoonARTEMIS1 - MoonIOAGNO 0001,Distance MoonARTEMIS1 - MoonIOAGSO,Distance MoonARTEMIS1 - MoonIOAGSO 0001,Distance MoonARTEMIS1 - MoonLRO,Distance MoonARTEMIS1 - MarsSat1,Distance MoonARTEMIS1 - MarsSat2,Distance MoonARTEMIS1 - MarsSat3,Distance MoonARTEMIS1 - MarsSat4,Distance MoonARTEMIS2 - MoonIOAGEO,Distance MoonARTEMIS2 - MoonIOAGNO,Distance MoonARTEMIS2 - MoonIOAGNO 0001,Distance MoonARTEMIS2 - MoonIOAGSO,Distance MoonARTEMIS2 - MoonIOAGSO 0001,Distance MoonARTEMIS2 - MoonLRO,Distance MoonARTEMIS2 - MarsSat1,Distance MoonARTEMIS2 - MarsSat2,Distance MoonARTEMIS2 - MarsSat3,Distance MoonARTEMIS2 - MarsSat4,Distance MoonIOAGEO - MoonIOAGNO,Distance MoonIOAGEO - MoonIOAGNO 0001,Distance MoonIOAGEO - MoonIOAGSO,Distance MoonIOAGEO - MoonIOAGSO 0001,Distance MoonIOAGEO - MoonLRO,Distance MoonIOAGEO - MarsSat1,Distance MoonIOAGEO - MarsSat2,Distance MoonIOAGEO - MarsSat3,Distance MoonIOAGEO - MarsSat4,Distance MoonIOAGNO - MoonIOAGNO 0001,Distance MoonIOAGNO - MoonIOAGSO,Distance MoonIOAGNO - MoonIOAGSO 0001,Distance MoonIOAGNO - MoonLRO,Distance MoonIOAGNO - MarsSat1,Distance MoonIOAGNO - MarsSat2,Distance MoonIOAGNO - MarsSat3,Distance MoonIOAGNO - MarsSat4,Distance MoonIOAGNO 0001 - MoonIOAGSO,Distance MoonIOAGNO 0001 - MoonIOAGSO 0001,Distance MoonIOAGNO 0001 - MoonLRO,Distance MoonIOAGNO 0001 - MarsSat1,Distance MoonIOAGNO 0001 - MarsSat2,Distance MoonIOAGNO 0001 - MarsSat3,Distance MoonIOAGNO 0001 - MarsSat4,Distance MoonIOAGSO - MoonIOAGSO 0001,Distance MoonIOAGSO - MoonLRO,Distance MoonIOAGSO - MarsSat1,Distance MoonIOAGSO - MarsSat2,Distance MoonIOAGSO - MarsSat3,Distance MoonIOAGSO - MarsSat4,Distance MoonIOAGSO 0001 - MoonLRO,Distance MoonIOAGSO 0001 - MarsSat1,Distance MoonIOAGSO 0001 - MarsSat2,Distance MoonIOAGSO 0001 - MarsSat3,Distance MoonIOAGSO 0001 - MarsSat4,Distance MoonLRO - MarsSat1,Distance MoonLRO - MarsSat2,Distance MoonLRO - MarsSat3,Distance MoonLRO - MarsSat4,Distance MarsSat1 - MarsSat2,Distance MarsSat1 - MarsSat3,Distance MarsSat1 - MarsSat4,Distance MarsSat2 - MarsSat3,Distance MarsSat2 - MarsSat4,Distance MarsSat3 - MarsSat4,
SECONDS,km,km,km,km,km,km,km,km,km,km,km,km,km,km,km,km,km,km,km,km,km,km,km,km,km,km,km,km,km,km,km,km,km,km,km,km,km,km,km,km,km,km,km,km,km,km,km,km,km,km,km,km,km,km,km,km,km,km,km,km,km,km,km,km,km,km,km,km,km,km,km,km,km,km,km,km,km,km,km,km,km,km,km,km,km,km,km,km,km,km,km,km,km,km,km,km,km,km,km,km,km,km,km,km,km,km,km,km,km,km,km,km,km,km,km,km,km,km,km,km,km,km,km,km,km,km,km,km,km,km,km,km,km,km,km,km,km,km,km,km,km,km,km,km,km,km,km,km,km,km,km,km,km,km,km,km,km,km,km,km,km,km,km,km,km,km,km,km,km,km,km,km,km,km,km,km,km,km,km,km,km,km,km,km,km,km,km,km,km,km,km,km,km,km,km,km,km,km,km,km,km,km,km,km,km,km,km,km,km,km,km,km,km,km,km,km,km,km,km,km,km,km,km,km,km,km,km,km,km,km,km,km,km,km,km,km,km,km,km,km,km,km,km,km,km,km,km,km,km,km,km,km,km,km,km,km,km,km,km,km,km,km,km,km,km,km,km,km,km,km,km,km,km,km,km,km,km,km,km,km,km,km,km,km,km,km,km,km,km,km,km,km,km,km,km,km,km,km,km,km,km,km,km,km,km,km,km,km,km,km,km,km,km,km,km,km,km,km,km,km,km,km,km,km,km,km,km,km,km,km,km,km,km,km,km,km,km,km,km,km,km,km,km,km,km,km,km,km,km,km,km,km,km,km,km,km,km,km,km,km,km,km,km,km,km,km,km,km,km,km,km,km,km,km,km,km,km,km,km,km,km,km,km,km,km,km,km,km,km,km,km,km,km,km,km,km,km,km,km,km,km,km,km,km,km,km,km,km,km,km,km,km,km,km,km,km,km,km,km,km,km,km,km,km,km,km,km,km,km,km,km,km,km,km,km,km,km,km,km,km,km,km,km,km,km,km,km,km,km,km,km,km,km,km,km,km,km,km,km,km,km,km,km,km,km,km,km,km,km,km,km,km,km,km,km,km,km,km,km,km,km,km,km,km,km,km,km,km,km,km,km,km,km,km,km,km,km,km,km,km,km,km,km,km,km,km,km,km,km,km,km,km,km,km,km,km,km,km,km,km,km,km,km,km,km,km,km,km,km,km,km,km,km,km,km,km,km,km,km,km,km,km,km,km,km,km,km,km,km,km,km,km,km,km,km,km,km,km,km,km,km,km,km,km,km,km,km,km,km,km,km,km,km,km,km,km,km,km,km,km,km,km,km,km,km,km,km,km,km,km,km,km,km,km,km,km,km,km,km,km,km,km,km,km,km,km,km,km,km,km,km,km,km,km,km,km,km,km,km,km,km,km,km,km,km,km,km,km,km,km,km,km,km,km,km,km,km,km,km,km,km,km,km,km,km,km,km,km,km,km,km,km,km,km,km,km,km,km,km,km,km,km,km,km,km,km,km,km,km,km,km,km,km,km,km,km,km,km,km,km,km,km,km,km,km,km,km,km,km,km,km,km,km,km,km,km,km,km,km,km,km,km,km,km,km,km,km,km,km,km,km,km,km,km,km,km,km,km,km,km,km,km,km,km,km,km,km,km,km,km,km,km,km,km,km,km,km,km,km,km,km,km,km,km,km,km,km,km,km,km,km,km,km,km,km,km,km,km,km,km,km,km,km,km,km,km,km,km,km,km,km,km,km,km,km,km,km,km,km,km,km,km,km,km,km,km,km,km,km,km,km,km,km,km,km,km,km,km,km,km,km,km,km,km,km,km,km,km,km,km,km,km,km,km,km,km,km,km,km,km,km,km,km,km,km,km,km,km,km,km,km,km,km,km,km,km,km,km,km,km,km,km,km,km,km,km,km,km,km,km,km,km,km,km,km,km,km,km,km,km,km,km,km,km,km,km,km,km,km,km,km,km,km,km,km,km,km,km,km,km,km,km,km,km,km,km,km,km,km,km,km,km,km,km,km,km,km,km,km,km,km,km,km,km,km,km,km,km,km,km,km,km,km,km,km,km,km,km,km,km,km,km,km,km,km,km,km,km,km,km,km,km,km,km,km,km,km,km,km,km,km,km,km,km,km,km,km,km,km,km,km,km,km,km,km,km,km,km,km,km,km,km,km,km,km,km,km,km,km,km,km,km,km,km,km,km,km,km,km,km,km,km,km,km,km,km,km,km,km,km,km,km,km,km,km,km,km,km,km,km,km,km,km,km,km,km,km,km,km,km,km,km,km,km,km,km,km,km,km,km,km,km,km,km,km,km,km,km,km,km,km,km,km,km,km,km,km,km,km,km,km,km,km,km,km,km,km,km,km,km,km,km,km,km,km,km,km,km,km,km,km,km,km,km,km,km,km,km,km,km,km,km,km,km,km,km,km,km,km,km,km,km,km,km,km,km,km,km,km,km,km,km,km,km,km,km,km,km,km,km,km,km,km,km,km,km,km,km,km,km,km,km,km,km,km,km,km,km,km,km,km,km,km,km,km,km,km,km,km,km,km,km,km,km,km,km,km,km,km,km,km,km,km,km,km,km,km,km,km,km,km,km,km,km,km,km,km,km,km,km,km,km,km,km,km,km,km,km,km,km,km,km,km,km,km,km,km,km,km,km,km,km,km,km,km,km,km,km,km,km,km,km,km,km,km,km,km,km,km,km,km,km,km,km,km,km,km,km,km,km,km,km,km,km,km,km,km,km,km,km,km,km,km,km,km,km,km,km,km,km,km,km,km,km,km,km,km,km,km,km,km,km,km,km,km,km,km,km,km,km,km,km,km,km,km,km,km,km,km,km,km,km,km,km,km,km,km,km,km,km,km,km,km,km,km,km,km,km,km,km,km,km,km,km,km,km,km,km,km,km,km,km,km,km,km,km,km,km,km,km,km,km,km,km,km,km,km,km,km,km,km,km,km,km,km,km,km,km,km,km,km,km,km,km,km,km,km,km,km,km,km,km,km,km,km,km,km,km,km,km,km,km,km,km,km,km,km,km,km,km,km,km,km,km,km,km,km,km,km,km,km,km,km,km,km,km,km,km,km,km,km,km,km,km,km,km,km,km,km,km,km,km,km,km,km,km,km,km,km,km,km,km,km,km,km,km,km,km,km,km,km,km,km,km,km,km,km,km,km,km,km,km,km,km,km,km,km,km,km,km,km,km,km,km,km,km,km,km,km,km,km,km,km,km,km,km,km,km,km,km,km,km,km,km,km,km,km,km,km,km,km,km,km,km,km,km,km,km,km,km,km,km,km,km,km,km,km,km,km,km,km,km,km,km,km,km,km,km,km,km,km,km,km,km,km,km,km,km,km,km,km,km,km,km,km,km,km,km,km,km,km,km,km,km,km,km,km,km,km,km,km,km,km,km,km,km,km,km,km,km,km,km,km,km,km,km,km,km,km,km,km,km,km,km,km,km,km,km,km,km,km,km,km,km,km,km,km,km,km,km,km,km,km,km,km,km,km,km,km,km,km,km,km,km,km,km,km,km,km,km,km,km,km,km,km,km,km,km,km,km,km,km,km,km,km,km,km,km,km,km,km,km,km,km,km,km,km,km,km,km,km,km,km,km,km,km,km,km,km,km,km,km,km,km,km,km,km,km,km,km,km,km,km,km,km,km,km,km,km,km,km,km,km,km,km,km,km,km,km,km,km,km,km,km,km,km,km,km,km,km,km,km,km,km,km,km,km,km,km,km,km,km,km,km,km,km,km,km,km,km,km,km,km,km,km,km,km,km,km,km,km,km,km,km,km,km,km,km,km,km,km,km,km,km,km,km,km,km,km,km,km,km,km,km,km,km,km,km,km,km,km,km,km,km,km,km,km,km,km,km,km,km,km,km,km,km,km,km,km,km,km,km,km,km,km,km,km,km,km,km,km,km,km,km,km,km,km,km,km,km,km,km,km,km,km,km,km,km,km,km,km,km,km,km,km,km,km,km,km,km,km,km,km,km,km,km,km,km,km,km,km,km,km,km,km,km,km,km,km,km,km,km,km,km,km,km,km,km,km,km,km,km,km,km,km,km,km,km,km,km,km,km,km,km,km,km,km,km,km,km,km,km,km,km,km,km,km,km,km,km,km,km,km,km,km,km,km,km,km,km,km,km,km,km,km,km,km,km,km,km,km,km,km,km,km,km,km,km,km,km,km,km,km,km,km,km,km,km,km,km,km,km,km,km,km,km,km,km,km,km,km,km,km,km,km,km,km,km,km,km,km,km,km,km,km,km,km,km,km,km,km,km,km,km,km,km,km,km,km,km,km,km,km,km,km,km,km,km,km,km,km,km,km,km,km,km,km,km,km,km,km,km,km,km,km,km,km,km,km,km,km,km,km,km,km,km,km,km,km,km,km,km,km,km,km,km,km,km,km,km,km,km,km,km,km,km,km,km,km,km,km,km,km,km,km,km,km,km,km,km,km,km,km,km,km,km,km,km,km,km,km,km,km,km,km,km,km,km,km,km,km,km,km,km,km,km,km,km,km,km,km,km,km,km,km,km,km,km,km,km,km,km,km,km,km,km,km,km,km,km,km,km,km,km,km,km,km,km,km,km,km,km,km,km,km,km,km,km,km,km,km,km,km,km,km,km,km,km,km,km,km,km,km,km,km,km,km,km,km,km,km,km,km,km,km,km,km,km,km,km,km,km,km,km,km,km,km,km,km,km,km,km,km,km,km,km,km,km,km,km,km,km,km,km,km,km,km,km,km,km,km,km,km,km,km,km,km,km,km,km,km,km,km,km,km,km,km,km,km,km,km,km,km,km,km,km,km,km,km,km,km,km,km,km,km,km,km,km,km,km,km,km,km,km,km,km,km,km,km,km,km,km,km,km,km,km,km,km,km,km,km,km,km,km,km,km,km,km,km,km,km,km,km,km,km,km,km,km,km,km,km,km,km,km,km,km,km,km,km,km,km,km,km,km,km,km,km,km,km,km,km,km,km,km,km,km,km,km,km,km,km,km,km,km,km,km,km,km,km,km,km,km,km,km,km,km,km,km,km,km,km,km,km,km,km,km,km,km,km,km,km,km,km,km,km,km,km,km,km,km,km,km,km,km,km,km,km,km,km,km,km,km,km,km,km,km,km,km,km,km,km,km,km,km,km,km,km,km,km,km,km,km,km,km,km,km,km,km,km,km,km,km,km,km,km,km,km,km,km,km,km,km,km,km,km,km,km,km,km,km,km,km,km,km,km,km,km,km,km,km,km,km,km,km,km,km,km,km,km,km,km,km,km,km,km,km,km,km,km,km,km,km,km,km,km,km,km,km,km,km,km,km,km,km,km,km,km,km,km,km,km,km,km,km,km,km,km,km,km,km,km,km,km,km,km,km,km,km,km,km,km,km,km,km,km,km,km,km,km,km,km,km,km,km,km,km,km,km,km,km,km,km,km,km,km,km,km,km,km,km,km,km,km,km,km,km,km,km,km,km,km,km,km,km,km,km,km,km,km,km,km,km,km,km,km,km,km,km,km,km,km,km,km,km,km,km,km,km,km,km,km,km,km,km,km,km,km,km,km,km,km,km,km,km,km,km,km,km,km,km,km,km,km,km,km,km,km,km,km,km,km,km,km,km,km,km,km,km,km,km,km,km,km,km,km,km,km,km,km,km,km,km,km,km,km,km,km,km,km,km,km,km,km,km,km,km,km,km,km,km,km,km,km,km,km,km,km,km,km,km,km,km,km,km,km,km,km,km,km,km,km,km,km,km,km,km,km,km,km,km,km,km,km,km,km,km,km,km,km,km,km,km,km,km,km,km,km,km,km,km,km,km,km,km,km,km,km,km,km,km,km,km,km,km,km,km,km,km,km,km,km,km,km,km,km,km,km,km,km,km,km,km,km,km,km,km,km,km,km,km,km,km,km,km,km,km,km,km,km,km,km,km,km,km,km,km,km,km,km,km,km,km,km,km,km,km,km,km,km,km,km,km,km,km,km,km,km,km,km,km,km,km,km,km,km,km,km,km,km,km,km,km,km,km,km,km,km,km,km,km,km,km,km,km,km,km,km,km,km,km,km,km,km,km,km,km,km,km,km,km,km,km,km,km,km,km,km,km,km,km,km,km,km,km,km,km,km,km,km,km,km,km,km,km,km,km,km,km,km,km,km,km,km,km,km,km,km,km,km,km,km,km,km,km,km,km,km,km,km,km,km,km,km,km,km,km,km,km,km,km,km,km,km,km,km,km,km,km,km,km,km,km,km,km,km,km,km,km,km,km,km,km,km,km,km,km,km,km,km,km,km,km,km,km,km,km,km,km,km,km,km,km,km,km,km,km,km,km,km,km,km,km,km,km,km,km,km,km,km,km,km,km,km,km,km,km,km,km,km,km,km,km,km,km,km,km,km,km,km,km,km,km,km,km,km,km,km,km,km,km,km,km,km,km,km,km,km,km,km,km,km,km,km,km,km,km,km,km,km,km,km,km,km,km,km,km,km,km,km,km,km,km,km,km,km,km,km,km,km,km,km,km,km,km,km,km,km,km,km,km,km,km,km,km,km,km,km,km,km,km,km,km,km,km,km,km,km,km,km,km,km,km,km,km,km,km,km,km,km,km,km,km,km,km,km,km,km,km,km,km,km,km,km,km,km,km,km,km,km,km,km,km,km,km,km,km,km,km,km,km,km,km,km,km,km,km,km,km,km,km,km,km,km,km,km,km,km,km,km,km,km,km,km,km,km,km,km,km,km,km,km,km,km,km,km,km,km,km,km,km,km,km,km,km,km,km,km,km,km,km,km,km,km,km,km,km,km,km,km,km,km,km,km,km,km,km,km,km,km,km,km,km,km,km,km,km,km,km,km,km,km,km,km,km,km,km,km,km,km,km,km,km,km,km,km,km,km,km,km,km,km,km,km,km,km,km,km,km,km,km,km,km,km,km,km,km,km,km,km,km,km,km,km,km,km,km,km,km,km,km,km,km,km,km,km,km,km,km,km,km,km,km,km,km,km,km,km,km,km,km,km,km,km,km,km,km,km,km,km,km,km,km,km,km,km,km,km,km,km,km,km,km,km,km,km,km,km,km,km,km,km,km,km,km,km,km,km,km,km,km,km,km,km,km,km,km,km,km,km,km,km,km,km,km,km,km,km,km,km,km,km,km,km,km,km,km,km,km,km,km,km,km,km,km,km,km,km,km,km,km,km,km,km,km,km,km,km,km,km,km,km,km,km,km,km,km,km,km,km,km,km,km,km,km,km,km,km,km,km,km,km,km,km,km,km,km,km,km,km,km,km,km,km,km,km,km,km,km,km,km,km,km,km,km,km,km,km,km,km,km,km,km,km,km,km,km,km,km,km,km,km,km,km,km,km,km,km,km,km,km,km,km,km,km,km,km,km,km,km,km,km,km,km,km,km,km,km,km,km,km,km,km,km,km,km,km,km,km,km,km,km,km,km,km,km,km,km,km,km,km,km,km,km,km,km,km,km,km,km,km,km,km,km,km,km,km,km,km,km,km,km,km,km,km,km,km,km,km,km,km,km,km,km,km,km,km,km,km,km,km,km,km,km,km,km,km,km,km,km,km,km,km,km,km,km,km,km,km,km,km,km,km,km,km,km,km,km,km,km,km,km,km,km,km,km,km,km,km,km,km,km,km,km,km,km,km,km,km,km,km,km,km,km,km,km,km,km,km,km,km,km,km,km,km,km,km,km,km,km,km,km,km,km,km,km,km,km,km,km,km,km,km,km,km,km,km,km,km,km,km,km,km,km,km,km,km,km,km,km,km,km,km,km,km,km,km,km,km,km,km,km,km,km,km,km,km,km,km,km,km,km,km,km,km,km,km,km,km,km,km,km,km,km,km,km,km,km,km,km,km,km,km,km,km,km,km,km,km,km,km,km,km,km,km,km,km,km,km,km,km,km,km,km,km,km,km,km,km,km,km,km,km,km,km,km,km,km,km,km,km,km,km,km,km,km,km,km,km,km,km,km,km,km,km,km,km,km,km,km,km,km,km,km,km,km,km,km,km,km,km,km,km,km,km,km,km,km,km,km,km,km,km,km,km,km,km,km,km,km,km,km,km,km,km,km,km,km,km,km,km,km,km,km,km,km,km,km,km,km,km,km,km,km,km,km,km,km,km,km,km,km,km,km,km,km,km,km,km,km,km,km,km,km,km,km,km,km,km,km,km,km,km,km,km,km,km,km,km,km,km,km,km,km,km,km,km,km,km,km,km,km,km,km,km,km,km,km,km,km,km,km,km,km,km,km,km,km,km,km,km,km,km,km,km,km,km,km,km,km,km,km,km,km,km,km,km,km,km,km,km,km,km,km,km,km,km,km,km,km,km,km,km,km,km,km,km,km,km,km,km,km,km,km,km,km,km,km,km,km,km,km,km,km,km,km,km,km,km,km,km,km,km,km,km,km,km,km,km,km,km,km,km,km,km,km,km,km,km,km,km,km,km,km,km,km,km,km,km,km,km,km,km,km,km,km,km,km,km,km,km,km,km,km,km,km,km,km,km,km,km,km,km,km,km,km,km,km,km,km,km,km,km,km,km,km,km,km,km,km,km,km,km,km,km,km,km,km,km,km,km,km,km,km,km,km,km,km,km,km,km,km,km,km,km,km,km,km,km,km,km,km,km,km,km,km,km,km,km,km,km,km,km,km,km,km,km,km,km,km,km,km,km,km,km,km,km,km,km,km,km,km,km,km,km,km,km,km,km,km,km,km,km,km,km,km,km,km,km,km,km,km,km,km,km,km,km,km,km,km,km,km,km,km,km,km,km,km,km,km,km,km,km,km,km,km,km,km,km,km,km,km,km,km,km,km,km,km,km,km,km,km,km,km,km,km,km,km,km,km,km,km,km,km,km,km,km,km,km,km,km,km,km,km,km,km,km,km,km,km,km,km,km,km,km,km,km,km,km,km,km,km,km,km,km,km,km,km,km,km,km,km,km,km,km,km,km,km,km,km,km,km,km,km,km,km,km,km,km,km,km,km,km,km,km,km,km,km,km,km,km,km,km,km,km,km,km,km,km,km,km,km,km,km,km,km,km,km,km,km,km,km,km,km,km,km,km,km,km,km,km,km,km,km,km,km,km,km,km,km,km,km,km,km,km,km,km,km,km,km,km,km,km,km,km,km,km,km,km,km,km,km,km,km,km,km,km,km,km,km,km,km,km,km,km,km,km,km,km,km,km,km,km,km,km,km,km,km,km,km,km,km,km,km,km,km,km,km,km,km,km,km,km,km,km,km,km,km,km,km,km,km,km,km,km,km,km,km,km,km,km,km,km,km,km,km,km,km,km,km,km,km,km,km,km,km,km,km,km,km,km,km,km,km,km,km,km,km,km,km,km,km,km,km,km,km,km,km,km,km,km,km,km,km,km,km,km,km,km,km,km,km,km,km,km,km,km,km,km,km,km,km,km,km,km,km,km,km,km,km,km,km,km,km,km,km,km,km,km,km,km,km,km,km,km,km,km,km,km,km,km,km,km,km,km,km,km,km,km,km,km,km,km,km,km,km,km,km,km,km,km,km,km,km,km,km,km,km,km,km,km,km,km,km,km,km,km,km,km,km,km,km,km,km,km,km,km,km,km,km,km,km,km,km,km,km,km,km,km,km,km,km,km,km,km,km,km,km,km,km,km,km,km,km,km,km,km,km,km,km,km,km,km,km,km,km,km,km,km,km,km,km,km,km,km,km,km,km,km,km,km,km,km,km,km,km,km,km,km,km,km,km,km,km,km,km,km,km,km,km,km,km,km,km,km,km,km,km,km,km,km,km,km,km,km,km,km,km,km,km,km,km,km,km,km,km,km,km,km,km,km,km,km,km,km,km,km,km,km,km,km,km,km,km,km,km,km,km,km,km,km,km,km,km,km,km,km,km,km,km,km,km,km,km,km,km,km,km,km,km,km,km,km,km,km,km,km,km,km,km,km,km,km,km,km,km,km,km,km,km,km,km,km,km,km,km,km,km,km,km,km,km,km,km,km,km,km,km,km,km,km,km,km,km,km,km,km,km,km,km,km,km,km,km,km,km,km,km,km,km,km,km,km,km,km,km,km,km,km,km,km,km,km,km,km,km,km,km,km,km,km,km,km,km,km,km,km,km,km,km,km,km,km,km,km,km,km,km,km,km,km,km,km,km,km,km,km,km,km,km,km,km,km,km,km,km,km,km,km,km,km,km,km,km,km,km,km,km,km,km,km,km,km,km,km,km,km,km,km,km,km,km,km,km,km,km,km,km,km,km,km,km,km,km,km,km,km,km,km,km,km,km,km,km,km,km,km,km,km,km,km,km,km,km,km,km,km,km,km,km,km,km,km,km,km,km,km,km,km,km,km,km,km,km,km,km,km,km,km,km,km,km,km,km,km,km,km,km,km,km,km,km,km,km,km,km,km,km,km,km,km,km,km,km,km,km,km,km,km,km,km,km,km,km,km,km,km,km,km,km,km,km,km,km,km,km,km,km,km,km,km,km,km,km,km,km,km,km,km,km,km,km,km,km,km,km,km,km,km,km,km,km,km,km,km,km,km,km,km,km,km,km,km,km,km,km,km,km,km,km,km,km,km,km,km,km,km,km,km,km,km,km,km,km,km,km,km,km,km,km,km,km,km,km,km,km,km,km,km,km,km,km,km,km,km,km,km,km,km,km,km,km,km,km,km,km,km,km,km,km,km,km,km,km,km,km,km,km,km,km,km,km,km,km,km,km,km,km,km,km,km,km,km,km,km,km,km,km,km,km,km,km,km,km,km,km,km,km,km,km,km,km,km,km,km,km,km,km,km,km,km,km,km,km,km,km,km,km,km,km,km,km,km,km,km,km,km,km,km,km,km,km,km,km,km,km,km,km,km,km,km,km,km,km,km,km,km,km,km,km,km,km,km,km,km,km,km,km,km,km,km,km,km,km,km,km,km,km,km,km,km,km,km,km,km,km,km,km,km,km,km,km,km,km,km,km,km,km,km,km,km,km,km,km,km,km,km,km,km,km,km,km,km,km,km,km,km,km,km,km,km,km,km,km,km,km,km,km,km,km,km,km,km,km,km,km,km,km,km,km,km,km,km,km,km,km,km,km,km,km,km,km,km,km,km,km,km,km,km,km,km,km,km,km,km,km,km,km,km,km,km,km,km,km,km,km,km,km,km,km,km,km,km,km,km,km,km,km,km,km,km,km,km,km,km,km,km,km,km,km,km,km,km,km,km,km,km,km,km,km,km,km,km,km,km,km,km,km,km,km,km,km,km,km,km,km,km,km,km,km,km,km,km,km,km,km,km,km,km,km,km,km,km,km,km,km,km,km,km,km,km,km,km,km,km,km,km,km,km,km,km,km,km,km,km,km,km,km,km,km,km,km,km,km,km,km,km,km,km,km,km,km,km,km,km,km,km,km,km,km,km,km,km,km,km,km,km,km,km,km,km,km,km,km,km,km,km,km,km,km,km,km,km,km,km,km,km,km,km,km,km,km,km,km,km,km,km,km,km,km,km,km,km,km,km,km,km,km,km,km,km,km,km,km,km,km,km,km,km,km,km,km,km,km,km,km,km,km,km,km,km,km,km,km,km,km,km,km,km,km,km,km,km,km,km,km,km,km,km,km,km,km,km,km,km,km,km,km,km,km,km,km,km,km,km,km,km,km,km,km,km,km,km,km,km,km,km,km,km,km,km,km,km,km,km,km,km,km,km,km,km,km,km,km,km,km,km,km,km,km,km,km,km,km,km,km,km,km,km,km,km,km,km,km,km,km,km,km,km,km,km,km,km,km,km,km,km,km,km,km,km,km,km,km,km,km,km,km,km,km,km,km,km,km,km,km,km,km,km,km,km,km,km,km,km,km,km,km,km,km,km,km,km,km,km,km,km,km,km,km,km,km,km,km,km,km,km,km,km,km,km,km,km,km,km,km,km,km,km,km,km,km,km,km,km,km,km,km,km,km,km,km,km,km,km,km,km,km,km,km,km,km,km,km,km,km,km,km,km,km,km,km,km,km,km,km,km,km,km,km,km,km,km,km,km,km,km,km,km,km,km,km,km,km,km,km,km,km,km,km,km,km,km,km,km,km,km,km,km,km,km,km,km,km,km,km,km,km,km,km,km,km,km,km,km,km,km,km,km,km,km,km,km,km,km,km,km,km,km,km,km,km,km,km,km,km,km,km,km,km,km,km,km,km,km,km,km,km,km,km,km,km,km,km,km,km,km,km,km,km,km,km,km,km,km,km,km,km,km,km,km,km,km,km,km,km,km,km,km,km,km,km,km,km,km,km,km,km,km,km,km,km,km,km,km,km,km,km,km,km,km,km,km,km,km,km,km,km,km,km,km,km,km,km,km,km,km,km,km,km,km,km,km,km,km,km,km,km,km,km,km,km,km,km,km,km,km,km,km,km,km,km,km,km,km,km,km,km,km,km,km,km,km,km,km,km,km,km,km,km,km,km,km,km,km,km,km,km,km,km,km,km,km,km,km,km,km,km,km,km,km,km,km,km,km,km,km,km,km,km,km,km,km,km,km,km,km,km,km,km,km,km,km,km,km,km,km,km,km,km,km,km,km,km,km,km,km,km,km,km,km,km,km,km,km,km,km,km,km,km,km,km,km,km,km,km,km,km,km,km,km,km,km,km,km,km,km,km,km,km,km,km,km,km,km,km,km,km,km,km,km,km,km,km,km,km,km,km,km,km,km,km,km,km,km,km,km,km,km,km,km,km,km,km,km,km,km,km,km,km,km,km,km,km,km,km,km,km,km,km,km,km,km,km,km,km,km,km,km,km,km,km,km,km,km,km,km,km,km,km,km,km,km,km,km,km,km,km,km,km,km,km,km,km,km,km,km,km,km,km,km,km,km,km,km,km,km,km,km,km,km,km,km,km,km,km,km,km,km,km,km,km,km,km,km,km,km,km,km,km,km,km,km,km,km,km,km,km,km,km,km,km,km,km,km,km,km,km,km,km,km,km,km,km,km,km,km,km,km,km,km,km,km,km,km,km,km,km,km,km,km,km,km,km,km,km,km,km,km,km,km,km,km,km,km,km,km,km,km,km,km,km,km,km,km,km,km,km,km,km,km,km,km,km,km,km,km,km,km,km,km,km,km,km,km,km,km,km,km,km,km,km,km,km,km,km,km,km,km,km,km,km,km,km,km,km,km,km,km,km,km,km,km,km,km,km,km,km,km,km,km,km,km,km,km,km,km,km,km,km,km,km,km,km,km,km,km,km,km,km,km,km,km,km,km,km,km,km,km,km,km,km,km,km,km,km,km,km,km,km,km,km,km,km,km,km,km,km,km,km,km,km,km,km,km,km,km,km,km,km,km,km,km,km,km,km,km,km,km,km,km,km,km,km,km,km,km,km,km,km,km,km,km,km,km,km,km,km,km,km,km,km,km,km,km,km,km,km,km,km,km,km,km,km,km,km,km,km,km,km,km,km,km,km,km,km,km,km,km,km,km,km,km,km,km,km,km,km,km,km,km,km,km,km,km,km,km,km,km,km,km,km,km,km,km,km,km,km,km,km,km,km,km,km,km,km,km,km,km,km,km,km,km,km,km,km,km,km,km,km,km,km,km,km,km,km,km,km,km,km,km,km,km,km,km,km,km,km,km,km,km,km,km,km,km,km,km,km,km,km,km,km,km,km,km,km,km,km,km,km,km,km,km,km,km,km,km,km,km,km,km,km,km,km,km,km,km,km,km,km,km,km,km,km,km,km,km,km,km,km,km,km,km,km,km,km,km,km,km,km,km,km,km,km,km,km,km,km,km,km,km,km,km,km,km,km,km,km,km,km,km,km,km,km,km,km,km,km,km,km,km,km,km,km,km,km,km,km,km,km,km,km,km,km,km,km,km,km,km,km,km,km,km,km,km,km,km,km,km,km,km,km,km,km,km,km,km,km,km,km,km,km,km,km,km,km,km,km,km,km,km,km,km,km,km,km,km,km,km,km,km,km,km,km,km,km,km,km,km,km,km,km,km,km,km,km,km,km,km,km,km,km,km,km,km,km,km,
0.000,8840.2131,2164.7550,13383.6077,6264.7625,9753.1574,13290.2062,10731.3098,6245.9607,11931.1631,2489.6516,11607.1724,11181.9985,8388.2607,7988.4294,7854.5246,12046.4581,11885.8171,12030.8009,6329.0256,5438.7238,5625.1422,8176.6358,2251.1328,11452.6766,11922.2825,6084.9446,8421.9693,8099.4160,8938.6092,11902.5312,10851.4126,9808.9347,7514.0307,8685.1143,1777.4555,5849.3180,10667.5410,9659.7017,10687.8061,13320.5408,12466.4604,13489.4392,8401.3263,6534.5333,7797.6302,11830.4099,10551.0932,6181.7852,7033.1245,1383.1235,8928.4208,12662.2621,8026.5096,13729.9452,7189.0646,13169.6273,6274.2496,11364.9157,11161.7463,8577.6278,3307.9824,11370.7659,10128.3808,5857.3053,11109.4417,5872.2011,12145.6901,10957.4072,7679.5509,2730.9956,4944.9916,13593.5243,2605.2074,11472.3501,12395.6001,10592.1521,0.0000,8674.8177,11487.3210,3634.6495,10947.6626,13200.6335,8676.0765,5296.6281,8559.6467,9251.5253,5277.7304,10060.6024,9181.1428,7940.0106,4547.3053,11031.1243,10954.0123,13609.0156,12539.0111,8805.4152,3410.4247,8180.9524,8194.7921,409040.3613,408571.2176,407174.8705,402858.6470,409676.1832,410201.0016,414845.3607,410241.0414,362261396.7557,362270366.3010,362267970.8313,362259772.8622,7410.6019,12666.7631,7958.3505,12128.3100,12403.0470,11537.1412,7757.7472,12267.1715,9396.6814,4887.2965,12592.6471,10794.2287,5272.5753,2975.3581,12044.4495,8657.0475,10952.4677,3871.7546,11243.9707,11494.1132,12632.4611,9723.5842,11705.8708,11875.8381,7931.3921,8950.2625,12791.7683,9800.6329,13546.4725,8354.5374,5266.7366,2657.2373,887.1839,8406.6526,9891.2524,13735.3128,11629.0446,6328.4452,7785.3620,13276.5408,11257.8158,8773.0194,4118.8368,12881.5458,11894.5345,11954.1386,11247.0911,2367.3295,9794.0461,10957.9036,9090.9173,13252.6294,11800.0361,12627.1117,12353.2251,5197.1453,13008.0313,13616.8013,4510.1510,10524.6692,13763.3158,6836.9314,12389.0352,12181.0593,10308.0281,12794.4503,13783.8672,3692.8102,6659.1282,11952.0394,9306.2004,9445.3925,13751.6442,5608.2088,7650.1731,0.0000,11209.0354,13107.8922,11268.4644,10151.4254,9225.0885,10361.8394,4389.2091,922.9407,10795.3566,8406.8617,3500.8186,10650.1921,1917.8744,9844.7627,12380.0629,4850.3073,11625.9385,12914.1963,11015.1845,6405.1035,11871.6740,12731.8044,407471.4368,407003.9378,405634.6063,401189.4471,407996.6285,408748.7636,413363.3270,408611.9661,362261859.9922,362270828.4406,362268433.4641,362260235.6286,13696.2750,7040.1208,11054.3016,13351.4692,11742.9254,4735.7036,12795.8706,4319.5076,10868.1133,12259.4603,7922.4733,6172.6384,6990.7127,12850.8943,10820.9271,12650.2769,4370.3252,5863.0490,6226.8574,8710.9682,3059.9570,12344.6691,12734.5769,4628.9934,9238.5245,9741.9076,9892.4428,12677.7044,9699.2169,8161.4443,5688.2885,7413.1743,3121.2154,5287.1145,11777.0410,10893.1075,10508.8525,12639.9940,13203.7265,13176.5065,7218.4059,4552.6718,8638.4764,11558.6749,11673.8372,7925.5196,5720.0293,3208.0313,8455.0777,11765.2395,9146.7864,13747.4364,8097.8409,13222.1066,4267.9191,11577.4132,12249.6380,8143.8943,4180.5612,12137.3372,10156.7280,7197.3403,10964.2090,5537.1518,12981.2962,11794.7736,5778.5685,937.1194,6383.8216,13059.6951,2888.8493,12313.3392,11533.0682,10752.4579,0.0000,9999.8322,12507.9959,5543.3994,10129.5049,13121.3670,7984.3971,3385.8813,7295.9983,10388.3741,6287.1693,9284.3399,10296.9949,6778.9524,4263.6524,10967.0946,10366.5040,13459.3369,13289.1257,8359.9361,3189.1047,9717.5594,8789.1271,410201.2323,409732.4458,408341.3801,403998.3237,410813.2303,411386.0777,416025.1278,411389.6687,362262712.7704,362271682.1624,362269286.7436,362261088.8137,12133.7112,8187.1214,2283.9604,7687.0484,12661.8891,5482.8605,12928.6991,10192.9500,6208.0627,10233.7511,12464.9120,12840.7181,5535.9236,8689.8572,6620.1953,13608.8975,11495.9354,11121.7905,9253.3172,12773.1497,6760.4276,5962.9052,12668.6738,10552.7572,9068.2970,10252.4240,3467.2355,9449.1214,11609.1481,13210.4625,12617.0851,13370.4386,12003.2778,5621.2845,8629.5795,10468.4565,7303.1921,2772.3038,4092.5706,11245.8507,13413.5818,9322.4259,6413.1386,7598.0899,11058.3889,13345.5352,12909.0889,9900.7546,7531.2634,8876.0536,1929.4812,9698.7404,2460.2343,13323.6792,5882.1969,5124.0249,12304.8173,12400.1367,4712.3974,10733.8227,10596.6270,7061.6994,11821.3791,4080.5660,5327.7334,13025.1712,13793.5832,11194.3727,5604.6413,12762.2760,4391.3219,9352.2892,10052.7180,0.0000,9652.7535,4921.1395,11906.5553,8811.5033,6465.7817,10436.8945,13693.3418,12559.6313,9524.8315,12623.5307,11643.8172,9619.0460,13006.9688,12402.0536,7012.8231,10744.1902,2984.3324,3373.5704,9991.6137,13571.1108,9622.0000,9184.7453,400831.7645,400369.6099,398928.8659,394630.5650,401317.6482,402023.5952,406821.7118,402078.6120,362250288.5912,362259257.5672,362256862.2578,362248664.4670,6485.4617,12962.7673,6633.0817,10535.9673,8670.0856,4443.7262,8436.0257,8228.1949,12242.9909,10500.6273,5386.6383,8608.8036,13120.0038,7831.1150,8340.9449,10266.4305,10182.2167,11592.2012,7991.2696,7548.0020,8269.9740,10495.5603,2760.7191,7187.7043,3542.8473,11379.4891,12742.7982,11362.5182,8632.2033,7257.5552,4649.4385,10761.2334,10409.4222,5800.6741,5948.7828,11315.3819,11005.4825,13251.7775,12017.6616,8789.6814,11019.6627,13530.4047,6849.0379,4524.1678,6353.8502,6877.7510,12559.7518,13195.9968,10539.7044,12434.2221,10596.8163,12946.4056,9312.5823,13046.1887,10111.7982,4553.6500,8692.0233,11838.8375,4924.3684,9320.6010,13311.7361,10787.1817,9764.8185,11651.2143,9478.6942,6640.7097,8780.3207,12197.6988,8315.7433,11468.1884,10001.4755,5334.5537,0.0000,4692.6024,9468.1438,7055.2115,13321.8760,9627.3365,12436.0200,7487.9302,7156.5672,4600.7364,1259.9085,6776.8727,4432.1263,6352.6132,9861.5665,13252.7530,7185.5619,12983.1697,10327.2771,12512.4557,4307.0065,5429.9866,11534.4275,403469.0800,402999.0739,401620.8783,397258.5851,404099.4538,404662.7973,409266.3707,404640.7167,362258252.2725,362267221.2324,362264826.1215,362256628.1148,9777.0838,2013.5863,13022.8608,3495.6750,7905.4953,10540.0025,2318.1952,12338.7631,13471.7048,10435.9877,3742.0731,13358.9121,4463.2366,12685.4626,10756.5739,10320.5560,10192.9165,10233.2924,2865.8902,3550.5365,12941.5741,4637.0467,3359.9444,3852.9248,6667.8086,13381.2118,13760.3122,12802.8945,11608.9129,8925.8045,12140.3745,5541.2812,979.1855,8273.1502,11181.9031,6013.2838,11100.6867,13333.0782,12858.1352,9366.2017,11770.7710,1293.5215,4345.8888,11411.6605,9390.2957,12445.0455,12882.3221,8201.7381,9338.9171,9243.4087,9818.0728,13011.7484,10381.2576,4737.9565,9302.2391,10187.8748,7666.2971,7522.1597,8455.0337,11581.1014,11892.6162,4470.3493,7578.7893,13205.2269,11089.0873,8582.9067,11061.9989,10626.1233,6930.7594,11345.5164,6875.2960,0.0000,1997.7828,3800.8925,7843.5823,13117.9528,8292.7125,12802.5270,12087.8377,11514.0875,2427.9752,6841.4122,10395.3541,2618.9415,11218.4603,11562.1596,11387.4086,9850.5216,10350.7707,5222.0868,12409.7879,9690.0563,2080.2031,10025.0102,399699.3561,399231.9219,397818.4779,393529.0522,400311.7061,400850.2394,405544.1687,400923.6605,362252171.8579,362261141.0538,362258745.7957,362250547.8071,9450.7929,11557.1859,7478.0640,13262.1700,10514.8795,8050.6147,8782.0758,11387.5343,13052.5773,7534.5569,6964.8978,8455.5380,13019.8500,10753.6440,10448.5296,8387.6911,12400.2982,8642.8360,7926.4332,11578.4222,11776.7856,10121.8142,11618.7982,4425.0767,7753.3104,10419.8764,12619.5324,12512.2294,13540.2701,10948.9227,6522.6678,10217.4416,11366.1726,7155.8229,4573.5605,2336.1285,9760.8252,12721.2667,8758.8642,4385.8159,9345.4128,11993.9517,13247.4182,12799.3562,8355.2824,5866.0006,8677.2720,2177.1089,9199.1237,229.9042,12496.3653,4460.6529,6466.3916,12842.2009,11969.9151,4832.4312,11743.0083,10430.9207,5263.9904,10800.4430,6087.7858,5418.3758,12224.9861,13501.2545,11050.4921,5101.5428,12279.7097,4956.3796,9347.8737,11221.8996,0.0000,11065.4391,6686.3566,12049.6778,6907.1311,7594.6736,8893.8770,13242.6360,12457.2073,11016.5943,13346.0518,11980.0291,11091.9586,13016.0547,11586.0103,5295.3618,11268.4265,1617.5866,5454.5815,8475.1067,13690.7726,10913.1738,8373.3630,402809.3752,402347.9788,400903.3422,396604.0634,403277.3144,404006.5747,408819.2030,404059.3788,362251487.1348,362260456.1717,362258060.7923,362249863.0426,13497.8635,2495.7874,8971.6386,9235.0401,2264.1190,13003.3024,13458.1808,9891.6199,2482.6620,13020.0858,2572.9072,12703.5786,11910.6671,11525.1053,11296.6695,11334.7652,1187.7064,2095.5700,13455.4862,4207.0657,5276.6759,3422.5486,7049.9421,13233.6119,13466.0788,12595.5216,10982.8838,9783.9890,12973.9476,6554.3054,1637.1237,6919.7990,9929.1201,5941.8714,10559.5617,13683.6951,12887.5768,10631.7149,11936.3208,851.2431,5835.6064,11106.6453,10558.2275,13052.8458,12365.8383,9598.9736,8579.4865,10553.8542,9528.0568,13179.8734,10878.7633,5511.2108,8551.4617,11392.7144,8353.1165,6284.7216,9951.3446,11979.8704,12798.0563,4087.7079,8415.1242,13077.5526,11639.9593,10065.7675,10011.8173,11651.4916,7578.1264,10075.6066,5457.1843,0.0000,2869.9976,4072.0564,9330.3314,13221.3827,6628.3048,13350.5530,12225.2540,10904.2637,2336.0764,7320.5802,9361.5269,2471.9292,10707.7833,12513.9303,11843.4388,8577.3918,9756.8539,4777.2628,13047.9800,10101.2938,3794.4253,11155.0189,398765.5452,398298.3804,396891.0687,392573.7862,399355.7348,399941.1920,404627.5812,399976.6652,362251824.1012,362260793.0390,362258397.9055,362250199.9386,13720.5418,8346.8738,11120.4742,13459.8819,4566.2947,3301.0710,8986.0296,13770.2211,7375.8072,13781.7897,4627.6103,5228.3150,5761.7439,7319.4389,5180.3817,13718.7327,13797.5834,270.8599,12018.6425,11697.6830,12589.2423,12189.1669,5948.0636,5210.4208,5438.3105,8233.9965,7490.3710,2855.5838,11954.4838,13053.2718,12055.1766,11391.6327,12983.3300,10903.1058,2793.4281,4122.6521,7950.4024,8596.4203,13419.2830,11009.1382,7432.6007,6414.6964,5006.1193,8733.7986,9058.3508,12354.4612,7677.5581,11382.5101,2973.4799,9415.4043,12616.5360,10369.4640,5463.5654,11329.2408,12141.9701,7972.0006,8093.5465,3461.3993,13390.2022,11096.9274,4483.9063,5062.0284,7602.0949,11343.4546,4519.5137,11792.8579,10899.0141,12606.7331,0.0000,12580.7220,13130.5000,8098.4812,6318.3366,13170.2594,4185.4491,4833.6118,8147.1631,12878.7642,10115.4499,10386.1474,12820.0601,8296.4520,3430.6264,8228.0188,11291.5776,11543.4884,13434.5347,4970.4070,7292.7880,12227.4220,7516.6767,412021.3083,411555.3029,410147.9197,405805.3634,412568.8461,413223.3580,417921.2207,413224.8502,362262580.4147,362271549.7894,362269154.2809,362260956.4641,10514.5297,9560.3459,1494.9440,12512.1504,13644.0762,11157.0241,494.7286,12094.7549,2422.8193,13476.0946,12047.7633,11620.9527,10776.7058,12119.8653,1491.1017,838.0600,13688.6055,6403.6597,6029.6858,5759.0681,5212.1194,12504.7187,13354.8319,13255.3290,11847.3744,11274.9543,13068.4707,5389.7990,3752.4786,7997.2587,9078.1599,3760.1044,8829.8629,13394.6038,13544.7571,10249.4001,10550.0276,2472.3450,7531.7396,12223.9729,11604.6616,12444.5446,11228.5985,9243.6704,6570.6568,10330.5583,7586.3032,13726.5066,9461.3495,4134.9138,9985.6326,11998.9912,6816.6555,7704.1869,10186.3104,10738.9501,12863.4106,1799.5771,7044.7246,13546.9125,12767.9463,10515.6268,8680.8189,12357.3964,5977.9467,9890.1593,6804.0349,0.0000,5058.3403,2423.0141,10282.2944,12282.3009,5899.5192,12854.7368,13165.1557,11775.5128,4748.6416,9311.2084,10259.4138,4881.7838,11799.4636,12855.8016,10602.3316,9299.8793,7882.8493,2407.9613,12464.9415,11607.3826,5473.2684,10635.2436,398473.7891,398008.2871,396588.1735,392282.7533,399032.3644,399650.3911,404377.1960,399699.9530,362250402.1997,362259371.1419,362256975.9635,362248778.0449,11307.2257,9654.0092,9927.9834,9665.8828,7709.7588,10635.8918,12945.3818,10584.6065,7797.0746,6894.8235,6863.2373,8989.4016,4190.3914,9850.1068,10451.1836,8205.8899,6530.3661,6506.0605,6951.0331,11304.3433,12133.7961,11188.6961,8735.2300,9022.8463,1436.0478,7813.2816,9866.5297,7729.7804,9697.8247,13295.2234,11635.7987,13724.5689,10196.8717,8105.6504,8334.6432,12593.3245,8782.7027,3993.8226,7506.3081,2772.6354,10398.4588,13442.2195,8098.7778,13464.7308,7749.6340,13176.1350,8097.2612,11820.4441,10150.9568,7880.6940,4887.2714,11069.0296,8911.9053,6118.3597,11947.3698,7736.9529,10983.9317,10667.9528,9146.5433,4501.6431,5296.8670,13645.3711,4707.3793,10972.6554,12363.6295,9269.0596,0.0000,6591.2685,10263.4533,3300.9866,12210.4955,12409.6702,10297.1444,6728.0708,8896.9242,7230.4263,3305.2552,9735.1745,7159.7087,8154.0876,6574.4509,11826.0270,10422.9405,13635.1848,11493.8521,10285.7899,3534.9733,6149.7965,8941.1751,406763.2612,406293.5330,404899.5984,400587.5894,407415.4666,407916.9811,412550.7781,407962.9643,362259768.0454,362268737.5283,362266342.1279,362258144.1195,10384.5584,12603.6816,8835.1153,5187.8188,9194.5059,9028.3043,7729.3734,8347.0948,13369.1520,13401.6010,13685.8844,12398.1375,9038.1857,9018.3140,11267.2970,7827.4957,12336.2401,8409.9865,11919.3857,9497.8082,7862.4131,7224.9434,4576.9855,10853.9214,12581.4838,12599.8216,9978.8109,3412.7594,4522.1450,11055.2998,9465.9984,11243.0247,8489.8649,13818.1454,11749.0387,9867.9110,11460.9992,6334.7684,12247.9638,12581.3533,8539.4031,13801.7148,9146.0617,13720.9437,10555.8160,9321.0554,12715.6332,12044.7212,4756.5841,12948.8460,12746.0544,4576.2833,13648.9439,12399.7339,12837.4418,10298.7935,12965.5038,7903.1151,10252.9208,13474.1425,6579.1744,12260.2138,12489.3879,2126.1850,4895.3925,0.0000,10067.1325,11047.5577,12871.0456,11075.8504,4979.1877,12287.6322,8665.3710,4613.3360,9268.3393,9405.8036,2511.7754,9146.7934,5278.2085,12630.6364,12580.2577,1570.7222,9479.5432,10335.7507,12674.6504,9281.3762,11108.5274,13726.7690,402965.3650,402499.0525,401124.3895,396674.8804,403461.2959,404254.4612,408891.5204,404109.8549,362257536.7302,362266504.8808,362264110.0587,362255912.2360,12202.6957,13716.9906,11321.5380,1925.2772,12566.7417,3514.3607,13421.6817,11310.2134,10846.5246,10115.9474,11346.8993,1959.0339,2008.7441,13399.6867,6155.1133,4643.1531,5436.4542,5039.2275,12812.6297,13665.2509,13363.9422,12160.2334,10553.1027,12572.6150,4579.1355,2885.7361,8614.5614,10146.3451,3986.7490,9554.1442,13292.2663,13504.8997,9444.4447,10697.6205,1733.7082,6403.0655,12290.7110,10751.9661,12189.6914,11856.2959,8311.1007,7496.9075,9483.4515,8126.2858,13617.8763,9327.4979,3391.9525,10210.6588,11176.0737,6434.2529,8148.8437,9170.5745,10690.7961,12318.6269,2239.8406,6531.0617,13642.9975,12306.7768,9499.8145,9709.9444,11647.0726,5584.2010,10822.2560,7336.6395,0.0000,4170.4635,1875.5235,9222.0674,12438.8176,7180.1804,12634.3157,13001.5533,12076.1711,4186.2142,8706.5273,10787.7129,4354.1719,11991.3919,12245.0896,10507.0241,9997.9370,8663.4173,3006.8145,12184.9585,11156.8194,4264.7553,9951.5571,398966.2691,398500.2902,397077.8951,392790.5628,399546.1762,400124.8751,404850.3867,400199.4408,362250703.9732,362259673.0891,362257277.8362,362249079.8923,6650.4617,11861.0774,12669.2603,6507.3418,13278.1828,8647.9781,4071.9169,4267.7963,3853.5017,6528.8395,12987.0993,12849.4496,4471.6781,12968.0542,10636.9161,13237.9401,9381.4861,5328.6227,7347.2339,9112.5848,11192.6384,9693.9041,3054.2352,9384.8109,12690.5408,13488.8814,11368.5689,10614.4141,8629.4385,2945.5795,8158.5356,4977.2840,5057.6819,12733.5840,11242.0983,10803.4211,7800.7237,638.2495,7578.9485,6352.3586,10247.4452,5071.1114,8567.3203,7196.3360,5497.2661,10315.7300,12748.3888,5956.1419,8089.0913,13585.3702,6453.1446,4108.1748,2969.8306,11616.9966,7861.9391,8173.4033,8479.4101,6677.5413,10418.7917,6077.0239,8797.5290,11929.8408,13701.6236,0.0000,12590.0490,11272.0420,8219.2186,3903.5875,12962.5908,929.6511,8788.1446,11102.4450,13034.0699,11884.0522,12591.4250,13044.0727,11391.6469,4320.4255,4163.8081,12997.1005,9236.4212,11503.9630,480.9215,10217.7821,11907.0076,4104.5962,410697.4041,410233.6342,408797.9785,404512.1190,411226.1296,411867.3332,416638.6127,411942.5016,362258994.2632,362267963.8983,362265568.2167,362257370.4320,7369.8123,13576.4144,6042.2324,13196.7932,3239.9201,8093.9180,8517.0204,9601.3150,7653.5129,13549.6000,13568.9811,3558.2696,11747.2797,12952.2884,12429.5781,12853.6589,4919.5941,2283.6199,3130.9991,5970.2640,8654.3247,5938.2806,13044.8098,13330.8446,10474.9026,9323.1379,13264.7231,10188.8775,4002.0949,2590.2512,10249.6262,9058.2978,13580.7358,12083.8605,5816.5842,8523.6369,6841.1526,7329.8492,11169.3988,11706.7773,10057.1963,11248.8098,2159.1045,10476.1868,13421.4366,8912.8894,8146.9973,12380.4334,10846.4703,10370.8103,9064.8823,6488.5572,13505.1567,12308.5997,1870.4064,5976.0157,10037.7121,9739.0799,7086.1356,12726.6449,8462.8681,11404.7880,0.0000,12963.0099,13567.3975,10203.6514,6443.9260,11690.9612,6003.0080,4173.5471,5920.4739,12962.0148,10430.4663,8282.7990,12874.2005,6419.8790,6470.4224,9308.2272,9241.9869,10915.3928,13489.9433,6900.5688,7584.6921,13001.8294,9784.7488,411107.6219,410641.8655,409247.3158,404854.6333,411621.3184,412352.5671,417030.4442,412285.6304,362262746.8178,362271715.7631,362269320.4622,362261122.6812,10939.1530,10720.4331,9712.7434,5071.2633,11354.0962,11512.6723,12877.6684,9286.8952,10297.8430,10674.3339,9084.4256,6595.5992,11321.8008,7528.8968,13288.5388,10411.7237,7809.4663,4602.3597,2142.6932,6871.1901,10584.3570,13111.3296,9792.2650,4796.4723,8934.2171,12875.8268,12372.9336,10386.5115,5569.1345,12832.2210,13074.0017,10340.0895,9302.2014,1963.0440,8897.3614,12100.9365,10973.9221,12909.5883,12321.4576,12494.6589,13024.1971,6597.9345,13651.3275,12867.2003,1907.5455,10180.1431,13672.1410,4833.7840,11835.7618,13207.6317,10892.5244,12014.0601,13633.4348,5791.9348,6165.2172,11308.2371,10464.4909,9211.1091,13503.5101,6742.2058,5810.0237,0.0000,9172.6859,12197.1222,10155.5088,11847.2250,9010.2780,11640.8974,4846.1791,2077.7435,8719.4822,5965.7613,2820.5047,8548.1819,1179.4911,10157.8516,13321.0180,4241.8543,12483.2704,12299.8086,12119.7899,4786.4355,9996.7921,12924.3602,405815.2144,405346.2789,403981.8213,399548.7787,406380.6420,407073.5972,411664.2456,406954.6684,362261059.4211,362270027.9363,362267632.9848,362259435.0785,12020.8895,1966.2734,13387.5281,12278.5339,11869.6706,11063.6969,12287.9341,1354.4510,484.0576,13747.2782,6280.7002,6396.5619,5662.4212,5543.8359,12465.9345,13235.3468,13119.8225,11615.1623,11352.1230,13218.5305,5821.0874,3881.1743,7634.0415,8762.7196,4038.1330,8781.4136,13449.8745,13463.7470,10568.6321,10665.6688,2624.3126,7734.6594,12055.3893,11772.3725,12597.2944,11125.4577,9602.6517,6496.0578,10643.9398,7649.7119,13683.0207,9687.9985,4582.1790,9731.6567,12204.5865,7159.6909,7376.7840,10500.9730,10905.5276,13034.5521,2123.1852,7406.1487,13437.4707,12788.2505,10805.3956,8449.7677,12512.2513,6339.5712,9542.7609,6452.9410,0.0000,5166.7543,2883.1177,10531.5259,12328.6004,5469.9486,12979.9405,13098.2377,11547.2061,4747.6378,9307.4182,9944.6424,4866.5305,11588.1259,13017.1927,10786.4790,8939.5359,7838.4963,2637.3773,12623.4445,11587.0783,5707.6762,10930.2798,398357.2163,397891.6874,396474.0114,392160.3565,398911.7152,399540.4301,404262.7147,399578.8945,362250490.6724,362259459.5508,362257064.4046,362248866.4898,12026.7630,8767.0908,9817.4605,9947.5151,9151.6193,10994.8505,12593.3379,12199.9907,7537.6707,13133.5611,13282.7554,13496.6802,10162.3551,1536.5086,4442.8611,8137.0181,9229.2777,12476.3627,8339.2138,11357.2959,13456.1928,11326.6215,6435.2986,10525.2018,5126.9549,5230.1947,8249.6732,10068.4294,4920.3224,13117.9594,13751.9046,10068.7906,11878.6689,6126.5285,1667.4999,10873.1171,7474.8330,10266.7168,6831.2586,7945.9694,7292.8082,11630.9103,11493.6981,10931.7845,9831.2206,11999.9346,11436.1363,5796.6312,8589.1478,11388.8553,10052.8531,7297.2726,10814.6781,11630.7449,5592.2043,10534.3349,10262.3468,7469.2009,12076.8166,0.0000,13703.5344,11822.7646,12492.2704,2989.8986,9662.6502,5857.2045,9519.8219,9203.6354,13587.7602,13368.2045,10079.3827,13564.6092,10062.3923,9397.9002,6190.9406,10120.0265,6188.4191,11035.2336,6322.7698,11859.7973,13720.7870,9318.3424,408405.5209,407943.3477,406522.5236,402152.9599,408850.7182,409654.7438,414416.8714,409614.0779,362257963.7993,362266932.6326,362264537.3133,362256339.6242,12752.8573,12941.9646,12608.1181,12116.6687,12559.3498,1741.6896,1623.4434,13786.6324,5326.9378,7445.4740,4842.0168,7208.2381,12510.1299,12779.1572,12354.9056,10449.3002,11141.2982,13615.3326,7524.6245,4147.3260,5922.7329,7966.5621,5724.1393,9248.9488,13647.0414,12889.9430,11686.9315,11474.7957,3233.8665,8022.6947,11043.0164,11982.1748,13231.2443,11128.5371,10846.1972,7084.5219,11696.1975,8574.2722,13273.0117,10863.0473,6381.1255,8333.7079,12653.4298,8739.4604,5714.0486,11432.3552,11818.4742,13512.7038,3969.9035,8980.4615,12822.0405,12445.3450,11595.0019,8162.8367,12756.6758,7995.7431,8342.0207,4716.2393,0.0000,5201.4294,4751.2095,11063.9476,12731.7940,4266.1815,13482.7442,12493.8467,10393.9205,4393.1330,8736.9600,8471.7453,4441.6520,10430.5224,13381.0356,11755.8953,7354.0982,8406.9297,4350.5865,13267.6844,11016.6685,6204.8034,12009.9473,398242.9823,397776.8320,396371.7547,392025.6305,398793.3473,399448.9073,404142.4621,399444.1928,362251413.1370,362260381.8011,362257986.7752,362249788.8592,8615.0400,9018.8384,10750.3702,6906.4858,13039.4857,13269.7511,4772.4315,10095.4279,12315.0341,10911.5949,13696.9220,7823.3463,4902.0239,1468.8196,4279.4049,6552.5157,6969.4780,13494.1308,12367.8492,9191.5359,10311.7016,13918.7551,12112.2318,6572.9484,669.0654,11056.0485,11340.1288,12885.0306,10694.4489,3190.5158,7306.1257,8984.9587,9759.1466,11709.7033,13048.8431,10700.5196,12908.7802,1737.8679,12264.6054,13741.8307,6830.5950,7783.2727,13417.1711,9327.8998,10396.5015,11223.6553,7464.6915,13723.1117,13274.7371,1801.4266,3756.7725,9819.2636,11189.9452,6497.8183,13595.0110,8769.9854,10088.5412,0.0000,11726.9838,13686.1657,9297.1119,9198.9417,11811.5559,8253.3440,1187.8178,4204.6870,11698.7151,8205.9853,6911.5487,11575.4827,4180.5007,6810.7045,11384.9275,8216.3366,12607.4373,13879.0199,8989.2163,4955.0757,11919.1350,10883.4407,410370.7156,409902.9095,408523.7313,404118.3753,410924.7605,411613.0215,416241.7393,411531.1237,362263599.6332,362272568.5318,362270173.3190,362261975.4673,649.6802,3350.6103,3262.6245,12243.6219,12370.2981,4985.9229,11414.1246,8343.4730,11645.9829,9646.3041,8673.0015,9524.1935,9546.0781,11396.1507,6930.2573,2559.1394,8675.5017,11111.6517,13272.2719,13231.4261,10883.5218,11181.5868,5789.2121,8370.3826,3453.8431,8127.8369,11512.9389,8507.6219,10393.6903,4433.8057,4624.3254,10705.9998,4562.1463,11998.5725,2983.9550,10571.1237,7492.5129,7385.5037,9687.6175,12085.1326,2270.0019,8387.2613,12999.6775,3205.0839,6999.7010,1993.0014,11445.4517,7906.5266,8986.1487,6681.5015,3060.1999,12611.8834,3103.2661,8893.8478,13326.0958,13158.8555,0.0000,10680.3038,10707.9086,4630.2112,7683.9262,13780.6397,4770.8315,8201.0899,11279.6422,11392.4344,9567.8332,12736.5792,11404.1323,11162.3840,2134.7528,6846.0350,13280.5367,11450.8382,11590.9444,4434.1427,8236.6012,9722.1689,3451.2637,410170.5725,409704.5592,408275.1704,404012.7812,410764.4949,411306.8890,416042.9833,411416.3579,362259372.4040,362268342.2778,362265946.5514,362257748.6665,2911.3732,3526.5269,11851.4284,11971.8868,5527.6857,11211.1905,7833.6064,11392.5845,9139.4151,8873.1219,9858.8282,9909.7433,11613.9513,7027.1032,3129.0108,8101.1082,10717.2047,13211.8351,13189.2948,10407.3545,11003.0839,6179.5494,8790.0682,2860.4705,7983.4097,11095.6525,8179.1772,10649.7199,4532.9512,4769.4823,10749.7781,3922.1058,11713.7262,2355.9441,10269.5005,7954.9284,7048.5196,9139.4304,12147.4735,2467.0264,7863.3478,12915.4522,2627.6852,6830.8835,2555.3418,10983.9586,7361.2368,9385.9799,7029.2698,2617.9116,12510.7742,3470.2428,8360.4104,13363.7637,13025.4166,0.0000,10323.8602,10205.7977,4382.0462,7798.3663,13589.0203,5029.2725,8585.1457,11496.2239,11065.5961,9497.7931,12823.0463,11087.3343,11374.6618,2731.6924,6643.8515,13300.6385,11215.6024,11136.1829,4582.3856,8420.1080,9312.3068,2976.0586,409645.3277,409179.4010,407747.7951,403491.8237,410241.0317,410776.9897,415517.8812,410894.9277,362258757.5875,362267727.4778,362265331.7466,362257133.8567,6276.8992,11363.5124,11277.3532,7144.2268,11987.1821,7882.4072,12006.0618,7179.7717,8359.3971,10366.0094,11342.7247,12785.9913,9324.1773,4862.6857,6518.0741,10766.8250,13725.3424,12545.4574,8711.2405,9242.4145,6570.4212,10438.8358,1272.8461,5905.0031,10810.2242,9233.4186,12226.8770,7108.4221,3996.9219,9688.2079,2703.2886,9991.0303,1681.1507,8195.9037,9634.9616,4452.6585,7704.3322,13309.9255,5288.6872,5607.5252,13554.4338,3636.7929,4612.8954,4328.4092,9738.8473,5137.9487,10719.8060,9397.2182,4338.5812,11401.9245,6204.3175,6303.6738,13306.6261,13464.2462,0.0000,10740.7688,9022.1143,6342.6363,6717.8240,12976.1197,4754.9283,10519.5709,12677.4006,11429.5598,11133.5509,13630.5799,11489.6855,12749.5218,5185.8796,4312.8098,13812.6707,9401.6392,9733.2726,3856.9294,10554.7843,9697.2821,260.2930,408431.5137,407967.3052,406521.1416,402283.1281,408998.2236,409559.5766,414344.3445,409699.4432,362256395.1124,362265365.0008,362262969.2351,362254771.3856,11913.4971,12251.5398,4957.4508,9754.9119,8125.0219,10157.3477,11108.2316,9850.4469,9465.7729,8078.9433,9729.6906,3921.8928,3940.0001,9923.8117,10337.2481,11864.9153,13373.2703,11963.6501,12664.7362,7020.5852,6893.3704,6024.2815,10401.6455,11050.8729,7044.8809,8305.4182,1503.2583,7106.4796,11878.1289,6552.0403,13176.0946,5415.3994,12251.3578,6273.2267,9862.0985,10651.4894,10082.8915,1163.8567,10267.4199,11430.2207,4386.0767,9515.7110,3840.4865,11998.3759,9811.7194,7883.5710,3935.9120,3541.6981,13296.0619,681.8038,10532.4399,12834.4857,11780.4333,0.0000,9556.0653,11281.5460,3300.8737,9567.5303,13589.5669,6929.5100,6130.5138,9605.8305,10223.4327,7105.6453,11202.6549,10188.0327,9207.0421,2544.0039,9415.5356,11988.9817,12864.4441,12300.2929,6956.6783,5373.9401,8813.3999,6321.9081,409899.8460,409431.8723,408022.2812,403729.0061,410521.4406,411049.0200,415729.3112,411118.9772,362260941.2474,362269910.9592,362267515.3681,362259317.4317,923.9876,13689.3349,5104.8813,5936.9214,4411.5644,6485.8216,12931.6188,13369.7277,12831.2007,11198.6364,10600.8476,13223.7167,6358.7787,2749.6384,7028.2365,9273.1152,5165.8860,9776.9129,13674.0229,13179.1936,10783.0454,11462.8609,1597.6053,6840.4949,11508.0553,11254.4310,12978.5971,11810.9891,9783.4344,7638.0895,10775.0384,8740.6859,13459.4528,10475.0573,5196.8888,8980.7088,11920.6718,7955.4672,6582.5667,10384.3089,11617.0056,13051.7414,3242.4680,8108.8941,13255.2509,12242.6585,10581.3580,9231.5610,12183.3710,7152.3456,9681.0114,5670.0033,0.0000,4015.0260,3576.9935,10044.4771,12900.7744,5860.4509,13306.1331,12657.7122,11127.0267,3477.6828,8278.4677,9483.6029,3595.3865,11048.0125,12886.3592,11494.1527,8556.4395,8908.5185,3865.4190,12990.3744,10831.3423,4795.4194,11227.1810,398400.4993,397934.0577,396523.1335,392203.8943,398972.8620,399582.4455,404283.0677,399614.4378,362251155.7374,362260124.6141,362257729.4933,362249531.5506,13775.7268,5879.8428,6379.2270,5248.3211,5961.4314,12624.5627,13259.3171,13002.8380,11417.2473,11164.0417,13297.7992,6134.4872,3582.8421,7309.9281,8822.0823,4496.9173,9101.4549,13566.4108,13369.1412,10764.0092,10981.5705,2356.4321,7538.1541,11841.7903,11689.5774,12796.0360,11328.6949,9796.8396,6852.3158,10811.3466,8038.5574,13622.0036,10035.2448,4915.7276,9414.8730,12209.0801,7538.4451,7008.2035,10589.7906,11211.3753,13124.4317,2578.6105,7760.9816,13364.6967,12647.0197,10853.2030,8631.1798,12486.2437,6726.1092,9470.1842,6073.3015,0.0000,4857.2971,3226.2987,10482.8993,12551.1919,5427.9715,13152.3996,12958.8676,11349.6646,4365.0300,9000.4533,9694.9004,4478.2838,11359.1431,13056.8257,11096.6548,8692.2435,8183.1902,3113.4559,12819.5635,11363.0911,5510.5187,11145.2225,398293.8618,397828.0325,396413.3480,392095.0702,398852.6494,399478.9585,404192.7895,399511.5295,362250702.9577,362259671.8117,362257276.6860,362249078.7633,11992.3005,11555.5775,12552.5986,12121.6800,6110.2931,5460.7878,5623.8908,8387.4986,7370.3602,2617.2424,11844.1636,12983.9471,12137.2736,11541.5414,12939.9724,10976.6370,2877.5542,4289.9354,7760.1176,8606.0372,13361.4777,10876.9277,7545.2920,6216.9126,4935.9806,8882.0169,8873.5402,12402.0249,7476.1920,11402.3494,3145.2589,9354.7359,12524.9803,10446.5295,5221.0564,11238.2698,12199.5273,7753.5388,8062.3082,3224.4734,13350.2565,10991.7823,4701.2935,5001.4195,7377.0413,11468.7963,4292.5235,11705.5402,11066.6865,12656.2140,0.0000,12501.6544,13063.4689,7892.9950,6395.3662,13255.8164,4139.2789,4918.3418,8298.1330,12823.0926,10048.6055,10516.1485,12766.6604,8420.5496,3168.9284,8183.8708,11415.4048,11601.4712,13402.5596,4889.3353,7252.2734,12118.5251,7340.1015,412020.8199,411554.7653,410146.5421,405807.9824,412571.7611,413219.2693,417918.0760,413226.2302,362262523.9350,362271493.3414,362269097.8192,362260899.9979,6565.0337,969.5163,10058.3768,13054.5350,12153.0740,10093.0921,8230.3184,7015.4903,12076.7485,9314.7609,3753.8893,4869.6066,10287.5927,9317.8824,12265.4357,12977.0582,10458.4038,11380.9433,13223.2163,4618.2884,4827.3482,7960.5046,8748.9158,13170.9054,12862.4994,10666.1268,10948.4640,11086.8181,11805.4813,10981.3538,12614.2231,8691.1266,5171.0418,10229.4513,10907.9740,3754.8765,10044.6175,13174.8197,12042.5515,7780.6336,10834.6898,10877.0168,8901.3887,9749.9840,11086.7589,10071.6479,10362.2833,9336.4952,3602.6655,0.0000,3055.1878,7672.6543,8332.6700,13541.2978,7749.8144,13188.3863,9443.8947,8146.7659,2358.4892,3791.2033,6855.0979,2159.8374,7613.7199,11364.0885,13102.6304,6632.8313,11787.2417,8377.5761,13148.7026,6806.7773,4413.9658,11898.2370,401022.1292,400552.9571,399168.8865,394810.1257,401635.2216,402218.6476,406842.0556,402200.3231,362255677.3059,362264646.1366,362262251.0878,362254053.0923,6081.0617,6498.5013,12985.2469,13648.1580,12769.6118,12401.2220,7735.4810,10212.4585,4515.4115,4039.7121,10462.1917,12734.6811,6771.3932,11589.5619,12125.1934,12421.1320,6826.8109,11012.4600,4549.6118,3195.5635,11784.2683,7339.4988,10833.4152,13133.8174,5533.8013,10395.3941,6619.4800,10092.4887,12297.0938,9228.8227,4575.6207,10665.9134,7829.8107,6683.1287,9715.9526,5562.6411,10435.1174,9847.1149,6098.0244,6311.7677,12961.5879,10047.4544,5751.8380,12311.6519,8600.2795,6211.8353,12961.2713,9325.0411,0.0000,3915.1851,4897.2587,5261.9547,12320.6656,10674.2788,11273.3411,11609.2097,12286.9433,4968.1379,6951.2375,11922.1514,5099.2290,11929.1064,9507.1594,10164.8990,11727.8046,11019.4566,6707.9043,10748.8034,9194.8715,2411.8947,7682.6273,402168.0257,401700.6470,400276.3491,396025.4292,402801.1629,403287.2406,408000.1198,403412.6556,362253371.3039,362262340.9015,362259945.4266,362251747.4303,9633.7733,13463.5715,12791.3698,10918.0634,9100.7622,7589.1805,12469.8942,8838.0800,2920.4931,5450.3718,10568.1769,8833.8002,12273.8997,13432.7114,11247.7594,11339.9965,13283.4270,3813.8322,4661.3473,8874.3901,9137.1420,13421.5398,13150.3982,10513.1752,10786.8355,11073.7636,11657.4345,11717.6686,12521.0056,8137.4056,6088.8370,10541.9912,10566.3948,4380.0232,10041.6566,13225.6516,12392.8453,7203.9192,10499.9235,11650.3414,9619.7106,9817.3183,11231.1074,10504.0540,9961.3730,9825.6274,4013.3113,0.0000,2329.0038,7054.6581,8463.5966,13824.6605,7759.9672,13506.5112,10262.9335,9017.4351,1467.8577,4428.2784,7644.3200,1267.0510,8527.7759,11765.2630,13130.0940,7285.7961,11714.7331,7842.6013,13397.4057,7595.3636,3831.6796,11898.8350,400317.9343,399848.9160,398460.8018,394113.3200,400933.9080,401506.2728,406138.5471,401502.9855,362254775.0134,362263743.8844,362261348.8190,362253150.8169,10444.9114,12593.4367,13665.5740,13434.0299,12018.5490,10834.9856,2303.3766,7410.5591,11490.1845,9939.4419,1813.1220,6566.2682,11108.7468,13535.0207,6891.3570,6749.2837,6591.0920,9089.7430,13653.5225,11144.9775,9173.5889,9468.8205,6077.7784,5234.2794,7273.5194,4430.8795,13280.0504,4925.1259,2267.8013,12784.2283,10541.1137,1845.9214,11401.1830,8049.0608,6696.6911,10499.0879,3512.7455,2330.3179,13466.2200,12961.7502,8777.6724,8478.7479,11226.4407,1084.9380,11490.8767,10763.3581,0.0000,8309.9162,3229.3373,9651.7339,9329.2965,8698.6156,9875.0426,13529.9749,13348.8443,8598.9228,11581.6934,12763.9880,8733.3701,13553.2471,11002.7906,6452.2032,12114.3209,5773.3563,3214.6069,9194.2614,12795.9556,7746.9918,7031.4883,401534.4948,401071.3440,399623.3722,395371.1458,402069.4720,402681.9791,407481.9539,402800.5668,362250474.7868,362259444.1721,362257048.6878,362248850.8367,3737.5225,7387.3555,8964.6350,11594.7712,6988.0137,11366.2779,13486.4227,11598.0086,7518.2904,10980.8558,6217.4115,3728.3261,7256.9239,9322.5389,5024.8564,13281.3172,13296.3489,9524.8611,10841.7302,5019.0548,3138.2440,10269.1369,8459.8657,9464.0967,7593.7592,6791.6482,7236.6948,11773.3820,11361.1844,9794.9603,9909.5702,12167.3941,10597.2210,5555.1975,7282.9977,11821.5198,10031.1784,6406.4253,9754.4034,10726.0454,6843.1584,9344.0021,10402.2741,8183.5823,12330.7344,0.0000,13597.9406,12093.6815,11623.1755,2303.5080,10504.1146,4586.3882,8559.5329,8926.7076,13580.2606,12858.4804,10181.9145,13551.7926,9697.0906,8101.6460,5933.3564,10431.3669,7216.0925,11538.9452,5205.8094,11054.4579,13511.5414,8550.1803,409514.7973,409052.0532,407632.0959,403270.1878,409977.0965,410753.9429,415508.5737,410724.6358,362259039.5281,362268008.4973,362265613.1171,362257415.4112,4124.0193,6044.2323,10295.9959,7495.3024,13177.6011,13614.6752,10120.3076,7658.1246,12840.7096,8862.1856,4746.1753,4366.8207,11100.9749,8435.0485,13664.9038,13074.0560,6630.9118,10273.9112,7342.1540,5612.9731,11956.2317,10551.2559,11026.2341,10300.1451,4322.8744,10252.6245,13425.7445,9155.3486,9848.4420,12295.7205,10724.8233,11576.6257,8791.1141,7980.5763,13158.6264,12347.7615,3167.9510,7905.9416,11389.5040,8096.0092,8935.6331,12619.3668,7022.7109,11190.4221,0.0000,13451.3015,13441.1747,11666.0103,5822.8764,10612.0993,6605.1888,5920.4405,6027.4104,13301.7437,11518.5642,7924.3241,13219.7141,6850.3703,8214.8088,9102.2259,8629.6296,9680.4738,13037.9651,7460.3783,9111.4466,13631.1638,10545.8551,410134.3952,409669.7155,408273.6406,403865.4450,410614.8843,411399.0947,416091.0342,411309.5615,362261648.2187,362270616.9557,362268221.7343,362260023.9947,3263.3273,7571.1321,7862.1676,13683.5063,12444.8926,8489.4039,9223.9473,13748.0252,11520.9945,6869.1697,1539.8397,11701.7954,11199.8778,12854.9332,11267.0946,2888.0906,8448.6938,9361.3337,9017.9644,12318.3841,12471.9561,11406.9912,12523.5338,2642.4803,12333.2600,13827.2432,6370.2751,8889.5776,13523.6104,8803.7527,11233.8684,11266.0956,8354.9653,13533.2275,13453.4228,1293.3265,5049.0217,10736.7504,10274.1949,7677.7267,13670.0124,7550.7077,9566.5412,0.0000,11916.7227,13644.7504,10261.4755,9037.9987,10976.1124,8637.4492,2461.7151,3214.9933,11754.4837,8707.2868,5968.3157,11626.8507,3538.5884,7867.5567,11464.3207,7255.3479,12038.3022,13642.8464,9397.3189,5814.3233,12255.0653,11476.3896,409725.6836,409258.3148,407881.3919,403459.5225,410260.4800,410984.4374,415613.8431,410879.5058,362263160.9236,362272129.6498,362269734.5137,362261536.6839,8081.8753,10215.5674,13550.4708,11060.3429,5623.1278,7882.4331,13090.0470,11485.6057,9332.5665,4616.2701,12950.7660,12236.3723,11426.2221,10744.8180,2036.8201,9664.5608,11370.0703,9567.5990,13225.8110,11825.3542,12678.7261,12472.8108,5704.1382,13206.7436,13373.1584,3640.3330,10555.7207,13730.6677,6068.9565,12330.3267,12503.0189,10599.7574,12483.7238,13745.6147,4381.3569,6628.3080,11876.2026,9465.9838,9509.9406,13663.1193,5619.2518,6929.2100,0.0000,10608.7485,12788.6465,11060.1824,10672.0810,8921.6138,10819.9955,4579.3578,128.9447,10156.6013,7774.5412,2827.1348,10003.6290,1204.8852,10066.1360,12679.5594,4282.1255,11768.6046,12645.5880,11419.0089,6034.7153,11344.2654,12868.9506,406812.2481,406344.3729,404977.0192,400532.5868,407346.6264,408086.6523,412693.7323,407951.1911,362261515.0520,362270483.4891,362268088.5352,362259890.6811,7381.3160,10768.8330,8683.1967,9525.7775,13030.3183,12340.7062,13762.9774,9577.1310,6898.4933,8842.6549,12616.8984,9683.2762,5286.0306,6411.1406,2753.6089,10184.3726,13089.1911,8826.1623,13716.1483,8259.3287,13446.3357,6937.9382,12128.6636,11061.0959,7346.3640,4874.9575,11749.9590,8842.4901,6809.3279,12021.4047,7415.5164,11743.7202,11379.0762,8014.9903,3169.0311,5948.9375,13515.6983,4290.9342,11712.8410,11907.8267,9341.1966,0.0000,7578.9057,11138.6379,4205.8348,11875.5896,12510.3036,9950.9766,5437.0098,7957.2743,8066.7489,3600.6801,9132.5766,7972.8444,7187.4969,6167.9765,11946.1291,10003.3640,13780.1807,12204.7702,10080.6101,2316.0500,7313.8965,9315.2226,407706.4001,407236.6283,405847.9278,401517.7647,408349.1115,408874.6397,413498.7814,408896.2744,362260952.5626,362269921.9622,362267526.5932,362259328.6018,10301.8987,12362.8279,13048.8353,12443.9172,11931.4957,10834.3612,3596.7015,6589.6472,5458.9600,7816.3674,12718.7606,10027.3766,9311.6280,5385.1949,3680.5290,9515.7997,6704.4093,12100.4164,5163.2733,10756.7047,5545.9142,7926.3531,11189.2864,11646.2560,3607.5355,9680.5750,12965.3545,5628.8437,6906.9279,619.8590,12520.0041,9328.7977,7075.5533,5981.8074,5392.2931,11983.1663,3370.8077,10229.2706,12370.1635,13259.6086,0.0000,11933.6904,12021.0533,6472.1011,6385.0251,13695.6067,3293.5718,6825.7822,10111.6927,12456.3588,10176.8912,11960.7079,12437.0187,10140.7299,1440.9117,6906.8807,12663.0183,11334.9241,12585.5352,3533.8736,8031.8636,11243.2222,5058.1134,411520.2112,411054.5031,409632.4100,405336.7654,412087.7310,412685.6632,417412.4390,412750.1476,362261001.5944,362269971.2796,362267575.6200,362259377.7785,6413.8872,11682.0735,11353.1932,3375.8091,8487.9125,11314.7026,13394.7163,5847.9457,7966.9580,5896.5413,7400.2266,13441.9229,9783.8035,9320.7143,10918.0445,4657.4181,7297.3759,6109.1468,6494.8729,13105.6620,5823.1596,1357.3775,12595.0639,9311.8780,2465.7077,11360.2602,6474.3958,7550.9228,9895.5383,4109.8166,2285.8624,13554.6338,12139.9313,7200.4061,10174.7557,10160.5863,1823.1460,12500.0582,10783.9514,0.0000,7110.9089,3049.4021,7966.8876,10221.4808,9826.6956,10018.5168,13137.6445,13450.8735,7680.1260,10425.7920,13017.3457,7829.2136,13469.5715,10201.1067,7240.4150,12532.8242,7806.9080,4247.6912,9289.6382,11887.5590,6197.4522,6314.7162,401920.0871,401455.7237,400009.9941,395774.4408,402492.4849,403046.0376,407828.9631,403188.6405,362251133.7446,362260103.3194,362257707.7745,362249509.8724,7515.7092,10969.2200,6649.7868,11380.5283,13484.4701,12581.5351,9977.1132,12217.1379,1319.7746,4310.5611,10881.5239,9433.0413,12812.1267,12983.8104,8887.0113,9624.7692,9818.8646,10263.4814,12819.9252,10989.9573,5598.2377,8557.6418,10400.9549,8439.9957,6699.8931,8959.4700,12078.4365,12156.8521,4998.8487,8370.6624,12933.7398,10849.8420,8997.0985,11049.4512,10723.9667,7722.0121,10934.0968,6061.6085,0.0000,1377.2215,4537.5461,8076.3993,13387.0981,7975.2939,13104.6779,11759.1931,10968.9624,1478.6344,6279.9938,9733.3668,1673.9268,10634.7905,11751.5165,11910.6569,9188.9400,10656.2973,5735.6522,12781.2136,9274.7513,2211.8824,10613.0944,399590.8266,399122.9831,397716.0191,393411.6939,400204.1326,400751.3470,405429.5479,400805.1011,362252620.8339,362261589.9333,362259194.7335,362250996.7397,6982.3739,10479.4161,10989.3163,12627.3370,9504.9182,13541.3473,12995.6823,7634.3282,9222.0475,6569.2279,11313.4370,13563.3905,10860.9078,13205.5989,9996.1840,13359.2492,11421.7103,10333.9798,13306.3539,10974.4616,3225.7856,12455.0169,12485.3382,1236.1901,12862.3991,13401.4913,13202.3966,9211.6297,12619.4738,9382.1365,9903.3883,12620.1278,8598.6389,11914.2249,12046.5731,5306.7673,1671.8823,0.0000,7460.3715,9772.0209,11603.8579,12781.0405,5198.5576,13386.5395,9059.6796,5607.9869,6521.0695,7122.9180,3036.4544,6371.4234,5591.4876,12748.4884,13479.4451,2089.6347,10708.4307,9487.4465,13611.4684,8202.9707,8753.9024,13710.2411,401280.0461,400812.1347,399440.3094,395012.6554,401825.1482,402541.1924,407156.4897,402428.0541,362256598.0428,362265566.3359,362263171.5065,362254973.6019,9150.0503,5641.5853,10392.8987,10165.7303,12921.6714,8880.1451,10392.9390,12957.3974,9505.8886,13572.0634,11120.9192,5268.6483,13005.8418,5697.1928,13045.4052,7219.4689,10578.0972,10225.4653,10862.7138,8741.1822,13572.1343,10751.8459,7988.7016,13602.0634,9904.3432,12626.4257,9094.1316,11148.8318,9283.9762,12290.0583,13731.8475,2288.3398,13154.0145,10617.8455,2702.9284,7802.3203,0.0000,11494.4180,10091.3260,13814.7201,8778.6632,4125.6209,11017.5614,10838.4227,7895.7255,10857.9663,12129.9524,6783.2613,10813.0545,8770.9627,12918.3095,10139.5560,5888.0406,5755.9521,8793.0111,11266.5543,11971.2426,12196.6699,12598.7365,402797.2887,402333.9216,400933.7610,396515.6364,403243.1892,404079.4965,408792.9349,403973.8318,362255066.3687,362264034.6204,362261639.6702,362253441.9294,6569.9816,12003.5109,13809.8612,8402.9943,7774.3404,5611.9852,9147.6292,13483.5120,11858.7078,10409.3936,9629.5594,7547.5484,4578.4234,8712.5464,4661.2708,13707.5329,6375.3462,2521.0185,12157.4782,11539.2962,3645.9171,10423.2119,9261.9104,7960.7764,11652.7258,1979.4354,4105.5665,13683.7750,13370.3902,9882.4957,7858.3542,12097.0178,2858.2316,10709.1403,9674.6984,0.0000,7740.0340,2341.8061,10437.2634,10187.6842,7343.5453,11017.0700,13764.6013,13013.8806,7812.9883,11391.7404,12057.4464,7947.7932,13231.4111,12043.9014,7781.2208,11226.7856,5583.8147,1481.5790,10445.9509,12906.2714,7491.0153,8573.3401,400120.7275,399657.3356,398216.0424,393944.4117,400650.1478,401282.8272,406068.8618,401375.4574,362249860.8913,362258830.0745,362256434.7073,362248236.8510,8937.7038,11764.2125,9820.6227,4246.1193,10600.2364,13000.4827,12450.4796,13187.1219,8164.9648,3774.5429,10012.4808,2735.2771,10203.7925,2312.7651,11596.2684,5549.2293,8432.3108,12364.4245,12371.2491,6846.6528,11574.5736,11446.6559,5495.1616,10813.7503,7749.3083,7351.5667,11059.5332,13229.1422,11941.2414,3447.4721,12437.6380,7044.6069,7959.3401,11190.0453,0.0000,12109.1106,8470.8969,12860.6840,5869.4614,7306.6091,8493.4432,12528.9268,11448.2428,11932.7067,13697.0730,11118.6379,11972.0756,12168.5632,11622.5826,5700.1339,10472.6195,1177.9924,7166.3696,8325.4074,13563.6212,12133.7920,9288.5106,403883.1202,403421.9326,401985.4440,397652.9678,404327.3921,405108.7788,409909.1596,405116.4601,362252931.4411,362261900.2812,362259504.9789,362251307.2661,5976.2599,7533.9089,6288.5727,13586.0324,12116.3699,9076.5612,8288.6823,3074.8287,6686.1720,8766.9853,10799.4209,7497.8738,9567.6327,5011.3209,7586.0274,12016.4975,11583.9972,6922.5844,10154.8353,12887.2772,8442.2646,5923.8827,4006.0491,12762.8690,10026.6707,5744.4775,7534.5798,8397.0083,9893.8254,6418.6458,10740.6061,10519.2978,13183.8725,0.0000,13288.5715,12636.7213,9397.6000,3677.5059,12623.4645,2138.9155,7031.9020,9260.3838,13539.2454,11767.8814,11131.4943,13507.8276,9682.9401,4853.3925,6146.6358,11744.5490,9730.1868,12651.4207,3143.8444,9450.5413,12906.7782,6802.3269,411568.9936,411104.7975,409684.5730,405351.5959,412080.4690,412774.8176,417514.5750,412786.9706,362260951.5514,362269920.8993,362267525.3573,362259327.5957,10813.8238,10880.7298,13050.8989,10949.9512,3739.5923,7420.3515,8481.1424,9308.9541,11534.7707,12822.5557,10483.2167,12602.9312,1189.8607,11888.8622,13681.1095,7295.6429,7702.9133,13200.1258,9687.1235,10296.2990,10770.1982,7107.1462,13707.7139,13064.8249,1340.1499,4051.5195,9758.2542,10950.3376,6436.1820,13417.4985,8751.1826,10407.8692,0.0000,11989.0339,13679.7538,9384.2309,8640.4904,11847.1926,7721.0107,1703.2107,4546.0436,11977.7732,8651.0424,7226.6363,11862.2223,4651.5968,6554.3578,10944.9150,8471.3218,12306.9952,13831.4281,8492.1298,5446.8032,12134.5863,10583.6337,410643.3270,410175.9114,408793.4921,404391.5377,411190.1839,411885.3107,416523.9731,411807.6455,362263525.8001,362272494.7215,362270099.4839,362261901.6459,6831.0991,10087.3231,8283.9002,12299.3849,6628.6751,5173.5638,10510.8553,1526.6600,10244.2827,672.3276,8586.9731,10078.3417,5091.5342,7065.9610,13136.8205,5002.2511,5389.0590,13263.6441,2612.0179,5609.7450,4895.5235,9282.7200,4825.0356,11198.9755,9336.8974,3461.5274,11853.5296,6091.3629,5966.4470,13605.2453,13140.8526,0.0000,9912.1489,8424.5368,5484.6276,7806.4345,12959.0500,5865.9019,10699.9438,12836.8141,10685.4571,10514.1674,13659.2980,10755.4457,12814.3690,5456.2379,5282.9732,13816.1231,9844.0455,9361.5249,5030.7602,10272.0174,8761.2162,1047.3325,407719.4035,407254.6480,405809.4862,401579.3083,408303.3362,408837.6096,413614.7169,408988.5855,362255967.2786,362264937.2097,362262541.4465,362254343.5671,11734.6331,12505.3475,12611.8116,11266.0236,4495.5264,4885.7324,7518.4655,6191.3555,7290.7721,4159.9838,10300.3809,2628.5143,8580.7317,13469.3134,9849.8639,5856.4656,13338.4136,8959.2751,1401.5916,7701.7594,9261.6637,6067.3336,10422.1870,11881.5568,9534.0549,7122.1323,10105.3616,6549.5855,10519.9089,13130.2711,0.0000,12657.9223,9365.8905,10991.2944,3191.4174,10543.4869,5076.9143,11667.0414,12170.5567,12852.0974,13589.4101,12706.0688,12899.4560,12735.9411,8827.7407,1729.8784,12518.0233,4885.3575,8840.5563,4649.0617,12879.1506,12205.4797,6014.9549,407150.3369,406688.8963,405241.6026,400952.2088,407624.4487,408338.5351,413154.9459,408405.2529,362254834.5514,362263803.8817,362261408.3183,362253210.5922,5451.7792,11451.4750,10275.4527,12790.0549,12502.5561,8985.2654,8650.6080,10015.4364,9412.8095,13272.9319,10510.7204,4880.6098,9087.6624,11038.6215,7833.9093,6982.0531,9397.7938,11698.4392,12505.8448,3827.5071,7856.8166,13282.7597,11637.5949,9553.8710,10325.0488,11391.9089,7047.4908,10637.1384,6204.1268,0.0000,2686.0962,3549.1074,8885.6667,13128.9055,7237.8541,13133.7036,12375.4895,11341.4772,2517.4055,7406.3661,9957.2743,2690.7377,11129.4072,12240.2690,11534.8387,9239.0842,9789.7279,4566.9817,12775.6554,10191.1279,3278.4592,10655.0840,398971.1064,398504.0317,397092.2628,392789.2079,399567.3368,400135.6077,404830.7027,400190.2020,362251650.1183,362260619.1651,362258223.9751,362250026.0034,9800.4512,5838.8354,11562.0722,13799.7496,7372.2205,12006.4361,7867.6511,11958.1290,11004.0181,11190.6264,7369.4844,8677.3988,7196.0046,9280.7199,8277.3326,6321.2745,11959.2870,9791.5385,8157.5689,8925.3024,11696.6412,8074.3231,5986.2315,13063.4640,7587.0372,8893.0277,12510.4968,8177.1996,0.0000,3204.5548,7269.1942,4402.9963,13083.7787,10994.0449,11753.1363,9803.4083,10627.1274,4221.7541,4029.8055,10436.7658,4238.5790,10026.3758,9034.4092,11760.8324,10546.0266,12575.9436,8806.1707,11468.9394,6711.4709,2329.9171,9091.2300,403127.7002,402658.5781,401253.9951,396968.1447,403781.1681,404264.3076,408923.6724,404344.5668,362255878.0763,362264847.5395,362262452.1676,362254254.1392,8150.1566,11088.1191,10611.4866,12591.9978,12792.8859,11937.5413,13186.6516,4822.1417,13334.1153,13389.1751,3832.9627,9251.8067,13782.8955,6649.4549,11358.1063,12653.5634,9691.6260,12861.8981,13698.2687,4123.0265,4857.9007,10776.5785,10851.1182,8121.6190,13744.3954,7451.1775,7558.3902,0.0000,10209.0729,12951.5168,9777.8087,11000.1142,10218.2420,10516.8525,3038.3938,1945.2149,9935.3322,6591.2122,4286.0214,9778.4589,1201.6625,8933.3020,12787.1460,5755.8966,12718.7478,13105.9343,11100.5183,4234.2755,10786.7627,12305.7919,407726.9598,407258.2392,405890.7883,401463.5096,408290.3617,408981.7391,413579.8904,408870.6576,362262401.7080,362271370.3506,362268975.3131,362260777.4240,8345.0720,12626.8529,6829.1797,13407.2041,5994.0690,12670.6703,7011.3151,10559.2328,10396.1455,9496.5006,2233.8066,10481.2743,10742.9852,4556.6935,10430.6403,5267.4782,11665.2259,10018.7095,8475.0140,3923.6528,3613.9043,13620.7531,2121.8117,10620.7309,12907.8907,11088.8834,0.0000,8523.9068,10897.7932,2450.7557,10647.3486,13369.4703,8221.2271,6370.6723,9537.2261,9230.5156,5885.5633,10902.5811,9189.1931,8998.6661,4025.2124,10308.3187,11663.4174,13272.0501,12050.8079,8203.0202,4653.4258,7797.6088,7106.3257,408892.8183,408424.1311,407019.0828,402724.7132,409530.5543,410038.4400,414702.9798,410107.4974,362260550.5485,362269520.2289,362267124.6834,362258926.7150,7160.2518,6515.7663,9872.4868,5340.7453,8136.9225,7549.8082,5093.8032,10237.3818,12955.3692,6530.0282,7883.2239,13702.3236,6830.5016,3574.8760,3603.6068,11489.3793,7698.4293,8405.8486,8980.3063,7116.7760,10075.1508,6665.4602,8615.2279,11810.7765,13786.5597,0.0000,12777.3097,11194.5928,8684.1014,3400.9653,12801.3874,971.9760,9178.4034,11283.6921,13192.8279,12251.1568,12695.3317,13207.0392,11624.8814,4942.2819,3663.7826,13041.2299,8803.0620,11335.4907,212.8656,10659.9588,12115.8244,4243.8118,410496.5090,410033.1312,408595.3480,404309.3518,411016.2195,411669.0863,416448.2601,411743.5238,362258605.5874,362267575.1947,362265179.5176,362256981.7454,11126.5107,6114.4519,10758.6443,5769.7890,9136.6316,7172.9730,11038.1594,11495.6984,11792.1437,9385.9279,11597.5776,11928.4139,6023.2119,9703.4398,10497.9947,9706.8194,8352.3280,11720.8719,12194.1060,4097.2713,11483.3265,9725.4176,6810.0594,11550.6409,0.0000,13382.4095,11089.3851,13008.5465,4043.5855,8521.8438,7058.9218,10456.5302,9547.9443,13179.7098,13569.8262,9947.5710,13166.5780,10435.8422,10485.2061,6393.7257,9729.1964,4840.7346,10077.4890,7354.0633,12470.5855,13490.4121,9821.2867,406861.3567,406399.5819,404977.1426,400605.9270,407296.7947,408114.6825,412883.8860,408071.0035,362256506.7953,362265475.5233,362263080.2596,362254882.5739,10023.5252,1652.1614,8533.9568,10914.0217,5473.2804,5893.4118,12998.2723,5604.0892,4720.6685,12839.4112,2478.0988,6425.7187,6161.2074,8302.1102,4085.8246,11949.9567,9796.3730,3446.4870,11955.9232,6753.0668,5128.0988,13714.5954,12627.4784,0.0000,8881.1316,7307.5998,5200.5760,8842.8008,12563.4412,7204.1963,11269.0616,13109.8357,9715.8811,10068.3969,13655.2436,9805.9002,13028.0669,6505.8889,6071.9527,13700.6707,9855.4964,8451.9148,6391.4721,10369.6748,7634.3140,2454.4946,406354.3827,405889.3336,404444.0019,400220.8572,406949.3421,407465.1051,412239.3664,407625.7048,362254878.2198,362263848.1429,362261452.4059,362253254.5017,10597.8232,2369.9088,12799.2393,6468.3132,6847.2689,11895.2487,12906.8537,6224.7626,10473.8652,11552.3103,7143.5187,12011.4922,5521.0842,6811.4086,12261.2190,13757.6758,12067.0534,3805.9517,13081.6615,6055.5861,8004.4804,9872.2676,0.0000,10566.6931,6498.6684,12731.6685,8166.7495,5684.0138,10277.9597,13286.6977,11783.7023,10294.5356,13009.4797,10864.8378,10356.3424,12373.4691,12623.5692,7210.5526,9936.3713,1605.6555,4872.3433,9995.8885,13611.7881,10720.4962,9968.7948,401365.9793,400904.1563,399469.5170,395142.8851,401828.1859,402583.1301,407373.9523,402599.4055,362251120.7749,362260089.5588,362257694.3265,362249496.5696,9030.9848,9753.3455,5663.6456,7286.4191,12822.4688,4381.6227,5862.4410,13042.0258,1997.5416,6090.8677,4593.0394,9467.2422,5291.1784,10938.9745,8815.7725,2807.8203,12083.9330,5516.3258,6376.6891,13597.3710,12957.5639,0.0000,9664.5448,8581.8901,4861.4905,8063.5601,13038.0706,5948.3212,10290.0638,12562.1530,10463.0216,10037.8844,13442.5260,10525.7697,12489.9541,5008.6201,5787.0700,13656.8395,10231.0317,9592.1279,5186.0935,9753.0846,8501.8663,1519.0140,407889.8983,407424.7129,405982.8889,401749.3474,408481.7525,409008.0930,413774.7593,409155.0898,362256424.9240,362265394.8571,362262999.1031,362254801.2120,12360.3210,4251.7324,6484.4551,12843.4842,11812.0914,4752.5563,11793.4663,10286.7956,5034.5535,10606.9620,6191.4526,5326.7602,12111.1588,13382.1836,10908.6566,5168.2723,12124.5866,4916.2379,9386.4345,11288.1524,0.0000,11090.4685,6751.6850,11934.2944,6706.7227,7726.7049,8680.9554,13133.3662,12416.7159,11059.3031,13311.2263,11991.9015,11133.7942,12974.4089,11406.8705,5067.4115,11308.0960,1703.4471,5571.8353,8257.0639,13609.3924,10915.7567,8185.1440,403027.2303,402565.8223,401120.9292,396822.7709,403496.0491,404223.4042,409036.3389,404277.7651,362251647.6646,362260616.7211,362258221.3304,362250023.5811,11287.5146,13504.2969,8242.8735,6994.7914,12790.1517,10485.8182,9672.0377,10087.8511,6093.1147,13750.3968,12624.7377,1929.4411,4002.0228,9155.9748,11129.2248,5742.5680,13080.3940,9422.1673,11141.0706,0.0000,12244.3527,13652.5062,8991.8611,7973.8951,12340.2698,6754.8220,2334.8200,5628.7807,12329.7638,9064.7917,8209.2109,12229.0516,5745.1567,5609.6345,10256.8896,9367.1540,12183.6568,13853.1752,7550.3879,5842.9518,12240.8996,9795.3860,411273.1381,410806.0705,409417.1783,405030.7888,411820.5764,412504.4889,417158.3463,412447.6663,362263513.5974,362272482.6518,362270087.3342,362261889.5030,6665.4342,13832.6055,9125.7970,3580.5940,13431.5596,7388.3816,2021.4488,7622.2012,8001.9080,3687.0026,11688.2614,12014.1159,8144.5919,8484.7582,9717.0056,4425.1583,11804.6627,13115.3303,0.0000,11472.4063,7799.4332,9751.4139,5381.0525,10923.7217,5939.3391,12345.3677,13123.4061,11844.2228,13005.4529,13480.5540,11924.7484,13504.4088,8654.7406,1695.0985,13233.9456,5656.9954,7652.5851,5150.1748,12818.5072,10774.2828,4463.0711,406101.1289,405639.1848,404184.9426,399930.8566,406607.0691,407257.2209,412080.4455,407372.1587,362253533.4839,362262503.0402,362260107.3942,362251909.6189,12175.0292,10152.5625,3305.3163,10653.1267,7501.9068,8353.9298,10826.7860,2853.1660,3351.7593,13796.8873,12521.9942,8135.9755,9783.9723,10898.9931,2430.5374,12015.1539,9984.6893,0.0000,6497.4821,1733.6025,8629.4894,10824.0638,8929.9280,10880.9634,13392.7058,13279.3001,6927.5275,10275.0301,12563.8327,7086.5271,13302.9480,11061.9002,8084.7367,11945.7865,7618.5817,3080.1196,10222.2437,12024.7204,5807.0122,7514.2221,400756.0248,400291.5156,398849.8662,394602.3823,401324.9455,401891.0232,406665.5095,402017.6491,362250514.5762,362259484.0109,362257088.5483,362248890.6412,10898.5187,13396.0389,3048.4285,12084.6733,13648.0128,11876.8908,11057.3207,13389.7772,7483.2757,7395.4449,11618.8802,10315.4976,10109.0953,13100.5342,6640.5738,4081.8366,0.0000,8000.7628,11298.2601,10353.9522,12660.2729,7993.6674,12614.2585,6517.2632,3596.3998,7379.1764,5467.2409,2507.7257,7197.5961,3013.6472,11164.7236,13729.6587,3397.0923,12299.7649,11396.9296,12974.2822,5568.6311,9049.2232,13322.7260,403940.0769,403470.9742,402106.6183,397676.8467,404511.4265,405194.9513,409783.8010,405080.4411,362259529.6143,362268498.0687,362266103.1695,362257905.2421,9558.4922,12033.7692,3440.3115,8859.7996,3334.3112,11722.9132,9067.6314,8589.2048,5049.9986,2669.5619,13298.4772,1393.7198,9882.1264,13258.9869,12298.0129,0.0000,9716.6222,10942.2333,3108.4667,9241.5914,13777.9490,6484.1997,7098.2409,10432.1978,10451.8188,7832.9741,11928.4521,10438.2498,10103.0404,2296.5609,8723.3155,12612.9414,12557.5800,11997.3609,6362.4399,6431.5685,8828.2804,5325.4264,409854.3960,409386.9370,407969.7588,403693.2607,410473.7095,410993.0809,415692.1795,411085.0982,362260251.1725,362269220.9848,362266825.3318,362258627.4022,12381.6848,6940.7903,5487.0355,9290.8838,5230.5752,673.6272,13185.5281,12535.7579,7769.8350,9202.6781,10354.1919,937.8667,12246.5981,11861.2284,0.0000,9128.3634,4710.8692,8998.0400,8482.9077,10044.9464,8674.8348,13249.1482,13638.4742,9577.7412,11864.6935,13432.0792,9703.2654,13833.8580,9923.1140,5168.6966,12966.6694,6314.9806,5007.7568,7884.8871,12700.5928,8332.0792,5454.5270,403150.2938,402687.3278,401234.1558,396997.1392,403689.7122,404286.2203,409096.9315,404425.1914,362251368.0465,362260337.6172,362257942.0232,362249744.1795,12381.2771,13631.0789,13084.7182,9032.9166,12464.7349,9731.0935,9573.2890,12101.2265,9437.7398,11544.9580,11907.0082,6437.1712,1073.8332,0.0000,6510.3702,9452.8934,10934.6589,13215.5250,5894.2083,13555.3000,9038.4220,6034.5973,5570.0144,6144.9814,3772.1511,5404.5710,5797.4371,12538.3440,13673.9744,3193.7647,11239.3168,9400.7103,13732.0226,7660.9384,7857.4434,13522.6803,401114.2254,400645.7366,399273.8878,394857.9648,401679.2733,402362.0607,406971.2381,402265.4858,362256546.3004,362265514.6937,362263119.8340,362254921.9003,7862.0595,5106.5534,9625.1087,6345.5806,10953.4291,7925.9204,989.2912,12916.1007,4716.7349,7231.1395,13834.6529,12349.0069,0.0000,8573.0731,8619.3353,2991.7411,9510.3732,13203.2649,7254.0793,9783.0067,12206.6015,9477.4384,8616.7185,13059.3255,9530.4897,11958.0814,4949.7945,7584.1752,13358.0509,11386.8151,9901.3476,6669.1290,8592.1030,7329.0972,3500.0808,407531.7033,407065.2299,405631.7765,401394.6381,408151.2816,408644.6431,413382.7587,408788.2275,362256952.0885,362265922.0289,362263526.3114,362255328.3741,6714.2986,9439.8390,5550.7247,10468.0675,11383.7833,8471.8910,8268.9487,9236.8715,6280.3308,11345.7038,13451.4889,0.0000,12428.0820,9337.2024,10083.4690,3489.4879,11314.4870,4337.1193,11448.4207,12426.1194,12745.5299,13245.9188,13120.2570,12798.0780,12891.6167,7895.4061,428.1883,13034.3343,5999.7686,9097.1944,3689.2129,12497.8367,11820.7191,4733.5615,407734.8094,407272.9453,405823.4917,401550.1359,408227.6481,408907.0376,413722.7053,408996.0874,362255216.9943,362264186.4899,362261790.8533,362253593.1058,12272.4341,8912.4025,7604.2524,6272.0042,4919.8233,12089.9381,3341.9268,9850.7758,12634.0077,13339.0346,0.0000,11744.3436,11722.6698,6148.9890,6514.3394,13746.2967,3379.2338,7269.4465,10493.1503,12311.0927,10181.1521,12245.6585,12300.8075,10501.8899,1425.7305,6677.9959,12899.0685,11271.9542,12344.1053,3434.8909,8224.7739,10985.1660,4518.2536,411274.7022,410809.0534,409384.0121,405097.9019,411846.3685,412432.7247,417165.2648,412509.9662,362260564.3206,362269534.0614,362267138.3763,362258940.5286,5539.2340,13655.5936,13054.4261,10102.7490,8253.3668,12196.2186,4373.6159,10296.0809,8201.3560,0.0000,6219.3211,1384.4401,10243.5446,11324.9789,6503.7647,11999.0411,13477.8547,12408.5789,6147.6022,10270.1506,11157.0584,6287.9878,12523.3536,12447.4396,9278.6052,10251.3327,6757.7558,768.0412,11515.2933,12221.7003,6240.4172,9593.2643,399132.2236,398667.7258,397236.8177,392949.9216,399678.2725,400299.9376,405056.2437,400373.3233,362249993.7226,362258962.7907,362256567.5183,362248369.6269,13113.3993,12229.0260,7196.6387,9666.2866,9919.7008,1286.9823,12535.5218,11975.6542,0.0000,8980.3226,4874.9269,8473.7344,8569.5452,10432.5352,8499.5872,13062.2053,13649.1641,9503.3901,11610.0556,13531.5125,9628.9534,13800.5847,9516.2467,5206.4528,13129.6388,6871.5505,5397.5389,7682.4645,12428.8713,8089.4476,4966.7065,403495.9788,403032.7303,401579.7371,397347.8099,404044.7757,404625.8620,409433.1763,404772.0860,362251704.4804,362260674.1174,362258278.4961,362250080.6415,5311.8257,10509.5030,10101.8846,7401.1533,13416.1889,7913.0783,10416.5031,0.0000,12463.9322,13748.9803,10286.8904,8048.5771,11352.6433,7625.5523,2937.2589,4335.7174,12369.1300,9481.9155,6954.2873,12256.7789,4761.7159,7275.9379,10687.0198,8115.0319,11672.8472,13713.3760,8450.0997,6527.9659,12678.0380,10875.4921,410466.5050,409999.7697,408616.3934,404204.2262,410991.9654,411721.2597,416368.8836,411628.9039,362263200.2118,362272169.0207,362269773.8194,362261576.0114,7130.5602,12867.2007,3780.0972,12669.3069,11013.5456,10233.5400,0.0000,9943.5930,12656.7899,6167.5849,10381.9875,12776.9820,8472.2574,2665.3687,6513.1490,10236.5855,5979.9335,8553.8097,10129.9360,5941.8797,5069.8741,11408.5957,9706.2568,13509.6013,13367.1563,8902.3975,2563.8966,9809.8178,9474.9189,409918.7808,409449.7943,408064.0387,403706.2592,410527.1201,411114.4789,415742.0335,411098.3041,362262906.7238,362271876.0006,362269480.6453,362261282.7161,13199.8799,3950.0196,8018.7824,13771.0972,12144.0799,0.0000,8468.9978,9121.3941,2165.0217,9810.2302,13348.6621,7419.3426,9133.7790,11750.4234,9370.3087,7991.5550,12711.9617,9405.5707,11434.3381,4495.5614,8226.2388,13108.8343,11911.6133,10417.6139,6951.3613,7810.3745,7280.2638,4241.7939,407892.4921,407425.4599,405997.6575,401751.5058,408519.7398,409009.2126,413731.4164,409141.3389,362257758.7856,362266728.7015,362264333.0076,362256135.0590,13072.0714,9151.8236,4877.0296,9115.2247,0.0000,11717.3885,9243.9988,13611.9842,7597.6881,4892.6513,10131.6582,11690.8702,9457.9776,11236.0783,12891.0439,8636.2395,11229.4256,10288.4080,12598.7725,8500.8170,7797.3026,3587.9120,7802.4897,10232.6552,12797.0265,12178.0715,11450.8879,402902.5370,402440.2657,401024.8829,396638.8483,403341.3714,404165.3927,408917.3074,404101.8664,362253861.8126,362262830.2586,362260435.1843,362252237.4616,10659.5635,12618.4725,11917.2934,0.0000,9982.1821,11532.5318,3924.9357,9100.6608,13576.0386,6421.8484,5796.6629,9388.7013,10603.1466,7484.2091,11103.0969,10564.1955,9046.4664,1983.2118,9161.1521,11920.0098,12696.7331,12462.9702,6519.7100,5488.6455,9286.6089,6276.5455,410307.7807,409840.0494,408430.4643,404131.9309,410920.6511,411462.7836,416145.7366,411525.4580,362261246.4003,362270216.0845,362267820.4954,362259622.5743,12083.3188,11330.1723,0.0000,8494.9480,3816.8258,9054.9734,9121.8319,9564.7523,9365.9287,13391.5939,13571.6936,8914.6323,11552.6409,13188.0443,9049.2253,13738.5304,10383.5596,5985.2034,12650.1403,6383.8225,4185.6606,8617.0918,12644.0988,7749.5617,6139.3782,402312.2392,401848.9962,400398.2719,396157.9798,402856.1669,403449.2065,408252.8220,403584.0502,362250912.8992,362259882.4144,362257486.8630,362249289.0061,6571.0147,0.0000,11184.0915,11150.2289,13495.5163,9825.4242,4842.1795,11533.3250,9291.9105,5657.0643,10466.1764,10873.8832,4377.8852,10373.6870,6556.8045,12658.4097,11574.8041,3670.5556,8116.8581,10178.0018,11933.6923,10469.6743,12062.6254,13368.3660,403474.2371,403009.3022,401625.6217,397180.4988,403940.9288,404768.4825,409436.0493,404628.1803,362257079.8414,362266047.9925,362263653.1270,362255455.3535,0.0000,6062.1638,8685.6908,11056.6745,13258.3178,5213.4592,13710.8661,9806.9510,6892.9245,5035.8863,6556.1042,4580.4133,4890.6450,6730.2371,12862.2872,13478.5144,3719.8471,10758.0763,8573.4295,13819.1672,8364.6102,7460.2461,13417.8158,400295.1308,399826.9926,398450.5011,394043.7241,400857.2081,401537.8231,406159.1543,401453.2390,362255479.2962,362264447.7021,362262052.8346,362253854.9019,0.0000,0.0000,0.0000,0.0000,0.0000,0.0000,0.0000,0.0000,0.0000,0.0000,0.0000,0.0000,0.0000,0.0000,0.0000,0.0000,0.0000,0.0000,0.0000,0.0000,0.0000,0.0000,0.0000,0.0000,0.0000,0.0000,0.0000,0.0000,0.0000,0.0000,0.0000,0.0000,0.0000,0.0000,5666.5462,7270.9401,13568.1420,8732.9647,13005.4041,11020.1038,10511.0456,1176.3244,5057.7273,9477.1560,1284.5420,10052.9467,11191.8319,12263.0175,9137.2350,11480.9248,6938.4943,12731.1478,8243.0417,1587.1852,10594.8062,400414.6997,399946.1255,398544.3684,394236.6295,401043.0006,401573.2140,406234.1692,401623.1790,362253783.7892,362262752.9344,362260357.7250,362252159.7130,9278.8878,11441.6773,7640.5846,11744.9681,13346.8051,12702.7535,5851.1987,9825.4888,11651.0603,6011.5698,12725.3213,11851.8681,9125.1093,10887.2510,7556.6427,1939.6944,11195.7974,11862.8178,5375.7139,8851.7079,399628.2662,399163.3733,397729.9321,393460.3413,400193.3123,400779.1499,405535.4917,400876.3920,362250266.8785,362259236.1121,362256840.7669,362248642.8536,11078.2616,13079.3949,8832.3755,8422.6682,10931.4622,8184.7114,6127.4134,11795.1209,8192.7468,10434.4455,5295.0507,9874.4657,12272.4948,12762.6964,10679.8895,8535.5300,6304.7982,6195.1108,6252.1211,407216.8375,406748.5365,405333.0929,401068.7969,407863.1610,408340.4267,413027.3002,408449.3764,362258318.5994,362267288.3982,362264892.8026,362256694.8162,11269.8648,3337.1839,9736.2509,10615.7734,13708.1715,13320.6533,11754.6479,13710.8302,11257.9644,7621.3460,3881.2747,11904.9302,6814.8779,11007.3145,3611.9243,11780.3389,13239.8758,6915.3821,409512.1221,409049.9569,407616.1339,403292.1753,409982.6995,410723.7875,415508.8970,410745.1023,362257901.5260,362266870.7516,362264475.2330,362256277.5222,12881.6590,11948.5957,8908.8950,7896.5436,10629.3319,6842.7813,7872.2924,9380.8854,13811.4509,11405.3789,5438.5457,6734.8738,6390.4155,12899.0527,11741.8063,9699.1380,12948.0928,399541.8041,399077.1137,397678.2594,393281.1855,400029.8944,400798.7268,405496.5338,400723.1927,362252704.2227,362261672.5241,362259277.6188,362251079.7953,8510.4879,10736.7708,13382.2250,12125.3296,12314.7208,13381.9653,11093.0425,4655.0048,4479.4344,12755.0185,9193.7033,11861.8990,1028.1767,10273.1402,12415.5511,5002.3017,411023.5549,410559.9117,409127.2044,404828.0825,411541.7440,412205.1574,416972.6456,412262.2952,362259467.0982,362268436.6465,362266040.9993,362257843.2305,4485.1816,11054.7189,7239.6129,7025.9714,10929.3031,4172.1669,6425.9347,11568.2441,8337.5106,12940.1444,13694.2490,9158.3491,3837.3132,11171.6808,10633.3238,410065.1067,409596.7515,408217.8941,403822.6121,410637.5753,411295.6540,415917.9104,411227.9971,362263452.9659,362272421.9465,362270026.7133,362261828.8329,10068.2800,7664.5517,2851.6406,9915.7269,1132.1964,9953.6110,12599.7480,4302.1973,11727.8046,12574.1290,11331.0292,5916.8240,11237.1518,12759.5985,406818.6121,406350.7255,404982.8398,400540.4570,407354.3820,408091.2609,412699.1812,407958.6105,362261483.8168,362270452.2698,362268057.3085,362259859.4528,5242.4996,8761.3046,201.5923,9646.8546,11777.6482,12611.5358,8302.1206,11285.5240,6842.6235,13163.2693,8415.1836,2738.2353,11297.2712,399865.9796,399397.4447,398000.2367,393675.2413,400483.5292,401039.0093,405692.5682,401065.5944,362253664.5455,362262633.5370,362260238.4051,362252040.4023,7685.7888,5101.1262,6811.8512,9160.4876,13167.1440,8222.1650,13470.1696,10841.0631,12184.3115,3705.6300,5451.5099,11074.9825,404327.9946,403857.7633,402477.2392,398128.0025,404970.9873,405509.4145,410114.4578,405505.2875,362258821.3775,362267790.4844,362265395.3015,362257197.2837,8604.1212,3131.3907,11775.3338,13269.1031,1578.5390,11159.9259,11340.5732,12754.5768,7308.8224,10519.2202,13671.0060,404006.2608,403538.4596,402172.2169,397722.8525,404536.5253,405285.5577,409891.6829,405142.9796,362259247.4971,362268215.7589,362265820.9148,362257623.0468,9484.5185,11752.9677,12669.2221,8159.6148,11337.6554,6975.4424,13177.9914,8280.8758,2855.9769,11360.8532,399940.6898,399472.0846,398076.1088,393748.1510,400558.1767,401115.6926,405766.3192,401138.3542,362253826.9304,362262795.9071,362260400.7835,362252202.7807,9823.0422,13034.8961,4647.8402,12389.0825,12754.3902,11652.6013,5047.7552,10782.1208,12819.3618,406768.3437,406299.7856,404934.4372,400496.7407,407322.3039,408032.8429,412629.0463,407907.2901,362261731.0726,362270699.5848,362268304.6146,362260106.7314,7848.7432,12532.6594,12016.1539,12600.1971,4786.0064,7063.1982,10461.9671,5327.9215,411178.0944,410711.5199,409293.6730,405000.6735,411767.1974,412335.8579,417045.8205,412404.8602,362261170.2877,362270140.0105,362267744.3612,362259546.4842,13175.5326,6132.0078,8948.5408,3756.8093,12497.4903,11612.5131,4420.3789,407598.7782,407136.8404,405686.1241,401418.8379,408096.7965,408765.5627,413582.6469,408862.8853,362255021.7067,362263991.2429,362261595.5904,362253397.8352,10394.9371,10403.7612,13111.5286,8396.8298,10276.9720,13836.0353,402633.7515,402166.4640,400796.4293,396350.1018,403153.9504,403914.0357,408532.5651,403774.8835,362257752.1857,362266720.3830,362264325.5689,362256127.7076,6136.1847,8946.2031,13657.1460,11527.4039,9415.4818,402814.4281,402353.0754,400915.6945,396589.6487,403266.1769,404033.8981,408834.2559,404050.4238,362252021.5428,362260990.3835,362258595.0964,362250397.3659,11372.9549,12634.6309,6953.0575,9597.0500,399198.5698,398734.5755,397301.0232,393013.5055,399732.7224,400370.0072,405136.2952,400441.9166,362249776.2895,362258745.3362,362256350.0597,362248152.1866,10594.1281,12050.1027,4106.5825,410543.9961,410080.5288,408642.6591,404358.7690,411066.9567,411714.2619,416492.6248,411791.6662,362258651.8287,362267621.4577,362265225.7722,362257027.9958,8389.4388,10580.4554,407745.3744,407275.5561,405897.8563,401529.2657,408367.3081,408944.8952,413549.2688,408914.5990,362261818.4181,362270787.5388,362268392.3037,362260194.3366,9530.6123,401130.6473,400662.3096,399252.4885,394969.0339,401767.3565,402270.6104,406948.0418,402353.1343,362253738.0641,362262707.4115,362260312.0924,362252114.0773,408232.4097,407768.1602,406321.5993,402085.9406,408801.4549,409358.2991,414143.3113,409501.3558,362256207.3964,362265177.2934,362262781.5269,362254583.6729,537.8569,3118.5481,7859.1546,6660.3368,5696.0440,9348.6827,4338.7072,361923584.1986,361932533.0502,361930151.5089,361921950.7939,3022.7801,7509.0519,6930.1957,5787.1655,9454.9848,4367.0858,361924088.5936,361933037.4692,361930655.9167,361922455.1993,8060.7712,7248.7419,5266.5288,11546.6666,7309.7250,361923745.0743,361932694.2439,361930312.5016,361922111.8139,8535.8720,12724.2344,15727.2508,7896.5962,361930245.3135,361939193.8966,361936812.4149,361928611.8022,11163.4693,14787.7585,7601.6189,361922051.3569,361930999.7064,361928618.3090,361920417.7484,8535.8720,9256.8067,361920981.0175,361929930.4863,361927548.6738,361919347.8765,8882.8712,361921138.0283,361930086.8790,361927705.5261,361919504.5972,361924816.6980,361933765.0597,361931383.8037,361923183.0744,48395.6981,25634.6804,20830.5844,25226.4699,28851.5893,12209.6815,
3600.000,11095.6599,7758.5065,13765.2005,5805.4518,10149.6844,13802.7340,10930.4942,10452.0806,12238.2605,7048.4465,12989.6219,11740.5682,11481.7678,8102.4051,5508.9505,12287.1185,11632.0385,8793.4813,4955.4216,6883.3828,3593.6498,10989.9040,1003.3448,11604.3206,12077.0385,10412.7775,7660.5094,2541.9583,9089.8121,9645.9655,10097.2267,11026.1088,6864.0126,11410.0465,6207.6809,7707.4450,9324.6211,9189.6743,11862.0736,13853.5274,9342.3087,12613.2320,7982.6313,9422.2449,8841.6676,13093.0721,10504.4279,7278.8865,10021.1092,6112.7979,8283.8170,12716.5671,8689.3946,11500.3693,7770.7170,10809.4118,5511.5529,12835.2565,9478.4537,5083.9451,2228.3079,12329.8922,11075.3886,5799.2369,9769.4009,9652.1418,10161.3925,8078.1566,7541.2363,1287.2239,2027.8839,13537.1393,1693.2909,8540.0856,12384.9245,7108.8740,0.0000,8741.6602,12485.6499,1029.1548,10771.5955,11121.8776,11161.9504,9994.6608,11480.2093,8876.0261,6322.2999,11608.4635,9282.2100,5012.8717,4179.4245,12626.3767,12172.9353,11942.1084,9430.5226,11343.8499,2152.0271,8652.9996,10922.1376,408918.8001,406032.1022,402105.0864,401124.1224,405099.4963,406178.9475,412602.3210,406176.2307,362253625.0052,362270131.7740,362267626.9926,362258572.6615,7439.2816,7699.6398,10663.6194,11093.3027,8969.6375,7460.5647,7248.9333,8194.4446,9844.6676,4387.9233,9572.6783,9340.4733,6638.0025,7186.8934,7682.6229,9694.6859,11483.2767,10536.0144,13632.6157,12348.6330,11979.5935,11379.8876,8338.9083,8336.6173,7481.3474,11158.9264,10119.3124,5323.3074,13564.8783,8067.0738,11454.6297,6411.5337,728.3468,7573.4231,13796.1277,13721.9235,11783.2830,2043.5947,8204.6156,13285.0653,12060.4439,12118.2671,4538.1461,12827.8649,9440.4562,10650.2700,13581.7073,1924.4756,9475.9261,13500.4806,10928.0675,13243.4925,12002.7355,12435.6349,12977.8225,9701.5314,11283.4428,13624.4912,8197.0319,11936.8625,12467.9062,2532.9440,12301.3102,13673.6826,10168.3895,12871.4254,13820.8713,6494.2155,11220.4425,11890.8929,10081.5583,11855.4238,13764.4705,5946.9508,9321.1208,0.0000,11082.3130,10484.2101,10722.0208,12540.6458,9124.5535,9544.4492,4189.3576,1206.4130,10401.4710,6195.1730,2110.2112,6665.7832,7323.3457,12729.9686,10759.3480,3161.3943,12184.6699,12938.8226,10149.4470,10007.9047,12469.8371,12150.0976,409890.3839,406983.8514,403048.9682,402133.4193,406258.3563,407070.6986,413369.7309,407100.4198,362254391.9227,362270899.8596,362268394.5916,362259339.9970,11942.9717,11241.0328,13521.2546,11318.6808,12232.7986,3774.2497,12907.5750,3119.1534,10369.1366,13412.9318,6708.6804,871.7585,7479.9210,12666.4144,7134.4220,13127.0476,4290.5574,11744.2080,7864.1708,9076.8973,7565.0127,12887.2400,12967.3034,3808.1242,12403.1981,8549.6907,9701.3946,12537.1204,3951.3991,8298.5928,2752.5086,7924.6420,2137.9436,11113.3139,12128.7560,13348.0087,9059.1770,11658.6987,13187.0413,13158.1835,7074.0943,3231.6427,8719.7341,9448.9383,13514.5355,12139.8625,5889.2502,2690.1907,10055.7885,10183.6162,9511.8140,13828.5506,7626.6084,13337.0950,3158.5243,10893.4875,12803.3361,8554.4961,7640.9488,12586.6629,9194.1916,7006.1157,11839.8958,5210.4146,13428.2650,11735.5141,1589.7535,7065.9534,7714.5380,12241.6569,8379.8767,12206.1111,6726.4334,11275.6075,0.0000,12993.0559,13559.1009,6869.8695,9741.4997,13116.8863,6316.9163,3772.2842,8288.6498,12806.7206,6625.5091,9127.9296,10884.3522,5993.4354,8371.7792,9765.4162,9905.8432,13673.6173,13404.9504,7140.5483,8102.8786,13229.6960,9252.9040,404949.2441,402056.1911,398080.7494,397166.3198,401185.2825,402114.1061,408500.3042,402159.9619,362248864.4735,362265371.8473,362262866.8227,362253812.3373,11536.4386,8400.2637,3124.8371,6932.6915,9999.4289,4843.4366,12662.5411,3700.5064,5955.2115,9047.8389,11492.1393,11963.8385,4683.2104,9015.4708,9790.1994,13517.4410,12136.2172,13607.1860,9848.5707,13730.6486,6005.2635,5197.9612,10085.6437,10325.3567,13172.2964,9248.8254,10173.3606,10180.2511,9891.4560,12065.4273,7052.6638,12556.8817,12012.2952,10681.0272,9536.3766,6194.8640,1430.2111,10099.9026,6268.5969,12270.4565,10342.7860,11749.7144,6318.0844,7917.2260,11820.1608,9158.5633,12942.3870,11916.3055,7207.8133,11787.0295,7255.2500,12320.9262,8612.9037,13190.6661,6905.0112,10326.6739,12140.3542,13853.8816,7257.4999,7234.4877,13261.0960,10512.8686,11146.1784,9069.1369,11629.9083,11845.0859,13835.7255,13833.1984,3519.5496,13589.9197,11175.7147,7217.5631,10815.8311,0.0000,9748.7373,4932.4988,13772.0875,10065.3424,6820.9232,9615.4139,9750.0128,6672.8075,9526.2076,11743.8589,6552.1078,8931.8092,12489.0449,13574.2184,7466.9179,5466.9969,6898.0796,9818.5029,9464.1148,13156.0057,10252.1136,9930.6650,408302.8528,405382.3293,401572.3170,400573.5742,404820.8070,405625.5432,411829.1465,405568.4678,362257396.9956,362273904.3117,362271399.4423,362262344.7043,5313.2944,12630.5991,6692.2468,12893.2423,8260.3872,11243.3877,11112.6728,7361.8347,13376.0413,11197.9875,5883.2332,8453.9988,13448.4036,3757.7216,9851.6079,6527.6010,7831.1445,12602.3870,6363.8637,7276.7333,7972.3335,12917.3338,2490.3952,4165.4705,6636.3065,8585.8915,12732.4003,12919.9021,9830.3543,10687.1114,9913.6068,8535.7759,8905.8403,4476.6084,10450.3844,12104.9883,6860.4113,10635.2850,11310.1126,11414.6927,11310.4171,13456.4075,5639.8075,6235.0353,10507.1109,10541.0632,10064.6362,13095.8782,10781.3121,7997.0358,10950.9308,8487.5192,10143.1069,12816.5294,8043.9250,4561.0817,7148.8654,11177.8338,9359.4706,9865.0154,9762.3292,12718.1684,7259.9865,8104.3134,10642.5147,6857.3296,6953.5529,11843.9135,5926.8448,7892.3960,13290.2709,2308.9709,0.0000,3449.5946,8935.0358,6590.5083,12176.9782,6459.2207,13350.3566,11716.1693,10497.3772,3441.2791,7141.6419,10072.3680,5673.8293,7068.4175,7981.2277,13243.6433,10239.8515,9065.6742,6207.6955,13344.3276,4562.8391,4596.0665,12495.1237,412896.9133,410000.2118,406135.7058,405120.4298,409176.6596,410219.1971,416578.4353,410176.6081,362259133.2596,362275640.1083,362273135.3125,362264080.9252,9848.3426,4886.9489,13731.3963,4745.2893,13470.5042,9375.9523,3010.7603,13167.1555,13347.9032,9690.3638,5257.0840,13106.3312,1852.5114,12835.4553,7292.3937,10791.4559,11991.6490,10359.4677,4083.9118,4449.0093,13756.6958,2993.0679,9036.4859,8029.9594,7031.6712,13562.1283,12533.5090,12693.1534,10769.2868,12905.9249,8895.4618,7858.0202,1598.5604,9990.7115,9096.4281,4907.1092,7069.4755,12493.3791,13066.3210,11775.0463,11825.2985,798.3942,6612.0639,11776.2921,13229.8449,10426.1242,11338.2515,11113.6232,3558.9791,12099.6700,5438.5989,13050.5842,10709.0528,6467.9834,8790.2231,10724.6942,8300.4908,9423.6183,12020.0717,8660.6249,13577.8910,4260.3906,8020.1603,13149.3341,10819.6866,10599.5176,8508.7145,9744.5463,7288.2948,12879.5595,5415.6895,0.0000,1997.3911,4344.8986,10778.5725,11464.2633,2976.1421,13392.9224,13014.3397,10387.8458,2431.2448,10511.5398,9779.2293,6463.9223,10889.0611,10670.0664,11698.2251,9279.5097,4997.6964,3791.2992,13123.4090,9300.0928,2950.8090,11866.0907,412549.3115,409639.9180,405848.3422,404797.7672,408959.8535,409939.1091,416213.8787,409851.8345,362261435.2033,362277941.9592,362275437.2821,362266382.7536,9399.0823,8750.1295,7434.8224,11485.4413,5881.0730,8060.8385,6834.0014,11023.7010,13017.3097,7387.1262,6679.8148,11013.6345,12670.1974,11690.6719,12870.2952,7389.0174,13546.1803,8474.9697,7735.8418,8768.4381,11478.8995,13784.7459,11207.3835,9312.2861,8690.6524,7425.3846,12141.1651,8453.0664,12333.2878,10931.9976,9608.0790,10632.8794,8034.7007,1713.4328,10020.0529,5340.7006,10494.0773,10318.4065,9816.2640,3537.9966,9578.9825,11520.0258,10027.1563,12081.8931,10334.3197,4348.3714,9986.3790,7838.2504,10594.5250,8244.3690,12417.4688,4122.2747,9701.8698,13267.9888,13400.8920,5611.9212,9228.6407,11980.8711,9115.1659,9251.7586,9141.6061,10733.9743,11639.5369,13596.4069,13430.6377,2072.4672,13388.1398,10421.9631,6179.2757,12391.2912,0.0000,11135.5791,6240.9545,13709.6816,7723.0206,9043.5396,7463.2120,9687.6236,8225.0505,11157.1727,12740.9999,8475.3819,11055.2594,13161.8182,12751.8791,4622.7888,7651.6943,6932.9418,10109.3397,7108.8710,13670.2563,10961.1036,7498.3864,405241.3342,402321.5381,398515.2331,397510.5285,401753.3814,402572.4803,408780.7781,402510.9909,362254982.7134,362271489.7869,362268985.0549,362259930.2980,12420.4642,2699.3721,13307.4503,6050.3768,3372.7179,12852.1868,11767.6271,7912.6066,2563.0729,12950.8283,5730.2033,13027.6974,10814.2649,12420.3416,13243.8704,11368.8405,1716.0537,2469.6800,12539.9463,5937.7762,9218.1306,4340.7256,10679.0004,12667.1389,13386.0234,10896.7447,7082.7309,11628.8892,12045.4825,11318.5769,6078.0512,6071.7105,8101.6141,9151.2308,9382.5706,13733.5383,10698.3398,13569.1384,11605.4490,4208.4869,10344.9891,8532.4700,12884.0623,12958.5671,12035.3204,13308.0021,7149.3339,13606.4860,9200.9491,12809.3943,11705.6166,10340.3718,7540.3065,12029.1555,10622.6416,5230.8166,13404.0691,11816.8977,13608.1325,8470.4596,11474.0123,11440.9607,11629.2579,11898.1208,8966.3600,11217.3253,10963.8086,11013.7487,5051.7149,0.0000,5193.3998,5882.4844,11253.4080,13148.7106,2205.2251,13136.3669,10573.1514,6636.8120,4298.2344,8278.5597,5726.7218,2924.8310,9313.1728,12557.5093,12246.1611,5272.1177,8133.1273,8249.6862,13194.8029,9451.2445,7343.8628,13239.1312,413883.9532,410973.0053,407130.2393,406134.4757,410301.0246,411190.8955,417459.7453,411148.4692,362260855.4322,362277362.8582,362274857.8431,362265803.2826,12336.7271,4774.1231,8980.8822,13035.1626,3619.7800,3639.9181,10024.5331,12080.3609,4124.6888,13801.5927,6847.8404,12498.6298,9723.5111,7222.4350,10113.4790,12686.3203,12497.2091,271.4898,13397.4855,11192.2504,10878.6813,12207.2110,1143.9505,6224.0392,5934.4778,7482.1753,5758.1916,11403.9666,11850.6125,13829.7338,8485.5846,9388.0658,13241.6216,11639.1542,7025.1223,4062.6664,8207.2960,6370.6782,13641.8110,12817.1525,6444.6819,5407.7251,9956.6266,7544.4105,9158.0441,13217.1978,7679.2385,12732.9192,6027.7363,8434.3303,12638.6716,10998.6970,9952.3092,10959.8833,9291.8545,8189.2924,11284.0571,3734.2286,13203.7547,11958.9904,4755.6068,9737.2495,10050.8506,10066.2907,10646.0682,12317.5175,3582.2522,12832.2112,0.0000,13752.0791,12560.4672,9729.6863,8194.0683,13110.7565,3416.5499,3742.7337,7800.9607,13620.2542,9157.3257,8801.1002,11886.1988,8951.4657,10002.1616,7034.8025,9230.2420,12720.1788,13546.6409,4412.4498,10802.8600,13785.2319,7491.0157,403051.3230,400149.9074,396207.5812,395284.0513,399370.5665,400238.6621,406571.2869,400267.1123,362248518.9048,362265026.2677,362262521.3053,362253466.7056,13700.2052,5328.3503,1895.2781,12083.1204,12469.0155,9948.6286,622.9267,12098.9006,6234.1682,13741.3172,10811.0051,13019.7197,12224.5256,12483.6329,1264.6062,379.9985,12434.5684,6858.5315,10942.1652,6629.0661,9791.4251,12499.9650,12459.1632,12097.8935,7653.2629,12704.9140,11699.1487,10522.0412,6210.3775,6509.5489,6051.4856,8532.4277,7414.4706,13512.6083,11411.0680,13040.1549,10161.1262,4015.1371,10296.4489,9522.1284,13546.5748,12469.0741,10510.9758,12756.7286,5654.6014,13373.7434,7937.6536,13563.0641,10043.1540,9553.7306,9652.8559,12918.2302,8853.3246,6365.7464,13626.4177,10885.5988,13304.9004,7543.5735,11054.0858,12386.6820,12748.1125,12821.2386,6780.1951,12218.3410,10438.4166,10426.0840,7160.9320,0.0000,5973.8719,3665.0767,12535.5461,12107.6707,2224.4599,12475.9350,11114.8181,7164.0122,5479.1874,10197.0876,6410.3158,5487.6431,11098.8335,13034.0243,10811.9637,5509.0666,6383.2350,7732.3553,12378.5072,11111.8628,7404.0950,12215.7899,412412.1548,409496.0652,405686.4159,404673.3760,408884.3667,409751.3940,415984.7866,409688.0525,362260790.9105,362277298.1982,362274793.2913,362265738.6597,11943.9244,13829.6657,6109.0372,3916.6587,8886.7690,13590.5008,6381.8527,12926.3288,2370.5666,10084.5648,5817.6616,7235.1765,6473.4387,13689.9206,13738.1170,4624.8311,12228.3222,8654.6605,11438.6877,10944.5631,4128.8005,6582.3777,5234.4677,10201.4186,4003.7879,9019.5737,10333.7085,13019.7413,11131.5167,12158.2189,12012.1167,12365.6415,4296.4622,6121.8870,6176.5380,9178.0633,13630.1116,10625.0045,8551.4674,1392.0612,7660.1390,9266.1499,7034.6547,13311.8512,4879.3844,12238.1216,1930.3122,9942.6443,11301.4746,9571.7791,6055.7398,11456.7605,11292.4262,4270.3222,9942.7047,3537.3797,12461.6139,9841.6767,4474.1025,5986.6428,6206.2353,12083.8805,7106.4254,10482.8427,7982.0765,11885.3108,0.0000,12960.3710,13557.2456,6214.3253,7757.7668,13715.9697,5538.7831,6482.0979,10470.9816,13040.2780,8465.0676,11221.2687,12254.6313,7460.1824,6202.9405,8858.7840,11784.2939,12995.2562,12480.9463,6069.4386,8166.7722,12576.6745,7357.4026,403186.9468,400295.4338,396343.9688,395400.7340,399410.7712,400394.2170,406789.6785,400417.4953,362248215.3189,362264722.2711,362262217.4614,362253162.9914,6996.8430,9442.8261,9720.6069,9905.3399,4810.4724,9610.3219,10427.0397,12755.4981,13266.2077,13608.6419,11343.7578,13146.1859,6069.8900,5623.6845,9152.3864,10606.7855,12041.9809,6833.3204,12187.5613,9523.9031,11089.0988,9947.0746,3672.1811,10789.1347,13385.0049,12583.3001,10477.4449,2657.1336,4570.8317,11858.2348,9305.3232,12816.3842,8022.0565,12860.6780,7853.4180,8798.8530,13028.0920,6144.1529,11929.4982,13253.8624,9265.3525,13074.6933,9517.3989,12996.8960,10946.1454,12175.5302,9307.1831,12260.6406,10398.0835,13520.4187,10111.3357,3969.2489,13453.2448,12507.2527,11175.6622,11051.0926,13145.9163,9870.6597,13151.7972,13477.8155,6846.3942,13273.7336,12833.8556,6279.0977,9857.6932,0.0000,10144.3091,7363.8607,12857.5436,11757.0500,7112.7330,9899.9848,7447.0965,3247.0573,9579.4737,9393.8676,3088.2641,7122.3487,10438.3781,13773.6392,9308.0683,2014.7835,9551.4754,11443.0145,10131.8438,12017.6875,11340.2200,11479.5950,409801.0548,406884.9956,403019.2766,402062.7024,406268.5166,407054.2212,413289.3941,407038.1831,362256734.8483,362273242.5755,362270737.4653,362261682.7754,12510.4153,13079.9461,10177.2215,2494.5222,12474.7398,4695.2387,13650.5478,9518.1611,12376.0742,12030.9880,11952.0353,1781.5950,1659.2638,13100.0751,5543.0735,10530.5302,7398.0318,8526.7733,13046.6731,12424.0424,12649.8474,9098.0189,13093.6531,10611.0866,9342.3719,4547.0301,8076.9573,6931.9411,6987.2878,6687.5840,13200.8076,12325.3162,12550.6047,10646.5164,2303.4608,8923.9545,10681.4107,13682.1459,11662.0788,10606.1933,12101.9377,4132.8013,12953.4357,6570.2651,13633.8256,10012.9694,8185.2453,9634.5067,12333.4327,8190.0954,7796.0492,13168.4586,9851.8452,13506.3176,5980.2664,9845.7477,12981.0249,12297.2897,12229.2446,6965.5222,11531.5402,9144.5294,11457.5083,6664.4647,0.0000,4560.2884,2810.8768,12169.1496,11731.3679,1477.5199,12861.3713,12103.3620,8641.9843,4312.9802,10655.2567,7947.1361,5984.1448,11362.5799,12315.3182,10965.4425,7166.8142,5160.8843,6089.0861,12654.3731,10736.0898,5765.5417,11971.2289,412426.4771,409511.6905,405718.5970,404685.2861,408888.3341,409795.4436,416036.1884,409716.4805,362261343.6608,362277850.7108,362275345.9161,362266291.3113,6794.8693,12050.8514,11961.6307,511.1417,13440.8588,8094.0886,11436.8011,9793.2525,4152.9018,10939.4251,12635.8375,12271.7711,3445.2546,13293.6015,12480.0876,12484.1349,10285.7951,2917.5770,3107.6972,8856.4447,9321.2693,8449.9297,9860.2411,9893.2748,13244.3952,9916.1918,8029.1418,11814.1068,9335.1041,5821.1894,7321.4737,6228.0626,3610.4582,13156.5529,11734.2133,9086.5750,7194.5130,8121.9989,4306.5934,7174.9670,11743.7110,6377.2227,10860.8963,7740.4579,5318.4942,10879.1237,12690.6744,10477.3477,8322.2697,10907.7882,7853.7722,9074.9965,2955.5208,11692.8544,10384.9979,7832.9574,10703.5478,10602.5052,7954.9890,11138.6225,10696.4985,4282.1838,13659.9201,0.0000,13569.7416,11282.9624,10961.9329,5280.3554,12970.5056,691.3480,6904.9496,9469.8493,13673.4738,11494.8427,10306.5713,13038.7482,11234.8189,9807.3479,3720.5522,10315.9053,10891.0972,12326.6892,1050.1608,12127.8475,13036.7940,4468.4333,401346.6985,398440.1707,394551.6860,393588.7327,397720.1615,398599.4862,404898.3491,398588.7619,362248967.6161,362265474.6015,362262969.8663,362253915.2100,7217.7774,12194.3012,7241.0354,13031.0332,5031.1891,12060.1925,8432.6945,9390.0127,7990.6905,12465.4894,12539.0018,3734.1422,12332.5333,8646.1882,9156.3351,12758.0540,4046.5571,8604.1716,2432.9617,7143.1496,2318.9011,11518.8362,12411.6185,13269.8094,8316.8629,11267.8389,13310.0524,13110.4584,7690.4893,2363.4477,9238.6202,9325.9027,13291.1707,12407.2648,5064.3564,3490.1051,10531.6884,10216.2795,10006.1587,13731.2145,8229.3181,13402.6913,3911.7576,10917.5300,13005.9262,8368.8116,8157.8601,12636.7616,8475.2648,7681.2698,12141.3403,5657.8994,13476.1387,12077.0809,1161.2049,7521.5583,8213.7347,12021.1446,8794.4447,12490.1983,6266.2598,11058.4555,0.0000,12859.7369,13308.4133,7251.8180,10077.3296,12758.9880,6477.3560,2940.4642,7526.4518,12607.9508,6252.5761,8389.4380,10412.7686,5820.1204,8938.5165,9807.6694,9202.9379,13606.8667,13463.6048,7330.8086,8228.4158,13245.5576,9575.8486,405452.1251,402557.7501,398582.1390,397671.7546,401700.6456,402612.1457,408989.9682,402659.9251,362249282.0891,362265789.5610,362263284.4908,362254229.9928,9758.6602,12337.4658,8863.9465,7809.2074,10431.2362,8455.5032,13037.7701,6283.1612,9223.7145,9808.4293,10129.2190,7834.6842,3676.2575,4412.0693,12226.0207,10267.4462,12825.2644,5100.8680,7583.3746,5743.4386,11460.2882,12258.5495,9500.8633,8007.3768,12487.6980,11372.8104,13336.1977,11168.2239,7122.0242,12080.8558,13104.4304,9633.7956,10481.1144,6230.4358,7776.4342,11936.3201,13546.1705,12140.0752,11877.9881,11203.4987,12356.1623,7458.7953,13713.7856,12004.6581,1487.6469,7363.9506,13602.7674,6763.1481,9831.4717,12668.0844,11164.6573,11612.4580,11525.4322,6272.5176,6241.9165,7214.5912,13171.6985,6866.0069,11637.9773,10947.2516,5102.4163,0.0000,8402.6652,11779.9393,5409.6828,13133.6372,9145.1761,11923.9919,7670.9353,7655.6754,7838.6948,1426.7348,7575.3053,5354.5115,1822.2159,9010.3861,13444.0163,8430.6281,12563.4288,10975.4377,12376.0809,3683.1542,9808.2220,13069.9264,412063.0560,409170.5528,405219.4940,404278.4957,408293.1382,409267.3211,415656.9493,409292.2048,362255482.7142,362271990.1894,362269485.0618,362260430.6766,11999.9260,6663.5131,13683.3188,11170.5838,13142.1002,12315.3182,12549.5612,1501.5901,874.2860,12189.7916,7206.1004,10957.4550,6294.0710,10203.1546,12296.6571,12492.9043,11819.7038,7128.1623,12481.8600,12015.4816,10899.9363,6686.4122,5951.3506,5946.7582,9009.3365,7781.3597,13578.2300,11042.1455,13182.7255,10085.8051,4528.5718,10683.7865,9066.8713,13420.7746,12707.6252,10563.2475,12952.3092,6202.9035,13474.0533,8414.7906,13452.9132,10149.7756,9989.0760,9543.5464,13008.8683,9169.4396,5827.8596,13709.7682,11229.1355,13216.9536,8049.2512,11413.0303,12105.4380,12787.5600,12912.9362,6906.0861,12338.4584,10831.3803,10103.7492,7236.7758,0.0000,6364.0411,4162.1973,12542.8240,12256.7488,2615.7786,12358.1536,10731.8054,6630.7033,5800.9571,9934.0748,5851.7073,5269.3946,10896.2810,13185.8791,10836.4281,4929.9102,6874.5320,8231.9045,12307.1558,11116.4064,7871.7833,12322.6391,412435.2458,409519.2078,405701.6763,404696.3133,408905.9407,409762.6492,415996.8117,409705.8640,362260545.2371,362277052.6039,362274547.6567,362265493.0221,13400.7342,8312.7387,11290.3228,9826.8257,3740.2295,11066.2942,12670.7961,12288.2065,3947.7333,13288.1128,12660.9133,12733.6577,10019.1730,3392.0452,2709.8440,9265.1355,9650.1134,8833.5978,9650.6661,9621.0630,13173.1610,10192.5346,7949.7334,11618.0316,9038.3786,5737.9947,7787.6440,5995.3155,3373.0186,13110.7667,11583.8363,9491.7745,7493.7245,7882.9883,3889.4984,6923.9404,11557.9303,6261.0081,10607.8532,8021.5774,4913.9587,10634.5876,12929.9088,10567.3395,7968.3748,11188.0591,7858.8815,8767.5727,3125.8071,11489.8645,10167.5992,8264.4141,10851.5417,10694.8944,7731.5749,11217.9484,10471.1849,4632.5431,13784.7356,0.0000,13555.7140,11145.5508,11143.3019,4883.4031,12984.5082,977.7284,7372.2629,9777.4720,13695.0225,11825.2969,10584.7851,13225.1411,11554.5908,9802.6825,3293.7436,10545.7060,10656.3310,12161.8048,729.0628,12315.2848,12938.0088,4060.7993,401149.2775,398242.1634,394361.4630,393392.4196,397529.2353,398411.9941,404706.8397,398395.4408,362249068.0146,362265574.9412,362263070.2399,362254015.5778,11991.9663,6254.5449,9653.6997,12134.3635,9051.8441,5406.3754,5924.8555,13814.3762,1279.3474,7670.6451,7984.7112,6888.3510,13577.8881,12674.5215,12176.9486,11268.3352,12286.7602,8204.3464,7589.0220,856.9855,10659.3875,10400.9672,4614.4395,8099.5765,12028.6497,12993.4900,11433.7477,12563.6652,2476.8775,5600.0441,11883.8976,12569.3433,9934.6084,11979.3581,10722.6546,4749.3189,11588.9596,5882.5553,12304.8924,11423.4431,6237.5598,7784.0795,9473.8346,9050.4850,9909.2559,11202.6732,8519.8403,13444.7925,4490.0592,7375.1700,12735.5266,9563.2185,9328.8339,9754.9579,8380.8187,6747.9571,13419.0118,4436.1245,0.0000,745.8082,5989.6206,9524.9419,11555.5143,4293.8224,13575.0184,13060.7182,10943.8620,1844.8668,9864.2820,10391.6072,6489.2617,10049.6430,9554.3284,12290.0616,10097.0930,6086.6703,3534.5856,13341.9251,7971.2306,1927.0318,11991.5600,412670.2188,409765.2958,405958.7386,404909.9871,409036.1313,410052.5291,416356.4034,409972.0117,362260981.9588,362277488.6380,362274983.9741,362265929.5008,8964.5090,4049.6723,8429.2235,4350.1075,13522.9229,13713.6008,6736.7690,11135.0381,6865.3489,11008.0110,10562.9222,6298.0471,8045.9282,5256.2483,10921.1444,3892.2027,8307.0206,9952.1322,12169.4341,11759.1666,13181.8788,11333.7636,12761.7911,4854.9471,7184.2490,6594.7966,10784.9965,13080.4581,9545.8309,9170.0299,1672.5706,7431.2534,10628.0030,7132.6792,13102.5120,5124.8045,12003.6830,1174.4186,11127.7419,10784.2210,8273.3022,3970.6708,11966.0017,11585.5839,3459.1139,9801.9106,5591.6845,11974.9583,9118.3640,5052.8461,3803.8472,4115.7707,12967.7912,5098.3250,9805.1252,9769.6312,10739.5940,0.0000,12018.0031,13669.0078,4089.9365,8651.0673,13374.9210,7577.4263,7710.3057,11148.5353,12139.4543,7695.5063,11729.0693,11700.2502,6392.7235,4606.2275,10319.5377,12344.2877,12998.8748,11756.1013,7956.2363,6357.2978,11626.7334,8468.8787,404613.9944,401726.2148,397774.1187,396821.0853,400802.7645,401832.5725,408250.7863,401851.8858,362249300.6326,362265807.4806,362263302.6943,362254248.2884,5394.9503,8784.3036,6439.0735,10452.0604,10651.7478,12390.7520,5968.5549,7761.8138,11706.5458,3549.2777,11802.8883,9532.2298,11832.1348,13583.5983,11208.1820,2502.1975,3357.9691,5975.9031,13497.7113,12001.4472,3480.0796,8063.3323,7712.0896,13081.4771,6834.9151,11599.8604,7971.1757,805.6392,13397.9425,10077.2942,4726.7727,10250.1408,5823.9189,6980.4247,7020.3952,5243.4114,9769.9165,9837.3751,3201.6026,9613.2596,6015.2214,7720.8904,13140.6440,6688.4059,4328.8094,10520.4064,4739.1421,1955.6174,12041.1859,6950.8537,5982.9070,10501.7965,5405.9664,2100.8693,13352.3735,8528.8014,0.0000,6799.0693,9090.2753,7533.1159,7894.8112,9652.8848,11340.4291,13251.7417,13441.8393,7697.7061,11300.2384,13395.8639,10950.8777,10620.0098,4890.5768,10467.9965,13304.4131,7163.5997,4207.5917,10901.2266,7753.3286,4657.2201,8541.5211,407461.8132,404564.4158,400749.6399,399688.3029,403759.2224,404856.4729,411206.1236,404773.2400,362256276.2229,362272782.3376,362270277.9529,362261223.5179,8390.5548,2608.0078,12656.2049,12915.3892,9596.2540,8821.5708,5896.8603,11391.6486,7785.9604,9011.6539,8566.4489,8217.0437,12573.8280,7160.4976,5125.2934,7147.0074,9740.2442,13034.7985,13344.9102,8386.6538,11264.3367,5018.4556,10158.0083,5712.3700,11583.9366,11249.0150,6073.5403,11388.8031,5551.7881,5165.7130,10761.3387,5518.6229,11022.5948,4632.8329,9568.4574,5093.2867,10896.7723,7858.8528,8192.3608,1430.3225,10522.7308,12668.9232,2636.4594,7330.9681,7699.3360,9339.1161,5890.9328,8349.9116,2690.5297,1608.3791,12510.5892,2332.6510,6647.0331,11893.0368,9464.4193,0.0000,9856.5817,12307.5574,3597.7304,8037.8212,12175.0375,9408.1457,10575.9139,12643.2048,10292.6494,8987.1097,12937.5269,11462.4579,7736.5242,734.0166,10662.5188,13302.2109,11051.9212,8921.9324,9361.4353,5543.2680,8846.5395,8274.4608,405726.9207,402838.3570,398938.2388,397935.8789,401929.5574,403021.9417,409432.2220,402998.7163,362251929.3542,362268435.7797,362265931.2026,362256876.8249,10256.1121,12694.7888,12347.8972,7017.7691,12119.1602,12334.3873,13707.3718,7163.7171,6248.7225,1160.9440,10959.3884,11882.1195,10260.8203,6724.8286,6594.9559,11749.6592,12176.4865,8778.4948,9247.0999,7284.5538,4178.3446,10356.3439,3180.9334,4860.3584,12198.7253,9122.0950,11816.6470,8341.8826,4789.5160,3345.3887,3823.6411,9938.8682,4278.5367,8264.5163,8655.9335,3806.9591,7896.0876,13236.3788,9493.1534,5747.6262,12895.3738,6450.5861,5561.5544,4494.2203,9314.7942,7276.0241,10210.4444,10200.8836,9633.9312,7443.5923,10062.9003,7636.4437,7902.9385,13488.8698,0.0000,12478.7271,10326.9018,10744.8156,1197.2009,12697.7113,4152.0494,10113.3760,11900.6244,12913.9556,12925.0439,12470.1763,13770.8412,12425.6555,8096.4591,3152.9788,12289.0078,8886.6379,10061.1335,3205.6876,12029.4899,11179.1854,330.7238,400927.2291,398021.0925,394182.8165,393168.6100,397302.9962,398258.1221,404557.0432,398204.5464,362250261.9753,362266768.4160,362264263.9551,362255209.3257,11926.4915,12339.4624,10049.7658,7989.3192,3481.1768,9722.7942,9157.5379,9661.4299,10311.3936,7035.9035,11678.5911,6216.9324,7006.2203,8748.1782,9364.0391,12153.1720,13717.9701,9095.4081,12275.4983,7103.6819,9476.8006,7970.6808,12649.7482,10745.2432,6921.0717,10306.6863,5664.8973,7445.7827,12168.6726,7827.3737,11405.7808,6868.0991,10499.5193,5068.8189,12304.1703,9053.1057,5941.2244,1228.3224,11862.2925,11489.7240,4845.8253,9125.9516,8996.0745,9961.2409,7482.8228,7555.8990,645.9935,1036.0517,13271.3921,1116.8893,8028.6723,12169.6449,7784.7493,0.0000,9073.1385,12472.3914,1238.7928,10017.5593,11447.5671,10592.5428,10020.1404,11755.8370,9295.8608,6985.2195,11945.4144,9901.3804,5655.7002,3222.2748,12068.5438,12466.3964,11734.2750,9308.5980,10730.3205,3091.3353,8717.0522,10179.6912,407973.7943,405086.9022,401164.9264,400179.5274,404157.2852,405241.0003,411662.8509,405234.2222,362253022.1782,362269528.8564,362267024.1280,362257969.7864,916.7981,12784.5802,5954.0897,10136.5717,5933.2734,9824.0204,12842.0785,12941.9826,11860.8228,7872.1813,12476.1268,11578.9486,10553.3691,5521.1694,6786.2579,7168.3648,8322.8305,8060.6661,13620.3249,11480.8790,13216.5417,10987.6012,3321.2899,9920.2736,9522.9557,13421.9371,12517.0977,11261.2071,12885.3069,5803.8868,13449.8322,8075.1070,13378.6726,10807.8205,9500.8391,8801.3947,12446.5677,9454.2309,6320.9054,13496.7435,11030.2689,13607.2696,7452.2503,10915.6855,12273.8262,12220.7121,12330.9555,7779.2744,11652.6708,10308.1451,11055.6669,6058.9372,0.0000,5040.9195,4306.5916,11963.5419,12528.3525,1189.2324,12974.9386,11274.0445,7399.4647,4411.6772,9603.2098,6576.4797,4562.2491,10507.8994,12697.9774,11545.4657,5858.1662,6761.1800,7422.3339,12908.7200,10351.0824,6808.0538,12671.6673,413206.4819,410292.6642,406475.8224,405462.9798,409655.1398,410542.8293,416791.5553,410482.4655,362261190.8150,362277698.0946,362275193.1737,362266138.5790,12593.1065,6552.5617,10741.3720,6516.1595,9722.1805,12648.7515,12598.0797,12105.8492,7815.9825,12705.5654,11614.6538,10461.7788,5924.2721,6688.5316,6383.8272,8379.6751,7517.0106,13545.9816,11516.0832,13074.9080,10412.0593,3704.2897,10125.1774,9620.0985,13557.1093,12447.9597,10715.7477,12766.8940,5569.3607,13391.2474,7876.2661,13554.6365,10239.8753,9455.3675,9463.6746,12791.8459,8957.8265,6454.5994,13593.0331,10864.2060,13421.3092,7412.3462,10953.9066,12428.6021,12617.5672,12689.6109,7033.9012,12060.1733,10331.3526,10671.0393,6867.1496,0.0000,5647.2154,3722.0580,12399.6327,12205.1775,1852.6947,12649.8584,11245.7451,7330.9696,5135.1764,10105.1115,6559.0387,5293.7110,10997.6815,12930.5906,11018.2925,5705.8265,6378.7965,7544.8675,12551.4435,10925.3478,7148.4213,12331.8889,412637.5742,409722.0361,405912.2970,404897.6557,409104.2626,409978.6383,416215.6678,409914.6286,362260970.7406,362277478.0111,362274973.1082,362265918.4868,13411.2393,11210.2490,11038.0002,12091.9074,885.7323,6009.3333,6043.6042,7708.5081,5805.5150,11253.5367,11717.4030,13831.9085,8695.9815,9448.0289,13169.0202,11580.6053,6800.3697,4281.2877,7990.0936,6310.5434,13681.2179,12720.6748,6676.7893,5317.7309,9770.4670,7426.0963,8955.7515,13197.7016,7463.0669,12659.6332,5944.0776,8325.0010,12534.3898,11082.7426,9857.1135,10863.6353,9494.9357,8008.5946,11135.4627,3473.5309,13146.8925,11825.0211,4860.3200,9673.1289,9960.6538,10058.7518,10571.7741,12197.0231,3729.8493,12903.6926,0.0000,13778.5261,12584.8653,9690.5314,7995.5167,13191.2776,3205.6594,3986.6339,8019.6867,13668.1701,9287.0156,9009.9099,12021.4398,9042.8700,9864.1392,6909.3436,9424.5614,12681.9966,13496.7154,4207.3705,10815.9697,13760.3795,7287.1318,402859.1237,399957.8656,396017.0321,395091.4923,399176.9597,400049.3551,406383.0137,400076.2925,362248411.2787,362264918.6071,362262413.6623,362253359.0637,6442.8241,7458.1457,7198.0219,13180.6467,12595.6191,11326.5379,11022.1788,11411.5722,8016.2596,7761.5597,2002.8733,10538.3996,10911.5436,5083.3366,8840.1701,11593.2366,12399.1001,11180.1505,12755.2458,3489.4791,5416.8242,11372.6679,11767.8782,9727.1213,12223.2659,10512.0418,5767.0556,11167.6192,6578.3994,11457.9400,11760.3897,6569.5596,6680.7536,8504.0162,9621.9964,9671.1616,10548.9737,8691.2875,13057.6362,5222.5414,7306.9812,11960.0239,8506.9693,8343.5613,10375.5222,7356.6061,6820.0418,13295.3571,3513.0047,0.0000,1197.4370,6937.3282,8420.4120,11577.5663,4925.2705,13370.7080,12543.4665,10741.0981,1896.1914,8917.9143,10233.1879,6094.2695,9011.2455,8787.9716,12479.1300,10093.1807,6990.2411,4171.1178,13205.7685,6763.8243,2439.1252,11984.2329,412665.8773,409763.8652,405938.3025,404899.8173,409001.3083,410029.3263,416352.8701,409960.9155,362260311.2556,362276817.9739,362274313.2743,362265258.8316,7121.0658,10348.0631,11054.8042,12367.3072,6930.4409,10413.7306,6792.0383,9081.6828,10269.7922,8254.4379,10713.6958,13519.9286,9479.6534,12760.7934,9898.0228,9380.2097,10612.0514,13650.1549,9285.4862,7910.7021,9220.7614,7617.1568,9949.0331,13499.6423,10410.7756,11079.2023,9710.3389,10979.8719,7093.1183,13540.1800,10045.1684,2799.6445,4667.0822,12829.7603,9643.0980,7997.4715,10850.9687,11096.1186,10103.1364,9174.5107,7890.2189,3732.7536,4459.7342,13500.4601,3778.0063,9395.9075,12582.9883,4974.2202,0.0000,7424.4744,11806.7304,3071.4201,12141.5201,9655.7795,12266.0393,9935.0076,10428.7332,7305.4385,4873.4424,10352.8971,7236.1640,3983.0615,6393.1607,13458.7392,10947.7200,11784.2634,9245.6379,12498.0816,521.9552,8069.1273,12281.5872,411228.2659,408339.3379,404413.4269,403437.3434,407428.4738,408482.8492,414893.0448,408482.0347,362255591.1708,362272098.1605,362269593.2637,362260538.9302,12488.8209,11320.9862,13558.2709,7686.2271,5370.9779,8689.8628,12822.0787,12832.1620,8577.7355,5081.7204,10171.4068,11295.7242,12093.8780,13154.5364,8001.1615,13626.8448,12383.2007,7623.3787,11487.0568,5649.2148,10674.8408,13417.2973,13130.0325,13618.0967,10390.9820,13182.2953,11750.2298,10558.4247,13134.8530,12228.2700,4610.5524,10630.3092,12864.7484,3469.0559,12456.1714,13243.7278,12639.7752,11029.3533,12581.0176,8512.8834,9806.2392,10490.6357,11369.1175,9984.4799,12378.6140,10305.2059,4673.8662,0.0000,7368.8637,9472.6422,9158.9346,13829.9072,6246.3828,12602.7430,8133.4637,5176.7752,6432.5211,4456.3452,4504.1325,1834.3285,5838.1789,11770.6425,13141.1191,5093.8790,11201.9002,10604.6215,12969.7870,7282.3176,9469.4890,13757.0730,413726.2154,410823.5029,406910.1291,405960.6851,410056.1986,410953.5913,417278.0495,410959.8505,362258249.2083,362274756.9170,362272251.7157,362263197.2300,11486.5674,8133.2061,13042.3046,13355.8719,12534.4213,3147.7628,1023.5716,6259.0477,13098.6228,9820.3269,2528.6620,4938.1471,7913.1029,13475.4119,6390.1201,9530.5078,7594.0347,3338.4324,13714.7743,11295.2429,4512.7243,7890.4103,5361.7135,5001.2654,7287.1846,2459.5671,11188.1866,7218.8110,817.2691,11607.0263,8657.9357,4466.4136,13128.3219,8032.9003,1926.5016,10206.3570,3054.3316,2253.6345,12997.0450,9552.6942,8670.0155,7829.5595,8298.6016,1528.8954,12327.8777,10071.3524,0.0000,7523.2843,7103.7129,10100.8288,6147.6645,9193.9966,10366.6411,13419.3322,13153.7969,8418.6832,12855.8178,13131.8319,11647.6838,12453.5019,7247.8530,8263.8209,12748.9301,4524.3463,3660.7069,9696.1079,10317.5677,5240.4881,6895.2142,406088.2347,403182.5679,399405.9769,398330.6295,402469.3547,403512.9888,409808.6556,403408.2374,362256501.5547,362273007.6416,362270503.3244,362261448.7824,5235.3257,6315.8561,8269.1461,5901.2700,10554.2768,11063.6874,13562.0115,9189.9391,9479.3395,12677.3223,11179.2582,5957.8977,4914.4010,7147.3781,6062.7845,13533.4477,12162.1300,7279.6041,4995.3746,8988.4924,6947.4116,8140.5642,12877.4553,6632.0535,12178.1388,5620.6991,7849.7392,11956.3742,11135.2715,9374.9906,10358.8432,9947.5160,7289.7629,10446.9515,2592.2265,12704.9395,11166.0726,5162.0716,9296.4160,9491.4421,9859.4789,10133.4297,11573.0532,4207.8307,12872.0782,0.0000,13585.9464,12417.4427,9394.1655,7221.5594,13183.5811,2555.8707,4689.4246,8547.9104,13545.8934,9525.5371,9491.6364,12207.7963,9171.7715,9239.7835,6423.9077,9854.9928,12315.8783,13070.1413,3533.4378,10651.3845,13406.9686,6513.6946,402477.2283,399576.3518,395643.3341,394708.6362,398791.8971,399680.9782,406017.1158,399700.6671,362248359.7443,362264866.9507,362262362.0674,362253307.4747,10341.7003,11394.3292,9653.9902,7552.1132,7576.7307,12347.1240,11795.3618,8810.4020,10095.9730,8054.5274,4099.5371,9575.9926,3666.5797,4516.1311,12692.9393,9890.6686,11212.1226,7758.6971,5573.1146,3499.2742,4540.0311,10662.1835,4409.1189,9159.6256,8144.6540,4227.3984,8833.0121,13152.2040,9588.6704,6624.9050,12575.5603,6481.1151,6596.4001,3530.2764,10146.4654,8151.3289,9498.1661,10187.7998,9735.2843,7788.2155,10243.4838,8540.5376,7092.4348,13683.6243,0.0000,12963.2555,10847.6034,10679.5788,2332.7616,13025.0598,3047.3254,9315.2001,11456.8499,13316.6468,12592.8218,12111.8341,13773.5322,12103.3744,8360.9535,3114.4232,12002.0639,9660.2710,10846.9036,2106.4544,12033.6085,11848.1219,1475.9804,400697.8612,397792.2981,393937.2942,392937.9485,397065.8898,398005.3258,404308.9649,397964.9893,362249524.3682,362266030.9325,362263526.4078,362254471.7755,7006.5428,1436.9428,11782.9535,12780.5193,12558.7922,8110.1948,12106.7772,13167.1817,13750.7449,8903.0013,3157.8152,10385.9246,10995.8499,12634.3805,12128.9540,4632.9944,4213.2353,11238.8871,11776.9177,10946.7967,13697.9433,9288.3927,13599.2034,4257.1268,12328.1942,13142.7999,6368.7386,7549.2977,13495.6174,7775.6775,8233.9372,12732.5274,7652.1205,13397.6151,12239.6420,1295.5296,6591.0490,7544.1233,12919.4711,7944.2613,12605.7801,7979.1681,9529.9797,0.0000,11907.0171,13364.1238,6052.3463,11459.3876,12069.4732,8580.1557,3975.1426,7359.3413,11546.6853,4080.2474,8000.3829,9044.0690,3576.7654,8825.9049,11453.5129,8977.6153,13839.9462,13161.3033,9328.7302,6548.1026,12616.7382,11095.4773,407646.2955,404754.5432,400770.3771,399861.0658,403868.5597,404801.9323,411196.3812,404853.7950,362250745.6561,362267253.2008,362264748.0653,362255693.6217,8117.2605,13749.3185,13554.6950,11536.4306,1377.8474,7607.8188,13055.7947,11626.3310,12249.9688,5090.5966,12852.7390,9145.8166,10296.4983,13498.9691,2623.5452,9894.8032,13483.0642,10649.5458,13237.9140,11593.2083,12546.9433,12656.0488,10126.1046,10961.9809,13415.2928,8501.5228,12211.9571,12100.6063,2274.2848,12512.5780,13504.2021,10326.8603,12575.5798,13728.3996,7058.9510,11549.0556,12165.3495,9561.0659,12095.5889,13627.9256,5856.9374,9322.0928,0.0000,10876.4987,9966.2277,11080.4483,12425.9282,8712.0439,9573.4312,4674.2304,525.4266,10197.3180,6681.1547,1585.0443,6563.3664,7819.6957,12920.9784,10510.8425,2500.4125,11762.0483,12689.8562,10125.4704,10320.9832,12265.6252,12049.1514,409949.4974,407041.2704,403117.1994,402195.7761,406334.8216,407140.5518,413428.4119,407163.3619,362254822.2721,362271330.1902,362268824.9404,362259770.3290,10991.5153,12172.1897,12621.7520,9178.1680,12473.1071,12846.2723,13624.8205,7805.3119,3993.5530,9410.7155,10888.2673,12929.7849,11587.0801,5881.8666,2856.6998,10326.8292,11462.5525,10004.8800,13715.4906,8200.9381,13338.8008,2861.8487,12035.5132,12674.2047,6821.6148,6572.0134,13204.6030,8912.7660,7028.6786,12083.5872,6824.0094,13189.8207,11552.5541,1547.0613,5704.6306,6598.4045,13026.6692,7159.3721,12011.2309,8292.9797,9945.8460,0.0000,12091.8834,13612.9900,5296.6320,10731.7149,12591.9063,8083.1303,4750.0610,8447.0773,11857.0324,4992.0999,9101.3019,9884.5997,4084.0880,7779.2825,11121.0068,9987.5090,13782.0101,12957.8680,8792.2326,6343.2664,12515.7228,10383.9353,406657.6810,403767.5888,399786.1535,398869.2661,402864.7104,403823.2496,410228.0655,403870.5519,362250014.6378,362266522.0143,362264016.9612,362254962.5307,2295.4999,7833.3672,13789.6279,11587.3006,4678.9035,7584.3307,5833.9402,12735.5793,4611.3961,10236.8285,9485.8207,3066.2787,13503.1865,9337.6985,2330.5164,8659.9097,3487.0226,7741.2550,5084.9848,5485.7682,9145.2406,8334.8645,3406.3854,10917.4279,6227.1642,6706.2895,13711.3046,5394.9526,2650.7403,8890.0389,5677.6904,1132.7537,11725.8288,7352.8739,6285.5851,9890.9809,6146.6606,2079.8067,12439.1051,10338.5923,0.0000,8738.7312,9633.6984,8082.6919,5751.9852,10960.5997,9727.9687,12840.3472,13655.8088,9563.6060,12088.4666,13792.4280,12291.1300,11319.7049,4475.7100,8835.2006,13683.6288,7425.3960,5706.6174,9169.7824,8942.7198,6638.0699,6453.0419,405014.6203,402116.2993,398300.7435,397242.6508,401320.9552,402405.2658,408749.5320,402323.5614,362254245.7114,362270751.7537,362268247.4264,362259192.9525,7022.6063,13397.9458,10241.1424,3363.6839,5560.4709,7095.9374,13290.2410,5528.1189,9446.3005,8418.4300,3385.3368,13747.6153,10738.9522,3547.6301,7735.8104,4444.3773,5960.5997,6436.2195,3442.8284,10632.6085,7159.2487,1652.1720,11694.0325,8133.8267,4792.2650,13450.2693,7235.1565,1179.2735,9605.3039,4029.6775,1628.6628,12685.1675,9112.6573,8168.3199,8269.2464,7902.6780,1354.6633,12229.8202,10477.7058,0.0000,8198.9949,7945.4593,9728.1104,5533.6217,9954.8537,9918.2346,13261.2357,13389.3432,9072.8339,12855.5437,13442.7687,12106.6321,12341.8475,6567.3387,8057.4243,13127.7819,5428.3552,4509.0536,9236.7749,10194.4871,5945.6942,6310.7217,405325.9115,402421.9351,398636.5516,397564.9545,401689.8905,402743.1533,409050.0796,402643.4898,362255561.8563,362272067.9042,362269563.6024,362260509.0708,10906.0061,10082.5450,3934.8606,7413.6641,11859.9710,13261.2406,11132.3073,12224.9469,2367.8177,5274.1682,12234.3411,12751.1497,9579.2588,11538.2392,10379.7816,3992.4722,11397.8432,5113.9401,12510.9147,10927.1925,5599.7101,8472.0596,9685.1279,8388.8905,10274.5294,11163.8644,7956.2602,13335.4216,3703.5189,6939.8126,13044.2894,9876.1508,9554.8572,9260.4414,8643.6390,6240.0389,13373.9185,5240.4395,0.0000,1546.6436,5479.1884,9906.8080,11125.2063,4422.0440,13398.4002,13290.0189,11203.6370,2571.0395,10452.8910,10680.8894,7101.9039,10608.3444,9582.1676,11880.1925,10311.4042,5337.0186,2801.2934,13104.3623,8523.0851,1441.0499,11594.8441,412152.4942,409246.3459,405451.0997,404394.8820,408532.1475,409547.6726,415842.8196,409459.3101,362260940.3269,362277446.9307,362274942.3152,362265887.8246,6959.0796,12636.7428,11076.7963,12816.1441,6379.1130,13229.1542,9261.3021,9451.2293,13333.0622,3899.5377,10851.5386,13683.7423,10693.7945,13514.3432,10854.9211,13048.5060,12161.3867,11051.2876,10881.5414,13115.1658,8734.0885,12699.2236,11738.9160,1704.7840,13088.3177,13403.4166,11099.0018,12045.8324,13657.2151,8227.8769,12092.4723,12640.1381,8997.3853,12464.5687,13460.7405,6525.5291,8969.2762,0.0000,10253.4868,9053.6765,11641.8982,12637.2348,7717.0086,10229.5150,5958.2740,865.8522,9537.3395,7294.4624,622.6159,5982.6153,8508.1253,13333.4798,10632.0092,1137.9728,11090.2566,12183.9637,10672.0688,10678.3805,11752.2657,12322.8133,410681.2002,407770.5252,403865.1221,402932.1265,407091.6576,407892.4389,414164.0894,407902.7293,362256077.1446,362272585.0397,362270079.8098,362261025.1828,10101.7248,5772.1217,11519.8792,10287.8409,10932.6327,5036.7115,8709.1123,11748.0064,9502.9449,12583.9411,11263.1924,5941.0723,11033.0224,7501.4626,11597.4248,8449.5657,12877.8262,5669.6323,10082.5195,12710.0673,13720.6710,6488.9086,8115.7780,12744.6520,9925.0533,10304.2147,9121.4517,11283.7093,11748.5412,13795.8910,13723.1122,2587.1656,13572.7116,10887.5323,6603.3560,11598.8044,0.0000,10436.6781,5460.9202,13810.1588,9053.2929,7872.6086,8632.2031,9661.2127,7299.7458,10327.2218,12227.9353,7373.6599,9944.7773,12833.9267,13274.7876,6203.6185,6403.8482,6869.6809,9987.5831,8403.3417,13457.0523,10625.6686,8874.8302,406881.5682,403961.0314,400153.2210,399152.3396,403400.3774,404207.6309,410411.0194,404148.6045,362256293.6446,362272800.8624,362270296.0515,362261241.3000,5605.3116,9645.1384,13792.9489,8427.8348,10897.1393,5583.3783,2786.3986,13547.2624,12095.9983,6533.0031,9581.5555,7453.5297,3743.1740,9044.2751,2314.2151,11906.0581,8880.5686,1765.6540,10529.2380,8900.5350,5916.0932,12402.7861,9297.0267,4407.9503,11762.7491,1346.4669,3596.7949,13352.4486,9589.3892,8847.4919,8427.7365,8182.6082,2687.8581,13150.1379,8321.1331,0.0000,5313.3949,6194.8323,9976.7948,8355.4262,7483.7865,11922.6902,13782.0338,12794.4697,6313.0654,12188.2848,12568.0906,10179.9664,11946.4282,7961.9046,9967.7810,12169.3180,4086.9235,1194.0761,11385.2756,9574.6107,2846.5209,9015.4232,408611.7537,405706.1184,401931.1713,400854.1398,404992.1245,406038.9598,412334.6631,405933.0242,362258648.5266,362275154.7252,362272650.3351,362263595.8213,9966.2738,13074.7170,8553.2685,6936.5547,7172.2888,7714.1378,12827.3191,12872.7523,7851.3363,5729.1798,8056.1747,3797.9934,9657.3587,3380.3636,12980.6332,4737.9478,5237.9769,13016.3697,11985.5567,1795.0900,11590.1554,10947.5362,5379.8284,10653.4276,4629.5783,6981.8522,13525.7565,12549.9817,11995.0450,3402.1065,11693.0199,6364.6743,10341.9636,11164.6056,0.0000,8540.8927,4094.9869,12874.0880,6748.6406,7921.4240,9733.1678,12719.7350,11330.7102,9061.3350,13620.5968,11271.1858,11275.2677,13726.5823,10903.4630,6298.6674,10501.6539,2335.7784,5889.2342,9040.3625,12741.1508,7328.0550,7153.4897,406151.9280,403235.2269,399479.1696,398415.6088,402640.8551,403570.1324,409794.9955,403462.5222,362257357.3834,362273863.8401,362271359.3960,362262304.7157,9435.3728,2007.4279,8120.9721,12814.5700,8322.0184,11347.9482,5285.0004,3861.1489,7190.6629,2983.9335,11430.3545,797.5074,9664.0726,5426.4821,7640.6259,8447.3435,11369.8626,6154.6117,8662.3882,13110.3985,2546.4884,6461.2384,3670.5429,10198.9153,6805.2130,8296.8770,6925.8306,6345.0508,10544.4854,7090.0605,7548.9386,9255.3198,12498.5877,0.0000,12306.6254,12230.1730,7592.8007,4248.4808,13451.0050,5356.0190,9545.2441,12366.9010,12726.5630,11153.6276,12959.5325,13421.3866,10205.3931,4850.6950,6926.9803,13145.4051,10818.7884,10444.9674,5096.5814,9499.7571,11091.5481,4146.5209,401698.5412,398802.9632,394915.7618,393919.8175,397968.1655,398990.5975,405358.0815,398964.6666,362249168.1971,362265674.6290,362263170.1118,362254115.6058,10723.6325,9153.2703,12869.5088,13300.7820,2978.3951,5755.3622,11910.2117,10433.6275,11426.0298,13596.2615,9937.8715,13701.4140,6120.6436,11093.5722,13681.7969,8395.4862,9812.7395,12864.0035,6672.4146,9597.6144,13057.0826,7102.2087,13748.3353,13129.2038,2505.8837,9094.0699,9832.2262,11513.1342,10212.6836,13390.4690,5296.7495,10814.3991,0.0000,12732.9998,12742.9640,8697.1049,11085.5789,11964.7318,7211.6776,860.2126,5536.3778,12315.3858,5929.5396,6483.5413,9423.6398,6121.8209,10636.7389,10063.1981,7378.7586,13537.4945,13785.0260,8079.6055,9053.5549,13487.1070,10562.0568,406695.4482,403797.0496,399824.4088,398922.9832,402982.7481,403845.9535,410197.8828,403896.6899,362250431.3661,362266939.0877,362264433.9055,362255379.3674,7699.8635,12142.8367,7389.2961,12321.9134,7102.1339,2350.2785,6292.4245,1212.0318,10257.3690,1565.3885,8235.9540,7208.9330,6523.4195,7021.5261,12105.6224,7000.2300,7109.2974,13576.7948,3744.5140,4729.0259,4914.0449,8949.0385,5522.5245,9840.7267,7943.9227,7166.6521,9557.2301,7687.8471,6215.1927,9805.1174,12617.4447,0.0000,11812.0304,11259.5922,8658.6929,2739.8512,12981.2416,5937.5033,10734.4614,12894.4920,12359.1262,12195.6661,13391.1426,13646.4017,11366.1818,5317.5395,6171.3829,13396.2002,9501.9820,9351.0787,5348.4894,10282.4173,10280.5062,3001.6163,401620.1854,398721.2908,394868.0825,393847.9883,397925.6996,398952.7253,405297.4558,398902.5266,362250252.2209,362266758.4798,362264254.0678,362255199.5338,11713.6566,11672.5383,9905.7678,10069.7944,8937.6070,2202.1578,8234.4104,9844.3946,8403.3301,9367.7043,10517.3993,2954.5179,10108.7303,13548.0412,12286.5894,6238.0337,10472.4383,10068.3133,8653.6443,6314.6065,10392.2849,10407.0632,10195.4305,12570.9402,12371.4233,4820.4884,12622.8481,10406.2058,4686.1522,13546.3860,0.0000,12730.4978,8943.0253,12799.2299,5633.4577,11428.4401,4272.5915,8554.4724,9113.6068,12843.8145,12680.2420,9725.1848,12583.6022,12760.5542,11478.5134,1959.0442,9295.7519,8808.8413,11292.7790,3836.0079,13410.3915,12219.9005,5084.2010,402445.0488,399530.2872,395692.1910,394703.6458,398904.1715,399745.8852,405989.1129,399703.9009,362251595.2178,362268102.1895,362265597.4986,362256542.7673,7313.3827,11434.9276,13382.0317,10909.6454,11361.2007,11538.9334,3789.6678,12460.8641,5898.6109,13227.2002,10748.1985,7077.0898,8801.0419,11149.6826,8488.8612,8891.3679,12412.1259,9158.5146,13692.4282,4843.2639,8641.2164,13090.1739,11177.9931,11024.4653,8313.8957,10193.1885,7921.6335,12621.1373,5416.6925,0.0000,2418.3342,4053.4910,11089.5895,11734.5612,2205.9354,13409.5923,12787.3406,9894.1324,2500.4898,10389.7447,9236.9554,6029.2805,10879.6163,11158.9189,11716.2422,8691.4448,5189.0423,4502.8682,13171.9701,9548.4647,3729.9002,12091.4760,412818.8696,409908.3199,406114.3942,405069.4210,409239.8114,410201.2105,416469.0000,410117.3852,362261596.4281,362278103.2819,362275598.5600,362266544.0176,13447.8764,10598.0953,5294.8419,10344.0329,6375.6149,6342.0525,7647.9367,4732.9803,10300.1091,9866.5124,2831.3534,9607.0364,6603.0906,7534.4217,12954.8155,7385.2747,4462.7963,10986.3056,4074.0075,2275.1467,12370.3378,7451.5858,6553.5703,10239.6569,5894.7769,2055.7894,13472.9582,8197.9495,0.0000,6183.1419,8531.9771,7967.4047,8227.1473,9078.7952,11680.2903,13445.6639,13327.8086,7129.1074,11381.9088,13221.1781,10622.0240,10800.8912,5607.9676,10598.9005,13076.4387,6625.2449,3449.7143,11231.5634,7947.9285,3921.9831,8880.9455,408022.0948,405123.3045,401316.7620,400251.2794,404333.6086,405424.5269,411764.9785,405336.2261,362257029.1393,362273535.2717,362271030.8818,362261976.4383,8036.7806,13106.2573,11284.0996,12814.0088,12781.4689,11713.1285,13459.0383,8248.7290,11740.9203,13789.5729,7455.7715,10883.6550,13029.4459,3907.1986,11336.7004,13689.8317,9394.4717,13318.4676,13659.9972,4766.6627,10063.9252,10846.0031,11114.9583,10925.3506,13729.4776,6148.6122,9360.3857,0.0000,11494.9346,11585.5756,9520.6850,12408.0032,10145.9607,9153.3598,2918.4764,3072.6529,10866.8214,5029.3115,3854.7784,7206.1710,5975.0967,11847.4642,11043.6078,4962.2295,12958.2028,13288.0190,9868.4181,9041.1417,12761.6348,11991.2629,409324.6705,406422.7230,402464.7299,401558.9046,405646.4459,406485.3815,412814.4218,406528.5667,362253104.2374,362269612.1391,362267106.8678,362258052.3175,8278.3970,10229.5931,7815.9880,13440.7003,5743.6753,12524.4857,676.4797,10844.0953,11561.1519,8502.0790,5460.1364,12109.2876,10819.9424,4631.8152,10490.5136,4835.4653,12581.8615,10103.5434,3696.4648,5121.0126,5580.5331,12636.7892,6453.1035,10722.0584,8502.5247,11116.0542,0.0000,12543.0239,13691.2095,5197.4630,8779.2288,13421.5749,6677.6304,6271.3573,10174.8696,12556.4091,7364.8378,10869.5494,11561.9494,6252.9057,6070.0800,9857.7301,11537.5774,13279.0958,12466.0629,7240.2942,7116.1792,12357.5932,8444.6066,404362.8166,401473.1622,397510.6761,396573.3171,400567.9440,401559.2576,407966.4396,401589.6629,362248779.4885,362265286.5228,362262781.6544,362253727.2156,7322.4053,1176.9283,8956.6322,3119.7185,6700.6069,8217.0740,7216.5437,5069.8817,11671.8301,6489.5808,6571.5696,13830.8839,4247.3501,3011.7687,7014.3235,7262.4838,3289.2014,10937.6415,7606.5874,6615.9273,9622.9428,6854.4411,4068.9221,11251.6253,11645.3068,0.0000,10402.7088,10435.5044,8376.9836,3880.9595,12087.9430,7925.4597,11967.9341,13452.9928,11102.0215,12317.3954,13771.2680,13152.0264,11492.3741,4568.5879,7384.8957,13704.1781,8344.1668,7549.2110,7315.9430,9703.6203,8546.1436,4520.8192,403050.5076,400151.8814,396321.5209,395278.5021,399357.2405,400418.1615,406762.2846,400348.8417,362252157.6564,362268663.7550,362266159.4134,362257104.9082,6658.2893,8959.4882,7314.0564,7982.7734,10601.0258,1080.7831,8553.7751,13792.9201,11653.4333,4593.0403,11703.0985,9218.4267,6827.6588,6362.6108,9171.1959,8826.4551,11044.6156,12157.4964,11749.5589,4687.3095,11977.5736,8836.4286,6609.8512,13532.2757,0.0000,12267.2662,8600.4159,12526.1895,3839.2059,11492.6289,4794.1863,9957.2141,10582.0400,12568.9046,13326.6080,11085.7130,13109.2370,13226.8763,10526.4175,623.1324,10631.0027,7759.4909,10153.8244,3962.9818,13268.2831,11318.1902,3477.1314,401945.3647,399031.5900,395215.4217,394201.9823,398397.5115,399283.2565,405531.9046,399221.3968,362251895.4514,362268402.1239,362265897.5811,362256842.8698,9547.2322,2328.4731,7375.8253,7840.2377,6695.9990,5984.4695,12016.7914,6851.0665,6647.8109,13777.4252,4030.2292,3697.1633,6033.4909,8058.0742,4400.4505,10518.1137,7897.1364,6999.5051,9476.0342,7381.6028,5116.4081,10555.2736,12225.6634,0.0000,11153.5724,10790.9961,8647.4995,3035.7206,12555.1406,6947.7540,11450.1130,13238.9551,11784.2391,12388.8243,13644.8456,13482.5889,11568.0858,5008.0861,6646.1464,13596.8481,8827.7396,8436.7405,6317.7133,10124.0151,9437.1795,3573.4008,402216.0904,399316.9805,395478.2361,394444.6575,398525.9230,399569.6483,405911.7366,399507.7692,362251209.9452,362267716.1054,362265211.7405,362256157.2166,11010.8592,2673.6738,13381.0863,8123.5803,4681.4204,11211.9943,11404.4653,5180.2415,10832.1225,11593.2515,6512.1996,12549.9244,2421.4982,6810.8623,13831.6453,11817.7779,11343.5838,6050.2959,10709.7509,5951.5269,12121.1283,8491.7475,0.0000,5227.4190,2649.5937,12006.2961,9304.6969,5200.8207,12050.9556,13393.7286,11225.5478,5847.1452,12479.6270,10845.5627,9127.3844,12698.0263,10725.1538,9437.2849,10132.9521,1513.6862,3237.5664,11546.8055,11208.6934,4235.3521,9784.5103,409651.8553,406738.1033,402979.2402,401909.7071,406110.9069,407075.8846,413319.8044,406967.0028,362260146.5390,362276653.0504,362274148.5400,362265093.9354,9145.7407,5807.9282,7657.5863,7812.3291,11300.3310,5868.4778,8352.0834,13287.3048,2318.9181,5838.1471,4408.0552,9658.7997,6084.5568,8768.9632,6755.1831,6055.4025,10488.3554,6738.1629,6858.7993,9760.3137,12251.2545,0.0000,11900.9360,11964.9692,7475.2897,4122.6857,13216.7372,5961.5893,10057.1457,12636.6797,12377.4428,11288.3626,13171.7958,13347.8347,10327.3898,4366.1116,7113.3636,13322.6940,10417.9612,9882.1904,5623.1736,9334.1691,10563.4361,4186.2915,401982.2231,399086.6843,395208.8057,394203.5810,398252.8035,399288.5111,405655.5406,399254.7731,362249702.0160,362266208.3691,362263703.8896,362254649.3916,12457.2146,7139.6710,2301.9351,11712.7593,10228.4169,3852.0810,12222.6879,9915.5568,3997.6153,11335.5880,1525.5741,4547.3648,13609.4118,10907.6939,10206.6872,6477.3766,9702.2036,3681.2970,12180.1115,9554.3004,0.0000,6505.9131,4897.1436,11292.9610,7415.7032,7467.1593,11080.5972,13549.0983,12370.8111,7338.5395,12967.1021,12196.1569,10699.7696,12865.2245,9136.5574,8454.5762,11624.0556,2175.3881,2805.6360,10442.1275,11026.0025,4546.3723,8047.5234,407528.4029,404617.8200,400858.2109,399780.3599,403958.2036,404962.0820,411225.7171,404849.6124,362258314.2315,362274820.4773,362272316.0973,362263261.5126,11167.1638,11416.6440,8120.4383,4896.9743,12246.4229,10921.3609,4443.7594,10449.3759,5371.7366,12444.7038,9905.7958,3940.9734,4505.3155,5011.9960,12884.8409,5897.3966,10535.1278,9030.3960,10787.2382,0.0000,12275.8795,13723.6799,4578.5555,9013.0216,13327.4788,7234.2034,6678.3058,10391.9278,12300.7040,7142.0703,11034.2461,11407.7017,5931.2616,5656.5404,10256.0665,11714.3486,13278.5398,12262.4435,7749.5598,6584.5961,12090.0377,8736.4172,404763.5319,401874.9238,397912.4786,396972.1406,400958.8251,401963.4903,408377.0666,401992.5925,362249091.5766,362265598.5793,362263093.7186,362254039.2979,7872.9549,13854.3395,11800.6708,3594.1269,11834.1449,9533.3981,6286.8085,7215.3730,8394.8622,8379.5648,11680.4340,12349.3251,11885.0267,4006.0365,12023.7640,8292.1454,7370.6519,13293.2389,0.0000,11749.0504,7843.9135,12730.4743,3982.1367,10986.9990,5787.4148,10629.9297,10845.9645,12101.4208,13588.3619,11250.3650,12963.9202,13519.5349,10615.7660,1701.3116,10710.2508,6853.4679,9449.3087,4952.3984,13343.3683,10706.2666,3850.9873,402439.0608,399524.1710,395723.8294,394698.1186,398904.1761,399797.0249,406037.3812,399723.4732,362252827.5142,362269334.1150,362266829.6113,362257774.8974,11300.5503,8631.8478,5015.3712,13050.3680,8362.7072,2703.3635,10759.6778,2499.8536,2356.0691,13176.7720,9489.4635,8623.5119,8170.8494,8151.9324,1429.0196,12736.6356,9575.3962,0.0000,6897.7648,6951.1941,10004.4487,6906.1492,8793.5551,10958.8238,13650.4028,13197.0696,7838.4069,12708.9513,13112.7872,11300.8535,12330.8302,7339.9592,8929.6263,12733.4499,4441.8444,2936.8969,10329.4163,10052.7146,4518.3671,7635.2142,406853.8590,403948.5977,400173.2866,399095.5951,403231.3017,404281.8085,410579.7638,404175.5775,362257171.0742,362273677.1677,362271172.8401,362262118.3121,7075.1646,13356.4838,7425.8015,9879.3079,12227.3114,11787.7716,10828.2336,10885.9790,7488.6995,6048.4309,6895.6946,13189.9676,6333.5072,10945.6472,11836.6330,3914.5404,0.0000,7315.8470,11346.3424,5266.1867,13198.2874,8545.1347,12576.4940,8900.7059,8497.4674,6791.2439,2903.6073,8281.3566,5045.5494,2996.6269,8691.3234,13749.0966,8987.2850,12019.0441,10066.3276,12924.6860,3002.6030,8756.6942,13232.2691,412687.3441,409794.8480,405860.0061,404902.6466,408918.7258,409916.5482,416305.7277,409927.7256,362256542.9351,362273050.2747,362270545.2107,362261490.8416,11409.6876,12172.5414,3778.1054,8426.7464,8400.7814,9825.7386,6844.6231,7882.3230,1333.7769,227.5723,13097.8856,1336.2408,7499.2179,12132.3204,8694.4351,0.0000,9581.6508,12585.1321,2254.5323,9212.1884,11963.6834,10098.7520,10313.1259,12293.0442,9908.9718,7971.7529,12542.6777,10774.5662,6645.5110,2083.7979,11545.9787,13004.7761,11596.4227,9268.6002,10165.9721,4290.0752,8906.8291,9400.9013,406863.7243,403976.7092,400061.9827,399069.8014,403049.7935,404141.5542,410562.1048,404128.7800,362252354.0747,362268860.6286,362266355.9711,362257301.6189,12319.4327,9882.8141,4268.3409,9506.6675,5285.9891,6304.4952,13152.0200,12092.8538,11451.4798,4046.4529,11293.0222,5875.0013,10035.3649,11924.5123,0.0000,9524.7779,5760.8347,12516.4501,5127.5445,9306.6953,8670.4819,12527.9631,11871.6802,10102.9982,13837.5049,11966.0535,12214.7112,13766.3133,10113.0877,5159.7562,11312.3282,3757.1863,6507.1208,7869.6439,12745.5472,8050.1296,5588.1593,404546.5047,401631.7665,397867.8921,396806.1315,401015.6467,401959.8429,408197.9755,401855.9741,362255750.4473,362272256.7940,362269752.4046,362260697.7310,13052.5123,13592.2753,11732.2503,11897.3497,13542.9149,8159.7927,11461.6105,12086.5552,9923.5529,11812.7774,13340.9420,7841.6078,7681.6725,0.0000,9419.2246,9240.3433,10923.4873,13256.5303,7139.0501,11151.2750,6459.6208,1950.6067,8599.1617,6156.5586,1087.1576,4541.2364,7518.5370,13009.3982,11662.1257,2011.7438,11280.5771,11852.1551,11593.9910,9662.2722,11174.4383,13013.4168,411952.9359,409044.8050,405132.6624,404198.5656,408337.0309,409162.9341,415451.7086,409175.4810,362256876.3912,362273384.2863,362270879.0337,362261824.4526,6986.5230,5499.7451,10085.3974,6392.9437,7952.0382,4673.6805,3987.9662,11859.9401,4851.0697,7224.7556,10622.8130,11263.8458,0.0000,11442.0923,12649.1524,5454.9962,6287.1664,13181.3887,7387.0299,9906.8660,12629.5101,11865.0735,10029.1327,13112.1484,12695.4527,8854.7015,2592.2033,9021.0701,13432.8160,11287.4418,10004.1063,7303.2859,7586.7909,10311.4613,6372.7075,403362.2337,400471.5309,396569.9540,395574.7892,399584.6662,400648.3057,407046.0616,400628.6243,362249984.2829,362266490.7037,362263986.1558,362254931.7239,8875.3249,4872.1910,2457.0697,12518.0478,9421.9611,8488.7806,7887.0851,8368.0832,2482.8656,11676.1505,11235.4905,0.0000,9098.4269,8243.6588,10062.7524,4455.8642,10537.1832,9104.6517,12985.8727,13361.2281,9911.3745,13151.1909,13499.2593,12631.7650,12625.4248,6750.6455,7136.7866,13176.0459,5744.4133,5512.8608,8358.2700,10729.0832,6971.1544,5264.6709,404274.3632,401369.5573,397582.2902,396514.7865,400645.8720,401686.1365,407988.2909,401588.9406,362254643.8314,362271149.8846,362268645.5912,362259591.0369,11971.5640,9657.9534,6638.4652,8669.6923,8559.8740,10020.4835,9306.2238,10199.1499,6286.9220,13309.0959,0.0000,13581.9741,12578.6923,9020.1556,5392.7150,13756.0975,2299.1152,7024.1462,10537.4971,13748.8248,10696.8632,11361.9949,13276.1610,10048.3658,7783.9410,5858.6813,11616.8712,11864.0409,12364.8523,2699.6158,10672.6091,12915.1353,4721.1633,401214.5693,398315.4423,394401.2833,393442.2942,397514.3176,398453.5756,404800.5157,398454.7827,362247937.7584,362264444.6128,362261939.9051,362252885.3333,4643.4128,13552.7453,10425.4275,9772.0175,7442.6859,9123.2171,3727.2966,12749.7983,8393.9636,0.0000,5158.7215,4942.3378,10747.7057,8490.6130,6671.2825,11877.5524,13663.3047,12276.3353,6076.0813,12353.5069,12002.8502,9848.2717,12273.5234,8952.6436,9604.0002,11488.6054,2829.0514,1325.1647,11330.2749,10209.7363,3065.4910,9104.5159,408867.2045,405958.4115,402192.0880,401115.5962,405278.4730,406296.8144,412572.2895,406187.7181,362259186.5387,362275692.8268,362273188.4070,362264133.8576,12244.9058,7888.4437,6870.6173,9522.4180,6561.8608,964.0495,12716.4429,9902.7155,0.0000,7958.0218,8863.1820,8548.3758,6272.9824,10237.2950,10316.7487,13205.8725,13592.9953,8844.2260,12220.1682,13644.1950,11900.3266,11562.0436,5284.1134,9069.3974,13461.6215,6574.2120,4662.5627,9740.2379,9096.0383,5710.8825,7002.1263,405801.1383,402901.1184,399098.7370,398032.6107,402125.3556,403205.8980,409538.5234,403115.4624,362255346.3499,362271852.3894,362269348.0675,362260293.5856,7084.2048,7911.8470,12546.1747,8426.3494,12642.6576,7100.9725,10425.2216,0.0000,12515.8490,13444.8327,6688.1453,10813.0237,12533.3365,7531.0270,3281.0784,7440.3375,12209.7575,5265.6652,8215.8752,9837.5896,4801.1308,8914.2663,10672.9294,9124.9205,13832.9512,13432.7017,8341.4022,7482.8461,13057.7904,10373.6197,406456.8420,403563.9753,399581.5519,398673.7273,402690.2419,403611.4092,409998.7867,403663.1376,362249850.7452,362266358.2649,362263853.1560,362254798.6853,1228.1535,13415.7082,1720.0289,8461.9453,11930.2018,8155.9107,0.0000,9567.1714,12796.9619,935.1848,10029.8303,11793.7958,10330.7382,9662.7945,11654.3456,9750.5057,6832.3339,11896.6669,10099.1374,5434.7655,3376.3745,12024.8009,12461.4817,12102.6437,9819.5148,10517.6079,3288.3138,9261.2111,10141.6592,407652.7984,404766.4399,400835.7372,399857.5239,403830.3430,404908.4794,411334.0587,404908.3482,362252462.3193,362268969.0420,362266464.2907,362257409.9480,13115.0116,1131.8873,7504.8627,12192.4246,8504.5261,0.0000,9427.6726,12525.3356,2126.6753,9347.0143,11838.8273,10232.7684,10336.6307,12241.5601,9747.7031,7853.1707,12473.5790,10621.3469,6533.6074,2233.0708,11648.8844,12938.0955,11564.5939,9190.2163,10303.1886,4090.4778,8787.7038,9540.9702,407090.6904,404203.6570,400289.1701,399296.7992,403276.8852,404368.8158,410789.2471,404355.8815,362252548.0077,362269054.5720,362266549.9078,362257495.5580,12948.3460,9075.3382,7914.2807,11806.2413,0.0000,9973.8015,4679.7438,13591.5945,7451.1844,8141.8741,8516.2596,10979.2876,9272.6393,10142.8247,13119.1870,9336.6398,10897.6853,13476.0721,12304.4724,5158.5361,8452.6116,5021.3163,8513.9691,8002.5579,13435.5615,9535.6558,7462.7765,405869.5797,402949.6798,399168.4679,398139.1475,402385.6699,403238.5711,409444.7889,403156.1960,362256331.3949,362272838.2552,362270333.6269,362261278.8878,7095.1724,12526.0486,7602.2654,0.0000,8472.8556,11968.5579,2309.3122,9700.0995,11088.0654,10823.9955,10698.1786,12129.8490,8811.5988,7677.9686,12261.0959,9962.1504,6466.8852,2747.9656,11928.7893,12684.1068,11055.2077,8430.4974,10857.8774,3505.7088,7882.7572,9953.3693,408044.4636,405156.5049,401252.0122,400252.2918,404240.2036,405334.7165,411748.9640,405314.6117,362253673.9471,362270180.5070,362267675.8434,362258621.4971,12817.9878,9626.1524,0.0000,7369.9838,8116.9763,9057.6615,6629.0992,9596.9817,10686.0705,13431.9442,13457.1916,8295.8154,12360.8132,13442.9118,11581.1390,11812.7674,6080.8527,9134.1542,13187.7981,5760.5924,3804.3289,10092.8388,9361.9371,5020.8043,7365.7116,406374.5870,403472.7042,399681.3634,398609.7323,402717.8805,403789.7263,410109.9216,403692.5101,362256205.7872,362272711.8420,362270207.5187,362261153.0233,12835.0501,0.0000,13336.5897,10829.9412,11856.1489,8840.5397,11725.9686,4673.1019,4518.1439,6052.2071,13101.6621,10085.3021,7023.8787,11149.2736,10398.8553,12078.3668,6224.0822,7084.2410,11566.4262,13289.5124,5287.6143,12305.2091,13617.0182,8174.8584,404162.1672,401252.2249,397343.6974,396411.7512,400567.3763,401371.4236,407647.7763,401382.8493,362250622.4619,362267129.9916,362264624.9841,362255570.2974,0.0000,3810.7087,8768.1041,7691.7875,13215.8146,5444.7965,13698.6582,11072.1912,9096.6107,3102.2087,6242.9387,8513.4191,3558.4855,6681.3245,9701.5170,13664.5563,8719.4532,9630.4033,7513.9185,13799.8855,5375.1567,5915.9240,13427.0183,414119.7856,411220.6367,407345.2563,406347.4406,410420.0082,411417.5136,417762.7808,411387.1037,362259816.8242,362276323.9722,362273819.0304,362264764.6187,0.0000,0.0000,0.0000,0.0000,0.0000,0.0000,0.0000,0.0000,0.0000,0.0000,0.0000,0.0000,0.0000,0.0000,0.0000,0.0000,0.0000,0.0000,0.0000,0.0000,0.0000,0.0000,0.0000,0.0000,0.0000,0.0000,0.0000,0.0000,0.0000,0.0000,0.0000,0.0000,0.0000,0.0000,6177.2624,9456.0540,11955.8915,3935.7390,13705.0789,12811.6655,10548.5045,1112.7365,9408.1896,9953.5779,5829.7904,9677.0159,9810.5100,12558.1821,9694.1664,6574.4117,4251.3989,13524.1592,7747.9038,2649.3384,12351.5621,413147.6525,410242.9163,406428.2896,405386.8114,409510.1507,410518.4770,416824.3427,410444.4312,362261110.2280,362277617.0023,362275112.2862,362266057.8171,12851.6729,9967.4740,4232.6498,11697.8401,12415.7425,9545.9002,6348.3700,12148.6954,9105.5617,8325.1971,12654.1339,12118.9126,9055.6128,8200.9478,2942.9684,5653.6332,11301.8748,11921.9032,6202.6225,10250.2491,410036.7180,407119.1497,403350.5794,402301.6837,406530.4712,407432.9814,413653.5919,407337.1905,362260191.0000,362276697.8286,362274193.1768,362265138.5194,10628.8165,11570.5570,10607.4785,9304.5404,11194.6431,9537.3360,6014.6077,11412.9562,9538.8689,4586.2225,4275.9286,12387.1875,12040.5382,12365.0779,10105.8080,10861.2699,2585.6323,9411.5953,10703.2794,408336.6405,405450.3774,401511.2420,400541.1083,404511.9426,405579.7800,412006.4751,405586.6600,362252740.4199,362269247.2588,362266742.4438,362257688.1058,12428.5748,5276.7204,10884.1774,12409.4303,12479.5251,13150.2787,12894.3963,13751.0179,12614.5432,7656.0839,3828.3417,12674.2225,8244.3387,9244.3300,4364.5608,11863.6125,10456.7619,869.3407,401271.7094,398365.8549,394540.9603,393512.8157,397646.8099,398623.7664,404923.3874,398558.7077,362250973.6675,362267479.9810,362264975.5806,362255920.9647,13273.1321,11819.4927,8265.3702,3368.3355,9690.3231,7479.1511,4687.5030,10474.1680,12186.3965,11798.6165,6860.6535,6345.7125,6505.7430,13160.0745,9902.9816,5763.0482,12645.5933,413375.3602,410462.9756,406652.1686,405629.0684,409810.8910,410725.8954,416983.4878,410658.5623,362261519.4296,362278026.5795,362275521.7148,362266467.1451,6862.8197,9744.9450,13820.8950,11369.8907,10595.3256,13193.8801,11023.1413,9438.5594,4213.9185,10671.5804,11227.9419,12461.8116,1038.4673,11894.1842,13140.9816,4462.0775,401163.5127,398258.6793,394362.7968,393402.2254,397519.8702,398410.8725,404720.8939,398404.1240,362248557.9310,362265064.8929,362262560.1617,362253505.5225,5121.4205,12394.0803,6504.1187,6137.2633,9508.7629,6796.5741,11013.4303,9585.2227,6954.8224,13278.3584,13775.0227,7729.0907,9623.5073,13552.2537,10332.4885,406463.8018,403563.3224,399598.5307,398695.3146,402771.8781,403619.2067,409957.6689,403666.0077,362250527.8175,362267035.5547,362264530.3774,362255475.8127,9859.0087,6832.1625,1122.0701,6264.6361,7996.9697,12970.9060,10473.3276,1978.0696,11418.9058,12398.2060,10251.6854,10357.4151,11971.9676,12058.7723,410198.1619,407289.0930,403372.6356,402445.9834,406592.1369,407398.0399,413680.3740,407415.5075,362255292.9582,362271800.8554,362269295.6189,362260241.0030,8809.9598,9196.1754,4815.3947,9236.6746,10316.8766,12834.3995,8970.7597,7183.4674,5269.5566,13712.0727,7647.4326,3738.2724,12811.7724,413740.4700,410835.4547,407010.1786,405979.8272,410103.4738,411094.3398,417399.5227,411029.5148,362261254.0152,362277760.9411,362275256.1460,362266201.6748,6894.9680,5783.3068,1604.1060,9566.7816,13173.5865,7881.6919,13054.7770,11836.9129,11918.9504,4775.8965,10797.6491,12992.9311,411495.4508,408602.3450,404638.5673,403712.2249,407730.4228,408678.0307,415064.0911,408714.4802,362254593.1075,362271100.7170,362268595.5294,362259541.1221,5454.4742,8168.0982,13251.6520,11032.8709,1256.1728,11162.0566,12075.6612,11038.7016,10337.7838,11553.4669,12606.2239,411183.7010,408273.8612,404366.0447,403432.8808,407585.4383,408394.2280,414671.5223,408405.4322,362256402.8127,362272910.7144,362270405.4732,362261350.8620,6939.8061,11753.3926,13204.9926,5660.2091,10101.8527,9363.2941,13426.9957,7486.1919,8132.9797,13782.9552,414315.8389,411411.3540,407524.8881,406553.5299,410665.1913,411578.4710,417890.8691,411564.2919,362259670.0881,362276177.6416,362273672.5238,362264618.0350,8365.3072,13049.5441,9102.0993,13209.7501,11718.7131,11556.5209,3752.7307,10740.5714,12479.1866,410584.9938,407694.7804,403726.8561,402796.4722,406792.7509,407770.9518,414175.0110,407807.1788,362253671.4833,362270178.9370,362267673.8184,362258619.4378,10454.7301,13554.6895,10707.7951,8570.6142,9311.2761,6073.2262,8614.0575,7955.8271,405451.5678,402562.2338,398673.1675,397662.0726,401663.0483,402760.8063,409165.6039,402729.2745,362252076.7664,362268583.1063,362266078.5783,362257024.1927,10634.7446,8277.1414,10543.5280,3385.0562,13207.4772,11655.4855,3337.1148,401677.1153,398764.1489,394938.5094,393932.0234,398120.1979,399003.4566,405257.9187,398948.4236,362251358.5199,362267865.2298,362265360.6655,362256305.9577,10414.9056,11655.1202,11018.2293,10953.5770,11239.7313,12415.9857,411127.9897,408215.4136,404327.2230,403382.5311,407558.3212,408359.0611,414617.9955,408357.3298,362257044.7868,362273552.6292,362271047.4331,362261992.7940,4013.4684,10636.0585,11853.4577,5356.3638,8729.2659,408226.8824,405311.8938,401558.3633,400487.3130,404699.2283,405654.6946,411890.1952,405542.9158,362259147.1564,362275653.6067,362273149.1432,362264094.5089,11984.7694,9396.5632,1846.5386,9851.6524,409737.5915,406831.2649,403055.3649,401981.1354,406123.7253,407161.0800,413452.7673,407056.8567,362259564.2483,362276070.5485,362273566.1035,362264511.5923,12142.5852,12791.2461,3526.7089,400902.9451,397996.9874,394117.4393,393143.7642,397271.8382,398171.5090,404473.7962,398152.3972,362248893.8401,362265400.6812,362262896.0183,362253841.3700,8300.7284,11982.8102,410761.8088,407873.1925,403943.5394,402970.3252,406958.8413,408011.7214,414423.9843,408013.6368,362255079.5559,362271586.5434,362269081.6492,362260027.3127,10995.1298,411237.6824,408333.5042,404540.0164,403476.6480,407599.8356,408642.0029,414948.8675,408549.6985,362260207.6412,362276714.0804,362274209.5433,362265155.0698,400993.1823,398087.1794,394252.4028,393234.3683,397368.1924,398329.8248,404629.3217,398273.1615,362250427.6971,362266934.1001,362264429.6571,362255375.0318,3078.3495,9126.4800,8008.5648,10939.0033,8845.4665,8937.9087,4505.2939,361920910.7037,361937395.4822,361934904.5529,361925845.6791,7759.0016,5695.9040,11314.4837,8854.5118,10153.4514,3957.5149,361923696.0269,361940180.9823,361937689.9586,361928631.0868,5265.6624,8608.2373,4841.4876,12624.6429,5031.0265,361923057.0394,361939542.7537,361937051.2617,361927992.5269,9224.5511,9234.8506,14535.8793,6151.2811,361926482.1714,361942967.3417,361940476.1375,361931417.4015,9867.4946,16871.8325,9784.7998,361919655.9040,361936140.7828,361933649.6389,361924591.0924,9224.5511,4899.5900,361918677.3617,361935163.1966,361932671.6715,361923612.8748,8603.9117,361916250.1295,361932735.7216,361930244.4516,361921185.3978,361921375.4541,361937860.7992,361935369.5542,361926310.7140,52718.3865,28822.0297,23850.6245,26173.9332,30276.6258,14425.9062,
7200.000,8016.7335,8730.1780,13149.8879,8535.3203,11350.5143,13484.1193,11008.1973,9249.9028,12302.5887,12214.2647,11929.3110,12101.3901,10735.7199,4431.2608,3088.8806,12327.1930,11338.4020,10128.3033,5944.9127,4734.7774,4596.9475,12720.8757,1281.8128,11784.1554,12237.3178,9435.7235,10866.8021,5861.5529,9577.5086,11852.5502,7658.6138,11716.5996,2806.6739,9090.0531,8848.3359,6513.4856,12611.0708,11192.3581,12073.9300,13197.7972,11031.4138,11670.3347,7529.2958,6741.4849,11713.0457,12453.7029,11465.3500,11657.7317,8208.0040,9346.9448,7582.3291,12532.7592,12219.8364,10192.6765,10702.2194,9895.1878,4424.9098,13346.1849,12510.8829,3882.4657,2996.7166,13816.1304,11117.7118,9908.5738,8943.2486,10617.6997,12383.5181,10262.1370,4043.3476,2381.2502,5143.4127,12769.7425,411.9760,10796.9032,13582.1096,7140.5920,0.0000,10145.7644,13191.0610,5058.7655,10556.6341,9410.5126,10713.6104,8737.6997,9073.2727,9882.2468,7405.3817,10016.8100,9493.0629,1106.5389,3602.3355,12775.5991,11067.0140,10465.6164,11093.8500,11331.9703,3448.6925,10982.8344,12828.3549,399284.4796,402646.3640,394046.7542,396791.5198,396819.2713,398147.8995,405273.7432,401174.8689,362249135.4389,362273480.3045,362270322.3945,362258316.6562,7362.6943,8924.2793,6959.0971,7253.8776,11037.3650,4196.1295,7721.9924,6418.0217,10953.6571,6601.5054,6512.4238,9811.1606,8737.0462,6932.5395,6409.9691,13403.9198,11036.0836,12121.1434,9120.4381,10370.8566,11809.7590,8052.8149,5884.9428,6569.4493,7909.5753,8874.7131,9264.0746,2490.5340,13635.3687,11496.5736,13454.0631,8228.1530,1808.0223,7417.5350,10654.7723,13508.8269,8896.3455,5900.0174,10680.0333,13281.3379,12652.0650,12754.2658,5285.6040,12904.2663,11287.9277,7447.5727,11072.4222,1502.0178,9330.4615,12816.7280,13556.4831,13223.2839,11956.5072,12233.4836,12951.9881,10829.3380,11891.8257,13295.6510,7996.3668,9666.9885,12030.5179,4254.0890,12186.9539,13202.6511,10511.1208,12631.7567,13728.5995,8655.2243,9332.1922,10156.4452,12201.7955,7831.9040,13755.4710,12260.7262,8765.1473,0.0000,6872.2025,8704.4334,8749.9153,13780.9834,8978.4639,10733.1873,3998.8942,2647.2494,6523.1591,3733.7823,3165.1648,1918.4115,8255.3824,10642.7484,11828.1703,4802.4416,12189.5353,12826.9712,11097.4036,6627.0800,8737.4549,11973.8376,399600.0568,402942.6000,394314.0628,397086.7129,396901.8622,398377.1343,405660.7903,401425.4024,362247525.4102,362271869.8140,362268712.0831,362256706.6200,7744.2092,12094.0028,11964.1732,8603.8333,8772.4221,731.4103,9515.4568,6158.9034,10835.6259,10401.3796,3724.8703,5510.7892,10112.1474,9247.6389,9578.3363,13767.9940,10555.6786,11817.2837,7416.9966,7723.6693,7748.5779,10150.4090,10201.5204,1016.0944,12832.5113,4705.1978,6331.0167,12263.3721,6802.7213,13118.5561,6627.8022,8393.4923,163.8130,12735.0506,12048.1738,13011.8606,8663.6017,12599.6755,13292.4384,13674.3930,10301.3279,3134.5225,8504.8930,6793.7956,12058.0479,13704.7669,6068.1400,2484.7571,11555.8469,12319.1646,9502.9354,13795.2549,7059.4837,13217.1562,8497.7213,8853.4374,12925.9213,11087.2476,7905.5589,11059.9311,8111.4821,6899.7187,12430.0592,4318.3954,13265.2870,11656.1563,5818.5400,10313.3552,6496.8868,13116.4964,8826.5852,12167.4626,9901.8240,12674.0966,0.0000,12140.4020,10590.0797,4954.0095,11907.4762,13203.1223,4647.9293,3791.6322,9187.8834,11985.8421,4081.8746,9149.7531,7364.9499,9527.6124,9960.0716,7771.6123,9877.0777,13786.3017,13642.7471,5455.0441,10118.3587,13009.8726,8050.8626,403716.9883,407066.7028,398535.0617,401265.0250,401192.1568,402637.9793,409894.6068,405621.5377,362254382.0928,362278726.2696,362275568.6766,362263563.1437,11132.7629,8505.8415,3122.3818,6266.1992,7244.3470,4791.0692,5030.3275,6679.0837,6001.0785,6250.5761,11584.8871,12984.9964,4467.7856,9370.2786,11829.7607,13420.5633,13600.5837,12382.5976,5309.5719,12726.3095,6255.1147,5612.1450,7089.6604,9776.3041,10999.5340,6933.3317,10146.7099,10860.1202,10786.4196,12301.0503,8282.0362,7616.1274,13583.4729,9066.2681,9783.1436,4397.0198,7303.4785,11485.7521,10851.7446,12609.0662,9320.0190,8163.5326,5023.8170,8486.9419,10356.9747,8310.3916,7829.5514,13106.0176,9391.4203,8098.7579,12067.3229,8485.7918,12267.5375,12946.1380,4663.0023,9678.4257,13360.7216,12897.0479,5478.0746,5679.2119,9389.6028,12738.8928,7046.1511,9686.5998,11545.5640,11858.3228,13677.2081,11939.7033,8898.5122,13011.3636,11301.0083,5229.4559,12809.3498,0.0000,9904.4258,4395.0554,11292.2868,11429.8832,11610.4785,7094.1901,7347.5464,8643.9093,10025.4636,8742.9356,7794.0917,7433.8635,13370.8369,13586.0499,5271.4801,7022.8826,11899.1832,11469.0156,6563.6948,12815.6219,9992.9835,5405.5542,408369.2353,411708.4511,403089.2122,405861.5080,405643.3117,407149.2614,414463.2687,410192.6310,362254856.3419,362279201.0408,362276043.1143,362264037.8090,4098.6619,12096.7364,7011.1226,12302.6618,7744.6666,13220.1776,5941.6213,6602.0168,13116.3690,11264.9604,5889.5891,8040.0977,13058.9550,5166.0211,10661.3352,5605.2208,11389.1479,13106.6829,9330.4281,6424.2853,6987.9794,12403.5789,3566.2218,12090.6443,8398.5601,10988.4259,12719.8685,9863.3828,10343.5825,6099.8436,12126.1666,6151.9967,11226.5928,3688.3173,8272.0304,7681.5033,9310.9229,8105.3263,11514.6823,10545.6843,13386.2247,13182.7121,4204.7692,5827.5899,8175.8919,12992.3915,10425.2984,11007.2529,13074.4041,6623.2117,13494.6239,8786.2285,11088.1584,12582.6462,10046.2541,5479.6827,10529.9514,11012.2669,7786.7178,13498.6359,10015.7970,13427.2684,8742.7502,11536.7708,11118.0678,7963.4743,11837.4451,8516.0697,8135.4357,11114.2169,12174.1762,3143.3595,0.0000,2201.5103,8366.6201,11608.7520,11389.8602,2322.7899,13476.9644,10020.4549,5078.3211,2010.6338,9715.1089,5819.8839,7405.3457,7870.0618,9636.5205,13116.0951,5890.6669,7032.5943,8269.2115,13505.5880,5546.5617,3327.0603,13064.7078,400983.3164,404331.0865,395610.1674,398412.8124,398248.3546,399652.8390,406851.4585,402762.3610,362245912.5888,362270257.9489,362267099.7172,362255094.2183,9830.8963,4840.7195,11965.8310,4534.5195,11847.0066,2326.2682,3118.4991,12320.7531,12864.1890,9248.5563,4912.4028,12814.5015,6463.8367,12803.3846,9191.7483,13225.7538,11617.4300,11802.1298,3235.3723,3545.2328,12000.2603,2758.9081,13281.8524,7522.6771,10738.5267,13612.0654,9830.9914,12414.2945,5678.1316,11945.3597,9251.3988,10400.2619,2477.0947,5428.9779,4944.5960,9777.8585,8054.9222,13049.7905,11180.4086,12772.3262,11736.4181,223.3143,5330.2380,8183.7368,12802.8147,12247.4615,10284.5623,12286.5665,7821.8320,13203.7466,9953.4674,13165.5396,10691.6122,9328.8906,9094.6533,12778.3133,8699.1532,5660.9178,13585.3212,11483.5862,12831.9053,7928.6019,12179.9583,12849.0587,11081.2998,13422.3392,7135.4526,10997.2610,11552.2221,10206.9111,6860.0274,0.0000,1993.3925,4863.2497,13015.0779,11926.4595,4656.9110,12874.0229,9681.4541,4789.0358,2324.8191,10067.2103,4587.0549,6591.5658,10929.1800,12259.3815,11603.7493,3433.1786,7998.5522,8728.1845,12658.5526,8908.4871,2496.0393,11551.8458,403631.7891,406971.9818,398245.4352,401056.8388,400811.6269,402274.6157,409535.3014,405389.0404,362247496.3206,362271841.6067,362268683.3808,362256678.0202,8773.7655,8022.9558,7176.1695,3624.1179,8529.2942,8031.1483,5915.0903,11636.8022,13657.6368,6951.2781,6935.7213,11466.4714,12361.4666,13739.9504,11859.4920,2853.0508,13008.2445,8417.1636,7727.7725,7807.8784,10300.1150,10892.5492,9381.4640,7945.7432,9709.7571,8964.1966,12544.1804,10512.1737,8468.7400,13254.6443,6712.1368,10401.7907,7063.4806,7139.5368,9870.6212,9619.9304,11142.1096,10607.9511,5734.4276,3177.1922,9762.5353,10014.3706,10458.7817,7757.6469,11734.5364,7131.0701,5417.3620,11272.8260,6606.9131,10882.6440,12311.5816,1629.3006,7775.0094,13797.5037,12680.8795,3469.4762,8331.6582,7735.3551,11205.0207,6267.3218,8285.2764,9496.9026,11964.1858,13651.8575,11497.0205,7711.8432,13366.4054,9237.7900,2298.8017,13166.1641,0.0000,11128.2925,5728.7604,11366.3241,9355.0949,12040.2498,6156.0667,9326.9404,10721.6089,11320.9496,10473.2743,10071.1414,9848.6937,13650.3497,13086.5509,2791.3311,9248.9962,10981.0119,10168.7087,5284.2187,13565.7083,10658.2693,2780.7241,410584.5486,413929.0872,405313.2449,408079.8136,407915.5668,409382.3005,416653.2381,412422.9243,362257084.3849,362281429.3641,362278271.2988,362266265.9502,8783.8064,2406.4706,9975.6388,3099.3736,2701.5400,9824.5526,11323.4894,9665.3576,2453.1181,12945.8669,10300.3030,13590.8557,10905.1526,12539.7126,10471.9996,11047.7349,2074.6381,2641.6598,8846.1152,7206.2296,11496.6538,3213.3515,12566.1477,12729.9225,12341.8360,11175.0292,2705.5473,8747.2707,11681.0020,12027.4341,7080.7528,2092.3551,7788.9858,12471.3110,11324.5314,13734.5821,8080.2464,12302.7204,10135.3208,4983.1503,9388.5070,4538.6268,10227.0912,13645.9247,12107.2651,12276.5720,11316.7238,12201.9008,12637.5465,12928.0716,9988.8103,11712.9662,10239.0789,12210.9540,9455.0953,950.2240,12581.0363,13448.4793,10650.6623,10876.5654,13568.5256,11365.6822,11726.3223,12334.8871,10084.9418,10765.9220,13282.0286,10143.3178,9600.3730,0.0000,5665.4200,5068.7945,11259.4929,13466.4682,8515.1764,10809.1210,5770.0053,2930.6228,5556.2783,6614.9331,1764.5799,2539.7295,11050.8196,12744.7600,10463.0605,1503.9195,11437.7621,11864.1137,10782.8184,9333.9718,7076.9657,10564.4530,402730.0741,406066.6665,397404.4006,400194.8755,399936.1995,401447.8142,408766.8846,404519.6444,362248680.9559,362273025.5790,362269867.7003,362257862.3645,9351.3512,5502.3631,10762.1674,10295.6690,3070.9253,5990.6807,10583.7159,9067.2742,9225.1554,13802.9146,10738.1420,12166.9137,7736.2766,7117.8578,8279.5291,10085.9017,10072.7990,289.9353,12839.1909,5085.7879,6506.2053,12000.6954,6802.7455,12923.4324,7171.9753,8627.7705,570.6221,12967.7895,11711.4651,13013.9521,8500.4072,12353.9102,13164.8142,13538.7050,10346.7696,3811.8869,8054.6430,6154.9821,12049.0514,13628.0541,6428.4601,2121.6511,11627.7886,12005.8542,9053.0395,13796.0086,6657.7806,13178.1381,8801.7577,8272.1686,12659.2734,11499.8020,8330.5618,10600.3125,8090.0092,6609.1629,12423.7496,3759.0190,13048.0574,11501.4865,6324.8411,10727.8558,6818.8449,12874.6264,9334.3543,11989.6466,9367.7026,12933.3362,0.0000,12252.6494,10300.0181,5429.8020,11738.2584,13335.0932,4097.2950,4100.9979,9410.5348,12123.7579,4613.3577,9291.9469,7560.2029,10011.1459,10294.7572,7164.2078,9902.2913,13759.6252,13542.9015,4860.5998,10584.3359,13033.9491,7455.6567,404415.5287,407764.7214,399232.6500,401963.2535,401884.5786,403334.5864,410595.4542,406318.5583,362254921.7150,362279265.9140,362276108.3052,362264102.7885,9143.7186,2270.3865,1469.2887,9638.5635,12317.3341,11062.8072,404.2829,12114.2797,9923.7475,13889.6448,11789.3067,13232.9063,9324.8575,12300.3130,1587.5057,1046.9749,9339.7170,6757.6169,12303.2538,5118.8682,11456.0746,12886.1823,11287.7387,12373.8937,4987.0487,9454.2434,12093.1382,10684.8953,6603.8034,1123.0968,6042.3727,11622.3130,10316.4697,13719.6641,9517.6057,11433.8965,9160.8358,4575.9876,8491.1725,6580.4569,10491.6398,13601.2990,10793.6175,11198.3124,10816.0100,11685.4071,12093.7381,13574.5301,8506.2687,10393.1059,11399.6304,13142.9788,7564.2706,2516.9512,12282.8316,13112.1711,10430.1589,9577.0486,12921.1809,12424.4982,12721.5143,13043.9000,8619.3765,12052.9073,12486.2320,8494.2979,10259.5527,0.0000,6049.9392,2799.0297,12224.5037,12742.2483,8671.0554,10529.0795,7212.3851,4978.1072,6134.6063,8281.4661,3916.4462,4775.0464,12281.3877,13457.1948,9300.5716,2564.0469,10836.0999,11028.7362,10268.1651,10761.3050,6732.9659,9357.6498,405033.7928,408369.5736,399695.9777,402491.4626,402219.5570,403734.4913,411055.3082,406814.2119,362250150.6637,362274495.4709,362271337.4835,362259332.1915,10612.7593,10108.5187,2671.2724,9352.8902,13173.6294,8863.1032,5863.7665,12916.9492,11133.8232,13632.6173,9750.9441,1838.0434,11443.2232,10283.4140,9819.2484,5236.9572,12249.5017,8291.8458,9372.6668,8801.9395,7197.2530,10172.7166,10619.5186,11024.4717,6016.4434,13449.1007,8007.4046,12429.6804,8677.9434,9992.5695,10891.7502,11292.3122,9847.7826,8793.9138,4176.4441,726.6533,11829.3676,12077.6538,10034.0888,4646.7225,11037.2215,8451.7685,4832.2169,12539.4762,4019.6920,11556.0592,10455.4759,3278.6143,9449.5912,13536.3898,10835.9377,6512.4554,9368.2161,5051.7215,11114.2686,2826.6765,10281.2516,9214.8012,9754.3754,12750.0745,9140.7403,10059.3731,12205.0529,9435.4506,4624.7340,13824.2193,0.0000,12727.0299,8542.1031,8947.0190,9293.7095,13427.3208,2700.1551,8248.9979,11465.9396,12808.8512,9195.3243,11032.8783,10151.5081,12631.1965,11815.3122,1872.0357,10755.1949,12289.7854,11502.0181,1801.4106,13168.1592,12604.7596,2224.8964,409592.2023,412941.4097,404378.6314,407121.0869,407026.8385,408470.9355,415721.3678,411475.7015,362258238.6353,362282583.3342,362279425.4405,362267420.0003,808.7105,11112.9383,12721.2466,10211.7603,2666.5508,12610.3610,8310.8916,13533.6949,10615.3577,13393.0417,10569.9847,12159.4299,1083.3541,1249.1813,10777.3805,4809.1015,12934.4912,6141.7703,11195.3827,13424.1603,10650.2480,12509.3857,4933.3472,10796.8356,10830.3778,10604.6099,4585.0976,3233.2149,5197.3595,10814.5772,9249.7797,13572.1285,10382.7863,12241.6897,10558.7582,2374.0709,6930.3971,7227.1365,11783.6067,13109.3547,10602.9739,11861.7028,9442.1790,12601.2454,11168.0732,13541.3943,9651.8086,9903.1725,10337.3098,13109.5560,8058.7952,3792.7306,13102.3304,12469.4499,11775.5003,8761.9348,12709.3391,12764.4064,12037.2829,13392.8095,7823.4706,11623.0948,12160.7405,9369.8654,8670.4891,0.0000,3998.4868,3347.5731,12750.5124,12485.5228,6777.5159,11847.3853,8422.2527,4419.1243,4152.3850,9147.0482,3657.9922,5388.3390,11712.5077,13024.9381,10549.6956,1987.8168,9533.1948,9978.7719,11603.5300,9877.9398,4685.1645,10548.3632,404273.4558,407610.5876,398907.1998,401712.6361,401443.9603,402938.7467,410235.6258,406038.1140,362248623.2876,362272968.3254,362269810.2206,362257804.9060,10620.3216,12619.9372,10546.2610,1869.6357,12451.3053,8896.7544,13700.8059,11069.0681,13379.9833,10134.0440,12249.6652,714.9674,445.5905,10301.3834,5503.4308,12752.8963,5754.5507,11287.3260,13272.4846,10874.5894,12502.5824,4891.4210,10354.5470,11313.5831,10621.4830,5303.4941,2472.0787,5409.4346,11107.1840,9621.6209,13660.8825,10103.5211,11971.4336,10075.2131,3160.6588,7472.6127,6986.6166,11361.6126,13318.2384,10659.6478,11634.2441,9942.4149,12302.9066,11513.3130,13597.2100,9234.2779,10061.0080,10749.6127,13165.2980,7832.7216,3257.0979,12843.5613,12723.8541,11329.5419,9028.9456,12804.3913,12686.0027,12321.3244,13312.7557,8068.6140,11814.1432,12289.7314,9035.8577,9265.4504,0.0000,4741.0602,2961.2410,12605.8429,12593.5080,7472.0121,11410.2151,8006.4792,4554.9698,4867.6730,8855.9875,3642.4356,5121.2044,11953.8262,13221.4865,10111.8081,1964.5893,10005.2618,10354.4661,11155.5893,10222.0348,5419.3797,10129.1481,404568.5231,407904.9872,399211.3188,402013.7093,401741.6013,403244.7906,410551.4557,406337.7767,362249148.3085,362273493.2656,362270335.2011,362258329.8976,7371.2812,12064.4304,9344.6437,6944.3422,13530.2745,10541.6377,13001.1066,8268.3803,4348.8400,9802.3838,10617.1235,10357.0452,2797.4149,12871.5099,6200.6350,8386.2643,10212.3368,6094.3106,11461.8573,8762.1720,10302.8233,3587.2068,13243.8212,9735.3641,13069.1063,8964.2082,11453.0411,11941.7726,12475.8301,9573.4158,6626.7420,5463.0961,3345.6714,12349.7947,13078.2516,8696.8443,2077.3568,10978.7606,10114.8284,6506.5797,13247.5199,4274.3102,12262.9761,9196.7402,5790.5781,11028.9716,12670.6722,9298.5600,8685.6525,9152.4052,4692.6719,11504.7988,1127.5322,11739.9436,9963.2033,7787.1054,11692.4718,7449.2583,11605.5274,10791.9623,10415.3742,7028.2687,13603.0954,0.0000,12896.5024,9753.6213,6859.3856,10164.6370,13673.5963,1405.2862,6592.0013,10907.4390,12879.5491,7328.1160,10637.1597,9324.6701,11342.7276,10807.8063,4400.8630,10784.6391,13088.9957,12529.2316,1883.6723,12087.9584,13170.5047,4714.1024,407403.1544,410753.6833,402216.0392,404947.7212,404878.9615,406318.0950,413565.6066,409305.8759,362257296.8465,362281641.2928,362278483.5469,362266478.0523,7063.7460,12202.0216,9299.9523,12329.0277,6363.0798,8481.3821,2539.0627,10225.7051,3175.3350,12362.9018,12599.8035,6148.5829,12754.3824,1491.9800,9249.9529,11498.2008,4523.8808,12074.1579,1737.9375,9994.5027,5628.5939,9554.9489,11997.3520,13067.9128,11811.3096,13728.1404,11776.7452,12736.0390,6906.6218,4781.2640,9208.3349,9735.4625,12959.0871,13256.3022,8148.2900,5597.8273,8115.5430,12096.6228,10144.6424,12084.0038,7667.9472,11068.2968,3623.1622,11339.0756,12590.3272,7880.7354,2661.1150,12889.9123,11066.9879,6728.8870,9654.2504,7105.7378,12967.7869,9747.7803,464.3112,5990.5595,1860.3922,13291.9606,4700.6088,10552.3085,11968.3983,10473.1031,0.0000,12272.7372,13078.5725,687.6183,10151.5444,12074.8665,7234.3764,7313.9947,10376.6990,12074.3990,6278.6442,10936.2589,9726.7648,5373.0903,5238.7405,10292.3070,11870.1570,12171.4487,12253.4472,8076.9025,7298.1885,12968.6672,10424.5814,401735.4728,405096.6523,396554.6900,399278.4158,399321.2119,400672.0019,407825.0229,403661.0108,362252971.0081,362277315.5652,362274157.8134,362262152.1004,11179.0086,12512.0446,8403.7235,7542.4171,2996.2167,7272.9502,13511.6288,4202.9426,10199.0685,10775.5112,10765.5116,8761.1354,8357.5043,8925.7833,12000.7978,9879.8291,11423.7451,5582.1372,7601.6079,10212.1780,5306.3857,12677.7011,9043.2884,11032.4038,11883.0998,10654.2101,10729.3698,9107.1969,7865.3123,12921.3605,13338.7159,9378.9028,9997.2586,7672.5714,11036.4164,8528.8583,12524.8675,13148.9324,8926.9189,12267.8700,9522.8506,6957.1350,13757.1981,12133.3063,1516.3904,5852.5860,13518.3045,10021.1221,11721.1862,9317.4632,12132.2549,11567.0603,11029.6931,6737.7424,3216.2040,7832.1388,11811.0162,2704.9622,11237.1241,13777.6432,4661.0204,0.0000,7728.8664,12067.4749,7599.3708,11177.3689,7016.3138,12226.9501,9015.0226,7268.0633,7421.4589,7839.1615,8367.0471,8445.5357,2412.8311,5454.9091,13552.7080,9379.7792,9313.6087,10301.0060,12676.1069,436.7290,8766.4870,13574.0638,398601.3056,401959.0387,393312.5185,396078.5755,396044.8103,397393.2265,404537.6262,400451.7437,362246874.3941,362271219.4148,362268061.4076,362256055.7290,12001.4447,10185.9473,13906.2439,11956.5460,13157.4369,9093.4610,12283.2294,1948.1906,1448.9568,9050.6995,7089.4198,12147.1893,4969.5256,11490.6963,12747.1722,11389.3875,12307.1111,5053.1620,9182.4907,12276.1659,10698.0750,6948.9956,807.1502,6250.5007,11747.1458,10497.6528,13702.7461,9337.9432,11267.6149,8896.8187,4954.3979,8763.8080,6480.3150,10224.6946,13646.7838,10825.3562,11064.8294,11035.7888,11491.1174,12230.3635,13532.5240,8308.8307,10481.3284,11549.7858,13102.2705,7516.0192,2407.1284,12100.5365,13190.7395,10157.5879,9727.2461,12929.2902,12320.4653,12798.2955,12935.4608,8778.9272,12088.4644,12519.8141,8354.8852,10506.0272,0.0000,6395.3853,2885.7045,12087.8049,12760.8179,8978.5201,10261.8311,6988.1124,5128.2149,6470.0615,8114.5512,4054.4686,4720.9395,12340.4137,13486.5180,9069.0186,2824.0726,11045.6206,11198.7694,10002.1458,10885.1037,7079.7045,9138.0962,405149.0703,408484.8105,399817.1833,402610.4720,402340.3166,403857.4446,411181.0644,406933.2007,362250438.3223,362274783.0895,362271625.1232,362259619.8320,10780.9749,7496.3622,11800.5502,8104.8551,4812.6476,10784.3524,12721.6965,12339.3484,9055.8180,11902.7363,8568.1876,12767.1516,4594.8144,5341.8615,6380.3151,10330.0021,13465.2383,9510.8666,10790.1034,4647.7616,12236.0646,12071.9573,10101.9758,6994.5614,8437.5154,5583.5615,11322.3157,1811.9655,5466.2619,12751.3363,10598.6567,12934.7727,7615.1673,6691.4588,4979.0980,1733.4276,9693.8757,3068.7082,7587.7229,8193.2893,5495.9095,6376.1368,12305.4626,9408.6985,6973.0127,12701.0993,3579.8837,6569.7940,6148.7109,7863.7541,3985.5865,9636.8269,10875.0005,8081.8652,8384.8928,11320.1799,4493.8586,5546.5009,12416.2673,0.0000,13212.0930,10803.7321,9216.7207,4154.1198,12426.5494,5830.8559,11810.9564,13509.8897,13361.6802,12083.5879,13472.3139,13164.3133,11446.4914,9252.8009,4861.0294,13151.4680,9336.4044,8184.0743,5348.4401,12638.4096,12398.8914,4660.3535,410580.8113,413941.6304,405352.1115,408094.4671,408109.9916,409453.7887,416592.3800,412475.2152,362258761.6868,362283107.0665,362279948.8451,362267943.2611,9107.0055,6298.3667,11431.6063,12139.8998,10810.2024,9120.4973,9195.3600,13817.6528,3792.0596,12918.4297,11857.3386,7319.3049,12032.1457,5667.8811,11745.6177,10242.5452,13769.5706,4705.6238,7865.4350,4192.1596,10639.5123,6262.3974,4925.3668,3578.5741,9464.1776,13115.8917,11659.4654,12629.2745,6374.6686,2522.1398,11853.7452,13731.5395,7851.0742,7471.7084,10937.7535,1711.4793,12352.6183,4547.8799,10800.5503,11408.1630,6206.7268,7302.8606,11050.1378,9219.5020,10896.3711,12457.6279,6580.0255,13502.6564,4841.3632,8253.1581,12276.5689,8562.3202,12105.7591,5182.2472,9768.7111,7485.4929,10563.1977,4324.9658,0.0000,5806.7497,8986.5856,12705.1974,7939.1531,3009.9884,13416.4961,12928.5682,9389.3434,6074.9696,12785.6622,9791.5447,11174.7943,9313.7039,9262.1817,12146.3719,9253.2259,2129.5478,3596.3659,13192.3451,8296.0758,4169.0078,11961.2206,404955.6244,408309.8756,399573.3735,402376.1499,402273.6048,403620.6508,410753.3400,406740.4165,362248934.3776,362273280.3259,362270121.7900,362258116.2533,6417.3993,4033.5318,10926.1244,5864.0093,13690.7197,13794.7705,10775.0577,11359.4149,6882.9334,12903.1173,7875.7006,5322.6211,8067.5505,6224.4592,12663.3413,10607.0870,5870.3627,9078.0473,11791.3745,13881.7030,12420.2446,7381.1953,9050.4801,2096.2118,10275.8568,8644.8318,11097.5725,12816.5106,10637.6899,12133.9854,9692.2231,2212.4833,8954.3837,8911.1306,8160.7933,8150.4033,6243.1333,2929.1731,11552.2134,9272.1218,7069.5367,4306.6475,11969.7999,13655.3641,7308.5760,4194.8432,9910.6391,9817.2099,5342.9860,6343.4471,4635.7959,5069.4520,10679.3176,5961.6222,6190.0252,11507.8911,8533.4557,0.0000,12035.1267,13564.6837,6847.2703,5767.7463,10225.1298,9805.8641,11969.3292,12492.8227,12003.5942,11225.6290,13126.8836,12938.9577,5746.5021,2473.1372,10985.2487,13492.7155,8184.3878,8130.1592,10109.1274,7866.2596,11724.4615,10903.9232,404274.6992,407643.4989,399039.4009,401779.6963,401878.8915,403149.0388,410207.9514,406179.0126,362253409.7699,362277755.2154,362274597.0056,362262591.2298,7788.0161,13572.7211,5831.4694,10891.9798,11339.1973,12294.8862,7828.2039,9642.6744,10845.6672,10419.1029,10083.2369,9536.2091,7221.7059,9347.7371,11892.7841,2433.8705,11322.2710,8189.8916,11998.8960,11036.5123,8565.1620,8741.7566,8015.6725,10119.4248,12584.1141,13644.3851,9263.0246,8370.6894,9907.9837,12231.5227,6809.7564,11065.9347,12554.1225,6600.3994,12293.8001,7228.5372,7061.9634,13628.6289,10501.5980,1523.2471,6626.9381,12901.5929,11359.7841,11799.6452,7255.2560,12906.0188,9887.3163,9469.5619,8221.0816,3027.2710,8627.1215,10355.0734,4367.0688,9530.1370,13376.6227,2961.4352,0.0000,7641.2810,12151.8717,9063.4026,9548.3194,5684.3926,12920.0005,11114.2748,8774.6166,7478.7910,10177.8086,9757.9761,10292.3986,3670.8761,4940.1619,13610.5521,10326.8842,7028.2908,8144.7445,13198.2380,3132.6213,7933.5229,13552.7492,400176.2601,403536.9949,394862.0449,397636.0262,397624.1116,398938.3999,406042.3500,402015.8511,362247371.2696,362271716.7075,362268558.4825,362256552.7856,10217.0733,3666.0988,13226.3536,13393.9421,7825.3332,12587.1613,3057.0838,10963.3973,10079.7847,3426.0370,10654.3388,3033.3256,11375.9429,7501.0562,8353.5015,10840.6335,12957.6531,12902.2651,13503.2854,10256.8493,11567.3086,4619.5709,7098.0948,8477.9820,9976.4969,13288.3669,12586.4639,9991.6090,6810.3599,5928.7236,10885.2313,9286.2084,10884.3603,7161.2922,9424.7363,1243.6358,11269.0167,11420.2593,7627.8864,1689.7103,12584.3957,12385.3118,6079.2296,7675.9626,7726.9112,11959.1831,7889.5583,2595.8660,5140.0717,1145.1531,12506.4116,4828.9193,8816.7329,11696.8787,10014.9529,0.0000,12571.9029,13527.4421,2981.5420,8350.1372,11730.5559,7739.9338,9337.2265,11553.6438,12436.6417,8435.4391,12146.7147,11298.6946,5191.3703,3475.3808,10286.3699,12861.6180,10934.8421,10909.4021,8412.7705,7583.9545,12874.5299,10340.2240,402891.5250,406257.0007,397701.9070,400426.7652,400509.5665,401821.5865,408930.6614,404819.0638,362253706.2074,362278051.0846,362274893.1727,362262887.4165,12062.7184,10420.2277,9871.1763,6870.6469,11719.3842,9264.1263,10358.0005,7385.0007,7543.2036,8842.9840,11395.7269,11680.1710,7592.4100,13066.5480,6446.4286,11912.9713,9070.4481,9057.2005,9692.3221,10107.9067,9459.3216,10116.1703,3235.0268,1119.3802,11566.6495,11167.8218,11069.8356,6142.3448,10472.8659,6923.1367,3423.9993,11628.1027,3976.6455,10548.7910,10737.5757,1774.4817,8005.6147,13673.6111,11329.9140,5124.5530,9982.7122,5204.4024,10264.9649,4237.8252,8981.6172,8168.6124,10610.5617,12921.4136,9778.7187,8798.1173,12676.8586,8243.2407,3025.9926,13594.7819,0.0000,12573.2761,8179.7280,9909.8446,8168.4123,13001.9256,4010.0623,9564.5118,11964.6329,12718.1167,10460.0870,11530.4885,10977.0992,13000.9811,11906.9044,77.2808,11034.8947,11315.6851,10362.1111,2989.8693,13508.7048,12126.1121,389.9392,410753.8659,414104.1508,405521.5269,408270.6060,408178.5037,409609.3850,416843.6449,412627.2864,362258613.7102,362282958.6568,362279800.6297,362267795.1954,11938.2235,12340.6638,8466.1772,11448.4274,4631.7729,9360.2432,11788.6560,6723.0714,11860.6810,1527.7306,9240.9970,7871.3769,7396.1751,12486.9455,11772.0149,11978.4702,13407.1435,11277.9380,12028.5176,7230.7847,5932.8171,11041.2210,11727.3624,11914.3217,12174.1936,8006.3984,8291.7355,7641.2608,12458.5985,11674.2755,10779.1686,9872.3154,10246.6321,3792.4395,12830.8663,12587.9790,5050.8325,2151.4233,13614.5029,11047.8703,9024.3827,9116.1268,9652.9935,12608.8228,10106.6805,2772.7933,3309.4146,4036.4865,12981.0919,1609.7797,10737.3881,13182.5724,8133.0766,0.0000,10767.9395,13190.4508,3806.3512,10442.1882,10217.0638,9760.8085,8174.4654,9361.3311,10516.5552,6848.8720,10210.0423,9443.4408,2324.3165,3732.9321,12121.2425,11264.8371,10999.0675,11469.6634,10447.6850,4514.4287,11592.4712,12197.5856,399810.3322,403172.2009,394591.2302,397329.0145,397363.7160,398697.9581,405831.0480,401712.5879,362250165.8993,362274510.6573,362271352.8040,362259347.0681,906.3097,10109.9771,5731.2139,12538.4136,5197.4936,11688.1396,13254.8702,11279.6845,12197.2060,4228.5011,10111.6994,11289.5218,11077.7469,5538.5337,2343.9479,6035.5001,11459.1336,10030.9636,13734.7721,9686.6390,12226.6123,10297.0824,3324.1490,7859.0815,6405.3994,11251.4289,13416.9598,11114.9997,11960.2138,10204.7012,12449.4668,11778.0517,13467.5431,9619.7463,10536.1277,10481.0674,12948.8856,8393.2539,2743.9198,12936.8069,12916.2088,11351.4897,9514.8183,13068.2209,12413.2278,12105.6560,13144.3980,8603.1541,11499.6887,12603.0913,9494.9481,9151.1052,0.0000,4635.3698,3606.4434,12350.7137,12882.3103,7508.6372,11451.7516,7562.4288,3918.3617,4692.6703,8371.8536,2956.0236,4492.1798,11660.8848,13087.6916,10401.7842,1273.9892,10297.5067,10711.2872,11260.4922,9863.5815,5606.9599,10437.5404,403908.1570,407244.5464,398555.0716,401355.9366,401084.8402,402589.7679,409898.9276,405679.8986,362248743.1460,362273088.0321,362269930.0076,362257924.6954,10070.8790,5865.1486,12683.4625,5641.5626,11301.2435,13195.1485,10960.3426,12539.9628,4993.4482,10149.2674,11581.0125,10590.8659,5676.9418,2101.6672,5494.8630,11234.1390,9788.6023,13703.2096,10011.8509,11800.6823,9792.5331,3580.3562,7736.8974,6951.0720,11149.2887,13423.0244,10650.6526,11480.3357,10190.4832,12127.8749,11676.2981,13645.2443,8973.5927,10106.4393,11009.6356,13224.3805,7667.9120,3080.8831,12695.4414,12843.8301,11088.2284,9134.9938,12830.9332,12680.1492,12504.1788,13292.1896,8162.2613,11960.4389,12330.4029,8815.5369,9604.9136,0.0000,5163.8633,2746.6087,12561.8518,12624.8081,7848.4914,11171.4054,7849.2376,4751.1349,5285.5276,8770.6272,3781.3495,5092.1598,12124.0118,13346.3508,9847.4893,2160.5017,10235.4471,10526.7424,10903.9423,10458.4961,5804.6384,9873.3607,404805.8418,408141.9952,399453.3013,402254.1066,401980.5556,403487.7964,410799.1583,406577.5237,362249488.8131,362273833.7349,362270675.6876,362258670.3905,12861.4807,5203.1210,6641.8015,11878.9517,6763.6730,12832.4841,7359.7000,8769.8292,857.4996,13046.4269,11565.3870,13036.3306,8494.8730,12277.1888,13099.2598,13480.1308,10327.8065,4091.2768,7849.8501,5896.3131,12078.7563,13606.2857,6623.6713,1972.4082,11624.2921,11869.0093,8852.5711,13790.2582,6467.0846,13145.0424,8884.9763,8043.6406,12545.4078,11655.9668,8465.6169,10427.8282,8144.2644,6458.1898,12394.4358,3514.3703,12960.3624,11411.0272,6493.7076,10870.3307,6908.6613,12783.2383,9517.3349,11894.4132,9158.0972,13037.7347,0.0000,12325.0230,10224.4951,5586.0164,11643.9570,13398.5910,3855.1714,4295.6105,9542.8406,12206.6734,4864.3159,9398.9763,7696.2501,10184.4116,10396.1421,6916.8176,9962.5437,13742.3610,13493.8647,4604.5507,10766.5616,13064.8477,7212.5748,404704.3408,408053.4811,399521.5206,402252.1378,402172.8601,403623.3868,410884.7096,406607.3195,362255162.4230,362279506.6348,362276349.0181,362264343.5058,13253.5042,9434.1437,9089.1024,13042.0941,7835.0855,12230.4554,7616.7211,12820.2461,7290.9826,9027.6172,450.2960,7621.4960,4444.3359,7591.2339,5762.7478,11634.2060,12105.5151,12243.0482,12036.2415,2648.2181,2850.7344,9800.9292,13283.0513,10489.9864,8791.2917,11599.1663,5238.5968,12853.0813,7673.4361,12286.0392,10783.3483,7609.8477,8173.1159,12154.9544,8455.3198,7932.7329,13156.5628,9476.3479,13158.6425,6035.1020,10510.9532,12723.3818,10033.6959,12990.6652,5518.7496,10491.8297,9771.5667,10065.1040,5286.6159,0.0000,2668.4440,6214.0782,13006.3841,10208.2600,2619.1677,13140.1640,11151.3589,6682.5906,3103.2690,11310.9142,6812.3330,8590.3613,10248.2426,11085.4407,11711.6866,5942.4179,5449.8090,6367.4992,12888.5054,8493.0246,554.9302,11589.9586,404331.8019,407677.4275,398938.5152,401749.8104,401556.1452,402972.0953,410180.2282,406094.2571,362247931.8702,362272277.4847,362269119.0992,362257113.6755,9384.8286,11286.7786,3713.0278,12083.8271,3224.8583,10460.2257,4803.5000,10499.6372,11667.2384,13559.5654,11739.6754,13748.8760,11931.5412,12950.3312,6985.7098,4856.9330,8279.6938,8711.4168,13364.4424,13629.6034,8486.6478,4348.7885,8467.1927,11826.6814,9346.8738,12586.9524,6585.1381,11398.7452,4283.8297,10528.8602,12479.3544,9127.1319,3835.2962,12422.7244,11137.0321,5643.0097,9933.6468,5852.8903,13012.1106,9595.3283,1947.6844,7255.9054,1978.2917,13305.6254,6103.8319,10440.6832,11279.7723,11464.3185,0.0000,12900.0093,12942.5036,953.7667,10010.3475,12828.7611,5984.5326,7227.3758,10920.6844,12734.5770,6461.3591,11334.4350,10010.2220,6751.9059,6236.8396,9333.5890,12157.8953,12613.3441,12519.3896,6888.6507,8564.6576,13499.6509,9490.0970,402893.9499,406254.4629,397725.7737,400445.0991,400486.1502,401845.9827,409009.2694,404826.3824,362254323.2017,362278667.7026,362275509.9760,362263504.2827,13381.6132,11363.6472,13450.7258,9201.3726,2697.3319,6338.4078,12046.8662,12995.9288,9422.8695,4270.4532,10176.7320,13510.7589,12856.0928,13151.8094,5248.0295,11973.0025,9741.6972,7682.2260,11427.0224,1764.6580,8289.9066,13449.5822,13129.4522,12316.6327,12655.6643,11361.5477,13464.0324,11581.5414,10419.9435,13027.3845,9893.8538,10622.5886,10874.5842,2714.4519,11522.2539,13722.2263,9259.6607,12512.5519,13752.4454,9291.2645,10883.3035,10559.9931,11941.2673,9432.5174,13755.1033,10939.6975,10381.0513,0.0000,7789.4929,7513.0953,9093.9432,13784.5269,10143.1916,9498.0271,2775.8964,3747.7673,7556.2516,3628.7696,3377.6485,1246.2883,9919.7762,11785.4544,10367.9036,4474.2455,12790.2797,13165.4956,9764.6380,8660.1245,9362.9178,10551.8773,401440.0167,404779.5668,396165.0194,398935.0093,398724.9251,400227.5835,407541.1390,403267.1286,362249324.4175,362273668.7176,362270511.0273,362258505.6244,8577.5478,1928.7061,11921.8487,13221.2878,12209.2077,8707.6591,1560.2188,9437.4343,11835.0182,7383.9697,2890.4793,4253.1154,6503.7533,13236.7688,5866.8104,8272.8274,10620.0749,7001.6091,13650.0743,10940.6814,6063.2998,1278.0383,4749.4839,6021.1894,7302.8936,4165.1087,9702.6775,6901.3713,2173.3053,11322.8332,10821.0744,5853.0032,12639.3862,7735.4601,4588.3164,9747.1163,3806.7480,3018.6197,11697.1092,10657.4000,10470.7291,4721.4582,11688.7423,1977.0331,5997.0149,10221.0849,0.0000,11093.0023,9604.7362,11629.9504,2501.1502,9658.0804,9492.6199,13323.5264,12892.3418,11359.0885,13556.5159,12905.8610,13363.9446,11534.9140,9610.4878,7396.0065,12242.7616,5536.2662,4069.1951,8941.0926,12061.9680,9639.3845,7090.6762,410523.8670,413883.2919,405220.7820,407991.7177,407965.3702,409298.1208,416419.1257,412368.3284,362256226.5946,362280572.4755,362277413.9786,362265408.4293,9714.8082,5843.0894,12258.2378,6818.6101,10061.9934,9075.5253,13398.8756,12529.6811,12790.5553,9705.7133,11163.3195,4367.8105,7923.5496,5462.6406,7362.1787,13635.6251,12633.7257,10859.6533,5124.3496,6301.5589,9257.4050,6506.7297,11256.1246,3957.7887,9383.8724,4060.6743,8836.5003,10190.3361,10124.1405,5046.5392,10750.1709,12420.2897,2750.5732,7620.5280,5234.4956,11138.0150,6574.1651,4889.5984,7973.2016,3048.1177,11644.4683,7810.4551,7583.1718,9408.0802,11742.0484,0.0000,13440.1741,12711.5985,4426.3986,7049.4361,12804.0978,5133.3235,9601.7776,12518.1656,13400.2638,9252.2921,12806.7760,11901.6681,8165.1055,6133.4739,7618.0994,13187.6876,11140.6004,10643.0974,5676.7376,10111.0298,13415.7641,7669.0923,406095.3941,409459.2594,400916.6753,403638.3817,403707.7742,405037.4641,412165.4769,408027.0818,362256698.8964,362281043.7983,362277885.8589,362265880.1620,12230.9079,12903.6253,13076.9636,7613.5416,2848.0539,8195.6678,11807.6957,6679.4779,1263.4739,2465.9868,7124.3222,13698.6657,7609.4769,9675.9995,9701.2242,5477.5349,13680.7187,12084.5232,6114.4654,2345.9397,6543.0580,4298.6371,8901.6716,2885.1454,10133.7648,8180.0354,1651.5806,10569.8679,11122.1114,6454.3138,12559.1873,9243.1274,4288.1225,11098.8267,2544.1884,3986.8511,12208.1781,10282.1952,11177.9630,3744.5978,11498.4904,2784.3782,7163.6603,8994.0608,0.0000,10039.9160,9448.9880,12288.9712,3443.7707,8261.7965,10879.1850,13711.1464,12422.0168,10333.9253,13861.3597,12510.5338,13254.2096,11234.8316,9578.4747,8849.6913,11798.6270,3775.0103,2219.6335,10387.2983,11457.0830,8385.4205,8558.7354,409658.3040,413017.0975,404327.5682,407109.0746,407067.3973,408395.7368,415510.0237,411484.0131,362254575.9160,362278921.9352,362275763.3641,362263757.8171,9523.0372,6756.3242,8603.9313,12524.4904,12545.0634,11940.7429,13763.3756,11777.8831,12619.2475,7252.6751,5097.9930,10408.5986,10965.3234,12523.8005,12905.6416,7898.8711,7089.9816,8063.7926,12557.9530,11198.4571,11633.9357,9040.3584,10887.3274,3648.4289,12335.5131,12857.2441,6480.6091,2053.5147,13499.9430,11044.7303,8141.2766,9607.1490,8586.0267,13035.6758,10189.6065,1299.3326,4680.0795,2992.1503,13375.0439,3116.0263,10912.6647,12834.8365,9383.2217,0.0000,11577.2412,13276.6198,2345.8217,10563.0612,11255.1247,8714.2716,7605.3812,9799.8809,11338.7209,6328.3652,10525.8652,9485.3434,3836.0975,4492.5689,11458.1724,11577.1129,11797.0357,12097.9895,9492.1162,5847.9372,12398.3893,11567.2688,400402.7703,403764.2740,395205.1290,397935.0225,397974.5220,399317.8582,406462.1482,402318.0919,362251334.6676,362275679.2868,362272521.5059,362260515.7767,8419.5362,10614.2400,12982.7533,7570.8181,4662.3340,9382.5428,12788.4181,11873.2133,13186.7878,6770.3673,12989.8892,11269.5033,5876.3386,9986.4461,2869.7656,10156.0454,13062.9337,13011.7764,13126.0781,11306.0657,12584.6825,12600.5171,11735.4530,11492.2977,12607.4669,8405.5523,10740.7352,11188.7033,3079.2861,12690.8921,13170.8017,11035.2683,11773.9064,13692.9837,9939.5625,10045.5804,11235.1677,11210.8610,8849.2368,13558.2166,11708.6558,8419.4577,0.0000,5532.5304,7357.4577,10021.3718,13669.6254,8078.8421,11225.2395,5061.0063,1118.5980,5220.8680,5230.3869,1369.7771,1492.0160,9156.5233,11382.7739,11688.0229,3063.4990,11529.7585,12189.3236,11428.1489,7249.3375,7433.6846,11801.8810,400423.2510,403763.3821,395110.2108,397894.1980,397675.2677,399162.0287,406455.9011,402227.0932,362247279.8033,362271624.3517,362268466.5321,362256461.1172,12786.2336,11975.8955,12997.8278,8600.7515,12532.7954,13265.9801,13641.6093,10323.7816,3273.7315,8415.3829,6655.0650,12037.1226,13678.9510,6120.5383,2412.3296,11581.1092,12251.8790,9411.2572,13792.4658,6983.5525,13211.0716,8577.6442,8723.4489,12866.5664,11175.1736,8010.1648,10952.1294,8077.6766,6850.3944,12435.5509,4205.4023,13213.6283,11630.8492,5941.5612,10408.7221,6582.5686,13056.9901,8941.1050,12134.9226,9781.5176,12724.2289,0.0000,12147.7533,10506.9022,5071.7074,11878.0356,13221.4261,4537.1014,3825.5117,9213.2310,11998.6264,4176.1761,9155.2604,7379.2245,9636.6802,10042.8127,7639.8226,9857.4353,13777.8638,13619.7541,5332.6391,10215.9511,13000.6654,7921.8207,403863.6987,407213.2371,398681.2771,401411.5194,401336.6474,402783.8186,410041.8329,405767.6226,362254484.7855,362278828.9663,362275671.3701,362263665.8416,9756.1339,7707.7424,12449.9664,10092.6931,6517.1518,6838.7378,7156.6239,11547.5536,11827.6335,13334.7518,9264.9838,7013.7261,11378.6171,12743.6370,5481.7992,9426.8823,11573.4500,4576.3469,11873.4816,5068.7596,7463.8402,12966.5893,8758.8771,3911.9687,7584.7600,11905.1886,12146.8562,11483.8457,5406.1056,13036.3821,8179.7988,7895.4423,9380.5979,4419.3278,9275.5219,8845.2212,6190.5083,7787.3659,12507.7996,3256.9170,0.0000,7941.0979,11890.1150,10104.8520,7890.9747,5272.5834,12985.5758,12372.5211,9963.1626,7924.9915,11662.2951,10774.3196,11514.8626,5527.1027,5354.4508,13100.1030,10980.4916,4984.9898,6092.9624,13102.3314,5420.0784,7523.6231,12980.0990,402207.2186,405569.3382,396878.7168,399657.3117,399654.5707,400952.1374,408035.4940,404040.2001,362248576.0619,362272921.7904,362269763.4088,362257757.7194,9324.8785,11071.7052,6600.9032,4025.2772,4683.5834,7660.4943,13243.5851,5512.3460,7414.1697,10269.9326,7048.7743,13457.9423,10735.3766,7423.4726,523.7792,4217.9727,6796.3337,7160.9135,5444.9629,10612.2307,5697.8857,1993.1457,12107.8955,11626.8144,4428.9742,12050.3474,7831.9427,6054.4559,9368.0755,3671.2161,4342.0795,12228.5562,11617.9571,11095.8810,4222.2194,12442.6861,3464.3362,4643.4913,10885.7210,0.0000,11029.3476,8632.7465,12054.9516,3893.9364,10002.9085,9111.6754,13032.7711,12699.3281,11320.9100,13455.8811,12565.7602,13022.2191,12356.3256,10672.2532,6443.5997,11760.8973,6306.6853,4871.5149,8428.1592,12698.5360,9572.9031,6115.2155,411244.0897,414600.4690,405937.7995,408711.5647,408652.3266,410010.4680,417159.0721,413081.1032,362256672.6146,362281018.4211,362277859.9509,362265854.4550,7500.6304,4437.3120,7984.6145,6109.0830,12060.2926,12277.3786,12535.0624,12219.4417,2354.4096,3129.4152,9841.4246,13509.9478,10933.7183,9097.6954,11886.8338,5651.1132,13151.9950,8102.2404,12677.5060,10942.5846,7911.6664,8491.0857,12518.5395,8572.5885,7830.6442,13477.9495,9917.7096,13387.3284,6317.9319,10916.7119,13037.5315,10408.4907,13341.3879,5733.6502,10816.6247,10167.7121,10225.7221,5606.0197,0.0000,2540.7754,6097.2938,13309.2814,10609.2905,2902.6862,13374.2498,11231.3100,6623.6357,3001.6467,11427.7290,6706.4917,8553.1065,10585.2253,11492.1310,11903.1120,5772.2593,5855.7105,6753.3336,13114.0129,8761.3987,391.8089,11785.5652,404295.1982,407639.7505,398897.1884,401710.7659,401504.9304,402928.0160,410143.6086,406052.7460,362247725.0123,362272070.6150,362268912.2322,362256906.8231,6953.3764,12145.7108,11003.6541,13707.1695,8727.0673,11269.5330,8776.7171,5494.8386,9346.2417,5851.6667,9772.6387,13745.7766,11216.3399,11168.5593,11469.3513,11360.1584,12570.8949,13338.6691,8427.4088,10946.8724,11504.7892,12840.4320,7951.7599,1776.7602,11932.3571,13405.3477,9824.2629,10264.2559,13124.0337,11931.3834,12690.7608,12626.6616,9365.9831,11852.6906,12785.6448,8601.3434,10701.5589,0.0000,6749.6803,3596.9984,11670.9456,12988.7828,9358.1326,9953.1704,6281.9042,4904.6668,6772.3781,7463.5780,3808.8639,4134.8004,12151.9394,13379.6414,9049.9149,2893.1391,11490.4845,11650.6862,9757.1571,10742.2444,7603.9500,9149.0226,404744.3540,408080.1148,399423.5240,402212.6435,401947.0036,403467.2132,410795.1960,406535.5716,362250468.7586,362274813.4214,362271655.5126,362259650.2134,7183.9388,5338.2476,11920.9787,12952.1059,10162.8014,9597.9356,4749.8737,3926.0548,11090.2239,12518.7407,11205.5385,6518.9379,9244.1158,6742.8682,11266.9958,8150.3436,13391.6340,7661.8777,5554.1468,11450.3128,13618.5909,4631.6229,8158.4479,11970.4429,9901.3116,11740.1927,4315.2453,9752.8924,13847.6724,12526.3748,13693.7897,3099.7287,12895.0554,8845.8885,6679.0443,9107.2116,0.0000,6343.5755,3758.4845,13802.9588,9349.6541,6811.8491,11655.2003,11606.5559,8823.2023,6761.3126,12287.9120,8395.4692,9736.2183,12807.5229,12842.3325,9025.3421,6994.4670,6558.6157,6388.5211,11078.8671,11677.6689,4813.9625,8847.2830,408417.8154,411761.0538,403038.8323,405846.1834,405631.3480,407073.5780,414310.1672,410185.1872,362251700.2777,362276045.9071,362272887.4930,362260882.1541,2306.5021,6706.8784,13609.9105,8312.0577,10449.5495,9661.5952,5279.9626,13598.4561,12368.4449,5383.4281,3547.5803,7380.6787,3380.1682,9406.1919,1662.4967,9619.7308,9139.1690,2817.2418,9695.2276,10582.1391,7489.7708,12746.4030,9591.6759,3458.4141,11568.9704,3136.7544,4006.1515,11867.2884,9426.4378,10887.9134,4367.4067,10801.0040,2934.7993,8202.5764,8112.8682,0.0000,9737.0781,9991.1757,12057.3085,3531.5423,7629.0773,11367.4256,13783.5169,12253.2060,10005.6505,13789.4813,12461.2693,13248.2668,10466.8892,8813.4638,9705.2847,11862.1283,2890.9572,1484.0668,10976.1554,10704.7754,8123.9462,9436.3530,408670.4124,412030.6116,403336.8310,406118.5947,406091.1841,407405.8702,414505.1614,410496.8019,362253684.4767,362278030.5272,362274871.9474,362262866.3678,8602.5343,13833.2585,9438.0979,10844.5092,7910.5465,3152.9928,13122.8401,13060.3606,7267.6693,4227.5864,8425.8098,2573.9489,10590.8887,3258.3684,11015.9568,9226.1433,2808.1839,9777.0045,11708.2145,6862.8307,11709.8396,10925.8214,5482.5725,12300.9854,1668.0834,6103.4245,12806.4750,10176.7578,12134.7964,2675.7546,11383.1778,5014.4492,8154.8400,7504.3995,0.0000,8183.7924,8564.5829,12999.9276,5625.8459,6255.7329,12133.4796,13583.0813,11221.6540,8522.3054,13718.2217,11338.7590,12444.5742,11048.8965,10051.2381,10106.9371,10525.6559,2067.0581,1165.3551,11685.5533,10687.6528,6298.2272,9846.3299,408360.5920,411716.0552,402996.3814,405791.9932,405705.8396,407050.3852,414180.4314,410159.0495,362252339.8621,362276685.9183,362273527.3189,362261521.8070,10643.3895,6871.4191,9736.6909,13037.6337,10599.8264,12612.7492,9006.3368,2124.6742,7603.8705,7117.3010,8320.5690,6555.5156,5965.4562,3914.2082,10137.7048,8213.6340,8685.5933,5511.0404,10779.7879,13713.9233,5796.2981,3728.2348,8817.6527,9097.7481,3726.5535,7026.0299,6485.1052,5358.8353,9983.8619,7550.4217,4794.8566,10095.6767,9704.9711,0.0000,12586.6074,13085.3544,7224.5537,4244.6829,10927.5578,8650.7651,12127.0177,13072.0516,12614.4719,11633.2705,13535.6768,13301.9268,7454.3706,4380.0052,9518.9742,13712.6701,8205.1071,7748.0525,8820.5279,9382.9208,12060.9341,9410.0799,406268.2293,409636.4063,401039.9069,403778.0068,403872.3464,405150.7712,412218.5567,408175.9090,362255283.0506,362279628.5271,362276470.2930,362264464.5492,10619.9463,9335.1842,11318.9013,13422.2912,4161.1547,5254.3625,11540.7353,13406.7764,11462.0011,13396.0310,9260.4811,13222.5601,8039.1484,10980.1236,13718.2141,9091.0372,6887.3158,12496.5896,7627.3281,8884.9431,12543.3469,7114.5246,13734.9631,12474.3591,4845.3355,8694.7575,6409.1694,13611.6334,6824.8237,12946.9745,11786.2074,11102.3321,0.0000,10914.5404,11102.7106,4478.6623,12723.1826,12019.1822,7399.7125,2881.7416,7560.5894,10653.4671,1757.6539,7864.8245,6025.8444,7578.7972,8984.2733,10161.8903,9044.3534,13513.5282,13729.8767,8170.4889,7843.6544,12183.0219,10387.7591,400827.3161,404177.4224,395627.1345,398363.7449,398287.7620,399725.2850,406972.8914,402720.8419,362251416.7480,362275760.9155,362272603.3363,362260597.7670,3791.4578,12719.5949,11236.3408,12273.7057,6449.9071,8123.1439,5934.5091,1425.9297,10767.1027,1976.9260,8969.8677,8813.9737,4305.5317,7299.8568,12902.4069,9815.9887,6600.2065,11941.0629,3048.0709,8108.6374,4705.4663,8658.4682,5686.1158,9591.2666,11588.9416,8218.1790,8939.9458,11709.8424,6099.9026,4768.4042,13110.6611,0.0000,13339.7466,10250.6307,9000.0901,5826.6329,12997.8849,4368.9563,10892.6474,13161.8326,13473.3571,11349.4141,13004.2382,12503.0643,11946.7497,10098.9169,3292.0490,12687.7738,10429.9981,9346.7575,3724.5296,13015.8898,12709.5688,3155.6729,410675.8549,414033.6508,405458.0788,408197.8847,408186.9422,409559.4346,416730.4314,412571.8748,362259154.2609,362283499.4274,362280341.3096,362268335.7666,11705.4038,11723.7211,10438.4077,5258.0861,10858.8284,7872.0690,4289.9448,12205.2054,3977.6363,11193.9220,10610.7038,2614.5211,8898.9204,13623.8801,11073.9917,5928.1410,9570.4975,5111.8258,10820.9048,3384.5124,9780.2384,8840.3020,10131.1987,12859.4605,9432.1154,9562.8899,12429.6772,9001.8652,3960.1805,13758.0313,0.0000,12659.7995,8338.1393,9364.0150,8887.4782,13270.9326,3208.9837,8764.4198,11650.4809,12767.6082,9703.2603,11207.5491,10458.4192,12816.5126,11896.6414,1149.2891,10833.8181,11930.6585,11078.3645,2220.1136,13332.3734,12411.1135,1506.1188,410090.9325,413440.4004,404869.7454,407614.9794,407519.8114,408960.0301,416205.5250,411970.0292,362258410.9788,362282755.7717,362279597.8266,362267592.3916,5171.7118,8359.7792,12858.9329,12223.1316,10151.3335,12211.1265,7723.7080,13183.6838,9865.1436,13219.6191,10614.7534,9181.0517,9199.1460,12860.0202,8564.5162,5789.0603,13579.0067,11425.5107,12852.4432,7766.8501,12105.6337,12948.5326,11163.2505,13490.1671,6959.3764,11111.8930,11459.8066,10104.9246,6913.9541,0.0000,2120.8278,4775.8422,13109.4475,11843.2708,4650.9764,12888.8930,9821.8158,4997.6449,2478.2636,10221.6507,4780.5320,6768.1241,11037.1054,12313.4038,11552.0514,3589.9834,7890.7084,8603.5112,12656.5541,9043.7738,2403.6156,11494.1191,403829.1674,407169.3967,398441.3101,401253.2600,401007.8439,402470.0555,409729.6806,405585.5276,362247607.5298,362271952.8403,362268794.6008,362256789.2426,11798.8967,13640.6535,9277.9777,6712.7938,10356.0643,3310.5059,12176.5942,5677.4103,12139.5871,10132.0395,5314.2729,9142.0439,12407.1845,7457.5388,9962.9450,12536.9500,7834.9582,13162.7116,3591.7655,8759.6875,13272.0603,10411.6350,13088.5822,3357.6154,11308.7520,7816.3515,9153.2864,6222.0001,0.0000,5480.2441,7078.8615,13521.7627,8357.1914,3987.0943,13068.4321,12740.8847,9166.5041,5883.7703,12923.8216,9254.3846,10774.4754,10988.3102,10964.1101,11158.9021,8308.9499,3304.9911,3935.1287,12683.6206,9832.8693,3345.0448,10958.9389,406529.0368,409878.6428,401136.2641,403945.4117,403791.2913,405174.6029,412345.8692,408298.8952,362249798.5953,362274144.5079,362270985.9700,362258980.5199,8178.7170,12920.1827,13560.1131,12716.7766,12623.7977,11468.3843,13341.0124,10605.3909,11310.1637,13465.8840,8804.2567,9463.8784,11861.9356,4272.1793,11430.7910,13407.0959,9454.3511,12978.9769,13663.0748,8123.3874,9722.9368,9620.0045,12554.4836,8085.7291,13773.7843,11839.3608,9808.8509,0.0000,8026.0634,8837.6212,8051.3035,13749.9315,10052.0035,9704.3516,2535.6323,3870.5624,7721.1836,2471.0249,4055.0691,2078.8443,8617.2209,10755.4176,11090.8428,5499.3820,12807.2952,13287.9377,10124.8981,7427.8681,9723.6032,11273.0883,400180.3461,403522.9476,394916.6655,397680.9015,397505.2819,398986.5204,406278.0249,402020.0471,362248716.6895,362273060.9647,362269903.3019,362257897.8402,10529.9704,11055.2935,7621.4914,13461.6289,4818.8655,12414.1049,7879.3996,7585.8692,11910.4823,11775.0939,7792.5009,10223.8636,9598.7498,4663.8523,11395.1914,2119.2785,12567.5290,10174.0334,6021.9901,10558.7338,5855.8409,12554.4017,9463.4368,10791.4050,8703.6221,13219.8275,0.0000,13076.9162,10946.2200,5016.9431,10462.6511,13711.3812,2424.1842,6053.6838,10802.9554,12994.2874,6359.5825,10738.0049,9237.1098,10085.9891,9662.0093,6203.4507,11192.0707,13366.8669,12962.8275,3410.3130,11104.4662,13554.1618,6474.8145,405737.8089,409090.9532,400566.7536,403290.9806,403255.8641,404676.9539,411906.3133,407655.3999,362256473.2229,362280817.5772,362277659.8954,362265654.3390,7225.6174,8044.4220,6620.9675,8149.4926,4282.6617,4977.9282,10832.1471,7465.2093,7781.6105,6307.8258,10794.3990,13770.2491,7579.1514,2030.0190,10345.0482,8089.0496,3600.3435,8147.1303,5960.7027,6834.2917,9085.3833,7506.8627,4272.9514,10541.6363,8307.3415,0.0000,11632.2521,12861.4205,8531.6691,3931.2733,9543.3825,10185.5742,12827.2458,12770.5835,11687.3595,12302.0466,13303.9545,13403.6407,7199.0324,4320.4340,10522.7290,13392.9168,6547.7262,6274.0626,10262.3694,8785.9840,10916.3503,10372.8695,405869.8450,409237.8432,400608.5451,403359.0662,403439.6011,404709.1776,411764.9408,407756.1649,362253867.4830,362278213.1783,362275054.8265,362263049.0871,4671.0955,6358.0048,7531.5043,5014.4852,10601.0478,6169.0505,1554.3447,11899.9000,11617.9252,4729.3726,12169.4517,8145.6879,5756.3097,9749.4909,3295.3125,4231.1384,12311.0645,11454.0075,11191.2688,3966.6877,12353.9479,3247.7066,5099.9487,10589.6880,0.0000,10857.2324,8745.1917,12182.9339,3743.5160,9701.9426,9498.7076,13222.9014,12687.0518,11154.7279,13603.5819,12586.7276,13110.6006,12234.2672,10548.9685,6921.3694,11781.1672,5857.6481,4392.6304,8844.9025,12546.2397,9341.1233,6597.9669,411061.3770,414418.1343,405749.2241,408524.9665,408467.6854,409820.5624,416962.9589,412895.3222,362256330.2720,362280676.1311,362277517.6345,362265512.1319,9994.3145,3364.5103,8245.2792,9476.2893,3888.3521,6092.7350,12994.2882,10517.5823,5594.0580,11989.1684,4347.4655,7675.9810,5889.1184,7536.5406,5168.3636,10497.0904,11872.4901,9157.4451,7827.2598,12173.6858,5324.9449,3939.9073,12827.2138,0.0000,12936.5956,9709.1907,9996.7318,5176.4519,12481.7157,5568.4677,11535.5549,13195.7037,13116.8199,12041.3068,13004.8202,12738.8370,12334.1483,10478.4743,3456.0889,12521.8357,9610.5329,8411.5015,4823.4413,13222.5396,12090.4254,3191.0050,411308.0343,414665.2439,406068.9258,408817.1008,408791.3108,410163.0631,417331.5624,413189.3948,362258970.1915,362283315.5258,362280157.3133,362268151.7922,11553.8763,2922.0085,10177.1716,10974.0857,5167.7723,7777.3844,10684.3481,8928.3426,11813.7779,11633.3627,5118.8842,13084.3275,4135.2178,6823.9064,12062.4658,8457.9916,11607.1696,4871.4968,9870.8756,6017.4392,10089.4604,5320.8234,0.0000,7316.5690,9637.5837,12461.7055,6487.5287,4618.5744,12959.9851,13425.4259,10549.8453,7574.5319,13273.1127,10930.6897,12105.7874,9406.3449,8731.3476,11638.6066,10407.3752,555.7169,2141.8025,12704.9760,8896.3883,5683.1337,11424.6154,406006.9749,409364.3188,400639.2248,403435.0448,403368.5054,404694.5669,411804.7690,407806.5049,362250318.1992,362274664.2348,362271505.6602,362259500.0915,9771.2960,7709.2512,5462.9212,8779.0551,12434.8449,8596.6814,8046.0255,11771.3870,1290.8990,8600.6614,3295.7040,9987.5028,6496.0228,8084.1433,10896.0611,6713.6659,10268.6057,10757.1291,7157.4548,6221.2973,13160.0510,0.0000,13608.3954,10957.5654,7384.4041,6772.5475,13385.6899,2972.2031,9886.6780,12876.8936,13673.7281,10207.6619,12800.4760,12005.6188,11095.0661,9339.8853,4051.7795,12740.1553,11290.7859,10400.1073,2759.8711,12390.5829,13279.1647,4089.1265,409317.3892,412675.9790,404124.0052,406854.1253,406862.0433,408233.7926,415406.0771,411230.3883,362258830.7442,362283175.6921,362280017.6993,362268012.1211,8648.9472,10186.8022,4409.0082,8461.9276,9576.4368,8791.8502,12951.3219,9744.1374,2416.4182,11866.0657,4481.4767,4143.6944,11104.7321,8097.5814,10183.5056,5622.5635,9661.7573,3445.7485,9392.4060,7099.6910,0.0000,9580.3999,10786.3112,11428.4266,3840.2761,7147.5136,11689.1178,13661.3275,12040.1946,9790.7168,13467.1780,12408.0096,13157.7300,9249.5282,7552.4592,10571.0751,12009.6270,2637.8977,2127.4301,11440.9868,9611.3254,8163.9126,10335.7057,407275.5070,410637.7643,401947.0977,404725.7723,404722.3147,406020.2750,413101.9485,409108.8431,362252735.0810,362277081.1069,362273922.5518,362261916.9240,11668.7276,11050.1369,7090.0377,1730.4620,12701.9129,12856.3229,6658.9593,6824.4263,8632.8262,11556.4412,7372.5946,3585.2753,4409.7847,2384.3788,12197.5837,4614.7936,8290.3850,11957.7125,9415.5041,0.0000,12406.6321,13744.2353,4141.0726,7831.8927,11253.5220,8614.7480,10176.9756,11798.5704,12285.9245,9253.3424,12450.2058,11801.9825,4787.7153,2401.7841,10804.6483,13111.4146,10243.4879,10269.3456,9194.6009,7299.0040,12584.4344,10820.1941,402865.8619,406232.8725,397663.9716,400392.6377,400486.4577,401781.7618,408871.5049,404788.2924,362253308.3298,362277653.3652,362274495.3736,362262489.5986,7081.0540,13808.3130,12242.8468,3474.5287,9585.0925,6662.9020,10306.2333,5844.9708,7919.9945,8324.6214,11687.7689,13369.1174,10946.6705,7569.5673,13250.0125,8132.3108,1412.5715,13277.4557,0.0000,11833.8397,6944.4183,11084.3360,8201.9627,12330.2950,5650.2621,10096.5473,11663.3293,12033.7286,11081.5879,11138.6235,10894.2507,13505.1022,12542.8582,1710.5093,10395.2270,10635.7588,9654.9567,4677.2943,13713.3311,11196.2043,1518.5388,411242.7971,414590.9045,405982.0923,408742.9620,408617.6117,410058.6691,417301.9674,413094.2523,362258047.8104,362282392.9002,362279234.7862,362267229.3955,11399.8630,11949.1210,4967.8938,11891.8879,9334.9399,5783.6180,10764.3497,1795.6807,5003.6632,12758.8685,11294.1219,11809.5965,2663.5890,12287.8167,3860.8981,5920.3397,9685.6525,0.0000,9861.9325,8300.9971,12731.3645,4472.9570,8553.3328,10544.0705,13415.1907,12161.7228,10192.3528,13761.7858,12090.1473,12862.6621,12097.9816,10674.6784,7999.2910,11204.7888,4650.7401,3215.1027,9931.8969,12121.8568,8162.9716,7692.5744,410436.7296,413792.2502,405100.8624,407886.0397,407808.4062,409163.4950,416306.7166,412253.3584,362255001.1221,362279347.0751,362276188.5253,362264183.0359,6297.9518,13287.1409,10667.9389,11916.0089,8400.3661,12665.1410,10775.7031,10383.0740,7581.3444,2942.3269,8343.2679,11116.3401,3487.4805,10508.1726,13683.8613,3528.0643,0.0000,7497.3561,12105.5694,8448.6544,10493.0180,6163.2330,12720.6660,10132.3581,7915.2789,7250.7225,9079.6688,8978.7889,9343.8403,2899.3664,5209.4116,13712.6454,9771.8910,8195.9566,9278.9237,13082.6897,1643.6737,8211.6708,13693.9128,399202.8574,402561.9542,393898.2591,396669.5102,396644.1054,397975.7047,405100.0273,401045.6494,362246870.3529,362271215.5878,362268057.4686,362256051.7813,13258.4819,12145.7637,7599.2409,8028.8018,8909.6957,12256.6537,8755.9440,2426.2755,3795.1818,2427.9895,12775.9880,3268.7848,9564.8694,12601.5781,9048.9528,0.0000,11904.5216,13659.3230,3322.3703,9168.9149,11033.3887,8958.9579,9196.9780,10859.9098,11722.1942,8078.0897,11591.5707,10824.9252,3645.4429,2718.4225,11394.9702,12447.3976,10819.9262,11040.5223,9635.3108,6194.8289,12387.1478,11448.9157,401389.3188,404754.3871,396186.6604,398916.6051,398990.4337,400302.0397,407410.4529,403307.7827,362252037.7787,362276382.6488,362273224.7430,362261218.9775,9352.6504,9070.7668,9710.3413,8807.5414,5312.8087,8261.5606,13151.4040,13406.0178,12533.4511,4634.1023,13624.4469,7584.8517,2238.6259,11889.0196,0.0000,10018.7528,5169.7093,12791.3710,7928.5483,10347.5035,8637.8239,11359.2529,11044.7988,10329.1226,12270.4595,10506.5520,10968.3076,13706.3370,12942.7836,5076.2732,9372.6383,8559.5909,7611.3506,7791.8531,13416.5572,8892.8574,4831.7314,411243.5993,414589.9033,405925.4872,408708.7818,408543.7952,409982.3919,417218.7771,413055.2215,362256112.5086,362280457.9561,362277299.6425,362265294.2892,12173.8346,13640.2660,10030.3838,11181.6220,13593.9008,11138.2304,11959.0037,12097.8605,10397.4160,10904.1893,13360.5939,9859.1764,10237.7037,0.0000,6524.7660,5177.9281,10947.5900,13513.5229,9254.7457,10203.8508,5146.4925,3567.8859,6420.4415,6174.9942,2488.1685,2413.4990,11247.4710,12850.1189,9974.0291,2427.7428,11906.6636,12236.0301,10190.3276,9712.7221,7845.9426,10101.9057,403042.8212,406379.2627,397730.8498,400516.2655,400261.2113,401778.2200,409104.0715,404840.8723,362249378.3543,362273722.8861,362270565.0553,362258559.7225,8317.7072,3648.5637,10506.4597,6430.5285,7144.9792,10146.6174,5619.6771,10881.8614,9999.6814,7262.5420,7370.8291,12941.2904,0.0000,13810.1023,11733.6679,6468.0484,6796.7301,13443.3238,3392.9767,9882.6559,12988.0494,13842.0100,9998.4674,13024.8262,12158.9283,10349.3777,8457.6241,5280.5165,13113.6210,11408.6342,10612.1269,3559.9927,11881.8210,13571.6302,5328.3036,408461.6387,411822.3590,403278.5085,406003.6149,406037.9186,407394.0151,414550.0014,410384.9584,362258482.0827,362282827.0045,362279669.0362,362267663.4143,10937.1044,6379.2389,2823.5292,9707.1888,7200.3780,8492.1893,7483.1667,8795.9874,2917.1660,9765.2382,8050.4839,0.0000,11020.4211,12028.8477,10027.3025,2859.7189,8756.7505,10749.8234,13435.4718,12765.7572,11154.3212,13095.1070,13203.3330,13582.6291,8438.1978,6015.8515,10302.7809,13041.9308,4937.3953,4438.0013,10635.8145,9502.5704,9947.1049,10097.5789,407026.1899,410392.2577,401736.4595,404498.6825,404548.3403,405826.0263,412888.2389,408890.9569,362253860.9171,362278206.8059,362275048.3395,362263042.6475,11613.1033,9275.6128,7543.7992,11458.8371,6922.0787,11593.7133,10693.0904,9818.7395,7033.9735,13666.1255,0.0000,13333.7841,10365.6826,6609.9009,9515.4752,13849.9896,355.1027,7427.8102,11581.1007,13327.3509,7991.4076,11383.9826,10145.8262,11217.5583,10361.5274,4302.1454,11525.0599,12905.7440,12272.9457,1322.8067,12192.7352,13489.2230,4578.0939,407784.7564,411137.8012,402604.3172,405332.2430,405291.0660,406711.4143,413938.5808,409696.1984,362257875.8656,362282220.3927,362279062.6113,362267057.0856,6286.5298,13089.4459,11126.1960,12390.2832,1272.7291,12113.0383,5161.9694,6749.9300,8618.6072,0.0000,8447.9745,7525.0923,13148.5738,5781.2907,7120.2163,11434.1772,13246.3513,11205.9534,8813.7142,13577.8851,11148.1872,12188.7861,11875.6806,10890.0205,8970.9219,10177.0535,3667.0688,2636.4455,10872.5283,11503.8207,6582.0294,8694.8583,409430.4631,412783.6081,404070.9607,406866.0977,406756.9587,408123.5631,415278.0040,411227.8082,362253344.9343,362277690.9083,362274532.3415,362262526.8759,9930.1509,9006.2052,8412.3439,7289.2704,10172.6051,1237.6860,7850.6175,10135.4714,0.0000,12137.3854,11565.2923,9947.2745,576.0552,10421.1775,9025.2243,13212.3912,13448.9141,12304.9860,13134.0466,13673.4280,13823.0692,10014.0533,7461.0921,8206.8290,13375.5508,6480.3819,5396.3671,8749.5185,11194.9954,11027.0072,7972.6067,409183.0363,412547.9335,403916.0623,406670.5355,406714.6912,408011.0411,415094.8505,411060.2483,362256387.6558,362280733.4366,362277575.0180,362265569.3661,5688.8269,2092.1298,13420.8925,4329.5060,10722.8229,12288.6248,10275.2638,0.0000,12189.7364,13233.0081,1091.3132,10330.5189,11959.9325,7674.0083,7417.6473,10301.7855,11978.9168,6300.6082,10907.1833,9725.0998,5015.1949,5051.7374,10676.3602,11882.0444,12170.0860,12308.7563,8507.0288,6982.4422,12925.0028,10803.9498,401325.0621,404686.4794,396141.8699,398866.3707,398910.7282,400258.7752,407408.7886,403249.4761,362252556.9668,362276901.5291,362273743.7764,362261738.0557,6038.9346,11679.0789,2190.1489,9452.4459,13374.4297,5827.3120,0.0000,9775.9426,13196.8371,6641.7360,9260.5230,8295.1999,11486.7371,10383.9470,9789.7079,9584.1251,9245.3095,10734.4613,10645.8446,1510.7480,2406.1379,12973.0897,11518.5540,8753.8356,9462.2881,11949.4923,3615.9373,10201.3370,12959.1951,400190.3786,403554.5670,394928.2777,397680.9783,397723.2662,399024.6621,406118.1912,402069.3293,362249122.1513,362273467.3529,362270309.2677,362258303.5134,12857.8847,5393.6998,9342.5155,11504.4630,10721.8630,0.0000,12881.3665,13428.9971,2095.5034,8870.4245,12305.6090,6964.6131,8715.3767,11519.3656,12738.8347,7867.9614,12042.1521,11012.1161,5879.3412,4572.9732,9849.7518,12786.8056,11638.2065,11553.0519,7726.1217,8110.6492,13271.1389,9939.5386,403049.4860,406413.6225,397871.7269,400592.8116,400666.6863,401993.3768,409119.3824,404982.2247,362254199.1650,362278543.9046,362275386.0618,362263380.3231,12488.8254,6218.3280,6374.8644,8851.8087,0.0000,7910.4510,6429.8792,13434.3712,6806.8263,7042.3290,11434.3165,12860.5769,10645.7918,8302.9562,13315.0167,10474.2751,11596.4405,12297.5008,11587.7465,8778.7895,9365.4497,4484.7858,3752.3073,10835.4782,11705.3214,6045.3140,8517.9136,409440.4247,412790.5815,404073.8532,406873.1553,406731.2738,408120.6947,415299.7609,411227.9646,362253070.5677,362277416.4631,362274257.9277,362262252.5052,10665.0998,13452.4812,6735.4339,0.0000,9767.0780,12931.9183,5316.9880,10448.0521,9010.4953,10785.6987,8707.2338,8792.6702,9504.0724,7402.3746,9749.4370,9302.3309,814.9917,3637.6385,12729.9057,10781.3033,10154.6626,10819.3557,11374.9946,3066.8244,10602.5021,12776.1623,399329.6874,402691.0854,394084.8901,396832.5716,396852.5486,398183.3045,405310.9992,401214.7003,362248940.1193,362273285.0176,362270127.0880,362258121.3587,7465.6603,9839.2181,0.0000,11592.6358,10948.5547,10755.1269,669.7669,9830.1461,9569.8606,13453.9978,13241.7206,11801.0221,13457.7523,13420.3160,13749.9575,10467.0864,8154.4032,8271.2454,12986.2379,5613.7223,4370.5709,9199.3264,11364.2189,10303.7257,8006.6728,409543.4291,412906.7142,404256.8480,407019.5240,407039.6549,408343.8966,415434.8855,411405.2711,362256014.7757,362280360.6525,362277202.1751,362265196.5548,12827.7426,0.0000,11386.1125,6559.0905,11784.0335,7637.5946,11694.7779,6826.7990,10883.9511,11747.2750,11632.7987,11811.6991,11239.5742,11268.7838,13627.1222,12602.2665,2973.9088,10349.7338,9716.4968,8664.5661,5886.7558,13724.8363,10505.6785,2696.7544,411606.6056,414955.0010,406325.4844,409093.9051,408963.2368,410396.1804,417628.9793,413445.5362,362257680.2568,362282025.5331,362278867.3183,362266861.9334,0.0000,5189.5352,10493.0549,10955.8730,10049.2606,2863.9275,13674.4519,11351.0204,7575.1832,5098.7241,10731.7269,8451.2434,9585.9463,6207.1535,7518.9939,13617.1411,8683.3802,5827.4829,7226.7492,13774.7896,4502.3016,5307.0436,13532.1731,400866.8090,404222.0536,395508.7504,398301.9301,398218.6175,399565.0398,406700.8120,402668.7253,362246423.2656,362270768.8331,362267610.5168,362255604.9115,0.0000,0.0000,0.0000,0.0000,0.0000,0.0000,0.0000,0.0000,0.0000,0.0000,0.0000,0.0000,0.0000,0.0000,0.0000,0.0000,0.0000,0.0000,0.0000,0.0000,0.0000,0.0000,0.0000,0.0000,0.0000,0.0000,0.0000,0.0000,0.0000,0.0000,0.0000,0.0000,0.0000,0.0000,6661.2615,12514.1738,11929.0593,3297.0006,13386.1027,9813.9512,4470.3421,481.0862,9866.4338,4784.3921,6747.7353,9615.9613,11230.5776,12570.5118,4311.4375,7617.6786,8639.1979,13295.7593,7370.5752,2264.8123,12521.8688,402089.3522,405432.4442,396704.1962,399513.6737,399298.1521,400737.4106,407972.8048,403852.4789,362246335.0441,362270680.3578,362267522.1316,362255516.7117,13004.4546,11293.2019,8538.8068,10372.1655,9129.0829,7151.5002,6923.1398,10176.1070,6307.3577,7267.0193,13064.2140,13613.6927,8141.7590,4809.5241,9534.0422,9435.4360,9866.3733,11814.5078,6366.8277,8103.3388,407469.4944,410807.2964,402119.4341,404918.6322,404660.7163,406156.4903,413454.4701,409245.6900,362251783.8415,362276128.9605,362272970.8049,362260965.5215,10349.8137,12448.4894,6756.2963,7015.5413,10464.9948,12320.5145,6060.3554,10961.3678,9652.0424,6005.5678,5864.2689,9976.9128,11883.4736,12529.9209,12556.8494,7640.1138,7811.4155,13223.2660,10128.2176,402017.9246,405378.3008,396843.4582,399565.2111,399602.4673,400961.6836,408124.2751,403946.0799,362253393.6970,362277738.1889,362274580.4687,362262574.7684,10194.6003,9263.4782,13350.8602,13394.0675,12116.4552,13315.9765,13593.6304,13823.7049,10272.4108,7823.4678,8201.8432,13229.0450,6114.0763,4949.6151,8936.9862,11325.1154,10732.8797,7951.3643,409416.8627,412781.0488,404141.1485,406899.2796,406932.7398,408232.5971,415319.5713,411287.2368,362256282.4565,362280628.2844,362277469.8370,362265464.2001,13840.2133,11605.5795,7091.2483,3455.3151,11381.6658,7644.2449,9250.8985,8615.5827,9655.9802,13008.3337,7326.9369,5052.2918,6418.3451,13746.1778,6774.6595,2605.9803,12894.3841,402551.0764,405901.1626,397163.1641,399970.1261,399824.0590,401203.9278,408373.4669,404324.8466,362246730.7750,362271076.4422,362267918.0493,362255912.5405,7718.2632,11745.1725,13390.4575,8275.0801,11548.2480,10361.4569,11291.6835,10340.0818,4076.7373,11651.7470,12768.9899,12100.1093,1057.8124,12291.9892,13482.4538,4341.4438,408058.5190,411411.9818,402876.8305,405605.0360,405567.3183,406984.0385,414207.0380,409969.9047,362258071.5122,362282416.0812,362279258.2780,362267252.7505,6042.7925,9584.3450,1672.5470,5951.3272,3871.0300,9350.8277,10881.5814,9590.7873,6994.4047,13520.1347,13723.5634,8222.8817,8865.7915,11178.9138,9829.3965,401674.5255,405018.1461,396445.6100,399196.2662,399044.4173,400527.0897,407821.8765,403538.2530,362251075.7913,362275419.9387,362272262.3449,362260256.8799,4138.7076,6124.3311,1222.9230,2553.6843,9003.8300,11235.0572,11970.7698,2701.9736,10799.7146,11552.8571,11897.7080,6889.5390,6460.6946,12052.7345,400449.8771,403790.4914,395120.7075,397910.5051,397690.2862,399168.2010,406451.1709,402244.2843,362246789.5649,362271134.2550,362267976.3605,362255970.9429,9585.0113,4545.1514,6488.4049,9364.7619,11105.2450,12717.3792,4238.3560,7891.5809,8934.8426,13336.9856,7051.3145,2714.0549,12679.8738,401660.0386,405003.2243,396278.5004,399086.5767,398873.3085,400312.9801,407549.3137,403425.6307,362246107.4814,362270452.7467,362267294.5481,362255289.1208,6361.2137,4397.2000,8087.1413,9873.6746,10495.0278,7638.6488,13416.3073,13734.8794,8901.8905,7720.8596,11325.9864,10714.7310,400471.2860,403817.7667,395247.9057,397995.0577,397873.7557,399334.6669,406606.5420,402343.5783,362250317.2894,362274661.4510,362271503.8628,362259498.3434,2221.0764,9989.1214,12027.5321,11529.9578,1731.4432,11132.7875,11771.8917,11628.1793,8002.3053,6605.8073,11619.2700,401256.1473,404594.5432,395925.0605,398716.6606,398473.9294,399969.1741,407270.5860,403045.4275,362247339.3186,362271683.9756,362268526.0890,362256520.7113,9710.9568,11751.8934,10984.5927,3561.6149,12277.5368,12776.8396,10584.4103,8136.4980,8465.5586,11136.0649,400998.4771,404337.7230,395704.2256,398481.5952,398261.1084,399760.6152,407069.5419,402812.7549,362248337.3630,362272681.7676,362269524.0209,362257518.6208,3393.2507,13052.7053,10958.9911,9712.8006,10444.4540,11835.0476,2824.1890,10361.0154,13078.1034,399321.6592,402683.8088,394067.1852,396818.0962,396842.2264,398163.5518,405280.1207,401201.8351,362248630.7409,362272975.7441,362269817.7607,362257812.0228,11965.8454,12668.5282,8895.8508,9225.3995,10803.1012,5829.2051,11353.3168,11938.7297,401928.2492,405295.3706,396691.7093,399433.3069,399515.2084,400799.1931,407874.4218,403828.7488,362251414.3798,362275759.6237,362272601.5223,362260595.7423,11024.0402,11324.9213,10369.3552,3056.0218,13547.8248,12118.1515,362.2374,410795.1648,414145.3102,405562.0100,408311.4675,408217.6325,409649.4483,416884.6632,412667.8180,362258618.6106,362282963.5593,362279805.5305,362267800.0988,10558.3515,11105.6393,11573.8363,9024.0167,5754.3107,11079.6340,402676.0079,406013.0265,397328.0359,400126.6505,399863.9464,401365.1766,408671.2130,404452.1068,362247918.7261,362272263.5315,362269105.5561,362257100.2184,1595.1104,12477.8076,9289.4983,5921.3919,11099.4225,406546.7697,409904.1846,401181.1075,403976.1404,403910.7176,405237.1329,412347.6807,408347.7595,362250830.6318,362275176.6851,362272018.0997,362260012.5367,11717.8052,10302.2041,6889.2840,10113.0717,407988.7778,411346.8034,402634.3560,405424.9694,405368.6488,406694.4544,413804.6726,409798.0218,362252397.3299,362276743.4052,362273584.8060,362261579.2516,12725.0765,13250.8871,3326.5918,408922.3729,412275.0744,403730.3303,406462.8800,406412.6820,407833.4298,415059.8748,410825.8025,362258443.7260,362282788.3833,362279630.5270,362267625.0242,8478.1422,13570.5691,398561.7255,401918.4691,393267.9591,396036.3919,395990.7035,397345.9674,404497.5875,400407.2318,362246667.4906,362271012.5025,362267854.4966,362255848.8320,12006.4716,403916.6944,407261.4797,398518.8943,401332.2632,401128.9913,402550.1016,409763.6953,405674.7853,362247428.1201,362271773.7098,362268615.3359,362256609.9186,410964.1678,414314.6259,405727.2172,408477.9616,408385.5697,409813.8742,417044.9151,412834.9501,362258640.6706,362282985.6703,362279827.6145,362267822.1819,3489.6974,8664.4936,4844.3627,13743.1661,9603.3991,12848.5187,5647.7517,361920914.7695,361945236.9142,361942092.3280,361930081.5660,10852.5349,7090.6166,14031.5970,10199.8331,12004.9687,5017.8485,361917919.8113,361942241.7136,361939097.2590,361927086.4868,3931.6431,9512.6896,4922.1524,13442.4948,7519.4589,361921366.1908,361945689.2311,361942544.1236,361930533.5437,10924.5613,5691.0755,11770.0822,4899.3178,361920650.3232,361944973.0110,361941828.1143,361929817.4397,7567.1416,17898.1218,9857.7401,361916901.1076,361941223.5162,361938078.6771,361926068.3776,10924.5613,5374.5710,361916528.4138,361940851.3517,361937706.2931,361925695.7367,10358.3259,361911281.3606,361935604.6392,361932459.4837,361920448.5789,361916442.6524,361940764.9869,361937620.2733,361925609.6198,56672.0292,32436.8218,26288.2556,27197.5416,33893.7970,17883.8376,
10800.000,4947.7366,4499.6630,12743.0794,9854.4391,11158.2379,12932.4750,11089.7276,3818.2473,12179.4251,10221.7751,10641.5168,11780.5694,6793.7988,4188.5552,7089.2467,12298.7859,11388.0527,13085.9419,7633.5283,1877.5312,5230.6854,10070.9703,1883.0288,11764.1560,12192.0120,4095.2491,11978.1800,9682.9930,9743.7355,13075.3978,7257.9158,10523.4307,4157.7822,6849.9766,6518.4876,3890.9674,13211.0262,11677.4127,11150.3510,12680.2106,13662.8316,12566.2001,7094.1482,132.9310,10704.2251,11012.4171,11579.7746,11070.9483,4839.6857,6905.6554,7912.9149,12318.7325,11645.2116,12652.6001,9065.6721,12176.9845,5220.4289,11883.0443,13735.1984,8072.5428,3707.4164,12913.6624,10322.0145,9587.0504,10170.8629,7233.7280,13720.3008,12455.1719,4268.2913,3170.4656,6617.3513,12741.9936,1564.3671,12980.5305,13646.2118,10763.5625,0.0000,10270.7182,12593.2499,6064.2802,10574.2764,11873.9722,7966.1300,3071.1811,7891.7955,10327.5462,6684.8496,8399.3588,9750.0993,6388.3441,3544.8918,11127.6134,9827.3733,12310.5974,13798.3711,8690.0841,5156.7925,10668.5152,10373.0327,409070.0284,418135.5334,406904.0584,414410.2738,407793.6825,411913.2378,417099.1581,411425.6604,362255149.3484,362287309.8661,362282928.0290,362265920.5452,7452.1316,13384.9374,6903.0710,9195.6229,13795.5393,9978.0099,8172.4806,11279.5877,10568.7999,6761.2016,10759.4035,10583.5471,6476.4337,2982.7535,11377.3046,12297.6248,10596.4433,7474.9366,5542.0184,9391.1270,12441.6499,6224.9099,10201.0104,10756.2250,8359.2037,9997.1023,12243.8339,8741.4235,13726.0310,9114.0734,8578.4348,5713.8895,2127.5945,8282.3450,5219.1395,13576.1664,9077.0467,8197.6274,10113.0377,13288.1080,11759.8668,9287.7772,5060.4484,12974.0421,13257.9466,9348.2042,8196.4867,1879.7918,9540.1777,10201.0829,11832.3073,13297.5918,11719.2341,11926.7690,12658.9561,7055.1095,13544.3571,13307.3238,4151.0015,8202.3034,13413.5945,7537.8976,12242.8700,11713.5479,10764.9464,13009.7188,13700.3720,6732.5337,3169.6173,10411.2625,11504.0231,5352.2524,13757.8595,11873.3611,7054.1880,0.0000,7654.6477,12349.4419,9634.7434,11530.5656,8947.5405,11465.9064,3801.5455,3487.6101,7397.6871,7016.4026,4092.7247,8811.7479,4068.0768,7319.5637,13306.4921,5849.2362,11621.4785,12754.4347,11936.1920,1454.7266,8041.1276,12588.8985,407475.2031,416550.5312,405372.1680,412899.9849,406320.6797,410385.2954,415649.9492,409932.6243,362256448.2010,362288608.1678,362284226.6405,362267219.0782,10397.6307,9024.7792,9315.1353,11348.4108,8562.5983,3119.5551,9742.2606,6770.7883,11378.7068,9310.5293,5570.9989,7876.0533,9743.4278,9916.5239,12389.0062,13268.4953,10928.8030,5964.7578,4595.1651,7254.3099,2835.9782,9667.3387,10101.9144,2982.5352,10440.5578,6833.4837,7107.5972,11864.8267,9824.6156,12850.4289,8120.0278,8744.7470,2368.7988,7949.3038,11406.1095,10544.9471,10325.8892,13473.3985,13247.0912,13669.0408,9594.1185,4423.8993,8380.8137,9664.6681,10031.6799,10126.4562,6237.6141,2789.9337,9911.8078,13488.6753,9200.8021,13714.0889,6492.8032,12824.6404,8763.0228,9861.6975,12361.2718,10607.9312,4636.4635,10685.0957,9239.9161,6902.3608,11471.1274,4839.1474,12560.9030,11650.2271,7903.4509,7180.9893,4834.2852,13701.5165,2991.5626,12129.3514,13570.8503,12131.6909,0.0000,9021.2081,10118.6641,3070.2995,12112.6838,13181.2086,6859.7252,3944.2278,9926.2552,9399.4192,3707.7533,9314.9288,7064.6612,9827.6505,6545.9050,9403.0473,10290.0500,13555.0609,13517.3316,7129.5315,6739.9882,9423.5349,7544.4701,406789.3987,415870.4739,404608.5736,412097.9823,405547.6371,409634.5767,414718.3609,409114.1905,362252512.0436,362284672.8977,362280290.8813,362263283.2786,10002.3821,7988.6060,2727.0846,6801.4629,10826.0095,5141.9416,5953.3849,11480.3860,5846.5284,8977.6888,13050.9469,13489.2603,5032.7500,9323.1961,9062.0236,13312.9004,13000.6323,10092.0656,4901.7384,11753.2628,6829.8062,6188.2143,10622.2142,7093.8881,5462.0920,8108.3721,3649.9078,11951.7361,12399.7393,13454.8028,13066.1509,9147.9984,13528.9110,1776.4699,8624.9313,9474.1343,10130.8697,5965.5295,9691.2648,11977.5153,12679.4206,4498.5934,5514.7694,8094.9440,9419.7443,12778.2819,8330.4576,11353.5086,9736.0361,2756.7744,9642.6661,6223.5562,8455.2080,13130.0788,3166.4185,3646.4427,13414.6734,11344.3780,476.6106,9722.6638,5641.2414,10051.1032,8229.6682,4414.0474,5253.9354,13078.3021,13625.5987,8915.0247,9502.9224,11974.1718,4783.0910,7832.6991,11962.1181,0.0000,9532.5271,2930.4932,9042.0143,10403.9270,11269.2320,8362.5299,12306.0433,12992.8732,9908.3933,9907.8693,12317.8644,8027.5346,13824.6921,12445.1415,4806.4430,11569.6890,9945.3485,6716.3347,7465.9209,12812.9416,9312.2903,4473.1450,396832.6314,405894.7188,394623.2255,402111.8609,395492.0125,399633.7716,404750.2527,399117.2467,362243246.4574,362275406.6743,362271025.0120,362254017.3893,2830.1044,11387.9214,4423.3433,10996.8712,5836.9152,6792.9422,4198.9740,5184.1562,12207.7524,11534.0086,7165.3840,5935.4724,13154.1127,7261.3089,11623.1273,10775.9579,11819.5567,11230.9529,9890.4276,4138.7929,4851.5050,10969.5446,3951.8491,11313.7423,4027.2056,11478.0254,12716.1242,10234.5553,11141.5035,5587.1767,7889.9295,10821.4437,10334.9606,2666.0756,1792.4030,8038.5557,10945.0463,11486.8707,12941.3206,9897.3831,11809.8402,12748.9050,2841.7115,1592.1275,6084.1754,9407.5649,13298.8329,11904.8706,11200.3837,11283.4724,11583.7856,12670.0655,11918.4932,11747.3008,9585.0034,7305.2669,11674.8124,9941.5449,669.7889,11513.9236,13455.4766,11603.6750,9244.2558,12569.4715,11747.6646,9392.2799,11845.7666,10677.2199,9225.1925,12062.2450,8689.1661,6153.4157,0.0000,946.1862,7730.8785,10745.6906,13191.0430,7897.0714,12716.6783,7540.2511,5930.1107,509.2112,6072.3212,3686.6120,4146.3270,9197.6195,11862.5099,12408.8499,2881.5587,11681.7635,9937.3604,12578.4746,5906.2242,1232.5879,11134.0561,401332.3694,410427.6253,399248.5537,406772.3963,400275.5822,404279.6755,409491.7726,403814.9669,362252013.4795,362284173.2966,362279791.8634,362262784.1113,9819.2132,1923.8802,11364.1987,3210.5009,4923.3713,6187.1015,2506.4979,11940.4998,12829.6344,9529.6057,3332.8621,13097.5251,7312.8398,13037.8735,12092.7862,11917.1064,9877.5956,10757.3616,1399.6414,2239.8936,11257.6235,2044.0891,10067.3138,2781.3240,10081.4212,13524.2776,11519.3920,12640.2033,8137.6472,7643.1695,12400.0957,8525.5877,2033.4442,2551.9461,8573.9903,9980.2927,11635.3282,13700.6419,11170.0156,10458.1496,11687.8999,1008.0679,2262.7898,8209.8668,8845.1167,13813.7688,12048.6793,9537.5247,11427.8443,10559.8654,12405.1158,13189.6237,10221.8397,7917.7397,9594.8715,12206.6861,7936.1458,2244.4927,10335.5256,13581.6577,11072.6879,7727.8575,11500.8433,13002.7921,11248.3236,11534.4125,10824.2813,10290.7349,10891.5521,8193.2644,7938.4231,0.0000,1988.5656,5359.6427,10459.0431,13450.0351,8995.4729,12267.4659,9014.0178,8393.8709,2528.4607,6309.2981,6415.8143,2854.0838,11247.3805,12834.0230,11183.8723,5408.8085,11907.7055,9119.2566,11891.3572,8152.7075,1706.0382,9689.3069,399260.5764,408357.7441,397156.5826,404670.5777,398182.8676,402191.4438,407356.3989,401708.9916,362249439.5303,362281599.4722,362277217.9720,362260210.1851,8948.4437,11047.2038,7344.0969,8228.8864,11999.8127,8033.6962,8732.2508,12374.5387,13532.4957,7202.2884,7103.8382,8958.5189,12198.8531,12793.9470,9974.8602,5534.9835,12130.2732,8796.3725,8146.4367,10891.8517,8671.7778,6051.7943,10130.2583,1151.3080,10588.3690,11329.0932,12867.2021,13541.3081,10604.2240,13037.5354,1745.2054,10052.7409,10795.3206,9656.6781,4292.7801,7951.6729,10638.2017,12865.2630,4443.4156,4070.5020,9765.3444,10816.0311,13528.8475,9541.3787,9831.4225,7854.6217,3235.8624,7972.1953,6498.7423,6176.1203,12254.1074,2467.3840,3547.7209,13337.5405,11176.8344,2588.4511,11224.4147,6032.3365,8030.5525,8487.2267,4253.2171,2680.0537,12374.3410,13553.4764,8956.8422,8038.0154,12450.5840,2162.2758,7324.7516,11994.0837,0.0000,11104.4460,5277.5807,9644.2323,8376.7855,10811.3620,7781.5379,13071.5238,13236.2105,11343.7843,11477.1986,13085.9210,10063.5200,13443.4481,11909.6246,3754.3739,12395.8724,8161.1848,5672.5023,6971.6454,13500.2016,10876.5691,5204.6133,396968.3920,406012.3422,394741.3816,402232.8337,395543.0207,399736.0054,404898.4404,399229.7537,362242719.6309,362274879.6982,362270498.1129,362253490.5899,10668.6879,2155.5313,3131.2290,7845.2989,1286.1411,10972.3499,12948.5138,10638.4901,2388.6336,13003.6685,8407.9257,13557.8626,12092.3436,11114.1209,8439.9072,10374.7718,1492.5192,2080.6090,10510.9557,3030.1329,8642.2663,2041.9311,9412.0757,13539.2423,12434.3874,12901.8577,9266.9014,6626.6528,12702.3129,7680.7738,3796.0131,4415.5839,9697.8954,9923.7533,12078.1531,13641.5425,11079.7878,9142.3345,10668.4613,2730.0896,4141.1352,8823.5256,7602.5948,13640.6462,12396.1647,8198.0584,11908.2375,9235.4874,12344.9506,13359.2995,9040.9405,7546.1762,10802.3532,11656.2777,6838.8970,3928.0222,8955.7518,13405.6746,9910.1023,7569.4632,10824.8970,13087.6639,11684.8219,10498.6920,11400.3490,10047.4282,10316.6527,8860.9629,9427.6318,0.0000,3592.6632,4210.4781,9374.6530,13460.7666,10248.2015,11273.0857,9084.6312,9668.9286,4246.7627,5744.3659,7817.3802,2022.6709,12089.6782,12648.1956,10054.2076,7062.5902,12334.2416,9381.5494,10788.4714,8882.5733,3494.0908,8234.0797,399144.9693,408242.2024,397018.4745,404522.4263,398036.4443,402055.4856,407175.6667,401555.6549,362248400.6461,362280560.8129,362276179.1881,362259171.3999,11413.8378,8830.8427,12469.0349,11165.4377,3419.7250,5945.3968,10045.7793,11535.3823,10731.6304,13788.1122,9422.7046,4399.9230,1865.9878,7087.5710,2230.0149,11568.2140,11838.4644,341.2906,12072.3129,6590.8609,9559.0017,11435.1267,7582.5020,12140.4057,6520.7736,9697.3563,5164.9112,6533.0700,11562.5090,12284.1945,12092.3768,13682.4722,12892.3341,12794.0445,7221.4794,3688.4468,7838.7634,8450.9646,11918.4140,11965.4920,7613.2759,4344.2753,7492.6450,12431.1736,9106.3069,12919.9550,5848.4079,11503.9850,6773.9508,9424.2014,12671.0552,10833.1392,1656.5192,11101.5874,11276.8619,6458.6036,9446.4646,3683.2786,12894.0924,10644.7753,5873.4319,6644.8981,3031.1132,13111.8604,3188.2238,11401.2277,13812.5231,12709.2698,0.0000,11117.4621,11289.6990,2637.1079,10278.3278,13334.1383,4826.2281,5371.2965,10595.8900,11383.3707,6611.4782,10716.2404,9514.7702,9331.3599,4115.6965,8467.8990,11726.7968,12568.9335,13459.3277,5506.5585,7996.2280,11449.2078,7473.4945,407658.4812,416720.5492,405448.8424,412936.9364,406312.4992,410458.9833,415571.5432,409941.7099,362252110.2611,362284271.0993,362279889.0848,362262881.5999,3804.9178,8412.1879,880.7254,11083.8130,13485.1500,11547.1398,262.6755,12116.6444,7626.6320,13730.2266,12940.7287,11517.5955,7920.2144,11433.4896,1869.0533,1318.0340,11243.3701,2786.1143,8255.7365,4111.8057,7797.6730,13507.7901,12257.2328,13531.1730,10488.8193,7908.5056,13404.8135,5884.2766,4286.5123,5240.9429,9088.5898,8347.9345,11119.6135,13630.5204,12158.0795,8336.5731,9710.3108,3433.7495,5085.0495,10351.8768,8382.4606,13453.3106,11457.1601,7068.5713,10941.9576,8954.2412,11258.5766,13760.4666,7810.5382,5657.5730,11536.0066,12257.3803,5096.5012,5348.6420,8556.3666,12767.4432,10090.5561,5752.6204,9474.5112,13606.0355,12690.8696,10730.2148,10436.9313,11235.1353,8807.3794,7623.3721,9707.8059,0.0000,5110.2144,2284.6517,9944.9447,12798.4232,9979.8583,11103.1772,10568.2701,10605.4932,5596.7186,7469.1004,9074.9387,4073.2398,12791.6632,13202.3790,9072.8352,8067.5223,11435.1804,7883.4864,10480.8043,10353.7622,4824.8486,7621.0948,397456.6012,406545.7455,395315.3414,402818.1109,396300.4001,400345.7995,405475.4022,399845.8654,362246449.0737,362278609.1380,362274227.5685,362257219.8058,10131.4732,3472.7394,8830.1455,12373.1980,11754.2456,4024.4702,12710.9384,10474.0367,13741.1103,11300.2551,9144.3624,6006.8025,9042.4626,4445.2053,4647.7450,8600.1768,5803.2386,6130.2467,3134.7739,8979.2546,12953.7499,13501.7039,12543.0705,10470.7621,4629.7774,12404.5684,7353.6412,6711.2146,7203.2174,11565.7056,10447.0048,12812.9015,12918.6323,10177.5415,7040.7264,9031.8781,5736.5630,6938.9841,9257.2447,5059.9261,12802.3176,12931.1087,6406.5651,12725.2664,6784.1424,12282.2101,12886.2367,7490.6010,8122.0296,12109.6093,10026.7314,6204.1212,6481.6611,6500.8891,12802.8275,7481.5938,8436.2497,10029.6387,12453.5773,11614.8646,8229.4501,12417.7059,8965.9118,9861.9886,10488.6441,11442.3705,0.0000,6125.1464,4419.3517,7001.4508,13184.2595,12083.1678,9187.1925,8620.2416,11112.1920,6795.1452,4849.2012,9564.3149,3008.6797,12723.9364,11578.5408,8302.1773,9281.9752,12983.4915,10453.6499,8617.5587,9487.5650,6208.8361,5854.6245,400293.5106,409386.8086,398129.0309,405618.0597,399119.4722,403165.7891,408226.9226,402641.5833,362247766.6424,362279927.1938,362275545.3539,362258537.6007,8102.1966,13481.2328,10896.0491,5212.3738,8390.5402,11831.8739,5059.1720,9583.8531,10924.1473,13053.7130,13147.0844,11274.6925,7033.4928,7339.0229,12532.0481,5891.5321,13260.3840,7926.2544,11680.2819,11615.9117,7083.4142,10327.6994,4787.9051,10900.9247,10049.0781,11160.5242,4618.4967,3801.9711,5065.1241,10078.8063,9226.0832,12011.0481,10706.4952,13315.4966,13487.8949,5577.4437,4096.0322,7099.0551,12069.9281,12463.0494,9775.6348,12755.3543,8981.8291,13362.9233,11323.6087,10955.6661,12901.5592,9853.1488,4675.1196,12605.9782,11288.7008,4607.6269,13346.0860,12356.4981,13384.5634,9232.8376,12561.8059,11144.3941,8971.8053,13394.3143,8293.3315,10618.4802,11948.0030,7045.5081,2144.0998,0.0000,4975.8582,9732.5769,12807.4182,11683.8937,4338.0143,13783.5837,9140.8518,3831.0877,4277.9322,9356.1407,3271.3360,8026.7538,7268.1363,11916.5521,13413.8681,1803.1875,9409.9499,8737.8893,13797.2280,6595.2201,4852.5518,13056.0977,401238.4251,410314.5151,399167.9397,406708.9416,400136.4363,404179.3071,409503.0711,403749.9812,362252597.3985,362284756.7144,362280375.5528,362263367.9034,11094.7798,13306.5512,11165.9022,1111.1277,12509.4522,7867.9730,13680.2360,12639.4800,11409.7987,8171.1936,11052.4049,1294.4005,1221.4078,11000.1471,2633.7656,8454.5501,3287.6245,8487.3908,13560.2284,12316.4398,13310.1788,9978.1393,7425.3092,13152.5275,6644.9464,3903.7388,4766.7905,9278.1539,8995.4540,11508.2726,13678.0404,11764.3759,8709.1363,10150.4921,2928.8760,4563.7873,9745.3228,8105.5134,13574.8775,11845.4595,7565.9649,11330.4071,9115.3711,11725.7624,13635.0168,8354.1569,6433.0896,11217.2611,12068.0928,5835.1383,4678.1477,8763.0395,13066.8957,10069.7446,6485.7774,10064.7500,13436.4255,12309.3590,10691.2865,10815.3139,10797.9496,9455.5096,8078.9706,9532.7201,0.0000,4405.8549,3078.6289,9764.0840,13099.8213,10035.9425,11228.9196,10000.6267,10198.3585,4953.5174,6803.0446,8525.1622,3256.6329,12512.1507,13026.0930,9520.7818,7588.5416,11803.0454,8475.9295,10660.7844,9764.7768,4168.9519,7907.9854,398078.7070,407171.5417,395944.7022,403448.2718,396944.9930,400978.1004,406104.5665,400478.6433,362247238.8127,362279398.9097,362275017.3229,362258009.5469,7254.6416,11817.2198,11153.3778,8913.8515,13521.4529,9945.3628,6732.4128,1708.8082,4796.8840,5488.7528,11748.4293,11766.5223,3268.3946,12191.1805,4313.5693,10436.1497,9181.1140,7215.3970,12283.5193,8084.6520,11731.3960,6663.8839,8280.0456,9624.3887,12812.7194,12897.5644,13508.4316,11180.3786,11681.7929,6802.2536,6669.9651,5145.3517,5444.9520,12403.7557,12800.3808,10176.4237,4919.8888,6475.7999,11208.1394,6740.9075,11852.2111,3333.2473,9653.1323,7691.3380,6827.7601,11111.0825,12335.6638,3473.9499,9277.3602,12371.1983,4006.6646,7707.1969,1738.7530,11490.4146,8071.2627,7122.7893,8988.7605,941.9874,12173.9525,6352.1704,9051.1176,13003.3998,13528.9834,0.0000,12196.7809,10278.8924,2929.3563,8818.3580,13526.5771,1462.1603,8289.1820,12266.5342,12499.8258,8486.5636,12474.2164,10366.4026,10925.2535,5494.7695,5544.7683,13071.3116,11471.8493,12158.3091,2210.5504,10451.1855,12392.5318,5220.0858,405449.4102,414498.0123,403205.4342,410685.4872,404013.7035,408206.0109,413308.6301,407679.4222,362248884.8801,362281045.7027,362276663.6942,362259656.2530,6913.4643,13527.1019,8600.6506,12340.0002,4061.2870,2383.4467,6121.5158,10885.2235,5356.6621,13247.6292,13459.0034,6243.9583,13019.0277,10590.6773,12131.9476,12191.6929,3562.0705,7999.3156,1041.8511,7875.0352,9666.4946,1497.6672,12995.2348,12817.8051,12362.7238,11455.8203,12288.5365,10115.2268,3498.8020,4187.9323,10950.3338,10289.5579,12969.2147,12400.2925,7399.4535,9492.9409,4641.2634,9705.5863,11937.1031,10283.5901,9846.4548,9710.3557,1060.3382,11724.3752,13329.5413,7462.2319,4656.7549,13126.9511,12029.9820,10359.4685,7178.7966,8440.9248,13227.5154,11120.6333,283.0220,3535.7111,7620.8799,10595.5504,5494.4699,11726.5518,12627.5808,10196.0038,0.0000,12069.5251,13456.4983,8139.2694,7412.3240,10557.6913,7835.5613,6728.6653,8083.8739,11959.5482,9968.4960,9622.9260,12141.1179,4922.9899,2112.2607,10743.3161,10758.5486,9719.1977,12574.0907,8706.0798,7369.7755,12318.1750,11159.2592,408510.2056,417549.7871,406328.1631,413842.3068,407126.0139,411313.8213,416583.0350,410847.7933,362254133.3584,362286293.5203,362281911.8723,362264904.5246,11581.6081,11220.2343,8836.1886,6140.4093,7001.0961,10863.3222,13375.8811,8429.9249,10445.4034,10853.2696,10237.3742,9781.6141,13279.0637,9903.1241,13223.8339,8694.0931,6118.9153,6058.9099,2156.0066,10383.9003,5676.9841,13296.9434,8782.1586,7903.0759,7986.4206,12111.2155,9909.0362,9046.7482,7188.2303,13611.7719,13477.8048,9364.1058,8034.6534,4579.9739,11419.7501,9929.6187,10088.8262,13742.7815,9835.2445,12996.8920,11448.5919,7062.6219,13776.5625,12619.7617,1202.1830,9762.6965,13416.3257,7808.7534,13245.4388,10952.6732,12196.9058,12163.8074,13251.0629,7194.6405,4452.7061,11832.1085,9560.9228,7724.1254,13138.9051,10266.7700,4739.9840,0.0000,8043.3911,12500.3910,11419.4223,10423.7883,6543.3127,12401.4796,6548.2560,1489.5215,7569.8628,9156.3840,3862.0798,9983.4071,2538.7394,8352.6241,13635.8568,5085.5737,9782.6764,11357.5606,12826.9011,3988.5410,8256.2604,13461.6095,406062.9272,415126.9478,403970.4479,411509.2131,404886.9366,408971.8388,414306.6045,408541.7836,362255770.3316,362287929.9017,362283548.5916,362266541.0719,11999.3968,7455.5291,13703.5354,13027.3906,11607.8093,7964.3240,11569.3729,1972.1833,1315.6307,11367.2060,2737.6023,8312.7315,4347.3858,7635.3428,13487.8520,12166.1406,13575.4491,10562.0947,8111.3895,13455.5139,5716.2933,4289.4379,5270.0126,8935.9074,8140.2101,10957.8650,13617.8705,12277.4644,8334.2177,9659.3181,3483.3872,5130.5664,10485.2704,8550.8337,13427.0714,11303.8217,7034.2652,10776.9475,9012.0353,11114.2057,13782.8126,7745.2865,5430.4837,11544.4888,12351.7362,4965.7357,5450.9729,8606.7495,12686.5822,10184.8472,5517.2937,9345.4119,13647.8459,12770.5014,10819.2927,10266.6593,11376.8203,8649.8734,7412.9996,9651.6530,0.0000,5227.2333,2156.2677,10076.7769,12701.5994,9863.4875,11142.0682,10724.9107,10637.6159,5687.8398,7685.9976,9144.9696,4311.3394,12812.5817,13266.0522,9030.1132,8102.1106,11281.9110,7663.2182,10513.3577,10474.9239,4921.1624,7657.3273,397275.4567,406363.4935,395133.7529,402637.0639,396114.8770,400163.1650,405297.1756,399664.4303,362246289.4613,362278449.4983,362274067.9437,362257060.1850,9409.9687,7025.7613,10256.7452,9534.0571,9551.8285,11469.9181,12712.2847,12337.4272,10786.4351,12032.6479,9685.8027,13521.6081,6306.4789,5435.2835,7049.6096,9105.9428,12326.3268,12918.2727,9468.2456,8239.1228,12635.7620,12830.0236,8686.8805,5868.3217,4200.2051,5690.9525,11343.8239,8483.9290,6374.4166,12855.9429,12977.3758,12971.5725,11992.9880,4824.2378,3387.5545,8778.2979,4533.8569,9320.3745,1635.5786,7923.1642,7763.7640,8376.0865,10850.7995,9829.3757,9188.2985,13349.9161,9398.4412,1976.3388,9938.8103,8327.9634,4808.4622,8569.1388,10910.2135,9640.2687,5330.8221,11807.6417,5234.6894,8212.2287,10677.2630,0.0000,13395.8388,10913.5383,10994.0955,1568.5411,9011.3641,8006.9920,12781.9014,11593.3754,13302.5886,13567.6761,12839.6915,13501.4342,9966.4526,8979.5265,7145.1308,12662.9575,3849.4616,6972.2318,8100.7195,12779.1703,13277.7974,9558.8806,401032.6873,410044.2655,398808.3826,406318.8666,399503.5225,403771.5686,409078.6269,403308.7230,362246295.1753,362278454.8516,362274073.4696,362257066.1712,10290.6658,12974.0993,13697.1497,12147.1062,13359.1971,7188.1491,6856.1106,13794.0173,5637.4444,12450.9950,9520.0566,8345.4255,11552.7800,6695.5742,12106.7135,9069.5774,12577.5332,12040.4209,8080.7997,5645.7080,5899.2080,1837.9430,5914.9321,6024.6317,11985.6173,13108.8568,11805.1734,11501.2434,6455.4196,6213.4479,10939.0292,13028.3544,11961.8927,6782.5740,10853.8306,5685.8711,12695.7803,8315.6278,12096.7476,10669.0945,6175.7373,8036.0207,13760.5234,8705.9172,7279.5841,12501.6553,10661.1185,13500.8831,5355.3902,9572.0612,12521.4544,11791.5637,13636.0043,4805.3243,13028.5483,8589.0342,2187.5656,4694.1532,0.0000,7501.7334,7939.5901,13591.3236,9846.4141,3344.3997,13283.7868,12272.8215,7931.9229,7112.5488,11746.2795,7954.1003,9570.1674,9858.5374,13199.1600,11475.7953,6480.5895,6459.2564,4201.3570,13043.4260,10529.5565,7086.2223,11933.0993,397320.8640,406378.2120,395212.6208,402748.9677,396104.1412,400209.2135,405546.5963,399776.6187,362247888.0716,362280047.1992,362275666.1385,362258658.5455,6145.8823,9293.6834,12536.7840,8846.4315,13403.7832,13477.0594,9664.6008,12696.8242,12417.5045,13206.9284,11660.4178,3587.0357,4486.4378,3798.5000,7909.7381,12195.5896,4043.7921,12739.4121,12407.4776,11964.2042,8956.7334,10730.4601,7365.7416,4107.9134,7663.3534,12236.0043,11065.9184,12860.8438,12118.7491,8908.6565,12145.5594,5019.8672,7037.9704,12815.2528,7525.3048,11836.7050,7954.9080,3211.9216,12345.0616,12482.7860,6013.5797,8253.6616,13243.7350,12127.6443,12189.9862,6236.9245,11102.8778,12168.4520,10729.8552,4198.5608,5564.7450,10440.9029,7857.7167,8782.3445,11031.5756,10612.7963,8175.2527,0.0000,12276.2318,13652.4552,11110.5066,5670.0031,7895.4808,10055.1313,9294.5337,7243.9407,11968.8551,12104.0243,9415.7041,13236.4343,3894.9766,5950.9164,11631.9266,10106.6399,6919.5552,10746.8338,10706.5542,8596.0190,12375.2819,12690.9390,406417.5096,415444.2761,404255.3469,411785.0037,405021.0483,409227.1162,414590.0300,408792.4188,362253295.0210,362285454.6283,362281073.2851,362264065.9766,5249.0678,10409.5626,3237.7155,12616.1266,12949.7303,4721.0622,12642.5650,10042.6292,10966.6433,12806.3621,5644.8343,9565.1213,2502.3220,7328.6072,7961.2405,2380.3769,13254.3701,12387.5718,11885.0039,12348.2563,13232.1919,11666.2464,5477.6095,1873.2953,10800.1053,10677.3642,12396.9752,11856.6052,5991.3541,8018.7934,6422.5395,11336.0512,11821.4231,11792.8063,9328.3935,11215.8250,3440.3769,11858.7693,13734.8515,7842.9899,3533.8696,13138.1508,11264.6233,9873.9880,8896.1825,7586.8359,13691.7454,11944.2200,2438.7378,2805.8308,6817.0442,11988.1495,3297.8236,12539.9265,13412.0403,10675.3061,0.0000,11253.2427,13138.6786,6816.1068,9273.3409,11483.6507,7701.9715,4749.1452,8031.0634,11235.8610,8252.8660,9052.2717,10973.0255,5656.3826,2061.3432,10951.8717,10396.3127,11343.2587,13458.0146,8546.2431,6144.3314,11590.7226,10715.6173,409164.3982,418218.0247,406988.8791,414497.9065,407835.1244,411987.4239,417207.6701,411508.1779,362254884.6509,362287045.0458,362282663.2727,362265655.8566,6127.4931,3944.5529,11925.5443,12060.0618,1814.5513,12354.9054,5631.7739,10305.9825,10351.6096,6854.3166,11994.7975,6902.5406,10752.4865,6206.1479,7049.6589,10728.1444,12763.3896,12698.7224,13572.4287,12025.6794,12062.3423,6431.7041,5102.2777,6631.8688,6947.3434,12404.2603,12597.3579,9009.4961,4840.9780,6422.4410,11613.9918,8092.3286,12224.0322,4734.1011,10370.9508,6731.9553,8241.8134,12007.3909,11503.0966,1839.9111,10371.1799,12057.5696,5396.2694,8189.0916,2674.8339,12295.7580,9314.4396,5995.4101,7643.6032,1718.3806,12513.4150,4869.6770,10213.1039,13436.1667,13115.0156,0.0000,11900.7796,11025.3025,2717.4214,9185.3738,13376.1834,3064.4601,6984.6074,11423.6476,12165.6061,7855.4671,11704.9676,10250.2938,9924.4438,4207.6984,7067.0334,12524.5293,11820.1925,12819.1324,3886.5919,9317.3991,12160.3075,6538.7933,406799.6341,415852.0167,404569.9465,412054.5425,405394.7100,409572.6834,414687.9413,409052.4770,362250592.3959,362282753.2135,362278371.2079,362261363.7648,8645.6749,9187.9070,8967.6512,6820.4090,9853.7963,595.3042,8626.7636,6448.3456,10298.5275,13322.0408,11520.6778,12919.5639,6641.2782,11636.6084,6075.7798,10988.2325,11475.6320,12743.1777,9186.4449,11510.5243,10082.8465,9970.6494,1503.4431,3881.5534,10349.3107,11345.8225,11684.7164,4889.0133,9496.8533,11246.2126,2503.0877,11587.8870,1511.2039,9507.9839,11197.1110,3281.9334,8011.6317,13673.7685,7766.2682,5316.7262,11133.1369,841.6909,9289.2110,3731.1940,8631.7489,6299.7492,10834.4800,11908.8380,4579.4087,11710.0313,9184.8730,6896.0688,11274.0415,13579.2908,0.0000,10886.3563,6562.1543,4916.0775,10183.0930,13337.9552,4376.3004,10277.5900,13301.6516,11342.9805,8380.3306,12839.8689,8523.5774,13199.0987,9588.4810,3107.9467,12811.0036,11525.6495,10216.4908,3395.9872,11912.8792,10926.5741,460.5664,401055.5075,410115.1961,398814.9218,406289.7157,399664.2928,403826.2010,408885.9693,403287.4858,362245367.2947,362277528.0431,362273146.0828,362256138.5228,11223.5791,11626.8836,2440.9922,11651.6434,8211.6825,9015.7277,12425.2711,7856.5081,11515.6593,5595.0445,7932.6136,5061.5567,5433.6830,12423.4409,11562.3885,11178.1920,13173.0173,13432.3422,12934.4269,7609.5143,1774.3234,9434.0985,10044.8765,11294.5850,11054.2402,5638.2664,5190.4752,8184.6368,12667.5611,10453.6204,13023.0543,7605.1963,12191.2339,6338.6444,10812.2876,13204.8322,9357.0620,2856.5128,11980.5211,10261.5405,8140.0873,10271.2828,5651.3111,13300.5332,11840.2620,5374.2418,4929.4061,5125.9824,13116.9288,1001.1471,12426.5116,13733.7283,11596.2448,0.0000,10140.7982,11720.6868,4299.6354,10858.9106,12594.9783,6800.8349,3328.9543,9017.6366,10330.3537,5758.8606,9129.1395,8999.0585,7929.3481,4062.4817,10053.6360,10380.6904,12715.7077,13712.1916,7443.5201,6056.9481,10536.5532,8974.2053,408389.9372,417458.8276,406209.0971,413706.4056,407105.2545,411223.0347,416363.4938,410719.3121,362253921.9539,362286082.6575,362281700.7192,362264693.2070,895.8324,11434.3837,1620.3817,9445.9210,3268.1665,9113.3171,13624.6921,11799.5998,13152.6437,9215.0622,7893.7538,12961.5065,7399.2910,2659.9864,3543.3051,8603.8967,9189.8536,11346.2470,13788.1348,11762.3973,9687.0974,10958.6482,1654.3830,3341.5785,9256.7105,8803.3362,13774.2193,11750.3382,8595.7317,11141.4048,10032.3574,11915.9861,13559.6426,9291.9739,6843.2382,10447.7309,12407.6272,6762.9008,3588.2146,9729.1383,13306.6612,10827.7496,6732.6192,10681.8724,13401.1037,11999.5478,11368.2289,10555.3583,10866.7096,10013.2332,7720.9031,8592.9868,0.0000,3360.0375,4072.2327,10416.0228,13219.1491,9275.2695,11935.0423,9837.3463,9368.7491,3841.0836,6922.0650,7590.6287,3288.4465,11981.0998,13152.7312,10401.1388,6511.2338,11651.4507,8429.7105,11449.3642,9214.8611,3032.5586,8947.6563,398240.0742,407334.2974,396122.6565,403632.7304,397133.9261,401155.8707,406308.7291,400667.2855,362248056.4439,362280216.4073,362275834.8949,362258827.1128,11698.1554,1550.1560,9274.4919,4010.1115,8450.6411,13602.1135,11736.9206,13406.2877,9759.7603,8352.0055,13246.4964,6677.0476,3028.0703,4041.2789,8355.2582,8523.1179,10942.0328,13772.2870,12184.8425,9355.9948,10561.1457,2217.8302,3902.8332,9897.1988,9068.9822,13684.7076,11354.5415,8147.6985,10733.7490,9899.0426,11458.4214,13717.2185,8797.2135,6051.3177,10786.2807,12625.6806,6083.8924,4328.5888,9552.0011,13033.5720,10870.0141,5956.9702,10123.5792,13603.9417,12414.3016,11431.7878,10148.4417,11326.2512,9388.9724,7181.7124,8753.8909,0.0000,4139.7404,3383.6249,10608.2590,12937.5762,9182.7494,11843.4400,10428.7691,9800.5948,4547.6003,7567.4583,8176.4104,4013.2349,12287.2028,13362.2001,9997.5172,7015.1699,11272.8878,7785.5254,11304.1979,9839.0579,3765.8410,8693.7155,397556.0726,406646.8755,395432.0049,402941.4099,396429.1618,400462.4808,405618.5563,399973.5504,362247238.7241,362279398.6501,362275017.1577,362258009.3867,11973.0748,6316.5036,9413.9110,11309.8072,7789.6855,12301.0283,6821.6409,9845.9664,4957.2058,6833.8562,11398.0562,12220.5015,12054.5588,13731.2967,12834.8809,12856.2790,7429.0005,3967.0531,7609.3362,8301.4844,11827.6242,11921.0290,7743.8002,4045.8101,7655.5749,12498.3183,8878.8581,12979.2602,5585.9199,11527.9780,7057.1310,9226.8469,12546.1587,11015.5850,1926.3078,10907.4944,11231.0257,6193.4778,9532.1935,3405.1224,12787.6359,10546.5900,6173.0642,6919.7719,2803.7412,13164.5179,3370.9290,11302.2116,13792.3529,12809.4859,0.0000,11061.3005,11098.1238,2302.4432,10380.4462,13422.5821,4692.3746,5490.8478,10748.5287,11347.2769,6494.0041,10803.6038,9365.7744,9574.3500,4420.4683,8287.3351,11779.1609,12642.3272,13417.3817,5327.2524,8134.1003,11389.4176,7209.1808,407451.9688,416514.9078,405240.7855,412727.5896,406107.0434,410251.9462,415357.2787,409732.2596,362251866.8135,362284027.6738,362279645.6475,362262638.1549,10135.4489,4528.8395,8785.2321,13199.1406,10646.8939,12868.6529,8772.4581,8915.5597,12688.8352,7270.9539,1670.3589,2755.4769,7110.4202,8311.0815,10217.0383,13428.4309,11985.5551,10149.8464,11080.9045,1360.8257,2717.3146,9326.7439,9767.4195,13427.0906,10701.2111,9028.6053,9980.9276,10655.3364,11146.3071,13222.9520,9529.5755,6265.6431,9613.2890,12724.6648,6929.1038,3488.8787,10368.8600,12782.0975,11469.4246,5963.1690,10387.2175,13187.3870,11811.7225,11919.4710,9323.5183,11266.8160,9599.8275,6338.4338,7330.6964,0.0000,3433.0130,4522.4712,11156.0215,12534.3141,7854.3310,12288.3100,10207.6105,8642.5121,3609.1678,7879.5761,7079.7906,4571.4450,11343.8118,13161.7005,10628.2259,5725.9997,10555.1938,7305.5698,11850.8420,9177.2827,2943.3328,9608.5742,397862.2024,406950.2692,395752.0863,403269.3857,396745.1307,400778.5869,405974.6902,400304.0462,362248092.4286,362280252.1776,362275870.7821,362258863.0299,8691.8603,6927.6118,10124.9326,13393.6745,11242.2390,12814.8613,6343.0871,11357.0997,6618.2159,11207.8359,11645.8966,12996.4230,9607.1483,11746.6596,9882.7672,9579.0838,1893.1957,4096.2245,10569.1689,11509.7257,11472.7798,4490.1688,9330.4897,11460.6939,3083.7156,11832.9295,1011.2275,9734.4196,10939.8261,3791.7682,8511.9468,13622.8633,7301.8187,5872.4911,11240.7977,438.0108,9303.3956,3169.7849,9107.7704,6662.7783,10532.7114,11631.1202,4045.8701,11971.2547,8785.2202,7318.3384,11640.8480,13691.1297,0.0000,10992.1172,7009.9409,4383.8141,10236.0918,13520.2770,3997.0753,9962.6574,13252.8779,11449.5985,8176.8818,12815.5039,8589.3158,13054.5428,9215.7536,3410.9411,12874.0444,11737.4355,10623.2212,3063.1709,11723.0104,11062.2163,1048.0344,401638.6015,410698.5535,399397.0588,406871.1777,400246.8126,404408.6778,409464.9364,403868.7834,362245799.1862,362277959.9840,362273577.9960,362256570.4417,10617.2137,13231.1439,12624.6465,12038.1209,8296.9454,5167.2616,11785.4760,9093.1148,4676.3026,4825.3341,10560.1365,11234.3015,12874.5038,13291.4267,9739.8970,9548.8999,11159.9767,3764.3069,4496.6211,7345.4280,6593.4050,13434.1744,13126.0549,8955.1332,12733.1252,9145.6783,13088.6195,12677.6153,9847.3371,9153.8627,10280.8483,10671.2956,8218.1308,3712.8522,8995.5328,13645.8226,9346.4021,9176.6728,11728.8175,12275.8393,10546.6074,9863.1763,12279.9002,8599.7431,11409.2011,10185.7027,9587.3023,0.0000,3324.1238,5889.6316,8463.0635,13773.5038,10794.7770,10992.9066,7456.3091,9032.6090,4048.5091,3884.5619,7047.2647,129.8539,11385.7598,11746.9475,10585.2711,6761.8490,13055.5267,10756.6521,10652.4651,7504.3171,3559.0146,8522.0835,401088.5061,410189.6025,398965.8212,406468.7735,399997.9064,404006.2433,409114.8590,403503.8335,362250137.2862,362282297.6008,362277915.8941,362260908.1073,10198.5467,10559.1555,12655.1396,13390.2641,11238.9697,12841.4010,2240.7753,10087.4727,10795.9402,8925.3529,3254.2439,6934.8603,10301.5892,13014.7529,5312.0148,4487.3301,9924.3564,10855.1485,13608.8944,10257.3139,9486.0744,6848.1537,4289.6953,6957.1845,7270.1917,5225.1983,11980.4967,3414.6039,3294.9532,12940.9346,11425.3628,3414.9460,11349.0068,6869.7775,7447.7868,9115.0249,3851.4185,2226.6273,12198.6769,13443.6006,9484.7211,7049.5926,12716.8709,1217.5453,6586.5787,11496.8297,0.0000,11268.2955,5858.3296,10257.0573,7649.0600,10113.8554,8202.0185,13303.9881,12947.7747,11434.4707,11989.5875,12969.0985,10561.9462,13069.1519,11904.4199,4398.0951,12233.0607,7161.7344,4794.0717,7496.1397,13530.2718,11016.6459,6154.4702,396842.9481,405881.9352,394620.2305,402116.6432,395406.7834,399609.6240,404803.1801,399113.3212,362242826.2465,362274986.1694,362270604.6625,362253597.1651,7006.7934,4230.5302,9946.1976,11242.3149,4716.4019,11524.1926,13315.7823,13098.4929,10566.1729,10190.3335,7771.7050,607.6459,7224.7976,9872.0328,8466.3929,13512.3840,13189.4274,10036.0949,10579.8102,1504.9849,7154.4890,10808.9836,8030.7179,9392.8776,6800.4764,2767.0892,10236.9648,11873.5828,8791.8415,6185.0542,11967.7452,13118.0743,9813.7868,3837.1016,8659.0982,11799.0356,8760.1057,3466.1573,6692.2745,7908.2784,8586.6107,8200.6959,9455.9756,11294.4879,10546.4933,0.0000,13165.4762,12956.4114,9090.8434,4111.4383,10007.7545,7102.9339,9514.4639,9655.6672,13049.6891,11831.7283,11301.5432,13225.7419,6665.1922,4282.5935,9153.3446,11941.9212,7295.0193,10800.2424,7854.8162,9921.6184,13272.7012,10515.4404,406253.8286,415275.2823,404045.1108,411557.2425,404775.2404,409016.0191,414310.8142,408552.5825,362251206.4718,362283366.4530,362278984.9010,362261977.6208,7634.4691,7831.1674,13375.9098,7691.9859,11447.5610,10291.4048,9946.0119,5026.4596,8508.2481,4712.8724,7592.5081,10563.8528,12871.4530,11746.6170,11016.4793,10207.9784,9905.4840,13581.0374,7979.3226,4915.4351,12829.2823,4679.7663,13117.1888,7068.0712,7361.9562,12325.0818,10433.2201,5219.3373,11367.9604,12181.5363,10654.1646,13251.7373,7516.1049,13061.6102,9865.1037,10326.2274,8180.0872,8277.0394,12690.3761,4624.0101,11268.1767,10068.5127,7245.6259,5156.1255,0.0000,10892.7672,12301.0717,13150.4269,6368.6075,3906.4623,12157.9208,11081.8030,6428.1738,10431.0358,12847.7907,8431.8763,12673.3058,5415.1665,9625.3260,12182.8845,8312.9758,4502.2889,7896.6655,12456.4870,9421.2709,10802.3949,13322.0273,402657.3331,411687.6136,400527.7037,408069.2695,401320.5494,405500.1793,410910.6597,405085.4749,362251526.2034,362283685.3446,362279304.2638,362262296.8834,7108.4289,9852.9472,535.5182,13378.0413,12537.6717,12003.7431,11169.5570,12546.3049,10208.4592,4282.8057,4189.9184,11627.0085,11034.2882,12749.6445,12051.9124,6818.4527,9899.9345,5457.3253,9868.3885,12514.0046,10350.4144,10548.0033,10131.0469,1543.3323,12336.2760,13564.8203,6646.7545,5386.4252,13511.3626,11673.2612,11037.8172,7822.5118,9159.7889,13405.1797,11713.2157,1302.7146,2740.9971,8384.6507,10598.3019,5547.3364,12225.4168,12566.8632,9609.3105,0.0000,11738.7237,13658.3299,8721.3972,7897.9827,10142.6560,8707.9127,6446.0953,7306.1389,11579.0172,9916.4118,8963.1958,12058.2420,4014.1521,2972.4591,11455.5361,10177.3163,9827.0284,12682.2144,9536.4035,6735.4972,11998.4133,11776.1610,408676.2592,417718.6670,406508.1956,414026.9299,407320.6562,411495.2840,416779.6303,411036.3147,362254855.3246,362287015.4028,362282633.8019,362265626.4405,9094.4763,6668.4968,13117.1463,7646.9699,6673.5485,8636.4595,12559.7354,11076.5346,10218.3185,6949.8757,13364.9580,13628.4225,8107.8976,6731.4590,3002.3463,10448.0405,11033.2709,11299.8363,13412.6136,10973.5885,12630.3595,12439.8984,8255.9034,13643.7677,12519.4483,2986.0078,9771.8796,13029.2994,6253.8585,12846.7196,12076.0197,11815.3104,12114.1365,13641.9903,8144.3936,4932.9963,11576.4013,10612.3564,7092.5600,13490.9374,10601.4588,5240.7434,0.0000,6461.1475,11735.0854,10811.3616,11696.8129,7435.9944,12453.1183,5393.4064,1708.5827,6038.3648,7546.8036,2205.9859,8387.3278,4393.6082,8889.1161,13639.6529,3928.9304,11020.8354,11759.3053,12789.6129,2372.4763,6771.3106,12994.1135,405849.8163,414927.1060,403765.0050,411299.3048,404728.8248,408778.5510,414069.1131,408336.8971,362255845.1615,362288004.8930,362283623.4980,362266615.9021,9665.3020,10358.4308,9166.1773,9101.0478,13097.8043,12708.2756,13793.7854,11076.6645,6462.2711,7925.1589,9637.6183,8473.8831,8850.5665,6806.7526,2164.4449,11256.4158,13722.3593,8347.7773,13789.2387,6362.5588,13065.5031,10457.0274,9230.0898,11291.6505,11132.9817,6661.0969,9447.5866,7951.8405,6554.1905,12322.4108,5460.3383,11529.5844,11445.4703,9721.3612,8735.5130,5861.6388,13659.5737,5020.2464,11731.0278,12868.8433,11971.3586,0.0000,7662.1751,8464.4029,3974.9378,12892.7559,13035.5636,7694.2881,5102.4755,10225.7264,8179.9696,2299.0111,9093.2849,5102.2162,10923.4570,8519.4641,9170.9883,9733.3212,13777.5032,12871.4637,7628.3212,7269.6394,8036.5384,6820.2212,404887.9264,413977.8469,402716.0923,410203.8004,403690.0619,407750.0511,412810.7322,407224.5190,362251262.6706,362283423.4968,362279041.5003,362262033.8228,13484.6815,12302.1169,11732.3929,11126.1424,12704.6567,10409.3830,4781.4024,3937.6777,11796.8458,11297.5237,12518.5925,11775.9636,6348.7615,9825.0973,5938.5564,10107.6196,12647.9737,10534.7429,10687.1995,10437.9776,2069.3925,12515.2337,13635.8334,6331.1781,5503.6193,13585.8449,11366.0417,11170.6080,8242.5946,9275.2265,13463.0472,11977.7565,1759.0148,2215.1173,8525.6839,10739.9345,5297.6336,12453.4100,12585.5180,9393.7355,0.0000,11435.0785,13620.2451,8738.8899,8290.1458,10060.8379,8959.8242,6053.1050,6934.4910,11267.9674,9628.5623,8565.0604,11809.5811,3724.6416,3224.0912,11683.2917,9838.0902,10046.4395,12777.0286,9768.0742,6262.8483,11709.9347,11887.9494,408758.7917,417804.3261,406596.9783,414116.7075,407422.0865,411586.4969,416869.4390,411128.2725,362255176.3429,362287336.4193,362282954.8204,362265947.4428,8752.8239,9597.6642,9067.4035,4289.3815,8299.8791,11617.6496,13154.4032,5334.4253,5552.5745,8429.2161,9611.2112,13198.8435,9586.2980,10940.1940,8378.4811,3771.1272,8243.2139,7219.3050,7164.5698,12934.1505,3559.9255,2248.4544,13075.4800,11857.8500,1381.2471,10095.8606,6704.2243,9256.4483,9163.1291,3066.9716,4279.0829,13028.5413,13738.7651,9713.2015,8112.9790,12625.3589,3447.1634,6557.0822,11379.7199,0.0000,9969.8856,3779.3835,10068.4745,9445.2358,10335.5896,8867.0402,12946.5136,12815.2488,10228.2489,10970.3379,12392.8215,9030.7865,13534.9136,12619.1124,5089.0176,11525.3320,8595.8359,5179.1156,8052.4334,13154.4661,9690.1889,5688.9503,396219.2522,405272.8163,394011.8359,401506.7630,394852.5408,399013.8715,404173.8220,398510.4567,362242883.7836,362275043.7829,362270662.2388,362253654.6555,1142.6630,6923.0358,9330.1882,10581.6875,13576.9914,11702.9166,11348.0461,12204.0689,1104.0085,1161.0965,8461.5979,10299.2126,13723.8817,11101.7441,10380.2710,10332.7083,11634.4376,11844.8963,13046.9389,10857.9298,7659.0688,8616.9490,12903.2582,8469.6900,2245.9978,11424.3561,13300.1105,12171.0762,7256.8683,11539.3924,13013.1018,11219.6535,12529.4618,9632.7622,11049.7745,10794.8240,6871.8311,6347.7544,0.0000,2347.8976,6134.9980,11664.3809,12960.7907,7352.7357,13041.7195,9704.1147,7517.5916,2255.4231,7768.0036,5755.7932,4759.2899,10609.4765,13138.8055,11816.2058,4281.1796,10890.8617,8163.1893,12722.5093,8252.9819,1786.1223,10790.1786,398754.6316,407845.7814,396663.9801,404187.6396,397675.2185,401691.7553,406910.7135,401227.6545,362249615.7034,362281775.3664,362277394.0190,362260386.2590,6938.0837,9951.5502,10748.8723,13371.0789,11187.2533,11880.1108,12684.9374,1925.1699,366.7416,7625.3253,10385.2314,13620.7863,11260.9101,11047.6734,10505.4626,11995.0574,12143.0523,12618.0537,11509.7278,8532.4256,7777.0297,12679.2813,9336.2205,1561.0720,11845.5332,13391.5880,12323.6379,8101.6283,12102.3347,12573.2067,10520.6878,12610.2903,9812.2339,10589.0317,11422.9283,7365.7585,5714.5250,0.0000,1834.6001,7089.1505,11693.0275,13019.2735,7089.8237,13220.9137,9083.5104,6586.1488,1410.1770,7512.1286,4693.8402,4927.2535,9875.2145,12784.3413,12344.8376,3214.9945,11019.5023,8761.5410,12991.2236,7380.4930,1388.8850,11316.4666,399690.6897,408782.5132,397608.5210,405135.2997,398625.2617,402636.1925,407867.8245,402177.4658,362250738.7819,362282898.4253,362278517.0884,362261509.3352,6301.7177,5019.8338,11053.8590,12710.6433,12333.1800,11739.3412,7778.9728,7264.1928,10762.2278,13507.4693,11112.9429,5794.1965,11598.3550,4685.4089,13104.6844,7755.6893,11101.5948,11286.0013,7319.0773,7049.6441,13450.7160,9794.3886,8197.6307,12991.9183,9882.7591,13712.2157,6527.0702,9775.2823,11643.2525,11046.9542,13712.4527,3819.3411,12842.5095,8926.6099,3073.4890,3930.4199,0.0000,8452.3908,9321.7502,13812.8377,8908.1245,1774.5612,13275.7543,12174.7816,7282.6168,7988.3460,12293.2057,7893.4318,10614.3224,8740.2089,12550.5365,11856.1437,6681.8002,5381.1681,4770.6428,13169.9672,10298.0853,8119.7854,12579.6149,398425.1248,407473.8789,396316.3441,403857.0739,397179.3468,401304.7430,406677.6093,400882.5948,362248814.6567,362280973.6945,362276592.6801,362259585.1462,4511.2151,10474.7980,13630.3909,8210.8156,7176.3253,9520.3152,10115.7909,13493.6365,12154.9889,9837.0099,4748.3237,7252.9019,4417.1338,9850.7316,4328.7188,11908.9039,6514.0630,3191.3210,11556.7703,12695.0930,5579.3042,10874.5326,9549.4734,7533.1167,11323.2241,2956.2778,4384.0726,12348.4873,13266.6473,11530.6880,4307.4573,13541.2007,3169.7060,3885.1281,9537.1066,0.0000,10906.1438,6979.5621,12200.7037,7121.5679,7679.5153,10350.4605,13773.5945,11737.8593,10866.4953,12944.9635,12033.6421,11214.8977,12082.1899,12557.9402,7291.8730,11056.4788,4922.0785,1851.2252,9877.0605,13267.4979,10570.0961,8926.3393,396248.7813,405283.6680,394058.1763,401571.6002,394843.0291,399040.5716,404317.1769,398574.6569,362243706.6020,362275866.0859,362271484.8213,362254477.3387,8244.3512,12560.0315,10628.9879,9099.2047,11100.7178,10990.0514,12578.4517,13447.1631,7890.8798,866.0306,10297.2621,369.6242,11632.1537,3276.9373,9453.0774,9494.9361,7299.3834,9159.8540,12125.9453,9395.0938,11669.8636,11586.7242,5789.6923,12359.9763,6829.0713,6753.2156,10200.3287,11301.7576,12199.0197,1279.2116,12957.6882,6262.7976,5011.2732,7812.9267,0.0000,11815.9304,10361.7871,13029.8783,4646.7072,5564.2562,11035.3050,13195.0563,9906.7500,11544.6624,13783.8820,11136.1850,12886.6390,9326.7971,11052.9734,9569.9219,10507.0284,574.0035,4477.3796,11007.1784,12222.9176,11577.8602,11405.4608,399119.2689,408139.9445,396946.3889,404474.8672,397691.5705,401913.5879,407283.8163,401478.8002,362246847.3719,362279006.5816,362274625.4624,362257618.0898,7052.0701,9680.9119,8302.5479,13729.5054,13447.4698,10136.3776,10336.5138,1251.0579,7611.8885,10704.6481,8506.6922,9112.2028,7088.2698,2812.6105,10149.4080,12076.6433,9205.6915,5777.2462,12016.4720,13335.9134,9560.2761,3974.4065,8299.7090,12041.7578,8802.4801,3360.6661,6776.3579,7514.8265,9067.4856,8017.2367,9568.0805,11696.0598,11012.5111,0.0000,13367.1715,13047.1474,8757.3753,4434.2465,10523.9099,6708.5981,9460.4025,10015.2505,13280.9274,11766.9144,11590.3902,13281.4188,7029.2567,3947.2486,8992.1170,12269.9666,7775.5505,11148.9254,7508.3772,10058.7493,13488.9278,10320.6428,406525.8203,415547.5159,404311.1126,411820.4131,405039.6562,409282.8005,414564.5381,408814.4151,362251172.3839,362283332.4472,362278950.8496,362261943.5717,10605.4472,10917.3010,11596.2946,11106.3481,4934.3282,6815.4334,7857.5233,12306.5813,11559.0104,12648.6576,8956.0525,12136.9862,5220.7411,11797.1744,13698.4648,8163.6299,3580.4156,12853.3265,10359.1775,9481.0913,10118.1425,7113.1078,13691.3410,12384.2418,4260.2811,3276.1787,6492.4599,12743.5698,1515.0313,12919.2840,13649.2391,10829.1682,0.0000,10304.0395,12552.5908,5948.0512,10537.5873,11919.2752,7848.0013,3127.0710,7984.6046,10368.2293,6673.1949,8482.4012,9744.5048,6475.9272,3478.9320,11032.0607,9896.2920,12303.9534,13782.4021,8574.6573,5255.0744,10699.8999,10275.7329,409039.8642,418105.1288,406872.1965,414377.7914,407760.3994,411881.3029,417064.9190,411392.7308,362255052.6786,362287213.2079,362282831.3644,362265823.8815,2501.1735,10804.8963,11791.9349,12402.9175,6225.6331,8946.8337,10320.4706,1801.8364,10727.5476,2271.9836,8389.2628,11123.2464,2042.2159,7359.1688,13800.1467,8240.0255,4856.2548,11720.6240,1763.3674,8355.1578,4540.8197,8008.1506,4944.0942,10889.3137,12289.8354,5198.9807,10917.4807,9993.0330,5645.0616,10707.7535,13549.8264,0.0000,11507.9587,6696.2941,5971.0473,9260.2845,13021.6203,4315.8954,11140.2283,13569.5812,11903.4558,9538.7019,13309.8670,9453.3374,13288.0470,9783.0585,1643.2821,13180.3957,10643.4049,9434.3103,3263.5067,12570.7027,11492.4600,1424.1190,400367.5811,409418.5447,398118.7361,405595.1064,398936.0389,403122.3384,408205.2261,402588.8582,362244508.2841,362276668.9130,362272287.0165,362255279.4956,11861.7486,12664.5740,13036.0834,8004.7457,7359.3151,8652.5582,3395.5261,9261.5868,3944.3817,6414.2062,10236.7765,2483.8093,7328.9540,13533.9748,8356.4797,5699.9933,12736.0712,3792.3751,6281.7959,5639.5875,7887.5279,3141.3404,10205.5479,12190.9912,5904.1319,9625.6751,10641.4139,4269.4432,10185.6739,13325.0638,0.0000,12590.0568,7977.8376,7239.5055,7253.9131,12412.4643,4177.5282,11939.6295,13587.7413,12859.7906,11099.9475,13775.4713,11082.1956,12797.2108,9349.7835,960.3630,13636.2161,9047.1016,8669.3258,3409.9359,13118.2826,12536.9603,3882.0555,400392.7732,409427.9607,398134.5448,405616.0470,398895.6636,403123.7403,408258.5155,402603.7988,362244219.5894,362276380.0204,362271998.2285,362254990.7939,1734.5760,8538.8511,9603.3730,13835.7664,11570.1055,9816.2129,10870.8370,11050.9396,12085.5549,13257.6991,10402.1614,7564.6210,9306.4009,12655.3256,7983.8701,2280.3325,10816.2666,13458.2607,11633.0658,7278.3439,11408.0565,13150.7352,11424.1155,12060.9729,10216.9446,10819.4902,10709.5865,7436.9725,7300.6006,0.0000,2188.6615,5473.4886,11105.2989,13229.4907,8264.8326,12656.7092,9534.7998,8164.4015,2452.4795,7148.3141,6293.1693,3837.1099,11119.7054,13113.1433,11401.8925,5035.1316,11401.5614,8512.5166,12285.2905,8409.6077,1692.1689,10143.9998,398746.4269,407840.7193,396647.7338,404165.9367,397666.4286,401679.3024,406868.2309,401204.8620,362249254.5733,362281414.3769,362277032.9526,362260025.1755,7542.1178,10167.6707,13696.1644,11485.9654,10966.4196,10752.6824,11869.5439,12305.9289,12683.3226,11465.7613,8615.7014,7958.6090,12596.1150,9297.6458,1257.9640,11718.8817,13507.1572,12185.3371,8216.5567,12162.9509,12608.1324,10534.0662,12488.6485,10072.9254,10464.1667,11503.1311,7625.0268,6022.6044,0.0000,1501.1692,6995.3286,11524.6840,13169.7049,7417.4835,13147.2996,8945.0695,6733.4744,1163.9222,7240.7047,4758.5043,4600.5626,10005.4501,12768.7903,12303.5447,3381.8970,11255.4816,8968.4971,12909.9102,7324.5448,1030.1310,11188.8521,399782.7130,408876.1525,397699.4778,405224.7830,398721.2380,402728.8205,407950.9465,402267.1035,362250760.4848,362282920.1749,362278538.8126,362261531.0516,8325.6191,10935.8388,12662.9165,12686.6575,12525.1952,11237.8115,13247.7004,8114.6066,13101.5860,13081.3911,5643.9295,8020.8782,12851.2566,6662.1927,11527.2333,12403.5433,10069.7615,12860.6304,13730.1628,7622.5834,4301.9392,9845.3518,12271.2946,4682.4643,13784.6946,12165.6401,7872.0413,0.0000,6699.6079,11564.6958,8749.5818,12363.7066,9823.7987,11163.4414,2575.8924,4620.6562,6593.3318,5327.3277,4120.5397,7412.7778,5813.8997,7756.6843,12957.1413,5819.1939,12488.4080,12997.9712,11540.8900,632.6006,7166.8425,11828.5757,407139.9967,416224.6541,405034.6793,412555.8483,406013.8200,410057.0947,415275.1846,409590.2865,362256016.2232,362288176.3747,362283794.7485,362266787.1299,10321.0746,13266.6628,6959.7818,13487.9993,4408.6875,12223.2546,10211.9791,7808.2766,10879.9539,12094.1634,5825.9568,8687.6448,9442.7309,4667.1348,11301.8102,3476.9944,11241.6988,10208.5377,9490.3839,9368.0974,4056.9088,13477.8726,5546.4640,10681.1073,12969.4983,12893.5396,0.0000,9160.3916,8348.0848,2238.9463,12061.6324,13580.8241,5878.2902,6415.8211,11402.4432,9667.1530,4402.2337,10592.7416,6506.7030,11561.6224,8046.0533,7532.0123,11134.8342,13401.8736,12626.1075,5729.8249,8748.2577,9451.0684,5152.7509,404587.8659,413667.9268,402386.8106,409867.2493,403317.0953,407413.9617,412460.6068,406878.8592,362249825.6715,362281986.5978,362277604.5429,362260596.9161,7191.2146,9988.4072,8177.5284,8568.3912,6292.2101,4033.6634,9334.3444,11514.5369,10023.4627,6118.1139,11392.7269,13643.6495,8982.9014,2960.2490,8001.3764,11536.3162,7835.4839,4496.5650,7839.1916,7272.4209,8803.0162,8671.0174,8686.5932,11446.4130,11480.3498,0.0000,13657.7781,12668.5746,8712.7189,3716.4460,10773.5270,6125.5367,10181.9430,10788.7734,13606.8673,12101.7275,12245.5991,13414.8345,8042.9517,4743.6686,8115.0960,12782.3606,7431.0286,10689.2016,6853.5886,10871.3147,13744.1734,9720.7445,405675.6913,414693.9333,403448.4011,410953.8582,404161.6412,408418.0244,413689.4355,407944.2586,362249947.9125,362282107.9977,362277726.3876,362260719.1165,10114.6364,1232.6935,11288.3153,2619.0044,9008.8201,9255.8744,7596.6506,9404.0327,11689.4226,9467.9068,12101.2075,11272.4239,4986.6800,11976.3305,7208.5297,6392.8050,9770.5060,11146.3529,11774.0647,2127.0761,12748.4942,6060.4607,5734.2490,8367.5216,0.0000,12231.0549,10606.2379,12715.8001,3826.9381,6232.7439,10517.6979,13135.8231,10195.9340,11987.4976,13835.3965,11492.5539,13132.5965,9308.6691,10593.3064,9191.2488,10977.2648,520.6141,5011.4575,10527.5813,12331.9761,12020.5106,11164.8986,399584.3013,408601.7328,397401.1818,404926.8839,398131.6601,402366.2024,407730.0942,401927.6744,362246814.6449,362278973.9255,362274592.7656,362257585.4165,10343.2519,3786.6166,8344.4784,12071.2668,1273.4012,5897.2820,13829.7456,9584.0956,3136.1824,11028.4129,3173.9038,9032.6724,6018.8552,6617.6920,4683.8264,11910.4809,12984.6304,6727.1271,10418.5419,10882.1110,4968.2898,9663.3346,13094.4061,0.0000,10814.8104,5186.5966,7187.2683,9733.6301,12482.5571,5993.8397,11708.8598,13516.4506,11220.4423,9676.9054,13073.6263,8859.7523,13680.1560,10979.7182,2485.7364,12698.2611,10408.3942,8384.2692,4989.9853,12809.0332,10722.6025,2103.4169,398782.3039,407837.5887,396545.3521,404024.8996,397381.5920,401551.9982,406640.9629,401022.4120,362243702.3015,362275862.7936,362271480.9754,362254473.4119,11743.7315,3559.7607,9640.3821,9568.0115,7153.6662,9063.5457,12286.8379,9335.7218,11459.1704,11685.5179,6117.7094,12489.2287,6649.4374,6891.5253,10376.6027,11361.2839,12347.4460,914.2603,13022.9612,6339.2687,4687.5749,7578.4516,0.0000,11611.1522,10225.0584,13129.6544,4988.7655,5288.8096,11224.6506,13197.6511,9782.2834,11330.0451,13729.1770,10971.2761,12747.4542,9344.3802,11233.0955,9701.8428,10291.7656,907.8169,4245.9126,11179.1754,12161.1379,11361.3140,11472.8591,398924.6039,407946.9445,396755.9613,404285.4137,397508.2714,401724.3697,407095.8369,401290.7202,362246857.6057,362279016.7918,362274635.6864,362257628.3023,9534.2933,10200.6793,4248.3772,9048.4013,13374.3375,6452.0026,6604.2256,11567.3152,688.1364,8751.9117,2337.1276,9601.1442,6718.0903,9770.5798,11078.1388,3135.1373,11939.5416,8253.4583,7506.9861,11919.8084,13689.4220,0.0000,11335.3316,7784.4045,3810.1147,9755.6927,13525.0371,3018.1912,9622.2722,13082.1791,11757.8067,8262.5921,12804.4429,9049.7839,12605.0771,8389.7561,3463.0174,12982.9753,11573.8107,10902.1425,2139.9900,11494.4665,11433.6888,1961.5138,402477.5594,411533.8378,400232.5261,407707.2772,401068.2052,405240.8640,410306.5396,404703.1229,362246358.3307,362278519.1432,362274137.1452,362257129.6220,9090.7676,7316.6622,7055.4415,10979.2433,10783.9250,8252.5683,12804.6870,9498.9479,3553.1583,10448.3258,6964.2093,4144.2343,9710.1219,11651.7262,10293.5174,4288.4365,12462.8012,4176.5307,6887.4070,10234.1051,0.0000,12855.8186,9985.6764,11494.8221,3030.1106,8366.4080,8718.5616,13227.1200,11618.6838,12759.5331,13601.8174,12676.7894,13069.4902,10516.0227,10105.5542,7055.3236,12262.4630,3123.8471,5484.8472,8628.6411,13029.5743,12673.2238,9436.7516,399517.4067,408532.6194,397301.1676,404813.4673,398011.5694,402267.0973,407575.4848,401806.0477,362245383.7380,362277543.3122,362273161.9890,362256154.6517,11752.2260,13190.6343,7455.5848,5420.3348,13176.5769,12411.1580,10688.3469,6505.1465,8966.0205,13060.2241,10833.9579,1076.3209,4233.0343,8152.1494,10006.7478,6486.5990,11429.5003,12311.3164,10063.3574,0.0000,12471.2739,13639.1272,8838.3940,6638.2009,10202.0601,8093.9644,7640.2074,8249.8342,12324.3737,10751.8158,9967.3420,12688.0025,4881.1687,2877.7611,10761.8663,10991.5084,9024.0584,12214.6479,8945.8787,8021.4019,12679.8084,11451.5002,408133.4471,417166.9592,405949.1249,413465.5932,406726.5753,410929.2038,416220.2085,410469.1854,362253750.0604,362285910.1125,362281528.5236,362264521.2037,5663.6097,13790.8467,9687.6838,3407.7108,11612.2416,3741.7917,8108.4307,6418.4716,6369.1462,3484.7880,11687.0684,13045.2025,6987.5791,9723.4379,11271.0453,3907.2464,9311.2559,13035.9572,0.0000,11433.3539,5851.6125,7747.3606,8813.1688,12197.7449,5868.3269,12191.2233,13618.1555,11773.8394,10524.5225,13396.6506,9760.8749,13544.7015,10862.9198,1717.3232,13001.9897,9589.0209,7844.5203,4909.9593,13182.4195,11317.3593,2988.2827,398628.3944,407675.4819,396384.9598,403866.5098,397191.3816,401384.2633,406497.2202,400860.5265,362243350.8704,362275511.2663,362271129.4988,362254121.9781,12228.2463,12887.0163,3181.7283,9340.8039,8598.3680,9682.9744,10757.3942,864.3069,5411.7183,13402.7968,13779.5546,11216.4229,6821.2410,13261.7370,4223.4135,4553.0264,9999.8733,0.0000,9288.0819,4077.5164,11462.1355,9541.2603,8775.5837,10448.4197,13269.1465,11990.0902,9417.8349,11475.1416,11595.1415,9119.5707,13073.5632,13294.5507,7022.4577,10470.8275,7706.3635,3379.1235,9764.7074,12938.7571,8914.6558,7652.1222,395447.5766,404501.9926,393265.8518,400772.1640,394118.6932,398266.2431,403475.0116,397781.9103,362243327.1457,362275486.8515,362271105.4707,362254097.8742,10490.1855,13300.5039,7920.8372,13584.0677,10762.4612,12747.7136,11710.7223,13027.1511,7738.6185,5418.6624,12404.9946,8745.5755,8704.6867,12827.7814,9519.9458,3801.4376,0.0000,8190.4258,12434.6114,12101.9797,10096.4409,5508.9192,12797.3179,7606.9141,1579.4066,7655.0579,9922.2855,4145.6506,10362.9101,2867.4759,9004.6959,13717.8081,4959.1725,9056.7278,10701.3294,13178.3123,5042.4090,8324.4464,13729.0719,405225.7309,414285.8805,403136.5722,410678.8540,404042.3752,408134.0150,413491.9069,407711.3898,362255226.6905,362287386.1107,362283004.8831,362265997.3729,11580.4631,12005.1985,7087.4775,8361.7252,4430.6775,13066.4601,10385.4764,4533.6076,6119.2601,3533.7280,12568.0553,3769.0275,11217.5282,13730.8943,12566.7177,0.0000,11890.6239,12013.1438,3965.6506,9206.2242,13016.1081,4663.6548,6027.6176,10495.7761,12071.7359,7915.3510,11010.3643,10635.6762,8652.7931,2651.7798,8559.9559,12046.7434,11838.3755,13321.2609,5564.6898,8315.4952,12192.9291,8150.4246,408067.4409,417119.7852,405852.5147,413344.1557,406681.2037,410853.6672,415999.7055,410345.2659,362252278.7969,362284439.5258,362280057.5683,362263050.1433,9659.6265,6037.0762,10001.3103,8583.2335,3960.4124,5168.5267,13160.1136,13689.4371,9240.1343,9175.4001,12179.9905,4582.9764,7428.1581,11737.7471,0.0000,9484.6739,2868.7694,9387.2598,10295.5125,10978.2265,8645.4773,12466.7973,12897.7594,9834.0953,10126.0557,12247.8921,8142.8994,13771.0205,12593.2983,5045.3180,11442.5296,9668.9338,6297.0212,7771.0842,12862.8944,9240.3108,4895.7176,396562.9581,405624.1356,394356.6768,401847.3916,395223.4616,399366.0237,404493.3481,398853.2469,362243165.0904,362275325.2415,362270943.6155,362253935.9949,11460.3267,13706.6173,11695.3849,9019.2605,12537.1384,12236.7139,9975.3493,11991.5432,10837.2444,9628.4519,11991.5737,8637.9324,6574.6652,0.0000,399.0396,7332.6891,10873.6364,13460.2936,8190.5812,12846.5925,7995.3856,6570.5578,354.6312,6180.8666,4348.3319,3831.4368,9807.5659,12293.6891,12354.6107,3425.9817,11889.4733,9862.4342,12652.6678,6513.7940,599.6799,11013.7204,400788.8316,409885.9476,398704.1955,406226.5126,399737.5267,403737.2353,408939.2819,403269.4010,362251513.7074,362283673.5386,362279292.0987,362262284.3294,8968.1673,2990.7107,9186.7910,6468.0980,10292.9616,11522.6780,3813.0676,11855.2169,8744.8285,7190.7354,11665.3800,13711.6349,0.0000,11221.6298,7284.4388,4349.4001,9933.3301,13496.9316,3600.9434,10000.0707,13262.4133,11659.5814,8397.0511,12909.5975,8895.8745,12938.8606,8971.3127,3168.5796,12992.4791,11560.1659,10610.9293,2641.3153,11770.8370,11292.4197,1291.1558,401811.7070,410869.0041,399567.0720,407041.3848,400406.6936,404576.3970,409638.3760,404037.6181,362245824.8422,362277985.6318,362273603.6473,362256596.1099,8973.6755,9699.3740,5701.6923,7099.9095,9902.3750,8510.5024,6871.7509,10700.7184,6448.5228,9702.6090,11254.8807,0.0000,13733.0376,11659.3065,10005.1404,1407.9533,9941.0626,6889.5761,11942.1435,11532.9241,13669.1615,13126.6773,12877.1246,13622.2486,9399.5868,7406.7289,7126.6362,12985.5772,5363.5324,8605.9049,7217.9665,12267.5856,13696.5970,9391.3314,402878.9092,411890.6124,400646.4368,408153.0799,401338.1433,405610.4451,410899.9847,405140.9990,362247458.8776,362279618.7433,362275237.2550,362258229.9806,11195.3556,8365.2517,8347.3235,9623.9336,1014.9971,12708.9792,6426.2963,9214.0015,13018.8364,13695.9923,0.0000,11474.7888,9346.7326,1837.2565,10010.0291,13836.7481,2550.6507,8119.5233,12468.5916,11866.6407,7489.1938,12313.8325,9263.3673,11647.3805,6721.1678,5437.2500,12830.6417,12221.4071,12228.2012,2556.2651,10396.6630,11678.5659,4173.5341,404764.7094,413823.0433,402526.0967,410002.6044,403369.6058,407535.6855,412604.8877,407000.2496,362248493.1944,362280654.1091,362276272.0533,362259264.5488,5845.4783,13315.5125,13572.7276,11606.8908,6234.9639,13305.3001,4625.3694,3711.4780,9321.8609,0.0000,9001.0446,4470.5981,11824.4343,9437.1831,8032.1636,10871.5822,13209.4627,11495.9844,9067.8296,11562.9674,11149.2734,9154.3408,12679.5452,13325.8013,7640.8192,9955.0776,7268.0289,2706.3569,10250.0371,12679.4788,8604.1579,8291.2708,395473.9103,404528.1645,393302.1908,400813.1068,394158.1782,398301.4811,403530.9696,397825.1090,362243766.9422,362275926.5444,362271545.2209,362254537.6257,11084.5149,12904.9133,8561.8101,7253.4159,12260.6352,1356.1871,7902.6343,12137.6563,0.0000,12463.6288,7638.1103,9723.7210,6160.6048,10711.8603,6904.9502,13193.3217,13225.0988,12606.6524,12437.9375,13578.4182,11671.7728,12676.1282,10749.1903,3518.7091,13101.7969,6810.6923,6101.4452,6328.6821,13671.7127,12285.2405,6135.0363,398331.0584,407359.3102,396089.0653,403582.5086,396833.1307,401069.9761,406270.4592,400572.2653,362243273.5810,362275433.5925,362271052.0321,362254044.6099,3779.9411,7508.9399,10707.8744,5561.0574,11720.0300,12769.1074,10443.4360,0.0000,12270.5046,13539.3281,8080.2830,7377.7790,10768.4500,7695.2944,6879.1774,8359.2668,12171.3588,10084.7423,9881.0886,12282.4231,5198.9626,1942.3263,10671.3694,11008.0653,9798.0166,12673.7106,8584.6986,7606.4051,12518.3039,11115.5598,408582.7617,417621.3205,406396.9514,413909.9833,407189.9924,411381.9741,416648.1516,410914.3579,362254035.9391,362286196.1252,362281814.4634,362264807.1222,9011.4073,11395.9446,4399.0262,13240.1454,12644.5151,8688.7645,0.0000,10048.0993,13262.6377,8718.1937,9891.8762,9904.6324,9860.4287,4369.2599,5614.2655,9871.9979,8268.6823,6933.4757,10585.8106,3399.6911,4571.8893,12421.9879,8446.5783,11024.7371,13109.9501,10560.7660,4227.9523,10389.9487,12138.3499,408804.8187,417864.1667,406666.3781,414188.4229,407546.2923,411667.0916,416934.8094,411208.7230,362256143.0837,362288303.1813,362283921.5751,362266914.1213,12611.3168,5975.2377,9467.5354,13199.0229,13588.0224,0.0000,11795.3364,10036.3273,2025.7876,9569.4382,13731.3475,2219.6047,7855.9099,12219.1021,12138.7930,7785.5359,12249.7225,9789.5159,11105.9955,5825.3045,5860.0450,12870.0677,12016.3955,12433.3417,2658.6790,10162.7915,12015.1778,5015.4250,405508.8120,414563.4584,403269.9989,410748.7593,404100.4020,408275.9537,413361.6958,407745.3600,362249119.2745,362281280.1618,362276898.1194,362259890.6455,13057.8459,6575.8700,3894.3972,6932.8265,0.0000,11003.3393,9843.8322,13265.0451,5782.8762,4575.1500,11605.0185,13076.3498,9381.2914,10698.6599,13472.1798,10458.0871,12299.9574,9303.5423,11566.2408,9989.3853,9661.9618,1773.0868,3763.0222,11524.0545,11888.8274,10728.2066,11574.4276,398564.5585,407591.7833,396406.6791,403938.2314,397179.1803,401378.7834,406750.4925,400947.1724,362246990.9205,362279150.0661,362274768.9849,362257761.5701,12755.5657,13556.5134,11016.9215,0.0000,9523.3446,11707.5127,5006.9448,11176.7638,12190.5967,7620.7585,2351.9471,8273.3991,9682.7588,5308.5227,8309.1180,8595.8177,7432.0161,4549.4760,10626.2815,9644.3725,12756.5730,13685.7190,8212.7613,5124.3277,9943.9277,9482.4440,408393.2449,417465.9176,406226.1790,413727.4473,407140.0811,411242.4907,416393.5296,410744.4388,362254496.1836,362286656.8148,362282274.9178,362265267.3847,6796.0895,11556.1727,0.0000,11934.3672,6965.5384,10437.2542,6646.1303,10028.0082,7985.6470,13466.3553,12979.4491,12052.5010,12522.9289,13238.2487,11358.5977,12769.1190,11508.8565,4443.8626,12585.0642,6430.3927,4914.7553,7382.0425,13686.9983,11701.0598,6664.2404,397334.0414,406365.5119,395105.0386,402602.8047,395864.4450,400087.7912,405301.3673,399596.2679,362242997.3533,362275157.2314,362270775.7466,362253768.2952,6578.4097,0.0000,8783.5346,7297.6887,13397.8798,8950.4953,4785.4281,12542.5913,13139.5407,9545.2559,8538.9998,12405.6786,9663.7351,10209.5079,10898.7358,13307.8163,10187.5103,8320.0401,5530.3643,2075.0863,12199.4715,11816.5278,8362.8186,11024.0939,396314.9203,405363.9363,394179.4536,401709.0615,395032.4319,399170.4210,404492.9752,398728.3060,362245978.9539,362278138.1437,362273757.0465,362256749.4877,0.0000,6914.7112,10649.6991,13295.4266,10408.4288,2619.9995,13713.2067,9835.4640,3744.3271,6268.1597,10673.1767,4559.7158,9674.8150,6309.0783,11491.6605,13399.4084,3726.8831,7947.9243,8222.7797,13810.1221,7310.5400,6783.8550,13506.4148,401494.6992,410557.3601,399416.1164,406961.4076,400336.7194,404415.2337,409782.7668,403997.3115,362252541.7233,362284700.8844,362280319.8039,362263312.2310,0.0000,0.0000,0.0000,0.0000,0.0000,0.0000,0.0000,0.0000,0.0000,0.0000,0.0000,0.0000,0.0000,0.0000,0.0000,0.0000,0.0000,0.0000,0.0000,0.0000,0.0000,0.0000,0.0000,0.0000,0.0000,0.0000,0.0000,0.0000,0.0000,0.0000,0.0000,0.0000,0.0000,0.0000,7122.4584,10642.7258,13525.5634,8483.2052,12681.5691,7918.1531,6840.8631,751.3440,5905.5631,4617.9146,3443.3202,9997.4610,12264.3542,12185.3134,3787.5000,12034.1874,9943.1240,12470.1480,6587.4025,575.7166,10766.1467,400781.4188,409879.4659,398693.4898,406213.7978,399728.6589,403727.7343,408919.1286,403256.1489,362251364.1686,362283524.0506,362279142.5828,362262134.8085,9615.4794,11799.8742,10413.9574,10025.6580,11479.3443,11733.2396,7547.7492,8599.2755,10587.4059,5824.2889,13361.9144,13040.5987,7298.7497,9642.4546,10677.8505,6950.5643,9265.8307,11576.1054,6847.8317,6188.7830,396751.5530,405829.5912,394581.0143,402077.6768,395517.5379,399603.3658,404726.0680,399095.8848,362244718.0386,362276878.1502,362272496.5514,362255488.8416,10915.0985,13783.2401,4149.7816,6619.2035,11674.3901,11049.6521,6029.9936,11348.0591,8388.1358,11066.1511,6422.2330,6991.1051,12039.5983,12896.6482,12875.5833,4324.8138,9147.4873,10923.3244,5307.5678,405708.4258,414776.1177,403488.7056,410968.3307,404369.6406,408505.4983,413570.9523,407972.4818,362250026.2412,362282187.1885,362277805.1170,362260797.5736,8921.1994,8084.4221,12194.2581,10972.6158,13390.3515,13474.5172,12455.4853,13761.4522,8906.6626,7998.8181,8042.7657,12474.6357,4166.0218,7994.7165,8380.4105,12158.1769,13457.9959,10247.4083,402463.8049,411474.4299,400245.6794,407759.3576,400939.4784,405207.3361,410530.1953,404750.3597,362247730.9473,362279890.6218,362275509.2394,362258501.9651,13433.3079,11425.8357,5928.1039,7936.2459,12099.3966,6954.9900,10860.7304,7316.7726,11862.9608,12584.2409,6007.2190,5771.6082,6331.5545,13465.1511,9305.2908,8242.5259,13228.4282,400002.0398,409050.7661,397903.0373,405447.6744,398769.7802,402890.5626,408280.9465,402475.5020,362250520.9803,362282680.0075,362278298.9978,362261291.4826,9461.7355,12818.1223,12970.9948,9479.8323,13107.3000,10919.5199,11441.9554,6265.1880,4401.1477,13540.7622,10831.7173,11496.8635,1096.4815,11382.8206,12816.1351,4762.1976,404432.6009,413474.3892,402177.8004,409656.8049,402960.2850,407172.9007,412283.8093,406646.7308,362247622.5724,362279783.3234,362275401.3532,362258393.9353,6838.5293,8025.4135,4325.6205,6447.1933,7483.1842,6999.5314,6394.7540,11838.2567,7923.5757,13059.8760,13608.1778,9903.5941,3134.1401,8396.9248,10497.7806,407913.8584,416996.7747,405778.0726,413286.9794,406738.8019,410801.5026,415967.9157,410313.8054,362255374.6330,362287535.1089,362283153.3017,362266145.7042,6303.3820,8791.0406,2583.6889,9123.5617,3939.0599,9357.7912,13662.6711,3640.1982,9866.0818,10816.7944,13129.0233,3998.2301,7022.2885,13343.1629,404935.6198,414005.6503,402853.4757,410393.0982,403794.9185,407859.8317,413187.7188,407429.6549,362255230.8217,362287390.3402,362283009.0615,362266001.4934,6395.6561,4084.6982,4166.8101,9606.8081,12283.7486,12500.5132,3090.2368,11762.7989,9816.7594,12796.0365,6413.4948,838.7333,11226.4218,400848.6360,409944.8302,398766.6842,406290.7314,399797.9543,403798.5832,409010.0158,403334.0161,362251681.1851,362283840.9748,362279459.5574,362262451.7939,7287.7582,3869.7394,10172.6492,9248.2566,10660.8562,7975.1726,13804.6701,12777.7565,9453.0945,5769.6448,6365.8359,8485.3991,404777.7515,413874.9111,402637.7284,410135.3379,403647.9936,407675.7570,412767.1384,407165.1764,362252484.0196,362284644.6466,362280262.7629,362263255.0437,7155.0186,6244.9212,10464.8711,13669.0962,1893.2106,11194.1872,11026.3031,13267.4750,3628.2390,4880.5689,12842.8903,404021.0629,413106.0572,401948.2808,409482.9950,402944.1147,406968.3603,412247.2579,406525.4874,362254775.0767,362286934.7348,362282553.3844,362265545.7213,11444.8121,11735.8951,10500.8799,6873.3547,13067.1313,10756.3466,10571.1228,7577.5834,3670.4745,8418.0438,401066.4772,410167.4257,398942.1455,406444.4544,399973.1169,403982.5771,409088.6061,403479.0981,362250050.5672,362282210.8947,362277829.1808,362260821.3946,6720.4062,13115.9113,7372.6484,9061.4945,11633.8923,12025.4007,5377.7417,10198.3792,13339.2586,407120.8138,416170.8628,405002.5308,412538.3315,405861.5019,409992.6583,415339.5520,409561.3837,362255635.4729,362287795.0996,362283413.7527,362266406.3254,9744.1713,11588.6466,10686.7292,13047.5366,7216.4564,7888.0830,12541.6007,9918.8263,408631.9634,417675.1087,406430.6924,413934.1460,407233.0424,411421.5724,416636.7100,410936.0475,362253388.7902,362285549.2285,362281167.4284,362264160.0628,13485.9896,9561.5920,8716.1772,3476.7670,13062.0190,12129.5269,3045.1428,400034.6652,409075.4741,397779.5366,405259.1678,398560.6406,402773.8877,407889.9905,402249.0019,362244029.3971,362276189.8804,362271808.0616,362254800.5919,10657.5169,9859.3755,13568.5734,5373.6785,3842.1077,12746.8544,402153.8055,411238.8275,400084.9572,407621.3309,401083.5210,405104.8016,410391.4448,404664.8851,362253379.6135,362285539.1310,362281157.8599,362264150.1729,4992.4010,10854.1108,12136.7766,11819.6351,11442.4216,399617.6322,408636.3977,397441.6970,404969.8080,398179.3518,402407.3436,407779.4814,401972.5831,362247136.2221,362279295.4559,362274914.3224,362257906.9664,11073.9469,12712.5089,9556.5504,9950.6116,395999.9360,405041.2228,393835.3591,401356.7404,394651.3042,398821.5095,404121.6295,398367.3392,362244554.6175,362276713.9404,362272332.7672,362255325.2470,11757.2171,12572.9885,3768.4501,403452.9198,412496.7439,401196.3600,408673.2763,401985.7012,406193.6716,411291.8028,405663.3869,362246733.4521,362278894.2052,362274512.2353,362257504.7930,7029.0752,12043.0526,406910.1777,415993.1419,404809.0367,412333.0478,405784.2878,409829.4430,415063.3414,409368.0614,362256012.1917,362288172.2550,362283790.6772,362266783.0649,10784.8780,400243.6751,409340.6882,398155.9851,405677.0886,399187.9284,403189.2089,408386.0788,402719.2526,362250934.5258,362283094.3552,362278712.9166,362261705.1415,400609.1996,409669.4279,398370.2297,405845.4914,399222.1262,403381.8861,408442.7615,402843.7732,362245069.6122,362277230.3277,362272848.3861,362255840.8176,9447.4408,6012.9982,9157.2890,14678.8517,7450.8565,15892.8741,9288.8475,361919672.8924,361951810.1374,361947441.4959,361930428.7784,12187.5269,7843.8861,16184.1161,8064.6057,14211.0709,10547.2117,361911463.9201,361943600.5316,361939232.2419,361922219.5059,7802.0149,10183.0227,5516.2440,14009.3442,5654.0346,361918283.2185,361950421.0121,361946052.0586,361929039.4819,12233.4581,4361.9564,8103.8877,3464.7718,361911095.9841,361943233.6261,361938864.7624,361921852.0848,9073.0840,17964.8089,9691.7510,361913971.8300,361946109.3551,361941740.5294,361924728.3070,12233.4581,3831.0358,361913706.0351,361945843.3966,361941474.6811,361924462.1248,9352.7230,361906530.3720,361938668.8543,361934299.5341,361917286.7056,361912666.2632,361944804.1409,361940435.1415,361923422.5519,60123.1013,35944.0380,26558.8804,28355.7641,39236.8205,21977.3037,
14400.000,9389.8574,2443.4516,13376.1061,9286.0782,10186.7573,13233.4285,11290.2314,6291.6156,12305.8139,2435.2122,12053.0221,11672.5191,8024.7916,7408.7698,8439.3629,12471.6100,11417.1582,12031.4992,7481.7928,5255.0332,3074.2930,7773.2268,1765.2227,11720.8522,12144.8780,6093.3555,10666.6236,8143.8870,9604.6243,10394.3436,7736.6458,9637.9947,7448.4369,10585.8334,2417.8967,5500.6615,9864.3623,9968.5462,11234.3270,13395.7989,12143.7077,13376.9499,6633.8018,6642.4761,7309.7029,11641.6523,10714.1041,6312.3002,8070.6459,275.2369,8163.2431,12326.6632,7778.0116,13617.3428,4807.0715,12140.3806,5996.8944,11261.1942,10975.5124,8715.4040,2923.5594,11303.6894,10469.3859,4973.3488,10595.3927,5659.1719,11437.1374,10470.6442,7577.6607,2185.9983,4346.8967,13170.2002,2854.8941,10837.8021,12460.2139,10758.5532,0.0000,9164.5001,12415.1284,3452.7071,10603.6452,13289.6552,8469.2510,6574.2510,11831.3922,9498.7503,5691.6288,10462.2107,9898.6894,7950.3351,3650.8880,10890.4015,11201.9731,13444.4769,12433.5829,8622.2569,5354.7121,8282.9943,7873.7704,395933.8060,409812.8151,398033.3268,404961.0722,395767.6598,404579.6387,405473.1589,403092.4369,362242326.5818,362281943.7468,362275749.8265,362252002.7910,7646.7501,12367.2413,11504.5622,12291.2321,11850.0013,11322.2513,7697.4261,11985.9475,9553.4783,4637.8075,12500.8633,9363.5517,3343.7431,4985.7360,11711.4797,8292.6867,11145.1211,4289.4741,11727.5438,11261.0222,12473.4313,10106.6636,11472.5072,11595.3061,7974.7292,12892.6710,12846.3671,9509.3729,13705.5373,4551.4184,5501.3868,3166.0579,2038.2540,8363.8320,10574.4891,13776.8490,11888.5670,5727.7962,7565.1413,13296.3675,11123.8931,9087.1908,4501.0425,12919.7475,11493.9167,11852.9919,11429.8657,2014.3535,9547.8566,11384.8241,8966.7124,13377.7848,11747.2575,11630.2768,13044.7402,5798.7548,12915.1637,13606.9430,5010.3615,10976.9867,13684.9691,6423.7058,12325.8603,12423.7548,10557.6776,13457.0151,13797.2652,4059.8131,7640.3591,12076.6322,10076.9714,10452.8696,13778.4387,5030.8750,7921.9994,0.0000,11514.0205,13066.1988,11421.0202,10281.0425,8942.1170,10380.4172,3601.6174,4205.5817,10835.7959,8494.3201,3176.3839,10467.5584,2823.2083,10467.4873,12291.9294,4364.2487,11668.4659,12799.1357,11092.3719,8491.0712,11918.7752,12700.3028,398147.7349,412086.1669,400238.0635,407146.2384,398052.5057,406746.4102,407444.3919,405279.6793,362242388.7680,362282007.1149,362275812.4789,362252065.2678,13766.6213,10554.9164,11480.6567,13268.3419,12134.4715,4739.7096,13072.3416,4161.4076,10990.8156,12690.8114,7168.9142,5251.6083,7760.4927,13139.8554,10292.2876,12677.8595,5294.0526,6293.4700,5066.3915,8545.2469,4040.6760,12512.5399,12869.9935,4646.9581,11937.4902,9942.3170,10239.9230,11589.2284,5678.9616,7862.6288,5287.0247,9146.8668,3116.5683,5580.7473,11286.7293,11209.6311,10618.2415,12544.1610,13097.7794,13161.8580,5713.0099,4386.5058,8558.9250,11450.2669,11802.2890,8096.9769,6410.4457,2694.1390,8206.6399,11425.7570,9296.1330,13751.8753,6020.8717,12696.1386,3799.6278,11710.7223,12269.4338,8039.6912,4533.7577,12287.3019,10115.4828,6829.2143,10857.1196,5683.9809,12568.2136,11669.9332,5408.4801,1126.3745,6415.1837,12666.8867,5012.6113,12029.5023,11343.7981,10781.6987,0.0000,10456.6967,13229.1647,5753.6313,9987.9935,13082.3010,7985.3183,4421.7978,10673.6455,10540.7646,6382.8521,9304.4150,10769.1727,6520.7551,4294.8040,11057.1428,10249.0504,13451.1231,13292.9455,8447.9519,6098.0521,9846.2667,8772.0573,394906.4770,408797.7287,397000.2313,403917.5006,394746.0949,403536.9307,404379.4814,402052.3598,362240894.2816,362280511.6612,362274317.6085,362250570.5234,8654.4157,7611.8041,3138.5970,7110.0271,12789.2744,4889.6684,13059.6716,9719.7007,5408.6696,11256.1017,13112.0513,12216.2053,4882.5027,9251.5748,6225.0246,13191.3097,11473.4386,12116.6384,9757.9709,12812.8191,6443.5896,5669.5024,12783.9710,5768.2701,9072.0035,9926.7380,5937.8842,12641.1142,11678.0396,13255.2857,11334.2143,13480.0939,11977.2031,6636.2638,8148.1102,10126.7697,7030.4551,3298.0638,4066.4998,12097.9558,13411.9176,9731.0411,6925.5763,7425.1721,11022.9620,12973.5978,13252.3412,10233.4975,7858.4118,9072.4625,1461.8486,11518.8785,3742.7123,13408.6991,6053.0395,5335.2825,12145.5220,12452.4660,4829.3586,10571.1204,11150.7940,7396.6556,11944.8032,4368.6147,5972.2599,13089.5035,13757.4038,11485.1912,5405.3848,12401.5690,5364.6440,9292.3517,9722.3941,0.0000,9129.3237,2478.4323,12050.3388,9025.3210,6179.8279,10641.5857,13486.3280,9777.3879,9311.2434,12575.2097,11380.2085,9151.4784,12957.5566,12528.8618,7218.7887,10575.6358,2743.4726,3443.8691,10155.0106,12523.2638,9588.7831,9546.9998,404298.5397,418278.6439,406495.0409,413592.3973,404497.9461,413044.7313,413975.0158,411632.1141,362253500.1824,362293117.8949,362286923.6229,362263176.3627,1536.1584,10735.8228,2857.7922,12779.4777,4664.3875,7515.4398,10396.0644,3842.0083,12997.7809,12179.2697,8095.7040,4946.3186,13449.1826,4173.0800,12721.6312,10447.6473,8776.3374,10826.6173,7898.6303,3500.9337,4251.7200,12698.4775,3930.4315,3429.2091,3399.9437,7926.1447,12704.6660,13459.3150,12154.3349,10976.5739,8383.0009,11682.9332,6919.5586,827.1808,8237.3796,11408.6146,6576.6658,11347.9197,12682.4090,12311.5213,9697.2250,12308.3350,1831.1458,3758.9950,10716.9670,9129.4548,12134.4597,13058.7723,8513.7463,9558.8404,10055.9759,9690.0380,12423.5769,10870.7296,5615.4116,8110.5743,9646.8526,8458.9333,7127.2077,8536.3646,11586.1428,11780.3765,6202.0757,8004.0176,12640.5844,9869.6527,8042.1806,11928.5760,6952.2034,7479.0585,11021.1924,5757.4426,0.0000,493.0225,7109.9143,7220.7365,13120.6556,8153.3069,12837.6962,11600.4022,10681.9318,1509.2551,5998.6823,9891.4245,2182.6630,10081.1972,10761.2754,11762.5907,9457.2317,10544.7896,5780.2089,12498.0214,6040.6127,1657.5233,10530.0474,404993.1808,418889.2727,407113.7255,414076.4518,404894.5834,413663.6308,414575.5444,412189.9075,362250823.7330,362290441.3219,362284247.1593,362260500.1637,9915.0873,2537.1852,13260.1023,3641.6599,8627.1782,10812.8695,2527.4921,13127.1438,12958.4466,9266.6893,4050.3337,13364.9542,3676.8443,13421.4822,10612.8454,9285.9174,10605.4811,8821.7502,2906.5059,3474.1770,13170.6044,2586.3299,3366.5236,4587.4797,7000.2422,13311.1304,13814.9489,12964.9146,11647.0567,9547.0623,11936.9159,6027.6234,870.7312,8927.1956,11255.5892,5284.4945,10658.2084,12979.5150,13089.9451,9471.9655,11790.3314,1225.7692,4820.6646,11699.5584,10012.8576,12020.4350,12806.1813,8153.7877,8664.2501,10273.3901,8729.3206,13138.0906,10138.5733,4365.1667,9262.7119,10154.3953,7433.4788,8030.4910,8733.9611,11039.8805,12021.9588,4937.1393,7069.9805,13340.6068,10897.1598,8395.0358,11418.5373,7897.2676,6430.7998,11300.1756,6571.2012,0.0000,1986.6977,5876.7460,7903.4970,12893.0969,7962.2300,12819.6780,12512.1413,11093.6093,2803.9424,7430.0736,10685.4398,3234.3121,11141.2560,11209.2770,11207.6230,10130.5574,9724.5132,4493.5922,12377.7173,7447.1809,2597.6159,10264.8474,405520.3239,419426.2043,407656.1308,414646.0324,405470.0617,414209.9648,415145.0915,412745.5481,362252060.5424,362291678.0779,362285483.9434,362261736.9250,9584.9444,11246.8773,7675.1398,13479.2553,9826.8864,8087.1827,9253.1740,12130.3110,12892.9261,7638.0998,6769.1346,8779.5682,11969.4201,10673.2825,11996.9222,8611.7855,13053.4539,9020.9855,8343.8150,11262.8747,8024.1260,10675.9762,11782.1384,6455.9793,11275.6165,9858.4399,12337.1728,11081.6261,13702.2838,10698.7338,7571.7178,10398.5534,11060.8789,6315.8830,5636.7194,1362.3080,10412.3461,12355.8508,9155.8856,4205.1323,9846.8034,12371.0660,12739.8494,13139.8075,8451.4805,5273.6022,9044.8356,2316.8782,10866.0608,3090.3391,12221.4565,4409.6915,7245.6760,12854.2631,12060.1996,5264.1880,11756.8489,11096.1850,5411.2026,10620.5591,6328.6277,6482.7354,11889.7083,13512.0243,11615.1662,2915.3418,12897.9223,6305.4031,9081.0626,11325.9570,0.0000,11176.0710,4880.7885,12466.2980,6441.6472,7647.9312,8582.6929,12782.2221,9664.0742,11367.1469,13540.2304,11624.2804,11231.4443,12967.1358,11710.4678,5055.3562,11052.8292,764.2370,6287.0030,8168.7498,13435.5250,11419.5264,8541.7836,401623.8159,415619.8074,403831.8339,410950.0394,401875.5563,410379.3078,411303.7398,408977.7112,362251679.1018,362291296.7512,362285102.5055,362261355.1698,13668.8991,2454.6430,9737.0692,9084.8880,2551.7669,13623.1653,12615.3735,8323.2364,2517.3228,12998.1951,1393.8168,13195.5244,12063.3645,10874.9355,11935.5544,10145.1608,793.5355,1678.1104,13647.7082,4063.0105,5752.8702,3654.1283,8412.2059,13085.7035,13416.9560,12592.5572,10318.8516,10315.9990,13015.4998,7761.4052,2313.4211,7098.5004,9772.4258,5797.5307,10113.3866,13604.7121,12975.7640,11087.6977,12009.9592,1335.2803,6499.5801,10956.8291,11164.7630,12947.9816,12284.8318,9970.9470,7932.0183,11766.7603,9194.5592,13271.4691,10853.9909,5800.3472,8238.8890,11608.4068,8485.4577,6383.6068,10540.0380,11775.3894,13077.8317,5972.4162,8486.8963,13073.6217,11544.6840,10215.2785,10738.9295,9330.4918,7770.5455,9633.7981,4757.3896,0.0000,3183.1621,6111.0776,9619.4838,13105.6420,5839.7478,13456.6242,12256.5662,9476.4258,2818.1279,7792.9215,9238.2835,2511.5640,10382.7610,12440.1147,11831.9949,8443.0584,9215.3639,4373.5456,13153.7556,7890.1709,4494.6100,11663.6387,406522.9835,420441.9994,408653.5188,415633.2427,406479.8164,415197.5862,416080.0336,413736.1442,362252303.3898,362291921.2609,362285726.9255,362261979.8736,13803.6341,8257.9389,10783.2174,13643.8999,3046.5242,4711.7242,10159.0783,13819.7638,6608.6352,13791.9701,3812.6019,6037.9658,7085.5478,7067.8882,7698.6072,13785.1030,13842.2930,372.5723,12876.5683,11981.9749,12730.5627,11170.3930,3472.8089,4528.4990,5010.9280,9131.5687,7536.2292,3934.9795,11460.3950,13215.0986,11736.8433,10900.0569,12990.5689,10877.3568,1871.4324,3771.5795,8067.2679,8389.9641,13519.9678,11193.4407,7665.1713,6414.8568,5404.9129,8136.3319,9372.7927,12398.6218,6209.2117,11163.0915,2496.3045,9616.5757,12695.4954,10357.1884,6174.6126,11490.6756,11900.8103,8035.5947,8325.7026,3861.1539,12661.7445,11237.0639,3997.3039,5761.5459,8241.5595,10094.3130,8553.6295,11747.6431,10584.5395,12638.8445,0.0000,12855.3556,12867.9351,8636.4993,6227.8672,13068.4126,4312.0970,5226.3273,10244.1942,12972.8482,10165.3332,10114.8808,13077.2789,8301.9802,4671.9165,8390.6346,10942.9990,11568.5612,13504.0049,5223.4848,9906.6819,12384.1561,7510.4291,393034.1183,406970.4855,395166.3513,402152.4505,393027.2390,401702.6544,402550.9490,400249.5161,362240946.7967,362280564.1804,362274370.1043,362250622.8698,11124.7187,9307.4403,1483.8596,13230.1113,13193.4961,9889.2310,577.3348,12124.7823,1738.6788,13624.8709,12078.6811,11476.6048,11371.5242,11284.7501,1712.1032,952.9708,13782.8504,3392.1226,6502.8365,5929.4069,7221.7162,13359.1048,13246.9220,13225.9563,10865.0305,11710.8281,12991.8682,6894.4283,3984.7071,8091.5105,8851.9879,3877.9443,8338.8287,13500.7476,13552.6991,10689.6706,10624.8767,2976.2081,8051.7832,11976.3123,12168.9288,12340.5460,11141.5414,9574.4849,5856.6147,11883.6702,7388.7025,13755.2341,9385.5998,4653.2019,9796.5611,12130.8555,6951.8345,7848.8991,10821.2822,10531.1604,13026.6959,4450.0603,7284.3340,13504.3522,12663.9220,10727.2803,9206.6012,10557.4735,6459.9797,9542.2797,6407.8628,0.0000,5112.0360,4032.2950,10564.6713,12116.8724,5257.8374,12883.1149,13080.0187,9635.2733,5101.9674,9686.2381,10118.4769,4884.1102,11576.0860,12770.8199,10532.3020,9213.7643,7271.9326,2188.1123,12480.6294,9730.5609,6062.8583,11082.4437,406567.8614,420508.1429,408723.3037,415747.3741,406612.3470,415270.8186,416176.7345,413826.8088,362253542.0505,362293159.8760,362286965.5584,362263218.4432,11650.9966,10448.6349,9849.6337,8361.8735,7306.7182,11298.1388,12560.3181,10650.9460,8723.5042,6830.9689,4107.9352,9049.2444,1398.6063,10279.3286,10835.8490,8108.1459,9613.9821,6813.5946,7709.0550,10385.8037,9032.0572,10904.0248,8327.8578,10439.6028,1590.7852,7509.3386,9606.0308,8275.7880,10211.0831,13416.9719,11547.5844,13712.8345,8642.1801,7881.4760,8239.5597,12626.7710,9115.9554,4349.1678,8022.6833,2358.9670,9786.8598,13212.8065,8200.5070,13454.7332,6306.8099,12365.7962,7599.5993,11960.7548,10275.7428,7572.0057,4569.0358,11325.5622,9146.5702,5640.5502,11611.9045,7665.4791,10847.7942,10467.8653,8761.5030,3288.3594,4742.1642,13642.7605,1501.8412,10647.5847,12258.0859,9231.1020,0.0000,7302.9340,11911.6562,3015.3391,11968.5372,12458.2627,10205.5302,7340.8683,11570.8181,7584.5101,3591.0998,9896.5223,8032.3728,7604.1762,5728.3723,11898.0087,10494.6830,13582.5338,11572.7508,10254.4419,3252.8635,6457.8262,9027.6512,398136.0237,412004.4922,400225.1492,407133.6682,397930.6588,406770.3855,407656.2753,405275.3824,362243661.8939,362283279.1764,362277085.1945,362253338.2103,10281.3140,11373.9801,7519.6743,5949.7070,8873.5787,8673.7677,8422.7208,8226.1405,13485.7936,13142.2196,13462.3051,12204.4787,9002.7672,8904.8249,11013.9975,11292.2786,12481.0503,8317.6007,12900.6372,8111.0245,7857.8446,7450.3529,2651.4577,10936.4548,12802.0246,13064.9135,10482.2342,3237.3171,4420.1349,11255.6801,9084.8480,11605.7408,8558.0066,13765.7137,11111.0415,10029.9909,11832.9713,5842.0443,12122.6937,12715.7440,8371.8963,13796.2436,9002.8575,13399.3440,11616.9150,9574.5639,12325.8392,12151.0722,5760.5453,13137.0622,12530.4749,4867.3845,13655.0266,12392.7667,12775.5030,11790.4178,12987.8788,7999.1103,10826.2141,13485.3332,8260.4053,12172.3529,12687.5225,1297.1088,5919.5609,0.0000,10526.2933,10890.2162,12956.4972,10891.3401,4918.2367,11965.6217,7849.1814,710.0065,9661.7481,9775.2341,2836.6654,9044.9809,5934.0525,12879.9363,12164.1353,2087.6710,9377.8836,10357.0394,12391.9654,9859.5062,11402.1662,13560.4588,402163.0944,416123.8842,404275.0166,411220.3530,402147.9254,410784.1818,411489.7041,409333.8263,362246629.7536,362286248.3449,362280053.5618,362256306.3209,13062.5129,13394.8146,10198.9709,2045.5745,12508.0573,2643.7705,13785.1628,11314.3307,10604.3921,10689.7571,10521.1446,2136.5931,1952.8491,13584.1569,2031.4529,5198.9138,5941.4401,6361.7326,13536.9651,13576.1205,13435.7799,11580.2755,11210.4445,12454.2285,5811.2129,3115.7890,8930.0835,9892.2581,3411.0704,8894.3617,13236.1993,13632.2695,9819.1090,10671.6602,2322.8220,7085.3056,12312.7413,11510.2478,11919.6972,11640.6543,8559.2074,6551.9383,11088.8159,7216.8043,13711.8641,9085.4509,3534.0873,10145.7470,11341.1431,6324.8816,8477.1392,9832.6058,10233.8710,12504.2659,3604.8236,6422.5036,13686.1503,12263.4024,9725.5770,9833.5930,9728.6042,5597.2940,10545.7460,7014.8102,0.0000,4321.2553,3857.8880,9604.7468,12157.1548,6589.2297,12641.8143,13199.3150,10565.1691,4674.7159,9303.3616,10823.1519,4705.7320,11886.7305,12121.9495,10309.7360,10051.5802,7807.6730,2125.0701,12157.3085,9318.2500,5029.6806,10354.1483,406158.7030,420089.0570,408314.7154,415340.2363,406189.8008,414867.7208,415802.4455,413420.1130,362253429.5010,362293047.1418,362286852.9362,362263105.8495,6992.5715,11843.0552,13281.7852,5031.1801,13584.4187,6112.4678,5546.3680,7654.0257,5286.1563,9052.5680,13585.7238,13473.3466,2969.7766,12160.5142,11875.1883,13502.1373,9557.0029,5444.5694,5038.6076,7321.5671,10332.7918,9516.7654,3574.3866,10174.3728,13274.7357,12643.0896,10277.5480,11678.5717,8956.1058,1676.2018,6356.5579,6761.3728,5765.7463,13452.2987,11885.9993,9719.1695,8054.3283,3003.0630,6403.0010,8206.4973,10821.8145,5941.0503,9077.8634,5331.5962,7192.0547,11590.5000,11997.9132,6841.6292,9682.2278,12971.7346,7870.1890,5711.0443,3401.3443,11400.8085,9607.2432,6230.5275,8084.3736,8414.5032,8314.2174,9718.3026,10207.7330,10904.9461,13437.8778,0.0000,13179.3147,11464.5538,9375.1235,3510.2079,12815.0217,1406.9258,7728.7121,10832.1049,13451.7647,11765.6096,11410.1356,13569.9957,10332.6191,5312.4540,5734.6785,11944.5825,9714.9313,12484.6048,2495.9152,11505.0115,12699.0808,5782.0582,393452.6775,407410.4293,395617.7906,402662.4556,393551.5328,402161.9928,403058.8050,400729.3097,362242948.1388,362282565.3843,362276371.3810,362252624.0897,6754.6868,13044.8628,7556.6741,12635.8553,1134.3890,9542.2755,9372.5287,10629.7623,8588.6860,12802.0722,12946.7342,5001.6172,13276.0599,12645.0315,10885.0022,13140.1556,1806.0527,4036.4193,344.4001,5209.3631,7086.0645,8030.4126,13247.9299,12654.8745,8457.5717,9285.4739,13695.1093,11504.3841,6373.3172,1196.0534,11248.9154,10641.9159,12829.3078,11192.7391,3376.9417,7603.5616,9310.6702,8780.6736,12055.8519,12573.1032,9498.7392,12821.8814,2549.8789,12077.8992,13683.9895,6914.0489,8822.4170,13308.3246,8788.6862,10622.1765,11218.6711,8009.0210,13619.5820,13226.2703,977.8327,5658.1322,10458.3766,10471.3680,9240.6457,13432.8024,7636.9285,10033.1219,0.0000,12181.7636,13526.0661,10033.6800,8880.5332,11127.2515,8207.7920,1407.9940,7002.5752,11819.4640,8620.1140,6225.5225,11673.8568,4265.7340,7991.1103,11164.5596,7355.8151,12159.6602,13600.5946,9055.6145,8491.5339,12175.4491,10947.7386,395325.4993,409257.1818,397422.9419,404345.2809,395235.4120,403939.9905,404683.2771,402472.8736,362240687.9823,362280305.9516,362274111.5364,362250364.3256,9676.1551,11663.0913,8601.5910,7797.0409,11923.5179,10337.0912,13063.1044,8361.2324,8756.8049,9218.9566,10286.5548,10761.0541,10136.9370,5392.8061,13034.6033,8189.8762,9604.3762,6529.6333,4894.2841,6464.2571,11675.6061,12611.6732,8610.9289,3899.7938,9601.0264,12139.6611,12617.6184,11245.7399,7398.3285,12814.2938,13415.5085,8756.3994,8137.2474,3711.7359,8531.5945,12914.1860,11945.9730,12700.7394,12127.8740,11607.4336,13373.7683,8344.0026,13777.3972,12007.2040,305.4285,10521.6804,13289.9314,3032.3403,11409.1686,13695.3717,11734.1088,12146.7363,13132.2704,7641.0598,7066.0042,10825.9539,12131.1846,8258.4826,12921.5061,7054.4148,4375.8071,0.0000,7944.3065,12177.9312,9551.3470,12859.5666,8243.8408,12551.2096,5938.3698,6115.3828,7034.9117,4633.2432,3455.3821,6663.9369,2758.6582,10819.8082,13699.6386,4075.8232,12624.1208,11284.6164,12927.5604,4801.3595,8525.6522,13109.8265,401405.9223,415307.3972,403476.2455,410348.5573,401208.1571,409992.4372,410724.3215,408503.5581,362244492.0103,362284110.2677,362277915.7046,362254168.6394,11989.3387,1494.9835,13498.5329,12345.1231,11756.0454,11643.6621,11500.0641,1737.1325,855.3236,13814.5345,3932.1206,6954.3256,5869.8527,7626.4839,13234.1234,13085.5230,13071.3606,10518.1101,11812.9236,13169.0053,7356.4825,4302.7205,7690.5471,8457.2367,4258.0909,8222.7819,13572.8620,13451.7605,11026.3984,10671.0504,3266.4916,8348.6799,11759.3822,12345.5401,12509.6980,10981.5590,9969.8004,5736.3583,12156.7378,7583.4951,13707.1755,9584.9833,5160.8136,9568.6402,12380.2240,7302.0021,7524.8135,11163.4899,10704.7148,13199.3289,4904.3335,7690.7239,13369.6468,12732.9905,11063.1899,9033.1368,10797.7053,6881.2431,9110.7994,6104.7537,0.0000,5374.4225,4318.4269,10866.0311,12128.9108,4719.2131,12976.8978,12953.6989,9221.3982,5230.4494,9740.2931,9765.7990,4923.5802,11364.9203,12972.9285,10680.5002,8814.4792,7189.8526,2551.3225,12615.0331,9796.6379,6401.2485,11374.8442,406660.1188,420603.1831,408813.8375,415834.6734,406704.9206,415358.8757,416251.5831,413915.3151,362253452.8314,362293070.7316,362286876.3691,362263129.2453,12457.0019,6977.3148,9651.5830,11313.5082,8544.3289,12153.4008,12741.3261,12385.9460,6789.7843,12288.1685,13353.4412,13397.5029,10426.6232,6115.9206,3894.4899,7847.4689,8439.8945,12080.6332,8212.7631,11327.5471,13514.5544,10948.6631,6276.2790,11051.3833,5814.3022,6366.4921,7718.3243,9880.7873,4585.4722,13289.8021,13682.4335,9576.0701,11455.5143,6633.7060,1825.5153,10796.0811,8243.7770,9957.7991,8309.8395,7575.5154,7334.1757,11864.8013,11697.4249,10795.9162,9909.8684,11892.9413,11321.7370,6489.3439,8068.4751,11309.5429,10479.6344,6933.7773,10941.9215,11783.6853,4511.8344,12552.7329,10747.7950,7742.4984,12432.3283,0.0000,13722.2788,10525.1537,12473.4235,3145.5703,10137.3952,5311.8892,8722.2141,8083.9793,13673.7386,13183.3735,9861.3058,13508.4586,10283.9310,9629.4219,6111.8471,10032.0915,7012.2150,11502.0085,5881.9012,13026.7333,13773.2480,8872.8398,396076.2923,410071.1714,398253.5883,405317.9079,396260.1207,404783.9248,405614.7251,403370.9049,362245138.9850,362284756.7744,362278562.4395,362254815.0515,13196.4352,12535.7370,11620.6809,12164.4232,11021.3367,799.8254,804.9760,13796.7522,4489.3537,6809.9095,4513.5433,8528.8217,13025.0712,13115.5724,12624.8987,9954.7288,11110.8306,13332.7802,8094.3267,3622.7546,6755.0799,8770.4167,5502.9386,9243.2597,13720.0331,13080.4613,11482.6099,11546.6825,2586.1926,7696.1350,11025.3658,11918.9497,13003.5472,11595.0129,10446.6194,6944.5182,12292.7153,8761.1363,13429.9590,10580.2261,6018.8094,8483.7843,12273.2599,8375.6709,6367.2796,11241.5671,11562.9532,13376.3465,5953.6203,8601.2030,13060.1426,12166.5300,11008.5928,9873.8837,10285.6727,7845.7399,8866.2995,4815.0591,0.0000,4522.0787,5643.2110,10549.6712,12755.2949,4659.9435,13409.4501,12415.2263,8832.8355,4089.8540,8715.4457,8981.6695,3644.2096,10528.7434,12947.9657,11558.3398,8043.3967,8330.7363,3887.2006,13127.8555,8811.7565,5771.7824,11914.4642,406772.1831,420704.5862,408910.1795,415902.9035,406765.6832,415451.6257,416322.0522,413998.1068,362252734.6765,362292352.6559,362286158.2516,362262411.1602,9103.5453,9252.6557,10114.4207,8776.1527,13347.9284,13449.9423,4135.1870,13547.5823,12933.4342,11669.6904,13010.2231,877.9773,3353.1977,1452.8718,6051.6815,7519.6701,7396.0557,13202.6896,13179.6894,9364.4250,9501.0557,13818.0442,11330.3191,5519.3955,1001.5856,10879.6213,10118.1621,13359.3589,11640.2172,4502.5878,7672.1599,8609.6080,8363.0273,11825.8019,12619.2309,9120.8889,12619.6900,1891.8114,11677.3138,13808.0689,7959.0092,8596.8588,13168.2129,9737.8949,10447.0703,10693.8497,7355.8356,13718.3624,13092.0715,238.4616,5903.7497,10377.5704,10266.0407,9498.9926,13367.3463,8193.0526,10904.0747,0.0000,12748.3954,13628.5734,10145.2031,8168.8882,11678.8490,7395.1653,2297.0012,7663.2602,12477.0881,9360.6061,7196.4710,12369.8930,5379.0069,7571.5538,10637.2755,8257.6976,12062.0902,13859.8097,8311.0601,9202.2671,12657.7732,10473.2272,394474.8064,408411.7365,396580.4728,403517.8283,394410.9001,403099.8552,403856.7829,401637.7127,362240417.8341,362280035.7109,362273841.3467,362250094.1141,3013.5855,2850.1394,5542.8111,12210.8024,12326.5799,5703.5618,9794.1424,8178.4808,11953.8264,7236.2901,8836.2997,9566.0501,9755.1778,12611.8978,7367.1563,2322.5182,7198.3946,10826.5785,13452.8531,13061.3326,10279.7850,11051.5554,4808.6621,8726.2647,2763.0184,8202.7949,11372.8200,8337.1063,11199.2653,5105.3113,3912.7442,10395.3772,4127.0001,11748.4280,585.3504,8943.8810,7616.4824,7346.5053,9190.3170,12131.5984,2499.4804,8130.8945,13093.1367,2683.6310,6455.3805,2458.4392,9472.9342,7280.8984,9223.3870,6801.0204,3417.7937,11135.1508,6018.1902,8006.5221,13432.0652,13047.0726,0.0000,10556.8032,10470.8583,4978.1704,7518.7367,13722.0823,5111.3139,9454.4143,13168.7801,11269.0321,9705.3403,12937.8559,11713.3464,11352.5695,2182.6518,6881.9398,13370.5032,11142.0636,11272.9288,4684.7873,9383.0756,9540.6001,3006.7831,395097.1455,409009.6652,397252.7846,404281.2438,395106.3897,403814.8380,404801.7227,402361.1004,362244556.1762,362284172.9674,362277979.2515,362254232.1158,5468.5536,2735.7035,11205.0805,11530.4305,6795.9431,9174.2783,6628.9617,10138.2836,8054.0644,9237.8228,10552.9458,9490.6403,12156.9341,5001.7776,4495.6159,7499.8424,9321.6936,12431.4142,13605.7958,10481.5836,12404.4841,6574.7383,8617.5997,4586.7284,10330.1204,10075.4771,5929.3948,10268.3171,2829.9518,6652.4685,11995.3883,4966.8971,12555.2331,2434.1856,10301.0396,7751.2695,9304.0056,9075.4351,10571.6986,1112.8850,9133.5642,11721.9930,1947.6574,8758.6238,4675.2930,9596.2269,8115.8015,9349.1660,5107.5826,1488.2649,12509.2187,3150.1949,8615.4711,13379.2908,11619.4696,0.0000,8760.6455,10827.7787,2129.6094,9759.3538,13404.9114,7572.1283,8853.0139,12934.8517,9464.4843,7276.2247,12089.2304,9997.3134,10176.6803,2803.4556,9156.6476,12567.5484,12317.3666,11131.3201,7327.3882,6941.5376,7612.5334,5437.3237,396448.1649,410335.2570,398576.3334,405555.4860,396357.7249,405135.2788,406100.1073,403661.6461,362244410.4642,362284027.3520,362277833.5918,362254086.5425,7880.1065,11899.6165,11815.3995,6794.5999,9150.3195,8577.9746,12619.3025,5517.8394,9626.7882,9614.5016,10884.8000,13037.9604,9597.1665,3736.9273,5994.6754,11002.5097,13807.7975,12119.0703,8859.9359,9113.0908,5437.1828,9993.1076,1793.8659,5959.9608,11329.1799,9607.1887,12351.9779,7624.3752,2494.4379,8958.2857,3383.4239,9999.3458,3275.7579,6688.8878,8975.4866,4761.0606,8115.9984,13220.8297,5215.4868,6144.3703,13692.1969,4347.7744,3848.3891,3724.2335,8161.9115,5541.7822,10203.3194,9072.3258,5303.1599,9401.8318,8132.2616,6386.0093,13185.1090,13495.7753,0.0000,11056.9173,8927.2415,7028.4108,5897.7343,13093.1746,4226.1557,10843.0614,13136.6853,11804.1117,11377.6738,13513.4680,12179.6008,12577.6458,4755.8260,4337.4553,13726.8594,9190.0626,10134.9884,3280.7302,11089.9058,10206.0474,541.7787,395884.6137,409821.7729,398068.3273,405146.4130,395993.9456,404633.5846,405643.9105,403199.8840,362246505.3250,362286122.1188,362279928.3922,362256181.1909,10623.9792,11111.0042,7496.9382,9456.6600,6614.1905,8555.4054,9629.5884,8988.8127,10733.5030,8609.2253,11035.2533,2527.4970,6402.5971,8897.1963,8601.9894,11019.2725,13543.9194,11228.9232,13344.2281,7832.0062,7974.8901,7045.1336,11905.8792,9438.6713,4665.4890,8741.3542,1552.4642,8735.9952,12841.4645,7119.3168,13227.5028,5001.6296,11734.7272,7458.5851,11127.9400,9877.4430,8619.9642,3233.1131,10633.7782,10073.4877,4368.0425,10704.5354,6570.0969,10450.5218,9706.0400,8840.2820,3487.5864,3494.3519,13325.0274,1108.2675,9990.9303,12686.6566,10094.6741,0.0000,7749.4973,11596.4066,1987.4254,11243.2369,12852.3426,9296.7265,7718.8661,12073.9254,8208.2723,4857.9293,10669.1380,8704.8609,8449.9729,4552.3720,11029.0449,11242.9613,13231.3352,11466.5268,9270.1566,4515.8765,6743.9616,7859.5707,397428.6629,411301.6761,399529.7683,406460.0749,397256.7490,406079.8963,406993.4479,404590.9677,362243762.0929,362283379.2252,362277185.3287,362253438.3265,888.8971,13769.3223,3910.5407,6113.0140,4344.3758,8176.1789,13190.1148,13370.7952,12793.6070,10391.1516,10840.2373,13130.7056,7629.7789,2887.8454,7238.8142,9373.3723,5291.0209,9568.0476,13664.7482,13182.9901,11114.7476,11650.1012,1819.2455,7106.8703,11240.2307,11594.5620,12875.8908,11931.1582,10002.4355,7280.3662,11946.6137,8726.1277,13471.5167,10504.8507,5549.4543,8661.3812,11909.4567,8130.5932,6701.3159,10781.2971,11496.1777,13183.3158,5602.4312,8247.7959,13222.5848,11977.2284,10526.4241,10251.6207,9839.5426,7490.9681,9464.3754,5112.0123,0.0000,3871.3413,5546.4129,10056.3740,12865.1606,5414.0289,13375.0111,12526.3286,9390.3287,3592.7791,8443.4041,9398.8630,3277.5147,10718.3404,12671.6456,11528.4166,8536.5784,8624.2871,3756.4270,13051.6512,8529.4055,5091.9147,11625.5913,406684.1397,420610.6480,408821.8257,415814.2087,406668.0653,415366.1992,416251.6671,413910.2643,362252756.4737,362292374.3608,362286180.0131,362262432.9401,13832.9265,3887.3276,6559.9921,5117.5262,7923.1400,13238.3591,13249.8551,12955.0880,10442.8857,11370.5492,13197.3472,7512.2344,3612.7234,7423.3123,8894.0012,4766.3596,8906.3603,13661.3261,13346.6881,11113.9406,11189.4523,2544.5260,7770.7146,11510.5080,12018.9463,12735.7330,11471.7304,10025.0407,6512.1531,12100.4342,8176.4011,13624.2593,10075.6039,5347.2762,9114.5974,12195.2296,7735.9105,7083.3404,11019.8805,11135.2952,13238.5737,5247.0494,7991.1874,13321.6590,12398.3937,10843.0180,9651.0838,10366.9762,7201.3676,9258.1714,5569.2783,0.0000,4654.9980,4931.8919,10510.2100,12529.1666,4984.1139,13216.6183,12765.4526,9278.7779,4443.0816,9127.6196,9564.4601,4123.3573,11051.4720,12871.7414,11138.1281,8644.3318,7917.3688,3122.2089,12874.7364,9200.0345,5779.9585,11543.3529,406742.7240,420677.8001,408888.4288,415895.0214,406757.4443,415433.0089,416321.3483,413983.3543,362253158.6179,362292776.5196,362286582.1597,362262835.0612,12766.1801,11808.3874,12735.9383,10992.9394,3816.0405,4860.0707,5293.6394,9392.8869,7439.5994,3586.2326,11269.1630,13137.5854,11901.7392,11100.0082,12904.4927,10935.6614,1633.2755,4039.9504,7780.5733,8365.6451,13463.1321,11044.5830,7886.8535,6208.3468,5181.8742,8289.8581,9107.0883,12429.5047,5879.5061,11077.7575,2731.1629,9495.4254,12559.4228,10489.2375,5866.2373,11346.8823,12026.0139,7736.2489,8194.8905,3515.6380,12544.5410,11058.4753,4319.3609,5681.3469,7956.5016,10199.3665,8360.1392,11587.6911,10826.0912,12723.8150,0.0000,12773.6679,12799.4338,8395.0300,6240.4339,13190.4221,4174.7984,5449.7284,10486.2346,12926.8794,10127.0141,10334.3164,13054.5538,8492.5212,4333.7928,8282.0660,11148.6603,11599.9564,13451.6471,5047.3870,9860.2904,12262.7994,7238.4657,393002.0681,406936.5703,395135.4190,402123.6225,392994.7809,401673.4062,402530.5355,400219.9224,362241027.0929,362280644.4295,362274450.3818,362250703.1533,3752.4949,6768.5496,4709.9878,13278.8569,13403.5957,13348.0709,12258.1657,10560.7276,11176.2764,3921.0769,3410.4018,10082.4988,10721.4458,2900.9251,8977.8359,12271.7066,13336.3070,8106.7732,9984.8249,3248.1272,6253.2518,12588.4030,10473.4934,10669.7372,11572.3994,6714.2389,6999.6497,9566.8925,6431.5603,13211.9786,8003.8357,1829.3557,10763.7583,9956.4690,5000.8921,9544.9373,8173.6870,9115.2250,11236.9525,2373.4047,4769.0577,13481.6380,11575.1682,8142.1736,9978.4797,8665.9084,4009.3632,11494.3228,8231.5433,0.0000,4395.9053,3617.8088,8262.9893,11452.1851,8103.8515,11614.5515,13061.2601,11474.3619,5214.1098,9156.5329,11640.8793,5529.2393,12213.0277,10820.1446,9282.8714,11060.8158,7933.6611,2780.4122,11016.0997,9102.2788,4460.9702,8763.5424,404820.0234,418744.0031,406982.1980,414019.3684,404856.4216,413541.9256,414514.0181,412094.3442,362252829.7333,362292447.1134,362286253.0613,362262505.9832,6513.8397,5965.3729,12843.0227,13615.0898,12688.6373,12717.9789,8099.7509,9904.7686,4659.1359,3664.5008,10844.3024,12816.8041,6328.0534,11498.3251,11487.8666,12465.3826,7116.3555,11420.4560,4520.1015,3117.4785,12010.5950,7915.6049,10386.9695,13130.6150,5716.3100,10108.7936,7773.6601,8762.4412,12187.6546,9445.7714,4490.7012,10233.0654,7630.9861,6959.3555,9863.1338,5884.3522,10066.6981,10021.4910,5398.6757,6029.5576,12911.3459,9430.8559,5495.0228,12217.8384,5657.2043,5776.9189,12897.2310,8777.6365,0.0000,3548.8262,7016.6690,5186.8376,12241.3533,10485.8557,11474.8490,12110.8339,12604.6575,4803.3304,7039.4977,11980.2605,5531.5305,11534.2706,8943.1457,10378.3036,11771.0036,10722.8810,6460.8557,10933.1446,6917.7923,2321.5515,8197.0182,403001.9203,416892.3480,405139.5968,412133.9204,402934.9541,411702.0733,412684.9347,410232.8640,362250370.7246,362289987.8668,362283793.9656,362260046.9711,10520.0455,11797.7543,12734.3316,10776.9621,8809.1935,7993.7780,12660.8795,9749.7667,3777.4596,5542.7809,10525.1842,8836.2261,12035.1548,13107.9715,11271.7074,11798.0052,13392.2201,3917.5343,5379.4456,8640.7019,9537.1549,13386.5631,13113.7729,10963.8275,10444.0282,11564.8660,11546.1484,11753.2718,12662.2261,8447.5858,5337.6739,10813.3390,10852.2692,4115.3923,10460.8507,13173.8302,12746.6460,8781.5586,10608.6162,11545.2741,9434.8194,9861.0157,12241.8301,7809.5489,10117.7943,9239.8503,2800.4034,0.0000,3222.4012,9128.4976,8664.9350,13811.7547,7067.1087,13673.2611,10204.8651,8713.1243,1965.2959,4822.3850,7365.8146,1420.9781,7848.7021,11702.1981,13258.5069,6925.4305,11458.6186,7682.9717,13602.6256,5027.8529,4413.6651,12442.2364,405129.6351,419025.6220,407224.4468,414140.5003,404974.0207,413758.9989,414586.5454,412275.9720,362249265.8232,362288883.8132,362282689.4154,362258942.4142,12539.4184,12271.8431,13322.1926,13481.9076,11298.0151,8649.6526,1431.7051,7708.8405,12687.6943,11191.9561,3882.8975,7589.2684,9966.4486,12919.3287,4762.1584,6874.6279,7745.7607,8477.2282,13653.9604,10188.5017,7279.8466,9862.6903,3637.4598,6880.1721,7255.1291,3578.9725,12373.2461,4121.1896,3089.8806,13098.9822,8531.2276,1384.9423,12487.8025,6460.1862,5247.3695,8670.4255,3024.2069,97.7136,13005.3465,11647.3854,7028.5764,8680.5792,9222.9858,925.6483,12713.2415,11635.0949,0.0000,8316.4688,4176.9712,8217.5360,8548.3268,10542.1931,8585.4969,13230.3084,12829.0223,9210.5825,11373.7738,13475.2403,9567.3004,13593.7380,8949.9713,5547.0080,13155.4647,6827.7654,5477.5746,7691.1596,11192.6805,7779.0412,5070.5602,401285.1285,415227.1258,403480.2195,410577.0643,401425.5631,410049.0195,411079.2042,408621.2972,362251622.8921,362291239.8782,362285046.0442,362261298.8788,2533.6731,2146.6100,6125.9789,7933.9058,7069.4396,12815.7895,13120.4160,9450.9139,8984.0441,13381.6896,10610.5489,5043.1237,1733.2598,10491.2579,9325.5451,13257.5972,11755.7829,5018.4355,7905.9619,8010.0446,7539.3257,11474.4015,12024.7485,8899.9943,11986.8243,2153.3341,10998.3447,13449.5752,8336.1107,8567.9729,12637.1165,9913.0974,10295.5141,9991.1924,7010.7035,13310.0425,12618.8678,903.2767,6342.4592,10306.5067,9521.2073,9688.6318,12908.1411,7952.0701,11008.4045,0.0000,12764.8936,13156.7098,10222.0947,7341.6731,11403.9972,6719.4624,3038.3734,7517.9124,12531.1191,9733.9596,7378.8422,12421.4788,5893.3242,7459.1034,9911.0388,8339.5160,11390.1519,13484.6224,7653.6806,9568.8162,12676.8053,9997.4406,394518.0718,408462.4876,396633.1524,403587.3100,394486.1565,403154.2683,403921.9003,401698.4080,362240909.8258,362280527.6772,362274333.3250,362250586.0717,4334.8417,6460.9350,10000.0537,7745.3821,12811.2177,13737.4350,9899.9107,7577.1978,12959.3297,9000.5710,5441.4079,4261.4936,10749.1672,7829.8360,13701.4634,13044.6776,6661.3287,9762.7663,7683.9921,5411.4238,11764.8099,10838.0569,9748.0070,11027.7573,4436.0946,10032.4939,13376.5436,9688.5847,9899.8758,12108.7677,10698.5814,11229.4030,9028.0410,7636.5719,13052.7856,12343.2831,3305.5399,8546.5384,11428.3937,7719.5176,11333.0977,12620.5889,7300.9205,11684.0745,0.0000,13605.4640,12591.4597,11651.1961,5815.2828,10897.7021,6153.9259,5374.6645,7186.5413,13386.3036,11479.2429,8025.4407,13212.5067,7550.7646,8667.8641,8823.6118,8702.6758,9986.9938,13144.4416,7103.5706,11327.2672,13623.4537,10000.5114,394766.7317,408736.2077,396904.3720,403898.3305,394823.5675,403425.2176,404197.4190,401987.5970,362242049.9092,362281667.8244,362275473.4246,362251726.0980,5081.7410,7019.4019,8284.7901,13402.5742,12639.5671,8314.5283,9381.2576,13819.1781,11713.9173,6679.1486,1391.3046,11465.6852,10928.0872,12818.2450,11169.4996,3096.2898,7647.3674,9608.5952,9040.6614,12242.0020,12726.2553,9694.8746,13034.9236,2782.6525,12333.8806,13799.2724,6690.1698,8963.0384,13498.9411,8624.3547,10770.0919,11499.0883,8268.7143,13746.2985,13409.2910,1304.4274,5636.5064,10576.1876,10686.8557,9249.1176,13600.2242,7619.2338,9902.8327,0.0000,12145.6718,13658.3167,10090.1122,9199.0681,11124.0724,8529.2098,1198.2598,6949.8551,11755.3199,8483.8708,6046.7034,11600.1979,3991.6219,8180.5787,11447.3437,7211.1690,12350.6666,13686.6099,9366.0219,8364.7458,12159.0099,11194.3185,395461.2985,409390.8435,397555.2973,404471.4071,395360.4755,404071.3281,404808.8255,402602.1760,362240618.2711,362280236.2680,362274041.8377,362250294.6337,9441.1143,11663.4313,13580.9856,11248.8544,4198.0091,6168.4353,12516.9913,10328.1235,10287.0079,6331.1941,13416.5474,11430.2927,11041.2234,11568.1232,3445.2224,10706.1206,12089.5901,8703.7091,13681.1882,10667.1228,12512.5477,12555.9500,7519.1673,12793.7073,13070.7736,4799.8859,12006.1142,13315.1933,5314.6320,13000.9185,12540.2609,11642.9150,12837.2713,13573.3052,5817.3476,9037.8937,12769.5078,9339.0096,11202.2482,13427.0472,3220.5790,6782.2278,0.0000,11027.5206,12232.3980,12128.9348,10625.4996,7238.6587,11178.7170,5485.6388,2294.6266,10227.2027,8880.1325,1848.3351,9733.6059,3794.1883,11622.3477,12362.6959,2646.3263,10781.3199,11824.7859,11777.1909,8929.1964,11662.2375,13209.2638,399970.9845,413918.4669,402067.7549,408986.7163,399903.2130,408574.9452,409268.0414,407114.0666,362244113.8505,362283732.3435,362277537.6205,362253790.3983,7557.9117,10653.9380,9137.1590,9659.4967,12995.3047,12317.9009,13778.9993,8246.6544,6624.7808,9052.8178,12721.8986,9876.0178,5619.2692,6733.1847,2517.3400,9941.0283,12863.4623,9220.9782,13715.8514,6908.3090,12909.2458,6482.2561,12432.0270,11255.9768,6752.6423,5149.9010,12121.7463,8698.8451,6692.3417,11959.1781,7695.8035,11728.6735,11383.9984,7555.2468,2049.7297,5908.4732,13526.2167,3012.9446,11566.3402,11565.0989,9086.1551,0.0000,8175.7869,12595.6485,4411.1587,11805.4183,12363.5056,10082.2288,5959.2985,10812.8497,8237.3998,3579.6432,8982.5024,8550.0991,6360.7058,5895.5322,12195.2262,9746.5575,13781.2177,12262.2977,10303.8000,3273.2920,7551.0405,9655.0777,397481.3377,411353.8056,399562.6056,406456.9730,397264.8031,406101.1421,406950.9410,404604.8681,362242550.2787,362282167.7048,362275973.6361,362252226.6307,8850.7837,12076.9858,13213.5271,12369.6943,11386.0598,10798.5936,2577.6466,7131.6334,4573.4019,7697.0047,12523.5362,9738.7907,10245.8403,5461.6405,3102.4457,9282.8639,6093.4578,11969.9157,2675.2051,9553.4560,5888.0491,7734.7547,10643.6806,11885.3891,3575.6656,9277.8583,13071.4346,4835.4700,6485.9373,189.9327,10765.2923,8699.6622,7543.5797,6398.8850,5366.6105,10560.5256,7121.4421,9396.6731,12643.8628,13313.5219,0.0000,11792.0890,11428.8676,6497.6125,6308.8961,13755.0600,3537.1674,8162.3390,12384.1863,12301.3038,10221.7725,12275.7614,12623.6588,10591.6389,2021.1089,6790.1241,12850.3835,11167.5252,12280.6519,3592.4884,9907.6680,10962.4437,4158.1329,393720.4033,407645.0171,395873.0098,402896.1082,393740.9335,402427.3915,403373.4432,400977.0992,362243011.6030,362282628.5447,362276434.7338,362252687.5475,6739.4839,12499.5906,11802.7136,4025.0786,8668.5137,10367.3901,13010.2561,4856.1388,8088.6931,6919.8809,7332.1271,13529.0984,9640.6103,7959.8639,10849.3086,3366.2796,7694.2515,7105.4182,4866.1870,12488.5992,5458.2740,2478.7196,12685.6304,8138.3911,2656.8914,12109.6442,5905.0141,6432.2435,8901.3243,2896.3161,1467.4330,13198.0351,11225.9793,6324.8047,9706.3533,8368.0332,1501.3931,13018.6817,11163.9102,0.0000,7281.3819,4550.4823,7352.5015,9555.0362,10669.7849,9303.8709,13185.8382,13041.7374,8289.6143,10550.1910,13399.1397,8736.3630,13371.4443,8825.3577,6762.6601,13095.3262,7858.6641,5393.4023,8454.7640,10373.8780,6614.0125,5514.8241,401759.3141,415687.7550,403943.6331,411021.3415,401854.8390,410513.3169,411545.1450,409076.2655,362251592.0466,362291209.0095,362285015.1955,362261268.0762,8401.9898,11265.8891,6028.3302,11058.3047,13054.5065,12817.7505,9889.4021,12216.3529,1100.2545,4500.6206,11214.2364,9808.1552,12332.2849,13015.2277,8643.5002,9114.5330,10462.1581,9366.6028,12932.9078,10711.8693,5182.3331,8604.3278,10185.3637,8153.4184,7393.6264,8947.3890,11534.7059,12166.5981,5727.6480,7782.8875,13092.9879,10563.5869,8525.1202,11721.6201,7667.1775,7180.1308,11058.3870,5923.2886,0.0000,1250.8016,6570.7175,7842.4766,13184.4492,7857.0398,13056.1489,12143.0037,10787.4197,1944.5641,6784.6107,10187.7579,2418.4451,10603.1311,11258.3029,11695.0761,9655.4705,10182.0202,5132.9976,12678.3055,6830.3193,2290.0229,10687.7774,405543.5521,419445.0251,407670.4144,414644.2674,405466.7110,414221.2918,415139.1651,412751.8858,362251586.0856,362291203.6901,362285009.5170,362261262.5111,6915.7588,10813.6955,10674.3789,12554.9789,9351.7769,13697.0286,12614.9929,8045.7167,9829.7695,5837.9078,11279.5805,13579.2737,10679.7660,13424.4245,9856.0699,13233.1026,12203.9908,10329.0807,13142.0326,11338.8288,3633.4592,12657.4682,12556.8401,1725.0989,13016.8752,13377.6413,13233.3237,11204.3194,12780.3543,9159.0042,10133.6926,12638.2910,10235.6893,10769.8121,12377.9906,4445.8293,2933.1594,0.0000,8266.6049,10664.0878,11739.2033,12588.3069,4872.2152,13162.7040,8239.7743,3782.4142,7191.2306,7588.3231,2691.2595,6504.4292,5367.4921,12820.1802,13260.7643,1636.3153,10602.0064,9650.7358,13451.9990,7757.9127,9304.9860,13815.2169,403757.3621,417690.4493,405851.0541,412764.0068,403657.8366,412364.5657,413086.2803,410896.2741,362247318.2897,362286936.8100,362280742.0828,362256994.9442,9558.6796,5291.3505,11116.1394,10075.6574,12726.7585,8091.0310,10631.4989,13169.1071,9044.7374,13413.8277,11216.8696,5179.5630,12827.9864,5847.3093,13135.6279,8852.0618,10659.9353,9661.1431,10994.7403,9469.7761,13537.1329,10421.3354,8327.5542,13585.8694,9892.7768,12296.0149,10320.4388,11259.9104,9318.7459,12659.4605,13737.8075,4351.5292,13519.2117,10987.3531,3309.6942,8672.9593,0.0000,11706.8879,8934.1327,13821.4931,8483.6500,4802.1853,10491.1330,10050.9604,4213.2031,11203.5086,12351.6907,6979.2744,10702.0093,9367.8035,13046.5255,9527.2599,6308.6840,5836.4759,9051.5511,10747.4041,12352.1475,12435.4864,12212.4640,401879.8312,415874.3940,404038.6662,411067.8169,402020.4662,410557.6123,411324.5367,409137.6702,362248754.3106,362288372.6996,362282178.0207,362258430.6788,6770.5233,12182.0904,13806.5247,8246.5412,8219.5453,5536.5834,8810.8230,13415.3199,11967.5495,10096.1930,10026.3873,7099.5350,4681.6963,10214.0510,4118.6034,13645.5011,6246.5480,2145.6530,12115.8634,11056.6568,3323.5426,10727.7799,9284.7539,7664.2662,11400.9757,1213.1083,3917.6428,13746.5545,12948.5371,9540.9471,8041.9643,10628.7508,3024.0969,11138.1948,9578.0933,0.0000,7063.2820,834.0442,10090.5884,10170.3207,7719.6008,10960.9924,13777.7781,11365.6054,7639.2356,11304.5188,12241.6829,7746.9681,13226.5496,11544.5506,7721.4219,11557.7188,5566.2824,1765.1338,10294.6296,11232.3511,7236.0735,8502.6835,404581.4105,418533.2851,406769.3846,413852.2720,404718.2711,413329.2721,414309.0839,411902.2579,362253744.6641,362293362.0775,362287167.9936,362263420.8272,10185.3767,11806.3800,9823.5800,4144.2746,10493.4118,12926.7993,12189.5086,13310.1754,8592.8131,4172.3568,9881.6402,2876.4997,11261.0686,4326.7921,11756.4709,5202.6965,8359.3340,12569.6387,12377.2864,6478.9258,11537.5085,11681.0233,5867.7644,10706.6060,7475.5156,7623.5111,11239.0508,13449.7185,12174.3041,1601.0246,13266.3877,7488.3631,8216.5606,11291.1219,0.0000,11766.3969,6013.7100,12949.3159,6035.4706,7420.0250,8439.0543,12264.0175,8866.5738,11834.7909,13685.6747,11032.4290,11632.2482,12494.6054,11886.4928,5442.3351,10490.6694,1369.4475,7218.9232,8192.5755,13588.2191,12075.4864,9117.0087,401134.0482,415136.0425,403338.0471,410448.8781,401386.4895,409879.8411,410774.7266,408479.2580,362250892.0833,362290509.8619,362284315.5371,362260568.1761,5525.1503,6642.3519,7188.9563,13354.4610,11142.1109,9119.9371,6686.3853,3617.7510,7766.3657,8100.1843,11782.7603,5120.5199,10012.2066,4296.1586,8214.4790,11843.8433,11434.6251,5653.0375,10297.1187,12702.4892,7131.7887,6811.6233,2441.0990,11790.8406,10022.9045,5676.2300,6694.8524,7552.2853,9582.6059,8612.7667,10629.4204,11309.8163,13221.9440,0.0000,12806.1623,12065.6600,8355.6391,5115.8750,13265.4534,2653.3194,6878.6763,11087.7548,13086.8088,10825.1099,11227.7326,13256.1502,9683.7379,4020.5418,6927.9337,11894.9515,10834.5001,12917.5671,3483.5161,10545.8504,12227.5112,5921.0448,393093.6723,407035.2356,395243.8046,402262.0939,393134.3421,401787.9699,402680.6722,400343.3573,362242023.6912,362281640.8910,362275446.9208,362251699.6749,10628.0134,10537.0665,13071.7406,11001.9065,4255.3878,6847.0335,8670.0777,9061.6362,11537.2492,12939.5097,8690.9176,12803.5680,1408.6492,11869.7498,13651.6404,7590.1913,7978.7819,13177.2698,9548.3333,9937.3607,10906.3063,7115.8282,13635.6568,13002.8097,1107.5284,4967.9062,9793.3390,10836.3199,8728.6661,13283.4220,8653.9776,10689.6226,0.0000,12306.6673,13676.5131,9444.2793,8652.9931,11885.4973,7606.4551,1649.6842,8048.6063,12058.2923,8629.0098,7251.3584,11993.8844,5026.6133,7056.8176,10896.4501,8357.4889,12453.0668,13839.8759,8467.1050,8459.3619,12153.2650,10333.5654,394535.2291,408462.0902,396634.7186,403561.2394,394442.1270,403155.8481,403920.1318,401687.4548,362240271.4437,362279889.2616,362273694.9363,362249947.7350,7211.4544,10323.7675,8307.2422,12578.2290,7111.6467,4209.2071,10165.9717,1738.6115,10213.3225,2908.6694,6873.7762,9676.1615,5446.2882,7119.8125,12976.8833,4681.7308,5733.8924,13378.3849,3012.7424,5026.5890,4631.3964,7366.0606,4788.1987,10958.2601,8892.9130,4002.7090,10283.2589,7113.9392,5612.5788,13629.9388,13011.5244,0.0000,9907.0715,8476.8219,5832.0229,7447.9557,13040.3875,5857.1691,11257.8113,13519.2800,10783.9777,10593.4605,13652.0790,11251.8732,12660.9435,4852.8512,5534.4566,13814.6737,9668.9465,9505.5575,4993.0967,10306.2929,8916.7427,1371.0159,396955.4840,410878.4712,399132.5865,406198.8309,397028.5470,405701.1964,406727.3516,404259.5829,362247240.5629,362286857.2976,362280663.6130,362256916.4647,12000.7017,12714.8795,12312.5206,11572.9285,4954.5430,4045.4988,7894.2054,6357.6915,8573.6698,4506.9165,10019.1327,3030.4098,8972.4290,13461.3301,10049.6705,6192.0017,13219.9728,9553.4790,2462.8252,7570.9472,8344.7664,6897.1504,10113.2654,12007.4259,10273.1826,4201.7592,12077.1776,7286.7297,10326.2576,13157.4075,0.0000,12671.7371,7725.9489,11478.0334,2637.2663,10565.4310,4877.1095,11446.7928,10718.6600,13008.9260,13669.4338,12354.5197,13025.9164,12756.0531,9218.8461,1937.7107,12244.1092,4863.2037,9261.5408,4470.1831,13478.1037,12499.9437,6114.3809,397478.4301,411469.7005,399686.8287,406807.0758,397725.5080,406237.2650,407178.3609,404834.1400,362248340.8240,362287958.1705,362281764.0989,362258016.7421,5532.9404,11343.4991,10563.7866,12557.1174,12660.0724,9097.1037,8385.8246,11048.0739,9032.5563,13245.1762,10577.3064,5069.3648,8715.0941,10886.6869,8006.0583,7192.4462,9646.4469,11492.8645,12599.1751,5449.1048,7818.2876,13258.3261,11199.0289,9299.6551,11193.4205,8554.3652,7131.4440,10562.3666,5632.1894,0.0000,2235.4001,6008.4396,8723.6921,13098.8073,7006.1393,13218.1780,12407.5630,10367.8827,2428.0466,7488.9075,9998.2427,2548.7724,10761.8803,11848.7111,11608.6854,9334.3197,9567.6303,4392.1603,12844.7488,7551.6520,3372.7554,11020.6982,406106.9592,420017.8345,408239.0276,415221.8805,406055.3156,414788.1818,415697.6622,413324.2121,362252212.9031,362291830.6027,362285636.3707,362261889.3414,10199.0458,6126.1360,11031.2100,13767.5577,7382.5168,11808.5392,7823.1838,10914.8076,10860.1130,11294.7021,7288.2821,8285.9865,6901.2583,9437.4545,8562.9084,6147.6593,11564.5199,9879.7944,8056.6686,8554.8335,11620.2289,7330.9360,5340.1318,13308.0531,3585.7312,8420.7251,12477.6238,7802.6279,0.0000,3511.1757,9371.5608,3973.6595,12955.9862,10903.8755,11834.4033,10373.2645,11956.2231,4281.8732,4232.5602,10650.2038,5013.8705,9591.2861,8329.2409,11857.2255,10701.9260,12371.7258,8625.1065,11549.1688,4104.6960,2311.5132,9358.2033,402032.6127,415904.9307,404138.9730,411077.4497,401869.4120,410692.3440,411622.1662,409204.8088,362247898.6892,362287515.9772,362281321.9965,362257575.0428,8242.9723,11535.9771,10314.1533,12961.8669,12560.4299,11013.8070,13520.4858,5506.0132,13365.1740,13425.6181,3835.8984,10053.8233,13827.0108,5978.8618,11530.4474,12877.8018,10264.1162,13427.2440,13748.6809,4326.4739,6191.6448,11136.3826,11314.3985,9086.8467,13742.5405,6507.6700,7467.7191,0.0000,10649.0184,13308.6168,10226.5157,11109.0469,9621.6919,10729.4323,2791.6267,5581.0140,9985.6256,6868.8900,3562.7668,9699.7101,1023.4383,9762.9789,12828.1286,4873.0007,12588.0884,12905.6740,11383.4613,6869.0367,10948.9500,12549.3831,398155.1176,412073.2884,400232.3451,407117.5210,397999.7606,406743.7840,407454.3628,405264.2541,362241953.0942,362281571.3256,362275376.7659,362251629.6173,8092.5076,12336.9481,7548.7661,13518.7426,4640.7518,11992.9655,6192.1109,11125.3074,10769.3934,8804.4988,2744.0473,11116.2217,10501.4117,4727.0041,10482.2236,5623.8427,11243.9758,10264.1754,7765.9985,2435.3152,4082.6433,13135.5970,2647.2142,10633.0982,12526.0602,10745.7155,0.0000,9011.1499,12251.1536,3184.3934,10586.9967,13256.2179,8454.2621,6785.5788,11908.6288,9377.9590,5685.5521,10566.4095,9794.8752,8110.1974,3587.2411,10786.0482,11278.1810,13355.1635,12274.2549,8571.5676,5345.5334,8100.8769,7709.9731,396068.6966,409947.5633,398169.9709,405100.8529,395906.1769,404717.3860,405616.9362,403230.7601,362242551.0624,362282168.2063,362275974.2986,362252227.2654,7388.2669,5751.8707,10114.5303,4429.3911,7351.5831,7612.2537,5163.9091,9764.8097,13067.4791,6056.2864,7551.5316,13712.5791,6155.2559,3663.0342,2967.7738,9634.1882,7312.1016,8711.4012,8955.2611,6963.8228,8487.8812,9203.9684,8063.0440,12290.1511,13800.7572,0.0000,12361.7469,9983.4645,8410.7675,3929.6164,13063.1627,1781.5427,9792.2317,12281.1545,12901.1770,11987.1267,12879.5395,13151.3399,11953.2765,4911.1265,3934.7466,13206.9146,9038.7136,11226.3143,859.0363,11706.3569,11691.2793,3005.4167,394510.1763,408462.4614,396693.0667,403769.6492,394640.5297,403250.2418,404218.4275,401822.0477,362245035.2103,362284652.1699,362278458.3380,362254711.0768,10848.4266,6724.6344,10681.2401,7287.9307,9016.5072,6749.5964,11115.8109,11942.4679,11619.9168,9140.0552,11709.4587,11787.4740,6289.6386,9149.8006,10444.0106,9911.3862,8289.3126,11960.6827,12264.3301,2767.1371,13097.5681,10063.7321,7339.6249,12068.8959,0.0000,13378.8193,9412.4194,12972.5812,3773.4785,9095.5086,6392.3022,9863.0140,7864.8654,13319.0162,13548.0337,9989.9936,13107.7486,10921.0657,10636.7034,5835.8288,9908.1731,5451.2534,10431.5095,6697.1426,13416.5658,13552.0121,9199.6748,397642.5608,411645.1755,399829.5065,406910.4656,397859.6172,406361.0263,407200.4981,404954.6862,362246889.1789,362286507.0330,362280312.6589,362256565.2609,9779.5292,4069.2275,6491.2418,10721.0464,5663.1820,5697.0803,12845.5274,5421.1082,4859.6321,12989.8093,3126.3457,5751.5825,6167.9938,6087.8549,3663.4848,11879.4274,9434.7942,3917.8184,10546.2507,6916.0129,4402.9459,13741.5721,12406.8454,0.0000,8743.2276,7463.1754,5582.3423,8556.1098,12533.5888,7333.9497,11962.1222,13635.1404,9734.0286,10228.7601,13712.6722,10254.7839,12921.8658,6026.5177,6236.6969,13744.4068,9489.5145,8362.9220,6468.3856,9966.8059,7716.3147,2885.1911,398570.0470,412487.6549,400746.4902,407811.2013,398633.2027,407317.2839,408354.4535,405873.3518,362248637.5078,362288254.2569,362282060.5683,362258313.4517,11836.4101,4158.9278,12995.4237,6150.4685,6623.1385,12046.9680,12777.7306,5738.1779,10523.0418,11719.2539,7308.0666,11918.3761,5678.3665,6917.8204,12507.8547,13814.0933,12076.2030,4130.9450,12915.2913,6439.5560,8416.3055,9882.2653,0.0000,10013.7837,3869.6263,12641.4802,8368.3694,5852.4219,10289.6648,13077.4650,9004.3535,10070.3923,12948.6193,10902.6322,9836.2803,12638.2578,12671.8438,7035.8539,10107.3895,1670.6933,4740.8745,9915.2672,12897.4063,10516.6797,9862.6269,403701.4959,417691.3406,405898.5883,412996.7814,403917.7883,412443.2380,413348.6543,411034.8536,362252842.6819,362292460.5083,362286266.1644,362262518.8662,9115.6226,7619.7646,7646.7099,9046.0092,11820.2003,1999.5537,8205.2910,12806.1776,2211.2024,6843.1026,2829.8996,9380.6382,7303.4623,9236.3554,6453.6902,2869.8651,11360.0380,5458.8593,7991.9370,13401.0393,12739.8902,0.0000,10146.0870,10440.7672,4400.4683,7934.3738,13615.2759,5578.4833,9328.1585,13104.3682,10867.2819,9228.1876,12761.4357,11331.5395,11120.2131,2059.3308,7268.4676,13197.9407,11306.8572,11152.8247,5184.2273,8903.4131,9098.5135,3366.3908,395395.7087,409303.2646,397546.4753,404566.1935,395386.5136,404108.2362,405092.4600,402650.7754,362244589.1736,362284205.9779,362278012.2569,362254265.1386,12412.5848,2504.9026,5120.6293,13385.5485,10503.1707,2321.1618,12493.4886,9027.7819,4094.7881,9506.7260,4318.0652,3584.2070,12582.3512,12905.2182,9643.3071,5634.4531,11491.5227,3547.9575,11108.9542,11831.9437,0.0000,10134.3408,3666.7125,10750.7871,6854.0156,9213.4652,8117.0153,13255.3590,11484.2972,10670.3269,12935.6747,12878.2550,10760.5137,13637.8933,10409.0944,4027.5930,12420.7621,3595.9895,5513.0998,7368.2649,12787.4868,10035.4780,6463.7484,401320.8671,415296.6446,403531.6008,410655.5341,401547.7226,410091.5670,411080.4658,408682.9255,362251997.1019,362291614.3787,362285420.3599,362261673.0884,11252.5111,13372.5221,8553.1988,6995.8771,12701.4763,10446.6228,9054.6566,10170.7675,5869.7054,13384.0868,12451.9339,2093.6083,4637.2419,8988.7386,10864.7379,8303.5089,12821.8640,9594.7677,11435.7499,0.0000,12432.0342,13542.0081,8836.4352,8025.2503,12519.9901,6590.4994,2847.7149,9061.1062,12331.2879,8919.3486,8411.3562,12351.6649,6183.0976,5900.4777,10204.2723,9438.2486,12402.0453,13851.4576,7455.5437,8704.3800,12121.9563,9346.1510,393791.8641,407717.6910,395899.6180,402841.4517,393715.1097,402426.5857,403222.0749,400960.6091,362240215.3539,362279832.9874,362273638.7699,362249891.5684,6647.8676,13835.4805,9290.3388,3490.4578,13424.1203,8051.3624,1675.9973,7663.2236,6103.6345,4121.3974,11682.4448,12109.6536,8836.3763,6032.5875,11095.2902,4624.8386,11762.9298,13003.0447,0.0000,11260.1878,5943.2036,10224.1014,5101.9585,10828.8660,6044.5039,12591.0809,12064.8633,11855.1472,13151.1057,13344.2946,12019.1055,13608.7236,8908.8315,1725.4364,13131.2236,5104.8406,7672.4933,5175.8844,12949.7985,10911.9204,4645.1868,398843.6671,412817.9440,401056.0044,408183.5568,399073.1163,407617.6974,408617.0625,406209.2578,362250055.5934,362289672.6928,362283478.7753,362259731.4863,12027.2476,9785.7280,3371.5623,10953.9506,7771.5074,7880.0883,10690.2411,1019.7368,3131.2878,13761.7573,12055.6966,7963.0206,9505.9703,9192.1878,2298.9720,12181.6513,9768.8980,0.0000,6058.9430,2922.5015,8510.6353,10650.6483,9033.4481,10859.7415,13594.1319,12249.9035,6942.0242,10363.0456,12678.7213,7275.0820,13164.0739,10526.4880,8077.2069,12150.0837,7299.9379,3148.4114,10131.5407,10261.5080,5847.8594,7690.1211,403987.9938,417920.3657,406167.0768,413234.6750,404075.9593,412731.9528,413735.8452,411294.1364,362253051.4130,362292668.6278,362286474.6678,362262727.5570,10763.4687,13328.4051,2776.0463,11612.2530,13778.8373,11941.4159,12151.0795,13196.5688,7797.1833,7355.6101,11037.9860,12083.9579,8499.3567,12967.4983,6890.3562,4179.2193,0.0000,7966.3388,12143.7807,9777.6548,12940.9317,8045.9859,12697.6266,6139.2804,5953.6657,7023.1306,4849.5888,3285.7061,6619.1713,2904.9198,11057.0601,13774.1690,3847.4906,12568.6861,11225.6518,13070.3762,5026.4757,8597.5803,13263.9226,401640.8812,415543.9574,403711.5569,410584.3787,401446.2661,410227.0820,410955.5801,408738.9573,362244674.8969,362284293.1871,362278098.6044,362254351.5363,9530.2592,12054.8380,2595.1848,8555.2299,3761.6582,10225.0334,8591.6439,8714.1676,4806.2140,2480.0988,12368.9427,3910.4088,9149.2076,13313.2014,12091.6755,0.0000,9642.9241,11335.9396,3159.8897,9224.2201,13715.1985,6848.4651,8380.3508,12873.5791,10272.6761,7800.9887,12091.1636,10753.4843,10064.7859,1738.6269,8938.0766,12650.3254,12410.9599,11744.6468,6703.0691,7461.7380,8568.3184,5292.8421,395471.3206,409363.1460,397600.4804,404581.6079,395390.3070,404157.7391,405113.9861,402686.2672,362243583.1247,362283200.0160,362277006.2505,362253259.1776,12527.0480,7636.0719,4921.8371,9274.0184,2870.4318,1374.3632,13147.7828,12382.5906,8215.2150,7699.8595,10257.0308,1314.8285,12236.6953,11683.0201,0.0000,8887.4289,3374.6057,9355.1004,8179.3239,9960.8501,8692.0104,13516.9489,12457.4019,9657.2180,12079.1502,13391.8071,9909.7487,13813.3990,9781.3413,5105.8959,12980.8689,5641.7643,5015.6042,7825.0164,11917.5387,8557.4097,5763.4993,401694.8405,415649.9196,403897.8921,411008.5610,401872.7808,410464.3899,411484.5994,409044.7211,362252220.6326,362291837.7231,362285643.8229,362261896.6206,12369.7408,13682.5085,13115.6804,10972.3998,12582.1815,9554.6073,9477.1786,11879.6769,11244.4389,9725.2743,12173.5270,6048.1881,1767.8234,0.0000,7074.3823,10711.5946,10787.1426,13208.3484,5774.7614,13461.7521,8309.7204,5336.8146,5929.4907,6200.5618,3615.9748,5270.8613,5267.7095,12429.2917,13632.1933,3074.4726,11341.2720,9545.5139,13690.8252,6411.2097,8110.5503,13662.3901,403999.6698,417916.4584,406084.9551,412983.2102,403856.2859,412602.2678,413341.1047,411124.4028,362247296.1362,362286914.5422,362280719.8895,362256972.8047,7686.7682,4987.8806,8306.5029,6509.9724,10531.0767,6907.4338,1031.0329,12006.8094,4394.8225,7085.3788,13792.4187,12042.2774,0.0000,8604.7540,9670.5984,2965.9768,9410.3852,13287.6434,7440.3376,10260.3025,13469.0608,9489.1916,8399.5343,12949.8040,10062.4109,11444.9431,3802.8261,8139.0611,13254.1410,11470.0036,10162.1237,6918.5925,8088.5459,7395.8883,4153.3809,397176.6325,411071.7921,399323.3570,406335.5404,397139.7553,405888.7768,406891.3704,404425.1402,362246029.0730,362285645.8473,362279452.1514,362255705.0872,6389.0778,7444.0151,5257.5884,10724.3618,11387.4623,8522.6513,6296.0863,10837.1195,5890.0850,11804.7909,13455.0744,0.0000,11933.7511,7387.3946,9979.6475,3817.4665,11555.8427,4482.0411,11797.6566,12050.3878,12496.7517,13104.6672,13246.3854,12670.7738,13213.6326,7907.9716,541.8839,13197.7431,6109.2560,8995.6107,3590.1750,12877.9408,11498.4839,3913.3930,397238.0356,411211.2434,399445.9201,406565.9685,397456.2582,406005.8137,406994.9770,404595.3021,362248459.6239,362288076.6859,362281882.7886,362258135.4882,10794.4833,8719.8999,7503.5151,6515.1959,5531.6347,10455.0594,7286.2528,9419.3074,12599.0762,13366.4328,0.0000,11894.8996,11430.5511,6668.8225,6149.2223,13743.5580,3359.3302,8173.6902,12350.5912,12396.6807,10345.1746,12281.2229,12710.2923,10625.3970,2204.2967,6685.1795,12853.3977,11094.1494,12301.9264,3435.2132,10033.0609,11079.6886,4160.7999,393662.3945,407588.8809,395816.2435,402841.5463,393688.5325,402370.3820,403315.4614,400921.2740,362243006.7154,362282623.6639,362276429.8481,362252682.6557,3061.8192,13664.1380,12409.9938,8565.4412,8689.8145,9827.0223,2140.7414,11730.5576,9828.2984,0.0000,6668.3838,1943.0834,9178.1385,10173.7651,8543.2209,10647.1292,13627.9881,11877.0391,7421.0776,10866.6488,12536.2554,7656.0736,13218.2438,10819.2537,7585.0307,11954.6156,6366.8660,2606.4898,9926.5822,10770.3900,6605.0767,7763.8037,404022.4167,417964.9061,406207.6659,413286.0735,404139.3903,412770.8473,413767.3892,411339.2373,362253282.3588,362292899.6389,362286705.6364,362262958.4944,13087.8329,11731.1957,7085.1489,8723.6542,9300.0423,943.0222,12796.2446,11726.2845,0.0000,8394.6512,4210.6435,8285.7006,8584.8612,10616.8221,8626.0969,13319.3525,12915.7888,9292.9343,11465.4728,13569.6632,9651.0854,13689.9562,9008.3478,5558.7263,13248.1589,6859.2560,5525.3826,7724.5579,11284.0391,7854.2730,5091.9735,401288.8469,415231.0951,403484.8644,410583.3630,401431.8149,410054.0325,411086.4439,408626.7741,362251678.8431,362291295.8199,362285101.9913,362261354.8251,5983.1468,10455.2716,10166.4897,9542.3555,13347.4420,7970.3468,10734.8086,0.0000,12668.8142,13550.9810,10204.8073,8198.7197,11492.2439,7499.3111,2235.6562,7435.5460,12377.3243,9308.4146,6976.7552,12255.8347,5216.6009,7714.4224,10660.2596,8037.5983,11968.4880,13762.8924,8406.6704,9157.1832,12605.3612,10555.6645,394670.4489,408608.1096,396775.8057,403712.5050,394606.9720,403294.5641,404048.2597,401832.6123,362240543.2590,362280161.1629,362273966.7828,362250219.5494,6347.1162,13015.6620,4364.8418,12022.8879,11297.3060,10103.1543,0.0000,9730.6987,13124.6441,5362.1718,10718.0609,12799.4251,8836.7904,4631.9153,10574.6564,9774.4864,5351.5570,8972.8789,10013.7278,6127.4360,4943.7573,11594.5198,9894.2242,13648.6298,13032.4201,9230.5909,5069.4840,9140.9272,9242.6764,395771.8175,409655.7286,397858.4753,404762.8197,395584.6671,404394.5683,405232.7388,402904.6377,362241285.6287,362280903.0523,362274708.9779,362250961.9220,12468.0794,3433.3394,7562.6142,13718.3232,11555.2779,0.0000,8057.9712,9963.9372,1951.3187,10079.6464,13199.6438,8120.6401,9967.8950,13330.3496,8921.2990,7557.1380,12599.9405,9519.8916,10977.3753,4009.2640,8952.6566,12931.8112,11935.7999,10265.2014,7690.5963,7243.8306,6806.9225,5125.5750,397518.7873,411405.8980,399655.1058,406648.6222,397446.5144,406218.5729,407208.7451,404747.9976,362245803.5218,362285420.3473,362279226.6251,362255479.5873,13353.3291,8661.0785,7271.1152,11244.3177,0.0000,12311.5733,7321.7747,13160.1127,5440.5716,7470.8975,8006.4882,11350.5447,7948.3005,12269.4829,13596.0007,10256.6219,12020.0592,11720.9784,11714.7009,5835.0130,9818.1276,2886.7089,8356.2340,7971.6423,13499.2347,12641.6006,9491.4142,400212.3230,414216.9062,402408.4517,409505.2009,400451.7645,408944.1888,409806.6639,407541.8557,362249568.8633,362289186.7514,362282992.3600,362259244.9802,9508.0861,12699.9498,9573.7157,0.0000,6784.2302,11050.6254,1578.1824,11644.2857,12454.7140,9867.9061,8364.5452,12101.0572,7311.9633,4408.7152,10690.7029,7863.7160,8701.1412,5358.6754,11166.2537,11151.5954,13043.1590,10801.4546,9755.7987,4083.0774,5718.3296,8042.0548,398477.4238,412348.4361,400579.4888,407511.2644,398304.3320,407131.1090,408052.3974,405641.7365,362244720.8675,362284338.0118,362278144.1106,362254397.1251,12526.0473,11224.1302,0.0000,7895.6273,3392.1943,8590.5410,9074.6154,10022.8698,9286.0213,13504.7842,12662.3385,8769.3226,11355.3461,13337.9281,9098.2000,13639.0183,9629.6948,6132.8236,12931.9316,6592.0795,4645.8437,8433.5228,11198.5584,7478.3125,5950.2734,402187.5925,416130.5045,404381.8626,411476.9615,402327.0215,410949.7463,411974.4651,409521.9799,362252308.5003,362291925.5593,362285731.6835,362261984.5236,6955.9282,0.0000,11196.2546,10692.4669,13365.9230,10127.1356,5018.4219,11459.5975,8179.1521,1016.4355,10426.6629,10667.5853,3943.9214,9840.0804,6758.1274,12925.1593,11530.7627,3362.7787,8639.1356,10359.2154,11896.6463,10721.7279,12017.7035,13304.3919,401727.5068,415699.8653,403851.0605,410817.1479,401756.2123,410360.8633,411072.8473,408919.3937,362246790.8463,362286409.4178,362280214.6408,362256467.3607,0.0000,5731.3422,9632.9996,10502.1170,13464.6206,5263.1744,13757.7691,9553.9036,6425.8633,4522.8690,6257.2907,5227.2172,3771.1181,6753.9983,12638.0328,13430.5046,4491.4245,10889.3906,8269.0422,13844.4357,6472.9298,6945.5623,13397.2456,405161.1760,419076.4780,407255.0468,414168.6935,405033.1009,413778.6665,414550.1779,412302.9759,362248849.2885,362288467.5983,362282273.0046,362258525.9397,0.0000,0.0000,0.0000,0.0000,0.0000,0.0000,0.0000,0.0000,0.0000,0.0000,0.0000,0.0000,0.0000,0.0000,0.0000,0.0000,0.0000,0.0000,0.0000,0.0000,0.0000,0.0000,0.0000,0.0000,0.0000,0.0000,0.0000,0.0000,0.0000,0.0000,0.0000,0.0000,0.0000,0.0000,7598.1470,7127.5379,13413.3011,8442.3527,13054.3223,11550.5229,10817.1516,1312.0588,5682.3577,9893.8626,2094.4810,9980.9942,10796.3252,12117.5262,9498.8365,10987.0691,6271.4088,12735.6186,5736.0274,1504.4370,10767.1704,404964.3977,418855.9103,407080.0311,414033.9997,404848.1756,413629.3459,414537.4067,412152.1055,362250567.1463,362290184.7387,362283990.5760,362260243.5934,10545.4956,9752.7803,7334.9728,10752.4522,13687.7398,10983.0257,8075.0630,11635.4257,12045.0577,8113.3563,13167.8927,11708.2036,7389.1445,11333.6251,4776.4445,1928.7297,10114.8629,11565.3361,7841.8254,8603.8772,404453.9068,418413.4346,406645.2610,413734.0282,404610.0416,413203.0549,414173.0523,411780.3124,362253706.5128,362293323.9878,362287129.8643,362263382.6724,11189.5295,12884.4595,9319.4172,9313.5758,12859.8128,7874.4122,5848.7881,11738.6508,8487.2939,9925.6514,4812.6025,10360.0876,12122.9275,12685.0260,10501.8787,9053.3794,5534.2694,5887.0374,6885.0050,398213.4666,412088.4694,400330.1079,407288.1986,398078.9852,406888.2226,407846.3857,405405.7512,362245354.1050,362284971.0778,362278777.2752,362255030.2777,11491.1763,2961.3133,9809.3986,10378.9354,13665.7717,13288.0513,11778.5186,13682.7152,11700.3503,8032.4238,3519.7403,11952.1325,6972.0302,11062.7564,3143.8624,13073.4513,13162.8994,6252.5226,395347.4882,409333.2334,397540.4310,404633.6669,395551.7548,404085.2485,404993.3803,402674.1460,362245710.7683,362285328.1402,362279134.0533,362255386.6933,12880.8982,11317.1368,5353.0612,7725.2437,10491.1937,6752.9810,7069.8730,9422.0902,13833.8389,11350.7960,5527.4407,7002.5320,6430.4390,12883.5303,10587.3483,9572.3746,13008.7380,405624.7938,419590.9042,407766.2142,414764.0951,405679.2747,414291.0595,415079.5443,412852.6023,362251321.2803,362290939.6830,362284745.0139,362260997.7990,8885.5239,11460.7746,13435.3567,12201.1868,12175.3864,13594.3747,11275.0011,5444.7804,4552.2093,12587.4978,9120.3956,11928.2108,1123.8634,11934.8030,12520.5041,4725.2794,393868.4885,407829.1684,396046.0998,403113.0867,393999.8035,402595.9080,403524.8128,401169.0261,362244016.3766,362283633.5060,362277439.5701,362253692.2756,7428.7467,11173.8993,7516.9693,6104.5192,11064.8855,3484.1625,7769.0260,11795.4279,7305.2164,12795.8070,13619.5032,9652.0994,7391.7146,11505.5162,11123.6472,395690.3063,409607.9257,397776.8719,404679.8697,395554.7069,404294.8303,405040.3999,402818.2622,362240563.2128,362280181.1511,362273986.7604,362250239.5949,10006.9367,9886.7340,2938.6403,9427.6042,5789.7622,12531.4441,11812.8712,2500.4248,9252.9525,10565.2209,11928.2888,9949.4866,11619.5122,13259.6613,401492.1267,415455.1697,403606.2635,410555.7199,401485.6433,410115.5479,410822.5028,408666.9379,362246177.1630,362285795.7182,362279600.9545,362255853.7006,5376.2958,8963.2295,837.4996,9264.7042,11326.4671,12635.5810,8513.1083,11107.4769,6620.4527,13208.3848,5497.4022,2698.1162,11554.8479,405316.6023,419210.3526,407424.3902,414364.0001,405186.0380,413967.9428,414844.2606,412488.6589,362250308.6541,362289926.4192,362283732.1547,362259985.1665,7783.8335,5595.4815,6082.4962,8763.0247,13289.7483,8204.1580,13440.4727,10780.2901,12307.0095,344.2574,5537.2737,11314.6010,400972.6521,414843.4934,403046.7726,409927.1712,400736.6075,409581.6211,410409.9953,408082.0058,362244978.2370,362284595.9369,362278401.7133,362254654.7449,8418.5175,3383.5216,11970.0524,13114.5031,1377.7064,11272.1031,11362.6763,12670.7815,7893.0099,10649.1694,13623.4885,401302.1293,415236.6504,403389.0019,410290.1212,401191.8882,409897.2463,410592.7379,408427.5322,362244822.1828,362284440.6987,362278245.9697,362254498.7996,8973.2626,11718.7968,12775.4145,7887.4514,10923.2550,6591.1118,13408.8501,5745.3372,3505.9719,11949.7520,405601.3753,419500.0188,407707.9830,414645.2331,405475.3120,414248.3257,415107.5322,412770.4632,362250374.5090,362289992.3829,362283798.0529,362260051.0515,9950.5136,13186.7239,4637.4495,12788.7403,12632.5678,11858.9056,6117.8405,10323.0980,12736.9047,398895.6085,412806.5171,400967.9773,407844.3708,398718.1855,407480.3129,408194.2307,405996.1432,362242385.7158,362282003.9505,362275809.3930,362252062.2733,8248.1713,12600.3317,12104.4397,12292.2414,5468.7638,8431.5738,9854.5614,5006.0300,394312.1563,408217.0124,396447.3226,403439.3210,394264.0256,403001.6557,403943.6937,401537.3290,362242770.7025,362282387.6367,362276193.8391,362252446.7164,13045.4107,5761.7752,9008.6243,3750.2911,13070.8613,11742.5553,4422.7885,397316.8867,411294.7362,399526.1194,406648.4104,397545.2371,406084.2913,407065.0423,404676.1248,362248520.2582,362288137.3761,362281943.4441,362258196.1296,10629.2829,10550.8383,12996.9444,8334.4172,10401.9108,13797.2645,402496.1798,416436.6227,404590.1876,411503.7224,402409.8954,411099.6465,411802.1065,409634.6767,362246149.1899,362285767.7542,362279572.9961,362255825.8203,6011.3697,8754.2444,13354.3809,11329.2258,9113.6202,402209.7818,416206.2193,404414.3343,411526.1124,402454.0923,410959.5763,411871.3242,409556.8155,362251938.9988,362291556.7384,362285362.4404,362261615.1079,11381.9585,10760.2998,6795.8952,9809.4244,405718.1483,419667.6752,407894.0796,414955.0510,405823.3471,414448.4624,415395.7040,413015.8254,362253971.8459,362293589.4618,362287395.2619,362263648.1122,12036.6200,12148.1676,3766.5795,394377.3725,408336.9790,396562.0838,403641.7469,394522.9767,403116.4519,404070.7157,401691.8123,362244900.2601,362284517.2972,362278323.4166,362254576.1312,5513.3450,11030.3608,400703.4834,414574.7658,402779.5188,409663.4639,400472.3618,409315.3346,410149.0672,407816.5706,362244874.1745,362284491.8369,362278297.6347,362254550.6629,9896.0414,403980.6136,417865.3137,406098.5125,413057.0133,403860.1200,412652.5122,413586.3263,411173.6604,362250023.6411,362289641.0439,362283446.9937,362259700.0232,396313.7384,410249.1093,398498.4379,405578.2136,396422.5776,405065.0996,406082.9903,403631.0959,362246955.1743,362286571.9501,362280378.2354,362256631.0437,14531.5785,4806.8006,15164.1241,14533.1886,10335.4328,17934.8393,10848.2733,361917874.7772,361957470.7208,361951288.6511,361927537.6874,12249.7895,10989.7328,17942.3778,7417.3819,16216.9527,9196.3390,361905228.3194,361944823.3261,361938641.8035,361914890.8374,10465.3008,10767.5584,6807.5260,14234.2344,6339.0301,361913757.8987,361953353.9545,361947171.8287,361923420.9321,10389.3446,6957.2891,9581.8010,4478.9958,361903756.0860,361943352.1990,361937170.0528,361913419.2489,13627.7273,17120.0145,10515.2263,361911092.5612,361950688.7515,361944506.5922,361920756.0147,10389.3446,3304.3421,361907543.8205,361947139.7584,361940957.6907,361917206.7178,10228.9891,361902329.0401,361941926.1933,361935743.4061,361911992.3677,361907449.4756,361947045.5056,361940863.3977,361917112.5212,62961.8468,38946.0675,23559.5800,29705.8427,45598.6132,26494.6244,
18000.000,11279.6823,7901.5496,13779.4249,10328.7050,10675.3839,13709.8215,11464.5306,10389.0738,12596.0843,7220.0082,13252.9703,12230.5497,10959.8975,6465.3193,5914.6411,12688.0980,11132.3719,8978.8170,6222.2676,6776.1284,1235.0673,10961.0721,2141.9807,11866.5202,12295.0278,10360.1422,11962.2593,2743.1097,9762.2779,9009.0195,5366.9413,10839.3746,6698.6012,12081.2284,6680.7425,7422.0904,9346.1260,9718.9024,12341.5695,13843.1763,9139.2515,12459.6699,6154.7624,9420.7784,8716.8577,12878.9290,10693.6319,7278.1841,10485.7851,6549.3272,7403.3651,12364.3354,8619.4304,11283.6115,7553.7858,9288.1738,5153.6435,12776.3221,9503.6003,5242.2994,1717.4642,12357.6426,11367.9245,5683.7182,9118.2905,9575.5117,10366.7373,7689.5236,7354.3027,245.5363,1313.0958,12651.0544,3734.1523,8109.7455,12348.7865,7370.8857,0.0000,9361.3347,13389.1744,1430.7282,10409.7962,11170.5796,10996.9878,10459.9615,12316.6389,9175.7057,6689.0937,11853.9070,9985.2689,4806.0263,3209.9705,12525.7635,12350.0327,11636.2143,9399.2457,11218.2728,5477.3526,8718.7039,10893.9165,396763.4898,414994.3003,403972.6168,407030.6662,398432.1520,409423.4949,407339.5397,403626.6314,362246286.5932,362292681.2897,362284070.5541,362253576.2784,7662.8580,7359.6076,10579.4397,10580.1907,8832.7138,6564.7580,7296.9422,7463.8243,10153.3523,4755.7778,8858.7210,8151.8189,6856.1177,8022.1301,6932.4354,10308.0394,11559.7591,10521.7651,13510.4963,11055.1334,11786.0109,10101.1707,7658.5517,7681.8548,7613.6686,11511.1346,10085.6608,4314.6188,13648.4488,9083.0048,11851.3949,6929.4490,2579.2535,7516.3427,13807.8113,13675.1723,11478.2218,2199.9357,8632.9733,13307.2001,12036.1198,12484.2108,4992.3145,12880.6265,9413.6110,10137.8081,13478.3274,1425.2347,9213.0981,13641.6910,11420.3215,13358.5713,11948.5081,11385.7500,13484.8451,10185.6545,11266.4472,13554.4774,8424.4283,11967.2723,12303.3335,1847.0063,12219.5643,13760.7728,10466.0933,13252.0811,13813.3328,7058.6746,11350.2868,11633.3124,11738.3856,9986.6219,13786.1576,6244.1684,9422.8369,0.0000,10638.0199,9674.0518,10517.4882,12842.1316,8846.2544,9770.5307,3404.0120,5322.3171,9940.2720,6023.1298,1870.6247,5648.0781,7790.2575,12703.0693,10829.8481,2810.4417,12224.3688,12814.6508,10374.9749,9608.2469,12144.2213,12086.9034,395146.7777,413247.3714,402301.1884,405233.5486,396607.5399,407869.7531,405843.4551,401968.0016,362244659.2382,362291052.9020,362282442.9239,362251948.7858,11785.4331,13381.1566,13595.4287,10741.8829,12045.9714,3465.1944,12669.6912,3315.8714,10580.0953,13266.1205,4862.0514,3159.9657,9246.1840,12394.3610,6891.2675,13287.2231,3735.8115,11992.8423,6911.3031,8648.8647,8058.9271,12722.3554,12784.9132,3549.1804,13322.6167,8600.6191,9522.9452,11346.2078,2789.4223,8553.3776,2816.5945,9611.7126,1947.8677,11496.1762,11641.0556,13532.4557,9104.0967,11736.9958,13099.2820,13198.1091,7175.0352,3010.3893,8611.1051,8913.8614,13478.1491,12332.5058,6581.1169,2079.0076,10161.7666,10204.6805,9646.1813,13821.9744,5475.4721,12726.1991,3698.9322,10811.9208,12835.5040,8970.7063,7847.7370,12536.2813,9007.7391,6625.2227,11833.3861,5269.8995,12872.1505,11590.3439,1548.0377,7866.8022,7507.8140,12224.4359,9435.0108,11914.1371,6515.2407,11587.9525,0.0000,13182.6691,12825.6649,6757.7412,9896.2401,13106.4729,6117.7912,4725.9305,11400.5021,12837.0897,6451.1312,9156.4974,10739.7601,6585.1474,8710.1154,9642.2230,9785.1140,13675.7486,13439.9678,7056.8248,10432.9982,13293.7688,9036.1116,400415.7616,418588.1879,407617.5116,410672.0763,402042.7487,413160.0554,411163.8634,407327.3449,362250749.8712,362297143.9833,362288533.6796,362258039.4850,7975.4407,7842.3509,3822.5385,6233.0971,9931.9690,4176.8665,12531.2847,2889.9311,5155.7368,9381.4994,12065.6908,11611.0660,3903.1547,9595.0282,9785.4219,13068.2035,12134.8485,13715.4417,9830.1359,13222.8133,5650.6106,4866.9369,10023.6853,6357.7591,13144.6633,8655.5008,11096.4690,12808.0413,10018.5130,12124.8171,5490.3707,12267.9234,12076.6262,10859.0933,9103.3071,5408.7609,2081.1192,10400.6381,6586.1726,13059.3037,10298.1306,11798.3832,6733.2993,7741.2835,11808.3909,8485.1708,12644.0011,12354.9861,7796.7969,11793.0335,7674.2886,12379.3632,10416.1077,13273.8667,6965.5886,10358.5897,12071.4733,13860.7766,7221.6952,6893.7482,13270.4487,11017.9422,11133.0526,9430.5836,11913.7116,11921.4094,13757.9040,13844.6331,6471.3490,12584.4267,11578.5181,7216.9231,10713.8932,0.0000,9231.0392,3106.3624,13686.0246,10364.4712,6874.4558,9714.1813,9002.7483,4365.4303,9306.9244,11563.2659,6165.0635,8266.1572,12516.0661,13682.3544,7574.9783,5184.3937,7469.0925,9919.7662,9527.6107,11790.7392,10211.0169,9911.3654,397121.2624,415172.8982,404211.4956,406954.7825,398367.1977,409723.2638,407553.0639,403752.0232,362242304.1408,362288698.3984,362280088.0889,362249593.9743,390.5994,9978.3306,5246.1841,13447.2759,5023.7316,13388.6216,8769.1164,3450.6491,13250.7397,12329.8805,8158.8426,5595.0675,12877.7811,2202.6057,13224.6966,7041.1288,10962.5017,12015.2287,9648.9814,4219.9118,4503.3932,13484.5798,4815.0419,9258.0502,8253.9339,9014.6455,12692.3193,12102.2097,12585.9848,8970.0356,12892.8329,8380.7136,8774.3580,1425.9388,9750.2546,8547.7315,5396.5108,6552.3323,12028.9208,12873.8216,11754.6836,11737.7996,970.7950,6514.6044,11122.3367,13257.5617,10122.6391,10934.2938,10959.1326,3223.7556,12925.3075,6493.5396,12886.4112,10368.1229,6551.6024,8571.3011,10711.4356,8045.2865,9360.8758,12237.2856,8455.7401,13339.5500,6601.2859,8316.3662,13018.2099,10346.2894,10814.2147,8327.5806,8123.0717,7886.7730,12551.9049,5204.4678,0.0000,1762.8961,6476.6932,10968.1622,11078.2858,2681.7158,13139.6004,12329.0227,6681.5678,2679.4514,10653.1562,9430.0783,6758.4413,10575.1802,10360.5717,11386.2527,9026.7663,4584.3569,3945.6552,12835.5428,6832.3115,2984.4301,11775.6322,393248.4176,411374.2048,400361.6070,403151.5197,394586.9059,405790.1882,403559.7613,399871.8503,362238577.5569,362284972.3083,362276361.6120,362245867.4075,9965.6236,5085.0740,13603.9571,4791.7710,13658.2260,8651.4826,3178.4545,13403.0459,12543.3760,8356.0134,5380.1312,13057.2175,2548.5056,13514.6790,7419.0929,11302.9268,12219.9013,9959.1715,3992.3924,4262.3996,13647.2319,4846.0353,9560.9858,8262.2690,9313.8775,12965.0920,12312.7996,12798.6628,8892.7278,13119.1459,8734.1027,9063.0977,1758.1473,9688.8316,8470.8248,5709.2666,6609.5647,12359.7887,13013.4836,12044.0653,11820.5441,742.3930,6886.6144,11167.4568,13519.1379,10461.2119,11065.7639,11260.3831,3309.5927,13211.7494,6791.1878,13182.0054,10467.8378,6840.3062,8793.9325,11072.9634,8150.3692,9321.4203,12568.6563,8755.5264,13568.1760,6836.4864,8663.3672,13227.9078,10695.6618,11168.3300,8405.0386,8418.2318,8224.6130,12618.7037,5393.4709,0.0000,1981.3489,6370.3141,11292.6048,11316.2144,2453.1277,13316.3268,12417.2203,6522.7945,2801.6761,10823.6845,9374.0722,6731.3581,10807.0235,10734.8186,11505.5486,8939.8713,4672.7702,4255.3695,13013.0293,7086.8211,3343.8225,11986.5385,393067.7719,411188.9572,400177.9393,402960.0266,394395.6777,405608.1064,403375.6766,399685.4086,362238321.8528,362284716.5830,362276105.9032,362245611.7024,9381.6318,8215.2301,7565.9070,10800.6744,5617.1191,8086.0019,7099.7838,11979.9850,13120.4701,7385.5931,6573.1532,11324.3655,11550.0939,11944.8034,13369.8556,6767.7302,13703.3048,8835.5126,8147.6292,8184.3424,6862.5054,13822.5515,10959.6689,9576.7945,11952.0600,6985.5208,11935.1124,7927.0097,11746.6531,11181.5967,9384.5357,10726.8722,7412.7387,2115.9311,10439.0635,6082.5635,11302.2404,9941.7822,9436.8635,3247.9047,10074.7722,11737.6738,9583.2676,11419.3261,10797.2714,4520.2974,9676.4264,8702.6906,10268.4637,9934.9257,12147.5650,3774.1998,9845.0528,13386.1541,13351.3215,5656.7133,9086.6021,11626.9682,9737.2671,8597.1736,8756.4866,10985.6656,11365.8568,13627.6123,13412.0778,4668.4239,13552.2945,10736.2401,5568.0911,12641.0657,0.0000,11227.2668,4370.4405,13576.2678,7724.0988,9685.2550,6877.6979,9046.5514,7666.7916,11506.1832,12558.7629,8370.0482,10899.8611,13231.9392,12950.2554,4093.4622,7666.1474,7910.6463,10541.5996,6466.1556,13232.7699,11410.5876,6916.8100,400867.5991,418929.2745,407964.2460,410721.9254,402134.1781,413472.0409,411303.6502,407509.3956,362245616.9316,362292011.4041,362283400.9636,362252906.8467,11929.9326,2604.0626,13320.4940,5308.1706,3416.8000,12156.0009,10677.1236,7158.4857,2569.9189,12934.0079,6788.8669,13362.6077,10994.8142,11865.1876,13119.9938,10115.0819,1567.8197,2183.4722,12107.2719,7940.8052,9725.3208,4288.6021,12327.5944,12194.8585,13223.6733,10924.1903,4548.8502,11510.5178,12037.2530,12175.5959,6484.2018,5617.7897,7882.2164,9937.9443,9309.7453,13632.9842,10423.6376,13657.3799,11376.9886,4442.3305,10668.9467,7434.1173,12709.5486,13041.5494,11989.5375,13402.3510,7546.7691,13663.5118,10688.7707,12904.3848,11418.1239,10747.5464,7848.2562,12256.5579,10515.7217,4904.5300,13611.7892,12036.2725,13434.3572,10530.5648,12003.9853,11413.6791,11545.9603,12110.4077,10280.8140,8789.8863,11725.3628,10528.6643,5784.3312,0.0000,5443.3426,7028.2875,11474.6857,13107.8956,2730.0288,12860.5867,9336.3585,2363.5304,4764.8549,8449.6051,5018.1110,2868.9892,9379.3540,12528.7737,11956.1720,4650.2210,8429.6968,8795.2053,12929.3395,7378.8689,7708.7481,13123.5604,391850.7659,409948.2555,398971.3319,401796.2628,393203.8783,404470.5725,402325.9870,398542.3180,362239073.4948,362285467.5934,362276857.3309,362246363.1690,11900.7096,4697.7225,9042.3835,12662.5095,1723.1959,6094.2546,11202.2151,11563.9379,4598.2742,13813.2462,5714.4630,12804.6000,9477.6658,6962.2100,10582.0218,12379.9082,12203.7680,379.1321,12356.9956,11036.5824,10270.0783,11132.3273,5849.5454,6935.8754,5812.1362,8898.2410,5223.2990,11971.7736,11333.0069,13808.8245,8087.2292,9589.5805,13219.7336,11914.5196,8148.2508,3700.2722,8284.6017,6072.8673,13534.3164,13023.8566,6710.5969,4812.7921,10523.5708,8055.8294,9441.9315,13352.9389,5915.4701,12664.0609,6343.0177,8625.7138,12713.0354,11109.1215,10091.3979,11063.5018,8803.5486,7910.4636,11661.8854,4108.7701,12380.3456,11972.4767,4643.3528,10320.7844,9893.7396,10526.0801,11585.1074,12175.9802,3464.1702,12896.2006,0.0000,13695.8455,11212.3259,9501.4029,8793.3197,13052.3244,3676.5297,4362.0789,10686.9821,13498.6620,8671.2362,8596.5234,11348.4232,9219.7089,10498.3910,7233.7737,8932.8115,12942.3575,13604.8542,4750.3961,12227.2129,13830.8327,7480.7373,401987.3522,420120.9182,409161.7141,412141.6068,403516.1995,414714.2743,412692.6887,408841.8073,362250992.1531,362297386.2702,362288776.0012,362258281.8436,13589.2288,4388.0503,1801.2251,11767.9718,11905.9969,9208.1763,655.9446,12139.0701,7032.4709,13786.6962,10973.1099,12890.9755,12105.4129,11598.9607,1571.4751,730.7599,12032.8199,6194.9458,11298.6672,6479.6173,11536.5369,13027.4814,12247.3422,12095.2224,5133.8087,12503.4001,11694.7326,11301.8807,6401.9488,5894.0958,5771.6478,9329.0472,7445.3261,13657.9011,11158.6995,13081.0062,10042.2863,4400.0672,10566.0481,8523.4249,13314.5876,12658.7199,10504.6359,12773.6483,6300.0350,13595.0756,9911.6718,13585.4432,9758.8241,9914.0055,9813.2189,13076.8655,8749.4942,6107.5697,13779.2112,11232.7102,13078.8255,9392.9541,11592.4559,12338.6065,12630.9257,13024.6820,8425.0861,10405.8144,11221.4483,9972.5016,7560.4682,0.0000,6012.5231,4686.3056,12691.3998,12075.3613,3029.2680,12210.1064,9973.7970,2316.1279,5856.6266,10275.4955,5825.9066,5338.3773,11121.3434,13053.5401,10529.4040,5035.5417,6921.4670,8288.0699,12099.9082,9137.7430,7795.0926,12077.6438,393429.0479,411504.2639,400528.5205,403293.7736,394710.5472,406019.4885,403839.1818,400065.9911,362239276.3464,362285670.5962,362277060.2603,362246566.1150,12055.7603,13809.4488,5087.7719,5547.4345,10425.6234,13443.1473,5567.4842,12998.7346,1192.5925,10417.8763,6075.0003,6662.1592,8221.9565,13670.2228,13682.9556,4494.9033,12678.9158,8868.5368,11544.6935,9159.9505,3012.2157,6496.1250,5324.9815,11620.4662,4329.0577,9454.0711,9533.4179,13262.4628,11176.1864,11992.9436,11770.9020,12281.6609,4255.5530,6091.9425,5841.8462,8503.8192,13717.7364,10848.4650,9289.2730,1874.8104,7661.5836,8876.2887,7004.0897,13218.7426,2342.1619,11132.5531,2440.9539,9706.6064,11235.4690,10034.2731,6453.1306,11311.5553,11258.3571,3755.0861,9774.1579,3273.6744,11355.6591,9550.4832,4454.6173,7087.3525,6330.3621,11177.7837,9738.0407,9971.0504,7721.8904,12206.3659,0.0000,13283.9461,12833.0038,6458.1344,7614.4819,13757.0945,5098.5444,7538.9007,12827.4042,13220.9286,8577.0005,11329.3552,12390.6112,8026.2204,6835.2626,8542.8120,11751.5570,12858.4982,12476.9356,5723.7581,10955.0661,12736.8875,6962.8867,402423.4979,420612.7381,409623.0070,412662.1861,404046.2787,415129.7847,413090.4715,409303.0099,362251643.2970,362298037.8116,362289427.2454,362258933.0294,5969.3627,8979.6929,10487.7707,10315.5828,3800.5970,10073.3343,10436.2197,12567.1754,13022.0217,13158.2001,10907.1203,12374.2064,5496.0453,4981.7944,9235.0801,8486.6837,12281.6543,6595.4354,12515.0254,11841.7201,11058.0909,10555.9689,2806.0227,10875.2705,13171.4636,12369.9662,9949.6258,2631.3791,4636.5738,11795.9090,8942.3484,13340.7320,8527.3458,12674.4735,7719.2764,8331.6222,12782.6605,6041.5014,11773.7101,13329.6532,9434.7572,12865.8658,9384.9126,12447.3669,11936.2953,12576.4490,8846.9792,11929.8262,10824.8408,13608.5009,9495.6948,4289.1790,13373.3871,12495.5795,11203.4320,11233.3758,13070.6543,10462.4650,13272.0103,13466.3194,8789.6486,11812.4877,12835.9616,6460.9028,10098.4360,0.0000,9586.5763,5731.0688,12916.1337,11725.9417,7033.3226,9913.0684,6977.6128,2990.8039,9286.9977,9721.4259,3459.0791,6641.7210,11035.5332,13786.4815,8996.2068,2445.5146,9466.8541,11208.2485,10056.3833,11029.2590,11018.3245,11096.5951,395845.5449,413904.9431,402954.5853,405756.1445,397152.7056,408495.4991,406381.2011,402541.2268,362242655.5258,362289049.4716,362280439.3498,362249945.2363,12425.8206,12476.6687,9246.4485,2448.1446,12422.8266,5592.4771,13912.7216,9785.2848,12632.3765,12014.1652,11366.2352,1882.5492,1500.5121,12752.6274,4991.5177,11035.1161,7401.5003,10610.9261,13295.7762,12149.9825,12685.4288,6712.0812,13041.2930,10635.7401,10339.9386,4844.8943,7465.6362,6277.1007,7925.8496,6509.1785,13318.7153,12104.3595,12683.3679,10492.9971,2912.8787,9310.3689,9774.9531,13646.0447,11876.3446,10418.5469,12178.6002,4718.9169,13574.2646,8635.0159,13708.5365,9657.5957,8633.9525,9805.5768,12636.3472,8028.5812,7536.4060,13505.3483,10203.8528,13316.4507,8177.1097,10523.9707,12965.8071,12253.5313,12652.8022,7898.6772,10038.4497,10096.9846,10973.6169,7030.2529,0.0000,4716.1978,4490.1773,12527.4094,11638.6961,2100.7898,12604.8341,11113.9067,3986.1573,4860.6685,10846.3482,7351.2069,6025.6684,11386.8129,12444.2996,10631.6115,6652.8421,5535.4680,6769.0914,12372.1806,8722.4937,6327.9040,11896.5066,393426.6572,411512.2745,400523.6795,403276.9988,394703.4451,405989.6683,403779.2013,400039.7784,362238695.0512,362285089.5084,362276479.0321,362245984.8708,7486.5507,12043.8818,11470.4740,3033.1657,13689.7407,6191.0274,12473.9866,10072.4309,5533.8096,11334.9732,12394.5630,12120.9937,1473.5228,11560.8037,11780.8356,11082.2306,10264.3973,6841.7972,5532.8190,7236.2468,9349.9349,6603.7293,11418.9597,10433.8057,13597.3927,8524.6517,8706.6865,12653.4153,10903.3642,7880.1719,5273.5780,7381.2835,4569.6282,13411.4528,12659.2530,7807.2947,5745.9413,9883.6394,6547.6197,8556.9190,12756.1727,5611.3982,11963.4458,7063.0414,7174.3084,11984.4860,11971.5316,10456.9294,9881.0899,9510.0555,7814.5629,10826.7453,3290.8752,11520.8091,11379.0375,6113.9885,10862.6350,10354.9539,9306.6358,12235.9064,11544.8582,3101.0366,13340.8591,0.0000,13689.9292,10411.2234,10251.0155,7552.0589,13042.3490,2124.9875,5643.1036,10812.9335,13639.3350,9898.0552,9182.6420,11955.3176,10336.0621,10589.1892,5671.9612,9324.7676,12177.4677,13148.9218,3170.4434,12812.2600,13632.4327,6089.2856,402973.3052,421098.2468,410135.4551,413078.3088,404460.3183,415676.5966,413626.1176,409790.4966,362251029.6458,362297423.9141,362288813.5599,362258319.4075,6607.4564,11656.4054,9389.8781,12080.2101,5325.8761,11545.9914,5793.6822,10748.3496,5899.3048,11600.1440,11868.2574,6266.7852,13411.4867,6329.0037,7474.2090,12081.6076,3043.4953,10667.8983,396.9370,8818.0729,1375.0359,11649.5727,12355.1700,12471.6511,8644.8137,12468.0389,12834.9480,13708.1880,8320.5511,3559.0303,10237.8916,10874.7085,12309.2214,11864.6562,5583.6407,3794.4664,10886.7061,11984.7278,10930.6930,13473.1742,7488.9958,12798.7096,4395.9166,12404.9545,12946.0329,6304.7492,7096.3784,13443.6961,7822.3180,7688.8532,12397.0096,7920.0737,13186.0269,11792.0576,1678.6695,6527.7759,6598.4435,13229.6430,7180.5016,12090.5906,8314.4047,9475.9616,0.0000,11774.7316,13130.3722,5169.3356,11545.8398,11853.5318,8737.2048,4942.9111,10531.0907,11201.1347,3507.8166,8273.8351,8780.4468,3667.7861,8371.1301,11564.3551,9098.7421,13662.2501,12880.3557,9532.6723,8152.9523,12238.2851,11025.3132,397398.8219,415583.3873,404608.3723,407685.2497,399055.3079,410146.3037,408156.6548,404325.9096,362248485.8912,362294879.8927,362286269.6391,362255775.4286,9215.7830,13079.6190,7574.5648,9884.9021,9292.4060,6552.4096,13393.9031,3882.6607,8101.5226,8777.6952,11354.1504,11442.1389,3351.6996,4763.7563,11940.3712,8061.0640,13368.2612,6994.7870,8368.0553,7735.1733,10636.3713,12064.0429,8199.8824,9048.1327,12553.6492,10308.3471,12550.4332,10742.0570,8799.8868,12406.1867,13462.1261,7966.2475,9382.4078,7534.9915,9219.2208,11335.7934,13759.3889,12284.7649,10537.8714,11300.3723,11010.5358,8794.4958,13754.6240,11195.0906,781.3431,7393.0325,13138.9908,7375.5542,10367.2253,11811.8407,12240.9933,11732.8536,10797.6747,8083.7412,6106.2260,7023.7323,13197.9242,2760.0987,10885.8095,11953.0761,3499.8518,0.0000,6905.6074,11980.9225,5756.1233,13211.3450,7673.0180,12805.4460,8943.7787,8505.9464,5986.2536,3758.5338,8119.2731,4867.2085,3347.0137,8435.5387,13746.0977,8718.9754,11393.7670,9649.5049,13151.6441,2317.6554,8063.8955,13409.1830,392141.7311,410329.5180,399330.7194,402341.5400,393734.5336,404818.4506,402748.8745,398984.1208,362242189.3739,362288583.5520,362279973.1674,362249478.9318,11979.1156,7547.5173,13675.7190,11355.2729,12938.0638,12084.2891,11659.9150,1929.9039,1243.8219,11710.6556,6633.6871,11377.4855,6195.6587,11816.9998,12874.0984,12227.0554,11835.8819,4547.2206,12256.8828,12022.5224,11597.3690,6954.6010,5296.0714,5643.1871,9793.5929,7785.2196,13714.4106,10765.1359,13161.0784,9845.7642,4971.0339,10974.3965,8041.8236,13132.8441,12880.5066,10502.3635,12927.1589,6848.9118,13535.0531,10327.3593,13480.0723,9773.4677,10331.2614,9826.9072,13185.6532,8996.9956,5587.4771,13812.3080,11552.2157,12927.3063,9793.1384,11923.9372,12058.7745,12725.7458,13110.4411,8610.9420,10534.0322,11574.9778,9561.0890,7801.5467,0.0000,6508.8467,4859.6090,12709.8036,12179.2278,3532.5694,12007.9495,9514.0609,1737.7615,6277.6688,10058.1784,5258.7128,5192.6434,11008.2221,13218.9346,10457.6660,4430.2063,7406.2392,8801.1808,11944.7811,9306.3173,8305.8991,12089.6040,393529.0493,411601.4571,400630.1752,403401.8290,394814.9429,406130.0916,403961.5766,400176.3462,362239601.9131,362285996.0930,362277385.8041,362246891.6640,13191.7333,6562.8248,11211.4632,10296.2441,2639.9304,11919.2335,12824.5028,12480.0829,4277.7082,10344.7651,12373.7544,12645.1706,8141.4938,7979.7592,2642.7464,9192.2070,10966.8098,8464.0557,9741.0565,8297.2024,13038.1760,10285.8820,8351.5056,11222.1952,9328.9688,6698.8920,7923.4493,5133.6650,3542.5990,13232.7337,11385.5393,10131.5471,6927.6432,8000.6285,4192.1773,6307.0110,11699.2468,4748.1717,10272.0073,7705.9857,5115.7493,10257.2946,12969.0438,10245.1016,7941.4889,11339.2156,6945.1805,8786.5709,2440.8077,9699.9449,9649.3000,8183.9289,10982.4597,10320.3817,7482.0781,12737.9618,9797.1222,5182.4872,13784.6579,0.0000,13503.9234,9750.7593,10763.2696,4874.8118,13220.0617,972.4685,8301.7243,11748.7084,13726.2167,11653.2047,10970.7117,13159.2326,11705.3717,9890.7114,3513.2972,10905.0335,10854.1906,12002.8457,182.6323,13331.4968,12928.2676,3239.8055,404422.5245,422551.5340,411572.6646,414473.7523,405871.3137,417079.5249,414975.2111,411186.0400,362251017.1712,362297411.8087,362288801.2219,362258307.0582,12653.6829,5444.6734,9758.7358,12166.2477,8455.2432,6089.2164,6494.7705,13823.6870,5925.5272,8045.8737,8930.4727,8367.5868,12152.6323,12213.5018,12357.8677,10329.2185,12628.0877,7183.4216,8197.9235,1004.8364,11086.0506,10164.3122,4452.6606,7472.9689,11182.7650,13193.3565,11280.3276,12615.2088,2896.1187,4948.2354,11858.1419,12854.7007,9167.5898,11527.9709,10364.7044,4071.5184,12462.3827,5750.5707,12212.1837,11135.5426,5872.8292,7833.9005,9358.4461,8720.8895,10470.6719,11370.2896,7767.2855,13312.2884,6382.0606,7182.5382,12879.4708,8994.7047,9507.9345,9182.8888,6886.9125,6821.2564,13450.2092,4509.6498,0.0000,1559.2105,8198.7908,9830.0204,10975.4250,4486.2007,13461.3619,12940.7397,8388.4415,2679.9682,10464.2521,10670.6037,7557.7179,9972.9169,8951.4565,12059.0508,10444.4867,5334.5504,3014.2313,13162.5228,5766.0766,1079.3535,11880.0384,393318.0217,411471.9870,400446.5486,403275.2022,394712.7395,405857.5713,403627.9148,399964.5337,362239001.2507,362285396.1434,362276785.3346,362246291.1024,9896.0820,5037.8593,7356.3019,7358.2786,13736.0182,13817.7805,5547.7293,12834.0248,8038.2910,11486.2873,9067.3353,2417.2927,7181.3891,5156.4679,11970.2618,4207.7182,9062.5670,9468.8177,13001.1378,11627.7789,12604.0487,11506.7176,12547.5878,3820.0976,6565.2066,6009.5517,9421.6859,13575.6236,10372.4332,9600.8538,1778.6813,7365.2627,9573.7932,7014.2486,13190.4237,2665.1292,10938.0402,1424.3018,10376.2123,11061.9441,9425.9497,5435.3450,11664.4565,11512.8250,3152.1661,9644.9737,4301.5669,11326.2589,9195.8889,4533.1364,6085.7745,5292.9975,11619.6147,8987.8586,9659.5458,8680.1648,11730.5337,0.0000,12981.3973,13242.4823,5466.5421,7993.4450,13695.7684,6171.3960,8072.4306,13077.8890,12904.2667,8237.6069,11667.3133,12288.5063,7427.8491,5943.8282,9342.5831,12131.6557,12917.9034,12208.0551,6707.9791,10332.5413,12365.0429,7580.0389,401848.6603,420050.5279,409054.6059,412110.2404,403495.8662,414552.3129,412511.9827,408736.9134,362251287.1501,362297681.7092,362289071.1022,362258576.8721,7300.3617,9624.4866,7655.6479,10463.9080,10666.3108,12681.0843,7421.1651,7659.7242,11893.8969,4475.8311,10256.9413,9583.2413,11734.6903,13082.1449,11586.9790,2252.6373,4553.3940,5898.6886,13461.0264,11678.9062,2959.0439,7886.1779,7190.1470,13120.8787,7477.1904,11921.1644,7897.9474,689.7012,13391.6178,10803.0792,4504.3901,10035.9721,6292.9181,6441.2293,9225.8799,3198.6034,9711.6177,10121.1761,3431.9363,9088.9181,6181.3818,8056.8904,13104.4259,7549.4519,3998.8187,10821.8344,4726.0443,2412.2745,11991.8239,6652.5700,6632.6049,8795.9636,7227.2493,2406.8777,13456.3798,7831.2718,0.0000,6796.8215,10266.1492,7953.1046,7875.1868,9266.2574,11627.5189,13523.3348,11941.8966,7559.5836,11354.6886,13265.8196,11173.9095,10150.8791,4954.8615,10751.7178,13199.8793,6593.9284,3837.9092,11189.1187,7501.2048,4488.0855,9217.7825,397668.3772,415863.4971,404821.1986,407710.8696,399150.6073,410209.2099,407984.9467,404354.8939,362243276.0646,362289671.3553,362281060.2736,362250566.0071,10274.7891,2921.4183,12286.4793,12653.4955,9432.1239,12196.4163,3624.6508,10012.5628,8919.1848,4279.7139,10138.6580,5971.8508,12043.0998,5801.4400,7593.8206,9289.4749,10426.2791,12187.6117,13684.5026,9599.8089,12538.5851,5331.1204,8700.9208,8062.2988,12278.5501,11327.9106,7826.9189,10188.4276,5420.6739,7169.6011,11872.0812,8156.1471,11721.4135,6528.5958,9582.3895,3954.0541,12369.6582,9784.6927,5895.4899,1486.0671,12270.5960,11340.5871,4758.6735,9137.3542,8588.2921,10553.4072,7847.4447,6488.0952,1128.5379,888.9823,12507.7182,4704.2802,8308.1458,11667.6753,8240.7504,0.0000,10133.6693,13444.0288,1093.2687,9902.6693,11726.2244,10114.7141,9881.9300,12494.8645,9960.5991,6656.8770,11782.6542,10401.0408,4872.2658,3133.8364,11967.3454,12300.3612,11945.6724,9980.9246,10393.8991,6406.9353,9483.7011,10253.0994,397775.4043,416004.0449,404986.9473,408053.0490,399450.5033,410447.3171,408376.2309,404650.8436,362247423.6659,362293818.3327,362285207.6211,362254713.3515,11987.5543,12740.6963,12387.0242,6655.4241,8985.8222,12404.3005,13448.1314,5935.8440,9011.1352,243.3752,10618.8540,12026.2559,9917.9748,7879.1608,6061.6654,11981.4189,11533.9536,8309.5652,9466.1400,7764.4839,5998.7969,9888.3152,3408.6657,4343.3775,12533.8122,9767.8908,11715.4491,8189.2526,6151.8812,2818.8381,4261.5517,10332.5939,4982.2788,8330.9661,8460.5705,3914.3269,8287.8481,13267.0256,9853.1187,6150.6223,12496.3758,6531.4015,6613.8744,3911.3629,7697.1909,7737.7508,9799.5110,10780.8002,10076.8488,5936.9073,12635.4572,7844.2283,7291.8967,13540.9157,0.0000,12744.9137,9135.6568,10930.1233,2334.3193,12855.2408,3562.9539,10245.2407,12208.2301,13191.6781,12673.8781,12149.2837,13637.2722,12431.6971,9080.5758,2912.0415,11959.4482,9320.9362,10467.5996,2518.6793,13184.2212,11730.0021,611.4254,404605.6751,422741.3694,411746.0107,414612.6608,406025.4455,417218.0784,415063.4090,411321.0330,362250042.2590,362296437.2058,362287826.4175,362257332.2374,10718.1178,11245.5395,10627.9905,11975.6563,743.7946,8054.0291,10222.9770,5886.7777,11897.1575,6224.1848,10866.4592,6544.6431,8668.1933,10488.1155,9216.9213,11255.9130,13606.4882,9633.8616,12714.9458,7875.2354,8930.0379,10183.7652,13243.3825,9837.4545,8017.3987,9322.5010,7193.4137,8956.2847,13062.2788,10096.6782,11172.9436,8902.3383,10022.3425,6157.8401,13338.8399,10235.8018,3162.9621,3799.8984,12863.7280,10003.9753,7402.8413,10239.5938,10545.8290,11019.8043,8906.3838,7164.9285,2366.8547,3369.9282,13075.5223,2043.0325,9209.7756,12241.9342,5867.6263,0.0000,8500.3113,13120.5144,2181.7190,11597.3915,10083.5190,11699.6606,9756.1649,11143.8513,8055.7247,5080.3035,10600.9330,8306.8052,3183.1182,5144.4717,13145.9614,11174.3079,11732.8203,9542.8375,12006.7766,3829.0419,8449.7079,11961.1926,394923.1718,413144.2612,402130.2519,405186.0631,396582.7225,407595.4217,405524.6167,401791.8284,362244919.9286,362291314.4177,362282703.8164,362252209.5508,881.0747,12519.3692,6659.8630,10340.9967,5753.7977,11636.5780,12808.1398,12860.0274,11833.1169,5504.6480,12320.1089,11461.4789,11429.1546,5586.1968,6444.4830,7151.1229,9038.8103,8115.0792,13603.3196,11295.7266,13335.3383,11067.3709,3424.9803,10062.4398,8573.1891,13257.4231,12605.0863,11383.3675,12957.8609,6268.4630,13749.9640,9802.2212,13385.3329,10717.0402,9836.6307,8741.5109,12498.3488,9477.0955,6131.1746,13676.6228,11283.8764,13511.2162,9525.7293,11394.2818,12234.7403,11923.3369,12426.7481,9287.2173,9346.1265,11044.4134,10813.1601,6203.9801,0.0000,4859.1542,5889.8070,12022.1910,12558.7708,1741.4276,12867.1773,10236.3666,2819.0213,4512.4422,9613.3328,6084.1186,4310.7930,10355.5381,12559.8237,11459.8791,5517.4698,7161.6986,7848.7490,12798.5735,7928.9216,6976.4132,12688.4678,392358.5901,410449.5621,399467.2615,402256.2845,393672.9364,404950.8687,402774.2712,399011.3167,362238666.6530,362285060.9092,362276450.5532,362245956.3920,12335.4002,6248.8440,10909.0735,6266.6413,11508.7901,13001.1543,12519.6730,12077.9136,5419.0281,12515.3586,11517.7521,11279.8600,5895.7854,6263.2819,6385.3369,9077.3959,7622.0262,13639.5586,11334.7914,13179.6557,10529.5978,3805.7503,10251.7615,8676.2669,13361.7217,12589.3366,10878.3251,12821.4185,6108.1748,13694.8193,9751.3212,13554.4362,10159.4113,9765.9771,9395.4352,12831.8414,8982.8834,6244.3020,13748.5073,11172.0268,13315.7902,9334.4165,11428.1719,12390.9795,12337.8854,12778.6466,8733.0786,9960.3486,11057.7120,10438.3399,6961.3245,0.0000,5396.0857,5139.5228,12435.9900,12258.4113,2332.3546,12551.0781,10213.7522,2602.8802,5196.7638,10082.9971,6066.5108,4970.8485,10861.6790,12825.4187,10944.1584,5369.5861,6868.4325,7955.6214,12444.9373,8620.0999,7311.0759,12339.6862,392945.8193,411027.8862,400048.2957,402820.6889,394238.5129,405533.7665,403351.3355,399585.6562,362238908.7369,362285303.0080,362276692.6515,362246198.4985,12297.2559,11095.3447,10521.7694,10911.3635,5837.0558,6623.3784,5983.9982,9160.1697,5347.0292,11790.5788,11117.9157,13818.4660,8358.8847,9606.2022,13108.6434,11810.8360,7901.5160,4025.8061,7983.4184,5927.2887,13597.8883,12907.7380,7041.0930,4750.1418,10289.3188,7833.0321,9165.8838,13311.8550,5626.4104,12517.8586,6250.7934,8440.2313,12564.5872,11246.7192,10000.6531,10910.5639,9090.1676,7682.3611,11458.0001,3750.2181,12229.9508,11788.8547,4801.8964,10283.3135,9821.3962,10384.9176,11652.2821,11999.5385,3594.6809,13003.5542,0.0000,13748.2921,11214.9090,9498.8454,8507.7951,13160.6068,3346.6019,4720.2834,10879.0773,13582.2101,8890.8034,8877.4308,11564.4171,9368.7194,10361.6187,7018.8583,9190.1171,12869.1808,13535.8016,4434.1690,12320.5638,13812.3990,7179.5259,402275.8116,420410.9467,409449.9451,412428.2408,403804.0803,414999.1789,412973.4582,409127.1755,362251158.7613,362297552.9209,362288942.6246,362258448.4653,11856.2592,10939.2129,6729.1445,13093.4829,9131.9182,13543.7101,9955.1118,13520.3884,7463.1436,6323.3969,5116.3103,10265.3680,5730.5302,4823.4208,1812.7597,11062.3709,13114.9773,9550.9537,8686.4690,5384.6433,6901.2339,12162.3786,13176.4548,8645.3546,7218.2446,8745.8171,2107.6974,11620.5303,4919.9996,13022.5172,6446.6441,4804.2963,11718.0451,11685.7187,3576.1213,10820.9806,11528.7451,6268.3297,11495.8474,3830.0821,7233.7037,13510.9300,11887.3489,11921.9691,3895.9338,11094.7972,6679.2390,10994.8343,9318.2383,0.0000,6384.4548,3502.1369,12525.3927,7980.4003,6205.2244,10882.6385,12559.5023,7952.7908,7282.5746,12887.7906,10516.1597,9906.1420,12862.2645,10862.7791,7883.0716,9852.9863,1172.2053,4507.9532,10243.2406,10380.5037,5798.0671,8670.6964,397543.8254,415642.5883,404634.9406,407362.4704,398805.4294,410061.1814,407799.1924,404114.3715,362241072.8088,362287467.8014,362278856.9876,362248362.8094,7738.7843,10454.7860,6538.8970,12324.5735,6673.1659,10726.1584,7069.5332,8840.4894,10692.2571,8832.8112,11188.2895,13611.7625,9540.6986,12693.7092,8463.9264,9276.1887,10660.3933,13532.5188,9412.0701,7974.2254,9368.6595,7835.4055,9312.5982,13345.8240,10505.9891,10954.1657,9517.2227,10031.1945,6855.9919,13565.0643,10246.0132,2638.6846,4381.8231,12950.1629,9856.9833,8028.7380,10416.1362,11097.4809,11040.6863,9073.2502,7658.2860,2963.7417,4001.3880,13171.2451,1363.6903,9335.3188,12533.1769,5242.7488,0.0000,8024.7294,13026.0001,2924.7677,11966.5897,9653.8239,12168.6262,9988.7272,10885.2303,7528.2015,5088.8319,10480.1868,7887.2249,3299.9715,5610.9242,13447.6231,11040.3885,11598.3373,9334.8433,12455.5007,3158.3960,8100.4919,12364.5543,394244.1505,412463.2166,401448.5234,404496.6358,395894.7335,406911.5392,404835.0959,401104.9449,362244187.2913,362290581.7663,362281971.1735,362251476.9079,13412.9391,9728.7828,13493.7229,7753.7040,4128.1355,8582.4465,12874.2116,13421.9237,9053.7198,5001.6731,10149.0729,11855.7256,12022.1142,12823.0576,7654.7840,13667.9935,11972.0363,7671.3129,11806.1606,4508.0878,10417.5495,13387.8005,13102.6853,13747.5151,10594.8996,12572.5096,12457.7410,10748.3865,12859.1839,12572.0788,5418.4234,10878.1370,12753.6677,3025.6273,12544.2688,13312.7666,12496.2963,12596.5517,12929.0927,8496.7268,9896.0105,10537.4855,12478.1973,7218.6332,12864.2260,9791.4026,5794.6666,0.0000,7746.8813,10080.1521,9316.6365,13810.9773,6402.6142,12282.0814,6808.0579,4857.3652,6735.5766,4730.5255,3855.4303,1817.8531,6189.3229,11698.6976,12843.6828,4508.3293,11348.8999,11005.2937,12700.8534,6298.7704,9706.2174,13580.3705,391917.1724,410045.6362,399077.3174,402018.0272,393402.8867,404609.5481,402551.2319,398724.7218,362241530.9629,362287924.7761,362279314.6706,362248820.4950,10288.5157,5909.6669,12135.3935,13307.2207,11685.0079,2458.7439,508.9029,8345.7249,13338.3952,9930.8663,4447.8373,6087.7908,5822.3623,12688.8629,4210.8740,8940.4635,9852.2679,4560.6330,13620.2483,10239.5896,2370.6519,6413.2392,2798.1892,7052.4554,7276.7438,3114.8216,9538.6237,6702.1763,3110.6932,11770.1940,7846.9745,5235.0384,13649.2970,6541.4266,824.2653,8291.5847,3309.2015,2199.6333,11904.4283,8817.8507,8316.6389,5972.2966,10326.4484,2170.5132,11562.3674,10970.9536,0.0000,9525.9397,9094.4077,9755.8732,3775.5050,10940.3146,8824.7510,13071.0699,12444.2453,10336.0819,12894.2475,13541.8768,12962.9815,12026.8972,6396.6313,7297.9686,13320.6279,6259.6173,5914.0378,8071.6950,10729.9891,7543.1348,5401.9070,401602.8740,419771.2339,408740.3698,411588.1096,403026.6985,414143.5256,411913.5477,408263.4291,362246109.2387,362292504.6129,362283893.5139,362253399.2797,8876.0176,2925.1492,10742.8682,2125.9775,9932.4091,10646.0834,12571.5644,10501.7876,12733.3381,11884.3766,13111.5552,5621.9814,5220.7569,7901.8893,10275.2722,12901.9094,10693.4818,7994.9322,1408.1615,8724.3920,10813.0140,8701.2224,13239.9306,4875.5554,11588.8661,1367.1615,11446.7138,11736.0668,7595.0516,5282.8909,12530.2856,10031.9459,4907.9953,10730.9522,6010.5945,12060.8107,10091.1479,2715.2811,5320.6016,4900.1835,12441.8056,7570.7139,10503.5830,8692.4798,10414.2414,0.0000,12236.0372,13315.2418,4207.5484,9645.5154,12824.1784,7451.0284,6810.1793,12061.8587,11938.7535,6007.4240,10337.3960,10706.5396,5256.6916,6354.7414,10517.8983,10965.8227,13209.9514,12295.1459,8128.0467,8909.0630,12040.7637,9245.2533,399703.6202,417905.1660,406915.5506,409992.1064,401370.9955,412427.3308,410411.2055,406616.6906,362250033.9740,362296428.3058,362287817.8361,362257323.6074,10535.9843,12130.8968,9820.3258,7821.7211,6055.0889,12047.6987,11641.0535,8519.2849,9498.3206,7928.9245,5800.6457,9862.5265,3222.6591,4537.4204,12626.3103,9743.2861,11752.5062,8048.6443,6038.4223,3058.1997,4133.8843,10444.1961,4777.5962,8358.7922,8299.5377,4150.1608,8320.7771,13227.5014,9710.8231,6321.7750,12574.4862,6333.9941,6604.1476,3768.7750,7766.5012,7687.6948,9713.5332,10656.6498,9936.6452,6132.0825,12577.6782,7814.0386,7381.8212,13552.8790,0.0000,12803.2397,9328.8799,10805.4285,2316.4008,12958.3201,3546.7648,10262.8957,12335.8187,13245.0071,12634.6820,12241.6781,13696.7420,12362.8300,8938.3074,3148.8117,12070.9496,9445.7485,10516.5288,2533.7103,13158.8037,11767.3993,662.4777,404661.1780,422799.8268,411803.6867,414676.1703,406088.5324,417275.2524,415122.7780,411381.2034,362250179.7263,362296574.6792,362287963.8847,362257469.7022,8940.3926,1058.7529,11767.7227,12413.7554,12733.8382,8716.6898,12486.9422,13013.7710,13791.9329,8272.1044,3343.8858,10162.6142,10740.6611,12573.5501,12059.1375,5648.2427,3559.5230,10927.0499,11899.0740,10904.6360,13659.0631,7330.1109,12938.1276,4290.4790,12342.9687,13081.5907,6694.4699,7252.5423,13479.5775,7973.4203,7636.9120,12473.9467,7694.3523,13298.6841,11906.1375,1309.3150,6750.3190,6764.9992,13249.2199,7536.9412,12211.0480,8135.0066,9830.2431,0.0000,12068.4705,13217.0143,5395.3143,11481.5525,12114.6646,8515.6434,4828.5941,10705.9867,11513.3478,3874.7860,8393.0650,9076.4425,4059.5344,8500.4269,11453.5778,9210.6121,13810.7112,13092.6510,9338.9410,8520.1160,12501.7735,10912.7001,397744.8924,415928.4441,404954.8290,408033.2336,399402.2968,410495.3607,408508.9612,404674.7831,362248844.3842,362295238.3801,362286628.1320,362256133.9235,9487.9252,13522.0487,13240.3922,10074.6899,1168.4472,7156.3048,12368.8883,10666.9939,13266.6702,7247.2067,13266.3954,9376.0153,8416.7159,12919.4894,3906.5207,10914.3317,13715.8732,11106.6638,13510.3809,10379.1059,12444.1977,12674.3576,11691.2625,10707.8724,12719.6478,8917.1037,12742.6902,11250.6798,1518.3697,13135.9285,13291.1871,11531.5690,12300.2574,13487.0345,9112.9950,12145.9294,12491.8147,10682.2663,10309.6894,13338.5013,7127.4671,8784.2662,0.0000,9279.4853,7872.4287,11590.2226,12821.2374,6944.1874,10627.7030,5689.0527,2884.3009,8649.0807,7490.9463,777.3853,4670.6080,9062.4287,13245.1699,10653.5924,399.5376,10741.5230,11676.1633,10993.1822,9528.4199,11019.6006,12240.2258,394241.3303,412323.5467,401373.2926,404240.5063,395626.5112,406925.2139,404852.2783,400998.1411,362242568.7010,362288962.4708,362280352.4373,362249858.3071,11430.0150,11986.5024,12988.3554,9185.5844,12455.4648,12916.9467,13638.3810,7523.4036,3433.8496,9423.2073,10292.2772,12947.6158,11942.5001,6290.4417,2541.0202,10391.4027,11383.0258,10256.1879,13729.9336,6423.3697,12729.5367,3467.6217,11908.0083,12867.3158,7396.6268,6988.3669,13188.3075,8640.4643,6876.7456,12082.2276,6814.1580,13068.5641,11564.8202,768.5664,6695.9144,6540.6653,12964.0213,7988.6119,11900.3468,7873.6811,10409.3106,0.0000,12451.4263,13253.6562,5395.7700,10839.4764,12577.7681,7779.2730,5098.6327,11204.8303,11987.6506,4850.2443,8978.9809,9833.4900,4806.5732,8147.2974,10931.6225,9729.1531,13779.3637,13122.5216,8618.0372,9071.1928,12691.1744,10226.7813,398770.0304,416955.7666,405980.2112,409057.9602,400428.2920,411517.1660,409526.7093,405697.6763,362249649.4810,362296043.5561,362287433.2592,362256939.0495,2674.2518,7431.1363,13718.3550,11267.6791,3639.7072,7394.0800,5842.6007,12902.8963,5551.5290,10725.8227,9247.3140,2564.3773,13666.6646,10208.5064,2473.3546,8542.4390,4225.6884,7082.7608,7868.6901,2886.5169,9192.4543,8785.7264,3048.3091,10397.4260,6370.6593,7053.3335,13651.3536,6394.4299,2198.4816,9422.0294,4095.4476,324.6241,11783.5358,7242.9916,6886.5428,7811.0146,8660.8321,927.4892,12716.8455,9573.7934,0.0000,8469.8033,10155.7667,8427.4816,5937.7294,10494.2555,10265.7811,13397.0632,12590.8834,9244.3705,12088.0944,13703.7360,12339.2801,10944.2186,4847.2666,9322.0084,13600.5160,6760.4404,5036.4815,9705.9278,9146.6404,6258.4923,7420.1454,399885.1186,418075.6394,407035.9401,409919.5470,401358.5155,412427.8918,410204.1581,406569.2994,362245092.4071,362291487.7798,362282876.6573,362252382.3989,8123.9924,13285.5977,9674.0975,4195.2669,5657.0876,6293.5529,12886.1429,4590.0521,8895.4925,9620.3440,4561.5934,13699.4059,10596.7971,2874.1495,6312.0805,3213.3682,6682.6923,7673.4585,2815.1159,9934.6889,6523.9143,2779.2096,11923.9671,8237.0742,4840.9223,13630.2300,7006.1089,613.8029,8575.6545,2858.3282,2383.1660,12188.5706,9161.5263,8698.5596,5622.1449,10506.5751,2210.1809,11614.5185,10968.7009,0.0000,9361.9271,8759.0720,10099.9483,3896.9156,10728.7216,8999.7314,13201.2257,12285.8133,10208.9244,13081.2862,13502.8655,12919.2712,12262.5830,6805.5942,7234.1973,13242.9715,5840.9301,5658.4604,8219.0944,10826.6276,7376.7112,5518.1826,401472.2036,419635.3849,408604.8581,411439.1078,402879.6130,414006.4572,411768.7491,408120.4633,362245748.3416,362292143.7240,362283532.6235,362253038.3927,10818.4697,9464.3858,4397.1307,6751.4997,11505.8178,13325.3467,11344.2632,12213.8596,2287.5982,5347.2713,11886.0570,13189.6659,9376.9500,11120.7645,10427.6994,3223.1881,12667.9594,5649.2944,12642.8678,10644.5841,5735.1482,8507.5393,10026.0409,8129.0793,10358.3678,11736.8439,7729.9654,13343.0819,6044.3113,7387.2379,13188.3076,9724.9552,10183.1976,8565.3203,7698.7730,6962.1092,13208.1029,5159.4451,0.0000,1719.0571,7380.7441,10515.9548,10817.9871,4010.4086,13341.1352,12962.8840,7958.6404,2945.9047,10911.9450,10479.5372,7629.6157,10562.1967,9559.3428,11663.3321,10154.3991,4572.9046,2864.1616,12997.5605,6549.0607,1609.8336,11691.9887,393536.9197,411678.2925,400656.1216,403459.4995,394898.9713,406069.0405,403829.5243,400163.1691,362238795.7828,362285190.6745,362276579.8771,362246085.6556,6906.1832,12777.5050,10789.4189,13078.0213,6643.0627,12984.4221,8665.6710,9266.8921,13327.9692,3581.3633,10533.0699,13712.2542,10649.9816,13342.0831,10885.8569,12043.4467,12959.4182,11452.0117,10298.4312,12996.1226,9534.5620,12900.8555,11199.9678,2108.6032,12946.8244,13388.2556,10922.4234,12513.9046,13675.6563,8734.7326,12391.8220,12649.6763,10559.6923,10887.5636,13550.0929,6133.7758,9668.9857,0.0000,10135.2814,7994.9627,11772.3378,12521.5818,7877.6219,9899.6757,4971.2568,3768.2173,9571.3287,7766.1034,1215.8621,5726.4669,9361.6691,13392.8835,10098.5536,1054.9147,11106.1848,12207.6239,10315.9066,10263.1965,11705.6655,11795.8719,395229.6828,413307.8648,402362.3076,405232.9728,396615.9541,407922.6142,405859.5380,401994.2576,362243581.9246,362289975.6703,362281365.6585,362250871.5355,9860.5647,5395.3841,12230.5956,10678.4034,10550.2964,5266.7444,8542.8485,11371.1702,9580.9884,12411.7898,11342.4242,5997.0403,10549.1218,7466.3442,11518.5219,9614.0454,13010.4211,5076.2311,9523.9806,12917.2853,13665.5933,5650.3395,8455.8311,12544.6421,9918.5171,10158.5292,8438.4279,11069.4405,12121.0703,13785.1060,13720.8409,4770.5473,13143.1961,10730.7013,6928.9124,11645.7982,0.0000,9920.0260,2588.1813,13814.1140,8840.8120,8060.0894,8635.5399,9605.7177,6235.2161,10202.6753,12454.1337,7744.6394,9804.1558,13188.8180,13282.4753,5841.4285,6875.0088,6874.2269,9670.7674,8253.8522,12548.1031,10381.9321,8361.5113,399011.3593,417066.0466,406098.9061,408831.2396,400248.8819,411598.6134,409411.0501,405626.7599,362243512.9012,362289907.3533,362281296.9244,362250802.8069,5433.3087,8911.0662,13750.2737,8235.1305,11069.7389,6351.9709,2338.8410,13498.6450,12260.2986,5813.2359,9033.9268,6988.9635,3791.4757,10483.8552,1427.3317,11490.3928,8811.9910,1550.5112,10319.1764,8675.3929,6033.6109,12711.3580,9383.5950,3692.3964,11469.7358,2537.6879,3497.8504,13176.4699,9036.6572,9060.4699,6847.8411,8854.3619,2922.3623,13106.9387,8177.0252,0.0000,5851.6753,8060.0107,10136.8595,7691.4054,7858.9585,11753.1852,13785.1998,10741.8756,6912.8229,12407.8163,12716.1754,10870.9619,11621.7357,7537.8528,9855.0340,12411.2101,3831.9579,1594.7792,11159.8094,8582.3976,3509.9052,9020.4335,397463.0554,415623.0076,404587.1710,407397.8436,398845.5991,409974.8946,407713.6769,404082.6128,362241787.6082,362288182.9032,362279571.8467,362249077.6077,10615.5089,13179.9242,8660.4017,7626.4688,7132.0907,7447.3790,12646.9541,13013.8201,8172.5030,5792.0430,7912.3375,3752.7537,11013.2311,5034.7952,12931.4078,4987.4090,4870.0468,12763.3880,11960.4942,1868.7529,11592.4942,11162.1040,5762.3462,10698.6736,3580.5755,7123.4026,13591.9723,12355.1525,12232.2092,2258.6996,12085.4656,6599.1363,10528.2887,10741.5835,0.0000,8038.5987,3713.0347,12971.9947,6764.2329,7851.3155,9975.0983,12695.8584,8976.5154,8911.0370,13631.2456,11204.5621,11182.5717,13584.9833,11015.1941,6564.6666,10533.0941,2402.7917,5616.5810,9205.9893,11586.2879,7201.6741,7421.9693,399336.1796,417431.1602,406424.9781,409145.5921,400588.9032,411852.5159,409588.3145,405902.0812,362242465.7056,362288860.7782,362280249.9228,362249755.7507,9559.0496,3149.7232,9385.3249,12620.8914,7713.5250,11870.3605,5442.0209,3791.8172,8274.5294,3700.1972,11332.7543,2594.6107,8107.0966,4454.1025,9088.4236,8222.5593,10296.9519,4637.6754,9610.5933,13089.1818,831.2590,6453.2427,5080.4738,8631.5885,5969.1605,7881.8165,5927.1697,4940.8312,9857.9580,9111.7690,6510.8762,10274.1955,11543.2905,0.0000,11936.6355,12330.4292,6276.9113,5531.2850,13209.7921,6865.2210,10687.7279,13592.6956,12212.1362,10364.1517,13167.4750,13115.1433,9230.0593,3937.2434,8490.2185,13383.0225,10892.8061,9972.8839,6762.5981,10347.7061,10606.1390,5912.2451,402526.9801,420733.4246,409715.3238,412711.7023,404119.5760,415164.5667,413048.6565,409338.7341,362250109.2926,362296504.3038,362287893.4079,362257399.1598,10535.7700,8793.4712,12763.4911,13329.4016,3873.8201,4963.6696,11947.4628,10710.1658,11435.3658,13668.1396,7934.5389,13560.6521,6370.0281,11059.5669,13654.9460,8759.5300,9745.3010,12798.6899,6572.8804,9109.0964,13061.4749,7124.6056,13530.2885,12962.4839,2714.4264,9440.6897,9365.0903,12327.6402,9829.4317,13159.3798,5327.0239,11129.4173,0.0000,12757.2161,11967.8632,8297.8001,11270.5585,12013.7532,7113.7638,1839.3749,9499.1465,12240.7768,5613.2960,6691.4025,9098.3667,6668.1880,10646.6493,10017.8922,7423.5241,13649.9798,13785.7020,8062.3996,10370.5304,13429.7297,10301.0293,398670.1732,416813.0276,405858.4995,408882.3554,400248.0255,411425.1568,409438.9460,405568.5747,362249127.0564,362295520.8874,362286910.7805,362256416.6141,7448.6368,12409.8027,7811.1081,12565.8398,7391.4771,3274.0863,5657.1665,1502.0786,10291.6639,3594.5168,7084.1424,6966.3626,6546.3022,7111.7028,12117.7228,7308.9193,7291.0089,13446.7941,3900.2147,5012.6194,4630.0665,7090.2410,5504.4001,9571.6796,8499.5462,7656.9043,7520.9466,11017.0226,5852.7615,9575.3024,12597.5147,0.0000,12117.7561,10730.5222,8936.2976,2515.1273,13049.5591,5717.6706,11293.5881,13303.0951,12605.9026,12141.0748,13317.9226,13777.7555,11356.8272,6264.5581,6070.1109,13291.1570,9488.2061,9473.0803,5116.6787,11875.1623,10651.5885,3131.7771,403937.0077,422113.4658,411098.1615,414017.0079,405434.3953,416541.6118,414383.3456,410680.5082,362249906.7197,362296301.8652,362287690.9141,362257196.6906,11968.2848,11890.7581,9734.6314,9448.1490,9640.9666,3115.8364,8118.1678,10404.8559,7880.2031,10274.3450,10296.1890,3275.4791,10208.5144,13555.7936,12256.7674,6494.7314,10182.3643,9694.9673,9363.1128,5810.2448,9288.7954,10562.0707,9899.3703,12762.4528,12323.0323,5674.4926,13574.0050,10488.4874,4283.4260,13604.1107,0.0000,12723.4216,7141.7557,12604.8826,6074.5510,11742.9799,3888.3833,8401.0477,9808.6263,12979.7025,12341.7899,9584.6828,12259.4233,12799.6362,11862.2203,2065.4422,9198.3842,9500.2186,11550.8753,3428.6337,13694.5861,12521.4508,4709.4812,403168.5780,421255.7787,410287.9530,413107.1339,404511.0142,415801.2722,413665.9295,409866.0611,362248674.1737,362295068.7057,362286458.2155,362255964.0847,7398.1695,10744.3223,13485.3918,10908.9046,11396.3498,11689.5535,3991.6542,13395.9325,7421.2967,13193.4586,10800.6084,7478.3430,8452.5393,11192.5098,8651.4993,8805.2703,12787.3864,9324.2706,13713.0704,7476.5936,9190.2589,13043.8612,10729.0352,11248.4779,8841.9380,8248.0337,8780.0293,12521.8796,5019.5196,0.0000,1904.9070,6554.2390,11246.5923,11737.8426,1784.4955,13442.0271,12115.8462,6033.3434,2403.3152,10434.9208,8890.0882,6087.6185,10513.1980,10963.8764,11774.6648,8477.8634,5311.9873,4913.4968,13195.4720,6823.8014,3812.2512,12330.9733,392581.1015,410700.8733,399693.3587,402482.8170,393914.9710,405131.3427,402910.0108,399209.1508,362238159.8603,362284554.5017,362275943.8781,362245449.6803,13430.4264,11227.3009,4914.6555,9984.0559,6599.2989,5832.4535,9657.9009,2791.2090,10199.1157,9993.5895,3023.2570,9233.7373,6766.5144,7744.5060,12998.8363,8089.8174,3989.4607,11129.3686,4325.2237,2646.7936,12320.7593,7166.5370,7194.5294,8502.1817,7440.3907,2464.4488,13501.3990,7686.9935,0.0000,6353.4708,9843.1353,8431.8737,8003.6635,8826.8083,11821.2458,13641.6732,11643.2107,7192.2055,11544.9045,13139.7695,10997.5832,10426.5327,5591.4432,10722.8239,13025.8658,6029.1622,3174.6960,11355.1583,7547.6467,3953.3272,9351.8277,397380.4352,415568.8182,404527.0738,407399.5436,398841.5415,409913.4952,407679.7280,404051.4646,362242724.9210,362289120.2129,362280509.1349,362250014.8729,8176.2130,13366.4204,11692.7305,13122.6162,12522.6810,10734.7665,13641.9596,9176.5654,11669.8598,13729.5812,7836.3423,11210.5218,12795.3901,2900.6408,11525.0806,13781.0792,9968.4765,13533.3364,13700.8957,5833.0701,10562.8029,10831.3236,12281.5955,9440.0200,13740.7614,6359.1331,9421.3198,0.0000,11015.2996,10602.8956,9597.3200,12800.3026,9580.0345,9515.3156,2545.3531,6479.8384,10288.7274,4993.2625,3194.4849,6070.8372,6795.7709,12082.1134,11092.2094,4170.4270,12794.5963,13095.6818,10220.4628,9291.1092,12383.3294,12035.5124,395448.0619,413564.7723,402616.1899,405586.4835,396956.2628,408186.0663,406178.6440,402302.1370,362245560.6680,362291954.3291,362283344.3407,362252850.1908,8737.0166,10120.5734,8388.2455,13538.3620,4077.5230,11822.1775,1713.9880,10830.9261,11947.6283,8809.1086,6210.3948,12266.5534,10332.3779,4792.9111,10760.6641,4857.2716,12146.6604,10335.8221,2797.9606,6472.6299,5919.3807,12111.4089,8797.6630,10742.6476,7904.0558,11420.9111,0.0000,12969.5348,13214.1132,5501.7684,9089.4325,13381.5453,6336.6337,6596.5276,12333.0308,12737.4762,7008.8274,10526.5468,11426.0902,6511.1377,7027.7429,9741.7813,11097.1543,13366.3948,12768.3636,7087.6735,10050.3824,12712.9360,8487.9544,400919.7220,419112.7378,408127.5733,411193.4760,402571.1572,413645.9242,411630.9982,407827.7345,362250991.7974,362297386.1354,362288775.6729,362258281.4550,7517.1346,2051.5540,8762.1950,5777.5523,4783.8129,7791.7196,8058.4122,4877.3445,11022.0361,5996.7806,7300.3292,13817.0979,4500.0875,2910.0313,7448.7429,5433.3739,2504.9839,10713.2463,7183.7379,6505.3562,7886.5431,9460.2999,3028.6173,11658.5175,10951.5081,0.0000,10273.2704,10769.6839,8126.2598,4349.5017,11907.5166,8532.1339,12645.4589,13239.9151,10902.9770,12038.7552,13820.5965,13164.6288,10920.8229,4473.6124,8192.1839,13784.5947,8201.5440,7184.1120,7978.6046,10252.3757,8358.5162,5727.8364,401851.2798,420044.5890,409011.8482,411924.2765,403354.1421,414421.4949,412227.8895,408570.1248,362247505.2699,362293900.5921,362285289.5065,362254795.2549,5931.5335,8943.3843,7487.0900,8002.5757,10494.6342,1130.1133,7901.1571,13787.3417,11475.3302,4178.8451,11886.9555,8813.6115,6842.0538,6188.5326,6916.7832,8327.4467,11180.5014,12210.8866,11690.7071,3643.8169,13309.1888,8207.0210,7099.8050,13385.3277,0.0000,11996.4321,6869.8197,12416.9162,3561.6946,11637.5439,5032.9097,10581.5326,10878.7062,12522.9013,13339.3353,11393.9269,13063.2935,13372.0876,10675.7256,1113.8843,10962.1649,7790.3631,9811.6342,4024.1195,13476.1340,11199.4859,2770.7795,403687.3979,421791.2259,410802.0042,413598.8506,405018.9899,416273.7335,414086.8059,410343.3137,362248081.9985,362294476.9115,362285866.1673,362255372.0107,9335.0396,4851.5122,5780.6823,7776.5349,6650.4578,5806.2687,12013.2001,7207.7802,6651.5186,13730.3755,4508.1195,3608.5737,6020.7595,5890.5189,4148.1543,10455.9253,8400.3024,7633.2824,7071.1649,10723.9129,4479.3751,10478.6601,12100.9744,0.0000,11338.7013,10372.0484,9068.7845,2515.2981,12506.3242,6945.8767,12096.9910,13235.8843,11939.0302,12475.6201,13620.3937,13665.2819,11595.4864,5915.9762,6564.3156,13536.1340,8533.0936,8330.2428,6267.8473,11484.2405,9647.0462,3823.3237,403303.4250,421481.4539,410458.3155,413356.9833,404782.5391,415884.0670,413699.3112,410019.9463,362248751.7858,362295147.0506,362286536.0197,362256041.7881,12248.2696,4485.7911,13178.1301,8297.3705,4434.9853,10818.9281,11171.5299,5355.8450,11049.9081,11744.4304,6435.4935,12513.2248,4020.3673,6904.8066,13816.7256,11231.0810,11411.3189,5838.3732,10037.7767,6330.5460,12299.9882,7976.8020,0.0000,4706.3470,5139.5384,12002.9355,9109.0742,5294.5374,12177.6102,13195.9495,8182.4524,5774.8760,12550.4124,10904.6144,9347.2937,12355.0764,10384.8361,9616.6365,10343.2844,1456.3831,2893.1003,11617.9158,9171.3705,3942.9106,9991.6811,395963.9091,414078.9798,403061.8166,405805.8879,397252.1037,408473.4711,406205.1050,402539.9633,362239808.0328,362286203.0640,362277592.2068,362247098.0086,9639.3641,3929.9901,8412.4338,9720.7055,10924.0655,6367.6801,9849.5774,12304.1183,2519.8949,7974.0057,2667.0231,9814.3830,7931.4001,6574.0227,7366.7843,6465.7353,9834.2722,10229.5857,8365.5457,8334.2990,12484.6936,0.0000,12987.2714,12160.4373,7214.1681,5589.4443,13684.3095,4692.6375,9112.9398,13210.4177,13144.3006,10104.1533,12288.0539,13133.9041,9387.0485,6145.0678,7375.2685,12531.6787,11709.1689,11422.9285,4857.9795,11378.8753,12038.1271,5164.2013,403435.8020,421623.8736,410622.9790,413621.7900,405018.3688,416104.2803,414020.6364,410267.5181,362251426.5965,362297821.3840,362289210.6491,362258716.4278,11085.5122,7871.6341,237.2909,10973.5956,8584.8246,5213.2864,13064.1898,8668.1891,2332.1279,10580.0865,1586.3231,2647.1274,12966.7857,9154.1820,9009.2324,6087.5956,9507.6083,1999.3190,12621.8133,9205.1383,0.0000,7065.6995,8042.5833,10226.1629,6422.1776,8797.4460,10873.7440,13668.8114,11228.8965,8070.2688,12756.0560,13008.9193,11620.4844,11962.0470,7299.3703,8886.1849,12695.9207,4053.5284,2945.3175,10200.2708,9436.3299,4854.5069,7846.9675,398880.1836,417039.2762,406004.5944,408815.6933,400262.6559,411394.5134,409135.3362,405501.7062,362243010.5045,362289405.8540,362280794.7684,362250300.5329,11208.9429,11232.2369,8285.1485,4654.7459,12229.5129,11081.9956,3691.0930,10030.4659,5571.1415,11609.8108,9359.7514,3993.1904,5050.7538,4381.1189,12217.1436,7899.6704,9825.0160,9238.5718,10874.7525,0.0000,12467.2750,13505.9411,4221.8860,8931.9825,13286.0357,7288.7034,7922.6295,12811.8610,12292.3858,7165.0429,11344.4371,11582.0532,6184.8819,5533.7814,10290.2781,11894.1102,13061.9724,12062.6620,7848.0304,9334.3876,11979.8890,8649.8604,400584.5207,418793.8489,407796.6721,410870.4350,402254.3640,413294.4001,411262.9516,407487.7404,362250515.6532,362296910.1461,362288299.5705,362257805.3324,7753.1426,13842.4956,11984.8894,3493.6636,11597.3392,9620.4760,7010.0849,7139.2009,6646.9908,8552.5333,11690.8498,12635.2131,12194.6241,2775.8095,13419.7535,8350.0365,7273.1108,13162.3473,0.0000,11549.4744,5883.9745,12867.5524,4365.3623,11011.9301,5880.6374,10758.0286,10268.9670,12101.7866,13495.4595,11063.1806,12709.9852,13616.6483,11189.7010,1734.3433,10537.7916,7120.3921,9462.9720,4953.5591,13431.8989,10860.8108,3831.0234,403040.4489,421133.5025,410145.9268,412918.1068,404341.2884,415616.3846,413417.0690,409674.6258,362247101.3267,362293496.2208,362284885.4948,362254391.3451,11166.3633,8790.6376,5041.1786,13135.3024,8795.7659,2323.1706,10615.9411,1382.3621,2795.6532,13094.0804,9368.6629,9214.8020,5931.1173,9720.5604,2144.5690,12623.3726,9374.7229,0.0000,7176.7150,7943.3658,10429.9498,6368.8488,8849.5232,10873.6589,13745.2871,11255.4995,8192.2673,12918.0789,13064.3323,11729.2690,12146.8460,7499.9596,8799.5255,12733.8780,3937.8594,3031.8897,10181.6911,9634.3646,4989.4784,7797.8518,398993.0338,417149.7298,406115.3648,408920.6535,400368.3547,411504.8931,409242.6368,405609.4592,362243000.9190,362289396.2782,362280785.1887,362250290.9551,6776.5945,13267.8554,7913.7307,9889.9352,11669.6924,12000.2938,11762.8442,10576.7855,7806.9927,5444.1281,6385.2334,13354.5558,2243.9758,10709.2390,12078.4736,3936.6559,0.0000,7302.0646,12372.9649,5067.2806,13059.8147,8268.1482,12689.9039,9063.2838,9132.9411,6461.8879,3699.9642,8645.4448,5608.1684,2871.8093,7899.1586,13783.7185,9265.9439,11629.0114,9759.6416,13046.7812,2347.7229,8231.6980,13279.7967,392536.3214,410732.6398,399731.1060,402757.3426,394149.9337,405215.8146,403150.4891,399390.1623,362242726.2646,362289120.4834,362280510.0670,362250015.8243,11644.2521,12176.5170,4220.0809,8051.1479,8628.2914,9653.6915,6644.0263,7632.7344,1473.0129,606.1503,11985.2068,5206.1141,7149.1972,12163.4753,8507.1987,0.0000,9953.7135,13261.3549,2510.6504,9179.5268,11801.5269,10199.4614,10862.8158,12930.5212,9957.4716,7930.0520,12559.1728,11070.7306,6185.1337,1696.0083,11698.5171,12973.3757,11327.6387,9220.5999,10324.3931,6806.4652,8930.5765,9750.8036,398346.1747,416577.3795,405551.8894,408597.9464,400003.6554,410993.9468,408895.4397,405194.7503,362247287.3086,362293682.1592,362285071.3304,362254577.0537,12135.1432,10218.2639,5132.5163,9416.2813,3711.5295,6767.2308,13125.3522,12224.9252,11941.7856,1023.9480,12524.5501,6339.0570,9872.4781,11722.5544,0.0000,9376.6586,4775.3368,12803.5395,5151.9662,9313.3736,8686.2278,12469.8777,9969.2022,10197.1581,13845.7741,11718.5965,12137.7685,13731.0603,10616.9107,5091.5297,11114.4955,3985.6158,6630.5105,7803.8462,12283.6541,8332.4929,5777.0215,401076.8362,419177.7314,408172.1355,410910.1642,402350.1947,413603.8513,411351.3073,407660.2583,362244274.2960,362290669.4201,362282058.5336,362251564.3613,12869.1321,13650.6277,11588.5093,12860.5376,13652.3501,8300.3424,11455.3978,11866.4029,11633.0705,9518.0010,13561.3555,7577.0135,8289.7447,0.0000,9389.3459,9075.8322,10778.0436,13281.0125,7370.2329,10917.5304,5139.9492,3893.3651,8617.3996,6215.5938,920.9557,4080.1413,7925.4002,12856.7030,11429.7166,1903.4233,11502.5099,12019.7370,11387.4876,8817.3329,11171.4804,12722.2690,393703.3026,411800.9417,400849.5117,403756.9324,395137.4083,406405.6600,404355.5819,400496.2773,362242844.8633,362289238.5669,362280628.5613,362250134.4196,7137.6236,5121.7133,9236.4478,6543.8551,7275.4064,5463.0817,4450.9310,10428.9008,8774.5299,7089.9151,10234.6153,11403.9178,0.0000,12053.0580,12698.2208,5675.9644,6248.6878,13309.0363,6997.8111,10331.5177,13594.3748,12248.1872,9833.4267,12990.2851,12923.8820,8660.3607,3812.2957,8952.6734,13271.9170,11378.8111,10362.0925,7027.5871,10097.7626,10842.6634,6501.7064,402211.6481,420422.3974,409406.4815,412422.4529,403826.1511,414862.4107,412762.3363,409043.5348,362250275.5987,362296670.5341,362288059.6817,362257565.4317,8987.6391,2665.8896,1887.7365,12311.8504,8938.6398,8522.9779,5948.5423,10187.4364,1632.3750,11966.0838,10615.1267,0.0000,8983.5344,8873.8743,9940.3293,4481.7079,10500.2281,9459.4033,13377.3972,12263.6061,9852.8207,12992.3991,13555.0447,12756.2065,12123.8432,6599.9196,7752.7509,13305.5503,5690.6824,5197.0162,8714.1662,10482.9732,6908.9469,6082.5445,400990.7079,419157.4398,408124.2893,410960.5771,402402.5223,413521.2235,411280.0550,407637.9771,362245305.4036,362291700.7996,362283089.6857,362252595.4497,10366.8038,9409.2114,6656.3784,9419.2455,8659.4458,9136.2824,11687.4043,9705.5373,6208.3732,13396.4332,0.0000,13662.4689,11312.2400,9081.1776,5571.7954,13758.3048,2145.3126,8021.6169,12530.9952,13789.8755,10610.0821,11399.9784,13166.0253,10398.1285,8469.6494,5729.9412,11552.6408,11837.9308,12299.3260,2596.1447,12578.7934,13009.5299,4372.3228,404158.0774,422315.8479,411331.1958,414295.6505,405687.2461,416837.0227,414761.2538,410974.4696,362251846.5586,362298241.1812,362289630.5791,362259136.3914,3808.3538,13217.4988,10232.3497,10046.5165,4634.2850,10513.0903,3206.3021,11978.4651,9927.0331,0.0000,7522.9815,6881.3032,11169.5544,5882.6749,8716.8558,10366.7576,13491.5212,10793.6882,8535.0678,13235.0270,12695.0875,11765.8176,12651.3406,8418.5298,7850.3792,12272.8490,3118.4201,3626.5359,9605.7935,10337.6438,5645.8772,7209.0401,399478.4801,417618.5686,406590.9308,409370.3462,400817.7638,411988.8360,409722.6532,406077.8014,362243105.4809,362289500.7995,362280889.7513,362250395.5343,11900.7356,7511.3942,7153.4181,7539.2529,8873.5752,658.7083,12643.4551,9684.5639,0.0000,8472.3694,9944.9908,8673.7786,5760.0135,10441.3020,10196.5403,13424.5808,12523.0949,9271.6544,12234.0852,13684.0770,12378.2350,11131.4838,5130.7086,9128.6488,13556.2710,6532.3826,4938.9498,9608.4655,9316.4785,6256.7731,7266.5195,399994.4572,418181.4109,407142.3200,410017.6686,401457.4991,412534.1504,410306.4247,406671.6262,362245044.2352,362291439.6159,362282828.4916,362252334.2362,7366.4250,7205.1945,12843.0494,8507.4406,12212.1090,7262.3873,10707.0376,0.0000,12655.8975,13050.7016,6100.5297,10863.3434,12595.4466,7448.9150,4441.1460,10959.5220,12185.9174,5044.9076,8590.8890,9807.5115,5278.9101,8720.7545,10664.4779,9339.5580,13833.4361,13365.3381,8339.7173,9484.2979,12971.9254,10142.8019,398947.6415,417124.6459,406154.1168,409223.1809,400591.7590,411698.8116,409711.9035,405872.2495,362249775.7940,362296169.8145,362287559.5601,362257065.3601,1085.2224,12524.9529,3920.2709,7942.3104,12294.4470,7503.1611,0.0000,9409.5632,13336.6286,1518.6772,10212.6370,11226.4132,10859.5784,10490.5570,12372.1712,9252.8940,6845.9712,11925.7592,10112.7448,4984.8457,2975.6699,12381.1157,12409.1125,11556.7752,9335.7399,11067.3809,5640.1588,8709.7091,10708.7554,396985.8967,415216.5274,404194.3382,407250.1142,398652.2499,409643.9645,407557.6700,403846.4892,362246417.6297,362292812.3482,362284201.5995,362253707.3238,12243.2155,4935.6582,7640.0799,12017.7559,8367.4888,0.0000,10014.4372,13374.4907,1914.6346,9521.2505,11776.6685,10219.2708,10509.2469,12780.0804,9943.5151,7422.8346,12277.0058,10803.3568,5648.2754,2291.0569,11863.6049,12734.6240,11603.0254,9532.3025,10407.3580,6596.1684,9142.7771,10006.4792,398070.1975,416301.2118,405278.7569,408334.2098,399736.6225,410727.7385,408640.4667,404930.4483,362247318.2162,362293712.9939,362285102.2107,362254607.9360,12770.5617,7148.2787,9099.9305,11925.1871,0.0000,9693.4471,4251.5697,12991.5761,5336.0351,9313.1836,8197.9303,11907.1796,9516.8780,10428.1753,13683.3241,11158.2113,11942.0952,13707.9350,11059.3655,4434.6511,10521.4067,4544.7672,7333.8357,7340.0942,12509.4648,8891.0685,5647.5667,401188.2707,419280.3011,408282.0118,411018.2726,402454.0038,413726.7980,411486.2314,407777.4289,362244543.1421,362290938.1629,362282327.3499,362251833.1891,9048.6812,12734.0789,3937.5383,0.0000,6789.9717,12351.9967,4152.1460,12082.4020,8537.3244,12591.0163,10317.9631,10157.1799,6258.8937,5461.7598,10138.3967,7082.4097,4023.6522,6146.3429,13464.6529,10617.5404,10806.6975,8459.3443,12804.0649,1843.4984,7030.2379,12560.5433,393437.9713,411648.3755,400632.0618,403650.4031,395053.5668,406088.3648,403991.3936,400269.7337,362242918.4555,362289312.9523,362280702.3504,362250208.0887,12668.6455,9585.1703,0.0000,8136.0975,9498.3719,9091.9273,5840.5997,10071.8719,10367.7321,13535.0285,12251.9386,8993.0974,12413.4819,13570.6972,12238.5768,11381.4007,5685.9184,9042.6938,13395.6393,5938.1408,4418.4799,9747.0270,9363.6435,5884.0699,7359.9354,399765.2296,417945.6202,406907.0175,409765.4432,401207.5718,412297.1189,410059.8913,406427.0847,362244542.4765,362290937.8625,362282326.7394,362251832.4884,12999.5570,0.0000,13158.1034,9006.5728,11654.1425,9156.5993,11811.0765,4609.1917,4625.4253,8773.8852,13005.8090,9854.9490,7036.5154,10648.3273,10812.3769,12364.6052,6129.3967,7015.9188,11830.0394,13282.2307,5233.2392,12896.8600,13605.3039,7778.7007,401267.2048,419358.3247,408410.0513,411305.2321,402686.2530,413969.0624,411914.8024,408053.4231,362249058.7085,362295452.7493,362286842.5608,362256348.4377,0.0000,3671.4356,10399.7342,7810.5063,12917.9077,5155.5719,13737.1194,10957.8266,7730.1703,2718.5446,6951.6845,8844.5889,4709.5000,6599.0735,8950.5839,13595.1731,9051.2737,9103.9983,7132.6796,13812.2144,2136.9781,5210.1343,13426.5569,391356.1495,409528.6597,398517.5528,401445.3291,392858.0009,403971.2066,401829.4041,398109.4323,362239651.2419,362286045.6752,362277435.1382,362246940.9030,0.0000,0.0000,0.0000,0.0000,0.0000,0.0000,0.0000,0.0000,0.0000,0.0000,0.0000,0.0000,0.0000,0.0000,0.0000,0.0000,0.0000,0.0000,0.0000,0.0000,0.0000,0.0000,0.0000,0.0000,0.0000,0.0000,0.0000,0.0000,0.0000,0.0000,0.0000,0.0000,0.0000,0.0000,8045.3075,10046.3622,11794.5023,3201.5992,13689.5815,12350.9316,7263.1511,1242.1643,9818.9108,9627.1796,6239.3245,9578.9641,9775.3159,12412.9985,9409.0121,6041.6290,4414.1398,13482.5429,5369.0731,2630.3664,12519.6880,392324.7383,410469.5919,399452.6761,402283.0794,393714.6329,404880.1534,402667.4511,398981.5487,362238459.1122,362284853.8213,362276243.1337,362245748.9128,13605.9913,9005.0829,6397.0325,10140.1793,11010.5197,6063.4825,8527.3891,12660.1771,8528.3016,9301.2070,13166.8372,12738.5196,7105.1670,7654.8775,4667.2240,7658.7845,9649.3943,11556.2995,8415.7527,9024.9340,397646.1340,415710.6572,404728.5096,407441.1011,398870.8532,410198.2576,407972.2697,404228.0070,362241581.9385,362287976.5761,362279366.0163,362248871.8790,10682.7568,11516.1140,10508.3937,9454.5164,12155.3517,9741.1585,5739.4492,11284.1475,9795.7424,3869.4338,4151.2357,12451.4893,11871.8486,12320.7018,10365.0016,10867.5720,5889.7037,9669.0912,10942.8345,396947.0839,415174.2955,404161.6174,407238.3919,398631.5263,409631.5800,407575.0771,403836.5947,362247048.1991,362293442.7433,362284832.1081,362254337.8416,12370.9859,5723.9099,11654.6844,12549.4118,12410.3378,13122.3989,13006.1054,13741.1934,12610.6607,8076.6745,4279.4442,12775.6837,8054.1859,8893.4069,4773.2429,12602.8611,10379.8181,1741.1534,404042.7465,422190.4681,411179.6569,414031.2220,405456.0655,416621.0519,414429.4694,410728.3143,362248827.8604,362295223.0394,362286612.0911,362256117.8903,13329.5109,11170.0604,4458.7321,2989.2763,9791.4518,7444.6494,4773.2918,10208.0562,11770.0852,11858.6135,7003.8604,6432.1332,6527.0663,13192.0759,7032.7501,5436.8423,12731.5656,392081.1528,410188.5078,399193.3934,401987.6348,393411.1864,404654.9320,402458.9799,398726.0863,362238185.0321,362284579.4555,362275968.9791,362245474.7979,7553.5224,11637.1264,13825.7652,11129.4930,10570.6239,12921.1204,11263.2242,10004.8457,4274.6395,10581.1534,11415.1988,12464.4731,1136.5258,13219.4854,13251.0218,4150.8460,404160.3240,422290.6012,411316.3412,414236.1990,405628.2291,416834.1253,414749.4247,410945.6156,362251283.3662,362297677.8950,362289067.3753,362258573.2135,8149.8747,11800.3436,6002.8089,5128.3901,8246.9432,7415.3435,11663.9462,9847.4567,5832.7082,13210.0511,13670.7456,8413.7021,10541.6126,13286.5194,10652.6546,397916.2458,416037.4567,405089.9976,408075.5836,399442.7078,410663.6422,408666.6905,404785.9504,362247958.8422,362294352.5853,362285742.5494,362255248.4011,6785.4095,8863.8971,3578.8994,4231.1939,10053.1277,13169.6180,10681.4653,2811.4688,8714.8904,9823.0331,11738.2348,9020.7781,9165.2418,12289.4821,393394.2186,411471.2932,400507.6949,403317.3441,394719.8256,406027.5033,403896.1568,400084.5365,362240421.6228,362286815.6271,362278205.4459,362247711.3084,8972.7514,8942.8706,5190.9216,8850.8455,9990.2233,12844.6800,8816.4969,7066.2473,5553.0185,13718.5114,4658.3010,3704.6155,13015.7206,391636.5930,409782.9586,398771.1435,401622.3597,393047.2462,404211.6131,402021.3046,398317.9817,362238428.7146,362284823.2809,362276212.6810,362245718.4623,6956.1680,6015.0943,2053.6624,9235.8639,13040.0648,7856.9157,13094.2373,12031.4835,11763.0190,5856.0936,10875.4510,12856.5389,394024.5640,412203.0722,401225.7299,404279.1966,395653.5385,406757.0706,404750.3880,400927.4001,362245140.7904,362291534.6906,362282924.4956,362252430.2832,4695.8195,8617.1868,13150.4728,10904.4965,1094.7654,11271.3809,12057.2580,11009.7376,9442.2779,11349.3427,12386.1944,394243.2740,412331.1176,401382.3815,404270.5385,395652.4973,406940.1209,404882.6712,401020.9745,362243004.2850,362289398.0033,362280787.9979,362250293.8651,7081.2119,11707.9255,12937.6644,4976.7852,10250.2713,9847.1235,13193.6349,5787.3963,8433.0127,13695.5255,391269.7684,409394.9420,398418.3761,401323.1366,392718.0834,403930.9479,401836.4811,398035.9848,362240101.5659,362286495.5162,362277885.3242,362247391.1443,7616.2848,13199.8417,9410.8413,12897.6448,11376.0156,11815.7730,4982.5528,10228.6549,12551.0124,394459.8645,412660.6649,401669.3118,404740.7722,396121.1052,407177.8726,405157.1099,401365.4892,362245454.8607,362291848.9666,362283238.6241,362252744.3875,11037.7868,13437.5259,10414.2857,8307.9462,9945.4571,7513.0662,8357.6510,8887.1911,399161.8653,417388.8964,406356.9589,409369.8400,400784.4767,411782.4357,409651.9793,405973.5127,362247165.5141,362293560.5494,362284949.6092,362254455.3316,10500.3114,8540.7477,10552.9910,3345.0998,13650.6995,11802.1554,3093.3906,403779.0849,421878.4602,410896.5902,413704.4323,405118.3675,416383.3017,414216.1982,410452.5539,362248580.3100,362294975.0995,362286364.4379,362255870.2899,10671.4541,11726.7215,10926.3145,9830.5337,11127.5705,12175.1368,394416.0111,412493.5647,401544.4770,404402.2176,395789.0700,407096.8606,405020.0180,401165.1078,362242564.8546,362288958.6299,362280348.5971,362249854.4709,3528.7712,10756.7088,10120.6059,5049.8519,8952.3093,397372.8722,415483.0516,404467.1493,407200.7427,398648.0013,409879.1422,407606.0632,403940.6375,362240808.2344,362287203.3350,362278592.4424,362248098.2502,11945.3651,7871.6450,2153.4462,10070.8917,395979.8393,414132.5507,403099.9475,405901.1647,397348.1664,408492.4021,406231.6551,402593.6151,362240470.6775,362286865.8597,362278254.8760,362247760.6421,13381.3795,12894.8365,3120.6478,404456.8270,422584.5072,411605.3373,414501.6499,405900.1150,417110.9419,415003.1630,411215.6284,362250945.6560,362297340.3066,362288729.7127,362258235.5497,6152.1282,13093.6342,392229.0701,410423.6063,399409.7149,402390.9734,393797.6985,404865.7138,402751.1396,399029.0451,362241292.4119,362287686.8593,362279076.2981,362248582.0475,11404.3222,394102.0275,412262.6013,401231.9607,404062.4632,395503.2607,406633.3002,404394.9962,400744.9612,362239532.7153,362285927.7259,362277316.8390,362246822.5995,404524.6588,422662.2835,411663.0550,414522.7937,405939.0494,417127.0085,414961.1859,411229.6904,362249728.8269,362296123.8392,362287513.0073,362257018.8228,18900.8078,8176.6690,18213.5955,13638.3912,14645.2495,19077.9970,12650.5347,361916059.6861,361962434.1993,361953834.9855,361923340.1740,11395.3742,14298.2452,19286.1354,10214.4237,17876.2988,14551.4364,361899607.6607,361945981.0353,361937382.5397,361906887.7652,11690.7650,11264.4107,7836.3183,13958.0306,7238.7331,361908160.0957,361954534.3514,361945935.3117,361915440.5200,8936.7878,11492.8378,11084.7585,6780.5695,361900017.7653,361946392.3059,361937793.1690,361907298.4489,15514.1321,15374.8149,8012.1103,361908467.8706,361954842.5741,361946243.3595,361915748.6587,8936.7878,7903.1670,361901702.2048,361948076.8403,361939477.5167,361908982.6692,8424.4120,361899021.4825,361945397.0667,361936797.1680,361906302.3125,361904559.4324,361950934.3155,361942334.9084,361911840.1240,65101.9130,41163.3072,17153.2759,31298.9666,51324.1529,30843.0095,
21600.000,8021.8823,8674.5401,13171.9151,12166.2164,11787.4453,13311.5851,11526.5380,8839.6060,12629.7093,12248.5304,12054.8882,12517.4107,9027.2632,1485.0794,5381.1947,12700.2009,10854.7477,10649.5463,6752.6474,4599.5850,4253.4056,12371.9015,3258.2209,12036.2887,12445.7245,9102.2048,13534.3077,5844.6678,10219.0457,11778.6714,2694.4447,11574.1615,2492.2547,9221.3129,9013.9660,6134.4077,12712.6385,11653.9302,12416.6401,13115.0599,11158.5505,11530.8844,5690.6565,6622.9603,11539.7740,12102.2903,11638.1896,11704.8319,8329.0609,9349.1789,6717.5070,12165.8996,12149.8221,10141.5396,9937.6222,9314.4107,4056.2672,13246.3915,12597.9673,4569.7254,2709.4522,13793.3206,11360.9368,9807.9220,8395.7251,10457.5343,12919.5563,10180.3300,3735.2273,2299.7736,5136.5951,11755.8501,4709.2188,10793.0794,13546.3966,7797.5447,0.0000,10677.7702,13605.3965,5263.0354,10203.6077,9559.9419,10431.9068,8480.6233,9384.0703,10159.4769,7703.9979,10178.0258,10191.4782,1881.7862,2563.7749,12623.7079,11193.5996,10292.2616,11197.5520,11132.7495,6839.0920,11059.4688,12595.6626,401499.6436,423225.5018,413591.6628,411548.5023,404624.8571,416817.4425,412405.9171,412775.8131,362246720.9835,362298919.0436,362287278.0222,362255859.5907,7582.5219,9226.3029,7589.1077,7046.9660,11646.9617,4931.2592,7855.8317,6967.9970,11172.5660,6862.1003,6906.5017,9201.0005,7826.6255,6588.6965,7130.6593,13590.2211,11019.3654,12523.5470,8496.7583,8495.9518,11789.2917,5530.2100,6017.8300,6726.8704,8114.5104,10493.1702,9555.0881,3591.9714,13658.4436,9894.1940,13271.6946,8303.5422,3315.3407,7530.2794,9930.7497,13479.5492,8592.8774,6546.9344,10859.0490,13307.3910,12477.6660,11885.7720,5649.6799,12963.3175,11713.4692,7093.0312,10699.0191,1082.1859,9118.3561,12381.1627,13588.1010,13339.7209,11858.5975,11070.8869,13219.6276,10769.0137,12157.0706,13239.1680,7609.7089,9466.6120,12131.1845,4667.4819,12107.3284,12973.3807,10824.1969,13089.1440,13714.6070,8820.2259,8444.6188,9927.2755,12982.9776,3627.4035,13774.7826,12388.7389,8531.6677,0.0000,6425.4858,10019.1614,8689.3206,13679.6781,8700.1045,11059.4310,3204.0944,6380.9141,5994.7000,4185.9804,3207.7526,3065.0717,7948.3352,9921.6791,12143.6776,4771.8447,12109.1033,12699.9259,11438.2791,4255.7695,8237.7008,12046.3712,401540.6603,423388.7914,413714.1060,411870.4079,404865.3722,416870.9580,412546.4530,412930.0869,362248964.7771,362301163.1305,362289521.7677,362258103.5129,7734.4112,11423.4781,11637.2151,8569.8567,8509.4430,362.1106,9269.8761,6329.4355,11132.3690,10038.9781,2104.6022,7422.6426,11167.0744,9051.0436,9984.9629,13802.0790,10276.9052,11607.5098,5327.4391,7159.6091,6645.3744,9908.2916,9986.4607,758.2182,10578.3088,4819.9940,6251.3986,10916.3429,9131.5654,13275.9727,6825.1166,9978.3484,487.8573,12536.4877,11380.0456,12795.3355,9069.4770,12842.4055,13195.8524,13715.7720,10103.5405,3084.6021,8372.7561,6750.0565,11830.9670,13651.8730,6743.2745,1973.3723,11328.8897,12556.1524,9596.6345,13778.8905,4815.1595,12421.2278,8731.1255,8902.0978,12873.9371,11292.7961,7751.9641,10968.3138,8083.8355,6522.0732,12258.2079,4460.2158,12313.1781,11511.6614,6072.1902,10294.9413,5956.3339,13261.6934,7260.0221,11874.9162,9951.4200,12823.6062,0.0000,11855.2959,9574.1915,4523.0032,12069.1869,13179.0550,4783.3670,4765.6521,11953.7122,11748.0037,3774.4230,9192.4121,7129.0051,9912.4491,9646.0735,7865.1026,9807.3339,13752.8531,13655.4112,5607.5544,10359.5599,12849.9846,7735.3261,397419.7723,419225.7593,409529.8350,407523.9411,400584.0778,412612.9779,408179.8161,408675.6293,362241988.1148,362294186.7302,362282545.2058,362251126.9122,7038.7433,7915.1407,3837.7629,5567.8911,7607.3055,4178.8186,4742.2847,7065.6470,5226.8735,7805.1888,12577.8893,12757.7396,3764.0970,9911.7035,11507.9590,12928.1684,13559.0939,11482.2173,5304.3899,11709.8689,5938.8019,5328.3037,7384.6605,4117.2559,10966.8490,6289.6446,9287.1917,13195.7562,10901.6709,12404.6546,9330.5339,7324.0443,13602.0696,8285.4339,9255.9894,4398.8415,7828.4962,11263.5995,10986.8347,13117.4462,9454.7418,8029.9415,5617.5766,8302.8807,10299.7276,8609.9700,7452.5728,13276.8249,9872.7530,7989.2961,12139.6768,7888.8946,12338.5981,13036.6285,4770.1360,9426.4652,13298.8399,12823.4756,5336.4807,5559.3273,9036.4987,12883.9075,7124.4640,8423.5011,11375.1403,11981.9675,13582.6904,11629.1568,10515.7217,11166.5648,11006.1470,5134.9389,12630.4386,0.0000,9364.6295,2464.2806,11001.7555,11639.2144,11620.8147,7343.6051,7885.7291,10546.1923,9803.8447,8545.5626,7915.8971,6715.0253,13435.1225,13540.3740,5460.5316,7091.8228,12056.2799,11342.4164,6743.1050,11380.4188,9936.8115,5348.7955,392597.7481,414471.7263,404778.7348,402957.9397,395942.8095,407895.7024,403572.1206,403986.4998,362241202.0192,362293400.1752,362281758.8781,362250340.7294,1160.5054,8972.4917,4498.5644,11473.4680,3707.4052,10499.3270,1018.7107,2548.9414,12014.3440,12351.8683,8922.6674,4067.0171,12214.7007,6929.6524,13278.1139,10256.1348,12859.5809,10633.3893,11281.1061,2710.6783,2614.2294,11469.2104,5236.3991,13237.9987,7069.0901,11085.2078,12688.8610,9355.7765,12777.5189,5146.1843,11187.7459,10121.2074,9881.8390,2769.4092,3838.5095,4208.4751,9786.5759,8023.3016,13109.0531,11244.9649,11885.0405,10944.3589,1520.3032,5324.6823,7835.2888,11848.9805,12597.5050,9730.9525,11265.4673,8497.5164,12355.1827,11428.9541,13352.0054,9441.5482,8649.4777,9865.3417,13112.6731,7394.5607,5021.0827,12853.3637,11862.7435,12026.5808,8456.5755,11983.1157,13061.5987,11473.3768,13389.5066,8716.2406,9915.9999,11430.2286,8787.8772,7752.0558,0.0000,3053.7914,5783.7581,12955.3626,11630.0843,5974.4158,12145.4043,8928.0715,4751.7705,3802.0376,10033.1908,4789.8151,6384.3867,11429.4291,12675.2502,10499.3876,3364.6173,8678.2458,8680.5554,11790.3282,7385.0875,3491.7118,10466.7300,395869.6043,417740.3385,408087.8583,406370.6817,399315.2126,411313.2941,407077.5399,407361.4250,362246954.6408,362299152.3363,362287511.3830,362256093.2205,9930.7701,4584.0819,11720.3419,4346.9273,11278.1296,1056.2899,3151.3206,12361.3215,12059.4057,8183.9589,4744.7312,12815.7918,6872.8337,13409.2593,9693.2493,12789.2815,11445.6687,10885.1920,2899.6142,3138.1360,11755.5325,6349.2994,13325.2709,7030.1559,11780.3462,12500.7082,9818.4208,12569.1467,4285.4189,11429.8317,9694.5293,10695.4813,2492.8817,4360.6094,5002.7150,10197.5962,8351.4885,13143.4902,11147.1599,12596.4223,11717.5055,464.1875,5439.0444,7432.2386,12216.6350,12644.8284,10379.1864,12041.3971,8516.4577,12868.9441,11682.5626,13296.3006,10386.9237,9336.7399,9225.1620,12958.9692,8440.5302,5089.0007,13369.8187,12014.4185,12577.8132,9260.3545,12432.9188,12962.4851,11011.3134,13437.2119,9202.1373,9388.0809,11935.1963,9781.0795,7106.4615,0.0000,1979.6218,6847.7859,12959.9210,12040.7389,5368.1473,12702.2138,8771.4922,3802.9902,2735.3746,9901.9991,4231.1541,6220.9596,10945.7448,12436.5562,11349.0294,2990.9674,8758.9809,8984.1117,12435.7317,6523.8697,2905.2008,11313.1633,396969.1542,418838.0392,409188.4546,407474.0910,400417.7035,412420.7523,408188.5416,408465.2669,362248024.3951,362300222.1008,362288581.1476,362257162.9749,8800.5767,8324.1262,7340.5365,2905.2742,9359.3757,8047.4347,7664.4417,12730.3710,13631.3373,7011.9935,6859.5208,11167.0799,11112.0038,13763.8747,11385.0682,2553.9385,12653.1033,8829.5884,8193.5003,8010.6471,4407.4963,10445.9117,9314.7723,6134.7326,12554.5019,8950.8445,12399.3044,11665.8442,8279.2043,13352.4332,5213.2193,10408.1679,7627.6059,7900.3376,9270.6108,9744.7733,11615.7025,10710.3157,4870.7093,3128.8109,10219.6852,10288.6746,11126.0774,7445.4017,11642.8739,7368.5803,4537.0065,11248.5729,6375.2224,10280.1424,12026.7490,971.2553,7310.2638,13804.1283,12360.2283,3426.3260,8831.9527,6843.2338,11009.2269,5861.1738,6132.8152,8730.1394,11771.0028,13653.0530,10917.0762,8738.2930,12651.7945,8320.9196,1896.4699,13122.1920,0.0000,11203.7801,3814.2641,10873.9957,9156.7295,12287.2660,5872.5330,10254.3415,12036.5392,11645.0075,10467.7645,10691.0636,9750.8886,13662.0098,12968.0921,2190.9273,9911.3011,11010.7781,9915.2400,4855.4211,13001.3970,11106.8971,2164.7233,390061.1342,411892.0096,402213.5145,400322.0141,393334.8617,405357.4156,401003.4270,401410.4130,362238347.6176,362290545.5497,362278904.4463,362247486.2545,8624.7954,2253.3386,9267.1304,3724.6775,2506.0671,9678.8797,11259.7469,9560.6924,2444.3305,12935.7773,10457.1417,13852.6225,11220.5239,11226.4312,9871.1746,9533.3517,1893.7135,2320.8082,8669.2481,6767.5650,11602.5435,2924.4584,12397.5938,12570.5421,12185.2484,11513.4927,4479.4592,8204.0729,11839.6333,11554.3146,6857.8867,1776.3676,8037.4666,12480.8520,11369.7311,13582.6986,8346.3356,11837.8577,10020.3805,4938.4485,9289.5844,4651.5589,9416.0357,13707.9210,12106.0513,11829.5257,11646.2818,10888.7547,13383.2957,13095.4802,9531.4256,11404.0456,10581.5664,12329.3380,8952.4161,560.9201,12033.3186,13600.6846,10339.9988,10920.5169,13449.4864,11648.2876,11649.6070,12122.0580,11700.5090,8073.7926,13167.9509,9543.1238,9934.7602,0.0000,5513.4460,6065.6678,11113.0019,13410.9960,8960.0420,10596.5752,5326.4308,6807.5597,5740.0763,6690.4379,2666.2599,2367.0487,11358.0845,12695.8829,10084.1382,2052.4205,11801.5909,11832.9178,10492.7888,7315.5378,7141.6548,9984.2667,397562.6957,419452.2792,409768.2720,408010.1690,400970.6663,412913.4252,408631.9615,409003.5779,362246732.7007,362298930.9059,362287289.5806,362255871.4217,9300.5020,6025.6613,11208.2529,10086.8500,1784.9939,7588.7912,11354.3785,9069.7751,9746.3773,13809.2493,10191.9321,11748.0278,5430.7239,6855.0332,6907.0384,9994.0997,10041.8885,406.2285,10460.5939,4805.6038,6441.8044,10690.1613,9194.9838,13159.9690,6966.7447,10180.8395,529.9346,12621.9211,11163.5238,12851.5463,9117.0468,12789.7564,13082.5196,13648.2848,10058.6558,3418.9162,8078.9240,6434.7039,11919.0006,13651.2291,7019.7259,1622.1248,11277.1350,12390.0404,9324.9314,13760.9435,4492.0269,12318.1600,8738.7309,8642.7073,12727.3689,11460.0526,7830.8732,10784.7978,8209.1343,6236.9394,12178.5874,4114.4894,12145.9477,11340.5111,6168.7579,10441.9345,5948.5231,13152.5491,7547.8147,11701.4928,9719.0620,12941.4551,0.0000,11979.0115,9451.3150,4596.0221,11919.0870,13272.5746,4443.1941,5056.0060,12096.6646,11891.1159,4108.2027,9380.2526,7324.8464,10078.2385,9722.6378,7569.6151,9944.0526,13721.6454,13582.3348,5270.0019,10581.9285,12929.4042,7439.5098,397073.8639,418878.6454,409182.6806,407173.8754,400235.1644,412265.3425,407830.4833,408327.4661,362241645.9517,362293844.5550,362282203.0387,362250784.7460,8419.5789,3330.5952,1241.7169,10029.1311,12378.4821,10660.5723,437.9350,12139.8200,9945.3194,13874.3453,12044.9877,12159.8859,8886.2705,11004.8018,1880.6930,1271.5183,9250.3274,4773.0124,12271.3885,4740.0131,11312.1251,13255.1795,11170.2002,12557.8669,6042.4671,8922.5436,12275.2340,10186.9727,6380.6806,483.5661,6553.6322,11568.0662,10438.6716,13777.9840,9699.0409,10979.3265,9157.1577,4788.4614,8504.4621,6692.4520,9743.2959,13713.4568,10897.1477,10727.9148,11145.8953,10711.3238,12871.0493,13624.4131,8098.1196,10070.8386,11566.1734,13153.0215,7127.2349,2629.2157,11720.8012,13290.5035,10122.3893,9450.2178,12749.6165,12565.7136,12609.6570,12760.7687,10626.4538,9765.4810,12318.3979,7919.1466,10416.5228,0.0000,5907.5376,4084.0836,11979.1863,12701.4751,9107.2009,10342.1077,7063.0864,7443.7823,6391.2723,8260.0887,4539.4785,4465.3397,12421.6678,13411.2528,8962.6660,3270.6439,11232.7614,10972.2975,9994.9126,8742.9684,6980.6340,8878.2803,395391.5171,417283.9179,407602.5504,405860.7180,398814.5554,410756.3758,406486.2850,406845.0231,362245244.5581,362297442.6160,362285801.3809,362254383.2447,10683.8581,9285.3255,5123.0963,11394.8930,13607.1613,8066.1530,6704.4241,12590.1026,10391.2526,13668.5394,9549.0916,1149.0878,11370.4542,9831.7020,9374.4712,5660.3065,6835.6971,8372.2675,8843.5500,6898.8726,11545.1371,10413.7237,10866.7782,11995.5946,6071.2453,13589.1858,6805.2123,11969.3750,8560.3773,10107.2383,10551.7011,11363.5255,10842.7310,8911.7387,4122.5380,1079.3584,11553.0127,12019.6325,10495.0690,4891.9329,11342.6151,8891.0231,4869.1564,12471.8564,3866.8765,10768.1960,10805.6336,3084.5442,9186.8290,13673.1377,10949.9092,6149.9882,9125.0096,4906.7462,11238.5632,3152.0949,8179.5804,9021.1852,10030.9114,13057.4582,9048.8717,10351.1973,11709.5624,8962.2162,4484.4617,13757.5421,0.0000,12272.3883,5927.5618,8857.0151,9673.1111,13349.0254,3234.9993,9146.4967,12871.6088,12554.5049,9004.6529,11000.3220,9523.9863,12980.0737,12062.1545,1908.8183,10623.0607,12255.2661,11381.5568,2286.6738,13028.4614,12485.3725,1742.4965,391344.4067,413159.3982,403471.0450,401511.6432,394552.0923,406581.1022,402180.7256,402637.9397,362237956.6207,362290154.8078,362278513.5468,362247095.3176,2115.7908,11893.0520,12200.5919,8798.4232,3739.7205,12760.9153,7664.4242,13644.6170,10324.1713,12717.8082,10921.0258,10930.3816,1923.9182,2097.7086,11227.6418,5845.1460,13169.0310,6355.6158,11751.4500,12779.6331,10200.3559,12640.4203,4439.4755,10890.1364,10402.2447,10623.7604,3413.3552,3348.4764,5216.3698,10596.5283,8893.2855,13415.2146,10820.8187,12311.9675,11198.4968,1514.8397,6177.4568,7107.3126,11712.8697,13020.2693,10556.5255,11814.3534,9221.2593,12461.5340,12072.8996,13485.2416,9892.5351,9535.8402,9834.7238,13098.2987,8092.4991,4257.5187,13091.9174,12433.3709,12095.4312,9316.2191,12615.4325,12951.2607,11464.7340,13376.4269,9586.8943,9442.9037,12122.6180,9360.5027,7962.1221,0.0000,2858.3330,6130.5563,12807.6273,12301.4797,6324.2505,12244.6381,8296.3236,4657.5108,3523.0503,9485.7678,3907.6187,5599.4607,11360.7700,12767.4317,10859.6202,2417.2680,9425.4711,9517.7640,11956.8137,6984.7037,3919.2322,10812.5162,396640.8438,418518.8698,408861.0226,407147.2597,400090.4252,412073.9425,407836.3580,408131.4064,362247502.6802,362299700.4730,362288059.4466,362256641.2876,10801.5193,12412.0671,10051.0752,1658.6475,12400.3296,9112.7836,13873.1758,11499.5520,12465.7618,9655.5800,11059.9543,1078.3061,222.1222,10062.0447,4938.9066,12702.4498,5290.5529,11471.9178,13179.9791,10793.5036,12689.9952,5399.8373,9727.9951,11666.2510,10305.9745,5272.0441,1352.2572,5881.5210,11204.8196,9844.1369,13733.6861,10188.5265,11500.3135,9939.7230,3603.7868,7611.3093,6824.1416,10553.0418,13536.3609,10738.8845,11132.0137,10456.6257,11429.5535,12617.6694,13673.8871,8725.0441,9812.8976,11014.0673,13236.6408,7350.5781,3024.6720,12295.0395,13031.4079,10920.0885,9323.1136,12733.3741,12810.3191,12284.1332,13089.2600,10211.0512,9705.0066,12263.3916,8379.5025,9581.4135,0.0000,4813.4915,4673.8805,12384.3054,12582.9642,8131.5185,11112.7565,7538.1227,6462.5764,5361.4778,8762.1798,4136.0218,4786.3049,12126.4411,13274.9906,9667.5101,2615.4904,10582.2784,10425.0274,10774.4281,8137.1129,5874.7103,9598.4473,395768.5354,417658.2217,407985.1648,406259.3854,399206.9797,411160.7015,406905.6504,407239.4704,362246091.3864,362298289.3414,362286648.1836,362255230.0436,7781.0628,11890.3354,9775.0171,8348.7522,13695.1431,9185.2860,11948.4470,5350.2734,5789.7403,7689.2377,10842.7152,10789.4219,1545.5548,10364.5161,4183.4022,7832.4255,9483.1031,8852.9217,12437.9756,7025.8499,11228.5238,2236.5041,12579.8340,10155.5629,13229.6128,9920.4569,12741.3807,12324.0564,13194.9516,9220.3437,4749.8129,6619.9063,5286.9106,12548.9237,13636.0986,8451.7673,483.9662,10463.1102,11496.9424,8021.3958,13431.7035,2789.2744,11426.5684,8106.2068,7810.9921,12004.6058,11820.7002,7549.4335,10263.6862,9325.5307,4559.0663,11330.8857,2566.8301,11405.5261,10170.5763,6015.6595,10582.1500,5288.4146,12508.3913,8601.2746,10589.4080,8970.5785,13225.7344,0.0000,12674.2993,9471.5245,4423.3686,10856.4725,13579.3008,2838.4845,6639.3979,12740.2431,12632.9085,5711.3141,10526.4873,8662.7922,10314.9160,9445.5641,6500.9331,10934.2630,13330.2877,13052.3119,3828.8614,11456.3729,13355.8839,6387.4090,395767.5650,417553.8233,407863.4606,405823.6428,398897.4200,410955.3534,406506.5350,407002.6282,362240192.0313,362292390.5388,362280749.1036,362249330.7949,6448.9488,12403.5478,10508.5455,11423.9253,6803.1748,5914.8984,2832.2270,11596.4893,2634.5258,11963.0463,12339.3794,7862.8166,13347.4550,4529.2608,9667.7658,11587.1611,3054.3102,11970.0660,1090.0179,9461.9350,7795.3448,7345.0920,12569.3692,12152.7397,12155.9201,13382.6259,11577.3701,12090.4631,5855.5406,5438.9527,10897.8510,11276.0156,11965.0018,12317.9687,7945.1031,8117.5687,7167.4668,12313.0159,11688.2140,10932.8254,8876.0239,9735.5306,3860.4409,12692.1155,12800.6072,5820.2266,2051.4169,13571.8712,11035.0237,8911.7096,8890.4914,9380.1610,12984.1614,10227.7125,2378.7479,3716.4386,3970.4199,12153.0565,4541.5506,10880.0462,13142.2939,8858.1230,0.0000,11134.2673,13250.1183,3844.8720,10396.2361,10426.7976,9375.6756,7734.2051,10037.6138,10660.9278,6766.0795,10157.9430,9788.6765,3295.2367,3252.7538,11925.8259,11192.0214,11040.6892,11768.1390,10167.8456,7453.5121,11652.8277,11885.3447,401115.1899,422846.7053,413202.3162,411144.6001,404226.6005,416401.1404,411973.8621,412373.2844,362245817.3130,362298015.5044,362286374.3819,362254955.9585,10904.2237,12620.6748,7460.4639,9641.8708,2429.4680,8759.8019,13701.1159,6009.7558,9409.4400,9964.6284,11581.4781,12079.7888,10140.2015,9457.1177,12637.7213,6819.6788,10566.8287,7441.6019,5799.2947,11305.8898,4087.4325,12828.8904,7741.7826,10455.1135,10423.5944,10368.3640,9513.1896,8757.8722,9098.8684,13400.5543,13654.6968,7883.4138,8342.8005,7450.2857,12041.8537,8611.9041,11766.7693,13402.0440,7808.4822,12732.4439,9759.7008,8345.9435,13717.3873,11581.4618,1432.8378,7690.8819,12993.3645,9615.7371,12730.1311,9179.0683,12984.8595,12086.8327,11383.5268,8505.6822,3868.6546,9672.3023,10455.5051,5169.1345,11524.5311,13532.8280,3304.4343,0.0000,6518.9259,12512.4530,9539.0244,10968.3536,5089.5109,13009.9408,8844.3421,4781.8295,5854.0552,8986.3244,7485.4118,8879.3920,3788.1792,6405.0287,13773.0997,8327.7748,8185.8976,9494.9088,13346.5206,2802.2522,6852.2477,13751.8960,401856.8001,423628.0141,414006.1438,412112.1898,405128.5308,417280.9149,412964.0491,413248.1392,362249992.6816,362302190.4424,362290549.5845,362259131.2263,11969.0982,10164.0992,13831.1950,12241.3640,12084.8772,8553.6662,11055.5901,2302.7867,1702.9703,9005.0192,4634.0708,12137.3272,4722.9374,11162.3133,13281.4701,11203.3774,12545.0762,6369.6199,8691.4258,12465.7407,10042.0077,6715.7318,736.8773,6694.8458,11600.1478,10552.7444,13760.1196,9610.0465,10724.8628,8825.9113,5183.2739,8736.9727,6796.1058,9477.4559,13727.6235,10848.8562,10499.5317,11311.4221,10435.4694,12882.8397,13598.3633,7792.8820,10054.2043,11778.1021,13137.8315,6947.3981,2747.5753,11478.3244,13314.3416,9821.5340,9386.7105,12672.8776,12507.6020,12740.0342,12655.3472,10672.0671,9877.5376,12247.9819,7661.7049,10694.4154,0.0000,6297.7975,3807.3228,11868.6121,12658.2382,9417.6771,10046.4406,7029.8846,7799.0682,6773.9544,8194.3804,4838.6837,4546.9639,12550.1829,13459.2336,8643.1792,3645.1548,11381.0609,11071.5246,9682.6534,9021.1951,7329.0650,8555.0209,395133.9769,417026.2233,407342.6779,405594.4858,398550.8023,410490.5782,406215.3142,406581.3528,362244852.0108,362297050.0906,362285408.8390,362253990.7036,10233.9482,5591.7009,11527.6690,9422.8547,5772.4016,11858.1757,12858.2906,12511.4848,9537.4128,9164.7949,8334.9406,12860.7060,2133.2996,8857.0426,6368.7604,10075.5272,13718.9610,10036.2548,10632.0914,4051.4385,12179.1213,12318.1047,10101.0141,6129.9052,8220.4459,6554.9200,11406.2804,2810.1757,5743.0665,12871.0551,10626.2054,13362.4471,8539.6397,6447.4677,4926.9340,2562.7066,9109.9819,5980.0458,5349.0336,7851.0273,6037.6564,6207.9888,12065.5271,9160.4282,7337.3561,12945.8584,4303.9957,5919.1348,6601.2545,5951.7560,2867.1038,9402.7140,11012.1312,8065.9777,6800.7411,12741.5273,3172.0363,6218.4572,12065.4928,0.0000,13194.7278,9571.3134,9218.0968,3834.2388,12167.2301,6236.8869,12626.2846,13044.2818,13375.4788,12193.7845,13646.2736,13181.8828,11283.2549,9292.6815,5397.0932,13354.8153,8725.8083,7763.8862,5808.8736,13424.4787,12467.7484,5519.9683,390658.0172,412382.0446,402745.6404,400697.8811,393774.8526,405966.8939,401551.7102,401925.6151,362237458.0773,362289655.6923,362278014.9298,362246596.5856,9842.6485,7187.0942,12650.4515,12178.5882,11725.5253,9202.3160,9188.6782,13818.9253,8551.9801,13099.9089,11938.2756,9067.0257,10156.9612,4882.1244,11984.2065,8770.0527,13777.6480,5637.8993,8488.6712,4601.6872,10083.5196,5138.3128,5051.7723,2865.3258,9714.7775,13301.5719,11551.3328,12422.8667,6573.9511,2048.2310,11561.8599,13766.9801,8353.5385,6637.9835,10591.5633,1967.5925,13161.0465,6630.2685,10934.2025,11008.2295,5867.4431,7533.6391,11508.9841,8831.8801,10809.5644,12598.5894,7015.8728,13370.2350,6770.3019,8418.6247,12454.9611,8999.9373,12610.6724,4464.9543,11146.8909,7863.4921,10086.1807,4493.4838,0.0000,6372.7287,9908.1917,13098.6305,7569.2736,3375.7809,13276.3804,12586.9328,5782.2814,6557.8177,13031.5082,9744.2439,11386.5856,9384.0537,9929.9654,11802.3254,9207.7575,2321.6914,3272.5098,12987.5770,8287.0985,4430.3659,11856.1927,395341.1501,417115.3536,407515.1867,405697.2629,398683.5681,410850.1147,406592.4372,406797.8791,362246360.3008,362298557.4381,362286916.9807,362255498.6930,7852.1579,6794.7396,9900.5307,9000.6414,13914.5868,13911.6980,10196.6087,12353.4486,6527.2204,13253.4984,6894.4951,4151.8795,7816.9512,6561.0329,12918.9129,10543.5250,7248.7047,8532.4040,12547.8230,13890.6311,12074.1241,7200.0458,8986.0240,1159.8150,10247.3404,7518.5121,9686.1364,13309.5931,11086.5762,12582.1613,9564.7895,1977.5895,7899.3882,7849.3414,8377.9977,8041.9592,4444.4536,3211.3815,10565.1539,9001.1669,8600.0062,5087.9812,11346.4102,13807.9250,6569.4944,3615.9006,8927.2904,9407.6242,4460.2622,6328.6126,6782.9471,5498.1348,8367.3886,10342.9074,5442.5116,10734.1867,9833.3445,0.0000,12950.3632,12807.0485,7180.9243,4771.8073,10971.9243,8639.8803,12213.3755,12027.1152,12801.4571,11482.0241,13509.0142,13406.3235,7176.8695,4484.7238,9837.4980,13782.7534,8180.6402,8307.9327,8946.3263,11352.3168,12350.9201,9896.0784,395453.7733,417132.4298,407517.2561,405412.0487,398513.8827,410777.4498,406343.1640,406695.2608,362241085.7859,362293283.4238,362281642.7174,362250224.2736,8329.2333,13599.2851,6503.8831,11020.2910,11448.1850,11947.2252,12636.0330,9600.6002,11040.0947,11703.3329,5259.1355,9602.5776,6857.6249,7929.1439,11805.9067,2198.2937,12188.6549,8814.0140,11901.1183,10867.6639,9255.3563,8847.3380,6921.9974,9773.3519,12738.3532,13524.7274,9393.3018,8550.8845,9209.7064,12178.0278,6629.4804,10897.4356,12724.6439,6916.6432,12390.6383,8126.9948,6830.0684,13679.9220,10959.8283,1088.7725,6606.4383,13090.3866,11272.5222,12022.2797,7354.5124,12821.9685,11616.3324,9958.0296,7898.0233,2416.3762,8868.6393,9656.7257,6445.2918,10223.2874,13486.6830,3642.9786,0.0000,8202.7088,13210.4948,9199.0537,9509.2311,5807.4943,12770.6781,10228.8161,6485.3516,7664.5123,10097.5968,9461.7642,10606.5522,2786.0890,4722.8900,13612.5568,10148.2179,7234.8952,8619.7916,13119.4443,5140.8542,8005.7664,13615.0586,401028.4309,422764.2576,413155.0569,411207.2236,404245.7273,416451.7042,412112.4347,412389.4946,362248724.8787,362300922.5073,362289281.7766,362257863.3754,9835.4557,3954.9477,12166.4597,12410.6066,5670.7291,12872.9340,1830.2991,9320.8896,10784.1141,4467.6079,12308.3638,1835.4303,10551.3453,5764.5674,9418.2414,11878.1355,13137.9627,11963.1552,13725.8677,11954.3180,12798.0395,6206.6460,4235.7170,9272.0618,9417.3690,12791.7073,13296.8895,8247.8422,5745.0697,7829.7536,12162.3124,10389.6223,12106.4365,6566.4813,10148.9488,4128.6808,11343.8007,12787.1251,8275.8779,2679.3267,12877.4723,10927.1502,6844.1148,9485.7080,7086.7650,12724.2717,9903.2404,772.3020,6297.5955,1843.3619,12515.3966,5869.4617,10610.6311,12067.1719,10841.2606,0.0000,12268.5659,12517.1041,1042.1330,10343.2303,12055.4086,7094.4233,7286.6489,11536.9572,11928.7173,6028.8769,10754.9332,9738.4516,5971.3848,5010.4290,10285.3240,11654.4734,12115.6850,12473.9611,8042.7384,9268.6798,12845.7792,10229.5904,399495.8717,421232.5344,411572.1595,409485.2744,402578.8254,414728.5667,410273.2648,410720.5658,362243438.7627,362295637.1165,362283995.8642,362252577.4575,11786.4639,10253.3334,9762.5327,6502.1425,6689.3348,8616.4439,9643.7963,5880.1573,11441.8465,9631.1976,11078.4203,12403.5451,6946.9243,13344.3001,5818.1598,11907.1534,9067.1894,9783.9212,9766.9030,10732.7390,10449.9957,9617.8057,3175.9487,602.5171,11697.7624,11667.9855,11185.2421,5633.7793,10826.8184,7994.7016,3778.9865,11945.0421,4039.1145,10033.0899,10647.6065,2371.1444,8376.5335,13689.9115,10994.9407,5599.3355,9778.8440,4587.4349,10580.2870,3573.6537,7359.1778,8158.6553,10247.6893,13053.2347,9161.0113,9606.1434,12186.2632,8058.5453,3776.7763,13639.8414,0.0000,12430.8597,6037.2266,9199.9112,8829.1820,13217.4273,3519.4931,9956.3426,12978.0594,12735.7875,9801.2165,11525.1042,10250.7372,13037.2474,11951.6607,820.8270,11078.7162,11690.3237,10714.7821,2406.7171,13310.3046,12442.7609,675.8568,390640.1915,412444.6821,402763.5581,400797.1928,393840.3594,405890.4366,401491.1905,401934.0977,362237479.1813,362289677.2534,362278036.0819,362246617.8443,10458.0454,10949.2157,7247.6114,12878.6067,5637.4829,7685.2666,12688.4497,5474.0370,12924.4298,3150.7430,7689.3571,6946.6354,8257.7895,13334.3941,11447.4938,10704.0289,13109.5800,12659.4084,12737.7061,8132.5940,3934.5417,11786.8800,11500.3711,10825.7257,12279.2334,5639.1208,7902.1420,9231.2774,13250.9474,12554.9414,11673.0781,9412.0318,11328.5370,6323.0787,12814.5244,13486.5429,5970.9697,4568.3254,13569.3272,9252.9856,9953.3956,10648.0412,9648.2567,13545.5309,11806.1830,4015.0197,4909.4010,5630.2722,12956.6382,2141.3904,12292.6314,13281.7023,8812.1709,0.0000,9959.1050,12586.8299,4616.7475,11934.4972,10120.9584,9755.1739,5603.6721,9045.0564,9436.4619,4767.6546,8256.9385,7761.5532,4276.0333,5578.1296,12190.4156,9512.4043,11845.6130,12584.9642,10523.6079,6030.9292,10938.9762,12120.6616,402092.2370,423861.5909,414203.1590,412201.6308,405260.5065,417377.1982,412972.7001,413381.3544,362247202.9180,362299401.2640,362287759.9966,362256341.6183,870.4460,10012.4858,5912.0241,12546.4970,4732.6369,12041.9130,12900.7596,11235.3244,12299.8827,4435.0052,9620.6091,11356.5539,10995.6374,5249.2119,1687.6617,6515.8301,11600.7859,10200.3948,13686.1458,9753.3530,12023.0581,10489.1148,3313.9069,7824.6818,6011.3432,10609.1859,13545.4053,11312.4397,11744.2215,10579.3419,11686.7469,12849.1011,13496.3177,9495.2805,10427.8911,10453.2518,12933.8421,8254.0890,2450.6021,12590.7735,13167.8098,11203.7835,10023.7435,13099.4211,12503.9755,11808.6145,12924.9449,10673.5643,8968.8084,12690.2580,9216.8839,9167.8868,0.0000,4261.1911,5636.5057,12136.7764,12933.5871,7832.0591,11409.0509,6954.3869,5871.6559,4706.2873,8244.8094,3106.6095,4064.4933,11610.9069,12966.4325,10317.1578,1555.2644,10748.3361,10757.1392,11173.4213,7317.6466,5674.8779,10242.5304,396845.9226,418734.8471,409062.0592,407334.3240,400282.8078,412237.7980,407981.7336,408316.0272,362246983.1616,362299181.1634,362287539.9787,362256121.8291,10025.0419,5145.1620,12671.8943,5134.7800,11610.1617,13152.0873,10928.3891,12625.1505,5232.9649,9677.4512,11654.6255,10468.7836,5319.8872,1300.7590,6054.0226,11330.4968,9968.1210,13755.2039,10086.0154,11609.4084,10036.1179,3587.1026,7710.5969,6648.5852,10541.1470,13576.2922,10891.4159,11265.6781,10537.2194,11469.9003,12706.8360,13662.1334,8874.6736,9976.3986,10944.3712,13194.8351,7545.6947,2849.1778,12354.0012,13101.4464,10960.0475,9497.6344,12839.7389,12757.7503,12224.4398,13063.7192,10350.7893,9568.0119,12383.5587,8551.4057,9552.7010,0.0000,4749.1403,4854.8184,12334.3965,12690.7164,8128.4757,11157.5854,7394.1291,6393.7142,5276.1294,8635.8560,3935.9919,4606.3032,12056.1437,13243.8497,9789.3047,2416.9189,10670.6678,10543.4525,10840.3259,8007.5255,5888.6713,9718.0460,395981.0228,417871.2539,408197.6818,406471.7548,399419.4265,411371.9150,407116.4023,407451.5341,362246253.1772,362298451.1483,362286809.9796,362255391.8386,10273.1449,4940.0947,6570.7764,10471.3925,9363.8100,13051.5743,7228.3635,10358.8358,712.7499,12760.2175,10931.6546,12875.2979,9084.9158,12693.4485,12984.3503,13581.6273,10109.0199,3812.3549,7788.7172,6076.2156,11963.0228,13633.7857,7273.9859,1300.5473,11304.0670,12223.4256,9046.7255,13760.1539,4200.1150,12260.9511,8860.4526,8326.5983,12568.5023,11680.8338,8030.4294,10544.2114,8263.1995,6001.8191,12156.7398,3766.8667,11956.5866,11210.0944,6398.3158,10669.6083,6079.0268,13044.3605,7879.5826,11556.8783,9432.0581,13082.6885,0.0000,12072.0632,9245.8993,4817.3085,11807.1269,13367.7022,4109.4391,5319.5976,12228.5086,12009.7990,4441.3943,9523.7234,7464.1333,10324.8561,9900.8161,7228.5044,10024.8625,13707.5818,13517.6706,4916.0149,10817.7145,12984.4718,7096.4312,396673.6421,418479.0504,408782.5193,406774.0773,399835.1817,411863.9130,407428.8884,407926.9282,362241298.4876,362293497.0793,362281855.5684,362250437.2798,12510.9862,8587.7890,7764.6095,13196.5635,7940.9293,13376.4882,9332.1998,10274.9203,12084.8642,6157.0659,6746.2433,5206.3246,4091.2179,8480.4022,7748.8022,12629.1659,11762.8056,8259.6327,7181.0703,6650.2516,7075.6785,10272.9353,10150.9518,12185.8787,7151.9678,7392.6181,9319.3378,9745.9440,10378.5848,13210.0048,4839.8185,6242.5008,12562.2228,13423.0451,2533.5567,7070.5969,10115.0184,11175.0959,9317.4728,5323.5087,9827.4173,13163.6855,13269.8069,12796.7059,7389.6536,12233.5527,9130.7490,3965.6661,10898.6740,0.0000,7946.8062,1728.2220,12648.2956,9774.9497,9442.7849,9371.9323,10261.7144,9153.0835,8578.1611,10984.6453,8483.9704,8546.6606,13309.8183,13408.5823,6332.6614,7223.9261,9202.1244,8268.6540,8600.5561,11139.9839,7651.4531,6328.8080,391325.4599,413183.9521,403520.1861,401740.8613,394709.2009,406713.1378,402434.1243,402764.9036,362241735.7477,362293933.4405,362282292.4819,362250874.3294,9753.0907,9875.3991,5375.1643,12094.2517,3521.7128,11542.5971,5250.6539,10390.3316,11077.1977,13672.7501,12124.4190,13754.5113,11753.1630,12856.0223,6238.2567,4874.5660,7938.9665,8144.1256,13370.8774,13654.3156,9167.9769,4641.9042,7907.5169,11651.3514,9232.5446,12455.1444,5019.9774,9967.0576,4490.6109,10338.3771,12394.3922,9646.5927,3753.4774,12246.8174,11301.2196,5268.8263,9435.8358,5644.0063,12210.3916,9258.4589,2241.7774,7691.6610,1255.6256,12338.3776,7378.8647,9995.1286,11194.6688,11874.2124,0.0000,13045.4150,12085.5313,1162.5145,9860.2311,12896.8332,5608.1395,7914.0521,12489.6554,12804.5269,6658.8442,11530.9951,10298.6839,7464.2667,6017.3258,9096.0878,12249.5207,12391.6887,12508.1391,6616.6513,10586.6327,13510.9443,9042.9979,397916.2428,419649.8928,409984.9306,407879.4842,400980.4809,413127.5123,408658.2849,409123.3696,362241638.2129,362293836.5752,362282195.3111,362250776.9121,12803.9281,11513.6537,13289.9323,9793.6412,5221.1734,5977.8884,12052.0457,12372.6263,9035.3140,4311.8791,10222.9582,13449.7188,12771.6474,12893.5218,5826.5845,11571.3831,9618.1290,7292.6297,11159.7830,2746.6010,7575.0506,13420.4862,13092.9271,11982.8330,12804.3014,9653.8405,13741.6544,11943.6923,10013.1299,12695.0522,10343.1245,10868.3993,10342.1925,2386.9015,11057.2913,13760.5896,9106.8640,12202.0520,13632.9487,9845.1436,10882.0977,10441.4515,12944.0071,6423.2569,13578.3226,10411.4380,10705.9548,0.0000,7415.5441,7625.0835,9118.0508,13758.4483,10325.7834,9417.5575,2574.9220,8146.3545,7372.0123,3994.3454,3674.6879,1068.2562,10462.5448,11717.1157,10065.5220,4324.8693,12945.3824,13071.4399,9607.6127,7291.4036,9111.5305,9940.7752,398885.9628,420760.3821,411066.5806,409240.7165,402228.3083,414179.5782,409852.0597,410272.4139,362246398.7333,362298597.1919,362286955.7111,362255537.5135,9959.1617,4873.4114,11305.3176,13315.9844,10892.2752,10578.0395,2018.6546,10977.6406,11556.3665,8456.9212,4833.0882,6761.9826,7766.2255,12298.6094,3653.4664,6064.9539,11839.6805,9233.2095,13490.0102,9592.5586,7215.3923,3064.3632,2302.9040,8094.4568,7271.0001,5154.5930,9232.6452,5277.3909,4279.4388,12222.5881,10471.9792,5731.5709,12494.2086,5954.0386,6084.3689,7668.3801,3933.2157,3037.1245,10781.3824,11617.6498,9642.7337,5202.5818,13256.3801,2544.9157,4974.6450,11587.7841,0.0000,12329.6549,8456.2816,10627.3005,3557.7221,11327.4160,7364.5878,12975.1591,12350.8704,12617.2612,12785.4183,13219.4323,13015.5149,11919.3814,10300.9553,5280.9910,12692.9985,7674.0015,6418.7991,6703.8832,13301.8302,11388.8210,5426.3080,389813.5179,411556.0606,401923.3574,399933.0152,392986.5798,405162.1945,400782.9746,401125.0017,362237849.6631,362290047.1312,362278406.4490,362246988.1408,10065.1022,3241.1008,10751.5493,9473.5465,5864.1484,11181.0860,12012.7674,13131.0246,12770.0843,9546.2085,10442.6418,3052.9030,7898.1366,9985.1275,11171.0212,12359.1902,11399.1057,10097.4784,9234.5779,4306.7459,10549.3302,10545.8901,9201.3847,9004.4471,7256.8148,1687.3134,12299.2019,11238.4930,5733.3603,1929.0383,12964.0528,12451.0130,8356.8406,6246.0282,9718.8162,11626.5903,7995.0423,3792.5910,3273.6900,4284.7601,10396.5193,6985.7579,8748.1446,12567.1849,8286.7572,0.0000,11601.2736,13427.3036,5344.4591,8084.1090,9947.2528,9586.5209,9994.5223,10378.8229,11217.0362,9172.4545,11600.6787,11569.7812,3464.2120,687.9659,11592.9643,12328.1642,9235.3082,9950.3411,10203.0221,8600.2374,11543.5760,11596.0939,399377.3696,421077.1423,411453.0418,409372.9921,402464.5631,414696.0000,410269.9131,410632.6024,362244568.5698,362296766.4594,362285125.5745,362253707.1253,12130.8581,11879.5711,13258.8166,7886.0106,4534.1864,8118.5519,11416.0467,6089.2553,739.8819,2181.6587,8278.8628,13706.6475,8173.0106,9897.5880,9713.2821,5454.8939,13475.3318,12546.7406,6823.2336,2110.3375,6890.8204,3769.2605,10958.8911,3716.5122,10085.8574,8406.0460,2156.7918,10216.5496,11271.0255,6763.3419,12446.9034,9876.6077,4837.5102,11307.7488,3376.6897,4500.0469,12134.0389,10487.4347,11593.4881,771.4997,13012.7002,3599.0801,7460.9901,8434.8866,0.0000,9996.6526,9311.7964,12522.4612,3663.9794,7903.2682,11090.3172,13748.4662,9756.9045,10290.7256,13869.3164,12325.2476,13104.4203,10935.3793,10089.8258,9062.6999,11685.8666,3284.6703,1711.9832,10588.3325,11561.3187,8392.3362,9173.5304,391524.5157,413268.5931,403664.5170,401759.0396,394779.7000,406980.5234,402669.9777,402916.0378,362241546.8808,362293743.9905,362282103.5669,362250685.2603,10107.0494,7229.9162,8126.0126,12381.0668,12722.4941,12347.1056,13691.0959,11732.5854,12426.1192,5715.0862,5124.4972,10338.2363,10716.4920,12506.6839,12828.1891,8287.6739,7394.5091,7223.9450,12298.7058,11257.1624,11420.8195,8103.4678,9813.5781,3540.7241,12339.0630,12872.1728,6819.5112,1626.2844,13476.7964,11261.0068,8154.4173,9000.4271,8646.6553,12982.1950,10037.0132,1312.0803,4662.5563,2978.7696,12343.8578,5181.3439,10742.6369,12890.2665,9713.4533,0.0000,11782.6482,13199.6211,2875.0213,10314.7793,11185.1790,8633.9143,7787.6193,10798.3213,11356.2742,6680.7934,10636.1870,10027.6855,4310.1742,3630.0528,11445.5032,11624.1472,11485.2371,12080.2946,9489.7325,8325.1117,12294.6565,11402.5363,400568.5674,422296.6427,412647.7588,410569.6307,403659.8633,415832.7775,411390.5336,411808.3725,362244853.8032,362297052.0506,362285410.8890,362253992.4636,9875.5840,8899.2233,12800.4793,5722.8221,5716.1771,8677.7980,12020.7454,10634.0089,12341.6729,8480.4103,13448.2439,12475.2294,4212.1169,8215.9830,4105.6912,11141.1467,12323.4416,12517.4584,13398.2272,10017.1160,12518.4164,12513.4754,11795.8389,12140.9598,11870.4009,7089.4441,10895.5622,11200.6882,4607.8672,13248.8769,12427.2661,12299.7223,11870.9215,13387.5483,10732.6722,8801.9593,11692.1428,11460.3430,5789.6112,13228.1634,11977.4659,6585.7477,0.0000,3277.4009,9309.9607,10855.4366,13120.4028,6126.1194,12477.2754,6072.3760,3462.2703,2801.6751,7158.2564,1939.5898,4249.1093,8503.5544,10646.6004,12554.3045,2969.1480,10334.9361,11012.1147,12601.9975,3198.3751,5278.9676,12486.2009,400623.2357,422478.6830,412821.0130,411045.0795,404013.1911,416026.8100,411753.3213,412072.2065,362249868.9515,362302066.9796,362290425.8331,362259007.6050,12704.3945,11276.6721,12645.7039,8726.3547,12642.1098,13205.6642,13678.1475,10394.0220,3357.6014,8336.0554,6557.8011,11639.5822,13555.7688,6658.8858,2004.7551,11564.8764,12507.0047,9524.7554,13804.9064,4863.5052,12539.1144,9089.8639,8652.9434,12783.6991,11477.8284,8144.8740,10714.3229,7775.5649,6632.4723,12419.9405,4413.0404,12186.4987,11605.4930,6501.5540,10572.3734,6371.2967,13220.9812,7440.3698,11927.7580,9707.8120,12890.0360,0.0000,11719.3731,9220.6048,4976.4644,12156.1188,13161.6772,4760.1025,4655.8440,11894.6621,11638.5476,3795.4543,9006.9430,6885.0171,10194.4831,9979.8478,7659.8844,9570.4597,13777.3878,13644.5876,5510.9598,10406.9198,12733.6025,7524.4544,397185.0114,418997.5154,409299.6908,407305.4110,400360.8073,412379.9487,407952.1963,408447.6922,362241932.2951,362294130.9107,362282489.3778,362251071.0956,11024.4495,8320.7801,12215.8800,9901.3123,7505.4397,7116.7108,6520.9234,11139.6332,12194.0703,13333.0823,9375.6727,7319.6263,10592.4828,12808.7833,5637.4969,9406.4354,11927.9311,5018.0190,12551.6558,6513.5283,7174.9702,13156.1064,9474.9166,3127.8520,7522.8546,12268.3481,11967.8103,11908.0065,5829.6890,13029.1110,10301.0257,8668.4102,8967.5799,3994.7084,9576.9075,7984.7953,8270.2281,8826.4462,12783.5017,3267.7228,0.0000,8375.4838,12908.9199,10211.1490,8048.9070,5197.5119,12923.8948,11538.0104,6759.7276,7997.6053,11467.4438,10353.0926,11616.4551,4553.4995,5368.3848,13227.7951,10720.8812,5323.7484,6809.9322,13116.6374,6554.0152,7604.7559,13256.5054,399326.1887,421051.0528,411453.3145,409511.8757,402548.1996,414777.1190,410449.5001,410698.5518,362247717.6028,362299915.0122,362288274.4382,362256856.0399,9914.7088,10492.3735,6934.9881,4802.2023,6113.9454,9279.2727,12801.3461,4627.4364,6179.3142,10787.8959,8247.6221,13318.9434,10177.2577,8589.2400,2504.1210,2974.5274,7876.8781,8160.0144,6170.0252,10659.4301,4428.1355,3093.1761,12613.4808,11715.5045,3953.4576,11718.1817,7242.5174,7231.1136,8325.9526,2272.5531,4650.3796,11938.8942,12409.5285,10959.4956,4581.5166,13596.4441,3836.1333,3626.2929,11480.8563,0.0000,11491.3318,7047.2021,11706.2391,4817.8138,10825.0346,8095.1664,12943.4569,11774.9463,11892.1353,12983.5952,12578.9617,12514.2152,12685.3305,11473.0533,5094.6081,11825.9883,7472.4033,6013.5795,7269.9700,13192.4877,10481.0872,5237.5761,389245.0331,411014.7035,401378.4927,399447.7284,392476.9935,404617.8033,400270.7121,400596.6684,362238282.4648,362290479.8852,362278839.2052,362247420.9414,6484.6348,3875.3644,8501.2973,6351.6783,12321.3972,12274.6043,12484.4321,12201.7986,2176.8240,3119.9356,9101.3030,13155.8006,11495.2643,9064.2358,11704.4578,6412.5693,13342.4757,10199.3957,12855.9701,10654.8611,7950.5267,8570.2335,12821.7655,8314.5852,7325.9866,13468.9317,10584.1922,13214.3535,8179.7281,11299.9328,13178.6924,10474.6492,13568.5200,7482.6680,10181.7630,10725.4906,9826.4082,5726.5582,0.0000,2599.2682,7759.3669,13423.1659,10731.5666,3605.6259,13261.4713,10421.5970,3481.9685,3235.4736,11340.9853,6274.7835,8284.9972,10564.7964,11872.9011,11675.4368,5323.3482,6686.4959,7028.3075,12947.7569,6892.8927,1077.0201,11674.7216,396325.0198,418166.9246,408537.1132,406809.3542,399758.7641,411814.2541,407588.0633,407825.3132,362247844.0291,362300041.4770,362288400.7318,362256982.5301,6889.5091,11792.3738,10667.9723,13758.4436,9395.7049,11154.9026,9310.9506,4792.5519,8695.3006,6261.8202,9635.3993,13739.1890,11178.9717,10962.8025,11285.1673,10724.1692,13008.8120,13529.3699,8386.9415,10380.6597,11387.0922,12992.6255,7523.9147,2152.5741,11775.7227,13385.7757,10136.0465,9785.2078,12919.9134,12376.5180,12433.5710,12627.1557,10884.5606,9420.8405,12521.6713,8260.5019,10342.8331,0.0000,5813.7565,4491.7543,11790.8028,12877.3540,9098.3481,10366.7098,6671.6707,7318.2847,6250.2780,7905.5430,4140.3294,4006.1183,12222.3757,13283.0774,9178.9628,2948.9331,11386.6757,11187.2386,10071.0960,8461.5751,7020.8169,9089.7705,395845.5789,417738.1958,408055.7150,406311.0386,399266.0464,411206.4278,406933.8850,407296.4068,362245547.2860,362297745.3811,362286104.1217,362254685.9818,6701.1233,4896.3331,12211.4942,13211.5713,10308.9461,10208.5465,5042.7378,3322.3157,11048.8371,12640.9838,11260.0429,6411.7052,9168.5084,6346.0923,12137.8172,9105.0531,13158.6560,8000.1137,5051.1660,10899.8769,13535.3399,5036.6227,8481.4695,12056.3787,9895.7287,11980.9743,4978.5340,9554.9447,13813.1528,12167.0476,13701.3324,5346.6199,12285.8101,8731.6203,6848.9607,8300.7576,0.0000,6118.2015,5667.8801,13809.6313,9067.9057,6456.5292,11966.9375,11728.0581,7032.3684,6791.4943,12491.6005,8621.0500,9798.1341,12346.4536,12781.4311,9342.8634,7372.3165,6327.6423,5665.6578,11354.7929,9934.0071,4813.6279,9378.4269,392544.4449,414381.1237,404748.3366,403000.2464,395957.1398,408017.2992,403777.6693,404027.6209,362244205.4694,362296402.8080,362284762.1277,362253343.9455,2562.5976,7668.1486,13562.3851,8118.8860,9993.4052,10078.3757,5856.8412,13521.3678,12460.3928,6158.8723,2397.9161,6926.7078,3691.6941,10832.3394,3002.8100,9548.5642,8699.5593,2788.4509,9924.6892,10803.5345,7288.0619,12720.4316,9664.2514,4130.0166,11243.0869,3937.5803,4010.9287,11743.3101,10064.3485,11191.7804,1464.1959,12845.4874,3202.5554,7846.2135,8331.2345,0.0000,10264.9689,9787.3016,12200.1831,3095.2506,8002.1137,11011.0226,13771.3942,9901.8946,10507.1178,13820.6392,12530.1272,13279.2610,10536.6007,9564.9287,9226.0986,11979.1715,3193.3528,1889.2204,10567.1927,11516.9834,8697.9828,9337.1311,391838.4680,413572.3498,403970.5965,402045.4612,395074.1832,407289.1543,402968.8081,403217.5956,362241544.9250,362293742.0416,362282101.6256,362250683.3017,9199.8755,13801.0342,9744.4144,11022.4565,8181.3888,3436.8228,12816.0620,13272.8473,7717.1721,3990.2099,8534.2500,2335.4270,12103.6385,5063.8597,10797.2039,9386.2097,3257.9184,9358.0280,11732.9845,7229.9294,11695.2530,11274.1446,5898.9494,12360.7000,4384.7634,6400.3401,12625.4501,10174.3823,12374.9593,1688.7326,12501.6210,5618.2279,8351.6570,6955.9416,0.0000,8390.5688,9235.5199,13101.5293,5529.9853,6084.2746,12201.9974,13420.8031,8132.9631,8701.3076,13726.6400,11245.5524,12418.8062,10603.3283,10357.7919,10219.4572,10552.2438,2008.2941,857.5383,11747.9512,10380.7674,6569.3433,10306.7095,392760.4583,414521.9285,404920.5530,403067.3659,396067.3669,408249.0731,403970.4550,404190.9615,362243545.5641,362295742.6408,362284102.2274,362252683.9395,9737.0606,8300.9849,10223.1084,13021.9552,11026.1771,12002.2228,9607.5530,1914.5933,8559.9382,8675.0642,8333.3918,8419.4868,4956.7204,2346.9302,11144.0508,9540.4131,7660.4369,4201.8201,11836.5605,13526.1496,7151.7069,3964.4945,9273.2408,9984.5653,5385.0799,5663.3460,5703.5183,5124.0629,8778.1709,9504.4894,6290.0852,11316.5650,9201.0104,0.0000,12535.8921,13055.5282,6737.2590,5567.9382,10522.0958,9024.6325,11734.8133,11494.2742,12320.1178,10985.7451,13039.1025,13004.6916,6099.1577,3345.1437,10438.5284,13427.9227,8204.0067,8552.6130,9420.8351,10571.0845,12034.3932,10483.1678,396591.9079,418272.9616,408657.9631,406558.4418,399658.0662,411919.2713,407488.3310,407838.0525,362242147.2411,362294344.9201,362282704.1883,362251285.7384,10412.6507,9267.4997,11252.2910,13369.9216,5007.9749,4818.9603,10990.7468,13452.4850,11460.6086,13368.3834,7206.3983,12575.3666,7999.1159,11032.1478,13685.8262,9286.8627,6497.2676,12476.4522,7914.6142,8463.0118,12178.8340,7118.6560,13371.3117,12276.2482,4895.7256,8358.5688,5703.9203,13682.4395,4520.8992,12694.9209,11829.8816,11354.5034,0.0000,10877.4560,10985.5970,3938.2012,12651.5183,12055.6424,7358.9171,3455.5252,10629.3923,10570.1817,1981.8534,8115.2365,6428.3976,7837.8886,8275.0537,10212.2752,9174.2480,13446.3090,13734.3522,8195.8560,8277.4275,12079.6527,10101.0585,400200.1203,422000.2774,412314.2081,410317.6237,403374.1668,415422.5212,411001.5781,411471.3817,362244809.7494,362297008.3555,362285366.8594,362253948.5362,3079.0195,12747.3357,11525.8136,12529.5265,6700.8524,8593.4170,6488.7780,1727.8757,10817.6369,4050.1502,7802.0866,8949.3847,4128.3137,7393.0294,13069.1008,9803.3283,6571.5023,11781.9588,3013.4477,8328.7048,4389.6519,6678.1456,5543.7376,9479.6476,12078.6274,8103.2529,8393.7961,12566.3570,5657.5786,4901.5972,13175.7608,0.0000,13256.7551,8191.8879,8789.8361,6406.0688,13076.7839,4050.5535,11460.7948,13414.6180,13486.5931,11057.1953,12991.2729,12066.7312,12199.8235,10506.0057,2934.7951,12664.3885,10486.1733,9486.2757,3317.4100,13667.8246,12890.7906,3038.1328,390374.7823,412131.2970,402471.5302,400441.6825,393510.8128,405640.4084,401219.3599,401638.6844,362236829.4212,362289027.2880,362277386.3117,362245968.0105,11962.9361,11982.7408,11089.5970,5145.8230,10700.2543,8295.4825,3950.3356,12144.4081,3469.7293,10084.9566,10329.2740,2961.7602,8742.7298,13613.5074,10646.2634,6148.1900,9898.7065,4123.0312,10570.9263,2997.5873,7772.3158,8189.0006,9842.5066,12874.8389,8720.9854,9903.6348,11982.7669,8169.2546,4346.8330,13722.2789,0.0000,12636.3930,6497.5427,8749.3988,8900.9477,13393.5890,2935.6122,9782.0975,13124.9818,12907.4708,9543.3700,11613.6125,10261.2565,12844.5031,11701.3305,1341.5945,11249.6807,11894.9652,10972.1834,1812.4836,13295.3114,12697.2969,1226.6666,390953.4943,412753.2244,403071.0589,401089.6740,394138.9841,406193.1038,401784.3846,402235.8648,362237450.2396,362289648.3557,362278007.1596,362246588.9120,5195.0424,7537.9526,12419.7861,12486.8715,10365.8142,12179.9404,8249.0958,13045.9734,11542.7496,13198.1424,10645.3523,9325.9470,8929.5537,12873.0155,8668.1608,5428.5082,13497.4248,11852.4508,12787.0395,9313.9849,12387.2036,12938.9999,10785.0445,13442.7553,9101.8352,9323.0480,11895.3662,10021.0976,6718.9711,0.0000,1598.2448,7212.5967,12998.7423,11963.7858,4951.2659,12902.3065,8941.1206,3410.4868,2386.6574,10044.9888,4367.3727,6462.7121,10733.2799,12271.2294,11592.3758,3255.9466,8511.6122,8810.1383,12652.4056,6289.6799,2486.6472,11560.3513,397184.6558,419049.3155,409403.1263,407687.2653,400631.5746,412643.1963,408412.4639,408682.1803,362248286.0178,362300483.6924,362288842.7667,362257424.5871,11168.8578,13636.0904,9820.0178,6789.6438,10484.9091,3777.3989,13164.6708,7915.9863,12097.2070,10252.1749,5672.8566,8698.4328,12530.1903,7711.5241,9705.5259,12825.1358,8468.4257,13220.3202,6294.9837,9250.0770,13214.6085,10276.5465,13339.5133,4817.2771,11474.3798,8562.7993,9228.3887,5592.6852,0.0000,5425.1328,8497.3045,13627.0434,8507.7835,3767.8472,13167.9967,12205.3652,5467.9613,5842.9656,12842.7812,8897.3544,10577.8437,10560.5663,11244.4789,11275.6218,8063.3636,3970.0086,4170.6014,12768.5310,8502.0876,3381.4906,11319.3737,394620.1584,416424.1346,406812.8755,405040.7098,398008.2315,410128.1147,405889.2605,406101.4643,362246194.0167,362298391.2100,362286750.6772,362255332.4372,8334.5864,12597.1410,13624.8194,12993.3803,12347.3140,10440.9436,13423.0813,10822.1645,11674.7196,13316.2332,8378.2225,9502.2454,11884.1341,4286.7041,11616.7469,13212.4640,10127.9645,13068.6695,13712.6761,8656.3119,8973.2914,9666.0991,13195.3584,3989.5299,13785.8852,12010.8239,9344.4716,0.0000,7066.2947,9637.1774,8316.2797,13755.0633,9452.4700,10390.2424,2183.2922,7190.5804,6725.7103,3336.9647,3522.9436,2480.8546,8468.6937,10196.8226,11591.1865,4951.5560,12561.6115,13031.2726,10784.1764,5251.4666,8852.2743,11483.3410,401069.2581,422921.4022,413239.5542,411386.8664,404385.3575,416378.0124,412043.3111,412446.7872,362248180.7085,362300379.1415,362288737.7154,362257319.4683,10804.7077,11578.0222,8070.1245,13562.0239,2945.7696,11669.9829,8526.7558,7643.2802,12039.3528,12024.2377,7955.2762,10110.5181,9056.1601,4811.2211,11611.3196,2549.8522,11401.1625,10402.2018,6420.6627,10872.4601,5745.4530,12590.9794,8709.4086,10779.0760,8821.6234,13346.1180,0.0000,12590.1124,9195.7010,4831.5812,11078.0648,13628.1789,2874.7323,6483.5009,12726.0336,12567.9187,5626.2806,10361.7597,8433.0229,10597.2723,9816.0333,6367.7738,10737.8290,13462.8509,13159.2504,3781.1279,11503.5400,13309.1290,6245.3500,395642.6028,417436.0182,407742.8970,405713.8962,398783.2551,410829.7232,406385.2435,406883.3281,362240187.3320,362292385.8562,362280744.4008,362249326.1032,7413.9907,8583.5221,6779.1254,9461.3287,3335.1628,4129.3123,11120.9345,8358.4757,7511.6670,5811.9451,11316.6252,13729.7973,8097.3216,2183.7013,10254.1478,9002.0112,4506.5576,7318.7524,6075.2276,6872.0131,7367.5366,10296.0454,5266.0716,11047.5207,8378.8995,0.0000,12030.5703,12856.1518,8365.2029,4357.2905,9580.9609,9994.3658,12566.8314,10963.5900,11868.1414,12010.6717,13131.9977,13416.9408,6606.6033,4351.9099,10678.1329,13353.4911,6617.6462,7004.0608,10198.0024,10580.2390,11219.1772,10743.5409,395866.6857,417547.3642,407943.6265,405875.2547,398962.5098,411235.8138,406830.7705,407142.6867,362242411.4127,362294608.8876,362282968.2963,362251549.8567,5027.9475,5744.6548,9714.7299,4437.3163,10270.7821,6703.1703,1498.9270,11449.1625,11474.5524,5435.1601,12327.7768,8610.5735,5634.4362,10018.3806,2046.9862,3892.1866,12080.8169,11442.7435,11293.0575,2319.5632,13458.5622,2824.1311,5785.2439,9989.1410,0.0000,10863.2785,8381.0400,12204.4639,3489.6780,9402.8540,9780.0927,13591.1350,10868.7679,11216.4090,13658.0860,12661.3699,13058.7708,11825.4880,10708.2202,7350.8969,11955.1728,5287.7207,3737.9279,9137.9149,12509.0250,9496.0860,7479.4806,390171.8296,411923.2610,402306.5427,400384.0868,393410.8277,405591.8096,401262.8973,401542.7362,362239763.8408,362291961.0597,362280320.5453,362248902.2547,9872.0128,5634.9708,7130.2489,9666.6735,3634.4928,5901.8417,13102.9298,10646.3875,5390.4942,11855.2096,4627.7031,7882.7256,5876.1335,5133.7204,4905.5983,10540.0615,12377.8891,9280.6708,7079.6209,13151.5735,4704.1267,3913.9677,12753.0882,0.0000,12787.3045,7632.7242,10018.4180,5619.2324,12446.5507,5582.8153,12158.2431,13010.9720,13089.9478,11926.5526,12998.9225,12361.4049,12563.9178,10990.8756,3190.0722,12491.7143,9502.9858,8314.4357,4743.8649,13707.7408,12185.3434,3342.9581,389569.4216,411330.2846,401678.5900,399682.1293,392737.6718,404871.9705,400476.0171,400863.1224,362236976.8356,362289174.5297,362277533.6672,362246115.3816,12637.7832,4886.2064,9844.4540,10935.4961,5372.1130,7516.8951,10701.0681,9104.4996,11940.0661,11802.3069,5256.9736,12985.7683,6462.7164,6944.0908,11830.6982,8484.0990,11830.4419,3645.6298,11449.4713,6469.2870,10082.9115,5123.9770,0.0000,8005.2443,10652.2313,12581.9076,6011.3225,4817.0017,12835.7170,13155.2795,7231.3413,8111.7323,13386.9362,10993.5707,12369.7868,8970.1357,8983.1092,11543.6379,10588.4378,513.5959,2171.5629,12579.6551,9130.8757,6237.5007,11615.2910,394861.1544,416607.0111,407013.4616,405141.5562,398149.7022,410356.7651,406072.5101,406283.9993,362245230.7084,362297427.8019,362285787.4038,362254369.0783,9956.8334,7945.4154,6206.1252,10435.4468,12487.2995,8070.3704,8979.8761,10647.4503,2029.9044,10039.8351,1032.0633,9787.2400,8226.1100,7018.5889,11175.4958,5720.7489,11120.0097,10414.1880,8640.7270,7402.0470,13495.1849,0.0000,13325.7338,9099.8665,5773.4171,9053.4798,13736.7507,727.2160,8889.6369,13400.9749,13389.0954,8139.5175,11912.7552,10378.7005,11077.9285,9627.5288,4626.5593,12023.8102,12435.7816,11880.8156,1710.4576,12675.0273,13579.1714,4560.6683,393380.3998,415147.1948,405467.4811,403408.4218,396489.7668,408582.8846,404130.5842,404608.9491,362238204.4909,362290402.7763,362278761.5072,362247343.1914,7090.7927,9657.7559,5413.4992,8960.6861,8620.5498,9187.4300,13517.0190,8520.7997,1254.6592,10598.3453,6251.4708,2609.7938,9805.8533,8382.1691,9184.2055,4379.8528,11961.3664,2737.4401,9211.9300,8441.5550,0.0000,11418.7672,11376.3947,10494.3858,1745.2633,8903.6134,10320.9672,13495.7849,10681.9022,11468.4380,13234.2136,13169.6165,13671.7459,8910.8812,7299.8862,9647.2212,12975.9377,4517.6255,4266.7733,10145.9641,11383.6386,10159.7768,9748.4217,393258.1778,414957.8723,405358.2740,403351.2717,396413.3937,408669.7842,404303.3965,404580.4722,362241402.8403,362293600.0823,362281959.6215,362250541.2344,11696.7777,11133.8455,7322.4457,1952.2426,12718.0102,12951.9127,7111.0299,6150.8459,8763.4143,11423.0298,7318.0410,3487.6169,4946.2835,3276.2265,10484.5873,8007.5552,8192.8703,12084.0588,9611.9348,0.0000,12603.7445,13370.3759,4799.5067,7609.6647,11088.8094,8585.1248,10402.0941,11545.0287,12293.6457,9460.0164,12436.0473,12131.7772,5105.0833,2315.3002,10813.7569,13075.2313,9794.3014,10255.1024,9233.8043,9933.0984,12502.6571,10822.9036,398242.4328,419933.6462,410305.4957,408193.7854,401298.1320,413534.0733,409086.8428,409471.3346,362242928.4259,362295126.3528,362283485.4442,362252066.9904,6784.8910,13796.2114,12175.6378,3358.1462,9571.8329,6398.1865,10425.3119,5824.5727,5608.1504,7974.5385,11684.9508,13547.1383,10730.2820,8254.2673,12932.0015,7559.7611,1459.8986,13120.4348,0.0000,11580.0313,4539.8888,10852.5961,8437.6685,12352.5915,5765.8011,10812.7968,12305.5464,12009.1566,10937.2046,11286.5679,10432.5100,13598.4444,12719.6314,1739.8237,10533.1716,10661.9333,9494.6731,4699.7551,13282.7034,11333.2892,1789.6250,389646.7898,411464.4483,401791.4616,399881.2712,392901.6157,404946.2629,400585.3732,400986.8071,362237857.3489,362290055.2138,362278414.1703,362246995.9632,11426.0425,12178.0284,4793.3209,11681.6824,9561.0090,6562.6344,10620.7298,1295.8624,5280.9324,12739.1537,11755.2136,12097.9379,1832.5886,13455.7877,4246.4932,5653.4435,9567.7862,0.0000,9938.4109,7660.8826,12842.8821,4790.7103,8664.4336,10430.5244,13446.5534,10104.1410,10365.1471,13678.4012,11988.7002,12574.3591,12113.4381,11351.2805,7727.1643,11141.7566,4965.6221,3333.3473,9747.8265,12111.1178,8477.1209,7841.7376,390292.2473,412062.6864,402444.8556,400568.1509,393576.4834,405733.5878,401430.3375,401694.8930,362240601.8619,362292799.0513,362281158.5378,362249740.2752,6827.8531,13212.8473,10618.8275,12294.3436,8246.3764,12849.3343,12006.6456,10673.5412,7911.5275,2673.9476,9024.5635,10207.5713,5641.2459,10910.7015,13636.6083,3613.4187,0.0000,7656.2404,13046.6312,9130.3375,10261.1159,5696.5587,12833.8519,9528.7730,5924.7585,7053.0469,9469.8857,8676.0087,9866.5306,2775.8266,5244.5168,13745.7448,9473.1786,7859.4109,9212.1333,13206.9636,4161.0650,7723.0441,13735.7057,401620.7145,423370.3667,413754.8718,411823.9153,404855.3849,417039.3685,412705.5080,412989.9126,362249338.5095,362301536.2219,362289895.4204,362258477.0329,13260.3146,12127.9766,7714.7690,7726.8117,8758.7254,12381.6877,8887.4875,1941.6284,4404.9550,2732.6680,11568.9729,6443.4473,9673.7339,12654.8007,9567.7103,0.0000,12179.9405,13406.7876,3600.0246,9162.8128,11104.3355,8667.8874,9062.2383,11119.9115,11792.7897,8026.6789,11513.5165,11072.5816,4291.8197,2476.6144,11275.6758,12356.1883,10722.9162,11294.2286,9451.7663,8991.9476,12407.9573,11256.0293,399698.7067,421407.3808,411768.9125,409671.3685,402769.7334,414975.4658,410529.2291,410931.3640,362244094.3945,362296292.4966,362284651.4537,362253233.0100,9186.4458,8950.5884,10133.3563,8694.4114,3588.7153,8198.2295,13114.3148,13555.9821,12439.3461,6352.7317,13295.1486,7432.0320,2001.1310,11686.6543,0.0000,9795.6728,3480.3326,12611.3098,8246.8917,10457.1482,8645.0364,11622.0734,10692.2037,10367.4716,12069.8843,10531.9704,10433.5300,13684.1537,13231.3663,4993.4082,9436.4999,8855.4321,7581.3717,7715.7423,12528.6666,9150.4039,5052.5190,389622.3105,411453.2924,401796.4163,399965.5066,392954.2627,405000.0545,400696.2570,401030.2044,362239655.1863,362291852.7699,362280211.9105,362248793.7304,11857.8149,13703.0602,10084.4513,11182.0555,13532.4766,11373.1603,11590.4431,11861.2385,11986.4006,7819.5635,13290.4808,9667.4503,10160.2069,0.0000,5918.0234,6275.9059,10788.6090,13530.4343,9291.4831,10355.0776,4840.5544,7114.7835,6091.0588,6219.9406,2755.5358,1907.0876,11273.1230,12594.2598,10035.7022,2460.1604,12090.8394,12129.7351,10296.5001,7357.4318,7574.6679,9929.2031,397771.1646,419659.7594,409972.8604,408203.9484,401168.7486,413109.7118,408819.9731,409202.3934,362246636.3096,362298834.5716,362287193.2082,362255775.0450,8613.2741,2956.2160,9049.1696,6589.7447,7095.6765,10835.1916,5550.3815,10158.0561,11110.1350,7124.1134,7386.6493,13223.7680,0.0000,13727.9385,9792.3250,6243.0857,7508.9908,13566.1504,2552.5686,10296.5774,13639.4987,13792.8232,9537.6098,12874.6314,11663.4211,10858.2109,8979.1172,4877.2066,12927.9413,11546.9401,10934.0623,2828.5573,13083.3580,13680.9660,4882.1567,392675.6252,414416.4175,404751.2892,402666.4687,395758.3728,407897.9668,403441.0056,403896.1142,362237623.2705,362289821.3718,362278180.2574,362246761.9126,10741.2789,7372.6436,3335.6722,9070.0136,7443.1984,8545.5445,5448.6099,11402.9629,3761.7802,10093.0903,8148.0768,0.0000,11570.1271,12084.3188,9923.1103,2737.8925,8929.1576,10469.6232,13303.8549,10659.4726,11531.6652,12952.2313,13194.3695,13688.5271,8000.9890,6248.1085,10275.3148,13154.7620,4981.4280,5114.3937,10432.3661,11008.7470,10426.9579,10364.1761,394327.8775,416017.8627,406419.9116,404392.4237,397463.0920,409731.8439,405354.6149,405636.7488,362241994.4327,362294191.7245,362282551.2443,362251132.8343,9880.4826,8891.2340,7604.2876,11691.9540,6454.7027,11404.7235,10485.8035,9208.9512,7103.9280,13741.8490,0.0000,13149.3393,8518.9769,6256.8235,9680.2003,13853.3958,423.4696,8501.2910,13360.1017,13244.6025,7849.1090,11545.1353,9881.2011,11560.0048,10323.7150,4276.2165,11607.3093,12795.7222,12205.6549,1314.3024,12706.9055,13500.7760,4178.3364,393253.3297,415035.7129,405349.3435,403311.8509,396384.3597,408451.9461,404007.4875,404492.4296,362238262.5370,362290460.8753,362278819.5513,362247401.2582,5653.3716,12751.2948,12272.8222,12038.1283,3074.8939,13502.2087,4659.2511,4410.8045,10278.5941,0.0000,10075.8257,6664.9250,12678.4019,5388.2708,9298.5075,9706.2409,13053.4402,10433.0271,10545.9210,13307.8333,11779.5134,12155.4661,12574.4649,11801.4245,6676.4139,10869.1295,6089.1355,4532.8905,8932.3154,12379.5253,8807.6852,6791.3731,389792.8348,411576.2262,401948.1265,400075.5409,393081.7578,405213.8830,400905.9835,401191.4339,362239955.7993,362292153.0852,362280512.4877,362249094.2444,9687.0677,9790.5262,8655.3660,5133.7110,12608.9380,1096.2357,7729.9307,10403.2784,0.0000,12506.2959,10620.3754,10000.5212,1061.8574,10665.0020,8562.2394,13391.9517,12061.0959,12634.6588,13034.0326,13697.8059,13749.4661,10210.5232,8253.3827,7740.3789,13431.2132,6532.2581,5745.8062,8271.1052,12649.9627,11445.4454,7859.1044,391609.0618,413313.9843,403699.7853,401665.4028,394737.8029,406974.3070,402582.1582,402901.6439,362239130.7736,362291328.1484,362279687.5803,362248269.2084,5779.5553,1775.4897,12371.5006,6002.6196,10430.6830,12348.8259,10576.2058,0.0000,12357.3855,12899.6904,1742.0188,10092.4033,11899.6669,7579.4586,7844.6488,11521.4318,11997.0472,6634.0150,11062.4106,10203.2465,5491.6870,4335.9988,10653.7925,11962.4805,11843.5080,12264.6392,8495.3898,9243.5642,12846.3204,10608.3827,399656.7238,421383.7972,411729.4295,409634.6805,402731.5671,414898.8563,410443.1699,410880.0889,362243620.2492,362295818.5443,362284177.3447,362252758.9240,6888.9638,10647.4270,5589.4066,10280.7917,13601.2919,5899.1627,0.0000,9702.3259,13613.1619,7254.5759,9576.1395,7888.3026,11637.1230,9567.9905,8170.1756,9166.9393,9093.8975,10076.6809,10654.1448,701.4357,2743.1027,13175.0973,10946.9601,8697.7858,9844.0982,12165.4068,6080.7020,9775.0027,13166.8561,401321.0810,423044.0503,413425.4015,411417.5922,404480.0337,416691.7675,412311.2530,412633.0378,362247648.3235,362299846.1476,362288205.2949,362256786.8667,11889.9362,7474.1775,9459.6633,11471.9290,11338.0450,0.0000,13034.6168,12534.0556,1884.3748,9209.8346,12505.2619,6358.5147,8642.8419,12326.5028,12768.1264,7447.8942,11872.0155,10889.5061,6736.9614,4948.2857,9553.0204,12585.4555,11766.3244,11965.5024,7277.7330,10444.8491,13350.8713,9519.4460,398044.1809,419763.0502,410108.1963,407992.9170,401098.0976,413273.3196,408805.4429,409251.5563,362241885.9765,362294084.2297,362282443.0595,362251024.6402,12922.1084,4217.8936,7233.1093,8227.0845,0.0000,9451.6110,8823.1383,12718.9540,4348.8979,7502.3369,11210.6460,13531.8481,9310.6635,9786.7625,13734.6699,11873.9478,12724.1318,11069.8103,10411.8726,9034.1675,11163.6033,3203.1682,1529.5161,10679.7829,11300.5534,7811.7790,9138.9026,391573.6353,413329.1619,403722.6806,401839.7103,394851.2249,407036.1686,402736.9749,402979.5736,362241900.0795,362294097.1962,362282456.7557,362251038.4653,12931.5554,13270.6185,8009.8037,0.0000,8372.2750,11944.3508,6389.3503,12621.3149,9074.2328,10638.4023,4680.3005,7545.5687,7800.2695,4409.1150,6448.9059,6273.2667,4964.0764,6978.2749,12558.9600,7842.7097,11684.8364,12485.6033,11267.8887,4340.7797,9633.0968,12481.5118,402491.7650,424288.3315,414627.4704,412688.1952,405721.8091,417804.6788,413434.5434,413823.9754,362248558.8445,362300757.1687,362289115.8892,362257697.5492,7135.5351,10279.3807,0.0000,12113.6394,10044.9565,10691.8040,1059.9673,10317.0804,8898.2537,13544.0880,11777.6506,12303.6064,13302.9579,13501.5558,13653.9741,10701.2006,8972.2501,7557.2540,13110.2386,6024.2002,5011.5304,8486.1079,12675.2427,10944.3246,7684.3349,391061.2868,412777.1074,403163.3560,401158.0711,394218.5693,406443.4249,402068.5115,402375.0437,362239185.8430,362291383.1557,362279742.6172,362248324.2663,12596.3549,0.0000,11030.0914,4153.8537,11677.5335,8034.8953,11654.8217,7027.8640,11396.7881,11799.3751,11518.6281,11639.2989,11222.1722,10694.4618,13702.7791,12926.7661,3096.8704,10321.7317,9798.1145,8529.6731,6005.9860,13149.7866,10567.7837,3173.0547,389312.5558,411132.0992,401467.4878,399585.4050,392594.4800,404646.2666,400307.5382,400678.6582,362238307.4492,362290505.1662,362278864.2237,362247446.0251,0.0000,5536.1404,11753.1769,11523.9765,9740.4006,2289.1785,13715.3378,10755.0369,3801.0804,5126.8850,11108.8643,8207.2884,10037.2029,6154.0275,7876.7916,13517.7249,8431.2702,5587.4223,7046.1658,13790.2498,4732.3579,4813.2483,13527.9958,399680.0234,421451.1828,411844.8659,409997.7837,402995.8421,415161.4819,410882.4752,411113.7918,362249391.0021,362301588.4296,362289947.7941,362258529.4622,0.0000,0.0000,0.0000,0.0000,0.0000,0.0000,0.0000,0.0000,0.0000,0.0000,0.0000,0.0000,0.0000,0.0000,0.0000,0.0000,0.0000,0.0000,0.0000,0.0000,0.0000,0.0000,0.0000,0.0000,0.0000,0.0000,0.0000,0.0000,0.0000,0.0000,0.0000,0.0000,0.0000,0.0000,8480.9227,12588.0096,12045.9842,4011.9442,13258.3507,8709.6383,1911.7084,811.7535,9743.1358,4126.2897,6509.8701,9634.3287,11445.6983,12367.8268,3604.0402,8337.8022,8935.0210,13131.9545,4904.6378,2182.9470,12335.2327,398551.9698,420404.4860,410763.7111,409030.4091,401981.8744,414014.3342,409777.2302,410041.6615,362249327.8771,362301525.5619,362289884.6495,362258466.4416,12182.2974,10707.8723,10435.8798,8638.8369,9372.8984,9756.4432,9058.2647,10113.5005,8164.0927,7743.8616,13572.4466,13695.5536,5853.0938,6995.5785,10550.6777,9697.3673,7893.3841,11328.9873,8598.3341,5805.9035,391652.5566,413522.7179,403845.3269,402058.1584,395029.5215,407004.5607,402711.4494,403076.5327,362241459.7639,362293657.6477,362282016.5429,362250598.4010,10521.3251,12596.1124,6285.4786,7106.8453,11999.3249,12296.1888,5795.1276,10876.3867,9638.0944,6934.1357,5923.1879,9703.3880,11719.6978,12564.9058,12797.3005,7291.0381,9850.5015,13205.4643,9638.5905,398911.8629,420654.6427,410987.4481,408898.0551,401992.5200,414127.1506,409665.6389,410129.4563,362242688.4103,362294886.8266,362283245.5200,362251827.1256,9966.8727,9372.5860,13601.9474,11546.1322,12177.1463,13322.2325,13537.9236,13792.9704,10038.4609,8258.8258,8382.3371,13237.3563,5584.1875,4823.5865,9071.4370,12321.2397,10849.3925,8499.8733,391844.6643,413550.2703,403942.4164,401927.6125,394992.3411,407234.3475,402857.8980,403155.6177,362239846.9000,362292044.1874,362280403.6813,362248985.3112,13846.3177,10918.9525,2773.9853,3875.3642,11521.1645,7518.2880,9581.2078,8094.0446,9635.0312,13024.8612,7322.0656,5274.1328,6444.7938,13751.6482,5432.6211,2700.2853,13036.7940,398350.1668,420147.1198,410536.4965,408745.2280,401720.7429,413850.2167,409600.5185,409819.7422,362249074.0834,362301271.4487,362289630.8214,362258212.5401,8804.8075,13437.1905,13355.3593,8140.2658,11769.0330,10168.8475,11528.0076,10196.2374,4176.7721,11817.2701,12633.3149,12023.9736,1157.8019,12817.1493,13546.1195,4092.9911,393058.6311,414835.5484,405151.8059,403107.6480,396182.8529,408259.8276,403813.3679,404294.8529,362238067.9852,362290266.2892,362278624.9945,362247206.6954,8913.5264,8472.5575,1510.6714,5196.9907,3144.7997,9057.2876,10234.6766,10477.7498,6292.4162,13295.2180,13569.1809,9294.0066,7049.9424,10308.1378,10353.1462,400165.1465,422011.8751,412319.7692,410425.8331,403440.8254,415427.9370,411062.2092,411505.2690,362246372.4121,362298570.9794,362286929.4593,362255511.2075,1347.7955,9740.5276,4972.2966,7276.4819,8137.4254,10137.0500,12925.6348,4994.9344,7627.5127,8547.8402,13422.8377,3625.9523,2564.7914,12901.6951,399556.7796,421385.1251,411754.3015,409985.3392,402951.3038,415023.9776,410773.1666,411028.9274,362249889.9241,362302087.5653,362290446.7158,362259028.4649,9467.0069,4001.5666,6445.2622,9074.5995,11034.7864,12705.2884,3814.7557,8469.1480,9191.4518,13297.3901,4157.0324,2611.3249,12669.9099,399274.0494,421121.4319,411481.6107,409736.9530,402692.9968,414733.0976,410490.0744,410756.7875,362249784.4636,362301982.1793,362290341.2546,362258923.0329,6519.5340,4610.6468,8562.1356,9470.0369,10373.2009,7617.8393,13501.4418,13782.8156,8789.3609,7582.5340,11188.5861,10250.4607,400296.5963,422124.8855,412433.6035,410494.5171,403527.7434,415537.5364,411146.2449,411605.2016,362245727.5423,362297926.1547,362286284.6238,362254866.3421,2632.9749,9747.9577,11601.4167,11727.1539,1650.9017,11248.3278,11665.5332,11836.7138,4951.9126,6150.9140,11641.3309,399726.9692,421601.1810,411929.7266,410164.7939,403128.2749,415104.0244,410827.3004,411173.2298,362248858.0617,362301056.2122,362289414.9537,362257996.7575,10247.2882,11713.6931,10609.9090,3413.1210,12545.1661,12756.7011,10324.5395,6559.4073,8313.0908,10495.3479,399251.6324,421128.3366,411439.9272,409634.5575,402613.9899,414568.5543,410256.6453,410656.7519,362247231.1537,362299429.5389,362287788.1095,362256369.9144,3016.2160,13198.8367,10699.8177,9190.2634,10306.7925,12095.3387,5781.4755,9863.5597,13181.6029,401690.1520,423419.6661,413796.0631,411790.5733,404851.9175,417051.2955,412668.6909,413000.6042,362247855.2535,362300053.1520,362288412.2418,362256993.8184,12081.3751,12344.1369,9045.7723,9867.7743,10787.7041,8347.8254,11353.6548,12086.5248,399750.5450,421448.8285,411828.8059,409756.1295,402844.8634,415082.2927,410663.2777,411014.0142,362245133.4086,362297331.2560,362285690.4045,362254271.9514,11195.4764,11267.1162,10206.5084,3059.2735,13453.6416,12245.1627,170.0201,390124.8637,411927.3501,402250.8432,400292.0853,393332.1070,405390.1738,400998.6371,401427.6107,362237323.7246,362289521.7073,362277880.5989,362246462.3637,10815.0180,11060.6401,11722.8430,6014.1862,5452.7702,11118.0768,398341.3881,420224.0578,410553.9740,408816.3047,401768.8865,413734.8312,409474.8446,409807.0955,362248176.1068,362300374.1512,362288732.9508,362257314.7804,1715.2710,12351.2237,9499.6009,6575.9090,11344.5538,394410.5647,416153.8162,406560.0790,404681.1390,397692.0397,409902.1681,405613.7620,405828.1988,362244724.5499,362296921.6336,362285281.2430,362253862.9170,11605.4833,10556.1562,7174.2805,10299.4689,392791.3234,414540.1398,404941.4324,403063.2257,396073.3753,408272.8121,403981.5758,404205.8955,362243226.6244,362295423.6967,362283783.3003,362252364.9936,13114.3329,13314.9466,2977.0235,392091.2989,413874.9394,404191.9700,402167.2608,395234.3830,407305.1709,402870.6370,403341.9949,362237625.2000,362289823.4273,362278182.1750,362246763.8940,6090.9507,13404.8624,402005.4646,423818.1325,414177.5438,412337.2716,405331.4996,417415.7056,413116.9089,413422.0061,362250481.0794,362302679.0211,362291037.9908,362259619.6892,12242.4320,397270.0673,419104.4182,409478.2876,407740.7089,400694.2244,412762.6755,408533.3035,408766.3380,362248596.2001,362300793.6538,362289152.9175,362257734.6977,390223.4560,412027.5193,402349.8942,400392.0743,393431.7249,405486.6249,401094.8360,401526.0578,362237387.1580,362289585.1581,362277944.0361,362246525.8022,22676.8663,13044.7514,19741.4656,12321.5190,18049.9556,19365.4365,14344.2187,361914637.4961,361966817.5829,361955187.0762,361923772.0883,10235.4072,17131.2376,20143.5140,13175.0297,19127.2113,12589.4928,361894903.6001,361947082.4532,361935452.8115,361904037.8635,12469.9147,11496.3765,8643.7180,13014.4028,4674.5494,361902246.4461,361954426.0732,361942795.8965,361911380.9130,8535.9071,14788.4714,11163.2400,9049.4852,361898024.8590,361950204.8809,361938574.6054,361907159.3650,15727.0752,12723.3535,9225.3271,361906217.6469,361958397.8585,361946767.4132,361915352.2171,8535.9071,7163.7860,361897131.8784,361949312.2034,361937681.4540,361906266.5622,8654.6141,361896949.0476,361949129.9707,361937498.8951,361906083.8562,361900432.7786,361952612.8062,361940982.3764,361909567.3419,66480.2734,42411.8442,14908.9658,33176.4786,52313.6541,32565.7318,
25200.000,5595.0531,4321.9583,12737.0667,12101.9864,11508.6461,12758.5499,11610.3293,3087.1858,12508.5338,10125.2243,10961.0948,12175.1765,4787.3007,4578.9573,8728.0378,12672.8751,10884.3610,13355.5458,8365.6896,1527.3241,4665.3868,9345.8721,4038.2728,12015.0643,12399.1059,3476.9521,12062.1650,9628.7321,10358.2276,11920.9558,5229.0046,10377.7045,4095.3686,8557.0160,6523.3168,3353.6719,12609.1809,11965.0905,11538.2855,12668.9589,13594.5474,12477.7545,5195.8411,262.7246,10279.2181,10645.1653,11729.6745,11203.8296,5764.7376,6448.8963,7151.0447,11932.3132,11462.1790,12680.6804,6854.6812,11650.3957,4917.7187,11728.1113,13648.9021,8491.5821,3461.4859,12803.5651,10615.5446,9066.6848,9740.3750,6927.5978,13155.1064,12206.6779,4102.6918,3101.8211,6415.2165,11863.8403,5910.3497,12678.4932,13682.2246,11208.5613,0.0000,10694.8077,12780.5835,6080.4661,10214.0941,12072.1857,7576.4201,3694.2377,10758.4172,10564.5270,6997.5028,8776.3504,10435.4153,6759.0197,2622.1289,10916.4366,10060.3740,12265.3528,13812.3374,8390.3565,7942.9947,10771.1507,9871.3024,387521.9282,412454.3545,403852.6275,397627.6485,393250.8554,404785.1826,398686.3155,397814.2764,362237997.6297,362294781.7011,362279490.9061,362255506.1633,7704.0426,13473.8085,11153.7534,9763.0356,13817.1213,10561.3705,8194.8619,11701.0506,10664.8906,6588.6214,11370.9537,9494.8258,3967.1937,3667.0754,11815.6324,11760.6049,10694.6062,8419.7240,5928.5186,8861.3087,12425.8200,6542.2187,10471.9574,10964.8550,8471.0116,13119.3088,12556.6672,9244.2688,13639.2040,3857.3457,7918.8951,5513.8152,3601.2799,8408.7751,5274.8047,13596.4627,9465.5023,8151.5246,9786.6078,13305.0356,11482.0534,8197.8507,5348.5149,13023.1532,13242.1566,9455.6690,8142.4538,1659.9107,9362.7351,10037.3491,11337.0051,13420.4139,11624.3428,10694.9238,13032.2870,6805.9010,13663.7449,13295.1333,3632.8305,8565.0619,13529.5293,7587.9745,12203.9949,11654.2769,11028.7840,13515.9636,13710.1781,6612.5754,2797.2504,10642.3851,11537.1609,6931.9751,13778.4862,11589.5616,6972.8460,0.0000,8271.0250,13381.2405,9994.4958,11226.2839,8662.2221,11579.9668,3006.9376,7151.2584,7595.2667,7515.9481,3971.3471,9480.7279,3193.0213,7354.0552,13415.1710,5618.1543,11551.4353,12622.1088,12109.0192,5064.8448,8047.8074,12675.0632,389279.8921,414193.7737,405543.7239,399221.3383,394904.1482,406394.0375,400244.2207,399439.4804,362236635.9306,362293420.4681,362278129.3313,362254144.5361,10633.8625,9753.5869,9340.0234,11708.2558,9070.9820,3389.0846,10149.0580,6726.9646,11576.9444,9688.4716,5667.3461,8254.6470,10079.0969,10408.9182,12337.7408,13182.2027,11321.3407,5585.0490,1986.7889,7004.1537,1420.0208,9821.2549,10260.0342,3221.1922,9872.0151,7189.8604,7713.3210,10447.9171,8712.9623,12651.0804,8003.6293,10292.6975,2561.5707,7364.5347,10716.9279,10414.2320,10702.4569,13516.0724,13131.0845,13649.0616,8272.6766,4399.8704,8287.8239,9952.2942,9948.0165,9981.3922,6918.8409,2395.9961,9341.5509,13359.8458,9316.3453,13705.5366,4257.8897,11976.7720,8562.6055,10119.4540,12301.0642,10431.9799,4406.7903,10806.2069,9331.1347,6553.6684,11189.8856,5060.3027,11599.8586,11528.8288,7845.6729,6411.0937,4563.4434,13186.8370,2865.5432,11837.6814,13556.5208,12046.4546,0.0000,8933.0138,10793.4713,3106.4985,12004.8234,13143.8872,7094.9065,5002.0389,12424.0717,9229.9005,3829.5468,9361.6280,7701.9194,9679.4670,5699.0177,9675.5716,10225.3201,13505.6814,13503.5438,7396.5747,7027.5098,9236.2570,7460.1327,389755.5461,414632.4707,406068.0498,399797.8550,395463.2484,407078.5039,400946.7463,400042.2494,362240178.9476,362296962.8130,362281672.2665,362257687.3399,5132.5241,7381.1004,3588.6540,6259.0694,11252.7293,4615.0010,6265.9146,11522.6881,5079.0414,10770.1529,13697.7210,12795.5645,4477.6756,9841.1288,8360.2913,12781.5246,12946.0902,10004.6464,5823.7455,11119.9889,6554.5824,5942.4893,10993.2710,935.2601,5469.9285,7840.6050,3277.5453,13619.5010,12479.8703,13528.6756,13041.5214,9430.5553,13473.8716,1020.1568,8035.1775,9579.6927,10227.9565,5303.7963,9630.3585,12442.0415,12798.8641,4926.1190,6186.2926,7926.9184,9370.9846,12977.7956,8914.7762,11372.8654,10031.5267,2960.6095,9327.6396,8232.6879,7342.0139,13214.5313,3452.4683,3166.9006,13239.4132,11295.9426,360.9455,9721.7717,6083.0532,9945.9408,8455.6876,1840.9584,4951.8965,13175.7450,13529.1500,8844.2583,9674.2477,10312.0125,4209.6871,7718.3313,11563.0498,0.0000,8980.2555,427.6099,8986.4519,10535.1004,11074.8220,8692.7340,12840.2383,12049.5743,9697.2998,9877.9851,12336.5120,7568.6752,13780.3668,12376.4444,5112.3141,11583.3164,9661.9315,6373.8229,7734.0212,11225.3164,9282.9135,5138.4806,399927.1938,424856.0565,416284.2965,410088.2464,405698.5997,417265.4710,411181.8001,410276.6834,362249796.9481,362306581.2462,362291290.3517,362267305.4417,2406.2156,8000.6582,1427.7281,11586.7439,696.6027,4020.9119,8483.3678,425.7571,12127.5435,12837.2964,9956.4289,997.7396,12246.3644,6781.0840,13485.4053,12704.2255,10126.2306,8549.0888,9637.4593,1480.5752,1036.3641,11394.3259,5323.6050,8251.0646,3505.3380,7895.2157,12676.3916,12049.2542,13295.3355,10537.5688,7826.2678,13132.6180,6012.3884,3391.8749,5382.7605,9275.8020,7923.0378,10943.8308,13408.2800,12069.2746,8475.3797,10137.2815,3080.9713,4845.7886,10248.1285,8392.5769,13233.3870,11570.0517,7124.0561,10631.2617,9468.3983,10806.6314,13528.2433,7999.8529,5419.2887,10901.4559,12001.1016,5356.3945,5204.7186,8491.1147,12574.2515,10186.0426,5809.2071,9211.7313,13409.8715,12099.4722,10307.1946,11462.7359,8080.5541,8480.7907,7288.9809,8911.3195,0.0000,4291.6055,5085.1472,9593.4043,12698.8846,9578.5676,11242.8726,10733.3072,10565.3459,5167.0833,7266.1754,8926.5453,3310.0048,12230.0942,12772.9842,9250.4859,7915.4017,11202.0012,7489.5282,10606.8542,7492.6582,4642.0986,8078.6117,399073.7816,423940.6605,415350.2464,409020.6620,404723.3399,416314.7332,410152.6796,409286.8851,362246447.3122,362303231.7447,362287940.8175,362263955.7527,9955.0735,1481.4192,11534.8440,3081.8142,4424.5625,7203.7269,2565.7056,12482.6827,12090.0188,8471.8945,3310.9745,13167.6543,7006.7319,13527.4294,12252.6026,10162.5614,9889.5004,8891.8354,1061.1105,1909.4023,11398.5470,7457.1454,9655.6232,2058.8131,9835.8783,11909.6251,11790.7892,12818.4217,9201.4095,7354.8857,12607.1200,8182.0568,1874.3196,3718.8930,9268.2323,9561.6950,11685.1215,13488.3324,11429.7019,10075.8908,11702.6710,1166.5237,2819.2257,8686.1550,8413.1881,13738.6686,12294.3266,9037.7669,11418.7667,10111.4566,12228.4723,13303.5094,9915.6887,7418.6901,9631.0640,12077.6558,7592.2483,3006.3745,9735.9481,13498.1754,10937.4811,7953.4718,11001.5079,13145.8878,11095.3541,10930.5033,12285.1798,7134.1465,10362.3324,7998.9065,7857.3572,0.0000,1976.4438,7326.3977,9950.1874,13464.7014,9190.7430,12191.5510,9476.7798,9951.3904,2947.0188,6248.2883,7150.2272,2115.6824,11223.1839,12625.0170,10945.2128,6149.6768,11986.1815,8771.4656,11744.2949,5554.7288,2376.6826,9554.6854,397782.5429,422628.5719,414027.3032,407648.4844,403384.4486,414977.6737,408787.3117,407940.4459,362244256.6750,362301041.1539,362285750.2066,362261765.1069,9133.2029,11278.5817,7576.9462,9129.0294,12057.7302,8075.4795,10036.8017,13070.8292,13195.4610,7367.7986,6960.4400,8597.1138,10865.2897,12541.7878,10700.5139,6369.2634,12261.3913,9218.5938,8610.6035,11091.5680,3685.1166,6193.1317,10492.1208,1997.1168,12960.2011,11102.8453,12634.4780,13176.9792,11235.4902,12750.4452,2674.1376,10166.3426,11185.4801,9516.5450,3435.3737,7371.9516,10999.8376,12843.0412,4999.2120,4062.3332,10235.7002,11278.6682,13745.0795,10432.3593,9389.5408,7559.2742,3825.0521,7133.7745,8886.4078,4080.2593,11966.5715,2625.0445,3830.8222,13241.3495,10987.1138,3258.1656,11666.2662,6815.0037,7220.1794,8611.0326,2574.0460,1642.4420,12106.2714,13539.0261,9049.1927,7078.0758,11990.4046,647.4353,7397.9576,11810.2099,0.0000,11209.7146,3408.2524,9818.4278,7816.8158,10581.5984,7722.8771,13538.3456,11421.3918,11670.5001,11853.8079,13248.2476,10280.7658,13342.8805,11734.5647,3651.1545,12639.5064,7233.9256,5422.0100,6898.8423,12843.0083,11383.9500,5883.5460,399445.9063,424435.8549,415847.8107,409737.9093,405282.1447,416784.1237,410755.5438,409855.6486,362250266.5733,362307050.9796,362291759.9143,362267775.1863,11239.6046,2067.9008,3340.5422,8386.6321,1370.7242,12079.1425,12576.1522,9570.0860,2413.0381,12997.3981,7571.5927,13785.9070,12357.5411,9687.5719,8835.1008,8842.8854,1178.3337,1640.3174,11051.7371,6297.1953,8564.0768,2149.6825,8843.3975,12452.2583,12399.8748,13115.7433,10233.2131,6976.0479,12885.3460,7112.8087,3131.9849,5075.6883,9911.2534,9166.3357,11814.8524,13465.2515,11563.7746,9000.8897,10868.7829,2547.7006,4254.4531,9493.7911,7800.3856,13531.1705,12381.9031,7878.1644,11537.5566,9318.6141,11727.6600,13490.1960,8878.2823,6786.5042,10630.6298,11765.9182,6509.6888,4397.0867,8690.6428,13199.8112,10159.6455,7082.7205,10230.5405,13300.6922,11578.4715,10209.4607,12299.2057,7113.2059,9594.1872,8289.2156,8956.5139,0.0000,3306.1258,6263.0983,9269.5942,13349.2856,10006.6169,11482.9138,9969.2331,10799.8037,4325.8139,6201.9323,8326.9928,1958.0442,11983.4651,12552.2238,9991.2479,7439.2379,12064.0638,8683.2636,10924.6283,6484.1701,3772.6871,8445.0507,398149.5138,422997.3430,414409.8678,408052.5410,403776.1656,415384.1269,409204.6509,408339.7971,362245293.6564,362302078.0339,362286787.1685,362262802.0641,11871.6032,9115.3187,12476.2245,11579.4813,2577.8293,7038.6928,10810.6187,12044.8498,10459.7224,13792.0920,9326.6041,3545.0098,2348.3496,6845.4573,4172.6837,11852.5944,12123.6320,451.2452,10450.7817,7184.0701,10266.6600,10077.1818,7617.2748,11741.1175,6094.8603,10713.6994,5714.1756,5522.5261,11026.8324,12319.2868,12407.8915,13501.4962,12848.6698,12634.4834,5487.9188,3325.3468,7927.8846,8619.7790,12000.5740,11955.7942,8089.4276,4774.6052,6554.8908,12057.2342,9426.0480,12795.2920,4159.5924,10483.8596,6237.4543,9762.2588,12750.2846,10691.8273,1065.9378,11330.4288,11445.6271,6548.7615,8935.8964,4071.1510,11900.2899,10634.1214,5472.2572,6014.4931,3526.0734,11834.4114,5982.3723,11231.9070,13847.7009,12695.0271,0.0000,11215.8033,11374.4559,3533.6610,9942.7579,13229.2353,5036.0248,6044.6244,12271.3038,11376.0557,6960.2341,10678.1289,10238.9838,9185.8555,2830.0335,8786.1992,11637.7881,12342.3156,13511.0794,5818.6490,9266.6242,11428.2196,7476.9088,388675.5851,413608.9831,405036.2977,398853.6736,394453.4602,406018.4382,399941.0305,399032.2738,362240390.2588,362297174.1402,362281883.5027,362257898.7428,4320.0552,8919.1920,741.4662,12289.8164,13237.9499,10478.0187,402.3251,12151.6794,6806.6100,13650.2556,13066.1960,10405.7512,8438.4025,10107.3671,2105.7282,1477.0334,11667.2047,4887.1556,8120.1203,4158.9491,7515.3126,13074.4748,12251.4563,13637.2615,11026.5677,8254.3901,13493.5698,5529.9010,3926.5943,5907.8864,9369.7112,7550.5498,10854.0979,13610.8069,12486.0038,8260.7976,9898.0810,3689.1376,5452.4359,10841.1186,8695.7374,13311.3073,11498.8500,6785.6942,10523.9661,9582.8473,10566.7205,13802.7303,7638.6047,4916.7023,11375.5869,12245.6178,4837.8556,5858.0461,8416.9811,12505.0614,10257.6263,5293.9410,8858.6465,13702.8980,12580.1674,10417.3016,11368.0193,8605.2453,8081.9843,7172.0346,9289.2955,0.0000,4973.9008,4561.4957,9791.3216,12657.0897,9779.2787,11231.8912,11284.7586,10846.0579,5826.7046,7811.0718,9517.1205,3942.9050,12666.3635,13060.6454,8975.2770,8479.7325,11107.0727,7208.3522,10539.7673,8159.4952,5306.9678,7921.9136,399593.7917,424465.8123,415877.5500,409559.4023,405254.2925,416844.4535,410689.0846,409819.3736,362247131.1022,362303915.5353,362288624.6044,362264639.5462,10467.0613,3747.7912,10147.1244,12253.8472,10808.8809,4682.8840,13056.5851,10095.2952,13839.7610,11036.2923,7163.8561,6558.5079,6888.0977,4476.8430,4784.6921,8837.9052,5839.4562,6316.3962,3100.4071,8133.9991,12331.6061,13500.1289,12445.7016,11371.7413,4458.1045,12077.5399,6938.3767,6155.6570,7698.2530,11948.8312,10279.6092,12930.5536,12445.5693,10136.1584,7179.3974,9713.1232,5519.2196,6757.9189,9519.5589,4947.2855,12545.1886,13212.4050,6605.8075,12734.9070,6637.7815,11563.4910,12777.6847,7932.2148,8098.9108,11708.8761,9742.4109,6577.0910,6508.4530,6269.3360,12696.8569,7656.8149,7655.0385,9913.6921,12407.1454,10936.6405,7687.1150,13018.6734,5300.8628,9583.1154,10522.1739,11025.7767,0.0000,5417.9911,6462.3128,6530.5854,13287.5083,12017.2837,9501.0212,9181.6187,12401.5202,6393.6639,4457.0785,9584.4760,2789.3176,12392.4282,11015.7865,8732.5023,9262.5830,13013.7825,10426.4739,8926.8668,6969.3922,5972.6598,6295.4091,396210.4435,421052.5058,412493.7412,406167.9655,401875.6483,413519.9983,407354.8450,406454.3461,362244923.9502,362301708.0192,362286417.3952,362262432.2933,8865.3180,13060.3466,8709.9772,3124.0255,8858.0003,11348.9337,5237.9689,9820.2120,11088.1494,12440.2856,13465.2839,10668.6859,7583.2917,7805.7907,12599.1583,11643.1542,13410.4484,8185.6119,12683.9890,8141.8594,6474.1613,10067.1855,3565.5000,11005.3734,10189.2015,11844.9393,5725.3699,3766.1744,4936.5231,10142.3106,8847.1844,11727.3013,10785.9258,13456.3601,13461.6075,6233.7281,4747.3937,6631.6295,12021.5895,12447.9948,9434.2554,12874.1000,8749.7180,13167.0151,12202.1616,10685.8390,12963.3049,9989.9567,3922.5332,12710.4696,11522.4059,5034.1386,13411.1399,12324.7993,13543.6491,11009.8295,12554.2095,10900.4073,8849.8292,13411.5610,9779.9620,9919.2935,12101.9746,6668.8185,1026.5927,0.0000,6095.4178,11268.5483,12906.9118,11355.4654,3740.2922,13787.9671,8605.7937,3822.8090,5167.2025,9762.3699,3462.8275,8422.6677,6459.9930,11935.1546,13429.2421,2316.6503,9284.5184,8547.5362,13844.2457,6170.3184,5565.3689,13348.1490,395438.4583,420357.2412,411682.5111,405334.1589,401030.8296,412484.3602,406324.1576,405552.0786,362240680.9437,362297465.9292,362282174.4632,362258189.6191,12145.9693,13054.0183,10272.7652,1131.4690,12472.7857,7197.0907,13751.1841,12807.6961,10049.3712,8410.7011,9610.3127,1706.2925,1374.3309,11372.9585,5239.9702,8102.6593,3459.6065,7881.9578,12913.9651,12406.8101,13481.7029,10859.7029,7702.3473,13300.8328,5983.3725,3719.7545,5730.3223,9684.5892,8154.8853,11269.5003,13555.6955,12148.1556,8367.8683,10151.8630,3351.9357,5135.3932,10431.0621,8247.0668,13372.8808,11876.0583,7014.3687,10959.3664,9346.1032,10960.8970,13713.6273,7958.9225,5591.9061,11224.6089,12010.7503,5324.8918,5445.2757,8341.5829,12743.4689,10090.3960,5882.2504,9290.1419,13573.2820,12262.0535,10217.2476,11753.4534,8028.9631,8572.6888,7674.0239,9306.9401,0.0000,4473.2044,5065.4724,9474.8238,12924.5994,9989.4699,11218.0476,10845.8945,10952.6002,5398.1037,7190.3765,9208.2998,3231.2148,12511.2977,12853.4057,9222.6918,8236.2626,11513.0305,7804.7809,10558.3347,7636.6643,4861.6968,7931.9071,399086.8989,423949.2845,415363.5565,409032.7719,404737.4812,416337.2948,410173.7804,409303.1881,362246565.8521,362303350.2471,362288059.3556,362264074.2773,7444.6747,11695.7566,12392.1896,8605.8020,13651.2333,8174.3768,4386.9573,4133.5733,6269.8433,6499.3133,12610.3682,12715.0051,2616.0333,9982.7049,6664.9046,11518.6447,8917.9028,7948.1325,11183.8801,6100.3157,11449.7224,7609.8946,5791.1392,10322.4152,13119.9549,13256.3091,13127.8411,11778.7164,11405.9431,4179.0036,5020.0052,6997.7330,6851.0764,12896.4277,12973.1627,9690.8339,6376.5000,4452.8923,10673.4183,8679.1265,11605.5547,4485.5253,8623.0219,5618.1660,8632.5572,12153.1939,11354.8614,1606.1499,10774.4551,12625.0862,6161.7960,6809.1368,3704.5558,11176.8726,9088.7657,5062.8562,7299.0603,3424.6607,10369.7099,8057.1525,9873.8721,13394.1388,13088.1430,0.0000,12410.5283,10864.5761,4564.3707,8079.4214,13077.4014,3150.1628,7946.6969,12199.1947,12575.0332,8901.0560,11865.0053,11452.6197,9676.3647,2878.1110,7335.3572,12651.2967,11006.9728,12730.7901,4230.4425,10922.9420,12595.8397,6919.7905,389485.0614,414458.9976,405882.9138,399767.4586,395318.0537,406847.6219,400811.9118,399897.6286,362241996.4217,362298780.3558,362283489.6283,362259504.9714,6281.7380,13291.4770,9351.9582,11659.6656,5261.6607,3799.3650,8602.7701,11854.6591,7618.2609,12552.2543,12843.5035,7419.9872,13261.0049,12086.4981,11636.2017,12920.5614,761.2216,6681.1227,1792.0171,5653.7588,9772.2159,1952.6432,13522.3708,11824.8586,10736.0056,10038.1051,12811.4578,10142.7353,4803.6192,4425.9563,12302.6266,11706.7265,11872.2415,10885.2659,5340.3677,10004.8231,6887.8934,9588.0269,13081.9894,10432.1514,10206.7456,11198.5316,3070.8990,12948.3343,13551.9724,5345.4255,6917.5909,13675.0615,10511.5811,11733.2745,8958.6423,10090.3340,13518.9625,12509.3012,3074.2851,2580.5270,9733.4156,9734.2220,8782.8527,12861.5756,12029.3470,8655.7426,0.0000,11041.6636,13596.1626,9742.7987,8551.9794,9199.9272,9820.6020,5039.4245,7416.5089,10525.4182,9609.1167,7297.5326,11784.1934,2782.6876,4961.3333,12259.9345,8587.1236,10003.8523,12563.5980,10613.4176,8405.3118,10877.2239,12223.3403,388256.5744,413233.9907,404581.9629,398367.9896,393971.5641,405413.2481,399329.4636,398510.6408,362237393.6923,362294178.1940,362278886.9995,362254902.3867,10505.6534,11538.1421,7937.9036,8832.8242,8885.9012,11123.1454,13375.6291,8996.4859,9081.2721,9477.0075,11014.0899,12693.4627,13409.2130,8733.9511,13484.1512,5768.8228,6441.9947,7873.3458,982.8416,10041.1017,7910.9857,13023.7674,7515.5891,5695.4417,7052.3939,11847.4380,9976.1732,10134.3365,8515.1476,13643.4498,13682.0736,7769.9752,6163.6793,4036.1073,11108.7595,11412.0687,10196.2548,13514.8727,10020.9929,12395.0988,12773.6135,8802.9464,13657.3288,11841.6207,1501.7834,11092.4181,12818.9342,5947.4550,13243.8242,12091.0328,12752.7710,12513.0955,13389.1532,8909.6491,6181.6737,12497.9655,10518.5403,8677.4483,13184.4884,9112.6873,3536.3500,0.0000,6975.2086,12608.1532,11920.6613,11252.8256,5723.5743,13098.8304,6158.7914,4542.5155,6025.9381,8830.5491,1901.5885,9000.5190,3977.5706,10022.6516,13778.9508,2827.6191,10248.5833,10638.7345,13394.9901,5149.0457,6538.1521,13430.1318,392329.7474,417246.9963,408575.5812,402230.5083,397925.3192,409384.9442,403225.5745,402448.5910,362238221.5162,362295006.3509,362279714.9885,362255730.1763,11974.5771,6524.0190,13561.1791,13189.3983,10627.6861,8543.5806,10369.8843,2300.4812,1568.1415,11845.8320,4815.6993,8224.5292,4498.8467,7401.9735,13110.9144,12104.4276,13688.8766,11035.6297,8567.2696,13567.2825,5384.7733,3974.0783,5920.2676,9127.7094,7229.5563,10595.5036,13632.0286,12650.3602,8297.2445,9825.4693,3811.2836,5545.3084,11000.1323,8975.6452,13283.4348,11266.3237,6771.3987,10254.5217,9770.1699,10379.9954,13825.9076,7556.2599,4577.6084,11377.2330,12389.4303,4679.4684,6003.8579,8546.1482,12386.5474,10406.9206,5042.1782,8680.5116,13751.1017,12708.5507,10578.5898,11137.2197,8905.6264,7870.3789,6844.3573,9190.8269,0.0000,5176.0023,4391.9752,10009.9740,12505.4751,9586.3323,11292.0209,11479.1142,10710.5409,5981.9531,8134.5866,9600.6756,4295.6670,12684.8067,13169.7773,8920.5912,8522.9658,10858.6411,6858.8536,10593.6789,8376.8051,5474.3829,8014.3392,399835.9868,424713.3701,416122.5177,409809.8255,405500.1143,417083.5466,410931.9360,410064.2092,362247353.9424,362304138.4051,362288847.4453,362264862.3992,9706.2077,5009.4434,9896.0793,11349.4911,9786.2419,12605.5390,12850.3685,12513.4681,10542.2261,9687.5877,9924.2269,13569.9818,7756.0338,9155.0615,6774.4132,8653.0988,11004.1801,13097.6751,9135.0771,9114.1551,12791.8929,12633.7612,8215.3257,6636.5765,4134.4121,6814.8278,10945.1417,9003.7936,6276.6711,13037.7940,13092.5679,12529.1449,12391.0654,5019.1454,3059.2097,9298.1758,4459.0692,10665.8007,3211.0955,7527.9087,8084.1372,9021.5743,10786.8775,9741.7212,9584.5269,13336.0054,10114.7960,2205.3409,9947.4574,8749.5926,5852.7819,8093.1851,11031.4489,10128.5339,2583.4836,13206.6431,6390.9935,8623.1040,10735.2590,0.0000,13459.0060,9621.7329,11276.8932,1113.4690,8905.3926,7915.1261,12364.3303,8710.0828,13377.7827,13584.4902,12525.4342,13515.3988,9873.4880,9155.3932,7363.0076,12490.9255,3482.2972,7543.4510,8105.2390,13450.9442,13397.4875,9835.2461,395056.5126,420122.7078,411483.6997,405444.1574,400925.7806,412309.8577,406331.9346,405476.7820,362246131.3857,362302916.0376,362287624.6457,362263640.2014,10637.1117,13310.3432,13427.5963,12192.0162,12767.1197,6608.6503,6214.5976,13793.4581,8834.1242,12029.0895,8689.0561,9804.7585,11145.1022,7501.9969,12418.1632,8127.3588,12265.1328,12635.2467,8640.7098,5536.8393,5222.8747,3146.4660,5907.8699,6417.1711,12831.0836,13267.4210,11630.4977,11323.2470,6206.4086,6180.4754,10667.0665,12766.9832,12527.7832,7476.6887,10446.2309,6047.0895,13124.0033,9605.0235,12461.6477,10258.0934,5819.1245,8329.2213,13833.2433,8259.9661,6991.6979,12320.4820,11121.9534,13348.5124,7288.8953,9480.6354,12782.5057,12166.8992,13446.6983,7683.9871,11873.7983,8690.0386,1735.5004,4863.5425,0.0000,7352.7496,7991.2238,13326.3789,10225.1456,3924.0712,13179.6663,11988.2060,5813.7718,7105.1631,11511.2449,8112.7162,8742.2784,10081.3686,13552.3829,11157.3927,6724.0552,6984.3163,3887.9437,12867.6046,9428.6518,7060.9429,11833.1605,399742.8098,424694.0920,416034.1272,409757.3690,405405.3723,416853.9251,410735.4377,409937.2003,362245887.4096,362302672.4333,362287380.9247,362263396.1074,7126.4934,10867.8728,11804.7778,11161.5578,13594.8051,13551.0784,9605.3606,12504.4083,12021.8029,13650.6083,11279.8482,4983.5401,4409.7177,4797.9317,8036.8463,12598.1915,5505.7979,12308.0879,12991.7945,12134.0599,8351.1957,10211.6142,6372.8054,4484.5064,8347.2587,11622.8839,9716.9176,13229.3004,12616.9975,9668.4848,12310.9202,4692.8864,5417.4520,12234.0672,6812.9322,11352.3120,7804.3494,3890.8486,11480.4276,12023.9264,7654.3726,8699.5744,12622.6557,12623.5700,11924.7385,5237.0771,10805.7180,12008.6964,9986.7633,4740.6038,7584.6987,10705.4733,5554.7246,12122.3037,10440.7942,10292.1490,9258.4989,0.0000,13078.4516,12587.6640,11459.4722,4082.5959,8160.4477,9319.8244,9632.0950,6808.3377,12671.0914,12753.9076,10227.5969,13713.1180,5888.3208,7051.3319,10673.5194,10779.4978,6026.0540,10272.3152,9991.6987,11778.5004,12898.9158,12053.3388,391102.9139,416154.8193,407489.9988,401391.5070,396909.3030,408276.2237,402265.7477,401445.7860,362241157.2872,362297941.9974,362282650.5542,362258666.1215,5529.7632,9610.8342,5436.4196,12682.7748,12991.4835,3980.4597,12294.6161,9918.7975,11289.5982,11831.3475,4491.5293,9600.6483,2834.4840,8553.3993,7754.6863,2138.0830,12714.8791,12557.6493,12042.8125,12316.4479,13284.5252,11734.3787,3801.3324,1601.7852,10383.6425,10277.4178,12397.8596,11847.1878,6471.2837,7503.5351,5951.5945,11074.5944,11618.4628,11986.1699,7378.4304,10964.5967,3486.5019,11678.9085,13672.5241,8402.5529,3447.7415,12970.6823,11346.4935,9406.4937,8715.3511,7208.3555,13184.1021,11838.7593,2632.2613,3270.6278,6752.1428,11009.5041,7223.1119,12385.6519,13506.3063,11198.6772,0.0000,11496.3789,12959.3549,6807.6759,9131.0643,11763.3210,7303.5415,4734.2908,10350.7907,11311.9294,8262.7281,9242.9363,11359.6144,6329.9806,1641.6895,10734.8292,10490.5174,11470.7110,13559.2932,8232.0513,8894.0845,11530.0617,10144.1438,387443.4064,412402.9034,403792.1735,397602.4954,393198.0067,404701.8450,398625.9115,397758.4769,362238222.8442,362295006.9810,362279716.0986,362255731.4323,5566.0659,3306.6793,10461.7477,10758.4363,1970.9779,9165.9912,5832.3223,8699.8169,9293.2008,9086.2971,12700.6976,7968.3855,11221.4526,3783.7596,7399.7278,9923.0969,11234.4102,11664.4857,13679.3140,12500.9269,13155.3408,7469.0588,4833.6274,6883.9422,8438.5621,10808.2318,11032.9359,8334.6540,2503.8219,8160.3123,12760.2858,8227.7931,13228.9371,2587.0861,10783.1819,8190.9687,8911.1571,11878.0979,11304.7535,3169.3074,10145.5655,10504.4707,5142.3463,9970.6713,3185.5576,10956.2487,10331.7821,7493.5689,7231.5608,2645.5189,12508.4108,4597.4479,10786.8994,13548.2259,12780.4367,0.0000,10052.8144,10187.0914,1517.0349,11035.8614,13489.1218,5263.0126,6423.5750,12827.4082,10412.9663,5390.2454,10622.4349,8625.8538,10313.9661,5059.9440,8230.6492,11375.7886,12929.8948,13177.0758,5601.0777,8575.0350,10368.2569,6141.0391,390079.9784,414981.1746,406424.2711,400207.0869,395835.9468,407441.3799,401340.7609,400420.6623,362241468.5805,362298252.3930,362282961.8598,362258976.9932,8087.8220,9607.2893,9468.0487,6479.0837,4897.2588,434.9381,9109.2400,4494.9017,12100.8909,13312.5453,11110.1189,13476.3674,6855.6340,10856.0571,5469.7757,10995.7321,12114.3686,13045.5243,9193.2098,11608.3339,9470.2477,9505.8677,1527.5746,4387.5958,10656.8125,11631.9386,11986.0940,5336.1785,8612.1389,11380.8620,3164.1482,11549.1735,3091.8915,7725.2445,10728.6925,3939.1229,8399.1041,13579.4865,6837.4997,5920.7614,11512.2125,543.9790,8615.6549,3039.8883,6940.7321,6145.7727,10390.1776,11342.7097,3557.0839,10940.2322,8209.8838,6575.5761,11734.0929,13599.6729,0.0000,10788.6470,6101.0462,4225.0827,9995.1045,13480.0473,3961.2346,10800.8218,13562.7163,11441.6925,8306.5337,12967.8217,8865.5086,13077.2591,8619.4122,3501.7400,13005.7270,11356.2722,10550.2988,2956.0809,11230.9109,11170.2779,751.0764,394891.6139,419821.3247,411278.7574,405130.6740,400713.5725,412310.7686,406250.9842,405307.2507,362246998.6703,362303782.5423,362288491.9536,362264507.1056,9494.7467,10012.4260,4136.3444,10432.1559,8243.1742,7281.0608,11171.2848,8038.7615,12148.3505,7656.8221,9258.9666,2731.5966,7004.0493,11271.7617,9840.8123,9915.7590,13038.4881,13340.4306,13584.7198,8458.4666,4030.9166,9275.2142,10805.2739,9393.2818,9199.5659,5631.2020,3401.2086,9766.6423,13349.6422,10122.5627,13642.0102,5532.2308,12484.4936,8427.9494,10902.5706,12505.9378,9422.2961,5162.4462,11291.7127,8480.8764,7660.2138,11634.3510,6308.9230,11990.2616,12158.2042,7734.3566,5531.6192,5825.5172,13240.6366,2098.2864,12388.9416,13302.5291,11199.0408,0.0000,8207.3238,11241.3867,4441.0823,12242.3005,12525.7188,8150.1941,3753.0835,11723.8541,8382.1341,3232.1276,8204.0224,7333.8946,8805.7736,5945.4732,10559.2065,9181.9776,13492.8577,13486.3441,8482.4383,5860.5725,8458.3472,8481.4913,389549.7931,414420.0513,405843.6941,399545.1516,395228.1536,406835.1727,400688.0104,399800.3145,362239250.5396,362296034.4950,362280743.8838,362256758.9445,860.4743,11697.5362,6721.9913,9343.2365,2799.0800,9180.3662,12358.3991,11856.4128,13196.7992,9753.9205,7853.8651,13021.2126,7394.0884,2108.6416,4179.3108,9074.4939,8811.0263,11308.7457,13656.2731,11951.6859,9653.7478,11240.5902,1672.6863,3516.3731,9486.3504,8721.0351,13716.9310,11964.6892,8445.1583,11010.8194,10154.5408,11724.1408,13574.5270,9291.6130,6513.1478,10160.4643,12333.2077,6760.6398,3887.6994,9502.3560,13243.8041,10927.5471,7091.5212,10362.6214,13452.7530,11707.0302,10977.4583,11928.1487,7810.5204,9654.1466,7452.7174,8132.6876,0.0000,2977.5401,6483.2619,10119.5072,13228.9149,9172.0514,12064.1581,10218.1278,10102.9650,3851.9784,6946.9512,7901.3326,2736.9944,11717.6677,12940.6225,10438.5323,6812.1368,11614.4361,8071.9212,11535.6040,6504.7378,3301.8819,9205.7454,398620.9967,423475.8434,414876.3923,408514.3696,404238.5228,415827.7860,409647.4421,408796.1968,362245289.4653,362302073.9588,362286782.9945,362262797.9065,11960.8124,6202.5852,9185.7050,3561.6821,8676.8283,12632.7092,11792.8408,13430.1944,10098.8698,8353.4473,13290.3565,6797.5295,2492.8418,4552.2852,8814.1242,8137.4073,10900.3718,13735.5856,12345.8369,9383.5714,10874.3528,2282.1701,4082.3189,10066.0421,9072.4898,13647.1117,11596.2996,8041.9195,10577.8519,10269.8479,11265.6719,13721.7029,8825.2963,5744.0699,10484.2562,12544.9401,6132.7937,4565.6453,9409.4363,12976.8208,10981.6907,6392.3096,9828.5183,13637.1588,12138.7488,11074.6929,11542.3928,8409.6869,9060.7946,6924.5937,8263.4098,0.0000,3756.5354,5843.5861,10334.7751,12956.6395,9052.2126,11984.4841,10776.4450,10114.1891,4547.3470,7583.9616,8423.8114,3456.4645,12016.6072,13167.1719,10057.6531,7271.9122,11212.2520,7422.8269,11402.9807,7226.7180,4023.4232,9018.1909,399249.3807,424113.9236,415514.0591,409167.5161,404880.2832,416462.3504,410291.5526,409438.4927,362246061.7480,362302846.2666,362287555.2742,362263570.2040,10176.2309,6817.3799,10104.6106,9833.0152,7981.8835,11970.8249,6496.5158,10944.8625,5482.3878,5935.3276,10773.3178,12238.2144,12404.1260,13596.2803,12753.0134,12716.7604,5801.8303,3707.3822,7603.1668,8425.1340,11902.1186,11924.4615,8300.3520,4435.7183,6732.0868,12159.7020,9118.8246,12863.5136,3735.5594,10428.1576,6610.6175,9498.7172,12583.1583,10938.3032,1272.2122,11078.5382,11419.4658,6167.7498,9007.2912,3682.9129,11693.8340,10469.7825,5864.0597,6369.8163,3124.9613,11921.0087,5874.5008,11062.9573,13834.1333,12829.4725,0.0000,11142.5689,11128.6160,3102.8554,10065.1038,13358.7380,4826.6347,6270.8451,12462.6884,11346.2858,6818.9034,10827.5419,10063.4356,9509.1205,3237.5790,8538.1702,11740.6928,12426.4748,13454.8347,5554.6537,9308.1142,11376.0592,7117.6265,388938.9750,413868.7346,405300.2498,399117.1474,394718.3501,406290.4596,400212.1609,399299.0963,362240716.7691,362297500.6273,362282210.0144,362258225.2408,4540.3174,7677.0934,2882.6573,13230.1148,12475.5523,13018.7542,12926.8017,8745.9997,12930.7201,1152.4240,8243.1425,9748.4203,10542.1428,5788.8492,9815.6484,11866.8497,12135.8642,4061.2329,5628.5619,8075.8781,9469.9842,12611.3075,8116.2398,10830.2742,10112.9428,2143.8879,9552.5644,7325.8288,7195.1334,12704.2579,2913.2564,3927.3578,13115.6570,10500.9206,1116.7093,9734.4191,5149.4996,9595.0934,7551.2806,2514.0270,4813.1488,12619.2246,13020.5694,7946.9515,9736.5721,9711.1921,4267.0030,8243.4483,11711.4664,0.0000,8969.7228,1265.8515,8105.7830,10314.3078,11311.8090,7879.4473,12320.9141,12136.2025,9699.5961,9330.6050,12219.6011,7398.4774,13508.8928,11677.6751,4484.5309,11590.5357,9798.6640,6934.7595,6904.9469,10960.9130,9299.3911,4212.1266,399114.3814,424041.4387,415474.7074,409283.2814,404891.5114,416465.2226,410383.4459,409472.1703,362249310.1036,362306094.3301,362290803.4899,362266818.5842,8909.6562,4302.9051,12314.2148,13400.9555,11388.9033,13533.1694,6888.5927,11139.0125,5148.7736,10782.0186,11960.9686,12980.4282,9028.9022,11617.0560,9799.8720,9781.6007,1419.6662,4490.8144,10439.1308,11470.2598,12083.4593,5429.8250,8932.4157,11434.5283,2834.2622,11539.0732,3387.6114,7783.3453,11024.6294,3742.3819,8121.9549,13649.3088,7205.0193,5579.6329,11370.4774,745.6720,8831.5806,3432.7789,6652.0653,6074.3853,10697.9110,11559.3090,3932.9037,10995.6955,8257.1196,6437.7631,11572.2687,13553.2089,0.0000,10619.4359,5761.6277,4478.1046,10172.3051,13438.0707,4367.6227,10958.1772,13583.9919,11299.6575,8293.8098,12966.6391,8655.6287,13231.8912,8965.3311,3498.4283,12950.7108,11384.1212,10379.0142,3343.3536,11203.8084,11009.9549,363.9134,395277.1903,420203.4250,411661.3654,405507.6041,401094.7483,412695.0652,406631.8083,405688.4299,362247255.1429,362304039.0256,362288748.4353,362264763.5728,9992.7832,11579.0049,12465.0559,12268.0459,9465.3061,5531.8009,11943.1965,8587.9255,3729.7318,5058.3068,10608.1215,10661.8799,12655.1893,12960.2486,10290.5714,9595.8926,11575.6842,3001.7463,3945.9978,7975.2298,6760.2710,13395.0257,13094.4384,8883.7355,12445.9423,8862.2404,12619.7658,12839.7468,9947.5877,8576.0451,9885.3739,10934.5719,8096.2743,3599.6468,8854.6136,13575.0716,9823.4522,8741.6337,11366.8588,12549.7587,10282.6143,9751.7701,13043.3617,5371.9498,10895.4515,9589.3588,8910.1704,0.0000,2437.9877,7883.3501,8536.8688,13753.4368,10412.0796,11432.0548,8371.0132,10828.9282,3472.3159,4377.6404,7258.1039,354.8748,11138.4745,11675.1844,10786.1411,6721.9005,12870.0031,10165.7409,11041.1963,4764.6142,3028.3786,8876.9883,396230.8831,421062.4650,412476.0622,406093.9886,401835.8955,413456.3933,407261.4442,406398.8802,362243296.6280,362300080.9280,362284790.1321,362260805.0095,12921.3469,11995.4402,12355.6780,13511.4367,9999.4047,12364.4411,2306.7628,10391.1577,11546.5868,10791.4772,5287.9501,8811.8353,10601.7295,12032.2704,3065.5850,3054.7707,10316.5192,11436.7368,13439.6286,8987.3643,9083.3684,8838.0290,2020.4361,8633.6868,7236.6122,4871.1820,11732.1440,628.6432,4983.3257,13593.0042,9838.1506,3083.5464,11683.6477,4965.5382,7452.1181,6977.9892,3362.2306,2295.3033,11731.3932,13104.8581,7462.5760,8341.4684,10970.8500,2309.0926,8837.8961,12563.4026,0.0000,11093.8285,3334.2210,8251.7419,8432.5643,11678.9604,6358.1978,12931.4246,12305.1734,11662.3866,10867.0310,13371.2129,9750.0211,13510.0432,10918.6790,2078.0281,12930.5524,8616.1864,7086.2140,5374.8065,12500.7914,11353.5174,3982.9824,398382.7548,423354.6309,414785.0410,408670.1552,404222.4723,415758.3894,409723.6651,408804.5936,362249781.3158,362306565.5325,362291274.6358,362267289.8664,6008.5933,2354.3541,5074.7555,10081.9575,2640.3664,13456.1527,11532.0182,10358.1325,9420.8889,12506.0612,9678.8462,5181.1674,5070.6785,12477.4509,11808.6518,11624.3750,10584.0555,5320.5322,10371.7230,7107.8900,9168.7649,13153.2610,9966.5227,10598.9419,11087.6173,3427.3535,12984.8133,13302.5593,4732.2125,7492.5621,13587.1260,10256.5725,11998.4957,8942.5118,10492.9116,13358.8004,12442.7306,3587.4922,3039.1210,10161.6165,9355.0248,9059.8014,12746.1505,11537.8819,8039.6274,0.0000,10846.1220,13495.7762,10172.1945,8384.5120,8543.3968,10170.3368,5345.8372,6713.5841,10280.8924,9822.4332,6929.3364,11735.6058,2113.2802,5587.2011,12363.0703,8161.5158,9573.3983,12157.1802,10916.5478,8325.4549,10646.7093,12430.9999,388741.2960,413721.4182,405062.9278,398845.0707,394450.0441,405881.6753,399796.7099,398985.6779,362237559.0108,362294343.5842,362279052.3312,362255067.7229,7363.0583,5675.8873,13194.5835,7937.4947,12257.6417,10713.5371,9455.1827,4672.3693,9219.2948,5005.0327,8220.8762,10273.0488,13004.9401,11516.8930,11154.6139,10273.2490,9048.8038,13415.1144,8497.8260,4894.7118,12955.3864,5288.8160,13187.1510,9091.6306,7223.1428,12339.6681,10841.4045,5343.3592,11425.9057,12325.7366,10493.8790,13421.2102,8063.2481,12967.9761,11456.3447,10815.0152,7905.1298,8596.2850,12891.3863,5396.9042,12438.0504,10796.6886,7516.6607,5655.7625,0.0000,11210.1308,12189.5320,13220.5606,6485.3976,4167.7950,11989.5039,10049.3024,2784.0528,10586.7037,12766.9957,8062.9769,12587.3402,5247.1315,10000.9045,12143.7769,8118.1548,5158.8584,8347.6410,12351.4693,10524.0455,10869.7782,13353.8701,393718.1485,418743.5810,410053.1572,403872.4913,399444.0368,410799.7691,404743.9750,403964.3872,362241382.4540,362298167.4833,362282875.8327,362258891.3075,7266.9544,9813.9502,771.9688,13241.6451,12711.7078,11851.4413,10822.3919,12739.6044,10173.9789,3153.1989,4037.0304,11559.5390,10777.6739,12719.9731,11944.8366,6675.5790,9715.1699,5433.8390,9448.6531,12562.0238,10495.9793,9438.9468,10469.7708,1478.3442,12341.3144,13620.0624,6968.6107,5754.3998,13491.6952,11586.7529,11012.8562,7904.6720,9142.2127,13383.3337,11881.4568,1314.1733,3451.7312,8795.0651,9500.5424,9091.3201,12381.7063,12569.9059,9962.1203,0.0000,11975.3328,13453.6878,9069.9923,7764.7168,10190.2186,8608.8665,5840.4300,8529.6538,11589.5426,9997.0050,8793.9400,12370.9217,4458.5644,3599.2133,11443.6116,9989.7444,9922.1394,12792.1023,9515.7706,9511.1366,11878.0634,11547.1405,387908.0404,412901.1333,404260.4513,398089.5047,393664.5532,405107.9047,399048.3982,398210.9637,362238068.7881,362294853.1813,362279562.0521,362255577.4818,10463.9853,7379.8404,13196.8389,8239.4526,6460.3682,6866.4091,11794.4774,9530.3777,9570.0390,8347.0102,13706.0994,13528.4549,8515.3904,6983.8385,4353.7315,11410.6482,10870.4443,9672.7195,13655.1226,9618.5066,12494.0837,12455.2152,8157.9128,13696.5090,12030.1968,521.1920,10911.8631,13042.0620,6808.0514,13366.5163,11579.6140,12761.4633,12672.6724,13266.7567,8333.5716,5913.2021,12506.9714,10017.0197,9139.2362,13117.8425,9174.7761,3713.4777,0.0000,7797.8435,12843.9192,12052.8937,10661.7300,5514.6412,12928.1334,6305.6414,4031.0666,6886.6088,9383.4970,2852.3969,9714.8600,3163.2439,9679.3707,13722.9831,3727.3159,9775.1794,10635.3650,13284.4717,5939.3553,7376.7973,13557.5397,391968.1554,416901.6181,408225.2285,401901.9538,397579.7579,409021.7898,402876.4186,402101.5393,362238118.1469,362294903.0051,362279611.6007,362255626.8384,9247.6163,9738.2025,8702.3624,9343.7290,13171.2636,12567.4405,13823.0836,10159.0229,6546.7333,8071.3820,10267.8836,8127.5437,8439.2313,7264.8199,1866.3783,10947.4865,13757.2051,8606.3121,13786.7757,4870.2883,12333.5889,10386.4521,9688.2624,11199.0957,10714.4297,6628.2052,9664.3781,7793.0033,6383.5196,12232.2105,5984.8670,10598.5732,11414.7823,9780.6232,7915.2157,5671.8448,13590.5601,1742.6548,11494.0283,12765.8978,11594.5216,0.0000,7149.7474,9613.3042,3976.0938,12957.4765,12870.8874,8241.9161,5989.3017,12504.9595,7670.1036,1906.8651,8949.7787,5486.0885,10611.2495,7926.2142,9686.8042,9470.9656,13777.7109,12798.7962,8187.4965,6048.7360,7560.9651,7088.4420,391762.4832,416610.3359,408051.2165,401737.4773,397436.0458,409077.0318,402918.4229,402015.3976,362241333.8871,362298117.7911,362282827.2628,362258842.2331,13217.3148,12594.2360,11785.5002,11197.9765,12987.4883,10673.8376,3379.3694,3290.4475,11400.6474,10823.5078,12558.7249,11801.4792,6317.1460,9168.7494,5718.7874,9982.1324,12447.1322,10974.5515,9014.0557,10766.9722,2021.9497,12316.2696,13713.2795,7122.0800,5267.6292,13456.5316,11391.0729,10724.2351,8291.2310,8774.3474,13432.9528,12029.7006,1507.9685,2941.5840,8392.0974,10013.5603,8513.5952,12528.6119,12836.9651,10159.6130,0.0000,11739.6828,13419.9652,8569.2398,8278.7027,10548.8646,8438.1174,5265.2038,8925.2341,11384.4810,9457.6558,8682.5315,12046.2744,4697.1736,3136.9587,11424.2987,9936.6081,10431.0838,13060.3612,9349.8360,9154.3153,11667.9512,11314.7691,387660.2076,412641.9247,404007.6142,397825.0737,393409.9265,404869.6082,398801.9195,397959.0911,362237863.9529,362294648.2861,362279357.2185,362255372.6175,8764.2011,10178.2762,10249.6689,4913.6593,9192.8414,11950.6034,12684.7449,4373.1771,5282.6980,8685.7054,10027.1965,13204.3432,9067.7221,10724.3216,9510.1435,2447.2502,8913.9263,8044.9002,6469.4353,12823.8596,2555.0321,3344.0841,13357.4004,10978.4721,786.3292,10365.4211,5803.3851,9164.3894,8121.8245,1684.3950,3982.3346,12811.0466,13493.0848,8544.9422,9108.7391,10644.0206,3295.8992,7840.5766,11816.7298,0.0000,9683.1081,1066.2456,8890.4966,9832.5807,11147.6595,8087.3840,12978.6252,12055.3341,10344.9338,10308.9014,12691.3319,8326.0489,13728.7047,12042.4691,4244.8224,12010.4660,9165.0256,6286.7535,7114.3398,11701.5425,9963.9846,4803.8804,399671.6131,424616.1167,416043.8496,409875.0120,405465.5739,417019.9931,410952.9524,410044.4666,362249987.1267,362306771.4171,362291480.5064,362267495.6437,2136.9764,7834.3584,9132.7504,10793.2132,13558.1046,11861.6129,11027.1144,12204.5166,758.2306,1737.6012,8582.0819,9760.9704,13817.5069,11513.5274,9931.6806,10512.1691,11278.4615,12153.7802,13196.8065,10571.7859,7308.7127,8674.5105,12776.7499,8176.9192,2485.1633,10897.2581,13400.9515,11986.6165,8191.8671,11212.7994,13150.7019,11114.7566,11976.3976,11586.0200,8246.9789,10510.6697,6779.2909,6343.6225,0.0000,2227.4563,7884.3643,11142.0765,13103.9251,7702.4868,12938.7309,9765.1764,8636.3153,2526.7030,7496.2467,6369.5032,3864.5658,10575.3835,13023.7596,11590.8235,5028.7171,11174.9626,7957.9783,12558.0587,5729.5033,2133.9543,10661.7870,398191.0328,423052.7923,414431.2838,408051.9342,403783.4725,415341.9186,409154.5611,408329.6380,362244030.6519,362300815.3116,362285524.2014,362261539.1457,6875.7085,9773.6126,10395.4952,13100.5627,11397.3763,12180.8839,12996.9271,2629.2229,1231.4924,7430.6309,10518.4906,13605.9418,11094.9117,11286.3849,10169.0230,12071.4052,12537.5327,12454.9353,11758.8222,8515.6898,6918.0067,12835.8413,9674.9721,2015.6033,12010.7657,13365.2362,12705.5848,9497.4713,12051.1839,12471.3747,10165.0659,12628.0159,11271.5734,8528.2212,11428.2755,6749.4406,4517.0722,0.0000,2815.0165,9389.3826,11828.8470,12828.1544,6378.6320,13490.5559,9024.9678,7107.1783,2158.8487,7963.0317,4641.8226,5289.6747,9111.1380,12715.8548,12580.8599,3073.7728,10814.4973,8345.5507,13281.3105,5042.1757,2295.0878,11870.8509,397113.9572,421986.1410,413344.4640,406957.3847,402689.8453,414216.7050,408027.7909,407225.7425,362242424.6949,362299209.4796,362283918.2475,362259933.2421,6733.4621,4606.4747,11378.6927,12568.5682,12502.4381,11524.6322,8459.1889,7924.2578,10246.6570,13574.1227,11182.2126,5552.6138,11723.2674,4409.7810,13653.9721,9139.5561,10776.1126,11252.4177,7815.7509,6883.2530,13381.5891,10075.3373,8530.3553,13191.8665,9863.3754,13675.7480,9002.1267,9915.8329,11267.3050,11133.0439,13719.5541,5964.1465,12592.4628,9398.0380,3330.0813,4067.4390,0.0000,9148.7386,9861.1066,13818.9221,8548.7618,1532.6911,13080.0707,11606.8770,3375.1282,8650.5115,12502.0304,7954.8758,10701.4838,8300.0674,12621.2144,11728.3359,7002.9756,5208.5810,4991.4872,13018.1118,10094.7750,8783.6666,12829.4564,397916.4833,422906.6330,414224.9913,407990.1002,403602.9287,414995.8719,408906.2582,408125.5241,362244357.4202,362301142.5481,362285850.8915,362261866.2144,5084.4807,11664.9752,13619.0725,8037.5060,6861.5172,9451.0193,10218.6510,13390.4015,12197.4180,10291.8907,5771.5351,6792.1653,4685.0379,11205.5589,4934.4854,12171.4314,5897.9842,2992.2659,11852.5936,12581.1422,4988.6615,10810.3547,9553.3477,7854.5482,11029.5433,3518.7733,4285.6548,12493.1249,13594.2229,11355.3993,5482.7830,12902.1341,3368.0568,4391.8024,9712.2439,0.0000,10636.1999,4910.6776,11918.2817,7592.8108,8036.6241,10121.2225,13754.2168,9274.6208,10858.7070,12704.8428,12128.0530,10531.0262,12409.6400,12797.9050,6789.1734,11244.2701,5218.7324,2181.7817,9543.5895,12516.6391,10642.7714,8748.0323,400475.8316,425477.7729,416854.4629,410715.5695,406272.2904,417725.9063,411685.4798,410827.7018,362249719.6161,362306504.3526,362291213.0137,362267228.3154,9491.9443,12460.6789,10765.9628,8727.1007,11244.5935,11157.2677,12177.8963,13602.0603,8428.2018,1252.3174,10322.7158,505.8169,12639.7067,5446.1078,9502.6743,9310.3302,7597.2475,9381.1216,12178.6695,9367.4512,11632.7151,11898.3366,6188.3247,12261.2793,8148.4036,7131.6978,10119.7186,11751.8076,12416.7323,1570.6680,13653.8235,6969.1110,5274.2142,8054.1210,0.0000,11948.0000,9282.3872,13113.3706,4745.7389,5649.6505,10846.7035,12773.7846,6177.5901,11714.0982,13782.8028,11025.7309,12649.0606,9490.3038,11482.4930,9346.9305,10522.4389,674.0902,4803.6878,10822.9038,12586.1081,11754.3809,11456.6639,397469.5035,422517.2870,413851.3435,407740.0538,403267.1770,414634.6958,408617.7928,407802.3101,362246337.6048,362303122.5757,362287830.9669,362263846.4506,5297.2245,9749.8238,8470.4348,13544.9137,13167.6781,9086.5701,9492.5800,2459.2449,8555.8289,11004.6978,9832.0854,8220.8495,8386.6506,1917.0230,10551.7758,12812.5099,9302.8642,4673.5420,12363.3155,12918.4829,9476.4741,5458.0277,7554.4074,12267.6998,9942.8883,1919.7388,6090.5267,7334.0580,8418.8828,9966.9236,10667.7843,12575.8986,11514.1821,0.0000,13084.7835,12394.2736,8211.2126,5894.0722,11159.7285,6273.1946,7954.3949,9864.0932,12913.1787,10835.5516,10953.4296,12978.6124,7097.3270,3004.9134,9350.1280,11850.2165,9068.3766,12234.0468,7281.2255,11265.0259,13079.2399,9954.5289,388866.9626,413886.7774,405265.0576,399167.7544,394694.2842,406137.8723,400120.4542,399252.5268,362240503.4534,362297287.7272,362281996.6647,362258012.1522,10430.3902,10796.6892,11631.7149,11069.3983,5527.2260,6544.0711,7281.9174,11929.2674,11578.5796,12662.6086,7033.6355,11745.9378,4927.1035,11848.5308,13666.9808,8283.2279,3710.1242,12866.1303,10474.8197,9226.1280,9845.8121,7129.2472,13204.6847,12311.3514,4128.3855,2857.2558,6619.6893,11873.7970,5865.9040,12765.2653,13622.3990,11041.5174,0.0000,10577.3168,12836.8699,6249.6816,10274.3963,11945.0970,7785.1346,3466.6707,10613.7688,10425.1310,6948.9839,8565.0854,10376.2157,6563.0393,2814.9726,11062.8239,9870.9832,12259.8338,13795.2377,8586.9642,7770.8675,10643.1944,10019.5222,387520.1767,412451.2026,403847.2931,397616.8326,393243.4840,404776.3895,398674.5339,397805.6307,362237853.7686,362294637.8577,362279347.0503,362255362.3043,3257.6100,10768.8683,11816.7588,12682.7059,6689.7566,8562.3441,10578.1360,2046.4374,10679.8694,4508.5240,6608.4746,11045.6334,2482.0811,7413.1025,13794.6692,7786.8146,4952.0693,11818.7685,2055.5730,8000.5149,4261.3057,5848.2288,4766.2986,10822.6167,12062.4382,4800.9514,10099.8244,9319.4229,5201.5869,10984.1426,13498.1737,0.0000,11125.5243,5175.3855,5639.9482,9358.1076,13096.5615,4329.0258,11689.6969,13340.5263,11763.6231,9355.6047,13350.1205,9343.3824,13377.0929,9351.7426,2126.4072,13238.7204,10506.7210,9581.1172,3184.1288,11894.9401,11474.1986,1188.2818,396045.5030,420992.5613,412444.0695,406317.4549,401883.4279,413460.8739,407415.3097,406475.0812,362248158.8614,362304942.8221,362289652.1472,362265667.3342,12130.7218,12924.9286,13303.0986,8967.1427,6643.5167,8319.6270,4092.6979,8720.5302,6501.8396,3751.8678,9912.2847,2932.1926,7518.2789,13508.0580,8105.9510,6020.5932,13038.5076,4875.9895,5241.1571,5758.9861,6130.8598,2805.3643,9914.2601,12153.8065,6236.4502,7762.8497,11184.8735,3829.3602,10340.2618,13261.6789,0.0000,12593.5627,6233.4273,7577.8967,6715.3720,12269.3194,4105.7857,12454.7148,12437.6919,13016.6928,11392.5766,13836.8492,11376.3353,12812.4949,9085.6404,1375.9480,13741.8436,8327.8731,8678.3294,3368.3882,13151.7925,12813.5766,4358.3527,395991.8918,420994.0208,412422.7066,406361.9451,401874.8840,413384.8516,407383.1092,406458.0461,362248496.8954,362305281.0338,362289990.1440,362266005.4908,1875.4797,8470.5448,9226.2783,13837.8563,11915.6172,9714.3431,10973.7597,10863.8812,12310.8137,13229.1675,10454.2880,7505.1702,8956.3472,12503.9656,8097.6956,2365.2906,10529.3904,13529.7571,11627.8215,8253.0192,11274.0456,13132.9031,11017.2212,11608.8229,11961.2484,7717.8650,10602.8086,7373.8253,6895.3794,0.0000,1749.0872,7814.7975,10694.8830,13330.7884,8314.1096,12718.4807,9529.6296,9146.4003,2360.5401,6910.6336,6506.7965,3138.2643,10756.2327,12853.7829,11465.4529,5308.2770,11595.1170,8416.2915,12324.7625,5444.8827,1850.1059,10331.3676,397913.8017,422766.9504,414152.8928,407768.9913,403505.6140,415078.8552,408887.4908,408055.1826,362243930.6546,362300715.2435,362285424.1994,362261439.1215,7202.9026,9707.0190,13726.5378,11793.8221,10963.8949,10936.9625,11472.6682,12823.4213,12595.7880,11589.3081,8705.7504,7457.7504,12465.6495,9508.7902,958.6303,11484.2531,13645.4062,12199.9725,9526.8720,12159.2037,12526.1809,10041.9441,12107.3825,11922.9824,7652.4901,11564.7813,7594.1938,5559.4565,0.0000,1606.7636,9231.3148,11172.5045,13268.0177,7456.6575,13210.7450,8624.8831,8049.4061,1071.6799,6990.6301,4820.1423,4204.2871,9483.1255,12514.0374,12419.6019,3534.7456,11531.3400,8980.9310,12976.0079,4350.2914,1079.4815,11397.2782,396781.2009,421637.4911,413007.8082,406609.5630,402352.9596,413905.3297,407707.6313,406894.2191,362242303.0094,362299087.6846,362283796.5588,362259811.5104,8456.6718,10816.8209,12129.4504,12999.1853,12262.5294,10198.6350,13432.1267,7927.2383,13426.9553,13008.2794,4564.5715,8637.5718,13075.0666,6517.6553,11715.6346,12364.2612,10706.9662,13206.2149,13780.3978,7623.0246,3599.8704,10314.0940,12288.9204,5666.7558,13783.0702,11667.7094,7218.4794,0.0000,7108.6249,12916.8631,9415.6445,12088.2042,9182.0934,11616.2994,2368.9854,7964.3755,6500.5403,6149.6692,3512.4046,8228.0521,4748.2012,7830.3497,13308.4282,5142.2145,12275.7830,12707.6282,12038.6411,3594.4791,6939.5818,12205.3857,389762.5525,414649.4614,406012.0423,399659.5948,395367.2614,406891.2655,400721.2321,399907.4118,362236922.4064,362293706.8649,362278415.8289,362254430.9516,10014.7144,13428.2562,7551.5835,13584.8930,3087.9391,11417.3544,10054.2521,8599.7079,10994.2487,11601.6707,5589.0776,9129.2251,9168.9370,4832.1104,11298.2549,4251.2339,10136.2040,10443.2125,9432.2811,8411.7862,3959.6991,13186.9932,3405.8742,10663.1681,13024.5958,12492.2376,0.0000,8496.7707,9137.9841,2213.1563,12260.3064,13426.7911,6684.4482,6933.7884,13068.5437,9056.6758,3736.0453,10239.4381,6644.7211,11192.2894,7289.7877,8395.4354,10736.9516,13476.1993,12741.4018,6595.8718,7636.9237,8911.5055,5683.8988,391750.0109,416617.2256,408068.1014,401802.1278,397468.4851,409106.4523,402975.3035,402054.6167,362242332.7252,362299116.5438,362283826.0591,362259841.0794,7398.5689,9802.3399,8760.3953,8130.3032,6360.0539,4101.7485,9069.7382,11732.0922,10625.0735,5615.2849,11241.9826,13615.3721,8753.5815,3243.2293,7242.5170,11045.9126,8123.7577,4320.0110,8222.1449,7212.3086,7116.0557,11061.1915,8977.0749,11951.3492,12127.2604,0.0000,13670.9447,11315.0204,8479.3431,4191.6619,11295.5565,5239.9053,9808.5813,10351.1941,13614.8577,11793.0348,12220.5798,13359.0569,8755.6253,4809.9475,7732.7757,12825.3964,7898.5027,11203.8714,6121.9821,12486.2559,13697.7489,9033.7514,390600.8064,415641.0103,407026.2610,400975.2708,396470.3867,407904.3225,401914.4962,401033.3314,362242848.9392,362299633.2220,362284342.1349,362260357.6595,10367.8237,1718.9236,12285.1993,4980.8355,8649.8369,9292.7483,8314.9994,9474.6770,11520.2216,9769.7577,12189.2531,11673.7547,5153.7636,11809.1031,8646.1571,7049.2506,9300.6833,11334.9435,11952.6505,619.8446,13609.1015,7092.0706,6405.4150,8661.9600,0.0000,12494.3692,9715.5796,12766.8692,3575.0105,6396.2930,10213.9124,12547.3930,6551.1204,12262.1382,13836.3619,11319.5050,13085.7173,9217.6932,10738.3863,9094.6363,11001.0956,681.8776,5824.3827,10292.5375,12825.5554,12320.5848,11300.7881,396496.9052,421554.7085,412891.2987,406802.2861,402313.9382,413676.4655,407672.5973,406851.1116,362245918.4320,362302703.3427,362287411.7627,362263427.2856,10144.0617,6033.2725,6652.0262,12112.4493,1578.4750,5686.2846,13790.1408,9369.4547,2994.9113,11101.3400,3548.9009,8758.7787,6039.5782,4060.1872,4270.9786,11969.1045,12867.5749,6523.0750,9913.5336,9773.1212,4244.8116,9759.5605,12913.9790,0.0000,10353.7874,3243.6561,7021.4127,9836.4507,12448.5648,6197.4717,12338.6762,13004.3975,11055.2955,9589.5887,13140.5997,8606.4978,13761.9070,10761.7204,2767.9088,12761.8853,10166.5369,8290.9130,5108.2761,11764.7014,10702.1424,2473.3754,397876.6198,422816.1102,414261.7292,408111.5204,403693.0731,415270.1791,409211.4295,408281.0734,362249213.4736,362305997.5511,362290706.8049,362266721.9483,12662.0825,5481.1566,9856.5023,9148.6765,7193.0522,9494.5178,12366.6629,9062.3741,11443.1865,11842.7679,6483.3560,12315.2534,7808.5378,6995.9849,10450.3014,11963.4479,12482.8284,1942.4440,13637.1269,6755.9410,4836.3289,7967.9389,0.0000,11738.5939,8969.2782,13147.3531,5128.0331,5551.9455,10961.2421,12892.4866,6246.8842,11525.6642,13724.4843,11009.4510,12434.7390,9725.8747,11738.7799,9277.1577,10431.4553,1078.1927,4324.1089,10885.7258,12526.5361,11548.2857,11366.2551,397897.8791,422941.1852,414276.6358,408158.7495,403690.9345,415063.6876,409042.5841,408226.5438,362246643.9437,362303428.9202,362288137.3156,362264152.7809,9426.1573,9321.4718,6767.5801,10496.7948,12585.5528,4440.6340,8365.9782,11114.2053,2659.0515,9251.1475,1230.2450,9307.5547,8524.9686,8771.7397,9258.2501,1174.3447,11932.5613,6171.8008,9015.3817,12978.8450,13419.8217,0.0000,10493.7186,8469.2985,1217.7646,10561.2844,13751.8547,3827.8942,8588.0082,13413.8601,11026.9632,6599.4793,11920.4714,8695.1031,11773.9583,6512.6335,6081.7677,12351.0764,12382.5838,12219.6498,3676.3209,9921.9968,10864.2461,3727.4628,392054.8763,416967.4190,408422.7708,402242.6495,397847.9678,409456.9541,403377.4201,402439.6671,362244033.2171,362300817.0031,362285526.4881,362261541.6272,9458.2673,5240.1082,7008.6756,12357.2002,9865.8224,7056.7779,13116.5002,8156.4691,3487.4617,8741.0547,6313.4147,2755.8726,9790.9830,12325.6787,9084.1571,4372.7341,12819.8614,3463.4976,8329.4345,11736.4581,0.0000,12960.5496,7162.8330,10287.2558,4089.1272,10083.1845,6830.4335,13103.7084,10371.3689,13138.3061,13025.7242,13352.1634,12486.1728,11791.0975,10017.8613,4684.9942,13096.6149,4971.1511,6617.2377,6555.5999,13607.8508,13018.4686,7616.2980,396936.3544,421979.1942,413368.7675,407325.0951,402816.3848,414251.3398,408266.5034,407381.2633,362248487.7929,362305272.2836,362289981.0638,362265996.5230,11731.8798,13293.1240,7841.9539,5665.1920,13145.7416,12317.6421,10694.4334,6648.6552,8847.4175,12972.8748,11067.6036,890.8391,4840.8722,8567.0337,8648.8487,9871.3497,11655.8776,12408.5128,10474.8350,0.0000,12647.9267,13132.9883,9130.9423,6576.5567,10325.1423,7902.6457,7075.4845,8775.7254,12323.9113,10749.0431,9790.2770,12909.8299,5416.5305,3572.1753,10713.2276,10824.6094,9170.1943,12407.7700,8844.4704,10510.7512,12568.4714,11169.4460,388380.2816,413393.8210,404755.2619,398623.6521,394170.8982,405600.5189,399564.7902,398719.7192,362239114.0349,362295898.4269,362280607.2749,362256622.7551,5468.8630,13781.9082,9540.4127,3315.4139,11791.2513,4421.2238,7620.7701,6511.8560,3819.1438,2764.5920,11686.5246,13044.4480,7013.5979,8793.8654,10732.8999,2914.7027,9351.7270,12878.4132,0.0000,11164.2672,3579.1908,7813.2269,8704.7216,12089.8533,5996.5184,12819.8567,12652.3618,11762.2459,10643.3676,13497.1661,9696.4061,13638.2401,10731.6875,1749.1770,13111.4554,9099.2602,7656.5434,4958.7018,12486.6531,11448.7947,3419.8758,398049.2981,423015.8466,414452.1831,408336.6959,403890.9153,415437.2053,409401.1335,408475.8061,362249644.5264,362306428.6828,362291137.8390,362267153.0579,12210.0849,12710.9201,2956.9677,9308.3096,8676.0167,9824.1266,10623.6335,1727.3338,5335.2465,13444.0975,13785.4569,10949.6858,8069.9781,11665.2638,4245.6316,4892.3068,9840.0910,0.0000,8870.5796,2743.8949,11141.3360,9847.1421,8897.4914,10422.5741,13374.4192,10251.2509,9333.8529,11235.9356,11647.1616,8395.5500,13099.6064,13287.5745,6900.8215,10609.5493,7798.6663,3455.9255,9659.7519,11383.4865,8987.7591,7813.9958,401105.2465,426058.2876,417453.9062,411253.4614,406859.0623,418371.8500,412290.8703,411421.4061,362249839.9718,362306624.5811,362291333.4137,362267348.5637,10847.0778,13229.1721,7293.1348,13479.3638,11365.4968,12806.5070,12832.3603,13273.2802,8053.7697,5802.5205,12550.3092,9829.7371,9406.9338,13157.0573,9307.5673,3955.9163,0.0000,8264.9221,13038.2674,12157.6080,10408.3304,5531.8916,12883.0681,6412.9017,3892.1900,7370.8946,9698.3718,3357.0813,10127.3967,2755.0599,9525.4937,13754.4580,4235.0995,9607.5224,10726.5872,13274.3710,6370.6205,7852.4598,13676.8464,391724.1241,416665.6956,407986.6944,401674.2842,397343.5936,408776.6033,402638.2270,401864.5499,362238007.6054,362294792.4740,362279501.0492,362255516.3128,11341.8497,12013.3044,6612.7475,8109.5082,4052.1804,11827.4370,10206.6848,4940.0813,6281.9581,3581.9194,11276.7170,6917.5542,10884.5843,13775.5353,12845.6744,0.0000,11817.1943,11401.6774,4083.1461,9183.9674,13169.5052,4434.5875,6692.4077,12188.3364,11953.3125,7864.8683,11122.4872,10898.6940,9188.0255,2279.9522,8422.3087,12052.9977,11840.8213,13336.3683,5364.0245,9967.6715,12007.3217,7486.2922,388699.4475,413651.4291,405075.4558,398921.1265,394499.6787,406046.8704,399987.2400,399077.9977,362240750.1818,362297534.0879,362282243.4068,362258258.6981,9877.4262,6204.0245,9728.6627,8541.6326,1522.6605,4660.8083,13128.7031,13574.6351,8937.0764,9405.4451,10525.1873,3882.9977,7551.2070,11530.6876,0.0000,9168.7049,316.9549,9140.0109,10301.0354,10957.5769,8667.7800,12951.2617,11946.4628,9857.5325,10114.5965,12411.0271,7831.7837,13751.9397,12383.8667,4986.3542,11652.0883,9393.9753,6130.1945,7714.8650,11389.8269,9453.9595,5243.9079,400004.2918,424939.2282,416365.2388,410176.6654,405781.0628,417340.9404,411262.1883,410358.3853,362249919.1852,362306703.5037,362291412.5855,362267427.6919,11323.9584,13756.5111,11887.5107,9999.6056,12474.1103,12190.6622,9474.8736,11755.0273,12309.5684,6898.1722,11948.0382,8365.9476,5914.3611,0.0000,1219.5657,9614.5817,10723.1911,13445.0472,7967.4521,13027.5983,7897.6043,8336.2796,152.7381,6242.0171,4412.1867,3904.7964,9212.8625,12076.7998,12536.2228,3417.4645,11970.9691,9680.5323,12841.0063,3462.0402,661.9191,11326.7929,395948.3164,420796.8917,412171.2085,405765.7074,401515.3163,413077.8690,406874.9842,406058.1984,362241595.7628,362298380.3743,362283089.3039,362259104.2443,8925.1856,2774.0052,7263.0892,6628.1715,10317.6128,11110.3558,3253.5647,11249.9527,7777.4853,7032.4619,11934.8868,13582.6323,0.0000,10586.3765,6367.3085,3761.5682,10284.4212,13571.7274,4074.8051,10481.2101,13613.4218,11247.9136,7881.3812,12782.8197,8614.0720,12977.3328,8457.1703,4026.4585,12861.5527,11657.1272,10834.5423,3170.2290,10937.3610,10980.4203,1103.0359,394571.3966,419493.5067,410952.4973,404793.3885,400384.6231,411989.3327,405922.5263,404978.6289,362246596.8847,362303380.7333,362288090.1712,362264105.3058,8380.7241,9204.4727,5846.0919,7065.3806,10442.0877,8554.7970,4699.3695,12486.8543,6681.5512,10162.7600,11844.1471,0.0000,13773.5034,9813.7459,9893.9334,1915.2471,10394.1411,6109.3174,11785.0058,9971.1407,13775.5353,12981.2151,12942.6965,13501.1317,10078.6802,7700.6254,6488.2154,13124.9055,5571.6658,9018.0069,6469.9133,13439.4904,13783.5053,8804.3811,393629.4796,418688.6095,410067.9796,404041.9820,399518.0687,410928.8363,404955.9065,404078.6339,362245632.6339,362302417.0802,362287125.8541,362263141.4009,9371.2685,8035.6699,8335.4033,9410.9417,591.1003,11425.0748,7157.0349,8663.1314,13071.6180,13710.8528,0.0000,11330.4295,8671.4105,2186.9707,9814.3355,13830.8596,2662.2710,9074.8153,13445.6432,11810.9344,7655.4372,12450.3522,9659.7223,11806.4986,6114.2334,5538.0673,12899.9250,11946.7370,12181.4385,2641.6216,10717.2727,11666.6994,3766.1023,391874.8660,416807.9883,408261.0296,402114.2019,397694.8912,409285.7444,403226.8368,402286.7797,362244325.1338,362301108.9288,362285818.3788,362261833.5772,4155.7208,13058.5895,13675.6127,9753.3118,8298.4587,11286.9819,3138.7186,6360.2702,10898.2986,0.0000,9442.2830,1450.4521,10073.0249,9556.5471,10021.4554,9152.1408,13264.1333,11140.2760,10002.8543,10919.8753,12285.8698,8517.4783,13420.5172,12627.6541,5362.2057,11436.8362,8212.5383,4732.0924,8287.9538,11691.0225,9640.8234,6323.7097,400465.4971,425419.7358,416830.9548,410655.0871,406246.6815,417775.8388,411707.2441,410817.4671,362250108.2738,362306892.7290,362291601.6792,362267616.8368,11228.5147,13144.7490,8480.4416,6498.6458,12170.3401,1159.8234,8253.5779,12253.2010,0.0000,12081.8278,4833.1623,9509.1188,6669.4638,10922.7414,6702.3471,13398.0752,11514.8622,12477.0312,12186.1833,13595.1323,11170.6078,13043.7371,10889.5056,2907.7703,13167.7500,6849.3926,6312.2544,5980.7028,13282.1883,12242.0615,5816.6655,398328.3765,423336.8407,414748.5082,408672.6846,404192.3484,415679.1353,409671.2712,408766.8574,362249814.3076,362306598.6724,362291307.6082,362267322.9473,4387.3553,8012.9753,9272.7132,9280.6173,11828.6630,12779.5631,10769.0875,0.0000,12472.2491,13120.7378,8506.9186,7178.8441,10794.9059,7582.5803,6539.3528,9270.0587,12186.3202,10205.4856,9751.0604,12617.2753,5649.5262,2764.3927,10650.2296,10852.8335,9794.3871,12768.6579,8555.8701,10207.5211,12423.4970,10866.5969,388006.5751,413008.6558,404377.8629,398236.3590,393792.4768,405240.2604,399197.1206,398344.8376,362238868.2225,362295652.5381,362280361.4602,362256376.9104,8966.0490,11428.5049,6735.7667,13441.8395,12745.7168,9090.3949,0.0000,9898.7888,13487.2485,8536.3559,10342.1811,10238.6730,9828.4688,2607.1026,8659.9827,9457.1810,7638.6775,6544.3177,10448.5427,4037.5545,4830.4195,12464.2451,8045.9154,11659.8766,13343.0881,10554.3483,6762.0903,9806.7996,11735.6273,387814.1412,412748.2456,404114.4623,397848.8285,393493.9640,404989.7648,398871.4174,398040.0348,362236743.8135,362293528.1561,362278237.1426,362254252.4112,11590.7504,6786.8101,9095.8963,13232.6096,13600.7103,0.0000,11224.9628,9052.0444,1809.1613,9940.6723,13809.2923,2953.0962,8611.1870,13349.4783,11676.4602,7350.6508,12185.9116,9604.6552,11501.5516,5701.1604,6058.3577,12706.1631,12108.3371,12430.3655,3113.2426,10425.6969,11554.4657,4266.4599,391387.2089,416316.9764,407768.2753,401613.1073,397199.3315,408791.1623,402727.3371,401790.1457,362243737.9469,362300521.7382,362285231.1927,362261246.3878,13518.1870,6588.2415,6546.0510,9044.1825,0.0000,12557.2153,9367.8567,12460.3627,3239.1747,6844.1114,9771.0552,12607.1744,7023.8661,12376.4623,13747.0065,11578.2988,13018.8940,9510.3752,10588.1008,8561.2629,11267.5549,904.5386,5761.0892,9822.0151,12931.2434,12411.8512,10857.9523,396565.7831,421623.7526,412966.4604,406885.8522,402392.8333,413762.4593,407762.7097,406933.3672,362246282.2268,362303067.0892,362287775.5484,362263791.0687,12211.4788,12557.0885,10569.8145,0.0000,6469.1545,10434.9677,5219.5048,12991.4185,12105.0469,9152.6731,4532.5250,11584.2979,6780.1927,1146.1119,7522.3591,5438.7711,9403.2544,7747.9195,10728.8314,8226.4854,13651.3552,12875.7367,9239.4025,4589.1698,6790.4956,8438.4827,391133.7987,415980.4991,407405.2146,401067.0334,396779.3130,408403.4594,402232.4067,401350.0085,362239992.1572,362296776.1691,362281485.5520,362257500.5308,7433.7463,11809.5412,0.0000,11542.3664,4023.6950,9952.8977,7269.1098,10475.1702,7585.0375,13565.5817,11260.1906,11956.3819,12127.4221,13326.9594,10696.0894,13169.5833,11549.3073,3641.5057,12758.4333,6789.5352,5425.4773,6821.9407,13042.7261,11695.1770,6146.1094,399197.7166,424197.7179,415605.9933,409509.1914,405043.1160,416533.1071,410513.0882,409615.3005,362250150.8825,362306935.3088,362291644.2125,362267659.5171,6173.8862,0.0000,8589.0833,7315.1715,13330.3953,9279.8834,4593.1774,12624.8224,12760.9950,6427.3679,8464.7343,12250.8688,9431.7679,9589.5861,10709.5798,13551.9425,10244.7115,8189.9241,5831.2056,2266.7998,12261.1787,10620.5952,8373.0603,11348.4465,400276.1612,425250.3367,416594.0843,410361.7761,405978.3981,417414.6063,411322.6342,410513.9354,362247149.5071,362303934.5162,362288642.9932,362264658.2308,0.0000,6913.3039,11283.7431,13227.4073,10756.6188,2769.9142,13757.2699,9111.2731,2933.0828,6047.0647,10462.6765,4273.9994,9124.0722,6360.2909,11981.1542,13309.1644,3310.7625,8511.9537,8074.1297,13827.3958,7040.7688,6405.1693,13479.3186,395658.9909,420595.1048,411914.3252,405588.0613,401267.3224,412700.9137,406555.1857,405786.5048,362241040.1001,362297825.1414,362282533.6095,362258548.8122,0.0000,0.0000,0.0000,0.0000,0.0000,0.0000,0.0000,0.0000,0.0000,0.0000,0.0000,0.0000,0.0000,0.0000,0.0000,0.0000,0.0000,0.0000,0.0000,0.0000,0.0000,0.0000,0.0000,0.0000,0.0000,0.0000,0.0000,0.0000,0.0000,0.0000,0.0000,0.0000,0.0000,0.0000,8911.8193,10135.3080,13614.1669,8745.5975,12615.9511,8180.0019,9199.2187,1108.0152,5673.8503,5447.2172,2735.5354,9990.4560,12110.5580,11982.2238,4579.7873,12257.2831,9678.0375,12345.1550,3828.1952,598.1272,10570.4933,396314.4603,421155.4947,412542.6790,406141.0775,401890.8887,413473.9763,407271.4311,406440.2195,362242326.7040,362299111.2242,362283820.2396,362259835.1502,9211.0087,10335.4396,10735.8873,8828.4699,12843.0554,11750.1542,9596.6061,10005.6211,12187.5353,7623.2183,13615.5885,12410.3760,5225.1525,11401.1332,9329.8704,5952.4088,7897.0575,11189.4030,9190.8660,5432.7784,400044.3587,424977.2855,416400.9684,410205.4296,405814.2821,417373.2078,411290.5795,410390.2400,362249782.4990,362306566.8384,362291275.9064,362267291.0070,11093.8146,13784.3657,4698.8165,7684.9915,13332.2074,10628.6637,5757.6094,11365.5957,8403.3804,11332.2581,6139.3773,7197.1224,11919.9061,12882.8476,12762.5345,4745.1914,9217.3455,10502.9737,4803.3194,391252.9374,416152.8974,407606.1374,401401.1042,397023.8436,408640.3756,402545.8350,401613.6477,362242913.9625,362299697.7376,362284407.2427,362260422.3573,9065.0900,7759.7185,11845.5643,8607.1459,13484.3118,13453.5872,12312.4536,13716.5545,9246.9495,8406.7101,7847.9816,12429.7233,4115.6024,8383.3791,8111.1099,13289.7507,13542.4637,10121.5656,393962.8746,419030.5555,410389.2240,404349.8805,399830.7695,411211.1967,405233.5773,404380.6796,362245134.8664,362301919.4947,362286628.1132,362262643.6861,13380.4590,10726.1245,2106.9023,8093.5119,12058.7946,6772.0232,10551.7741,7184.4151,12256.5061,12481.5045,5927.7663,6183.0941,6357.2714,13416.0299,9260.3528,8321.4080,13321.5089,396797.1245,421776.2571,413089.2035,406829.0086,402458.9567,413853.3278,407749.0431,406977.7699,362242854.4975,362299639.6285,362284347.9761,362260363.2850,10151.5283,12962.7998,12977.8645,9698.5889,13164.6567,11280.0174,11630.4712,5893.5100,4507.8322,13570.7328,10423.0994,11495.6549,1194.0038,12068.8931,12868.3223,4567.4172,392131.4644,417110.9928,408550.2415,402466.2904,397998.2708,409538.2943,403519.9858,402585.8945,362245126.6031,362301910.5133,362286619.8123,362262635.1390,9486.9936,7847.5548,5384.3317,5726.2543,8557.0335,5700.0294,6079.2696,12479.2047,7195.9148,12755.1871,13438.4759,10677.3994,4758.8260,8168.5026,11139.7190,388604.5942,413494.4841,404877.2835,398556.9979,394245.8368,405792.5638,399638.4945,398797.5253,362237016.6192,362293800.8662,362278509.9901,362254525.1263,8449.2027,11719.0686,6033.5770,10996.7564,5252.7337,10991.1685,12783.1666,5740.7258,6556.4563,7907.0974,13182.1437,8820.7426,8774.0399,13520.0430,394720.2188,419704.5805,411014.2495,404760.4359,400384.9397,411771.6690,405671.4496,404902.4308,362241106.4609,362297891.5358,362282599.9084,362258615.2580,6111.9580,4471.7557,3781.6706,9260.6711,12039.0226,12505.0681,3524.7454,12046.3902,9753.5361,12788.9223,3392.1649,584.0315,11258.5940,395896.6689,420743.6740,412119.5494,405713.4663,401463.8653,413029.3729,406825.8738,406007.4816,362241586.4467,362298371.0436,362283079.9865,362259094.9228,7512.5375,4439.9443,9988.6861,8751.5808,10822.7601,8005.2404,13822.7181,12609.9092,9656.0396,4342.8211,6055.7107,8440.7774,392085.4251,416920.3221,408347.1795,401991.4418,397717.1489,409351.4727,403169.6404,402287.9269,362240571.7615,362297355.7947,362282065.1812,362258080.1167,7556.3189,5442.5632,10381.0109,13752.5002,1766.8753,11308.7530,10944.5268,13365.0128,3461.2422,5022.7221,12992.6669,392684.1485,417570.0171,408913.1049,402532.6017,398256.5468,409756.0154,403572.8057,402785.3952,362238371.8090,362295156.5440,362279865.3043,362255880.3979,11338.8062,11696.9124,10558.2254,7012.9737,12855.4149,10092.3280,10858.8010,5071.8971,3323.2324,8617.5089,396389.0944,421221.5608,412638.0574,406261.3342,402000.0477,413623.2556,407431.1158,406564.6678,362243595.5316,362300379.8134,362285089.0321,362261103.9089,7489.8457,13261.5686,6629.6292,9530.0538,11697.4160,12237.3277,7588.2067,9690.9539,13310.1979,389737.8004,414705.3333,406032.4848,399773.7607,395405.2503,406828.0252,400720.8231,399931.8452,362237355.9907,362294140.7240,362278849.3635,362254864.7165,9620.7339,11468.8352,11145.3826,13330.0724,6911.0133,9887.9881,12191.7356,9200.4753,387889.9294,412862.6525,404262.4364,398110.8258,393681.4267,405186.6229,399132.3202,398248.3546,362239457.1670,362296241.2345,362280950.3931,362256965.7554,13572.0116,9025.2268,8587.4440,3508.4146,12803.8189,12250.1809,3293.0522,396634.5867,421616.2894,413053.5400,406967.8432,402500.8281,414036.0857,408017.8487,407087.1978,362248904.8029,362305688.8975,362290398.0737,362266413.3533,10886.6302,9867.5997,13632.2007,4047.1831,4051.5939,12928.9541,394440.6111,419324.9634,410666.5960,404280.7009,400008.3735,411506.5684,405320.6716,404536.1182,362239716.3495,362296501.1663,362281209.8740,362257224.9427,5198.7561,10428.2653,12787.1685,12084.0774,11231.8463,397121.5826,422174.8510,413512.2211,407415.5407,402932.8931,414299.9638,408291.3782,407470.1938,362246358.4999,362303143.4290,362287851.8443,362263867.3466,11016.4771,11718.2947,9582.8215,10119.6793,400700.0285,425690.6490,417049.9268,410866.8949,406451.4185,417893.7415,411829.2776,410996.6288,362248731.0116,362305515.9039,362290224.4564,362266239.7288,12149.3447,12628.2585,3511.0779,393203.8308,418176.2302,409621.0687,403531.9542,399069.1188,410620.2560,404598.1270,403659.1096,362246114.0199,362302897.9259,362287607.2439,362263622.5373,3759.1072,11269.7302,392533.2024,417379.8837,408760.3018,402361.5615,398107.4547,409679.5232,403479.1066,402653.8536,362239003.9360,362295788.3650,362280497.4212,362256512.3974,10958.5466,396291.7435,421136.6765,412517.2467,406113.5424,401863.3239,413435.8416,407233.0889,406409.3351,362242089.2015,362298873.7750,362283582.7422,362259597.6660,395624.7566,420552.4321,412009.2516,405856.1546,401442.5482,413040.5583,406977.9388,406035.7215,362247533.8456,362304317.7500,362289027.1427,362265042.2800,25943.2533,17588.2193,20273.1787,11279.9595,20559.7384,18775.7372,15057.6806,361913922.1956,361970691.4970,361955410.0021,361931430.1623,9780.8198,19517.7160,20343.2967,15744.6542,19871.7150,17178.7979,361891356.1867,361948124.2624,361932843.7551,361908863.8637,12962.3637,11127.3383,9096.2078,11316.9836,7877.2968,361897017.3930,361953786.2211,361938505.1179,361914525.2363,9224.8446,16872.2279,9866.8851,8159.9847,361897424.8410,361954194.0233,361938912.8999,361914932.4705,14535.3230,9233.8506,5087.6642,361904257.2800,361961026.6388,361945745.2271,361921765.1152,9224.8446,10194.0955,361894037.9816,361950807.5827,361935525.7317,361911546.1477,5324.7885,361896443.6459,361953213.4692,361937931.6240,361913951.6571,361899465.2791,361956234.6707,361940953.1922,361916973.1672,67057.3007,42591.7001,22540.5464,35367.1446,47452.2238,30313.2163,
28800.000,9911.8808,2785.0938,13367.0877,11746.9252,10600.6876,13129.6985,11792.1894,6412.0426,12638.5559,2432.2310,12431.3654,12110.2033,7953.9917,7444.1791,9198.2422,12839.0718,10920.8407,11997.9141,8554.5681,5119.4447,2540.4709,7426.0093,4461.3043,11967.0195,12349.3787,6165.3429,11315.9607,8208.4722,10210.2007,8476.9183,5349.4977,9459.2414,7405.5880,12088.6862,3071.1834,5188.4462,8982.4738,10270.7796,11703.0082,13412.7177,11781.2544,13256.1747,4702.5414,6767.6401,6854.1716,11451.5019,10880.8805,6442.5078,9037.9075,877.6956,7373.1416,11953.7501,7556.8985,13481.2124,2842.7042,10661.5953,5727.5868,11181.2552,10790.2729,8876.6475,2586.9520,11253.7410,10764.9800,4093.7524,10050.9024,5497.2636,10319.6291,9962.0110,7498.8050,2077.3274,3869.8537,12027.4350,6965.6860,10143.0277,12517.9639,10919.0334,0.0000,9642.4575,12831.7016,3412.7072,10244.7240,13377.1960,8298.9972,7825.8619,13512.3731,9748.5655,6060.9317,10828.0130,10551.2505,8011.4869,2826.9173,10774.7477,11421.4249,13245.8629,12323.6785,8474.2839,8126.5622,8389.7861,7593.6523,397102.5486,424887.6471,416293.4530,407220.0827,406868.2403,415562.4314,408489.5645,411579.0980,362249143.6977,362309120.1675,362289561.3140,362275021.3368,7883.3578,12034.4012,12838.1366,12358.3281,11252.5025,10978.6980,7642.9553,11602.5258,9724.6603,4445.4877,12279.4732,7715.2937,3160.7279,6841.0359,11263.1450,8065.4780,11351.4237,4870.7299,12183.9297,10644.6301,12289.5079,10158.2240,11171.6156,11252.3974,8021.6226,12647.9808,12883.9283,9096.7655,13508.8782,5532.9519,5836.3512,3708.3881,3820.9848,8311.0428,11236.3418,13746.7709,12085.3697,5080.0113,7435.6148,13323.8480,11004.5555,9624.1237,4889.1032,12958.1624,11078.1001,11715.2477,11612.5010,1698.3995,9291.4748,11820.2007,8959.0104,13487.1757,11705.0827,10349.8684,13497.8717,6404.4184,12795.3770,13592.7954,5564.0621,11377.8617,13573.0954,5972.6747,12256.3391,12671.1732,10803.3045,13686.7102,13807.7374,4473.6811,8543.7847,12138.3435,11015.4109,10667.2059,13798.6434,4462.4772,8232.8100,0.0000,11725.3933,12414.5376,11515.8082,10445.3265,8678.9815,10399.9747,2804.0469,7991.6498,10841.6554,8554.0265,2831.4253,10140.4011,3725.7313,11035.8437,12185.1736,3856.8308,11727.5522,12689.7846,11161.2099,10109.5893,11945.7160,12654.3590,394406.5790,422058.4273,413595.0410,404420.2122,404197.4870,413072.5858,405835.9764,408908.8484,362248508.5357,362308484.2567,362288926.2876,362274385.8631,13810.0870,12870.3593,11903.5521,13096.5318,12460.4928,4713.1949,13293.8467,4029.4364,11106.2318,13060.3968,6457.2242,5290.9387,8815.6363,13357.8148,9714.2971,12731.8420,6315.6868,6735.5468,4870.1843,8358.7069,5996.9857,12656.5697,12981.7021,4633.5350,12005.8732,10148.6519,10522.4976,10129.4390,3573.0473,7562.1681,4892.8920,10662.0533,3108.6328,5952.3837,10742.1100,11559.1243,10691.8676,12437.0784,12978.6344,13134.9453,4313.1290,4218.9056,8477.4467,11277.7082,11939.4881,8291.7705,7083.5769,2203.5178,7997.4805,11070.2274,9440.8808,13747.8332,3784.1389,11862.7439,3319.6970,11823.1345,12296.6142,8030.3366,4867.7722,12425.8449,10051.4691,6442.9286,10741.1004,5825.6493,11784.7970,11522.5487,5033.6826,2096.3516,6436.2333,11867.0689,8335.3894,11708.2747,11152.4769,10874.0875,0.0000,10934.4465,13370.0010,5934.9619,9828.4963,13061.5188,7959.8528,5437.0998,12885.1666,10720.6040,6458.7603,9325.6408,11166.7374,6370.7965,4505.0910,11123.2851,10126.5038,13431.8454,13300.9420,8516.0850,9081.6252,9987.7928,8740.4000,398003.8617,425761.7023,417207.4464,408117.1969,407787.5602,416531.9339,409420.8472,412499.8575,362250665.3436,362310641.6468,362291082.9987,362276542.9044,3882.0488,6983.9165,4006.8490,6522.5518,12886.0568,4291.7935,13161.1083,9233.2407,4568.6836,12015.4397,13142.0183,11232.4298,4245.1000,9803.7083,5831.7055,12628.7334,11430.5199,12621.2780,10224.6548,12333.9877,6121.2335,5374.2505,12874.4568,5199.3322,9053.8655,9584.5490,8314.8831,13436.1932,11752.1357,13287.3273,9634.5643,13544.3853,11925.2459,7683.9654,7611.4744,9774.0039,6816.5720,3884.3839,4106.6711,12736.9123,13395.5119,10104.8165,7439.5792,7227.5045,10969.3734,12496.8454,13502.7809,10563.5994,8221.6351,9244.6615,1132.9574,12818.7819,5822.2528,13490.5315,6209.3261,5535.9512,11934.6962,12500.8701,4936.1432,10405.9571,11645.7032,7777.0567,12047.1301,5989.4967,6602.0305,13144.8056,13641.8938,11740.6339,6379.6939,10899.3067,6307.2178,9209.7150,9337.7893,0.0000,8544.2130,2025.7784,12166.0429,9269.6610,5857.1630,10829.6282,13108.3722,5686.5182,9064.9443,12514.4105,11099.0524,8665.1438,12852.1228,12609.4136,7412.5748,10402.1453,2690.8232,3510.6435,10299.6927,10522.2305,9532.2759,9883.4501,388356.5666,415962.7861,407346.7969,398047.3421,397961.8504,406713.9465,399471.2757,402654.9828,362237897.5519,362297873.6922,362278315.3505,362263774.9292,3670.7569,7092.3785,4768.1475,13154.8210,3229.6778,11173.5618,10834.6651,2100.1311,12809.4385,13073.6092,10167.5902,3767.6607,11736.4869,4020.0624,13538.7553,10089.3193,10395.4022,9725.2655,9960.1862,4391.0170,4018.1041,13050.9663,6090.5030,5596.1628,7967.0313,6700.1577,12664.2647,13066.0299,13591.1490,11129.8711,11976.1760,11177.4901,5507.7553,4434.1153,10340.9317,9663.0953,1249.9273,7310.8004,12307.4655,13629.2498,8748.5540,9319.6829,4459.5115,7998.1987,12793.5891,11972.1801,10317.7032,10622.8604,7310.2275,4881.3993,11701.0569,5148.0249,13497.9570,7084.4728,2206.4709,11193.4126,10760.1780,4229.5297,10132.2903,9609.7750,8168.0103,11564.4640,4174.6436,4696.6977,13624.7587,12182.9062,9373.4971,8643.7723,8193.0700,4149.9339,10949.3436,8361.7753,0.0000,5496.4698,4404.7735,9702.6504,10672.0916,7216.6353,11427.9780,13403.9489,8119.7219,6507.4295,10598.2319,11725.8745,6691.9885,12524.4771,11205.5443,8499.7458,11122.4968,5906.2835,1008.8942,10757.7561,8070.1362,6333.2799,9181.9633,387836.3741,415516.0934,406871.4236,397648.6522,397470.4192,406164.8247,399000.6253,402167.4300,362237886.6449,362297862.9470,362278304.3430,362263764.1620,10035.2771,3026.2827,13467.9475,3782.6647,9334.1414,10935.9788,2730.8822,13606.5406,12008.5753,7888.7775,4339.0728,13358.8423,2824.5604,13810.4943,10451.7055,8698.9058,11032.1802,7599.0695,2977.3091,3418.5564,13374.8158,9030.3214,3545.2829,5300.7583,8128.3122,11199.6700,13828.6048,13103.5345,11141.4050,10191.2179,11685.2269,6870.3037,814.8917,9447.5790,11209.8558,4668.2886,10176.4879,12526.0177,13290.8563,9662.7690,11799.6847,1368.5543,5334.3775,11848.2869,10699.0690,11599.0469,12683.0990,8175.9788,7924.2023,11441.2276,7817.2816,13249.6366,9879.4624,4129.2438,9200.6997,10176.5805,7207.0200,8483.0147,9191.5003,10500.2231,12151.5622,6480.2592,6723.8574,13454.6993,10699.3285,8407.3903,11296.4963,5228.6148,6197.3041,11192.7205,6236.0926,0.0000,1969.8502,7780.2760,8122.4691,12655.7664,7581.0234,12828.0275,12753.6751,9264.1611,3187.9316,8032.9345,10893.8135,3868.6395,11042.7594,10884.3282,11013.1832,10352.4439,9028.7250,3760.4980,12332.5245,4939.5557,3178.1545,10529.5598,387136.9146,414876.2553,406250.9366,397110.0739,396836.1894,405524.4183,398412.6186,401540.3659,362238938.0259,362298914.2720,362279355.6303,362264815.6252,9691.2978,10853.9573,7855.3072,13588.6819,9056.4628,8115.9152,9528.4582,12626.9125,12654.8177,7718.7416,6594.8778,9159.0414,10587.9341,10627.3183,13145.1220,8679.2454,13407.2178,9383.7837,8747.9257,10868.5885,3921.3299,11189.2670,11873.0724,8323.1665,13251.7927,9268.9923,12035.8093,9333.8302,13739.9745,10508.0332,8426.5728,10553.0968,10637.1304,5401.3329,6659.0951,472.7191,11115.7025,11936.4178,9459.3157,3994.7366,10317.0063,12702.3954,12110.4246,13287.3775,8725.6722,4719.7584,9359.9181,2976.6374,11864.0858,5929.2782,11943.1735,4394.4471,7942.5167,12876.0869,12170.2619,5660.8666,11716.3459,11618.5887,5858.1830,10381.2187,7034.9130,7479.4704,11534.4875,13538.4538,12150.5607,2741.5485,12747.1562,7517.6889,8829.3513,11460.7773,0.0000,11268.0503,2998.2671,12839.7007,6075.3275,7764.7669,8224.9225,12111.3319,6191.2638,11686.3096,13674.2048,11218.2417,11322.5702,12935.0831,11908.1344,4822.4558,10797.6951,1397.2422,7085.5940,7822.9836,12593.9842,11877.2238,8597.7450,391817.2302,419382.3629,410777.2781,401432.9004,401401.6141,410178.7964,402895.5828,406091.8926,362240399.4031,362300375.5754,362280817.2868,362266276.7012,13739.7862,2414.7756,10424.0567,8820.0899,2813.7394,13710.1089,11233.5203,6590.2364,2548.6965,12978.4659,841.4626,13312.0070,12184.7825,10178.4353,12484.9925,8758.2016,471.8490,1285.4637,13751.7551,9897.4459,6266.7581,3857.2573,10163.7404,10990.0015,13336.9971,12547.8138,9116.3023,10781.3173,13021.9689,9100.1156,3008.0217,7171.7574,9577.5587,5989.5902,9694.9002,13424.2623,13001.9180,11552.2122,12036.2999,1905.1443,7149.5747,10602.0498,11692.7123,12872.6678,12211.9193,10358.7957,7357.5530,12691.6579,9337.1599,13331.7349,10804.0179,6252.6164,7939.8693,11826.6748,8624.7970,6450.3919,11161.8925,11638.1194,13309.9365,8375.7460,8745.3912,13026.8023,11430.9031,10433.3595,11338.0912,6370.4317,8251.2734,9132.1478,4135.0237,0.0000,3522.2602,7930.2136,9941.7151,13001.4460,5017.8134,13511.8383,11993.7197,7169.3521,3313.6497,8241.8738,9034.1414,2552.0637,10043.4181,12366.7560,11788.2225,8267.2276,8739.8540,4218.5074,13211.3381,5325.3516,5178.8672,12119.4819,386098.2868,413806.3688,405224.6638,396064.0267,395816.0121,404560.6337,397405.0264,400521.6933,362238838.7070,362298814.7113,362279256.3380,362264716.2231,13807.2586,8158.7284,10438.9552,13744.7553,1936.7939,6693.7810,11274.9090,13771.5867,5825.6923,13802.8911,3460.8107,6847.8505,8481.8913,6811.5647,9775.1854,13804.3588,13841.7857,478.7744,10272.0031,12245.1416,12753.1104,9884.2527,6722.1297,3870.2972,4640.7475,10020.1765,7499.5307,5024.8935,10901.2219,13375.1024,11338.4965,10425.1911,12984.9959,10859.8232,2877.9572,3427.9694,8175.5750,8138.7760,13602.3832,11373.9855,7873.2146,6327.6596,6005.2714,7589.2592,9667.8533,12454.2015,4820.7541,10947.9752,2211.2349,9806.5074,12764.0152,10400.7923,6839.1088,11639.1891,11606.1215,8047.9040,8638.3431,4258.5648,11542.8293,11357.0024,3558.0075,6602.9535,8780.8555,8964.0734,11494.2867,11679.5074,10270.6063,12696.7714,0.0000,13117.0253,12056.1914,9078.9884,6212.4635,12969.2270,4449.3117,5665.4690,11876.9830,13061.5582,10163.1830,9822.3585,13211.5643,8391.8883,5851.8093,8545.9824,10565.6246,11627.2490,13560.0772,5484.0054,12026.8589,12526.5972,7502.0660,399692.6909,427371.0415,418816.3375,409625.0799,409414.1082,418192.8541,411002.4041,414119.4679,362250651.1780,362310627.4675,362291068.9653,362276528.6014,11664.3620,8940.9446,1487.5716,13468.7053,12241.1617,8466.9814,667.9017,12161.0967,1661.6853,13424.9995,12093.0563,11255.7171,11872.7584,10240.7172,1961.3762,1168.7867,13807.5705,8296.3392,6986.5422,6075.2268,9431.8469,12205.4226,13115.4221,13166.5151,9324.7154,12082.9872,12894.1921,8376.8198,4246.9485,8079.5464,8578.8047,4390.5250,7883.0133,13509.9730,13512.5131,11124.9837,10666.1549,3464.7259,8555.6899,11550.0560,12641.8223,12286.7897,11064.9366,9912.0760,5227.1924,13022.9208,7955.9008,13765.7428,9290.5825,5263.0430,9609.1669,12279.6025,7085.9729,7953.3912,11458.7466,10417.5470,13151.4955,7207.2950,7704.8383,13432.3089,12540.1805,11003.6188,9820.1763,8105.9278,7203.7084,9148.1990,6070.1898,0.0000,5161.2760,5875.3829,10876.7700,11977.3226,4593.6495,12873.2673,12726.8016,6273.9569,5443.0554,10039.9519,9905.9216,4886.2634,11342.1220,12701.2142,10438.3750,9085.3145,6746.4511,2362.3587,12459.0936,7342.6662,6629.2119,11473.7143,386205.2699,413876.2078,405277.7553,396063.9420,395877.7219,404621.9395,397434.7566,400578.5161,362237768.4638,362297744.5117,362278186.1513,362263645.9326,11959.9560,11165.6004,9584.0486,7165.0808,7450.5135,11873.1479,12107.5416,10753.9099,9587.5057,6804.6434,1498.5021,9068.2893,2218.0312,10668.8879,11181.4077,8002.1316,12005.8818,7117.7070,8392.5734,9214.6027,4819.8699,10609.1610,7922.1135,11651.3206,1859.0512,7249.1851,9324.5877,8857.5499,10660.4414,13491.0778,11443.7767,13689.6103,6872.6366,7667.6219,8143.5154,12590.4520,9444.0012,4701.8209,8566.7518,2153.9263,9148.5745,12935.6873,8304.7591,13431.9194,5124.7185,11177.4527,7084.9604,12082.5357,10401.6636,7350.2262,4285.9653,11562.3713,9346.3786,5159.0789,11247.0727,7604.3048,10532.8588,10246.6031,8374.7529,2052.4302,4226.6481,12952.5682,4941.8590,10284.4423,12140.6767,9269.0245,0.0000,8038.5761,12968.6702,2816.3421,11703.2805,12520.4565,10099.7009,8005.1945,13096.9389,7956.8187,3859.0705,10056.6033,8823.0423,7112.5847,4922.0168,11951.3389,10555.8648,13508.5751,11651.5816,10214.9620,6087.5236,6759.0377,9088.5356,395068.7110,422871.7323,414288.5940,405244.7167,404859.2657,413555.9713,406498.7924,409572.6775,362248077.5021,362308053.8768,362288495.0713,362273955.1670,10013.5172,9894.4420,7080.9330,7184.8869,8426.2899,8431.9125,9069.7886,7912.8913,13570.3502,12513.7710,13138.2864,11695.3238,8909.5102,8740.5802,10749.2021,11439.2658,12605.0191,8177.1230,13433.2878,8893.1621,7901.2362,7730.8419,634.8716,11018.4181,13000.5375,13347.0990,10842.6169,3066.5846,4342.6682,11454.7375,8714.1499,12045.1104,8646.4956,13674.1593,10424.3722,10146.5745,12181.3017,5389.4103,11979.5851,12859.7211,8265.0158,13745.8727,8891.6261,12674.5660,12498.2457,9851.1401,11872.4020,12216.4256,6736.2437,13300.3522,12236.6491,5172.7377,13642.7567,12395.2196,12682.1715,12690.4772,13010.0759,8145.6201,11387.4339,13488.6895,9853.8361,11146.8923,12870.3457,501.0309,6873.7082,0.0000,10836.7908,10136.0726,13030.9205,10724.8405,4956.9584,11617.3916,6993.2681,4051.1948,9990.3544,10132.0045,3172.2429,8853.7583,6722.8799,13114.1471,11693.1808,2602.1488,9301.1090,10388.4782,12069.5517,10193.5655,11659.8576,13318.6841,390854.8242,418461.3969,409988.6444,400755.3597,400601.3318,409487.9051,402209.1306,405307.8692,362244388.2458,362304363.8628,362284806.0325,362270265.5137,13498.8042,12601.6660,8887.3255,2147.3866,12452.2818,2007.1441,13734.8691,11303.3624,10589.8999,11205.6096,9697.7752,2395.1738,2024.2156,13694.0254,7840.7412,5808.7164,6395.8432,8415.6080,12289.1325,13440.3162,13466.2115,10343.5605,11802.8267,12304.9414,7232.2942,3385.4118,9092.4534,9533.6192,3347.2403,8226.8595,13139.1794,13695.7613,10233.8947,10623.2775,2937.6606,7750.2305,12127.6374,12200.4812,11717.1178,11409.9079,8854.5712,5598.6388,12476.7841,7116.2795,13778.1731,8830.4468,3944.9830,10071.6512,11541.2663,6249.2772,8743.8006,10563.5983,9873.7000,12652.2064,6139.5912,6606.1191,13688.5717,12209.9611,10090.1938,9877.1825,7550.8246,6062.3263,10209.3150,6726.9431,0.0000,4463.1106,5771.1754,10062.3452,11887.9366,5968.8516,12612.4742,13109.9561,7473.3641,5157.4480,9868.6173,10758.9700,5042.7917,11764.1834,12043.1046,10092.1061,10040.5313,6957.2338,1475.7170,12093.2017,7040.0993,5776.4078,10729.5785,386562.3300,414250.7967,405630.7760,396429.1355,396227.2431,404942.9094,397779.1817,400927.4968,362237721.6594,362297697.8233,362278139.3298,362263599.1725,7548.5359,11881.2110,13387.8540,3995.8124,13689.7215,3280.3520,7449.6731,9781.7750,6656.3681,10964.8499,13719.9999,13638.3745,2122.8631,9336.3244,12734.6738,13155.1343,9798.9705,8017.2417,2685.4363,5424.8267,9534.6812,8997.7158,5632.3548,10846.4162,13612.4281,11262.9451,9210.4637,12566.0048,9509.9430,4064.5912,4455.8500,8358.7079,6649.8715,13751.2023,12249.7266,8322.2799,7923.2013,5784.0292,5853.4651,9830.5209,11444.0338,6136.1344,10382.4598,3799.8084,8822.0628,12581.1442,11069.6285,8015.9220,11044.7561,11859.9110,8938.2951,7799.2201,4808.6266,11211.4200,11098.3089,4204.1031,8198.3706,9775.4720,7488.3429,12345.5410,11433.7618,9648.4905,12948.1135,0.0000,13507.9464,11098.4424,10231.9180,4685.5725,12417.0141,3513.9047,6340.8383,11000.2550,13498.2655,11274.7874,9871.8521,13513.9408,9187.6269,7039.8408,7414.3656,10497.0041,10456.3785,13165.7057,4674.5193,12749.7648,13111.5779,7368.6172,399389.0951,427032.3813,418477.0380,409242.8941,409082.7075,417875.5109,410651.3533,413784.8740,362249736.7167,362309712.9710,362290154.5517,362275614.0834,6137.7314,12052.1371,9278.8031,11677.6613,5108.3199,10757.8945,8312.9478,11540.2975,7929.6953,11490.4940,11762.0181,6985.6902,13095.6220,11759.8567,8738.3255,12822.7919,2516.9677,6643.5025,2486.2458,6521.0378,5521.3392,9911.7033,13106.0094,11606.9168,6634.8209,9842.5204,13533.3306,12481.2941,8160.3510,3554.9436,11914.8063,11924.1322,11486.4888,9924.7891,1955.6010,6700.0170,11114.8469,10447.1200,12508.8951,12983.2006,8435.4753,13498.5512,4821.0324,13172.5400,13392.8922,4703.9726,9367.4149,13714.1382,6451.4803,10491.6769,12708.3351,9584.1676,13473.2651,13460.6822,3760.0446,5787.3726,10228.2761,12089.3794,9083.0535,13482.8304,7192.9850,8366.7308,0.0000,11008.4496,13339.0372,9386.7642,10948.1040,10324.4133,10162.4789,1596.1120,10118.7152,10169.5153,6431.3288,4657.0787,9864.5471,2000.3619,9114.7235,12564.8978,5717.7271,12991.8490,13109.3190,10901.4205,8857.3455,10802.0967,11899.8259,395460.0907,423168.3118,414685.7811,405570.3779,405275.8902,414109.0209,406931.9784,409990.4680,362249828.4999,362309804.3796,362290246.1856,362275705.9315,8327.1249,12504.1247,7309.5751,10262.3893,12161.0865,8204.2849,13195.9807,6351.0255,6996.8858,7549.7128,11409.9641,13041.1116,8738.0270,3057.6393,12539.8935,5933.0256,11161.5239,8310.6819,7037.5938,6747.7250,12340.2300,12082.3584,7287.0679,4496.6637,10351.8507,11084.3437,12546.2325,11629.0770,9126.8076,12649.2224,13570.9328,6910.4743,7027.7929,5653.3900,8633.4057,13216.0333,12739.1346,12264.2422,11566.8924,10964.8507,12824.3950,9885.3643,13567.9526,10897.2266,1618.2085,10664.0006,12607.8302,2402.7890,10987.6785,13676.2512,12412.7386,12157.2358,12279.2384,9317.6170,7755.8480,10094.1038,13283.1017,5488.6283,12024.6922,7605.0564,2906.5877,0.0000,6536.8630,12156.9872,8862.7710,13510.8598,7465.1919,13221.7898,7460.7357,8858.5343,5167.1140,3994.6693,4997.2805,4539.3612,4332.1760,11042.9193,13760.1117,4942.9497,12360.2945,9964.0063,13457.8380,4275.2858,6908.4864,13169.8640,389681.5731,417425.4974,408919.8512,399840.2695,399502.2711,408300.2184,401163.3476,404217.9365,362244821.5133,362304797.3434,362285239.1037,362270699.0302,11964.7561,1939.2931,13225.7525,12389.1382,11535.4390,12108.8041,10491.8078,2142.2625,1298.0885,13794.5213,8470.8440,7518.2363,6044.1681,9837.0140,12148.1141,12904.7712,12986.1169,8833.9902,12193.3008,13095.6360,8845.3318,4738.4603,7628.1018,8103.9237,4874.4679,7707.2740,13614.2076,13379.0846,11466.8721,10631.4642,3883.3201,8938.4311,11266.6945,12806.8230,12477.1254,10850.9551,10334.7799,5098.5330,13213.7817,8299.2408,13705.2471,9456.3419,5829.5748,9426.0265,12564.0973,7440.8854,7633.5861,11813.9747,10607.8645,13310.8118,7653.1118,8158.9880,13263.8558,12661.9974,11377.7475,9748.8632,8399.9706,7680.2296,8634.6463,5868.4213,0.0000,5575.5991,5946.3763,11220.4380,11952.8293,3959.7471,12921.6801,12515.1824,5701.3668,5698.0610,10142.8846,9508.6127,4972.1352,11143.8951,12944.1968,10541.4646,8646.7376,6654.3098,2882.8802,12556.2529,7552.7759,7063.8446,11746.2178,386167.4517,413829.7370,405241.0685,396020.9924,395842.7971,404600.0936,397401.7669,400543.7579,362237881.4485,362297857.4473,362278299.1456,362263758.8961,12812.2056,5121.1235,9526.3087,12158.0149,7812.1656,12929.3815,12885.8384,12568.5861,6009.6774,7786.9982,13400.6560,13281.3990,10163.6724,10349.0559,3342.1186,7579.4921,8270.2270,11615.4513,8160.7947,11008.5270,13538.8246,10591.2525,6233.9609,11456.0788,6466.0561,7453.0703,7185.3802,9594.6139,4279.6545,13442.4937,13589.2085,9217.2901,10902.5740,7129.2618,2078.6239,10663.3229,8963.8820,9221.6740,9551.8400,7214.6784,7395.4470,12017.8255,11905.8614,10649.8589,9970.2071,11784.6928,11056.3488,7124.5599,7504.5753,10685.2717,10783.4681,6590.2241,11078.9159,11849.8597,4722.2254,13538.6398,11052.1252,8058.2973,12766.8933,0.0000,13727.5109,8934.2113,12393.1415,3352.0234,10605.4083,4736.8810,8080.7859,8602.4239,13742.7653,12966.5523,9692.6993,13442.5349,10529.2772,9863.9480,6060.5067,9963.2644,7793.2422,11902.2785,5432.5163,13606.0792,13795.3934,8341.8330,397306.9066,424885.0389,416333.9869,407025.4474,406954.3858,415777.4885,408491.0298,411651.0018,362246925.5713,362306901.6924,362287343.4772,362272802.8350,13460.2669,12032.0805,10413.8228,12193.8307,9140.9515,390.5026,684.5792,13800.8009,9314.2744,6195.6408,4651.6076,9741.5494,11445.9570,13377.0867,12857.9895,9390.8295,11184.5184,12907.3285,8641.7820,3034.0632,7666.8115,9435.6221,5255.4161,9184.5137,13428.1267,13256.0319,11265.0654,11620.0145,2033.4710,7417.0789,11063.5703,11950.9211,12613.0673,11940.8922,10018.1464,6724.3065,12733.0064,8742.3664,13528.3137,10253.4840,5639.6264,8605.9312,11857.7214,7975.3554,7109.4235,11101.2942,11170.9019,13206.3903,7790.7575,8195.9530,13260.4569,11764.4903,10448.7924,10887.2377,6801.8307,7685.5351,9347.2335,4901.5055,0.0000,3787.2805,7249.5537,10092.6739,12695.9469,5050.7022,13302.1919,12354.9647,7067.2785,3887.5967,8813.9271,9507.7799,3328.3174,10589.7479,12381.8962,11319.2118,8732.8693,8139.4450,3412.9939,12941.6739,5903.7797,5401.3788,11798.6482,386091.6419,413791.4184,405199.5813,396024.1107,395792.9605,404531.4439,397370.4339,400496.9499,362238380.1190,362298356.1586,362278797.7638,362264257.6292,9687.8395,10223.3427,9386.7277,10826.5838,13402.1330,13386.5346,3925.8648,11230.5952,13406.9767,12104.5354,11897.7139,6431.2249,1849.6211,2825.2796,7419.4674,8450.3383,8109.9744,12660.5954,13685.0225,9261.5963,8484.8007,13588.6510,10443.9158,6165.1923,2460.6567,10702.6553,8707.6380,13630.8036,12435.5262,5631.2226,8186.1456,8639.3097,6898.7528,11870.7913,12089.6988,7753.2135,12284.6169,3238.2631,10965.0049,13708.1460,9145.9766,9483.6310,12731.0800,9996.1747,10579.6744,10292.7492,7407.9012,12887.9391,12863.1035,1680.7057,7969.0046,11025.7078,9180.3671,12103.7595,13071.4145,7694.5741,11641.2301,0.0000,13437.8740,12211.6663,10976.8080,7232.7257,11461.3803,6632.3757,3610.2261,10135.1350,13049.4394,10345.5591,7433.6121,12794.1454,6891.8474,8702.1555,9798.7466,8254.0146,11440.1979,13696.4103,7688.9943,12174.5068,13227.8569,9992.4995,398386.8464,426029.5038,417523.7649,408313.4590,408128.8130,416968.3779,409731.6993,412835.5204,362250422.4086,362310398.4200,362290840.2222,362276299.7406,5825.3230,2815.6253,7814.3083,12163.3358,12271.0276,6429.4754,7757.7283,7986.9789,12219.6674,4436.8614,9425.6778,9629.3938,9991.9723,13382.1830,7813.3430,2075.3097,5588.3952,10506.7597,13597.1493,12870.0383,9583.1417,10899.1110,4217.1903,9095.0373,2091.7157,8354.7902,11222.8092,8132.6321,11920.6080,5873.2107,3196.0190,10093.3581,3663.0833,11444.2054,3163.1535,6980.1253,7781.0259,7349.2124,8645.5428,12141.7680,2746.1908,7897.7729,13170.9073,2385.1222,5867.3898,2960.6610,7072.0768,6578.2468,9492.8784,6954.8067,3839.8637,9122.3814,9199.8206,7008.8852,13532.5078,12867.5728,0.0000,10409.5389,10219.6015,5319.8428,7366.9305,13636.1091,5519.6229,10608.3344,13327.2081,11134.4934,9821.6451,13125.7890,11977.6091,11509.8085,2474.3111,6971.3411,13454.7139,10778.2743,10902.6513,5003.6958,10394.4256,9339.5290,2807.6648,397431.9545,425169.0263,416514.2592,407353.9468,407100.8630,415757.6278,408653.9834,411801.7352,362246669.2763,362306645.9764,362287086.9787,362272546.8812,8219.1469,2343.0862,10377.4766,10863.5260,8260.0057,11198.0368,6091.9027,8647.2211,8017.4297,6107.6770,11033.9233,8883.0795,12259.5528,3300.5909,6647.9357,8096.2355,8294.8180,11301.8871,13634.2491,10565.6486,13294.1028,6777.2659,8519.6506,7016.4963,12136.0959,9015.0333,4025.8161,9616.6229,2770.5688,8437.1714,12841.5036,7030.9183,12943.1911,4793.2710,10160.0337,7770.6615,11273.9201,9389.8183,8313.9556,3388.0348,10577.4535,10033.9281,3893.3370,10417.0679,7155.1180,9436.2238,9100.5337,9182.0869,3217.7421,2791.4362,12509.3734,4749.5086,9152.9739,12678.4680,9635.8482,0.0000,7570.2704,12306.2788,1328.7381,11358.1419,12612.3308,9762.5609,9033.2854,13203.0237,7780.0367,4719.8914,10903.9953,8815.1762,8280.2454,4282.8346,11261.8281,11298.1994,12992.5565,10971.5431,9705.2589,6138.3834,6143.4226,8136.1960,394839.7890,422643.2269,414036.4463,404982.4240,404607.4318,413281.4764,406231.0019,409318.6471,362247158.1145,362307134.5830,362287575.6866,362273035.7982,9921.8979,12374.9711,12287.8074,6437.9856,5782.5866,9249.2506,13121.0446,3992.9255,10768.1072,8793.7472,10427.1624,13012.9077,9799.9010,2810.9590,5460.4616,11258.8552,13735.5976,11581.4204,9006.2356,8979.9409,4857.0925,9525.7340,2288.5923,5928.1333,11818.5465,9976.4144,12409.6584,8038.4988,984.9476,8115.1264,4047.5051,10026.6686,5078.8482,5623.9885,8339.7388,5108.4282,8498.6001,13149.7315,5397.5728,6664.9299,13738.8835,4975.4374,3381.1690,3136.3209,6372.4783,5988.8181,9684.3281,8972.7802,6315.9986,6825.7220,10885.5430,6525.2579,13011.7119,13524.4870,0.0000,11414.6493,8693.6876,7744.6807,5052.1973,13171.9068,3692.8732,11085.8725,12425.8920,12171.6520,11581.8710,13332.3556,12778.1895,12435.7307,4866.6281,4420.7182,13566.0814,9024.7595,10499.1641,2729.6508,11824.8486,10696.1175,826.6278,397528.5590,425214.6868,416557.1693,407332.8053,407155.2340,415831.0060,408678.3038,411851.3363,362245745.3847,362305722.0576,362286163.1620,362271622.9071,9035.5348,9641.3630,9645.0321,11904.1904,5574.3336,6704.2907,9182.2313,5805.7903,11729.0730,9120.0870,11476.5863,3360.6841,8617.7401,8922.8687,7030.0620,9990.2917,13350.2942,10400.8226,13509.6099,8567.4500,9091.2885,8689.5503,13042.1449,7637.7139,2763.6665,8945.1844,4292.0611,10157.7523,13455.3506,8344.1552,12767.6908,6841.9924,10877.9362,8748.1457,12169.4981,9313.7235,6714.5399,5623.9010,11068.7699,8414.5074,5875.7146,11620.4783,9052.3632,9967.2500,9750.7487,9695.7314,4054.3524,4602.9408,13208.6806,2797.7416,9658.9766,11942.6051,7816.2338,0.0000,6096.8133,12398.6758,2953.8025,12523.3139,11508.5898,11266.8132,8977.6344,12487.5389,5988.5645,2709.8095,9865.1160,7007.7545,7339.7922,6454.4289,12340.0541,10151.6701,13111.6865,10373.0946,11239.5114,4063.8150,4788.6143,9785.4426,392881.4791,420690.1988,412102.6452,403065.2348,402672.1213,411362.5528,404312.3051,407385.6225,362246181.8723,362306158.2019,362286599.4155,362272059.5532,853.1758,13811.2496,9599.7751,6306.9136,4312.1135,9991.3723,11272.4769,13363.1153,12732.2663,9224.7059,11056.0568,13012.6593,8910.7167,3085.9058,7402.4100,9452.2746,5621.3687,9395.3048,13472.5388,13161.8427,11455.6837,11816.2989,2021.5930,7372.6615,10853.0138,11893.1487,12776.3239,12053.9759,10237.4980,6984.3836,12771.6977,9051.1359,13469.3713,10526.6543,5971.0258,8314.1245,11910.7500,8304.5020,6791.7646,11199.7695,11415.7856,13302.2751,8105.0570,8498.1927,13170.0284,11668.5492,10516.5148,11091.4242,6675.6353,7995.3314,9203.1590,4543.7319,0.0000,3734.7997,7554.4720,10099.0734,12850.3203,4949.3326,13427.8204,12201.7227,7046.6011,3684.5756,8606.3248,9269.3021,3010.0685,10353.9334,12437.4255,11554.0864,8488.3191,8394.8015,3794.5469,13097.7284,5700.8195,5376.0992,11995.6469,386046.3013,413748.5093,405162.1727,395992.1765,395754.9096,404497.6548,397337.5032,400459.6381,362238551.3186,362298527.3358,362278968.9584,362264428.8287,13853.9031,9150.9067,6751.5319,5011.0054,9914.3482,11667.7178,13234.5116,12886.0933,9096.2091,11549.4845,13075.6858,8852.0664,3684.7464,7497.6932,8952.8938,5235.6776,8753.1013,13570.2622,13301.7673,11465.2763,11377.4324,2711.6288,8001.1893,11061.0365,12295.1381,12682.4770,11620.5840,10263.9944,6247.4839,12982.1647,8728.9286,13615.4278,10107.5237,5825.6942,8787.0158,12194.9632,7927.8755,7134.1539,11456.2150,11106.2176,13340.0380,7881.9300,8323.9450,13261.2894,12105.1860,10869.5289,10588.5483,7377.8603,7822.3000,9003.6835,5060.5869,0.0000,4448.0504,6910.4340,10561.6336,12531.8755,4517.8190,13265.3716,12377.4019,6526.4908,4496.7145,9252.4715,9392.9424,3800.8218,10710.5279,12667.9625,11171.0872,8570.4512,7720.0288,3288.0299,12915.1796,6458.7041,6034.7425,11909.1758,386008.6776,413695.3695,405107.3110,395917.3970,395703.5444,404451.2829,397276.3895,400406.7428,362238195.0681,362298171.0787,362278612.7297,362264072.5545,10114.2311,12048.0525,12815.5568,9567.9840,6862.6057,4264.9173,5014.9125,10343.3345,7439.8006,4578.4959,10615.4964,13289.5681,11593.8921,10662.1878,12851.1314,10895.2340,2420.2988,3794.6009,7794.3566,8081.2481,13554.0144,11212.0200,8203.9408,6138.9119,5633.5778,7721.5828,9325.5001,12461.8868,4427.8909,10725.1549,2458.6463,9627.4176,12583.9781,10582.0376,6472.7652,11446.3040,11807.3226,7678.9738,8397.7296,3807.6226,11312.7579,11105.0118,3980.6336,6497.6958,8457.4274,8940.9414,11398.9815,11441.7898,10587.5822,12812.2792,0.0000,13035.7766,11994.9178,8817.2234,6133.4474,13128.0839,4214.5646,6026.2468,12073.0247,13030.8613,10160.3840,10134.1930,13234.1488,8639.2060,5457.7967,8373.1691,10857.8408,11620.2702,13488.6251,5210.8239,11991.0450,12399.3990,7134.2900,399762.5167,427445.4436,418883.3714,409694.2645,409480.2404,418250.0632,411065.9700,414185.3132,362250562.8379,362310539.1650,362290980.6210,362276440.2743,9086.4968,12049.2417,4715.9087,12995.2854,10133.5574,12458.2973,11598.2511,12627.2437,8150.3340,5008.4785,9588.3503,12348.3555,8650.8542,5151.8633,4366.0024,9510.9195,12052.2719,6147.7001,3993.9073,9779.4996,10955.0954,13120.3704,11708.8566,6184.2056,6578.7101,5892.3362,4907.8144,9818.0386,2309.2976,11557.4080,1071.0233,5776.1514,13392.6146,9727.1572,2591.3625,12814.3839,8814.6074,2748.5512,8292.6010,3843.8377,4117.6584,11898.5294,12262.4301,9524.0008,3688.6103,11494.7160,4372.2857,11296.3732,12140.9905,0.0000,10280.5184,3276.3508,10591.4329,5602.3782,9894.3248,6908.5315,12724.6463,9048.5727,11123.4816,12931.9104,12802.5030,11298.3043,13469.7041,9579.9090,2694.6831,12546.8992,3796.1625,6635.8965,6017.9174,11824.4542,10418.6822,5438.9025,392963.0120,420582.4366,411926.8283,402625.4752,402539.8841,411245.6616,404028.8221,407230.1845,362240773.2102,362300749.6765,362281191.0391,362266650.6322,6979.8811,6368.3081,10328.6852,13586.4870,12613.6659,12654.8797,8473.6599,9557.9756,5263.4672,3432.0775,11207.9727,12880.1133,5935.5475,11413.8711,10667.6405,12516.6798,7433.8907,11797.4676,4523.9584,3036.3314,12177.9570,8502.9599,9911.5218,13112.8264,5916.3725,9818.2966,9134.1016,7392.5929,12082.9325,9655.8320,4477.6184,9780.9642,7452.4692,7241.0118,10016.3053,6286.7103,9684.4365,10197.9970,5919.1424,5804.3357,12868.8836,8781.2402,5333.5423,11663.2724,4059.3056,5466.3775,12818.8640,8213.2122,0.0000,3327.9436,9111.1601,5184.4860,12165.1262,10301.6092,11671.0363,12492.7909,11536.6545,4678.2771,7150.9117,12041.9416,6028.3079,11106.5645,8359.3167,10585.7143,11824.4455,10416.9868,6229.3720,11112.4997,4952.1360,2247.8958,8703.0646,389766.6359,417544.6631,408894.2099,399791.1434,399471.5244,408116.4598,401052.0764,404176.4742,362241067.3780,362301043.8481,362281484.9533,362266945.0588,11568.9639,8318.9179,12655.0819,10595.3393,8252.6246,8338.9830,12818.6889,10776.9280,4689.6354,5598.3826,10484.5842,9039.6816,11820.0851,12664.1975,11236.3652,12243.5953,13416.2973,4133.1247,6096.5714,8224.6708,9867.0201,13346.2267,13083.1288,11409.0102,10172.5354,11793.9522,11542.0253,11755.8607,12756.4696,8869.4984,4627.1541,11062.4837,11119.7316,3847.9400,10895.2285,13144.4504,13042.7902,10625.0595,10823.1112,11394.3738,9267.5719,9920.7439,12957.1623,4624.0327,10445.9900,8592.6269,1566.0369,0.0000,4069.8637,10730.3269,8869.8040,13791.4680,6411.5957,13770.0155,9873.6500,8409.5456,2573.0305,5215.3499,7033.6952,1553.0236,7158.6840,11619.4309,13333.0764,6545.8844,11259.2781,7675.8782,13742.9272,3034.5431,5023.7765,12912.7904,387526.6391,415271.9538,406731.0220,397636.0932,397313.5356,406079.3614,398951.1990,402026.1814,362241938.6472,362301914.5578,362282356.2272,362267816.1935,11825.0906,11392.2871,12417.4725,13452.4424,10392.4906,5907.3287,1537.9655,8500.4907,13474.5727,11925.6918,5865.2401,8705.2764,7941.1113,11813.6345,2478.0316,7343.0997,9199.1782,8133.4948,13430.1629,9107.0494,4914.2926,9800.9117,1267.0263,8528.8049,7240.3370,2999.2465,10893.7756,4686.9422,4982.9671,12985.4566,6324.7837,3871.2215,13188.1762,4906.8461,4077.1124,6531.6638,2875.6886,2307.6065,12003.0639,9935.4639,5650.8388,7643.0150,9239.1061,2844.8108,13409.1200,12219.3873,0.0000,8880.7144,6959.2383,7070.2470,7635.5122,12005.9058,7225.2519,12778.0790,11893.9577,10008.9154,11045.3544,13737.4087,10807.9640,13127.4112,6543.4605,5422.8129,13687.2434,8027.0404,7637.3998,6216.5850,10170.2523,8259.0139,3203.8054,393996.0782,421702.1150,413017.2398,403808.8650,403611.4386,412252.0891,405127.9128,408306.6038,362242283.3809,362302260.0756,362282701.1022,362268160.9654,7930.4801,3909.7539,8413.0526,3065.5549,8867.0743,12076.7280,10726.3041,7927.6491,11348.6416,13092.9326,13190.3837,7314.9419,4298.1867,10767.8297,12360.2816,10826.6100,8140.9608,4207.1535,4528.0427,10464.8704,11494.5495,11291.6405,13432.8145,6965.8841,12986.8748,4779.4675,13060.6790,12633.5201,4814.6321,7566.8562,13274.3596,7111.8400,8766.5618,12416.1248,8720.8737,12750.4458,12641.6490,4906.8229,3459.3930,8326.4060,12628.5668,7469.9058,12670.9939,9052.0761,8408.8428,0.0000,9983.4897,13514.5156,7297.9540,11311.4167,11207.2349,10098.5216,3633.9393,11350.5348,9279.6535,4657.9414,6451.5709,9351.3034,2949.5910,7500.5417,12568.6321,7327.8161,13472.5869,12844.1622,10689.2088,7598.9152,9426.3374,11054.7961,395599.3274,423349.2262,414838.3927,405761.0335,405419.6415,414208.2600,407079.2155,410135.2481,362249819.3992,362309795.4377,362290237.0332,362275696.9202,4568.5524,7507.6170,9697.5687,8022.7752,12216.0346,13811.2772,9692.7360,7517.2851,13002.3258,9118.4500,6421.1090,4179.7304,10354.4469,7211.0746,13732.9225,13020.4042,6871.4259,9225.8462,8015.6024,5216.2980,11547.0732,11091.7491,8225.9544,11454.7502,4563.1896,9809.2902,13284.9826,10209.0637,9937.3741,11905.3052,10672.7607,10820.3662,9231.0415,7278.4237,12261.4188,12276.3275,3472.3317,9171.2594,11425.2692,7695.6989,12785.5692,12513.5863,7597.8632,12140.5335,0.0000,13719.0478,11186.1545,11608.7548,5785.3253,11176.3879,5688.2266,5220.2940,9533.9159,13463.1265,11430.5730,8145.5082,13171.6557,8244.1287,9107.1953,8540.6833,8776.9658,10258.8186,13222.1375,6736.1401,12849.5268,13612.4654,9411.2122,398270.9549,425886.1949,417367.9210,408118.3254,407979.3407,416818.5389,409558.5308,412682.4262,362249436.2880,362309412.3273,362289854.1430,362275313.5845,7160.1592,6441.1590,8733.3319,12973.5322,12817.9523,8173.9938,9573.0097,13843.5596,11899.7716,6702.3978,1305.7523,11232.3045,10661.5933,12771.1713,11084.9230,3628.2813,6800.0241,9830.7912,9090.2696,12173.0224,12955.7054,7583.1454,13113.5792,2919.9683,12348.0782,13761.3834,7007.9248,9014.2138,13480.2242,8421.5267,10260.3579,11695.8628,8219.9524,13370.2044,13321.9548,1318.7143,6217.3887,10349.7299,11018.9498,10540.7540,13449.1091,7681.2501,10223.6901,0.0000,12353.1206,13156.4759,9871.9472,9356.0370,11267.6039,8449.3946,1126.2236,10524.7402,11747.5358,8229.1495,6135.8821,11523.9130,4448.6731,8466.1391,11447.0707,7154.1788,12635.7589,13717.8491,9362.4510,10546.5748,12057.5809,10926.9449,397410.0780,425095.0171,416602.8048,407452.0492,407198.2056,416032.3807,408834.1069,411909.8831,362250775.2484,362310751.2080,362291192.9883,362276652.6433,10639.3086,12750.9463,13415.9041,11018.5048,3102.5258,4673.4367,11732.2410,9001.1490,11698.5722,8107.8994,13579.7280,10466.0553,10364.6838,12102.8037,4813.0252,11611.7819,12702.2128,8260.6483,13720.9749,9286.7144,12353.9281,12643.0498,9358.2762,11988.2840,12425.6655,6457.4720,13042.1276,12431.7375,5121.9390,13460.9172,12419.4107,12411.4781,12841.5367,13133.9572,7605.0868,10994.9955,13312.6978,9967.3199,11067.9281,13013.7669,778.8110,6988.2076,0.0000,10957.1290,10455.3186,12829.2889,10630.5372,5482.6907,11410.8347,6405.7588,4602.2142,10091.3591,9883.5800,2737.6686,9003.9676,6236.6140,12831.2198,11736.0649,2381.4882,9627.7977,10726.8884,11913.8038,10156.4586,11699.5833,13222.9971,391367.7133,418979.4736,410509.6664,401283.9492,401121.1556,410008.1167,402733.7466,405828.4156,362245006.7532,362304982.3775,362285424.5364,362270884.0263,7802.1043,10577.5079,9686.6691,9764.8151,12949.4445,12319.7687,13780.9495,6853.9305,6334.6499,9251.1871,12720.2602,10091.0867,6011.3683,7054.7501,2301.4039,9710.6558,12612.7285,9603.5041,13716.7986,5581.9661,12102.9780,6016.7911,12687.8132,11480.0524,6278.4963,5434.8966,12464.5154,8538.0427,6572.1433,11883.7703,7953.2935,11610.1853,11383.9207,7067.5270,1227.6415,5861.7498,13071.9032,5794.0032,11422.2652,11198.4894,8966.4282,0.0000,8848.4249,13454.3546,4601.9069,11710.9597,12244.9922,10158.8344,6451.3402,12693.3653,8473.9941,3586.3200,8839.7235,9056.9554,5566.7426,5741.6452,12392.6692,9486.7592,13779.0572,12343.0666,10481.5106,6538.9516,7822.6607,9944.7308,395479.4856,423269.6848,414715.8118,405668.9734,405288.8249,414018.9896,406941.2173,410003.8893,362249105.0593,362309081.3112,362289522.6439,362274982.6800,7165.3632,11718.0240,13362.1798,12277.0443,10702.8019,10724.7349,2398.4313,7694.7050,3627.1679,7713.4200,12300.4149,9406.0961,11132.0794,5788.7272,2478.4736,9065.0093,5424.0301,11756.4611,2475.4468,7946.6313,6272.9289,7594.8406,10016.9447,12061.4244,3550.6618,8881.1765,13163.7926,4075.1024,5984.6421,901.6637,8358.3569,7952.0131,8043.9582,6791.5401,5376.3788,8643.2863,10228.2315,8397.5547,12907.6566,13265.1228,0.0000,11592.3925,10686.1913,6526.0611,6244.6571,13768.1387,3971.4065,9499.3993,13136.8045,12114.9518,10248.4399,12579.4781,12767.1672,10983.6072,2598.8949,6753.7274,13029.5276,10915.3843,11896.2741,3825.5063,11271.9316,10645.5532,3344.7815,398754.0172,426470.9837,417838.1980,408660.8802,408428.8070,417115.8652,409985.3115,413130.0852,362248110.4659,362308087.0955,362288528.2056,362273988.0166,7296.7940,13148.2079,11982.3167,4708.7080,8803.8961,9059.0203,12497.5687,3827.6707,8160.8893,8031.6224,7453.1119,13592.3131,9561.7762,6345.2285,10484.6152,2061.2787,8090.0567,8179.5834,2892.7041,11707.1751,5291.3252,3590.6114,12708.9103,7015.8943,3365.4158,12748.4725,5481.6339,5157.6648,7801.9200,1911.2849,1305.7337,12689.9306,10288.5817,5852.2588,8242.2222,8550.1293,1630.3066,13367.7804,11506.1501,0.0000,7771.4525,6571.0614,7064.5712,8718.6374,11406.0845,8507.4444,13212.5689,11583.6557,9018.9116,10733.4400,13658.6382,9865.5342,13178.6435,7426.3125,6355.5891,13503.4252,7884.2529,6489.6657,7550.6698,9410.1604,7248.8755,4698.2918,392509.9556,420223.6110,411536.5606,402337.4810,402129.0752,410764.7234,403648.6157,406824.7222,362241105.4178,362301082.0800,362281523.1154,362266983.0188,9167.7119,11423.1252,5421.3950,10676.5624,12453.8438,13040.3302,9870.6172,12200.1524,1130.2355,4793.6782,11477.3396,10325.6951,11797.4328,12967.7806,8445.2667,8513.6345,11301.1935,8393.2363,13029.1844,10402.0152,4811.1922,8638.2575,10017.4578,7845.7215,8040.9920,9121.3243,10930.6024,12182.2273,7063.1759,7262.7627,13236.8117,10263.3400,8235.4988,11735.3386,4541.9949,6764.3130,11124.2180,5757.5297,0.0000,1170.4552,8424.2635,7789.8494,12941.5733,7692.4629,12999.3155,12434.5122,9458.1229,2425.0652,7362.7210,10578.0231,3291.1208,10562.2050,10757.4648,11452.9392,10070.5234,9602.3275,4500.4843,12558.6678,4178.3480,2573.5337,10785.3635,387219.1953,414968.9983,406351.3456,397226.9023,396934.1356,405625.1457,398521.6054,401639.9533,362239424.4926,362299400.7178,362279842.0812,362265302.1031,6860.8843,11199.6634,10379.1211,12498.4471,9187.3979,13793.3750,12132.5896,8426.8561,10413.2214,5025.6707,11181.8205,13599.0426,10515.3748,13591.6441,9784.9347,12601.4282,12880.8786,10334.8981,12900.4881,11685.7142,4348.8886,12834.5784,12547.7313,2214.3826,13131.2778,13363.4366,13206.6001,12670.3970,12957.0177,8949.7604,10429.6318,12648.2255,11596.2759,9115.9947,12725.0831,3558.3350,4194.2033,0.0000,8945.5716,10920.1335,11863.1211,12391.5715,4723.0119,12871.4685,7237.4691,5436.0824,7804.5516,8043.6582,2388.1522,6565.1419,5446.7763,12893.3361,12966.1094,1307.6324,10547.7868,9870.9370,13222.2505,7912.1459,9820.7400,13808.2616,389384.4271,417043.1484,408567.2420,399396.3809,399168.2056,408030.8389,400802.7237,403879.1611,362243968.2492,362303943.8763,362284385.9508,362269845.6061,9900.1221,4972.8702,11826.3924,10003.7467,12469.1130,7269.2556,10829.1533,13351.8467,8657.5654,13214.9817,11322.3173,5128.3001,12593.3444,6038.2148,12795.3142,10284.9212,10756.5728,9035.8946,11047.7990,10176.8773,13492.1599,10011.5755,8670.2079,13520.2039,9898.4123,11927.4097,10941.8896,11342.1103,9391.3538,13001.1375,13743.3036,6430.6986,12760.1974,11280.7670,3990.4735,9459.7448,0.0000,11801.4312,7307.7108,13825.7121,8204.6488,5451.2768,9940.4862,9290.8770,2909.9256,11489.8322,12565.3129,7197.2372,10572.8883,10015.0766,13165.9223,8859.1237,6728.9924,5958.5895,9281.7132,10186.1506,12111.0146,12636.3090,11736.6568,391458.8679,419014.1542,410497.2175,401180.7762,401122.1968,409987.9289,402671.2981,405819.9746,362242631.0622,362302606.8428,362283048.9368,362268508.2788,6944.8514,12010.1358,13772.6756,8061.5178,8667.7655,5590.2707,8485.9805,13349.9528,12082.6906,9645.4877,10297.2510,6616.7985,4765.2322,11464.8062,4057.1966,13521.8760,6137.0594,1744.9582,12019.4717,10548.5545,3080.9784,11078.4013,9309.3051,7260.4405,11105.7154,3145.1100,3722.9271,13763.3413,12407.2085,9243.0089,8042.9443,8873.0012,3196.9144,11523.3118,9441.6060,0.0000,6432.3203,3834.3368,9792.0122,10081.2608,8086.2094,10874.3013,13753.5039,8671.3641,7531.6990,11264.6132,12436.6721,7813.0398,13148.4025,10942.4206,7659.6470,11892.1467,5494.2213,2090.6942,10107.7102,8930.2183,7034.2099,8423.2179,388562.4441,416234.8246,407576.0392,398338.6663,398177.0364,406859.9981,399693.5865,402871.9552,362237933.4776,362297909.8575,362278351.1944,362263810.9937,11238.2609,11839.7003,9792.4640,4170.3295,10397.8096,12855.1725,11904.6129,13384.4409,8990.5395,4558.1249,9717.7622,3032.5197,12027.6104,6356.8321,11908.5729,4822.5995,8248.2753,12740.4510,12379.0909,6077.3091,11530.2258,11876.5549,6233.1215,10570.3982,7425.9642,7873.1419,11411.7420,13598.0177,12387.6518,2906.6004,12842.5257,7899.1528,8476.0687,11347.9160,0.0000,11375.9386,3311.8063,13029.5646,6192.9548,7526.1094,8371.9946,11951.0054,5845.3995,11734.1616,13685.4084,10956.4917,11311.6031,12784.1459,12104.6951,5161.9657,10524.4497,1627.1464,7251.0225,8032.8924,12639.2339,12021.7766,8925.3478,391749.2600,419309.9994,410712.3584,401366.0040,401337.5483,410123.7097,402834.2216,406028.1431,362240492.8854,362300469.0207,362280910.7731,362266370.1710,5550.1923,5866.4080,8300.7424,12906.1135,9950.7348,9526.0956,4997.7773,4220.7848,8806.4318,7492.1344,12477.5921,2263.8512,9651.4328,4014.0405,9001.5783,11464.1118,11053.7170,4342.8607,10478.1371,12385.3048,5538.9777,7546.1398,1817.6805,10078.7054,9757.4368,5951.0486,5765.0828,6487.7298,9216.0643,10457.8561,10135.8506,11940.3096,12943.6521,0.0000,12192.5736,11712.0190,7118.1291,6501.4085,13642.9758,4122.8520,7588.8486,12887.7897,12419.1267,9704.5528,11338.3423,12897.0252,9512.3502,3229.4404,7945.1566,11962.6955,11674.8146,12894.3142,4654.1216,11338.1744,11317.5378,5489.2471,399494.8167,427207.6795,418611.3072,409443.9051,409202.1002,417926.3255,410780.9332,413906.5506,362249804.2818,362309780.7734,362290222.0268,362275681.7951,10436.6796,10164.3157,13089.7762,11070.2983,4860.3110,6251.5832,8878.3516,8835.4807,11536.2149,13043.6364,6605.9657,12682.3032,1658.7220,11844.3661,13615.9030,7927.5132,8225.7429,13147.7214,9386.6009,9544.9542,11027.9965,7133.4686,13006.8944,12909.2593,872.3979,5867.4921,9780.2545,10659.9800,10717.3019,13090.7586,8563.6247,10987.4864,0.0000,12600.9428,13070.1926,9463.3042,8658.7454,11933.6259,7488.2822,2407.2523,11107.1492,12141.2575,8582.2500,7274.1394,12054.0064,5477.9963,7562.6833,10841.2435,8232.6547,12585.9112,13844.5161,8440.5858,10910.5577,12175.1016,10076.5356,398298.8586,425987.3148,417479.3229,408324.2881,408074.1409,416892.2295,409700.7594,412784.6991,362251106.3753,362311082.4314,362291524.1228,362276983.7851,7508.3107,10589.6169,8358.5036,12824.7036,7567.4788,3178.1617,9734.9160,1973.5519,10162.0457,5139.8408,5107.3325,9276.3264,5778.8298,7168.1399,12829.3273,4489.8721,6081.9742,13473.0826,3401.1846,4433.4825,4356.1951,5267.4430,4741.3712,10716.7426,8554.3299,4646.8501,8153.1200,9492.0632,5242.0997,13626.4098,12884.6759,0.0000,9997.6729,8737.9736,6245.2165,7041.9068,13106.8286,5826.1694,11761.8424,12805.2384,10928.1106,10683.5400,13633.6651,11757.9636,12509.2480,4465.4333,5760.0455,13794.9300,9474.1399,9626.6152,4943.1614,10596.4048,9104.8423,1668.8434,396209.3221,423928.3544,415254.8029,406065.5016,405845.8529,414491.8645,407376.6076,410543.2789,362244727.9858,362304704.7133,362285145.7065,362270605.5785,12247.5321,12897.3305,11931.8788,11710.8105,5671.7772,3172.1365,8221.3513,6641.1490,9503.5892,6049.6990,9768.9986,3432.5157,9321.4230,13457.5462,10282.3614,6512.4443,13051.3474,10009.3192,3615.9544,7410.5897,7517.3872,7656.9963,9810.0287,12180.2206,10940.1718,1279.1338,13210.5764,7984.5803,10135.1790,13184.8424,0.0000,12676.8111,5901.7616,11904.5296,2276.4669,10595.5688,4661.0200,11101.3919,8910.7166,13149.0720,13698.3727,11966.6298,13082.9843,12787.6673,9710.2954,2189.7310,11934.8759,5072.8916,9659.3194,4290.1368,13456.1420,12765.4773,6143.9710,395702.5767,423283.9886,414669.6443,405338.5464,405290.5164,414051.2819,406786.1403,409981.3406,362243664.3938,362303640.7399,362284082.2932,362269541.7162,5635.2906,11169.2665,10869.3244,12303.7768,12798.1058,9239.3886,8129.2600,11896.7077,8805.6886,13213.1289,10639.7456,5324.2411,8305.9842,10760.1711,8179.2339,7388.8241,9954.6723,11292.7631,12701.3463,7594.1144,7866.0983,13227.7185,10717.0976,9111.8144,11690.2836,5112.1610,7358.2481,10445.6474,5011.6807,0.0000,1809.0568,8282.7429,8622.4668,13078.2117,6753.4838,13302.0501,12313.0634,8681.9890,2330.4394,7601.1447,10016.8010,2626.5367,10354.3868,11433.4043,11680.0994,9412.7621,9348.8526,4274.4021,12913.1324,4398.6328,3478.1487,11382.3378,386642.8746,414379.5292,405775.3065,396640.2624,396360.7322,405070.8984,397950.1263,401066.7296,362239115.9276,362299092.0670,362279533.5275,362264993.5068,10584.6703,6532.7200,10439.4518,13711.7727,7402.8181,11599.6170,8215.4693,9581.1673,10717.0396,11391.4090,7236.6535,7909.2702,6601.9206,9591.7277,8855.4618,6073.4058,11125.0646,9974.3665,8359.0510,8187.7730,11556.7863,6558.7698,4722.9160,12896.7915,1659.4274,7968.9484,12443.2512,7457.6115,0.0000,3930.1774,11131.8471,3605.2232,12818.4859,10833.3252,11914.9467,10899.2195,12108.5424,4388.9588,4473.0935,10875.9793,5784.5097,9152.9747,7575.2125,11948.1575,10874.6889,12144.1178,8457.2777,11626.9224,3232.5176,2301.5232,9626.1107,390863.9642,418669.1839,410052.4131,400998.1799,400623.1291,409287.9179,402241.7058,405333.6060,362243508.4440,362303484.8301,362283925.9820,362269386.1433,8339.5089,12007.9638,10135.5688,13266.9510,12308.1511,9914.7047,13694.3562,6291.0857,13301.5507,13431.6334,4212.1337,10760.2769,13774.0384,5266.3157,11693.0795,13093.8278,10791.8322,13694.8876,13774.2645,4740.0778,7449.9861,11404.7727,11907.9164,9558.2129,13740.1786,5537.5399,7524.8465,0.0000,10971.2100,12925.5589,10581.5078,11245.4217,9024.1115,10903.7070,2521.2604,8793.4767,9999.8181,7143.2906,2824.4933,9401.5123,2057.6509,10540.8800,12788.6384,3957.8465,12449.9944,12682.7557,11611.2648,9013.9159,11073.0484,12730.3665,394130.4409,421814.1218,413347.2502,404210.1527,403942.6277,412800.9729,405596.3542,408656.4789,362248735.5870,362308711.3405,362289153.2917,362274612.9699,7929.8785,11987.0109,8237.4543,13605.6913,3422.6791,11147.6653,5354.1970,11606.6197,11155.8872,8214.2795,3430.0538,11691.4218,10217.1677,4888.0221,10541.6070,5998.7809,10806.1611,10486.3319,7011.3896,1214.7459,4563.0034,12247.7441,6850.5016,10638.6673,12080.1662,10519.7475,0.0000,9644.5268,13070.3735,3863.0384,10496.3985,13134.1078,8619.6036,7164.2996,13292.2518,9609.0088,5540.8606,10217.4345,10329.7887,7251.4702,3588.1297,11177.1778,10857.7681,13419.5284,12489.3262,8886.6048,7895.5652,8460.1981,8235.5578,396961.5589,424745.7656,416165.4731,407097.4118,406740.2159,415448.0808,408370.6241,411452.3123,362249440.6158,362309417.0210,362289858.2290,362275318.2431,7624.9206,4965.2309,10280.2040,4851.9476,6326.7596,7671.1235,5454.2575,9231.2025,13052.2695,5568.2462,7336.6909,13692.8834,5446.7622,3713.4195,2527.9993,7159.4554,6819.4169,9007.3591,8830.0337,6784.2466,6673.3273,11253.7065,7338.0356,12708.7871,13667.7769,0.0000,11915.3052,9056.3372,8108.4827,4455.5699,13250.4806,2779.3255,10549.4596,12362.0016,12570.9157,11678.4747,13045.4154,13102.8051,12143.4586,4856.9690,4471.5534,13339.2127,9208.5259,11039.4290,1931.6668,12144.6173,11222.8031,1806.0282,398153.9301,425832.6177,417186.5800,407957.2576,407786.0611,416476.2834,409312.6273,412482.6375,362246496.4162,362306473.0529,362286914.2079,362272373.9156,10510.6717,7278.9869,10322.1007,8597.8154,8910.6368,6323.2512,11103.8013,12363.6432,11444.8389,8860.3897,11826.0151,11552.7913,6548.7628,8551.4050,9821.7896,10024.0184,8259.2206,12180.4032,12304.8123,3131.1422,13664.5307,10245.6061,7885.5359,12523.9640,0.0000,13323.2177,7338.3556,12916.1625,3512.1888,9635.7954,5694.2785,9424.6590,7497.5255,13430.8777,13513.2539,10065.1823,13054.9163,11408.1677,10792.0468,5259.7592,10094.6463,6010.0675,10718.8688,5995.1054,13629.9932,13587.0078,8484.3614,395749.8712,423309.3861,414746.4331,405411.6507,405371.2996,414190.4412,406890.0997,410065.0610,362244905.0709,362304881.1811,362285322.9905,362270782.3182,9504.1716,6481.6147,4217.1085,10536.1987,5834.1175,5494.6481,12690.9447,5313.4709,5009.1149,13130.6680,3774.4301,5021.4415,6159.8792,3820.8894,3223.6064,11814.3934,9123.5880,4515.0992,8600.4666,8630.9752,3647.7407,13748.1816,12171.8013,0.0000,8674.5157,8028.5164,6022.1594,8235.2074,12490.5178,7442.3946,12549.5219,12507.6194,9789.9369,10399.9089,13759.0943,10717.9966,12804.2688,5663.5564,6377.8536,13779.6110,9083.3233,8253.7274,6523.3151,9719.6792,7824.5633,3299.8185,394386.1742,422114.2723,413430.1412,404249.1066,404019.3958,412651.2511,405548.4874,408716.5749,362243028.6666,362303005.3888,362283446.3596,362268906.2862,12758.4391,5975.1279,13161.8107,5831.9268,6357.2537,12131.5869,12627.1412,5220.8978,10619.0624,11867.4286,7433.5150,11800.9327,6430.7167,7016.4090,12733.2098,13750.6004,12072.0554,5505.2477,11518.5456,6808.4615,8809.2687,9815.8160,0.0000,9383.8078,1860.6929,12547.7031,8550.7991,6004.6040,10299.5647,12817.8788,5327.3358,9830.9142,12903.5902,10955.4295,9379.4453,12833.1229,12631.3783,6870.1555,10298.3083,1727.1639,4584.8621,9820.6185,11156.6162,10307.2359,9758.1208,389081.4286,416670.7917,408061.9562,398745.3579,398680.7348,407446.0829,400185.7554,403372.9839,362238424.3097,362298400.4298,362278842.1363,362264301.6537,9430.0862,5170.6516,9449.6485,10627.0893,10588.1500,2171.1643,10221.5309,12104.7285,3652.6180,8042.5104,2726.9983,9493.2228,9098.0448,7178.2510,4482.0923,4452.5802,10293.3145,8913.7210,9429.5121,12653.3916,12330.5632,0.0000,10933.3816,11901.3220,5057.0826,8044.0382,13726.1920,5814.1464,8287.1122,13389.0619,11250.8301,8425.9271,11661.2882,11958.5532,9432.6636,1111.4199,8758.4890,12230.9119,12176.6749,12358.4649,5969.7338,10016.9042,9827.0030,5440.0602,398510.8603,426260.2698,417648.8340,408521.3157,408231.7969,416925.4981,409820.9349,412937.9718,362249159.4519,362309136.0089,362289577.1376,362275037.0406,12051.6506,2806.5075,4090.2795,13359.5340,8845.1668,1117.3567,12961.3415,7608.7894,3534.1107,8331.1299,1685.1609,1876.5173,12678.6857,11784.6173,8191.3414,5910.7708,10355.0825,2201.3900,12436.3027,11923.0441,0.0000,9090.0492,4222.1976,9339.0781,7219.1872,10496.3020,7851.5375,13354.9938,10191.5560,10172.4759,12245.8285,13460.9453,10631.4626,13698.2309,8943.1585,4330.7010,13203.9198,5425.1127,5958.2150,6844.8289,10877.2889,9037.9363,5008.4743,392345.3903,420003.7637,411326.0726,402063.2286,401930.8000,410598.9344,403426.2703,406622.4458,362240270.1206,362300246.6927,362280687.8932,362266147.6244,11250.4989,13225.2413,8840.8099,6976.2857,12632.8404,10385.5573,8381.5964,10221.9709,5699.4974,12397.5718,12227.5499,2260.2179,5263.1412,8770.5526,10420.2620,10610.7572,12467.3614,9761.4162,11693.7462,0.0000,12603.7119,12952.3369,8640.6800,8073.1365,12689.8627,6483.2473,3953.9370,11883.9523,12326.9836,8738.6709,8610.9617,12433.9799,6599.3902,6197.0858,10189.2156,9494.4874,12588.9773,13830.2110,7413.1035,11046.2473,11996.4486,8927.0302,399061.8697,426762.5555,418230.8506,409078.7163,408823.2742,417614.0438,410440.0013,413532.7337,362251238.5334,362311214.7238,362291656.2765,362277115.9788,6605.6417,13820.0761,9505.1076,3394.2098,13389.9843,8666.3375,1837.4114,7694.7142,4442.8816,4583.9469,11691.9482,12224.3825,9522.9110,3445.2090,11992.7038,4948.5626,11701.4781,12853.2309,0.0000,11029.7439,4282.1630,10688.9680,4875.9408,10702.5483,6149.4096,12705.3456,9711.5436,11861.0480,13282.7216,13177.2193,12076.6617,13696.8980,9255.0511,1757.5495,13004.0776,4556.8517,7661.5744,5198.3101,12411.3041,11045.8854,4835.7420,394010.9005,421627.8236,412969.5316,403663.7774,403583.2509,412286.9286,405068.8234,408273.0247,362241521.5227,362301498.0323,362281939.3651,362267398.9412,11864.1599,9450.4084,3430.6909,11268.3179,8081.8432,7345.9931,10534.6966,2610.3471,2964.0056,13716.0970,11555.0703,7910.9433,8904.6299,7870.5921,2357.4288,12314.6065,9536.9352,0.0000,5699.3789,5299.8949,8490.5489,10433.5346,9119.8620,10815.3822,13714.2649,9860.0139,7011.4552,10501.6562,12791.4044,7634.2488,12998.6428,9978.0907,8042.2066,12349.7634,6918.9658,3204.4465,10012.7019,8191.9898,5941.7720,7846.7364,389096.2210,416799.7627,408129.9407,398926.2032,398724.2083,407382.8459,400250.3793,403420.7872,362238593.9342,362298570.4032,362279011.6137,362264471.5088,10582.8575,13241.4369,2701.2638,11146.5543,13801.3470,12033.2396,12851.9966,12946.3213,8109.8075,7229.5234,10368.5516,13258.3939,6487.6177,12756.3171,7123.2816,4264.3650,0.0000,7907.3089,12728.5394,9152.0649,13181.1781,8085.9093,12792.1707,6088.4958,9076.5879,6636.6427,4258.3803,4053.9894,6059.4685,2794.9688,10822.0196,13807.3711,4354.4761,12754.8380,11025.9365,13169.2985,5538.9123,8116.8952,13224.5375,390976.2633,418711.9998,410222.3212,401140.1878,400806.3875,409622.0124,402473.8108,405522.7505,362246268.5876,362306244.3843,362286686.1962,362272146.0782,9572.9664,12055.6240,1756.8519,8232.4181,4211.5517,8557.9329,8104.8815,8819.1295,4581.7256,2366.3984,10934.7225,7585.6942,8380.4676,13341.2845,11842.2321,0.0000,9618.9584,11662.2064,3219.9850,9202.0792,13641.1371,7233.3570,9530.2618,13664.6247,10116.1017,7740.4833,12230.7365,11052.7747,9962.2431,1164.0037,9196.4440,12671.2982,12240.4271,11490.5133,7073.9898,8903.8030,8321.6742,5436.0019,397124.4629,424898.2767,416266.4719,407162.1530,406844.4512,415507.4929,408433.7284,411550.7429,362247787.4226,362307764.0450,362288205.0640,362273665.0716,12644.1732,8322.0569,4469.3290,9253.4548,1603.8558,2116.8671,13118.0008,12247.1473,8749.1891,6158.2543,10265.7046,2129.4938,12194.6667,11469.1264,0.0000,8646.7525,3477.9068,9761.1681,7893.2199,9840.8200,8708.4788,13635.2874,9670.5920,9737.1674,12293.5080,13316.4966,10120.8329,13775.5418,9735.3294,5039.0150,12966.0182,4917.8249,5002.3199,7760.9632,10653.4851,8784.7512,6065.7262,391260.6946,418914.6835,410239.8082,400973.2232,400845.4325,409518.5493,402340.6177,405536.9892,362239371.0201,362299347.5417,362279788.7887,362265248.5164,12336.1139,13726.4727,13125.8404,12491.7314,12717.6874,9353.9069,9389.0892,11633.7248,12603.7716,7404.8275,12451.2485,5641.1418,2637.5576,0.0000,7588.3680,11534.2423,10625.0492,13202.2831,5742.3761,13337.9096,7471.8851,7046.7884,6261.7218,6253.4373,3455.2658,5126.6255,4804.4527,12284.1980,13563.5965,2961.1953,11476.0427,9743.0726,13621.4349,6093.9928,8351.3836,13748.4890,389038.5384,416739.6558,408252.3464,399128.3482,398843.9897,407678.0733,400494.0897,403557.6442,362244076.2630,362304051.9614,362284493.9045,362269953.6974,7505.0917,4894.7695,7159.7987,6658.8381,10059.9509,5931.4703,1489.8153,10573.9616,7301.7709,6930.8029,13692.5993,11770.7494,0.0000,8853.7914,10750.6038,3107.3355,9259.0871,13360.1240,7578.9916,10698.7682,13502.5158,9596.7030,8206.3940,12830.0004,10640.7613,10894.0406,2586.6735,8640.5025,13123.7469,11536.0672,10420.8661,7143.6934,8677.2338,7546.5351,4747.6913,396044.2158,423816.1109,415162.9247,406047.9911,405741.7695,414384.8528,407315.7260,410445.8106,362246172.7330,362306149.4116,362286590.3717,362272050.3977,6090.3294,4985.9857,4889.9964,10953.6995,11275.0746,8559.4646,4210.4594,11852.6211,5388.9086,12221.9523,13336.7359,0.0000,11404.3637,5956.9401,9858.2401,4145.6477,11750.1297,4759.6890,12187.2147,10763.7281,12227.5413,12935.6436,13360.4834,12582.3316,13415.9001,7867.2861,1481.2173,13343.2763,6192.3611,8842.2750,3661.1415,12464.6518,11153.1335,3199.2257,395574.4045,423209.8863,414549.1802,405263.7019,405158.7563,413852.3064,406652.4382,409849.9715,362243090.3987,362303066.9830,362283508.2301,362268967.8457,8860.8640,8496.9098,7436.1408,6918.9621,6128.8168,8390.9476,10688.4154,8940.7888,12563.2253,13392.5860,0.0000,12058.1357,10810.5011,7158.8940,5750.7625,13735.0567,3331.9453,9043.3203,12960.6185,12500.4417,10494.2551,12306.7931,13060.7764,10784.2794,3164.3382,6679.3922,12797.3973,10894.4941,12237.3365,3426.1656,11648.7573,11183.8693,3802.5582,399172.1185,426877.8778,418255.3832,409068.1848,408848.2813,417550.2037,410405.4605,413549.5795,362248583.4063,362308559.9950,362289001.1641,362274460.9291,646.5949,13082.9162,11409.7623,7476.7066,7329.6437,9203.5989,545.7102,12694.9329,11180.2051,0.0000,7774.2866,4846.5221,8510.0370,8552.7056,10319.3433,8911.2496,13528.1941,10435.0522,8989.9784,11428.0911,13404.5093,9601.4505,13466.3920,8872.6321,5879.6398,13110.1425,6311.2070,5119.9803,7956.0829,9768.5764,7676.8492,5677.4460,391354.0302,419038.9037,410357.3355,401125.5201,400956.1468,409609.8508,402463.7340,405649.8146,362239793.3324,362299769.9101,362280211.0597,362265670.8836,13020.0473,11141.5936,7021.3281,7573.5758,9125.9545,614.8761,13014.8922,11433.7888,0.0000,7903.8269,5424.7131,8135.1888,8543.9546,10790.6327,8727.4110,13517.4907,10901.6353,9140.5041,11339.1578,13609.4539,9832.2034,13496.8464,8435.7385,5916.3223,13363.2687,6831.2268,5661.3980,7749.6310,9794.7483,7663.1038,5259.9222,391807.9757,419500.9262,410815.2929,401591.6605,401412.4013,410058.4387,402921.6222,406106.3667,362240191.6993,362300168.3158,362280609.4198,362266069.2664,6642.0950,10338.6649,10269.6850,11164.8973,13199.3882,8024.0035,11037.5773,0.0000,12854.2913,12834.7728,10076.9190,8346.7968,11628.2822,7400.2975,2353.7747,10647.6151,12380.7039,9104.4928,7003.6354,12201.2811,5673.9959,8130.6936,10651.1272,7945.0167,12242.9619,13800.0818,8390.4826,11272.3586,12530.6946,10248.1101,398188.2140,425860.4296,417357.9316,408185.6263,407956.3028,416786.4379,409577.7840,412665.9329,362250889.4387,362310865.4547,362291307.2072,362276766.8178,5452.0411,12639.8690,6585.1408,11245.3083,11518.0288,9858.1909,0.0000,9508.2908,13373.0367,4474.0130,11014.4407,12742.9888,9281.8378,6441.3521,12983.9939,9278.2716,4732.7578,9390.7493,9891.6138,6215.6973,4739.0274,11810.3573,10075.8576,13662.0892,12615.7582,9629.9902,7452.1680,8425.0670,9176.9942,396497.5002,424281.9146,415719.4487,406660.3599,406293.8588,415018.5059,407936.7957,411007.6391,362249603.1760,362309579.4909,362290020.7803,362275480.7913,11382.0783,6017.5452,7173.1115,13592.5142,10922.6732,0.0000,7833.8511,11078.6450,1732.4451,10314.6831,13026.9039,8755.2917,10655.4514,13441.8067,8537.8009,7095.8170,12459.7313,9683.5666,10383.1447,3469.9382,9649.9470,12724.4629,11948.9777,10140.9262,8379.4406,7486.7235,6393.7057,6048.1338,395045.8476,422834.8644,414188.2844,405098.4871,404763.2100,413405.2085,406351.4839,409469.3645,362245840.5232,362305817.1563,362286258.1267,362271718.2132,13117.5691,7818.2652,9569.5219,12651.0494,0.0000,12288.0749,4934.1113,12260.2535,3453.7124,9673.5535,5804.9961,11340.2725,7951.8845,12737.2227,13724.2071,11641.2537,12566.7266,12793.2274,10456.5187,2824.6055,11491.1118,3901.0102,8883.8683,5440.2499,13230.5753,12544.8369,6937.6285,394523.9735,422096.2581,413486.2909,404146.9362,404109.1432,412878.0042,405603.0720,408799.5624,362242646.7622,362302623.0457,362283064.6623,362268524.0695,8864.0163,11453.7020,6011.8105,0.0000,3476.2227,11316.4997,4738.2753,13168.3585,9905.8046,12407.8973,10197.9054,11345.8829,3327.7615,3351.1970,9664.9790,4569.0712,8047.3078,8443.3591,12510.3273,9629.2193,12196.1133,8468.0196,12236.5502,1649.8353,2379.7594,10602.2268,390175.6881,417974.3322,409382.4575,400331.0465,399954.1446,408646.2249,401586.1789,404666.4636,362243572.6107,362303548.8638,362283990.1473,362269450.2806,12893.4021,11071.3382,0.0000,7453.3362,5283.8208,8186.3006,8941.9260,10455.2861,9180.9015,13594.7558,10686.6926,8716.1619,11184.0721,13474.5472,9401.5810,13429.7662,8762.1329,6336.7554,13186.0340,6772.7579,5129.8775,8236.3399,9474.7888,7292.5736,5809.7728,391217.1214,418912.1234,410228.4161,401008.2373,400824.9993,409472.3499,402336.7541,405519.3581,362239792.7993,362299769.3900,362280210.5115,362265670.3690,7315.0557,0.0000,11143.7681,10047.4119,13187.8811,10430.0462,5180.7476,11383.2147,6993.6919,4015.7433,10343.3319,10446.2338,3502.4286,9234.6315,6967.3219,13115.4911,11473.2646,3040.3564,9139.9564,10518.1451,11852.7980,10545.4290,11945.5036,13211.2265,391164.9640,418764.1518,410290.8632,401048.3081,400905.2352,409794.1833,402508.5669,405611.0471,362244503.5019,362304479.1247,362284921.3017,362270380.7577,0.0000,5349.6100,10614.3794,9944.7482,13613.6642,5312.7715,13793.4582,9415.4732,7313.2796,3968.5135,6084.7621,5902.9872,2617.8935,6763.0721,12273.8871,13351.8398,5260.4749,10922.4038,7939.2048,13847.5254,4486.0792,6415.7624,13375.4749,387434.7348,415155.0547,406633.3966,397516.3892,397221.1612,406016.1065,398858.2568,401933.4306,362242006.6074,362301982.4143,362282424.2175,362267884.0990,0.0000,0.0000,0.0000,0.0000,0.0000,0.0000,0.0000,0.0000,0.0000,0.0000,0.0000,0.0000,0.0000,0.0000,0.0000,0.0000,0.0000,0.0000,0.0000,0.0000,0.0000,0.0000,0.0000,0.0000,0.0000,0.0000,0.0000,0.0000,0.0000,0.0000,0.0000,0.0000,0.0000,0.0000,9311.9038,7166.8372,13234.5423,8095.2531,13100.8809,11943.7566,9887.4689,1564.1916,6344.9202,10229.9789,2867.0055,9886.7657,10403.7157,11957.2504,9805.2193,10407.2933,5589.7253,12732.1892,3077.1663,1734.4146,10982.5882,387607.4374,415372.7071,406763.9626,397662.9112,397343.1873,406035.6599,398945.3281,402051.1698,362240295.0489,362300271.2621,362280712.6166,362266172.6778,11769.7651,7829.9726,7497.6167,9437.3820,13149.9827,6915.4450,10007.9747,12923.1953,11912.8074,9844.4054,13317.6289,11677.3520,5600.7518,11375.4840,1753.8841,4494.2928,8778.1238,11216.9189,9987.9060,8342.7655,389996.4387,417600.1514,408965.3932,399654.8515,399581.4784,408315.2683,401076.5453,404272.4779,362238651.6564,362298627.9267,362279069.4765,362264529.0420,11275.2502,12688.3372,9755.9708,10043.0616,13321.8512,7638.6322,5554.4179,11664.4085,8804.2015,9321.2390,4298.3039,10823.8316,11958.5744,12600.7836,10359.1636,9532.7782,6258.1459,5644.0554,7541.3058,394414.4052,422217.9354,413591.1462,404528.7349,404162.4852,412817.2402,405772.5381,408871.7912,362246178.5983,362306155.1389,362286596.1708,362272056.2982,11698.4268,2608.1936,9981.7868,10043.0999,13622.1665,13240.0336,11806.7483,13650.0538,12098.1516,8433.5444,3214.8758,11997.9304,7123.3958,11085.3538,2650.4766,13558.4180,13083.9645,5550.5677,397599.7110,425199.8060,416594.6559,407288.1831,407211.0775,415973.3129,408722.5914,411904.5220,362245883.7232,362305860.1031,362286301.6130,362271761.0634,12870.0196,10626.4650,2603.8387,7533.3657,10395.0933,6707.2260,6257.4465,9454.0882,13775.2093,11271.7906,5667.3743,7243.8451,6468.0481,12850.0959,8782.1986,9444.6222,13046.9703,387109.6652,414731.8657,406204.6530,396964.1525,396814.4358,405646.0747,398393.5688,401517.5358,362239834.4322,362299810.1731,362280252.1788,362265711.7697,9252.4272,11535.6565,13493.2998,12249.3887,12018.3190,13739.1244,11474.0303,6305.4723,4622.8654,12399.9799,9067.4272,11969.6824,1222.3678,13044.2528,12624.7611,4440.7997,398972.2416,426615.0229,418004.8619,408746.2305,408611.6830,417351.8903,410142.6750,413308.5467,362247658.4187,362307634.8964,362288076.2624,362273535.8283,10023.2041,11218.6511,7776.9830,5127.0648,10890.7923,3487.6605,9092.3800,11919.7364,6190.2333,12637.7429,13460.1683,10106.4419,10045.8402,11753.9355,11530.9487,396472.3827,424157.9559,415675.5978,406531.3329,406270.7377,415113.7619,407914.1103,410983.3582,362250291.8048,362310267.6951,362290709.5324,362276169.1961,9472.9268,11522.7715,6711.8778,8367.1655,9719.7112,13583.1953,10002.3694,5861.7773,6078.7667,7518.1809,11612.6839,10445.2327,11009.6996,12417.1470,388909.0200,416493.2062,407971.3244,398687.4276,398589.7085,407440.6828,400151.5074,403289.7755,362240843.3000,362300819.0449,362281261.1133,362266720.5705,5564.7065,9137.5339,1568.5736,8850.8377,10844.2425,12657.3938,8701.0444,10905.2375,6426.9892,13256.9461,2211.4814,2692.0134,11823.9203,387437.8911,415202.1116,406618.7757,397527.8466,397197.7797,405915.1608,398816.7780,401908.0920,362240906.4614,362300882.5619,362281324.0237,362266784.0698,7881.9248,6075.5497,5307.7115,8330.6313,13394.5988,8191.9910,13413.6625,10768.5035,12407.1186,3455.9629,5650.1759,11534.1054,391946.2323,419741.4826,411195.8691,402161.4293,401767.6241,410504.0640,403429.3663,406483.9155,362246436.4792,362306412.5909,362286854.0240,362272314.1079,8156.8475,3826.4344,12133.0780,12932.4555,1172.7825,11391.6722,11406.5084,12565.9272,8723.2782,10771.0775,13538.4633,391606.6338,419266.4357,410804.1396,401641.0144,401404.7602,410278.3170,403049.0017,406116.9649,362246295.7126,362306271.3514,362286713.4279,362272173.0581,8436.5472,11669.0739,12835.5309,7581.7145,10561.1819,6393.2179,13576.9453,3159.7114,4200.7921,12482.2837,386904.3095,414647.4889,406084.0258,396975.6991,396667.3237,405413.3396,398288.3054,401377.7252,362240689.2682,362300665.2510,362281106.8517,362266566.8276,9930.3208,13329.8132,4753.2310,13106.3200,12470.2400,12073.1869,7550.2445,9824.1848,12680.2891,393630.8282,421352.2933,412873.5167,403777.8480,403460.6465,412291.6765,405127.1827,408176.7124,362248617.1485,362308592.9685,362289034.7976,362274494.6034,8740.0254,12628.9017,12109.3518,11916.8709,6252.6188,9659.6908,9209.2396,5073.4497,397953.9345,425713.3168,417087.5577,407966.9035,407668.5998,416343.9597,409253.6973,412374.2446,362248419.2473,362308395.8573,362288836.9162,362274296.8655,12892.1423,5427.3469,9039.0083,3737.9987,12965.2921,11870.0837,4433.0705,395557.0854,423167.2587,414522.0957,405212.5907,405137.0736,413856.1682,406627.4702,409827.5166,362243103.0655,362303079.5622,362283520.9293,362268980.4591,10872.8633,10721.0348,12862.0214,8560.6815,10521.6901,13716.1988,390554.5748,418207.4187,409741.0514,400567.5880,400343.2516,409216.5056,401980.9972,405054.5051,362245150.9511,362305126.5694,362285568.6682,362271028.2899,5851.4532,8564.8673,12002.6832,11116.7775,8823.2468,390636.7426,418214.0917,409599.6133,400266.0858,400221.3114,408985.0515,401715.7284,404911.8418,362239340.0330,362299316.2174,362279757.8911,362265217.3600,11360.2975,8147.5516,6661.0631,9995.5015,387143.1828,414814.3795,406180.6538,396952.1525,396781.3092,405490.3904,398314.3642,401478.6572,362237488.1296,362297464.3563,362277905.8315,362263365.6253,12928.9466,12246.3332,3424.5139,398437.0626,426082.5733,417454.8197,408192.5549,408061.3939,416783.2694,409582.0784,412756.7823,362246705.8975,362306682.4370,362287123.7357,362272583.3271,2866.9698,11564.8001,389077.2915,416862.8891,408289.8700,399230.7004,398864.0691,407580.5999,400501.9158,403577.0987,362242986.7774,362302962.9051,362283404.3196,362268864.4125,10261.1041,388868.8113,416654.6269,408035.3940,398955.7129,398610.3440,407282.6442,400216.6537,403319.0160,362241402.2814,362301378.5969,362281819.8318,362267279.9516,396918.5968,424609.3327,415943.1884,406721.5059,406540.4141,415205.7155,408060.3631,411236.0683,362245045.9168,362305022.6115,362285463.6833,362270923.4552,28758.1317,21084.1728,20057.5382,12359.0119,22282.9823,17264.8643,16729.5860,361914138.0478,361974101.8796,361954552.1687,361940016.2991,10976.8719,21497.2472,19393.9386,17881.5053,19754.7835,15327.0837,361889138.2031,361949100.9091,361929552.2830,361915016.2337,13127.1523,9559.9299,9061.5962,9088.9170,4872.6031,361893498.9564,361953462.4373,361933913.0934,361919377.1096,10925.0624,17898.2259,7566.4996,11243.2894,361898157.6819,361958121.3735,361938572.1449,361924035.5533,11769.1029,5690.4718,4774.5466,361901920.8763,361961884.6932,361942335.0499,361927799.0707,10925.0624,8781.9945,361892553.8567,361952517.9908,361932967.8487,361918432.3091,5631.1667,361897788.9348,361957752.9072,361938203.1967,361923667.0756,361897508.0171,361957471.7146,361937922.1658,361923386.2089,66816.8883,41685.6834,29036.3442,37885.2053,41455.0013,26824.6276,
32400.000,11446.2774,8068.2218,13794.8446,13003.8764,11152.0171,13539.0092,11951.3309,10331.5243,12908.9435,7424.2128,13451.6895,12654.5610,10275.4344,5475.5149,6865.9249,13030.5511,10600.7424,9126.9553,7482.8206,6666.2196,3321.8813,10899.7234,5161.3234,12116.3602,12500.9779,10313.1533,12741.2473,2938.0273,10401.5492,8407.1069,2342.6824,10658.2537,6558.0520,12419.2239,7193.4141,7155.5493,9343.6636,10195.5544,12759.3225,13765.5214,8894.2172,12280.5798,4210.0184,9425.7888,8582.3823,12620.3122,10871.3153,7268.2353,10919.3312,7085.2948,6487.6932,11973.9941,8533.9163,11026.5481,7808.8288,7490.5297,4827.0705,12700.8544,9493.5880,5449.5690,1196.7139,12359.8980,11651.4338,5665.6609,8424.9690,9497.6058,10369.3866,7270.6719,7189.2064,901.0288,1052.0201,11054.1701,7841.1112,7654.8386,12331.6800,7625.9488,0.0000,9932.8482,13648.7985,2047.0428,10040.9275,11183.2937,10824.5042,10896.7337,11873.4599,9456.8122,7076.2674,12073.8652,10646.2538,4721.1642,2293.0259,12409.3756,12508.3944,11281.0090,9329.5155,11086.4196,8632.2710,8784.2405,10843.0388,392565.4466,422444.5196,412558.9322,402016.6145,408642.5917,411664.8829,406022.3823,405560.9460,362245124.9983,362306796.1889,362282370.3084,362276048.3219,7867.5369,7060.5509,9736.3648,10027.3625,8907.3273,5684.7293,7363.9462,6803.3445,10444.1733,5165.3385,8176.8446,7118.9777,7331.8000,8628.7421,6298.9754,10938.5632,11609.7304,10532.7052,13319.7569,9176.1398,11607.4169,8216.0665,6989.0880,7051.8473,7761.0485,10021.3937,10007.1991,3240.0354,13385.6318,9958.8719,12204.8601,7418.7597,4417.3051,7451.4995,13717.1225,13567.1990,11125.0207,2733.6071,9082.7328,13329.7124,11993.5469,12562.9694,5446.9820,12929.6416,9514.6614,9607.8042,13324.9035,928.8503,8929.1291,13684.0447,11898.3197,13457.1076,11885.1219,10030.2749,13680.7862,10620.9434,11287.2910,13482.8968,8565.6156,11941.4300,12163.9662,1221.9341,12120.0582,13796.9239,10753.1333,13284.0821,13802.1618,7599.9659,11310.7183,11323.2624,12969.4124,6911.4244,13799.4070,6570.3697,9463.8398,0.0000,10124.4728,9199.5750,10273.1235,13110.5051,8550.4224,10029.5987,2600.1959,8936.4892,9444.7591,5854.3111,1698.8390,4566.4997,8146.2071,12540.7857,10944.4514,2540.8836,12246.8879,12683.1147,10625.4307,8667.9600,11788.6389,12034.8771,394812.8000,424911.7008,414914.5199,404568.9097,410939.2513,413797.4351,408411.0520,407926.3585,362247586.0057,362309257.7011,362284830.8965,362278509.5827,11627.6764,12973.9984,13609.9635,10155.8587,11804.7054,3141.2401,12390.6961,3532.9024,10802.2440,13048.6446,3070.0713,5912.1397,10762.3841,12077.0526,6808.2810,13422.9375,3598.4819,12204.8529,6196.5776,8174.7397,8529.4238,12540.0770,12588.1620,3273.9259,9800.5341,8602.1954,9307.6775,9774.9673,7961.0942,8830.0576,2910.4628,11036.9629,1765.1845,11831.0240,11053.5108,13664.7076,9185.8355,11855.5441,13005.1950,13252.6019,7522.8920,2765.6621,8492.1427,8374.1905,13425.4641,12510.1172,7240.8850,1450.0318,10277.7923,10309.7941,9774.0232,13818.2153,3153.8383,11794.6827,4231.9715,10732.9320,12860.9972,9363.3815,8033.8052,12474.5186,8830.1599,6228.8845,11835.0433,5331.8927,11816.1842,11444.7158,1607.2752,8582.1014,7259.0767,11974.6645,10091.9773,11603.2318,6319.3772,11876.2954,0.0000,13309.2540,11535.7229,6601.9524,10102.2525,13079.6709,5935.9553,5668.2867,13230.0594,12845.5414,6260.6744,9177.4089,10536.4197,7162.3435,9011.3154,9529.0199,9662.8559,13680.6344,13472.8968,6990.1656,11982.2280,13349.8457,8792.4398,389178.1037,419170.1466,409155.2254,398716.5557,405222.5689,408114.0050,402665.3305,402170.7450,362240972.3914,362302643.8961,362278217.4424,362271895.8715,3910.6553,7274.7614,4582.6295,5511.1049,9875.8570,3496.9243,12385.1967,2104.1845,4339.5594,9780.0197,12207.2534,11036.3052,3107.6377,10132.0778,9797.6159,12456.3919,12127.7928,13101.0335,9825.0783,12088.5899,5288.5621,4529.6803,9972.8360,6193.5049,13120.7642,8033.1882,11740.9755,13083.0140,10133.8607,12191.0999,4501.1891,11950.1378,12118.8797,10991.0364,8670.6071,4608.9668,2784.5300,10696.5243,6880.7909,13567.1995,10275.0191,11848.0227,7178.9277,7565.2277,11783.8574,7827.9197,12281.2754,12730.2991,8342.0663,11807.3602,8089.8120,12021.5240,11869.6490,13351.0901,7050.6247,10403.0914,12000.5610,13859.7531,7214.5265,6553.4693,13236.7911,11479.1994,11132.3727,9847.2441,12181.4751,12003.2563,13620.2189,13810.6349,9060.8089,10211.4369,11941.1440,7219.5320,10620.0167,0.0000,8698.6792,3263.9513,13577.4342,10631.9941,6959.2890,9829.1669,8248.7083,5679.0309,9089.9245,11375.7089,5810.8448,7568.1862,12523.6720,13730.5158,7704.1886,4929.8514,8020.1069,10034.4623,9608.8864,9602.2220,10167.8648,9902.2722,392608.8384,422765.1233,412895.4576,402600.4818,408873.3363,411792.9376,406335.4445,405891.2915,362249289.8875,362310961.2835,362286534.7179,362280213.5187,4927.5347,5936.8410,6480.5860,11702.5588,4328.2333,12854.2483,5609.0345,3472.9840,11647.7667,12928.5184,10509.3737,4613.1769,10475.5522,7117.9237,12920.6707,9548.1997,13243.0056,9649.7093,12131.1283,5406.1841,4763.7443,11686.8549,6515.3262,12638.6774,9711.8511,10098.8676,12660.9969,9506.5888,13329.8289,6563.7302,13219.1053,9555.3898,8831.8882,5910.6332,7864.5262,3184.8423,7594.9067,3452.0859,12611.7876,12287.3197,10820.8372,8281.0652,5659.2575,9053.5913,10336.5384,13217.4711,10774.1642,7455.0210,10199.0860,4588.7106,12659.6250,9283.5161,13485.5054,6380.2794,7297.3968,11811.9135,12935.3367,4684.3859,9121.8200,12734.9258,8872.0138,11595.8036,7358.6771,9754.6387,13249.8701,12745.5709,13202.6045,6577.7322,10393.2095,9438.3478,9669.2295,9524.2822,0.0000,6681.0989,3687.0413,13375.9458,9125.7445,5796.3331,10697.9866,10858.1477,3912.8804,7644.8716,12521.3948,8556.6715,8760.1803,12843.1310,12413.0564,7706.0072,7842.7795,4376.7369,6859.3903,10136.7045,8719.6862,7517.0396,9372.1318,392528.0552,422642.9747,412855.3165,402521.5571,408832.2862,411823.5802,406263.5447,405841.8906,362250456.7928,362312127.9602,362287701.7276,362281380.3658,10075.3017,5226.1491,13431.6199,4812.6995,13770.6539,7805.5333,3333.1754,13320.3704,11372.1522,6974.0782,5462.9769,12996.2588,3320.5580,13851.3527,7605.6951,11590.3911,12375.8036,9507.7679,3905.0000,4081.2782,13496.8181,10411.8777,10085.0670,8395.4556,11221.6947,10395.0563,12080.2684,12910.7528,6584.5269,13230.4529,8650.8869,10107.3725,1916.4771,9244.8693,7787.1256,6530.3964,6173.9400,12220.6575,12947.3071,12277.7584,11810.9281,998.0068,7165.7321,10426.3394,13660.8072,10592.5255,10788.1457,11385.3456,3365.0563,13716.0843,8655.1116,13306.0781,10216.8799,7210.4769,8847.9936,11412.1170,8003.1018,9159.5713,13030.7774,8977.3315,13525.6975,9062.1525,9317.2095,13306.2535,10591.0098,11708.8160,8808.3720,7395.1369,9145.2034,12338.1122,5484.5256,0.0000,1969.5323,8236.5066,11764.1717,11167.9497,2131.9486,13220.1559,11610.3442,1772.8238,3178.5309,11083.8466,8922.1294,6915.9388,10763.4669,10856.2911,11299.1214,8565.0499,4594.2360,4770.3246,12882.1101,4707.0056,3798.4569,12058.4292,396329.9792,426381.8698,416607.1237,406213.6442,412605.4094,415631.1282,410013.5815,409592.7956,362253154.7419,362314825.9115,362290399.8092,362284078.2272,9350.3240,7758.4747,7691.1540,10014.5916,5716.8148,8103.3318,7784.9842,12757.3513,13111.4033,7378.1757,6455.5168,11558.5450,10058.6228,12158.9963,13183.9673,6048.0948,13369.1622,9185.5657,8548.9193,7651.9047,2039.7997,13796.2443,10684.4254,9306.3958,13499.8746,6550.0757,11716.5928,8278.5000,11105.9526,11414.6636,8858.6834,10803.6614,6918.1644,2994.7376,10703.4213,6789.0865,11966.1060,9610.5861,8954.7111,2969.9890,10536.2589,11892.4539,9393.2670,10656.3506,11183.4465,4772.8122,9300.6940,9472.7125,9623.4404,11035.9488,11838.0687,3475.8692,9899.7087,13506.7859,13247.8102,5694.6285,9004.3746,11111.0861,10251.6557,7909.1160,7986.0976,11083.3552,11078.6714,13651.0018,13268.4848,7164.5997,12528.9623,10825.4273,5034.4733,12877.9414,0.0000,11315.0751,2395.4730,13353.5692,7712.1005,10321.7670,6283.3022,8721.9736,8960.9628,11831.4036,12347.2983,8429.9135,10715.3613,13309.1780,13097.4275,3566.3166,7815.4054,8776.2135,10898.4161,5802.8731,12240.1864,11806.1794,6240.7366,388131.9141,418272.6816,408395.3463,398086.7192,404380.3708,407303.2486,401838.8687,401391.9581,362245081.3988,362306752.6894,362282326.2413,362276005.0270,11396.6369,2496.7749,13250.1784,4539.1160,3418.7706,11210.4985,9652.9103,6855.6548,2570.6833,12910.7120,7745.2373,13342.0507,11178.5167,10880.0776,12860.6392,8587.6868,1522.5744,1957.4897,11633.6420,10450.5760,10219.2696,4188.4755,13310.3759,10486.3940,13029.7783,11002.0726,1832.0955,11295.6821,12043.6350,12739.2356,6818.8495,5082.5482,7683.4234,10649.4278,9237.4537,13429.0131,10170.8428,13663.7574,11128.0885,4720.7555,10955.9429,6267.6670,12375.4416,13133.4541,11928.6809,13437.6317,8003.2818,13003.0276,12034.9352,13007.8805,11095.8792,11089.7684,8257.0880,12464.5561,10367.5715,4557.1107,13693.5948,12272.4946,13212.2116,11921.0314,12474.0217,11425.2288,11482.9048,12272.1675,11523.1316,5768.4034,12376.7048,10015.1985,6565.2252,0.0000,5652.5906,8151.4450,11649.5668,13043.4737,3396.7801,12556.0865,7933.4667,4009.1490,5231.6561,8592.7382,4291.9369,2790.5096,9563.0353,12506.7119,11631.9133,4004.9920,8795.2429,9309.8727,12629.8834,5258.1502,8081.4480,12906.7353,397275.7137,427377.6973,417493.4335,407145.3136,413495.1319,416427.9007,410942.3108,410491.2587,362252233.2706,362313904.7623,362289478.2116,362283156.8240,11445.9874,4656.0161,9223.0078,12244.9840,266.2629,8259.3622,12121.9514,11032.7178,5254.8204,13819.4482,4701.5497,13034.0762,8789.6664,6688.6032,10502.6382,12059.2730,11901.0325,491.8399,7599.4335,10815.9561,9615.2797,9738.3903,10245.9953,7617.0883,5678.6464,10273.6705,4623.2958,12426.3931,10751.4535,13755.2238,7836.3785,9924.6706,13190.6777,12199.6727,9101.3758,3324.3997,8342.9320,5839.8425,13400.4289,13189.6954,7039.2608,4133.3818,10985.6969,8664.8771,9707.8336,13485.8669,4033.2710,12261.4224,6641.9734,8831.2760,12783.4662,11192.9616,10165.8006,11164.6885,8347.6287,7569.7456,11984.5810,4475.2499,11190.7996,11959.1819,4538.5832,10772.9832,9609.0001,11090.2703,11277.2127,11999.3903,3436.4167,12945.0407,0.0000,13587.4478,9527.2123,9172.9819,9389.2174,12984.9331,3966.0195,5091.4590,12729.9026,13347.2462,8144.7805,8433.8699,10745.5659,9455.2506,10840.8115,7459.8553,8674.2854,13159.7956,13657.2758,5107.4516,12770.0893,13843.8364,7460.5272,387920.1217,417970.9351,407962.5166,397575.7473,404006.8458,406879.4503,401466.0537,400976.1363,362240846.6585,362302518.1669,362278091.6068,362271770.2063,13402.8197,3393.5800,1700.6565,11299.9464,11230.6350,8626.0378,703.1260,12164.1081,7769.5429,13487.2082,11140.0315,12216.4418,11880.0991,10352.1359,1878.2347,1080.2206,11610.6158,8902.4942,11641.9106,6278.1168,12629.0720,11812.4725,12013.0272,12122.8862,2628.7404,12217.3011,11710.7390,11810.4033,6557.9441,5195.0433,5557.4078,10029.9611,7488.6201,13674.6046,10930.0095,13052.3819,9916.3137,4789.9778,10799.3610,7519.7641,12938.4249,12848.7564,10489.0495,12743.2241,6961.4683,13132.2663,11598.1234,13606.5536,9454.3511,10212.4860,10037.3900,13215.0290,8617.6136,5836.4736,13811.4433,11583.7559,12819.1285,10722.4087,12058.2764,12313.3850,12520.0011,13166.3237,10143.2710,7846.8065,11873.3331,9505.5937,8017.6351,0.0000,6040.3881,6116.5377,12797.5966,12020.9328,3839.6462,11928.0232,8742.6820,3096.9022,6231.8512,10323.1912,5279.7010,5156.0637,11212.1114,13070.1710,10226.2264,4591.8978,7505.1301,8802.7914,11800.4000,6800.0339,8177.7821,11859.4554,395733.0375,425859.7671,416005.2637,405680.8218,411991.5500,414933.4868,409440.5095,408999.4383,362251905.1905,362313576.5988,362289150.0915,362282828.7744,12140.2546,13683.2542,4775.3473,7831.9258,11748.3334,13204.7449,4801.4682,13028.9900,97.1997,10734.5234,7068.8601,6010.9328,9819.0583,13620.2390,13597.8959,4377.4291,8971.4789,9063.8595,11588.8043,6988.6383,8314.8183,6429.4152,5442.1953,12686.2103,4665.5987,9876.1075,8598.0388,13439.2109,11184.2967,11823.4721,11505.3766,12207.3170,5102.4261,6061.1263,5467.5008,7750.0280,13786.0563,11066.2311,9975.9504,2509.7897,7780.7743,8543.6670,6949.8000,13126.0282,633.4431,9781.3327,2981.5295,9429.4830,11141.3968,10495.1827,6868.6327,11119.3599,11215.3783,3255.6915,9655.2210,2964.6406,9724.3504,9256.4999,4472.4357,8130.8871,6499.0838,10073.3848,11625.6093,9425.9260,7455.8443,12506.4181,0.0000,13537.6270,11393.4761,6713.2983,7536.7792,13784.2081,4608.8716,8542.8507,13651.3624,13381.9339,8697.3819,11420.5050,12445.2462,8619.8498,7514.9645,8184.7331,11707.3925,12723.7347,12463.1776,5335.7909,12817.7339,12895.9796,6500.0977,386853.2777,416816.2183,406856.4324,396389.4699,402923.7178,405865.5428,400344.6926,399865.3231,362239818.6792,362301489.9734,362277063.7958,362270742.1259,4838.1365,9079.1904,11073.0748,10305.6790,2733.0615,10566.6328,10310.9811,12218.5774,12727.7314,12280.8388,10571.5368,11129.9197,4912.2378,4335.5283,9418.3250,7363.8975,12466.7153,6366.5929,12577.8139,12452.1754,11007.1592,11128.6077,3016.2127,10950.3167,12893.5684,12081.0012,9287.2188,2634.8678,4713.5292,11689.1645,8559.2887,13664.5540,9058.1298,12512.7120,7828.5911,7829.3646,12470.4528,6003.3960,11619.8339,13374.7460,9605.1495,12647.8969,9232.8066,11737.9414,12708.5662,12931.5632,8462.1574,11561.0489,11121.6380,13662.3329,8900.8179,4615.8891,13293.9779,12478.2930,11266.5676,11156.7870,12987.1278,11031.8550,13261.4899,13447.3847,10490.1806,9154.5209,12811.2728,6737.8582,10190.6835,0.0000,8895.5142,5062.0407,12960.6320,11679.5467,6924.3499,10024.2947,6652.1020,6190.4557,8940.5348,10014.3474,3826.7874,6151.8946,11504.8063,13737.6637,8781.5443,2904.6826,9371.4577,10930.4996,10061.5018,9111.2490,10652.8648,10778.9193,393651.9684,423805.1464,413894.8203,403597.0840,409882.0458,412775.8010,407351.9179,406895.5137,362249249.3478,362310920.8605,362286494.1718,362280172.9776,12119.0665,11680.4209,8435.6268,2370.6010,12354.5523,6450.6642,13765.3833,10074.1031,12390.8045,11876.4787,10479.6813,2082.4458,1504.7347,12359.2008,9033.7304,11516.2280,7313.5513,12070.0018,11719.8840,11847.6205,12731.9948,4146.4869,12868.3194,10709.5219,11059.1619,5115.5110,6721.5161,5648.4070,8780.6989,6399.1049,13369.2230,11881.2149,12734.3338,10324.1289,3532.5365,9666.6413,8808.4451,13427.4338,12130.8428,10236.4101,12198.0165,5443.7575,13478.3892,10600.6143,13764.8919,9275.8462,9026.5950,10044.6763,12906.8710,7847.3560,7241.4984,13699.1572,10611.7750,13071.8211,9869.3584,11136.3240,12952.4034,12220.8315,12999.5444,9319.2443,8047.4169,10926.1124,10459.6730,7490.8339,0.0000,4872.3736,6224.6432,12813.4566,11531.6924,2956.1627,12313.3479,9975.1976,1561.5294,5406.9097,10983.2096,6763.4549,5996.1535,11474.6558,12587.0382,10266.5838,6148.4540,6094.5560,7424.7732,12051.1536,6354.7720,6895.2942,11728.6934,395715.6365,425826.2340,416008.0158,405668.5122,411993.0720,414965.7412,409429.1168,408998.0918,362252470.5262,362314141.8351,362289715.4698,362283394.0867,8080.0770,11950.7006,10882.4924,5457.6534,13734.4627,4824.7083,13018.7910,8668.0171,6866.6721,10329.2411,11896.3964,11747.6373,747.7944,7679.8132,10691.5433,9377.5538,9854.0171,10132.3358,7783.3018,5527.7757,10083.6069,4488.4931,12451.0908,10847.2521,13664.1519,7641.8391,9899.7667,13189.1307,12206.6801,9154.7940,3080.5071,8490.6505,5953.5454,13272.9824,13174.3641,6784.4524,4125.1750,11051.4173,8787.5796,9828.2480,13437.8526,4159.3649,12293.5017,6657.3888,8925.4222,12806.4383,11022.2215,10139.8535,11213.1192,8111.8944,7663.1707,12038.2966,4684.7642,11268.5672,12003.9787,4413.8691,10701.5252,9565.9985,11164.3685,11076.9459,12046.1115,3411.8426,12791.4879,0.0000,13463.4329,9517.5485,9089.1663,9521.6394,12837.1455,4181.1164,4832.0580,12609.6024,13201.4233,7927.2187,8209.9332,10525.9412,9287.6461,10829.4285,7586.1361,8466.9151,13137.6437,13619.1885,5304.9553,12605.2571,13761.4234,7626.9466,388177.3947,418228.8639,408218.9779,397832.8338,404263.3617,407134.5949,401723.1264,401232.7896,362241041.0824,362302712.6013,362278286.0298,362271964.6304,5976.1216,11123.4225,11128.2115,10801.9156,7918.5269,10502.6696,2304.9165,11925.0956,3062.2535,10483.6881,10922.3883,8502.7389,12706.3657,3977.7719,6488.6184,11550.0515,3736.8195,12176.8329,3178.4103,9689.9185,4280.3502,11133.8918,12384.1696,11305.7146,9478.8915,13153.4860,11988.3542,13591.0990,8143.9816,5778.5770,11174.1319,12118.0575,10819.0318,10884.6386,6571.5755,5901.2761,10627.9763,13118.2081,11648.3309,12532.5754,7831.2295,11336.5023,5930.6978,13358.2671,12509.1132,4057.6133,6325.2872,13721.9852,7747.1468,8361.0211,11991.2757,9961.3975,12959.8304,11255.9736,4437.8634,5425.7304,5345.9070,13250.3466,5405.1013,11500.8407,10154.9708,7604.5609,0.0000,10330.1166,13116.8346,3746.9387,12450.6393,10427.5551,10646.6131,6781.7304,11420.6746,9354.5285,1784.6725,8406.9880,7481.9317,1519.7666,7455.9569,12830.8640,9142.4496,12981.3083,11798.0365,11334.4170,7973.0933,10660.9220,12208.5801,394602.4185,424552.0691,414569.8472,404090.7000,410646.8611,413576.0604,408069.2042,407582.1994,362245693.3248,362307364.8496,362282938.4837,362276616.7326,8878.1936,13496.7122,6262.0064,11839.1474,8034.4686,6327.0155,13600.2029,3156.7801,7120.5273,7825.6332,12306.8113,13244.1413,4382.4576,5955.2283,12085.4188,5012.1996,13498.7356,8725.6921,8014.7901,9570.9488,9535.9640,12037.1027,6793.8671,9852.6425,12134.8990,9259.4781,11366.3457,10058.3960,10246.4279,12628.8336,13630.5557,6185.4647,8200.2873,8405.2088,10676.8064,10562.5059,13524.9889,12251.6014,8895.2314,11798.3524,9827.8725,10008.6028,13473.6674,10280.7496,2234.6930,7773.9272,12407.6722,8144.6890,11114.9982,10750.2244,13021.6188,12027.6301,10170.1097,9701.7430,6105.8224,7572.0641,12248.3223,2005.8152,10322.4984,12655.1243,1866.1477,0.0000,5352.9582,12361.0870,6897.4639,12931.6544,6022.0949,13404.1776,9727.2449,7595.8133,4072.0798,5983.6234,8563.3851,5351.1517,4857.5425,7965.2848,13730.5515,8969.1912,9873.9798,8194.9784,13614.4120,2511.1554,6159.2689,13545.3264,397958.5236,427923.5889,418046.9301,407575.2574,414098.0017,417092.1138,411500.8018,411045.7982,362251099.1597,362312770.5284,362288344.3507,362282022.5537,11943.9626,8334.4043,13288.9448,11538.4729,12194.2970,11729.4355,10425.0491,2357.1488,1662.8106,11211.5222,8694.1836,11772.5667,6049.5463,12732.0629,11913.6986,11927.9221,11885.8664,2203.6600,11940.6777,12045.6996,11985.0263,7165.6729,4552.4273,5416.4407,10464.4775,7804.3484,13738.6090,10519.6133,13053.0605,9596.5700,5421.4877,11219.2190,7054.7626,12691.0304,13052.7405,10430.3857,12838.4553,7510.0966,12905.7400,11922.6653,13501.2648,9366.3164,10595.0033,10173.1699,13335.3461,8784.4088,5356.0350,13777.7582,11875.4803,12592.7946,10931.7091,12347.4168,12037.8201,12674.5367,13239.0998,10334.2870,7970.6407,12167.4450,9002.1951,8400.4935,0.0000,6629.1857,5953.3631,12819.8456,12074.1218,4435.4024,11635.1815,8239.2559,3765.6930,6745.8753,10150.9977,4745.2957,5087.8075,11198.2895,13250.4366,10048.2330,4000.0073,7981.5750,9318.7956,11552.1387,7189.3315,8728.2867,11758.8967,395491.7293,425625.1163,415756.8431,405438.8796,411743.3513,414673.3557,409197.4558,408752.6013,362251484.7400,362313156.1807,362288729.6228,362282408.3343,12878.5401,4794.8360,11090.9219,10706.1743,1654.4270,12531.3364,12959.4098,12648.7241,4807.7527,4960.0008,12049.3313,12585.2464,5772.6577,11440.7448,2651.2766,9109.4944,12121.3610,8246.6395,9780.3057,6754.9606,12882.8742,10466.3275,8740.3032,10698.8641,9566.7729,7612.5965,8118.6092,4217.4170,3764.5899,13319.1844,11147.9126,10862.3835,6625.3844,8042.1438,4455.3153,5669.1095,11740.5087,4558.2942,9444.4287,7378.5244,5342.0381,9824.2231,12964.3202,9922.3827,7908.9573,11529.9285,6027.0309,8696.6660,1919.5816,7332.7364,9018.5479,8104.3067,11112.9088,9939.8168,7285.3246,13318.4053,8951.4534,5785.8903,13715.3630,0.0000,13441.9628,8149.6116,10400.4442,4848.3824,13394.2761,1436.5436,9417.6925,12586.2442,13732.6709,11521.2534,11386.1252,13102.6149,11809.2017,9960.0101,3792.4020,11282.1007,10936.1178,11778.7154,784.0019,13699.1048,12877.9991,2502.9014,384921.5029,414958.4497,405049.3362,394645.6670,401079.4019,404026.7037,398511.2773,398050.4643,362240274.6071,362301945.7998,362277519.6120,362271198.1326,13102.9040,4718.2031,10391.1327,12210.1606,8637.6092,6752.9865,7059.9364,13823.6885,11336.8351,8466.6358,9783.2499,9814.8578,8786.6118,11701.7265,12517.1891,9076.6442,12942.6628,6189.6870,8806.2361,1514.0902,11347.9602,9763.1901,4339.5135,6785.5103,10335.5579,13368.0407,11141.8286,12640.4082,3456.4902,4321.5370,11774.3122,13128.4242,8467.8797,10948.8920,10003.3678,3348.8909,13127.9020,6347.2222,12094.9964,10841.7462,5519.5540,7899.6292,9309.0883,8412.3034,10947.8196,11572.3293,7057.7531,13158.8507,8164.2609,7061.9919,12995.5455,8517.4959,9832.7210,8310.2623,7501.3833,6978.6690,13460.1490,4599.4875,0.0000,2430.9556,10039.1714,10218.9823,10329.5547,4720.1673,13330.4587,12739.5050,4962.2861,3481.3565,11027.8354,10892.3163,8542.7413,9900.4418,8508.9921,11811.9249,10734.1384,4519.1488,2498.2954,12963.7525,4734.4148,496.6178,11778.3839,395708.7029,425694.7688,415943.1213,405491.2408,411961.0610,415028.8445,409344.0512,408927.1540,362252224.5207,362313895.5646,362289469.7100,362283147.9312,10785.6209,7145.5681,6008.1245,9907.6619,13709.2771,13684.7191,4417.2995,9003.7355,9141.5044,11684.9057,6993.3376,8390.6254,6426.2041,5520.8717,12775.8550,4740.9207,9914.0061,8614.0336,13515.1653,11266.5890,11880.5788,11554.9295,12257.6836,5121.7772,6134.9522,5456.9359,7775.3900,13870.2102,11118.0880,10065.0718,2575.4834,7800.8405,8559.8467,6952.1038,13191.2118,669.3415,9817.4269,3026.2469,9455.8059,11183.7077,10583.9253,6917.6670,11157.6996,11306.1026,3255.0686,9684.8007,2946.5310,9749.9809,9287.0460,4546.5936,8194.5085,6554.0368,10101.8321,11720.8712,9456.5860,7503.8487,12594.7563,0.0000,13621.0623,11447.0204,6780.3190,7541.0602,13872.1000,4611.6981,8623.9729,13733.5488,13469.6777,8788.2797,11509.5550,12541.6017,8705.5094,7559.5727,8203.0277,11794.5156,12781.8905,12524.3686,5335.9688,12908.7875,12968.9403,6498.5745,386762.0855,416724.3760,406764.4259,396296.9431,402831.9733,405773.9642,400252.7939,399773.3493,362239729.1045,362301400.3964,362276974.2218,362270652.5509,9169.0726,10387.7141,8972.3162,10484.5968,10686.8621,12908.3746,11181.8027,7586.9879,12064.3356,6544.2882,7582.4847,9638.1522,11608.8003,12067.5803,11925.2572,2017.4491,5975.3344,5929.3921,13375.7077,11329.7274,2717.6104,7713.7077,6763.2256,13127.0438,8086.2483,12189.7403,7833.0080,697.7181,13247.1812,11441.8863,4351.7341,9805.8556,6741.4117,5922.1074,11030.8708,2462.3668,9624.5230,10382.4885,3773.4020,8541.2015,6324.7401,8390.4430,13056.7898,8360.3846,3749.9872,11094.1001,6261.8738,3015.3009,11911.0742,6354.2634,7255.4658,6994.7172,9526.7422,3154.3198,13553.4243,7131.2734,0.0000,6865.5650,11322.2317,8359.4468,7838.0754,8880.4880,11869.8594,13565.1584,8872.2706,7431.3062,11407.8191,13106.5538,11389.3908,9634.8475,5054.4366,11005.3357,13080.6016,6042.2516,3533.4832,11441.3654,7907.6881,4337.5748,9844.7350,392314.4395,422233.2928,412484.5854,401975.4482,408526.3273,411623.4395,405888.5515,405469.5880,362248453.2009,362310124.1028,362285698.4929,362279376.5503,11390.1087,3490.2276,11453.2190,11873.0841,8915.3679,12781.9089,2754.3443,8312.3130,10254.9454,2145.4620,11475.1499,3840.5503,11077.1017,4800.3904,9709.7725,11235.4172,11148.3368,11008.4850,13619.9993,10985.0903,13317.3033,6276.8018,6995.2300,9980.0901,12292.0389,11137.7658,9652.3875,8487.7087,5633.8598,9004.9976,12696.4488,10357.6384,12223.5586,7251.6500,9959.1976,4570.2414,13179.5953,11519.0760,4322.5530,4174.2200,13367.4305,9550.4011,6820.2422,10708.8648,9431.0381,12053.9630,9792.4001,4871.5979,3442.0580,3131.6231,12516.2084,6470.0732,10100.1768,10967.2868,7722.8134,0.0000,10440.7674,13528.7253,1462.0285,11474.1069,11031.7906,10482.6349,8475.0936,11916.2251,9633.0410,4057.6034,10119.1822,9019.3582,2072.0707,5428.3481,12668.9045,10741.7173,12580.5408,11075.1237,11056.6216,8413.0624,10160.2566,11572.0822,393554.2503,423467.6297,413515.3418,403004.0909,409599.6875,412563.6079,407004.4715,406524.7453,362244968.0875,362306639.4860,362282213.3167,362275891.4548,12973.9524,12715.2592,12360.5166,6274.3534,4220.3503,12400.2916,13040.1647,4841.0593,11840.6195,1140.3889,10232.0023,12195.2489,9473.1984,8939.5758,5507.1376,12178.8850,10869.2087,8064.2853,9690.6901,8347.2424,7772.4243,9378.0646,3629.5305,3753.0484,12806.8805,10369.2351,11621.3975,7911.7220,7390.2454,2971.6137,4731.3466,10773.8295,5869.5563,8542.1984,8274.4338,4118.9128,8675.5222,13291.6799,10159.6931,6552.9013,12051.6064,6484.4525,7628.1900,3345.7972,5938.6783,8152.1417,9342.8358,11349.5679,10350.2281,5839.8246,13577.4816,8016.4951,6689.3230,13594.3780,0.0000,12947.1658,7460.8053,10984.8952,3474.4954,13014.9829,2948.5174,10386.5209,12037.8025,13408.5970,12339.0199,11837.7284,13343.5133,12440.2848,9960.7724,2804.5465,11630.6498,9839.2298,10869.8105,1804.7189,13571.7396,12222.9871,896.9353,384822.8209,414862.6004,404990.7652,394588.8261,401012.4082,403983.4747,398436.9567,397987.3585,362241031.2555,362302702.3632,362278276.2695,362271954.7790,9185.4227,9779.5180,10707.8524,13346.9239,2418.0864,6210.4974,11754.5426,2856.6031,13008.5049,6082.6134,9200.1506,7088.7079,10098.6003,12213.1465,9277.3002,10042.3375,13093.2301,10588.2351,12778.9675,8678.6699,8299.1858,11883.1020,13249.2073,8838.1451,9320.8586,7680.6121,8372.9263,10318.8134,13590.7494,11894.0297,10950.3533,9893.2310,10388.7510,7739.5828,13750.3997,11409.3560,1013.4789,6231.1200,13356.1569,8172.6907,9510.4471,11270.5846,11649.3532,12593.7931,10494.7181,7226.3823,4618.2686,5616.4540,12916.5240,3263.3704,10733.5631,11811.5599,4881.3207,0.0000,8111.3014,13179.3499,4418.7890,12775.2602,8586.8380,12290.0384,8546.5223,9895.3547,6989.8209,3608.4407,8768.4487,6510.2348,1752.1543,6970.2142,13606.7050,9391.4078,11658.8065,10044.4908,12733.6248,5496.1360,8466.8161,13067.2173,396539.0684,426479.9370,416550.4528,406060.2678,412620.6276,415588.9033,410028.1156,409556.3409,362248382.2602,362310053.6993,362285627.4652,362279305.6416,845.6176,12244.4198,10183.0125,10560.7522,5568.6488,12879.8238,10839.9380,12771.1967,11845.6317,2928.6839,12116.7480,11356.6096,12107.3610,5648.7594,6073.9280,7140.5900,9697.0729,8146.9808,13409.7157,11137.5338,13421.1407,11143.4690,3532.2611,10183.3240,7571.5657,12994.3239,12682.4974,11480.0558,13014.4753,6736.6146,13408.9394,11329.4242,13409.4675,10622.3518,10141.1094,8746.6492,12548.7609,9489.0365,5923.2169,13784.8680,11534.4446,13408.3750,11144.7925,11834.8655,12229.7570,11622.7228,12495.6541,10717.5224,6431.7485,11698.6562,10571.1371,6432.5144,0.0000,4684.9686,7662.2849,12064.8349,12569.4606,2286.2494,12760.6755,9072.9289,2560.0494,4619.7713,9612.7993,5588.7821,4081.8127,10261.6492,12414.5981,11371.1341,5169.4030,7579.4345,8251.0742,12688.8974,5133.2555,7142.8040,12660.5972,397050.8999,427151.2837,417300.8383,406951.0349,413296.3578,416252.1698,410735.7686,410294.6891,362252767.4821,362314438.8880,362290012.4378,362283691.0299,12071.8504,9620.4093,11090.6846,6009.4526,12733.0755,11324.3134,12432.9257,12086.5783,2847.6582,12280.1704,11429.6928,11908.7179,5869.9533,5814.2887,6406.6061,9713.9323,7701.1681,13543.6415,11182.2341,13252.0291,10644.5090,3907.4804,10355.3417,7696.2140,13069.8999,12712.0753,11012.9325,12860.2331,6633.6601,13365.4461,11362.3596,13568.1904,10075.5426,10045.4460,9382.8030,12868.7613,8997.2333,6021.1177,13831.4806,11467.3448,13205.2276,10867.0442,11859.3908,12384.3882,12049.0972,12835.2375,10368.6847,7136.4041,11695.7333,10207.6474,7126.5743,0.0000,5150.8309,6953.1078,12454.1426,12288.1764,2833.6178,12454.6513,9074.4579,2481.1914,5265.3070,10051.8004,5583.1532,4661.0695,10774.2460,12706.5145,10867.4177,5036.4280,7359.7148,8341.5917,12339.8614,5868.2297,7468.1865,12305.7524,396484.1452,426596.1329,416748.5982,406409.9169,412739.1132,415691.9110,410181.7195,409742.0373,362252503.4615,362314174.8578,362289748.3949,362283427.0245,7377.6120,10923.7201,9965.4984,9398.0742,10336.3604,7213.1956,5906.9671,10534.1113,4839.1040,12230.8199,10441.3983,13774.7331,8142.8230,9883.8248,13040.4651,12056.5311,8885.3114,3759.1746,7957.7762,5587.7068,13496.4519,13063.2975,7454.9897,4119.6768,10725.8325,8341.3477,9360.3240,13428.1135,3748.8682,12053.0861,6536.1411,8567.2275,12592.1158,11386.6102,10090.9151,10955.0193,8716.2654,7296.6015,11740.1084,4017.1586,10913.4818,11730.1050,4737.9711,10778.2894,9573.8546,10824.0302,11527.8592,11766.6345,3520.2668,13088.4519,0.0000,13671.6690,9461.0975,9222.5404,9026.8109,13126.0122,3515.8691,5539.5364,12822.0987,13475.1816,8465.6987,8781.8810,11048.8561,9662.7987,10729.3336,7151.1235,8990.9838,13056.8499,13573.5189,4679.0813,12937.8774,13842.4097,7059.0766,387515.7578,417564.1603,407561.7987,397172.5275,403605.8403,406483.7843,401062.8454,400574.6449,362240604.5493,362302276.0315,362277849.5032,362271528.0947,13413.7233,11606.1244,7540.9546,13045.8638,4611.1636,11521.7563,9592.6110,10870.8142,10162.8932,7160.0347,10786.1193,8394.3263,4147.1157,9755.6270,6291.3705,10650.5819,9824.0551,7159.9957,2180.0341,10936.1263,10945.2272,10367.6897,10048.6520,9675.7762,2785.0352,7514.1165,9228.8315,8657.8354,9743.2893,10912.9358,1717.4843,8788.0459,13501.5703,12288.6742,4707.3150,10196.1077,9753.6144,8829.4039,6619.1731,6443.0975,9695.7156,10810.6279,12936.0238,12420.4058,5692.5105,12916.1783,9432.6614,5600.7057,12981.6993,0.0000,11515.5621,3479.7613,12736.3191,5810.3452,10946.6230,5177.7347,9534.1560,9598.8396,12113.9278,12580.7575,9725.9758,11643.1891,13197.4511,12036.8724,1582.8124,9221.2527,8337.4242,10307.4651,4388.6079,12543.0358,11520.2940,4302.6821,386885.5296,416996.4522,407137.0549,396800.1866,403129.7155,406078.0259,400574.4477,400131.6126,362244007.4417,362305678.6338,362281252.3412,362274931.0369,8335.0062,10450.5342,806.0358,12281.7983,6385.5063,10864.4704,7316.6882,8630.1301,11061.3517,9412.6602,11605.6322,13656.0788,9628.8196,12625.6355,6884.0439,9124.7727,10684.2039,13360.1045,9568.6273,8069.2881,9472.3173,8042.4814,8657.1169,13164.2741,10593.5955,10839.9454,9286.9884,8979.7816,6612.5287,13580.0879,10458.5061,2630.2259,4085.4065,13069.9848,10049.5681,8061.9131,9976.1854,11063.0725,11709.3612,8990.8158,7396.4808,2300.9704,3608.7338,12216.6689,5288.3633,9302.5860,12466.6524,5593.6300,0.0000,8629.6005,13666.7113,2838.7610,11791.2343,9649.2059,12034.7031,9965.2204,10746.4917,7777.7578,5281.4723,10568.6654,8523.8850,2632.1678,4827.4698,13418.6418,11101.9409,11412.0642,9443.5339,12386.5206,6582.7473,8180.8521,12403.3055,395211.0313,425113.9643,415210.8279,404688.0767,411289.5183,414290.3806,408680.0419,408214.3933,362247312.3047,362308983.6186,362284557.5794,362278235.6460,13702.9608,8535.4877,13398.6590,7938.4908,4028.0854,8404.9330,12914.9494,13725.8774,9419.2423,4900.3820,10112.0706,12356.7146,11922.2430,12442.7042,7359.8396,13628.9192,11531.8917,7722.4723,12082.3339,3263.7989,10031.0599,13362.5397,13062.9731,13815.3700,10815.7508,11322.4719,12986.5902,10984.8270,12537.1318,12845.8637,6288.9260,11120.9897,12581.7867,2553.4221,12530.8233,13384.8618,12309.2817,13423.3767,13231.2047,8579.4928,10029.0238,10564.9700,13234.4590,4063.7719,13265.5148,9247.6754,6837.8754,0.0000,8029.0411,10363.4286,9455.4905,13775.6865,6610.6144,11937.9922,5295.4281,7648.2082,7030.4300,5010.8979,3164.5733,1774.4573,6747.7305,11641.3106,12505.9440,3878.5295,11513.1408,11370.9103,12400.7283,5988.8633,9940.0894,13293.8469,397236.5956,427302.6858,417339.9747,406961.3420,413370.5243,416265.7306,410823.7576,410347.7795,362249965.1778,362311636.8211,362287210.1517,362280888.7022,9953.2734,3872.3421,10788.9003,13304.5289,10456.4528,4733.8730,1955.1746,10293.6817,13061.5522,10030.0490,6350.8200,7722.0300,5004.8049,11410.1389,1936.2681,8021.6917,11664.7157,6628.1461,13295.9299,8929.5335,2849.9973,5268.3640,198.3804,9000.8098,7261.8565,4360.6715,7667.5542,6613.8951,5465.4900,11860.1592,7435.8165,6585.3392,13591.2776,4990.6846,3543.6584,6095.2538,3662.9641,3754.5375,10339.5178,8795.4308,8117.8592,4483.4032,12775.1129,3697.4308,10441.0929,11799.1177,0.0000,11331.3702,9630.7481,9358.3189,2116.6123,12314.6427,7008.9519,12592.8951,11600.3807,11909.4093,12459.4094,13513.9621,13651.0047,11501.6559,6664.9104,6520.9527,13401.6539,8143.6427,8053.6062,6294.9403,12193.2721,9667.4192,4195.6626,386321.5861,416279.5151,406479.5753,396004.6668,402517.0819,405567.8654,399901.3094,399469.2551,362242756.1675,362304427.0785,362280001.3525,362273679.5872,11739.2177,5830.3659,11018.7182,6721.3979,8450.2185,10679.7946,9718.2551,11548.4337,13521.2560,9616.1320,12550.6799,6212.8364,8666.8258,10088.7692,12908.0695,9931.1687,8085.8500,9398.4800,7329.8441,8239.4117,12746.6160,10087.8698,10980.4433,8555.5128,8778.6678,5816.0981,13222.4540,10355.2714,3243.8071,3477.9698,12864.6892,10086.9954,7324.1828,9722.2077,10388.2087,11415.1772,8723.2281,6786.4848,1893.8285,2880.6744,11941.1629,5783.4413,9045.3451,12040.0279,6185.6097,0.0000,9037.6984,13492.3520,2049.7368,11316.4041,10016.2625,11427.7337,9718.1990,11001.7901,8259.1572,5201.9104,10598.0440,8828.3482,2601.7522,4376.9768,12979.4110,11129.8534,11460.5279,9581.6151,11803.0077,7120.5652,8501.7288,11865.7606,394451.7414,424354.0162,414445.1721,403922.3086,410525.1622,413522.6255,407916.7848,407449.4394,362246533.6868,362308204.9954,362283778.9570,362277457.0312,10690.2080,12510.3999,10015.5102,8078.2583,4459.1559,11735.1449,11460.9292,8228.9897,8882.0558,7826.7222,7391.3593,10126.6999,2910.4633,4617.5327,12556.8514,9605.1895,12223.7546,8428.9382,6550.2062,2660.1991,3755.5595,10226.8202,6388.6636,7656.8028,8421.5219,4081.0451,7806.7532,13263.4042,9854.4995,6023.7899,12571.5402,6319.3831,6670.6966,4042.7813,4984.1177,7251.7386,9886.6659,11089.8990,10168.4833,4988.8081,13638.6117,7095.8812,7664.7504,13379.0812,0.0000,12629.6002,7652.8902,10955.2956,2365.7453,12885.1040,4008.1082,11122.1984,11881.7464,13172.6833,12688.0327,12360.2193,13582.8277,12562.1112,9505.5307,3196.3622,12138.4440,9234.3973,10191.0937,2923.7690,13421.7462,11695.0691,357.3753,384860.6751,414887.4667,405039.7723,394625.8865,401061.4227,404053.7843,398476.7167,398033.7005,362241408.8909,362303079.9336,362278653.9363,362272332.3967,10558.1255,1165.3655,11698.8758,11938.2360,12906.1452,9356.3067,12825.9982,12827.9180,13809.2626,7592.5223,3506.7579,9905.5228,10460.9368,12537.3948,11980.8831,6622.3368,3086.9761,10536.3098,11986.2674,10836.6419,13589.5951,5325.8810,11788.3760,4311.6985,12342.8748,13008.8575,7020.7659,6931.9766,13452.7707,8228.6930,7018.9970,12150.1576,7699.4961,12675.7469,11537.3935,1320.9951,6912.0064,5927.8170,12924.4528,8053.0203,11758.6628,8281.4090,10124.3355,0.0000,12237.5710,12639.7923,4706.6084,11477.9275,12146.2158,8425.1692,5794.1557,12720.0153,11507.0651,3774.9414,8780.5640,9197.4925,4538.0791,8128.2348,11436.2268,9451.9940,13733.5127,13015.1839,9325.2421,10362.0084,12402.4513,10694.7595,391788.7522,421753.1984,411740.5274,401277.1033,407817.7358,410720.7876,405251.7290,404756.4356,362242847.3574,362304518.8980,362280092.4660,362273770.7977,10698.4499,12689.6936,12848.7856,8149.2183,3328.3161,6970.1631,11456.2307,9480.6744,13549.0059,9179.2949,13426.2809,10053.7134,6241.7121,11863.1621,5164.4157,11774.8878,13468.9171,11402.6639,13409.9124,8936.1396,12362.8791,12627.1489,12782.8817,10480.3892,11702.2943,9058.7319,12867.4732,10291.7393,3330.6528,13535.0060,12718.9912,12469.7314,12051.6815,12985.1380,10823.2944,12064.2020,12591.5781,11573.0101,6699.9746,12876.9216,8600.6679,7977.7115,0.0000,7198.1991,7387.3856,11909.1419,12846.5512,5024.8169,11614.8304,6678.3535,5155.6832,6852.9829,8492.8206,2821.7173,3347.2467,9883.9861,13012.3518,10845.9320,2301.1922,9500.3851,10343.2306,11761.7169,6767.2120,9402.2730,12346.3747,396215.7636,426338.0479,416426.7050,406098.6113,412426.0342,415332.1676,409885.8135,409427.6546,362251002.7505,362312674.2990,362288247.6399,362281926.3354,11831.3850,11664.3610,13265.4408,9190.3255,12455.3482,12979.0234,13649.5317,7587.8289,2831.3556,9406.1166,9654.5358,12927.6789,12271.6747,6702.6021,2218.8026,10503.2605,11380.6989,10485.1984,13744.4717,4458.1350,11870.8007,4171.1624,11753.9450,13031.1191,7989.5625,7400.1778,13127.0238,8352.7621,6710.7034,12105.8575,6804.1552,12411.5215,11579.1720,212.0953,7621.8095,6472.3009,12621.1419,8869.1493,11776.5498,7443.3697,10865.3387,0.0000,12710.3086,12218.1413,5472.2931,11004.1333,12539.1991,7476.1847,5524.0036,12947.8872,12078.6507,4710.5359,8832.7040,9685.7451,5613.8005,8526.7830,10725.5036,9444.6725,13779.7119,13272.4458,8444.6922,11037.9724,12846.8492,10001.8793,390773.8098,420750.0543,410732.7742,400280.1549,406806.4697,409701.9921,404245.0775,403748.9941,362242051.2739,362303722.8103,362279296.3565,362272974.7316,4142.6630,7133.5236,13596.8679,10920.0444,2728.5274,7219.5061,5987.1186,13012.4167,6435.8554,11154.2962,9021.3537,2101.8775,13652.7471,10996.2104,2724.3351,8415.0523,4926.0642,6434.2319,10191.3616,543.9826,9190.1626,9202.3687,2961.5708,9825.5513,6507.3360,7425.7988,13574.8106,7369.5506,1908.0841,9903.2443,4726.4367,1039.5425,11783.7778,7090.2249,7490.4178,5627.5836,10822.8591,1165.7237,12963.0840,8777.3078,0.0000,8270.0075,10802.1451,8782.2912,6098.2855,10018.5165,10727.8511,13674.9368,9688.5023,8937.2998,12089.0868,13568.9269,12386.7946,10483.0257,5189.5419,9759.6306,13491.0118,6102.2546,4417.5712,10177.2266,9431.8104,5901.6664,8318.4697,390311.7010,420235.8567,410488.4823,399984.4724,406527.8830,409624.4014,403891.3848,403473.1535,362246840.7922,362308511.6493,362284086.0673,362277764.1549,9153.5464,12942.6662,9093.0823,5039.8515,6086.6524,6521.1354,12350.8119,3665.7853,8159.1180,10676.2678,5857.5992,13597.5390,10352.9318,3480.5559,4798.9673,2052.4744,7533.6760,8798.5924,3636.2156,9223.0884,5936.6857,3893.1987,12173.5863,8488.2418,5072.4621,13613.3159,6763.2178,2401.6224,7462.1535,1811.3238,3316.2230,11570.7635,9566.8366,9236.9410,2781.5888,12790.4400,3024.7141,10895.2158,11464.4706,0.0000,10424.6569,8753.2866,10425.6823,2162.6454,11444.0307,7974.1063,13109.1628,10533.7985,11212.2354,13143.3537,13449.3412,13440.1558,12221.7212,7540.4809,6368.9733,13222.7818,6534.6903,6781.9791,7103.7295,11756.6058,8710.3808,4710.7183,386959.6891,416935.9330,407169.4972,396711.0084,403193.5072,406258.4178,400576.4017,400155.0799,362244269.0198,362305939.8856,362281514.1871,362275192.4533,10572.6619,8741.1636,4983.2836,6071.6132,11223.7166,13370.8297,11549.9902,12203.5157,2325.2107,5464.1523,11403.6025,13511.7858,9320.2466,10674.2233,10471.6446,2586.0169,13471.6692,7194.6917,12766.4678,10357.2928,5904.6529,8568.8619,10379.0617,7879.3530,10374.3426,12264.6984,7676.2983,13327.0249,8254.2499,7908.7111,13324.6110,9618.2402,10827.8489,8201.5185,7695.8690,7758.6583,13027.3779,5139.8350,0.0000,1887.8066,9089.8223,11105.7832,10509.9052,3685.0052,13272.0374,12438.6771,3597.6894,3321.7852,11315.5856,10221.9665,8059.6668,10536.8538,9650.1855,11438.2134,9954.8023,3937.4274,3074.2162,12877.1898,4848.5684,2009.5915,11769.4495,395821.8225,425838.5178,416085.1485,405660.5160,412092.1133,415146.2711,409484.9185,409068.8953,362252704.9141,362314375.9914,362289950.0492,362283628.3589,6839.1039,12828.7520,10464.1418,13280.1271,7029.4749,12711.5571,8202.6998,9044.0250,13249.0292,3599.0478,10199.2083,13737.4365,10614.5350,13124.3838,10885.0571,10736.0112,13469.1828,11854.8026,9711.2242,12793.8165,10229.9441,13083.1949,10611.0462,2535.3366,12767.2485,13367.6013,10766.2998,12347.3088,13649.1167,9296.6037,12624.4372,12655.8544,11832.2752,8368.2127,13554.3727,5841.4938,10218.6634,0.0000,9871.3205,7013.2604,11893.8220,12395.6147,8009.9348,9649.9631,4274.2618,7832.4456,9548.8894,8212.1489,1817.7572,5417.6018,10156.4630,13434.1920,9588.9004,1291.5468,11098.6509,12164.0340,10007.8865,9241.5641,11614.2096,11241.3579,393911.1459,424048.3009,414084.4692,403773.2126,410088.2780,412952.9689,407564.8339,407091.8026,362248075.1701,362309746.7995,362285320.0026,362278998.7886,9537.7933,5003.6543,12770.9186,11089.9435,10228.5945,5767.4947,8354.9339,10935.4487,9713.0448,12288.3153,11413.5391,6043.1103,10075.7738,7379.0477,11510.6325,10571.9191,13099.9112,4619.9631,8911.3183,13010.6367,13594.6998,4824.1970,8773.6700,12374.3717,9910.2737,10085.3806,7795.0901,10834.6008,12463.2512,13688.9951,13722.9995,6872.6170,11674.9778,10528.2395,7338.8274,11550.2276,0.0000,9329.0631,684.1258,13817.3975,8616.7571,8195.3393,8760.2749,9702.5791,6560.3247,10035.5565,12652.3107,8114.4532,9658.7361,13426.3810,13266.6286,5639.9087,7338.0532,6838.6237,9293.7355,8220.0893,10756.4985,10098.6041,7993.8993,390346.5140,420491.4016,410658.3245,400353.0805,406633.0286,409582.3468,404083.5765,403649.8754,362247994.4788,362309665.7256,362285239.3362,362278918.0992,5294.8231,8312.9230,13685.3624,8058.5105,11159.1932,7081.1934,2075.7669,13435.9929,12421.3954,5207.0578,8375.0390,6534.9483,3888.8081,11701.5803,2638.1030,11041.3822,8743.0336,1444.2762,10138.6564,8503.6108,6183.3824,12971.0217,9484.7431,3020.8115,11169.6065,4563.2148,3425.0014,12961.2121,8631.6894,9345.2168,5066.5328,10473.1381,3171.7033,13056.0804,8075.2449,0.0000,6499.2002,9557.1130,10338.9893,6963.5812,8235.0432,11558.1423,13745.8848,7660.4064,7513.6917,12609.6420,12848.2533,11511.8322,11303.9744,7316.0635,9723.8372,12624.3007,3624.8460,2003.2476,10916.2150,8442.9547,4197.1225,9041.7704,391630.5952,421594.6030,411871.2570,401402.2302,407891.2029,410986.9223,405261.8699,404852.5148,362249037.0359,362310707.9026,362286282.2557,362279960.4347,11127.6027,13285.1579,8835.9228,8293.1319,7061.7687,7158.7519,12414.9030,13147.2122,8493.0922,5836.2883,7822.7491,3698.6183,12146.3815,6840.3834,12858.8990,5289.1512,4534.9514,12461.5274,11935.7705,2138.7441,11573.9234,11400.8642,6146.7796,10785.1405,4385.6298,7294.0518,13635.5696,12120.6614,12462.8538,3613.5842,11757.4832,6893.1566,10732.0307,10261.2576,0.0000,7536.4548,5072.1669,13070.7341,6763.2903,7761.4624,10239.2797,12596.6611,6113.8649,8735.2659,13630.6340,11130.7816,11073.0405,13377.6921,11117.9668,6865.7477,10556.9102,2498.0184,5332.1244,9405.4244,9887.0994,7047.0790,7787.0597,390420.2337,420490.7166,410748.4564,400375.1254,406732.6848,409772.7649,404140.3850,403730.2895,362249029.9920,362310700.9665,362286275.0141,362279953.5163,9616.7412,4836.4514,10432.4176,12266.1169,7273.1791,12147.2554,6258.3561,3841.8127,9265.1544,5072.2546,11071.1953,5636.1672,6083.5123,3784.0247,10371.6647,8279.8759,9015.6360,3088.2858,10540.1602,12932.3822,2066.2341,6460.7461,6571.5597,8007.1349,5479.3195,7476.4435,4921.3229,3621.2230,8802.0353,10821.6063,5831.8495,11139.1026,10426.6954,0.0000,11573.8462,12468.4681,5061.5314,6797.9325,12716.3384,8218.7860,11501.7543,12763.9228,11562.2355,9551.1838,13163.8633,12739.5541,8011.1023,3023.1284,9863.6874,13406.0077,10793.1409,9525.5055,8262.3009,11184.0096,10045.5615,7646.3000,388504.2775,418398.5471,408531.5913,398002.4830,404605.8022,407636.1549,401985.7653,401530.7635,362242298.3384,362303969.4018,362279543.6138,362273221.6911,10322.2553,8456.6706,12670.4521,13343.3624,4791.1991,4122.4129,11922.4109,11002.4651,11429.4070,13730.6938,5601.3142,12971.9996,6598.1342,11035.8754,13623.4060,9094.3822,9646.1340,12738.0019,6540.5880,8571.6585,13025.0345,7127.9264,12757.5182,12771.4199,2907.2016,9718.4004,8830.4518,12726.0761,9109.2406,12876.8212,5369.8050,11422.1791,0.0000,12761.4822,10873.0840,7846.8054,11454.3575,12058.2471,7021.4802,3053.8524,12293.7069,12173.6751,5294.8784,6925.8304,8799.0939,7169.5747,10584.0585,9984.9703,7500.7426,13742.8105,13785.6361,8050.0571,11243.7497,13377.3608,10014.6307,390930.5822,420964.6521,410930.9711,400530.3599,406986.5117,409847.3877,404446.6316,403948.2856,362242609.7758,362304281.4042,362279854.7516,362273533.2997,7122.0118,12654.0665,8231.1144,12781.1345,7653.4112,4236.9937,5134.0314,1802.0968,10368.0322,5715.5692,6116.4657,6717.5146,6557.3545,7211.5829,12146.1407,7608.4072,7453.1429,13301.4605,4029.2674,5412.1066,4337.5911,5109.4820,5496.4607,9264.2463,9107.3231,8072.1706,5682.1974,13085.2697,5499.8010,9355.0233,12594.4967,0.0000,12400.5152,9751.7527,9161.1994,2544.5361,13128.3524,5461.7621,11795.0881,12450.0782,12834.3279,12063.0271,13249.1568,13818.1632,11366.5262,7175.6210,5949.6237,13189.4143,9536.3083,9610.2448,4860.3701,12936.4559,11012.3654,3241.1217,385422.5963,415389.0048,405549.3679,395081.9698,401591.6941,404613.4798,398986.8241,398543.4256,362241250.4768,362302921.4635,362278495.6301,362272173.9138,12201.2714,12062.7802,9745.1607,8751.8113,10219.5334,3988.8609,7967.0117,10925.5138,7339.4312,10774.5312,10040.8649,3609.1666,10265.4486,13563.1493,12175.4253,6735.0024,9943.2417,9184.9237,9948.5401,5289.3667,7866.5605,10605.5155,9577.7851,12921.8957,12144.9994,7312.2213,13125.5902,10418.6711,3970.9780,13661.9335,0.0000,12713.4435,5137.8313,12322.2090,6489.8969,12067.3604,3496.8193,8513.0632,10955.1796,13102.0537,11980.7758,9557.8105,11898.0082,12831.2464,12154.7371,2235.8328,9193.4903,10138.7484,11774.2567,3023.6887,13269.7289,12783.9884,4275.1271,386196.6420,416304.4550,406398.6402,396059.7015,402401.6548,405320.7513,399855.4362,399398.7065,362242374.8556,362304046.1342,362279619.7411,362273298.4558,7461.1155,9973.2484,13503.6543,10905.3032,11397.0098,11831.1962,4242.4716,13729.9347,9072.4996,13168.2541,10848.6918,7858.9325,8144.8375,11231.8461,8808.8952,8704.5617,13108.4573,9498.8283,13728.9705,9745.4837,9714.1726,13016.7275,10266.3429,11459.7707,9540.1385,6562.1111,9584.1661,12428.0074,4713.3885,0.0000,1414.3626,8805.0480,11397.0820,11714.4143,1395.4378,13468.7159,11285.7606,2066.6308,2313.9931,10475.1004,8533.2467,6182.7744,10169.8916,10767.0018,11826.9560,8256.1929,5487.0340,5302.6355,13216.0757,3822.6003,3887.9383,12536.1758,397029.9656,427077.0522,417288.1227,406889.6586,413291.1558,416309.6329,410700.6612,410275.4346,362253378.4926,362315049.7069,362290623.5665,362284301.9713,13300.9515,11799.5958,4655.3679,9589.4138,6825.2131,5305.5914,11335.8928,2440.2314,10092.7500,10099.8934,3247.8339,8858.6419,6941.0697,7936.6889,13018.3329,8780.4339,3598.2563,11266.3074,5952.3862,3122.4937,12259.7914,6943.6053,7844.0675,6630.4179,9653.5690,3159.4531,13532.8327,7173.9879,0.0000,6548.6027,10947.5888,8900.4203,7764.6439,8561.0344,11940.2494,13653.8950,8449.3976,7238.9687,11705.4357,13027.4975,11333.5853,10039.3416,5695.0171,10823.9725,12953.1984,5411.8081,2894.8953,11462.0917,7856.9845,3975.1956,9799.3961,392358.4059,422287.9211,412547.8436,402048.0725,408583.9282,411682.4063,405947.5710,405531.6514,362248825.2415,362310496.1337,362286070.5183,362279748.6014,8307.2380,13507.8859,12116.4145,13366.5544,12230.7227,9575.2577,13639.3090,10019.5831,11614.9568,13619.1322,8117.2383,11445.6025,12537.9312,1948.7473,11696.9528,13805.7940,10515.3349,13435.6220,13724.3640,6861.7391,10810.1765,10763.5821,13188.6387,6682.3350,13751.9976,6692.7666,9397.7938,0.0000,10372.8468,9792.6510,9634.9924,13139.7109,8963.8378,9931.3324,2152.9190,9454.8926,9619.4465,5065.8216,2569.2210,4803.9321,7473.9533,12132.2656,11180.9620,3435.3334,12597.0704,12852.5761,10601.1447,8713.5020,11916.8730,12070.3378,394744.8619,424828.5502,414821.6192,404462.6439,410853.9110,413711.8310,408323.1415,407834.8645,362247104.9797,362308776.6829,362284349.8933,362278028.5412,9268.4348,10162.2856,8928.6123,13628.9705,2356.0739,10982.1270,2850.3427,10773.8696,12287.8172,9190.4475,6926.0560,12345.7308,9798.3046,4950.1018,11069.9340,4953.9360,11297.8747,10570.3841,2013.7922,7697.8922,6190.8014,11579.1932,10269.4899,10766.7742,7290.1858,11744.2265,0.0000,13258.6635,11950.9898,5749.0240,9503.3365,13297.4729,6018.5018,6911.6809,13456.3456,12840.8889,6639.8176,10147.8641,11128.4497,6966.8385,7916.4057,9602.7397,10610.1926,13459.3559,13039.4660,6961.7241,12005.6291,13007.7542,8448.8671,388779.5430,418745.9275,408749.1157,398286.9995,404822.3781,407736.6426,402253.1286,401762.7871,362240684.1139,362302355.5446,362277929.2153,362271607.5641,7708.3611,3012.5420,8559.1997,8174.7688,2644.9368,7321.8351,8832.3148,4925.7831,10310.0452,5510.8228,8031.6405,13784.2939,5002.7228,2818.2038,7901.7792,4950.3387,1875.6025,10413.7134,6770.7966,6451.0837,5946.3708,11616.5063,2187.7182,12026.5621,10238.7150,0.0000,10248.4146,11148.7903,7915.6509,4817.2982,11691.0254,9064.4539,13125.5627,11348.2047,10714.0694,11760.1428,13825.9739,13186.6096,10241.0089,4391.9278,8922.2968,13826.0289,8042.9083,6891.6048,8586.7359,10907.0490,8196.8544,6847.6136,388322.5482,418236.6641,408450.9252,397938.1154,404501.6702,407577.9973,401870.0249,401440.0615,362244174.2963,362305845.1859,362281419.5675,362275097.6600,5217.3348,8846.3218,8408.1823,7936.6446,10362.7029,1562.4605,7189.2774,13705.0626,11308.3057,3829.8283,12066.7013,8512.4444,6824.2132,6153.6857,4287.5131,7780.1287,11288.8634,12235.7608,11656.8958,3716.7579,13590.2729,7493.4222,7629.1449,13139.8589,0.0000,11710.1038,5460.1025,12333.6183,3281.1589,11723.7216,5398.4332,11282.4410,10408.4999,12445.2400,13358.8314,11699.7694,13001.1264,13428.5503,10828.2603,1803.5164,11286.2300,7734.5601,9411.2532,4258.1780,12960.5109,11045.8010,2473.8332,385744.8764,415812.4986,405992.2113,395615.3510,401993.1971,404986.0999,399415.6285,398982.5302,362243297.4973,362304968.5347,362280542.4839,362274221.0422,9161.7930,7221.0381,4551.5802,7693.1249,6588.1528,5632.3774,12010.8778,7555.1390,6640.4857,13675.7912,4989.3495,3719.5063,6004.6391,3747.4423,3942.4449,10365.2549,8935.5560,8225.5188,4547.2427,12925.0064,3884.2589,10417.9395,11977.3324,0.0000,11508.9552,9665.6572,9462.0990,2038.3359,12472.3372,6923.1054,12634.5837,11745.9961,12085.9283,12556.1617,13595.6167,13779.2488,11620.1071,6803.7550,6460.9987,13481.6722,8290.8796,8238.8777,6198.8623,12365.4538,9858.6553,4084.7734,386133.1284,416091.8116,406290.5672,395816.3536,402328.0484,405377.7464,399712.7716,399280.3740,362242577.3354,362304248.2456,362279822.5179,362273500.7568,13147.6181,6308.6646,12938.9493,8509.9757,4266.5042,10387.3339,10939.4614,5629.3937,11247.2788,11910.7136,6359.1847,12494.8477,6297.4885,7018.5475,13769.8429,10617.7247,11503.2906,6092.0468,9664.0866,6734.0706,12485.3158,7425.5286,0.0000,4353.5707,7656.2590,12020.4166,8868.6203,5393.6233,12307.1200,12926.8744,4308.6351,5743.7437,12614.0491,10960.4550,9620.9384,11949.9570,10058.4933,9815.7364,10542.0884,1399.3846,2557.0381,11703.0191,7151.5254,3682.5698,10254.5757,393620.5224,423652.8671,413921.9589,403513.0800,409918.3078,412980.7654,407311.6165,406903.0309,362251515.6780,362313186.6671,362288760.7835,362282439.1466,10080.6020,3408.5549,9218.6906,11317.4121,10579.7982,7310.3717,11039.2315,10832.6264,3822.4974,9917.6917,2733.2873,9833.6352,9583.7652,4266.5811,8480.9783,6905.4943,10117.2265,11575.0544,9731.3767,6874.9107,12568.7579,0.0000,13542.0087,11076.0881,7011.6474,7650.7218,13675.1961,4198.3387,8067.6088,13516.1159,13379.2063,8576.1547,11022.9617,12219.7428,8696.6522,7963.6386,7923.3628,11303.1322,12743.9868,12603.3336,5025.6647,12813.9159,13017.0999,6424.7148,386889.5912,416864.9175,406897.9250,396442.0391,402962.0745,405894.0961,400388.4155,399907.4663,362239860.5143,362301531.8365,362277105.6072,362270783.9754,9262.1497,8736.7979,2611.6539,10135.1427,6813.1201,6959.6513,13547.3034,7339.7830,1367.0271,9653.2585,4193.1574,804.9820,11818.4960,7457.2013,7771.8614,5109.1116,11047.1738,721.9807,12712.9303,9060.5278,0.0000,8396.0168,10436.3232,9052.0607,5630.3340,10060.7794,10425.5220,13614.8667,9627.8812,9113.5266,12254.1328,13512.9866,12465.2432,10743.9731,5530.8576,9319.9450,13405.1782,5866.3397,4448.6777,9828.7674,9650.7644,6094.0501,7895.4673,389935.8691,419868.1591,410121.7768,399624.8656,406157.9816,409252.0979,403523.6851,403106.1407,362246651.9418,362308322.7947,362283897.2019,362277575.3146,11224.5614,11035.6300,8447.9080,4427.4796,12191.6638,11273.8400,3011.1154,9555.7776,5739.2621,10446.8528,8779.5059,4032.1835,5604.5863,3815.4769,10973.2513,10140.4065,9066.0857,9443.7280,10949.7848,0.0000,12654.7968,12787.0415,3969.6552,8833.5381,13222.5231,7315.1994,9050.3423,13472.3035,12297.1917,7262.7860,11639.3933,11785.6589,6443.5520,5447.4336,10297.1377,12072.8406,12793.9096,11848.2297,7917.5533,11514.3064,11878.4699,8555.1048,388986.6770,418904.4651,408952.4282,398446.1672,405034.7888,407998.5519,402440.7767,401961.5266,362241174.8821,362302846.1732,362278420.0856,362272098.2715,7626.3463,13826.0976,12149.9580,3386.5888,11374.0132,9661.0290,7686.8723,7067.5988,5051.6248,8701.0404,11683.9831,12885.3217,12438.8066,4231.3486,13392.8903,8389.3707,7202.6251,13031.1302,0.0000,11340.6094,4012.3354,12965.6852,4720.0352,11073.9913,5971.9737,10899.6836,9626.6606,12101.9752,13397.6647,10920.9122,12405.5196,13692.7280,11706.6613,1763.4784,10408.6244,7440.7007,9486.7166,4953.3795,12689.1564,11006.0970,3841.4191,386489.9403,416585.1549,406762.4699,396411.0721,402753.6307,405732.8753,400185.4978,399752.8764,362244250.8261,362305921.9114,362281495.7653,362275174.4001,11051.0757,8972.6624,5065.9717,13191.7200,9209.8446,2272.8971,10473.5964,3201.6392,3234.1396,12995.5582,9349.1657,9804.5777,3721.5883,11333.0035,2836.1585,12522.9360,9193.4027,0.0000,7479.8159,8855.1591,10849.9441,5805.1145,8931.5488,10778.3728,13745.2889,8092.7334,8533.0954,13111.2538,13011.2217,12090.3696,11973.7316,7808.5105,8655.6884,12729.3127,3516.4610,3146.8822,10025.9538,9460.0418,5447.9439,7965.5768,390328.5669,420305.6740,410582.8121,400125.6965,406597.7498,409688.9197,403972.2973,403563.7430,362248107.8966,362309778.7433,362285353.0887,362279031.3146,6507.6983,13188.0208,8382.3791,9989.4504,11069.9736,12190.7767,12465.0974,10312.0089,8122.6772,4780.2333,6048.9104,12783.7886,2792.1625,10537.7653,12300.9349,3960.3179,0.0000,7341.0731,13137.3355,5058.8385,12881.8909,7952.6058,12791.8693,9135.1905,9352.0866,6179.8364,4463.2082,8933.8306,6311.3145,2748.7735,7063.9421,13810.6875,9497.9579,11182.7846,9455.9586,13156.2802,4672.5813,7725.9510,13326.6273,397086.4673,427028.0345,417117.2477,406626.7142,413183.5578,416164.1008,410587.0035,410120.8032,362249271.9171,362310943.3256,362286517.1310,362280195.2939,11864.5301,12182.5736,4718.4322,7676.2174,8833.9105,9651.0653,6491.2799,7363.1439,1929.2657,1150.8940,10395.7301,8753.2322,6892.6628,12195.6432,8366.0503,0.0000,10325.4104,13430.5819,2799.5431,9167.5331,11624.0642,10267.5017,11256.6249,12135.0363,10005.4006,7905.7774,12550.6524,11352.6986,5740.3231,1446.4188,11829.2605,12927.5218,11053.4636,9188.3453,10459.2932,9337.2152,8962.1889,10064.3097,391460.8682,421337.6716,411462.7299,400918.5517,407545.0292,410575.6236,404921.8055,404463.4765,362244390.7629,362306061.9008,362281636.0764,362275314.0869,11944.8682,10490.0582,5961.4355,9323.2762,3410.6586,7196.5722,13084.0020,12355.3946,12368.3648,2361.2957,12695.6046,6791.1343,9726.1977,11537.7385,0.0000,9233.5847,4601.4699,13050.6112,5184.5329,9376.1738,8693.4173,12351.9510,7788.1397,10291.2531,13839.8851,11499.0112,12002.5217,13689.4406,11108.8659,5012.8352,10944.3787,4375.7563,6776.2759,7730.1655,11236.1185,8605.7735,5960.0909,388426.7558,418500.1305,408740.2339,398369.4271,404726.8974,407755.2135,402138.9738,401723.8851,362246973.2790,362308644.2491,362284218.2838,362277896.8151,12646.3501,13696.6272,11457.2510,13206.5096,13738.9032,8503.4758,11429.2541,11633.2929,12862.1334,6408.6727,13717.8659,7331.7772,8831.3242,0.0000,9296.5278,8977.2326,10626.6989,13308.2255,7569.4612,10721.4702,3789.6809,8020.7229,8612.1984,6263.5748,828.7298,3584.9904,8362.3495,12685.8678,11219.4277,1779.5436,11704.2289,12162.3004,11210.4119,7909.8800,11158.7330,12406.0231,395624.2927,425728.4533,415749.8265,405407.7025,411769.0750,414637.5874,409238.2157,408759.2557,362248759.3820,362310431.0582,362286004.2743,362279682.9589,7385.8640,4738.2399,8238.0483,6706.9813,6558.5126,6427.0954,4848.6610,8894.0993,11553.9094,6966.1476,9822.5546,11602.9716,0.0000,12601.8211,11990.2081,5863.9008,6365.1825,13418.1569,6546.6969,10712.3883,13316.6339,12590.3191,9615.0607,12846.3350,13030.0921,8599.0299,4967.8323,8838.1946,13078.8764,11498.6994,10716.4266,6719.0305,12185.5959,11346.2358,6543.8155,387177.3869,417095.2671,407198.1942,396690.0254,403269.6995,406271.3925,400663.1380,400200.3432,362240842.5147,362302513.6348,362278087.7339,362271765.9018,9127.5039,2928.6911,1398.8687,12040.1400,8472.5685,8578.4717,3916.5256,11812.3858,940.8138,12241.0734,9983.6383,0.0000,9002.3986,9718.7966,9838.2879,4506.9570,10451.6113,9774.2272,13647.3951,9775.7982,9818.6168,12831.6367,13595.1435,12896.1601,11539.9768,6481.5401,8322.7875,13417.3193,5632.3950,4947.6817,9053.3436,10436.1830,6881.9520,6908.5321,388881.2172,418831.2578,409087.8823,398606.6801,405116.9071,408206.3189,402487.2907,402071.5022,362246055.6110,362307726.4476,362283300.8377,362276979.0067,8341.6221,9156.6515,6637.5815,10101.6676,8717.3276,8480.0034,12843.3296,9187.3251,6153.0991,13464.6229,0.0000,13709.5015,9548.9439,9105.1070,5821.5310,13765.2472,1988.4649,8973.5883,13215.6640,13823.5801,10515.7646,11450.2348,12997.9353,10718.7421,9092.7792,5607.5723,11506.8964,11834.5339,12242.3025,2496.1790,13573.5038,13104.1885,4024.0690,385309.5059,415317.9409,405383.2894,394955.0674,401428.9139,404370.4268,398857.7612,398388.0365,362239670.6604,362301341.8968,362276915.7052,362270594.1573,4215.7925,12338.0875,10473.3304,10356.4282,1082.7236,12705.3530,3805.9057,10783.9541,11260.9024,0.0000,9671.6500,7508.5081,11397.3706,2989.1544,10535.9311,8454.4032,13101.6984,9395.5730,10621.8565,13514.5085,12949.0134,12972.7953,12782.8940,8700.1338,5956.3178,12608.2346,5129.9689,6062.0298,7501.6233,11375.5714,8160.3439,5131.5715,387591.0915,417596.8194,407845.6310,397413.5854,403855.6710,406918.1700,401244.5718,400829.0706,362245535.2969,362307206.1684,362282780.4206,362276458.7590,11514.4327,7331.4555,7463.9337,5202.4218,11349.3371,466.3762,12568.3669,9527.1969,0.0000,9047.0983,10653.0149,8818.6898,5232.8945,10649.4850,10037.0080,13584.0071,10223.1059,9700.8324,12243.0804,13721.6210,12809.4004,10721.7991,5220.9726,9153.7716,13639.0342,6520.3579,5229.5414,9451.3260,10144.5370,6802.7013,7512.8206,389322.4432,419248.4673,409493.8487,398991.5065,405533.9867,408625.4587,402899.4872,402479.2448,362245863.2813,362307534.1335,362283108.5468,362276786.6505,7638.7435,6446.1848,12554.1933,9026.9091,11712.3945,7417.5742,10978.3645,0.0000,12796.8299,12215.5189,5491.0450,10889.2923,12644.0656,7340.7764,5647.2587,13029.3040,12183.9468,4906.2711,8971.2546,9847.1546,5749.2634,8484.5635,10637.0043,9570.0783,13785.3213,13286.2714,8313.5130,11160.3630,12897.0711,9875.4629,390571.0374,420546.1846,410529.7479,400076.1740,406603.6696,409500.2707,404041.7468,403545.8732,362241883.8155,362303555.3439,362279128.8996,362272807.2725,1920.1328,11134.1946,7214.1116,7702.9614,12602.3278,6837.4336,0.0000,9274.2351,13616.3151,2441.5433,10388.3903,10590.3832,11328.1715,10964.4448,11378.1743,8748.8445,6942.7041,11856.3099,10167.4411,4461.6522,2608.6775,12696.6814,12288.1634,10973.0939,8900.2549,11562.1001,7900.2653,8167.0221,11265.9733,393371.0611,423253.0984,413375.2978,402834.9578,409456.4157,412482.6121,406835.3141,406376.2979,362246020.3630,362307691.5569,362283265.6749,362276943.6854,11033.2873,8349.3500,7843.2557,11803.6568,8405.0463,0.0000,10605.7365,13560.3927,1707.6666,9727.1608,11718.8716,10127.5651,10541.5346,12316.9552,10152.4164,6993.7863,12055.3937,10951.1822,4872.5757,2578.4866,12010.4775,12501.3143,11660.2455,9905.5387,10451.1353,9322.1385,9512.8737,10351.7143,391743.6564,421625.8508,411725.4911,401186.4817,407810.8646,410822.2857,405194.8509,404729.2029,362244147.9002,362305819.1083,362281393.1957,362275071.2327,12798.0074,4790.3286,10357.1305,11451.7974,0.0000,9623.4033,6581.5899,11964.2859,3371.7512,10267.4632,8336.6137,12867.6034,8973.5231,10617.8053,13670.7292,12543.5735,12756.7335,13134.9618,9513.2397,5364.9638,12135.2557,4837.6018,6303.8589,7341.5129,11434.8316,8370.3389,5065.1639,387633.8874,417661.9964,407908.4575,397496.4858,403910.6782,406962.4327,401307.0373,400891.8472,362245822.4713,362307493.3684,362283067.5554,362276745.9583,11471.5707,11649.0919,3380.9586,0.0000,6129.8379,11915.9118,7379.9401,13399.8531,5976.6627,13022.0465,8213.3663,7555.1596,4791.6607,4836.9399,6906.2159,3689.1790,4692.1318,9146.9155,13535.6631,7418.6160,10589.1120,9404.1827,13349.3536,3172.1392,7500.3873,13637.4531,398099.8653,428094.7284,418182.6206,407737.8254,414229.7564,417188.2737,411649.3890,411185.2113,362250844.8471,362312516.3284,362288089.9724,362281768.2792,12486.1198,9625.7008,0.0000,8966.8513,10347.6588,9163.5578,5021.0373,10533.3722,9988.6793,13616.2343,10028.2227,9680.4139,12436.7194,13672.6416,12812.1906,10986.6494,5643.3499,8909.6124,13557.8093,6171.2383,5039.4394,9358.1754,10190.1084,6744.7407,7349.3382,389231.3449,419165.1304,409415.2750,398919.7410,405451.5992,408543.1344,402818.4357,402399.9656,362245994.1805,362307665.0263,362283239.4341,362276917.5580,13145.3284,0.0000,12957.6156,6953.7499,11429.8802,9486.5929,11901.1582,4594.4907,5071.2478,11280.5037,12914.9902,9620.0632,7083.3515,10107.2871,11191.6917,12597.7354,6070.8615,6974.3290,12094.6855,13290.7724,5218.6128,12645.4357,13603.9601,7391.9477,388306.5269,418419.8300,408436.6461,398105.5496,404452.8093,407316.3125,401926.0010,401446.3843,362242562.3487,362304233.8631,362279807.1988,362273485.9611,0.0000,3683.2034,11827.9229,8058.4668,12569.7942,4844.3984,13766.6479,10738.8014,6404.5627,2479.0658,7632.1216,9098.5445,5812.7801,6512.7008,8233.8963,13520.0412,9323.6071,8526.5017,6758.0679,13813.6070,1394.8047,4525.9182,13431.2943,398007.0369,427979.4935,418142.2142,407676.4372,414182.7278,417199.9803,411579.2276,411136.2512,362252117.1331,362313788.4170,362289362.3264,362283040.5296,0.0000,0.0000,0.0000,0.0000,0.0000,0.0000,0.0000,0.0000,0.0000,0.0000,0.0000,0.0000,0.0000,0.0000,0.0000,0.0000,0.0000,0.0000,0.0000,0.0000,0.0000,0.0000,0.0000,0.0000,0.0000,0.0000,0.0000,0.0000,0.0000,0.0000,0.0000,0.0000,0.0000,0.0000,9716.6803,10608.4680,11632.1468,2472.0868,13654.4252,11650.8262,3408.0874,1486.0056,10177.2500,9233.0374,6570.1667,9519.7653,9815.1243,12254.8891,9074.1356,5657.3306,4684.4670,13420.5822,3126.5187,2779.9087,12646.9755,397156.8870,427175.5153,417391.6602,406967.4768,413404.2562,416437.7961,410803.7824,410378.7722,362253208.3142,362314879.4944,362290453.4414,362284131.7594,13690.1158,8145.8181,8676.9504,8188.0995,9634.2606,7078.2595,10412.7548,12667.8114,8338.9321,10000.4146,13432.2872,13111.1119,4984.1991,7597.4274,7027.7118,9452.9332,7615.4013,11089.0664,10351.4462,7406.4363,389716.0533,419857.8153,410020.7685,399712.6400,405997.4255,408945.7672,403447.7396,403012.7541,362247325.6750,362308996.9128,362284570.5349,362278249.2941,10769.1662,11463.4041,10356.9363,9503.4221,12233.3033,9948.2074,5469.3620,11133.3653,10016.9091,3350.1822,4144.8841,12474.7673,11680.7759,12292.5176,10641.2856,10834.5754,8886.5367,9940.1127,11093.3185,392729.7489,422624.5414,412693.7128,402166.1274,408780.5580,411766.3403,406175.0610,405700.8919,362244486.8321,362306158.1452,362281732.0982,362275410.1791,12282.6146,6166.1242,12348.2509,11282.2665,12323.9425,13115.5221,13112.6230,13708.0840,12551.6790,8495.7488,4695.8879,12875.5992,7816.0274,8512.3460,5186.0057,12742.2406,10280.5371,2634.8600,385614.6541,415614.5101,405814.0558,395376.1143,401836.2043,404870.1433,399233.2497,398802.9904,362242705.9895,362304376.9204,362279951.1003,362273629.4573,13395.7274,10421.3225,1970.7304,2599.9768,9867.4504,7392.1546,4996.1198,9893.1680,11319.5803,11945.2225,7123.1629,6520.8367,6560.3199,13239.7027,3658.4466,5113.4772,12834.4330,397464.6093,427528.1498,417712.6794,407328.7045,413714.9983,416709.3006,411135.1819,410702.8151,362253391.8368,362315063.1375,362290636.8737,362284315.3359,8330.9494,12671.2955,13826.7780,10888.2811,10596.1364,12609.7554,11481.2241,10479.8180,4338.1910,10538.0485,11604.1495,12465.2123,1233.7420,13674.5715,13349.9411,3819.1009,385364.3491,415414.1261,405475.2552,395084.1535,401506.4052,404428.1327,398949.0135,398479.9003,362240179.4717,362301850.7546,362277424.4437,362271103.0145,10650.5067,11039.1131,5592.6142,4114.2020,6759.2481,7950.0990,12010.0895,10168.2848,4717.6947,13079.1830,13464.2813,9145.1324,10202.9931,12852.1092,10952.7719,392741.5072,422822.9738,412799.4378,402440.2991,408835.5712,411683.3891,406308.0873,405814.8332,362245008.4536,362306680.1446,362282253.3567,362275932.0226,4168.2333,10904.4565,7667.0590,6206.6826,11024.6697,11711.6346,10673.5002,7187.5608,5220.8233,6124.9647,12372.3172,5376.4778,5420.7131,11808.0952,396043.3175,426126.7520,416328.6609,405963.8671,412319.8820,415317.2673,409742.9148,409316.6373,362252825.9163,362314497.1615,362290070.9177,362283749.4416,9123.8430,8662.3412,5582.7668,8497.2364,9676.1247,12852.9750,8640.4580,6987.0491,5831.9358,13723.5477,1691.2811,3680.5599,13187.4255,397915.7518,427927.8785,418117.5344,407686.8530,414137.9845,417156.8954,411540.9283,411107.7492,362253184.7702,362314856.0237,362290429.9030,362284108.2082,6987.6119,6240.2538,2759.7764,8925.3957,12904.0361,7800.7597,13122.3370,12216.5241,11609.3664,7702.3629,10961.5347,12672.1756,395370.2435,425351.8208,415354.8430,404903.8825,411423.0754,414329.4119,408858.3782,408368.4155,362246455.7376,362308127.3432,362283700.8380,362277379.1802,3869.7842,8998.3061,12982.7462,10827.8662,958.5481,11375.4662,12031.1724,11023.1387,8114.4553,11132.1695,12179.4374,395352.4791,425469.0324,415499.2567,405168.3382,411512.1088,414381.3963,408983.2342,408507.4700,362248892.8569,362310564.5168,362286137.7295,362279816.4476,7426.1668,11675.6887,12622.4190,4234.2508,10451.4501,10308.2630,12915.9159,4731.0687,8746.6633,13488.4032,397903.7085,427972.7680,418045.7608,407668.0364,414068.2957,416986.3660,411514.3194,411049.0759,362251369.5434,362313041.1209,362288614.5296,362282293.0629,6770.8821,13327.7626,9684.4131,12500.8890,11022.6250,12050.1256,7074.4641,9719.7686,12621.8563,395377.5628,425311.4444,415355.0668,404860.7123,411432.9063,414385.7644,408844.5680,408364.5046,362246703.7721,362308375.2411,362283948.9724,362277627.1550,11553.7959,13269.2546,10125.3079,8139.6309,10501.8676,9233.3901,8136.6755,9739.6629,391257.8424,421134.2701,411291.7503,400746.6635,407367.7455,410420.1391,404737.3073,404288.6035,362244922.1964,362306593.2541,362282167.5221,362275845.5161,10414.1349,8830.8852,10564.3164,3307.2871,13231.3420,11937.2224,2867.5486,385708.4911,415798.4233,405941.2095,395584.9519,401941.2592,404900.4958,399378.6597,398935.6000,362242769.0410,362304440.1809,362280013.9750,362273692.6157,10914.9548,11789.1154,10876.7671,8277.1804,11006.6314,11943.7650,395093.6114,425222.4016,415266.2163,404946.2680,411271.7911,414145.0709,408743.8159,408272.6479,362249139.3420,362310810.9747,362286384.1970,362280062.9455,3038.8526,10894.2773,8293.3214,4775.5507,9262.5494,392258.3042,422295.0179,412569.0423,402164.7840,408562.6480,411626.7665,405956.3772,405549.5051,362250509.3687,362312180.3190,362287754.4627,362281432.8467,11909.5937,6981.0996,2462.3929,10301.9772,393469.4765,423449.6637,413723.7837,403268.3591,409738.4183,412825.5132,407114.5206,406705.0708,362250783.0077,362312453.9363,362288028.2061,362281706.4177,13718.0289,12992.8032,2691.7422,385027.6396,415080.6223,405168.2625,394779.1634,401193.0152,404131.4503,398630.6430,398169.5805,362240508.7928,362302180.0094,362277753.7689,362271432.3361,4807.2960,13438.3596,398234.3607,428235.0339,418391.9812,407950.9140,414423.2839,417425.4096,411829.5787,411386.1707,362252574.8822,362314246.2094,362289820.0248,362283498.3102,11785.3610,395637.6852,425613.7475,415862.3548,405401.6806,411883.9247,414955.9120,409263.8100,408846.5352,362252031.2738,362313702.3069,362289276.4804,362282954.6734,384879.2508,414913.1553,405061.8176,394654.3497,401081.5596,404068.5847,398499.8517,398056.0738,362241441.5065,362303112.5640,362278686.5383,362272365.0205,31162.8899,23132.5775,19247.8172,18176.7293,23295.1046,16118.8147,16798.8891,361915418.2502,361977080.0179,361952661.7549,361946343.2064,13708.0487,23089.0446,16322.0275,19608.8228,17355.6597,18817.2237,361888346.1756,361950006.9919,361925589.8839,361919271.0411,12836.8542,5214.7167,8498.3286,7592.7592,7088.6111,361892504.4174,361954166.0032,361929748.0253,361923429.3138,12233.2758,17964.6415,9074.4959,8197.7698,361900188.5507,361961850.1872,361937432.4742,361931113.2368,8103.6535,4361.6934,4226.3389,361897331.9870,361958993.6419,361934575.5189,361928256.9303,12233.2758,10830.1815,361892758.9288,361954420.9524,361930002.2331,361923684.0054,2751.1071,361899942.6691,361961604.2064,361937186.3356,361930867.5290,361899035.3035,361960696.9956,361936278.9472,361929960.1715,65766.5687,39768.4950,32117.7479,40728.3505,36927.1096,23456.6694,
36000.000,8085.0206,8642.0152,13190.1779,13526.0979,12190.4808,13057.1433,12000.4283,8426.8485,12920.7868,12277.2588,12161.8739,12877.7677,7048.3547,2095.9509,7559.9481,13022.1942,10296.1452,11130.5840,7582.4663,4524.9942,5705.5726,11961.8795,6070.5109,12276.5326,12643.3856,8764.7853,11580.5348,5771.9660,10822.8900,11346.2949,4623.1290,11409.2337,2158.2248,9445.2530,9205.8612,5800.5282,12654.3935,12081.5043,12724.3385,12984.1254,11256.6478,11391.2458,3691.2812,6521.0597,11348.0148,11688.9607,11802.9296,11744.0523,8539.6989,9388.1910,5812.7209,11739.7180,12069.5230,10088.3421,9120.2927,8741.4874,3640.9830,13124.4665,12662.2222,5273.4655,2490.0546,13749.2111,11613.8765,9713.2642,7826.5986,10287.5135,12870.5104,10085.6647,3393.0124,2676.6214,5257.8377,10156.0690,8763.2201,10756.0274,13496.7546,8448.7486,0.0000,11181.0583,13371.4769,5529.6561,9819.7034,9734.7796,10118.9101,8335.1194,9790.9936,10429.9718,8009.4636,10368.8364,10841.3942,2726.2113,1500.0413,12444.8032,11346.6100,10107.4993,11292.5371,10905.3697,9817.5309,11127.1023,12330.3668,385345.9728,417428.7766,404983.3552,395161.9570,404229.8362,404756.0241,403405.1187,401949.9042,362247168.2518,362309019.0530,362279167.8373,362279112.0201,7818.5323,9524.2625,10139.3517,6973.4098,12218.1959,5776.8223,7986.2651,7591.1413,11386.4213,7062.8615,7454.4213,8532.2469,6680.1547,6380.9171,7902.8582,13667.1950,10985.5257,12918.0870,7876.3881,6717.4856,11787.2212,3251.5776,6224.3046,6934.6843,8314.8883,11657.8305,9860.9374,4649.0024,13326.5345,6819.4209,13024.5313,8345.9014,4988.1768,7689.1955,9166.5265,13404.3012,8347.7046,7112.6613,10959.0129,13323.3681,12277.7375,10728.0256,5999.2216,13025.2837,12111.0826,6739.7960,10307.1718,802.1367,8937.8643,11911.2836,13528.9385,13445.8822,11750.6313,9641.4374,13262.4822,10665.6625,12401.4582,13169.5697,7139.7430,9323.7690,12225.5348,5093.9959,12053.5132,12733.1647,11125.2645,13244.0570,13705.0727,8950.8818,7444.9397,9796.1359,13168.9662,1940.9958,13786.6065,12512.9353,8258.0174,0.0000,6096.4864,11403.3860,8734.6646,13531.1059,8404.7143,11360.3655,2402.9403,9698.3380,5468.3586,4730.8328,3267.1679,4222.4122,7529.2522,9190.9172,12435.3818,4770.3018,12014.7679,12549.6677,11753.0646,3747.7934,7699.4282,12134.7111,384879.9246,416792.0811,404319.8245,394396.6011,403558.6337,404215.6725,402855.0634,401367.7344,362244307.7750,362306158.5029,362276307.6899,362276251.4798,7708.6988,9626.7668,11287.9082,8626.8537,8296.6998,392.4792,9065.0986,6481.0186,11419.0926,9704.5531,2355.3916,9161.9630,11917.3540,8916.8285,10366.5511,13799.1134,10070.3922,11395.6949,3422.1620,6594.6681,5821.5273,9658.6310,9764.8736,615.2154,6490.4098,5002.9751,6250.8572,9213.6389,10902.4632,13419.9161,7026.2578,11333.9015,831.7853,12307.5626,10616.1884,12541.4424,9484.7921,13063.7354,13092.6761,13751.5379,9718.4449,3080.9661,8248.2882,6781.6022,11577.5759,13596.9470,7412.3471,1551.6156,11036.2976,12760.0536,9696.5969,13761.2542,2432.2078,11313.6873,8937.8332,8947.8736,12817.2160,11457.7703,7589.2947,10872.7235,8064.6568,6164.0339,12057.5715,4603.0839,10910.1684,11376.9414,6329.6609,10171.4227,5417.8090,12862.3737,6410.2429,11571.1383,10020.0035,12936.6178,0.0000,11532.4377,8736.3337,4102.7729,12205.0792,13158.5076,4929.0990,5752.1042,13425.1663,11480.0843,3452.1795,9247.6744,6963.3444,10245.7964,9250.0172,7959.9639,9747.0287,13710.2017,13666.8322,5756.6916,10276.5156,12667.4195,7424.9500,389202.6894,421141.0563,408841.9828,398891.8387,408045.1436,408752.6770,407251.0265,405806.8808,362251352.2701,362313202.8611,362283352.2423,362283296.0024,2661.2516,7330.2486,4593.7543,4880.6313,7960.7957,3596.4653,4450.1805,7492.7658,4474.1399,9346.8667,12988.6514,12181.7543,3109.7146,10423.4283,11151.1966,12288.5277,13523.7859,10109.5535,5409.6016,10202.7431,5634.2161,5058.0461,7670.7673,5639.6159,10951.7641,5649.3550,8427.7654,13009.5441,11030.7938,12497.8049,10334.0407,7030.1526,13615.1542,7528.6204,8725.1790,4548.1845,8365.7868,11013.8400,11117.5702,13359.9535,9577.9524,7886.1606,6203.3660,8137.8343,10284.4215,8930.2460,7098.4571,13377.0504,10337.7642,7868.0625,12191.8373,7620.3722,12056.5880,13113.9229,4865.8171,9171.9826,13200.5195,12730.0879,5202.9925,5448.2219,8667.0640,12980.6916,7175.9371,7278.3874,11176.1800,12095.6494,13414.7258,11271.6805,11777.6961,8161.2618,10667.9328,5072.6962,12414.5926,0.0000,8820.0134,3028.8516,10683.6957,11834.8998,11626.1305,7575.3840,8482.1107,11775.4199,9595.0078,8336.1502,8048.7173,5992.8250,13448.2932,13422.6808,5635.1466,7170.2617,12186.8324,11208.3859,6903.7050,9211.5609,9906.2213,5336.7228,394070.8428,425935.3863,413511.7547,403546.4583,412736.8862,413450.9302,412043.2573,410559.8144,362252467.7518,362314318.5443,362284467.7863,362284411.4054,6115.7585,4658.3300,5419.7875,9829.2452,3509.5187,5789.0259,6220.4355,3877.0498,10904.0531,13177.1140,11407.3003,3133.1718,9959.8426,9205.3447,12108.7558,13066.9129,11509.4765,6515.1364,11253.2129,5299.1261,4544.9214,9576.4683,6651.0494,12050.4339,7046.0259,8279.0273,12647.5797,9219.8258,13194.6803,9611.8406,9054.2521,12820.4431,6557.7501,6972.7698,4180.3567,5987.5759,9363.9956,9160.5461,13355.6515,11101.7070,8159.6816,7138.5314,6929.6651,8250.0349,9678.9327,9042.3228,12953.7610,8712.1934,7482.2445,10493.2335,9365.2118,11370.0555,13328.5204,4713.4479,7204.5469,12702.6139,13288.2619,3314.2777,6100.1262,9603.2029,12137.2156,8647.4507,6040.6277,10371.1752,12929.9872,13340.1009,12280.2149,10379.9540,9197.9567,9702.5894,4056.8259,11222.3487,0.0000,7781.1715,2922.6010,11946.7849,10767.0886,10197.5874,8919.8634,9688.5660,10166.2460,8725.8663,9971.5824,8131.8946,7086.7485,13353.4112,13582.6104,6091.3930,6948.3741,10505.2240,9314.1135,8112.1530,8858.6604,8406.6540,6080.8595,394913.2446,426795.8204,414302.1863,404365.9517,413544.1899,414213.2072,412868.8373,411372.3433,362252162.6655,362314013.5757,362284162.6142,362284106.3052,10051.2175,4283.4582,11497.0475,4152.4452,10670.7734,245.0734,3183.1256,12312.7196,10941.3919,7082.4605,4574.2710,12848.2377,7179.4510,13665.5290,10165.4362,11640.4511,11249.8097,9510.0604,2577.8676,2741.1424,11524.6239,11215.9349,13329.3488,6458.5461,12243.4685,9478.0017,9838.9381,12700.3531,4396.0581,10854.9972,10142.3048,10791.5711,2481.7967,3243.7850,5358.6074,10498.5102,8692.3039,13127.2801,11105.5378,12360.7661,11711.7730,964.2340,5641.3796,6816.6256,11532.3136,13008.9641,10562.1457,11752.0371,9158.2454,12051.1990,12843.0894,13410.6561,10075.9308,9280.9704,9330.7374,13100.3915,8164.7300,4515.4192,13043.6594,12499.5475,12296.7412,10222.0591,12580.7895,13054.0580,10928.1752,13337.9918,11166.2555,7128.8031,12157.0859,9335.3800,7308.4663,0.0000,1965.7776,8672.7237,12821.2058,12183.7747,6024.9137,12523.8222,8005.4222,7047.1541,3149.4780,9708.5822,4017.4062,5773.0767,10943.0174,12569.9013,11090.3397,2691.0966,9479.7390,9182.3648,12200.5748,3865.7582,3407.8019,11050.3611,390053.6998,421934.1897,409339.9389,399431.9130,408604.2705,409229.6376,407971.1430,406452.0019,362246196.0113,362308046.9723,362278195.8928,362278139.6528,8859.5393,8689.9349,7523.0342,2568.9937,10121.8781,8080.8345,9355.9822,13440.6742,13369.1395,7099.9466,6792.5290,10798.8386,9536.1673,13745.7014,10859.6544,2730.3839,12100.6394,9237.6310,8653.3920,8285.5391,2863.9034,10000.3363,9331.9030,4392.1022,13593.0088,8966.6041,12235.4911,12481.5801,8265.4537,13410.4575,3562.4906,10437.8448,8268.1096,8546.3137,8547.9462,9798.8131,11968.3218,10819.4297,4002.6928,3118.2144,10671.3428,10574.1359,11806.1174,7437.4953,11443.5476,7560.4227,3622.0600,11092.4655,7221.0304,9142.7374,11722.7315,419.9904,6852.3901,13782.6290,11997.4483,3510.5369,9344.3071,6039.1115,10671.8720,5523.6432,3649.4332,7839.9695,11563.0976,13644.8428,10324.7366,9312.7073,11118.3334,7234.3722,1901.1959,13031.4191,0.0000,11295.8631,1850.7200,10391.6361,8918.4652,12461.3212,5646.2950,11230.1421,11896.5408,11960.9774,10486.6328,11281.6623,9707.6355,13651.0875,12797.7484,1631.4370,10536.1348,10884.0941,9620.7505,4492.0800,11925.4361,11538.1717,1874.6734,396770.5666,428714.8178,416296.7942,406377.5970,415526.6516,416178.9282,414780.8302,413310.5132,362255858.1291,362317709.0051,362287858.0056,362287801.7983,8599.2525,2100.8402,8533.6687,4513.2862,2302.6805,9935.3962,11077.7525,9291.6688,2441.1248,12934.2647,10448.5240,13759.1764,11532.7263,9461.0126,9318.1194,7750.0060,1776.1907,2034.5125,8599.5918,9385.9619,11695.5325,2631.8115,11695.0640,10712.5052,12027.1051,11826.8565,6704.4614,7684.1798,12017.2374,10873.8329,6557.3842,1882.0392,8360.6728,12350.6067,11410.6273,13325.8478,8642.5056,11334.0229,9955.7454,4931.5111,9228.4232,5167.3265,8610.3003,13744.4289,12128.3851,11337.9132,11904.0238,9431.6800,13563.3627,13239.4085,9059.8927,11008.4287,10849.5012,12433.0734,8410.1578,762.3297,11424.0447,13706.3826,10032.5496,10512.9280,13228.2162,11911.9639,11561.1480,11855.7764,12882.5019,4756.4320,12893.0018,8932.4857,10147.8605,0.0000,5321.3939,7400.7642,10936.5521,13354.1504,9350.3691,10409.1140,5508.0099,10271.6427,5928.4157,6789.2007,3546.4279,2189.2118,11611.7289,12635.4057,9703.3138,2723.4036,12103.1574,11719.6165,10209.9723,5101.6792,7255.5825,9416.4495,389804.2663,421647.3689,409169.6297,399206.7276,408405.0563,409112.9274,407747.0889,406248.3632,362247595.2341,362309446.0147,362279595.2747,362279538.8898,9346.4389,6552.1842,11622.1487,9971.1701,1977.7507,9026.9889,11939.5013,9197.4960,10179.2310,13810.2367,9798.1216,11291.8202,3241.0927,6603.3211,5878.1076,9926.9323,10032.0696,520.4915,6476.6856,4632.7662,6580.3864,9087.4455,10829.1464,13357.5518,6758.6609,11459.4377,1205.0915,12199.0259,10580.5026,12688.8712,9758.5650,13161.3222,13007.3358,13722.6232,9445.2135,3033.1459,8127.0722,6739.5916,11768.3716,13658.3614,7611.5687,1543.4283,10788.9194,12683.8515,9614.3543,13702.0612,2246.5416,11099.8317,8640.2368,9002.6077,12803.6034,11393.5885,7294.1037,10969.7516,8367.9004,5943.7929,11852.9182,4479.2478,10898.2747,11196.7968,6018.1394,10033.7998,5056.5744,12735.8726,6642.1414,11421.0745,10089.6117,12937.6023,0.0000,11709.3427,8873.6758,3752.6039,12037.0183,13200.6164,4770.6005,5968.2644,13429.3510,11636.6925,3655.0965,9479.8099,7275.5125,10107.0949,9008.1243,7961.5302,9994.4605,13640.7419,13621.9111,5660.3324,10454.1097,12788.5081,7438.8956,389197.1962,421143.7143,408846.4442,398900.9782,408049.8452,408751.4120,407249.7411,405807.2415,362251475.6959,362313326.2893,362283475.6527,362283419.4315,7688.3594,4361.2199,1013.7060,10652.3640,12154.8168,10069.0603,506.6034,12178.7659,9834.8899,13528.3512,12295.3555,10583.6359,8514.6932,9358.8740,2174.0163,1535.0125,9241.0049,8624.0358,12234.6277,4366.0640,10765.6431,11608.8213,11068.3206,12726.2798,7608.8369,8424.3731,12469.6011,9540.5275,6118.7233,996.7922,7116.5724,11386.9866,10551.7088,13704.4981,9895.1782,10494.4301,9188.3654,5029.1833,8567.7149,7046.1046,9026.3944,13785.7717,11028.2314,10222.3956,11396.1910,9704.3025,13074.5957,13663.2550,7681.3273,9678.2185,11685.7773,13148.5391,6658.6556,2853.4726,11112.4004,13409.8617,9816.9520,9091.1675,12483.2818,12695.3584,12491.1860,12423.8039,12146.2002,6636.1219,12002.5901,7343.3373,10488.7946,0.0000,5759.3189,5876.4848,11705.7656,12664.9662,9484.3110,10175.7343,7317.8633,10110.0827,6652.1065,8251.2369,5191.1027,4152.8010,12526.3344,13343.0182,8626.1794,3957.6237,11551.5892,10847.0390,9729.8806,6348.8992,7267.8454,8423.7507,391833.8312,423679.5685,411186.0093,401228.7111,410425.2664,411123.6371,409772.4321,408270.5541,362249081.3127,362310932.1502,362281081.3356,362281024.9555,10779.0770,8430.9491,7415.9183,12794.0566,13587.2428,7267.3625,7536.7872,12221.8682,9592.7374,13697.0325,9136.8006,1053.3378,10802.0930,9370.3229,8924.6739,6094.9384,1429.7735,8485.7341,8292.2876,5118.0786,13450.3824,10670.4208,11115.5253,12676.7824,6105.0225,13705.8084,5592.5629,11466.4137,8492.9898,10268.6019,10210.3756,11439.2353,11602.9087,9045.3738,4109.9276,1931.4856,11276.3179,11979.6351,10910.9008,5158.1332,11583.6719,9354.9685,4920.7955,12402.8458,5018.4381,9820.3997,11134.9978,2956.8339,8934.0882,13760.2174,11022.6871,5810.3401,8879.7922,4791.3114,11338.4022,3461.7214,5874.9273,8834.3069,10312.6620,13241.3710,8904.4346,10661.7259,10042.1168,8494.1386,4401.0998,13642.0135,0.0000,11766.5118,3304.8425,8722.7992,10037.0997,13271.4602,3768.2452,9971.8979,12935.2839,12288.3319,8787.5624,10975.5758,8858.3702,13266.9523,12205.9477,2078.9728,10500.2584,12219.7320,11265.5385,2762.9169,11871.7884,12371.1020,1444.0015,395338.6262,427271.6096,414913.7238,404973.0597,414129.5139,414816.3906,413364.9021,411906.5215,362255556.6723,362317407.4381,362287556.6131,362287500.3586,3392.5643,12405.0500,10903.5627,6950.4325,4774.3741,12810.7138,6972.3599,13615.4711,10058.3586,11725.9058,11341.7227,9593.1695,2817.3773,2969.4930,11651.5240,11300.5218,13375.6744,6660.8458,12250.8055,9384.9172,9693.8630,12707.2082,4306.2122,10998.1428,10001.9660,10780.9578,2245.5603,3465.6219,5211.1671,10370.6240,8517.9007,13069.4133,11210.1676,12394.0695,11790.0195,808.2651,5423.8371,6930.7591,11660.4267,12921.3425,10455.2957,11759.0397,8972.2452,12160.9232,12762.6003,13372.9570,10137.4921,9180.1540,9221.8146,13092.8279,8182.3829,4737.9655,13098.4296,12389.0010,12391.2067,10205.5721,12510.5865,13073.7643,10860.5861,13375.5307,11037.7881,7268.9614,12086.7583,9373.8291,7125.9775,0.0000,1856.0722,8764.8563,12883.6967,12082.8247,5817.1073,12608.7842,8141.0994,6837.6375,3055.8098,9846.6008,4146.7490,5975.4288,10873.1104,12523.2013,11158.1516,2870.8970,9300.4692,9016.9047,12284.1123,3885.0648,3181.2727,11130.6729,390059.2229,421943.4531,409343.6131,399439.4480,408609.4834,409229.2822,407976.2997,406456.4752,362246146.4474,362307997.4181,362278146.3173,362278090.0890,11169.6645,11988.2073,9447.1817,1447.3219,12368.2665,9175.4370,13644.9789,11901.8104,10953.9805,9202.4500,9475.7677,1527.0999,710.0520,9896.5736,9279.1279,12622.8868,4813.1198,11130.6866,11211.3855,10731.7821,12853.1987,6893.0862,9107.6097,12017.2266,9776.5763,5201.5693,432.3554,6496.5998,11141.4458,10062.8931,13686.2500,10292.6140,10968.0964,9829.5218,4089.6121,7815.9274,6983.0176,9731.2785,13698.0181,10866.6960,10572.3329,10872.4000,10371.8061,13071.4460,13726.8252,8197.6678,9474.3665,11233.7205,13269.4122,6829.8908,2985.0789,11655.2529,13258.0231,10495.3966,9273.5538,12530.6362,12913.7432,12241.1337,12770.1599,11917.0974,6745.9366,12042.3115,7705.6058,9808.9129,0.0000,4882.3843,6458.8105,12100.2725,12573.2780,8716.4491,10822.4113,7506.8596,9413.6488,5851.5012,8676.3023,4775.4971,4429.2966,12271.4014,13287.7773,9212.9928,3373.1598,11065.1328,10409.5878,10386.7800,5734.4268,6381.6108,9062.0372,391542.4399,423392.6643,410871.9651,400924.8480,410117.6087,410800.3063,409473.2283,407965.9556,362248405.1207,362310255.9920,362280405.1153,362280348.7605,8022.2330,11696.7990,10526.5607,9431.8780,13661.4233,8458.9472,10424.8869,2473.2914,7201.5277,5977.1968,11071.3729,11202.2664,2207.6124,6961.8182,2723.8730,8038.0824,8800.1237,10110.8045,12978.3538,5163.9075,11754.6926,3155.4806,11333.1285,10643.3432,13192.7407,10982.2046,13530.2922,12550.1441,13446.6736,7867.6387,3039.8647,7961.0365,7097.8701,12465.8513,13755.1446,8330.1938,2861.0093,9394.2228,12326.5718,9528.5018,13212.9326,2653.0355,10038.7144,6958.9682,9611.8321,12759.8661,10716.0227,5577.9373,11596.7324,9682.6845,5409.9302,10720.8606,4692.3871,11044.0644,10383.9912,4239.5554,9005.0006,3143.1959,12045.6352,7559.7874,10775.9723,10678.4612,12615.7719,0.0000,12309.0077,9812.1920,1849.3268,11195.0071,13104.8845,4758.1709,6837.2028,13181.9234,12107.5595,4647.1054,10351.5231,8622.8670,9072.9077,7514.2725,8418.8769,10972.2675,13116.4724,13283.2633,5863.5944,11026.5255,13112.6416,7991.9625,388796.1732,420785.0637,408483.9949,398566.2575,407691.5273,408356.5004,406865.8651,405428.9518,362251563.4560,362313414.0724,362283563.3242,362283507.2075,5803.0510,12332.1462,11344.9206,10366.4259,9000.6761,3216.9583,6283.8785,12629.5185,5308.8821,11197.1987,11657.8523,9392.3482,12283.4823,7318.2688,10068.0115,12265.2672,2920.3551,11408.6749,3860.0488,7732.7133,9594.7285,4939.4340,13160.2560,10856.8718,11813.7793,12274.7943,11457.3345,11052.9134,5267.4925,6777.1859,12305.4297,12477.8150,10449.8873,10793.8483,7261.4072,10054.7192,6949.5684,12020.6141,12827.3290,9670.9638,10001.7648,9752.6187,5472.0752,13508.0577,12692.5634,3622.4828,4464.3239,13721.6162,10636.9144,10935.1697,8603.9762,11245.3166,13246.2700,10992.4412,5102.5559,1366.6118,6876.8512,10507.6856,7736.9807,11530.3921,13710.7529,7043.7135,0.0000,9708.5872,13477.9747,6806.7944,10525.5754,8356.5436,11154.6722,7459.7662,8749.9831,8828.8144,7766.9339,8954.8528,9932.9132,1479.5558,3173.6633,13067.2219,10036.6703,9802.2007,11078.6788,11833.4769,8207.4380,9721.0134,12947.0323,384479.1066,416538.1343,404054.1050,394226.8195,403307.0341,403837.3317,402514.2520,401046.6182,362245477.4320,362307328.2538,362277477.0430,362277421.1873,10399.3199,12551.7372,6583.6581,11488.9371,3857.3248,10223.1013,13695.5473,7815.1739,8501.2659,8987.0195,12184.5961,13432.6810,11595.8829,9660.4096,13280.4930,3197.5929,9576.5809,9119.4643,3193.1170,11967.6963,4214.2524,12873.8649,6331.4564,9363.1598,8649.6792,10177.3903,8341.0971,9057.4809,10200.2666,13621.9590,13757.6502,6261.2847,6494.8584,6984.9861,12592.1543,9307.1706,10902.6474,13341.6863,7074.8665,12769.9307,11002.3116,9690.1594,13352.1026,10866.3195,2753.8201,9478.2015,12185.8010,8997.5413,13435.0303,9568.3999,13508.1789,12587.6139,11762.6808,10065.0117,5222.7446,11296.0645,9823.7339,7920.5332,11870.7494,12914.0866,2248.1858,0.0000,5358.0663,12823.7793,11148.3385,10800.1163,3191.6878,13515.1283,8354.1294,4519.1922,4344.1348,9948.8451,6536.9830,9089.6701,5207.7086,7924.0631,13677.5832,7157.6509,7489.5905,8709.5208,13702.9697,4822.1057,4715.1359,13684.0165,385727.1311,417733.4690,405113.0403,395289.9775,404392.4750,404904.8558,403690.2066,402184.1089,362243545.7717,362305396.7636,362275545.3891,362275489.4727,11949.1691,9983.4659,13395.0432,12515.5989,10573.9456,8113.1067,9526.7968,2672.2761,2024.6711,9065.7166,8238.8079,12118.9201,4501.5946,10451.5202,11854.0812,11027.2219,12760.2516,8018.9998,8262.5746,12666.9957,9227.8976,6437.7413,1492.9115,7188.1980,11306.0310,10590.4218,13711.3154,9901.1768,10153.6970,8804.2708,5453.0944,8759.1839,7344.3844,8800.6028,13770.2041,10896.7762,9891.3933,11492.2037,9463.5462,12953.2177,13645.3372,7266.9839,9542.0184,11944.2886,13154.7781,6339.3235,3185.4031,10819.0774,13373.0922,9497.2710,8790.5893,12309.1368,12677.3344,12677.6700,12326.8454,12085.2471,6872.8051,11813.7211,6962.6237,10776.3620,0.0000,6193.7570,5431.5059,11625.8452,12552.7771,9786.5170,9862.2794,7508.2290,10334.7663,7083.3870,8294.1091,5621.5199,4381.8635,12712.2648,13414.9558,8221.1039,4431.7687,11625.1127,10860.6361,9378.8816,6783.1447,7623.7272,8013.1870,392229.4113,424076.0350,411590.8760,401631.7344,410828.3353,411529.7028,410171.4918,408671.6193,362249579.3094,362311430.1429,362281579.3364,362281522.9523,9762.0379,3634.5588,11227.2384,10813.8865,6696.7914,12693.1470,12991.8833,12681.2919,9951.5673,6286.9037,8107.5326,12962.0736,2690.7736,11632.9617,6398.5460,9795.6783,13338.0257,10562.2096,10451.2150,4337.2004,12177.5156,12516.9080,10014.3717,5385.9544,7979.3005,7517.9644,11453.4853,3785.7041,5992.9087,12992.8504,10654.9441,13626.5941,9456.1741,6186.4849,4823.8539,3425.4673,8475.7975,8549.6215,3009.6564,7494.9520,6590.5381,6227.2120,11814.6052,8889.5848,7762.3205,13159.4611,5207.0720,5196.1388,7052.5813,4974.8615,1765.0682,9146.0785,11131.1651,8142.1653,5026.7791,13288.8320,2024.9707,6883.8600,11725.5976,0.0000,13203.1681,8211.6965,9264.0871,3485.1675,11882.4816,6623.3641,13189.2893,10622.7037,13389.4896,12284.6644,13757.3444,13205.5861,11094.1481,9319.5103,5932.2490,13510.6293,8035.9087,7426.4320,6266.8999,13602.7129,12518.8164,6360.0830,395637.7611,427724.2876,415271.9307,405453.4996,414520.8177,415038.7063,413697.3339,412241.1615,362255969.8670,362317820.8561,362287969.4214,362287913.5853,10316.9802,8052.6149,13331.7557,12217.7901,12257.0391,9215.4593,9121.7368,13811.6808,11974.6191,13221.1996,11852.8889,10582.9451,8203.4939,4166.6195,12214.1213,7159.2271,13714.1967,6657.8533,9070.0203,4944.2176,9388.9449,3923.1428,5188.4508,2361.3749,10338.8145,13450.7220,11430.1453,12199.0091,6780.0113,1776.5392,11211.8975,13726.9118,9047.2852,5949.4652,10219.4853,2473.2207,13605.0795,8595.5352,11110.2330,10585.6391,5516.9060,7785.9477,11954.9686,8421.4799,10649.3048,12687.9614,7618.2144,13210.7557,8551.4419,8581.4927,12623.7089,9553.8279,13037.7056,5680.0282,11660.6942,8220.4122,9549.9008,4665.4547,0.0000,6838.7267,10432.2293,13412.1907,7358.6752,3782.9189,13128.3744,12187.1492,2233.7817,7014.7664,13199.7370,9660.9250,11415.9109,9490.7902,10675.7411,11440.9249,9131.5300,2870.2504,2994.7676,12767.7399,8430.8859,4778.6086,11748.7375,391979.1827,424003.1720,411326.5779,401531.2786,410620.6592,411090.1198,409930.0614,408414.3299,362248081.7104,362309932.8993,362280081.2360,362280025.3745,9165.6747,9398.0166,8779.3004,11410.9603,13887.7762,13789.1984,9733.8565,8313.6431,6332.2907,13323.1581,5770.5949,9739.6692,7736.9795,7208.6477,12967.3421,10509.1160,8619.7640,7656.1161,12977.2315,13703.1705,11626.9158,6900.0745,8955.8210,4286.4366,10301.0507,6337.8097,8080.2993,13598.7631,11429.1820,13045.6050,9579.0012,3228.6174,6961.8269,6722.0113,8560.9420,8623.0552,2375.4210,4265.7072,9430.6185,8622.8663,10016.9092,6062.7684,10550.9045,13787.6869,5970.9610,3615.8315,7949.4560,8182.8215,3574.3880,6679.4148,8750.9697,6134.5117,5722.2360,12854.4259,4560.0929,9830.8854,10920.5279,0.0000,13519.2621,10736.7653,7599.5348,4162.6253,11594.0548,7473.8163,12598.5735,10464.6298,13374.5712,11638.2385,13775.5415,13533.1821,8708.9619,6379.2691,8551.9062,13930.5635,8177.9099,8445.1446,7729.1179,13408.8233,12821.7767,8776.1158,392597.7919,424723.6620,412281.7503,402488.1781,411531.6673,412019.8083,410677.2781,409229.6983,362253987.8450,362315838.7934,362285987.3260,362285931.5951,9015.3428,13533.0738,7686.9542,11152.3131,11560.5849,11573.6945,13177.0586,9538.4662,11244.4103,12493.3850,1130.3004,9641.1091,6499.0233,6718.7205,11705.5769,1950.8402,12841.0194,9400.6099,11812.6435,10710.5098,9907.9952,8973.7145,5860.8571,9426.1310,12856.2042,13369.8118,9507.3652,8699.0548,8511.0493,12056.0278,6487.7376,10717.3033,12881.5114,7275.9718,11943.6830,9161.2786,6607.8810,13724.0836,11379.5241,1194.4397,6610.0641,13258.1010,11208.5777,12184.1476,7483.4177,12735.3055,12787.6987,10411.9653,7578.6761,1987.3152,9100.0731,8975.6860,9208.2554,10848.6333,13572.7232,4407.7631,0.0000,8739.8653,13701.5669,9334.2690,9473.9921,5994.9278,12608.9633,9246.3808,6202.8413,7841.5977,10036.9544,9192.8308,10924.2907,1906.2107,4591.3774,13608.1011,9993.2605,7496.0447,9075.2082,13033.1447,7892.5663,8045.1840,13627.5897,385360.2651,417436.1676,404864.5424,395072.4501,404138.5591,404614.8653,403371.1999,401886.6286,362244898.7300,362306749.6922,362276898.2414,362276842.4678,9068.0398,3765.7432,10520.4296,10828.9488,3718.4745,8831.1714,3886.0218,7397.5268,10496.5164,8541.9681,13351.7195,4109.3763,10363.4652,4067.2330,10256.3002,12013.9824,12576.1550,10707.6282,13542.5867,13092.0272,13511.5969,7657.0726,1191.9496,9838.2608,9051.7538,11648.5560,13353.5903,6647.3409,4647.5852,9494.5285,13066.6986,11147.8115,12996.5904,4859.9348,10846.5768,6894.5441,11098.7009,13446.4900,9190.1433,5040.4142,12561.6170,9045.2792,7556.7250,11028.9333,6905.9389,12293.5921,11445.1982,3790.1441,7459.9644,3958.0593,12508.3895,6065.2235,11864.3681,11939.2168,11484.3193,0.0000,11301.8201,11012.3893,2404.4594,11922.9294,12113.2350,6998.7016,5241.1677,12474.2132,10896.6412,3376.0025,9094.7088,7829.5117,7548.3011,6607.6065,10170.2570,10017.1000,12991.0466,13439.8894,7983.4746,9648.5507,12219.2920,9771.9568,386591.7816,418577.1010,406246.4945,396333.3302,405459.9588,406116.6291,404649.3998,403205.1712,362249102.2902,362310952.9058,362281102.1503,362281046.0442,10996.6419,10098.2485,9674.9812,6145.0310,467.8927,7974.8459,9003.8681,4255.8948,13365.4529,10371.3305,10757.9257,13024.6567,6343.5992,13489.3210,5176.5241,11875.8747,9270.7550,10519.5900,9817.7241,11279.1944,11030.8213,9113.7162,3141.9573,880.7211,11799.5008,12128.5767,11362.7291,5201.9227,10954.7974,8953.0736,4215.7582,12191.7738,4817.1112,9086.9320,10541.7289,3034.2303,8746.7818,13686.3212,10557.7606,6084.7751,9633.1087,3887.5322,10720.3436,2909.3534,5595.7404,8095.6590,9890.7201,13041.3061,8390.2713,10174.5770,10527.5179,7811.1790,4552.8151,13675.7001,0.0000,12246.3061,3933.2093,8381.9216,9400.7510,13398.8771,3088.6211,10404.6363,12943.7824,12712.5988,9108.8510,11549.7839,9560.6185,13062.0426,11788.1153,1584.7235,11138.6135,11970.1386,11047.4198,1926.5259,12334.5255,12706.1967,965.6321,395508.4678,427463.0660,415108.7318,405180.6030,414325.4116,414996.0478,413545.5239,412091.2149,362256027.1733,362317877.9500,362288027.0721,362287970.8674,8575.9329,9124.6638,6322.4868,10807.5806,7239.9163,5845.2905,12466.7684,6826.4120,13450.8231,5748.6667,7521.4328,6004.3668,9205.6325,13249.8751,10633.2644,9160.3836,12558.3178,13501.5617,13088.6035,8976.8049,3187.4366,12015.7015,11167.1781,9349.8489,11970.3231,3389.7324,7168.0692,10642.6391,13662.2932,12861.2593,12418.2491,7734.9886,12307.8109,8636.9184,12315.1407,13710.6056,7395.8511,6896.4785,12903.8140,7140.2730,10380.2886,11954.6408,9579.1492,13296.3573,12942.9125,6252.7204,6488.5267,7162.1264,13059.6662,3297.6952,13226.6892,12773.0691,9568.8927,0.0000,8786.1029,11721.9630,5936.3237,12998.6553,10120.1530,9754.6489,2600.1963,11010.0796,8172.0390,2986.5085,6233.0261,5904.2322,6593.6774,7336.1210,11886.2851,7522.1926,12570.7369,13202.2313,10451.1010,6673.1822,10004.4110,11530.1590,384679.8231,416631.7537,404228.5683,394311.8580,403455.0853,404109.8399,402697.1325,401231.3198,362245805.3873,362307656.0446,362277805.2707,362277749.1222,834.7201,9931.7324,10135.3571,12547.0781,4243.1645,11956.4828,10366.6782,11204.4630,12382.9617,5736.4018,9107.4365,11437.4810,10798.0484,4949.0568,1236.0892,7059.3396,11666.9827,10380.5666,13450.7794,9805.6280,11791.2633,10685.4626,3315.2600,7839.3802,5788.0935,9924.2273,13638.4302,11532.3361,11508.2455,10916.1796,10625.2996,13412.5321,13515.2453,9364.8267,10281.7457,10388.5621,12910.2391,8100.2674,2153.7866,12189.6026,13382.9668,11041.8175,10328.2136,13069.4387,12577.3650,11485.2713,12650.0136,12294.4737,5718.8150,12673.2516,8942.8349,9135.6271,0.0000,3887.2939,7724.7886,11889.7508,12996.7619,8124.9691,11363.4117,6574.2978,9095.4552,4726.2065,8106.2784,3327.3028,3628.8956,11522.2013,12814.8620,10229.5939,1879.4611,11162.6763,10765.3845,11079.6097,4381.8102,5777.4431,10048.8873,390037.0392,421888.0226,409360.5959,399415.9998,408607.7251,409287.0588,407965.5257,406456.8683,362247010.9199,362308861.7749,362279010.9091,362278954.5661,9994.0234,9732.2867,12656.9610,4602.8951,11547.1869,10828.6007,10912.7117,12692.9282,6324.2219,9188.7327,11739.8336,10261.3903,4956.0628,541.6098,6662.3177,11357.8977,10155.0142,13611.5968,10144.9994,11393.8889,10282.3644,3607.8666,7735.0635,6484.4663,9900.5084,13690.0101,11153.3114,11033.6188,10845.4022,10566.7278,13242.9879,13671.5689,8771.1765,9813.6401,10843.3208,13156.6459,7411.4736,2616.2962,11964.3568,13319.8826,10818.6398,9766.0569,12791.4925,12820.1397,11915.9959,12781.5362,12074.1578,6332.8764,12340.8356,8293.9551,9454.4346,0.0000,4336.6233,7078.1569,12075.9147,12768.3487,8378.5641,11141.5316,7142.5859,9204.2632,5275.7011,8489.8440,4131.6578,4107.2730,11948.5246,13107.2563,9729.4498,2687.3830,11066.6943,10526.0933,10771.5017,5100.2308,6005.7522,9569.7214,390870.9269,422721.0731,410194.2196,400248.8793,409441.2079,410121.2905,408799.3577,407290.7050,362247722.0224,362309572.8904,362279722.0130,362279665.6642,6031.7924,4761.6906,6663.9670,8752.6472,11131.0410,13247.2664,7094.8055,11663.2094,1132.1805,12413.9474,10252.8923,12710.4784,9699.0386,13058.5470,12875.5409,13659.0424,9609.9892,3539.9460,7752.4023,6292.9422,11830.1953,13656.0072,7918.0576,1026.4339,10863.1159,12506.5711,9263.9953,13711.9178,1828.3249,11005.2985,8806.1705,8605.4042,12604.1287,11681.5525,7560.0399,10665.7652,8411.8969,5608.7368,11848.4334,4030.2631,10582.9687,11024.9789,6305.9141,10361.3888,5216.5834,12645.4819,6929.2626,11221.5929,9733.8344,13114.5921,0.0000,11816.7300,8507.5033,4026.5133,11921.3123,13332.6426,4350.9271,6299.7321,13514.7454,11793.6779,4043.0011,9658.0502,7379.8192,10431.0931,9281.9933,7533.8033,10095.3458,13637.0501,13547.2093,5214.1096,10654.1412,12877.2337,6997.9396,389707.2895,421651.8873,409356.7680,399409.5687,408559.5888,409263.4753,407759.8005,406317.5037,362251931.6042,362313782.2020,362283931.5657,362283875.3371,7615.0579,9045.9155,3906.1527,13034.1913,10078.6544,10386.4240,12859.9532,6289.0152,13121.2799,4998.0758,11776.0864,9345.7538,10412.4945,9504.9582,11010.3909,10584.4665,8927.2192,2781.5103,585.1742,11733.5646,11940.9939,11259.8513,5115.2265,10499.4438,8662.9606,3953.9062,11875.5031,4652.0333,8648.2462,10098.4668,3128.2479,8543.6023,13358.0905,10154.6123,6119.1455,9681.3598,3493.9921,10284.4665,2698.9174,5451.8662,7690.5814,9516.4076,12678.4449,8018.1790,9809.6796,10450.4110,7439.3484,4603.4500,13395.4008,0.0000,12151.9103,4129.6801,8070.5061,9001.4978,13161.6137,2816.1205,10314.1487,12675.9187,12586.0616,9010.3110,11492.7693,9587.8889,12697.4305,11376.0750,1587.7853,11117.5536,11646.2901,10764.2436,1647.9263,12220.9611,12557.8995,1086.2737,395311.8187,427275.5755,414917.1523,404995.7413,414135.4180,414796.8790,413351.4372,411897.5860,362255895.4019,362317746.1861,362287895.2793,362287839.0991,10116.1491,8197.0893,9513.3958,12095.5026,3798.4245,12341.6916,5743.8600,10256.5378,10388.4729,13736.0496,12491.4704,13722.0797,11548.5108,12747.8983,5692.2451,4945.5392,7628.1445,7586.5836,13360.8222,13665.1190,9844.3209,5106.7742,7294.0152,11446.3996,9146.0638,12294.5551,4359.4818,8255.7456,4645.8330,10163.3782,12302.8152,10113.9688,3627.4213,12077.9201,11477.5160,4999.8086,8886.7917,5483.1323,10883.1560,8919.9820,2516.0738,8074.9757,583.8805,10751.3733,9320.9454,9530.1945,11139.0696,12230.5156,0.0000,13140.5284,10785.9072,1527.5825,9683.3666,12955.1400,5256.5918,8666.6911,12732.0130,12846.0439,6854.2431,11739.7473,10574.0741,8119.9700,5796.2304,8875.0469,12358.5064,12131.0882,12485.3663,6367.1357,12020.8709,13499.3459,8615.6123,389027.9007,421075.1672,408753.5154,398878.5204,407970.2934,408577.3999,407115.6737,405683.0750,362252090.2429,362313940.9250,362284089.9764,362284034.0093,11730.3771,10375.9367,13108.4910,10342.4762,7519.1570,5656.0230,12074.6061,11559.0258,8538.6142,4426.6360,10302.9495,13276.3648,12680.2076,12541.4769,6429.6314,11155.1244,9595.2383,6883.4453,10896.6871,3883.4632,6881.5341,13387.1138,13065.2736,11617.7531,12907.6128,7860.7954,13585.1996,12268.0390,9604.2698,12283.3893,10673.9682,11110.2384,9777.2149,2149.1041,10560.8601,13783.2724,8981.5143,11380.1104,13443.3492,10366.1682,10827.3540,10307.8105,13541.4055,2964.1714,13282.3888,9881.0937,10882.4683,0.0000,6952.8042,8207.6255,9137.5010,13725.7007,10472.2092,9390.0690,3420.1559,11399.3931,7164.0398,4378.4662,4090.1978,879.9706,10898.4139,11645.0884,9778.4741,4294.8115,13068.6673,12901.4884,9479.3411,5812.2658,8868.8962,9364.6377,388449.6950,420302.9303,407885.6760,397912.8025,407108.2975,407835.0454,406418.5258,404934.8616,362247621.9342,362309472.6180,362279621.9985,362279565.6137,12678.1954,7582.8587,10528.8819,13446.4125,9250.9230,11942.5301,2911.5891,11996.0237,11284.0049,9830.0140,6724.1233,8995.7996,9201.0135,10934.0178,1358.1483,3572.1241,12578.1837,11073.8559,13129.0922,8046.4890,8328.8766,5829.7445,1205.4635,9869.3631,7231.9892,5539.1217,8969.4729,4231.3239,6430.4961,12901.8276,9860.8552,6219.9159,12000.6335,4000.4355,7548.3939,5314.6436,3718.3061,4206.2101,9736.1256,12282.1061,8408.1127,6891.6579,12596.3710,3918.1428,4912.1127,12680.8854,0.0000,12941.6469,6037.7218,9167.4591,5761.6381,12584.2905,4986.5627,12512.0753,11568.0113,13300.4629,11459.0382,13163.6368,12081.2144,12266.0600,10655.4197,3348.3354,12768.7028,9499.7740,8555.8155,4229.3096,13359.0709,12635.0318,3815.0577,396471.8314,428508.4882,416091.8572,406231.1254,415328.7207,415904.6434,414522.8178,413066.9346,362256736.0406,362318586.9652,362288735.7254,362288679.7448,10056.6495,6479.4604,5861.3604,11170.7230,2832.0193,12964.7251,8925.6514,11092.7761,10563.8121,10363.1510,9303.2367,6486.3035,8830.8352,12953.8777,13270.1662,8813.3865,8622.3779,7479.7239,11654.3490,7277.8017,11104.3308,13026.1335,7745.4039,11651.4084,9786.9349,7098.2812,13597.7362,11593.1692,709.4183,6794.6403,13115.8739,10345.3495,12223.3967,8259.8218,12571.6859,12882.7593,10927.0335,7582.6268,2069.7740,9109.5645,9558.9686,8235.1037,11307.4498,13461.4123,4298.6943,0.0000,7993.8686,13424.3598,9141.1672,10079.7292,5768.8591,12494.1537,8304.0600,6296.0848,7036.3397,9269.1925,8218.0913,10023.9672,2046.9741,5008.6825,13517.1621,9108.8021,8001.6053,9457.6336,12925.6391,6936.8959,7542.3696,13493.5469,384984.9930,417038.4075,404474.2208,394665.1459,403744.6480,404243.7564,402988.9279,401502.5109,362244448.0707,362306299.0030,362276447.6354,362276391.8040,12024.4510,10379.4421,13415.8171,8135.5874,6169.7670,8104.3368,10985.9944,5464.5264,1109.1839,1857.9711,9382.2817,13703.8613,8722.4535,10122.6322,9741.8756,5406.6590,13140.7879,12945.2463,7496.2471,2024.2498,7244.6871,3201.2452,12501.1252,5566.4629,10042.0783,8659.4975,2743.1781,9842.1007,11396.9620,7105.4012,12323.1015,10479.0112,5385.4687,11520.2956,5831.3343,5056.0381,12057.1155,10671.9352,11967.5502,2285.1680,13271.7314,4524.9121,7734.0733,7866.1843,0.0000,9980.9752,9278.1411,12729.2970,3908.5119,7517.0502,11307.9674,13588.0856,5805.8034,10260.4101,13868.1504,12103.7473,12932.9468,10602.5141,10555.2469,9300.1261,11549.5287,2798.6349,1226.4075,10805.4949,11289.0643,8388.9475,9769.9746,394840.8954,426907.4208,414286.0053,404500.9946,413571.0357,414030.4254,412830.8870,411333.8462,362252020.8930,362313872.0832,362284020.3679,362283964.5699,10509.4681,7691.6032,7642.4899,12189.0096,12874.6589,12684.6956,13560.1005,11724.3889,12241.9153,4102.5854,5142.4016,10310.1279,10464.4474,12463.8580,12738.0943,8631.7313,7741.7953,6370.1436,12002.3272,11350.9610,11225.1428,7402.5421,8784.0434,3429.5065,12349.7359,12907.5876,7144.8187,1305.1021,13460.8890,11456.0995,8255.1009,8413.2025,8727.5992,12507.2308,9955.8042,1324.5776,4715.8818,3296.0561,10701.2513,8559.0983,10637.4876,12959.2766,10032.2966,0.0000,11960.2784,12682.0051,3492.1277,10067.0659,11122.5405,8560.9125,7962.6439,11137.4122,11344.9345,7005.9351,10722.9046,10534.9612,4774.8015,2773.6524,11440.3766,11659.2702,11181.0420,12086.6962,9494.3185,10540.0244,12159.2832,11252.7379,386100.8544,418169.7170,405781.3095,395936.4542,405014.1714,405576.2302,404174.2420,402729.7677,362248648.5187,362310499.2505,362280648.1695,362280592.2913,11168.9217,7136.6663,12681.9179,4498.2890,6767.3616,7723.0620,11038.1837,9072.9131,11114.3599,9994.7903,13620.0607,13288.3632,3565.5565,6272.4024,5366.9833,12003.6250,11401.8360,11501.5779,13307.8888,8492.8759,12434.2787,12445.3511,11536.4638,12511.9623,10918.3433,5652.8416,11047.3533,11128.0634,6419.6529,13607.8565,11459.0621,13192.8426,12284.0479,12812.9941,11260.3877,7606.7460,12177.5052,11105.0046,6298.0172,12716.2027,12014.7879,4436.4680,0.0000,2518.7840,11538.1656,11696.4195,12105.2319,3981.1992,13325.9797,7027.7605,5699.5541,1324.2877,9058.5044,3794.5368,6789.4276,7624.7770,10014.5318,13070.8026,4229.4902,8909.5223,9537.7161,13376.2622,1915.0205,3183.3153,13006.7656,386423.5322,418360.7677,405754.0599,395883.9544,405025.1191,405600.3214,404361.2882,402847.7979,362243566.0567,362305417.0028,362275565.8218,362275509.7332,12580.1400,10468.6606,12215.7248,8884.1997,12758.9054,13122.9707,13706.9231,10280.3915,3556.3910,8268.7189,6634.4258,11199.1111,13415.4083,7213.4733,1590.0400,11494.1319,12751.1983,9637.3602,13814.7746,2713.2528,11618.4667,9549.3858,8603.6283,12676.0253,11697.8719,8259.2079,10474.9414,7480.7645,6419.2625,12387.6341,4662.6650,10719.5799,11578.8437,7047.0510,10578.8764,6156.5355,12994.0128,6148.0269,11700.4318,9656.9052,12978.5647,0.0000,11208.7997,8242.6835,4885.9035,12407.0227,13094.9326,5057.9579,5564.1032,13403.2741,11226.4014,3399.2548,8880.7436,6411.0193,10652.5377,9819.7669,7718.2711,9296.5435,13775.9033,13647.1429,5735.8301,10018.5539,12431.4595,7159.0646,389520.0907,421442.7008,409138.8170,399179.9774,408341.8307,409060.2215,407559.8517,406112.2305,362251355.3602,362313205.9535,362283355.3608,362283299.0843,12055.7222,8944.4526,11997.8007,9752.3345,8461.2271,7437.4885,5951.4041,10706.8540,12499.1155,13279.8655,9485.4378,7599.9188,9736.9527,12759.1435,5811.6664,9392.9530,12255.8363,5573.8107,12544.2438,8167.4469,6901.0225,13329.9193,10149.0423,2504.8816,7465.7329,12604.2214,11805.5300,12235.6472,6274.6631,13000.5517,11961.1162,9390.2009,8548.5866,3676.0193,9832.5519,7504.4891,10390.1221,9777.5719,13017.7663,3684.2415,0.0000,8835.3293,13434.6530,10293.7289,8217.6962,5259.5779,12831.5374,10517.6318,4935.9134,8089.7294,11275.5885,9940.9314,11737.6967,3574.9673,5400.8364,13338.8975,10474.4441,5788.7277,7519.7472,13109.4205,8533.7828,7666.7601,13452.8333,386800.3266,418891.2787,406286.1799,396513.7159,405569.1476,406016.6099,404805.6800,403316.0456,362245716.7369,362307567.7782,362277716.1885,362277660.4659,10339.9647,10024.2766,7633.6111,5534.9769,7451.3743,10729.7475,12253.0555,3750.7036,4929.7439,11196.4643,9354.8603,13183.8040,9541.5171,9546.2347,4403.3812,1809.5940,8846.8970,9011.6792,6581.9330,10735.3867,3189.4238,4183.2084,13052.7998,11635.8944,3765.3238,11318.4370,6540.8104,8207.4821,7224.2488,849.5764,4967.3592,11615.7526,13031.0421,10563.3974,6379.0530,12750.3769,4127.4842,2864.6865,12006.8527,0.0000,11736.3164,4754.5489,11128.6786,5964.6902,11546.3901,7070.9358,12886.7397,10477.9249,12301.8947,12321.9598,12544.5666,11767.8783,13007.0378,12021.7665,3710.1863,11837.1783,8516.8388,7099.3017,6089.3363,12663.0323,11265.9577,4336.9187,397459.7392,429469.6147,416991.2681,407128.7746,416239.5972,416811.5300,415477.3752,414003.4433,362256164.0358,362318015.0432,362288163.7333,362288107.7111,5375.1235,3707.4833,8926.4047,6698.9633,12550.7385,12249.0309,12381.4689,12198.2647,2118.8472,3289.3652,8377.0997,12685.8975,12055.0116,9175.0830,11483.8273,7150.1666,13000.2428,11811.8966,13024.9770,10366.6149,7947.2021,8629.6725,13081.0872,8051.8558,6789.4946,13349.1826,11236.6793,13012.0941,9715.5019,11595.5229,13296.2846,10537.0007,13672.7501,9630.3627,8827.8840,11147.9433,9398.3293,5827.1348,0.0000,2632.4560,9304.0200,13440.7676,10915.1946,4268.2624,13141.3450,9624.2908,5009.0875,3503.1554,11205.8143,5880.7553,7906.1998,10525.3329,12217.4560,11448.4814,4907.5639,7518.5286,7270.2198,12770.4442,4998.4690,1786.3685,11543.4671,390662.7565,422584.1485,409940.4609,400071.5857,409219.0700,409788.4686,408580.4206,407056.4385,362246325.5376,362308176.5989,362278325.2994,362278269.1795,6832.6064,11386.4520,10312.5919,13640.2418,10016.0663,11086.4854,9902.0390,4114.5497,8043.1273,6621.7516,9567.9503,13727.6685,11127.8743,10762.3408,11055.2543,10244.1340,13195.0340,13662.1577,8401.0558,9784.2539,11132.1869,13138.9862,7159.4563,2561.0115,11663.3207,13362.0584,10459.2891,9545.3616,12697.1710,12757.2404,12105.3215,12639.0969,12115.9552,6371.5472,12237.5501,7974.3764,9823.8182,0.0000,4839.0834,6667.0340,11922.0149,12747.0093,8776.7874,10796.1440,7140.6030,9535.3642,5755.8814,8352.3425,4450.6712,4021.2966,12139.2840,13179.2869,9351.2145,3088.4729,11253.6326,10657.1971,10404.2122,5514.7097,6459.6649,9174.3914,391177.1785,423025.1166,410510.6927,400560.5398,409754.7477,410442.1336,409109.1528,407602.9439,362248177.0840,362310027.9394,362280177.0879,362280120.7263,6262.6673,4430.2961,12392.2476,13416.3164,10476.9545,10730.5122,5487.7233,2846.8638,10911.3943,12778.8242,11304.7279,6273.5952,9109.4436,5895.6348,12828.5733,10024.8052,12882.3400,8344.0368,4656.9018,10295.3964,13436.6040,5520.7745,8804.4520,12172.1004,9873.5976,12193.4124,6895.7754,9368.7752,13718.8524,11828.3068,13702.5924,7433.0133,11084.4575,8687.0282,7051.0903,7435.5641,0.0000,6151.1094,7719.7487,13812.4373,8765.7691,6073.0481,12237.0256,11725.3105,5513.5205,6956.5867,12690.7039,8813.5320,9916.6126,11795.4894,12729.8434,9646.4865,7732.3264,6057.7851,4903.5900,11603.2192,8224.3891,4964.5714,9932.8567,394024.3333,425978.8707,413337.7289,403487.6564,412618.3684,413161.7871,411958.1319,410439.6521,362249630.1651,362311481.3007,362281629.8582,362281573.8018,2940.3361,8968.6537,13507.7625,7922.1784,9493.5201,10448.4688,6397.3660,13418.2958,12534.4200,7010.6887,1222.3074,6458.7917,3993.7440,12003.9701,4675.8751,9566.6456,8233.3984,2771.4639,10212.6086,11015.0759,7051.2396,12644.7960,9721.0633,4835.1563,10909.4295,5322.9248,4012.1652,11654.7201,10771.1474,11435.1796,1635.1158,13472.5114,3459.1833,7438.3328,8579.9583,0.0000,10689.5703,9073.3438,12289.6942,2960.7753,8355.1004,10658.7461,13720.3253,6676.0957,10955.2987,13799.7090,12572.5728,13171.6757,10703.2378,10326.9466,8725.1294,12060.6435,3526.8282,2297.5740,10155.0292,11857.2890,9230.4395,9218.9702,395234.3498,427310.8055,414713.0835,404927.5949,413993.5762,414455.4534,413237.3125,411747.0566,362252901.7495,362314752.9206,362284901.2208,362284845.4333,9862.0989,13763.9467,10017.4080,11139.3691,8480.9742,3717.5222,12441.6339,13446.0650,8180.1805,3762.1500,8619.6258,2108.7354,13143.4573,6944.1197,10600.4067,9524.7100,3695.8861,8988.7628,11763.8580,7564.9444,11680.4222,11591.3438,6308.6141,12404.6892,6993.0006,6685.7844,12449.3388,10252.4292,12591.3923,3700.5391,12712.7077,6230.0505,8492.2244,6483.3203,0.0000,8670.3035,9782.2574,13193.4729,5449.7746,5936.5942,12250.5836,13129.4334,4210.8981,8928.8152,13740.6252,11145.5916,12385.6860,10182.7868,10688.2961,10310.4770,10573.2572,2005.8297,678.4857,11795.4951,10146.8433,6857.9550,10717.7092,393751.0499,425800.5271,413147.1172,403360.7958,412438.0086,412896.8975,411721.7899,410215.0624,362250311.4900,362312162.6940,362282310.9777,362282255.1592,8636.9954,9495.7672,10535.8642,12824.1632,11371.6120,11069.4525,9900.5564,2421.4607,9444.8084,10040.0670,8673.7539,9239.4300,5545.1138,1154.5811,11944.4861,10829.7254,6892.2745,2996.0224,12681.8194,13130.7446,8290.9501,4744.8552,9621.5299,11062.8682,7132.2264,4315.6658,4988.3963,5186.8221,7615.4234,11147.1731,7981.8599,12279.0459,9040.3896,0.0000,12412.7749,12696.2120,6384.3607,6886.5085,10212.2463,9280.8742,10812.3907,9559.6815,11895.5109,10187.3248,12321.1489,12624.1343,4949.1188,2264.9175,11180.7046,12918.2695,8504.5898,9562.9922,9898.4404,11706.2098,11851.8392,11231.6643,388357.2293,420483.9171,408025.8589,398237.4468,407279.1655,407760.5862,406430.8188,404979.7073,362250049.8578,362311900.7548,362282049.3347,362281993.6248,10229.3734,9212.0241,11154.5210,13314.5962,5831.9335,4517.5417,10383.5561,13451.7939,11484.8833,13332.4490,5017.5627,11606.3351,7942.1437,11082.9173,13655.9840,9454.2473,6123.7136,12454.4996,8189.4745,8094.7800,11788.5786,7140.4990,12476.2732,12097.5947,4939.6713,7977.1309,5069.4294,13041.9388,5135.5567,12434.3647,11898.8012,11576.1538,0.0000,10825.1088,10789.5524,3496.4908,12563.9282,12086.3224,7321.4449,4264.3519,12591.1791,10454.8465,2231.2397,8353.4230,6888.4020,8070.7292,7510.5142,10263.0341,9298.2857,13359.7554,13740.6384,8221.5033,9088.2184,11946.4912,9825.0526,386428.5325,418388.3091,406057.4713,396128.1939,405268.9620,405946.7801,404474.8872,403026.7133,362248657.0763,362310507.6745,362280656.9883,362280600.8221,2357.0020,12747.4693,11787.7704,12769.7610,6976.1433,8951.6447,7051.5833,2030.8288,10840.4673,6151.7286,6518.3454,9114.2859,3965.6785,7482.0614,13235.1128,9741.4882,6528.4199,11619.5640,3007.4559,8473.2930,4088.9188,4506.0088,5387.9153,9418.3070,12471.9082,7921.1094,8061.6953,12130.8984,5202.0618,5034.7489,13231.9160,0.0000,13109.8997,5705.9942,8531.4391,6934.2852,13145.0134,3780.8844,11985.3919,12289.1796,13467.3587,10740.1740,12980.8227,11590.4085,12468.3290,10790.7288,2595.2896,12634.3930,10505.8414,9623.0563,2939.4156,13353.1236,13038.9793,2899.7194,396169.6097,428189.1999,415805.4323,405925.6157,415033.7060,415637.8852,414224.7515,412773.6850,362256855.8545,362318706.7201,362288855.5977,362288799.5616,12212.9919,12237.9048,11731.3744,5374.7788,10406.1439,8633.2147,3714.4560,11997.7047,4798.7088,8457.8663,10034.7093,3334.8985,8619.7243,13597.7694,10169.9724,6392.8213,10245.7885,3177.8596,10182.1227,2678.5411,5459.5886,7473.8624,9552.2609,12853.8960,7990.9756,9760.1301,10931.4229,7247.0403,4818.2400,13674.9557,0.0000,12621.7433,4550.0003,8142.2736,8859.8525,13478.1498,2697.8541,10771.2702,12927.3066,13040.2859,9409.0614,12008.4653,10138.2778,12870.1894,11425.3689,1624.9730,11649.2309,11745.2165,10860.4683,1456.2755,12696.9119,12961.4005,1281.2694,395595.6921,427568.7800,415215.5139,405298.7396,414433.4075,415089.1993,413641.2302,412189.9734,362256343.9068,362318194.6945,362288343.7680,362288287.6072,5271.5642,6691.9985,11899.5949,12717.9752,10623.1148,12140.2492,8754.5079,12388.7870,12762.6834,13167.0176,10683.5480,9453.9526,8622.8988,12870.7563,8772.6759,5044.8997,13351.1190,12251.4625,12708.1288,10639.8216,12620.4604,12907.3114,10370.1130,13327.8849,11025.5735,7157.0717,12246.0169,9940.9763,6511.8975,0.0000,1075.9585,9385.2044,12844.2333,12108.5607,5229.4136,12908.7944,8032.7354,6412.7224,2291.7765,9846.1597,3929.0970,6156.8890,10381.6801,12189.6961,11639.5042,2890.6475,9114.3816,8997.2552,12644.9391,3334.5917,2596.7450,11613.1340,389396.1302,421288.6290,408679.6761,398783.1899,407948.1769,408557.2931,407313.4844,405792.8681,362245520.1280,362307371.1040,362277519.9754,362277463.7738,10467.3582,13567.7861,10323.3656,6919.9074,10600.3749,4207.8907,13592.8839,9844.5272,12046.5353,10393.2164,6006.2898,8219.9720,12634.6654,7979.0478,9468.1194,13056.6680,9053.6736,13280.0762,8747.5990,9683.9201,13147.7775,10132.2658,13528.9021,7093.0405,10919.9789,9237.9270,9290.7240,4924.0051,0.0000,5466.4741,9911.5280,13699.3734,8665.2460,3530.3712,13272.8532,11553.0705,2868.9832,5849.7792,12771.5398,8539.4671,10392.4698,10085.7909,11488.7342,11410.7353,7829.3707,4586.5566,4365.3534,12864.9221,7385.0580,3444.2778,11666.2591,391842.6716,423828.6456,411152.7651,401333.2498,410443.6910,410945.0391,409777.1767,408255.8165,362247525.9785,362309377.1415,362279525.5831,362279469.6300,8509.2509,12226.5851,13553.1281,13217.9598,12041.4876,9279.9921,13399.2883,10954.3688,12007.4674,13119.6195,7803.1702,9601.1074,11898.6451,4462.4871,11818.0543,12997.2230,10760.3856,13022.3986,13749.2856,9131.8376,8054.7893,9826.9781,13332.2001,1213.0211,13794.4300,12154.8564,8765.8054,0.0000,6156.3546,10938.8885,8701.6393,13659.1473,8802.9925,11028.3771,1872.9765,10056.7952,5673.4896,4317.3728,3039.3897,3480.6108,8138.6688,9620.8180,12051.9693,4467.8971,12290.3220,12708.0174,11391.8548,3921.0409,7894.0246,11725.5658,385330.3257,417229.5841,404769.7429,394835.4363,404004.8792,404677.5587,403304.2130,401817.7541,362244756.5680,362306607.2802,362276756.5163,362276700.2690,10960.2783,12077.9899,8517.9248,13643.4642,1207.0260,10765.4643,9114.1374,7768.9249,12129.9728,12174.3651,8074.6037,10003.9044,8511.9808,4969.3492,11776.2957,3153.8725,9893.0776,10628.3632,6884.5600,10943.4294,5599.9203,12389.7606,7503.1532,10764.8515,8973.0775,13380.5951,0.0000,11973.8510,7743.4675,4645.3288,11625.8206,13510.7820,3542.7373,6964.2604,13597.0265,12045.6943,4848.7065,9986.9825,7617.9103,11005.7023,9780.9387,6642.2032,10270.8085,13542.5610,13313.0384,4316.4084,11004.0059,12980.7700,6083.6100,390729.2216,422671.4400,410376.5079,400427.6665,409579.1633,410284.8587,408780.8828,407338.2699,362252790.8161,362314641.4292,362284790.7817,362284734.5433,7584.0942,9062.8560,7060.1079,10227.0534,3599.8476,3278.3467,11336.1114,9199.3231,7480.8925,5290.5106,11756.0287,13668.0399,8498.0266,2403.7152,10095.9097,9845.7648,5351.1824,6456.1630,6331.1092,6890.2083,5515.4800,12331.5259,6218.3146,11456.2834,8697.7300,0.0000,12422.9174,12263.2676,8176.6303,4780.8583,9712.7716,9711.9000,12145.0626,8643.7414,12043.8558,11685.5747,12949.5668,13418.4287,6261.0252,4402.9774,10759.4094,13292.3182,6787.7077,7785.4067,10059.3551,12197.3985,11485.7232,10951.9766,390198.2925,422338.5945,409837.5607,400069.5471,409101.6969,409551.9742,408262.5251,406803.9150,362251039.5123,362312890.5064,362283038.9260,362282983.2659,5436.0195,5082.7351,11533.7697,4841.3708,9919.0081,7223.4963,2065.5687,11001.4186,11301.4046,6147.3309,12472.4786,9115.9664,5507.0596,10260.5847,4190.9816,3737.6138,11811.9599,11446.0625,11393.2181,2540.2944,13504.4045,2928.8018,6420.4738,9429.8761,0.0000,10960.1680,8180.7864,12217.9984,3229.8000,9104.1539,10018.9308,13741.0454,7535.5562,11323.9966,13693.7764,12693.5236,13018.8844,11386.6753,10848.3808,7760.3402,12100.0883,4651.7146,3203.7965,9406.7559,12148.7605,9676.9054,8291.7356,396067.7765,428132.1212,415554.6635,405755.1370,414829.5861,415311.1169,414073.0403,412585.3899,362253837.5240,362315688.6746,362285837.0352,362285781.2037,9724.8039,7828.3253,6155.9621,9882.6098,3378.0333,5709.3843,13203.3822,10744.4687,5173.6582,11710.2536,4936.8307,8058.9997,5882.5087,2633.9425,4643.0113,10623.4634,12810.0168,9362.7788,6911.6905,12693.0274,4092.0500,3862.8671,12659.1292,0.0000,12590.9937,5242.3995,10009.7673,6037.2781,12401.8492,5647.0380,12692.8450,11381.9176,13050.0322,11796.8465,12987.7416,11934.7465,12792.6731,11420.0696,2944.1637,12453.3641,9369.8313,8214.1112,4709.6891,13202.6200,12267.7410,3539.1610,397093.2747,429114.8983,416680.5702,406814.3562,415920.1105,416501.2006,415131.6043,413669.3939,362256777.1843,362318628.1338,362288776.8882,362288720.8758,13325.9906,6743.3061,9553.7385,10860.2279,5558.6548,7377.2916,10745.4754,9235.6953,12045.2644,11951.1669,5456.7878,12867.3563,8515.3620,7044.0359,11607.5403,8710.4257,12049.0029,3858.7092,12449.0037,6892.9099,10018.8429,5091.8319,0.0000,8682.4445,11127.0108,12699.0591,5553.4523,5036.7789,12684.2963,12810.8173,3147.2152,8649.5307,13493.4048,11045.3940,12576.5637,8628.2413,9350.2096,11411.8335,10750.8523,545.0491,2236.2177,12428.7800,9815.9427,6767.1968,11759.8450,391961.5411,424034.6757,411375.8247,401606.9924,410669.8430,411106.2199,409940.2100,408435.9548,362248965.0537,362310816.2479,362280964.4905,362280908.7393,9919.2387,8413.0617,7520.2948,11755.6413,12172.5169,7556.1932,9923.1770,9366.7164,3869.4272,11050.8482,2300.1329,9446.5894,9793.3803,6413.2534,10818.7139,4888.1083,11782.4414,8351.6053,9988.0130,8780.4363,13416.5971,0.0000,12461.8215,7804.1419,4239.1097,10878.1909,13614.5173,2568.5848,7814.7742,13541.8888,12519.9124,5726.5945,10720.3670,8551.2154,10872.6005,9350.0885,6209.5041,10980.4988,13182.0480,12953.0668,3555.8556,11589.6559,13276.3062,5701.5239,391239.0773,423204.7438,410909.8569,400975.6694,410114.3566,410800.6210,409301.0965,407862.0543,362253512.1897,362315362.8249,362285512.1070,362285455.9226,5918.1047,8946.1337,6692.6404,9905.7572,7745.1564,9424.0440,13681.7456,7157.3830,2268.3261,8991.8647,6963.9739,1818.8017,8461.2161,9256.3430,8076.9273,3460.7858,13307.4375,2776.4456,8977.9683,10010.6193,0.0000,12768.4927,10238.3986,9363.9540,1807.2712,10487.3848,8567.7233,13221.8798,9091.3242,12731.5960,12617.1034,13612.0502,13688.5023,9195.8994,7524.7078,8476.0612,13557.6765,6291.1305,6369.5069,8506.6012,13077.9734,11755.2897,8839.2138,393705.3949,425828.4468,413328.4747,403547.6649,412591.0014,413056.4746,411763.2158,410302.0991,362253882.6598,362315733.7022,362285882.1048,362285826.3902,11731.3333,11257.2899,7575.6334,2177.7224,12747.3690,13031.2164,7595.0266,5519.4545,8892.7538,11126.9026,7379.7955,3379.8001,5475.1642,4127.8092,8286.9096,10924.0364,8236.4039,12209.8694,9838.6079,0.0000,12780.6685,12507.2202,5413.8241,7397.0527,10951.1923,8547.7519,10505.8403,10381.5224,12289.0091,9636.8818,12401.8207,12425.5945,5458.5912,2463.2481,10826.4117,13031.1300,9375.3110,10292.9379,9268.8700,11953.1584,12401.9675,10826.9663,388375.7518,420494.5235,408068.7387,398266.7830,407314.2580,407816.3836,406457.4202,405012.3502,362250539.1194,362312389.9697,362282538.6349,362282482.8908,6503.4034,13770.7364,12078.2130,3255.2932,9553.1451,6169.7312,10484.4875,5793.4831,3256.0781,7596.3588,11690.9456,13670.9075,10472.2580,9035.0813,11350.9800,6954.2245,1577.5809,12944.2705,0.0000,11315.8453,2004.3807,10592.8118,8660.5615,12361.9172,5884.0318,11477.7036,11742.8011,11988.2324,10775.6937,11427.1924,9953.4298,13673.5802,12824.6123,1772.8358,10660.5772,10641.8693,9336.0800,4726.5876,12013.6093,11476.7128,2133.5259,396974.5062,428924.0415,416497.2696,406583.5190,415729.4630,416373.6656,414984.0271,413512.5312,362255941.5131,362317792.4072,362287941.3726,362287885.1811,11455.1273,12375.2088,4614.3228,11441.6529,9750.7808,7282.8655,10485.2173,3601.8339,5519.2230,12743.7940,12194.8043,12304.3569,4320.1860,13053.8905,4618.7687,5347.1811,9440.0872,0.0000,9956.3733,7086.3391,12895.9415,5205.8369,8755.5944,10346.1412,13407.3395,7385.9184,10514.1889,13561.9300,11870.0794,12189.2170,12145.5062,11963.0963,7479.2149,11056.9362,5281.0360,3440.7001,9591.0190,11430.7168,8771.1488,7996.6628,396471.6042,428495.9007,415905.5421,406083.5875,415180.1188,415689.6134,414454.9436,412958.2447,362253473.5951,362315324.7457,362285473.1807,362285417.2553,7405.6618,13126.6838,10505.9626,12645.2840,8293.7001,13016.8689,12933.7312,11022.8649,8227.1540,2688.0698,9714.2475,9442.2788,8603.5552,11368.6197,13554.4360,3714.1309,0.0000,7792.6052,13577.6424,9778.2959,10083.3080,5252.5311,12938.1770,8739.1589,5798.4214,6827.8510,9808.0513,8300.5629,10278.8328,2648.5528,5553.5971,13768.7451,9124.4849,7666.3945,9174.6900,13317.7427,6896.8175,7181.1518,13770.1063,385091.1008,417145.2990,404561.2316,394758.3811,403836.2269,404325.4810,403088.1565,401597.4482,362244199.2731,362306050.2339,362276198.8211,362276143.0018,13229.9713,12125.8042,7776.0840,7421.1473,8581.2408,11999.9068,9006.4606,1459.5826,5000.2602,3057.3895,9896.7116,9520.5701,9760.0496,12676.7264,10113.4853,0.0000,12416.4837,12601.9154,3858.7815,9132.6969,11221.2074,8336.4740,8976.7020,11012.5691,11851.5967,7978.9496,11473.4011,11308.8466,5030.8891,2312.1491,11123.7738,12293.3048,10646.9808,11545.6826,9231.2223,11209.9800,12410.2682,10996.6508,386969.7810,419059.0113,406664.2077,396834.5846,405900.2760,406441.7133,405049.6926,403606.9701,362249523.4318,362311374.1994,362281523.0338,362281467.2063,9011.6252,8810.1552,10482.6906,8575.9632,3077.5508,8087.7909,13087.3646,13659.8374,12274.6473,8271.2780,11494.2597,7237.5428,1745.6737,11465.3055,0.0000,9555.1014,2930.2289,12385.5122,8569.6181,10544.1460,8664.4151,11871.4138,9899.8026,10403.5305,11848.4325,10554.9186,9851.8395,13648.8495,13441.7137,4927.7546,9488.6328,9099.2357,7537.5064,7653.0268,10859.9600,9406.1860,5280.7602,396978.3566,428917.4292,416404.2565,406506.9658,415654.8494,416269.6989,414952.3757,413459.9145,362254269.1390,362316120.1430,362286268.9583,362286212.7835,11529.6605,13751.8843,10134.7175,10988.0702,13442.0963,11589.0609,11171.8912,11622.1505,13091.5707,4061.6815,13160.6759,9485.4562,10008.8887,0.0000,5284.2351,7962.7330,10641.1962,13544.1015,9305.5709,10509.1200,4844.0833,10314.6948,5748.6671,6282.6882,3023.7079,1539.2126,11227.8911,12323.0081,10095.8554,2515.3878,12256.9344,11989.8354,10399.8096,4715.9530,7308.4058,9788.7222,389069.9428,420915.3394,408442.5398,398479.7032,407676.9799,408385.4169,407015.4769,405518.1914,362247082.5193,362308933.2822,362279082.5595,362279026.1806,8850.4925,2279.8349,7213.2652,6744.4195,7163.1717,11355.0744,5390.6902,9449.0812,11099.2963,6977.6317,7415.8374,13464.8111,0.0000,13524.0268,7402.4949,5954.8998,8173.5470,13668.8370,1723.4968,10727.2553,13055.1028,13669.3293,9037.0282,12727.7291,11103.8412,11371.1957,9327.2773,4546.6216,12730.1529,11664.2856,11229.0117,2141.0015,13205.9065,13723.9768,4390.8119,393898.4163,425922.4347,413592.7829,403703.6015,412809.5997,413432.4431,411974.0495,410536.0102,362255899.1548,362317749.9142,362287898.9261,362287842.8875,10496.5886,8418.6813,3817.5498,8431.6973,7852.3384,8583.6126,3248.1354,13107.7703,4528.9135,10342.5559,8453.5746,0.0000,12104.4835,11495.8992,9804.0394,2680.2250,9162.8663,10117.6542,13070.4799,7733.7688,11904.8389,12790.3807,13183.9074,13764.0534,7772.3688,6536.2018,10184.3863,13252.8821,5061.9508,5814.5432,10169.5537,12365.7852,10872.7483,10505.8246,392079.2605,424214.8754,411672.7440,401912.2694,410945.7157,411381.6172,410127.0248,408658.4646,362251878.0906,362313729.1690,362283877.4812,362283821.8240,7754.1925,8508.7254,7688.6641,11849.8523,5980.1218,10839.4252,9879.7989,8582.0886,7193.2643,13795.8920,0.0000,12930.9942,6525.4653,5899.1286,9818.8708,13854.4707,565.7665,9500.2931,13512.8480,13145.3704,7691.7097,11704.2255,9628.3491,11884.3195,10217.2155,4241.8757,11686.7427,12652.9754,12144.8334,1300.8470,12483.6302,13499.7862,3779.2348,393446.9588,425423.4660,413114.3288,403189.9145,412322.8629,412994.0106,411509.0599,410068.4069,362255303.8719,362317154.5684,362287303.7559,362287247.5945,5387.8268,12004.1531,13084.0265,11044.7640,6341.4087,12628.1128,4487.5022,2513.8093,11667.9582,0.0000,11222.8564,4533.9348,11547.3468,6174.0580,11102.8229,7641.9433,12827.7611,10050.3738,11840.9404,12419.4362,12195.9512,11538.4285,13058.8446,12272.6883,4134.0065,11409.8248,8213.4851,6692.0817,6655.4473,12284.6985,10715.1323,4731.4470,397451.8480,429452.6022,416955.8883,407092.4615,416207.5732,416779.0601,415458.9432,413979.4952,362255717.8436,362317568.8700,362287717.5471,362287661.5114,9514.9016,10573.3244,8851.3543,3396.6972,13563.4187,1044.8031,7564.0300,10697.5383,0.0000,12779.2938,9037.2328,10017.5646,1747.3727,10898.0068,8105.6391,13534.8853,9468.7090,12915.0020,12902.4715,13711.2099,13578.0239,10520.1206,8993.0367,7247.1409,13463.5274,6567.4235,6083.4854,7790.1813,13318.0840,11813.2939,7699.8671,395246.4826,427349.4993,414851.9679,405056.5042,414112.2564,414596.2289,413296.9210,411833.1775,362255020.5574,362316871.6105,362287020.0451,362286964.2734,5904.2525,1997.4116,10670.9694,8892.4199,10204.0661,12427.9072,10864.2600,0.0000,12498.2652,12143.9058,2456.2737,9849.4974,11844.5494,7493.8583,8253.3866,11751.6248,11989.1640,6940.9761,11195.6708,10656.7997,5955.5628,3648.9134,10639.9893,12032.7085,11513.0433,12245.3273,8492.2955,11173.3811,12739.9892,10433.6426,387048.5614,419114.6567,406752.5297,396899.5442,405979.5139,406554.5151,405130.0716,403691.1550,362249891.7542,362311742.4667,362281891.4260,362281835.5275,7609.2989,9759.9621,8613.2291,11113.4048,13747.5374,6167.0598,0.0000,9620.1521,13705.6924,7764.8501,9911.0341,7619.4070,11722.8645,8448.6868,7869.6689,8729.5594,8892.3310,9366.6532,10629.9235,117.1508,3150.2660,13322.9549,10336.4760,8853.9665,10280.5542,12314.7709,8384.2676,9314.0881,13269.0243,384819.5536,416895.1456,404377.7017,394570.3610,403639.4919,404140.6827,402849.8617,401377.3210,362245378.8858,362307229.7672,362277378.4381,362277322.6380,10574.2476,9370.4071,9499.6888,11390.0928,11926.7991,0.0000,13070.1021,11095.4971,1672.5666,9528.5374,12714.6061,5740.7836,8724.5217,12483.3646,12731.8243,7021.4094,11737.2762,10726.3821,7652.3268,5250.8451,9228.3838,12392.1326,11890.6607,12329.5581,6815.7356,11932.6664,13367.5409,8995.3049,388707.0058,420762.8770,408431.2867,398564.2970,407650.9114,408246.6978,406794.9746,405361.4429,362251739.5749,362313590.2697,362283739.2846,362283683.3437,13423.4490,3286.0148,8465.6688,8286.6832,0.0000,11120.4990,9966.3690,11562.4028,1839.7601,8394.4003,10536.0817,13585.8777,6697.0981,11215.0093,13569.5908,12805.6996,13454.9074,9684.7992,9102.8919,9244.5750,12490.3264,3335.4220,3065.0547,10206.6982,12009.6400,9663.5501,9694.0825,394237.7309,426338.7528,413752.5659,403980.3907,413032.5012,413478.5516,412255.2316,410771.3832,362252543.6041,362314394.7575,362284543.0331,362284487.3044,13594.6113,11618.6482,9572.0655,0.0000,6776.5041,10269.4795,8149.4944,13626.9329,9562.4296,10184.9404,971.5804,10680.9577,6464.8657,3347.4430,3562.7870,2789.5186,8698.9756,9817.5077,11319.6103,4740.3476,12656.0634,12939.5891,10556.0148,4773.9973,8550.9132,10946.7627,385983.2367,417874.4638,405443.2373,395496.5830,404671.4919,405362.8641,403963.8293,402482.6140,362245719.0767,362307569.7582,362277719.0597,362277662.7781,6779.4474,10733.3558,0.0000,12484.8426,8392.8271,10559.8505,2075.2578,10768.8395,8219.3563,13626.0705,9321.2822,12713.8780,13074.9524,13550.0376,13402.4365,11061.6651,9733.9430,6801.9616,13184.3439,6418.6313,5633.1843,7753.5346,13190.2942,11504.3651,7307.6431,395892.7180,427981.8198,415473.6046,405671.4317,414735.0892,415226.4385,413933.5164,412465.1833,362255222.7812,362317073.8509,362287222.2904,362287166.4864,12317.0080,0.0000,10645.9618,2158.5786,11546.3425,8383.4468,11583.2920,7264.4323,11863.2732,10901.1380,11401.4863,11473.0770,11209.3420,10102.2972,13741.5973,13158.5371,3270.3068,10294.5514,9820.1177,8351.7045,6164.6635,11647.9446,10621.9064,3675.5384,397255.4411,429204.0377,416734.6996,406831.3610,415976.2455,416602.7549,415249.4368,413768.2183,362255409.7307,362317260.6859,362287409.5620,362287353.3871,0.0000,5842.4852,12584.4288,12044.3910,9516.7014,1716.1348,13747.3928,10030.5645,2458.3161,5162.2373,11425.7396,7901.9235,10336.4668,6114.3984,8419.5565,13403.6330,8133.5865,5557.7727,6883.9317,13790.5135,6199.9505,4310.2005,13519.0098,387366.2013,419393.9080,406737.5646,396938.9265,406027.0316,406504.0569,405325.5724,403814.8439,362244557.8891,362306408.9707,362276557.4318,362276501.5818,0.0000,0.0000,0.0000,0.0000,0.0000,0.0000,0.0000,0.0000,0.0000,0.0000,0.0000,0.0000,0.0000,0.0000,0.0000,0.0000,0.0000,0.0000,0.0000,0.0000,0.0000,0.0000,0.0000,0.0000,0.0000,0.0000,0.0000,0.0000,0.0000,0.0000,0.0000,0.0000,0.0000,0.0000,10098.4863,12570.4472,12198.3531,4703.3094,13116.5496,7643.2568,6116.8529,1220.6809,9582.4968,3529.5400,6189.9413,9633.9676,11630.8498,12156.3235,2918.2556,9070.8763,9185.2902,12948.8038,2490.5228,2322.5829,12114.5092,388411.8931,420314.4589,407703.4753,397813.6623,406973.1029,407573.5088,406332.8803,404813.3015,362244768.1938,362306619.1610,362276768.0211,362276711.8476,10943.4571,9871.9607,11836.4337,6759.2069,10509.6148,11489.5454,10873.1901,10087.9434,10085.4757,8515.6014,13717.7182,13265.7573,3344.1990,9186.3465,11001.6511,9730.9356,5738.3656,10842.1082,10545.8854,3353.4629,396199.2069,428111.3707,415673.5907,405739.9502,414905.3784,415575.2026,414188.1724,412708.5924,362254624.1145,362316474.9885,362286624.0430,362286567.7706,10673.2485,12756.2072,5812.7569,7419.8837,12761.2735,12225.2364,5531.9403,10837.3006,9601.9502,7829.0752,5944.9866,9410.4083,11581.6471,12596.8383,13003.0483,6930.1900,11225.5006,13149.5450,9079.1400,387953.7564,419978.0725,407660.1029,397769.2165,406874.1037,407502.6003,406032.8194,404597.4915,362250955.7104,362312806.3558,362282955.4959,362282899.4746,9771.6344,9448.5303,13668.1276,8202.9251,12267.3056,13316.5372,13468.3333,13752.2735,9843.1809,8671.0278,8542.9193,13239.5190,5051.2379,4823.7855,9182.4243,12842.6389,10975.2635,8987.5628,394533.3958,426646.5908,414105.6495,404328.9816,413376.4784,413832.3675,412572.4683,411100.6139,362253750.1506,362315601.2560,362285749.5862,362285693.8641,13847.8144,10148.6383,1919.1295,4285.7821,11666.0871,7367.8635,9873.2612,7576.9114,9726.1828,13031.6767,7293.4763,5539.2203,6455.6451,13752.8608,5699.4170,2789.8352,13164.3959,388374.1874,420374.3836,407704.5070,397892.4700,406994.9679,407488.1591,406316.6845,404798.7923,362244851.9054,362306703.0070,362276851.4917,362276795.5806,9799.0179,13441.1163,13310.1611,7998.3592,11983.5126,10013.9364,11753.4453,9976.7697,4277.7602,11978.1614,12451.8980,11964.6955,1256.7427,12690.2475,13597.9162,3884.6870,393542.8184,425531.3714,413219.5257,403303.3994,412429.6075,413089.5923,411609.2361,410169.8066,362255482.9076,362317333.6164,362287482.7648,362287426.6334,11187.5144,7290.4067,2499.4163,4516.9405,3464.6026,8540.9877,9441.8437,11295.5132,5680.9781,12990.8682,13314.4836,10272.7894,5620.7374,9316.6538,10895.3181,385743.8459,417643.4824,405235.0729,395287.6469,404458.8938,405153.4202,403736.2634,402261.4411,362246010.7177,362307861.3702,362278010.6999,362277954.4283,5910.2297,12393.7484,8760.0880,10897.7563,7806.8275,9490.7217,12404.7529,8560.2940,3666.1381,4702.6891,13276.6222,7260.9215,4059.3819,12623.1050,389756.7620,421785.3883,409112.2753,399319.1518,408405.8093,408873.4839,407710.6475,406196.3866,362246306.4725,362308157.6199,362278305.9955,362278250.1501,9324.4860,3422.1441,6394.1873,8746.0217,10948.3642,12696.0209,3377.0670,9059.5540,9428.6042,13249.8839,1818.9225,2544.8545,12639.5351,387352.1555,419268.6108,406657.7801,396776.3079,405928.3135,406517.9879,405279.2660,403761.7763,362244035.8550,362305886.8112,362276035.6566,362275979.5189,6728.0208,4869.1122,8986.0693,9034.8898,10237.0255,7636.0985,13577.7732,13807.9219,8658.5107,7811.1767,11044.0960,9764.6913,386595.9299,418511.3542,406162.4257,396209.9097,405374.4633,406081.0442,404616.4299,403157.4480,362247963.8155,362309814.4143,362279963.8047,362279907.5409,3254.6031,9421.4131,11183.2404,11917.5788,1587.3263,11355.6031,11531.5020,12037.6800,1899.2259,5666.2580,11686.9882,386884.6329,418760.2374,406236.4764,396305.4971,405484.3120,406146.7717,404825.1219,403320.8859,362244683.9418,362306534.7515,362276683.8889,362276627.6131,10698.4329,11671.8160,10234.0278,3474.2445,12770.1806,12647.4781,10077.6774,5029.9204,8187.2184,9860.5865,388155.3342,420008.0587,407567.7337,397600.5835,406795.4053,407512.6209,406115.6787,404626.7479,362246959.2955,362308810.0043,362278959.3451,362278902.9711,3143.7912,13330.7009,10379.2867,8770.9559,10209.0957,12338.7649,8424.3768,9299.4882,13282.5721,384870.0816,416947.3373,404427.5939,394621.9874,403690.0425,404188.7573,402900.2804,401427.4855,362245401.3098,362307252.1961,362277400.8569,362277345.0618,12127.6222,12014.1814,9308.0875,10519.6452,10701.4370,10544.5950,11316.1847,12083.9378,386354.9582,418460.3318,406003.1073,396199.9685,405254.2156,405755.3400,404419.6174,402965.3005,362248092.1762,362309943.0241,362280091.7038,362280035.9452,11359.2446,11159.3329,10051.7867,3065.8676,12544.0687,12376.2994,665.2450,396513.8167,428479.7423,416091.8855,406178.7337,415316.7874,415964.0574,414544.2179,413084.0074,362256436.5632,362318287.4076,362288436.4157,362288380.2484,11053.3498,10986.9089,11866.2369,2627.7626,5140.1198,11168.4537,388271.2397,420135.0873,407596.2719,397662.5597,406846.7602,407511.2427,406201.1624,404691.8549,362245459.7576,362307310.6046,362277459.7150,362277403.4146,1966.9652,12183.8562,10181.0069,7207.0188,11525.5432,392322.5126,424401.5701,411749.8962,401982.7358,411042.7825,411477.4445,410306.4152,408804.6600,362249471.6019,362311322.7964,362281471.0311,362281415.2894,11508.6783,10577.3010,7435.1232,10479.5997,394038.3075,426097.4728,413453.8393,403670.8145,412743.2998,413198.5772,412016.8655,410513.7863,362250847.5384,362312698.7402,362282847.0130,362282791.2119,12750.3305,13373.9460,2676.6411,394572.7967,426553.6491,414225.8658,404308.2734,413438.8147,414098.6657,412630.4673,411186.2117,362256002.4410,362317853.1830,362288002.3033,362287946.1553,4281.5045,12395.6416,386487.4222,418392.1460,405825.6569,395924.1364,405085.1946,405705.1672,404425.4000,402915.9690,362243942.3058,362305793.1813,362275942.1652,362275885.9796,12452.9899,389138.5171,421079.9051,408425.7566,398572.3678,407708.1587,408256.7877,407061.0054,405537.7049,362245083.2743,362306934.3342,362277082.9902,362277026.9286,396141.6655,428099.2045,415724.1721,405802.7213,414945.6097,415605.1831,414172.8450,412714.2740,362256242.2300,362318093.0462,362288242.1086,362288185.9170,33187.3183,23552.3280,17969.7267,22188.6591,23639.1938,18718.5376,18229.0913,361917803.6260,361979647.7030,361949803.7899,361949749.3131,17137.2049,24290.9270,16030.7298,20952.5145,15662.0290,17510.1340,361888994.4714,361950837.8227,361920995.1062,361920940.2586,11949.1823,2862.1618,7491.5303,8448.9505,6340.4516,361894437.3391,361956281.3702,361926437.6417,361926383.0043,10388.8826,17119.5908,13628.5046,11389.6891,361903427.3614,361965271.3401,361935427.9919,361935372.9574,9582.4000,6958.5245,5099.8976,361896105.9395,361957949.8687,361928106.3423,361928051.6098,10388.8826,8783.6616,361894670.8154,361956515.0709,361926670.7330,361926616.5117,3104.7868,361899907.5548,361961751.4086,361931907.8134,361931853.2857,361899774.8153,361961618.7719,361931775.0681,361931720.5163,63937.6389,37027.9796,32170.2875,43874.0478,34971.2980,20295.3469,
39600.000,6194.7717,4180.8330,12734.4161,12504.2147,11824.6291,12544.9239,12071.7721,2391.2689,12792.7099,10029.5968,11213.0277,12512.2106,3206.2190,6365.9714,10248.1889,12986.9108,10375.2475,13567.6899,9097.2184,1172.9715,5731.8233,8592.4970,6718.5104,12243.6269,12587.5619,2892.3586,8920.5814,9610.6946,10911.5926,10235.8161,7320.7736,10237.6440,4092.9635,10081.6890,6566.3326,2780.3928,11826.6201,12218.0721,11848.6424,12599.1736,13481.4518,12376.7863,3187.5719,598.2108,9852.8192,10285.5244,11878.7220,11316.5232,6668.5192,6085.4175,6395.7550,11518.4017,11283.1812,12689.4007,4602.9054,10840.5346,4654.0757,11596.5871,13546.3693,8917.1838,3279.9626,12698.1200,10858.5523,8549.3250,9304.4670,6654.7228,11919.0321,11939.5141,4000.3591,3370.4778,6314.9976,10436.4922,9706.5841,12314.4103,13719.3551,11625.3783,0.0000,11089.1688,12441.4879,6165.3010,9849.9327,12256.0138,7228.5261,4670.9424,12500.8425,10796.9466,7281.9532,9095.2653,11053.4816,7185.3665,1837.5436,10733.6257,10242.7174,12194.6905,13818.3417,8132.6687,10462.7337,10871.0553,9360.5580,396567.3929,430210.9642,414176.8616,406349.2922,415045.6213,415601.3898,417314.7168,411937.4509,362260043.2652,362320623.5270,362284880.8777,362288930.0416,7946.4721,13517.2000,13425.7461,10330.5600,13717.8126,11027.9747,8199.5081,12028.6465,10747.7056,6372.1321,11889.0586,8121.5985,1467.2211,5232.5965,12134.8562,11172.2565,10850.0973,9312.1870,6404.5465,8521.9191,12383.3994,7479.0498,10703.4568,11134.0890,8568.2778,12252.1948,12840.4228,9617.9362,13188.9570,2341.1198,7262.2051,5343.4081,5252.4395,8502.1755,5555.4869,13566.1746,9913.9802,7997.4084,9426.1189,13333.9655,11199.7679,7371.1832,5647.2570,13066.6615,13149.8657,9594.3146,8137.8777,1539.1907,9162.3542,9983.1209,10824.6881,13526.3374,11543.4460,9187.1024,13229.0305,6587.8417,13747.6657,13297.8277,3282.3621,8935.1272,13627.3756,7588.8004,12149.3138,11643.8568,11278.9336,13631.2378,13720.0256,6507.3652,3043.9103,10867.4003,11454.2236,9199.8439,13793.1160,11318.9254,7003.9010,0.0000,8923.0229,13736.1153,10326.1147,10922.0520,8399.4241,11668.9103,2199.6136,10319.8573,7854.9011,7961.4566,3825.5732,10012.0207,2314.5566,7575.1165,13486.7356,5369.9951,11503.1553,12505.3395,12257.4031,8294.9541,8111.2344,12745.6528,394791.2516,428429.4713,412575.3698,404674.5229,413399.2733,414021.1641,415608.4133,410256.2069,362261383.0824,362321963.1861,362286220.8862,362290269.9655,10851.3692,10838.3799,9474.2402,12028.5007,9623.2760,3638.5500,10590.1633,6685.4525,11748.8895,10143.6917,6166.9988,8667.5935,10397.9985,10921.2473,12212.7433,13097.8327,11725.1133,5171.7185,1717.1953,6801.0657,3572.1672,10019.7005,10454.4772,3438.3812,9278.0218,7537.2695,8324.4074,8694.5781,7815.4973,12432.8280,7864.9149,11587.8018,2755.1272,6727.2127,9970.0095,10364.8509,11036.5401,13521.4285,12995.6807,13614.0536,6715.5912,4360.6024,8193.8093,10211.0336,9919.6617,9837.0861,7571.4650,2076.1104,8722.9742,13179.7033,9426.2354,13690.7613,1966.8786,10837.2314,8330.6238,10384.4368,12247.2238,10255.2398,4168.6928,10956.7382,9415.6775,6178.0964,10882.1467,5284.5597,10335.9821,11382.4886,7763.2529,5614.8616,4336.0287,12080.2265,6747.2669,11503.7314,13527.3849,11970.7039,0.0000,8962.2811,11397.5492,3196.8606,11860.9210,13115.1219,7316.2359,6023.7706,13565.6784,9127.1700,3988.7860,9400.0937,8375.4509,9502.1892,4792.1578,9946.2390,10150.3340,13445.2295,13488.6707,7659.1147,8345.8131,9081.8429,7404.1123,394537.8751,428256.9434,412169.4985,404395.2586,413081.8537,413540.1738,415275.3626,409945.3093,362258286.9953,362318867.2932,362283124.3934,362287173.7257,798.7046,6713.7570,4463.2848,5718.3432,11639.5324,4100.1174,6546.1354,11537.0011,4282.3119,12176.9193,13630.0715,11684.4276,3972.6688,10344.9287,7596.9678,12105.7047,12866.0430,9867.9554,6713.6141,10177.4117,6271.7647,5693.0151,11331.1090,7998.4834,5465.7205,7586.3409,4885.7987,12596.6828,12552.6594,13591.7635,12583.1550,9699.1033,13383.2408,2104.6816,7379.0808,9680.0243,10326.4002,4658.4931,9588.5101,12696.4168,12898.0097,5392.5509,6844.5416,7727.9666,9280.6999,13075.5429,9476.4069,11379.2809,10332.8821,3201.1475,9018.9481,10091.9657,6523.5706,13297.2342,3743.6567,2678.8521,13017.4424,11254.0298,620.7168,9713.4730,6586.8496,9859.9223,8672.7631,2323.8244,4746.1423,13264.5196,13358.4404,8799.0422,9856.8787,7984.8131,3829.7676,7553.9675,11105.4133,0.0000,8361.9770,3007.8510,8944.0792,10686.3778,10863.8062,9008.5632,13206.3011,9738.8254,9450.1783,9845.2178,12331.8769,7112.9589,13680.7766,12265.0970,5418.2587,11583.1176,9388.8873,6019.3433,7988.4989,8830.5622,9219.3607,5791.6075,384077.7230,417741.0279,401635.8084,393845.8841,402530.3791,403040.6601,404797.7545,399424.4383,362248347.6805,362308927.8601,362273185.2585,362277234.4955,7241.5850,3681.2311,6295.4784,11374.7669,4707.8710,7004.6003,11538.4347,4911.1042,11764.0039,13460.8233,11775.4120,4548.6926,9658.5673,7643.3168,11511.4892,12568.4432,9965.1470,6427.3391,10388.7792,6806.8820,6234.8623,11076.5282,7331.2660,5242.2358,8077.4933,4455.2721,12635.7136,12176.6315,13225.6035,12426.5302,9880.4683,13047.4397,1797.6451,7828.2355,9923.6346,10074.8703,4151.2999,9047.2806,12283.6606,12683.4836,5023.9343,6123.8315,8182.0522,9632.0241,13073.2299,9567.7175,10793.5005,9736.0593,2876.5172,8487.4566,9989.7726,5758.4844,12860.6170,3075.3860,2643.0827,12943.6456,10948.5043,281.2924,10045.6109,6446.2576,9145.8672,8384.3164,1748.7607,3952.5248,12848.4766,13229.5702,8604.2212,9152.3123,8415.3577,3034.0326,7457.5219,11128.6295,0.0000,8801.1082,2215.6001,8880.2510,10004.8405,10704.5623,8500.9738,13149.0527,9341.3708,9811.5741,10097.8962,12407.7518,7628.8155,13490.7018,11944.7657,4751.0104,11714.1360,8792.3056,5762.7828,7484.9749,9233.7089,9600.0949,5531.8100,384332.6127,417979.3440,401871.5474,394076.0442,402760.2323,403286.3965,405048.7583,399663.2621,362248337.1375,362308917.3183,362273174.7479,362277223.9561,10067.0594,1119.1859,11765.1040,2972.5100,4125.0479,8117.3543,2635.9682,12907.3342,11019.2370,7282.7583,3334.2772,13223.2679,6592.0365,13657.7875,12372.9570,8140.4584,9993.1171,6743.3830,813.3941,1618.4869,11594.4030,12075.7643,9218.7990,1587.3016,9633.9164,8470.4776,12032.3076,12990.7880,10103.5776,7272.2965,12754.7651,7946.2607,1691.9031,4825.6725,9872.0700,9040.2594,11679.2581,13084.8288,11713.3967,9740.8552,11706.4762,1500.5029,3364.2327,9255.6399,8226.8630,13572.2766,12493.9166,8546.5921,11306.1425,10003.3170,11553.3318,13403.7965,9589.6307,6878.9612,9651.1268,11931.8086,7239.9183,3793.7775,9217.1483,13312.9934,10840.1089,8412.0241,10432.0119,13283.1196,10923.4115,10308.5501,13027.5316,3242.7680,9745.6666,7743.5724,7718.9587,0.0000,1960.1458,9079.6205,9458.1273,13440.1643,9332.7455,12126.2398,10078.6739,10653.4766,3362.5778,6305.8525,7869.1783,1431.4162,11191.4626,12356.6049,10689.9837,6865.1022,11947.1849,8359.9416,11599.0232,2690.2718,3040.1201,9489.4274,386066.4240,419811.8632,403845.0986,396033.3018,404738.9807,405212.4356,406855.4964,401562.9654,362253208.5594,362313788.6770,362278046.0688,362282095.3982,9315.9747,11426.6520,7798.6917,9963.6731,11957.4735,8103.5921,10966.5284,13363.2108,12678.8892,7524.5669,6809.6217,8306.7392,9211.2395,12265.1276,11642.1001,7107.0007,12351.5262,9621.0648,9053.9967,11219.6001,5486.5379,6438.0763,10852.1503,4962.7722,13498.4186,10823.6525,12368.7533,12151.9629,11840.6726,12429.2311,4139.8132,10265.6016,11447.7795,9232.6776,2864.9315,6749.9494,11390.5675,12760.1727,5650.5602,4034.1685,10664.5293,11686.7428,13774.4224,11280.8797,9025.9611,7197.6796,4511.0398,6242.8327,10934.1348,3154.9280,11670.2117,2895.8627,4287.6172,13138.1406,10863.1342,3894.4002,12048.1844,7729.6705,6458.9382,8734.5449,3341.3093,1346.0104,11805.9699,13538.5652,9345.4338,6223.2629,11105.6492,1061.6587,7484.7834,11631.4194,0.0000,11292.0899,1597.6876,10120.2085,7250.9565,10312.6709,7649.5382,13727.1892,7799.0883,11958.7441,12225.9204,13314.4356,10510.1680,13236.2023,11632.1192,3617.9015,12806.1860,6212.7156,5286.3013,6828.7149,11625.2859,11832.3947,6512.5565,384950.2884,418513.6831,402412.7337,394582.1531,403267.5861,403879.1754,405653.9954,400211.2033,362248019.3468,362308599.5112,362272857.1405,362276906.1969,11799.6541,1995.7759,3851.3830,8806.2101,1559.6450,12930.4310,11642.8891,8145.2537,2439.2957,12987.0995,6614.9252,13649.5069,12581.8591,8254.7278,9397.2905,7157.9686,957.2100,1214.1892,11588.6840,11563.9340,8509.0581,2341.1611,8870.5018,9292.7517,12334.7543,13289.4940,10695.2507,7461.2847,13031.5391,7013.1676,2446.5070,5654.0297,10056.4912,8388.4269,11514.9854,13187.2747,12012.6038,9011.9977,11073.7047,2500.0163,4400.2583,10033.7152,8235.2689,13407.1289,12353.7579,7664.3321,11091.6958,9939.5557,10910.4845,13595.0339,8748.9365,6065.9150,10390.1756,11876.6201,6269.7385,4850.1286,8641.2224,12968.9356,10455.3790,7504.7328,9672.3929,13476.7476,11455.0585,9984.1950,12738.8227,3666.3256,8938.5671,7639.3097,8377.8255,0.0000,3048.9355,8234.4722,9229.5355,13227.4208,9694.3211,11706.7839,10720.8389,10640.2519,4438.1483,6694.9815,8757.0472,1930.5961,11806.4109,12447.7571,9950.5572,7775.1411,11719.7775,7939.3931,11078.9603,3714.7504,4123.7387,8807.7311,385488.0740,419229.5557,403235.2855,395432.6597,404134.0935,404602.5116,406265.6473,400965.7490,362252223.5890,362312803.7196,362277061.0863,362281110.4194,12311.9141,9364.0355,12405.6809,12009.4425,2768.3294,8342.9184,11551.0299,12518.6025,10087.8368,13796.7510,9423.7941,2646.4941,5124.6157,6593.5894,6877.0032,12141.3500,12405.0919,562.9792,7354.3193,7765.7629,10925.3927,8470.6518,8993.9867,11307.3360,5671.6663,11494.8124,6193.3058,4443.0044,10420.6550,12402.4126,12613.3112,13235.7482,12794.5807,12445.1790,3592.0578,2961.7693,8004.6221,8735.5986,12105.8741,11932.8343,8505.3035,5168.0943,5626.5266,11599.7732,9717.1959,12669.8529,2989.7614,9452.7547,5689.6236,10085.2787,12814.7039,10584.3945,975.1589,11552.6907,11571.0206,6646.4583,8453.6691,4455.1872,10528.2619,10624.8183,5071.5127,5560.6882,4206.1038,10001.3854,9621.1724,11057.1875,13855.5145,12703.0089,0.0000,11394.2292,11219.1860,4404.4228,9568.5273,13119.7843,5241.0667,6671.1925,12849.1573,11414.7388,7320.3804,10602.1058,10944.2911,9067.3866,1502.8278,9087.8025,11510.0812,12114.8096,13549.0234,6130.2474,10861.6155,11418.2080,7470.4782,395699.9655,429346.8578,413246.0479,405447.6430,414132.8382,414660.7120,416420.3202,411036.1217,362258231.6870,362318811.9914,362283069.2304,362287118.4324,4970.5467,9303.8328,666.2564,13173.6990,12437.3890,9095.3093,537.8538,12182.2993,5880.4234,13225.8252,13157.3793,9321.9884,9061.6969,8616.8761,2358.7019,1691.8964,12080.6232,10823.7458,8007.4025,4283.3984,8043.0840,10515.8336,12214.7749,13715.5826,11077.1592,8705.0481,13543.9120,5762.7109,3581.4629,6495.3769,9563.1014,6737.0567,10554.2416,13472.1753,12787.1170,8327.3821,10079.3245,3967.7658,5797.3871,11219.0124,9187.6408,13153.3844,11517.0909,6612.2390,10034.0137,10575.3022,9786.3553,13829.4308,7489.6531,4211.9627,11170.8773,12246.1221,4661.6843,6342.1430,8492.7928,12219.9191,10459.2548,6162.9075,8295.3284,13774.2302,12453.8854,10184.6622,11873.7514,5409.4602,7457.2612,6652.4848,8797.3185,0.0000,4832.7028,6699.3875,9713.3115,12508.4419,9517.0657,11366.9265,11860.3486,9856.8260,6044.6788,8190.7675,9891.2813,3860.3580,12495.9713,12911.7187,8890.7615,8845.6890,10705.1333,6488.8574,10607.8741,5515.0124,5774.8314,8330.9441,384199.6695,417913.9507,401900.9050,394094.0274,402793.0436,403283.9832,404965.6149,399642.5129,362250504.6387,362311084.7623,362275342.1900,362279391.4796,10794.8429,4341.7876,11135.7797,11532.5133,9661.8540,5462.2091,13320.7487,9736.2106,13838.8991,10733.3046,5083.6283,7119.2098,4640.9663,4616.8135,5005.0037,9047.3181,10486.9551,6489.3302,3359.4916,7502.0150,9295.4171,13471.8819,12325.5818,12066.4129,4322.1560,11692.7207,6708.8705,5695.0372,8210.0894,12299.2954,10119.3287,13041.1519,11637.4574,10082.3871,7334.3013,10334.0427,5347.5211,6539.2215,9773.7328,4901.4560,12205.4048,13436.4216,6815.7060,12742.7917,6918.6361,10551.9011,12640.1876,8365.6917,8104.7458,11267.3003,9435.5029,6982.3573,6558.7547,6046.5114,12545.9183,7835.3645,7388.5022,9788.9380,12339.1683,10152.4271,7105.7176,13024.6628,2381.7489,9298.9872,10516.5053,10593.0684,0.0000,4798.5088,8727.4721,6041.5597,13360.3381,11957.3754,9791.8889,9699.3902,12582.9306,6015.2892,4086.9909,9607.6770,2990.0783,11993.6380,10361.2934,9146.7753,9240.9498,13032.9234,10404.7862,9221.1538,4767.8785,5728.8004,6745.7299,388235.3740,422001.4713,405925.6077,398167.0569,406854.6245,407267.4728,408983.7567,403690.3215,362253563.4209,362314143.6500,362278400.7635,362282450.1803,9477.4586,12090.1645,6284.1154,2240.8122,9185.3651,10817.5733,5702.4881,9898.9878,11266.3651,11519.3230,13686.0537,10031.3387,8066.8172,8215.6679,12597.4361,13162.6520,13519.4515,8377.2146,13389.3607,5446.6263,5888.6858,9792.9183,2755.9999,11099.1495,10388.4307,12507.7099,6783.7461,3698.7744,4799.1869,10292.0860,8478.0370,11515.5493,10836.2294,13582.3032,13311.0830,6877.9633,5452.9092,6112.5826,11953.8178,12464.2380,9084.5732,12982.7018,8556.0570,12577.6458,12912.9703,10409.9223,12962.4376,10190.0773,3383.5792,12800.8804,11718.0835,5444.9124,13474.4005,12307.8246,13656.7720,12468.8642,12579.1754,10630.1985,8894.6746,13419.3348,11056.4358,9183.7660,12304.0436,6389.8189,757.0383,0.0000,7126.0310,12067.2942,12990.3720,11017.7996,3222.4766,13723.4335,7944.9202,6654.3258,6004.7199,10141.0666,3673.3465,8728.7259,5739.6929,12005.3938,13375.0276,2833.0634,9186.9825,8446.4741,13826.1675,7088.7366,6280.7200,13577.0033,388899.3993,422513.6422,406735.1745,398796.2829,407532.5723,408202.6184,409740.4745,404384.5781,362257186.3066,362317766.2847,362282024.2636,362286073.2747,12999.5253,12361.9501,9114.6925,1201.5390,12426.2306,6398.4286,13405.8082,12926.7340,8821.1492,8811.8592,8108.0459,2162.7302,1691.8274,11764.9979,10836.1596,7773.2380,3813.1745,7941.2273,10341.1611,12451.6110,13621.2643,11232.0260,8172.8924,13388.7239,5776.6093,3549.2976,6592.4132,9973.4055,7224.9228,10965.7017,13326.0295,12511.2454,8172.7962,10152.5140,3821.2850,5686.9437,11033.9137,8682.2673,13124.2500,11860.2133,6552.6110,10471.9367,10163.7890,9927.9879,13768.4845,7572.6542,4723.9595,11190.4616,11961.1707,4857.9532,6182.9271,8166.2447,12350.4179,10164.3299,6247.1455,8505.1329,13680.2401,12207.3271,9831.3200,12115.9290,4852.9386,7696.9421,7202.1549,9004.7691,0.0000,4532.6520,6945.1714,9284.5404,12716.5107,9866.8174,11222.2026,11611.3806,10286.7323,5831.8219,7658.6037,9813.2655,3346.4599,12474.3412,12666.1821,8929.3924,8827.2316,11097.6258,7062.5917,10469.7429,5177.0182,5542.2229,8100.8111,384612.4618,418337.4432,402315.9522,394517.0976,403214.5362,403691.1536,405376.6563,400060.2288,362250846.3566,362311426.4937,362275683.8726,362279733.1860,7770.4845,11671.7295,13274.7019,8100.3777,13586.4666,7128.7798,2303.8925,7529.5594,7633.1833,8938.7823,13157.1385,13311.6425,3147.4138,6552.2549,8797.1280,12309.1247,9014.0997,9429.1562,9711.5040,3961.1629,10672.6331,8482.2813,3093.1386,10996.7466,13260.3694,13009.7158,12221.1030,12315.6662,10946.2758,1205.1362,3619.7613,8704.7771,8129.8658,13076.5854,12772.6705,8865.7084,7593.0945,3347.9429,9823.8032,10352.7107,11301.5700,5514.4806,8725.1646,3419.8939,10215.2061,12925.6078,10187.7461,2694.2856,11985.9534,12464.2021,8064.5794,6610.5940,5767.1978,10896.4409,10230.3527,2895.3344,5938.4277,6001.2338,8119.0845,11287.5680,10825.8992,13393.2362,12430.9239,0.0000,12562.2957,11152.4917,6644.0803,7472.7063,12294.5738,5108.2845,7217.2498,11591.1850,12425.3224,9389.7247,10855.5189,12340.7369,8284.0139,1600.3965,8995.7549,11790.7593,10559.4095,13042.2135,6263.5005,12100.1694,12473.7753,8465.8629,395782.5896,429368.7949,413297.2868,405462.8546,414153.1393,414752.7454,416504.1710,411081.2475,362258072.7697,362318653.0386,362282910.4782,362286959.5544,5654.6975,12487.8493,10179.6200,10726.2844,8122.4418,6304.0878,9351.3818,12516.5674,8552.6595,11305.1266,11647.7240,8749.0384,11828.8316,13011.3665,10465.0757,13196.7142,3547.2183,6062.2588,4531.8784,4576.5403,9440.1474,5080.7880,13644.2189,10508.8973,8452.4751,8742.7404,12980.6506,10296.2266,6883.6249,5854.2059,13119.0394,12759.4452,10276.8118,8881.2779,2921.9055,9928.6264,9292.0188,9801.0219,13603.2396,10714.9567,9671.4809,12785.5611,5700.1928,13623.3751,13248.2585,3124.5097,8997.2788,13682.1592,8414.9500,12426.9029,10847.7707,11420.6407,13620.5903,13391.6599,5754.2091,3627.7742,11148.1645,10523.1271,10137.7636,13533.4121,11017.7964,6943.3127,0.0000,9758.5833,13550.4160,10806.5871,9916.8603,7840.4443,11457.8059,3310.5094,9507.6798,8720.9176,9027.2292,4554.5891,10821.8333,1026.1183,7504.9072,13269.4500,5946.5620,10596.8317,12154.3907,12106.9078,9210.5151,8976.0399,12892.5748,394748.6429,428354.2378,412507.2225,404590.5302,413316.6155,413974.0045,415562.9598,410188.6371,362261080.4325,362321660.5229,362285918.3170,362289967.3328,9106.6785,11889.0754,6927.1154,10863.9310,10515.4118,10103.0293,13259.4255,8341.4515,7451.7583,7816.0406,11731.8941,13402.9843,13147.2792,7158.7439,13290.2745,3671.4409,7324.6693,9515.2985,3937.9464,9577.6421,9870.0994,12540.2396,6167.4125,3232.8293,6810.3119,11302.7061,10095.1776,11156.4671,9832.3980,13377.5010,13672.3903,6023.4072,4248.3331,4512.9493,10621.9522,12617.4105,10547.1660,12928.1456,10162.9576,11494.9377,13429.7133,10345.7953,13202.9381,10787.5639,2987.3861,12061.9314,11934.3934,3964.7762,12877.5440,12961.7951,13056.3298,12635.2926,13137.2245,10426.0487,7678.4129,12647.2090,12083.2152,7761.9563,12850.5759,7847.7688,2593.5853,0.0000,5870.1975,12556.6561,11989.0508,11986.1099,5345.0517,13536.2699,6499.5518,8464.3962,4521.5347,8467.6551,1697.3015,7604.0961,5446.8798,11295.4259,13597.3968,675.1643,10690.4992,9714.5124,13664.4761,5618.0517,4848.1799,13209.0329,390022.1625,423679.6233,407881.4624,399967.6294,408700.5124,409320.0072,410863.0784,405534.8349,362258347.3448,362318927.3596,362283185.1807,362287234.2785,11946.5744,5479.6665,13044.7430,13309.3608,9700.1083,9229.7273,9014.8777,2655.0443,1902.7262,12297.5546,10772.9668,8168.9810,4702.9446,8098.4632,10662.9460,12006.6943,13761.0101,10954.5875,9113.2243,13637.1723,5746.5749,3718.4355,6474.2520,9226.9742,6317.8647,10194.1112,13552.3214,12979.4976,8423.4133,9982.3838,4180.0447,5950.9983,11368.6116,9567.2033,13133.8487,11208.2025,6646.1780,9652.9733,10872.7118,9635.1796,13843.9561,7400.2199,3789.0940,11160.8742,12436.7433,4511.2593,6524.9296,8724.9623,12071.9938,10658.5696,6084.3314,8096.4047,13815.1858,12633.8014,10432.5216,11638.9217,5865.5817,7239.1810,6208.2003,8655.2820,0.0000,5136.2691,6481.8057,10024.7516,12300.8165,9239.7960,11441.7736,12049.6877,9491.8239,6270.7800,8608.6081,9972.6636,4309.9521,12504.0813,13072.5575,8827.7591,8891.0046,10356.9850,6006.7237,10679.5508,5833.6528,6018.7765,8487.2144,383908.1760,417612.8147,401605.6525,393792.2829,402492.4254,402995.6021,404674.9825,399345.6457,362250238.4888,362310818.6024,362275076.0697,362279125.3386,10083.5482,2880.6453,9554.2648,12693.8014,9863.3796,13376.7285,12978.9165,12678.3976,10208.3840,5795.4716,10180.8464,13594.7687,9102.4176,12078.5981,6493.2711,8181.7684,9444.5357,13187.0693,8822.6283,9841.5661,12935.2581,12373.6525,7724.7800,7445.7734,4169.8670,7920.5122,10494.9307,9428.0220,6135.8315,13194.7890,13193.9353,11977.2641,12624.4249,5364.2116,2728.2436,9760.0291,4611.9335,11398.1116,5642.7108,7134.0112,8376.5284,9623.9396,10769.2281,9694.8564,9935.1809,13291.5049,10708.1045,2809.1721,9904.7118,9220.1968,6829.6612,7592.8486,11169.4639,10616.5521,680.5913,13589.4764,7481.8024,9052.3404,10863.1245,0.0000,13513.4082,8071.0460,11556.4811,781.5246,8842.6992,7772.0097,11738.4467,5937.3803,13437.6725,13575.8288,12173.3881,13518.7217,9830.3056,9384.0421,7556.1093,12288.7318,3420.8580,8127.9484,8071.9277,13520.9178,13486.8720,9997.2420,389747.8812,423213.7766,407214.1475,399305.9593,408007.3236,408749.5848,410474.0933,404979.6015,362252630.6058,362313210.7270,362277468.6774,362281517.5136,10736.8085,13570.2914,12412.5262,12222.9008,11421.5051,5991.8621,5535.3165,13786.1659,11747.7958,11540.8746,7804.4256,10998.5028,9767.6789,8287.3829,12701.5503,7424.5109,11969.2820,13124.4478,9167.2818,5344.4063,4869.5685,4409.0507,5857.0278,6827.5678,13417.0862,13412.6042,11433.9347,11153.6401,5969.7372,6255.4184,10482.0312,12515.2173,12954.9038,8219.6437,10005.9348,6357.8335,13262.1616,10474.5316,12786.8809,9799.1814,5452.4108,8606.8643,13825.1086,7773.6591,6835.6362,12106.0777,11468.4599,13160.4753,9032.8083,9326.1972,13014.6219,12423.7277,13137.6571,10032.7727,9119.0333,8721.2805,1497.6284,5024.5089,0.0000,7094.3528,8309.3799,12973.2454,10588.0317,4504.7744,13043.5732,11757.0387,5295.5623,7082.7660,11266.3927,8379.7535,7804.2088,10298.1941,13751.2064,10796.9224,7095.9176,7432.3957,3588.8865,12646.7962,7641.1722,7094.4310,11717.2803,384050.9371,417663.2437,401795.1850,393889.0599,402612.0911,403257.0090,404857.2696,399483.6752,362251527.3901,362312107.3812,362276365.3028,362280414.3459,8171.2758,12461.1210,11029.5226,12946.0905,13535.0461,13385.6157,9694.2677,7430.2419,11550.8766,13805.0886,10789.2628,10638.8843,4804.8474,6038.8479,7939.1432,12971.7426,6979.3524,11666.6042,13245.4605,12088.4702,7633.2524,9536.8494,5318.2484,6545.4532,9104.8954,10978.7986,8225.3553,13401.5583,12982.8716,10377.6099,12554.5143,5123.8311,3720.0793,11540.1777,5992.3167,11255.8710,7956.8415,5075.5992,10458.1507,11391.8749,9116.9231,9264.1184,11792.4805,12942.5420,11730.1258,4512.1183,10518.1145,11170.9890,9199.3280,5681.1819,9466.5775,11061.5023,3483.2212,13691.8570,9782.8309,9927.1504,10137.8577,0.0000,13530.8030,10265.1141,11812.7313,2497.7813,8361.7939,8648.0954,10103.7722,6388.8844,13161.8752,13259.2284,10897.7085,13845.1993,7720.8312,8384.7095,9593.9308,11323.4428,5005.7997,9673.7227,9273.4542,13388.9804,13277.6459,11338.0777,391992.1348,425459.1478,409512.9054,401583.3192,410293.3562,411053.3932,412740.4514,407254.6275,362255442.4016,362316022.5072,362280280.5108,362284329.3223,6677.2101,8721.5199,7696.9784,12731.6897,13017.0857,3198.1395,8436.0376,9782.1242,11574.2818,10239.7790,7774.7000,9670.4936,3231.9906,9905.4035,7526.6538,1895.5311,11917.9115,12680.7518,12184.2543,12283.7060,13253.9811,11795.1526,2059.3535,1418.7321,9898.3473,9880.8293,12396.6032,11831.8877,7100.6314,6966.3781,5466.1357,10815.1965,11367.1099,12157.2518,5288.9669,10412.8015,3596.4973,11491.0871,13559.6041,8960.3151,3311.5416,12778.8543,11411.0071,8842.8092,8502.4046,6797.4327,11929.8646,11656.7350,2918.9549,3840.2410,6649.1270,9648.5100,10471.4182,12106.6763,13600.8181,11689.1352,0.0000,11704.4351,12305.8065,6755.7473,8984.5274,12046.1183,6908.0205,5220.5596,12049.8809,11388.7584,8239.8009,9445.1274,11701.5263,7020.5735,1413.9898,10514.7356,10581.9753,11575.2728,13632.4339,7916.3138,11122.8249,11472.7574,9505.9719,396599.9502,430217.6768,414186.5629,406347.5059,415044.4636,415627.4358,417343.9761,411948.7936,362259816.9653,362320397.2192,362284654.6391,362288703.7535,6548.6138,2476.1001,8720.3963,9183.8394,4849.6432,9604.8870,6986.3400,6941.0261,8256.2968,7921.2918,12854.8595,9107.2875,11757.9942,1173.1955,8087.0362,9147.8094,9198.9559,10282.2077,13387.3176,12463.6798,13691.0430,8087.6840,5855.7312,7782.0899,10277.7951,8729.8413,8868.7554,7884.3525,787.4569,9728.2213,13463.1847,8700.5299,13673.5429,2735.2652,10840.9334,9565.4403,9887.6751,11379.6090,10456.3506,5489.5858,10050.7734,8496.8971,5674.4519,11452.4343,5576.6198,9617.8480,11071.8482,9057.8815,6647.5631,4531.3285,12511.5235,5277.8599,11047.5515,12958.2879,11649.3946,0.0000,7753.4092,10823.5548,3063.1391,12435.8756,12956.0072,7855.2942,6724.5529,13521.8524,8125.0898,2674.4337,9265.1859,6949.7339,10126.5413,6293.6602,9730.6896,9777.3156,13562.1051,12920.9671,7923.2916,7182.9552,8026.7029,6945.8826,393162.2467,426903.5460,410813.8326,403050.1128,411735.9134,412169.9374,413901.9572,408588.0655,362257315.7331,362317896.0226,362282153.0861,362286202.4623,8412.7569,10088.3294,10013.1082,6125.2846,4686.6217,1431.2010,9753.0991,2406.2666,12245.5605,13202.9636,10664.7915,13685.7014,7183.5244,9935.2527,4851.1099,11036.9768,12689.6099,13201.4370,9186.2856,11630.1662,8621.8548,9012.1470,1718.6426,4834.5371,10978.8188,11875.0611,12258.1832,5904.7405,7546.1774,11346.7865,3828.3632,11464.7150,5111.3531,5642.6261,10210.1186,4607.5252,8758.0442,13475.0849,5904.1362,6520.5998,11884.6572,1261.7513,7818.0734,2343.7857,5058.1658,6029.3522,9910.4576,10752.0118,2832.4497,9381.5804,8830.7952,6278.0971,12117.7200,13613.9483,0.0000,10768.5130,6325.1500,3863.7084,9710.6298,13579.7033,3555.3003,11261.6733,12360.4229,11563.8460,8351.1056,13056.5814,9423.7667,12937.0365,7585.9337,3957.5952,13151.4117,11115.6464,10848.4842,2586.6153,10679.9063,11396.2359,1037.6946,390033.3501,423692.1829,407491.4598,399741.0718,408408.9791,408886.0296,410712.8131,405324.6101,362251853.9088,362312434.2287,362276691.3582,362280740.6342,7434.4810,8050.2332,6745.5665,11144.3683,8576.5910,5334.5789,9698.3960,6306.4705,12400.6474,9528.5251,10642.5354,1560.3625,8710.9193,9962.3070,7646.9009,8507.0324,12625.5408,12614.5929,13692.6862,9218.3749,6621.5325,9351.7533,11678.9268,7068.7175,6923.6875,6473.2622,3099.3881,11112.2959,13665.5656,9775.5548,13657.4181,5057.8588,12061.9551,10235.2110,10966.1691,11308.5069,9116.5953,7401.1219,10467.4313,6455.4501,7500.3305,12615.0289,7753.6598,10452.3286,12032.7293,9803.2319,6338.6951,6789.9781,13263.0313,3717.8813,11858.7221,12203.7116,10158.5204,0.0000,5898.4272,11526.1397,5394.4873,13197.7923,11934.0349,9777.4800,5864.7226,13142.0630,6077.5373,641.3514,7482.7207,5517.3385,9299.8374,7722.8805,11090.1786,7914.2690,13733.4780,12600.8343,9807.2783,5194.0215,6006.2587,8614.1620,392553.4191,426311.3841,410286.1780,402503.2740,411199.2748,411638.6634,413321.6503,408029.6372,362258032.6749,362318612.9124,362282870.0556,362286919.4348,824.6284,11969.8925,11978.8200,9247.3220,2393.2730,9534.5250,8901.3458,11897.9731,13232.4936,10096.2940,7906.5831,13054.7969,7668.1777,1518.9590,4795.2908,9489.8586,8445.6262,11263.2837,13329.4844,12142.2165,9700.3548,11513.5397,1697.3332,3650.4185,9694.2189,8771.8398,13625.4961,12161.6710,8354.0971,10850.2942,10443.2239,11293.7460,13584.5468,9306.0127,6234.6635,9832.7942,12263.0150,6801.6396,4186.0705,9378.6209,13156.8552,11061.5861,8093.7326,10070.1287,13498.9019,11381.2327,10601.5206,12771.7629,3991.9174,9340.0476,7132.3431,7609.5257,0.0000,2583.0783,8654.2400,9849.7018,13239.4091,9036.8423,12205.8356,10563.9074,10232.8574,3840.5738,7011.2440,8182.9833,2190.5827,11413.2908,12696.0638,10487.1059,7086.1137,11541.9208,7709.0148,11635.2464,3363.5752,3548.0886,9528.8929,385402.9006,419138.3004,403173.7307,395356.6439,404062.9151,404547.9401,406191.3522,400891.6023,362252555.9980,362313136.1041,362277393.5374,362281442.8466,12225.5582,11741.6291,9103.9319,3169.8771,9267.1168,9419.2138,11832.9712,13445.9279,10224.1863,8432.9154,13308.8259,7233.6574,1931.1391,5068.1359,9219.3920,7779.2146,10853.6109,13497.2083,12506.2542,9489.0141,11174.8129,2334.7114,4221.8489,10200.7182,9188.0237,13577.6377,11819.8476,7997.3836,10397.5472,10748.6342,10897.6980,13722.2450,8865.8469,5499.7416,10143.8312,12471.0200,6223.8288,4807.8074,9370.4355,12901.1656,11122.7345,7621.8600,9571.1226,13664.9439,11827.3513,10736.7973,12450.0535,4672.6490,8798.5904,6612.9943,7713.0195,0.0000,3358.9102,8092.7062,10089.9913,12978.2915,8891.1591,12133.9109,11062.7896,9867.4924,4522.1100,7635.7784,8646.0336,2908.2307,11705.9396,12939.7053,10126.4127,7505.8242,11122.3309,7058.2776,11511.3455,4134.4217,4253.4114,9396.5728,384796.5325,418521.4429,402551.6167,394732.0262,403437.7112,403932.2153,405581.3344,400272.8728,362251829.3932,362312409.4938,362276666.9561,362280716.2475,7164.0860,7310.5557,10757.0693,8073.5973,9245.8163,11613.2847,6176.4758,11784.2580,5950.0435,4972.1608,10063.0944,12297.1937,12657.5388,13384.4241,12652.6883,12548.6796,4051.8816,3445.6009,7581.9702,8503.5665,12001.9626,11916.7183,8801.3999,4820.2544,5782.7456,11743.8780,9332.0596,12741.5987,2534.8939,9251.5680,6155.7134,9759.8699,12604.4650,10890.8004,790.4164,11246.2393,11572.5148,6153.3279,8486.1064,3957.8818,10193.6990,10384.9553,5555.8034,5966.8594,3670.5727,10085.3977,9424.7150,10804.8882,13852.0158,12866.3914,0.0000,11295.6368,10953.4967,3894.5936,9709.0942,13292.5750,4953.4283,7009.8222,12973.0912,11389.7617,7155.2456,10820.1900,10750.6702,9467.3530,2029.8215,8775.5521,11670.8870,12201.2820,13478.5332,5780.7899,10780.6787,11375.8077,7014.5849,395401.9021,429054.8156,412941.0619,405150.5623,413833.5239,414350.3943,416117.8617,410736.2419,362257831.2096,362318411.5221,362282668.7280,362286717.9476,5280.8685,12159.5253,4327.8079,12747.6632,10775.9204,9170.2963,12467.0509,10316.6893,8924.3195,6437.1314,12551.2122,13307.0375,11360.9651,7837.6969,8590.1280,7263.5850,9309.8395,4428.5241,1703.9314,12664.7845,13224.7409,12641.9938,9218.2659,4436.3429,7884.3335,5760.1510,8587.9159,7746.9892,2515.2417,8203.4206,4750.0472,8888.9621,12911.9497,6559.1426,7546.9354,13281.0027,5825.5135,3360.9133,5026.7945,5993.9346,4397.7441,8179.0548,11023.6679,6018.9329,5261.1215,11626.3199,5274.1224,11123.5349,13143.4006,0.0000,12722.2302,5874.2607,7360.9988,5596.9760,12151.0853,2696.1126,11764.0099,9946.3060,13162.0609,11245.8609,13370.8823,11919.1977,11969.5343,7470.1041,3105.1765,13531.8207,7848.0760,9627.0081,2521.0398,12679.3927,13086.4566,4984.0988,390155.2231,423709.7078,407556.8285,399745.3994,408421.7065,409021.3606,410835.8214,405380.5694,362251527.8704,362312108.1318,362276365.5979,362280414.6614,9135.6495,1634.5404,12479.7659,13418.5048,11551.1951,13774.3739,7415.0451,10900.2397,3581.5749,10310.7348,12234.3992,12942.8496,8404.5370,11493.8473,9710.6707,9980.7299,1073.1359,4972.6918,10303.9118,11398.4663,12602.2345,6336.6573,8554.3269,11417.0780,2563.6230,11234.7359,6049.2620,5592.5206,11136.3723,3744.2039,7698.6218,13651.4347,7149.8739,5299.5632,11487.0797,1543.0302,8366.8743,3707.0989,3911.0153,5466.0743,10880.5757,11465.6979,3989.0950,9666.6648,8384.8335,5508.5293,11468.8289,13370.3663,0.0000,10214.0386,5409.7451,4655.3611,10135.2003,13348.4346,4760.0662,11819.4752,12137.9056,11142.9493,8416.4140,13098.7888,8745.8077,13378.9957,8740.4578,3646.3258,13016.4509,11017.7478,10110.9911,3650.4518,10230.2540,10945.2299,421.9281,388673.7795,422342.3787,406144.7103,398396.9075,407065.2998,407533.7202,409356.0731,403975.1775,362250851.4823,362311431.7864,362275688.9223,362279738.2148,9782.4754,7702.3263,12277.9107,12439.1237,10188.4022,5974.9831,12081.2932,8484.9148,2814.6706,5260.9930,10634.5009,10119.5163,12420.1781,12501.6835,10786.7445,9774.5401,11983.3581,2247.1901,3383.0181,8440.1818,7102.2632,13350.0593,13060.7105,8908.1807,12124.0882,9059.6074,11959.9373,12958.5164,10086.9817,8084.0657,9383.4324,11177.8220,8086.7402,3501.1703,8869.3313,13500.3192,10324.9690,9006.0560,11053.6976,12767.2464,9979.8683,9661.0107,13419.2385,1786.8918,10462.9050,8931.6429,8106.1599,0.0000,1514.3119,9847.6171,8628.7951,13724.2579,9973.5950,11866.1111,9110.1748,11440.3575,2928.5905,4872.3714,7408.5987,580.1355,10770.8209,11587.5118,11007.7662,6662.6713,12655.3335,9569.0012,11434.5615,1766.2079,2591.8890,9375.3160,387470.6611,421231.5634,405256.8018,397455.0480,406159.0562,406612.9982,408258.8493,402976.7799,362254471.6369,362315051.7800,362279309.0929,362283358.4557,12928.9096,12862.0773,11631.8836,13562.4769,8673.1221,11142.7877,2854.6807,10538.7194,12322.1257,12240.4242,7194.9673,10402.4309,9859.6776,10595.5607,719.8495,3610.6228,10637.6940,11743.6571,13066.1367,7671.3863,8160.8340,10353.2347,1807.0615,10110.7045,7207.5786,4118.2361,11071.4596,2245.3044,6876.5481,13719.9036,7793.7859,4552.0726,11900.2332,3064.8037,7353.7668,4576.5446,2853.3227,3899.8148,10909.5688,12027.8081,5127.8583,8537.1265,9271.6732,4033.6219,10733.1603,13205.7743,0.0000,10731.1733,4068.6870,5996.7270,9129.9547,12831.9990,4663.1572,12402.6464,11227.1484,11614.6393,9558.6749,13391.7045,9388.3361,13450.7486,9231.2334,2072.9112,13230.1830,9862.6480,9131.8478,3437.2845,10827.3975,11431.6781,1661.3265,387849.1059,421486.3314,405296.6180,397532.8090,406202.8124,406706.2675,408529.2600,403126.9645,362249914.4956,362310494.7769,362274752.0194,362278801.2505,8183.7460,7293.0027,5434.1861,7587.0287,7327.0187,12901.3052,8023.5511,6176.0828,9246.0779,12862.3343,11540.2786,8895.5471,6825.8994,12827.0541,13416.5398,7632.6915,6049.7715,975.0449,8584.4852,11228.7126,11490.2089,12985.6522,11739.5352,9225.3493,13450.7052,8417.4124,13429.2527,12385.1002,3262.7846,9701.3815,12805.2092,5435.1567,11817.5325,12546.8541,11444.6438,13067.1313,13599.1498,8301.6882,4358.3641,10899.4274,12276.5060,7442.5399,13501.7626,10509.8659,5963.2708,0.0000,6876.0625,13303.5336,10118.5797,11941.4988,8042.6062,12203.1259,2989.0635,10405.1770,5701.4231,6673.5279,2060.3834,8158.1086,4039.9672,8723.0007,13456.1085,3559.5761,11915.1635,11866.7635,12575.3815,6219.9829,5975.7604,12459.2552,393264.1855,426940.3178,411089.5426,403203.1765,411927.9464,412511.6758,414088.5455,408764.4766,362260544.9817,362321125.0752,362285382.7100,362289431.8606,7088.4625,3671.3272,12976.3160,8214.4294,12853.6352,11108.8991,8954.3499,4377.8083,9883.4105,5278.7753,8905.3597,9982.4949,13093.1282,11242.2133,11282.7808,10369.7182,8168.0351,13158.3940,9001.2207,4891.7635,13059.7041,5878.9429,12647.9355,10803.1473,7080.7335,12329.7793,11217.9456,5560.2071,11486.1060,12436.6734,10334.2684,13517.8700,8589.9125,12858.7639,12500.6730,11264.6162,7624.1138,8947.6944,13049.4155,7002.1512,12590.8729,11443.1061,7813.9598,6215.8664,0.0000,11507.7706,11618.9034,13266.7160,6587.4453,4448.1426,11798.3393,8905.5108,4539.6507,10737.2952,12680.9686,7704.1960,12469.5163,5203.3372,10367.5888,12080.6807,7929.8463,5798.5642,8783.0028,12226.8779,11398.0072,10943.4700,13323.9347,390838.8260,424338.9763,408518.2209,400551.2271,409281.2747,410051.5169,411643.0510,406199.9244,362256867.3552,362317447.3606,362281705.5155,362285754.3348,7822.3795,9725.9919,1364.1832,12951.9760,12879.6926,11642.2885,10464.8092,12903.0439,10130.9802,2806.6994,3887.8224,11469.1878,10517.7275,12700.6602,11848.7237,6582.7437,9462.8950,5540.4214,9021.4895,12593.6486,10646.3013,8103.6408,10774.3939,1415.3472,12351.2018,13659.2622,7292.5510,6111.1549,13470.8640,11469.5309,10932.2395,8032.3686,9128.5232,12812.1926,12022.3733,1328.0963,4214.8330,9167.1363,8490.3060,11729.4483,12485.9750,12580.8985,10305.3318,0.0000,12212.2397,12744.6935,9380.3157,7625.8658,10236.0661,8522.7493,5352.3278,10283.9326,11615.6344,10053.7660,8603.3770,12627.6450,4907.3993,4308.3963,11438.5026,9777.2531,10036.3229,12892.5034,9508.6907,11700.7957,11772.1590,11300.9007,396222.6954,429787.2706,413835.2649,405943.5904,414653.4123,415317.1249,416988.7644,411568.2996,362260163.7030,362320743.8801,362285001.5743,362289050.5563,11591.8439,8670.7604,13193.3101,9000.5363,6228.4425,4819.9399,10866.5620,7740.0118,9901.7503,9686.8411,13721.2157,12884.4761,9051.8629,7682.7949,5686.6891,12209.9366,10958.0776,7876.7618,13499.2795,8068.1912,12317.1119,12535.5600,8411.2190,13245.1257,11341.1848,2364.3687,11901.6359,12647.4918,7540.9433,13661.5355,11074.3700,13322.6114,13049.4411,12635.8901,8734.2256,7810.9158,13204.6247,9816.3058,10633.2749,12581.1711,7637.8603,3368.4877,0.0000,9127.2998,12523.3406,12978.8257,9527.7922,3608.3145,13013.1093,7178.3198,6240.7564,8038.6658,10895.7968,4407.2563,10514.7695,3736.7623,10790.1777,13303.8707,4590.9693,8385.0364,9324.5843,13346.2360,8940.4699,8313.0282,13748.3909,390827.5662,424398.0801,408617.2939,400661.8973,409398.0738,410111.4591,411660.3186,406273.0067,362258323.6961,362318903.6869,362283161.7381,362287210.6684,8791.1228,9207.6255,8371.1085,9571.1907,13224.9050,12433.1044,13839.0936,8957.0634,6609.3510,8252.1278,10857.5083,7856.1706,8014.4556,7674.9927,1620.4040,10592.1136,13743.5260,8883.9029,13783.1010,3880.8167,11341.9167,10263.6898,10160.9407,11143.5455,10231.1224,6582.5940,9949.1987,7637.0409,6215.1006,12121.9587,6503.8175,9726.8215,11377.5804,9792.0438,6967.2817,5475.6074,13010.1066,4255.8464,11251.4676,12634.2369,11194.4170,0.0000,6809.9380,10948.0171,3988.4863,12983.1528,12704.2104,8756.6534,6791.7960,13509.9578,7225.6715,1582.3304,8793.1059,6012.6578,10190.5380,7271.6462,10198.5723,9192.4558,13776.3786,12731.2308,8727.9765,6223.5800,7110.1601,7436.4988,392535.6066,426291.8489,410220.1533,402455.4951,411143.9535,411568.6224,413284.7714,407984.6101,362257238.7281,362317819.0003,362282076.0678,362286125.4645,12617.2990,12813.8822,11857.0665,11284.9026,13151.9560,10916.2745,2080.8963,2630.9047,10903.4304,10334.7087,12581.6819,11820.1201,6595.3347,8434.5816,5447.5521,9855.5227,12178.0336,11370.0553,6967.1952,10711.4203,2111.3256,12092.2708,13712.2437,7897.2054,4973.6373,13279.3438,11409.5295,10139.2831,8272.2241,8222.4992,12543.0139,11970.5958,1539.0579,3667.9670,8181.2661,9043.1097,11198.4483,12430.7853,13080.5461,10874.6505,0.0000,11989.9355,12664.2004,8338.8570,8249.5741,11029.8663,7897.2821,5004.7780,11100.8667,11488.5249,9256.1660,8847.9123,12253.4599,5660.7299,3086.5853,11146.2400,10045.9826,10770.5779,13293.7843,8911.4881,11434.6982,11619.6716,10638.0633,396564.0454,430152.0193,414168.9979,406298.7439,415003.5992,415633.3837,417322.1189,411913.1673,362260226.8525,362320807.0623,362285064.6402,362289113.6781,8788.4562,10945.8305,11274.6637,5534.7841,9963.2707,11665.2692,12077.1785,3381.7978,5307.8236,9019.0978,10426.6049,13243.0834,8645.8193,10144.2838,10384.7524,1115.3058,9491.4217,8892.2051,5240.5896,12537.0996,2108.4506,4427.7100,13512.7097,9909.9174,1806.5763,10742.3305,4908.0784,8813.4254,6981.0204,825.8269,3792.9599,12449.5060,12962.3410,7244.9315,9294.3614,8451.0638,3175.3495,9002.4617,12176.6222,0.0000,9403.8394,2614.0434,7641.4165,10071.0777,11863.2551,7270.6969,13028.5383,10454.8360,10451.5689,9688.3217,12955.0052,8019.8332,13786.2100,11131.1178,3668.9834,12449.2284,9590.9182,7341.5698,6145.7636,9714.4431,10231.0216,3889.8530,385435.0674,419089.7703,402937.9478,395164.5286,403841.0933,404342.0919,406134.1874,400748.7859,362248662.9221,362309243.1506,362273500.4629,362277549.7068,3337.9450,8669.3039,8831.7690,10954.3587,13296.0603,12047.5689,10711.6861,12184.8792,729.6404,2369.0370,8883.9580,9366.6081,13789.1912,11882.3070,9466.7409,10592.4736,10973.0003,11915.3160,13325.2653,10250.0594,6917.2686,8734.0634,12608.0594,7859.6697,3029.6960,10383.2072,13379.9925,11813.0142,9129.2587,10797.8500,13280.1605,10964.3837,11352.2822,12803.9504,4499.0705,10115.7963,6648.4815,6312.9088,0.0000,2089.1538,9485.5308,10587.6603,13200.5751,8015.5087,12827.8728,10022.1235,9688.2196,2843.7596,7304.1598,7046.3890,2927.1364,10546.8626,12810.1602,11333.0851,5801.9301,11341.9579,7698.6248,12375.5328,2898.6516,2631.2124,10556.6547,385752.0166,419477.0175,403558.3982,395718.8265,404432.4661,404943.7356,406556.9542,401257.0209,362253474.6231,362314054.6965,362278312.2256,362282361.4968,6816.9643,9740.4520,10053.5022,12741.4502,11546.7173,12500.1097,13191.7970,3412.1531,2120.5924,7098.2988,10640.6586,13593.1668,10916.1977,11547.9134,9866.8116,11897.1849,12850.1948,12247.0578,11966.2063,8647.9028,6035.2498,12962.1847,10030.6381,2485.1665,12206.7157,13347.9181,13039.1370,11110.0399,12067.0492,12306.6240,9867.4646,12633.9049,12418.9200,6504.4797,11551.3295,6181.4316,3258.9481,0.0000,3877.2702,11086.7497,11946.3228,12618.8003,5669.5867,13683.4234,8764.8566,8384.4185,2983.5625,8392.3172,4572.9573,5617.3847,8287.1748,12654.3839,12759.2239,3008.6135,10638.0614,8038.0621,13504.0242,4114.3917,3175.1378,12393.2119,387127.3818,420811.5492,404979.8051,397089.6600,405817.2066,406398.9191,407959.5798,402644.6317,362255592.4075,362316172.4220,362280430.1712,362284479.3323,7275.6175,4232.8265,11731.6347,12389.9597,12636.4693,11188.9483,9082.0349,8584.4139,9674.5126,13591.7224,11270.6088,5316.6735,11834.6570,4254.6320,13677.3576,10490.7964,10449.4024,11156.7061,8335.6438,6899.4362,13307.7196,10293.9966,8860.4058,13376.1809,9868.4669,13585.8380,10934.4111,10112.7353,10868.9537,11302.1703,13731.9344,7957.2357,11507.6835,9925.5398,3796.5658,4542.9141,0.0000,9788.2723,9875.7429,13824.1558,8190.9073,1653.8460,12811.4512,10880.3544,2134.3966,9265.1557,12694.0942,8017.3821,10748.5841,8006.5473,12713.7872,11531.9846,7327.2314,5115.2325,5355.8639,12797.5150,10007.0202,9409.5568,12980.1848,386664.2208,420195.3454,404377.6763,396420.9305,405151.6927,405893.1700,407475.2579,402053.7164,362253658.4349,362314238.3995,362278496.5532,362282545.4304,5648.9230,12519.5245,13576.7853,7846.1428,6642.9900,9366.4097,10332.4371,13291.0377,12235.4346,10605.7002,6728.6236,6305.2357,4941.6526,12280.4554,5736.6005,12397.2103,5241.4441,2783.9329,12104.9198,12407.1569,4339.7438,10807.6801,9547.5614,8073.2089,10694.9730,4956.2611,4165.1372,12610.6511,13779.6883,11111.3498,7036.2156,10808.1149,3557.3419,4911.5676,9845.0338,0.0000,10256.0647,3387.3531,11586.7558,8042.9348,8391.4302,9871.3762,13698.4298,6100.9228,10808.7898,12455.3102,12252.1873,9833.4146,12701.0588,12888.3264,6266.4285,11466.0352,5480.9533,2529.5068,9173.8626,10721.9283,10706.5882,8546.7778,383571.0146,417137.2285,401113.0985,393251.2748,401949.6386,402587.2425,404306.9123,398876.4720,362248102.2101,362308682.3017,362272940.0819,362276989.1082,10638.0631,12346.4820,10875.3341,8318.6983,11375.6117,11351.0096,11735.8079,13706.1306,8939.0053,1709.7907,10336.6805,794.1654,13182.1659,7492.9966,9547.0298,9092.7747,7876.9181,9625.2078,12230.2918,9304.6153,11615.0465,12182.6601,6578.0589,12135.8773,9376.1197,7513.7516,10027.1546,12172.8277,12617.8410,4317.9676,12955.6176,7653.6916,5577.2579,8321.3657,0.0000,12028.4036,7938.6324,13189.6109,4845.1190,5736.6168,10623.9269,12244.9643,2118.4211,11865.8854,13784.5187,10923.4059,12378.2475,9694.6138,11876.2434,9087.7257,10552.6198,943.6997,5129.5816,10602.1120,12229.4048,11933.5323,11455.7645,386816.1109,420295.6820,404382.3420,396443.9171,405159.4986,405919.4200,407579.6076,402107.1058,362251660.4461,362312240.4727,362276498.5868,362280547.4120,3430.3104,9601.6855,8802.6112,13116.5763,12647.0073,8274.7525,8247.9698,3626.7734,9465.9427,11103.2062,11057.1534,6353.9614,9289.8355,2282.7207,10896.9452,13226.4894,9429.6515,3741.3934,12516.7562,12316.5250,9023.7499,6813.0452,6853.7394,11538.1705,10766.3562,1710.0850,5378.2152,7040.1731,8038.8161,11565.9884,11344.0141,13220.9829,11908.6355,0.0000,12611.2243,11668.4492,7560.1214,7280.0424,11744.2103,6129.3360,6688.4361,11188.6539,12334.2734,9703.0381,10308.3305,12580.0467,7359.4495,2167.9717,9739.8810,11323.1999,10317.9060,13044.9757,7253.6890,12131.3001,12415.9820,9399.2500,396078.0023,429653.0079,413615.6921,405762.7295,414458.6957,415081.9371,416811.5830,411385.6499,362258759.0912,362319339.3346,362283596.8571,362287645.8966,10232.4137,10644.5954,11697.7335,11044.6025,6141.2562,6272.6207,6730.6070,11513.3349,11578.2622,12670.0123,4985.3560,11157.5162,4618.7572,11895.0416,13625.5106,8444.8607,3850.3512,12878.9325,10565.1569,8934.7308,9573.6473,7139.7125,12172.5710,12208.4706,3990.8463,2786.7912,6771.1931,10585.0038,9617.4051,12556.5581,13598.9606,11272.2743,0.0000,10891.8508,12665.2424,6540.9767,9983.7307,11980.8641,7715.5204,4118.1398,12380.8500,10525.8837,7203.4678,8633.1181,10958.1453,6702.9007,2372.9761,11086.0204,9830.4900,12208.2778,13803.9240,8596.5509,10246.4246,10616.4349,9745.7112,396614.6521,430259.5162,414242.7609,406408.6062,415107.7625,415668.4088,417369.2348,411995.4383,362260385.2898,362320965.5390,362285222.9161,362289272.0745,3963.0546,10762.7534,11831.5457,12932.6015,7168.6452,8062.0067,10760.0439,2301.7700,10616.6491,6645.1079,4594.5626,10937.0178,2964.9258,7456.8586,13764.9379,7318.8397,5111.1446,11948.1306,2421.1991,7562.2134,3963.3398,3488.5291,4573.2534,10732.3517,11760.5069,4496.0355,8881.4350,9136.6041,4739.7431,11223.6786,13427.4171,0.0000,10766.0418,4769.5422,5392.5913,9401.8014,13164.8090,4335.4977,12170.9976,11674.1028,11644.5732,9224.2679,13391.5968,9390.2700,13425.3054,8843.8338,2608.8292,13297.8408,10339.9108,9711.9930,3114.3771,10812.7918,11461.3294,994.1875,388427.5545,422073.0980,405875.4103,398118.3998,406786.9478,407278.7725,409105.8193,403708.4940,362250375.0365,362310955.3325,362275212.5295,362279261.7799,12375.8944,13142.3294,13425.3534,9843.2058,6020.1231,7900.6683,4744.8833,8168.3408,8706.5107,1072.0927,9603.4471,3372.8694,7719.4871,13485.0461,7968.3481,6327.7214,13292.1326,5931.7282,4161.7118,5886.9630,4740.4202,2835.1772,9619.8964,12159.6772,6816.0896,5507.8965,11631.2924,3765.9829,10465.8870,13195.3519,0.0000,12589.0818,4434.3833,8056.9493,6150.2428,12096.1571,4039.9730,12752.2786,9697.8578,13157.7850,11693.5832,13829.3359,11684.8762,12834.7857,8954.9159,1788.2733,13789.3497,7565.8731,8699.3301,3357.3520,12661.0734,13053.5245,4777.5409,388471.1304,422027.4125,405867.2481,398059.6645,406734.7422,407329.8607,409148.7711,403693.8439,362249988.5495,362310568.7977,362274826.2758,362278875.3473,1986.7781,8493.2706,8931.1427,13780.9232,12227.2332,9633.0505,11047.2951,10624.2691,12163.9302,13203.5949,10499.8948,7457.1401,8593.5541,12352.2019,8213.2536,2556.3400,10269.7281,13554.7507,11651.8959,9397.9246,11124.3046,13126.3299,10577.4103,11130.7758,13071.3058,3928.6981,10473.4405,7262.5186,6470.0785,0.0000,1369.6280,9853.5958,10283.2983,13421.3909,8353.1953,12789.4600,9601.6997,10124.3519,2264.9661,6719.5447,6757.5055,2467.7220,10376.1437,12545.3969,11524.1730,5596.9483,11749.2448,8308.9796,12371.5384,2198.8679,2007.7436,10542.1100,386319.7723,420054.6072,404133.7065,396299.3353,405012.3891,405512.3359,407125.2838,401832.3656,362254041.5648,362314621.6485,362278879.1385,362282928.4294,6976.0888,9226.8397,13702.7514,12099.1160,10954.3618,11139.6755,10806.0586,12941.0678,12511.7079,11690.5400,8815.6190,6973.6779,12308.8674,9704.5917,753.0441,11212.9940,13751.4811,12207.6741,10738.9879,12139.2872,12453.5703,9514.7016,11657.5074,13169.9257,4613.7978,11596.3987,7573.5489,5165.3307,0.0000,1893.3215,11066.8848,10770.2354,13372.0682,7552.5767,13259.2153,8380.1165,9911.2367,966.2755,6717.0629,4959.6969,3833.9558,8958.7023,12199.7840,12514.6623,3748.6469,11812.0604,9024.7293,13025.8565,2075.0217,1087.7339,11580.9432,387616.5180,421340.7933,405466.4980,397609.6861,406330.0527,406856.0132,408438.5548,403145.8321,362255793.6563,362316373.7173,362280631.2872,362284680.5401,8563.9114,10819.6081,11543.7847,13254.5334,11987.9515,8992.5134,13508.4081,7782.5004,13658.9189,12938.7135,3493.1062,9256.5798,13252.0243,6362.9697,11876.6946,12366.1505,11285.0827,13390.1817,13804.9072,7640.8150,3536.8264,10754.8047,12197.8348,8032.5547,13777.0418,11135.2483,6675.6196,0.0000,7710.6908,13629.0562,10020.0731,11780.6268,8535.8443,11987.6245,2179.8192,10719.8036,6600.4014,6912.1987,2912.8530,8874.9919,3597.9491,8139.3568,13560.0478,4470.9530,12067.7062,12401.2086,12453.7862,7031.3947,6860.1871,12549.9926,394140.4490,427809.1975,411952.1573,404065.0541,412788.9871,413378.4109,414961.3597,409630.7913,362261122.1939,362321702.2999,362285959.9286,362290009.0671,9632.4056,13483.4743,8145.9522,13662.3412,2461.2999,10441.3674,9817.4213,9386.0581,11130.4922,11014.7869,5399.3784,9644.2065,8906.4142,4984.6706,11259.6538,5023.3047,9134.0869,10655.7575,9313.8672,7268.7262,3948.6337,12402.7492,5453.4474,10635.8818,13015.8085,12050.5040,0.0000,8024.1266,10413.9349,2415.1164,12374.6632,13243.7699,7430.5427,7409.9214,13626.9120,8514.0853,3179.6803,9863.5197,7046.7388,10675.3464,6431.9843,9224.4637,10305.3308,13534.0616,12834.4207,7417.5069,7517.8980,8391.6007,6298.3364,392823.8563,426564.3154,410453.6351,402698.3480,411380.6559,411807.7988,413554.7438,408237.3458,362256669.6602,362317249.9618,362281506.9964,362285556.3809,7632.8193,9548.3281,9307.4240,7662.7854,6467.4892,4307.3148,8821.7793,11835.4462,11191.5203,5110.6089,11041.2239,13560.1985,8389.0566,3498.4463,6414.8655,9804.2202,8295.2588,4326.9320,8545.4708,7125.4234,5312.3577,12644.5304,9081.1316,12406.7057,12695.5168,0.0000,13587.5509,9607.8940,8224.5513,4683.8877,11786.6646,4329.0511,9629.9787,10109.4764,13563.3738,11448.5172,12205.2378,13294.9385,9470.1907,4863.0797,7391.4731,12846.8536,8348.8099,11632.7603,5388.6515,13314.2366,13593.9407,8212.4142,393849.3267,427376.7212,411293.7227,403442.3175,412130.3778,412783.0380,414554.4214,409089.6624,362255522.0615,362316102.3050,362280359.8976,362284408.8756,10582.9845,2402.6421,12674.8769,7194.3489,8291.8804,9289.1807,8965.4753,9633.8024,11364.2722,10007.8771,12272.3837,11999.3798,5392.4036,11587.5842,9786.3255,7693.0387,8812.8499,11547.0938,12135.9438,3065.0531,13384.8796,8040.1223,7083.4439,9058.4928,0.0000,12724.8106,8447.6782,12820.8924,3337.6560,6620.4615,9844.8952,11807.1203,3415.1321,12512.1237,13824.7348,11140.4487,13033.4974,9235.0793,10896.2918,8953.6339,11018.8995,1403.9641,6599.3185,10001.0132,12822.6658,12592.6630,11316.8957,388310.5987,421776.1073,405847.6521,397910.3244,406623.2844,407391.2101,409065.2955,403581.1030,362252539.9949,362313120.0464,362277378.1430,362281426.9487,9928.3829,8189.4391,4891.2946,12136.1670,1880.2624,5466.8511,13725.3496,9147.5560,2911.9183,11205.7485,3992.9407,8433.3046,6038.0087,1431.4567,3832.0955,12009.3191,12681.1116,6366.5162,9199.2667,8655.1075,3491.1705,9823.5529,12706.4005,0.0000,9884.4039,3164.8981,6894.6687,9912.1125,12411.4735,6369.0263,12856.7171,10951.2271,10901.1155,9536.7765,13211.0156,8457.8969,13802.7296,10484.7790,3029.2752,12835.5947,9897.6476,8184.5638,5193.7915,10109.8878,10687.3147,2853.6135,386307.6554,419961.0477,403788.0507,396023.3179,404696.1944,405190.1098,406997.6382,401608.7452,362249052.2615,362309632.5159,362273889.7774,362277939.0296,13233.8237,7292.8710,10080.5805,8683.9154,7206.9589,9921.7150,12434.0920,8737.2804,11448.1406,11993.7520,6831.6629,12117.5276,8898.8182,7107.4355,10529.3845,12507.6935,12592.1550,4654.9720,12723.4341,7167.6282,5043.1936,8332.8209,0.0000,11765.1190,7412.2563,13146.7884,5315.2268,5799.4740,10679.1040,12533.5835,2162.6741,11680.0314,13712.5142,11063.3790,12056.1457,10138.8950,12186.5082,8812.0632,10590.8504,1242.5874,4402.7520,10561.1153,12016.5021,11729.1447,11222.0843,386130.2654,419618.5027,403697.1364,395764.9899,404479.4097,405228.4029,406892.2985,401424.3184,362251042.4341,362311622.4610,362275880.5530,362279929.3971,9443.4625,8235.9616,9074.9581,11694.1511,11297.4686,3051.3370,10110.3709,10491.1226,4644.8052,9717.5357,3379.6256,9213.0509,10127.3585,7685.1817,6837.7807,2442.2828,11184.3907,7565.9380,10344.9431,13515.6479,12744.4885,0.0000,9845.3286,10317.7518,1665.8571,11032.2923,13506.5200,5580.6403,7455.6129,13420.5445,10191.1204,5323.7197,10673.4111,8996.1491,10414.0728,4416.2582,8452.5270,11304.5926,12885.8125,13124.1744,5889.2668,9355.1147,10112.2697,5850.6061,394008.5728,427707.5904,411575.5379,403811.6990,412491.0799,412953.6349,414724.3449,409373.5867,362256864.3323,362317444.6540,362281701.7354,362285751.0510,9863.6249,3262.4194,7074.5742,13302.7855,8739.2217,5977.1228,13138.0514,6650.0727,4098.3264,6790.3530,4565.0944,2106.8373,9945.6952,12478.9244,7659.3666,4987.5932,11765.7258,3103.7785,9694.3888,12759.8056,0.0000,12485.3195,3856.6868,8806.6716,5785.5503,11491.8956,5004.8640,12995.6573,8920.2705,13034.7357,12060.1179,13709.6712,11662.6352,12780.0475,9589.8132,2138.3007,13575.9431,6732.1167,7834.5294,4365.7661,12613.5326,12936.0538,5458.0163,387694.1009,421239.8443,405099.6015,397279.4563,405957.9542,406571.2071,408378.0460,402918.3378,362249525.7706,362310105.9924,362274363.5448,362278412.5882,11725.4391,13371.8287,8214.0989,5911.3020,13114.3985,12197.5198,10633.6076,6839.9914,8730.8724,12325.9868,11268.7013,699.2433,5459.7401,8941.2744,7434.3729,12274.9400,11821.2337,12512.7859,10864.6384,0.0000,12812.3029,12160.8903,9390.5811,6514.1182,10444.6296,7731.1395,6602.5822,9981.3548,12327.8538,10723.8780,9594.8916,13092.1863,5933.2511,4281.8441,10682.5476,10633.6329,9341.0433,12587.0343,8764.3539,12364.9654,12461.2723,10860.0635,395839.0054,429382.2279,413406.7461,405516.5134,414222.4890,414898.9886,416591.5386,411152.7621,362259192.7426,362319772.9287,362284030.6403,362288079.5944,5248.7598,13758.3658,9447.8420,3210.4432,11967.9538,5188.9072,7124.2515,6614.1082,1464.7500,2006.1854,11690.9456,13030.8707,7186.2839,7770.4065,9967.6738,1877.3105,9340.0098,12688.6185,0.0000,10872.7806,1942.3464,7979.3014,8589.1422,11953.0923,6122.9595,13295.2173,9987.0613,11745.6048,10797.5609,13574.4718,9678.0755,13714.6545,10629.2443,1779.7817,13205.5291,8553.4389,7432.3091,5003.6682,11116.6883,11568.6031,3859.6424,386063.2772,419674.4298,403511.6679,395725.8873,404400.7145,404941.1164,406750.0331,401332.5863,362248523.9570,362309104.1914,362273361.5778,362277410.7487,12176.3944,12504.3595,2712.2140,9356.8808,8765.6561,9878.4783,10467.5764,4233.6149,5231.4061,13467.8619,13697.0803,10646.6615,9218.6037,8914.6980,4292.4723,5193.7950,9668.4021,0.0000,8406.4793,3605.5149,10805.8504,10115.2322,9023.7922,10368.5393,13426.2408,7789.1942,9244.4542,11026.9846,11740.3613,7718.9249,13102.7259,13172.6258,6753.4960,10792.2882,7849.3827,3524.6885,9519.6287,8982.1599,9071.2145,7956.6792,383048.0266,416677.7134,400641.3819,392809.1409,401505.4098,402075.4637,403790.5635,398402.7353,362248184.1716,362308764.2802,362273021.8978,362277071.0424,11149.8025,13147.2595,6613.6143,13288.2328,11934.6985,12866.8523,13497.2104,13460.8514,8371.3847,6154.7192,12570.1671,11094.5311,9582.7315,13397.4341,9104.9412,4108.1457,0.0000,8324.6214,13283.8974,12115.5000,10730.7506,5596.7851,12974.7396,5254.8937,8263.2669,7079.9734,9429.0054,2543.3637,9789.3277,2647.2728,9971.6976,13781.1422,3477.0739,10162.1580,10740.9141,13369.3549,7937.8860,7385.9462,13621.1796,392256.7289,425869.6613,410077.4766,402143.1581,410877.3976,411544.3673,413092.7887,407733.5238,362259879.3533,362320459.3775,362284717.2829,362288766.2940,11126.4879,11996.7325,6092.9157,7857.5593,3713.5414,9985.8017,9988.2403,5341.2602,6417.8519,3657.4204,9558.2444,9907.5430,10470.1441,13805.9797,13059.9783,0.0000,11715.4557,10673.8321,4190.9745,9174.9934,13308.4230,4330.1997,7507.6354,12775.6823,11827.4589,7788.9979,11214.0126,11149.2325,9659.2002,1963.7686,8353.8486,12035.1778,11834.9349,13328.2108,5259.0830,11238.2903,11812.2099,6825.4357,395271.3567,428909.2346,412787.5697,404994.4554,413676.1587,414205.2494,415981.3771,410588.0296,362257411.8749,362317992.1886,362282249.4200,362286298.6156,10125.4798,6508.7554,9406.5064,8511.1744,1837.7080,4155.0718,13095.4967,13424.6220,8715.7480,9426.4001,8434.3406,3229.1844,7614.7382,11300.1092,0.0000,8837.8662,2405.9797,8970.6394,10281.8178,10911.6127,8682.0996,13332.3130,9581.8206,9880.0746,10162.0270,12571.2220,7625.7623,13718.8644,12146.9337,4913.7096,11861.5153,9054.6992,5929.2780,7647.2272,9283.0382,9661.0006,5603.2567,384157.9845,417809.1639,401697.2817,393905.2983,402588.7630,403108.8673,404873.1715,399490.3061,362248171.6726,362308751.8554,362273009.2702,362277058.4884,11204.4712,13797.1754,12077.3597,11064.8073,12439.9742,12115.4703,8950.5330,11487.4447,13286.1924,4479.4001,11942.1415,8109.8353,5258.2448,0.0000,2057.2542,11438.9546,10549.9114,13428.2253,7765.9498,13187.8450,7772.3005,10196.7723,614.2697,6289.0851,4454.4006,4009.1862,8550.2425,11827.7250,12707.6615,3400.2876,12064.9028,9555.1353,13014.5788,1911.2716,940.5983,11651.0886,388346.7207,422074.2357,406201.5378,398345.5537,407066.0750,407588.9882,409169.8935,403879.9187,362256491.5450,362317071.6136,362281329.1649,362285378.4234,8825.0372,2685.4869,5299.4187,6778.5320,10294.1721,10524.4384,2644.8973,10254.9815,7850.7279,6864.6032,12154.3297,13392.7480,0.0000,9975.7526,6765.9026,3165.0879,10571.3791,13624.5610,4585.8174,10919.3706,12719.3538,10838.0597,7382.9043,12640.2246,8532.2491,12899.3299,7777.9376,4901.0980,12708.9031,11745.4278,11040.9240,3767.7411,9868.4869,10651.4127,1438.2857,389985.9985,423671.5052,407477.0828,399734.7209,408403.5037,408855.8204,410672.6698,405304.3377,362252223.8672,362312804.1878,362277061.2635,362281110.5855,7730.3225,8238.7122,5922.8718,7092.0157,10905.3508,8598.4701,2419.0845,13184.1815,6795.9086,10601.8134,12366.7349,0.0000,13708.3084,7473.7498,9778.2779,2441.4311,10820.4512,5281.7828,11686.9556,8225.1152,13827.9644,12814.3690,13008.2442,13362.2175,10757.5310,7952.0217,5833.8598,13250.5593,5776.3638,9371.4981,5664.3066,13652.3388,13830.2092,8107.1045,390699.0110,424191.8188,408113.1403,400247.5360,408936.0085,409623.4681,411398.3885,405910.9473,362252478.8408,362313059.0384,362277316.7723,362281365.6909,7144.9973,7674.1478,8323.6437,9230.1620,1128.4567,9532.0097,9149.0431,8065.7368,13098.6051,13713.7527,0.0000,11222.1669,8199.8511,2704.5380,9582.5149,13820.4251,2765.5227,9953.5432,12838.0976,11789.6346,7857.9490,12574.7704,10106.3085,11956.9946,5550.2494,5641.7220,12961.2696,11637.8844,12113.8366,2724.7375,10957.1419,11671.5222,3351.0322,392330.5593,425986.6399,409799.0881,402041.7828,410711.9980,411197.0121,413015.4734,407626.8805,362254008.3465,362314588.6820,362278845.8007,362282895.0644,2993.3939,12277.0271,13078.4331,7515.5751,8655.4629,9022.1990,2356.5633,8736.2475,12138.7214,0.0000,9835.0959,1838.0618,8037.3081,9478.1121,11623.8828,7115.0555,13186.2459,9985.7792,10812.4478,10212.4047,13088.5762,8562.8305,13715.7796,11148.2930,3168.0919,12587.9043,8963.4021,6934.2813,6004.5979,10150.0728,10609.6799,4157.6487,385337.8584,418974.0347,402826.6015,395043.9153,403721.3515,404242.8122,406035.5829,400637.5692,362248438.9198,362309019.1397,362273276.5066,362277325.7148,11350.1484,13243.3242,8366.6024,6199.1867,11093.6233,1026.3013,8588.2759,12309.4451,0.0000,11613.7318,1839.0874,9271.7670,7147.3960,11122.8445,6512.9792,13546.9282,8671.9094,12311.5604,11927.6117,13616.9204,10700.4278,13349.4730,10900.9705,2319.8254,13240.4535,6890.5529,6508.5812,5627.4537,11874.2628,12177.8506,5491.5678,385850.5708,419418.7597,403286.6107,395471.2348,404151.3093,404746.0849,406542.1668,401098.7285,362248341.4161,362308921.6155,362273179.1623,362277228.2420,5070.9171,8486.8070,7848.0239,11997.9242,11895.2565,12795.9514,11084.6410,0.0000,12674.1302,12215.9450,8899.4181,6969.7011,10818.1417,7480.8793,6297.8052,10439.6079,12217.7926,10305.6163,9597.3839,12899.8050,6102.3108,3637.7099,10635.7014,10673.5902,9809.8874,12852.9167,8539.2085,12197.5292,12343.0168,10598.3417,396112.8896,429669.2042,413681.4626,405801.0943,414505.1372,415164.5187,416863.0528,411431.4316,362259383.6261,362319963.8276,362284221.4818,362288270.4647,8759.2309,11357.1856,9055.0484,13442.4000,12796.6375,9422.4227,0.0000,9729.6147,13448.7261,8236.3982,10768.1844,10566.6407,9856.1116,1480.8850,11749.4413,9022.5638,6937.4031,6279.4681,10282.0506,4621.0089,5016.9460,12509.5184,7680.6798,12248.9145,13494.4357,10586.0473,9024.7938,9189.4881,11307.0528,396194.6900,429848.6483,413911.0089,406048.8568,414760.5786,415339.1718,416982.2679,411627.2981,362261426.4911,362322006.6772,362286264.1747,362290313.3161,10275.8570,8366.0053,8653.0224,13203.5479,13486.5182,0.0000,10596.6803,8692.4238,1587.8998,10302.4374,13838.3926,3829.0251,9403.7958,13151.6084,11170.0944,6889.1467,12091.9953,9462.5307,11748.8064,5483.8774,6427.8335,12502.1555,12187.6883,12376.4886,3797.3954,10283.0531,11046.6513,3713.4438,392561.5875,426239.8824,410061.3667,402309.0677,410980.6813,411446.6119,413254.1652,407882.5633,362254613.2821,362315193.6184,362279450.6940,362283499.9942,13403.4015,6881.8516,8995.9161,11069.4254,0.0000,13404.6501,7497.8495,11255.3837,1151.8483,9098.9946,7370.2134,11926.0189,6133.8963,13405.0384,13439.1180,12382.2078,13315.6267,10213.7434,9386.2789,6935.2334,12455.9623,3496.7907,7908.0590,7594.3147,13432.6864,13436.4845,9486.3184,389412.9880,422885.3092,406868.0974,398969.4328,407667.9888,408397.8259,410133.3367,404640.5987,362252134.0346,362312714.1667,362276972.0774,362281020.9330,10617.2906,10114.5587,9035.1025,0.0000,2921.6557,10067.8528,7180.2306,13623.3041,10869.2256,10960.9375,8306.9844,12165.1877,3909.9736,3191.5819,7635.8381,1870.7970,10596.6589,10414.6720,10679.1710,7261.4478,13098.3856,10559.5703,10600.8077,2619.6526,3649.0962,8587.0718,388917.0374,422685.4406,406678.0449,398892.6374,407591.2568,408025.8208,409693.4469,404411.9695,362255285.8075,362315865.9932,362280123.2054,362284172.5967,8049.0670,11983.0082,0.0000,11034.9023,839.7067,9414.8291,7846.1705,10896.4579,7203.0589,13639.3608,8611.8497,11800.1001,11706.0049,13412.4841,10087.1969,13483.6789,11393.2426,2910.8966,12926.4590,7127.9768,5929.6803,6260.5914,11355.2415,11649.9626,5609.9671,385129.2814,418712.4142,402588.4225,394775.1328,403456.6794,404040.0510,405827.1224,400394.9719,362248028.9869,362308609.1750,362272866.7140,362276915.8162,5785.2779,0.0000,8337.2097,7739.9883,13218.5838,9620.8822,4440.2033,12677.3378,12276.2790,4192.6072,8350.3220,12081.9351,9234.0570,8888.9305,10527.2852,13729.8048,10257.5512,8099.0583,6179.5569,2465.2020,12286.6658,8843.5189,8363.3824,11619.1743,383888.5933,417470.0108,401591.3124,393677.1125,402398.6579,403071.2228,404685.2901,399288.0632,362250865.2798,362311445.2701,362275703.2515,362279752.2434,0.0000,6848.4669,11713.6083,13062.6322,11109.1624,3001.9078,13790.4145,8475.7013,6441.7787,5811.7722,10222.8045,4165.2267,8433.8191,6419.1581,12361.0966,13191.6449,3082.3620,9045.8113,7915.6910,13823.8846,6900.8152,6065.8129,13448.1695,388162.1872,421779.4612,405996.6112,398060.5472,406796.1814,407461.9038,409002.0698,403647.4971,362256508.8391,362317088.8133,362281346.7899,362285395.8085,0.0000,0.0000,0.0000,0.0000,0.0000,0.0000,0.0000,0.0000,0.0000,0.0000,0.0000,0.0000,0.0000,0.0000,0.0000,0.0000,0.0000,0.0000,0.0000,0.0000,0.0000,0.0000,0.0000,0.0000,0.0000,0.0000,0.0000,0.0000,0.0000,0.0000,0.0000,0.0000,0.0000,0.0000,10448.7096,9608.4127,13664.4350,8959.7821,12564.2555,8713.8242,10833.0610,1513.2451,5550.3440,6271.1896,2003.8987,9980.3457,11886.2415,11761.6592,5353.3284,12367.1132,9348.0907,12223.4521,870.5107,1163.7723,10429.1088,387519.3029,421268.0280,405339.7099,397514.3671,406225.9201,406708.3892,408323.9891,403040.3450,362255121.2103,362315701.3163,362279958.7368,362284008.0574,9328.9878,8443.9575,10774.5461,7606.1605,13564.6478,8707.3109,11276.9769,11334.9993,13157.2754,9452.6331,13513.3428,11618.3174,3363.5372,12600.1115,7495.8620,5664.1087,6625.8386,10807.0219,11111.1792,5569.4063,384758.4142,418357.8939,402238.9126,394429.6903,403112.1233,403681.3314,405461.4073,400041.2163,362247980.8282,362308561.0118,362272818.5276,362276867.6564,11269.3783,13755.0797,5328.3007,8710.8069,13482.2610,10191.0133,5469.1449,11355.8987,8463.5368,11477.2751,5794.5506,7507.0569,11771.0404,12857.9220,12619.4532,5270.7217,9232.0208,10059.1332,4501.0744,392657.8598,426365.7644,410205.8169,402457.6887,411132.1650,411574.7586,413363.1384,408015.3037,362255343.5883,362315923.9182,362280180.9511,362284230.2976,9212.8119,7398.1904,11419.2448,6505.1905,13566.2904,13426.3988,12161.9480,13659.3272,9614.4338,8808.7624,7642.1979,12378.5752,4144.7022,8755.1626,7811.4347,13624.3145,13620.3205,9924.6051,390499.8838,423967.4918,407961.1551,400056.3468,408756.6105,409494.7703,411223.8082,405729.5107,362253188.0475,362313768.1825,362278026.1050,362282074.9463,13313.5720,9971.5927,3710.4697,8234.0328,12017.7778,6628.5940,10169.0509,7099.3763,12608.6656,12351.9899,5893.9733,6574.4717,6393.1066,13348.9803,9117.1271,8422.7826,13393.8878,387337.5278,420892.7640,405100.5530,397143.4194,405878.0015,406603.5009,408162.8417,402762.6000,362254927.2892,362315507.2475,362279765.3737,362283814.2838,10736.1725,11704.6617,13002.1520,9936.7017,13193.1755,11656.4572,11822.4360,5682.8198,4611.9415,13577.1493,9985.7765,11470.0794,1294.0983,12369.1173,12921.6064,4357.1126,392126.5878,425720.8773,409543.0253,401757.4022,410429.4659,410980.1639,412804.4471,407373.5946,362253272.0139,362313852.3257,362278109.6167,362282158.7629,11576.3149,7875.0653,6428.4773,4997.6225,9471.9485,4296.1753,6298.8612,12964.7887,6443.0896,12419.5720,13191.4579,11338.9327,7981.9629,8069.0269,11710.2506,395477.6747,429147.5318,413237.8117,405371.3305,414087.2094,414658.6066,416278.6521,410939.8228,362261444.0208,362322024.1815,362286281.6977,362290330.8582,10518.3527,13216.3795,9486.6158,11466.1804,8826.5536,12305.7446,10219.9435,8949.4777,3023.7008,4703.7012,11670.5043,11059.3676,10618.2181,12144.4251,386538.4318,420042.8394,404178.2117,396229.5786,404953.0342,405705.4650,407326.1118,401878.2408,362252490.7722,362313070.7646,362277328.9067,362281377.7552,5865.2458,4901.2351,3454.8836,8908.0338,11747.7561,12507.8765,3954.1092,12279.0434,9670.1930,12795.4440,1311.9046,353.6431,11317.3243,388306.3949,422043.1203,406153.9884,398308.2971,407026.1203,407533.9904,409124.5863,403838.6468,362256297.5591,362316877.6417,362281135.1433,362285184.4257,7710.6146,5028.0661,9739.6169,8211.1316,11012.9773,8016.6907,13828.6007,12451.4709,9883.7941,4884.3990,5760.3149,8483.8177,392018.4857,425783.6310,409753.2578,401975.6444,410670.6313,411100.4869,412785.5694,407498.1962,362257565.7489,362318145.9860,362282403.1111,362286452.5066,7886.2183,4595.0566,10327.1071,13807.8738,1646.2416,11433.6128,10904.5276,13438.0185,5795.4993,5229.1417,13125.4360,391617.4263,425285.4324,409473.7146,401569.3351,410300.0473,410904.3268,412455.0826,407132.1034,362259643.1169,362320223.1615,362284480.9076,362288530.0293,11122.8698,11647.4249,10647.5377,7131.4762,12583.3686,9389.3492,11169.7203,2329.8690,3117.3712,9001.9311,387153.1516,420913.9273,404924.4873,397128.4926,405830.1914,406279.3298,407935.4914,402650.9731,362253959.4036,362314539.5541,362278796.8485,362282846.2171,8180.8618,13395.3619,5841.4736,10053.7544,11749.3526,12445.2683,9499.6955,9174.3162,13267.8128,394235.0181,427823.6094,411996.2524,404065.3888,412794.5260,413475.2467,415053.7794,409670.8712,362260752.4727,362321332.5388,362285590.4156,362289639.3930,9556.9080,11333.9876,11561.9299,13519.6685,6720.6951,11349.9706,11791.3204,8435.6974,396175.1726,429795.5300,413723.9039,405902.7084,414592.9384,415158.4801,416903.0114,411503.9657,362258812.3203,362319392.6014,362283649.9503,362287699.0888,13638.3492,8433.9992,8427.0832,3535.2005,11893.4260,12360.7663,3561.4843,387519.1911,421110.0226,404934.2070,397146.3843,405818.8830,406374.0769,408196.7240,402763.6391,362249321.9355,362309902.1922,362274159.5773,362278208.7182,11124.6264,9925.4720,13677.1518,5065.9471,4290.8569,13090.2120,389995.9575,423668.2883,407862.5117,399957.7484,408689.2828,409290.9651,410836.3506,405517.5901,362258372.5572,362318952.5809,362283210.3526,362287259.4811,5398.7683,9959.6122,12554.6494,12330.2304,10960.4572,386999.4722,420474.9224,404534.8309,396605.6596,405316.9168,406071.5269,407751.4701,402272.0637,362251340.9149,362311920.9628,362276179.0383,362280227.8676,10926.6990,9866.2308,9617.3911,10264.5957,383330.3830,416899.9221,400952.4974,393060.7472,401771.5533,402433.0005,404097.8167,398681.1308,362249156.1975,362309736.2300,362273994.1360,362278043.1349,12102.0680,12684.2159,3252.7180,390975.6642,424580.1381,408388.8328,400613.0204,409282.7435,409818.0342,411649.5180,406224.1504,362252184.1939,362312764.5052,362277021.7674,362281070.9395,1038.3394,10419.7714,388383.0131,422133.7494,406205.5385,398381.0555,407092.5630,407572.8131,409188.0994,403906.0296,362255896.6471,362316476.7630,362280734.1631,362284783.4875,11129.1584,388126.2449,421866.7147,405968.7906,398128.1063,406844.5066,407345.5807,408941.5715,403656.9168,362256042.2927,362316622.3807,362280879.8615,362284929.1544,389014.8024,422678.0786,406478.8498,398729.5893,407397.7437,407870.9398,409695.5553,404310.6777,362251056.9688,362311637.2768,362275894.4168,362279943.7003,34852.7718,22378.8742,16378.4077,23247.4776,23333.1235,21334.5407,18019.4029,361921244.3758,361981820.0928,361946084.4033,361950133.8247,20516.3975,25073.8824,17989.8437,21929.8074,16377.2992,19681.8402,361891014.2467,361951589.4894,361915855.0067,361919904.0346,10361.4592,5237.7611,6280.4437,10134.4782,5957.8138,361899187.3147,361959763.0535,361924027.4653,361928076.7680,8936.5615,15374.1495,15514.3619,7229.9900,361907689.5231,361968265.1900,361932530.0243,361936579.0582,11084.9479,11493.8904,5765.0884,361899247.5963,361959823.2160,361924088.0746,361928137.1530,8936.5615,9818.3104,361898244.7630,361958820.5741,361923084.5487,361927134.1324,8395.0541,361900951.3285,361961526.9183,361925791.3686,361929840.8449,361903742.4625,361964318.0973,361928582.7614,361932631.9886,61385.3755,33800.9724,29860.1641,47271.8150,36119.4315,17100.6868,
43200.000,10418.9822,3187.5204,13356.9118,12460.1650,10972.7543,12938.7440,12250.1553,6568.9502,12928.5046,2494.7638,12760.6303,12483.6320,8168.9927,8073.8600,9984.2322,13149.6507,10369.6288,11912.7528,9557.1493,4972.8930,4833.2480,7066.3535,7217.1677,12204.5033,12544.3616,6261.6117,9752.7304,8258.7212,10794.5450,6248.7618,6914.4476,9276.0531,7370.0099,13138.6453,3787.8065,4897.8252,7993.9877,10537.7539,12130.9283,13368.8449,11361.9722,13115.3194,2672.1166,6903.0696,6342.9036,11203.2358,11033.2350,6570.8459,9957.2050,2010.8263,6568.1405,11532.1896,7294.5335,13308.1974,2991.2622,8780.6141,5470.5669,11059.7649,10567.3257,9056.8529,2311.6862,11159.6279,11074.8776,3162.7448,9472.1021,5297.6889,8853.5504,9409.4439,7421.8482,2476.5782,3563.9318,10239.3009,10479.7235,9367.3138,12584.5719,11063.4456,0.0000,10086.2103,12686.0526,3532.6394,9869.0698,13442.0553,8094.3769,9026.2654,13357.7085,9983.9350,6466.1980,11189.4471,11167.4644,8122.2072,2187.4561,10616.3576,11647.0768,12999.1365,12189.7527,8286.9978,10569.0027,8489.4232,7277.0179,384818.0753,419603.5400,399944.1281,395006.4952,402128.9713,403164.2095,407196.3984,402558.2744,362255612.7680,362313616.5208,362271692.5970,362277529.5892,8106.1883,11668.8640,11909.1427,12322.4195,10647.0959,10508.7330,7590.9902,11123.6609,9895.0130,4350.9434,11935.7745,5959.6025,4808.6955,8413.8578,10708.9777,8043.6371,11525.0324,5533.8063,12577.8139,9580.1971,12080.3090,9752.4948,10809.8824,10853.7969,8071.2863,8707.2024,12867.1125,8554.2402,12961.4500,9152.3631,6262.7955,4321.4613,5590.6593,8228.6893,11824.2892,13639.0640,12197.0667,4409.9532,7434.3732,13343.6975,10896.1333,10268.6003,5292.3746,12993.4508,10671.1022,11533.8218,11738.8604,1449.7147,9008.2443,12260.0308,9104.4256,13580.9483,11655.9191,8807.3292,13673.4580,7056.5363,12660.8855,13564.0047,6089.3023,11746.0222,13436.5068,5485.1354,12176.8691,12925.6687,11035.5796,13474.6996,13816.5172,4979.2681,9348.4739,12144.7399,11972.8258,9828.7437,13809.8285,3870.7590,8510.1402,0.0000,11827.0620,11313.2944,11557.6341,10674.9204,8383.4763,10433.2278,1993.9700,11015.8792,10797.4124,8573.1128,2476.1894,9665.5193,4572.8958,11544.9440,12074.3268,3342.5415,11789.3524,12560.0621,11232.3384,10955.8211,11937.7799,12593.0316,388088.8928,423064.0091,403170.6773,398375.3226,405518.9109,406292.5029,410361.2838,405816.4979,362256859.8342,362314863.6717,362272938.9274,362278776.2464,13850.6524,13001.3957,12295.2087,12839.6055,12718.3200,4663.3562,13460.5154,3883.1707,11219.6657,13360.5980,5914.4650,6362.6378,9934.3832,13504.7535,9122.3059,12782.7754,7397.5100,7183.7220,5687.0498,8147.6918,7971.2009,12780.1656,13073.2004,4598.1917,8825.2755,10333.0764,10738.0416,8362.5163,7393.9686,7293.7294,4463.3737,11899.6121,3089.9344,6402.4928,10148.2130,11899.4855,10736.1287,12338.6328,12860.4067,13128.4941,3477.2102,4032.8492,8392.7800,11045.1042,12060.2402,8474.8876,7730.2382,1756.0931,7915.7727,10749.4753,9588.4141,13751.1833,1623.2509,10779.3791,2872.7517,11918.0934,12328.7832,8043.5097,5242.4042,12549.2822,9976.4796,6054.8255,10682.5749,5957.0745,10644.8954,11387.1156,4630.0830,3148.2415,6480.1839,10811.4648,10960.2893,11378.3925,10947.0759,10971.6371,0.0000,11388.7920,12888.7554,6109.6495,9730.5287,13022.8468,7913.3690,6412.8062,13662.7203,10885.0272,6522.8315,9342.1280,11486.8457,6272.8231,4923.6888,11170.8653,9999.7426,13426.1334,13310.8153,8570.0647,11468.8849,10117.8048,8694.0601,383991.9597,418823.7404,399076.4678,394187.4864,401306.7097,402270.3772,406329.8216,401714.0845,362254010.3948,362312014.1699,362270090.0275,362275927.1071,3418.6562,6369.9970,4864.7985,5952.5642,12961.3461,3718.9121,13274.5625,8717.7057,3727.9311,12473.4957,12574.7761,9996.3046,3658.3776,10307.0733,5551.4889,11906.7181,11398.6517,12598.5998,10680.9263,11394.9106,5802.3478,5082.5243,12953.5828,10084.7348,9056.2663,9246.1320,10386.2640,11657.5627,11820.2015,13321.8097,7591.1688,13589.9816,11872.4764,8744.7111,7106.9054,9404.9794,6617.1349,4535.7451,4122.6952,13121.5596,13383.9073,10482.5014,7957.0572,7049.3161,10933.7063,11927.1354,13690.4816,10848.3746,8550.8451,9436.0007,1013.0429,13558.1319,7903.2437,13561.8749,6390.3223,5790.3640,11726.8915,12538.8232,5093.4994,10235.7155,12108.3352,8139.2997,12162.7733,8022.7246,7216.4759,13200.0758,13470.3732,11973.4109,7912.0978,8583.2676,7223.1186,9145.3204,8980.0939,0.0000,7968.1395,4322.3287,12275.9013,9471.7860,5569.0083,11024.6839,12568.9996,875.3678,8840.1734,12457.2464,10807.4314,8185.9468,12726.3961,12640.8637,7623.1110,10225.0378,2760.6735,3652.7217,10459.3738,7790.3295,9498.6279,10225.9261,393950.8928,428936.0848,409326.1593,404395.2378,411621.2721,412472.6738,416370.7645,411824.7270,362266911.8682,362324915.6306,362282991.2337,362288828.4616,8330.5495,2696.5581,8680.8456,11298.4138,6764.2518,13019.3078,9623.6665,6439.2761,11050.8090,13236.3111,11822.7962,6761.0640,8194.2347,8104.9717,10538.1993,9621.1344,12983.4321,8171.0165,12465.5477,8519.4913,7940.4286,11207.8033,7742.9252,9813.7878,11322.6621,8503.9630,12632.5227,10235.4761,12699.8283,8834.3438,13469.7946,9848.8949,7215.4600,8961.0750,10875.4037,6498.9724,5179.0754,2192.6937,11609.9095,12457.6655,8514.1968,5014.9689,9253.7963,11607.0909,12405.0626,13054.8903,8486.2073,6222.5083,7931.9379,2513.2356,12335.0425,6397.0373,12326.8357,3219.6918,6194.3498,12945.9436,11404.9568,3544.0230,11876.2318,10964.5043,5336.9653,10015.5568,6005.9575,6147.3520,12251.8061,13156.2722,11412.2770,4772.0743,10677.7433,6325.6990,10009.6448,11130.9739,0.0000,9769.8333,1544.9020,12056.2770,6594.4522,8089.5476,8430.2271,12438.6866,3818.1473,10746.3898,13237.1753,11753.2348,10483.3406,13324.2308,11389.7879,4414.3599,11410.9374,926.6407,5840.0196,7710.4775,9893.0236,10734.4458,7774.0521,390917.9992,425913.1751,406343.8154,401395.6589,408638.2601,409489.6579,413357.6790,408816.3208,362265065.1904,362323068.9173,362281144.6113,362286981.8345,10165.0982,3496.3456,13630.7650,3946.4354,10021.0717,10910.1170,2951.5311,13740.6229,10661.5805,6377.7105,4636.3150,13337.8238,1951.5017,13852.7849,10309.8398,8637.7834,11451.2208,6782.0230,3093.9125,3414.0944,13542.4070,12923.7329,3844.8628,5968.9484,9654.5959,7390.1046,13810.8489,13233.2204,10081.6870,10811.8628,11434.6407,7895.6781,851.7270,9839.8319,11045.1317,4213.2764,9637.0600,12008.6410,13456.6026,9901.0363,11814.5978,1659.1297,5853.3364,11832.2611,11375.3977,11190.5555,12505.6368,8237.3744,7125.1143,12430.9853,7468.7077,13352.7066,9627.5596,4012.9775,9162.6368,10222.5650,7003.4923,8883.0229,9745.8009,9969.7765,12271.4240,8403.6575,6532.5670,13555.7317,10511.2292,8575.6023,10867.4819,4281.2223,6238.6319,11098.4527,5940.2303,0.0000,1958.7762,9501.4790,8440.2951,12387.5438,7178.4302,12829.3641,12769.5075,6558.8874,3574.3807,8607.3314,11019.4891,4482.5444,10958.8147,10596.6356,10821.3626,10517.6676,8269.6256,3014.8628,12283.7951,2628.1549,3780.0801,10801.3068,395065.6127,429912.5611,410308.1211,405353.2211,412517.1957,413509.7539,417478.6676,412867.9304,362266224.5158,362324228.3019,362282304.1849,362288141.2380,9773.0945,10381.7700,8025.5991,13588.5057,8244.6101,8146.9747,9717.3008,12911.5588,12388.1693,7780.8302,6401.8291,9623.2252,8878.6594,10588.2078,13675.4245,8591.6429,13343.4234,9728.4075,9134.3248,10397.1805,6254.5502,11658.0893,11891.5392,9714.6177,13355.0629,8637.2279,11711.2625,7634.3791,13652.5242,10352.1800,9046.2747,10722.0149,10108.4118,4438.7679,7637.4283,791.9338,11768.6404,11478.0278,9671.6032,3755.3527,10768.6137,12984.4205,11416.0552,13241.0696,9074.5468,4172.9768,9629.6816,3938.1965,12187.5501,8399.0808,11621.0062,4428.6764,8591.5107,12933.4996,12248.6220,6041.4530,11626.1817,11980.7763,6447.1385,10090.1260,7780.8769,8381.1553,11151.3723,13558.9251,12609.5474,4962.3775,11653.2495,8575.6499,8640.4597,11671.7796,0.0000,11372.4627,1220.9524,13145.5215,5727.4891,8026.4169,7827.2185,11295.1199,4787.1998,11995.3416,13744.3180,10797.7914,11363.6847,12930.1868,12117.6537,4611.9262,10530.1427,2607.0966,7890.9371,7450.7163,11228.3738,12291.1466,8540.1056,389763.9367,424805.0658,405178.2807,400264.8782,407512.7304,408300.2980,412177.3401,407658.5272,362263654.9881,362321658.7240,362279734.2482,362285571.5493,13707.7348,2373.1373,11064.7249,8432.6854,3045.3077,13271.1206,9488.6001,4972.5853,2577.6831,12952.8080,1696.9872,13072.7185,12309.9866,9401.7438,12927.1887,7240.3290,450.3997,966.8297,13768.6108,12848.9773,6798.7451,4026.8410,11789.6156,7622.6000,13229.8357,12500.9687,7480.3678,11171.6212,13032.5253,10386.9498,3712.4370,7142.6206,9324.7474,6413.5490,9246.6369,13154.3094,12977.5871,11995.0943,12017.1727,2520.1278,7778.2979,10042.7012,12113.6004,12816.7724,12120.2780,10739.6483,6832.9785,13091.9703,9918.5022,13389.0942,10740.6538,6780.2680,7745.7406,12041.4012,8771.1829,6482.7812,11763.5563,11542.2040,13495.9185,10569.6115,9113.6087,12967.3203,11342.9915,10691.2423,11817.2673,3204.5853,8897.9287,8640.0767,3761.7134,0.0000,3909.7657,9478.6209,10275.7029,12876.2695,4150.0521,13521.6733,11431.2146,5680.8531,3854.6684,8654.0156,8748.3339,2586.3766,9767.2287,12308.8365,11720.5389,8044.3859,8304.7394,4258.6096,13232.3581,2810.9485,5868.4758,12508.4722,396016.0314,430916.4273,411220.8334,406317.1255,413479.8304,414393.2827,418387.9125,413802.8434,362266174.6070,362324178.4273,362282254.0377,362288091.1921,13731.3007,8015.6045,10114.2394,13757.1192,2202.6053,8678.8462,12208.8535,13625.2805,5083.8493,13807.6154,3750.9580,7597.9069,9559.4159,6546.8154,11245.4691,13775.8942,13794.6617,588.7681,4896.1074,12463.1365,12654.8141,8395.2253,10744.7589,3286.2508,4253.1661,10875.6116,7378.4279,6045.2321,10294.6350,13514.0538,10872.7701,10014.8943,12994.0493,10902.8703,4622.8124,3082.4104,8284.8995,7844.1323,13647.9498,11523.6081,8072.2930,6150.5215,6773.3280,7180.4906,9960.0545,12549.1134,3798.2161,10721.8593,2083.9893,9980.4184,12837.2392,10436.4369,7466.9317,11770.5805,11266.1461,8021.6384,9067.8566,4648.7300,10085.9391,11494.0177,3097.8327,7449.1192,9233.3476,8347.2257,12956.4788,11620.3701,9929.4086,12741.9064,0.0000,13338.9513,10694.2314,9439.7407,6362.7006,12859.8366,4597.8867,6145.2614,12740.6072,13116.3996,10115.7030,9517.9927,13219.7189,8490.5640,6949.9796,8692.4264,10170.8252,11753.7633,13618.4852,5748.7402,13315.2160,12634.5271,7491.4968,382427.1983,417359.0407,397617.6399,392739.7015,399906.4249,400774.1646,404777.4441,400206.5698,362254008.4625,362312012.2122,362270087.9092,362275925.1034,12160.2667,8455.3113,1509.5651,13254.5882,10926.0484,7090.3177,765.3686,12189.1011,2314.1857,12888.6361,12119.1464,10855.0305,12274.2968,9020.9187,2218.5653,1429.6070,13765.7482,12044.7045,7475.2447,6188.5067,11361.1140,9382.5509,12961.4831,13109.0858,7311.2894,12386.1466,12807.7050,9725.3509,4571.8786,7961.8542,8240.4758,5105.2185,7401.1602,13415.1518,13437.9294,11535.8113,10679.9830,3965.0269,9043.4183,10951.8781,13005.0295,12257.8402,10965.6665,10241.7317,4672.2538,13571.9888,9069.9592,13771.6380,9192.8910,5896.5274,9498.0238,12425.9736,7227.8458,8014.4416,12056.4866,10358.0876,13244.3978,9595.3762,8212.2187,13354.4111,12426.5087,11308.3700,10506.3518,5404.1628,8056.3491,8781.7434,5903.0767,0.0000,5249.7620,7644.1874,11195.1105,11817.2031,3955.6364,12834.2064,12108.1702,3528.4317,5811.2442,10360.4081,9628.3391,4879.3309,11158.7666,12646.4980,10333.0462,8915.9848,6286.4720,2789.9688,12415.9440,4666.6309,7193.8777,11803.3801,395799.4553,430734.8188,411076.9875,406160.5158,413349.8403,414239.3395,418193.0382,413623.6277,362267081.5966,362325085.3959,362283160.9989,362288998.1824,12242.1270,11821.2064,9159.9982,6557.1290,8097.1500,12387.6747,11580.8285,10883.4982,10400.2391,6824.9626,2455.0837,9014.1175,5060.9497,11056.5851,11523.7223,7854.1537,11120.5518,7416.6167,9043.9613,7845.8855,4696.3286,10303.7931,7489.7636,12586.2743,2196.6062,7067.5575,8999.9212,9449.3259,11074.0513,13524.0110,11334.3011,13662.9738,4995.1332,7427.9555,8006.4464,12467.5993,9771.9044,5059.3150,9120.5330,2175.4910,8530.2127,12620.0826,8391.2929,13406.1679,4615.7395,9663.1708,6554.3592,12175.1873,10522.5484,7208.0098,4072.1715,11771.7113,9556.7111,4651.8602,10885.7855,7505.3749,9986.2457,10019.0484,7956.7180,839.6236,3795.2678,11648.5724,8814.8947,9894.8287,12031.4365,9368.6527,0.0000,8775.6829,13354.6213,2743.5457,11437.1062,12577.9105,9945.2208,8680.2723,13202.9299,8336.6694,4161.6886,10218.4348,9570.5653,6686.5238,4245.2007,11969.1491,10619.6546,13423.9861,11734.6537,10137.8369,9122.9594,7066.2898,9094.4332,386706.0097,421473.3592,401777.3890,396855.5002,403959.2682,405000.1304,409063.2427,404418.3651,362256395.9626,362314399.7436,362272475.7642,362278312.7516,9579.8715,8438.3751,7654.6939,8433.4619,7845.3691,8357.7727,9606.1683,7431.6511,13605.3097,11520.4312,12735.8794,10823.2788,8756.5696,8523.0534,10498.1444,9043.3485,12676.8014,7974.7316,13503.8621,10496.7571,7996.8666,8123.1874,1393.7365,11092.7731,13145.4599,13435.7681,11052.7017,2884.7560,4294.8507,11606.1563,8310.6193,12516.2396,8788.1900,13550.0273,9728.6940,10217.8901,12460.1818,5017.0166,11818.9100,13006.3863,8230.3963,13654.0956,8761.4245,11602.7491,13144.9984,10190.9677,11375.6191,12220.9312,7674.1794,13450.5933,11878.1354,5468.5891,13611.8055,12391.0516,12568.6997,12983.2307,13011.6746,8403.9433,11927.1490,13491.3834,11259.1735,9090.4967,13010.2714,535.9275,7721.2480,0.0000,11000.2183,9012.9456,13099.4620,10577.9933,5020.3055,11275.4641,6154.2443,7916.3381,10258.7408,10460.6597,3529.4747,8562.9233,7603.1830,13336.5256,11192.2277,3119.7447,9204.1139,10381.0792,11736.3894,9951.9348,11876.0450,13015.0864,391183.6196,426210.9965,406355.8360,401550.0137,408727.5849,409460.9577,413479.9481,408958.7404,362260839.0023,362318842.8374,362276917.9947,362282755.3680,13512.2651,11432.0551,7540.1297,2236.5934,12385.1357,2001.3880,13278.1544,11309.6184,10622.6397,11641.4283,8882.0741,2698.6130,2203.0825,13727.0720,12096.1764,6446.0878,6787.0221,10461.6351,9327.5357,13262.4133,13479.7887,8507.5421,12312.5782,12167.2447,8620.8222,3723.6203,9103.9689,9058.8142,3756.5346,7508.0020,13001.8944,13705.0424,10651.0399,10557.8417,3570.6692,8394.9170,11736.9395,12781.3357,11568.8039,11139.2667,9166.8148,4638.2724,13368.3053,7937.2029,13824.0417,8578.0031,4499.4965,10055.6050,11746.3137,6212.0325,8948.7476,11289.1615,9594.6549,12762.7762,8576.9185,6989.3830,13666.8721,12169.1424,10532.8644,10024.8762,5641.6517,6808.8692,9889.7057,6577.5753,0.0000,4633.3321,7555.6204,10548.7354,11591.1143,5376.8316,12550.5278,12724.3096,3876.1919,5658.6601,10384.3948,10603.4359,5345.3773,11677.3058,12006.0910,9864.7077,9969.0490,6115.5912,1354.0758,12004.0174,4493.9278,6514.4208,11058.6919,395503.4373,430416.9945,410800.2182,405860.9413,413051.8342,413974.9176,417915.9043,413335.8830,362267248.6101,362325252.3945,362283328.1140,362289165.2546,8178.6762,11879.4183,13029.7187,4186.1587,13603.7269,1665.5387,9247.2331,10269.3019,7935.9487,11585.2585,13397.5057,13354.9268,2748.9244,4523.2338,13156.9184,12199.0834,9837.3359,11046.9343,1549.9374,3517.2069,9335.0929,8154.0682,7825.9677,11390.7404,13679.5605,9504.0722,8545.7952,13248.7116,10265.0181,6570.2199,2697.3918,9743.2473,7640.1345,13609.9393,12286.2733,6735.4838,7425.5164,8263.9330,6386.4217,11187.5279,12062.1010,5512.2456,11654.5606,3231.3308,10278.6470,13287.4232,9948.1840,9152.6892,12138.7268,10312.4562,9654.8672,9852.8641,6491.0456,11022.6692,12286.7693,2259.3278,8557.5682,10628.0093,8757.5737,12745.2222,12407.8046,8233.2893,12229.1362,0.0000,13519.7452,10255.0730,10677.3689,6626.9368,11805.2107,5559.7453,4769.7834,12122.5183,13146.2795,10419.5616,8087.6723,12860.3359,7947.4731,8697.4388,9016.1896,8759.6287,11355.8535,13546.5443,6733.8889,13264.8947,13110.1577,8822.8568,383306.4086,418277.5928,398489.9619,393640.8449,400812.6175,401625.9373,405635.2541,401084.1458,362254479.0782,362312482.8457,362270558.3721,362276395.6340,5492.9252,10773.4744,10935.2139,10331.7448,8656.2914,11516.7725,5588.5819,12290.9418,5827.8168,9746.7314,10143.5429,8961.0106,11143.1341,10342.0456,6240.6845,12132.5185,5079.7955,9106.5486,5192.2076,8348.2939,4746.7451,11244.0989,12766.2965,10221.0153,5846.0352,10736.2303,12787.6038,12984.7207,9162.1845,6182.9028,12252.9842,12854.2327,9634.4880,8378.8450,3472.3202,6427.1973,12168.2694,11974.9436,12520.3660,12823.7495,7666.0402,12997.2489,7198.1552,13704.9508,12583.1642,2341.3994,9712.9404,13583.6240,4357.1869,10195.2607,13435.6931,10959.2405,13174.3609,13053.1428,6389.2640,6110.9453,9491.4008,13257.8734,7417.2965,12939.1249,7266.2353,6440.8209,0.0000,9474.0969,13169.7993,8432.2591,12514.6626,9304.0693,11732.2789,4377.8932,12086.9651,8095.4923,4196.7065,4501.0455,7647.5394,375.7343,9696.5289,13436.8707,5054.7428,13236.8754,12030.0622,12307.3293,8743.9816,8982.5896,12586.4977,389107.8297,423973.3364,404112.2774,399284.9839,406387.2193,407280.0630,411388.2503,406792.2393,362256906.4714,362314910.3178,362272985.8315,362278823.0050,7129.0471,13162.4258,5870.6846,12079.1909,12048.0686,5955.0604,13246.9352,3698.8823,5216.3069,5864.8295,12336.6265,13153.9508,7227.6980,1173.8626,12137.0285,3741.7736,12378.2123,9889.7451,8222.9712,7639.4857,12537.5983,11641.6877,5870.3258,6026.7568,10970.5618,9768.9688,12122.7307,11505.6863,10617.2493,12349.2239,13544.0608,4916.0450,6116.8574,7361.2903,9220.8288,13023.5409,13240.3738,11623.8009,10628.7794,10852.1787,11598.6931,11179.6781,13048.8720,9594.0162,3324.7128,10640.7719,11674.5753,3692.7718,10693.7064,13161.6634,12847.9197,12205.3437,11157.5907,10764.0791,8240.2618,9315.5369,13447.8067,2236.1879,10929.7818,8327.5194,1592.1540,0.0000,5012.4508,12308.1892,8283.1469,13765.1333,6723.8429,13607.5152,8897.3586,9615.6245,3244.9026,4473.1715,6668.9924,2510.9600,5844.1252,10893.3772,13509.3576,6322.3329,11658.4618,8378.5894,13676.7138,3888.4957,5336.8677,13083.4968,393864.5928,428708.5469,408927.3631,404057.5560,411171.1379,412112.2797,416186.2189,411577.8804,362262105.6765,362320109.5248,362278185.1396,362284022.2580,11931.0434,2931.7245,12582.7527,12436.1115,11090.6357,12450.1530,9282.6788,2553.2801,1753.3911,13689.6495,11857.1201,8081.7891,6179.2747,11706.1731,9589.5345,12691.1276,12898.4262,6658.7196,12487.7315,13026.6615,10169.6028,5215.4237,7445.7414,7681.9626,5677.7289,7169.9077,13564.7910,13259.9431,11868.6189,10550.7420,4507.8456,9502.3775,10588.5060,13136.5421,12472.1613,10697.3216,10682.4174,4581.2471,13637.0695,9517.2756,13691.7665,9317.2284,6518.1503,9382.1763,12738.8359,7583.5438,7698.6437,12407.8628,10571.8479,13374.3921,9966.1830,8711.2285,13145.5873,12606.4470,11712.7253,10563.8636,5619.2399,8575.6674,8189.6915,5859.1260,0.0000,5812.0984,7507.9433,11572.4548,11751.6404,3256.3030,12822.1782,11790.0583,3296.7964,6192.2575,10504.0799,9180.9692,5006.4071,10991.2044,12930.8956,10380.3141,8437.6397,6214.0886,3447.3194,12461.3895,5094.7530,7718.7717,12036.2886,395753.3194,430703.1531,411027.6640,406121.8736,413312.9057,414182.6097,418138.9775,413576.6035,362266922.1764,362324925.9803,362283001.5249,362288838.7333,13087.5239,3384.5967,9367.4496,12504.4211,6940.4776,13309.9107,13015.5589,12732.6869,5237.0600,1190.3887,13394.1054,13155.2944,9352.3889,12974.2778,2821.7970,7345.5050,8815.3087,11108.7437,8095.3147,10389.0995,13532.9808,10287.4356,6341.0775,11735.0289,7102.5359,8434.0382,6715.0071,9207.9714,3970.4043,13565.1251,13448.4813,9094.1470,10260.1020,7553.0413,2411.3567,10471.9116,9631.5473,8304.8178,10361.5795,6840.1774,7438.6713,12092.1020,12112.9297,10470.2050,9986.6812,11697.5449,10647.3240,7660.4171,6901.8503,9470.0078,10957.9741,6286.9740,11202.8095,11826.0879,5879.5954,13411.8286,11166.2897,8410.3007,13076.7596,0.0000,13720.0129,7066.1121,12255.8068,3568.7678,11081.5027,4136.4399,7774.5030,10046.1181,13792.0189,12735.7295,9631.4813,13367.2922,10785.9583,10061.4689,6005.5278,9961.2169,8518.2818,12240.1617,4971.3026,13546.7811,13772.7346,7708.9329,384312.2003,419340.4974,399624.9916,394750.6036,401968.5476,402744.9478,406681.1765,402156.0819,362257257.6958,362315261.4343,362273336.9404,362279174.2478,13508.7148,11478.6546,9367.2172,12240.4747,7323.4731,1253.3564,1487.3751,13796.8143,12833.4263,5618.3165,5144.4079,10837.0852,7821.1388,13561.4059,13058.2495,8656.1414,11318.3960,12386.1773,9190.8414,2412.7633,8536.6718,9939.1841,4991.5745,9058.2813,12811.9301,13400.8613,11056.9522,11737.3316,1709.0614,7156.7827,11091.4978,12053.2335,12081.3452,12154.8959,9585.5035,6432.4803,13008.0954,8682.6564,13571.7625,9958.7633,5266.5910,8705.0299,11404.3116,7620.3972,7836.3797,11015.6697,10659.2541,13019.1349,9446.5616,7780.5427,13426.1662,11259.8295,9943.9942,11196.0443,3803.1909,7539.4624,9830.9009,4982.7347,0.0000,3031.9019,9125.5979,9698.1386,12545.3692,5432.8415,13192.1756,12258.2173,5532.4342,3800.1135,8958.9004,9988.3067,3571.2781,10616.8446,11714.5918,11101.0404,9362.1154,7838.9094,2931.5389,12753.0382,2597.8964,5109.8554,11697.8426,395803.1336,430685.8682,411039.8012,406109.7865,413278.2993,414223.8581,418198.6280,413604.6618,362266614.3190,362324618.1210,362282693.8523,362288530.9655,10253.5872,11256.7139,8635.1263,12262.3133,13222.3176,13095.5463,4238.5523,4120.9407,13718.9017,12251.2266,10645.6778,11750.6842,855.1190,4409.8286,8346.5763,9351.7252,8904.4107,11940.2513,13872.9823,8927.1312,7288.9186,13244.0837,9458.7935,8002.5354,3954.6517,10549.8820,7119.7976,13704.6624,13068.4130,6596.4797,8820.5633,9053.9491,5476.3308,11852.5281,11454.0372,7057.9822,12069.4293,4843.2415,10109.8714,13450.4139,10263.7787,10400.6974,12097.7385,10153.4066,10819.7123,10056.7218,7603.6084,11398.9846,12618.7378,3383.0305,9833.4167,11729.3187,8675.2197,12882.8396,12751.5748,7266.2706,12223.2440,0.0000,13789.6093,9578.8616,11781.7491,6502.5561,11128.9634,6029.7999,4862.2815,11489.2747,13419.0327,11213.2988,7651.1859,12875.3471,8424.4619,9977.2117,8860.3442,8250.7036,10745.7549,13384.5846,7144.1454,13418.1175,13637.1087,9474.4556,383986.6650,418992.4952,399191.2939,394354.5653,401538.3814,402311.7755,406310.3916,401776.2673,362255263.9959,362313267.7681,362271343.1884,362277180.5000,8397.2756,3220.7248,9822.1548,12129.8367,12228.1592,7103.7015,8340.7114,7819.2245,12480.4130,1500.9092,9839.9754,9671.6524,10170.4277,13635.4966,8291.5577,1837.4940,3957.5887,10193.3606,13705.3212,12636.0248,8867.0166,10748.2475,4115.0544,9428.8887,1510.9739,8525.6597,11078.3310,7957.0694,12532.3311,6715.8737,2469.6160,9763.6079,3229.3936,11123.9727,6015.2361,4865.8141,7886.5660,7359.2890,8111.4379,12092.6929,2979.0766,7686.2910,13254.7149,2514.5877,5274.6392,3426.8392,4609.5537,5882.0190,9702.4148,7085.5193,4370.3135,6670.7449,11676.3535,5987.3049,13616.4164,12633.1787,0.0000,10271.2248,10016.5664,5712.1819,7204.8923,13532.6830,5904.0851,11601.3917,11675.6198,11000.5364,9962.2819,13292.3410,12236.7527,11585.2936,2870.4026,7062.7997,13532.0995,10391.3160,10539.5496,5307.6096,11101.7611,9151.1755,2877.6639,384990.6852,419813.7445,400277.2050,395286.2944,402460.2346,403494.5061,407434.4215,402811.6173,362258288.3571,362316292.0589,362274368.2533,362280205.2452,10514.4486,2705.5952,9424.6972,9998.7613,9492.8411,12158.7597,6459.8619,6985.1125,9114.2385,2320.5638,11294.7674,8209.0128,11737.4138,2957.7503,8873.5196,9655.1498,7966.6180,9880.3217,13268.3778,10796.0596,13633.3585,7149.3504,8474.3886,9319.8931,13222.7570,8082.0892,3726.9996,8577.7311,4255.1873,10063.6914,13282.5649,9193.9818,12905.5032,6644.7103,10140.1869,8094.3291,12713.9261,10033.9030,5504.7291,5945.4940,11831.5323,7954.5275,6273.3182,11770.7749,9367.6050,10663.0552,10213.0996,8928.0231,2838.6990,4809.8393,12515.7699,6779.1855,10022.4827,11316.2930,7353.3767,0.0000,7107.4763,13438.8820,3379.8058,12541.5588,11266.7267,11413.3927,8755.8110,12470.5081,6333.1894,1987.3839,9311.8165,7583.2675,5836.0456,6232.7247,12767.9207,9563.1449,13246.6176,10744.1659,11540.9767,7277.9619,5461.6222,10460.5866,389034.4771,423800.6302,404081.8185,399171.1951,406267.6593,407302.3717,411379.6794,406735.1576,362258001.6483,362316005.4528,362274081.4008,362279918.3978,11755.7069,12781.1840,12687.8663,6069.9735,5789.3604,9884.1963,13493.1501,3038.3622,11688.5611,7914.6977,9917.7461,12794.2751,9918.7832,2401.8703,4949.5634,11532.0209,13511.9015,10972.7304,9212.8931,8928.5203,5146.2299,9028.8950,2779.4252,5809.2340,12257.0392,10338.8862,12407.3048,8335.8792,767.7997,7196.8379,4718.1648,10146.0984,6741.2801,5422.4316,7663.5983,5476.5776,8891.5829,13075.6522,5729.1164,7160.3505,13700.2233,5515.6547,3471.7594,2594.1556,4464.1941,6519.7957,9111.1134,9048.9964,7283.7548,4100.3008,12898.4853,6766.3111,12801.7515,13557.4320,0.0000,11787.3397,8166.7065,8433.9759,4242.6725,13245.1617,3149.1655,11252.0812,10920.3123,12505.8414,11740.2986,13097.6684,13258.8193,12291.7746,5403.6821,4553.1253,13342.5590,8996.7207,10880.3424,2227.4579,12388.9323,11145.2878,1115.0807,384072.4802,418968.1358,399421.1521,394445.6114,401649.9108,402609.6195,406517.2927,401927.6171,362258221.6482,362316225.3387,362274301.3869,362280138.4688,7279.6242,7956.0782,11232.3471,13040.5851,5476.8241,4702.9611,10179.9586,820.3993,12381.8757,9563.5081,10792.1323,5305.6010,10510.1723,10047.9947,6043.1120,8825.0084,12774.9626,9778.0871,13159.9999,9283.2605,10020.5542,10417.4030,13641.0748,5894.2317,3122.9998,8672.1764,6745.9932,11353.0608,13695.6763,9785.6322,11888.7707,8869.5624,10300.0219,9980.1347,12814.8975,9130.3661,4631.0884,7862.7151,11423.5016,6617.4816,7952.5553,12277.5583,11078.7368,10997.1363,10061.9341,10358.3921,5444.6723,6270.9007,13007.2851,4315.7556,9815.0430,10678.5092,5101.3239,0.0000,5022.7516,13072.0396,4999.5919,13363.2348,9614.6306,12680.2399,9469.3295,11234.7245,3869.0669,2139.7339,8805.2716,5180.3445,6173.1150,8212.7849,13174.9900,8792.6585,12573.7902,9220.7269,12684.3032,4952.2783,3749.9567,11548.4079,391682.8106,426461.7041,406738.2251,401831.6275,408932.0769,409953.5012,414027.3064,409388.6151,362260372.2418,362318376.0629,362276451.9368,362282288.9525,817.9794,13818.1262,12872.8717,6507.1712,4324.2354,11574.0707,7696.7173,13352.0679,12689.7647,7796.2833,11250.9604,12902.4871,10100.7251,3363.2330,7531.7556,9486.3303,6040.5803,9186.7052,13108.2321,13131.7571,11783.4229,11959.7641,2239.5063,7635.6865,10353.8649,12141.1855,12659.0899,12146.7933,10467.2945,6694.0256,13114.8290,9617.9228,13481.3962,10546.0702,6394.9125,8027.1366,11915.1268,8474.1787,6865.1083,11606.8645,11332.4479,13411.0271,10298.5282,8784.0124,13129.9346,11362.0010,10531.7972,11673.1211,3331.8167,8561.9223,8971.5000,4087.5530,0.0000,3658.0269,9379.4051,10159.3509,12814.6534,4465.9354,13468.9789,11687.2486,5594.1456,3809.0786,8762.7930,9104.2791,2816.1935,10027.8328,12194.5177,11574.6442,8417.8167,8164.9454,3882.0231,13138.2097,2692.5448,5673.8880,12328.3713,396021.9309,430918.1094,411235.8090,406325.0904,413489.5771,414411.1973,418400.2444,413812.9991,362266354.5412,362324358.3569,362282433.9978,362288271.1418,13840.7307,12603.9015,6947.1387,4939.8076,11601.9955,8344.5453,13215.2474,12835.6841,7479.6881,11704.3527,12960.4635,10072.9609,3839.9797,7543.8739,8972.6067,5773.5660,8564.0746,13295.0539,13249.9189,11798.5645,11542.8430,2895.8282,8229.7703,10502.2021,12512.0541,12608.0121,11737.3389,10495.1421,5998.2189,13337.3827,9525.1318,13618.2224,10136.7201,6294.0714,8517.9261,12194.7613,8113.7212,7169.3291,11869.3095,11072.8982,13431.6548,10147.6518,8679.7861,13213.2763,11807.8940,10911.2952,11325.5750,4088.1333,8480.9887,8781.2683,4667.9830,0.0000,4292.2833,8791.7109,10624.1731,12510.5439,4043.8047,13302.7093,11799.9579,4855.7686,4581.5430,9371.0525,9190.5872,3529.7638,10406.1183,12450.4591,11198.7597,8477.3701,7530.6826,3499.6116,12950.3040,3453.3740,6302.0774,12234.9554,396039.0632,430951.6777,411274.2961,406363.6616,413537.0417,414443.7622,418421.1856,413841.4397,362266664.6014,362324668.4131,362282744.0279,362288581.1904,4916.0768,12253.9611,12793.7118,7929.2918,10757.5927,3710.8391,4714.3673,11208.4364,7372.4729,5512.3672,9904.0093,13424.8982,11227.2913,10271.8144,12812.1097,10911.6446,4169.0878,3545.4787,7811.2168,7751.6469,13618.6330,11356.8246,8511.2903,6008.5948,6278.1727,7255.7381,9546.1917,12532.6495,3552.8619,10363.7181,2269.3463,9745.8602,12616.6418,10666.4744,7050.8956,11532.8927,11556.1678,7595.9506,8719.2458,4093.6793,9715.6536,11173.1192,3617.7472,7322.4966,8894.4903,8090.7902,13014.6362,11304.9782,10329.4231,12888.6591,0.0000,13265.6791,10649.6915,9175.2664,6170.0121,13061.2828,4257.4896,6633.8297,12771.6359,13110.0205,10159.9699,9928.2351,13306.5204,8789.9327,6518.1637,8454.8757,10557.7929,11702.6585,13533.8667,5375.2305,13308.1124,12510.9979,7026.8429,382301.7458,417225.9495,397501.2823,392614.0414,399781.9426,400662.5347,404660.0729,400085.2475,362254085.0701,362312088.8137,362270164.5552,362276001.7335,12766.5655,13179.2223,8286.0268,12747.9112,3429.7803,7659.0094,9400.2354,10863.4175,7075.1670,9388.7267,13118.3763,10798.2661,6913.5451,11114.1840,6936.0944,7719.5868,6925.1314,8127.0475,3321.0549,13268.8491,12919.4647,9635.2273,9857.5597,6424.8909,2494.7063,9458.2056,9389.8104,7853.3252,9395.6402,6723.2060,6590.6828,11400.9701,12266.0115,9651.1797,9215.2533,12015.3073,9779.0499,6599.0404,5929.4302,8454.8402,10062.7119,6586.1509,10798.2362,11063.5363,4889.6397,13280.3646,10286.9307,9110.5835,13120.3483,0.0000,13337.4677,6733.5306,11611.1941,2472.7434,11324.2785,3017.3655,8312.8897,9918.1946,13536.4493,12561.1576,10201.9244,13297.7761,11019.1433,9240.9868,5069.9779,10511.6323,8182.6927,11831.9784,3785.7255,13291.5780,13303.2703,6564.3892,384180.3380,419190.7561,399507.8973,394614.7984,401833.6362,402638.3548,406565.0547,402030.7464,362257470.9051,362315474.6327,362273550.2309,362279387.5033,7454.0639,7457.9287,6128.8979,13550.1764,12516.6105,12190.1421,8831.1879,9230.4909,6144.0547,3345.6707,11531.0977,12893.8655,5601.6983,11315.3121,9683.9359,12545.1495,7749.5908,12137.8389,4519.5368,2959.0832,12249.9728,9067.8289,9403.4299,13052.0807,6112.2024,9519.1800,10387.3332,6203.2997,11960.1401,9865.8726,4511.4870,9301.4882,7257.8834,7527.3996,10157.9515,6719.0228,9285.7675,10363.7790,7293.0114,5625.2161,12803.2704,8092.3036,5237.5358,10681.6284,5837.5278,5288.8141,12750.3614,7634.5062,0.0000,3249.2528,10921.9651,5210.7570,12068.2636,10104.6768,11849.1533,12714.4480,9326.9665,4546.7623,7250.2176,12074.3342,6555.5613,10633.2365,7751.4971,10787.4896,11858.1111,10094.2590,6008.2034,11283.6942,4631.4018,2156.8233,9191.8021,392452.2073,427232.7193,407663.7654,402683.0446,409827.2158,410893.6308,414875.8686,410235.0695,362263696.0316,362321699.7971,362279775.9087,362285612.8672,12441.8543,4818.5914,12559.6740,10424.4285,7601.1739,8620.3506,12981.5565,11762.0569,5579.7414,5618.2216,10422.3065,9366.7977,11576.6581,12155.0773,11149.9971,12650.3789,13355.8690,4439.3794,6786.5978,7622.3487,10103.7109,13312.2703,13043.6323,11830.9274,9931.6679,11566.4513,11617.1737,11779.0851,12812.8993,9334.8028,4101.7128,11312.2952,11366.1615,3577.8081,11307.6549,13127.3176,13280.5556,12217.8804,11095.4575,11238.6351,9190.1022,9998.2755,13339.2229,1853.6843,10871.7039,7928.1497,434.1661,0.0000,4872.0433,11822.2076,9079.5139,13754.9489,5739.6875,13802.1358,9266.1728,8830.7030,3232.6696,5592.8763,6629.2444,1665.2812,6567.6765,11557.9664,13360.7424,6126.0609,11079.2932,7751.4787,13828.5161,3527.6476,5665.1680,13298.0671,394615.3494,429478.8315,409700.1440,404831.7367,411954.7568,412877.9996,416940.4000,412340.6966,362263049.8754,362321053.7248,362279129.2929,362284966.4344,10284.3532,10053.2892,10967.7382,13393.2690,9299.6677,2850.9324,2600.9055,9645.1476,13722.3693,12180.4941,7720.8909,9818.0085,5438.1975,10270.8780,301.7852,7885.2380,10598.5314,8149.1890,12977.0717,7902.1772,2381.1301,9373.3977,1993.2157,10083.4958,7236.2832,3473.4215,8878.9029,6167.7705,7016.9613,12509.3805,4225.8243,6335.6643,13399.0457,3592.8101,4068.8485,4268.4667,3145.9367,4566.4176,10477.4500,8156.6233,5064.7370,5765.1335,11514.0515,4718.6306,13573.6351,12556.4061,0.0000,9882.9472,9021.2939,6436.2403,6819.2273,13054.3962,6002.7250,12186.5255,10744.5521,10819.8459,10569.9137,13527.1936,12016.5069,12220.1258,4219.1906,6113.5321,13671.3590,9308.6875,9577.8063,5134.5370,10766.5689,9002.3219,2222.4179,385883.3104,420720.5121,401208.2447,396208.1819,403395.2584,404422.0358,408340.0865,403723.8081,362259647.0219,362317650.7178,362275726.9074,362281563.9088,11898.8395,8877.0004,10566.1405,4659.3221,10393.2474,10330.8834,6686.7743,8490.7823,12598.4379,10244.9514,13213.7625,8961.9537,9372.8613,10506.9927,13538.3244,6478.5435,3711.4070,8036.8781,6240.8014,11307.3680,13483.6527,10042.2247,12112.0583,8388.2626,10611.3674,9397.4103,12939.4263,9637.0751,4051.1713,7784.6934,11742.7198,6276.0196,7962.7423,12383.2989,10858.4925,11232.2841,10442.7831,9720.7126,4975.2352,6393.1287,13013.4006,4721.4637,10215.8718,10317.3170,5216.1145,0.0000,5697.7152,13148.7303,5077.0699,13204.4632,9671.1297,12446.4616,8795.1955,11454.4787,4478.9969,1341.0706,8298.5069,5515.4122,5420.0929,8087.9559,13193.9368,8358.6125,12742.5418,9693.6365,12533.6699,5521.5034,4497.4674,11558.8542,391147.0582,425931.9465,406190.1132,401293.2331,408391.4070,409401.2500,413482.5793,408846.9820,362259673.0626,362317676.8866,362275752.7267,362281589.7565,4807.1736,8821.3139,9412.2229,8265.5003,11423.8563,13844.6604,9498.9631,7491.4922,12989.5401,9242.6500,7541.7199,4165.1437,9940.7506,6567.6842,13760.4195,12985.9638,7262.4634,8702.2978,8360.0336,5068.2868,11328.6078,11322.7858,6771.6080,11573.0783,4696.3308,9579.0902,13171.0192,10685.8856,9987.2261,11688.7619,10657.7566,10384.7522,9429.0873,6921.2924,10847.8769,12179.4119,3664.4573,9764.5102,11417.2860,8045.2217,13078.4045,12329.3456,7866.9129,12538.9850,0.0000,13799.3383,9281.9971,11572.8046,5785.6705,11436.3468,5222.3616,5520.4264,11458.6325,13533.3564,11395.4225,8303.5836,13104.3145,8891.2834,9543.0711,8252.1152,8872.2244,10508.6591,13282.1596,6367.5786,13515.9684,13599.1469,8788.1253,383618.5245,418620.4413,398842.6511,393993.7590,401182.3260,401967.2645,405954.3192,401417.6125,362255291.1861,362313294.9476,362271370.4211,362277207.7178,9165.4086,5825.9657,9102.6558,12388.2520,12986.3465,8148.6274,9838.7770,13826.3346,12091.6645,6900.4495,1225.8381,10960.0418,10366.7489,12732.3619,10979.0539,4429.6770,5874.4052,10009.5244,9188.0630,12085.5478,13167.9468,5109.2544,12725.0233,3053.2621,12348.3086,13711.9737,7319.3944,9035.6816,13453.5919,8275.2435,9678.1141,11850.5303,8135.1081,12413.5568,13192.1235,1329.8229,6757.9457,10055.4519,11173.8921,11254.7546,13217.4925,7754.3547,10529.8830,0.0000,12549.4568,12170.7185,9607.7592,9523.8113,11410.5794,8341.0472,2392.1396,12887.3054,11746.1723,7977.1871,6314.7821,11444.0332,4901.3725,8700.0328,11429.6345,7167.8731,12896.9314,13740.7709,9331.8240,12129.5004,11953.3546,10625.5564,384615.2961,419537.2968,399692.7759,394864.5649,401997.8935,402841.4810,406910.0433,402338.2553,362254037.6561,362312041.4601,362270116.9678,362275954.1955,11629.6303,13328.2302,13061.0250,10301.8610,3161.7542,3897.3187,10730.4712,7583.2878,12956.0035,9770.9182,13453.3043,9607.9383,9439.5816,12259.2221,6102.5646,12352.1348,13054.5714,8321.8507,13354.6307,7704.4287,12220.1912,12679.4175,11020.0581,10894.6316,11440.1916,8029.7348,13627.9237,11153.0607,5619.4733,13700.0219,12084.7282,12881.7799,12576.8529,12438.7982,9415.2608,12357.5076,13507.1407,11025.3476,8565.2005,12427.8091,1878.5069,7296.4714,0.0000,10350.3524,8334.4434,13165.1025,10661.3846,3787.1716,11562.8639,7313.5500,6758.5446,9735.9194,10705.8177,4460.1633,7952.3591,8351.9980,13558.0463,10913.3857,3829.6381,8324.2596,9359.3195,11875.9951,9286.3209,11441.4070,12963.9756,392237.0246,427265.3542,407435.5050,402617.3502,409802.1694,410543.0358,414546.9646,410025.4279,362262198.9688,362320202.8006,362278277.9805,362284115.3460,8149.7431,10499.8132,10260.7337,9843.9023,12896.1910,12343.2290,13777.7473,5647.9216,6010.7846,9425.9225,12612.2636,10300.0835,6419.6258,7364.1224,2107.8459,9570.1813,12369.3115,9972.9193,13718.1119,4445.5162,11066.2119,5604.3522,12899.5019,11714.3470,5898.9181,5794.3504,12772.0676,8370.9736,6456.2280,11846.1433,8181.1424,11271.6915,11398.6507,6550.3721,1529.5897,5851.3631,12238.0283,8850.1016,11292.3721,10806.0780,8931.5115,0.0000,9525.4476,13609.8765,4809.7336,11647.7648,12105.6524,10182.1113,6906.4188,13378.7976,8724.4104,3632.0767,8686.7144,9486.3104,4812.8772,5799.7904,12542.0093,9213.9511,13780.0870,12429.3727,10617.6224,9531.0213,8106.7196,10178.4207,386537.0184,421331.0664,401570.4719,396683.5888,403781.5632,404776.5270,408863.4809,404232.0222,362255497.5160,362313501.3172,362271577.1826,362277414.2268,5366.2888,11337.1798,13484.2036,12135.4844,9963.9540,10640.6936,3086.6708,8219.4231,2700.9477,7807.7297,12073.9597,9096.5809,11919.9957,6378.1614,1863.5345,8823.6816,4784.0894,11498.2846,4989.7845,6136.2181,6579.6544,7487.7659,9381.7338,12141.3763,3586.7375,8509.8418,13260.2407,3571.2276,5468.0839,1613.8033,5588.2579,7188.4429,8463.4212,7113.6876,5536.9137,6318.5423,12412.3925,7336.8156,13126.6616,13119.5224,0.0000,11378.8546,9960.7018,6652.1896,6183.3728,13736.2528,4455.1440,10716.2503,12058.6993,11918.1361,10313.8933,12854.9247,12911.4279,11253.3142,3173.3564,6758.4957,13192.7296,10612.0691,11495.9131,4132.9312,12031.0716,10336.4363,2762.7412,383689.3596,418539.1753,398970.9185,393998.4232,401175.8534,402175.4745,406120.1114,401509.3148,362256965.4317,362314969.1342,362273045.2477,362278882.2811,8023.1434,13568.9279,11908.9475,5448.8370,8948.2496,7680.8508,11867.5375,2786.6602,8165.1280,9113.9806,7743.3734,13611.1000,9508.9604,4534.2793,9845.5074,875.4194,8545.1696,9257.3268,1019.5373,10752.2347,5368.0137,4687.1444,12683.1341,5993.8034,4310.0582,13234.0338,5204.3740,3864.9665,6637.6969,1602.3181,2039.0445,12021.5674,9439.2218,5842.2245,5888.7238,10569.1580,2195.7973,13585.1251,11832.9383,0.0000,8495.0914,8123.8529,7090.3248,7739.2200,12058.1604,7663.6189,13203.4989,9247.7529,9778.6655,10922.6771,13782.2479,11012.1978,12910.5902,6177.8513,6074.4006,13742.9601,7980.0540,7560.4507,6634.1422,9509.3504,7984.4974,3910.7347,388262.3424,423102.8810,403618.5514,398606.3844,405802.4770,406833.0085,410732.7658,406118.4299,362262230.7993,362320234.4984,362278310.6867,362284147.6850,9804.9723,11444.2013,4862.4275,10230.4818,11739.2607,13234.0945,9902.3405,12197.7206,1396.1916,5129.8608,11619.4460,10902.0179,11230.9583,12842.5616,8279.3026,7839.5885,12110.9708,7697.5069,13112.8467,10101.3986,4485.3780,8684.5868,9873.6153,7555.2648,8631.2537,9427.9641,10287.2819,12195.1428,8661.7966,6825.4451,13367.5681,9961.9939,8120.7523,11231.1933,3806.6068,6516.6239,11202.5323,5607.6444,0.0000,1136.4245,10088.3034,7875.8806,12652.7653,7504.6686,12942.4335,12566.9780,7253.2559,2889.5420,7937.4177,10888.1134,4167.1056,10531.2674,10270.7090,11216.4083,10424.1937,8933.2154,3839.8682,12439.8753,2122.7204,2982.3710,10904.4118,394885.4889,429717.1344,410104.1423,405151.1664,412305.7988,413310.8076,417292.7967,412675.2510,362265724.1233,362323727.9138,362281803.8165,362287640.8541,6793.0650,11564.8866,10042.0970,12495.3832,9039.2500,13823.8412,11560.5904,8788.0499,10937.7204,4169.3460,11020.4258,13625.4298,10360.4326,13703.5755,9717.6494,11452.2538,13357.7135,10412.1607,12592.5439,11978.9695,5276.6798,13010.5394,12465.0062,2699.6203,13197.3409,13339.7388,13124.6355,13444.8436,13114.6385,8825.5718,10815.1469,12663.9484,12626.2466,7072.3481,13035.4727,2678.2319,5394.3122,0.0000,9507.7916,10624.8325,11989.0299,12183.3955,4663.4852,12527.7196,6086.1517,8647.8272,8381.7392,8484.8605,2159.6478,6556.3940,5887.8706,12994.0987,12606.2412,1197.6185,10486.5875,10079.2269,12936.9668,8283.1087,10312.0060,13689.9923,392413.3277,427387.4781,407517.5927,402710.5650,409859.3830,410642.3564,414698.6726,410152.7952,362260981.5908,362318985.4467,362277060.6695,362282897.9836,10135.8467,4637.3430,12475.2470,9996.2180,12167.5815,6470.9343,10977.6744,13468.8345,8390.5156,12992.6784,11416.0068,5113.0504,12311.2173,6208.6004,12147.9919,11435.6344,10883.6793,8369.7654,11012.1680,10856.3142,13432.4087,9532.5552,8991.3191,13412.8345,9888.6269,11548.8592,10998.7603,11370.6019,9547.6283,13305.0537,13747.3833,8355.1997,10885.2782,11471.7529,4722.5011,10151.1396,0.0000,11781.7189,5467.7001,13827.7213,7923.2594,6066.9404,9415.6304,8647.1786,5950.5386,11719.0400,12756.9958,7454.9191,10405.0742,10695.6784,13268.7852,8165.3410,7157.1925,6062.6518,9448.6277,9626.3040,11108.0904,12787.1878,11195.5970,390311.9515,425379.1211,405619.5162,400773.8422,407996.4552,408718.3583,412659.7778,408155.3772,362262207.5955,362320211.3826,362278286.6285,362284124.0133,7090.9156,11548.0821,13724.5757,7901.1665,9151.5011,5709.9212,8170.4714,13271.1257,12218.4398,9082.0274,10431.4949,6148.6764,4844.3033,12463.4783,4610.9356,13336.1722,6133.6853,1350.6896,11877.2926,10009.1446,3038.1172,11415.3587,9357.0704,6767.5434,10823.9542,5348.1175,3530.9529,13740.3009,11773.8984,9005.6503,7797.5882,7993.8409,3384.1276,11897.7756,9278.7121,0.0000,5877.9571,6634.7121,9545.5240,9912.3910,8449.1515,10813.2147,13686.5798,5194.2387,7459.9506,11236.8246,12613.5495,8075.0121,13003.3438,10271.5051,7669.5342,12193.3046,5383.9464,2440.6519,9956.6078,6589.0579,6862.2072,8400.0426,393252.5042,428141.3517,408616.0679,403630.3088,410836.0572,411808.2085,415707.4730,411115.6669,362266520.5789,362324524.3173,362282600.2672,362288437.3428,12080.2747,11905.1786,9796.0464,4421.4623,10270.8060,12763.7561,11596.0142,13438.9405,9364.7623,4927.8429,9572.5000,3179.0163,12522.3336,8241.4347,12052.5050,4496.3642,8115.2421,12864.0031,12376.0717,5676.3776,11495.1498,12070.0346,6596.8236,10481.8539,7720.5427,8114.6808,11598.1183,13672.7221,12591.9327,5329.3835,11272.2787,8290.5388,8727.1535,11345.1318,0.0000,10926.2270,1007.8600,13109.5639,6342.3451,7618.4446,8385.9975,11607.4512,4081.8216,11603.1328,13674.1539,10872.6704,10959.6951,13024.7509,12283.0271,4966.7129,10543.1208,1908.2759,7252.8707,7947.7345,10782.7328,11946.8796,8789.6150,390502.3935,425538.0793,405917.9031,401000.4843,408247.5540,409042.7180,412918.8890,408397.4275,362264345.5900,362322349.3286,362280424.8625,362286262.1553,6057.1177,5405.1042,9419.1485,12248.2843,8596.6813,10175.6688,3660.9102,4805.1018,9768.3071,7040.6386,12872.1438,2051.7432,8442.1546,4251.1046,9799.9733,10933.5848,10429.4612,3112.6278,10655.1231,12000.9038,3802.8680,8113.8018,2879.1667,8130.5507,9298.0251,6470.6630,4766.3074,5260.8025,8577.2131,11912.5027,9360.2182,12373.6168,12351.7017,0.0000,11492.0747,11597.9529,5760.4521,7801.7242,13735.0114,5748.5061,8819.0840,13132.3514,11556.8200,8522.9408,11473.5575,12465.7710,9129.6255,2534.8570,8996.9483,11978.9151,12230.6263,12606.8613,6086.0305,11929.3673,10207.8633,5685.9137,383223.8863,418056.5581,398408.3504,393471.2754,400618.5821,401612.1859,405613.1193,400995.3617,362255017.9580,362313021.6904,362271097.7197,362276934.7610,10237.0091,9770.2284,13098.6900,11113.3422,5536.3106,5617.8881,9141.8786,8699.3488,11536.8070,13156.1831,4336.7315,12248.9277,1974.2668,11818.0021,13580.6131,8241.9455,8466.9430,13115.8922,9226.3743,9121.4194,11179.2178,7141.2774,11852.5937,12812.0294,637.2178,6703.9679,9735.0056,10500.4998,11825.6092,12863.5913,8466.6826,11257.7729,0.0000,12856.4077,11902.7744,9451.1720,8734.8089,11973.1723,7368.8896,3475.5882,13007.9267,12208.6596,8515.9986,7319.2319,12052.2200,5922.4324,8071.0658,10786.0629,8126.1047,12732.6428,13850.1551,8412.9079,12559.6916,12184.7993,9806.7377,383753.2831,418675.4765,398856.5115,394015.4701,401156.0819,402008.1927,406061.8152,401489.0301,362253730.1748,362311733.9636,362269809.5290,362275646.7449,7740.6857,10843.4440,8425.3558,13038.1845,7988.1623,2118.9563,9244.0152,2228.0956,10152.8017,7223.1916,3624.7098,8827.5487,6097.0788,7230.3433,12672.5520,4352.0164,6415.2528,13545.9906,3757.4270,3949.2846,4090.8940,3197.4724,4743.2202,10435.5475,8293.4802,5300.7026,5614.6146,11746.2723,4912.0455,13620.2617,12761.0005,0.0000,10146.4152,8991.5062,6667.4088,6627.2403,13181.8084,5787.4306,12205.1531,10837.9457,11072.8118,10769.2715,13606.8262,12238.0455,12332.3549,4306.8633,5973.9344,13761.5615,9330.3204,9766.5617,4903.6035,11012.8289,9282.3647,1963.2234,385643.1353,420484.3157,400972.8685,395972.9766,403162.1416,404185.2156,408100.6500,403486.1594,362259500.8564,362317504.5501,362275580.7368,362281417.7425,12476.4707,13047.7610,11514.8826,11684.0560,6469.1173,2254.4985,8522.2589,7092.7096,10037.8138,7857.1525,9481.5803,3835.4853,9670.2115,13455.9385,10489.1558,6827.6947,12838.9888,10327.6582,4738.1050,7230.4533,6842.3707,8368.2959,9477.8959,12347.8458,11504.4933,2585.2651,13127.6074,8641.6204,9964.5975,13239.1199,0.0000,12688.1037,3959.8376,12254.8648,2094.8791,10695.1122,4435.0320,10683.6627,7984.0087,13276.9557,13676.5409,11571.7170,13068.8017,12810.8942,10208.8582,2479.3177,11615.0561,5555.1257,10088.2398,4122.6339,12772.2192,12997.3528,6106.3585,386143.0532,421163.4133,401552.9319,396627.8475,403871.2778,404685.3473,408563.7268,404034.1674,362260507.9168,362318511.6273,362276587.2831,362282424.5460,5723.7256,10916.8201,11153.7205,12005.6128,12894.8852,9370.6814,7856.5707,12404.1839,8771.4636,13184.3319,10705.4134,5578.9983,7916.6045,10622.0006,8352.2415,7579.8675,10265.1201,11063.3702,12793.8872,9641.1377,7934.2114,13201.2860,10208.0784,8947.2270,11783.6833,2724.7443,7650.3747,10361.9201,4415.0714,0.0000,1456.5688,10264.3053,8536.4164,13031.5806,6494.6690,13377.2257,12072.5933,7039.6909,2240.6187,7706.3952,10013.0540,2899.2375,9950.7654,10984.8866,11751.6004,9477.6171,9105.2373,4162.1236,12978.8045,1099.0814,3583.4801,11717.7559,395446.9287,430293.8661,410643.3041,405710.3518,412861.3317,413840.6389,417836.8766,413226.7214,362265766.2093,362323770.0158,362281845.8180,362287682.8887,10894.6549,7008.5384,9814.6286,13611.7337,7432.4327,11365.0321,8890.2152,8079.8483,10565.8964,11491.4561,7198.6951,7507.2665,6307.1796,9751.3383,9127.2802,6094.2792,10661.1293,10063.9771,8958.5138,7834.5426,11472.2891,5767.2075,4168.5786,11853.1801,5620.3628,7555.1790,12408.4186,7100.9089,0.0000,4387.1694,12454.5284,3309.4480,12669.0939,10729.8501,11983.9432,11315.2950,11014.7398,4475.6852,4699.7893,11060.2668,6530.5844,8679.3480,6806.1014,12037.5669,11016.1721,11881.1990,8282.3899,11701.4930,5228.2038,2284.1856,9897.0707,391253.7991,426009.3417,406379.0819,401424.3475,408540.2478,409612.4264,413643.6358,408992.6763,362261290.4030,362319294.1883,362277370.2678,362283207.2191,8431.9429,12500.0274,10130.5311,13508.6882,12019.6999,8649.8942,13687.4989,7197.0543,13163.0248,13390.9910,4769.3586,11401.4454,13634.5496,4531.8628,11849.5335,13309.8608,11270.8675,13611.1391,13781.5444,5380.8724,8591.8951,11600.3600,12573.9540,8981.4643,13738.6412,4533.0828,7627.3711,0.0000,11133.3501,11971.9082,10858.7309,11449.9535,8367.1318,11063.6338,2230.2368,11294.2027,9948.5062,7402.0916,2073.4042,8880.9713,3244.8216,11254.8112,12692.4183,3022.2981,12292.7183,12408.1623,11803.4157,10232.8236,11141.9802,12854.5402,388654.6275,423600.3385,403704.5671,398906.0385,406035.3929,406837.5786,410923.4715,406365.2087,362256936.4324,362314940.2785,362273015.5800,362278852.8648,7962.7735,11630.3208,8896.7143,13684.8532,2643.8651,10188.3380,4546.3776,12004.7363,11543.8275,7713.3993,4255.9324,12195.0925,9898.8809,5055.7288,10677.4196,6376.9107,10244.8232,10719.8883,6191.5840,1493.8316,5072.7094,11131.5301,10124.4568,10664.7777,11572.2220,10381.9978,0.0000,10324.3558,13149.3168,4514.9370,10449.9785,12972.4363,8719.4186,7501.0603,13563.6546,9862.8146,5459.8815,9845.3995,10761.2495,6435.5006,4112.2822,11485.0750,10399.0869,13489.7453,12694.7467,9150.5332,10538.9719,8838.6802,8678.4123,384979.5056,419777.7973,400057.1955,395150.9559,402262.2062,403266.2313,407327.5930,402696.5476,362254886.4450,362312890.2205,362270966.1698,362276803.2010,7842.5573,4194.0918,10371.3136,6529.2336,5124.9941,7703.5661,5843.9470,8652.9072,12908.9200,5082.6245,7189.9746,13662.8483,4824.6020,3729.9118,2520.0542,4285.8959,6245.2300,9273.5647,8614.1045,6626.3894,4665.5851,12658.1446,6469.0796,13060.4767,13397.1177,0.0000,11455.0459,8596.7978,7828.7502,4968.3640,13362.4614,3795.6725,11386.9003,11106.9314,12192.6568,11377.1744,13211.8374,13066.9151,12184.7502,4786.0251,5104.7854,13456.1152,9310.9955,10788.5605,2970.4079,12120.5812,10704.9098,976.5706,384225.1193,419102.8336,399562.1234,394580.9656,401778.7995,402758.1194,406671.6029,402073.6259,362258235.8294,362316239.5208,362274315.6123,362280152.6705,10126.5707,7760.1250,9930.7493,9590.5550,8817.5449,5878.3447,11001.5916,12751.2089,11261.1463,8527.3515,11942.6502,11254.1298,6763.2510,7954.0349,8684.3448,10037.4925,8292.7927,12371.1442,12324.3160,4720.3098,13131.1290,10266.9318,8432.6520,12906.4249,0.0000,13213.8517,4919.8400,12852.5106,3238.4031,10148.3682,5027.5981,9250.7296,8344.4638,13506.3104,13476.2979,10203.7681,12989.5831,11882.6210,10938.5774,4666.2217,10310.0058,6494.0515,10931.5940,5290.3950,13058.1677,13578.3078,7693.4338,385968.4112,421014.2734,401336.7886,396447.6696,403684.0963,404452.7445,408356.9951,403840.3512,362259548.1755,362317551.9072,362275627.4068,362281464.7258,9251.9347,8682.1344,1889.9850,10325.8582,6000.9767,5299.8294,12524.7224,5216.7782,5151.8611,13263.3904,4406.4597,4292.8961,6164.0801,2284.6181,2825.3456,11730.5153,8841.2428,5149.3507,6278.8016,10668.3979,2920.7904,13771.0318,11931.0928,0.0000,8646.0788,8765.5987,6473.2076,7898.4054,12459.5842,7550.8218,13026.7077,9896.8847,9842.3911,10572.2491,13798.8413,11169.1065,12660.4621,5413.5948,6515.3342,13811.6206,8694.2196,8163.4566,6585.2531,9679.2894,7919.6633,3722.4405,387721.2949,422548.2195,403059.0561,398047.0932,405235.6984,406278.4205,410188.2095,405567.5841,362261505.6282,362319509.3277,362277585.5443,362283422.5273,13358.7725,7696.4592,13293.3346,5623.2501,6087.4726,12147.6730,12449.4010,4763.9531,10699.1714,12025.0038,7521.0090,11719.4565,7662.4876,7123.0036,12947.9979,13570.9340,12064.4749,7128.7399,9321.0487,7180.9428,9195.2858,9676.2415,0.0000,8686.7115,3349.0533,12455.4934,8694.9500,6153.0639,10376.0883,12502.1200,1433.5767,9563.7945,12844.5092,10995.0235,8957.4230,12951.3667,12510.3908,6811.9693,10469.5121,1773.5929,4413.6394,9794.0112,8562.4076,10079.7757,9726.8182,393167.1699,428163.7344,408560.7878,403628.5431,410861.9269,411703.2285,415590.8586,411050.2996,362266485.9534,362324489.7067,362282565.3089,362288402.5483,9926.1420,2603.0407,10919.3090,11938.3102,9245.1219,4544.3468,11805.9499,10934.1437,5333.2218,9526.5157,4414.4685,9654.8109,10662.2764,4846.6970,4070.0975,6261.1632,9668.1185,11627.2090,10697.8523,11383.8456,11771.4638,0.0000,11732.9150,12190.9157,6280.4739,8542.3317,13353.5812,6556.3837,7173.2504,13438.3565,11471.9521,7692.6321,10168.2764,12139.5636,7579.4302,4085.8421,10057.2944,10785.1620,12845.1032,13175.3065,7195.5321,11938.8443,10499.1985,7368.4275,383260.0079,418103.0317,398392.1342,393486.7402,400621.2883,401585.8005,405618.1174,401006.2558,362254131.7538,362312135.5089,362270211.4167,362276048.4942,11255.9839,4755.2099,3986.1458,12803.9490,6877.3838,3325.4292,13136.2605,6111.5514,3637.6748,7284.4285,1263.4880,1192.8249,12359.7833,10091.4871,6621.4083,5607.0562,10396.5582,1462.3312,13331.2134,11653.6810,0.0000,8287.0962,7409.8099,7773.2764,7691.5558,11534.5421,7926.9892,13381.9139,8455.0549,9655.6788,11271.7251,13713.9261,10768.7200,13147.5173,7055.0545,5719.9377,13611.0787,7149.9412,6817.7748,6859.0356,9264.4054,8037.9160,4392.1869,388973.1437,423829.1645,404346.9505,399336.1618,406539.8063,407555.5104,411445.8699,406838.7331,362263082.9230,362321086.6234,362279162.7727,362284999.7898,11218.9229,13052.4217,9115.1865,6941.6562,12541.7304,10380.2886,7639.2158,10225.6344,5495.2607,10828.3625,11946.6322,2414.8061,5873.0036,8518.9148,9796.2761,12177.6111,12013.0704,9927.7023,11922.0026,0.0000,12768.1491,11884.0942,8432.1597,8118.9096,12846.8342,6344.4150,5312.1954,13306.0115,12328.7397,8595.9932,8876.2669,12520.1969,7003.0078,6480.2595,10142.0594,9606.0312,12734.1181,13788.0027,7335.8106,12702.4583,11869.4384,8473.7252,382917.7659,417814.0239,398045.1812,393175.4881,400318.2635,401212.5308,405250.6935,400664.3027,362253530.7156,362311534.4835,362269610.1981,362275447.3611,6600.3161,13801.6604,9700.3996,3303.0515,13343.0541,9226.4421,2331.7108,7721.4769,3835.1303,5092.8105,11685.6632,12316.4125,10166.6773,2076.3315,12067.6550,5405.1080,11662.8107,12715.7147,0.0000,10804.7814,3506.2594,11127.0959,4631.7510,10625.0060,6250.2717,12696.3478,6821.4627,11873.1728,13405.4504,13004.5415,12104.7072,13763.8344,9610.8429,1787.6743,12877.8432,4137.3215,7707.5488,5219.6113,11241.0678,11177.9973,5025.0314,388199.4453,423165.0491,403641.5270,398667.0437,405909.4244,406803.2561,410659.5453,406103.8072,362263083.1648,362321086.8616,362279162.7329,362284999.8997,11694.4660,9113.1462,3535.6872,11563.9081,8416.6883,6769.0493,10392.0158,4964.3904,2850.1318,13658.1083,11027.6107,7953.4608,8090.1495,7842.9919,2591.1975,12465.7915,9308.4453,0.0000,5410.0979,7595.0847,8534.9714,10165.1232,9216.6572,10785.1995,13740.6807,6387.6126,7091.6363,10648.8105,12886.8967,8081.9103,12812.0938,9428.5517,8033.5836,12528.2430,6507.6844,3279.5593,9914.2530,6376.6840,6042.9887,8021.0659,392820.7742,427679.8282,408165.2316,403170.0417,410365.2486,411369.8785,415278.5286,410672.9397,362265944.6631,362323948.3988,362282024.4332,362287861.4679,10358.9104,13162.2217,2934.3192,10680.4540,13717.2240,12102.8580,13166.7084,12648.5065,8412.1109,7016.2239,9621.1158,13705.9985,5438.5135,12483.3151,7372.9855,4336.5313,0.0000,7863.0402,13085.8845,8477.7108,13379.5362,8093.4958,12869.8920,6259.3009,11242.4078,6265.8581,3684.0210,4789.4509,5635.0874,2684.3899,10465.6897,13833.4895,4908.2732,12852.2108,10799.6320,13250.9698,6947.5744,7637.9551,13186.0466,391365.2783,426220.5879,406375.4720,401538.9599,408640.5297,409548.8429,413653.4512,409052.4248,362258992.1770,362316996.0329,362275071.5563,362280908.7133,9613.1366,12076.9082,898.8562,7896.0748,4640.4912,6993.8641,7593.7539,8894.6957,4403.7788,2354.5275,9054.2532,10652.6575,7568.8442,13361.8532,11550.1488,0.0000,9619.4212,11804.0440,3319.0375,9185.2777,13541.3102,7590.2146,10562.2062,12685.7326,9951.0681,7711.4794,12373.9177,11347.1662,9800.5624,607.7448,9432.2575,12702.7592,12040.5479,11220.9981,7419.6605,10367.4576,8062.1874,5663.5371,385245.3163,420028.1834,400435.8928,395465.8464,402605.8188,403663.3301,407657.3575,403017.0927,362257073.2151,362315076.9453,362273153.1268,362278990.0913,12742.7713,8964.2349,4115.2902,9230.4654,3359.8787,2835.7593,13077.7628,12106.0249,9300.6204,5137.7982,10246.6066,3033.2745,12181.1770,11278.2818,0.0000,8426.1329,4884.8065,10172.6133,7568.1701,9764.6580,8724.0129,13605.3922,5779.7066,9823.6577,12500.5091,13225.1604,10329.0955,13729.5474,9730.5200,4974.2090,12941.6142,4208.2133,5060.4457,7699.0293,9076.4082,9008.4650,6348.7948,390842.4086,425761.8019,406261.8784,401269.1706,408496.5290,409443.9257,413311.2762,408733.8342,362265219.7754,362323223.4852,362281299.4477,362287136.5511,12281.5978,13755.5777,13123.7345,13430.5268,12845.5354,9196.9345,9381.8382,11387.9402,13446.2507,5292.4978,12702.8408,5239.9343,3500.9283,0.0000,8061.2413,11913.8817,10471.1929,13200.5904,5691.4011,13199.4161,6552.9037,9605.3092,6586.1194,6307.7888,3275.6567,4973.3973,4545.2820,12153.7571,13481.3796,2828.3036,11588.9674,9926.2059,13542.1362,6810.6377,8597.5616,13786.8943,392870.8145,427784.4914,407925.1532,403103.8496,410227.8147,411074.7089,415157.1227,410582.9392,362260791.2228,362318795.0858,362276870.4430,362282707.6783,7395.4850,4847.7025,6299.9661,6822.1275,9516.6970,5072.0148,2074.1604,8723.3691,10516.9067,6792.5021,13556.1242,11533.4939,0.0000,9247.9383,11456.4831,3359.9060,9109.3050,13414.6915,7675.9144,11099.7644,12309.6826,9740.3168,8036.4285,12698.5723,11210.5719,10303.1209,1343.1075,9086.9625,12967.1904,11620.0953,10686.4026,7352.4718,10090.6102,7729.7785,5281.4537,385733.9429,420515.9318,400945.8410,395965.2332,403110.9444,404175.5672,408156.9482,403516.1415,362257856.7730,362315860.4977,362273936.7082,362279773.6641,5929.9341,2407.6110,4473.7117,11151.9993,11058.4056,8612.0536,2196.3755,12308.1527,4812.2584,12595.3481,13106.5841,0.0000,10854.9627,5661.3548,9753.1925,4449.4239,11902.4665,5205.2683,12608.3400,8561.6591,11922.5368,12764.2207,13471.1337,12520.0834,13491.8967,7784.1614,2395.0603,13472.6710,6247.8460,8649.9541,3971.9488,11485.4505,10772.0619,2819.6918,386734.7788,421658.8831,402152.5328,397163.1436,404391.5324,405332.5404,409200.8056,404625.0996,362261572.7250,362319576.4120,362277652.4202,362283489.5271,6588.4509,8311.6866,7333.3348,7371.1061,6710.7270,6216.4546,12919.0713,8481.1039,12525.4504,13399.1305,0.0000,12213.0399,9878.7809,7619.6261,5405.8659,13732.7419,3298.0762,9851.1951,12260.4001,12593.0521,10631.5230,12326.9091,13350.6454,10916.1817,4118.8972,6667.9040,12740.0576,10742.1163,12192.7556,3412.7490,12701.4994,11276.1624,3457.1055,382852.9302,417730.5218,398128.2606,393175.6523,400356.3496,401319.2446,405269.3587,400671.3185,362256020.8795,362314024.5861,362272100.6054,362277937.6830,2281.7867,11926.4523,10329.6576,7147.9631,4471.2307,11131.7065,2609.3861,13173.4406,12238.3378,0.0000,9240.4051,6830.9174,8344.4795,6594.9021,11764.1055,6915.3698,13145.7808,8545.1730,10505.3103,11785.3431,13707.3705,11457.5211,13291.5978,7065.1857,4612.4100,13648.6978,6842.3376,7498.2934,5775.4820,10106.1912,9018.8379,3438.3373,388057.1433,422933.5558,403448.1694,398441.8213,405654.0526,406648.5900,410529.9169,405932.1005,362262484.6279,362320488.3213,362278564.4385,362284401.4809,12912.0602,10486.1510,7008.5438,6270.7691,9774.2930,367.6603,13222.2586,11114.0751,0.0000,7515.4363,7339.3242,8023.9237,8448.1018,10962.8447,8853.9046,13666.9495,7816.1173,9007.2645,11222.1209,13645.2090,10114.4964,13228.7263,7827.6268,6312.9985,13462.6555,6807.1122,5809.4082,7821.2314,8522.7577,7480.4887,5524.6106,390165.9516,425021.6722,405538.9980,400528.4829,407731.6573,408747.5480,412638.4718,408031.3166,362264115.1872,362322118.8950,362280195.0258,362286032.0437,7251.0846,10157.8168,10354.7941,11950.2389,12973.5042,8087.2983,11322.8274,0.0000,13024.8369,11630.9260,9904.8837,8514.9340,11767.0363,7273.3474,3254.9970,12801.9338,12386.7782,8902.0641,7110.6165,12129.2493,6120.4863,8495.0917,10623.7750,7914.6375,12503.5458,13830.0646,8347.2245,12687.5552,12450.1887,9904.5247,383822.0220,418759.0596,398934.9010,394098.6460,401244.5956,402080.2188,406128.9885,401563.2234,362253886.3409,362311890.1301,362269965.6559,362275802.8919,4477.4668,11677.9163,9117.2752,10381.0667,11690.4941,9504.6167,0.0000,9290.8386,13396.8085,3538.1183,11276.9354,12593.9446,9723.5241,8035.2886,13356.2721,8761.2792,4253.2616,9816.9899,9826.1117,6201.7062,4466.8874,12004.5875,10282.2499,13549.7745,12126.2260,10023.1100,9535.2215,7682.0767,9228.7176,386242.5500,421020.8745,401305.2345,396394.2459,403497.6041,404521.9556,408590.8473,403951.1735,362255804.3254,362313808.1096,362271884.0845,362277721.0919,9980.3864,9097.2758,6871.9685,13424.0945,10266.4930,0.0000,7779.9683,12059.5385,1519.2970,10542.4139,12822.7686,9317.8180,11200.8518,12151.2402,8185.5750,6640.5386,12304.8695,9882.8997,9664.2937,2942.0385,10290.3378,12500.9448,11962.5656,10042.7826,9011.6113,8676.8738,6016.5367,6939.9400,387389.7833,422147.9932,402563.1540,397586.7034,404717.2083,405800.1259,409802.7177,405151.8775,362258743.1044,362316746.8481,362274823.0551,362280659.9899,12781.7492,6585.3042,11481.9389,13272.2764,0.0000,11780.0142,4481.3628,10957.6984,2668.4584,11397.3461,4294.9495,11779.6546,8181.1655,12643.1594,13278.7303,12702.0089,12866.9540,13266.7096,8841.3631,462.5858,12725.1379,5605.0665,9274.8785,3288.6661,12160.7811,11891.3999,4032.4268,386287.0632,421258.2741,401710.2539,396747.7320,403986.0777,404868.0133,408735.8196,404182.3793,362261070.8572,362319074.5512,362277150.4050,362282987.5843,9517.0356,9112.3428,1978.8294,0.0000,3047.9336,11395.3440,8298.2023,13522.6487,6192.7548,13605.0535,10383.7263,8328.1863,1476.2211,5820.4938,8111.9633,957.3085,7756.2153,10968.3811,12798.9476,7626.6715,10497.5519,6466.7053,13463.2800,1716.6384,4084.0181,12562.0366,394880.5431,429725.1816,409999.9731,405102.7596,412231.9841,413190.6937,417231.8554,412622.1866,362263960.3880,362321964.2206,362280039.9126,362285877.0095,13216.8394,10895.8940,0.0000,7204.0726,7541.5202,7852.4110,8726.2688,10869.8846,9098.1400,13669.1641,7817.4263,8719.0008,11023.2973,13586.0960,9871.8095,13123.4780,7827.3168,6628.0621,13393.4890,6952.4786,5633.0734,8090.2327,8241.0785,7162.5369,5779.8252,390408.7953,425259.1520,405774.1054,400763.8986,407963.9069,408984.5453,412879.7697,408270.1493,362264220.2632,362322223.9740,362280300.1084,362286137.1207,7694.3982,0.0000,11098.7321,9402.1864,12990.8284,10720.5552,5364.6970,11310.8001,5718.3531,8354.4719,10287.7800,10221.5407,3066.0721,8613.8001,7199.9905,13241.2399,11434.4030,2734.7178,9619.6495,10692.3098,11817.0902,10042.6109,11898.8968,13108.1224,390940.2330,425962.4625,406097.1661,401295.5181,408467.9646,409203.2328,413230.8439,408707.5125,362260389.9208,362318393.7590,362276468.9142,362282306.2849,0.0000,4972.6296,11618.5285,9387.6772,13701.0435,5342.0223,13820.4580,9306.0498,8542.7001,3423.4288,5977.4619,6530.2869,1571.0913,6756.1951,11786.7860,13279.7957,5974.4290,10857.0716,7589.1749,13841.6233,3575.0717,5905.1129,13361.4624,394796.5616,429669.0841,409889.1450,405022.5938,412149.3522,413063.4454,417121.8630,412526.2551,362263301.5715,362321305.4212,362279380.9662,362285218.1193,0.0000,0.0000,0.0000,0.0000,0.0000,0.0000,0.0000,0.0000,0.0000,0.0000,0.0000,0.0000,0.0000,0.0000,0.0000,0.0000,0.0000,0.0000,0.0000,0.0000,0.0000,0.0000,0.0000,0.0000,0.0000,0.0000,0.0000,0.0000,0.0000,0.0000,0.0000,0.0000,0.0000,0.0000,10809.8636,7337.3538,13023.7825,7705.6286,13140.5718,12132.4141,8031.5528,1877.0428,6983.9766,10479.4307,3613.3702,9800.7783,10030.0955,11798.3435,10056.1836,9751.3269,4888.9508,12724.3799,1501.1715,2168.3610,11220.1669,394698.7291,429516.4869,409881.8756,404937.3165,412079.6066,413091.7413,417093.7378,412470.2715,362265012.0451,362323015.8448,362281091.7430,362286928.7717,12675.4318,5807.2007,8244.5047,7855.8942,11873.5751,4456.5689,11602.3833,13624.1809,11371.5545,11158.7845,13216.1285,11713.7626,4099.7969,11084.0874,1710.4147,7128.4833,7291.6342,10803.3804,11717.6768,7968.2442,390058.0428,425079.7213,405484.2742,400552.8134,407800.4449,408617.0343,412486.0740,407957.6241,362264200.2757,362322204.0039,362280279.6143,362286116.8796,11367.9016,12471.3325,10139.6298,10622.7630,12369.4659,7429.5470,5269.6521,11579.3029,9131.3916,8629.8157,3823.8178,11251.7307,11788.0320,12518.7431,10239.0660,9972.3607,8095.2005,5430.8893,8179.7680,387958.1817,422708.7760,403086.8468,398127.2287,405243.8110,406323.0280,410351.4881,405697.9505,362258513.4284,362316517.1909,362274593.3442,362280430.2844,11886.9686,2406.3279,10296.3248,9520.3777,13558.8383,13207.9666,11868.3372,13596.6661,12449.4316,8825.8403,2911.2911,12061.9939,7245.9607,11065.5450,2207.7170,13219.0588,12983.8557,4833.0180,384482.1841,419474.9679,399867.4461,394935.9319,402167.7349,403011.7446,406903.2898,402359.9648,362258770.6843,362316774.3874,362274850.1348,362280687.3588,12884.7069,9834.1543,4796.3593,7319.9098,10267.7757,6636.1460,5394.3362,9458.6012,13632.9692,11239.2043,5778.2087,7468.6130,6508.2207,12845.1275,6567.3957,9308.5626,13096.0506,395036.1978,430022.6246,410256.0303,405399.9946,412582.5616,413387.2884,417377.4016,412834.0951,362265193.1618,362323196.9921,362281272.3203,362287109.6102,9619.0948,11055.9686,13543.4306,12277.8599,11868.8213,13819.6852,11646.2966,7134.4275,4691.3999,12218.8024,9110.7554,12036.8882,1318.2532,13411.7402,12713.9945,4144.6161,383063.1411,418017.6307,398397.8118,393465.4209,400676.3751,401556.8435,405476.3468,400914.4027,362256861.8766,362314865.5809,362272941.4135,362278778.5915,12009.5383,11148.1819,8012.5299,4108.1850,10398.8262,4068.4889,10309.4711,11954.2479,5017.0975,12463.3703,13198.6816,10521.3406,11447.6117,11891.6119,11854.7923,386490.4032,421438.7591,401558.2000,396752.1815,403887.3090,404692.2125,408767.7435,404209.7880,362255367.7600,362313371.5861,362271446.9465,362277284.2246,8725.9730,12209.3961,10098.7340,7865.8827,12229.8856,12770.5453,7902.4521,9491.5003,3091.0631,4073.0795,10588.5877,7696.9830,9590.8898,10540.2735,393963.0350,428956.7556,409320.7200,404403.4525,411626.0690,412461.5124,416370.5299,411828.7160,362266585.8435,362324589.6150,362282665.1584,362288502.4066,5747.2571,9279.3290,2321.7537,8442.5559,10328.3975,12681.7947,8869.1710,10664.4978,6229.1967,13302.7459,1207.8677,2702.4727,12078.9991,394681.7536,429500.1632,409811.8570,404893.2293,412020.8307,413016.1866,417049.4038,412427.2234,362264083.7909,362322087.6114,362280163.4201,362286000.4705,7957.6857,6527.4216,4509.2656,7943.7768,13487.3541,8165.8851,13368.4204,10754.3134,12495.8409,6749.7560,5768.5926,11731.0273,390145.2395,424930.9222,405163.6358,400279.3861,407371.0645,408371.6944,412467.2447,407832.7673,362258382.8228,362316386.6503,362274462.4617,362280299.5023,7808.7770,4422.9920,12288.5882,12749.7343,972.0415,11497.5310,11433.3126,12465.1333,9394.7106,10878.1295,13425.0554,390524.2735,425488.7092,405595.5934,400798.6669,407936.9840,408721.4912,412796.1210,408246.5660,362258827.9371,362316831.7914,362274907.0267,362280744.3362,7970.5133,11635.8118,12854.5756,7229.3204,10223.9863,6327.0397,13691.0888,2133.0705,4932.7896,12938.8077,395347.2550,430211.0716,410474.4340,405585.4274,412720.1263,413656.7047,417694.5610,413093.7931,362264415.0206,362322418.8580,362280494.4850,362286331.6101,9761.5407,13449.2416,5037.6296,13328.5809,12268.3602,12257.5206,9073.5330,9310.2170,12619.4064,388824.4212,423694.4876,403827.5587,399003.8202,406106.5693,406992.9390,411102.0820,406508.3355,362256619.9365,362314623.7827,362272699.2821,362278536.4632,9233.3770,12649.8049,12035.6265,11489.1292,7025.7572,10727.8623,8530.1061,5444.9225,384768.5727,419560.5910,399962.0161,394996.0741,402138.5216,403185.5401,407178.4922,402542.2534,362256671.0780,362314674.8063,362272750.9679,362278587.9449,12742.3035,5244.5783,9115.4002,3725.1160,12159.1247,11991.6788,4446.1760,386604.4095,421582.3285,402035.8491,397073.8162,404315.6395,405190.9286,409054.1826,404504.0610,362261456.1738,362319459.8682,362277535.7047,362283372.8925,11093.4788,10869.0322,12733.8133,8898.9687,10634.2996,13603.6317,391413.8685,426382.8730,406497.4447,401697.3893,408839.7520,409622.4289,413690.3135,409142.6163,362259785.2489,362317789.1053,362275864.3290,362281701.6421,5664.4092,8469.0382,9757.8278,10874.8210,8628.2253,391617.2779,426623.3146,407038.6936,402099.5437,409342.7371,410178.7618,414050.0635,409514.0581,362265555.1655,362323558.9010,362281634.5364,362287471.7798,11371.8709,5139.1379,6524.6086,10209.9957,394905.1857,429810.1011,410230.0449,405272.2121,412469.5791,413411.3378,417335.0021,412750.7437,362267242.0790,362325245.8465,362283321.6518,362289158.7679,13105.7271,12336.7350,3084.1431,383656.7221,418602.5709,399019.0582,394068.3761,401285.4714,402184.5826,406087.1503,401521.0638,362257873.9431,362315877.6383,362273953.5347,362279790.6903,3222.3264,11918.6997,395125.5319,429964.0412,410288.7760,405366.5194,412506.8167,413486.8975,417502.0469,412888.5258,362264953.8030,362322957.6184,362281033.4019,362286870.4717,10604.0382,393227.2815,428007.7102,408380.8423,403427.6804,410555.4470,411605.3359,415621.9630,410981.8723,362263382.5033,362321386.2961,362279462.3028,362285299.2832,384858.4085,419742.6473,400219.0415,395231.0548,402436.5946,403413.7747,407313.5963,402718.7784,362259152.3200,362317156.0078,362275232.1020,362281069.1631,36174.1377,19890.1842,14762.8813,23150.6417,22377.2124,23162.5381,18955.3707,361925606.0795,361983607.3919,361941689.4677,361947526.2556,23328.8307,25362.2306,20096.6565,22542.1297,17695.9749,19159.7248,361894257.7006,361952258.7893,361910342.0483,361916178.4858,8057.3795,7250.5278,5267.3582,11548.1046,6955.0106,361906146.1084,361964147.4552,361922229.5907,361928066.3061,8535.9422,12722.4725,15726.8994,9366.2720,361912656.3110,361970657.6239,361928740.1347,361934576.6947,11163.0106,14789.1842,9709.8473,361904464.6641,361962465.9695,361920548.6527,361926385.1315,8535.9422,7316.0646,361903383.9016,361961385.2432,361919467.1234,361925303.9783,6406.8579,361903592.1485,361961593.3874,361919675.4762,361925512.3452,361907038.1287,361965039.3925,361923121.6955,361928958.4228,58189.5015,30614.8950,26188.4636,50828.0715,40233.0515,13595.3985,
46800.000,11610.0375,8247.3271,13807.1719,13237.3424,11597.9147,13303.1055,12385.1975,10284.6451,13182.4650,7612.0204,13601.3223,13020.3391,9512.1103,5700.5072,8113.0230,13317.9821,10013.0191,9295.0546,8636.6089,6596.9865,6263.6775,10826.0945,7909.3837,12348.1473,12691.9463,10275.6813,9683.8159,3139.6519,10983.6056,8048.6865,7020.6673,10460.0603,6424.0055,12414.0764,7700.6523,6932.1363,9363.1392,10655.0296,13114.4691,13632.1097,8665.7876,12097.9727,2142.8308,9441.3612,8471.2045,12328.5256,11048.2935,7264.7961,11322.5614,7667.1108,5533.7328,11533.6953,8462.2706,10760.1721,8479.8818,5634.5633,4478.9839,12625.0459,9497.9470,5738.6434,692.3902,12360.2174,11916.0904,5759.6190,7698.0574,9427.5591,10232.8651,6878.2935,7023.4266,1979.3654,1514.8477,8830.8369,11122.4297,7243.4137,12302.1000,7926.3870,0.0000,10479.1039,13263.9147,2702.2886,9646.2782,11214.5526,10651.1029,11294.4880,10241.2685,9738.9182,7435.3954,12289.8878,11244.9849,4774.4524,1546.6161,12290.9334,12667.6803,10901.5041,9280.3247,10954.0298,11196.1249,8847.9251,10790.5122,388166.7319,424195.9461,401389.6589,399889.4798,404669.9813,405634.5300,411368.8913,405276.6477,362268621.1039,362322957.7028,362274879.5693,362280173.6081,8086.9663,6760.5044,9336.9955,9426.0835,9139.8762,4850.7735,7453.7422,6218.0725,10743.2385,5581.9281,7541.1209,6336.2141,7786.1717,9019.7295,5806.3156,11542.8621,11628.8354,10560.8814,13073.8310,6852.2737,11452.9378,5849.7421,6295.5467,6407.4816,7923.1064,8631.0873,9954.6951,2129.5704,12787.2749,9734.9895,12529.4071,7869.9332,6178.4179,7441.1446,13537.7866,13399.9161,10711.1083,3426.9363,9522.9237,13348.9411,11940.8992,12305.8418,5883.9789,12983.9040,9702.9488,9025.8420,13144.9185,481.1748,8674.8545,13622.6699,12339.6857,13543.1316,11815.8049,8440.7591,13576.5987,11002.5114,11307.5850,13395.2401,8629.2091,11884.3670,12016.3097,732.5528,12038.5370,13779.0867,11036.5045,12987.4259,13790.0217,8102.2934,11100.0265,11006.2664,13632.1412,3507.2084,13805.2868,6921.8925,9451.0586,0.0000,9533.1182,9257.9192,10043.7034,13340.1103,8255.9660,10294.2064,1791.3671,11676.6817,8890.1296,5762.3190,1607.1258,3454.8367,8401.5845,12247.5965,11065.2519,2364.6155,12254.0717,12538.4955,10871.3113,7595.8612,11388.7363,12000.5981,385209.7293,420974.1301,398330.5640,396776.2504,401388.6128,402623.2231,408496.5211,402161.9197,362265315.4969,362319652.1897,362271574.7546,362276868.5393,11451.6351,10204.3090,13562.6060,9556.0962,11513.5231,2807.2484,12071.7043,3749.1416,11031.8355,12763.8386,2129.2300,8453.4690,12019.5386,11718.4934,6816.4132,13543.7233,3886.6076,12401.5523,5928.8215,7656.7521,8902.4906,12325.3557,12362.4826,2977.5360,3035.5636,8644.9501,9063.5589,7881.2842,11761.2590,9115.3378,3116.5179,12200.9284,1615.6916,12140.3704,10371.4987,13744.2897,9293.9421,11986.5762,12902.3641,13298.9880,7954.6971,2552.6300,8374.6363,7816.9822,13347.9920,12677.4253,7892.8564,827.4774,10350.1364,10437.9542,9900.7581,13806.7815,910.3520,10551.3772,4745.9490,10639.2340,12880.0623,9779.5582,8184.4265,12393.9332,8643.2692,5839.4814,11802.4388,5394.9459,10295.1762,11293.2874,1837.2242,9210.1972,6973.1612,11421.5518,10229.7317,11271.3763,6110.1712,12172.6757,0.0000,13371.5925,9794.8377,6416.1108,10294.6468,13068.8087,5745.6419,6608.4522,13601.1283,12828.1427,6045.7997,9210.8987,10282.2116,7779.2435,9241.3939,9403.0878,9547.0652,13670.4191,13507.5040,6912.7153,12698.5532,13383.3444,8525.2149,391264.3083,427137.5306,404499.9624,402930.5525,407645.2714,408786.0754,414568.4163,408321.8474,362272435.8662,362326772.5253,362278694.8592,362283988.7311,4841.2230,6691.2079,5361.2153,4780.9241,9810.2796,2810.5945,12238.8226,1328.7411,3519.1536,10158.1997,11854.2588,10226.2484,2310.3241,10649.9838,9785.5360,11711.7690,12113.7653,11795.2480,9819.2213,10381.5172,4925.0842,4192.5286,9911.8568,10174.8145,13091.6749,7395.5215,12022.1806,10917.0434,10257.2905,12240.0419,4572.8144,11602.8030,12147.7742,11050.6374,8215.5698,3797.3895,3541.7305,10959.6157,7190.2004,13795.0284,10229.8460,11872.5986,7631.3253,7385.6054,11772.7374,7157.6859,11850.5175,13049.3268,8890.8108,11808.8525,8495.5970,11266.7279,12901.1390,13419.1931,7128.4401,10429.6046,11881.6270,13843.6543,7204.3368,6201.5014,13148.3265,11906.8911,11118.3427,10221.4952,12410.5905,12070.9459,13401.4942,13717.1081,11190.7940,6766.7141,12237.5951,7215.5823,10484.2496,0.0000,8136.4405,5209.2545,13434.4506,10909.3831,7028.1987,9933.2719,7493.8212,8768.4517,8860.9733,11182.3832,5430.5950,6852.9716,12474.6663,13709.4038,7826.8771,4646.5675,8559.0917,10130.7144,9678.2926,6758.2231,10126.3812,9890.4638,387643.6064,423364.9103,400600.3701,399114.4381,403629.2587,404872.9255,410836.5337,404489.4567,362264253.0307,362318589.7594,362270512.1238,362275805.9085,9322.5737,1161.0539,8916.2704,8219.9039,7242.6964,9710.5306,5761.2201,7363.5877,9505.9682,13212.5093,12421.1081,6879.1398,6853.7102,10859.0989,8931.6828,11744.2320,12620.5815,5709.2510,12523.0320,8953.8192,8341.9571,8022.5124,7894.9633,13623.2332,10405.6002,8708.8493,12618.2317,6214.1992,11918.7778,8644.8477,10988.5861,11081.7160,7749.6040,9975.8496,6699.1336,2895.3192,10041.4428,6392.5947,12481.3409,9944.0670,8437.2144,3613.6678,10205.5235,11360.4138,9642.1136,10444.9246,11189.7639,4808.7874,8657.2220,9164.8052,9659.3554,11135.3518,11825.9611,2749.7011,9077.9208,13397.3515,13035.4681,4760.1168,9089.3094,10721.4503,10107.1500,7767.5181,6584.8822,10558.9094,11307.5959,13499.0669,13064.9101,8685.9396,10222.7147,10221.0964,5534.2672,12532.4740,0.0000,10629.5217,732.6786,13160.0534,7459.8953,10192.1232,6427.4674,9166.2754,9519.9609,11494.7534,12333.8260,8644.8217,10336.0696,13386.4349,13019.4089,3207.0647,8043.8911,8536.3062,10315.0014,5740.2092,10094.6090,11400.9147,5706.4393,392281.4891,428036.0470,405254.0915,403773.3796,408308.6233,409521.3977,415467.4475,409149.0267,362268440.3550,362322777.0832,362274699.3013,362279993.1168,10188.7333,5301.0061,13216.4997,4800.9715,13809.4440,6856.3310,3464.8658,12955.4218,9847.3503,5545.9960,5501.0967,12954.4441,4070.3167,13832.7150,7843.2852,11455.4877,12455.9539,8922.4152,3822.2559,3906.0811,13305.3859,13207.3393,10553.8332,8423.8138,12603.2525,6227.2696,11836.3810,12995.0723,3932.7472,13237.1861,8637.4460,10956.4768,2053.6285,8676.6613,7121.0188,7348.8228,5871.1686,12087.1160,12843.2349,12459.0865,11802.3813,1415.6839,7485.5239,9550.3963,13645.5437,10842.9186,10570.5654,11477.5838,3778.0772,13565.5348,10535.6593,13414.5952,9950.7298,7562.2998,8887.9716,11756.0906,7842.0215,8944.1517,13387.6741,9356.4979,13442.3677,10836.2588,9966.9409,13359.0550,10490.6158,12197.4920,9770.2066,6850.2671,10017.5721,12019.1470,5607.0352,0.0000,1953.9524,9891.7214,12177.8197,11080.9415,2046.6499,13101.9034,10615.1037,3733.3375,3563.1845,11292.7730,8410.3373,7007.6626,10702.7305,11033.1070,11079.1885,8150.1875,4852.5957,5318.7915,12725.0561,2629.3035,4310.3088,12077.7914,384172.7258,420017.6057,397127.1343,395691.2662,400260.8672,401369.3567,407293.2444,401063.9691,362260568.7634,362314905.4422,362266827.4767,362272121.3878,9319.4552,7389.9389,7821.1621,9171.2105,6100.2024,8128.8515,8814.9757,13274.7742,12934.3187,7377.5033,6375.2131,11685.0181,8302.7916,12363.7555,12420.4415,5265.8750,12598.1642,9532.7648,8948.2573,7178.8393,7109.3248,13723.8408,10401.7609,8590.9352,13116.2470,6182.3157,11494.9220,9219.5926,10433.5572,11676.7770,8057.1970,10865.0767,6580.4187,3988.6012,10800.6994,7459.0976,12511.8329,9300.4964,8370.5792,2709.1948,10980.2769,12033.1073,9439.0251,9838.3812,11505.0734,5135.2053,8870.1962,10127.8813,8978.9330,11488.4612,11522.2212,3246.8668,9871.5363,13607.2219,13094.5409,5745.9870,8960.3222,10452.4598,10665.7449,7172.5021,6882.8758,11023.2088,10790.7631,13672.8861,13002.0332,9212.1818,10417.3440,10686.6341,4575.8360,13065.1644,0.0000,11402.9243,438.7448,13042.7188,7740.2118,10904.8130,5671.3434,8767.5156,10441.1726,12137.5417,12105.5913,8591.3729,10519.2270,13382.4074,13199.7153,3042.4993,8029.0093,9518.1139,11166.2558,5105.3716,10749.9781,12171.8219,5488.9103,392781.5476,428530.0240,405774.4923,404280.8000,408822.7641,410047.0655,415985.8002,409657.9870,362269334.9467,362323671.6764,362275593.9431,362280887.7469,10835.3179,2381.0312,13098.1995,3857.1006,3381.4762,10195.6060,8800.0772,6887.1039,2569.6662,12897.7442,8574.6052,12956.6058,11359.8130,9445.8327,12482.5352,6811.7558,1573.5912,1799.7598,11126.4270,11487.9091,10671.5317,4044.7403,13568.9385,7954.1861,12820.1708,11071.3813,1490.0100,10995.2497,12058.1324,12993.4118,7060.7491,4514.6735,7593.2784,11274.5555,9245.3201,13114.2454,9906.8876,13582.1442,10869.5355,5013.6890,11232.7825,5069.8755,11892.2801,13240.0464,11903.3859,13407.3263,8540.7635,11690.0627,13056.3001,13087.5544,10731.0880,11351.1963,8671.1022,12654.9951,10162.3717,4214.9091,13647.1155,12541.1063,12938.9048,12599.8278,12874.0143,11426.6835,11401.9188,12371.8760,12590.2358,2611.1987,12897.5786,9480.0661,7299.1810,0.0000,5799.2430,9215.8076,11772.2349,12996.4204,4149.2681,12216.1835,6429.2567,8477.8584,5669.7137,8718.8391,3564.2753,2691.0139,9780.3107,12477.7929,11269.1507,3368.8155,9260.6689,9788.4622,12286.1430,3504.9674,8454.7796,12598.7942,383505.0153,419275.1182,396521.8479,395023.2381,399588.4514,400794.5141,406715.3762,400401.8668,362261669.0064,362316005.7034,362267928.0949,362273221.9107,10981.1720,4706.6126,9487.2163,11796.0749,2165.5195,10100.7027,12803.4209,10502.1890,5974.0761,13822.3646,4071.7372,13219.6120,7803.8836,6421.9166,9981.7980,11712.7952,11577.6524,603.6928,1685.4094,10608.0970,8935.5692,8069.4433,12742.2183,8292.6131,5597.3800,11516.6337,3981.1022,12813.7133,10126.0712,13668.9106,7730.9748,10332.2546,13150.0397,12466.9739,9796.3574,2957.7964,8408.1263,5666.9816,13234.8072,13336.3061,7421.2954,3406.6990,11314.7204,9295.2677,9976.7272,13596.1971,2369.1992,11478.1275,6953.7827,9038.9917,12854.4209,11280.5912,10174.8861,11264.3630,7899.2517,7208.5340,12220.3598,4847.4810,9683.8707,11918.8006,4501.4894,11102.3277,9211.0907,11437.9609,10049.3921,11789.0503,3467.2385,12995.4685,0.0000,13427.2019,7700.9896,8762.4380,9942.8544,12918.5134,4258.3627,5885.5481,13525.0674,13161.0191,7572.3980,8305.2651,10098.0407,9700.6655,11024.0903,7693.1600,8436.9474,13346.0104,13701.8976,5460.6631,12528.8325,13819.8632,7451.3787,392133.5757,427948.7754,405316.7049,403751.1765,408414.1607,409607.6825,415434.7089,409140.0919,362272409.0463,362326745.7328,362278668.1432,362283961.9673,13154.8551,2394.9621,1597.7371,10808.4173,10461.5323,8138.2434,763.4807,12203.9522,8402.3704,12860.0508,11313.7707,10979.7804,11564.5713,8762.7823,2188.7732,1430.4335,11171.1589,11439.6882,11949.6673,6031.4152,13039.7374,9052.3672,11778.7880,12139.9971,1839.9686,11858.2254,11751.7358,12042.3068,6654.8407,4436.0863,5509.2639,10629.0234,7624.5460,13569.6139,10689.9515,12947.2321,9790.8634,5175.7772,11034.6939,6538.5483,12431.4147,13054.4226,10527.0389,12660.2845,7653.6467,12069.7702,12856.8057,13614.5946,9120.3256,10435.3086,10253.9262,13340.5250,8441.1975,5561.7263,13724.5309,11960.3049,12519.9215,11477.4090,12445.8787,12278.5688,12393.2205,13238.9310,11719.0801,4850.2023,12383.0314,9026.0047,8448.9214,0.0000,6040.1070,7650.9117,12850.7663,12000.4790,4613.2582,11622.8062,7492.0194,7783.1770,6589.3958,10350.2931,4757.5671,4945.6923,11309.5921,13080.5778,9897.4451,4172.4435,8155.3084,9267.7231,11469.8385,4250.9646,8561.1777,11570.5482,385047.0375,420796.0380,398014.7887,396533.6914,401066.3392,402283.0867,408233.0132,401909.1304,362262095.3258,362316432.0379,362268354.3795,362273648.1882,12212.6882,13464.5881,5484.2685,10060.9806,12777.5594,12891.3375,4123.5886,13016.9156,1207.5413,11051.8672,8275.8042,5351.2128,11006.8175,13534.1468,13482.8421,4334.8474,3315.0931,9268.8178,11557.0565,4548.2431,12229.0023,6414.8662,5636.9714,13398.1970,4967.3858,10316.0037,7569.7193,13551.2698,11161.8556,11659.6719,11214.8820,12134.0062,6370.9205,6073.9911,5106.8637,6968.2859,13833.9213,11273.0105,10621.5312,3163.8224,7961.9579,8266.0405,6908.5576,13022.2564,3101.5473,8242.6667,3547.2810,9156.0429,11037.3444,10960.7370,7241.8846,10919.8959,11146.1121,2794.5884,9552.0831,2682.9900,7670.0353,8955.8236,4585.1030,9088.9848,6652.0525,8930.8802,12308.5640,8851.3237,7191.4359,12787.5575,0.0000,13714.9084,9338.9591,6923.1517,7491.5478,13815.2310,4129.6485,9504.9736,12868.0350,13514.4407,8772.1739,11511.1273,12406.3691,9247.4895,8167.4937,7830.7952,11661.6800,12579.2234,12442.5237,4958.8965,13625.4932,13035.0616,6029.9592,393784.2140,429701.0431,406991.7725,405454.1938,410173.5261,411262.2754,417044.2452,410842.9710,362273841.5033,362328178.1567,362280100.2653,362285394.1905,3634.3087,9591.4636,11161.3426,9821.6194,1670.9824,11048.0199,10047.0872,11732.8750,12394.9077,11036.2862,10338.5643,9508.6338,4375.6407,3735.6424,9667.1070,10045.3498,12635.3461,6234.3428,12437.2865,10597.8787,10930.1705,11649.5464,4026.0255,11039.8629,12562.1411,11744.9336,8491.8101,2699.8063,4794.1323,11527.8961,8174.7756,13757.0810,9573.2144,12352.4510,8111.7885,7312.1789,12125.7263,5995.2545,11483.0963,13386.9727,9765.3135,12397.2169,9068.9254,10942.2173,13248.8128,13233.4541,8100.2111,11130.4139,11285.6352,13694.5035,8285.9710,4983.4712,13217.8858,12455.4613,11332.5723,10987.2543,12880.9928,11558.4870,13118.0978,13434.1344,11872.8449,5693.2578,12749.2423,7077.8386,10133.6684,0.0000,8090.9372,6019.9066,13013.2520,11620.5386,6796.9909,10178.7440,6460.0061,9255.0312,8562.2869,10322.4074,4176.6031,5759.5059,11836.2198,13630.5793,8609.1073,3372.1058,9275.3576,10596.1851,10091.8645,6403.0195,10263.2594,10516.6714,386803.3402,422523.2999,399783.5876,398284.7592,402810.2115,404060.9778,410014.3162,403661.4794,362264021.0707,362318357.7956,362270280.2205,362275573.9970,11708.7572,10723.4120,7709.7967,2267.0593,12306.2814,7204.2129,13222.3958,10377.3446,11555.5433,11629.7129,9255.6897,2366.8480,1684.9200,11928.1297,12055.9165,11936.9080,7141.3530,12834.8433,8558.7663,11536.0953,12754.4053,2139.5026,12585.1284,10828.9474,11481.1668,5329.6422,5872.8729,5180.6197,9531.0415,6451.8776,13352.4006,11629.5753,12690.3997,10151.6648,4148.9934,10026.5971,7816.2397,13036.0344,12434.7416,10132.5571,12150.8310,6268.9384,12718.9308,12199.8701,13795.5967,8862.3833,9341.0303,10277.8921,13151.9802,7628.3936,6926.6505,13742.3816,11086.3395,12767.3255,10980.9332,11664.9629,12915.1640,12178.2543,13252.1671,10925.3152,5775.5812,11604.3008,9914.8915,7944.9944,0.0000,5008.3889,7883.4842,13017.1548,11472.8603,3826.8235,11985.5597,8763.1480,6448.1368,5936.0020,11073.9165,6180.6050,5898.5949,11566.2652,12735.6896,9870.6634,5656.4680,6819.7213,8033.7271,11686.2108,3707.6703,7469.7173,11473.3254,385097.1114,420866.3719,398043.0393,396581.4348,401112.8912,402302.2432,408255.3902,401954.9546,362261582.3177,362315919.0250,362267841.2634,362273135.0991,8507.5630,11789.0470,10375.0129,7631.0417,13568.4815,5296.0073,13074.1399,5965.1349,8163.1970,8340.5193,11192.5581,11196.5871,2697.2614,3437.9056,9329.8289,7620.9735,9154.2820,11773.6288,9781.5353,3976.9039,11044.9418,2376.3674,12940.1677,11212.6532,13450.8859,7563.4902,11204.7040,13422.0997,13131.6611,9460.6037,812.3556,9557.1150,7481.6882,12745.7370,13283.9853,6182.2676,2930.2123,11566.6229,10724.4615,10953.6580,13710.3377,2484.3213,11711.7790,6612.5906,10483.9589,13343.3524,9866.7954,9538.6590,12290.8942,6912.4525,7622.0346,12660.3020,6427.5672,10939.4051,12296.9379,3155.0841,10123.9922,8337.9943,12208.7946,8935.4195,12256.7934,4884.7958,12022.3202,0.0000,12912.3770,9084.1340,7580.5589,11101.4847,12338.9572,6174.5292,4708.7418,13546.3483,12368.3447,5625.9444,7502.5139,8964.7106,8123.6586,10460.3419,9344.2371,7842.8333,13662.2772,13724.0227,7313.4870,11886.0865,13413.5053,9077.5208,390278.7551,426107.2253,403491.0921,401915.7788,406599.6175,407784.0242,413592.2817,407306.3194,362271316.1451,362325652.8194,362277575.2674,362282869.0979,5320.6362,10593.0261,12378.0134,9279.1544,10735.3127,9066.0646,3004.1932,12876.9648,2505.5623,9149.7847,9716.5053,10398.0292,10409.9920,2799.4452,6506.1783,11665.1826,5089.3018,13086.3244,5839.8686,9288.5142,7164.0580,10071.0763,12598.6032,9770.2031,10273.1448,13132.6499,10953.1239,12770.7166,7475.9928,8002.9067,12027.4891,13021.8758,8833.9436,9571.3681,7401.2601,8377.5858,9986.0823,13552.0173,12138.6040,10976.9540,9052.7209,9942.2524,7763.1990,13744.1808,11760.8766,1746.9275,6298.5322,13458.2269,8093.3329,9649.3266,11113.9576,11673.1385,12999.6386,10716.1555,7010.7209,4476.0966,5506.9283,12053.2861,6762.3677,11017.6027,11605.4194,5504.6326,0.0000,8540.4911,13268.6850,4461.9705,12784.1211,8529.3479,12157.7321,8014.3419,10440.0534,7094.0459,3567.4494,8587.0426,6829.3883,1302.9374,6562.9262,13568.2316,9202.0351,11631.7217,10319.0712,12681.2647,8215.7259,8551.3203,13089.4075,383820.1646,419770.5901,397035.2287,395506.3743,400247.3727,401299.4144,407066.1920,400894.9936,362265080.9385,362319417.5562,362271339.7340,362276633.6863,8627.9593,13595.5992,5017.8878,13234.4315,6849.0081,7880.4749,13648.8415,5096.5140,6307.3474,6956.2628,13000.4753,12901.3397,6072.1796,7314.5602,12637.6877,1359.9651,13228.5687,10248.8502,6563.1214,11153.1160,8306.3092,12125.0453,5260.8814,10247.8378,11207.4532,8373.9256,9846.0659,9468.7098,11446.3069,12750.2463,13601.6780,4306.0539,7076.5037,8857.1892,11971.1364,9875.7946,12875.3740,12054.5405,7055.6096,12333.8839,9630.8643,11060.6980,12863.6249,9302.1097,3878.8294,8541.7941,11395.1120,8877.1820,11972.4070,9712.0155,13513.4827,12471.7701,9783.1866,11088.1347,6416.7967,8769.5746,10871.9385,6201.7674,10078.0162,13027.4477,525.6981,0.0000,3759.3863,12764.0133,8492.8399,12358.3989,4294.2140,13724.1881,10025.3326,6469.5886,2168.8989,8031.7941,8854.8309,6335.5249,6304.3736,7906.1083,13394.4790,9132.2458,8124.5483,6728.0499,13763.6803,4330.4802,4154.3748,13477.4236,382311.9831,418247.4084,395400.2449,393930.5853,398604.1230,399645.4248,405477.5859,399311.0366,362261250.0240,362315586.6559,362267508.6835,362272802.6505,11923.7651,8985.0678,12544.8524,11723.9470,10901.2154,11273.3983,8862.8293,2783.2102,2098.5942,10700.6987,11019.1676,12125.0057,5865.0203,12937.1887,9515.8907,11621.9441,11927.4851,2431.1721,11549.1097,12092.9902,12062.6945,7298.7556,3744.0738,5369.9570,11012.8028,7914.9248,13658.2355,10271.3458,12854.1456,9349.0645,5868.3781,11456.3986,6161.4533,12115.1751,13237.7705,10409.8741,12682.7874,8194.2848,11704.2923,13059.7265,13503.9044,8919.9192,10766.5602,10507.2572,13464.6454,8517.1673,5145.5695,13610.8117,12217.0227,12209.5857,11441.3168,12676.0572,12008.9909,12610.8773,13292.4701,11880.3395,4879.4504,12595.8371,8433.2841,8949.9517,0.0000,6709.0424,7238.3629,12870.8759,11996.2082,5293.6480,11234.3754,7013.5458,8334.1540,7189.1758,10223.3831,4313.0626,4961.7037,11400.6187,13276.2872,9603.7277,3648.0915,8615.0249,9774.3955,11120.0414,4894.9679,9146.1940,11343.8904,385450.9443,421189.2135,398424.7210,396936.2926,401466.9747,402696.6860,408647.2767,402312.3174,362262623.7660,362316960.4820,362268882.8610,362274176.6573,12478.8011,3361.7232,10970.3890,11102.3979,1353.8106,12888.5034,13092.7108,12816.9622,5426.0330,4403.5495,11704.1188,12547.5317,3225.2446,13168.2948,2808.9898,9028.0091,12888.2765,8142.4108,9836.8205,5096.9306,12738.0316,10699.2385,9092.9030,10064.4283,9751.9871,8485.2002,8336.7631,3265.8749,4071.7648,13400.0791,10904.2319,11588.3472,6588.0287,8007.9352,4677.0333,5050.8999,11679.3267,5976.5081,8208.2915,7053.7460,5655.4038,9380.0726,12914.0830,9563.0931,7946.6123,11724.4069,5132.4307,8494.5031,1616.8626,4594.4768,8279.3486,8034.5914,11235.6443,9532.4946,7073.0352,12936.1483,7951.5897,6382.2791,13578.4839,0.0000,13389.9251,6487.7403,10021.7302,4804.7769,13511.1681,2055.4023,10549.2518,11741.7220,13729.1863,11381.7541,11793.5468,13056.3022,11867.1508,9998.2802,4177.4518,11644.3941,10901.3017,11504.1167,1522.8813,13428.3449,12806.9683,2093.0525,395464.9788,431338.8397,408575.9944,407070.8941,411723.3708,412839.8755,418682.9552,412454.1676,362273517.2587,362327853.9414,362279775.9881,362285069.8922,13316.6410,4137.0361,11277.2713,12243.2551,9413.7448,7368.8325,7584.4866,13815.3100,13419.8669,8897.6694,10529.9669,11127.5253,4761.6384,11106.3865,12654.0124,7499.3674,13232.5708,5243.8813,9380.0293,2103.5298,11445.8712,9195.4085,4293.0738,6051.4841,9687.6441,13514.2358,10999.1675,12618.3621,4079.6724,3785.9860,11625.1406,13379.5798,7945.7489,10258.4635,9619.6710,2587.6660,13524.3345,7579.7582,11972.5557,10505.0212,5152.8550,7979.8800,9382.5793,8069.0758,11350.1235,11795.6772,6486.8421,12975.1243,9756.3944,7030.1453,13086.1428,8215.0937,10297.9972,7615.2295,9245.6090,7219.5626,13413.6043,4696.4877,0.0000,3295.3017,11380.4683,10690.4779,9652.3109,4968.0785,13174.1017,12458.2356,1900.8265,4287.8258,11572.2001,11052.4757,9419.8271,9832.2797,8328.7620,11523.6092,10964.1539,3658.2894,2003.7052,12730.0068,5552.4473,995.6810,11662.8466,385215.6605,421153.6037,398208.5072,396790.4569,401420.6090,402434.2565,408307.8155,402163.7931,362261770.9643,362316107.6098,362268029.4026,362273323.4025,11601.0779,8888.3381,4527.6539,11449.6419,13429.7141,13311.5566,3597.7837,2487.6457,10150.0817,11561.4387,4648.6813,12775.9564,5933.2309,6270.2138,13264.9916,5315.8589,10803.1167,7507.6277,13694.7230,10679.1824,11077.9533,11500.4663,11913.3679,7400.2899,5987.0459,5115.5417,5962.2950,13949.6278,11751.1245,10487.0756,3521.2540,8596.1711,7732.4865,7019.0470,13106.8330,3057.7897,8856.4492,4712.9140,8462.3685,11185.7263,11639.2229,8276.1277,10519.6534,10936.9390,3776.3908,9908.7298,1773.0891,7397.6861,9416.1434,5118.1713,10015.3372,7715.8511,9062.5497,12326.1034,9254.3635,6293.3873,13267.8854,0.0000,13903.2113,8502.2398,7921.1303,7360.6652,13908.7287,3020.4608,9271.2399,13012.2705,13802.1339,9237.5249,11256.3314,12420.8696,10017.5341,9125.4573,7010.2437,11340.5033,12606.3807,12708.9217,3976.9068,13704.6216,13398.8256,5367.9962,394286.5178,430178.3384,407476.6289,405937.9930,410637.3588,411750.2367,417549.1902,411326.1310,362274050.5403,362328387.2055,362280309.3549,362285603.2580,10749.8450,11090.1423,10198.3687,10510.5212,10713.3130,13106.5054,12439.3085,7490.6019,12214.6931,8733.3223,5811.1399,9687.4486,11479.7324,10593.7349,12229.6594,1767.4705,7436.4600,6071.9696,13260.5549,10969.6724,2863.6861,7555.6767,6531.7062,13126.4913,8682.2929,12442.3460,7778.7687,788.5674,12980.6513,11999.1792,4334.1421,9588.7139,7192.1979,5415.9033,12322.2842,3955.7312,9547.4041,10651.8316,4226.3166,7964.2843,6483.9874,8738.8942,13005.5180,9127.3717,3648.0503,11364.0728,8326.9172,3728.9651,11830.8183,6095.5823,7854.7033,5518.1890,11413.6155,4128.1774,13633.7434,6421.9250,0.0000,7001.8203,12113.9257,8746.4046,7827.8571,8481.7863,12109.2212,13403.1930,4900.4836,7321.1814,11451.5581,12926.5115,11587.8513,9073.4957,5230.4885,11266.8822,12955.1866,5512.2743,3327.8867,11695.9690,8885.4367,4177.4659,10443.6991,387704.0436,423711.7070,400764.1255,399339.7500,404033.2815,404984.3456,410801.9379,404716.1278,362264945.8027,362319282.4235,362271204.0723,362276498.1309,11734.1233,3797.9401,10165.3899,10585.3010,8164.3428,8320.7319,4427.9192,6332.2671,10939.0679,7721.1612,12413.6188,3163.2822,10211.7541,4450.6221,11356.5789,12519.6072,11600.1821,9542.9382,13159.5054,12266.8168,13574.6209,7564.6462,5394.2093,11384.9348,11746.0385,10656.4858,11212.7057,6427.1832,5957.4394,10569.5276,13178.4587,12012.9556,12524.5895,6669.8687,10624.5974,6400.0716,13304.0977,12822.0141,4699.4033,6710.8944,13745.1752,7379.0011,8558.9783,11973.3277,10102.9190,12773.0499,11487.5613,4400.4661,5959.0310,5347.5003,12509.0235,7287.4488,11700.0342,9850.0454,8102.5219,0.0000,10530.6488,12511.1722,3949.7312,12623.8703,10259.9733,10536.1881,6434.0058,12087.6791,9304.1436,1286.1081,8066.9741,7323.7819,2553.8368,7484.3069,12759.2786,8734.0091,12952.1014,12019.7577,11319.0079,9842.6402,10714.6517,12197.7195,385665.7419,421585.7435,398913.8832,397356.1797,402099.3800,403191.1568,408951.8877,402747.4611,362267530.9440,362321867.5726,362273789.8713,362279083.7858,13184.8110,12622.1793,12274.3164,5899.0208,5030.4414,12354.2142,12505.6583,3989.7609,13310.6058,2254.7548,9874.2511,12395.5787,8939.5065,9939.2718,4924.3609,12331.9500,10220.0064,8023.5883,9876.6725,8931.5209,9370.5811,8857.7952,3831.9875,3120.9545,13024.0513,10932.0405,11552.3380,7530.7327,8474.1184,3653.7498,5218.8576,11187.4149,6831.4260,8622.3419,8180.7907,4409.1512,9044.7220,13326.3257,10399.6995,6955.5756,11557.5016,6312.3337,8527.1597,2813.9538,4090.6997,8481.1076,8921.2353,11892.1109,10440.0423,6919.4234,12783.6020,8107.4983,6076.5332,13641.8435,0.0000,13077.5016,5353.3496,10898.9619,4562.4520,13146.4176,2355.0798,10572.4749,11324.8832,13567.3379,11914.9200,11528.7794,12906.4158,12487.0835,10710.8934,2862.0693,11285.4975,10348.3085,11233.4700,1104.0698,13081.0709,12653.2706,1184.5004,395450.6985,431302.2338,408528.5772,407031.7088,411658.3483,412791.8926,418658.0228,412413.1375,362272922.5106,362327259.2042,362279181.2617,362284475.1508,7396.0825,8000.8305,10360.9143,10596.3715,5204.3724,4242.5691,12691.8889,5503.3753,13577.8910,6722.0752,7539.3220,7626.7298,11219.3778,13368.6790,9357.8459,8531.4831,12239.7961,11673.0708,12517.3081,9452.5258,7751.0403,12992.9083,12735.9994,7867.1826,10556.5730,5473.4903,9050.8644,11486.0487,13735.5808,13124.1829,10853.3409,9497.9444,11405.5401,9370.9293,13523.0580,12333.4648,3187.6775,8439.4381,13274.3218,6079.6740,11071.2007,12172.6007,12262.5099,13541.0984,11956.8732,7758.7353,6706.9024,7658.7720,12894.4705,4505.2098,12193.5425,10911.7676,5483.2100,0.0000,7823.5874,12599.0105,6582.6324,13499.7012,7316.8572,12378.3825,6483.7709,10392.7132,6330.5830,3443.6879,6555.1123,4540.5313,3641.7939,8629.6941,13446.5207,7226.2340,11611.8766,10689.5928,12898.9766,6838.7324,8737.0979,13457.8034,382848.0371,418744.4518,396030.8613,394496.6349,399197.5916,400302.9777,406103.9956,399884.2921,362263855.6678,362318192.3051,362270114.6119,362275408.5147,809.8611,11945.3110,12177.5958,10752.2895,5364.6795,13501.2130,7377.8937,12685.9431,11833.6318,354.8982,11856.9456,11258.1677,12576.7255,5691.9677,5697.0549,7217.0146,10306.4340,8250.4207,13037.8659,10954.0590,13462.2570,11215.9623,3633.6389,10317.6112,6488.8828,12623.8764,12764.8672,11606.9446,13046.3604,7261.3844,12449.8387,12541.3405,13417.7860,10515.6555,10407.4018,8730.5546,12597.0033,9478.7233,5693.2794,13811.4327,11813.7207,13284.2056,12233.6699,12238.4635,12203.6702,11281.1693,12521.7576,11950.8423,3751.0062,12267.6136,10317.0209,6658.6677,0.0000,4502.6435,9360.0587,12075.4140,12609.5084,2823.9186,12639.1968,7784.5750,7217.6825,4711.7050,9594.1852,5056.8550,3865.3713,10145.6133,12251.4639,11272.7260,4801.4656,8072.9219,8636.6098,12562.5466,2297.9666,7315.3223,12590.4302,383399.7054,419185.1686,396390.2245,394911.4214,399471.0761,400654.2405,406582.1696,400287.9397,362260957.5086,362315294.2026,362267216.5012,362272510.3398,11788.6904,12020.2475,11247.4206,5732.9905,13349.3195,7964.6917,12353.5414,12073.0694,511.9752,11992.9036,11350.1811,12340.2349,5828.9797,5359.5463,6529.3094,10297.4317,7850.0098,13261.8661,11006.4236,13282.1597,10758.1210,4003.0635,10474.1447,6649.3585,12675.8019,12835.6995,11180.6069,12876.8063,7196.8102,12434.4555,12615.2708,13569.6871,9981.6767,10287.4643,9344.6144,12903.6778,8991.2701,5776.3937,13835.0662,11784.7498,13076.1701,11920.0714,12250.0107,12359.2573,11718.2104,12845.9151,11791.0377,4245.9510,12244.5566,9967.3633,7281.9581,0.0000,4895.8366,8765.9521,12439.9477,12349.5327,3319.4653,12346.0131,7830.8548,7228.2941,5320.5663,10004.5658,5065.0579,4356.0263,10660.3762,12566.6880,10783.1979,4681.1034,7910.3275,8706.6339,12220.8814,2903.8873,7631.2286,12234.7150,383967.5508,419740.2661,396944.7056,395467.9214,400015.6044,401209.2015,407147.2905,400843.6798,362261236.8384,362315573.5391,362267495.8431,362272789.6727,1153.4106,10768.9843,9380.3876,7610.7208,12898.1239,7808.2006,5874.8996,11744.1011,4298.4018,12623.4879,9711.7825,13699.7167,8036.2362,10225.6156,12959.9677,12289.9465,9663.6646,3499.6453,7941.7992,5290.4178,13371.0187,13209.2849,7902.9438,3462.4135,11053.9469,8881.8440,9563.0939,13525.8106,2369.9267,11226.8911,6836.2772,8698.1105,12623.0020,11530.9303,10125.9545,11000.8785,8341.4309,6889.9773,11951.5349,4292.5267,9256.7105,11648.4675,4728.7054,11168.3179,9228.5553,11102.2578,10429.7721,11499.9320,3472.2621,13172.5681,0.0000,13546.9418,7489.5367,8874.6736,9516.2252,13094.1502,3693.1211,6399.2474,13469.2016,13340.9064,7999.9937,8709.8455,10485.9974,9966.9426,10962.8793,7291.2327,8803.9352,13218.7873,13607.3953,4924.7116,12731.4441,13845.8842,6950.6935,392640.1162,428459.5876,405818.7382,404257.2178,408919.6499,410107.9005,415935.8433,409645.7921,362272738.7989,362327075.4858,362278997.8674,362284291.6971,10486.9268,9937.0087,6502.7575,12692.7088,6875.2542,5916.4221,11983.2852,4501.6734,11848.9658,8748.1553,13439.3907,8658.5422,10124.8781,12255.1114,11836.3775,8877.8888,4223.8508,6849.9846,4996.3171,13312.4607,12541.9537,8602.3404,3250.8214,10129.5076,8138.8495,8539.5633,13113.2262,2210.4122,10321.3576,6119.3350,8206.4269,11901.0187,11453.4128,9468.6350,10483.7995,9019.1646,5874.5975,11090.2153,3175.0451,8354.0193,10752.9911,4732.0673,10710.1373,8689.1646,10206.2486,10862.8592,10591.2053,4060.4400,13029.1113,0.0000,13424.3965,7386.5674,8510.8112,8556.8799,13117.5652,2861.5185,7211.3147,13054.6890,13281.1121,8321.8904,9349.9181,10935.5038,9902.1378,10288.9543,6753.7066,9420.4270,12732.0945,13073.7740,4116.4548,12810.4297,13482.1974,6063.5150,393171.9242,429012.2802,406347.6445,404795.8463,409465.7254,410631.3070,416454.1069,410183.9348,362273039.8318,362327376.5134,362279298.8169,362284592.6690,8908.1485,10326.7258,5211.0944,12237.8445,6120.1397,10877.0613,7609.9816,8393.9478,11349.9646,9942.2340,12004.0489,13668.6817,9721.7340,12550.6653,5161.1353,9008.7893,10714.0669,13165.0384,9690.0566,8131.6937,9609.5317,8306.0082,7950.4957,12954.4172,10683.9230,10713.5350,9113.7405,7938.7590,6373.5068,13591.7336,10655.7555,2818.9589,3804.0239,13170.3253,10253.0783,8141.1021,9498.2108,11051.7561,12009.2008,8919.3471,7155.3554,1817.8448,3365.6344,10673.7508,9022.1790,9287.5265,12412.6130,6009.5208,0.0000,9179.6872,13689.2474,2898.0213,11601.1514,9660.0566,11911.2666,9952.7736,10132.8525,7993.6144,5497.4061,10681.2974,9122.2625,2100.9836,4014.3101,13391.2953,11187.0569,11202.7100,9548.7493,12327.4853,9529.5293,8210.9981,12425.6263,385324.1033,421326.7893,398548.4488,397036.3190,401805.7128,402800.7491,408544.3005,402424.2956,362266306.8267,362320643.4286,362272565.4315,362277859.4385,13312.3655,8156.1982,13283.0940,8152.0452,5365.0596,8168.1333,12935.9405,13728.6495,9662.3185,4828.3442,10118.7115,12792.9508,11853.7672,11980.1079,7088.6361,13511.6812,11077.3359,7754.6790,12330.3957,1947.4668,9525.7175,13331.5947,13035.0896,13818.8154,11087.4564,9500.6964,13243.9731,11204.8100,12162.0107,13039.6465,7122.5952,11349.2959,12338.6445,2090.3164,12417.9790,13465.6270,12080.5865,13476.2136,13481.1254,8685.7866,10139.9277,10565.3422,13621.8170,1788.4252,13566.7127,8687.7146,7786.1478,0.0000,8201.8238,10446.8229,9572.8159,13735.5269,6926.5335,11561.9688,3634.6964,10858.2270,7289.5441,5305.6273,2519.4614,1707.1157,7375.5946,11569.0455,12122.2903,3286.4439,11730.4175,11707.5730,12056.9043,6236.6107,10154.4613,12912.7550,383550.6017,419345.5040,396672.1368,395129.1788,399755.3680,400957.9165,406821.5128,400514.5178,362263731.9552,362318068.6340,362269991.1342,362275284.9486,11928.9588,3185.1297,9175.0509,13364.9774,8867.0536,7428.0863,3341.9926,11892.1715,12368.8482,10235.9750,8112.8585,9392.8067,6187.1085,9716.2849,642.6318,6853.1484,12952.7292,8746.4904,12757.8070,7374.3159,5116.0487,5199.6208,2547.7408,10673.3343,7230.2150,5375.7779,5966.3555,6968.1672,7653.5718,11921.3975,7477.6953,8055.7796,12964.0120,3511.7562,6054.3336,3750.4572,3803.1595,5603.4849,8475.0761,9425.0921,7915.9470,4975.3906,13482.6668,5314.1956,9003.9649,12504.0639,0.0000,12715.1499,8571.7648,8826.7380,3308.2451,13241.2018,5074.9896,12010.1701,10627.1641,13026.7704,11534.4892,13054.5158,13624.9858,11038.6576,7716.8244,6146.7910,12989.9851,9883.9285,9936.8869,4634.9688,13283.4408,11422.8224,3649.3379,394864.2656,430807.7945,407986.2499,406503.5629,411193.2820,412234.6376,418048.3153,411886.0987,362272847.1122,362327183.7677,362279105.6198,362284399.5958,12770.3906,9922.1062,7603.2703,10930.5336,7328.2177,11484.9635,5530.9511,10977.6176,11560.9934,7667.4298,9831.0298,8390.0464,11472.7069,12059.1016,13572.4426,5149.4744,6144.2393,9548.1685,11620.8827,8818.3248,12571.5801,11307.5599,7000.4150,12055.4208,8576.0262,10291.4366,12792.4507,8713.9743,3504.2561,7439.8695,11311.7161,9658.6993,11171.5587,8837.4085,13076.1873,11963.7298,8820.4405,10761.7144,5288.8317,7826.1230,10155.7861,7215.5608,9158.5985,13209.5444,978.3497,0.0000,4456.3482,12944.6512,7711.7933,11752.3201,5312.7287,13457.9924,10551.1333,6358.4141,3210.1826,8086.1114,9690.1949,7355.2592,5860.2408,6706.6561,13269.4661,9974.3039,7966.8258,6258.9456,13482.3460,5425.2010,3847.2576,13094.6894,383030.1689,418992.5439,396132.9177,394666.8315,399359.6042,400373.7759,406189.4857,400047.6272,362262027.2446,362316363.8674,362268285.8233,362273579.8157,10861.7281,12487.6870,10225.1108,8337.4710,2809.9719,11399.9907,11266.3786,7917.4960,8190.8009,7679.8536,8860.6329,10401.6006,2704.4954,4818.6940,12491.5310,9453.3635,12620.3479,8862.4802,7047.8168,2273.0300,3353.7875,9947.4796,8363.4374,7159.6564,8561.9889,4067.7786,7257.9647,13259.5253,9976.3470,5755.4456,12565.7795,6394.8700,6721.0191,4333.4865,1931.7789,6779.4033,10081.2048,11480.1047,10381.1742,4923.7611,13296.0596,6340.8490,7946.0300,13141.9849,0.0000,12434.7566,6109.2227,11087.1811,2402.6967,12779.2286,4491.1512,11883.9680,10106.2914,13096.6467,12732.6124,12465.9998,13439.6251,12720.1403,10030.4028,3319.6936,12199.0226,8962.2328,9821.7149,3341.7952,12838.0864,11611.8280,1124.1537,395370.3190,431252.8444,408421.8730,406951.1544,411579.4104,412672.5567,418540.2367,412330.1181,362272127.9436,362326464.6286,362278386.5394,362283680.4690,11796.9784,1721.3808,11616.0835,11419.9527,13053.0738,9972.9689,13120.3112,12631.8136,13814.9446,6905.4501,3681.2179,9700.7530,10188.6457,12475.5837,11903.5693,7529.4350,3009.4515,10074.2418,12047.9218,10810.0339,13489.0126,3908.3895,10235.7102,4327.0791,12357.4143,12949.9025,7337.6244,6593.3437,13436.1540,8467.2059,6491.2332,11768.1883,7755.4721,11616.4483,11172.6487,1334.6616,7061.5392,5063.6532,11927.2016,9283.1874,11294.1989,8432.2957,10403.6767,0.0000,12375.2772,11657.2259,4003.3693,11459.5473,12169.7065,8360.8923,6780.7466,13141.1484,11473.5850,3674.3403,9147.1888,9330.0697,5010.0787,7709.8744,11435.9779,9681.8944,13610.8395,12940.2680,9336.6607,11790.5566,12277.5061,10514.5762,388711.8870,424626.7004,401976.6855,400408.8148,405157.2873,406257.7719,412011.7831,405801.1792,362270574.5837,362324911.2193,362276833.5132,362282127.4206,11770.5727,11289.7620,12439.8444,5810.6998,5416.5923,6921.7052,10315.9085,8116.7476,13055.0825,10823.8178,13319.7502,10935.1868,3849.3359,10388.7295,6392.6581,12510.1379,12754.4502,11389.5677,12929.6952,7287.7579,12307.1341,12535.9934,13372.3535,10253.9937,10370.5273,8913.6085,12648.3811,9279.1318,5563.9471,13725.7353,11788.5834,13093.9463,12063.2410,12219.9850,12130.3199,11395.8162,12563.8812,11865.2139,3816.2312,12234.6733,10044.2150,6908.6320,0.0000,4719.6711,9048.7558,12123.8393,12461.0402,3084.3500,12411.6302,7641.3958,7270.3009,4987.1235,9628.2061,4897.0064,3929.5682,10258.5598,12321.1574,11007.2144,4592.9858,8049.6628,8700.0521,12327.8028,2586.6992,7480.8130,12372.9587,383686.2066,419466.3816,396674.5506,395194.8219,399751.0549,400939.4070,406870.0372,400571.2686,362261187.5099,362315524.2065,362267446.5127,362272740.3467,12195.8595,11194.2622,13448.6174,9207.7535,12473.6711,13027.6096,13652.2248,7831.4436,2248.4845,9369.0072,8988.5938,12860.6565,12567.3280,7166.6735,1892.9428,10596.5763,11416.0938,10691.7117,13759.4367,2498.5524,10769.6428,4863.3412,11568.7973,13162.5137,8621.1070,7769.8306,13019.2198,8050.6445,6535.4133,12111.9139,6800.6798,11209.0691,11585.2834,872.8201,8435.7170,6377.9355,11978.8810,9410.3870,11630.3979,7000.1043,11334.2728,0.0000,12862.9185,10645.0897,5521.2621,11166.2580,12523.6699,7168.5642,6071.5414,13490.1194,12122.3066,4560.3044,8710.3436,9451.2870,6494.9200,8847.1204,10495.9183,9170.4174,13777.1025,13412.6730,8260.4809,12117.1738,12960.1773,9720.6429,389753.2799,425635.4448,403003.5400,401430.1462,406156.5712,407290.0529,413062.1156,406822.1866,362271361.0334,362325697.6841,362277620.0387,362282913.9159,5889.9800,6949.2511,13444.4135,10564.8987,2136.5211,7060.1666,6301.2201,13100.8847,7306.8074,11580.1878,8802.7198,1627.5340,13473.1346,11698.1000,3124.6071,8326.2051,5637.9221,5764.7082,11938.7553,2720.5444,9197.3763,9642.6494,3200.3845,9186.4182,6648.9887,7858.0154,13484.7044,8312.6310,1921.1749,10379.5360,6883.3789,2078.3614,11775.9995,6918.3090,8070.6329,3901.3271,12242.3598,2439.1759,13182.5578,7923.2068,0.0000,8130.9811,11425.0049,9117.7610,6304.4444,9502.6388,11182.9749,13697.1387,5421.7313,8634.0003,12070.4113,13392.5594,12419.3073,9937.7963,5529.4393,10215.1700,13359.4377,5435.9325,3851.9915,10651.1609,9888.1022,5526.3714,9191.9896,389453.5683,425457.0129,402506.6334,401084.3614,405772.1452,406726.4772,412548.7948,406460.3326,362266340.6228,362320677.2497,362272598.8685,362277892.9262,10068.0532,12405.6902,8572.3112,5840.2643,6722.3309,7737.1394,11711.4515,2784.1466,7260.0229,11579.3733,7163.4738,13447.3161,9989.4605,4863.5337,3372.8693,1282.0128,8392.3640,9762.8339,4905.3997,8618.6229,5452.8945,4975.3575,12442.3026,8847.8702,5450.3172,13396.1232,6471.5284,4101.3785,6281.3627,1359.7091,4241.1782,10904.8166,10260.6169,9679.5626,2239.1916,13478.1432,3749.0170,10050.1374,11936.1658,0.0000,11335.2087,7873.0552,10637.5831,449.2976,12049.5944,6880.6822,13009.0010,8488.1171,12071.0482,13018.7534,13275.0819,13640.9210,12252.2523,8565.2603,5514.5107,13054.0889,7355.6567,7832.1282,5927.7501,12244.3535,9921.6413,3891.4280,394299.6703,430230.6634,407340.8401,405895.2130,410541.4339,411577.2114,417432.2428,411272.2993,362270708.8120,362325045.4780,362276967.2297,362282261.2144,10174.1499,7949.4985,5659.9546,5453.5635,11065.2922,13379.6588,11733.2235,12194.2020,2474.4627,5669.9023,10777.5833,13703.1283,9458.7508,10254.7275,10502.9298,2299.9964,13718.9829,9116.0043,12884.7726,10054.5409,6098.1486,8609.6676,10769.8028,7617.8654,10321.9510,12726.5755,7857.7942,13280.0865,10168.4133,8491.9480,13438.0509,9561.1133,11464.4137,8563.5189,8204.8991,8589.6853,12802.4973,5126.0719,0.0000,2051.0446,10547.5355,11662.9603,10262.8467,3428.8664,13189.4472,11725.1655,1997.8393,3712.1972,11664.9938,9892.3550,8374.1909,10491.0023,9870.1763,11201.4283,9701.6476,3602.1951,3421.2425,12737.8882,4082.7116,2560.9085,11818.2765,384728.0953,420617.7753,397691.0696,396268.9647,400863.0231,401923.4973,407827.7309,401641.2742,362260987.9038,362315324.5676,362267246.4670,362272540.4235,6785.3176,12792.4712,10141.5048,13370.1670,7460.1608,12410.0924,7879.7773,8793.7010,13133.2154,3883.9478,9871.1542,13756.7427,10595.2207,12855.9396,10876.7558,9317.1788,13683.4523,12225.6118,9095.3937,12501.9693,10801.2425,13247.5999,9956.4929,2975.6704,12563.4871,13349.7358,10613.7531,11699.9027,13576.2545,9851.8787,12760.7448,12665.1079,12797.4495,5101.5181,13474.6274,5656.0194,10616.7199,0.0000,9475.3122,6672.1804,12018.3542,12267.3644,8144.2889,9448.8602,4012.6471,10942.3956,9478.5781,8658.9057,2394.5021,5115.0803,10848.5897,13445.6174,9077.3705,1716.3553,11094.4795,12056.6173,9714.4418,7599.5431,11493.2370,10677.2399,386920.2380,422639.6053,399963.3605,398431.6805,402986.7307,404252.4819,410176.7147,403812.7447,362265428.8705,362319765.5899,362271688.1278,362276981.8872,9119.9796,4608.3239,13143.0619,11485.0204,9922.3419,6404.9891,8211.9049,10480.7427,9850.7014,12204.9815,11476.1623,6078.3655,9571.0207,7238.7148,11578.5291,11322.1147,13149.5797,4255.7564,8219.8358,12986.2275,13506.3712,3975.1180,9096.7687,12215.7622,9898.2871,10026.3174,7596.3252,10554.3843,12768.8700,13513.4811,13719.7921,8796.4854,9452.1059,10268.7117,7780.3572,11309.8819,0.0000,8722.0220,3601.2784,13816.6824,8391.8606,8278.4591,8938.2312,9887.3181,7692.2799,9876.6617,12846.6136,8464.4049,9578.9617,13539.1553,13229.4216,5536.3736,7782.1006,6766.2542,8839.5033,8234.3809,8290.9840,9820.4205,7748.4246,390222.9956,425976.2635,403148.3481,401691.7945,406205.3227,407406.9781,413374.4541,407064.0069,362265664.0015,362320000.7288,362271922.8948,362277216.7222,5168.8106,8096.1790,13601.0175,7859.0374,11149.5278,7804.0882,2143.7115,13355.4331,12566.0965,4852.2889,7599.7783,6054.2157,3997.0671,12646.6912,4474.0932,10598.0775,8640.0935,1428.8860,10010.7321,8430.2511,6314.0935,13186.5542,9577.8558,2516.3296,10838.4508,6523.5064,3378.2454,12729.6431,8467.4729,9690.8379,3718.0266,11905.3102,3426.0941,12951.1605,8028.5603,0.0000,7230.5774,10490.6449,10575.6012,6190.4985,8591.1876,11327.7970,13668.0449,3825.3357,8150.8768,12797.6074,12955.7693,12087.2040,11021.9306,7378.9782,9550.6692,12800.1934,3444.5900,2418.4428,10636.7223,9053.1628,4926.9050,9035.3718,389303.1451,425269.6537,402303.9689,400893.9516,405540.2563,406523.3789,412382.6481,406267.0592,362265315.4622,362319652.1064,362271573.7500,362276867.7824,11526.1262,13380.6697,8989.3008,8908.1239,7067.8696,6887.8871,12132.8585,13246.0646,8812.5733,5857.5788,7706.1783,3641.9183,12918.9123,8548.7582,12775.9981,5574.6305,4192.9143,12119.9072,11914.0312,2455.4532,11575.8727,11610.5978,6526.0003,10848.2062,6310.7567,7445.0103,13668.3573,11868.5323,12670.3458,5850.5103,10845.6120,7193.8408,10915.5953,9735.1093,0.0000,7123.0248,7047.7806,13160.4869,6753.3444,7663.5892,10482.3624,12418.7789,4223.9926,8618.6114,13642.8387,11058.8367,11014.4301,13112.3852,11222.0808,7147.1222,10587.1716,2624.3316,5023.7390,9584.8113,8040.6503,6938.5124,8155.7738,389819.4702,425666.2113,402736.5650,401321.8831,405874.0082,406970.3496,412909.6136,406691.6258,362264647.6863,362318984.3811,362270906.2428,362276200.1712,9572.6971,6623.9996,11287.8931,11775.7951,7094.7242,12072.5253,7275.9377,4072.9263,10165.5125,6701.3899,10730.9263,7967.6785,4296.8903,3640.8394,11515.2070,8712.5095,7572.2978,1460.5467,11455.6194,12598.4280,4040.4472,6579.9446,8004.7248,8690.3476,5638.9274,7112.3726,3934.8939,2549.0759,7458.4705,12135.7082,5928.8054,11782.7877,9261.0930,0.0000,11239.2414,12473.6240,3999.2999,8017.1357,12022.4346,9413.3729,11817.3373,10302.9925,10803.7333,8657.4693,12917.2244,12268.9946,6565.4524,2111.1603,11078.4870,13193.2043,10605.4262,9234.8042,9606.0058,12046.6344,9447.8520,9265.4669,390230.7572,426257.4847,403438.7776,401945.4216,406716.9328,407681.4878,413423.9286,407331.6658,362270134.3362,362324470.9422,362276392.7555,362281686.7971,10125.4290,8129.3710,12553.2797,13360.5322,5684.7091,3311.7018,11825.1060,11282.5800,11440.6145,13772.8838,3094.9104,11956.8451,6818.1646,11009.0182,13591.1712,9421.9590,9526.5968,12672.3898,6503.7103,8048.1163,12935.9275,7150.6440,11475.0261,12569.5083,3103.1842,9931.3567,8259.7237,12591.3809,8480.3804,12558.0056,5408.3945,11701.1654,0.0000,12722.7396,9556.1315,7377.8951,11620.8682,12104.8066,6931.8203,4268.9198,13581.6300,12080.9794,4956.9510,7158.0931,8499.5783,7663.1685,10447.6491,9950.3792,7574.1127,13803.5354,13784.5098,8038.1474,11624.8061,13306.5446,9734.2811,389513.3538,425342.6261,402732.5283,401153.9995,405841.8407,407026.4749,412831.0280,406544.9476,362270779.7098,362325116.3811,362277038.8500,362282332.6797,6732.3629,12873.5673,8639.7601,12974.7421,7900.3677,5163.0462,4686.1932,2104.0818,10415.8115,7707.8371,5393.8045,6572.9147,6550.3316,7306.8260,12221.7877,7902.9648,7587.4811,13127.7049,4143.2550,5819.2481,4048.2029,3218.9513,5460.3150,9006.9107,9778.1085,8411.1069,4568.6529,13617.7143,5122.1263,9109.0089,12609.3405,0.0000,12645.1159,8328.3602,9330.9214,2719.3280,13190.9465,5204.6521,12255.8616,10404.7635,13045.1942,11952.1737,13175.8362,13763.4357,11449.3653,8052.2503,5812.2775,13072.3875,9566.1646,9731.1988,4603.4993,13256.9599,11347.5505,3316.5431,395033.3845,430972.3592,408139.5596,406663.2450,411343.3062,412386.1706,418208.8208,412044.7904,362272685.1387,362327021.7977,362278943.6327,362284237.6081,12423.2627,12228.6077,9904.8267,8018.6704,10685.0245,4830.1760,7803.4820,11370.1463,7088.8386,10762.6504,9800.2448,3960.1836,10287.7866,13568.2372,12042.4460,6980.9654,9726.3046,8558.0911,10409.6585,4738.5704,6183.1815,10532.9842,9264.5010,13059.8415,11839.1782,8885.2018,11412.8123,10190.5182,3718.7991,13701.9019,0.0000,12701.6322,2991.4171,11950.2335,6906.1614,12366.4450,3089.3385,8874.5284,11579.6044,13212.9822,11586.4393,9594.2181,11512.5226,12868.5088,12363.2394,2457.1810,9224.1660,10688.5964,11948.5756,2616.6137,12190.9603,13022.6878,3814.3619,394283.1535,430065.8001,407333.2691,405823.4014,410406.7948,411608.2391,417509.7570,411204.0709,362271674.9949,362326011.7117,362277933.9538,362283227.7776,7549.6915,9092.0404,13427.8672,10937.7407,11426.2843,11966.3126,4622.7518,13443.2729,10637.4458,13133.2195,10898.4802,8230.8842,7795.7804,11282.6741,8962.6228,8583.6652,13369.8850,9739.1232,13735.6397,11559.7793,10233.5876,12969.3217,9767.6791,11648.9278,10358.9927,6132.2912,10348.9167,12320.9210,4417.7911,0.0000,956.9850,10719.2265,11527.3682,11729.4528,983.9907,13488.8314,10288.4542,4378.2563,2216.9061,10497.5733,8138.6884,6286.0808,9776.1911,10577.3548,11881.9602,8013.4203,5800.8651,5702.3618,13232.2243,1691.4937,3980.0006,12715.3117,383198.3060,419058.2689,396180.4547,394735.9065,399325.2780,400424.4225,406330.9297,400110.3755,362260225.0033,362314561.6723,362266483.7279,362271777.6460,13080.1182,12299.8282,4568.3146,9194.8223,7045.8757,4789.1828,12558.3662,4172.6143,9991.1478,10221.3222,3543.6230,8473.0532,7130.3522,8146.4991,13039.6113,9427.3355,3368.5472,11401.7257,7997.5785,3673.7152,12202.5685,6794.7225,8470.0621,5154.4375,11466.4167,4001.2271,13558.8364,6662.3463,0.0000,6801.9518,11762.7082,9343.8244,7546.8827,8300.6177,12065.1073,13508.3298,4319.5018,7314.7568,11856.3350,12909.2809,11643.8322,9629.3668,5917.4875,10939.7102,12886.8357,4808.1022,2675.3022,11577.0661,8740.0261,4007.4383,10232.3705,387908.7779,423905.4963,400949.1004,399530.6116,404209.7745,405168.3684,410998.8705,404905.8378,362264770.0491,362319106.6759,362271028.3198,362276322.3723,8469.8934,13514.3354,12498.9238,13546.2431,11909.7405,8290.4680,13473.3538,10756.6943,11539.5911,13444.9193,8297.0542,11613.8364,12230.1257,1138.9045,11883.2121,13753.6420,11031.4033,13078.2068,13732.2045,7817.7417,10801.3109,10698.2158,13659.9640,3490.2772,13762.8912,7114.6429,9289.7423,0.0000,9561.6254,9558.0559,9697.6611,13398.6828,8325.6653,10359.4835,1745.3019,11743.9053,8838.9502,5316.1210,2019.2611,3435.3712,8008.7698,12001.3400,11269.3738,2803.6870,12365.4452,12555.6064,10969.1539,7664.9021,11349.6975,12105.3510,385075.5652,420849.0049,398207.4410,396650.9867,401272.6565,402499.9341,408365.0923,402037.2554,362265379.8739,362319716.5622,362271639.1210,362276932.9121,9769.8692,10301.9287,9434.7307,13696.4942,1109.4289,9989.5585,3965.9853,10674.3318,12575.4322,9655.3922,7566.1920,12349.1389,9215.6280,5108.5088,11353.5545,5133.2646,10005.3740,10790.5651,1707.4210,8758.6859,6378.2168,11022.6387,10614.8323,10780.1897,6659.1476,12091.0874,0.0000,13394.9530,10056.4708,5933.2312,9933.6167,13200.7443,5745.5117,7271.6127,13473.1620,12857.0656,6246.0529,9767.7166,10676.8135,7609.5449,8660.5938,9443.3207,10100.4165,13534.2485,13275.1095,6865.7840,12865.8348,13216.8274,8344.8078,391507.6559,427399.2435,404748.3099,403183.6649,407908.9040,409030.8082,414804.6726,408574.9622,362272658.6239,362326995.2768,362278917.5581,362284211.4481,7885.2303,3978.2134,8369.1433,10081.5796,404.1784,6816.3193,9569.1204,5281.1294,9565.4435,5000.0602,8794.8814,13720.2301,5592.4544,2753.0513,8326.0147,6093.6719,1700.2093,10046.2909,6411.9199,6395.9335,3865.0314,13046.6223,1995.5888,12306.0809,9563.0285,0.0000,10360.1813,11346.1056,7685.7197,5272.4839,11460.6669,9519.8548,13377.2932,8075.8811,10573.4182,11435.1207,13782.0874,13211.2643,9473.5229,4324.8062,9600.4547,13823.1971,7887.1148,6740.5133,9138.4872,11691.8695,8089.9618,7864.8679,391457.5502,427474.9812,404571.0639,403123.0103,407844.8318,408798.6924,414588.6690,408502.9882,362269279.6011,362323616.2224,362275537.8736,362280831.9311,4471.1776,8664.6932,9744.2485,7883.0212,10214.8999,2212.3093,6435.3406,13545.9167,11119.8742,3664.7226,12243.4168,8281.2554,6763.2911,6172.3708,2029.2167,7159.6512,11377.7929,12232.3506,11609.3504,4854.5188,12805.9243,6695.9019,8144.9303,12799.8584,0.0000,11458.8742,4922.2149,12237.3495,3000.0646,11756.3476,5815.5750,11960.7549,8957.1773,12379.9311,13364.0359,11985.7240,12955.0803,13396.5352,10968.9307,2532.6378,11590.8643,7590.5694,8955.4123,4582.2463,11868.0257,10898.7482,2654.3975,394586.5065,430438.9323,407583.6538,406129.2628,410718.7883,411831.5304,417734.1168,411504.9224,362270449.8068,362324786.5052,362276708.4232,362282002.3357,8959.5811,9322.1255,4105.4017,7677.9333,6515.4408,5454.6571,12029.4972,7902.1936,6616.4511,13600.0940,5464.4694,3937.8226,5992.6102,2494.8660,3749.9158,10316.2136,9524.4511,8768.5769,2564.7423,13656.3444,3318.6219,10338.7095,11848.9065,0.0000,11655.3736,8725.5966,9817.8743,1564.4103,12422.0680,6914.7762,13073.3907,8961.8815,12229.2525,12616.1061,13558.1567,13817.1163,11679.8072,7684.9596,6351.3891,13413.8608,8028.8508,8131.7885,6138.8215,12598.3488,10059.9103,4351.7518,394285.6478,430239.6983,407357.1394,405905.0601,410576.1710,411593.3427,417426.3070,411283.7655,362271212.9966,362325549.6515,362277471.3851,362282765.3863,13638.9933,8015.4069,12668.0674,8699.0242,4111.8186,9922.5298,10727.7794,5904.3888,11458.0859,12051.9589,6293.0361,12447.3903,8496.0696,7112.1010,13691.3087,10018.3026,11614.8420,6783.8680,9802.5231,7115.5432,12637.1723,6848.9422,0.0000,4297.9453,9768.8394,12058.1835,8591.0146,5498.4066,12403.6004,12589.5796,698.6039,5840.3103,12697.3037,11018.5849,9979.3379,11483.9825,9781.0958,9985.0036,10740.0185,1343.5634,2195.6378,11757.3304,6078.0479,3541.1421,10501.9622,386806.3312,422702.8333,399750.8746,398341.6076,402930.0611,403977.6344,409887.2360,403712.3004,362262357.2926,362316693.9604,362268615.7669,362273909.7381,10292.4086,4780.8318,9982.9332,12536.5929,10287.5074,8349.0274,11875.6494,8952.5842,5454.3513,11463.2379,4533.4488,9634.4729,10975.4199,2627.5149,9531.5249,7272.6833,10945.8987,10589.6969,10915.0801,5664.9468,12468.6508,0.0000,13473.7037,9224.3851,6882.0019,9659.7549,13204.6060,4877.3421,6965.4739,13469.3874,13047.4034,6800.9119,9455.0791,10650.9266,8390.5402,9361.9062,8673.5957,9716.9339,13417.5983,13366.6207,6066.6426,12861.9828,13428.8791,7734.8014,392013.1078,427882.8952,405235.4797,403671.4986,408377.8243,409520.1308,415310.2699,409062.0360,362272838.1362,362327174.7997,362279097.1101,362284390.9816,7093.5967,9530.0798,4955.5410,9458.9396,5134.1081,8623.9689,13655.2443,5925.2817,2449.3613,8562.1627,6120.7874,1410.1176,10236.2015,6391.5315,6551.8083,3732.3779,12907.1180,1776.9783,12386.3494,9308.5871,0.0000,10047.7905,11316.6672,7815.0882,5322.9024,11181.1385,9702.1257,13383.5966,7716.3011,10291.7554,11473.7484,13697.9507,13073.7609,9476.9307,4371.1400,9634.2026,13730.1641,7546.9399,6356.6931,9297.1222,11430.2437,7736.2338,7988.8076,391194.8173,427210.7098,404300.6784,402855.9676,407573.5586,408527.2805,414321.3102,408235.4416,362268898.2018,362323234.8237,362275156.4703,362280450.5280,11270.1073,10877.9776,8603.9595,4177.3344,12185.2639,11444.5733,2613.9708,9033.3417,5961.0661,9170.9900,8216.7021,4066.2061,6140.3086,3328.7422,9199.2028,11861.9873,8325.3671,9638.7799,11014.7362,0.0000,12823.0466,11612.2946,3774.6962,8725.6706,13149.4130,7376.6424,10039.7994,12334.7330,12288.9208,7330.7259,11909.2077,11963.3573,6702.1357,5386.8232,10334.4828,12237.7697,12481.3613,11645.9481,8022.5238,12991.0814,11761.2924,8536.5409,391430.0789,427407.5194,404676.6303,403143.4509,407910.3889,408938.8016,414680.5004,408533.4147,362272257.8751,362326594.4974,362278516.5180,362283810.4976,7484.3664,13790.5787,12301.1804,3284.8073,11128.8305,9657.9808,8324.5564,6984.3388,4169.4616,8808.5531,11694.2487,13113.5211,12610.1283,6600.1349,11905.9217,8390.1264,7113.7868,12864.7317,0.0000,11114.0022,2956.3675,13014.3417,5119.8771,11111.3644,6066.8601,11035.1696,9070.9767,12099.6954,13277.5199,10765.9878,12042.9597,13750.5933,12182.6536,1796.6944,10259.1869,7751.1699,9485.2857,4954.8980,11158.4371,11153.5922,3889.6171,393824.8753,429627.7631,406796.9595,405335.8251,409891.7047,411052.3311,416982.8765,410710.6155,362269518.0804,362323854.7962,362275776.8369,362281070.7037,10949.2480,9210.0100,5069.5697,13209.6371,9596.3329,2643.0753,10326.1988,5488.0307,3677.4869,12911.0738,9469.4394,10383.9161,2961.7027,12186.1062,3513.3171,12394.3057,9007.1295,0.0000,7795.8773,9542.5046,11255.7584,5276.3382,8987.8688,10685.0803,13651.9455,4173.3620,8876.7178,13281.2003,12928.9629,12367.5728,11817.8980,8288.2671,8500.3099,12694.0163,3137.7380,3248.0325,9868.4383,9427.9454,5907.4515,8124.1154,390323.5515,426267.7425,403305.0260,401896.1143,406522.7103,407526.4182,413402.5030,407268.3643,362265914.1793,362320250.8356,362272172.4975,362277466.5120,6342.3845,13087.9176,8806.6667,10218.6754,10452.2663,12394.4980,12916.5108,10131.2647,8429.2623,4071.0984,6000.3549,11598.1696,6933.7479,10472.3462,12495.7347,3986.8614,0.0000,7371.1724,13545.0937,5316.7436,12669.4341,7607.4553,12897.4160,9104.3659,9334.1059,5870.5114,5218.3885,9157.5256,7024.7397,2619.7662,6233.4901,13825.1289,9689.5568,10688.4854,9161.9563,13261.8911,7405.6896,7167.4820,13389.1978,383181.5650,419147.3609,396368.7179,394860.3367,399594.9400,400624.1359,406399.0313,400246.8058,362263871.6271,362318208.2410,362270130.3329,362275424.3075,12082.5753,12185.4652,5225.8363,7288.1678,9011.7941,9753.4905,6422.7969,7070.3616,2573.7789,1689.8717,8370.8854,11487.1970,6774.1080,12189.5087,8342.0636,0.0000,10716.0681,13053.9014,3081.2171,9134.0973,11482.1991,10299.8474,11514.7794,10233.5612,10077.9303,7864.7280,12540.6862,11614.0133,5375.6709,1383.0751,11940.9033,12885.5163,10785.0213,9219.8015,10565.7225,11482.5416,9000.6600,10336.8570,388823.4499,424853.9646,402041.9680,400544.6539,405323.4535,406285.6599,412021.6478,405931.4932,362269098.0183,362323434.6186,362275356.4620,362280650.5039,11722.7329,10697.8248,6781.6332,9221.7843,4632.7692,7577.4358,13056.4607,12495.2892,12721.1000,5412.0551,11634.2639,7201.4320,9563.2891,11317.2367,0.0000,9077.6929,5339.3809,13244.6161,5330.6167,9409.4832,8709.3834,12174.1684,6390.5773,10379.3381,13805.0797,11255.1811,11794.1894,13630.8069,11603.0146,4943.9939,10746.6701,4811.4142,6890.7742,7663.5545,9652.6451,8878.0710,6142.6429,391976.7073,427808.0733,404907.9456,403479.6923,408030.4249,409148.3165,415086.9870,408850.8575,362266895.5979,362321232.3025,362273154.2047,362278448.1133,12382.6911,13732.2860,11312.6414,12952.4775,13798.8693,8692.8255,11345.2485,11388.4376,13572.8006,3146.7162,13806.0521,7086.9722,9313.9810,0.0000,9143.7517,9054.8034,10476.2670,13335.0743,7793.9417,10516.8379,2413.1086,11343.1512,8580.2036,6323.2923,889.2971,3095.8971,8776.1118,12475.4377,10992.3573,1693.0325,11917.8719,12289.2165,11015.9963,7128.2388,11138.7618,12057.0343,385007.9754,420764.9567,398110.3526,396562.5801,401162.8051,402401.5119,408286.0287,401947.1469,362264797.8968,362319134.5934,362271057.1518,362276350.9335,7643.2183,4375.5033,7058.5970,6856.6963,5906.1271,7474.2066,5163.7970,7407.6528,12887.8530,6831.9428,9365.8432,11872.4092,0.0000,13066.3857,10512.4702,6002.7460,6549.0939,13517.2016,6062.7849,11091.5535,11822.8509,12888.2143,9360.8517,12700.3385,13009.4419,8744.4263,6025.4051,8685.8721,12864.2559,11598.6349,11054.1057,6397.1789,13449.7000,11794.5094,6500.3208,393370.6119,429343.4558,406574.2593,405061.2829,409804.4099,410829.9908,416594.3477,410448.6068,362273094.6602,362327431.2934,362279353.2220,362284647.2080,9236.9634,5164.8517,1067.1897,11709.5052,8075.8999,8612.7980,2056.6092,12881.5956,945.2926,12448.4499,9384.4483,0.0000,9200.9407,10415.4964,9713.6686,4528.7162,10405.1326,10026.9589,13773.8973,6141.5170,9864.0879,12644.3357,13616.0212,13058.5544,10891.7976,6414.9164,8846.1735,13508.7466,5575.4010,4824.1787,9349.8630,10755.4799,6938.8779,7668.7131,391235.3169,427222.0935,404277.5886,402854.2110,407528.4685,408499.6632,414333.1885,408229.8640,362267754.3878,362322091.0259,362274012.6484,362279306.6922,5978.0321,8878.6458,6671.8913,10741.0519,8732.2432,8080.2269,12664.1261,8627.3961,6077.3852,13523.8816,0.0000,13716.3687,7344.7535,9093.7336,6059.7882,13766.9558,1832.4512,9875.7249,12436.6908,13847.1184,10401.0613,11500.5401,12771.6954,11065.3918,9651.7810,5471.0734,11456.0031,11799.5848,12174.7010,2384.6471,13619.7855,13187.7708,3678.2692,395058.0172,430937.8243,408207.4684,406684.9134,411358.7570,412476.8259,418299.5710,412070.6398,362273939.0302,362328275.7058,362280197.8092,362285491.7097,5429.7437,11017.3786,11070.1769,10433.0366,3206.0731,13244.6090,4943.9391,9220.2953,12328.6963,0.0000,11425.4822,6694.2237,11259.0225,972.7222,11976.9971,6233.2142,12581.4104,8677.1997,12241.5601,13149.7737,12782.0543,13402.6941,12720.4994,9541.3679,4249.9721,12493.7316,7415.8683,8283.6273,5133.1145,12138.6815,10346.5860,2963.9166,394570.0852,430470.1556,407594.4085,406145.0237,410768.9626,411835.4750,417709.2078,411521.6249,362270756.0994,362325092.7786,362277014.5946,362282308.5506,11123.6134,7430.0222,7791.7017,2588.9051,13007.5961,527.3300,12442.1123,9454.1115,0.0000,9669.7670,10807.5214,8972.1419,4681.1019,10850.9678,9836.4813,13691.6308,6895.9131,10157.5286,12238.5165,13751.0719,13180.7672,10383.1646,5594.0555,9133.7086,13700.8893,6492.6200,5536.8300,9259.5084,11159.3243,7357.1053,7700.7623,391377.4451,427378.5450,404446.9159,403015.1701,407708.7449,408670.4604,414486.4795,408392.4247,362268372.5393,362322709.1702,362274630.7944,362279924.8463,7887.5645,5654.7397,11650.8125,9840.7538,11187.7838,7575.8866,11233.6406,0.0000,12908.1196,10983.5091,4863.7421,10901.2801,12685.7589,7259.4878,6817.4344,13398.4605,12159.2928,4752.4594,9334.5820,9891.5651,6213.0283,8204.2757,10628.2177,9790.7653,13691.6878,13209.0856,8313.4658,12315.9376,12801.6502,9649.2781,389939.2628,425841.4861,403196.9590,401627.7825,406366.7489,407479.8397,413241.6007,407019.9350,362271574.1614,362325910.8049,362277833.1067,362283127.0033,2997.5050,9417.7491,10082.5881,7839.6923,12823.7376,6216.7783,0.0000,9148.6054,13602.3399,3390.4343,10558.0061,9916.5047,11753.5470,11075.7082,9430.7010,8220.9468,7043.9372,11685.1675,10204.7618,3859.1522,2342.0390,12987.4312,12094.1628,10393.3692,8575.8122,12017.5622,9909.1698,7608.3557,11816.6413,386298.6673,422323.2221,399505.3635,398011.4137,402782.3185,403748.7199,409492.6442,403397.6507,362266677.0551,362321013.6531,362272935.5382,362278229.5741,9475.9192,10943.3799,8089.5932,11519.4913,8663.9760,0.0000,11176.8217,13012.4460,1498.8315,9907.6904,11708.1597,9958.3789,10498.8296,11133.1373,10373.0405,6550.1560,11842.5904,11051.5142,4392.5125,2968.7810,12083.9801,12262.9741,11723.1714,10318.3967,10428.4654,11603.2588,9865.6628,10566.7708,388583.4783,424596.1861,401828.0215,400310.0091,405093.1620,406080.9859,411810.9703,405699.0081,362269523.9544,362323860.5579,362275782.5086,362281076.5245,13130.9538,2087.4694,11359.3035,10613.7463,0.0000,9985.5711,8961.7486,10503.2110,2633.2946,10961.1628,8703.6292,13497.5130,6819.9264,10796.9970,13067.8618,13412.1064,13304.7549,11817.0891,7754.3240,7103.6429,13214.0592,5782.5040,5905.9644,7846.7645,11261.7698,8192.1317,5937.8645,392713.1563,428666.9825,405738.3525,404310.4324,408960.6368,409965.7328,415819.3125,409685.7365,362268861.9048,362323198.5599,362275120.2331,362280414.2467,13101.6983,9485.2773,6685.3363,0.0000,6645.3353,10388.6950,10105.4491,13511.2152,5252.0775,12153.7655,5123.9916,9578.9364,5807.2836,6455.5218,3060.5656,182.3465,7786.7716,11492.1977,12128.0767,3510.0022,10562.7559,10565.2888,12471.1164,4541.9971,8883.7477,13038.1696,382931.3412,418731.8104,396016.2362,394494.2330,399105.2243,400294.2088,406173.6240,399877.0799,362262416.7338,362316753.4130,362268675.8425,362273969.6711,12223.6594,9763.0056,0.0000,9821.3764,10467.6070,9253.2824,4191.5807,10963.3106,9549.3104,13683.2939,6948.6240,10371.6525,12420.3721,13741.0117,13275.1306,10689.4076,6008.6806,8723.4407,13663.6548,6409.7066,5659.9956,8919.7535,11268.5379,7599.9025,7288.4681,391763.0556,427756.4203,404825.5024,403394.2627,408080.7570,409049.7274,414871.8471,408771.2249,362268603.2471,362322939.8823,362274861.5122,362280155.5578,13252.5501,0.0000,12711.3801,4950.3397,11160.6839,9786.7978,11982.9471,4563.4590,5762.9044,12726.8291,12805.4012,9371.4869,7148.7500,9536.7597,11540.8202,12735.9181,5992.9471,6937.5853,12319.0219,13273.2174,5178.1947,11602.8965,13587.6781,6990.5023,392094.6185,427847.8471,405194.5177,403647.2972,408242.7452,409485.5398,415372.4313,409031.6958,362270955.0775,362325291.7934,362277214.2494,362282508.0300,0.0000,3775.5058,12885.2199,8469.9944,12184.5202,4517.6184,13785.3723,10414.3023,6237.2222,2338.9712,8324.0713,9287.2205,6822.7814,6417.5612,7637.1975,13416.2226,9547.9359,7913.4391,6391.2889,13794.4449,4625.4587,3794.1790,13432.8402,382471.4931,418416.6743,395558.0987,394093.3198,398770.6047,399800.4305,405629.8078,399473.4119,362261301.8736,362315638.5026,362267560.4936,362272854.4715,0.0000,0.0000,0.0000,0.0000,0.0000,0.0000,0.0000,0.0000,0.0000,0.0000,0.0000,0.0000,0.0000,0.0000,0.0000,0.0000,0.0000,0.0000,0.0000,0.0000,0.0000,0.0000,0.0000,0.0000,0.0000,0.0000,0.0000,0.0000,0.0000,0.0000,0.0000,0.0000,0.0000,0.0000,11137.9721,11128.1796,11518.8493,1773.2499,13595.1782,10720.6049,3930.8481,1808.2976,10483.0293,8763.8002,6803.5075,9443.0217,9935.1765,12080.8061,8690.0329,5541.0519,5066.8509,13330.7529,2413.7229,3083.7734,12726.9092,383230.9379,419113.8840,396222.6804,394782.4070,399386.7372,400462.6806,406356.8581,400157.0719,362260330.7210,362314667.3814,362266589.3820,362271883.3215,13081.4064,7563.0658,10671.4702,5906.8949,8955.6772,10098.1254,11923.6973,12213.1363,8659.3170,10495.5126,13395.5834,13113.4661,2984.9974,8083.4788,9143.0307,10839.4589,5277.0703,10540.5145,11890.4092,5483.4938,392657.4712,428409.0991,405642.7708,404154.2969,408694.0793,409913.1612,415854.3901,409530.8959,362269049.8523,362323386.5814,362275308.8262,362280602.6352,10830.8730,11463.0604,10149.4361,9523.8619,11571.6274,10153.8786,5193.3216,11005.6726,10195.7350,3241.5338,4186.9261,12447.8686,11502.6398,12271.5583,10944.3566,10752.4667,11272.6879,10188.5437,11147.0333,387720.5097,423714.6398,400977.8207,399445.6145,404226.6338,405237.8567,410968.2944,404835.8806,362269130.2067,362323466.8134,362275388.8602,362280682.8525,12178.5057,6586.6651,12920.3000,8710.6227,12267.5579,13091.4707,13207.2686,13671.8840,12441.6771,8895.8450,5128.9362,12969.5695,7539.4596,8126.9160,5588.1814,12358.1228,10203.4648,3497.9921,394541.5448,430464.0105,407580.2909,406132.4643,410773.4974,411818.3860,417677.6119,411509.5846,362270914.8529,362325251.5228,362277173.2936,362282467.2698,13452.6931,9605.3930,5273.4935,2250.3869,9997.9702,7344.6822,5398.2505,9536.4077,10874.1668,12012.3921,7247.2225,6613.8464,6578.6794,13273.8911,727.1179,4788.4290,12922.2104,382838.4316,418684.6503,395830.2840,394375.0179,398962.6451,400079.6385,405986.6366,399750.5035,362260187.2976,362314523.9697,362266446.0924,362271739.9929,9134.6726,12466.8876,13819.2301,10617.8178,10630.3449,12252.6269,11708.3106,10873.1004,4403.2580,10492.6631,11755.6661,12454.9334,1332.4862,13265.4914,13439.5256,3510.5378,394934.9631,430772.2479,408056.9584,406531.5982,411173.2784,412331.7946,418181.7407,411916.2560,362273476.8165,362327813.5092,362279735.7000,362285029.5624,12455.2505,10103.0638,5379.4532,3129.8345,5093.4149,8366.5267,12052.2771,10514.0965,3657.9224,12879.8016,13160.8366,9872.7586,8990.0682,12246.8339,11257.5334,386620.9617,422389.7619,399769.1175,398202.7330,402830.0658,404065.3747,409923.9225,403590.0747,362267086.6966,362321423.3885,362273345.9652,362278639.7485,5370.1619,12297.0338,10944.1898,9756.7246,10949.6352,9259.4324,10272.9973,10717.4874,1847.9248,1751.4380,11875.1358,5858.3660,2857.2717,10666.0518,386461.4735,422369.8362,399420.8448,398008.5151,402609.2686,403647.5388,409546.4648,403380.0561,362262307.4713,362316644.1330,362268565.9358,362273859.9149,9255.8194,8342.3780,5953.2168,8104.6734,9390.6437,12860.1522,8442.6956,7030.5629,6154.2566,13721.1056,2473.9056,3682.2197,13331.7530,382336.9890,418234.2233,395370.8869,393914.1171,398544.6270,399615.5114,405485.9345,399291.5697,362260354.5018,362314691.1517,362266613.2005,362271907.1422,7063.9345,6468.7659,3531.3279,8578.1900,12745.1473,7778.5417,13158.8094,12408.3423,11427.9711,9509.3127,11030.6558,12434.0717,385264.4804,421155.6617,398502.3414,396938.3157,401663.6574,402784.9626,408560.3987,402329.4861,362267117.2950,362321453.9336,362273376.3107,362278670.1974,3025.8937,9314.6214,12751.5205,10747.9264,849.7711,11478.4472,11988.2021,11033.1489,6687.1834,10895.4151,11974.2865,385002.6606,420750.0695,398081.5774,396542.1271,401126.8684,402370.7983,408269.5177,401925.2706,362264359.1737,362318695.8757,362270618.4222,362275912.2000,7856.4173,11630.8899,12254.1958,3497.7303,10741.0543,10745.6166,12582.3922,4685.0560,9053.5473,13172.1440,382837.5314,418635.4532,395923.9961,394400.1710,399010.8394,400202.8673,406082.3438,399783.1616,362262379.5267,362316716.2064,362268638.6478,362273932.4734,5850.0155,13444.6305,9920.5396,12024.0730,10665.9321,12285.0823,9252.6715,9146.8311,12728.2173,384758.7722,420724.5750,397995.0826,396461.7306,401220.0288,402258.9765,408009.9048,401851.3502,362266254.3347,362320590.9470,362272513.0971,362277807.0615,12018.4681,13050.6245,9871.7084,8128.2823,10989.5607,10954.0579,7950.8798,10506.6264,388388.2882,424425.8278,401580.5274,400099.6324,404869.2416,405817.6542,411563.4900,405484.5222,362268132.9483,362322469.5478,362274391.3290,362279685.3848,10314.4695,9097.3524,10553.9082,3268.1867,11980.8036,12074.0760,2688.3727,394619.5107,430425.4410,407629.8413,406149.9210,410724.6524,411891.7448,417804.0966,411527.4270,362271005.6193,362325342.3328,362277264.4230,362282558.2822,11154.2838,11834.6878,10815.5946,6619.6245,10879.9450,11700.7253,385360.3127,421096.6621,398418.8762,396885.6477,401455.7534,402706.9851,408618.7704,402267.5664,362264306.5120,362318643.2205,362270565.7589,362275859.5309,2520.1042,11001.3772,7137.9350,4618.4259,9576.0359,388131.2297,424026.0418,401069.5545,399663.0447,404247.5608,405295.3812,411208.2419,405033.2844,362263378.6340,362317715.3060,362269637.0830,362274931.0554,11860.3475,7130.9356,2823.6909,10510.1753,387076.4546,423023.0983,400059.0673,398650.2620,403279.4788,404280.2965,410154.9472,404022.5527,362263115.9234,362317452.5710,362269374.2835,362274668.2977,13148.3200,13085.4016,2278.9093,395281.3832,431119.5710,408374.1853,406864.2605,411492.1438,412643.5135,418507.0633,412246.9483,362273160.1941,362327496.8904,362279419.0201,362284712.8911,5330.8502,12921.8769,382750.7644,418588.6326,395753.2523,394289.0170,398877.7761,400006.7556,405911.8733,399665.4521,362260375.2836,362314711.9575,362266634.1272,362271928.0159,12136.1111,384542.5771,420490.0054,397555.1961,396130.5115,400774.2908,401782.4332,407643.8774,401505.0972,362261550.0526,362315886.6917,362267808.5030,362273102.5065,395464.1830,431327.1638,408522.9989,407040.6263,411663.3816,412779.9370,418651.0294,412420.5073,362272469.2600,362326805.9515,362278727.9371,362284021.8436,37161.0626,16677.2340,13795.9826,22359.3988,20778.5560,24253.2076,18778.1236,361930680.1961,361985015.8648,361936944.2496,361942238.0069,25230.7431,24968.1925,21944.8421,22750.4334,18996.8754,19928.7242,361898507.4789,361952843.1494,361904772.6570,361910066.1776,5261.8449,8609.6634,4843.6855,12625.7751,5949.3436,361914340.7320,361968676.4330,361920604.8875,361925898.5930,9225.1382,9232.8507,14534.7666,5422.4294,361917783.3819,361972119.0881,361924047.7985,361929341.4445,9866.2754,16872.6232,7593.9311,361910944.7447,361965280.5125,361917209.4635,361922502.9883,9225.1382,6748.5839,361909961.2231,361964296.9036,361916225.2694,361921519.0171,10778.8195,361907577.0508,361961912.6540,361913840.9987,361919134.8399,361912761.7454,361967097.4414,361919026.2204,361924319.8639,54455.1763,28174.2230,22954.8580,54380.1730,46528.2463,9818.3543,
50400.000,8139.1999,8618.9061,13211.5784,12322.8512,12547.8329,12747.7007,12417.2496,8027.8993,13164.1259,12318.8666,12200.3748,13171.5252,4996.7747,5057.3988,9477.1131,13282.0749,9732.9685,11553.5464,8470.4073,4440.7029,7835.7798,11506.6408,8660.5885,12497.9892,12824.5472,8439.8407,5700.8872,5770.3723,11372.1625,10625.1734,9531.4493,11257.8654,1876.0018,9636.4908,9410.9981,5474.6525,12452.4385,12461.8161,12954.4003,12790.2736,11325.1620,11226.5235,1628.8748,6428.9763,11153.0977,11257.0121,11964.4672,11786.4116,8756.7734,9461.1585,4899.1343,11287.5680,11992.7100,10007.1318,8411.4607,8298.2311,3266.3340,13007.0972,12711.6280,5935.5206,2369.5996,13695.9638,11831.0836,9645.3401,7250.3178,10127.8865,12250.0536,9992.2389,3093.9083,3351.0996,5525.3800,8131.0624,11797.6343,10699.5906,13456.7643,9048.2147,0.0000,11641.4906,12512.0907,5872.5108,9434.7124,9867.2923,9821.2143,8259.2132,10011.6203,10691.1985,8309.1708,10513.6530,11430.2103,3544.1528,441.5230,12273.7618,11457.8752,9891.4943,11372.6564,10695.3726,12059.9613,11201.1157,12042.0452,393450.4352,429880.7725,405306.3339,407804.6306,408182.2390,409590.4086,416818.7844,411653.4983,362276991.3381,362326841.2114,362273173.3715,362276816.2799,8038.8786,9813.5108,12354.0026,7116.9139,12731.4886,6693.3311,8103.7115,8283.2511,11567.8329,7196.9654,8153.4354,7768.5007,5560.9928,6540.2027,8710.0808,13634.8717,10990.7949,13269.2550,7240.9129,5418.7833,11795.3249,2790.1015,6549.7130,7237.6141,8504.6491,10634.6394,10148.9550,5638.6020,12639.7017,4833.6079,12741.0993,8363.5291,6620.0976,7832.5281,8363.1292,13293.3870,8250.1775,7579.3433,10978.1838,13349.4981,12049.8098,9326.0510,6346.4237,13080.7647,12470.5014,6497.8220,9900.4260,798.7186,8740.5471,11413.3606,13381.5183,13536.4295,11645.8149,7944.6757,13096.9423,10521.6262,12646.2733,13120.3342,6627.0175,9181.1821,12352.8420,5502.1666,11981.7593,12483.6342,11409.4078,13095.0773,13695.6762,9052.9144,6345.8301,9706.0119,12824.6369,6016.8621,13791.4189,12620.2983,8003.3936,0.0000,6003.9340,12546.6129,8814.0714,13329.4124,8119.0271,11642.3136,1589.3016,12122.7089,5061.5867,5267.3955,3320.2062,5353.1302,7022.1164,8453.9855,12716.2021,4775.2271,11917.6122,12411.0930,12053.7949,6039.8805,7190.9938,12233.0249,394324.8028,430924.1781,406305.5088,408762.3159,409355.5013,410631.5534,417714.2010,412617.0004,362280373.1124,362330222.8690,362276554.8820,362280197.9350,7720.7738,8030.9356,10953.6968,8813.2415,8200.4714,778.6270,8960.6894,6633.2832,11687.8165,9459.3931,4078.6025,10526.2409,12365.6910,8905.9955,10726.9329,13765.1854,9906.6233,11129.0930,2939.7235,6054.0740,5732.4311,9463.0202,9598.2880,702.3516,6108.8361,5145.9552,6388.6406,7193.4929,11284.4073,13540.6308,7194.6646,12396.1922,1188.6283,12004.7497,9753.0496,12275.8318,9914.5901,13267.9046,12971.0549,13780.3209,9131.2969,3067.2488,8118.1144,6929.3853,11339.4468,13521.8614,8044.1194,1283.2341,10666.6607,12939.3803,9786.9448,13740.8459,209.6592,9902.0544,9109.9897,9042.0417,12753.4067,11575.2038,7384.5992,10809.1616,8077.1749,5781.5727,11819.4369,4766.6364,9128.2895,11225.1087,6557.1875,9946.5442,4830.3706,11911.4543,7275.7907,11231.6848,10073.1433,13014.2967,0.0000,11204.7587,8342.0877,3644.5927,12321.2531,13132.6836,5130.0740,6706.0336,13418.7141,11218.3800,3164.8383,9292.5990,6938.9557,10506.7150,8755.4162,8108.5760,9681.7577,13657.7648,13672.9026,5956.1189,10084.2824,12481.4107,7131.5594,389971.8258,426577.3372,401857.3523,404362.2392,404876.3331,406151.5977,413235.4268,408189.1113,362273340.5126,362323190.2391,362269522.0538,362273165.1138,5204.2158,6707.4920,5380.7247,4185.0797,8333.3885,3033.1026,4160.6840,7925.1542,3719.7815,10718.4387,12799.6486,11277.6880,2523.3799,10904.9102,10756.0683,11498.3308,13470.2640,8421.8460,5672.7425,8308.8374,5324.3898,4785.9955,7977.7027,11025.9479,10917.8160,5014.9407,7790.2206,10335.5794,11141.4090,12587.9985,11161.9054,6777.9756,13594.0460,6871.7463,8155.1093,4824.9585,8881.5275,10747.0847,11243.9546,13338.9363,9708.7402,7786.4842,6802.6108,7950.9579,10227.6098,9270.3032,6828.9056,13424.8385,10773.2019,7765.7508,12233.6374,7815.0048,11459.3182,13189.2898,5002.3343,8916.1169,13072.9664,12633.6798,5110.1103,5368.7559,8319.4625,13048.2162,7266.3116,6614.8693,10970.3166,12207.4943,13180.5880,10886.1298,12554.0356,4493.4743,10308.0212,4984.2120,12162.1070,0.0000,8230.1543,5300.8372,10354.0021,12023.3294,11624.9121,7830.4388,9105.9817,11945.6587,9363.7087,8136.7053,8188.7967,5255.3210,13419.7761,13246.8081,5842.8492,7252.7172,12299.1318,11069.8401,7091.8915,6514.1443,9849.6657,5424.6167,385030.2318,421698.3250,397020.0325,399480.0521,400128.8064,401349.7359,408375.2194,403325.3100,362271896.0627,362321745.7618,362268077.7686,362271720.9053,10222.3883,861.9311,8746.0710,8326.4278,7659.8540,2069.9294,10904.3193,8103.6927,10145.6249,13474.8380,12887.1796,7171.1055,6778.4002,10730.3475,7504.9337,13464.3032,9898.6997,2485.2666,10973.8082,9555.4729,9064.9676,7825.0875,8502.7257,8867.7538,9046.4187,3323.0285,12606.6737,9381.3962,11520.7613,12805.0315,7714.1603,13293.4876,2354.1805,10661.3352,8964.0661,9509.7743,8154.5757,10188.3244,11852.5393,10236.8038,2900.2085,2434.0873,11131.4801,11126.2507,12088.2563,6987.6900,10973.1349,8123.7415,3006.0915,11107.0131,8076.6632,7552.9599,11030.7434,1318.4065,7004.9336,13588.1284,11125.1780,4337.1795,9644.2942,4774.6555,10222.0471,4498.8002,1726.1412,7001.7101,10765.6299,13326.6763,9125.7474,9520.7274,8824.6225,6249.7881,2927.9484,12971.2867,0.0000,11387.9715,320.3972,9266.7271,8842.8473,12684.5621,4711.4758,11687.2181,10309.1197,12199.6316,9916.5728,11626.8141,9371.2591,13353.1140,12197.4530,676.1205,10996.3811,10900.5737,9706.6187,3444.3845,10301.2514,12029.4612,1276.4561,382614.5510,419191.0005,394531.1148,397016.7213,397541.0210,398836.3620,405945.2820,400858.0043,362268249.7353,362318099.4981,362264431.6085,362268074.6707,10149.7630,3925.6647,11335.0562,3926.1425,9989.0066,1514.5266,3202.2372,12224.5419,9608.8810,6019.2407,4377.3681,12875.1784,7391.6345,13554.4631,10618.2612,9803.4654,11048.6267,7679.6605,2251.8968,2325.2911,11341.4913,13283.5117,13298.7017,5803.1634,12194.4873,5010.8010,9869.9493,12841.0080,5846.2281,10242.5590,10582.6182,10717.8096,2443.6959,2088.4202,5870.3596,10679.3595,9020.7199,12957.4183,11113.2766,12076.9769,11696.1845,1478.4514,5833.7908,6502.8836,10786.4513,13312.1374,10762.7190,11415.4953,9729.5771,10942.3437,13383.8142,13513.1818,9741.7146,9162.3358,9452.9454,13197.6750,7869.3153,3985.0636,12611.8486,12910.6758,12007.8000,10839.3533,12622.3046,13150.7598,10837.4338,13124.1129,12662.5812,4735.3326,12217.4790,8849.9572,7495.3737,0.0000,1951.2965,10253.7876,12600.0645,12306.0767,6661.3040,12343.3473,7557.2419,10182.7092,3560.5597,9498.5454,4077.7351,5241.7865,10962.5455,12649.3165,10809.5790,2685.9177,10127.5475,9328.1915,11953.2096,1359.7368,3935.8083,10771.4937,388705.9600,425334.7644,400759.3582,403182.4454,403865.7543,405110.2450,412159.2276,407051.6112,362277547.3239,362327397.0700,362273729.2841,362277372.3906,8941.2695,9106.5735,7706.9057,2791.0039,10788.2677,8100.0763,10825.3591,13718.2666,12858.9958,7202.7748,6707.4159,10350.5888,7650.8456,13668.0416,10568.2030,3344.0117,11480.8993,9632.7191,9097.3729,8621.4286,9086.6022,9528.5037,9447.1220,3884.4137,12669.8418,8942.4836,12043.0273,12765.7579,8476.4495,13396.6595,1800.6721,10449.1090,8946.5888,9056.4365,7697.9152,9778.6822,12226.5147,10932.0522,3248.7086,3141.8103,11077.0054,10803.1183,12448.6968,7791.0595,11165.2098,7672.4028,2693.3901,10810.7245,8854.2527,7689.6118,11396.4500,629.3271,6381.1849,13734.0603,11634.7962,3684.7555,9889.0396,5485.8798,10214.6800,5324.5685,1405.8150,6840.6866,11329.7548,13638.4304,9797.8357,9441.8087,9123.2240,5994.8920,2217.7674,12889.9194,0.0000,11368.4264,552.9640,9983.9834,8634.1103,12557.4034,5493.6282,12146.5047,9992.8898,12238.9504,10574.6084,11837.9554,9725.6267,13617.3363,12608.6462,1209.7018,11128.9231,10605.9316,9268.4256,4225.9778,10341.2478,11909.6586,2118.8623,382055.0039,418627.2194,393979.1835,396460.4371,396988.9836,398287.0382,405399.1356,400304.6377,362268049.6524,362317899.4210,362264231.5730,362267874.6345,8759.6376,1949.0600,7766.1924,5310.1583,2107.0481,10540.6177,10682.3554,8798.6414,2438.3788,12926.5964,10274.3158,13304.6015,11818.5445,7357.3009,8890.0707,5750.0081,1743.3359,1807.8199,8692.4002,12053.4036,11764.4923,2357.8572,10686.2183,7341.2113,11840.8868,12145.8616,8691.9373,7244.6875,12185.2002,10065.9895,6166.8542,2297.6512,8673.4195,12082.2708,11408.0046,12964.7425,9023.8683,10826.0724,9952.3715,4957.1226,9109.8772,5984.3295,7897.5046,13749.1533,12132.7056,10810.0855,12071.2179,8248.1221,13194.4115,13374.9547,8597.2911,10527.5197,11061.7356,12518.4625,7851.3030,1337.8155,10781.9228,13754.7404,9780.0638,9905.5394,12910.7250,12186.3059,11466.9763,11544.4636,13520.7236,1148.8040,12469.9081,8267.9571,10246.9455,0.0000,5073.6863,8867.8046,10738.0636,13271.8100,9678.7674,10287.0367,6262.2904,12215.7914,6109.5056,6931.3040,4414.9724,2012.9231,11830.2883,12563.1820,9343.8155,3421.2031,12316.7406,11523.2634,9974.1839,3067.7085,7372.3317,8910.5806,388624.9101,425303.7059,400649.4580,403093.3716,403780.3316,404990.6160,412002.5293,406946.0736,362276076.6301,362325926.3264,362272258.3300,362275901.4704,9525.9237,7063.2979,11987.1399,9992.7093,3362.5462,10238.1928,12373.5835,9478.9624,10511.8531,13809.2695,9568.7534,10765.9550,3021.0407,6340.3074,5945.9743,9942.9901,10097.5133,636.2074,5510.0451,4476.0501,6962.2791,7200.6445,11363.6711,13494.6976,6532.5735,12416.4501,1956.0135,11670.8934,9926.2413,12551.9145,10401.9609,13457.5223,12917.0122,13753.8064,8535.1730,2636.1827,8155.2820,7067.1622,11642.6114,13630.2326,8183.7610,1880.9279,10161.2728,12880.3982,9875.6643,13618.3020,610.3956,9563.2860,8506.0341,9369.5909,12866.8651,11314.8342,6710.0237,11163.1287,8584.3299,5674.0992,11441.4960,4836.7091,9309.0739,11033.4485,5856.4178,9541.6215,4126.0857,11591.0676,7837.9690,11113.5513,10416.5346,12935.3269,0.0000,11487.3275,8635.8101,2889.9732,12088.5182,13118.3886,5095.7343,6825.3560,13287.5741,11409.5104,3369.6948,9575.9116,7479.5688,10100.7532,8161.1647,8357.7955,10043.4563,13516.2506,13649.0462,6052.4639,10481.2720,12636.3913,7425.6089,390283.9440,426873.5832,402159.2368,404667.3209,405162.1786,406450.0161,413547.5857,408494.0903,362273418.5524,362323268.2902,362269600.1159,362273243.1613,6939.7745,5322.6990,774.5880,11405.4923,11601.1991,9261.2069,595.6001,12204.6073,9588.1057,12841.6829,12518.8819,8645.2585,8276.9656,7425.6001,2469.9690,1824.8787,9350.8959,12290.7235,12170.7672,4021.6805,10054.1258,8139.7174,10943.4237,12896.9926,9122.8485,8014.6848,12644.5512,8829.9004,5796.2306,1880.2400,7644.1333,11080.2790,10621.1672,13489.7442,10150.5535,10015.9182,9253.8015,5271.5125,8576.7677,7620.5031,8425.1820,13809.5913,11135.4897,9691.3404,11555.2686,9016.8209,12742.0882,13693.7497,7273.3778,9213.1727,11772.6865,13127.4673,6180.6280,3224.8714,10489.2794,13460.0554,9561.1474,8753.9610,12128.5839,12829.3321,12366.4779,12043.0780,13069.2935,2919.2588,11552.6342,6723.0889,10481.1301,0.0000,5579.5103,7724.8196,11413.0232,12602.0363,9805.9083,10056.8604,7934.2014,11587.8029,6894.1328,8278.7235,5886.8023,3844.9847,12609.6956,13249.9537,8305.5721,4654.5277,11774.1772,10650.3324,9500.3140,3722.6935,7538.1998,8042.2435,386745.0925,423417.4301,398773.3050,401214.4849,401901.3414,403115.8249,410133.0647,405069.3956,362274607.3921,362324457.0955,362270789.1594,362274432.3007,10880.1701,7525.4318,9426.8136,13457.1103,13100.4324,6469.8885,8347.5011,11795.4290,8719.5399,13687.1161,8608.4425,1689.4430,9820.7076,8890.2750,8460.9941,6519.5331,8518.7950,8567.3723,7725.5253,4037.3527,12501.6406,10899.4988,11340.6035,13026.4712,6143.0031,13762.8921,4412.6605,10886.3725,8475.0736,10465.2214,9858.0313,11524.5427,12093.8061,9164.0608,4168.5181,2875.6894,10966.6354,11903.7949,11260.7390,5466.9285,11774.0098,9833.9642,4984.5160,12339.4507,6720.3021,8767.2007,11440.6467,2935.0840,8665.3544,13788.1923,11078.2647,5488.0853,8640.7441,4732.7956,11428.9585,3796.7230,3764.0122,8654.8737,10573.7228,13307.1638,8724.4335,10875.7168,7678.6406,8030.6433,4288.4347,13465.3783,0.0000,11177.5214,2333.6834,8562.0423,10400.0537,13181.8713,4306.5158,10691.4203,11674.5759,11984.2375,8566.1845,10937.3442,8153.5179,13477.6474,12260.2659,2397.9742,10369.7365,12191.3076,11137.6680,3252.2402,9822.3338,12228.1401,1474.1180,383697.7679,420311.5174,395618.3566,398106.5000,398658.1182,399924.8649,407001.8296,401942.2092,362268978.4561,362318828.1867,362265160.1857,362268803.2745,4608.9163,12488.8392,8879.5983,4753.1207,5726.2844,12758.3419,6345.5155,13460.5224,9806.8560,10422.7277,11820.2405,8242.1721,3668.5420,3805.0637,12035.3996,13424.4801,13532.3324,6966.2506,12683.1421,4066.8286,9168.1730,12707.9720,4559.3375,11093.0608,9632.0265,11126.6112,1348.6954,3554.4217,5181.9549,10209.9945,8142.7532,12568.2837,11553.9311,12522.5078,12311.4533,841.1298,4633.3840,6691.6799,11609.0385,12821.5934,10300.8818,11737.6375,8733.5649,11652.1507,13266.9027,13198.7658,10406.1841,8922.8488,8519.1895,13064.3980,8384.5357,5198.9062,13125.2769,12352.2192,12677.6591,11318.2343,12439.4848,13127.8457,10235.7252,13366.0551,12148.8532,5997.2740,12107.9213,9442.6326,6198.6271,0.0000,1360.7013,10921.2639,12944.5447,11828.6376,5295.8591,12938.7512,7913.5176,9334.8130,2781.9121,10175.7335,4384.3961,6397.2448,10267.1664,12286.9987,11452.7076,3341.8800,9188.9879,8551.0054,12590.4552,2464.5195,2479.9538,11511.8275,389129.0083,425728.6367,401182.5863,403601.9451,404267.6134,405533.5157,412605.7435,407476.1285,362278189.9159,362328039.6872,362274371.9742,362278015.0572,11693.3026,11337.1890,8710.2864,1224.8081,12320.1314,9085.4429,13003.5202,12264.9447,8985.1121,8832.6810,7559.4113,2013.5751,1255.7600,9848.2872,12578.1943,12498.1598,4360.0113,10480.7688,7623.7962,10651.7647,13014.4953,8561.9777,8552.2719,12340.2855,9106.0017,5083.0823,1162.9890,7125.8419,10915.1757,10234.8340,13499.8674,10465.9735,10402.8004,9733.0642,4590.7928,7980.9980,7484.0304,8984.5545,13786.6805,10977.7966,9957.4120,11175.2462,9502.7160,12889.7843,13758.6816,7653.3996,9042.0500,11432.8460,13262.2261,6281.4676,3220.4474,10951.7971,13384.8262,10093.9499,9087.8657,12197.6977,13014.8542,12197.5841,12366.6644,13001.3185,3183.9466,11634.0946,6972.3093,9962.8657,0.0000,4935.0170,8152.6629,11764.7311,12524.1869,9241.6427,10557.5749,7952.5861,11277.3616,6325.3501,8625.9659,5556.9447,4072.9218,12411.6763,13256.9280,8747.5062,4222.6040,11428.4992,10307.4011,10008.7804,3139.8662,6883.4333,8556.4614,386934.2072,423600.1706,398970.2404,401406.6804,402096.8642,403315.3836,410336.8742,405264.8178,362275086.2264,362324935.9370,362271268.0352,362274911.1723,8219.6264,11559.4213,11439.5949,10125.2296,13428.6035,8805.8771,8472.5470,4161.5498,8501.0208,6573.4718,11307.0526,11574.5559,3850.0477,4095.0799,3031.4526,8881.2648,8403.0004,10856.3544,13034.4344,3345.3458,11657.6233,5113.1188,9539.8238,11151.6596,12988.2564,11833.9413,13729.2856,12630.1516,13226.8554,5662.9906,2285.9757,9288.5258,8717.4786,12143.2624,13413.8206,8155.6816,5111.9763,7957.5816,12585.3750,10851.6030,12634.7859,3873.8776,8751.2514,5917.8649,11133.2655,13239.9690,9399.6971,3689.5529,12629.2699,10105.2745,6844.2561,9833.0655,6748.6410,10661.9845,10631.7010,2826.1634,7083.2343,2436.6537,10293.8778,9660.6721,11025.9693,12024.9286,11796.4567,0.0000,11886.9384,10420.9824,1435.2727,11188.4852,12255.1251,6650.3580,6912.4527,12392.8500,11385.2012,4736.7861,10034.3952,9215.5748,7645.0857,5158.7187,10094.9898,10829.8990,12505.8694,13204.9092,7780.7213,11437.6308,12474.4012,9430.3638,392132.3168,428655.6393,403984.7873,406496.2942,406928.3115,408267.7664,415421.4434,410328.2350,362274878.1146,362324727.9053,362271059.8217,362274702.8061,5161.6930,11902.3158,11849.4349,9220.9868,11343.5495,1852.2838,8679.9548,13261.0040,7598.6667,10129.3262,10608.8614,10651.0818,9705.0152,9751.4532,10188.6277,12971.9389,5280.8817,10502.8592,6471.8261,5368.8061,10820.2828,3229.6197,13544.5335,9268.7979,10703.9391,10542.6164,11363.8979,9775.9284,5943.1265,8332.6700,13256.6852,13292.4626,8569.9052,8813.4450,6155.2092,11270.8295,7785.5634,11383.5589,13425.7685,8572.5997,10354.3864,11108.3272,7477.5213,13749.6730,12230.3965,1617.9161,7130.5030,13334.5618,9846.1585,12457.7658,9029.1992,12590.3458,13524.6651,11790.3296,7611.8676,1805.4627,9449.4274,9704.0575,10296.6756,12243.6014,13637.9122,5162.8191,0.0000,8134.0287,13614.7768,9308.8631,10600.2809,6014.9067,12494.1723,6628.5375,9201.3897,6775.5230,8882.3816,7408.5044,9941.0945,1964.8442,5254.0482,13663.5136,8471.6499,8788.9423,10237.5897,12998.6802,9210.0853,7343.9765,13534.4677,394552.0267,431020.5724,406490.8190,408952.3787,409427.5858,410802.7609,417994.1161,412817.8442,362280374.8508,362330224.7119,362276556.9712,362280199.9162,9620.2638,12353.3035,5787.2738,12675.3702,5889.8694,10703.4100,13496.3996,8695.5273,7526.8037,7890.5823,12600.4632,12492.6315,12721.1200,9474.0650,13598.7668,2039.3007,8583.2254,10596.4484,230.3322,12197.2534,5594.8373,12718.9804,4879.0725,7789.7922,6711.6380,9982.2226,7326.4822,9885.1845,11166.2530,13541.3669,13637.2983,4702.7450,4574.2119,6552.1423,12680.8640,10372.6736,10057.5428,12940.0727,6824.9269,12253.6536,12427.7988,10896.2077,12664.5276,9984.0646,4311.5325,11031.6026,11116.9655,8211.4833,13739.2513,10303.9272,13690.1158,12919.7594,12017.6337,11396.9625,6787.1253,12523.4453,10487.2193,8975.2552,12093.0329,11951.6322,2054.2380,0.0000,4393.3591,12935.5265,12331.6218,10670.6352,1812.5043,13735.1531,7843.7468,7808.7899,3275.0538,10664.4875,5745.1232,8984.4108,6604.9017,9559.8934,13260.7515,6033.0030,7335.1854,7971.0917,13739.1845,6221.5105,2509.9347,13364.3877,391938.0988,428446.3943,403952.2531,406380.3348,406952.3463,408289.7502,415439.6514,410259.3817,362280201.3225,362330051.1646,362276383.5531,362280026.5507,11917.6072,9640.0877,12592.8479,12755.1708,8787.4847,7858.0761,7760.2990,3049.7827,2387.3433,9266.7195,12161.6550,12068.2085,4329.7226,9666.2868,8573.3892,10822.0511,12967.2448,9481.0203,7959.5514,12846.0408,8367.3855,6094.9764,2377.1368,7643.9973,10868.5175,10578.0103,13549.3900,10248.8744,9601.1412,8834.4675,5731.5250,8727.2216,8067.8996,8295.0445,13768.6205,10920.7869,9255.8153,11566.4808,8968.1144,12502.5631,13676.0183,6756.5870,8944.2380,12059.9895,13153.2079,5718.4788,3733.7273,10168.2977,13359.4523,9238.7732,8286.9885,11849.1225,12842.7888,12610.9456,11966.0191,12929.2999,3305.5267,11238.2555,6215.2569,10755.5201,0.0000,6057.5594,7228.3444,11372.9455,12417.0751,10085.4617,9739.8354,8314.4537,11535.4283,7372.0112,8437.1842,6415.2116,4230.6183,12837.1861,13352.5997,7824.7067,5209.6392,11759.5677,10563.6350,9123.6687,4260.6289,7904.1288,7577.1097,386218.2085,422889.3228,398241.9674,400685.2356,401367.2381,402583.0235,409601.9721,404539.1824,362274012.1583,362323861.8620,362270193.9271,362273837.0682,9357.9523,1985.7118,10909.2280,12107.2649,7522.0850,13268.2966,13109.8495,12832.0877,10281.2181,6710.4743,7920.3467,13072.7131,5227.0131,12981.5170,6413.2214,9480.9459,12340.7088,11095.4397,10238.4973,5235.7630,12190.2325,12656.6722,9846.7976,4794.6235,7718.1574,8484.4341,11449.7839,4719.4960,6186.7269,13086.5948,10679.7349,13719.3880,10343.0802,5988.9570,4675.9892,4255.7269,7806.9386,10637.7124,1950.4541,7131.4693,7102.4921,6356.7410,11561.6544,8680.8470,8172.1586,13350.5252,6224.0725,4462.8301,7488.4614,5403.0199,836.4507,8856.1225,11264.7010,8382.5285,3614.0654,12911.7854,1543.7048,7540.0162,11399.1599,0.0000,13211.8225,6744.9216,9420.3341,3136.6779,11561.6231,6960.6752,13477.2907,6635.4129,13386.7563,12396.5753,13802.6846,13235.0583,10891.1215,9396.6810,6422.5427,13618.6528,7284.4153,7137.6874,6684.9237,13145.8918,12543.2684,7126.2671,383765.4963,420176.6865,395619.4570,398115.6995,398483.6437,399903.5824,407148.4835,401967.5573,362268681.1966,362318531.0842,362264863.4543,362268506.3812,10496.9040,8902.6793,13285.1688,12253.2034,12166.3117,9161.8721,8994.5106,13795.7704,12596.1961,13302.7564,11603.3834,11814.5880,7187.7773,3589.5590,12428.5058,5653.8332,13583.6881,7697.2911,9619.5307,5226.4019,8607.8530,2655.9908,5320.1929,2135.0666,11133.2505,13581.1955,11299.4359,11938.1864,6995.3849,1921.7653,10868.5244,13615.6999,9818.3938,5434.1952,9826.2253,3071.4578,13677.6330,10264.3542,11289.7555,10118.2853,5168.7760,8061.6395,12366.2267,7985.2528,10451.4428,12722.5130,8285.6846,13020.7480,10135.4418,8726.7046,12772.3929,10150.1210,13366.0721,7875.8720,10817.0568,8540.6504,9015.5435,4849.0767,0.0000,7210.3164,10640.2897,13636.3026,7249.9232,4253.0625,12952.2504,11777.5600,3744.1347,7440.6616,13297.0085,9611.6046,11262.9220,9637.1089,11420.2078,11035.1147,9090.0681,3563.6851,2775.6148,12510.7372,8344.3074,5234.9810,11636.0229,386520.3352,422981.2304,398522.4720,400950.1971,401485.4231,402856.2925,410044.7508,404833.9623,362275456.8577,362325306.7363,362271639.3090,362275282.2874,10358.9759,11335.5730,7602.6745,12814.1558,13609.2993,13423.7069,9393.1809,5080.6215,6368.0131,13102.1954,5179.2169,13188.0608,7835.3370,8040.5697,12695.7243,10466.7874,9914.2472,6477.1923,13053.9739,13321.3661,11147.4534,6454.2602,8975.9271,7166.5265,10399.9579,5079.1429,6309.9819,13679.5455,11691.8469,13445.4313,9684.2491,4903.8616,6340.9794,5478.6559,8726.6749,9796.5677,277.6698,5625.3466,8116.3222,8093.2478,11260.8803,7142.8198,9545.0879,13587.8076,5557.2767,4241.7638,6974.6891,6424.3640,2698.8556,7302.7772,10485.8782,6868.5760,3862.0124,13119.2247,3503.0136,8805.7419,11759.1313,0.0000,13727.3788,7551.4108,8064.0179,4189.3148,12072.6064,6342.1641,13026.2971,7679.7947,13724.4319,11698.3299,13905.6715,13313.4555,10176.2519,8120.0431,7100.1014,13924.0953,8215.3672,8502.4995,6454.7225,13644.5831,13157.4004,7530.2661,385131.0893,421533.5910,396960.6687,399468.0336,399809.0322,401236.4774,408489.0797,403314.3616,362269141.4369,362318991.3253,362265323.6303,362268966.5436,9672.1891,13347.6803,9017.3726,11276.6081,11664.6992,11141.3153,9228.9958,9493.4674,11419.8393,12691.1136,6515.9283,9707.8214,6128.9198,6087.1378,11539.4731,1711.9957,13262.9376,9968.0140,11700.7499,10564.8666,10526.0024,9101.9960,4911.2620,9049.7058,12916.9341,13164.1654,9632.0384,8875.4017,7806.9944,11819.2989,6360.1546,10534.6944,13013.5025,7663.3281,10945.9745,10112.0884,6378.0896,13748.7717,11779.2613,1711.3148,6578.8530,13405.3732,11123.3863,12252.5522,7619.3064,12614.3037,13289.2745,10825.2530,7248.8930,1802.8411,9279.8122,8400.6850,11486.2911,11396.5035,13657.7471,5212.2960,0.0000,9265.9837,13585.7193,9426.3959,9430.9307,6216.0533,12414.3676,8168.5567,8222.4496,8031.0467,9944.8457,8915.5226,11215.1843,1013.9075,4501.7903,13581.1945,9823.7306,7795.7122,9529.3724,12921.4350,10382.4004,8114.6964,13564.6755,393889.4097,430316.4030,405807.8371,408274.2824,408706.8163,410112.9679,417338.4506,412141.0415,362279488.7400,362329338.6316,362275670.9606,362279313.8737,8369.8408,3096.4812,8367.2725,8734.7710,3483.8111,7479.9027,6534.3333,5273.1212,9453.7785,9368.4894,13748.4848,6808.2498,10758.1203,2998.6180,10795.6309,11429.4956,11237.5155,9124.8649,12948.8092,13585.6614,13663.0915,8792.2920,1979.6817,10244.3071,9227.6091,9913.0228,12731.3767,5497.2051,3948.5018,10911.4863,13574.3504,11541.2726,13442.8846,2860.5502,11264.9996,9335.6733,10679.1145,13389.6543,9912.6468,7386.6999,11746.6511,6769.3466,8230.2122,12265.6677,7379.0940,10934.6470,12477.1630,6717.8737,8337.2310,6050.9047,12514.1197,6293.7956,12553.7202,11356.5142,11630.2703,0.0000,9650.5808,10181.6565,4722.6221,13048.5930,11789.9375,7690.2107,3992.8620,13397.3577,9378.7720,581.3681,7223.6982,5659.2149,9050.6234,8094.1939,10100.0471,7972.4461,13476.6205,13724.1635,8418.6100,8735.4882,11034.9948,9253.1176,392296.8207,428910.1896,404211.1532,406702.8238,407245.9156,408514.9487,415591.0298,410536.5162,362276253.4422,362326103.1695,362272434.9998,362276078.0616,10025.3892,10002.1827,9654.5098,5772.8116,7177.1969,7256.4476,8535.3446,2656.8334,12981.4074,11018.6774,10389.3093,13447.2911,5854.4079,13466.8430,4496.9848,11824.5816,9691.5180,11246.4919,9833.0899,11762.9616,11187.6923,8572.5548,3134.2964,1544.9616,11880.4214,12526.0155,11595.2248,4937.9072,10855.2923,9788.8170,4686.3719,12382.0210,6119.3893,7682.3100,10383.4202,3754.5463,9094.4747,13657.4251,10026.9105,6588.9670,9601.2249,3104.6938,10689.0589,2252.0660,3723.0078,7968.3052,9489.5815,12888.4956,7478.5893,10199.8725,8653.0906,7487.0994,5296.4491,13704.1145,0.0000,12035.6016,2791.9510,7471.7194,9878.9934,13553.0161,2692.3030,10879.5245,11635.2647,12659.9146,8436.7699,11613.7791,8997.4651,13053.6236,11422.2883,2366.0744,11234.9284,12166.4440,11348.7902,1587.2515,10823.8272,12916.2146,1251.6552,384059.3664,420645.6972,395950.8234,398450.1855,398958.6028,400247.5014,407348.7675,402282.4704,362268589.1656,362318438.9124,362264770.9028,362268413.9659,6351.5546,6926.1134,6307.2734,9689.8079,8985.1360,3887.7524,11240.3232,7023.8216,13427.1695,8265.9141,8738.6656,5364.7492,10122.6326,12327.3629,9277.0256,7361.3517,11749.7962,13669.7350,13003.9752,9765.6820,4634.1162,11818.0794,10922.7325,7589.7106,11221.5094,2626.6535,6405.6541,11835.4148,13687.0688,12611.9069,12825.5874,5680.3363,12691.3902,10646.6189,11434.6757,13226.1644,8738.4619,8992.6028,11686.2211,4729.3158,10407.5046,12943.7058,9573.0540,11984.6711,13459.7815,8583.3610,7899.6173,8526.2647,13178.9939,4740.8988,13466.1433,11687.7900,10037.1130,0.0000,7240.4178,11208.1589,7385.4418,13607.8662,10066.7532,9917.5993,1248.1392,13051.9956,6855.5022,2760.6311,4410.6002,3921.4539,8618.3572,8959.0234,11324.3252,5400.4439,13004.3676,13215.1560,10370.2169,6461.9886,8885.9213,10635.9201,393169.9039,429802.0932,405133.3154,407602.7571,408201.3200,409453.5926,416510.6674,411446.9010,362278478.4610,362328328.1841,362274660.0788,362278303.1589,798.8630,9925.0064,12718.8940,12544.7851,3741.9639,11533.8263,6130.0960,11164.2272,12486.8637,7396.3232,8612.6446,11511.4014,10532.8819,4620.1446,1234.8711,7580.5862,11665.8197,10534.9868,13027.7821,9915.6499,11567.0327,10897.2581,3309.7646,7799.5086,5832.5207,9251.0768,13693.0242,11731.4033,11269.5625,11204.8272,9482.2980,13470.0223,13542.1079,9249.9731,10106.5601,10313.5056,12880.9284,7958.7913,1926.7403,11756.4017,13556.2594,10917.2803,10495.3223,12991.3256,12672.0996,11143.7088,12330.8585,13328.9287,2603.9421,12567.4926,8651.0198,9065.4678,0.0000,3485.1693,9638.4994,11621.2932,13046.7606,8391.9201,11353.5838,6539.3670,11498.7869,4729.6634,7981.6860,3665.8583,3196.2264,11427.3806,12636.2863,10159.7705,2272.1491,11523.5530,10741.7443,11016.0082,1433.9267,5859.7265,9894.2810,388891.7707,425554.6390,400933.2613,403366.6449,404059.4932,405280.1141,412303.0530,407226.7212,362277011.7109,362326861.4248,362273193.5116,362276836.6417,10031.0589,12762.8430,12637.8042,4060.0897,11214.4191,6641.1602,10885.0115,12778.2505,7747.6824,8725.6128,11814.4630,10017.7542,4561.9827,544.1909,7236.6222,11323.7706,10315.3526,13268.4369,10255.3745,11191.4292,10539.7401,3615.6071,7702.9184,6539.1194,9283.7960,13761.4709,11390.4078,10802.1931,11106.8875,9625.7637,13291.6360,13687.1772,8683.9596,9625.1068,10730.6592,13113.9674,7292.4692,2461.7471,11551.3728,13494.7370,10715.7020,10001.8389,12699.3800,12900.4517,11585.4471,12457.9830,13201.3249,2858.8705,12217.9197,8020.3358,9320.2685,0.0000,3894.9963,9130.3821,11798.9307,12831.3289,8605.7192,11158.8125,7179.8248,11340.7313,5257.9255,8359.8230,4423.1449,3603.6804,11830.6458,12939.9873,9686.9927,3020.1497,11409.1364,10478.8149,10731.6274,1958.8797,6097.8682,9466.9361,388093.3638,424756.9210,400135.4019,402568.5478,403262.6228,404482.4911,411504.9067,406428.6736,362276321.4103,362326171.1239,362272503.2240,362276146.3570,5534.3109,4569.4198,6972.9634,6728.2842,11613.3398,13392.4136,6942.7528,12633.5024,1766.3269,11976.9709,9488.6479,12562.8358,10321.8535,13361.2373,12745.8508,13702.2331,8854.5178,3258.5878,7692.2196,6542.0962,11721.3378,13649.8242,8541.9071,1352.4783,10295.1658,12707.7163,9453.7819,13641.7758,663.9772,9400.4891,8719.5343,8894.4563,12626.0033,11671.2606,7044.8799,10796.3210,8614.0709,5218.5965,11459.1875,4285.1053,8848.4320,10813.3079,6197.9064,9980.3344,4292.9276,11549.5777,7808.9494,10847.6589,9994.5249,13144.9384,0.0000,11596.9906,8138.0942,3195.2290,11979.1701,13291.6737,4591.1557,7227.3075,13265.1352,11603.0707,3769.4183,9791.2525,7514.5642,10505.3377,8548.7211,7847.0689,10167.0372,13526.9300,13565.7790,5515.4751,10525.7898,12764.3491,6884.2386,389673.4725,426266.5285,401548.6334,404057.1527,404554.3705,405839.4098,412934.1255,407883.2822,362272852.2586,362322701.9934,362269033.8200,362272676.8700,1336.3005,10975.8216,5850.0563,12352.5340,11135.2404,4296.3360,12564.2931,7058.7887,9664.6439,8883.0682,13525.4414,12869.1659,13068.1684,10267.4328,11767.4690,5126.1946,6045.2232,6631.0776,6659.7779,13328.8059,13148.5805,10939.0743,6398.7018,5664.5094,10189.2882,8239.1392,11244.5891,5953.3341,5086.7436,4079.6886,9544.7507,11326.6649,10356.0114,3525.1250,11396.0496,11992.9364,4498.9706,7147.5975,5355.7233,8443.7361,7361.3809,3073.5822,8464.9888,1850.9728,7455.5732,11448.1246,7897.7997,10574.2257,12152.5622,0.0000,13208.4685,8725.1977,3229.5348,8322.8480,12606.1021,4832.4902,10022.9757,10629.5252,12927.7664,7971.0182,12221.5416,11309.0420,8597.6227,5527.1428,8220.4547,12665.8304,10926.0288,11542.2859,5907.1285,12864.0771,13289.2333,7883.5522,388981.3306,425442.5759,400802.1089,403321.4666,403688.9890,405074.6471,412280.1353,407155.1324,362271656.8285,362321506.6645,362267838.7203,362271481.6640,10458.7548,6366.6799,12377.1956,12106.9555,4098.5177,12798.0466,6197.6463,10137.3086,9560.2766,13761.5550,12798.8613,13655.5144,11314.4922,12644.3441,5559.0070,4989.9512,7267.0784,7001.2490,13359.4005,13688.1278,10460.4509,5601.2827,6708.6616,11243.8451,9021.0040,12137.8770,4983.8059,6377.2534,4859.2012,9965.7151,12184.9373,10586.1806,3574.9724,11880.6454,11632.0544,4753.8882,8338.2560,5266.3241,9054.2683,8563.3942,2816.8733,8503.2171,604.2868,8674.2797,11055.8138,9026.7228,11048.3262,12573.6505,0.0000,13207.8973,9121.1282,1995.4792,9527.4888,13017.4053,4867.1359,9392.8305,11604.4656,12901.2371,7049.3545,11919.1029,10832.1692,8777.5404,5692.6632,8631.2084,12444.1282,11866.7952,12458.9178,6085.8568,12750.9518,13508.7955,8121.5970,389755.5857,426239.6136,401578.1367,404099.4726,404482.4086,405851.2077,413037.9177,407929.6632,362272176.6127,362322026.4293,362268358.4135,362272001.3726,10385.7115,7843.7670,12891.2510,10877.7634,9420.7835,5421.7853,12082.0976,10640.9827,7926.9002,4553.6630,10362.9021,12996.5937,12552.4875,12096.4728,7099.6747,10763.4218,9704.3706,6461.1088,10560.9237,5008.6454,6290.6638,13350.5410,13028.1666,11235.5518,12948.1987,6441.7117,13007.4080,12577.2335,9239.3257,11801.0798,10895.3995,11338.1092,9217.3054,1975.3441,10059.1030,13787.1136,8942.9787,10327.4546,13192.2193,10885.9244,10721.6202,10158.0411,13694.5769,1215.1883,12882.9568,9310.1712,10909.0336,0.0000,6389.1816,9240.4005,9150.2978,13679.6309,10558.1373,9472.5485,4723.9643,13047.2225,6929.6817,4785.7063,4525.0565,683.2399,11236.1007,11567.9131,9554.1811,4308.3133,13139.8964,12656.8258,9440.3353,4669.1587,8605.5284,8885.8305,390010.6209,426690.1502,402007.4884,404465.5607,405126.7358,406339.2296,413353.3414,408310.5251,362276375.2621,362326224.9510,362272556.8560,362276199.9887,13437.4072,9915.1360,9584.4169,13569.3573,7379.9090,12631.4250,3889.2119,12504.9926,11187.2084,11285.5593,8480.9244,10897.9865,9963.1229,9146.8068,1111.6299,1220.1070,12822.2600,12463.8506,12573.5990,6377.0427,9063.1428,8407.8029,3403.2802,11334.4271,7189.6454,5303.7643,8834.3172,4483.0548,8414.6774,13229.9819,8985.8062,7200.5678,11281.3072,1942.3244,8745.6126,2738.3655,3215.1339,5806.5831,8594.7435,12387.2297,6766.9580,8222.3651,10471.7042,5481.3379,5914.4798,13412.3877,0.0000,12956.6155,3496.1672,7279.0894,7957.2648,13402.3597,2398.6338,11908.5110,10414.9190,13400.3747,9658.9332,12765.2372,10776.4271,12407.2080,10447.6064,2788.0874,12505.4327,11001.7107,10403.2394,1590.2802,12104.5671,13338.6592,2742.4990,383749.9177,420272.8947,395610.9491,398117.7118,398559.5657,399897.4223,407052.6605,401952.4990,362267901.4587,362317751.2529,362264083.3410,362267726.3528,9868.2830,10409.8458,2044.9046,11010.5053,6706.5772,12811.6526,4744.8833,6658.1953,7497.9468,11053.1321,8743.2502,10190.7802,10093.0116,13493.6356,13343.1446,3668.4196,5778.6094,4727.8678,11639.4516,11141.7877,11122.6004,13121.8665,8429.8264,11187.9333,12960.8926,11270.0497,12458.3109,10755.6592,5042.9428,10966.8237,11086.7056,6562.7528,13421.0607,11343.7591,13154.3738,12910.2734,12743.8256,11179.3065,6895.7327,12110.0264,11525.9597,7414.9164,12759.5454,11850.9109,4008.3098,0.0000,3179.5131,12689.7220,11688.1586,11729.9501,3748.5022,13292.5863,6155.8661,9260.7546,1651.8671,9252.9918,3795.3312,7315.8384,6989.8860,9688.6884,13026.8010,4302.2857,8890.0983,9301.9642,13341.5017,4827.4156,2736.3732,12964.7179,392516.8299,429068.7690,404537.2673,406967.7855,407571.0601,408876.8322,415992.0000,410841.2479,362280527.3887,362330377.1950,362276709.4719,362280352.5014,11905.0156,8502.8820,13540.4034,8402.1686,7693.2778,8135.0896,10522.2989,4837.7176,1927.8970,1561.5364,10382.8085,13684.2393,9244.4851,10287.3974,9765.5880,5397.0479,12703.2846,13266.5607,8161.4988,2034.3715,7587.1342,2689.1168,13448.7865,7624.4701,9986.1110,8868.7312,3330.7605,9480.6190,11538.6443,7414.1010,12197.6472,11050.4728,5964.9263,11707.6195,8293.1171,5660.2592,11962.8773,10861.8215,12325.6019,5204.1735,12255.7208,5503.4106,8022.3360,7327.7955,0.0000,9983.5668,9254.2368,12931.4055,4134.3053,7141.6265,11479.6175,13234.4770,1822.8432,10233.7076,13867.4872,11877.9593,12724.3617,10265.7787,11008.0562,9490.7206,11420.4432,2445.4385,835.9302,10979.8754,10673.9526,8398.6255,10307.0045,384506.4133,420923.4030,396457.0208,398905.2246,399366.0727,400773.6425,408003.6587,402782.5600,362272410.2275,362322260.1322,362268592.7240,362272235.6674,10734.6190,8114.4887,7135.4710,11894.0919,13025.5608,12946.9009,13367.6576,11708.9151,12036.3055,2524.2783,5146.9752,10255.3820,10198.9573,12447.4553,12655.1770,8924.2453,8069.7621,5473.3623,11660.5963,11418.4159,11025.1203,6985.8037,7918.1781,3309.2865,12353.9064,12930.2527,7473.8829,1062.2207,13436.9032,11633.0691,8358.5184,7812.4649,8784.6431,11581.5027,9877.8436,1337.5061,4896.3697,3789.6478,8569.3435,11431.3072,10533.9202,13013.5802,10347.9385,0.0000,12153.5557,11740.6059,4127.0127,9794.2247,11052.0947,8479.4505,8121.3994,10868.8267,11365.9176,7339.7004,10775.1079,11045.3565,5238.9156,1963.1550,11428.4893,11669.5479,10865.0797,12087.8660,9491.9724,12259.0324,12047.3788,11068.6199,392882.3757,429334.1825,404724.6462,407232.4118,407611.1321,409004.1571,416216.2513,411073.7855,362275845.2975,362325695.1484,362272027.2221,362275670.1472,12209.3846,5767.7291,12631.4251,4663.0001,7635.9201,6524.9583,9909.5449,7235.3645,10028.8978,11248.9253,13498.4042,13593.8264,4532.0335,4392.5931,6605.7721,12689.8129,10471.8899,9986.8870,12868.5884,6789.6381,12287.1298,12449.2038,11014.4968,12561.8213,9858.7018,4522.3778,11159.8270,10971.3859,8127.7078,13736.9802,10355.5802,13678.6761,12839.7640,11997.0972,11516.5848,6981.9254,12605.3620,10514.0829,8895.5326,12052.6328,11825.8709,2120.1036,0.0000,4239.5866,12849.4576,12411.7879,10663.3787,1750.2710,13730.2274,7906.7683,7771.3190,3179.6616,10710.7410,5708.7649,8925.5724,6799.4906,9715.6961,13185.9283,5940.1165,7306.5695,7879.7518,13712.1947,6085.4521,2288.3468,13298.2834,391761.9048,428272.7127,403778.5553,406205.6703,406781.6625,408116.9039,415264.4662,410084.9614,362280105.1598,362329955.0002,362276287.3912,362279930.3917,12371.6850,9580.4109,11721.7215,9061.3070,12877.4408,13016.6916,13727.5885,9944.0075,3795.7234,8225.8665,6932.3665,10735.9667,13227.5023,7722.0050,1178.3707,11370.4981,12994.2569,9750.6098,13822.1508,1346.9105,10456.7733,9964.6095,8636.1356,12549.1197,11820.9395,8337.0836,10275.8334,7191.3998,6195.9889,12342.7997,4990.0980,8965.8616,11542.9314,7558.4191,10427.8402,5911.0171,12360.4710,6318.2319,11446.7609,9594.9391,12981.9929,0.0000,10630.0507,8020.6208,4773.2617,12647.4215,13002.8977,5479.7702,6452.0352,13531.8583,10776.3722,3003.5397,8727.8697,6014.8300,10987.2386,9555.0522,7878.4429,8996.3887,13775.2172,13627.8117,6071.3003,9348.9025,12095.0166,6866.3142,389603.1461,426231.2281,401506.9261,404005.4168,404550.1548,405807.3421,412871.3631,407833.4699,362273416.9102,362323266.6215,362269598.4290,362273241.5101,12806.4263,9564.0640,11771.3630,9639.3221,9358.8929,7757.2052,5466.1353,10228.9115,12715.3362,13147.9688,9601.1395,7911.0353,8828.5193,12555.6721,5953.0628,9373.2632,12537.0031,6179.3435,11828.3694,9649.9475,6610.5174,13459.9925,10778.8014,2154.3171,7373.1353,12895.1705,11625.7733,12434.9351,6689.5565,12916.0432,12930.7045,10040.8911,8106.4861,3458.1407,10014.2574,7415.8477,11997.8152,10612.7513,13234.9449,4363.1586,0.0000,9308.5689,13377.3209,10324.6563,8359.7049,5416.6427,12678.8056,9326.2014,6808.0658,8202.1826,11051.5021,9521.6548,11851.2305,2593.6649,5411.3253,13402.7889,10217.4014,6315.9747,8212.5663,13051.3579,10565.5208,7758.1930,13535.5598,392755.8221,429160.5430,404678.7504,407139.9184,407564.6358,408985.4795,416227.2039,411011.5277,362278840.6896,362328690.6005,362275023.0194,362278665.9210,10617.6950,9811.8242,8636.4303,6236.9705,8726.6111,11728.7153,11565.9682,2911.1926,3687.6830,11494.0607,10374.3991,13080.2672,8857.0065,10219.0186,6196.7628,1125.1075,9741.5804,9760.6889,6510.6361,10765.2046,2092.1882,5250.5168,13403.9288,11379.4004,3933.3478,10931.1988,5726.6859,8961.0105,6041.6783,804.3591,5280.1082,11201.7888,13411.1060,9897.5475,8084.3811,10278.7847,4346.3260,2737.8206,12465.9628,0.0000,11783.1826,2125.5748,10321.0292,7137.2955,12190.8667,5992.9617,12861.9683,8792.0343,12553.4256,11500.3223,12505.0153,10861.4825,13272.3878,12258.2059,2239.7837,11846.7878,9464.1088,8132.5603,4836.4932,11041.6706,11929.0516,3392.1431,381682.4631,418213.0983,393595.4275,396077.1503,396569.8424,397899.5476,405046.5661,399925.4686,362267736.5121,362317586.3138,362263918.5556,362267561.5851,4190.6953,3911.9830,9255.4124,7076.3486,12663.4555,12246.9612,12233.5529,12179.2526,2179.1752,3521.6148,7802.5468,12123.9485,12567.2949,9354.8588,11222.7865,7838.5099,12236.4154,12856.2372,13177.6348,10052.4374,7902.8020,8708.4686,13289.3301,7775.8477,6254.0368,13120.4830,11832.2380,12790.2799,10897.8464,11799.3795,13407.8580,10586.6141,13649.9528,11545.2064,6922.5007,11430.3950,8947.2271,5940.8197,0.0000,2639.0058,10642.1163,13361.4624,11098.0832,4938.8703,13006.5514,8968.4017,8429.4025,3784.5410,11029.9635,5637.4935,7409.7366,10504.4602,12502.4736,11194.8306,4624.2592,8303.6747,7481.9182,12570.6389,3625.2873,2482.1727,11392.0418,388152.3784,424732.5885,400204.8764,402622.2729,403275.6345,404555.5115,411643.3845,406499.4795,362277468.1489,362327317.9367,362273650.2899,362277293.3610,6769.6974,10984.5950,9944.1503,13342.7716,10592.6660,11111.0934,10523.2105,3480.8968,7323.4058,6899.7855,9570.3772,13710.3948,11054.8854,10611.3558,10798.9260,9939.1107,13186.6061,13729.4410,8513.7299,9224.2767,10746.3727,13252.7726,6953.0984,2987.5845,11609.7982,13341.9600,10821.3748,9836.5395,12493.3749,13066.0205,11700.8394,12639.8644,13015.8399,3354.4358,11989.2075,7759.4442,9159.4711,0.0000,3830.3876,9011.4472,12034.7851,12593.8147,8404.8610,11247.4806,7582.3758,11030.8945,5277.1482,8768.5226,4734.7149,4114.8393,11904.5034,13054.2973,9591.0057,3296.2047,11106.3803,10103.6491,10773.0482,2065.0435,5893.4959,9436.1673,387723.4667,424381.2688,399767.8407,402199.0732,402891.8861,404115.7430,411142.6499,406060.8465,362276125.2512,362325974.9704,362272307.0988,362275950.2288,5989.8486,3975.8733,12486.6681,13566.9830,10717.6769,11147.0061,5959.8257,2485.1903,10675.1357,12928.9944,11361.5754,6107.7297,9131.7676,5444.0898,13218.5479,10953.9959,12557.7337,8691.8461,4509.1148,9653.8285,13330.1784,6083.6915,9114.3205,12349.9279,9870.3740,12398.2488,9154.9753,9274.1582,13560.3791,11517.8028,13712.2896,9299.7095,9412.7582,8801.0910,7356.3780,6536.0191,0.0000,6358.4066,9394.5253,13815.9405,8449.2793,5680.0549,12460.2645,11560.7016,5715.3369,7162.7781,12865.0915,8981.3289,10023.9749,11175.7703,12694.6394,9930.7457,8081.8946,5798.0228,4190.1335,11820.9852,7012.6384,5179.7135,10515.1042,385250.8192,421769.4528,397275.7129,399699.2353,400290.0673,401617.2664,408758.3959,403579.6003,362274569.6634,362324419.4983,362270751.9960,362274395.0247,3450.6560,10311.3654,13424.9744,7722.3512,8927.0954,10771.7489,6974.8340,13309.6800,12587.1201,7849.9128,129.7149,5982.1823,4325.0265,12888.8898,6281.9161,9609.2894,7711.0361,2775.4071,10533.6472,11208.1376,6769.8696,12554.7289,9766.8490,5516.6100,10545.0209,6855.9650,4006.9845,11554.1242,11475.6772,11609.5386,4511.6725,12437.2117,3707.4972,7068.7594,8844.8592,0.0000,11005.3741,8010.3492,12322.0954,3086.4101,8709.9005,10266.4035,13631.7643,3152.2700,11346.3294,13733.9832,12628.4608,12927.6782,10933.5682,11043.3273,8163.2058,12153.8118,3915.8587,2704.0711,9694.0152,11390.2151,9753.3972,9070.7835,383406.9822,419825.4914,395334.6933,397794.6981,398234.7361,399643.6844,406876.0376,401665.7085,362270698.7854,362320548.6841,362266881.2321,362270524.1762,10520.6977,13709.7817,10302.6877,11191.3627,8754.8840,4020.7448,12001.1950,13585.7974,8641.3604,3558.9592,8735.3245,1899.8323,13684.6754,8746.8635,10386.0001,9643.0031,4179.1969,8635.9731,11797.8448,7883.0457,11665.0212,11912.5110,6713.8826,12443.7030,9292.9593,7013.6149,12249.6262,10366.8255,12795.2959,6157.3164,11863.5634,6894.9603,8683.8353,6053.0918,0.0000,8956.0558,10079.1726,13281.1749,5362.4593,5779.8134,12269.3953,12698.8615,1924.7144,9138.1150,13748.9205,11045.5285,12308.7926,9765.7786,11018.2781,10375.9643,10600.0475,2062.0576,786.7099,11820.0601,9879.5974,7135.5664,11102.0222,385519.7052,421945.7994,397490.4108,399929.6006,400414.7847,401813.7259,409033.6124,403810.7527,362273866.7073,362323716.6086,362270049.2105,362273692.1609,7368.1301,10408.7233,10726.8898,12436.1826,11627.4775,9880.0538,9816.9084,3339.5830,10261.4791,11159.8374,9271.1772,8928.7195,6988.4210,1778.2334,12523.7564,11943.8878,6459.3326,2268.7104,13271.7093,12520.5659,9130.1517,5825.0738,9843.0800,11570.6158,8744.0471,3209.8388,4365.5965,5483.1958,6756.1520,12432.0432,9540.7826,12983.7846,9170.8078,0.0000,12173.2769,12018.3297,6197.7909,8147.8765,9985.6715,9440.6931,9443.1676,9124.2973,11338.0013,9270.5631,11385.2785,12169.5308,4231.6815,1188.4035,11740.4164,12174.6074,9065.3707,10593.4596,10255.4747,12610.8104,11530.4859,11632.1312,392234.3435,428638.2424,404078.0105,406578.9553,406930.7069,408358.0522,415607.7876,410428.8026,362275761.5607,362325611.4530,362271943.6722,362275586.5636,10014.4849,9163.6426,11100.7946,13256.5219,6631.3898,4299.8192,9699.1606,13398.2061,11484.2102,13285.4914,2894.4018,10336.4008,7865.5550,11141.3932,13615.9421,9624.2102,5712.6850,12441.8519,8473.5829,7697.4983,11351.1247,7145.0515,11058.6104,11890.1609,4968.3153,7592.0243,4439.0812,11719.6217,8027.3690,12121.7730,11941.8055,11797.2932,0.0000,10822.2147,10524.3542,3085.9273,12445.1578,12120.9064,7283.1861,5185.0495,13168.0955,10387.4670,2559.4661,8578.5357,7458.2124,8293.5554,6678.7596,10318.6008,9414.4895,13250.1222,13744.0253,8248.8878,10151.2623,11837.4424,9523.4139,392619.7856,429193.6660,404503.1934,407005.5204,407496.1076,408796.5538,415907.1611,410837.4192,362275868.7549,362325718.5092,362272050.3606,362275693.3865,1637.9814,12732.9060,12042.0536,12986.6014,7278.4522,9201.2737,7649.3933,2334.5464,10868.1663,8114.4992,5196.5448,9254.7797,3860.1946,7565.5798,13384.8799,9638.6314,6498.5686,11498.1291,3041.7991,8556.6831,3767.8269,2303.4402,5209.2812,9331.1331,12761.7560,7675.7913,7905.3141,10727.1415,4723.1511,5203.5986,13278.2717,0.0000,12908.8166,2980.4760,8230.0800,7440.6903,13216.0798,3493.1473,12441.5227,9893.4970,13427.2188,10424.1540,12986.1829,11110.3056,12714.8214,10954.0459,2309.1235,12624.8427,10522.8640,9758.9208,2526.8347,12110.4296,13174.6863,2741.5901,382943.5053,419460.3212,394812.5681,397314.5482,397759.6689,399101.8102,406262.0819,401152.7620,362267522.8147,362317372.6166,362263704.7574,362267347.7676,12439.3924,12444.4168,12333.1785,5956.8054,10005.7033,8867.5487,3555.7802,11767.1605,6957.5932,6415.0047,9727.7472,3713.7452,8481.4296,13580.7703,9696.5307,6623.8227,10636.0032,2467.8969,9668.5968,2508.6645,2906.4571,6679.7168,9248.7032,12824.8121,7331.0620,9119.6188,9766.4193,6218.6209,5271.6404,13612.2067,0.0000,12599.8721,2661.0054,7624.0987,8762.6568,13517.4129,2512.8121,11671.7144,10904.0246,13159.8281,9365.9759,12386.5922,10118.4132,12894.9267,11115.6100,1957.4356,12034.2657,11483.6302,10712.7524,1207.8984,11585.5101,13185.1488,1587.8845,383515.8746,420067.6596,395392.0563,397894.8048,398367.9954,399683.6412,406814.5773,401728.8836,362267933.8608,362317783.6340,362264115.6882,362267758.7244,5296.9294,5964.5765,11323.3094,12909.0116,10857.2498,12091.5183,9228.0119,11303.5346,13487.3929,13144.5657,10713.4674,9563.3978,8338.1638,12863.0933,8871.1162,4663.2676,13145.9322,12610.2964,12641.5483,11633.4121,12810.3910,12898.8970,9942.0980,13158.1617,12466.1024,5551.3409,12513.8859,9848.5816,6338.3718,0.0000,589.6378,11171.3159,12660.0612,12233.6398,5521.5504,12921.6434,7229.3401,9839.3211,2199.6254,9647.2522,3588.3506,5861.0982,10043.0588,12079.6916,11679.1544,2585.0623,9676.6702,9169.2279,12641.8074,1946.2177,2691.5090,11656.5279,389815.3263,426423.5739,401867.5377,404288.7233,404957.9824,406217.9599,413283.4829,408161.0663,362278672.7592,362328522.5227,362274854.7713,362278497.8585,9699.7819,13416.2009,10826.5900,7086.0954,10722.6283,4692.9425,13443.7627,11461.7794,12004.9061,10506.7424,6363.2692,7750.5062,12744.2235,8222.9816,9192.6618,13244.4391,9644.1480,13331.6241,10816.6111,10126.4840,13085.1536,9999.4140,13674.1393,9334.9801,9708.8894,9900.9897,9363.4204,4265.2071,0.0000,5518.8766,11062.3241,13743.2174,8834.7267,3331.7370,13356.8678,10777.2395,5482.7795,5819.1703,12673.7441,8168.5046,10138.3620,9610.5137,11723.5280,11519.0435,7579.1777,5234.8943,4615.3303,12942.0809,6835.0424,3481.2791,11980.1308,387513.9239,424011.2162,399539.5621,401960.0361,402538.8363,403881.2190,411037.8959,405843.9854,362276771.3360,362326621.1888,362272953.7076,362276596.7139,8654.3022,11826.4326,13346.1398,13386.8966,11719.8649,7967.5917,13277.1621,10999.6313,12330.6369,12915.4445,7106.8169,9700.8730,11953.4139,4760.9676,11988.6361,12767.0006,11345.5145,12887.4047,13765.2815,9541.6883,7006.8540,10033.4997,13042.3806,5331.4839,13797.8312,12258.5924,8125.3193,0.0000,5487.0313,12275.2527,9117.6444,13458.0689,8131.0427,11619.4847,1616.7193,12189.7091,4695.7479,5271.7543,2627.1534,4672.8552,7640.8129,9054.7313,12483.8040,4069.5436,12006.0046,12353.8114,11956.7493,5367.0086,6920.7748,11996.9464,393876.4105,430489.5706,405866.7997,408320.3706,408931.4172,410196.1321,417266.3816,412175.2958,362280172.8085,362330022.5550,362276354.5625,362279997.6294,10999.0825,12555.1694,8958.1690,13711.1232,1435.8389,9698.7157,9629.6228,8018.8846,12186.8052,12200.7601,8143.4366,9949.2081,7983.8060,5114.9826,11896.1203,3875.7994,8197.7137,10839.8123,7346.0472,10771.1646,5408.0687,11865.2310,7069.3657,10737.5254,9125.9311,13312.1556,0.0000,11254.2089,7303.1417,4453.4669,12121.7419,13346.1376,4370.6432,7435.4195,13314.2934,11447.1545,4052.3623,9579.3015,6879.8400,11265.8197,9556.5399,7074.5323,9768.0714,13612.9694,13422.7912,5018.7200,10000.3722,12576.8089,6035.9613,388745.1634,425359.7541,400635.1276,403138.8230,403663.1245,404930.9518,412007.0521,406965.3677,362272338.4591,362322188.1789,362268520.0020,362272163.0736,7779.5607,9488.6986,7425.5019,10489.2408,4682.7623,2391.6531,11486.2045,9965.6124,7640.8964,4773.2287,12108.5670,13581.4655,8795.5257,2660.5702,9868.6443,10226.4522,6123.0869,5535.1006,6678.1961,6919.3333,3685.9259,13446.3529,7075.3605,11825.9515,9178.0950,0.0000,12776.4948,11064.1982,7997.0266,5222.8394,9890.7185,9345.1221,11601.0032,6946.6001,12200.3532,11339.9062,12744.9396,13408.2070,6168.4288,4472.7419,10779.1951,13198.2154,7035.1442,8558.3224,9854.7900,13285.5689,11735.5865,10996.6650,389457.9569,425820.5608,401296.5402,403794.5050,404119.0160,405575.0761,412857.0265,407649.7941,362273544.1003,362323394.0253,362269726.3880,362273369.2581,5920.6289,4393.0009,12856.7644,6169.9358,9540.5991,7695.7991,2852.9511,10562.9922,11150.1727,6807.3589,12604.6349,9692.8628,5438.1515,10485.7322,6811.3871,3885.2324,11495.6059,11474.9400,11543.7932,4422.2618,12478.4742,3594.3073,7079.0351,8916.3202,0.0000,11087.8976,7980.6561,12267.7462,2982.3408,8793.1373,10199.9530,13654.2121,3204.7171,11422.6576,13727.1095,12686.0912,12965.2455,10933.1720,11002.6608,8122.1526,12219.6490,3971.5361,2817.3374,9632.2176,11463.1267,9845.8460,9031.0514,383391.8763,419809.0976,395317.3305,397778.3111,398215.4912,399625.5630,406859.1729,401648.9212,362270623.9200,362320473.8193,362266806.3653,362270449.3081,9592.0975,9777.9833,5532.6622,10074.1769,3109.1653,5511.7235,13285.8387,10824.3141,4949.9141,11591.0688,5273.7735,8224.2955,5871.1250,1313.8627,4383.1444,10678.3432,13164.0202,9406.7091,7345.9476,10947.6875,3501.5709,3839.6291,12547.9159,0.0000,12345.8399,2855.2552,9973.5036,6453.9139,12365.4846,5686.2642,13114.7448,8561.5798,12997.4937,11667.5426,12988.6567,11469.0218,12992.8436,11769.3539,2677.4077,12436.5759,9252.8580,8114.4709,4645.7515,11708.3261,12351.9609,3753.7077,381837.8224,418344.7416,393732.6660,396220.5109,396682.4325,398030.6795,405198.0198,400067.8168,362267494.7281,362317344.5455,362263676.8009,362267319.8099,13620.4042,8470.3959,9269.0380,10752.3011,5775.6323,7331.4162,10805.9677,9341.3494,12139.4960,12106.5380,5698.7292,12735.9893,10223.1861,7163.1933,11372.7814,9071.8936,12264.6555,5427.2825,12385.3699,7331.0116,9995.8618,5183.3611,0.0000,9312.5173,11039.2837,12813.7782,5091.9378,5256.2040,12498.8681,12396.5328,1294.7243,9156.2442,13586.3068,11106.5992,12703.7865,8374.0328,9785.1819,11241.2045,10919.1792,636.4426,2370.9551,12246.7259,10427.7488,7296.2311,11875.5378,387008.7013,423406.8034,398962.1762,401406.5415,401859.0734,403279.5913,410522.5344,405287.5411,362274856.8783,362324706.7993,362271039.4069,362274682.3292,9788.8439,8918.5008,9087.1148,12709.9580,11408.4069,7180.5930,10835.6775,8104.9749,5764.2676,11668.4188,4796.8669,9143.1309,11135.6251,6354.3031,9756.9830,4657.1548,11775.2591,7323.6419,11159.7759,10108.7926,12885.4479,0.0000,11162.3259,8386.5651,3459.3673,12205.6733,13018.4398,5134.5218,6628.3922,13302.6772,11150.2881,3118.6586,9250.5629,6979.4116,10317.1698,8548.6868,8148.9245,9661.9103,13535.9614,13581.9065,5983.6977,10075.9431,12406.2333,7189.3317,390069.9870,426671.3261,401954.4503,404459.3768,404969.7643,406248.3323,413335.7730,408286.6980,362273429.8868,362323279.6169,362269611.4386,362273254.4949,5471.8191,8140.6948,7962.2045,11007.0289,7031.8035,9490.2100,13463.3806,5679.2147,3983.7518,7069.8665,6476.1887,2612.3200,7218.1509,10264.6788,6863.6747,3610.6161,13014.5961,3454.4274,8788.9805,11495.8677,0.0000,13531.6164,7598.4378,8048.9653,3976.8765,11816.0584,6449.1626,12881.3787,7433.5325,13513.3709,11626.4591,13730.8027,13206.5224,9942.8039,7945.8202,7168.3727,13756.0707,7960.5741,8284.8079,6563.2457,13480.7157,12930.2725,7602.4328,385283.6990,421685.6167,397116.4331,399622.1625,399965.5125,401393.2942,408646.1970,403469.4829,362269383.0299,362319232.9197,362265565.2322,362269208.1448,11756.6119,11370.4679,7834.1863,2478.2259,12762.2908,13095.2794,8064.7467,4897.5976,8998.1327,10597.2655,7480.5649,3267.1176,6027.1995,4975.7939,5761.6073,12883.6916,8342.7696,12331.3394,10070.4250,0.0000,12949.4130,11185.3602,6036.8804,7170.0309,10801.7193,8498.0735,10491.0253,8878.1392,12296.8133,9826.2640,12332.5490,12709.9093,5826.6706,2856.8204,10831.1870,12963.1578,8956.0037,10328.7467,9293.9659,13247.1659,12313.8115,10792.7904,390744.2554,427136.0576,402570.8957,405078.6823,405408.9789,406845.3042,414105.4046,408925.7439,362274006.1459,362323856.0435,362270188.2742,362273831.1599,6186.3463,13736.4931,11983.0483,3138.7087,9591.6586,6032.8879,10488.5804,5792.0418,1898.9730,7177.2616,11688.8114,13751.7781,10211.5433,9704.9696,8846.8090,6301.2701,1663.8976,12747.6623,0.0000,11027.5924,1062.1598,10345.6903,8852.8832,12364.3234,6002.1218,12090.8096,9977.4236,11962.1200,10655.0459,11594.8054,9491.8423,13730.8854,12878.0317,1802.1277,10818.5913,10578.3082,9149.1605,4753.5062,9974.9706,11606.7752,2557.1344,381986.8582,418567.4954,393922.2262,396398.9013,396942.8071,398233.8506,405338.2111,400244.7603,362268277.3938,362318127.1579,362264459.3174,362268102.3870,11493.3205,12547.7999,4406.2614,11218.8688,9909.4408,7941.7199,10334.9538,5963.7046,5722.5529,12732.3007,12592.9459,12432.6602,6983.8789,11071.5122,4975.4325,5078.3257,9320.2509,0.0000,9917.3176,6806.9882,12894.9511,5640.6376,8871.6171,10236.7421,13313.2683,5010.4158,10639.2709,13426.8634,11791.0228,11712.1118,12187.7896,12497.7742,7196.8907,11014.4296,5633.5042,3552.2858,9404.0080,10009.4581,9070.8277,8139.3437,382406.6812,418886.9104,394371.0108,396820.4036,397330.6783,398692.3875,405873.3692,400691.2362,362270468.7118,362320318.5673,362266651.0628,362270294.0606,7969.8476,13041.9419,10329.4251,12934.0790,8490.8184,13165.0692,13479.8106,11393.8042,8545.4669,2929.1206,10357.1476,9120.6999,10834.4399,11838.6106,13467.3017,3829.1042,0.0000,7952.6159,13693.0525,10364.1810,9930.2598,4811.9200,13039.9923,7790.2233,8093.6433,6633.1192,10093.4776,7865.0095,10598.0686,2527.1720,6028.4636,13783.6832,8729.4471,7597.0293,9161.3825,13421.8429,9279.1277,6663.5383,13790.4223,393838.8414,430286.9599,405786.8623,408241.0368,408713.6187,410101.9669,417307.7277,412112.3543,362280236.2916,362330086.1718,362276418.5220,362280061.4560,13184.0111,12105.7030,7792.5858,7130.9624,8385.0095,11071.3693,9115.6484,967.1625,5566.0615,3407.0150,7876.6916,11848.3168,9817.9016,12693.1610,10640.5384,0.0000,12607.8276,11336.0550,4112.9375,9127.1183,11333.5269,8004.1464,8917.1416,10536.7771,11902.2727,7922.0558,11407.9274,11528.4734,5763.9444,2250.0492,10979.1877,12204.1263,10588.1308,11790.0888,9015.4160,12690.8813,12416.8826,10676.1609,392064.1556,428501.6979,403895.6128,406406.9030,406767.9966,408171.5383,415395.4236,410247.6197,362274901.4216,362324751.2817,362271083.3787,362274726.2948,8906.0567,8678.0267,10758.6092,8468.0571,4335.6173,7929.6816,13049.2569,13719.1927,12058.8133,9922.5889,8460.6208,7001.5172,1507.8424,11239.4075,0.0000,9294.3542,4132.4771,12134.1387,8858.9866,10640.3865,8672.4125,12128.4305,8774.1446,10433.8581,11646.2473,10639.6286,9251.4091,13606.0817,13579.7648,4845.2735,9603.0608,9305.0303,7471.8420,7577.1504,8477.8630,9652.3617,5532.3352,382016.6124,418598.5636,393999.2555,396452.2585,397040.4830,398326.7944,405425.4836,400310.9082,362269819.1607,362319668.9346,362266001.2121,362269644.2894,11199.3773,13790.3893,10228.1505,10756.9954,13347.0196,11791.2853,10684.3286,11354.2361,13664.7548,1137.6789,13003.2606,9317.1287,9793.9475,0.0000,4626.1348,9786.4442,10472.7427,13555.3898,9300.6710,10705.8863,5126.4675,12382.1210,5384.9821,6327.2422,3265.4264,1341.0304,11109.5239,12014.8471,10206.4514,2557.9305,12411.6727,11850.0980,10548.3518,2788.9600,7027.1855,9733.7546,389946.9592,426620.8977,401970.2250,404414.2770,405096.4360,406310.8663,413326.8504,408267.4625,362277240.1244,362327089.8244,362273421.8152,362277064.9477,9056.5147,1567.8474,5042.9455,6899.4080,7256.7267,11695.2489,5136.9651,8767.2255,10364.8804,6825.3792,7467.0006,13646.6999,0.0000,13200.1823,5020.9188,5598.2779,8839.0253,13745.0990,854.3956,11118.2122,11283.6990,13475.6726,8502.5252,12558.0430,10507.9883,11824.6408,9505.2911,4366.9517,12507.5574,11791.3676,11500.5772,1564.4812,12323.2341,13713.8272,3862.5512,385312.6862,421838.5661,397158.0609,399672.9996,400102.9833,401439.1390,408591.8346,403502.6597,362268709.4237,362318559.2104,362264891.2203,362268534.2281,10199.6674,9159.1306,4280.8459,7761.8063,8360.7383,8634.8135,1151.0693,13663.7968,5225.3354,10592.8315,8890.9561,0.0000,12587.7909,10237.5168,9695.2626,2721.7200,9417.9024,9686.2746,12749.3503,4912.9590,12252.4833,12618.7555,13168.1668,13802.4965,7734.4083,6857.4031,10034.2966,13336.9773,5172.4214,6494.6392,9842.3316,13146.2990,11302.8771,10525.9375,387252.9009,423607.3659,399109.4671,401597.2085,401934.1173,403394.2265,410681.2597,405458.9182,362272290.1177,362322140.0534,362268472.5218,362272115.3962,5292.3695,8090.3719,7747.5457,11946.9180,5502.2119,9917.5352,9312.0216,7901.7513,7263.9541,13830.3795,0.0000,12697.9765,4795.8203,5552.3888,9938.5886,13854.9557,742.5956,10410.1358,12006.5686,13056.0087,7578.6603,11867.6168,9445.4177,12172.7869,10050.6651,4245.1488,11778.9220,12485.4321,12074.6087,1327.7124,11619.4174,13503.1383,3371.6557,385595.8091,422158.8218,397457.4278,399968.8383,400436.3117,401743.9458,408865.1776,403796.5973,362269149.7742,362318999.5328,362265331.4792,362268974.5167,5562.8301,10833.0458,13329.4531,9389.4416,8345.0061,10043.5531,4718.1644,3006.5940,12735.9010,0.0000,11900.3329,1548.8247,9776.8668,7520.4731,12489.9460,5267.8873,12576.4924,9292.8626,12646.8127,11011.1191,12421.7843,10592.6875,13239.4404,12068.1342,1483.6671,11810.0737,9946.9675,8725.3366,4071.1144,11067.4685,12175.0838,2634.7155,381977.8621,418516.6997,393884.2725,396370.3086,396862.1357,398186.1606,405326.8723,400215.3511,362267706.6676,362317556.4606,362263888.6579,362267531.6919,9343.1477,11306.5500,8999.9329,3292.2225,12960.4265,1093.1255,7430.3199,10996.7924,0.0000,12953.3515,6939.9114,9999.2871,2499.0744,11127.7568,7602.3124,13620.8360,5954.8823,13148.3334,12746.7053,13726.6111,13315.5666,10884.9737,9654.9629,6700.5913,13496.4367,6630.8953,6408.3822,7255.2248,12971.7163,12164.6812,7479.7778,383585.9330,419992.8857,395450.0079,397940.6291,398315.2169,399737.5555,406985.0727,401796.0357,362268892.4342,362318742.3278,362265074.7388,362268717.6645,6119.3083,2556.2976,8418.5253,11464.2990,9978.5917,12488.3709,11146.3908,0.0000,12649.9642,10995.1675,3181.8851,9579.3909,11779.6203,7398.5337,8625.2637,11072.5204,12010.6243,7269.3656,11295.1991,11124.3999,6416.9527,3064.2198,10618.1498,12079.5486,11160.6982,12217.1734,8480.9330,12580.4307,12653.7611,10224.4735,391931.4656,428387.5418,403762.1879,406276.1574,406647.9080,408037.8689,415246.9614,410113.5012,362274592.7251,362324442.5688,362270774.6152,362274417.5458,8201.8061,9161.0384,10970.9089,11873.8625,13836.3774,6551.5076,0.0000,9535.3832,13486.5164,8183.7563,10253.3448,7443.6955,11777.7787,7081.2920,9502.2737,8292.3023,8646.8174,8584.5471,10582.0592,938.3403,3570.5524,13433.4799,9658.2499,9167.2778,10730.7924,12427.3963,10385.0791,8858.7172,13264.3858,394585.4336,431035.6923,406493.3138,408968.1492,409403.9327,410794.8361,418003.6466,412828.1858,362279539.9158,362329389.7854,362275722.0121,362279364.9384,9006.0298,10796.9377,9452.4956,11265.6357,12447.3613,0.0000,12985.4309,9386.4320,1460.0309,9879.0410,12899.0945,5170.1697,8926.5468,11788.5323,12638.8654,6580.3913,11579.7108,10528.9679,8532.2820,5491.3734,8926.0220,12159.1186,12020.5084,12642.6042,6393.5630,12526.1060,13343.5118,8373.1434,390263.8124,426755.3469,402090.9226,404610.9608,405002.2395,406365.4920,413545.9382,408441.1549,362272700.4078,362322550.2190,362268882.1863,362272525.1498,13502.1102,4195.1262,9755.0820,9108.9711,0.0000,12497.1574,9507.3886,10048.1785,1587.8909,9511.4366,9416.6961,13050.8058,4442.2031,12309.1004,12836.6618,13251.6327,13715.2807,8559.2898,7753.2902,9328.4242,13288.7746,4855.0954,5824.1191,9421.9655,12978.9063,11242.3337,9920.2268,386176.0671,422539.4519,398039.6696,400524.9845,400873.6292,402326.8770,409606.8470,404387.2516,362271506.7306,362321356.6604,362267689.1417,362271332.0271,12587.6029,8716.0167,10427.7381,0.0000,5560.2666,8983.3272,9899.2596,13372.4254,9968.9541,9828.2904,5379.9778,12512.4140,6335.9519,5844.3730,4233.7714,929.6674,11406.7582,11967.7547,9381.2063,3624.5319,12606.1575,11977.2797,9650.8473,3689.6963,7835.6742,8833.3458,389338.6348,426016.3266,401349.5386,403800.2715,404473.4516,405686.0543,412700.4123,407649.4432,362276266.2433,362326115.9374,362272447.8962,362276091.0314,6485.7426,11176.4310,0.0000,12701.3314,6151.4291,10353.9618,3146.2218,11198.8025,7479.6684,13682.5931,6118.9595,13031.2911,12781.3845,13586.4137,13007.8390,11483.8035,10386.4005,5972.1567,13240.0040,6839.4126,6235.9933,6945.9336,12619.4551,12013.0286,6856.7964,382859.9452,419286.3992,394736.5099,397223.3463,397620.6817,399028.3142,406260.0680,401079.0527,362268498.3331,362318348.2135,362264680.6180,362268323.5619,12035.4182,0.0000,10223.5648,2693.0670,11383.2397,8751.5535,11539.7930,7463.9683,12236.5504,9299.4137,11273.2571,11291.9196,11209.7701,9451.4736,13758.6361,13329.1443,3410.5998,10286.4969,9881.7412,8209.8343,6285.7293,9283.4313,10679.3557,4161.0305,381774.7823,418355.5011,393734.7701,396199.0642,396765.4900,398054.6998,405156.9332,400051.7492,362268889.0044,362318738.7744,362265071.0013,362268714.0750,0.0000,6136.0612,12996.7531,12493.1407,9337.8833,1122.3039,13769.9919,9225.0225,6276.6591,5233.4314,11677.9959,7580.6827,10487.0865,6096.3974,9047.6683,13269.2029,7822.9113,5697.4606,6744.2964,13774.8644,7856.0093,3898.6994,13506.6926,391342.6695,427803.4848,403337.1762,405769.0956,406295.0642,407668.1050,414857.2731,409650.7300,362279454.1477,362329304.0258,362275636.5014,362279279.4622,0.0000,0.0000,0.0000,0.0000,0.0000,0.0000,0.0000,0.0000,0.0000,0.0000,0.0000,0.0000,0.0000,0.0000,0.0000,0.0000,0.0000,0.0000,0.0000,0.0000,0.0000,0.0000,0.0000,0.0000,0.0000,0.0000,0.0000,0.0000,0.0000,0.0000,0.0000,0.0000,0.0000,0.0000,11440.9243,12462.3514,12338.9434,5383.6756,12971.0087,6808.9600,9955.5015,1645.0196,9390.1556,3148.2837,5778.0567,9663.9488,11772.4430,11922.5343,2342.9463,9763.8109,9392.0673,12751.9215,2061.0932,2622.9089,11865.6284,390377.0807,426983.0286,402426.1721,404848.7035,405513.2779,406775.5083,413843.3489,408720.6088,362279087.5561,362328937.3210,362275269.5586,362278912.6417,9548.9929,8780.1606,12694.5488,4988.7421,11906.5905,10228.8663,12274.6287,10196.3932,11762.2081,9550.4794,13495.0031,12380.5110,767.5622,11102.9823,10830.7278,9583.8897,3713.1933,10373.6290,12045.5104,1566.6288,382361.5614,418936.3521,394280.1592,396764.5343,397289.6584,398586.1106,405696.3475,400606.6953,362268111.1270,362317960.8919,362264293.0167,362267936.0786,10853.2763,12895.8859,5408.1206,7878.7268,12432.9124,12119.3573,5261.5346,10776.3496,9549.6613,8651.2917,5943.5062,9150.0808,11412.0285,12631.8732,13174.5521,6619.7406,11877.8745,13072.9534,8457.3404,390908.3280,427431.3124,402749.8662,405266.6574,405689.7109,407029.2441,414183.4350,409095.5066,362273451.7444,362323301.5321,362269633.4405,362273276.4278,9565.5586,9482.9588,13540.8417,3889.9910,12345.5403,13319.9666,13376.5887,13689.7246,9668.5515,9081.3566,8671.4014,13230.1210,4495.8054,4870.2424,9260.0427,12753.2764,11091.9376,9413.6571,384810.7055,421186.4314,396689.0921,399168.5053,399538.0477,400981.3778,408251.0080,403032.9196,362270693.8284,362320543.7513,362266876.2614,362270519.1625,13838.3497,9312.3445,6343.8691,4685.2655,11789.2058,7226.8928,10103.5804,7052.3960,9870.0548,13026.0678,7272.4826,5817.3685,6482.6420,13745.9399,7157.9958,2960.8578,13287.3559,390704.5477,427182.8170,402714.1794,405140.5839,405691.5844,407050.2404,414223.7251,409023.3637,362279231.1701,362329081.0362,362275413.5137,362279056.4925,10696.9859,11730.5530,13275.9503,7933.4453,12197.0584,9953.1684,11966.9811,9717.5976,4381.4615,12143.9632,12218.3647,11884.5597,1356.6112,11988.9751,13644.2234,3666.0404,385570.3607,422115.7350,397422.7013,399936.5717,400384.8372,401706.1007,408842.3275,403764.7845,362268983.4486,362318833.2201,362265165.1905,362268808.2134,12730.2041,6168.9783,3776.1894,3934.5125,4602.7180,7812.1702,8577.3793,12036.2885,5182.5100,12611.4006,12976.2456,11159.9963,6374.2949,8267.1784,11430.8622,393887.5991,430504.8137,405856.3548,408321.3453,408914.8904,410178.3926,417247.5281,412169.6217,362279425.6583,362329275.3962,362275607.3349,362279250.4016,9908.3749,13562.9123,11638.7445,12863.2263,8824.6516,9753.2354,10388.8535,11406.7471,771.4671,1925.5938,11434.0817,10862.1599,8154.0610,11088.1946,386097.0731,422491.6507,398035.8614,400487.2086,400923.8102,402348.3953,409596.3740,404364.9095,362273614.0220,362323463.9428,362269796.5373,362273439.4574,9171.2200,2878.3607,6335.5182,8443.0197,10850.2711,12683.4069,2936.3962,9620.4808,9645.6640,13210.1663,3351.2872,2484.8128,12593.9057,391765.3492,428350.9841,403803.6726,406229.2515,406870.4605,408149.2999,415234.9933,410101.7530,362280144.7200,362329994.5005,362276326.7433,362279969.8044,6905.5958,5181.6469,9360.6539,8569.8134,10151.8841,7622.3248,13640.0245,13818.4377,8591.7891,8395.6170,10891.2585,9294.0452,392242.4351,428867.6680,404165.6386,406654.2989,407212.9398,408472.4240,415537.9678,410488.3779,362276390.4818,362326240.2008,362272572.0226,362276215.0952,3928.0306,9009.5562,10741.2686,12121.9570,1539.4989,11469.8026,11420.8088,12244.5092,2925.8503,5196.5082,11770.9619,392289.8042,428920.8075,404315.5038,406753.2309,407409.6087,408656.8300,415707.9571,410614.5940,362279778.3389,362329628.0772,362275960.1539,362279603.2459,11080.5733,11629.2067,9894.8547,3652.2389,12925.4462,12448.8552,9899.8850,4059.3343,8058.3101,9287.3412,390196.9912,426874.6839,402202.6390,404656.0734,405324.0840,406537.3269,413552.1104,408503.7796,362276845.2344,362326694.9270,362273026.8569,362276669.9889,3658.4625,13446.5132,9992.8978,8459.6756,10140.8375,12565.5268,10622.0884,8744.2472,13358.7424,394174.3810,430606.7607,406081.2055,408554.2379,408978.8974,410382.4040,417605.0617,412416.9404,362279305.0959,362329154.9805,362275487.2596,362279130.1739,12131.8629,11643.9932,9646.6677,11146.9493,10577.5264,12200.9585,11270.4269,11933.4827,393135.7882,429558.5696,404988.3865,407487.3476,407857.7052,409271.3721,416505.8618,411336.5537,362276675.0963,362326524.9751,362272857.1522,362276500.0555,11541.8110,10999.3996,9867.2378,3076.3381,10879.4953,12493.9088,1184.8932,382449.2707,419015.0960,394354.2348,396844.3260,397351.7197,398655.5905,405773.9904,400684.2041,362267823.9829,362317673.7520,362264005.8637,362267648.9169,11292.2524,10939.7486,12021.5436,1435.3145,4831.2835,11257.3225,390956.8704,427599.1780,402995.7308,405428.0557,406104.7048,407341.5717,414381.6110,409290.9831,362278932.2806,362328782.0118,362275114.1136,362278757.2209,2330.4307,11970.2816,10800.8058,7827.1112,11657.5972,386723.8743,423114.4526,398667.3988,401115.8288,401554.6604,402981.4842,410231.5361,404995.3960,362274349.9006,362324199.8258,362270532.4325,362274175.3485,11388.3911,10179.8801,7713.1029,10645.2494,384882.6118,421307.9538,396846.2433,399288.9197,399766.9430,401167.2215,408388.9547,403168.3540,362273087.0853,362322936.9857,362269269.5823,362272912.5328,11710.6093,13429.0944,2381.0467,384445.9387,421000.4902,396312.0643,398820.1733,399286.3086,400600.1899,407728.7871,402650.8089,362268382.1868,362318231.9545,362264563.9572,362268206.9919,4531.0571,10696.9744,389602.6720,426244.0941,401648.1713,404076.9193,404759.9424,405996.3360,413036.2558,407941.7983,362277965.4651,362327815.1986,362274147.3428,362277790.4547,12637.8431,390251.6854,426799.8948,402293.0898,404712.2171,405335.0226,406639.8624,413754.3741,408591.8190,362279245.6257,362329095.4387,362275427.8158,362279070.8542,383154.4639,419736.8380,395056.7759,397550.2271,398065.7040,399357.1795,406461.6556,401386.3771,362268197.5983,362318047.3519,362264379.3985,362268022.4623,37818.6873,13797.2220,15011.9576,21055.7808,18721.2030,24673.3479,18975.6427,361936198.7154,361986048.4445,361932387.1320,361936031.4733,26017.3034,23321.7002,23445.9389,22337.9318,20079.0153,20255.1105,361903490.6584,361953340.5694,361899680.2808,361903324.5445,3930.5619,9514.0040,4924.1479,13443.4396,6602.5275,361922649.7495,361972499.5277,361918838.3438,361922482.6370,10925.5635,5689.8682,11768.1236,4229.0890,361921953.5086,361971803.2829,361918142.2255,361921786.5477,7565.8579,17898.3300,11304.3010,361918176.2614,361968026.1927,361914365.3123,361918009.4366,10925.5635,4730.9418,361917811.5937,361967661.3889,361914000.2516,361917644.5282,8095.5667,361912588.6461,361962438.2886,361908776.9562,361912421.4210,361917857.1206,361967706.8779,361914045.7978,361917690.1407,50314.8921,27132.1937,22542.5337,57662.0643,53177.7249,8158.7775,
54000.000,6825.2629,4117.6379,12727.3186,10869.3259,12106.0922,12239.8101,12488.9381,1644.0998,13036.7757,9951.6472,11446.3827,12788.9941,3062.7606,8493.7630,11532.6362,13245.5446,9795.1015,13712.9412,9765.9050,822.6645,7633.7892,7759.0948,9180.2134,12463.7544,12767.0392,2259.7186,5254.4893,9562.1170,11440.8405,8103.7588,10544.3174,10083.1681,4099.6038,11344.2543,6694.5782,2231.8236,10859.0871,12437.7711,12132.8433,12479.1255,13312.3281,12262.2946,1099.4773,989.2992,9390.4016,9852.8278,12018.3947,11443.9641,7614.5367,5867.7594,5647.1381,11046.9417,11089.8779,12665.2245,3059.6226,9811.6807,4379.4127,11421.4628,13416.2842,9344.8319,3167.6771,12556.4252,11125.0327,8040.5372,8848.2159,6342.4823,10056.2151,11640.3238,3890.2437,3909.6144,6319.1935,8595.2417,12396.5377,11880.4611,13747.4537,12010.1683,0.0000,11455.7492,11558.9448,6322.0688,9459.6366,12427.0799,6818.3142,5851.9304,12777.0117,11021.0530,7600.4943,9443.9714,11630.5092,7646.9161,1439.1438,10500.4694,10455.8431,12084.8589,13802.4068,7816.7530,12297.9091,10971.0929,8796.5648,381506.7786,418325.2264,393661.8666,401334.9618,395091.5711,398679.4438,404590.9198,399409.6990,362276585.8917,362321438.5396,362263524.1943,362269499.0426,8189.3560,13531.0045,13091.1774,10839.4936,13496.9007,11368.3653,8184.5107,12252.8566,10823.4444,6120.8937,12288.7176,6481.6946,2185.4587,6978.3763,12326.8619,10553.2477,10997.3077,10128.5220,6946.5720,8296.4962,12309.9729,8526.1033,10884.6615,11253.6954,8650.4241,7320.0981,13086.9026,9866.0479,12390.8131,7946.0689,6586.3011,5236.6575,6873.4796,8579.2391,6039.7957,13471.5803,10343.8261,7734.5741,9047.3549,13350.9756,10916.8026,7065.3490,5949.4891,13107.7189,12979.2513,9708.0516,8113.7249,1543.7795,8952.3630,10089.7297,10325.9687,13618.4357,11457.7233,7457.0529,13233.7927,6469.0331,13790.4276,13285.3228,3086.6833,9370.1024,13689.5736,7548.5138,12102.7782,11709.5464,11511.1125,13313.2220,13733.7251,6443.5775,3834.0714,11118.7711,11405.0244,10762.6715,13800.3727,11001.6933,7071.2832,0.0000,9532.0124,13383.8285,10665.0768,10664.0644,8104.2636,11729.8028,1386.2418,12526.6037,8104.8415,8381.6797,3663.6864,10403.7400,1453.7285,8014.1647,13518.0095,5114.5077,11467.7653,12361.9242,12376.0451,10755.5212,8163.2131,12799.4481,383407.0110,420262.2409,395544.2695,403195.7895,396918.9662,400570.8217,406354.1746,401279.0765,362275321.4232,362320173.9908,362262259.3444,362268234.1537,11072.4154,11270.2664,9657.0774,12296.2993,10169.3535,3882.7241,11027.9944,6622.0340,11899.9157,10617.9648,6899.8711,9118.7997,10684.6283,11417.4399,12016.4337,12998.4951,12135.5163,4834.3896,4253.1006,6634.7408,6182.4742,10219.2616,10646.0900,3648.9294,8676.8238,7882.8288,8903.4724,6700.2885,8425.2515,12192.5889,7696.6320,12598.4286,2941.8037,6143.4051,9188.6968,10352.5755,11327.3022,13492.4847,12860.3405,13586.6499,5012.9568,4325.0396,8106.4019,10435.2475,9876.1533,9699.6816,8206.3122,1877.6040,8136.5205,12959.9758,9545.5217,13683.0547,1136.6367,9495.8260,8075.7882,10636.6302,12200.4698,10044.8108,4020.4863,11105.7219,9496.6214,5816.0047,10609.1360,5498.7627,8859.5454,11254.2355,7655.4884,4811.7076,4237.2328,10490.5697,10239.1492,11165.3965,13502.0934,11873.0838,0.0000,9047.6350,11741.3104,3391.6791,11719.0180,13074.7451,7517.8334,7010.3350,13224.0638,9015.9356,4157.3669,9441.0658,9030.3683,9275.6902,3916.0698,10201.6352,10076.1120,13393.9007,13474.6897,7904.8510,10054.3403,8904.6557,7368.6715,383408.0727,420133.3923,395530.2288,403211.5921,396879.1988,400526.4049,406517.8077,401255.4007,362277896.1400,362322748.8840,362264834.5825,362270809.3122,6472.5418,6064.4718,5312.2258,5230.1435,12008.0248,3647.9123,6850.3107,11532.8697,3521.3379,13166.3777,12871.2273,10244.0156,3577.6586,10803.6119,6825.5603,11283.8949,12802.5227,9713.9103,7573.7434,9076.4102,6004.6881,5459.5369,11662.5963,12726.2227,5471.6303,7382.3318,7055.0327,9112.2035,12629.8213,13652.0898,11725.5271,9975.4362,13294.8599,3596.5273,6741.9142,9798.6135,10408.3313,4030.5902,9523.8729,12715.0507,13005.0310,5847.0048,7481.6234,7556.1408,9231.3672,13092.5932,10026.0797,11331.3226,10598.6412,3422.9993,8689.6816,11608.1538,6190.6489,13367.0697,4027.7503,2201.4263,12779.2415,11193.7466,958.6604,9719.3466,7103.8357,9740.3983,8893.1090,4991.0462,4577.8174,13349.7329,13130.0291,8758.1087,9960.1912,5909.5594,3639.0027,7437.6281,10636.1013,0.0000,7756.9566,5790.9458,8904.0886,10801.6744,10655.0071,9323.6301,13424.6303,6615.1022,9229.4651,9819.7296,12326.6429,6706.0231,13543.8840,12101.4467,5719.3301,11591.0134,9090.3266,5669.8157,8249.2553,5973.2410,9189.4560,6430.6848,394106.7001,430890.1601,406256.5649,413935.9432,407671.0633,411266.1537,417222.1767,412000.3288,362288166.8554,362333019.5366,362275105.0450,362281079.7678,11049.3809,2201.0599,10487.2881,9969.0557,9262.7154,10841.8326,12302.4400,9264.6790,10148.8039,13248.5177,12775.8898,9036.8185,5774.6983,9724.1705,6515.4953,10534.4732,12170.1223,6341.1323,12366.7702,10984.0233,10575.3975,9744.5965,8890.5083,5963.3533,11839.4082,6372.5728,12603.4319,10480.8083,10902.6687,11024.6360,11842.7065,10743.2305,5498.1118,11387.3234,12446.3962,9649.8646,4956.5129,6747.5948,10311.4908,11371.6028,5302.2741,1809.8225,11920.3515,12745.9233,13400.2464,11255.2242,6820.2413,6670.9118,5176.7304,6320.5548,11308.8683,3037.1020,10020.5513,3198.5060,6626.9345,13152.8977,9142.9632,5634.1771,12957.5306,7687.4605,3883.5204,7312.1655,4634.4758,2191.1871,10120.9175,12711.9805,8529.6617,4226.9468,10806.2468,3135.8946,9222.5635,12318.8321,0.0000,12058.3851,1041.4389,9452.2813,5549.6903,10932.8742,5606.9668,13093.0813,4561.3529,12801.7527,12244.2184,13456.5234,11432.8115,12830.5459,10062.1069,2397.0774,13307.2685,5641.9662,7216.5309,4921.7056,10894.6088,12793.6539,5969.2564,390922.8334,427821.7745,403126.2334,410800.7397,404682.3265,408162.7966,414051.9810,408907.7398,362287065.3380,362331917.9074,362274003.4683,362279978.3833,10202.4832,1015.5629,12014.7701,2938.4434,4066.6632,8924.7322,2750.0935,13135.0028,9616.4034,5990.0920,3456.5115,13281.9595,6092.1127,13440.3996,12467.6992,6263.5778,10174.4552,4567.9585,814.3429,1458.3106,11811.5788,13422.8345,8791.4904,1574.7309,9673.5391,3749.2242,12260.6986,13144.8263,10617.7458,7350.4306,12859.6477,7893.5791,1505.1220,5873.4149,10401.6606,8438.1096,11616.2640,12514.8382,11979.7659,9440.0150,11725.9057,1912.4245,3956.8275,9802.7727,8263.4361,13321.2932,12663.0014,8056.0552,11092.9243,10242.0224,10534.1387,13491.8535,9271.9691,6304.8233,9657.4759,11771.0116,6892.8368,4551.3956,8799.5880,13032.8695,10753.6419,9152.1635,9810.7609,13401.9690,10738.2285,9692.6426,13073.7946,1042.0164,9081.0454,7526.3120,7539.6954,0.0000,1948.4022,10626.0254,8991.1553,13383.0337,9415.3074,12070.5085,10676.3506,10189.9368,3776.3931,6419.2885,8530.4864,943.4853,11147.5788,12039.9175,10443.2229,7533.9314,11791.6432,7897.4691,11462.6319,729.7780,3707.0638,9483.3522,392343.9187,429061.3371,404446.3888,412118.3806,405736.2438,409440.9491,415383.6241,410157.0211,362283947.4788,362328800.2035,362270885.6151,362276860.2233,9501.5459,11484.0817,8023.2877,10739.0819,11699.9770,8145.1672,11541.4984,13297.4247,12068.8642,7680.1483,6635.7555,8192.7225,7280.7450,11969.0057,12466.3332,7733.0343,12297.8114,10007.1018,9480.2070,11273.2063,10244.9287,6742.8896,11192.3175,7601.7848,12136.3487,10510.4303,12068.7532,10542.8400,12387.2308,12085.2033,5631.4955,10411.1583,11578.1671,8802.3246,2903.1126,6093.1725,11771.3757,12624.4658,6321.0491,3984.1948,11086.5117,12070.4448,13615.7565,12030.6917,8713.2256,6747.8306,5236.1917,5352.9809,12411.3855,4523.2811,11337.4216,3265.7744,4932.2636,13051.9183,10740.6946,4538.4635,12364.6765,8650.0530,5746.9489,8853.8764,5409.7394,2078.6623,11470.6021,13531.7627,9756.9322,6034.2221,9810.2852,2587.1783,7677.8004,11517.1701,0.0000,11397.5684,1198.6585,10480.9042,6626.7526,10064.2408,7567.7452,13631.6135,3030.4642,12242.6688,12564.9580,13290.4910,10740.2563,13134.1649,11563.4496,3668.2261,12901.3478,5116.8919,5372.6427,6777.3583,9945.4042,12250.4155,7076.8486,392826.5797,429725.6482,405024.9044,412696.8388,406564.5271,410061.4206,415935.6401,410802.5619,362288230.4595,362333083.0218,362275168.5093,362281143.3964,12314.5354,1937.9296,4545.5808,9120.1456,1800.9994,13378.7719,10153.9048,6440.6283,2471.3018,12975.6165,5566.6202,13171.8994,12800.5473,7027.7597,10041.5883,5457.8990,894.7648,824.7953,12093.7607,13507.4705,8493.1501,2575.3363,9523.9343,4638.1055,12261.7786,13426.7727,10611.1487,8009.3110,13177.8650,7398.7985,1831.9843,6171.6230,10147.1696,7610.5579,11162.2689,12824.8023,12412.8681,9120.3731,11275.2785,2618.8676,4670.6727,10403.6375,8805.0597,13269.2943,12315.4271,7516.5761,10562.7398,10747.3465,10094.3714,13681.9354,8645.4035,5382.6460,10117.0937,11988.9710,6094.6551,5283.8959,8771.5237,12709.5035,10756.9499,8728.4267,9154.4779,13615.4136,11344.0356,9825.7116,12776.0718,971.9263,8389.8418,7000.3447,7735.7827,0.0000,2904.0929,9992.5116,9244.4618,13087.0869,9312.3153,11927.6387,11262.2801,9516.6223,4624.7839,7179.9970,9111.2303,1932.1721,11583.1243,12348.4613,9925.3897,8080.0794,11293.4759,7144.6892,11239.6789,898.1028,4577.3000,9255.2498,393074.7327,429804.0715,405183.8713,412856.2419,406490.3009,410181.1217,416120.7856,410899.0730,362284877.8567,362329730.5714,362271815.9784,362277790.5990,12714.0128,9575.0993,12260.7480,12418.7249,3825.7754,9675.4187,12190.4819,12935.0835,9613.1780,13795.8169,9718.7993,1763.2374,7721.1824,6343.3794,9343.3914,12407.1919,12659.4288,675.2303,5612.7312,8325.6906,11508.4773,6743.1318,10937.0341,10822.8206,5209.3879,12059.3872,6612.1794,3361.4633,9783.1054,12504.8461,12708.4816,12890.5956,12768.2680,12263.1738,1768.7041,2606.1292,8105.0624,8794.0480,12185.8234,11894.1714,8869.5686,5525.0484,4850.6210,11072.1175,10021.3299,12571.8931,3120.3462,8602.3604,5095.8025,10383.3662,12888.8285,10462.5798,1545.5668,11761.0521,11659.0302,6795.1747,8093.6908,4840.4965,8852.4111,10677.5286,4637.1692,5285.9880,5013.8994,7896.0264,12347.5392,10934.1668,13847.8672,12699.4607,0.0000,11603.3476,10705.5238,5263.3249,9199.3889,12995.8351,5432.2566,7249.5325,12389.5851,11439.6064,7676.1807,10495.5226,11588.7865,8932.4694,209.6875,9364.5599,11352.9200,11924.8668,13592.4639,6427.4113,12241.1685,11374.6730,7472.2822,382132.5221,418941.3241,394291.4575,401969.2229,395733.9092,399306.8315,405247.2505,400042.1693,362277804.8055,362322657.4707,362264743.1763,362270718.0256,5696.6873,9576.5152,689.3087,13647.0496,11113.0885,7486.2820,675.4125,12215.0920,4892.9805,12486.6928,13247.2930,8422.3732,9723.6129,7096.3632,2615.4923,1935.7181,12468.5646,13474.6248,7933.7927,4454.3398,9198.1512,6333.7109,12174.7579,13773.9623,10603.1467,9202.1628,13590.4965,6490.4263,3340.9964,7010.5891,9681.5683,5929.3808,10202.3464,13227.5365,13055.8303,8477.6290,10257.7960,4299.1351,6192.9601,11450.6878,9770.8574,12975.3434,11514.9344,6501.8997,9465.9305,11569.5296,9146.1535,13847.2743,7365.0422,3544.6392,10959.2239,12249.4113,4546.8847,6789.5258,8729.2838,11904.2450,10667.7966,7885.4801,7783.2206,13824.5371,12334.1096,10025.6645,12018.8408,2516.3377,6973.5144,6178.1135,8286.7650,0.0000,4747.3380,8637.5682,9693.2763,12339.2498,9207.0478,11503.7839,12237.4095,8123.3910,6297.1085,8567.4264,10197.1297,3816.1120,12306.0469,12762.8245,8822.3352,9170.3219,10221.8990,5727.7327,10686.3732,2642.3179,6275.0478,8791.5310,394161.1509,430918.3295,406285.4872,413958.4452,407630.1846,411289.0574,417220.4797,412011.1645,362286474.6744,362331327.3653,362273412.7700,362279387.4245,11130.1993,5119.4908,11753.3861,10328.9609,8480.2994,6303.4245,13505.6861,9419.6774,13753.1121,10451.8343,3634.7170,7651.3874,3199.4897,4836.6385,5283.1411,9228.7178,12572.2323,6689.3473,3839.4178,7154.1040,5175.3359,13433.3189,12179.9324,12533.3067,4200.1570,11312.4828,6656.1102,5372.5027,8751.3800,12626.2735,9978.0031,13144.6388,10531.7521,10016.0141,7467.5981,10902.4121,5204.2386,6372.8632,10025.6653,4899.4934,11798.2148,13607.8700,7015.8386,12750.0186,7500.1441,9286.4865,12475.8628,8785.8853,8138.1676,10794.5737,9119.7003,7388.0331,6647.3498,5814.5719,12360.0229,7993.1707,7627.9069,9663.8909,12246.4110,9285.7404,6494.8146,12404.3374,4985.6534,9018.3883,10553.6970,10163.5005,0.0000,4328.4722,10723.6281,5533.8253,13406.1497,11900.5884,10057.0428,10174.1198,11624.9062,5660.2897,3703.0487,9647.4418,3522.5134,11534.0087,9640.5299,9544.7292,9236.1074,13040.9090,10398.7051,9499.5145,4710.9685,5498.8453,7173.9592,389626.6181,426300.5341,401725.3978,409407.7800,403013.2355,406709.9266,412725.9704,407434.0903,362282590.6362,362327443.4228,362269529.0113,362275503.6206,9942.4607,10628.1832,4358.8854,3689.8619,9380.4236,10258.1165,6293.5507,9856.1963,11449.6529,10349.3234,13795.6833,9379.1303,8506.2646,8585.8327,12532.5095,10209.3085,13583.0252,8521.1859,13676.2408,7107.1338,5336.1397,9548.2929,2954.8822,11194.0106,10632.1049,13058.9895,7754.2873,3596.4398,4654.3345,10452.1540,8075.0886,11460.5985,10861.0234,13670.4552,13037.3098,7507.2604,6117.3150,5550.3771,11870.9293,12516.0002,8737.6980,13057.4443,8344.0735,11575.4369,13395.3009,10182.5020,12900.7718,10383.1549,3275.3691,12907.2870,11859.0414,5842.9636,13528.8984,12285.6328,13719.7663,13393.0052,12593.8478,10367.5976,9158.0832,13437.7995,12089.6886,8288.4927,12499.5752,6126.9453,1748.4055,0.0000,8071.6119,12137.1474,13082.4940,10676.9447,2729.6903,13593.9511,7168.1128,9702.7931,6818.5706,10514.2357,3903.0390,8963.4505,5251.6300,12154.9527,13254.6401,3350.2880,9066.2348,8353.8701,13748.0418,8451.4856,6981.6761,13729.8663,389119.3247,426009.0927,401261.6050,408904.6524,402645.3890,406296.4769,412021.8360,406999.5616,362279655.7451,362324508.2568,362266593.4146,362272568.2041,13537.0657,11224.5656,7747.1449,1326.3571,12380.6407,5523.4328,12671.5639,13026.1697,8005.7831,9310.0518,6744.1699,2622.0350,2087.3955,12146.4782,13458.2401,7493.9929,4261.8692,8765.4069,6258.4064,12476.2821,13728.7154,10996.2011,8748.3515,13448.6658,6108.5943,3460.5415,7353.5958,10155.5159,6232.7398,10587.5315,13012.4693,12834.7687,8088.2137,10162.9846,4337.1112,6283.9655,11488.8664,9300.0991,12833.9598,11804.8162,6159.2994,9869.7724,11209.5150,8922.9856,13801.9120,7207.1155,3830.8673,11142.5166,11910.6836,4432.7166,6870.0708,8218.5216,11891.2936,10258.9377,7544.9406,7729.1207,13754.8247,12158.8003,9546.2070,12010.7162,2581.1941,6895.8088,6784.9220,8675.8282,0.0000,4625.6092,8681.3913,9184.0800,12469.0146,9681.5304,11235.1056,12195.3497,8463.2785,6282.8858,8143.2027,10328.9746,3559.1612,12417.2029,12474.7187,8651.4813,9358.6312,10556.3810,6265.7327,10396.3156,2626.9712,6240.5784,8366.1453,393857.0303,430601.7277,405978.6573,413653.6817,407317.7204,410979.3526,416926.7680,411702.5544,362286333.6045,362331186.3110,362273271.7453,362279246.3921,8252.3358,11680.1482,13707.3596,7577.2705,13338.2153,7400.7816,2340.2886,9795.2609,8891.1775,10954.6105,13319.2374,13497.5036,4423.7783,2403.6453,10608.0995,12631.4061,9292.7604,11640.7782,7958.1075,1687.7969,9806.9167,9114.6891,1072.2732,11636.3323,13204.7785,12138.1516,10928.5670,12802.8283,10451.9960,2167.9526,3089.4620,10239.4334,9254.0816,12896.3216,12196.5589,7677.4230,8436.2314,4451.1384,8890.7268,11754.9637,11059.7123,5904.8560,9912.2463,1349.1120,11523.0690,13441.4435,8827.9208,4980.7178,12891.1055,11867.9121,9670.7437,7393.5534,7715.0371,10693.5976,11407.1422,845.5227,5274.4982,8266.2993,7042.7385,13190.0119,11836.3717,13015.3627,11548.1103,0.0000,12576.2583,10887.7461,8564.8790,7282.5345,11226.7240,7004.4249,6065.8505,11626.1890,12002.2719,9807.7315,9468.5256,12820.5265,6753.3844,3669.7514,10448.7407,10519.1508,10320.7456,13113.7101,8157.4146,13162.7975,11996.8315,9858.7980,381769.0352,418662.3749,393949.0865,401613.8995,395440.2887,398984.0994,404823.4533,399714.1234,362276929.8192,362321782.3842,362263867.9580,362269842.8861,4997.9625,11158.7554,11069.1616,9509.6407,10658.1527,8659.7960,8189.3348,12896.9091,7879.8962,9558.3347,9928.1139,10049.0953,8777.9670,13283.0184,8641.5563,12874.3011,6603.2957,6529.1949,7082.2280,5897.9167,8822.9055,7888.0336,13370.5102,8893.1700,5777.1590,8080.7218,12687.1869,10554.9751,8764.7821,7690.7909,13396.4120,13413.7721,8240.5252,6458.7609,1250.1029,9468.9012,11349.1688,10409.2577,13498.2074,10978.7351,8603.9381,13561.4475,8165.3572,13721.2752,12414.0207,1192.1148,10670.7955,13152.2271,5874.4813,12494.2887,12434.2928,12336.8494,13465.6169,13660.4861,8187.8700,5369.4462,11814.3326,12170.2599,9427.8281,13612.8324,9639.6390,5130.2389,0.0000,8223.4488,13373.3003,11266.1965,11276.7742,6723.2551,12656.6112,3102.5785,12058.4333,6621.3199,8310.6820,1576.9973,9237.5554,2216.7512,9529.7076,13726.8245,3022.4774,11254.6150,11327.1680,13100.9873,9449.1780,6716.2179,13175.1569,385226.1208,422071.0164,397354.2612,405003.2082,398704.5360,402378.5879,408152.4796,403082.6374,362276308.3238,362321160.8924,362263246.1779,362269220.9502,7493.8006,12265.4968,5804.6239,12052.2080,11773.9050,7973.7100,13046.8711,6513.9591,5656.3981,5969.5174,12320.9546,11814.6901,12504.3032,5304.7609,12787.8248,3777.3632,8510.7704,10921.3069,6370.4232,9143.0759,11425.7129,11925.8757,4775.1156,1073.2223,7335.8123,10450.5288,10216.7932,11842.9045,10988.0247,12836.4886,13465.9947,4251.7189,2550.5026,5758.1523,10141.6621,13411.1101,11074.6254,12013.0440,10163.4775,10676.8930,13192.1598,11646.2608,12449.8728,9482.3404,4583.8020,12654.8650,10808.6391,2303.3677,12234.6683,13440.3383,13078.4753,12613.5116,12484.3542,11682.1315,8897.0025,12330.0041,13311.6454,5513.0581,12128.5945,6583.5503,2344.4995,0.0000,4772.6739,12519.3395,11678.8165,12560.5071,5478.1724,13688.0293,7468.6509,10699.2857,3347.7774,8151.7141,3598.2541,5881.0298,6863.3314,12115.0861,13113.1026,2109.8524,10959.2186,8602.4476,13620.9393,5611.0099,3529.9121,12818.2666,389934.4271,426736.9944,402046.6546,409698.7237,403355.3490,407061.2367,412866.9941,407763.7784,362280122.0521,362324974.6597,362267059.8844,362273034.5675,11918.9875,4374.7562,12187.6020,13419.0541,8922.8018,9945.4752,7604.2349,3023.7208,2279.0957,12706.8631,13419.1937,8159.9486,4933.2922,9438.0985,6679.6063,11898.8270,13801.0938,10292.4978,9690.5026,13697.8594,6642.6066,3624.2051,6937.3902,9241.3490,5437.4639,9730.5454,13387.7194,13260.9639,8646.6951,10128.7783,4617.6766,6412.3917,11557.9077,10230.6712,12972.0843,11128.1670,6609.0685,8962.8635,11912.8675,9135.5540,13843.6695,7277.2092,3087.5717,10938.5555,12483.3437,4440.3771,7002.3767,9074.9570,11733.4924,10912.0229,7994.6744,7595.4822,13845.5961,12569.8516,10371.6453,11850.9294,2878.0526,6808.2400,5620.1368,8109.8570,0.0000,5173.0308,8366.5142,10101.9474,12070.2477,8838.8925,11585.4555,12379.8327,7626.6365,6604.2167,9071.4409,10261.0596,4347.4259,12300.6749,12980.7185,8752.7086,9209.6679,9766.9361,5105.2829,10771.2832,3058.3951,6599.2446,9010.4703,394461.0983,431233.0768,406590.3978,414261.8709,407946.8556,411597.3696,417515.0222,412319.4486,362286766.0245,362331618.6988,362273704.0832,362279678.7514,10552.2815,810.5773,9185.3010,13439.4343,9782.0874,13712.0039,13098.1123,12832.2789,9782.8739,5365.9387,10391.5329,13592.1892,10040.4055,13368.2988,6235.3671,7707.0661,7983.5350,13181.0568,8497.5525,10366.8733,13087.3368,12056.0111,7241.0258,8279.1984,4380.2644,8930.9600,10004.2827,9759.3773,5935.3479,13337.5103,13257.4328,11360.7925,12688.8741,5756.3472,2423.0819,10173.4611,5031.7432,11518.2307,7872.9911,6721.3758,8641.8075,10205.7972,10811.2941,9616.9786,10256.9768,13215.8219,11154.2242,3535.2842,9813.5356,9478.1967,7726.7025,7081.6390,11286.9246,11041.2519,3306.4299,12864.8509,8473.8064,9489.6253,11083.8994,0.0000,13572.9674,6280.8436,11787.4772,680.3619,8890.7193,7579.4119,10961.7823,5900.2882,13490.5989,13527.4736,11802.6784,13507.7548,9848.7758,9596.4537,7722.8941,12068.6477,3749.4404,8754.4890,8003.8144,12993.5490,13539.3168,10048.6768,387796.9954,424790.4739,400019.5107,407676.6253,401620.0208,405078.2140,410840.5240,405814.1235,362283227.8014,362328080.2531,362270165.6783,362276140.6958,10584.0828,13734.6939,10812.3424,12268.3990,9424.4065,5360.9758,4848.8217,13772.1890,12598.5488,11016.1932,6892.8140,11929.2936,7377.5118,9046.2169,12960.3747,6909.6861,11685.0805,13481.1382,9674.4469,5080.2870,4850.5707,5591.6497,5760.6529,7222.2572,13682.8987,13522.8770,11228.8945,11057.2884,5767.3159,6352.4423,10323.4896,12282.1896,13221.4934,8986.8352,9548.8492,6600.4418,13138.9725,10943.2630,13080.6801,9367.7130,5082.6528,8856.4005,13730.6986,7309.6817,6751.6747,11872.0281,11684.0086,12952.9028,10550.9401,9110.5150,13224.8082,12543.8847,12724.9548,11704.2154,5084.8334,8690.3840,1627.8401,5169.9983,0.0000,6741.6613,9073.5298,12543.4337,10929.8647,5054.5472,12914.3880,11536.3316,6464.0411,7056.5662,10988.0233,8668.1875,6781.9687,10494.0100,13784.2053,10464.6592,7494.0722,7781.5130,3306.6242,12430.6866,5390.1270,7163.9633,11613.3491,394266.2810,431122.4103,406412.7060,414068.8866,407807.2266,411439.3149,417243.9857,412153.3071,362285629.1309,362330481.6967,362272566.9123,362278541.6522,9147.4277,13524.8998,10322.0465,13775.0637,13240.6524,12997.9474,9939.3649,5129.2955,10967.3598,13684.4263,10580.5843,13330.2499,5572.8701,7367.7695,7482.5143,13304.3842,8326.6362,10950.8999,13172.2347,11862.4015,6899.5233,8736.8433,4326.0461,8901.8221,9903.6600,10364.8365,6686.5284,13380.9692,13176.9819,10981.6156,12858.3760,6059.5432,2175.9628,10771.5625,5118.7462,11583.3190,8564.7752,6441.6225,9306.4073,10611.9724,10368.7246,9848.5120,10784.5228,13102.0699,11628.0303,4237.0780,10272.6533,10105.2146,8410.9248,6839.1312,11076.9493,11434.0666,3968.8555,13003.1457,9121.4621,9485.7775,10786.2172,0.0000,13631.3792,6987.3355,12120.7641,1325.4708,8533.9752,8117.2767,10610.4182,6296.4607,13436.1012,13616.1060,11446.7197,13644.9631,9352.8654,9684.7229,8433.2618,11759.4122,3920.2140,8971.3519,8607.8105,13135.9571,13492.8986,10620.2458,387459.1534,424460.4189,399681.1989,407335.7441,401279.5588,404741.7403,410487.5454,405475.4314,362282638.2915,362327490.7312,362269576.1312,362275551.1531,8286.6241,7798.1206,9758.4403,12787.4166,13049.7415,2432.3274,4523.2391,9652.6726,11868.3185,8182.8375,10990.7939,9705.6141,3577.5332,11136.3576,7378.0952,1653.3362,10927.7145,12759.1719,12329.1512,12225.0580,13160.6723,11848.6444,304.7731,1446.4385,9405.8920,9490.1399,12383.3946,11815.3938,7852.4849,6536.8115,5006.7508,10525.5403,11129.8763,12293.5326,3816.2971,9624.5808,3678.7683,11305.8423,13422.8078,9443.3132,3235.0723,12582.4781,11503.3803,8282.2508,8283.0876,6403.0654,10039.7814,11446.9638,3183.0529,4403.2398,6614.4998,8010.7167,12704.3821,11751.1268,13673.4282,12096.5292,0.0000,11877.9033,11261.8290,6763.6151,8834.0969,12297.0856,6524.7603,6098.6512,12470.7554,11444.8350,8262.9541,9680.1271,12040.6109,7634.6872,1563.6260,10298.1988,10695.9863,11645.5498,13678.2407,7607.6909,12622.9340,11404.0063,8857.4046,381506.4937,418344.1510,393669.6260,401341.5367,395119.7750,398691.6570,404589.6293,399423.0445,362276776.6172,362321629.2459,362263714.8935,362269689.7663,8477.3834,2063.1619,6912.9617,7523.9178,7540.4770,11145.3080,8526.5255,5185.6039,8215.5559,4795.0397,12465.8037,10057.2743,11900.2927,1477.8530,9104.8549,9066.9114,6980.0257,8637.8383,12714.0204,12052.8220,13646.6856,8452.0504,7468.1811,9087.6085,11923.9813,6329.7775,6281.5904,7536.8769,2883.2428,11087.3133,13681.5713,9430.0417,13540.4399,4959.3076,10703.6398,10661.7747,10877.4226,10680.9187,8975.9538,7790.4112,10110.9225,6172.4562,6923.2282,12586.3097,8087.2176,9505.5907,11580.2062,10362.1283,6205.5894,6486.7670,12514.5022,7005.3837,11174.0532,11745.3736,9762.0094,0.0000,5322.6147,12290.3032,5261.4518,13320.8493,11781.0367,10166.8096,7372.4534,12996.7684,5421.1517,184.7046,7774.8996,5442.4780,9328.4641,7728.3374,11144.3310,7882.9540,13686.3588,12119.3420,10098.4585,6763.8483,5268.4241,8565.5718,386320.0469,423003.6864,398414.9833,406092.6962,399691.7746,403401.7593,409389.7198,404121.0093,362279030.9278,362323883.6979,362265969.2833,362271943.9153,9523.1687,10576.1611,10550.9593,5773.3020,9198.1762,2415.1378,10462.3286,658.1368,11217.6058,13005.3431,10174.1738,13552.4212,7563.5764,8938.4359,4274.5875,11120.3351,13166.6507,13204.2722,9233.1341,11609.5298,7683.6269,8506.6453,2055.3066,5228.1220,11282.7444,12103.1306,12487.5633,6508.4102,6324.6694,11147.6580,4522.4050,11379.3431,7055.5709,3566.9717,9616.3014,5258.0943,9131.7551,13349.1970,4939.1594,7098.0729,12227.7003,2109.6475,6961.0780,1657.6899,3072.5845,6042.4671,9388.5895,10145.1692,2649.2008,7112.4755,10538.1546,6102.7575,12493.3704,13626.4463,0.0000,10820.3700,6875.9893,3865.5052,9341.3511,13652.7513,3188.6097,11644.9436,9937.2394,11681.1756,8461.1193,13101.7619,10095.3920,12765.9325,6523.7962,4442.7146,13245.3732,10853.2991,11159.4450,2349.6359,10440.1405,11587.7247,1328.7018,387413.7397,424185.4444,399575.7960,407264.6357,401033.0749,404582.8650,410597.5570,405329.1126,362283876.6033,362328729.3187,362270815.0812,362276789.8864,5192.4744,5885.8160,9194.9787,12019.1234,9113.9178,3279.2815,9174.6926,2954.2929,12266.2622,11008.8424,11246.0735,3497.6935,10354.8907,9212.0974,5162.7611,7116.2754,11946.5073,11410.4651,13251.0355,9900.9313,8932.2160,9733.0324,12421.1547,4420.3376,4475.6380,7492.7719,4822.2126,12185.3381,13603.3161,9530.1833,13057.0133,6790.0041,11224.0871,11640.2506,10951.4237,9795.2656,8475.2521,9410.1540,9632.6650,4470.8089,7942.3723,13195.6735,9411.4936,9940.4794,11602.3252,11411.4837,7322.5246,7921.1558,13139.8712,5307.9382,11090.7064,10531.2339,8506.5546,0.0000,3365.2209,12321.3592,6797.7880,13685.8823,10812.2121,11279.6938,7869.1920,12533.3506,3565.6169,2220.6518,7096.8342,3673.2849,9380.7214,9341.3289,11506.8547,6829.3380,13410.6318,11130.9119,11071.4197,5057.8426,3393.6092,9368.6968,387976.2699,424661.5200,400066.0033,407740.1225,401327.1865,405053.2365,411021.2582,405768.2125,362279895.9885,362324748.7484,362266834.2575,362272808.8648,789.1745,12228.3282,13481.9032,9158.8607,2065.5232,10085.2081,3953.9329,11948.3830,13262.7388,10184.3462,8006.2888,13090.3797,8142.6532,951.4205,5410.2223,9870.0878,8074.8456,11187.2764,12823.8919,12317.0345,9763.6218,11770.5956,1770.2463,3843.0275,9847.4427,8902.1643,13489.2950,12343.5113,8262.8622,10641.1329,10747.3376,10690.3905,13597.6161,9321.5308,5964.8329,9499.0687,12191.0514,6846.0761,4478.3188,9312.9374,13026.0595,11189.4835,9402.6997,9771.9394,13537.7788,11051.4170,10227.6603,13066.4408,287.7921,9050.5062,6840.3552,7063.2918,0.0000,2253.4888,10510.2728,9588.1188,13237.5245,8869.3766,12342.4445,10824.7262,9797.5436,3864.0518,7075.3134,8438.0927,1647.6326,11090.9141,12426.5307,10535.7908,7346.4793,11414.0102,7319.4880,11734.2485,167.4666,3833.2024,9864.7507,392811.5950,429543.3139,404917.5436,412587.3660,406214.8733,409915.3970,415840.7837,410630.4764,362284249.6546,362329102.3617,362271187.7402,362277162.3569,12473.1362,13528.9255,9029.3315,2839.2862,10053.5966,4646.2948,11882.4230,13457.7574,10101.0994,8547.3256,13328.1575,7870.3022,1436.0287,5595.7915,9589.0271,7428.4604,10776.4702,13068.6800,12652.2075,9606.9106,11457.3704,2425.6947,4408.0402,10273.1939,9362.1297,13461.6567,12025.6443,7951.1962,10173.0815,11159.9124,10413.6913,13725.5909,8907.1567,5272.7161,9801.0127,12393.4405,6317.1461,5044.3397,9383.4104,12782.8897,11256.4836,9165.3664,9313.7312,13686.9124,11506.9528,10400.9657,12840.2940,661.7507,8575.9285,6335.9384,7147.5756,0.0000,3019.6225,10044.8424,9852.2476,12985.7160,8703.1816,12277.4186,11247.0807,9243.6940,4530.8941,7684.8678,8843.4970,2370.3672,11379.1937,12683.7167,10194.9003,7726.0058,10981.4698,6671.6086,11618.8886,871.6647,4516.4911,9778.1904,393367.9503,430111.0786,405479.4407,413149.1365,406790.3740,410479.8823,416399.8627,411196.1612,362284930.5294,362329783.2259,362271868.5960,362277843.2241,6070.0494,7791.1203,11350.0350,6173.4713,10905.9361,11216.0845,5821.9646,12371.5233,6370.8625,4009.7768,9312.7894,12374.9838,12819.0212,13102.3828,12578.3833,12391.0420,2427.1077,3187.5528,7585.5823,8535.8609,12082.9856,11902.8505,9255.6981,5197.7933,4919.7217,11263.5207,9564.6948,12645.1481,3061.2054,8203.1520,5657.1785,10003.7002,12640.3999,10828.3004,945.6116,11407.0261,11700.1395,6202.4934,8057.4435,4236.6883,8374.2204,10359.3159,5215.4776,5698.2316,4385.3972,7891.9578,12177.2890,10592.1601,13867.0527,12891.8156,0.0000,11477.8181,10475.3039,4688.4588,9353.2399,13218.7872,5065.4967,7701.9325,12326.2545,11422.3360,7489.0647,10791.6701,11391.8685,9407.2760,877.5582,8994.3962,11582.1801,12006.7191,13514.1671,5994.1628,12062.6262,11349.0905,6920.9705,382469.9782,419268.1420,394627.2471,402307.0560,396066.5805,399640.1811,405595.6901,400376.8804,362278264.8721,362323117.5504,362265203.2744,362271178.1141,10701.7754,13145.2308,9598.9301,12305.4111,6582.4619,2702.0456,8770.1965,10605.6006,3434.4087,11465.0500,13368.2828,12082.1759,9554.4064,11665.6848,8580.7999,4287.8395,5347.0159,10205.6284,8169.2415,13214.5066,12620.4508,8530.0506,9976.7237,3799.4049,6790.2909,11489.2824,9284.9840,7814.7536,9320.1374,1422.8009,10825.6311,12720.2915,9050.9440,6341.2085,12357.0845,12353.9506,10285.0398,5795.9111,8339.3748,10460.2597,10457.7357,1779.0762,7132.2631,9234.2778,5395.2543,13311.1019,11016.5174,12009.4154,11247.9293,0.0000,13081.7827,9629.8290,9736.2706,5098.6961,10257.2633,6873.4058,7317.6626,10066.3612,12585.4714,11186.6482,9964.6584,13270.4080,7117.0474,5511.1677,9695.6310,10843.6647,8402.6958,11963.2966,7959.5639,13337.3467,12604.2674,10020.5921,383122.9864,420062.6920,395321.0643,402981.7113,396858.2187,400366.9812,406167.3207,401098.6358,362278428.4723,362323280.9860,362265366.5060,362271341.4815,9382.1897,1826.8708,10581.5303,13422.6372,11683.3480,13521.9059,7938.2467,10658.7129,1983.0417,9834.9414,12481.6953,12857.8972,7767.3455,11353.8036,9553.8847,10175.6518,928.8602,5471.2990,10172.3789,11357.7657,13030.3626,7221.0361,8137.1172,11355.3099,2308.4719,10906.5338,8474.2267,3287.6996,11206.1823,3745.1316,7285.1547,13607.8474,7060.5639,5025.8842,11610.8504,2359.3627,7864.4307,3970.5428,1448.5756,4850.6205,11032.9255,11308.8802,4143.4245,8082.5567,9131.6763,4560.6443,11395.7406,13146.0461,0.0000,9806.4692,6142.2069,4859.6322,10059.6284,13249.2417,5129.9368,12536.5371,9101.2653,10986.2942,8540.0993,13221.4842,8870.5982,13460.6089,8485.9101,3787.1909,13083.9817,10616.5245,9849.0025,3937.3216,9044.8216,10891.5074,1104.4269,389721.9688,426479.0122,401877.0906,409566.3013,403315.2579,406880.7668,412902.3056,407625.4222,362285674.9439,362330527.6714,362272613.3922,362278588.1576,10007.9129,2338.7061,12078.8409,12559.3762,10478.8356,6444.7456,12249.0594,8773.7447,2013.3314,5461.1088,10650.4900,9614.6903,12151.4839,11949.6865,11222.3880,10025.1591,12360.7252,1462.2764,2944.8415,8728.3920,7537.5946,13307.8077,13025.7008,8983.9239,11753.6462,9458.5432,11215.9672,13051.3255,10242.1238,7662.0991,8806.1239,11423.5301,8143.7958,3441.3613,9008.2235,13419.4695,10809.5218,9881.2558,10784.9067,12931.8446,9695.0850,9602.2485,13416.8354,2222.4361,10127.3240,8266.8372,7194.2910,0.0000,584.3370,11523.5624,8744.1454,13683.1576,9461.8272,12272.7082,9627.0861,11094.0051,2474.5970,5349.2122,7510.6404,798.2203,10310.0155,11515.4870,11230.3431,6604.9173,12398.6750,8950.2796,11812.6445,1967.7881,2359.3574,9942.2215,391078.7266,427785.4637,403173.4200,410844.0128,404443.8115,408165.6067,414105.6345,408878.7312,362282402.9435,362327255.6752,362269341.0882,362275315.6869,10869.3330,13119.3787,10515.5779,13529.8896,7367.4931,9311.8161,3731.3908,10662.0491,12888.7521,13136.5754,8940.8118,11626.4649,8081.3792,8808.3853,1657.0739,5418.8020,10849.0550,11756.0891,12489.0215,6389.6083,6853.8996,11288.5791,4015.2602,11343.9328,7200.3375,3573.6638,10008.8511,4973.8760,8692.3154,13311.3267,5380.6461,6614.6195,11909.6599,1656.0126,7316.8332,2159.2333,2694.0160,5854.5246,9786.3640,10276.5081,2698.9350,7479.3861,10055.2886,5813.2017,12220.2881,13425.9582,0.0000,10386.2213,6815.7509,3767.3853,9630.9537,13532.7075,3773.1076,11734.1550,9822.4775,11328.2034,8203.9880,12999.9307,9610.6830,12851.5938,6918.4122,4379.4385,13075.6615,10891.5695,10870.9843,2839.9785,9952.5076,11231.1048,810.3781,387918.0719,424680.9448,400076.0069,407765.1483,401522.3661,405081.0275,411100.4697,405826.4143,362284188.1963,362329040.9198,362271126.6734,362277101.4621,10948.4825,11325.9761,9371.8201,6171.7161,11176.3643,10231.4814,3399.2950,4348.2351,10089.3239,10733.6261,12072.7044,11104.3170,10142.1045,11118.3271,13016.3753,2398.3588,1538.1210,6667.2490,7389.2703,13074.1069,12745.5770,10443.6111,11873.2105,8766.1173,12148.3755,12023.1196,11501.4493,9162.7343,6853.8837,11167.5032,9768.5933,1576.4807,9915.0439,13565.7960,11252.5398,11077.4128,11913.6371,11907.2969,8147.6026,10067.6733,13490.2706,3988.3607,11400.0089,8551.8983,5954.8319,0.0000,1876.9696,12405.8119,9148.0298,13489.3857,8636.4256,12597.2814,7755.8572,11687.4688,626.2382,4971.4394,5394.6341,3105.5435,8457.3708,10902.6184,12234.1890,4598.1595,12477.9557,9733.4163,12388.4585,3856.9102,484.0693,10944.8026,389400.9930,426125.1564,401494.7085,409159.6087,402761.0909,406491.0157,412394.7171,407199.2996,362280296.9551,362325149.6601,362267235.0342,362273209.6518,6825.6098,2817.8357,12723.4070,8450.7387,13237.5451,11487.0668,8445.6928,4192.6413,10500.2345,5573.8664,9601.0197,9674.4839,13148.6325,10931.4578,11414.8032,10433.1017,7269.2238,12815.5568,9474.2083,4951.2603,13158.2139,6466.8599,11542.3163,12112.7751,6953.9687,12320.7213,11572.9246,5864.6727,11535.6358,12543.8386,10173.5983,13548.3985,9088.5730,12737.1525,12929.0044,11673.9247,7348.9119,9309.5211,13164.1870,8792.8170,11703.7354,12005.2797,8075.9564,6822.7068,0.0000,11794.4381,10636.8283,13291.4931,6706.1564,4781.1618,11590.3886,7660.0220,8508.0692,10891.7651,12591.8779,7349.5357,12337.5943,5296.6466,10705.9966,12014.7815,7744.5882,6433.9141,9204.9784,12093.2995,11857.1432,11005.2886,13246.9968,386948.8424,423931.6262,399138.1061,406779.9932,400645.0367,404194.4926,409879.4349,404909.0196,362279517.0331,362324369.4629,362266454.6889,362272429.6344,8722.1215,9589.8584,1952.2960,12523.4912,13030.4762,11404.5821,10142.6529,13060.1563,10143.8314,3507.5781,3718.0792,11364.9049,10236.6364,12669.5876,11734.1432,6587.6995,9140.9186,5804.5157,8633.3283,12626.6015,10841.9368,6674.6987,10983.3700,1399.4446,12355.5169,13698.9744,7602.7130,6450.4703,13449.1012,11347.2934,10806.7639,8247.0870,9097.0042,11724.2419,12163.6001,1339.4418,4947.1400,9497.2405,7872.5524,13119.1917,12561.1236,12584.7582,10632.2745,0.0000,12427.1836,11551.5753,9649.3482,7550.3585,10307.3487,8419.1931,5069.3536,11732.7795,11626.4182,10089.8971,8432.5006,12830.2239,5346.2317,5032.7356,11425.6768,9578.7161,10214.8266,13001.6615,9485.0300,13112.3154,11643.7423,11033.6580,381783.8089,418692.3480,393961.5587,401620.5674,395444.2433,399000.1684,404802.9040,399724.8213,362276242.2431,362321094.7827,362263180.2853,362269155.2137,12467.7137,10102.2979,13022.0965,9604.2145,6113.5715,2596.3592,9756.3058,5796.6438,11074.9553,10875.0237,13412.0868,11788.9127,9564.1170,8543.1541,6953.3385,12842.7547,11242.3096,6234.1186,12944.2384,6343.0225,12135.8735,12624.3457,9046.4371,12314.6033,10420.5061,4905.2876,12670.6907,11830.4710,8341.6125,13738.6568,10579.0304,13492.1490,13074.7521,11752.6155,9354.5697,9885.5121,13625.7647,10358.2432,9930.7948,11872.7380,6059.2915,4332.5894,0.0000,10128.5544,10934.5103,13560.8716,8493.0133,2108.3146,12750.8146,8013.9491,8243.8995,9176.7308,12052.9684,6128.1377,10772.9183,5646.8156,11955.4116,12420.4693,6015.7810,6891.2175,7835.9518,13003.9945,10120.1301,9318.9453,13562.2177,388937.8935,425888.9947,401108.8802,408749.8557,402566.7180,406157.9492,411849.3466,406866.8630,362280423.7445,362325276.1978,362267361.3592,362273336.2367,8400.7482,8784.5054,8156.7677,9788.6467,13259.4024,12312.8248,13847.1136,7545.8927,6665.1179,8445.1036,11386.2956,7598.5124,7614.0512,8060.2891,1441.1144,10246.6238,13684.2818,9170.5323,13777.3993,3813.6415,10136.4838,10103.6367,10615.8873,11113.3613,9672.3590,6593.4448,10251.7729,7496.3116,6066.1134,12027.5979,6992.8608,9006.7932,11355.3697,9758.2799,5926.2299,5332.0857,11956.5144,8084.5564,11023.2552,12504.4489,10761.3094,0.0000,6628.2565,12071.7949,4062.2191,12991.0005,12513.7994,9226.2490,7528.3638,13166.3245,6795.5521,1345.4286,8642.5185,6600.6237,9658.5114,6639.3526,10682.4645,8917.2768,13776.9841,12661.5326,9232.5870,7851.1259,6650.5527,7820.6435,385454.3391,422140.0537,397555.6907,405236.4991,398850.7819,402542.8812,408546.6404,403266.3274,362278851.7214,362323704.4968,362265790.1396,362271764.7937,11745.2701,12963.2043,11963.9877,11358.4735,13211.1515,11139.3818,1610.1696,2082.2841,10369.7874,9846.8471,12582.7622,11822.5858,7177.9173,7751.8076,5180.6551,9701.2600,11902.0476,11706.7320,5089.6634,10291.4431,2280.8625,11862.0412,13655.1070,8587.1001,4722.5885,13079.0516,11465.8978,9511.8906,8217.3149,7677.2050,10881.8530,11844.8434,1793.2793,4355.4537,7997.2708,7887.7118,12979.4025,12202.0611,13276.6564,11485.2594,0.0000,12189.6291,11451.0773,8148.5729,8218.1582,11467.9014,7366.4609,5430.4912,12212.6862,11565.5013,9106.9577,9085.2498,12475.0307,6531.4572,3173.4009,10866.4559,10193.0301,11052.0234,13472.0492,8477.9333,12930.7961,11551.0720,9919.6114,381407.2895,418278.5105,393577.5276,401243.5572,395043.4184,398607.3725,404461.3074,399335.7224,362276343.0799,362321195.6673,362263281.2522,362269256.1531,8876.5894,11747.7147,12063.2913,6177.5940,10596.2815,10824.1147,11367.0265,2386.9050,5627.1008,9393.2066,10800.7814,13290.5351,8344.8144,9215.3706,10968.2937,462.5730,9988.1727,9773.1497,3589.4218,12072.7574,2594.7155,5492.4759,13542.9594,8657.0960,3106.6116,11146.5013,4069.1573,8237.9430,5796.1164,1682.1701,3808.0556,11964.1506,12178.3455,5892.1832,8487.5796,8096.4817,3181.6584,10094.1196,12467.7886,0.0000,9205.9217,5335.5124,6389.9314,10139.6008,12474.8235,6502.9943,13081.9956,7953.8388,10547.2091,9115.1765,13144.0364,8170.2667,13704.2426,9921.7089,3581.1791,12790.9901,9891.8152,8354.0908,5265.6618,8053.0499,10467.9634,3001.8379,391546.4275,428313.6617,403702.0551,411388.7788,405138.5394,408708.0269,414711.4198,409450.4589,362287008.7957,362331861.5080,362273947.1641,362279921.9181,4531.0715,9435.0029,8444.6466,11060.2976,12803.8856,12218.6584,10401.4702,12185.6493,1052.4696,3016.4882,9246.3913,9123.9273,13643.2221,12222.5597,8989.6479,10572.5352,10807.9299,11236.2753,13437.4334,9939.9286,6492.5019,8787.4577,12403.9597,7551.2687,3673.5579,9907.1155,13242.3502,11638.4996,10056.8750,10313.0521,13391.9873,10770.4627,10685.4039,13255.8358,889.6407,9643.1865,6568.0315,6256.6948,0.0000,1938.6732,10931.9831,10017.2488,13260.3378,8272.3708,12721.8026,10357.8730,9952.3248,3190.3412,7151.7784,7699.8016,1969.1848,10513.3775,12508.2716,11085.3298,6534.7439,11388.5188,7393.6038,12196.9468,970.5841,3195.0162,10483.0437,392543.1209,429282.9581,404647.8911,412314.6149,405941.0682,409647.6745,415553.6640,410359.9408,362283637.2113,362328489.9046,362270575.2495,362276549.8691,6752.0973,9790.9369,9674.9816,12375.7170,11637.7728,12799.8052,13268.2110,4230.4774,2974.2751,6618.8493,10739.6829,13588.1904,10720.7835,11798.3354,9550.5310,11342.7415,13038.6032,12033.9582,12132.4300,8850.2693,5218.7647,13093.4738,10372.3786,2958.0701,12413.9976,13320.6542,13316.8910,12488.7282,12109.2153,12100.9042,9715.7496,12652.7230,13212.0712,5232.7563,11738.8025,5649.4008,1945.6545,0.0000,4962.7644,12116.3152,12074.1482,12385.7736,4904.9737,13802.8363,8292.4924,10070.6332,3877.3059,8819.7635,4482.2385,5934.6777,7477.6824,12641.8334,12883.3914,3016.1766,10444.4820,7775.4938,13665.9012,5385.7228,4058.1582,12855.5586,390880.3134,427694.5133,402997.4748,410648.9193,404318.0012,408014.7234,413812.3785,408717.9425,362281066.0186,362325918.6137,362268003.8168,362273978.5069,7815.3096,3844.8837,12119.2913,12184.5446,12707.6591,10732.3566,9679.0091,9189.2958,9069.3512,13555.5588,11350.8435,5091.7437,11903.0169,4161.5122,13161.7562,11654.0030,10160.2845,11003.9650,8813.4121,7159.4707,13220.8325,10447.7205,9177.4157,13515.7308,9851.9067,13440.4698,12185.4457,10293.6427,10485.6125,11567.6784,13739.2593,9713.8542,9590.0556,10417.7689,4297.1895,5302.6978,0.0000,10386.6643,9385.0473,13825.5913,7819.7312,2140.3155,12477.0742,10026.6910,6148.1401,9871.7305,12872.5888,8087.6184,10768.9737,7945.8785,12822.8061,11272.4015,7652.4379,5040.9406,5758.6084,12517.0150,9826.7990,10005.7926,13021.7047,391068.7922,428032.7719,403250.9748,410894.4965,404737.5702,408302.9303,414002.2300,409016.6842,362282989.9076,362327842.3523,362269927.5132,362275902.4028,6162.4082,13010.8247,13530.8950,7675.6458,6628.7600,9265.3100,10416.4348,13172.7264,12288.6932,10768.5521,7592.4908,5824.2982,5165.1871,13070.2841,6621.5166,12595.5080,4650.9906,2579.2429,12303.6881,12165.9188,3693.5396,10809.5709,9548.1952,8181.1652,10378.4575,6703.7827,4026.1569,12731.5942,13812.6104,10816.5338,8389.9228,7859.3771,3742.6452,5442.6950,9928.7100,0.0000,9784.9060,4009.7895,11219.5645,8450.0655,8733.9757,9684.1885,13599.9205,2877.7174,10720.3588,12180.3925,12362.7820,9141.4512,12945.0760,12827.6767,5835.2474,11666.0328,5682.8212,2887.9762,8862.5297,8050.9341,10746.6389,8384.1807,394516.2547,431395.8113,406697.5440,414366.2920,408188.4970,411729.4068,417592.2863,412462.8979,362288627.6092,362333480.1811,362275565.5778,362281540.4032,11661.2503,12256.4666,10971.7892,7914.6595,11486.7845,11501.7392,11257.2929,13772.1737,9427.6492,2229.3503,10339.8164,1106.9214,13273.1527,9318.4480,9637.8380,8866.9028,8112.7856,9908.6882,12278.6457,9214.4430,11575.7450,12439.4268,6958.8485,12021.5614,10364.0518,7869.4341,9990.2779,12568.1085,12802.5519,6897.9848,10912.7703,8282.7677,5821.9577,8613.3115,0.0000,12056.9517,6555.4858,13260.8436,4975.4313,5851.7189,10421.9156,11632.8481,3506.3065,12000.5172,13780.8797,10812.3233,12059.9149,9967.3710,12238.0310,8828.7927,10567.7854,1276.9135,5418.8504,10397.3550,11128.1470,12090.7653,11428.5304,391262.5650,428252.6152,403471.3251,411121.9561,405030.4293,408529.2227,414256.7305,409255.8348,362284998.7716,362329851.2081,362271936.4760,362277911.4337,1724.4241,9281.0342,9253.6053,12450.6194,11908.1513,7989.8923,6688.0292,4710.1614,10311.0339,11016.7381,12110.2618,4022.8337,9435.7227,3500.9330,11143.2101,13323.5084,9519.1318,3171.1922,12475.1915,11605.9477,8240.1216,8004.3859,6302.0202,9905.1048,11263.0857,3009.9711,4640.2656,6598.3168,7729.6826,12736.0636,11587.6250,13593.3761,12119.5928,0.0000,11963.3479,11051.7526,6805.3640,8569.8649,12242.6813,6308.0681,6261.7854,12284.7885,11552.6881,8431.3828,9790.0996,12108.1115,7703.0908,1584.0738,10106.0289,10789.3990,11438.2173,13558.9832,7412.9821,12659.9188,11513.7242,8748.4259,381620.1070,418463.1132,393785.9761,401457.8036,395243.2468,398809.2514,404704.7998,399541.3052,362276977.2771,362321829.9008,362263915.5481,362269890.4279,10046.9001,10469.2484,11739.8528,11004.5313,6765.3123,6027.0430,6319.8730,11082.7639,11596.1976,12694.3420,3206.7588,10463.5531,4308.1107,11938.7594,13587.9181,8584.7193,4093.8893,12889.6702,10639.1028,8661.7237,9380.9395,7154.9347,10663.1032,12130.5674,3840.5349,3020.6699,7002.0125,9108.7342,12247.5044,12342.4712,13569.0647,11471.9845,0.0000,11190.0999,12015.1189,6866.0878,9726.1208,12007.1332,7643.4189,4938.6067,12952.7129,10600.1238,7444.5458,8693.3847,11475.9990,6839.2299,2406.1246,11106.3640,9783.6651,12181.9281,13815.3571,8603.5498,12152.5834,10558.9019,9474.9880,381372.7321,418193.0415,393523.7124,401194.0624,394941.2555,398541.7293,404437.7157,399268.5727,362276009.9213,362320862.5620,362262948.1820,362268923.0226,4646.0420,10745.4535,11847.6468,13154.4972,7645.9244,7465.3046,10855.3658,2569.2233,10560.7060,8595.7286,2462.4418,10789.5121,3431.2937,7507.0859,13701.3813,6809.3404,5281.2021,12077.1430,2801.8408,7075.2039,3685.9170,1078.1485,4420.8712,10633.5740,11377.6620,4289.1792,7309.3113,9715.1576,4312.6884,11478.6648,13336.7198,0.0000,10421.4296,5593.1444,5203.7503,9394.7976,13233.8754,4390.9497,12590.2438,8776.9575,11514.4615,9101.8353,13427.6342,9538.1404,13425.7898,8267.7592,3082.8061,13345.5096,10166.7073,9855.7092,3120.3253,9647.7841,11429.0622,887.9893,389459.0772,426235.1595,401622.8434,409311.2522,403083.3968,406630.9335,412641.1794,407377.2193,362285704.8348,362330557.5439,362272643.2673,362278618.0613,12608.3804,13341.2151,13407.5158,10606.6850,5494.5437,7383.0848,5405.8468,7675.1466,10436.8169,2275.6941,9260.8752,3815.9291,8003.9715,13461.4934,7857.7169,6651.9830,13496.4693,6917.7686,3047.3573,6030.0989,4310.9071,3301.2729,9305.4494,12165.1132,7505.3859,3419.1137,11616.0972,4172.8064,10630.8757,13153.8064,0.0000,12598.3216,2802.3657,8587.3460,5523.1559,11938.3674,3989.3523,12834.7241,6218.4769,13289.3544,11973.8653,13760.2066,11984.3701,12849.2575,8904.9419,2207.1539,13786.4882,6825.5821,8812.5423,3395.6120,11663.1917,13264.9343,5160.9606,389401.2288,426289.9740,401605.2404,409282.8564,403165.9966,406639.4961,412550.0503,407387.4460,362286106.2233,362330958.8096,362273044.4387,362279019.3644,2126.0196,8532.2150,8667.8325,13651.6533,12521.6486,9542.2059,11085.1844,10312.3835,11667.0849,13173.8000,10553.7546,7408.2524,8218.1098,12182.9027,8332.3943,2774.1004,10005.9713,13520.7407,11660.8156,10494.5325,10948.2195,13107.5324,10101.5253,10610.0067,13506.9987,1795.8100,10316.3379,7187.2336,6041.2496,0.0000,1119.2187,11537.8126,9844.4526,13499.8890,8371.4507,12852.2036,9674.8517,10611.9535,2172.7390,6504.5089,6997.2072,1844.8971,9970.7507,12178.0238,11588.4814,5872.3258,11855.0173,8190.0620,12415.7242,1731.0283,2168.1243,10745.6521,391705.7663,428436.8275,403804.8828,411470.8651,405084.0479,408802.7094,414708.6370,409513.0720,362282618.0946,362327470.7944,362269556.1425,362275530.7541,6804.8020,8767.3564,13615.6837,12364.4843,10955.8420,11287.6186,9950.8009,12640.6836,12419.6637,11809.9646,8919.3765,6445.4963,12160.9511,9913.2479,682.4844,10942.0458,13800.2018,12223.0846,11686.5373,12094.4328,12364.4835,8970.8046,11190.2031,13721.6784,3806.8077,11588.2385,7543.0394,4753.8914,0.0000,2370.8149,12467.0680,10373.7188,13453.7332,7586.9669,13309.3928,8184.2507,11271.0455,959.1670,6461.0727,5083.9072,3632.3291,8383.7347,11850.3684,12623.7900,3925.4534,12028.6214,9037.2826,13086.5946,3787.5628,1138.8484,11769.8329,390288.2761,427034.8726,402385.8980,410046.2982,403660.0800,407387.4494,413258.5597,408093.0352,362280742.2779,362325594.9526,362267680.2594,362273654.8864,8667.8576,11004.6669,10954.5874,13453.6658,11681.9821,7649.0872,13462.3028,7762.8323,13791.7231,12838.5535,2438.0290,9936.5333,13355.2412,6200.9211,12039.9411,12441.0392,11801.5916,13322.4006,13810.7095,7713.9230,4240.7932,11202.7976,12171.0679,9742.4877,13768.2752,10522.1533,6206.1534,0.0000,8351.0535,13595.1448,10602.8593,11498.0147,7827.5082,12282.2757,2012.0921,12623.8011,6791.9907,7638.6014,2342.3664,9328.4385,2391.8389,8717.2473,13711.8810,3829.8651,11855.1408,12036.7685,12786.8918,9725.7753,6856.2129,12854.9199,384304.0049,421132.4460,396428.5787,404080.6283,397770.7949,401449.0089,407245.4810,402154.5552,362275679.0801,362320531.6709,362262617.0057,362268591.7710,9255.6887,13436.5873,8738.5001,13727.9831,2946.0053,9353.3190,9511.8971,10126.2924,11288.7264,10325.5366,5341.6196,10173.9640,8659.7189,5151.9119,11238.9296,5766.0084,8332.0079,10879.8120,9135.8390,5965.9621,4098.6946,11174.2356,8960.3823,10630.3051,12979.8476,11568.5477,0.0000,7756.4669,11585.4797,2849.4770,12431.6044,13017.8693,8107.1092,7855.9036,13042.6693,8003.8298,2768.3914,9480.9348,7602.7945,10006.7147,5582.2809,9990.7292,9855.5998,13588.1308,12909.9162,8178.4840,8742.8304,7867.6433,6938.7863,384899.1666,421595.0949,397010.1630,404693.4778,398331.4761,401999.6486,408012.8911,402727.6221,362279005.1637,362323857.9360,362265943.6261,362271918.3095,7845.9837,9238.8360,9804.3739,7592.8720,6495.1562,4623.0853,8555.8372,11824.1330,11697.5837,4597.5396,10773.9400,13497.7765,7921.0612,3719.7666,5555.7623,7857.0427,8344.8668,4564.2719,8788.7443,7018.7464,3477.2009,13348.6380,8992.1525,12776.0010,13159.4671,0.0000,13411.2309,7766.5430,7961.9854,5167.2423,12248.8741,3416.8800,9758.2357,9658.0637,13442.3788,11099.3744,12239.7889,13227.7631,10150.9872,4895.7534,7061.4508,12876.2400,8765.8274,11967.4620,4661.9666,13342.3753,13419.5383,7276.6935,384128.3864,421031.4559,396330.0358,404002.9321,397883.1433,401367.4801,407247.6535,402110.5694,362280797.9195,362325650.4894,362267736.1463,362273711.1107,10748.0806,3165.8221,12503.6448,9088.8039,7955.5509,9244.0813,9543.3528,9908.3950,11182.6185,10189.0422,12345.2056,12223.4156,5633.5109,11318.0241,10416.2804,8263.8560,8349.1436,11772.2746,12289.5594,5473.4043,12083.7595,8851.3071,7720.3922,9568.4008,0.0000,12937.5779,6822.7956,12854.9137,3088.9137,6964.3240,9419.9617,10981.7312,4930.4017,12757.2246,13796.6458,10974.8896,12978.3050,9396.5921,11036.5352,8767.7408,11040.1296,2181.7806,7338.7180,9661.9309,12259.6965,12835.0130,11213.4681,389258.3302,426261.9804,401475.4777,409126.5842,403058.4581,406536.5919,412262.5638,407266.0611,362283649.8853,362328502.3131,362270587.6337,362276562.6315,9707.4550,10098.5833,3433.4512,12144.8196,2181.2076,5251.4667,13634.3548,8904.6401,2834.6565,11309.1619,4470.6304,8074.0053,6059.0569,1703.5639,3402.0682,12054.3011,12424.9309,6256.5001,8336.7482,8204.4837,2747.7090,9918.5735,12477.0797,0.0000,9405.2891,4964.8557,6791.7726,9956.3972,12377.4082,6572.5366,13269.3540,7617.0364,10739.3148,9483.2482,13276.6475,8375.7855,13804.2895,10157.6491,3314.8858,12904.6681,9611.1403,8090.5688,5319.2883,8177.9936,10666.6079,3268.5306,391821.9534,428597.9711,403981.0570,411667.1506,405426.0928,408989.0566,414985.6710,409731.8472,362287320.7905,362332173.4935,362274259.1399,362280233.9026,13459.2824,8931.6319,10340.3803,8217.1363,7184.0532,10338.9029,12476.4881,8385.1777,11425.8889,12141.4203,7154.7681,11934.5796,9871.7190,7211.2914,10660.1135,12972.6763,12673.6569,7154.5063,10366.7894,7558.1868,5217.0248,8662.3086,0.0000,11690.7909,5973.5667,13127.1214,5559.2281,6046.8943,10438.1210,12119.1513,2539.4435,11790.2406,13677.7268,11099.0168,11602.6881,10578.0317,12561.3173,8361.0250,10725.5965,1398.1058,4459.6193,10265.8837,10591.6383,11875.7434,11076.2840,392168.3568,429145.2404,404373.9429,412026.8631,405924.7093,409428.7083,415172.7375,410156.1869,362285895.4111,362330747.8634,362272833.1378,362278808.0756,9735.2968,7108.5222,10994.3305,12593.7577,9554.0012,3662.8277,11602.7003,9690.4153,6528.4053,10282.6315,5795.3440,9327.2401,11503.5761,6672.2896,3961.8256,4853.7150,10123.2163,10743.1879,11496.6237,13531.2914,11712.0503,0.0000,9547.2847,11834.1075,4244.1418,11221.5639,12784.1023,7451.1587,6260.9048,13187.2867,9329.9280,4884.8461,9102.4413,9634.8746,8543.3589,3105.0967,10438.8350,9880.1836,13112.8078,13592.0354,8017.2479,10580.7228,9236.7535,7888.4580,382733.3100,419481.2937,394862.0144,402540.6772,396226.2379,399863.3728,405831.4775,400591.6346,362277251.0763,362322103.7957,362264189.4766,362270164.2333,10187.2317,2496.5259,7290.3648,13714.4728,7439.5589,5388.0049,12853.1740,5033.9318,5074.0950,4835.1404,2097.9563,2831.5141,10134.4600,11998.5255,6045.5365,5383.9106,10580.5521,3275.6125,10848.0703,13257.4489,0.0000,11537.8502,3538.9572,7094.1356,7496.0329,12551.0548,3880.4140,12919.6265,7145.1228,12470.8411,10740.8533,13730.2508,10759.8150,13307.1640,8743.7354,949.3563,13665.9864,8349.1170,8993.1598,2657.7190,10582.3675,12418.6271,3116.9187,389822.5966,426657.3370,402008.4578,409691.9382,403524.0628,407030.1426,412991.9399,407778.0984,362286375.7981,362331228.4445,362273314.1207,362279288.9824,11699.4405,13436.0249,8585.5133,6125.5473,13070.3681,12091.1210,10503.3534,7083.0582,8584.2838,11133.2438,11440.6395,512.6505,6057.9253,9256.0238,6696.4984,13444.0574,11925.9645,12606.9773,11245.2692,0.0000,12962.6271,10739.6500,9604.8640,6487.6365,10600.3227,7524.4430,6339.4274,11148.4084,12327.6961,10692.6277,9446.3412,13245.2365,6449.6297,4952.5914,10628.3792,10476.7936,9564.6397,12765.3641,8651.2820,13447.8222,12341.7305,10505.0889,382122.2146,419045.6727,394311.0366,401971.6265,395823.6853,399353.1234,405158.9757,400082.1168,362277156.2066,362322008.7359,362264094.2625,362270069.2187,5092.9999,13729.4431,9331.4377,3119.2843,12136.5109,5945.6961,6607.2442,6710.0657,2385.0968,1260.2379,11689.5978,12973.9298,7419.1182,6920.3725,9203.4812,943.4908,9383.9637,12505.8143,0.0000,10585.9506,2886.7329,8168.6069,8439.6611,11833.1919,6248.1749,13604.6306,6008.5592,11737.1013,10944.0922,13632.6484,9685.2529,13771.3039,10507.5757,1811.5143,13290.4858,7982.7622,7261.2207,5051.5581,9242.7746,11694.3694,4284.1397,392109.7107,428937.1382,404288.6699,411970.7305,405783.3698,409308.5778,415264.2518,410053.1940,362287933.2518,362332785.9002,362274871.5093,362280846.3330,12122.3052,12259.6501,2518.6157,9415.0450,8869.0814,9845.6571,10327.7979,6597.7163,5106.8712,13496.0250,13512.1339,10319.4769,10036.3877,5789.6452,4372.6420,5527.3002,9484.3036,0.0000,7904.1524,5782.5729,10458.7037,10338.4134,9143.2706,10350.3499,13405.2201,5250.1227,9145.8906,10812.7238,11825.6472,7087.1593,13079.6732,12954.3818,6666.1870,10960.8057,7843.6530,3598.0725,9419.4319,5961.8683,9150.4212,8119.3703,394919.0682,431741.4527,407076.4704,414748.9057,408505.9945,412095.0297,417998.5423,412825.1421,362288398.5905,362333251.2216,362275336.6332,362281311.3794,11397.7191,13065.9618,5907.4960,13010.5142,12452.7155,12897.8752,13680.3915,13583.9661,8672.3412,6453.1488,12463.2695,12194.1471,9343.0453,13541.4784,8885.5057,4252.1419,0.0000,8362.0915,13215.7156,11975.9887,11086.0105,5702.1476,13048.3316,4180.7074,11569.6983,6775.0686,9110.6120,1712.6290,9381.0788,2539.0474,10322.3796,13800.7239,2724.2168,10708.0700,10732.9322,13444.8876,9403.1224,6895.5425,13553.8223,386051.6233,422914.6838,398184.3801,405830.3004,399545.5707,403213.0004,408964.1215,403915.9024,362276903.5405,362321756.0856,362263841.3254,362269816.1084,10886.6387,12007.7796,5540.3333,7592.9317,3367.9585,7633.4405,9720.0059,5720.3724,6533.3510,3761.2472,7467.6722,12140.3226,9966.8017,13820.3431,13207.2601,0.0000,11591.5987,9893.1384,4305.0161,9153.7626,13434.8028,4247.9207,8470.3336,11994.3803,11684.2474,7739.7362,11351.2346,11399.1871,10064.5453,1752.1993,8265.6496,12052.5225,11807.0414,13288.0063,5146.5905,12027.4931,11606.6475,6138.0251,383010.5383,419807.1266,395171.0419,402852.8645,396620.1727,400183.6536,406150.8054,400923.0328,362279100.7463,362323953.4295,362266039.1732,362272014.0159,10367.3565,6872.7529,9027.1513,8479.7944,4339.4754,3661.9711,13061.5470,13226.4059,8537.3130,9271.2474,6739.7306,2704.8330,7739.4485,11080.0916,0.0000,8509.8240,4950.2042,8829.4619,10223.3310,10871.2867,8704.1580,13580.1860,6185.6539,9908.4844,10209.0218,12711.8566,7491.7836,13675.2407,11861.7890,4854.8098,12055.3969,8666.4531,5763.0616,7590.7732,6804.2347,9869.9328,5949.1474,393876.1355,430672.5886,406034.0532,413714.0154,407470.2217,411046.6625,417001.1681,411783.5108,362288361.5175,362333214.1883,362275299.7160,362281274.4641,11097.8028,13821.9316,12257.7390,11957.5295,12403.0626,12032.4305,8491.6356,11224.9331,13723.4445,4438.8582,11936.5090,7848.6645,4595.9267,0.0000,2877.7728,12723.7973,10392.1685,13410.8877,7524.1189,13330.8978,7624.4941,11524.4275,1102.9304,6349.4927,4478.5216,4160.4239,7852.9481,11604.6936,12868.2999,3377.0407,12129.4788,9414.5275,13178.3138,4412.9496,1283.1517,11965.8308,389682.3210,426432.2882,401779.7486,409439.0184,403053.3912,406782.1091,412646.1801,407486.7722,362280091.0203,362324943.6901,362267028.9946,362273003.6278,8697.2685,2777.5068,3684.0665,6938.2664,10236.5378,9783.5519,2008.3971,8821.8085,9324.0608,6705.0922,12365.5191,13147.7488,0.0000,9416.1997,8013.1206,2571.6631,10790.2630,13655.0034,5129.8709,11344.0970,10671.8823,10413.2665,6896.9388,12498.7282,8625.5775,12705.6553,6962.7848,5733.3734,12544.4816,11829.5856,11238.9263,4404.6866,9176.9002,10296.4522,2019.6981,387801.9314,424530.3996,399943.7256,407633.9972,401348.6016,404940.7888,410979.1937,405682.8920,362283564.4570,362328417.2133,362270502.9685,362276477.7097,7085.9832,6960.1402,5924.9372,7235.4273,11271.3689,8645.0570,422.3924,12841.1510,6787.6391,10977.9835,12804.0828,0.0000,13541.9595,4823.8531,9666.5367,2941.4863,11228.6985,4481.3302,11706.9292,6718.5760,13818.4146,12639.2263,13087.8113,13204.7609,11413.5734,8150.4100,5164.2531,13365.3584,5969.5113,9660.9992,4848.1646,12907.1061,13819.5253,7338.9045,387437.6458,424377.9475,399654.7410,407324.5240,401247.0306,404701.0039,410550.9576,405445.9706,362284052.9102,362328905.4362,362270991.0166,362276966.0055,4657.0113,7361.3612,8296.5802,9039.5252,1912.3368,7151.0220,11153.8879,7501.4325,13149.0670,13692.0943,0.0000,11118.9708,7962.4576,3251.6662,9338.6369,13813.0181,2870.7588,10741.2951,10790.0293,11753.4615,8050.3603,12688.3766,10551.7809,12068.4104,5032.9221,5740.1061,13016.8149,11336.4376,12066.9136,2804.1171,11040.9600,11659.0007,2941.9630,385797.1225,422570.3524,397957.8563,405645.7721,399411.4665,402965.2309,408974.4647,403710.2618,362282281.9970,362327134.7104,362269220.4867,362275195.3020,3454.9967,11021.1345,11865.2040,5244.7154,7224.0769,9337.0854,3264.6661,10767.8911,13011.2039,0.0000,10274.0102,4772.6906,6065.2768,9162.6421,12778.1069,4973.2042,12894.7070,7946.4566,11426.1451,9538.4451,13435.8091,9354.4563,13534.9541,9002.9241,2407.2673,13253.9368,9541.5042,9000.3724,3668.8350,9298.1092,11351.5057,1940.4257,390404.8940,427192.7127,402571.8289,410258.6533,404039.0039,407582.6077,413579.4833,408328.2711,362286483.4052,362331336.1001,362273421.7891,362279396.5862,11484.3759,13197.4306,8233.7814,6251.0411,9622.2379,988.3446,8916.3168,12303.3552,0.0000,11078.0993,1672.2907,9022.3494,7562.5090,11311.9223,6437.7911,13658.8713,4975.2990,12108.4165,11656.9794,13632.3275,10267.4276,13587.2246,10787.6998,1926.9829,13296.7580,6915.6262,6694.9014,5385.3324,9697.2611,12084.0509,5241.3359,392264.6604,429122.1168,404453.3407,412132.0135,405971.6479,409480.2126,415406.4387,410224.5393,362288090.8733,362332943.4876,362275029.0607,362281003.9159,5740.1223,8923.7014,6860.4283,13393.4736,11949.7834,12807.9461,11383.0611,0.0000,12853.9454,10850.0038,9252.0797,6823.1923,10866.3200,7363.0610,6204.7726,11382.6650,12233.4887,10385.8390,9455.0298,13127.0648,6538.8773,4488.1984,10613.5297,10503.2499,9897.3413,12950.6845,8506.9212,13385.2786,12240.4188,10311.0742,381917.1164,418829.6851,394102.6932,401764.7887,395607.3705,399142.2179,404960.0570,399871.5356,362276999.8317,362321852.3740,362263937.9186,362269912.8650,8400.0754,11005.2335,10997.6988,13239.2280,12783.1220,9664.5406,0.0000,9542.6579,13159.7922,7831.4031,11170.1781,10874.4890,9882.3665,2501.2495,13418.2551,8563.3754,6213.9516,6250.0828,10128.5504,5122.6504,5122.7115,12517.9520,7452.0129,12764.6857,13551.1302,10597.1340,10895.5524,8535.9893,10850.6058,382031.5457,418827.5990,394160.5184,401825.4763,395518.6810,399173.0721,405049.6413,399889.8674,362275173.3085,362320025.9580,362262111.4851,362268086.2642,8687.1598,10233.2997,8161.0505,13142.3547,13251.0433,0.0000,9935.6673,9026.0721,1369.2367,10634.8150,13822.5451,4706.2423,10228.0730,11535.8964,10611.5713,6430.0285,12013.9314,9371.7645,11843.2582,5190.1653,6861.0884,12300.3044,12251.6787,12280.4630,4534.8994,10076.1455,10496.1895,3435.3346,385833.7452,422568.1213,397975.7961,405664.7800,399381.0456,402974.1724,409003.5702,403715.1600,362281684.0592,362326536.8090,362268622.5808,362274597.3402,12879.8023,7094.1470,10985.3666,12655.6606,0.0000,13524.1998,5146.8160,9683.4410,2686.9317,11077.0511,4564.3501,11413.8142,6857.5934,13742.7511,12567.5550,12862.1285,13226.5963,11098.8223,7943.8259,5499.9942,13177.2613,5958.4839,9762.8366,5030.0306,12945.3669,13746.3066,7537.1586,387128.6470,424072.0358,399345.5397,407014.3828,400936.8008,404392.5068,410236.2284,405136.5953,362283665.1754,362328517.6972,362270603.2708,362276578.2624,8913.4619,6556.8931,6852.1236,0.0000,2367.7326,10327.0126,9620.9884,13012.9818,8603.9874,12244.7562,10731.1718,9546.3034,3882.3976,7170.0404,8319.4404,1848.1307,10936.8671,12365.1157,10412.0409,7219.6068,11149.2642,7055.7067,11644.2708,315.4773,3862.7325,9830.9720,392816.6269,429555.5461,404925.0832,412594.2655,406228.4054,409924.5835,415843.6978,410639.7260,362284278.6449,362329131.3443,362271216.7163,362277191.3409,8653.8647,12075.4222,0.0000,10446.8372,2536.4040,8840.5091,8341.2325,11288.0018,6943.4357,13702.7182,5251.0623,11588.0374,11254.3640,13476.3118,9568.6496,13699.4955,11045.9205,2481.4974,13058.0241,7426.8353,6428.0112,5822.4796,8982.7996,11557.8402,5143.1018,392748.3760,429587.3106,404928.9215,412608.6457,406425.7806,409951.4590,415889.8205,410694.3876,362288290.5371,362333143.1699,362275228.7386,362281203.5642,5402.4140,0.0000,8106.4740,8588.7793,13097.8361,9930.0284,4250.5211,12755.0493,11661.5976,5469.5792,8258.5374,11917.5063,9009.7977,8174.5302,10318.8819,13829.3135,10318.7562,7985.3504,6485.7533,2670.6347,12347.5402,6850.9737,8373.7095,11908.7952,394092.6716,430986.8049,406253.6731,413906.6957,407685.1943,411289.1275,417062.9389,412004.4183,362285732.6464,362330585.1714,362272670.3654,362278645.1541,0.0000,6725.1848,12044.3017,12805.9236,11478.9457,3276.1731,13815.9361,7909.0287,9650.3099,5571.0457,9937.9354,4173.9199,7631.6987,6476.3333,12613.4904,13080.2298,3019.7435,9532.2198,7738.1165,13811.0884,7027.7878,5746.0280,13419.2330,390301.6699,427160.2624,402433.0849,410079.3243,403789.0350,407460.6809,413214.2491,408163.4312,362280581.9606,362325434.5055,362267519.6694,362273494.4130,0.0000,0.0000,0.0000,0.0000,0.0000,0.0000,0.0000,0.0000,0.0000,0.0000,0.0000,0.0000,0.0000,0.0000,0.0000,0.0000,0.0000,0.0000,0.0000,0.0000,0.0000,0.0000,0.0000,0.0000,0.0000,0.0000,0.0000,0.0000,0.0000,0.0000,0.0000,0.0000,0.0000,0.0000,11746.5966,9075.1453,13685.3861,9110.8369,12517.9541,9343.2510,11153.6031,1929.6567,5492.3549,7040.7949,1335.4459,9952.7937,11599.9657,11545.4445,6091.2011,12361.6196,8961.2188,12104.9114,2167.3894,1828.6440,10337.8931,390949.7363,427662.5241,403044.1084,410712.7257,404312.8924,408037.7222,413965.0079,408749.1490,362282065.8821,362326918.6042,362269003.9953,362274978.5967,9862.3986,6153.3188,10651.5984,6499.0074,13434.3982,3916.1835,12566.8011,12374.7827,13471.7950,11083.2128,13088.4031,10795.4241,2723.3855,13204.8878,5490.0009,6422.2510,5716.9566,10433.4950,12563.4433,6329.1897,391889.2025,428785.2202,404089.9048,411763.8779,405637.7964,409125.7565,415012.6632,409869.4082,362287739.6160,362332592.1860,362274677.7195,362280652.6191,11431.3448,13696.2858,5954.5769,9702.4817,12064.8746,9720.2124,5188.7204,11365.7860,8565.5867,11500.4147,5411.0010,7838.0895,11637.2347,12820.9353,12451.0590,5805.2082,9434.3692,9592.0556,4392.1228,385753.1084,422465.5230,397882.5410,405570.9990,399254.5824,402875.8411,408910.6062,403613.0623,362281053.5712,362325906.3392,362267992.0947,362273966.8187,9408.2252,7019.2905,10992.5829,6202.1482,13641.4879,13400.9626,12034.6495,13585.4230,10036.8458,9190.9018,7402.8423,12339.6425,4267.2751,9107.8810,7490.8900,13128.0517,13681.4744,9662.0931,387456.9162,424444.0614,399679.7214,407338.8823,401282.0620,404736.9354,410512.6213,405474.6170,362283158.7628,362328011.2248,362270096.6812,362276071.6996,13261.5369,9125.7966,7642.2049,8344.9196,11948.9693,6453.9169,9702.7594,7074.8637,12914.7317,12242.3131,5830.0655,6961.5086,6421.6253,13297.8489,8832.7211,8498.6059,13460.8813,390842.6086,427772.4322,403005.2909,410647.9905,404440.8279,408049.3730,413757.1654,408757.3560,362281922.1726,362326774.6462,362268859.7841,362274834.6193,11210.5320,9450.1563,13018.0581,10162.6843,13201.4335,12019.4288,11987.0015,5586.2851,4714.2945,13570.3601,9582.5416,11485.5607,1391.4869,12200.8255,12959.2060,4161.1841,385949.0190,422790.4407,398136.7185,405819.5030,399658.4164,403159.9257,409116.3256,403907.8265,362282943.5625,362327796.2050,362269881.9410,362275856.8397,12959.3053,8012.6064,7435.6571,4295.0796,10154.3503,2799.1735,7078.7581,13287.5988,5704.2822,12065.5032,12844.1673,11876.5615,10685.1545,8039.8625,12200.8255,382838.5083,419668.3403,394970.1480,402626.2795,396331.8485,399990.7086,405807.8998,400701.1354,362275074.4806,362319927.0809,362262012.4931,362267987.2848,11661.5895,13125.0935,12024.9085,10780.8397,11884.8214,12420.0549,6427.1603,11541.0166,2872.5335,3518.1653,8967.2756,9752.6679,11715.6900,9415.0420,393179.7960,430119.0069,405380.2552,413041.7500,406919.8876,410426.1069,416229.0657,411159.0043,362287475.5754,362332328.0791,362274413.4320,362280388.3350,5597.4349,5321.6947,3241.5924,8532.6446,11401.5670,12515.7598,4373.1291,12455.6229,9566.8825,12797.6219,3786.6663,188.7812,11377.1822,389796.6503,426525.7955,401890.0686,409553.2394,403154.9382,406887.5699,412780.2232,407594.3967,362280449.4834,362325302.1799,362267387.5262,362273362.1419,7915.2072,5597.8070,9429.3064,7685.0915,11194.4302,8042.7791,13810.7874,12274.4218,10100.9577,6926.5367,5444.0525,8565.4296,386198.7582,422879.6699,398293.1576,405971.3425,399568.9441,403279.3086,409270.9142,403998.8420,362278957.3709,362323810.1444,362265895.7375,362271870.3686,8155.1407,3754.4994,10369.4909,13842.8584,1535.3577,11543.5513,10845.1780,13494.9062,8342.7672,5435.5070,13238.4641,386425.2099,423247.2684,398542.9686,406192.5528,399866.6510,403562.0832,409348.1102,404264.1050,362277027.5789,362321880.1673,362263965.4316,362269940.1636,10820.9095,11609.2242,10748.8674,7248.3338,12242.5777,8639.2110,11478.3617,1544.9732,3135.3551,9493.4707,391551.3470,428256.9717,403648.7195,411321.1985,404926.4515,408640.6019,414590.8338,409355.9057,362283119.2158,362327971.9523,362270057.3814,362276031.9813,8765.7105,13508.6976,5060.8982,10618.5062,11780.9536,12621.9156,10971.4888,8616.4221,13203.2823,384033.1943,420919.2861,396180.0511,403827.5806,397578.3287,401213.8447,406964.5862,401921.4707,362275839.7184,362320692.2496,362262777.5542,362268752.3915,9495.9889,11246.9083,11918.3728,13610.8335,6589.3636,12260.4222,11338.8464,7642.2244,382043.5588,418854.5358,394202.4170,401879.5480,395644.2795,399218.2880,405154.4406,399953.0471,362277652.5773,362322505.2394,362264590.9384,362270565.7889,13694.4981,7832.0438,8324.1050,3564.4182,10438.3728,12472.7990,3842.4924,390658.0945,427503.0033,402846.7785,410528.8607,404368.5254,407870.8129,413821.0186,408618.2841,362287071.5710,362331924.2047,362274009.8512,362279984.7160,11335.6258,9961.0755,13714.8161,7271.0831,4520.6835,13227.8712,387922.2508,424736.5892,400036.4921,407686.1951,401350.7114,405053.8570,410843.2807,405755.1149,362278210.7758,362323063.3697,362265148.6058,362271123.3151,5567.8731,9507.3969,11349.1443,12529.4534,10664.6150,391256.6387,428242.9161,403470.0862,411124.4363,405043.1224,408527.0693,414275.8678,409257.9898,362285584.9738,362330437.4217,362272522.7394,362278497.7063,10880.4186,7321.3734,9639.3361,10431.6094,394777.8549,431672.1787,406951.0955,414611.1240,408416.5697,411986.4341,417796.9142,412710.4979,362287568.7160,362332421.2556,362274506.5316,362280481.3416,11601.0307,12732.8042,3030.9205,387195.2396,424022.3467,399379.3556,407064.1516,400892.5072,404399.2786,410371.7566,405147.9931,362284131.1271,362328983.7852,362271069.5222,362277044.3985,3752.5247,9740.3106,392658.1930,429390.5613,404764.6579,412434.6041,406063.4029,409762.6540,415688.4572,410477.9595,362284148.3826,362329001.0896,362271086.4726,362277061.0919,11283.1274,389755.3780,426480.9461,401848.0743,409511.8906,403111.3972,406844.7437,412742.2078,407551.9220,362280454.8996,362325307.6006,362267392.9550,362273367.5681,388712.2485,425477.0244,400871.5250,408560.7666,402321.2011,405877.0004,411896.1642,406622.8406,362284957.9163,362329810.6376,362271896.3804,362277871.1664,38148.0254,12750.2260,20187.2875,19346.5505,18172.8574,24463.9406,19072.8536,361941852.1961,361986705.0720,361928797.4842,361934775.5114,25613.4021,18901.4406,24573.3773,20209.3017,20873.7172,19683.1333,361908896.4244,361953749.6021,361895842.9021,361901820.9458,7803.7542,10184.4671,5516.1235,14010.0701,6368.5008,361930047.7659,361974900.7304,361916993.3658,361922971.3784,12233.0931,4361.4305,8103.4201,3902.5752,361922873.3911,361967726.3296,361909819.0412,361915797.1314,9075.9080,17964.4741,8581.5485,361925710.4957,361970563.6570,361912656.2999,361918634.0272,12233.0931,1579.8528,361925484.6603,361970337.6906,361912430.4668,361918408.4557,11362.7148,361918292.9377,361963145.6977,361905238.1650,361911216.3908,361924181.2568,361969034.2823,361911127.0221,361917104.9992,45931.7249,27593.3032,23860.5037,60288.1504,55536.7146,12704.8060,
57600.000,10895.0787,3600.2636,13346.0633,11232.8616,11320.3249,12707.1008,12648.6141,6787.9869,13176.8649,2597.7430,13025.6263,12801.7721,8671.8545,9065.4121,10708.3541,13402.6625,9793.7193,11792.4024,10457.5472,4884.7003,7475.8258,6793.8173,9633.6802,12420.2978,12721.9511,6413.9770,7692.4383,8328.1000,11312.2511,4119.4181,10099.7642,9084.8594,7357.6252,13698.6412,4463.4469,4674.4318,7008.8375,10792.6185,12482.0289,13270.6905,10907.9200,12966.8035,573.1131,7052.0797,5874.7403,10959.4865,11188.9310,6697.5887,10786.9983,3093.3145,5771.7404,11076.1232,7062.2600,13112.2863,5096.7717,6614.4665,5226.5407,10964.0469,10348.5258,9252.7137,2130.5721,11085.0009,11341.1366,2250.5580,8873.6300,5151.1779,7313.5996,8841.4959,7368.7130,3187.0307,3476.7498,7937.3202,12797.0956,8545.5331,12644.6352,11195.9567,0.0000,10509.9953,12030.6139,3770.5736,9479.5026,13504.9648,7928.8015,10127.2953,11394.3047,10220.2075,6824.3778,11517.4458,11711.8211,8276.0843,1954.0112,10485.0284,11846.3110,12720.3366,12052.1477,8136.5532,12347.1332,8593.3426,7014.3397,392829.1982,429787.7633,406598.9610,414353.9080,405337.2789,413253.2865,415002.0551,410817.4836,362294201.7467,362333874.1973,362273912.9685,362287698.8527,8333.1993,11270.7960,9450.1455,12185.4246,10059.5591,9925.1293,7553.7222,10556.9354,10082.0638,4350.9868,11478.6299,4253.3488,6793.6112,9706.1950,10063.6738,8183.2649,11694.1234,6143.1570,12936.4276,8056.3503,11857.9997,8855.2516,10381.5767,10393.9721,8130.4150,4425.6635,12834.1984,7905.9302,12085.3474,11510.3101,6747.7728,4922.9120,7287.3530,8151.1422,12368.1614,13457.6421,12230.7408,3755.8915,7538.6572,13368.4351,10802.4273,10831.5887,5695.2499,13030.7045,10285.6519,11310.8169,11864.0163,1315.0376,8725.4592,12655.9565,9354.6524,13659.1641,11614.1610,7068.4636,13550.5791,7688.2348,12503.2934,13526.8598,6611.0855,12061.0616,13267.8161,4969.8780,12096.9551,13160.9388,11264.3056,12851.3003,13822.0097,5492.5514,10025.5433,12087.2332,12717.9802,8194.3826,13813.4159,3289.4896,8792.8958,0.0000,11823.2087,9992.8503,11548.1226,10926.6661,8105.4876,10473.3055,1177.5348,12978.1565,10709.2277,8577.3100,2102.5718,9061.3882,5378.0774,11951.1728,11950.6784,2808.8842,11859.8698,12433.3221,11297.9285,11033.4587,11907.8946,12523.8559,389076.9129,425808.4416,402749.6864,410516.0302,401402.1738,409437.1440,411398.9607,407048.7048,362292304.4979,362331977.2794,362272016.2784,362285801.9746,13865.4693,10725.7337,12659.0445,12497.3922,12903.5394,4585.8328,13566.7222,3766.8083,11331.4923,13584.0121,5712.0180,8072.3248,11073.8870,13576.4818,8498.0590,12853.9363,8445.3787,7637.5876,6986.1934,7903.6536,9663.5624,12874.4529,13136.7775,4532.7838,4546.1121,10522.9588,10887.8439,6350.6346,11381.1842,7031.4609,4046.8551,12851.1332,3070.6213,6900.1237,9503.2987,12245.4373,10755.7431,12238.1863,12729.2511,13111.0548,3527.1810,3847.6840,8306.2387,10749.8076,12183.3263,8678.7436,8360.6048,1417.1785,7875.6348,10427.8934,9731.2346,13745.0534,1643.2983,9435.5725,2431.7862,11991.7613,12365.7817,8158.9582,5588.0342,12657.1955,9878.9141,5654.6155,10612.3410,6083.8956,9181.8999,11231.0040,4223.7652,4230.4803,6501.1842,9553.7567,12435.9297,11014.5339,10742.9219,11129.8013,0.0000,11832.8276,11770.7010,6249.2299,9619.8324,13003.5920,7841.7349,7357.4681,12921.8550,11066.0096,6563.9636,9362.1233,11726.7133,6320.6673,5423.3703,11194.9628,9869.2180,13407.4070,13325.1620,8604.9579,13072.0489,10256.9391,8626.1457,393579.3391,430476.5051,407317.9162,415096.1459,406055.7403,413984.1463,415817.0133,411573.3242,362295857.3820,362335529.9288,362275568.7738,362289354.6062,8199.1109,5711.9437,5712.7733,5397.3295,13006.9396,3172.8491,13360.0425,8199.2059,2859.9916,12591.1869,11395.9708,8487.8599,3152.9854,10797.1184,5306.7700,11059.4647,11344.9064,12043.6522,11091.3955,10058.2538,5482.4322,4793.5820,13009.0298,12840.7022,9036.1957,8903.1855,11997.3822,7650.4210,11893.0287,13342.0399,5259.4142,13591.9781,11790.6580,9727.2204,6558.2730,9037.5036,6492.8392,5191.1756,4206.8791,13258.3222,13357.4508,10823.2689,8466.7514,6847.6765,10880.1576,11259.6894,13785.4038,11117.7576,8908.2025,9602.9128,1238.1371,13683.8523,9786.5887,13628.2904,6557.0381,6030.1515,11464.0297,12570.5729,5239.6045,10064.9690,12505.9111,8529.1229,12257.9936,9927.4311,7808.2492,13245.2260,13215.2768,12163.5842,9558.4336,6139.9693,8090.4527,9056.8925,8569.9380,0.0000,7336.4395,6870.9865,12354.9451,9702.0814,5242.8752,11203.6568,11872.5217,4122.6371,8583.9338,12388.3887,10498.7246,7706.9997,12539.3930,12620.1715,7821.8356,10043.4443,3020.1586,3788.9957,10601.1513,4464.8194,9441.6957,10540.5138,383281.5197,420058.1767,397009.2427,404630.6406,395508.3070,403673.0259,405412.1971,401189.0688,362282842.7716,362322515.4551,362262554.2168,362276339.9016,11757.1533,3003.4870,11521.7022,7414.8758,10275.5399,12358.4693,8048.2172,10240.3950,8134.7608,12962.2289,12992.0397,9960.9335,3438.2168,11678.7676,4816.7050,9429.2237,13247.3985,6403.5435,13302.0719,11719.8103,11309.9854,7385.9639,9038.5512,12616.3917,12694.9909,8887.5823,12588.3478,5508.0900,9655.9987,8231.8537,12264.3862,8703.1596,8774.2496,12146.0387,10040.0785,4707.9835,9856.5998,4514.7491,10832.8157,9006.0165,8634.3043,1121.5747,12497.8671,13264.1808,10293.4765,11485.0090,8099.6817,764.5249,9452.2795,7446.2358,10061.0089,10033.2503,9156.2038,4922.9555,10280.4948,12981.2053,11123.0921,7586.4431,11887.8292,10938.8279,6678.6745,7607.2339,7146.3523,9547.5471,8776.3542,12593.3795,12255.2804,6451.3197,11098.0437,9747.1580,8842.7135,12848.0753,0.0000,12603.1532,1652.0046,12712.5108,3162.9007,10119.7843,4784.4410,9501.8239,8682.9614,13177.2238,13370.5599,10321.4197,12530.0393,12362.1291,11143.6822,3713.5329,10425.3539,6173.8808,10454.1055,4789.3664,11165.7460,13208.7794,6857.9330,391169.1631,427888.1670,404875.4052,412488.6862,403339.0953,411545.9711,413322.0613,409067.4639,362289808.2391,362329480.9978,362269519.6183,362283305.1841,10281.5366,3915.5964,13748.7370,4091.1745,10665.6980,10734.9006,3156.1671,13511.2053,8924.8315,4709.1565,4896.9753,13310.0973,1047.6996,13536.1802,10160.9540,8973.9104,11842.7660,6518.7361,3231.2039,3432.3734,13671.4072,13118.5443,4256.2823,6571.0756,11226.0071,2445.3912,13753.3955,13337.6299,8496.4358,11397.0606,11152.1470,9002.0319,944.9049,10087.9812,10773.2728,4061.6278,9071.4957,11468.9295,13585.1488,10190.6707,11820.8014,2044.5409,6385.4956,11642.5512,12006.7664,10844.6313,12296.2156,8354.6293,6292.7571,13041.3258,7971.7549,13441.6448,9359.9719,4069.0149,9104.6729,10329.3637,6806.8531,9222.4991,10379.3620,9511.2724,12379.3097,10301.2820,6573.5944,13633.7205,10324.0192,8918.4793,10406.7086,5903.2676,6608.6752,10944.7879,5639.0433,0.0000,1942.0789,10963.1393,8870.1079,12121.3957,6735.2150,12816.1495,12545.0713,4950.6423,3961.1505,9172.4479,11060.3749,5050.3851,10853.3061,10374.3867,10614.7491,10623.2226,7487.4227,2316.2159,12217.0828,2364.8736,4395.7389,11069.2343,382236.2508,419142.7956,396000.6435,403689.9901,394637.8770,402654.7319,404368.6683,400188.5586,362283231.5921,362322904.1121,362262942.9718,362276728.8325,9828.0734,9848.7589,8182.2405,13483.8036,7428.9953,8174.0548,9943.4473,12978.6113,12048.3900,7823.6264,6239.9445,10073.5804,6955.6947,10587.6028,13513.1531,8355.1411,12816.0428,10059.0280,9508.2297,9860.5929,10734.1587,12082.2134,11838.6424,10507.6725,11565.4361,7984.2315,11374.2338,6458.5570,13442.4354,10273.5135,9377.9484,10862.3219,9499.3848,3473.2784,8504.7962,1727.0545,12396.9169,10974.4137,9773.8099,3489.2777,11189.4735,13221.6233,10701.3439,13004.2467,9532.4727,3746.9320,9836.3147,4957.6445,11920.8709,10375.8296,11298.7272,4500.0329,9148.3305,12998.2668,12328.8182,6388.3258,11494.5815,12172.6570,7169.2257,9738.6240,8270.3874,9169.4956,10754.3965,13591.1241,12981.8843,7573.5697,9573.9836,9448.3979,8487.8811,11895.1690,0.0000,11462.0274,1429.5322,13376.8163,5506.3169,8339.7704,7382.7020,10424.2141,7107.9200,12274.9825,13752.8690,10360.5179,11352.7614,12943.2364,12364.8369,4418.5865,10242.2834,3833.2263,8634.2323,7040.4511,9374.8249,12655.9462,8369.4535,388318.6446,425025.6320,402023.7722,409621.0066,400464.2719,408693.6810,410459.6170,406207.6442,362286890.6472,362326563.4180,362266602.0657,362280387.6323,13575.6960,2328.4049,11616.9620,7952.5344,3241.2732,12347.2297,7534.7882,3754.4891,2602.3845,12931.9263,2910.0603,12478.3322,12407.4418,8502.5920,13240.3906,5643.6480,743.0820,795.5550,13696.1366,12098.5159,7340.5261,4155.1627,13002.6859,4433.1080,13094.9649,12417.8387,5662.4603,11472.5642,13014.9677,11529.2194,4368.9165,7016.0134,9063.2310,7065.4763,8850.1314,12777.5960,12894.4198,12403.3808,11949.2607,3120.4921,8386.4737,9288.3932,12397.3799,12798.0993,12045.8068,11108.2608,6465.7175,12845.3063,10815.2899,13417.4906,10644.2394,7373.5131,7601.0314,12255.0953,8900.8238,6485.7280,12318.3398,11531.9902,13626.0363,12278.2005,9604.0170,12869.5071,11236.4238,10976.6051,12228.0220,2179.6485,9678.3249,8100.1683,3643.4652,0.0000,4277.5887,10717.5155,10613.1515,12768.7306,3262.1238,13475.9319,10577.6873,7207.3862,4378.1480,9038.5879,8389.9887,2609.9188,9510.1981,12251.4749,11614.1275,7786.0788,8006.2563,4554.7953,13199.4839,1890.3493,6529.5860,12813.7634,381386.9359,418221.5449,395116.0244,402827.3354,393746.3626,401783.4912,403589.7800,399343.3726,362283462.0161,362323134.6461,362263173.6110,362276959.4209,13578.4491,7871.0005,9823.1441,13681.1984,3581.2811,10506.7308,12970.0995,13387.5567,4410.6883,13811.2888,4586.3402,8340.1352,10157.0882,6280.2339,12061.3135,13698.6467,13701.9248,698.9682,3774.8323,12660.5364,12442.9889,6735.3500,13204.9850,2805.7046,3939.5992,11677.6209,7180.0517,7057.5260,9633.6329,13635.9980,10364.1296,9673.6728,12988.3002,10957.3193,6375.4883,2747.9749,8387.9579,7519.0287,13671.3853,11669.8501,8273.6070,5888.4041,7570.7150,6895.8987,10235.9484,12650.5799,3596.8729,10364.3770,2235.3540,10145.1778,12902.3948,10521.4681,8038.3825,11890.2492,10876.8237,7939.1938,9521.6017,5037.9923,8327.7115,11603.1908,2707.9206,8307.4624,9566.7290,8313.9340,12839.0736,11528.3559,9592.9728,12808.4521,0.0000,13526.0873,8827.8715,9700.1833,6584.5544,12755.4019,4757.5572,6676.6596,12626.0940,13158.0039,10014.0584,9202.0763,13104.9148,8667.3611,7947.6910,8834.5477,9752.4289,11904.4801,13665.2548,6019.0116,13685.4057,12726.3223,7481.9322,394875.8240,431680.9810,408590.6769,416312.4690,407218.8463,415263.5146,417105.0955,412835.0454,362295835.4558,362335508.1227,362275546.8671,362289332.5591,12579.6915,7872.1842,1538.3844,12635.1408,9336.9968,5839.0599,863.7483,12226.1347,3221.6616,12031.6210,12133.3588,10193.4101,12560.3402,7652.1732,2491.2627,1725.5972,13655.2302,12612.8382,7960.5989,6261.1897,12794.4634,5622.1322,12787.3633,13025.1371,4953.6962,12607.6540,12709.3047,10886.8498,4886.7779,7742.8774,7888.2907,5973.0129,6981.2158,13216.8693,13317.5577,11909.0500,10662.1228,4445.7635,9512.1069,10187.1638,13234.3607,12286.8323,10890.2433,10557.2403,4323.6733,13448.3260,10451.2548,13761.3607,9071.1680,6541.7464,9401.6531,12584.9109,7351.4925,8038.3776,12594.6080,10409.6514,13293.1916,11463.2677,8815.2527,13250.1480,12292.1613,11633.2841,11283.0634,3521.5594,8982.8383,8379.5975,5838.5403,0.0000,5325.3208,9226.3414,11514.3446,11690.4719,3333.0589,12754.3483,11235.6042,5699.8863,6162.1524,10654.9643,9286.4518,4857.9935,10979.3907,12606.4896,10200.0718,8709.4404,6004.8778,3412.0714,12332.1830,1899.6093,7731.5722,12058.2198,381686.0975,418493.7250,395414.2822,403084.7864,393984.2840,402080.3872,403857.4349,399620.4802,362282699.0164,362322371.6729,362262410.5570,362276196.3128,12491.7518,12383.0568,8718.1673,6976.7389,9103.4946,12808.5161,10994.9344,11034.9322,11141.1331,6889.1216,5170.3317,8916.1490,7689.6938,11399.8770,11823.7324,7703.8259,7483.0730,7712.0283,9613.3771,6448.0420,8998.2832,9991.8824,7064.8171,13217.2893,2563.7268,6956.9601,8642.6455,10037.6043,11425.8004,13515.3569,11206.3996,13626.0798,3093.5710,7202.6464,7869.0976,12279.0187,10088.8952,5412.5062,9682.5405,2457.6097,7916.9242,12265.9435,8480.3653,13366.6570,5166.4395,7854.7446,6009.2099,12250.6506,10640.3872,7178.4875,3911.2328,11959.5949,9730.7252,4150.9546,10503.8256,7418.5997,9228.1378,9772.1506,7540.6793,650.7969,3450.6029,9799.9397,11667.4636,9469.3566,11914.0319,9539.6210,0.0000,9493.3694,13017.9294,2768.8835,11152.2131,12649.1406,9779.0837,9370.9451,11840.2852,8721.5132,4432.0726,10379.3200,10224.3253,6381.3108,3741.8879,11970.1885,10673.7289,13318.0121,11816.4928,10054.6853,11595.0964,7364.0860,9073.0834,391176.9597,428141.8762,404940.7278,412729.5206,403723.3488,411597.9530,413384.2802,409181.4393,362293674.8098,362333347.2603,362273386.1366,362287172.0622,8996.2470,7324.0685,8675.0725,9411.1125,7157.7700,8421.9013,10045.1460,6760.3499,13603.2482,10172.8742,12271.7719,9546.7657,8558.6855,8267.5298,10265.2553,7906.2311,12727.8636,7750.7811,13151.4164,10898.5272,8129.7241,8546.6946,3393.4826,11170.9238,13252.6323,13338.7408,11108.9766,2731.2124,4276.5104,11728.7190,7916.6482,12917.7171,8952.4413,13390.2407,9044.9345,10244.1217,12712.9349,4733.2975,11649.4105,13145.3928,8256.7630,13515.0489,8654.2788,10283.3098,13561.9164,10538.3921,10820.5363,12168.2373,8535.7142,13574.9684,11441.8428,5783.6212,13563.9900,12392.2622,12429.6499,12740.0591,13002.9834,8701.3689,12388.4516,13488.7216,12400.9309,6145.4836,13115.5261,1312.5805,8466.8577,0.0000,11011.0631,7910.9254,13160.7850,10450.0240,5151.6621,10927.1335,5376.4249,10995.1982,10461.4733,10781.6069,3886.9687,8207.7375,8475.9366,13516.3109,10646.5023,3631.4238,9126.9834,10363.7242,11375.0230,9002.8000,12055.3604,12654.8841,386403.9824,423089.2612,400072.0439,407780.5891,398635.1965,406759.0080,408687.9173,404343.9450,362288503.7032,362328176.5363,362268215.4830,362282001.1152,13132.9611,9938.8076,6191.6088,2299.1604,12326.3498,2565.8901,12429.8677,11308.8710,10502.9704,11973.1462,8048.6553,3043.8602,2475.0445,13679.3768,13071.5156,7092.6531,7101.9621,12150.4231,5175.5894,13042.3782,13454.8161,6156.2426,12721.3567,12017.0980,9878.8505,4057.9696,8963.5768,8509.7576,4546.9805,6813.6751,12836.6363,13650.5993,11051.9596,10468.9177,4197.0107,9012.0708,11144.7204,13216.4678,11522.1878,10876.8228,9488.6745,3787.4167,13616.3801,9396.7986,13844.1931,8309.4740,5147.9641,10042.7705,11978.0594,6191.4524,9093.2859,11974.6696,9474.4292,12823.0289,10624.1029,7570.8329,13606.8765,12117.7004,11035.9855,10474.3278,4838.7891,7754.7267,9524.3864,6507.6382,0.0000,4789.3589,9153.9400,11053.2318,11323.6690,4803.4000,12444.8044,12049.7238,4381.1516,6144.5915,10856.7463,10357.1194,5601.1264,11585.0556,12020.0053,9613.0634,9838.5813,5404.9469,1919.3907,11871.4562,1760.2883,7222.8596,11322.9159,381952.4582,418784.2388,395693.8947,403351.4697,394259.5781,402354.8290,404093.7552,399882.8237,362282447.8129,362322120.4311,362262159.2679,362275945.0372,8773.7144,11825.9210,12283.7224,5552.2337,13315.9727,3961.2223,10807.6630,9083.4222,9132.5980,10807.1244,12631.4613,12640.9504,4246.7634,1473.4846,13147.7270,10676.5020,9494.2628,12843.3194,3416.5973,2163.6685,9887.8646,7093.1108,9823.5178,11802.2982,13458.8731,7603.2877,8517.8340,13645.6876,11039.5528,8441.1692,2027.9079,10897.0043,8694.1299,13034.6358,12016.8350,5124.4250,6703.5250,10260.9818,7742.2150,12234.8343,12533.4461,4149.2583,12245.6915,4115.1993,11507.5553,13675.6638,8694.9322,10080.4307,12941.3494,8381.2819,10057.4215,11563.4827,8175.1320,10767.8499,13084.1442,1661.1582,8939.6085,10910.4926,10677.5499,11111.2501,13037.5897,6799.6351,11308.7050,0.0000,13185.6637,9285.8212,10662.3621,8630.2628,10999.4264,7479.3934,3310.9361,13237.4385,12403.8354,9223.4007,6163.5970,11637.6450,6707.1261,9965.8309,10453.9741,6818.5970,12191.4440,13583.6480,8622.0760,12933.9125,12704.9416,10134.0150,392900.2768,429660.6789,406589.5295,414338.8817,405232.4331,413271.4792,415186.7126,410867.6306,362295088.8391,362334761.5764,362274800.4475,362288586.1303,4832.9546,9334.9757,12308.6737,8628.3783,11280.4369,11799.9305,2111.6521,12896.1435,2911.2895,7626.2630,8146.6027,10763.1734,7773.6741,8542.7823,3769.1212,11625.5074,7093.0431,11173.2087,7682.0760,9386.3467,5608.1758,11973.8039,12435.6402,8514.7638,6424.3128,11524.4871,11510.8851,12905.2421,9356.6323,8621.4999,12351.3351,13417.3976,7314.9741,6839.1821,5650.1066,7298.0428,12460.6379,13074.7463,12146.9358,12014.0453,8039.5774,11587.9007,9329.0009,13649.9751,11312.5039,291.5137,9882.2199,12909.4330,3529.8868,10062.5706,13365.2206,12069.9163,12966.2899,12102.4205,8751.4046,6499.4695,8574.8174,13198.3558,6757.4781,11953.1817,7763.2377,4313.3994,0.0000,7589.0848,13135.3308,7533.2979,13459.5764,8119.4718,12882.1440,6793.8821,11944.0685,5655.7570,2971.5172,5708.1775,5258.0418,2670.8841,9767.8748,13750.5427,5678.1480,12776.9452,10395.9177,13236.3008,8615.1723,6864.9435,13019.3493,385950.7482,422830.0018,399672.1255,407487.6902,398449.1931,406344.8258,408241.8840,403959.7076,362290216.4376,362329889.0230,362269928.1074,362283714.0020,6178.1522,13568.9254,4308.5510,13056.1761,11622.0290,5382.3251,13217.1815,2172.0172,3512.5009,4246.0585,13072.5814,11144.0686,5809.5360,2427.9635,12148.3098,3027.1015,13227.1097,11241.1233,8292.9739,8976.3264,12301.1845,11379.0849,4349.4443,7654.8215,11261.8949,8272.9802,11337.7430,10982.3279,11878.3868,11978.8576,13325.4211,2755.5242,5705.3158,8766.2749,10243.6551,12413.8473,13362.2528,10837.8009,9306.8658,11302.1770,10270.3243,12201.2834,12200.2900,8147.2410,4988.3925,10542.8284,10467.5922,5568.9037,10687.4772,12202.4748,13062.9252,12412.1869,9889.0183,11960.8229,8595.0019,8801.6679,12598.8762,4378.5990,9805.6672,9063.0941,1362.3474,0.0000,3361.5356,12593.3608,8098.0183,13609.4788,6104.3076,13717.5872,10059.9224,8937.8546,1483.8916,5876.9801,8220.2275,1723.8300,7275.5656,10506.0579,12934.1004,7793.4040,10506.2105,6561.0502,13586.6044,4528.2425,4119.1069,12859.7048,382538.4865,419439.2597,396281.2639,404047.0193,395006.9814,402945.5954,404762.6269,400526.5392,362285688.5048,362325361.0528,362265400.0790,362279185.9819,11907.3238,4019.1396,11593.2122,12466.0260,10328.6911,12652.2091,7875.4240,2970.6195,2215.9108,13500.9294,12333.9912,8634.6728,6269.0040,13020.3918,6276.3515,12450.7881,12780.2676,4141.3788,12684.7711,12944.6732,11268.5423,5658.1316,7151.5837,7251.4228,6607.8666,6710.3208,13423.6472,13085.0704,12215.3564,10427.3410,5103.8065,10038.0832,9739.0692,13311.3738,12526.9772,10570.9311,11002.8229,4337.5468,13353.5523,10932.6368,13655.4699,9146.6038,7205.3003,9374.4393,12916.7998,7700.7844,7729.7038,12921.5764,10652.0907,13378.7302,11694.8006,9346.0622,12994.9774,12534.6493,12055.1214,11471.4981,3210.3237,9521.8309,7719.6139,5994.5354,0.0000,6025.7754,8909.0021,11913.3928,11581.9901,2634.4243,12668.0898,10800.1486,6187.1897,6662.7366,10831.1911,8788.2693,5021.7325,10862.1386,12931.1911,10181.4354,8194.8443,5994.0050,4172.8328,12312.4860,2674.0826,8337.4478,12231.0522,381841.9680,418629.5777,395561.9109,403232.2349,394122.8723,402230.7863,404024.9538,399774.3448,362282926.1268,362322598.8112,362262637.7031,362276423.4385,13261.7359,2463.6631,9248.8262,12431.2216,5971.9304,13319.4938,13141.9118,12893.7145,4480.2001,6568.9342,13363.8188,13022.4859,8094.9767,13545.0131,2318.2382,7139.3417,9773.6902,10560.0561,8102.3491,9488.3022,13496.1694,10041.7120,6552.9427,11877.6205,7697.6280,9346.7480,6268.2278,8731.9282,3734.3465,13669.9458,13283.5120,9180.9409,9549.8521,7934.5080,2766.6383,10231.2662,10228.2441,7587.1849,10673.8820,6476.0998,7515.0493,12089.4584,12306.4028,10270.9347,9998.6920,11615.6403,10102.1002,8115.8616,6262.8119,7716.3157,11002.8082,6015.2744,11331.9116,11712.1990,7256.5849,12214.4081,11086.1898,8788.7550,13340.3194,0.0000,13701.8268,5039.1462,12055.0597,3804.0523,11535.0400,3523.6219,7855.9310,11013.5716,13824.9376,12474.6931,9632.5085,13287.4041,11043.3495,10246.1348,5997.3316,9982.6937,9168.8082,12508.1423,4528.4906,12857.7284,13719.8043,7012.5666,393574.8497,430307.7587,407276.4338,414931.7934,405794.7280,413950.8016,415769.4065,411495.1731,362293094.1344,362332766.8863,362272805.5466,362286591.1340,13323.7234,10835.4444,8922.1939,12269.6603,6267.1014,2228.8887,2405.2503,13784.8316,12969.2435,5113.6642,5940.6261,11786.2775,2752.4909,13663.0504,13221.1348,7708.0328,11539.8065,11728.8127,9712.0586,1746.7452,9358.3324,10282.4708,4724.8001,8872.5773,11934.5729,13525.9892,10839.8599,11838.6576,1779.8862,6962.8956,11129.8992,12238.5321,11427.9318,12229.7377,9128.0070,6062.2981,13118.5719,8781.7599,13559.3875,9621.8071,4878.3629,8782.3291,10948.2811,7233.4133,8588.1088,11000.5216,10036.9969,12796.8635,10858.4051,7373.7518,13553.1015,10678.3726,9565.0981,10909.2193,4965.4893,7431.8037,10263.6462,5055.4980,0.0000,2305.4631,10842.7214,9430.1762,12307.7849,5802.9847,13046.7812,12138.0454,5352.8450,3877.3331,9216.4068,10456.0897,4330.1717,10608.9314,10981.3306,10840.4829,9970.1164,7424.6982,2447.1814,12517.1379,1380.4210,4932.7319,11576.5729,381803.7809,418690.8141,395559.2865,403251.8602,394191.2196,402216.7487,403952.4663,399755.9907,362283041.5474,362322714.0972,362262752.9833,362276538.8295,10816.4080,11730.0608,8032.1405,12654.7964,12799.6770,12575.7784,4997.6857,5269.7871,13879.0871,12091.4003,9646.2718,13580.0271,1865.7876,5961.9933,8833.9935,10155.7080,9756.7407,11169.2072,13723.0780,8354.3762,5943.6725,12804.7043,8409.0537,10091.3445,5366.8305,10469.2990,5536.8993,13570.6787,13539.0394,7287.7418,9482.8134,9749.2131,4327.0128,11785.7180,10739.3691,7190.1995,12088.3278,6440.5292,9192.5905,13047.3140,11223.4065,11262.4053,11319.0395,10169.5524,11148.0070,10011.5788,7961.1622,9658.4007,12376.2954,5017.8144,11400.5204,12390.6886,9266.8447,11379.4869,12445.4788,6961.7892,12595.9740,0.0000,13776.7475,6112.9030,12480.0602,6097.8569,10686.4865,5755.4685,5878.3505,11980.2045,13561.5423,11905.1336,7777.3890,12597.2407,9825.7181,11205.2342,7925.8916,8196.2752,10024.3798,12930.1672,6797.2351,12765.0091,13870.9478,9030.3370,392834.9799,429541.7382,406518.7836,414201.5891,405058.8173,413200.0070,415076.3962,410765.5996,362293360.7038,362333033.5002,362273072.2524,362286857.8387,10563.3511,3965.9118,11446.2056,12083.1653,12174.8697,7780.7555,10385.6826,7625.2619,12701.0841,1843.7919,9941.0069,9733.5562,10373.9731,13360.1830,8768.6826,1588.7791,2423.7883,9859.1783,13777.8594,12378.7947,8065.6189,10573.7000,4615.6304,9774.3114,1193.0798,8762.4602,10925.0988,7748.1857,13040.1097,7574.1867,1764.3535,9443.6092,2783.4335,10746.2743,8595.9375,2845.1983,8030.1107,7412.8151,7539.8093,12002.9230,3228.6816,7509.4717,13323.8828,2961.3260,4637.6532,3922.9047,3061.2539,5114.6569,9941.7393,7239.0289,4920.4655,3885.9696,13068.7765,4871.9694,13691.5528,12329.4200,0.0000,10117.8652,9899.1788,6093.5875,7058.2353,13398.8348,6339.9540,12445.0355,8395.6349,10856.3951,10082.6645,13443.2561,12452.6371,11620.7238,3379.5267,7206.1956,13603.2049,9945.3941,10125.6780,5666.4111,11456.8817,8944.1973,3239.7400,392120.5544,429066.3293,405905.3299,413579.3842,404542.3102,412551.2322,414206.8678,410068.9306,362291285.0240,362330957.4707,362270996.0798,362284781.9031,12137.6252,3332.5703,8427.3289,8995.9638,10302.8389,7897.7524,7582.8661,5223.1423,10433.5531,6901.6703,11304.0385,7662.4848,10774.3434,4196.3424,10821.5908,11452.9928,8396.1235,8197.6732,12524.2334,11247.0223,13425.7499,7846.7466,8466.7604,11269.8529,13542.6639,7529.3666,5372.6382,7076.6279,5947.6974,11432.3535,13322.5894,11114.8580,12523.1627,7359.8480,10463.0390,8674.6067,13523.9627,10888.4404,2358.9411,8291.3779,12708.3483,5542.5649,8505.4817,12768.6355,11134.5484,12154.8011,11347.1908,8678.7690,4624.4913,6832.8189,12510.0477,8161.9393,11136.3105,9345.6635,5387.1493,0.0000,7457.5596,13523.5265,5684.5695,13242.6027,9544.6163,12453.6514,7801.2355,11864.0025,5672.4708,866.7313,7367.3993,6338.9351,3217.5141,8169.3103,13598.8749,7438.4111,13126.1788,10579.1772,12753.2574,9207.0227,6008.3123,12208.1026,386980.3389,423902.2868,400718.8063,408536.7766,399517.9857,407385.5931,409247.8088,404994.3242,362290989.7875,362330662.3110,362270701.3573,362284487.2887,13077.0910,13112.5970,13012.2312,5698.1738,9232.8073,10478.2939,13715.6644,3105.6520,12021.2066,6980.8976,9422.7581,12459.4980,9939.7019,2792.8827,4430.7650,11803.3620,13147.5803,10313.4385,9407.2803,8898.0332,6294.9550,8515.1513,3234.9944,5608.6914,12654.8409,10684.2687,12354.2236,8501.9298,2276.0012,6228.5798,5360.4511,10292.2618,8182.3943,5937.9489,7047.4122,5864.9920,9255.3552,13026.4852,6214.0155,7636.6653,13567.2871,5943.0267,4006.5566,2126.3667,2477.3865,7036.3754,8549.4749,9351.2070,8161.3054,2479.0798,13445.6349,7012.6521,12548.9290,13588.8082,0.0000,12158.5122,7277.7269,9060.3825,3509.7345,13285.2701,2615.6222,11372.5623,9044.9933,12818.2721,11834.4831,12806.6077,13594.4630,12194.1176,6280.0920,4737.8329,13049.2266,9046.9926,11222.1930,1836.4450,12475.8024,11563.2207,1401.5047,393780.3434,430641.5900,407537.8407,415181.8897,406099.8342,414192.5924,415884.3700,411707.2562,362292308.9995,362331981.5617,362272020.1183,362285805.8239,5521.2758,6190.7468,12198.6324,9926.8712,6432.0846,2577.5039,11729.8872,4486.1523,12630.9769,9908.7030,9193.5333,7249.2968,11981.4376,11657.8833,6022.5787,7496.0094,11825.4403,9654.9488,12360.3527,9958.5090,10658.3681,11959.5785,13649.6157,4715.0535,5288.3328,7803.8803,8741.5261,12298.7206,13559.3248,11176.1019,10771.0788,9919.2100,10546.4982,11011.0551,12995.3878,9420.4467,3113.5239,9837.3217,11608.4314,4827.2362,10017.7178,12707.6916,12578.1802,12590.1397,10683.7986,10784.4544,7137.8079,8087.2634,12848.1601,5653.3692,10541.7656,8938.7993,2286.5217,0.0000,4975.0596,13167.6343,7149.8080,13733.8573,7326.1549,13488.5106,9029.0585,10321.2770,2852.4319,3907.6270,7516.3798,3273.4258,5455.8855,9766.0563,13471.2797,7245.3115,11763.3508,8331.5159,13539.5742,6501.9615,4537.3682,12888.1544,383955.6535,420865.7507,397695.1279,405489.3686,396459.8494,404361.2071,406205.3093,401957.6974,362287696.2472,362327368.7864,362267407.8436,362281193.7662,782.3286,13785.1875,12331.2331,6718.8909,4356.3153,12765.3791,3793.1957,13333.6074,12622.7877,6283.3398,11406.7434,12769.5597,11175.5994,3664.6908,7615.5687,9515.5013,6599.4904,9023.7033,12564.2827,13075.6930,12103.2442,12083.5248,2437.4005,7895.9145,9732.9027,12314.9319,12550.4913,12247.5376,10703.5069,6499.4324,12909.8580,10377.9576,13478.7732,10555.6152,6855.7158,7719.1278,11931.1272,8636.2883,6910.0442,11998.2169,11299.6638,13503.7924,12043.5209,9153.7318,13069.2787,11010.5872,10577.7572,12029.6931,2871.7683,9216.2330,8695.4829,3674.3908,0.0000,3593.8464,10916.8824,10238.3204,12802.5829,3968.7888,13492.4638,10976.1218,6879.1579,3909.5556,8912.3106,8895.1770,2693.2019,9671.5981,11934.0374,11585.2462,8320.1335,8020.2102,4105.1569,13161.7503,1425.4173,5956.4769,12622.5592,381362.1242,418213.5674,395098.3776,402808.9098,393735.3275,401763.3459,403553.8945,399319.7548,362283336.8721,362323009.4782,362263048.4324,362276834.2582,13790.6318,12430.3324,7148.9181,4884.5535,12848.6869,4381.6705,13191.5024,12763.3306,5770.1583,11819.2435,12826.1601,11158.7182,4021.5996,7552.6011,8996.0801,6424.4311,8426.1492,12833.8282,13174.7861,12118.7452,11690.1550,3059.2476,8454.9229,9824.8858,12649.4599,12544.0642,11865.2409,10728.9242,5859.4455,13113.8916,10470.2826,13609.5419,10156.1127,6783.0456,8226.5012,12206.9254,8289.0520,7179.7113,12256.5766,11093.5298,13508.0852,11936.8787,9106.1935,13147.3312,11464.3033,10974.4039,11869.9816,2809.6301,9202.4002,8516.4491,4312.0998,0.0000,4139.3077,10429.8217,10699.3494,12516.4949,3549.9375,13323.6639,11029.6158,6542.5329,4642.0876,9483.2312,8947.5214,3307.1541,10071.6935,12215.1223,11217.0583,8359.1894,7439.2877,3829.7314,12969.5907,1191.2775,6553.1724,12520.9895,381357.1617,418193.5296,395090.1803,402788.7643,393706.1578,401755.8169,403544.2094,399307.7089,362283067.7887,362322740.4130,362262779.3493,362276565.1528,4357.4899,12447.5730,12671.8458,6134.0864,13152.2745,3197.7403,4475.2533,11962.0891,7240.3146,6452.0909,9128.1419,13545.3949,10816.4567,9924.2090,12754.3078,10932.0458,5967.1285,3301.6511,7824.0988,7386.0761,13669.2883,11502.2445,8811.2443,5819.5862,6981.1021,6871.6694,9754.9536,12605.2859,3779.0338,9901.8549,2289.5560,9857.5944,12641.7773,10795.5411,7583.4041,11611.3298,11262.8076,7467.8140,9071.1701,4382.1994,7796.2955,11215.9397,3311.0281,8171.4342,9234.1545,7810.2882,13064.5746,11134.0511,10076.4161,12981.7768,0.0000,13466.7582,8800.0513,9448.9226,6262.5501,12999.0917,4307.3127,7271.5278,12415.5126,13182.8432,10112.6464,9711.0294,13269.5239,9010.0451,7500.5171,8532.2299,10237.0688,11801.4043,13568.6437,5545.1732,13713.7844,12613.6397,6919.9574,395055.4583,431871.6730,408776.2351,416492.7113,407402.8122,415446.9132,417272.0928,413013.2643,362295786.2894,362335458.9388,362275497.6613,362289283.3591,12422.6479,10075.7207,9102.5278,12209.1841,4508.1161,757.2685,10310.2379,5697.9320,9494.6855,11564.8146,12968.7913,7703.4490,9413.8591,13483.5615,11673.4155,7530.4082,1303.1985,10631.5858,9511.7169,12512.2666,11035.9513,4949.8680,5429.2776,10066.0577,8693.7242,11913.2803,12841.6861,2986.9102,11815.9485,3444.0116,11913.1824,13423.9224,7710.3606,9252.9794,13062.1404,7899.2213,9266.0153,11673.9499,8044.1703,10755.3040,12839.3553,1204.3855,7685.0145,9934.4463,10777.9681,10947.7838,12750.2314,7231.2868,10684.8201,0.0000,12597.8145,10122.4828,9578.7866,9243.5990,11079.7492,7937.5678,3331.5591,13244.9886,11674.1980,7982.9026,6099.9111,11128.3195,5557.8518,9121.7720,10969.3164,6764.9766,12600.0077,13428.2963,9009.7574,12702.6314,11873.5620,10162.0494,392668.0935,429460.2682,406365.8971,414133.4417,405044.5911,413045.6108,414956.5633,410647.0658,362295254.4162,362334927.1126,362274966.0111,362288751.7392,7940.6647,8843.1263,3203.6478,13517.6898,12425.2214,11382.7222,9191.8471,8863.6845,7169.8729,3447.5936,11833.3233,12888.1024,5356.1971,11222.8675,8587.8868,12581.4353,8081.8608,12446.7629,4546.7194,2880.8397,12262.5345,9619.4006,8874.5137,12975.6223,6321.5183,9218.2978,11392.0025,5548.3964,11841.4715,10067.9264,4616.1141,8806.1450,7087.0388,7813.1738,10305.7198,7195.2259,8878.6849,10531.3115,8950.5989,5521.2904,12745.1965,7383.9254,5254.7512,9392.6744,8815.9862,5285.5464,12666.7916,7050.9067,0.0000,3358.3434,12292.6453,5308.8231,11973.4214,9912.7517,12022.2851,12810.0837,6707.0122,4459.5445,7370.7896,12111.1539,7108.2111,10129.4855,7140.1166,10982.8431,11902.8810,9764.5303,5809.7162,11449.9934,6326.9427,2083.7199,9663.9529,384957.6459,421939.3483,398745.5780,406465.0518,397454.0413,405391.8260,407076.0227,402930.4731,362286097.1045,362325769.5191,362265808.3504,362279594.2885,12914.1138,5304.4812,12445.6747,10225.2146,7196.0355,8829.4288,13112.0225,12612.9260,6424.7031,5612.0864,10375.0899,9836.1341,11367.4832,11544.3183,11011.1960,13011.1779,13211.5322,4798.3499,7465.5153,6862.9670,10224.1371,13272.4110,13012.6295,12225.5796,9791.6039,10787.3952,11747.6454,11775.1940,12814.3015,9847.0230,3786.5341,11540.4051,11570.5507,3314.4768,11676.9659,13135.8628,13456.5782,13290.6676,11436.2892,11046.8549,9137.6475,10078.3839,13389.0481,3454.9470,11382.4555,7210.2118,1112.0015,0.0000,5601.8099,12391.7774,9283.1803,13713.4459,5159.9988,13763.2892,8403.7392,10187.8486,3880.9141,5966.4887,6179.2494,1751.8207,6065.4906,11476.6736,13329.0300,5693.7572,10980.4781,7965.4189,13846.2585,5622.5645,6296.8435,13582.8975,382881.3799,419735.1197,396601.4026,404380.1944,395321.9083,403273.9145,405148.4832,400871.1172,362286585.5404,362326258.1577,362266297.2326,362280083.0966,10867.8734,8364.2539,9066.7247,13358.2955,8026.9725,590.9610,3916.3155,10941.7707,13399.0198,12047.1350,9367.7241,10786.0936,3680.9355,8345.8804,2268.5364,8271.2678,11795.3486,8533.4863,12301.3570,6560.5441,1781.0044,8760.4742,4470.3566,11405.9687,7217.6448,4583.0549,6463.2922,7864.2441,8932.6186,11800.9267,3240.4409,8558.2526,13079.0066,2954.6182,5376.1259,2250.7126,3523.5246,6662.7383,8517.3640,6913.6711,5441.5817,4187.2165,13372.1254,6461.5150,13172.1963,12694.6969,0.0000,11099.4102,9646.2042,6433.2358,6404.0454,13634.2225,5157.2376,11477.3503,9519.1816,11561.7806,9955.6022,12849.3351,12888.6115,11033.7646,3317.3364,7242.8664,13104.9215,10527.8751,11191.7464,4829.2280,12266.2175,9872.7253,3091.8981,393409.3367,430334.9677,407183.2003,414867.9083,405822.5969,413833.7360,415521.3381,411361.4388,362292842.7583,362332515.2379,362272553.8572,362286339.6569,13595.4652,12308.7042,9276.6795,9676.2943,10916.3867,9342.7181,1669.6137,9728.1645,11673.9783,5825.5907,10614.2046,10349.7214,12689.9277,10244.9578,12685.2837,1449.9146,4440.4151,10786.8558,10533.8648,10875.4975,13019.6915,8649.6015,8240.9519,11888.1964,8053.2265,12524.7559,10693.5756,5529.1563,7309.1845,9343.6202,8447.8048,8148.8808,9457.7997,10373.4981,12135.3194,10732.8105,7422.8778,12793.6241,8562.6743,7558.2284,10981.0608,6014.1607,7328.7057,10815.7600,4282.2476,0.0000,574.3765,12070.8020,7219.2225,12743.2726,7335.1699,13017.7177,11747.3669,6849.5198,1795.5446,7062.4645,10347.5852,4135.4263,9195.7847,9357.2143,11680.7369,9977.3994,9298.9443,4650.8270,12596.8547,3825.2772,2274.1025,11378.5657,382860.8210,419796.2222,396626.8421,404357.2298,395326.0763,403281.7768,405022.7537,400835.2184,362284801.9789,362324474.4678,362264513.3900,362278299.3015,5067.0236,10115.3844,9132.8484,8533.4687,10430.2339,13828.4824,9323.4070,7481.1087,12896.8488,9344.7827,8682.2661,4178.5337,9487.6476,5916.7622,13783.3847,12955.3611,7771.8453,8193.3633,8685.6310,4930.2906,11084.0078,11515.8738,5837.3827,11356.0021,4843.6970,9347.6874,13014.1938,11144.6743,10021.7017,11458.2055,10643.6077,9901.1853,9588.7354,6549.6310,8887.5889,12018.6377,3882.0280,10330.3685,11371.1709,8609.9078,12152.3123,12037.3935,8155.4295,12892.9429,0.0000,13838.3345,6974.6587,11511.5130,5763.1075,11687.7067,4741.5519,6181.1614,12225.9193,13595.7346,11351.4253,8476.7011,13006.2135,9523.4627,9956.3312,7960.8362,8968.3167,10717.2062,13310.9421,5988.3727,13279.9511,13582.1198,8127.1652,393991.0895,430734.0037,407687.1155,415381.1557,406255.4812,414365.0071,416224.8128,411930.9134,362294542.4985,362334215.2471,362274253.9815,362288039.6008,10904.3973,5192.4028,9493.5823,11684.7086,13136.1461,8174.8646,10125.5482,13763.5466,12275.6530,7223.2594,1228.3235,10698.4450,10079.1625,12681.0040,10885.7959,5307.7194,4920.0928,10145.2253,9306.2349,12009.3246,13351.4539,2476.0357,11868.0922,3183.7711,12362.8135,13655.4125,7627.5379,9033.4633,13434.2241,8108.8193,9062.2695,11958.5992,8091.6490,10948.1968,13021.0995,1344.1170,7277.8614,9697.0423,11025.6614,11314.0469,12909.2285,7820.2069,10819.4825,0.0000,12720.7994,10749.4232,9298.4234,9685.5550,11548.3174,8262.2781,3792.6813,13601.1191,11733.3713,7693.5182,6500.5902,11323.7973,5355.0620,8892.5865,11429.7126,7170.4757,13123.5388,13751.5038,9330.0119,13018.0540,11842.1449,10347.1795,392925.3872,429731.5697,406626.5017,414403.9206,405323.3294,413305.3797,415216.5586,410910.2963,362295698.3914,362335371.0698,362275409.9778,362289195.7248,12437.8340,13346.7933,12546.4097,9083.5601,4510.7518,4167.5076,9523.1069,6201.9092,13621.5289,11216.1691,13037.9857,9067.8441,8342.4771,12079.5906,7331.4539,12948.6819,13015.8722,8714.6690,12579.7249,5962.8396,12140.6974,12645.8348,12343.1015,9569.6017,10115.6824,9318.6616,13740.2467,9506.4172,6718.1950,13720.6357,11475.6542,13036.3294,12276.5814,11495.2690,11019.5173,13046.5921,13380.4490,11906.6322,4320.8257,11670.6435,4323.2926,7557.2195,0.0000,9223.2397,7448.5668,13173.8115,10633.4598,2663.0871,11623.3679,8219.7583,8715.0323,9194.1511,11371.0451,6309.1289,6906.6430,10043.3117,13719.7306,9956.2094,5778.3262,6902.2639,7767.2385,11659.8552,6473.9079,10914.6255,12477.4515,384011.8065,420718.5886,397696.7753,405373.2295,396230.3855,404377.2066,406247.8246,401938.9225,362285384.0667,362325056.8632,362265095.7722,362278881.4201,8547.0951,10384.7998,10857.0573,9900.6838,12840.0556,12385.4930,13762.8361,4763.1157,5676.2809,9580.6625,12401.1852,10514.1977,6863.6032,7693.6151,1940.2377,9453.7189,12118.7445,10324.4666,13721.5384,3851.4350,9795.7378,5211.5258,13061.7160,11962.4277,5730.6815,6146.2984,13039.1563,8184.5519,6334.0405,11795.9477,8387.2894,10626.0828,11407.4815,6014.2356,2532.9225,5827.9846,11052.0871,11055.0394,11159.8087,10397.7722,9049.1314,0.0000,10198.8496,13010.5030,4993.9464,11568.3629,12000.4187,10154.8134,7360.4150,12831.0490,9011.3667,3693.1892,8545.8307,9824.1148,4244.2791,5973.7328,12640.0053,8941.1554,13777.6534,12536.6540,10710.4238,11845.0393,8409.3159,10347.0217,391139.0718,428061.9940,404880.4155,412689.2991,403668.1654,411546.1242,413395.0897,409149.2149,362294430.3525,362334102.8694,362274141.8158,362287927.7134,3466.6175,10900.1552,13583.4014,11969.3408,9096.2641,10518.2086,4251.5238,8757.8270,1763.0615,8032.6690,11821.0665,8742.9551,12603.8699,7116.4367,1211.3972,8601.2477,4099.6556,11152.8894,7717.5088,4315.8466,6926.0439,7445.1616,8677.5100,12150.2920,3640.6661,8167.1841,13341.5253,3349.6643,4870.5679,2370.2422,2988.6520,6314.5572,8911.1629,7401.4133,5750.3208,3678.8998,13438.9569,6130.8547,13329.7187,12866.6378,0.0000,11119.4788,9412.1896,6789.4086,6141.6693,13652.8036,5052.0895,11797.4610,9212.0583,11691.0344,10361.8050,13110.2503,13015.4722,11452.1506,3736.5757,6851.6783,13344.3779,10218.9321,11017.3823,4571.2666,12208.6186,9992.0621,2595.9032,393301.6664,430224.6572,407076.9120,414751.7332,405703.5884,413726.5133,415403.5542,411248.7280,362292470.8917,362332143.3722,362272181.9727,362285967.7643,8864.5715,13739.5431,11608.9005,6178.2675,9076.2066,6780.3812,11125.3539,1745.1545,8038.0268,10160.3948,8172.8292,13574.8268,9433.0386,2654.6185,8963.8032,1003.4700,9011.1322,10256.9652,1852.8504,9685.7428,5636.4146,5744.3366,12636.8485,5286.2366,5328.4333,13545.8584,5068.4557,2790.7079,5397.0930,2217.0865,3055.0211,11228.9217,8874.2556,6281.6552,2866.6330,12426.1630,2923.7493,13629.5683,12137.1787,0.0000,9384.7163,8872.5382,7406.6076,6662.3138,12590.4224,6762.1063,13160.5558,6396.4078,10562.7988,11096.4615,13762.6616,12057.1523,12615.6316,5439.9767,5907.4125,13806.1130,8136.9510,8552.4331,5703.2621,10313.0728,8792.4519,3150.9355,390580.7303,427508.2664,404366.0179,412007.6902,402957.2658,411010.1988,412639.9109,408511.6266,362289075.4102,362328747.8746,362268786.4515,362282572.2472,10297.8290,11326.8014,4434.9517,9730.6309,10978.8354,13405.7350,9994.6114,12183.0126,1803.7984,5531.7674,11633.3892,11510.7486,10677.1816,12646.4678,8162.6100,7090.9557,12720.3221,7682.4469,13182.2914,9771.2800,4243.5406,8715.2007,9800.4844,7246.5631,9165.2004,9871.1468,9645.6094,12205.9170,10278.8106,6545.8124,13481.0108,9671.0334,8239.8758,10458.8230,6267.7006,6522.1384,11221.8047,5438.8761,0.0000,1170.0358,11456.1932,8141.9874,12335.6943,7275.7820,12875.0372,12523.3587,5495.8652,3363.2471,8543.1161,11123.8867,5009.4822,10486.9464,9841.5882,10955.2017,10720.8002,8183.9120,3163.8317,12302.7749,3089.1054,3490.7540,11032.7768,382514.6345,419439.8997,396283.6684,403985.3665,394944.2121,402936.5103,404649.6145,400474.4537,362283732.9849,362323405.4809,362263444.3520,362277230.2373,6738.5258,11924.2405,9725.8884,12490.9752,8898.2580,13789.1598,10919.4296,9108.2632,11433.8836,3314.2708,10798.4882,13653.0775,10229.6612,13757.4405,9710.5574,9849.9673,13612.3670,10503.8841,12209.3386,12221.8412,6245.8425,13163.4929,12295.2778,3184.2433,13212.2148,13324.9030,12991.0069,13496.5309,13263.6951,8736.2211,11206.2128,12674.0149,13317.0050,4977.6578,13309.2595,1794.5455,6522.3873,0.0000,9928.4018,9962.2336,12107.0323,11976.0319,4779.1074,12131.3797,4821.1864,11530.8551,8893.8850,8917.3779,2046.2900,6482.9817,6534.3712,13084.3233,12175.4938,1373.2927,10472.5928,10309.3498,12589.7646,8436.8616,10762.2259,13464.6457,385441.3439,422169.1657,399116.3940,406866.9855,397748.3609,405802.6695,407749.0029,403405.3637,362288648.1049,362328320.8895,362268359.9242,362282145.6320,10278.7382,4331.1917,13024.6641,10012.5197,11809.9317,5721.7853,11092.4529,13554.6008,8234.2135,12752.9917,11513.1235,5130.4866,11969.5849,6386.0583,11337.2334,12305.1591,11017.6069,7646.5045,10886.8942,11470.2045,13361.6171,8978.0627,9317.4788,13262.9456,9891.1260,11139.6612,10632.7747,11353.8151,9734.6897,13545.9873,13749.1745,10066.6305,8067.2871,11568.6440,5465.1989,10726.6150,0.0000,11649.5119,4113.6565,13826.6381,7658.6802,6642.3203,8891.5333,8165.3006,9097.5540,11894.9560,12940.9055,7728.5595,10239.8578,11350.4480,13352.2780,7423.4803,7581.0179,6182.7815,9567.4882,9037.8532,9300.2070,12901.2411,10592.1009,387527.7263,424198.4196,401207.6033,408845.3916,399680.1562,407887.7488,409737.8945,405432.6318,362287538.1518,362327210.9860,362267249.7609,362281035.3244,7207.4812,10890.6545,13645.5523,7711.7076,9588.1619,5963.8868,7881.1976,13191.1198,12356.6973,8422.5514,10430.8441,5648.6758,4907.1974,13165.5045,5658.5289,13091.6090,6148.0343,938.2955,11695.4605,9469.0693,3111.1480,11773.9751,9407.2375,6185.0311,10499.5127,7413.2872,3344.1429,13671.3470,11081.8505,8862.0659,7417.2650,8660.3596,3579.8911,12224.1155,9094.3502,0.0000,5499.0443,8986.0682,9377.8553,9667.9772,8799.0237,10716.8749,13584.1310,1579.9895,7482.8696,11254.3529,12790.9748,8554.5431,12795.5583,9571.3724,7670.7833,12486.0090,5225.2397,2806.0480,9769.0459,5318.5683,6764.0290,8366.1085,384569.1819,421464.6204,398343.4797,405975.2235,396908.7663,404991.2348,406638.4754,402492.3531,362283679.0456,362323351.5603,362263390.2527,362277176.0518,12706.5717,11961.7337,9767.8747,4772.3984,10160.2485,12673.1783,11267.9477,13450.3696,9710.3054,5276.9540,9392.8807,3332.4840,12690.3222,9899.0786,12187.3899,4141.9367,7943.2956,12946.3220,12369.0830,5243.2720,11490.2298,12225.4375,6952.4307,10364.6542,8328.2970,8330.4427,11777.0228,13674.8882,12775.8433,7681.0928,8906.3631,8643.8691,8980.3324,11290.0176,0.0000,10439.1554,2936.8703,13181.6651,6482.4156,7702.2207,8389.5707,11234.8877,5733.5375,11474.0638,13674.7725,10798.6758,10645.4741,13217.7750,12419.5206,4757.9911,10576.9415,2212.7812,7231.6647,7838.5193,8185.5563,11877.2901,8647.8496,386897.0562,423623.2989,400611.3811,408203.4604,399054.4181,407277.9517,409020.8933,404785.3626,362285402.8258,362325075.5682,362265114.2217,362278899.8143,6829.0060,5553.8352,10536.6565,11405.1668,7096.2895,10792.1910,3249.7199,5369.5751,10655.4112,6911.6296,12980.6989,4952.2613,6535.4214,4917.1023,10641.2830,10358.3652,9535.2144,2189.2358,10907.3644,11492.1033,2235.3874,8547.0162,4600.5242,6937.7677,8756.4972,7134.1237,3685.7777,3854.9131,7545.6918,12900.3463,8474.7909,12573.0233,11445.0614,0.0000,10743.5913,11673.1853,4243.8933,9006.4329,13534.6895,7407.3208,10054.2237,11308.9236,10515.9611,7228.9067,11533.1116,11927.6023,8492.7946,2033.4213,10092.3548,11874.1437,12517.4697,12094.7757,7634.2872,12454.1232,8924.1060,6577.6098,393145.7157,430095.9108,406913.8436,414661.6413,405639.5304,413568.6143,415315.7357,411129.9875,362294320.0082,362333992.4693,362274031.2229,362287817.0913,10035.8263,9350.1192,13102.1677,11173.3033,6238.2865,4978.4974,9396.6463,8593.9869,11536.3057,13253.0404,2235.4559,11470.1341,2289.0992,11785.7596,13539.4672,8590.3218,8678.8166,13077.2875,9044.5760,8671.6470,11304.6068,7159.7342,10216.4792,12684.0474,398.5497,7507.1575,9638.2731,10274.0336,11891.9364,12579.6253,8376.7679,11538.0543,0.0000,13079.4042,10218.5568,9398.3711,8803.7227,12021.8226,7246.3894,4620.1985,13422.9676,12274.1318,8425.9617,7364.4303,11983.8291,6421.0230,8547.8018,10724.7252,8009.4627,12860.7955,13851.7637,8384.1858,13347.2445,12196.6828,9532.7314,393732.6557,430538.0485,407437.3328,415199.5570,406114.9677,414114.7035,416007.3985,411710.5893,362295985.7506,362335658.4267,362275697.2853,362289483.0145,7888.4307,11117.0880,8517.6546,13220.1691,8376.7287,1048.2639,8675.3591,2490.1995,10122.5741,9093.9150,2944.0881,8392.9897,6390.9136,7287.4645,12542.0273,4363.8639,6741.3636,13592.5833,4095.2026,3534.6517,3818.3330,1899.5947,4731.7637,10160.5892,8211.1597,5972.5443,2742.3454,13066.2551,4570.5044,13588.5809,12647.4493,0.0000,10368.9006,9054.8530,7110.8627,6173.5622,13241.6580,5727.2240,12596.0641,7856.0741,11255.5505,10854.0374,13568.3990,12679.8246,12178.5501,4504.5697,6160.2941,13708.6692,9172.3390,9883.3657,4852.7120,11380.8522,9485.7874,2227.2399,392099.3141,429025.3669,405880.7173,413535.7524,404486.2676,412527.0668,414175.5082,410036.8129,362290812.4682,362330484.9383,362270523.5160,362284309.3073,12687.1884,13173.2441,11087.7441,11498.9604,7341.3484,1330.2894,8775.4851,7601.9740,10222.7948,9424.2723,9227.0164,4237.4502,9970.6975,13457.8955,10704.4614,7130.9228,12584.5210,10499.5787,5822.7257,7021.7178,6296.3346,8983.6716,9153.0996,12545.0623,11959.5833,5558.2273,11700.9809,9185.4095,9805.3053,13289.5742,0.0000,12691.1826,2083.3225,12522.6778,2242.0080,10804.0047,4192.5940,10262.8226,8438.1773,13389.3596,13601.2250,11160.3816,12980.3863,12845.1043,10739.6726,2788.0300,11270.7979,6162.3023,10482.5831,3959.4558,11436.3808,13200.6766,6003.7755,391604.8977,428340.5247,405320.1176,412925.1081,403781.3482,411987.2757,413738.0061,409500.8078,362289868.2798,362329541.0120,362269579.5956,362283365.1691,5830.7192,10586.5736,11423.8786,11699.6748,12977.0590,9528.2944,7608.5514,12523.7028,9031.5043,13150.3463,10767.1770,5888.1247,7489.1003,10511.8416,8524.7985,7753.1798,10609.6549,10854.4111,12892.7746,11396.8538,8091.2236,13166.8386,9658.1999,8856.1939,11547.7930,4910.8685,8063.5203,10234.5449,3772.1268,0.0000,1231.4813,11846.4757,8509.9393,12997.4950,6216.8667,13450.9247,11689.6902,6771.7447,2142.9829,7833.6077,9983.8032,3298.4138,9504.3251,10523.1385,11821.0205,9524.8091,8882.5306,4123.9953,13043.0874,2621.9704,3697.3766,12042.6128,381932.6751,418841.6848,395689.4934,403412.9976,394368.2239,402347.5940,404103.6576,399901.5742,362283921.9335,362323594.4600,362263633.3997,362277419.2865,11177.2833,7547.8460,9133.5139,13485.9338,7471.6880,11118.9122,9691.3165,6601.3952,10414.8530,11584.7237,7190.7280,7126.4976,6013.5757,9906.6106,9405.3281,6219.4119,10154.7275,10159.9692,9713.4157,7498.3391,11400.4797,4962.9832,3717.2597,10250.5193,9334.6592,7199.2704,12371.1401,6787.1197,0.0000,4899.2846,13255.2069,3131.2669,12508.5928,10645.3677,12053.3926,11658.9365,9027.9638,4604.1184,4956.7897,11256.3093,7259.8154,8208.1554,5999.3302,12122.4827,11174.5323,11594.1575,8122.6748,11774.5162,7958.9704,2275.2964,10163.6539,386300.1199,423294.7244,400082.3317,407845.8490,398849.3281,406731.9873,408460.6869,404294.9158,362288471.7698,362328144.1752,362268183.0716,362281969.0430,8543.2725,12933.2800,10253.8461,13682.4844,11710.0956,7258.1002,13488.0043,8097.2071,12939.0864,13307.5566,5445.5055,11940.3099,13397.7333,3803.5025,12005.7307,13484.2181,11703.5347,13178.5619,13767.4487,6108.2482,9547.1826,11711.9450,13106.2444,7543.6649,13738.1675,3523.1652,7800.6746,0.0000,11125.5911,10729.0730,11059.5223,11665.9270,7712.4316,11201.3184,1906.7254,12932.1001,9833.1552,7669.2145,1309.9677,8156.2339,4411.3755,11825.6706,12530.1899,2061.4475,12119.7831,12108.3546,11948.3432,10512.5235,11164.0274,12924.9385,388215.6805,424967.1383,401893.0142,409673.8182,400571.7631,408579.4151,410542.5894,406196.1394,362291856.0316,362331528.7886,362271567.8250,362285353.5566,8115.1263,11263.6611,9516.0444,13740.8994,2814.0222,9089.9411,3809.5965,12315.1167,11924.4400,7419.2416,5080.8398,12620.7916,9531.0460,5215.9542,10824.6936,6759.1532,9444.0345,10931.3018,5347.9868,2880.4592,5538.2362,9891.1845,12058.2801,10682.6058,11013.5739,10392.5454,0.0000,11014.7447,12388.8074,5098.8002,10398.6676,12809.3579,8760.1288,7829.0586,12711.2362,10154.9083,5420.5217,9464.9257,11056.6345,5822.8097,4902.8320,11707.7833,9909.0946,13542.8036,12889.2658,9362.8229,12561.4042,9239.1518,9029.4922,392666.0391,429587.6843,406411.9373,414201.0268,405174.4334,413075.7462,414900.7789,410667.1174,362295231.7728,362334904.2865,362274943.1596,362288729.0310,8061.5303,3483.3505,10392.3722,8562.3389,3948.7135,7720.1488,6396.3719,8069.2268,12634.5393,4584.0756,7211.9028,13599.0848,4299.5043,3716.6977,2853.6972,1800.7563,5596.8580,9508.5974,8314.0166,6451.1388,2526.4088,13302.2593,5470.8369,13339.8308,12990.7478,0.0000,11019.3901,8688.0721,7522.6617,5473.4721,13400.3568,4798.6159,12173.8284,8423.7168,11790.5498,11029.3000,13345.6604,13041.1115,12073.3773,4698.1983,5868.1960,13533.1924,9350.9430,10482.1154,4005.3075,11875.1353,10151.2836,1555.2751,392870.0166,429780.6890,406645.0331,414300.3922,405243.4396,413293.8400,414956.4547,410806.5187,362291582.5290,362331255.0218,362271293.5938,362285079.3637,9683.1206,8175.7535,9713.8235,10259.5294,8736.4654,5456.6206,10811.5043,13088.9780,11070.8653,8178.3665,12063.6003,10883.0489,6954.3364,7318.4859,7232.4305,9951.5819,8356.3110,12531.0514,12312.2752,6560.1460,11557.2140,10130.0422,8983.0496,13201.3736,0.0000,13061.7613,2406.0085,12766.7465,2970.7132,10620.1279,4357.3901,9331.2416,9308.2861,13557.8788,13425.2810,10370.8204,12934.3908,12321.1469,11084.5906,4078.1149,10529.6215,6914.1741,11074.3411,4546.5689,11738.7429,13543.5786,6829.9438,391870.0196,428587.6812,405574.6182,413192.3849,404042.8282,412245.9858,414028.9466,409770.4238,362290562.2232,362330234.9851,362270273.6026,362284059.1647,8967.4759,10563.4440,959.3035,10129.2528,6148.7393,5100.6024,12362.1462,5206.2834,5298.0572,13382.8807,5028.7719,3515.3744,6155.0469,3204.2534,2428.0740,11655.9169,8651.9269,5833.3811,3815.6350,12137.9786,2195.7758,13774.2650,11679.1087,0.0000,8682.5096,9450.4267,6953.9717,7528.4377,12414.0599,7641.2714,13392.0940,6098.0543,9930.0290,10748.9570,13826.2172,11602.6737,12514.0602,5365.8104,6630.1816,13833.6195,8266.1093,8052.9361,6627.6658,9834.7779,8038.8262,4125.4236,389823.5133,426766.3744,403613.4908,411261.5483,402219.5996,410256.1521,411880.5822,407758.6984,362288515.4120,362328187.8563,362268226.4540,362282012.2748,13584.4017,9258.6688,13390.9977,5430.0620,5778.3964,12091.7013,12253.3103,4298.3267,10824.2053,12161.4714,7573.0522,11612.0419,9081.4899,7217.9741,13137.2532,13277.2953,12053.9514,8655.2189,7190.9098,7534.2120,9559.9684,9457.1808,0.0000,7939.5702,6060.1412,12367.4047,8812.5631,6287.0026,10446.1103,12138.2797,3571.6755,9295.1956,12804.0043,11047.9110,8656.1389,12987.1612,12314.4211,6767.1895,10657.8314,1810.9181,4215.7843,9752.2860,5407.8758,9850.6103,9705.7520,384176.8850,420952.7417,397907.9038,405514.9341,396390.0487,404569.7526,406290.3159,402077.2917,362283216.5495,362322889.2285,362262927.9412,362276713.6103,10360.1436,1590.2174,11981.8080,12909.9465,8071.6237,6942.6772,12906.0497,9322.3777,6978.1338,10977.1160,6506.7520,9676.9122,11912.3694,2623.1716,5534.2693,7849.3429,9917.3761,12125.9573,11742.0569,9665.6295,11170.5385,0.0000,12323.0696,11183.5188,7567.8232,9321.9073,12537.9579,7588.4355,6023.7015,13188.1519,11490.2677,7114.6095,8345.2482,11726.5731,5975.3883,6790.8519,11068.0072,8922.2749,13239.7542,13567.2417,8537.7195,13164.7384,11030.3697,9054.6093,393660.3121,430519.5535,407383.8999,415159.4369,406101.3797,414055.2751,415918.0257,411649.5875,362296041.9162,362335714.5178,362275753.3769,362289539.1690,10057.9550,6900.5143,4997.0050,11815.4508,4684.3581,5805.3618,13021.6037,4547.7874,4402.9809,6453.0287,3985.6193,2616.0417,11614.2214,7986.4533,5020.7497,4634.3487,11887.1827,2273.1804,13744.9565,11168.0625,0.0000,8119.6271,10040.5535,6138.1699,8208.9022,12302.1840,8177.9231,13271.0821,6317.9254,9299.8498,10066.2038,13639.1232,11147.3687,12045.6390,4843.6695,7405.1172,13641.0449,8724.0129,7932.3897,7270.2793,9577.9909,7267.1132,4808.5103,389476.1335,426433.8920,403268.6288,410931.1292,401898.5949,409910.9719,411541.0557,407419.5684,362288553.5896,362328226.0168,362268264.6454,362282050.4928,11221.7354,12869.3661,9367.2649,6883.9998,12474.1364,10354.4165,6852.9810,10189.1296,5354.1358,8815.7443,11616.5859,2571.7410,6466.5253,8222.6681,9004.0614,12759.9026,11469.8384,10087.1399,12113.9242,0.0000,12916.1159,10411.4911,8186.5520,8159.8587,12992.9679,6265.9025,6679.0446,12993.0725,12323.5323,8418.0468,9134.7752,12569.8660,7384.8805,6755.5772,10133.7562,9702.9673,12840.8124,13727.1520,7313.2993,13587.0514,11734.7055,8069.3382,394567.2524,431415.4441,408291.9720,416045.1378,406977.0571,414962.4393,416806.4905,412545.2216,362296258.9205,362335931.5328,362275970.3299,362289756.0885,6570.8603,13762.3126,9935.7422,3207.2608,13269.1512,9730.7652,3064.0922,7738.1652,4719.8018,5594.5862,11695.6069,12421.6837,10778.6937,4016.8057,11182.2898,5905.3111,11605.4827,12538.1723,0.0000,10561.8205,4226.9649,11542.5218,4461.7374,10516.1618,6351.6854,12573.6035,4963.7568,11880.2196,13511.0513,12801.7240,12084.6436,13811.6231,10030.6255,1820.0094,12727.0215,3777.6719,7722.5400,5238.1056,9518.8386,11306.3520,5220.2739,389207.9126,426007.9232,402954.6925,410539.4633,401421.8405,409609.8032,411278.0079,407099.6644,362286854.2912,362326526.9244,362266565.4734,362280351.1165,11514.2447,8828.0977,3629.1842,11858.4001,8777.2883,6164.7318,10231.7299,7207.1993,2831.3418,13592.2788,10511.7095,8131.6098,7318.0025,8997.2958,2986.8856,12582.3083,9065.9760,0.0000,5244.4554,9529.1327,8679.2449,9856.3397,9293.3397,10734.2613,13677.6410,2434.0287,7227.7210,10835.0070,12971.8783,8616.1254,12604.8662,8935.2630,7998.0801,12695.1235,6036.2765,3341.4814,9790.0316,5663.1287,6194.4138,8176.8229,384864.7046,421780.7940,398645.2103,406286.2646,397230.9655,405291.1002,406931.9742,402794.1550,362284100.7664,362323773.2536,362263811.9492,362277597.7727,10101.5934,13061.4020,3326.8756,10278.9676,13523.7607,12199.3480,13131.1760,12313.5252,8711.8664,6712.4231,8831.0636,13350.1912,6743.4281,12169.7891,7597.1978,4397.4992,0.0000,7797.3071,13159.9777,7794.8637,13532.1050,8081.3641,12957.4221,6629.8620,12100.1666,5863.0762,3213.2509,5498.0175,5328.7670,2570.5659,9985.8542,13846.0411,5471.7558,12859.5529,10546.1279,13333.4161,8728.5650,7131.6850,13171.2029,385944.8318,422818.1801,399663.4171,407480.3444,398439.5766,406337.0840,408240.9692,403953.8426,362290277.5559,362329950.1499,362269989.2409,362283775.1308,9719.8820,12079.5864,296.0279,7540.7800,5077.8023,6057.4281,7090.2421,8948.3584,4292.5875,2439.5368,6792.5573,12744.9096,6761.5202,13355.2297,11234.7573,0.0000,9681.8372,11719.5357,3424.7213,9160.5826,13433.7591,7952.2874,11433.3364,10076.5645,9814.1692,7654.6203,12495.3715,11623.4637,9584.8567,184.4940,9699.9264,12719.3861,11818.0528,10960.2887,7781.8112,11649.1025,7819.9092,6016.5356,392001.8434,428977.4677,405784.9316,413514.7337,404501.6300,412433.4797,414134.6851,409979.4756,362292648.5334,362332320.9522,362272359.6728,362286145.5636,12809.7566,9572.5503,3992.8835,9202.3835,5722.8910,3555.4515,13047.1013,11991.4066,9887.4163,5419.5568,10005.3014,3946.7728,12136.6900,11049.3765,0.0000,8207.3116,6669.6955,10603.3615,7274.6266,9652.8366,8740.3970,13432.4055,2017.7779,9909.5825,12699.2627,13097.3049,10512.0766,13663.9710,9831.7085,4907.2099,12886.9649,3464.2664,5096.8226,7634.2720,7397.2951,9231.9684,6623.8324,386665.2154,423513.8243,400428.9019,408025.9695,398932.6239,407078.6566,408720.9145,404567.2472,362284743.8857,362324416.4544,362264455.0543,362278240.7715,12195.3047,13774.8455,13101.0536,13728.4558,12980.6407,9018.2084,9371.5424,11120.0375,13743.1215,4813.1245,12939.7244,4821.1172,4383.4927,0.0000,8476.0149,11877.3835,10305.2504,13200.0894,5730.4213,13032.2628,5570.8969,11805.2056,6880.8266,6361.4599,3099.4152,4814.7673,4422.5419,11983.7472,13372.7573,2703.2961,11733.2906,10150.3182,13435.3452,8015.3795,8830.0739,13768.8239,384873.5247,421671.5032,398567.6375,406357.7740,397277.8615,405248.9272,407185.0817,402862.9524,362288932.4891,362328605.1849,362268644.2789,362282430.0844,7306.2130,4830.2821,5793.6389,6968.6850,8933.9012,4543.9300,2684.6319,6532.8876,12809.0255,6646.1222,13368.1577,11373.4248,0.0000,9784.1826,11543.7419,3694.5370,8926.1635,13461.0376,7720.6573,11470.9034,9983.6659,9962.7861,7882.6741,12558.7705,11741.4817,9744.5319,431.2191,9473.9963,12784.2301,11686.3636,10948.6556,7529.7661,11688.8397,7979.6586,5740.4019,392126.2283,429098.6444,405909.1454,413634.3905,404618.8698,412557.6268,414255.8369,410101.4454,362292643.4223,362332315.8445,362272354.5542,362286140.4378,5814.6365,1955.1947,3990.6436,11311.4698,10745.1425,8647.1457,1550.6671,12255.8917,4157.9095,12919.8921,12763.4561,0.0000,10330.0133,6608.3496,9627.8602,4744.3916,12009.9626,5705.2629,12992.9676,5699.0817,11613.9473,12562.9012,13565.0338,12508.7814,13438.1089,7664.7677,3316.3360,13581.3762,6277.6589,8421.2106,4391.7406,10317.9637,10374.5929,2834.0145,390569.3137,427435.5128,404337.9250,411945.0337,402860.6825,410986.5366,412625.4729,408478.0624,362288369.2271,362328041.7706,362268080.3049,362281866.0173,4057.8084,8097.5955,7268.0278,7932.9008,7258.6634,4349.1847,13686.9939,7981.8227,12488.3463,13402.1139,0.0000,12366.8665,8669.9575,8045.8257,5033.8393,13724.0559,3258.3607,10603.3515,10342.2789,12699.7509,10751.3311,12338.3357,13572.5818,11085.7964,5096.4923,6643.1032,12672.8000,10568.1182,12126.0422,3390.0114,13057.0040,11376.9415,3117.1192,394578.6085,431459.5171,408335.7583,416013.7654,406946.0830,414992.2264,416710.9193,412523.8519,362293912.5592,362333585.1029,362273623.7096,362287409.4506,4756.3612,10269.1744,9555.4103,7570.3917,851.1997,12866.8626,4757.0334,13104.1942,12974.3760,0.0000,10789.3472,7494.3483,8612.6643,4641.7823,12781.2805,4769.9596,12513.3784,7182.6824,11810.5935,11849.5891,13441.8839,12877.5545,12769.2057,6177.9807,4357.0679,13556.0363,7889.9564,9581.9512,3589.1873,11219.3818,10355.2982,1102.9937,391976.8523,428863.4300,405748.3033,413377.9969,404306.0471,412397.1452,414047.6230,409898.6485,362290166.2685,362329838.7891,362269877.3345,362283663.0707,12762.6222,9806.4659,7062.0110,5019.8643,10907.6801,410.1513,13385.8093,10776.6149,0.0000,7309.1306,9130.4433,7961.4000,8294.8260,11125.1385,8945.5979,13758.4384,3945.1960,8952.1636,11122.2583,13680.1041,10510.4248,12895.3295,7230.3606,6691.9734,13553.8987,6765.2891,5969.3850,7869.4855,8094.4216,7355.2702,5800.0471,387567.5935,424495.8942,401355.0173,408988.9144,399938.2384,407997.9240,409617.3599,405494.5173,362286197.7055,362325870.1689,362265908.7880,362279694.6012,7836.7972,9914.8682,10293.8724,11827.6722,12670.4332,8146.6483,11591.0728,0.0000,13172.5662,9998.1896,9687.8696,8679.0328,11901.5698,7174.8795,4433.6943,13404.7905,12385.4886,8668.6313,7222.1969,12010.9772,6567.6195,8821.5785,10614.9937,7871.0445,12734.9477,13848.0253,8332.4702,13336.3766,12366.2829,9581.5715,393694.6315,430490.6569,407396.3615,415154.8949,406065.4617,414074.5940,415970.7197,411669.9246,362295890.6839,362335563.3726,362275602.2289,362289387.9466,3453.4116,10119.5204,11307.1591,9503.1934,11786.8888,9046.0276,0.0000,9072.3359,13189.9122,2556.2910,11501.5780,12360.3248,10213.0098,9362.4723,11762.1920,8212.6773,3858.6195,10196.2091,9759.5710,6084.6548,4134.2042,12218.6489,10459.8103,13316.1550,11574.8878,10461.8315,11254.6606,6900.4949,9456.6562,390583.5634,427551.0361,404347.1919,412140.6116,403136.7765,411004.5320,412794.5249,408590.3542,362293266.2389,362332938.6872,362272977.5838,362286763.5194,8267.1446,11646.5020,6699.3170,13185.2047,9643.5948,0.0000,7945.0323,12619.6030,1303.2682,10733.9111,12610.9800,9803.4478,11583.5723,9757.6706,7928.1382,6162.6014,12126.5936,10102.2830,8843.1026,2423.7565,10881.7646,12251.2788,11970.1442,9997.3718,9582.8020,10418.3683,5734.9008,7782.0796,389908.5400,426905.3309,403695.3369,411444.7346,402446.0099,410342.9277,412050.5571,407896.9720,362291248.9088,362330921.3030,362270960.0966,362284746.0368,12761.9138,5085.5579,12836.5723,13102.8251,0.0000,11013.1558,6766.3998,9260.6271,3971.0328,12556.8052,4436.6491,12425.4787,7006.3591,12063.8777,12254.2808,13332.1278,12954.3018,12982.7621,6904.0732,3536.3553,13435.9298,7356.0748,9520.3653,3142.5248,11177.6238,10764.3932,1321.9703,391904.3526,428771.7181,405670.2785,413290.3357,404208.0198,412320.6457,413975.5393,409819.7649,362289918.0835,362329590.6292,362269629.1653,362283414.8767,10979.4564,6175.6272,3576.4772,0.0000,6013.4484,10431.7190,11172.6650,12682.6669,1830.0209,13281.7322,8977.7032,8568.5245,5486.4295,8827.2730,6510.4747,2761.9011,8457.3579,12715.4962,11879.2026,5843.3247,8598.5620,6347.5379,13219.0861,3908.6992,7798.3505,13240.0379,382050.6681,418846.9588,395760.3625,403485.7253,394390.7075,402434.8295,404292.0977,400010.0325,362284625.1407,362324297.8274,362264336.8320,362278122.6100,13460.5556,10716.7962,0.0000,7238.8722,9382.2713,7615.4930,8428.6371,11255.5971,8977.0149,13724.0991,4272.6388,8838.4112,10886.6274,13676.8293,10487.8997,12740.3047,6903.4624,6932.4104,13562.0164,7111.5082,6145.4642,7927.4724,8196.0415,7143.3675,5783.3752,387689.3458,424625.3061,401478.5043,409118.1231,400071.9363,408121.0320,409741.0901,405619.7101,362286431.1773,362326103.6312,362266142.2563,362279928.0799,8039.5470,0.0000,10989.3429,8861.2020,12748.3506,11010.7980,5533.9625,11237.5564,4399.9846,11631.3514,10186.3352,9984.6259,2621.3345,7931.8330,7425.4082,13280.7830,11383.5785,2414.2542,10073.6980,10842.2523,11775.8594,9299.8007,11823.7131,12981.0487,386597.8258,423296.1384,400265.5867,407996.7771,398861.5859,406953.4675,408899.9489,404549.7383,362289258.4277,362328931.2481,362268970.2342,362282755.8927,0.0000,4568.6017,12472.6095,8892.1560,13725.1966,5363.4302,13834.3007,9245.3219,9569.9829,2842.5928,6034.9589,7152.1325,1063.4799,6731.2361,11184.3382,13174.5111,6675.4815,10690.0637,7215.0252,13810.9647,4911.5581,5397.1406,13346.2510,382508.2481,419381.3568,396238.0677,404009.7894,394958.5451,402907.0733,404755.9864,400496.5497,362285964.1106,362325636.6994,362265675.7548,362279461.6351,0.0000,0.0000,0.0000,0.0000,0.0000,0.0000,0.0000,0.0000,0.0000,0.0000,0.0000,0.0000,0.0000,0.0000,0.0000,0.0000,0.0000,0.0000,0.0000,0.0000,0.0000,0.0000,0.0000,0.0000,0.0000,0.0000,0.0000,0.0000,0.0000,0.0000,0.0000,0.0000,0.0000,0.0000,12015.5444,7670.6107,12800.9575,7264.8861,13170.7900,12094.4355,6533.0497,2232.1430,7628.1485,10642.4831,4297.8713,9691.4113,9703.8146,11623.8847,10248.0394,9045.6076,4208.9596,12702.7297,3480.6849,2717.5130,11473.3724,382520.6330,419453.2591,396287.5295,404009.8319,394975.8855,402941.8809,404675.0396,400490.9380,362284286.3788,362323958.8699,362263997.7823,362277783.6881,13076.8539,4201.0077,9323.2637,6101.4057,10207.7338,7668.8080,12768.3818,13696.9116,10560.4708,12028.7521,12853.9397,11753.9041,3584.3183,10543.9486,4753.5816,9437.5039,5819.6560,10256.4516,12932.0306,7442.9266,389717.3077,426431.2978,403424.7881,411024.5045,401870.9323,410094.1170,411856.9664,407608.3300,362288158.3306,362327831.0921,362267869.7136,362281655.2776,11433.2199,12265.4889,10466.3630,11049.4896,10289.8172,7307.7066,4971.5749,11482.1839,9457.9492,7874.0098,3354.2458,11645.7907,11606.9022,12434.1116,10169.4065,10366.8560,10252.2584,5298.3241,8784.8948,389414.3594,426409.8562,403195.7318,410964.4688,401969.0230,409845.8584,411579.5299,407411.7969,362291373.9958,362331046.3975,362271085.2450,362284871.2002,12059.2413,2287.0777,10678.9461,8771.4201,13497.3890,13159.2718,11933.2107,13542.2101,12747.7923,9204.9401,2705.7602,12124.2572,7350.9981,11012.4121,1760.5580,12140.9074,12881.8166,4097.6872,392973.1736,429752.4398,406703.9813,414319.1365,405195.7674,413366.5402,415092.5377,410878.4099,362291158.6214,362330831.2941,362270869.8483,362284655.4603,12889.7334,8993.1294,8379.0161,7088.2195,10189.3451,6605.1750,4561.5686,9442.5555,13412.8537,11182.6087,5934.8067,7668.7886,6543.5165,12822.1318,4530.4548,9172.7327,13125.1993,382311.1381,419067.8026,396010.6629,403711.2197,394594.1759,402687.5135,404547.1014,400254.8342,362284339.4780,362324012.2132,362264051.1802,362277836.9027,9990.0775,10085.1553,13596.3155,12276.4815,11706.3084,13827.0607,11835.0373,7969.1860,4758.5540,12019.4080,9169.5974,12079.7945,1417.2572,12989.8022,12802.2748,3845.4015,394360.0888,431165.2715,408094.0384,415739.7604,406632.3724,414757.1969,416500.5315,412282.8605,362293153.4833,362332826.1283,362272864.7095,362286650.3554,13248.3668,10962.8126,8231.1189,3051.3199,9599.8790,4991.3379,11313.8759,11910.6961,3788.4866,12268.1073,12855.2045,10897.5608,11586.5737,11927.6796,12114.1686,390065.0106,426811.6809,403742.5371,411515.1148,402408.8291,410428.7118,412385.2466,408041.3322,362293291.3738,362332964.1354,362273003.1210,362286788.8287,8366.0822,11928.8207,12495.1702,8952.5253,13052.2007,10174.3579,6586.8533,12190.3470,3683.5549,3110.9989,9123.4287,5564.0829,7956.6958,8080.3510,384913.3745,421772.4740,398676.8152,406291.9904,397206.0787,405327.6959,406985.3656,402825.3069,362283686.0057,362323358.5675,362263397.2367,362277182.9871,5969.8535,9389.1277,3037.3872,7999.5618,9794.5267,12703.8629,9013.4515,10414.9901,6074.9864,13350.2568,4540.5531,2747.2602,12336.9447,382717.6849,419647.1469,396474.2068,404232.5223,395204.1652,403133.4063,404915.4379,400704.7527,362285494.2546,362325166.7594,362265205.7495,362278991.6746,8040.4374,6961.0999,3687.2921,7528.1949,13559.8822,8149.4592,13327.3125,10789.0201,12559.8767,9599.9220,5907.3287,11892.8370,387509.1283,424446.5168,401253.9339,409072.1496,400060.4521,407918.4605,409767.1330,405524.5936,362291389.2787,362331061.7792,362271100.8073,362284886.7508,7392.5126,5072.1154,12392.9657,12541.6670,769.3122,11609.0111,11475.0997,12345.5111,9726.3991,10976.3750,13277.4712,387023.4495,423765.1702,400698.7222,408471.4941,399363.6310,407385.5503,409347.3229,404999.1597,362290613.7560,362330286.5253,362270325.5718,362284111.2970,7549.5793,11586.4790,12818.5328,6850.1637,9987.8956,6465.3757,13735.4387,4008.9835,5653.5794,13299.2062,382003.3050,418864.3708,395732.1457,403487.9520,394427.8582,402401.0974,404240.6782,399983.1105,362285129.8712,362324802.4741,362264841.5107,362278627.3716,9441.8711,13557.5137,5404.9903,13450.9933,12025.5306,12448.2364,10514.9916,8756.3628,12594.7127,388386.6909,425243.4944,402097.5042,409918.4576,400871.1232,408773.8629,410696.3832,406396.0197,362292644.7876,362332317.4040,362272356.4674,362286142.3277,9779.1573,12623.8932,11889.8805,11024.9797,7830.3779,11673.0695,7825.1795,6117.2208,392033.1817,429007.9709,405815.2564,413547.7278,404534.7032,412464.2748,414169.6814,410012.0288,362292758.3867,362332430.8075,362272469.5340,362286255.4254,12569.7376,5126.7113,9161.6315,3706.7333,10691.7154,12110.9101,4469.3714,390828.4888,427614.8383,404568.1480,412159.1401,403035.9082,411226.1739,412914.3268,408722.2230,362288526.3252,362328198.9798,362268237.5182,362282023.1391,11321.0241,11033.5579,12585.8001,9188.3521,10741.9711,13450.5771,386289.3731,423030.5349,399965.3492,407734.2959,398625.3717,406651.8565,408609.5627,404263.2518,362289856.4547,362329529.2243,362269568.2764,362283354.0035,5441.7094,8379.2475,6934.5730,10622.9021,8471.8078,385759.8524,422529.9432,399492.4819,407083.7628,397953.9637,406152.8494,407857.0005,403651.9449,362284173.3043,362323845.9849,362263884.6344,362277670.2772,11353.4343,2707.6239,6416.7323,10398.0227,382562.6685,419431.7206,396321.1607,403972.2638,394896.3925,402975.7112,404672.9131,400493.1703,362282613.2892,362322285.8512,362262324.6409,362276110.4388,12526.1151,12427.0672,2751.2393,393733.5672,430550.7740,407476.3482,415106.5032,406002.2144,414135.6186,415848.0363,411649.7591,362292081.7367,362331754.3591,362271792.9105,362285578.5634,6018.4897,11877.6461,381620.9954,418475.1118,395364.0375,403052.0111,393975.4491,402025.7615,403784.7497,399568.0933,362282913.3399,362322585.9357,362262624.8336,362276410.6457,10940.2886,384276.7849,421251.3722,398054.1438,405803.9054,396795.1401,404705.3376,406435.2935,402263.5092,362286397.7224,362326070.1568,362266109.0727,362279895.0275,392892.4490,429770.1602,406658.9277,414294.0532,405218.5312,413309.9197,414975.3674,410816.2753,362291178.1313,362330850.6664,362270889.2110,362284674.9346,38146.0505,14234.6237,22749.3146,17327.4503,20547.2802,23643.6595,18332.9234,361947310.1218,361986982.8364,361927029.2594,361940817.9346,24074.5146,16724.9279,25305.9187,18186.5923,21358.1236,20754.9242,361914396.3103,361954069.3796,361894116.5250,361907905.1862,10465.7264,10769.2265,6806.3175,14234.5698,6540.0116,361935816.2817,361975489.1216,361915535.8752,361929324.5751,10388.4208,6959.7600,9582.9989,5515.4121,361925801.7167,361965474.6148,361905521.2737,361919309.8876,13629.2817,17119.1671,10778.7658,361933107.8651,361972780.9129,361912827.3503,361926615.7516,10388.4208,4710.3035,361929617.3204,361969290.1231,361909336.9782,361923125.7490,8135.3423,361924358.3842,361964030.9649,361904077.5353,361917866.3808,361929909.4440,361969582.2191,361909628.8783,361923417.5956,41504.1298,28858.3126,22313.9710,61824.7787,51236.7132,17750.9379,
61200.000,11748.4812,8445.7003,13820.2581,10999.3830,11992.4755,12993.9600,12765.9178,10245.8885,13407.6025,7829.7949,13681.7786,13315.0865,8780.0922,6940.8214,9350.8314,13542.2422,9401.7460,9419.4390,9738.2659,6523.8083,8955.6922,10730.0187,10258.5478,12566.0829,12869.5441,10245.4989,4949.8974,3337.2124,11524.0924,8029.6826,11232.7288,10267.7301,6314.3707,12019.2396,8228.4538,6730.7317,9380.3793,11060.1579,13399.5499,13433.3219,8401.9590,11890.3384,98.9133,9462.0521,8358.7357,11998.5009,11213.7072,7252.3867,11663.9511,8295.8494,4556.4260,11060.7489,8376.8814,10453.6958,9384.5289,4058.1666,4165.1934,12532.8739,9469.0460,6046.3454,237.7783,12335.0496,12168.5689,5961.7884,6932.2534,9357.7210,9958.7030,6468.4878,6880.0087,3033.3267,2313.4559,6125.3693,13132.6781,6842.5978,12291.7431,8203.3122,0.0000,10975.1575,12253.5251,3405.4745,9245.8984,11208.8792,10473.0439,11617.5412,7816.4685,10003.0540,7812.2643,12476.2988,11792.6932,4935.5817,1336.7281,12157.5576,12806.5651,10474.0691,9192.6656,10816.7617,12898.7692,8911.0427,10720.5277,388839.7875,425190.9812,405039.5480,408778.0539,399988.1684,410939.1473,409657.6940,406818.2156,362294778.9103,362329413.3187,362270108.2643,362290324.2581,8286.6645,6517.8015,9995.2049,8836.1156,9546.8176,4201.0819,7557.6044,5820.4312,11019.6947,5990.9656,7059.1952,5887.9533,8094.9544,9252.0743,5585.6444,12103.8927,11634.9449,10546.6967,12764.0624,4183.7123,11324.0524,3168.0952,5655.0197,5831.5691,8095.8558,8527.7039,9865.0967,994.4082,11855.9352,8796.6624,12804.9459,8288.0187,7802.7255,7428.5813,13260.6534,13181.8842,10283.8122,4196.2099,9937.2698,13371.3654,11864.1125,11692.9948,6317.2351,13034.2983,9995.5640,8438.5774,12917.5261,400.7339,8404.1495,13458.3216,12727.5189,13614.0246,11738.5123,6616.1161,13181.9365,11330.8223,11369.5561,13311.9990,8607.1375,11775.0869,11906.8417,816.6396,11938.2526,13708.5106,11307.7232,12401.4985,13774.8779,8575.1575,10721.2660,10657.0233,13661.5676,3775.5709,13802.3969,7289.2806,9385.7350,0.0000,8911.7958,9870.6785,9792.8153,13522.7207,7949.2795,10582.5639,973.7807,13261.2590,8310.9071,5690.4399,1605.2617,2398.4040,8542.1271,11824.1818,11227.9649,2306.5255,12242.7544,12390.8981,11137.0053,7148.7462,10963.6471,11983.9218,392451.2445,429071.3310,408745.0972,412633.8376,403864.3054,414538.5156,413221.3752,410579.3617,362298882.3207,362333516.3119,362274211.4735,362294427.6093,11277.0070,5965.7363,13459.4979,8996.2249,11188.5316,2470.7197,11728.7581,3981.8793,11268.6590,12425.9220,3166.7546,10552.1938,12928.1482,11340.3075,6981.4802,13635.3530,4514.6349,12558.6011,6263.4692,7098.4426,9184.6287,12098.9250,12128.3338,2669.2286,4857.2389,8636.3975,8809.3366,5716.1299,13246.1351,9412.2804,3332.9932,13040.1458,1507.6936,12393.1060,9588.0491,13771.1961,9449.5391,12152.0642,12790.9896,13356.4653,8390.4486,2320.1139,8246.4925,7288.9163,13255.4776,12827.5579,8504.9708,192.1289,10400.8741,10633.9354,10019.8125,13797.5406,1934.2491,9024.7856,5247.2625,10554.7955,12890.8312,10160.2106,8308.6914,12306.2975,8472.2773,5432.6538,11764.3193,5463.1712,8350.9689,11137.9819,2116.3674,9738.9481,6635.3770,10601.3568,10039.9894,10917.6685,5919.1381,12438.1334,0.0000,13372.5277,7831.2478,6182.1410,10524.8206,13042.3342,5586.7414,7502.7399,12463.0435,12789.4952,5816.1405,9236.2955,9994.2486,8353.4816,9404.9359,9296.0897,9430.5058,13660.6085,13539.1136,6860.8739,12577.6557,13408.0881,8234.4755,386018.4793,422553.1323,402317.2915,406073.4864,397309.0341,408118.7545,406741.6696,404087.7915,362291313.5553,362325947.6743,362266642.7449,362286858.8354,9079.7375,6104.7867,6143.3741,4036.8516,9758.6892,2115.1042,12075.9651,764.1225,2705.6133,10484.1831,11080.0205,9287.0308,1513.6809,11122.6244,9789.9028,10814.3363,12094.7425,9862.1862,9827.4633,8179.1167,4555.2035,3850.3363,9863.8005,12450.1024,13066.4886,6735.6305,11938.6146,6881.4152,10369.0901,12296.3754,5696.4981,11228.0909,12156.1034,11056.2311,7767.0556,2991.6891,4275.6278,11213.6330,7477.2545,13736.1154,10207.1364,11897.4460,8095.7935,7205.4525,11748.6482,6560.0896,11360.8114,13306.9490,9393.8309,11818.1363,8894.9787,10197.6065,13485.1325,13482.3865,7229.4970,10467.9014,11762.4092,13820.0326,7223.7422,5852.3861,13015.3785,12292.4686,11117.0055,10516.9019,12622.4627,12144.4303,13126.2601,13577.3990,12718.2207,2863.4053,12487.8502,7215.6265,10358.2723,0.0000,7562.4209,7493.6722,13268.0984,11156.7916,7125.8383,10052.0964,6825.9484,11407.2078,8633.4996,10982.0079,5093.1644,6114.2649,12408.3769,13630.9463,7968.6419,4395.4482,9075.8254,10239.8965,9764.5771,3613.5337,10082.8903,9889.2470,389846.5182,426484.7319,406087.8370,410131.0119,401344.1004,411916.0812,410718.5737,408002.9213,362299322.1400,362333956.1004,362274651.5655,362294867.7327,12360.3142,4004.1546,11103.7199,4542.6441,10444.7555,4574.2406,9475.2304,10796.0065,8047.6368,13117.8091,13446.6974,9922.1732,3450.2502,12760.5593,2355.7052,12406.1748,10245.5594,1883.1927,11646.4478,11808.4917,11481.9287,3926.5704,9580.5124,12047.9233,10632.3361,4339.7192,12577.1505,5057.9881,8670.7749,12324.3333,7152.1936,11710.5750,5977.5266,12633.8275,8431.8200,8344.8992,11079.4155,10237.6495,10909.8658,6860.2929,5550.3622,1613.3388,12993.5840,12220.8584,10243.9187,5980.4939,10356.2230,6096.4926,7268.2922,12154.8699,6424.4107,9340.1053,8180.9135,5471.3274,10490.7936,13024.8840,10843.6317,8151.1320,9701.2750,6446.7634,10466.4054,2748.7100,4070.3356,9939.7068,7615.3615,12403.2222,10268.6507,9518.4336,9410.1996,9403.3707,3712.0881,13613.3290,0.0000,13038.5008,2350.4433,10367.6727,7199.4576,12999.1136,1144.2168,9391.9603,10997.3726,13433.5102,10376.5224,9996.0081,11272.0415,12096.7885,11613.6251,3806.3897,9715.9065,11582.6206,12268.7232,1525.1964,11250.8947,13304.5522,3237.2549,382728.4141,419302.6872,398994.2770,402886.7048,394108.7239,404816.3850,403532.9415,400834.1375,362290700.6115,362325334.6729,362266030.0318,362286246.1606,10289.5769,5313.0196,12972.5553,4756.1994,13765.6413,5810.6671,3580.2518,12386.5510,8116.4651,4240.2517,5494.2829,12903.9706,4792.2624,13451.9653,8126.5172,10751.0595,12463.9156,8121.6791,3740.5607,3734.9694,13084.1358,12415.2449,11017.3054,8346.2062,13373.4977,1131.7545,11582.8971,13086.1979,1261.2692,13138.4429,8703.3564,11598.9759,2179.0854,7978.8579,6461.6830,8118.3152,5628.8730,11925.2733,12734.5624,12591.6300,11786.9398,1877.0824,7797.0970,8608.7580,13472.5661,11158.1818,10369.5451,11539.6853,4377.9946,12775.5058,12112.9595,13513.3250,9672.4341,7889.5708,8976.4311,12080.3708,7678.7290,8675.2710,13631.3550,9813.2070,13325.7494,12089.8695,10577.7166,13411.7538,10405.8315,12614.8524,10962.6601,6889.3860,10799.7441,11682.6698,5818.2813,0.0000,1941.5752,11283.0826,12527.9924,10996.1333,2310.3619,12964.4254,9503.3735,8335.1313,3948.9243,11449.5268,7880.0738,7007.0619,10682.3709,11238.2223,10843.1263,7718.1607,5322.5619,5870.6689,12546.4361,2711.9670,4837.7450,12044.0778,392928.1382,429448.5605,409105.3031,413138.0265,404333.7369,414998.5187,413864.1159,411026.4472,362302762.1497,362337396.3014,362278091.6621,362298307.7638,9286.7924,7171.6630,7948.2319,8245.1790,6747.4680,8143.8473,10037.2778,13471.9055,12566.9578,7380.1079,6283.7250,11708.5893,6297.3534,12518.0163,11277.0697,4473.2445,11480.8435,9868.2126,9334.3782,6824.9720,11888.5035,13585.1060,10133.0495,7691.2656,10832.8481,5832.8707,11259.6851,10337.1211,9777.4381,11898.9158,6997.9131,10904.6869,6492.7884,5004.6529,10732.5786,8072.6459,12897.7349,9053.8450,7695.8027,2487.7782,11384.7732,12108.9428,9761.4486,9047.4631,11723.2185,5508.3955,8379.8451,10669.0620,8755.5621,11304.3429,11169.1797,3109.5713,9756.7403,13696.4748,12890.2504,5795.2410,9002.4891,9672.9650,10946.0512,6419.7181,5689.2015,10805.9876,10490.6419,13687.8946,12629.5242,10644.6494,7482.1814,10321.4525,4275.9133,13215.0666,0.0000,11481.7242,1714.5213,12660.5140,7742.7646,11453.1132,5073.3457,9216.3698,10859.6165,12415.4073,11855.9385,8905.1575,10320.9810,13450.2480,13243.0102,2551.9005,8362.8443,10124.6818,11352.6376,4399.3664,8809.0741,12479.4772,4667.3178,383977.4868,420593.9474,400225.4550,404221.5817,395436.8399,406053.4374,404831.2323,402116.9587,362293401.1539,362328035.1487,362268730.6531,362288946.8127,10284.4637,2252.8554,12861.7711,3291.2877,3305.8186,9384.2891,8281.8786,7156.9359,2563.2911,12878.2578,9274.3622,12210.8308,11537.9147,7566.3439,12000.7538,4828.1502,1722.6900,1742.8104,10617.8288,11029.3631,11103.6947,3856.8848,13115.7284,5588.6451,12577.0718,11189.9543,4207.9867,10613.5746,12083.9878,12943.9222,7219.4688,3902.1390,7547.2571,11787.1346,9247.9914,12700.5493,9691.0554,13418.1404,10613.1753,5330.4168,11464.8508,4008.2017,11271.2225,13342.3664,11863.1880,13313.7135,9077.0391,9858.8489,13605.9670,13172.1155,10333.3855,11532.9271,9135.3796,12823.2740,9912.0540,3880.3992,13469.9822,12800.2479,12625.6889,12593.8352,13187.2828,11469.1338,11335.0573,12405.3425,13294.8121,2445.7715,13266.5710,8929.8936,8005.2650,0.0000,5894.0566,10205.7925,11843.1492,12923.0199,4910.6645,11862.5062,4993.7466,11846.3842,6100.5901,8823.6052,2905.5104,2568.4618,10080.5600,12449.6863,10876.7620,2760.9856,9738.7895,10215.1351,11917.2855,3276.8863,8821.8456,12202.0046,393258.0772,429870.3736,409507.8801,413493.0537,404709.0775,415335.0780,414104.6964,411394.8148,362301492.7830,362336126.7891,362276822.0859,362297038.2270,10540.4883,4807.2647,9838.1362,11345.4541,4040.2518,11515.4067,13221.8469,10017.4115,6733.5623,13820.6892,3979.3424,13327.4630,6859.8081,6142.7393,9243.5704,11370.7700,11263.2337,717.9784,6895.6474,10335.5122,8279.4920,6140.8338,12963.8199,8924.1970,5507.2622,12531.4796,3290.5079,13084.3326,9435.7579,13557.2564,7824.9926,10812.5112,13097.4010,12727.7142,10177.4400,2582.2495,8451.6323,5593.8039,13049.2861,13440.5037,7852.2917,2616.3409,11508.0442,9943.5658,10224.5189,13693.0727,2148.3697,10295.1085,7238.2505,9262.2530,12919.2644,11339.2344,10117.3527,11365.4170,7515.5238,6793.1853,12375.6761,5207.5395,7888.2695,11846.4090,4475.3591,11294.9334,8688.1253,11373.7042,8693.7185,11536.6504,3585.0935,13032.5056,0.0000,13227.1410,6097.1161,8256.6264,10469.0400,12841.8982,4572.1817,6706.0219,12875.2550,12951.0547,6967.5865,8223.4437,9449.2350,9903.5543,11045.0806,7952.6575,8246.7995,13508.3463,13738.7069,5827.7434,11674.2047,13764.9391,7430.9656,385501.1616,422087.1029,401807.5939,405617.7800,396853.8115,407596.3677,406234.1466,403602.1827,362291499.7991,362326133.8386,362266829.0151,362287045.1373,12831.0987,1442.6223,1489.7145,10459.5955,9701.8427,7767.1219,833.3039,12228.1564,8938.1214,11899.4479,11485.5583,9188.0115,11175.4797,6855.5205,2496.7276,1777.7835,10743.0509,12109.0862,12238.8629,5736.9803,12802.9634,5434.4820,11520.8863,12185.8440,4034.9703,11429.4973,11807.2134,12010.8794,6702.0813,3615.3626,5561.5064,11113.3051,7761.8277,13331.5948,10490.4793,12773.6483,9671.8906,5557.8836,11228.4363,5736.9090,11805.8942,13242.8441,10555.7666,12526.9047,8311.9650,10561.5324,13578.9173,13618.9398,8767.2296,10587.6954,10509.3114,13442.9539,8233.9625,5298.4610,13517.3557,12311.9810,12193.6881,11687.6487,12743.9021,12266.7811,12270.7188,13237.5212,12894.5776,2557.1466,12738.3618,8544.6397,8884.2525,0.0000,6018.3582,9137.1442,12849.8757,11955.4224,5375.3206,11311.8472,6399.4247,11274.9306,6940.0798,10352.6146,4355.4190,4701.9652,11457.7317,13079.7787,9551.0080,3842.9084,8787.9231,9681.1389,11124.5846,2093.2618,8927.9512,11214.6656,391807.6716,428427.6937,408043.5076,412074.0380,403285.6381,413879.0039,412682.0105,409953.8129,362300981.8352,362335615.8267,362276311.2277,362296527.3808,12261.4670,13137.4611,6854.6065,11876.9374,13419.4246,12489.3878,3624.0639,12951.6261,2396.9596,11348.8669,9425.8726,4631.8041,11716.7618,13415.2563,13335.8316,4322.7084,6682.5296,9452.8680,11463.6774,1909.2729,13602.6196,6418.2971,5850.3824,13708.2930,5275.4833,10730.2638,6416.3950,13587.8908,11111.3864,11505.1450,10896.9602,12070.8840,7758.4829,6087.8480,4710.8038,6117.2763,13859.7219,11471.4463,11200.9469,3848.6062,8226.3284,8072.7419,6844.1629,12919.7212,5642.1665,6627.7709,4114.7532,8843.4713,10901.6106,11407.4463,7627.2386,10672.8689,11067.3348,2394.9101,9496.9017,2357.7167,5257.1946,8652.6462,4732.0114,9973.9993,6827.7452,8010.4584,11740.0180,8244.8515,6921.0376,13034.4864,0.0000,13813.6195,6754.4556,7135.1992,7514.6353,13831.0973,3604.1637,10379.6911,10574.7945,13624.0513,8853.1904,11582.8596,12284.7866,9866.1647,8812.5610,7438.3564,11603.4995,12439.3721,12409.6451,4542.8751,13294.4719,13170.6376,5492.7711,383192.2105,419679.0164,399453.3672,403233.5246,394457.5385,405290.8397,403964.8322,401241.2275,362289644.5715,362324278.7666,362264973.9238,362285189.9976,2366.9982,10268.8297,10597.2313,8874.4916,754.3062,11497.6781,9671.5613,11101.9559,12018.9456,9431.2337,10270.7906,7563.8533,3886.6189,3198.0853,9993.3189,12222.3787,12752.7678,6142.9420,12205.3118,6538.4478,10832.1780,12117.6027,5265.6181,11117.7857,12174.9668,11461.3408,7584.5806,2783.1736,4871.5790,11342.6702,7775.4008,13600.6104,10091.3410,12236.7701,8582.9998,6773.8237,11718.0288,6003.7411,11354.4951,13368.2017,9899.7283,12151.3962,8889.1289,10117.1654,13566.6630,13476.8145,7847.8130,10683.3210,11316.6170,13692.3696,7737.5072,5346.0876,13152.3231,12429.4267,11436.7912,10954.1073,12777.0010,12042.1424,12844.3688,13412.5955,12877.9354,2315.2192,12683.6809,7484.7199,9931.7271,0.0000,7176.1053,8017.4934,13051.5683,11536.7992,6640.2305,10416.3884,6381.7787,11515.1311,8141.8663,10594.5480,4519.5265,5433.9241,12021.5371,13466.8134,8550.9678,3846.8707,9173.6683,10226.9745,10201.2126,3216.2571,9834.2957,10366.5832,390548.1328,427184.3551,406791.6182,410826.5847,402040.3472,412618.7587,411415.5414,408702.5797,362299813.1275,362334447.0917,362275142.5290,362295358.6930,11345.9720,9735.2277,7134.2633,2131.0572,12240.7448,7863.7713,12277.4450,10687.3751,10080.6221,11286.9783,7672.2730,2702.0547,1985.4068,11483.0223,12573.8768,12325.9450,6885.6685,12913.0243,4440.0537,11197.0003,12787.0544,3148.8760,12196.0614,10986.0087,11612.7040,5504.0217,4918.9411,4864.3314,10156.6607,6566.9631,13237.6346,11394.9054,12557.6163,9971.4129,4759.8347,10345.3170,6945.2836,12484.1728,12738.9314,10042.6765,12038.7900,7093.4057,11432.0299,13257.4484,13804.6097,8422.2063,9580.4417,10557.9855,13357.2154,7383.4475,6606.1318,13631.9977,11556.5249,12412.9208,11521.0036,12090.2239,12880.3404,12144.2006,13401.5158,12316.7244,3978.1831,12108.8609,9352.4455,8429.6345,0.0000,5137.5670,9392.6331,13137.4390,11395.6471,4735.3640,11630.8511,7643.0700,10374.7027,6458.6796,11116.9043,5691.9227,5732.5278,11710.3414,12875.4732,9444.2544,5237.6334,7581.9803,8593.2924,11286.5120,973.3256,8029.4320,11131.6008,391702.8227,428301.0042,407918.3180,411967.6523,403173.4091,413771.7651,412603.9625,409840.7832,362301400.6245,362336034.6506,362276730.0792,362296946.2238,8761.4566,11595.6814,10146.9860,9458.1313,13197.6028,7233.8554,12602.7846,3287.0161,9346.2612,6545.1361,10418.6497,10586.9117,4647.3024,4237.2673,7730.6206,6309.4330,8371.9922,12091.2648,11383.3116,3059.9134,11717.8176,1808.7030,12805.0005,11538.7438,12993.0532,8279.8776,12327.5342,13367.0904,13614.2460,8736.8972,1530.8010,10502.6937,8990.6211,11887.6856,12961.3577,6066.2452,3266.1331,11432.8790,12210.8295,11841.3985,13548.7208,1928.7059,10409.0648,6880.2120,11776.2660,13573.6686,8515.0432,8721.8793,13069.3939,6287.2525,7822.9712,12700.7202,8146.9103,10521.4128,12297.4831,3087.3192,9087.2613,6871.2675,11889.3115,8573.1177,12238.8142,6686.9197,11048.4064,0.0000,12112.1977,9329.7714,5931.0702,12232.5025,11542.6252,8011.9094,5143.7137,13049.5316,11208.7245,3128.2367,7175.2560,7665.4773,6834.9362,9494.2190,10865.7627,7579.8486,13706.5629,13462.1399,9117.0336,11398.8466,12616.4284,10353.4629,389083.2698,425635.7143,405390.2005,409151.6783,400389.4680,411182.8029,409798.6225,407162.1001,362293976.4287,362328610.5212,362269305.5388,362289521.6334,4663.1793,10108.8954,13099.5211,7648.9267,12815.1983,7469.5426,6434.3123,13484.0240,5288.2989,7832.9610,8449.3450,11841.3259,6886.8586,4186.0546,7353.2461,12313.4099,7139.1202,13343.0056,8257.8522,7624.1865,9604.1599,8652.2828,12895.8565,7959.8504,10664.6755,12333.0697,9918.8185,11300.6771,6929.9319,9937.8592,12648.9556,13542.4518,6554.1759,8105.7835,7800.8677,10518.1845,9322.3060,13289.9659,12308.9743,8960.9851,10137.6329,9752.0855,9515.6978,13549.9747,10767.6493,1107.1836,7119.2799,12679.2197,8655.5307,11111.2701,10066.6088,12887.3561,13252.3355,10342.1855,9286.4629,4244.2308,7091.2561,10405.6988,9731.7782,10813.6072,12567.0907,3294.6954,0.0000,6563.4876,13494.7382,6622.5748,12581.2352,6250.1594,13181.6640,8514.7069,9590.3562,4631.4278,6200.5378,8669.2036,7010.0220,3404.6229,6275.5146,13740.5935,9186.7462,9781.0096,8590.7538,13491.3064,9039.4195,6119.6760,13560.1036,394597.6811,431033.5518,410812.6745,414632.9217,405843.4894,416691.6424,415429.1276,412628.1038,362300866.4376,362335500.7269,362276195.6946,362296411.7260,8425.5959,13384.5431,3980.1328,13835.3072,6016.9770,9538.1503,13504.0142,7187.6580,5847.8500,6334.7897,13406.5683,10401.1636,7880.1450,8520.1036,13260.1365,3110.6729,12583.6833,11538.6296,4229.0758,12341.6936,7204.3943,12208.4753,3670.1853,10155.4981,9783.6302,7736.6282,8029.0109,9309.4244,12367.5458,12707.2989,13371.2518,2669.4549,6183.8075,8945.2501,12903.9326,9499.7467,11854.4839,11668.3145,5169.4648,12468.6776,10565.4447,11910.6113,11955.9148,8306.3141,5491.4013,9502.8592,10154.4693,9465.2464,12724.1107,8920.5398,13669.8358,12921.3662,9639.9665,12215.7203,7076.7529,10203.6681,9997.5898,9017.5606,10111.1096,13078.9341,1672.1724,0.0000,2368.2447,13077.3939,10119.9773,11533.7149,2752.1193,13748.1189,9892.2694,7674.9368,1322.6141,9790.6998,8986.0512,7416.9009,7673.4187,8370.4370,12752.1982,9186.5546,6315.2701,5397.6606,13590.7488,6232.7894,2439.5290,13176.2540,394409.3627,430856.3240,410582.4910,414520.7907,405717.2915,416490.2809,415321.0138,412460.2100,362302856.5569,362337490.8289,362278185.9921,362298402.0429,11888.7103,9504.8550,11441.3943,11899.9327,9078.4860,10739.1189,6997.3202,3204.2778,2539.8665,10215.6549,12039.6085,12445.7859,5644.2498,12496.7609,6165.5376,11282.0337,11999.3655,4816.0313,11091.0848,12150.0597,11848.6254,7362.6400,2873.9008,5434.1955,11423.0650,8027.1035,13464.2301,10077.8598,12572.5316,9114.7015,6309.7116,11641.0447,5558.1743,11426.0142,13403.3314,10377.9130,12460.8082,8834.8638,10136.9809,13634.9487,13497.2816,8445.3079,10848.6705,10868.2376,13564.5298,8207.1251,4982.1106,13312.2815,12526.2283,11792.1852,11391.3848,12896.9939,12005.4283,12554.4534,13266.8700,13007.9711,2014.9719,12846.6113,7868.4125,9473.6158,0.0000,6754.7141,8580.4560,12862.9622,11887.9328,6123.8041,10827.2727,6072.5531,11577.1455,7617.9856,10273.0893,4084.3872,4811.4971,11651.3857,13292.7179,9133.9783,3467.8220,9221.1569,10163.4440,10667.8510,2854.7949,9540.8459,10850.2873,391249.2159,427881.2764,407493.2388,411520.8981,402734.8646,413320.8060,412113.9831,409400.7716,362300336.6061,362334970.5776,362275665.9881,362295882.1479,11995.5807,3029.5921,10810.3758,11562.9394,2009.9649,13017.5916,13208.2120,12962.9076,6107.4350,9463.7627,11327.5508,12543.2901,2008.8189,12952.6431,3017.1511,8928.9129,13118.2948,8222.7516,9840.9366,3371.0908,12583.6829,10979.2097,9394.3863,9323.2764,9885.5836,9313.2506,8583.8927,2283.0813,4388.0607,13447.5672,10628.8020,12274.7724,6899.0830,7919.1250,4851.5465,4444.7465,11522.0627,8133.7396,6781.1656,6718.9468,5976.6608,8903.4788,12820.6793,9215.8536,7986.8281,11948.4448,4408.0068,8195.0717,1748.7856,1756.1920,7444.1422,7956.9610,11362.5843,9176.1112,6918.1911,11666.9827,6809.3837,6997.0554,13379.1681,0.0000,13331.3485,4864.9875,9696.8680,4745.1971,13564.3471,2706.2195,11603.2937,9165.2340,13703.0809,11291.8534,12196.0634,13022.5232,11875.1989,10034.9340,4581.1006,12004.8960,10752.3903,11174.2431,2231.7890,12498.1965,12700.1199,2136.6842,381712.6884,418207.9417,397943.4175,401809.6110,393022.5837,403803.2566,402546.2999,399776.7090,362289893.5959,362324527.7805,362265223.1031,362285439.1921,13292.4516,3783.0441,11983.6161,12284.1194,10265.4417,7939.3152,8074.3455,13797.7980,11724.6719,9354.7311,11141.3908,12235.5636,4190.3592,10469.1050,12770.0391,5684.3261,13470.4742,4459.2590,9939.4654,2708.5571,11375.1557,8482.4004,4301.9033,5266.7719,9361.1053,13635.9532,10868.5022,12555.4050,4729.6885,3343.0781,11419.3079,13580.8438,7639.0696,9465.4445,9232.7353,1795.0352,13593.1221,9103.1365,11834.0607,10155.2246,4796.8662,8087.2459,9522.2299,7738.6707,11669.3960,12021.7572,6088.5624,12770.8467,11133.4544,7068.4972,13149.3508,8095.3720,10831.4514,7627.9234,10546.4850,7519.7426,13348.0912,4813.9155,0.0000,4118.5147,12212.0126,11188.9156,8929.1758,5260.7887,12997.8015,12100.8426,4437.3573,5054.9219,12065.9976,11168.1557,10161.3721,9787.1292,8396.5540,11212.2548,11147.0692,2768.4644,1543.4962,12474.0172,7160.4129,1813.9659,11554.1277,391523.4663,427933.1689,407658.6379,411637.5418,402823.9635,413597.6881,412484.5363,409561.1736,362301275.8639,362335910.1874,362276605.4689,362296821.5129,12299.6743,9838.1615,2921.5188,11834.3996,12903.7407,12699.2389,3297.5264,8227.6078,11041.9343,11134.0819,2758.7172,13483.6548,5733.1899,7218.1104,13381.1362,5913.5826,11624.0748,6236.0696,13531.4286,9870.3957,10240.4436,11377.0158,11535.5619,9657.5882,6100.6638,5042.1215,3964.8362,13813.2310,12267.7082,10781.9288,4475.4636,9630.3181,7241.8695,7189.9028,12965.1805,5615.6530,8276.8914,6358.5784,7374.7087,11067.8235,12529.5134,9555.7612,9725.4063,10424.1901,4587.5006,10332.6204,1344.8144,4500.3347,9616.3788,6031.3447,11534.9094,8792.6604,9063.2035,10726.2342,9114.0136,5064.0940,13717.8920,0.0000,13824.3535,4684.0675,8948.1737,7510.7165,13788.9323,1380.6085,9867.7909,11172.4287,13908.6697,9634.1705,10880.9500,11942.1872,11227.7512,10565.6290,5757.8910,10758.9273,12427.5662,12769.4215,2680.7882,12600.5883,13670.7568,4212.8486,382561.8480,419100.3144,398832.6560,402662.3297,393887.3682,404656.1177,403341.1288,400642.1853,362289645.1186,362324279.2345,362264974.4921,362285190.5971,11895.4208,11697.6947,11197.6325,10543.2383,10743.9023,13240.6302,10102.5548,7423.4850,12343.7809,10611.1460,7404.6047,9743.0969,11324.8706,8763.9404,12487.0411,1529.6940,8816.6387,6310.4501,13097.7091,10590.9215,3308.9010,7403.3626,6476.6820,13093.4047,9240.9504,12636.9131,7732.8459,965.7312,12586.8583,12456.1254,4393.4775,9359.0431,7623.9068,4949.6674,13000.7141,6082.8108,9444.1316,10898.8025,4727.3993,7372.5140,6621.4206,9080.1831,12940.7025,9834.7997,3654.6700,11604.5779,10245.3942,4455.9355,11721.9856,5862.0634,8422.4859,4967.2194,12488.6262,5148.1995,13707.1006,5736.7524,0.0000,7201.9839,12507.1991,9116.5435,7800.8695,8085.6119,12304.3177,13019.5517,2898.8011,7221.6587,11490.6423,12718.2690,11773.4707,8475.5536,5434.0728,11498.6587,12814.4417,5025.9870,3221.6390,11915.8379,10082.3244,4037.1195,10985.5663,389990.5239,426337.0564,406123.7734,410018.1502,401206.5358,412072.7904,410926.2097,407986.7101,362298761.8286,362333396.2478,362274091.4144,362294307.4211,11418.3145,3596.3557,8474.1699,8839.2160,7454.5316,4929.7126,6800.1427,4125.5020,10639.5831,10320.3270,12892.4683,4872.6065,9892.7468,4924.6561,12464.7045,12945.6668,11524.6007,7801.4373,12293.6163,13178.4408,13276.2599,8923.2018,4601.7888,12239.4880,10867.7975,9891.8503,12322.4160,4161.9717,6331.3892,11855.0060,13317.2523,13045.2139,12559.6502,5004.7044,11290.7808,8576.5781,12772.7929,13517.2886,6435.9473,8984.5620,13380.7705,4893.3760,9905.5086,12910.9159,10563.5876,12286.0841,12764.2168,5624.1168,8134.8145,7414.3487,12516.7766,7540.1881,12876.2380,8496.9654,8942.4003,0.0000,10191.4819,11005.3151,6305.5479,13328.9813,9435.2451,10394.3866,3905.4621,12883.1668,8941.1464,1566.8241,5663.9476,5345.2856,5353.2065,9273.0029,12294.1877,6311.3573,13020.1624,12603.2629,11242.5991,9932.7880,11050.4220,12171.0479,392182.2313,428729.9119,408476.7006,412261.4793,403494.8700,414279.9911,412918.6671,410261.9968,362297204.4434,362331838.5483,362272533.5351,362292749.6237,12668.8393,12472.0979,12137.7753,5506.3946,10170.7633,12224.7022,11862.2363,3622.3886,12666.2019,3342.4726,9472.9501,12612.6398,8323.8738,10810.9007,4304.5582,12443.2691,9667.1924,8259.7537,10048.0236,9565.5206,10637.8574,8297.3932,4020.8712,2445.7157,13179.9170,11439.6247,11531.6186,7068.4997,9385.0332,4667.9764,5713.2205,11611.9678,7853.4705,8428.1308,8094.4253,4777.2451,9403.9134,13347.1381,10563.5916,7357.3566,11049.8615,6011.6365,9321.3035,2351.3376,2292.5078,8744.3148,8459.9023,12347.1156,10344.9913,8321.6844,10516.5362,8125.7815,5494.3124,13686.9817,0.0000,13136.0451,2944.8586,10671.5073,5621.0803,13272.4564,1751.1342,10806.9213,9982.6975,13664.1713,11411.5330,11253.4619,12341.6468,12525.4522,11291.0436,3086.7419,10963.1749,10877.0335,11583.7381,384.1528,11682.8349,13020.4386,1470.4928,381851.6950,418394.0760,398095.0351,401997.2047,393212.6644,403938.7792,402683.5690,399943.1575,362290342.6994,362324976.8112,362265672.1964,362285888.3120,5488.7450,6023.1560,9759.5109,7614.7525,7776.9420,2292.1006,12504.8554,7696.2185,13583.1401,8004.7079,7068.7331,8085.1039,12001.5709,13655.6650,9237.4332,6715.5801,11056.8024,12527.2318,11900.2668,10219.9681,7538.2222,13457.8604,11828.6919,7089.5171,11521.5018,2819.5642,9250.0529,12438.3852,13484.2799,13709.0504,10823.6988,7868.1150,12402.7448,10898.0589,12670.2204,12797.9072,5905.6870,10343.2466,12583.8840,3843.2658,12026.5408,12874.3230,12383.0660,13286.4812,13040.7273,8730.9884,8573.8906,9416.1743,12995.6646,5820.6658,13244.2124,9664.6522,6971.5763,0.0000,7513.7562,11726.0859,8518.1829,13747.2529,6527.4835,12041.0538,3791.0897,12345.5829,6244.4632,4746.6245,3999.8080,2449.8714,6298.5210,10109.5260,12694.8883,4714.8116,11551.6994,11228.8417,12547.5396,7346.9057,9181.7394,13134.7481,394320.4372,430880.8972,410591.6018,414450.9403,405675.4392,416411.4679,415106.3260,412416.1168,362300448.0447,362335082.1350,362275777.1970,362295993.2956,774.3230,11650.0028,11480.6580,10957.1867,5153.5570,13490.8557,4010.2936,12593.2805,11862.0772,2564.1720,11551.2407,11171.0199,12842.5832,5721.3389,5311.0017,7308.1020,10851.5042,8330.7440,12501.9159,10805.3660,13470.9025,11290.7460,3736.2563,10428.8243,5412.2902,12159.2183,12834.1475,11710.5246,13061.3687,7769.3717,10948.5341,13331.8459,13442.7834,10406.2268,10640.4796,8768.1466,12642.8069,9457.9168,5447.6666,13762.5072,12081.7935,13156.1101,12762.7317,12597.5292,12212.5381,10935.9834,12511.7660,12795.1344,3916.4046,12742.1453,10066.7490,6929.9505,0.0000,4320.9171,10843.3067,12065.1435,12630.5462,3351.7992,12524.0746,6460.0841,10947.3572,4807.0153,9565.5886,4535.9338,3677.3680,10082.8857,12080.5489,11173.0588,4433.7643,8560.0414,8996.3243,12439.7557,2193.5626,7483.3165,12481.8934,393734.0480,430319.1621,409961.3890,413962.8740,405172.3640,415809.1949,414609.3062,411859.7562,362302431.6570,362337065.7076,362277761.0148,362297977.1432,11512.9577,11791.2767,11416.2707,5448.7571,13352.4288,4201.8713,12265.3404,12096.1717,2699.5225,11663.1407,11278.1031,12579.3348,5780.2639,4902.4405,6674.6479,10815.6885,7971.8537,12801.2480,10866.3925,13281.3000,10873.9651,4096.8433,10568.4259,5632.9670,12192.0991,12938.2780,11321.8033,12877.0887,7732.1489,10984.5481,13418.8067,13584.5836,9885.6974,10496.9944,9352.4006,12934.8870,8975.3754,5521.9146,13764.3918,12082.3579,12945.0223,12459.1171,12593.4632,12365.7461,11378.5382,12817.1252,12790.9379,3565.7190,12696.7538,9732.5831,7478.5266,0.0000,4640.7856,10390.8038,12403.8791,12388.3664,3809.5844,12244.6049,6581.3412,10943.5041,5379.5003,9949.0385,4572.8152,4070.8510,10590.2394,12412.8370,10698.2977,4338.0012,8441.4294,9045.9756,12106.3739,1652.4538,7786.7885,12128.9812,393195.1601,429789.4734,409422.2137,413437.5442,404646.8021,415268.5465,414074.6199,411327.0384,362302137.4294,362336771.4641,362277466.8067,362297682.9425,7179.8585,10556.5924,8808.0829,5579.3661,13096.7638,8367.2656,5825.8051,12706.8287,3728.7016,12916.7009,8906.0766,13599.0442,8094.2035,10641.4856,12866.4086,12525.6587,10174.0981,3230.8182,7903.5088,5075.1492,13232.0530,13322.2974,8385.4599,2779.3275,11269.7847,9455.4636,9747.2204,13616.7276,2771.5802,10023.9158,7107.7681,8843.1237,12648.7145,11649.6733,10105.5403,11047.4054,8020.4044,6424.6156,12098.6794,4555.4579,7297.0328,11537.5348,4714.7439,11439.6780,8774.4197,11050.0899,8997.5780,11189.2521,3487.6345,13243.1167,0.0000,13384.3042,5631.8649,8444.4266,9990.6662,13057.3540,3894.0752,7270.5140,12651.4728,13189.9140,7511.9065,8677.5399,9912.7437,10232.0545,11058.5399,7455.5434,8657.4687,13365.1723,13637.7240,5185.3968,11828.2071,13828.3823,6828.3384,384868.7159,421450.4976,401170.7184,404985.7959,396220.3525,406963.6325,405608.4169,402968.3080,362291069.1843,362325703.2307,362266398.4271,362286614.5487,4117.8552,8512.5334,7921.4069,11813.5804,11207.6807,1724.9769,11983.7893,3980.5745,10408.8904,10858.0491,12347.5309,11002.1119,13388.3658,11552.7715,13350.8214,4932.8142,5240.0714,9612.5781,10716.4052,11602.9931,10687.3335,8531.6261,4764.9333,8605.0922,12149.8536,10565.1763,12502.3011,5317.6689,7605.1824,4172.0990,12648.9512,12193.2591,6167.4046,4911.5928,13299.4072,9054.3452,6234.3117,10488.8192,8569.0148,10490.8167,10019.7899,2903.0413,5577.4496,2832.1083,9592.8608,10939.2994,10144.8713,9639.8497,9384.1652,0.0000,11636.6690,11069.7540,1724.4572,11253.1801,11357.6638,9195.0119,8141.8077,11089.7230,10433.0173,3546.8433,9695.7207,9380.6990,3898.2955,5797.4113,11906.7831,10153.8043,12668.7731,11868.0293,10077.8335,12348.6308,10994.4835,10794.0071,389476.6019,425927.3409,405742.5834,409460.0550,400688.0297,411579.9170,410220.3421,407500.6044,362294237.4418,362328871.6951,362269566.6137,362289782.6524,9453.7065,10042.0226,10139.6157,12195.2884,5824.3611,10747.9332,7865.2531,8190.1665,11536.6567,10468.2823,12342.3715,13638.3806,9834.5411,12476.4479,3358.4833,8845.4226,10713.4240,12913.9513,9841.7200,8226.5241,9708.0082,8538.5449,7230.0950,12721.7564,10764.4765,10601.6283,8942.6467,7078.2572,6129.8254,13592.0552,10860.6904,3142.3890,3509.0405,13267.3022,10434.1630,8209.2169,9019.1615,11002.9473,11871.0179,8862.8485,6884.7097,1758.0406,3240.7075,8673.9169,11834.8611,9290.6934,12341.2996,6480.0550,0.0000,9730.5341,13090.0684,3013.7698,11412.4195,9671.1102,11750.2155,9879.0177,9325.2492,8237.0907,5690.6528,10757.1288,9697.9954,1753.6077,3213.4399,13344.8169,11241.6841,10998.2249,9672.5872,12240.9892,11809.6607,8290.6332,12396.7527,391785.5687,428172.3025,408005.0902,411745.3344,402960.2600,413885.8709,412584.3688,409781.6994,362297174.4682,362331808.8265,362272503.7181,362292719.7231,12256.7479,8224.3408,13134.1517,8469.0444,7264.1812,7878.2420,12941.5523,13432.0705,9782.7447,4750.3776,10112.0273,13135.2418,11753.7560,11472.4208,6914.0173,13319.9808,10639.9370,7782.9780,12527.8381,595.8519,8912.4110,13303.4086,12994.3074,13759.6090,11349.4483,7224.1143,13136.0143,11460.7614,11747.4253,13150.4995,7937.9179,11570.2119,12034.8913,1599.6824,12203.1768,13541.6352,11822.3854,12790.3003,13665.3847,8889.4504,10259.9521,10538.9516,13589.2515,4042.4165,13747.5719,8114.9763,8629.9112,0.0000,8268.8973,10495.3133,9669.4353,13677.3722,7258.1309,11188.5906,1885.6125,13019.7042,7529.5164,5605.2862,1891.2522,1614.3380,8082.1633,11506.5314,11709.9535,2667.6653,11943.4907,11990.5042,11698.5350,6846.9115,10355.8548,12440.9998,393223.7287,429830.7037,409509.9136,413398.6659,404626.8490,415311.2705,414002.3331,411345.5709,362299673.6860,362334307.6996,362275002.8421,362295218.9696,13266.5308,4714.7278,7372.8056,13486.9564,6945.0747,9778.9407,4628.0294,13008.7618,11438.9358,10699.0676,9706.1619,10958.0304,7949.2621,7629.6491,2855.6490,5668.9288,13645.2783,10608.8716,12015.9560,5594.6210,7340.8257,6498.1841,5122.8029,12051.7404,7186.1727,5862.2536,4877.1002,7684.6180,9593.2649,11893.2030,7825.2121,9427.5167,11830.0675,2507.9771,8278.8010,1719.6266,3588.3410,7404.7506,6393.7048,10241.5286,7564.4037,6769.1151,12043.4652,6884.8237,7423.7320,13008.2960,0.0000,13533.5530,6232.4177,8101.9892,5790.0385,13705.2346,3352.1668,11307.4638,9427.6776,13589.9043,10139.7636,12204.6340,12876.4056,10647.5787,8854.3779,6349.5425,12139.8117,11413.8108,11504.4654,3686.4636,13074.8299,12697.2892,4078.3812,382400.8694,418873.7725,398640.0366,402454.0668,393670.9413,404496.3433,403208.2093,400447.4355,362289687.2320,362324321.4500,362265016.6732,362285232.7449,11756.7358,12606.7374,1570.8066,12851.6039,8138.1202,11660.3843,1875.4094,8453.5195,7289.6650,7817.5812,6096.0197,11170.9308,12555.7390,12532.4492,12140.5455,974.5880,7176.3205,8540.5917,13249.5229,10611.6584,10664.5516,11464.3172,4206.9076,12613.6152,11611.4369,13022.2684,10204.2394,7803.1677,8004.5609,11336.4140,8232.3987,8739.5850,13317.4552,9427.6396,13343.9056,12224.7629,10198.2550,13024.9407,9479.3371,11918.3173,10585.1304,7322.0203,10489.5482,11981.9327,4705.3951,0.0000,841.9610,11692.6830,11832.2529,11024.7840,1557.3516,13101.7693,9473.0711,7969.5384,2899.6407,10919.7925,8016.3897,6905.6699,9829.5035,10417.8614,11278.0861,7961.1534,5292.3324,5442.2186,12751.3564,3524.9319,3901.8131,12265.3573,393359.9307,429860.6793,409535.6034,413543.9907,404739.6726,415433.2092,414290.4101,411445.6578,362302842.2223,362337476.4067,362278171.7152,362298387.8032,10994.2807,12050.9501,10452.7709,8587.8252,1351.2591,11057.4247,11046.4648,7614.2048,7489.5371,7558.0440,10173.0411,10650.9318,2707.9071,5047.8504,12423.4463,9311.9532,12924.6479,9342.6391,7575.3544,1975.8978,2987.9453,9673.2561,10252.5875,7114.0429,8671.1905,4058.7308,6709.3315,13222.7634,10120.2839,5496.4715,12557.6948,6602.4580,6833.4193,4641.5443,1287.3373,6353.7503,10233.9896,11838.7227,10619.1592,6075.0168,11580.5071,5647.8412,8219.3853,12869.4057,0.0000,12229.0461,5081.5028,11240.2054,2498.9266,12669.2351,4932.4599,12496.9349,7502.9423,13020.4469,12787.5477,12558.5247,13256.2569,12825.0330,10543.3185,3441.7636,12257.8359,8699.7950,9458.7004,3719.9301,11443.3384,11537.9932,1937.6514,381929.7944,418415.2965,398126.0047,402062.7740,393264.9257,404012.2287,402820.8124,399998.1150,362291449.8896,362326084.0895,362266779.5155,362286995.6074,12612.1485,2396.8683,11484.8876,10813.2376,13196.5651,10583.7978,13360.1659,12407.1320,13796.0468,6286.4647,3832.5774,9464.1040,9893.6598,12440.0740,11819.3551,8371.5862,3255.5196,9536.4449,12066.8185,10757.2862,13359.6482,3879.1188,8332.4347,4330.6737,12357.5279,12878.7668,7655.9388,6232.3108,13408.2020,8749.5134,5977.6456,11322.9984,7774.7782,10129.8223,10777.3593,1346.4779,7226.5051,4150.3535,10292.6953,10734.7277,10785.1372,8574.5925,10677.5856,0.0000,12522.1579,10318.9806,3279.3390,11413.9760,12179.7249,8272.1231,7726.0063,11979.9605,11469.1450,3694.4278,9499.0447,9549.0408,5477.6336,7263.8099,11418.9232,9912.3145,13442.1344,12856.8638,9325.2916,12689.2610,12170.0613,10298.6658,388482.6689,424963.5304,404766.8010,408482.6998,399715.7095,410586.2020,409206.8800,406520.9632,362293106.6583,362327740.8623,362268435.8063,362288651.8618,12612.5831,9423.6464,12118.6495,3252.1026,7243.0370,6884.1459,9008.0608,6641.0163,11954.6625,12125.4355,12967.5489,11793.8231,1648.8812,8543.4429,7554.5776,13066.2004,11639.8411,10960.9133,12117.2540,5482.5704,12207.5384,12463.5941,13439.3963,10093.9723,8841.3332,8548.6178,12111.0309,8423.4168,7663.6955,13688.6332,10536.8174,13377.0993,12440.9954,11226.3245,12985.8610,10315.9510,12438.4677,11552.0691,6030.3498,11445.6088,11305.0412,5697.9896,0.0000,2094.2447,11313.9154,12223.7517,11632.8860,1704.7773,12952.6097,8529.8461,9166.7430,3562.6982,10697.1228,6844.8679,5855.3394,10220.7099,11323.5362,11129.4448,6733.0341,6422.4659,6829.5883,12658.2997,2179.2959,5405.7829,12336.2928,393509.4027,430046.9660,409702.1134,413720.9601,404920.8842,415581.9680,414425.6495,411614.2946,362302905.2215,362337539.3475,362278234.6773,362298450.7845,12505.8822,10566.4442,13531.6136,9234.3284,12512.2736,13058.3634,13650.3780,8182.1833,1629.2033,9308.6962,8338.5373,12753.3613,12831.1063,7619.0085,1569.0968,10704.2320,11526.2592,10876.6290,13773.4314,1570.9825,9453.8863,5590.6437,11369.0438,13260.0750,9218.2172,8125.4721,12872.8393,7735.3666,6342.9766,12133.5651,6809.1630,9478.8865,11589.3702,1672.6434,9139.9251,6260.8572,11098.3456,9668.0506,11462.3161,6553.7490,11760.3533,0.0000,12906.2986,8798.0189,5542.6082,11375.0310,12480.9987,6894.4658,6669.0923,12713.3305,12121.0047,4411.8212,8562.0454,9136.3257,7344.4685,9125.5597,10266.9459,8869.2712,13777.1845,13533.2684,8097.7986,12277.6973,13049.6470,9385.2478,387477.7019,424011.4485,403780.0020,407526.4091,398763.3582,409578.6660,408193.3178,405545.4275,362292414.2796,362327048.4001,362267743.4244,362287959.5110,7585.5159,6899.7642,13242.7847,10194.2105,2167.0433,6921.1752,6672.7516,13132.2896,8115.3055,11930.7391,8597.6452,1226.6838,13123.0422,12283.1012,3549.0146,8230.1781,6311.3869,5134.0384,12983.5938,5324.6566,9160.4843,10045.1519,3662.5191,8508.0663,6777.9947,8293.8055,13375.4171,9191.7284,2177.4037,10803.3649,9169.2835,3092.0721,11716.0697,6725.2565,8630.9412,3699.2906,12779.4275,3769.3572,13371.3621,7067.2892,0.0000,8076.0250,11814.0507,9448.2699,6483.8081,8982.7111,11563.3331,13437.3761,1629.9528,8345.3054,12046.9730,13171.1496,12448.6286,9321.8490,5840.8131,10620.0734,13201.0566,4814.5563,3400.6160,11062.0933,10487.8582,5175.7256,9980.1915,388493.2602,424839.5409,404623.2049,408525.3676,399712.7324,410574.5570,409434.8780,406490.1838,362297572.4358,362332206.8529,362272902.0633,362293118.0737,10846.8064,11751.7481,8297.3864,6628.6902,7577.1974,9288.2725,10944.4450,2034.4719,6179.3963,12313.2176,8416.8861,13271.3224,9495.7440,6379.8645,2598.8079,1648.5044,9294.2401,10558.9305,5976.4107,8085.2126,5121.9307,6029.8071,12706.9363,9233.0511,5933.5846,13005.9847,6103.4138,5702.7934,5037.1099,2048.6883,5132.2455,10144.2835,11058.8490,9949.8085,4824.4274,12161.3336,4397.6526,9122.9975,12386.9599,0.0000,12063.7665,6252.1403,10691.3830,1438.4787,12581.3521,5689.0278,12907.4339,6580.1323,12762.9655,12707.8810,13015.1309,13519.0174,12324.7719,9618.3563,4707.5222,12776.1325,8305.3305,8836.8145,4671.7405,11751.0665,10998.7341,3070.1457,382236.3556,418689.1643,398420.9605,402339.8231,393539.4937,404320.1169,403133.1577,400286.5646,362291619.0886,362326253.3387,362266948.7242,362287164.7979,9624.8390,7091.0764,6348.5343,4856.2287,10995.5532,13375.0607,11893.7297,12181.2280,2707.2876,5902.5792,10058.0063,13753.8992,9734.1204,9840.6331,10521.7941,2427.6793,13373.9685,10935.8409,12992.6050,9744.4139,6302.1880,8677.4081,11155.7840,7363.4696,10205.2279,13105.0398,8197.5442,13207.6185,11684.0275,9082.7573,13542.7822,9545.6891,12053.5105,9561.3709,8658.2412,9389.9383,12563.8227,5172.9829,0.0000,2200.3971,11724.7245,12168.2735,10027.5850,3336.9897,13093.1013,10869.9421,6581.4847,4094.5817,11956.7604,9527.9253,8575.8516,10467.4746,10169.6549,10953.4386,9419.7173,3595.9697,3838.2320,12582.7000,4736.8880,3150.0688,11839.7767,392369.9933,428840.5031,408523.5048,412543.5053,403733.4793,414440.8357,413325.7836,410442.4643,362302377.2162,362337011.4457,362277706.7875,362297922.8643,6718.7671,12670.0844,9784.7736,13321.8670,7974.4366,12111.9896,7778.5556,8508.3778,12942.1855,4375.0238,9568.4348,13769.8468,10575.9040,12555.3829,10829.0726,8039.6406,13603.3015,12575.0532,8509.4103,12135.4804,11245.2662,13388.0647,9276.3554,3417.4622,12346.5073,13328.4775,10504.1770,10841.6640,13464.4714,10420.6393,12801.0943,12668.0918,13415.1532,1462.7103,13324.1832,5616.0193,10851.6666,0.0000,8941.9603,7388.2375,12130.9060,12125.5647,8236.1550,9360.5130,4277.7637,12731.6592,9352.8040,9075.6908,2966.7416,4792.1887,11427.1124,13428.8600,8629.5010,2227.0796,11062.8277,11880.1394,9500.6224,5555.7317,11325.0135,10154.7031,390048.0978,426706.0094,406326.0488,410307.5743,401531.9102,412124.7838,410863.0575,408206.1816,362298202.6157,362332836.5447,362273531.9119,362293748.0815,8655.4983,4204.5574,13339.4832,11878.7457,9713.6113,7149.1133,8058.2809,9973.2043,9973.7773,12182.1235,11535.3737,6091.7178,9101.2851,7048.7020,11712.0285,11923.7150,13148.2405,4107.8929,7497.9293,12849.4027,13404.2844,3206.8004,9397.3685,12115.4170,9890.3950,10043.2978,8208.9781,10279.3081,13027.9410,13265.4738,13722.7227,10467.6133,6831.9882,10021.5028,8271.7840,10935.3825,0.0000,8087.8297,6428.7317,13816.5300,8153.5160,8311.7604,9207.1726,10101.3981,8997.0963,9686.9114,13013.6564,8801.7661,9504.6770,13524.9325,13176.4052,5607.1631,8213.5909,6657.5538,8333.3870,8354.3822,5425.1111,9508.2006,7714.8215,387050.4462,423634.3227,403247.2862,407322.3498,398522.8062,409115.9181,407978.9364,405184.4033,362297813.0998,362332447.1446,362273142.7051,362293358.8537,5108.3751,8330.2868,13492.5046,7671.3091,11042.9852,8483.4309,2458.2598,13262.2050,12697.0026,4786.2550,6733.0015,5581.9730,4161.7506,13305.3984,6322.4739,10133.6168,8522.4895,1526.7002,9936.2008,8415.2924,6449.6027,13353.9294,9677.5741,2280.1723,10496.2085,8308.6382,3355.3437,12461.3629,8524.6035,10062.9550,4039.4901,12295.7293,3688.5384,12837.5860,8038.8383,0.0000,7967.9502,10824.0627,10825.0903,5361.7907,8949.3757,11063.2629,13549.6446,619.3797,8767.5669,12960.1670,13051.8161,12561.8016,10784.0580,7672.2677,9346.1535,12952.5536,3361.4518,2833.8554,10330.0511,9772.0763,5646.2812,9029.1301,387493.9584,423869.0405,403619.6860,407572.9201,398757.7801,409570.0983,408456.4562,405511.2667,362297431.1125,362332065.4836,362272760.8010,362292976.8332,11803.5675,13472.4239,9205.9346,9484.2395,7044.8423,6594.7833,11792.6163,13330.3859,9132.7775,5863.5785,7646.6857,3580.9792,13303.9341,10106.1408,12669.9674,5893.8917,3913.1816,11734.5629,11893.4568,2874.4196,11558.8605,11842.2182,6906.4462,10947.2968,8507.7409,7631.8996,13677.1407,11593.9562,12868.8993,8071.6268,9469.5306,7559.3813,11114.1146,9157.1039,0.0000,6738.4947,8940.0880,13249.4397,6727.6596,7546.5555,10735.9684,12143.9313,5595.0504,8478.9475,13644.2513,10980.2118,10934.5747,12787.1153,11323.2934,7449.3536,10611.3460,2774.2393,4707.6869,9787.8082,6488.8035,6802.2147,8592.8339,387727.6675,424214.4069,403874.7316,407933.8927,399121.6771,409793.5095,408701.8045,405812.5952,362298816.3325,362333450.5296,362274146.0318,362294362.1301,9409.1852,8271.5095,11905.2145,11157.4842,7197.8611,11609.7800,8240.8004,4494.2883,10964.0821,8289.4079,10384.3246,9328.9104,3990.2373,4120.4135,12433.9706,9389.5333,6044.8877,214.4626,12239.7374,12108.3650,5894.9889,6861.7056,9274.0887,9865.3173,6396.1598,6840.6634,3049.8148,2313.3183,6051.1898,13058.8771,6765.9681,12208.3858,8174.5258,0.0000,10919.1148,12158.7173,3407.2079,9155.3905,11154.4940,10386.2644,11561.0341,7746.1588,9960.6541,7789.6814,12413.6234,11739.3917,4943.7056,1341.2778,12059.4964,12739.6776,10399.2810,9128.9706,10725.2637,12824.8485,8864.3623,10625.9051,388795.2497,425148.2031,404995.1207,408735.8263,399945.8634,410894.4736,409613.8880,406774.8096,362294770.1606,362329404.5664,362270099.5167,362290315.5116,9900.5424,7835.6237,12452.5738,13363.4818,6565.8922,2481.8941,11654.5946,11557.7462,11434.8255,13804.3004,494.0025,10527.7671,7015.5439,10993.6124,13552.8427,9723.7831,9373.5803,12612.5375,6538.4740,7477.3470,12799.0026,7153.7028,9709.1713,12340.2333,3282.5182,10078.7983,7620.8182,11899.2434,8518.1094,12185.4340,5458.2885,11960.9238,0.0000,12672.8409,8230.4413,6857.5796,11778.4489,12147.7636,6848.6048,5463.4517,13208.4593,12000.0015,4624.6182,7409.3430,8266.2628,8114.2098,10235.6169,9929.1030,7675.7384,13841.3109,13782.3332,8031.4158,11566.6291,13242.2486,9427.7897,387762.8338,424333.4615,404074.5367,407850.1915,399088.8992,409860.9901,408477.9435,405852.1778,362292945.5512,362327579.6143,362268274.6861,362288490.7936,6273.1705,13069.3902,9043.4001,13142.9023,8130.7786,6042.9825,4458.0713,2410.6433,10499.5988,9491.7895,5058.9878,6431.4472,6535.5518,7409.1972,12311.2844,8177.6361,7704.0923,12945.3521,4236.5910,6269.7368,3748.4665,2240.8340,5423.1998,8713.6192,10437.3648,8669.0480,4873.8880,12574.8336,4743.0271,8871.8961,12638.6169,0.0000,12849.6361,6578.7835,9442.2309,3111.4653,13262.4222,4909.4699,12653.7569,7469.9283,13234.7178,11816.8893,13110.8174,13618.0635,11551.7484,8852.5018,5660.8388,12962.4044,9647.1148,9865.2317,4321.4496,12670.5047,11671.4935,3368.2402,382052.9069,418496.3849,398254.2945,402118.9101,393324.3472,404142.6503,402915.5018,400091.6538,362290525.2614,362325159.5256,362265854.8286,362286070.8921,12622.8945,12347.1356,10242.2819,7322.4211,11012.7342,5606.9848,7609.5657,11751.5050,7446.4516,10222.5735,9528.1711,4311.6687,10265.6956,13571.9031,11859.6029,7208.0036,9587.4168,7819.5051,10735.1815,4178.1702,4383.8019,10344.6636,8928.1253,13163.9973,11421.0765,10019.7428,8815.3767,9799.3758,3603.1911,13734.3053,0.0000,12685.0434,784.8695,11504.5646,7279.4379,12657.6773,2680.2142,9475.4377,11049.6744,13310.4514,11187.6502,9741.5863,11125.3634,12899.4113,12476.2614,2714.4476,9346.6390,11153.8734,12081.5842,2228.1187,10520.7372,13221.8016,3308.1225,382815.5921,419410.8545,399075.7546,403011.9109,394231.4542,404898.7358,403639.3899,400937.0706,362291429.6029,362326063.6315,362266759.0611,362286975.2050,7616.3769,8151.2740,13262.8656,10969.9415,11424.6532,12092.2359,5018.7068,12547.2855,11928.8219,13107.4416,10943.2710,8582.5344,7490.1091,11330.5009,9110.6465,8447.1549,13571.0323,9983.1318,13738.2294,12821.3736,10723.3104,12942.6794,9260.8941,11816.4697,11084.5326,7285.3459,11046.8938,12219.6750,4228.5717,0.0000,639.6736,12203.7956,11646.9169,11719.2621,648.1549,13504.4568,9167.9463,8583.5569,2127.0401,10514.4170,7737.6058,6414.4108,9410.2508,10390.8110,11930.3788,7763.7616,6144.8937,6081.8211,13245.9360,3801.7200,4065.0931,12860.4614,394148.3974,430650.7249,410330.4303,414325.3894,405522.9171,416223.4931,415068.4810,412233.2452,362303288.5054,362337922.6887,362278617.9597,362298834.0453,12750.2876,12730.0471,4645.6668,8773.2264,7268.7146,4258.5755,13251.3186,6363.2033,9885.4849,10321.0584,3853.7733,8090.3908,7330.4868,8337.3496,13034.9853,10051.0364,3298.0752,11529.9977,9917.2986,4259.7371,12135.4364,6724.8763,9090.6952,4857.5007,12359.1045,4893.3163,13587.3154,6157.2615,0.0000,7065.1495,12173.7587,9786.4158,7316.3295,8026.0380,12167.3390,13179.7380,2147.6108,7373.5240,12003.2942,12760.9224,11904.6866,9214.2151,6238.5320,11031.8512,12798.7009,4192.1081,2462.1027,11674.5486,9772.7474,4030.4237,10637.3097,389563.3322,425917.8430,405691.6082,409609.4602,400795.9598,411643.0404,410511.5231,407566.3394,362298762.3741,362333396.7801,362274091.9946,362294308.0087,8616.6099,13392.8398,12817.2399,13662.9289,11560.2688,6868.6462,13162.7699,11389.9159,11498.8759,13229.7018,8344.0633,11698.3620,11932.0356,1070.7831,12047.8662,13631.9500,11512.1089,12547.6945,13723.1603,8711.5655,10541.1691,10618.2399,13625.9305,3824.4604,13772.1800,7613.4854,9075.8043,0.0000,8630.7720,10106.7185,9753.2271,13572.3893,7648.2316,10821.4882,1338.4555,13151.3336,7983.0793,5664.3785,1624.3829,2043.5869,8366.6443,11700.6081,11403.8190,2379.0754,12100.5777,12213.0521,11354.4352,6986.0527,10705.6412,12156.3943,392761.1526,429376.2945,409051.7560,412941.3683,404170.8465,414848.4482,413535.1483,410887.0160,362299214.0578,362333848.0575,362274543.2129,362294759.3456,10254.6199,10582.2035,9906.1333,13753.6458,2105.2160,8864.2718,5062.3393,10554.7943,12810.1825,10110.6097,8156.2191,12288.5605,8595.3362,5259.2848,11644.3177,5391.3129,8280.3019,11007.7855,2008.7209,9631.6644,6488.8952,10465.4574,10146.4715,10788.7698,6039.2788,12400.3751,0.0000,13371.1829,7868.9928,6058.6371,10428.4553,13055.5797,5571.3049,7631.0518,12363.2250,12784.2084,5844.6998,9351.3585,10082.1184,8290.0874,9266.9032,9296.0368,9547.2034,13609.8137,13471.1512,6838.1473,12626.6155,13357.2561,8189.1825,385968.3923,422498.6109,402265.4111,406019.6991,397254.7958,408068.8651,406692.9002,404035.3104,362291266.7609,362325900.8868,362266595.9546,362286812.0428,8066.9753,4920.5128,8208.7809,11440.4888,1892.5679,6278.5031,10232.8080,5822.3744,8815.2933,4496.2973,9521.8809,13636.6737,6262.1996,2725.2859,8729.5649,7763.8312,2068.9121,9606.5926,6136.1573,6394.5741,1825.3580,13586.0278,2560.4458,12538.9333,8962.0167,0.0000,10565.6986,11130.4006,7494.1927,5729.5067,11214.3927,9886.3545,13392.9480,4203.1028,10452.7704,11109.2252,13691.3390,13239.2028,8648.5350,4282.4315,10198.2025,13779.4907,7750.1854,6711.4131,9620.9565,12388.4934,8023.6326,8764.9007,386452.4522,422789.4398,402607.8569,406434.6079,397630.4498,408542.2893,407344.9328,404435.0738,362294423.6583,362329058.0871,362269753.2194,362289969.2206,3770.2134,8408.7370,11203.9986,8041.9548,10038.2456,2876.9421,5640.6125,13316.6274,10946.9399,3627.8650,12413.9992,8217.2725,6686.2328,6319.4027,3137.7468,6527.1732,11429.3836,12212.1635,11602.0954,6470.7828,10999.3945,5902.5062,8676.6413,12375.5443,0.0000,11213.5050,5355.9849,12175.6727,2719.2426,11733.4435,6288.2906,12547.4532,6901.6568,12288.2841,13377.8713,12253.2698,12891.9134,13277.8644,11116.5721,3244.8189,11881.1825,7365.6701,8451.8055,5003.1708,10300.4153,10721.5645,3295.4543,382736.9266,419231.4171,398918.5781,402903.7972,394101.2557,404813.4344,403656.9625,400815.8355,362292982.3333,362327616.5187,362268312.0059,362288528.1066,8796.5028,11078.1855,4708.7326,7643.8148,6424.9938,5279.8604,12049.8352,8238.4842,6576.7202,13519.2229,5934.4938,4291.6132,5975.2955,3533.6929,3605.3412,10238.2853,10109.9471,9266.4767,3277.1873,12805.6892,2841.4807,10273.6359,11721.9346,0.0000,11777.5517,7690.5236,10143.8274,1215.8871,12386.7246,6883.9087,13396.4597,5443.5614,12363.9237,12669.0931,13523.2563,13782.0823,11738.2484,8521.2536,6218.9039,13354.5765,7822.4391,8038.2857,6057.3887,12045.7646,10263.4114,4622.8438,382874.2702,419288.5834,399044.0252,402944.7850,394141.3431,404958.9258,403779.4353,400903.5495,362292111.4166,362326745.7255,362267441.0624,362287657.1148,13724.2487,9581.5182,12364.1532,8909.3917,4052.9121,9439.0437,10524.2353,6241.2510,11648.3171,12206.7196,6245.1595,12414.1131,10460.0290,7227.2458,13581.4562,9453.7470,11749.5726,7795.4200,10106.5692,7522.0836,12794.8211,6260.8440,0.0000,4478.5378,11328.2988,12115.6600,8271.1352,5609.6449,12491.9521,12178.4396,4507.0677,5978.0191,12773.9533,11076.2356,10347.7853,10976.0224,9562.9400,10159.0221,10929.0062,1295.5205,1849.4435,11815.9104,6528.3463,3455.0430,10783.0214,390499.9310,426934.5117,406634.2952,410650.5033,401835.9361,412570.0184,411473.2814,408554.3498,362300874.3819,362335508.6642,362276204.0314,362296420.0940,10276.7053,6783.3165,10675.6425,13341.0870,9909.2537,9285.6916,12364.6038,6797.5385,7112.5378,12574.2274,6681.1807,9287.2453,12089.8136,3173.7754,10128.4481,7576.3699,11634.7887,8631.1208,11909.7459,5196.5399,12081.1410,0.0000,12750.9912,7867.9766,6884.9566,11426.5891,12264.7272,6382.2957,5765.9416,13023.7517,12138.5664,4983.0018,7637.5547,8535.4836,8298.3184,10181.8343,9563.2069,7864.2936,13715.8442,13685.8196,7584.7975,11620.9733,13259.4453,9003.0196,387302.0103,423870.5708,403611.4338,407389.7119,398627.6446,409400.0287,408020.6694,405390.6587,362292607.4229,362327241.4893,362267936.5744,362288152.6819,4639.2037,10152.2870,7112.2428,9141.4188,3907.5696,10033.7241,13372.5974,4497.4225,4240.8383,7395.1671,7003.6346,3296.9530,8253.9388,6397.2425,5417.9342,2669.5167,13580.2774,3376.4116,11688.0555,9947.8733,0.0000,11599.2372,10464.8345,6578.3846,5748.9517,12101.2889,8716.9740,12983.5273,5782.9037,11371.1447,10438.2344,13557.3447,13299.4703,8457.7055,4366.2821,9780.5534,13661.7058,9100.5442,8256.9129,8632.4989,13000.3879,9392.3253,8015.5109,385492.9663,421845.0916,401669.8143,405465.5090,396667.5745,407586.8467,406354.4598,403478.8804,362292896.7218,362327531.1262,362268226.2328,362288442.2395,11290.5775,10710.4404,8760.2181,3952.4757,12157.9198,11638.4961,2519.2507,8458.0486,6150.1178,7893.1063,7631.5390,4087.8309,6683.4096,3044.0386,7001.4129,12763.7686,7570.3980,9831.2193,11071.6409,0.0000,12985.6248,10001.3216,3739.8842,8599.9245,13055.0039,7410.5958,10872.9819,9637.7356,12294.2399,7468.9408,12156.4098,12163.9786,6965.4614,5390.1091,10345.7826,12396.3796,12120.6949,11430.5864,8099.4220,13670.8663,11654.2334,8507.1952,385826.3679,422235.6854,402066.0412,405789.2469,397009.9607,407928.7335,406599.9237,403830.7444,362291429.1676,362326063.4821,362266758.4797,362286974.5057,7329.3767,13751.7004,12434.5855,3175.2430,10905.1905,9617.2824,8907.9504,6908.1922,4614.7511,8883.4234,11687.5766,13303.6503,12718.2818,8848.8531,9110.2336,8356.8461,7054.2107,12696.3711,0.0000,10875.6466,3719.9048,13026.0140,5485.6895,11181.0305,6159.6841,11197.5490,8749.6675,12096.4658,13155.2461,10663.9703,11633.7011,13789.9982,12597.3575,1825.6575,10158.8573,8084.1153,9487.7083,4955.3434,8914.1385,11291.6123,3977.0121,383459.2421,420020.7179,399664.6721,403686.7884,394889.9290,405531.9555,404365.5190,401575.3615,362293819.0852,362328453.1662,362269148.7102,362289364.8467,10869.8167,9461.4514,5065.3498,13201.6979,9955.8857,3235.6696,10177.9533,7672.0155,4104.7125,12809.8353,9682.4000,10932.3948,4699.5048,11853.2648,4161.3136,12277.3961,8841.4253,0.0000,8108.4758,9974.8931,11639.8867,4739.0809,9072.0276,10577.8560,13475.0411,2054.6408,9205.0012,13432.5214,12848.8115,12558.0898,11681.0175,8854.5971,8325.6011,12659.3299,2915.5183,3367.6572,9698.5291,9310.7424,6355.9870,8283.8329,386753.2345,423155.1803,402881.5973,406866.4037,398051.0567,408826.3846,407723.4226,404787.5253,362297169.0852,362331803.4139,362272498.8015,362292714.8516,6232.1786,12997.3890,9193.0134,10506.9641,9838.9134,12576.7841,13075.1709,10020.3008,8734.3187,3323.4928,6176.8159,10030.2240,10413.1901,10501.3573,12674.1369,4020.8697,0.0000,7455.6086,13583.3341,5730.3459,12425.3405,7225.5453,12993.6097,8921.6585,9550.5038,5612.7113,5934.6121,9303.3883,7773.8203,2493.2847,5433.5472,13833.1603,9829.5707,10164.9894,8879.8280,13356.8197,9899.2321,6630.7339,13447.1871,394114.7298,430533.7451,410330.3343,414125.3827,405337.0456,416210.7847,414936.8508,412133.7229,362300071.3166,362334705.6307,362275400.5653,362295616.5868,12284.4750,12187.1116,5738.7767,6904.3224,9167.0909,9794.5545,6406.0049,6760.3523,3256.0245,2242.2029,6039.1428,13146.7631,6758.2022,12182.9427,8377.9542,0.0000,11093.9195,12125.2214,3385.0469,9123.1486,11327.9540,10300.9899,11626.6102,7830.3599,10149.4333,7837.7471,12503.5973,11858.8130,5076.6987,1534.7105,12032.6134,12826.2053,10518.8478,9267.9071,10650.3477,12956.1148,9048.6440,10561.4724,388613.9772,424966.4717,404814.8004,408552.5518,399762.9540,410713.4556,409430.6232,406592.9195,362294556.2949,362329190.7009,362269885.6505,362290101.6453,11501.7915,10845.3544,7550.7180,9118.4983,6463.0067,7917.0188,13013.5711,12626.2605,13004.2376,8150.8220,9401.2622,7569.4043,9418.4629,11111.9346,0.0000,8921.8474,6630.1229,13395.2601,5479.6857,9495.0687,8715.7374,11980.5224,6842.3589,10466.3284,13756.8511,11052.0274,11523.8394,13568.3246,12064.1781,4863.2847,10585.5479,5323.0127,7019.5877,7588.0793,7645.1386,9141.2597,6323.2505,385297.1565,421817.6001,401465.5415,405520.2498,396713.3772,407364.6496,406249.6349,403397.6687,362296332.4757,362330966.6195,362271662.1700,362291878.2879,12081.7444,13757.2279,11187.2143,12179.1478,13836.1287,8933.3698,11222.1001,11127.2596,13732.6536,3081.6570,13829.9827,6870.0881,9724.5060,0.0000,8928.9323,9420.2000,10316.8133,13363.8178,7985.4098,10361.6871,1241.8073,13276.8262,8523.0573,6370.2058,1029.5184,2588.1346,9179.3233,12240.4605,10796.7418,1595.5817,12112.1519,12392.2947,10859.8573,6793.6166,11106.9411,11699.7017,392064.9695,428696.9260,408358.2897,412265.2126,403495.1826,414150.1834,412841.1519,410201.1212,362298792.1627,362333426.1345,362274121.3358,362294337.4803,7962.2527,4023.0936,5708.3905,7016.5249,5246.3348,8489.5589,5397.6311,6317.4676,12740.7329,6703.2253,8885.3778,12168.7673,0.0000,13430.9474,8343.6289,6088.8289,6883.6923,13593.5669,5529.1222,11427.4822,9265.0027,13132.5269,9078.0387,12529.7356,12859.7238,9009.1983,6979.3602,8502.0091,12616.8391,11724.5727,11382.1653,6058.4778,13632.8533,12209.1717,6370.6529,383733.5332,420162.9468,399968.8773,403730.8934,394948.7636,405833.0455,404526.1575,401752.4600,362290186.4858,362324820.7695,362265515.8757,362285731.9189,9351.8364,7453.0918,1130.3652,11313.8233,7776.8986,8668.0211,1860.5284,13098.2395,1681.1209,12635.3683,8844.6581,0.0000,9513.6709,10675.9083,9608.5900,4562.3150,10357.8947,10220.9777,13750.0958,1810.6334,9936.9963,12456.3395,13621.4739,13219.0526,10207.0875,6408.7049,9312.7969,13582.8453,5526.7153,4807.6582,9610.0959,11223.4939,7035.7638,8376.8487,386345.3165,422699.4048,402480.6570,406380.6413,397569.2593,408427.3323,407281.6979,404345.5649,362295570.4707,362330204.8733,362270900.1263,362291116.1442,3375.9537,8589.3016,6669.8392,11308.3695,8703.2036,8023.3587,11277.8424,8036.8105,6024.7717,13565.4244,0.0000,13688.7979,4829.8199,9046.2416,6347.5644,13773.2724,1675.2010,10702.4837,10293.4271,13864.1033,10281.7431,11564.8036,12498.9856,11380.4616,10139.6292,5344.6101,11425.7461,11779.8305,12113.5647,2279.0923,12695.3831,13271.5585,3337.3646,382110.1885,418624.8480,398363.8093,402201.6489,393421.6475,404203.7298,402910.5711,400180.0112,362289576.3903,362324210.5440,362264905.8185,362285121.9134,6849.1287,9274.1275,11686.6495,10058.4737,6454.9873,11465.5684,6161.3745,7469.5739,13097.8358,0.0000,12667.7739,4603.3929,10628.5286,3433.5520,13009.0609,3769.3536,12007.6029,8249.3650,13293.5584,12135.0903,12280.9546,13066.7062,12450.1398,10385.6208,3512.0687,12014.2495,9576.9758,10213.0353,2667.0991,11789.8160,12048.4380,1179.6932,381773.4961,418267.9580,397985.8830,401895.7578,393102.7301,403859.2746,402639.8460,399842.7190,362290758.4107,362325392.5970,362266087.9860,362286304.0793,10693.5388,7744.7842,8121.0571,747.8817,13331.1356,780.4651,12311.0618,9454.7724,0.0000,10289.3237,10362.8189,9128.9470,4147.9141,11056.0591,9588.0746,13738.6426,2904.5624,10603.0741,12224.8862,13778.5993,13474.4336,10109.8559,6142.8886,9071.8134,13752.1145,6499.3629,5852.4541,9033.2795,11807.8938,7905.5947,7850.9455,385608.0492,421961.5704,401751.8837,405630.2568,396821.5193,407692.7118,406529.4336,403605.2060,362294522.4410,362329156.8439,362269852.0780,362290068.0945,8136.7824,4827.8272,10161.4966,10745.8502,10604.2254,7728.3380,11479.1614,0.0000,13021.5484,9417.0143,4234.0573,10886.8106,12713.6910,7153.5929,7917.5984,12057.9089,12158.4369,4695.4943,9691.8272,10010.6826,6669.2489,7899.4916,10600.9436,10018.9577,13549.7138,13120.0696,8289.8835,12873.2750,12719.1163,9387.0796,387240.0301,423733.8392,403528.3307,407252.4005,398486.2132,409342.9670,407963.0032,405285.5422,362292075.3295,362326709.5123,362267404.4984,362287620.5634,4076.1595,7663.1119,12221.3738,8273.0629,12987.9829,5666.6052,0.0000,9043.6909,13280.4223,4326.9039,10727.3201,9192.4105,12117.5143,10822.3191,8001.6258,7691.4939,7191.2341,11406.1901,10263.4083,3207.7843,2216.7303,13235.4522,11822.8754,9844.1278,8343.5211,12416.0710,11560.6448,7078.3713,12309.5602,391705.8932,428068.7101,407901.5630,411666.2544,402874.2338,413803.1933,412536.9499,409693.5638,362297738.8499,362332373.2461,362273068.1735,362293284.1696,7678.8373,12526.9793,8342.3620,11193.6934,9061.9855,0.0000,11696.1933,11763.0509,1294.6378,10124.9260,11702.2330,9720.3778,10387.5134,9520.0152,10589.6334,6107.0263,11604.2417,11103.3731,4259.3527,3438.2013,12095.1927,11991.4215,11805.5336,10740.5716,10351.4744,13078.7593,10224.4141,10652.8248,388765.1217,425153.4912,404996.9012,408709.7758,399929.0059,410867.8211,409542.1012,406758.2696,362293965.8526,362328600.2023,362269295.1166,362289511.1259,13341.3418,768.0391,11983.1968,9747.1192,0.0000,10678.2731,10090.5338,8714.3832,4009.4268,11385.3468,9100.5642,13575.1116,3588.9874,10914.7604,11928.9413,13728.0421,13486.8891,9935.4706,5947.5538,8886.1875,13712.4409,7081.4700,6470.4638,8604.1388,12065.7093,8384.2286,7491.7231,385243.0449,421600.0231,401394.7884,405258.6704,396452.2464,407329.6105,406152.2123,403240.0012,362293910.1346,362328544.5320,362269239.7516,362289455.7686,13271.7099,6839.6820,9772.3319,0.0000,7765.0201,8410.3382,11969.5969,12382.9425,6967.6800,10278.1502,4181.7323,12359.3662,8125.1214,8851.1323,2267.3646,3664.1617,10862.6200,13035.5977,9418.6870,1544.4750,10494.8333,11210.3169,10382.8869,4473.4927,10362.4376,10889.3169,391296.7426,427939.7491,407564.7853,411549.2034,402770.5526,413373.4053,412123.3837,409448.0835,362299488.3945,362334122.3488,362274817.6917,362295033.8518,11925.5453,9984.7180,0.0000,10634.2134,9829.5600,9341.8806,3427.2842,11376.8959,9037.4531,13726.5677,3327.4490,11022.5546,12363.8310,13784.4970,13600.7025,10492.5875,6639.9140,8484.0036,13726.1843,6707.9666,6276.8515,8427.6398,11887.5650,8428.3540,7187.7756,384936.1877,421300.1313,401084.0536,404967.2625,396159.2698,407020.7842,405855.6399,402938.9614,362293947.8534,362328582.2399,362269277.4974,362289493.5206,13344.4304,0.0000,12444.5565,3756.3086,10867.5489,10096.4952,12070.9442,4581.7280,6603.2501,12782.8214,12701.2823,9119.4570,7246.6505,8941.4395,11857.6724,12817.4110,5953.8221,6928.4212,12541.3429,13271.4956,5178.0173,9927.2571,13581.9731,6602.9561,385197.9292,421834.6516,401494.5743,405400.5890,396631.4832,407283.3308,405971.6450,403335.7743,362292651.8779,362327285.8391,362267981.1823,362288197.3404,0.0000,4000.3190,13530.3252,8958.8855,11760.7910,4178.9519,13796.0023,9957.1861,7850.4316,2383.9634,8971.9945,9404.8150,7746.5249,6326.2327,7190.4332,13305.1067,9716.0095,7286.4258,6039.6662,13764.9698,7574.4659,3085.7718,13437.6704,394576.3334,431000.9427,410754.4348,414648.9353,405847.8644,416661.8594,415469.0523,412610.7859,362302338.0157,362336972.3233,362277667.4082,362297883.4426,0.0000,0.0000,0.0000,0.0000,0.0000,0.0000,0.0000,0.0000,0.0000,0.0000,0.0000,0.0000,0.0000,0.0000,0.0000,0.0000,0.0000,0.0000,0.0000,0.0000,0.0000,0.0000,0.0000,0.0000,0.0000,0.0000,0.0000,0.0000,0.0000,0.0000,0.0000,0.0000,0.0000,0.0000,12270.8552,11592.6498,11409.1317,1231.9526,13516.3550,9610.3919,8073.6208,2164.1927,10734.9473,8245.8138,6947.2144,9409.9519,10107.7162,11891.4304,8267.2287,5644.1455,5500.0391,13219.4568,4197.4388,3482.9602,12757.3924,393938.7943,430427.5772,410113.2477,414107.6084,405303.2267,416013.6525,414866.2825,412016.9900,362303185.3898,362337819.5942,362278514.8658,362298730.9451,11841.2368,7247.5391,12254.2000,3408.8427,9409.7878,10870.2132,12999.5147,11402.2690,9495.1369,10884.2302,13050.4031,12654.6208,2296.5968,9054.0385,10732.8921,11759.0442,2801.4975,9972.3860,12925.3196,3514.4234,383120.6612,419721.0203,399375.7468,403331.5481,394549.3303,405201.5485,403955.5973,401247.1373,362292023.7788,362326657.7996,362267353.2546,362287569.4028,10927.5637,11463.7463,9897.5298,9509.9213,10309.5172,10353.9942,4921.1421,10855.6617,10334.8286,3510.5003,4314.1972,12384.3123,11299.1739,12267.1938,11252.4839,10636.5197,12822.8801,10446.9352,11105.1991,389519.4747,425929.2806,405765.2909,409474.1699,400697.1997,411622.9305,410280.7147,407522.5563,362294402.5053,362329036.8223,362269731.7183,362289947.7361,12045.0075,6989.9543,13344.7168,5356.9193,12195.4722,13088.3268,13290.2415,13609.7027,12285.4818,9294.9770,5525.4111,13059.3045,7216.2029,7715.6258,5981.1610,11447.6951,10106.3578,4352.1688,382901.6750,419333.0048,399067.8534,403001.4555,394196.2313,404982.9133,403820.9074,400943.3959,362292621.0350,362327255.3177,362267950.7086,362288166.7729,13515.6673,8706.6854,9021.0463,1905.1620,10103.1900,7282.0592,5865.3901,9132.3373,10419.4915,12100.8282,7350.2493,6713.7626,6610.4649,13320.8125,3781.5960,4464.4925,13023.0177,394443.1569,430953.0743,410633.0710,414619.4343,405819.1329,416519.5303,415352.7611,412530.6103,362303338.9511,362337973.1231,362278668.3756,362298884.4633,9953.9704,10930.8468,13809.3047,10354.6342,10713.5550,11878.5096,11915.1582,11177.0373,4471.2952,10495.5198,11891.1324,12438.6737,1429.8393,12023.3244,13518.5654,3184.2471,382293.4980,418847.3450,398557.9083,402424.9335,393647.1317,404384.1642,403091.7826,400386.0488,362289995.0154,362324629.1084,362265324.4325,362285540.5493,13420.9081,9024.9490,5381.5131,2254.2895,3344.0407,8592.2585,11801.6195,10904.6879,2784.2475,12600.8469,12762.2400,10597.0474,7796.8609,11488.7301,11562.7259,391711.2232,428334.1720,408012.3405,411887.5135,403120.4412,413799.7155,412469.1945,409838.9294,362297941.8361,362332575.8215,362273270.9779,362293487.1150,8723.9735,12602.2017,13015.3634,12495.5498,10330.4701,7085.5382,9468.1333,12948.4497,3819.9214,3053.2701,10259.0934,9975.2043,5620.3129,9011.9403,387547.0053,423916.0483,403676.0734,407612.5533,398798.6409,409625.0704,408501.0065,405559.2590,362297212.7967,362331847.1776,362272542.4661,362292758.4932,9375.3548,7997.7748,6321.9346,7749.3948,9126.5768,12864.8972,8223.8840,7119.4091,6466.7839,13717.8929,5544.7888,3691.9079,13442.7751,394938.5283,431413.8187,411125.9717,415069.2546,406269.2035,417019.6054,415837.5598,413003.7741,362303224.8217,362337859.0501,362278554.2158,362298770.2801,7109.9777,6694.1985,4330.8317,8243.8115,12588.1188,7723.7079,13185.9250,12589.1266,11254.0822,10914.6405,11106.5734,12149.3281,391781.9634,428297.4002,408071.1271,411823.3331,403056.3489,413882.6045,412513.0769,409841.9193,362296462.9846,362331097.1392,362271792.0763,362292008.1463,2130.6325,9547.2920,12450.6824,10724.5221,786.5249,11579.0577,11941.6284,11086.6422,5886.9298,10646.2356,11796.3554,392354.9319,428988.4864,408639.0245,412570.6977,403797.4930,414437.5835,413148.6449,410495.0443,362299509.2785,362334143.2486,362274838.4835,362295054.6310,8405.4899,11596.1497,11845.9954,2708.9629,11047.6310,11132.4209,12217.7117,5570.7965,9358.6287,12749.8043,393913.1990,430513.4061,410182.5658,414102.6693,405325.3141,415997.6582,414719.6778,412035.8351,362300940.7797,362335574.8060,362276269.9823,362296486.1086,4880.5621,13541.5143,10105.5662,11488.6232,10310.7662,12496.9236,11207.4971,8582.6760,12828.1760,392729.1795,429150.6946,408966.2580,412712.6532,403931.7805,414829.7381,413512.5602,410743.0246,362297883.6359,362332517.9417,362273212.8295,362293428.8501,12414.7099,12776.7765,9667.5104,8231.5063,11400.4198,12382.4220,7816.0258,11155.7457,389651.4025,425994.0750,405837.7550,409596.9152,400802.8885,411748.4859,410489.6699,407628.4184,362295948.2437,362330582.6672,362271277.6262,362291493.6164,10267.1434,9365.8422,10539.5821,3232.1940,9949.0068,12199.2319,2560.9257,382605.5090,419172.3167,398829.5414,402813.6314,394022.2848,404683.1619,403481.8995,400719.3099,362292333.3363,362326967.4097,362267662.9123,362287879.0480,11382.9377,11875.1540,10798.7900,5546.6800,10744.1771,11478.9109,391914.5402,428556.2625,408196.2869,412145.3402,403371.1873,413995.1646,412715.9023,410060.7885,362299381.7686,362334015.7251,362274710.9987,362294927.1531,2003.3439,11109.5518,7154.0944,4516.9519,9936.5033,389230.3850,425661.6852,405361.2110,409381.5227,400566.0340,411299.7739,410208.5393,407283.6276,362299833.3697,362334467.6552,362275163.0543,362295379.1183,11810.4732,8012.4219,3173.6463,10724.4365,390111.1986,426506.6775,406238.3814,410216.8403,401401.4149,412184.8515,411079.8315,408141.8305,362300096.8355,362334731.1785,362275426.4859,362295642.5258,11696.6786,13172.5648,1843.6039,381916.4778,418465.5140,398165.0618,402063.8687,393280.8575,404003.9250,402741.7381,400010.7382,362290288.8622,362324922.9635,362265618.3435,362285834.4619,7211.6461,11489.4459,392315.7572,428896.2610,408524.5408,412565.1156,403769.0972,414385.8302,413221.5450,410444.0989,362301921.1704,362336555.2258,362277250.6240,362297466.7576,12456.6442,392921.4189,429329.9913,409067.8120,413017.4780,404207.2580,414999.4911,413862.5269,410954.9823,362301996.5849,362336630.9134,362277326.1187,362297542.1556,381724.5055,418247.8989,397947.6856,401872.1888,393081.6705,403808.9969,402584.3642,399809.6122,362290778.1857,362325412.3272,362266107.7458,362286323.8548,37805.5050,17126.8050,22496.0736,15137.0843,22117.2886,22215.5829,18854.1942,361952242.3040,361986875.9479,361927579.4390,361947796.2823,21593.3873,17540.2868,25606.0193,17872.2752,21527.3106,19041.1829,361919665.7114,361954299.6960,361895003.7299,361915220.5088,11690.7065,11266.1621,7835.2863,13957.7383,5882.3543,361939668.6283,361974302.3960,361915006.3054,361935223.1411,8936.3353,11494.9429,11085.1371,5933.1020,361931487.6994,361966121.6349,361906825.1285,361927041.8835,15514.5916,15373.4841,8453.7584,361939921.2362,361974555.2110,361915258.5582,361935475.2908,8936.3353,7415.5550,361933210.9073,361967844.5061,361908548.5203,361928765.4147,10374.7490,361930478.0180,361965111.5356,361905815.2351,361926032.1316,361935489.9316,361970123.7535,361910827.4580,361931044.2626,37271.1516,29888.9952,17730.6198,61989.1951,44664.2750,20805.2284,
64800.000,8248.2257,8622.9433,13229.1072,8758.2215,12867.3144,12352.4423,12785.6476,7639.9418,13368.4161,12357.0564,12214.0751,13404.5188,3221.4529,7855.7561,11104.4221,13486.7922,9096.7055,11927.5957,9300.0860,4424.0372,9905.9476,10998.8719,10829.0250,12706.9638,12994.4134,8119.5970,2292.9578,5713.4793,11879.9975,9714.5876,12749.5068,11084.6556,1608.0815,9820.0543,9639.2518,5219.8954,12107.7097,12803.8735,13142.8669,12544.8816,11363.4033,11061.1213,499.5887,6360.2812,10943.5342,10760.3143,12117.8592,11819.5241,9039.1400,9572.6980,3978.8007,10776.7401,11906.6610,9922.3918,7990.2453,8090.6877,2847.9142,12866.3748,12738.5154,6605.1005,2352.7467,13620.9130,12057.0641,9592.5747,6670.0416,9959.8110,11118.1672,9889.5755,2771.6410,4182.1335,5890.7257,5938.1017,13455.8097,10616.2081,13403.0308,9631.4106,0.0000,12067.5065,11037.2836,6254.0825,9020.3641,10021.5077,9492.4230,8307.4017,10000.0096,10944.8406,8614.9948,10685.2792,11965.7984,4384.0160,652.6464,12074.2138,11594.1888,9665.3627,11442.5641,10456.8224,13384.0611,11266.1645,11724.3612,384241.9981,420135.9568,403124.3721,402395.7484,394992.1477,406855.7017,403329.4347,401146.5739,362300365.8071,362330402.7643,362274271.0352,362296578.6587,8273.2169,10095.0608,12759.1929,7384.6073,13161.2566,7589.1908,8210.0486,8970.1983,11742.4042,7266.2638,8890.0542,6887.5824,4959.7762,7097.5296,9483.2617,13490.1230,10987.4886,13552.6402,6638.4840,5187.0895,11808.0391,4691.5606,6912.0151,7562.6223,8685.0779,7224.7830,10441.9796,6558.6542,11627.1268,7458.8821,12388.9651,8353.4039,8148.4711,8006.5607,7557.8454,13140.4799,8237.2169,7948.6939,10915.7672,13364.5532,11797.3249,7818.0840,6679.2030,13137.3319,12775.7255,6274.1397,9473.6112,1074.9682,8566.3276,10942.2598,13146.9614,13614.1569,11531.6280,6056.3892,12759.7267,10345.4031,12863.6019,13057.3058,6043.3646,9119.6145,12466.7633,5901.8948,11934.4988,12252.4821,11679.3357,12613.3523,13691.6339,9124.3178,5194.5629,9726.9215,12090.3717,9620.7204,13790.4824,12716.2970,7729.9380,0.0000,6080.6493,13208.4642,8995.7328,13088.8621,7813.1617,11894.5514,775.2651,13392.7954,4699.2265,5854.8954,3378.3267,6415.4920,6412.8868,7810.4681,12966.6455,4801.3205,11812.7859,12246.7651,12325.0722,8884.5740,6649.0129,12339.3643,382880.4395,418636.2139,401772.4736,400806.8152,393489.2233,405540.9498,401892.7240,399735.5792,362296491.3009,362326528.5233,362270396.3312,362292704.0491,7718.6722,7921.9957,10617.5176,9067.2589,8178.2991,1219.1806,8913.2131,6767.6795,11941.1627,9275.9046,6004.7305,11464.6342,12524.6409,8970.3095,11042.4911,13695.6495,9800.4835,10863.7684,4541.6088,5535.8401,6536.7924,9266.3164,9430.1129,936.7638,9672.3324,5350.5727,6606.0705,4954.8253,10461.4946,13645.7576,7359.0865,13160.2258,1530.7722,11676.3081,8816.4173,11986.9124,10338.1482,13441.9708,12844.8612,13804.7980,8364.5370,3093.4941,7996.4274,7136.1464,11074.8016,13445.5984,8665.3587,1278.9709,10239.1911,13076.5133,9884.7525,13720.8993,2530.1858,8271.9023,9254.1147,9133.4676,12686.9144,11646.6845,7179.6722,10744.4739,8098.1718,5420.2845,11561.3855,4929.7400,7092.5940,11086.6686,6781.2463,9624.7962,4264.1201,10424.0357,9303.8011,10885.7293,10146.7511,13052.5041,0.0000,10857.6894,8409.5167,3214.6866,12412.7292,13107.8464,5334.4451,7642.6332,11956.0508,10927.3402,2871.4727,9348.8471,7011.0757,10708.2499,8187.6698,8257.1416,9625.2118,13599.2446,13677.6749,6149.3959,9985.3579,12271.7851,6852.3912,387406.2317,423104.8638,406191.4029,405378.0559,398015.0107,410061.4809,406532.6237,404274.6878,362303448.8227,362333486.1083,362277354.0029,362299661.7007,9751.4221,6098.4761,6160.2625,3523.0227,8692.0533,2540.3759,3867.2272,8380.5892,3029.0556,11807.6394,12018.8428,10107.2984,2099.5814,11351.8952,10334.9491,10581.9974,13423.7464,6676.8358,6012.4036,6248.2003,5027.2956,4528.5205,8273.9513,13202.4457,10901.4242,4407.4432,7510.5243,5851.3116,11264.8760,12667.5384,11753.8429,6534.4649,13567.7716,6359.5447,7590.0216,5216.1897,9395.3753,10456.9255,11363.7798,13046.9656,9829.0559,7676.9829,7383.8303,7783.1102,10213.0465,9611.9807,6612.2702,13400.3910,11185.8054,7650.7100,12253.1978,8356.9638,10564.4549,13251.3320,5125.6490,8659.1108,12911.6842,12518.8633,5024.7882,5302.8754,7965.8304,13065.0226,7330.3490,6681.6082,10737.7944,12309.2130,12878.9555,10459.4542,12765.1162,2461.9560,9914.1352,4925.5507,11877.7179,0.0000,7643.0410,7699.3962,9999.6996,12195.9799,11618.1434,8068.2461,9720.9639,11012.8594,9146.3227,7925.3821,8340.0492,4533.4011,13341.4741,13002.9408,6035.4522,7345.8297,12380.9707,10924.5560,7262.2781,3947.9113,9818.6270,5549.7718,392366.4422,428036.1697,411209.4905,410220.2214,402917.2401,415041.7548,411401.1838,409207.3385,362305239.3494,362335276.7427,362279144.2258,362301452.0102,12856.5471,5359.5330,11742.0151,7678.8513,11277.6387,6701.5397,13294.6455,11497.6600,8881.9974,12943.0338,13293.8331,10928.3458,4129.1336,11444.8649,2200.1244,11359.7713,10973.0682,4943.6619,11966.8893,12525.4836,12319.3739,7309.3829,9936.4857,4882.3720,11514.4636,3895.3243,12573.7210,9593.8787,8074.1355,12654.5143,8621.9624,11320.2575,4940.9333,12947.7215,12494.5575,11583.0450,7630.5017,10396.6034,8940.4978,8926.4862,2997.5322,3165.6507,13388.9683,12551.2599,13016.3704,8012.9077,6810.7667,7915.1773,4644.0516,10230.3960,9592.4451,1067.2891,6840.2601,6460.0979,8691.6922,12385.7466,7186.3587,8648.9832,12395.1289,3332.2899,6425.1424,4150.3968,3857.5016,4160.1545,7036.6669,11468.9812,5726.5007,5258.2361,10829.4105,4146.7317,7778.6387,12851.2611,0.0000,13356.2351,3138.4622,6617.7558,6621.0280,12943.1458,3354.5920,12523.4282,5793.6591,13612.4306,10026.0048,13312.2315,11743.1998,11389.7033,8901.3763,4955.1036,13247.8321,9733.1732,9926.8504,3527.4214,11719.3715,13499.3571,5105.0452,392588.1421,428428.5944,411426.9503,410712.2651,403308.3972,415209.4564,411707.6904,409488.4181,362308541.3803,362338578.4424,362282446.5106,362304754.1757,10272.1678,3539.3934,11214.2597,3707.0484,9281.4874,2779.8207,3233.2413,12079.9015,8069.2828,5021.7299,4204.1303,12929.7930,7495.0737,13102.6143,11038.2529,7394.8182,10860.2126,5478.6703,1958.6713,1930.0269,11189.2438,11807.4006,13236.5572,5085.0515,11754.1216,325.9133,9933.6654,12960.3317,7609.5128,9606.9768,11007.4640,10520.5641,2381.1431,997.7960,6547.9653,10736.8235,9360.2777,12624.8151,11118.1115,11744.6776,11696.2149,1996.7084,6107.4431,6450.8002,10009.6116,13545.0959,11025.4331,11037.5800,10222.3680,9764.9642,13293.3380,13600.9802,9403.7625,8980.0220,9548.5568,13255.0845,7557.9337,3503.1627,12097.5171,13241.7534,11698.7694,11183.1375,12556.5361,13228.1336,10728.8252,12805.0832,13546.1561,4045.7263,12121.9361,8349.3216,7627.1980,0.0000,1937.9952,11596.5749,12306.0466,12442.6423,7237.0393,12162.2058,7438.4053,11947.0817,3972.6449,9271.6121,4310.9035,4646.1352,10961.8261,12666.1328,10527.9371,2892.9160,10696.0998,9411.3239,11698.9221,2492.4274,4504.4364,10488.9751,389087.0924,424805.9210,408008.9475,406919.4680,399646.2305,411760.6160,408037.4711,405919.1982,362300210.5661,362330247.8919,362274115.3400,362296423.1335,9055.3433,9529.1475,7908.0891,3439.4175,11336.3254,8137.4661,11980.6133,13554.2672,12145.9362,7330.1982,6619.5665,9885.4279,5551.3366,13547.8833,10595.5906,4145.1710,10874.7180,10021.0108,9533.1618,8980.8377,12806.3728,9066.3859,9640.2426,5277.0479,9950.8099,8940.3862,11828.8165,12417.8391,8839.1755,13338.3522,478.6397,10496.3859,9603.7760,9430.9589,6773.8339,9686.4667,12402.6174,11038.7049,2657.7025,3187.6175,11475.6107,11035.6070,12989.8970,8392.4521,10798.8289,7713.4430,1757.1238,10408.2220,10647.6500,6308.8277,11048.5642,1271.7291,5983.1498,13663.6984,11238.0279,3983.6927,10420.8767,5239.7803,9628.3667,5225.5386,2690.5449,5743.5484,11078.9320,13622.5513,9340.5924,9264.9409,7141.0747,4638.8536,2819.0622,12722.5411,0.0000,11461.3425,2335.3248,9636.4190,8297.3068,12588.5191,5404.0608,12909.3255,6615.3491,12508.4042,10684.8139,12338.0965,9802.3574,13562.3637,12387.7626,1076.5804,11671.3400,10177.2285,8907.2839,4062.0285,8377.7278,12257.6165,2703.8368,395420.8793,431197.1172,414274.7873,413425.1232,406069.4943,418067.2743,414492.1909,412295.6259,362309437.7403,362339474.9498,362283342.6814,362305650.4161,9041.8226,1802.4742,7000.7609,6121.4902,1933.3348,11257.2381,9928.8801,8040.9698,2443.0728,12925.5482,9941.7959,12519.5199,12100.2370,5130.0677,8609.7635,3655.3946,1794.9425,1660.8445,8892.8194,12310.0231,11826.8000,2116.4267,9669.9568,3432.3522,11656.1034,12436.0545,10237.6682,6895.5265,12369.2759,9235.4487,5713.6572,2925.1940,9017.3122,11684.9352,11386.0459,12509.3788,9417.9262,10311.6014,10001.2786,5030.9807,9032.9956,6887.1747,7321.8929,13722.5273,12152.3430,10247.2069,12150.2260,7705.9916,12342.8465,13488.4873,8130.8619,9968.1521,11196.5402,12591.9872,7262.2318,1948.5447,10139.0968,13746.9911,9546.4296,9417.1626,12504.7076,12437.9132,11366.2212,11203.6519,13610.6743,2866.1752,11920.6463,7599.7453,10224.9603,0.0000,4805.1014,10320.2645,10528.5609,13184.2923,9941.4569,10199.9953,7279.4957,12419.7496,6302.7566,7098.5296,5240.9826,1843.3031,11981.3264,12481.5330,8993.5062,4123.7369,12446.0690,11244.9331,9758.5357,2719.5397,7537.6733,8477.9215,389490.8642,425155.0382,408355.8934,407309.2312,400025.3166,412171.1746,408492.8577,406322.4273,362301751.1291,362331788.5312,362275655.9858,362297963.7762,9787.1098,7569.3333,12294.4969,10113.5541,4970.1337,11200.1980,12653.3750,9852.0538,10741.7159,13803.3936,9555.2049,10207.2783,5183.6023,6086.9477,7177.7296,9983.9194,10181.3151,750.5835,8861.2474,4442.4814,7484.2530,5158.3621,11061.6122,13587.9368,6295.8100,13045.7373,2697.5919,11072.9447,9246.9292,12427.6939,11012.2089,13668.2176,12841.8153,13752.0878,7387.9491,2245.1537,8210.4706,7389.8970,11496.0122,13583.2462,8730.5346,2471.9788,9419.7187,12976.4934,10154.7606,13517.9179,2596.2383,7879.4433,8331.7848,9722.8447,12938.8457,11207.4391,6107.8057,11354.8110,8823.1984,5515.2422,10974.8533,5202.4375,7465.1329,10904.9208,5692.7763,8958.9099,3267.7475,9760.1644,10141.0109,10835.4661,10759.7888,12919.9538,0.0000,11292.3546,8620.1176,2107.4056,12080.9004,13024.8106,5402.4942,7621.4263,11783.0757,11163.5547,3212.3671,9671.4488,7854.1177,10052.8628,7195.8203,8737.5988,10093.5881,13358.8498,13677.0541,6426.0839,10739.0437,12444.7894,7427.3841,386788.9070,422509.7312,405577.3643,404791.0965,397417.6699,409438.0639,405921.4215,403663.9115,362303154.5111,362333191.7541,362277059.7242,362299367.4066,6210.2174,6230.7634,542.6521,12110.3466,10644.0265,8226.5707,702.8576,12241.7956,9216.6751,11862.8361,12737.0273,6584.8429,8176.1401,5342.4294,2764.8134,2125.9487,9535.6304,12917.1071,12107.4343,3715.2561,9451.8571,3492.6216,10835.4658,13051.3419,10299.1822,7692.0073,12827.1404,8157.9832,5450.0082,2778.7980,8173.3863,10658.6928,10667.8483,13148.9076,10413.5271,9534.1897,9352.5533,5542.6329,8635.6915,8272.3639,7967.1255,13787.5666,11257.0508,9131.2592,11625.7715,8848.6625,11955.9196,13714.4997,6863.1525,8684.7035,11812.4573,13094.1491,5676.5095,3642.4772,9876.6734,13444.1326,9318.7263,8708.3445,11692.6155,12950.8679,12239.0180,11632.7885,13397.9242,1110.1074,10990.2578,6105.3759,10390.3764,0.0000,5406.3646,9471.8092,11109.9860,12537.0685,10066.1849,9964.6463,8719.9892,11580.0490,7145.8961,8323.5631,6564.3216,3549.7282,12651.2588,13136.0226,7993.2548,5321.5259,11905.3190,10387.3328,9287.5933,1654.6755,7843.3206,7733.3363,391206.4715,426882.7792,410079.5312,409033.3216,401748.6333,413884.7270,410203.3154,408039.8490,362303188.4409,362333225.8318,362277093.2589,362299401.0555,11006.1777,6620.1220,11107.5592,13371.0328,12198.5003,5718.6377,9122.8084,11337.5021,7811.3662,13671.8342,8107.3259,2530.8927,8606.8523,8404.4745,7995.9280,6947.9769,12905.7175,8682.7764,7163.9611,4324.9748,8994.9665,11141.1481,11561.9179,13064.7768,6165.4019,13796.2377,3411.3215,10275.1426,8522.1145,10696.7107,9512.7912,11613.1125,12279.4352,9295.0701,4259.8188,3822.9162,10657.7887,11849.1955,11566.5274,5783.3674,11888.1858,10311.5609,5060.7568,12275.5718,8431.7455,7671.6124,11722.9342,2990.7241,8411.6546,13763.4658,11096.3993,5200.3086,8404.7168,4699.8210,11487.4146,4113.2663,3078.3068,8483.6608,10834.4383,13250.7172,8494.2531,10854.0188,5832.5030,7585.5099,4237.8587,13241.5726,0.0000,10548.6894,4434.8856,8360.8275,10742.4676,13093.0858,4837.0118,11326.6623,9352.2967,11670.5791,8320.2951,10908.6180,7439.1832,13618.3908,12211.2500,2775.5278,10250.0329,12160.5910,11016.5262,3730.2117,7287.5635,12091.6575,1795.1750,393693.0216,429397.8205,412511.4471,411631.5117,404290.3747,416353.7207,412777.9609,410554.0220,362307967.7039,362338005.0233,362281872.6799,362304180.4284,5757.5727,12057.5340,6247.0305,2371.1298,6607.0185,12600.2149,5779.8623,13201.6368,9594.2136,8936.0536,12296.5308,7143.9029,4528.0758,4639.0400,12373.1511,10753.7937,13654.2210,7316.5998,12924.8720,2858.3585,8583.3539,12649.7140,5149.7631,11199.9179,9323.1026,11571.1888,1381.8308,3627.4537,5125.6858,10063.9839,7746.1782,12010.2417,11847.4636,12651.2734,12744.2277,1614.7654,3848.4339,6375.6744,11567.4741,12730.4201,10091.5315,11705.5880,8466.8038,10877.9928,13545.0653,12977.0485,10661.0802,8699.1694,7742.1818,13045.9168,8619.7205,5667.6329,13165.9770,12307.8377,12930.8330,12346.5210,12360.8288,13120.1119,9671.2643,13373.1183,12909.8641,6306.5558,12143.1291,9520.3865,5168.2487,0.0000,1935.4487,12429.2674,13023.3206,11540.6602,4720.8967,13220.4778,7593.7776,11403.6463,2862.2548,10521.8873,4614.2316,6894.3376,9558.9631,12103.5626,11718.4491,3818.4026,9057.0013,8059.6197,12858.4493,4837.3741,1930.2984,11904.5691,388227.3193,424004.9660,407187.5590,406103.2492,398824.5792,410889.4980,407153.1081,405067.2240,362299027.5265,362329064.7567,362272932.2869,362295240.0647,12238.8021,10379.5684,7799.8059,1024.2398,12287.7861,8847.7480,12001.2668,12598.4184,6824.5935,8572.4162,5453.1802,2503.5727,1796.3282,9886.8493,12862.9884,12353.7666,3960.0937,9816.0679,3014.5655,10591.7985,13151.4086,9931.6365,8082.8055,12649.9112,8400.8042,4945.3194,2279.0507,7782.7909,10535.0872,10377.5047,13186.8194,10654.3286,9805.7828,9665.3437,5114.3587,8204.4871,8151.5566,8369.1306,13801.9759,11111.2421,9292.1113,11361.5460,9119.2281,12150.3944,13769.0100,7096.4013,8526.1396,11585.5259,13220.3596,5697.6068,3617.0059,10223.4550,13412.0405,9693.9993,9032.4011,11743.7286,13095.3512,12151.1080,11899.8596,13433.6729,1142.2067,11062.0874,6227.7175,10028.0519,0.0000,4994.4495,9717.4680,11393.5378,12464.1614,9687.3504,10311.3364,8683.5646,11544.3146,6797.8323,8598.4177,6356.2955,3736.3207,12517.4157,13183.6131,8279.0257,5057.3905,11670.1809,10121.0960,9636.5231,1130.7721,7415.5573,8097.4362,391126.2452,426808.9490,410007.7739,408952.4712,401670.3748,413804.0227,410114.5761,407959.1024,362302909.8745,362332947.2572,362276814.6780,362299122.4761,8492.0873,11479.5658,12287.1376,10442.5982,13005.0584,10071.1333,6191.3935,7451.2334,9709.7148,8809.1298,11449.6010,11802.1197,5597.3838,4546.2382,4805.6527,9931.9071,8476.1439,11977.7676,12627.5122,2154.1112,11001.6126,7074.3009,7309.0190,11720.8255,12615.3582,12261.1646,13315.2818,12643.2810,12589.2329,2839.5362,3299.3723,10577.3968,10113.6392,11552.4692,12624.1021,7774.5599,7098.6196,6538.1340,12315.5576,11980.8798,11788.1754,5108.0880,8501.9203,5219.7442,12338.1117,13467.7464,7870.4959,2825.3068,13344.4770,10443.3633,8534.5874,8958.7131,8663.2022,10371.0727,11020.3071,2711.8234,4907.5526,4273.6542,7954.9271,12403.3328,11454.7883,13027.5666,10761.3474,0.0000,11418.2870,10806.8720,4019.6785,10907.1309,11053.4997,8415.2243,6665.1473,11420.1662,10458.8131,5801.3401,9532.0099,10101.9084,6029.8899,2616.5095,11490.1422,10476.6947,11619.2878,12853.8470,9509.0454,12460.3239,11427.1973,10721.8005,383830.6662,419649.2904,402672.6188,401917.5903,394527.1575,406461.2524,402938.5932,400722.6417,362300220.4003,362330257.4789,362274125.6479,362296433.2908,4492.8138,11018.4719,12104.3060,8015.7196,12939.2344,4017.8517,9327.2119,13503.2612,8516.9343,8767.1156,9200.0915,11602.8691,5806.2451,11663.2525,9823.2676,13250.9829,8111.0620,9404.1150,8806.3712,3974.8242,11432.2917,4067.3563,13585.4979,7404.3825,8844.4381,8453.0760,11212.9975,8550.4741,7628.4389,9806.4628,13696.0460,13692.6276,6394.7946,6495.4341,4929.6364,11774.1776,9402.1481,10653.3390,13450.6689,7957.4993,9825.8404,12723.7003,9436.9860,13407.2937,11401.6907,1877.7491,9561.8774,12418.8302,8700.9524,13362.0848,10086.6892,13375.4931,13622.7656,12421.2096,9792.9510,4270.9540,11453.3130,10603.7873,10862.3625,12776.5842,12915.5332,3432.8800,0.0000,6452.5737,13574.7739,11228.6864,10732.5076,3737.0772,13344.1184,5653.3267,11523.6681,4647.6889,9834.3850,5742.8063,9572.3234,3957.7793,7776.3569,13693.3114,6665.6946,8359.7626,9317.6268,13615.3162,9859.6312,4572.1673,13649.6078,383743.5483,419606.1830,402707.5905,401746.3933,394421.0128,406382.7271,402706.8048,400611.9167,362296402.3356,362326439.3948,362270307.2898,362292614.9924,8554.0031,12116.1965,5091.2757,13008.9100,7918.7213,9873.6069,13129.1759,8349.1736,6546.2358,6736.7880,12824.1500,9359.1549,13442.2626,8896.4592,13468.5474,5067.1094,7747.5151,11811.9232,2935.3870,12043.9739,7463.1858,12332.2508,3425.2351,5842.1048,5009.0638,9702.6697,6735.3659,10936.7196,11920.9539,13149.7389,13307.4698,3483.2087,2892.4516,6404.0572,12373.2643,11563.5619,9451.3401,12205.4832,7083.0716,11328.1811,13360.5164,11920.4058,11684.0526,8939.0042,5852.0849,12291.1540,9812.4989,7359.9517,13626.8170,11191.0516,13527.4911,13032.6876,12052.3345,12447.4226,8337.1345,13277.8278,11972.2842,8233.1118,12065.4964,10654.3843,2879.3109,0.0000,3744.0863,12904.9603,13052.6142,10659.1388,2430.2685,13664.7818,7605.9113,10905.9328,3189.8456,11110.9395,5374.9361,8518.3221,7920.6680,11069.7282,12546.4423,5215.0179,7721.3513,7326.8540,13456.3021,6924.1990,791.8358,12814.2107,387163.6395,422992.7236,406144.9947,405093.1599,397800.4587,409813.9295,406085.1094,404014.4015,362298185.3540,362328222.4937,362272090.1454,362294397.8989,11896.1882,9150.0165,11480.0061,12983.1442,6980.9813,7794.4362,5891.6181,3433.8732,2774.6872,9555.5869,13098.8577,12014.8319,4212.4877,9147.2755,3962.4752,10628.9487,13148.8944,10509.2417,7779.2055,13031.0768,7597.4930,5734.9315,3252.5736,8092.4430,10299.6841,10532.3999,13288.5199,10601.6794,9059.8600,8909.7406,6049.2787,8744.9899,8819.0953,7990.3054,13724.5618,10955.5025,8587.9354,11535.0779,9092.5932,11642.8708,13688.8211,6248.6503,8270.5828,12114.9697,13135.8492,5066.3235,4298.4345,9558.2943,13274.9852,9008.0539,8244.6310,11300.8129,12988.0653,12544.3601,11589.2376,13223.1248,630.3735,10548.4338,5467.8559,10634.2660,0.0000,5935.9255,8983.2484,11119.8265,12272.0155,10310.7841,9655.5437,9230.0654,11228.4875,7672.6556,8601.9857,7169.1041,4101.6425,12907.1854,13275.9341,7444.3677,5947.5905,11786.8147,10186.6023,8896.8262,1905.5668,8222.7158,7251.9684,391841.6552,427521.7704,410713.3025,409676.0018,402388.1668,414518.7114,410842.3497,408676.9134,362303875.3034,362333912.6894,362277780.1192,362300087.9153,9107.3830,2119.9028,10562.6035,13050.7235,8250.0491,13496.8121,13222.5171,12977.9213,10529.1219,9585.7465,7735.6915,13179.7114,7680.8708,12650.0772,6465.7957,9140.1901,10803.4726,11587.4672,10000.9273,6427.7612,12257.7036,12729.1782,9595.9521,4533.3810,7455.1547,9393.3575,11402.7580,5610.6162,6337.9594,13178.1580,10701.3010,13637.6691,11136.4165,5821.3932,4482.1913,5088.3251,7135.7468,12098.4583,3799.2016,6753.6868,7615.8423,6665.3908,11319.8675,8452.9220,8619.9025,13505.1430,7220.6374,3708.8128,7906.5037,6761.6914,1104.1479,8541.9908,11378.1874,8692.2488,3687.8429,11592.4161,2297.9381,8173.9046,11125.7948,0.0000,13245.2148,5266.8799,9606.4421,2770.0673,11235.9926,7267.2711,13488.0619,2149.1822,13382.2558,12482.0438,13782.1626,13265.3448,10684.6161,9466.8662,6905.0560,13677.5836,6495.2063,6982.3124,7088.6691,12124.1211,12544.9703,7836.5752,393233.1888,429152.3215,412135.5432,411400.0383,403998.1986,415841.5307,412303.1620,410140.1571,362308091.2584,362338128.2046,362281996.3003,362304303.9619,10417.7455,9695.1537,12445.2300,12294.0301,11350.8213,9043.4870,8811.9801,13772.7935,10586.0003,13325.8531,11198.0156,12720.8237,7332.1637,3251.8608,12633.8997,4462.2686,13388.8475,8707.0194,10128.5513,5429.8933,7741.8249,1356.5432,5434.7739,2330.3603,11959.9262,13676.1381,11153.8914,11684.4027,7210.5778,2323.8519,10495.5541,13439.2491,10616.6571,5247.7213,9409.4246,3696.1278,13382.3603,11531.6895,11504.4394,9638.5690,4812.4772,8344.8054,12732.1382,7534.1486,10195.1055,12697.8476,8982.1528,12806.4589,11470.5602,8837.9846,12913.0252,10747.3359,13578.5089,10155.2845,8603.3626,8806.8296,8426.2961,5028.6508,0.0000,7472.6802,10721.4756,13760.3973,7315.2996,4729.1758,12775.1445,11342.9386,7299.4678,7833.2567,13316.3098,9545.4906,10932.6629,9810.5454,12118.2693,10623.1801,9032.1499,4312.7673,2623.8736,12246.4027,7907.7456,5730.5964,11525.3116,391481.1829,427369.4000,410476.8063,409484.1724,402168.8062,414115.3452,410410.0203,408347.7244,362302484.2836,362332521.3322,362276389.0351,362298696.7795,11387.8017,12351.7955,6583.8464,13054.0121,13093.8587,12836.2507,9241.5172,10166.8225,6585.8131,12596.1273,5903.9213,12811.4927,8122.4847,8971.5828,12055.0148,10395.1745,11068.6847,5238.7930,12801.4997,12785.9173,10695.5636,5968.5211,9069.1025,9552.8944,10561.2919,3888.3888,4540.6404,13559.1639,11844.4301,13737.9510,9850.8270,6525.0744,6204.9838,4214.6373,8897.1993,11221.5792,2144.3717,7039.8648,6700.7393,7498.1105,12275.3493,8146.4874,8410.5150,13215.4288,5385.2217,5224.9969,6129.3088,5089.4436,2114.6439,8117.9327,11869.0216,7529.4312,4506.5070,11263.4569,2409.2020,7692.1045,12331.4133,0.0000,13579.7569,3674.0618,8457.7245,4834.8463,12420.4603,5435.3062,13429.2901,3895.2399,13840.9289,11621.9108,13905.0186,12754.9730,11466.9054,9570.7066,5566.7105,13774.8283,8323.1550,8535.7043,5267.7657,12031.8614,13331.6548,6302.4651,393512.7735,429394.1434,412381.9199,411662.3445,404257.6077,416126.9969,412610.2865,410417.4809,362308940.4898,362338977.4925,362282845.5717,362305153.2356,10276.9910,13074.0582,10313.7945,11404.9309,11772.5942,10686.1822,2136.9086,9429.6753,11606.4962,12293.0674,10995.2337,9745.0888,5767.6329,6347.1409,11366.4900,1465.1354,13450.0641,10490.0334,11602.6388,10431.6018,11088.7873,9247.0281,4308.3312,8674.3874,12942.8773,12924.9795,9738.8948,9019.5548,7185.4356,11525.8763,6276.4698,10338.5150,13132.8497,8069.9345,9544.5246,10849.9459,6159.2571,13766.5682,12137.8097,2384.4067,6573.3224,13532.1267,11064.0825,12263.4291,7773.0837,12491.8124,13084.1703,11196.9732,6925.3620,2002.7936,9450.9622,8031.4183,12853.2089,11858.4001,13721.4098,6012.9957,0.0000,9760.2762,12882.1934,9521.7858,9390.8196,6484.4258,12208.2149,7099.8009,10571.8637,8207.6929,9875.8002,8676.0744,11508.7464,269.8298,4515.8056,13548.0396,9681.8316,8125.7584,9956.6681,12802.5174,12263.1693,8150.5818,13455.0642,383308.8535,419220.7422,402252.0920,401414.2327,394045.1679,405929.0687,402323.3524,400200.6083,362297614.6717,362327651.6257,362271519.7641,362293827.4163,8251.9531,2209.7206,5817.5003,6246.8547,5352.0001,9952.2771,8972.9272,3129.4961,8430.2326,7350.6813,13469.0798,9196.0499,11329.0317,3559.9307,11101.8656,10538.7807,9191.1605,7309.2705,11987.0221,13426.7077,13255.3030,9523.6020,4985.4872,10565.0499,9923.2006,7676.8037,11493.5206,5201.7098,4288.5530,12036.4741,13622.1413,11587.4985,13382.7163,3011.2852,11337.0865,11264.6489,10175.2883,12661.7623,10197.5032,9486.6050,10564.9477,4246.6912,8931.6557,13139.1931,8365.8992,9618.4765,12993.2982,9246.5711,8865.5855,7982.9538,12513.1100,7391.4763,12728.4132,10452.0526,11124.4400,0.0000,7393.0438,10794.0223,6951.6100,13638.0905,11078.2133,8904.3260,4482.1757,13281.0918,7483.8823,2261.7470,5459.2665,3408.8422,10081.1970,9413.8215,10106.9509,5753.3606,13518.9081,13298.8274,9218.8642,7473.1752,9390.9565,9000.5985,385900.0067,421569.7602,404722.7759,403779.8089,396460.8451,408572.1411,404963.3084,402747.0337,362300234.9165,362330272.2728,362274139.9725,362296447.7109,9293.8586,9939.2305,9670.5879,5411.1899,11950.1622,6561.3843,8262.2303,1861.0897,10584.7327,11607.5501,10010.8590,13586.6290,5496.3134,13311.5165,3824.2467,11767.6331,10240.4300,11899.1997,9844.3533,12167.5333,10957.3883,8027.6382,3180.4460,2265.5624,11934.1081,12882.3124,11862.1514,4873.6499,10530.3815,10482.9967,5209.2930,12507.4277,7646.3313,5886.7010,10191.9680,4468.4420,9446.2811,13602.8839,9397.6744,7094.1108,9636.1593,2265.8933,10491.0064,1623.4450,1910.9063,7824.7909,9088.3678,12593.6741,6452.0029,9526.9687,7923.0690,7141.7782,6055.9244,13724.1118,0.0000,11814.6590,3643.4176,6482.9182,10257.2953,13673.2827,2394.1309,11358.7116,9048.8533,12572.9312,7764.1424,11695.9619,8599.0707,13019.2793,10860.3860,3118.6350,11339.5403,12268.1733,11636.6696,1525.9263,9205.0035,13069.7136,1542.4942,392809.5949,428535.6265,411610.9187,410802.7863,403436.7444,415459.9022,411926.9482,409682.9036,362308175.2559,362338212.5201,362282080.3297,362304388.0463,3891.6551,4453.6949,7307.5450,10425.2948,10547.3810,2018.2634,9743.4590,5491.6167,12859.5121,10401.9230,10235.1419,5459.0503,10976.4174,10911.9175,7430.0554,5499.1747,10773.0108,13128.2701,12497.5260,10454.3115,6865.2790,11324.2239,10828.0531,5742.8137,10139.2392,4251.2628,6125.4406,12756.9135,13332.5238,11872.8377,12792.1565,5073.1528,12355.1795,12191.4784,10268.4294,12062.1070,9722.0901,10771.0182,10015.3609,2224.5379,10224.7641,13547.4857,9673.5812,10432.7177,13359.5107,10603.9551,9088.7560,9687.9276,13195.4434,6265.5345,13047.0841,10158.4924,10031.9281,0.0000,5436.8137,11451.1908,8777.7195,13737.6308,9903.1790,10225.2717,4165.3365,13373.5739,5746.5245,4391.3649,3676.7803,1966.6956,10131.3946,10391.7870,10580.8741,3704.4519,13046.4342,12585.2149,10303.5724,5956.6227,7773.0255,9724.0620,386142.8855,421813.4061,404992.9811,403989.7740,396690.6296,408819.6060,405169.4103,402981.4940,362299452.7411,362329490.1111,362273357.7134,362295665.4726,763.0322,9937.0460,11916.5683,12537.7452,3220.0536,10866.8873,1961.7948,11137.9033,12572.3494,8986.3557,8111.0976,11597.2562,10224.2070,4288.7318,1732.0652,8135.9625,11594.1076,10692.1050,12424.3377,10011.4570,11322.2361,11110.6452,3320.1823,7809.6865,6046.6169,8575.1037,13704.2058,11945.3610,11011.9154,11449.2522,8428.1291,13026.2425,13560.5752,9130.0645,9896.9041,10202.4155,12843.3624,7804.9451,1724.2000,11286.0533,13684.5110,10780.1646,10570.9535,12856.1353,12750.4126,10781.8136,11961.6803,13739.4562,3580.0286,12370.6119,8362.9183,8945.7505,0.0000,3088.3840,11268.8806,11323.6114,13104.6239,8626.5896,11341.9745,6766.7665,12519.5625,4743.3986,7847.2514,4034.6089,2767.4925,11292.8016,12426.3829,10087.9591,2663.9610,11837.7319,10680.7980,10947.3030,2528.2846,5977.2881,9753.6212,388726.8024,424411.5191,407617.7998,406544.7489,399268.1680,411405.4238,407703.2406,405557.0741,362300457.2341,362330494.6075,362274362.0575,362296669.8496,10082.6267,12244.1487,12617.4414,3493.5805,10696.0628,1841.3081,10873.6924,12847.1969,9132.6395,8260.0000,11898.6631,9761.0342,4169.2071,1321.3164,7834.1598,11226.3816,10476.0435,12733.3963,10350.7202,10971.8419,10796.5323,3640.9819,7722.1256,6719.6872,8673.3456,13786.2498,11640.6493,10554.1043,11325.0916,8783.8467,12861.5387,13696.3965,8592.9062,9407.3360,10583.9242,13062.8314,7163.6281,2324.0752,11107.9085,13623.2752,10600.7133,10228.1964,12554.8405,12966.3196,11231.6769,12086.6309,13698.0549,2878.6924,12013.1776,7752.5800,9141.0208,0.0000,3460.4224,10897.8712,11494.7041,12901.8367,8802.1308,11174.4273,7416.1150,12223.3549,5252.6475,8219.6549,4733.6087,3092.3795,11672.9815,12737.8569,9643.5364,3349.2919,11704.5093,10398.2109,10687.7467,1798.4487,6223.5076,9381.4509,389488.7483,425174.1132,408380.2701,407306.9629,400030.5125,412167.2153,408464.6580,406319.1135,362301124.0750,362331161.4505,362275028.8834,362297336.6791,9345.6817,4473.3150,7408.9923,4529.8630,11021.4216,13510.0735,6781.3252,13257.6100,2424.6589,11485.0264,8691.8273,12422.9223,10923.0489,13594.7484,12629.6756,13723.2071,7895.7306,2982.5038,7659.3234,6801.6743,11594.9707,13636.3989,9139.6784,2008.3760,9621.4005,12827.4553,9667.4555,13559.2098,3064.1209,7596.4183,8598.5106,9177.2045,12661.5307,11634.9256,6505.0553,10930.8665,8835.4093,4924.9966,11016.5847,4550.7273,6857.6260,10632.0071,6085.7543,9516.3162,3379.8284,9790.7039,9848.5776,10494.6696,10281.3561,13161.5816,0.0000,11394.1063,8090.0667,2369.6186,11990.0351,13245.3050,4817.8005,8094.2167,11579.2216,11395.1021,3564.1446,9926.2034,7798.3029,10542.1330,7711.3709,8151.5211,10242.2434,13388.4407,13591.2831,5803.6478,10548.8049,12621.9418,6787.5866,387502.8356,423218.0044,406287.6667,405500.7860,398128.0357,410152.7950,406637.2727,404377.0022,362303828.8646,362333866.1187,362277734.0675,362300041.7542,7565.8003,11613.7110,10934.1815,11722.9274,10133.5302,3715.1776,7900.9362,10415.9731,3021.0272,12638.7127,11491.1465,12227.9071,11280.8190,10963.6449,9881.4888,2227.6721,7408.6824,11821.6413,11738.2611,10783.8301,10230.4488,7921.8859,10471.7485,4736.7555,10270.8319,12355.8261,8684.6226,8643.1628,9343.4844,4268.4434,13173.7360,12216.8804,4386.8808,4503.6762,13410.8072,11422.1620,10858.5001,6841.4286,11157.3700,11992.4087,10313.6165,4884.2423,2460.6951,7662.7212,6682.7867,13012.1952,11027.6817,13404.6817,7654.6205,0.0000,10769.3149,11825.8239,7862.0652,8882.1470,8086.3888,10783.7864,7486.6962,10013.1442,9432.5064,9119.3675,9525.8423,11605.1206,2119.6093,2456.4931,12683.1514,10492.2178,8565.9874,10432.6893,11543.1656,12677.3978,9562.8057,12483.9494,383790.0757,419696.3151,402705.1901,401921.7590,394535.2170,406406.8009,402839.8260,400688.7848,362298979.5478,362329016.4991,362272884.7057,362295192.3432,10797.5421,4836.4753,13031.1921,12107.8017,4373.6241,12887.0160,6686.7097,9995.5584,8679.2584,13744.0359,13083.0569,13544.7938,11061.1980,12526.7725,5759.4602,5083.1958,6941.5038,6431.1453,13343.0518,13697.8771,11045.9944,6198.1727,6079.8721,11006.8405,8925.7458,11954.0904,6547.3924,4557.3983,5018.1467,9783.0182,12064.4030,11002.7561,3479.2822,11691.7954,11799.0535,4649.0916,7742.6238,5098.4216,6928.7317,8214.9323,3091.6166,8868.6333,1248.6079,6176.0339,12097.2591,8523.7652,10988.5561,12860.3961,0.0000,13232.4320,7286.4300,2489.7510,9342.9131,13068.6356,4502.0013,10109.4501,9323.4356,12930.3217,7245.0597,12107.4434,11081.2952,9371.8058,5601.9735,8402.9245,12545.6248,11565.7410,12423.1563,5826.0618,12714.9238,13495.8195,7653.1254,388013.9710,423829.3586,406825.0380,406134.9216,398724.2732,410637.0283,407158.9169,404913.7978,362305017.9590,362335055.0366,362278923.2178,362301230.8580,9061.8664,5025.2440,12655.5480,11363.7147,10886.7669,5276.3705,12114.3591,9720.9469,7222.3861,4741.2027,10445.1825,12619.1018,12410.4218,11555.7034,7757.8002,10392.0780,9906.1603,6034.1837,10235.2545,6054.1891,5836.9696,13311.0832,12998.1826,10835.2738,12930.1842,5882.7488,12058.9820,12848.2544,8889.3961,11252.7782,10996.4461,11563.6715,8644.5971,1925.5674,9579.4224,13772.6428,8942.1490,9401.8763,12886.5103,11364.6623,10568.5485,10006.1011,13415.7251,4691.3050,12400.3716,8749.2945,10785.9738,0.0000,5752.7085,10509.2382,9167.5805,13627.1294,10591.6834,9608.7358,6075.2490,12989.5531,6686.2697,5200.2044,4997.6218,492.2816,11451.7873,11492.5864,9359.7432,4419.6961,13164.2403,12336.6925,9439.5510,4741.1447,8362.2630,8514.4061,388049.8803,423702.9985,406892.0229,405879.7755,398585.0420,410729.6613,407078.0332,404884.8850,362301134.4077,362331171.8130,362275039.3432,362297347.1172,11491.1154,11760.4498,8616.8283,13618.0581,5433.2950,12607.2544,4873.1981,12556.1548,11253.8254,12510.1791,10049.6973,12337.3155,9702.7715,7079.8434,3408.8148,2446.3795,12575.8118,13316.3298,11844.1839,4721.8508,9291.8693,10519.5087,5844.2232,12422.2508,7167.8854,4675.6717,8813.1257,5876.4975,10142.1358,13129.2176,7906.4781,8427.9610,10406.1138,629.2268,9591.8868,306.5711,2681.2484,7487.5287,7573.1354,11793.6454,4830.0160,8401.3053,9265.3452,7062.1877,7439.1477,13720.9552,0.0000,12456.1170,3947.1646,5058.2232,9814.4407,13743.3114,662.2447,11185.0651,8851.0469,12929.1683,7473.3591,12033.2745,9406.2959,12239.3983,9588.7936,4317.8222,11900.2684,12110.6798,11892.0957,1366.0327,10385.4677,13447.5798,3127.2898,391785.4718,427534.9464,410582.7170,409820.4975,402437.8915,414427.2227,410918.8137,408667.7726,362307804.7469,362337841.9588,362281709.8850,362304017.5775,9714.5398,12829.3253,7581.5456,9458.7194,10950.2825,10201.2740,2353.1032,810.9500,6372.8298,10462.0526,9170.0895,12515.0526,11012.9836,11438.1835,11398.7781,2190.8452,6027.9790,6550.1006,9842.0492,13358.3956,10768.8789,10715.7868,10048.6299,9675.3371,13019.9464,13425.6245,9082.8629,8691.9895,9546.5208,13100.9430,7238.4378,3529.5825,11829.7413,13020.5623,11435.7028,10883.4358,12264.6193,13071.4063,10706.0123,12616.0717,13318.5917,3779.9668,11817.7262,8026.3250,7617.6522,0.0000,2144.3942,11285.8608,12135.2813,12192.8052,7230.4135,11896.7368,7500.2981,11668.5725,4136.6412,9193.7000,4462.9106,4602.0972,10922.5378,12555.8938,10213.7678,3069.9225,10509.2676,9194.9554,11415.2675,2237.3060,4587.0769,10192.8027,389314.8460,425036.3171,408235.3366,407152.8941,399877.1534,411987.5630,408268.5296,406148.3993,362300512.6518,362330549.9732,362274417.4292,362296725.2211,11778.5585,6273.2794,13636.9937,8641.1488,9097.7709,8229.4456,10018.1051,4177.3061,2821.6498,1227.0356,11245.3903,13651.6265,9749.7628,10448.9773,9805.4020,5360.6270,12134.4434,13514.2632,8783.2359,2208.8550,7934.6802,2173.7555,13753.8953,9537.5362,9933.6225,9103.9530,3946.9582,9111.6021,11657.4105,7750.8982,12059.2328,11580.7772,6529.5039,11897.8308,10415.2661,6274.8612,11864.7637,11029.5338,12641.0331,7873.0806,10106.2046,6481.9476,8286.5513,6813.6431,0.0000,10015.8323,9264.5855,13107.8348,4379.2830,6744.7267,11655.6192,12676.3275,4501.9324,10220.6034,13857.8275,11613.5541,12497.8470,9908.2045,11410.4146,9704.1665,11266.2479,2196.3317,732.8166,11168.8668,9860.3402,8396.9628,10821.2025,392601.7861,428533.8536,411587.3006,410685.1615,403337.3422,415220.8270,411564.8950,409486.6563,362304619.8081,362334656.7712,362278524.6316,362300832.3438,10825.6752,8510.7295,6632.0582,11546.1163,13153.4961,13139.6878,13122.2774,11733.6466,11846.3171,1542.1718,5140.7487,10235.8520,9927.9396,12405.5429,12558.8229,9172.9375,8391.8506,4603.4835,11286.2509,11517.5090,10856.4436,6949.4420,7472.5842,3187.5276,12363.8883,12972.8358,7787.1472,1085.7235,13419.6443,11789.4741,8518.8755,7269.7810,8857.4146,10304.6082,9873.3860,1349.8282,5139.4048,4426.5723,6209.3688,13177.1992,10497.1872,13079.0446,10650.4773,0.0000,12320.9001,10409.5184,4773.4186,9528.7655,10992.8617,8401.9347,8262.3154,10259.1551,11358.5933,7646.3781,10805.5106,11512.0101,5689.0162,1334.0612,11422.4864,11668.3822,10577.2422,12114.3712,9493.7312,13264.5027,11903.1968,10894.0932,384586.2208,420451.2109,403442.9303,402727.0372,395321.1197,407204.0424,403694.6599,401488.9845,362301124.5600,362331161.5593,362275029.8162,362297337.4418,13003.1175,5449.1579,12547.2886,5891.1353,8292.5573,5160.3943,8621.2391,5185.3150,9757.9946,12201.1631,13062.4632,13339.2958,6252.4329,3121.8907,7794.2105,13215.5482,9758.5958,8039.0578,12070.5112,4930.0350,12103.6312,12510.7283,10357.8075,12237.0080,8691.7118,4402.8196,11285.1217,10642.0752,9630.9963,13648.5090,9235.5434,13738.1367,13218.7550,10934.2577,11537.8603,7424.1011,12953.0380,10274.5131,10142.3342,11219.5054,11368.1143,596.4368,0.0000,6478.5152,12776.8204,12969.4830,8895.7480,606.9431,13674.3046,8721.3701,9587.3336,5588.5768,12077.8008,7513.9528,10586.2594,6441.6358,9941.5364,12859.9528,7676.6388,5564.6386,6062.3328,13585.8042,9100.6827,3649.3093,13292.8617,387026.7456,422922.2997,406025.4754,405037.9106,397719.9529,409659.3827,405955.4636,403894.5822,362298551.4759,362328588.4973,362272456.3130,362294764.0336,12128.9491,8654.6969,11175.9359,9264.0037,12994.6485,12893.7347,13741.1418,9358.4720,4100.8248,8203.5209,7362.1332,10232.1831,13026.7205,8229.8987,771.0170,11195.7028,13209.6816,9866.6059,13826.6452,2710.4108,9094.6261,10326.1798,8694.5492,12406.2168,11850.4402,8406.2287,10089.3196,6914.0135,5983.1634,12286.1936,5339.5630,7155.8306,11509.7123,8042.1251,10123.5979,5675.3230,11295.2038,8172.7029,11181.2407,9562.5872,12902.9230,0.0000,9996.7938,8580.1771,4680.4041,12858.6899,12898.7427,5936.3347,7343.3262,12275.5395,10276.8450,2599.8082,8594.7327,5713.9005,11206.0962,9202.5427,8073.7936,8708.8988,13774.2398,13587.4885,6433.3915,8878.5714,11725.3033,6645.6985,387810.6362,423485.6657,406598.9363,405741.8596,398394.7091,410473.7530,406921.7617,404670.0853,362303292.1193,362333329.4531,362277197.2494,362299504.9674,13268.1269,10158.1205,11575.7920,9572.3282,10187.0791,8106.7173,5216.9404,9731.3418,12868.0847,12965.7443,9709.5393,8192.2496,7947.9248,12249.4042,6097.7809,9352.7407,12789.2108,6829.3765,10530.8240,10797.8696,6341.1984,13572.1831,11354.5695,2253.7270,7289.2210,13154.3277,11470.0148,12536.6344,7097.8700,12811.2599,13122.4216,10626.1840,7666.1588,3421.0842,10153.9072,7662.3567,12832.1920,11327.9657,13411.9435,5191.3213,0.0000,9778.3029,12741.9615,10336.9077,8507.3114,5693.8578,12496.6123,8056.3566,9799.4222,8324.5436,10837.1125,9133.9481,11987.8169,1715.3413,5448.3269,13448.6542,9984.4709,6899.4855,8877.8764,12971.4995,12208.1137,7826.9437,13537.9443,384208.9003,420142.0357,403169.9406,402325.3133,394957.4263,406824.7282,403208.1018,401101.9360,362298106.0525,362328142.9767,362272011.1062,362294318.7610,10771.7957,9867.6180,9718.4440,6904.3283,9857.6172,12163.6315,10789.5036,2184.8017,2723.8579,11684.7355,11270.7995,13007.4850,8178.0501,10551.5447,7804.6615,1712.1202,10507.8329,10461.8314,5910.8839,10768.2735,1673.7077,6285.6088,13648.2031,10927.6096,4429.5128,10554.3896,4809.4807,9449.9903,4830.6984,2261.7129,5588.2939,10759.7506,13504.0616,8973.0843,9010.6029,7432.1922,4514.7962,3275.2204,12840.7713,0.0000,11663.8749,1888.9270,9297.3844,8228.2123,12725.1135,4974.1710,12876.6677,6575.3051,12653.4178,10528.9522,12436.8737,9900.3385,13462.9900,12143.0592,774.7427,11819.1916,10251.1752,9097.5091,3632.2678,8667.1976,12444.2053,2436.3042,395250.7928,431028.6437,414100.0928,413263.3786,405903.4002,417895.6951,414328.9565,412127.4756,362309485.2450,362339522.4480,362283390.2054,362305697.9347,2945.1397,4504.9163,9479.3355,7503.6242,12625.8840,12227.4670,12037.8006,12177.3373,2362.9931,3891.1593,7359.0946,11492.7481,13015.2869,9652.9519,10924.2472,8464.8185,11186.3788,13283.9726,13320.2330,9741.3338,7811.1671,8769.2289,13447.7056,7497.1120,5712.5457,12797.4220,12359.1309,12543.6494,11729.4107,11903.9788,13498.2705,10610.7001,13502.7517,12958.9248,5353.4464,11569.0886,8471.8051,6026.5016,0.0000,2620.3161,11787.3360,13190.1775,11320.9750,5558.2645,12868.1910,8476.3340,10973.7231,4088.1029,10814.5029,5488.6117,6816.5269,10466.8743,12712.4578,10945.3190,4428.9636,9029.4302,7648.7305,12363.8088,3903.3116,3183.3062,11231.3482,389570.7112,425340.3330,408526.6558,407439.3867,400162.3437,412234.4928,408498.3419,406409.2968,362300236.6823,362330273.9306,362274141.4184,362296449.2050,6710.1998,10571.1540,9551.6751,12911.0021,11114.4941,11184.7293,11127.3169,2979.0722,6609.7692,7062.0123,9632.4559,13691.7266,10961.2643,10474.5700,10495.2637,9696.1020,13001.1463,13741.1007,8670.4026,8672.6405,10240.6121,13362.0252,6843.9771,3426.0847,11612.7314,13315.3557,11178.8916,10573.3752,12289.1044,13307.7169,11272.6218,12653.8943,13556.9015,3092.0146,11769.0567,7610.1416,8350.8801,0.0000,2907.0636,11042.2263,12159.4122,12418.6353,7965.0780,11686.6259,7922.6813,11776.6190,4894.2653,9188.8461,4986.5599,4339.1329,11527.7786,12940.9978,9853.5413,3552.9186,10926.8340,9493.9447,11140.6759,1524.7580,5385.4359,9809.0371,389866.3318,425574.1509,408778.1342,407694.0387,400419.7841,412541.4965,408825.1729,406697.9463,362301087.6716,362331125.0164,362274992.4448,362297300.2422,5839.0437,3497.1364,12541.3663,13660.6477,10955.0316,11451.0213,6531.8316,2385.9033,10329.0914,13068.3656,11409.8443,5912.9542,9164.6371,4952.4792,13169.2692,11789.4004,12197.2309,9024.2481,4537.6142,9018.2878,13207.2993,6659.1838,9421.4577,12539.7058,9847.7980,12564.2549,11151.9952,9203.3077,13345.0185,11283.7975,13715.9759,10879.9492,7522.9641,8996.8381,7661.8715,5672.0615,0.0000,6792.2035,10530.2048,13814.6249,8111.4793,5291.2315,12627.5829,11219.0295,7814.6696,7491.8522,13031.7912,9119.5020,10164.9647,10518.8092,12679.9203,10183.9337,8414.3807,5511.0483,3484.9561,11998.5254,6802.2412,5518.2738,11062.5646,391957.5807,427816.7516,410944.2922,409926.4033,402621.1458,414599.4458,410885.2213,408817.1982,362302744.2589,362332781.3610,362276648.9862,362298956.7463,3984.9624,11558.5124,13339.9556,7525.7760,8362.4325,11047.2302,7508.8364,13173.9680,12629.4205,8642.3104,1191.1162,5497.3329,4633.9000,13469.1756,7717.9400,9732.3417,7169.9342,2786.9590,10880.0793,11367.1522,6458.0981,12423.4016,9799.6354,6151.7493,10180.4105,8369.5783,3989.4064,11496.2192,12139.3733,11706.3623,7121.2103,9809.0723,3943.0069,6656.0290,9110.6301,0.0000,11203.6122,6985.8898,12291.4877,3489.4246,9043.8959,9894.4075,13500.4974,2430.7265,11679.6197,13615.7705,12661.8690,12555.1507,11229.0130,11681.3050,7590.6080,12215.3737,4290.8824,3108.2256,9242.7742,10021.9384,10230.1947,8914.4007,394370.8549,430284.9463,413323.9398,412465.9646,405104.6518,416990.9876,413370.6665,411260.5096,362307125.8096,362337162.7985,362281030.6713,362303338.3802,11186.7584,13653.0131,10555.2889,11186.1055,9048.9281,4309.1318,11496.7973,13685.9006,9105.8839,3397.0086,8827.9606,1721.9286,13692.9341,10328.9257,10201.3904,9739.9116,4631.5613,8361.1038,11837.1059,8168.3829,11645.9190,12202.0450,7109.0450,12468.9153,11117.3788,7324.3578,12060.5621,10558.0599,12976.9436,8473.6847,10008.7797,7536.2182,8818.1971,5747.2990,0.0000,9279.3673,10096.4164,13360.3813,5297.3677,5654.4963,12270.7969,12141.5042,5595.2819,9384.7206,13761.3225,10937.7317,12212.6732,9408.0404,11361.7211,10420.6856,10619.6310,2171.9423,1050.5120,11831.4049,9569.5411,7423.7059,11436.8567,391766.0120,427695.0641,410760.9258,409833.2725,402494.0278,414387.2900,410714.6939,408646.6739,362303466.2845,362333503.2550,362277371.0913,362299678.8086,6006.9082,11036.6970,10820.3598,11859.2048,11764.1989,8631.5453,9324.3191,4420.4244,10994.9215,12023.5338,10086.7520,7618.7693,8317.0609,3290.8201,12875.9438,12838.0004,6451.1814,2452.5014,13605.4311,11729.8107,9612.6478,7050.4252,9938.6153,11152.9386,10152.4726,2818.9384,3857.4321,5830.3602,6329.2188,13274.1145,10838.2500,13399.4679,9547.0592,0.0000,11799.1151,11141.5713,6095.9031,9325.9463,9930.6025,9511.5050,7866.8299,10259.4883,10651.9275,8235.8266,10326.1444,11641.0078,4239.0364,254.4333,12108.6127,11267.3002,9861.6424,11576.0724,10480.5941,13181.8910,11067.0185,11709.2542,383991.1008,419875.7809,402871.3348,402132.9918,394733.0665,406607.7008,403077.5329,400893.3274,362300068.8374,362330105.8109,362273974.0632,362296281.6904,9823.9285,9122.6841,11015.3323,13193.9152,7395.1900,4234.6128,8975.3707,13296.2909,11509.2678,13235.0939,2091.1891,8919.5185,7771.5410,11198.5747,13579.9516,9763.7994,5328.7837,12427.8004,8744.3317,7361.2628,10904.4745,7166.4434,9217.8868,11709.6112,4989.0729,7184.8873,3948.6035,9812.3276,10863.5061,11811.7957,12009.0368,11986.2025,0.0000,10810.9186,10159.0898,2847.5399,12313.0146,12148.9321,7247.4786,6131.3546,12334.1077,10288.1657,2885.4734,8791.0207,8042.7989,8487.1192,5805.9025,10374.3167,9524.3381,13128.8032,13750.0221,8276.2491,11145.3797,11696.7583,9232.7246,384799.3271,420540.2584,403605.6880,402810.1708,395438.1104,407446.7775,403918.4063,401675.8574,362301069.8262,362331107.0352,362274975.0510,362297282.7242,1026.1133,12692.3007,12272.4973,13183.0825,7606.3316,9330.9414,8211.2752,2639.2436,10872.0992,9864.0185,4045.5354,9408.4741,3779.9113,7646.5243,13520.5918,9484.9141,6459.8699,11379.2180,3118.3154,8559.9850,3462.4851,1342.3656,5025.7800,9288.1424,12940.4812,7381.7665,7773.3963,8966.8459,4240.5445,5377.1628,13308.2950,0.0000,12651.5485,597.1451,7891.3116,7892.6967,13278.7186,3269.6902,12842.2718,6467.4961,13355.9880,10087.3291,12994.1169,10628.2951,12953.6188,10994.0485,2075.4360,12610.2330,10503.4387,9895.0044,2151.4999,10129.2412,13278.3533,2571.7612,394361.6650,430154.3192,413194.7578,412417.9872,405037.4634,416998.0132,413467.7455,411248.0668,362309540.9106,362339578.0709,362283445.9572,362305753.6595,12656.2822,12642.7591,12855.1078,6732.4370,9490.7229,9005.7947,3559.1826,11463.0844,9125.4106,4219.8268,9402.6116,4109.7541,8399.4399,13558.7172,9182.4819,6880.7960,11027.2862,2220.3401,9026.6530,2470.6912,777.7873,5859.8857,8941.4424,12766.3408,6750.1506,8106.7262,8887.2291,5164.9126,5784.1029,13545.6354,0.0000,12589.4758,1597.5805,7175.4815,8604.5498,13522.7795,2383.8818,12429.4570,7290.8572,13270.8303,9352.4284,12734.7400,10179.3719,12915.3008,10755.8241,2323.6680,12393.2054,11117.4335,10577.5302,1135.1789,10087.3474,13382.7572,2065.3623,393798.5780,429573.1405,412618.5065,411843.5089,404463.5493,416437.7283,412913.7148,410682.7881,362309211.2456,362339248.4309,362283116.3158,362305424.0178,5375.6519,5297.0943,10676.7987,13052.0779,11123.7012,12034.7601,9675.7439,9859.0318,13679.8585,13112.3877,10751.4339,9657.3885,8020.5522,12838.7596,8971.3301,4258.7154,12881.2823,12927.8896,12560.9126,12232.7418,12951.8320,12868.2472,9480.2187,12921.2314,13335.3476,5893.9868,12696.9919,9760.2067,6160.8211,0.0000,327.9393,12540.4971,12432.7513,12377.4760,5790.4890,12926.7595,6513.8297,12187.9910,2104.6885,9425.5933,3246.9797,5585.6149,9660.0347,11923.2905,11725.7523,2255.6843,10209.8487,9321.8274,12635.1266,4411.3963,2811.0606,11687.8819,387492.4905,423238.4858,406432.1571,405344.9513,398069.0759,410161.0380,406431.7596,404328.1788,362298604.7145,362328641.9918,362272509.5046,362294817.2851,8869.3160,13208.4939,11276.8737,7292.1666,10834.0810,5131.3327,12735.1757,12639.5690,11954.7864,10641.4974,6697.6125,7252.6817,12836.1280,8481.4712,8937.3660,13382.1789,10177.7137,13386.0327,12380.4322,10514.9548,13012.0091,9865.2295,13763.1169,11218.6205,8263.9998,10489.9919,9424.6851,3572.9123,0.0000,5667.0123,11915.4744,13759.0252,9005.3710,3112.6349,13445.1824,9901.8242,9123.3859,5838.1815,12587.1911,7796.1418,9902.3168,9094.3370,11917.4328,11645.5542,7339.7405,5828.4209,4825.0689,13030.5619,7203.5091,3544.3454,12281.5953,389671.4717,425533.9378,408667.6173,407634.2502,400333.7724,412313.3803,408587.4926,406528.8279,362300414.2070,362330451.2985,362274318.9545,362296626.7081,8808.4542,11473.7388,13004.9319,13498.5524,11369.5599,6554.0989,13079.0047,10980.1308,12600.7419,12669.7670,6272.4763,9888.9387,11990.2922,5141.2230,12170.0929,12558.5313,11878.6933,12635.1569,13764.6790,9892.6988,5945.8138,10351.2656,12490.4471,8943.8167,13796.1141,12322.5701,7393.4271,0.0000,5092.9903,13224.9807,9625.9206,13170.6868,7407.1784,12144.5189,1441.7040,13390.9713,3758.1117,6252.0033,2329.4294,5842.5197,6981.0393,8636.5222,12852.5901,3791.3557,11704.5538,11931.6706,12453.9792,8092.2147,5880.5494,12283.7957,383408.7151,419155.7010,402307.6412,401312.9738,394005.6245,406072.6397,402406.9831,400258.5032,362296550.9558,362326588.1994,362270455.9439,362292763.6750,10927.0005,12966.0587,9395.3000,13762.0279,3184.8301,8509.1060,10066.8835,8329.4410,12219.3041,12101.1275,8190.8249,9925.7326,7473.3749,5274.7916,11973.6715,4625.8343,6560.5045,11053.7413,7810.8804,10358.8566,5232.3692,10921.9985,8357.7304,10716.4741,9318.0356,13140.5497,0.0000,10455.1742,8010.7882,4318.3758,12541.8431,13144.0637,5224.1637,7927.2023,11913.6506,10762.0150,3221.2097,9173.7722,6272.5617,11377.4191,9165.6742,7577.8599,9257.1767,13669.8344,13492.2175,5764.4569,9157.6496,12094.4379,6108.9739,388307.9674,423989.8384,407093.0467,406253.8226,398900.4495,410968.2377,407426.4486,405170.7501,362303972.2702,362334009.5911,362277877.4106,362300185.1238,7955.4898,9844.6641,7875.0466,10385.7452,5924.5859,1532.0085,11561.9008,10645.3363,8011.2806,4235.9580,12370.1159,13478.3842,8956.6638,2943.3503,9576.8361,9965.4068,6803.7634,4601.7194,7089.6677,6921.8387,2241.8179,13550.6532,7795.9441,12099.3609,9800.9489,0.0000,13076.3357,9277.8446,7796.0059,5653.5130,10154.4774,8895.3536,11044.6219,6870.5849,12330.5814,10966.8015,12551.5481,13384.4641,6396.8252,4549.8656,10727.7450,13092.8473,7361.6660,9320.0051,9580.1702,13651.6465,11937.9754,10877.8722,387563.7948,423507.4503,406466.9872,405769.0886,398353.0293,410163.5313,406643.5725,404478.0587,362303383.1973,362333420.0770,362277288.3745,362299595.9939,6413.7888,3690.2389,13555.2341,7847.3934,9144.8663,8146.1703,3745.7257,10174.5427,10967.9791,7454.8827,12721.8046,10250.9976,5381.6227,10675.2670,9074.2504,4219.8457,11142.9121,11530.2779,11687.7274,6567.8105,10473.1088,4498.9814,7679.0195,8523.9640,0.0000,11290.1610,7704.2988,12306.7415,2730.5523,8511.4886,10329.5261,13334.3126,2395.7085,11561.8396,13739.5573,12639.1195,12920.8679,10498.1395,11137.0195,8455.3609,12311.7707,3243.1174,2737.0635,9824.3076,10557.9877,10031.7978,9679.1182,393560.0694,429494.0903,412522.5005,411674.8792,404308.9786,416174.9544,412555.8521,410453.2137,362306384.5791,362336421.5303,362280289.4566,362302597.1548,9436.3671,11395.8381,5454.6502,10284.3774,2837.3730,5313.1590,13353.3971,10873.6008,4712.5389,11462.6572,5629.0858,8351.8238,5880.3312,3427.8261,4129.9289,10770.5022,13434.3037,9417.3015,8099.4439,8323.6252,2963.0253,3794.5696,12414.1436,0.0000,12055.6669,2062.2636,9912.3938,6842.8731,12320.8812,5777.4191,13434.2569,5078.0606,12932.3794,11524.5769,12983.9680,10967.4951,13179.6530,12032.6746,2440.1728,12412.0821,9110.1347,8013.8165,4631.0552,9370.8575,12424.6625,4008.2695,395586.3959,431403.7051,414456.0128,413634.7299,406267.2203,418222.9073,414655.5217,412470.1643,362309706.3354,362339743.4742,362283611.2857,362305919.0046,13514.9478,9990.4945,9045.4774,10608.9660,5964.0398,7420.7319,10884.8370,9400.4969,12208.7147,12245.6032,5984.7879,12588.6249,11496.7969,7263.5004,11159.9032,9569.6083,12465.6101,7477.9662,11060.7046,7738.4090,9914.1323,5421.9067,0.0000,9888.1188,10454.2986,12918.3654,4677.7661,5493.1266,12293.1359,11913.1664,5550.3969,9648.8307,13666.6523,11154.1765,12753.5870,8260.1646,10281.7493,11036.3942,11066.4737,772.3700,2523.0798,12043.7435,10615.6540,7796.3883,11947.1244,390622.6150,426575.3555,409618.2084,408726.1848,401373.7188,413236.2000,409581.0786,407510.8834,362302826.1717,362332863.0924,362276731.0319,362299038.7279,9791.2000,9349.5031,10577.2812,13275.6329,10169.3191,7152.2577,11608.1266,7031.4912,7588.8201,11961.2236,7173.7020,9044.3899,12232.3086,6837.0484,8025.7530,5417.8929,11018.8073,9431.9670,12147.7401,11256.1653,11894.1847,0.0000,9618.2798,10187.5818,4262.0519,12975.8929,11970.9495,7508.4398,5377.6256,12784.2482,9351.6071,804.7176,7587.8963,6201.5666,9347.3437,7451.8073,9995.2527,8164.6169,13498.2397,13743.4583,8265.8750,9719.5245,10994.4712,8762.8284,385327.0422,421029.1404,404131.6006,403279.8001,395928.7380,407986.0827,404430.3187,402190.9004,362300948.1626,362330985.4460,362274853.3283,362297161.0287,5980.8211,7397.4245,9071.7253,12022.0723,6547.7279,9410.2739,12865.8596,4116.9417,5665.8925,4954.9171,4902.4425,4110.7545,6440.2200,11040.1983,5560.3873,4360.7597,11531.4369,4404.3737,8615.1978,12693.9580,0.0000,13655.1469,4139.5966,6575.4944,6219.2431,12827.6925,4105.5683,12560.7454,5678.0763,13760.6541,10282.4751,13521.7033,12274.2814,10891.9398,8287.1645,5968.5331,13556.4170,9451.3299,9932.8980,4499.7414,12321.0253,13600.0732,6125.4408,392013.2239,427873.6555,410857.6683,410161.6292,402750.4296,414628.8092,411133.9624,408918.2725,362308149.4750,362338186.4987,362282054.6276,362304362.2803,11785.1197,11515.8142,8111.2607,2758.8437,12787.0660,13145.1364,8521.3523,4372.7997,9097.9403,9886.2478,7676.8777,3144.4867,6558.2010,5769.0647,3304.6367,13583.6229,8556.8736,12449.4604,10329.7755,0.0000,13099.4404,9449.4133,6611.6008,6958.5532,10686.6602,8435.3795,10378.0032,7966.2155,12292.7762,9987.4544,12247.8207,12958.1299,6221.8713,3363.0661,10835.7870,12889.5614,8593.8883,10414.4215,9310.4217,13722.3137,12206.5855,10748.1937,386671.6835,422592.5270,405555.2701,404866.0142,397448.3717,409275.3556,405767.8799,403584.4765,362302926.8315,362332963.7424,362276832.0502,362299139.6667,5889.5417,13690.1482,11857.3148,3035.8681,9625.7252,5960.7919,10432.8746,5780.3972,3469.8304,6736.6360,11694.0999,13776.0785,9925.5192,10157.2701,6055.0303,5640.4090,1808.4952,12537.2163,0.0000,10731.9880,3531.4330,10079.3619,9028.1837,12356.1856,6123.0257,12605.4287,7375.1962,11940.3956,10518.7268,11752.4423,9028.9719,13769.0207,12861.8065,1835.1787,10966.1770,10467.4549,8969.0953,4784.9985,7362.9115,11743.1928,2989.1730,395403.4069,431159.6013,414259.8236,413373.4076,406031.1117,418056.5066,414462.0430,412270.5490,362308979.2294,362339016.4792,362282884.1343,362305191.8846,11527.4205,12682.0117,4197.5795,10972.4754,10039.6172,8526.6346,10194.8156,8150.0850,5886.7182,12745.3339,12930.5806,12480.8209,9290.7647,7718.8069,5311.0314,4771.6083,9188.6245,0.0000,9815.9846,7107.7917,12837.7715,6121.0607,8969.1574,10160.7252,13149.7701,4860.7875,10741.0793,13260.9047,11698.8275,11148.8926,12236.2360,12938.3714,6945.9878,10953.6092,5958.4607,3654.6369,9248.7078,7956.3676,9350.7154,8291.8892,395075.2884,430937.5990,414023.9239,413095.1299,405760.2527,417711.5581,414057.8204,411949.0997,362307035.7088,362337072.7999,362280940.4960,362303248.2409,8546.1380,12947.0818,10089.8814,13160.4830,8861.2251,13291.9820,13593.6722,11783.0832,8846.9962,3356.1825,10941.4142,9409.9605,11938.8507,12304.1838,13343.3429,3955.1774,0.0000,8085.5262,13397.8384,10885.1071,9851.6611,4419.3768,13130.4658,6667.0251,10893.7056,6414.1683,10323.5004,7361.7655,10802.8184,2403.9372,6637.2135,13789.1581,8287.1715,7700.2533,9170.3726,13510.7646,11095.5768,6097.8278,13798.9558,383636.2700,419534.7926,402602.0096,401692.8377,394348.1357,406264.4564,402613.7930,400516.2680,362296849.5209,362326886.5125,362270754.5227,362293062.2018,13104.9585,12104.0252,7754.0099,6839.2322,8163.1104,9614.1360,9196.1286,481.1774,6102.0849,3754.8147,5585.1264,13157.5475,9822.7809,12681.6135,11160.5256,0.0000,12757.5077,9675.6446,4351.4516,9098.2577,11483.9404,7632.9000,8988.0869,9740.3285,11938.3389,7872.3207,11386.7364,11739.0764,6520.0714,2296.3737,10802.0202,12146.8584,10544.8568,12022.1042,8762.7374,13365.2273,12405.2573,10290.5919,385469.4416,421334.9164,404318.5274,403620.6733,396209.0113,408084.9896,404587.6127,402374.5624,362302195.1196,362332232.1154,362276100.3829,362298408.0063,8797.0825,8546.5343,10957.0507,8355.2913,6294.9710,7729.9776,13020.6242,13724.0032,11785.4934,11131.6192,4614.1902,6741.2684,1249.7272,11000.0271,0.0000,9017.4724,6093.6676,11845.0637,9142.1086,10716.2586,8692.6520,12341.9902,7623.5054,10463.0193,11425.5797,10720.3178,8619.5969,13549.7539,13634.9443,4780.1785,9705.9791,9452.9942,7397.1262,7514.8240,5562.4841,9897.4242,5788.4160,395335.1328,431100.5624,414231.7958,413269.2442,405951.4281,417992.6188,414343.5419,412192.6574,362307556.5857,362337593.8389,362281461.3842,362303769.1583,10868.3264,13814.6742,10317.6967,10531.0428,13227.8175,11974.8755,10161.3584,11087.3492,13685.3651,4616.7808,12800.6456,9158.1487,9508.9560,0.0000,3959.8130,11411.0501,10317.7168,13563.3161,9268.1897,10902.3848,5606.7710,13056.7604,5012.1397,6390.0078,3505.3558,1441.6767,10918.1620,11703.1815,10315.1106,2617.8439,12543.6269,11676.9233,10693.6838,4000.9665,6753.6571,9718.7234,387573.8553,423244.6177,406444.8649,405395.1279,398111.5693,410253.4867,406571.2689,404405.7298,362299942.3927,362329979.7778,362273847.2770,362296155.0581,9198.3369,886.1547,2629.3238,7053.7004,7435.0341,11843.7972,4802.1365,7976.3062,9643.9640,6668.7537,7544.4252,13765.0381,0.0000,12773.6834,3662.1097,5183.1689,9441.2723,13800.7145,171.4853,11518.2400,8487.1168,13211.5144,7932.0116,12394.1833,9910.5168,12221.4037,9504.7719,4317.8553,12277.4879,11899.7776,11746.4556,1284.5593,10746.7058,13640.6424,3327.2136,391976.1929,427738.7255,410776.3845,410027.8080,402639.9335,414614.3548,411111.5284,408861.9932,362308089.7462,362338126.9351,362281994.8909,362304302.5775,9857.7026,9454.3209,4687.9382,7122.3963,8941.5082,8674.7932,1758.6744,12985.2497,5814.8224,10765.5422,9453.8440,0.0000,13009.2772,8329.7001,9575.5662,2836.5000,9724.5928,9188.9293,12400.3066,4326.5377,12574.9430,12430.1365,13157.9474,13803.0210,7942.9368,7195.3513,9822.8715,13408.7690,5313.7440,7161.8090,9458.5161,13123.5873,11688.4219,10421.6176,390066.6735,426029.0587,408994.2144,408270.3487,400861.9572,412664.6929,409121.6116,406979.6489,362305034.7922,362335071.6559,362278939.8786,362301247.5146,2629.8485,7682.1396,7825.7693,11970.7172,5044.6435,8686.1788,9138.7874,7218.2707,7355.3600,13841.3810,0.0000,12437.2690,4005.3616,5215.3906,10032.1656,13853.6704,937.6260,11225.9527,9035.0746,12949.9979,7452.2014,12027.2535,9293.2053,12435.0023,9823.3042,4240.9508,11868.0402,12288.6613,12013.4714,1350.6654,10287.8848,13493.3807,2964.3783,391894.7497,427637.4246,410689.6695,409922.1371,402541.7247,414538.1183,411027.9997,408775.4525,362307871.6625,362337908.8865,362281776.7958,362304084.4917,6207.0809,9371.5746,12894.1090,7145.3086,8622.0587,8229.5447,5416.3187,5176.7808,13428.9763,0.0000,12162.4036,1766.9149,7458.5684,8894.5595,13377.0650,2799.6552,12258.2859,7515.6054,12944.3188,9205.9702,12391.9642,9671.4930,13068.4519,11090.3066,1714.3873,11975.8129,11195.6777,10490.3059,1386.9865,9481.7378,13081.6716,1317.4048,393955.4276,429717.8141,412776.6460,411979.7105,404607.6864,416598.8942,413063.4394,410835.2114,362309097.3429,362339134.5536,362283002.3888,362305310.1010,9250.9787,11961.3774,9097.9211,4729.4434,10978.5804,1225.1023,7259.7692,11287.2249,0.0000,13021.7168,4602.1860,9942.4389,3219.9849,11345.5023,7124.8878,13669.4608,1869.6011,13328.5839,12560.0355,13732.4653,12969.6668,11310.4832,10218.7735,6133.8428,13508.5514,6676.1732,6718.4619,6728.7637,11584.7270,12465.1675,7230.0300,394047.3956,429952.6349,412948.8074,412193.4512,404798.9586,416660.5706,413112.7631,410950.2452,362308626.3295,362338663.3061,362282531.3395,362304839.0139,6361.8159,3302.6414,5813.5826,13028.4992,9831.5821,12565.2594,11414.5960,0.0000,12777.0972,9504.7230,3895.9602,9309.7808,11723.2772,7308.8441,8952.4628,9866.3093,12006.4190,7571.1299,11373.8216,11557.4724,6861.4318,2642.4092,10603.3862,12116.3466,10822.9664,12215.9627,8475.3311,13279.6749,12538.8934,10030.7906,385579.7056,421435.0079,404421.6387,403724.0706,396312.9666,408197.0569,404702.7561,402483.6089,362302384.3334,362332421.3450,362276289.6014,362298597.2268,8641.3743,8864.3278,12510.2727,12512.1747,13844.0849,7029.7998,0.0000,9435.0981,12961.3924,8486.2382,10607.2113,7428.0694,11774.2929,5571.6716,11567.9999,7838.4117,8352.9374,7792.7115,10506.4266,1737.5586,3976.2541,13488.9652,8966.3595,9639.0262,11180.9127,12475.3359,11962.8442,8383.4838,13152.7843,382468.8763,418340.6840,401386.8108,400543.2298,393178.2318,405098.1643,401500.2426,399355.3810,362297135.5613,362327172.5772,362271040.6867,362293348.3438,7197.6156,11729.0748,9311.5981,11105.6570,12885.8453,0.0000,12783.7285,7761.5472,1248.0746,10205.3059,13078.4765,4649.8957,9328.7838,10139.5871,12476.3070,6135.7522,11460.9106,10311.7556,9359.2690,5643.5594,8619.4995,11938.3473,12141.2745,12899.2637,5993.3553,12330.6526,13259.2951,7676.0683,387382.6533,423173.1094,406185.3284,405475.3336,398072.6499,410012.2610,406527.7485,404276.7253,362304340.8162,362334377.9353,362278246.0755,362300553.7238,13004.6252,5795.0372,10766.7282,10435.6972,0.0000,13375.1411,7651.6974,8196.6454,4068.2683,10707.0538,7944.7259,12140.4820,5032.4539,12957.6843,11555.2379,13235.8568,13506.1670,8157.8257,6423.4294,9273.1625,13539.4774,6850.5749,8450.8616,8408.2374,13290.6968,12381.9439,9661.8199,389797.9754,425738.3795,408697.8933,408001.9883,400585.7159,412397.9539,408880.2516,406712.2435,362305449.5634,362335486.4541,362279354.7053,362301662.3345,10224.5954,5125.8128,10295.6000,0.0000,5812.9587,8849.7109,11315.4547,11883.5794,9959.7481,9745.8774,9411.4150,10832.0570,7579.0965,8971.8781,7265.2969,4552.5838,12789.2079,13272.6891,7342.2766,6021.9333,11322.4674,9647.0530,8949.5908,1620.9441,7943.4687,7289.9539,392096.9030,427789.4506,410977.3565,409939.4048,402650.9859,414771.9846,411091.7045,408933.7331,362303991.0110,362334028.3794,362277895.8136,362300203.6092,6194.0821,11586.3662,0.0000,12759.9554,3740.2730,10070.1859,4177.8240,11591.7228,6765.2145,13729.6181,2472.6231,13251.9261,12417.2127,13595.3118,12491.3444,11955.5055,10889.9972,5118.4745,13252.0068,7229.3348,6815.3884,6139.0003,10943.7864,12436.9428,6366.4027,394755.1358,430638.2874,413650.0995,412874.5512,405488.0082,417374.7464,413819.6109,411652.8358,362309131.9035,362339168.9232,362283036.8880,362305344.5764,11706.6431,0.0000,9778.0358,5037.9632,11204.4758,9070.2531,11463.8371,7698.2018,12533.8098,7452.7827,11143.1531,11118.5294,11210.9766,8794.2234,13733.7586,13411.6841,3596.3050,10277.0565,9880.1395,8026.2592,6445.8863,6284.2306,10729.3036,4669.6203,395537.5945,431298.5648,414417.6827,413485.3754,406157.8697,418193.6510,414566.5352,412398.9347,362308289.2876,362338326.5417,362282194.1257,362304501.8914,0.0000,6371.8359,13044.5127,12865.0491,9268.0075,539.6189,13784.7589,8329.6375,9991.4679,5307.5262,11866.3698,7214.4252,10483.1234,6093.9878,9728.9394,13124.9779,7476.9903,6028.0332,6619.1395,13746.0043,9225.4386,3524.4003,13490.2690,386453.7437,422345.7203,405450.4824,404461.8550,397144.3772,409087.3285,405383.7487,403321.0287,362298059.7877,362328096.8133,362271964.6364,362294272.3553,0.0000,0.0000,0.0000,0.0000,0.0000,0.0000,0.0000,0.0000,0.0000,0.0000,0.0000,0.0000,0.0000,0.0000,0.0000,0.0000,0.0000,0.0000,0.0000,0.0000,0.0000,0.0000,0.0000,0.0000,0.0000,0.0000,0.0000,0.0000,0.0000,0.0000,0.0000,0.0000,0.0000,0.0000,12514.4138,12269.0575,12501.3903,6017.5180,12817.2414,6294.5192,12299.7666,2078.2874,9170.3894,2988.6253,5301.0620,9673.2587,11856.7671,11683.3040,1936.0102,10408.4961,9541.8274,12540.9270,4351.6323,3060.6239,11599.7426,387373.0249,423113.1273,406307.9384,405222.2501,397946.2129,410042.6300,406316.0891,404208.2363,362298576.1027,362328613.3884,362272480.9007,362294788.6812,8287.1873,7491.4268,13006.1454,3810.0720,12943.1973,5994.7313,13241.0164,10397.3462,12979.3636,10721.4870,12902.9813,11112.2307,1994.7073,12563.8143,10084.8037,9407.7703,2713.0591,9982.1253,13059.4483,2857.9278,394600.3311,430401.4897,413442.3494,412658.5448,405279.7709,417235.9835,413698.5722,411486.9422,362309571.1092,362339608.2593,362283476.1370,362305783.8414,11014.2916,13037.4575,5038.2133,8529.9358,10904.7540,11965.7395,4994.1679,10761.3156,9491.8665,9398.9974,5893.4542,8882.9701,11269.8913,12659.4636,13307.3260,6316.0331,11888.0788,12961.1639,7785.5378,386810.6089,422576.5044,405607.2252,404872.6711,397479.4742,409447.0710,405952.8583,403698.3158,362303637.1689,362333674.3301,362277542.4215,362299850.0794,9404.2635,9483.5361,13245.0874,1913.4869,12448.3809,13312.5908,13274.1377,13616.8303,9562.4540,9466.1382,8776.5731,13215.9811,3959.1434,5036.5751,9312.4828,12064.5215,11213.7937,9772.7724,392369.0029,428323.9264,411313.0210,410539.8067,403148.1801,414973.1425,411398.6863,409274.6725,362306361.1097,362336398.0052,362280266.0944,362302573.7585,13826.1811,8399.2404,10038.1383,5070.0988,11911.3160,7058.0039,10274.5737,6556.7760,10106.2658,13013.2761,7225.0091,6130.9044,6494.6415,13736.7376,8852.3848,3120.8291,13396.8021,386764.5606,422648.9008,405761.7944,404760.2012,397447.5218,409400.4496,405690.1560,403629.0479,362298184.1144,362328221.1556,362272088.9449,362294396.6708,11475.5506,8558.7783,13231.3600,7865.1434,12400.0445,9942.3045,12164.5503,9400.6192,4486.1370,12303.5482,11945.1426,11826.5937,1455.6489,10836.4116,13676.9172,3488.1625,391838.2969,427601.1598,410637.4055,409891.8340,402502.9542,414476.0650,410975.1735,408724.5067,362308010.5676,362338047.7546,362281915.7184,362304223.4033,13470.1191,5121.4397,5140.0381,3517.9507,5974.9330,6870.3506,7835.5571,12660.9603,4855.6840,12166.6035,12536.5659,11926.2848,8775.3265,7140.7896,11949.0210,383055.8968,418797.7137,401935.5252,400976.1034,393657.3669,405718.3574,402078.3346,399910.1691,362296864.6877,362326901.9304,362270769.7314,362293077.4503,12553.8057,13063.2848,13256.4012,13002.4511,10712.4800,10366.2286,7189.2289,13012.9347,4959.5223,5004.1676,8136.8173,11209.1469,11399.6009,8363.4867,393746.3748,429671.0106,412676.3118,411887.0028,404502.4552,416358.6429,412782.1186,410646.7584,362307617.6959,362337654.6492,362281522.6538,362303830.3350,8993.5996,2310.4388,6282.7251,8104.9647,10724.5218,12674.0751,2482.6261,10170.7617,9840.8376,13162.7122,6248.9014,2467.3408,12531.1559,385596.0173,421362.6423,404539.3414,403475.8564,396190.5316,408259.7807,404541.0446,402437.8004,362297156.6399,362327193.8742,362271061.4844,362293369.2448,7128.1332,5525.5540,9675.3493,8080.9320,10054.2741,7646.2777,13688.4966,13804.9087,8509.2725,9233.2977,10732.1700,8815.1095,385419.6681,421107.9728,404225.1096,403349.9490,396007.4635,408082.9937,404515.1769,402278.4957,362300761.7925,362330799.1027,362274666.9345,362296974.6453,4635.5264,8516.5402,10344.9225,12316.1944,1511.4663,11573.9753,11282.5563,12441.4664,6189.6713,4696.9101,11873.3569,385018.5654,420744.2283,403926.2335,402879.1540,395590.8107,407689.1535,403993.4307,401857.8557,362297273.6626,362327310.9547,362271178.5648,362293486.3240,11356.5063,11587.3167,9571.0039,3977.7901,13013.8478,12159.6894,9751.7782,4449.2889,7966.8841,8794.8914,387983.9025,423640.3879,406833.2606,405810.0175,398518.6830,410663.9645,407003.8772,404817.7716,362300865.5590,362330902.9614,362274770.4792,362297078.2560,4437.5235,13546.3866,9547.2536,8322.2960,10108.6755,12770.9555,12198.3428,8126.9826,13421.8883,383178.3404,419084.8215,402118.7067,401278.8460,393910.7259,405799.9158,402194.4204,400069.2288,362297515.5005,362327552.4632,362271420.5961,362293728.2493,12072.5039,11288.3793,10054.9511,11737.0552,10392.2290,13200.3879,11186.0754,11640.7803,383962.6878,419842.8248,402838.7988,402102.6770,394702.3022,406579.9394,403052.5783,400864.6645,362300117.8367,362330154.8165,362274023.0687,362296330.6957,11716.3479,10790.0046,9696.9999,3090.3615,8642.0467,12615.1390,1681.3300,394970.4813,430733.3296,413808.6478,412973.8545,405614.2085,417617.6966,414056.4600,411845.4399,362309388.9728,362339426.1972,362283293.9501,362305601.6799,11510.0631,10864.0775,12171.0745,4829.7002,4511.8421,11355.8159,386343.3572,422056.2485,405252.0811,404182.9542,396902.9539,409017.2037,405309.8560,403177.7209,362298178.5292,362328215.8497,362272083.3853,362294391.1600,2727.8850,11719.2164,10974.5688,8415.0487,11722.2866,390839.8285,426798.9325,409829.8411,408960.1974,401599.9890,413450.4524,409808.8112,407732.0552,362303337.8684,362333374.7746,362277242.7502,362299550.4387,11288.5929,9347.7345,7966.8533,10810.1058,392689.5974,428610.4078,411676.7781,410753.3589,403413.2300,415312.5452,411645.3115,409570.1539,362304442.4165,362334479.4027,362278347.2172,362300654.9388,10150.8214,13478.2618,2151.2635,393016.2850,428774.1208,411823.2067,411051.8263,403671.7404,415657.7145,412140.7963,409898.6534,362308699.8549,362338737.0615,362282604.9540,362304912.6539,6575.6910,8644.0648,391144.9800,426847.1905,410044.7180,408978.7064,401698.9049,413820.1116,410117.8234,407978.7552,362302582.5695,362332619.9248,362276487.3464,362298795.1450,12796.3655,386876.8919,422688.3341,405851.0059,404788.0690,397500.0754,409531.4117,405800.0560,403723.9410,362297900.1542,362327937.3228,362271804.9474,362294112.7061,393967.2500,429702.4280,412784.2696,411954.5554,404595.0112,416618.3850,413068.2900,410839.0981,362308794.3784,362338831.6395,362282699.3974,362305007.1253,37114.3973,19963.3001,21264.9802,13063.1976,22769.8829,20181.2912,17050.1052,361956339.9563,361986375.5427,361930252.1418,361952557.9914,18517.8965,18896.9010,25394.9395,18075.4699,21385.2778,20607.6176,361924405.3095,361954441.1636,361898318.1284,361920623.8928,12469.6434,11497.8688,8642.9040,13013.2847,7240.9516,361941759.9306,361971795.5836,361915672.6335,361937978.3839,8535.9774,14789.8970,11162.7810,9140.9380,361937482.9176,361967518.8669,361911395.1826,361933701.0855,15726.7236,12721.5914,8260.6190,361945673.2539,361975709.1060,361919585.5259,361941891.4084,8535.9774,7572.4853,361936631.0086,361966666.4060,361910543.6528,361932849.3662,6474.8998,361936396.7876,361966432.2882,361910309.0844,361932614.8931,361940578.5508,361970614.1582,361914490.9867,361936796.7861,33512.8328,29969.5006,11804.6391,60817.0689,38601.0609,22821.0068,
68400.000,7402.2484,4086.4393,12724.3066,7819.1243,12349.7882,11905.5140,12844.5355,945.7603,13236.5918,9873.8881,11614.3567,13006.8331,4584.4399,10445.4824,12510.7807,13444.8517,9216.2391,13797.3928,10409.4155,491.4349,9568.8046,6913.9962,11196.8886,12661.6758,12928.4247,1664.1694,7579.9179,9550.2757,11901.8253,5716.2298,12465.7080,9934.2706,4160.4623,12242.6231,6842.9524,1645.8693,9744.3379,12618.9682,12338.1513,12307.0644,13100.5035,12137.3340,1022.1105,1324.9726,8932.3043,9438.0445,12156.8345,11552.0520,8481.3130,5772.6804,4958.3999,10552.5301,10901.8073,12624.7960,3655.8684,8709.2278,4149.0599,11272.6625,13270.7677,9767.4544,3138.2068,12422.2938,11341.3160,7554.6156,8402.8208,6065.0920,7695.5865,11327.1268,3843.8241,4604.0522,6424.7681,6627.1426,13632.6676,11394.9056,13776.8239,12360.9011,0.0000,11786.5331,10256.8591,6529.8617,9066.5090,12585.4200,6454.0163,7020.2560,11577.9059,11239.3240,7885.1734,9736.0852,12133.4885,8133.5632,1749.3094,10298.9283,10620.1729,11954.9207,13778.5052,7545.7833,13271.9323,11068.2040,8231.7363,396329.6767,431130.1458,417295.6181,411935.4192,407048.6526,418696.4256,413088.8798,413704.9371,362313501.7007,362339638.7792,362288502.0438,362308596.8153,8425.2956,13501.7419,10242.4249,11301.9760,13167.0538,11577.4212,8157.0620,12369.8268,10890.8136,5850.6572,12567.6392,4615.3111,4891.1501,8717.0600,12389.2268,9927.7940,11189.7335,10840.8175,7537.3385,7996.2463,12204.4624,9300.2652,11012.5292,11322.5291,8722.0551,510.0938,13305.4516,9979.9700,11262.2537,11924.4967,5930.6515,5176.6538,8417.7125,8626.2151,6666.4412,13312.2208,10781.5128,7378.0416,8671.0726,13378.6678,10636.7033,7245.8011,6259.8433,13144.7767,12741.6492,9836.6438,8142.5487,1662.0393,8721.4208,10297.0982,9853.9811,13694.7286,11387.1367,5556.7230,13012.5430,6402.1701,13796.2841,13284.0839,3162.9305,9794.5080,13726.4550,7461.1329,12042.3866,11820.6264,11730.7565,12562.6192,13746.7189,6405.4084,4829.2295,11336.2464,11403.6725,11185.5536,13799.8205,10704.1368,7244.5255,0.0000,10114.6170,12361.9414,10959.7698,10424.7904,7832.7780,11769.8736,568.0586,13551.6995,8385.6061,8750.7698,3478.6605,10646.3283,890.9904,8552.3978,13512.9081,4846.5486,11456.9044,12234.4738,12471.8922,12314.5589,8265.6840,12834.3879,394417.9509,429141.2510,415280.6507,410033.8537,405097.1706,416801.5381,411255.2061,411740.4628,362314610.4491,362340747.5498,362289610.9621,362309705.6719,11271.9585,10428.5671,9930.9637,12497.4486,10716.5986,4096.7427,11467.9124,6561.9007,12027.7043,11118.8933,7701.7163,9684.5747,11021.7335,11896.5194,11745.4586,12909.4329,12512.8816,4485.1445,6795.5471,6503.8536,8621.6905,10448.1544,10860.6886,3830.9508,8548.9178,8217.9450,9457.9271,4554.9024,10288.1919,11935.4208,7508.7656,13301.7006,3123.0351,5529.8894,8380.6524,10426.5808,11571.6219,13429.0977,12705.3292,13544.3469,3155.9203,4275.9006,8018.3585,10611.7283,9887.5885,9567.3731,8812.4491,1839.1114,7528.1834,12691.2147,9659.0477,13667.9019,3264.0640,7951.5221,7790.8419,10888.5708,12161.8166,9854.2304,3879.7824,11276.1508,9565.1028,5430.9891,10315.9884,5713.3853,7283.1969,11099.9331,7525.0717,4082.0402,4197.0094,8482.1360,12658.1858,10784.8788,13464.8752,11800.4707,0.0000,9246.9503,11684.9956,3615.2536,11542.0159,13045.5438,7700.1813,7949.4110,11415.8648,8976.1334,4345.4836,9475.2671,9674.2118,9046.3431,3036.8402,10448.2131,9991.5878,13330.6545,13460.9883,8141.3102,11678.6847,8764.6683,7352.5911,394707.8673,429587.9003,415697.7061,410420.4919,405469.8902,417041.1910,411488.2083,412121.4451,362312600.6888,362338737.5948,362287601.1668,362307695.7853,10962.6212,5361.7907,6152.3876,4782.4849,12335.1796,3259.4714,7120.8713,11504.7846,2783.0945,13688.6657,11425.6576,8452.4777,3318.8979,11244.5698,5997.6736,10333.1493,12711.6223,9579.0352,8387.8672,7985.1972,5736.3182,5228.7166,11960.0960,13152.8320,5465.3807,7206.3559,9170.1868,3813.1687,12700.0485,13701.0239,10509.0387,10229.6418,13167.5744,5125.5191,6042.2034,9910.7874,10493.1212,3471.7188,9480.0031,12508.1407,13092.1479,6320.2637,8099.7759,7354.7196,9140.5610,13009.3456,10528.7586,11267.2641,10867.7867,3672.4092,8371.8607,12661.0776,6530.6503,13433.9568,4314.9217,1735.0761,12490.8211,11138.3535,1349.9627,9718.1161,7642.6582,9641.5300,9102.5889,7639.8903,4530.7598,13425.9459,12823.0457,8740.6477,10014.8518,5672.0251,3750.1853,7270.6927,10106.3531,0.0000,7090.1731,8321.7124,8875.0780,10936.3811,10429.6274,9623.0583,13470.9254,4302.0248,8973.4436,9790.5250,12299.7715,6331.7026,13347.7051,11892.2354,6018.7561,11586.1554,8809.1464,5311.7442,8495.3438,3186.9881,9125.4477,7050.3649,383716.5636,418557.6502,404705.8277,399362.7796,394456.5512,406069.6855,400473.3070,401112.8129,362302034.6951,362328171.6251,362277035.2548,362297129.8510,13221.9412,6488.0574,13006.8726,7478.0262,12340.9804,12852.1775,10929.7622,12279.9995,6987.5860,12446.6557,13127.5689,12108.2642,2279.2513,11823.2602,3318.8838,7406.1825,13263.4669,7702.2142,13512.1704,13281.3600,13103.4205,7599.9443,10066.1930,9260.9669,13552.6029,8667.7201,12557.9280,7518.5700,6737.0742,8752.0612,12116.3358,7024.3603,9337.2488,13319.6917,12546.9809,8560.3300,9262.7844,6446.8325,8552.1667,8343.4340,8469.1130,4370.7938,13563.7298,13536.0010,11142.7250,11438.9684,4097.5749,4299.2654,9528.8118,7050.9228,10254.2945,8154.0214,5584.2365,8078.9708,10794.2027,11559.2375,7747.8987,10135.5322,13406.3955,9911.6279,2557.1041,7780.8337,7584.7811,7789.8623,5745.7815,10745.3203,9814.8353,3807.1607,11787.4216,8554.4732,11056.7587,12298.2933,0.0000,13543.9550,3854.2605,10505.9253,1593.6673,10450.4851,5249.2905,10302.9922,7741.0812,13600.0441,12646.1373,11953.7810,13427.0970,10412.6966,8247.2437,6736.0735,12429.6617,5726.2212,10196.8083,5996.0640,12045.2386,13601.0466,8345.9714,391729.0139,426402.3958,412668.4232,407151.3883,402379.9517,414144.9258,408435.8499,409045.0297,362307902.5947,362334039.9048,362282902.8034,362302997.7599,10315.2522,1201.7314,12295.3967,2933.0323,4278.0998,9605.1210,2872.5525,13116.2189,7907.9467,4602.4174,3614.7133,13324.7117,5494.0275,12856.1597,12521.8855,5273.6083,10437.0283,3045.3047,1035.1304,1421.7741,12060.7841,10987.8570,8350.4000,2072.0440,10098.1077,1576.1053,12453.0194,13287.8932,10645.3998,7635.5911,12902.7081,8105.2700,1302.5742,6827.6461,10820.2667,7768.8022,11495.3080,11791.8014,12254.4586,9220.8908,11734.2018,2365.0818,4518.6789,10307.9095,8562.6606,12996.9810,12777.7124,7598.5586,10777.8648,10749.0350,9424.3527,13565.6648,8936.6622,5710.6154,9642.8198,11609.1039,6544.1659,5301.2352,8561.0440,12667.5947,10704.5865,10149.9942,9162.4982,13510.2902,10536.1357,9136.2269,12498.2072,5130.8097,8423.8471,7247.8764,7302.5901,0.0000,1931.7962,11874.4708,8600.1840,13288.1007,9440.8510,12022.1771,11215.1480,8967.7523,4183.8326,6652.8189,9148.9375,1073.4808,11089.1051,11684.7190,10181.1406,8166.6674,11521.7872,7375.4906,11326.6426,3430.2631,4357.1412,9551.3167,385315.5818,420192.4394,406269.8753,401073.7822,396076.0652,407645.6529,402138.8161,402720.4031,362305602.4354,362331739.2390,362280603.1559,362300697.6130,9672.4014,11444.9650,8232.7447,11426.5644,11297.7450,8174.5477,11810.3338,12907.4182,11361.2384,7818.5463,6462.8964,8191.9141,5146.2220,11662.7398,12934.6422,8223.2732,12008.6261,10371.6142,9883.9656,11240.8384,12813.6448,7122.7507,11493.0244,9758.1963,9065.9250,10149.8581,11739.0190,8472.3933,12852.6769,11730.0282,6970.7743,10539.0916,11568.6580,8245.5332,3452.9825,5418.8890,12193.2743,12424.4136,6976.3108,3905.1928,11466.6283,12402.7535,13275.7593,12641.4442,8557.0162,6249.8337,5957.8444,4493.6072,13218.3494,6876.5595,11000.8619,3674.9132,5620.3724,12968.7408,10688.5426,5140.0671,12615.4435,9540.3177,5240.1781,8950.2001,7409.9133,3206.3192,11105.5148,13541.1168,10288.3384,6954.1463,8117.9886,4088.6320,7890.6991,11429.6038,0.0000,11481.0993,2886.5961,10911.1181,6016.6433,9801.0222,7457.6633,13263.8975,2590.6425,12489.5861,12879.3214,13175.0169,10952.7134,13036.7558,11586.0887,3773.6908,12922.5769,3971.1904,5592.4223,6716.7586,7816.8490,12609.8133,7551.9352,385486.9757,420204.7794,406448.5759,400956.3501,396160.9621,407888.5098,402196.0867,402825.6868,362302308.7868,362328445.9791,362277309.1274,362297403.9622,12772.6142,1895.2652,5335.6988,9306.0692,2079.4505,13334.6052,8130.0850,4457.6944,2503.4731,12961.7202,4446.2952,12359.9314,12978.1902,6224.8108,10732.9269,3936.3681,1031.8469,574.2343,12554.9339,11224.0018,8503.8081,2838.5073,10604.4365,1223.1435,12157.8667,13519.7107,10013.6379,8607.1169,13285.9869,8231.3790,1364.6904,6591.1402,10170.8885,6923.9277,10782.4057,12362.1296,12764.6938,9366.3011,11457.5504,2857.7643,4960.2353,10583.2671,9462.5443,13132.7351,12268.4381,7493.6438,9981.8338,11427.7486,9561.4216,13740.8680,8568.1640,4836.5306,9790.0999,12105.8307,6018.8813,5690.4098,9105.2228,12454.0835,11078.1480,10352.1337,8752.5298,13711.8691,11214.2008,9760.0780,12512.6021,4073.7455,8064.9494,6288.7392,7011.4804,0.0000,2839.5070,11430.9599,9333.3392,12942.8107,8864.2650,12139.6210,11544.6866,8466.2358,4835.5992,7680.9296,9380.3320,1964.3258,11297.7176,12244.0724,9910.9617,8338.5840,10820.9449,6330.4349,11399.0194,2352.8430,5051.7966,9779.8392,384479.2312,419337.2483,405426.7391,400213.6578,395229.3677,406817.6304,401299.1938,401874.6689,362304777.1747,362330914.0095,362279777.8853,362299872.3638,13067.3342,9749.7220,12051.8561,12795.8885,5216.8140,10973.9667,12753.3781,13280.0751,9052.3756,13794.4945,10188.8388,845.8088,9838.7972,6085.5528,11352.4746,12659.8600,12895.6871,787.7896,8298.1635,8871.3792,12002.8200,4965.6352,12309.7670,10310.9126,4755.7129,12438.6322,6951.6374,2223.8558,9084.0219,12643.9219,12691.7267,12480.9210,12731.0009,12060.3605,1556.6593,2256.5780,8194.1701,8794.7899,12284.1344,11846.5675,9181.8338,5807.5031,4273.3679,10482.9412,10297.6048,12481.1212,4346.0844,7959.1956,4496.9734,10664.7689,12949.4419,10387.1557,2278.1549,11959.9517,11694.7592,6925.0810,7819.2954,5220.5192,6892.9882,10728.8262,4208.4736,5329.7948,5818.6029,5897.9738,13616.4124,10803.2493,13818.6254,12721.5555,0.0000,11867.4166,9762.9452,6061.7334,8809.7881,12870.4416,5619.8794,7793.5736,11028.6838,11505.1434,8015.5751,10350.4689,12158.3079,8849.2711,1230.2210,9624.1205,11155.6404,11751.5708,13623.7092,6723.4174,13101.6667,11344.3286,7466.1005,395968.1024,430774.2756,416945.3397,411568.2802,406690.0420,418333.6245,412716.5705,413347.9529,362312801.6045,362338938.6824,362287801.9319,362307896.7099,6454.6609,9722.5133,785.8198,13652.5646,9288.7071,5642.1782,807.7059,12246.7902,3825.4693,11439.8783,13304.5298,7826.3559,10397.8005,5703.2910,2881.2894,2206.1246,12818.7058,11987.4487,7889.5815,4665.1418,10643.6135,1676.2605,12103.8345,13801.9332,9626.0079,9737.3467,13600.3820,7581.0012,3167.0091,7427.0814,9717.6735,5220.8344,9823.8442,12875.4817,13287.7893,8748.0998,10416.9325,4634.5912,6562.9163,11518.3425,10407.8073,12803.7629,11496.2032,6513.0277,8844.8093,12305.7798,8941.2953,13849.2552,7259.1765,3026.7970,10711.6458,12270.7431,4519.8608,7204.9460,9144.1946,11599.2596,10891.9783,9857.9419,7407.5565,13846.2295,12195.6834,9973.5275,11927.6332,3437.9684,6758.7858,5644.5049,7724.9052,0.0000,4665.1424,10292.8415,9756.4445,12170.3870,8839.3641,11632.0494,12377.1041,7041.5108,6534.0172,8965.8221,10428.9423,3812.7760,12075.8988,12615.5836,8759.9420,9446.3056,9691.0092,4936.2999,10761.2641,596.5224,6749.8533,9298.4763,383509.9513,418349.7662,404463.9039,399203.1358,394249.7825,405858.7100,400310.5890,400898.8161,362303300.0247,362329436.9073,362278300.6896,362298395.2141,11450.1765,5996.4832,11984.2025,8864.3927,7481.1601,7155.7835,13608.1083,9148.9900,13565.5438,10135.8350,4129.4936,8155.9905,4077.8411,5134.0627,5614.2501,9381.2379,10743.5326,6876.1820,4456.3778,7155.3867,4845.3156,13369.4567,12012.7636,12751.7321,4123.4508,10880.4107,6781.0744,5226.1344,9279.6025,12913.8148,9845.5667,13240.1372,9136.3740,9939.1300,7611.2066,11401.4997,5119.9723,6172.1517,10273.8158,4971.7749,11312.8857,13720.6912,7224.9367,12753.7191,8277.8631,7811.7017,12283.0136,9193.3726,8202.1263,10292.8754,8784.6107,7811.3468,6749.6995,5597.6331,12128.6986,8153.3986,8218.5661,9528.9494,12133.1967,8327.9878,5854.6931,11154.8377,8793.3787,8734.4402,10554.3005,9739.9552,0.0000,4079.9670,12196.6709,5015.7359,13421.2159,11852.5548,10297.6536,10602.6272,9679.9797,5350.8951,3348.3070,9690.7958,4252.9355,11017.4248,8839.6934,9923.2464,9227.9713,13034.9426,10400.1960,9761.4311,6908.1446,5267.0086,7593.4743,388701.4045,423626.5321,409694.0526,404490.9354,399488.0377,411013.3757,405506.6679,406134.3772,362307956.5905,362334093.3508,362282957.2545,362303051.7126,10241.6775,8785.1112,4209.4821,5733.7394,9432.3333,9695.2176,7010.5366,9728.2461,11641.5038,8918.0103,13788.8741,8591.8215,8875.3764,8893.7149,12408.6271,5355.8697,13609.2424,8595.6621,13507.6228,9998.5498,4839.9633,9310.1068,4131.7547,11280.8985,10916.0384,13476.0089,8627.6883,3471.0457,4512.6392,10670.6496,7683.3370,11519.9803,10864.9302,13730.2435,12650.4581,8101.1074,6810.9121,4965.2195,11765.1846,12596.6231,8408.6895,13112.8626,8174.1175,10185.2780,13665.1327,9967.2571,12771.0707,10605.1345,3576.9877,13000.2210,11942.8914,6230.3589,13572.2625,12277.9186,13735.8759,13712.1857,12632.1159,10095.6695,9547.3075,13446.7526,12853.6585,7182.4702,12716.1402,5986.5806,2909.5094,0.0000,8900.1678,11562.8231,13159.9341,10337.2244,2397.0437,13399.7841,6282.3391,12121.9388,7571.9057,10862.1724,4148.8459,9096.4305,5031.3015,12337.7853,13062.2909,3864.8062,8974.7638,8341.9246,13605.3580,9479.8343,7667.3980,13802.9750,389023.7230,423698.8828,409852.5323,404604.1757,399677.4826,411422.0174,405870.8244,406318.9545,362310180.6036,362336317.7315,362285181.1932,362305275.8845,13682.0280,9644.1215,6152.0260,1466.7480,12328.8849,4558.8836,11552.0046,13078.6632,7772.3797,9875.0695,5749.0980,3094.5834,2533.3987,12505.3832,12204.8149,7261.3146,4777.7169,10127.2785,1361.3327,12452.4668,13799.2478,10130.7068,9412.5287,13451.3042,6950.0472,3417.8266,7983.6735,10212.5198,5239.0083,10149.6188,12631.9351,13119.3370,8165.9002,10163.3417,4859.8766,6846.9551,11771.1339,10047.0298,12535.6489,11705.8092,5909.0337,9166.1101,12154.7468,8378.0496,13811.3444,6857.2027,2973.8768,11059.5217,11882.5305,4085.1393,7514.0471,8537.8338,11407.1217,10387.7216,9329.6589,7049.4944,13794.3015,12101.1007,9419.5866,11629.1996,4170.1917,6322.5803,6318.1603,8295.3827,0.0000,4711.4364,10194.5901,9216.2653,12197.8974,9424.9605,11248.1909,12543.4551,6757.7812,6715.0165,8674.8099,10752.7370,3859.8686,12325.6034,12293.2717,8378.8634,9825.2516,9911.1401,5412.7943,10326.6674,1226.8842,6907.4647,8724.5719,383720.8978,418573.6274,404686.4664,399420.5768,394467.6138,406065.3650,400515.2239,401117.5119,362303255.0302,362329391.8996,362278255.6863,362298350.2074,8862.1408,11712.5388,13636.4376,7290.4625,12907.3235,8701.1398,4445.2590,10480.9640,10019.4088,11796.9314,13066.2928,13248.4465,5929.4362,4753.5057,12057.1795,12382.0546,9385.0183,13283.6450,6115.1176,628.1119,9384.6592,9420.3475,3106.7709,12156.4706,12942.6156,10670.8871,9463.0214,13145.9634,9982.4084,5081.4146,3857.8300,11512.3990,10221.4985,12381.3894,11289.6727,6131.4846,8852.6118,6645.1688,8166.5157,12799.3819,10891.5549,5457.5125,11272.4838,1902.0650,12520.1407,13653.6127,7366.2408,7211.3824,13463.8285,10822.2007,10879.4408,8794.8657,9456.7194,10481.4140,12419.9416,1921.3876,5595.1587,10054.4414,8146.6404,12870.8940,12709.5834,12283.7436,10481.9924,0.0000,12416.3472,10089.6953,10104.9919,7609.0843,9925.8877,8755.3139,4531.4876,12378.6291,11347.0724,10050.9686,7724.9750,12767.0484,5207.4224,6164.7268,11646.9347,8859.5837,10331.9173,12913.7041,9850.1654,13536.9778,11229.9332,11056.1910,395950.7712,430657.1534,416850.1531,411484.9470,406619.9054,418348.9941,412731.7558,413273.2500,362314108.9130,362340246.1212,362289109.2506,362309204.0954,4336.2276,9348.9291,11916.0479,7999.6898,12171.6145,10646.9548,5385.9265,13054.9442,5739.2588,7351.0770,7723.2328,11261.8046,4567.5076,12911.3043,6233.3129,12198.9734,8865.7846,7811.9377,9342.3478,7875.2122,8252.9101,10235.9060,12805.1059,7037.8567,3230.1809,8225.7792,11845.6850,10753.5672,9996.7754,9557.7024,13171.0967,13658.3785,5887.7605,3860.5459,3306.7175,9024.4368,12775.8448,11201.0292,12781.6416,11005.2362,7887.6562,13163.2784,10282.6319,13228.1066,11060.6974,2168.4049,11824.6626,12093.9671,3044.4000,12067.7555,13421.8702,12834.4671,13172.7178,13241.5246,10282.9448,7038.1029,11763.2827,13274.2756,7987.0265,13034.1047,8019.7975,3409.2435,0.0000,6493.4520,13187.7726,11156.6024,12357.7190,6094.8224,13392.7637,5001.4019,12920.6579,4440.5185,7659.1212,1530.0967,7059.2424,4357.3948,10920.4284,13609.1892,417.0243,11662.7252,10078.9252,13572.8061,9305.6483,4415.7434,13109.2521,390410.4135,425174.5933,411269.8140,406103.8124,401112.0417,412773.7652,407277.5961,407749.4250,362311917.3649,362338054.3323,362286918.0422,362307012.6077,5687.6799,12587.9184,4566.9702,12271.4593,12671.9304,5465.8512,12767.7819,3808.5124,3713.9311,3929.0877,12804.5590,8322.6121,11499.7519,3386.4287,12307.7005,5498.3227,9750.6803,12082.1091,7946.7636,8980.4760,12566.4706,11292.3385,3386.9667,2413.3205,8240.3661,9268.3218,10244.2260,12043.7667,11994.4287,12073.0235,13050.4966,2730.5858,2290.1539,7365.4838,9943.1549,13719.0859,11585.8035,10801.6894,9924.5322,10419.7099,12162.0676,12661.5857,11377.1601,7937.6704,6156.9045,12879.7484,9428.2935,2462.1455,11460.0876,13442.9129,12855.5745,12596.0998,11431.4359,12671.3655,9837.4467,11649.2066,13598.8535,4482.0356,11040.9332,5447.8589,2980.1967,0.0000,3773.1047,12567.5495,11094.5388,12875.0495,6026.4538,13559.7855,8808.3892,11020.2133,3077.5266,8039.1748,5765.2223,3918.5857,8211.1091,12480.3786,12307.0174,4447.1047,10922.2032,7320.6744,13264.6465,5686.8632,3341.8681,12285.0023,386362.3583,421158.8910,407246.5770,402077.8327,397080.6379,408716.6954,403220.4624,403719.6140,362307878.3331,362334015.2341,362282879.0682,362302973.5723,11891.6600,3202.9495,11008.9700,13489.1108,8333.0650,10652.8255,6222.8978,3401.8355,2680.9572,13057.4005,11986.6026,8187.8278,5180.0842,11000.8669,2451.7499,11755.4722,13797.9393,9091.7658,10282.4570,13719.2325,7876.0090,3640.1908,7287.0104,9168.8956,4723.8358,9238.4175,13134.4387,13488.0116,8992.4037,10246.9804,5062.7284,6855.7705,11552.0088,10916.6339,12829.2412,11035.4345,6712.4599,8219.6067,12610.3821,9165.7745,13818.4872,7180.1614,2652.6196,10684.2014,12544.5927,4487.2869,7441.8135,9595.7666,11421.4739,11170.0091,10077.3141,7278.8319,13834.0106,12490.6970,10422.4281,11909.8101,2830.2398,6718.8221,4984.2258,7530.4566,0.0000,5225.7501,9971.7359,10259.8333,11840.4234,8377.3044,11709.1082,12431.3968,6833.6897,6924.9988,9541.6823,10461.5537,4403.3987,12056.8213,12895.8650,8683.7167,9473.1036,9133.7460,4176.0240,10851.1424,261.9947,7152.8860,9567.5753,383209.8436,418032.4016,404156.3964,398882.9878,393940.3200,405565.6153,400008.7156,400589.9202,362303006.6826,362329143.5943,362278007.3355,362298101.8811,11035.5785,1717.9907,8842.4905,13578.7183,9545.7255,13614.3797,13209.3706,12976.8136,9276.1099,9678.7408,10616.7545,13563.3084,10438.7505,12687.1901,5981.3157,7219.8261,7018.6676,13080.4536,8208.0734,10629.8892,13215.9503,11694.8872,6782.5465,9062.8722,4673.8400,9887.9825,9465.6142,9988.6464,5706.6379,13457.4758,13309.1529,10719.0268,12586.9028,6237.3065,2156.1792,10525.6023,5591.6282,11124.5321,9712.8003,6311.1240,8886.6697,10726.7138,10896.4606,9568.6230,10536.9701,13113.5789,11456.4410,4338.0731,9672.1951,9338.2345,8534.2685,6549.6172,11419.0791,11422.7782,5970.8620,11074.1690,9330.7818,9936.9118,11352.2685,0.0000,13620.5959,4331.8927,11989.1927,932.6724,8987.4241,7342.7529,10111.7416,8266.5762,13529.5746,13448.6114,11412.8028,13483.7978,9921.3807,9845.3174,7873.6916,11826.9007,4313.4513,9362.8041,7905.8192,11874.4776,13564.1886,9988.0980,390800.7799,425434.3199,411708.3309,406198.2167,401430.7008,413229.1008,407521.2029,408093.6857,362307618.4877,362333755.8403,362282618.7178,362302713.6883,10135.5891,13811.7557,8949.4860,12297.4235,6984.0255,4742.1832,4173.4944,13749.7602,10722.0352,10424.6305,6054.9120,12602.1191,5047.4688,9761.9749,13185.9086,6570.4790,11459.2413,13714.3960,10147.7030,4736.0214,5254.1273,6689.6922,5618.7497,7602.4991,13584.1676,13615.9517,11002.5743,10976.5859,5601.3001,6545.6940,10257.2710,12108.8468,13320.6520,9710.1826,9060.1876,6776.2333,12823.0734,11090.3083,13325.7019,8891.0411,4701.1050,9082.8181,13556.6659,6807.1148,6842.7449,11635.4752,11762.0225,12707.3846,11790.3227,8832.7873,13400.7778,12525.1758,12225.9858,12600.5859,395.0906,8605.2981,1991.9038,5303.8900,0.0000,6291.5011,10126.4625,12054.9273,11226.9867,5598.7749,12749.9821,11369.8879,8205.3335,7028.0537,10728.6783,9045.2445,5741.9085,10667.6770,13650.5790,10091.6258,7988.8884,8031.8044,3049.1265,12166.3157,3389.1699,7288.7624,11490.5395,383437.9538,418194.9328,404335.5837,399064.5815,394133.7167,405815.1757,400255.0805,400780.7461,362303953.6625,362330090.6616,362278954.3117,362299048.9067,10062.4113,13770.1349,9782.1277,13492.2630,12709.4820,12387.8850,10324.3113,10532.9748,10322.4798,13290.5842,10878.3696,12073.6360,6555.7535,8669.9687,6553.5336,13558.1742,9550.8119,10288.7915,12742.0505,11496.4167,6264.5186,7799.9513,3451.5324,10995.2642,10688.8882,9800.6707,5302.8638,13155.2978,13226.0923,11417.8305,13167.4781,7223.3084,1707.3860,9920.0534,4166.2815,12114.7928,9557.8909,7834.9527,8047.1478,9659.4224,11368.0283,10429.2541,9593.6612,13103.5177,11601.6293,4483.6664,10072.7827,9402.4133,7645.0974,8056.2081,12373.0776,11767.1244,6518.2045,10189.4090,8497.0948,9002.3723,11152.5804,0.0000,13357.6590,3460.0849,12345.5014,1822.2425,8620.9421,7794.8722,11047.8718,7263.1375,13479.9164,13806.8500,11861.1781,13115.3108,10733.9325,10848.3433,7240.0323,12077.2118,2741.6403,8134.7712,8048.7216,11016.7934,13549.7329,9953.4544,389096.9546,423729.1570,410005.9916,404490.2283,399726.0402,411526.0886,405814.5479,406389.4666,362306004.6404,362332141.9855,362281004.8904,362301099.8480,9896.6776,6808.7211,11453.9795,12824.7486,13065.8523,1631.6940,7700.5948,9508.6826,12123.8430,5744.4316,12584.8613,9774.8319,3979.3258,12113.4040,7229.3992,1408.3621,9705.4400,12787.6311,12459.8541,12163.7824,12975.2578,11892.2794,1497.9639,1621.4015,8847.3781,9122.0370,12366.9184,11790.5322,8655.7687,6160.4685,4539.1728,10238.0994,10843.6825,12399.3788,4087.9484,8608.9731,3824.5161,11116.1833,13231.9503,9918.4823,3109.8779,12364.2747,11579.7349,7639.3903,8022.8294,5980.6688,7571.5326,11154.3848,3522.0169,5005.6846,6551.5619,6260.4462,13653.4202,11264.5408,13741.8781,12462.4379,0.0000,12013.2678,9928.5711,6733.0580,8678.2432,12548.3115,6158.7728,7182.6793,11403.6438,11499.8267,8254.8420,9924.5330,12333.2144,8251.9208,1936.9456,10083.7273,10808.2442,11682.4017,13691.0207,7305.6608,13320.5231,11337.7805,8153.2704,396273.4739,431065.7896,417239.0200,411865.5248,406988.0393,418643.7398,413027.7835,413645.1973,362313302.5543,362339439.6517,362288302.8808,362308397.6698,10579.9994,2513.2357,5427.8148,6106.5351,9785.4909,7871.7570,10071.0820,3695.2074,9321.7124,6523.2270,11575.7611,10696.7268,11413.8461,4067.0607,10219.0383,9989.0468,5240.6949,6744.7312,11674.6245,11481.0254,13032.1721,8768.2145,9078.6453,10565.2680,13106.1342,4042.1878,3366.8836,7025.8271,5309.9576,12182.7196,13426.6309,10324.1563,12871.2141,6778.6574,10663.3082,11397.0192,11722.7771,10033.8332,6990.7804,9824.2331,10363.7685,3577.5534,8575.9508,13335.3264,10341.9703,10790.8259,11932.1181,11268.4763,6296.1291,8327.2568,12511.3158,8703.1775,11364.3238,9982.7356,7243.0044,0.0000,3597.6290,13428.8162,7404.5276,13661.5181,10024.4800,12013.9947,7724.4786,11886.4831,2560.8687,2959.0185,6229.7218,4422.9876,8030.9250,9188.1645,12273.7861,5794.7353,13321.8379,10923.9187,11894.4085,8159.5505,2290.9591,10438.7963,390241.5444,425122.5304,411177.9167,406032.0575,401005.2506,412564.5860,407088.6353,407644.9932,362310839.9289,362336976.7244,362285840.6401,362305935.0969,11018.1953,11084.5934,11094.4748,5412.1010,12123.0615,3403.6082,11194.5259,2099.6601,9789.8572,12714.1053,9658.9141,13103.3416,7968.4045,7830.8270,3711.6491,11243.2863,13517.9355,13057.2583,9275.5841,11522.5971,6954.4317,7977.9272,2454.0183,5541.1296,11593.3106,12283.6748,12658.9653,7100.0045,4970.6397,10789.8998,5191.3642,11268.5171,8801.6439,2206.8807,8984.5048,5900.2983,9474.2939,13225.2091,4048.0578,7661.5519,12526.9617,2941.5690,6053.2320,1009.1497,1016.0305,6124.7836,8840.6843,9622.0931,3173.6212,4278.1976,12029.7195,5998.0250,12794.4020,13635.4677,0.0000,10959.1701,7383.6720,4278.6136,8889.9189,13684.1977,2861.7306,11945.2988,6751.7721,11823.6407,8655.4323,13091.1328,10835.0331,12594.2830,5580.3561,4945.8338,13275.7669,10554.1396,11433.5829,2275.9684,10451.0653,11758.6479,1614.2826,391256.1985,426107.8001,412288.3429,406861.4160,402002.3333,413606.5328,407963.1961,408665.7395,362307105.2523,362333242.2619,362282105.5916,362302200.3270,3031.6530,3752.4681,11243.4433,9054.3868,9767.7523,1199.6626,10161.1154,4486.0981,11750.6509,12033.7683,10713.6395,5983.1768,11740.6471,9604.1331,2818.3244,5781.4005,10963.9307,9996.0116,12277.2342,10508.2935,10828.7274,10446.7194,12877.4778,1613.7814,2239.4194,8163.4911,7145.7201,12966.3377,13166.9556,9533.8802,11888.9881,8848.3230,10591.7989,12593.2802,10870.4812,8277.3322,7642.3723,11098.5910,8983.0352,2973.2848,9029.3569,13398.1805,11008.3706,10997.7999,11073.6185,12509.9834,8421.4670,9156.8356,12934.3436,6711.6695,10442.0182,8322.0272,6344.5258,0.0000,1160.9227,13021.4816,8374.0305,13694.0713,9197.7339,12489.7495,9153.8332,10920.8711,1458.3543,4836.5789,6973.8793,2044.6465,9135.3138,10745.7112,11757.0632,6081.6352,12559.2845,9219.8613,12121.7137,6070.0189,1505.9323,10533.8806,387748.0594,422622.6419,408681.6266,403531.4764,398508.1177,410074.2084,404594.8366,405148.0913,362308590.1417,362334726.9339,362283590.8836,362303685.3253,753.4368,12481.3777,10670.2278,9079.0879,1875.0698,10777.0981,2072.4784,11983.5596,13281.4815,10008.3206,8177.7220,13098.5471,8828.8951,359.9315,5977.4269,10200.1305,7763.3573,11108.2538,12131.0579,12486.7682,9903.2416,12013.6652,1842.2353,3996.7326,9932.4081,9128.6181,13324.6650,12511.3757,8235.6821,10413.0450,10977.2271,10085.6360,13604.3336,9348.8160,5776.4151,9122.6956,12125.6525,6930.2148,4759.1955,9360.0131,12882.2009,11344.1303,10787.1010,9529.2009,13568.2917,10685.0231,9888.5689,12851.8086,4404.6397,8865.0079,6496.2536,6454.6280,0.0000,1945.4884,11974.4742,9364.5165,13239.5100,8670.7890,12485.2068,10971.2779,9253.0508,3864.5380,7174.7997,8656.7963,1139.4037,10723.9123,12125.7969,10592.2941,7578.0475,11263.4504,6937.6493,11841.1936,3276.2341,4090.8362,10242.5018,385056.6398,419915.8214,405995.5472,400805.2935,395807.7240,407392.5174,401887.7782,402450.9605,362305667.6249,362331804.4475,362280668.3555,362300762.8187,12710.8161,10960.3098,8963.5224,2608.2284,10929.1870,1782.7178,11916.5310,13458.9038,9738.1531,8719.0954,13321.3200,8696.0477,993.9815,6091.3646,9911.1767,7153.7009,10699.3832,12444.9944,12792.4416,9795.2191,11723.1822,2501.3124,4556.7532,10274.3425,9608.3438,13319.7839,12217.3163,7968.2949,9935.5841,11411.8026,9978.0005,13723.8589,8957.8709,5139.4507,9417.7843,12324.7422,6447.0165,5275.6092,9499.7212,12656.9395,11412.6977,10732.9670,9121.3857,13701.1539,11147.5811,10101.2986,12749.7557,3819.8539,8473.9958,6004.4080,6522.5234,0.0000,2687.7443,11616.9120,9652.1594,12999.1064,8485.2844,12423.8198,11306.9076,8804.0747,4514.2202,7765.5917,9008.8428,1869.3552,11009.3392,12396.6802,10268.8782,7921.1656,10824.7440,6296.3830,11731.2087,2573.3031,4750.1150,10190.6515,384520.9177,419371.6782,405459.7608,400254.7515,395267.2795,406861.1593,401346.9706,401911.6036,362305031.9132,362331168.7531,362280032.6329,362300127.1103,8841.8488,8262.7341,11870.4087,4230.1350,12028.3174,10796.1737,5477.7023,12721.5708,6726.6831,2991.4508,8489.6009,12485.5040,12881.8963,12757.2086,12484.9925,12210.3755,1948.6740,2929.3453,7576.3693,8516.4623,12185.7440,11881.1968,9659.1140,5528.6622,4158.4286,10719.5589,9771.7633,12547.7783,4676.2623,7347.1957,5154.6446,10235.4541,12661.5949,10805.4756,1502.1020,11562.1014,11784.9956,6245.4947,7678.6959,4512.2491,6261.2493,10325.3237,4879.5760,5689.3382,5127.2985,5632.8951,13553.7500,10361.4487,13862.6687,12936.5531,0.0000,11712.5736,9629.7264,5436.7302,8967.3696,13144.6380,5171.3420,8353.9250,10671.5293,11495.4809,7812.1040,10731.4809,11973.6803,9390.2034,820.2879,9199.2767,11460.7984,11815.2348,13537.0006,6206.4510,12870.3356,11337.2526,6817.9963,395619.5868,430438.4611,416607.2119,411227.7193,406348.3064,417980.6254,412363.0585,413006.8213,362312293.8769,362338430.9358,362287294.2071,362307388.9735,13120.6469,9688.9511,11243.2188,11589.0822,5573.5547,5320.4994,7935.0986,8661.0925,6841.5880,13116.0521,10438.4480,6934.3399,8193.8486,12977.3927,10215.2770,7433.0223,6485.0426,12980.3852,12514.1282,9522.2447,7848.7228,1451.5552,8791.8156,10270.4281,9519.4422,13441.2854,10952.3989,5793.9595,12852.2931,6486.2484,13505.5209,12890.4157,2792.4487,9865.7924,13388.3882,7167.3646,11963.6701,11633.6574,11687.5519,12442.5259,13448.6521,6505.0757,5081.0719,11309.6779,11300.7581,10725.4437,13505.8944,10209.5673,6783.3211,0.0000,9835.4666,12079.0846,10944.5730,10189.2590,7324.5136,11686.6455,977.7306,13230.1447,8129.6498,8736.2522,3175.0336,10343.6319,554.0870,8685.2067,13261.9933,4502.5141,11062.5412,11770.4205,12347.3386,11918.4785,8024.7625,12701.6411,393928.2950,428648.4369,414789.7451,409540.4806,404605.7950,416313.1309,410765.0519,411249.1946,362314158.3635,362340295.4667,362289158.8806,362309253.5899,9628.4691,4528.5676,7389.1775,13437.3126,11830.9413,12796.5524,8436.6636,10393.3106,346.2031,9319.3542,12687.8831,12755.1095,7085.3865,11219.9114,9408.2974,10367.9780,1151.0056,6017.2802,10037.0086,11284.8938,13363.0364,8058.0499,7752.0476,11303.7888,2034.3852,10566.3389,10535.8319,1499.3598,11302.0664,3799.5928,6839.8147,13536.2437,7013.1064,4776.2688,11721.7570,3184.6870,7376.0261,4243.7984,2678.4651,4219.3911,11202.6726,11129.0710,4439.7878,6566.1927,10111.2467,3574.8434,11286.2614,12872.9528,0.0000,9373.3508,7555.7909,5125.6777,10010.9198,13141.2747,5516.9283,13105.0190,4866.3487,10823.6489,8666.7536,13327.1199,9014.1758,13507.8854,8264.4446,3981.1516,13142.0954,10202.1168,9561.7896,4245.7426,7980.9264,10825.8104,1823.2678,388018.7819,422891.3823,409054.5876,403656.1015,398776.0666,410360.7517,404735.1576,405437.7513,362304487.0758,362330624.0190,362279487.5020,362299582.1634,10543.8874,3559.0962,11854.9619,12619.6237,10414.7416,6930.9310,12395.7763,9428.4595,1646.0403,5623.0537,10650.4238,9226.9696,11877.0973,11271.5484,11596.6529,10375.3363,12690.1562,697.0550,2576.8704,8827.4549,8026.5953,13259.0947,12991.3696,9151.3355,11373.8380,9781.9411,10537.4403,13100.0974,10414.1049,7394.4594,8143.4157,11648.0527,8294.9191,3400.2364,9280.4190,13344.6754,11290.2963,11064.9203,10608.6799,13037.1560,9392.6703,9570.2891,13057.8918,5765.6143,9960.1199,7554.0738,6179.6542,0.0000,401.6900,12747.4507,8876.9783,13634.6456,8903.8896,12646.9043,9883.3628,10402.4375,2157.5169,5822.1266,7548.1016,1004.0974,9746.4723,11424.9423,11450.0675,6527.5234,12136.5793,8366.8090,12169.8922,5041.5826,2343.2731,10563.2647,386600.6487,421469.7266,407534.0634,402374.5998,397357.5524,408929.8559,403444.3617,403998.2336,362307461.9602,362333598.7591,362282462.7070,362302557.1502,9757.9850,12749.9948,9039.0901,13451.7393,6215.8111,6948.6450,4804.9813,10894.9384,13093.9499,13462.4763,10449.7826,12432.7616,5513.5912,6713.0471,3973.6394,7299.3379,10996.0339,11471.5580,11701.4429,5210.8997,5493.3797,11643.6290,6380.3834,12282.5284,7188.7929,3854.0083,8606.7708,7505.0750,10304.4829,12419.8205,2819.2057,8713.5889,11679.4786,2251.5753,7508.5357,1380.1580,2987.5771,7757.4340,8406.0765,8050.4973,1517.1917,5521.5587,12321.2606,7493.1696,13193.3923,13265.2914,0.0000,10288.1581,8937.6445,2550.4831,9908.0638,13753.6542,4218.0484,10926.5663,8303.6118,10923.4349,7062.4250,12192.9902,10324.3022,11736.6303,4130.0449,6790.7628,12459.3280,11686.3757,12223.9979,4172.3075,10779.1181,10811.2354,3138.6346,392471.2492,427345.2138,413499.2296,408121.0011,403229.5301,414811.5641,409198.5830,409889.5314,362308824.0694,362334961.0280,362283824.4526,362303919.1411,12437.1978,13413.6232,10409.0341,8332.6021,12991.4285,7108.6130,2414.7005,7521.6691,10532.2530,6376.0244,10767.6317,12001.4168,12508.1003,8299.0195,10686.5150,3754.5906,5814.6265,11065.1613,9078.4055,12503.6753,12148.0753,6360.7959,9914.5286,11309.6539,8514.1931,13534.2496,7598.4454,4227.1986,10412.0258,11454.7031,5041.2606,6532.6140,8147.9128,11795.3455,10191.7097,9368.2808,7824.0384,13494.0556,11210.4735,8911.1218,11783.2774,4654.6211,7064.1234,6825.7494,7909.2865,0.0000,3440.7901,10828.9156,8556.5216,12582.4052,9497.8218,11323.7245,11860.3094,7610.2226,5566.5807,7506.3950,10016.7633,2604.0350,11715.9622,11736.8042,8977.1754,9089.2538,10624.2055,6377.9149,10494.1870,2217.8559,5740.8636,8747.0634,384609.1244,419477.0599,405573.5943,400337.1635,395364.3295,406945.8104,401414.3392,402012.0561,362304384.4030,362330521.2393,362279385.0832,362299479.5758,6560.1022,4023.7409,12437.2466,8719.8267,13387.6592,11828.9939,7938.9838,4092.9091,11062.2654,5851.7866,10269.6079,9366.9291,13158.4913,10581.2958,11537.1730,10527.2021,6407.7897,12390.8659,9926.5222,5027.9585,13234.2624,7033.9369,9974.7284,12972.4956,6824.4619,12289.2759,11893.6465,6233.5464,11585.5467,12618.7666,10014.4214,13505.0118,9563.3063,12601.0865,12696.6743,12038.5717,7067.3528,9688.8106,13232.4765,10386.3472,9908.2215,12473.7586,8364.1759,7446.9559,0.0000,12052.9328,9295.3826,13290.2100,6811.5070,5121.1894,11362.0870,6382.3059,11603.9134,11040.2199,12497.3752,7009.6804,12174.6873,5511.4797,11029.5174,11927.1189,7565.8566,7047.8661,9610.2470,11942.1242,11775.4551,11073.8675,13111.1287,391393.6146,426012.1158,412231.9353,406861.2641,402016.5872,413818.3398,408191.4670,408666.8000,362310786.0704,362336923.3649,362285786.4668,362305881.3332,9766.6987,9407.1953,2606.9882,11945.6202,13171.8786,11123.9738,9828.3143,13180.0135,10149.4119,4749.9795,3554.3891,11240.5274,9954.8971,12646.9134,11630.6586,6672.9329,8757.4748,6155.5815,8251.1129,12645.2764,11036.6373,5442.8913,10989.9972,1389.6435,12366.0706,13722.1423,7915.0126,6777.0421,13427.4186,11194.4996,10623.3625,8488.0238,9073.5719,10148.7752,12270.4660,1353.4927,5698.8259,9775.2642,7733.2135,13137.7027,12571.1224,12596.4888,10947.7776,0.0000,12636.2813,9920.0343,9875.2492,7472.5788,10377.0058,8331.5436,5058.7360,12265.3695,11649.8747,10100.3943,8244.9961,12972.4703,5789.0585,5765.8997,11421.3741,9355.6402,10404.4701,13100.0838,9477.5586,13691.5450,11529.0915,10755.4425,396149.2003,430860.2467,417056.6527,411680.2023,406820.7136,418546.6582,412923.1504,413475.2265,362314037.0637,362340174.2738,362289037.3842,362309132.2374,13089.0320,11385.2847,12648.4317,9887.1870,6347.0034,386.9540,8504.3550,3850.6317,12421.9027,11853.6053,12785.2570,10366.5910,9973.4620,9490.8771,8158.9604,13307.3056,11538.7138,5174.9988,12001.6159,4503.1109,11995.1851,12678.0933,9874.5726,10917.6538,9298.2193,7231.4588,13112.1447,10587.5235,9177.1284,13591.8961,10056.1902,13268.5601,12804.6639,10643.2953,10081.1533,11678.2483,13706.3314,11336.3812,6812.9200,11011.9644,4810.1123,5810.1069,0.0000,10664.9126,8782.8810,13751.3057,7691.2914,2384.9412,12176.8381,8834.7026,10008.1857,10138.8129,12832.2964,7826.1841,10543.0017,7799.1889,12885.7832,11097.6590,7623.4638,5369.4283,6290.0215,12276.6538,9186.5612,10277.8144,13004.3339,387393.6434,422022.2280,408234.2036,402876.0378,398021.6586,409815.1871,404195.7340,404671.2489,362307303.3684,362333440.6137,362282303.8425,362302398.6482,8005.6238,8492.8666,8131.8836,9982.0430,13273.5257,12209.4544,13842.1299,5909.7003,6698.1437,8660.1064,11837.8267,7433.3169,7216.1864,8410.6427,1352.7544,9872.8907,13576.3888,9470.0393,13771.6658,4636.2721,8712.0291,9894.8524,11065.0028,11129.0194,9078.5057,6598.9491,10598.9384,7354.8219,5921.2089,11914.5862,7468.7065,8486.3918,11327.7633,9678.1702,4785.8927,5189.9278,10446.3009,11177.1253,10796.6512,12353.4258,10349.2417,0.0000,6688.4021,12715.8824,4145.6673,12960.2297,12329.9451,9652.1614,8185.0404,11542.8179,6467.8798,1264.0883,8483.7650,7231.4441,9042.6923,5997.9348,11144.4795,8629.0833,13775.3798,12605.4838,9707.4660,10057.5787,6236.0558,8233.6844,392735.7680,427642.5796,413716.2407,408509.2771,403512.7094,415054.4198,409544.6336,410158.8238,362311742.5706,362337879.3834,362286743.1689,362306837.6842,10564.0085,13034.4194,12088.0925,11437.6621,13139.2327,11338.2058,2468.1035,1636.2525,9738.5876,9376.2159,12565.3630,11813.5785,7948.7313,7077.8652,4859.1263,9546.5635,11556.3356,11988.2616,4312.6098,9488.7742,2568.4771,11613.0708,13514.7002,9250.1359,4410.6198,12834.9107,11516.0034,8760.0475,8083.6116,7086.1735,8500.1178,11600.0129,2253.9803,5025.7306,7750.4507,6640.6150,13593.5503,11790.7769,13458.4644,12029.5114,0.0000,12329.3689,9899.6731,7904.8523,8171.0345,11893.2142,6838.3037,6365.9300,11763.7279,11627.2635,8929.8024,9361.6065,12663.2183,7381.2200,3306.3598,10576.8787,10349.8042,11273.5186,13593.9414,8037.6193,13571.1428,11475.4184,9111.9502,396466.8101,431230.0454,417412.5549,412035.4710,407165.8985,418847.2688,413227.1083,413822.3789,362313741.8932,362339879.0345,362288742.2106,362308837.0276,9075.1873,12506.8555,12607.8729,6805.3200,11087.8781,9593.8556,10532.6389,1435.8577,6062.9197,9829.3207,11120.7105,13333.0928,8165.4672,7959.9224,11253.0567,1712.8298,10401.2088,10652.0773,1769.1463,11432.3160,3609.8919,6514.2933,13463.8244,7266.4594,4445.4885,11570.7073,3400.1886,7467.2715,4545.3702,2972.2278,4042.7218,11338.8743,11217.8766,4667.2792,6752.0545,9832.1136,3340.2342,11034.8445,12694.6218,0.0000,9176.7130,7531.3052,5301.5698,10037.6144,12970.9437,5751.9176,13121.2587,4666.5673,10669.8809,8673.9209,13253.1032,8792.7719,13492.8704,8483.9737,3944.8331,13033.6572,10078.3506,9286.9423,4473.1613,7670.3138,10680.4225,2144.3425,387714.2319,422585.9316,408747.9773,403352.8023,398471.0008,410056.5519,404432.7650,405132.3976,362304288.3844,362330425.3253,362279288.8195,362299383.4757,5677.5853,10090.2889,7974.2729,11108.2529,12082.0590,12407.0134,10121.9698,12166.7744,1522.0778,3659.5626,9669.7761,9105.3796,13381.2619,12498.3404,8509.9558,10448.8805,10857.8348,10296.5020,13527.5932,9594.1989,6036.3760,8837.6395,12171.3221,7219.2316,4421.7633,9526.2638,12987.3380,11477.8578,10967.2439,9765.9337,13492.7438,10533.7970,10011.6205,12953.6042,4414.8841,9122.0400,6445.4741,6168.6352,0.0000,1781.0016,12097.9606,9467.2484,13269.0192,8486.4511,12607.3312,10744.9794,9481.3580,3562.5989,7113.0426,8362.7378,1090.2151,10480.2985,12122.9538,10805.0246,7264.6342,11312.5498,7034.7004,11999.8551,3527.6919,3799.0162,10441.3713,385220.0282,420076.0034,406154.2556,400969.6287,395969.4884,407556.4742,402054.8607,402612.0961,362305944.7208,362332081.5452,362280945.4559,362301039.9180,6694.2193,9982.0134,9314.5757,11993.6489,11673.9300,13085.2268,13218.0363,5028.4818,3843.1363,6008.6442,10793.9244,13586.9362,10521.9990,12052.1332,9290.1532,10338.4465,13111.8447,11789.0002,12240.8467,9161.6533,4511.2919,13197.8214,10691.0649,3434.0882,12620.5120,13303.7815,13537.6962,13390.0730,12211.2805,11843.3165,9662.8986,12660.6550,13637.5945,5329.0123,12014.2231,5224.7373,629.3103,0.0000,5984.0941,12452.9108,12185.7292,12139.5113,4169.9037,13839.6288,7604.2789,11735.4052,4733.5931,9226.0322,4387.0603,6191.8116,6705.2447,12639.6085,12937.7374,3109.7245,10294.0293,7648.0988,13752.6741,7322.9498,4908.4477,13240.4030,387320.2076,422065.0660,408174.0474,402987.7389,398011.1477,409692.1210,404182.0894,404649.7329,362308982.8821,362335119.8683,362283983.5785,362304078.1460,8380.0035,3504.7664,12511.8040,11951.8789,12725.6364,10169.7477,10219.1314,9790.8449,8461.2264,13464.1216,11447.8625,4887.8299,11943.7607,4198.1017,12168.4382,12613.2950,9883.5696,10787.1664,9268.0113,7571.7603,13130.6763,10528.3665,9493.6708,13618.3053,9858.6330,13239.9146,12741.2733,10499.3677,10095.9777,11880.2202,13749.6647,11204.8908,6931.4272,10899.4752,4906.5737,6165.3228,0.0000,10893.4037,8539.0263,13826.1324,7454.4305,2749.6211,12073.9625,9083.6628,9857.3417,10424.3667,13036.3239,8167.7021,10750.4724,8073.0494,12943.3857,10943.6662,7979.9570,5049.6197,6229.1076,12168.3838,9265.4483,10563.9569,12954.5405,387305.8965,421930.2705,408147.9585,402778.8558,397931.6062,409729.4738,404103.2826,404582.0003,362307076.7902,362333214.0469,362282077.2517,362302172.0691,6658.7335,13130.1024,13450.8168,7483.7689,6730.0415,9163.5986,10505.0998,13061.9488,12345.3563,10779.0912,8366.0256,5316.7603,5372.8946,13541.8641,7545.0141,12746.5033,4048.5322,2372.8968,12447.3986,11864.2056,2994.4953,10879.8414,9543.6509,8176.8302,10019.9277,8445.0369,3865.6187,12818.1539,13692.8373,10481.7162,9356.7598,5480.0421,3922.6483,5965.1045,9963.3119,0.0000,9231.0232,6146.6098,10825.0059,8813.6646,9071.7174,9478.3046,13469.4135,3111.4700,10602.8710,11910.0258,12499.0750,8541.6785,13129.7195,12616.7882,5411.2339,11893.0662,5839.7801,3251.7806,8519.6787,4762.1099,10777.0209,8205.7484,383408.8748,418170.4976,404368.7566,398956.7114,394106.0740,405793.3639,400150.5975,400765.6672,362301429.2053,362327566.2806,362276429.6802,362296524.3926,12507.5067,12152.2716,11036.6961,7492.2845,11587.0035,11678.1127,10751.9892,13787.2231,9886.4125,2736.7078,10327.0494,1439.1044,12916.5154,10887.1460,9723.5089,8607.3923,8325.2145,10199.5927,12324.9614,9088.0645,11558.6985,12662.8611,7330.7607,11878.7480,11046.7193,8220.9224,9943.1779,12916.7969,12968.9553,9177.7726,7758.3335,8877.9273,6104.5987,8908.1041,0.0000,12028.8078,5563.6018,13324.3226,5104.4875,5966.9271,10187.5716,10945.8833,7573.2138,12118.4310,13781.3232,10710.5747,11718.9286,10262.2705,12557.3629,8533.0524,10598.4888,1640.0831,5704.6676,10155.4627,9317.1789,12251.0954,11351.1943,386762.7614,421388.0246,407641.9689,402185.3485,397388.2114,409191.8408,403514.1087,404046.3756,362305052.9512,362331190.2548,362280053.3117,362300148.1987,1371.0915,8889.4116,9892.2521,11556.5051,10937.0419,8188.6048,4838.6626,5703.8267,11099.0126,10780.2958,12929.2083,2840.3918,8701.1252,4941.8972,11358.3089,13116.4562,9477.3686,3199.8657,12297.7425,10744.9568,7186.3496,9018.7639,6087.2761,7755.7296,11448.3951,4643.8901,3862.3190,5996.7271,7225.2671,13402.7681,11423.7662,13685.2579,12063.9662,0.0000,11142.6369,10747.4099,5941.2059,9751.1488,12578.2401,6901.9592,6815.7577,11703.9884,10570.8713,6980.8950,9358.2685,11533.2505,7984.5354,1561.0767,10518.2101,10203.3995,12358.9604,13758.8560,7854.6376,12951.9203,10384.1491,8187.4794,396155.2483,430974.0287,417123.5226,411789.8429,406884.1279,418514.1455,412923.5063,413538.7183,362313614.3374,362339751.3734,362288614.7180,362308709.4500,9841.2165,10259.9088,11809.4020,10978.3777,7387.1687,5792.2558,5984.5221,10620.3611,11595.7783,12710.6338,2767.7693,9637.3717,3982.2435,11976.9396,13539.7244,8770.0138,4334.4139,12898.8643,10687.1513,8355.0851,9195.9137,7166.2873,8711.5327,12020.4642,3685.2127,3582.1504,7232.9695,7630.5186,13470.0006,12071.1005,13543.9084,11689.3968,0.0000,11512.4639,10876.3708,7167.2685,9443.2026,12043.6499,7564.4817,5850.5757,12200.6134,10713.4156,7662.1737,8741.0446,11931.1216,7037.4128,2809.6945,11118.6809,9722.0670,12147.8703,13821.8911,8607.9159,13324.1818,10531.4698,9189.2381,396554.9479,431347.6835,417504.2176,412170.2574,407269.9613,418922.9537,413330.2802,413923.7127,362314268.7724,362340405.8477,362289269.1452,362309363.9020,5263.9495,10763.7783,11852.6287,13344.5286,8119.1501,6769.3655,10864.5237,2837.6802,10486.9473,10293.7127,365.0253,10613.4575,3916.0013,7547.3928,13619.5756,6299.9582,5506.3576,12225.0512,3214.4349,6509.2045,3393.9679,1599.7129,4259.4878,10513.4701,10960.7414,4265.0794,5542.1186,10711.4699,3878.0282,11695.3154,13230.2854,0.0000,10134.6063,6986.7137,5142.4668,9331.6557,13294.5862,4435.3005,12941.7948,4958.2991,11415.6803,9033.2793,13460.4864,9824.7932,13392.0204,7668.8546,3547.3815,13388.3109,9962.4595,9980.9992,3138.0957,8795.4032,11404.4743,892.7357,388819.4889,423678.2975,409855.0119,404433.0140,399569.3739,411167.2426,405526.9742,406232.6010,362304934.3683,362331071.3490,362279934.7519,362300029.4524,12818.0442,13500.9189,13254.3099,11232.6400,5227.7786,6792.5020,6015.6925,7220.7943,11632.2693,4990.5907,8940.4522,4249.4771,8286.4640,13442.1642,7866.0319,6960.7406,13645.3785,7818.1714,2010.7655,6165.2255,4907.6634,3971.7182,8990.4659,12222.2707,8292.5445,3349.7038,10843.6769,4831.1466,10773.0541,13112.5701,0.0000,12599.1561,2129.2776,9177.9503,4878.5101,11760.6322,3937.8880,12721.6329,4185.4857,13406.2110,12242.7347,13624.0119,12258.0666,12872.6349,9019.1381,2617.5951,13726.3656,6106.2330,8939.2748,3456.0430,10159.2670,13441.7933,5477.9897,388859.8095,423597.6494,409848.9601,404326.1893,399544.8111,411254.2782,405546.0791,406212.6164,362304519.0594,362330656.2641,362279519.3096,362299614.1904,2235.8646,8626.0022,8514.3757,13465.5740,12784.0295,9476.1037,11095.7202,10027.9913,10915.0474,13146.3098,10601.1574,7379.1061,7825.1934,12015.5902,8452.9998,3053.4431,9794.0338,13443.8232,11698.8057,11442.6119,10768.5076,13098.4836,9593.0840,10080.4444,13261.8467,5337.6064,10162.2977,7062.7468,5591.6919,0.0000,1095.3395,12759.5939,9416.5680,13569.6856,8377.5258,12923.9313,9777.3625,10511.8982,2076.8684,6343.2743,7257.1293,1383.8716,9544.3472,11763.7808,11648.1888,6154.5902,11924.0112,8063.8583,12466.9523,4954.8231,2325.9775,10970.3516,386363.5720,421219.7734,407287.1167,402128.7279,397113.6127,408697.1709,403211.3315,403753.7650,362307409.3568,362333546.1712,362282410.1079,362302504.5576,6773.7036,8317.3788,13465.9384,12625.8202,10949.2789,11449.9652,9020.4854,11950.2983,12330.0536,11907.1337,9037.6216,5936.8001,11984.5868,10103.7793,848.4233,10642.1220,13809.8766,12232.2703,12269.9314,12029.9800,12285.2178,8391.0120,10655.7361,13563.1149,6381.9270,11546.0974,7521.8502,4439.3674,0.0000,2874.1322,13328.1769,9928.4117,13539.9801,7677.1381,13346.2944,8097.5211,11759.5668,941.0881,6185.2548,5281.2106,3518.3003,7808.5041,11435.0150,12712.6723,4158.6196,12244.9861,9078.2627,13132.0459,6773.7905,1149.0004,11931.5147,387962.0047,422795.3313,408861.0908,403721.3710,398700.3191,410301.0161,404824.8896,405337.8783,362309409.9146,362335546.7574,362284410.6644,362304505.1303,8760.5061,11297.7357,10388.3454,13593.7204,11365.7103,6182.5872,13253.6225,7822.2147,13821.6832,12737.7903,1681.4512,10578.9483,13388.8509,6033.6665,12183.1233,12550.1353,12254.9431,12949.3785,13792.9097,7823.4887,5316.2506,11584.6194,12218.5120,10256.3998,13757.8087,9894.1289,5931.4165,0.0000,9000.5154,12828.0197,11101.6180,11218.3858,7124.0985,12499.5331,1842.7264,13551.4974,7101.0012,8295.7935,1845.9524,9568.2370,1245.6114,9406.8355,13759.5927,3256.3594,11649.1399,11663.7272,13035.5909,11487.2565,6994.8870,13108.0670,393272.9703,428008.2400,414130.0304,408918.2134,403958.9002,415649.5945,410124.6634,410599.4189,362314042.6884,362340179.7428,362289043.2637,362309137.9211,8868.8197,13287.0465,9317.3462,13773.7948,4093.3523,8131.0779,9139.6088,10825.5051,11475.0443,9589.1538,5373.0940,10730.9734,8414.7622,5306.6979,11201.6253,6486.6270,7733.2433,11080.4169,8900.9008,4538.3598,4337.8851,9552.0990,11831.8781,10617.5234,12889.2114,11106.9433,0.0000,7785.3310,12243.1654,3380.5300,12411.4608,12773.4195,8710.6415,8259.3342,11359.4606,7622.6467,2595.6401,9080.7749,8256.6064,9229.3710,4776.1454,10695.2869,9375.3899,13625.6991,12971.3810,8881.0149,10689.3459,7402.2005,7581.7441,393508.7877,428410.1049,414498.0079,409260.1285,404282.5210,415831.6638,410303.3249,410931.2327,362311962.9407,362338099.7851,362286963.4879,362307058.0427,8081.1766,8871.6937,10245.6906,8130.3443,6424.5957,5017.7497,8345.5589,11703.8146,12119.8031,4082.8979,10485.6138,13404.6320,7335.7424,3907.1776,4642.6231,5349.1550,8274.3760,4943.4416,8942.6463,6879.9483,1993.2646,13176.5434,8708.2316,13085.1805,13502.5223,0.0000,13145.8833,6291.4065,7672.0817,5660.6297,12662.2232,2588.8030,10132.1288,8586.1257,13260.5885,10711.4101,12279.8111,13157.9556,10756.0217,4907.1047,6830.3860,12879.9792,9141.6104,12211.6684,4023.1930,12687.9186,13185.8128,6243.9286,393872.1566,428626.4244,414855.7161,409373.8271,404566.1511,416259.6268,410577.1713,411231.1340,362309574.7842,362335711.9793,362284575.0078,362304669.8950,10866.5604,3927.6123,11884.2223,10638.8333,7627.5236,9165.9006,10044.7436,10244.3286,11011.5548,10310.7893,12415.2588,12353.7732,5920.2346,10992.8426,10480.6753,8786.2967,7879.0693,12005.7814,12432.2622,7690.2286,9812.7547,9542.4256,8359.3434,10116.3447,0.0000,13103.9223,5006.4701,12882.6968,2853.8831,7346.1289,8933.1565,10130.5794,8332.8808,12976.3818,13754.8382,10816.6425,12921.5638,9654.3574,11186.7353,8544.8119,11059.5446,2948.4698,8031.7440,9269.2765,11061.7515,13050.8998,10991.3881,389296.4024,423912.1488,410181.3426,404694.4382,399916.9628,411729.3256,406033.6039,406577.2856,362306874.0735,362333011.4253,362281874.3558,362301969.3031,9465.4976,11654.1818,3086.0249,12137.7818,2475.6048,5028.6718,13519.7810,8661.1360,2822.7432,11438.7046,4983.4971,7663.2304,6058.0395,4335.3117,2948.5206,12082.9454,12114.4033,6228.5929,7478.2554,8751.6240,1992.5295,9980.1258,12220.9991,0.0000,8937.4132,7137.0949,6747.0526,9971.3693,12338.3453,6743.6847,13565.4387,3453.2710,10593.9470,9466.2461,13343.6150,8412.8893,13767.2690,9793.7615,3577.0285,12981.0181,9291.7804,7982.0465,5411.9500,6533.3878,10652.3411,3674.0822,386158.4359,421015.2510,407182.8544,401783.8205,396907.0179,408507.0065,402879.5269,403568.3665,362303013.3619,362329150.3161,362278013.8153,362298108.4709,13327.6490,10373.1973,10599.3250,7705.4514,7128.0466,10727.1331,12502.1936,7980.2818,11431.4917,12278.6000,7451.0700,11726.3156,10693.0250,7317.8971,10792.2321,13346.3573,12729.2264,9312.2904,6915.3443,7937.7422,5435.1752,8943.2513,0.0000,11513.1845,5354.0238,13090.0973,5830.5825,6278.2660,10184.4558,11663.6695,6602.6050,11860.3610,13638.6897,11150.9343,11109.2191,11008.1321,12858.6617,7873.4699,10880.8846,1545.5927,4508.5194,9941.7980,8311.8097,12014.2697,10900.8553,385598.5929,420243.8641,406490.5425,401038.1852,396234.4168,408021.7613,402347.6620,402893.0597,362303888.1187,362330025.3857,362278888.5037,362298983.3600,10178.6054,6241.4332,12455.4833,13164.1470,7534.7507,5622.5547,12748.0219,8729.0664,8226.5075,10924.1822,8043.8417,9490.5180,12565.3404,5997.2111,1075.8749,7123.5002,9450.5285,12651.1120,12408.8587,13021.3553,10474.6930,0.0000,9692.6343,12212.3687,6628.4900,11169.7205,11636.2662,9158.3042,5029.9442,12704.8808,8663.2732,5476.8651,7252.7562,10255.9860,6298.3099,4107.3125,11975.8885,8132.1440,13065.0595,13612.9914,9879.7176,12434.8146,8439.3181,9710.7637,395802.8061,430631.3316,416746.8011,411488.5448,406537.4532,418153.4005,412607.8484,413185.7073,362314530.1368,362340667.1110,362289530.6198,362309625.2735,10334.6018,3951.0879,7701.3841,13554.0105,6080.2027,5689.3298,12300.3750,3313.2664,6186.9633,3171.8008,1291.1190,4262.6224,10236.5226,10861.1514,4272.5050,5182.8687,10807.3830,3968.0631,11725.1086,13242.5730,0.0000,10303.9692,6752.0680,5190.1267,9044.8998,13237.4683,4074.7359,12811.9926,4959.3579,11526.8909,9120.3929,13413.4514,10008.2218,13269.3208,7471.7161,3415.1202,13374.4380,9803.6510,10025.2475,2773.6355,8972.6014,11512.9552,776.2166,389051.6944,423904.3321,410085.3152,404656.9993,399798.2569,411401.9605,405757.5564,406461.8313,362305099.9346,362331236.9291,362280100.3064,362300195.0195,11690.3834,13475.4843,8940.7321,6337.7328,13028.8311,11958.2926,10304.4911,7350.3909,8444.3298,9442.0228,11571.7670,319.6926,6658.8373,9521.4192,6617.0389,13272.4781,11952.9701,12707.4494,11599.1886,0.0000,13099.0664,8958.3052,9781.6878,6461.2386,10751.7054,7343.1853,6310.5142,11598.7701,12330.7039,10636.0942,9285.0469,13355.9024,6945.6889,5621.0511,10595.6495,10296.7540,9800.3900,12927.9709,8564.2878,13712.1452,12225.5743,10130.3474,395875.5024,430580.4094,416793.8463,411380.7336,406543.5511,418276.9810,412631.4727,413201.0198,362313194.2570,362339331.4953,362288194.5345,362308289.4218,4916.9851,13683.2541,9276.6712,3016.6197,12295.9708,6728.9323,6118.5320,6811.3797,4931.4092,487.1772,11694.8109,12909.7693,7778.7127,6657.1177,8661.9232,641.0677,9377.0443,12287.2883,0.0000,10278.0162,5052.0688,8443.5888,8289.4897,11682.4577,6371.4460,13749.1524,1195.3406,11723.5658,11118.1169,13664.0234,9723.4151,13808.9252,10435.4674,1842.2721,13357.4180,7357.4879,7055.0935,5095.2472,7073.0532,11808.5532,4709.2886,385772.6700,420575.8570,406780.7400,401326.8442,396492.3145,408142.9451,402479.2469,403156.6396,362302299.7860,362328436.8426,362277300.1742,362297394.9141,12049.5690,11989.6497,2316.9927,9549.8983,8996.8308,9727.1843,10165.3894,8719.6211,4967.1243,13506.2217,13236.7776,9991.8831,10455.4230,4432.5563,4497.0131,5820.9385,9284.9737,0.0000,7371.8657,8058.2097,10122.2499,10519.8762,9262.4720,10303.8005,13326.1494,4463.0556,9050.0614,10639.9728,11944.0193,6593.2577,13028.5571,12640.4864,6554.9567,11164.4931,7785.8548,3661.6515,9284.1502,2652.1913,9239.1470,8261.6472,383061.2801,417868.1277,404027.7612,398679.0108,393782.8241,405427.2091,399824.7983,400438.5215,362301739.7750,362327876.7511,362276740.3359,362296834.9568,11589.7082,12971.0756,5155.8143,12663.3678,12901.0338,12934.5330,13398.9659,13639.8369,8975.7057,6688.9240,12228.8890,12816.4414,9119.0676,13587.3018,8670.6982,4389.8769,0.0000,8378.4109,12841.2291,11742.1657,11437.0342,5837.0006,13128.4878,3453.4543,13314.1398,6457.2279,8756.2265,878.9374,8890.8265,2433.6167,10566.8239,13808.2713,1945.8749,11220.7437,10707.1062,13518.8190,10649.5479,6412.5657,13489.9064,391767.6271,426493.5043,412613.3159,407412.8497,402448.7420,414145.9865,408626.9618,409087.8174,362312962.8921,362339099.9414,362287963.5038,362308058.1426,10681.2551,11994.0370,4959.5528,7324.7476,3094.9873,4964.6075,9411.8705,6092.5294,6623.8459,3887.0010,5125.7353,13331.1010,9383.6171,13817.5064,13288.5587,0.0000,11453.2404,9234.4465,4407.8270,9142.9168,13545.6029,4304.5952,9435.9224,9843.0875,11536.0453,7663.7266,11467.4318,11636.1228,10402.3395,1676.4748,8252.9895,12046.0678,11765.3325,13224.5155,5142.8707,12344.9332,11391.3839,5492.5342,394728.6650,429566.6390,415734.0718,410345.9397,405467.5951,417082.9711,411461.6953,412127.4085,362311105.0482,362337242.0789,362286105.3822,362306200.1315,10625.1752,7342.1394,8620.5695,8458.0483,6824.2096,3231.7290,13027.3660,13002.8249,8478.3698,9081.5624,6518.2469,2461.1807,7805.1651,10832.3904,0.0000,8172.1221,7282.0099,8785.2443,10144.6176,10802.1392,8719.2111,13695.3768,3049.7493,9936.7362,10310.4192,12839.8448,7468.2664,13615.5407,11575.8008,4783.5188,12241.8157,8214.4881,5564.1452,7523.7469,4376.7341,10070.5629,6299.6665,384069.0379,418898.3248,405065.5630,399684.5643,394802.5957,406428.0072,400808.5642,401461.7111,362301807.8330,362327944.8028,362276808.3396,362296902.9806,11001.4533,13835.4963,12430.5432,12549.2412,12396.1391,11920.2697,8031.6546,10931.9349,13598.9502,6717.0255,11968.6955,7612.4166,4005.9606,0.0000,3686.9450,13408.2722,10212.5027,13392.3997,7314.0169,13448.2299,7436.4908,12112.8396,1571.7573,6396.9928,4484.0671,4325.7984,7095.3325,11348.7306,13013.0995,3346.6667,12211.3984,9338.9202,13322.4382,7370.6075,1654.4068,12268.2731,388508.3458,423328.2258,409397.5165,404257.9915,399239.5938,410851.6193,405374.7469,405876.6326,362310050.8801,362336187.7441,362285051.6215,362305146.1026,8523.0645,2997.4251,3239.2017,7084.9824,10126.6931,8916.7603,1380.3298,6945.4642,11312.4134,6536.9944,12526.3258,12867.0729,0.0000,8980.9836,9394.8705,2039.9987,10941.0596,13666.4882,5658.5155,11725.1951,7637.9876,10023.5442,6449.0177,12342.5834,8916.0799,12406.9573,6010.1942,6552.7007,12356.6824,11901.0512,11422.9840,5042.9158,9356.3193,9938.3789,2698.5724,390628.0915,425529.4399,411663.7196,406315.7122,401401.1719,412956.7942,407363.3943,408059.3857,362307389.9885,362333526.8790,362282390.4397,362302485.0615,6390.5565,5724.7058,5852.1608,7425.9686,11533.1362,8685.7731,2408.5235,11663.8616,6656.8746,11325.2673,13143.1317,0.0000,13277.3702,2586.5055,9545.7987,3449.2080,11602.1199,3669.3793,11811.7577,5985.7770,13755.9034,12439.6534,13163.9804,13049.3942,12009.7648,8295.2133,4524.3468,13463.2887,6149.1410,9889.5385,3982.0047,11336.3807,13766.4747,6482.1819,390533.7284,425246.0590,411507.4513,405976.7893,401205.2633,412936.9860,407222.5797,407872.8376,362306150.9650,362332288.2208,362281151.1774,362301246.1026,2014.0790,7021.0366,8273.5598,8915.9369,2769.0153,4372.4382,12443.7012,6902.3234,13174.2098,13658.5441,0.0000,11054.6933,7934.4403,3861.1420,9057.5620,13800.2767,2965.4743,11440.0237,7607.4918,11752.6004,8269.4341,12789.1140,11012.0474,12178.7055,4658.9289,5837.4693,13063.1447,11000.8442,11997.7287,2879.0349,10963.5801,11664.0595,2530.3959,392186.7320,427040.7305,413216.1296,407799.7167,402934.1994,414535.8265,408898.9432,409596.8064,362308104.2206,362334241.2271,362283104.5588,362303199.2930,5164.9554,9326.3031,10254.0665,3815.0494,4293.8619,11522.8260,5043.0636,12299.8184,13498.9978,0.0000,10836.8662,6776.9091,4863.5491,8655.1911,13436.4307,3006.1159,12338.6097,5824.3807,11842.7491,9057.5939,13282.6801,10631.9797,12890.8180,6449.4245,4005.3660,13381.6623,9998.5799,10764.4993,1932.8532,9883.8341,11802.8290,956.0702,390303.4604,425149.1810,411335.2972,405898.9709,401046.3699,412656.3839,407006.9615,407710.3914,362306151.4011,362332288.4179,362281151.7430,362301246.4813,11588.8291,13011.0723,8090.7469,6557.3073,8621.8357,1057.6441,9221.9639,12233.1464,0.0000,10488.3188,4642.1912,8765.1762,7938.0185,11489.1406,6381.2375,13716.8829,823.8610,11880.7492,11386.2315,13651.4052,9934.4458,13745.2854,10553.9920,1740.5909,13356.4914,6935.8481,6868.9978,5157.5537,7185.7254,11970.1681,5018.5129,385740.5264,420532.3514,406743.7498,401281.5410,396454.0687,408115.1785,402445.7650,403118.7317,362302250.5754,362328387.6521,362277250.9532,362297345.7086,6445.8125,9314.4205,6590.7189,13339.0915,11948.6702,12826.2612,11669.3078,0.0000,13028.2283,9077.4879,9565.1860,6671.3433,10911.6138,7259.1117,6285.6735,11634.3052,12263.2494,10443.1677,9292.7567,13295.8110,6978.2080,5337.8658,10599.7938,10309.2094,10000.1209,13036.6831,8489.4354,13722.2618,12151.8290,10010.3179,395998.2320,430710.0795,416919.9715,411510.7917,406669.9630,418397.2850,412754.5832,413327.3533,362313301.5610,362339438.7884,362288301.8420,362308396.7219,7888.3133,10212.5786,12368.6010,12839.1973,12705.8595,9806.0680,0.0000,9335.9842,12660.9812,7316.2133,11540.3893,11147.4662,9985.0982,4282.2578,13093.5272,8083.6631,5422.4724,6364.8573,9953.9801,5549.0800,5146.7349,12535.5911,7282.6636,13190.7582,13515.8559,10659.6419,12325.6579,7853.5004,10432.3700,395604.3709,430427.3447,416534.9464,411299.2946,406336.3003,417955.0834,412422.4555,412982.3210,362314808.5582,362340945.5247,362289809.0728,362309903.7085,6869.7968,11918.1230,7641.0940,13018.7053,12899.0297,0.0000,9281.7617,9838.5596,1146.6106,10947.8608,13758.8703,5603.5384,10977.9253,8610.3349,10025.0945,5946.3996,11903.2705,9343.7290,11780.5372,4807.2156,7409.7945,12058.5108,12301.1314,12146.6023,5348.4364,10184.6000,9904.5891,3581.5794,391937.9363,426836.7187,412968.0190,407628.4436,402709.7044,414267.2204,408678.7415,409367.1350,362308749.8678,362334886.7656,362283750.3096,362303844.9394,12447.3070,7086.5152,12423.6547,13558.0422,0.0000,12936.7413,4755.1859,7792.6440,5207.2584,12567.1618,1507.1434,11281.3554,6910.9354,13367.0313,11150.9440,12968.1788,12813.6507,11750.8178,6272.7804,5010.3122,13376.4621,8165.9905,11158.6538,2556.0620,11777.3594,13329.2628,5201.9807,392096.7937,426852.0842,413090.0763,407587.3246,402791.2784,414484.3997,408789.6233,409457.9969,362307582.4966,362333719.6891,362282582.7218,362302677.6068,8356.8413,2332.0513,5416.0658,0.0000,5988.3067,10064.8348,11739.4988,11238.7442,5853.0872,12554.5016,11346.7783,8014.8421,6821.8545,10440.2499,9051.3171,5413.7508,10687.2944,13442.7900,9888.6827,7996.6470,8126.2090,3111.1898,11947.9681,3009.8193,7081.1094,11201.7476,383513.4545,418279.1404,404416.7539,399147.3639,394213.8309,405887.7734,400329.2444,400861.0423,362303958.7594,362330095.7466,362278959.4099,362299053.9978,9218.8303,12089.4784,0.0000,9814.6884,5608.3343,8245.4519,8765.6639,11650.5592,6719.8612,13744.0698,1512.1954,11341.4897,10796.0992,13532.1386,9239.4161,13802.7759,10512.6327,2402.6663,13175.5202,7698.0981,6915.4719,5426.0853,6601.9049,11430.2921,4706.4970,385526.2778,420340.7274,406535.8325,401098.0352,396251.9453,407892.0789,402238.5833,402915.2947,362302245.2185,362328382.2492,362277245.6312,362297340.3463,5035.8255,0.0000,7814.5289,9588.3919,12933.5477,10250.0860,4101.8385,12805.5401,10968.7163,8521.0819,8124.4564,11741.9056,8825.4506,7387.5600,10112.7470,13851.9277,10337.5240,7915.1737,6823.0305,2874.0537,12373.5858,5158.6768,8363.7792,12146.1250,383899.2529,418609.4093,404775.1533,399474.3938,394570.1172,406293.2690,400712.4820,401218.0084,362304341.8012,362330478.8826,362279342.4042,362299437.0643,0.0000,6534.4744,12261.3492,12465.3321,11831.8792,3590.1711,13828.1958,7511.8018,11734.8394,5315.1411,9644.7860,4389.6014,6712.7415,6532.4532,12729.0977,12938.3314,3223.3904,9955.3593,7544.2895,13774.1526,7577.8480,5481.9795,13386.8818,387379.7106,422109.9524,408227.6494,403029.8886,398062.8261,409757.1801,404239.3771,404701.8955,362308994.1064,362335131.1194,362283994.7868,362304089.3759,0.0000,0.0000,0.0000,0.0000,0.0000,0.0000,0.0000,0.0000,0.0000,0.0000,0.0000,0.0000,0.0000,0.0000,0.0000,0.0000,0.0000,0.0000,0.0000,0.0000,0.0000,0.0000,0.0000,0.0000,0.0000,0.0000,0.0000,0.0000,0.0000,0.0000,0.0000,0.0000,0.0000,0.0000,12722.1748,8576.5106,13666.5180,9207.6323,12483.3640,9998.8295,10310.6018,2354.1776,5574.6476,7774.5077,897.6272,9913.0660,11256.5999,11312.3008,6798.8687,12240.1569,8511.5764,11988.7321,5071.0251,2501.5775,10315.8943,386688.4210,421564.6511,407627.8351,402466.5392,397449.1239,409015.2777,403529.2406,404090.2087,362307429.9563,362333566.7471,362282430.7000,362302525.1401,10597.2579,3625.5640,10426.1906,5692.7631,12436.8905,4461.5307,13382.5039,13002.7064,13131.2892,12358.0615,12369.0447,10134.7854,3983.5226,13194.0820,4101.1017,7846.6490,5436.2385,9933.9764,13449.1304,7272.2598,388115.5422,422811.5847,409075.7024,403549.1365,398778.2302,410524.6433,404811.0753,405444.9492,362304253.3638,362330390.6224,362279253.6189,362299348.5271,11583.4771,13609.5555,6606.7854,10577.1652,9226.7208,9245.1379,4893.3564,11348.1503,8716.4853,11402.0612,4964.1471,8244.1184,11475.4506,12771.9275,12262.3948,6392.6859,10015.5045,9105.6272,4555.0793,392009.1846,426919.2032,413033.7736,407727.0135,402787.1470,414332.6774,408764.3272,409442.0937,362309272.5807,362335409.4439,362284273.0635,362304367.6566,9604.4163,6605.2796,10567.4910,7730.6495,13705.4643,13367.0385,11904.0553,13502.8731,10465.0136,9565.0546,7158.7656,12295.3605,4451.6167,9439.5893,7141.5617,11811.3409,13736.5566,9332.2912,390726.1854,425372.2983,411647.6893,406126.1777,401362.6912,413150.9887,407437.2753,408027.1180,362307211.4362,362333348.7780,362282211.6538,362302306.6237,13195.9988,8242.5676,10873.4455,8437.5670,11885.0006,6323.1036,9169.0288,7092.1124,13161.1360,12104.9073,5817.2201,7326.1616,6458.2929,13227.8930,8475.2462,8595.3479,13506.2297,387095.6510,421754.5480,407929.6154,402640.3677,397740.2160,409502.8300,403926.0371,404384.8275,362307912.9665,362334050.1281,362282913.5330,362303008.2528,11587.1583,6871.2241,13051.0588,10396.0313,13180.8480,12365.8446,12157.9651,5713.1773,4813.7308,13539.2079,9163.5145,11476.3229,1491.5699,11550.4739,12999.1468,3953.4978,392072.3184,426862.5001,413083.0869,407599.6059,402785.4729,414446.8896,408765.9646,409451.7079,362307513.8499,362333650.9828,362282514.1017,362302608.9426,13553.3631,8279.1857,8350.0256,3642.3576,10553.3676,1400.3067,8149.5828,13451.2767,5002.7793,11703.9585,12429.5235,12298.6313,12345.4216,8142.0781,12603.5988,394664.1409,429399.1308,415533.8413,410290.5811,405349.5377,417043.8593,411500.4420,411992.9730,362314773.9431,362340911.0277,362289774.4576,362309869.1579,11670.1502,11541.3892,13352.5466,9734.3518,13499.7787,10899.2456,2351.9004,13016.1160,6313.4773,6109.5333,5742.1413,6764.4561,11775.8274,5696.0295,385344.1147,420123.4904,406336.5725,400878.1458,396050.9290,407723.3502,402055.1289,402714.9138,362302112.6290,362328249.7183,362277113.0171,362297207.7749,5379.3717,5756.0089,3144.7251,8144.5536,11008.2037,12521.9805,4782.2923,12582.3890,9446.3177,12813.0810,6811.0392,299.6509,11467.1769,388236.9202,423089.3226,409149.0885,404011.4304,398985.4016,410569.3052,405095.8156,405623.4385,362309484.9568,362335621.7742,362284485.7062,362304580.1583,8096.5296,6170.0227,9058.8087,7118.1373,11395.3427,8052.9829,13782.2707,12113.6079,10332.8994,9320.5544,5146.6466,8717.8672,391780.0412,426689.8662,412753.3451,407569.1856,402558.7997,414095.8652,408599.6457,409202.9488,362311240.0811,362337376.8698,362286240.7227,362306335.2060,8343.5472,2907.0837,10431.1018,13847.6378,1435.5549,11663.3090,10827.2506,13526.2795,10413.6775,5691.0119,13323.6336,391704.6051,426450.3355,412557.6086,407374.3934,402396.3722,414075.2263,408567.7713,409034.6296,362312992.4328,362339129.4443,362287993.0683,362308087.6760,10422.9452,11557.6808,10861.6791,7336.2337,11868.3663,7887.8818,11781.4847,4245.5161,3322.5813,10079.3430,385948.3748,420822.6203,406892.1676,401716.7882,396707.7692,408277.4080,402782.7492,403350.1087,362306550.1738,362332686.9718,362281550.9106,362301645.3576,9232.7413,13608.9779,4251.2561,11178.7087,11790.7234,12795.9117,11998.5103,8050.0257,13136.3028,393750.2501,428463.6692,414603.6980,409362.0944,404424.3463,416136.3133,410592.3127,411066.7535,362314193.9589,362340331.0648,362289194.4881,362309289.1937,9516.7114,11142.0184,12208.0617,13605.9450,6621.0852,12701.1300,10836.5626,6907.4276,395603.2657,430436.0495,416591.7480,411234.5467,406339.5155,417958.2698,412354.8150,412996.5651,362312523.7575,362338660.7838,362287524.1172,362307618.8529,13729.2027,7179.1967,8190.5307,3588.0232,8571.0589,12575.3142,4130.8285,387262.4024,422049.5070,408272.0907,402786.3717,397973.5865,409638.8368,403955.6342,404639.9748,362303221.7824,362329358.8882,362278222.1067,362298316.9013,11555.4613,10044.9571,13732.6387,9439.8879,4772.2853,13335.0462,390360.7046,425115.3394,411214.4397,406045.3781,401057.2818,412727.2719,407228.6342,407694.5715,362311918.5641,362338055.5458,362286919.2378,362307013.8127,5718.4732,9017.9700,9192.1045,12708.2233,10320.9801,386572.3113,421213.5290,407474.9156,401990.1339,397205.9767,408997.9812,403304.7695,403867.2026,362304219.6164,362330356.9140,362279219.9454,362299314.8428,10801.0199,4344.3554,9668.8507,10573.5454,383060.7226,417787.6723,403973.3581,398613.6205,393739.7793,405454.0511,399839.4724,400393.6247,362302409.7232,362328546.8125,362277410.2666,362297504.9569,10688.9650,12782.8512,2823.5299,390748.6785,425553.8017,411768.9401,406289.2331,401469.7933,413117.7286,407439.9561,408136.1723,362306224.9559,362332362.0566,362281225.2340,362301320.0459,7032.7578,9363.7592,383384.1985,418210.9670,404333.5260,399060.8523,394116.9404,405738.4233,400182.2943,400766.6123,362303129.2434,362329266.1501,362278129.8948,362298224.4384,11433.3552,388512.9002,423367.8868,409426.3141,404290.1969,399262.7987,410844.1972,405371.8553,405900.7751,362309731.2991,362335868.1136,362284732.0465,362304826.4980,389700.5096,424562.2458,410736.9672,405317.7705,400452.0353,412046.9178,406408.6537,407115.0993,362305735.9783,362331872.9590,362280736.3519,362300831.0567,36055.0959,21818.8593,19480.7182,11792.8524,22655.9091,17599.4917,18032.7349,361959335.0449,361985469.2966,361934341.6318,361954432.1444,15391.8571,20134.7560,24485.1465,18301.3350,20939.0655,18060.4692,361928361.0694,361954495.4717,361903368.0104,361923458.4515,12961.9313,11128.1199,9095.3700,11315.0361,5000.0515,361942583.7469,361968717.9680,361917590.7117,361937681.0434,9225.4318,16873.0184,9865.6657,8858.9803,361942930.3722,361969065.0171,361917936.8149,361938027.6051,14534.2101,9231.8508,6715.3164,361949775.1136,361975909.4915,361924781.7699,361944872.3213,9225.4318,9898.8237,361939581.8597,361965715.7954,361914588.8872,361934679.0356,7636.8578,361941944.1059,361968078.3395,361916950.7738,361937041.2413,361944217.7557,361970352.0684,361919224.5468,361939315.0041,30531.9701,28942.4317,7500.1392,58594.3083,34266.2648,24558.3137,
72000.000,11346.5220,4053.9187,13333.2139,8513.4481,11620.7158,12389.8080,12996.8102,7040.3743,13377.7749,2762.2963,13233.6793,13049.1630,9342.6273,10116.8458,11262.3769,13592.6112,9171.0401,11616.1400,11248.5749,4784.3624,9868.1860,6544.4806,11584.7774,12625.5180,12888.1788,6591.6163,8160.5527,8384.0143,11800.0229,3019.5995,12186.2770,8890.0905,7353.6991,13730.5695,5176.0707,4481.5199,6011.1044,11004.7919,12781.5765,13110.6299,10396.7695,12798.6124,1545.2736,7210.9767,5354.7994,10663.0310,11329.9261,6823.5393,11539.4532,4196.0473,5004.6663,10575.6980,6786.8135,12880.7366,7500.6538,4273.1606,5000.8207,10825.5159,10089.3946,9458.1100,2067.5266,10964.2654,11618.0914,1294.3469,8252.5302,4972.0796,5982.2999,8230.4670,7319.6726,4034.9579,3640.0279,5343.5768,13639.4531,7647.1488,12712.2457,11305.1667,0.0000,10892.5697,10883.3155,4137.4660,9075.0095,13544.5921,7733.2946,11115.3281,7868.1980,10441.6294,7217.6233,11835.6784,12211.2378,8468.3831,2255.5651,10310.4127,12048.7751,12396.1352,11889.4519,7948.3794,13224.8250,8690.4897,6727.4476,385985.0972,419215.4812,407580.0543,398864.4833,398190.2229,407462.6036,400257.4921,400941.1246,362307752.7305,362330881.3072,362285798.4119,362300033.8399,8543.3385,10844.1941,7207.9816,11952.5849,9551.5694,9237.6841,7527.4871,9919.3450,10266.3334,4471.5699,10928.5744,3023.6786,8529.2246,10656.9926,9351.2574,8515.1671,11828.0812,6696.5604,13226.3790,6128.4960,11623.6166,7548.7120,9897.8499,9884.9258,8197.6241,7173.5614,12747.1329,7142.0123,10897.5241,11849.7629,7276.6877,5554.3336,8832.0176,8048.3035,12819.1883,13202.1890,12180.3006,3198.5362,7765.4513,13388.1649,10715.0122,11216.8047,6106.7530,13064.9482,9959.4403,11045.9822,11930.3765,1344.9907,8415.8397,13002.1112,9720.4700,13721.7191,11563.9658,5157.2241,13118.2363,8331.7147,12342.9557,13477.1651,7071.6068,12332.0531,13084.1735,4428.2156,12002.6138,13376.2667,11480.0777,11859.3976,13824.4953,6057.2095,10559.8613,11964.7036,13094.1715,6720.6379,13808.0842,2690.8427,9024.5377,0.0000,11711.4120,8820.5296,11482.0399,11217.3864,7798.0435,10536.9444,358.2371,13648.8267,10570.0666,8542.5110,1724.6922,8326.7380,6101.2822,12251.0226,11836.5347,2276.0848,11925.4280,12288.4015,11373.2616,10509.7722,11843.4412,12446.3888,390344.3027,423804.3900,412062.8179,403449.8631,402631.5933,411713.8478,404682.6284,405352.5448,362310320.9150,362333449.2118,362288366.8179,362302601.8952,13876.0559,6436.2480,12979.5348,12077.4828,13017.3127,4484.9760,13615.0419,3641.7950,11447.1306,13729.7880,5965.9897,9859.5981,12059.3988,13575.5391,7896.2833,12920.1954,9462.2099,8084.8971,8359.1331,7625.0888,10942.5916,12946.2292,13178.6079,4444.4984,6925.7543,10688.7726,10972.1060,4201.1003,13403.9985,6813.0266,3597.1442,13466.9493,3043.0460,7427.1140,8809.4106,12567.2521,10760.3454,12161.7147,12599.3722,13114.3334,4434.7214,3642.5844,8214.0589,10398.0361,12288.9975,8866.7348,8955.5586,1269.8365,7946.8897,10167.6880,9875.3992,13746.4293,3808.6225,7900.4120,2082.3737,12048.7664,12405.6923,8296.1480,5956.9246,12748.6788,9771.4914,5247.9317,10593.3808,6201.2001,7454.1507,11084.6430,3792.2256,5263.9767,6519.8763,8317.8358,12642.8770,10641.4998,10523.0063,11290.6893,0.0000,12237.9936,10069.1810,6368.5466,9578.9141,12965.7095,7752.2715,8242.1831,10750.8140,11228.8985,6590.8690,9376.5542,11887.5207,6433.0862,6002.7977,11202.2694,9734.8277,13402.2452,13340.8109,8628.0053,13699.8162,10384.1115,8537.2621,385268.4076,418575.3691,406913.7994,398203.2102,397510.1136,406713.3630,399552.8884,400242.3212,362306054.1731,362329182.6721,362284099.9127,362298335.2449,11907.4965,5072.2832,6532.8110,4881.8866,13029.0798,2689.2284,13455.4644,7659.2188,1999.1431,12369.1490,9746.8956,6888.2401,2780.4292,11235.7767,5206.5813,10069.1863,11303.3981,11012.8394,11478.2919,8471.5868,5165.8478,4508.1456,13051.2265,11754.2969,9037.2628,8569.5808,13092.6743,2669.7296,11959.8574,13365.9053,2752.1217,13572.6752,11710.1374,10642.2480,6052.0863,8658.8464,6388.2606,5868.7293,4262.9934,13145.0846,13335.9792,11166.4555,8967.8231,6664.4126,10844.2908,10511.0992,13812.1225,11344.1508,9225.5412,9788.6758,1616.3258,13203.9182,11364.3369,13685.7951,6745.7796,6314.3546,11209.8776,12594.3811,5430.3547,9888.2765,12868.4787,8896.8230,12365.6174,11504.8432,8386.0072,13291.1291,12912.2486,12332.3233,10965.9418,5142.9093,8923.3036,8988.1423,8197.2445,0.0000,6716.3725,9188.9075,12429.4540,9891.2886,4955.1932,11387.5985,11031.4313,8528.4214,8348.3958,12322.6077,10180.8072,7248.7531,12338.4196,12557.5409,8034.7731,9858.2373,3354.0199,3988.0445,10756.3541,917.0862,9407.6193,10854.7436,395889.7678,429267.7213,417517.7532,409012.0124,408100.7464,417291.6066,410256.5975,410878.9784,362319151.5060,362342279.7928,362297197.4463,362311432.4974,13474.4462,7413.5230,12796.0860,2203.2660,12497.6178,9284.7480,8350.4506,12676.3918,5634.8635,12410.0395,13436.1181,12107.3111,2043.4958,13495.5602,3633.2800,9490.8271,10844.0713,5825.7330,12260.2349,13150.8829,13021.3904,2456.1681,10545.3333,13185.9824,12121.4123,6260.3357,12547.1473,387.8649,5039.6879,11176.3694,8521.3992,8487.4136,9035.5830,13557.0035,9126.9937,7632.8000,12567.4201,9493.8257,9392.2580,3967.7322,8763.6547,5364.2639,13581.3289,12580.9865,8276.7628,7368.7499,8750.8786,4976.8465,10593.9974,11633.5068,5675.4804,10551.0462,4623.7468,9078.3272,12638.4106,11284.0602,9711.3521,11111.4390,10476.3864,9043.0042,9580.4837,5919.2176,6349.9389,11605.7796,3824.6254,10483.7368,10958.2442,9038.6165,10123.3258,11434.9807,8404.2066,12962.7465,0.0000,13614.4598,4536.1746,11089.7285,5755.4171,11840.5760,4174.5905,6996.2715,11392.4916,13394.4399,10988.4930,8590.7024,12697.6661,9814.8739,9998.5621,7660.7532,8993.5398,10866.4343,13162.9989,5522.8053,12059.6189,13264.1805,7256.6121,384875.5728,418297.4194,406549.7212,397993.2394,397124.9607,406263.8021,399229.6487,399875.1009,362307368.9834,362330497.1903,362285414.9986,362299649.9442,10401.3494,4301.0544,13813.6597,4239.2884,11273.0164,10411.7954,3366.8934,12935.4863,6912.5359,2984.4977,5145.4315,13266.3927,304.2390,12873.2922,10039.9606,9358.0336,12194.2115,6692.9002,3391.6810,3487.8061,13756.1856,9614.5822,4732.6357,7103.2998,12530.5082,2895.9501,13665.2574,13435.0383,6514.4825,11922.4652,10887.7129,10079.5398,1095.9777,10195.5988,10389.5270,4198.1551,8453.1291,10937.6076,13680.0702,10502.1124,11828.9211,2469.4006,6914.3331,11278.8540,12551.7797,10562.0055,12040.1068,8500.6117,5429.7104,13110.0879,9106.5797,13521.0039,9098.4711,4245.9309,9082.0225,10458.4432,6633.0706,9504.4753,11027.3165,9123.2791,12472.3114,11899.3837,6787.2006,13699.9078,10153.8072,9364.9819,10136.0035,8195.6827,7197.1049,10810.3113,5415.1739,0.0000,1930.8730,12147.6154,9352.3348,11829.3699,6294.3627,12792.0987,12072.2415,6876.4929,4348.8823,9701.3310,11022.0658,5565.6950,10772.2885,10216.6670,10408.7728,10673.1549,6687.5778,1683.8006,12143.8316,4520.6308,5011.6812,11321.8551,396793.1397,430074.7554,418391.0067,409774.5227,408991.4474,418243.3422,411108.8669,411761.1816,362319008.5678,362342137.0894,362297054.2892,362311289.6498,9857.8450,9269.3318,8328.4864,13264.4294,6699.3004,8199.1262,10308.5430,12844.5397,11657.2854,7849.2451,6064.2469,10529.3319,4881.3221,10583.3158,12644.2974,7973.2680,11803.4231,10371.0380,9863.3315,9267.4604,13073.8332,12452.5925,11717.9383,10711.1431,8134.0573,7295.4079,11017.9975,6401.5200,13113.2450,10225.4450,9413.1039,11003.6636,8842.6395,2624.0400,9268.6766,2716.2198,12911.9343,10446.9827,9771.5201,3199.8232,11585.5022,13403.2060,10066.5536,12588.1263,9996.6578,3420.5592,9987.3918,6008.8873,11239.2090,11742.6435,10932.0645,4613.0474,9640.0767,13090.2305,12366.2374,6711.4781,11332.1565,12188.2409,7895.0156,9334.2650,8436.8332,9832.8976,10334.3440,13616.6899,13242.4775,9863.9063,6603.4652,10125.6917,8409.1282,12164.3312,0.0000,11558.1914,3258.1076,13521.0731,5326.1973,8766.4776,6899.9624,9631.2184,9855.5257,12539.3044,13698.9363,9959.9541,11290.5224,12980.2811,12595.1036,4257.1161,9973.6105,5036.1925,9351.0739,6605.2755,7124.0300,12970.6716,8082.2198,390106.1540,423547.3845,411756.9426,403315.3834,402328.7525,411475.3817,404502.2286,405108.6461,362314261.5921,362337389.6861,362292307.7189,362306542.5128,13345.0576,2277.2045,12112.5433,7365.1930,3400.5970,11055.4873,5800.6356,3589.5870,2622.6317,12904.4542,4123.5553,11553.3294,12506.2876,7439.1197,13419.5359,4106.0543,1131.9120,878.4410,13537.8934,8600.0479,7884.1833,4240.7166,13604.8482,4988.1891,12930.5972,12342.3780,4214.0705,11682.6529,13002.3826,12455.8581,4994.9605,6786.8124,8763.1238,7809.5133,8436.0177,12317.2878,12768.3282,12762.6514,11835.5162,3736.5455,8969.6953,8355.1772,12533.1612,12802.6146,11953.0387,11453.4618,6218.1415,11894.1845,11742.0312,13443.5844,10528.4374,7976.7198,7597.4252,12460.4526,9021.8004,6453.5531,12797.4027,11570.1892,13705.1099,13323.7416,10140.0699,12767.2774,11156.6833,11265.1385,12499.9715,5047.3584,10484.6461,7587.3398,3898.0626,0.0000,4652.0897,11650.1345,10940.0617,12638.2273,2343.2366,13382.4219,9452.1629,10163.9764,4927.7898,9385.5892,7960.6674,2617.8917,9357.6985,12209.1137,11478.5851,7486.7122,7802.0554,4989.1875,13126.1126,3977.0336,7188.8040,13030.1918,397437.1941,430802.2192,419087.4305,410484.1915,409672.7325,418851.3099,411768.9750,412424.6995,362318592.8556,362341721.2952,362296638.6366,362310873.8969,13351.4249,7687.9831,9601.9385,13517.4774,5199.1762,11975.7678,13477.5651,13062.1453,3929.1575,13809.7443,5723.6833,9015.8287,10270.8748,6003.0272,12219.4199,13574.7692,13564.5472,811.0331,9617.7144,12808.6521,12118.3935,4991.9728,13306.8606,2534.4949,3628.1765,12376.0072,6897.6018,7982.6367,8922.6615,13728.1516,9841.1166,9460.1078,12990.0266,11067.9449,7938.4081,2418.8827,8485.2209,7171.9944,13657.3702,11779.0898,8489.9227,5535.1988,8380.1427,6827.2775,10504.8230,12781.6166,4383.3606,9829.1240,2542.8008,10297.3908,12969.8214,10593.6482,8564.1956,11994.3393,10449.8240,7800.6651,10022.3515,5416.9606,6328.0418,11712.7069,2329.7768,9094.6846,9789.7228,8751.4308,11325.5389,11425.5402,9229.3109,12861.2643,0.0000,13661.7379,6555.2959,9868.8917,6946.9316,12640.2291,4932.3214,7245.8953,11447.1847,13163.1953,9863.3256,8888.1059,12868.5996,8843.1258,8828.5238,8972.8901,9326.6146,12105.8166,13711.4024,6293.8368,13078.7649,12782.2856,7467.3142,384180.6786,417570.2598,405849.2207,397241.5417,396430.3278,405586.2297,398512.6629,399173.2230,362306122.8524,362329251.1436,362284168.7884,362298403.8454,12946.7925,7183.3301,1574.2826,11719.4811,7741.6523,5018.4722,964.8053,12252.3384,4215.3255,10870.6529,12157.0793,9193.9256,12732.2623,6191.8722,2765.2263,2031.3643,13480.3184,10204.2205,8442.6490,6288.6736,13591.1347,3511.9825,12589.2786,12948.1116,2609.6596,12746.6318,12624.4529,11823.1760,5220.5688,7418.6703,7496.9449,6865.3506,6551.9119,12916.5466,13168.3851,12238.0773,10617.8742,4934.1661,9961.6804,9281.9093,13323.5895,12343.0078,10796.4711,10853.2753,4161.0291,12626.0428,11754.2036,13745.3135,8942.6690,7169.9836,9394.9578,12736.5543,7471.6792,8020.7110,13051.9272,10518.5577,13306.1910,12697.8109,9437.5994,13144.2155,12168.5846,11950.4184,11998.2045,4469.3903,9888.1043,8018.6712,5965.6308,0.0000,5423.7075,10578.7534,11818.9330,11542.8509,2825.7634,12643.4550,10137.3058,9521.9100,6534.0247,10914.4799,8892.1801,4814.9026,10869.6976,12579.9078,10051.9838,8469.6452,5861.8657,4094.3509,12223.7193,1785.4038,8264.2562,12237.8246,397097.8730,430474.5033,418740.1861,410186.4464,409323.3512,418504.0437,411448.3649,412087.5539,362319219.4370,362342347.7992,362297265.2969,362311500.4521,12710.7512,12868.6469,8361.8292,8220.5056,10217.2270,13158.5060,10346.5573,11196.3185,11807.9519,6992.6361,7752.1452,8737.8129,9936.5563,11737.5736,12117.2856,7513.0181,5832.5897,8001.1613,10142.8488,5246.3086,12333.8324,9670.2489,6615.6994,13497.3055,2960.7918,6930.2707,8223.4943,10608.4638,11736.4291,13469.6634,11067.2546,13586.9038,1699.9921,6951.0818,7686.2421,12000.5354,10404.3930,5767.5457,10232.0043,2905.5984,7363.8114,11885.8613,8550.1914,13324.8148,6470.9822,5814.1838,5451.5382,12293.9987,10747.4636,7241.0757,3840.9490,12116.2308,9911.9353,3624.1921,10137.3493,7291.3130,8271.7964,9516.8313,7094.1482,1829.5769,3248.0306,7591.7462,13161.2786,9012.6599,11802.8710,9761.0025,0.0000,10186.7274,11962.6247,2918.0806,10874.0637,12713.9474,9561.7297,10037.4010,9168.7786,9108.6592,4731.8739,10537.8125,10824.4213,6198.9975,3539.0977,11932.7970,10728.0769,13203.9491,11899.9955,9931.0746,13166.1235,7667.7025,8990.0770,387425.0897,420662.2013,409037.6162,400281.7895,399646.7548,408900.2229,401683.9142,402382.8090,362308010.6539,362331139.2899,362286056.2686,362300291.7801,8260.4487,6943.5929,9601.5048,9977.3799,6354.2055,8650.4323,10350.0178,5948.2972,13547.3906,8476.8934,11786.6959,7852.9372,8305.9052,7964.4719,10084.2580,9792.7250,12726.0902,7480.6332,12459.6448,9463.4687,8301.8370,9041.9926,5262.2985,11239.9035,13293.5295,13087.6228,11011.2850,2587.5492,4289.5830,11795.6366,7493.7335,13196.2481,9173.6312,13211.7253,8445.0369,10222.1360,12893.9676,4574.1029,11469.0818,13270.0909,8344.8669,13339.2059,8527.0405,8837.8819,13732.2327,10917.8464,10239.3377,12052.4632,9312.3068,13677.7584,10950.5316,6084.2998,13501.7747,12386.3530,12284.7457,12106.4869,12974.4210,9084.4513,12763.6182,13481.9986,13209.4384,2920.8339,13177.4259,2133.5421,9082.0669,0.0000,10871.1554,7422.8344,13212.7870,10337.3303,5290.3878,10618.9220,4753.6411,12910.2556,10599.5898,11070.0626,4255.7236,7768.6123,9317.6486,13654.6570,10095.5264,4139.1737,9031.9675,10300.6978,11027.5557,7478.0004,12188.2575,12264.0953,392612.6628,426099.5720,414321.4275,405795.6252,404885.1212,413966.2384,406985.5519,407626.6276,362313924.8553,362337053.0410,362291970.8674,362306205.7957,12449.2773,8325.7838,5078.7424,2338.6385,12253.3023,3449.4650,11206.9340,11325.8151,10023.2699,12193.3213,7150.8301,3404.3498,2800.3275,13552.5890,10766.8752,7741.5452,7336.6561,13263.3737,1996.6692,12779.4609,13416.6753,3471.9404,13023.3130,11889.2954,10935.0848,4418.5219,8669.7346,7868.8971,5478.1971,6090.5318,12635.8241,13546.7930,11417.4562,10359.2356,4828.2924,9603.3901,10379.3223,13489.4828,11547.0421,10587.0576,9803.4544,3102.3221,13151.8242,10979.3702,13841.1502,8040.5387,5822.7291,10102.6578,12204.9212,6196.2916,9176.3622,12580.3569,9469.8133,12838.1114,12110.4305,8237.6713,13525.5950,12079.6361,11548.1098,11152.7708,5644.6755,8745.3363,9191.8356,6609.4274,0.0000,4965.0718,10538.2477,11544.3963,11033.4101,4348.2664,12301.1327,11114.6498,8362.6726,6643.1507,11274.9536,10035.4695,5801.0847,11546.3637,12074.7492,9347.2070,9656.6798,4848.0836,2736.1792,11708.1906,1264.3167,7916.3411,11513.4452,396857.2449,430209.4236,418481.1418,409933.0991,409068.7315,418273.4731,411206.3718,411841.1295,362319511.5164,362342639.8899,362297557.3726,362311792.5395,9196.1066,11683.8711,11298.0217,7416.2553,12829.1864,6706.6680,11949.2384,6609.7601,10198.9501,8987.0507,11489.4110,11565.1652,5914.9067,6774.1631,12678.4083,8707.5061,8780.0271,12957.5532,5799.4638,2618.2696,10832.6745,6018.0781,11357.8620,12092.9464,12951.2522,6038.5464,9161.9830,13737.7466,11733.8237,9394.3055,3292.5136,11789.7154,9756.1011,12047.2583,11414.6752,3880.7927,6001.4056,11668.1903,9454.9062,12939.8006,12777.7421,2305.8839,11919.7471,5691.3423,12454.7624,13742.0660,7307.9695,10704.2596,13429.3015,6211.4838,10209.7266,12799.6120,9697.6908,10401.8703,13477.3478,3269.2290,9089.2730,10643.0574,11878.6408,9066.0504,13314.5084,5549.0067,10188.2886,0.0000,12502.4155,8709.8125,10209.4663,10467.6693,10029.1223,9202.0102,2668.5609,13239.7963,11285.4232,7773.8233,4396.3998,9958.3456,5481.6828,10675.0235,11656.3459,4931.3426,12819.9782,13273.4225,10265.0183,12110.1999,11902.4601,11249.8151,387766.1426,421193.8407,409472.7472,400828.0317,400047.3627,409152.7885,402089.1496,402767.2208,362307827.1273,362330955.4665,362285872.9968,362300108.1272,4161.6216,8030.8525,13261.7718,6649.8518,12708.5122,11585.9521,3154.3726,13274.5296,2427.6084,5425.0411,6057.6955,12193.1773,3620.9803,6588.5160,2844.2721,11710.9617,8910.9690,12673.1749,9846.1038,9134.8391,7507.6625,12048.4168,12245.0255,6570.2668,7792.5222,11902.9074,9837.4373,12197.7137,8973.4582,10662.5498,12222.8023,13594.7588,4694.9654,5685.7707,7487.4200,8927.1177,12091.1529,13583.4154,11435.0489,10561.2108,9192.9517,10105.6479,11085.0799,13026.1839,9685.1772,2579.8649,9940.2455,11746.8987,4800.6719,10262.5943,12568.5506,12775.3308,12999.9805,10783.8375,10737.3322,6935.6477,7948.3889,11951.0528,8873.3746,10768.1967,8554.2506,2108.2686,0.0000,5455.0690,13288.2379,7159.1992,13731.5329,6888.7393,13531.6415,8578.6773,10630.2603,3028.7310,4180.9711,7375.8823,3492.9183,4915.0392,9495.6744,13497.5737,7095.3377,11593.4367,8289.6339,13623.0790,8986.7018,4808.4372,13142.7025,395104.6025,428405.9672,416751.8719,408023.5835,407349.1668,416550.3377,409382.8035,410077.6499,362314564.0474,362337692.6765,362292609.6466,362306845.1591,5723.2163,13676.5637,2688.5267,13112.8321,10945.4483,6931.3237,13070.2836,4165.0318,2558.8468,3217.4019,13541.8645,7344.4074,4804.5632,4668.7852,12572.8164,5460.4607,13659.4001,12326.4619,7238.2524,10394.3134,11693.1472,11302.3527,2796.9465,9029.2411,11122.6179,6723.6155,10191.9033,10305.8810,12827.1211,11542.9311,12934.4530,574.7716,5892.4391,9754.6076,11391.2828,11515.5322,13055.8382,9949.4039,7642.2830,11847.0718,9630.2926,12925.3364,11083.3727,6646.0095,6573.8905,10413.7650,9062.4954,7415.5701,10938.3987,10901.8488,13013.1470,12768.4235,8622.7989,12869.6066,8894.2178,8756.6940,11193.3724,8137.7507,8841.9952,9796.7129,2588.8790,0.0000,1709.3160,12968.0387,8398.0696,13040.3613,5732.0895,13539.7500,10772.5778,8599.8495,1684.6971,7558.6006,9507.3932,3311.3211,8603.4559,10048.7289,12075.3460,9129.3005,8936.9563,4565.0654,13191.2801,6110.8184,3832.3351,12481.6255,396933.9024,430221.3173,418552.6467,409883.2125,409152.1175,418384.5040,411231.9099,411903.7818,362317841.1913,362340969.7774,362295886.8414,362310122.2923,11871.9845,5118.5279,10278.2313,12495.5797,9169.5212,12714.9981,6298.7631,3387.0019,2676.8164,13232.8325,10293.9330,9175.5746,6310.3035,13648.5422,4207.4650,12176.0316,12666.9441,1764.8473,12783.4287,12868.9257,12102.3674,6095.9595,6740.8611,6785.8113,7540.8118,6254.2535,13190.4215,12872.5980,12499.1336,10265.4804,5702.2339,10543.1429,8755.7911,13325.2911,12607.9007,10425.7821,11290.4413,4333.3416,12355.6530,12201.6089,13606.4507,8960.2396,7863.1978,9475.8852,13079.4229,7806.2018,7722.4206,13332.8067,10789.9835,13330.6046,12738.0142,9985.7729,12838.4070,12478.2526,12377.7021,12290.8892,3562.9677,10422.6654,7305.1789,6339.9126,0.0000,6251.6978,10123.2307,12228.9139,11386.5031,2274.0952,12468.3035,9586.7398,10058.5624,7150.0054,11115.6296,8347.1349,5013.2988,10823.4167,12943.7298,9955.8591,7925.0114,5945.0765,4941.9739,12124.0332,2015.7611,8942.6266,12328.0509,396821.3370,430218.2939,418473.7338,409931.7586,409053.2530,418217.7744,411178.4801,411815.5469,362318903.0431,362342031.3697,362296948.9342,362311184.0434,13331.7770,3249.0028,9093.6894,12075.5542,4891.4385,12997.5318,13253.0474,13035.4629,3828.5860,11827.0348,13280.3183,12892.8052,6663.0351,11958.9405,1905.4098,6968.4953,10804.3779,10015.4786,8085.8221,8307.1564,13427.0061,9888.8950,6872.6642,11882.0152,8262.8903,10152.9152,5923.7335,8162.9397,3536.5880,13743.0380,13073.2353,9520.0087,8845.7548,8234.0072,3137.1168,9935.7065,10747.3692,7559.7636,10490.8700,6101.9185,7575.4703,12007.3257,12478.6156,10042.2769,9970.2990,11568.1654,9441.1009,8461.1272,5593.3926,5564.9444,10916.8459,5792.6314,11452.2677,11524.6914,8467.9519,10083.2743,10811.0508,9179.0930,13553.3012,0.0000,13669.4881,2929.9153,11809.8933,4034.3323,11970.0700,2906.8760,8364.3534,10746.4862,13836.2444,12212.3616,9747.1874,13203.9456,11286.3015,10395.7999,5992.3770,10075.5429,9730.6862,12707.1352,4098.7450,11535.9221,13622.8304,6232.9411,384996.2640,418417.8949,406657.4528,398141.1034,397232.6863,406382.0842,399364.2519,399995.3237,362308359.1875,362331487.3454,362286405.2552,362300640.1331,12909.6059,10159.3155,9129.2147,12314.4677,6431.1965,3175.2374,3323.0551,13765.7633,9408.3736,4702.8124,6848.6009,12568.9680,3127.8520,13689.2443,13351.4157,6529.5030,11799.0274,10999.9285,10232.0717,1065.5500,10063.4836,10453.0155,4465.5567,8621.7849,10902.4630,13622.9548,10637.2687,11957.7195,2172.8488,6809.5280,11128.1216,12467.3041,10688.3897,12160.2710,8670.3278,5631.0205,13009.8631,9180.5920,13494.2681,9316.0250,4497.6630,8848.0410,10480.8146,6894.3168,9293.0536,11047.9311,9329.4132,12560.5735,12019.2335,6989.8287,13644.8123,10051.7122,9323.1102,10271.6848,8148.2641,7380.8289,10697.7063,5131.1661,0.0000,1705.9910,12245.0722,9275.7122,11977.1876,6169.5148,12897.0641,11949.2015,7067.5161,4079.0136,9509.7735,10869.0005,5305.9946,10576.8973,10225.0733,10597.2354,10513.9826,6911.5922,1967.1559,12278.6950,4614.4748,4863.6966,11469.9850,396872.0512,430154.5437,418472.1323,409850.5635,409072.4131,418322.2307,411186.1588,411840.3661,362318953.3732,362342081.9014,362296999.0872,362311234.4571,11280.0875,11349.1408,7700.5605,11879.3064,12150.0654,11839.5685,6033.4363,11674.3270,13867.9819,11661.9560,9238.4831,11419.5585,3382.7350,7445.9410,8968.4498,10872.0042,10507.6814,10496.2494,13246.2925,7606.1725,4512.6726,12306.4909,7321.9102,11907.7241,6742.7378,10486.2951,4167.1239,13234.4534,13828.5005,7738.7808,10139.8239,10575.4708,3822.4065,11685.1971,9957.6898,7818.4549,12344.4858,7962.2230,8229.4126,12522.8785,11972.3608,12039.4850,10406.4534,10091.2236,11557.5176,10134.4408,8452.3520,8300.5815,12166.4210,6589.7360,12620.8693,12982.5921,10694.1271,7782.1194,12205.3540,6771.2322,12728.0046,0.0000,13408.9224,2719.3229,13069.4837,6091.9611,10127.6928,5885.2767,6651.8496,12046.0270,13484.4227,12453.7492,7861.1675,11991.6575,11012.5620,12273.5992,7042.2398,8147.9385,9299.3630,12342.7790,6698.9868,10317.8307,13931.1391,8722.4198,387131.4094,420605.4253,408820.2620,400329.3471,399386.2052,408490.5210,401514.5982,402142.0271,362309977.2183,362333105.3193,362288023.3281,362302258.1360,12233.6113,4829.4661,12625.0593,12050.2946,12133.8792,8401.3265,10978.6051,7455.2010,12911.7779,4776.2928,9892.9535,9776.2766,10521.3338,12555.8186,9257.5766,1349.7906,1641.7492,9546.0337,13806.9648,12080.2641,7254.5680,10402.2353,5452.0189,10082.4626,1305.1737,8996.9547,10777.7521,7568.1089,13419.2939,8433.4703,1098.1320,9098.2775,2376.4810,10357.8895,10746.2881,2313.1111,8117.1678,7470.2249,6984.1683,11862.4266,3464.1663,7357.5000,13396.0737,3646.6645,4001.4036,4382.9289,4062.7460,4359.2718,10122.9343,7377.4244,5527.8037,957.9463,13240.0750,3749.0854,13753.0913,11982.5879,0.0000,9984.0729,9821.6153,6512.3043,6901.2413,13250.6871,6740.5801,13084.6793,4039.5498,10714.3938,10224.7105,13568.9238,12659.8482,11582.4799,3915.5984,7345.2845,13665.3991,9482.1493,9721.8304,6000.1198,11449.3689,8749.3931,3755.9678,387223.5140,420440.4977,408783.3660,400149.2472,399395.8571,408701.4769,401522.4894,402175.6104,362310866.0007,362333994.4991,362288911.7699,362303147.0879,12965.1466,3651.6840,7486.7109,7939.3246,10653.7582,2099.0089,8977.5510,3550.7202,11088.8437,10755.8648,11094.9481,7536.2490,9793.1377,5956.5992,12360.6148,12839.6173,9153.8258,6305.5671,11403.5945,11782.8207,12656.0964,8923.2122,8534.0418,12685.3007,13099.9694,7454.0539,7574.6255,5110.3672,7434.8266,12528.5269,12989.7401,12564.7930,11834.7336,6781.7948,11064.3415,9501.1229,13625.1959,11674.0611,1055.3877,10332.9593,13041.2468,2909.9757,10379.5344,13399.8185,12342.9987,12813.2348,12333.0880,8609.7097,7026.0200,8716.4688,12518.8736,8740.2334,12242.8522,6899.6968,4697.6417,0.0000,8199.2300,12501.8724,7856.9745,13457.8874,7570.5881,12852.5531,6123.6280,12131.5974,6046.7793,3648.4324,5149.6563,5163.5086,2335.1247,9961.7626,13696.2208,5029.0859,12648.6830,10456.5731,13289.4637,10342.4984,7398.6647,13237.8373,393137.3408,426482.2021,414813.8768,406086.9918,405403.5065,414562.9823,407421.0154,408120.0546,362312095.1527,362335223.7211,362290140.8023,362304376.2377,13682.9395,13366.7363,13258.6158,5312.5731,12099.8982,11021.0366,13782.5975,4044.3221,11161.3113,6004.4283,8878.9510,12116.9298,9855.7059,3677.5996,3919.4181,12069.6542,12658.8975,9674.9096,9642.7387,8976.1632,7776.7174,7971.6257,3677.7945,5323.1289,12994.6564,11006.3996,12267.5230,8533.7221,3782.7082,5298.4701,5999.6988,10530.0610,9394.4905,6786.7968,6419.2748,6259.9687,9624.6966,12974.8353,6756.2860,8088.1232,13348.6168,6260.0900,4885.2882,1810.5745,796.2893,7577.9726,7936.8990,9778.0689,8919.2460,4092.6239,12260.0469,7291.3582,12256.1123,13622.9636,0.0000,12508.1140,6085.9538,9602.4423,3028.0829,13320.0259,2085.5935,11458.8849,7367.3407,13086.0254,11865.8956,12473.7770,13775.8294,12101.2864,7270.7513,4962.7307,12701.3910,9250.5687,11573.5230,1631.4992,11814.5749,11931.2054,1689.5123,384811.5372,418126.0002,406412.9260,397855.5424,397007.5066,406246.2550,399151.0366,399786.0798,362308947.7366,362332076.0339,362286993.6903,362301228.7446,4145.5664,4645.9592,12522.2739,5093.6531,7914.9539,566.7648,12689.3548,8225.6007,12463.2522,10215.2922,7366.9762,8907.0893,13003.0165,13000.4184,6740.8161,6032.4591,10499.8912,9994.5945,11125.4877,10645.8413,10976.5088,13066.5931,13039.5447,4714.5416,7641.9102,6387.0108,10170.3547,12991.9089,13035.8540,12258.2006,9561.6594,9576.6658,11466.1487,11820.7930,12649.7960,9972.3015,3790.3335,11471.0793,11504.6513,3525.8601,11722.9937,12917.2000,13456.4684,13528.9505,11436.8229,11016.9856,8893.3750,9806.2730,12825.1877,6907.3236,11543.6191,6928.5982,1780.2569,0.0000,5769.3723,12608.9332,9133.2212,13614.6663,4765.0847,13646.4150,7693.7141,11333.4678,3978.8076,6129.8880,6116.7388,1572.0869,5862.6384,11106.1893,13172.0802,5695.8822,10784.9353,7891.3843,13746.4724,7656.2029,6408.6785,13604.6788,396028.3080,429377.9811,417694.0852,409010.2610,408282.4894,417451.6616,410328.9626,411012.4615,362315671.3308,362338799.8716,362293717.0083,362307952.4063,747.0420,13717.3766,8440.2667,6936.4137,4420.7383,13429.0770,4663.3458,13310.9852,12578.4276,5037.2022,11531.5822,12646.0054,12091.5926,3996.8749,7659.5265,9504.5840,7190.8343,8826.4609,11872.2526,13013.4274,12403.7486,12186.2271,2650.1988,8153.8482,9007.1723,12415.5009,12433.2268,12318.4936,10932.7598,6331.7248,12125.9257,11140.6095,13491.0682,10561.9561,7306.6787,7486.3721,11950.1380,8792.6211,6936.1572,12357.1888,11272.8839,13585.7016,13205.4175,9540.9800,13024.3301,10664.0185,10640.3815,12107.9596,6057.6845,9877.6535,8452.8668,3446.6289,0.0000,3579.0588,12103.6302,10328.9818,12769.5684,3455.2724,13504.4686,10084.7544,9566.8862,4039.7178,9054.3902,8651.6008,2662.5917,9369.7182,11670.5843,11590.0714,8200.2888,7894.4014,4359.8004,13179.2868,4272.3678,6252.4181,12874.2596,397541.7196,430881.6220,419179.9904,410560.7602,409769.8349,418967.6490,411864.6246,412523.5578,362318725.4979,362341853.9809,362296771.2409,362311006.5573,13707.1983,8934.4028,7354.7036,4858.7562,13535.2128,4273.0921,13163.0320,12712.9088,4366.7516,11901.9076,12699.5979,12073.8259,4250.4617,7528.5814,8985.1772,7084.8508,8253.9302,12210.3845,13095.4082,12416.3393,11816.7155,3238.4878,8678.3965,9048.1610,12709.4311,12466.5800,11961.0989,10953.8759,5755.8984,12291.1434,11355.6340,13613.1296,10172.1116,7254.4209,8005.6463,12219.2243,8457.2554,7173.1003,12603.6719,11116.4145,13574.1844,13131.0874,9537.5375,13096.6348,11119.7791,11044.6845,12133.5953,5563.1941,9910.2672,8287.3725,4121.6642,0.0000,4032.2114,11740.4682,10780.6454,12498.3007,3052.1382,13333.5640,10084.4864,9581.3239,4731.3120,9588.3396,8675.1611,3155.6263,9787.7524,11971.5410,11229.5533,8222.3155,7372.5909,4175.2843,12983.2679,3601.2122,6816.7527,12763.3682,397533.5818,430884.3045,419173.5006,410572.0881,409761.3631,418953.9096,411864.1696,412517.7839,362318953.4101,362342081.8607,362296999.1841,362311234.4575,9896.5534,12604.0068,12453.8520,4326.7854,13222.5197,2792.8934,4223.6582,12567.0128,7041.1291,7317.4952,8294.6590,13641.5726,10386.7176,9675.1840,12705.0817,11007.4393,7604.3830,3055.5852,7833.5922,6987.8157,13693.0852,11620.1106,9115.6949,5571.0737,7727.5185,6662.5197,9962.1844,12709.8161,4960.0461,9323.5848,2425.4045,9958.2527,12672.5901,10912.8473,8080.8653,11677.4536,10942.6095,7295.6219,9485.7069,4662.3254,5623.8381,11266.0071,2994.3479,8963.8590,9486.8632,8121.1412,11662.7201,10955.7375,9802.8923,13062.5156,0.0000,13625.5580,6528.2477,9649.2279,6491.9809,12932.0086,4365.6794,7924.5352,10996.1362,13228.9658,10028.5270,9498.0606,13127.4102,9226.5965,8387.5991,8604.2311,9914.3570,11951.0977,13609.2384,5717.6865,13132.0451,12690.1977,6806.6806,383921.8988,417298.3437,405581.1694,396974.4355,396164.6058,405333.5269,398252.5961,398911.4530,362306124.4660,362329252.7647,362284170.3985,362298405.4638,8185.0839,5172.6035,9737.6033,11136.2395,10847.9786,6933.3088,10920.2074,4233.0499,11113.8924,11789.8769,9202.3851,7888.3541,12201.9843,11516.5107,13129.7770,7099.3883,7915.7674,11545.6880,13080.8981,7802.5404,6276.7688,6439.2387,5857.9608,11341.8633,12966.2994,11569.0483,12338.2778,6221.8983,9657.5400,8383.0363,13497.2944,11326.0599,1519.4129,8683.1622,12909.9610,4856.1299,8729.6675,12706.2844,11243.2638,11856.1017,11572.2145,8023.7420,5057.7309,6967.1908,11375.6562,10097.4343,11373.0739,8333.8377,5558.8622,0.0000,8286.8406,12614.4687,6038.4220,13045.2145,9017.6438,12232.3071,7077.1465,11327.2643,6158.8511,1616.1919,6600.0867,6470.1372,1613.9135,8275.7605,13488.4575,6600.8129,12952.0178,10709.9161,12665.7325,11150.8022,6688.0014,12356.4876,391838.5164,425146.1711,413497.6715,404746.1478,404094.0897,413281.5363,406108.4097,406812.6816,362310951.9250,362334080.5426,362288997.5346,362303233.0322,8421.9390,10170.6630,6755.2113,13478.2337,12312.3861,10270.5187,9530.2761,8518.3947,8225.8923,3694.5988,12088.2251,12833.6416,5198.4706,11117.8246,7429.3318,12593.8161,8407.1158,12713.4814,4567.0979,2804.8083,12179.2843,10128.5949,8323.9936,12858.2011,6526.8720,8914.1503,12014.6056,5679.8776,11705.8358,10269.8414,4763.0311,8288.8266,6900.0066,8103.2747,10440.2819,7675.0442,8463.2197,10687.4662,10477.6478,5472.7793,12664.4114,6649.8282,5340.6338,7970.7941,11342.0170,5429.3843,12593.9323,6466.7957,0.0000,3607.7334,13134.2512,5431.5448,11859.7469,9709.5602,12175.5593,12739.1996,5362.2486,4368.3106,7478.9656,12117.7062,7667.5626,9587.2176,6519.9336,11171.8377,11926.8254,9424.7580,5625.5129,11607.1157,8638.1887,1992.0099,10112.5951,394097.4529,427299.5823,415668.1241,406968.6500,406283.3387,415583.9553,408372.2082,409046.9767,362315852.3345,362338981.0007,362293897.9274,362308133.4757,12813.5819,8491.4011,12313.6918,10058.9060,7288.0463,8965.8969,13240.5423,13253.2326,7202.2369,5570.1777,10307.8043,10360.6661,11130.4099,10898.6832,10832.9669,13311.8327,12986.9081,5208.1454,8112.5711,5948.5660,10218.6588,13239.6514,12970.6749,12584.1064,9697.9290,9412.3846,11816.3287,11799.1805,12771.8680,10356.6145,3843.0688,11767.1156,11738.4871,3051.5731,11981.2316,13157.0644,13572.0307,13658.4348,11798.8891,10868.5837,9173.3611,10161.9351,13086.4266,6650.9854,11907.6160,6485.0116,2339.5207,0.0000,6267.7337,12497.0527,9483.1324,13653.0515,4616.0499,13661.4046,7300.6129,11694.1632,4539.7085,6324.3153,5659.0001,1814.4856,5792.4182,11415.9173,13246.3753,5221.0538,10914.0579,8237.1404,13807.9777,7763.2205,6939.0729,13762.5970,395946.9274,429308.4501,417619.2543,408940.1961,408205.5382,417364.6831,410250.7248,410933.7379,362315511.4578,362338639.9813,362293557.1497,362307792.5257,12405.2357,6604.2603,6742.2080,13400.9346,6597.7274,3721.4278,5248.9703,12134.5911,12523.7782,11697.9931,10805.4141,11610.7219,4459.9798,6103.3548,4553.5001,8444.8843,12615.8792,9152.2592,11410.8565,5087.5142,4303.4032,8310.3519,6878.8619,12481.0374,7185.4733,5629.0439,3701.5150,9447.2700,10620.2857,10939.0266,4236.5630,10422.9728,12212.7073,3380.6746,7338.9123,2304.9688,3677.2793,8577.2573,6155.5421,6682.2042,6336.3637,4800.8952,13190.4693,8074.1616,12230.9950,12651.3647,0.0000,12213.8705,8687.8265,6869.0271,6741.4998,13732.8858,5019.1429,10654.8496,8250.2254,12070.6707,9203.6350,11727.4346,13194.3647,9696.1037,4693.4853,8490.3111,12011.9386,11661.1556,12445.8169,5474.0047,13157.2117,10662.1079,4810.2147,384413.1998,417691.6425,406020.8461,397367.2097,396622.0590,405869.1053,398714.3260,399380.2689,362307027.5603,362330156.0041,362285073.3692,362299308.6204,12672.7033,13558.2920,4973.6784,12926.9684,10565.6871,9459.0927,3767.8966,9978.4998,8425.3061,3551.8209,5859.0317,11850.6840,13580.1137,10007.2639,9904.0630,5071.5625,8928.4673,11416.0820,13233.8981,10159.7615,10175.6232,8147.8201,2599.3184,13368.1741,9626.5678,13501.0044,6871.2018,3944.3162,10698.3173,11116.9531,4529.1126,10325.0835,11552.9013,7878.8419,11843.4528,11003.8758,6443.6364,13565.3288,11575.9553,10668.5556,9713.8856,7117.2168,7005.0109,10404.6165,7424.7563,0.0000,4720.6895,10342.5723,10834.7979,10163.5158,6123.5119,11546.6055,11987.5450,6610.0789,6867.6845,11385.4736,11142.6580,7025.2490,12015.7549,11027.2430,8354.4339,10829.9473,3940.3106,1419.0063,10763.7236,2572.0686,7413.7975,10264.4994,395962.9032,429281.6299,417564.6415,409015.0269,408158.3431,417393.0943,410306.6796,410938.8279,362319171.5977,362342299.9926,362297217.4421,362311452.6336,5320.1895,11196.3580,8882.5273,8768.6351,9273.3080,13773.9083,9165.8088,7502.5722,12751.4973,9452.8145,9773.9696,4256.8229,9019.6114,5249.1231,13802.4205,12915.8684,8374.4430,7743.3476,9018.4167,4848.6334,10839.3895,11686.1732,5951.7892,10874.1097,4990.2342,9109.8184,12836.4991,11557.5718,10070.2774,11214.7803,10640.3336,9405.7726,9744.2028,6182.1253,6559.9233,11831.6627,4107.7184,10859.9112,11325.4282,9299.6606,10119.4829,11675.9022,8414.7629,13188.4489,0.0000,13845.2671,4361.1931,11459.5392,5771.0547,11918.9789,4265.1859,7073.9459,11626.1708,13652.0799,11321.7627,8679.8146,12878.9420,10101.8242,10361.7521,7665.2414,9083.2076,10902.2756,13323.8153,5610.4962,12129.4431,13563.2839,7437.3827,384815.6770,418245.1722,406492.3077,397944.4058,397066.1797,406199.8853,399173.6665,399816.8496,362307378.5688,362330506.7578,362285424.6006,362299659.5227,12287.8176,4538.7539,9806.0246,10838.3482,13276.8047,8327.0299,10457.6510,13657.1830,12458.4266,7605.8836,1242.5355,10395.6550,9763.5212,12640.2486,10771.9498,6267.8374,3906.1529,10220.4531,9453.5833,11913.0377,13511.6187,827.4669,10549.5849,3307.5116,12362.7147,13586.1642,7929.8284,9002.2163,13405.7021,8010.0533,8374.3296,12012.9728,8011.0712,8998.9410,12804.7329,1355.2514,7757.8860,9275.1318,10525.4767,10880.9692,12518.2923,7896.3420,11095.0117,0.0000,12883.9637,8955.0696,8947.4391,9848.6038,11681.9900,8154.5102,5211.5610,12521.5667,11729.9666,7419.4203,6762.9080,11217.6833,5800.9786,9029.2781,11411.8984,7242.4114,13315.8932,13753.0211,9300.5329,13167.6647,11729.9728,10033.4040,385951.2607,419337.4307,407637.7067,398967.4086,398219.7476,407358.9030,400260.1273,400943.1123,362306312.1809,362329440.5697,362284358.0122,362298593.2042,13009.9407,12767.6455,11981.7392,7439.4543,6287.9563,5156.6507,8136.2960,5050.2847,13511.6655,12369.3205,12378.7953,9047.4399,7229.0532,11534.5884,8454.4654,13364.6019,12513.8577,9200.9791,11450.1003,4113.6459,12060.5461,12566.3980,13234.0207,8226.8749,8509.0438,10222.9110,13369.2215,7660.5477,8068.3616,13518.3166,10557.1962,12889.1874,12245.6113,10333.2238,12312.7545,13044.5439,12972.0454,12231.5515,2492.9639,10766.0064,6640.0467,7667.6041,0.0000,7690.6868,8821.7045,12883.0064,10468.0370,2997.2093,11630.9368,9073.5145,10402.0308,8551.5140,11815.6222,8059.2982,6296.6103,11233.4975,13304.9225,9055.6084,7699.7850,5406.6918,6012.8951,11340.4030,2500.1074,10157.9816,11859.2565,395793.2341,429217.7394,417454.2578,408944.1636,408028.8723,417175.1536,410164.6896,410793.2882,362318226.7390,362341354.9904,362296272.7016,362310507.7110,9005.3345,10195.2878,11427.3065,9935.4413,12785.6910,12442.1231,13741.5841,4548.6709,5310.8473,9706.2549,12088.7554,10714.6092,7304.3388,8014.1878,1803.7867,9431.2601,11901.4464,10659.8009,13724.9715,4140.9087,8339.7658,4927.5989,13178.8759,12208.7088,5717.0933,6551.8186,13264.7445,7988.3641,6208.3747,11784.0070,8564.8794,9597.7949,11428.0426,5468.8765,3696.4563,5824.4221,9667.2056,12154.1772,11033.5418,9962.8625,9246.8124,0.0000,10827.4128,11692.3833,5181.2248,11530.8644,11873.2534,10079.3514,7791.0980,11106.4359,9296.1924,3783.5864,8390.9758,10070.3932,3893.7419,6307.1778,12690.8539,8652.8189,13778.5690,12644.8720,10764.3616,13203.4195,8716.9118,10448.3644,387692.3408,420984.3489,409341.3863,400588.1755,399940.6542,409143.2942,401959.2855,402662.7606,362307448.2867,362330576.8759,362285493.9333,362299729.3885,1746.7187,10463.5338,13642.0359,11753.6655,8191.3417,10388.4469,5479.8205,9246.7855,967.1909,8301.7520,11566.7196,8415.3820,13139.9846,7958.5774,635.7927,8358.8856,3454.2677,10771.3465,10119.8798,3370.6748,7196.7047,7434.5772,7976.7911,12072.1842,3742.6650,7863.1113,13421.9345,3577.6712,4266.7932,3078.1175,2886.5088,5437.4770,9278.4887,7629.4522,6095.6913,1183.4072,13257.3982,4892.6834,13492.1353,12531.3457,0.0000,10863.3615,9085.3163,7013.2805,6101.5220,13529.0145,5632.7416,12655.5021,5134.3708,11456.4052,10443.0181,13327.1015,13117.0056,11535.6925,4290.1635,6976.0069,13475.4714,9783.4099,10530.2662,5024.4532,11891.0432,9656.5355,2887.8522,386139.1972,419375.6267,407709.0654,399084.7228,398317.9591,407609.3782,400444.4239,401095.8840,362309827.0396,362332955.4987,362287872.8449,362302108.1113,9746.3018,13651.1731,11151.3498,6936.5177,9268.0411,6800.9634,10273.2746,790.8392,7765.8479,11104.2135,8698.4318,13480.0334,9292.1323,1126.8732,7910.7374,2231.0680,9552.4270,11123.1718,3789.6058,8485.5650,6059.0880,6774.1406,12576.4211,4972.5633,6336.4394,13670.2663,5024.9300,2580.7772,4107.8833,3245.3670,4162.6372,10286.3193,8669.6952,6964.3398,732.3786,12751.8464,3728.2831,13531.6834,12434.5608,0.0000,10326.3066,8743.6061,7884.8275,5578.1210,13031.1743,5821.9992,13080.0444,3923.4299,11299.2647,11218.0845,13603.5840,12904.0733,12305.4416,5427.0250,5873.5627,13697.2613,8453.3578,9502.3362,4815.0678,10909.7636,9588.3197,2480.3370,387162.9783,420403.4838,408725.9529,400132.0121,399334.1148,408628.8590,401479.2181,402120.2397,362311346.1908,362334474.6185,362289392.0280,362303627.2518,10643.4843,11073.7258,4172.4092,9169.4972,10240.8075,13549.1898,10127.8914,12178.4289,2258.8010,5955.7542,11498.7125,12088.6111,10158.3233,12376.9039,8080.0249,6283.6686,12942.6093,8413.2574,13239.0671,9449.5751,4078.6013,8763.5200,9761.8216,6955.3080,9636.8958,10384.3326,9025.5418,12211.5203,11712.4417,6415.7353,13581.8727,9401.4317,8531.1229,9737.2517,8967.6800,6753.9265,11257.7265,5304.1722,0.0000,1250.1430,12523.3196,8517.5745,11977.7681,7042.4691,12805.8768,12273.7251,6473.6164,3820.8293,9126.1579,11280.6116,5797.6212,10457.1346,9483.7439,10698.5193,10956.8870,7370.6851,2467.2425,12165.6104,5527.9193,4036.1464,11169.3666,396445.8180,429706.4057,418036.5690,409397.8058,408640.8858,417905.8789,410750.7421,411409.0479,362318505.6878,362341634.2522,362296551.3702,362310786.7869,6670.0923,12223.9910,9368.7235,12490.7278,8803.3111,13690.3456,10237.8199,9396.2426,11864.3405,2588.5052,10521.5795,13683.9543,10113.6062,13752.7284,9698.4797,7904.5161,13591.8137,10659.8032,11764.3443,12391.4222,7235.9781,13309.0018,12048.4572,3660.0011,13172.9019,13301.3192,12812.3503,12862.1992,13378.0056,8753.7375,11613.2877,12686.2893,13642.0101,4018.5701,13513.3849,1025.1236,7547.8245,0.0000,10214.7130,9250.8535,12223.2386,11758.5876,4967.5090,11706.8449,3534.7127,13274.9352,9358.3092,9330.5647,2100.2867,6337.0463,7352.5523,13182.8209,11689.4867,1762.6192,10447.2523,10503.9862,12201.6590,8226.1399,11176.8771,13139.1133,393234.3409,426700.0676,414947.4847,406362.9261,405515.0741,414600.2664,407583.9594,408243.9529,362313497.7246,362336626.0094,362291543.6376,362305778.6996,10312.9454,4016.9447,13435.8045,10100.3941,11431.5159,5135.4508,11156.2496,13575.7867,8212.8498,12519.2393,11598.6210,5173.1366,11587.8322,6524.2390,10547.0906,12885.2581,11162.8209,6895.0823,10674.0481,12010.7012,13275.2745,8361.4837,9619.6594,13091.7430,9882.3518,10742.5316,10114.9366,11285.8511,9983.9415,13716.7103,13751.4924,11488.5453,4549.4784,11573.5755,6206.0725,11176.3823,0.0000,11404.2427,4456.0040,13824.2073,7393.2172,7173.9988,8438.2342,7915.5982,11285.7961,12011.2301,13101.6945,8032.8518,10044.9863,11960.6607,13411.9249,6679.8641,8006.1390,6271.4558,9617.2931,8482.8480,6742.8347,12962.6335,9970.2257,391270.9555,424745.1663,412948.7457,404492.8542,403514.6343,412626.3874,405666.4660,406281.2724,362314479.2590,362337607.3540,362292525.3733,362306760.1738,7307.3430,10159.2540,13551.4700,7545.1513,10003.9770,6266.3816,7617.5502,13097.1872,12506.8058,7701.5468,10295.0612,5163.6974,4980.3012,13570.8636,6984.7925,12785.6087,6245.9140,541.8037,11486.6639,8916.2667,3352.0730,12108.4064,9480.4380,5535.2108,10187.3700,9285.0516,3170.6720,13558.8459,10366.9449,8812.1653,7174.3722,9967.1748,3792.2537,12539.9295,8905.2171,0.0000,5310.4434,10787.9839,9281.4042,9345.9611,9146.7620,10632.8433,13437.9133,3408.3728,7551.9961,11285.0380,12950.0261,9141.7264,12537.4891,8883.2933,7722.2390,12745.3696,5049.1784,3181.7803,9608.2271,5975.5193,6703.4850,8379.9338,394053.7149,427305.5513,415618.9983,407041.8472,406225.0190,415512.5389,408378.0068,409013.7923,362317805.4847,362340933.9519,362295851.2743,362310086.5551,13107.7298,12047.2182,9784.5824,5282.5143,10017.6342,12564.6262,10914.5181,13442.2526,10034.4698,5605.2762,9237.1459,3472.9577,12557.1103,11302.4094,12309.3605,3862.6796,7757.4387,12975.5164,12357.9259,4820.9723,11457.5106,12384.0060,7306.3625,10299.1311,9242.7239,8546.1288,11961.7349,13605.2240,12950.2291,9756.3624,6267.0491,8990.5098,9221.9969,11170.5594,0.0000,9896.6240,5722.7942,13253.2155,6611.1598,7769.3596,8473.2515,10836.2338,8652.1834,11314.3429,13664.1469,10716.7394,10305.9954,13349.9155,12520.4403,4652.0242,10596.2572,2519.6767,7183.3446,7808.2754,5025.1572,11786.6837,8583.9587,392298.7363,425707.5537,413929.7036,405481.0320,404507.3153,413682.2686,406688.3413,407293.9122,362316613.0199,362339741.1714,362294659.0953,362308893.9639,7706.4931,6245.0013,11509.5884,10401.5386,5537.7856,11234.0696,4114.9871,5905.2500,11437.8266,7118.7612,12824.1657,7584.5160,4268.4754,5829.2797,11397.0455,9813.9872,8392.6665,2163.4835,11166.4249,10931.4633,2019.0461,8869.3349,6332.6950,7207.5502,8257.7552,7829.9985,2556.8975,2370.1304,6128.6850,13444.0338,7695.8284,12538.4849,10272.0936,0.0000,9996.8518,11675.9416,2667.1834,10091.0632,13038.4441,8915.5223,11002.9461,7898.8887,9330.1833,5981.6961,11506.0882,11332.3094,7610.7640,1903.0559,11082.2572,11672.7211,12550.1398,11407.6081,9080.9265,12938.3048,7523.1009,7816.1217,387195.8445,420414.8388,408790.6305,400051.6491,399402.9710,408678.3073,401458.2780,402149.2700,362308470.9721,362331599.6000,362286516.6017,362300752.0991,9822.4238,8915.5906,13098.2238,11206.9377,6965.0894,4314.1705,9666.0762,8586.3465,11535.1474,13355.5904,2047.9410,10374.9003,2630.7276,11753.5294,13498.2577,8912.6419,8878.6590,13036.7434,8871.5890,8183.2535,11441.2205,7166.7107,8158.0846,12547.4432,173.3397,8237.6941,9496.7073,10000.7087,11043.1598,12256.8554,8280.4697,11791.8718,0.0000,13264.9778,8132.3418,9307.6295,8934.9416,12062.3486,7124.0378,5775.9973,12267.3167,12326.1097,8316.6229,7435.9041,11863.4393,6895.8136,8989.3650,10664.8395,7916.0836,12996.7035,13854.4828,8354.9013,13222.1182,12197.0621,9243.5174,385186.1836,418576.6834,406868.7367,398219.5890,397449.8832,406591.8767,399503.3017,400179.0232,362306053.2379,362329181.5894,362284099.1083,362298334.2491,7964.4093,11376.4067,8622.6399,13369.7313,8728.5393,373.9808,8069.0879,2765.0392,10138.8862,10699.7951,3577.3102,7911.1443,6668.4727,7358.8251,12412.5761,4438.6969,7050.6533,13615.4747,4399.5878,3339.3728,3553.6403,2928.5946,4759.7275,9842.7167,8251.5006,6611.0631,479.5887,13020.0733,4265.8596,13551.7031,12544.8809,0.0000,10629.6503,8864.6160,7538.0938,5735.3097,13309.9853,5650.7375,12923.2803,4488.5537,11435.5356,10929.4368,13523.1237,13064.7586,12015.3834,4939.1637,6330.7710,13643.5218,9078.1000,10019.1554,4804.8128,11399.1434,9677.2567,2482.5702,386623.4246,419861.9470,408189.0460,399582.5310,398797.5622,408091.2660,400935.0707,401580.3806,362310617.6828,362333746.1226,362288663.5080,362302898.7481,12877.9921,13261.9357,10718.5640,11165.3265,8175.9343,435.1293,8997.3179,8202.0543,10186.8211,10558.2474,8936.0133,4634.0564,10255.3316,13461.3800,10881.7588,7424.1744,12299.4298,10525.9175,6830.1008,6792.2946,5947.3996,9521.4903,8800.0557,12727.3412,12291.5637,8192.5229,9003.1113,9621.0228,9669.0789,13359.9344,0.0000,12697.3720,1468.1533,12701.5424,2579.9037,10974.8285,3941.1619,9923.1584,9462.4419,13487.8974,13474.9042,10774.2103,12819.7747,12871.3380,11230.3072,3111.8144,10936.1245,6894.7353,10886.9792,3813.2975,9491.4370,13367.3969,5831.4443,387120.9822,420538.4484,408762.2523,400299.7333,399338.2951,408503.4009,401506.7460,402118.2737,362311487.6430,362334615.7562,362289533.7587,362303768.5747,5925.5761,10179.5737,11653.5976,11361.1655,13017.0811,9675.2302,7351.3273,12186.8395,9485.0915,13120.5752,10831.5216,6190.4462,7087.7890,10391.2740,8697.0361,7919.6015,10942.4394,10626.6521,12982.3371,12681.7762,8265.9243,13138.5303,9086.4540,8795.3707,11016.2515,8293.4961,8512.4837,10141.9252,3162.6721,0.0000,1211.2699,12973.0060,8501.0539,12937.2407,5933.4431,13515.7193,11160.7380,8261.1884,2052.7058,7954.4099,9931.7880,3795.3618,9069.7821,10039.0439,11889.7830,9557.9877,8643.9857,4093.6447,13104.4213,5914.6957,3811.7571,12338.2800,397015.5298,430297.3339,418628.5108,409965.1686,409228.9816,418468.2217,411314.9364,411984.0574,362318142.8812,362341271.4652,362296188.5355,362310423.9826,11369.5467,8102.6787,8429.8464,13319.1312,7519.7219,10852.2801,10413.2919,5476.6733,10256.7696,11680.0738,7199.1444,6727.6673,5724.0168,10066.6728,9661.6493,6426.7755,9631.9066,10249.5969,10441.8973,7188.2635,11308.0982,4155.5063,3405.6359,8246.8737,12057.6185,6918.4116,12334.3534,6476.8641,0.0000,5422.0552,13491.4591,3063.9741,12338.1943,10529.9210,12108.9448,11863.2607,6960.2933,4714.0401,5199.0195,11409.4761,7959.2128,7709.6729,5188.0208,12204.2328,11301.0894,11278.5144,7958.5300,11842.6454,10383.7841,2259.0398,10425.5535,392664.7746,425862.6364,414247.9634,405500.5766,404864.1411,414154.9203,406921.6646,407613.4325,362313513.6341,362336642.3489,362291559.1761,362305794.7912,8649.3371,13299.4176,10518.8064,13790.1190,11364.4510,5739.7356,13102.1469,9017.7064,12662.6994,13173.3269,6106.9843,12391.8125,13088.5987,3131.4977,12151.2312,13618.5356,12086.2841,12436.2653,13734.7012,6940.4503,10296.7644,11748.2958,13351.4264,6384.6657,13738.5989,2537.1670,7950.8601,0.0000,10934.5132,9670.4491,11186.8913,11912.1023,7008.7038,11345.8462,1559.8253,13567.2437,9641.6725,7917.2015,545.4792,7232.5699,5484.1204,12249.2228,12338.0494,1101.5578,11918.9275,11758.5777,12072.2563,10074.7556,11126.8064,12952.5137,391516.2203,424964.8733,413232.0970,404603.0133,403802.9363,412891.4480,405847.5252,406522.0116,362311193.7790,362334322.1176,362289239.6405,362303474.7740,8448.5207,10955.2300,10099.8466,13786.6992,3845.5039,7899.7098,3289.5303,12541.6064,12287.5659,7288.5811,5944.9988,12964.7823,9123.0022,5378.6318,11042.8622,7133.0919,8305.2370,11150.7066,4475.3302,4356.2427,5982.6050,8766.8835,12541.9564,10713.8747,10393.5094,10492.7338,0.0000,11651.3240,10821.3593,5641.6178,10419.8701,12603.6358,8747.6380,8127.4961,10816.2113,10436.6789,5433.1491,9057.8329,11203.7476,5436.6376,5860.4688,11850.7688,9380.1876,13600.6756,13065.8342,9528.1510,13556.1236,9636.5189,9290.2062,386183.7215,419480.1371,407828.8785,399096.8579,398427.2125,407633.2156,400459.0132,401155.1944,362306535.3207,362329663.8644,362284581.0154,362298816.4080,8265.5133,2900.4073,10352.6058,10518.9121,3343.8550,7703.5732,6986.2411,7496.4990,12239.6543,4092.0039,7326.6380,13526.1378,4039.5517,3682.0111,3473.9950,3011.3061,4905.5955,9692.1779,7950.6992,6316.1841,573.9849,13113.4098,4380.0099,13551.3281,12471.6493,0.0000,10621.8131,9032.3553,7248.8243,5966.6394,13366.2527,5752.5455,12853.5234,4617.4722,11354.0629,10692.7742,13462.9228,13030.0646,11812.4341,4604.0928,6634.2515,13589.3499,9334.5416,10136.2169,4990.1777,11551.0324,9557.7551,2720.6396,386536.6368,419771.9673,408102.8488,399487.6817,398711.9493,408006.4136,400844.8507,401492.9385,362310398.6141,362333527.0666,362288444.4268,362302679.6839,9198.8154,8510.4776,9893.4210,10646.0175,8660.6269,5035.5392,10535.0756,13368.2210,10876.9182,7785.9225,12185.6798,10489.8763,7099.4134,6707.5152,5946.3946,9774.1664,8466.9852,12656.5021,12291.7387,8308.9339,9042.6243,9851.7887,9514.8650,13401.8433,0.0000,12860.0711,1157.4800,12682.3577,2693.6513,11049.8489,3781.5860,9674.9098,9702.0038,13571.5236,13376.8957,10591.0355,12864.0918,12707.5921,11225.9340,3496.5698,10772.9916,7249.9827,11142.6757,3822.0878,9722.5174,13465.5102,5928.0607,386870.5895,420292.2056,408515.7928,400049.7663,399091.0805,408251.6234,401255.7183,401868.9047,362311123.0714,362334251.1832,362289169.1873,362303404.0019,8711.5695,12059.5881,3195.6139,9906.7619,6290.9460,4908.4455,12193.3835,5210.8481,5436.3290,13493.3273,5634.6853,2749.5575,6156.4923,5370.6458,2096.0287,11560.4675,8522.0618,6514.1531,2335.6995,12545.8156,1559.7274,13793.1526,11426.6005,0.0000,8754.6042,9968.5706,7432.7682,7145.4827,12381.9638,7727.9539,13638.7681,1837.0031,10013.9303,10926.0490,13847.5187,12005.1871,12349.1589,5473.0959,6738.8309,13853.2012,7864.7652,7961.2898,6673.4084,9990.0826,8145.4226,4533.4814,389159.8382,422376.0548,410710.6748,402103.3512,401323.3237,410635.4150,403467.9337,404111.4149,362313204.3910,362336332.8759,362291250.1742,362305485.4737,13433.5644,10640.5534,13449.6610,5363.1487,5478.0090,11968.0604,12033.8493,3936.7135,10933.9226,12309.0023,7594.7807,11542.2973,10545.9881,7325.2089,13308.4773,12882.5873,12050.0177,9947.6350,6318.1814,7898.8199,9917.4873,9168.0838,0.0000,7148.7573,8664.3188,12287.8838,8885.4854,6418.4331,10573.2148,11714.5744,7499.2304,9006.3867,12753.0216,11089.8443,8431.1099,12940.2358,12058.3058,6827.7297,10827.8465,1839.6488,4005.8681,9775.6981,2405.0482,9605.8312,9766.3819,394955.4752,428317.1180,416568.7187,408074.6661,407154.7228,416363.0502,409323.8222,409940.5658,362318799.2544,362341927.5307,362296845.2116,362311080.2456,10611.5600,3905.2448,12606.0740,13492.7572,7192.5732,9082.4397,13484.5059,7328.7881,8515.6923,12263.5721,8524.0293,9477.7400,12848.3955,2151.2778,7463.7940,9117.4876,10795.5136,10618.9973,12574.0377,7548.7910,10496.9273,0.0000,12483.7995,9370.5247,8702.2760,10326.5799,11267.0610,8738.2828,4817.5001,12567.4789,11204.9143,6793.3707,6239.9070,10641.9719,5023.4612,9054.5757,11757.0153,6707.1367,13349.3683,13515.7589,9817.1644,12951.5131,11313.7297,10460.3429,386630.1933,420013.6977,408318.2273,399637.4148,398900.8057,408038.9192,400934.8993,401621.4363,362306714.8659,362329843.2767,362284760.6740,362298995.8963,8504.4797,8870.1011,6591.7872,10531.2439,2314.5845,8083.5665,12598.2312,3043.5002,5612.7423,6053.4253,6048.3560,4416.5504,10445.4691,5728.8513,3539.1617,3194.7830,13256.5851,3757.1560,13689.4019,10643.8579,0.0000,8667.0228,11216.0214,4573.8036,8759.2329,12788.1323,8503.9003,12983.7520,4060.6803,9153.5613,8697.3942,13237.9422,11584.6410,10498.1014,2438.1725,9012.9707,13287.3736,10139.9824,9149.6702,7937.9789,11336.0870,6890.4360,5896.4710,388574.5738,421767.1818,410132.6611,401452.4550,400749.6821,410064.5231,402854.0276,403521.3049,362311419.3221,362334547.9128,362289465.0000,362303700.4421,11194.5819,12660.8476,9606.3555,6815.4667,12383.1218,10385.8903,6005.7697,10099.3060,5181.0053,6438.3290,11230.1451,2715.3410,7045.6196,7913.3461,8117.0910,12344.6271,10829.6199,10244.9630,12276.8774,0.0000,13056.7051,8553.0637,7942.7572,8194.1931,13122.5696,6157.5232,8025.7371,10917.1691,12325.5533,8286.1905,9442.6958,12628.0769,7752.5823,7019.1668,10093.0857,9848.8905,12898.3464,13645.1748,7256.4420,13628.4127,11599.9018,7639.2606,384290.7136,417629.4989,405943.2887,397277.5718,396533.6759,405721.0330,398595.5386,399271.8874,362305715.1752,362328843.5822,362283761.0036,362297996.2131,6570.3163,13722.4381,10151.1048,3114.8598,13183.2865,10176.7591,3831.5654,7750.2716,6407.1539,6104.5296,11688.9155,12506.7784,11339.6545,6682.8641,9410.3862,6445.6112,11570.9462,12374.9296,0.0000,10323.8838,5848.9103,11927.7430,4281.6463,10459.0726,6448.6981,12360.1062,6196.9671,11892.9321,13607.3364,12600.1515,12027.2955,13840.9508,10443.9467,1849.9057,12580.8663,3618.4723,7788.7479,5255.1555,7423.6974,11432.4895,5411.1659,389906.6879,423250.5661,411500.8638,403029.3439,402090.2623,411319.7218,404279.3566,404886.8075,362314931.3084,362338059.5211,362292977.3406,362307212.2835,11334.1407,8552.7619,3755.6651,12130.1549,9150.4826,5549.4446,10083.0476,9228.0304,2886.6669,13512.2553,10011.9590,8398.6065,6967.8924,10276.6169,3471.3841,12717.6251,8832.1750,0.0000,5177.9140,11035.3458,8881.7524,9498.3332,9384.2145,10692.4685,13516.7342,3107.6755,7372.7991,11026.1511,13040.1430,9173.2381,12384.5057,8503.4507,7981.2286,12842.3574,5545.7256,3424.3787,9681.7632,6374.5954,6349.1863,8347.8975,393930.6280,427172.3638,415492.8586,406903.8318,406100.7333,415394.3426,408249.3611,408888.4273,362317580.2746,362340708.7642,362295626.0434,362309861.3538,9810.6234,12970.7266,3880.9243,9923.6716,13232.0748,12276.0258,12759.4563,11951.6054,9001.8994,6324.9587,8008.0280,12218.8132,9388.3014,11834.0996,7837.0691,4448.7793,0.0000,7760.2334,12959.9337,7100.4187,13637.8546,8031.2589,13030.1752,7048.3879,11742.4603,5482.8280,2840.4874,6153.9929,5269.6204,2456.5227,9396.4782,13853.5150,6032.8938,12778.4938,10269.7233,13401.0924,10529.2271,6633.3530,13158.8279,393234.4481,426555.4552,414899.9371,406156.9251,405493.9015,414671.1361,407509.2817,408211.7381,362312190.4257,362335319.0360,362290236.0384,362304471.5280,9823.5868,12100.2273,931.5975,7173.3260,5493.4736,6061.2505,6574.7234,8973.5547,4262.8915,2636.2935,4263.2152,13647.1651,5947.2571,13342.1771,10892.5334,0.0000,9771.5694,11314.8695,3571.9919,9144.3732,13301.0167,8283.3116,12145.6074,6210.7488,9670.5509,7628.2641,12612.8218,11891.4814,9320.9405,611.8774,9943.9806,12742.3206,11569.2653,10688.9321,8117.7329,12500.3540,7565.2864,6411.8599,387224.5924,420427.2376,408798.9013,400089.1738,399414.1323,408712.5646,401495.1085,402173.9644,362309401.3929,362332529.9982,362287447.0522,362301682.5158,12857.5970,10128.0830,4042.7597,9171.2274,7954.6882,4244.7093,13004.4439,11882.1699,10462.5509,6851.8343,9414.6374,4830.0393,12120.7932,10845.7366,0.0000,8009.2108,8422.4553,11026.2043,6946.5436,9590.7373,8754.2119,13133.2343,4468.3499,10001.5414,12888.9749,12958.4385,10672.6123,13593.2774,9978.4692,4840.1806,12825.7895,2776.4985,5199.9400,7570.1108,5990.6524,9451.8584,6880.8496,392342.2042,425642.6031,413918.5084,405410.3294,404515.7577,413775.8070,406696.5986,407312.7011,362317015.0044,362340143.3245,362295060.9354,362309296.0204,12080.8441,13782.0864,13067.3075,13350.4101,13105.0688,8893.4790,9419.9844,10850.7252,13488.2780,6530.2400,13138.6425,4410.7499,5221.9601,0.0000,8839.6595,11514.3075,10145.1451,13204.3675,5751.5283,12855.4259,4582.9307,12954.5713,7165.4569,6414.5358,2907.3168,4644.7469,4544.1081,11823.0727,13252.5805,2558.1556,11857.6233,10356.6185,13321.3145,9232.8888,9066.1134,13701.7078,393885.4118,427289.9547,415584.2520,406914.3304,406162.9843,415282.4513,408197.1611,408881.6173,362313124.7203,362336253.1729,362291170.4737,362305405.7584,7318.8500,4847.2720,5598.9925,7130.2315,8277.7882,4439.7013,3273.8544,4321.3465,13661.7627,6514.9527,13140.9577,11275.8964,0.0000,10383.2987,10907.3718,4063.3322,8779.3202,13487.3678,7712.9431,11797.2031,6766.2990,10205.8433,7746.8442,12403.4142,12202.6536,9210.7863,1381.7312,9801.6245,12572.7495,11775.8004,11215.6875,7678.6098,12796.8977,8250.7296,6126.7446,386476.3406,419691.9629,408057.8799,399352.9622,398670.7136,407959.2263,400750.4288,401428.7914,362308650.6357,362331779.2165,362286696.3174,362300931.7489,5841.1367,4548.3965,3472.9395,11425.2780,10358.5007,8701.1557,3252.3848,11675.0899,3487.8524,13201.0396,12327.7805,0.0000,9840.1406,8010.7766,9521.2854,5015.7249,12079.0055,6274.3134,13316.4880,3444.6465,11282.3854,12362.3785,13651.1384,12528.4746,13259.3079,7525.9294,4197.7598,13674.3231,6284.2331,8169.8196,4932.7667,9320.7632,9947.7073,3312.6345,388683.7637,421949.2014,410247.5767,401704.2118,400851.2190,410135.0628,403020.8584,403646.2760,362313443.1736,362336571.5315,362291489.0767,362305724.2081,1505.6700,7915.3727,7166.0882,8503.4402,7772.7542,3952.9671,12885.7144,7499.9493,12448.0075,13388.8880,0.0000,12507.4367,7314.4423,8439.2989,4736.5030,13722.2802,3211.1482,11275.6249,7641.6375,12795.5982,10859.0261,12347.2315,13729.1620,11230.3234,6026.6397,6612.7864,12606.3020,10445.8742,12078.7077,3362.8355,12586.7058,11466.1165,2797.4864,384331.7652,417626.2692,405933.2111,397333.0869,396531.4247,405777.9737,398653.7865,399302.1204,362307890.7034,362331019.0663,362285936.5938,362300171.7355,7052.7325,8139.4381,9269.9982,8285.7540,3354.2890,12468.6393,6716.2237,12513.4593,13382.5754,0.0000,12146.9907,6726.4317,9016.3016,3632.6790,13359.9436,2842.4967,11692.4580,6823.3877,12730.9087,11527.3442,12641.2561,13629.1212,11942.4620,6589.0529,5294.5612,12853.9625,9312.3344,11326.0203,2315.5163,11811.2583,11437.7834,1338.2912,385024.6285,418321.6684,406618.8437,398046.8752,397216.6010,406467.4670,399356.6725,399995.2213,362309082.9055,362332211.2377,362287128.8275,362301363.9274,12568.4849,9133.1205,7173.8817,4345.2685,11746.2757,699.0936,13539.0022,10438.0568,0.0000,7261.7176,10466.4896,7943.2289,8096.1674,11287.6152,9041.6336,13792.6341,364.6215,8925.7564,11033.1908,13711.7781,10956.4534,12507.1391,6677.7720,7078.7917,13630.5964,6735.8913,6143.9926,7945.3482,8559.4759,7245.0107,6130.2163,391219.3595,424438.7187,412769.5796,404170.8853,403381.6382,412692.6122,405531.0467,406171.6639,362315215.7165,362338344.2090,362293261.4901,362307496.8008,8374.7710,9611.6789,10025.1637,10976.4072,12284.3758,8214.7308,11842.2147,0.0000,13307.5699,8001.4262,9431.1252,8852.3016,12035.1656,7048.0334,5728.1986,12291.2149,12389.4872,8442.7466,7408.8173,11889.9085,7001.5506,9090.6449,10587.1311,7891.4992,12940.1193,13857.2624,8289.9259,13185.3287,12278.1176,9221.1382,385171.4062,418565.1182,406854.8343,398209.7757,397435.3926,406575.5192,399490.3905,400164.9624,362306081.5646,362329209.9081,362284127.4424,362298362.5727,2434.5606,8056.6913,12874.3529,8675.1222,11836.3482,8496.4651,0.0000,8868.0121,12726.7008,1571.5919,11696.1910,12032.4370,10680.2780,10377.1036,8805.8821,7646.5435,3685.9527,10531.9966,9752.4270,5872.4420,3758.7075,12410.1507,10630.3719,12972.6759,10971.5113,10881.5030,12534.3575,6101.3965,9783.3419,389136.1669,422357.7521,410742.3707,401973.5344,401354.3860,410617.5437,403388.2278,404090.2877,362309475.2300,362332603.9135,362287520.7984,362301756.3735,6332.7844,13234.1481,6649.9980,12905.6178,9071.5215,0.0000,8263.6287,12570.3493,1093.2493,10927.3596,12375.2405,10210.9861,11807.8387,6840.0475,7723.3708,5690.5357,11927.7317,10329.2412,7934.6403,2030.2925,11410.7224,11981.9655,11985.3190,9991.9103,10092.6367,12054.3417,5522.4124,8548.7839,389271.0683,422464.1119,410850.8585,402103.9031,401467.9668,410763.6706,403527.0531,404218.3873,362310533.1752,362333661.8568,362288578.7552,362302814.3232,12929.2424,3827.4380,13538.9846,12250.3572,0.0000,10244.6893,9088.6257,7272.5894,6029.9889,13121.4051,6023.8806,12959.4573,4063.5761,11083.1942,10734.4542,13492.9529,12802.8151,11905.1435,4731.6883,6472.7295,13595.8434,8940.4908,9676.2050,5164.6922,11179.5325,9279.5390,2862.6498,387038.4512,420271.4077,408601.8618,399990.4738,399211.4027,408508.6935,401347.6229,401994.1344,362310966.6850,362334095.1397,362289012.4958,362303247.7558,12071.4959,4298.9781,7763.8839,0.0000,8946.1717,8385.5022,13015.0726,10697.6368,2924.1459,11460.8059,7000.2366,11748.4066,9133.2547,11239.3274,5961.3610,6259.0112,10081.9063,13578.3590,9801.0786,5618.0803,7274.1037,8002.5432,11496.3915,4855.5139,10918.0227,12339.1170,394829.2345,428286.5487,416516.2759,407994.8771,407085.0979,416196.7817,409200.6298,409836.7638,362316549.0435,362339677.2712,362294595.0203,362308830.0021,13658.7962,10558.5625,0.0000,7514.9034,10550.2192,7469.5941,8069.2557,11623.2015,8849.9771,13758.8186,408.6489,9018.5368,10761.8160,13741.9325,11153.3515,12299.2362,6064.8812,7264.1469,13683.1559,7291.1212,6668.4795,7795.0843,9071.1448,7189.0351,5858.1177,390712.8047,423925.1412,412261.9356,403651.7392,402875.2888,412189.7545,405019.4672,405663.5425,362314605.9308,362337734.4386,362292651.6904,362306887.0212,8402.9497,0.0000,10893.4686,8591.3179,12487.5958,11284.5798,5722.5610,11167.5028,3027.7690,13428.8929,10114.9142,9743.7187,2186.8346,7249.6846,7667.1498,13257.8527,11351.0790,2112.3542,10505.3545,11009.0613,11742.0890,8646.5013,11775.3707,12840.4276,392377.0546,425853.9041,414093.7835,405521.8205,404659.4017,413737.1895,406732.3049,407389.0075,362312820.7745,362335949.0251,362290866.7205,362305101.7369,0.0000,4210.9805,13118.8555,8453.8216,13683.6786,5362.7341,13841.2595,9144.5569,10351.7664,2279.6513,6168.5188,7709.5874,1769.6879,6691.4652,10492.6843,13076.8914,7316.1889,10430.0351,6823.5326,13773.8181,7366.4846,4926.6516,13339.3112,396524.0927,429839.1866,418169.3184,409476.1308,408763.9170,417963.3027,410817.1206,411500.4233,362316468.0396,362339596.6277,362294513.6782,362308749.1361,0.0000,0.0000,0.0000,0.0000,0.0000,0.0000,0.0000,0.0000,0.0000,0.0000,0.0000,0.0000,0.0000,0.0000,0.0000,0.0000,0.0000,0.0000,0.0000,0.0000,0.0000,0.0000,0.0000,0.0000,0.0000,0.0000,0.0000,0.0000,0.0000,0.0000,0.0000,0.0000,0.0000,0.0000,12923.5847,8095.0119,12550.5639,6796.0427,13190.8568,11803.7601,7269.9933,2604.3595,8237.6425,10719.2067,4936.7682,9601.5300,9433.6819,11449.6458,10382.2624,8298.6776,3542.3763,12674.5074,6076.9740,3311.4218,11725.8496,396612.1069,429874.1077,418211.1101,409549.5242,408815.1955,418072.8768,410909.2924,411575.9001,362318118.4552,362341247.0495,362296164.1051,362310399.5633,12868.0413,3753.0361,10557.9163,4416.5246,8786.1817,10386.3231,13479.8579,13151.7775,9740.3404,12485.5800,12251.2716,11626.1420,4485.3672,9937.6509,7591.1403,11333.9135,4733.3151,9629.7440,13580.2362,6834.3278,387126.8980,420567.9081,408785.8839,400318.0272,399357.6890,408499.4868,401513.9446,402129.7291,362311011.1614,362334139.2615,362289057.2832,362303292.0848,11511.3627,12043.0138,10737.8799,11326.9372,7621.6708,7221.7429,4681.9272,11369.0904,9777.2064,7062.0832,2979.6053,12001.3924,11415.5880,12357.2301,10129.8631,10720.2370,12080.4590,5210.8358,9340.1891,389709.0490,422909.5002,411298.1873,402537.8056,401913.9961,411198.9072,403961.2900,404658.1897,362310506.5074,362333635.2042,362288552.0683,362302787.6587,12207.3201,2375.3116,11125.9731,7998.2311,13416.1253,13128.8022,12025.1449,13463.7364,12990.2478,9576.8085,2527.9829,12202.8030,7415.9964,10917.7197,1436.3055,10389.4476,12759.4433,3397.1962,386070.7400,419435.4672,407685.7901,399192.9028,398271.3135,407478.6880,400439.1076,401056.1770,362310702.6300,362333830.8162,362288748.6856,362302983.5941,12919.3383,8063.9587,11297.5581,6835.9309,10080.8974,6549.8960,3717.3011,9387.5533,13113.8095,11173.5923,6061.3418,7854.3101,6583.4314,12827.9692,4218.6241,9028.9389,13166.2600,396707.5579,430121.6592,418381.0148,409809.7347,408957.5226,418097.8614,411056.5851,411705.9354,362317851.2365,362340979.5847,362295897.0986,362310132.2404,10375.6658,8856.8161,13641.2834,12255.4943,11561.7439,13768.6279,11998.6423,8742.6437,4823.7654,11833.1301,9311.1462,12143.7518,1513.1383,11746.0535,12875.0468,3530.1917,384566.8388,417929.0374,406192.3871,397660.9189,396778.3002,405979.8467,398921.8267,399552.3107,362308570.3730,362331698.5957,362286616.3911,362300851.3494,13609.1593,10643.4421,8417.8359,1994.7708,8506.3725,5962.1761,12069.4080,11815.6497,2555.9822,12037.3746,12411.2986,11242.1391,10705.3385,11844.1852,12311.1427,390033.3335,423490.1914,411750.9306,403133.9766,402320.2925,411404.6163,404369.8272,405040.8619,362310004.3899,362333132.6914,362288050.2888,362302285.3722,8842.0504,10765.6810,13556.6345,10901.0714,12253.5892,6316.3958,7089.3757,13486.1695,6912.7109,6298.3041,7793.3226,8683.0043,7110.8493,5943.9654,390989.9108,424208.9715,412541.7645,403937.2712,403153.8683,412463.8653,405299.5895,405942.2336,362314888.4990,362338016.9969,362292934.2670,362307169.5851,6184.5490,9465.0475,3763.8999,7570.2317,9238.1054,12727.9424,9136.9211,10136.9633,5921.0954,13395.0242,7601.8926,2807.0483,12575.3641,396260.0784,429528.4400,417877.5975,409171.8356,408480.6726,417719.8930,410542.3676,411225.5811,362316675.5861,362339804.2276,362294721.1832,362308956.7078,8097.6454,7365.9149,2864.6897,7163.7467,13620.0928,8115.7055,13271.7068,10822.2314,12612.6249,11750.4786,6052.6117,12022.9037,391378.5325,424650.6979,413020.2094,404248.0643,403623.1177,412837.5036,405636.2397,406344.4806,362310614.7846,362333743.4534,362288660.3513,362302895.9141,6894.3359,5744.9216,12463.4119,12341.6098,577.5688,11708.6215,11500.3784,12237.2114,9727.0174,11058.2594,13107.5274,392009.7571,425460.9584,413725.6284,405101.9287,404295.9833,413383.6011,406343.3686,407016.1353,362311721.3326,362334849.6671,362289767.1974,362304002.3258,7289.9565,11553.5289,12735.2020,6426.0144,9810.5115,6719.8557,13722.0378,6386.0589,6384.5928,13555.8244,396898.2966,430250.1519,418557.3537,409898.8551,409145.2131,418320.2408,411208.5850,411883.0014,362317028.1822,362340156.6982,362295073.8856,362309309.2497,8982.5309,13644.2330,5860.1044,13468.6495,11746.1254,12611.0357,11777.1216,8195.7329,12570.9703,390923.3468,424258.1301,412598.5603,403854.6819,403190.1500,412353.7719,405199.1875,405903.5745,362309858.7496,362332987.3244,362287904.3961,362302139.8386,10304.0348,12577.8106,11685.0171,10537.8571,8592.0449,12420.7478,7097.6677,6920.0312,387660.6609,420859.7462,409235.7915,400516.0092,399851.7042,409150.3337,401927.1168,402609.2502,362309617.8312,362332746.4566,362287663.4700,362301898.9610,12405.5610,5175.2976,9247.5203,3687.7894,8660.4963,12223.6106,4494.6832,388235.3152,421595.2916,409839.8100,401370.1624,400426.2716,409642.1221,402610.8138,403219.2024,362313215.9334,362336344.1143,362291261.9950,362305496.8961,11527.4446,11176.9943,12449.0230,9372.3853,10841.4612,13269.8703,392570.1456,426019.6290,414284.5533,405661.6971,404855.1895,413944.7889,406903.9544,407576.1843,362312277.1843,362335405.5249,362290323.0430,362304558.1797,5197.3742,8382.4596,4148.9462,10345.1291,8438.1761,393405.6285,426763.9863,415011.0130,406534.8973,405597.7004,414812.8174,407779.2483,408389.4857,362317812.1758,362340940.4162,362295858.1725,362310093.1564,11364.8424,3691.8052,6307.0693,10611.4559,396349.4349,429641.3554,417942.5865,409362.8549,408541.1594,417792.8197,410679.1733,411319.4257,362319264.4534,362342392.9141,362297310.2365,362311545.5146,11180.0894,12509.3210,2423.3845,385259.3660,418603.2863,406869.1531,398348.2835,397458.4068,406678.7767,399615.4030,400240.3479,362309691.4056,362332819.6368,362287737.4203,362301972.3877,8849.9519,11221.6559,396292.1297,429666.9645,417923.7116,409399.9199,408507.2310,417696.8630,410652.5095,411280.9328,362319175.9564,362342304.2734,362297221.8655,362311456.9578,11251.1015,394664.6276,427882.2420,416253.6559,407529.6089,406866.0819,416145.9914,408933.0157,409618.0656,362315574.4941,362338703.1847,362293620.0556,362307855.6401,385807.5677,419096.4757,407391.2649,398835.1357,397990.5412,407251.9543,400143.7876,400775.9546,362310240.8182,362333369.1448,362288286.7486,362302521.8395,34602.8349,22200.8946,17300.9450,12745.9131,21848.0134,14936.5216,15122.3116,361961016.5854,361984140.7835,361939067.0075,361953296.3597,12994.7038,21057.9179,22291.1134,18343.5988,20146.6553,19754.8697,361931341.5897,361954465.7964,361909392.0830,361923621.4102,13126.4435,9559.4132,9060.5481,9086.8260,7453.9119,361942787.0166,361965911.0880,361920837.6127,361935066.7723,10926.0647,17898.4339,7565.2164,10017.8443,361947390.6775,361970515.2577,361925440.7709,361939670.6142,11767.1441,5689.2650,3734.5853,361951182.0074,361974306.1141,361929232.5504,361943461.7657,10926.0647,9121.7330,361941819.1243,361964942.9157,361919869.9535,361934098.7569,3135.3705,361947029.8922,361970154.1293,361925080.3006,361939309.6939,361947615.1407,361970739.2555,361925665.6711,361939894.8995,28595.6590,27090.6623,10083.9060,55661.4140,32560.2482,26399.1854,
75600.000,11880.8026,8653.4969,13830.6411,6827.9097,12352.9511,12620.6180,13091.7810,10220.2694,13593.0327,8030.7640,13711.4137,13549.7231,8196.5612,8604.3812,10492.7653,13710.6959,8735.2901,9556.2672,10710.8286,6496.4072,11147.8953,10629.0137,12067.0730,12766.2802,13032.6460,10226.9366,6400.5458,3538.8684,12005.1375,8399.0433,13318.8301,10058.7235,6217.2223,11281.7939,8739.1963,6591.5977,9428.4871,11442.5322,13621.3458,13178.5413,8163.5914,11679.5091,2071.9761,9494.3487,8272.2438,11636.9809,11378.1359,7246.0823,11957.9702,8926.9825,3567.2161,10539.4319,8305.8252,10139.9170,10318.2807,3641.3040,3838.5458,12440.9540,9454.4594,6415.0085,430.1708,12308.7726,12403.2695,6252.9710,6142.5726,9296.4599,9653.2099,6101.4746,6740.5917,4085.4099,3169.7282,3121.1418,13613.5498,6523.3447,12269.1895,8512.0285,0.0000,11440.3482,10672.8076,4086.2907,8821.1438,11221.2162,10295.4810,11871.8204,5795.9566,10266.5886,8160.4817,12658.2191,12274.2354,5222.2571,1862.9949,12022.5520,12946.5594,10025.7457,9126.0068,10679.7587,13629.4446,8972.5836,10652.2497,391936.3231,423541.7063,412557.5557,402488.6007,408312.7053,411720.1495,405657.7143,407567.1080,362317479.0299,362338610.0793,362300050.6820,362305397.1298,8502.6193,6283.5508,10770.0571,8244.1698,10049.2396,3803.1229,7678.0742,5599.7920,11302.2418,6375.0408,6735.3442,5750.9888,8264.7584,9387.9430,5614.2037,12598.9978,11611.7518,10477.2343,12399.6896,1667.7792,11225.5722,1297.6132,5025.1964,5276.2105,8279.3090,8850.8249,9801.6362,251.1267,10635.3434,8554.2946,13042.6301,8665.5816,9277.4488,7476.6669,12893.9270,12920.0756,9823.7720,4961.3890,10308.8114,13388.0987,11772.2890,10733.6907,6733.0627,13089.3145,10343.8335,7800.4378,12663.0011,808.2511,8169.7348,13199.5219,13051.6025,13670.7746,11652.6833,4643.5422,12545.3970,11604.2509,11428.9609,13211.9252,8498.6515,11649.2368,11792.4993,1341.1826,11861.4623,13589.4358,11573.1066,11561.9084,13760.4046,9007.7652,10178.7416,10338.3532,13057.6600,7454.2316,13793.5583,7671.0896,9262.6629,0.0000,8248.0471,10732.8762,9587.9203,13659.4630,7639.9292,10869.0478,167.4186,13554.2184,7673.7304,5721.9010,1690.1179,1586.8747,8572.3379,11291.9147,11391.9935,2368.9907,12213.0677,12226.4900,11393.4378,7861.4119,10494.1896,11988.6494,387567.2013,418944.3266,408095.7962,397827.3387,403914.4622,407474.7032,401170.5568,403104.0014,362312579.7141,362333711.1720,362295150.8596,362300498.0329,11083.7438,3413.1846,13298.5324,8462.5540,10831.9494,2144.8316,11359.7231,4209.5969,11508.9591,12038.2608,5100.0131,12151.3235,13483.8059,10942.5418,7219.8388,13701.6573,5266.0645,12699.7823,7149.1872,6500.0630,9429.0058,11842.1991,11867.1235,2343.2673,10975.0969,8670.1264,8548.3847,3376.0286,12227.3513,9715.1393,3624.3273,13561.3539,1460.8806,12614.9174,8715.9784,13743.2648,9634.9568,12322.1797,12671.4913,13406.4154,8739.0720,2127.3275,8121.1526,6768.7164,13136.8423,12968.5511,9107.9365,439.1508,10392.5082,10839.2161,10139.0426,13781.1692,4287.3968,7263.9554,5727.6110,10457.8294,12894.3318,10542.8259,8400.6131,12201.8758,8295.5731,5038.5126,11688.6345,5533.4058,6067.3757,10981.3113,2477.0511,10167.5581,6265.0393,9474.9938,9856.5212,10548.7002,5717.6310,12695.1975,0.0000,13309.7210,5928.0348,5922.9123,10737.4879,13030.3015,5425.7128,8378.5915,9960.0428,12722.2828,5562.7520,9275.0970,9678.4266,8932.8659,9484.4345,9179.5166,9321.4706,13635.2463,13571.6118,6800.7194,11757.1327,13410.2940,7923.6067,394430.5338,425857.6041,414976.3132,404793.5175,410757.2806,414307.4539,408033.0805,409962.1678,362320569.4996,362341700.8248,362303140.7886,362308487.7434,12231.8222,5515.9038,6916.6104,3297.7966,9695.9763,1416.4051,11914.5872,879.2111,1934.1572,10685.5228,9909.9606,8265.8302,769.1044,11571.8043,9773.6599,9807.5254,12068.1249,7415.3341,9834.0442,5609.7504,4184.0864,3508.1123,9804.4298,11291.2172,13035.9326,6069.9702,11481.4020,3102.9869,10488.4322,12334.2848,7271.7333,10825.9033,12149.2015,10991.9934,7309.8401,2207.7116,5031.0542,11431.3022,7777.2086,13388.3080,10161.3795,11897.9507,8555.8745,7022.5264,11738.2037,6003.7837,10810.0915,13501.1644,9894.9536,11815.2275,9280.2925,8905.7121,13577.8184,13535.1084,7323.0353,10489.2781,11595.3136,13781.2728,7240.1935,5490.2609,12830.9925,12637.5195,11102.1205,10669.0305,12793.9196,12202.8375,12771.8023,13380.7233,13580.7838,2818.2213,12667.6497,7208.1877,10194.1468,0.0000,6968.3337,9618.2149,13069.6334,11411.4074,7208.0023,10159.3615,6257.3404,12818.6130,8395.5955,10776.3726,4733.3863,5371.5899,12283.5960,13482.5526,8103.6242,4114.3104,9573.9998,10330.4230,9838.9510,1988.7605,10041.0270,9885.4359,390402.2334,421780.2947,410936.0321,400604.8576,406790.3305,410309.4426,404047.7892,405979.3654,362312740.8204,362333872.5047,362295311.8408,362300659.2896,13599.9360,8477.4021,12408.1873,4880.3167,12586.9264,1754.3286,12557.9481,12923.8501,7238.3222,12306.0150,13318.8849,12239.3695,4734.3484,12703.3651,4933.4219,11179.1855,9649.5761,5480.1734,11428.4423,13047.9719,13043.6780,4521.9562,10863.1872,8223.0045,10811.5098,1838.4762,12543.3890,7674.8636,4510.8097,13467.6666,4576.7431,10837.5202,6466.4391,13496.3052,11286.2570,12079.4952,10702.5972,12466.9645,7697.4911,5376.4143,5416.2979,6586.8973,13515.0155,11370.9709,11212.8419,3801.9461,7979.7959,9003.9106,7562.1893,12801.1788,7272.5167,4340.7342,3294.1392,9699.6873,11117.5956,10666.0906,6696.9912,11279.9314,10624.5244,1643.7584,9363.9841,3738.5040,4435.9404,8398.7482,3399.6707,9531.0962,5359.0782,6888.9815,10807.8312,7852.4181,7318.9917,12524.3361,0.0000,13554.6071,5265.1260,5650.2016,8345.3245,13448.0913,4599.5571,10667.5041,7185.6272,13106.8366,7595.9460,11357.5830,11644.1533,9098.1831,8170.6848,8376.5002,11363.7452,12410.1167,12293.9080,5688.4349,12366.0939,12820.2549,6449.7726,396146.3802,427636.9104,416719.7673,406572.9757,412492.8626,415991.7606,409792.5348,411714.8575,362321771.4754,362342902.7473,362304342.8698,362309689.6979,10400.5684,5262.6255,12700.7004,4682.3315,13651.7735,4691.4950,3678.0389,11658.2589,6225.6443,3207.5416,5451.8944,12879.5001,5443.3020,12739.5477,8445.5948,9443.9019,12405.4254,7118.7591,3668.9514,3578.4425,12832.6923,8321.9780,11425.6536,8166.5512,13502.2568,4181.1524,11326.8283,13151.8512,2026.2509,12938.6075,8840.8626,12022.3367,2278.5472,7179.0979,5923.2235,8822.7895,5555.9694,11719.2419,12593.4894,12660.5878,11776.5112,2367.2411,8138.1599,7601.1529,13146.1459,11539.8845,10255.7617,11561.2776,5124.1574,11417.1812,13207.1584,13598.1428,9380.3096,8174.4890,9048.4841,12393.9632,7498.5947,8360.7266,13752.2500,10353.9237,13168.2650,12797.5337,11132.8002,13441.3691,10320.2612,12940.8313,12108.7136,7571.9371,11466.6265,11313.3878,6034.9797,0.0000,1926.5036,12398.4876,12801.0053,10977.4516,2751.8598,12807.2117,8314.8074,11729.3744,4336.8822,11556.4273,7312.1950,6913.2937,10644.9160,11459.9079,10595.2161,7258.6357,5992.7085,6407.6816,12343.2255,4853.0889,5390.0817,11959.0747,387648.6424,419130.7242,408227.3065,397955.0478,404069.9303,407504.2427,401366.8796,403287.1396,362309602.4107,362330733.9353,362292173.6376,362297520.7959,9268.6127,7087.9798,8086.4927,7279.7881,7516.1434,8171.3181,11267.7252,13283.0280,11983.8763,7400.1474,6222.2518,11624.4109,4207.0961,12655.5175,10029.5212,3733.7258,10163.2314,10200.8703,9717.7802,6584.2110,13494.1963,13405.0849,9896.3220,7040.3717,6994.9047,5573.8537,11022.6049,11233.9098,9158.1230,12128.7032,5756.2571,10940.8987,6626.3442,5974.2308,10502.7880,8630.3945,13145.7590,8842.4700,6931.8647,2309.1581,11772.2531,12169.2841,10257.6465,8344.4257,11844.1748,5913.8478,7847.9267,11083.8150,9163.4217,10569.6905,10809.3883,3091.7766,9577.5134,13759.2269,12631.3916,5877.0631,9093.4096,8800.0308,11096.4931,5626.5031,4970.2778,10434.7729,10192.2558,13696.9449,12157.4249,11448.6448,4268.5371,9742.3154,4117.8201,13307.3230,0.0000,11566.5373,3716.0817,12208.3195,7758.1338,11937.8665,4477.3580,9933.8783,9849.6651,12675.4391,11588.8219,9293.8340,10139.0329,13504.6853,13228.1259,2118.3321,8741.0105,10589.1710,11456.5604,3664.1011,6561.3188,12754.3258,3792.3213,396879.6857,428283.9901,417423.5961,407131.7077,413259.4576,416773.7549,410525.9587,412455.6916,362319458.9840,362340590.6541,362302030.0480,362307377.4504,9755.0704,2116.5813,12554.3345,3041.0560,3198.4026,8946.8416,7980.3186,7440.4480,2557.5572,12869.6294,9823.1971,11139.8244,11714.8973,5318.7705,11443.5664,2736.1086,1936.7730,1783.4642,10111.7367,9458.8597,11497.1723,3632.6463,12043.7753,5433.8839,12322.9119,11301.9963,6854.7524,10167.2807,12124.7657,12612.7974,7284.8905,3322.8660,7626.0510,12178.1887,9316.7514,12180.1071,9481.6453,13170.9589,10369.1239,5652.6991,11685.8691,3241.3606,10535.9254,13441.4173,11858.5863,13154.4639,9627.3335,7742.9222,13608.3675,13235.7059,9895.3434,11623.2626,9569.2054,12972.7861,9604.1576,3578.2191,13172.9917,13058.4554,12268.6385,12018.6375,13405.8168,11505.8391,11251.2668,12368.3128,13558.2893,5613.3679,13472.8731,8371.4236,8621.7768,0.0000,5928.5662,11121.8110,11861.6874,12865.5142,5668.0251,11486.2175,3851.2322,13475.9469,6504.9816,8917.3413,2363.3031,2426.4092,10382.4431,12411.2347,10450.3142,2226.2038,10248.9853,10582.5825,11511.9275,4784.2507,9184.3255,11733.4258,387659.9259,419045.9494,408195.6402,397889.8159,404037.0172,407564.3963,401296.7393,403228.1830,362311043.5418,362332175.1151,362293614.6309,362298961.9386,10126.2451,5001.8762,10235.9073,10904.7050,5853.9080,12500.1703,13394.7865,9587.0211,7473.5439,13815.0144,4450.2668,13389.0148,6491.6495,5872.2220,8610.9760,11012.7336,10937.0302,831.1747,11743.5862,10079.6089,7667.0920,4050.2647,11141.0183,9544.7068,5458.6669,13267.1462,2571.1989,13279.6765,8714.8743,13418.9095,8072.6130,11311.7757,13037.9912,12965.0442,10234.7963,2216.6737,8507.3806,5598.1124,12831.2958,13525.2556,8319.5814,1801.5185,11553.0850,10562.3386,10478.4416,13763.1167,3727.8036,8750.4466,7516.4614,9486.5705,12986.5907,11389.2553,9998.6289,11466.5001,7162.5334,6383.3701,12434.4215,5574.7553,5895.7978,11756.4712,4503.7392,11354.3073,8068.8645,10741.9325,8267.6467,11262.2320,3755.9920,13065.3067,0.0000,12985.6832,5172.1842,7682.7708,10944.3937,12765.0209,4883.1786,7531.2950,10805.4159,12705.2661,6320.3121,8178.4904,8819.4195,10095.8807,10903.9504,8216.5974,8084.7701,13629.1900,13769.2405,6187.9999,10511.1516,13671.2985,7423.8107,394564.1946,425955.2425,415096.0860,404872.5908,410892.2225,414460.6134,408154.1291,410086.7636,362320191.9150,362341323.3442,362302763.1022,362308110.2196,12454.7293,943.1423,1384.8980,10310.0345,8897.6687,7419.8170,913.8199,12267.2917,9349.0795,10659.1648,11663.6911,6923.7705,10736.1059,4707.5651,2807.0224,2125.9744,10324.6157,10449.0457,12496.4475,5404.4594,12018.9657,3543.8349,11267.3768,12223.8401,6504.5122,10946.3143,11889.3529,11742.2597,6690.3520,2761.3218,5791.0282,11477.0290,7968.2855,12962.8145,10290.7820,12528.4533,9566.7780,5936.9026,11424.0088,5169.7456,11084.9725,13422.1820,10635.7853,12341.3465,8950.6839,8841.3277,13715.8627,13612.7849,8385.5627,10660.1643,10741.1800,13530.0915,7982.3252,5048.7718,13201.7787,12652.8205,11832.7521,11456.8857,12947.5317,12248.9625,12134.8582,13160.7952,13573.7888,4144.0706,12934.1894,8059.9727,9261.5346,0.0000,5971.0136,10505.7069,12796.0082,11940.2756,6092.8209,10986.3775,5608.8159,13057.1407,7276.4966,10339.6936,4051.7485,4432.2244,11598.3289,13063.9154,9181.4764,3585.0026,9421.7391,10033.6178,10753.3435,2765.3446,9293.1906,10805.2675,389057.0169,420444.3536,409594.5614,399272.1141,405445.7905,408960.1817,402706.5394,404637.2620,362311615.1713,362332746.8149,362294186.2238,362299533.6152,12304.8429,12728.7257,8511.5850,13120.7518,13643.0450,12024.9285,3369.9150,12837.8447,3555.9431,11643.2770,10316.4643,3937.9939,11902.1186,13264.0514,13162.4381,4396.0693,11916.4633,9648.2337,11305.7421,973.8919,12095.8404,6476.4730,6126.4632,13630.2727,5551.9174,11148.6525,5204.9688,13558.9734,11046.1119,11367.7273,10557.7294,12010.5274,9053.1498,6145.2589,4332.3715,5245.6774,13866.8311,11660.7797,11733.3861,4513.9251,8511.3399,7954.2010,6793.8206,12807.2117,7975.0537,5096.1403,4685.5985,8536.5710,10757.5901,11839.2376,7967.1492,10421.4727,10966.1396,2086.9109,9452.6264,2061.5416,2817.2227,8347.4611,4959.8438,10755.1328,6970.0055,7465.5502,10160.6230,7619.3341,6655.1261,13248.7790,0.0000,13836.2821,3802.9710,7297.6591,7569.9461,13850.1123,3091.7566,11188.7689,7079.4890,13705.5304,8891.0783,11656.2957,12081.3124,10482.0525,9390.0888,7052.1092,11545.9726,12291.4702,12370.6645,4138.9326,11909.1365,13287.9859,4953.6773,397422.2487,428903.1330,417992.8637,407825.6962,413774.7004,417273.9884,411070.2795,412993.5111,362322494.5052,362343625.8486,362305065.8477,362310412.7729,1063.8323,10828.6185,9330.5709,7530.5665,1025.7373,11891.3698,9173.5360,10371.1051,11608.9990,7601.7740,10337.4908,5551.2756,3549.2690,2839.0446,10360.0455,10855.5551,12848.9420,6177.0250,11909.6050,2732.8577,10698.5784,12527.7038,6507.1654,11211.3700,11741.3945,11251.0067,6566.8212,2907.4391,4939.6621,11112.7837,7371.8333,13215.0799,10582.9316,12132.0920,9149.3114,6251.0939,11279.6882,5993.7570,11248.8389,13320.0553,10001.6907,11877.1131,8689.0825,9283.7119,13646.7375,13661.9470,7639.8438,10185.9435,11212.9952,13672.6250,7203.4018,5743.2438,13098.6038,12395.6632,11540.3154,11111.7786,12652.1866,12474.9572,12456.6887,13401.2265,13477.3743,3564.2274,12596.3752,7925.3271,9579.4337,0.0000,6182.5572,10154.4629,13101.6956,11432.5100,6453.8472,10680.9130,6370.9040,12769.0159,7715.8676,10883.3464,4845.2993,5293.2966,12057.4404,13263.6326,8541.2005,4321.8141,9064.4960,9797.2605,10330.3760,1848.9746,9390.4348,10300.3120,389801.7571,421192.2720,410341.0961,400014.7376,406195.2447,409702.9952,403457.4063,405387.5848,362312040.1403,362333171.8082,362294611.1837,362299958.6011,11105.4745,8690.9374,6630.6475,1973.4933,12197.0763,8386.4579,10994.1173,11003.2921,8020.1206,10872.9686,5773.8489,3077.4806,2368.1076,11031.3133,10379.4540,12658.1568,6561.0263,12389.1065,2433.9272,10858.0234,12800.1872,5556.0847,11720.1781,11184.0063,11473.3694,5623.0002,3889.2802,4836.9695,10640.9460,6810.3931,13016.8447,11147.0185,12329.5084,9798.5371,5362.7730,10662.1461,6255.6635,11799.5700,13043.2838,10036.5625,11857.4526,7905.4411,9844.6883,13683.1078,13791.4999,7951.3534,9728.3772,10817.5387,13529.1330,7097.9176,6291.5448,13376.2235,12024.7282,12004.0740,11576.1745,12398.2919,12827.1669,12101.2192,13440.0670,13297.0397,4441.9701,12424.0047,8773.0634,8864.6289,0.0000,5250.1717,10736.9797,13171.1801,11361.4481,5598.4488,11248.8236,6753.9844,12629.2835,6964.5865,11121.6370,5289.1064,5507.3517,11848.5813,12996.9962,8989.2187,4885.1763,8370.2966,9082.1740,10848.3406,2032.1558,8583.8213,10716.8985,389236.2119,420644.4741,409783.4061,399464.4221,405637.0714,409128.7585,402905.9828,404834.1653,362311318.7525,362332450.3995,362293889.8273,362299237.2032,8939.2354,11412.1334,10238.2264,10876.8724,12624.5081,9491.1263,11648.9075,4293.4875,10450.1079,6667.3984,9621.3626,9947.7072,6523.7853,7778.6138,6128.0965,5932.4887,7916.8745,12113.7668,12580.4848,3454.6395,11813.6237,3778.6739,12084.6454,11917.5156,12302.9032,9351.0416,13054.7901,13080.7007,13624.7658,7059.4019,3791.9767,11370.8986,10389.4877,10702.4655,12236.5581,6244.2735,4961.7035,10733.1303,13165.5123,12507.4422,12946.5623,3295.8085,9013.2758,7388.1897,12764.5330,13514.3930,6981.9932,7835.9241,13533.0186,6366.3999,8447.7788,12223.6483,9764.3931,10136.3746,12116.2844,4270.4062,7579.0298,5625.1225,10216.5300,10780.4874,12136.0409,8468.0680,9876.8857,0.0000,11105.0086,9948.8136,4637.5492,12891.2677,10460.2739,9665.0911,5704.8044,11565.7185,9732.3002,486.0316,7196.5882,6997.8600,5447.5989,8016.2739,12109.0285,7658.5421,13259.8437,12851.6076,10685.7994,11700.2736,11366.7763,11482.1020,389361.9549,420801.1340,409912.2723,399741.7381,405689.5399,409233.3579,402969.9397,404897.7637,362316042.0633,362337173.2917,362298613.4159,362303960.2446,3982.0623,9542.1608,13308.7581,6067.3317,13754.8000,6149.1874,8756.0004,13716.4349,7569.9093,6648.2588,7200.9740,12816.5550,2588.3263,6583.0151,8374.8040,13031.1880,9515.1541,12955.9669,10323.8651,5155.7895,11484.4474,7233.2939,13120.2058,5883.9454,10426.9041,10764.2475,9084.7356,9303.3027,7236.6982,11478.2442,12980.9452,13658.2650,4089.8007,6780.0160,7751.9798,12101.2769,9100.6456,12413.5375,12145.3947,6739.0959,10502.1809,11010.4703,11017.8496,12771.6629,9601.9964,3336.3722,8563.7930,11390.0554,9175.2541,12441.8532,9272.9619,13566.3316,13537.2413,10264.4435,11165.2051,5131.6823,9260.9610,9709.9147,11494.6943,10941.5707,12975.7836,1329.7991,0.0000,4470.9715,13628.5840,9048.8159,11943.8675,3757.8991,13692.4707,8371.4760,10832.4139,2184.2910,8636.3578,8597.9775,7615.7179,5548.0086,7059.0640,13338.4560,9051.2673,7713.5155,6840.9010,13738.0023,9925.3350,3580.1851,13596.1987,385481.8515,417034.1002,406085.9285,395918.6469,401883.6720,405301.5875,399206.4242,401120.8271,362309657.2249,362330788.4467,362292228.7011,362297575.4243,8139.0060,12922.8699,3370.0913,13555.3240,5874.7093,10275.7290,13163.1886,8397.5468,5759.6605,5998.6223,13536.7003,6047.8576,9570.6411,9392.0047,13636.3342,6835.0784,11595.7127,12549.9856,1389.2780,13106.5501,6570.4304,12171.5817,2031.6441,9566.0914,7932.0974,7416.7323,6057.1580,9777.8496,12987.3588,12474.0965,12938.1006,2146.2012,5796.7207,8774.9036,13414.4943,9645.4288,10585.4449,11099.3757,3646.8276,12046.0737,12012.2081,12545.0918,10757.6406,7342.7465,7010.7813,10574.0241,8684.9716,9853.3403,13253.3954,8646.6303,13491.9165,13235.9771,9722.3146,13048.5048,8061.2991,11612.5339,10423.9477,9951.4359,10324.9353,12793.1659,3279.2773,0.0000,1765.1247,13215.9162,11593.5252,10587.2651,2283.6292,13480.4665,9474.5117,10532.4110,2779.0024,11231.7113,8982.8449,8298.0765,8925.0438,9336.1159,11813.6948,9141.0658,4835.6770,4495.8642,13099.4924,7609.8282,2281.4452,12640.3196,386938.6421,418484.5439,407543.0751,397329.8381,403365.7754,406761.2411,400686.9924,402600.8126,362309391.9676,362330523.3420,362291963.3525,362297310.2670,11868.7680,9869.1493,10040.8333,12077.7759,6825.2069,10159.2295,4897.2505,3624.5422,2985.1513,9759.5578,10941.3543,12727.8859,5399.9049,11558.4481,3642.9860,10940.4651,12065.0115,7221.4648,10586.6934,12233.5602,11382.2224,7352.9430,1961.7653,5678.6308,11689.2004,8202.8399,13160.3042,9897.8971,12208.0574,8902.7955,6747.0599,11817.6622,5303.4384,10656.2138,13556.7837,10394.1845,12172.9061,9440.8450,8511.9432,13613.2501,13475.1080,7933.1478,10833.7866,11194.3571,13642.0182,7843.4378,4865.5925,12899.2836,12814.6913,11333.9833,10945.5472,13005.7198,11997.9072,12487.9812,13163.4499,13633.8928,3351.2084,12916.5416,7311.3200,9913.7119,0.0000,6766.3098,9904.4083,12799.3021,11802.3409,6898.5927,10405.7222,5596.5146,13028.0673,8026.3081,10309.5922,4032.1749,4647.1003,11890.8934,13296.1825,8633.0522,3435.3168,9813.1481,10476.6189,10184.3533,2634.5196,9927.6583,10296.3273,389787.7701,421163.5905,410320.2509,399992.4736,406172.1390,409696.3415,403428.5928,405360.5691,362312384.5375,362333516.2017,362294955.5662,362300302.9928,11464.7434,4101.1612,10646.1541,11995.5071,3065.3870,12896.5859,13320.2738,13106.5333,6793.6184,12445.0468,10929.8426,12562.4973,4070.4454,10957.5989,3331.4871,8825.3067,12742.0436,8417.3107,9850.9751,1950.2479,12458.1144,11273.9903,9632.9337,8508.3420,9967.7470,10082.8329,8836.9242,1312.8462,4741.5791,13488.4939,10348.3971,12865.3231,7441.3836,7765.0685,4978.8846,3923.7928,11266.7143,10246.6315,5550.1801,6385.7807,6369.5129,8455.8823,12684.4065,8832.6535,8107.1452,12167.1561,3932.1372,7787.3260,2177.2094,2022.9549,6521.4505,7883.4887,11477.5601,8841.3053,6964.1376,9656.4914,5553.5659,7588.4168,13126.3170,0.0000,13289.9181,3595.0240,9382.5430,4664.1306,13560.8588,3370.9748,12499.7677,5331.1249,13667.1742,11194.7840,12569.5282,13001.1391,11835.8744,10044.4858,5055.7512,12340.4211,10488.0417,10811.7158,2957.6686,11016.9352,12570.1215,2679.8668,398566.7320,430077.3811,419152.7521,408972.5688,414947.1842,418405.5602,412253.7374,414173.2319,362322275.3527,362343406.7644,362304846.6907,362310193.6719,13045.7628,3748.5535,12217.5780,12318.7548,10812.6667,8446.7176,8508.2017,13771.8983,7104.4314,9797.5311,11607.6146,13065.3379,7589.0380,9758.7558,12868.5163,3656.6429,13655.5997,3961.4341,10455.2527,3281.8865,11135.3576,7622.0583,4371.2716,4450.7190,9481.4903,13727.0854,10731.3623,12447.7905,5388.6064,3106.3160,11138.8060,13723.9793,7647.3302,8604.9962,8826.2143,985.6930,13303.3530,10635.2028,11708.5703,9767.2248,4431.4401,8216.7268,9765.5490,7377.6820,11906.8197,12233.5575,5972.5155,12537.1930,12239.0725,7177.6365,13192.5424,8210.7567,11406.1664,8601.3699,10693.1334,7861.4758,13225.4086,4938.8870,0.0000,4886.2771,12555.3412,11699.5040,8216.4299,5558.5878,12800.9279,11663.3364,8244.2855,5811.0983,12514.7798,11222.6997,10748.3739,9764.3251,8745.5277,10864.4176,11269.1432,1916.4572,1178.4277,12188.2972,8598.6326,2694.2773,11435.0766,389469.7810,421061.3968,410093.4546,399909.1082,405910.1545,409266.0742,403249.9201,405158.4016,362311382.0926,362332513.4425,362293953.5502,362299300.3868,12869.4974,9785.6099,1584.9431,11008.4042,12146.6698,11871.0165,3664.7412,13178.9627,11813.5987,10403.3515,3186.0495,10253.0611,5922.9375,8248.6513,13194.0317,6419.2909,12352.6081,5086.0033,13047.8936,8873.4336,9462.1214,11224.7373,11149.9832,11447.3543,6446.6039,5328.5911,1939.5699,13470.7245,12660.5984,10908.7780,5285.0019,10700.0490,7203.8966,7499.3166,12775.3374,7738.7438,8105.8451,7895.6892,6322.9203,10882.5202,13194.3453,10658.1733,8876.6622,9752.2859,5503.7338,10876.0957,2239.5321,2091.4360,9890.2088,7113.0876,12663.6025,9677.1695,9904.7626,7539.8776,9089.7659,3905.7222,13913.8690,0.0000,13392.1145,864.8264,9777.3477,7944.9082,13525.6366,747.4654,10342.3685,8845.0161,13779.4799,9900.3190,10388.4872,11116.0332,12239.7477,11739.0411,4617.3041,10059.5317,12261.6315,12719.8936,1921.2078,9851.9611,13769.0375,3331.2755,397802.6051,429226.6281,418351.5269,408117.7237,414158.5411,417685.3855,411432.1222,413360.9298,362321965.2333,362343096.7512,362304536.4084,362309883.6037,12543.8805,12230.5218,11902.0945,10582.0514,10781.0068,13343.6057,5723.0026,7333.2348,12457.3118,12013.8627,10369.4144,9790.6757,11166.0466,6706.0222,12709.9974,1279.8520,10075.0345,6637.4029,12909.1457,10207.0192,3980.9631,7272.4814,6660.1568,13052.6272,9778.2473,12810.1410,7697.1887,1171.3358,12080.2532,12825.6055,4577.9163,9142.7081,8053.5674,4537.2321,13054.7037,8170.6315,9349.9081,11150.7849,5280.7718,6765.9638,6772.6837,9428.1567,12874.3519,10487.4760,3821.2284,11841.4205,11750.4451,5212.3836,11612.4228,5693.2518,8959.1101,5711.3068,12582.7582,6190.3080,13763.4478,5091.7563,0.0000,7457.8179,12471.1877,9465.6405,7800.0362,7686.1243,12494.1879,12440.4793,6299.7561,7142.2551,11522.4755,12490.3975,11945.5718,7843.4033,5693.8663,11735.7070,12668.4794,4609.5442,3254.1751,12135.9672,11184.7619,3888.3800,11491.6378,390073.9471,421708.6750,410712.8873,400594.8856,406501.5926,409845.8552,403858.0191,405762.6426,362313162.3174,362334293.5027,362295733.9210,362301080.5125,10690.4318,2896.0868,6497.6669,6741.2148,7173.0884,8854.6788,9088.9579,1811.9491,9600.9933,9583.7655,12858.0769,7273.5203,10281.0817,6007.4633,12999.4367,12558.3801,10802.7464,5873.2293,11079.8174,13560.2082,12467.6236,10028.0964,5266.8476,12563.7172,9947.6164,8904.9880,12881.5211,2396.4406,6812.1525,12793.5082,13080.5613,13413.9720,12314.5545,3120.4857,11706.4898,10547.9322,11650.6048,13514.4737,8352.9287,10878.0887,12298.8644,2227.3831,10860.2563,13476.0297,10813.3556,10905.5028,13521.8331,7611.0106,9791.0012,9258.0410,12512.2205,8082.4764,13506.5897,7199.2512,9773.4923,0.0000,9341.1190,10145.8047,8440.5675,13525.6989,8722.1704,10174.1584,1578.1331,13172.4325,8547.4750,4326.2522,3158.2806,3209.7381,7968.6463,10711.5093,11359.0484,3666.2774,12782.7450,12716.1209,10894.6709,8902.7681,11092.2365,11627.8056,388291.6166,419671.9700,408820.1690,398571.5287,404628.5773,408196.1427,401886.0605,403819.4958,362313857.3717,362334988.7837,362296428.5487,362301775.6611,11602.0271,12268.6884,11955.8632,5121.4553,13217.6470,12059.0869,11143.8195,3942.7174,9803.2158,4425.6112,9103.3115,12754.2429,7643.9696,11589.3020,3660.1518,12510.4629,9243.0695,8679.2590,10181.1975,10170.3217,11545.6576,7730.0786,4199.4026,1767.9801,13280.3542,11903.7961,11565.8170,6561.2024,10098.3051,5760.7820,6215.9759,11988.5328,8917.5717,7867.4788,8083.6015,5198.1330,9749.1944,13367.8618,10639.9289,7758.5235,10520.7188,5598.6139,9962.8534,2006.7683,1338.9726,8926.2834,8039.4585,12702.2729,10065.9468,9380.0431,7519.2547,8057.3741,4928.2281,13724.9359,0.0000,13123.1066,759.9922,10303.6514,6609.6830,13371.4699,1202.3135,11102.7414,7924.9327,13701.7499,10824.4069,11002.1693,11680.9304,12584.4227,11685.4673,3438.7670,10644.3576,11353.5130,11898.7156,339.6965,9557.5686,13321.2306,1759.2770,398309.3485,429755.4090,418868.7087,408636.9171,414678.7295,418181.8773,411960.5196,413886.7784,362321915.7900,362343047.3196,362304486.9841,362309834.1728,3780.6084,4085.7366,9146.7558,8508.9971,9995.9250,1246.6296,11301.1486,7748.7079,13025.4382,9478.9356,8232.4106,8481.8405,12434.2617,13033.9126,8804.8559,4693.0595,9673.8767,12925.1497,11026.8305,10904.0546,7790.7072,13288.6853,10699.7030,6685.1357,12120.6818,539.9340,9117.9801,13133.9616,12861.9990,13619.0880,10832.2250,5800.5983,12866.7724,12107.3578,11238.7570,12688.0992,8291.5023,11868.2726,11293.6195,1998.2271,12394.0969,13318.5910,12050.3903,11974.9975,13604.4247,9855.9992,10106.0426,10835.3022,13112.0336,7211.9145,13697.0143,8261.3606,8526.6771,0.0000,7141.4745,11171.1159,10150.5456,13517.4204,6537.8297,11366.9445,1418.5345,13525.8208,6711.0363,6592.5532,1331.1930,342.8523,8718.1521,11353.1906,11412.6029,2074.1935,11470.6536,11511.3158,11736.9098,7127.3859,9681.4606,12193.7603,387047.1233,418434.2869,407581.0399,397306.2849,403405.0704,406950.6488,400664.8121,402596.9633,362311626.7651,362332758.2386,362294197.9117,362299545.0961,738.5090,11337.0047,8500.3010,11135.7648,4926.7282,12865.2555,5225.6992,12505.4274,11866.7173,5201.5225,11191.8709,11093.6573,12905.6744,5731.6110,4958.3721,7495.7503,11333.4285,8475.6638,11794.7600,10632.8577,13435.3775,11364.9799,3834.6609,10553.7405,4311.2162,11594.4633,12895.8499,11843.8673,13051.2276,8302.9293,8994.4243,13633.2759,13452.7143,10285.1898,10832.4720,8779.6376,12684.2816,9415.2817,5181.0480,13631.6092,12358.4589,13007.3242,12743.2428,12906.9353,12201.0132,10553.2600,12449.3192,13186.7252,6699.4716,13113.9211,9804.9655,7178.8480,0.0000,4136.2596,12038.4838,12018.4158,12679.1846,3867.3275,12395.6783,5113.3682,13173.0099,4889.4411,9519.4548,3983.1878,3510.6979,9994.4152,11888.3637,11064.4860,4046.7030,9086.9039,9331.9283,12301.2445,4994.9455,7657.3842,12337.4598,386756.8033,418177.2828,407307.8265,397016.3920,403148.0510,406644.6955,400420.7414,402348.3693,362309837.5153,362330969.0506,362292408.6637,362297755.8940,11223.3955,9020.5231,11562.0886,5148.5449,12764.7375,4604.7468,12185.5088,12097.5706,5288.0628,11284.2821,11216.8411,12630.2435,5718.5023,4481.6551,6924.7833,11270.5112,8155.0718,12158.4943,10704.0728,13239.4264,10990.6814,4186.7638,10678.4006,4617.4449,11614.6671,13028.6465,11494.6170,12855.0913,8280.5823,9112.9894,13717.0700,13587.7082,9780.1551,10667.6331,9331.0370,12962.0316,8939.9761,5246.2317,13615.7235,12382.6460,12795.8821,12494.2943,12886.4999,12354.1461,10999.8267,12734.8444,13304.5276,6099.9194,13046.7951,9488.3373,7651.1651,0.0000,4382.3410,11737.1270,12332.1560,12456.5289,4280.8659,12132.4478,5345.6593,13137.3283,5427.6837,9877.8387,4052.2573,3800.1758,10490.2455,12234.2252,10606.6417,3973.2418,8999.4345,9359.5124,11978.7933,4314.2060,7948.6201,11992.6709,387288.8976,418702.6311,407837.3879,397536.6502,403681.5866,407179.8402,400951.9263,402880.0865,362310140.5183,362331272.0855,362292711.6418,362298058.9168,12055.5050,10363.8116,8256.0443,3441.1935,11087.9182,8927.8936,5812.7144,13373.1642,3144.2520,13155.1944,8063.3258,13471.3340,8275.5634,11081.8536,12765.2081,12745.6032,10403.6897,2968.0367,7879.1711,4930.0735,13068.2101,13426.0004,8888.3200,2125.5563,11361.0072,10017.5068,9942.9547,13686.0741,4513.3239,8481.1385,7379.4484,8992.2130,12680.1892,11762.3951,10032.2716,11097.1680,7713.2530,5954.6593,12165.0328,4828.5766,5146.6241,11411.0855,4745.2073,11596.1012,8233.4295,10522.4523,8179.6307,10854.2555,3534.1806,13307.8305,0.0000,13180.7927,4416.1692,7951.6495,10428.2271,13022.6150,4098.4305,8133.0261,10414.5338,13010.4505,6985.3696,8671.1084,9338.5233,10490.2608,11015.6250,7626.9872,8527.8731,13477.5963,13666.0646,5444.6068,10490.5828,13783.0602,6720.1601,395302.1698,426698.6935,415836.7730,405613.2155,411633.7673,415196.2306,408897.6061,410829.6468,362320732.7767,362341864.2184,362303303.9634,362308651.0908,4115.7411,9001.0299,11889.1544,11006.9099,12636.3417,8595.9496,7202.2243,10339.9451,6787.7996,12554.5040,7783.8421,11461.8489,11930.9352,8990.6186,10398.2901,4816.7322,10545.1724,12104.6599,13434.6675,6443.6551,6647.1714,8542.9734,10998.1229,7588.6973,12386.2592,11514.8560,7874.7040,9953.2241,9243.3596,9100.0076,13177.9705,9860.0997,1175.1833,6317.5892,12155.2137,9801.5768,10939.8580,8481.3350,12696.4424,12803.7409,9336.8800,9561.5214,2606.3125,7071.3951,8064.6257,12406.6923,10031.8681,12907.0724,3037.0886,0.0000,6757.1450,13123.1018,6918.8450,11514.2142,6142.3640,13042.9084,8931.0646,9741.0489,4681.3750,7464.1206,9542.2429,8648.3470,3281.5411,4723.4348,13438.0988,10032.2092,8578.6104,7518.6782,13265.7376,11354.5794,4911.9123,13214.4509,386445.5859,418017.7074,407055.8593,396928.8627,402835.5648,406252.7756,400166.3050,402079.0284,362311415.7554,362332546.8837,362293987.3107,362299333.8978,9976.4109,9671.7320,13064.4316,12150.2508,5551.9884,10515.7165,8160.8320,7963.4500,11624.8755,10939.9099,12658.4379,13571.8343,9947.5262,12394.3605,1504.3284,8718.2004,10720.7863,12643.7673,9957.7383,8287.8095,9834.8556,8815.8139,6466.6167,12457.8229,10848.7542,10477.9782,8899.3488,6611.5528,5890.2014,13590.4246,11048.4362,3574.1462,3235.5907,13346.6269,10626.7494,8322.0039,8509.2035,10978.5438,11322.8289,8821.0254,6635.2190,2078.2811,3323.6690,6351.2624,13391.6033,9311.9434,12283.1223,6975.2812,0.0000,10224.4636,11916.8152,3258.5397,11207.9502,9695.6753,11600.9290,9825.2666,8702.9212,8445.0702,5905.6161,10855.4632,10236.3322,1785.2166,2399.9530,13301.3070,11319.3138,10772.1007,9790.3989,12165.4461,13235.2958,8319.5533,12355.4532,388822.6630,420394.9128,409429.5245,399343.3998,405187.3475,408625.1060,402519.1186,404432.3635,362314963.5567,362336094.5990,362297535.1686,362302881.6436,10636.4263,8387.1921,12967.7554,8801.7783,9244.3403,7549.7735,12935.3051,12861.1613,9777.2410,4725.5428,10150.4853,13379.3965,11680.0765,10887.1187,6790.4863,13059.9643,10230.6733,7792.6473,12698.1478,823.8612,8211.2335,13269.3016,12965.5974,13638.3255,11627.4026,4710.0264,12615.9395,11697.7761,11285.6543,13171.8430,8672.9466,11778.9153,11662.8946,1122.7092,11899.9577,13616.1909,11533.3701,11507.4452,13779.8540,9112.5867,10337.9065,10484.4636,13128.8160,7244.5321,13801.1375,7543.5560,9352.2673,0.0000,8227.6585,10651.7485,9747.0879,13616.3041,7644.1196,10803.8311,239.6845,13573.8111,7731.2471,5916.4410,1460.3390,1501.9208,8765.2789,11432.5741,11261.0251,2125.6198,12179.1511,12222.7134,11309.2444,7672.8194,10537.6129,11900.5092,387680.3848,419054.6739,408207.9431,397935.4021,404028.3286,407589.3306,401283.3782,403217.0642,362312607.1679,362333738.6379,362295178.3033,362300525.4941,11902.5910,6993.9776,5743.4579,13598.6331,4756.6493,11594.4210,5798.8374,13568.5882,10465.1403,11325.9935,11067.1305,12204.6768,9222.0735,5288.1507,5106.0539,4975.1031,13708.9837,12057.4223,11108.5959,3648.2150,9109.9956,8406.1994,7502.8314,13027.8285,7149.7122,5750.3053,5062.1711,8606.4816,11209.5813,11749.9713,8294.5725,10584.3693,10263.0943,2797.6405,10058.7835,2371.4390,3072.2914,9033.2126,4511.3357,10851.3055,7027.5589,8096.7542,9732.2970,8347.0969,5919.5603,13247.9827,0.0000,13713.2284,3624.2747,7210.1745,8216.0501,13682.8878,2912.1061,10514.8444,7820.2291,13552.9263,8321.8524,11017.0998,11487.2645,10365.1612,9645.8986,7100.7406,10905.4150,12581.6426,12678.2359,4200.7324,11624.8372,13402.5996,5214.6819,397001.9747,428464.1372,417564.4878,407386.5077,413348.6758,416863.1576,410637.1533,412562.4014,362322219.3210,362343350.6818,362304790.6314,362310137.5961,9105.1096,13210.5520,5614.9495,12191.3061,10288.9555,9925.9600,5305.7438,5106.9289,2440.2768,9191.4717,4883.6827,13145.5922,11739.5169,10969.9398,8845.5488,6297.1232,9801.6221,8178.0889,12046.6732,12229.3755,8076.9584,10233.8300,6897.7546,10847.2124,13023.1931,13465.9886,6028.1237,8020.9527,11599.7347,13365.6335,4797.2259,8018.7214,12750.3123,10822.2475,11081.3887,10544.0418,11107.6500,13078.2173,12430.2379,13581.5405,12510.4950,4109.0567,11045.5471,8725.8555,9385.1426,0.0000,5942.3876,9823.4748,13498.6411,9621.2895,6608.5087,10407.5667,8548.1083,11380.3091,7983.0803,12179.7514,7224.4483,7533.0428,12561.9349,12978.2344,7379.7951,6763.4126,7046.2306,8058.3429,9708.4130,1224.9649,8541.7957,9306.7400,391178.8629,422611.1421,411737.0087,401424.2466,407592.1138,411058.5665,404870.5039,406795.8000,362312619.4455,362333751.1147,362295190.5379,362300537.9165,11142.5002,11183.5082,10690.6706,8835.9978,1399.2186,10704.1290,10808.1598,7285.5988,6723.8128,7389.5368,11306.8670,10910.6065,2860.7080,5368.6926,12360.3525,9155.8770,13131.9512,9845.2027,8076.6666,1739.9749,2607.2833,9335.6968,11810.3336,7517.4782,8797.4625,4109.1203,6131.4569,13144.8023,10241.7633,5278.9222,12545.8121,6893.3813,6932.7267,4962.5871,4362.9759,5915.3794,10406.9350,12149.3929,10839.1461,7753.7970,8685.3051,4995.1494,8491.7732,12535.8832,0.0000,12009.8554,5110.1793,11377.3185,2583.6026,12524.5775,5395.7259,12963.3027,5312.4429,12941.7036,12834.3537,12634.1585,13048.0215,12885.0698,11008.1581,3632.6581,12307.8675,8376.6997,9053.3043,4126.4881,9418.5804,11452.3465,2770.5949,398276.7291,429798.1566,418870.0268,408660.9739,414683.0365,418110.9815,411994.0508,413911.4514,362320597.2947,362341728.7956,362303168.5938,362308515.6751,12994.3857,3121.1580,11338.4338,10205.3607,13315.4808,11155.7184,13548.0301,12187.3454,13765.9588,5821.2864,3992.4106,9286.1492,9605.6040,12377.6852,11735.0980,9134.9686,3808.7899,8932.2286,12054.4344,10748.0487,13203.7671,5242.0831,6280.1343,4327.9149,12371.7655,12825.7215,7962.4750,5855.8224,13390.9608,9013.2031,5606.7926,10826.3542,7842.8208,8399.0537,10404.4553,1360.0102,7377.4578,3223.9309,8106.6845,11801.3060,10297.3272,8719.4716,10936.3642,0.0000,12638.8492,8704.4694,2550.4549,11353.2729,12182.4047,8207.5771,8597.5471,9582.3026,11436.3458,3717.3184,9829.1187,9776.4040,5935.0569,6786.4381,11418.2745,10131.1997,13232.5145,12780.0667,9337.5105,12948.8093,12035.4354,10121.1359,392058.6862,423538.6364,412625.2267,402494.8607,408388.5647,411907.0521,405685.0251,407608.6067,362318826.2043,362339957.3715,362301397.6436,362306744.3549,13242.6015,7198.4177,11865.0948,888.9643,8786.1010,6786.3723,7527.7152,5199.9137,10689.7493,13048.7063,12341.9933,12396.1014,2153.6811,6425.7882,8657.3616,13467.9373,10259.5855,10073.9545,10966.2912,3550.6868,12069.1447,12440.5843,13008.4001,9923.3550,7138.4177,8107.3153,11366.2701,7765.1812,9571.9059,13431.6307,9026.0443,13283.9795,12957.7035,9997.3183,13376.2142,9143.4358,12291.5875,10982.0313,9003.0781,10490.4956,12281.8538,4596.7238,0.0000,1481.3405,12816.9126,12265.5905,10380.3839,2487.2457,13154.2166,9353.8980,10766.1446,3627.6668,11675.4019,8633.1446,8088.7197,9881.7220,10278.0575,11110.2619,8683.0561,4643.2349,4740.6456,12675.6735,6454.9164,3491.7602,12180.8643,387532.7638,419058.8758,408129.6164,397892.3929,403961.7656,407365.4266,401275.6156,403191.2482,362309572.6067,362330704.0497,362292143.9307,362297490.9473,12770.5082,9788.9685,13514.4070,9284.9304,12569.1424,13068.0631,13642.2843,8476.5444,1044.9839,9235.4998,7714.4421,12597.6815,13063.2452,8111.9326,1259.7614,10773.0466,11667.1673,11041.7384,13787.3680,3114.5953,7950.0715,6283.1711,11146.1388,13322.4223,9798.7983,8441.6512,12686.3186,7408.2187,6143.7981,12135.7677,6830.1655,7305.3926,11586.1281,2449.7210,9703.9746,6120.5124,9946.4772,9930.0170,11268.8445,6104.6405,12157.7364,0.0000,12840.5182,7054.3052,5542.8494,11577.3638,12456.3595,6638.1246,7359.2072,10680.2417,12067.2705,4257.2077,8438.5288,8757.4823,8176.2830,9315.9854,10025.6066,8579.7719,13774.7506,13638.9749,7935.9777,11680.3759,13097.8038,9010.3600,393041.6967,424460.7233,413583.6529,403398.9983,409364.4183,412922.3662,406637.3196,408567.2565,362319427.8017,362340559.1105,362301999.0897,362307346.0327,9164.7869,6988.5063,13015.7043,9828.0001,2836.6845,6814.5209,7120.2168,13139.5573,8894.8849,12261.0874,8404.1844,907.3382,12613.7774,12760.8482,4038.2412,8171.4405,6986.2465,4543.9806,13298.2767,7719.8824,9131.7664,10460.3231,4306.8265,7779.2465,6911.4748,8763.7548,13255.0517,10009.3463,2669.4623,11216.6278,11090.9885,4120.8410,11645.8975,6532.4567,9154.1340,5190.3330,12410.8562,5108.7113,13530.6869,6205.7567,0.0000,8098.3689,11895.8310,9754.0206,6703.4510,8438.2063,11929.6415,12920.5582,5323.5621,8069.3593,12005.9290,12909.4746,12472.6868,8634.0104,6141.2324,11033.3905,13022.0204,4261.7644,3124.0794,11468.7630,11132.5320,4813.9774,10722.8449,391310.6801,422947.2034,411950.6608,401830.3784,407740.9707,411081.2892,405098.2206,407002.5366,362314138.4170,362335269.6264,362296710.0113,362302056.6289,11465.6229,11050.5072,8305.2655,7361.1701,8487.0147,10755.4384,10094.2284,1616.0382,4973.5355,12872.4092,9578.9110,13083.4334,8884.7577,7785.8388,3095.8303,2717.1854,10134.3312,11211.8931,6575.2615,7748.3280,5016.5525,7036.6317,12959.0338,9585.3534,6491.8782,12448.6421,5639.4380,7117.9684,3760.7427,3259.7443,5936.9609,9387.4230,11842.5602,9989.0069,7256.5230,9113.1375,4940.9725,8109.2229,12789.0127,0.0000,12583.3113,4345.0329,10545.9585,3170.7247,12997.8680,4460.5800,12832.0352,5035.6176,13277.8103,12197.8753,12669.2795,13091.4842,12452.4317,10548.2519,4074.2189,12381.9208,9238.9401,9752.6689,3401.8192,10133.1137,11914.1552,2285.9613,398526.2975,430045.7507,419117.6760,408922.2453,414922.4459,418361.3769,412232.4680,414150.5099,362321413.6541,362342545.1158,362303984.9735,362309332.0083,8937.1521,6231.5624,7029.2880,4393.7947,11005.0593,13335.6676,12014.7113,12173.7415,3015.9459,6206.3939,9232.4714,13660.8774,10156.5419,9504.4958,10518.1565,2966.1742,12452.2224,12404.7974,13096.9013,9422.6736,6501.9400,8724.2015,11553.5655,7099.2591,10024.9934,13384.8512,8709.4050,13101.9365,12736.0767,9664.2628,13625.7251,9568.8242,12571.6762,10896.4755,8872.5533,10129.8985,12284.6731,5221.8105,0.0000,2333.6808,12619.4147,12606.6871,9874.6977,3360.9334,12984.3051,9889.4235,10469.4495,4483.9189,12190.7054,9106.0226,8655.5432,10422.8904,10540.6418,10697.2674,9092.5493,3986.8380,4300.0827,12409.8905,6264.8853,3785.4880,11829.6875,388217.2432,419747.1928,408816.0650,398575.9791,404650.8414,408047.2915,401966.4918,403881.4672,362309948.1530,362331079.6167,362292519.4713,362297866.5084,6663.5463,12459.2039,9425.9946,13112.7110,8503.1845,11809.5025,7862.3300,8212.8984,12716.7827,4934.2217,9309.9583,13776.0061,10562.6982,12211.2390,10755.6916,7142.9165,13246.1520,12884.1346,7918.4994,11683.9461,11552.8352,13512.4078,8546.6709,3866.1084,12132.0367,13307.3537,10409.0029,10076.0575,13308.5105,10963.9354,12739.3148,12677.6304,13673.4775,2879.2046,13105.3509,5701.2010,10922.7052,0.0000,8298.9756,8870.4695,12249.2649,11979.0265,8304.7331,9338.0503,4889.2190,13122.1413,9193.8806,9494.3915,3507.8562,4527.7935,11870.9753,13385.8213,8208.9580,2757.5147,11019.4905,11630.4750,9321.4279,3993.8286,11133.7339,9685.8955,390676.5378,422029.7414,411198.2493,400871.0857,407045.1248,410595.8185,404292.9198,406227.6861,362313830.2365,362334961.9000,362296401.2407,362301748.6867,8124.0309,3792.9075,13385.4310,12243.7526,9541.3328,7908.8889,7973.7085,9450.3697,10042.5266,12202.8762,11584.5105,6082.9361,8613.8968,6797.5592,11774.8202,12360.3195,13102.1498,4110.1694,6714.2172,12600.5872,13283.2105,2511.1349,9702.2592,12045.1803,9873.5451,10071.0010,9435.2139,9973.9800,13241.7417,12963.6541,13720.0298,11831.9589,4657.2562,9766.3998,8766.1658,10428.7488,0.0000,7514.1185,8869.3976,13811.3339,7909.5025,8293.6215,9503.3701,10279.6317,10216.5706,9529.0984,13174.6420,9113.3328,9505.2341,13382.2034,13111.8892,5772.8158,8625.3595,6504.4421,7751.1155,8511.6033,3144.0468,9211.4502,7828.9182,393373.5078,424826.7605,413940.9201,403638.1114,409794.5992,413241.9454,407081.1611,409004.0864,362314379.9301,362335511.6121,362296951.0423,362302298.4146,5077.6634,9046.0936,13369.2017,7465.7017,10843.3383,9140.2285,2980.3614,13144.5723,12807.7205,5081.3620,5771.2227,5089.0117,4334.2425,13654.0880,8039.4223,9704.0124,8371.1894,1692.9709,9937.0028,8488.3898,6556.1473,13470.1101,9764.4688,2455.5059,10128.4099,9836.6153,3352.9462,12191.0995,8838.8845,10442.1352,5923.7784,11257.4737,3947.6833,12671.3095,8112.5246,0.0000,8691.5258,10616.4095,11073.2312,4506.2883,9284.9295,10769.7108,13390.2757,4572.1052,9387.8282,13093.6345,13120.8565,12923.8874,10624.1735,8196.5629,9101.1822,13065.4123,3340.5704,3248.5344,9992.7310,10100.3146,6370.4553,8993.5780,393486.2280,425102.6628,414119.3701,403966.3544,409923.3380,413267.9926,407272.7674,409178.8989,362315474.0095,362336605.3337,362298045.5179,362303392.2934,11998.2360,13554.2945,9398.4299,10004.8322,7100.7679,6322.9399,11397.6914,13382.9416,9453.8059,5849.0842,7561.7606,3518.1820,13239.4396,11399.1549,12555.2521,6193.5169,3647.6212,11319.5190,11877.2063,3289.3502,11559.6810,12046.1493,7278.7905,11023.0799,10485.5355,7799.0380,13675.2282,11331.0447,13044.9425,10048.4391,7988.4960,7923.6296,11291.2763,8546.2145,0.0000,6485.2609,10499.8314,13330.3074,6694.9217,7423.9681,10967.2239,11777.9857,8517.6635,8406.4492,13657.7640,10901.6494,10898.1724,12412.9014,11436.1889,7729.9665,10640.2830,2943.9821,4370.1080,9970.2614,6015.7401,6716.1776,9016.9971,392509.4098,424042.8942,413110.4781,402863.0320,408950.1596,412335.8621,406267.7993,408181.9823,362313394.2258,362334525.7738,362295965.5073,362301312.6391,9128.8878,9752.9606,12308.6114,10430.2586,7580.8360,10772.9631,8942.1373,5115.4776,11657.6015,9789.3172,10149.5935,9584.3824,5411.1713,5019.8060,13139.0675,10259.1186,4595.3127,1813.1708,12886.2256,11438.6863,7519.3513,7367.5789,10361.8445,10707.8941,7601.7720,6700.6236,2395.1991,2983.2657,4956.9631,13530.0347,8104.5283,12374.3465,7377.1514,0.0000,10604.6890,11484.7754,3414.6453,10196.4698,10211.7383,11146.3827,10745.2423,7460.0567,9063.9051,6916.3265,11661.2837,11127.8276,3224.8248,1137.0140,12820.9179,12052.9435,10288.8347,9297.6733,11626.5667,13396.6256,8339.3256,11711.7931,390006.0932,421597.0474,410621.0150,400545.0428,406377.1265,409798.1638,403716.3461,405627.4291,362315877.9213,362337008.9589,362298449.5597,362303796.0096,9695.4542,7559.6816,12325.9611,13369.2104,7410.0288,1754.0645,11408.9601,11810.0569,11447.9779,13815.9034,2235.5522,8770.4473,7203.7913,10975.3683,13515.2367,10011.7268,9202.9290,12548.5155,6570.0019,6935.2307,12610.1576,7176.6588,7570.4893,12107.6338,3464.0265,10157.7515,6955.9215,10645.0360,9307.1077,11788.8533,5504.5662,12201.3088,0.0000,12583.8012,7093.1036,6325.6033,11917.5105,12191.5279,6768.2919,6604.7705,11252.9019,11891.5775,4272.8510,7656.5308,8059.9898,8549.5720,9950.1646,9906.6354,7773.4606,13846.6964,13779.7116,8025.2638,11145.3496,13158.1012,9129.2003,392707.8159,424108.0018,413242.2532,403039.0180,409029.5607,412598.5014,406295.2439,408227.0707,362318955.1556,362340086.5054,362301526.3979,362306873.4095,5764.3447,13237.7958,9431.7907,13289.2126,8357.9460,6844.9642,4387.2586,2716.0398,10553.1404,11015.2805,5150.4180,6399.2903,6505.5996,7506.4906,12438.4998,8429.0114,7794.3600,12738.6187,4321.9143,6683.3084,3454.0378,3287.7828,5358.3975,8478.5747,11085.2146,8847.2678,6131.6142,10156.8084,4343.4753,8612.1676,12678.9397,0.0000,12998.6890,4769.3745,9494.5699,3559.4061,13319.3095,4618.3077,13003.2669,4186.6715,13400.6141,11647.6578,13044.1136,13384.0051,11717.9112,9573.8533,5496.4652,12840.1907,9703.0241,9985.3984,4041.5652,11173.3331,11967.0078,3389.2599,398397.5198,429933.7610,418994.6470,408827.0322,414787.5079,418222.9706,412104.0580,414020.6196,362321855.9398,362342987.3253,362304427.3229,362309774.2474,12811.0576,12458.1863,10685.6609,6713.6878,11208.5946,6332.6367,7418.8302,12046.8158,8402.4556,9215.9493,9266.0467,4677.8084,10222.2841,13571.8208,11619.7504,7446.2214,9485.2952,6994.2286,10924.3258,3591.1390,3039.3633,10048.4311,8599.5063,13235.7344,10895.1516,10589.3721,6064.1661,9260.3477,3577.3149,13747.7165,0.0000,12669.8311,1510.2109,10983.3619,7630.1622,12918.2684,2256.0027,10214.1013,9190.7527,13396.6136,10764.7351,9944.2918,10748.8308,12933.1619,12494.4199,3004.5479,9502.1181,11513.6753,12171.3937,1861.5542,8430.2411,13394.8571,2800.0505,397661.6543,429075.7196,418208.0325,407946.1191,414028.6950,417550.4604,411298.5180,413227.8985,362321060.6344,362342192.2296,362303631.7532,362308979.0536,7708.0729,7108.0635,13001.6295,11027.4311,11455.5244,12210.3707,5500.5882,11069.7951,12846.8875,13071.1787,10990.4858,8921.9449,7146.2983,11385.2167,9255.2888,8292.0510,13705.8402,10273.3016,13731.0197,13483.4862,11193.2096,12894.5456,8723.2298,11946.2554,11643.6284,9116.3644,11681.7219,12104.8964,4075.7145,0.0000,695.3467,13222.3916,11737.9035,11747.5788,410.3612,13512.9247,7902.9747,11818.6435,2030.0513,10512.3131,7298.8322,6545.4348,8995.1386,10207.8555,11982.0781,7493.2637,6591.8996,6464.9987,13255.0768,6802.0362,4165.2090,12979.8249,386096.1994,417599.8732,406682.7996,396442.3945,402511.5985,405941.7730,399816.1344,401734.7131,362308840.3195,362329971.7388,362291411.6281,362296758.6391,12332.4191,13087.0983,4894.1366,8357.0022,7485.4616,3751.4179,13383.6023,8458.7189,9784.5791,10436.3850,4207.0428,7705.3744,7538.9929,8544.4316,13033.1681,10624.7817,3432.5328,11657.4851,11494.1618,4861.6817,12070.9619,6741.7880,9673.7074,6015.9561,12167.7111,5794.5472,13610.8276,5675.0778,0.0000,7373.0996,12195.3286,10199.4490,7110.7915,7759.0820,12275.5053,12697.7343,6060.6191,7460.4820,12141.2557,12606.5949,12138.6970,8783.8423,6638.5921,11138.9554,12716.7642,3613.1821,2334.0604,11780.5619,10688.8767,4063.5436,11026.1382,390729.5400,422360.6274,411367.7990,401236.3184,407163.2758,410503.4544,404518.4222,406423.1559,362313351.4059,362334482.6379,362295922.9797,362301269.6313,8790.8999,13157.7098,13036.8793,13712.1420,11181.6512,5373.5519,12754.1450,11911.6483,11443.1646,12950.3485,8256.2273,11743.0355,11601.4991,1795.0118,12227.7515,13446.3880,11953.6503,11910.5626,13698.2488,9523.9126,10048.9542,10597.8173,13093.1444,7453.0869,13778.7246,8157.1759,8745.6709,0.0000,7573.5516,11110.6876,9877.7122,13649.4296,6945.5928,11275.8660,952.2444,13574.8638,7025.3987,6173.2383,1506.4698,862.8396,8551.3891,11271.3998,11533.8589,2271.8770,11801.2785,11810.3791,11714.5474,7539.7747,9970.6147,12225.6037,387105.0631,418489.5812,407637.3635,397366.9659,403458.4846,407009.5479,400717.2536,402649.8088,362311904.6436,362333036.1041,362294475.7951,362299822.9655,10652.3403,10932.6121,10344.3825,13790.5712,3912.4745,7615.7387,6101.6699,10412.4557,12990.5684,10558.4204,8670.9649,12167.6506,7934.6319,5415.9021,11893.8249,5718.8085,6214.1599,11214.9196,2755.9551,10288.7394,6529.2854,9764.4437,9603.8911,10789.1152,5440.0516,12673.1077,0.0000,13184.2327,5960.4289,6137.3907,10912.9715,12895.4200,5500.0239,8042.1960,10220.4891,12614.0855,5432.8256,8936.2839,9366.5835,8994.2918,9693.2822,9155.8858,8976.9470,13668.8547,13626.9654,6865.4761,11541.3393,13410.9189,8007.3016,394231.3525,425650.5182,414773.9164,404584.0257,410557.2577,414112.4319,407830.0375,409759.9290,362320341.6977,362341473.0373,362302912.9690,362308259.9492,8231.3336,5831.6930,8107.3550,12185.5561,4068.1191,5718.4249,10841.8108,6540.2616,8121.6217,3972.1550,10231.4064,13523.1691,6893.9549,2751.8375,9083.4156,9203.6511,2801.5299,9101.9212,5994.5161,6388.4870,1261.0254,13141.0267,3531.7064,12677.8321,8523.5157,0.0000,10871.6892,10380.0774,7284.6446,6168.0194,10986.2094,10164.1675,13190.1373,3045.9431,10381.5034,10739.2392,13557.3855,13262.9675,7818.0693,4263.7742,10730.7860,13694.9886,7656.8670,6864.2074,10033.6808,12794.0007,8013.3469,9532.5268,393425.4271,425058.3452,414061.0252,403976.8072,409830.0432,413196.3101,407185.6537,409091.3420,362317516.2334,362338647.3609,362300087.8744,362305434.3912,3072.5096,8071.5828,12436.4921,8468.3761,9842.5468,3595.0563,4840.1867,13020.6450,10749.5844,3821.6148,12578.1336,8259.1924,6572.0012,6507.8248,5884.9258,5855.6885,11454.9408,12176.8901,11589.3870,8172.1613,8359.7449,5134.8162,9181.0662,11879.7592,0.0000,11033.1365,6382.3978,12104.1801,2437.0944,11661.5449,6771.5226,12988.2063,5665.5081,12216.5250,13374.5543,12490.9193,12845.5258,13075.6971,11249.2046,3962.6718,12148.1339,7053.4078,7909.8615,5464.3240,8568.1313,10553.1070,4118.8291,397475.9413,429004.2358,418073.1691,407853.0310,413894.3465,417306.3803,411208.4782,413124.5857,362319212.1893,362340343.7174,362301783.4805,362307130.5891,8605.6003,12424.1162,5951.2682,7679.3134,6325.5089,5102.1656,12086.4085,8565.2490,6523.6712,13417.7607,6392.0803,4693.7742,5964.2801,5650.9673,3483.6365,10204.8823,10700.9160,9710.7851,5596.9419,10454.9164,2482.2479,10192.1561,11587.6357,0.0000,11864.8502,6822.8212,10430.2696,1009.2724,12335.2219,6873.2850,13611.6123,2889.5500,12491.8389,12701.2473,13475.6247,13671.3803,11826.8286,9317.3655,6082.6310,13282.0596,7599.9439,7930.7119,5989.0553,10725.5461,10455.5854,4899.1740,397556.8529,429128.5241,418170.2576,408006.6432,413968.8528,417363.6500,411299.6082,413211.6569,362320183.8712,362341315.2536,362302755.2974,362308102.1844,13386.8600,10926.5630,12035.7963,9089.9626,4017.6564,8954.2321,10349.6527,6560.2190,11842.9843,12337.9688,6228.1520,12351.2951,11996.7458,7320.9370,13443.1458,8989.4896,11900.8951,9003.6034,10133.2928,7901.4751,12915.7621,5691.9388,0.0000,4924.6887,12246.2930,12190.2895,7917.6311,5730.3560,12544.5344,11697.1556,8353.1106,6234.5227,12864.4779,11132.7389,10745.9948,10437.4347,9445.5391,10298.1488,11112.8565,1258.9314,1485.4783,11841.6356,7964.9698,3511.9750,11035.9642,389991.4975,421571.6634,410610.9357,400411.0382,406433.9773,409793.7284,403769.4532,405678.9599,362311588.0092,362332719.4062,362294159.4275,362299506.3322,10159.7078,8725.5278,11227.7941,13700.8292,9393.2641,10022.7207,12504.2004,4553.7563,8711.2485,13182.7514,8728.8454,8977.7398,12901.0353,5189.8205,10102.4958,7941.6661,11612.6538,8570.9440,12699.1083,5727.8920,11370.3213,0.0000,11402.3425,8285.8109,7164.1979,12742.1843,10916.4523,8137.8708,4513.6629,12244.6952,10671.9480,3663.2743,5703.2432,6081.9044,8288.8928,10388.3322,10454.7714,5911.0779,13596.8147,13545.2473,9183.0140,10164.1881,12501.2813,10172.9053,390867.3888,422249.3208,411394.9186,401168.3369,407191.6087,410768.5356,404450.1860,406383.7512,362316923.5219,362338054.9062,362299494.7208,362304841.7942,2148.9647,10539.3544,9006.4259,9324.6764,3756.6784,11090.2413,12697.1891,3130.9185,6038.0489,6279.5209,6694.6514,5136.6930,6028.3197,7371.1264,4468.2056,2829.4663,12627.9366,4914.0919,10607.1894,10863.0435,0.0000,12797.9189,8016.7958,5427.0118,6756.1184,12778.4849,7550.8464,12491.3066,4049.7371,12217.0499,9172.8760,13101.9039,13057.1091,8063.1454,5367.8171,9744.8331,13201.8058,10449.7463,9990.2804,7903.0619,13246.4270,10848.9993,7882.4046,395350.8381,426930.8375,415962.3115,405869.0034,411724.6247,415149.1053,409059.2248,410971.5105,362320479.1723,362341610.3223,362303050.7411,362308397.3339,11338.8442,10590.6837,8913.7587,3707.6939,12161.4599,11811.4881,2843.9887,7841.8246,6383.2671,6950.3850,7095.0815,4103.3145,7198.8466,2961.7514,4581.7592,12636.2141,6900.6434,10011.6491,11127.2107,0.0000,13129.7762,8033.5288,3784.4319,8465.3749,12953.7347,7472.6060,11542.5915,6064.7023,12286.1335,7576.4478,12378.0021,12339.4387,7230.7422,5428.7724,10384.7828,12541.4021,11722.4886,11236.0334,8206.6572,13519.2143,11530.5914,8543.7885,394616.1355,426167.2501,415213.9544,405118.4355,410971.9014,414428.2757,408295.5576,410211.2673,362320508.2662,362341639.3990,362303079.8107,362308426.4100,7162.6497,13693.0283,12549.9519,3072.0472,10661.0716,9542.2454,9442.6370,6820.3867,6070.8329,8916.9769,11697.6171,13459.2319,12755.0748,10708.4440,5294.1509,8284.9183,6976.2415,12494.4669,0.0000,10620.7338,5570.7415,12989.7202,5882.7513,11226.4770,6256.7720,11348.2628,8650.2514,12091.3670,13011.0859,10551.9004,11170.7053,13808.7353,12955.1516,1859.0514,10039.5804,8392.2023,9467.3197,4958.0512,6137.1003,11431.8341,4100.4439,396866.8484,428320.2840,417433.1814,407152.3055,413273.1169,416736.1243,410558.6818,412482.5505,362318467.0354,362339598.6983,362301038.1609,362306385.5077,10805.5610,9746.4164,5041.4106,13154.1910,10280.1820,3984.1508,10027.0774,9616.2137,4518.4126,12727.4062,9999.2969,11436.9346,7232.0648,10236.0651,4783.1144,12134.1258,8671.9314,0.0000,8401.6754,10208.5389,11989.8369,4279.8564,9130.6305,10478.1567,13208.1589,5494.8707,9527.7880,13555.0900,12739.8706,12649.5150,11567.6058,9503.1513,8143.8284,12594.0233,2805.3123,3472.8561,9531.7790,8981.8523,6799.8574,8437.9965,393899.8708,425492.7462,414524.2753,404340.5082,410340.3855,413694.5889,407680.7047,409589.0788,362315372.4939,362336503.9025,362297943.9267,362303290.8284,6257.2060,12886.6905,9525.8374,10875.7772,9277.8849,12764.5606,12930.0024,10016.1395,9027.9199,2575.3165,6610.8562,8449.2889,12676.6981,10652.4655,12819.9877,4062.9289,0.0000,7529.3670,13215.3044,6313.6199,12160.3350,6817.8066,13090.0801,8577.8860,10285.1913,5332.9702,6630.3589,9378.6039,8468.5370,2361.4428,4768.7222,13827.8256,9923.6946,9634.3464,8619.5298,13444.8887,11839.0322,6044.8433,13514.1268,386189.0396,417749.7626,406793.5583,396670.5975,402568.7410,406001.6265,399895.0917,401809.3042,362311637.8449,362332768.9524,362294209.3991,362299555.9711,12475.4175,12188.7477,6215.9268,6512.9204,9293.7273,9670.6309,6461.7012,6428.1497,3982.5577,2771.9951,3494.0389,13577.6395,6854.9335,12139.7339,8538.0724,0.0000,11471.5932,10653.3393,3674.7320,9089.3510,11217.4237,10263.9417,11639.6425,6119.8304,10239.6094,7796.6619,12471.5909,12083.9744,4935.6738,1846.0673,12101.4749,12774.5866,10266.9190,9374.9540,10703.8860,13642.1131,9100.2488,10731.5919,391771.1986,423370.4535,412389.6110,402319.5197,408144.1293,411558.1671,405486.7465,407396.8802,362317458.8242,362338589.8716,362300030.4701,362305376.9214,11250.9930,10934.1733,8285.7467,9006.8771,8336.5037,8204.4451,12985.1107,12748.1966,13206.7863,10461.0396,6304.0680,7882.0183,9257.6427,10873.0455,0.0000,8750.2556,8144.2268,13489.7737,5725.1555,9551.4669,8732.0721,11752.8727,8439.7877,10547.1681,13680.0355,10829.3970,11180.5507,13487.5325,12493.7881,4793.8932,10399.0664,5829.9948,7117.8786,7520.7756,5505.0121,9402.5040,6505.1111,395108.8804,426600.7319,415692.4017,405420.5465,411536.2087,414957.5551,408837.3020,410756.3174,362316056.3454,362337187.9789,362298627.5319,362303974.8066,11744.8393,13770.1699,11050.0015,10986.7438,13843.2804,9158.6363,11036.4052,10857.9055,13332.8786,6411.4605,13781.7199,6656.1152,10068.4208,0.0000,8659.7553,10007.4006,10161.1092,13391.5490,8191.6517,10202.7736,1217.2222,13577.7051,8441.3422,6430.5518,1269.9126,2111.5651,9537.5100,11970.3114,10586.8384,1541.0915,12310.0888,12474.1724,10689.0463,7188.6867,11069.7232,11322.1659,388556.4684,419916.2691,409078.1404,398792.1245,404903.2552,408472.2265,402153.0354,404088.0941,362313279.4653,362334410.9803,362295850.5598,362301197.8184,8260.3890,3718.6787,4355.5761,7165.2928,4711.2412,9431.8164,5538.8012,5742.6123,11390.5468,6564.3171,8370.0045,12492.9583,0.0000,13680.3771,5606.8071,6111.9388,7262.3376,13660.0369,4979.8385,11769.6755,5865.6788,13317.4986,8755.6272,12360.7133,12590.8058,9427.1540,7794.8489,8294.3368,12352.7442,11830.2557,11688.7809,5724.2050,12719.4974,12562.3606,6165.2105,396789.4098,428310.7376,417376.2805,407244.8607,413146.9522,416619.1591,410458.3984,412377.3127,362322080.8772,362343212.1274,362304652.3207,362309999.0922,9427.7121,9315.1872,1495.3885,10863.0388,7636.0975,8703.0771,3633.0027,12293.0235,2535.8557,12750.7957,8433.9396,0.0000,9954.8619,10368.9647,9482.3540,4595.9086,10330.5314,10343.6600,13583.6675,2832.3278,10081.8468,12242.2454,13610.9629,13380.1971,9528.0470,6476.2926,9723.6246,13637.3724,5493.5830,4952.5708,9817.5434,11572.6624,7205.3247,8985.5544,393871.6470,425504.0690,414509.5047,404393.8147,410295.8435,413644.1066,407651.2950,409556.3426,362316771.8964,362337903.1229,362299343.4804,362304690.1194,792.5118,8279.1477,6719.5071,11815.7308,8635.9728,8188.4329,9045.2101,7414.5401,5952.5754,13593.5318,0.0000,13619.0118,2110.6972,8967.1977,6617.9610,13774.2399,1525.6152,11454.6721,7087.2295,13869.4514,10142.5811,11629.2290,12178.5576,11709.2523,10554.5663,5203.9625,11390.8523,11725.7749,12044.0554,2161.3885,10902.7527,13344.1319,3003.6158,398271.7195,429741.8941,418839.7124,408643.6333,414634.8588,418130.8188,411925.9321,413850.0108,362322536.9300,362343668.3646,362305108.2073,362310455.2555,8186.8487,7318.0688,12044.8138,9142.3490,8387.1945,8537.7119,7299.8426,5773.3948,13524.6502,0.0000,13340.5953,1666.2714,9471.4199,6221.3953,13549.0590,1355.5130,11444.5416,7062.5063,13732.6819,10505.5890,11503.9520,12082.1493,12005.4938,10846.1518,4432.7287,11223.7149,11340.7796,11746.2906,1426.6171,10381.2402,13168.7738,2222.9542,398345.8383,429813.6920,418913.6061,408706.8623,414714.0876,418206.7628,412004.1826,413928.3472,362322281.4686,362343412.9347,362304852.7248,362310199.8143,10275.2556,8281.0890,8438.5935,3178.0659,12124.9476,1091.5836,12131.7858,9543.4225,0.0000,10888.2822,9373.5979,9275.8192,3623.7732,11253.7608,9303.8261,13736.7068,1414.1172,11051.5255,12190.6829,13797.3130,13680.3937,9957.1716,6838.0094,8965.8069,13781.7907,6491.0508,6175.8927,8775.5915,11765.9609,8444.0631,7939.5851,395158.9292,426781.1030,415792.2115,405675.0245,411576.7455,414937.0335,408927.9125,410834.3441,362318209.4411,362339340.6825,362300781.0061,362306127.6720,8358.6577,3987.0808,8173.1918,11366.2486,10026.7918,7882.5355,11708.4244,0.0000,13106.6974,7618.8770,3602.2320,10857.4935,12735.1140,7072.7812,8918.9143,9320.8814,12133.7127,4627.9949,10030.7828,10137.5768,7115.1053,7561.9321,10591.7320,10237.3829,13364.8449,13036.8177,8291.1428,12775.4610,12614.3433,9167.9072,393309.0906,424778.4433,413871.5167,403730.6933,409638.2195,413163.1241,406930.5082,408855.2174,362319892.8435,362341024.0520,362302464.2481,362307811.0193,5105.7420,6291.2613,13395.1230,8963.3509,13062.5604,5280.0699,0.0000,8945.0604,12641.4568,5203.8902,10899.2111,8467.7011,12424.8159,10225.7976,8499.2728,7145.4521,7323.1120,11027.0606,10295.0183,2506.0965,2289.8966,13446.0693,11479.6110,9391.3466,8262.6393,12760.9410,12766.0417,6558.2112,12743.4456,388037.9171,419633.0459,408655.9447,398566.5709,404420.1516,407829.9287,401760.5600,403670.9756,362313519.9134,362334650.9663,362296091.5433,362301438.0119,5646.6409,13053.0975,8572.0859,10806.2593,9601.9555,0.0000,12140.4170,9891.9378,1091.8073,10318.6254,11746.0096,9415.2914,10307.6232,7796.7067,10791.0564,5653.8447,11386.6415,11101.0396,4586.5665,3896.6496,12037.5306,11722.0860,11892.9508,11173.9323,10214.1684,13609.8687,10551.4598,10609.1309,391739.4725,423288.4873,412335.4437,402247.6009,408089.4241,411552.0569,405412.5646,407328.5438,362318178.8076,362339309.8809,362300750.3805,362306096.9110,13022.3627,3550.5810,12084.1329,9270.6525,0.0000,11520.3524,9638.6099,6607.1412,6119.4129,11593.0926,9349.7402,13034.5011,2822.3183,10992.5535,10266.0801,13482.1547,13261.7658,7805.5849,4325.3421,10383.2154,13609.1789,8525.5634,7848.8448,9338.8758,12976.0299,8927.8231,8950.9654,394120.5842,425740.5693,414750.1295,404666.0947,410516.0709,413898.1659,407866.4792,409773.8636,362318540.5268,362339671.6554,362301112.1530,362306458.6826,11765.2279,5135.0679,11695.1038,0.0000,8989.2411,7309.4553,12845.6310,10140.4515,9300.0015,7935.4825,7371.0755,11906.7508,10327.4028,10987.2291,6177.4645,7072.6613,12946.4468,13648.8609,5743.9065,5490.5127,10087.2824,10963.7707,7517.2827,3114.7831,11371.1770,7640.1937,393129.6268,424501.9110,413660.6428,403332.3857,409511.6639,413039.3362,406766.7886,408699.2225,362315493.6136,362336625.3249,362298064.6146,362303412.0999,11553.2207,10288.1547,0.0000,11372.9118,8545.4184,9406.2527,2802.2871,11755.5637,8473.4706,13757.0925,877.3168,11636.3642,12253.0627,13794.8384,13773.8663,10452.5191,7450.0264,8195.9071,13733.0589,7005.2387,6879.8622,7893.8614,11643.0024,9216.9238,7024.0235,396055.0409,427664.3289,416683.0679,406556.8553,412469.5022,415840.4675,409815.3832,411723.3459,362319085.2743,362340216.5466,362301656.8072,362307003.5230,13393.8611,0.0000,12136.5138,4277.7600,10535.3190,10375.2923,12148.4744,4585.1120,7518.8528,11365.8354,12578.1959,8854.7419,7361.3435,8334.0701,12137.4708,12803.6824,5895.6310,6924.0955,12717.8522,13243.7987,5152.8889,7929.3503,13561.0420,6206.6979,395208.1138,426569.8037,415730.8576,405447.2555,411554.1754,415121.6888,408804.7320,410739.6818,362319380.4089,362340512.0102,362301951.4627,362307298.8206,0.0000,4267.3321,13710.5346,9535.6548,11322.5085,3835.0533,13795.7402,9360.3727,10254.4604,2547.7108,9604.6132,9452.6035,8547.8563,6234.3083,6996.9869,13166.7907,9831.6516,6684.6391,5708.7846,13715.1153,9947.2298,2339.8309,13438.1170,385969.5337,417542.0467,406582.6810,396421.1366,402381.7373,405778.1243,399712.6853,401624.5670,362309715.0291,362330846.2520,362292286.5292,362297633.2338,0.0000,0.0000,0.0000,0.0000,0.0000,0.0000,0.0000,0.0000,0.0000,0.0000,0.0000,0.0000,0.0000,0.0000,0.0000,0.0000,0.0000,0.0000,0.0000,0.0000,0.0000,0.0000,0.0000,0.0000,0.0000,0.0000,0.0000,0.0000,0.0000,0.0000,0.0000,0.0000,0.0000,0.0000,13101.3530,11986.7843,11358.1104,1077.2336,13414.1963,8341.8917,11556.9503,2547.1944,10933.7334,7667.3611,6993.1946,9360.4996,10323.3689,11687.3160,7803.6981,6016.7455,5973.7277,13080.5657,6553.7645,3962.8415,12736.6217,386525.0368,418033.7768,407114.1205,396872.0188,402945.0832,406367.6102,400251.7991,402169.6295,362309004.9627,362330136.3960,362291576.2701,362296923.2928,10056.3438,7222.1275,13298.8685,776.5312,10604.4372,8367.1846,13608.5391,10337.3184,10550.8644,11259.8528,12375.1355,11694.2946,3837.3324,10198.5964,11676.9785,12192.1464,1083.1234,9495.2486,13426.2426,2479.9976,397964.2744,429398.4485,418518.1991,408282.9767,414327.8687,417842.5393,411605.1959,413532.7911,362321793.7072,362342925.2365,362304364.8875,362309712.0872,11001.3160,11516.1965,9595.7967,9558.6136,8661.2075,10536.9377,4645.2252,10737.8314,10432.6847,4145.5994,4456.9455,12273.5965,11113.8797,12268.7754,11569.6688,10475.2943,13451.4928,10677.0425,10967.2904,391072.5826,422603.7905,411660.8220,401563.5056,407416.4594,410894.5205,404732.6902,406650.6646,362317716.1171,362338847.2006,362300287.6625,362305634.2232,11899.9565,7368.6541,13606.5627,3409.2819,12156.1774,13067.9323,13359.0262,13545.5813,12091.5519,9671.3167,5930.7771,13142.2739,6855.7390,7314.5372,6360.6394,10191.6857,10031.6025,5164.9207,397253.9032,428825.3185,417867.9497,407693.6710,413672.6438,417060.9486,411003.4825,412915.2492,362319498.5922,362340630.0029,362302070.0016,362307416.9240,13569.5533,7747.0784,11864.3955,1654.0091,10256.3195,7217.5683,6411.7774,8689.7428,10012.4301,12170.1856,7452.8321,6826.3605,6626.2835,13354.8200,7072.1540,4146.5765,13110.4079,385878.4106,417383.0330,406465.1465,396229.2046,402291.5502,405723.6658,399596.3172,401514.9292,362308792.8466,362329924.2501,362291364.1648,362296711.1559,10739.9591,8221.8226,13789.8556,10063.5499,10804.9881,11477.2211,12125.3580,11393.2975,4541.4096,10497.4760,11981.5001,12415.2505,1529.0946,10089.6372,13587.3009,2888.4302,398033.1159,429472.7330,418588.6728,408365.5393,414392.7486,417908.1345,411672.1761,413599.3670,362322153.8586,362343285.3554,362304725.0641,362310072.2185,13515.2781,7789.8101,5689.4452,1687.5482,1696.5008,8616.8743,11308.4998,11291.1748,2332.9872,12242.1375,12265.8582,11273.0289,7842.1811,10574.0050,11880.8976,387717.4535,419093.1180,408245.3891,397976.4369,404064.0480,407625.5847,401319.6140,403253.2158,362312735.1396,362333866.6003,362295306.2819,362300653.4600,11648.4230,11686.7767,13656.2807,13623.6071,9919.1260,6857.9681,8411.7476,13625.9281,7543.3086,7315.9520,7792.9799,11914.8041,9370.6331,7058.0830,395932.0393,427539.1801,416558.4278,406440.3652,412339.8263,415718.3564,409684.7926,411593.2336,362319345.2831,362340476.5282,362301916.8289,362307263.5133,9473.3601,7615.3274,6661.3319,7357.8871,8894.1678,12868.9441,7984.5406,7330.6041,6807.3612,13706.6524,8396.9156,3728.4398,13525.2101,385336.3803,416859.2871,405929.7019,395721.6976,401744.0625,405172.3102,399055.5320,400972.6395,362308849.6245,362329980.9479,362291421.0084,362296767.8846,7205.7757,6925.1888,5119.9295,7876.3763,12408.8612,7705.2623,13216.9390,12769.0691,11052.8487,11789.6882,11165.9578,11813.5143,388917.6024,420361.3072,409469.8242,399302.3391,405246.3345,408786.8434,402528.4299,404455.7771,362315626.5881,362336757.8039,362298197.9525,362303544.7620,1234.4243,9702.8795,12098.6159,10699.7098,774.7483,11676.4637,11873.8619,11137.3749,6437.8716,10378.6419,11631.4417,387958.3732,419325.8004,408484.2732,398190.9006,404314.9335,407871.2248,401567.5011,403501.5109,362312274.4230,362333405.9547,362294845.5155,362300192.7885,8962.3542,11551.7396,11392.3617,1936.2073,11393.6515,11464.6765,11808.7545,6904.6096,9651.6906,12241.0100,387002.9724,418388.3746,407536.4263,397256.6828,403362.9171,406907.4899,400622.0266,402554.2652,362311448.7687,362332580.2555,362294019.9058,362299367.1081,3928.1799,13624.7685,10242.3687,10910.8578,9968.5892,12703.9606,12664.3882,7957.1589,12952.2261,387446.8885,418996.7990,408044.8820,397937.9545,403809.3290,407262.6073,401131.9994,403047.7186,362313611.8666,362334742.9394,362296183.4318,362301529.9682,12747.0863,12460.4553,9548.7130,8490.5546,11734.0439,13330.0491,7722.6896,11680.5778,390146.6100,421755.1670,410769.6028,400697.0686,406527.4854,409929.6892,403873.5826,405782.5360,362315637.6206,362336768.6592,362298209.2791,362303555.7134,10207.9678,9599.0915,10506.4539,3195.4335,7292.1271,12325.9939,2503.1820,397737.9099,429183.1405,418299.6847,408029.9247,414131.1461,417611.6608,411413.0693,413338.4011,362319954.0618,362341085.6980,362302525.1933,362307872.5148,11603.6690,11895.3918,10771.6535,5896.1404,10603.3613,11254.8672,388506.6698,419867.2438,409030.0512,398726.8011,404864.9286,408422.7635,402115.0570,404049.6189,362312580.6495,362333712.2147,362295151.7157,362300499.0358,1478.2078,11180.8953,8128.0372,4554.1793,10271.4829,391224.3414,422809.3927,411845.8867,401648.8064,407668.3496,411023.5114,405005.8471,406914.7750,362312656.7046,362333788.1129,362295228.1243,362300575.0365,11750.5940,9073.9845,3553.9513,10918.7412,390466.6070,422070.5920,411095.2449,400922.2449,406908.2471,410255.7225,404252.9619,406160.1096,362312339.0463,362333470.3830,362294910.5278,362300257.3348,9494.6925,13253.9700,1428.5872,398412.8903,429862.7191,418974.0988,408741.7675,414785.1432,418283.6574,412068.3571,413994.1526,362321887.4040,362343018.9385,362304458.5997,362309805.7909,9343.2800,9256.4622,391223.4969,422631.3158,411770.8993,401446.8838,407627.2628,411115.5932,404896.2498,406824.3033,362312920.1226,362334051.8130,362295491.1746,362300838.6023,12745.4529,387285.4187,418873.6052,407906.4750,397736.6418,403713.9394,407084.8022,401051.6577,402961.1464,362310103.2883,362331234.5629,362292674.7803,362298021.5311,398580.5640,430050.9833,419151.3962,408921.4171,414965.2576,418441.2795,412256.3505,414179.6859,362321555.6409,362342687.1812,362304126.8573,362309474.0361,32723.2791,20909.2297,14818.6019,16766.6632,20370.2990,14997.4975,16475.8751,361961242.6803,361982368.4628,361943816.7898,361949157.2003,12134.5015,21589.8951,16897.2779,18103.3337,18386.4802,16746.2421,361933231.8006,361954357.4474,361915805.7195,361921146.1813,12835.6694,5212.4907,8497.0737,7593.1063,5638.3686,361942956.2180,361964081.8220,361925530.3118,361930870.5983,12232.9101,17964.3066,9077.3203,10340.4435,361950599.6208,361971725.7350,361933173.2787,361938514.3110,8103.1873,4361.1678,2594.1699,361947782.1910,361968907.7099,361930356.3813,361935696.5241,12232.9101,10526.5806,361943193.8259,361964319.1591,361925768.2903,361931108.0676,2148.9755,361950394.1730,361971519.8465,361932968.1913,361938308.5926,361948565.7524,361969691.3699,361931139.8245,361936480.1391,27834.2532,24979.8291,16263.1348,52295.6102,34030.4157,28421.3896,
79200.000,8337.0898,8631.9348,13249.8269,3722.9686,13137.9532,11912.5394,13093.4865,7274.5711,13524.3779,12405.8461,12159.2078,13568.7064,2820.8474,10217.9910,12364.2614,13628.7592,8464.3038,12244.1809,10132.5145,4398.3490,11583.1616,10459.8629,12445.9200,12896.5194,13147.4761,7816.0271,9342.1571,5727.7846,12325.9525,8773.1323,13467.1866,10925.1860,1410.9057,9907.7989,9866.7533,4982.8239,11643.8905,13095.8984,13250.7712,12241.9569,11377.4315,10872.1452,2590.8692,6297.0717,10734.8950,10253.9109,12267.5604,11856.9644,9291.8908,9701.7907,3101.1675,10245.1952,11824.5660,9814.7567,7938.2105,8211.5387,2470.9725,12732.0431,12751.5911,7232.5997,2454.8120,13537.9127,12245.9261,9569.6450,6106.2888,9802.9008,9594.3677,9795.9713,2494.5371,5064.1767,6354.5986,4227.1389,13537.1928,10525.3554,13359.5613,10163.8957,0.0000,12446.3913,9072.4468,6682.8637,8605.7695,10135.8162,9182.1702,8400.6313,9818.6929,11188.6695,8910.4266,10808.1873,12433.0419,5181.4268,1717.1463,11884.9785,11688.5794,9415.7203,11499.6789,10237.7661,13687.0881,11337.4273,11389.3022,397802.4257,426935.9863,415480.1953,405425.5064,414505.8601,415484.8801,413266.5395,409958.2641,362319748.9196,362339932.9845,362307976.1205,362302114.8980,8492.9040,10361.5291,10832.4921,7819.6526,13491.7476,8451.8167,8298.4199,9646.9420,11885.1185,7270.1455,9656.8278,5912.9732,5486.5052,8080.6122,10210.7588,13242.6579,11036.6086,13739.7123,6055.9661,5891.3713,11814.9531,6943.8864,7336.0751,7937.4006,8851.2858,5178.0611,10720.2037,7383.8138,10294.7119,11179.9028,12007.4192,8324.7220,9547.0007,8156.5651,6755.3656,12944.5363,8382.7985,8207.8120,10778.5308,13390.5979,11520.2638,6309.5510,7008.9206,13187.6901,13018.0326,6178.1144,9041.1223,1463.9332,8372.9354,10498.2662,12835.2691,13678.1234,11424.7252,4006.5574,12242.5549,10137.3843,13071.4421,13017.1561,5443.9397,9072.8127,12603.2888,6262.6385,11869.2386,12036.1730,11931.7792,11784.6692,13688.4027,9171.6258,4013.8772,9788.2623,11109.8620,11992.7702,13780.9376,12799.5732,7511.8037,0.0000,6395.9038,13243.2537,9201.1196,12803.4041,7521.5895,12122.4991,122.7524,13391.6859,4510.2222,6410.3133,3420.2620,7394.6098,5735.0594,7263.1380,13196.7731,4826.0411,11713.7914,12098.0200,12577.2038,11370.8372,6155.2971,12447.0206,399552.5877,428771.7421,417283.0847,407316.1801,416304.1708,417190.4405,414934.5085,411707.1060,362324015.1522,362344198.8309,362312242.6612,362306380.8804,7752.2804,9010.9189,10327.8326,9402.8675,8291.4497,1647.5423,8978.7216,6900.5451,12171.5376,9217.3807,7780.6011,11975.8388,12451.6882,9158.9884,11312.2454,13600.5395,9711.2850,10543.1721,6832.2205,5075.7107,8004.6750,9135.8939,9326.5226,1233.9544,11761.3111,5517.1236,6947.4392,2589.8591,9330.1407,13726.7923,7490.6794,13594.2715,1878.1504,11272.2137,7809.8510,11708.3385,10755.1823,13589.0228,12698.0234,13819.8036,7434.9941,3109.3814,7870.9227,7420.1066,10833.6421,13349.5081,9246.6389,1535.6191,9730.7471,13175.7574,9972.9978,13697.1631,4908.5177,6434.0827,9362.9010,9270.7540,12615.5496,11677.5163,6933.2942,10717.2860,8146.2370,5036.7891,11263.3362,5110.5699,4984.9898,10928.0151,6974.4622,9218.0566,3665.2860,8430.7903,11387.7514,10501.1780,10204.7058,13062.8329,0.0000,10535.7963,8833.3339,2763.8654,12478.3674,13080.1633,5577.7448,8525.9255,9177.8698,10651.9630,2634.6070,9394.6231,7238.9547,10844.1795,7524.3514,8452.3326,9562.5576,13529.5428,13677.5844,6383.4794,10166.8066,12061.3779,6602.8752,395088.9499,424387.6437,412824.0438,402900.7954,411889.2826,412680.9824,410596.8670,407289.6165,362317211.0153,362337394.7561,362305438.6754,362299576.8136,12714.1870,5462.4911,6934.6789,2900.2982,9057.4340,2151.2060,3578.7204,8823.7992,2432.5187,12552.0086,10704.0013,8715.8093,1943.3676,11766.3898,9882.5996,9530.4573,13358.1305,5380.4641,6461.4076,4435.7852,4731.4555,4276.2370,8581.6157,11141.3894,10866.2117,3846.8591,7732.6495,2414.0727,11370.6444,12744.0068,12056.7980,6344.1410,13506.6398,6102.5202,6993.0758,5676.1210,9879.9472,10155.9020,11480.4956,12493.9643,9955.0197,7617.4932,7962.9521,7594.0660,10156.7312,9945.3511,6506.4145,13322.6118,11568.3880,7556.9577,12263.6929,9132.0741,9469.4655,13311.3229,5286.1334,8405.4979,12720.0170,12400.1170,4987.8171,5268.8632,7651.9954,13052.7066,7431.2097,7492.3495,10501.8684,12408.9124,12509.5748,10009.4790,12407.7991,5511.8462,9513.2389,4843.3774,11556.9310,0.0000,7015.7777,9848.9410,9636.3670,12362.2260,11605.4345,8323.9511,10296.9132,9258.5529,8906.4178,7726.0451,8493.6243,3832.3313,13220.4341,12699.7880,6256.1767,7440.1172,12445.8383,10775.5152,7456.1338,3409.7487,9761.6981,5765.6258,390062.7318,419366.3378,407819.8218,397921.1440,406863.6775,407653.5244,405476.2050,402241.7329,362315081.1604,362335264.5597,362303308.9099,362297446.7102,13597.8915,9497.4215,13301.6274,7888.5048,13298.3713,11053.2535,12921.8608,13341.4339,6212.6518,11685.2573,12842.3218,13178.2904,5266.0714,11550.9211,7063.7984,7146.6327,12619.9902,8911.3540,13138.3498,13494.2146,13549.8927,8062.3395,10963.6485,4415.1111,12903.6058,8058.9395,12526.9724,9616.0515,3885.4075,9977.0923,10303.0452,7212.7942,9520.6250,13417.6942,13590.5918,11678.9909,9069.8619,9875.5031,5900.8141,7772.1707,8252.3465,7777.4719,13285.3741,12077.5960,11518.7085,10049.2541,1310.9422,8185.4265,9277.5516,8803.2477,10009.4848,5802.2992,1511.4086,10755.0349,10926.8356,9341.9601,3423.6382,11974.9722,13174.4579,7850.2526,3310.0995,8087.2463,7903.9761,6661.6479,3315.6757,8185.8593,6010.9321,1039.4422,12272.3441,7537.9404,11657.7886,11095.2191,0.0000,13374.2429,5960.7070,6786.6471,6101.1798,11073.3087,7195.5747,10868.0784,6823.1000,12710.2081,10136.6780,12536.5128,13003.5432,7770.9050,4966.4264,9662.8671,13044.6961,8146.3195,10176.9924,8113.7331,12714.1302,12513.7532,9562.3515,394346.5838,423467.1472,412015.2323,401948.0949,411042.5983,412035.0197,409826.2483,406503.0605,362316126.9037,362336310.9756,362304354.0660,362298492.8817,10371.2511,3109.9647,11173.6229,3466.0341,8514.8213,4000.4545,3257.5375,11894.0367,6432.9111,4193.3047,4025.3208,12976.6848,7492.2954,12288.1674,11432.0831,4594.7807,10709.6344,3025.5045,1697.7526,1535.6850,11102.3559,7222.7588,13135.5120,4307.5690,11120.6675,5428.4033,9999.3667,13084.6654,9193.9834,8991.6106,11406.6636,10256.7281,2290.2637,723.9938,7258.1842,10670.1882,9669.9628,12104.7793,11173.3538,11381.0889,11686.0609,2510.2669,6355.9636,6734.1588,9273.1571,13693.3372,11284.1003,10615.7579,10628.9955,8861.3163,12620.1245,13674.7525,9043.2678,8732.6049,9649.2710,13269.2344,7227.6700,3168.2992,11517.5781,13478.0150,11392.0128,11370.0000,12383.0353,13306.9313,10605.4113,12384.5083,13698.2324,6206.6493,11875.4278,7808.1433,7723.1659,0.0000,1922.8543,12616.6694,11943.0973,12550.1005,7783.1195,11983.4217,7710.3029,12097.3590,4378.9807,9048.8741,4773.5812,3982.5449,10973.3302,12615.6696,10225.0077,3358.5244,11168.7306,9435.0774,11435.9159,5240.8226,5066.3056,10217.1997,392931.5502,422180.0086,410683.6689,400757.1829,409698.7557,410550.6257,408261.2400,405079.1026,362319428.2077,362339611.5656,362307655.8597,362301793.7113,9187.6812,9937.3305,8106.6057,4327.5605,11744.9481,8160.3182,12759.4415,12954.2786,11224.8272,7465.7697,6514.4411,9386.9102,3273.1128,13373.2339,10891.9833,5023.6837,10324.5020,10392.4012,9948.7029,9342.3911,13004.8565,8597.8330,9908.2586,7528.8671,5827.4083,8894.7745,11583.9734,11399.0271,9354.5576,13213.4261,2028.0724,10528.5771,10205.3103,9656.6709,5775.0891,9524.2175,12548.9012,11127.4644,2473.4646,3245.2218,11826.5166,11216.2586,13392.5612,9187.6665,10400.8388,7669.3420,886.0578,9894.2054,12220.0110,5730.5209,10683.7914,1938.1945,5634.8475,13570.3939,10865.4949,4338.3924,10950.6200,5431.9891,8956.6814,5268.0582,5360.3491,4573.0982,10800.8786,13613.4863,9048.3383,9085.6562,5788.4127,3207.3623,3505.5083,12519.2063,0.0000,11533.1068,4279.6892,9423.2807,7918.9699,12544.5220,5376.6972,13453.7155,3252.0141,12739.3093,10858.9064,12771.5023,9934.3310,13487.2703,12183.9721,1318.1190,12160.3225,9609.6799,8514.4534,4009.9355,6058.9730,12545.8170,3459.3713,386807.4358,416024.5210,404521.5109,394538.3755,403558.6981,404448.8578,402262.1267,398978.1337,362310622.1417,362330805.7942,362298849.6083,362292987.8435,9465.3029,1664.6211,6245.6714,6862.1708,1812.0641,11888.3822,8765.0318,7013.8136,2449.6273,12918.5614,9450.2449,11405.2692,12350.9517,3268.0228,8552.5247,1751.7484,1929.8495,1624.5822,9229.2756,9334.2598,11862.4462,1949.0456,9047.8180,4132.6773,11441.7407,12716.9011,11225.5473,6708.7700,12535.9019,8541.6437,5180.7737,3590.9692,9321.5374,11169.0710,11317.0260,11955.9638,9863.9848,9844.1954,10104.5673,5132.3780,8898.0722,7794.9948,7000.9468,13664.5617,12153.3562,9668.7006,12133.3570,8004.5678,11144.7889,13587.8723,7689.7412,9336.2851,11263.0579,12651.3578,6676.9216,2596.0943,9551.0441,13683.2906,9388.4404,9395.3776,12025.7572,12685.4633,11253.7595,10849.7726,13165.6237,6424.9521,11277.0977,6890.8571,10081.7042,0.0000,4494.1374,11615.1336,10321.7220,13072.9405,10134.8529,10181.5850,8369.8199,11128.3261,6484.7278,7314.4089,6029.0486,1693.6339,12074.7210,12387.1811,8677.8573,4813.1310,12480.4422,10884.5171,9600.1294,4593.5001,7696.3606,8185.3007,392261.5936,421557.5028,410022.4826,400125.1652,409057.4494,409855.2699,407641.2361,404430.9764,362317863.1875,362338046.5531,362306090.9402,362300228.7120,10146.7904,8050.1675,12531.2597,10356.2504,6541.7374,11942.0897,12827.2343,10319.5169,10862.2107,13795.4921,9708.6169,9584.2126,7808.3291,5824.5018,9044.0435,10103.6249,10332.9685,865.7062,11584.5744,4448.5207,8140.7999,3028.1403,10413.7019,13624.0232,6045.5306,13346.4083,3412.9778,10377.4699,8503.4095,12344.2912,11565.9664,13787.3792,12752.4515,13706.6106,6126.5246,1846.2334,8247.5290,7700.9479,11383.0818,13504.2187,9234.0024,3124.4637,8560.1272,12969.3980,10404.5873,13396.9844,4805.8336,6164.4266,8125.4894,10076.5425,12997.5033,11099.5229,5473.3368,11552.4224,9088.6436,5401.4137,10442.6398,5557.7084,5387.5122,10765.6121,5522.3768,8349.2408,2526.1936,7320.7342,12151.2664,10540.9975,11059.8124,12912.8547,0.0000,11172.2562,8655.3859,1502.2678,12008.6247,12922.1629,5703.8186,8349.3169,9174.4347,10958.3175,3277.8100,9749.0211,8409.5845,9984.9273,6128.2577,9114.2918,10129.9237,13165.0810,13693.2903,6798.2383,11163.5289,12248.1564,7416.9122,395946.4333,425222.6758,413671.2728,403727.3467,412733.8657,413550.8697,411460.3387,408143.8869,362317696.8189,362337880.6435,362305924.4067,362300062.6707,5510.0403,7045.1672,328.5935,12632.1944,9267.2882,6952.6779,815.9969,12268.2134,8711.4818,10586.6696,12925.3992,4846.2082,8265.9644,3335.1511,3059.0319,2435.3709,9817.0595,9856.9026,12017.0098,3485.1396,9279.4492,2605.9124,10701.9146,13199.1094,10994.0067,7520.9877,12983.8988,7681.8292,5051.5062,3642.6496,8638.1942,10129.1376,10668.1664,12678.2438,10715.7068,9102.9332,9478.2737,5806.2559,8639.8500,8955.6605,7748.4346,13720.5853,11351.7479,8562.0762,11603.3549,9248.9584,10871.0553,13724.5290,6472.5916,8093.0167,11809.6036,13049.9576,5176.7717,4137.7838,9331.7194,13363.6684,9140.9244,9173.6267,11190.3800,13068.3242,12101.3755,11212.3854,13152.0476,4975.1274,10347.0312,5452.2886,10211.7402,0.0000,5206.4856,10989.6855,10812.8306,12447.4387,10266.2619,9920.9883,9562.5994,10367.2069,7375.6941,8414.2218,7236.0076,3283.4859,12657.0838,12999.4603,7705.1988,5979.5019,11938.1691,10053.7264,9116.5991,3008.2007,8123.4409,7555.6020,390684.5218,419970.2145,408442.1722,398536.7417,407474.2714,408284.5401,406060.4182,402850.8229,362316467.8649,362336651.2189,362304695.5910,362298833.3766,11137.5474,5718.4295,12363.4678,12542.9890,10902.8784,5050.3404,9853.0677,10828.9565,6840.4336,13616.3244,7864.1058,3441.6565,7455.0905,7909.8638,7527.2597,7358.6231,12735.2418,8765.5952,6625.3237,5720.2204,4074.4245,11353.2338,11758.0541,12789.4605,6192.6570,13767.4775,2851.5089,9597.1795,8623.5489,10949.6344,9163.9037,11708.8086,12153.6791,9410.1368,4420.8959,4764.1398,10317.9211,11756.2639,11808.0831,6120.4408,11938.3651,10780.4220,5152.7497,12217.0238,9947.0225,6649.4780,11979.9386,3160.8719,8150.1517,13677.0219,11095.1689,4958.0375,8179.1730,4723.6320,11526.7214,4451.2725,4575.5179,8321.0143,11072.5841,13072.7765,8228.1383,10534.9079,6327.3143,7161.4951,4161.7691,12956.6291,0.0000,9846.3555,7086.7557,8133.7441,11076.8299,12993.2490,5365.4664,11846.9558,6523.7966,11320.0701,8071.7877,10867.8360,6728.3736,13678.4328,12066.9624,3230.1977,10123.0575,12134.9551,10885.0540,4216.3923,5004.6700,11925.5835,2322.7730,388713.8270,418006.4313,406456.1343,396536.4920,405509.3627,406311.9270,404177.5283,400902.4819,362312555.6389,362332739.1710,362300783.3178,362294921.2800,6805.0345,11072.2378,3177.7608,1025.6970,7376.5650,12345.2804,5428.4401,12870.9231,9413.5302,7281.5913,12750.3825,6359.6366,5329.2292,5418.3034,12652.2517,4141.2046,13731.6386,7633.0735,12902.2069,8174.5039,7985.7289,12532.1416,6024.6644,11293.9709,9077.6509,12100.7765,2350.7351,3665.5471,5046.7553,10008.5546,7353.6621,11432.5110,12094.1304,12809.8933,13070.4371,2466.3048,3040.2471,5986.5744,11517.3949,12654.4741,9835.7353,11706.0199,8220.6208,9794.2925,13618.8831,12701.5043,10911.9611,8595.2673,6914.1571,13010.5923,8923.9205,6114.5172,13220.7011,12274.8901,13163.1939,13096.3293,12321.6340,13048.4690,9173.9942,13371.3369,13320.7519,7472.4305,12241.4559,9652.3094,4076.1438,0.0000,2959.4498,13183.8185,13087.5980,11220.8456,4139.9097,13450.2386,7154.2728,12761.8263,3187.5706,10836.4038,4844.1674,7365.9354,8771.2501,11956.9983,11956.0488,4299.3252,8944.7395,7630.3953,13088.3724,7659.5774,1629.3499,12308.4527,394298.4808,423470.6368,412027.7336,402045.0180,411020.5284,411958.6287,409589.8234,406420.9602,362321161.2821,362341344.7417,362309388.7389,362303526.8346,12687.4542,9095.8833,6689.3152,845.0670,12240.4556,8456.0535,10631.1219,12886.5781,4982.2996,8480.8683,3414.5876,3005.0258,2344.0308,10038.9244,9705.5667,12164.8489,3683.5593,9508.0713,2607.5640,10507.0735,13276.6285,10789.9063,7781.2470,12918.0784,7813.8938,4771.5079,3388.4003,8378.1502,10002.5170,10461.4073,12745.9447,10893.6841,9223.3904,9611.4557,5630.6478,8381.2527,8926.0487,8007.6191,13741.5701,11212.2758,8586.9708,11424.6793,9389.7982,11015.2283,13756.2028,6532.5739,7922.7017,11704.7415,13147.0833,5094.9991,4189.0758,9529.6520,13335.5454,9341.3403,9372.1816,11177.6020,13165.0185,12100.7256,11394.9309,13217.8587,4790.4529,10351.0876,5430.2576,10008.4930,0.0000,5038.8828,11061.4685,11008.5083,12361.8190,10063.7695,10099.6210,9569.7875,10424.9227,7248.0455,8629.5966,7186.4151,3462.9973,12601.6561,13069.9297,7809.6024,5907.6794,11778.4196,9846.5905,9286.1787,2889.5350,7922.5494,7738.7393,390638.5774,419919.4251,408395.4137,398487.0507,407425.3884,408241.2528,406009.0339,402802.5657,362316532.3576,362336715.7082,362304760.0738,362298897.8651,8946.3038,11493.5427,12899.1450,10443.1134,12407.8721,11624.0578,3670.6124,9833.7757,10766.5886,10929.3930,11477.7300,11859.4940,7257.9335,8106.7948,6873.0063,10859.9322,8742.7383,13114.4210,11793.3848,2815.3565,10109.8957,8742.6652,4751.2639,12251.4040,12112.6242,12122.9774,12316.5727,12579.7275,11575.7642,611.0807,5040.9746,11691.5529,11250.9666,10782.6688,11426.2474,7074.4824,8675.5253,5744.9147,11604.6423,12805.7255,10767.2807,5688.4056,9427.6437,5168.6162,13185.4539,13414.0243,6205.3510,3925.3850,13714.9793,10581.6632,10125.9966,8399.6050,10323.9723,10118.7090,11481.6207,4036.5580,2877.8546,6663.5343,6543.3598,13569.9173,11982.5469,13613.5147,9556.3339,0.0000,10968.0649,10649.7012,6549.4322,10431.8514,9535.1837,9982.7460,5996.7432,11255.5048,9457.1742,7273.8755,8803.9274,10973.3535,4294.1121,1554.4362,12559.0099,9878.7638,10592.1635,12240.5200,10986.1196,13391.6592,10074.3251,11792.4891,399346.3094,428515.2045,417041.9202,407018.1322,416070.0881,417011.2312,414796.5637,411506.5064,362321755.4197,362341939.3941,362309982.7284,362304121.3447,3827.7250,9645.6449,12172.1591,6783.2637,13367.7141,6769.8592,8059.3603,13381.4697,7823.6402,7225.7189,7535.0759,12264.2464,1066.8907,12997.5456,8915.6650,12930.8622,10360.9860,8358.4785,10781.4376,5250.8781,11465.7986,6457.6501,13209.4805,5369.1557,6331.6117,6423.5653,10849.9862,7615.4372,9411.2656,11088.3821,13565.9345,13661.2926,4246.3217,4131.6945,4397.9349,11656.4451,11156.4428,10046.5621,12864.5889,7898.4695,8804.1843,13587.4583,11121.3559,12491.7240,10208.0261,3967.4001,11515.3542,11014.5230,7349.0387,13562.7990,11319.9908,13575.0420,13461.9581,12654.9534,11568.5862,6627.3238,12714.0969,12235.5665,9762.8276,12871.7083,11590.5049,2520.4165,0.0000,4865.0400,13387.8619,12448.6919,10888.5989,2551.1213,13679.5638,5389.7917,13216.8599,3088.1102,10490.3936,4537.2978,8732.2399,6028.2706,10026.8172,13149.8321,5009.8331,8538.4490,8377.8867,13663.6602,10007.7806,1645.9594,13296.8306,396834.4408,425979.5724,414550.5673,404540.9458,413541.1540,414510.0923,412138.0620,408954.4181,362323016.7949,362343200.3942,362311244.1561,362305382.4402,7178.2528,11857.8451,4501.4396,12390.5619,9776.5425,7813.6594,12622.0288,6757.9149,5667.5184,5628.2599,12897.6315,4703.3611,13765.7014,7983.2829,12983.6653,7794.9207,7227.2237,12762.8686,5616.3131,11600.1921,9348.7188,11729.0358,2138.1392,3709.4898,4121.2281,9238.7338,6620.5955,11829.8867,12495.7308,12444.5721,12752.7040,3228.1544,2351.4518,6859.8324,11802.0989,12606.5649,9140.9318,11137.4855,7622.3171,10417.6200,13444.1075,12708.0575,10409.0556,7736.8169,7339.8278,13183.8399,8286.9482,6631.2784,13103.4034,11968.3764,13036.8732,12979.2391,11770.5947,13212.0271,9732.5762,13515.5605,13241.6873,6750.8367,11679.4345,9067.8166,4113.0758,0.0000,3594.3621,12804.0954,13295.1074,10686.7905,4177.8520,13303.5001,7967.9773,12319.4716,4157.5756,11302.9291,5740.1690,7711.1830,9159.2852,12277.3191,11525.7647,5107.1574,8368.7425,6800.4013,12853.5936,7173.6200,2467.0393,12050.3055,393365.6946,422529.2759,411091.9811,401102.7361,410082.6459,411030.6047,408654.4280,405485.6949,362320320.3866,362340503.8439,362308547.8219,362302685.9341,11865.4246,8505.5455,10064.3170,13173.2498,5555.7501,7975.5499,4110.1194,3816.7202,3172.9849,9942.0689,10214.7352,11930.0548,4173.7287,9230.5479,1817.9629,10405.3630,13310.7243,10981.6739,7780.3535,13186.8862,7129.7176,5331.7825,4082.7346,8470.0451,9612.7417,10433.7151,12925.1148,10982.1195,8598.5756,9023.7245,6362.4336,8709.9148,9544.0733,7972.3099,13643.3461,10963.8464,7918.1456,11396.0426,9747.2857,10577.4525,13682.1850,5775.9943,7524.7103,12111.7181,13107.2685,4421.9758,4908.2982,9064.0113,13126.7299,8860.9033,8906.3812,10688.7168,13117.6078,12469.2774,11223.3925,13013.6011,4344.4975,9791.8613,4688.8522,10407.8285,0.0000,5794.1447,10548.7463,10887.6722,12099.6407,10461.5790,9631.2338,10128.1673,9868.7564,7948.6154,8814.1192,7891.3098,4001.8566,12925.4931,13184.7946,7104.0893,6661.5446,11703.0674,9726.6707,8726.4420,2265.2835,8516.2588,7109.8592,389946.8522,419228.2950,407702.2721,397792.3107,406734.1516,407549.7424,405325.6624,402112.9482,362315705.1174,362335888.4770,362303932.8288,362298070.6311,8978.7153,3866.4379,10203.7505,13533.3021,8841.5756,13353.8783,13321.7828,13107.1205,10682.6209,11763.6141,7603.1992,13282.1630,9691.0553,10655.5876,6507.6695,8765.0876,8857.3026,12040.5174,9740.6749,7617.4573,12335.4648,12728.6008,9274.0492,4588.6191,7188.0714,10277.4099,11300.5427,6438.3088,6431.4816,13245.0529,10726.4460,13390.2317,11821.5135,5774.9510,4251.3475,5877.0080,6476.2119,12881.9746,6309.3918,6369.6001,8087.9184,7052.5690,11095.2273,8293.1000,9040.8531,13631.0890,8192.7494,3042.3308,8289.7418,8210.7800,2125.0665,8194.4343,11507.5810,9118.5140,5399.6719,9401.7150,3506.9047,8793.2562,10898.6059,0.0000,13277.3292,3949.4591,9874.8835,2418.4450,10889.6811,7518.2261,13230.5436,4070.7625,13364.4127,12578.0151,13696.2008,13294.6898,10486.6189,9595.8469,7344.0696,13688.3887,5686.3533,6908.4611,7446.3973,10546.3180,12525.4786,8451.3679,389556.2792,418653.7386,407223.6547,397144.8239,406237.7699,407258.9497,404998.1467,401698.6994,362312626.6549,362332810.5967,362300853.7878,362294992.5288,10061.2027,10451.6772,10849.9252,12326.4376,9789.1481,8862.3046,8573.3667,13740.0864,7118.9602,13299.4475,10649.1129,13288.9353,8106.9092,3211.7789,12818.9821,4007.0399,13144.6609,9674.4629,10598.9469,5559.0238,6882.1480,430.0158,5522.9077,2812.3876,12644.8719,13750.2493,10992.8812,11407.6778,7422.0316,2939.0628,10175.4606,13216.4707,11372.4971,5354.0418,8969.3661,4312.9001,12778.2815,12359.4738,11712.8366,9110.4964,4455.5979,8638.6193,13044.1863,7050.6236,9931.4649,12616.1775,9647.0593,12559.2014,12517.0011,8906.3231,13029.5283,11299.8521,13667.1328,12009.2340,5577.2540,9012.9818,7841.7501,5212.7773,0.0000,7629.8852,10795.4415,13782.2858,7476.0083,5245.0578,12566.9008,10948.4547,10178.2247,8187.9906,13270.8138,9541.9744,10431.2743,10010.2402,12728.5781,10164.7501,9034.4101,5051.6566,2550.3352,11940.9904,7254.4856,6280.1278,11404.9231,390345.3577,419451.8458,408046.7194,398007.1073,407029.0903,408042.3902,405642.8812,402455.3315,362316996.7212,362337180.2838,362305223.9881,362299362.3243,12257.3566,12443.6926,5857.0514,12195.5013,12338.2355,12020.9271,9240.5348,13163.8966,6974.1634,11807.7152,7599.9644,8614.4205,8545.8297,9909.0478,11082.3708,10256.0375,12057.5456,4172.6122,12192.6293,12123.8931,10357.7877,5455.7220,9254.4621,11354.7742,10730.8506,2847.5990,3018.6923,13222.5815,11898.7071,13875.5323,10005.0019,8047.7212,6639.7182,2874.2696,9101.9644,12497.5870,4230.6552,8424.3273,5143.3270,6805.2620,13038.4364,9103.5169,7106.8851,12669.0759,5442.0818,6399.0398,5447.4290,5451.8408,2107.3317,9010.9948,12897.8646,8096.1745,6640.1010,8148.6867,1349.4719,6481.1115,12620.1206,0.0000,13058.9614,1496.6127,8778.5728,5913.5845,12629.1367,4868.4973,13722.6722,551.1681,13718.2299,11421.7461,13759.0673,11863.2696,12526.4614,10754.0430,3917.2721,13473.3292,8542.5962,8519.2089,4240.2082,8774.3786,13351.7034,5136.5692,387808.4760,416978.9552,405499.0052,395473.4159,404533.0782,405473.5399,403283.1703,399974.0800,362310714.7002,362330898.5276,362298942.0193,362293080.5141,10728.0336,12682.7041,11395.3332,11523.7423,11870.8696,10175.2842,5744.5728,9381.5154,11762.6818,11284.0759,13380.9157,9812.0668,5397.4073,7348.7460,11129.5720,1223.4392,13379.2607,10984.8438,11490.8420,10315.8049,11602.6157,9393.5318,4187.3154,8269.8675,12907.7842,12641.2568,9856.2630,9191.2651,6658.9888,11125.9998,6202.5681,10141.9053,13225.1407,8489.6151,7869.7077,11275.2604,5934.9456,13765.7821,12471.9037,3110.3293,6530.5600,13637.3162,10984.1597,12174.9031,7920.1621,12334.8263,12147.4570,11518.8943,6594.1632,2447.6043,9565.1126,7886.5740,13072.8648,12221.9463,13780.9301,6817.9450,0.0000,10235.7469,11612.7621,9570.5612,9342.9711,6779.6738,11971.8442,6094.4065,12021.9201,8395.9149,9772.8133,8437.0608,11770.6240,838.9128,4574.9107,13494.0204,9527.1804,8475.6831,10380.6843,12660.0103,13363.0812,8217.0812,13268.6611,399146.6368,428258.8155,416831.5594,406773.1715,415836.1530,416841.7990,414537.7858,411280.8169,362322715.0408,362342898.9899,362310942.2287,362305080.9285,9027.4242,1801.3807,3047.3283,3577.3976,7826.7720,8420.6680,11007.8897,1650.4763,8435.0641,6963.7031,12528.7536,11114.3466,11505.7412,5307.0927,11185.6580,9971.3996,6562.9733,5261.6827,10662.8515,12689.0844,12286.9662,9930.1974,7751.0729,10914.6155,10944.5282,5109.8219,9656.4648,5532.9485,5681.6673,12857.5155,13200.1678,11367.6394,12776.9624,5153.2402,11208.4248,12624.6293,9771.0930,11386.3669,9945.6965,11218.2479,9276.5925,1532.4922,9741.5929,13624.4099,9659.0521,9605.6784,13043.8068,11281.6493,9127.6164,9690.6689,12512.8969,9027.1184,12523.6027,9374.5921,9904.6735,0.0000,4648.7617,12273.6823,8961.6545,13674.9425,9947.4315,10357.0820,5829.5407,12075.5030,5446.6365,4990.0169,4149.9577,1716.9143,10493.4264,10550.3032,10272.4082,3589.2208,13081.6604,12191.9238,10261.2869,7476.4414,7430.2463,9304.4140,395369.0425,424668.6995,413127.9976,403229.2181,412167.5979,412960.6996,410766.0899,407543.5666,362320282.2354,362340465.6897,362308509.9819,362302647.8270,9244.4645,9960.7688,9771.0684,5038.5420,13302.4834,5806.4872,8268.6993,2918.4282,7165.8420,12095.5116,9588.6684,13393.9245,5347.0062,12989.6196,3136.2201,11711.7479,10883.1693,12463.2880,9825.5589,12496.7535,10414.4747,7451.7768,3267.4887,2964.7497,11976.9622,13169.7093,12144.1051,5056.5423,9984.8497,11025.9701,5734.0375,12571.8284,9210.1457,3766.6553,9946.1066,5198.9700,9771.2808,13525.2913,8684.2483,7606.8029,9774.0649,1379.1597,10127.1166,1099.7710,1241.8334,7643.2321,8648.4975,12184.9983,5345.8746,8175.0006,8892.7913,6753.8062,6767.1352,13736.7572,0.0000,11607.4390,5385.8133,5455.9378,10533.0987,13759.5417,2196.6231,11810.7171,5365.6158,12471.8921,7168.8277,11792.8335,8462.7110,12951.4462,10126.7357,3875.4686,11458.2872,12279.0436,11889.8114,1756.7801,7990.2155,13169.7815,1826.9498,390134.3714,419414.3333,407861.5274,397922.0883,406923.5960,407738.0118,405644.1984,402331.3367,362312588.8241,362332772.5278,362300816.4326,362294954.5863,1365.2981,1808.0982,8960.7774,8361.3448,11794.9581,1423.9746,9201.5483,5702.3851,11769.1503,12090.4871,10987.7066,6447.5655,11676.0325,9626.2731,5183.7338,3696.5226,9603.2885,11916.7758,11535.4289,11047.9645,9141.2063,10746.7113,10906.6726,4249.0609,8742.6203,6274.7574,6788.1008,13383.3250,12597.9388,10767.8031,12228.1837,6768.2156,11562.2157,13238.5428,9010.4886,10297.2190,10262.9705,12166.4194,8079.6106,857.7910,10091.9607,13732.3518,9971.8604,9944.4892,12711.4598,12216.7065,10074.8336,10666.3434,13065.6535,7674.9262,12112.9723,8310.2957,9483.1943,0.0000,3650.4738,12243.8622,10046.3247,13380.1619,9533.6800,10697.7884,6860.7377,11886.1475,5237.7839,6523.6783,4480.5296,1123.1062,11088.0689,11602.9713,9816.3778,3365.9950,12602.9384,11314.8366,10350.3812,6087.5549,6878.3922,9163.8786,393999.9512,423291.8162,411759.9899,401859.7089,410793.4635,411595.6148,409376.1360,406167.7649,362319507.8601,362339691.2552,362307735.6019,362301873.4056,727.2062,10021.8648,7892.9180,12526.4027,2695.9586,10152.1358,5448.8061,11101.1570,12674.0093,10303.4773,7657.4169,11672.5753,9946.1839,3938.9646,2389.7741,8654.2713,11464.6891,10824.6355,11641.6147,10158.5949,11101.5017,11335.5839,3321.5743,7763.8967,6438.9317,7974.4417,13674.7748,12139.2953,10758.0986,11646.5668,7766.9387,12147.3484,13585.1178,9028.5437,9665.2066,10070.8030,12800.7473,7670.5453,1640.7318,10813.3687,13770.9188,10686.2234,10663.9427,12681.0434,12845.9355,10398.5479,11556.3193,13496.6637,7001.4263,12105.8378,8061.5215,8777.9599,0.0000,2663.8348,12522.4165,11010.8374,13151.0488,8833.2629,11366.7238,7238.1674,12081.0194,4738.5902,7733.1037,4459.1572,2364.6546,11140.7027,12186.5538,10035.6661,3079.8830,12099.1862,10589.0494,10910.4422,5598.5952,6071.5708,9672.7031,393507.1630,422782.9920,411265.3163,401356.6060,410290.8436,411111.3479,408861.0361,405666.2530,362319516.5973,362339699.9635,362307744.3101,362301882.1163,10198.3798,8218.8022,12591.8593,2923.3346,10171.7954,4823.7591,10849.5327,12929.7962,10283.5299,7847.4274,11969.6905,9564.4367,3754.3571,2115.8915,8386.5112,11077.9086,10612.0163,12007.1601,10491.3915,10781.1609,11059.8097,3651.3953,7683.8562,7043.9969,8146.3415,13768.0665,11867.2233,10313.2342,11498.4560,8283.3403,12023.6082,13710.4025,8520.4313,9171.1916,10416.7877,13008.0828,7056.9728,2287.7208,10670.6753,13709.8097,10528.8928,10518.5595,12375.4560,13046.6553,10853.1553,11682.6483,13537.3854,6387.8297,11750.5125,7473.5584,8916.6209,0.0000,2995.5840,12281.0672,11178.4985,12959.9060,8973.3051,11223.0550,7839.6911,11782.9824,5227.9528,8101.1034,5096.5184,2590.5694,11495.5676,12503.0679,9618.6978,3709.4871,11948.4371,10288.9592,10673.7124,4937.9181,6322.0733,9358.7984,392783.0923,422057.9621,410541.0416,400631.8088,409566.1587,410387.9250,408136.0196,404941.7160,362318874.8750,362339058.2290,362307102.5865,362301240.3844,11955.8150,4381.6165,7982.6758,2210.9977,9952.0366,13579.5831,6604.5147,13525.0908,3086.8987,10907.2033,7819.4270,12312.7755,11482.9822,13750.5236,12491.7756,13708.3346,6843.0860,2699.4538,7604.2642,7061.0534,11499.5361,13596.7319,9696.8508,2730.8602,8832.1708,12857.9326,9852.7854,13456.3873,5380.0511,5672.2427,8447.7667,9464.9734,12682.3889,11596.9720,5927.2472,11072.9093,9086.2548,4664.6670,10503.7057,4806.1368,4647.3269,10429.7504,5960.4714,9024.6564,2466.6422,7427.9846,11776.2521,10110.6054,10527.4279,13181.6259,0.0000,11249.6669,8220.5562,1547.9740,11944.4128,13193.6023,5040.0099,8893.3737,8699.0050,11222.9355,3524.8452,10048.6836,8257.1663,10559.4735,6786.8721,8457.6129,10308.7244,13213.5275,13605.5539,6092.4331,10742.2967,12478.3720,6676.7092,395148.7692,424431.4854,412875.3220,402936.4813,411940.0112,412749.4621,410666.4295,407348.4025,362316917.3136,362337101.1185,362305144.9194,362299283.1529,12467.5532,9347.0274,12703.1657,10839.8998,8290.5357,9975.4208,5025.2140,11412.7962,5420.9966,13246.2310,6246.4010,7148.7001,6791.8306,10815.1581,7557.7577,8593.1287,10636.0957,13469.6009,13513.2878,5107.8663,4662.1015,4320.2429,11577.3667,10360.9134,9837.7431,12892.4057,7623.6662,8534.2849,13246.7124,10308.2548,12687.5571,10445.6603,2900.5407,10772.4122,11403.2531,7879.0973,13376.6035,10678.9997,13412.0911,13285.6194,12402.3927,10827.2406,5743.2502,12255.0932,11559.1034,10239.7445,12715.0582,11920.1077,2466.8335,0.0000,5690.9685,13093.1712,12025.7216,10465.1573,2472.9674,13441.3166,5097.6889,13004.1612,3774.2118,10339.0161,4936.0045,9194.6603,4986.8502,9199.7706,13206.9872,5619.6320,8196.0523,8429.1423,13529.7729,10531.0085,2681.6952,13315.3610,397304.3845,426440.2942,415014.8042,404994.5756,414005.9721,414985.5812,412618.2221,409424.9342,362323138.1464,362343321.8028,362311365.4704,362305503.8299,11107.8739,4209.4318,11383.3205,12120.1598,4673.4409,12618.0837,7133.0440,9866.5013,7693.4651,13682.5669,13308.5610,13406.0872,10771.5161,12414.0400,6349.6393,5154.0954,6564.5950,5850.9784,13334.0251,13719.1706,11564.7107,6779.8343,5500.3747,10777.9971,8789.7275,11772.9681,8330.2862,3272.4886,5233.6755,9579.4781,11912.5884,11421.0298,3461.4324,11474.3382,11943.6135,4584.1653,7148.9691,4874.7091,4669.7801,7844.4644,3393.9620,9262.3436,1987.7549,3515.6232,12217.5838,7983.3578,10892.3353,13127.8428,0.0000,13223.7151,5574.5013,3002.3893,9181.1726,13123.9552,4101.2547,10765.0581,6489.1737,12971.0076,7437.2727,12269.2412,11305.3035,9964.2288,5637.6492,8154.6910,12625.3225,11261.1615,12380.0395,5536.6161,11932.4406,13503.4251,7120.0757,394038.7135,423247.2943,411733.0334,401730.1914,410786.9463,411679.3052,409565.7128,406224.9009,362315205.3531,362335389.3360,362303432.7376,362297571.2960,8166.7699,5621.5086,12384.3088,11818.4144,11843.3933,5269.1000,12131.6817,8959.7062,6423.4362,4925.6633,10504.7298,12163.2099,12234.0017,10903.7024,8436.6943,10095.7573,10209.3175,5605.7934,9836.6807,6972.0672,5619.2376,13266.7297,12960.5385,10442.7373,12848.6092,6386.2243,10837.1701,13093.2956,8605.3978,10657.5152,10981.0634,11773.3300,8112.8246,1972.0804,9165.8501,13741.0892,9037.3630,9018.4474,12544.3725,11821.6824,10359.1311,9851.2308,12722.3549,8019.7461,11868.7719,8170.2727,10512.4245,0.0000,5030.2615,11771.4840,9186.7028,13561.8747,10559.4087,9840.0758,7319.1544,11457.4759,6424.0115,5628.3216,5444.5778,340.4326,11549.5614,11407.0329,9240.4155,4562.2335,13135.2780,11948.3236,9527.5977,6238.3196,8101.4610,8324.7313,393792.4740,423101.9437,411554.4332,401663.8286,410596.7466,411378.5244,409193.2628,405969.8185,362318807.3373,362338990.7515,362307035.1122,362301172.9024,8893.4444,13017.2439,7667.1541,13581.4694,3724.0359,11832.6620,5866.2242,12261.3778,11419.3338,13359.4961,11374.7925,13278.7625,8328.1856,4785.9836,5634.5704,5088.7166,11909.0278,13596.7267,10931.8486,3321.9525,9041.6996,12070.1364,8105.3025,13126.0335,7150.6990,4119.8695,8805.0537,7747.7813,11550.6990,12541.9862,6783.3551,9739.5703,9517.0534,2539.1554,10112.9357,2654.4435,2517.9310,9078.3052,6776.1220,10465.9787,2923.8767,7300.4741,10706.3375,8559.3679,9056.7512,13582.1971,0.0000,11602.4285,6672.2513,2724.0880,11232.4427,13598.0288,3070.0176,10317.4413,7053.0537,11962.6048,5096.2538,10988.5130,8421.3464,11645.7628,8101.0395,6550.3353,10991.2131,12830.6950,12965.2892,4009.5696,9720.9870,12978.8709,4665.0771,392955.6391,422238.1024,410681.0018,400741.4296,409746.7252,410556.6041,408477.9133,405156.1787,362314819.3799,362335003.1586,362303046.9846,362297185.1990,9633.1914,13165.3621,10825.8616,8199.7297,13311.1028,5724.5564,6210.8255,5324.7890,8163.6662,8298.3002,9813.2960,13092.1626,11249.4620,7237.2070,7760.9498,7598.1725,8908.3073,10607.2020,8305.2356,13084.9806,9903.6512,6263.2261,10765.3607,10557.6709,9616.5387,13196.8641,4072.5991,6236.6968,12516.9543,12844.0598,2727.5717,6474.8151,8240.6581,12250.3706,8021.8088,8088.8891,9284.4273,12836.4120,12943.4247,10921.9562,12322.1899,3170.4621,8286.0772,2886.9323,10733.6397,0.0000,7109.7483,9257.0651,10742.1622,11044.3748,10783.1581,8726.8001,11104.1089,8468.9743,9106.3826,9462.7565,9165.0338,5506.2043,13195.8944,13207.8022,5579.0948,8049.4441,10979.1934,8930.5060,7633.6101,1087.8513,9343.6395,5980.2525,388626.4475,417893.4743,406373.9525,396448.2624,405405.5262,406238.7377,404016.7194,400792.2769,362314152.5150,362334335.9167,362302380.1746,362296518.0533,11641.1691,3853.0712,13697.7879,8901.0565,10333.7259,8357.5253,9485.8107,3519.0978,3723.9030,922.3393,11961.8338,13604.2571,10221.3759,10550.2579,9839.8177,5364.3559,11476.9651,13675.3184,9394.6251,2452.7310,8267.5433,1784.2875,13405.9682,11190.5314,9871.0226,9295.2710,4544.2984,8766.5901,11791.1517,8050.7793,11920.2963,12065.1083,7111.9675,12062.0711,12000.9180,6905.5307,11751.4957,11202.9239,12931.9417,10163.8961,7119.6286,7445.3483,8565.0629,6357.3810,0.0000,10059.8106,9223.9712,13274.6077,4608.6338,6358.7140,11787.0749,11944.8601,8748.6033,10210.3334,13847.8249,11347.5394,12233.6466,9560.9653,11797.2607,9871.5157,11120.5829,2193.6555,984.3098,11315.9867,8943.7856,8409.0856,11271.7558,390056.5096,419124.4474,407736.1365,397657.6935,406718.3950,407774.5711,405382.9349,402165.2507,362315771.5562,362335955.2779,362303998.6904,362298137.2615,10812.9629,8861.3290,6111.0269,11091.0816,13277.3566,13255.1465,12822.0262,11747.5287,11635.9362,2330.1099,5123.2347,10188.9183,9646.0895,12389.5657,12470.7169,9374.9626,8668.3812,3728.8004,10869.8498,11590.6978,10688.2884,7252.4093,7455.0288,3056.6725,12368.7105,13000.9048,8105.0771,1273.6240,13394.8461,11923.8995,8664.0387,6740.8935,8908.9255,8695.5443,9869.8138,1362.9391,5502.5532,5107.6954,4039.7687,13541.0713,10455.7991,13131.4918,10948.4729,0.0000,12499.7786,8741.1447,5409.7517,9239.0921,10926.9454,8319.0009,8394.8457,9536.5832,11382.6185,7954.3672,10802.6062,11959.8410,6140.3015,1282.4326,11411.4193,11641.9674,10287.6530,12135.0348,9491.1572,13493.7008,11783.1884,10687.1248,397678.3014,426837.9419,415362.6918,405326.0014,414397.3021,415346.6241,413161.1388,409844.0596,362319325.2592,362339509.3094,362307552.5230,362301691.2357,13507.2376,6350.1079,12367.9957,7437.5885,8777.8015,3878.1173,7251.0814,3001.6426,10453.9157,12830.1838,12329.3176,12510.7539,8083.0529,3521.1599,8924.1445,13556.8332,9374.8882,5748.4773,10961.3166,2973.7754,11911.8011,12605.6693,9665.1913,11528.1880,7541.0902,5497.5996,11357.3424,10133.8162,10858.6302,13338.3519,8201.4030,13369.3446,13266.0311,9670.0342,11356.1630,8721.5541,13120.3108,10705.3496,8921.3080,10255.9101,10716.8501,2871.6914,0.0000,8520.2613,11369.5991,13268.4606,6894.1258,2849.9466,13156.8891,9482.1668,11127.5222,7837.3752,13059.2623,9158.9108,11676.3161,6853.0222,10568.5328,12080.6114,9290.7261,3760.5457,4278.7836,12991.9026,10219.6795,5790.2437,12954.7189,393662.0529,422728.5806,411345.8717,401271.7205,410322.8357,411379.3625,408965.1893,405765.1045,362319614.0773,362339797.8040,362307841.2184,362301979.7875,11802.8437,7749.8041,10606.9420,9475.5250,13104.7242,12753.8806,13744.7933,8501.4714,4418.3517,8216.9654,7926.7696,9717.3880,12778.0199,8684.6055,419.7066,10959.9102,13402.4386,9987.7340,13828.7035,4767.3488,7536.0739,10638.2702,8837.1029,12256.9882,11783.2747,8438.9871,9965.3722,6647.3409,5766.5784,12211.7502,5746.2083,5670.8869,11467.2897,8484.1558,9663.6449,5414.9250,9802.6331,10564.0355,10895.3064,9524.4428,12746.5929,0.0000,9340.0831,9613.9088,4574.2570,13048.4718,12772.3864,6464.6713,8168.6154,9751.3127,9749.4041,2208.9649,8437.1790,5581.3504,11297.9678,8744.5284,8358.7164,8397.3450,13773.3450,13529.8541,6875.0228,9084.9789,11323.8359,6542.5965,394691.1875,424007.4203,412437.6084,402533.6223,411501.2849,412273.6775,410179.0156,406890.7285,362317469.5343,362337653.1745,362305697.2616,362299835.2655,13404.3192,10722.5511,11388.6012,9547.0494,10935.7733,8451.6066,5220.3068,9188.8171,12926.9558,12714.4860,9822.6647,8500.8966,7137.6099,11797.8640,6197.8960,9326.9215,12992.1147,7487.4314,8779.7705,11499.7389,6062.8522,13643.3998,11879.7591,2721.0441,7163.5792,13367.8697,11298.0898,12500.7449,7459.3829,12650.4952,12470.8611,11129.5947,7209.2767,3531.6750,10212.7567,8040.2892,12715.3978,11900.8383,13568.0176,6088.1161,0.0000,10237.6003,11525.1620,10290.3175,8631.0268,6043.4056,12259.2881,6775.0990,11872.9092,8462.9026,10585.5415,8755.5023,12111.8951,1145.3272,5467.3212,13451.1615,9745.0159,7496.7696,9521.4694,12844.7341,13199.5983,7925.9047,13425.2289,398496.9749,427589.8452,416176.8976,406106.1202,415174.9142,416201.9481,413873.5866,410623.5454,362322360.6955,362342544.6399,362310587.8407,362304726.5732,10833.5226,10231.1788,10811.1649,7534.9081,10867.7539,11988.0454,9885.2084,1752.0556,2352.4917,11778.1234,12033.1553,12973.9271,7557.3138,10523.2844,9207.7662,2862.6231,11169.6074,11140.4089,4872.8935,10684.0913,2377.0443,7275.3545,13772.0766,10286.4574,5181.2945,10267.6658,3808.3345,9677.9556,3584.2745,3716.0663,5892.6571,10232.2958,13293.7051,7806.4619,8957.7575,6703.6354,4650.2079,4234.4433,13133.8804,0.0000,11420.9746,4567.1192,8075.7416,9193.8732,13160.6750,4002.6315,12915.9162,3893.3921,12615.9052,9459.1705,12361.1569,9047.1566,13540.7081,11664.5699,754.0647,11786.5294,10898.9212,9986.7074,2496.3521,6296.0756,12812.2286,1450.1448,387738.0991,416989.1522,405460.8893,395502.3730,404509.6776,405359.9133,403215.5729,399921.3266,362311090.0764,362331273.7241,362299317.6244,362293455.7866,1677.1077,5272.0737,9596.8689,7928.6418,12380.6225,12234.3980,11803.5768,12157.5230,2630.8202,4273.1559,7179.3049,10840.4914,13373.4915,9987.7861,10584.7200,9020.6443,10090.7821,13109.2682,13443.3188,9402.0564,7672.2083,8844.5198,13551.5347,7202.4939,5225.3119,12389.1122,12794.4125,12282.0500,12250.6076,11907.4257,13579.9799,10603.2147,13230.1332,13662.5184,5765.0052,11565.3584,7971.0312,6108.7140,0.0000,2575.0394,12651.6536,12927.1574,11528.1849,6172.4165,12715.3967,8267.9231,12086.3170,4397.9225,10573.2093,5545.0764,6119.4442,10444.3101,12835.0077,10666.7094,4434.7650,9674.8228,7775.3813,12133.8408,5654.4289,3865.7706,11062.4025,392524.4752,421728.6478,410264.2414,400306.2592,409265.3109,410167.5659,407827.3715,404656.3240,362319451.5405,362339634.9256,362307679.0845,362301817.0489,6648.2552,10221.6806,9154.0122,12340.6149,11580.7842,11345.9749,11684.8452,2650.3362,5836.9243,7093.1064,9738.4676,13669.9823,10844.5942,10400.6937,10180.1540,9374.3293,12694.1669,13687.0456,8894.7959,8217.0218,9624.3781,13440.2513,6905.4800,3867.8750,11678.7258,13295.0778,11551.3517,11532.1548,12129.5172,13472.8973,10811.8497,12656.1047,13719.0687,5752.8173,11637.3628,7557.9415,7420.3000,0.0000,2186.6093,12522.3778,12265.4741,12220.7562,7481.7136,12109.0572,8096.8701,11963.4254,4586.2553,9577.3208,5208.4709,4605.3804,11016.2489,12818.0480,10146.8087,3851.7822,10745.9055,8888.7248,11510.5149,4996.2913,4906.2625,10293.9883,392495.4480,421732.9260,410244.6529,400310.5046,409256.0836,410120.5788,407817.8114,404638.9289,362319146.2504,362339329.6078,362307373.8765,362301511.7498,5915.4417,3036.5315,12570.0344,13699.2995,11228.2719,11631.4059,7095.0440,2522.7028,9883.8841,13188.2581,11474.4796,5696.3773,9264.8538,4486.7736,12621.0750,12544.0438,11795.3040,9333.1124,4817.3855,8404.0940,13080.5013,7242.3544,9717.3763,12763.7227,9847.4967,12707.7097,12662.4271,9231.2790,13070.0420,11120.4481,13727.2420,12147.5653,5729.4123,9336.1751,8044.7667,4886.0567,0.0000,7324.9127,11057.7807,13814.7059,7761.1567,4920.9362,12732.4793,10688.2649,10458.0764,7844.6117,13176.3925,9237.5268,10280.6762,9847.5683,12688.6376,10396.5234,8737.1314,5258.1722,2922.3644,12129.3349,7317.3276,5894.7436,11576.0308,390678.7215,419787.0078,408381.5239,398344.3438,407363.4445,408374.5300,405972.6621,402788.2252,362317398.3305,362337581.8852,362305625.6051,362299763.9287,4583.5577,12572.0092,13223.3050,7321.6762,7770.5299,11275.1052,8063.7445,13039.8124,12656.0527,9350.2044,2370.2953,5001.3376,4958.8080,13724.1401,8959.8095,9869.4437,6571.1660,2809.3554,11231.3995,11491.7758,6099.6576,12293.4894,9819.5096,6721.2447,9782.0116,9766.6525,3956.6786,11425.3737,12724.6321,11722.2884,9279.3103,5967.6493,4168.6664,6286.6067,9367.8640,0.0000,11282.6275,6514.6542,12196.0745,4032.8742,9378.8491,9485.8925,13337.7150,5783.2587,11954.3352,13455.2411,12714.0018,12068.4137,11553.8873,12215.2338,6956.6282,12293.7269,4681.1045,3509.3315,8742.2062,7776.7486,10690.5226,8726.0184,387577.5929,416683.6839,405262.6401,395203.5307,404262.6172,405277.8200,402954.6671,399706.4442,362312536.8626,362332720.5848,362300764.0694,362294902.5791,11788.3552,13578.7436,10809.6074,11118.1622,9318.9210,4621.9567,10934.5364,13744.8498,9561.6459,3281.0425,8944.3694,1591.9379,13169.2708,11671.4943,10000.6473,9813.7410,5108.7402,8120.6779,11879.0478,8432.3677,11629.5971,12484.8183,7499.7628,12484.8621,12415.9239,7669.4532,11848.4750,10775.3406,13143.0794,10470.4877,7362.9778,8201.3558,9000.3503,5522.7522,0.0000,9588.0139,9861.6341,13433.6231,5227.5293,5523.0562,12239.9298,11454.4579,9421.9605,9612.4381,13769.1135,10831.4705,12070.9889,9077.1358,11694.6591,10437.1983,10646.6586,2335.5327,1424.8093,11816.5349,9108.5566,7703.7893,11734.5224,390759.8654,419826.0921,408440.9244,398363.6177,407420.5733,408478.3199,406075.7526,402865.7497,362316657.3427,362336841.0530,362304884.4790,362299023.0397,4665.2208,11380.4850,10910.0959,11101.9774,11774.1571,7485.7714,8409.0401,5526.8182,11657.2227,12611.1671,10972.0129,5705.4863,9000.2307,4919.4091,13020.2383,13451.2639,6746.2951,3392.0912,13678.2629,10735.1114,9726.5352,8276.6272,9933.9998,9726.0575,11288.2006,3508.3688,3471.2828,6145.7551,6159.2829,13612.3856,11774.7354,13531.7110,9995.1272,0.0000,11257.6797,10327.6026,6059.1860,10402.6069,9975.2023,9568.5781,6393.6100,10972.5714,9843.7497,7100.5204,9144.2798,11031.9416,4835.0329,1069.2041,12317.5667,10173.5757,10756.3838,12403.1998,10625.4627,13405.3759,10491.3127,11497.7452,399125.0343,428298.4905,416820.2986,406798.4908,415851.6678,416787.2369,414585.2821,411288.5303,362321323.9355,362341507.9211,362309551.2509,362303689.8701,9602.3686,9078.8089,10975.9639,13130.2097,8122.3726,4271.2832,8181.3126,13140.4775,11509.2701,13173.7595,3662.0537,7405.7960,7659.1120,11261.7262,13532.2865,9913.7132,4909.5097,12422.1373,9015.1021,7004.4741,10415.6397,7171.4942,6988.2484,11499.0870,4995.6801,6820.2877,3541.5901,7399.7767,12787.6127,11448.9383,12051.2731,12177.8676,0.0000,10854.3433,9669.7289,2713.1271,12148.8974,12181.8910,7209.7180,7078.1676,10222.4918,10240.4528,3250.9863,8988.5005,8680.6893,8681.5418,4880.2882,10432.6502,9623.7136,12985.8260,13752.3267,8304.5514,11902.4931,11582.4462,8918.2829,397529.9889,426790.8145,415251.8948,405296.8510,414308.2238,415143.5771,413029.7465,409721.0116,362319405.1289,362339588.9817,362307632.6778,362301770.9965,795.8880,12641.8031,12490.7733,13355.4707,7959.5084,9341.9730,8757.8399,2940.9239,10873.8710,11332.7847,3474.2093,9533.0420,3780.8024,7719.8391,13634.2091,9289.7423,6445.6296,11307.7030,3253.3134,8487.1581,3138.0822,3225.2545,4817.8051,9219.1363,13013.8288,7053.3452,7624.9229,7828.1157,3732.9342,5575.1254,13323.1032,0.0000,12351.8465,2955.6596,7528.7551,8313.0070,13341.8949,3042.9103,13171.1863,2472.1383,13268.4557,9762.8520,13015.5408,10199.8817,13160.0840,10917.1773,1968.6172,12613.3811,10469.3090,10026.7230,1750.9795,7720.5624,13368.5229,2390.1685,388074.8979,417304.0638,405785.5439,395805.7424,404834.0628,405708.0536,403567.1815,400257.0310,362310881.3576,362331065.0992,362299108.8320,362293247.1288,12850.1907,12795.9953,13271.9598,7640.8591,8913.8044,9040.4286,3660.1853,11084.8276,11018.1033,2715.0621,9071.2415,4501.3003,8315.6113,13536.5983,8696.1486,7122.1792,11432.2685,2659.1182,8279.0669,2595.0632,2658.8585,5000.3890,8623.7792,12717.3276,6376.3505,7086.8774,8450.0004,4083.4927,6269.9656,13466.2747,0.0000,12571.6551,2717.8368,6898.1498,8393.6432,13482.5601,2317.8997,13008.7818,2556.4096,13369.8213,9429.7958,13041.5677,10333.8306,12937.1984,10413.6945,2700.4367,12719.9442,10648.5731,10416.1810,1256.7930,8284.2412,13542.2415,2573.5642,388627.9002,417857.6429,406336.6286,396355.6976,405387.6329,406260.1069,404129.7018,400812.4070,362311136.9937,362331320.7677,362299364.4630,362293502.7891,5402.2866,4867.4455,10001.2526,13150.2160,11366.4954,11970.1270,10091.4149,8282.1016,13351.4272,13088.8610,10781.0627,9733.6770,7720.7376,12808.6626,9065.6726,3859.1195,12567.3148,13202.5745,12495.4098,12433.3912,13049.9763,12860.7441,9007.1185,12629.3308,13540.9986,7892.2685,12798.6142,9659.5888,6010.1577,0.0000,672.4726,13400.6645,12176.1331,12503.2872,6067.2379,12940.1995,6057.8377,13025.1600,2012.0546,9206.5814,3044.9117,5334.4280,9287.6291,11735.0344,11765.1116,2017.2400,10701.9953,9458.5390,12633.9972,7362.6675,2914.6751,11716.4057,395009.6804,424229.7488,412753.6485,402806.0950,411760.1373,412644.0123,410323.9033,407147.7264,362321539.4255,362341722.8444,362309767.0034,362303904.9648,7995.3874,12918.2182,11714.7145,7534.2936,10949.9401,5613.8819,11495.7041,13383.8257,11914.3382,10748.3542,7048.6137,6764.4229,12930.4184,8714.7363,8644.9173,13469.3489,10710.7639,13431.6481,13362.3448,10905.5641,12944.4367,9737.2560,13798.9932,12607.3733,7165.4478,11050.7133,9494.9605,2891.4854,0.0000,5811.5070,12361.7478,13740.4162,9190.0775,2943.6367,13513.5729,8942.6916,11903.2969,5816.9669,12472.9092,7414.8768,9596.7620,8580.6095,12089.0525,11745.4345,7086.2594,6448.8833,5083.2641,13099.9383,8189.2727,3581.8666,12546.2155,392983.4856,422101.0602,410692.3797,400665.9426,409673.5001,410673.1710,408265.7881,405092.2535,362319839.9908,362340023.5324,362308067.2981,362302205.5838,8932.6871,11178.8704,12543.5149,13557.5652,11009.8028,5039.0842,12771.9507,10892.1941,12833.7540,12431.1811,5343.4832,10090.5381,12050.6808,5551.6982,12321.3826,12371.2431,12354.6832,12223.6205,13744.3860,10179.5287,4971.6547,10692.4418,11830.2198,11276.7691,13790.0637,12351.4532,6653.7766,0.0000,5148.2252,13532.0789,10130.7919,12794.0471,6672.4141,12601.0413,1344.0329,13563.1746,3095.1293,7164.8814,2190.5421,6917.4181,6190.9264,8379.7313,13163.4358,3656.0155,11402.3513,11490.5513,12887.7117,10698.1413,4870.9733,12577.3659,398923.0980,428138.4506,416656.5951,406692.1148,415671.9593,416562.3639,414282.4106,411071.3448,362323983.1414,362344166.7582,362312210.6591,362306348.8235,10739.7923,13306.0835,9820.4760,13797.2072,4948.0146,7183.5641,10419.0971,8743.8079,12235.0659,11871.2224,8196.4455,9982.1314,7000.3423,5420.6775,12003.3075,5410.3867,5330.5874,11249.2911,8237.9045,9713.5761,5055.2471,9519.6072,10628.6043,10683.2496,9508.9204,12874.6459,0.0000,9632.6720,9326.2959,4228.1917,12889.9729,12899.1371,6111.5731,8387.8826,9493.1588,10024.0693,2392.9585,8739.9020,5926.7670,11321.9393,8604.9458,8182.0273,8716.4847,13713.9354,13522.5997,6574.6165,9193.5018,11544.5824,6329.4375,394564.6259,423878.4149,412308.9172,402401.7468,411373.4083,412148.4466,410057.8065,406764.9190,362317204.1390,362337387.7968,362305431.8552,362299569.8820,8160.0492,10136.4139,8368.3019,10109.3042,7043.9903,700.2484,11583.3330,11232.2957,8502.5512,3701.1351,12547.5213,13348.1338,8988.3861,3232.1712,9217.1329,9030.9517,7391.9977,3621.2314,7518.5024,6916.3931,2321.0845,12671.1627,8364.5067,12324.0956,10478.2942,0.0000,13303.6149,7065.0834,7591.8014,6100.9173,10450.0433,8379.5234,10535.5169,7844.8468,12430.6088,10569.3536,12347.1214,13347.6310,6846.4524,4632.0954,10630.7231,12955.5070,7737.0468,10040.5497,9254.9166,13201.4298,12119.4655,10596.6029,395172.5074,424275.0183,412837.0428,402757.9369,411857.7387,412870.5094,410636.9527,407321.6150,362317141.0476,362337325.1371,362305368.1668,362299507.0327,6934.2944,2997.3124,13603.9718,9600.1591,8724.8419,8545.9314,4634.7983,9833.2103,10808.0404,8044.1740,12827.0656,10813.7344,5403.7755,10833.8805,10774.7364,4760.7117,10744.7388,11617.1792,11869.1239,8642.5353,7632.4840,5545.3462,8290.7662,8240.8658,0.0000,11505.9617,7321.9528,12374.4324,2493.6883,8236.7129,10394.0538,12789.7885,6909.3491,11692.4377,13748.1909,12557.0570,12864.5463,10091.9189,11285.6015,8737.0613,12380.6855,2484.5402,2917.8471,9965.3230,9381.5004,10208.2043,10230.3554,389249.1002,418318.4832,406921.2547,396835.1102,405912.6042,406967.1744,404614.4806,401367.4165,362314085.5278,362334269.3327,362302312.6375,362296451.2933,9289.4221,12603.6042,5966.0376,10470.3077,2556.2228,5108.6443,13400.7124,10904.3332,4472.1592,11365.3904,6003.9600,8453.9389,5870.7292,5943.6571,3880.8647,10834.5117,13622.2046,9398.5146,8930.7148,5771.0232,2510.0428,3775.3151,12260.3302,0.0000,11717.8213,4093.9363,9829.9508,7223.9883,12283.2385,5842.3409,13638.9811,2986.2614,12855.3577,11385.8518,12992.4148,10451.9433,13334.3012,12214.5291,2186.9105,12409.4652,8974.4485,7911.6316,4586.4519,6357.3381,12498.3252,4269.9141,386640.7132,415839.8381,404349.0567,394352.1861,403381.3531,404292.0535,402088.1822,398805.9206,362310541.8485,362330725.5211,362298769.2688,362292907.5588,13027.5972,11298.5050,8837.1218,10428.1905,6164.6111,7598.0261,10975.0975,9424.8352,12272.4193,12386.7812,6295.8547,12424.5702,12334.8228,7380.4994,10939.9557,10131.6307,12653.6020,9492.8301,8536.6017,8153.2180,9870.5690,5743.0576,0.0000,10391.9462,9529.4820,13014.1309,4283.8989,5726.7975,12052.6817,11373.2180,9256.3891,10107.5311,13733.7598,11213.2412,12716.7182,8256.1507,10798.5668,10789.0761,11222.7043,928.1174,2716.2859,11806.3209,10167.9636,8295.4740,11981.8459,391555.9715,420606.9955,409227.8719,399134.9950,408208.1696,409282.1814,406885.6523,403661.9650,362316934.5591,362337118.3541,362305161.6398,362299300.3126,10006.1249,9646.3864,11859.2588,13454.4390,8484.9789,7544.7767,12214.9451,6368.6614,9228.1281,12007.4147,9303.9028,9156.1880,13024.2244,7645.5424,5785.4600,6866.1008,9912.6397,12167.5596,12902.9807,12098.3829,10501.1674,0.0000,8186.2729,11759.6626,6032.2468,13185.8838,10514.7932,9607.1185,4064.6175,12041.0561,7345.2502,2667.8532,5813.7626,6578.4738,7949.8102,6467.3107,11590.5192,6612.2516,13097.6101,13441.5038,10278.1547,11105.4345,9158.2435,10272.9549,398600.2360,427871.4867,416337.7720,406401.5664,415383.4787,416209.1705,414047.7172,410781.1644,362321792.8009,362341976.5115,362310020.4166,362304158.5695,7083.4891,6952.6735,9976.5727,12736.9871,6363.2380,9272.3683,11928.0304,2519.4647,7233.8244,2748.9636,2624.3380,5718.6553,6281.7891,11348.3656,4214.3776,4930.4352,10338.5260,5437.9517,8537.6944,13471.6145,0.0000,13150.3665,2938.1174,4994.7939,8334.6874,13477.5507,1640.8940,12257.7577,3708.2740,13469.1807,8622.9934,12976.3911,11003.4321,11716.6798,8368.0931,5291.1550,12963.6801,10770.3073,11273.5403,2698.5396,10158.6969,13772.5168,4571.4195,390828.8440,420045.1211,408527.6659,398532.3364,407581.2622,408466.4876,406349.8868,403015.1046,362312528.0371,362332711.9296,362300755.4526,362294893.9153,11806.9854,11647.2572,8390.7628,3089.6134,12798.6111,13176.7576,8939.1133,3914.6221,9176.2156,8982.2849,7896.4829,3017.7001,7106.3804,6546.7260,2361.8870,12928.6642,8801.3356,12564.0488,10589.5875,0.0000,13238.7257,7378.9656,7184.4504,6733.7200,10561.6560,8364.0926,10181.2735,8184.0903,12300.5485,10154.9033,12129.6286,13186.0064,6622.9640,3989.1963,10835.6533,12791.6236,8248.0182,10496.8053,9320.4613,13354.3716,12112.2622,10664.2457,395723.5197,424834.7054,413390.6572,403317.5865,412413.9301,413416.9562,411192.6958,407875.6246,362317576.8435,362337760.9353,362305803.9828,362299942.8333,5556.3091,13633.7237,11739.3664,2919.5922,9712.2350,6021.3821,10328.3317,5798.5801,5909.4646,6265.1132,11692.6912,13760.2888,9665.1836,10376.7485,4585.6060,4973.6538,1926.6183,12302.6847,0.0000,10411.9241,6014.9614,9843.8819,9175.5831,12336.8515,6242.9657,13021.7161,5065.0629,11913.3379,10429.0038,11926.9321,8606.9109,13789.4968,12804.7014,1864.4718,11136.7487,10308.1802,8757.5671,4816.0892,4395.7150,11866.1181,3461.8209,386843.7408,416086.1923,404571.4584,394613.2173,403609.4417,404471.3490,402282.5523,399015.9893,362311205.2982,362331388.8523,362299432.8495,362293570.9372,11563.9678,12787.3864,3958.1609,10757.5493,10146.5497,9040.7342,10038.0475,10055.2097,6015.3009,12740.7415,13200.5998,12453.0902,11061.7801,3417.9746,5627.5343,4504.5416,9059.1250,0.0000,9652.5266,7949.2266,12728.2363,6596.7872,9088.5461,10058.4941,12944.7665,7031.6795,10819.2431,13080.9288,11652.0107,10511.8627,12286.4217,13283.5038,6661.1975,10940.0002,6287.4396,3758.7107,9061.4150,5496.6885,9633.1985,8429.2757,387108.7271,416251.7315,404813.6292,394789.9938,403814.7466,404789.6346,402463.5252,399240.0560,362312903.9665,362333087.5390,362301131.2956,362295269.5865,9094.0412,12851.6503,9787.3554,13303.8914,9329.7945,13402.4198,13243.1707,12163.1516,9152.0694,3863.5810,11437.1262,10069.1084,11924.5054,12733.2628,13214.3660,4091.7784,0.0000,8228.9767,12715.3526,11326.6450,9807.0070,4053.5121,13220.0031,5424.1847,12860.3119,6219.4236,10499.2861,6808.6125,10902.5954,2286.4423,7286.7936,13785.7594,7804.4500,7924.8279,9197.5766,13593.5921,12314.0500,5557.5959,13794.1301,398580.5691,427690.2595,416274.9053,406225.9245,415267.5403,416276.5142,413921.3824,410702.1673,362323459.3024,362343643.1144,362311686.5243,362305825.0900,13013.3778,12082.4440,7665.8106,6563.1540,7926.2980,7712.4622,9255.9437,129.8710,6597.8433,4108.2669,3262.0169,13322.0472,9776.5686,12661.7139,11645.6371,0.0000,12860.8830,7844.7153,4581.7761,9092.9168,11628.1407,7272.0484,9137.9215,8706.1824,11965.2036,7810.1664,11342.3463,11933.5579,7241.8135,2438.7535,10639.7094,12062.6497,10515.9541,12243.1806,8523.4357,13230.8549,12396.6208,9848.2731,396783.4885,425953.4413,414468.5416,404437.9064,413508.7760,414445.6880,412281.9710,408955.0273,362318174.0703,362338358.1203,362306401.3558,362300540.0498,8764.0665,8456.7552,11083.2759,8255.0819,8329.2993,7489.6065,12981.5514,13681.7318,11481.9053,11822.2254,1779.0703,6466.8603,1022.4665,10751.4978,0.0000,8719.7607,8101.4379,11545.0816,9391.4235,10794.4851,8701.5878,12530.1277,7124.6098,10486.6450,11233.4795,10853.6035,7998.7994,13485.4782,13621.0652,4698.4499,9863.7412,9551.8595,7296.5208,7439.4421,2278.2214,10131.5584,6065.3005,386950.9004,416176.6703,404682.9310,394722.1536,403705.7724,404587.3319,402336.9167,399107.0710,362312505.4715,362332688.9307,362300733.0145,362294871.0365,10546.5356,13827.7006,10445.9136,10403.7753,13110.6865,12140.1817,9571.1326,10789.7046,13145.2496,8270.6286,12587.4716,9019.9661,9172.4201,0.0000,3316.0364,12661.3148,10140.2226,13568.5945,9221.5245,11128.4285,6176.7234,12353.5835,4619.7107,6434.2863,3717.4481,1754.9881,10650.0332,11353.7028,10465.9178,2664.7245,12668.5817,11511.7748,10874.8298,6806.0102,6465.1696,9789.2747,394809.8989,424097.3930,412569.1994,402666.1328,411600.8045,412407.8284,410181.2980,406975.7032,362320338.7886,362340522.1949,362308566.5204,362302704.3412,9291.3032,300.3617,159.7382,7204.2567,7618.9893,11799.6622,4381.6211,7041.2659,9673.9350,6503.7196,7640.6798,13812.0455,0.0000,12254.8574,4655.1932,4705.2552,10018.4496,13828.6390,907.4074,11876.1010,4910.4333,12884.5335,7336.1192,12208.0390,9364.5636,12521.3649,9325.7437,4480.1345,12022.8965,12010.5562,11967.9319,1542.1093,8987.6728,13513.0348,2827.7978,390628.7611,419892.1136,408346.8288,398391.2936,407408.5671,408241.0051,406149.2993,402824.7871,362312656.6862,362332840.4644,362300884.2386,362295022.4972,9458.0797,9319.8044,5052.7574,6472.2233,9539.3388,8723.3344,3973.2918,11170.9419,6309.6935,10929.5176,10067.0339,0.0000,13349.3317,5911.9997,9461.9182,3052.8978,10042.5371,8614.8336,12042.8380,6409.4881,12863.1699,12229.6219,13144.4053,13766.4295,8320.4102,7533.3978,9560.4054,13465.0411,5477.4664,7793.7520,9012.6357,12170.1113,12055.8832,10190.5402,392404.8383,421479.5974,410063.3225,399966.9422,409073.2178,410117.9580,407843.6995,404541.8360,362315107.9851,362335292.0223,362303335.0504,362297473.9220,215.3157,7236.4313,7880.7261,11946.2246,4637.2803,7291.7537,9498.9752,6484.0176,7426.8422,13833.1462,0.0000,12170.7988,4736.2011,4922.8614,10102.3022,13851.0394,1129.8677,11936.0185,4923.9737,12857.2934,7377.5340,12187.8302,9233.8942,12665.2805,9551.6532,4272.9540,11966.6504,12061.9544,11940.5726,1408.6051,8781.1571,13488.8320,2553.0907,390435.2267,419701.7121,408154.9529,398202.3963,407216.8099,408045.8772,405954.0146,402631.4895,362312547.0821,362332730.8452,362300774.6450,362294912.8830,7207.1989,7667.2704,11759.5149,4432.6005,7107.8629,9544.1257,6491.2191,7515.8346,13722.7417,0.0000,12117.0605,4696.8760,4729.6015,10013.0482,13739.9356,1027.8201,11790.2848,4921.7024,12764.2940,7257.9471,12089.3088,9216.0704,12484.4498,9339.9313,4393.7398,11892.0969,11968.9988,11893.9520,1518.4229,8840.4759,13398.2699,2710.3570,390620.7518,419885.0396,408339.6980,398385.3044,407401.0555,408232.6199,406139.1046,402816.4645,362312712.3507,362332896.1211,362300939.9072,362295078.1563,9161.4046,12517.6026,9146.5924,6535.3973,8141.1446,1417.3545,7118.7125,11554.9074,0.0000,12983.3637,2905.3838,9847.4253,3953.0432,11557.6502,6610.5503,13666.6058,2484.4758,13459.7081,12349.7533,13740.1956,12557.3236,11746.3328,10676.7647,5519.5134,13521.1165,6742.5096,7014.3759,6149.8449,9217.4865,12745.6009,6925.6856,388059.1646,417188.5627,405738.6387,395684.3480,404759.2878,405746.2193,403506.9111,400209.7204,362311352.0355,362331535.8930,362299579.2565,362293717.8579,6695.0083,4102.7018,3139.5087,13299.2633,9688.3726,12625.3556,11675.5866,0.0000,12911.6248,7747.2340,4603.1598,9013.2375,11658.0463,7212.2705,9235.7713,8615.7176,12030.9840,7884.9862,11419.1894,11981.2781,7305.2380,2548.5979,10582.3185,12129.0291,10471.9966,12205.4799,8463.9123,13221.0491,12445.1589,9804.7136,396680.0326,425848.8938,414364.4980,404332.9046,413404.6915,414342.7613,412179.0799,408851.4644,362318058.1981,362338242.2501,362306285.4803,362300424.1787,8932.1424,8690.2596,13179.9179,12993.9561,13787.6096,7532.4909,0.0000,9322.9525,12185.4469,8680.5463,10960.1298,7510.3711,11758.8351,4082.7767,12582.2600,7386.3029,8006.0638,6964.3325,10399.0218,2517.6764,4344.1017,13512.5675,8220.0882,10195.7855,11608.0260,12498.5893,13066.1522,7924.3322,12947.5314,400018.6733,429177.4272,417720.5084,407697.7544,416735.5692,417689.6942,415421.0136,412165.4401,362323538.6821,362343722.5668,362311765.9947,362305904.5389,5253.4321,12216.7204,9073.4387,10903.4853,13220.2883,0.0000,12465.4271,6832.6857,1035.5208,10551.7513,13222.4716,4288.6616,9837.3311,7567.8633,12253.2557,5676.7612,11317.2002,10085.3646,10087.8932,5713.1585,8374.8609,11675.6662,12260.1314,13098.9752,5697.8165,11589.3187,13129.8560,6926.5356,394814.0550,424057.1885,412522.3533,402548.1454,411582.4546,412436.0887,410341.7859,407007.7399,362316107.7424,362336291.6604,362304335.2255,362298473.6502,12262.4489,7283.1094,11423.0512,11763.1472,0.0000,13580.2618,5401.0415,6108.4577,6596.1487,11745.4690,6356.5452,11147.2021,6350.1028,13042.8795,9785.1930,12765.2620,12843.2240,8512.5444,5211.0408,9153.6264,13221.3330,8837.9754,10656.0909,7367.0831,12585.2055,12980.4916,8921.2396,393977.5166,423114.5581,411649.6709,401593.4653,410683.4153,411656.9007,409471.9572,406140.9323,362315521.8138,362335705.8786,362303749.0142,362297887.7920,7354.3437,2775.5700,9422.8298,0.0000,7611.1685,9108.3369,12235.3061,9297.0574,9469.6027,9895.5464,11908.3663,8186.4529,9390.9339,11546.0059,10007.3147,7843.3454,12821.6202,13641.7030,6246.7384,8979.3147,8820.9373,6281.9035,8775.9957,2221.3911,8781.2111,7514.7038,387658.1710,416865.4316,405388.8386,395419.4332,404401.6667,405303.8397,403014.1911,399803.3014,362313766.8127,362333950.2492,362301994.3253,362296132.3558,5980.0926,11948.5070,0.0000,12662.2088,2705.2615,9705.3894,5189.5751,11958.6186,6013.7748,13754.0028,1791.3024,13378.0533,11991.6670,13592.5272,11885.8268,12418.0988,11223.6603,4211.2294,13246.2615,7626.2753,7373.6177,5265.8048,8282.4303,12800.6072,5807.2605,387393.3385,416548.7813,405082.6944,395048.7686,404108.6810,405067.2256,402845.4306,399550.4290,362310818.9185,362331002.7159,362299046.2107,362293184.7054,11375.7240,0.0000,9291.9650,7451.9733,10993.8340,9406.5064,11416.1881,7895.8654,12733.9231,6470.6104,11001.0350,10932.3033,11228.2949,8096.8857,13688.0867,13425.8862,3751.8415,10288.5757,9912.1593,7877.7617,6568.8620,2816.3471,10781.9969,5150.4698,386805.3255,416040.2789,404537.2121,394580.0209,403565.9324,404436.9967,402209.9431,398967.8592,362311972.1227,362332155.6060,362300199.6780,362294337.7080,0.0000,6570.8375,12772.6607,13148.2948,9252.5305,65.0215,13788.5823,7431.5065,12562.0893,5399.4043,11993.1461,6866.6532,10325.1060,6112.1335,10395.2301,12957.4357,7143.4323,6468.7737,6511.4370,13698.7915,10214.3204,3290.4116,13469.4958,395553.0627,424653.9301,413253.0972,403209.4238,412233.7279,413251.9200,410846.3024,407661.1220,362321813.2674,362341996.9209,362310040.5112,362304178.9368,0.0000,0.0000,0.0000,0.0000,0.0000,0.0000,0.0000,0.0000,0.0000,0.0000,0.0000,0.0000,0.0000,0.0000,0.0000,0.0000,0.0000,0.0000,0.0000,0.0000,0.0000,0.0000,0.0000,0.0000,0.0000,0.0000,0.0000,0.0000,0.0000,0.0000,0.0000,0.0000,0.0000,0.0000,13249.5204,11992.3982,12642.5482,6628.2722,12664.2324,6278.2260,12852.0092,2510.9743,8936.1539,3192.3382,4746.1278,9702.2033,11876.5122,11421.6510,1917.2249,10977.1967,9638.1413,12319.1051,6922.3378,3553.9077,11328.0640,394665.3489,423896.9972,412412.6902,402473.6613,411422.6596,412293.4111,409985.7545,406807.2737,362321141.0804,362341324.4824,362309368.6880,362303506.6112,7596.6477,6170.7122,12777.6013,3928.0773,13238.9953,1133.9946,13709.9595,10680.6521,13602.5242,11861.4918,11964.9737,9663.6244,4552.5196,13454.2812,8927.1377,9302.9427,3768.9870,9526.7649,13506.9738,5149.2204,388961.9559,418136.6744,406650.4928,396625.5933,405689.4425,406623.6510,404453.1959,401132.3844,362311353.7133,362331537.5932,362299581.0318,362293719.5674,11196.5871,13153.2453,4800.2118,9252.1031,8243.4317,11775.6347,4719.2795,10722.9468,9436.8628,10052.0104,5798.9135,8672.5916,11095.0433,12685.0058,13402.5154,6099.8691,11451.4619,12825.5649,7086.1399,395315.4677,424573.3444,413030.5986,403069.3818,412092.3951,412929.6256,410839.5123,407511.4152,362316749.1154,362336932.9982,362304976.6432,362299115.0029,9237.1944,9442.3462,12780.8675,6128.8456,12539.6145,13311.9813,13151.0997,13523.3600,9493.6933,9847.8612,8852.0904,13190.5384,3417.9892,5240.0135,9331.4052,10733.3394,11329.0174,10064.1419,390240.1608,419305.1476,407902.7740,397805.7353,406901.9267,407959.7312,405641.4465,402366.0988,362314046.5002,362334230.4248,362302273.5693,362296412.3514,13801.6227,7442.0546,12571.4412,5443.6629,12013.5807,6904.1066,10373.2908,6073.2796,10373.5217,12984.6140,7190.9070,6449.9083,6522.4308,13717.1705,10265.2445,3344.8648,13496.5757,395583.7895,424683.6481,413283.3860,403238.8415,412263.8719,413283.1775,410877.1536,407691.6675,362321831.5701,362342015.2268,362310058.8108,362304197.2415,12132.1640,4330.0160,13200.3378,7876.7073,12592.8687,10026.7084,12353.4180,9079.5235,4592.2127,12460.5076,11618.7006,11746.5752,1555.3835,9400.7915,13705.8612,3306.1523,390549.6317,419797.1359,408260.8032,398291.4508,407320.2516,408170.4650,406072.3149,402742.8328,362312432.2774,362332616.0966,362300659.7825,362294798.1127,13377.2456,4387.6966,6442.7035,3303.8955,7325.1953,5761.1778,7340.8069,13163.3431,4712.5627,11669.9883,12028.6121,12572.1428,11288.2843,6042.7999,12426.2138,399478.6840,428697.6921,417209.4513,407242.8248,416230.1438,417116.5826,414858.9733,411632.7758,362323987.9929,362344171.6664,362312215.5029,362306353.7172,13489.1951,10923.9838,13465.5050,11525.0616,12304.7483,10378.6349,3726.5451,13200.4762,8710.1718,8725.5152,3752.4533,8686.8300,13212.5272,4748.3112,388198.6754,417376.9244,405891.4589,395871.4818,404927.9145,405859.4400,403677.6599,400366.9542,362311007.8729,362331191.7003,362299235.2104,362293373.6895,8807.6641,1822.9155,6226.0427,7788.2888,10579.2305,12661.6186,2030.0616,10684.7672,10015.1705,13124.5884,8955.2899,2455.6391,12461.7441,396805.2752,426012.7822,414543.2099,404582.6915,413548.6371,414447.0746,412125.4327,408942.2748,362322964.6771,362343148.1720,362311192.2092,362305330.2678,7318.6628,5913.0881,9931.1041,7555.6402,10012.2148,7639.1160,13722.9952,13778.3541,8494.8008,10214.9428,10564.1566,8378.2213,396743.3753,426045.7286,414486.9817,404572.6844,413545.2382,414334.0264,412219.3684,408937.3756,362319553.5391,362339737.2173,362307781.2305,362301919.2941,5315.0057,7945.6480,9948.6304,12514.0014,1500.3241,11686.5175,11173.5565,12636.5499,9230.0184,4216.4244,12000.7486,397476.2094,426712.2298,415220.3635,405277.5890,414236.7549,415103.0609,412822.6419,409625.5327,362323099.9557,362343283.4639,362311327.5493,362305465.5658,11535.7751,11540.3715,9302.2457,4361.1420,13023.8512,11783.4485,9684.4471,6078.2559,7872.4137,8460.4149,393709.0437,423015.3504,411470.9601,401578.9848,410511.3457,411296.8069,409103.9212,405884.3117,362318860.4647,362339043.8696,362307088.2350,362301226.0219,5297.3646,13630.8075,9039.0756,8331.9923,10101.5676,12961.7166,13131.9382,7520.4145,13459.9813,399125.6153,428236.8593,416813.0804,406756.9005,415814.2926,416821.2761,414502.9084,411256.3011,362323044.0373,362343227.9518,362311271.2332,362305409.8997,11987.3085,10899.1034,10496.2325,12274.7614,10192.9987,13522.1410,11091.1079,11218.1944,398560.6916,427725.3948,416250.1038,406219.4972,415282.4133,416227.0274,414030.8095,410724.6097,362320493.8958,362340677.9173,362308721.1805,362302859.8534,11901.9047,10524.5237,9494.7500,3107.2823,6040.6187,12723.2282,2193.2401,387272.9308,416514.3098,404993.8108,395028.7104,404038.6593,404900.5166,402741.3933,399451.9907,362310841.5297,362331025.1689,362299069.0563,362293207.2303,11730.1113,10820.2555,12326.2958,8082.6523,4196.5455,11480.8116,396214.9952,425461.2365,413964.3456,404032.5489,412981.2936,413835.6005,411555.0847,408364.8112,362322160.5390,362342343.9846,362310388.1711,362304526.1068,3155.0264,11417.9736,10437.3998,8992.3050,11725.6876,391391.6861,420439.9870,409059.5633,398961.3429,408042.5839,409119.4707,406735.2614,403500.4089,362316420.8485,362336604.6829,362304647.9111,362298786.6296,11162.7929,8182.7676,8235.4890,10957.0601,389508.1510,418589.4068,407194.1077,397127.4106,406177.6749,407219.5140,404830.7050,401618.7696,362315459.8671,362335643.5387,362303687.0430,362297825.5403,8294.7901,13524.5250,1958.9285,389278.7322,418530.1668,406994.4526,397030.5675,406051.2993,406898.5098,404788.4630,401469.6754,362311651.1467,362331834.9018,362299878.6729,362294016.9360,8931.8236,6735.5111,388349.7211,417600.0664,406094.0864,396157.9509,405118.7079,405971.1960,403722.8626,400507.9611,362314225.3998,362334408.7916,362302453.0243,362296590.9252,12928.9215,395797.4319,424960.2356,413522.2796,403530.2545,412514.1943,413462.8834,411092.5041,407918.9611,362322385.2196,362342568.7366,362310612.6427,362304750.8110,388661.6480,417933.6034,406389.8249,396446.8397,405445.7341,406270.9986,404152.6030,400852.4491,362311701.3143,362331884.9633,362299928.9133,362294067.0331,30368.4556,17974.8903,12126.3286,17428.9771,18212.2636,17014.5149,12493.0187,361959947.2441,361980124.0833,361948175.5117,361942307.8450,12913.0882,21681.5225,12940.8556,17525.7374,16303.8478,18128.0038,361934002.3184,361954178.8979,361922230.1784,361916362.6600,11947.3303,2864.2195,7490.3381,8451.1478,6322.3984,361943434.5638,361963611.2337,361931662.7012,361925795.0157,10387.9589,17118.7433,13630.0587,9096.3285,361952402.5457,361972579.6304,361940630.3054,361934763.2592,9583.5976,6960.9956,5396.0333,361945111.9400,361965288.6237,361933339.9761,361927472.3875,10387.9589,9060.9088,361943659.7296,361963836.1288,361931888.2837,361926020.0361,6058.5410,361948941.7294,361969118.1026,361937169.9485,361931301.9664,361949705.2388,361969881.8692,361937933.4186,361932065.6668,28159.0328,23353.5575,21975.2652,48692.2528,38465.5859,30317.2877,
82800.000,7993.2386,4148.4378,12716.1761,5213.7447,12553.2448,11478.3053,13150.1489,255.8808,13391.4026,9815.9042,11753.7411,13157.1560,6590.9950,11982.4043,13124.7655,13582.4338,8573.7112,13813.3554,10956.1585,230.3025,11222.5654,5991.4967,12668.7708,12849.4526,13079.1315,1025.1670,11506.8382,9507.7901,12331.7025,3405.0801,12294.5238,9772.3328,4235.4768,12737.7078,7070.5933,1099.3753,8471.5011,12761.6413,12506.6133,12082.0883,12836.5727,11998.3549,3109.5083,1713.6807,8440.4629,8951.7842,12285.5735,11673.8999,9334.4842,5859.8083,4353.2578,10003.5554,10699.6231,12551.6221,5730.5848,7695.3900,3919.2777,11077.6746,13097.7884,10183.2158,3191.4236,12249.0707,11578.0911,7107.4615,7954.9964,5749.1827,4905.6966,10988.5711,3800.1783,5392.1876,6634.5118,5071.2069,13270.7598,10853.4236,13796.8024,12674.0786,0.0000,12082.8029,8586.3338,6801.4058,8649.3831,12728.8932,6026.1895,8185.1995,9192.3047,11448.6590,8203.0467,10051.2840,12588.6010,8633.8105,2507.0995,10044.5053,10812.1041,11787.5327,13733.1615,7214.7366,13253.8704,11165.5434,7612.0310,388541.8816,414868.3732,401892.3636,393620.7940,402479.6358,403385.1835,404120.7469,401079.1133,362312792.6212,362333029.9881,362307522.8152,362290176.0199,8657.1297,13440.4998,5698.1999,11679.5592,12734.7128,11650.9363,8114.0614,12375.7627,10951.5824,5580.2179,12714.4369,2604.3132,7439.0841,10229.3841,12319.4604,9339.8457,11365.3724,11428.5084,8143.3748,7555.7022,12063.5078,9647.1169,11081.9535,11335.2084,8781.5152,7577.6228,13482.2661,9959.7026,9838.0796,13415.2339,5289.6372,5210.2631,9807.4294,8648.4048,7376.6644,13081.3462,11166.9316,6929.1999,8326.4589,13395.7913,10362.8100,7854.1636,6572.9055,13178.5574,12439.4410,9934.1304,8142.2384,1878.4016,8470.3457,10628.8739,9456.0958,13755.3920,11311.7786,3549.6293,12559.5216,6462.3041,13762.5152,13266.0648,3416.3714,10253.6064,13725.9534,7329.6658,11983.1162,11995.3602,11932.1329,11391.9732,13761.7304,6430.5304,5907.7052,11543.4078,11454.8083,10556.2482,13792.6085,10356.2177,7438.2934,0.0000,10617.9595,10785.7303,11236.6730,10254.2670,7528.7943,11788.4667,272.7186,13257.9010,8640.9125,9087.5521,3278.2278,10738.5471,1153.1387,9186.8929,13470.9157,4575.0633,11459.6559,12080.1226,12541.7681,12854.8210,8353.5666,12849.3081,390607.1213,417024.2401,403945.7283,395766.4849,404602.6006,405399.6655,406302.3929,403262.2667,362311889.0895,362332126.6855,362306619.5547,362289272.6836,11475.6513,8393.2072,10236.6657,12627.7700,11234.2721,4298.0099,11886.9211,6479.2799,12137.3834,11606.5046,8488.4593,10311.4495,11349.5533,12338.3337,11407.2258,12814.1088,12850.9533,4237.1611,9022.4293,6398.6779,10661.4466,10673.1350,11068.4896,4001.6116,9539.2401,8550.7589,9966.4349,2517.3575,11802.9484,11656.9539,7289.8459,13672.3606,3291.3798,5009.1131,7566.8933,10537.5661,11771.1321,13339.0246,12553.0659,13512.1578,1312.4867,4225.7672,7935.0151,10741.3644,9883.7638,9439.5038,9392.3769,1965.7344,6999.4640,12394.2177,9781.5632,13661.2457,5547.6588,6329.6380,7488.2792,11126.5516,12131.3457,9642.1123,3851.7315,11442.3313,9627.3681,5055.2871,10073.9227,5917.8923,5787.9657,10963.9752,7368.3717,3475.0565,4272.6680,6316.3975,13660.4258,10401.9772,13429.4257,11716.1397,0.0000,9492.3260,11161.8082,3900.1856,11376.7794,13002.7287,7861.2680,8833.2630,8371.3638,8929.3549,4536.6874,9510.1181,10275.4187,8784.7551,2323.1118,10678.2602,9906.5191,13280.6332,13448.4528,8360.7476,12766.8269,8601.5446,7349.6966,389930.4861,416197.2876,403253.4850,394942.4814,403804.9665,404801.7727,405552.2808,402464.8584,362313264.5487,362333502.1365,362307994.5474,362290648.0340,13374.7748,4678.8962,6957.3662,4424.0972,12641.3092,2985.1496,7415.9861,11453.0214,2159.6439,13737.4817,9421.0568,6442.4380,3241.2158,11636.8816,5169.5708,9259.7678,12638.9939,9508.3290,9167.1050,7189.7424,5484.3120,5014.2987,12249.3460,9149.3133,5469.3379,7091.4254,10975.1861,2283.2217,12773.9703,13747.6895,9005.1054,10490.7983,13045.7164,6599.1701,5365.1449,10032.1850,10553.5445,2984.4557,9411.9106,12088.2248,13186.4726,6781.3267,8693.4801,7179.4449,9090.6768,12842.3360,11009.8485,11154.7449,11095.8613,3905.3804,8035.2193,13202.9124,7367.4109,13489.0998,4596.4105,1293.6477,12191.9683,11067.2720,1728.2356,9730.3327,8181.4576,9513.0536,9316.6236,9947.5801,4532.3500,13498.7610,12468.3596,8735.6350,9970.1693,7534.0133,4063.9961,7152.5267,9572.5059,0.0000,6439.8046,10465.6909,8854.0933,11034.7779,10207.2785,9921.6227,13360.0938,5641.6011,8743.7332,9770.0298,12270.3178,6032.7757,13120.2172,11640.4840,6314.1938,11588.0120,8505.1640,4958.1664,8748.0689,3043.6929,9095.0136,7656.0540,401152.6563,427448.7962,414492.3203,406198.5888,415060.4288,416009.0202,416741.5744,413682.0637,362324134.2262,362344371.9158,362318864.3550,362301517.8005,13472.8014,10280.6216,13467.8761,5169.2167,13506.2479,12378.7000,8644.3513,13552.2641,3237.5247,11388.6029,12874.3488,13355.8204,5201.5384,12910.5295,8536.1530,5237.8470,11423.7708,9162.0289,12643.9194,13328.4762,13403.1657,5894.5767,11381.1536,11833.3060,12840.9926,8073.2611,12516.6644,5274.5422,1654.4137,9712.5276,10177.9049,4192.8759,11222.7876,13344.0012,10665.4983,8429.8022,12568.3431,8880.1543,7312.6247,4730.1089,11000.3310,8717.0388,12838.0503,11870.8523,7216.0888,9390.3006,6422.2172,6400.1664,12391.2495,10049.7289,6130.6480,10963.9419,1493.1652,11747.9792,13246.1110,8531.2964,7673.0205,12926.9319,11387.2276,10820.9152,7907.3048,9199.4713,8299.8656,11778.1294,1592.1791,7691.4461,10552.2940,8099.0534,10894.7213,12100.4268,11936.0208,11109.4021,0.0000,13069.3694,6602.4362,10700.8972,6037.3342,9789.9685,7896.7905,5796.5157,11493.6682,12086.3275,10972.5771,8443.7585,13180.7346,6708.3395,7381.0336,10734.0525,9437.2788,9343.9590,12434.4533,9094.5983,12703.9605,11880.2823,10415.1062,389544.2858,415968.0125,402914.7128,394723.4007,403567.9467,404336.8575,405135.5512,402138.2048,362313159.5702,362333396.8608,362307890.0776,362290542.9937,10447.5169,1607.8332,12572.4756,3001.8153,4701.1612,10158.0729,3034.9616,12792.4014,5962.8882,3237.2898,3849.1006,13362.8122,4828.3666,11950.1039,12558.1228,5648.6540,10755.3873,3385.8978,1374.8857,1545.4516,12313.8388,5441.7645,7928.6558,2773.2804,10801.0218,6635.5778,12628.9529,13414.4883,10162.2506,8044.8407,12910.8046,8561.1053,1109.6232,7695.3381,11139.0030,7057.6292,11312.4883,10961.3628,12507.7555,9060.4139,11755.6984,2834.0366,5109.6413,10699.3304,9032.2152,12611.2364,12846.3781,7158.7146,10367.5711,11245.0774,8535.8476,13627.8040,8611.6736,5098.3111,9624.0477,11441.9840,6206.2300,6011.9306,8489.9668,12227.3047,10668.3267,11231.3188,8504.5409,13601.6145,10328.0635,8657.4793,11465.1524,8722.2763,7821.7971,7020.8699,7041.9299,0.0000,1920.3311,12833.3013,8282.1362,13156.1609,9413.7653,11982.6300,11600.2913,8086.5227,4590.7724,6930.5147,9698.4197,1648.2575,11025.5740,11306.1885,9928.8408,8748.8235,11142.0758,6809.0811,11201.1298,6213.9042,5007.5287,9674.3634,399802.4862,426083.0179,413115.1243,404822.6068,413679.2097,414664.1824,415471.0823,412373.4596,362321171.9003,362341409.7996,362315901.9557,362298555.5817,9833.4544,11305.3045,8439.9653,12036.6423,10758.3969,8213.5207,11856.1328,12286.5745,10656.1738,7947.0244,6265.7574,8380.8129,2918.2923,11340.1257,12835.7991,8574.9764,11381.2611,10717.5708,10268.5791,11121.5742,12361.0647,7525.5519,11745.0959,11305.4649,4800.4207,9756.2768,11375.8034,6228.3366,13222.1946,11365.1203,8103.8558,10704.5893,11421.0015,7562.0396,4361.6607,4760.9986,12588.9557,12168.5251,7590.3264,3796.2934,11834.6113,12702.1952,12776.5179,13090.9553,8504.2516,5674.2322,6672.4052,3798.1365,13325.1403,9183.2966,10625.3540,4126.2784,6381.8498,12913.3113,10634.6887,5738.6874,12798.0679,10339.7053,4944.0187,9027.5682,9012.9854,4377.2590,10705.5427,13545.3155,10851.0885,8584.9568,6174.8703,5506.0881,8190.9255,11427.8482,0.0000,11584.7707,4756.7822,11349.6756,5359.4042,9595.1925,7328.1499,12651.7588,7332.8004,12728.3717,13147.8346,12978.2665,11140.2287,12955.3115,11648.3025,3943.9244,12876.8948,2839.7551,6014.2244,6665.3217,5366.6139,12931.3170,7937.0057,398916.7040,425306.0473,412299.5938,404070.7078,412925.5749,413725.4775,414431.5908,411447.6550,362323403.3463,362343640.6636,362318133.8003,362300786.7737,13155.8288,1864.2414,6175.5050,9372.0736,2363.1305,12763.8561,5721.6772,2329.8878,2538.8539,12944.4989,3289.8687,11264.1421,13150.0508,5928.6289,11412.0229,3058.8317,1302.3688,642.3276,12959.2415,5484.4765,8553.4506,3104.3161,11700.3703,6201.3999,12044.7891,13579.9438,9016.0683,9205.7205,13393.3388,9292.2076,1331.0569,6929.8877,10129.4981,6354.2627,10347.9238,11828.2653,13064.3600,9684.3089,11617.2125,3226.1417,5339.6473,10556.4989,10127.1773,12997.1085,12206.1975,7542.6032,9335.6103,11696.5986,9447.3232,13783.3132,8514.3628,4428.8779,9463.6740,12223.9974,6014.8085,6066.1360,9565.5526,12194.5131,11391.8410,11881.2566,8455.8436,13772.9023,11103.9773,9774.7744,12035.8262,7446.1052,7969.7270,5599.1616,6271.8293,0.0000,2924.6686,12508.5397,9476.7448,12777.7195,8354.4103,12335.3927,11537.9834,8685.9917,5118.3813,8164.5179,9567.4545,2014.5844,10994.2764,12150.9837,9905.8240,8556.7128,10289.2911,5483.8021,11555.1264,5217.8203,5588.9854,10327.2053,400658.7282,426965.2873,413977.8983,405705.3284,414558.8262,415507.8048,416327.7853,413242.8111,362321887.7429,362342125.6258,362316617.8838,362299271.4338,13361.5105,9882.9943,11786.9555,13118.6928,6664.6826,12072.7638,13158.6016,13543.5546,8407.8547,13788.7330,10784.9939,74.3500,11335.1434,5825.2176,12725.1228,12879.9796,13097.0063,900.5837,11604.7409,9390.4591,12396.6668,3409.6874,12180.1179,9752.4903,4261.7543,12658.3900,7220.7681,1106.1788,8353.8806,12791.4244,12565.1489,12021.8552,12720.6626,11878.0351,3300.7103,1923.9263,8301.7074,8734.5067,12353.0303,11776.4235,9451.4606,6019.0355,4105.5019,9859.8791,10583.3183,12427.4903,5926.4315,7608.5644,3860.5672,10920.9240,13018.2019,10302.6818,3092.1688,12142.6667,11685.9623,7067.6205,7726.2383,5599.3661,4730.1079,10834.0408,3747.2176,5608.3008,6620.1041,4873.6098,13199.0081,10715.8588,13768.3104,12732.8335,0.0000,12139.8045,8382.9299,6820.3603,8459.3022,12730.0329,5796.3360,8301.3596,9069.5315,11551.7293,8336.0649,10174.1007,12632.4578,8763.3729,2557.7778,9859.5416,10927.0740,11637.6228,13658.6584,7005.8694,13163.4013,11277.6771,7465.0219,388639.8590,414967.2948,401991.7837,393720.3704,402579.4208,403482.6837,404214.3718,401174.9151,362312970.0681,362333207.4243,362307700.2668,362290353.4615,7229.9297,9747.5646,933.1813,13182.5731,7116.0053,3721.7783,941.8192,12277.3636,2730.0576,10139.1931,13361.2974,7504.9978,11044.6992,4684.4214,3147.7761,2487.4704,13125.5825,6998.6017,7884.8431,4889.6578,11972.2828,4615.4743,12027.6014,13812.0779,8252.0021,10271.4847,13608.2850,8800.9662,3146.4613,7755.0403,9673.6156,4651.3083,9392.0595,12436.4964,13484.4215,9077.0110,10562.5393,5012.1708,6969.5356,11407.8305,11036.1687,12631.3506,11452.8725,6589.6893,8160.0999,12564.5282,9237.2106,13842.1006,7177.2025,2689.0483,10479.3940,12295.2985,4558.5072,7580.7686,9658.0519,11291.5281,11114.4418,11618.1337,7151.3374,13847.8292,12066.9504,10005.4215,11688.1771,6557.5351,6803.5547,5175.2651,7187.7275,0.0000,4644.5519,11637.3608,9876.0007,11978.9282,8435.2805,11753.4478,12256.2668,8018.5780,6805.8078,9353.0028,10588.9857,3835.8050,11845.4855,12477.6798,8710.1655,9678.1793,9100.6868,4111.2184,10840.4686,3488.1871,7248.4701,9811.6837,401472.0602,427788.7287,414802.1541,406532.3176,415387.2812,416317.2744,417112.6359,414043.4399,362323245.4736,362343483.2821,362317975.6555,362300629.1298,11767.2167,6913.6957,11842.8755,7508.6462,6935.7146,8010.5585,13628.0429,8940.8105,13296.2776,9844.8569,6098.4515,8608.9725,6306.8431,5487.9754,5984.6693,9501.7975,6530.3838,7086.5819,5157.7655,7434.2219,8907.3381,13293.6685,11818.1809,12709.5696,4072.7250,10462.5199,7018.4811,5264.9533,9814.1418,13169.2002,9731.0301,13328.4886,7520.2544,9845.7899,7727.6295,11838.6120,5069.1278,6026.4813,10520.9869,5096.3876,10772.9529,13779.4099,7423.4532,12756.7983,9116.1232,6215.5477,12064.3468,9586.8971,8289.6794,9773.9725,8445.8261,8228.4426,6887.8686,5371.4830,11868.2096,8290.7499,8889.1861,9391.8558,11992.8651,7306.8595,5189.5856,9349.5025,11788.9876,8451.2132,10596.4256,9342.8828,0.0000,4087.1456,13037.8298,4481.6391,13411.7956,11807.4210,10508.8553,10983.2857,7192.3279,5079.2862,2985.9371,9749.4122,5085.9008,10453.7609,7989.5650,10283.8693,9235.7610,13017.6910,10416.9623,10004.6548,9512.8286,5050.2298,7979.8629,395818.6894,422051.7430,409121.8161,400792.0853,409654.8653,410703.3894,411477.4523,408360.1928,362317848.8079,362338086.6617,362312578.7070,362295232.4278,10378.0117,6776.4762,5858.5774,7635.3858,9343.4581,9169.6034,7722.1267,9556.5333,11823.2134,7272.3599,13665.8985,7640.0760,9190.8917,9152.6572,12234.6829,6657.3967,13585.0828,8608.7739,12864.9784,11352.1046,4435.9891,9134.2007,5665.1231,11365.3364,11211.9378,13715.7475,9382.0919,3313.5141,4378.5415,10876.0384,7258.7444,11707.7856,10856.4230,13747.0333,12157.2797,8664.8272,7446.9532,4386.5193,11639.1472,12705.8111,8115.7673,13129.0330,7988.4148,8454.3392,13692.7445,9823.5209,12578.0478,10796.7483,4254.8925,13100.9240,11961.7351,6599.9687,13599.8894,12264.6812,13703.9425,13391.9263,12655.1448,9860.0820,10069.6770,13462.1743,13320.3832,6259.3385,12908.5400,5863.7695,4045.5987,0.0000,9614.6897,10545.1977,13240.5915,10005.9417,2197.7542,13149.3804,5317.8899,13427.0790,8288.5474,11196.9689,4413.2432,9136.2063,5198.2408,12569.6499,12804.1973,4374.6528,8860.7198,8330.4097,13406.4726,9867.5084,8325.3189,13792.6705,395789.9653,422244.1139,409136.3873,400988.6083,409818.9678,410561.2477,411486.7579,408465.5498,362316396.6436,362336634.3004,362311127.2517,362293780.3054,13402.8559,7728.2831,4450.8154,1623.9514,12273.0354,3582.4587,10105.7460,13115.8224,7942.8897,10452.2986,5287.9398,3557.7667,2991.6448,12824.8032,7513.1638,7094.4022,5302.6811,11563.3415,4049.5094,12405.1397,13838.8477,8702.3816,10097.0611,13432.6198,8059.8935,3485.8045,8487.9962,10147.2426,4294.3817,9635.2292,12211.4726,13357.8491,8348.0877,10162.7376,5409.5362,7435.3564,11852.2914,10822.7353,12232.5008,11558.9849,5766.1662,8360.8487,12691.2671,8543.6641,13798.2602,6535.6073,2184.6629,10984.4941,11858.9470,3817.4948,8101.6960,9034.2421,10899.2401,10526.3826,11090.5680,6487.4189,13801.4306,12053.1403,9434.0317,11169.3807,7062.9146,6047.6270,5937.9225,7936.2612,0.0000,4833.4243,11470.7136,9349.1147,11885.4510,9123.1481,11260.0902,12610.9137,7251.8047,7163.6332,9201.0395,11081.3756,4197.6126,12230.9465,12130.5934,8122.6842,10227.4826,9159.9348,4521.9682,10267.1872,3428.8805,7580.4997,9126.2458,401352.6408,427657.0270,414683.2857,406401.8575,415259.4463,416204.2586,416980.5896,413910.1327,362323444.6228,362343682.4113,362318174.7678,362300828.2590,9419.8502,11675.4873,13068.5412,7494.7404,12292.8213,10238.0236,6711.7654,9513.3123,11002.3445,11251.0305,12383.2620,12556.8131,7435.4314,9505.3955,13063.3371,11526.8208,9093.2307,13319.2525,4539.7191,2922.8161,9732.1272,9405.1425,5730.1918,12547.0327,12439.9703,8706.1582,8174.0548,13313.0371,9677.9278,7455.7385,5341.2003,12504.6482,11032.3252,11511.2741,10051.5811,4313.1569,8887.8075,8936.1397,8010.8359,13477.9995,10824.3761,4198.0792,12112.7390,4134.5824,13177.4642,13565.5460,5815.6928,9183.4711,13694.4445,9368.0406,11691.0523,10419.9332,10932.5774,10206.8123,13193.1026,4125.6007,6484.6369,11297.3912,10164.7169,10782.1695,13363.9916,11200.9502,9223.6666,0.0000,12005.7319,9068.9850,11180.8748,8467.9741,8465.5341,10294.4249,2720.5111,12780.7557,10431.1802,10072.4160,5704.1765,12123.4756,3720.4999,8350.5992,12551.3663,6891.8572,10605.4776,12448.8369,11276.4985,13055.8068,10170.5497,12042.2354,389658.1322,416086.7073,403012.2930,394834.5177,403673.1804,404446.7358,405310.1530,402291.9933,362311947.2484,362332184.6953,362306677.7562,362289330.7642,3655.8500,7255.5051,12622.6538,6215.1753,12405.1420,12074.1267,1886.0124,13004.7864,2801.6651,4840.3487,5187.6697,12240.3274,1070.8356,11926.9781,3455.2107,11669.3808,10483.1319,9388.4642,11200.7897,9090.4109,8080.5058,11942.4873,12128.8622,5020.6910,2921.8371,8986.6288,10448.4723,10783.6963,10477.6627,11160.0288,12496.0812,13498.2600,3460.9985,1782.7167,5872.0424,8975.8909,13448.9046,11956.8746,11513.1843,10657.2795,8197.6802,11800.5384,11959.7122,12187.7154,9242.8729,4386.6699,12424.1620,10573.7508,1112.7541,11350.7588,13667.5136,12870.4486,12958.4422,12154.0201,11932.2917,8422.1576,11146.2795,13148.2570,8389.8391,11853.6673,6379.6660,2417.6662,0.0000,4674.0199,13159.2288,10613.9785,13023.1508,6117.9559,13618.6342,7296.2549,11909.9230,2779.6836,7326.7611,4506.9641,4444.9803,6457.9022,11648.8674,12936.4958,3238.6331,11612.8631,8455.0914,13493.3223,9267.7824,2924.7129,12721.0086,396916.5024,423270.8959,410227.9686,402006.0796,410846.6663,411738.1130,412650.5925,409565.0771,362316888.5665,362337126.4818,362311618.8422,362294272.3066,3928.3493,12810.7586,3281.5223,11532.3726,13158.0516,4357.8614,12430.7600,1252.8106,1920.9425,1878.9759,13115.3277,3698.5360,10204.6550,2252.8574,12155.7697,7841.6425,10884.5409,12950.3397,8440.0370,9168.9278,13228.8629,10771.2628,2191.3128,4825.2774,9197.2032,7785.1983,10120.9320,11772.1444,12746.1043,11136.4393,12468.8799,2399.2498,3742.0562,8893.0299,10123.6411,13519.5744,11959.6259,9353.1902,9406.8155,10724.0002,10776.5938,13361.9478,10061.0463,6201.5342,7642.0510,12753.9140,7869.8085,4231.4895,10701.4015,12939.4181,12383.5073,12707.3581,10030.4466,13351.4977,10500.5881,10759.6001,12855.7237,7061.3827,9682.2656,4768.3511,4106.7741,0.0000,3113.8933,12799.0441,10366.8416,12885.4995,6801.0989,13156.9020,10087.4656,10274.0025,3940.2656,8172.8521,7769.0902,2096.3027,9446.6994,12424.0708,11239.6729,6628.0884,10509.0705,5945.3681,12619.2017,6453.4103,4427.9156,11635.6215,399863.7237,426197.6279,413180.6001,404935.2274,413782.2311,414697.7347,415563.4300,412480.5188,362320403.9624,362340641.8746,362315134.1844,362297787.6886,11861.2603,2057.3121,9571.9168,13548.4358,7852.8287,11309.0792,5012.9105,3786.4271,3096.9638,13344.1578,7267.2881,8258.7400,5424.0091,12356.2826,4452.6054,11599.9451,13765.5685,7487.4662,10853.2717,13731.8870,9190.3010,3835.4260,7529.5857,9006.3658,4246.3360,8683.8654,12807.5001,13663.6047,9393.4228,10338.8207,5555.9699,7333.7012,11340.0170,11564.0960,12694.1720,10916.6100,6894.7597,7408.9829,12749.0229,9706.8896,13774.5518,7113.6635,2554.0027,10455.9061,12604.0567,4624.7185,7834.4824,10199.7721,11119.0521,11416.5807,11861.7293,7124.0206,13789.9570,12425.8498,10557.2633,11882.5245,5730.7551,6936.2371,4433.3659,7009.2934,0.0000,5353.5435,11275.3564,10470.4891,11582.7221,7880.1387,11814.0170,12185.4613,8364.7011,7287.4202,9991.4394,10576.3956,4469.1134,11818.3124,12823.9725,8626.1970,9684.1030,8443.3293,3210.4111,10927.0449,2861.6965,7728.3837,10115.5607,401728.0922,428061.2877,415063.3659,406805.8078,415659.0347,416565.2161,417365.0897,414305.4567,362323519.0078,362343756.7893,362318249.2453,362300902.6605,11532.8654,3854.7015,8472.8283,13126.3869,9148.3429,13083.7180,13309.7405,13108.2865,8687.8218,12789.0170,10789.2046,13507.8115,10297.1262,10046.6309,5762.8212,6741.4901,6978.8499,12888.3666,7910.0995,10608.6829,13336.5980,11304.8573,6394.9973,9789.4968,5102.9227,10721.7405,8896.1893,10117.5524,5425.1243,13558.0904,13320.5958,10131.6981,12328.2707,6709.8012,1983.3229,10823.6356,6284.4548,10406.0935,11033.2775,5885.2150,9100.2430,11202.1965,11030.9743,9486.2137,10780.2320,12989.2209,11602.8750,5112.1707,9480.6720,8771.3819,9239.1164,6017.0991,11532.8759,11720.1003,8281.0232,8342.1641,10032.2108,10371.5926,11678.0047,0.0000,13666.0205,2337.2584,12131.1066,1335.7701,9188.6883,7058.2970,9305.3272,10449.9045,13557.2621,13331.8077,11035.6104,13444.4490,10051.8026,10068.5331,7995.7360,11584.2012,5058.5528,9972.7018,7772.3061,10211.5684,13548.8846,9812.6150,393487.6258,419934.2376,406879.3287,398700.0142,407545.2713,408266.4760,409019.7081,406057.8064,362317884.9372,362338122.1175,362312615.5565,362295268.3207,9436.4463,13800.7420,7260.9608,12342.7920,4479.1174,4160.6765,3546.3354,13722.5213,6515.2829,9805.8448,5343.0899,13036.1744,5925.5833,10432.0404,13383.8873,6284.4877,11278.1278,13817.5049,10610.4078,4332.0080,5900.8207,7668.7757,5435.0016,7936.3958,13124.1636,13677.7684,10773.3677,10973.7471,5488.6052,6762.8257,10211.2758,11992.0963,13247.5693,10371.5945,8558.8480,6874.5585,12315.7664,11037.0120,13528.7649,8453.6627,4318.5602,9278.4174,13301.5279,6338.7689,7019.5432,11410.9005,11697.7637,12446.8921,12742.0408,8501.6148,13551.9710,12365.4768,11666.2704,12733.6546,4515.4370,8483.9374,2555.4642,5424.0300,0.0000,5767.0268,11341.3989,11522.7714,11469.8387,6112.9199,12595.0732,11196.7025,9855.2341,7007.0682,10458.2425,9425.3373,4735.3343,10809.3350,13357.4957,9755.5336,8482.7231,8169.1017,2825.4134,11911.3867,3837.6215,7446.5062,11382.2790,401487.6724,427852.7911,414824.4980,406595.9691,415443.0426,416307.8722,417146.2554,414094.3729,362322731.2889,362342969.0805,362317461.6257,362300114.9697,10835.3195,13119.8422,9530.6889,12142.9308,11968.1282,11583.3837,10820.7194,12623.9033,9597.3195,12661.7403,11653.4615,7336.0263,7635.7975,9895.9794,5205.1716,13725.7331,10570.0974,9885.8627,11998.7349,11042.5214,5876.2478,6802.2275,2993.4380,12517.5436,11439.5782,9362.9495,4437.6241,12745.4718,13105.8625,11663.8906,13455.5994,8345.9670,2930.9113,9049.3333,3252.2403,12537.5128,10720.9736,9149.3487,6753.5706,8594.9731,12094.9643,10914.2454,8283.1789,12960.7474,11650.3863,5086.2524,9957.3823,9624.7499,6970.7559,9257.3711,13275.3142,11999.5884,9135.6758,6071.2560,8003.4119,8479.6325,11247.0471,0.0000,12742.5462,3161.4397,12450.5131,3255.7072,8678.4441,7755.9041,11336.9734,9336.2396,13306.0865,13828.6715,12153.6268,12298.4889,11823.9690,11743.4414,6125.8731,12287.5574,1597.3228,7221.5539,7686.6122,7344.5096,13443.4196,9442.0330,397255.7592,423689.3206,410647.0410,402455.6060,411303.5274,412041.0699,412777.9001,409813.5328,362321578.7430,362341815.9874,362316309.3365,362298962.1585,11325.6803,5808.3995,12720.4383,12870.3436,13090.2085,856.5793,11600.1073,9373.6400,12384.6277,3350.1907,12188.3347,9809.6331,4321.7374,12702.4315,7173.6033,1166.5407,8332.2982,12780.5547,12583.7203,12071.6847,12734.8249,11928.4739,3243.9720,1929.8931,8285.7089,8768.4668,12340.2873,11766.9757,9475.2827,5966.9481,4130.7937,9921.2818,10573.8192,12470.5931,5927.7493,7576.5464,3931.7053,10929.8994,13022.7168,10318.9077,3048.4283,12144.0015,11681.5373,7024.2608,7762.5315,5576.0065,4713.9693,10841.2467,3817.8543,5578.7804,6571.5167,4867.1150,13234.1381,10714.8780,13792.6161,12747.7684,0.0000,12122.1289,8438.0586,6768.8981,8519.5528,12765.7186,5811.4462,8331.3311,9054.1642,11536.5506,8293.0419,10189.8760,12620.5548,8786.0878,2491.5908,9873.7178,10938.8958,11684.1385,13680.4878,7012.9950,13177.9241,11261.2920,7447.8595,388632.1459,414958.1958,401983.6427,393711.1835,402570.3871,403475.6597,404206.9509,401166.6915,362312960.1951,362333197.5537,362307690.3892,362290343.5889,12308.4653,3185.9400,4814.5882,5356.2050,11441.5777,897.2378,11365.4108,3072.2941,10602.1622,10740.3532,10281.5318,10998.3168,10404.9644,6477.6059,11322.4641,11442.0878,4906.7499,4691.6450,10300.7480,10917.2466,11855.9400,9324.9438,10412.8153,11897.1333,13613.4833,2997.3722,717.3240,6239.9394,7494.3407,13004.1826,12719.6596,11172.6209,11702.8341,7476.0981,10922.1495,11774.1435,12222.6196,9585.5352,4860.1540,11513.3259,10649.5963,873.7854,10271.0184,13682.1376,12100.1445,12244.0451,12148.4202,11725.1952,7213.7534,9981.6078,12519.8622,9707.6323,11689.7365,7838.3189,4257.9383,0.0000,3972.7293,13511.2922,9348.3215,13453.1479,7731.3479,13226.4677,7475.4441,11361.8098,1336.4770,5646.5965,4906.5128,4217.6996,6591.4761,10610.0514,12918.9705,3880.9664,12482.5081,9480.5967,13112.6218,9915.3988,1206.2032,12071.5081,395957.0685,422280.7206,409261.1687,401014.9308,409859.5329,410794.2616,411690.3453,408589.7623,362316117.6542,362336355.5887,362310847.8278,362293501.3828,12370.3966,11573.0217,11607.3030,5048.7791,12436.6097,4364.0757,11889.0385,4110.8552,8512.8561,12334.9554,9094.0347,12426.0558,8356.3002,6681.9684,3208.9145,11407.0092,13729.4765,12768.9654,9383.4193,11416.3962,6674.3733,7437.4660,2913.3101,5779.7467,11876.3571,12440.6692,12769.1689,7634.5485,3513.2882,10285.3154,5876.6078,11189.4255,10275.5513,3055.5248,8276.0444,6515.1921,9830.8788,13084.9442,3227.1982,8199.9594,12773.9240,3727.7185,5214.3276,574.1965,1161.9396,6354.9471,8245.3910,9186.4177,4069.5861,1333.3210,12365.8280,6045.5164,13079.7223,13644.3973,0.0000,11164.0144,7654.7003,4929.3341,8380.9695,13691.3552,2599.7365,12158.4286,4025.0286,11955.9168,8887.0558,13026.2872,11567.0605,12400.4545,4850.2122,5446.3687,13246.5294,10287.7531,11721.1343,2381.4010,10386.1267,11887.5225,1904.7087,392949.6500,419222.7292,406303.7411,397983.3760,406853.1021,407817.5507,408464.9091,405422.4631,362318230.8060,362338468.1637,362312960.8662,362295614.1694,2115.0903,2469.3187,12702.6677,2615.0092,10410.6888,1302.7732,11693.9393,8637.0989,10911.4121,12567.3076,9160.0101,8284.9893,12798.7131,10848.8869,2331.1892,4693.3329,9684.9250,8691.5036,10790.0004,11098.8275,12189.9511,11267.3286,12882.6275,1420.6312,2535.1170,8293.5121,9305.9211,13446.2520,12365.2871,9750.7365,10215.6532,9935.8967,10686.7024,13076.0058,10660.3158,7107.1305,6967.8306,12405.4600,8581.9761,3155.0464,10430.5553,13243.7552,12268.3775,12573.5563,10608.4150,13053.0882,9624.8498,10395.8167,12772.9016,7951.4086,10183.8373,5731.0287,3971.1620,0.0000,2516.4098,13152.2194,9914.6385,13214.3507,7159.8335,13223.1339,9521.6964,10471.6992,2717.7649,7260.5623,7077.9654,1836.9173,8800.8847,11918.6860,11733.0315,5915.0656,11226.9737,7044.1365,12775.9335,7468.2511,3211.6950,11692.8878,398912.1276,425237.1249,412223.1844,403973.3057,412820.1562,413749.8875,414623.6860,411531.9267,362319289.9518,362339527.8883,362314020.1406,362296673.6849,717.8957,12713.4765,4460.8557,9007.1049,1848.2215,11404.3604,7259.2355,12026.7783,13297.4763,9606.0228,8382.2387,13109.7659,9602.1805,278.8407,6525.4322,10487.4979,7480.1150,10996.0300,11286.6127,12640.9853,10057.6909,12237.4188,1961.5328,4202.4075,9933.9004,9400.4697,13122.6525,12658.9051,8210.4398,10141.2110,10985.6617,9562.0221,13615.6622,9377.1445,5613.1228,8751.5177,12059.7544,7017.6786,5032.0701,9466.0109,12702.9163,11492.2431,11957.7237,9300.2793,13593.5618,10320.2831,9568.3001,12166.8349,8171.7051,8746.6418,6181.9911,5833.1962,0.0000,1746.4625,13003.9593,9157.6684,13226.8674,8441.3510,12621.2748,10978.8524,9129.2718,3902.6012,7273.6025,8845.1905,723.4350,10350.4584,11806.1280,10648.3563,7794.5047,11063.7759,6533.3823,11947.0174,6392.2519,4384.5928,10619.4691,399850.8083,426150.6669,413163.1563,404888.7208,413741.2996,414702.3231,415537.0218,412442.2971,362320777.9281,362341015.8499,362315508.0423,362298161.6359,12925.6109,4922.7325,8904.7098,2489.6370,11670.4357,6765.3475,11959.0343,13458.5703,9191.0341,8913.5254,13316.4632,9576.7945,836.9001,6575.7652,10191.3935,6920.2216,10589.5654,11656.9893,12918.4752,9992.4642,11968.3230,2615.1226,4747.9606,10191.1255,9880.8820,13138.6262,12386.2599,7984.7582,9658.9627,11372.7060,9644.1889,13726.1690,9009.2150,5038.9023,9043.2456,12253.4423,6578.2463,5499.3930,9662.5884,12496.4734,11561.4067,12028.7033,8946.4622,13711.3663,10784.8005,9817.9236,12203.9933,7677.4872,8446.2114,5708.8531,5893.8757,0.0000,2439.1550,12761.4215,9465.9892,12996.0048,8242.1376,12562.9181,11222.5468,9028.8538,4533.4536,7843.4101,9146.1723,1433.5827,10634.9001,12087.2098,10342.0557,8101.5737,10623.5513,5903.2769,11842.2664,5770.7694,5015.9203,10594.3001,400338.5626,426644.9097,413654.6800,405383.8527,414236.3743,415187.2677,416017.6976,412928.8316,362321368.4831,362341606.3870,362316098.6206,362298752.1856,11722.2246,8718.0162,12311.0895,2664.6550,11808.4285,10338.5557,5097.5314,12857.9513,7027.9006,1989.2395,7629.8412,12607.6226,12851.7514,12363.0357,12418.1730,12050.2615,3227.5952,2675.9794,7587.6985,8444.4057,12266.8996,11847.9258,10020.4930,5816.4263,3702.3527,10135.1984,9995.4106,12484.5311,6497.1943,6851.7821,4611.5288,10449.2340,12696.2556,10772.1464,2209.1696,11708.0373,11839.1756,6319.4416,7449.8971,4789.7030,3948.4819,10346.5316,4510.0501,5870.9593,5891.8862,4154.7557,13297.1699,10173.0906,13850.9399,12971.2715,0.0000,11960.3865,8421.2802,6159.5375,8605.4363,13062.4915,5264.0646,8960.3006,8400.5219,11554.3981,8122.8215,10649.7023,12480.6014,9365.1377,1935.0802,9385.5883,11319.1185,11673.0812,13570.7362,6406.6473,12936.1371,11296.5524,6720.9730,389005.2431,415318.2861,402355.8375,394072.1149,402933.5807,403855.1100,404571.4386,401528.1399,362313507.6136,362333744.9742,362308237.7705,362290891.0003,11357.7118,2855.6293,10973.3145,10327.6744,9872.8915,11082.1752,9676.6314,7142.7960,11555.1753,11512.4141,4594.9598,3910.2224,9627.8070,10417.6729,11226.1077,9799.4006,10726.8011,11929.2802,13358.6548,2822.0367,793.4966,6161.9554,8108.7479,13067.1240,12260.8671,11042.0577,11047.7538,7854.3181,11098.9257,11823.3506,11934.1560,9117.9737,4739.9989,11802.7613,10310.7931,590.1253,10563.9498,13490.1156,12267.3561,12402.4998,11877.1784,11785.1926,7780.2705,10331.6104,12637.2844,8936.8558,11482.8566,6995.5924,3420.0164,0.0000,3947.8402,13199.8544,9753.8567,13124.4603,6962.0692,13228.8067,7468.8630,11352.4036,1753.3214,6324.4654,4821.0115,3949.5934,6618.0371,10991.3155,12678.6227,3676.5299,11907.8333,8764.6243,13081.8276,9334.2168,1862.4224,12144.0408,396561.0017,422896.7846,409869.1254,401631.6493,410475.0958,411392.3573,412291.0586,409197.7053,362316709.6981,362336947.6202,362311439.9127,362294093.4285,9889.1465,7137.6897,5251.5930,13438.2411,11948.1486,11613.1538,8930.0907,10129.2278,1314.3000,8806.8778,12859.6042,12601.4395,6396.6815,11069.7542,9235.2894,10554.4865,1532.6261,6551.9529,9904.7393,11242.9498,13594.7738,8864.1339,7343.6017,11205.0999,1774.2060,10205.6400,12135.6581,2565.5482,11356.8494,3850.2888,6405.0666,13423.6704,6933.9747,4534.8045,11838.3058,3998.7729,6857.9131,4506.9480,5411.9644,3583.7504,11341.6826,10897.9705,4805.3470,5519.9952,10894.7540,2580.0549,11208.6899,12565.3336,0.0000,8947.0516,9107.9846,5411.9551,9923.5819,13025.0653,5881.5428,13506.1861,392.2491,10661.6117,8795.8974,13420.4725,9188.2950,13493.5901,8029.4499,4162.5871,13200.1592,9756.7698,9282.4946,4535.0428,7459.4861,10770.6446,2522.1385,397080.6958,423334.1463,410425.0363,402091.6956,410962.5807,411957.6422,412612.8590,409554.4501,362321694.9919,362341932.5038,362316424.9940,362299078.4332,11072.4678,8716.2454,11620.4807,12636.3584,10107.8468,7402.2919,12566.7632,10273.1525,1928.7008,5766.1536,10632.8977,8948.3514,11567.1800,10528.9346,11908.7682,10764.9273,12960.9401,149.8000,2440.6773,8733.3326,8507.6610,13215.7141,12952.8994,9360.2996,10962.9307,9780.9585,9998.8354,13129.6042,10590.1586,7243.9975,7444.7448,11874.2374,8496.6662,3387.3977,9633.4131,13271.5715,11741.3455,12116.2664,10505.5189,13094.4570,9143.3139,9572.0870,12374.1588,8911.7203,9944.6204,6841.1222,5082.8901,0.0000,1337.2871,13443.7021,9030.9951,13571.8421,8274.4884,12979.3942,9866.4501,9973.0836,2100.1475,6276.9833,7524.3992,1196.7034,9128.5315,11353.9787,11658.1004,6439.6348,11848.7900,7792.4965,12500.1089,7884.6939,2606.1681,11185.1929,398494.1137,424795.6767,411800.0279,403531.5040,412381.4858,413343.5488,414203.0894,411100.6924,362319022.2571,362339260.2096,362313752.3696,362296405.9827,10914.9144,11792.4950,7280.9119,13398.7946,5357.8577,4440.2855,5978.0783,11252.6230,12804.0751,13232.6137,11720.3952,12837.6955,2768.1808,4464.3945,6177.4441,8898.4221,11015.0249,10929.8684,10711.0765,4230.3202,4867.0202,11492.1213,8575.3361,12932.0151,7173.6476,4864.2572,6987.0329,9693.3428,11650.3312,11094.6826,1410.8360,10572.8598,11154.9590,3957.7391,8139.7581,3626.3578,3388.4610,9530.8796,6889.1524,5644.7952,3393.0781,3945.6494,13453.5835,9057.9961,13648.7432,12764.8150,0.0000,10484.8717,9661.4073,3616.6905,10030.8423,13485.3274,5611.0895,9998.3813,6893.3692,10428.1208,6359.1596,10983.2395,11146.8249,10142.4504,1038.4031,8949.8168,11387.8374,12290.6544,13166.3081,6172.7070,12245.9741,10189.8906,5397.8705,390306.1734,416574.8759,403642.9072,395326.4170,404192.4950,405177.1689,405881.1551,402812.7682,362314595.2843,362334832.7534,362309325.3032,362291978.7041,11983.6689,13116.5134,7991.0084,11404.5892,12522.4944,6366.5519,7179.0313,10576.2478,9628.6789,1220.0603,7907.8760,12237.1985,12907.7221,6269.3351,6819.4704,8808.3345,10410.2670,13021.0562,11686.9609,10099.7260,9500.6301,3626.3335,6471.9045,13396.7264,7418.7418,12668.8478,2821.6050,2053.5830,12616.1954,10722.0888,1139.2617,10879.7276,8506.1229,7793.9119,8790.8391,9289.8658,2872.2753,12699.5110,12917.7529,9118.6715,9163.6551,6776.7025,3025.9530,7243.4823,10258.3374,0.0000,8220.3341,8679.0763,9427.6014,9310.6538,10036.5863,8726.3717,13333.8158,5309.8940,10181.4408,10909.3942,12692.2918,7786.2723,13269.4185,11533.7917,4544.6773,12184.9079,6677.4754,4565.8086,7536.5255,2483.9417,10488.8483,7090.1141,400793.2744,427114.9857,414148.1946,405870.0185,414731.1122,415637.2175,416350.5888,413316.0163,362324426.5769,362344664.1384,362319156.7978,362301810.0962,6311.8254,6077.8683,12117.4373,8946.7695,13315.2347,12147.9352,7441.5148,4129.1812,11570.8531,6145.6930,10871.9739,9044.6287,13134.8245,10195.8004,11662.5242,10588.4568,5631.4984,11884.9287,10342.6411,5160.1624,13304.2896,7590.5803,8079.8496,13350.8200,6712.2132,12257.2889,12191.6522,6655.5930,11626.3277,12688.5536,9856.1629,13395.3669,10005.2445,12451.9361,11834.3820,12361.1764,6795.9305,10065.7383,13259.8303,11609.4987,7590.2916,12851.8188,8616.5465,8079.3606,0.0000,12296.1977,7741.3108,13269.3768,6930.8215,5495.1439,11116.8157,5132.3734,13172.8310,11191.3710,12400.4072,6688.3856,11998.1555,5837.1293,11323.2054,11835.4542,7395.6651,7646.2191,9999.8664,11781.0817,11137.0890,11130.0294,12926.8262,393157.8021,419636.4446,406527.6433,398389.8592,407222.1361,407918.3639,408794.1379,405808.1581,362315257.1771,362335494.5859,362309987.8702,362292640.7117,10837.4120,9177.6234,3197.1322,11222.9178,13298.1777,10838.2387,9577.4320,13283.7035,10208.9738,6109.5159,3370.0265,11095.1490,9650.1724,12614.2105,11508.8002,6893.0876,8307.8323,6584.2340,7929.4658,12662.0796,11265.3656,4880.0214,10755.1142,1428.1743,12369.6857,13743.3056,8212.9062,7081.0261,13403.4850,11042.2980,10383.8090,8779.7736,9028.9808,8142.7097,12365.1917,1364.7382,6403.8330,9997.6044,8064.0251,11858.8745,12534.1482,12600.5290,11245.7745,0.0000,12825.5998,7905.1516,10055.8334,7459.5831,10469.8477,8223.9700,5376.4219,11621.5116,11660.3249,10091.9613,8091.5274,13066.6022,6217.6692,6460.2518,11407.6772,9154.0434,10642.2624,13204.0910,9451.2102,13385.2735,11392.8310,10451.3903,388590.3746,414994.5881,401951.9247,393746.6621,402592.8294,403393.4481,404197.1308,401183.7306,362312034.3191,362332271.6574,362306764.7545,362289417.7547,13438.1552,12289.8970,12091.9007,9750.9818,6983.0931,2133.2780,7109.5562,2387.4408,13402.3716,12576.7224,11875.6841,8866.9550,10216.8401,10299.6126,9249.4749,13589.0293,11672.1894,5208.7065,10704.8633,2627.7393,11883.6182,12665.0440,10769.6176,9147.0900,7982.7179,9234.7587,13169.5023,8974.2375,9955.1238,13226.5936,9459.3205,12686.6181,12486.3446,9324.5437,10854.7121,12960.7921,13432.5746,12206.6190,1944.3405,10003.6929,4248.4659,7243.3359,0.0000,10677.9775,7608.8210,13544.9481,7293.0322,4053.6669,11394.1930,9611.5357,11455.7065,10823.3917,13206.4477,9367.1509,9941.3478,9794.2191,13399.6273,9450.3099,9159.8903,3942.7577,4800.6795,11258.5763,6406.5546,11041.5536,12133.0793,398993.9735,425452.0956,412366.3406,404206.8794,413044.6485,413765.9128,414604.9621,411618.4714,362321192.8386,362341430.3237,362315923.4917,362298576.4092,7714.2785,8310.4006,8246.1125,10156.4200,13268.9759,12128.4333,13828.4477,4184.1127,6714.9545,8876.8023,12205.0130,7292.4452,6849.1245,8735.4991,1361.9849,9543.2570,13431.3620,9774.3762,13764.1370,5889.5508,7128.2036,9659.9308,11489.0382,11173.0763,8433.9868,6674.7681,10949.8921,7225.3978,5792.9252,11827.4920,7913.7083,8094.8605,11316.9188,9553.7771,3585.4916,5104.7533,8615.6631,13070.2048,10590.5812,12203.5737,9941.9827,0.0000,6921.7176,12728.9517,4284.2771,12920.1284,12121.2098,10028.8701,8768.5051,8868.9347,6180.8869,1353.8149,8326.9803,7855.8229,8337.5624,5460.8594,11572.3579,8341.8153,13776.2754,12550.3585,10143.8651,11989.6313,5824.6125,8645.2671,391890.2930,418143.7449,405196.0943,396883.1919,405742.8524,406765.7733,407558.6881,404447.3321,362314044.8719,362334282.6418,362308774.8236,362291428.4540,9163.4816,13043.5224,12231.6589,11488.9523,12969.3790,11514.7755,3871.9838,1514.3170,9080.6843,8930.5531,12527.3801,11792.8205,8833.6421,6567.6012,4559.8895,9363.0508,11209.1056,12206.7310,5480.4387,8493.3875,2863.3233,11362.1386,13325.4244,9817.8117,4148.7794,12573.2911,11601.2647,7997.2555,7916.9749,6508.6182,5602.3696,11297.7067,2737.7115,5646.2073,7559.9180,5662.5342,12967.2017,11264.5159,13597.7544,12462.9012,0.0000,12424.8309,8177.6731,7719.0479,8121.4685,12267.3484,6338.3361,7567.6294,9801.2074,11662.2757,8810.5093,9686.5528,12861.2156,8124.0394,3566.3999,10291.2710,10536.3459,11430.3468,13664.0938,7611.8243,13336.7387,11381.5482,8280.6786,388377.6603,414725.2958,401732.7150,393478.1374,402334.0727,403210.3811,403958.9953,400926.9127,362312539.9567,362332777.2988,362307270.2166,362289923.3555,9400.6212,13124.7464,12884.8526,7460.0768,11458.0929,8241.0164,9607.2591,809.6908,6548.2229,10273.2409,11398.2372,13347.8086,8080.4646,6426.1511,11237.9986,3058.0676,10771.4418,11482.1445,1444.1266,10608.5730,4785.3358,7505.6724,13282.9808,5737.6674,5731.9303,11952.0075,2996.3639,6606.7471,3280.7706,4257.2436,4538.9782,10582.8910,10155.9092,3801.3248,4446.4138,11535.2323,3713.1611,11882.5993,12872.6810,0.0000,9343.5742,8979.5915,4534.1361,9776.8215,13357.2325,5098.1158,13130.4870,1120.7295,10798.6547,8355.2056,13259.9248,9696.9739,13158.0733,6900.1800,4641.9530,13151.4217,10209.0317,10166.7264,3917.6816,8475.1782,10844.6805,1445.1575,395785.3850,422034.9776,409129.1930,400792.7839,409664.2038,410664.2678,411315.8679,408256.1496,362320551.3435,362340788.8301,362315281.3312,362297934.7667,6749.4628,10640.9340,7443.7781,11093.6388,11175.9166,12579.2548,9868.5942,12167.2607,2027.6710,4308.6257,10051.9242,9266.3117,13017.2695,12719.0206,8027.5982,10227.3885,10987.3903,9351.3085,13601.5083,9261.5124,5555.5961,8887.0633,11913.9313,6897.8094,5166.3103,9251.4540,12627.7432,11321.1877,11804.9734,9177.5978,13577.7963,10262.3947,9359.6546,12022.5554,8321.0601,8594.5751,6385.3415,6064.5828,0.0000,1621.5459,12991.2973,8948.3455,13232.5531,8649.6113,12499.4680,11069.6595,8935.3105,3946.6998,7129.0824,8975.7353,743.0283,10447.2142,11672.6402,10536.0732,7944.8519,11117.8123,6635.6979,11809.6144,6404.5856,4416.8572,10435.8503,399791.6849,426087.0515,413103.6750,404825.2890,413678.6683,414645.5194,415475.2632,412379.3089,362320793.5394,362341031.4588,362315523.6394,362298177.2427,6627.2827,10233.0949,8916.6972,11677.8432,11659.2456,13328.2313,13043.0400,5826.4861,4668.9073,5267.4303,10796.8210,13595.0895,10314.8934,12280.1091,9029.3332,8849.4460,13019.2253,11557.0765,12297.0691,9502.4901,4092.3370,13303.9198,10971.0364,3906.6915,12809.9831,13276.2119,13697.3658,13630.5176,12327.9634,11562.9637,9776.5238,12679.3118,13684.1025,6601.8932,12316.7011,4872.5018,775.2986,0.0000,6952.8519,12174.2994,12304.8211,11871.4644,3406.2856,13799.2821,6707.7913,12789.6228,5604.9423,9626.3355,4287.6471,6407.3142,6100.8962,12685.7453,12928.8955,3275.7018,10133.2300,7577.6351,13772.9922,8964.0283,5751.9795,13534.1082,397332.9709,423740.2118,410660.4800,402478.9498,411313.4930,412127.8485,413056.2198,410001.3363,362317356.5317,362337594.3550,362312086.9841,362294740.2569,8885.2918,3165.5289,12889.3285,11710.3019,12676.6567,9507.5689,10723.0404,10330.7724,7897.1479,13321.2986,11535.5115,4713.3769,11935.7194,4290.9907,10802.6808,13281.8662,9659.7725,10511.4567,9654.4348,8147.7596,13025.9529,10536.5967,9793.2824,13668.4454,9844.9524,12988.0146,12634.0359,10669.7231,9749.1258,12238.2220,13756.1026,12361.3837,3859.8058,11305.4154,5485.4979,7090.3980,0.0000,11320.3689,7644.1495,13822.8897,7081.8009,3460.8798,11615.7707,8120.9226,12403.5100,10950.5071,13183.9293,8267.5123,10693.8661,8424.9342,13068.4024,10552.4578,8307.9252,5075.0349,6687.8908,11764.4901,8228.4799,11083.4978,12778.6614,397241.4852,423717.7142,410614.0725,402472.2693,411306.0005,412003.1307,412865.9414,409883.5650,362319230.0423,362339467.5041,362313960.7468,362296613.6107,7104.9440,12901.4320,13368.5526,7315.5743,7017.3482,9054.2232,10573.1683,12933.7255,12422.5216,10640.9088,9023.1237,4818.1839,5553.3174,13696.1072,8498.0948,12856.0660,3563.5671,2182.8337,12531.3379,11497.8132,2308.0653,10959.9003,9553.8307,8061.8482,9683.7221,10089.5933,3689.7936,12897.9116,13425.8661,10129.8590,9916.9804,5833.8164,4105.8145,6496.6613,9949.2802,0.0000,8618.6094,8558.1770,10418.0760,9112.4587,9398.5954,9337.0993,13293.0259,6424.2096,10457.7356,11626.5419,12622.7075,8049.3000,13248.0800,12269.6784,5113.6395,12098.0201,5939.0328,3619.9188,8243.8699,1661.5246,10786.3278,8079.0794,401309.6700,427652.0970,414668.8299,406407.3365,415265.5591,416143.2034,416870.2496,413844.7331,362324776.6368,362345014.1893,362319506.9259,362302160.1660,13158.3187,12076.6505,11096.7115,7111.3070,11665.3162,11812.0203,10223.5893,13765.3086,10317.7849,3265.3957,10306.7756,1757.8955,12168.0638,12144.6131,9848.7654,8343.0404,8496.6489,10502.8366,12367.1151,8937.0459,11517.9608,12863.0271,7692.8284,11752.2395,11452.5421,8548.6288,9952.6643,13218.6581,13120.3300,11069.1524,3781.4867,9421.2598,6329.8687,9194.5056,0.0000,11941.6935,5573.5262,13383.6813,5257.2320,6101.7501,9984.8464,10208.7910,10858.0231,12215.6935,13775.3555,10600.2855,11328.7899,10591.5459,12837.8423,8243.8867,10613.5952,2007.6079,5953.1923,9937.0820,6953.4633,12388.7094,11260.4419,398113.2616,424572.8193,411497.4190,403333.5169,412174.2197,412884.7467,413683.3105,410713.4362,362321261.6457,362341499.0007,362315992.3130,362298645.1429,2950.5028,8505.3302,10596.5969,10452.8965,9797.0326,8804.6566,2881.9282,6586.1107,11796.7194,10429.6126,13472.3672,4730.0480,7114.0475,6362.8196,11492.5336,12637.6828,9261.0895,3812.0533,11987.0927,9843.6769,6000.2092,9834.4724,6246.5729,5885.1985,11354.2152,6234.9813,3081.8338,5279.5863,6327.1551,13574.1060,10918.5153,13493.7208,11709.6096,0.0000,10190.6729,10674.2057,5033.3900,10796.8830,12717.9192,7732.3121,8049.7817,9014.5432,9409.4202,5449.1299,9117.1745,10898.2269,8122.3113,2079.8632,10899.3186,9678.8132,13030.0516,13642.7432,8454.3611,13105.3096,9064.9708,7847.8592,389186.2461,415474.5194,402515.1730,394220.2354,403080.3477,404047.5134,404806.9132,401730.3386,362312575.9352,362332813.4762,362307305.9990,362289959.4074,9644.7790,10024.6334,11855.7879,10934.5676,8002.6093,5580.1156,5842.5084,10162.1734,11611.8594,12746.1763,4176.4564,8784.2506,3660.4447,12012.0135,13496.0523,8933.3577,4647.7426,12905.7241,10719.1906,8056.9496,9101.1514,7180.5626,6419.9474,11932.9677,3518.0757,4263.0074,7503.0958,6599.7593,13165.8497,11793.3360,13511.0156,11877.0038,0.0000,11813.4449,9301.6205,7479.3103,9205.3162,12070.7337,7482.5635,6788.7497,10259.8073,10800.8295,7865.4880,8784.0909,12318.9920,7229.9858,3491.9065,11127.7961,9655.6228,12144.1546,13831.6679,8609.3084,13583.8623,10472.9265,8904.4904,388169.8044,414510.2477,401515.4417,393259.0636,402113.7783,403005.9186,403778.3236,400732.0954,362311798.8572,362332036.2762,362306529.0855,362289182.2942,5846.6658,10772.0592,11860.5502,13501.8789,8577.5977,5998.8506,10786.5467,3116.1216,10430.4249,11695.5140,2077.8920,10393.6199,4380.0188,7596.7477,13507.1454,5754.8026,5737.2769,12367.9167,3617.7803,5914.4678,3122.3371,4017.4830,4149.7746,10377.0287,10501.2077,4382.9164,4093.9511,11397.1607,3493.4323,11928.1219,13109.2684,0.0000,9889.4181,8388.5049,5161.2892,9223.9551,13357.5116,4513.6112,13225.1995,1212.1420,11309.7517,8975.5996,13486.1168,10182.5875,13311.7024,7055.4273,3997.7668,13418.8874,9766.7921,10121.1471,3216.9867,8435.3896,11359.9320,1024.8932,395763.8519,422022.7289,409113.1895,400782.4658,409653.5980,410638.1784,411282.8400,408232.2046,362320753.4676,362340990.9104,362315483.4887,362298136.8725,13012.0645,13636.2408,12984.6416,11714.1276,5195.6951,6114.0827,6626.3283,6898.5530,12279.2387,7473.3644,8585.1172,4682.8723,8631.2788,13423.3584,7900.1758,7281.4331,13740.5848,8617.9327,1273.6460,6305.2617,6061.7260,4795.0380,8653.7749,12284.1279,9080.3455,5496.1831,9177.6925,5664.2834,10946.8871,13101.5725,0.0000,12612.1955,3164.0731,9764.0065,4178.7824,11613.4852,3896.7453,12435.7335,6223.0092,13510.8926,12480.1050,13430.3652,12492.3910,12888.0844,9219.1651,3030.4330,13617.3285,5517.1073,9154.7189,3556.1169,8214.7425,13585.4256,5746.4954,395720.3403,422082.8754,409104.5568,400851.2625,409711.4890,410542.5091,411206.0330,408220.0892,362321151.1631,362341388.3758,362315881.5304,362298534.5095,2373.4122,8714.9801,8408.0450,13209.8442,13021.1595,9400.2561,11072.0465,9714.0885,9978.2906,13115.2631,10656.6382,7350.8298,7425.5136,11831.0413,8577.4414,3345.0426,9590.4617,13310.5861,11721.6904,12097.0001,10569.1749,13078.4865,9052.5096,9518.3536,12361.8334,9035.1422,9997.9882,6975.1817,5148.8468,0.0000,1303.6119,13496.3448,8966.1778,13624.5650,8363.9606,12986.5773,9844.0538,9988.4657,1984.3293,6159.9005,7501.8497,1289.5341,9099.6662,11294.2385,11713.0122,6423.6022,11945.7140,7927.1472,12515.3187,8005.3038,2487.7470,11184.1563,398386.9621,424686.7980,411692.1546,403422.5004,412272.5879,413237.1804,414096.8603,410993.2684,362318907.4055,362339145.3606,362313637.5121,362296291.1313,6791.8335,7906.5372,13260.8979,12843.9254,10955.2160,11561.7708,8125.9974,10938.2449,12233.6969,12021.9703,9154.5796,5387.2361,11819.2455,10308.3861,1089.2949,10350.9380,13768.8866,12248.0093,12440.7781,11948.9603,12189.1635,7811.3782,10111.3734,12709.6075,9478.7543,11477.9186,7491.6741,4137.8863,0.0000,3452.5060,13633.0298,9491.9704,13604.1398,7706.7784,13382.3393,8051.1581,11259.3130,1030.5492,5925.2923,5451.5494,3609.1712,7187.5989,10994.6030,12814.3818,4350.1109,12401.4439,9092.5043,13186.8420,9518.5805,1201.3581,12095.0510,396659.5332,422980.4335,409963.2315,401714.6377,410559.6936,411498.0577,412391.8025,409290.2824,362316781.4273,362337019.3776,362311511.5941,362294165.1637,8848.2397,11714.6574,9915.7227,13671.4825,11016.6936,4607.3872,12877.9768,8041.4899,13751.0954,12600.5800,1620.7196,11227.9162,13337.0348,5865.5994,12323.6180,12708.3060,12642.5392,12235.0730,13753.4433,8017.2471,6560.1814,11926.1725,12318.9284,9779.3737,13745.7616,9189.3180,5786.8077,0.0000,9561.2587,11495.2864,11546.0445,11000.2310,6365.9600,12649.7354,1677.5215,13412.3277,7441.0062,8899.4483,1517.3145,9584.9491,937.0954,10190.1654,13710.4321,2814.4746,11435.9474,11235.7570,13205.9195,12181.9893,7196.8885,13307.0183,392098.8306,418514.0253,405430.6670,397254.0776,406088.2828,406890.8027,407814.6712,404766.1186,362312776.2401,362333013.9241,362307506.7014,362290159.8852,8579.8848,13055.4074,9883.5811,13806.9764,5435.4808,6842.1747,8722.8788,11462.0532,11682.0609,8794.6614,5579.6045,11271.0840,8178.2704,5474.2360,11211.1385,7167.9795,7228.0937,11292.8463,8608.4916,3018.5562,4705.4561,7758.4201,13382.2460,10628.5686,12769.1247,10659.2123,0.0000,8045.4908,12165.9947,4005.9186,12354.6190,12484.8052,9237.1480,8620.5867,8753.4705,7319.7346,2685.3161,8670.8019,8920.1127,8338.3124,4219.9927,11325.2329,8876.5628,13661.9447,13016.6808,9516.4635,12420.6101,6962.5351,8196.7488,390896.9660,417155.6572,404208.9578,395897.0160,404757.6551,405770.8905,406549.1945,403446.3627,362313493.6447,362333731.3440,362308223.6136,362290877.1890,8294.5189,8463.9820,10619.1540,9296.4675,6345.2939,5445.1958,8144.1724,11481.2981,12437.7687,3566.6465,10154.1075,13308.5692,6692.1593,4057.0470,3716.4026,2682.0632,8090.4234,5442.6693,8998.0294,6734.1783,2206.0884,12164.7664,8241.1509,13313.0589,13709.1532,0.0000,12803.1030,5653.4720,7383.1247,6139.8431,13024.5433,1962.1200,10738.5538,6959.5535,13009.5307,10326.9144,12364.6014,13092.5857,11256.8829,4895.1437,6652.1545,12892.9918,9462.4526,12362.4049,3496.3291,11521.7484,12885.7449,5138.6212,391038.5566,417368.6370,404408.3935,396131.6320,404994.6722,405878.7755,406549.1888,403536.5580,362316455.6629,362336692.8943,362311185.9002,362293838.9914,10931.8902,4677.0503,11011.4932,11763.8116,7330.4274,9045.3201,10463.9497,10651.3846,10817.4708,10371.8277,12477.8820,12383.8689,6189.0654,10622.7464,10050.4967,9218.0450,7456.2742,12236.1496,12543.7853,9593.9914,6728.0147,10077.9109,8946.6926,10699.6570,0.0000,13233.2215,3391.9302,12891.1344,2610.8454,7808.7584,8396.8933,9365.6289,10906.0973,13180.2026,13699.3180,10692.3656,12857.8831,10020.1495,11321.9437,8278.2283,11090.6863,3684.4584,8674.0854,8831.1626,9234.4562,13231.9899,10654.1435,395093.3808,421555.5030,408484.3696,400319.9734,409161.8109,409863.5976,410640.8257,407680.9792,362318970.6436,362339207.8753,362313701.3159,362296354.0692,9223.2011,12801.2634,4221.1977,12113.4930,2769.6030,4809.9070,13380.6100,8398.5739,2820.4134,11566.1854,5508.1550,7225.9343,6078.9738,6870.7984,2507.6542,12112.7924,11749.3456,6264.9537,6892.5762,9785.0940,1289.4065,10074.1151,11946.6296,0.0000,8473.1321,9157.3739,6735.2793,9956.1386,12304.1121,6942.2929,13744.2172,1967.7131,10441.6374,9449.9109,13404.6640,8517.5854,13691.0796,9401.0344,3857.5156,13052.7497,8960.0992,7887.3471,5540.6113,5923.6146,10631.9335,4104.6362,398675.8494,424943.2841,412022.1322,403700.0130,412568.9100,413546.1207,414214.2033,411160.2719,362323001.6219,362343239.1635,362317731.6697,362300385.0909,12847.2710,11583.2452,10875.6125,7202.8799,7039.2931,11077.1034,12498.6071,7555.7804,11412.5877,12416.3222,7713.0172,11540.3151,11400.6176,7421.1895,10967.6160,13612.5693,12761.1981,11041.7318,3023.7052,8303.1127,5622.4330,9165.6289,0.0000,11237.0815,6160.3954,13037.0729,6124.7365,6507.0042,9987.9117,11158.5963,10039.4116,11887.1593,13578.0771,11185.0104,10560.4597,11417.9570,13069.0956,7417.4940,11012.0137,1682.1236,4535.0868,9661.0882,5410.6690,12119.6166,10744.2377,399468.6293,425907.9501,412849.2002,404667.6190,413511.7430,414251.2158,415035.0296,412056.2193,362322656.1758,362342893.5752,362317386.7806,362300039.6852,10638.0531,6052.0414,13378.3795,13371.3929,5377.8508,7884.4960,13435.6305,7659.6255,9735.2678,11660.4290,10000.7412,9518.0909,13310.7515,5948.9571,2552.8227,9128.3774,9752.1159,12328.6317,13093.6890,11994.6131,9102.6725,0.0000,10059.1482,11292.3642,8729.6713,11014.1784,10061.4479,10582.1653,3778.9981,11920.8237,8218.4353,6696.2979,5192.6257,10531.5208,3767.1488,6451.1347,12996.9237,6156.9380,12770.8186,13174.3972,11372.1828,13400.8764,7813.4809,11234.0868,389246.0653,415602.6014,402573.9844,394343.0639,403188.8903,404071.2753,404928.8303,401862.5986,362311123.8037,362331361.4192,362305854.0697,362288507.3649,10246.9449,6098.7082,8318.0606,12817.6831,4865.2406,6759.7137,11498.4995,1566.0512,7341.4494,2867.1976,3887.9798,5858.5979,10201.9489,9099.4205,2379.1151,4276.4850,12153.5421,5011.6212,12311.7282,12768.0089,0.0000,9045.6055,9604.7715,3149.8619,10322.3132,13538.8452,5394.6793,12631.1766,2451.9230,10281.1630,7268.6205,12776.3249,9549.2194,12619.6929,5842.8234,5916.0978,12713.0393,11064.3448,10898.0299,4562.1478,9337.2745,10267.8458,2022.1246,394749.7319,420989.0203,408086.6826,399744.4145,408615.9127,409633.7105,410295.5024,407224.6632,362319302.9169,362339540.4375,362314032.8645,362296686.3512,11659.6112,13496.3046,9289.9770,6519.3268,12971.9554,11845.4091,10035.0751,7632.0169,8272.3783,7313.0148,11662.3016,148.4501,7234.8413,9728.6779,7147.2457,11815.3315,11900.8832,12796.6902,11935.8667,0.0000,13222.7683,6853.3969,9917.6206,6467.6888,10931.4496,7125.5251,6604.4445,11007.8310,12330.8126,10577.9923,9183.9103,13441.7580,7433.8921,6242.3431,10537.2296,10158.3003,10063.8244,13084.0152,8442.5086,13122.9793,12098.0505,9706.7320,388832.8562,415234.2744,402201.2351,393989.9141,402838.5745,403637.5812,404412.8679,401408.4571,362312823.9376,362333061.2140,362307554.3729,362290207.3367,4809.0173,13634.5154,9200.3172,2926.7105,12446.0465,7477.3167,5638.8688,6906.6491,7382.0952,275.3738,11692.6745,12810.5821,8176.5901,7153.3815,8442.5396,1488.7973,9425.3624,12081.7801,0.0000,9977.3674,7262.2359,8733.4227,8104.4322,11553.9240,6493.0563,13724.9900,3777.3671,11718.3175,11284.5288,13675.9983,9779.3036,13828.5072,10359.6709,1873.8552,13415.2801,6716.1868,6908.8092,5141.4838,5093.8125,11928.2665,5115.1009,399127.1718,425439.2359,412491.0668,404200.5958,413065.6846,413975.4001,414642.4714,411619.6714,362323802.4210,362344039.8486,362318532.6218,362301185.8569,11956.9596,11685.2178,2184.4858,9692.3778,9146.9432,9529.4695,10019.5908,10549.3132,4818.5098,13517.8869,12875.0338,9672.1302,10511.4523,6424.8972,4667.7166,6147.9979,9075.8358,0.0000,6815.4443,10147.5097,9793.8882,10651.5643,9378.0733,10290.6856,13163.0679,6525.5408,8948.8246,10468.2975,12052.0708,6224.5005,12948.1922,12241.9376,6502.8065,11352.7475,7673.5739,3733.2545,9187.8802,1801.4316,9323.9406,8424.8668,401610.9738,427930.0695,414955.6647,406680.0563,415538.8865,416456.0501,417202.6770,414153.4375,362324441.7558,362344679.4309,362319171.9593,362301825.3382,11725.3874,12879.6744,4392.8935,12244.9425,13264.1070,12943.6190,12666.9933,13627.0123,9261.8220,6845.6214,11870.9417,12792.3670,9460.6235,13536.2988,8443.3800,4515.7896,0.0000,8381.0764,12210.0200,11416.4993,11797.2099,5988.5272,13191.2036,3246.1961,13283.9205,6130.4836,8359.4156,206.2952,8372.0221,2328.3958,10691.3723,13810.7274,1211.2150,11684.9305,10653.7244,13574.7420,11632.2399,5914.6732,13417.6605,393275.2807,419676.1314,406599.1326,398413.9432,407248.5684,408073.6041,409005.9380,405944.7764,362313544.9794,362333782.7466,362308275.3958,362290928.6635,10455.0981,12007.9785,4376.9862,7042.8495,2833.1023,2266.9095,9055.3019,6438.8451,6701.5947,4046.8349,2748.5989,13332.2071,8715.7603,13802.0477,13303.1962,0.0000,11302.7339,8701.9962,4523.7583,9122.5881,13639.0911,4385.7270,10406.5211,6638.5218,11371.1948,7616.3285,11621.9934,11871.3171,10670.8621,1772.3819,8222.7563,12072.7969,11696.1200,13130.2807,5136.1195,12169.1833,11166.2744,4851.4754,390313.7267,416593.6106,403659.8855,395348.8150,404215.3330,405179.3543,405865.0799,402811.4186,362315072.8631,362335310.2549,362309802.9246,362292456.2469,10873.7205,7839.3027,8173.8240,8435.2565,9049.3941,2872.4601,12990.7837,12742.2263,8484.2070,8990.3613,7728.6064,2560.2675,7932.3573,10601.2120,0.0000,7842.1172,9351.3732,8779.8300,10024.3292,10744.5179,8740.7212,13659.3734,4662.9855,9971.5380,10411.4747,12946.2159,7517.3114,13547.1315,11264.5343,4724.4474,12412.6321,7719.6287,5409.5340,7466.8176,3290.3551,10273.3396,6635.2990,400698.2067,426998.5164,414047.3299,405752.7456,414616.3652,415552.6694,416256.9596,413211.2438,362324357.1171,362344594.7099,362319087.2680,362301740.6393,10914.0009,13835.5407,12592.8972,12694.8742,12390.1014,11804.5514,7672.6927,10645.1680,12934.8452,9294.2643,12004.8989,7369.6582,3485.1990,0.0000,4466.1122,13484.6489,10047.8470,13374.4694,7064.8607,13546.5372,7221.4543,11824.4892,2052.9998,6456.5348,4469.3177,4508.6783,6325.8068,11125.0547,13145.6266,3307.6040,12265.8644,9251.9132,13455.5363,9876.0873,2042.7103,12548.9848,396196.9396,422535.8276,409503.3986,401270.1175,410112.2698,411026.1471,411934.8636,408840.1726,362316189.2426,362336427.1740,362310919.4655,362293572.9804,8353.4947,3326.6336,4186.8399,7244.0961,9969.5802,7952.4805,848.1008,4730.5350,12745.1816,6381.5649,12680.4744,12556.8621,0.0000,8679.9861,10417.4112,1622.2893,11036.5815,13655.2351,6172.1473,12075.9086,3921.8686,9639.5202,6032.3740,12185.3715,9335.4989,12003.2038,4955.2521,7321.8032,12156.2906,11975.7794,11602.6929,5669.8466,10197.8729,9560.5712,3377.9501,393783.2001,420013.7041,407112.0667,398765.9814,407636.8994,408671.4137,409349.9030,406266.5286,362317994.3343,362338231.9031,362312724.2455,362295377.7889,5724.1566,5294.1029,5708.8141,7697.2687,11680.4206,8734.5923,4680.7114,9911.0279,6418.3833,11615.1865,13371.8664,0.0000,12925.2178,2956.7704,9433.4435,3924.9279,11945.8504,2971.2213,12016.1573,6494.6983,13632.8627,12235.3464,13252.4623,12892.3553,12525.0568,8383.2627,3915.6596,13551.6573,6307.6567,10055.8783,3123.7462,9183.1717,13658.7063,5593.9534,394449.6450,420810.8002,407833.6269,399579.2187,408439.6337,409272.6841,409935.0799,406948.4466,362319996.6681,362340233.8574,362314727.0269,362297379.9988,1101.1332,6735.9597,8231.7711,8805.7501,3599.7217,1535.4487,12608.0243,6350.6846,13222.3651,13603.6037,0.0000,10999.6218,8078.9134,4457.0339,8768.8888,13791.6825,3060.7466,12035.3565,4191.1457,11737.2948,8477.8949,12878.7326,11453.2026,12251.1678,4418.9869,5929.4934,13103.4704,10684.8014,11950.5105,2950.3032,10630.1379,11650.8442,2128.5490,392665.8388,418932.7941,406016.5172,397692.2462,406562.2424,407536.8372,408187.9330,405139.7451,362317843.0105,362338080.3890,362312573.0482,362295226.3811,7242.8675,7274.2735,8522.0771,4307.4589,664.8620,12575.3139,7007.6492,13313.7056,13598.7398,0.0000,11472.4933,7488.1158,5080.7186,8117.4462,13590.6981,2466.8927,11504.5462,5069.0838,11998.1461,8777.6409,12594.4461,11902.5505,11801.7131,3972.1626,6226.6148,12924.6780,10464.2961,12176.6428,2939.1754,11003.4725,11886.1915,3032.7099,391924.5588,418207.5053,405279.6569,396967.4323,405835.6282,406788.0263,407445.6670,404405.6322,362317156.6988,362337394.0385,362311886.7851,362294540.0574,11692.0057,12693.6290,7952.0473,7033.2104,8605.3793,1224.8976,9526.6073,12102.8896,0.0000,9864.4895,7403.2548,8510.8323,8248.6046,11656.8787,6432.8519,13728.0022,3519.1630,11623.7841,11110.0089,13665.9480,9692.4818,13820.6381,10214.9747,1924.0837,13402.2096,6944.3872,7037.2578,5056.1781,5194.4573,11829.9297,4910.3021,399038.6164,425345.9346,412401.0410,404106.9933,412972.6030,413889.2162,414554.9516,411529.3842,362323710.8431,362343948.2782,362318441.0279,362301094.2799,7113.8133,9652.8970,7120.8999,11884.4442,11915.6979,12839.2974,11937.4035,0.0000,13182.2733,6962.2306,9834.5551,6588.7382,10980.7679,7136.5617,6577.4145,10993.9742,12279.1164,10482.1757,9153.2679,13412.8605,7397.9631,6133.0036,10576.6157,10130.1087,10164.2944,13133.0133,8453.9462,13162.2613,12041.6023,9685.0207,388767.3556,415166.6691,402134.8872,393922.0068,402770.8729,403573.2090,404348.6382,401342.6548,362312744.8431,362332982.1242,362307475.2708,362290128.2433,7245.3771,8907.8686,13094.9830,12261.7553,12567.9045,9835.1548,0.0000,9117.2959,11943.3523,6713.4545,11879.2957,11366.9330,10096.5215,6099.7639,10725.0370,7581.5768,4621.8301,6679.9159,9813.5336,5877.6668,5088.3960,12524.3011,7262.7328,13506.4742,13382.4898,10711.8943,13243.5822,7147.4895,10045.1994,389557.8245,415865.4351,402875.6388,394605.0503,403457.7776,404407.6685,405233.3781,402145.5815,362311680.1950,362331917.8630,362306410.3082,362289063.7531,4901.0454,13006.1211,7121.6983,12872.2447,12443.1954,0.0000,8659.6214,10674.6081,926.2997,11235.3617,13648.3904,6459.5047,11649.4772,4715.4749,9396.5955,5465.4909,11799.7518,9376.5822,11562.7215,4366.5532,7979.7385,11817.1949,12338.5004,11983.9229,6146.0197,10687.2541,9274.1581,4047.2933,393122.3947,419353.1291,406448.5185,398103.9785,406974.0999,408010.5615,408699.2197,405611.9543,362317178.1570,362337415.7391,362311908.0643,362294561.6185,12354.2647,6906.5292,13221.9411,13674.0160,0.0000,11764.8307,6924.9002,5676.4356,7578.8232,13478.0094,1810.5275,11560.2002,5157.3094,12305.6462,9281.6548,12724.9055,12141.0603,11901.7730,4437.6165,5873.7009,13071.1028,10036.8553,12028.3888,2464.1457,10876.2347,12207.1927,3132.4817,392056.6523,418349.0103,405416.1641,397110.3577,405977.9058,406915.3854,407570.2596,404537.8548,362317410.9972,362337648.3070,362312141.1165,362294794.3456,9168.4948,2697.8862,6658.9653,0.0000,9434.3593,8563.6159,13077.7120,8447.3626,4323.8611,11670.9313,10361.7206,10797.6019,9939.7862,12659.4211,9606.4113,8595.6430,10368.9942,13579.2666,9119.9124,9144.6755,4616.3992,2968.3654,11296.1216,4830.6509,10232.5937,11800.5523,400303.2845,426736.9617,413667.6839,405488.8008,414329.6398,415088.4748,415922.7193,412920.4517,362322296.6718,362342534.2392,362317027.2440,362299680.2729,9772.9038,12035.3010,0.0000,9182.1785,8267.7579,7649.0165,9096.5035,11984.5748,6618.9792,13769.6627,2611.0179,11060.9781,10326.6842,13568.4931,9106.1091,13790.9290,9817.6044,2774.1286,13257.9230,7940.7087,7396.9868,5189.7049,5446.2829,11262.5161,4396.3722,398920.1108,425207.2439,412274.7978,403966.2486,412833.6744,413780.7549,414446.1700,411406.7743,362323444.2026,362343681.6892,362318174.3185,362300827.6544,4694.5908,0.0000,7555.0906,10617.2190,12765.9741,10535.0644,3915.1184,12878.8336,10150.5947,11178.3855,8014.7714,11570.7369,8611.5170,6593.2600,9883.1081,13803.3333,10403.4124,7818.8558,7118.7864,3087.9695,12433.8317,5024.0791,8373.9431,12399.1623,400807.8362,427218.4329,414154.7226,405963.6555,414804.1341,415604.1359,416469.1436,413439.1839,362321908.1799,362342145.9027,362316638.6657,362299291.8534,0.0000,6297.4599,12416.2820,12048.2102,12172.4704,3904.5239,13834.8005,7230.6450,12517.2998,5062.3823,9321.0289,4701.4728,5715.8678,6579.6073,12701.8006,12807.3512,3568.4135,10299.8448,7328.1404,13731.2045,8639.1481,5260.3279,13359.3356,397773.3486,424168.7743,411097.7035,402906.7303,411742.8308,412574.3536,413497.7382,410436.4713,362317766.9232,362338004.7747,362312497.3376,362295150.6566,0.0000,0.0000,0.0000,0.0000,0.0000,0.0000,0.0000,0.0000,0.0000,0.0000,0.0000,0.0000,0.0000,0.0000,0.0000,0.0000,0.0000,0.0000,0.0000,0.0000,0.0000,0.0000,0.0000,0.0000,0.0000,0.0000,0.0000,0.0000,0.0000,0.0000,0.0000,0.0000,0.0000,0.0000,13389.6075,8119.1948,13613.0509,9243.8763,12455.0001,10549.7805,9063.4314,2778.6694,5726.9840,8440.3980,1123.8851,9861.9744,10871.1533,11085.7615,7461.9957,12005.6359,8009.8167,11878.6704,7731.9786,3183.2651,10349.6615,398507.9724,424788.5520,411812.9137,403525.4257,412379.4087,413368.3909,414202.3664,411095.0708,362319410.3126,362339648.2545,362314140.3605,362296794.0175,11218.1742,1027.9206,10269.6239,5427.8644,10766.9906,8764.2146,13718.9019,13124.1031,12215.8045,13199.3772,11401.5830,9647.3684,5944.4633,12614.8249,4645.6525,9553.6069,5897.3646,9321.2645,13747.3149,8131.3717,394398.1937,420812.8719,407789.7363,399580.8665,408432.6040,409193.6766,409903.2387,406935.8289,362319384.1654,362339621.3340,362314114.6920,362296767.5213,11725.7433,13491.6657,7233.6822,11344.0510,5355.2087,8742.2949,4605.2912,11341.8090,8907.5293,11185.1878,4489.5256,8655.6482,11325.6244,12713.4179,12056.6527,6967.2429,10843.0634,8596.4980,4900.7331,393059.4968,419287.2574,406380.0841,398035.7647,406904.8651,407948.8631,408653.1910,405557.9472,362316766.4905,362337004.1202,362311496.3834,362294149.9769,9834.9112,6182.2773,10227.9151,9581.1887,13759.1877,13337.4865,11803.5147,13401.2781,10915.3730,9920.4422,6881.2297,12266.3985,4687.2862,9742.7571,6773.8414,9729.4228,13773.9584,8945.6419,394032.8495,420463.5058,407425.5960,399230.9969,408079.7873,408819.9731,409547.3208,406584.2874,362318801.5416,362339038.7069,362313532.1164,362296184.9063,13148.4853,7281.4424,12898.2581,8501.0445,11791.3923,6162.6543,8554.4862,7150.3074,13341.3466,11992.7919,5774.6502,7680.3126,6489.3654,13177.1250,8260.4024,8667.1774,13548.6444,397834.1064,424286.8011,411184.6190,403032.6730,411864.7963,412606.7647,413515.9947,410499.7258,362318589.6329,362338827.2934,362313320.2465,362295973.2981,11867.3925,5493.2778,13075.2266,10614.9752,13141.8837,12680.8230,12301.2680,5965.9210,4911.1993,13495.2878,8806.6342,11508.1353,1588.7226,10411.8363,13021.6225,3754.2144,392739.0210,419056.0349,406109.6559,397821.1347,406686.7630,407585.0071,408234.0909,405221.3707,362318354.0459,362338591.2868,362313084.2529,362295737.3732,13284.4356,8575.5614,9172.6841,3118.0989,10644.1707,1057.0827,9364.0784,13456.8035,4410.6716,11337.3388,11915.4568,12599.8054,12727.6335,8300.0235,12913.7156,390831.9922,417251.7025,404170.8622,395993.9916,404829.6126,405623.0336,406528.3598,403489.1722,362312058.5070,362332296.1071,362306788.9814,362289442.1056,10697.8426,8785.3347,13278.1568,9301.9442,13297.6759,7769.8360,3935.3524,13093.0212,9543.9125,9281.0158,4155.4759,7501.4429,10795.6865,2197.8362,396806.1665,423064.6610,410152.2938,401822.5443,410692.9764,411680.7632,412336.6321,409281.3262,362321471.2464,362341708.7414,362316201.2643,362298854.6813,5143.7465,6171.9643,3227.3984,7740.0565,10561.3224,12533.1775,5180.1772,12652.9965,9307.5223,12824.4207,9498.9260,523.7584,11556.8999,396597.6169,422900.0467,409898.7336,401634.3877,410482.4535,411445.6893,412323.0808,409214.9291,362316923.4213,362337161.3770,362311653.5296,362294307.1478,8278.2557,6718.9321,8633.6008,6579.6197,11586.9544,8073.7930,13731.1604,11936.8075,10554.0276,11374.5064,4826.4056,8897.6995,393103.8759,419352.4095,406405.4368,398090.7318,406949.9586,407980.9426,408782.0033,405664.7398,362314934.1030,362335171.9308,362309664.0404,362292317.7160,8456.4248,2172.8610,10567.5262,13832.4240,1350.9778,11768.0029,10790.5783,13542.4240,11742.8867,5940.8293,13382.7844,393084.2130,419483.6890,406407.8387,398221.4547,407056.3093,407883.3202,408814.5748,405752.8062,362313384.0203,362333621.7845,362308114.4315,362290767.7015,9976.0788,11520.5543,10975.0158,7404.9676,11446.6297,7119.0872,12068.1749,7005.7329,3706.9742,10694.0068,399296.6980,425592.5789,412605.8010,404329.7924,413182.0753,414149.7608,414990.3324,411890.8633,362320113.6789,362340351.6145,362314843.7776,362297497.3915,9561.5549,13689.5575,3495.5189,11714.8036,11769.7199,12938.8605,12592.3856,7450.9815,13051.6792,391279.7546,417688.7922,404611.8229,396429.0070,405264.6895,406075.5433,406990.2372,403940.4386,362312180.3259,362332417.9869,362306910.7647,362289563.9524,9553.8070,11082.4535,12418.9777,13506.9007,6732.1724,12730.9434,10289.4031,6259.9425,389551.1283,415832.7518,402889.2803,394583.5364,403447.5853,404416.0842,405133.1309,402068.2540,362313738.3282,362333975.7834,362308468.3832,362291121.7479,13753.8251,6532.8384,8118.7035,3613.6658,6574.0732,12678.3104,4416.5559,397644.5665,423964.9091,411015.6155,402729.7447,411594.9284,412488.2989,413140.7921,410129.6452,362322814.5894,362343051.9251,362317544.8207,362300197.9780,11748.5366,10106.9280,13743.3324,11096.4788,5014.0077,13414.5907,394284.8505,420675.0665,407604.0822,399411.6918,408247.0615,409088.0887,410022.1289,406953.2588,362314335.6633,362334573.4835,362309066.0474,362291719.3714,5835.3232,8566.0014,6228.0420,12840.5581,9982.8461,398485.4475,424921.2933,411872.1331,403684.6320,412531.0133,413269.7745,414026.5762,411055.8967,362322302.0395,362342539.3560,362317032.6379,362299685.4986,10766.7096,2177.2817,9687.0003,10740.3678,401760.0036,428146.5064,415115.2778,406896.3674,415744.6261,416570.4644,417372.6592,414349.0519,362323935.4378,362344173.0806,362318665.8579,362301319.0495,9443.1388,12824.4106,2657.0543,394157.6255,420460.5193,407525.4270,399225.6384,408093.1971,409010.2745,409649.8091,406631.3806,362319742.4433,362339979.7232,362314472.6105,362297125.7847,9869.2146,9168.1994,401698.4199,428051.0745,415052.1315,406802.5677,415657.3044,416526.6933,417287.6555,414256.0751,362324489.9010,362344727.5252,362319220.2154,362301873.4781,11563.3401,396085.7948,422387.1663,409386.1128,401121.3354,409969.3313,410934.3150,411813.0108,408703.6599,362316422.4295,362336660.3805,362311152.5329,362293806.1521,394760.9243,421022.2614,408111.7117,399782.5347,408653.5692,409634.1579,410276.9758,407228.6298,362319891.8760,362340129.2877,362314621.9036,362297275.2639,27469.6051,13630.7140,9380.1396,15632.8543,15331.7289,17317.8044,13980.1466,361957140.5060,361977370.1310,361951869.7942,361934519.1435,14514.1172,21276.9041,12535.2939,16578.0537,15218.3322,15035.3817,361933714.1941,361953943.4762,361928442.9237,361911092.5055,10358.8289,5240.0449,6279.8974,10136.3885,7248.8877,361944220.8088,361964450.3151,361938949.9418,361921599.3419,8936.1091,15372.8185,15514.8212,10108.4361,361952719.2889,361972949.0436,361947448.0762,361930097.8912,11085.3262,11495.9952,7056.6456,361944294.3837,361964523.9726,361939023.1994,361921672.8948,8936.1091,9666.7313,361943277.1970,361963506.4398,361938006.6906,361920655.6552,5638.7184,361946037.1231,361966266.0643,361940766.3875,361923415.3529,361947865.6708,361968094.9068,361942594.6988,361925244.0215,29284.6682,22951.9171,25217.2221,44985.5735,44450.5075,30867.8435,
86400.000,11765.0511,4493.8819,13320.5540,5937.3928,11894.1060,12038.9525,13285.2461,7338.2917,13538.8191,2946.6714,13380.9774,13241.7166,10082.1272,11015.6379,11621.2591,13727.0937,8527.0918,11406.8004,11928.4386,4750.9993,11726.7879,6412.2109,12931.3175,12809.8844,13038.1284,6814.4334,10360.3118,8457.9047,12218.2790,4215.8296,12319.1466,8687.0363,7372.8893,13248.7357,5835.0326,4388.4563,5189.2526,11201.7457,13007.1834,12900.6099,9858.0116,12623.4810,3622.3256,7380.1151,4892.0851,10377.5113,11474.0502,6946.7402,12191.4218,5232.2035,4316.3627,10044.0513,6544.2606,12627.4150,9685.2550,2202.1579,4794.5857,10714.7726,9838.2763,9671.3228,2128.7387,10865.6366,11853.5483,388.0727,7627.2921,4847.5994,5512.3761,7611.7158,7294.8825,4935.8206,3989.9268,3021.2123,12894.1106,6720.2824,12773.6093,11397.8335,0.0000,11249.7973,9394.2252,4554.7078,8657.9511,13581.8244,7579.2409,11968.4146,3303.2267,10662.6037,7562.1343,12122.9355,12635.3783,8691.6930,2928.8962,10164.8240,12226.9389,12042.7411,11724.3028,7798.6342,13163.3561,8791.4808,6508.9180,402057.4491,425037.7202,410157.1335,404785.5733,412328.3328,413331.6522,416522.7411,410178.6469,362322063.5752,362343225.3844,362323874.3997,362300826.7017,8761.1690,10385.2023,7311.2347,11622.8943,9140.1148,8461.5660,7522.7783,9217.5637,10468.7111,4681.2943,10296.9413,2955.3389,9867.0519,11293.6611,8588.1122,8962.4777,11943.4077,7114.8773,13473.6327,4075.9245,11391.6434,6115.2527,9350.1769,9317.0693,8278.7174,10985.8156,12644.7213,6292.3165,9450.4227,10551.1705,7831.2869,6158.8173,10222.0718,7966.8493,13208.3324,12881.9821,12046.4747,2813.1897,8072.5120,13409.9534,10640.1422,11325.1309,6514.1222,13102.4516,9694.2907,10735.7434,11994.5566,1532.7836,8119.0806,13267.5052,10147.8307,13768.3072,11517.3177,3187.2436,12389.0673,8942.3221,12163.4796,13415.4233,7494.5317,12551.0382,12871.0716,3875.9943,11914.8094,13553.2225,11692.2004,10574.3819,13823.8180,6608.5202,10938.1100,11787.9381,12951.5046,6955.8036,13795.2939,2104.1869,9234.7625,0.0000,11491.8340,8143.9755,11377.1945,11514.4171,7505.0158,10611.1958,469.5669,12978.5174,10380.2498,8508.4948,1330.9124,7486.0704,6759.0126,12421.4537,11715.1693,1729.1893,11991.0368,12142.9887,11444.8433,9763.7588,11755.7118,12369.2525,397175.3289,419975.7789,405249.5274,399733.3864,407244.6321,408523.5951,411669.2794,405216.7495,362318795.0819,362339956.9263,362320605.1670,362297557.8618,13862.1087,1644.8633,13254.8451,11581.2796,13057.5303,4362.4263,13601.9968,3550.7719,11565.4567,13792.3472,6718.3113,11497.2298,12858.3036,13501.1945,7289.6648,12996.8105,10390.0114,8533.4699,9600.2176,7305.2873,11767.0011,12985.0253,13189.7447,4328.6170,11587.2529,10860.0578,10994.6467,2214.5801,12837.9545,6609.8525,3168.4183,13749.1059,3019.2638,7977.0673,8068.6083,12871.5557,10753.4616,12091.0605,12457.1256,13107.8644,5675.3548,3440.4403,8120.2460,9987.7559,12391.2570,9073.3543,9535.0176,1395.4310,8041.0649,9922.4206,10014.9921,13737.5080,6046.9238,6205.6807,1796.4994,12084.7602,12447.5984,8527.7186,6291.4206,12821.8582,9642.3756,4835.3519,10557.0869,6314.7347,5585.8313,10920.3373,3359.4966,6269.0037,6506.2961,7188.5357,11699.0604,10239.5620,10307.4247,11502.1853,0.0000,12609.3980,7842.2538,6449.6527,9529.3779,12947.9725,7639.5071,9090.3047,7382.6741,11398.3061,6593.0411,9396.7821,11969.0642,6693.4743,6577.9266,11187.1472,9598.0689,13382.0140,13360.9247,8633.1538,13331.0557,10517.1318,8422.0811,402722.4718,425636.8545,410819.1838,405382.4710,412928.4816,414025.6088,417169.2855,410803.4463,362323777.4158,362344939.2034,362325587.9775,362302540.4095,13472.0933,4400.4555,7333.7548,4422.3210,13022.1042,2309.9177,13524.7253,7130.2323,1142.6890,11798.4863,7679.7028,5273.5096,2614.4984,11656.9723,5169.5049,8974.1152,11238.6960,9607.0583,11814.5485,6862.7653,4853.6521,4231.2237,13070.6007,7294.6095,9015.2527,8245.5456,13588.9154,4465.3692,12030.9163,13373.9041,184.8212,13512.4314,11597.8046,11425.6179,5519.5988,8296.6908,6370.2279,6527.9025,4386.5960,12777.6134,13299.3625,11471.3605,9455.0800,6459.0646,10790.8243,9672.1934,13749.1934,11544.1909,9564.0067,9949.8841,2112.8355,12133.2647,12541.8741,13736.5195,6920.5822,6580.3568,10898.0796,12609.9919,5608.4462,9713.0697,13162.7540,9276.4208,12453.5285,12597.0041,8933.7034,13325.6683,12524.3774,12453.7415,12002.6551,6689.2994,9692.4669,8894.0164,7777.2179,0.0000,6048.6057,11128.0379,12471.5760,10106.1199,4628.7138,11555.9755,10051.4045,11793.0275,8082.8415,12246.0700,9846.0582,6815.7700,12071.7693,12439.5089,8236.3446,9668.9386,3804.7785,4177.5601,10894.4527,2945.9103,9350.2709,11139.9043,391791.2941,414678.9618,399851.4254,394452.4293,401915.1121,403101.0196,406401.9567,399919.0062,362310617.9466,362331779.9859,362312428.3452,362289380.9322,13218.3562,11021.5941,12460.1963,3662.7592,13059.2651,4767.7503,10420.2288,13412.7227,5296.1351,11335.1011,12816.3003,12853.1868,6954.1282,13061.1051,9504.7175,9576.4710,8536.4004,7774.4508,10908.5436,12555.4843,12728.9923,3975.6377,11655.7390,11384.4189,10208.6099,3056.4969,12512.4379,5978.5024,1533.9220,13347.4401,2993.2814,9029.2063,8961.0702,12974.6952,9486.6394,11333.7173,12872.9792,12760.3155,6726.7525,2109.0384,9087.0937,9636.4318,12296.7177,9712.4188,8195.7886,1567.8675,9111.4866,9684.7158,10867.3351,13558.9407,4504.3189,7478.3014,2356.5379,12146.4028,12868.7277,8098.6120,7585.0096,13005.6763,8542.0246,6248.8267,11225.4673,7104.6487,6078.7189,11658.4172,2058.3514,7068.5221,7537.0456,8394.7161,10804.4875,11083.8498,8983.6854,11207.9571,0.0000,12639.3367,7261.1485,7359.0470,9698.8153,12196.3151,7779.9327,7671.6904,8551.7671,11347.9521,6556.8411,8038.1235,11312.7259,6141.8730,7784.7119,11222.4778,8271.9355,13312.0074,13403.9762,8902.2262,12835.6783,10884.7920,9040.1496,402242.7171,425130.9059,410335.7293,404877.8831,412419.2734,413556.7088,416693.7960,410312.0923,362323515.4841,362344677.2823,362325325.9386,362302278.4291,10513.1994,4625.9759,13825.9442,4358.8887,11820.2706,9948.0674,3556.1664,12028.6155,4648.3110,1233.4050,5348.7934,13223.2218,887.0585,11876.2623,9923.0919,9519.2382,12489.1430,7085.2587,3563.3983,3563.5671,13794.4587,3522.2557,5258.9338,7545.6823,13377.9282,7762.7624,13540.1773,13506.5359,4361.6672,12374.8725,10612.2496,11062.6920,1260.6934,10158.2215,9922.3611,4650.6741,7826.8727,10445.4766,13734.0937,10827.1219,11830.5912,2923.7870,7440.6699,10734.3073,12983.0146,10395.4481,11774.1132,8681.0677,4592.6564,12562.9547,10514.5807,13587.5293,8822.0620,4551.2077,9042.5132,10644.4351,6464.4802,9723.8467,11665.1269,8881.9713,12542.8533,13046.2871,7198.4543,13742.5275,9989.7266,9902.5500,10242.1392,10089.0266,7967.7600,10621.4009,5215.9677,0.0000,1914.4423,13018.7583,9883.5230,11556.6276,5830.5607,12749.0845,11350.9066,10143.8591,4732.3924,10204.2691,10900.0160,6005.7727,10670.8097,10146.2808,10188.0804,10664.1133,5946.8467,1331.7293,12048.6301,6951.9863,5623.3500,11547.0362,390993.3538,413942.8165,399073.1721,393703.9942,401204.0879,402279.7433,405542.3165,399128.8552,362310576.1672,362331737.9882,362312386.7895,362289339.1995,9867.2726,8664.0248,8466.4180,12947.3220,6105.1469,8224.7403,10843.7229,12452.8307,11147.6656,7863.1872,5926.7452,10917.0897,2919.8387,10617.1997,11166.7211,7465.8962,10352.9500,10670.8529,10207.1972,8631.0034,12189.2389,12776.7336,11539.6826,10431.2317,3579.6911,6591.4707,10655.5990,7326.1884,12676.8152,10258.9252,9152.7099,11117.7949,8170.0595,2077.1859,9887.4476,3671.8870,13328.8424,9885.7239,9653.8971,2890.0750,11951.8629,13541.6255,9554.8393,12015.8472,10487.3202,3318.5832,10072.2450,7009.7546,10406.9768,12445.1747,10567.4968,4764.1753,10036.5489,13182.8196,12388.1800,7007.9673,11144.7060,12028.8006,8626.1172,8871.4538,8360.6387,10356.0964,9906.5499,13648.6005,13384.6857,11651.5858,3031.6774,10586.4801,8381.4929,12421.3137,0.0000,11644.1926,5158.1101,13573.2651,5279.5587,9217.1119,6371.9852,9032.0312,11348.2633,12776.4333,13585.2180,9584.9465,11183.8440,13030.7779,12824.2222,4129.4385,9707.4415,6169.6924,9991.7006,6137.0512,4600.1749,13236.6077,7689.2775,398451.8440,421289.7671,406498.4742,401072.2137,408510.4607,409779.0353,413097.4724,406568.8662,362316363.0139,362337525.3274,362318173.2758,362295126.0104,13025.2217,2219.2462,12515.1923,6720.0000,3519.7334,9528.8924,4748.4209,4414.7418,2638.5731,12884.2706,5296.0900,10335.8390,12581.7368,6255.0227,13456.4547,2999.0344,1537.5528,1147.6960,13297.0605,5522.5175,8420.6982,4279.1233,13497.4812,8114.1492,12742.2551,12237.7105,4255.2659,11793.8164,12969.9821,13115.3092,5549.2790,6476.6132,8492.6396,8624.4102,8099.1009,11749.1980,12589.4020,13057.6461,11678.7420,4324.9387,9527.9359,7258.9298,12506.0366,12842.2962,11885.9812,11765.0257,6192.9145,10266.5490,12480.9827,13443.9846,10374.0124,8575.4564,7659.1011,12660.8514,9107.4916,6397.6239,13178.6675,11692.1826,13724.0674,13631.9737,10718.4999,12633.0418,11058.1803,11539.5845,12590.0236,8140.7087,11281.7059,7044.8029,4374.3731,0.0000,4982.1218,12296.0553,11245.5164,12530.4423,1420.8578,13232.7981,8082.9862,12540.6685,5448.3514,9703.2116,7471.2963,2607.2311,9251.1463,12165.3111,11300.3791,7160.7122,7783.1568,5562.0800,12996.3729,6447.3224,7812.8266,13147.3439,390558.2374,413434.9419,398633.1305,393194.9664,400694.8657,401876.2909,405094.5718,398652.1394,362311199.3639,362332361.1594,362313009.6968,362289962.2496,13057.5031,7515.1582,9452.8629,13272.6747,6857.3633,13042.1510,13737.1272,12662.1807,3677.4171,13805.6142,6949.2562,9676.4719,10022.7440,5726.7079,11812.5844,13402.6169,13382.8178,922.7246,13166.0009,12937.1917,11695.8389,3368.4282,10948.3999,2509.9550,3410.6320,12923.9330,6546.0719,8884.1255,8170.4944,13792.4842,9329.0343,9357.1087,12976.0156,11189.0795,9251.9464,2108.9260,8579.4514,6815.1024,13617.7370,11885.7521,8730.6787,5110.4410,9123.6283,6920.2183,10760.7833,12911.7906,5744.8033,9041.6372,2999.7793,10442.6207,13031.5423,10703.9516,9027.5130,12088.4357,9979.3654,7608.8705,10495.7397,5796.8924,4172.1880,11789.8095,2068.7477,9824.4961,9886.0818,9250.4364,8971.5397,11283.7928,8873.9590,12929.4943,0.0000,13748.5290,3999.6510,9937.2171,7351.8492,12531.6243,5117.7952,7858.8230,9224.5746,13148.1282,9658.9624,8574.3979,12522.1960,9079.3024,9580.1439,9109.7730,8883.7097,12315.1431,13747.5227,6572.6780,11618.0623,12820.5077,7456.9260,403503.4364,426365.6808,411580.8860,406123.1187,413630.6351,414826.8646,418017.4005,411583.0405,362323624.4967,362344786.5192,362325434.8620,362302387.4615,13235.4262,6420.3756,1611.0268,10614.1828,6317.9024,4746.9775,1065.2923,12289.8015,5182.1554,9446.4700,12173.6454,7859.8257,12784.7159,4787.0889,3048.9218,2352.0063,13242.9454,6494.8746,8912.6365,6266.8359,13684.3618,6276.3515,12374.6818,12849.0050,2148.8484,12796.4052,12537.2128,12500.8804,5517.4724,7005.0002,7137.9307,7768.7627,6216.1006,12504.5703,12977.5534,12507.4947,10547.8522,5401.6529,10390.5691,8243.8962,13261.5229,12450.9344,10739.1792,11119.4402,4294.3140,11149.5273,12769.1966,13715.6087,8786.6409,7767.3909,9407.9986,12895.4983,7560.9040,7970.7798,13411.3463,10728.9688,13272.0415,13251.8934,10079.3669,13016.0035,12024.4307,12246.5416,12559.2512,7051.1449,10748.8650,7636.4172,6184.2573,0.0000,5501.0439,11677.4290,12100.5303,11434.6063,2443.5829,12491.7412,8840.2595,12428.1497,6885.9261,11145.8173,8444.3736,4747.0135,10774.2061,12562.7251,9873.8155,8199.4612,5955.0953,4818.3910,12073.1544,4498.4582,8767.7248,12334.0449,390932.7843,413807.9973,398998.8343,393575.3356,401054.1662,402249.6984,405510.1564,399041.4268,362310687.8049,362331849.7299,362312498.1416,362289450.7286,12900.4750,13252.1922,8278.4521,9808.6436,11274.8616,13413.5311,9649.8689,11361.1619,12395.7457,7140.8957,9924.8568,8519.7725,11645.0552,12028.0900,12366.8805,7327.4759,9613.1086,8286.9102,10587.5910,4757.6512,13260.2644,9346.2741,6181.7219,13419.0017,3354.2906,6989.8366,7776.5918,11148.1935,11990.5745,13389.5619,10907.4724,13538.8912,2265.2242,6718.4417,7504.3938,11661.9256,10704.3571,6117.3197,10774.2722,3464.1815,6857.1370,11478.7972,8622.8004,13268.5131,8094.1100,3608.1964,4882.0927,12321.9688,10847.7806,7417.9953,3830.1815,12250.7975,10056.7841,3117.6112,9760.0278,7178.1492,7299.0160,9244.7359,6654.1236,3060.3131,3170.4530,5222.0750,13126.3431,8524.4238,11687.4659,10036.8476,0.0000,10833.7039,10255.1760,3123.7852,10582.7311,12792.3554,9335.4853,10692.5765,5585.7917,9490.1327,4991.1705,10696.1823,11324.9395,6188.6560,3637.9614,11880.8949,10773.9579,13068.8585,11980.9757,9803.7037,13675.9140,7959.7604,8880.5503,400892.8846,423856.3962,408999.3212,403598.0756,411160.2403,412175.1082,415316.1018,408990.0759,362322045.8205,362343207.4840,362323856.5656,362300808.8679,7397.7747,7319.1805,10068.5400,10079.4913,5470.6008,8984.8535,10528.3489,4985.3810,13449.3465,6514.8310,11300.3611,5821.5224,8028.0359,7643.4206,9949.9898,10793.5308,12703.4300,7225.5039,11529.6351,7100.9970,8495.8370,9543.2552,6998.7561,11316.7618,13283.3975,12707.5767,10758.3322,2497.8667,4328.2221,11815.1757,7078.7509,13283.5635,9413.8236,13005.2394,7943.3597,10159.7672,13046.4564,4515.9307,11291.8663,13372.4396,8476.7912,13114.6052,8411.8424,7426.2447,13655.1958,11289.0373,9607.5310,11868.9433,9986.5109,13754.1531,10385.0245,6408.7908,13428.5303,12381.4539,12120.1830,11266.9366,12927.8373,9487.0433,13020.5169,13473.4833,13636.1440,3178.7015,13196.3266,2949.4999,9571.7555,0.0000,10583.6408,7912.5425,13261.7304,10240.2980,5462.4882,10326.0990,4338.5032,13515.7536,10675.6004,11355.3384,4619.2473,7305.9305,10081.3792,13733.6524,9513.9233,4641.4497,8950.3326,10209.8991,10665.5557,5931.5703,12284.4017,11846.3229,395276.0074,418069.6790,403332.7420,397840.8121,405310.9300,406624.7695,409851.2426,403344.0868,362315424.7681,362336586.8128,362317234.8244,362294187.5902,11554.7667,6696.8418,4323.9676,2348.1546,12193.9518,4385.9302,9655.6840,11343.1741,9077.5311,12290.8363,6190.9740,3785.9794,3173.0275,13348.2493,6385.2582,8375.3404,7483.4130,13689.5851,5491.9134,12480.1744,13344.6286,1049.2783,13207.1140,11768.1484,11739.5180,4746.7691,8235.2946,7203.5999,6474.3962,5441.5911,12391.4602,13383.0578,11725.4992,10229.0628,5443.0366,10160.7579,9454.5545,13581.7080,11676.2521,10332.7896,10097.2682,2838.4197,11993.8994,12350.7908,13815.3434,7752.9748,6489.9184,10171.5637,12446.6044,6199.0835,9204.4425,13078.1864,9636.7099,12794.7511,12958.7322,8967.7751,13410.3147,12030.7346,12044.6169,11941.4279,7383.0942,9724.8954,8832.8220,6793.0084,0.0000,5122.4764,11690.4859,12007.2037,10788.5597,4001.7106,12110.4796,9953.8787,11769.6151,7121.1578,11642.6831,9639.0408,5937.1246,11511.9765,12170.9564,9054.1794,9425.5663,4617.9451,3629.8913,11497.3658,3991.8525,8573.0282,11617.4308,391184.8246,414079.4424,399249.6636,393849.2083,401322.0085,402492.7736,405777.4796,399309.0634,362310392.5069,362331554.4768,362312202.9237,362289155.4818,9453.9582,11484.8077,10229.1301,9293.3597,12144.7239,8959.8259,12669.3420,4042.8589,11168.6821,7090.0509,10005.6759,10165.4633,7592.5742,10571.4788,11801.3721,6442.2820,7980.0963,12073.5507,8077.5561,4309.7392,11632.6281,5362.8611,12408.3385,12337.9532,12156.4502,5414.7010,10156.8480,13509.6147,12221.9553,9327.5699,5198.9751,12455.7969,10790.6720,10660.3435,10557.1968,3488.6929,5775.8598,12423.6125,11107.9933,13306.4750,12704.5248,1247.7824,10796.0990,7383.1154,13095.6101,13485.0077,5847.2187,10996.3278,13591.7807,3933.7465,10272.0752,13470.0622,11036.2935,9990.2693,13469.5643,5280.9239,8886.0611,9927.9040,11711.0860,9196.7757,13267.3035,4813.3424,8895.4059,0.0000,11471.2791,8833.3858,9418.4154,11974.0442,8936.4084,10710.4027,3282.5770,11836.0460,9804.5142,6226.5373,3308.0551,7964.9105,4389.7500,10774.0394,12589.4643,3513.2576,13105.4651,12610.9185,11643.3108,11523.3812,10738.3756,12189.8886,398196.7040,421028.6947,406283.8944,400777.7730,408315.2156,409533.2522,412644.3661,406236.7829,362320390.4864,362341552.2057,362322200.6960,362299153.2913,3470.7409,7005.5263,13702.3253,4503.4938,12792.1807,10946.4985,6591.6041,13393.3564,5250.6004,3501.7044,4172.7172,13200.5227,1973.1231,4983.1190,4471.5098,12378.7458,10761.1797,13529.5777,11596.8585,7547.3671,9675.6332,11531.8822,12229.0348,4411.9005,9120.9016,11648.7045,7975.6008,10867.3013,8487.0894,12252.1383,11934.3853,13373.8091,1826.3215,5528.8244,8795.8437,10785.6884,11273.1542,13405.2669,10486.0635,8502.7799,10290.9127,9763.1013,12382.2322,11829.4556,7830.7577,4935.7764,10018.9864,10103.0977,6850.4825,10868.5688,11205.7069,13058.7001,13270.2432,9364.5754,12270.1875,7512.1532,8142.9901,10323.0809,11341.4924,9712.2949,9385.7705,975.3656,0.0000,3094.7058,13500.9166,7720.3018,13320.6988,5845.9830,13668.4316,9653.2645,10424.9675,794.4069,6570.5723,8941.3080,3661.2065,7014.5409,9183.1490,12670.6164,8655.3875,9720.9520,5811.5293,13455.4382,9780.5552,3639.0300,12945.9010,391369.4079,414308.7923,399465.4883,394056.2265,401597.3897,402662.6989,405834.5607,399468.6482,362312759.1421,362333920.7291,362314569.7177,362291522.0863,5717.0129,13465.7356,1208.3988,12257.3764,10086.1955,8844.4888,12783.4395,6571.4172,3085.4343,3330.0804,13745.6818,2396.6285,4686.7914,6765.2146,13178.5477,8646.3517,13664.7609,13122.1484,5202.2806,11731.6923,10783.3770,11344.0355,1313.0229,9983.1944,10496.5070,5346.5779,8724.4895,9840.5080,13464.4180,11071.8326,12355.5103,1707.1026,6670.5100,10339.5170,12477.3849,10541.3792,12314.6518,9032.2531,5683.2113,12101.7934,10203.1595,13346.6672,9681.1406,5217.4433,8046.5303,10368.6954,7441.2963,9066.6247,11402.7426,9436.5691,12708.9715,13168.9403,7588.7910,13474.2057,9251.6138,9310.2998,10143.7146,10537.0784,8255.7633,10406.6723,4100.4982,0.0000,826.6070,13273.7530,9202.6982,12096.1394,5718.2105,13076.8641,11032.1238,10101.6250,3532.9956,9288.2497,10503.5975,5289.4456,9801.3311,9756.9236,10921.8158,10249.2300,7005.7307,2467.6311,12488.4033,7775.8455,4698.0064,11939.3060,390897.6287,413849.0490,398982.5739,393606.0956,401118.2323,402184.1421,405423.2426,399025.3327,362310961.3290,362332123.0787,362312771.9545,362289724.3429,11849.1628,6147.6166,8691.4974,12513.7760,7611.3999,12637.6452,4637.2745,3804.8986,3138.4588,12891.9385,7318.7088,9695.8179,6301.9669,13544.6582,5996.9438,11879.0485,12530.5640,2452.5235,12780.5769,12791.3527,12639.3253,6473.3192,6232.0835,6368.5281,8456.0258,5916.2134,12855.0350,12612.0138,12703.9614,10069.5197,6271.0892,11017.6958,7661.1134,13172.1500,12738.2024,10320.5939,11532.9262,4645.4216,10721.5490,13119.6840,13538.4453,8738.6153,8471.8025,9612.5414,13239.6860,7871.0739,7689.3012,13624.8942,11025.8426,13220.7599,13073.7291,10623.6291,12656.4425,12405.8992,12665.3019,12912.8033,6196.2375,11249.0811,6892.6184,6773.2262,0.0000,6443.2831,11147.6583,12509.4466,11228.4475,2233.0621,12215.0994,8196.6246,12773.7095,7609.4709,11364.9308,7861.1914,4980.0813,10819.0577,12963.7335,9689.8815,7634.1969,6152.7036,5731.9779,11880.5274,4079.8447,9508.5111,12321.2834,391361.5620,414219.7351,399424.3886,393988.7865,401462.6880,402685.1031,405944.9910,399464.0501,362311111.1021,362332273.0601,362312921.3776,362289874.0056,13290.7947,4937.8657,8977.1519,11561.4354,3748.1985,12392.1192,13360.2379,13173.6728,3313.5947,13483.6913,13172.5447,12768.1990,5601.0249,8543.9860,1592.7124,6828.7787,11602.5920,9469.7561,8134.4325,6899.9184,13335.2792,9818.1877,7246.6745,11746.3843,8782.6714,10877.1463,5634.6043,7517.9949,3458.6351,13799.0269,12837.6873,10016.2360,8178.6162,8471.8795,3495.8262,9600.7304,11180.9519,8339.3176,9888.8306,5739.2138,7681.1333,11857.0594,12621.9449,9785.7706,9952.7910,11530.2915,8673.6005,8709.4926,4898.2596,3500.0509,10700.5848,5611.5998,11573.0035,11256.3393,9398.6240,7293.0643,10344.9914,9581.1728,13703.2425,0.0000,13631.4366,1284.9476,11506.0546,4262.0116,12370.5668,2321.6360,9154.3800,9191.8821,13831.4270,11922.5318,9919.1749,13122.1980,11509.2382,10521.5545,6051.3809,10190.2707,10198.0537,12835.5120,3735.7066,9688.2451,13495.1086,5422.5997,403205.4747,426067.9327,411269.0327,405836.8218,413310.7853,414526.3218,417785.9376,411310.0769,362321913.1952,362343075.4120,362323723.5695,362300676.2188,12267.4788,9409.4865,9764.7663,12344.0733,7556.2888,4119.3576,4231.4117,13737.3262,3058.3817,4439.5711,7821.3888,13142.1809,8219.7322,13627.8457,13445.7213,5134.5441,12108.4493,10154.4193,10716.3359,379.9289,10652.8172,10451.4309,4235.9161,8310.5006,9874.0043,13696.2106,10429.3310,12043.9008,2803.6070,6737.7231,11092.2008,12737.6990,9909.9856,11946.4696,8193.2118,5130.9163,12667.1852,9919.7861,13380.1157,8970.8834,4104.8612,8901.7074,10052.4555,6528.9555,9981.2623,11161.6809,8564.6034,12288.9962,12878.3369,6658.2153,13698.7213,9431.1736,9281.2717,9664.4654,10629.0889,7406.6796,11074.7955,5203.2911,0.0000,1501.2339,13168.0052,9288.0036,11562.2430,6517.8451,12712.1965,11697.3237,9582.5005,4438.9012,9886.5120,11247.3983,6385.2820,10519.6358,9517.1367,10311.8655,11019.7942,6294.9753,1510.6088,11993.8518,7581.8343,4940.9046,11343.9812,391294.6719,414257.1631,399377.7312,394016.7453,401522.6362,402575.6049,405834.1851,399433.3360,362310904.4635,362332066.2600,362312715.1386,362289667.5144,11668.3447,9990.8272,7768.4013,9961.8690,11286.7733,10905.1833,7174.3400,12908.3083,13701.4397,10991.2523,9443.2515,6149.6465,4922.3769,8809.8712,8913.0018,11466.6175,11169.1106,10090.7185,12443.4422,6718.4232,3058.8029,11776.7460,6238.9222,13189.2275,8006.4915,10614.4613,3556.3189,12695.9922,13948.9044,7876.1541,10724.9029,11410.0776,4222.2436,11558.9797,9133.0226,8367.7865,12707.8416,9371.3496,7316.2028,11894.4619,12462.0301,12687.2494,9420.9301,9910.1510,12007.8798,10392.0955,9043.3542,8014.3164,11994.6070,8048.0938,13445.6476,13441.3979,12264.7709,2796.5390,12056.1270,6720.0887,12584.3626,0.0000,12683.1565,3746.5059,13503.1114,6477.6706,9442.5883,6406.3658,7089.9371,12041.9026,13175.5243,12831.6988,7851.2791,11090.1131,11924.6028,13097.8977,6340.7004,8067.1690,8615.5787,11624.9276,6890.5866,6545.4933,13814.0014,8643.5603,399538.4336,422347.4791,407588.4737,402125.1562,409576.1862,410878.9745,414153.1162,407629.3844,362318314.3427,362339476.5975,362320124.4925,362297077.2686,13301.9334,5784.4142,13291.7812,12005.8839,12083.9810,9019.6318,9616.7696,7259.4693,13085.3269,7530.1667,9901.7369,9836.6705,10691.0342,11229.3063,9736.9159,1100.3882,2533.9159,9230.4929,13800.6830,11756.2425,6371.7647,10206.4300,6502.7595,10400.7165,1822.3572,9282.9217,10622.9834,7355.7423,13679.3200,9267.9640,728.1884,8764.1688,1994.5422,9910.4567,12370.3491,3971.2366,8239.6198,7570.6586,6406.0255,11678.6012,3715.3356,7250.2847,13454.6272,4433.7134,3322.4689,4868.1262,6409.4158,3541.1105,10331.2922,7530.1048,6130.5999,2155.1447,12180.3053,2555.3048,13802.5732,11568.4954,0.0000,9845.7548,9798.2633,6916.2489,6762.1195,13069.7377,7181.0641,13540.4199,1692.3950,10563.5650,10347.4490,13676.4979,12827.0001,11499.1231,4490.2098,7532.6865,13720.6549,8958.2138,9270.4255,6378.2264,11132.4075,8537.1298,4414.8734,400330.3272,423333.3353,408417.5016,403093.4380,410602.7075,411591.7646,414865.9258,408489.4220,362318714.1114,362339876.0878,362320525.0257,362297477.3280,12995.6629,3442.9443,6745.4540,6971.2728,10610.4397,8143.4274,10335.4460,2596.7623,10778.7651,11323.1847,10693.8067,7934.5152,9424.1779,7696.5435,13350.9177,13480.8972,9823.4820,4290.4046,9966.2940,12252.6729,11408.6155,10076.7985,8727.1541,13486.4129,11999.8397,7824.1365,9681.9626,2841.2741,8616.3140,13274.4176,12315.4064,13425.8197,10965.4151,5164.0667,11696.7070,10377.4745,12996.1369,12196.6431,4248.8082,11939.4581,12744.8616,268.5306,11794.6191,13640.9696,12948.9449,12278.6371,13044.1677,8795.8760,9252.7141,10367.4602,12512.1127,9036.3018,13121.4677,4161.8861,5792.1706,0.0000,8906.0043,10976.4923,9777.7134,13172.0236,5768.9861,12638.0625,3886.9704,12617.5080,7156.2981,6286.1822,2945.9609,4285.4734,4660.1354,11438.9368,13058.1063,2640.4084,11902.4295,10398.4141,13143.3726,10185.0911,9029.9666,13502.7079,394203.0409,417043.5661,402289.9190,396793.0157,404328.4321,405536.6214,408658.2581,402249.6458,362316502.9058,362337664.5572,362318313.1210,362295265.6943,13513.6002,13539.4968,13425.5275,4925.8072,12683.3516,11513.5651,13689.9565,5289.8205,8790.2623,4990.2063,8363.8320,11790.2982,9662.8327,4815.4537,3400.5298,12313.3099,12071.1071,9080.6542,9853.6125,9088.9392,9338.4912,7415.4822,4084.6015,4969.6525,13285.7332,11303.5982,12163.7939,8433.0029,5219.5547,4467.6975,6607.2082,10786.4565,10390.3199,7545.1731,5898.2685,6664.0579,9966.3491,12949.6321,7340.6847,8519.8985,13039.5651,6450.1789,5858.1968,1719.7149,1942.3487,8066.7444,7350.7883,10329.1815,9525.7947,6573.4942,9451.1878,7522.8896,11930.3037,13655.7258,0.0000,12819.9342,4857.4706,10031.5971,2880.4659,13327.1895,1606.7092,11548.5694,6280.6528,13319.5356,11817.5883,12098.7617,13792.3735,12062.0043,8302.2494,5229.5645,12293.1175,9524.1042,11885.0918,1701.5358,10321.1032,12259.4035,1976.0022,403335.4116,426259.2507,411406.2638,406026.1730,413507.7975,414630.5064,417912.2875,411469.5634,362321469.2319,362342631.4218,362323279.8521,362300232.3665,3826.6642,3903.3158,12258.3719,6695.0919,9503.4386,1922.5096,12542.8930,9593.4484,11885.8439,10460.8753,6679.3466,10181.4884,13519.1937,13634.2490,7715.0716,4515.1231,8883.7661,10618.9248,9613.4176,11277.4976,10995.6434,13618.7230,11862.6980,5843.4243,9781.3392,4715.0160,11004.0641,13417.6107,12160.4544,12900.0063,8548.4586,7995.4243,12475.8437,12317.4461,11763.5070,10566.1568,5939.1816,12692.2606,11041.8762,3554.5308,12905.9065,12933.8228,13684.0687,13280.8827,12149.6555,11055.1369,10473.4524,11295.0169,12926.7197,8154.6499,12496.7318,4931.6007,4461.7242,0.0000,6875.7717,11729.3342,10836.9398,13028.5364,2507.9969,13165.1608,5738.7675,12948.4368,6005.9350,8249.3809,4932.3024,1728.6804,7256.7536,12173.6661,12271.6844,4567.8719,9853.9453,8044.8749,13292.8819,8049.3554,8449.0280,13614.3544,391768.1952,414618.1036,399847.5526,394373.3258,401888.6593,403097.8670,406267.4344,399835.1995,362313312.9719,362334474.6948,362315123.2076,362292075.7904,711.4467,13609.5971,4133.1874,7159.9182,4490.3524,13491.2379,8666.8416,13282.3496,12509.1617,4708.7655,11606.6366,12502.5338,12824.5605,4329.1982,7667.0119,9507.2091,7851.7095,8684.3897,11016.0919,12924.5659,12682.7022,12271.4652,2842.8458,8407.3202,8166.7490,12420.8945,12327.1659,12402.0488,11160.0491,6288.2921,10771.5882,11786.5111,13488.4560,10556.9753,7770.3465,7240.1087,11979.2223,8936.2905,6934.4192,12671.5616,11300.3717,13649.1421,13721.6426,9977.9544,12958.4271,10272.5183,10714.0263,11933.8553,9250.4139,10555.7528,8166.4339,3329.0005,0.0000,3577.9282,12903.2414,10424.7057,12762.5405,2933.5457,13497.9359,9012.1278,11908.6224,4145.5816,9185.5930,8365.3439,2704.1258,9043.5658,11391.2431,11584.0263,8054.5337,7877.6104,4712.2367,13178.7381,7212.9498,6531.1180,13081.2881,390314.0123,413216.2217,398394.5275,392973.2528,400482.5486,401621.9568,404836.7764,398415.6049,362311007.9155,362332169.6581,362312818.3431,362289770.8320,13587.3346,4663.2983,7562.7420,4840.2477,13600.4054,8142.0590,13131.4940,12640.0562,4084.2013,11936.2206,12556.5044,12799.2895,4487.9499,7476.1339,8996.5317,7792.2396,8141.9105,11413.4624,12992.2031,12689.6184,11927.6262,3397.4766,8897.4716,8160.0716,12673.7510,12399.9899,12072.6098,11174.5653,5786.8533,10887.1470,12064.4557,13604.9720,10177.3221,7727.8614,7767.6799,12242.1235,8611.1036,7141.8651,12900.9028,11193.5210,13623.3056,13676.8948,10006.2333,13027.5987,10728.8016,11117.8100,12124.3027,8771.4412,10616.5954,8016.2444,4009.4871,0.0000,3934.0234,12677.1917,10862.4178,12509.4298,2537.1157,13326.7265,8963.7068,12073.2986,4796.6538,9683.7528,8362.9489,3065.5399,9477.8631,11710.7309,11232.1860,8061.2197,7423.0543,4594.2266,12980.4635,6610.6916,7062.9817,12961.9400,390331.1859,413227.0132,398408.2939,392986.3952,400488.4861,401641.3649,404867.0360,398434.4556,362310815.6691,362331977.4522,362312626.0739,362289578.5859,13188.4253,12749.2955,12147.1716,2891.8673,10832.8614,2514.3215,4043.2376,12982.0991,6783.6204,8176.1840,7413.9056,13713.0168,9951.6580,9504.2435,12637.1493,11087.8088,9031.5207,2815.5848,7842.2405,6565.5086,13700.0031,11739.6762,9426.7242,5278.5901,8437.4803,6583.9399,10160.9384,12811.4163,6526.1555,8572.6449,2726.6749,10054.3162,12698.3696,11065.7500,8527.8416,11736.9481,10584.2869,7078.2138,9888.1913,4946.8669,3295.6438,11287.4796,2753.0241,9718.2677,9633.3639,8666.8398,9233.7118,10739.5648,9537.1029,13154.6897,0.0000,13742.5168,3922.1782,9764.0186,6764.1113,12870.7192,4433.0594,8593.8908,8621.0131,13262.8466,9897.3628,9282.0248,12884.5373,9498.7767,9170.9049,8674.6941,9575.0856,12106.4413,13641.0250,5895.8207,11651.4423,12756.6415,6697.0547,403833.0039,426707.3178,411910.6225,406465.2337,413971.0673,415151.3649,418352.7928,411920.7858,362323685.3603,362344847.4037,362325495.7761,362302448.3553,3277.8471,6200.6667,12215.9142,10165.7438,13530.6643,12103.2745,7197.2420,10125.2312,10322.9461,11115.6519,2845.4027,10216.9669,11643.3007,6253.2182,10293.9553,8029.7297,12624.2986,10760.3451,12981.4732,1434.0348,4631.9298,10067.5233,11072.4906,10033.0762,12919.5335,8969.5934,7654.9946,11249.6298,8855.4914,12348.6610,10830.1328,6088.4726,6292.2214,9078.2306,8807.6041,8396.0069,10153.8650,9782.2796,12312.5938,12767.0632,7689.5200,12628.1156,7255.3518,7504.3224,9177.9179,11538.3647,8108.9689,10501.9565,2919.5563,0.0000,1694.8111,13409.9197,7271.3126,12539.4966,6733.4974,13122.4711,10791.8205,9243.9362,1546.6284,7303.5446,10203.0712,5223.9023,8113.7880,8274.9624,11812.6770,9956.4964,8719.0817,4481.7909,12708.2414,9459.9509,2514.6962,11975.8254,391767.8121,414731.8285,399862.8705,394481.8316,402016.5250,403049.9255,406250.1476,399885.9753,362312508.4237,362333670.0627,362314319.1012,362291271.4317,8902.0111,11263.3340,10822.5589,13441.8859,12204.8766,8958.5350,9867.6729,8134.6009,9252.0311,4079.4045,12320.8846,12758.5606,5158.6380,11018.2885,6320.1009,12614.7289,8739.9518,12949.2235,4616.2757,2729.8816,12039.3237,10610.0256,7766.5719,12723.6711,6742.0889,8611.6903,12237.7985,6553.9849,11573.7996,10462.9971,4968.6048,7761.2772,6740.5754,8387.9255,10581.3022,8171.7856,8048.1138,10845.2412,11674.8164,5507.7903,12590.8886,5919.4602,5533.1323,6731.1942,12844.2346,5731.4504,12505.2517,5898.3603,0.0000,3991.5461,13408.6469,5617.3184,11747.0786,9512.5863,12324.4207,12544.9498,6823.7327,4324.2396,7606.6984,12129.3602,8228.0160,9019.1149,5923.4179,11354.2695,11962.6235,9082.0130,5471.6180,11759.6350,10743.3749,1919.5285,10539.5072,393791.0132,416796.4872,401890.6482,396546.5612,404086.0325,405054.0502,408269.2231,401929.3123,362313953.5044,362335115.1649,362315764.3657,362292716.6070,12061.3341,10873.8013,12167.0363,9878.8452,8064.6147,9026.6582,13338.6290,13629.7958,7892.3618,5518.9873,10268.0672,10939.8818,10936.1950,10174.5580,10612.1564,13544.8790,12689.9881,5625.8607,8741.8174,4930.5449,10077.5306,13200.3701,12939.3970,12899.4329,9716.1880,7493.7654,11720.5498,11802.1415,12669.9836,10859.1454,4176.0319,11973.3630,11847.9525,2810.2391,12204.4310,13201.9690,13625.2331,13253.3898,12183.6180,10666.5880,9224.3723,10233.9970,12420.6488,9528.2331,12423.3030,5716.0602,3566.7414,0.0000,6841.8154,12236.5782,9669.2701,13590.3055,4248.6416,13492.2848,6012.8311,12510.9457,5159.2310,6677.1394,5102.8910,1850.2621,5710.5740,11336.1785,13102.4113,4743.9204,10938.4350,8602.7577,13702.5079,9533.5302,7554.0001,13830.2799,392136.8243,415002.3013,400225.0090,394751.6329,402285.9143,403460.7411,406600.8296,400198.6914,362314212.5778,362335374.2012,362316022.8734,362292975.3973,11897.8010,5240.3650,4175.1146,13498.0634,5112.8570,6760.4321,6512.3982,13039.0997,11189.3540,11280.7166,11963.0145,12182.2382,6613.6563,3670.9225,6708.5331,8451.0375,12993.6450,9864.4936,10341.0920,3551.4600,6932.7819,8304.7503,9041.5221,13204.2300,7144.9189,6192.4873,811.7918,10759.1803,11988.5091,10092.6247,6161.3149,11862.2655,10812.6683,4540.0001,9313.3466,4344.6065,3464.8035,10208.0828,3569.1839,7479.6412,7282.0584,6626.0578,11065.6348,9490.5453,10796.7204,12462.8010,0.0000,13005.7224,6406.3312,7467.7299,7729.2338,13349.4572,5670.7779,9757.8162,6699.8923,12281.5420,8345.9655,10211.1756,12813.1555,8486.4155,6800.7686,9652.5811,10438.0806,12567.3303,13270.3303,6725.5568,12705.5835,11271.7333,6601.0922,403656.0409,426572.4395,411745.6664,406323.4046,413851.5281,414957.7973,418139.4374,411751.4481,362323860.7774,362345022.6941,362325671.3559,362302623.8154,9315.0329,12408.3415,4523.4901,13469.5314,9909.3450,9160.0840,8462.8238,9011.8867,3752.9712,7194.7855,316.6497,13025.0195,11894.3377,9458.6863,5625.2239,9809.2145,12231.8816,10474.3022,13142.6116,10022.3449,5683.7646,8759.6788,3625.2037,11945.8835,12084.2107,12146.2173,3312.5669,7351.6105,12804.2621,12044.6779,4182.5209,11372.1055,12202.1977,7364.1720,9896.0162,9951.2289,8476.7010,11907.1983,13215.2724,12834.9831,11143.2605,4765.2452,9023.4605,9428.6375,10900.3267,0.0000,9234.4643,8063.8937,13057.6276,6451.1700,7862.0516,8269.8661,10340.3295,10818.1088,11040.9895,13460.1892,10571.7058,9984.3714,13244.6560,12299.0701,4280.1698,10562.7986,2752.4893,7034.7071,7468.9538,2107.5265,11521.0340,8218.7618,395700.8786,418576.0522,403750.6793,398358.1935,405798.2055,407012.6215,410351.1258,403838.0552,362313395.9149,362334558.1668,362315206.3044,362292158.9556,5594.0511,11954.5827,8651.8029,9026.2699,7965.5185,13670.9757,9028.7088,7531.5151,12524.3856,9536.9447,10765.9956,4362.6663,8516.4319,4581.4385,13817.5026,12878.9026,9017.1858,7360.2121,9325.5759,4779.6520,10568.9251,11813.7089,7039.7827,10160.2636,5151.3394,8872.6742,12616.1957,11947.2729,10102.1727,10960.0026,10638.1897,8882.3983,9858.0520,5799.5955,4194.9980,11581.2929,4356.5749,11352.3230,11247.5665,9951.5694,7311.3736,11213.5134,8694.0371,13432.9395,0.0000,13811.7982,1557.6089,11385.4617,5755.5176,12139.6638,3772.9780,8075.9121,9810.3693,13700.5730,11283.8433,8893.4463,12724.6313,10658.0456,10737.0855,7368.6480,9198.4735,11039.9602,13303.2492,5221.8834,10171.3167,13540.2370,6715.7743,403160.7713,426008.5753,411226.9851,405774.3791,413257.1725,414488.4693,417720.8969,411250.4156,362322460.2339,362343622.3928,362324270.5466,362301223.2115,13241.3941,3880.0432,10135.2301,9918.2493,13397.4327,8530.3388,10794.3890,13509.5353,12632.4326,8015.2748,1337.2812,10112.3135,9456.5068,12584.7900,10670.2442,7207.0829,2886.9880,10239.7864,9612.0340,11832.0186,13639.9676,3310.3682,8835.6554,3428.4474,12377.4625,13513.2582,8227.1751,8946.1413,13385.7385,7894.5446,7668.4294,12012.9936,7975.4496,6734.6730,12551.7991,1369.5331,8206.8352,8794.4957,9666.4384,10138.6082,12061.8729,7964.2823,11352.8675,0.0000,13019.8686,6888.1603,8554.3276,10003.7292,11809.6151,8077.0677,6558.8676,9788.9289,11712.4253,7113.4245,7025.7639,11083.0118,6245.2275,9116.1981,11412.2463,7304.0300,13467.7977,13743.1760,9300.6684,12593.1555,11609.1741,9750.6744,402011.5125,424874.0500,410100.3785,404622.9420,412158.6166,413335.8138,416468.7902,410070.3958,362323424.0905,362344585.9107,362325234.4433,362302186.9927,13375.2753,11584.3607,11418.6560,5483.3756,8133.4445,6335.0322,6571.8197,4449.9007,12680.8098,13178.4357,11463.5043,9440.4905,6353.3832,10703.2804,9499.2025,13622.7955,11529.6078,9556.4352,9965.3810,2243.5394,11976.1540,12478.2030,13637.2006,6987.2817,6620.6785,10734.0232,12550.2626,5700.6545,9530.1666,13094.1020,9311.8273,12418.8469,12546.3172,8956.0705,13205.5260,12415.6585,12364.8080,11963.3556,6622.5792,9703.4725,8730.8172,7630.5613,0.0000,5975.8692,11067.4774,12371.9893,10113.3160,4452.3183,11527.0652,9886.8794,11759.2573,7960.5408,12098.3177,9673.8882,6641.3798,11908.9405,12371.4076,8275.2137,9494.4805,3918.1297,4186.3492,10887.8461,2973.8876,9260.4836,11138.4079,391811.3335,414698.0243,399871.9988,394470.9350,401935.0337,403121.6552,406419.0964,399937.4382,362310710.2200,362331872.2514,362312520.6142,362289473.2013,9488.0297,9899.5287,11964.7353,9957.9041,12736.7399,12507.3291,13711.3381,4940.4148,4942.0220,9807.4110,11684.7952,10905.3498,7764.7875,8370.2524,1705.7060,9428.3445,11696.4606,10973.4944,13731.0820,5229.2768,6711.0564,4703.5750,13246.9566,12453.4756,5939.2425,6936.2112,13442.7930,7771.4491,6073.5797,11758.6047,8723.1495,8179.6843,11441.5693,4919.4798,4841.2837,5800.5604,8120.0124,12179.4929,10896.8011,9520.4447,9571.0860,0.0000,11400.7125,9738.6220,5339.7347,11484.8776,11783.9873,9959.8447,8253.7627,8401.1451,9590.6145,3878.2943,8252.5075,10217.1804,3931.0713,6687.0047,12692.8999,8367.2076,13775.9234,12769.4183,10778.8517,13528.1521,9029.7942,10478.7240,400422.9513,423335.9667,408526.5721,403076.7303,410640.3949,411726.8201,414833.6325,408490.0526,362322400.1883,362343561.8198,362324210.7278,362301163.1276,1606.3854,9996.7700,13671.5750,11508.8889,7176.1610,10221.4307,6708.1714,9743.2876,893.1463,8672.4764,11288.1724,8045.2053,13534.8228,8838.3646,443.9942,8140.0836,2796.3175,10302.0184,12007.1790,4153.4353,7503.3314,7494.5882,7227.4909,11917.9304,3868.5905,7612.7069,13485.8251,4129.8247,3585.3696,3818.8183,5419.8989,4463.0814,9669.3383,7818.1450,6483.5700,2444.3037,11920.5193,3542.3899,13632.3506,12089.8775,0.0000,10579.1377,9035.3573,7248.2069,6088.6874,13349.7969,6280.4665,13303.4601,2004.8859,11193.6214,10507.0800,13515.8955,13183.2059,11539.3915,4825.4586,7185.2700,13591.7083,9257.6305,9969.7761,5563.6156,11230.4618,9287.6858,3568.6358,401240.5691,424233.5823,409326.0932,403994.0727,411500.7259,412506.4706,415779.7219,409395.8608,362319588.5362,362340750.5460,362321399.4169,362298351.7460,10610.0025,13314.5134,10586.9066,7655.9228,9474.5849,7832.5315,9332.1549,735.3792,7337.7186,11940.8415,9273.2249,13328.8874,9048.5731,2031.7886,6766.6243,3529.9250,10094.9082,11822.2428,5448.2254,7258.3891,6581.0345,7745.4111,12532.7799,5179.4089,7304.5960,13589.9151,5023.9774,3408.4534,2774.5439,4402.8532,5230.0095,9260.4404,8915.2637,7721.4876,3916.4631,11062.1479,4497.3059,13270.4395,12713.0379,0.0000,11246.1239,7840.8333,8418.8141,4607.1127,13347.6222,4871.3951,12982.9087,3505.3408,11979.7498,11253.4753,13302.0712,13484.9421,12041.7190,6166.1962,5968.5035,13410.0150,8868.0226,10353.8156,4037.6878,10658.3441,10354.9190,1982.5232,401871.0777,424845.2237,409950.1180,404609.4683,412103.2774,413144.5450,416432.4797,410025.0647,362319900.2934,362341062.3895,362321711.1054,362298663.4942,10832.2490,10693.1756,4169.4227,8563.8361,9613.2968,13664.0973,10300.6085,12165.3265,2754.6376,6414.5711,11206.7872,12610.4245,9739.8382,12054.1260,8042.8783,5426.7826,12678.6241,9670.4602,13284.8582,9101.3451,4024.2249,8793.8809,9806.8045,6648.8881,10045.0040,10951.2399,8497.1425,12206.8819,12825.1029,6495.2925,13664.4177,9167.4211,9001.6900,9438.5593,10865.5843,7223.7878,11235.9334,5161.7966,0.0000,1378.7205,13244.1814,9012.9996,11608.5836,6778.2091,12724.4460,11811.1570,9367.6356,4283.1972,9709.2405,11357.6685,6505.3321,10410.5789,9248.5529,10419.7360,11132.5014,6521.3546,1780.5432,12009.0406,7880.5617,4620.3042,11300.4071,391415.0464,414382.5053,399499.6825,394141.2090,401650.1399,402693.9449,405949.2948,399554.3005,362311068.8530,362332230.6354,362312879.5481,362289831.9096,6615.5027,12473.4910,9031.6186,12422.9862,8733.2636,13528.7601,9538.4485,9640.2960,12263.5876,2150.2685,10203.3732,13712.7194,10024.6263,13686.0769,9728.5671,5824.2515,13280.6168,10827.2612,11247.8256,12487.8553,8171.6905,13433.5316,11712.9602,4136.3033,13083.7693,13285.0312,12589.8650,11681.8563,13463.7151,8816.8209,11970.5905,12695.9757,13597.5058,5480.5843,13646.3827,733.4132,8464.3756,0.0000,10354.4365,8861.4085,12335.0660,11545.3964,5273.4558,11249.5995,2361.9968,13562.5780,9756.0232,9736.8324,2294.2840,6144.2328,8209.1604,13259.3125,11140.0048,2243.3939,10457.3082,10688.8532,11762.6908,7799.5992,11548.0613,12724.7770,395007.0365,417803.4706,403073.8006,397566.5812,405060.5337,406356.3290,409535.6485,403059.0411,362316134.8735,362337296.7732,362317944.9323,362294897.6562,10241.8000,3730.4878,13690.6383,10210.9053,11010.8232,4745.1168,11195.3627,13563.1756,8281.8059,12296.7159,11681.9395,5235.5545,11145.4749,6642.5747,9900.0650,13181.5901,11304.9972,6091.3056,10366.4736,12458.2523,13176.1279,7675.7203,9927.5703,12894.3403,9880.3083,10324.4612,9730.1187,11163.7948,10250.3770,13804.6302,13750.1828,12589.2004,1240.0762,11486.5853,6938.5871,11490.8397,0.0000,11063.5131,6286.3862,13817.7979,7143.9217,7657.5464,8017.8750,7878.4446,12331.4444,12082.2173,13254.1872,8344.3916,9877.3359,12494.0220,13446.6786,5901.7889,8423.7576,6353.1434,9605.3127,7919.4960,3703.8868,12988.4500,9329.5581,396852.8007,419672.6680,404899.4377,399453.9461,406895.3149,408187.9949,411489.2304,404957.1800,362315288.9670,362336451.2217,362317099.1460,362294051.9070,7377.5260,9539.1389,13427.5752,7350.2086,10340.4494,6679.3460,7396.5050,12995.0843,12652.2565,6964.9654,10022.4857,4651.1128,5042.1531,13664.1285,8407.4155,12427.6802,6351.0625,213.8442,11262.3437,8395.7562,3662.8101,12441.6126,9553.6499,4829.6748,9834.7523,10841.3273,3016.4944,13403.3679,9693.8265,8878.1440,7414.6838,10798.6504,4011.0923,12804.5896,8720.4045,0.0000,5398.9721,11930.7173,9275.5928,8948.9806,9477.8318,10510.1335,13255.6536,7168.5358,7727.2281,11351.8599,13100.3681,9823.2538,12240.6693,8283.8469,7756.2081,12985.8815,4838.7761,3562.1345,9410.6905,7698.2697,6729.6298,8377.7054,394323.8314,417312.2133,402401.1757,397079.3812,404567.7102,405590.5049,408900.0302,402490.2214,362312549.2146,362333711.1815,362314360.0274,362291312.3796,13296.6155,12123.5373,9772.3588,5829.2228,9897.2992,12455.8289,10542.2548,13397.9079,10332.3830,5908.1691,9046.2476,3614.6560,12108.0611,12380.1163,12421.3280,3566.0754,7533.1305,12958.5754,12343.3654,4369.4206,11454.8459,12506.9131,7650.9947,10205.4641,10245.9314,8733.5234,12138.2940,13468.5684,13104.3866,11446.6493,4751.2879,9297.3622,9465.3252,10993.6358,0.0000,9331.9320,8273.2772,13317.6907,6729.9281,7826.8792,8546.7480,10419.0133,11122.8596,11162.1552,13665.9720,10643.8241,10021.6236,13426.1104,12586.5597,4541.8110,10629.9497,2833.8350,7109.8033,7756.2181,1941.4035,11702.2239,8526.7334,395491.8709,418363.7661,403540.5254,398146.7318,405584.5873,406804.7301,410145.6510,403628.7624,362313158.6716,362334320.9303,362314969.0479,362291921.7079,8567.2284,7393.7812,12344.9221,9270.2578,4024.2102,11350.2989,5483.2002,6446.2449,12118.3689,7714.5272,12450.8949,9377.8025,2743.2719,6848.1463,12088.2105,9446.5012,7005.7404,3079.7947,11473.9474,10257.0922,3536.7655,9141.5449,8027.0554,8514.6223,7995.0328,8512.4895,1385.0468,946.1850,4499.3269,13518.6138,7349.1997,12236.5447,8887.7265,0.0000,9297.9378,11438.1518,1001.3737,11049.8015,12266.4305,10290.8890,11467.1301,4912.7271,8030.8443,4774.2359,11316.7846,10640.1285,6483.4392,2224.4216,11984.2047,11319.2344,12380.2694,10628.4531,10432.0823,13356.8338,6069.0092,9231.7310,399185.4861,422172.8267,407294.2345,401914.5873,409478.8400,410457.1890,413608.8743,407294.8271,362320206.5803,362341368.2011,362322017.4088,362298969.6559,9611.6093,8458.8154,13086.2951,11257.8978,7687.2548,3674.3946,9902.1126,8611.1791,11535.3362,13439.8208,4082.3502,8987.0413,2964.6294,11715.8343,13451.9288,9259.7543,9049.1687,12989.5538,8678.6215,7677.0364,11541.6707,7185.9449,5777.9679,12382.3139,106.9176,8920.2540,9303.8777,9590.6333,9630.0920,11882.4575,8191.1832,12049.0899,0.0000,13411.6889,5743.4740,9177.9797,9057.3472,12111.1298,6999.0763,6904.5050,9658.2662,12372.1009,8184.4671,7508.9284,11685.0922,7406.9542,9377.6218,10599.3983,7813.6319,13108.8486,13853.1160,8324.9990,12251.1364,12198.6012,8952.7019,402712.6334,425571.8884,410796.8410,405324.0436,412848.7232,414037.9885,417191.4666,410777.7887,362323659.4186,362344821.3194,362325469.7641,362302422.3398,7958.7893,11646.2070,8749.5189,13488.7191,9048.9538,1313.7942,7400.4593,3039.9928,10133.0504,11994.6966,4919.6589,7458.0353,6920.5033,7425.2364,12321.4514,4642.0893,7345.2132,13608.0796,4682.1469,3303.6579,3285.8197,4925.1305,4769.3364,9538.9063,8487.4138,7222.5599,3289.6873,11469.5768,3955.2275,13492.5211,12458.2281,0.0000,10929.4814,8438.2452,7953.7794,5272.9341,13363.4192,5554.4940,13197.8099,2859.9386,11643.6682,10993.3659,13466.9938,13378.8489,11896.2998,5614.7377,6473.4588,13558.7242,8973.6088,10132.2108,4746.8480,10889.9913,9887.9592,2704.9723,401557.7511,424541.5417,409639.4729,404304.3945,411803.2452,412827.2269,416110.7817,409713.5342,362319684.1657,362340846.2269,362321495.0134,362298447.3739,13051.5033,13327.9920,10423.0020,10703.6004,8985.5699,688.5958,9175.3649,8802.2801,10096.9784,11156.7338,8678.0852,5031.0172,10490.5508,13467.2217,11046.6853,7709.4703,11982.7019,10408.1599,7761.4137,6538.0726,5903.1390,9948.8878,8455.3797,12918.7312,12495.1282,10296.2970,5304.4156,9907.0932,9551.5957,13421.1908,0.0000,12696.5446,3099.3867,12785.8553,3093.1607,11151.6603,3674.9538,9723.2445,9984.5566,13571.9767,13294.8651,10396.1913,12591.4681,12907.1953,11697.4344,3445.6234,10590.1060,7640.7259,11249.2937,3680.8148,7051.8516,13506.0551,5602.2869,401063.1758,423920.0774,409115.2616,403698.8081,411146.6212,412383.4872,415693.5803,409183.9715,362318896.3327,362340058.6542,362320706.6824,362297659.3737,6036.5072,9691.3269,11843.3729,11029.1576,13047.3046,9844.0853,7138.7457,11399.1829,10087.0344,13084.6973,10892.2715,6534.7107,6648.1854,10300.5464,8867.5354,8065.9622,11283.9086,10434.7286,13075.9174,13428.3498,8520.4296,13100.3503,8478.2095,8803.5113,10335.6330,11059.3372,9039.5276,10004.0342,2514.7521,0.0000,1411.5345,13597.5135,8544.0496,12892.5641,5634.1181,13578.1665,10487.7083,10367.6901,1955.0863,8089.6887,9852.2010,4320.3602,8590.7713,9554.4873,11956.8631,9573.0057,8447.0802,4147.9959,13163.7417,8840.1830,3932.2955,12618.1330,390814.3218,413761.9497,398905.2495,393513.8897,401041.1404,402103.4896,405309.2241,398928.6423,362311562.7903,362332724.4495,362313373.3964,362290325.7695,11525.8219,8679.1600,7679.2149,13124.1474,7576.7606,10574.5913,10977.4690,5159.4578,10098.1187,11769.3693,7236.3652,6359.8643,5442.8209,10220.9881,9923.7992,6718.3403,9071.8837,10345.7739,11022.6219,6911.8170,11228.0218,3372.2254,3301.6283,6062.8079,13471.7655,6734.0316,12294.1241,6226.4419,0.0000,5966.6024,13162.6147,3148.8089,12155.4315,10433.0348,12166.1593,11980.7205,6325.9191,4860.1746,5465.4747,11573.8553,8633.7202,7222.8070,4360.0455,12282.5457,11444.5229,10939.4329,7811.8325,11910.2122,12192.7719,2251.2585,10679.5269,395347.8681,418349.4132,403455.4126,398093.1659,405652.5263,406613.3155,409784.7053,403469.0931,362316261.2514,362337422.8254,362318072.1068,362295024.3269,8784.6101,13550.9804,10855.2146,13826.5241,10995.4007,4153.9760,12555.8349,9881.6891,12313.3608,12984.8599,6733.5137,12742.2214,12687.5137,2627.7647,12304.0055,13685.6521,12420.8017,11461.7767,13682.9836,7774.6809,10809.5286,11729.4338,13146.6892,7181.4245,13739.8783,1651.2982,8086.8610,0.0000,10552.5926,9213.4033,11267.6239,12142.2600,6309.0836,11480.6706,1183.7965,13182.9954,9371.7954,8193.2879,234.7816,6141.7988,6448.9767,12490.0523,12096.6861,223.0666,11693.1005,11378.2480,12156.0166,9436.1891,11039.4667,12943.3620,395685.9869,418492.0881,403761.8328,398248.5835,405762.9619,407032.3177,410175.4549,403728.3725,362317474.2230,362338636.0192,362319284.3195,362296236.9948,8851.7547,10694.5298,10638.1447,13811.6720,5270.8646,6606.3912,3064.0638,12682.8457,12624.6267,7402.2054,6758.7202,13221.7361,8661.8468,5536.9192,11263.1628,7504.8350,6796.5449,11350.3034,3625.7179,5778.4722,6355.8959,7799.0261,11798.5738,10734.9365,9737.1954,10717.6231,0.0000,12204.4344,8563.0572,6110.9712,10456.4563,12402.0775,8693.3046,8447.5661,8032.1195,10712.4687,5470.7179,8646.1772,11186.1051,5433.5890,6805.7020,11915.8656,8824.1783,13643.1780,13227.0871,9649.6821,13421.0812,10028.4320,9460.5112,401798.7036,424707.2252,409898.1092,404450.6500,412004.4410,413104.4055,416228.5654,409870.5434,362323330.1244,362344491.8436,362325140.6559,362302093.0845,8464.0767,2604.9669,10258.9398,12062.2728,3872.0938,7663.3410,7666.1208,7005.5407,11725.8951,3591.5114,7614.0262,13416.7586,4029.4515,3632.7773,4200.7128,5767.8842,4207.3454,9829.0348,7542.6174,6174.5905,2103.7967,12081.2233,3249.3746,13681.0928,11852.8452,0.0000,10311.7749,9347.7940,6953.1969,6446.5852,13264.4263,6664.0555,13356.4574,1647.5317,10912.6615,10309.1198,13536.2559,13028.3727,11402.7292,4504.6850,7447.9210,13600.7837,9269.3824,9769.6145,5952.5847,11290.7725,8941.1191,3977.3930,400945.1631,423942.4813,409032.1159,403702.1852,411211.6745,412209.3024,415479.4228,409100.8249,362319373.7742,362340535.7616,362321184.6695,362298136.9847,8657.0729,8771.4574,10415.1508,10799.1288,8593.1077,4678.9086,10176.5324,13580.9429,10672.5349,7402.2424,12310.7284,10061.0552,7209.9049,6071.0098,5574.3029,9496.3180,8599.5913,12746.4258,12242.7978,9858.1594,5852.2283,9430.3866,10040.6472,13501.0471,0.0000,12632.3575,3386.9508,12576.3761,2420.0921,11433.3110,3271.8903,10182.4874,9530.1565,13565.4879,13312.9564,10829.4622,12807.7091,13030.9618,11362.4377,2974.4993,11016.0795,7511.4048,11139.9886,3073.5491,7245.4994,13361.6973,4990.3922,401250.4667,424118.1567,409303.6679,403896.6313,411345.3430,412566.2804,415881.1677,409376.7878,362318951.4446,362340113.7679,362320761.8383,362297714.5073,8423.4553,13104.8399,5488.3241,9704.3205,6414.2475,4713.6093,12033.5505,5302.4273,5572.3028,13587.6083,6223.3688,1945.7242,6146.5067,7599.2063,1807.7227,11478.2698,8514.2775,7203.2516,3826.5941,11699.1811,1118.5316,13793.2920,11166.1078,0.0000,8876.7923,10258.7544,7919.7378,6731.0241,12334.0475,7800.4487,13768.8539,3416.7568,10129.0819,11101.6509,13855.1787,12366.2971,12190.6185,5793.7759,6826.1213,13861.5215,7427.8088,7849.6222,6702.3434,10001.6308,8273.7316,4921.0972,398843.3982,421846.3549,406925.3723,401610.9918,409107.9784,410103.6879,413403.2954,407011.5932,362316827.5105,362337989.5269,362318638.4175,362295590.7347,12896.2260,11782.8589,13471.3629,5321.0112,5144.3289,11772.7802,11801.1033,3605.5113,11084.0824,12434.1949,7589.1068,11444.9678,11819.8243,7417.4014,13450.6448,12395.3733,12053.6065,10971.7715,7264.8108,8240.1883,10251.0720,8802.6837,0.0000,6353.1638,10832.3244,12219.9682,8926.0666,6537.5364,10687.1118,11241.0542,10703.9444,8733.9060,12722.2627,11142.8519,8365.3614,12805.7384,11754.2122,6898.1477,11011.6031,1860.5038,3769.1202,9781.2633,3172.2701,9364.5686,9838.6421,392842.6378,415753.7713,400901.9354,395529.9506,402986.9807,404141.1733,407467.8016,400987.9562,362311001.0539,362332163.1537,362312811.5565,362289764.1065,10626.0263,6507.4627,12782.1242,13654.9066,6813.2538,10796.2307,13529.6551,5053.7337,9904.0514,13185.2993,10298.8198,9127.5793,13427.5552,4171.9096,9114.7596,10027.2761,11466.6107,8971.5141,13167.3300,5184.8699,9800.9016,0.0000,12101.1250,7907.1632,9596.8927,11307.9310,9637.0268,9865.3158,3602.0189,11573.0852,10605.7512,6828.6833,3950.8439,8906.6235,5179.5062,10704.2090,12108.9012,4236.8302,13126.6245,13033.0718,10912.2726,11582.9454,11322.3678,11561.0966,399336.5440,422166.5251,407421.5964,401917.0636,409449.4582,410673.7585,413793.7807,407379.1948,362321264.3907,362342426.1638,362323074.6002,362300027.2106,6720.7949,10521.1741,8354.4721,9194.6631,346.2884,10064.2362,11864.4239,1858.4835,6981.5825,6130.5706,7084.1231,6193.5499,8915.1113,3998.6753,2558.4124,1842.3226,13242.3574,5336.9606,13146.4805,10291.7744,0.0000,9746.5964,10649.9889,3375.4769,9299.4542,12994.2942,8775.5587,12522.5188,2291.8609,9300.1801,7252.4811,12525.4841,11906.4296,8726.5069,882.3782,10356.9975,12561.1575,11336.1265,10349.4441,8652.8858,12819.9676,7077.2659,7106.1251,400294.9263,423296.3589,408396.9981,403044.2081,410589.7673,411559.5914,414758.2243,408426.2071,362320241.7782,362341403.5375,362322052.6757,362299004.9259,11202.8428,12448.8099,9823.9229,6721.8488,12318.9093,10397.7028,5128.7393,9963.2853,5080.7774,4051.8446,10799.8529,2860.9566,7601.0432,7572.0122,7277.9490,11003.5600,10114.6954,10394.7717,12405.2723,0.0000,13181.0084,6426.8626,7667.7241,8222.3346,13240.4367,6111.0049,9272.8387,7370.6173,12319.5333,8119.4794,9739.6027,12654.5457,8098.9799,7266.0777,10092.0734,9980.2218,12911.9396,13546.3091,7255.7018,12850.6543,11456.2625,7278.8447,403604.0562,426510.1852,411694.0153,406260.3013,413790.9593,414910.2650,418080.3367,411691.6854,362324067.6903,362345229.5877,362325878.2268,362302830.7026,6546.2968,13659.1948,10396.2755,3019.2584,13070.5325,10562.7284,4661.1011,7751.9809,8235.9786,6589.5896,11699.2365,12596.2115,11850.0317,9213.4987,7102.7604,6975.6677,11518.9012,12169.9961,0.0000,10068.3618,7695.2434,12279.1687,4197.5351,10370.9524,6547.1756,12057.9266,8809.9880,11900.5572,13684.2252,12369.4107,11914.4406,13847.9214,10889.2302,1882.4742,12410.0082,3575.2673,7823.7230,5269.9470,5317.2031,11554.8919,5606.8527,397944.3287,420858.9307,405998.2809,400640.5658,408084.1803,409238.8867,412593.7450,406101.3964,362315024.0936,362336186.3835,362316834.6563,362293787.2284,11149.7237,8349.6772,3866.3760,12388.7583,9531.9017,4966.8334,9918.4669,10924.8389,3046.8048,13427.8083,9581.3179,8774.9241,7395.4947,10904.8203,4030.8825,12817.6766,8587.7719,0.0000,5246.9159,12042.1471,9164.4735,9105.3894,9452.4863,10632.9517,13260.7382,7160.8448,7569.5189,11242.9013,13091.0015,9740.9254,12152.0163,8209.6107,7938.5386,12972.2134,5001.1881,3493.1421,9550.5747,7814.2213,6548.5135,8501.8476,394223.8014,417213.7202,402302.0458,396980.2417,404470.4966,405489.9783,408796.5253,402389.6495,362312516.7640,362333678.7179,362314327.5814,362291279.9276,9504.1534,12856.5156,4476.1424,9690.1238,12842.1031,12377.4324,12123.2965,11582.1940,9287.6970,5850.8283,7220.6165,10398.8494,11801.0718,11511.2807,8043.7947,4491.4547,0.0000,7706.1768,12452.8293,6463.9258,13694.8682,7955.6824,13110.8353,7472.4385,10630.3971,5070.8474,2711.6694,6771.8053,5389.5184,2337.6964,8701.1330,13845.2848,6582.2501,12607.8730,9969.9356,13467.1396,12029.5174,6112.0479,13171.4989,394503.2481,417410.4424,402606.9345,397150.8360,404716.1626,405809.9932,408911.1838,402565.9236,362317077.5305,362338239.0290,362318888.0036,362295840.4006,9985.1134,12104.2218,1760.1826,6787.7437,5907.9350,6920.8889,6091.8751,8975.1085,4343.6792,2901.4760,1571.0977,13263.1004,5203.5164,13301.2604,10553.8690,0.0000,9925.7963,10575.8347,3721.5470,9117.2822,13165.3441,8607.7382,12686.2326,2024.8529,9559.9152,7575.0096,12710.7154,12139.9533,9020.7006,1185.1129,10208.9687,12752.3430,11301.2364,10438.2708,8459.0345,12834.9734,7332.2064,6869.0624,400509.9063,423512.6256,408611.1978,403261.1917,410804.6364,411773.8607,414977.5848,408643.4882,362320331.3211,362341493.0979,362322142.2261,362299094.4773,12871.7604,10633.4962,4355.9031,9133.8300,9902.9569,4919.1063,12972.9477,11802.5663,11030.2524,8808.2990,8533.8679,5681.3266,12075.3148,10602.5635,0.0000,7812.7014,9989.4626,11443.3257,6667.0429,9493.6188,8770.4784,12708.3993,8442.7008,10091.8018,13063.7758,12782.6252,10785.1061,13500.8153,10217.6667,4772.8426,12733.7153,2111.3002,5279.1821,7504.4927,5401.4117,9669.7041,7129.6228,395606.4900,418552.3596,403667.6978,398330.0718,405786.3070,406888.7746,410237.5894,403772.2182,362312977.3503,362334139.5222,362314788.0154,362291740.5015,11927.8174,13777.2678,13013.5701,12310.4145,13226.0992,8749.7889,9448.8731,10562.2944,12674.2187,8975.1614,13299.8812,3982.9443,6049.1786,0.0000,9140.4975,10924.9335,9975.7110,13209.7771,5858.9637,12652.0865,3684.7081,12776.6636,7418.9867,6469.0284,2729.7863,4478.2811,4795.7809,11620.4564,13106.7367,2422.7320,12009.8524,10591.8688,13180.7672,10230.0341,9287.8298,13578.8001,394292.2419,417128.3036,402378.4105,396878.1272,404412.6004,405627.5365,408748.3053,402336.9758,362316606.8960,362337768.5534,362318417.0950,362295369.6784,7364.8973,4894.7023,5659.7350,7274.8430,7593.5112,4865.6795,3817.4245,2646.9960,12913.7654,6375.7025,12870.3366,11279.6131,0.0000,11023.9309,9536.1873,4436.4373,8622.4235,13509.1984,7654.5080,12105.2971,2944.7028,10498.7861,7616.0040,12242.3451,12569.5890,8799.3732,2627.2761,10068.1597,12336.4149,11847.3076,11476.8791,7794.3068,13054.8002,8565.6771,6428.8574,401827.7130,424812.1111,409927.3340,404560.3538,412102.3472,413100.0129,416295.2560,409951.8496,362321758.2607,362342920.0705,362323569.1005,362300521.3948,5911.2957,7241.0983,2901.5587,11491.0803,9917.7062,8735.1776,5324.7356,10577.4216,2824.8961,13427.3407,11805.4517,0.0000,9449.4265,9297.7989,9392.6576,5272.3802,12108.5862,6838.3404,13535.6972,4875.2753,10967.3835,12130.5251,13716.9737,12598.9946,12955.2948,7378.5063,5070.4553,13744.3789,6269.8645,7905.9747,5502.0167,8873.7747,9513.9601,4012.7381,399063.4480,422045.5912,407136.4067,401816.1251,409294.6214,410331.4731,413656.1819,407233.4036,362316548.8596,362337710.9853,362318359.6901,362295312.0776,1749.0774,7706.2667,7105.6291,9130.7909,8242.3872,5270.4601,10600.7049,6989.0849,12409.8615,13369.2738,0.0000,12634.2916,6038.8455,8794.9319,4423.0297,13713.5587,3160.3659,11876.6318,5038.0454,12901.5114,10947.5368,12348.7040,13813.8172,11411.5938,6941.7122,6568.9837,12530.3510,10301.4778,12009.8370,3326.4512,11301.4708,11562.7043,2494.2142,403533.4394,426476.9501,411612.1862,406238.6652,413736.1469,414821.2742,418082.6077,411667.1238,362322043.3387,362343205.4432,362323854.0349,362300806.4860,9016.1498,5701.0764,9504.4869,8880.7250,6562.2601,9862.8233,8375.9376,11432.6770,13457.1752,0.0000,13139.4156,4682.4638,9296.6766,4590.3971,13453.6460,2463.0732,10797.1931,6392.4775,13198.9663,10781.6270,11366.6005,13609.9974,10944.7755,7846.9043,6848.5100,11590.4650,10770.8415,12618.3347,3457.7213,11229.7014,12163.6097,3662.6782,403899.5214,426816.5720,411976.2329,406577.9297,414074.5770,415199.0317,418445.7427,412018.6464,362322735.4814,362343897.5928,362324546.0721,362301498.5798,12335.9785,8541.0498,7349.8302,4841.9338,11709.7038,1042.2908,13647.8566,10115.9227,0.0000,7427.9210,11196.9428,7973.7781,7842.1480,11440.9276,9095.9096,13769.9899,4536.1314,8987.5071,10957.4976,13740.3804,11448.0993,12084.5140,6253.4454,7433.4969,13695.1369,6688.3878,6332.3542,7992.2912,9458.2763,7201.9039,6439.5561,397049.3036,420056.0426,405131.8938,399820.5409,407318.6025,408308.0210,411608.1326,405218.9154,362315175.8195,362336337.7914,362316986.7270,362293939.0315,8879.6442,9250.4331,9517.0867,9680.1807,11829.1246,8278.3525,12075.0416,0.0000,13417.5800,5744.3716,9131.6234,9019.5812,12163.8551,6950.5522,6997.0800,9585.3128,12383.6653,8185.4285,7597.4783,11732.7360,7433.8221,9311.5679,10578.6221,7900.2210,13109.4154,13855.2282,8276.8823,12279.0890,12185.0713,8889.6707,402768.0214,425628.8067,410852.4210,405380.8819,412905.7583,414092.7645,417246.7783,410833.9092,362323697.3668,362344859.2681,362325507.7187,362302460.2913,1612.6171,5645.4067,13552.8615,8028.2920,11799.7989,7870.0864,0.0000,8670.9746,12007.2776,747.0111,11857.5076,11620.7137,11163.1607,11053.6678,6032.3561,7053.1797,3666.9063,10789.5102,9742.0957,5559.6664,3360.8468,12608.5380,10753.4397,12531.5063,10338.9473,11319.5986,13329.7191,5277.3537,10234.3897,398066.0261,421047.6567,406176.6374,400787.6897,408357.5641,409340.4156,412477.2330,406167.9402,362319488.9892,362340650.5517,362321299.7854,362298252.0329,4182.5707,13638.3737,6735.2016,12561.0076,8634.6355,0.0000,8736.1575,11814.7401,884.4199,11084.7388,12150.7085,10535.5233,11898.2475,4592.3916,7628.3653,5200.6990,11712.9864,10544.7625,6988.0977,1810.2160,11876.9065,11692.1713,11999.9569,10054.3618,10533.9788,13171.4555,5433.6243,9222.2717,398612.5339,421609.8899,406721.1236,401352.5557,408914.9075,409879.6849,413041.5570,406729.0422,362319451.7070,362340613.3294,362321262.5720,362298214.8007,12816.9758,3876.5794,13523.3658,10912.5135,0.0000,9772.7217,10220.2203,5008.5032,8099.4614,13102.7874,7935.8801,13057.4655,471.1657,9883.1096,8732.1095,13128.0116,12394.5671,10065.6685,2436.8433,9086.9449,13169.8125,10294.6516,9848.1179,7528.4929,12114.0525,7674.4347,5751.1858,400444.2524,423449.5519,408540.0203,403202.7227,410732.3515,411706.2328,414939.9766,408589.5669,362319650.1632,362340812.0217,362321461.0814,362298413.3487,11991.3948,5782.1190,11089.3756,0.0000,11083.5497,6231.5475,13632.0390,7816.7564,7169.1338,8351.1533,6750.7162,12597.7849,11820.5793,12697.1178,7240.1442,9298.9733,11775.7073,13476.5817,6843.7211,7331.0199,7197.8126,9929.9102,8457.6291,4350.2305,12892.1268,9872.7956,396753.7775,419563.0150,404802.7999,399341.5468,406790.3666,408094.1954,411373.6275,404846.5403,362315665.3719,362336827.5781,362317475.5055,362294428.2764,13776.3963,10445.5310,0.0000,8039.9050,10939.1318,7424.6557,7644.7847,11959.4419,8674.6085,13776.6112,3555.5498,9308.3284,10651.2959,13780.5677,11830.2980,11840.0389,5473.9192,7574.8026,13757.0835,7457.7924,7189.6081,7642.6403,10072.2184,7347.5082,5930.9077,397941.5667,420951.3457,406026.6119,400714.0174,408217.4423,409199.3231,412490.0972,406108.9236,362316174.3501,362337336.3104,362317985.2754,362294937.5675,8725.2703,0.0000,10735.8040,8636.7642,12185.8010,11556.3585,5895.6566,11098.2793,1656.7027,13502.6591,9995.6954,9493.6556,1742.6732,6522.1859,7888.2177,13141.9481,11308.1575,1795.8190,10907.1386,11149.8036,11704.0317,8330.2078,11697.1536,12681.4871,395576.6759,418371.3008,403644.8671,398133.2659,405630.9912,406926.7869,410097.0651,403624.8231,362316839.9685,362338001.8574,362318650.0235,362295602.7463,0.0000,3867.3215,13428.4490,8152.5503,13577.1222,5349.4662,13833.5179,9005.7208,11018.1531,1700.5110,6462.3544,8239.2506,2853.9045,6633.4356,9737.4550,12944.1733,7933.6878,10074.4158,6411.9106,13709.8982,9795.8561,4490.9822,13330.6421,391256.7779,414181.1139,399352.0109,393928.2233,401469.7950,402556.5766,405718.3462,399347.0793,362312884.3126,362334045.8912,362314694.8283,362291647.2256,0.0000,0.0000,0.0000,0.0000,0.0000,0.0000,0.0000,0.0000,0.0000,0.0000,0.0000,0.0000,0.0000,0.0000,0.0000,0.0000,0.0000,0.0000,0.0000,0.0000,0.0000,0.0000,0.0000,0.0000,0.0000,0.0000,0.0000,0.0000,0.0000,0.0000,0.0000,0.0000,0.0000,0.0000,13499.5010,8615.2181,12303.1994,6286.2177,13195.3872,11253.2767,9761.1881,2991.2867,8830.6343,10707.5273,5495.2229,9489.3322,9249.6421,11259.3943,10455.8253,7562.4537,2972.1325,12627.2037,8461.3883,3932.5194,11967.4098,391076.4068,414037.5480,399165.0632,393792.3768,401311.9867,402359.0344,405588.6922,399204.1358,362311293.9022,362332455.6143,362313104.5660,362290056.9240,11994.6660,4812.9343,11666.8135,3390.3551,8311.3148,10018.0019,13702.2259,12013.6186,9120.8542,12592.2251,11409.9142,11218.1334,6151.5156,9399.0092,9965.5586,12685.9851,4567.0139,9036.2979,13636.3365,6352.4511,402486.9989,425331.3767,410547.2938,405102.0136,412571.2422,413814.9247,417073.1716,410584.7339,362321307.2175,362342469.4413,362323117.5171,362300070.2070,11561.5579,11845.2508,10948.7592,11486.9450,5405.3530,7223.4462,4381.4997,11251.2573,10076.6986,6240.8576,2676.3926,12314.6972,11218.5420,12281.8317,10149.6297,11024.0451,13264.5609,5209.8989,9828.4481,398223.8995,421214.0515,406333.8741,400955.1620,408522.0948,409494.4212,412642.5076,406332.8825,362319388.7104,362340550.2957,362321199.5425,362298151.7779,12337.3307,2553.9611,11571.0646,7723.0433,13340.1831,13080.6362,12118.1779,13387.5627,13174.4977,9932.0091,2495.0602,12278.9153,7454.3335,10790.3998,1206.3924,8242.2033,12635.2126,2739.1691,401765.7063,424673.1369,409825.2002,404448.9384,411906.2933,413065.2576,416386.8783,409908.4281,362319219.1793,362340381.4733,362321029.7328,362297982.3109,12939.5755,7095.0536,13041.4859,6568.9525,10027.3137,6529.3748,2997.4011,9302.6308,12747.5141,11140.9126,6227.7520,8018.1113,6616.0875,12815.7090,6079.3034,8887.0758,13190.2636,391060.3102,413913.7383,399130.9675,393675.9504,401169.5216,402387.4705,405604.1684,399145.5086,362311719.0111,362332880.8474,362313529.2599,362290481.8676,10766.8344,7657.5795,13686.9592,12203.3220,11409.2727,13637.3244,12176.7082,9484.3921,4888.4165,11630.6958,9456.1702,12184.3479,1612.5589,9755.0381,12946.5933,3216.1687,403292.2564,426189.7408,411357.7514,405959.3212,413432.2711,414598.0322,417881.3543,411417.7129,362321441.7751,362342604.0090,362323252.2913,362300204.8718,13077.3785,10190.5558,8616.1240,1018.1077,7156.8360,6883.3161,12538.0695,11671.3770,1398.6090,11767.8795,11886.5483,11547.1425,9476.1885,11654.9861,12469.0729,396749.5369,419549.3342,404822.8922,399307.5435,406816.8722,408098.0287,411247.3608,404792.0167,362318331.8682,362339493.7148,362320141.9483,362297094.6463,10001.1440,9039.9297,13166.9588,12439.5349,10320.7986,2876.8213,8686.4360,13211.1638,9967.7857,9695.7481,7179.0458,11845.1277,7840.2691,5362.8864,400452.5543,423456.2789,408546.3276,403210.9169,410735.9432,411714.9657,414957.2098,408600.3812,362319486.8958,362340648.7816,362321297.8087,362298250.0863,6425.5759,9506.1216,4444.1614,7104.7547,8680.7372,12749.6266,9236.0900,9869.9684,5825.5185,13439.8198,10181.0820,2897.8467,12808.6512,391580.5095,414532.5975,399678.9500,394279.1525,401824.0531,402868.3186,406040.2271,399684.2536,362312924.5131,362334086.0853,362314735.1402,362291687.4780,8169.0555,7750.9636,2084.2834,6778.4218,13658.3853,8095.4959,13220.7286,10901.4022,12639.2944,13091.4418,6211.5796,12107.3153,396758.6678,419689.8742,404867.5060,399428.0315,407001.9383,408055.0451,411152.7626,404828.6813,362319171.3690,362340332.8680,362320981.9535,362297934.2929,6339.5961,6405.0425,12469.4767,12118.7306,400.6217,11811.8596,11533.6661,12112.4810,9569.4970,11130.9310,12909.8446,395901.7099,418707.0875,403977.7561,398463.4229,405978.4124,407248.3116,410389.6797,403943.2188,362317708.0115,362338869.8083,362319518.1066,362296470.7828,7145.4126,11504.9994,12591.8673,5985.0317,9765.2116,7122.2356,13636.4133,8518.1309,7083.5109,13696.3780,391078.9769,413956.2520,399163.8441,393708.5177,401232.6114,402397.9703,405566.6930,399155.2337,362312662.7421,362333824.4073,362314473.0762,362291425.5918,8382.6749,13717.0406,6345.4384,13379.4048,11428.6605,12777.5145,12704.5519,7597.2850,12589.0022,396704.5181,419600.6174,404808.2736,399340.5519,406907.8575,408015.5589,411105.2024,404759.2793,362319346.0873,362340507.6154,362321156.5338,362298108.9529,10844.8233,12479.7498,11434.0487,10059.1245,9343.6804,12914.7697,6363.4307,7822.7787,399582.7631,422588.0938,407687.1384,402334.5455,409885.2294,410845.8510,414036.4536,407712.4865,362319741.9334,362340903.6478,362321552.8405,362298505.0731,12219.1815,5289.8417,9302.9787,3663.6718,6272.9723,12334.1651,4532.7340,399641.6225,422544.2882,407695.2155,402325.2014,409769.6031,410941.5737,414287.1316,407791.2260,362316782.9821,362337945.3028,362318593.5082,362295546.1080,11737.9436,11330.5765,12293.0557,9500.4315,10936.3380,13052.4060,395519.4762,418326.8835,403596.0234,398082.8923,405598.7711,406865.3614,410006.2635,403561.5032,362317364.6799,362338526.4641,362319174.7801,362296127.4502,4921.4368,8389.1952,3482.1265,10063.3884,8455.1384,394413.6602,417330.4919,402470.1872,397109.8194,404559.3891,405708.4067,409053.3396,402567.7072,362312030.5813,362333192.7594,362313841.1229,362290793.6747,11347.2370,6503.4202,6232.0591,10798.7713,391589.4795,414545.0178,399665.7943,394309.7809,401800.5524,402872.1120,406157.3308,399735.3442,362310642.1597,362331804.0483,362312452.8148,362289405.2267,9154.6277,12591.3634,2118.6333,402570.0610,425482.7806,410633.7558,405255.1790,412721.5763,413868.3862,417174.6274,410709.1155,362320271.2281,362341433.4883,362322081.8043,362299034.3612,11171.4627,9882.2376,394025.1721,416885.4694,402076.0851,396665.3989,404110.4868,405344.1964,408663.5859,402150.1073,362312296.6182,362333458.8002,362314106.9341,362291059.6039,11550.4624,393306.4443,416296.7182,401409.9455,396042.4755,403593.7218,404577.0813,407758.8485,401427.3081,362314217.7534,362335379.3316,362316028.5468,362292980.8002,402328.1515,425275.0513,410399.0259,405043.9654,412522.2851,413612.4787,416915.3610,410477.9841,362320059.0641,362341221.2562,362321869.7733,362298822.2422,23923.6849,8297.9240,6949.0967,13120.6510,11653.7854,16437.3510,8994.3662,361952902.5271,361974055.7680,361954710.3179,361931661.7943,16016.3544,20287.2792,13040.2973,15250.9200,14434.4495,15632.4954,361932519.3880,361953672.2610,361934326.5536,361911278.2511,8053.9870,7252.3137,5268.1903,11549.5420,4660.7355,361944977.3552,361966130.5258,361946785.0218,361923736.5429,8536.0127,12720.7104,15726.5476,6703.7136,361951497.8575,361972651.0895,361953305.2095,361930256.9108,11162.5514,14790.6096,7723.1947,361943309.0337,361964462.3409,361945116.2324,361922068.0342,8536.0127,7162.1617,361942216.9990,361963369.9545,361944024.9024,361920976.2407,9220.6887,361942477.6331,361963630.1055,361944285.4285,361921236.6878,361946801.2298,361967954.1915,361948608.7751,361925560.3007,30842.6031,24155.1861,24335.1813,41273.1433,47735.1455,27601.2646,
